2026-09-07 14:47:09.478,1788792429.479,1928,19,236,4413.92,4414.00,8.0,PASS_<=10c,+31.0,UP,+82.0,+819.0,4.2,+12.77,3.04,SLOW,4405.73,4412.15,4405.26,4411.99,0.00,0.00,0.0,BULLISH,689.0,4413.10,4413.92,4413.02,4413.92,9,ACTIVE_9s,90.0,82.0,0.0,8.0,0.0,8.9,0.0,PASS_<20%,4413.25,67.0,NO,STANDBY_VEL_LOW,0,0.00,4590.00,74.26,FALSE,OPENING_SHIELD_ACTIVE_9s
2026-09-07 14:47:09.978,1788792429.979,1929,20,237,4413.96,4414.04,8.0,PASS_<=10c,+4.0,UP,+86.0,+823.0,4.2,+11.72,2.79,SLOW,4405.73,4412.15,4405.26,4411.99,0.00,0.00,0.0,BULLISH,689.0,4413.10,4413.96,4413.02,4413.96,9,ACTIVE_9s,94.0,86.0,0.0,8.0,0.0,8.5,0.0,PASS_<20%,4413.25,71.0,NO,STANDBY_VEL_LOW,0,0.00,4590.00,74.26,FALSE,OPENING_SHIELD_ACTIVE_9s
2026-09-07 14:47:10.479,1788792430.480,1930,21,238,4413.96,4414.04,8.0,PASS_<=10c,+0.0,FLAT,+86.0,+823.0,4.2,+14.24,3.39,SLOW,4405.73,4412.15,4405.26,4411.99,0.00,0.00,0.0,BULLISH,689.0,4413.10,4413.97,4413.02,4413.96,10,ACTIVE_10s,95.0,86.0,1.0,8.0,1.1,8.4,1.1,PASS_<20%,4413.25,71.0,NO,STANDBY_VEL_LOW,0,0.00,4590.00,74.26,FALSE,OPENING_SHIELD_ACTIVE_10s
2026-09-07 14:47:10.981,1788792430.982,1931,22,239,4414.09,4414.17,8.0,PASS_<=10c,+13.0,UP,+99.0,+836.0,4.2,+17.20,4.10,SLOW,4405.73,4412.15,4405.26,4411.99,0.00,0.00,0.0,BULLISH,689.0,4413.10,4414.09,4413.02,4414.09,10,ACTIVE_10s,107.0,99.0,0.0,8.0,0.0,7.5,0.0,PASS_<20%,4413.25,84.0,NO,STANDBY_VEL_LOW,0,0.00,4590.00,74.26,FALSE,OPENING_SHIELD_ACTIVE_10s
2026-09-07 14:47:11.483,1788792431.483,1932,23,240,4414.26,4414.34,8.0,PASS_<=10c,+17.0,UP,+116.0,+853.0,4.2,+20.56,4.90,SLOW,4405.73,4412.15,4405.26,4411.99,0.00,0.00,0.0,BULLISH,689.0,4413.10,4414.26,4413.02,4414.26,11,ACTIVE_11s,124.0,116.0,0.0,8.0,0.0,6.5,0.0,PASS_<20%,4413.25,101.0,NO,STANDBY_VEL_LOW,0,0.00,4590.00,74.26,FALSE,OPENING_SHIELD_ACTIVE_11s
2026-09-07 14:47:11.985,1788792431.986,1933,24,241,4414.32,4414.40,8.0,PASS_<=10c,+6.0,UP,+122.0,+859.0,4.2,+19.31,4.60,SLOW,4405.73,4412.15,4405.26,4411.99,0.00,0.00,0.0,BULLISH,689.0,4413.10,4414.32,4413.02,4414.32,11,ACTIVE_11s,130.0,122.0,0.0,8.0,0.0,6.2,0.0,PASS_<20%,4413.25,107.0,NO,STANDBY_VEL_LOW,0,0.00,4590.00,74.26,FALSE,OPENING_SHIELD_ACTIVE_11s
2026-09-07 14:47:12.485,1788792432.486,1934,25,242,4414.31,4414.39,8.0,PASS_<=10c,-1.0,DOWN,+121.0,+858.0,4.2,+18.89,4.50,SLOW,4405.73,4412.15,4405.26,4411.99,0.00,0.00,0.0,BULLISH,689.0,4413.10,4414.32,4413.02,4414.31,12,ACTIVE_12s,130.0,121.0,1.0,8.0,0.8,6.2,0.8,PASS_<20%,4413.25,106.0,NO,STANDBY_VEL_LOW,0,0.00,4590.00,74.26,FALSE,OPENING_SHIELD_ACTIVE_12s
2026-09-07 14:47:12.987,1788792432.987,1935,26,243,4414.35,4414.43,8.0,PASS_<=10c,+4.0,UP,+125.0,+862.0,4.2,+19.52,4.65,SLOW,4405.73,4412.15,4405.26,4411.99,0.00,0.00,0.0,BULLISH,689.0,4413.10,4414.36,4413.02,4414.35,12,ACTIVE_12s,134.0,125.0,1.0,8.0,0.7,6.0,0.7,PASS_<20%,4413.25,110.0,NO,STANDBY_VEL_LOW,0,0.00,4590.00,74.26,FALSE,OPENING_SHIELD_ACTIVE_12s
2026-09-07 14:47:13.488,1788792433.489,1936,27,244,4414.65,4414.73,8.0,PASS_<=10c,+30.0,UP,+155.0,+892.0,4.2,+25.83,6.15,SLOW,4405.73,4412.15,4405.26,4411.99,0.00,0.00,0.0,BULLISH,689.0,4413.10,4414.65,4413.02,4414.65,13,ACTIVE_13s,163.0,155.0,0.0,8.0,0.0,4.9,0.0,PASS_<20%,4413.25,140.0,NO,STANDBY_VEL_LOW,0,0.00,4590.00,74.26,FALSE,OPENING_SHIELD_ACTIVE_13s
2026-09-07 14:47:13.988,1788792433.989,1937,28,245,4414.73,4414.81,8.0,PASS_<=10c,+8.0,UP,+163.0,+900.0,4.2,+22.47,5.35,SLOW,4405.73,4412.15,4405.26,4411.99,0.00,0.00,0.0,BULLISH,689.0,4413.10,4414.73,4413.02,4414.73,13,ACTIVE_13s,171.0,163.0,0.0,8.0,0.0,4.7,0.0,PASS_<20%,4413.25,148.0,NO,STANDBY_VEL_LOW,0,0.00,4590.00,74.26,FALSE,OPENING_SHIELD_ACTIVE_13s
2026-09-07 14:47:14.490,1788792434.490,1938,29,246,4415.13,4415.21,8.0,PASS_<=10c,+40.0,UP,+203.0,+940.0,4.2,+24.57,5.85,SLOW,4405.73,4412.15,4405.26,4411.99,0.00,0.00,0.0,BULLISH,689.0,4413.10,4415.13,4413.02,4415.13,14,ACTIVE_14s,211.0,203.0,0.0,8.0,0.0,3.8,0.0,PASS_<20%,4413.25,188.0,NO,STANDBY_VEL_LOW,0,0.00,4590.00,74.26,FALSE,OPENING_SHIELD_ACTIVE_14s
2026-09-07 14:47:14.992,1788792434.993,1939,30,247,4415.21,4415.29,8.0,PASS_<=10c,+8.0,UP,+211.0,+948.0,4.2,+26.03,6.20,SLOW,4405.73,4412.15,4405.26,4411.99,0.00,0.00,0.0,BULLISH,689.0,4413.10,4415.21,4413.02,4415.21,14,ACTIVE_14s,219.0,211.0,0.0,8.0,0.0,3.7,0.0,PASS_<20%,4413.25,196.0,NO,STANDBY_VEL_LOW,0,0.00,4590.00,74.26,FALSE,OPENING_SHIELD_ACTIVE_14s
2026-09-07 14:47:15.493,1788792435.494,1940,31,248,4415.12,4415.20,8.0,PASS_<=10c,-9.0,DOWN,+202.0,+939.0,4.2,+22.05,5.25,SLOW,4405.73,4412.15,4405.26,4411.99,0.00,0.00,0.0,BULLISH,689.0,4413.10,4415.21,4413.02,4415.12,15,ACTIVE_15s,219.0,202.0,9.0,8.0,4.1,3.7,4.1,PASS_<20%,4413.25,187.0,NO,STANDBY_VEL_LOW,0,0.00,4590.00,74.26,FALSE,OPENING_SHIELD_ACTIVE_15s
2026-09-07 14:47:15.995,1788792435.995,1941,32,249,4415.24,4415.32,8.0,PASS_<=10c,+12.0,UP,+214.0,+951.0,4.2,+22.47,5.35,SLOW,4405.73,4412.15,4405.26,4411.99,0.00,0.00,0.0,BULLISH,689.0,4413.10,4415.24,4413.02,4415.24,15,ACTIVE_15s,222.0,214.0,0.0,8.0,0.0,3.6,0.0,PASS_<20%,4413.25,199.0,NO,STANDBY_VEL_LOW,0,0.00,4590.00,74.26,FALSE,OPENING_SHIELD_ACTIVE_15s
2026-09-07 14:47:16.496,1788792436.496,1942,33,250,4415.43,4415.51,8.0,PASS_<=10c,+19.0,UP,+233.0,+970.0,4.2,+23.31,5.55,SLOW,4405.73,4412.15,4405.26,4411.99,0.00,0.00,0.0,BULLISH,689.0,4413.10,4415.43,4413.02,4415.43,16,ACTIVE_16s,241.0,233.0,0.0,8.0,0.0,3.3,0.0,PASS_<20%,4413.25,218.0,NO,STANDBY_VEL_LOW,0,0.00,4590.00,74.26,FALSE,OPENING_SHIELD_ACTIVE_16s
2026-09-07 14:47:17.002,1788792437.002,1943,34,251,4415.47,4415.55,8.0,PASS_<=10c,+4.0,UP,+237.0,+974.0,4.2,+24.55,5.85,SLOW,4405.73,4412.15,4405.26,4411.99,0.00,0.00,0.0,BULLISH,689.0,4413.10,4415.47,4413.02,4415.47,17,ACTIVE_17s,245.0,237.0,0.0,8.0,0.0,3.3,0.0,PASS_<20%,4413.25,222.0,NO,STANDBY_VEL_LOW,0,0.00,4590.00,74.26,FALSE,OPENING_SHIELD_ACTIVE_17s
2026-09-07 14:47:17.502,1788792437.503,1944,35,252,4415.40,4415.48,8.0,PASS_<=10c,-7.0,DOWN,+230.0,+967.0,4.2,+21.82,5.20,SLOW,4405.73,4412.15,4405.26,4411.99,0.00,0.00,0.0,BULLISH,689.0,4413.10,4415.47,4413.02,4415.40,17,ACTIVE_17s,245.0,230.0,7.0,8.0,2.9,3.3,2.9,PASS_<20%,4413.25,215.0,NO,STANDBY_VEL_LOW,0,0.00,4590.00,74.26,FALSE,OPENING_SHIELD_ACTIVE_17s
2026-09-07 14:47:18.005,1788792438.005,1945,36,253,4415.99,4416.07,8.0,PASS_<=10c,+59.0,UP,+289.0,+1026.0,4.2,+33.57,7.99,SLOW,4405.73,4412.15,4405.26,4411.99,0.00,0.00,0.0,BULLISH,689.0,4413.10,4415.99,4413.02,4415.99,18,ACTIVE_18s,297.0,289.0,0.0,8.0,0.0,2.7,0.0,PASS_<20%,4413.25,274.0,NO,STANDBY_VEL_LOW,0,0.00,4590.00,74.26,FALSE,OPENING_SHIELD_ACTIVE_18s
2026-09-07 14:47:18.506,1788792438.506,1946,37,254,4415.93,4416.01,8.0,PASS_<=10c,-6.0,DOWN,+283.0,+1020.0,4.2,+25.17,5.99,SLOW,4405.73,4412.15,4405.26,4411.99,0.00,0.00,0.0,BULLISH,689.0,4413.10,4415.99,4413.02,4415.93,18,ACTIVE_18s,297.0,283.0,6.0,8.0,2.0,2.7,2.0,PASS_<20%,4413.25,268.0,NO,STANDBY_VEL_LOW,0,0.00,4590.00,74.26,FALSE,OPENING_SHIELD_ACTIVE_18s
2026-09-07 14:47:19.007,1788792439.007,1947,38,255,4416.43,4416.51,8.0,PASS_<=10c,+50.0,UP,+333.0,+1070.0,4.2,+31.04,7.39,SLOW,4405.73,4412.15,4405.26,4411.99,0.00,0.00,0.0,BULLISH,689.0,4413.10,4416.43,4413.02,4416.43,19,ACTIVE_19s,341.0,333.0,0.0,8.0,0.0,2.3,0.0,PASS_<20%,4413.25,318.0,NO,STANDBY_VEL_LOW,0,0.00,4590.00,74.26,FALSE,OPENING_SHIELD_ACTIVE_19s
2026-09-07 14:47:19.509,1788792439.509,1948,39,256,4416.50,4416.58,8.0,PASS_<=10c,+7.0,UP,+340.0,+1077.0,4.2,+27.68,6.59,SLOW,4405.73,4412.15,4405.26,4411.99,0.00,0.00,0.0,BULLISH,689.0,4413.10,4416.50,4413.02,4416.50,19,ACTIVE_19s,348.0,340.0,0.0,8.0,0.0,2.3,0.0,PASS_<20%,4413.25,325.0,NO,STANDBY_VEL_LOW,0,0.00,4590.00,74.26,FALSE,OPENING_SHIELD_ACTIVE_19s
2026-09-07 14:47:20.010,1788792440.011,1949,40,257,4416.48,4416.56,8.0,PASS_<=10c,-2.0,DOWN,+338.0,+1075.0,4.2,+27.06,6.44,SLOW,4405.73,4412.15,4405.26,4411.99,0.00,0.00,0.0,BULLISH,689.0,4413.10,4416.50,4413.02,4416.48,20,CLEARED_>=20s,348.0,338.0,2.0,8.0,0.6,2.3,0.6,PASS_<20%,4413.25,323.0,YES,STANDBY_VEL_LOW,0,0.00,4590.00,74.26,TRUE,READY_TO_FIRE
2026-09-07 14:47:20.515,1788792440.515,1950,41,258,4416.43,4416.51,8.0,PASS_<=10c,-5.0,DOWN,+333.0,+1070.0,4.2,+25.17,5.99,SLOW,4405.73,4412.15,4405.26,4411.99,0.00,0.00,0.0,BULLISH,689.0,4413.10,4416.50,4413.02,4416.43,20,CLEARED_>=20s,348.0,333.0,7.0,8.0,2.0,2.3,2.0,PASS_<20%,4413.25,318.0,YES,STANDBY_VEL_LOW,0,0.00,4590.00,74.26,TRUE,READY_TO_FIRE
2026-09-07 14:47:21.013,1788792441.014,1951,42,259,4416.51,4416.59,8.0,PASS_<=10c,+8.0,UP,+341.0,+1078.0,4.2,+22.65,5.39,SLOW,4405.73,4412.15,4405.26,4411.99,0.00,0.00,0.0,BULLISH,689.0,4413.10,4416.52,4413.02,4416.51,21,CLEARED_>=20s,350.0,341.0,1.0,8.0,0.3,2.3,0.3,PASS_<20%,4413.25,326.0,YES,STANDBY_VEL_LOW,0,0.00,4590.00,74.26,TRUE,READY_TO_FIRE
2026-09-07 14:47:21.516,1788792441.516,1952,43,260,4416.55,4416.63,8.0,PASS_<=10c,+4.0,UP,+345.0,+1082.0,4.2,+22.65,5.39,SLOW,4405.73,4412.15,4405.26,4411.99,0.00,0.00,0.0,BULLISH,689.0,4413.10,4416.55,4413.02,4416.55,21,CLEARED_>=20s,353.0,345.0,0.0,8.0,0.0,2.3,0.0,PASS_<20%,4413.25,330.0,YES,STANDBY_VEL_LOW,0,0.00,4590.00,74.26,TRUE,READY_TO_FIRE
2026-09-07 14:47:22.016,1788792442.016,1953,44,261,4416.54,4416.62,8.0,PASS_<=10c,-1.0,DOWN,+344.0,+1081.0,4.2,+23.93,5.70,SLOW,4405.73,4412.15,4405.26,4411.99,0.00,0.00,0.0,BULLISH,689.0,4413.10,4416.57,4413.02,4416.54,22,CLEARED_>=20s,355.0,344.0,3.0,8.0,0.8,2.3,0.8,PASS_<20%,4413.25,329.0,YES,STANDBY_VEL_LOW,0,0.00,4590.00,74.26,TRUE,READY_TO_FIRE
2026-09-07 14:47:22.517,1788792442.517,1954,45,262,4416.61,4416.69,8.0,PASS_<=10c,+7.0,UP,+351.0,+1088.0,4.2,+13.02,3.10,SLOW,4405.73,4412.15,4405.26,4411.99,0.00,0.00,0.0,BULLISH,689.0,4413.10,4416.61,4413.02,4416.61,22,CLEARED_>=20s,359.0,351.0,0.0,8.0,0.0,2.2,0.0,PASS_<20%,4413.25,336.0,YES,STANDBY_VEL_LOW,0,0.00,4590.00,74.26,TRUE,READY_TO_FIRE
2026-09-07 14:47:23.019,1788792443.019,1955,46,263,4416.60,4416.68,8.0,PASS_<=10c,-1.0,DOWN,+350.0,+1087.0,4.2,+13.01,3.10,SLOW,4405.73,4412.15,4405.26,4411.99,0.00,0.00,0.0,BULLISH,689.0,4413.10,4416.61,4413.02,4416.60,23,CLEARED_>=20s,359.0,350.0,1.0,8.0,0.3,2.2,0.3,PASS_<20%,4413.25,335.0,YES,STANDBY_VEL_LOW,0,0.00,4590.00,74.26,TRUE,READY_TO_FIRE
2026-09-07 14:47:23.519,1788792443.519,1956,47,264,4416.48,4416.56,8.0,PASS_<=10c,-12.0,DOWN,+338.0,+1075.0,4.2,+7.27,1.73,SLOW,4405.73,4412.15,4405.26,4411.99,0.00,0.00,0.0,BULLISH,689.0,4413.10,4416.61,4413.02,4416.48,23,CLEARED_>=20s,359.0,338.0,13.0,8.0,3.6,2.2,3.6,PASS_<20%,4413.25,323.0,YES,STANDBY_VEL_LOW,0,0.00,4590.00,74.26,TRUE,READY_TO_FIRE
2026-09-07 14:47:24.021,1788792444.022,1957,48,265,4416.47,4416.55,8.0,PASS_<=10c,-1.0,DOWN,+337.0,+1074.0,4.2,+7.26,1.73,SLOW,4405.73,4412.15,4405.26,4411.99,0.00,0.00,0.0,BULLISH,689.0,4413.10,4416.61,4413.02,4416.47,24,CLEARED_>=20s,359.0,337.0,14.0,8.0,3.9,2.2,3.9,PASS_<20%,4413.25,322.0,YES,STANDBY_VEL_LOW,0,0.00,4590.00,74.26,TRUE,READY_TO_FIRE
2026-09-07 14:47:24.523,1788792444.524,1958,49,266,4416.49,4416.57,8.0,PASS_<=10c,+2.0,UP,+339.0,+1076.0,4.2,+7.29,1.74,SLOW,4405.73,4412.15,4405.26,4411.99,0.00,0.00,0.0,BULLISH,689.0,4413.10,4416.61,4413.02,4416.49,24,CLEARED_>=20s,359.0,339.0,12.0,8.0,3.3,2.2,3.3,PASS_<20%,4413.25,324.0,YES,STANDBY_VEL_LOW,0,0.00,4590.00,74.26,TRUE,READY_TO_FIRE
2026-09-07 14:47:25.025,1788792445.025,1959,50,267,4416.36,4416.44,8.0,PASS_<=10c,-13.0,DOWN,+326.0,+1063.0,4.2,+7.12,1.70,SLOW,4405.73,4412.15,4405.26,4411.99,0.00,0.00,0.0,BULLISH,689.0,4413.10,4416.61,4413.02,4416.36,25,CLEARED_>=20s,359.0,326.0,25.0,8.0,7.0,2.2,7.0,PASS_<20%,4413.25,311.0,YES,STANDBY_VEL_LOW,0,0.00,4590.00,74.26,TRUE,READY_TO_FIRE
2026-09-07 14:47:25.526,1788792445.527,1960,51,268,4416.41,4416.49,8.0,PASS_<=10c,+5.0,UP,+331.0,+1068.0,4.2,+7.17,1.71,SLOW,4405.73,4412.15,4405.26,4411.99,0.00,0.00,0.0,BULLISH,689.0,4413.10,4416.61,4413.02,4416.41,25,CLEARED_>=20s,359.0,331.0,20.0,8.0,5.6,2.2,5.6,PASS_<20%,4413.25,316.0,YES,STANDBY_VEL_LOW,0,0.00,4590.00,74.26,TRUE,READY_TO_FIRE
2026-09-07 14:47:26.029,1788792446.030,1961,52,269,4416.57,4416.65,8.0,PASS_<=10c,+16.0,UP,+347.0,+1084.0,4.2,+7.56,1.80,SLOW,4405.73,4412.15,4405.26,4411.99,0.00,0.00,0.0,BULLISH,689.0,4413.10,4416.61,4413.02,4416.57,26,CLEARED_>=20s,359.0,347.0,4.0,8.0,1.1,2.2,1.1,PASS_<20%,4413.25,332.0,YES,STANDBY_VEL_LOW,0,0.00,4590.00,74.26,TRUE,READY_TO_FIRE
2026-09-07 14:47:26.530,1788792446.531,1962,53,270,4416.65,4416.73,8.0,PASS_<=10c,+8.0,UP,+355.0,+1092.0,4.2,+7.69,1.83,SLOW,4405.73,4412.15,4405.26,4411.99,0.00,0.00,0.0,BULLISH,689.0,4413.10,4416.65,4413.02,4416.65,26,CLEARED_>=20s,363.0,355.0,0.0,8.0,0.0,2.2,0.0,PASS_<20%,4413.25,340.0,YES,STANDBY_VEL_LOW,0,0.00,4590.00,74.26,TRUE,READY_TO_FIRE
2026-09-07 14:47:27.032,1788792447.033,1963,54,271,4416.51,4416.59,8.0,PASS_<=10c,-14.0,DOWN,+341.0,+1078.0,4.2,+7.36,1.75,SLOW,4405.73,4412.15,4405.26,4411.99,0.00,0.00,0.0,BULLISH,689.0,4413.10,4416.65,4413.02,4416.51,27,CLEARED_>=20s,363.0,341.0,14.0,8.0,3.9,2.2,3.9,PASS_<20%,4413.25,326.0,YES,STANDBY_VEL_LOW,0,0.00,4590.00,74.26,TRUE,READY_TO_FIRE
2026-09-07 14:47:27.534,1788792447.534,1964,55,272,4416.40,4416.48,8.0,PASS_<=10c,-11.0,DOWN,+330.0,+1067.0,4.2,+6.92,1.65,SLOW,4405.73,4412.15,4405.26,4411.99,0.00,0.00,0.0,BULLISH,689.0,4413.10,4416.65,4413.02,4416.40,27,CLEARED_>=20s,363.0,330.0,25.0,8.0,6.9,2.2,6.9,PASS_<20%,4413.25,315.0,YES,STANDBY_VEL_LOW,0,0.00,4590.00,74.26,TRUE,READY_TO_FIRE
2026-09-07 14:47:28.036,1788792448.037,1965,56,273,4416.31,4416.39,8.0,PASS_<=10c,-9.0,DOWN,+321.0,+1058.0,4.2,+6.69,1.59,SLOW,4405.73,4412.15,4405.26,4411.99,0.00,0.00,0.0,BULLISH,689.0,4413.10,4416.65,4413.02,4416.31,28,CLEARED_>=20s,363.0,321.0,34.0,8.0,9.4,2.2,9.4,PASS_<20%,4413.25,306.0,YES,STANDBY_VEL_LOW,0,0.00,4590.00,74.26,TRUE,READY_TO_FIRE
2026-09-07 14:47:28.536,1788792448.537,1966,57,274,4416.28,4416.36,8.0,PASS_<=10c,-3.0,DOWN,+318.0,+1055.0,4.2,+6.64,1.58,SLOW,4405.73,4412.15,4405.26,4411.99,0.00,0.00,0.0,BULLISH,689.0,4413.10,4416.65,4413.02,4416.28,28,CLEARED_>=20s,363.0,318.0,37.0,8.0,10.2,2.2,10.2,PASS_<20%,4413.25,303.0,YES,STANDBY_VEL_LOW,0,0.00,4590.00,74.26,TRUE,READY_TO_FIRE
2026-09-07 14:47:29.038,1788792449.038,1967,58,275,4416.29,4416.37,8.0,PASS_<=10c,+1.0,UP,+319.0,+1056.0,4.2,+6.61,1.57,SLOW,4405.73,4412.15,4405.26,4411.99,0.00,0.00,0.0,BULLISH,689.0,4413.10,4416.65,4413.02,4416.29,29,CLEARED_>=20s,363.0,319.0,36.0,8.0,9.9,2.2,9.9,PASS_<20%,4413.25,304.0,YES,STANDBY_VEL_LOW,0,0.00,4590.00,74.26,TRUE,READY_TO_FIRE
2026-09-07 14:47:29.540,1788792449.541,1968,59,276,4416.46,4416.54,8.0,PASS_<=10c,+17.0,UP,+336.0,+1073.0,4.2,+6.84,1.63,SLOW,4405.73,4412.15,4405.26,4411.99,0.00,0.00,0.0,BULLISH,689.0,4413.10,4416.65,4413.02,4416.46,29,CLEARED_>=20s,363.0,336.0,19.0,8.0,5.2,2.2,5.2,PASS_<20%,4413.25,321.0,YES,STANDBY_VEL_LOW,0,0.00,4590.00,74.26,TRUE,READY_TO_FIRE
2026-09-07 14:47:30.042,1788792450.042,1969,60,277,4416.43,4416.51,8.0,PASS_<=10c,-3.0,DOWN,+333.0,+1070.0,4.2,+6.77,1.61,SLOW,4405.73,4412.15,4405.26,4411.99,0.00,0.00,0.0,BULLISH,689.0,4413.10,4416.65,4413.02,4416.43,30,CLEARED_>=20s,363.0,333.0,22.0,8.0,6.1,2.2,6.1,PASS_<20%,4413.25,318.0,YES,STANDBY_VEL_LOW,0,0.00,4590.00,74.26,TRUE,READY_TO_FIRE
2026-09-07 14:47:30.544,1788792450.544,1970,61,278,4416.34,4416.42,8.0,PASS_<=10c,-9.0,DOWN,+324.0,+1061.0,4.2,+6.57,1.56,SLOW,4405.73,4412.15,4405.26,4411.99,0.00,0.00,0.0,BULLISH,689.0,4413.10,4416.65,4413.02,4416.34,30,CLEARED_>=20s,363.0,324.0,31.0,8.0,8.5,2.2,8.5,PASS_<20%,4413.25,309.0,YES,STANDBY_VEL_LOW,0,0.00,4590.00,74.26,TRUE,READY_TO_FIRE
2026-09-07 14:47:31.046,1788792451.046,1971,62,279,4416.39,4416.47,8.0,PASS_<=10c,+5.0,UP,+329.0,+1066.0,4.2,+6.66,1.59,SLOW,4405.73,4412.15,4405.26,4411.99,0.00,0.00,0.0,BULLISH,689.0,4413.10,4416.65,4413.02,4416.39,31,CLEARED_>=20s,363.0,329.0,26.0,8.0,7.2,2.2,7.2,PASS_<20%,4413.25,314.0,YES,STANDBY_VEL_LOW,0,0.00,4590.00,74.26,TRUE,READY_TO_FIRE
2026-09-07 14:47:31.546,1788792451.547,1972,63,280,4416.54,4416.62,8.0,PASS_<=10c,+15.0,UP,+344.0,+1081.0,4.2,+6.91,1.65,SLOW,4405.73,4412.15,4405.26,4411.99,0.00,0.00,0.0,BULLISH,689.0,4413.10,4416.65,4413.02,4416.54,31,CLEARED_>=20s,363.0,344.0,11.0,8.0,3.0,2.2,3.0,PASS_<20%,4413.25,329.0,YES,STANDBY_VEL_LOW,0,0.00,4590.00,74.26,TRUE,READY_TO_FIRE
2026-09-07 14:47:32.048,1788792452.048,1973,64,281,4416.86,4416.94,8.0,PASS_<=10c,+32.0,UP,+376.0,+1113.0,4.2,+9.65,2.30,SLOW,4405.73,4412.15,4405.26,4411.99,0.00,0.00,0.0,BULLISH,689.0,4413.10,4416.86,4413.02,4416.86,32,CLEARED_>=20s,384.0,376.0,0.0,8.0,0.0,2.1,0.0,PASS_<20%,4413.25,361.0,YES,STANDBY_VEL_LOW,0,0.00,4590.00,74.26,TRUE,READY_TO_FIRE
2026-09-07 14:47:32.550,1788792452.550,1974,65,282,4416.77,4416.85,8.0,PASS_<=10c,-9.0,DOWN,+367.0,+1104.0,4.2,+8.82,2.10,SLOW,4405.73,4412.15,4405.26,4411.99,0.00,0.00,0.0,BULLISH,689.0,4413.10,4416.86,4413.02,4416.77,32,CLEARED_>=20s,384.0,367.0,9.0,8.0,2.3,2.1,2.3,PASS_<20%,4413.25,352.0,YES,STANDBY_VEL_LOW,0,0.00,4590.00,74.26,TRUE,READY_TO_FIRE
2026-09-07 14:47:33.051,1788792453.052,1975,66,283,4416.78,4416.86,8.0,PASS_<=10c,+1.0,UP,+368.0,+1105.0,4.2,+9.65,2.30,SLOW,4405.73,4412.15,4405.26,4411.99,0.00,0.00,0.0,BULLISH,689.0,4413.10,4416.86,4413.02,4416.78,33,CLEARED_>=20s,384.0,368.0,8.0,8.0,2.1,2.1,2.1,PASS_<20%,4413.25,353.0,YES,STANDBY_VEL_LOW,0,0.00,4590.00,74.26,TRUE,READY_TO_FIRE
2026-09-07 14:47:33.553,1788792453.553,1976,67,284,4416.79,4416.87,8.0,PASS_<=10c,+1.0,UP,+369.0,+1106.0,4.2,+12.38,2.95,SLOW,4405.73,4412.15,4405.26,4411.99,0.00,0.00,0.0,BULLISH,689.0,4413.10,4416.86,4413.02,4416.79,33,CLEARED_>=20s,384.0,369.0,7.0,8.0,1.8,2.1,1.8,PASS_<20%,4413.25,354.0,YES,STANDBY_VEL_LOW,0,0.00,4590.00,74.26,TRUE,READY_TO_FIRE
2026-09-07 14:47:34.055,1788792454.055,1977,68,285,4416.77,4416.85,8.0,PASS_<=10c,-2.0,DOWN,+367.0,+1104.0,4.2,+8.60,2.05,SLOW,4405.73,4412.15,4405.26,4411.99,0.00,0.00,0.0,BULLISH,689.0,4413.10,4416.86,4413.02,4416.77,34,CLEARED_>=20s,384.0,367.0,9.0,8.0,2.3,2.1,2.3,PASS_<20%,4413.25,352.0,YES,STANDBY_VEL_LOW,0,0.00,4590.00,74.26,TRUE,READY_TO_FIRE
2026-09-07 14:47:34.556,1788792454.557,1978,69,286,4416.75,4416.83,8.0,PASS_<=10c,-2.0,DOWN,+365.0,+1102.0,4.2,+7.27,1.73,SLOW,4405.73,4412.15,4405.26,4411.99,0.00,0.00,0.0,BULLISH,689.0,4413.10,4416.86,4413.02,4416.75,34,CLEARED_>=20s,384.0,365.0,11.0,8.0,2.9,2.1,2.9,PASS_<20%,4413.25,350.0,YES,STANDBY_VEL_LOW,0,0.00,4590.00,74.26,TRUE,READY_TO_FIRE
2026-09-07 14:47:35.058,1788792455.058,1979,70,287,4416.42,4416.50,8.0,PASS_<=10c,-33.0,DOWN,+332.0,+1069.0,4.2,+6.72,1.60,SLOW,4405.73,4412.15,4405.26,4411.99,0.00,0.00,0.0,BULLISH,689.0,4413.10,4416.86,4413.02,4416.42,35,CLEARED_>=20s,384.0,332.0,44.0,8.0,11.5,2.1,11.5,PASS_<20%,4413.25,317.0,YES,STANDBY_VEL_LOW,0,0.00,4590.00,74.26,TRUE,READY_TO_FIRE
2026-09-07 14:47:35.559,1788792455.560,1980,71,288,4416.36,4416.44,8.0,PASS_<=10c,-6.0,DOWN,+326.0,+1063.0,4.2,+6.67,1.59,SLOW,4405.73,4412.15,4405.26,4411.99,0.00,0.00,0.0,BULLISH,689.0,4413.10,4416.86,4413.02,4416.36,35,CLEARED_>=20s,384.0,326.0,50.0,8.0,13.0,2.1,13.0,PASS_<20%,4413.25,311.0,YES,STANDBY_VEL_LOW,0,0.00,4590.00,74.26,TRUE,READY_TO_FIRE
2026-09-07 14:47:36.061,1788792456.061,1981,72,289,4416.30,4416.38,8.0,PASS_<=10c,-6.0,DOWN,+320.0,+1057.0,4.2,+6.62,1.58,SLOW,4405.73,4412.15,4405.26,4411.99,0.00,0.00,0.0,BULLISH,689.0,4413.10,4416.86,4413.02,4416.30,36,CLEARED_>=20s,384.0,320.0,56.0,8.0,14.6,2.1,14.6,PASS_<20%,4413.25,305.0,YES,STANDBY_VEL_LOW,0,0.00,4590.00,74.26,TRUE,READY_TO_FIRE
2026-09-07 14:47:36.563,1788792456.564,1982,73,290,4416.29,4416.37,8.0,PASS_<=10c,-1.0,DOWN,+319.0,+1056.0,4.2,+11.96,2.85,SLOW,4405.73,4412.15,4405.26,4411.99,0.00,0.00,0.0,BULLISH,689.0,4413.10,4416.86,4413.02,4416.29,36,CLEARED_>=20s,384.0,319.0,57.0,8.0,14.8,2.1,14.8,PASS_<20%,4413.25,304.0,YES,STANDBY_VEL_LOW,0,0.00,4590.00,74.26,TRUE,READY_TO_FIRE
2026-09-07 14:47:37.065,1788792457.065,1983,74,291,4416.21,4416.29,8.0,PASS_<=10c,-8.0,DOWN,+311.0,+1048.0,4.2,+13.64,3.25,SLOW,4405.73,4412.15,4405.26,4411.99,0.00,0.00,0.0,BULLISH,689.0,4413.10,4416.86,4413.02,4416.21,37,CLEARED_>=20s,384.0,311.0,65.0,8.0,16.9,2.1,16.9,PASS_<20%,4413.25,296.0,YES,STANDBY_VEL_LOW,0,0.00,4590.00,74.26,TRUE,READY_TO_FIRE
2026-09-07 14:47:37.566,1788792457.566,1984,75,292,4416.09,4416.17,8.0,PASS_<=10c,-12.0,DOWN,+299.0,+1036.0,4.2,+14.48,3.45,SLOW,4405.73,4412.15,4405.26,4411.99,0.00,0.00,0.0,BULLISH,689.0,4413.10,4416.86,4413.02,4416.09,37,CLEARED_>=20s,384.0,299.0,77.0,8.0,20.1,2.1,20.1,BLOCKED_20.1%,4413.25,284.0,NO,STANDBY_VEL_LOW,0,0.00,4590.00,74.26,FALSE,OPP_WICK_TOO_HIGH_0.20
2026-09-07 14:47:38.067,1788792458.067,1985,76,293,4416.21,4416.29,8.0,PASS_<=10c,+12.0,UP,+311.0,+1048.0,4.2,+11.96,2.85,SLOW,4405.73,4412.15,4405.26,4411.99,0.00,0.00,0.0,BULLISH,689.0,4413.10,4416.86,4413.02,4416.21,38,CLEARED_>=20s,384.0,311.0,65.0,8.0,16.9,2.1,16.9,PASS_<20%,4413.25,296.0,YES,STANDBY_VEL_LOW,0,0.00,4590.00,74.26,TRUE,READY_TO_FIRE
2026-09-07 14:47:38.569,1788792458.570,1986,77,294,4416.22,4416.30,8.0,PASS_<=10c,+1.0,UP,+312.0,+1049.0,4.2,+11.12,2.65,SLOW,4405.73,4412.15,4405.26,4411.99,0.00,0.00,0.0,BULLISH,689.0,4413.10,4416.86,4413.02,4416.22,38,CLEARED_>=20s,384.0,312.0,64.0,8.0,16.7,2.1,16.7,PASS_<20%,4413.25,297.0,YES,STANDBY_VEL_LOW,0,0.00,4590.00,74.26,TRUE,READY_TO_FIRE
2026-09-07 14:47:39.071,1788792459.072,1987,78,295,4416.41,4416.49,8.0,PASS_<=10c,+19.0,UP,+331.0,+1068.0,4.2,+7.55,1.80,SLOW,4405.73,4412.15,4405.26,4411.99,0.00,0.00,0.0,BULLISH,689.0,4413.10,4416.86,4413.02,4416.41,39,CLEARED_>=20s,384.0,331.0,45.0,8.0,11.7,2.1,11.7,PASS_<20%,4413.25,316.0,YES,STANDBY_VEL_LOW,0,0.00,4590.00,74.26,TRUE,READY_TO_FIRE
2026-09-07 14:47:39.574,1788792459.574,1988,79,296,4416.44,4416.52,8.0,PASS_<=10c,+3.0,UP,+334.0,+1071.0,4.2,+6.84,1.63,SLOW,4405.73,4412.15,4405.26,4411.99,0.00,0.00,0.0,BULLISH,689.0,4413.10,4416.86,4413.02,4416.44,39,CLEARED_>=20s,384.0,334.0,42.0,8.0,10.9,2.1,10.9,PASS_<20%,4413.25,319.0,YES,STANDBY_VEL_LOW,0,0.00,4590.00,74.26,TRUE,READY_TO_FIRE
2026-09-07 14:47:40.081,1788792460.081,1989,80,297,4416.44,4416.52,8.0,PASS_<=10c,+0.0,FLAT,+334.0,+1071.0,4.2,+6.95,1.65,SLOW,4405.73,4412.15,4405.26,4411.99,0.00,0.00,0.0,BULLISH,689.0,4413.10,4416.86,4413.02,4416.44,40,CLEARED_>=20s,384.0,334.0,42.0,8.0,10.9,2.1,10.9,PASS_<20%,4413.25,319.0,YES,STANDBY_VEL_LOW,0,0.00,4590.00,74.26,TRUE,READY_TO_FIRE
2026-09-07 14:47:40.583,1788792460.584,1990,81,298,4416.56,4416.64,8.0,PASS_<=10c,+12.0,UP,+346.0,+1083.0,4.2,+7.19,1.71,SLOW,4405.73,4412.15,4405.26,4411.99,0.00,0.00,0.0,BULLISH,689.0,4413.10,4416.86,4413.02,4416.56,40,CLEARED_>=20s,384.0,346.0,30.0,8.0,7.8,2.1,7.8,PASS_<20%,4413.25,331.0,YES,STANDBY_VEL_LOW,0,0.00,4590.00,74.26,TRUE,READY_TO_FIRE
2026-09-07 14:47:41.084,1788792461.085,1991,82,299,4416.62,4416.70,8.0,PASS_<=10c,+6.0,UP,+352.0,+1089.0,4.2,+7.27,1.73,SLOW,4405.73,4412.15,4405.26,4411.99,0.00,0.00,0.0,BULLISH,689.0,4413.10,4416.86,4413.02,4416.62,41,CLEARED_>=20s,384.0,352.0,24.0,8.0,6.2,2.1,6.2,PASS_<20%,4413.25,337.0,YES,STANDBY_VEL_LOW,0,0.00,4590.00,74.26,TRUE,READY_TO_FIRE
2026-09-07 14:47:41.586,1788792461.586,1992,83,300,4416.61,4416.69,8.0,PASS_<=10c,-1.0,DOWN,+351.0,+1088.0,4.2,+7.75,1.85,SLOW,4405.73,4412.15,4405.26,4411.99,0.00,0.00,0.0,BULLISH,689.0,4413.10,4416.86,4413.02,4416.61,41,CLEARED_>=20s,384.0,351.0,25.0,8.0,6.5,2.1,6.5,PASS_<20%,4413.25,336.0,YES,STANDBY_VEL_LOW,0,0.00,4590.00,74.26,TRUE,READY_TO_FIRE
2026-09-07 14:47:42.088,1788792462.089,1993,84,301,4416.61,4416.69,8.0,PASS_<=10c,+0.0,FLAT,+351.0,+1088.0,4.2,+10.06,2.40,SLOW,4405.73,4412.15,4405.26,4411.99,0.00,0.00,0.0,BULLISH,689.0,4413.10,4416.86,4413.02,4416.61,42,CLEARED_>=20s,384.0,351.0,25.0,8.0,6.5,2.1,6.5,PASS_<20%,4413.25,336.0,YES,STANDBY_VEL_LOW,0,0.00,4590.00,74.26,TRUE,READY_TO_FIRE
2026-09-07 14:47:42.590,1788792462.591,1994,85,302,4416.64,4416.72,8.0,PASS_<=10c,+3.0,UP,+354.0,+1091.0,4.2,+11.52,2.74,SLOW,4405.73,4412.15,4405.26,4411.99,0.00,0.00,0.0,BULLISH,689.0,4413.10,4416.86,4413.02,4416.64,42,CLEARED_>=20s,384.0,354.0,22.0,8.0,5.7,2.1,5.7,PASS_<20%,4413.25,339.0,YES,STANDBY_VEL_LOW,0,0.00,4590.00,74.26,TRUE,READY_TO_FIRE
2026-09-07 14:47:43.099,1788792463.100,1995,86,303,4416.63,4416.71,8.0,PASS_<=10c,-1.0,DOWN,+353.0,+1090.0,4.2,+8.37,1.99,SLOW,4405.73,4412.15,4405.26,4411.99,0.00,0.00,0.0,BULLISH,689.0,4413.10,4416.86,4413.02,4416.63,43,CLEARED_>=20s,384.0,353.0,23.0,8.0,6.0,2.1,6.0,PASS_<20%,4413.25,338.0,YES,STANDBY_VEL_LOW,0,0.00,4590.00,74.26,TRUE,READY_TO_FIRE
2026-09-07 14:47:43.600,1788792463.601,1996,87,304,4416.51,4416.59,8.0,PASS_<=10c,-12.0,DOWN,+341.0,+1078.0,4.2,+6.84,1.63,SLOW,4405.73,4412.15,4405.26,4411.99,0.00,0.00,0.0,BULLISH,689.0,4413.10,4416.86,4413.02,4416.51,43,CLEARED_>=20s,384.0,341.0,35.0,8.0,9.1,2.1,9.1,PASS_<20%,4413.25,326.0,YES,STANDBY_VEL_LOW,0,0.00,4590.00,74.26,TRUE,READY_TO_FIRE
2026-09-07 14:47:44.101,1788792464.101,1997,88,305,4416.41,4416.49,8.0,PASS_<=10c,-10.0,DOWN,+331.0,+1068.0,4.2,+6.67,1.59,SLOW,4405.73,4412.15,4405.26,4411.99,0.00,0.00,0.0,BULLISH,689.0,4413.10,4416.86,4413.02,4416.41,44,CLEARED_>=20s,384.0,331.0,45.0,8.0,11.7,2.1,11.7,PASS_<20%,4413.25,316.0,YES,STANDBY_VEL_LOW,0,0.00,4590.00,74.26,TRUE,READY_TO_FIRE
2026-09-07 14:47:44.603,1788792464.603,1998,89,306,4416.18,4416.26,8.0,PASS_<=10c,-23.0,DOWN,+308.0,+1045.0,4.2,+6.29,1.50,SLOW,4405.73,4412.15,4405.26,4411.99,0.00,0.00,0.0,BULLISH,689.0,4413.10,4416.86,4413.02,4416.18,44,CLEARED_>=20s,384.0,308.0,68.0,8.0,17.7,2.1,17.7,PASS_<20%,4413.25,293.0,YES,STANDBY_VEL_LOW,0,0.00,4590.00,74.26,TRUE,READY_TO_FIRE
2026-09-07 14:47:45.104,1788792465.105,1999,90,307,4416.19,4416.27,8.0,PASS_<=10c,+1.0,UP,+309.0,+1046.0,4.2,+6.91,1.65,SLOW,4405.73,4412.15,4405.26,4411.99,0.00,0.00,0.0,BULLISH,689.0,4413.10,4416.86,4413.02,4416.19,45,CLEARED_>=20s,384.0,309.0,67.0,8.0,17.4,2.1,17.4,PASS_<20%,4413.25,294.0,YES,STANDBY_VEL_LOW,0,0.00,4590.00,74.26,TRUE,READY_TO_FIRE
2026-09-07 14:47:45.606,1788792465.606,2000,91,308,4416.22,4416.30,8.0,PASS_<=10c,+3.0,UP,+312.0,+1049.0,4.2,+7.12,1.70,SLOW,4405.73,4412.15,4405.26,4411.99,0.00,0.00,0.0,BULLISH,689.0,4413.10,4416.86,4413.02,4416.22,45,CLEARED_>=20s,384.0,312.0,64.0,8.0,16.7,2.1,16.7,PASS_<20%,4413.25,297.0,YES,STANDBY_VEL_LOW,0,0.00,4590.00,74.26,TRUE,READY_TO_FIRE
2026-09-07 14:47:46.107,1788792466.107,2001,92,309,4416.25,4416.33,8.0,PASS_<=10c,+3.0,UP,+315.0,+1052.0,4.2,+9.01,2.15,SLOW,4405.73,4412.15,4405.26,4411.99,0.00,0.00,0.0,BULLISH,689.0,4413.10,4416.86,4413.02,4416.25,46,CLEARED_>=20s,384.0,315.0,61.0,8.0,15.9,2.1,15.9,PASS_<20%,4413.25,300.0,YES,STANDBY_VEL_LOW,0,0.00,4590.00,74.26,TRUE,READY_TO_FIRE
2026-09-07 14:47:46.608,1788792466.609,2002,93,310,4416.46,4416.54,8.0,PASS_<=10c,+21.0,UP,+336.0,+1073.0,4.2,+6.74,1.60,SLOW,4405.73,4412.15,4405.26,4411.99,0.00,0.00,0.0,BULLISH,689.0,4413.10,4416.86,4413.02,4416.46,46,CLEARED_>=20s,384.0,336.0,40.0,8.0,10.4,2.1,10.4,PASS_<20%,4413.25,321.0,YES,STANDBY_VEL_LOW,0,0.00,4590.00,74.26,TRUE,READY_TO_FIRE
2026-09-07 14:47:47.110,1788792467.110,2003,94,311,4416.45,4416.53,8.0,PASS_<=10c,-1.0,DOWN,+335.0,+1072.0,4.2,+6.72,1.60,SLOW,4405.73,4412.15,4405.26,4411.99,0.00,0.00,0.0,BULLISH,689.0,4413.10,4416.86,4413.02,4416.45,47,CLEARED_>=20s,384.0,335.0,41.0,8.0,10.7,2.1,10.7,PASS_<20%,4413.25,320.0,YES,STANDBY_VEL_LOW,0,0.00,4590.00,74.26,TRUE,READY_TO_FIRE
2026-09-07 14:47:47.611,1788792467.612,2004,95,312,4416.45,4416.53,8.0,PASS_<=10c,+0.0,FLAT,+335.0,+1072.0,4.2,+6.89,1.64,SLOW,4405.73,4412.15,4405.26,4411.99,0.00,0.00,0.0,BULLISH,689.0,4413.10,4416.86,4413.02,4416.45,47,CLEARED_>=20s,384.0,335.0,41.0,8.0,10.7,2.1,10.7,PASS_<20%,4413.25,320.0,YES,STANDBY_VEL_LOW,0,0.00,4590.00,74.26,TRUE,READY_TO_FIRE
2026-09-07 14:47:48.113,1788792468.114,2005,96,313,4416.54,4416.62,8.0,PASS_<=10c,+9.0,UP,+344.0,+1081.0,4.2,+7.02,1.67,SLOW,4405.73,4412.15,4405.26,4411.99,0.00,0.00,0.0,BULLISH,689.0,4413.10,4416.86,4413.02,4416.54,48,CLEARED_>=20s,384.0,344.0,32.0,8.0,8.3,2.1,8.3,PASS_<20%,4413.25,329.0,YES,STANDBY_VEL_LOW,0,0.00,4590.00,74.26,TRUE,READY_TO_FIRE
2026-09-07 14:47:48.614,1788792468.615,2006,97,314,4416.40,4416.48,8.0,PASS_<=10c,-14.0,DOWN,+330.0,+1067.0,4.2,+6.77,1.61,SLOW,4405.73,4412.15,4405.26,4411.99,0.00,0.00,0.0,BULLISH,689.0,4413.10,4416.86,4413.02,4416.40,48,CLEARED_>=20s,384.0,330.0,46.0,8.0,12.0,2.1,12.0,PASS_<20%,4413.25,315.0,YES,STANDBY_VEL_LOW,0,0.00,4590.00,74.26,TRUE,READY_TO_FIRE
2026-09-07 14:47:49.117,1788792469.117,2007,98,315,4416.37,4416.45,8.0,PASS_<=10c,-3.0,DOWN,+327.0,+1064.0,4.2,+6.65,1.58,SLOW,4405.73,4412.15,4405.26,4411.99,0.00,0.00,0.0,BULLISH,689.0,4413.10,4416.86,4413.02,4416.37,49,CLEARED_>=20s,384.0,327.0,49.0,8.0,12.8,2.1,12.8,PASS_<20%,4413.25,312.0,YES,STANDBY_VEL_LOW,0,0.00,4590.00,74.26,TRUE,READY_TO_FIRE
2026-09-07 14:47:49.619,1788792469.619,2008,99,316,4416.26,4416.34,8.0,PASS_<=10c,-11.0,DOWN,+316.0,+1053.0,4.2,+5.87,1.40,SLOW,4405.73,4412.15,4405.26,4411.99,0.00,0.00,0.0,BULLISH,689.0,4413.10,4416.86,4413.02,4416.26,49,CLEARED_>=20s,384.0,316.0,60.0,8.0,15.6,2.1,15.6,PASS_<20%,4413.25,301.0,YES,STANDBY_VEL_LOW,0,0.00,4590.00,74.26,TRUE,READY_TO_FIRE
2026-09-07 14:47:50.120,1788792470.121,2009,100,317,4416.38,4416.46,8.0,PASS_<=10c,+12.0,UP,+328.0,+1065.0,4.2,+6.25,1.49,SLOW,4405.73,4412.15,4405.26,4411.99,0.00,0.00,0.0,BULLISH,689.0,4413.10,4416.86,4413.02,4416.38,50,CLEARED_>=20s,384.0,328.0,48.0,8.0,12.5,2.1,12.5,PASS_<20%,4413.25,313.0,YES,STANDBY_VEL_LOW,0,0.00,4590.00,74.26,TRUE,READY_TO_FIRE
2026-09-07 14:47:50.622,1788792470.622,2010,101,318,4416.40,4416.48,8.0,PASS_<=10c,+2.0,UP,+330.0,+1067.0,4.2,+6.52,1.55,SLOW,4405.73,4412.15,4405.26,4411.99,0.00,0.00,0.0,BULLISH,689.0,4413.10,4416.86,4413.02,4416.40,50,CLEARED_>=20s,384.0,330.0,46.0,8.0,12.0,2.1,12.0,PASS_<20%,4413.25,315.0,YES,STANDBY_VEL_LOW,0,0.00,4590.00,74.26,TRUE,READY_TO_FIRE
2026-09-07 14:47:51.123,1788792471.124,2011,102,319,4416.36,4416.44,8.0,PASS_<=10c,-4.0,DOWN,+326.0,+1063.0,4.2,+6.52,1.55,SLOW,4405.73,4412.15,4405.26,4411.99,0.00,0.00,0.0,BULLISH,689.0,4413.10,4416.86,4413.02,4416.36,51,CLEARED_>=20s,384.0,326.0,50.0,8.0,13.0,2.1,13.0,PASS_<20%,4413.25,311.0,YES,STANDBY_VEL_LOW,0,0.00,4590.00,74.26,TRUE,READY_TO_FIRE
2026-09-07 14:47:51.625,1788792471.626,2012,103,320,4416.38,4416.46,8.0,PASS_<=10c,+2.0,UP,+328.0,+1065.0,4.2,+6.55,1.56,SLOW,4405.73,4412.15,4405.26,4411.99,0.00,0.00,0.0,BULLISH,689.0,4413.10,4416.86,4413.02,4416.38,51,CLEARED_>=20s,384.0,328.0,48.0,8.0,12.5,2.1,12.5,PASS_<20%,4413.25,313.0,YES,STANDBY_VEL_LOW,0,0.00,4590.00,74.26,TRUE,READY_TO_FIRE
2026-09-07 14:47:52.125,1788792472.126,2013,104,321,4416.35,4416.43,8.0,PASS_<=10c,-3.0,DOWN,+325.0,+1062.0,4.2,+6.55,1.56,SLOW,4405.73,4412.15,4405.26,4411.99,0.00,0.00,0.0,BULLISH,689.0,4413.10,4416.86,4413.02,4416.35,52,CLEARED_>=20s,384.0,325.0,51.0,8.0,13.3,2.1,13.3,PASS_<20%,4413.25,310.0,YES,STANDBY_VEL_LOW,0,0.00,4590.00,74.26,TRUE,READY_TO_FIRE
2026-09-07 14:47:52.626,1788792472.627,2014,105,322,4416.10,4416.18,8.0,PASS_<=10c,-25.0,DOWN,+300.0,+1037.0,4.2,+7.35,1.75,SLOW,4405.73,4412.15,4405.26,4411.99,0.00,0.00,0.0,BULLISH,689.0,4413.10,4416.86,4413.02,4416.10,52,CLEARED_>=20s,384.0,300.0,76.0,8.0,19.8,2.1,19.8,PASS_<20%,4413.25,285.0,YES,STANDBY_VEL_LOW,0,0.00,4590.00,74.26,TRUE,READY_TO_FIRE
2026-09-07 14:47:53.127,1788792473.128,2015,106,323,4416.04,4416.12,8.0,PASS_<=10c,-6.0,DOWN,+294.0,+1031.0,4.2,+9.87,2.35,SLOW,4405.73,4412.15,4405.26,4411.99,0.00,0.00,0.0,BULLISH,689.0,4413.10,4416.86,4413.02,4416.04,53,CLEARED_>=20s,384.0,294.0,82.0,8.0,21.4,2.1,21.4,BLOCKED_21.4%,4413.25,279.0,NO,STANDBY_VEL_LOW,0,0.00,4590.00,74.26,FALSE,OPP_WICK_TOO_HIGH_0.21
2026-09-07 14:47:53.629,1788792473.630,2016,107,324,4416.15,4416.23,8.0,PASS_<=10c,+11.0,UP,+305.0,+1042.0,4.2,+6.80,1.62,SLOW,4405.73,4412.15,4405.26,4411.99,0.00,0.00,0.0,BULLISH,689.0,4413.10,4416.86,4413.02,4416.15,53,CLEARED_>=20s,384.0,305.0,71.0,8.0,18.5,2.1,18.5,PASS_<20%,4413.25,290.0,YES,STANDBY_VEL_LOW,0,0.00,4590.00,74.26,TRUE,READY_TO_FIRE
2026-09-07 14:47:54.131,1788792474.132,2017,108,325,4416.15,4416.23,8.0,PASS_<=10c,+0.0,FLAT,+305.0,+1042.0,4.2,+6.75,1.61,SLOW,4405.73,4412.15,4405.26,4411.99,0.00,0.00,0.0,BULLISH,689.0,4413.10,4416.86,4413.02,4416.15,54,CLEARED_>=20s,384.0,305.0,71.0,8.0,18.5,2.1,18.5,PASS_<20%,4413.25,290.0,YES,STANDBY_VEL_LOW,0,0.00,4590.00,74.26,TRUE,READY_TO_FIRE
2026-09-07 14:47:54.633,1788792474.634,2018,109,326,4416.22,4416.30,8.0,PASS_<=10c,+7.0,UP,+312.0,+1049.0,4.2,+6.75,1.61,SLOW,4405.73,4412.15,4405.26,4411.99,0.00,0.00,0.0,BULLISH,689.0,4413.10,4416.86,4413.02,4416.22,54,CLEARED_>=20s,384.0,312.0,64.0,8.0,16.7,2.1,16.7,PASS_<20%,4413.25,297.0,YES,STANDBY_VEL_LOW,0,0.00,4590.00,74.26,TRUE,READY_TO_FIRE
2026-09-07 14:47:55.136,1788792475.137,2019,110,327,4416.18,4416.26,8.0,PASS_<=10c,-4.0,DOWN,+308.0,+1045.0,4.2,+6.29,1.50,SLOW,4405.73,4412.15,4405.26,4411.99,0.00,0.00,0.0,BULLISH,689.0,4413.10,4416.86,4413.02,4416.18,55,CLEARED_>=20s,384.0,308.0,68.0,8.0,17.7,2.1,17.7,PASS_<20%,4413.25,293.0,YES,STANDBY_VEL_LOW,0,0.00,4590.00,74.26,TRUE,READY_TO_FIRE
2026-09-07 14:47:55.638,1788792475.638,2020,111,328,4416.17,4416.25,8.0,PASS_<=10c,-1.0,DOWN,+307.0,+1044.0,4.2,+6.00,1.43,SLOW,4405.73,4412.15,4405.26,4411.99,0.00,0.00,0.0,BULLISH,689.0,4413.10,4416.86,4413.02,4416.17,55,CLEARED_>=20s,384.0,307.0,69.0,8.0,18.0,2.1,18.0,PASS_<20%,4413.25,292.0,YES,STANDBY_VEL_LOW,0,0.00,4590.00,74.26,TRUE,READY_TO_FIRE
2026-09-07 14:47:56.139,1788792476.139,2021,112,329,4416.16,4416.24,8.0,PASS_<=10c,-1.0,DOWN,+306.0,+1043.0,4.2,+5.79,1.38,SLOW,4405.73,4412.15,4405.26,4411.99,0.00,0.00,0.0,BULLISH,689.0,4413.10,4416.86,4413.02,4416.16,56,CLEARED_>=20s,384.0,306.0,70.0,8.0,18.2,2.1,18.2,PASS_<20%,4413.25,291.0,YES,STANDBY_VEL_LOW,0,0.00,4590.00,74.26,TRUE,READY_TO_FIRE
2026-09-07 14:47:56.640,1788792476.641,2022,113,330,4415.84,4415.92,8.0,PASS_<=10c,-32.0,DOWN,+274.0,+1011.0,4.2,+11.54,2.75,SLOW,4405.73,4412.15,4405.26,4411.99,0.00,0.00,0.0,BULLISH,689.0,4413.10,4416.86,4413.02,4415.84,56,CLEARED_>=20s,384.0,274.0,102.0,8.0,26.6,2.1,26.6,BLOCKED_26.6%,4413.25,259.0,NO,STANDBY_VEL_LOW,0,0.00,4590.00,74.26,FALSE,OPP_WICK_TOO_HIGH_0.27
2026-09-07 14:47:57.143,1788792477.143,2023,114,331,4415.88,4415.96,8.0,PASS_<=10c,+4.0,UP,+278.0,+1015.0,4.2,+6.29,1.50,SLOW,4405.73,4412.15,4405.26,4411.99,0.00,0.00,0.0,BULLISH,689.0,4413.10,4416.86,4413.02,4415.88,57,CLEARED_>=20s,384.0,278.0,98.0,8.0,25.5,2.1,25.5,BLOCKED_25.5%,4413.25,263.0,NO,STANDBY_VEL_LOW,0,0.00,4590.00,74.26,FALSE,OPP_WICK_TOO_HIGH_0.26
2026-09-07 14:47:57.646,1788792477.646,2024,115,332,4415.83,4415.91,8.0,PASS_<=10c,-5.0,DOWN,+273.0,+1010.0,4.2,+5.24,1.25,SLOW,4405.73,4412.15,4405.26,4411.99,0.00,0.00,0.0,BULLISH,689.0,4413.10,4416.86,4413.02,4415.83,57,CLEARED_>=20s,384.0,273.0,103.0,8.0,26.8,2.1,26.8,BLOCKED_26.8%,4413.25,258.0,NO,STANDBY_VEL_LOW,0,0.00,4590.00,74.26,FALSE,OPP_WICK_TOO_HIGH_0.27
2026-09-07 14:47:58.147,1788792478.148,2025,116,333,4415.83,4415.91,8.0,PASS_<=10c,+0.0,FLAT,+273.0,+1010.0,4.2,+5.24,1.25,SLOW,4405.73,4412.15,4405.26,4411.99,0.00,0.00,0.0,BULLISH,689.0,4413.10,4416.86,4413.02,4415.83,58,CLEARED_>=20s,384.0,273.0,103.0,8.0,26.8,2.1,26.8,BLOCKED_26.8%,4413.25,258.0,NO,STANDBY_VEL_LOW,0,0.00,4590.00,74.26,FALSE,OPP_WICK_TOO_HIGH_0.27
2026-09-07 14:47:58.648,1788792478.649,2026,117,334,4415.75,4415.83,8.0,PASS_<=10c,-8.0,DOWN,+265.0,+1002.0,4.2,+8.39,2.00,SLOW,4405.73,4412.15,4405.26,4411.99,0.00,0.00,0.0,BULLISH,689.0,4413.10,4416.86,4413.02,4415.75,58,CLEARED_>=20s,384.0,265.0,111.0,8.0,28.9,2.1,28.9,BLOCKED_28.9%,4413.25,250.0,NO,STANDBY_VEL_LOW,0,0.00,4590.00,74.26,FALSE,OPP_WICK_TOO_HIGH_0.29
2026-09-07 14:47:59.151,1788792479.152,2027,118,335,4415.87,4415.95,8.0,PASS_<=10c,+12.0,UP,+277.0,+1014.0,4.2,+7.13,1.70,SLOW,4405.73,4412.15,4405.26,4411.99,0.00,0.00,0.0,BULLISH,689.0,4413.10,4416.86,4413.02,4415.87,59,CLEARED_>=20s,384.0,277.0,99.0,8.0,25.8,2.1,25.8,BLOCKED_25.8%,4413.25,262.0,NO,STANDBY_VEL_LOW,0,0.00,4590.00,74.26,FALSE,OPP_WICK_TOO_HIGH_0.26
2026-09-07 14:47:59.652,1788792479.652,2028,119,336,4415.90,4415.98,8.0,PASS_<=10c,+3.0,UP,+280.0,+1017.0,4.2,+7.34,1.75,SLOW,4405.73,4412.15,4405.26,4411.99,0.00,0.00,0.0,BULLISH,689.0,4413.10,4416.86,4413.02,4415.90,59,CLEARED_>=20s,384.0,280.0,96.0,8.0,25.0,2.1,25.0,BLOCKED_25.0%,4413.25,265.0,NO,STANDBY_VEL_LOW,0,0.00,4590.00,74.26,FALSE,OPP_WICK_TOO_HIGH_0.25
2026-09-07 14:48:00.154,1788792480.155,2029,1,337,4415.81,4415.89,8.0,PASS_<=10c,-9.0,DOWN,+0.0,+1008.0,4.2,+7.76,1.85,SLOW,4405.73,4412.15,4405.26,4411.99,0.00,0.00,0.0,BULLISH,689.0,4415.81,4415.81,4415.81,4415.81,0,ACTIVE_0s,1.0,0.0,0.0,0.0,0.0,0.0,0.0,PASS_<20%,0.00,0.0,NO,STANDBY_VEL_LOW,0,0.00,4590.00,74.26,FALSE,M1_DIRECTION_MISMATCH|OPENING_SHIELD_ACTIVE_0s
2026-09-07 14:48:00.655,1788792480.655,2030,2,338,4415.75,4415.83,8.0,PASS_<=10c,-6.0,DOWN,-6.0,+1002.0,4.2,+9.02,2.15,SLOW,4405.73,4412.15,4405.26,4411.99,0.00,0.00,0.0,BULLISH,689.0,4415.81,4415.85,4415.75,4415.75,0,ACTIVE_0s,10.0,6.0,4.0,0.0,40.0,0.0,40.0,BLOCKED_40.0%,0.00,0.0,NO,STANDBY_VEL_LOW,0,0.00,4590.00,74.26,FALSE,M1_DIRECTION_MISMATCH|OPENING_SHIELD_ACTIVE_0s
2026-09-07 14:48:01.157,1788792481.158,2031,3,339,4415.70,4415.78,8.0,PASS_<=10c,-5.0,DOWN,-11.0,+997.0,4.2,+9.86,2.35,SLOW,4405.73,4412.15,4405.26,4411.99,0.00,0.00,0.0,BULLISH,689.0,4415.81,4415.85,4415.70,4415.70,1,ACTIVE_1s,15.0,11.0,4.0,0.0,26.7,0.0,26.7,BLOCKED_26.7%,0.00,0.0,NO,STANDBY_VEL_LOW,0,0.00,4590.00,74.26,FALSE,M1_DIRECTION_MISMATCH|OPENING_SHIELD_ACTIVE_1s
2026-09-07 14:48:01.659,1788792481.660,2032,4,340,4415.72,4415.80,8.0,PASS_<=10c,+2.0,UP,-9.0,+999.0,4.2,+4.17,0.99,SLOW,4405.73,4412.15,4405.26,4411.99,0.00,0.00,0.0,BULLISH,689.0,4415.81,4415.85,4415.70,4415.72,1,ACTIVE_1s,15.0,9.0,4.0,2.0,26.7,13.3,26.7,BLOCKED_26.7%,0.00,0.0,NO,STANDBY_VEL_LOW,0,0.00,4590.00,74.26,FALSE,M1_DIRECTION_MISMATCH|OPENING_SHIELD_ACTIVE_1s
2026-09-07 14:48:02.161,1788792482.161,2033,5,341,4415.80,4415.88,8.0,PASS_<=10c,+8.0,UP,-1.0,+1007.0,4.2,+4.29,1.02,SLOW,4405.73,4412.15,4405.26,4411.99,0.00,0.00,0.0,BULLISH,689.0,4415.81,4415.85,4415.70,4415.80,2,ACTIVE_2s,15.0,1.0,4.0,10.0,26.7,66.7,26.7,BLOCKED_26.7%,0.00,0.0,NO,STANDBY_VEL_LOW,0,0.00,4590.00,74.26,FALSE,M1_DIRECTION_MISMATCH|OPENING_SHIELD_ACTIVE_2s
2026-09-07 14:48:02.661,1788792482.662,2034,6,342,4415.82,4415.90,8.0,PASS_<=10c,+2.0,UP,+1.0,+1009.0,4.2,+4.25,1.01,SLOW,4405.73,4412.15,4405.26,4411.99,0.00,0.00,0.0,BULLISH,689.0,4415.81,4415.85,4415.70,4415.82,2,ACTIVE_2s,15.0,1.0,3.0,11.0,20.0,73.3,20.0,BLOCKED_20.0%,4415.96,14.0,NO,STANDBY_VEL_LOW,0,0.00,4590.00,74.26,FALSE,OPP_WICK_TOO_HIGH_0.20|OPENING_SHIELD_ACTIVE_2s|PRICE_BELOW_15C_DISPLACEMENT
2026-09-07 14:48:03.163,1788792483.164,2035,7,343,4415.78,4415.86,8.0,PASS_<=10c,-4.0,DOWN,-3.0,+1005.0,4.2,+4.37,1.04,SLOW,4405.73,4412.15,4405.26,4411.99,0.00,0.00,0.0,BULLISH,689.0,4415.81,4415.85,4415.68,4415.78,3,ACTIVE_3s,17.0,3.0,4.0,10.0,23.5,58.8,23.5,BLOCKED_23.5%,0.00,0.0,NO,STANDBY_VEL_LOW,0,0.00,4590.00,74.26,FALSE,M1_DIRECTION_MISMATCH|OPENING_SHIELD_ACTIVE_3s
2026-09-07 14:48:03.665,1788792483.666,2036,8,344,4415.81,4415.89,8.0,PASS_<=10c,+3.0,UP,+0.0,+1008.0,4.2,+4.57,1.09,SLOW,4405.73,4412.15,4405.26,4411.99,0.00,0.00,0.0,BULLISH,689.0,4415.81,4415.85,4415.68,4415.81,3,ACTIVE_3s,17.0,0.0,4.0,13.0,23.5,76.5,23.5,BLOCKED_23.5%,0.00,0.0,NO,STANDBY_VEL_LOW,0,0.00,4590.00,74.26,FALSE,M1_DIRECTION_MISMATCH|OPENING_SHIELD_ACTIVE_3s
2026-09-07 14:48:04.166,1788792484.167,2037,9,345,4415.86,4415.94,8.0,PASS_<=10c,+5.0,UP,+5.0,+1013.0,4.2,+4.74,1.13,SLOW,4405.73,4412.15,4405.26,4411.99,0.00,0.00,0.0,BULLISH,689.0,4415.81,4415.86,4415.68,4415.86,4,ACTIVE_4s,18.0,5.0,0.0,13.0,0.0,72.2,0.0,PASS_<20%,4415.96,10.0,NO,STANDBY_VEL_LOW,0,0.00,4590.00,74.26,FALSE,OPENING_SHIELD_ACTIVE_4s|PRICE_BELOW_15C_DISPLACEMENT
2026-09-07 14:48:04.669,1788792484.670,2038,10,346,4415.78,4415.86,8.0,PASS_<=10c,-8.0,DOWN,-3.0,+1005.0,4.2,+4.12,0.98,SLOW,4405.73,4412.15,4405.26,4411.99,0.00,0.00,0.0,BULLISH,689.0,4415.81,4415.86,4415.68,4415.78,4,ACTIVE_4s,18.0,3.0,5.0,10.0,27.8,55.6,27.8,BLOCKED_27.8%,0.00,0.0,NO,STANDBY_VEL_LOW,0,0.00,4590.00,74.26,FALSE,M1_DIRECTION_MISMATCH|OPENING_SHIELD_ACTIVE_4s
2026-09-07 14:48:05.169,1788792485.169,2039,11,347,4415.68,4415.76,8.0,PASS_<=10c,-10.0,DOWN,-13.0,+995.0,4.2,+3.80,0.90,SLOW,4405.73,4412.15,4405.26,4411.99,0.00,0.00,0.0,BULLISH,689.0,4415.81,4415.86,4415.68,4415.68,5,ACTIVE_5s,18.0,13.0,5.0,0.0,27.8,0.0,27.8,BLOCKED_27.8%,0.00,0.0,NO,STANDBY_VEL_LOW,0,0.00,4590.00,74.26,FALSE,M1_DIRECTION_MISMATCH|OPENING_SHIELD_ACTIVE_5s
2026-09-07 14:48:05.670,1788792485.671,2040,12,348,4415.65,4415.73,8.0,PASS_<=10c,-3.0,DOWN,-16.0,+992.0,4.2,+3.95,0.94,SLOW,4405.73,4412.15,4405.26,4411.99,0.00,0.00,0.0,BULLISH,689.0,4415.81,4415.86,4415.65,4415.65,5,ACTIVE_5s,21.0,16.0,5.0,0.0,23.8,0.0,23.8,BLOCKED_23.8%,0.00,0.0,NO,STANDBY_VEL_LOW,0,0.00,4590.00,74.26,FALSE,M1_DIRECTION_MISMATCH|OPENING_SHIELD_ACTIVE_5s
2026-09-07 14:48:06.172,1788792486.172,2041,13,349,4415.51,4415.59,8.0,PASS_<=10c,-14.0,DOWN,-30.0,+978.0,4.2,+4.20,1.00,SLOW,4405.73,4412.15,4405.26,4411.99,0.00,0.00,0.0,BULLISH,689.0,4415.81,4415.86,4415.51,4415.51,6,ACTIVE_6s,35.0,30.0,5.0,0.0,14.3,0.0,14.3,PASS_<20%,0.00,0.0,NO,STANDBY_VEL_LOW,0,0.00,4590.00,74.26,FALSE,M1_DIRECTION_MISMATCH|OPENING_SHIELD_ACTIVE_6s
2026-09-07 14:48:06.673,1788792486.674,2042,14,350,4415.65,4415.73,8.0,PASS_<=10c,+14.0,UP,-16.0,+992.0,4.2,+3.95,0.94,SLOW,4405.73,4412.15,4405.26,4411.99,0.00,0.00,0.0,BULLISH,689.0,4415.81,4415.86,4415.51,4415.65,6,ACTIVE_6s,35.0,16.0,5.0,14.0,14.3,40.0,14.3,PASS_<20%,0.00,0.0,NO,STANDBY_VEL_LOW,0,0.00,4590.00,74.26,FALSE,M1_DIRECTION_MISMATCH|OPENING_SHIELD_ACTIVE_6s
2026-09-07 14:48:07.175,1788792487.175,2043,15,351,4415.73,4415.81,8.0,PASS_<=10c,+8.0,UP,-8.0,+1000.0,4.2,+3.89,0.93,SLOW,4405.73,4412.15,4405.26,4411.99,0.00,0.00,0.0,BULLISH,689.0,4415.81,4415.86,4415.51,4415.73,7,ACTIVE_7s,35.0,8.0,5.0,22.0,14.3,62.9,14.3,PASS_<20%,0.00,0.0,NO,STANDBY_VEL_LOW,0,0.00,4590.00,74.26,FALSE,M1_DIRECTION_MISMATCH|OPENING_SHIELD_ACTIVE_7s
2026-09-07 14:48:07.676,1788792487.676,2044,16,352,4415.82,4415.90,8.0,PASS_<=10c,+9.0,UP,+1.0,+1009.0,4.2,+4.02,0.96,SLOW,4405.73,4412.15,4405.26,4411.99,0.00,0.00,0.0,BULLISH,689.0,4415.81,4415.86,4415.51,4415.82,7,ACTIVE_7s,35.0,1.0,4.0,30.0,11.4,85.7,11.4,PASS_<20%,4415.96,14.0,NO,STANDBY_VEL_LOW,0,0.00,4590.00,74.26,FALSE,OPENING_SHIELD_ACTIVE_7s|PRICE_BELOW_15C_DISPLACEMENT
2026-09-07 14:48:08.177,1788792488.178,2045,17,353,4415.92,4416.00,8.0,PASS_<=10c,+10.0,UP,+11.0,+1019.0,4.2,+4.17,0.99,SLOW,4405.73,4412.15,4405.26,4411.99,0.00,0.00,0.0,BULLISH,689.0,4415.81,4415.92,4415.51,4415.92,8,ACTIVE_8s,41.0,11.0,0.0,30.0,0.0,73.2,0.0,PASS_<20%,4415.96,4.0,NO,STANDBY_VEL_LOW,0,0.00,4590.00,74.26,FALSE,OPENING_SHIELD_ACTIVE_8s
2026-09-07 14:48:08.679,1788792488.679,2046,18,354,4415.92,4416.00,8.0,PASS_<=10c,+0.0,FLAT,+11.0,+1019.0,4.2,+4.17,0.99,SLOW,4405.73,4412.15,4405.26,4411.99,0.00,0.00,0.0,BULLISH,689.0,4415.81,4415.92,4415.51,4415.92,8,ACTIVE_8s,41.0,11.0,0.0,30.0,0.0,73.2,0.0,PASS_<20%,4415.96,4.0,NO,STANDBY_VEL_LOW,0,0.00,4590.00,74.26,FALSE,OPENING_SHIELD_ACTIVE_8s
2026-09-07 14:48:09.181,1788792489.182,2047,19,355,4416.06,4416.14,8.0,PASS_<=10c,+14.0,UP,+25.0,+1033.0,4.2,+4.20,1.00,SLOW,4405.73,4412.15,4405.26,4411.99,0.00,0.00,0.0,BULLISH,689.0,4415.81,4416.06,4415.51,4416.06,9,ACTIVE_9s,55.0,25.0,0.0,30.0,0.0,54.5,0.0,PASS_<20%,4415.96,10.0,NO,STANDBY_VEL_LOW,0,0.00,4590.00,74.26,FALSE,OPENING_SHIELD_ACTIVE_9s
2026-09-07 14:48:09.682,1788792489.683,2048,20,356,4416.07,4416.15,8.0,PASS_<=10c,+1.0,UP,+26.0,+1034.0,4.2,+7.35,1.75,SLOW,4405.73,4412.15,4405.26,4411.99,0.00,0.00,0.0,BULLISH,689.0,4415.81,4416.07,4415.51,4416.07,9,ACTIVE_9s,56.0,26.0,0.0,30.0,0.0,53.6,0.0,PASS_<20%,4415.96,11.0,NO,STANDBY_VEL_LOW,0,0.00,4590.00,74.26,FALSE,OPENING_SHIELD_ACTIVE_9s
2026-09-07 14:48:10.184,1788792490.185,2049,21,357,4416.29,4416.37,8.0,PASS_<=10c,+22.0,UP,+48.0,+1056.0,4.2,+12.80,3.05,SLOW,4405.73,4412.15,4405.26,4411.99,0.00,0.00,0.0,BULLISH,689.0,4415.81,4416.29,4415.51,4416.29,10,ACTIVE_10s,78.0,48.0,0.0,30.0,0.0,38.5,0.0,PASS_<20%,4415.96,33.0,NO,STANDBY_VEL_LOW,0,0.00,4590.00,74.26,FALSE,OPENING_SHIELD_ACTIVE_10s
2026-09-07 14:48:10.687,1788792490.688,2050,22,358,4416.22,4416.30,8.0,PASS_<=10c,-7.0,DOWN,+41.0,+1049.0,4.2,+11.96,2.85,SLOW,4405.73,4412.15,4405.26,4411.99,0.00,0.00,0.0,BULLISH,689.0,4415.81,4416.29,4415.51,4416.22,10,ACTIVE_10s,78.0,41.0,7.0,30.0,9.0,38.5,9.0,PASS_<20%,4415.96,26.0,NO,STANDBY_VEL_LOW,0,0.00,4590.00,74.26,FALSE,OPENING_SHIELD_ACTIVE_10s
2026-09-07 14:48:11.189,1788792491.190,2051,23,359,4416.20,4416.28,8.0,PASS_<=10c,-2.0,DOWN,+39.0,+1047.0,4.2,+11.96,2.85,SLOW,4405.73,4412.15,4405.26,4411.99,0.00,0.00,0.0,BULLISH,689.0,4415.81,4416.29,4415.51,4416.20,11,ACTIVE_11s,78.0,39.0,9.0,30.0,11.5,38.5,11.5,PASS_<20%,4415.96,24.0,NO,STANDBY_VEL_LOW,0,0.00,4590.00,74.26,FALSE,OPENING_SHIELD_ACTIVE_11s
2026-09-07 14:48:11.691,1788792491.692,2052,24,360,4416.20,4416.28,8.0,PASS_<=10c,+0.0,FLAT,+39.0,+1047.0,4.2,+11.54,2.75,SLOW,4405.73,4412.15,4405.26,4411.99,0.00,0.00,0.0,BULLISH,689.0,4415.81,4416.29,4415.51,4416.20,11,ACTIVE_11s,78.0,39.0,9.0,30.0,11.5,38.5,11.5,PASS_<20%,4415.96,24.0,NO,STANDBY_VEL_LOW,0,0.00,4590.00,74.26,FALSE,OPENING_SHIELD_ACTIVE_11s
2026-09-07 14:48:12.193,1788792492.193,2053,25,361,4416.12,4416.20,8.0,PASS_<=10c,-8.0,DOWN,+31.0,+1039.0,4.2,+7.55,1.80,SLOW,4405.73,4412.15,4405.26,4411.99,0.00,0.00,0.0,BULLISH,689.0,4415.81,4416.29,4415.51,4416.12,12,ACTIVE_12s,78.0,31.0,17.0,30.0,21.8,38.5,21.8,BLOCKED_21.8%,4415.96,16.0,NO,STANDBY_VEL_LOW,0,0.00,4590.00,74.26,FALSE,OPP_WICK_TOO_HIGH_0.22|OPENING_SHIELD_ACTIVE_12s
2026-09-07 14:48:12.694,1788792492.694,2054,26,362,4416.31,4416.39,8.0,PASS_<=10c,+19.0,UP,+50.0,+1058.0,4.2,+10.28,2.45,SLOW,4405.73,4412.15,4405.26,4411.99,0.00,0.00,0.0,BULLISH,689.0,4415.81,4416.31,4415.51,4416.31,12,ACTIVE_12s,80.0,50.0,0.0,30.0,0.0,37.5,0.0,PASS_<20%,4415.96,35.0,NO,STANDBY_VEL_LOW,0,0.00,4590.00,74.26,FALSE,OPENING_SHIELD_ACTIVE_12s
2026-09-07 14:48:13.195,1788792493.196,2055,27,363,4416.51,4416.59,8.0,PASS_<=10c,+20.0,UP,+70.0,+1078.0,4.2,+13.43,3.20,SLOW,4405.73,4412.15,4405.26,4411.99,0.00,0.00,0.0,BULLISH,689.0,4415.81,4416.51,4415.51,4416.51,13,ACTIVE_13s,100.0,70.0,0.0,30.0,0.0,30.0,0.0,PASS_<20%,4415.96,55.0,NO,STANDBY_VEL_LOW,0,0.00,4590.00,74.26,FALSE,OPENING_SHIELD_ACTIVE_13s
2026-09-07 14:48:13.698,1788792493.698,2056,28,364,4416.63,4416.71,8.0,PASS_<=10c,+12.0,UP,+82.0,+1090.0,4.2,+14.89,3.55,SLOW,4405.73,4412.15,4405.26,4411.99,0.00,0.00,0.0,BULLISH,689.0,4415.81,4416.63,4415.51,4416.63,13,ACTIVE_13s,112.0,82.0,0.0,30.0,0.0,26.8,0.0,PASS_<20%,4415.96,67.0,NO,STANDBY_VEL_LOW,0,0.00,4590.00,74.26,FALSE,OPENING_SHIELD_ACTIVE_13s
2026-09-07 14:48:14.200,1788792494.201,2057,29,365,4416.61,4416.69,8.0,PASS_<=10c,-2.0,DOWN,+80.0,+1088.0,4.2,+11.95,2.85,SLOW,4405.73,4412.15,4405.26,4411.99,0.00,0.00,0.0,BULLISH,689.0,4415.81,4416.66,4415.51,4416.61,14,ACTIVE_14s,115.0,80.0,5.0,30.0,4.3,26.1,4.3,PASS_<20%,4415.96,65.0,NO,STANDBY_VEL_LOW,0,0.00,4590.00,74.26,FALSE,OPENING_SHIELD_ACTIVE_14s
2026-09-07 14:48:14.703,1788792494.703,2058,30,366,4416.47,4416.55,8.0,PASS_<=10c,-14.0,DOWN,+66.0,+1074.0,4.2,+8.39,2.00,SLOW,4405.73,4412.15,4405.26,4411.99,0.00,0.00,0.0,BULLISH,689.0,4415.81,4416.66,4415.51,4416.47,14,ACTIVE_14s,115.0,66.0,19.0,30.0,16.5,26.1,16.5,PASS_<20%,4415.96,51.0,NO,STANDBY_VEL_LOW,0,0.00,4590.00,74.26,FALSE,OPENING_SHIELD_ACTIVE_14s
2026-09-07 14:48:15.205,1788792495.205,2059,31,367,4416.46,4416.54,8.0,PASS_<=10c,-1.0,DOWN,+65.0,+1073.0,4.2,+4.82,1.15,SLOW,4405.73,4412.15,4405.26,4411.99,0.00,0.00,0.0,BULLISH,689.0,4415.81,4416.66,4415.51,4416.46,15,ACTIVE_15s,115.0,65.0,20.0,30.0,17.4,26.1,17.4,PASS_<20%,4415.96,50.0,NO,STANDBY_VEL_LOW,0,0.00,4590.00,74.26,FALSE,OPENING_SHIELD_ACTIVE_15s
2026-09-07 14:48:15.705,1788792495.705,2060,32,368,4416.44,4416.52,8.0,PASS_<=10c,-2.0,DOWN,+63.0,+1071.0,4.2,+3.99,0.95,SLOW,4405.73,4412.15,4405.26,4411.99,0.00,0.00,0.0,BULLISH,689.0,4415.81,4416.66,4415.51,4416.44,15,ACTIVE_15s,115.0,63.0,22.0,30.0,19.1,26.1,19.1,PASS_<20%,4415.96,48.0,NO,STANDBY_VEL_LOW,0,0.00,4590.00,74.26,FALSE,OPENING_SHIELD_ACTIVE_15s
2026-09-07 14:48:16.207,1788792496.208,2061,33,369,4416.36,4416.44,8.0,PASS_<=10c,-8.0,DOWN,+55.0,+1063.0,4.2,+3.36,0.80,SLOW,4405.73,4412.15,4405.26,4411.99,0.00,0.00,0.0,BULLISH,689.0,4415.81,4416.66,4415.51,4416.36,16,ACTIVE_16s,115.0,55.0,30.0,30.0,26.1,26.1,26.1,BLOCKED_26.1%,4415.96,40.0,NO,STANDBY_VEL_LOW,0,0.00,4590.00,74.26,FALSE,OPP_WICK_TOO_HIGH_0.26|OPENING_SHIELD_ACTIVE_16s
2026-09-07 14:48:16.708,1788792496.709,2062,34,370,4416.24,4416.32,8.0,PASS_<=10c,-12.0,DOWN,+43.0,+1051.0,4.2,+1.28,0.30,SLOW,4405.73,4412.15,4405.26,4411.99,0.00,0.00,0.0,BULLISH,689.0,4415.81,4416.66,4415.51,4416.24,16,ACTIVE_16s,115.0,43.0,42.0,30.0,36.5,26.1,36.5,BLOCKED_36.5%,4415.96,28.0,NO,STANDBY_VEL_LOW,0,0.00,4590.00,74.26,FALSE,OPP_WICK_TOO_HIGH_0.37|OPENING_SHIELD_ACTIVE_16s
2026-09-07 14:48:17.209,1788792497.210,2063,35,371,4416.18,4416.26,8.0,PASS_<=10c,-6.0,DOWN,+37.0,+1045.0,4.2,+1.89,0.45,SLOW,4405.73,4412.15,4405.26,4411.99,0.00,0.00,0.0,BULLISH,689.0,4415.81,4416.66,4415.51,4416.18,17,ACTIVE_17s,115.0,37.0,48.0,30.0,41.7,26.1,41.7,BLOCKED_41.7%,4415.96,22.0,NO,STANDBY_VEL_LOW,0,0.00,4590.00,74.26,FALSE,OPP_WICK_TOO_HIGH_0.42|OPENING_SHIELD_ACTIVE_17s
2026-09-07 14:48:17.710,1788792497.711,2064,36,372,4416.16,4416.24,8.0,PASS_<=10c,-2.0,DOWN,+35.0,+1043.0,4.2,+5.46,1.30,SLOW,4405.73,4412.15,4405.26,4411.99,0.00,0.00,0.0,BULLISH,689.0,4415.81,4416.66,4415.51,4416.16,17,ACTIVE_17s,115.0,35.0,50.0,30.0,43.5,26.1,43.5,BLOCKED_43.5%,4415.96,20.0,NO,STANDBY_VEL_LOW,0,0.00,4590.00,74.26,FALSE,OPP_WICK_TOO_HIGH_0.43|OPENING_SHIELD_ACTIVE_17s
2026-09-07 14:48:18.213,1788792498.214,2065,37,373,4416.17,4416.25,8.0,PASS_<=10c,+1.0,UP,+36.0,+1044.0,4.2,+7.13,1.70,SLOW,4405.73,4412.15,4405.26,4411.99,0.00,0.00,0.0,BULLISH,689.0,4415.81,4416.66,4415.51,4416.17,18,ACTIVE_18s,115.0,36.0,49.0,30.0,42.6,26.1,42.6,BLOCKED_42.6%,4415.96,21.0,NO,STANDBY_VEL_LOW,0,0.00,4590.00,74.26,FALSE,OPP_WICK_TOO_HIGH_0.43|OPENING_SHIELD_ACTIVE_18s
2026-09-07 14:48:18.715,1788792498.715,2066,38,374,4416.17,4416.25,8.0,PASS_<=10c,+0.0,FLAT,+36.0,+1044.0,4.2,+10.28,2.45,SLOW,4405.73,4412.15,4405.26,4411.99,0.00,0.00,0.0,BULLISH,689.0,4415.81,4416.66,4415.51,4416.17,18,ACTIVE_18s,115.0,36.0,49.0,30.0,42.6,26.1,42.6,BLOCKED_42.6%,4415.96,21.0,NO,STANDBY_VEL_LOW,0,0.00,4590.00,74.26,FALSE,OPP_WICK_TOO_HIGH_0.43|OPENING_SHIELD_ACTIVE_18s
2026-09-07 14:48:19.216,1788792499.216,2067,39,375,4416.17,4416.25,8.0,PASS_<=10c,+0.0,FLAT,+36.0,+1044.0,4.2,+9.02,2.15,SLOW,4405.73,4412.15,4405.26,4411.99,0.00,0.00,0.0,BULLISH,689.0,4415.81,4416.66,4415.51,4416.17,19,ACTIVE_19s,115.0,36.0,49.0,30.0,42.6,26.1,42.6,BLOCKED_42.6%,4415.96,21.0,NO,STANDBY_VEL_LOW,0,0.00,4590.00,74.26,FALSE,OPP_WICK_TOO_HIGH_0.43|OPENING_SHIELD_ACTIVE_19s
2026-09-07 14:48:19.717,1788792499.717,2068,40,376,4416.18,4416.26,8.0,PASS_<=10c,+1.0,UP,+37.0,+1045.0,4.2,+5.67,1.35,SLOW,4405.73,4412.15,4405.26,4411.99,0.00,0.00,0.0,BULLISH,689.0,4415.81,4416.66,4415.51,4416.18,19,ACTIVE_19s,115.0,37.0,48.0,30.0,41.7,26.1,41.7,BLOCKED_41.7%,4415.96,22.0,NO,STANDBY_VEL_LOW,0,0.00,4590.00,74.26,FALSE,OPP_WICK_TOO_HIGH_0.42|OPENING_SHIELD_ACTIVE_19s
2026-09-07 14:48:20.219,1788792500.219,2069,41,377,4416.62,4416.70,8.0,PASS_<=10c,+44.0,UP,+81.0,+1089.0,4.2,+3.99,0.95,SLOW,4405.73,4412.15,4405.26,4411.99,0.00,0.00,0.0,BULLISH,689.0,4415.81,4416.66,4415.51,4416.62,20,CLEARED_>=20s,115.0,81.0,4.0,30.0,3.5,26.1,3.5,PASS_<20%,4415.96,66.0,YES,STANDBY_VEL_LOW,0,0.00,4590.00,74.26,TRUE,READY_TO_FIRE
2026-09-07 14:48:20.720,1788792500.720,2070,42,378,4416.71,4416.79,8.0,PASS_<=10c,+9.0,UP,+90.0,+1098.0,4.2,+5.25,1.25,SLOW,4405.73,4412.15,4405.26,4411.99,0.00,0.00,0.0,BULLISH,689.0,4415.81,4416.71,4415.51,4416.71,20,CLEARED_>=20s,120.0,90.0,0.0,30.0,0.0,25.0,0.0,PASS_<20%,4415.96,75.0,YES,STANDBY_VEL_LOW,0,0.00,4590.00,74.26,TRUE,READY_TO_FIRE
2026-09-07 14:48:21.222,1788792501.223,2071,43,379,4416.75,4416.83,8.0,PASS_<=10c,+4.0,UP,+94.0,+1102.0,4.2,+11.12,2.65,SLOW,4405.73,4412.15,4405.26,4411.99,0.00,0.00,0.0,BULLISH,689.0,4415.81,4416.75,4415.51,4416.75,21,CLEARED_>=20s,124.0,94.0,0.0,30.0,0.0,24.2,0.0,PASS_<20%,4415.96,79.0,YES,STANDBY_VEL_LOW,0,0.00,4590.00,74.26,TRUE,READY_TO_FIRE
2026-09-07 14:48:21.724,1788792501.724,2072,44,380,4416.54,4416.62,8.0,PASS_<=10c,-21.0,DOWN,+73.0,+1081.0,4.2,+6.51,1.55,SLOW,4405.73,4412.15,4405.26,4411.99,0.00,0.00,0.0,BULLISH,689.0,4415.81,4416.75,4415.51,4416.54,21,CLEARED_>=20s,124.0,73.0,21.0,30.0,16.9,24.2,16.9,PASS_<20%,4415.96,58.0,YES,STANDBY_VEL_LOW,0,0.00,4590.00,74.26,TRUE,READY_TO_FIRE
2026-09-07 14:48:22.225,1788792502.226,2073,45,381,4416.54,4416.62,8.0,PASS_<=10c,+0.0,FLAT,+73.0,+1081.0,4.2,+7.55,1.80,SLOW,4405.73,4412.15,4405.26,4411.99,0.00,0.00,0.0,BULLISH,689.0,4415.81,4416.75,4415.51,4416.54,22,CLEARED_>=20s,124.0,73.0,21.0,30.0,16.9,24.2,16.9,PASS_<20%,4415.96,58.0,YES,STANDBY_VEL_LOW,0,0.00,4590.00,74.26,TRUE,READY_TO_FIRE
2026-09-07 14:48:22.727,1788792502.727,2074,46,382,4416.56,4416.64,8.0,PASS_<=10c,+2.0,UP,+75.0,+1083.0,4.2,+8.60,2.05,SLOW,4405.73,4412.15,4405.26,4411.99,0.00,0.00,0.0,BULLISH,689.0,4415.81,4416.75,4415.51,4416.56,22,CLEARED_>=20s,124.0,75.0,19.0,30.0,15.3,24.2,15.3,PASS_<20%,4415.96,60.0,YES,STANDBY_VEL_LOW,0,0.00,4590.00,74.26,TRUE,READY_TO_FIRE
2026-09-07 14:48:23.228,1788792503.229,2075,47,383,4416.54,4416.62,8.0,PASS_<=10c,-2.0,DOWN,+73.0,+1081.0,4.2,+7.76,1.85,SLOW,4405.73,4412.15,4405.26,4411.99,0.00,0.00,0.0,BULLISH,689.0,4415.81,4416.75,4415.51,4416.54,23,CLEARED_>=20s,124.0,73.0,21.0,30.0,16.9,24.2,16.9,PASS_<20%,4415.96,58.0,YES,STANDBY_VEL_LOW,0,0.00,4590.00,74.26,TRUE,READY_TO_FIRE
2026-09-07 14:48:23.730,1788792503.731,2076,48,384,4416.55,4416.63,8.0,PASS_<=10c,+1.0,UP,+74.0,+1082.0,4.2,+7.98,1.90,SLOW,4405.73,4412.15,4405.26,4411.99,0.00,0.00,0.0,BULLISH,689.0,4415.81,4416.75,4415.51,4416.55,23,CLEARED_>=20s,124.0,74.0,20.0,30.0,16.1,24.2,16.1,PASS_<20%,4415.96,59.0,YES,STANDBY_VEL_LOW,0,0.00,4590.00,74.26,TRUE,READY_TO_FIRE
2026-09-07 14:48:24.233,1788792504.233,2077,49,385,4416.62,4416.70,8.0,PASS_<=10c,+7.0,UP,+81.0,+1089.0,4.2,+9.44,2.25,SLOW,4405.73,4412.15,4405.26,4411.99,0.00,0.00,0.0,BULLISH,689.0,4415.81,4416.75,4415.51,4416.62,24,CLEARED_>=20s,124.0,81.0,13.0,30.0,10.5,24.2,10.5,PASS_<20%,4415.96,66.0,YES,STANDBY_VEL_LOW,0,0.00,4590.00,74.26,TRUE,READY_TO_FIRE
2026-09-07 14:48:24.734,1788792504.735,2078,50,386,4416.64,4416.72,8.0,PASS_<=10c,+2.0,UP,+83.0,+1091.0,4.2,+8.39,2.00,SLOW,4405.73,4412.15,4405.26,4411.99,0.00,0.00,0.0,BULLISH,689.0,4415.81,4416.75,4415.51,4416.64,24,CLEARED_>=20s,124.0,83.0,11.0,30.0,8.9,24.2,8.9,PASS_<20%,4415.96,68.0,YES,STANDBY_VEL_LOW,0,0.00,4590.00,74.26,TRUE,READY_TO_FIRE
2026-09-07 14:48:25.236,1788792505.237,2079,51,387,4416.66,4416.74,8.0,PASS_<=10c,+2.0,UP,+85.0,+1093.0,4.2,+0.52,0.12,SLOW,4405.73,4412.15,4405.26,4411.99,0.00,0.00,0.0,BULLISH,689.0,4415.81,4416.75,4415.51,4416.66,25,CLEARED_>=20s,124.0,85.0,9.0,30.0,7.3,24.2,7.3,PASS_<20%,4415.96,70.0,YES,STANDBY_VEL_LOW,0,0.00,4590.00,74.26,TRUE,READY_TO_FIRE
2026-09-07 14:48:25.737,1788792505.738,2080,52,388,4416.67,4416.75,8.0,PASS_<=10c,+1.0,UP,+86.0,+1094.0,4.2,+1.68,0.40,SLOW,4405.73,4412.15,4405.26,4411.99,0.00,0.00,0.0,BULLISH,689.0,4415.81,4416.75,4415.51,4416.67,25,CLEARED_>=20s,124.0,86.0,8.0,30.0,6.5,24.2,6.5,PASS_<20%,4415.96,71.0,YES,STANDBY_VEL_LOW,0,0.00,4590.00,74.26,TRUE,READY_TO_FIRE
2026-09-07 14:48:26.240,1788792506.240,2081,53,389,4416.66,4416.74,8.0,PASS_<=10c,-1.0,DOWN,+85.0,+1093.0,4.2,+0.84,0.20,SLOW,4405.73,4412.15,4405.26,4411.99,0.00,0.00,0.0,BULLISH,689.0,4415.81,4416.75,4415.51,4416.66,26,CLEARED_>=20s,124.0,85.0,9.0,30.0,7.3,24.2,7.3,PASS_<20%,4415.96,70.0,YES,STANDBY_VEL_LOW,0,0.00,4590.00,74.26,TRUE,READY_TO_FIRE
2026-09-07 14:48:26.741,1788792506.742,2082,54,390,4416.66,4416.74,8.0,PASS_<=10c,+0.0,FLAT,+85.0,+1093.0,4.2,+2.31,0.55,SLOW,4405.73,4412.15,4405.26,4411.99,0.00,0.00,0.0,BULLISH,689.0,4415.81,4416.75,4415.51,4416.66,26,CLEARED_>=20s,124.0,85.0,9.0,30.0,7.3,24.2,7.3,PASS_<20%,4415.96,70.0,YES,STANDBY_VEL_LOW,0,0.00,4590.00,74.26,TRUE,READY_TO_FIRE
2026-09-07 14:48:27.243,1788792507.243,2083,55,391,4416.61,4416.69,8.0,PASS_<=10c,-5.0,DOWN,+80.0,+1088.0,4.2,+2.10,0.50,SLOW,4405.73,4412.15,4405.26,4411.99,0.00,0.00,0.0,BULLISH,689.0,4415.81,4416.75,4415.51,4416.61,27,CLEARED_>=20s,124.0,80.0,14.0,30.0,11.3,24.2,11.3,PASS_<20%,4415.96,65.0,YES,STANDBY_VEL_LOW,0,0.00,4590.00,74.26,TRUE,READY_TO_FIRE
2026-09-07 14:48:27.744,1788792507.744,2084,56,392,4416.75,4416.83,8.0,PASS_<=10c,+14.0,UP,+94.0,+1102.0,4.2,+3.99,0.95,SLOW,4405.73,4412.15,4405.26,4411.99,0.00,0.00,0.0,BULLISH,689.0,4415.81,4416.75,4415.51,4416.75,27,CLEARED_>=20s,124.0,94.0,0.0,30.0,0.0,24.2,0.0,PASS_<20%,4415.96,79.0,YES,STANDBY_VEL_LOW,0,0.00,4590.00,74.26,TRUE,READY_TO_FIRE
2026-09-07 14:48:28.246,1788792508.247,2085,57,393,4416.66,4416.74,8.0,PASS_<=10c,-9.0,DOWN,+85.0,+1093.0,4.2,+2.94,0.70,SLOW,4405.73,4412.15,4405.26,4411.99,0.00,0.00,0.0,BULLISH,689.0,4415.81,4416.75,4415.51,4416.66,28,CLEARED_>=20s,124.0,85.0,9.0,30.0,7.3,24.2,7.3,PASS_<20%,4415.96,70.0,YES,STANDBY_VEL_LOW,0,0.00,4590.00,74.26,TRUE,READY_TO_FIRE
2026-09-07 14:48:28.748,1788792508.749,2086,58,394,4416.64,4416.72,8.0,PASS_<=10c,-2.0,DOWN,+83.0,+1091.0,4.2,+1.68,0.40,SLOW,4405.73,4412.15,4405.26,4411.99,0.00,0.00,0.0,BULLISH,689.0,4415.81,4416.75,4415.51,4416.64,28,CLEARED_>=20s,124.0,83.0,11.0,30.0,8.9,24.2,8.9,PASS_<20%,4415.96,68.0,YES,STANDBY_VEL_LOW,0,0.00,4590.00,74.26,TRUE,READY_TO_FIRE
2026-09-07 14:48:29.250,1788792509.250,2087,59,395,4416.58,4416.66,8.0,PASS_<=10c,-6.0,DOWN,+77.0,+1085.0,4.2,+1.05,0.25,SLOW,4405.73,4412.15,4405.26,4411.99,0.00,0.00,0.0,BULLISH,689.0,4415.81,4416.75,4415.51,4416.58,29,CLEARED_>=20s,124.0,77.0,17.0,30.0,13.7,24.2,13.7,PASS_<20%,4415.96,62.0,YES,STANDBY_VEL_LOW,0,0.00,4590.00,74.26,TRUE,READY_TO_FIRE
2026-09-07 14:48:29.751,1788792509.752,2088,60,396,4416.58,4416.66,8.0,PASS_<=10c,+0.0,FLAT,+77.0,+1085.0,4.2,+1.26,0.30,SLOW,4405.73,4412.15,4405.26,4411.99,0.00,0.00,0.0,BULLISH,689.0,4415.81,4416.75,4415.51,4416.58,29,CLEARED_>=20s,124.0,77.0,17.0,30.0,13.7,24.2,13.7,PASS_<20%,4415.96,62.0,YES,STANDBY_VEL_LOW,0,0.00,4590.00,74.26,TRUE,READY_TO_FIRE
2026-09-07 14:48:30.253,1788792510.253,2089,61,397,4416.65,4416.73,8.0,PASS_<=10c,+7.0,UP,+84.0,+1092.0,4.2,+0.47,0.11,SLOW,4405.73,4412.15,4405.26,4411.99,0.00,0.00,0.0,BULLISH,689.0,4415.81,4416.75,4415.51,4416.65,30,CLEARED_>=20s,124.0,84.0,10.0,30.0,8.1,24.2,8.1,PASS_<20%,4415.96,69.0,YES,STANDBY_VEL_LOW,0,0.00,4590.00,74.26,TRUE,READY_TO_FIRE
2026-09-07 14:48:30.756,1788792510.757,2090,62,398,4416.77,4416.85,8.0,PASS_<=10c,+12.0,UP,+96.0,+1104.0,4.2,+2.10,0.50,SLOW,4405.73,4412.15,4405.26,4411.99,0.00,0.00,0.0,BULLISH,689.0,4415.81,4416.77,4415.51,4416.77,30,CLEARED_>=20s,126.0,96.0,0.0,30.0,0.0,23.8,0.0,PASS_<20%,4415.96,81.0,YES,STANDBY_VEL_LOW,0,0.00,4590.00,74.26,TRUE,READY_TO_FIRE
2026-09-07 14:48:31.256,1788792511.257,2091,63,399,4417.34,4417.42,8.0,PASS_<=10c,+57.0,UP,+153.0,+1161.0,4.2,+14.27,3.40,SLOW,4405.73,4412.15,4405.26,4411.99,0.00,0.00,0.0,BULLISH,689.0,4415.81,4417.34,4415.51,4417.34,31,CLEARED_>=20s,183.0,153.0,0.0,30.0,0.0,16.4,0.0,PASS_<20%,4415.96,138.0,YES,STANDBY_VEL_LOW,0,0.00,4590.00,74.26,TRUE,READY_TO_FIRE
2026-09-07 14:48:31.759,1788792511.759,2092,64,400,4417.34,4417.42,8.0,PASS_<=10c,+0.0,FLAT,+153.0,+1161.0,4.2,+14.27,3.40,SLOW,4405.73,4412.15,4405.26,4411.99,0.00,0.00,0.0,BULLISH,689.0,4415.81,4417.34,4415.51,4417.34,31,CLEARED_>=20s,183.0,153.0,0.0,30.0,0.0,16.4,0.0,PASS_<20%,4415.96,138.0,YES,STANDBY_VEL_LOW,0,0.00,4590.00,74.26,TRUE,READY_TO_FIRE
2026-09-07 14:48:32.261,1788792512.262,2093,65,401,4417.32,4417.40,8.0,PASS_<=10c,-2.0,DOWN,+151.0,+1159.0,4.2,+14.89,3.55,SLOW,4405.73,4412.15,4405.26,4411.99,0.00,0.00,0.0,BULLISH,689.0,4415.81,4417.34,4415.51,4417.32,32,CLEARED_>=20s,183.0,151.0,2.0,30.0,1.1,16.4,1.1,PASS_<20%,4415.96,136.0,YES,STANDBY_VEL_LOW,0,0.00,4590.00,74.26,TRUE,READY_TO_FIRE
2026-09-07 14:48:32.763,1788792512.763,2094,66,402,4417.43,4417.51,8.0,PASS_<=10c,+11.0,UP,+162.0,+1170.0,4.2,+14.47,3.45,SLOW,4405.73,4412.15,4405.26,4411.99,0.00,0.00,0.0,BULLISH,689.0,4415.81,4417.43,4415.51,4417.43,32,CLEARED_>=20s,192.0,162.0,0.0,30.0,0.0,15.6,0.0,PASS_<20%,4415.96,147.0,YES,STANDBY_VEL_LOW,0,0.00,4590.00,74.26,TRUE,READY_TO_FIRE
2026-09-07 14:48:33.265,1788792513.265,2095,67,403,4417.35,4417.43,8.0,PASS_<=10c,-8.0,DOWN,+154.0,+1162.0,4.2,+14.47,3.45,SLOW,4405.73,4412.15,4405.26,4411.99,0.00,0.00,0.0,BULLISH,689.0,4415.81,4417.43,4415.51,4417.35,33,CLEARED_>=20s,192.0,154.0,8.0,30.0,4.2,15.6,4.2,PASS_<20%,4415.96,139.0,YES,STANDBY_VEL_LOW,0,0.00,4590.00,74.26,TRUE,READY_TO_FIRE
2026-09-07 14:48:33.766,1788792513.767,2096,68,404,4417.41,4417.49,8.0,PASS_<=10c,+6.0,UP,+160.0,+1168.0,4.2,+16.99,4.05,SLOW,4405.73,4412.15,4405.26,4411.99,0.00,0.00,0.0,BULLISH,689.0,4415.81,4417.43,4415.51,4417.41,33,CLEARED_>=20s,192.0,160.0,2.0,30.0,1.0,15.6,1.0,PASS_<20%,4415.96,145.0,YES,STANDBY_VEL_LOW,0,0.00,4590.00,74.26,TRUE,READY_TO_FIRE
2026-09-07 14:48:34.267,1788792514.268,2097,69,405,4417.36,4417.44,8.0,PASS_<=10c,-5.0,DOWN,+155.0,+1163.0,4.2,+16.36,3.90,SLOW,4405.73,4412.15,4405.26,4411.99,0.00,0.00,0.0,BULLISH,689.0,4415.81,4417.43,4415.51,4417.36,34,CLEARED_>=20s,192.0,155.0,7.0,30.0,3.6,15.6,3.6,PASS_<20%,4415.96,140.0,YES,STANDBY_VEL_LOW,0,0.00,4590.00,74.26,TRUE,READY_TO_FIRE
2026-09-07 14:48:34.770,1788792514.770,2098,70,406,4417.38,4417.46,8.0,PASS_<=10c,+2.0,UP,+157.0,+1165.0,4.2,+16.78,4.00,SLOW,4405.73,4412.15,4405.26,4411.99,0.00,0.00,0.0,BULLISH,689.0,4415.81,4417.43,4415.51,4417.38,34,CLEARED_>=20s,192.0,157.0,5.0,30.0,2.6,15.6,2.6,PASS_<20%,4415.96,142.0,YES,STANDBY_VEL_LOW,0,0.00,4590.00,74.26,TRUE,READY_TO_FIRE
2026-09-07 14:48:35.271,1788792515.272,2099,71,407,4417.38,4417.46,8.0,PASS_<=10c,+0.0,FLAT,+157.0,+1165.0,4.2,+14.68,3.50,SLOW,4405.73,4412.15,4405.26,4411.99,0.00,0.00,0.0,BULLISH,689.0,4415.81,4417.43,4415.51,4417.38,35,CLEARED_>=20s,192.0,157.0,5.0,30.0,2.6,15.6,2.6,PASS_<20%,4415.96,142.0,YES,STANDBY_VEL_LOW,0,0.00,4590.00,74.26,TRUE,READY_TO_FIRE
2026-09-07 14:48:35.775,1788792515.776,2100,72,408,4417.83,4417.91,8.0,PASS_<=10c,+45.0,UP,+202.0,+1210.0,4.2,+21.40,5.10,SLOW,4405.73,4412.15,4405.26,4411.99,0.00,0.00,0.0,BULLISH,689.0,4415.81,4417.83,4415.51,4417.83,35,CLEARED_>=20s,232.0,202.0,0.0,30.0,0.0,12.9,0.0,PASS_<20%,4415.96,187.0,YES,STANDBY_VEL_LOW,0,0.00,4590.00,74.26,TRUE,READY_TO_FIRE
2026-09-07 14:48:36.273,1788792516.274,2101,73,409,4417.90,4417.98,8.0,PASS_<=10c,+7.0,UP,+209.0,+1217.0,4.2,+12.80,3.05,SLOW,4405.73,4412.15,4405.26,4411.99,0.00,0.00,0.0,BULLISH,689.0,4415.81,4417.90,4415.51,4417.90,36,CLEARED_>=20s,239.0,209.0,0.0,30.0,0.0,12.6,0.0,PASS_<20%,4415.96,194.0,YES,STANDBY_VEL_LOW,0,0.00,4590.00,74.26,TRUE,READY_TO_FIRE
2026-09-07 14:48:36.776,1788792516.776,2102,74,410,4418.00,4418.08,8.0,PASS_<=10c,+10.0,UP,+219.0,+1227.0,4.2,+14.48,3.45,SLOW,4405.73,4412.15,4405.26,4411.99,0.00,0.00,0.0,BULLISH,689.0,4415.81,4418.06,4415.51,4418.00,36,CLEARED_>=20s,255.0,219.0,6.0,30.0,2.4,11.8,2.4,PASS_<20%,4415.96,204.0,YES,STANDBY_VEL_LOW,0,0.00,4590.00,74.26,TRUE,READY_TO_FIRE
2026-09-07 14:48:37.277,1788792517.278,2103,75,411,4417.60,4417.68,8.0,PASS_<=10c,-40.0,DOWN,+179.0,+1187.0,4.2,+6.30,1.50,SLOW,4405.73,4412.15,4405.26,4411.99,0.00,0.00,0.0,BULLISH,689.0,4415.81,4418.06,4415.51,4417.60,37,CLEARED_>=20s,255.0,179.0,46.0,30.0,18.0,11.8,18.0,PASS_<20%,4415.96,164.0,YES,STANDBY_VEL_LOW,0,0.00,4590.00,74.26,TRUE,READY_TO_FIRE
2026-09-07 14:48:37.779,1788792517.780,2104,76,412,4417.39,4417.47,8.0,PASS_<=10c,-21.0,DOWN,+158.0,+1166.0,4.2,+2.17,0.52,SLOW,4405.73,4412.15,4405.26,4411.99,0.00,0.00,0.0,BULLISH,689.0,4415.81,4418.06,4415.51,4417.39,37,CLEARED_>=20s,255.0,158.0,67.0,30.0,26.3,11.8,26.3,BLOCKED_26.3%,4415.96,143.0,NO,STANDBY_VEL_LOW,0,0.00,4590.00,74.26,FALSE,OPP_WICK_TOO_HIGH_0.26
2026-09-07 14:48:38.280,1788792518.281,2105,77,413,4417.48,4417.56,8.0,PASS_<=10c,+9.0,UP,+167.0,+1175.0,4.2,+2.08,0.50,SLOW,4405.73,4412.15,4405.26,4411.99,0.00,0.00,0.0,BULLISH,689.0,4415.81,4418.06,4415.51,4417.48,38,CLEARED_>=20s,255.0,167.0,58.0,30.0,22.7,11.8,22.7,BLOCKED_22.7%,4415.96,152.0,NO,STANDBY_VEL_LOW,0,0.00,4590.00,74.26,FALSE,OPP_WICK_TOO_HIGH_0.23
2026-09-07 14:48:38.781,1788792518.782,2106,78,414,4417.82,4417.90,8.0,PASS_<=10c,+34.0,UP,+201.0,+1209.0,4.2,+10.08,2.40,SLOW,4405.73,4412.15,4405.26,4411.99,0.00,0.00,0.0,BULLISH,689.0,4415.81,4418.06,4415.51,4417.82,38,CLEARED_>=20s,255.0,201.0,24.0,30.0,9.4,11.8,9.4,PASS_<20%,4415.96,186.0,YES,STANDBY_VEL_LOW,0,0.00,4590.00,74.26,TRUE,READY_TO_FIRE
2026-09-07 14:48:39.282,1788792519.283,2107,79,415,4418.05,4418.13,8.0,PASS_<=10c,+23.0,UP,+224.0,+1232.0,4.2,+14.69,3.50,SLOW,4405.73,4412.15,4405.26,4411.99,0.00,0.00,0.0,BULLISH,689.0,4415.81,4418.06,4415.51,4418.05,39,CLEARED_>=20s,255.0,224.0,1.0,30.0,0.4,11.8,0.4,PASS_<20%,4415.96,209.0,YES,STANDBY_VEL_LOW,0,0.00,4590.00,74.26,TRUE,READY_TO_FIRE
2026-09-07 14:48:39.784,1788792519.784,2108,80,416,4418.05,4418.13,8.0,PASS_<=10c,+0.0,FLAT,+224.0,+1232.0,4.2,+13.86,3.30,SLOW,4405.73,4412.15,4405.26,4411.99,0.00,0.00,0.0,BULLISH,689.0,4415.81,4418.06,4415.51,4418.05,39,CLEARED_>=20s,255.0,224.0,1.0,30.0,0.4,11.8,0.4,PASS_<20%,4415.96,209.0,YES,STANDBY_VEL_LOW,0,0.00,4590.00,74.26,TRUE,READY_TO_FIRE
2026-09-07 14:48:40.286,1788792520.286,2109,81,417,4417.81,4417.89,8.0,PASS_<=10c,-24.0,DOWN,+200.0,+1208.0,4.2,+10.50,2.50,SLOW,4405.73,4412.15,4405.26,4411.99,0.00,0.00,0.0,BULLISH,689.0,4415.81,4418.09,4415.51,4417.81,40,CLEARED_>=20s,258.0,200.0,28.0,30.0,10.9,11.6,10.9,PASS_<20%,4415.96,185.0,YES,STANDBY_VEL_LOW,0,0.00,4590.00,74.26,TRUE,READY_TO_FIRE
2026-09-07 14:48:40.788,1788792520.789,2110,82,418,4417.83,4417.91,8.0,PASS_<=10c,+2.0,UP,+202.0,+1210.0,4.2,+2.12,0.50,SLOW,4405.73,4412.15,4405.26,4411.99,0.00,0.00,0.0,BULLISH,689.0,4415.81,4418.09,4415.51,4417.83,40,CLEARED_>=20s,258.0,202.0,26.0,30.0,10.1,11.6,10.1,PASS_<20%,4415.96,187.0,YES,STANDBY_VEL_LOW,0,0.00,4590.00,74.26,TRUE,READY_TO_FIRE
2026-09-07 14:48:41.290,1788792521.290,2111,83,419,4417.99,4418.07,8.0,PASS_<=10c,+16.0,UP,+218.0,+1226.0,4.2,+2.18,0.52,SLOW,4405.73,4412.15,4405.26,4411.99,0.00,0.00,0.0,BULLISH,689.0,4415.81,4418.09,4415.51,4417.99,41,CLEARED_>=20s,258.0,218.0,10.0,30.0,3.9,11.6,3.9,PASS_<20%,4415.96,203.0,YES,STANDBY_VEL_LOW,0,0.00,4590.00,74.26,TRUE,READY_TO_FIRE
2026-09-07 14:48:41.792,1788792521.792,2112,84,420,4418.24,4418.32,8.0,PASS_<=10c,+25.0,UP,+243.0,+1251.0,4.2,+9.02,2.15,SLOW,4405.73,4412.15,4405.26,4411.99,0.00,0.00,0.0,BULLISH,689.0,4415.81,4418.24,4415.51,4418.24,41,CLEARED_>=20s,273.0,243.0,0.0,30.0,0.0,11.0,0.0,PASS_<20%,4415.96,228.0,YES,STANDBY_VEL_LOW,0,0.00,4590.00,74.26,TRUE,READY_TO_FIRE
2026-09-07 14:48:42.293,1788792522.294,2113,85,421,4418.53,4418.61,8.0,PASS_<=10c,+29.0,UP,+272.0,+1280.0,4.2,+20.15,4.80,SLOW,4405.73,4412.15,4405.26,4411.99,0.00,0.00,0.0,BULLISH,689.0,4415.81,4418.53,4415.51,4418.53,42,CLEARED_>=20s,302.0,272.0,0.0,30.0,0.0,9.9,0.0,PASS_<20%,4415.96,257.0,YES,STANDBY_VEL_LOW,0,0.00,4590.00,74.26,TRUE,READY_TO_FIRE
2026-09-07 14:48:42.796,1788792522.796,2114,86,422,4418.40,4418.48,8.0,PASS_<=10c,-13.0,DOWN,+259.0,+1267.0,4.2,+19.09,4.55,SLOW,4405.73,4412.15,4405.26,4411.99,0.00,0.00,0.0,BULLISH,689.0,4415.81,4418.53,4415.51,4418.40,42,CLEARED_>=20s,302.0,259.0,13.0,30.0,4.3,9.9,4.3,PASS_<20%,4415.96,244.0,YES,STANDBY_VEL_LOW,0,0.00,4590.00,74.26,TRUE,READY_TO_FIRE
2026-09-07 14:48:43.298,1788792523.298,2115,87,423,4418.43,4418.51,8.0,PASS_<=10c,+3.0,UP,+262.0,+1270.0,4.2,+18.67,4.45,SLOW,4405.73,4412.15,4405.26,4411.99,0.00,0.00,0.0,BULLISH,689.0,4415.81,4418.53,4415.51,4418.43,43,CLEARED_>=20s,302.0,262.0,10.0,30.0,3.3,9.9,3.3,PASS_<20%,4415.96,247.0,YES,STANDBY_VEL_LOW,0,0.00,4590.00,74.26,TRUE,READY_TO_FIRE
2026-09-07 14:48:43.801,1788792523.801,2116,88,424,4418.45,4418.53,8.0,PASS_<=10c,+2.0,UP,+264.0,+1272.0,4.2,+10.07,2.40,SLOW,4405.73,4412.15,4405.26,4411.99,0.00,0.00,0.0,BULLISH,689.0,4415.81,4418.53,4415.51,4418.45,43,CLEARED_>=20s,302.0,264.0,8.0,30.0,2.6,9.9,2.6,PASS_<20%,4415.96,249.0,YES,STANDBY_VEL_LOW,0,0.00,4590.00,74.26,TRUE,READY_TO_FIRE
2026-09-07 14:48:44.302,1788792524.302,2117,89,425,4418.55,4418.63,8.0,PASS_<=10c,+10.0,UP,+274.0,+1282.0,4.2,+10.48,2.50,SLOW,4405.73,4412.15,4405.26,4411.99,0.00,0.00,0.0,BULLISH,689.0,4415.81,4418.55,4415.51,4418.55,44,CLEARED_>=20s,304.0,274.0,0.0,30.0,0.0,9.9,0.0,PASS_<20%,4415.96,259.0,YES,STANDBY_VEL_LOW,0,0.00,4590.00,74.26,TRUE,READY_TO_FIRE
2026-09-07 14:48:44.803,1788792524.804,2118,90,426,4418.64,4418.72,8.0,PASS_<=10c,+9.0,UP,+283.0,+1291.0,4.2,+11.53,2.75,SLOW,4405.73,4412.15,4405.26,4411.99,0.00,0.00,0.0,BULLISH,689.0,4415.81,4418.64,4415.51,4418.64,44,CLEARED_>=20s,313.0,283.0,0.0,30.0,0.0,9.6,0.0,PASS_<20%,4415.96,268.0,YES,STANDBY_VEL_LOW,0,0.00,4590.00,74.26,TRUE,READY_TO_FIRE
2026-09-07 14:48:45.306,1788792525.306,2119,91,427,4418.71,4418.79,8.0,PASS_<=10c,+7.0,UP,+290.0,+1298.0,4.2,+19.09,4.55,SLOW,4405.73,4412.15,4405.26,4411.99,0.00,0.00,0.0,BULLISH,689.0,4415.81,4418.73,4415.51,4418.71,45,CLEARED_>=20s,322.0,290.0,2.0,30.0,0.6,9.3,0.6,PASS_<20%,4415.96,275.0,YES,STANDBY_VEL_LOW,0,0.00,4590.00,74.26,TRUE,READY_TO_FIRE
2026-09-07 14:48:45.806,1788792525.807,2120,92,428,4418.73,4418.81,8.0,PASS_<=10c,+2.0,UP,+292.0,+1300.0,4.2,+17.62,4.20,SLOW,4405.73,4412.15,4405.26,4411.99,0.00,0.00,0.0,BULLISH,689.0,4415.81,4418.78,4415.51,4418.73,45,CLEARED_>=20s,327.0,292.0,5.0,30.0,1.5,9.2,1.5,PASS_<20%,4415.96,277.0,YES,STANDBY_VEL_LOW,0,0.00,4590.00,74.26,TRUE,READY_TO_FIRE
2026-09-07 14:48:46.309,1788792526.309,2121,93,429,4418.68,4418.76,8.0,PASS_<=10c,-5.0,DOWN,+287.0,+1295.0,4.2,+10.07,2.40,SLOW,4405.73,4412.15,4405.26,4411.99,0.00,0.00,0.0,BULLISH,689.0,4415.81,4418.78,4415.51,4418.68,46,CLEARED_>=20s,327.0,287.0,10.0,30.0,3.1,9.2,3.1,PASS_<20%,4415.96,272.0,YES,STANDBY_VEL_LOW,0,0.00,4590.00,74.26,TRUE,READY_TO_FIRE
2026-09-07 14:48:46.811,1788792526.812,2122,94,430,4418.69,4418.77,8.0,PASS_<=10c,+1.0,UP,+288.0,+1296.0,4.2,+6.08,1.45,SLOW,4405.73,4412.15,4405.26,4411.99,0.00,0.00,0.0,BULLISH,689.0,4415.81,4418.78,4415.51,4418.69,46,CLEARED_>=20s,327.0,288.0,9.0,30.0,2.8,9.2,2.8,PASS_<20%,4415.96,273.0,YES,STANDBY_VEL_LOW,0,0.00,4590.00,74.26,TRUE,READY_TO_FIRE
2026-09-07 14:48:47.312,1788792527.313,2123,95,431,4418.94,4419.02,8.0,PASS_<=10c,+25.0,UP,+313.0,+1321.0,4.2,+11.12,2.65,SLOW,4405.73,4412.15,4405.26,4411.99,0.00,0.00,0.0,BULLISH,689.0,4415.81,4418.94,4415.51,4418.94,47,CLEARED_>=20s,343.0,313.0,0.0,30.0,0.0,8.7,0.0,PASS_<20%,4415.96,298.0,YES,STANDBY_VEL_LOW,0,0.00,4590.00,74.26,TRUE,READY_TO_FIRE
2026-09-07 14:48:47.818,1788792527.819,2124,96,432,4419.03,4419.11,8.0,PASS_<=10c,+9.0,UP,+322.0,+1330.0,4.2,+11.75,2.80,SLOW,4405.73,4412.15,4405.26,4411.99,0.00,0.00,0.0,BULLISH,689.0,4415.81,4419.03,4415.51,4419.03,47,CLEARED_>=20s,352.0,322.0,0.0,30.0,0.0,8.5,0.0,PASS_<20%,4415.96,307.0,YES,STANDBY_VEL_LOW,0,0.00,4590.00,74.26,TRUE,READY_TO_FIRE
2026-09-07 14:48:48.317,1788792528.318,2125,97,433,4419.07,4419.15,8.0,PASS_<=10c,+4.0,UP,+326.0,+1334.0,4.2,+14.26,3.40,SLOW,4405.73,4412.15,4405.26,4411.99,0.00,0.00,0.0,BULLISH,689.0,4415.81,4419.07,4415.51,4419.07,48,CLEARED_>=20s,356.0,326.0,0.0,30.0,0.0,8.4,0.0,PASS_<20%,4415.96,311.0,YES,STANDBY_VEL_LOW,0,0.00,4590.00,74.26,TRUE,READY_TO_FIRE
2026-09-07 14:48:48.818,1788792528.819,2126,98,434,4419.07,4419.15,8.0,PASS_<=10c,+0.0,FLAT,+326.0,+1334.0,4.2,+13.00,3.10,SLOW,4405.73,4412.15,4405.26,4411.99,0.00,0.00,0.0,BULLISH,689.0,4415.81,4419.08,4415.51,4419.07,48,CLEARED_>=20s,357.0,326.0,1.0,30.0,0.3,8.4,0.3,PASS_<20%,4415.96,311.0,YES,STANDBY_VEL_LOW,0,0.00,4590.00,74.26,TRUE,READY_TO_FIRE
2026-09-07 14:48:49.320,1788792529.320,2127,99,435,4419.10,4419.18,8.0,PASS_<=10c,+3.0,UP,+329.0,+1337.0,4.2,+10.49,2.50,SLOW,4405.73,4412.15,4405.26,4411.99,0.00,0.00,0.0,BULLISH,689.0,4415.81,4419.10,4415.51,4419.10,49,CLEARED_>=20s,359.0,329.0,0.0,30.0,0.0,8.4,0.0,PASS_<20%,4415.96,314.0,YES,STANDBY_VEL_LOW,0,0.00,4590.00,74.26,TRUE,READY_TO_FIRE
2026-09-07 14:48:49.821,1788792529.822,2128,100,436,4419.19,4419.27,8.0,PASS_<=10c,+9.0,UP,+338.0,+1346.0,4.2,+9.65,2.30,SLOW,4405.73,4412.15,4405.26,4411.99,0.00,0.00,0.0,BULLISH,689.0,4415.81,4419.19,4415.51,4419.19,49,CLEARED_>=20s,368.0,338.0,0.0,30.0,0.0,8.2,0.0,PASS_<20%,4415.96,323.0,YES,STANDBY_VEL_LOW,0,0.00,4590.00,74.26,TRUE,READY_TO_FIRE
2026-09-07 14:48:50.324,1788792530.325,2129,101,437,4419.22,4419.30,8.0,PASS_<=10c,+3.0,UP,+341.0,+1349.0,4.2,+9.23,2.20,SLOW,4405.73,4412.15,4405.26,4411.99,0.00,0.00,0.0,BULLISH,689.0,4415.81,4419.22,4415.51,4419.22,50,CLEARED_>=20s,371.0,341.0,0.0,30.0,0.0,8.1,0.0,PASS_<20%,4415.96,326.0,YES,STANDBY_VEL_LOW,0,0.00,4590.00,74.26,TRUE,READY_TO_FIRE
2026-09-07 14:48:50.826,1788792530.827,2130,102,438,4419.26,4419.34,8.0,PASS_<=10c,+4.0,UP,+345.0,+1353.0,4.2,+11.53,2.75,SLOW,4405.73,4412.15,4405.26,4411.99,0.00,0.00,0.0,BULLISH,689.0,4415.81,4419.30,4415.51,4419.26,50,CLEARED_>=20s,379.0,345.0,4.0,30.0,1.1,7.9,1.1,PASS_<20%,4415.96,330.0,YES,STANDBY_VEL_LOW,0,0.00,4590.00,74.26,TRUE,READY_TO_FIRE
2026-09-07 14:48:51.329,1788792531.329,2131,103,439,4419.26,4419.34,8.0,PASS_<=10c,+0.0,FLAT,+345.0,+1353.0,4.2,+11.74,2.80,SLOW,4405.73,4412.15,4405.26,4411.99,0.00,0.00,0.0,BULLISH,689.0,4415.81,4419.30,4415.51,4419.26,51,CLEARED_>=20s,379.0,345.0,4.0,30.0,1.1,7.9,1.1,PASS_<20%,4415.96,330.0,YES,STANDBY_VEL_LOW,0,0.00,4590.00,74.26,TRUE,READY_TO_FIRE
2026-09-07 14:48:51.832,1788792531.832,2132,104,440,4419.28,4419.36,8.0,PASS_<=10c,+2.0,UP,+347.0,+1355.0,4.2,+8.60,2.05,SLOW,4405.73,4412.15,4405.26,4411.99,0.00,0.00,0.0,BULLISH,689.0,4415.81,4419.30,4415.51,4419.28,51,CLEARED_>=20s,379.0,347.0,2.0,30.0,0.5,7.9,0.5,PASS_<20%,4415.96,332.0,YES,STANDBY_VEL_LOW,0,0.00,4590.00,74.26,TRUE,READY_TO_FIRE
2026-09-07 14:48:52.334,1788792532.334,2133,105,441,4419.28,4419.36,8.0,PASS_<=10c,+0.0,FLAT,+347.0,+1355.0,4.2,+7.13,1.70,SLOW,4405.73,4412.15,4405.26,4411.99,0.00,0.00,0.0,BULLISH,689.0,4415.81,4419.30,4415.51,4419.28,52,CLEARED_>=20s,379.0,347.0,2.0,30.0,0.5,7.9,0.5,PASS_<20%,4415.96,332.0,YES,STANDBY_VEL_LOW,0,0.00,4590.00,74.26,TRUE,READY_TO_FIRE
2026-09-07 14:48:52.835,1788792532.836,2134,106,442,4419.28,4419.36,8.0,PASS_<=10c,+0.0,FLAT,+347.0,+1355.0,4.2,+5.34,1.27,SLOW,4405.73,4412.15,4405.26,4411.99,0.00,0.00,0.0,BULLISH,689.0,4415.81,4419.30,4415.51,4419.28,52,CLEARED_>=20s,379.0,347.0,2.0,30.0,0.5,7.9,0.5,PASS_<20%,4415.96,332.0,YES,STANDBY_VEL_LOW,0,0.00,4590.00,74.26,TRUE,READY_TO_FIRE
2026-09-07 14:48:53.337,1788792533.338,2135,107,443,4419.02,4419.10,8.0,PASS_<=10c,-26.0,DOWN,+321.0,+1329.0,4.2,+4.90,1.17,SLOW,4405.73,4412.15,4405.26,4411.99,0.00,0.00,0.0,BULLISH,689.0,4415.81,4419.30,4415.51,4419.02,53,CLEARED_>=20s,379.0,321.0,28.0,30.0,7.4,7.9,7.4,PASS_<20%,4415.96,306.0,YES,STANDBY_VEL_LOW,0,0.00,4590.00,74.26,TRUE,READY_TO_FIRE
2026-09-07 14:48:53.840,1788792533.840,2136,108,444,4418.90,4418.98,8.0,PASS_<=10c,-12.0,DOWN,+309.0,+1317.0,4.2,+4.59,1.09,SLOW,4405.73,4412.15,4405.26,4411.99,0.00,0.00,0.0,BULLISH,689.0,4415.81,4419.30,4415.51,4418.90,53,CLEARED_>=20s,379.0,309.0,40.0,30.0,10.6,7.9,10.6,PASS_<20%,4415.96,294.0,YES,STANDBY_VEL_LOW,0,0.00,4590.00,74.26,TRUE,READY_TO_FIRE
2026-09-07 14:48:54.340,1788792534.341,2137,109,445,4418.88,4418.96,8.0,PASS_<=10c,-2.0,DOWN,+307.0,+1315.0,4.2,+5.87,1.40,SLOW,4405.73,4412.15,4405.26,4411.99,0.00,0.00,0.0,BULLISH,689.0,4415.81,4419.30,4415.51,4418.88,54,CLEARED_>=20s,379.0,307.0,42.0,30.0,11.1,7.9,11.1,PASS_<20%,4415.96,292.0,YES,STANDBY_VEL_LOW,0,0.00,4590.00,74.26,TRUE,READY_TO_FIRE
2026-09-07 14:48:54.842,1788792534.843,2138,110,446,4418.62,4418.70,8.0,PASS_<=10c,-26.0,DOWN,+281.0,+1289.0,4.2,+12.58,3.00,SLOW,4405.73,4412.15,4405.26,4411.99,0.00,0.00,0.0,BULLISH,689.0,4415.81,4419.30,4415.51,4418.62,54,CLEARED_>=20s,379.0,281.0,68.0,30.0,17.9,7.9,17.9,PASS_<20%,4415.96,266.0,YES,STANDBY_VEL_LOW,0,0.00,4590.00,74.26,TRUE,READY_TO_FIRE
2026-09-07 14:48:55.344,1788792535.345,2139,111,447,4418.55,4418.63,8.0,PASS_<=10c,-7.0,DOWN,+274.0,+1282.0,4.2,+15.73,3.75,SLOW,4405.73,4412.15,4405.26,4411.99,0.00,0.00,0.0,BULLISH,689.0,4415.81,4419.30,4415.51,4418.55,55,CLEARED_>=20s,379.0,274.0,75.0,30.0,19.8,7.9,19.8,PASS_<20%,4415.96,259.0,YES,STANDBY_VEL_LOW,0,0.00,4590.00,74.26,TRUE,READY_TO_FIRE
2026-09-07 14:48:55.846,1788792535.847,2140,112,448,4418.54,4418.62,8.0,PASS_<=10c,-1.0,DOWN,+273.0,+1281.0,4.2,+15.31,3.65,SLOW,4405.73,4412.15,4405.26,4411.99,0.00,0.00,0.0,BULLISH,689.0,4415.81,4419.30,4415.51,4418.54,55,CLEARED_>=20s,379.0,273.0,76.0,30.0,20.1,7.9,20.1,BLOCKED_20.1%,4415.96,258.0,NO,STANDBY_VEL_LOW,0,0.00,4590.00,74.26,FALSE,OPP_WICK_TOO_HIGH_0.20
2026-09-07 14:48:56.347,1788792536.348,2141,113,449,4418.52,4418.60,8.0,PASS_<=10c,-2.0,DOWN,+271.0,+1279.0,4.2,+15.94,3.80,SLOW,4405.73,4412.15,4405.26,4411.99,0.00,0.00,0.0,BULLISH,689.0,4415.81,4419.30,4415.51,4418.52,56,CLEARED_>=20s,379.0,271.0,78.0,30.0,20.6,7.9,20.6,BLOCKED_20.6%,4415.96,256.0,NO,STANDBY_VEL_LOW,0,0.00,4590.00,74.26,FALSE,OPP_WICK_TOO_HIGH_0.21
2026-09-07 14:48:56.850,1788792536.850,2142,114,450,4418.35,4418.43,8.0,PASS_<=10c,-17.0,DOWN,+254.0,+1262.0,4.2,+18.88,4.50,SLOW,4405.73,4412.15,4405.26,4411.99,0.00,0.00,0.0,BULLISH,689.0,4415.81,4419.30,4415.51,4418.35,56,CLEARED_>=20s,379.0,254.0,95.0,30.0,25.1,7.9,25.1,BLOCKED_25.1%,4415.96,239.0,NO,STANDBY_VEL_LOW,0,0.00,4590.00,74.26,FALSE,OPP_WICK_TOO_HIGH_0.25
2026-09-07 14:48:57.352,1788792537.353,2143,115,451,4418.12,4418.20,8.0,PASS_<=10c,-23.0,DOWN,+231.0,+1239.0,4.2,+24.12,5.74,SLOW,4405.73,4412.15,4405.26,4411.99,0.00,0.00,0.0,BULLISH,689.0,4415.81,4419.30,4415.51,4418.12,57,CLEARED_>=20s,379.0,231.0,118.0,30.0,31.1,7.9,31.1,BLOCKED_31.1%,4415.96,216.0,NO,STANDBY_VEL_LOW,0,0.00,4590.00,74.26,FALSE,OPP_WICK_TOO_HIGH_0.31
2026-09-07 14:48:57.853,1788792537.854,2144,116,452,4418.16,4418.24,8.0,PASS_<=10c,+4.0,UP,+235.0,+1243.0,4.2,+20.14,4.80,SLOW,4405.73,4412.15,4405.26,4411.99,0.00,0.00,0.0,BULLISH,689.0,4415.81,4419.30,4415.51,4418.16,57,CLEARED_>=20s,379.0,235.0,114.0,30.0,30.1,7.9,30.1,BLOCKED_30.1%,4415.96,220.0,NO,STANDBY_VEL_LOW,0,0.00,4590.00,74.26,FALSE,OPP_WICK_TOO_HIGH_0.30
2026-09-07 14:48:58.355,1788792538.355,2145,117,453,4418.15,4418.23,8.0,PASS_<=10c,-1.0,DOWN,+234.0,+1242.0,4.2,+15.53,3.70,SLOW,4405.73,4412.15,4405.26,4411.99,0.00,0.00,0.0,BULLISH,689.0,4415.81,4419.30,4415.51,4418.15,58,CLEARED_>=20s,379.0,234.0,115.0,30.0,30.3,7.9,30.3,BLOCKED_30.3%,4415.96,219.0,NO,STANDBY_VEL_LOW,0,0.00,4590.00,74.26,FALSE,OPP_WICK_TOO_HIGH_0.30
2026-09-07 14:48:58.856,1788792538.857,2146,118,454,4417.85,4417.93,8.0,PASS_<=10c,-30.0,DOWN,+204.0,+1212.0,4.2,+21.61,5.15,SLOW,4405.73,4412.15,4405.26,4411.99,0.00,0.00,0.0,BULLISH,689.0,4415.81,4419.30,4415.51,4417.85,58,CLEARED_>=20s,379.0,204.0,145.0,30.0,38.3,7.9,38.3,BLOCKED_38.3%,4415.96,189.0,NO,STANDBY_VEL_LOW,0,0.00,4590.00,74.26,FALSE,OPP_WICK_TOO_HIGH_0.38
2026-09-07 14:48:59.358,1788792539.358,2147,119,455,4417.47,4417.55,8.0,PASS_<=10c,-38.0,DOWN,+166.0,+1174.0,4.2,+23.71,5.65,SLOW,4405.73,4412.15,4405.26,4411.99,0.00,0.00,0.0,BULLISH,689.0,4415.81,4419.30,4415.51,4417.47,59,CLEARED_>=20s,379.0,166.0,183.0,30.0,48.3,7.9,48.3,BLOCKED_48.3%,4415.96,151.0,NO,STANDBY_VEL_LOW,0,0.00,4590.00,74.26,FALSE,OPP_WICK_TOO_HIGH_0.48
2026-09-07 14:48:59.859,1788792539.860,2148,120,456,4417.45,4417.53,8.0,PASS_<=10c,-2.0,DOWN,+164.0,+1172.0,4.2,+23.29,5.55,SLOW,4405.73,4412.15,4405.26,4411.99,0.00,0.00,0.0,BULLISH,689.0,4415.81,4419.30,4415.51,4417.45,59,CLEARED_>=20s,379.0,164.0,185.0,30.0,48.8,7.9,48.8,BLOCKED_48.8%,4415.96,149.0,NO,STANDBY_VEL_LOW,0,0.00,4590.00,74.26,FALSE,OPP_WICK_TOO_HIGH_0.49
2026-09-07 14:49:00.361,1788792540.362,2149,1,457,4417.10,4417.18,8.0,PASS_<=10c,-35.0,DOWN,-25.0,+1137.0,4.2,+30.22,7.20,SLOW,4405.73,4412.15,4405.26,4411.99,0.00,0.00,0.0,BULLISH,689.0,4417.35,4417.35,4417.10,4417.10,0,ACTIVE_0s,25.0,25.0,0.0,0.0,0.0,0.0,0.0,PASS_<20%,0.00,0.0,NO,STANDBY_VEL_LOW,0,0.00,4590.00,74.26,FALSE,M1_DIRECTION_MISMATCH|OPENING_SHIELD_ACTIVE_0s
2026-09-07 14:49:00.862,1788792540.863,2150,2,458,4417.14,4417.22,8.0,PASS_<=10c,+4.0,UP,-21.0,+1141.0,4.2,+28.96,6.90,SLOW,4405.73,4412.15,4405.26,4411.99,0.00,0.00,0.0,BULLISH,689.0,4417.35,4417.35,4417.10,4417.14,0,ACTIVE_0s,25.0,21.0,0.0,4.0,0.0,16.0,0.0,PASS_<20%,0.00,0.0,NO,STANDBY_VEL_LOW,0,0.00,4590.00,74.26,FALSE,M1_DIRECTION_MISMATCH|OPENING_SHIELD_ACTIVE_0s
2026-09-07 14:49:01.364,1788792541.365,2151,3,459,4417.19,4417.27,8.0,PASS_<=10c,+5.0,UP,-16.0,+1146.0,4.2,+25.81,6.15,SLOW,4405.73,4412.15,4405.26,4411.99,0.00,0.00,0.0,BULLISH,689.0,4417.35,4417.35,4417.10,4417.19,1,ACTIVE_1s,25.0,16.0,0.0,9.0,0.0,36.0,0.0,PASS_<20%,0.00,0.0,NO,STANDBY_VEL_LOW,0,0.00,4590.00,74.26,FALSE,M1_DIRECTION_MISMATCH|OPENING_SHIELD_ACTIVE_1s
2026-09-07 14:49:01.866,1788792541.866,2152,4,460,4417.07,4417.15,8.0,PASS_<=10c,-12.0,DOWN,-28.0,+1134.0,4.2,+26.03,6.20,SLOW,4405.73,4412.15,4405.26,4411.99,0.00,0.00,0.0,BULLISH,689.0,4417.35,4417.35,4417.07,4417.07,1,ACTIVE_1s,28.0,28.0,0.0,0.0,0.0,0.0,0.0,PASS_<20%,0.00,0.0,NO,STANDBY_VEL_LOW,0,0.00,4590.00,74.26,FALSE,M1_DIRECTION_MISMATCH|OPENING_SHIELD_ACTIVE_1s
2026-09-07 14:49:02.366,1788792542.367,2153,5,461,4416.95,4417.03,8.0,PASS_<=10c,-12.0,DOWN,-40.0,+1122.0,4.2,+25.40,6.05,SLOW,4405.73,4412.15,4405.26,4411.99,0.00,0.00,0.0,BULLISH,689.0,4417.35,4417.35,4416.95,4416.95,2,ACTIVE_2s,40.0,40.0,0.0,0.0,0.0,0.0,0.0,PASS_<20%,0.00,0.0,NO,STANDBY_VEL_LOW,0,0.00,4590.00,74.26,FALSE,M1_DIRECTION_MISMATCH|OPENING_SHIELD_ACTIVE_2s
2026-09-07 14:49:02.868,1788792542.869,2154,6,462,4416.75,4416.83,8.0,PASS_<=10c,-20.0,DOWN,-60.0,+1102.0,4.2,+29.39,7.00,SLOW,4405.73,4412.15,4405.26,4411.99,0.00,0.00,0.0,BULLISH,689.0,4417.35,4417.35,4416.75,4416.75,2,ACTIVE_2s,60.0,60.0,0.0,0.0,0.0,0.0,0.0,PASS_<20%,0.00,0.0,NO,STANDBY_VEL_LOW,0,0.00,4590.00,74.26,FALSE,M1_DIRECTION_MISMATCH|OPENING_SHIELD_ACTIVE_2s
2026-09-07 14:49:03.370,1788792543.370,2155,7,463,4416.64,4416.72,8.0,PASS_<=10c,-11.0,DOWN,-71.0,+1091.0,4.2,+26.66,6.35,SLOW,4405.73,4412.15,4405.26,4411.99,0.00,0.00,0.0,BULLISH,689.0,4417.35,4417.35,4416.64,4416.64,3,ACTIVE_3s,71.0,71.0,0.0,0.0,0.0,0.0,0.0,PASS_<20%,0.00,0.0,NO,STANDBY_VEL_LOW,0,0.00,4590.00,74.26,FALSE,M1_DIRECTION_MISMATCH|OPENING_SHIELD_ACTIVE_3s
2026-09-07 14:49:03.872,1788792543.872,2156,8,464,4416.66,4416.74,8.0,PASS_<=10c,+2.0,UP,-69.0,+1093.0,4.2,+19.94,4.75,SLOW,4405.73,4412.15,4405.26,4411.99,0.00,0.00,0.0,BULLISH,689.0,4417.35,4417.35,4416.63,4416.66,3,ACTIVE_3s,72.0,69.0,0.0,3.0,0.0,4.2,0.0,PASS_<20%,0.00,0.0,NO,STANDBY_VEL_LOW,0,0.00,4590.00,74.26,FALSE,M1_DIRECTION_MISMATCH|OPENING_SHIELD_ACTIVE_3s
2026-09-07 14:49:04.372,1788792544.372,2157,9,465,4416.63,4416.71,8.0,PASS_<=10c,-3.0,DOWN,-72.0,+1090.0,4.2,+17.21,4.10,SLOW,4405.73,4412.15,4405.26,4411.99,0.00,0.00,0.0,BULLISH,689.0,4417.35,4417.35,4416.63,4416.63,4,ACTIVE_4s,72.0,72.0,0.0,0.0,0.0,0.0,0.0,PASS_<20%,0.00,0.0,NO,STANDBY_VEL_LOW,0,0.00,4590.00,74.26,FALSE,M1_DIRECTION_MISMATCH|OPENING_SHIELD_ACTIVE_4s
2026-09-07 14:49:04.873,1788792544.874,2158,10,466,4416.57,4416.65,8.0,PASS_<=10c,-6.0,DOWN,-78.0,+1084.0,4.2,+16.38,3.90,SLOW,4405.73,4412.15,4405.26,4411.99,0.00,0.00,0.0,BULLISH,689.0,4417.35,4417.35,4416.57,4416.57,4,ACTIVE_4s,78.0,78.0,0.0,0.0,0.0,0.0,0.0,PASS_<20%,0.00,0.0,NO,STANDBY_VEL_LOW,0,0.00,4590.00,74.26,FALSE,M1_DIRECTION_MISMATCH|OPENING_SHIELD_ACTIVE_4s
2026-09-07 14:49:05.375,1788792545.376,2159,11,467,4416.49,4416.57,8.0,PASS_<=10c,-8.0,DOWN,-86.0,+1076.0,4.2,+14.28,3.40,SLOW,4405.73,4412.15,4405.26,4411.99,0.00,0.00,0.0,BULLISH,689.0,4417.35,4417.35,4416.49,4416.49,5,ACTIVE_5s,86.0,86.0,0.0,0.0,0.0,0.0,0.0,PASS_<20%,0.00,0.0,NO,STANDBY_VEL_LOW,0,0.00,4590.00,74.26,FALSE,M1_DIRECTION_MISMATCH|OPENING_SHIELD_ACTIVE_5s
2026-09-07 14:49:05.877,1788792545.878,2160,12,468,4416.44,4416.52,8.0,PASS_<=10c,-5.0,DOWN,-91.0,+1071.0,4.2,+15.54,3.70,SLOW,4405.73,4412.15,4405.26,4411.99,0.00,0.00,0.0,BULLISH,689.0,4417.35,4417.35,4416.44,4416.44,5,ACTIVE_5s,91.0,91.0,0.0,0.0,0.0,0.0,0.0,PASS_<20%,0.00,0.0,NO,STANDBY_VEL_LOW,0,0.00,4590.00,74.26,FALSE,M1_DIRECTION_MISMATCH|OPENING_SHIELD_ACTIVE_5s
2026-09-07 14:49:06.378,1788792546.379,2161,13,469,4416.34,4416.42,8.0,PASS_<=10c,-10.0,DOWN,-101.0,+1061.0,4.2,+16.58,3.95,SLOW,4405.73,4412.15,4405.26,4411.99,0.00,0.00,0.0,BULLISH,689.0,4417.35,4417.35,4416.34,4416.34,6,ACTIVE_6s,101.0,101.0,0.0,0.0,0.0,0.0,0.0,PASS_<20%,0.00,0.0,NO,STANDBY_VEL_LOW,0,0.00,4590.00,74.26,FALSE,M1_DIRECTION_MISMATCH|OPENING_SHIELD_ACTIVE_6s
2026-09-07 14:49:06.880,1788792546.881,2162,14,470,4416.35,4416.43,8.0,PASS_<=10c,+1.0,UP,-100.0,+1062.0,4.2,+15.11,3.60,SLOW,4405.73,4412.15,4405.26,4411.99,0.00,0.00,0.0,BULLISH,689.0,4417.35,4417.35,4416.34,4416.35,6,ACTIVE_6s,101.0,100.0,0.0,1.0,0.0,1.0,0.0,PASS_<20%,0.00,0.0,NO,STANDBY_VEL_LOW,0,0.00,4590.00,74.26,FALSE,M1_DIRECTION_MISMATCH|OPENING_SHIELD_ACTIVE_6s
2026-09-07 14:49:07.383,1788792547.383,2163,15,471,4416.30,4416.38,8.0,PASS_<=10c,-5.0,DOWN,-105.0,+1057.0,4.2,+10.49,2.50,SLOW,4405.73,4412.15,4405.26,4411.99,0.00,0.00,0.0,BULLISH,689.0,4417.35,4417.35,4416.30,4416.30,7,ACTIVE_7s,105.0,105.0,0.0,0.0,0.0,0.0,0.0,PASS_<20%,0.00,0.0,NO,STANDBY_VEL_LOW,0,0.00,4590.00,74.26,FALSE,M1_DIRECTION_MISMATCH|OPENING_SHIELD_ACTIVE_7s
2026-09-07 14:49:07.885,1788792547.885,2164,16,472,4416.30,4416.38,8.0,PASS_<=10c,+0.0,FLAT,-105.0,+1057.0,4.2,+7.76,1.85,SLOW,4405.73,4412.15,4405.26,4411.99,0.00,0.00,0.0,BULLISH,689.0,4417.35,4417.35,4416.30,4416.30,7,ACTIVE_7s,105.0,105.0,0.0,0.0,0.0,0.0,0.0,PASS_<20%,0.00,0.0,NO,STANDBY_VEL_LOW,0,0.00,4590.00,74.26,FALSE,M1_DIRECTION_MISMATCH|OPENING_SHIELD_ACTIVE_7s
2026-09-07 14:49:08.387,1788792548.387,2165,17,473,4416.21,4416.29,8.0,PASS_<=10c,-9.0,DOWN,-114.0,+1048.0,4.2,+8.81,2.10,SLOW,4405.73,4412.15,4405.26,4411.99,0.00,0.00,0.0,BULLISH,689.0,4417.35,4417.35,4416.21,4416.21,8,ACTIVE_8s,114.0,114.0,0.0,0.0,0.0,0.0,0.0,PASS_<20%,0.00,0.0,NO,STANDBY_VEL_LOW,0,0.00,4590.00,74.26,FALSE,M1_DIRECTION_MISMATCH|OPENING_SHIELD_ACTIVE_8s
2026-09-07 14:49:08.890,1788792548.890,2166,18,474,4416.29,4416.37,8.0,PASS_<=10c,+8.0,UP,-106.0,+1056.0,4.2,+7.97,1.90,SLOW,4405.73,4412.15,4405.26,4411.99,0.00,0.00,0.0,BULLISH,689.0,4417.35,4417.35,4416.21,4416.29,8,ACTIVE_8s,114.0,106.0,0.0,8.0,0.0,7.0,0.0,PASS_<20%,0.00,0.0,NO,STANDBY_VEL_LOW,0,0.00,4590.00,74.26,FALSE,M1_DIRECTION_MISMATCH|OPENING_SHIELD_ACTIVE_8s
2026-09-07 14:49:09.392,1788792549.392,2167,19,475,4416.33,4416.41,8.0,PASS_<=10c,+4.0,UP,-102.0,+1060.0,4.2,+5.24,1.25,SLOW,4405.73,4412.15,4405.26,4411.99,0.00,0.00,0.0,BULLISH,689.0,4417.35,4417.35,4416.21,4416.33,9,ACTIVE_9s,114.0,102.0,0.0,12.0,0.0,10.5,0.0,PASS_<20%,0.00,0.0,NO,STANDBY_VEL_LOW,0,0.00,4590.00,74.26,FALSE,M1_DIRECTION_MISMATCH|OPENING_SHIELD_ACTIVE_9s
2026-09-07 14:49:09.896,1788792549.896,2168,20,476,4416.34,4416.42,8.0,PASS_<=10c,+1.0,UP,-101.0,+1061.0,4.2,+3.98,0.95,SLOW,4405.73,4412.15,4405.26,4411.99,0.00,0.00,0.0,BULLISH,689.0,4417.35,4417.35,4416.21,4416.34,9,ACTIVE_9s,114.0,101.0,0.0,13.0,0.0,11.4,0.0,PASS_<20%,0.00,0.0,NO,STANDBY_VEL_LOW,0,0.00,4590.00,74.26,FALSE,M1_DIRECTION_MISMATCH|OPENING_SHIELD_ACTIVE_9s
2026-09-07 14:49:10.396,1788792550.396,2169,21,477,4416.50,4416.58,8.0,PASS_<=10c,+16.0,UP,-85.0,+1077.0,4.2,+1.05,0.25,SLOW,4405.73,4412.15,4405.26,4411.99,0.00,0.00,0.0,BULLISH,689.0,4417.35,4417.35,4416.21,4416.50,10,ACTIVE_10s,114.0,85.0,0.0,29.0,0.0,25.4,0.0,PASS_<20%,0.00,0.0,NO,STANDBY_VEL_LOW,0,0.00,4590.00,74.26,FALSE,M1_DIRECTION_MISMATCH|OPENING_SHIELD_ACTIVE_10s
2026-09-07 14:49:10.898,1788792550.899,2170,22,478,4416.48,4416.56,8.0,PASS_<=10c,-2.0,DOWN,-87.0,+1075.0,4.2,+2.31,0.55,SLOW,4405.73,4412.15,4405.26,4411.99,0.00,0.00,0.0,BULLISH,689.0,4417.35,4417.35,4416.21,4416.48,10,ACTIVE_10s,114.0,87.0,0.0,27.0,0.0,23.7,0.0,PASS_<20%,0.00,0.0,NO,STANDBY_VEL_LOW,0,0.00,4590.00,74.26,FALSE,M1_DIRECTION_MISMATCH|OPENING_SHIELD_ACTIVE_10s
2026-09-07 14:49:11.405,1788792551.405,2171,23,479,4416.32,4416.40,8.0,PASS_<=10c,-16.0,DOWN,-103.0,+1059.0,4.2,+0.84,0.20,SLOW,4405.73,4412.15,4405.26,4411.99,0.00,0.00,0.0,BULLISH,689.0,4417.35,4417.35,4416.21,4416.32,11,ACTIVE_11s,114.0,103.0,0.0,11.0,0.0,9.6,0.0,PASS_<20%,0.00,0.0,NO,STANDBY_VEL_LOW,0,0.00,4590.00,74.26,FALSE,M1_DIRECTION_MISMATCH|OPENING_SHIELD_ACTIVE_11s
2026-09-07 14:49:11.902,1788792551.902,2172,24,480,4416.21,4416.29,8.0,PASS_<=10c,-11.0,DOWN,-114.0,+1048.0,4.2,+2.94,0.70,SLOW,4405.73,4412.15,4405.26,4411.99,0.00,0.00,0.0,BULLISH,689.0,4417.35,4417.35,4416.21,4416.21,11,ACTIVE_11s,114.0,114.0,0.0,0.0,0.0,0.0,0.0,PASS_<20%,0.00,0.0,NO,STANDBY_VEL_LOW,0,0.00,4590.00,74.26,FALSE,M1_DIRECTION_MISMATCH|OPENING_SHIELD_ACTIVE_11s
2026-09-07 14:49:12.404,1788792552.404,2173,25,481,4416.15,4416.23,8.0,PASS_<=10c,-6.0,DOWN,-120.0,+1042.0,4.2,+3.56,0.85,SLOW,4405.73,4412.15,4405.26,4411.99,0.00,0.00,0.0,BULLISH,689.0,4417.35,4417.35,4416.15,4416.15,12,ACTIVE_12s,120.0,120.0,0.0,0.0,0.0,0.0,0.0,PASS_<20%,0.00,0.0,NO,STANDBY_VEL_LOW,0,0.00,4590.00,74.26,FALSE,M1_DIRECTION_MISMATCH|OPENING_SHIELD_ACTIVE_12s
2026-09-07 14:49:12.906,1788792552.907,2174,26,482,4416.05,4416.13,8.0,PASS_<=10c,-10.0,DOWN,-130.0,+1032.0,4.2,+3.56,0.85,SLOW,4405.73,4412.15,4405.26,4411.99,0.00,0.00,0.0,BULLISH,689.0,4417.35,4417.35,4416.05,4416.05,12,ACTIVE_12s,130.0,130.0,0.0,0.0,0.0,0.0,0.0,PASS_<20%,0.00,0.0,NO,STANDBY_VEL_LOW,0,0.00,4590.00,74.26,FALSE,M1_DIRECTION_MISMATCH|OPENING_SHIELD_ACTIVE_12s
2026-09-07 14:49:13.407,1788792553.408,2175,27,483,4416.05,4416.13,8.0,PASS_<=10c,+0.0,FLAT,-130.0,+1032.0,4.2,+5.03,1.20,SLOW,4405.73,4412.15,4405.26,4411.99,0.00,0.00,0.0,BULLISH,689.0,4417.35,4417.35,4416.05,4416.05,13,ACTIVE_13s,130.0,130.0,0.0,0.0,0.0,0.0,0.0,PASS_<20%,0.00,0.0,NO,STANDBY_VEL_LOW,0,0.00,4590.00,74.26,FALSE,M1_DIRECTION_MISMATCH|OPENING_SHIELD_ACTIVE_13s
2026-09-07 14:49:13.908,1788792553.909,2176,28,484,4415.87,4415.95,8.0,PASS_<=10c,-18.0,DOWN,-148.0,+1014.0,4.2,+9.65,2.30,SLOW,4405.73,4412.15,4405.26,4411.99,0.00,0.00,0.0,BULLISH,689.0,4417.35,4417.35,4415.87,4415.87,13,ACTIVE_13s,148.0,148.0,0.0,0.0,0.0,0.0,0.0,PASS_<20%,0.00,0.0,NO,STANDBY_VEL_LOW,0,0.00,4590.00,74.26,FALSE,M1_DIRECTION_MISMATCH|OPENING_SHIELD_ACTIVE_13s
2026-09-07 14:49:14.411,1788792554.411,2177,29,485,4415.51,4415.59,8.0,PASS_<=10c,-36.0,DOWN,-184.0,+978.0,4.2,+17.41,4.15,SLOW,4405.73,4412.15,4405.26,4411.99,0.00,0.00,0.0,BULLISH,689.0,4417.35,4417.35,4415.51,4415.51,14,ACTIVE_14s,184.0,184.0,0.0,0.0,0.0,0.0,0.0,PASS_<20%,0.00,0.0,NO,STANDBY_VEL_LOW,0,0.00,4590.00,74.26,FALSE,M1_DIRECTION_MISMATCH|OPENING_SHIELD_ACTIVE_14s
2026-09-07 14:49:14.913,1788792554.913,2178,30,486,4415.42,4415.50,8.0,PASS_<=10c,-9.0,DOWN,-193.0,+969.0,4.2,+21.81,5.19,SLOW,4405.73,4412.15,4405.26,4411.99,0.00,0.00,0.0,BULLISH,689.0,4417.35,4417.35,4415.42,4415.42,14,ACTIVE_14s,193.0,193.0,0.0,0.0,0.0,0.0,0.0,PASS_<20%,0.00,0.0,NO,STANDBY_VEL_LOW,0,0.00,4590.00,74.26,FALSE,M1_DIRECTION_MISMATCH|OPENING_SHIELD_ACTIVE_14s
2026-09-07 14:49:15.416,1788792555.416,2179,31,487,4415.37,4415.45,8.0,PASS_<=10c,-5.0,DOWN,-198.0,+964.0,4.2,+23.28,5.54,SLOW,4405.73,4412.15,4405.26,4411.99,0.00,0.00,0.0,BULLISH,689.0,4417.35,4417.35,4415.37,4415.37,15,ACTIVE_15s,198.0,198.0,0.0,0.0,0.0,0.0,0.0,PASS_<20%,0.00,0.0,NO,STANDBY_VEL_LOW,0,0.00,4590.00,74.26,FALSE,M1_DIRECTION_MISMATCH|OPENING_SHIELD_ACTIVE_15s
2026-09-07 14:49:15.918,1788792555.919,2180,32,488,4415.24,4415.32,8.0,PASS_<=10c,-13.0,DOWN,-211.0,+951.0,4.2,+25.58,6.09,SLOW,4405.73,4412.15,4405.26,4411.99,0.00,0.00,0.0,BULLISH,689.0,4417.35,4417.35,4415.24,4415.24,15,ACTIVE_15s,211.0,211.0,0.0,0.0,0.0,0.0,0.0,PASS_<20%,0.00,0.0,NO,STANDBY_VEL_LOW,0,0.00,4590.00,74.26,FALSE,M1_DIRECTION_MISMATCH|OPENING_SHIELD_ACTIVE_15s
2026-09-07 14:49:16.421,1788792556.421,2181,33,489,4415.29,4415.37,8.0,PASS_<=10c,+5.0,UP,-206.0,+956.0,4.2,+20.76,4.94,SLOW,4405.73,4412.15,4405.26,4411.99,0.00,0.00,0.0,BULLISH,689.0,4417.35,4417.35,4415.24,4415.29,16,ACTIVE_16s,211.0,206.0,0.0,5.0,0.0,2.4,0.0,PASS_<20%,0.00,0.0,NO,STANDBY_VEL_LOW,0,0.00,4590.00,74.26,FALSE,M1_DIRECTION_MISMATCH|OPENING_SHIELD_ACTIVE_16s
2026-09-07 14:49:16.922,1788792556.923,2182,34,490,4415.21,4415.29,8.0,PASS_<=10c,-8.0,DOWN,-214.0,+948.0,4.2,+19.92,4.74,SLOW,4405.73,4412.15,4405.26,4411.99,0.00,0.00,0.0,BULLISH,689.0,4417.35,4417.35,4415.21,4415.21,16,ACTIVE_16s,214.0,214.0,0.0,0.0,0.0,0.0,0.0,PASS_<20%,0.00,0.0,NO,STANDBY_VEL_LOW,0,0.00,4590.00,74.26,FALSE,M1_DIRECTION_MISMATCH|OPENING_SHIELD_ACTIVE_16s
2026-09-07 14:49:17.423,1788792557.424,2183,35,491,4415.21,4415.29,8.0,PASS_<=10c,+0.0,FLAT,-214.0,+948.0,4.2,+19.51,4.65,SLOW,4405.73,4412.15,4405.26,4411.99,0.00,0.00,0.0,BULLISH,689.0,4417.35,4417.35,4415.20,4415.21,17,ACTIVE_17s,215.0,214.0,0.0,1.0,0.0,0.5,0.0,PASS_<20%,0.00,0.0,NO,STANDBY_VEL_LOW,0,0.00,4590.00,74.26,FALSE,M1_DIRECTION_MISMATCH|OPENING_SHIELD_ACTIVE_17s
2026-09-07 14:49:17.925,1788792557.926,2184,36,492,4415.21,4415.29,8.0,PASS_<=10c,+0.0,FLAT,-214.0,+948.0,4.2,+17.62,4.20,SLOW,4405.73,4412.15,4405.26,4411.99,0.00,0.00,0.0,BULLISH,689.0,4417.35,4417.35,4415.20,4415.21,17,ACTIVE_17s,215.0,214.0,0.0,1.0,0.0,0.5,0.0,PASS_<20%,0.00,0.0,NO,STANDBY_VEL_LOW,0,0.00,4590.00,74.26,FALSE,M1_DIRECTION_MISMATCH|OPENING_SHIELD_ACTIVE_17s
2026-09-07 14:49:18.427,1788792558.427,2185,37,493,4415.22,4415.30,8.0,PASS_<=10c,+1.0,UP,-213.0,+949.0,4.2,+14.26,3.40,SLOW,4405.73,4412.15,4405.26,4411.99,0.00,0.00,0.0,BULLISH,689.0,4417.35,4417.35,4415.20,4415.22,18,ACTIVE_18s,215.0,213.0,0.0,2.0,0.0,0.9,0.0,PASS_<20%,0.00,0.0,NO,STANDBY_VEL_LOW,0,0.00,4590.00,74.26,FALSE,M1_DIRECTION_MISMATCH|OPENING_SHIELD_ACTIVE_18s
2026-09-07 14:49:18.928,1788792558.929,2186,38,494,4415.21,4415.29,8.0,PASS_<=10c,-1.0,DOWN,-214.0,+948.0,4.2,+6.71,1.60,SLOW,4405.73,4412.15,4405.26,4411.99,0.00,0.00,0.0,BULLISH,689.0,4417.35,4417.35,4415.20,4415.21,18,ACTIVE_18s,215.0,214.0,0.0,1.0,0.0,0.5,0.0,PASS_<20%,0.00,0.0,NO,STANDBY_VEL_LOW,0,0.00,4590.00,74.26,FALSE,M1_DIRECTION_MISMATCH|OPENING_SHIELD_ACTIVE_18s
2026-09-07 14:49:19.430,1788792559.431,2187,39,495,4415.24,4415.32,8.0,PASS_<=10c,+3.0,UP,-211.0,+951.0,4.2,+5.66,1.35,SLOW,4405.73,4412.15,4405.26,4411.99,0.00,0.00,0.0,BULLISH,689.0,4417.35,4417.35,4415.20,4415.24,19,ACTIVE_19s,215.0,211.0,0.0,4.0,0.0,1.9,0.0,PASS_<20%,0.00,0.0,NO,STANDBY_VEL_LOW,0,0.00,4590.00,74.26,FALSE,M1_DIRECTION_MISMATCH|OPENING_SHIELD_ACTIVE_19s
2026-09-07 14:49:19.932,1788792559.932,2188,40,496,4415.07,4415.15,8.0,PASS_<=10c,-17.0,DOWN,-228.0,+934.0,4.2,+6.92,1.65,SLOW,4405.73,4412.15,4405.26,4411.99,0.00,0.00,0.0,BULLISH,689.0,4417.35,4417.35,4415.07,4415.07,19,ACTIVE_19s,228.0,228.0,0.0,0.0,0.0,0.0,0.0,PASS_<20%,0.00,0.0,NO,STANDBY_VEL_LOW,0,0.00,4590.00,74.26,FALSE,M1_DIRECTION_MISMATCH|OPENING_SHIELD_ACTIVE_19s
2026-09-07 14:49:20.434,1788792560.435,2189,41,497,4415.07,4415.15,8.0,PASS_<=10c,+0.0,FLAT,-228.0,+934.0,4.2,+5.87,1.40,SLOW,4405.73,4412.15,4405.26,4411.99,0.00,0.00,0.0,BULLISH,689.0,4417.35,4417.35,4415.07,4415.07,20,CLEARED_>=20s,228.0,228.0,0.0,0.0,0.0,0.0,0.0,PASS_<20%,0.00,0.0,NO,STANDBY_VEL_LOW,0,0.00,4590.00,74.26,FALSE,M1_DIRECTION_MISMATCH
2026-09-07 14:49:20.936,1788792560.936,2190,42,498,4414.92,4415.00,8.0,PASS_<=10c,-15.0,DOWN,-243.0,+919.0,4.2,+8.18,1.95,SLOW,4405.73,4412.15,4405.26,4411.99,0.00,0.00,0.0,BULLISH,689.0,4417.35,4417.35,4414.92,4414.92,20,CLEARED_>=20s,243.0,243.0,0.0,0.0,0.0,0.0,0.0,PASS_<20%,0.00,0.0,NO,STANDBY_VEL_LOW,0,0.00,4590.00,74.26,FALSE,M1_DIRECTION_MISMATCH
2026-09-07 14:49:21.438,1788792561.438,2191,43,499,4414.94,4415.02,8.0,PASS_<=10c,+2.0,UP,-241.0,+921.0,4.2,+5.67,1.35,SLOW,4405.73,4412.15,4405.26,4411.99,0.00,0.00,0.0,BULLISH,689.0,4417.35,4417.35,4414.92,4414.94,21,CLEARED_>=20s,243.0,241.0,0.0,2.0,0.0,0.8,0.0,PASS_<20%,0.00,0.0,NO,STANDBY_VEL_LOW,0,0.00,4590.00,74.26,FALSE,M1_DIRECTION_MISMATCH
2026-09-07 14:49:21.940,1788792561.940,2192,44,500,4414.92,4415.00,8.0,PASS_<=10c,-2.0,DOWN,-243.0,+919.0,4.2,+5.87,1.40,SLOW,4405.73,4412.15,4405.26,4411.99,0.00,0.00,0.0,BULLISH,689.0,4417.35,4417.35,4414.92,4414.92,21,CLEARED_>=20s,243.0,243.0,0.0,0.0,0.0,0.0,0.0,PASS_<20%,0.00,0.0,NO,STANDBY_VEL_LOW,0,0.00,4590.00,74.26,FALSE,M1_DIRECTION_MISMATCH
2026-09-07 14:49:22.442,1788792562.442,2193,45,501,4414.88,4414.96,8.0,PASS_<=10c,-4.0,DOWN,-247.0,+915.0,4.2,+6.92,1.65,SLOW,4405.73,4412.15,4405.26,4411.99,0.00,0.00,0.0,BULLISH,689.0,4417.35,4417.35,4414.88,4414.88,22,CLEARED_>=20s,247.0,247.0,0.0,0.0,0.0,0.0,0.0,PASS_<20%,0.00,0.0,NO,STANDBY_VEL_LOW,0,0.00,4590.00,74.26,FALSE,M1_DIRECTION_MISMATCH
2026-09-07 14:49:22.944,1788792562.945,2194,46,502,4414.89,4414.97,8.0,PASS_<=10c,+1.0,UP,-246.0,+916.0,4.2,+6.92,1.65,SLOW,4405.73,4412.15,4405.26,4411.99,0.00,0.00,0.0,BULLISH,689.0,4417.35,4417.35,4414.88,4414.89,22,CLEARED_>=20s,247.0,246.0,0.0,1.0,0.0,0.4,0.0,PASS_<20%,0.00,0.0,NO,STANDBY_VEL_LOW,0,0.00,4590.00,74.26,FALSE,M1_DIRECTION_MISMATCH
2026-09-07 14:49:23.446,1788792563.447,2195,47,503,4414.91,4414.99,8.0,PASS_<=10c,+2.0,UP,-244.0,+918.0,4.2,+6.50,1.55,SLOW,4405.73,4412.15,4405.26,4411.99,0.00,0.00,0.0,BULLISH,689.0,4417.35,4417.35,4414.88,4414.91,23,CLEARED_>=20s,247.0,244.0,0.0,3.0,0.0,1.2,0.0,PASS_<20%,0.00,0.0,NO,STANDBY_VEL_LOW,0,0.00,4590.00,74.26,FALSE,M1_DIRECTION_MISMATCH
2026-09-07 14:49:23.947,1788792563.948,2196,48,504,4414.79,4414.87,8.0,PASS_<=10c,-12.0,DOWN,-256.0,+906.0,4.2,+10.07,2.40,SLOW,4405.73,4412.15,4405.26,4411.99,0.00,0.00,0.0,BULLISH,689.0,4417.35,4417.35,4414.79,4414.79,23,CLEARED_>=20s,256.0,256.0,0.0,0.0,0.0,0.0,0.0,PASS_<20%,0.00,0.0,NO,STANDBY_VEL_LOW,0,0.00,4590.00,74.26,FALSE,M1_DIRECTION_MISMATCH
2026-09-07 14:49:24.449,1788792564.449,2197,49,505,4414.41,4414.49,8.0,PASS_<=10c,-38.0,DOWN,-294.0,+868.0,4.2,+14.68,3.50,SLOW,4405.73,4412.15,4405.26,4411.99,0.00,0.00,0.0,BULLISH,689.0,4417.35,4417.35,4414.41,4414.41,24,CLEARED_>=20s,294.0,294.0,0.0,0.0,0.0,0.0,0.0,PASS_<20%,0.00,0.0,NO,STANDBY_VEL_LOW,0,0.00,4590.00,74.26,FALSE,M1_DIRECTION_MISMATCH
2026-09-07 14:49:24.951,1788792564.951,2198,50,506,4414.37,4414.45,8.0,PASS_<=10c,-4.0,DOWN,-298.0,+864.0,4.2,+14.68,3.50,SLOW,4405.73,4412.15,4405.26,4411.99,0.00,0.00,0.0,BULLISH,689.0,4417.35,4417.35,4414.36,4414.37,24,CLEARED_>=20s,299.0,298.0,0.0,1.0,0.0,0.3,0.0,PASS_<20%,0.00,0.0,NO,STANDBY_VEL_LOW,0,0.00,4590.00,74.26,FALSE,M1_DIRECTION_MISMATCH
2026-09-07 14:49:25.452,1788792565.452,2199,51,507,4414.28,4414.36,8.0,PASS_<=10c,-9.0,DOWN,-307.0,+855.0,4.2,+13.43,3.20,SLOW,4405.73,4412.15,4405.26,4411.99,0.00,0.00,0.0,BULLISH,689.0,4417.35,4417.35,4414.27,4414.28,25,CLEARED_>=20s,308.0,307.0,0.0,1.0,0.0,0.3,0.0,PASS_<20%,0.00,0.0,NO,STANDBY_VEL_LOW,0,0.00,4590.00,74.26,FALSE,M1_DIRECTION_MISMATCH
2026-09-07 14:49:25.953,1788792565.954,2200,52,508,4414.24,4414.32,8.0,PASS_<=10c,-4.0,DOWN,-311.0,+851.0,4.2,+14.48,3.45,SLOW,4405.73,4412.15,4405.26,4411.99,0.00,0.00,0.0,BULLISH,689.0,4417.35,4417.35,4414.24,4414.24,25,CLEARED_>=20s,311.0,311.0,0.0,0.0,0.0,0.0,0.0,PASS_<20%,0.00,0.0,NO,STANDBY_VEL_LOW,0,0.00,4590.00,74.26,FALSE,M1_DIRECTION_MISMATCH
2026-09-07 14:49:26.455,1788792566.456,2201,53,509,4414.30,4414.38,8.0,PASS_<=10c,+6.0,UP,-305.0,+857.0,4.2,+13.43,3.20,SLOW,4405.73,4412.15,4405.26,4411.99,0.00,0.00,0.0,BULLISH,689.0,4417.35,4417.35,4414.24,4414.30,26,CLEARED_>=20s,311.0,305.0,0.0,6.0,0.0,1.9,0.0,PASS_<20%,0.00,0.0,NO,STANDBY_VEL_LOW,0,0.00,4590.00,74.26,FALSE,M1_DIRECTION_MISMATCH
2026-09-07 14:49:26.956,1788792566.957,2202,54,510,4414.28,4414.36,8.0,PASS_<=10c,-2.0,DOWN,-307.0,+855.0,4.2,+13.64,3.25,SLOW,4405.73,4412.15,4405.26,4411.99,0.00,0.00,0.0,BULLISH,689.0,4417.35,4417.35,4414.24,4414.28,26,CLEARED_>=20s,311.0,307.0,0.0,4.0,0.0,1.3,0.0,PASS_<20%,0.00,0.0,NO,STANDBY_VEL_LOW,0,0.00,4590.00,74.26,FALSE,M1_DIRECTION_MISMATCH
2026-09-07 14:49:27.457,1788792567.458,2203,55,511,4413.98,4414.06,8.0,PASS_<=10c,-30.0,DOWN,-337.0,+825.0,4.2,+19.31,4.60,SLOW,4405.73,4412.15,4405.26,4411.99,0.00,0.00,0.0,BULLISH,689.0,4417.35,4417.35,4413.98,4413.98,27,CLEARED_>=20s,337.0,337.0,0.0,0.0,0.0,0.0,0.0,PASS_<20%,0.00,0.0,NO,STANDBY_VEL_LOW,0,0.00,4590.00,74.26,FALSE,M1_DIRECTION_MISMATCH
2026-09-07 14:49:27.959,1788792567.959,2204,56,512,4414.07,4414.15,8.0,PASS_<=10c,+9.0,UP,-328.0,+834.0,4.2,+17.84,4.25,SLOW,4405.73,4412.15,4405.26,4411.99,0.00,0.00,0.0,BULLISH,689.0,4417.35,4417.35,4413.98,4414.07,27,CLEARED_>=20s,337.0,328.0,0.0,9.0,0.0,2.7,0.0,PASS_<20%,0.00,0.0,NO,STANDBY_VEL_LOW,0,0.00,4590.00,74.26,FALSE,M1_DIRECTION_MISMATCH
2026-09-07 14:49:28.460,1788792568.460,2205,57,513,4414.05,4414.13,8.0,PASS_<=10c,-2.0,DOWN,-330.0,+832.0,4.2,+16.38,3.90,SLOW,4405.73,4412.15,4405.26,4411.99,0.00,0.00,0.0,BULLISH,689.0,4417.35,4417.35,4413.98,4414.05,28,CLEARED_>=20s,337.0,330.0,0.0,7.0,0.0,2.1,0.0,PASS_<20%,0.00,0.0,NO,STANDBY_VEL_LOW,0,0.00,4590.00,74.26,FALSE,M1_DIRECTION_MISMATCH
2026-09-07 14:49:28.961,1788792568.961,2206,58,514,4414.05,4414.13,8.0,PASS_<=10c,+0.0,FLAT,-330.0,+832.0,4.2,+7.77,1.85,SLOW,4405.73,4412.15,4405.26,4411.99,0.00,0.00,0.0,BULLISH,689.0,4417.35,4417.35,4413.98,4414.05,28,CLEARED_>=20s,337.0,330.0,0.0,7.0,0.0,2.1,0.0,PASS_<20%,0.00,0.0,NO,STANDBY_VEL_LOW,0,0.00,4590.00,74.26,FALSE,M1_DIRECTION_MISMATCH
2026-09-07 14:49:29.463,1788792569.463,2207,59,515,4414.05,4414.13,8.0,PASS_<=10c,+0.0,FLAT,-330.0,+832.0,4.2,+6.51,1.55,SLOW,4405.73,4412.15,4405.26,4411.99,0.00,0.00,0.0,BULLISH,689.0,4417.35,4417.35,4413.98,4414.05,29,CLEARED_>=20s,337.0,330.0,0.0,7.0,0.0,2.1,0.0,PASS_<20%,0.00,0.0,NO,STANDBY_VEL_LOW,0,0.00,4590.00,74.26,FALSE,M1_DIRECTION_MISMATCH
2026-09-07 14:49:29.965,1788792569.965,2208,60,516,4414.24,4414.32,8.0,PASS_<=10c,+19.0,UP,-311.0,+851.0,4.2,+0.63,0.15,SLOW,4405.73,4412.15,4405.26,4411.99,0.00,0.00,0.0,BULLISH,689.0,4417.35,4417.35,4413.98,4414.24,29,CLEARED_>=20s,337.0,311.0,0.0,26.0,0.0,7.7,0.0,PASS_<20%,0.00,0.0,NO,STANDBY_VEL_LOW,0,0.00,4590.00,74.26,FALSE,M1_DIRECTION_MISMATCH
2026-09-07 14:49:30.467,1788792570.467,2209,61,517,4414.56,4414.64,8.0,PASS_<=10c,+32.0,UP,-279.0,+883.0,4.2,+5.88,1.40,SLOW,4405.73,4412.15,4405.26,4411.99,0.00,0.00,0.0,BULLISH,689.0,4417.35,4417.35,4413.98,4414.56,30,CLEARED_>=20s,337.0,279.0,0.0,58.0,0.0,17.2,0.0,PASS_<20%,0.00,0.0,NO,STANDBY_VEL_LOW,0,0.00,4590.00,74.26,FALSE,M1_DIRECTION_MISMATCH
2026-09-07 14:49:30.968,1788792570.969,2210,62,518,4414.66,4414.74,8.0,PASS_<=10c,+10.0,UP,-269.0,+893.0,4.2,+8.61,2.05,SLOW,4405.73,4412.15,4405.26,4411.99,0.00,0.00,0.0,BULLISH,689.0,4417.35,4417.35,4413.98,4414.66,30,CLEARED_>=20s,337.0,269.0,0.0,68.0,0.0,20.2,0.0,PASS_<20%,0.00,0.0,NO,STANDBY_VEL_LOW,0,0.00,4590.00,74.26,FALSE,M1_DIRECTION_MISMATCH
2026-09-07 14:49:31.469,1788792571.470,2211,63,519,4414.72,4414.80,8.0,PASS_<=10c,+6.0,UP,-263.0,+899.0,4.2,+8.82,2.10,SLOW,4405.73,4412.15,4405.26,4411.99,0.00,0.00,0.0,BULLISH,689.0,4417.35,4417.35,4413.98,4414.72,31,CLEARED_>=20s,337.0,263.0,0.0,74.0,0.0,22.0,0.0,PASS_<20%,0.00,0.0,NO,STANDBY_VEL_LOW,0,0.00,4590.00,74.26,FALSE,M1_DIRECTION_MISMATCH
2026-09-07 14:49:31.972,1788792571.972,2212,64,520,4414.71,4414.79,8.0,PASS_<=10c,-1.0,DOWN,-264.0,+898.0,4.2,+14.27,3.40,SLOW,4405.73,4412.15,4405.26,4411.99,0.00,0.00,0.0,BULLISH,689.0,4417.35,4417.35,4413.98,4414.71,31,CLEARED_>=20s,337.0,264.0,0.0,73.0,0.0,21.7,0.0,PASS_<20%,0.00,0.0,NO,STANDBY_VEL_LOW,0,0.00,4590.00,74.26,FALSE,M1_DIRECTION_MISMATCH
2026-09-07 14:49:32.472,1788792572.473,2213,65,521,4414.72,4414.80,8.0,PASS_<=10c,+1.0,UP,-263.0,+899.0,4.2,+13.64,3.25,SLOW,4405.73,4412.15,4405.26,4411.99,0.00,0.00,0.0,BULLISH,689.0,4417.35,4417.35,4413.98,4414.72,32,CLEARED_>=20s,337.0,263.0,0.0,74.0,0.0,22.0,0.0,PASS_<20%,0.00,0.0,NO,STANDBY_VEL_LOW,0,0.00,4590.00,74.26,FALSE,M1_DIRECTION_MISMATCH
2026-09-07 14:49:32.974,1788792572.975,2214,66,522,4414.68,4414.76,8.0,PASS_<=10c,-4.0,DOWN,-267.0,+895.0,4.2,+14.69,3.50,SLOW,4405.73,4412.15,4405.26,4411.99,0.00,0.00,0.0,BULLISH,689.0,4417.35,4417.35,4413.98,4414.68,32,CLEARED_>=20s,337.0,267.0,0.0,70.0,0.0,20.8,0.0,PASS_<20%,0.00,0.0,NO,STANDBY_VEL_LOW,0,0.00,4590.00,74.26,FALSE,M1_DIRECTION_MISMATCH
2026-09-07 14:49:33.476,1788792573.476,2215,67,523,4414.72,4414.80,8.0,PASS_<=10c,+4.0,UP,-263.0,+899.0,4.2,+14.06,3.35,SLOW,4405.73,4412.15,4405.26,4411.99,0.00,0.00,0.0,BULLISH,689.0,4417.35,4417.35,4413.98,4414.72,33,CLEARED_>=20s,337.0,263.0,0.0,74.0,0.0,22.0,0.0,PASS_<20%,0.00,0.0,NO,STANDBY_VEL_LOW,0,0.00,4590.00,74.26,FALSE,M1_DIRECTION_MISMATCH
2026-09-07 14:49:33.978,1788792573.978,2216,68,524,4414.77,4414.85,8.0,PASS_<=10c,+5.0,UP,-258.0,+904.0,4.2,+15.11,3.60,SLOW,4405.73,4412.15,4405.26,4411.99,0.00,0.00,0.0,BULLISH,689.0,4417.35,4417.35,4413.98,4414.77,33,CLEARED_>=20s,337.0,258.0,0.0,79.0,0.0,23.4,0.0,PASS_<20%,0.00,0.0,NO,STANDBY_VEL_LOW,0,0.00,4590.00,74.26,FALSE,M1_DIRECTION_MISMATCH
2026-09-07 14:49:34.479,1788792574.479,2217,69,525,4414.88,4414.96,8.0,PASS_<=10c,+11.0,UP,-247.0,+915.0,4.2,+14.06,3.35,SLOW,4405.73,4412.15,4405.26,4411.99,0.00,0.00,0.0,BULLISH,689.0,4417.35,4417.35,4413.98,4414.88,34,CLEARED_>=20s,337.0,247.0,0.0,90.0,0.0,26.7,0.0,PASS_<20%,0.00,0.0,NO,STANDBY_VEL_LOW,0,0.00,4590.00,74.26,FALSE,M1_DIRECTION_MISMATCH
2026-09-07 14:49:34.980,1788792574.980,2218,70,526,4414.94,4415.02,8.0,PASS_<=10c,+6.0,UP,-241.0,+921.0,4.2,+8.61,2.05,SLOW,4405.73,4412.15,4405.26,4411.99,0.00,0.00,0.0,BULLISH,689.0,4417.35,4417.35,4413.98,4414.94,34,CLEARED_>=20s,337.0,241.0,0.0,96.0,0.0,28.5,0.0,PASS_<20%,0.00,0.0,NO,STANDBY_VEL_LOW,0,0.00,4590.00,74.26,FALSE,M1_DIRECTION_MISMATCH
2026-09-07 14:49:35.481,1788792575.481,2219,71,527,4414.94,4415.02,8.0,PASS_<=10c,+0.0,FLAT,-241.0,+921.0,4.2,+5.88,1.40,SLOW,4405.73,4412.15,4405.26,4411.99,0.00,0.00,0.0,BULLISH,689.0,4417.35,4417.35,4413.98,4414.94,35,CLEARED_>=20s,337.0,241.0,0.0,96.0,0.0,28.5,0.0,PASS_<20%,0.00,0.0,NO,STANDBY_VEL_LOW,0,0.00,4590.00,74.26,FALSE,M1_DIRECTION_MISMATCH
2026-09-07 14:49:35.982,1788792575.983,2220,72,528,4414.96,4415.04,8.0,PASS_<=10c,+2.0,UP,-239.0,+923.0,4.2,+6.09,1.45,SLOW,4405.73,4412.15,4405.26,4411.99,0.00,0.00,0.0,BULLISH,689.0,4417.35,4417.35,4413.98,4414.96,35,CLEARED_>=20s,337.0,239.0,0.0,98.0,0.0,29.1,0.0,PASS_<20%,0.00,0.0,NO,STANDBY_VEL_LOW,0,0.00,4590.00,74.26,FALSE,M1_DIRECTION_MISMATCH
2026-09-07 14:49:36.484,1788792576.485,2221,73,529,4414.94,4415.02,8.0,PASS_<=10c,-2.0,DOWN,-241.0,+921.0,4.2,+5.04,1.20,SLOW,4405.73,4412.15,4405.26,4411.99,0.00,0.00,0.0,BULLISH,689.0,4417.35,4417.35,4413.98,4414.94,36,CLEARED_>=20s,337.0,241.0,0.0,96.0,0.0,28.5,0.0,PASS_<20%,0.00,0.0,NO,STANDBY_VEL_LOW,0,0.00,4590.00,74.26,FALSE,M1_DIRECTION_MISMATCH
2026-09-07 14:49:36.986,1788792576.986,2222,74,530,4414.88,4414.96,8.0,PASS_<=10c,-6.0,DOWN,-247.0,+915.0,4.2,+2.10,0.50,SLOW,4405.73,4412.15,4405.26,4411.99,0.00,0.00,0.0,BULLISH,689.0,4417.35,4417.35,4413.98,4414.88,36,CLEARED_>=20s,337.0,247.0,0.0,90.0,0.0,26.7,0.0,PASS_<20%,0.00,0.0,NO,STANDBY_VEL_LOW,0,0.00,4590.00,74.26,FALSE,M1_DIRECTION_MISMATCH
2026-09-07 14:49:37.487,1788792577.488,2223,75,531,4414.88,4414.96,8.0,PASS_<=10c,+0.0,FLAT,-247.0,+915.0,4.2,+3.57,0.85,SLOW,4405.73,4412.15,4405.26,4411.99,0.00,0.00,0.0,BULLISH,689.0,4417.35,4417.35,4413.98,4414.88,37,CLEARED_>=20s,337.0,247.0,0.0,90.0,0.0,26.7,0.0,PASS_<20%,0.00,0.0,NO,STANDBY_VEL_LOW,0,0.00,4590.00,74.26,FALSE,M1_DIRECTION_MISMATCH
2026-09-07 14:49:37.988,1788792577.989,2224,76,532,4414.84,4414.92,8.0,PASS_<=10c,-4.0,DOWN,-251.0,+911.0,4.2,+2.52,0.60,SLOW,4405.73,4412.15,4405.26,4411.99,0.00,0.00,0.0,BULLISH,689.0,4417.35,4417.35,4413.98,4414.84,37,CLEARED_>=20s,337.0,251.0,0.0,86.0,0.0,25.5,0.0,PASS_<20%,0.00,0.0,NO,STANDBY_VEL_LOW,0,0.00,4590.00,74.26,FALSE,M1_DIRECTION_MISMATCH
2026-09-07 14:49:38.490,1788792578.491,2225,77,533,4414.97,4415.05,8.0,PASS_<=10c,+13.0,UP,-238.0,+924.0,4.2,+4.41,1.05,SLOW,4405.73,4412.15,4405.26,4411.99,0.00,0.00,0.0,BULLISH,689.0,4417.35,4417.35,4413.98,4414.97,38,CLEARED_>=20s,337.0,238.0,0.0,99.0,0.0,29.4,0.0,PASS_<20%,0.00,0.0,NO,STANDBY_VEL_LOW,0,0.00,4590.00,74.26,FALSE,M1_DIRECTION_MISMATCH
2026-09-07 14:49:38.992,1788792578.992,2226,78,534,4414.98,4415.06,8.0,PASS_<=10c,+1.0,UP,-237.0,+925.0,4.2,+1.89,0.45,SLOW,4405.73,4412.15,4405.26,4411.99,0.00,0.00,0.0,BULLISH,689.0,4417.35,4417.35,4413.98,4414.98,38,CLEARED_>=20s,337.0,237.0,0.0,100.0,0.0,29.7,0.0,PASS_<20%,0.00,0.0,NO,STANDBY_VEL_LOW,0,0.00,4590.00,74.26,FALSE,M1_DIRECTION_MISMATCH
2026-09-07 14:49:39.493,1788792579.494,2227,79,535,4414.87,4414.95,8.0,PASS_<=10c,-11.0,DOWN,-248.0,+914.0,4.2,+1.05,0.25,SLOW,4405.73,4412.15,4405.26,4411.99,0.00,0.00,0.0,BULLISH,689.0,4417.35,4417.35,4413.98,4414.87,39,CLEARED_>=20s,337.0,248.0,0.0,89.0,0.0,26.4,0.0,PASS_<20%,0.00,0.0,NO,STANDBY_VEL_LOW,0,0.00,4590.00,74.26,FALSE,M1_DIRECTION_MISMATCH
2026-09-07 14:49:39.994,1788792579.995,2228,80,536,4414.57,4414.65,8.0,PASS_<=10c,-30.0,DOWN,-278.0,+884.0,4.2,+7.77,1.85,SLOW,4405.73,4412.15,4405.26,4411.99,0.00,0.00,0.0,BULLISH,689.0,4417.35,4417.35,4413.98,4414.57,39,CLEARED_>=20s,337.0,278.0,0.0,59.0,0.0,17.5,0.0,PASS_<20%,0.00,0.0,NO,STANDBY_VEL_LOW,0,0.00,4590.00,74.26,FALSE,M1_DIRECTION_MISMATCH
2026-09-07 14:49:40.496,1788792580.496,2229,81,537,4414.55,4414.63,8.0,PASS_<=10c,-2.0,DOWN,-280.0,+882.0,4.2,+7.98,1.90,SLOW,4405.73,4412.15,4405.26,4411.99,0.00,0.00,0.0,BULLISH,689.0,4417.35,4417.35,4413.98,4414.55,40,CLEARED_>=20s,337.0,280.0,0.0,57.0,0.0,16.9,0.0,PASS_<20%,0.00,0.0,NO,STANDBY_VEL_LOW,0,0.00,4590.00,74.26,FALSE,M1_DIRECTION_MISMATCH
2026-09-07 14:49:40.998,1788792580.999,2230,82,538,4414.74,4414.82,8.0,PASS_<=10c,+19.0,UP,-261.0,+901.0,4.2,+4.62,1.10,SLOW,4405.73,4412.15,4405.26,4411.99,0.00,0.00,0.0,BULLISH,689.0,4417.35,4417.35,4413.98,4414.74,40,CLEARED_>=20s,337.0,261.0,0.0,76.0,0.0,22.6,0.0,PASS_<20%,0.00,0.0,NO,STANDBY_VEL_LOW,0,0.00,4590.00,74.26,FALSE,M1_DIRECTION_MISMATCH
2026-09-07 14:49:41.501,1788792581.501,2231,83,539,4414.74,4414.82,8.0,PASS_<=10c,+0.0,FLAT,-261.0,+901.0,4.2,+4.20,1.00,SLOW,4405.73,4412.15,4405.26,4411.99,0.00,0.00,0.0,BULLISH,689.0,4417.35,4417.35,4413.98,4414.74,41,CLEARED_>=20s,337.0,261.0,0.0,76.0,0.0,22.6,0.0,PASS_<20%,0.00,0.0,NO,STANDBY_VEL_LOW,0,0.00,4590.00,74.26,FALSE,M1_DIRECTION_MISMATCH
2026-09-07 14:49:42.003,1788792582.004,2232,84,540,4414.73,4414.81,8.0,PASS_<=10c,-1.0,DOWN,-262.0,+900.0,4.2,+3.15,0.75,SLOW,4405.73,4412.15,4405.26,4411.99,0.00,0.00,0.0,BULLISH,689.0,4417.35,4417.35,4413.98,4414.73,42,CLEARED_>=20s,337.0,262.0,0.0,75.0,0.0,22.3,0.0,PASS_<20%,0.00,0.0,NO,STANDBY_VEL_LOW,0,0.00,4590.00,74.26,FALSE,M1_DIRECTION_MISMATCH
2026-09-07 14:49:42.505,1788792582.505,2233,85,541,4414.72,4414.80,8.0,PASS_<=10c,-1.0,DOWN,-263.0,+899.0,4.2,+2.52,0.60,SLOW,4405.73,4412.15,4405.26,4411.99,0.00,0.00,0.0,BULLISH,689.0,4417.35,4417.35,4413.98,4414.72,42,CLEARED_>=20s,337.0,263.0,0.0,74.0,0.0,22.0,0.0,PASS_<20%,0.00,0.0,NO,STANDBY_VEL_LOW,0,0.00,4590.00,74.26,FALSE,M1_DIRECTION_MISMATCH
2026-09-07 14:49:43.006,1788792583.007,2234,86,542,4414.57,4414.65,8.0,PASS_<=10c,-15.0,DOWN,-278.0,+884.0,4.2,+7.55,1.80,SLOW,4405.73,4412.15,4405.26,4411.99,0.00,0.00,0.0,BULLISH,689.0,4417.35,4417.35,4413.98,4414.57,43,CLEARED_>=20s,337.0,278.0,0.0,59.0,0.0,17.5,0.0,PASS_<20%,0.00,0.0,NO,STANDBY_VEL_LOW,0,0.00,4590.00,74.26,FALSE,M1_DIRECTION_MISMATCH
2026-09-07 14:49:43.509,1788792583.509,2235,87,543,4414.57,4414.65,8.0,PASS_<=10c,+0.0,FLAT,-278.0,+884.0,4.2,+8.60,2.05,SLOW,4405.73,4412.15,4405.26,4411.99,0.00,0.00,0.0,BULLISH,689.0,4417.35,4417.35,4413.98,4414.57,43,CLEARED_>=20s,337.0,278.0,0.0,59.0,0.0,17.5,0.0,PASS_<20%,0.00,0.0,NO,STANDBY_VEL_LOW,0,0.00,4590.00,74.26,FALSE,M1_DIRECTION_MISMATCH
2026-09-07 14:49:44.010,1788792584.011,2236,88,544,4414.57,4414.65,8.0,PASS_<=10c,+0.0,FLAT,-278.0,+884.0,4.2,+7.76,1.85,SLOW,4405.73,4412.15,4405.26,4411.99,0.00,0.00,0.0,BULLISH,689.0,4417.35,4417.35,4413.98,4414.57,44,CLEARED_>=20s,337.0,278.0,0.0,59.0,0.0,17.5,0.0,PASS_<20%,0.00,0.0,NO,STANDBY_VEL_LOW,0,0.00,4590.00,74.26,FALSE,M1_DIRECTION_MISMATCH
2026-09-07 14:49:44.512,1788792584.513,2237,89,545,4414.63,4414.71,8.0,PASS_<=10c,+6.0,UP,-272.0,+890.0,4.2,+1.05,0.25,SLOW,4405.73,4412.15,4405.26,4411.99,0.00,0.00,0.0,BULLISH,689.0,4417.35,4417.35,4413.98,4414.63,44,CLEARED_>=20s,337.0,272.0,0.0,65.0,0.0,19.3,0.0,PASS_<20%,0.00,0.0,NO,STANDBY_VEL_LOW,0,0.00,4590.00,74.26,FALSE,M1_DIRECTION_MISMATCH
2026-09-07 14:49:45.014,1788792585.014,2238,90,546,4414.71,4414.79,8.0,PASS_<=10c,+8.0,UP,-264.0,+898.0,4.2,+3.36,0.80,SLOW,4405.73,4412.15,4405.26,4411.99,0.00,0.00,0.0,BULLISH,689.0,4417.35,4417.35,4413.98,4414.71,45,CLEARED_>=20s,337.0,264.0,0.0,73.0,0.0,21.7,0.0,PASS_<20%,0.00,0.0,NO,STANDBY_VEL_LOW,0,0.00,4590.00,74.26,FALSE,M1_DIRECTION_MISMATCH
2026-09-07 14:49:45.516,1788792585.516,2239,91,547,4414.89,4414.97,8.0,PASS_<=10c,+18.0,UP,-246.0,+916.0,4.2,+7.13,1.70,SLOW,4405.73,4412.15,4405.26,4411.99,0.00,0.00,0.0,BULLISH,689.0,4417.35,4417.35,4413.98,4414.89,45,CLEARED_>=20s,337.0,246.0,0.0,91.0,0.0,27.0,0.0,PASS_<20%,0.00,0.0,NO,STANDBY_VEL_LOW,0,0.00,4590.00,74.26,FALSE,M1_DIRECTION_MISMATCH
2026-09-07 14:49:46.018,1788792586.018,2240,92,548,4414.75,4414.83,8.0,PASS_<=10c,-14.0,DOWN,-260.0,+902.0,4.2,+0.21,0.05,SLOW,4405.73,4412.15,4405.26,4411.99,0.00,0.00,0.0,BULLISH,689.0,4417.35,4417.35,4413.98,4414.75,46,CLEARED_>=20s,337.0,260.0,0.0,77.0,0.0,22.8,0.0,PASS_<20%,0.00,0.0,NO,STANDBY_VEL_LOW,0,0.00,4590.00,74.26,FALSE,M1_DIRECTION_MISMATCH
2026-09-07 14:49:46.520,1788792586.520,2241,93,549,4414.71,4414.79,8.0,PASS_<=10c,-4.0,DOWN,-264.0,+898.0,4.2,+0.63,0.15,SLOW,4405.73,4412.15,4405.26,4411.99,0.00,0.00,0.0,BULLISH,689.0,4417.35,4417.35,4413.98,4414.71,46,CLEARED_>=20s,337.0,264.0,0.0,73.0,0.0,21.7,0.0,PASS_<20%,0.00,0.0,NO,STANDBY_VEL_LOW,0,0.00,4590.00,74.26,FALSE,M1_DIRECTION_MISMATCH
2026-09-07 14:49:47.021,1788792587.021,2242,94,550,4414.68,4414.76,8.0,PASS_<=10c,-3.0,DOWN,-267.0,+895.0,4.2,+0.84,0.20,SLOW,4405.73,4412.15,4405.26,4411.99,0.00,0.00,0.0,BULLISH,689.0,4417.35,4417.35,4413.98,4414.68,47,CLEARED_>=20s,337.0,267.0,0.0,70.0,0.0,20.8,0.0,PASS_<20%,0.00,0.0,NO,STANDBY_VEL_LOW,0,0.00,4590.00,74.26,FALSE,M1_DIRECTION_MISMATCH
2026-09-07 14:49:47.522,1788792587.522,2243,95,551,4414.68,4414.76,8.0,PASS_<=10c,+0.0,FLAT,-267.0,+895.0,4.2,+0.63,0.15,SLOW,4405.73,4412.15,4405.26,4411.99,0.00,0.00,0.0,BULLISH,689.0,4417.35,4417.35,4413.98,4414.68,47,CLEARED_>=20s,337.0,267.0,0.0,70.0,0.0,20.8,0.0,PASS_<20%,0.00,0.0,NO,STANDBY_VEL_LOW,0,0.00,4590.00,74.26,FALSE,M1_DIRECTION_MISMATCH
2026-09-07 14:49:48.024,1788792588.024,2244,96,552,4414.70,4414.78,8.0,PASS_<=10c,+2.0,UP,-265.0,+897.0,4.2,+2.73,0.65,SLOW,4405.73,4412.15,4405.26,4411.99,0.00,0.00,0.0,BULLISH,689.0,4417.35,4417.35,4413.98,4414.70,48,CLEARED_>=20s,337.0,265.0,0.0,72.0,0.0,21.4,0.0,PASS_<20%,0.00,0.0,NO,STANDBY_VEL_LOW,0,0.00,4590.00,74.26,FALSE,M1_DIRECTION_MISMATCH
2026-09-07 14:49:48.526,1788792588.526,2245,97,553,4414.66,4414.74,8.0,PASS_<=10c,-4.0,DOWN,-269.0,+893.0,4.2,+1.89,0.45,SLOW,4405.73,4412.15,4405.26,4411.99,0.00,0.00,0.0,BULLISH,689.0,4417.35,4417.35,4413.98,4414.66,48,CLEARED_>=20s,337.0,269.0,0.0,68.0,0.0,20.2,0.0,PASS_<20%,0.00,0.0,NO,STANDBY_VEL_LOW,0,0.00,4590.00,74.26,FALSE,M1_DIRECTION_MISMATCH
2026-09-07 14:49:49.028,1788792589.028,2246,98,554,4414.66,4414.74,8.0,PASS_<=10c,+0.0,FLAT,-269.0,+893.0,4.2,+1.26,0.30,SLOW,4405.73,4412.15,4405.26,4411.99,0.00,0.00,0.0,BULLISH,689.0,4417.35,4417.35,4413.98,4414.66,49,CLEARED_>=20s,337.0,269.0,0.0,68.0,0.0,20.2,0.0,PASS_<20%,0.00,0.0,NO,STANDBY_VEL_LOW,0,0.00,4590.00,74.26,FALSE,M1_DIRECTION_MISMATCH
2026-09-07 14:49:49.530,1788792589.530,2247,99,555,4414.74,4414.82,8.0,PASS_<=10c,+8.0,UP,-261.0,+901.0,4.2,+2.31,0.55,SLOW,4405.73,4412.15,4405.26,4411.99,0.00,0.00,0.0,BULLISH,689.0,4417.35,4417.35,4413.98,4414.74,49,CLEARED_>=20s,337.0,261.0,0.0,76.0,0.0,22.6,0.0,PASS_<20%,0.00,0.0,NO,STANDBY_VEL_LOW,0,0.00,4590.00,74.26,FALSE,M1_DIRECTION_MISMATCH
2026-09-07 14:49:50.031,1788792590.031,2248,100,556,4414.76,4414.84,8.0,PASS_<=10c,+2.0,UP,-259.0,+903.0,4.2,+2.31,0.55,SLOW,4405.73,4412.15,4405.26,4411.99,0.00,0.00,0.0,BULLISH,689.0,4417.35,4417.35,4413.98,4414.76,50,CLEARED_>=20s,337.0,259.0,0.0,78.0,0.0,23.1,0.0,PASS_<20%,0.00,0.0,NO,STANDBY_VEL_LOW,0,0.00,4590.00,74.26,FALSE,M1_DIRECTION_MISMATCH
2026-09-07 14:49:50.532,1788792590.533,2249,101,557,4414.81,4414.89,8.0,PASS_<=10c,+5.0,UP,-254.0,+908.0,4.2,+0.21,0.05,SLOW,4405.73,4412.15,4405.26,4411.99,0.00,0.00,0.0,BULLISH,689.0,4417.35,4417.35,4413.98,4414.81,50,CLEARED_>=20s,337.0,254.0,0.0,83.0,0.0,24.6,0.0,PASS_<20%,0.00,0.0,NO,STANDBY_VEL_LOW,0,0.00,4590.00,74.26,FALSE,M1_DIRECTION_MISMATCH
2026-09-07 14:49:51.037,1788792591.038,2250,102,558,4414.80,4414.88,8.0,PASS_<=10c,-1.0,DOWN,-255.0,+907.0,4.2,+1.05,0.25,SLOW,4405.73,4412.15,4405.26,4411.99,0.00,0.00,0.0,BULLISH,689.0,4417.35,4417.35,4413.98,4414.80,51,CLEARED_>=20s,337.0,255.0,0.0,82.0,0.0,24.3,0.0,PASS_<20%,0.00,0.0,NO,STANDBY_VEL_LOW,0,0.00,4590.00,74.26,FALSE,M1_DIRECTION_MISMATCH
2026-09-07 14:49:51.536,1788792591.536,2251,103,559,4414.76,4414.84,8.0,PASS_<=10c,-4.0,DOWN,-259.0,+903.0,4.2,+1.05,0.25,SLOW,4405.73,4412.15,4405.26,4411.99,0.00,0.00,0.0,BULLISH,689.0,4417.35,4417.35,4413.98,4414.76,51,CLEARED_>=20s,337.0,259.0,0.0,78.0,0.0,23.1,0.0,PASS_<20%,0.00,0.0,NO,STANDBY_VEL_LOW,0,0.00,4590.00,74.26,FALSE,M1_DIRECTION_MISMATCH
2026-09-07 14:49:52.038,1788792592.039,2252,104,560,4414.76,4414.84,8.0,PASS_<=10c,+0.0,FLAT,-259.0,+903.0,4.2,+1.68,0.40,SLOW,4405.73,4412.15,4405.26,4411.99,0.00,0.00,0.0,BULLISH,689.0,4417.35,4417.35,4413.98,4414.76,52,CLEARED_>=20s,337.0,259.0,0.0,78.0,0.0,23.1,0.0,PASS_<20%,0.00,0.0,NO,STANDBY_VEL_LOW,0,0.00,4590.00,74.26,FALSE,M1_DIRECTION_MISMATCH
2026-09-07 14:49:52.540,1788792592.541,2253,105,561,4414.66,4414.74,8.0,PASS_<=10c,-10.0,DOWN,-269.0,+893.0,4.2,+0.42,0.10,SLOW,4405.73,4412.15,4405.26,4411.99,0.00,0.00,0.0,BULLISH,689.0,4417.35,4417.35,4413.98,4414.66,52,CLEARED_>=20s,337.0,269.0,0.0,68.0,0.0,20.2,0.0,PASS_<20%,0.00,0.0,NO,STANDBY_VEL_LOW,0,0.00,4590.00,74.26,FALSE,M1_DIRECTION_MISMATCH
2026-09-07 14:49:53.042,1788792593.043,2254,106,562,4414.64,4414.72,8.0,PASS_<=10c,-2.0,DOWN,-271.0,+891.0,4.2,+1.26,0.30,SLOW,4405.73,4412.15,4405.26,4411.99,0.00,0.00,0.0,BULLISH,689.0,4417.35,4417.35,4413.98,4414.64,53,CLEARED_>=20s,337.0,271.0,0.0,66.0,0.0,19.6,0.0,PASS_<20%,0.00,0.0,NO,STANDBY_VEL_LOW,0,0.00,4590.00,74.26,FALSE,M1_DIRECTION_MISMATCH
2026-09-07 14:49:53.544,1788792593.545,2255,107,563,4414.64,4414.72,8.0,PASS_<=10c,+0.0,FLAT,-271.0,+891.0,4.2,+0.42,0.10,SLOW,4405.73,4412.15,4405.26,4411.99,0.00,0.00,0.0,BULLISH,689.0,4417.35,4417.35,4413.98,4414.64,53,CLEARED_>=20s,337.0,271.0,0.0,66.0,0.0,19.6,0.0,PASS_<20%,0.00,0.0,NO,STANDBY_VEL_LOW,0,0.00,4590.00,74.26,FALSE,M1_DIRECTION_MISMATCH
2026-09-07 14:49:54.046,1788792594.046,2256,108,564,4414.74,4414.82,8.0,PASS_<=10c,+10.0,UP,-261.0,+901.0,4.2,+1.26,0.30,SLOW,4405.73,4412.15,4405.26,4411.99,0.00,0.00,0.0,BULLISH,689.0,4417.35,4417.35,4413.98,4414.74,54,CLEARED_>=20s,337.0,261.0,0.0,76.0,0.0,22.6,0.0,PASS_<20%,0.00,0.0,NO,STANDBY_VEL_LOW,0,0.00,4590.00,74.26,FALSE,M1_DIRECTION_MISMATCH
2026-09-07 14:49:54.548,1788792594.548,2257,109,565,4414.74,4414.82,8.0,PASS_<=10c,+0.0,FLAT,-261.0,+901.0,4.2,+0.42,0.10,SLOW,4405.73,4412.15,4405.26,4411.99,0.00,0.00,0.0,BULLISH,689.0,4417.35,4417.35,4413.98,4414.74,54,CLEARED_>=20s,337.0,261.0,0.0,76.0,0.0,22.6,0.0,PASS_<20%,0.00,0.0,NO,STANDBY_VEL_LOW,0,0.00,4590.00,74.26,FALSE,M1_DIRECTION_MISMATCH
2026-09-07 14:49:55.049,1788792595.050,2258,110,566,4414.74,4414.82,8.0,PASS_<=10c,+0.0,FLAT,-261.0,+901.0,4.2,+1.26,0.30,SLOW,4405.73,4412.15,4405.26,4411.99,0.00,0.00,0.0,BULLISH,689.0,4417.35,4417.35,4413.98,4414.74,55,CLEARED_>=20s,337.0,261.0,0.0,76.0,0.0,22.6,0.0,PASS_<20%,0.00,0.0,NO,STANDBY_VEL_LOW,0,0.00,4590.00,74.26,FALSE,M1_DIRECTION_MISMATCH
2026-09-07 14:49:55.551,1788792595.552,2259,111,567,4414.30,4414.38,8.0,PASS_<=10c,-44.0,DOWN,-305.0,+857.0,4.2,+10.49,2.50,SLOW,4405.73,4412.15,4405.26,4411.99,0.00,0.00,0.0,BULLISH,689.0,4417.35,4417.35,4413.98,4414.30,55,CLEARED_>=20s,337.0,305.0,0.0,32.0,0.0,9.5,0.0,PASS_<20%,0.00,0.0,NO,STANDBY_VEL_LOW,0,0.00,4590.00,74.26,FALSE,M1_DIRECTION_MISMATCH
2026-09-07 14:49:56.053,1788792596.054,2260,112,568,4414.19,4414.27,8.0,PASS_<=10c,-11.0,DOWN,-316.0,+846.0,4.2,+11.53,2.75,SLOW,4405.73,4412.15,4405.26,4411.99,0.00,0.00,0.0,BULLISH,689.0,4417.35,4417.35,4413.98,4414.19,56,CLEARED_>=20s,337.0,316.0,0.0,21.0,0.0,6.2,0.0,PASS_<20%,0.00,0.0,NO,STANDBY_VEL_LOW,0,0.00,4590.00,74.26,FALSE,M1_DIRECTION_MISMATCH
2026-09-07 14:49:56.556,1788792596.556,2261,113,569,4414.13,4414.21,8.0,PASS_<=10c,-6.0,DOWN,-322.0,+840.0,4.2,+13.21,3.15,SLOW,4405.73,4412.15,4405.26,4411.99,0.00,0.00,0.0,BULLISH,689.0,4417.35,4417.35,4413.98,4414.13,56,CLEARED_>=20s,337.0,322.0,0.0,15.0,0.0,4.5,0.0,PASS_<20%,0.00,0.0,NO,STANDBY_VEL_LOW,0,0.00,4590.00,74.26,FALSE,M1_DIRECTION_MISMATCH
2026-09-07 14:49:57.058,1788792597.058,2262,114,570,4414.12,4414.20,8.0,PASS_<=10c,-1.0,DOWN,-323.0,+839.0,4.2,+12.37,2.95,SLOW,4405.73,4412.15,4405.26,4411.99,0.00,0.00,0.0,BULLISH,689.0,4417.35,4417.35,4413.98,4414.12,57,CLEARED_>=20s,337.0,323.0,0.0,14.0,0.0,4.2,0.0,PASS_<20%,0.00,0.0,NO,STANDBY_VEL_LOW,0,0.00,4590.00,74.26,FALSE,M1_DIRECTION_MISMATCH
2026-09-07 14:49:57.559,1788792597.559,2263,115,571,4414.01,4414.09,8.0,PASS_<=10c,-11.0,DOWN,-334.0,+828.0,4.2,+13.22,3.15,SLOW,4405.73,4412.15,4405.26,4411.99,0.00,0.00,0.0,BULLISH,689.0,4417.35,4417.35,4413.98,4414.01,57,CLEARED_>=20s,337.0,334.0,0.0,3.0,0.0,0.9,0.0,PASS_<20%,0.00,0.0,NO,STANDBY_VEL_LOW,0,0.00,4590.00,74.26,FALSE,M1_DIRECTION_MISMATCH
2026-09-07 14:49:58.061,1788792598.061,2264,116,572,4413.83,4413.91,8.0,PASS_<=10c,-18.0,DOWN,-352.0,+810.0,4.2,+16.99,4.05,SLOW,4405.73,4412.15,4405.26,4411.99,0.00,0.00,0.0,BULLISH,689.0,4417.35,4417.35,4413.83,4413.83,58,CLEARED_>=20s,352.0,352.0,0.0,0.0,0.0,0.0,0.0,PASS_<20%,0.00,0.0,NO,STANDBY_VEL_LOW,0,0.00,4590.00,74.26,FALSE,M1_DIRECTION_MISMATCH
2026-09-07 14:49:58.563,1788792598.563,2265,117,573,4413.80,4413.88,8.0,PASS_<=10c,-3.0,DOWN,-355.0,+807.0,4.2,+19.30,4.60,SLOW,4405.73,4412.15,4405.26,4411.99,0.00,0.00,0.0,BULLISH,689.0,4417.35,4417.35,4413.80,4413.80,58,CLEARED_>=20s,355.0,355.0,0.0,0.0,0.0,0.0,0.0,PASS_<20%,0.00,0.0,NO,STANDBY_VEL_LOW,0,0.00,4590.00,74.26,FALSE,M1_DIRECTION_MISMATCH
2026-09-07 14:49:59.064,1788792599.065,2266,118,574,4413.82,4413.90,8.0,PASS_<=10c,+2.0,UP,-353.0,+809.0,4.2,+19.30,4.60,SLOW,4405.73,4412.15,4405.26,4411.99,0.00,0.00,0.0,BULLISH,689.0,4417.35,4417.35,4413.80,4413.82,59,CLEARED_>=20s,355.0,353.0,0.0,2.0,0.0,0.6,0.0,PASS_<20%,0.00,0.0,NO,STANDBY_VEL_LOW,0,0.00,4590.00,74.26,FALSE,M1_DIRECTION_MISMATCH
2026-09-07 14:49:59.568,1788792599.568,2267,119,575,4413.89,4413.97,8.0,PASS_<=10c,+7.0,UP,-346.0,+816.0,4.2,+17.83,4.25,SLOW,4405.73,4412.15,4405.26,4411.99,0.00,0.00,0.0,BULLISH,689.0,4417.35,4417.35,4413.80,4413.89,59,CLEARED_>=20s,355.0,346.0,0.0,9.0,0.0,2.5,0.0,PASS_<20%,0.00,0.0,NO,STANDBY_VEL_LOW,0,0.00,4590.00,74.26,FALSE,M1_DIRECTION_MISMATCH
2026-09-07 14:50:00.074,1788792600.075,2268,1,1,4414.00,4414.08,8.0,PASS_<=10c,+11.0,UP,+0.0,+198.0,4.2,+16.15,3.85,SLOW,4412.02,4419.30,4410.83,4413.90,0.00,0.00,0.0,BULLISH,847.0,4414.00,4414.00,4414.00,4414.00,0,ACTIVE_0s,1.0,0.0,0.0,0.0,0.0,0.0,0.0,PASS_<20%,0.00,0.0,NO,STANDBY_VEL_LOW,0,0.00,4590.00,74.26,FALSE,M1_DIRECTION_MISMATCH|OPENING_SHIELD_ACTIVE_0s
2026-09-07 14:50:00.570,1788792600.570,2269,2,2,4414.13,4414.21,8.0,PASS_<=10c,+13.0,UP,+13.0,+211.0,4.2,+1.26,0.30,SLOW,4412.02,4419.30,4410.83,4413.90,0.00,0.00,0.0,BULLISH,847.0,4414.00,4414.13,4414.00,4414.13,0,ACTIVE_0s,13.0,13.0,0.0,0.0,0.0,0.0,0.0,PASS_<20%,4414.15,2.0,NO,STANDBY_VEL_LOW,0,0.00,4590.00,74.26,FALSE,OPENING_SHIELD_ACTIVE_0s
2026-09-07 14:50:01.072,1788792601.072,2270,3,3,4414.13,4414.21,8.0,PASS_<=10c,+0.0,FLAT,+13.0,+211.0,4.2,+0.84,0.20,SLOW,4412.02,4419.30,4410.83,4413.90,0.00,0.00,0.0,BULLISH,847.0,4414.00,4414.13,4414.00,4414.13,1,ACTIVE_1s,13.0,13.0,0.0,0.0,0.0,0.0,0.0,PASS_<20%,4414.15,2.0,NO,STANDBY_VEL_LOW,0,0.00,4590.00,74.26,FALSE,OPENING_SHIELD_ACTIVE_1s
2026-09-07 14:50:01.574,1788792601.574,2271,4,4,4414.26,4414.34,8.0,PASS_<=10c,+13.0,UP,+26.0,+224.0,4.2,+3.57,0.85,SLOW,4412.02,4419.30,4410.83,4413.90,0.00,0.00,0.0,BULLISH,847.0,4414.00,4414.26,4414.00,4414.26,1,ACTIVE_1s,26.0,26.0,0.0,0.0,0.0,0.0,0.0,PASS_<20%,4414.15,11.0,NO,STANDBY_VEL_LOW,0,0.00,4590.00,74.26,FALSE,OPENING_SHIELD_ACTIVE_1s
2026-09-07 14:50:02.075,1788792602.076,2272,5,5,4414.29,4414.37,8.0,PASS_<=10c,+3.0,UP,+29.0,+227.0,4.2,+3.36,0.80,SLOW,4412.02,4419.30,4410.83,4413.90,0.00,0.00,0.0,BULLISH,847.0,4414.00,4414.29,4414.00,4414.29,2,ACTIVE_2s,29.0,29.0,0.0,0.0,0.0,0.0,0.0,PASS_<20%,4414.15,14.0,NO,STANDBY_VEL_LOW,0,0.00,4590.00,74.26,FALSE,OPENING_SHIELD_ACTIVE_2s
2026-09-07 14:50:02.577,1788792602.577,2273,6,6,4414.29,4414.37,8.0,PASS_<=10c,+0.0,FLAT,+29.0,+227.0,4.2,+8.81,2.10,SLOW,4412.02,4419.30,4410.83,4413.90,0.00,0.00,0.0,BULLISH,847.0,4414.00,4414.29,4414.00,4414.29,2,ACTIVE_2s,29.0,29.0,0.0,0.0,0.0,0.0,0.0,PASS_<20%,4414.15,14.0,NO,STANDBY_VEL_LOW,0,0.00,4590.00,74.26,FALSE,OPENING_SHIELD_ACTIVE_2s
2026-09-07 14:50:03.078,1788792603.079,2274,7,7,4414.28,4414.36,8.0,PASS_<=10c,-1.0,DOWN,+28.0,+226.0,4.2,+9.44,2.25,SLOW,4412.02,4419.30,4410.83,4413.90,0.00,0.00,0.0,BULLISH,847.0,4414.00,4414.29,4414.00,4414.28,3,ACTIVE_3s,29.0,28.0,1.0,0.0,3.4,0.0,3.4,PASS_<20%,4414.15,13.0,NO,STANDBY_VEL_LOW,0,0.00,4590.00,74.26,FALSE,OPENING_SHIELD_ACTIVE_3s
2026-09-07 14:50:03.580,1788792603.580,2275,8,8,4414.34,4414.42,8.0,PASS_<=10c,+6.0,UP,+34.0,+232.0,4.2,+11.33,2.70,SLOW,4412.02,4419.30,4410.83,4413.90,0.00,0.00,0.0,BULLISH,847.0,4414.00,4414.34,4414.00,4414.34,3,ACTIVE_3s,34.0,34.0,0.0,0.0,0.0,0.0,0.0,PASS_<20%,4414.15,19.0,NO,STANDBY_VEL_LOW,0,0.00,4590.00,74.26,FALSE,OPENING_SHIELD_ACTIVE_3s
2026-09-07 14:50:04.081,1788792604.081,2276,9,9,4414.35,4414.43,8.0,PASS_<=10c,+1.0,UP,+35.0,+233.0,4.2,+10.07,2.40,SLOW,4412.02,4419.30,4410.83,4413.90,0.00,0.00,0.0,BULLISH,847.0,4414.00,4414.35,4414.00,4414.35,4,ACTIVE_4s,35.0,35.0,0.0,0.0,0.0,0.0,0.0,PASS_<20%,4414.15,20.0,NO,STANDBY_VEL_LOW,0,0.00,4590.00,74.26,FALSE,OPENING_SHIELD_ACTIVE_4s
2026-09-07 14:50:04.583,1788792604.583,2277,10,10,4414.41,4414.49,8.0,PASS_<=10c,+6.0,UP,+41.0,+239.0,4.2,+10.70,2.55,SLOW,4412.02,4419.30,4410.83,4413.90,0.00,0.00,0.0,BULLISH,847.0,4414.00,4414.41,4414.00,4414.41,4,ACTIVE_4s,41.0,41.0,0.0,0.0,0.0,0.0,0.0,PASS_<20%,4414.15,26.0,NO,STANDBY_VEL_LOW,0,0.00,4590.00,74.26,FALSE,OPENING_SHIELD_ACTIVE_4s
2026-09-07 14:50:05.085,1788792605.086,2278,11,11,4414.37,4414.45,8.0,PASS_<=10c,-4.0,DOWN,+37.0,+235.0,4.2,+7.76,1.85,SLOW,4412.02,4419.30,4410.83,4413.90,0.00,0.00,0.0,BULLISH,847.0,4414.00,4414.41,4414.00,4414.37,5,ACTIVE_5s,41.0,37.0,4.0,0.0,9.8,0.0,9.8,PASS_<20%,4414.15,22.0,NO,STANDBY_VEL_LOW,0,0.00,4590.00,74.26,FALSE,OPENING_SHIELD_ACTIVE_5s
2026-09-07 14:50:05.585,1788792605.586,2279,12,12,4414.30,4414.38,8.0,PASS_<=10c,-7.0,DOWN,+30.0,+228.0,4.2,+3.78,0.90,SLOW,4412.02,4419.30,4410.83,4413.90,0.00,0.00,0.0,BULLISH,847.0,4414.00,4414.41,4414.00,4414.30,5,ACTIVE_5s,41.0,30.0,11.0,0.0,26.8,0.0,26.8,BLOCKED_26.8%,4414.15,15.0,NO,STANDBY_VEL_LOW,0,0.00,4590.00,74.26,FALSE,OPP_WICK_TOO_HIGH_0.27|OPENING_SHIELD_ACTIVE_5s
2026-09-07 14:50:06.087,1788792606.088,2280,13,13,4414.15,4414.23,8.0,PASS_<=10c,-15.0,DOWN,+15.0,+213.0,4.2,+0.42,0.10,SLOW,4412.02,4419.30,4410.83,4413.90,0.00,0.00,0.0,BULLISH,847.0,4414.00,4414.41,4414.00,4414.15,6,ACTIVE_6s,41.0,15.0,26.0,0.0,63.4,0.0,63.4,BLOCKED_63.4%,4414.15,0.0,NO,STANDBY_VEL_LOW,0,0.00,4590.00,74.26,FALSE,OPP_WICK_TOO_HIGH_0.63|OPENING_SHIELD_ACTIVE_6s
2026-09-07 14:50:06.589,1788792606.589,2281,14,14,4414.11,4414.19,8.0,PASS_<=10c,-4.0,DOWN,+11.0,+209.0,4.2,+3.36,0.80,SLOW,4412.02,4419.30,4410.83,4413.90,0.00,0.00,0.0,BULLISH,847.0,4414.00,4414.41,4414.00,4414.11,6,ACTIVE_6s,41.0,11.0,30.0,0.0,73.2,0.0,73.2,BLOCKED_73.2%,4414.15,4.0,NO,STANDBY_VEL_LOW,0,0.00,4590.00,74.26,FALSE,OPP_WICK_TOO_HIGH_0.73|OPENING_SHIELD_ACTIVE_6s
2026-09-07 14:50:07.091,1788792607.091,2282,15,15,4414.11,4414.19,8.0,PASS_<=10c,+0.0,FLAT,+11.0,+209.0,4.2,+3.78,0.90,SLOW,4412.02,4419.30,4410.83,4413.90,0.00,0.00,0.0,BULLISH,847.0,4414.00,4414.41,4414.00,4414.11,7,ACTIVE_7s,41.0,11.0,30.0,0.0,73.2,0.0,73.2,BLOCKED_73.2%,4414.15,4.0,NO,STANDBY_VEL_LOW,0,0.00,4590.00,74.26,FALSE,OPP_WICK_TOO_HIGH_0.73|OPENING_SHIELD_ACTIVE_7s
2026-09-07 14:50:07.592,1788792607.592,2283,16,16,4414.11,4414.19,8.0,PASS_<=10c,+0.0,FLAT,+11.0,+209.0,4.2,+3.57,0.85,SLOW,4412.02,4419.30,4410.83,4413.90,0.00,0.00,0.0,BULLISH,847.0,4414.00,4414.41,4414.00,4414.11,7,ACTIVE_7s,41.0,11.0,30.0,0.0,73.2,0.0,73.2,BLOCKED_73.2%,4414.15,4.0,NO,STANDBY_VEL_LOW,0,0.00,4590.00,74.26,FALSE,OPP_WICK_TOO_HIGH_0.73|OPENING_SHIELD_ACTIVE_7s
2026-09-07 14:50:08.093,1788792608.093,2284,17,17,4414.13,4414.21,8.0,PASS_<=10c,+2.0,UP,+13.0,+211.0,4.2,+3.15,0.75,SLOW,4412.02,4419.30,4410.83,4413.90,0.00,0.00,0.0,BULLISH,847.0,4414.00,4414.41,4414.00,4414.13,8,ACTIVE_8s,41.0,13.0,28.0,0.0,68.3,0.0,68.3,BLOCKED_68.3%,4414.15,2.0,NO,STANDBY_VEL_LOW,0,0.00,4590.00,74.26,FALSE,OPP_WICK_TOO_HIGH_0.68|OPENING_SHIELD_ACTIVE_8s
2026-09-07 14:50:08.595,1788792608.596,2285,18,18,4414.12,4414.20,8.0,PASS_<=10c,-1.0,DOWN,+12.0,+210.0,4.2,+4.83,1.15,SLOW,4412.02,4419.30,4410.83,4413.90,0.00,0.00,0.0,BULLISH,847.0,4414.00,4414.41,4414.00,4414.12,8,ACTIVE_8s,41.0,12.0,29.0,0.0,70.7,0.0,70.7,BLOCKED_70.7%,4414.15,3.0,NO,STANDBY_VEL_LOW,0,0.00,4590.00,74.26,FALSE,OPP_WICK_TOO_HIGH_0.71|OPENING_SHIELD_ACTIVE_8s
2026-09-07 14:50:09.096,1788792609.097,2286,19,19,4414.12,4414.20,8.0,PASS_<=10c,+0.0,FLAT,+12.0,+210.0,4.2,+5.25,1.25,SLOW,4412.02,4419.30,4410.83,4413.90,0.00,0.00,0.0,BULLISH,847.0,4414.00,4414.41,4414.00,4414.12,9,ACTIVE_9s,41.0,12.0,29.0,0.0,70.7,0.0,70.7,BLOCKED_70.7%,4414.15,3.0,NO,STANDBY_VEL_LOW,0,0.00,4590.00,74.26,FALSE,OPP_WICK_TOO_HIGH_0.71|OPENING_SHIELD_ACTIVE_9s
2026-09-07 14:50:09.598,1788792609.598,2287,20,20,4414.12,4414.20,8.0,PASS_<=10c,+0.0,FLAT,+12.0,+210.0,4.2,+6.09,1.45,SLOW,4412.02,4419.30,4410.83,4413.90,0.00,0.00,0.0,BULLISH,847.0,4414.00,4414.41,4414.00,4414.12,9,ACTIVE_9s,41.0,12.0,29.0,0.0,70.7,0.0,70.7,BLOCKED_70.7%,4414.15,3.0,NO,STANDBY_VEL_LOW,0,0.00,4590.00,74.26,FALSE,OPP_WICK_TOO_HIGH_0.71|OPENING_SHIELD_ACTIVE_9s
2026-09-07 14:50:10.099,1788792610.100,2288,21,21,4414.15,4414.23,8.0,PASS_<=10c,+3.0,UP,+15.0,+213.0,4.2,+3.57,0.85,SLOW,4412.02,4419.30,4410.83,4413.90,0.00,0.00,0.0,BULLISH,847.0,4414.00,4414.41,4414.00,4414.15,10,ACTIVE_10s,41.0,15.0,26.0,0.0,63.4,0.0,63.4,BLOCKED_63.4%,4414.15,0.0,NO,STANDBY_VEL_LOW,0,0.00,4590.00,74.26,FALSE,OPP_WICK_TOO_HIGH_0.63|OPENING_SHIELD_ACTIVE_10s
2026-09-07 14:50:10.602,1788792610.602,2289,22,22,4414.09,4414.17,8.0,PASS_<=10c,-6.0,DOWN,+9.0,+207.0,4.2,+2.31,0.55,SLOW,4412.02,4419.30,4410.83,4413.90,0.00,0.00,0.0,BULLISH,847.0,4414.00,4414.41,4414.00,4414.09,10,ACTIVE_10s,41.0,9.0,32.0,0.0,78.0,0.0,78.0,BLOCKED_78.0%,4414.15,6.0,NO,STANDBY_VEL_LOW,0,0.00,4590.00,74.26,FALSE,OPP_WICK_TOO_HIGH_0.78|OPENING_SHIELD_ACTIVE_10s
2026-09-07 14:50:11.104,1788792611.104,2290,23,23,4414.01,4414.09,8.0,PASS_<=10c,-8.0,DOWN,+1.0,+199.0,4.2,+2.94,0.70,SLOW,4412.02,4419.30,4410.83,4413.90,0.00,0.00,0.0,BULLISH,847.0,4414.00,4414.41,4414.00,4414.01,11,ACTIVE_11s,41.0,1.0,40.0,0.0,97.6,0.0,97.6,BLOCKED_97.6%,4414.15,14.0,NO,STANDBY_VEL_LOW,0,0.00,4590.00,74.26,FALSE,OPP_WICK_TOO_HIGH_0.98|OPENING_SHIELD_ACTIVE_11s|PRICE_BELOW_15C_DISPLACEMENT
2026-09-07 14:50:11.606,1788792611.606,2291,24,24,4414.02,4414.10,8.0,PASS_<=10c,+1.0,UP,+2.0,+200.0,4.2,+1.89,0.45,SLOW,4412.02,4419.30,4410.83,4413.90,0.00,0.00,0.0,BULLISH,847.0,4414.00,4414.41,4414.00,4414.02,11,ACTIVE_11s,41.0,2.0,39.0,0.0,95.1,0.0,95.1,BLOCKED_95.1%,4414.15,13.0,NO,STANDBY_VEL_LOW,0,0.00,4590.00,74.26,FALSE,OPP_WICK_TOO_HIGH_0.95|OPENING_SHIELD_ACTIVE_11s|PRICE_BELOW_15C_DISPLACEMENT
2026-09-07 14:50:12.108,1788792612.109,2292,25,25,4414.02,4414.10,8.0,PASS_<=10c,+0.0,FLAT,+2.0,+200.0,4.2,+2.10,0.50,SLOW,4412.02,4419.30,4410.83,4413.90,0.00,0.00,0.0,BULLISH,847.0,4414.00,4414.41,4414.00,4414.02,12,ACTIVE_12s,41.0,2.0,39.0,0.0,95.1,0.0,95.1,BLOCKED_95.1%,4414.15,13.0,NO,STANDBY_VEL_LOW,0,0.00,4590.00,74.26,FALSE,OPP_WICK_TOO_HIGH_0.95|OPENING_SHIELD_ACTIVE_12s|PRICE_BELOW_15C_DISPLACEMENT
2026-09-07 14:50:12.610,1788792612.611,2293,26,26,4414.02,4414.10,8.0,PASS_<=10c,+0.0,FLAT,+2.0,+200.0,4.2,+2.31,0.55,SLOW,4412.02,4419.30,4410.83,4413.90,0.00,0.00,0.0,BULLISH,847.0,4414.00,4414.41,4414.00,4414.02,12,ACTIVE_12s,41.0,2.0,39.0,0.0,95.1,0.0,95.1,BLOCKED_95.1%,4414.15,13.0,NO,STANDBY_VEL_LOW,0,0.00,4590.00,74.26,FALSE,OPP_WICK_TOO_HIGH_0.95|OPENING_SHIELD_ACTIVE_12s|PRICE_BELOW_15C_DISPLACEMENT
2026-09-07 14:50:13.113,1788792613.113,2294,27,27,4414.05,4414.13,8.0,PASS_<=10c,+3.0,UP,+5.0,+203.0,4.2,+1.47,0.35,SLOW,4412.02,4419.30,4410.83,4413.90,0.00,0.00,0.0,BULLISH,847.0,4414.00,4414.41,4414.00,4414.05,13,ACTIVE_13s,41.0,5.0,36.0,0.0,87.8,0.0,87.8,BLOCKED_87.8%,4414.15,10.0,NO,STANDBY_VEL_LOW,0,0.00,4590.00,74.26,FALSE,OPP_WICK_TOO_HIGH_0.88|OPENING_SHIELD_ACTIVE_13s|PRICE_BELOW_15C_DISPLACEMENT
2026-09-07 14:50:13.614,1788792613.614,2295,28,28,4414.20,4414.28,8.0,PASS_<=10c,+15.0,UP,+20.0,+218.0,4.2,+1.68,0.40,SLOW,4412.02,4419.30,4410.83,4413.90,0.00,0.00,0.0,BULLISH,847.0,4414.00,4414.41,4414.00,4414.20,13,ACTIVE_13s,41.0,20.0,21.0,0.0,51.2,0.0,51.2,BLOCKED_51.2%,4414.15,5.0,NO,STANDBY_VEL_LOW,0,0.00,4590.00,74.26,FALSE,OPP_WICK_TOO_HIGH_0.51|OPENING_SHIELD_ACTIVE_13s
2026-09-07 14:50:14.116,1788792614.117,2296,29,29,4414.18,4414.26,8.0,PASS_<=10c,-2.0,DOWN,+18.0,+216.0,4.2,+1.26,0.30,SLOW,4412.02,4419.30,4410.83,4413.90,0.00,0.00,0.0,BULLISH,847.0,4414.00,4414.41,4414.00,4414.18,14,ACTIVE_14s,41.0,18.0,23.0,0.0,56.1,0.0,56.1,BLOCKED_56.1%,4414.15,3.0,NO,STANDBY_VEL_LOW,0,0.00,4590.00,74.26,FALSE,OPP_WICK_TOO_HIGH_0.56|OPENING_SHIELD_ACTIVE_14s
2026-09-07 14:50:14.617,1788792614.618,2297,30,30,4414.18,4414.26,8.0,PASS_<=10c,+0.0,FLAT,+18.0,+216.0,4.2,+0.42,0.10,SLOW,4412.02,4419.30,4410.83,4413.90,0.00,0.00,0.0,BULLISH,847.0,4414.00,4414.41,4414.00,4414.18,14,ACTIVE_14s,41.0,18.0,23.0,0.0,56.1,0.0,56.1,BLOCKED_56.1%,4414.15,3.0,NO,STANDBY_VEL_LOW,0,0.00,4590.00,74.26,FALSE,OPP_WICK_TOO_HIGH_0.56|OPENING_SHIELD_ACTIVE_14s
2026-09-07 14:50:15.119,1788792615.119,2298,31,31,4414.18,4414.26,8.0,PASS_<=10c,+0.0,FLAT,+18.0,+216.0,4.2,+0.63,0.15,SLOW,4412.02,4419.30,4410.83,4413.90,0.00,0.00,0.0,BULLISH,847.0,4414.00,4414.41,4414.00,4414.18,15,ACTIVE_15s,41.0,18.0,23.0,0.0,56.1,0.0,56.1,BLOCKED_56.1%,4414.15,3.0,NO,STANDBY_VEL_LOW,0,0.00,4590.00,74.26,FALSE,OPP_WICK_TOO_HIGH_0.56|OPENING_SHIELD_ACTIVE_15s
2026-09-07 14:50:15.620,1788792615.621,2299,32,32,4414.19,4414.27,8.0,PASS_<=10c,+1.0,UP,+19.0,+217.0,4.2,+2.10,0.50,SLOW,4412.02,4419.30,4410.83,4413.90,0.00,0.00,0.0,BULLISH,847.0,4414.00,4414.41,4414.00,4414.19,15,ACTIVE_15s,41.0,19.0,22.0,0.0,53.7,0.0,53.7,BLOCKED_53.7%,4414.15,4.0,NO,STANDBY_VEL_LOW,0,0.00,4590.00,74.26,FALSE,OPP_WICK_TOO_HIGH_0.54|OPENING_SHIELD_ACTIVE_15s
2026-09-07 14:50:16.122,1788792616.122,2300,33,33,4414.17,4414.25,8.0,PASS_<=10c,-2.0,DOWN,+17.0,+215.0,4.2,+3.15,0.75,SLOW,4412.02,4419.30,4410.83,4413.90,0.00,0.00,0.0,BULLISH,847.0,4414.00,4414.41,4414.00,4414.17,16,ACTIVE_16s,41.0,17.0,24.0,0.0,58.5,0.0,58.5,BLOCKED_58.5%,4414.15,2.0,NO,STANDBY_VEL_LOW,0,0.00,4590.00,74.26,FALSE,OPP_WICK_TOO_HIGH_0.59|OPENING_SHIELD_ACTIVE_16s
2026-09-07 14:50:16.624,1788792616.625,2301,34,34,4414.19,4414.27,8.0,PASS_<=10c,+2.0,UP,+19.0,+217.0,4.2,+3.57,0.85,SLOW,4412.02,4419.30,4410.83,4413.90,0.00,0.00,0.0,BULLISH,847.0,4414.00,4414.41,4414.00,4414.19,16,ACTIVE_16s,41.0,19.0,22.0,0.0,53.7,0.0,53.7,BLOCKED_53.7%,4414.15,4.0,NO,STANDBY_VEL_LOW,0,0.00,4590.00,74.26,FALSE,OPP_WICK_TOO_HIGH_0.54|OPENING_SHIELD_ACTIVE_16s
2026-09-07 14:50:17.126,1788792617.126,2302,35,35,4414.18,4414.26,8.0,PASS_<=10c,-1.0,DOWN,+18.0,+216.0,4.2,+3.36,0.80,SLOW,4412.02,4419.30,4410.83,4413.90,0.00,0.00,0.0,BULLISH,847.0,4414.00,4414.41,4414.00,4414.18,17,ACTIVE_17s,41.0,18.0,23.0,0.0,56.1,0.0,56.1,BLOCKED_56.1%,4414.15,3.0,NO,STANDBY_VEL_LOW,0,0.00,4590.00,74.26,FALSE,OPP_WICK_TOO_HIGH_0.56|OPENING_SHIELD_ACTIVE_17s
2026-09-07 14:50:17.628,1788792617.628,2303,36,36,4414.18,4414.26,8.0,PASS_<=10c,+0.0,FLAT,+18.0,+216.0,4.2,+3.36,0.80,SLOW,4412.02,4419.30,4410.83,4413.90,0.00,0.00,0.0,BULLISH,847.0,4414.00,4414.41,4414.00,4414.18,17,ACTIVE_17s,41.0,18.0,23.0,0.0,56.1,0.0,56.1,BLOCKED_56.1%,4414.15,3.0,NO,STANDBY_VEL_LOW,0,0.00,4590.00,74.26,FALSE,OPP_WICK_TOO_HIGH_0.56|OPENING_SHIELD_ACTIVE_17s
2026-09-07 14:50:18.128,1788792618.129,2304,37,37,4414.18,4414.26,8.0,PASS_<=10c,+0.0,FLAT,+18.0,+216.0,4.2,+1.89,0.45,SLOW,4412.02,4419.30,4410.83,4413.90,0.00,0.00,0.0,BULLISH,847.0,4414.00,4414.41,4414.00,4414.18,18,ACTIVE_18s,41.0,18.0,23.0,0.0,56.1,0.0,56.1,BLOCKED_56.1%,4414.15,3.0,NO,STANDBY_VEL_LOW,0,0.00,4590.00,74.26,FALSE,OPP_WICK_TOO_HIGH_0.56|OPENING_SHIELD_ACTIVE_18s
2026-09-07 14:50:18.631,1788792618.631,2305,38,38,4414.11,4414.19,8.0,PASS_<=10c,-7.0,DOWN,+11.0,+209.0,4.2,+1.47,0.35,SLOW,4412.02,4419.30,4410.83,4413.90,0.00,0.00,0.0,BULLISH,847.0,4414.00,4414.41,4414.00,4414.11,18,ACTIVE_18s,41.0,11.0,30.0,0.0,73.2,0.0,73.2,BLOCKED_73.2%,4414.15,4.0,NO,STANDBY_VEL_LOW,0,0.00,4590.00,74.26,FALSE,OPP_WICK_TOO_HIGH_0.73|OPENING_SHIELD_ACTIVE_18s
2026-09-07 14:50:19.132,1788792619.133,2306,39,39,4414.16,4414.24,8.0,PASS_<=10c,+5.0,UP,+16.0,+214.0,4.2,+0.42,0.10,SLOW,4412.02,4419.30,4410.83,4413.90,0.00,0.00,0.0,BULLISH,847.0,4414.00,4414.41,4414.00,4414.16,19,ACTIVE_19s,41.0,16.0,25.0,0.0,61.0,0.0,61.0,BLOCKED_61.0%,4414.15,1.0,NO,STANDBY_VEL_LOW,0,0.00,4590.00,74.26,FALSE,OPP_WICK_TOO_HIGH_0.61|OPENING_SHIELD_ACTIVE_19s
2026-09-07 14:50:19.634,1788792619.634,2307,40,40,4414.10,4414.18,8.0,PASS_<=10c,-6.0,DOWN,+10.0,+208.0,4.2,+1.68,0.40,SLOW,4412.02,4419.30,4410.83,4413.90,0.00,0.00,0.0,BULLISH,847.0,4414.00,4414.41,4414.00,4414.10,19,ACTIVE_19s,41.0,10.0,31.0,0.0,75.6,0.0,75.6,BLOCKED_75.6%,4414.15,5.0,NO,STANDBY_VEL_LOW,0,0.00,4590.00,74.26,FALSE,OPP_WICK_TOO_HIGH_0.76|OPENING_SHIELD_ACTIVE_19s
2026-09-07 14:50:20.135,1788792620.135,2308,41,41,4414.16,4414.24,8.0,PASS_<=10c,+6.0,UP,+16.0,+214.0,4.2,+0.42,0.10,SLOW,4412.02,4419.30,4410.83,4413.90,0.00,0.00,0.0,BULLISH,847.0,4414.00,4414.41,4414.00,4414.16,20,CLEARED_>=20s,41.0,16.0,25.0,0.0,61.0,0.0,61.0,BLOCKED_61.0%,4414.15,1.0,NO,STANDBY_VEL_LOW,0,0.00,4590.00,74.26,FALSE,OPP_WICK_TOO_HIGH_0.61
2026-09-07 14:50:20.636,1788792620.637,2309,42,42,4414.16,4414.24,8.0,PASS_<=10c,+0.0,FLAT,+16.0,+214.0,4.2,+0.63,0.15,SLOW,4412.02,4419.30,4410.83,4413.90,0.00,0.00,0.0,BULLISH,847.0,4414.00,4414.41,4414.00,4414.16,20,CLEARED_>=20s,41.0,16.0,25.0,0.0,61.0,0.0,61.0,BLOCKED_61.0%,4414.15,1.0,NO,STANDBY_VEL_LOW,0,0.00,4590.00,74.26,FALSE,OPP_WICK_TOO_HIGH_0.61
2026-09-07 14:50:21.138,1788792621.139,2310,43,43,4414.13,4414.21,8.0,PASS_<=10c,-3.0,DOWN,+13.0,+211.0,4.2,+1.26,0.30,SLOW,4412.02,4419.30,4410.83,4413.90,0.00,0.00,0.0,BULLISH,847.0,4414.00,4414.41,4414.00,4414.13,21,CLEARED_>=20s,41.0,13.0,28.0,0.0,68.3,0.0,68.3,BLOCKED_68.3%,4414.15,2.0,NO,STANDBY_VEL_LOW,0,0.00,4590.00,74.26,FALSE,OPP_WICK_TOO_HIGH_0.68
2026-09-07 14:50:21.640,1788792621.640,2311,44,44,4414.12,4414.20,8.0,PASS_<=10c,-1.0,DOWN,+12.0,+210.0,4.2,+1.47,0.35,SLOW,4412.02,4419.30,4410.83,4413.90,0.00,0.00,0.0,BULLISH,847.0,4414.00,4414.41,4414.00,4414.12,21,CLEARED_>=20s,41.0,12.0,29.0,0.0,70.7,0.0,70.7,BLOCKED_70.7%,4414.15,3.0,NO,STANDBY_VEL_LOW,0,0.00,4590.00,74.26,FALSE,OPP_WICK_TOO_HIGH_0.71
2026-09-07 14:50:22.142,1788792622.142,2312,45,45,4414.01,4414.09,8.0,PASS_<=10c,-11.0,DOWN,+1.0,+199.0,4.2,+3.57,0.85,SLOW,4412.02,4419.30,4410.83,4413.90,0.00,0.00,0.0,BULLISH,847.0,4414.00,4414.41,4414.00,4414.01,22,CLEARED_>=20s,41.0,1.0,40.0,0.0,97.6,0.0,97.6,BLOCKED_97.6%,4414.15,14.0,NO,STANDBY_VEL_LOW,0,0.00,4590.00,74.26,FALSE,OPP_WICK_TOO_HIGH_0.98|PRICE_BELOW_15C_DISPLACEMENT
2026-09-07 14:50:22.644,1788792622.645,2313,46,46,4414.03,4414.11,8.0,PASS_<=10c,+2.0,UP,+3.0,+201.0,4.2,+3.15,0.75,SLOW,4412.02,4419.30,4410.83,4413.90,0.00,0.00,0.0,BULLISH,847.0,4414.00,4414.41,4414.00,4414.03,22,CLEARED_>=20s,41.0,3.0,38.0,0.0,92.7,0.0,92.7,BLOCKED_92.7%,4414.15,12.0,NO,STANDBY_VEL_LOW,0,0.00,4590.00,74.26,FALSE,OPP_WICK_TOO_HIGH_0.93|PRICE_BELOW_15C_DISPLACEMENT
2026-09-07 14:50:23.146,1788792623.147,2314,47,47,4414.11,4414.19,8.0,PASS_<=10c,+8.0,UP,+11.0,+209.0,4.2,+0.00,0.00,SLOW,4412.02,4419.30,4410.83,4413.90,0.00,0.00,0.0,BULLISH,847.0,4414.00,4414.41,4414.00,4414.11,23,CLEARED_>=20s,41.0,11.0,30.0,0.0,73.2,0.0,73.2,BLOCKED_73.2%,4414.15,4.0,NO,STANDBY_VEL_LOW,0,0.00,4590.00,74.26,FALSE,OPP_WICK_TOO_HIGH_0.73
2026-09-07 14:50:23.648,1788792623.648,2315,48,48,4414.16,4414.24,8.0,PASS_<=10c,+5.0,UP,+16.0,+214.0,4.2,+0.42,0.10,SLOW,4412.02,4419.30,4410.83,4413.90,0.00,0.00,0.0,BULLISH,847.0,4414.00,4414.41,4414.00,4414.16,23,CLEARED_>=20s,41.0,16.0,25.0,0.0,61.0,0.0,61.0,BLOCKED_61.0%,4414.15,1.0,NO,STANDBY_VEL_LOW,0,0.00,4590.00,74.26,FALSE,OPP_WICK_TOO_HIGH_0.61
2026-09-07 14:50:24.149,1788792624.150,2316,49,49,4414.16,4414.24,8.0,PASS_<=10c,+0.0,FLAT,+16.0,+214.0,4.2,+1.26,0.30,SLOW,4412.02,4419.30,4410.83,4413.90,0.00,0.00,0.0,BULLISH,847.0,4414.00,4414.41,4414.00,4414.16,24,CLEARED_>=20s,41.0,16.0,25.0,0.0,61.0,0.0,61.0,BLOCKED_61.0%,4414.15,1.0,NO,STANDBY_VEL_LOW,0,0.00,4590.00,74.26,FALSE,OPP_WICK_TOO_HIGH_0.61
2026-09-07 14:50:24.651,1788792624.652,2317,50,50,4414.17,4414.25,8.0,PASS_<=10c,+1.0,UP,+17.0,+215.0,4.2,+0.63,0.15,SLOW,4412.02,4419.30,4410.83,4413.90,0.00,0.00,0.0,BULLISH,847.0,4414.00,4414.41,4414.00,4414.17,24,CLEARED_>=20s,41.0,17.0,24.0,0.0,58.5,0.0,58.5,BLOCKED_58.5%,4414.15,2.0,NO,STANDBY_VEL_LOW,0,0.00,4590.00,74.26,FALSE,OPP_WICK_TOO_HIGH_0.59
2026-09-07 14:50:25.153,1788792625.154,2318,51,51,4414.08,4414.16,8.0,PASS_<=10c,-9.0,DOWN,+8.0,+206.0,4.2,+1.68,0.40,SLOW,4412.02,4419.30,4410.83,4413.90,0.00,0.00,0.0,BULLISH,847.0,4414.00,4414.41,4414.00,4414.08,25,CLEARED_>=20s,41.0,8.0,33.0,0.0,80.5,0.0,80.5,BLOCKED_80.5%,4414.15,7.0,NO,STANDBY_VEL_LOW,0,0.00,4590.00,74.26,FALSE,OPP_WICK_TOO_HIGH_0.80
2026-09-07 14:50:25.654,1788792625.655,2319,52,52,4414.02,4414.10,8.0,PASS_<=10c,-6.0,DOWN,+2.0,+200.0,4.2,+2.94,0.70,SLOW,4412.02,4419.30,4410.83,4413.90,0.00,0.00,0.0,BULLISH,847.0,4414.00,4414.41,4414.00,4414.02,25,CLEARED_>=20s,41.0,2.0,39.0,0.0,95.1,0.0,95.1,BLOCKED_95.1%,4414.15,13.0,NO,STANDBY_VEL_LOW,0,0.00,4590.00,74.26,FALSE,OPP_WICK_TOO_HIGH_0.95|PRICE_BELOW_15C_DISPLACEMENT
2026-09-07 14:50:26.157,1788792626.157,2320,53,53,4413.99,4414.07,8.0,PASS_<=10c,-3.0,DOWN,-1.0,+197.0,4.2,+2.73,0.65,SLOW,4412.02,4419.30,4410.83,4413.90,0.00,0.00,0.0,BULLISH,847.0,4414.00,4414.41,4413.99,4413.99,26,CLEARED_>=20s,42.0,1.0,41.0,0.0,97.6,0.0,97.6,BLOCKED_97.6%,0.00,0.0,NO,STANDBY_VEL_LOW,0,0.00,4590.00,74.26,FALSE,M1_DIRECTION_MISMATCH
2026-09-07 14:50:26.659,1788792626.660,2321,54,54,4413.99,4414.07,8.0,PASS_<=10c,+0.0,FLAT,-1.0,+197.0,4.2,+2.73,0.65,SLOW,4412.02,4419.30,4410.83,4413.90,0.00,0.00,0.0,BULLISH,847.0,4414.00,4414.41,4413.99,4413.99,26,CLEARED_>=20s,42.0,1.0,41.0,0.0,97.6,0.0,97.6,BLOCKED_97.6%,0.00,0.0,NO,STANDBY_VEL_LOW,0,0.00,4590.00,74.26,FALSE,M1_DIRECTION_MISMATCH
2026-09-07 14:50:27.161,1788792627.162,2322,55,55,4414.07,4414.15,8.0,PASS_<=10c,+8.0,UP,+7.0,+205.0,4.2,+1.26,0.30,SLOW,4412.02,4419.30,4410.83,4413.90,0.00,0.00,0.0,BULLISH,847.0,4414.00,4414.41,4413.99,4414.07,27,CLEARED_>=20s,42.0,7.0,34.0,1.0,81.0,2.4,81.0,BLOCKED_81.0%,4414.15,8.0,NO,STANDBY_VEL_LOW,0,0.00,4590.00,74.26,FALSE,OPP_WICK_TOO_HIGH_0.81
2026-09-07 14:50:27.663,1788792627.664,2323,56,56,4414.14,4414.22,8.0,PASS_<=10c,+7.0,UP,+14.0,+212.0,4.2,+1.89,0.45,SLOW,4412.02,4419.30,4410.83,4413.90,0.00,0.00,0.0,BULLISH,847.0,4414.00,4414.41,4413.99,4414.14,27,CLEARED_>=20s,42.0,14.0,27.0,1.0,64.3,2.4,64.3,BLOCKED_64.3%,4414.15,1.0,NO,STANDBY_VEL_LOW,0,0.00,4590.00,74.26,FALSE,OPP_WICK_TOO_HIGH_0.64
2026-09-07 14:50:28.165,1788792628.166,2324,57,57,4414.15,4414.23,8.0,PASS_<=10c,+1.0,UP,+15.0,+213.0,4.2,+0.28,0.07,SLOW,4412.02,4419.30,4410.83,4413.90,0.00,0.00,0.0,BULLISH,847.0,4414.00,4414.41,4413.99,4414.15,28,CLEARED_>=20s,42.0,15.0,26.0,1.0,61.9,2.4,61.9,BLOCKED_61.9%,4414.15,0.0,NO,STANDBY_VEL_LOW,0,0.00,4590.00,74.26,FALSE,OPP_WICK_TOO_HIGH_0.62
2026-09-07 14:50:28.668,1788792628.668,2325,58,58,4414.15,4414.23,8.0,PASS_<=10c,+0.0,FLAT,+15.0,+213.0,4.2,+0.21,0.05,SLOW,4412.02,4419.30,4410.83,4413.90,0.00,0.00,0.0,BULLISH,847.0,4414.00,4414.41,4413.99,4414.15,28,CLEARED_>=20s,42.0,15.0,26.0,1.0,61.9,2.4,61.9,BLOCKED_61.9%,4414.15,0.0,NO,STANDBY_VEL_LOW,0,0.00,4590.00,74.26,FALSE,OPP_WICK_TOO_HIGH_0.62
2026-09-07 14:50:29.169,1788792629.170,2326,59,59,4414.15,4414.23,8.0,PASS_<=10c,+0.0,FLAT,+15.0,+213.0,4.2,+0.21,0.05,SLOW,4412.02,4419.30,4410.83,4413.90,0.00,0.00,0.0,BULLISH,847.0,4414.00,4414.41,4413.99,4414.15,29,CLEARED_>=20s,42.0,15.0,26.0,1.0,61.9,2.4,61.9,BLOCKED_61.9%,4414.15,0.0,NO,STANDBY_VEL_LOW,0,0.00,4590.00,74.26,FALSE,OPP_WICK_TOO_HIGH_0.62
2026-09-07 14:50:29.671,1788792629.672,2327,60,60,4414.22,4414.30,8.0,PASS_<=10c,+7.0,UP,+22.0,+220.0,4.2,+2.31,0.55,SLOW,4412.02,4419.30,4410.83,4413.90,0.00,0.00,0.0,BULLISH,847.0,4414.00,4414.41,4413.99,4414.22,29,CLEARED_>=20s,42.0,22.0,19.0,1.0,45.2,2.4,45.2,BLOCKED_45.2%,4414.15,7.0,NO,STANDBY_VEL_LOW,0,0.00,4590.00,74.26,FALSE,OPP_WICK_TOO_HIGH_0.45
2026-09-07 14:50:30.174,1788792630.175,2328,61,61,4414.35,4414.43,8.0,PASS_<=10c,+13.0,UP,+35.0,+233.0,4.2,+5.66,1.35,SLOW,4412.02,4419.30,4410.83,4413.90,0.00,0.00,0.0,BULLISH,847.0,4414.00,4414.41,4413.99,4414.35,30,CLEARED_>=20s,42.0,35.0,6.0,1.0,14.3,2.4,14.3,PASS_<20%,4414.15,20.0,YES,STANDBY_VEL_LOW,0,0.00,4590.00,74.26,TRUE,READY_TO_FIRE
2026-09-07 14:50:33.580,1788792633.580,2329,62,62,4414.27,4414.35,8.0,PASS_<=10c,-8.0,DOWN,+27.0,+225.0,3.8,+2.44,0.64,SLOW,4412.02,4419.30,4410.83,4413.90,0.00,0.00,0.0,BULLISH,847.0,4414.00,4414.41,4413.99,4414.27,33,CLEARED_>=20s,42.0,27.0,14.0,1.0,33.3,2.4,33.3,BLOCKED_33.3%,4414.15,12.0,NO,STANDBY_VEL_LOW,1,4414.43,175.57,74.26,FALSE,OPP_WICK_TOO_HIGH_0.33
2026-09-07 14:50:34.082,1788792634.082,2330,63,63,4414.27,4414.35,8.0,PASS_<=10c,+0.0,FLAT,+27.0,+225.0,3.8,+2.44,0.64,SLOW,4412.02,4419.30,4410.83,4413.90,0.00,0.00,0.0,BULLISH,847.0,4414.00,4414.41,4413.99,4414.27,34,CLEARED_>=20s,42.0,27.0,14.0,1.0,33.3,2.4,33.3,BLOCKED_33.3%,4414.15,12.0,NO,STANDBY_VEL_LOW,0,0.00,4590.00,72.36,FALSE,OPP_WICK_TOO_HIGH_0.33
2026-09-07 14:50:34.583,1788792634.584,2331,64,64,4414.32,4414.40,8.0,PASS_<=10c,+5.0,UP,+32.0,+230.0,3.8,+2.04,0.54,SLOW,4412.02,4419.30,4410.83,4413.90,0.00,0.00,0.0,BULLISH,847.0,4414.00,4414.41,4413.99,4414.32,34,CLEARED_>=20s,42.0,32.0,9.0,1.0,21.4,2.4,21.4,BLOCKED_21.4%,4414.15,17.0,NO,STANDBY_VEL_LOW,0,0.00,4590.00,72.36,FALSE,OPP_WICK_TOO_HIGH_0.21
2026-09-07 14:50:35.085,1788792635.086,2332,65,65,4414.37,4414.45,8.0,PASS_<=10c,+5.0,UP,+37.0,+235.0,3.8,+0.41,0.11,SLOW,4412.02,4419.30,4410.83,4413.90,0.00,0.00,0.0,BULLISH,847.0,4414.00,4414.41,4413.99,4414.37,35,CLEARED_>=20s,42.0,37.0,4.0,1.0,9.5,2.4,9.5,PASS_<20%,4414.15,22.0,YES,STANDBY_VEL_LOW,0,0.00,4590.00,72.36,TRUE,READY_TO_FIRE
2026-09-07 14:50:35.587,1788792635.588,2333,66,66,4414.29,4414.37,8.0,PASS_<=10c,-8.0,DOWN,+29.0,+227.0,4.4,+0.89,0.20,SLOW,4412.02,4419.30,4410.83,4413.90,0.00,0.00,0.0,BULLISH,847.0,4414.00,4414.41,4413.99,4414.29,35,CLEARED_>=20s,42.0,29.0,12.0,1.0,28.6,2.4,28.6,BLOCKED_28.6%,4414.15,14.0,NO,STANDBY_VEL_LOW,0,0.00,4590.00,72.36,FALSE,OPP_WICK_TOO_HIGH_0.29
2026-09-07 14:50:36.090,1788792636.090,2334,67,67,4414.28,4414.36,8.0,PASS_<=10c,-1.0,DOWN,+28.0,+226.0,4.3,+1.09,0.25,SLOW,4412.02,4419.30,4410.83,4413.90,0.00,0.00,0.0,BULLISH,847.0,4414.00,4414.41,4413.99,4414.28,36,CLEARED_>=20s,42.0,28.0,13.0,1.0,31.0,2.4,31.0,BLOCKED_31.0%,4414.15,13.0,NO,STANDBY_VEL_LOW,0,0.00,4590.00,72.36,FALSE,OPP_WICK_TOO_HIGH_0.31
2026-09-07 14:50:36.592,1788792636.592,2335,68,68,4414.26,4414.34,8.0,PASS_<=10c,-2.0,DOWN,+26.0,+224.0,4.3,+1.53,0.36,SLOW,4412.02,4419.30,4410.83,4413.90,0.00,0.00,0.0,BULLISH,847.0,4414.00,4414.41,4413.99,4414.26,36,CLEARED_>=20s,42.0,26.0,15.0,1.0,35.7,2.4,35.7,BLOCKED_35.7%,4414.15,11.0,NO,STANDBY_VEL_LOW,0,0.00,4590.00,72.36,FALSE,OPP_WICK_TOO_HIGH_0.36
2026-09-07 14:50:37.094,1788792637.094,2336,69,69,4414.26,4414.34,8.0,PASS_<=10c,+0.0,FLAT,+26.0,+224.0,4.3,+1.33,0.31,SLOW,4412.02,4419.30,4410.83,4413.90,0.00,0.00,0.0,BULLISH,847.0,4414.00,4414.41,4413.99,4414.26,37,CLEARED_>=20s,42.0,26.0,15.0,1.0,35.7,2.4,35.7,BLOCKED_35.7%,4414.15,11.0,NO,STANDBY_VEL_LOW,0,0.00,4590.00,72.36,FALSE,OPP_WICK_TOO_HIGH_0.36
2026-09-07 14:50:37.596,1788792637.596,2337,70,70,4414.26,4414.34,8.0,PASS_<=10c,+0.0,FLAT,+26.0,+224.0,4.2,+1.17,0.28,SLOW,4412.02,4419.30,4410.83,4413.90,0.00,0.00,0.0,BULLISH,847.0,4414.00,4414.41,4413.99,4414.26,37,CLEARED_>=20s,42.0,26.0,15.0,1.0,35.7,2.4,35.7,BLOCKED_35.7%,4414.15,11.0,NO,STANDBY_VEL_LOW,0,0.00,4590.00,72.36,FALSE,OPP_WICK_TOO_HIGH_0.36
2026-09-07 14:50:38.097,1788792638.097,2338,71,71,4414.24,4414.32,8.0,PASS_<=10c,-2.0,DOWN,+24.0,+222.0,4.2,+1.47,0.35,SLOW,4412.02,4419.30,4410.83,4413.90,0.00,0.00,0.0,BULLISH,847.0,4414.00,4414.41,4413.99,4414.24,38,CLEARED_>=20s,42.0,24.0,17.0,1.0,40.5,2.4,40.5,BLOCKED_40.5%,4414.15,9.0,NO,STANDBY_VEL_LOW,0,0.00,4590.00,72.36,FALSE,OPP_WICK_TOO_HIGH_0.40
2026-09-07 14:50:38.599,1788792638.599,2339,72,72,4414.06,4414.14,8.0,PASS_<=10c,-18.0,DOWN,+6.0,+204.0,4.2,+4.40,1.05,SLOW,4412.02,4419.30,4410.83,4413.90,0.00,0.00,0.0,BULLISH,847.0,4414.00,4414.41,4413.99,4414.06,38,CLEARED_>=20s,42.0,6.0,35.0,1.0,83.3,2.4,83.3,BLOCKED_83.3%,4414.15,9.0,NO,STANDBY_VEL_LOW,0,0.00,4590.00,72.36,FALSE,OPP_WICK_TOO_HIGH_0.83|PRICE_BELOW_15C_DISPLACEMENT
2026-09-07 14:50:39.101,1788792639.101,2340,73,73,4413.97,4414.05,8.0,PASS_<=10c,-9.0,DOWN,-3.0,+195.0,4.2,+7.34,1.75,SLOW,4412.02,4419.30,4410.83,4413.90,0.00,0.00,0.0,BULLISH,847.0,4414.00,4414.41,4413.97,4413.97,39,CLEARED_>=20s,44.0,3.0,41.0,0.0,93.2,0.0,93.2,BLOCKED_93.2%,0.00,0.0,NO,STANDBY_VEL_LOW,0,0.00,4590.00,72.36,FALSE,M1_DIRECTION_MISMATCH
2026-09-07 14:50:39.603,1788792639.603,2341,74,74,4413.88,4413.96,8.0,PASS_<=10c,-9.0,DOWN,-12.0,+186.0,4.2,+9.23,2.20,SLOW,4412.02,4419.30,4410.83,4413.90,0.00,0.00,0.0,BULLISH,847.0,4414.00,4414.41,4413.88,4413.88,39,CLEARED_>=20s,53.0,12.0,41.0,0.0,77.4,0.0,77.4,BLOCKED_77.4%,0.00,0.0,NO,STANDBY_VEL_LOW,0,0.00,4590.00,72.36,FALSE,M1_DIRECTION_MISMATCH
2026-09-07 14:50:40.105,1788792640.105,2342,75,75,4413.86,4413.94,8.0,PASS_<=10c,-2.0,DOWN,-14.0,+184.0,4.2,+9.44,2.25,SLOW,4412.02,4419.30,4410.83,4413.90,0.00,0.00,0.0,BULLISH,847.0,4414.00,4414.41,4413.86,4413.86,40,CLEARED_>=20s,55.0,14.0,41.0,0.0,74.5,0.0,74.5,BLOCKED_74.5%,0.00,0.0,NO,STANDBY_VEL_LOW,0,0.00,4590.00,72.36,FALSE,M1_DIRECTION_MISMATCH
2026-09-07 14:50:40.606,1788792640.606,2343,76,76,4413.86,4413.94,8.0,PASS_<=10c,+0.0,FLAT,-14.0,+184.0,4.2,+9.44,2.25,SLOW,4412.02,4419.30,4410.83,4413.90,0.00,0.00,0.0,BULLISH,847.0,4414.00,4414.41,4413.86,4413.86,40,CLEARED_>=20s,55.0,14.0,41.0,0.0,74.5,0.0,74.5,BLOCKED_74.5%,0.00,0.0,NO,STANDBY_VEL_LOW,0,0.00,4590.00,72.36,FALSE,M1_DIRECTION_MISMATCH
2026-09-07 14:50:41.108,1788792641.108,2344,77,77,4413.95,4414.03,8.0,PASS_<=10c,+9.0,UP,-5.0,+193.0,4.2,+6.50,1.55,SLOW,4412.02,4419.30,4410.83,4413.90,0.00,0.00,0.0,BULLISH,847.0,4414.00,4414.41,4413.86,4413.95,41,CLEARED_>=20s,55.0,5.0,41.0,9.0,74.5,16.4,74.5,BLOCKED_74.5%,0.00,0.0,NO,STANDBY_VEL_LOW,0,0.00,4590.00,72.36,FALSE,M1_DIRECTION_MISMATCH
2026-09-07 14:50:41.610,1788792641.610,2345,78,78,4413.95,4414.03,8.0,PASS_<=10c,+0.0,FLAT,-5.0,+193.0,4.2,+6.50,1.55,SLOW,4412.02,4419.30,4410.83,4413.90,0.00,0.00,0.0,BULLISH,847.0,4414.00,4414.41,4413.86,4413.95,41,CLEARED_>=20s,55.0,5.0,41.0,9.0,74.5,16.4,74.5,BLOCKED_74.5%,0.00,0.0,NO,STANDBY_VEL_LOW,0,0.00,4590.00,72.36,FALSE,M1_DIRECTION_MISMATCH
2026-09-07 14:50:42.111,1788792642.111,2346,79,79,4413.91,4413.99,8.0,PASS_<=10c,-4.0,DOWN,-9.0,+189.0,4.2,+7.34,1.75,SLOW,4412.02,4419.30,4410.83,4413.90,0.00,0.00,0.0,BULLISH,847.0,4414.00,4414.41,4413.86,4413.91,42,CLEARED_>=20s,55.0,9.0,41.0,5.0,74.5,9.1,74.5,BLOCKED_74.5%,0.00,0.0,NO,STANDBY_VEL_LOW,0,0.00,4590.00,72.36,FALSE,M1_DIRECTION_MISMATCH
2026-09-07 14:50:42.613,1788792642.614,2347,80,80,4413.85,4413.93,8.0,PASS_<=10c,-6.0,DOWN,-15.0,+183.0,4.2,+8.60,2.05,SLOW,4412.02,4419.30,4410.83,4413.90,0.00,0.00,0.0,BULLISH,847.0,4414.00,4414.41,4413.85,4413.85,42,CLEARED_>=20s,56.0,15.0,41.0,0.0,73.2,0.0,73.2,BLOCKED_73.2%,0.00,0.0,NO,STANDBY_VEL_LOW,0,0.00,4590.00,72.36,FALSE,M1_DIRECTION_MISMATCH
2026-09-07 14:50:43.115,1788792643.115,2348,81,81,4413.86,4413.94,8.0,PASS_<=10c,+1.0,UP,-14.0,+184.0,4.2,+7.55,1.80,SLOW,4412.02,4419.30,4410.83,4413.90,0.00,0.00,0.0,BULLISH,847.0,4414.00,4414.41,4413.85,4413.86,43,CLEARED_>=20s,56.0,14.0,41.0,1.0,73.2,1.8,73.2,BLOCKED_73.2%,0.00,0.0,NO,STANDBY_VEL_LOW,0,0.00,4590.00,72.36,FALSE,M1_DIRECTION_MISMATCH
2026-09-07 14:50:43.616,1788792643.617,2349,82,82,4413.86,4413.94,8.0,PASS_<=10c,+0.0,FLAT,-14.0,+184.0,4.2,+4.20,1.00,SLOW,4412.02,4419.30,4410.83,4413.90,0.00,0.00,0.0,BULLISH,847.0,4414.00,4414.41,4413.85,4413.86,43,CLEARED_>=20s,56.0,14.0,41.0,1.0,73.2,1.8,73.2,BLOCKED_73.2%,0.00,0.0,NO,STANDBY_VEL_LOW,0,0.00,4590.00,72.36,FALSE,M1_DIRECTION_MISMATCH
2026-09-07 14:50:44.119,1788792644.120,2350,83,83,4413.43,4413.51,8.0,PASS_<=10c,-43.0,DOWN,-57.0,+141.0,4.2,+11.12,2.65,SLOW,4412.02,4419.30,4410.83,4413.90,0.00,0.00,0.0,BULLISH,847.0,4414.00,4414.41,4413.43,4413.43,44,CLEARED_>=20s,98.0,57.0,41.0,0.0,41.8,0.0,41.8,BLOCKED_41.8%,0.00,0.0,NO,STANDBY_VEL_LOW,0,0.00,4590.00,72.36,FALSE,M1_DIRECTION_MISMATCH
2026-09-07 14:50:44.621,1788792644.622,2351,84,84,4413.43,4413.51,8.0,PASS_<=10c,+0.0,FLAT,-57.0,+141.0,4.2,+9.44,2.25,SLOW,4412.02,4419.30,4410.83,4413.90,0.00,0.00,0.0,BULLISH,847.0,4414.00,4414.41,4413.41,4413.43,44,CLEARED_>=20s,100.0,57.0,41.0,2.0,41.0,2.0,41.0,BLOCKED_41.0%,0.00,0.0,NO,STANDBY_VEL_LOW,0,0.00,4590.00,72.36,FALSE,M1_DIRECTION_MISMATCH
2026-09-07 14:50:45.122,1788792645.123,2352,85,85,4413.43,4413.51,8.0,PASS_<=10c,+0.0,FLAT,-57.0,+141.0,4.2,+9.02,2.15,SLOW,4412.02,4419.30,4410.83,4413.90,0.00,0.00,0.0,BULLISH,847.0,4414.00,4414.41,4413.41,4413.43,45,CLEARED_>=20s,100.0,57.0,41.0,2.0,41.0,2.0,41.0,BLOCKED_41.0%,0.00,0.0,NO,STANDBY_VEL_LOW,0,0.00,4590.00,72.36,FALSE,M1_DIRECTION_MISMATCH
2026-09-07 14:50:45.625,1788792645.625,2353,86,86,4413.36,4413.44,8.0,PASS_<=10c,-7.0,DOWN,-64.0,+134.0,4.2,+11.95,2.85,SLOW,4412.02,4419.30,4410.83,4413.90,0.00,0.00,0.0,BULLISH,847.0,4414.00,4414.41,4413.36,4413.36,45,CLEARED_>=20s,105.0,64.0,41.0,0.0,39.0,0.0,39.0,BLOCKED_39.0%,0.00,0.0,NO,STANDBY_VEL_LOW,0,0.00,4590.00,72.36,FALSE,M1_DIRECTION_MISMATCH
2026-09-07 14:50:46.126,1788792646.127,2354,87,87,4413.68,4413.76,8.0,PASS_<=10c,+32.0,UP,-32.0,+166.0,4.2,+5.66,1.35,SLOW,4412.02,4419.30,4410.83,4413.90,0.00,0.00,0.0,BULLISH,847.0,4414.00,4414.41,4413.36,4413.68,46,CLEARED_>=20s,105.0,32.0,41.0,32.0,39.0,30.5,39.0,BLOCKED_39.0%,0.00,0.0,NO,STANDBY_VEL_LOW,0,0.00,4590.00,72.36,FALSE,M1_DIRECTION_MISMATCH
2026-09-07 14:50:46.627,1788792646.628,2355,88,88,4413.62,4413.70,8.0,PASS_<=10c,-6.0,DOWN,-38.0,+160.0,4.2,+6.92,1.65,SLOW,4412.02,4419.30,4410.83,4413.90,0.00,0.00,0.0,BULLISH,847.0,4414.00,4414.41,4413.36,4413.62,46,CLEARED_>=20s,105.0,38.0,41.0,26.0,39.0,24.8,39.0,BLOCKED_39.0%,0.00,0.0,NO,STANDBY_VEL_LOW,0,0.00,4590.00,72.36,FALSE,M1_DIRECTION_MISMATCH
2026-09-07 14:50:47.128,1788792647.129,2356,89,89,4413.61,4413.69,8.0,PASS_<=10c,-1.0,DOWN,-39.0,+159.0,4.2,+6.29,1.50,SLOW,4412.02,4419.30,4410.83,4413.90,0.00,0.00,0.0,BULLISH,847.0,4414.00,4414.41,4413.36,4413.61,47,CLEARED_>=20s,105.0,39.0,41.0,25.0,39.0,23.8,39.0,BLOCKED_39.0%,0.00,0.0,NO,STANDBY_VEL_LOW,0,0.00,4590.00,72.36,FALSE,M1_DIRECTION_MISMATCH
2026-09-07 14:50:47.629,1788792647.630,2357,90,90,4413.62,4413.70,8.0,PASS_<=10c,+1.0,UP,-38.0,+160.0,4.2,+4.83,1.15,SLOW,4412.02,4419.30,4410.83,4413.90,0.00,0.00,0.0,BULLISH,847.0,4414.00,4414.41,4413.36,4413.62,47,CLEARED_>=20s,105.0,38.0,41.0,26.0,39.0,24.8,39.0,BLOCKED_39.0%,0.00,0.0,NO,STANDBY_VEL_LOW,0,0.00,4590.00,72.36,FALSE,M1_DIRECTION_MISMATCH
2026-09-07 14:50:48.131,1788792648.131,2358,91,91,4413.51,4413.59,8.0,PASS_<=10c,-11.0,DOWN,-49.0,+149.0,4.2,+7.35,1.75,SLOW,4412.02,4419.30,4410.83,4413.90,0.00,0.00,0.0,BULLISH,847.0,4414.00,4414.41,4413.36,4413.51,48,CLEARED_>=20s,105.0,49.0,41.0,15.0,39.0,14.3,39.0,BLOCKED_39.0%,0.00,0.0,NO,STANDBY_VEL_LOW,0,0.00,4590.00,72.36,FALSE,M1_DIRECTION_MISMATCH
2026-09-07 14:50:48.632,1788792648.633,2359,92,92,4413.51,4413.59,8.0,PASS_<=10c,+0.0,FLAT,-49.0,+149.0,4.2,+7.14,1.70,SLOW,4412.02,4419.30,4410.83,4413.90,0.00,0.00,0.0,BULLISH,847.0,4414.00,4414.41,4413.36,4413.51,48,CLEARED_>=20s,105.0,49.0,41.0,15.0,39.0,14.3,39.0,BLOCKED_39.0%,0.00,0.0,NO,STANDBY_VEL_LOW,0,0.00,4590.00,72.36,FALSE,M1_DIRECTION_MISMATCH
2026-09-07 14:50:49.135,1788792649.135,2360,93,93,4413.53,4413.61,8.0,PASS_<=10c,+2.0,UP,-47.0,+151.0,4.2,+2.52,0.60,SLOW,4412.02,4419.30,4410.83,4413.90,0.00,0.00,0.0,BULLISH,847.0,4414.00,4414.41,4413.36,4413.53,49,CLEARED_>=20s,105.0,47.0,41.0,17.0,39.0,16.2,39.0,BLOCKED_39.0%,0.00,0.0,NO,STANDBY_VEL_LOW,0,0.00,4590.00,72.36,FALSE,M1_DIRECTION_MISMATCH
2026-09-07 14:50:49.636,1788792649.637,2361,94,94,4413.63,4413.71,8.0,PASS_<=10c,+10.0,UP,-37.0,+161.0,4.2,+4.20,1.00,SLOW,4412.02,4419.30,4410.83,4413.90,0.00,0.00,0.0,BULLISH,847.0,4414.00,4414.41,4413.36,4413.63,49,CLEARED_>=20s,105.0,37.0,41.0,27.0,39.0,25.7,39.0,BLOCKED_39.0%,0.00,0.0,NO,STANDBY_VEL_LOW,0,0.00,4590.00,72.36,FALSE,M1_DIRECTION_MISMATCH
2026-09-07 14:50:50.139,1788792650.139,2362,95,95,4413.71,4413.79,8.0,PASS_<=10c,+8.0,UP,-29.0,+169.0,4.2,+6.30,1.50,SLOW,4412.02,4419.30,4410.83,4413.90,0.00,0.00,0.0,BULLISH,847.0,4414.00,4414.41,4413.36,4413.71,50,CLEARED_>=20s,105.0,29.0,41.0,35.0,39.0,33.3,39.0,BLOCKED_39.0%,0.00,0.0,NO,STANDBY_VEL_LOW,0,0.00,4590.00,72.36,FALSE,M1_DIRECTION_MISMATCH
2026-09-07 14:50:50.641,1788792650.641,2363,96,96,4413.75,4413.83,8.0,PASS_<=10c,+4.0,UP,-25.0,+173.0,4.2,+4.41,1.05,SLOW,4412.02,4419.30,4410.83,4413.90,0.00,0.00,0.0,BULLISH,847.0,4414.00,4414.41,4413.36,4413.75,50,CLEARED_>=20s,105.0,25.0,41.0,39.0,39.0,37.1,39.0,BLOCKED_39.0%,0.00,0.0,NO,STANDBY_VEL_LOW,0,0.00,4590.00,72.36,FALSE,M1_DIRECTION_MISMATCH
2026-09-07 14:50:51.142,1788792651.143,2364,97,97,4413.69,4413.77,8.0,PASS_<=10c,-6.0,DOWN,-31.0,+167.0,4.2,+1.05,0.25,SLOW,4412.02,4419.30,4410.83,4413.90,0.00,0.00,0.0,BULLISH,847.0,4414.00,4414.41,4413.36,4413.69,51,CLEARED_>=20s,105.0,31.0,41.0,33.0,39.0,31.4,39.0,BLOCKED_39.0%,0.00,0.0,NO,STANDBY_VEL_LOW,0,0.00,4590.00,72.36,FALSE,M1_DIRECTION_MISMATCH
2026-09-07 14:50:51.645,1788792651.645,2365,98,98,4413.56,4413.64,8.0,PASS_<=10c,-13.0,DOWN,-44.0,+154.0,4.2,+1.05,0.25,SLOW,4412.02,4419.30,4410.83,4413.90,0.00,0.00,0.0,BULLISH,847.0,4414.00,4414.41,4413.36,4413.56,51,CLEARED_>=20s,105.0,44.0,41.0,20.0,39.0,19.0,39.0,BLOCKED_39.0%,0.00,0.0,NO,STANDBY_VEL_LOW,0,0.00,4590.00,72.36,FALSE,M1_DIRECTION_MISMATCH
2026-09-07 14:50:52.146,1788792652.147,2366,99,99,4413.61,4413.69,8.0,PASS_<=10c,+5.0,UP,-39.0,+159.0,4.2,+0.21,0.05,SLOW,4412.02,4419.30,4410.83,4413.90,0.00,0.00,0.0,BULLISH,847.0,4414.00,4414.41,4413.36,4413.61,52,CLEARED_>=20s,105.0,39.0,41.0,25.0,39.0,23.8,39.0,BLOCKED_39.0%,0.00,0.0,NO,STANDBY_VEL_LOW,0,0.00,4590.00,72.36,FALSE,M1_DIRECTION_MISMATCH
2026-09-07 14:50:52.648,1788792652.648,2367,100,100,4413.59,4413.67,8.0,PASS_<=10c,-2.0,DOWN,-41.0,+157.0,4.2,+1.68,0.40,SLOW,4412.02,4419.30,4410.83,4413.90,0.00,0.00,0.0,BULLISH,847.0,4414.00,4414.41,4413.36,4413.59,52,CLEARED_>=20s,105.0,41.0,41.0,23.0,39.0,21.9,39.0,BLOCKED_39.0%,0.00,0.0,NO,STANDBY_VEL_LOW,0,0.00,4590.00,72.36,FALSE,M1_DIRECTION_MISMATCH
2026-09-07 14:50:53.149,1788792653.150,2368,101,101,4413.59,4413.67,8.0,PASS_<=10c,+0.0,FLAT,-41.0,+157.0,4.2,+1.68,0.40,SLOW,4412.02,4419.30,4410.83,4413.90,0.00,0.00,0.0,BULLISH,847.0,4414.00,4414.41,4413.36,4413.59,53,CLEARED_>=20s,105.0,41.0,41.0,23.0,39.0,21.9,39.0,BLOCKED_39.0%,0.00,0.0,NO,STANDBY_VEL_LOW,0,0.00,4590.00,72.36,FALSE,M1_DIRECTION_MISMATCH
2026-09-07 14:50:53.651,1788792653.652,2369,102,102,4413.75,4413.83,8.0,PASS_<=10c,+16.0,UP,-25.0,+173.0,4.2,+6.08,1.45,SLOW,4412.02,4419.30,4410.83,4413.90,0.00,0.00,0.0,BULLISH,847.0,4414.00,4414.41,4413.36,4413.75,53,CLEARED_>=20s,105.0,25.0,41.0,39.0,39.0,37.1,39.0,BLOCKED_39.0%,0.00,0.0,NO,STANDBY_VEL_LOW,0,0.00,4590.00,72.36,FALSE,M1_DIRECTION_MISMATCH
2026-09-07 14:50:54.152,1788792654.153,2370,103,103,4413.62,4413.70,8.0,PASS_<=10c,-13.0,DOWN,-38.0,+160.0,4.2,+0.00,0.00,SLOW,4412.02,4419.30,4410.83,4413.90,0.00,0.00,0.0,BULLISH,847.0,4414.00,4414.41,4413.36,4413.62,54,CLEARED_>=20s,105.0,38.0,41.0,26.0,39.0,24.8,39.0,BLOCKED_39.0%,0.00,0.0,NO,STANDBY_VEL_LOW,0,0.00,4590.00,72.36,FALSE,M1_DIRECTION_MISMATCH
2026-09-07 14:50:54.653,1788792654.654,2371,104,104,4413.62,4413.70,8.0,PASS_<=10c,+0.0,FLAT,-38.0,+160.0,4.2,+0.21,0.05,SLOW,4412.02,4419.30,4410.83,4413.90,0.00,0.00,0.0,BULLISH,847.0,4414.00,4414.41,4413.36,4413.62,54,CLEARED_>=20s,105.0,38.0,41.0,26.0,39.0,24.8,39.0,BLOCKED_39.0%,0.00,0.0,NO,STANDBY_VEL_LOW,0,0.00,4590.00,72.36,FALSE,M1_DIRECTION_MISMATCH
2026-09-07 14:50:55.155,1788792655.155,2372,105,105,4413.82,4413.90,8.0,PASS_<=10c,+20.0,UP,-18.0,+180.0,4.2,+0.42,0.10,SLOW,4412.02,4419.30,4410.83,4413.90,0.00,0.00,0.0,BULLISH,847.0,4414.00,4414.41,4413.36,4413.82,55,CLEARED_>=20s,105.0,18.0,41.0,46.0,39.0,43.8,39.0,BLOCKED_39.0%,0.00,0.0,NO,STANDBY_VEL_LOW,0,0.00,4590.00,72.36,FALSE,M1_DIRECTION_MISMATCH
2026-09-07 14:50:55.656,1788792655.657,2373,106,106,4413.86,4413.94,8.0,PASS_<=10c,+4.0,UP,-14.0,+184.0,4.2,+3.15,0.75,SLOW,4412.02,4419.30,4410.83,4413.90,0.00,0.00,0.0,BULLISH,847.0,4414.00,4414.41,4413.36,4413.86,55,CLEARED_>=20s,105.0,14.0,41.0,50.0,39.0,47.6,39.0,BLOCKED_39.0%,0.00,0.0,NO,STANDBY_VEL_LOW,0,0.00,4590.00,72.36,FALSE,M1_DIRECTION_MISMATCH
2026-09-07 14:50:56.158,1788792656.158,2374,107,107,4413.82,4413.90,8.0,PASS_<=10c,-4.0,DOWN,-18.0,+180.0,4.2,+2.73,0.65,SLOW,4412.02,4419.30,4410.83,4413.90,0.00,0.00,0.0,BULLISH,847.0,4414.00,4414.41,4413.36,4413.82,56,CLEARED_>=20s,105.0,18.0,41.0,46.0,39.0,43.8,39.0,BLOCKED_39.0%,0.00,0.0,NO,STANDBY_VEL_LOW,0,0.00,4590.00,72.36,FALSE,M1_DIRECTION_MISMATCH
2026-09-07 14:50:56.659,1788792656.659,2375,108,108,4413.63,4413.71,8.0,PASS_<=10c,-19.0,DOWN,-37.0,+161.0,4.2,+0.84,0.20,SLOW,4412.02,4419.30,4410.83,4413.90,0.00,0.00,0.0,BULLISH,847.0,4414.00,4414.41,4413.36,4413.63,56,CLEARED_>=20s,105.0,37.0,41.0,27.0,39.0,25.7,39.0,BLOCKED_39.0%,0.00,0.0,NO,STANDBY_VEL_LOW,0,0.00,4590.00,72.36,FALSE,M1_DIRECTION_MISMATCH
2026-09-07 14:50:57.161,1788792657.161,2376,109,109,4413.60,4413.68,8.0,PASS_<=10c,-3.0,DOWN,-40.0,+158.0,4.2,+0.21,0.05,SLOW,4412.02,4419.30,4410.83,4413.90,0.00,0.00,0.0,BULLISH,847.0,4414.00,4414.41,4413.36,4413.60,57,CLEARED_>=20s,105.0,40.0,41.0,24.0,39.0,22.9,39.0,BLOCKED_39.0%,0.00,0.0,NO,STANDBY_VEL_LOW,0,0.00,4590.00,72.36,FALSE,M1_DIRECTION_MISMATCH
2026-09-07 14:50:57.663,1788792657.663,2377,110,110,4413.57,4413.65,8.0,PASS_<=10c,-3.0,DOWN,-43.0,+155.0,4.2,+0.42,0.10,SLOW,4412.02,4419.30,4410.83,4413.90,0.00,0.00,0.0,BULLISH,847.0,4414.00,4414.41,4413.36,4413.57,57,CLEARED_>=20s,105.0,43.0,41.0,21.0,39.0,20.0,39.0,BLOCKED_39.0%,0.00,0.0,NO,STANDBY_VEL_LOW,0,0.00,4590.00,72.36,FALSE,M1_DIRECTION_MISMATCH
2026-09-07 14:50:58.164,1788792658.165,2378,111,111,4413.54,4413.62,8.0,PASS_<=10c,-3.0,DOWN,-46.0,+152.0,4.2,+2.73,0.65,SLOW,4412.02,4419.30,4410.83,4413.90,0.00,0.00,0.0,BULLISH,847.0,4414.00,4414.41,4413.36,4413.54,58,CLEARED_>=20s,105.0,46.0,41.0,18.0,39.0,17.1,39.0,BLOCKED_39.0%,0.00,0.0,NO,STANDBY_VEL_LOW,0,0.00,4590.00,72.36,FALSE,M1_DIRECTION_MISMATCH
2026-09-07 14:50:58.666,1788792658.666,2379,112,112,4413.52,4413.60,8.0,PASS_<=10c,-2.0,DOWN,-48.0,+150.0,4.2,+2.10,0.50,SLOW,4412.02,4419.30,4410.83,4413.90,0.00,0.00,0.0,BULLISH,847.0,4414.00,4414.41,4413.36,4413.52,58,CLEARED_>=20s,105.0,48.0,41.0,16.0,39.0,15.2,39.0,BLOCKED_39.0%,0.00,0.0,NO,STANDBY_VEL_LOW,0,0.00,4590.00,72.36,FALSE,M1_DIRECTION_MISMATCH
2026-09-07 14:50:59.166,1788792659.167,2380,113,113,4413.52,4413.60,8.0,PASS_<=10c,+0.0,FLAT,-48.0,+150.0,4.2,+2.10,0.50,SLOW,4412.02,4419.30,4410.83,4413.90,0.00,0.00,0.0,BULLISH,847.0,4414.00,4414.41,4413.36,4413.52,59,CLEARED_>=20s,105.0,48.0,41.0,16.0,39.0,15.2,39.0,BLOCKED_39.0%,0.00,0.0,NO,STANDBY_VEL_LOW,0,0.00,4590.00,72.36,FALSE,M1_DIRECTION_MISMATCH
2026-09-07 14:50:59.668,1788792659.669,2381,114,114,4413.49,4413.57,8.0,PASS_<=10c,-3.0,DOWN,-51.0,+147.0,4.2,+6.93,1.65,SLOW,4412.02,4419.30,4410.83,4413.90,0.00,0.00,0.0,BULLISH,847.0,4414.00,4414.41,4413.36,4413.49,59,CLEARED_>=20s,105.0,51.0,41.0,13.0,39.0,12.4,39.0,BLOCKED_39.0%,0.00,0.0,NO,STANDBY_VEL_LOW,0,0.00,4590.00,72.36,FALSE,M1_DIRECTION_MISMATCH
2026-09-07 14:51:00.170,1788792660.171,2382,1,115,4413.50,4413.58,8.0,PASS_<=10c,+1.0,UP,+0.0,+148.0,4.2,+6.51,1.55,SLOW,4412.02,4419.30,4410.83,4413.90,0.00,0.00,0.0,BULLISH,847.0,4413.50,4413.50,4413.50,4413.50,0,ACTIVE_0s,1.0,0.0,0.0,0.0,0.0,0.0,0.0,PASS_<20%,0.00,0.0,NO,STANDBY_VEL_LOW,0,0.00,4590.00,72.36,FALSE,M1_DIRECTION_MISMATCH|OPENING_SHIELD_ACTIVE_0s
2026-09-07 14:51:00.672,1788792660.673,2383,2,116,4413.25,4413.33,8.0,PASS_<=10c,-25.0,DOWN,-25.0,+123.0,4.2,+12.80,3.05,SLOW,4412.02,4419.30,4410.83,4413.90,0.00,0.00,0.0,BULLISH,847.0,4413.50,4413.50,4413.25,4413.25,0,ACTIVE_0s,25.0,25.0,0.0,0.0,0.0,0.0,0.0,PASS_<20%,0.00,0.0,NO,STANDBY_VEL_LOW,0,0.00,4590.00,72.36,FALSE,M1_DIRECTION_MISMATCH|OPENING_SHIELD_ACTIVE_0s
2026-09-07 14:51:01.174,1788792661.175,2384,3,117,4413.20,4413.28,8.0,PASS_<=10c,-5.0,DOWN,-30.0,+118.0,4.2,+9.44,2.25,SLOW,4412.02,4419.30,4410.83,4413.90,0.00,0.00,0.0,BULLISH,847.0,4413.50,4413.50,4413.20,4413.20,1,ACTIVE_1s,30.0,30.0,0.0,0.0,0.0,0.0,0.0,PASS_<20%,0.00,0.0,NO,STANDBY_VEL_LOW,0,0.00,4590.00,72.36,FALSE,M1_DIRECTION_MISMATCH|OPENING_SHIELD_ACTIVE_1s
2026-09-07 14:51:01.676,1788792661.676,2385,4,118,4413.10,4413.18,8.0,PASS_<=10c,-10.0,DOWN,-40.0,+108.0,4.2,+10.49,2.50,SLOW,4412.02,4419.30,4410.83,4413.90,0.00,0.00,0.0,BULLISH,847.0,4413.50,4413.50,4413.10,4413.10,1,ACTIVE_1s,40.0,40.0,0.0,0.0,0.0,0.0,0.0,PASS_<20%,0.00,0.0,NO,STANDBY_VEL_LOW,0,0.00,4590.00,72.36,FALSE,M1_DIRECTION_MISMATCH|OPENING_SHIELD_ACTIVE_1s
2026-09-07 14:51:02.178,1788792662.178,2386,5,119,4413.24,4413.32,8.0,PASS_<=10c,+14.0,UP,-26.0,+122.0,4.2,+7.55,1.80,SLOW,4412.02,4419.30,4410.83,4413.90,0.00,0.00,0.0,BULLISH,847.0,4413.50,4413.50,4413.10,4413.24,2,ACTIVE_2s,40.0,26.0,0.0,14.0,0.0,35.0,0.0,PASS_<20%,0.00,0.0,NO,STANDBY_VEL_LOW,0,0.00,4590.00,72.36,FALSE,M1_DIRECTION_MISMATCH|OPENING_SHIELD_ACTIVE_2s
2026-09-07 14:51:02.680,1788792662.681,2387,6,120,4413.24,4413.32,8.0,PASS_<=10c,+0.0,FLAT,-26.0,+122.0,4.2,+6.92,1.65,SLOW,4412.02,4419.30,4410.83,4413.90,0.00,0.00,0.0,BULLISH,847.0,4413.50,4413.50,4413.10,4413.24,2,ACTIVE_2s,40.0,26.0,0.0,14.0,0.0,35.0,0.0,PASS_<20%,0.00,0.0,NO,STANDBY_VEL_LOW,0,0.00,4590.00,72.36,FALSE,M1_DIRECTION_MISMATCH|OPENING_SHIELD_ACTIVE_2s
2026-09-07 14:51:03.182,1788792663.182,2388,7,121,4413.24,4413.32,8.0,PASS_<=10c,+0.0,FLAT,-26.0,+122.0,4.2,+5.25,1.25,SLOW,4412.02,4419.30,4410.83,4413.90,0.00,0.00,0.0,BULLISH,847.0,4413.50,4413.50,4413.10,4413.24,3,ACTIVE_3s,40.0,26.0,0.0,14.0,0.0,35.0,0.0,PASS_<20%,0.00,0.0,NO,STANDBY_VEL_LOW,0,0.00,4590.00,72.36,FALSE,M1_DIRECTION_MISMATCH|OPENING_SHIELD_ACTIVE_3s
2026-09-07 14:51:03.683,1788792663.684,2389,8,122,4413.18,4413.26,8.0,PASS_<=10c,-6.0,DOWN,-32.0,+116.0,4.2,+7.13,1.70,SLOW,4412.02,4419.30,4410.83,4413.90,0.00,0.00,0.0,BULLISH,847.0,4413.50,4413.50,4413.10,4413.18,3,ACTIVE_3s,40.0,32.0,0.0,8.0,0.0,20.0,0.0,PASS_<20%,0.00,0.0,NO,STANDBY_VEL_LOW,0,0.00,4590.00,72.36,FALSE,M1_DIRECTION_MISMATCH|OPENING_SHIELD_ACTIVE_3s
2026-09-07 14:51:04.185,1788792664.186,2390,9,123,4413.14,4413.22,8.0,PASS_<=10c,-4.0,DOWN,-36.0,+112.0,4.2,+7.97,1.90,SLOW,4412.02,4419.30,4410.83,4413.90,0.00,0.00,0.0,BULLISH,847.0,4413.50,4413.50,4413.10,4413.14,4,ACTIVE_4s,40.0,36.0,0.0,4.0,0.0,10.0,0.0,PASS_<20%,0.00,0.0,NO,STANDBY_VEL_LOW,0,0.00,4590.00,72.36,FALSE,M1_DIRECTION_MISMATCH|OPENING_SHIELD_ACTIVE_4s
2026-09-07 14:51:04.688,1788792664.688,2391,10,124,4413.11,4413.19,8.0,PASS_<=10c,-3.0,DOWN,-39.0,+109.0,4.2,+8.18,1.95,SLOW,4412.02,4419.30,4410.83,4413.90,0.00,0.00,0.0,BULLISH,847.0,4413.50,4413.50,4413.10,4413.11,4,ACTIVE_4s,40.0,39.0,0.0,1.0,0.0,2.5,0.0,PASS_<20%,0.00,0.0,NO,STANDBY_VEL_LOW,0,0.00,4590.00,72.36,FALSE,M1_DIRECTION_MISMATCH|OPENING_SHIELD_ACTIVE_4s
2026-09-07 14:51:05.190,1788792665.190,2392,11,125,4413.07,4413.15,8.0,PASS_<=10c,-4.0,DOWN,-43.0,+105.0,4.2,+9.02,2.15,SLOW,4412.02,4419.30,4410.83,4413.90,0.00,0.00,0.0,BULLISH,847.0,4413.50,4413.50,4413.07,4413.07,5,ACTIVE_5s,43.0,43.0,0.0,0.0,0.0,0.0,0.0,PASS_<20%,0.00,0.0,NO,STANDBY_VEL_LOW,0,0.00,4590.00,72.36,FALSE,M1_DIRECTION_MISMATCH|OPENING_SHIELD_ACTIVE_5s
2026-09-07 14:51:05.692,1788792665.693,2393,12,126,4413.07,4413.15,8.0,PASS_<=10c,+0.0,FLAT,-43.0,+105.0,4.2,+3.36,0.80,SLOW,4412.02,4419.30,4410.83,4413.90,0.00,0.00,0.0,BULLISH,847.0,4413.50,4413.50,4413.07,4413.07,5,ACTIVE_5s,43.0,43.0,0.0,0.0,0.0,0.0,0.0,PASS_<20%,0.00,0.0,NO,STANDBY_VEL_LOW,0,0.00,4590.00,72.36,FALSE,M1_DIRECTION_MISMATCH|OPENING_SHIELD_ACTIVE_5s
2026-09-07 14:51:06.194,1788792666.195,2394,13,127,4413.07,4413.15,8.0,PASS_<=10c,+0.0,FLAT,-43.0,+105.0,4.2,+2.73,0.65,SLOW,4412.02,4419.30,4410.83,4413.90,0.00,0.00,0.0,BULLISH,847.0,4413.50,4413.50,4413.07,4413.07,6,ACTIVE_6s,43.0,43.0,0.0,0.0,0.0,0.0,0.0,PASS_<20%,0.00,0.0,NO,STANDBY_VEL_LOW,0,0.00,4590.00,72.36,FALSE,M1_DIRECTION_MISMATCH|OPENING_SHIELD_ACTIVE_6s
2026-09-07 14:51:06.696,1788792666.697,2395,14,128,4413.07,4413.15,8.0,PASS_<=10c,+0.0,FLAT,-43.0,+105.0,4.2,+2.73,0.65,SLOW,4412.02,4419.30,4410.83,4413.90,0.00,0.00,0.0,BULLISH,847.0,4413.50,4413.50,4413.07,4413.07,6,ACTIVE_6s,43.0,43.0,0.0,0.0,0.0,0.0,0.0,PASS_<20%,0.00,0.0,NO,STANDBY_VEL_LOW,0,0.00,4590.00,72.36,FALSE,M1_DIRECTION_MISMATCH|OPENING_SHIELD_ACTIVE_6s
2026-09-07 14:51:07.198,1788792667.199,2396,15,129,4413.08,4413.16,8.0,PASS_<=10c,+1.0,UP,-42.0,+106.0,4.2,+3.15,0.75,SLOW,4412.02,4419.30,4410.83,4413.90,0.00,0.00,0.0,BULLISH,847.0,4413.50,4413.50,4413.07,4413.08,7,ACTIVE_7s,43.0,42.0,0.0,1.0,0.0,2.3,0.0,PASS_<20%,0.00,0.0,NO,STANDBY_VEL_LOW,0,0.00,4590.00,72.36,FALSE,M1_DIRECTION_MISMATCH|OPENING_SHIELD_ACTIVE_7s
2026-09-07 14:51:07.700,1788792667.701,2397,16,130,4413.10,4413.18,8.0,PASS_<=10c,+2.0,UP,-40.0,+108.0,4.2,+2.94,0.70,SLOW,4412.02,4419.30,4410.83,4413.90,0.00,0.00,0.0,BULLISH,847.0,4413.50,4413.50,4413.07,4413.10,7,ACTIVE_7s,43.0,40.0,0.0,3.0,0.0,7.0,0.0,PASS_<20%,0.00,0.0,NO,STANDBY_VEL_LOW,0,0.00,4590.00,72.36,FALSE,M1_DIRECTION_MISMATCH|OPENING_SHIELD_ACTIVE_7s
2026-09-07 14:51:08.202,1788792668.203,2398,17,131,4413.10,4413.18,8.0,PASS_<=10c,+0.0,FLAT,-40.0,+108.0,4.2,+1.89,0.45,SLOW,4412.02,4419.30,4410.83,4413.90,0.00,0.00,0.0,BULLISH,847.0,4413.50,4413.50,4413.07,4413.10,8,ACTIVE_8s,43.0,40.0,0.0,3.0,0.0,7.0,0.0,PASS_<20%,0.00,0.0,NO,STANDBY_VEL_LOW,0,0.00,4590.00,72.36,FALSE,M1_DIRECTION_MISMATCH|OPENING_SHIELD_ACTIVE_8s
2026-09-07 14:51:08.704,1788792668.704,2399,18,132,4413.10,4413.18,8.0,PASS_<=10c,+0.0,FLAT,-40.0,+108.0,4.2,+0.84,0.20,SLOW,4412.02,4419.30,4410.83,4413.90,0.00,0.00,0.0,BULLISH,847.0,4413.50,4413.50,4413.07,4413.10,8,ACTIVE_8s,43.0,40.0,0.0,3.0,0.0,7.0,0.0,PASS_<20%,0.00,0.0,NO,STANDBY_VEL_LOW,0,0.00,4590.00,72.36,FALSE,M1_DIRECTION_MISMATCH|OPENING_SHIELD_ACTIVE_8s
2026-09-07 14:51:09.207,1788792669.208,2400,19,133,4413.20,4413.28,8.0,PASS_<=10c,+10.0,UP,-30.0,+118.0,4.2,+1.05,0.25,SLOW,4412.02,4419.30,4410.83,4413.90,0.00,0.00,0.0,BULLISH,847.0,4413.50,4413.50,4413.07,4413.20,9,ACTIVE_9s,43.0,30.0,0.0,13.0,0.0,30.2,0.0,PASS_<20%,0.00,0.0,NO,STANDBY_VEL_LOW,0,0.00,4590.00,72.36,FALSE,M1_DIRECTION_MISMATCH|OPENING_SHIELD_ACTIVE_9s
2026-09-07 14:51:09.707,1788792669.707,2401,20,134,4413.18,4413.26,8.0,PASS_<=10c,-2.0,DOWN,-32.0,+116.0,4.2,+2.31,0.55,SLOW,4412.02,4419.30,4410.83,4413.90,0.00,0.00,0.0,BULLISH,847.0,4413.50,4413.50,4413.07,4413.18,9,ACTIVE_9s,43.0,32.0,0.0,11.0,0.0,25.6,0.0,PASS_<20%,0.00,0.0,NO,STANDBY_VEL_LOW,0,0.00,4590.00,72.36,FALSE,M1_DIRECTION_MISMATCH|OPENING_SHIELD_ACTIVE_9s
2026-09-07 14:51:10.209,1788792670.209,2402,21,135,4413.27,4413.35,8.0,PASS_<=10c,+9.0,UP,-23.0,+125.0,4.2,+4.19,1.00,SLOW,4412.02,4419.30,4410.83,4413.90,0.00,0.00,0.0,BULLISH,847.0,4413.50,4413.50,4413.07,4413.27,10,ACTIVE_10s,43.0,23.0,0.0,20.0,0.0,46.5,0.0,PASS_<20%,0.00,0.0,NO,STANDBY_VEL_LOW,0,0.00,4590.00,72.36,FALSE,M1_DIRECTION_MISMATCH|OPENING_SHIELD_ACTIVE_10s
2026-09-07 14:51:10.711,1788792670.711,2403,22,136,4413.28,4413.36,8.0,PASS_<=10c,+1.0,UP,-22.0,+126.0,4.2,+4.40,1.05,SLOW,4412.02,4419.30,4410.83,4413.90,0.00,0.00,0.0,BULLISH,847.0,4413.50,4413.50,4413.07,4413.28,10,ACTIVE_10s,43.0,22.0,0.0,21.0,0.0,48.8,0.0,PASS_<20%,0.00,0.0,NO,STANDBY_VEL_LOW,0,0.00,4590.00,72.36,FALSE,M1_DIRECTION_MISMATCH|OPENING_SHIELD_ACTIVE_10s
2026-09-07 14:51:11.213,1788792671.213,2404,23,137,4413.22,4413.30,8.0,PASS_<=10c,-6.0,DOWN,-28.0,+120.0,4.2,+3.15,0.75,SLOW,4412.02,4419.30,4410.83,4413.90,0.00,0.00,0.0,BULLISH,847.0,4413.50,4413.50,4413.07,4413.22,11,ACTIVE_11s,43.0,28.0,0.0,15.0,0.0,34.9,0.0,PASS_<20%,0.00,0.0,NO,STANDBY_VEL_LOW,0,0.00,4590.00,72.36,FALSE,M1_DIRECTION_MISMATCH|OPENING_SHIELD_ACTIVE_11s
2026-09-07 14:51:11.714,1788792671.715,2405,24,138,4413.13,4413.21,8.0,PASS_<=10c,-9.0,DOWN,-37.0,+111.0,4.2,+1.05,0.25,SLOW,4412.02,4419.30,4410.83,4413.90,0.00,0.00,0.0,BULLISH,847.0,4413.50,4413.50,4413.07,4413.13,11,ACTIVE_11s,43.0,37.0,0.0,6.0,0.0,14.0,0.0,PASS_<20%,0.00,0.0,NO,STANDBY_VEL_LOW,0,0.00,4590.00,72.36,FALSE,M1_DIRECTION_MISMATCH|OPENING_SHIELD_ACTIVE_11s
2026-09-07 14:51:12.217,1788792672.217,2406,25,139,4413.10,4413.18,8.0,PASS_<=10c,-3.0,DOWN,-40.0,+108.0,4.2,+0.00,0.00,SLOW,4412.02,4419.30,4410.83,4413.90,0.00,0.00,0.0,BULLISH,847.0,4413.50,4413.50,4413.07,4413.10,12,ACTIVE_12s,43.0,40.0,0.0,3.0,0.0,7.0,0.0,PASS_<20%,0.00,0.0,NO,STANDBY_VEL_LOW,0,0.00,4590.00,72.36,FALSE,M1_DIRECTION_MISMATCH|OPENING_SHIELD_ACTIVE_12s
2026-09-07 14:51:12.718,1788792672.719,2407,26,140,4413.08,4413.16,8.0,PASS_<=10c,-2.0,DOWN,-42.0,+106.0,4.2,+0.42,0.10,SLOW,4412.02,4419.30,4410.83,4413.90,0.00,0.00,0.0,BULLISH,847.0,4413.50,4413.50,4413.07,4413.08,12,ACTIVE_12s,43.0,42.0,0.0,1.0,0.0,2.3,0.0,PASS_<20%,0.00,0.0,NO,STANDBY_VEL_LOW,0,0.00,4590.00,72.36,FALSE,M1_DIRECTION_MISMATCH|OPENING_SHIELD_ACTIVE_12s
2026-09-07 14:51:13.220,1788792673.220,2408,27,141,4412.54,4412.62,8.0,PASS_<=10c,-54.0,DOWN,-96.0,+52.0,4.2,+11.75,2.80,SLOW,4412.02,4419.30,4410.83,4413.90,0.00,0.00,0.0,BULLISH,847.0,4413.50,4413.50,4412.54,4412.54,13,ACTIVE_13s,96.0,96.0,0.0,0.0,0.0,0.0,0.0,PASS_<20%,0.00,0.0,NO,STANDBY_VEL_LOW,0,0.00,4590.00,72.36,FALSE,M1_DIRECTION_MISMATCH|OPENING_SHIELD_ACTIVE_13s
2026-09-07 14:51:13.721,1788792673.722,2409,28,142,4412.70,4412.78,8.0,PASS_<=10c,+16.0,UP,-80.0,+68.0,4.2,+8.18,1.95,SLOW,4412.02,4419.30,4410.83,4413.90,0.00,0.00,0.0,BULLISH,847.0,4413.50,4413.50,4412.54,4412.70,13,ACTIVE_13s,96.0,80.0,0.0,16.0,0.0,16.7,0.0,PASS_<20%,0.00,0.0,NO,STANDBY_VEL_LOW,0,0.00,4590.00,72.36,FALSE,M1_DIRECTION_MISMATCH|OPENING_SHIELD_ACTIVE_13s
2026-09-07 14:51:14.223,1788792674.224,2410,29,143,4412.61,4412.69,8.0,PASS_<=10c,-9.0,DOWN,-89.0,+59.0,4.2,+11.96,2.85,SLOW,4412.02,4419.30,4410.83,4413.90,0.00,0.00,0.0,BULLISH,847.0,4413.50,4413.50,4412.54,4412.61,14,ACTIVE_14s,96.0,89.0,0.0,7.0,0.0,7.3,0.0,PASS_<20%,0.00,0.0,NO,STANDBY_VEL_LOW,0,0.00,4590.00,72.36,FALSE,M1_DIRECTION_MISMATCH|OPENING_SHIELD_ACTIVE_14s
2026-09-07 14:51:14.725,1788792674.726,2411,30,144,4412.72,4412.80,8.0,PASS_<=10c,+11.0,UP,-78.0,+70.0,4.2,+9.65,2.30,SLOW,4412.02,4419.30,4410.83,4413.90,0.00,0.00,0.0,BULLISH,847.0,4413.50,4413.50,4412.54,4412.72,14,ACTIVE_14s,96.0,78.0,0.0,18.0,0.0,18.8,0.0,PASS_<20%,0.00,0.0,NO,STANDBY_VEL_LOW,0,0.00,4590.00,72.36,FALSE,M1_DIRECTION_MISMATCH|OPENING_SHIELD_ACTIVE_14s
2026-09-07 14:51:15.227,1788792675.227,2412,31,145,4412.71,4412.79,8.0,PASS_<=10c,-1.0,DOWN,-79.0,+69.0,4.2,+11.96,2.85,SLOW,4412.02,4419.30,4410.83,4413.90,0.00,0.00,0.0,BULLISH,847.0,4413.50,4413.50,4412.54,4412.71,15,ACTIVE_15s,96.0,79.0,0.0,17.0,0.0,17.7,0.0,PASS_<20%,0.00,0.0,NO,STANDBY_VEL_LOW,0,0.00,4590.00,72.36,FALSE,M1_DIRECTION_MISMATCH|OPENING_SHIELD_ACTIVE_15s
2026-09-07 14:51:15.729,1788792675.729,2413,32,146,4412.86,4412.94,8.0,PASS_<=10c,+15.0,UP,-64.0,+84.0,4.2,+7.34,1.75,SLOW,4412.02,4419.30,4410.83,4413.90,0.00,0.00,0.0,BULLISH,847.0,4413.50,4413.50,4412.54,4412.86,15,ACTIVE_15s,96.0,64.0,0.0,32.0,0.0,33.3,0.0,PASS_<20%,0.00,0.0,NO,STANDBY_VEL_LOW,0,0.00,4590.00,72.36,FALSE,M1_DIRECTION_MISMATCH|OPENING_SHIELD_ACTIVE_15s
2026-09-07 14:51:16.231,1788792676.231,2414,33,147,4412.98,4413.06,8.0,PASS_<=10c,+12.0,UP,-52.0,+96.0,4.2,+5.03,1.20,SLOW,4412.02,4419.30,4410.83,4413.90,0.00,0.00,0.0,BULLISH,847.0,4413.50,4413.50,4412.54,4412.98,16,ACTIVE_16s,96.0,52.0,0.0,44.0,0.0,45.8,0.0,PASS_<20%,0.00,0.0,NO,STANDBY_VEL_LOW,0,0.00,4590.00,72.36,FALSE,M1_DIRECTION_MISMATCH|OPENING_SHIELD_ACTIVE_16s
2026-09-07 14:51:16.733,1788792676.734,2415,34,148,4412.99,4413.07,8.0,PASS_<=10c,+1.0,UP,-51.0,+97.0,4.2,+3.36,0.80,SLOW,4412.02,4419.30,4410.83,4413.90,0.00,0.00,0.0,BULLISH,847.0,4413.50,4413.50,4412.54,4412.99,16,ACTIVE_16s,96.0,51.0,0.0,45.0,0.0,46.9,0.0,PASS_<20%,0.00,0.0,NO,STANDBY_VEL_LOW,0,0.00,4590.00,72.36,FALSE,M1_DIRECTION_MISMATCH|OPENING_SHIELD_ACTIVE_16s
2026-09-07 14:51:17.234,1788792677.235,2416,35,149,4412.98,4413.06,8.0,PASS_<=10c,-1.0,DOWN,-52.0,+96.0,4.2,+2.10,0.50,SLOW,4412.02,4419.30,4410.83,4413.90,0.00,0.00,0.0,BULLISH,847.0,4413.50,4413.50,4412.54,4412.98,17,ACTIVE_17s,96.0,52.0,0.0,44.0,0.0,45.8,0.0,PASS_<20%,0.00,0.0,NO,STANDBY_VEL_LOW,0,0.00,4590.00,72.36,FALSE,M1_DIRECTION_MISMATCH|OPENING_SHIELD_ACTIVE_17s
2026-09-07 14:51:17.736,1788792677.736,2417,36,150,4412.72,4412.80,8.0,PASS_<=10c,-26.0,DOWN,-78.0,+70.0,4.2,+7.55,1.80,SLOW,4412.02,4419.30,4410.83,4413.90,0.00,0.00,0.0,BULLISH,847.0,4413.50,4413.50,4412.54,4412.72,17,ACTIVE_17s,96.0,78.0,0.0,18.0,0.0,18.8,0.0,PASS_<20%,0.00,0.0,NO,STANDBY_VEL_LOW,0,0.00,4590.00,72.36,FALSE,M1_DIRECTION_MISMATCH|OPENING_SHIELD_ACTIVE_17s
2026-09-07 14:51:18.237,1788792678.238,2418,37,151,4412.71,4412.79,8.0,PASS_<=10c,-1.0,DOWN,-79.0,+69.0,4.2,+2.31,0.55,SLOW,4412.02,4419.30,4410.83,4413.90,0.00,0.00,0.0,BULLISH,847.0,4413.50,4413.50,4412.54,4412.71,18,ACTIVE_18s,96.0,79.0,0.0,17.0,0.0,17.7,0.0,PASS_<20%,0.00,0.0,NO,STANDBY_VEL_LOW,0,0.00,4590.00,72.36,FALSE,M1_DIRECTION_MISMATCH|OPENING_SHIELD_ACTIVE_18s
2026-09-07 14:51:18.739,1788792678.739,2419,38,152,4412.85,4412.93,8.0,PASS_<=10c,+14.0,UP,-65.0,+83.0,4.2,+2.94,0.70,SLOW,4412.02,4419.30,4410.83,4413.90,0.00,0.00,0.0,BULLISH,847.0,4413.50,4413.50,4412.54,4412.85,18,ACTIVE_18s,96.0,65.0,0.0,31.0,0.0,32.3,0.0,PASS_<20%,0.00,0.0,NO,STANDBY_VEL_LOW,0,0.00,4590.00,72.36,FALSE,M1_DIRECTION_MISMATCH|OPENING_SHIELD_ACTIVE_18s
2026-09-07 14:51:19.241,1788792679.242,2420,39,153,4412.86,4412.94,8.0,PASS_<=10c,+1.0,UP,-64.0,+84.0,4.2,+5.66,1.35,SLOW,4412.02,4419.30,4410.83,4413.90,0.00,0.00,0.0,BULLISH,847.0,4413.50,4413.50,4412.54,4412.86,19,ACTIVE_19s,96.0,64.0,0.0,32.0,0.0,33.3,0.0,PASS_<20%,0.00,0.0,NO,STANDBY_VEL_LOW,0,0.00,4590.00,72.36,FALSE,M1_DIRECTION_MISMATCH|OPENING_SHIELD_ACTIVE_19s
2026-09-07 14:51:19.743,1788792679.743,2421,40,154,4412.70,4412.78,8.0,PASS_<=10c,-16.0,DOWN,-80.0,+68.0,4.2,+1.26,0.30,SLOW,4412.02,4419.30,4410.83,4413.90,0.00,0.00,0.0,BULLISH,847.0,4413.50,4413.50,4412.54,4412.70,19,ACTIVE_19s,96.0,80.0,0.0,16.0,0.0,16.7,0.0,PASS_<20%,0.00,0.0,NO,STANDBY_VEL_LOW,0,0.00,4590.00,72.36,FALSE,M1_DIRECTION_MISMATCH|OPENING_SHIELD_ACTIVE_19s
2026-09-07 14:51:20.245,1788792680.245,2422,41,155,4412.31,4412.39,8.0,PASS_<=10c,-39.0,DOWN,-119.0,+29.0,4.2,+8.81,2.10,SLOW,4412.02,4419.30,4410.83,4413.90,0.00,0.00,0.0,BULLISH,847.0,4413.50,4413.50,4412.31,4412.31,20,CLEARED_>=20s,119.0,119.0,0.0,0.0,0.0,0.0,0.0,PASS_<20%,0.00,0.0,NO,STANDBY_VEL_LOW,0,0.00,4590.00,72.36,FALSE,M1_DIRECTION_MISMATCH
2026-09-07 14:51:20.746,1788792680.747,2423,42,156,4412.26,4412.34,8.0,PASS_<=10c,-5.0,DOWN,-124.0,+24.0,4.2,+13.64,3.25,SLOW,4412.02,4419.30,4410.83,4413.90,0.00,0.00,0.0,BULLISH,847.0,4413.50,4413.50,4412.26,4412.26,20,CLEARED_>=20s,124.0,124.0,0.0,0.0,0.0,0.0,0.0,PASS_<20%,0.00,0.0,NO,STANDBY_VEL_LOW,0,0.00,4590.00,72.36,FALSE,M1_DIRECTION_MISMATCH
2026-09-07 14:51:21.247,1788792681.248,2424,43,157,4412.25,4412.33,8.0,PASS_<=10c,-1.0,DOWN,-125.0,+23.0,4.2,+15.74,3.75,SLOW,4412.02,4419.30,4410.83,4413.90,0.00,0.00,0.0,BULLISH,847.0,4413.50,4413.50,4412.25,4412.25,21,CLEARED_>=20s,125.0,125.0,0.0,0.0,0.0,0.0,0.0,PASS_<20%,0.00,0.0,NO,STANDBY_VEL_LOW,0,0.00,4590.00,72.36,FALSE,M1_DIRECTION_MISMATCH
2026-09-07 14:51:21.748,1788792681.749,2425,44,158,4412.21,4412.29,8.0,PASS_<=10c,-4.0,DOWN,-129.0,+19.0,4.2,+16.37,3.90,SLOW,4412.02,4419.30,4410.83,4413.90,0.00,0.00,0.0,BULLISH,847.0,4413.50,4413.50,4412.21,4412.21,21,CLEARED_>=20s,129.0,129.0,0.0,0.0,0.0,0.0,0.0,PASS_<20%,0.00,0.0,NO,STANDBY_VEL_LOW,0,0.00,4590.00,72.36,FALSE,M1_DIRECTION_MISMATCH
2026-09-07 14:51:22.251,1788792682.251,2426,45,159,4412.22,4412.30,8.0,PASS_<=10c,+1.0,UP,-128.0,+20.0,4.2,+15.95,3.80,SLOW,4412.02,4419.30,4410.83,4413.90,0.00,0.00,0.0,BULLISH,847.0,4413.50,4413.50,4412.21,4412.22,22,CLEARED_>=20s,129.0,128.0,0.0,1.0,0.0,0.8,0.0,PASS_<20%,0.00,0.0,NO,STANDBY_VEL_LOW,0,0.00,4590.00,72.36,FALSE,M1_DIRECTION_MISMATCH
2026-09-07 14:51:22.752,1788792682.753,2427,46,160,4412.23,4412.31,8.0,PASS_<=10c,+1.0,UP,-127.0,+21.0,4.2,+10.07,2.40,SLOW,4412.02,4419.30,4410.83,4413.90,0.00,0.00,0.0,BULLISH,847.0,4413.50,4413.50,4412.21,4412.23,22,CLEARED_>=20s,129.0,127.0,0.0,2.0,0.0,1.6,0.0,PASS_<20%,0.00,0.0,NO,STANDBY_VEL_LOW,0,0.00,4590.00,72.36,FALSE,M1_DIRECTION_MISMATCH
2026-09-07 14:51:23.254,1788792683.254,2428,47,161,4412.45,4412.53,8.0,PASS_<=10c,+22.0,UP,-105.0,+43.0,4.2,+8.18,1.95,SLOW,4412.02,4419.30,4410.83,4413.90,0.00,0.00,0.0,BULLISH,847.0,4413.50,4413.50,4412.21,4412.45,23,CLEARED_>=20s,129.0,105.0,0.0,24.0,0.0,18.6,0.0,PASS_<20%,0.00,0.0,NO,STANDBY_VEL_LOW,0,0.00,4590.00,72.36,FALSE,M1_DIRECTION_MISMATCH
2026-09-07 14:51:23.756,1788792683.756,2429,48,162,4412.47,4412.55,8.0,PASS_<=10c,+2.0,UP,-103.0,+45.0,4.2,+8.18,1.95,SLOW,4412.02,4419.30,4410.83,4413.90,0.00,0.00,0.0,BULLISH,847.0,4413.50,4413.50,4412.21,4412.47,23,CLEARED_>=20s,129.0,103.0,0.0,26.0,0.0,20.2,0.0,PASS_<20%,0.00,0.0,NO,STANDBY_VEL_LOW,0,0.00,4590.00,72.36,FALSE,M1_DIRECTION_MISMATCH
2026-09-07 14:51:24.258,1788792684.258,2430,49,163,4412.48,4412.56,8.0,PASS_<=10c,+1.0,UP,-102.0,+46.0,4.2,+7.97,1.90,SLOW,4412.02,4419.30,4410.83,4413.90,0.00,0.00,0.0,BULLISH,847.0,4413.50,4413.50,4412.21,4412.48,24,CLEARED_>=20s,129.0,102.0,0.0,27.0,0.0,20.9,0.0,PASS_<20%,0.00,0.0,NO,STANDBY_VEL_LOW,0,0.00,4590.00,72.36,FALSE,M1_DIRECTION_MISMATCH
2026-09-07 14:51:24.759,1788792684.760,2431,50,164,4412.41,4412.49,8.0,PASS_<=10c,-7.0,DOWN,-109.0,+39.0,4.2,+2.52,0.60,SLOW,4412.02,4419.30,4410.83,4413.90,0.00,0.00,0.0,BULLISH,847.0,4413.50,4413.50,4412.21,4412.41,24,CLEARED_>=20s,129.0,109.0,0.0,20.0,0.0,15.5,0.0,PASS_<20%,0.00,0.0,NO,STANDBY_VEL_LOW,0,0.00,4590.00,72.36,FALSE,M1_DIRECTION_MISMATCH
2026-09-07 14:51:25.261,1788792685.262,2432,51,165,4412.41,4412.49,8.0,PASS_<=10c,+0.0,FLAT,-109.0,+39.0,4.2,+2.73,0.65,SLOW,4412.02,4419.30,4410.83,4413.90,0.00,0.00,0.0,BULLISH,847.0,4413.50,4413.50,4412.21,4412.41,25,CLEARED_>=20s,129.0,109.0,0.0,20.0,0.0,15.5,0.0,PASS_<20%,0.00,0.0,NO,STANDBY_VEL_LOW,0,0.00,4590.00,72.36,FALSE,M1_DIRECTION_MISMATCH
2026-09-07 14:51:25.763,1788792685.764,2433,52,166,4412.93,4413.01,8.0,PASS_<=10c,+52.0,UP,-57.0,+91.0,4.2,+14.27,3.40,SLOW,4412.02,4419.30,4410.83,4413.90,0.00,0.00,0.0,BULLISH,847.0,4413.50,4413.50,4412.21,4412.93,25,CLEARED_>=20s,129.0,57.0,0.0,72.0,0.0,55.8,0.0,PASS_<20%,0.00,0.0,NO,STANDBY_VEL_LOW,0,0.00,4590.00,72.36,FALSE,M1_DIRECTION_MISMATCH
2026-09-07 14:51:26.265,1788792686.266,2434,53,167,4412.89,4412.97,8.0,PASS_<=10c,-4.0,DOWN,-61.0,+87.0,4.2,+13.43,3.20,SLOW,4412.02,4419.30,4410.83,4413.90,0.00,0.00,0.0,BULLISH,847.0,4413.50,4413.50,4412.21,4412.89,26,CLEARED_>=20s,129.0,61.0,0.0,68.0,0.0,52.7,0.0,PASS_<20%,0.00,0.0,NO,STANDBY_VEL_LOW,0,0.00,4590.00,72.36,FALSE,M1_DIRECTION_MISMATCH
2026-09-07 14:51:26.767,1788792686.768,2435,54,168,4412.86,4412.94,8.0,PASS_<=10c,-3.0,DOWN,-64.0,+84.0,4.2,+13.63,3.25,SLOW,4412.02,4419.30,4410.83,4413.90,0.00,0.00,0.0,BULLISH,847.0,4413.50,4413.50,4412.21,4412.86,26,CLEARED_>=20s,129.0,64.0,0.0,65.0,0.0,50.4,0.0,PASS_<20%,0.00,0.0,NO,STANDBY_VEL_LOW,0,0.00,4590.00,72.36,FALSE,M1_DIRECTION_MISMATCH
2026-09-07 14:51:27.269,1788792687.269,2436,55,169,4412.79,4412.87,8.0,PASS_<=10c,-7.0,DOWN,-71.0,+77.0,4.2,+11.96,2.85,SLOW,4412.02,4419.30,4410.83,4413.90,0.00,0.00,0.0,BULLISH,847.0,4413.50,4413.50,4412.21,4412.79,27,CLEARED_>=20s,129.0,71.0,0.0,58.0,0.0,45.0,0.0,PASS_<20%,0.00,0.0,NO,STANDBY_VEL_LOW,0,0.00,4590.00,72.36,FALSE,M1_DIRECTION_MISMATCH
2026-09-07 14:51:27.769,1788792687.770,2437,56,170,4412.79,4412.87,8.0,PASS_<=10c,+0.0,FLAT,-71.0,+77.0,4.2,+9.02,2.15,SLOW,4412.02,4419.30,4410.83,4413.90,0.00,0.00,0.0,BULLISH,847.0,4413.50,4413.50,4412.21,4412.79,27,CLEARED_>=20s,129.0,71.0,0.0,58.0,0.0,45.0,0.0,PASS_<20%,0.00,0.0,NO,STANDBY_VEL_LOW,0,0.00,4590.00,72.36,FALSE,M1_DIRECTION_MISMATCH
2026-09-07 14:51:28.270,1788792688.271,2438,57,171,4412.78,4412.86,8.0,PASS_<=10c,-1.0,DOWN,-72.0,+76.0,4.2,+6.93,1.65,SLOW,4412.02,4419.30,4410.83,4413.90,0.00,0.00,0.0,BULLISH,847.0,4413.50,4413.50,4412.21,4412.78,28,CLEARED_>=20s,129.0,72.0,0.0,57.0,0.0,44.2,0.0,PASS_<20%,0.00,0.0,NO,STANDBY_VEL_LOW,0,0.00,4590.00,72.36,FALSE,M1_DIRECTION_MISMATCH
2026-09-07 14:51:28.773,1788792688.773,2439,58,172,4412.79,4412.87,8.0,PASS_<=10c,+1.0,UP,-71.0,+77.0,4.2,+6.50,1.55,SLOW,4412.02,4419.30,4410.83,4413.90,0.00,0.00,0.0,BULLISH,847.0,4413.50,4413.50,4412.21,4412.79,28,CLEARED_>=20s,129.0,71.0,0.0,58.0,0.0,45.0,0.0,PASS_<20%,0.00,0.0,NO,STANDBY_VEL_LOW,0,0.00,4590.00,72.36,FALSE,M1_DIRECTION_MISMATCH
2026-09-07 14:51:29.275,1788792689.276,2440,59,173,4412.79,4412.87,8.0,PASS_<=10c,+0.0,FLAT,-71.0,+77.0,4.2,+7.55,1.80,SLOW,4412.02,4419.30,4410.83,4413.90,0.00,0.00,0.0,BULLISH,847.0,4413.50,4413.50,4412.21,4412.79,29,CLEARED_>=20s,129.0,71.0,0.0,58.0,0.0,45.0,0.0,PASS_<20%,0.00,0.0,NO,STANDBY_VEL_LOW,0,0.00,4590.00,72.36,FALSE,M1_DIRECTION_MISMATCH
2026-09-07 14:51:29.777,1788792689.778,2441,60,174,4412.79,4412.87,8.0,PASS_<=10c,+0.0,FLAT,-71.0,+77.0,4.2,+7.97,1.90,SLOW,4412.02,4419.30,4410.83,4413.90,0.00,0.00,0.0,BULLISH,847.0,4413.50,4413.50,4412.21,4412.79,29,CLEARED_>=20s,129.0,71.0,0.0,58.0,0.0,45.0,0.0,PASS_<20%,0.00,0.0,NO,STANDBY_VEL_LOW,0,0.00,4590.00,72.36,FALSE,M1_DIRECTION_MISMATCH
2026-09-07 14:51:30.279,1788792690.279,2442,61,175,4412.81,4412.89,8.0,PASS_<=10c,+2.0,UP,-69.0,+79.0,4.2,+3.57,0.85,SLOW,4412.02,4419.30,4410.83,4413.90,0.00,0.00,0.0,BULLISH,847.0,4413.50,4413.50,4412.21,4412.81,30,CLEARED_>=20s,129.0,69.0,0.0,60.0,0.0,46.5,0.0,PASS_<20%,0.00,0.0,NO,STANDBY_VEL_LOW,0,0.00,4590.00,72.36,FALSE,M1_DIRECTION_MISMATCH
2026-09-07 14:51:30.781,1788792690.781,2443,62,176,4412.81,4412.89,8.0,PASS_<=10c,+0.0,FLAT,-69.0,+79.0,4.2,+1.68,0.40,SLOW,4412.02,4419.30,4410.83,4413.90,0.00,0.00,0.0,BULLISH,847.0,4413.50,4413.50,4412.21,4412.81,30,CLEARED_>=20s,129.0,69.0,0.0,60.0,0.0,46.5,0.0,PASS_<20%,0.00,0.0,NO,STANDBY_VEL_LOW,0,0.00,4590.00,72.36,FALSE,M1_DIRECTION_MISMATCH
2026-09-07 14:51:31.282,1788792691.283,2444,63,177,4412.80,4412.88,8.0,PASS_<=10c,-1.0,DOWN,-70.0,+78.0,4.2,+1.47,0.35,SLOW,4412.02,4419.30,4410.83,4413.90,0.00,0.00,0.0,BULLISH,847.0,4413.50,4413.50,4412.21,4412.80,31,CLEARED_>=20s,129.0,70.0,0.0,59.0,0.0,45.7,0.0,PASS_<20%,0.00,0.0,NO,STANDBY_VEL_LOW,0,0.00,4590.00,72.36,FALSE,M1_DIRECTION_MISMATCH
2026-09-07 14:51:31.784,1788792691.784,2445,64,178,4412.77,4412.85,8.0,PASS_<=10c,-3.0,DOWN,-73.0,+75.0,4.2,+0.63,0.15,SLOW,4412.02,4419.30,4410.83,4413.90,0.00,0.00,0.0,BULLISH,847.0,4413.50,4413.50,4412.21,4412.77,31,CLEARED_>=20s,129.0,73.0,0.0,56.0,0.0,43.4,0.0,PASS_<20%,0.00,0.0,NO,STANDBY_VEL_LOW,0,0.00,4590.00,72.36,FALSE,M1_DIRECTION_MISMATCH
2026-09-07 14:51:32.286,1788792692.286,2446,65,179,4412.83,4412.91,8.0,PASS_<=10c,+6.0,UP,-67.0,+81.0,4.2,+0.84,0.20,SLOW,4412.02,4419.30,4410.83,4413.90,0.00,0.00,0.0,BULLISH,847.0,4413.50,4413.50,4412.21,4412.83,32,CLEARED_>=20s,129.0,67.0,0.0,62.0,0.0,48.1,0.0,PASS_<20%,0.00,0.0,NO,STANDBY_VEL_LOW,0,0.00,4590.00,72.36,FALSE,M1_DIRECTION_MISMATCH
2026-09-07 14:51:32.788,1788792692.789,2447,66,180,4412.97,4413.05,8.0,PASS_<=10c,+14.0,UP,-53.0,+95.0,4.2,+3.98,0.95,SLOW,4412.02,4419.30,4410.83,4413.90,0.00,0.00,0.0,BULLISH,847.0,4413.50,4413.50,4412.21,4412.97,32,CLEARED_>=20s,129.0,53.0,0.0,76.0,0.0,58.9,0.0,PASS_<20%,0.00,0.0,NO,STANDBY_VEL_LOW,0,0.00,4590.00,72.36,FALSE,M1_DIRECTION_MISMATCH
2026-09-07 14:51:33.290,1788792693.290,2448,67,181,4413.11,4413.19,8.0,PASS_<=10c,+14.0,UP,-39.0,+109.0,4.2,+6.71,1.60,SLOW,4412.02,4419.30,4410.83,4413.90,0.00,0.00,0.0,BULLISH,847.0,4413.50,4413.50,4412.21,4413.11,33,CLEARED_>=20s,129.0,39.0,0.0,90.0,0.0,69.8,0.0,PASS_<20%,0.00,0.0,NO,STANDBY_VEL_LOW,0,0.00,4590.00,72.36,FALSE,M1_DIRECTION_MISMATCH
2026-09-07 14:51:33.790,1788792693.791,2449,68,182,4413.07,4413.15,8.0,PASS_<=10c,-4.0,DOWN,-43.0,+105.0,4.2,+5.87,1.40,SLOW,4412.02,4419.30,4410.83,4413.90,0.00,0.00,0.0,BULLISH,847.0,4413.50,4413.50,4412.21,4413.07,33,CLEARED_>=20s,129.0,43.0,0.0,86.0,0.0,66.7,0.0,PASS_<20%,0.00,0.0,NO,STANDBY_VEL_LOW,0,0.00,4590.00,72.36,FALSE,M1_DIRECTION_MISMATCH
2026-09-07 14:51:34.292,1788792694.292,2450,69,183,4413.05,4413.13,8.0,PASS_<=10c,-2.0,DOWN,-45.0,+103.0,4.2,+5.46,1.30,SLOW,4412.02,4419.30,4410.83,4413.90,0.00,0.00,0.0,BULLISH,847.0,4413.50,4413.50,4412.21,4413.05,34,CLEARED_>=20s,129.0,45.0,0.0,84.0,0.0,65.1,0.0,PASS_<20%,0.00,0.0,NO,STANDBY_VEL_LOW,0,0.00,4590.00,72.36,FALSE,M1_DIRECTION_MISMATCH
2026-09-07 14:51:34.794,1788792694.794,2451,70,184,4413.05,4413.13,8.0,PASS_<=10c,+0.0,FLAT,-45.0,+103.0,4.2,+5.46,1.30,SLOW,4412.02,4419.30,4410.83,4413.90,0.00,0.00,0.0,BULLISH,847.0,4413.50,4413.50,4412.21,4413.05,34,CLEARED_>=20s,129.0,45.0,0.0,84.0,0.0,65.1,0.0,PASS_<20%,0.00,0.0,NO,STANDBY_VEL_LOW,0,0.00,4590.00,72.36,FALSE,M1_DIRECTION_MISMATCH
2026-09-07 14:51:35.296,1788792695.297,2452,71,185,4413.03,4413.11,8.0,PASS_<=10c,-2.0,DOWN,-47.0,+101.0,4.2,+4.83,1.15,SLOW,4412.02,4419.30,4410.83,4413.90,0.00,0.00,0.0,BULLISH,847.0,4413.50,4413.50,4412.21,4413.03,35,CLEARED_>=20s,129.0,47.0,0.0,82.0,0.0,63.6,0.0,PASS_<20%,0.00,0.0,NO,STANDBY_VEL_LOW,0,0.00,4590.00,72.36,FALSE,M1_DIRECTION_MISMATCH
2026-09-07 14:51:35.797,1788792695.798,2453,72,186,4413.00,4413.08,8.0,PASS_<=10c,-3.0,DOWN,-50.0,+98.0,4.2,+3.99,0.95,SLOW,4412.02,4419.30,4410.83,4413.90,0.00,0.00,0.0,BULLISH,847.0,4413.50,4413.50,4412.21,4413.00,35,CLEARED_>=20s,129.0,50.0,0.0,79.0,0.0,61.2,0.0,PASS_<20%,0.00,0.0,NO,STANDBY_VEL_LOW,0,0.00,4590.00,72.36,FALSE,M1_DIRECTION_MISMATCH
2026-09-07 14:51:36.298,1788792696.299,2454,73,187,4413.22,4413.30,8.0,PASS_<=10c,+22.0,UP,-28.0,+120.0,4.2,+9.65,2.30,SLOW,4412.02,4419.30,4410.83,4413.90,0.00,0.00,0.0,BULLISH,847.0,4413.50,4413.50,4412.21,4413.22,36,CLEARED_>=20s,129.0,28.0,0.0,101.0,0.0,78.3,0.0,PASS_<20%,0.00,0.0,NO,STANDBY_VEL_LOW,0,0.00,4590.00,72.36,FALSE,M1_DIRECTION_MISMATCH
2026-09-07 14:51:36.801,1788792696.801,2455,74,188,4413.21,4413.29,8.0,PASS_<=10c,-1.0,DOWN,-29.0,+119.0,4.2,+9.23,2.20,SLOW,4412.02,4419.30,4410.83,4413.90,0.00,0.00,0.0,BULLISH,847.0,4413.50,4413.50,4412.21,4413.21,36,CLEARED_>=20s,129.0,29.0,0.0,100.0,0.0,77.5,0.0,PASS_<20%,0.00,0.0,NO,STANDBY_VEL_LOW,0,0.00,4590.00,72.36,FALSE,M1_DIRECTION_MISMATCH
2026-09-07 14:51:37.302,1788792697.302,2456,75,189,4413.22,4413.30,8.0,PASS_<=10c,+1.0,UP,-28.0,+120.0,4.2,+6.93,1.65,SLOW,4412.02,4419.30,4410.83,4413.90,0.00,0.00,0.0,BULLISH,847.0,4413.50,4413.50,4412.21,4413.22,37,CLEARED_>=20s,129.0,28.0,0.0,101.0,0.0,78.3,0.0,PASS_<20%,0.00,0.0,NO,STANDBY_VEL_LOW,0,0.00,4590.00,72.36,FALSE,M1_DIRECTION_MISMATCH
2026-09-07 14:51:37.803,1788792697.804,2457,76,190,4413.24,4413.32,8.0,PASS_<=10c,+2.0,UP,-26.0,+122.0,4.2,+2.10,0.50,SLOW,4412.02,4419.30,4410.83,4413.90,0.00,0.00,0.0,BULLISH,847.0,4413.50,4413.50,4412.21,4413.24,37,CLEARED_>=20s,129.0,26.0,0.0,103.0,0.0,79.8,0.0,PASS_<20%,0.00,0.0,NO,STANDBY_VEL_LOW,0,0.00,4590.00,72.36,FALSE,M1_DIRECTION_MISMATCH
2026-09-07 14:51:38.305,1788792698.306,2458,77,191,4413.24,4413.32,8.0,PASS_<=10c,+0.0,FLAT,-26.0,+122.0,4.2,+3.57,0.85,SLOW,4412.02,4419.30,4410.83,4413.90,0.00,0.00,0.0,BULLISH,847.0,4413.50,4413.50,4412.21,4413.24,38,CLEARED_>=20s,129.0,26.0,0.0,103.0,0.0,79.8,0.0,PASS_<20%,0.00,0.0,NO,STANDBY_VEL_LOW,0,0.00,4590.00,72.36,FALSE,M1_DIRECTION_MISMATCH
2026-09-07 14:51:38.809,1788792698.809,2459,78,192,4413.22,4413.30,8.0,PASS_<=10c,-2.0,DOWN,-28.0,+120.0,4.2,+3.36,0.80,SLOW,4412.02,4419.30,4410.83,4413.90,0.00,0.00,0.0,BULLISH,847.0,4413.50,4413.50,4412.21,4413.22,38,CLEARED_>=20s,129.0,28.0,0.0,101.0,0.0,78.3,0.0,PASS_<20%,0.00,0.0,NO,STANDBY_VEL_LOW,0,0.00,4590.00,72.36,FALSE,M1_DIRECTION_MISMATCH
2026-09-07 14:51:39.309,1788792699.310,2460,79,193,4413.22,4413.30,8.0,PASS_<=10c,+0.0,FLAT,-28.0,+120.0,4.2,+3.57,0.85,SLOW,4412.02,4419.30,4410.83,4413.90,0.00,0.00,0.0,BULLISH,847.0,4413.50,4413.50,4412.21,4413.22,39,CLEARED_>=20s,129.0,28.0,0.0,101.0,0.0,78.3,0.0,PASS_<20%,0.00,0.0,NO,STANDBY_VEL_LOW,0,0.00,4590.00,72.36,FALSE,M1_DIRECTION_MISMATCH
2026-09-07 14:51:39.811,1788792699.812,2461,80,194,4413.44,4413.52,8.0,PASS_<=10c,+22.0,UP,-6.0,+142.0,4.2,+9.44,2.25,SLOW,4412.02,4419.30,4410.83,4413.90,0.00,0.00,0.0,BULLISH,847.0,4413.50,4413.50,4412.21,4413.44,39,CLEARED_>=20s,129.0,6.0,0.0,123.0,0.0,95.3,0.0,PASS_<20%,0.00,0.0,NO,STANDBY_VEL_LOW,0,0.00,4590.00,72.36,FALSE,M1_DIRECTION_MISMATCH
2026-09-07 14:51:40.313,1788792700.314,2462,81,195,4413.55,4413.63,8.0,PASS_<=10c,+11.0,UP,+5.0,+153.0,4.2,+12.17,2.90,SLOW,4412.02,4419.30,4410.83,4413.90,0.00,0.00,0.0,BULLISH,847.0,4413.50,4413.55,4412.21,4413.55,40,CLEARED_>=20s,134.0,5.0,0.0,129.0,0.0,96.3,0.0,PASS_<20%,4413.65,10.0,NO,STANDBY_VEL_LOW,0,0.00,4590.00,72.36,FALSE,PRICE_BELOW_15C_DISPLACEMENT
2026-09-07 14:51:40.814,1788792700.815,2463,82,196,4413.59,4413.67,8.0,PASS_<=10c,+4.0,UP,+9.0,+157.0,4.2,+8.60,2.05,SLOW,4412.02,4419.30,4410.83,4413.90,0.00,0.00,0.0,BULLISH,847.0,4413.50,4413.59,4412.21,4413.59,40,CLEARED_>=20s,138.0,9.0,0.0,129.0,0.0,93.5,0.0,PASS_<20%,4413.65,6.0,YES,STANDBY_VEL_LOW,0,0.00,4590.00,72.36,TRUE,READY_TO_FIRE
2026-09-07 14:51:41.317,1788792701.317,2464,83,197,4413.59,4413.67,8.0,PASS_<=10c,+0.0,FLAT,+9.0,+157.0,4.2,+7.76,1.85,SLOW,4412.02,4419.30,4410.83,4413.90,0.00,0.00,0.0,BULLISH,847.0,4413.50,4413.59,4412.21,4413.59,41,CLEARED_>=20s,138.0,9.0,0.0,129.0,0.0,93.5,0.0,PASS_<20%,4413.65,6.0,YES,STANDBY_VEL_LOW,0,0.00,4590.00,72.36,TRUE,READY_TO_FIRE
2026-09-07 14:51:41.818,1788792701.819,2465,84,198,4413.80,4413.88,8.0,PASS_<=10c,+21.0,UP,+30.0,+178.0,4.2,+12.17,2.90,SLOW,4412.02,4419.30,4410.83,4413.90,0.00,0.00,0.0,BULLISH,847.0,4413.50,4413.80,4412.21,4413.80,41,CLEARED_>=20s,159.0,30.0,0.0,129.0,0.0,81.1,0.0,PASS_<20%,4413.65,15.0,YES,STANDBY_VEL_LOW,0,0.00,4590.00,72.36,TRUE,READY_TO_FIRE
2026-09-07 14:51:42.321,1788792702.321,2466,85,199,4413.92,4414.00,8.0,PASS_<=10c,+12.0,UP,+42.0,+190.0,4.2,+14.47,3.45,SLOW,4412.02,4419.30,4410.83,4413.90,0.00,0.00,0.0,BULLISH,847.0,4413.50,4413.92,4412.21,4413.92,42,CLEARED_>=20s,171.0,42.0,0.0,129.0,0.0,75.4,0.0,PASS_<20%,4413.65,27.0,YES,STANDBY_VEL_LOW,0,0.00,4590.00,72.36,TRUE,READY_TO_FIRE
2026-09-07 14:51:42.823,1788792702.823,2467,86,200,4413.95,4414.03,8.0,PASS_<=10c,+3.0,UP,+45.0,+193.0,4.2,+14.89,3.55,SLOW,4412.02,4419.30,4410.83,4413.90,0.00,0.00,0.0,BULLISH,847.0,4413.50,4413.95,4412.21,4413.95,42,CLEARED_>=20s,174.0,45.0,0.0,129.0,0.0,74.1,0.0,PASS_<20%,4413.65,30.0,YES,STANDBY_VEL_LOW,0,0.00,4590.00,72.36,TRUE,READY_TO_FIRE
2026-09-07 14:51:43.325,1788792703.325,2468,87,201,4413.94,4414.02,8.0,PASS_<=10c,-1.0,DOWN,+44.0,+192.0,4.2,+15.10,3.60,SLOW,4412.02,4419.30,4410.83,4413.90,0.00,0.00,0.0,BULLISH,847.0,4413.50,4413.95,4412.21,4413.94,43,CLEARED_>=20s,174.0,44.0,1.0,129.0,0.6,74.1,0.6,PASS_<20%,4413.65,29.0,YES,STANDBY_VEL_LOW,0,0.00,4590.00,72.36,TRUE,READY_TO_FIRE
2026-09-07 14:51:43.827,1788792703.828,2469,88,202,4413.93,4414.01,8.0,PASS_<=10c,-1.0,DOWN,+43.0,+191.0,4.2,+14.89,3.55,SLOW,4412.02,4419.30,4410.83,4413.90,0.00,0.00,0.0,BULLISH,847.0,4413.50,4413.95,4412.21,4413.93,43,CLEARED_>=20s,174.0,43.0,2.0,129.0,1.1,74.1,1.1,PASS_<20%,4413.65,28.0,YES,STANDBY_VEL_LOW,0,0.00,4590.00,72.36,TRUE,READY_TO_FIRE
2026-09-07 14:51:44.331,1788792704.331,2470,89,203,4414.14,4414.22,8.0,PASS_<=10c,+21.0,UP,+64.0,+212.0,4.2,+19.08,4.54,SLOW,4412.02,4419.30,4410.83,4413.90,0.00,0.00,0.0,BULLISH,847.0,4413.50,4414.14,4412.21,4414.14,44,CLEARED_>=20s,193.0,64.0,0.0,129.0,0.0,66.8,0.0,PASS_<20%,4413.65,49.0,YES,STANDBY_VEL_LOW,0,0.00,4590.00,72.36,TRUE,READY_TO_FIRE
2026-09-07 14:51:44.833,1788792704.833,2471,90,204,4413.93,4414.01,8.0,PASS_<=10c,-21.0,DOWN,+43.0,+191.0,4.2,+7.97,1.90,SLOW,4412.02,4419.30,4410.83,4413.90,0.00,0.00,0.0,BULLISH,847.0,4413.50,4414.14,4412.21,4413.93,44,CLEARED_>=20s,193.0,43.0,21.0,129.0,10.9,66.8,10.9,PASS_<20%,4413.65,28.0,YES,STANDBY_VEL_LOW,0,0.00,4590.00,72.36,TRUE,READY_TO_FIRE
2026-09-07 14:51:45.334,1788792705.335,2472,91,205,4413.88,4413.96,8.0,PASS_<=10c,-5.0,DOWN,+38.0,+186.0,4.2,+6.08,1.45,SLOW,4412.02,4419.30,4410.83,4413.90,0.00,0.00,0.0,BULLISH,847.0,4413.50,4414.14,4412.21,4413.88,45,CLEARED_>=20s,193.0,38.0,26.0,129.0,13.5,66.8,13.5,PASS_<20%,4413.65,23.0,YES,STANDBY_VEL_LOW,0,0.00,4590.00,72.36,TRUE,READY_TO_FIRE
2026-09-07 14:51:45.835,1788792705.836,2473,92,206,4413.86,4413.94,8.0,PASS_<=10c,-2.0,DOWN,+36.0,+184.0,4.2,+5.66,1.35,SLOW,4412.02,4419.30,4410.83,4413.90,0.00,0.00,0.0,BULLISH,847.0,4413.50,4414.14,4412.21,4413.86,45,CLEARED_>=20s,193.0,36.0,28.0,129.0,14.5,66.8,14.5,PASS_<20%,4413.65,21.0,YES,STANDBY_VEL_LOW,0,0.00,4590.00,72.36,TRUE,READY_TO_FIRE
2026-09-07 14:51:46.337,1788792706.337,2474,93,207,4413.84,4413.92,8.0,PASS_<=10c,-2.0,DOWN,+34.0,+182.0,4.2,+5.24,1.25,SLOW,4412.02,4419.30,4410.83,4413.90,0.00,0.00,0.0,BULLISH,847.0,4413.50,4414.14,4412.21,4413.84,46,CLEARED_>=20s,193.0,34.0,30.0,129.0,15.5,66.8,15.5,PASS_<20%,4413.65,19.0,YES,STANDBY_VEL_LOW,0,0.00,4590.00,72.36,TRUE,READY_TO_FIRE
2026-09-07 14:51:46.840,1788792706.840,2475,94,208,4413.84,4413.92,8.0,PASS_<=10c,+0.0,FLAT,+34.0,+182.0,4.2,+0.42,0.10,SLOW,4412.02,4419.30,4410.83,4413.90,0.00,0.00,0.0,BULLISH,847.0,4413.50,4414.14,4412.21,4413.84,46,CLEARED_>=20s,193.0,34.0,30.0,129.0,15.5,66.8,15.5,PASS_<20%,4413.65,19.0,YES,STANDBY_VEL_LOW,0,0.00,4590.00,72.36,TRUE,READY_TO_FIRE
2026-09-07 14:51:47.342,1788792707.342,2476,95,209,4413.84,4413.92,8.0,PASS_<=10c,+0.0,FLAT,+34.0,+182.0,4.2,+1.68,0.40,SLOW,4412.02,4419.30,4410.83,4413.90,0.00,0.00,0.0,BULLISH,847.0,4413.50,4414.14,4412.21,4413.84,47,CLEARED_>=20s,193.0,34.0,30.0,129.0,15.5,66.8,15.5,PASS_<20%,4413.65,19.0,YES,STANDBY_VEL_LOW,0,0.00,4590.00,72.36,TRUE,READY_TO_FIRE
2026-09-07 14:51:47.843,1788792707.843,2477,96,210,4413.60,4413.68,8.0,PASS_<=10c,-24.0,DOWN,+10.0,+158.0,4.2,+7.34,1.75,SLOW,4412.02,4419.30,4410.83,4413.90,0.00,0.00,0.0,BULLISH,847.0,4413.50,4414.14,4412.21,4413.60,47,CLEARED_>=20s,193.0,10.0,54.0,129.0,28.0,66.8,28.0,BLOCKED_28.0%,4413.65,5.0,NO,STANDBY_VEL_LOW,0,0.00,4590.00,72.36,FALSE,OPP_WICK_TOO_HIGH_0.28
2026-09-07 14:51:48.345,1788792708.345,2478,97,211,4413.57,4413.65,8.0,PASS_<=10c,-3.0,DOWN,+7.0,+155.0,4.2,+7.76,1.85,SLOW,4412.02,4419.30,4410.83,4413.90,0.00,0.00,0.0,BULLISH,847.0,4413.50,4414.14,4412.21,4413.57,48,CLEARED_>=20s,193.0,7.0,57.0,129.0,29.5,66.8,29.5,BLOCKED_29.5%,4413.65,8.0,NO,STANDBY_VEL_LOW,0,0.00,4590.00,72.36,FALSE,OPP_WICK_TOO_HIGH_0.30
2026-09-07 14:51:48.846,1788792708.847,2479,98,212,4413.58,4413.66,8.0,PASS_<=10c,+1.0,UP,+8.0,+156.0,4.2,+9.86,2.35,SLOW,4412.02,4419.30,4410.83,4413.90,0.00,0.00,0.0,BULLISH,847.0,4413.50,4414.14,4412.21,4413.58,48,CLEARED_>=20s,193.0,8.0,56.0,129.0,29.0,66.8,29.0,BLOCKED_29.0%,4413.65,7.0,NO,STANDBY_VEL_LOW,0,0.00,4590.00,72.36,FALSE,OPP_WICK_TOO_HIGH_0.29
2026-09-07 14:51:49.348,1788792709.349,2480,99,213,4413.46,4413.54,8.0,PASS_<=10c,-12.0,DOWN,-4.0,+144.0,4.2,+9.86,2.35,SLOW,4412.02,4419.30,4410.83,4413.90,0.00,0.00,0.0,BULLISH,847.0,4413.50,4414.14,4412.21,4413.46,49,CLEARED_>=20s,193.0,4.0,64.0,125.0,33.2,64.8,33.2,BLOCKED_33.2%,0.00,0.0,NO,STANDBY_VEL_LOW,0,0.00,4590.00,72.36,FALSE,M1_DIRECTION_MISMATCH
2026-09-07 14:51:49.849,1788792709.850,2481,100,214,4413.50,4413.58,8.0,PASS_<=10c,+4.0,UP,+0.0,+148.0,4.2,+7.76,1.85,SLOW,4412.02,4419.30,4410.83,4413.90,0.00,0.00,0.0,BULLISH,847.0,4413.50,4414.14,4412.21,4413.50,49,CLEARED_>=20s,193.0,0.0,64.0,129.0,33.2,66.8,33.2,BLOCKED_33.2%,0.00,0.0,NO,STANDBY_VEL_LOW,0,0.00,4590.00,72.36,FALSE,M1_DIRECTION_MISMATCH
2026-09-07 14:51:50.352,1788792710.352,2482,101,215,4413.44,4413.52,8.0,PASS_<=10c,-6.0,DOWN,-6.0,+142.0,4.2,+9.02,2.15,SLOW,4412.02,4419.30,4410.83,4413.90,0.00,0.00,0.0,BULLISH,847.0,4413.50,4414.14,4412.21,4413.44,50,CLEARED_>=20s,193.0,6.0,64.0,123.0,33.2,63.7,33.2,BLOCKED_33.2%,0.00,0.0,NO,STANDBY_VEL_LOW,0,0.00,4590.00,72.36,FALSE,M1_DIRECTION_MISMATCH
2026-09-07 14:51:50.853,1788792710.854,2483,102,216,4413.45,4413.53,8.0,PASS_<=10c,+1.0,UP,-5.0,+143.0,4.2,+8.18,1.95,SLOW,4412.02,4419.30,4410.83,4413.90,0.00,0.00,0.0,BULLISH,847.0,4413.50,4414.14,4412.21,4413.45,50,CLEARED_>=20s,193.0,5.0,64.0,124.0,33.2,64.2,33.2,BLOCKED_33.2%,0.00,0.0,NO,STANDBY_VEL_LOW,0,0.00,4590.00,72.36,FALSE,M1_DIRECTION_MISMATCH
2026-09-07 14:51:51.355,1788792711.356,2484,103,217,4413.30,4413.38,8.0,PASS_<=10c,-15.0,DOWN,-20.0,+128.0,4.2,+11.54,2.75,SLOW,4412.02,4419.30,4410.83,4413.90,0.00,0.00,0.0,BULLISH,847.0,4413.50,4414.14,4412.21,4413.30,51,CLEARED_>=20s,193.0,20.0,64.0,109.0,33.2,56.5,33.2,BLOCKED_33.2%,0.00,0.0,NO,STANDBY_VEL_LOW,0,0.00,4590.00,72.36,FALSE,M1_DIRECTION_MISMATCH
2026-09-07 14:51:51.857,1788792711.857,2485,104,218,4413.45,4413.53,8.0,PASS_<=10c,+15.0,UP,-5.0,+143.0,4.2,+8.18,1.95,SLOW,4412.02,4419.30,4410.83,4413.90,0.00,0.00,0.0,BULLISH,847.0,4413.50,4414.14,4412.21,4413.45,51,CLEARED_>=20s,193.0,5.0,64.0,124.0,33.2,64.2,33.2,BLOCKED_33.2%,0.00,0.0,NO,STANDBY_VEL_LOW,0,0.00,4590.00,72.36,FALSE,M1_DIRECTION_MISMATCH
2026-09-07 14:51:52.358,1788792712.359,2486,105,219,4413.45,4413.53,8.0,PASS_<=10c,+0.0,FLAT,-5.0,+143.0,4.2,+7.55,1.80,SLOW,4412.02,4419.30,4410.83,4413.90,0.00,0.00,0.0,BULLISH,847.0,4413.50,4414.14,4412.21,4413.45,52,CLEARED_>=20s,193.0,5.0,64.0,124.0,33.2,64.2,33.2,BLOCKED_33.2%,0.00,0.0,NO,STANDBY_VEL_LOW,0,0.00,4590.00,72.36,FALSE,M1_DIRECTION_MISMATCH
2026-09-07 14:51:52.859,1788792712.860,2487,106,220,4413.49,4413.57,8.0,PASS_<=10c,+4.0,UP,-1.0,+147.0,4.2,+1.68,0.40,SLOW,4412.02,4419.30,4410.83,4413.90,0.00,0.00,0.0,BULLISH,847.0,4413.50,4414.14,4412.21,4413.49,52,CLEARED_>=20s,193.0,1.0,64.0,128.0,33.2,66.3,33.2,BLOCKED_33.2%,0.00,0.0,NO,STANDBY_VEL_LOW,0,0.00,4590.00,72.36,FALSE,M1_DIRECTION_MISMATCH
2026-09-07 14:51:53.361,1788792713.362,2488,107,221,4413.54,4413.62,8.0,PASS_<=10c,+5.0,UP,+4.0,+152.0,4.2,+0.63,0.15,SLOW,4412.02,4419.30,4410.83,4413.90,0.00,0.00,0.0,BULLISH,847.0,4413.50,4414.14,4412.21,4413.54,53,CLEARED_>=20s,193.0,4.0,60.0,129.0,31.1,66.8,31.1,BLOCKED_31.1%,4413.65,11.0,NO,STANDBY_VEL_LOW,0,0.00,4590.00,72.36,FALSE,OPP_WICK_TOO_HIGH_0.31|PRICE_BELOW_15C_DISPLACEMENT
2026-09-07 14:51:53.862,1788792713.862,2489,108,222,4413.51,4413.59,8.0,PASS_<=10c,-3.0,DOWN,+1.0,+149.0,4.2,+0.21,0.05,SLOW,4412.02,4419.30,4410.83,4413.90,0.00,0.00,0.0,BULLISH,847.0,4413.50,4414.14,4412.21,4413.51,53,CLEARED_>=20s,193.0,1.0,63.0,129.0,32.6,66.8,32.6,BLOCKED_32.6%,4413.65,14.0,NO,STANDBY_VEL_LOW,0,0.00,4590.00,72.36,FALSE,OPP_WICK_TOO_HIGH_0.33|PRICE_BELOW_15C_DISPLACEMENT
2026-09-07 14:51:54.364,1788792714.364,2490,109,223,4413.51,4413.59,8.0,PASS_<=10c,+0.0,FLAT,+1.0,+149.0,4.2,+1.26,0.30,SLOW,4412.02,4419.30,4410.83,4413.90,0.00,0.00,0.0,BULLISH,847.0,4413.50,4414.14,4412.21,4413.51,54,CLEARED_>=20s,193.0,1.0,63.0,129.0,32.6,66.8,32.6,BLOCKED_32.6%,4413.65,14.0,NO,STANDBY_VEL_LOW,0,0.00,4590.00,72.36,FALSE,OPP_WICK_TOO_HIGH_0.33|PRICE_BELOW_15C_DISPLACEMENT
2026-09-07 14:51:54.865,1788792714.865,2491,110,224,4413.50,4413.58,8.0,PASS_<=10c,-1.0,DOWN,+0.0,+148.0,4.2,+0.42,0.10,SLOW,4412.02,4419.30,4410.83,4413.90,0.00,0.00,0.0,BULLISH,847.0,4413.50,4414.14,4412.21,4413.50,54,CLEARED_>=20s,193.0,0.0,64.0,129.0,33.2,66.8,33.2,BLOCKED_33.2%,0.00,0.0,NO,STANDBY_VEL_LOW,0,0.00,4590.00,72.36,FALSE,M1_DIRECTION_MISMATCH
2026-09-07 14:51:55.366,1788792715.367,2492,111,225,4413.52,4413.60,8.0,PASS_<=10c,+2.0,UP,+2.0,+150.0,4.2,+1.47,0.35,SLOW,4412.02,4419.30,4410.83,4413.90,0.00,0.00,0.0,BULLISH,847.0,4413.50,4414.14,4412.21,4413.52,55,CLEARED_>=20s,193.0,2.0,62.0,129.0,32.1,66.8,32.1,BLOCKED_32.1%,4413.65,13.0,NO,STANDBY_VEL_LOW,0,0.00,4590.00,72.36,FALSE,OPP_WICK_TOO_HIGH_0.32|PRICE_BELOW_15C_DISPLACEMENT
2026-09-07 14:51:55.868,1788792715.869,2493,112,226,4413.69,4413.77,8.0,PASS_<=10c,+17.0,UP,+19.0,+167.0,4.2,+7.56,1.80,SLOW,4412.02,4419.30,4410.83,4413.90,0.00,0.00,0.0,BULLISH,847.0,4413.50,4414.14,4412.21,4413.69,55,CLEARED_>=20s,193.0,19.0,45.0,129.0,23.3,66.8,23.3,BLOCKED_23.3%,4413.65,4.0,NO,STANDBY_VEL_LOW,0,0.00,4590.00,72.36,FALSE,OPP_WICK_TOO_HIGH_0.23
2026-09-07 14:51:56.369,1788792716.369,2494,113,227,4413.76,4413.84,8.0,PASS_<=10c,+7.0,UP,+26.0,+174.0,4.2,+7.14,1.70,SLOW,4412.02,4419.30,4410.83,4413.90,0.00,0.00,0.0,BULLISH,847.0,4413.50,4414.14,4412.21,4413.76,56,CLEARED_>=20s,193.0,26.0,38.0,129.0,19.7,66.8,19.7,PASS_<20%,4413.65,11.0,YES,STANDBY_VEL_LOW,0,0.00,4590.00,72.36,TRUE,READY_TO_FIRE
2026-09-07 14:51:56.870,1788792716.871,2495,114,228,4413.81,4413.89,8.0,PASS_<=10c,+5.0,UP,+31.0,+179.0,4.2,+7.56,1.80,SLOW,4412.02,4419.30,4410.83,4413.90,0.00,0.00,0.0,BULLISH,847.0,4413.50,4414.14,4412.21,4413.81,56,CLEARED_>=20s,193.0,31.0,33.0,129.0,17.1,66.8,17.1,PASS_<20%,4413.65,16.0,YES,STANDBY_VEL_LOW,0,0.00,4590.00,72.36,TRUE,READY_TO_FIRE
2026-09-07 14:51:57.372,1788792717.373,2496,115,229,4413.84,4413.92,8.0,PASS_<=10c,+3.0,UP,+34.0,+182.0,4.2,+7.35,1.75,SLOW,4412.02,4419.30,4410.83,4413.90,0.00,0.00,0.0,BULLISH,847.0,4413.50,4414.14,4412.21,4413.84,57,CLEARED_>=20s,193.0,34.0,30.0,129.0,15.5,66.8,15.5,PASS_<20%,4413.65,19.0,YES,STANDBY_VEL_LOW,0,0.00,4590.00,72.36,TRUE,READY_TO_FIRE
2026-09-07 14:51:57.874,1788792717.875,2497,116,230,4413.84,4413.92,8.0,PASS_<=10c,+0.0,FLAT,+34.0,+182.0,4.2,+6.51,1.55,SLOW,4412.02,4419.30,4410.83,4413.90,0.00,0.00,0.0,BULLISH,847.0,4413.50,4414.14,4412.21,4413.84,57,CLEARED_>=20s,193.0,34.0,30.0,129.0,15.5,66.8,15.5,PASS_<20%,4413.65,19.0,YES,STANDBY_VEL_LOW,0,0.00,4590.00,72.36,TRUE,READY_TO_FIRE
2026-09-07 14:51:58.375,1788792718.376,2498,117,231,4414.09,4414.17,8.0,PASS_<=10c,+25.0,UP,+59.0,+207.0,4.2,+12.18,2.90,SLOW,4412.02,4419.30,4410.83,4413.90,0.00,0.00,0.0,BULLISH,847.0,4413.50,4414.14,4412.21,4414.09,58,CLEARED_>=20s,193.0,59.0,5.0,129.0,2.6,66.8,2.6,PASS_<20%,4413.65,44.0,YES,STANDBY_VEL_LOW,0,0.00,4590.00,72.36,TRUE,READY_TO_FIRE
2026-09-07 14:51:58.878,1788792718.879,2499,118,232,4414.11,4414.19,8.0,PASS_<=10c,+2.0,UP,+61.0,+209.0,4.2,+12.59,3.00,SLOW,4412.02,4419.30,4410.83,4413.90,0.00,0.00,0.0,BULLISH,847.0,4413.50,4414.14,4412.21,4414.11,58,CLEARED_>=20s,193.0,61.0,3.0,129.0,1.6,66.8,1.6,PASS_<20%,4413.65,46.0,YES,STANDBY_VEL_LOW,0,0.00,4590.00,72.36,TRUE,READY_TO_FIRE
2026-09-07 14:51:59.379,1788792719.379,2500,119,233,4414.15,4414.23,8.0,PASS_<=10c,+4.0,UP,+65.0,+213.0,4.2,+14.27,3.40,SLOW,4412.02,4419.30,4410.83,4413.90,0.00,0.00,0.0,BULLISH,847.0,4413.50,4414.15,4412.21,4414.15,59,CLEARED_>=20s,194.0,65.0,0.0,129.0,0.0,66.5,0.0,PASS_<20%,4413.65,50.0,YES,STANDBY_VEL_LOW,0,0.00,4590.00,72.36,TRUE,READY_TO_FIRE
2026-09-07 14:51:59.880,1788792719.880,2501,120,234,4414.10,4414.18,8.0,PASS_<=10c,-5.0,DOWN,+60.0,+208.0,4.2,+12.17,2.90,SLOW,4412.02,4419.30,4410.83,4413.90,0.00,0.00,0.0,BULLISH,847.0,4413.50,4414.15,4412.21,4414.10,59,CLEARED_>=20s,194.0,60.0,5.0,129.0,2.6,66.5,2.6,PASS_<20%,4413.65,45.0,YES,STANDBY_VEL_LOW,0,0.00,4590.00,72.36,TRUE,READY_TO_FIRE
2026-09-07 14:52:00.382,1788792720.383,2502,1,235,4414.14,4414.22,8.0,PASS_<=10c,+4.0,UP,+0.0,+212.0,4.2,+9.44,2.25,SLOW,4412.02,4419.30,4410.83,4413.90,0.00,0.00,0.0,BULLISH,847.0,4414.14,4414.14,4414.14,4414.14,0,ACTIVE_0s,1.0,0.0,0.0,0.0,0.0,0.0,0.0,PASS_<20%,0.00,0.0,NO,STANDBY_VEL_LOW,0,0.00,4590.00,72.36,FALSE,M1_DIRECTION_MISMATCH|OPENING_SHIELD_ACTIVE_0s
2026-09-07 14:52:00.884,1788792720.884,2503,2,236,4414.18,4414.26,8.0,PASS_<=10c,+4.0,UP,+4.0,+216.0,4.2,+8.81,2.10,SLOW,4412.02,4419.30,4410.83,4413.90,0.00,0.00,0.0,BULLISH,847.0,4414.14,4414.18,4414.14,4414.18,0,ACTIVE_0s,4.0,4.0,0.0,0.0,0.0,0.0,0.0,PASS_<20%,4414.29,11.0,NO,STANDBY_VEL_LOW,0,0.00,4590.00,72.36,FALSE,OPENING_SHIELD_ACTIVE_0s|PRICE_BELOW_15C_DISPLACEMENT
2026-09-07 14:52:01.386,1788792721.387,2504,3,237,4414.18,4414.26,8.0,PASS_<=10c,+0.0,FLAT,+4.0,+216.0,4.2,+7.76,1.85,SLOW,4412.02,4419.30,4410.83,4413.90,0.00,0.00,0.0,BULLISH,847.0,4414.14,4414.18,4414.14,4414.18,1,ACTIVE_1s,4.0,4.0,0.0,0.0,0.0,0.0,0.0,PASS_<20%,4414.29,11.0,NO,STANDBY_VEL_LOW,0,0.00,4590.00,72.36,FALSE,OPENING_SHIELD_ACTIVE_1s|PRICE_BELOW_15C_DISPLACEMENT
2026-09-07 14:52:01.888,1788792721.888,2505,4,238,4414.19,4414.27,8.0,PASS_<=10c,+1.0,UP,+5.0,+217.0,4.2,+7.97,1.90,SLOW,4412.02,4419.30,4410.83,4413.90,0.00,0.00,0.0,BULLISH,847.0,4414.14,4414.19,4414.14,4414.19,1,ACTIVE_1s,5.0,5.0,0.0,0.0,0.0,0.0,0.0,PASS_<20%,4414.29,10.0,NO,STANDBY_VEL_LOW,0,0.00,4590.00,72.36,FALSE,OPENING_SHIELD_ACTIVE_1s|PRICE_BELOW_15C_DISPLACEMENT
2026-09-07 14:52:02.390,1788792722.391,2506,5,239,4414.29,4414.37,8.0,PASS_<=10c,+10.0,UP,+15.0,+227.0,4.2,+9.44,2.25,SLOW,4412.02,4419.30,4410.83,4413.90,0.00,0.00,0.0,BULLISH,847.0,4414.14,4414.29,4414.14,4414.29,2,ACTIVE_2s,15.0,15.0,0.0,0.0,0.0,0.0,0.0,PASS_<20%,4414.29,0.0,NO,STANDBY_VEL_LOW,0,0.00,4590.00,72.36,FALSE,OPENING_SHIELD_ACTIVE_2s
2026-09-07 14:52:02.892,1788792722.892,2507,6,240,4414.52,4414.60,8.0,PASS_<=10c,+23.0,UP,+38.0,+250.0,4.2,+10.91,2.60,SLOW,4412.02,4419.30,4410.83,4413.90,0.00,0.00,0.0,BULLISH,847.0,4414.14,4414.52,4414.14,4414.52,2,ACTIVE_2s,38.0,38.0,0.0,0.0,0.0,0.0,0.0,PASS_<20%,4414.29,23.0,NO,STANDBY_VEL_LOW,0,0.00,4590.00,72.36,FALSE,OPENING_SHIELD_ACTIVE_2s
2026-09-07 14:52:03.395,1788792723.395,2508,7,241,4414.72,4414.80,8.0,PASS_<=10c,+20.0,UP,+58.0,+270.0,4.2,+12.80,3.05,SLOW,4412.02,4419.30,4410.83,4413.90,0.00,0.00,0.0,BULLISH,847.0,4414.14,4414.72,4414.14,4414.72,3,ACTIVE_3s,58.0,58.0,0.0,0.0,0.0,0.0,0.0,PASS_<20%,4414.29,43.0,NO,STANDBY_VEL_LOW,0,0.00,4590.00,72.36,FALSE,OPENING_SHIELD_ACTIVE_3s
2026-09-07 14:52:03.895,1788792723.895,2509,8,242,4414.72,4414.80,8.0,PASS_<=10c,+0.0,FLAT,+58.0,+270.0,4.2,+11.96,2.85,SLOW,4412.02,4419.30,4410.83,4413.90,0.00,0.00,0.0,BULLISH,847.0,4414.14,4414.72,4414.14,4414.72,3,ACTIVE_3s,58.0,58.0,0.0,0.0,0.0,0.0,0.0,PASS_<20%,4414.29,43.0,NO,STANDBY_VEL_LOW,0,0.00,4590.00,72.36,FALSE,OPENING_SHIELD_ACTIVE_3s
2026-09-07 14:52:04.397,1788792724.397,2510,9,243,4414.57,4414.65,8.0,PASS_<=10c,-15.0,DOWN,+43.0,+255.0,4.2,+9.86,2.35,SLOW,4412.02,4419.30,4410.83,4413.90,0.00,0.00,0.0,BULLISH,847.0,4414.14,4414.72,4414.14,4414.57,4,ACTIVE_4s,58.0,43.0,15.0,0.0,25.9,0.0,25.9,BLOCKED_25.9%,4414.29,28.0,NO,STANDBY_VEL_LOW,0,0.00,4590.00,72.36,FALSE,OPP_WICK_TOO_HIGH_0.26|OPENING_SHIELD_ACTIVE_4s
2026-09-07 14:52:04.898,1788792724.898,2511,10,244,4414.62,4414.70,8.0,PASS_<=10c,+5.0,UP,+48.0,+260.0,4.2,+10.07,2.40,SLOW,4412.02,4419.30,4410.83,4413.90,0.00,0.00,0.0,BULLISH,847.0,4414.14,4414.72,4414.14,4414.62,4,ACTIVE_4s,58.0,48.0,10.0,0.0,17.2,0.0,17.2,PASS_<20%,4414.29,33.0,NO,STANDBY_VEL_LOW,0,0.00,4590.00,72.36,FALSE,OPENING_SHIELD_ACTIVE_4s
2026-09-07 14:52:05.400,1788792725.400,2512,11,245,4414.57,4414.65,8.0,PASS_<=10c,-5.0,DOWN,+43.0,+255.0,4.2,+8.18,1.95,SLOW,4412.02,4419.30,4410.83,4413.90,0.00,0.00,0.0,BULLISH,847.0,4414.14,4414.72,4414.14,4414.57,5,ACTIVE_5s,58.0,43.0,15.0,0.0,25.9,0.0,25.9,BLOCKED_25.9%,4414.29,28.0,NO,STANDBY_VEL_LOW,0,0.00,4590.00,72.36,FALSE,OPP_WICK_TOO_HIGH_0.26|OPENING_SHIELD_ACTIVE_5s
2026-09-07 14:52:05.902,1788792725.902,2513,12,246,4414.65,4414.73,8.0,PASS_<=10c,+8.0,UP,+51.0,+263.0,4.2,+9.86,2.35,SLOW,4412.02,4419.30,4410.83,4413.90,0.00,0.00,0.0,BULLISH,847.0,4414.14,4414.72,4414.14,4414.65,5,ACTIVE_5s,58.0,51.0,7.0,0.0,12.1,0.0,12.1,PASS_<20%,4414.29,36.0,NO,STANDBY_VEL_LOW,0,0.00,4590.00,72.36,FALSE,OPENING_SHIELD_ACTIVE_5s
2026-09-07 14:52:06.404,1788792726.405,2514,13,247,4414.75,4414.83,8.0,PASS_<=10c,+10.0,UP,+61.0,+273.0,4.2,+11.96,2.85,SLOW,4412.02,4419.30,4410.83,4413.90,0.00,0.00,0.0,BULLISH,847.0,4414.14,4414.76,4414.14,4414.75,6,ACTIVE_6s,62.0,61.0,1.0,0.0,1.6,0.0,1.6,PASS_<20%,4414.29,46.0,NO,STANDBY_VEL_LOW,0,0.00,4590.00,72.36,FALSE,OPENING_SHIELD_ACTIVE_6s
2026-09-07 14:52:06.906,1788792726.906,2515,14,248,4414.69,4414.77,8.0,PASS_<=10c,-6.0,DOWN,+55.0,+267.0,4.2,+10.49,2.50,SLOW,4412.02,4419.30,4410.83,4413.90,0.00,0.00,0.0,BULLISH,847.0,4414.14,4414.76,4414.14,4414.69,6,ACTIVE_6s,62.0,55.0,7.0,0.0,11.3,0.0,11.3,PASS_<20%,4414.29,40.0,NO,STANDBY_VEL_LOW,0,0.00,4590.00,72.36,FALSE,OPENING_SHIELD_ACTIVE_6s
2026-09-07 14:52:07.407,1788792727.408,2516,15,249,4414.67,4414.75,8.0,PASS_<=10c,-2.0,DOWN,+53.0,+265.0,4.2,+3.36,0.80,SLOW,4412.02,4419.30,4410.83,4413.90,0.00,0.00,0.0,BULLISH,847.0,4414.14,4414.76,4414.14,4414.67,7,ACTIVE_7s,62.0,53.0,9.0,0.0,14.5,0.0,14.5,PASS_<20%,4414.29,38.0,NO,STANDBY_VEL_LOW,0,0.00,4590.00,72.36,FALSE,OPENING_SHIELD_ACTIVE_7s
2026-09-07 14:52:07.909,1788792727.910,2517,16,250,4414.63,4414.71,8.0,PASS_<=10c,-4.0,DOWN,+49.0,+261.0,4.2,+2.55,0.61,SLOW,4412.02,4419.30,4410.83,4413.90,0.00,0.00,0.0,BULLISH,847.0,4414.14,4414.76,4414.14,4414.63,7,ACTIVE_7s,62.0,49.0,13.0,0.0,21.0,0.0,21.0,BLOCKED_21.0%,4414.29,34.0,NO,STANDBY_VEL_LOW,0,0.00,4590.00,72.36,FALSE,OPP_WICK_TOO_HIGH_0.21|OPENING_SHIELD_ACTIVE_7s
2026-09-07 14:52:08.411,1788792728.412,2518,17,251,4414.71,4414.79,8.0,PASS_<=10c,+8.0,UP,+57.0,+269.0,4.2,+2.69,0.64,SLOW,4412.02,4419.30,4410.83,4413.90,0.00,0.00,0.0,BULLISH,847.0,4414.14,4414.76,4414.14,4414.71,8,ACTIVE_8s,62.0,57.0,5.0,0.0,8.1,0.0,8.1,PASS_<20%,4414.29,42.0,NO,STANDBY_VEL_LOW,0,0.00,4590.00,72.36,FALSE,OPENING_SHIELD_ACTIVE_8s
2026-09-07 14:52:08.913,1788792728.913,2519,18,252,4414.88,4414.96,8.0,PASS_<=10c,+17.0,UP,+74.0,+286.0,4.2,+11.75,2.80,SLOW,4412.02,4419.30,4410.83,4413.90,0.00,0.00,0.0,BULLISH,847.0,4414.14,4414.88,4414.14,4414.88,8,ACTIVE_8s,74.0,74.0,0.0,0.0,0.0,0.0,0.0,PASS_<20%,4414.29,59.0,NO,STANDBY_VEL_LOW,0,0.00,4590.00,72.36,FALSE,OPENING_SHIELD_ACTIVE_8s
2026-09-07 14:52:09.415,1788792729.415,2520,19,253,4414.88,4414.96,8.0,PASS_<=10c,+0.0,FLAT,+74.0,+286.0,4.2,+5.45,1.30,SLOW,4412.02,4419.30,4410.83,4413.90,0.00,0.00,0.0,BULLISH,847.0,4414.14,4414.88,4414.14,4414.88,9,ACTIVE_9s,74.0,74.0,0.0,0.0,0.0,0.0,0.0,PASS_<20%,4414.29,59.0,NO,STANDBY_VEL_LOW,0,0.00,4590.00,72.36,FALSE,OPENING_SHIELD_ACTIVE_9s
2026-09-07 14:52:09.918,1788792729.918,2521,20,254,4414.88,4414.96,8.0,PASS_<=10c,+0.0,FLAT,+74.0,+286.0,4.2,+5.87,1.40,SLOW,4412.02,4419.30,4410.83,4413.90,0.00,0.00,0.0,BULLISH,847.0,4414.14,4414.88,4414.14,4414.88,9,ACTIVE_9s,74.0,74.0,0.0,0.0,0.0,0.0,0.0,PASS_<20%,4414.29,59.0,NO,STANDBY_VEL_LOW,0,0.00,4590.00,72.36,FALSE,OPENING_SHIELD_ACTIVE_9s
2026-09-07 14:52:10.419,1788792730.419,2522,21,255,4414.72,4414.80,8.0,PASS_<=10c,-16.0,DOWN,+58.0,+270.0,4.2,+2.40,0.57,SLOW,4412.02,4419.30,4410.83,4413.90,0.00,0.00,0.0,BULLISH,847.0,4414.14,4414.88,4414.14,4414.72,10,ACTIVE_10s,74.0,58.0,16.0,0.0,21.6,0.0,21.6,BLOCKED_21.6%,4414.29,43.0,NO,STANDBY_VEL_LOW,0,0.00,4590.00,72.36,FALSE,OPP_WICK_TOO_HIGH_0.22|OPENING_SHIELD_ACTIVE_10s
2026-09-07 14:52:10.921,1788792730.922,2523,22,256,4414.61,4414.69,8.0,PASS_<=10c,-11.0,DOWN,+47.0,+259.0,4.2,+3.15,0.75,SLOW,4412.02,4419.30,4410.83,4413.90,0.00,0.00,0.0,BULLISH,847.0,4414.14,4414.88,4414.14,4414.61,10,ACTIVE_10s,74.0,47.0,27.0,0.0,36.5,0.0,36.5,BLOCKED_36.5%,4414.29,32.0,NO,STANDBY_VEL_LOW,0,0.00,4590.00,72.36,FALSE,OPP_WICK_TOO_HIGH_0.36|OPENING_SHIELD_ACTIVE_10s
2026-09-07 14:52:11.424,1788792731.424,2524,23,257,4414.56,4414.64,8.0,PASS_<=10c,-5.0,DOWN,+42.0,+254.0,4.2,+3.57,0.85,SLOW,4412.02,4419.30,4410.83,4413.90,0.00,0.00,0.0,BULLISH,847.0,4414.14,4414.88,4414.14,4414.56,11,ACTIVE_11s,74.0,42.0,32.0,0.0,43.2,0.0,43.2,BLOCKED_43.2%,4414.29,27.0,NO,STANDBY_VEL_LOW,0,0.00,4590.00,72.36,FALSE,OPP_WICK_TOO_HIGH_0.43|OPENING_SHIELD_ACTIVE_11s
2026-09-07 14:52:11.926,1788792731.926,2525,24,258,4414.63,4414.71,8.0,PASS_<=10c,+7.0,UP,+49.0,+261.0,4.2,+2.47,0.59,SLOW,4412.02,4419.30,4410.83,4413.90,0.00,0.00,0.0,BULLISH,847.0,4414.14,4414.88,4414.14,4414.63,11,ACTIVE_11s,74.0,49.0,25.0,0.0,33.8,0.0,33.8,BLOCKED_33.8%,4414.29,34.0,NO,STANDBY_VEL_LOW,0,0.00,4590.00,72.36,FALSE,OPP_WICK_TOO_HIGH_0.34|OPENING_SHIELD_ACTIVE_11s
2026-09-07 14:52:12.427,1788792732.427,2526,25,259,4414.61,4414.69,8.0,PASS_<=10c,-2.0,DOWN,+47.0,+259.0,4.2,+2.55,0.61,SLOW,4412.02,4419.30,4410.83,4413.90,0.00,0.00,0.0,BULLISH,847.0,4414.14,4414.88,4414.14,4414.61,12,ACTIVE_12s,74.0,47.0,27.0,0.0,36.5,0.0,36.5,BLOCKED_36.5%,4414.29,32.0,NO,STANDBY_VEL_LOW,0,0.00,4590.00,72.36,FALSE,OPP_WICK_TOO_HIGH_0.36|OPENING_SHIELD_ACTIVE_12s
2026-09-07 14:52:12.928,1788792732.929,2527,26,260,4414.59,4414.67,8.0,PASS_<=10c,-2.0,DOWN,+45.0,+257.0,4.2,+2.52,0.60,SLOW,4412.02,4419.30,4410.83,4413.90,0.00,0.00,0.0,BULLISH,847.0,4414.14,4414.88,4414.14,4414.59,12,ACTIVE_12s,74.0,45.0,29.0,0.0,39.2,0.0,39.2,BLOCKED_39.2%,4414.29,30.0,NO,STANDBY_VEL_LOW,0,0.00,4590.00,72.36,FALSE,OPP_WICK_TOO_HIGH_0.39|OPENING_SHIELD_ACTIVE_12s
2026-09-07 14:52:13.431,1788792733.432,2528,27,261,4414.59,4414.67,8.0,PASS_<=10c,+0.0,FLAT,+45.0,+257.0,4.2,+5.03,1.20,SLOW,4412.02,4419.30,4410.83,4413.90,0.00,0.00,0.0,BULLISH,847.0,4414.14,4414.88,4414.14,4414.59,13,ACTIVE_13s,74.0,45.0,29.0,0.0,39.2,0.0,39.2,BLOCKED_39.2%,4414.29,30.0,NO,STANDBY_VEL_LOW,0,0.00,4590.00,72.36,FALSE,OPP_WICK_TOO_HIGH_0.39|OPENING_SHIELD_ACTIVE_13s
2026-09-07 14:52:13.932,1788792733.933,2529,28,262,4414.61,4414.69,8.0,PASS_<=10c,+2.0,UP,+47.0,+259.0,4.2,+5.66,1.35,SLOW,4412.02,4419.30,4410.83,4413.90,0.00,0.00,0.0,BULLISH,847.0,4414.14,4414.88,4414.14,4414.61,13,ACTIVE_13s,74.0,47.0,27.0,0.0,36.5,0.0,36.5,BLOCKED_36.5%,4414.29,32.0,NO,STANDBY_VEL_LOW,0,0.00,4590.00,72.36,FALSE,OPP_WICK_TOO_HIGH_0.36|OPENING_SHIELD_ACTIVE_13s
2026-09-07 14:52:14.434,1788792734.435,2530,29,263,4414.67,4414.75,8.0,PASS_<=10c,+6.0,UP,+53.0,+265.0,4.2,+4.40,1.05,SLOW,4412.02,4419.30,4410.83,4413.90,0.00,0.00,0.0,BULLISH,847.0,4414.14,4414.88,4414.14,4414.67,14,ACTIVE_14s,74.0,53.0,21.0,0.0,28.4,0.0,28.4,BLOCKED_28.4%,4414.29,38.0,NO,STANDBY_VEL_LOW,0,0.00,4590.00,72.36,FALSE,OPP_WICK_TOO_HIGH_0.28|OPENING_SHIELD_ACTIVE_14s
2026-09-07 14:52:14.935,1788792734.936,2531,30,264,4414.67,4414.75,8.0,PASS_<=10c,+0.0,FLAT,+53.0,+265.0,4.2,+4.41,1.05,SLOW,4412.02,4419.30,4410.83,4413.90,0.00,0.00,0.0,BULLISH,847.0,4414.14,4414.88,4414.14,4414.67,14,ACTIVE_14s,74.0,53.0,21.0,0.0,28.4,0.0,28.4,BLOCKED_28.4%,4414.29,38.0,NO,STANDBY_VEL_LOW,0,0.00,4590.00,72.36,FALSE,OPP_WICK_TOO_HIGH_0.28|OPENING_SHIELD_ACTIVE_14s
2026-09-07 14:52:15.437,1788792735.438,2532,31,265,4414.75,4414.83,8.0,PASS_<=10c,+8.0,UP,+61.0,+273.0,4.2,+3.37,0.80,SLOW,4412.02,4419.30,4410.83,4413.90,0.00,0.00,0.0,BULLISH,847.0,4414.14,4414.88,4414.14,4414.75,15,ACTIVE_15s,74.0,61.0,13.0,0.0,17.6,0.0,17.6,PASS_<20%,4414.29,46.0,NO,STANDBY_VEL_LOW,0,0.00,4590.00,72.36,FALSE,OPENING_SHIELD_ACTIVE_15s
2026-09-07 14:52:15.940,1788792735.940,2533,32,266,4414.81,4414.89,8.0,PASS_<=10c,+6.0,UP,+67.0,+279.0,4.2,+5.24,1.25,SLOW,4412.02,4419.30,4410.83,4413.90,0.00,0.00,0.0,BULLISH,847.0,4414.14,4414.88,4414.14,4414.81,15,ACTIVE_15s,74.0,67.0,7.0,0.0,9.5,0.0,9.5,PASS_<20%,4414.29,52.0,NO,STANDBY_VEL_LOW,0,0.00,4590.00,72.36,FALSE,OPENING_SHIELD_ACTIVE_15s
2026-09-07 14:52:16.443,1788792736.443,2534,33,267,4414.81,4414.89,8.0,PASS_<=10c,+0.0,FLAT,+67.0,+279.0,4.2,+5.24,1.25,SLOW,4412.02,4419.30,4410.83,4413.90,0.00,0.00,0.0,BULLISH,847.0,4414.14,4414.88,4414.14,4414.81,16,ACTIVE_16s,74.0,67.0,7.0,0.0,9.5,0.0,9.5,PASS_<20%,4414.29,52.0,NO,STANDBY_VEL_LOW,0,0.00,4590.00,72.36,FALSE,OPENING_SHIELD_ACTIVE_16s
2026-09-07 14:52:16.943,1788792736.944,2535,34,268,4414.89,4414.97,8.0,PASS_<=10c,+8.0,UP,+75.0,+287.0,4.2,+4.83,1.15,SLOW,4412.02,4419.30,4410.83,4413.90,0.00,0.00,0.0,BULLISH,847.0,4414.14,4414.89,4414.14,4414.89,16,ACTIVE_16s,75.0,75.0,0.0,0.0,0.0,0.0,0.0,PASS_<20%,4414.29,60.0,NO,STANDBY_VEL_LOW,0,0.00,4590.00,72.36,FALSE,OPENING_SHIELD_ACTIVE_16s
2026-09-07 14:52:17.445,1788792737.445,2536,35,269,4414.89,4414.97,8.0,PASS_<=10c,+0.0,FLAT,+75.0,+287.0,4.2,+6.29,1.50,SLOW,4412.02,4419.30,4410.83,4413.90,0.00,0.00,0.0,BULLISH,847.0,4414.14,4414.89,4414.14,4414.89,17,ACTIVE_17s,75.0,75.0,0.0,0.0,0.0,0.0,0.0,PASS_<20%,4414.29,60.0,NO,STANDBY_VEL_LOW,0,0.00,4590.00,72.36,FALSE,OPENING_SHIELD_ACTIVE_17s
2026-09-07 14:52:17.948,1788792737.948,2537,36,270,4415.08,4415.16,8.0,PASS_<=10c,+19.0,UP,+94.0,+306.0,4.2,+10.49,2.50,SLOW,4412.02,4419.30,4410.83,4413.90,0.00,0.00,0.0,BULLISH,847.0,4414.14,4415.08,4414.14,4415.08,17,ACTIVE_17s,94.0,94.0,0.0,0.0,0.0,0.0,0.0,PASS_<20%,4414.29,79.0,NO,STANDBY_VEL_LOW,0,0.00,4590.00,72.36,FALSE,OPENING_SHIELD_ACTIVE_17s
2026-09-07 14:52:18.449,1788792738.450,2538,37,271,4415.25,4415.33,8.0,PASS_<=10c,+17.0,UP,+111.0,+323.0,4.2,+13.42,3.20,SLOW,4412.02,4419.30,4410.83,4413.90,0.00,0.00,0.0,BULLISH,847.0,4414.14,4415.25,4414.14,4415.25,18,ACTIVE_18s,111.0,111.0,0.0,0.0,0.0,0.0,0.0,PASS_<20%,4414.29,96.0,NO,STANDBY_VEL_LOW,0,0.00,4590.00,72.36,FALSE,OPENING_SHIELD_ACTIVE_18s
2026-09-07 14:52:18.951,1788792738.952,2539,38,272,4415.26,4415.34,8.0,PASS_<=10c,+1.0,UP,+112.0,+324.0,4.2,+13.00,3.10,SLOW,4412.02,4419.30,4410.83,4413.90,0.00,0.00,0.0,BULLISH,847.0,4414.14,4415.26,4414.14,4415.26,18,ACTIVE_18s,112.0,112.0,0.0,0.0,0.0,0.0,0.0,PASS_<20%,4414.29,97.0,NO,STANDBY_VEL_LOW,0,0.00,4590.00,72.36,FALSE,OPENING_SHIELD_ACTIVE_18s
2026-09-07 14:52:19.453,1788792739.453,2540,39,273,4415.18,4415.26,8.0,PASS_<=10c,-8.0,DOWN,+104.0,+316.0,4.2,+10.70,2.55,SLOW,4412.02,4419.30,4410.83,4413.90,0.00,0.00,0.0,BULLISH,847.0,4414.14,4415.26,4414.14,4415.18,19,ACTIVE_19s,112.0,104.0,8.0,0.0,7.1,0.0,7.1,PASS_<20%,4414.29,89.0,NO,STANDBY_VEL_LOW,0,0.00,4590.00,72.36,FALSE,OPENING_SHIELD_ACTIVE_19s
2026-09-07 14:52:19.955,1788792739.956,2541,40,274,4415.22,4415.30,8.0,PASS_<=10c,+4.0,UP,+108.0,+320.0,4.2,+10.49,2.50,SLOW,4412.02,4419.30,4410.83,4413.90,0.00,0.00,0.0,BULLISH,847.0,4414.14,4415.26,4414.14,4415.22,19,ACTIVE_19s,112.0,108.0,4.0,0.0,3.6,0.0,3.6,PASS_<20%,4414.29,93.0,NO,STANDBY_VEL_LOW,0,0.00,4590.00,72.36,FALSE,OPENING_SHIELD_ACTIVE_19s
2026-09-07 14:52:20.456,1788792740.457,2542,41,275,4415.60,4415.68,8.0,PASS_<=10c,+38.0,UP,+146.0,+358.0,4.2,+17.83,4.25,SLOW,4412.02,4419.30,4410.83,4413.90,0.00,0.00,0.0,BULLISH,847.0,4414.14,4415.60,4414.14,4415.60,20,CLEARED_>=20s,146.0,146.0,0.0,0.0,0.0,0.0,0.0,PASS_<20%,4414.29,131.0,YES,STANDBY_VEL_LOW,0,0.00,4590.00,72.36,TRUE,READY_TO_FIRE
2026-09-07 14:52:20.957,1788792740.958,2543,42,276,4415.63,4415.71,8.0,PASS_<=10c,+3.0,UP,+149.0,+361.0,4.2,+17.21,4.10,SLOW,4412.02,4419.30,4410.83,4413.90,0.00,0.00,0.0,BULLISH,847.0,4414.14,4415.63,4414.14,4415.63,20,CLEARED_>=20s,149.0,149.0,0.0,0.0,0.0,0.0,0.0,PASS_<20%,4414.29,134.0,YES,STANDBY_VEL_LOW,0,0.00,4590.00,72.36,TRUE,READY_TO_FIRE
2026-09-07 14:52:21.463,1788792741.463,2544,43,277,4415.51,4415.59,8.0,PASS_<=10c,-12.0,DOWN,+137.0,+349.0,4.2,+13.01,3.10,SLOW,4412.02,4419.30,4410.83,4413.90,0.00,0.00,0.0,BULLISH,847.0,4414.14,4415.63,4414.14,4415.51,21,CLEARED_>=20s,149.0,137.0,12.0,0.0,8.1,0.0,8.1,PASS_<20%,4414.29,122.0,YES,STANDBY_VEL_LOW,0,0.00,4590.00,72.36,TRUE,READY_TO_FIRE
2026-09-07 14:52:21.961,1788792741.961,2545,44,278,4415.53,4415.61,8.0,PASS_<=10c,+2.0,UP,+139.0,+351.0,4.2,+13.85,3.30,SLOW,4412.02,4419.30,4410.83,4413.90,0.00,0.00,0.0,BULLISH,847.0,4414.14,4415.63,4414.14,4415.53,21,CLEARED_>=20s,149.0,139.0,10.0,0.0,6.7,0.0,6.7,PASS_<20%,4414.29,124.0,YES,STANDBY_VEL_LOW,0,0.00,4590.00,72.36,TRUE,READY_TO_FIRE
2026-09-07 14:52:22.462,1788792742.463,2546,45,279,4415.86,4415.94,8.0,PASS_<=10c,+33.0,UP,+172.0,+384.0,4.2,+17.21,4.10,SLOW,4412.02,4419.30,4410.83,4413.90,0.00,0.00,0.0,BULLISH,847.0,4414.14,4415.86,4414.14,4415.86,22,CLEARED_>=20s,172.0,172.0,0.0,0.0,0.0,0.0,0.0,PASS_<20%,4414.29,157.0,YES,STANDBY_VEL_LOW,0,0.00,4590.00,72.36,TRUE,READY_TO_FIRE
2026-09-07 14:52:22.964,1788792742.964,2547,46,280,4415.92,4416.00,8.0,PASS_<=10c,+6.0,UP,+178.0,+390.0,4.2,+15.95,3.80,SLOW,4412.02,4419.30,4410.83,4413.90,0.00,0.00,0.0,BULLISH,847.0,4414.14,4415.94,4414.14,4415.92,22,CLEARED_>=20s,180.0,178.0,2.0,0.0,1.1,0.0,1.1,PASS_<20%,4414.29,163.0,YES,STANDBY_VEL_LOW,0,0.00,4590.00,72.36,TRUE,READY_TO_FIRE
2026-09-07 14:52:23.465,1788792743.466,2548,47,281,4415.77,4415.85,8.0,PASS_<=10c,-15.0,DOWN,+163.0,+375.0,4.2,+10.91,2.60,SLOW,4412.02,4419.30,4410.83,4413.90,0.00,0.00,0.0,BULLISH,847.0,4414.14,4415.94,4414.14,4415.77,23,CLEARED_>=20s,180.0,163.0,17.0,0.0,9.4,0.0,9.4,PASS_<20%,4414.29,148.0,YES,STANDBY_VEL_LOW,0,0.00,4590.00,72.36,TRUE,READY_TO_FIRE
2026-09-07 14:52:23.967,1788792743.967,2549,48,282,4415.83,4415.91,8.0,PASS_<=10c,+6.0,UP,+169.0,+381.0,4.2,+13.43,3.20,SLOW,4412.02,4419.30,4410.83,4413.90,0.00,0.00,0.0,BULLISH,847.0,4414.14,4415.94,4414.14,4415.83,23,CLEARED_>=20s,180.0,169.0,11.0,0.0,6.1,0.0,6.1,PASS_<20%,4414.29,154.0,YES,STANDBY_VEL_LOW,0,0.00,4590.00,72.36,TRUE,READY_TO_FIRE
2026-09-07 14:52:24.470,1788792744.471,2550,49,283,4415.99,4416.07,8.0,PASS_<=10c,+16.0,UP,+185.0,+397.0,4.2,+16.58,3.95,SLOW,4412.02,4419.30,4410.83,4413.90,0.00,0.00,0.0,BULLISH,847.0,4414.14,4415.99,4414.14,4415.99,24,CLEARED_>=20s,185.0,185.0,0.0,0.0,0.0,0.0,0.0,PASS_<20%,4414.29,170.0,YES,STANDBY_VEL_LOW,0,0.00,4590.00,72.36,TRUE,READY_TO_FIRE
2026-09-07 14:52:24.970,1788792744.970,2551,50,284,4415.97,4416.05,8.0,PASS_<=10c,-2.0,DOWN,+183.0,+395.0,4.2,+9.24,2.20,SLOW,4412.02,4419.30,4410.83,4413.90,0.00,0.00,0.0,BULLISH,847.0,4414.14,4415.99,4414.14,4415.97,24,CLEARED_>=20s,185.0,183.0,2.0,0.0,1.1,0.0,1.1,PASS_<20%,4414.29,168.0,YES,STANDBY_VEL_LOW,0,0.00,4590.00,72.36,TRUE,READY_TO_FIRE
2026-09-07 14:52:25.471,1788792745.471,2552,51,285,4415.80,4415.88,8.0,PASS_<=10c,-17.0,DOWN,+166.0,+378.0,4.2,+4.70,1.12,SLOW,4412.02,4419.30,4410.83,4413.90,0.00,0.00,0.0,BULLISH,847.0,4414.14,4415.99,4414.14,4415.80,25,CLEARED_>=20s,185.0,166.0,19.0,0.0,10.3,0.0,10.3,PASS_<20%,4414.29,151.0,YES,STANDBY_VEL_LOW,0,0.00,4590.00,72.36,TRUE,READY_TO_FIRE
2026-09-07 14:52:25.971,1788792745.972,2553,52,286,4415.90,4415.98,8.0,PASS_<=10c,+10.0,UP,+176.0,+388.0,4.2,+8.19,1.95,SLOW,4412.02,4419.30,4410.83,4413.90,0.00,0.00,0.0,BULLISH,847.0,4414.14,4415.99,4414.14,4415.90,25,CLEARED_>=20s,185.0,176.0,9.0,0.0,4.9,0.0,4.9,PASS_<20%,4414.29,161.0,YES,STANDBY_VEL_LOW,0,0.00,4590.00,72.36,TRUE,READY_TO_FIRE
2026-09-07 14:52:26.473,1788792746.473,2554,53,287,4415.93,4416.01,8.0,PASS_<=10c,+3.0,UP,+179.0,+391.0,4.2,+8.82,2.10,SLOW,4412.02,4419.30,4410.83,4413.90,0.00,0.00,0.0,BULLISH,847.0,4414.14,4415.99,4414.14,4415.93,26,CLEARED_>=20s,185.0,179.0,6.0,0.0,3.2,0.0,3.2,PASS_<20%,4414.29,164.0,YES,STANDBY_VEL_LOW,0,0.00,4590.00,72.36,TRUE,READY_TO_FIRE
2026-09-07 14:52:26.974,1788792746.974,2555,54,288,4415.94,4416.02,8.0,PASS_<=10c,+1.0,UP,+180.0,+392.0,4.2,+8.61,2.05,SLOW,4412.02,4419.30,4410.83,4413.90,0.00,0.00,0.0,BULLISH,847.0,4414.14,4415.99,4414.14,4415.94,26,CLEARED_>=20s,185.0,180.0,5.0,0.0,2.7,0.0,2.7,PASS_<20%,4414.29,165.0,YES,STANDBY_VEL_LOW,0,0.00,4590.00,72.36,TRUE,READY_TO_FIRE
2026-09-07 14:52:27.475,1788792747.476,2556,55,289,4415.94,4416.02,8.0,PASS_<=10c,+0.0,FLAT,+180.0,+392.0,4.2,+5.25,1.25,SLOW,4412.02,4419.30,4410.83,4413.90,0.00,0.00,0.0,BULLISH,847.0,4414.14,4415.99,4414.14,4415.94,27,CLEARED_>=20s,185.0,180.0,5.0,0.0,2.7,0.0,2.7,PASS_<20%,4414.29,165.0,YES,STANDBY_VEL_LOW,0,0.00,4590.00,72.36,TRUE,READY_TO_FIRE
2026-09-07 14:52:27.977,1788792747.977,2557,56,290,4415.95,4416.03,8.0,PASS_<=10c,+1.0,UP,+181.0,+393.0,4.2,+5.29,1.26,SLOW,4412.02,4419.30,4410.83,4413.90,0.00,0.00,0.0,BULLISH,847.0,4414.14,4415.99,4414.14,4415.95,27,CLEARED_>=20s,185.0,181.0,4.0,0.0,2.2,0.0,2.2,PASS_<20%,4414.29,166.0,YES,STANDBY_VEL_LOW,0,0.00,4590.00,72.36,TRUE,READY_TO_FIRE
2026-09-07 14:52:28.479,1788792748.479,2558,57,291,4415.94,4416.02,8.0,PASS_<=10c,-1.0,DOWN,+180.0,+392.0,4.2,+5.25,1.25,SLOW,4412.02,4419.30,4410.83,4413.90,0.00,0.00,0.0,BULLISH,847.0,4414.14,4415.99,4414.14,4415.94,28,CLEARED_>=20s,185.0,180.0,5.0,0.0,2.7,0.0,2.7,PASS_<20%,4414.29,165.0,YES,STANDBY_VEL_LOW,0,0.00,4590.00,72.36,TRUE,READY_TO_FIRE
2026-09-07 14:52:28.979,1788792748.980,2559,58,292,4415.94,4416.02,8.0,PASS_<=10c,+0.0,FLAT,+180.0,+392.0,4.2,+5.25,1.25,SLOW,4412.02,4419.30,4410.83,4413.90,0.00,0.00,0.0,BULLISH,847.0,4414.14,4415.99,4414.14,4415.94,28,CLEARED_>=20s,185.0,180.0,5.0,0.0,2.7,0.0,2.7,PASS_<20%,4414.29,165.0,YES,STANDBY_VEL_LOW,0,0.00,4590.00,72.36,TRUE,READY_TO_FIRE
2026-09-07 14:52:29.481,1788792749.482,2560,59,293,4415.94,4416.02,8.0,PASS_<=10c,+0.0,FLAT,+180.0,+392.0,4.2,+5.25,1.25,SLOW,4412.02,4419.30,4410.83,4413.90,0.00,0.00,0.0,BULLISH,847.0,4414.14,4415.99,4414.14,4415.94,29,CLEARED_>=20s,185.0,180.0,5.0,0.0,2.7,0.0,2.7,PASS_<20%,4414.29,165.0,YES,STANDBY_VEL_LOW,0,0.00,4590.00,72.36,TRUE,READY_TO_FIRE
2026-09-07 14:52:29.982,1788792749.983,2561,60,294,4415.94,4416.02,8.0,PASS_<=10c,+0.0,FLAT,+180.0,+392.0,4.2,+5.25,1.25,SLOW,4412.02,4419.30,4410.83,4413.90,0.00,0.00,0.0,BULLISH,847.0,4414.14,4415.99,4414.14,4415.94,29,CLEARED_>=20s,185.0,180.0,5.0,0.0,2.7,0.0,2.7,PASS_<20%,4414.29,165.0,YES,STANDBY_VEL_LOW,0,0.00,4590.00,72.36,TRUE,READY_TO_FIRE
2026-09-07 14:52:30.483,1788792750.484,2562,61,295,4415.92,4416.00,8.0,PASS_<=10c,-2.0,DOWN,+178.0,+390.0,4.2,+5.20,1.24,SLOW,4412.02,4419.30,4410.83,4413.90,0.00,0.00,0.0,BULLISH,847.0,4414.14,4415.99,4414.14,4415.92,30,CLEARED_>=20s,185.0,178.0,7.0,0.0,3.8,0.0,3.8,PASS_<20%,4414.29,163.0,YES,STANDBY_VEL_LOW,0,0.00,4590.00,72.36,TRUE,READY_TO_FIRE
2026-09-07 14:52:30.986,1788792750.986,2563,62,296,4415.90,4415.98,8.0,PASS_<=10c,-2.0,DOWN,+176.0,+388.0,4.2,+5.15,1.23,SLOW,4412.02,4419.30,4410.83,4413.90,0.00,0.00,0.0,BULLISH,847.0,4414.14,4415.99,4414.14,4415.90,30,CLEARED_>=20s,185.0,176.0,9.0,0.0,4.9,0.0,4.9,PASS_<20%,4414.29,161.0,YES,STANDBY_VEL_LOW,0,0.00,4590.00,72.36,TRUE,READY_TO_FIRE
2026-09-07 14:52:31.488,1788792751.488,2564,63,297,4415.91,4415.99,8.0,PASS_<=10c,+1.0,UP,+177.0,+389.0,4.2,+5.25,1.25,SLOW,4412.02,4419.30,4410.83,4413.90,0.00,0.00,0.0,BULLISH,847.0,4414.14,4415.99,4414.14,4415.91,31,CLEARED_>=20s,185.0,177.0,8.0,0.0,4.3,0.0,4.3,PASS_<20%,4414.29,162.0,YES,STANDBY_VEL_LOW,0,0.00,4590.00,72.36,TRUE,READY_TO_FIRE
2026-09-07 14:52:31.990,1788792751.991,2565,64,298,4415.87,4415.95,8.0,PASS_<=10c,-4.0,DOWN,+173.0,+385.0,4.2,+5.17,1.23,SLOW,4412.02,4419.30,4410.83,4413.90,0.00,0.00,0.0,BULLISH,847.0,4414.14,4415.99,4414.14,4415.87,31,CLEARED_>=20s,185.0,173.0,12.0,0.0,6.5,0.0,6.5,PASS_<20%,4414.29,158.0,YES,STANDBY_VEL_LOW,0,0.00,4590.00,72.36,TRUE,READY_TO_FIRE
2026-09-07 14:52:32.493,1788792752.493,2566,65,299,4415.86,4415.94,8.0,PASS_<=10c,-1.0,DOWN,+172.0,+384.0,4.2,+4.95,1.18,SLOW,4412.02,4419.30,4410.83,4413.90,0.00,0.00,0.0,BULLISH,847.0,4414.14,4415.99,4414.14,4415.86,32,CLEARED_>=20s,185.0,172.0,13.0,0.0,7.0,0.0,7.0,PASS_<20%,4414.29,157.0,YES,STANDBY_VEL_LOW,0,0.00,4590.00,72.36,TRUE,READY_TO_FIRE
2026-09-07 14:52:32.995,1788792752.996,2567,66,300,4415.86,4415.94,8.0,PASS_<=10c,+0.0,FLAT,+172.0,+384.0,4.2,+4.54,1.08,SLOW,4412.02,4419.30,4410.83,4413.90,0.00,0.00,0.0,BULLISH,847.0,4414.14,4415.99,4414.14,4415.86,32,CLEARED_>=20s,185.0,172.0,13.0,0.0,7.0,0.0,7.0,PASS_<20%,4414.29,157.0,YES,STANDBY_VEL_LOW,0,0.00,4590.00,72.36,TRUE,READY_TO_FIRE
2026-09-07 14:52:33.497,1788792753.497,2568,67,301,4415.80,4415.88,8.0,PASS_<=10c,-6.0,DOWN,+166.0,+378.0,4.2,+4.55,1.08,SLOW,4412.02,4419.30,4410.83,4413.90,0.00,0.00,0.0,BULLISH,847.0,4414.14,4415.99,4414.14,4415.80,33,CLEARED_>=20s,185.0,166.0,19.0,0.0,10.3,0.0,10.3,PASS_<20%,4414.29,151.0,YES,STANDBY_VEL_LOW,0,0.00,4590.00,72.36,TRUE,READY_TO_FIRE
2026-09-07 14:52:33.999,1788792753.999,2569,68,302,4415.77,4415.85,8.0,PASS_<=10c,-3.0,DOWN,+163.0,+375.0,4.2,+4.52,1.08,SLOW,4412.02,4419.30,4410.83,4413.90,0.00,0.00,0.0,BULLISH,847.0,4414.14,4415.99,4414.14,4415.77,33,CLEARED_>=20s,185.0,163.0,22.0,0.0,11.9,0.0,11.9,PASS_<20%,4414.29,148.0,YES,STANDBY_VEL_LOW,0,0.00,4590.00,72.36,TRUE,READY_TO_FIRE
2026-09-07 14:52:34.500,1788792754.500,2570,69,303,4415.48,4415.56,8.0,PASS_<=10c,-29.0,DOWN,+134.0,+346.0,4.2,+9.65,2.30,SLOW,4412.02,4419.30,4410.83,4413.90,0.00,0.00,0.0,BULLISH,847.0,4414.14,4415.99,4414.14,4415.48,34,CLEARED_>=20s,185.0,134.0,51.0,0.0,27.6,0.0,27.6,BLOCKED_27.6%,4414.29,119.0,NO,STANDBY_VEL_LOW,0,0.00,4590.00,72.36,FALSE,OPP_WICK_TOO_HIGH_0.28
2026-09-07 14:52:35.002,1788792755.003,2571,70,304,4415.46,4415.54,8.0,PASS_<=10c,-2.0,DOWN,+132.0,+344.0,4.2,+9.44,2.25,SLOW,4412.02,4419.30,4410.83,4413.90,0.00,0.00,0.0,BULLISH,847.0,4414.14,4415.99,4414.14,4415.46,35,CLEARED_>=20s,185.0,132.0,53.0,0.0,28.6,0.0,28.6,BLOCKED_28.6%,4414.29,117.0,NO,STANDBY_VEL_LOW,0,0.00,4590.00,72.36,FALSE,OPP_WICK_TOO_HIGH_0.29
2026-09-07 14:52:35.503,1788792755.504,2572,71,305,4415.46,4415.54,8.0,PASS_<=10c,+0.0,FLAT,+132.0,+344.0,4.2,+9.23,2.20,SLOW,4412.02,4419.30,4410.83,4413.90,0.00,0.00,0.0,BULLISH,847.0,4414.14,4415.99,4414.14,4415.46,35,CLEARED_>=20s,185.0,132.0,53.0,0.0,28.6,0.0,28.6,BLOCKED_28.6%,4414.29,117.0,NO,STANDBY_VEL_LOW,0,0.00,4590.00,72.36,FALSE,OPP_WICK_TOO_HIGH_0.29
2026-09-07 14:52:36.005,1788792756.006,2573,72,306,4415.28,4415.36,8.0,PASS_<=10c,-18.0,DOWN,+114.0,+326.0,4.2,+13.00,3.10,SLOW,4412.02,4419.30,4410.83,4413.90,0.00,0.00,0.0,BULLISH,847.0,4414.14,4415.99,4414.14,4415.28,36,CLEARED_>=20s,185.0,114.0,71.0,0.0,38.4,0.0,38.4,BLOCKED_38.4%,4414.29,99.0,NO,STANDBY_VEL_LOW,0,0.00,4590.00,72.36,FALSE,OPP_WICK_TOO_HIGH_0.38
2026-09-07 14:52:36.508,1788792756.509,2574,73,307,4415.25,4415.33,8.0,PASS_<=10c,-3.0,DOWN,+111.0,+323.0,4.2,+12.79,3.05,SLOW,4412.02,4419.30,4410.83,4413.90,0.00,0.00,0.0,BULLISH,847.0,4414.14,4415.99,4414.14,4415.25,36,CLEARED_>=20s,185.0,111.0,74.0,0.0,40.0,0.0,40.0,BLOCKED_40.0%,4414.29,96.0,NO,STANDBY_VEL_LOW,0,0.00,4590.00,72.36,FALSE,OPP_WICK_TOO_HIGH_0.40
2026-09-07 14:52:37.010,1788792757.011,2575,74,308,4415.25,4415.33,8.0,PASS_<=10c,+0.0,FLAT,+111.0,+323.0,4.2,+13.00,3.10,SLOW,4412.02,4419.30,4410.83,4413.90,0.00,0.00,0.0,BULLISH,847.0,4414.14,4415.99,4414.14,4415.25,37,CLEARED_>=20s,185.0,111.0,74.0,0.0,40.0,0.0,40.0,BLOCKED_40.0%,4414.29,96.0,NO,STANDBY_VEL_LOW,0,0.00,4590.00,72.36,FALSE,OPP_WICK_TOO_HIGH_0.40
2026-09-07 14:52:37.513,1788792757.513,2576,75,309,4415.23,4415.31,8.0,PASS_<=10c,-2.0,DOWN,+109.0,+321.0,4.2,+13.21,3.15,SLOW,4412.02,4419.30,4410.83,4413.90,0.00,0.00,0.0,BULLISH,847.0,4414.14,4415.99,4414.14,4415.23,37,CLEARED_>=20s,185.0,109.0,76.0,0.0,41.1,0.0,41.1,BLOCKED_41.1%,4414.29,94.0,NO,STANDBY_VEL_LOW,0,0.00,4590.00,72.36,FALSE,OPP_WICK_TOO_HIGH_0.41
2026-09-07 14:52:38.013,1788792758.014,2577,76,310,4415.34,4415.42,8.0,PASS_<=10c,+11.0,UP,+120.0,+332.0,4.2,+10.91,2.60,SLOW,4412.02,4419.30,4410.83,4413.90,0.00,0.00,0.0,BULLISH,847.0,4414.14,4415.99,4414.14,4415.34,38,CLEARED_>=20s,185.0,120.0,65.0,0.0,35.1,0.0,35.1,BLOCKED_35.1%,4414.29,105.0,NO,STANDBY_VEL_LOW,0,0.00,4590.00,72.36,FALSE,OPP_WICK_TOO_HIGH_0.35
2026-09-07 14:52:38.515,1788792758.516,2578,77,311,4415.26,4415.34,8.0,PASS_<=10c,-8.0,DOWN,+112.0,+324.0,4.2,+10.70,2.55,SLOW,4412.02,4419.30,4410.83,4413.90,0.00,0.00,0.0,BULLISH,847.0,4414.14,4415.99,4414.14,4415.26,38,CLEARED_>=20s,185.0,112.0,73.0,0.0,39.5,0.0,39.5,BLOCKED_39.5%,4414.29,97.0,NO,STANDBY_VEL_LOW,0,0.00,4590.00,72.36,FALSE,OPP_WICK_TOO_HIGH_0.39
2026-09-07 14:52:39.017,1788792759.017,2579,78,312,4415.24,4415.32,8.0,PASS_<=10c,-2.0,DOWN,+110.0,+322.0,4.2,+5.24,1.25,SLOW,4412.02,4419.30,4410.83,4413.90,0.00,0.00,0.0,BULLISH,847.0,4414.14,4415.99,4414.14,4415.24,39,CLEARED_>=20s,185.0,110.0,75.0,0.0,40.5,0.0,40.5,BLOCKED_40.5%,4414.29,95.0,NO,STANDBY_VEL_LOW,0,0.00,4590.00,72.36,FALSE,OPP_WICK_TOO_HIGH_0.41
2026-09-07 14:52:39.518,1788792759.519,2580,79,313,4415.23,4415.31,8.0,PASS_<=10c,-1.0,DOWN,+109.0,+321.0,4.2,+4.83,1.15,SLOW,4412.02,4419.30,4410.83,4413.90,0.00,0.00,0.0,BULLISH,847.0,4414.14,4415.99,4414.14,4415.23,39,CLEARED_>=20s,185.0,109.0,76.0,0.0,41.1,0.0,41.1,BLOCKED_41.1%,4414.29,94.0,NO,STANDBY_VEL_LOW,0,0.00,4590.00,72.36,FALSE,OPP_WICK_TOO_HIGH_0.41
2026-09-07 14:52:40.020,1788792760.021,2581,80,314,4415.23,4415.31,8.0,PASS_<=10c,+0.0,FLAT,+109.0,+321.0,4.2,+4.82,1.15,SLOW,4412.02,4419.30,4410.83,4413.90,0.00,0.00,0.0,BULLISH,847.0,4414.14,4415.99,4414.14,4415.23,40,CLEARED_>=20s,185.0,109.0,76.0,0.0,41.1,0.0,41.1,BLOCKED_41.1%,4414.29,94.0,NO,STANDBY_VEL_LOW,0,0.00,4590.00,72.36,FALSE,OPP_WICK_TOO_HIGH_0.41
2026-09-07 14:52:40.522,1788792760.523,2582,81,315,4415.23,4415.31,8.0,PASS_<=10c,+0.0,FLAT,+109.0,+321.0,4.2,+4.82,1.15,SLOW,4412.02,4419.30,4410.83,4413.90,0.00,0.00,0.0,BULLISH,847.0,4414.14,4415.99,4414.14,4415.23,40,CLEARED_>=20s,185.0,109.0,76.0,0.0,41.1,0.0,41.1,BLOCKED_41.1%,4414.29,94.0,NO,STANDBY_VEL_LOW,0,0.00,4590.00,72.36,FALSE,OPP_WICK_TOO_HIGH_0.41
2026-09-07 14:52:41.023,1788792761.024,2583,82,316,4415.23,4415.31,8.0,PASS_<=10c,+0.0,FLAT,+109.0,+321.0,4.2,+2.74,0.65,SLOW,4412.02,4419.30,4410.83,4413.90,0.00,0.00,0.0,BULLISH,847.0,4414.14,4415.99,4414.14,4415.23,41,CLEARED_>=20s,185.0,109.0,76.0,0.0,41.1,0.0,41.1,BLOCKED_41.1%,4414.29,94.0,NO,STANDBY_VEL_LOW,0,0.00,4590.00,72.36,FALSE,OPP_WICK_TOO_HIGH_0.41
2026-09-07 14:52:41.525,1788792761.525,2584,83,317,4415.23,4415.31,8.0,PASS_<=10c,+0.0,FLAT,+109.0,+321.0,4.2,+2.74,0.65,SLOW,4412.02,4419.30,4410.83,4413.90,0.00,0.00,0.0,BULLISH,847.0,4414.14,4415.99,4414.14,4415.23,41,CLEARED_>=20s,185.0,109.0,76.0,0.0,41.1,0.0,41.1,BLOCKED_41.1%,4414.29,94.0,NO,STANDBY_VEL_LOW,0,0.00,4590.00,72.36,FALSE,OPP_WICK_TOO_HIGH_0.41
2026-09-07 14:52:42.026,1788792762.026,2585,84,318,4415.29,4415.37,8.0,PASS_<=10c,+6.0,UP,+115.0,+327.0,4.2,+2.39,0.57,SLOW,4412.02,4419.30,4410.83,4413.90,0.00,0.00,0.0,BULLISH,847.0,4414.14,4415.99,4414.14,4415.29,42,CLEARED_>=20s,185.0,115.0,70.0,0.0,37.8,0.0,37.8,BLOCKED_37.8%,4414.29,100.0,NO,STANDBY_VEL_LOW,0,0.00,4590.00,72.36,FALSE,OPP_WICK_TOO_HIGH_0.38
2026-09-07 14:52:42.528,1788792762.528,2586,85,319,4415.29,4415.37,8.0,PASS_<=10c,+0.0,FLAT,+115.0,+327.0,4.2,+2.29,0.55,SLOW,4412.02,4419.30,4410.83,4413.90,0.00,0.00,0.0,BULLISH,847.0,4414.14,4415.99,4414.14,4415.29,42,CLEARED_>=20s,185.0,115.0,70.0,0.0,37.8,0.0,37.8,BLOCKED_37.8%,4414.29,100.0,NO,STANDBY_VEL_LOW,0,0.00,4590.00,72.36,FALSE,OPP_WICK_TOO_HIGH_0.38
2026-09-07 14:52:43.029,1788792763.029,2587,86,320,4415.50,4415.58,8.0,PASS_<=10c,+21.0,UP,+136.0,+348.0,4.2,+4.62,1.10,SLOW,4412.02,4419.30,4410.83,4413.90,0.00,0.00,0.0,BULLISH,847.0,4414.14,4415.99,4414.14,4415.50,43,CLEARED_>=20s,185.0,136.0,49.0,0.0,26.5,0.0,26.5,BLOCKED_26.5%,4414.29,121.0,NO,STANDBY_VEL_LOW,0,0.00,4590.00,72.36,FALSE,OPP_WICK_TOO_HIGH_0.26
2026-09-07 14:52:43.531,1788792763.531,2588,87,321,4415.47,4415.55,8.0,PASS_<=10c,-3.0,DOWN,+133.0,+345.0,4.2,+4.62,1.10,SLOW,4412.02,4419.30,4410.83,4413.90,0.00,0.00,0.0,BULLISH,847.0,4414.14,4415.99,4414.14,4415.47,43,CLEARED_>=20s,185.0,133.0,52.0,0.0,28.1,0.0,28.1,BLOCKED_28.1%,4414.29,118.0,NO,STANDBY_VEL_LOW,0,0.00,4590.00,72.36,FALSE,OPP_WICK_TOO_HIGH_0.28
2026-09-07 14:52:44.032,1788792764.032,2589,88,322,4415.29,4415.37,8.0,PASS_<=10c,-18.0,DOWN,+115.0,+327.0,4.2,+2.07,0.49,SLOW,4412.02,4419.30,4410.83,4413.90,0.00,0.00,0.0,BULLISH,847.0,4414.14,4415.99,4414.14,4415.29,44,CLEARED_>=20s,185.0,115.0,70.0,0.0,37.8,0.0,37.8,BLOCKED_37.8%,4414.29,100.0,NO,STANDBY_VEL_LOW,0,0.00,4590.00,72.36,FALSE,OPP_WICK_TOO_HIGH_0.38
2026-09-07 14:52:44.533,1788792764.533,2590,89,323,4415.28,4415.36,8.0,PASS_<=10c,-1.0,DOWN,+114.0,+326.0,4.2,+2.25,0.54,SLOW,4412.02,4419.30,4410.83,4413.90,0.00,0.00,0.0,BULLISH,847.0,4414.14,4415.99,4414.14,4415.28,44,CLEARED_>=20s,185.0,114.0,71.0,0.0,38.4,0.0,38.4,BLOCKED_38.4%,4414.29,99.0,NO,STANDBY_VEL_LOW,0,0.00,4590.00,72.36,FALSE,OPP_WICK_TOO_HIGH_0.38
2026-09-07 14:52:45.036,1788792765.036,2591,90,324,4415.28,4415.36,8.0,PASS_<=10c,+0.0,FLAT,+114.0,+326.0,4.2,+2.35,0.56,SLOW,4412.02,4419.30,4410.83,4413.90,0.00,0.00,0.0,BULLISH,847.0,4414.14,4415.99,4414.14,4415.28,45,CLEARED_>=20s,185.0,114.0,71.0,0.0,38.4,0.0,38.4,BLOCKED_38.4%,4414.29,99.0,NO,STANDBY_VEL_LOW,0,0.00,4590.00,72.36,FALSE,OPP_WICK_TOO_HIGH_0.38
2026-09-07 14:52:45.537,1788792765.537,2592,91,325,4415.31,4415.39,8.0,PASS_<=10c,+3.0,UP,+117.0,+329.0,4.2,+2.40,0.57,SLOW,4412.02,4419.30,4410.83,4413.90,0.00,0.00,0.0,BULLISH,847.0,4414.14,4415.99,4414.14,4415.31,45,CLEARED_>=20s,185.0,117.0,68.0,0.0,36.8,0.0,36.8,BLOCKED_36.8%,4414.29,102.0,NO,STANDBY_VEL_LOW,0,0.00,4590.00,72.36,FALSE,OPP_WICK_TOO_HIGH_0.37
2026-09-07 14:52:46.039,1788792766.040,2593,92,326,4415.31,4415.39,8.0,PASS_<=10c,+0.0,FLAT,+117.0,+329.0,4.2,+2.45,0.58,SLOW,4412.02,4419.30,4410.83,4413.90,0.00,0.00,0.0,BULLISH,847.0,4414.14,4415.99,4414.14,4415.31,46,CLEARED_>=20s,185.0,117.0,68.0,0.0,36.8,0.0,36.8,BLOCKED_36.8%,4414.29,102.0,NO,STANDBY_VEL_LOW,0,0.00,4590.00,72.36,FALSE,OPP_WICK_TOO_HIGH_0.37
2026-09-07 14:52:46.541,1788792766.542,2594,93,327,4415.32,4415.40,8.0,PASS_<=10c,+1.0,UP,+118.0,+330.0,4.2,+2.45,0.58,SLOW,4412.02,4419.30,4410.83,4413.90,0.00,0.00,0.0,BULLISH,847.0,4414.14,4415.99,4414.14,4415.32,46,CLEARED_>=20s,185.0,118.0,67.0,0.0,36.2,0.0,36.2,BLOCKED_36.2%,4414.29,103.0,NO,STANDBY_VEL_LOW,0,0.00,4590.00,72.36,FALSE,OPP_WICK_TOO_HIGH_0.36
2026-09-07 14:52:47.042,1788792767.042,2595,94,328,4415.33,4415.41,8.0,PASS_<=10c,+1.0,UP,+119.0,+331.0,4.2,+2.49,0.59,SLOW,4412.02,4419.30,4410.83,4413.90,0.00,0.00,0.0,BULLISH,847.0,4414.14,4415.99,4414.14,4415.33,47,CLEARED_>=20s,185.0,119.0,66.0,0.0,35.7,0.0,35.7,BLOCKED_35.7%,4414.29,104.0,NO,STANDBY_VEL_LOW,0,0.00,4590.00,72.36,FALSE,OPP_WICK_TOO_HIGH_0.36
2026-09-07 14:52:47.544,1788792767.544,2596,95,329,4415.34,4415.42,8.0,PASS_<=10c,+1.0,UP,+120.0,+332.0,4.2,+2.73,0.65,SLOW,4412.02,4419.30,4410.83,4413.90,0.00,0.00,0.0,BULLISH,847.0,4414.14,4415.99,4414.14,4415.34,47,CLEARED_>=20s,185.0,120.0,65.0,0.0,35.1,0.0,35.1,BLOCKED_35.1%,4414.29,105.0,NO,STANDBY_VEL_LOW,0,0.00,4590.00,72.36,FALSE,OPP_WICK_TOO_HIGH_0.35
2026-09-07 14:52:48.046,1788792768.046,2597,96,330,4415.34,4415.42,8.0,PASS_<=10c,+0.0,FLAT,+120.0,+332.0,4.2,+3.15,0.75,SLOW,4412.02,4419.30,4410.83,4413.90,0.00,0.00,0.0,BULLISH,847.0,4414.14,4415.99,4414.14,4415.34,48,CLEARED_>=20s,185.0,120.0,65.0,0.0,35.1,0.0,35.1,BLOCKED_35.1%,4414.29,105.0,NO,STANDBY_VEL_LOW,0,0.00,4590.00,72.36,FALSE,OPP_WICK_TOO_HIGH_0.35
2026-09-07 14:52:48.547,1788792768.548,2598,97,331,4415.34,4415.42,8.0,PASS_<=10c,+0.0,FLAT,+120.0,+332.0,4.2,+2.95,0.70,SLOW,4412.02,4419.30,4410.83,4413.90,0.00,0.00,0.0,BULLISH,847.0,4414.14,4415.99,4414.14,4415.34,48,CLEARED_>=20s,185.0,120.0,65.0,0.0,35.1,0.0,35.1,BLOCKED_35.1%,4414.29,105.0,NO,STANDBY_VEL_LOW,0,0.00,4590.00,72.36,FALSE,OPP_WICK_TOO_HIGH_0.35
2026-09-07 14:52:49.048,1788792769.049,2599,98,332,4415.38,4415.46,8.0,PASS_<=10c,+4.0,UP,+124.0,+336.0,4.2,+3.10,0.74,SLOW,4412.02,4419.30,4410.83,4413.90,0.00,0.00,0.0,BULLISH,847.0,4414.14,4415.99,4414.14,4415.38,49,CLEARED_>=20s,185.0,124.0,61.0,0.0,33.0,0.0,33.0,BLOCKED_33.0%,4414.29,109.0,NO,STANDBY_VEL_LOW,0,0.00,4590.00,72.36,FALSE,OPP_WICK_TOO_HIGH_0.33
2026-09-07 14:52:49.551,1788792769.551,2600,99,333,4415.16,4415.24,8.0,PASS_<=10c,-22.0,DOWN,+102.0,+314.0,4.2,+2.85,0.68,SLOW,4412.02,4419.30,4410.83,4413.90,0.00,0.00,0.0,BULLISH,847.0,4414.14,4415.99,4414.14,4415.16,49,CLEARED_>=20s,185.0,102.0,83.0,0.0,44.9,0.0,44.9,BLOCKED_44.9%,4414.29,87.0,NO,STANDBY_VEL_LOW,0,0.00,4590.00,72.36,FALSE,OPP_WICK_TOO_HIGH_0.45
2026-09-07 14:52:50.053,1788792770.053,2601,100,334,4415.06,4415.14,8.0,PASS_<=10c,-10.0,DOWN,+92.0,+304.0,4.2,+4.62,1.10,SLOW,4412.02,4419.30,4410.83,4413.90,0.00,0.00,0.0,BULLISH,847.0,4414.14,4415.99,4414.14,4415.06,50,CLEARED_>=20s,185.0,92.0,93.0,0.0,50.3,0.0,50.3,BLOCKED_50.3%,4414.29,77.0,NO,STANDBY_VEL_LOW,0,0.00,4590.00,72.36,FALSE,OPP_WICK_TOO_HIGH_0.50
2026-09-07 14:52:50.554,1788792770.555,2602,101,335,4414.94,4415.02,8.0,PASS_<=10c,-12.0,DOWN,+80.0,+292.0,4.2,+7.13,1.70,SLOW,4412.02,4419.30,4410.83,4413.90,0.00,0.00,0.0,BULLISH,847.0,4414.14,4415.99,4414.14,4414.94,50,CLEARED_>=20s,185.0,80.0,105.0,0.0,56.8,0.0,56.8,BLOCKED_56.8%,4414.29,65.0,NO,STANDBY_VEL_LOW,0,0.00,4590.00,72.36,FALSE,OPP_WICK_TOO_HIGH_0.57
2026-09-07 14:52:51.056,1788792771.057,2603,102,336,4414.94,4415.02,8.0,PASS_<=10c,+0.0,FLAT,+80.0,+292.0,4.2,+7.97,1.90,SLOW,4412.02,4419.30,4410.83,4413.90,0.00,0.00,0.0,BULLISH,847.0,4414.14,4415.99,4414.14,4414.94,51,CLEARED_>=20s,185.0,80.0,105.0,0.0,56.8,0.0,56.8,BLOCKED_56.8%,4414.29,65.0,NO,STANDBY_VEL_LOW,0,0.00,4590.00,72.36,FALSE,OPP_WICK_TOO_HIGH_0.57
2026-09-07 14:52:51.558,1788792771.558,2604,103,337,4414.92,4415.00,8.0,PASS_<=10c,-2.0,DOWN,+78.0,+290.0,4.2,+8.60,2.05,SLOW,4412.02,4419.30,4410.83,4413.90,0.00,0.00,0.0,BULLISH,847.0,4414.14,4415.99,4414.14,4414.92,51,CLEARED_>=20s,185.0,78.0,107.0,0.0,57.8,0.0,57.8,BLOCKED_57.8%,4414.29,63.0,NO,STANDBY_VEL_LOW,0,0.00,4590.00,72.36,FALSE,OPP_WICK_TOO_HIGH_0.58
2026-09-07 14:52:52.059,1788792772.060,2605,104,338,4415.13,4415.21,8.0,PASS_<=10c,+21.0,UP,+99.0,+311.0,4.2,+4.20,1.00,SLOW,4412.02,4419.30,4410.83,4413.90,0.00,0.00,0.0,BULLISH,847.0,4414.14,4415.99,4414.14,4415.13,52,CLEARED_>=20s,185.0,99.0,86.0,0.0,46.5,0.0,46.5,BLOCKED_46.5%,4414.29,84.0,NO,STANDBY_VEL_LOW,0,0.00,4590.00,72.36,FALSE,OPP_WICK_TOO_HIGH_0.46
2026-09-07 14:52:52.561,1788792772.561,2606,105,339,4415.21,4415.29,8.0,PASS_<=10c,+8.0,UP,+107.0,+319.0,4.2,+2.87,0.68,SLOW,4412.02,4419.30,4410.83,4413.90,0.00,0.00,0.0,BULLISH,847.0,4414.14,4415.99,4414.14,4415.21,52,CLEARED_>=20s,185.0,107.0,78.0,0.0,42.2,0.0,42.2,BLOCKED_42.2%,4414.29,92.0,NO,STANDBY_VEL_LOW,0,0.00,4590.00,72.36,FALSE,OPP_WICK_TOO_HIGH_0.42
2026-09-07 14:52:53.062,1788792773.063,2607,106,340,4415.34,4415.42,8.0,PASS_<=10c,+13.0,UP,+120.0,+332.0,4.2,+3.02,0.72,SLOW,4412.02,4419.30,4410.83,4413.90,0.00,0.00,0.0,BULLISH,847.0,4414.14,4415.99,4414.14,4415.34,53,CLEARED_>=20s,185.0,120.0,65.0,0.0,35.1,0.0,35.1,BLOCKED_35.1%,4414.29,105.0,NO,STANDBY_VEL_LOW,0,0.00,4590.00,72.36,FALSE,OPP_WICK_TOO_HIGH_0.35
2026-09-07 14:52:53.563,1788792773.564,2608,107,341,4415.39,4415.47,8.0,PASS_<=10c,+5.0,UP,+125.0,+337.0,4.2,+3.14,0.75,SLOW,4412.02,4419.30,4410.83,4413.90,0.00,0.00,0.0,BULLISH,847.0,4414.14,4415.99,4414.14,4415.39,53,CLEARED_>=20s,185.0,125.0,60.0,0.0,32.4,0.0,32.4,BLOCKED_32.4%,4414.29,110.0,NO,STANDBY_VEL_LOW,0,0.00,4590.00,72.36,FALSE,OPP_WICK_TOO_HIGH_0.32
2026-09-07 14:52:54.065,1788792774.066,2609,108,342,4415.41,4415.49,8.0,PASS_<=10c,+2.0,UP,+127.0,+339.0,4.2,+5.46,1.30,SLOW,4412.02,4419.30,4410.83,4413.90,0.00,0.00,0.0,BULLISH,847.0,4414.14,4415.99,4414.14,4415.41,54,CLEARED_>=20s,185.0,127.0,58.0,0.0,31.4,0.0,31.4,BLOCKED_31.4%,4414.29,112.0,NO,STANDBY_VEL_LOW,0,0.00,4590.00,72.36,FALSE,OPP_WICK_TOO_HIGH_0.31
2026-09-07 14:52:54.567,1788792774.567,2610,109,343,4415.41,4415.49,8.0,PASS_<=10c,+0.0,FLAT,+127.0,+339.0,4.2,+5.46,1.30,SLOW,4412.02,4419.30,4410.83,4413.90,0.00,0.00,0.0,BULLISH,847.0,4414.14,4415.99,4414.14,4415.41,54,CLEARED_>=20s,185.0,127.0,58.0,0.0,31.4,0.0,31.4,BLOCKED_31.4%,4414.29,112.0,NO,STANDBY_VEL_LOW,0,0.00,4590.00,72.36,FALSE,OPP_WICK_TOO_HIGH_0.31
2026-09-07 14:52:55.069,1788792775.069,2611,110,344,4415.48,4415.56,8.0,PASS_<=10c,+7.0,UP,+134.0,+346.0,4.2,+10.49,2.50,SLOW,4412.02,4419.30,4410.83,4413.90,0.00,0.00,0.0,BULLISH,847.0,4414.14,4415.99,4414.14,4415.48,55,CLEARED_>=20s,185.0,134.0,51.0,0.0,27.6,0.0,27.6,BLOCKED_27.6%,4414.29,119.0,NO,STANDBY_VEL_LOW,0,0.00,4590.00,72.36,FALSE,OPP_WICK_TOO_HIGH_0.28
2026-09-07 14:52:55.570,1788792775.571,2612,111,345,4415.53,4415.61,8.0,PASS_<=10c,+5.0,UP,+139.0,+351.0,4.2,+12.38,2.95,SLOW,4412.02,4419.30,4410.83,4413.90,0.00,0.00,0.0,BULLISH,847.0,4414.14,4415.99,4414.14,4415.53,55,CLEARED_>=20s,185.0,139.0,46.0,0.0,24.9,0.0,24.9,BLOCKED_24.9%,4414.29,124.0,NO,STANDBY_VEL_LOW,0,0.00,4590.00,72.36,FALSE,OPP_WICK_TOO_HIGH_0.25
2026-09-07 14:52:56.072,1788792776.073,2613,112,346,4415.56,4415.64,8.0,PASS_<=10c,+3.0,UP,+142.0,+354.0,4.2,+13.01,3.10,SLOW,4412.02,4419.30,4410.83,4413.90,0.00,0.00,0.0,BULLISH,847.0,4414.14,4415.99,4414.14,4415.56,56,CLEARED_>=20s,185.0,142.0,43.0,0.0,23.2,0.0,23.2,BLOCKED_23.2%,4414.29,127.0,NO,STANDBY_VEL_LOW,0,0.00,4590.00,72.36,FALSE,OPP_WICK_TOO_HIGH_0.23
2026-09-07 14:52:56.573,1788792776.574,2614,113,347,4415.57,4415.65,8.0,PASS_<=10c,+1.0,UP,+143.0,+355.0,4.2,+10.28,2.45,SLOW,4412.02,4419.30,4410.83,4413.90,0.00,0.00,0.0,BULLISH,847.0,4414.14,4415.99,4414.14,4415.57,56,CLEARED_>=20s,185.0,143.0,42.0,0.0,22.7,0.0,22.7,BLOCKED_22.7%,4414.29,128.0,NO,STANDBY_VEL_LOW,0,0.00,4590.00,72.36,FALSE,OPP_WICK_TOO_HIGH_0.23
2026-09-07 14:52:57.074,1788792777.075,2615,114,348,4415.55,4415.63,8.0,PASS_<=10c,-2.0,DOWN,+141.0,+353.0,4.2,+8.82,2.10,SLOW,4412.02,4419.30,4410.83,4413.90,0.00,0.00,0.0,BULLISH,847.0,4414.14,4415.99,4414.14,4415.55,57,CLEARED_>=20s,185.0,141.0,44.0,0.0,23.8,0.0,23.8,BLOCKED_23.8%,4414.29,126.0,NO,STANDBY_VEL_LOW,0,0.00,4590.00,72.36,FALSE,OPP_WICK_TOO_HIGH_0.24
2026-09-07 14:52:57.577,1788792777.577,2616,115,349,4415.52,4415.60,8.0,PASS_<=10c,-3.0,DOWN,+138.0,+350.0,4.2,+5.67,1.35,SLOW,4412.02,4419.30,4410.83,4413.90,0.00,0.00,0.0,BULLISH,847.0,4414.14,4415.99,4414.14,4415.52,57,CLEARED_>=20s,185.0,138.0,47.0,0.0,25.4,0.0,25.4,BLOCKED_25.4%,4414.29,123.0,NO,STANDBY_VEL_LOW,0,0.00,4590.00,72.36,FALSE,OPP_WICK_TOO_HIGH_0.25
2026-09-07 14:52:58.078,1788792778.078,2617,116,350,4415.64,4415.72,8.0,PASS_<=10c,+12.0,UP,+150.0,+362.0,4.2,+6.30,1.50,SLOW,4412.02,4419.30,4410.83,4413.90,0.00,0.00,0.0,BULLISH,847.0,4414.14,4415.99,4414.14,4415.64,58,CLEARED_>=20s,185.0,150.0,35.0,0.0,18.9,0.0,18.9,PASS_<20%,4414.29,135.0,YES,STANDBY_VEL_LOW,0,0.00,4590.00,72.36,TRUE,READY_TO_FIRE
2026-09-07 14:52:58.580,1788792778.580,2618,117,351,4415.63,4415.71,8.0,PASS_<=10c,-1.0,DOWN,+149.0,+361.0,4.2,+5.46,1.30,SLOW,4412.02,4419.30,4410.83,4413.90,0.00,0.00,0.0,BULLISH,847.0,4414.14,4415.99,4414.14,4415.63,58,CLEARED_>=20s,185.0,149.0,36.0,0.0,19.5,0.0,19.5,PASS_<20%,4414.29,134.0,YES,STANDBY_VEL_LOW,0,0.00,4590.00,72.36,TRUE,READY_TO_FIRE
2026-09-07 14:52:59.082,1788792779.082,2619,118,352,4415.53,4415.61,8.0,PASS_<=10c,-10.0,DOWN,+139.0,+351.0,4.2,+2.52,0.60,SLOW,4412.02,4419.30,4410.83,4413.90,0.00,0.00,0.0,BULLISH,847.0,4414.14,4415.99,4414.14,4415.53,59,CLEARED_>=20s,185.0,139.0,46.0,0.0,24.9,0.0,24.9,BLOCKED_24.9%,4414.29,124.0,NO,STANDBY_VEL_LOW,0,0.00,4590.00,72.36,FALSE,OPP_WICK_TOO_HIGH_0.25
2026-09-07 14:52:59.583,1788792779.583,2620,119,353,4415.48,4415.56,8.0,PASS_<=10c,-5.0,DOWN,+134.0,+346.0,4.2,+2.30,0.55,SLOW,4412.02,4419.30,4410.83,4413.90,0.00,0.00,0.0,BULLISH,847.0,4414.14,4415.99,4414.14,4415.48,59,CLEARED_>=20s,185.0,134.0,51.0,0.0,27.6,0.0,27.6,BLOCKED_27.6%,4414.29,119.0,NO,STANDBY_VEL_LOW,0,0.00,4590.00,72.36,FALSE,OPP_WICK_TOO_HIGH_0.28
2026-09-07 14:53:00.085,1788792780.086,2621,1,354,4415.51,4415.59,8.0,PASS_<=10c,+3.0,UP,+0.0,+349.0,4.2,+2.29,0.55,SLOW,4412.02,4419.30,4410.83,4413.90,0.00,0.00,0.0,BULLISH,847.0,4415.51,4415.51,4415.51,4415.51,0,ACTIVE_0s,1.0,0.0,0.0,0.0,0.0,0.0,0.0,PASS_<20%,0.00,0.0,NO,STANDBY_VEL_LOW,0,0.00,4590.00,72.36,FALSE,M1_DIRECTION_MISMATCH|OPENING_SHIELD_ACTIVE_0s
2026-09-07 14:53:00.588,1788792780.588,2622,2,355,4415.49,4415.57,8.0,PASS_<=10c,-2.0,DOWN,-2.0,+347.0,4.2,+2.18,0.52,SLOW,4412.02,4419.30,4410.83,4413.90,0.00,0.00,0.0,BULLISH,847.0,4415.51,4415.51,4415.49,4415.49,0,ACTIVE_0s,2.0,2.0,0.0,0.0,0.0,0.0,0.0,PASS_<20%,0.00,0.0,NO,STANDBY_VEL_LOW,0,0.00,4590.00,72.36,FALSE,M1_DIRECTION_MISMATCH|OPENING_SHIELD_ACTIVE_0s
2026-09-07 14:53:01.090,1788792781.090,2623,3,356,4415.49,4415.57,8.0,PASS_<=10c,+0.0,FLAT,-2.0,+347.0,4.2,+2.19,0.52,SLOW,4412.02,4419.30,4410.83,4413.90,0.00,0.00,0.0,BULLISH,847.0,4415.51,4415.51,4415.48,4415.49,1,ACTIVE_1s,3.0,2.0,0.0,1.0,0.0,33.3,0.0,PASS_<20%,0.00,0.0,NO,STANDBY_VEL_LOW,0,0.00,4590.00,72.36,FALSE,M1_DIRECTION_MISMATCH|OPENING_SHIELD_ACTIVE_1s
2026-09-07 14:53:01.591,1788792781.592,2624,4,357,4415.49,4415.57,8.0,PASS_<=10c,+0.0,FLAT,-2.0,+347.0,4.2,+2.18,0.52,SLOW,4412.02,4419.30,4410.83,4413.90,0.00,0.00,0.0,BULLISH,847.0,4415.51,4415.51,4415.48,4415.49,1,ACTIVE_1s,3.0,2.0,0.0,1.0,0.0,33.3,0.0,PASS_<20%,0.00,0.0,NO,STANDBY_VEL_LOW,0,0.00,4590.00,72.36,FALSE,M1_DIRECTION_MISMATCH|OPENING_SHIELD_ACTIVE_1s
2026-09-07 14:53:02.093,1788792782.094,2625,5,358,4415.50,4415.58,8.0,PASS_<=10c,+1.0,UP,-1.0,+348.0,4.2,+2.18,0.52,SLOW,4412.02,4419.30,4410.83,4413.90,0.00,0.00,0.0,BULLISH,847.0,4415.51,4415.51,4415.48,4415.50,2,ACTIVE_2s,3.0,1.0,0.0,2.0,0.0,66.7,0.0,PASS_<20%,0.00,0.0,NO,STANDBY_VEL_LOW,0,0.00,4590.00,72.36,FALSE,M1_DIRECTION_MISMATCH|OPENING_SHIELD_ACTIVE_2s
2026-09-07 14:53:02.595,1788792782.596,2626,6,359,4415.46,4415.54,8.0,PASS_<=10c,-4.0,DOWN,-5.0,+344.0,4.2,+5.45,1.30,SLOW,4412.02,4419.30,4410.83,4413.90,0.00,0.00,0.0,BULLISH,847.0,4415.51,4415.51,4415.46,4415.46,2,ACTIVE_2s,5.0,5.0,0.0,0.0,0.0,0.0,0.0,PASS_<20%,0.00,0.0,NO,STANDBY_VEL_LOW,0,0.00,4590.00,72.36,FALSE,M1_DIRECTION_MISMATCH|OPENING_SHIELD_ACTIVE_2s
2026-09-07 14:53:03.098,1788792783.098,2627,7,360,4415.13,4415.21,8.0,PASS_<=10c,-33.0,DOWN,-38.0,+311.0,4.2,+10.49,2.50,SLOW,4412.02,4419.30,4410.83,4413.90,0.00,0.00,0.0,BULLISH,847.0,4415.51,4415.51,4415.13,4415.13,3,ACTIVE_3s,38.0,38.0,0.0,0.0,0.0,0.0,0.0,PASS_<20%,0.00,0.0,NO,STANDBY_VEL_LOW,0,0.00,4590.00,72.36,FALSE,M1_DIRECTION_MISMATCH|OPENING_SHIELD_ACTIVE_3s
2026-09-07 14:53:03.599,1788792783.600,2628,8,361,4415.08,4415.16,8.0,PASS_<=10c,-5.0,DOWN,-43.0,+306.0,4.2,+10.69,2.55,SLOW,4412.02,4419.30,4410.83,4413.90,0.00,0.00,0.0,BULLISH,847.0,4415.51,4415.51,4415.08,4415.08,3,ACTIVE_3s,43.0,43.0,0.0,0.0,0.0,0.0,0.0,PASS_<20%,0.00,0.0,NO,STANDBY_VEL_LOW,0,0.00,4590.00,72.36,FALSE,M1_DIRECTION_MISMATCH|OPENING_SHIELD_ACTIVE_3s
2026-09-07 14:53:04.101,1788792784.101,2629,9,362,4415.04,4415.12,8.0,PASS_<=10c,-4.0,DOWN,-47.0,+302.0,4.2,+10.28,2.45,SLOW,4412.02,4419.30,4410.83,4413.90,0.00,0.00,0.0,BULLISH,847.0,4415.51,4415.51,4415.04,4415.04,4,ACTIVE_4s,47.0,47.0,0.0,0.0,0.0,0.0,0.0,PASS_<20%,0.00,0.0,NO,STANDBY_VEL_LOW,0,0.00,4590.00,72.36,FALSE,M1_DIRECTION_MISMATCH|OPENING_SHIELD_ACTIVE_4s
2026-09-07 14:53:04.601,1788792784.602,2630,10,363,4415.03,4415.11,8.0,PASS_<=10c,-1.0,DOWN,-48.0,+301.0,4.2,+9.65,2.30,SLOW,4412.02,4419.30,4410.83,4413.90,0.00,0.00,0.0,BULLISH,847.0,4415.51,4415.51,4415.03,4415.03,4,ACTIVE_4s,48.0,48.0,0.0,0.0,0.0,0.0,0.0,PASS_<20%,0.00,0.0,NO,STANDBY_VEL_LOW,0,0.00,4590.00,72.36,FALSE,M1_DIRECTION_MISMATCH|OPENING_SHIELD_ACTIVE_4s
2026-09-07 14:53:05.103,1788792785.104,2631,11,364,4415.03,4415.11,8.0,PASS_<=10c,+0.0,FLAT,-48.0,+301.0,4.2,+10.07,2.40,SLOW,4412.02,4419.30,4410.83,4413.90,0.00,0.00,0.0,BULLISH,847.0,4415.51,4415.51,4415.03,4415.03,5,ACTIVE_5s,48.0,48.0,0.0,0.0,0.0,0.0,0.0,PASS_<20%,0.00,0.0,NO,STANDBY_VEL_LOW,0,0.00,4590.00,72.36,FALSE,M1_DIRECTION_MISMATCH|OPENING_SHIELD_ACTIVE_5s
2026-09-07 14:53:05.605,1788792785.605,2632,12,365,4415.03,4415.11,8.0,PASS_<=10c,+0.0,FLAT,-48.0,+301.0,4.2,+9.44,2.25,SLOW,4412.02,4419.30,4410.83,4413.90,0.00,0.00,0.0,BULLISH,847.0,4415.51,4415.51,4415.03,4415.03,5,ACTIVE_5s,48.0,48.0,0.0,0.0,0.0,0.0,0.0,PASS_<20%,0.00,0.0,NO,STANDBY_VEL_LOW,0,0.00,4590.00,72.36,FALSE,M1_DIRECTION_MISMATCH|OPENING_SHIELD_ACTIVE_5s
2026-09-07 14:53:06.106,1788792786.106,2633,13,366,4414.85,4414.93,8.0,PASS_<=10c,-18.0,DOWN,-66.0,+283.0,4.2,+13.43,3.20,SLOW,4412.02,4419.30,4410.83,4413.90,0.00,0.00,0.0,BULLISH,847.0,4415.51,4415.51,4414.85,4414.85,6,ACTIVE_6s,66.0,66.0,0.0,0.0,0.0,0.0,0.0,PASS_<20%,0.00,0.0,NO,STANDBY_VEL_LOW,0,0.00,4590.00,72.36,FALSE,M1_DIRECTION_MISMATCH|OPENING_SHIELD_ACTIVE_6s
2026-09-07 14:53:06.609,1788792786.610,2634,14,367,4414.81,4414.89,8.0,PASS_<=10c,-4.0,DOWN,-70.0,+279.0,4.2,+14.27,3.40,SLOW,4412.02,4419.30,4410.83,4413.90,0.00,0.00,0.0,BULLISH,847.0,4415.51,4415.51,4414.81,4414.81,6,ACTIVE_6s,70.0,70.0,0.0,0.0,0.0,0.0,0.0,PASS_<20%,0.00,0.0,NO,STANDBY_VEL_LOW,0,0.00,4590.00,72.36,FALSE,M1_DIRECTION_MISMATCH|OPENING_SHIELD_ACTIVE_6s
2026-09-07 14:53:07.110,1788792787.110,2635,15,368,4414.94,4415.02,8.0,PASS_<=10c,+13.0,UP,-57.0,+292.0,4.2,+11.75,2.80,SLOW,4412.02,4419.30,4410.83,4413.90,0.00,0.00,0.0,BULLISH,847.0,4415.51,4415.51,4414.81,4414.94,7,ACTIVE_7s,70.0,57.0,0.0,13.0,0.0,18.6,0.0,PASS_<20%,0.00,0.0,NO,STANDBY_VEL_LOW,0,0.00,4590.00,72.36,FALSE,M1_DIRECTION_MISMATCH|OPENING_SHIELD_ACTIVE_7s
2026-09-07 14:53:07.611,1788792787.611,2636,16,369,4414.97,4415.05,8.0,PASS_<=10c,+3.0,UP,-54.0,+295.0,4.2,+10.29,2.45,SLOW,4412.02,4419.30,4410.83,4413.90,0.00,0.00,0.0,BULLISH,847.0,4415.51,4415.51,4414.81,4414.97,7,ACTIVE_7s,70.0,54.0,0.0,16.0,0.0,22.9,0.0,PASS_<20%,0.00,0.0,NO,STANDBY_VEL_LOW,0,0.00,4590.00,72.36,FALSE,M1_DIRECTION_MISMATCH|OPENING_SHIELD_ACTIVE_7s
2026-09-07 14:53:08.112,1788792788.113,2637,17,370,4414.98,4415.06,8.0,PASS_<=10c,+1.0,UP,-53.0,+296.0,4.2,+2.31,0.55,SLOW,4412.02,4419.30,4410.83,4413.90,0.00,0.00,0.0,BULLISH,847.0,4415.51,4415.51,4414.81,4414.98,8,ACTIVE_8s,70.0,53.0,0.0,17.0,0.0,24.3,0.0,PASS_<20%,0.00,0.0,NO,STANDBY_VEL_LOW,0,0.00,4590.00,72.36,FALSE,M1_DIRECTION_MISMATCH|OPENING_SHIELD_ACTIVE_8s
2026-09-07 14:53:08.615,1788792788.615,2638,18,371,4414.98,4415.06,8.0,PASS_<=10c,+0.0,FLAT,-53.0,+296.0,4.2,+1.47,0.35,SLOW,4412.02,4419.30,4410.83,4413.90,0.00,0.00,0.0,BULLISH,847.0,4415.51,4415.51,4414.81,4414.98,8,ACTIVE_8s,70.0,53.0,0.0,17.0,0.0,24.3,0.0,PASS_<20%,0.00,0.0,NO,STANDBY_VEL_LOW,0,0.00,4590.00,72.36,FALSE,M1_DIRECTION_MISMATCH|OPENING_SHIELD_ACTIVE_8s
2026-09-07 14:53:09.117,1788792789.117,2639,19,372,4414.99,4415.07,8.0,PASS_<=10c,+1.0,UP,-52.0,+297.0,4.2,+1.05,0.25,SLOW,4412.02,4419.30,4410.83,4413.90,0.00,0.00,0.0,BULLISH,847.0,4415.51,4415.51,4414.81,4414.99,9,ACTIVE_9s,70.0,52.0,0.0,18.0,0.0,25.7,0.0,PASS_<20%,0.00,0.0,NO,STANDBY_VEL_LOW,0,0.00,4590.00,72.36,FALSE,M1_DIRECTION_MISMATCH|OPENING_SHIELD_ACTIVE_9s
2026-09-07 14:53:09.619,1788792789.620,2640,20,373,4415.01,4415.09,8.0,PASS_<=10c,+2.0,UP,-50.0,+299.0,4.2,+0.42,0.10,SLOW,4412.02,4419.30,4410.83,4413.90,0.00,0.00,0.0,BULLISH,847.0,4415.51,4415.51,4414.81,4415.01,9,ACTIVE_9s,70.0,50.0,0.0,20.0,0.0,28.6,0.0,PASS_<20%,0.00,0.0,NO,STANDBY_VEL_LOW,0,0.00,4590.00,72.36,FALSE,M1_DIRECTION_MISMATCH|OPENING_SHIELD_ACTIVE_9s
2026-09-07 14:53:10.121,1788792790.121,2641,21,374,4415.02,4415.10,8.0,PASS_<=10c,+1.0,UP,-49.0,+300.0,4.2,+0.23,0.05,SLOW,4412.02,4419.30,4410.83,4413.90,0.00,0.00,0.0,BULLISH,847.0,4415.51,4415.51,4414.81,4415.02,10,ACTIVE_10s,70.0,49.0,0.0,21.0,0.0,30.0,0.0,PASS_<20%,0.00,0.0,NO,STANDBY_VEL_LOW,0,0.00,4590.00,72.36,FALSE,M1_DIRECTION_MISMATCH|OPENING_SHIELD_ACTIVE_10s
2026-09-07 14:53:10.623,1788792790.623,2642,22,375,4415.05,4415.13,8.0,PASS_<=10c,+3.0,UP,-46.0,+303.0,4.2,+3.15,0.75,SLOW,4412.02,4419.30,4410.83,4413.90,0.00,0.00,0.0,BULLISH,847.0,4415.51,4415.51,4414.81,4415.05,10,ACTIVE_10s,70.0,46.0,0.0,24.0,0.0,34.3,0.0,PASS_<20%,0.00,0.0,NO,STANDBY_VEL_LOW,0,0.00,4590.00,72.36,FALSE,M1_DIRECTION_MISMATCH|OPENING_SHIELD_ACTIVE_10s
2026-09-07 14:53:11.125,1788792791.125,2643,23,376,4415.20,4415.28,8.0,PASS_<=10c,+15.0,UP,-31.0,+318.0,4.2,+8.18,1.95,SLOW,4412.02,4419.30,4410.83,4413.90,0.00,0.00,0.0,BULLISH,847.0,4415.51,4415.51,4414.81,4415.20,11,ACTIVE_11s,70.0,31.0,0.0,39.0,0.0,55.7,0.0,PASS_<20%,0.00,0.0,NO,STANDBY_VEL_LOW,0,0.00,4590.00,72.36,FALSE,M1_DIRECTION_MISMATCH|OPENING_SHIELD_ACTIVE_11s
2026-09-07 14:53:11.626,1788792791.627,2644,24,377,4415.38,4415.46,8.0,PASS_<=10c,+18.0,UP,-13.0,+336.0,4.2,+9.44,2.25,SLOW,4412.02,4419.30,4410.83,4413.90,0.00,0.00,0.0,BULLISH,847.0,4415.51,4415.51,4414.81,4415.38,11,ACTIVE_11s,70.0,13.0,0.0,57.0,0.0,81.4,0.0,PASS_<20%,0.00,0.0,NO,STANDBY_VEL_LOW,0,0.00,4590.00,72.36,FALSE,M1_DIRECTION_MISMATCH|OPENING_SHIELD_ACTIVE_11s
2026-09-07 14:53:12.128,1788792792.128,2645,25,378,4415.31,4415.39,8.0,PASS_<=10c,-7.0,DOWN,-20.0,+329.0,4.2,+7.55,1.80,SLOW,4412.02,4419.30,4410.83,4413.90,0.00,0.00,0.0,BULLISH,847.0,4415.51,4415.51,4414.81,4415.31,12,ACTIVE_12s,70.0,20.0,0.0,50.0,0.0,71.4,0.0,PASS_<20%,0.00,0.0,NO,STANDBY_VEL_LOW,0,0.00,4590.00,72.36,FALSE,M1_DIRECTION_MISMATCH|OPENING_SHIELD_ACTIVE_12s
2026-09-07 14:53:12.630,1788792792.630,2646,26,379,4415.16,4415.24,8.0,PASS_<=10c,-15.0,DOWN,-35.0,+314.0,4.2,+3.77,0.90,SLOW,4412.02,4419.30,4410.83,4413.90,0.00,0.00,0.0,BULLISH,847.0,4415.51,4415.51,4414.81,4415.16,12,ACTIVE_12s,70.0,35.0,0.0,35.0,0.0,50.0,0.0,PASS_<20%,0.00,0.0,NO,STANDBY_VEL_LOW,0,0.00,4590.00,72.36,FALSE,M1_DIRECTION_MISMATCH|OPENING_SHIELD_ACTIVE_12s
2026-09-07 14:53:13.131,1788792793.132,2647,27,380,4415.08,4415.16,8.0,PASS_<=10c,-8.0,DOWN,-43.0,+306.0,4.2,+2.10,0.50,SLOW,4412.02,4419.30,4410.83,4413.90,0.00,0.00,0.0,BULLISH,847.0,4415.51,4415.51,4414.81,4415.08,13,ACTIVE_13s,70.0,43.0,0.0,27.0,0.0,38.6,0.0,PASS_<20%,0.00,0.0,NO,STANDBY_VEL_LOW,0,0.00,4590.00,72.36,FALSE,M1_DIRECTION_MISMATCH|OPENING_SHIELD_ACTIVE_13s
2026-09-07 14:53:13.633,1788792793.633,2648,28,381,4415.01,4415.09,8.0,PASS_<=10c,-7.0,DOWN,-50.0,+299.0,4.2,+0.67,0.16,SLOW,4412.02,4419.30,4410.83,4413.90,0.00,0.00,0.0,BULLISH,847.0,4415.51,4415.51,4414.81,4415.01,13,ACTIVE_13s,70.0,50.0,0.0,20.0,0.0,28.6,0.0,PASS_<20%,0.00,0.0,NO,STANDBY_VEL_LOW,0,0.00,4590.00,72.36,FALSE,M1_DIRECTION_MISMATCH|OPENING_SHIELD_ACTIVE_13s
2026-09-07 14:53:14.135,1788792794.135,2649,29,382,4415.00,4415.08,8.0,PASS_<=10c,-1.0,DOWN,-51.0,+298.0,4.2,+0.60,0.14,SLOW,4412.02,4419.30,4410.83,4413.90,0.00,0.00,0.0,BULLISH,847.0,4415.51,4415.51,4414.81,4415.00,14,ACTIVE_14s,70.0,51.0,0.0,19.0,0.0,27.1,0.0,PASS_<20%,0.00,0.0,NO,STANDBY_VEL_LOW,0,0.00,4590.00,72.36,FALSE,M1_DIRECTION_MISMATCH|OPENING_SHIELD_ACTIVE_14s
2026-09-07 14:53:14.636,1788792794.637,2650,30,383,4414.98,4415.06,8.0,PASS_<=10c,-2.0,DOWN,-53.0,+296.0,4.2,+0.84,0.20,SLOW,4412.02,4419.30,4410.83,4413.90,0.00,0.00,0.0,BULLISH,847.0,4415.51,4415.51,4414.81,4414.98,14,ACTIVE_14s,70.0,53.0,0.0,17.0,0.0,24.3,0.0,PASS_<20%,0.00,0.0,NO,STANDBY_VEL_LOW,0,0.00,4590.00,72.36,FALSE,M1_DIRECTION_MISMATCH|OPENING_SHIELD_ACTIVE_14s
2026-09-07 14:53:15.138,1788792795.138,2651,31,384,4414.96,4415.04,8.0,PASS_<=10c,-2.0,DOWN,-55.0,+294.0,4.2,+1.26,0.30,SLOW,4412.02,4419.30,4410.83,4413.90,0.00,0.00,0.0,BULLISH,847.0,4415.51,4415.51,4414.81,4414.96,15,ACTIVE_15s,70.0,55.0,0.0,15.0,0.0,21.4,0.0,PASS_<20%,0.00,0.0,NO,STANDBY_VEL_LOW,0,0.00,4590.00,72.36,FALSE,M1_DIRECTION_MISMATCH|OPENING_SHIELD_ACTIVE_15s
2026-09-07 14:53:15.640,1788792795.640,2652,32,385,4414.97,4415.05,8.0,PASS_<=10c,+1.0,UP,-54.0,+295.0,4.2,+3.99,0.95,SLOW,4412.02,4419.30,4410.83,4413.90,0.00,0.00,0.0,BULLISH,847.0,4415.51,4415.51,4414.81,4414.97,15,ACTIVE_15s,70.0,54.0,0.0,16.0,0.0,22.9,0.0,PASS_<20%,0.00,0.0,NO,STANDBY_VEL_LOW,0,0.00,4590.00,72.36,FALSE,M1_DIRECTION_MISMATCH|OPENING_SHIELD_ACTIVE_15s
2026-09-07 14:53:16.142,1788792796.143,2653,33,386,4414.98,4415.06,8.0,PASS_<=10c,+1.0,UP,-53.0,+296.0,4.2,+4.83,1.15,SLOW,4412.02,4419.30,4410.83,4413.90,0.00,0.00,0.0,BULLISH,847.0,4415.51,4415.51,4414.81,4414.98,16,ACTIVE_16s,70.0,53.0,0.0,17.0,0.0,24.3,0.0,PASS_<20%,0.00,0.0,NO,STANDBY_VEL_LOW,0,0.00,4590.00,72.36,FALSE,M1_DIRECTION_MISMATCH|OPENING_SHIELD_ACTIVE_16s
2026-09-07 14:53:16.644,1788792796.644,2654,34,387,4415.03,4415.11,8.0,PASS_<=10c,+5.0,UP,-48.0,+301.0,4.2,+7.55,1.80,SLOW,4412.02,4419.30,4410.83,4413.90,0.00,0.00,0.0,BULLISH,847.0,4415.51,4415.51,4414.81,4415.03,16,ACTIVE_16s,70.0,48.0,0.0,22.0,0.0,31.4,0.0,PASS_<20%,0.00,0.0,NO,STANDBY_VEL_LOW,0,0.00,4590.00,72.36,FALSE,M1_DIRECTION_MISMATCH|OPENING_SHIELD_ACTIVE_16s
2026-09-07 14:53:17.146,1788792797.146,2655,35,388,4415.05,4415.13,8.0,PASS_<=10c,+2.0,UP,-46.0,+303.0,4.2,+5.04,1.20,SLOW,4412.02,4419.30,4410.83,4413.90,0.00,0.00,0.0,BULLISH,847.0,4415.51,4415.51,4414.81,4415.05,17,ACTIVE_17s,70.0,46.0,0.0,24.0,0.0,34.3,0.0,PASS_<20%,0.00,0.0,NO,STANDBY_VEL_LOW,0,0.00,4590.00,72.36,FALSE,M1_DIRECTION_MISMATCH|OPENING_SHIELD_ACTIVE_17s
2026-09-07 14:53:17.647,1788792797.648,2656,36,389,4415.11,4415.19,8.0,PASS_<=10c,+6.0,UP,-40.0,+309.0,4.2,+0.42,0.10,SLOW,4412.02,4419.30,4410.83,4413.90,0.00,0.00,0.0,BULLISH,847.0,4415.51,4415.51,4414.81,4415.11,17,ACTIVE_17s,70.0,40.0,0.0,30.0,0.0,42.9,0.0,PASS_<20%,0.00,0.0,NO,STANDBY_VEL_LOW,0,0.00,4590.00,72.36,FALSE,M1_DIRECTION_MISMATCH|OPENING_SHIELD_ACTIVE_17s
2026-09-07 14:53:18.149,1788792798.150,2657,37,390,4415.19,4415.27,8.0,PASS_<=10c,+8.0,UP,-32.0,+317.0,4.2,+2.31,0.55,SLOW,4412.02,4419.30,4410.83,4413.90,0.00,0.00,0.0,BULLISH,847.0,4415.51,4415.51,4414.81,4415.19,18,ACTIVE_18s,70.0,32.0,0.0,38.0,0.0,54.3,0.0,PASS_<20%,0.00,0.0,NO,STANDBY_VEL_LOW,0,0.00,4590.00,72.36,FALSE,M1_DIRECTION_MISMATCH|OPENING_SHIELD_ACTIVE_18s
2026-09-07 14:53:18.651,1788792798.652,2658,38,391,4415.29,4415.37,8.0,PASS_<=10c,+10.0,UP,-22.0,+327.0,4.2,+5.87,1.40,SLOW,4412.02,4419.30,4410.83,4413.90,0.00,0.00,0.0,BULLISH,847.0,4415.51,4415.51,4414.81,4415.29,18,ACTIVE_18s,70.0,22.0,0.0,48.0,0.0,68.6,0.0,PASS_<20%,0.00,0.0,NO,STANDBY_VEL_LOW,0,0.00,4590.00,72.36,FALSE,M1_DIRECTION_MISMATCH|OPENING_SHIELD_ACTIVE_18s
2026-09-07 14:53:19.153,1788792799.154,2659,39,392,4415.34,4415.42,8.0,PASS_<=10c,+5.0,UP,-17.0,+332.0,4.2,+7.34,1.75,SLOW,4412.02,4419.30,4410.83,4413.90,0.00,0.00,0.0,BULLISH,847.0,4415.51,4415.51,4414.81,4415.34,19,ACTIVE_19s,70.0,17.0,0.0,53.0,0.0,75.7,0.0,PASS_<20%,0.00,0.0,NO,STANDBY_VEL_LOW,0,0.00,4590.00,72.36,FALSE,M1_DIRECTION_MISMATCH|OPENING_SHIELD_ACTIVE_19s
2026-09-07 14:53:19.655,1788792799.655,2660,40,393,4415.33,4415.41,8.0,PASS_<=10c,-1.0,DOWN,-18.0,+331.0,4.2,+7.55,1.80,SLOW,4412.02,4419.30,4410.83,4413.90,0.00,0.00,0.0,BULLISH,847.0,4415.51,4415.51,4414.81,4415.33,19,ACTIVE_19s,70.0,18.0,0.0,52.0,0.0,74.3,0.0,PASS_<20%,0.00,0.0,NO,STANDBY_VEL_LOW,0,0.00,4590.00,72.36,FALSE,M1_DIRECTION_MISMATCH|OPENING_SHIELD_ACTIVE_19s
2026-09-07 14:53:20.157,1788792800.157,2661,41,394,4415.33,4415.41,8.0,PASS_<=10c,+0.0,FLAT,-18.0,+331.0,4.2,+7.13,1.70,SLOW,4412.02,4419.30,4410.83,4413.90,0.00,0.00,0.0,BULLISH,847.0,4415.51,4415.51,4414.81,4415.33,20,CLEARED_>=20s,70.0,18.0,0.0,52.0,0.0,74.3,0.0,PASS_<20%,0.00,0.0,NO,STANDBY_VEL_LOW,0,0.00,4590.00,72.36,FALSE,M1_DIRECTION_MISMATCH
2026-09-07 14:53:20.659,1788792800.659,2662,42,395,4415.33,4415.41,8.0,PASS_<=10c,+0.0,FLAT,-18.0,+331.0,4.2,+7.34,1.75,SLOW,4412.02,4419.30,4410.83,4413.90,0.00,0.00,0.0,BULLISH,847.0,4415.51,4415.51,4414.81,4415.33,20,CLEARED_>=20s,70.0,18.0,0.0,52.0,0.0,74.3,0.0,PASS_<20%,0.00,0.0,NO,STANDBY_VEL_LOW,0,0.00,4590.00,72.36,FALSE,M1_DIRECTION_MISMATCH
2026-09-07 14:53:21.161,1788792801.161,2663,43,396,4415.74,4415.82,8.0,PASS_<=10c,+41.0,UP,+23.0,+372.0,4.2,+13.84,3.30,SLOW,4412.02,4419.30,4410.83,4413.90,0.00,0.00,0.0,BULLISH,847.0,4415.51,4415.74,4414.81,4415.74,21,CLEARED_>=20s,93.0,23.0,0.0,70.0,0.0,75.3,0.0,PASS_<20%,4415.66,8.0,YES,STANDBY_VEL_LOW,0,0.00,4590.00,72.36,TRUE,READY_TO_FIRE
2026-09-07 14:53:21.662,1788792801.663,2664,44,397,4416.11,4416.19,8.0,PASS_<=10c,+37.0,UP,+60.0,+409.0,4.2,+22.23,5.29,SLOW,4412.02,4419.30,4410.83,4413.90,0.00,0.00,0.0,BULLISH,847.0,4415.51,4416.11,4414.81,4416.11,21,CLEARED_>=20s,130.0,60.0,0.0,70.0,0.0,53.8,0.0,PASS_<20%,4415.66,45.0,YES,STANDBY_VEL_LOW,0,0.00,4590.00,72.36,TRUE,READY_TO_FIRE
2026-09-07 14:53:22.165,1788792802.165,2665,45,398,4416.11,4416.19,8.0,PASS_<=10c,+0.0,FLAT,+60.0,+409.0,4.2,+20.97,4.99,SLOW,4412.02,4419.30,4410.83,4413.90,0.00,0.00,0.0,BULLISH,847.0,4415.51,4416.11,4414.81,4416.11,22,CLEARED_>=20s,130.0,60.0,0.0,70.0,0.0,53.8,0.0,PASS_<20%,4415.66,45.0,YES,STANDBY_VEL_LOW,0,0.00,4590.00,72.36,TRUE,READY_TO_FIRE
2026-09-07 14:53:22.667,1788792802.668,2666,46,399,4416.20,4416.28,8.0,PASS_<=10c,+9.0,UP,+69.0,+418.0,4.2,+22.85,5.44,SLOW,4412.02,4419.30,4410.83,4413.90,0.00,0.00,0.0,BULLISH,847.0,4415.51,4416.20,4414.81,4416.20,22,CLEARED_>=20s,139.0,69.0,0.0,70.0,0.0,50.4,0.0,PASS_<20%,4415.66,54.0,YES,STANDBY_VEL_LOW,0,0.00,4590.00,72.36,TRUE,READY_TO_FIRE
2026-09-07 14:53:23.169,1788792803.170,2667,47,400,4416.10,4416.18,8.0,PASS_<=10c,-10.0,DOWN,+59.0,+408.0,4.2,+18.03,4.29,SLOW,4412.02,4419.30,4410.83,4413.90,0.00,0.00,0.0,BULLISH,847.0,4415.51,4416.20,4414.81,4416.10,23,CLEARED_>=20s,139.0,59.0,10.0,70.0,7.2,50.4,7.2,PASS_<20%,4415.66,44.0,YES,STANDBY_VEL_LOW,0,0.00,4590.00,72.36,TRUE,READY_TO_FIRE
2026-09-07 14:53:23.671,1788792803.671,2668,48,401,4416.05,4416.13,8.0,PASS_<=10c,-5.0,DOWN,+54.0,+403.0,4.2,+14.26,3.40,SLOW,4412.02,4419.30,4410.83,4413.90,0.00,0.00,0.0,BULLISH,847.0,4415.51,4416.20,4414.81,4416.05,23,CLEARED_>=20s,139.0,54.0,15.0,70.0,10.8,50.4,10.8,PASS_<20%,4415.66,39.0,YES,STANDBY_VEL_LOW,0,0.00,4590.00,72.36,TRUE,READY_TO_FIRE
2026-09-07 14:53:24.173,1788792804.174,2669,49,402,4416.05,4416.13,8.0,PASS_<=10c,+0.0,FLAT,+54.0,+403.0,4.2,+15.10,3.60,SLOW,4412.02,4419.30,4410.83,4413.90,0.00,0.00,0.0,BULLISH,847.0,4415.51,4416.20,4414.81,4416.05,24,CLEARED_>=20s,139.0,54.0,15.0,70.0,10.8,50.4,10.8,PASS_<20%,4415.66,39.0,YES,STANDBY_VEL_LOW,0,0.00,4590.00,72.36,TRUE,READY_TO_FIRE
2026-09-07 14:53:24.674,1788792804.675,2670,50,403,4416.13,4416.21,8.0,PASS_<=10c,+8.0,UP,+62.0,+411.0,4.2,+16.78,4.00,SLOW,4412.02,4419.30,4410.83,4413.90,0.00,0.00,0.0,BULLISH,847.0,4415.51,4416.20,4414.81,4416.13,24,CLEARED_>=20s,139.0,62.0,7.0,70.0,5.0,50.4,5.0,PASS_<20%,4415.66,47.0,YES,STANDBY_VEL_LOW,0,0.00,4590.00,72.36,TRUE,READY_TO_FIRE
2026-09-07 14:53:25.177,1788792805.177,2671,51,404,4416.23,4416.31,8.0,PASS_<=10c,+10.0,UP,+72.0,+421.0,4.2,+18.87,4.49,SLOW,4412.02,4419.30,4410.83,4413.90,0.00,0.00,0.0,BULLISH,847.0,4415.51,4416.23,4414.81,4416.23,25,CLEARED_>=20s,142.0,72.0,0.0,70.0,0.0,49.3,0.0,PASS_<20%,4415.66,57.0,YES,STANDBY_VEL_LOW,0,0.00,4590.00,72.36,TRUE,READY_TO_FIRE
2026-09-07 14:53:25.679,1788792805.679,2672,52,405,4416.29,4416.37,8.0,PASS_<=10c,+6.0,UP,+78.0,+427.0,4.2,+20.13,4.79,SLOW,4412.02,4419.30,4410.83,4413.90,0.00,0.00,0.0,BULLISH,847.0,4415.51,4416.29,4414.81,4416.29,25,CLEARED_>=20s,148.0,78.0,0.0,70.0,0.0,47.3,0.0,PASS_<20%,4415.66,63.0,YES,STANDBY_VEL_LOW,0,0.00,4590.00,72.36,TRUE,READY_TO_FIRE
2026-09-07 14:53:26.180,1788792806.180,2673,53,406,4416.50,4416.58,8.0,PASS_<=10c,+21.0,UP,+99.0,+448.0,4.2,+10.49,2.50,SLOW,4412.02,4419.30,4410.83,4413.90,0.00,0.00,0.0,BULLISH,847.0,4415.51,4416.50,4414.81,4416.50,26,CLEARED_>=20s,169.0,99.0,0.0,70.0,0.0,41.4,0.0,PASS_<20%,4415.66,84.0,YES,STANDBY_VEL_LOW,0,0.00,4590.00,72.36,TRUE,READY_TO_FIRE
2026-09-07 14:53:26.682,1788792806.683,2674,54,407,4416.59,4416.67,8.0,PASS_<=10c,+9.0,UP,+108.0,+457.0,4.2,+10.07,2.40,SLOW,4412.02,4419.30,4410.83,4413.90,0.00,0.00,0.0,BULLISH,847.0,4415.51,4416.59,4414.81,4416.59,26,CLEARED_>=20s,178.0,108.0,0.0,70.0,0.0,39.3,0.0,PASS_<20%,4415.66,93.0,YES,STANDBY_VEL_LOW,0,0.00,4590.00,72.36,TRUE,READY_TO_FIRE
2026-09-07 14:53:27.183,1788792807.184,2675,55,408,4416.49,4416.57,8.0,PASS_<=10c,-10.0,DOWN,+98.0,+447.0,4.2,+7.97,1.90,SLOW,4412.02,4419.30,4410.83,4413.90,0.00,0.00,0.0,BULLISH,847.0,4415.51,4416.59,4414.81,4416.49,27,CLEARED_>=20s,178.0,98.0,10.0,70.0,5.6,39.3,5.6,PASS_<20%,4415.66,83.0,YES,STANDBY_VEL_LOW,0,0.00,4590.00,72.36,TRUE,READY_TO_FIRE
2026-09-07 14:53:27.685,1788792807.685,2676,56,409,4416.42,4416.50,8.0,PASS_<=10c,-7.0,DOWN,+91.0,+440.0,4.2,+5.45,1.30,SLOW,4412.02,4419.30,4410.83,4413.90,0.00,0.00,0.0,BULLISH,847.0,4415.51,4416.59,4414.81,4416.42,27,CLEARED_>=20s,178.0,91.0,17.0,70.0,9.6,39.3,9.6,PASS_<20%,4415.66,76.0,YES,STANDBY_VEL_LOW,0,0.00,4590.00,72.36,TRUE,READY_TO_FIRE
2026-09-07 14:53:28.187,1788792808.187,2677,57,410,4416.39,4416.47,8.0,PASS_<=10c,-3.0,DOWN,+88.0,+437.0,4.2,+6.08,1.45,SLOW,4412.02,4419.30,4410.83,4413.90,0.00,0.00,0.0,BULLISH,847.0,4415.51,4416.59,4414.81,4416.39,28,CLEARED_>=20s,178.0,88.0,20.0,70.0,11.2,39.3,11.2,PASS_<20%,4415.66,73.0,YES,STANDBY_VEL_LOW,0,0.00,4590.00,72.36,TRUE,READY_TO_FIRE
2026-09-07 14:53:28.688,1788792808.689,2678,58,411,4416.44,4416.52,8.0,PASS_<=10c,+5.0,UP,+93.0,+442.0,4.2,+8.18,1.95,SLOW,4412.02,4419.30,4410.83,4413.90,0.00,0.00,0.0,BULLISH,847.0,4415.51,4416.59,4414.81,4416.44,28,CLEARED_>=20s,178.0,93.0,15.0,70.0,8.4,39.3,8.4,PASS_<20%,4415.66,78.0,YES,STANDBY_VEL_LOW,0,0.00,4590.00,72.36,TRUE,READY_TO_FIRE
2026-09-07 14:53:29.190,1788792809.190,2679,59,412,4416.49,4416.57,8.0,PASS_<=10c,+5.0,UP,+98.0,+447.0,4.2,+10.07,2.40,SLOW,4412.02,4419.30,4410.83,4413.90,0.00,0.00,0.0,BULLISH,847.0,4415.51,4416.59,4414.81,4416.49,29,CLEARED_>=20s,178.0,98.0,10.0,70.0,5.6,39.3,5.6,PASS_<20%,4415.66,83.0,YES,STANDBY_VEL_LOW,0,0.00,4590.00,72.36,TRUE,READY_TO_FIRE
2026-09-07 14:53:29.692,1788792809.693,2680,60,413,4416.47,4416.55,8.0,PASS_<=10c,-2.0,DOWN,+96.0,+445.0,4.2,+5.04,1.20,SLOW,4412.02,4419.30,4410.83,4413.90,0.00,0.00,0.0,BULLISH,847.0,4415.51,4416.59,4414.81,4416.47,29,CLEARED_>=20s,178.0,96.0,12.0,70.0,6.7,39.3,6.7,PASS_<20%,4415.66,81.0,YES,STANDBY_VEL_LOW,0,0.00,4590.00,72.36,TRUE,READY_TO_FIRE
2026-09-07 14:53:30.194,1788792810.194,2681,61,414,4416.45,4416.53,8.0,PASS_<=10c,-2.0,DOWN,+94.0,+443.0,4.2,+3.36,0.80,SLOW,4412.02,4419.30,4410.83,4413.90,0.00,0.00,0.0,BULLISH,847.0,4415.51,4416.59,4414.81,4416.45,30,CLEARED_>=20s,178.0,94.0,14.0,70.0,7.9,39.3,7.9,PASS_<20%,4415.66,79.0,YES,STANDBY_VEL_LOW,0,0.00,4590.00,72.36,TRUE,READY_TO_FIRE
2026-09-07 14:53:30.696,1788792810.696,2682,62,415,4416.45,4416.53,8.0,PASS_<=10c,+0.0,FLAT,+94.0,+443.0,4.2,+3.15,0.75,SLOW,4412.02,4419.30,4410.83,4413.90,0.00,0.00,0.0,BULLISH,847.0,4415.51,4416.59,4414.81,4416.45,30,CLEARED_>=20s,178.0,94.0,14.0,70.0,7.9,39.3,7.9,PASS_<20%,4415.66,79.0,YES,STANDBY_VEL_LOW,0,0.00,4590.00,72.36,TRUE,READY_TO_FIRE
2026-09-07 14:53:31.197,1788792811.198,2683,63,416,4416.34,4416.42,8.0,PASS_<=10c,-11.0,DOWN,+83.0,+432.0,4.2,+5.25,1.25,SLOW,4412.02,4419.30,4410.83,4413.90,0.00,0.00,0.0,BULLISH,847.0,4415.51,4416.59,4414.81,4416.34,31,CLEARED_>=20s,178.0,83.0,25.0,70.0,14.0,39.3,14.0,PASS_<20%,4415.66,68.0,YES,STANDBY_VEL_LOW,0,0.00,4590.00,72.36,TRUE,READY_TO_FIRE
2026-09-07 14:53:31.701,1788792811.701,2684,64,417,4416.38,4416.46,8.0,PASS_<=10c,+4.0,UP,+87.0,+436.0,4.2,+4.41,1.05,SLOW,4412.02,4419.30,4410.83,4413.90,0.00,0.00,0.0,BULLISH,847.0,4415.51,4416.59,4414.81,4416.38,31,CLEARED_>=20s,178.0,87.0,21.0,70.0,11.8,39.3,11.8,PASS_<20%,4415.66,72.0,YES,STANDBY_VEL_LOW,0,0.00,4590.00,72.36,TRUE,READY_TO_FIRE
2026-09-07 14:53:32.201,1788792812.201,2685,65,418,4416.44,4416.52,8.0,PASS_<=10c,+6.0,UP,+93.0,+442.0,4.2,+0.95,0.23,SLOW,4412.02,4419.30,4410.83,4413.90,0.00,0.00,0.0,BULLISH,847.0,4415.51,4416.59,4414.81,4416.44,32,CLEARED_>=20s,178.0,93.0,15.0,70.0,8.4,39.3,8.4,PASS_<20%,4415.66,78.0,YES,STANDBY_VEL_LOW,0,0.00,4590.00,72.36,TRUE,READY_TO_FIRE
2026-09-07 14:53:32.702,1788792812.703,2686,66,419,4416.48,4416.56,8.0,PASS_<=10c,+4.0,UP,+97.0,+446.0,4.2,+2.10,0.50,SLOW,4412.02,4419.30,4410.83,4413.90,0.00,0.00,0.0,BULLISH,847.0,4415.51,4416.59,4414.81,4416.48,32,CLEARED_>=20s,178.0,97.0,11.0,70.0,6.2,39.3,6.2,PASS_<20%,4415.66,82.0,YES,STANDBY_VEL_LOW,0,0.00,4590.00,72.36,TRUE,READY_TO_FIRE
2026-09-07 14:53:33.205,1788792813.206,2687,67,420,4416.54,4416.62,8.0,PASS_<=10c,+6.0,UP,+103.0,+452.0,4.2,+3.15,0.75,SLOW,4412.02,4419.30,4410.83,4413.90,0.00,0.00,0.0,BULLISH,847.0,4415.51,4416.59,4414.81,4416.54,33,CLEARED_>=20s,178.0,103.0,5.0,70.0,2.8,39.3,2.8,PASS_<20%,4415.66,88.0,YES,STANDBY_VEL_LOW,0,0.00,4590.00,72.36,TRUE,READY_TO_FIRE
2026-09-07 14:53:33.705,1788792813.706,2688,68,421,4416.61,4416.69,8.0,PASS_<=10c,+7.0,UP,+110.0,+459.0,4.2,+3.57,0.85,SLOW,4412.02,4419.30,4410.83,4413.90,0.00,0.00,0.0,BULLISH,847.0,4415.51,4416.61,4414.81,4416.61,33,CLEARED_>=20s,180.0,110.0,0.0,70.0,0.0,38.9,0.0,PASS_<20%,4415.66,95.0,YES,STANDBY_VEL_LOW,0,0.00,4590.00,72.36,TRUE,READY_TO_FIRE
2026-09-07 14:53:34.207,1788792814.208,2689,69,422,4416.58,4416.66,8.0,PASS_<=10c,-3.0,DOWN,+107.0,+456.0,4.2,+2.10,0.50,SLOW,4412.02,4419.30,4410.83,4413.90,0.00,0.00,0.0,BULLISH,847.0,4415.51,4416.61,4414.81,4416.58,34,CLEARED_>=20s,180.0,107.0,3.0,70.0,1.7,38.9,1.7,PASS_<20%,4415.66,92.0,YES,STANDBY_VEL_LOW,0,0.00,4590.00,72.36,TRUE,READY_TO_FIRE
2026-09-07 14:53:34.709,1788792814.709,2690,70,423,4416.53,4416.61,8.0,PASS_<=10c,-5.0,DOWN,+102.0,+451.0,4.2,+1.78,0.42,SLOW,4412.02,4419.30,4410.83,4413.90,0.00,0.00,0.0,BULLISH,847.0,4415.51,4416.61,4414.81,4416.53,34,CLEARED_>=20s,180.0,102.0,8.0,70.0,4.4,38.9,4.4,PASS_<20%,4415.66,87.0,YES,STANDBY_VEL_LOW,0,0.00,4590.00,72.36,TRUE,READY_TO_FIRE
2026-09-07 14:53:35.210,1788792815.211,2691,71,424,4416.47,4416.55,8.0,PASS_<=10c,-6.0,DOWN,+96.0,+445.0,4.2,+1.68,0.40,SLOW,4412.02,4419.30,4410.83,4413.90,0.00,0.00,0.0,BULLISH,847.0,4415.51,4416.61,4414.81,4416.47,35,CLEARED_>=20s,180.0,96.0,14.0,70.0,7.8,38.9,7.8,PASS_<20%,4415.66,81.0,YES,STANDBY_VEL_LOW,0,0.00,4590.00,72.36,TRUE,READY_TO_FIRE
2026-09-07 14:53:35.712,1788792815.712,2692,72,425,4416.47,4416.55,8.0,PASS_<=10c,+0.0,FLAT,+96.0,+445.0,4.2,+1.68,0.40,SLOW,4412.02,4419.30,4410.83,4413.90,0.00,0.00,0.0,BULLISH,847.0,4415.51,4416.61,4414.81,4416.47,35,CLEARED_>=20s,180.0,96.0,14.0,70.0,7.8,38.9,7.8,PASS_<20%,4415.66,81.0,YES,STANDBY_VEL_LOW,0,0.00,4590.00,72.36,TRUE,READY_TO_FIRE
2026-09-07 14:53:36.214,1788792816.214,2693,73,426,4416.47,4416.55,8.0,PASS_<=10c,+0.0,FLAT,+96.0,+445.0,4.2,+2.73,0.65,SLOW,4412.02,4419.30,4410.83,4413.90,0.00,0.00,0.0,BULLISH,847.0,4415.51,4416.61,4414.81,4416.47,36,CLEARED_>=20s,180.0,96.0,14.0,70.0,7.8,38.9,7.8,PASS_<20%,4415.66,81.0,YES,STANDBY_VEL_LOW,0,0.00,4590.00,72.36,TRUE,READY_TO_FIRE
2026-09-07 14:53:36.717,1788792816.717,2694,74,427,4416.43,4416.51,8.0,PASS_<=10c,-4.0,DOWN,+92.0,+441.0,4.2,+1.97,0.47,SLOW,4412.02,4419.30,4410.83,4413.90,0.00,0.00,0.0,BULLISH,847.0,4415.51,4416.61,4414.81,4416.43,36,CLEARED_>=20s,180.0,92.0,18.0,70.0,10.0,38.9,10.0,PASS_<20%,4415.66,77.0,YES,STANDBY_VEL_LOW,0,0.00,4590.00,72.36,TRUE,READY_TO_FIRE
2026-09-07 14:53:37.216,1788792817.217,2695,75,428,4416.53,4416.61,8.0,PASS_<=10c,+10.0,UP,+102.0,+451.0,4.2,+2.17,0.52,SLOW,4412.02,4419.30,4410.83,4413.90,0.00,0.00,0.0,BULLISH,847.0,4415.51,4416.61,4414.81,4416.53,37,CLEARED_>=20s,180.0,102.0,8.0,70.0,4.4,38.9,4.4,PASS_<20%,4415.66,87.0,YES,STANDBY_VEL_LOW,0,0.00,4590.00,72.36,TRUE,READY_TO_FIRE
2026-09-07 14:53:37.718,1788792817.718,2696,76,429,4416.54,4416.62,8.0,PASS_<=10c,+1.0,UP,+103.0,+452.0,4.2,+2.03,0.48,SLOW,4412.02,4419.30,4410.83,4413.90,0.00,0.00,0.0,BULLISH,847.0,4415.51,4416.61,4414.81,4416.54,37,CLEARED_>=20s,180.0,103.0,7.0,70.0,3.9,38.9,3.9,PASS_<20%,4415.66,88.0,YES,STANDBY_VEL_LOW,0,0.00,4590.00,72.36,TRUE,READY_TO_FIRE
2026-09-07 14:53:38.220,1788792818.220,2697,77,430,4416.58,4416.66,8.0,PASS_<=10c,+4.0,UP,+107.0,+456.0,4.2,+2.17,0.52,SLOW,4412.02,4419.30,4410.83,4413.90,0.00,0.00,0.0,BULLISH,847.0,4415.51,4416.61,4414.81,4416.58,38,CLEARED_>=20s,180.0,107.0,3.0,70.0,1.7,38.9,1.7,PASS_<20%,4415.66,92.0,YES,STANDBY_VEL_LOW,0,0.00,4590.00,72.36,TRUE,READY_TO_FIRE
2026-09-07 14:53:38.722,1788792818.722,2698,78,431,4416.59,4416.67,8.0,PASS_<=10c,+1.0,UP,+108.0,+457.0,4.2,+2.23,0.53,SLOW,4412.02,4419.30,4410.83,4413.90,0.00,0.00,0.0,BULLISH,847.0,4415.51,4416.61,4414.81,4416.59,38,CLEARED_>=20s,180.0,108.0,2.0,70.0,1.1,38.9,1.1,PASS_<20%,4415.66,93.0,YES,STANDBY_VEL_LOW,0,0.00,4590.00,72.36,TRUE,READY_TO_FIRE
2026-09-07 14:53:39.224,1788792819.224,2699,79,432,4416.67,4416.75,8.0,PASS_<=10c,+8.0,UP,+116.0,+465.0,4.2,+2.39,0.57,SLOW,4412.02,4419.30,4410.83,4413.90,0.00,0.00,0.0,BULLISH,847.0,4415.51,4416.67,4414.81,4416.67,39,CLEARED_>=20s,186.0,116.0,0.0,70.0,0.0,37.6,0.0,PASS_<20%,4415.66,101.0,YES,STANDBY_VEL_LOW,0,0.00,4590.00,72.36,TRUE,READY_TO_FIRE
2026-09-07 14:53:39.728,1788792819.729,2700,80,433,4417.02,4417.10,8.0,PASS_<=10c,+35.0,UP,+151.0,+500.0,4.2,+10.28,2.45,SLOW,4412.02,4419.30,4410.83,4413.90,0.00,0.00,0.0,BULLISH,847.0,4415.51,4417.02,4414.81,4417.02,39,CLEARED_>=20s,221.0,151.0,0.0,70.0,0.0,31.7,0.0,PASS_<20%,4415.66,136.0,YES,STANDBY_VEL_LOW,0,0.00,4590.00,72.36,TRUE,READY_TO_FIRE
2026-09-07 14:53:40.228,1788792820.228,2701,81,434,4417.04,4417.12,8.0,PASS_<=10c,+2.0,UP,+153.0,+502.0,4.2,+11.96,2.85,SLOW,4412.02,4419.30,4410.83,4413.90,0.00,0.00,0.0,BULLISH,847.0,4415.51,4417.04,4414.81,4417.04,40,CLEARED_>=20s,223.0,153.0,0.0,70.0,0.0,31.4,0.0,PASS_<20%,4415.66,138.0,YES,STANDBY_VEL_LOW,0,0.00,4590.00,72.36,TRUE,READY_TO_FIRE
2026-09-07 14:53:40.729,1788792820.730,2702,82,435,4417.12,4417.20,8.0,PASS_<=10c,+8.0,UP,+161.0,+510.0,4.2,+13.64,3.25,SLOW,4412.02,4419.30,4410.83,4413.90,0.00,0.00,0.0,BULLISH,847.0,4415.51,4417.12,4414.81,4417.12,40,CLEARED_>=20s,231.0,161.0,0.0,70.0,0.0,30.3,0.0,PASS_<20%,4415.66,146.0,YES,STANDBY_VEL_LOW,0,0.00,4590.00,72.36,TRUE,READY_TO_FIRE
2026-09-07 14:53:41.231,1788792821.232,2703,83,436,4417.06,4417.14,8.0,PASS_<=10c,-6.0,DOWN,+155.0,+504.0,4.2,+13.01,3.10,SLOW,4412.02,4419.30,4410.83,4413.90,0.00,0.00,0.0,BULLISH,847.0,4415.51,4417.12,4414.81,4417.06,41,CLEARED_>=20s,231.0,155.0,6.0,70.0,2.6,30.3,2.6,PASS_<20%,4415.66,140.0,YES,STANDBY_VEL_LOW,0,0.00,4590.00,72.36,TRUE,READY_TO_FIRE
2026-09-07 14:53:41.734,1788792821.734,2704,84,437,4417.07,4417.15,8.0,PASS_<=10c,+1.0,UP,+156.0,+505.0,4.2,+13.42,3.20,SLOW,4412.02,4419.30,4410.83,4413.90,0.00,0.00,0.0,BULLISH,847.0,4415.51,4417.12,4414.81,4417.07,41,CLEARED_>=20s,231.0,156.0,5.0,70.0,2.2,30.3,2.2,PASS_<20%,4415.66,141.0,YES,STANDBY_VEL_LOW,0,0.00,4590.00,72.36,TRUE,READY_TO_FIRE
2026-09-07 14:53:42.236,1788792822.236,2705,85,438,4417.21,4417.29,8.0,PASS_<=10c,+14.0,UP,+170.0,+519.0,4.2,+14.26,3.40,SLOW,4412.02,4419.30,4410.83,4413.90,0.00,0.00,0.0,BULLISH,847.0,4415.51,4417.21,4414.81,4417.21,42,CLEARED_>=20s,240.0,170.0,0.0,70.0,0.0,29.2,0.0,PASS_<20%,4415.66,155.0,YES,STANDBY_VEL_LOW,0,0.00,4590.00,72.36,TRUE,READY_TO_FIRE
2026-09-07 14:53:42.738,1788792822.739,2706,86,439,4417.51,4417.59,8.0,PASS_<=10c,+30.0,UP,+200.0,+549.0,4.2,+19.50,4.64,SLOW,4412.02,4419.30,4410.83,4413.90,0.00,0.00,0.0,BULLISH,847.0,4415.51,4417.51,4414.81,4417.51,42,CLEARED_>=20s,270.0,200.0,0.0,70.0,0.0,25.9,0.0,PASS_<20%,4415.66,185.0,YES,STANDBY_VEL_LOW,0,0.00,4590.00,72.36,TRUE,READY_TO_FIRE
2026-09-07 14:53:43.241,1788792823.241,2707,87,440,4417.57,4417.65,8.0,PASS_<=10c,+6.0,UP,+206.0,+555.0,4.2,+20.76,4.94,SLOW,4412.02,4419.30,4410.83,4413.90,0.00,0.00,0.0,BULLISH,847.0,4415.51,4417.57,4414.81,4417.57,43,CLEARED_>=20s,276.0,206.0,0.0,70.0,0.0,25.4,0.0,PASS_<20%,4415.66,191.0,YES,STANDBY_VEL_LOW,0,0.00,4590.00,72.36,TRUE,READY_TO_FIRE
2026-09-07 14:53:43.743,1788792823.744,2708,88,441,4417.59,4417.67,8.0,PASS_<=10c,+2.0,UP,+208.0,+557.0,4.2,+20.33,4.84,SLOW,4412.02,4419.30,4410.83,4413.90,0.00,0.00,0.0,BULLISH,847.0,4415.51,4417.59,4414.81,4417.59,43,CLEARED_>=20s,278.0,208.0,0.0,70.0,0.0,25.2,0.0,PASS_<20%,4415.66,193.0,YES,STANDBY_VEL_LOW,0,0.00,4590.00,72.36,TRUE,READY_TO_FIRE
2026-09-07 14:53:44.245,1788792824.245,2709,89,442,4417.68,4417.76,8.0,PASS_<=10c,+9.0,UP,+217.0,+566.0,4.2,+15.31,3.65,SLOW,4412.02,4419.30,4410.83,4413.90,0.00,0.00,0.0,BULLISH,847.0,4415.51,4417.68,4414.81,4417.68,44,CLEARED_>=20s,287.0,217.0,0.0,70.0,0.0,24.4,0.0,PASS_<20%,4415.66,202.0,YES,STANDBY_VEL_LOW,0,0.00,4590.00,72.36,TRUE,READY_TO_FIRE
2026-09-07 14:53:44.746,1788792824.746,2710,90,443,4417.46,4417.54,8.0,PASS_<=10c,-22.0,DOWN,+195.0,+544.0,4.2,+9.23,2.20,SLOW,4412.02,4419.30,4410.83,4413.90,0.00,0.00,0.0,BULLISH,847.0,4415.51,4417.68,4414.81,4417.46,44,CLEARED_>=20s,287.0,195.0,22.0,70.0,7.7,24.4,7.7,PASS_<20%,4415.66,180.0,YES,STANDBY_VEL_LOW,0,0.00,4590.00,72.36,TRUE,READY_TO_FIRE
2026-09-07 14:53:45.249,1788792825.250,2711,91,444,4417.24,4417.32,8.0,PASS_<=10c,-22.0,DOWN,+173.0,+522.0,4.2,+4.19,1.00,SLOW,4412.02,4419.30,4410.83,4413.90,0.00,0.00,0.0,BULLISH,847.0,4415.51,4417.68,4414.81,4417.24,45,CLEARED_>=20s,287.0,173.0,44.0,70.0,15.3,24.4,15.3,PASS_<20%,4415.66,158.0,YES,STANDBY_VEL_LOW,0,0.00,4590.00,72.36,TRUE,READY_TO_FIRE
2026-09-07 14:53:45.750,1788792825.751,2712,92,445,4417.09,4417.17,8.0,PASS_<=10c,-15.0,DOWN,+158.0,+507.0,4.2,+3.02,0.72,SLOW,4412.02,4419.30,4410.83,4413.90,0.00,0.00,0.0,BULLISH,847.0,4415.51,4417.68,4414.81,4417.09,45,CLEARED_>=20s,287.0,158.0,59.0,70.0,20.6,24.4,20.6,BLOCKED_20.6%,4415.66,143.0,NO,STANDBY_VEL_LOW,0,0.00,4590.00,72.36,FALSE,OPP_WICK_TOO_HIGH_0.21
2026-09-07 14:53:46.253,1788792826.253,2713,93,446,4417.05,4417.13,8.0,PASS_<=10c,-4.0,DOWN,+154.0,+503.0,4.2,+2.89,0.69,SLOW,4412.02,4419.30,4410.83,4413.90,0.00,0.00,0.0,BULLISH,847.0,4415.51,4417.68,4414.81,4417.05,46,CLEARED_>=20s,287.0,154.0,63.0,70.0,22.0,24.4,22.0,BLOCKED_22.0%,4415.66,139.0,NO,STANDBY_VEL_LOW,0,0.00,4590.00,72.36,FALSE,OPP_WICK_TOO_HIGH_0.22
2026-09-07 14:53:46.754,1788792826.754,2714,94,447,4417.03,4417.11,8.0,PASS_<=10c,-2.0,DOWN,+152.0,+501.0,4.2,+2.84,0.68,SLOW,4412.02,4419.30,4410.83,4413.90,0.00,0.00,0.0,BULLISH,847.0,4415.51,4417.68,4414.81,4417.03,46,CLEARED_>=20s,287.0,152.0,65.0,70.0,22.6,24.4,22.6,BLOCKED_22.6%,4415.66,137.0,NO,STANDBY_VEL_LOW,0,0.00,4590.00,72.36,FALSE,OPP_WICK_TOO_HIGH_0.23
2026-09-07 14:53:47.256,1788792827.256,2715,95,448,4417.21,4417.29,8.0,PASS_<=10c,+18.0,UP,+170.0,+519.0,4.2,+3.14,0.75,SLOW,4412.02,4419.30,4410.83,4413.90,0.00,0.00,0.0,BULLISH,847.0,4415.51,4417.68,4414.81,4417.21,47,CLEARED_>=20s,287.0,170.0,47.0,70.0,16.4,24.4,16.4,PASS_<20%,4415.66,155.0,YES,STANDBY_VEL_LOW,0,0.00,4590.00,72.36,TRUE,READY_TO_FIRE
2026-09-07 14:53:47.758,1788792827.758,2716,96,449,4417.12,4417.20,8.0,PASS_<=10c,-9.0,DOWN,+161.0,+510.0,4.2,+8.60,2.05,SLOW,4412.02,4419.30,4410.83,4413.90,0.00,0.00,0.0,BULLISH,847.0,4415.51,4417.68,4414.81,4417.12,47,CLEARED_>=20s,287.0,161.0,56.0,70.0,19.5,24.4,19.5,PASS_<20%,4415.66,146.0,YES,STANDBY_VEL_LOW,0,0.00,4590.00,72.36,TRUE,READY_TO_FIRE
2026-09-07 14:53:48.259,1788792828.259,2717,97,450,4417.17,4417.25,8.0,PASS_<=10c,+5.0,UP,+166.0,+515.0,4.2,+7.55,1.80,SLOW,4412.02,4419.30,4410.83,4413.90,0.00,0.00,0.0,BULLISH,847.0,4415.51,4417.68,4414.81,4417.17,48,CLEARED_>=20s,287.0,166.0,51.0,70.0,17.8,24.4,17.8,PASS_<20%,4415.66,151.0,YES,STANDBY_VEL_LOW,0,0.00,4590.00,72.36,TRUE,READY_TO_FIRE
2026-09-07 14:53:48.761,1788792828.761,2718,98,451,4417.20,4417.28,8.0,PASS_<=10c,+3.0,UP,+169.0,+518.0,4.2,+9.44,2.25,SLOW,4412.02,4419.30,4410.83,4413.90,0.00,0.00,0.0,BULLISH,847.0,4415.51,4417.68,4414.81,4417.20,48,CLEARED_>=20s,287.0,169.0,48.0,70.0,16.7,24.4,16.7,PASS_<20%,4415.66,154.0,YES,STANDBY_VEL_LOW,0,0.00,4590.00,72.36,TRUE,READY_TO_FIRE
2026-09-07 14:53:49.262,1788792829.263,2719,99,452,4417.20,4417.28,8.0,PASS_<=10c,+0.0,FLAT,+169.0,+518.0,4.2,+6.71,1.60,SLOW,4412.02,4419.30,4410.83,4413.90,0.00,0.00,0.0,BULLISH,847.0,4415.51,4417.68,4414.81,4417.20,49,CLEARED_>=20s,287.0,169.0,48.0,70.0,16.7,24.4,16.7,PASS_<20%,4415.66,154.0,YES,STANDBY_VEL_LOW,0,0.00,4590.00,72.36,TRUE,READY_TO_FIRE
2026-09-07 14:53:49.765,1788792829.765,2720,100,453,4417.47,4417.55,8.0,PASS_<=10c,+27.0,UP,+196.0,+545.0,4.2,+3.87,0.92,SLOW,4412.02,4419.30,4410.83,4413.90,0.00,0.00,0.0,BULLISH,847.0,4415.51,4417.68,4414.81,4417.47,49,CLEARED_>=20s,287.0,196.0,21.0,70.0,7.3,24.4,7.3,PASS_<20%,4415.66,181.0,YES,STANDBY_VEL_LOW,0,0.00,4590.00,72.36,TRUE,READY_TO_FIRE
2026-09-07 14:53:50.266,1788792830.267,2721,101,454,4417.44,4417.52,8.0,PASS_<=10c,-3.0,DOWN,+193.0,+542.0,4.2,+6.29,1.50,SLOW,4412.02,4419.30,4410.83,4413.90,0.00,0.00,0.0,BULLISH,847.0,4415.51,4417.68,4414.81,4417.44,50,CLEARED_>=20s,287.0,193.0,24.0,70.0,8.4,24.4,8.4,PASS_<20%,4415.66,178.0,YES,STANDBY_VEL_LOW,0,0.00,4590.00,72.36,TRUE,READY_TO_FIRE
2026-09-07 14:53:50.768,1788792830.768,2722,102,455,4417.49,4417.57,8.0,PASS_<=10c,+5.0,UP,+198.0,+547.0,4.2,+9.23,2.20,SLOW,4412.02,4419.30,4410.83,4413.90,0.00,0.00,0.0,BULLISH,847.0,4415.51,4417.68,4414.81,4417.49,50,CLEARED_>=20s,287.0,198.0,19.0,70.0,6.6,24.4,6.6,PASS_<20%,4415.66,183.0,YES,STANDBY_VEL_LOW,0,0.00,4590.00,72.36,TRUE,READY_TO_FIRE
2026-09-07 14:53:51.268,1788792831.269,2723,103,456,4417.61,4417.69,8.0,PASS_<=10c,+12.0,UP,+210.0,+559.0,4.2,+11.75,2.80,SLOW,4412.02,4419.30,4410.83,4413.90,0.00,0.00,0.0,BULLISH,847.0,4415.51,4417.68,4414.81,4417.61,51,CLEARED_>=20s,287.0,210.0,7.0,70.0,2.4,24.4,2.4,PASS_<20%,4415.66,195.0,YES,STANDBY_VEL_LOW,0,0.00,4590.00,72.36,TRUE,READY_TO_FIRE
2026-09-07 14:53:51.770,1788792831.771,2724,104,457,4417.61,4417.69,8.0,PASS_<=10c,+0.0,FLAT,+210.0,+559.0,4.2,+11.75,2.80,SLOW,4412.02,4419.30,4410.83,4413.90,0.00,0.00,0.0,BULLISH,847.0,4415.51,4417.68,4414.81,4417.61,51,CLEARED_>=20s,287.0,210.0,7.0,70.0,2.4,24.4,2.4,PASS_<20%,4415.66,195.0,YES,STANDBY_VEL_LOW,0,0.00,4590.00,72.36,TRUE,READY_TO_FIRE
2026-09-07 14:53:52.272,1788792832.272,2725,105,458,4417.66,4417.74,8.0,PASS_<=10c,+5.0,UP,+215.0,+564.0,4.2,+9.44,2.25,SLOW,4412.02,4419.30,4410.83,4413.90,0.00,0.00,0.0,BULLISH,847.0,4415.51,4417.68,4414.81,4417.66,52,CLEARED_>=20s,287.0,215.0,2.0,70.0,0.7,24.4,0.7,PASS_<20%,4415.66,200.0,YES,STANDBY_VEL_LOW,0,0.00,4590.00,72.36,TRUE,READY_TO_FIRE
2026-09-07 14:53:52.773,1788792832.773,2726,106,459,4417.41,4417.49,8.0,PASS_<=10c,-25.0,DOWN,+190.0,+539.0,4.2,+6.09,1.45,SLOW,4412.02,4419.30,4410.83,4413.90,0.00,0.00,0.0,BULLISH,847.0,4415.51,4417.68,4414.81,4417.41,52,CLEARED_>=20s,287.0,190.0,27.0,70.0,9.4,24.4,9.4,PASS_<20%,4415.66,175.0,YES,STANDBY_VEL_LOW,0,0.00,4590.00,72.36,TRUE,READY_TO_FIRE
2026-09-07 14:53:53.275,1788792833.275,2727,107,460,4417.37,4417.45,8.0,PASS_<=10c,-4.0,DOWN,+186.0,+535.0,4.2,+3.99,0.95,SLOW,4412.02,4419.30,4410.83,4413.90,0.00,0.00,0.0,BULLISH,847.0,4415.51,4417.68,4414.81,4417.37,53,CLEARED_>=20s,287.0,186.0,31.0,70.0,10.8,24.4,10.8,PASS_<20%,4415.66,171.0,YES,STANDBY_VEL_LOW,0,0.00,4590.00,72.36,TRUE,READY_TO_FIRE
2026-09-07 14:53:53.777,1788792833.777,2728,108,461,4417.22,4417.30,8.0,PASS_<=10c,-15.0,DOWN,+171.0,+520.0,4.2,+3.09,0.74,SLOW,4412.02,4419.30,4410.83,4413.90,0.00,0.00,0.0,BULLISH,847.0,4415.51,4417.68,4414.81,4417.22,53,CLEARED_>=20s,287.0,171.0,46.0,70.0,16.0,24.4,16.0,PASS_<20%,4415.66,156.0,YES,STANDBY_VEL_LOW,0,0.00,4590.00,72.36,TRUE,READY_TO_FIRE
2026-09-07 14:53:54.279,1788792834.279,2729,109,462,4417.22,4417.30,8.0,PASS_<=10c,+0.0,FLAT,+171.0,+520.0,4.2,+3.02,0.72,SLOW,4412.02,4419.30,4410.83,4413.90,0.00,0.00,0.0,BULLISH,847.0,4415.51,4417.68,4414.81,4417.22,54,CLEARED_>=20s,287.0,171.0,46.0,70.0,16.0,24.4,16.0,PASS_<20%,4415.66,156.0,YES,STANDBY_VEL_LOW,0,0.00,4590.00,72.36,TRUE,READY_TO_FIRE
2026-09-07 14:53:54.780,1788792834.780,2730,110,463,4417.57,4417.65,8.0,PASS_<=10c,+35.0,UP,+206.0,+555.0,4.2,+3.60,0.86,SLOW,4412.02,4419.30,4410.83,4413.90,0.00,0.00,0.0,BULLISH,847.0,4415.51,4417.68,4414.81,4417.57,54,CLEARED_>=20s,287.0,206.0,11.0,70.0,3.8,24.4,3.8,PASS_<20%,4415.66,191.0,YES,STANDBY_VEL_LOW,0,0.00,4590.00,72.36,TRUE,READY_TO_FIRE
2026-09-07 14:53:55.281,1788792835.282,2731,111,464,4417.63,4417.71,8.0,PASS_<=10c,+6.0,UP,+212.0,+561.0,4.2,+4.41,1.05,SLOW,4412.02,4419.30,4410.83,4413.90,0.00,0.00,0.0,BULLISH,847.0,4415.51,4417.68,4414.81,4417.63,55,CLEARED_>=20s,287.0,212.0,5.0,70.0,1.7,24.4,1.7,PASS_<20%,4415.66,197.0,YES,STANDBY_VEL_LOW,0,0.00,4590.00,72.36,TRUE,READY_TO_FIRE
2026-09-07 14:53:55.783,1788792835.783,2732,112,465,4417.70,4417.78,8.0,PASS_<=10c,+7.0,UP,+219.0,+568.0,4.2,+3.55,0.85,SLOW,4412.02,4419.30,4410.83,4413.90,0.00,0.00,0.0,BULLISH,847.0,4415.51,4417.70,4414.81,4417.70,55,CLEARED_>=20s,289.0,219.0,0.0,70.0,0.0,24.2,0.0,PASS_<20%,4415.66,204.0,YES,STANDBY_VEL_LOW,0,0.00,4590.00,72.36,TRUE,READY_TO_FIRE
2026-09-07 14:53:56.284,1788792836.284,2733,113,466,4417.65,4417.73,8.0,PASS_<=10c,-5.0,DOWN,+214.0,+563.0,4.2,+3.47,0.83,SLOW,4412.02,4419.30,4410.83,4413.90,0.00,0.00,0.0,BULLISH,847.0,4415.51,4417.70,4414.81,4417.65,56,CLEARED_>=20s,289.0,214.0,5.0,70.0,1.7,24.2,1.7,PASS_<20%,4415.66,199.0,YES,STANDBY_VEL_LOW,0,0.00,4590.00,72.36,TRUE,READY_TO_FIRE
2026-09-07 14:53:56.786,1788792836.786,2734,114,467,4417.68,4417.76,8.0,PASS_<=10c,+3.0,UP,+217.0,+566.0,4.2,+3.52,0.84,SLOW,4412.02,4419.30,4410.83,4413.90,0.00,0.00,0.0,BULLISH,847.0,4415.51,4417.70,4414.81,4417.68,56,CLEARED_>=20s,289.0,217.0,2.0,70.0,0.7,24.2,0.7,PASS_<20%,4415.66,202.0,YES,STANDBY_VEL_LOW,0,0.00,4590.00,72.36,TRUE,READY_TO_FIRE
2026-09-07 14:53:57.288,1788792837.288,2735,115,468,4417.63,4417.71,8.0,PASS_<=10c,-5.0,DOWN,+212.0,+561.0,4.2,+3.52,0.84,SLOW,4412.02,4419.30,4410.83,4413.90,0.00,0.00,0.0,BULLISH,847.0,4415.51,4417.70,4414.81,4417.63,57,CLEARED_>=20s,289.0,212.0,7.0,70.0,2.4,24.2,2.4,PASS_<20%,4415.66,197.0,YES,STANDBY_VEL_LOW,0,0.00,4590.00,72.36,TRUE,READY_TO_FIRE
2026-09-07 14:53:57.789,1788792837.789,2736,116,469,4417.60,4417.68,8.0,PASS_<=10c,-3.0,DOWN,+209.0,+558.0,4.2,+4.83,1.15,SLOW,4412.02,4419.30,4410.83,4413.90,0.00,0.00,0.0,BULLISH,847.0,4415.51,4417.70,4414.81,4417.60,57,CLEARED_>=20s,289.0,209.0,10.0,70.0,3.5,24.2,3.5,PASS_<20%,4415.66,194.0,YES,STANDBY_VEL_LOW,0,0.00,4590.00,72.36,TRUE,READY_TO_FIRE
2026-09-07 14:53:58.290,1788792838.291,2737,117,470,4417.63,4417.71,8.0,PASS_<=10c,+3.0,UP,+212.0,+561.0,4.2,+6.51,1.55,SLOW,4412.02,4419.30,4410.83,4413.90,0.00,0.00,0.0,BULLISH,847.0,4415.51,4417.70,4414.81,4417.63,58,CLEARED_>=20s,289.0,212.0,7.0,70.0,2.4,24.2,2.4,PASS_<20%,4415.66,197.0,YES,STANDBY_VEL_LOW,0,0.00,4590.00,72.36,TRUE,READY_TO_FIRE
2026-09-07 14:53:58.792,1788792838.792,2738,118,471,4417.69,4417.77,8.0,PASS_<=10c,+6.0,UP,+218.0,+567.0,4.2,+9.87,2.35,SLOW,4412.02,4419.30,4410.83,4413.90,0.00,0.00,0.0,BULLISH,847.0,4415.51,4417.70,4414.81,4417.69,58,CLEARED_>=20s,289.0,218.0,1.0,70.0,0.3,24.2,0.3,PASS_<20%,4415.66,203.0,YES,STANDBY_VEL_LOW,0,0.00,4590.00,72.36,TRUE,READY_TO_FIRE
2026-09-07 14:53:59.295,1788792839.296,2739,119,472,4417.85,4417.93,8.0,PASS_<=10c,+16.0,UP,+234.0,+583.0,4.2,+9.86,2.35,SLOW,4412.02,4419.30,4410.83,4413.90,0.00,0.00,0.0,BULLISH,847.0,4415.51,4417.85,4414.81,4417.85,59,CLEARED_>=20s,304.0,234.0,0.0,70.0,0.0,23.0,0.0,PASS_<20%,4415.66,219.0,YES,STANDBY_VEL_LOW,0,0.00,4590.00,72.36,TRUE,READY_TO_FIRE
2026-09-07 14:53:59.795,1788792839.796,2740,120,473,4418.00,4418.08,8.0,PASS_<=10c,+15.0,UP,+249.0,+598.0,4.2,+8.61,2.05,SLOW,4412.02,4419.30,4410.83,4413.90,0.00,0.00,0.0,BULLISH,847.0,4415.51,4418.00,4414.81,4418.00,59,CLEARED_>=20s,319.0,249.0,0.0,70.0,0.0,21.9,0.0,PASS_<20%,4415.66,234.0,YES,STANDBY_VEL_LOW,0,0.00,4590.00,72.36,TRUE,READY_TO_FIRE
2026-09-07 14:54:00.297,1788792840.297,2741,1,474,4417.88,4417.96,8.0,PASS_<=10c,-12.0,DOWN,-10.0,+586.0,4.2,+3.95,0.94,SLOW,4412.02,4419.30,4410.83,4413.90,0.00,0.00,0.0,BULLISH,847.0,4417.98,4417.98,4417.88,4417.88,0,ACTIVE_0s,10.0,10.0,0.0,0.0,0.0,0.0,0.0,PASS_<20%,0.00,0.0,NO,STANDBY_VEL_LOW,0,0.00,4590.00,72.36,FALSE,M1_DIRECTION_MISMATCH|OPENING_SHIELD_ACTIVE_0s
2026-09-07 14:54:00.798,1788792840.799,2742,2,475,4417.93,4418.01,8.0,PASS_<=10c,+5.0,UP,-5.0,+591.0,4.2,+6.30,1.50,SLOW,4412.02,4419.30,4410.83,4413.90,0.00,0.00,0.0,BULLISH,847.0,4417.98,4417.98,4417.88,4417.93,0,ACTIVE_0s,10.0,5.0,0.0,5.0,0.0,50.0,0.0,PASS_<20%,0.00,0.0,NO,STANDBY_VEL_LOW,0,0.00,4590.00,72.36,FALSE,M1_DIRECTION_MISMATCH|OPENING_SHIELD_ACTIVE_0s
2026-09-07 14:54:01.300,1788792841.301,2743,3,476,4418.03,4418.11,8.0,PASS_<=10c,+10.0,UP,+5.0,+601.0,4.2,+8.60,2.05,SLOW,4412.02,4419.30,4410.83,4413.90,0.00,0.00,0.0,BULLISH,847.0,4417.98,4418.03,4417.88,4418.03,1,ACTIVE_1s,15.0,5.0,0.0,10.0,0.0,66.7,0.0,PASS_<20%,4418.13,10.0,NO,STANDBY_VEL_LOW,0,0.00,4590.00,72.36,FALSE,OPENING_SHIELD_ACTIVE_1s|PRICE_BELOW_15C_DISPLACEMENT
2026-09-07 14:54:01.802,1788792841.803,2744,4,477,4418.07,4418.15,8.0,PASS_<=10c,+4.0,UP,+9.0,+605.0,4.2,+8.18,1.95,SLOW,4412.02,4419.30,4410.83,4413.90,0.00,0.00,0.0,BULLISH,847.0,4417.98,4418.07,4417.88,4418.07,1,ACTIVE_1s,19.0,9.0,0.0,10.0,0.0,52.6,0.0,PASS_<20%,4418.13,6.0,NO,STANDBY_VEL_LOW,0,0.00,4590.00,72.36,FALSE,OPENING_SHIELD_ACTIVE_1s
2026-09-07 14:54:02.303,1788792842.304,2745,5,478,4418.17,4418.25,8.0,PASS_<=10c,+10.0,UP,+19.0,+615.0,4.2,+14.27,3.40,SLOW,4412.02,4419.30,4410.83,4413.90,0.00,0.00,0.0,BULLISH,847.0,4417.98,4418.17,4417.88,4418.17,2,ACTIVE_2s,29.0,19.0,0.0,10.0,0.0,34.5,0.0,PASS_<20%,4418.13,4.0,NO,STANDBY_VEL_LOW,0,0.00,4590.00,72.36,FALSE,OPENING_SHIELD_ACTIVE_2s
2026-09-07 14:54:02.805,1788792842.805,2746,6,479,4418.60,4418.68,8.0,PASS_<=10c,+43.0,UP,+62.0,+658.0,4.2,+21.41,5.10,SLOW,4412.02,4419.30,4410.83,4413.90,0.00,0.00,0.0,BULLISH,847.0,4417.98,4418.60,4417.88,4418.60,2,ACTIVE_2s,72.0,62.0,0.0,10.0,0.0,13.9,0.0,PASS_<20%,4418.13,47.0,NO,STANDBY_VEL_LOW,0,0.00,4590.00,72.36,FALSE,OPENING_SHIELD_ACTIVE_2s
2026-09-07 14:54:03.307,1788792843.307,2747,7,480,4418.70,4418.78,8.0,PASS_<=10c,+10.0,UP,+72.0,+668.0,4.2,+21.40,5.10,SLOW,4412.02,4419.30,4410.83,4413.90,0.00,0.00,0.0,BULLISH,847.0,4417.98,4418.70,4417.88,4418.70,3,ACTIVE_3s,82.0,72.0,0.0,10.0,0.0,12.2,0.0,PASS_<20%,4418.13,57.0,NO,STANDBY_VEL_LOW,0,0.00,4590.00,72.36,FALSE,OPENING_SHIELD_ACTIVE_3s
2026-09-07 14:54:03.809,1788792843.809,2748,8,481,4418.39,4418.47,8.0,PASS_<=10c,-31.0,DOWN,+41.0,+637.0,4.2,+13.64,3.25,SLOW,4412.02,4419.30,4410.83,4413.90,0.00,0.00,0.0,BULLISH,847.0,4417.98,4418.70,4417.88,4418.39,3,ACTIVE_3s,82.0,41.0,31.0,10.0,37.8,12.2,37.8,BLOCKED_37.8%,4418.13,26.0,NO,STANDBY_VEL_LOW,0,0.00,4590.00,72.36,FALSE,OPP_WICK_TOO_HIGH_0.38|OPENING_SHIELD_ACTIVE_3s
2026-09-07 14:54:04.310,1788792844.311,2749,9,482,4418.22,4418.30,8.0,PASS_<=10c,-17.0,DOWN,+24.0,+620.0,4.2,+5.30,1.26,SLOW,4412.02,4419.30,4410.83,4413.90,0.00,0.00,0.0,BULLISH,847.0,4417.98,4418.70,4417.88,4418.22,4,ACTIVE_4s,82.0,24.0,48.0,10.0,58.5,12.2,58.5,BLOCKED_58.5%,4418.13,9.0,NO,STANDBY_VEL_LOW,0,0.00,4590.00,72.36,FALSE,OPP_WICK_TOO_HIGH_0.59|OPENING_SHIELD_ACTIVE_4s
2026-09-07 14:54:04.812,1788792844.812,2750,10,483,4418.04,4418.12,8.0,PASS_<=10c,-18.0,DOWN,+6.0,+602.0,4.2,+5.02,1.20,SLOW,4412.02,4419.30,4410.83,4413.90,0.00,0.00,0.0,BULLISH,847.0,4417.98,4418.70,4417.88,4418.04,4,ACTIVE_4s,82.0,6.0,66.0,10.0,80.5,12.2,80.5,BLOCKED_80.5%,4418.13,9.0,NO,STANDBY_VEL_LOW,0,0.00,4590.00,72.36,FALSE,OPP_WICK_TOO_HIGH_0.80|OPENING_SHIELD_ACTIVE_4s|PRICE_BELOW_15C_DISPLACEMENT
2026-09-07 14:54:05.320,1788792845.321,2751,11,484,4418.16,4418.24,8.0,PASS_<=10c,+12.0,UP,+18.0,+614.0,4.2,+5.22,1.24,SLOW,4412.02,4419.30,4410.83,4413.90,0.00,0.00,0.0,BULLISH,847.0,4417.98,4418.70,4417.88,4418.16,5,ACTIVE_5s,82.0,18.0,54.0,10.0,65.9,12.2,65.9,BLOCKED_65.9%,4418.13,3.0,NO,STANDBY_VEL_LOW,0,0.00,4590.00,72.36,FALSE,OPP_WICK_TOO_HIGH_0.66|OPENING_SHIELD_ACTIVE_5s
2026-09-07 14:54:05.816,1788792845.817,2752,12,485,4418.27,4418.35,8.0,PASS_<=10c,+11.0,UP,+29.0,+625.0,4.2,+6.71,1.60,SLOW,4412.02,4419.30,4410.83,4413.90,0.00,0.00,0.0,BULLISH,847.0,4417.98,4418.70,4417.88,4418.27,5,ACTIVE_5s,82.0,29.0,43.0,10.0,52.4,12.2,52.4,BLOCKED_52.4%,4418.13,14.0,NO,STANDBY_VEL_LOW,0,0.00,4590.00,72.36,FALSE,OPP_WICK_TOO_HIGH_0.52|OPENING_SHIELD_ACTIVE_5s
2026-09-07 14:54:06.318,1788792846.318,2753,13,486,4418.13,4418.21,8.0,PASS_<=10c,-14.0,DOWN,+15.0,+611.0,4.2,+5.54,1.32,SLOW,4412.02,4419.30,4410.83,4413.90,0.00,0.00,0.0,BULLISH,847.0,4417.98,4418.70,4417.88,4418.13,6,ACTIVE_6s,82.0,15.0,57.0,10.0,69.5,12.2,69.5,BLOCKED_69.5%,4418.13,0.0,NO,STANDBY_VEL_LOW,0,0.00,4590.00,72.36,FALSE,OPP_WICK_TOO_HIGH_0.70|OPENING_SHIELD_ACTIVE_6s
2026-09-07 14:54:06.819,1788792846.820,2754,14,487,4418.06,4418.14,8.0,PASS_<=10c,-7.0,DOWN,+8.0,+604.0,4.2,+5.22,1.24,SLOW,4412.02,4419.30,4410.83,4413.90,0.00,0.00,0.0,BULLISH,847.0,4417.98,4418.70,4417.88,4418.06,6,ACTIVE_6s,82.0,8.0,64.0,10.0,78.0,12.2,78.0,BLOCKED_78.0%,4418.13,7.0,NO,STANDBY_VEL_LOW,0,0.00,4590.00,72.36,FALSE,OPP_WICK_TOO_HIGH_0.78|OPENING_SHIELD_ACTIVE_6s
2026-09-07 14:54:07.321,1788792847.321,2755,15,488,4418.16,4418.24,8.0,PASS_<=10c,+10.0,UP,+18.0,+614.0,4.2,+5.35,1.27,SLOW,4412.02,4419.30,4410.83,4413.90,0.00,0.00,0.0,BULLISH,847.0,4417.98,4418.70,4417.88,4418.16,7,ACTIVE_7s,82.0,18.0,54.0,10.0,65.9,12.2,65.9,BLOCKED_65.9%,4418.13,3.0,NO,STANDBY_VEL_LOW,0,0.00,4590.00,72.36,FALSE,OPP_WICK_TOO_HIGH_0.66|OPENING_SHIELD_ACTIVE_7s
2026-09-07 14:54:07.822,1788792847.822,2756,16,489,4418.12,4418.20,8.0,PASS_<=10c,-4.0,DOWN,+14.0,+610.0,4.2,+10.91,2.60,SLOW,4412.02,4419.30,4410.83,4413.90,0.00,0.00,0.0,BULLISH,847.0,4417.98,4418.70,4417.88,4418.12,7,ACTIVE_7s,82.0,14.0,58.0,10.0,70.7,12.2,70.7,BLOCKED_70.7%,4418.13,1.0,NO,STANDBY_VEL_LOW,0,0.00,4590.00,72.36,FALSE,OPP_WICK_TOO_HIGH_0.71|OPENING_SHIELD_ACTIVE_7s
2026-09-07 14:54:08.323,1788792848.324,2757,17,490,4418.27,4418.35,8.0,PASS_<=10c,+15.0,UP,+29.0,+625.0,4.2,+5.49,1.31,SLOW,4412.02,4419.30,4410.83,4413.90,0.00,0.00,0.0,BULLISH,847.0,4417.98,4418.70,4417.88,4418.27,8,ACTIVE_8s,82.0,29.0,43.0,10.0,52.4,12.2,52.4,BLOCKED_52.4%,4418.13,14.0,NO,STANDBY_VEL_LOW,0,0.00,4590.00,72.36,FALSE,OPP_WICK_TOO_HIGH_0.52|OPENING_SHIELD_ACTIVE_8s
2026-09-07 14:54:08.825,1788792848.826,2758,18,491,4418.78,4418.86,8.0,PASS_<=10c,+51.0,UP,+80.0,+676.0,4.2,+9.02,2.15,SLOW,4412.02,4419.30,4410.83,4413.90,0.00,0.00,0.0,BULLISH,847.0,4417.98,4418.78,4417.88,4418.78,8,ACTIVE_8s,90.0,80.0,0.0,10.0,0.0,11.1,0.0,PASS_<20%,4418.13,65.0,NO,STANDBY_VEL_LOW,0,0.00,4590.00,72.36,FALSE,OPENING_SHIELD_ACTIVE_8s
2026-09-07 14:54:09.326,1788792849.327,2759,19,492,4418.83,4418.91,8.0,PASS_<=10c,+5.0,UP,+85.0,+681.0,4.2,+15.74,3.75,SLOW,4412.02,4419.30,4410.83,4413.90,0.00,0.00,0.0,BULLISH,847.0,4417.98,4418.83,4417.88,4418.83,9,ACTIVE_9s,95.0,85.0,0.0,10.0,0.0,10.5,0.0,PASS_<20%,4418.13,70.0,NO,STANDBY_VEL_LOW,0,0.00,4590.00,72.36,FALSE,OPENING_SHIELD_ACTIVE_9s
2026-09-07 14:54:09.828,1788792849.828,2760,20,493,4419.02,4419.10,8.0,PASS_<=10c,+19.0,UP,+104.0,+700.0,4.2,+20.57,4.90,SLOW,4412.02,4419.30,4410.83,4413.90,0.00,0.00,0.0,BULLISH,847.0,4417.98,4419.02,4417.88,4419.02,9,ACTIVE_9s,114.0,104.0,0.0,10.0,0.0,8.8,0.0,PASS_<20%,4418.13,89.0,NO,STANDBY_VEL_LOW,0,0.00,4590.00,72.36,FALSE,OPENING_SHIELD_ACTIVE_9s
2026-09-07 14:54:10.329,1788792850.329,2761,21,494,4419.20,4419.28,8.0,PASS_<=10c,+18.0,UP,+122.0,+718.0,4.2,+20.78,4.95,SLOW,4412.02,4419.30,4410.83,4413.90,0.00,0.00,0.0,BULLISH,847.0,4417.98,4419.20,4417.88,4419.20,10,ACTIVE_10s,132.0,122.0,0.0,10.0,0.0,7.6,0.0,PASS_<20%,4418.13,107.0,NO,STANDBY_VEL_LOW,0,0.00,4590.00,72.36,FALSE,OPENING_SHIELD_ACTIVE_10s
2026-09-07 14:54:10.830,1788792850.831,2762,22,495,4419.21,4419.29,8.0,PASS_<=10c,+1.0,UP,+123.0,+719.0,4.2,+19.94,4.75,SLOW,4412.02,4419.30,4410.83,4413.90,0.00,0.00,0.0,BULLISH,847.0,4417.98,4419.21,4417.88,4419.21,10,ACTIVE_10s,133.0,123.0,0.0,10.0,0.0,7.5,0.0,PASS_<20%,4418.13,108.0,NO,STANDBY_VEL_LOW,0,0.00,4590.00,72.36,FALSE,OPENING_SHIELD_ACTIVE_10s
2026-09-07 14:54:11.332,1788792851.332,2763,23,496,4419.23,4419.31,8.0,PASS_<=10c,+2.0,UP,+125.0,+721.0,4.2,+23.10,5.50,SLOW,4412.02,4419.30,4410.83,4413.90,0.00,0.00,0.0,BULLISH,847.0,4417.98,4419.25,4417.88,4419.23,11,ACTIVE_11s,137.0,125.0,2.0,10.0,1.5,7.3,1.5,PASS_<20%,4418.13,110.0,NO,STANDBY_VEL_LOW,0,0.00,4590.00,72.36,FALSE,OPENING_SHIELD_ACTIVE_11s
2026-09-07 14:54:11.834,1788792851.834,2764,24,497,4419.20,4419.28,8.0,PASS_<=10c,-3.0,DOWN,+122.0,+718.0,4.2,+22.88,5.45,SLOW,4412.02,4419.30,4410.83,4413.90,0.00,0.00,0.0,BULLISH,847.0,4417.98,4419.25,4417.88,4419.20,11,ACTIVE_11s,137.0,122.0,5.0,10.0,3.6,7.3,3.6,PASS_<20%,4418.13,107.0,NO,STANDBY_VEL_LOW,0,0.00,4590.00,72.36,FALSE,OPENING_SHIELD_ACTIVE_11s
2026-09-07 14:54:12.336,1788792852.336,2765,25,498,4419.15,4419.23,8.0,PASS_<=10c,-5.0,DOWN,+117.0,+713.0,4.2,+21.41,5.10,SLOW,4412.02,4419.30,4410.83,4413.90,0.00,0.00,0.0,BULLISH,847.0,4417.98,4419.25,4417.88,4419.15,12,ACTIVE_12s,137.0,117.0,10.0,10.0,7.3,7.3,7.3,PASS_<20%,4418.13,102.0,NO,STANDBY_VEL_LOW,0,0.00,4590.00,72.36,FALSE,OPENING_SHIELD_ACTIVE_12s
2026-09-07 14:54:12.838,1788792852.838,2766,26,499,4419.20,4419.28,8.0,PASS_<=10c,+5.0,UP,+122.0,+718.0,4.2,+22.88,5.45,SLOW,4412.02,4419.30,4410.83,4413.90,0.00,0.00,0.0,BULLISH,847.0,4417.98,4419.25,4417.88,4419.20,12,ACTIVE_12s,137.0,122.0,5.0,10.0,3.6,7.3,3.6,PASS_<20%,4418.13,107.0,NO,STANDBY_VEL_LOW,0,0.00,4590.00,72.36,FALSE,OPENING_SHIELD_ACTIVE_12s
2026-09-07 14:54:13.340,1788792853.341,2767,27,500,4419.13,4419.21,8.0,PASS_<=10c,-7.0,DOWN,+115.0,+711.0,4.2,+13.01,3.10,SLOW,4412.02,4419.30,4410.83,4413.90,0.00,0.00,0.0,BULLISH,847.0,4417.98,4419.25,4417.88,4419.13,13,ACTIVE_13s,137.0,115.0,12.0,10.0,8.8,7.3,8.8,PASS_<20%,4418.13,100.0,NO,STANDBY_VEL_LOW,0,0.00,4590.00,72.36,FALSE,OPENING_SHIELD_ACTIVE_13s
2026-09-07 14:54:13.842,1788792853.842,2768,28,501,4419.17,4419.25,8.0,PASS_<=10c,+4.0,UP,+119.0,+715.0,4.2,+8.60,2.05,SLOW,4412.02,4419.30,4410.83,4413.90,0.00,0.00,0.0,BULLISH,847.0,4417.98,4419.25,4417.88,4419.17,13,ACTIVE_13s,137.0,119.0,8.0,10.0,5.8,7.3,5.8,PASS_<20%,4418.13,104.0,NO,STANDBY_VEL_LOW,0,0.00,4590.00,72.36,FALSE,OPENING_SHIELD_ACTIVE_13s
2026-09-07 14:54:14.344,1788792854.344,2769,29,502,4419.31,4419.39,8.0,PASS_<=10c,+14.0,UP,+133.0,+729.0,4.2,+7.20,1.71,SLOW,4412.02,4419.30,4410.83,4413.90,0.00,0.00,0.0,BULLISH,847.0,4417.98,4419.31,4417.88,4419.31,14,ACTIVE_14s,143.0,133.0,0.0,10.0,0.0,7.0,0.0,PASS_<20%,4418.13,118.0,NO,STANDBY_VEL_LOW,0,0.00,4590.00,72.36,FALSE,OPENING_SHIELD_ACTIVE_14s
2026-09-07 14:54:14.846,1788792854.846,2770,30,503,4419.32,4419.40,8.0,PASS_<=10c,+1.0,UP,+134.0,+730.0,4.2,+7.26,1.73,SLOW,4412.02,4419.30,4410.83,4413.90,0.00,0.00,0.0,BULLISH,847.0,4417.98,4419.32,4417.88,4419.32,14,ACTIVE_14s,144.0,134.0,0.0,10.0,0.0,6.9,0.0,PASS_<20%,4418.13,119.0,NO,STANDBY_VEL_LOW,0,0.00,4590.00,72.36,FALSE,OPENING_SHIELD_ACTIVE_14s
2026-09-07 14:54:15.348,1788792855.348,2771,31,504,4419.32,4419.40,8.0,PASS_<=10c,+0.0,FLAT,+134.0,+730.0,4.2,+7.22,1.72,SLOW,4412.02,4419.30,4410.83,4413.90,0.00,0.00,0.0,BULLISH,847.0,4417.98,4419.47,4417.88,4419.32,15,ACTIVE_15s,159.0,134.0,15.0,10.0,9.4,6.3,9.4,PASS_<20%,4418.13,119.0,NO,STANDBY_VEL_LOW,0,0.00,4590.00,72.36,FALSE,OPENING_SHIELD_ACTIVE_15s
2026-09-07 14:54:15.849,1788792855.849,2772,32,505,4419.29,4419.37,8.0,PASS_<=10c,-3.0,DOWN,+131.0,+727.0,4.2,+7.19,1.71,SLOW,4412.02,4419.30,4410.83,4413.90,0.00,0.00,0.0,BULLISH,847.0,4417.98,4419.47,4417.88,4419.29,15,ACTIVE_15s,159.0,131.0,18.0,10.0,11.3,6.3,11.3,PASS_<20%,4418.13,116.0,NO,STANDBY_VEL_LOW,0,0.00,4590.00,72.36,FALSE,OPENING_SHIELD_ACTIVE_15s
2026-09-07 14:54:16.351,1788792856.352,2773,33,506,4419.23,4419.31,8.0,PASS_<=10c,-6.0,DOWN,+125.0,+721.0,4.2,+6.92,1.65,SLOW,4412.02,4419.30,4410.83,4413.90,0.00,0.00,0.0,BULLISH,847.0,4417.98,4419.47,4417.88,4419.23,16,ACTIVE_16s,159.0,125.0,24.0,10.0,15.1,6.3,15.1,PASS_<20%,4418.13,110.0,NO,STANDBY_VEL_LOW,0,0.00,4590.00,72.36,FALSE,OPENING_SHIELD_ACTIVE_16s
2026-09-07 14:54:16.854,1788792856.854,2774,34,507,4419.09,4419.17,8.0,PASS_<=10c,-14.0,DOWN,+111.0,+707.0,4.2,+6.74,1.60,SLOW,4412.02,4419.30,4410.83,4413.90,0.00,0.00,0.0,BULLISH,847.0,4417.98,4419.47,4417.88,4419.09,16,ACTIVE_16s,159.0,111.0,38.0,10.0,23.9,6.3,23.9,BLOCKED_23.9%,4418.13,96.0,NO,STANDBY_VEL_LOW,0,0.00,4590.00,72.36,FALSE,OPP_WICK_TOO_HIGH_0.24|OPENING_SHIELD_ACTIVE_16s
2026-09-07 14:54:17.354,1788792857.355,2775,35,508,4419.09,4419.17,8.0,PASS_<=10c,+0.0,FLAT,+111.0,+707.0,4.2,+6.64,1.58,SLOW,4412.02,4419.30,4410.83,4413.90,0.00,0.00,0.0,BULLISH,847.0,4417.98,4419.47,4417.88,4419.09,17,ACTIVE_17s,159.0,111.0,38.0,10.0,23.9,6.3,23.9,BLOCKED_23.9%,4418.13,96.0,NO,STANDBY_VEL_LOW,0,0.00,4590.00,72.36,FALSE,OPP_WICK_TOO_HIGH_0.24|OPENING_SHIELD_ACTIVE_17s
2026-09-07 14:54:17.856,1788792857.857,2776,36,509,4419.24,4419.32,8.0,PASS_<=10c,+15.0,UP,+126.0,+722.0,4.2,+6.89,1.64,SLOW,4412.02,4419.30,4410.83,4413.90,0.00,0.00,0.0,BULLISH,847.0,4417.98,4419.47,4417.88,4419.24,17,ACTIVE_17s,159.0,126.0,23.0,10.0,14.5,6.3,14.5,PASS_<20%,4418.13,111.0,NO,STANDBY_VEL_LOW,0,0.00,4590.00,72.36,FALSE,OPENING_SHIELD_ACTIVE_17s
2026-09-07 14:54:18.358,1788792858.358,2777,37,510,4419.31,4419.39,8.0,PASS_<=10c,+7.0,UP,+133.0,+729.0,4.2,+6.79,1.62,SLOW,4412.02,4419.30,4410.83,4413.90,0.00,0.00,0.0,BULLISH,847.0,4417.98,4419.47,4417.88,4419.31,18,ACTIVE_18s,159.0,133.0,16.0,10.0,10.1,6.3,10.1,PASS_<20%,4418.13,118.0,NO,STANDBY_VEL_LOW,0,0.00,4590.00,72.36,FALSE,OPENING_SHIELD_ACTIVE_18s
2026-09-07 14:54:18.861,1788792858.861,2778,38,511,4419.31,4419.39,8.0,PASS_<=10c,+0.0,FLAT,+133.0,+729.0,4.2,+6.57,1.56,SLOW,4412.02,4419.30,4410.83,4413.90,0.00,0.00,0.0,BULLISH,847.0,4417.98,4419.47,4417.88,4419.31,18,ACTIVE_18s,159.0,133.0,16.0,10.0,10.1,6.3,10.1,PASS_<20%,4418.13,118.0,NO,STANDBY_VEL_LOW,0,0.00,4590.00,72.36,FALSE,OPENING_SHIELD_ACTIVE_18s
2026-09-07 14:54:19.362,1788792859.363,2779,39,512,4419.43,4419.51,8.0,PASS_<=10c,+12.0,UP,+145.0,+741.0,4.2,+6.84,1.63,SLOW,4412.02,4419.30,4410.83,4413.90,0.00,0.00,0.0,BULLISH,847.0,4417.98,4419.47,4417.88,4419.43,19,ACTIVE_19s,159.0,145.0,4.0,10.0,2.5,6.3,2.5,PASS_<20%,4418.13,130.0,NO,STANDBY_VEL_LOW,0,0.00,4590.00,72.36,FALSE,OPENING_SHIELD_ACTIVE_19s
2026-09-07 14:54:19.864,1788792859.865,2780,40,513,4419.33,4419.41,8.0,PASS_<=10c,-10.0,DOWN,+135.0,+731.0,4.2,+6.67,1.59,SLOW,4412.02,4419.30,4410.83,4413.90,0.00,0.00,0.0,BULLISH,847.0,4417.98,4419.47,4417.88,4419.33,19,ACTIVE_19s,159.0,135.0,14.0,10.0,8.8,6.3,8.8,PASS_<20%,4418.13,120.0,NO,STANDBY_VEL_LOW,0,0.00,4590.00,72.36,FALSE,OPENING_SHIELD_ACTIVE_19s
2026-09-07 14:54:20.366,1788792860.367,2781,41,514,4419.48,4419.56,8.0,PASS_<=10c,+15.0,UP,+150.0,+746.0,4.2,+6.92,1.65,SLOW,4412.02,4419.30,4410.83,4413.90,0.00,0.00,0.0,BULLISH,847.0,4417.98,4419.48,4417.88,4419.48,20,CLEARED_>=20s,160.0,150.0,0.0,10.0,0.0,6.2,0.0,PASS_<20%,4418.13,135.0,YES,STANDBY_VEL_LOW,0,0.00,4590.00,72.36,TRUE,READY_TO_FIRE
2026-09-07 14:54:20.868,1788792860.869,2782,42,515,4419.37,4419.45,8.0,PASS_<=10c,-11.0,DOWN,+139.0,+735.0,4.2,+6.74,1.60,SLOW,4412.02,4419.30,4410.83,4413.90,0.00,0.00,0.0,BULLISH,847.0,4417.98,4419.48,4417.88,4419.37,20,CLEARED_>=20s,160.0,139.0,11.0,10.0,6.9,6.2,6.9,PASS_<20%,4418.13,124.0,YES,STANDBY_VEL_LOW,0,0.00,4590.00,72.36,TRUE,READY_TO_FIRE
2026-09-07 14:54:21.370,1788792861.371,2783,43,516,4419.32,4419.40,8.0,PASS_<=10c,-5.0,DOWN,+134.0,+730.0,4.2,+5.54,1.32,SLOW,4412.02,4419.30,4410.83,4413.90,0.00,0.00,0.0,BULLISH,847.0,4417.98,4419.48,4417.88,4419.32,21,CLEARED_>=20s,160.0,134.0,16.0,10.0,10.0,6.2,10.0,PASS_<20%,4418.13,119.0,YES,STANDBY_VEL_LOW,0,0.00,4590.00,72.36,TRUE,READY_TO_FIRE
2026-09-07 14:54:21.872,1788792861.873,2784,44,517,4419.12,4419.20,8.0,PASS_<=10c,-20.0,DOWN,+114.0,+710.0,4.2,+5.02,1.20,SLOW,4412.02,4419.30,4410.83,4413.90,0.00,0.00,0.0,BULLISH,847.0,4417.98,4419.48,4417.88,4419.12,21,CLEARED_>=20s,160.0,114.0,36.0,10.0,22.5,6.2,22.5,BLOCKED_22.5%,4418.13,99.0,NO,STANDBY_VEL_LOW,0,0.00,4590.00,72.36,FALSE,OPP_WICK_TOO_HIGH_0.22
2026-09-07 14:54:22.374,1788792862.374,2785,45,518,4418.63,4418.71,8.0,PASS_<=10c,-49.0,DOWN,+65.0,+661.0,4.2,+11.75,2.80,SLOW,4412.02,4419.30,4410.83,4413.90,0.00,0.00,0.0,BULLISH,847.0,4417.98,4419.48,4417.88,4418.63,22,CLEARED_>=20s,160.0,65.0,85.0,10.0,53.1,6.2,53.1,BLOCKED_53.1%,4418.13,50.0,NO,STANDBY_VEL_LOW,0,0.00,4590.00,72.36,FALSE,OPP_WICK_TOO_HIGH_0.53
2026-09-07 14:54:22.876,1788792862.876,2786,46,519,4418.59,4418.67,8.0,PASS_<=10c,-4.0,DOWN,+61.0,+657.0,4.2,+16.15,3.85,SLOW,4412.02,4419.30,4410.83,4413.90,0.00,0.00,0.0,BULLISH,847.0,4417.98,4419.48,4417.88,4418.59,22,CLEARED_>=20s,160.0,61.0,89.0,10.0,55.6,6.2,55.6,BLOCKED_55.6%,4418.13,46.0,NO,STANDBY_VEL_LOW,0,0.00,4590.00,72.36,FALSE,OPP_WICK_TOO_HIGH_0.56
2026-09-07 14:54:23.378,1788792863.379,2787,47,520,4418.67,4418.75,8.0,PASS_<=10c,+8.0,UP,+69.0,+665.0,4.2,+13.42,3.20,SLOW,4412.02,4419.30,4410.83,4413.90,0.00,0.00,0.0,BULLISH,847.0,4417.98,4419.48,4417.88,4418.67,23,CLEARED_>=20s,160.0,69.0,81.0,10.0,50.6,6.2,50.6,BLOCKED_50.6%,4418.13,54.0,NO,STANDBY_VEL_LOW,0,0.00,4590.00,72.36,FALSE,OPP_WICK_TOO_HIGH_0.51
2026-09-07 14:54:23.880,1788792863.880,2788,48,521,4418.70,4418.78,8.0,PASS_<=10c,+3.0,UP,+72.0,+668.0,4.2,+15.10,3.60,SLOW,4412.02,4419.30,4410.83,4413.90,0.00,0.00,0.0,BULLISH,847.0,4417.98,4419.48,4417.88,4418.70,23,CLEARED_>=20s,160.0,72.0,78.0,10.0,48.8,6.2,48.8,BLOCKED_48.8%,4418.13,57.0,NO,STANDBY_VEL_LOW,0,0.00,4590.00,72.36,FALSE,OPP_WICK_TOO_HIGH_0.49
2026-09-07 14:54:24.383,1788792864.383,2789,49,522,4418.54,4418.62,8.0,PASS_<=10c,-16.0,DOWN,+56.0,+652.0,4.2,+18.24,4.34,SLOW,4412.02,4419.30,4410.83,4413.90,0.00,0.00,0.0,BULLISH,847.0,4417.98,4419.48,4417.88,4418.54,24,CLEARED_>=20s,160.0,56.0,94.0,10.0,58.7,6.2,58.7,BLOCKED_58.7%,4418.13,41.0,NO,STANDBY_VEL_LOW,0,0.00,4590.00,72.36,FALSE,OPP_WICK_TOO_HIGH_0.59
2026-09-07 14:54:24.884,1788792864.885,2790,50,523,4418.43,4418.51,8.0,PASS_<=10c,-11.0,DOWN,+45.0,+641.0,4.2,+19.08,4.54,SLOW,4412.02,4419.30,4410.83,4413.90,0.00,0.00,0.0,BULLISH,847.0,4417.98,4419.48,4417.88,4418.43,24,CLEARED_>=20s,160.0,45.0,105.0,10.0,65.6,6.2,65.6,BLOCKED_65.6%,4418.13,30.0,NO,STANDBY_VEL_LOW,0,0.00,4590.00,72.36,FALSE,OPP_WICK_TOO_HIGH_0.66
2026-09-07 14:54:25.385,1788792865.386,2791,51,524,4418.41,4418.49,8.0,PASS_<=10c,-2.0,DOWN,+43.0,+639.0,4.2,+20.14,4.80,SLOW,4412.02,4419.30,4410.83,4413.90,0.00,0.00,0.0,BULLISH,847.0,4417.98,4419.48,4417.88,4418.41,25,CLEARED_>=20s,160.0,43.0,107.0,10.0,66.9,6.2,66.9,BLOCKED_66.9%,4418.13,28.0,NO,STANDBY_VEL_LOW,0,0.00,4590.00,72.36,FALSE,OPP_WICK_TOO_HIGH_0.67
2026-09-07 14:54:25.887,1788792865.887,2792,52,525,4418.37,4418.45,8.0,PASS_<=10c,-4.0,DOWN,+39.0,+635.0,4.2,+20.14,4.80,SLOW,4412.02,4419.30,4410.83,4413.90,0.00,0.00,0.0,BULLISH,847.0,4417.98,4419.48,4417.88,4418.37,25,CLEARED_>=20s,160.0,39.0,111.0,10.0,69.4,6.2,69.4,BLOCKED_69.4%,4418.13,24.0,NO,STANDBY_VEL_LOW,0,0.00,4590.00,72.36,FALSE,OPP_WICK_TOO_HIGH_0.69
2026-09-07 14:54:26.388,1788792866.389,2793,53,526,4418.37,4418.45,8.0,PASS_<=10c,+0.0,FLAT,+39.0,+635.0,4.2,+19.51,4.65,SLOW,4412.02,4419.30,4410.83,4413.90,0.00,0.00,0.0,BULLISH,847.0,4417.98,4419.48,4417.88,4418.37,26,CLEARED_>=20s,160.0,39.0,111.0,10.0,69.4,6.2,69.4,BLOCKED_69.4%,4418.13,24.0,NO,STANDBY_VEL_LOW,0,0.00,4590.00,72.36,FALSE,OPP_WICK_TOO_HIGH_0.69
2026-09-07 14:54:26.890,1788792866.891,2794,54,527,4418.37,4418.45,8.0,PASS_<=10c,+0.0,FLAT,+39.0,+635.0,4.2,+12.38,2.95,SLOW,4412.02,4419.30,4410.83,4413.90,0.00,0.00,0.0,BULLISH,847.0,4417.98,4419.48,4417.88,4418.37,26,CLEARED_>=20s,160.0,39.0,111.0,10.0,69.4,6.2,69.4,BLOCKED_69.4%,4418.13,24.0,NO,STANDBY_VEL_LOW,0,0.00,4590.00,72.36,FALSE,OPP_WICK_TOO_HIGH_0.69
2026-09-07 14:54:27.392,1788792867.393,2795,55,528,4418.37,4418.45,8.0,PASS_<=10c,+0.0,FLAT,+39.0,+635.0,4.2,+4.61,1.10,SLOW,4412.02,4419.30,4410.83,4413.90,0.00,0.00,0.0,BULLISH,847.0,4417.98,4419.48,4417.88,4418.37,27,CLEARED_>=20s,160.0,39.0,111.0,10.0,69.4,6.2,69.4,BLOCKED_69.4%,4418.13,24.0,NO,STANDBY_VEL_LOW,0,0.00,4590.00,72.36,FALSE,OPP_WICK_TOO_HIGH_0.69
2026-09-07 14:54:27.894,1788792867.894,2796,56,529,4418.33,4418.41,8.0,PASS_<=10c,-4.0,DOWN,+35.0,+631.0,4.2,+3.25,0.77,SLOW,4412.02,4419.30,4410.83,4413.90,0.00,0.00,0.0,BULLISH,847.0,4417.98,4419.48,4417.88,4418.33,27,CLEARED_>=20s,160.0,35.0,115.0,10.0,71.9,6.2,71.9,BLOCKED_71.9%,4418.13,20.0,NO,STANDBY_VEL_LOW,0,0.00,4590.00,72.36,FALSE,OPP_WICK_TOO_HIGH_0.72
2026-09-07 14:54:28.396,1788792868.396,2797,57,530,4418.36,4418.44,8.0,PASS_<=10c,+3.0,UP,+38.0,+634.0,4.2,+7.13,1.70,SLOW,4412.02,4419.30,4410.83,4413.90,0.00,0.00,0.0,BULLISH,847.0,4417.98,4419.48,4417.88,4418.36,28,CLEARED_>=20s,160.0,38.0,112.0,10.0,70.0,6.2,70.0,BLOCKED_70.0%,4418.13,23.0,NO,STANDBY_VEL_LOW,0,0.00,4590.00,72.36,FALSE,OPP_WICK_TOO_HIGH_0.70
2026-09-07 14:54:28.897,1788792868.897,2798,58,531,4418.38,4418.46,8.0,PASS_<=10c,+2.0,UP,+40.0,+636.0,4.2,+5.67,1.35,SLOW,4412.02,4419.30,4410.83,4413.90,0.00,0.00,0.0,BULLISH,847.0,4417.98,4419.48,4417.88,4418.38,28,CLEARED_>=20s,160.0,40.0,110.0,10.0,68.7,6.2,68.7,BLOCKED_68.7%,4418.13,25.0,NO,STANDBY_VEL_LOW,0,0.00,4590.00,72.36,FALSE,OPP_WICK_TOO_HIGH_0.69
2026-09-07 14:54:29.399,1788792869.400,2799,59,532,4418.38,4418.46,8.0,PASS_<=10c,+0.0,FLAT,+40.0,+636.0,4.2,+3.17,0.75,SLOW,4412.02,4419.30,4410.83,4413.90,0.00,0.00,0.0,BULLISH,847.0,4417.98,4419.48,4417.88,4418.38,29,CLEARED_>=20s,160.0,40.0,110.0,10.0,68.7,6.2,68.7,BLOCKED_68.7%,4418.13,25.0,NO,STANDBY_VEL_LOW,0,0.00,4590.00,72.36,FALSE,OPP_WICK_TOO_HIGH_0.69
2026-09-07 14:54:29.901,1788792869.901,2800,60,533,4418.41,4418.49,8.0,PASS_<=10c,+3.0,UP,+43.0,+639.0,4.2,+3.24,0.77,SLOW,4412.02,4419.30,4410.83,4413.90,0.00,0.00,0.0,BULLISH,847.0,4417.98,4419.48,4417.88,4418.41,29,CLEARED_>=20s,160.0,43.0,107.0,10.0,66.9,6.2,66.9,BLOCKED_66.9%,4418.13,28.0,NO,STANDBY_VEL_LOW,0,0.00,4590.00,72.36,FALSE,OPP_WICK_TOO_HIGH_0.67
2026-09-07 14:54:30.403,1788792870.404,2801,61,534,4418.63,4418.71,8.0,PASS_<=10c,+22.0,UP,+65.0,+661.0,4.2,+4.82,1.15,SLOW,4412.02,4419.30,4410.83,4413.90,0.00,0.00,0.0,BULLISH,847.0,4417.98,4419.48,4417.88,4418.63,30,CLEARED_>=20s,160.0,65.0,85.0,10.0,53.1,6.2,53.1,BLOCKED_53.1%,4418.13,50.0,NO,STANDBY_VEL_LOW,0,0.00,4590.00,72.36,FALSE,OPP_WICK_TOO_HIGH_0.53
2026-09-07 14:54:30.904,1788792870.905,2802,62,535,4418.62,4418.70,8.0,PASS_<=10c,-1.0,DOWN,+64.0,+660.0,4.2,+5.24,1.25,SLOW,4412.02,4419.30,4410.83,4413.90,0.00,0.00,0.0,BULLISH,847.0,4417.98,4419.48,4417.88,4418.62,30,CLEARED_>=20s,160.0,64.0,86.0,10.0,53.7,6.2,53.7,BLOCKED_53.7%,4418.13,49.0,NO,STANDBY_VEL_LOW,0,0.00,4590.00,72.36,FALSE,OPP_WICK_TOO_HIGH_0.54
2026-09-07 14:54:31.406,1788792871.406,2803,63,536,4418.51,4418.59,8.0,PASS_<=10c,-11.0,DOWN,+53.0,+649.0,4.2,+3.62,0.86,SLOW,4412.02,4419.30,4410.83,4413.90,0.00,0.00,0.0,BULLISH,847.0,4417.98,4419.48,4417.88,4418.51,31,CLEARED_>=20s,160.0,53.0,97.0,10.0,60.6,6.2,60.6,BLOCKED_60.6%,4418.13,38.0,NO,STANDBY_VEL_LOW,0,0.00,4590.00,72.36,FALSE,OPP_WICK_TOO_HIGH_0.61
2026-09-07 14:54:31.908,1788792871.908,2804,64,537,4418.33,4418.41,8.0,PASS_<=10c,-18.0,DOWN,+35.0,+631.0,4.2,+3.25,0.77,SLOW,4412.02,4419.30,4410.83,4413.90,0.00,0.00,0.0,BULLISH,847.0,4417.98,4419.48,4417.88,4418.33,31,CLEARED_>=20s,160.0,35.0,115.0,10.0,71.9,6.2,71.9,BLOCKED_71.9%,4418.13,20.0,NO,STANDBY_VEL_LOW,0,0.00,4590.00,72.36,FALSE,OPP_WICK_TOO_HIGH_0.72
2026-09-07 14:54:32.409,1788792872.409,2805,65,538,4418.04,4418.12,8.0,PASS_<=10c,-29.0,DOWN,+6.0,+602.0,4.2,+5.46,1.30,SLOW,4412.02,4419.30,4410.83,4413.90,0.00,0.00,0.0,BULLISH,847.0,4417.98,4419.48,4417.88,4418.04,32,CLEARED_>=20s,160.0,6.0,144.0,10.0,90.0,6.2,90.0,BLOCKED_90.0%,4418.13,9.0,NO,STANDBY_VEL_LOW,0,0.00,4590.00,72.36,FALSE,OPP_WICK_TOO_HIGH_0.90|PRICE_BELOW_15C_DISPLACEMENT
2026-09-07 14:54:32.911,1788792872.911,2806,66,539,4417.97,4418.05,8.0,PASS_<=10c,-7.0,DOWN,-1.0,+595.0,4.2,+7.55,1.80,SLOW,4412.02,4419.30,4410.83,4413.90,0.00,0.00,0.0,BULLISH,847.0,4417.98,4419.48,4417.88,4417.97,32,CLEARED_>=20s,160.0,1.0,150.0,9.0,93.8,5.6,93.8,BLOCKED_93.8%,0.00,0.0,NO,STANDBY_VEL_LOW,0,0.00,4590.00,72.36,FALSE,M1_DIRECTION_MISMATCH
2026-09-07 14:54:33.412,1788792873.413,2807,67,540,4417.95,4418.03,8.0,PASS_<=10c,-2.0,DOWN,-3.0,+593.0,4.2,+8.81,2.10,SLOW,4412.02,4419.30,4410.83,4413.90,0.00,0.00,0.0,BULLISH,847.0,4417.98,4419.48,4417.88,4417.95,33,CLEARED_>=20s,160.0,3.0,150.0,7.0,93.8,4.4,93.8,BLOCKED_93.8%,0.00,0.0,NO,STANDBY_VEL_LOW,0,0.00,4590.00,72.36,FALSE,M1_DIRECTION_MISMATCH
2026-09-07 14:54:33.915,1788792873.916,2808,68,541,4417.65,4417.73,8.0,PASS_<=10c,-30.0,DOWN,-33.0,+563.0,4.2,+15.31,3.65,SLOW,4412.02,4419.30,4410.83,4413.90,0.00,0.00,0.0,BULLISH,847.0,4417.98,4419.48,4417.65,4417.65,33,CLEARED_>=20s,183.0,33.0,150.0,0.0,82.0,0.0,82.0,BLOCKED_82.0%,0.00,0.0,NO,STANDBY_VEL_LOW,0,0.00,4590.00,72.36,FALSE,M1_DIRECTION_MISMATCH
2026-09-07 14:54:34.417,1788792874.418,2809,69,542,4417.64,4417.72,8.0,PASS_<=10c,-1.0,DOWN,-34.0,+562.0,4.2,+16.15,3.85,SLOW,4412.02,4419.30,4410.83,4413.90,0.00,0.00,0.0,BULLISH,847.0,4417.98,4419.48,4417.63,4417.64,34,CLEARED_>=20s,185.0,34.0,150.0,1.0,81.1,0.5,81.1,BLOCKED_81.1%,0.00,0.0,NO,STANDBY_VEL_LOW,0,0.00,4590.00,72.36,FALSE,M1_DIRECTION_MISMATCH
2026-09-07 14:54:34.918,1788792874.919,2810,70,543,4417.45,4417.53,8.0,PASS_<=10c,-19.0,DOWN,-53.0,+543.0,4.2,+24.13,5.75,SLOW,4412.02,4419.30,4410.83,4413.90,0.00,0.00,0.0,BULLISH,847.0,4417.98,4419.48,4417.45,4417.45,34,CLEARED_>=20s,203.0,53.0,150.0,0.0,73.9,0.0,73.9,BLOCKED_73.9%,0.00,0.0,NO,STANDBY_VEL_LOW,0,0.00,4590.00,72.36,FALSE,M1_DIRECTION_MISMATCH
2026-09-07 14:54:35.421,1788792875.421,2811,71,544,4417.45,4417.53,8.0,PASS_<=10c,+0.0,FLAT,-53.0,+543.0,4.2,+24.54,5.84,SLOW,4412.02,4419.30,4410.83,4413.90,0.00,0.00,0.0,BULLISH,847.0,4417.98,4419.48,4417.45,4417.45,35,CLEARED_>=20s,203.0,53.0,150.0,0.0,73.9,0.0,73.9,BLOCKED_73.9%,0.00,0.0,NO,STANDBY_VEL_LOW,0,0.00,4590.00,72.36,FALSE,M1_DIRECTION_MISMATCH
2026-09-07 14:54:35.923,1788792875.924,2812,72,545,4417.45,4417.53,8.0,PASS_<=10c,+0.0,FLAT,-53.0,+543.0,4.2,+22.44,5.34,SLOW,4412.02,4419.30,4410.83,4413.90,0.00,0.00,0.0,BULLISH,847.0,4417.98,4419.48,4417.45,4417.45,35,CLEARED_>=20s,203.0,53.0,150.0,0.0,73.9,0.0,73.9,BLOCKED_73.9%,0.00,0.0,NO,STANDBY_VEL_LOW,0,0.00,4590.00,72.36,FALSE,M1_DIRECTION_MISMATCH
2026-09-07 14:54:36.425,1788792876.426,2813,73,546,4417.41,4417.49,8.0,PASS_<=10c,-4.0,DOWN,-57.0,+539.0,4.2,+19.29,4.59,SLOW,4412.02,4419.30,4410.83,4413.90,0.00,0.00,0.0,BULLISH,847.0,4417.98,4419.48,4417.41,4417.41,36,CLEARED_>=20s,207.0,57.0,150.0,0.0,72.5,0.0,72.5,BLOCKED_72.5%,0.00,0.0,NO,STANDBY_VEL_LOW,0,0.00,4590.00,72.36,FALSE,M1_DIRECTION_MISMATCH
2026-09-07 14:54:36.926,1788792876.927,2814,74,547,4417.46,4417.54,8.0,PASS_<=10c,+5.0,UP,-52.0,+544.0,4.2,+16.57,3.95,SLOW,4412.02,4419.30,4410.83,4413.90,0.00,0.00,0.0,BULLISH,847.0,4417.98,4419.48,4417.41,4417.46,36,CLEARED_>=20s,207.0,52.0,150.0,5.0,72.5,2.4,72.5,BLOCKED_72.5%,0.00,0.0,NO,STANDBY_VEL_LOW,0,0.00,4590.00,72.36,FALSE,M1_DIRECTION_MISMATCH
2026-09-07 14:54:37.428,1788792877.428,2815,75,548,4417.47,4417.55,8.0,PASS_<=10c,+1.0,UP,-51.0,+545.0,4.2,+10.28,2.45,SLOW,4412.02,4419.30,4410.83,4413.90,0.00,0.00,0.0,BULLISH,847.0,4417.98,4419.48,4417.41,4417.47,37,CLEARED_>=20s,207.0,51.0,150.0,6.0,72.5,2.9,72.5,BLOCKED_72.5%,0.00,0.0,NO,STANDBY_VEL_LOW,0,0.00,4590.00,72.36,FALSE,M1_DIRECTION_MISMATCH
2026-09-07 14:54:37.930,1788792877.930,2816,76,549,4417.23,4417.31,8.0,PASS_<=10c,-24.0,DOWN,-75.0,+521.0,4.2,+15.52,3.70,SLOW,4412.02,4419.30,4410.83,4413.90,0.00,0.00,0.0,BULLISH,847.0,4417.98,4419.48,4417.23,4417.23,37,CLEARED_>=20s,225.0,75.0,150.0,0.0,66.7,0.0,66.7,BLOCKED_66.7%,0.00,0.0,NO,STANDBY_VEL_LOW,0,0.00,4590.00,72.36,FALSE,M1_DIRECTION_MISMATCH
2026-09-07 14:54:38.430,1788792878.431,2817,77,550,4417.19,4417.27,8.0,PASS_<=10c,-4.0,DOWN,-79.0,+517.0,4.2,+13.43,3.20,SLOW,4412.02,4419.30,4410.83,4413.90,0.00,0.00,0.0,BULLISH,847.0,4417.98,4419.48,4417.19,4417.19,38,CLEARED_>=20s,229.0,79.0,150.0,0.0,65.5,0.0,65.5,BLOCKED_65.5%,0.00,0.0,NO,STANDBY_VEL_LOW,0,0.00,4590.00,72.36,FALSE,M1_DIRECTION_MISMATCH
2026-09-07 14:54:38.932,1788792878.933,2818,78,551,4417.16,4417.24,8.0,PASS_<=10c,-3.0,DOWN,-82.0,+514.0,4.2,+9.86,2.35,SLOW,4412.02,4419.30,4410.83,4413.90,0.00,0.00,0.0,BULLISH,847.0,4417.98,4419.48,4417.16,4417.16,38,CLEARED_>=20s,232.0,82.0,150.0,0.0,64.7,0.0,64.7,BLOCKED_64.7%,0.00,0.0,NO,STANDBY_VEL_LOW,0,0.00,4590.00,72.36,FALSE,M1_DIRECTION_MISMATCH
2026-09-07 14:54:39.433,1788792879.434,2819,79,552,4417.15,4417.23,8.0,PASS_<=10c,-1.0,DOWN,-83.0,+513.0,4.2,+8.18,1.95,SLOW,4412.02,4419.30,4410.83,4413.90,0.00,0.00,0.0,BULLISH,847.0,4417.98,4419.48,4417.15,4417.15,39,CLEARED_>=20s,233.0,83.0,150.0,0.0,64.4,0.0,64.4,BLOCKED_64.4%,0.00,0.0,NO,STANDBY_VEL_LOW,0,0.00,4590.00,72.36,FALSE,M1_DIRECTION_MISMATCH
2026-09-07 14:54:39.935,1788792879.935,2820,80,553,4417.09,4417.17,8.0,PASS_<=10c,-6.0,DOWN,-89.0,+507.0,4.2,+7.56,1.80,SLOW,4412.02,4419.30,4410.83,4413.90,0.00,0.00,0.0,BULLISH,847.0,4417.98,4419.48,4417.09,4417.09,39,CLEARED_>=20s,239.0,89.0,150.0,0.0,62.8,0.0,62.8,BLOCKED_62.8%,0.00,0.0,NO,STANDBY_VEL_LOW,0,0.00,4590.00,72.36,FALSE,M1_DIRECTION_MISMATCH
2026-09-07 14:54:40.436,1788792880.437,2821,81,554,4417.09,4417.17,8.0,PASS_<=10c,+0.0,FLAT,-89.0,+507.0,4.2,+7.98,1.90,SLOW,4412.02,4419.30,4410.83,4413.90,0.00,0.00,0.0,BULLISH,847.0,4417.98,4419.48,4417.09,4417.09,40,CLEARED_>=20s,239.0,89.0,150.0,0.0,62.8,0.0,62.8,BLOCKED_62.8%,0.00,0.0,NO,STANDBY_VEL_LOW,0,0.00,4590.00,72.36,FALSE,M1_DIRECTION_MISMATCH
2026-09-07 14:54:40.939,1788792880.939,2822,82,555,4417.16,4417.24,8.0,PASS_<=10c,+7.0,UP,-82.0,+514.0,4.2,+6.30,1.50,SLOW,4412.02,4419.30,4410.83,4413.90,0.00,0.00,0.0,BULLISH,847.0,4417.98,4419.48,4417.09,4417.16,40,CLEARED_>=20s,239.0,82.0,150.0,7.0,62.8,2.9,62.8,BLOCKED_62.8%,0.00,0.0,NO,STANDBY_VEL_LOW,0,0.00,4590.00,72.36,FALSE,M1_DIRECTION_MISMATCH
2026-09-07 14:54:41.440,1788792881.440,2823,83,556,4417.10,4417.18,8.0,PASS_<=10c,-6.0,DOWN,-88.0,+508.0,4.2,+8.82,2.10,SLOW,4412.02,4419.30,4410.83,4413.90,0.00,0.00,0.0,BULLISH,847.0,4417.98,4419.48,4417.09,4417.10,41,CLEARED_>=20s,239.0,88.0,150.0,1.0,62.8,0.4,62.8,BLOCKED_62.8%,0.00,0.0,NO,STANDBY_VEL_LOW,0,0.00,4590.00,72.36,FALSE,M1_DIRECTION_MISMATCH
2026-09-07 14:54:41.943,1788792881.944,2824,84,557,4417.17,4417.25,8.0,PASS_<=10c,+7.0,UP,-81.0,+515.0,4.2,+6.30,1.50,SLOW,4412.02,4419.30,4410.83,4413.90,0.00,0.00,0.0,BULLISH,847.0,4417.98,4419.48,4417.09,4417.17,41,CLEARED_>=20s,239.0,81.0,150.0,8.0,62.8,3.3,62.8,BLOCKED_62.8%,0.00,0.0,NO,STANDBY_VEL_LOW,0,0.00,4590.00,72.36,FALSE,M1_DIRECTION_MISMATCH
2026-09-07 14:54:42.444,1788792882.444,2825,85,558,4417.17,4417.25,8.0,PASS_<=10c,+0.0,FLAT,-81.0,+515.0,4.2,+5.46,1.30,SLOW,4412.02,4419.30,4410.83,4413.90,0.00,0.00,0.0,BULLISH,847.0,4417.98,4419.48,4417.09,4417.17,42,CLEARED_>=20s,239.0,81.0,150.0,8.0,62.8,3.3,62.8,BLOCKED_62.8%,0.00,0.0,NO,STANDBY_VEL_LOW,0,0.00,4590.00,72.36,FALSE,M1_DIRECTION_MISMATCH
2026-09-07 14:54:42.945,1788792882.946,2826,86,559,4417.17,4417.25,8.0,PASS_<=10c,+0.0,FLAT,-81.0,+515.0,4.2,+1.26,0.30,SLOW,4412.02,4419.30,4410.83,4413.90,0.00,0.00,0.0,BULLISH,847.0,4417.98,4419.48,4417.09,4417.17,42,CLEARED_>=20s,239.0,81.0,150.0,8.0,62.8,3.3,62.8,BLOCKED_62.8%,0.00,0.0,NO,STANDBY_VEL_LOW,0,0.00,4590.00,72.36,FALSE,M1_DIRECTION_MISMATCH
2026-09-07 14:54:43.447,1788792883.448,2827,87,560,4417.20,4417.28,8.0,PASS_<=10c,+3.0,UP,-78.0,+518.0,4.2,+0.84,0.20,SLOW,4412.02,4419.30,4410.83,4413.90,0.00,0.00,0.0,BULLISH,847.0,4417.98,4419.48,4417.09,4417.20,43,CLEARED_>=20s,239.0,78.0,150.0,11.0,62.8,4.6,62.8,BLOCKED_62.8%,0.00,0.0,NO,STANDBY_VEL_LOW,0,0.00,4590.00,72.36,FALSE,M1_DIRECTION_MISMATCH
2026-09-07 14:54:43.949,1788792883.950,2828,88,561,4417.20,4417.28,8.0,PASS_<=10c,+0.0,FLAT,-78.0,+518.0,4.2,+0.84,0.20,SLOW,4412.02,4419.30,4410.83,4413.90,0.00,0.00,0.0,BULLISH,847.0,4417.98,4419.48,4417.09,4417.20,43,CLEARED_>=20s,239.0,78.0,150.0,11.0,62.8,4.6,62.8,BLOCKED_62.8%,0.00,0.0,NO,STANDBY_VEL_LOW,0,0.00,4590.00,72.36,FALSE,M1_DIRECTION_MISMATCH
2026-09-07 14:54:44.450,1788792884.451,2829,89,562,4417.13,4417.21,8.0,PASS_<=10c,-7.0,DOWN,-85.0,+511.0,4.2,+0.63,0.15,SLOW,4412.02,4419.30,4410.83,4413.90,0.00,0.00,0.0,BULLISH,847.0,4417.98,4419.48,4417.09,4417.13,44,CLEARED_>=20s,239.0,85.0,150.0,4.0,62.8,1.7,62.8,BLOCKED_62.8%,0.00,0.0,NO,STANDBY_VEL_LOW,0,0.00,4590.00,72.36,FALSE,M1_DIRECTION_MISMATCH
2026-09-07 14:54:44.953,1788792884.954,2830,90,563,4417.09,4417.17,8.0,PASS_<=10c,-4.0,DOWN,-89.0,+507.0,4.2,+0.00,0.00,SLOW,4412.02,4419.30,4410.83,4413.90,0.00,0.00,0.0,BULLISH,847.0,4417.98,4419.48,4417.09,4417.09,44,CLEARED_>=20s,239.0,89.0,150.0,0.0,62.8,0.0,62.8,BLOCKED_62.8%,0.00,0.0,NO,STANDBY_VEL_LOW,0,0.00,4590.00,72.36,FALSE,M1_DIRECTION_MISMATCH
2026-09-07 14:54:45.455,1788792885.456,2831,91,564,4417.00,4417.08,8.0,PASS_<=10c,-9.0,DOWN,-98.0,+498.0,4.2,+3.36,0.80,SLOW,4412.02,4419.30,4410.83,4413.90,0.00,0.00,0.0,BULLISH,847.0,4417.98,4419.48,4417.00,4417.00,45,CLEARED_>=20s,248.0,98.0,150.0,0.0,60.5,0.0,60.5,BLOCKED_60.5%,0.00,0.0,NO,STANDBY_VEL_LOW,0,0.00,4590.00,72.36,FALSE,M1_DIRECTION_MISMATCH
2026-09-07 14:54:45.958,1788792885.958,2832,92,565,4416.85,4416.93,8.0,PASS_<=10c,-15.0,DOWN,-113.0,+483.0,4.2,+6.08,1.45,SLOW,4412.02,4419.30,4410.83,4413.90,0.00,0.00,0.0,BULLISH,847.0,4417.98,4419.48,4416.85,4416.85,45,CLEARED_>=20s,263.0,113.0,150.0,0.0,57.0,0.0,57.0,BLOCKED_57.0%,0.00,0.0,NO,STANDBY_VEL_LOW,0,0.00,4590.00,72.36,FALSE,M1_DIRECTION_MISMATCH
2026-09-07 14:54:46.460,1788792886.460,2833,93,566,4416.88,4416.96,8.0,PASS_<=10c,+3.0,UP,-110.0,+486.0,4.2,+5.66,1.35,SLOW,4412.02,4419.30,4410.83,4413.90,0.00,0.00,0.0,BULLISH,847.0,4417.98,4419.48,4416.85,4416.88,46,CLEARED_>=20s,263.0,110.0,150.0,3.0,57.0,1.1,57.0,BLOCKED_57.0%,0.00,0.0,NO,STANDBY_VEL_LOW,0,0.00,4590.00,72.36,FALSE,M1_DIRECTION_MISMATCH
2026-09-07 14:54:46.962,1788792886.963,2834,94,567,4416.95,4417.03,8.0,PASS_<=10c,+7.0,UP,-103.0,+493.0,4.2,+4.61,1.10,SLOW,4412.02,4419.30,4410.83,4413.90,0.00,0.00,0.0,BULLISH,847.0,4417.98,4419.48,4416.85,4416.95,46,CLEARED_>=20s,263.0,103.0,150.0,10.0,57.0,3.8,57.0,BLOCKED_57.0%,0.00,0.0,NO,STANDBY_VEL_LOW,0,0.00,4590.00,72.36,FALSE,M1_DIRECTION_MISMATCH
2026-09-07 14:54:47.463,1788792887.464,2835,95,568,4416.94,4417.02,8.0,PASS_<=10c,-1.0,DOWN,-104.0,+492.0,4.2,+5.24,1.25,SLOW,4412.02,4419.30,4410.83,4413.90,0.00,0.00,0.0,BULLISH,847.0,4417.98,4419.48,4416.85,4416.94,47,CLEARED_>=20s,263.0,104.0,150.0,9.0,57.0,3.4,57.0,BLOCKED_57.0%,0.00,0.0,NO,STANDBY_VEL_LOW,0,0.00,4590.00,72.36,FALSE,M1_DIRECTION_MISMATCH
2026-09-07 14:54:47.964,1788792887.965,2836,96,569,4416.92,4417.00,8.0,PASS_<=10c,-2.0,DOWN,-106.0,+490.0,4.2,+4.82,1.15,SLOW,4412.02,4419.30,4410.83,4413.90,0.00,0.00,0.0,BULLISH,847.0,4417.98,4419.48,4416.85,4416.92,47,CLEARED_>=20s,263.0,106.0,150.0,7.0,57.0,2.7,57.0,BLOCKED_57.0%,0.00,0.0,NO,STANDBY_VEL_LOW,0,0.00,4590.00,72.36,FALSE,M1_DIRECTION_MISMATCH
2026-09-07 14:54:48.466,1788792888.467,2837,97,570,4416.94,4417.02,8.0,PASS_<=10c,+2.0,UP,-104.0,+492.0,4.2,+5.45,1.30,SLOW,4412.02,4419.30,4410.83,4413.90,0.00,0.00,0.0,BULLISH,847.0,4417.98,4419.48,4416.85,4416.94,48,CLEARED_>=20s,263.0,104.0,150.0,9.0,57.0,3.4,57.0,BLOCKED_57.0%,0.00,0.0,NO,STANDBY_VEL_LOW,0,0.00,4590.00,72.36,FALSE,M1_DIRECTION_MISMATCH
2026-09-07 14:54:48.969,1788792888.970,2838,98,571,4416.90,4416.98,8.0,PASS_<=10c,-4.0,DOWN,-108.0,+488.0,4.2,+4.61,1.10,SLOW,4412.02,4419.30,4410.83,4413.90,0.00,0.00,0.0,BULLISH,847.0,4417.98,4419.48,4416.85,4416.90,48,CLEARED_>=20s,263.0,108.0,150.0,5.0,57.0,1.9,57.0,BLOCKED_57.0%,0.00,0.0,NO,STANDBY_VEL_LOW,0,0.00,4590.00,72.36,FALSE,M1_DIRECTION_MISMATCH
2026-09-07 14:54:49.471,1788792889.472,2839,99,572,4416.92,4417.00,8.0,PASS_<=10c,+2.0,UP,-106.0,+490.0,4.2,+3.56,0.85,SLOW,4412.02,4419.30,4410.83,4413.90,0.00,0.00,0.0,BULLISH,847.0,4417.98,4419.48,4416.85,4416.92,49,CLEARED_>=20s,263.0,106.0,150.0,7.0,57.0,2.7,57.0,BLOCKED_57.0%,0.00,0.0,NO,STANDBY_VEL_LOW,0,0.00,4590.00,72.36,FALSE,M1_DIRECTION_MISMATCH
2026-09-07 14:54:49.973,1788792889.974,2840,100,573,4416.79,4416.87,8.0,PASS_<=10c,-13.0,DOWN,-119.0,+477.0,4.2,+5.24,1.25,SLOW,4412.02,4419.30,4410.83,4413.90,0.00,0.00,0.0,BULLISH,847.0,4417.98,4419.48,4416.79,4416.79,49,CLEARED_>=20s,269.0,119.0,150.0,0.0,55.8,0.0,55.8,BLOCKED_55.8%,0.00,0.0,NO,STANDBY_VEL_LOW,0,0.00,4590.00,72.36,FALSE,M1_DIRECTION_MISMATCH
2026-09-07 14:54:50.475,1788792890.476,2841,101,574,4416.84,4416.92,8.0,PASS_<=10c,+5.0,UP,-114.0,+482.0,4.2,+1.26,0.30,SLOW,4412.02,4419.30,4410.83,4413.90,0.00,0.00,0.0,BULLISH,847.0,4417.98,4419.48,4416.79,4416.84,50,CLEARED_>=20s,269.0,114.0,150.0,5.0,55.8,1.9,55.8,BLOCKED_55.8%,0.00,0.0,NO,STANDBY_VEL_LOW,0,0.00,4590.00,72.36,FALSE,M1_DIRECTION_MISMATCH
2026-09-07 14:54:50.977,1788792890.978,2842,102,575,4416.80,4416.88,8.0,PASS_<=10c,-4.0,DOWN,-118.0,+478.0,4.2,+1.47,0.35,SLOW,4412.02,4419.30,4410.83,4413.90,0.00,0.00,0.0,BULLISH,847.0,4417.98,4419.48,4416.79,4416.80,50,CLEARED_>=20s,269.0,118.0,150.0,1.0,55.8,0.4,55.8,BLOCKED_55.8%,0.00,0.0,NO,STANDBY_VEL_LOW,0,0.00,4590.00,72.36,FALSE,M1_DIRECTION_MISMATCH
2026-09-07 14:54:51.478,1788792891.479,2843,103,576,4416.84,4416.92,8.0,PASS_<=10c,+4.0,UP,-114.0,+482.0,4.2,+2.10,0.50,SLOW,4412.02,4419.30,4410.83,4413.90,0.00,0.00,0.0,BULLISH,847.0,4417.98,4419.48,4416.79,4416.84,51,CLEARED_>=20s,269.0,114.0,150.0,5.0,55.8,1.9,55.8,BLOCKED_55.8%,0.00,0.0,NO,STANDBY_VEL_LOW,0,0.00,4590.00,72.36,FALSE,M1_DIRECTION_MISMATCH
2026-09-07 14:54:51.980,1788792891.981,2844,104,577,4416.90,4416.98,8.0,PASS_<=10c,+6.0,UP,-108.0,+488.0,4.2,+0.84,0.20,SLOW,4412.02,4419.30,4410.83,4413.90,0.00,0.00,0.0,BULLISH,847.0,4417.98,4419.48,4416.79,4416.90,51,CLEARED_>=20s,269.0,108.0,150.0,11.0,55.8,4.1,55.8,BLOCKED_55.8%,0.00,0.0,NO,STANDBY_VEL_LOW,0,0.00,4590.00,72.36,FALSE,M1_DIRECTION_MISMATCH
2026-09-07 14:54:52.481,1788792892.481,2845,105,578,4417.09,4417.17,8.0,PASS_<=10c,+19.0,UP,-89.0,+507.0,4.2,+3.57,0.85,SLOW,4412.02,4419.30,4410.83,4413.90,0.00,0.00,0.0,BULLISH,847.0,4417.98,4419.48,4416.79,4417.09,52,CLEARED_>=20s,269.0,89.0,150.0,30.0,55.8,11.2,55.8,BLOCKED_55.8%,0.00,0.0,NO,STANDBY_VEL_LOW,0,0.00,4590.00,72.36,FALSE,M1_DIRECTION_MISMATCH
2026-09-07 14:54:52.983,1788792892.983,2846,106,579,4417.08,4417.16,8.0,PASS_<=10c,-1.0,DOWN,-90.0,+506.0,4.2,+3.57,0.85,SLOW,4412.02,4419.30,4410.83,4413.90,0.00,0.00,0.0,BULLISH,847.0,4417.98,4419.48,4416.79,4417.08,52,CLEARED_>=20s,269.0,90.0,150.0,29.0,55.8,10.8,55.8,BLOCKED_55.8%,0.00,0.0,NO,STANDBY_VEL_LOW,0,0.00,4590.00,72.36,FALSE,M1_DIRECTION_MISMATCH
2026-09-07 14:54:53.485,1788792893.485,2847,107,580,4417.02,4417.10,8.0,PASS_<=10c,-6.0,DOWN,-96.0,+500.0,4.2,+1.89,0.45,SLOW,4412.02,4419.30,4410.83,4413.90,0.00,0.00,0.0,BULLISH,847.0,4417.98,4419.48,4416.79,4417.02,53,CLEARED_>=20s,269.0,96.0,150.0,23.0,55.8,8.6,55.8,BLOCKED_55.8%,0.00,0.0,NO,STANDBY_VEL_LOW,0,0.00,4590.00,72.36,FALSE,M1_DIRECTION_MISMATCH
2026-09-07 14:54:53.987,1788792893.987,2848,108,581,4416.70,4416.78,8.0,PASS_<=10c,-32.0,DOWN,-128.0,+468.0,4.2,+4.20,1.00,SLOW,4412.02,4419.30,4410.83,4413.90,0.00,0.00,0.0,BULLISH,847.0,4417.98,4419.48,4416.70,4416.70,53,CLEARED_>=20s,278.0,128.0,150.0,0.0,54.0,0.0,54.0,BLOCKED_54.0%,0.00,0.0,NO,STANDBY_VEL_LOW,0,0.00,4590.00,72.36,FALSE,M1_DIRECTION_MISMATCH
2026-09-07 14:54:54.489,1788792894.489,2849,109,582,4416.60,4416.68,8.0,PASS_<=10c,-10.0,DOWN,-138.0,+458.0,4.2,+5.25,1.25,SLOW,4412.02,4419.30,4410.83,4413.90,0.00,0.00,0.0,BULLISH,847.0,4417.98,4419.48,4416.60,4416.60,54,CLEARED_>=20s,288.0,138.0,150.0,0.0,52.1,0.0,52.1,BLOCKED_52.1%,0.00,0.0,NO,STANDBY_VEL_LOW,0,0.00,4590.00,72.36,FALSE,M1_DIRECTION_MISMATCH
2026-09-07 14:54:54.993,1788792894.993,2850,110,583,4416.58,4416.66,8.0,PASS_<=10c,-2.0,DOWN,-140.0,+456.0,4.2,+5.46,1.30,SLOW,4412.02,4419.30,4410.83,4413.90,0.00,0.00,0.0,BULLISH,847.0,4417.98,4419.48,4416.58,4416.58,54,CLEARED_>=20s,290.0,140.0,150.0,0.0,51.7,0.0,51.7,BLOCKED_51.7%,0.00,0.0,NO,STANDBY_VEL_LOW,0,0.00,4590.00,72.36,FALSE,M1_DIRECTION_MISMATCH
2026-09-07 14:54:55.492,1788792895.492,2851,111,584,4416.60,4416.68,8.0,PASS_<=10c,+2.0,UP,-138.0,+458.0,4.2,+4.62,1.10,SLOW,4412.02,4419.30,4410.83,4413.90,0.00,0.00,0.0,BULLISH,847.0,4417.98,4419.48,4416.58,4416.60,55,CLEARED_>=20s,290.0,138.0,150.0,2.0,51.7,0.7,51.7,BLOCKED_51.7%,0.00,0.0,NO,STANDBY_VEL_LOW,0,0.00,4590.00,72.36,FALSE,M1_DIRECTION_MISMATCH
2026-09-07 14:54:55.993,1788792895.994,2852,112,585,4416.74,4416.82,8.0,PASS_<=10c,+14.0,UP,-124.0,+472.0,4.2,+1.68,0.40,SLOW,4412.02,4419.30,4410.83,4413.90,0.00,0.00,0.0,BULLISH,847.0,4417.98,4419.48,4416.58,4416.74,55,CLEARED_>=20s,290.0,124.0,150.0,16.0,51.7,5.5,51.7,BLOCKED_51.7%,0.00,0.0,NO,STANDBY_VEL_LOW,0,0.00,4590.00,72.36,FALSE,M1_DIRECTION_MISMATCH
2026-09-07 14:54:56.495,1788792896.496,2853,113,586,4416.98,4417.06,8.0,PASS_<=10c,+24.0,UP,-100.0,+496.0,4.2,+2.52,0.60,SLOW,4412.02,4419.30,4410.83,4413.90,0.00,0.00,0.0,BULLISH,847.0,4417.98,4419.48,4416.58,4416.98,56,CLEARED_>=20s,290.0,100.0,150.0,40.0,51.7,13.8,51.7,BLOCKED_51.7%,0.00,0.0,NO,STANDBY_VEL_LOW,0,0.00,4590.00,72.36,FALSE,M1_DIRECTION_MISMATCH
2026-09-07 14:54:56.997,1788792896.997,2854,114,587,4417.05,4417.13,8.0,PASS_<=10c,+7.0,UP,-93.0,+503.0,4.2,+0.42,0.10,SLOW,4412.02,4419.30,4410.83,4413.90,0.00,0.00,0.0,BULLISH,847.0,4417.98,4419.48,4416.58,4417.05,56,CLEARED_>=20s,290.0,93.0,150.0,47.0,51.7,16.2,51.7,BLOCKED_51.7%,0.00,0.0,NO,STANDBY_VEL_LOW,0,0.00,4590.00,72.36,FALSE,M1_DIRECTION_MISMATCH
2026-09-07 14:54:57.499,1788792897.499,2855,115,588,4416.90,4416.98,8.0,PASS_<=10c,-15.0,DOWN,-108.0,+488.0,4.2,+3.78,0.90,SLOW,4412.02,4419.30,4410.83,4413.90,0.00,0.00,0.0,BULLISH,847.0,4417.98,4419.48,4416.58,4416.90,57,CLEARED_>=20s,290.0,108.0,150.0,32.0,51.7,11.0,51.7,BLOCKED_51.7%,0.00,0.0,NO,STANDBY_VEL_LOW,0,0.00,4590.00,72.36,FALSE,M1_DIRECTION_MISMATCH
2026-09-07 14:54:58.002,1788792898.002,2856,116,589,4416.89,4416.97,8.0,PASS_<=10c,-1.0,DOWN,-109.0,+487.0,4.2,+3.99,0.95,SLOW,4412.02,4419.30,4410.83,4413.90,0.00,0.00,0.0,BULLISH,847.0,4417.98,4419.48,4416.58,4416.89,58,CLEARED_>=20s,290.0,109.0,150.0,31.0,51.7,10.7,51.7,BLOCKED_51.7%,0.00,0.0,NO,STANDBY_VEL_LOW,0,0.00,4590.00,72.36,FALSE,M1_DIRECTION_MISMATCH
2026-09-07 14:54:58.502,1788792898.503,2857,117,590,4416.89,4416.97,8.0,PASS_<=10c,+0.0,FLAT,-109.0,+487.0,4.2,+1.89,0.45,SLOW,4412.02,4419.30,4410.83,4413.90,0.00,0.00,0.0,BULLISH,847.0,4417.98,4419.48,4416.58,4416.89,58,CLEARED_>=20s,290.0,109.0,150.0,31.0,51.7,10.7,51.7,BLOCKED_51.7%,0.00,0.0,NO,STANDBY_VEL_LOW,0,0.00,4590.00,72.36,FALSE,M1_DIRECTION_MISMATCH
2026-09-07 14:54:59.004,1788792899.005,2858,118,591,4416.93,4417.01,8.0,PASS_<=10c,+4.0,UP,-105.0,+491.0,4.2,+6.92,1.65,SLOW,4412.02,4419.30,4410.83,4413.90,0.00,0.00,0.0,BULLISH,847.0,4417.98,4419.48,4416.58,4416.93,59,CLEARED_>=20s,290.0,105.0,150.0,35.0,51.7,12.1,51.7,BLOCKED_51.7%,0.00,0.0,NO,STANDBY_VEL_LOW,0,0.00,4590.00,72.36,FALSE,M1_DIRECTION_MISMATCH
2026-09-07 14:54:59.506,1788792899.506,2859,119,592,4416.95,4417.03,8.0,PASS_<=10c,+2.0,UP,-103.0,+493.0,4.2,+7.76,1.85,SLOW,4412.02,4419.30,4410.83,4413.90,0.00,0.00,0.0,BULLISH,847.0,4417.98,4419.48,4416.58,4416.95,59,CLEARED_>=20s,290.0,103.0,150.0,37.0,51.7,12.8,51.7,BLOCKED_51.7%,0.00,0.0,NO,STANDBY_VEL_LOW,0,0.00,4590.00,72.36,FALSE,M1_DIRECTION_MISMATCH
2026-09-07 14:55:00.013,1788792900.014,2860,1,1,4417.17,4417.25,8.0,PASS_<=10c,+22.0,UP,+0.0,+317.0,4.2,+11.96,2.85,SLOW,4414.00,4419.48,4412.21,4417.17,0.00,0.00,0.0,BULLISH,727.0,4417.17,4417.17,4417.17,4417.17,0,ACTIVE_0s,1.0,0.0,0.0,0.0,0.0,0.0,0.0,PASS_<20%,0.00,0.0,NO,STANDBY_VEL_LOW,0,0.00,4590.00,72.36,FALSE,M1_DIRECTION_MISMATCH|OPENING_SHIELD_ACTIVE_0s
2026-09-07 14:55:00.508,1788792900.508,2861,2,2,4417.19,4417.27,8.0,PASS_<=10c,+2.0,UP,+2.0,+319.0,4.2,+10.07,2.40,SLOW,4414.00,4419.48,4412.21,4417.17,0.00,0.00,0.0,BULLISH,727.0,4417.17,4417.19,4417.17,4417.19,0,ACTIVE_0s,2.0,2.0,0.0,0.0,0.0,0.0,0.0,PASS_<20%,4417.32,13.0,NO,STANDBY_VEL_LOW,0,0.00,4590.00,72.36,FALSE,OPENING_SHIELD_ACTIVE_0s|PRICE_BELOW_15C_DISPLACEMENT
2026-09-07 14:55:01.010,1788792901.010,2862,3,3,4417.33,4417.41,8.0,PASS_<=10c,+14.0,UP,+16.0,+333.0,4.2,+7.13,1.70,SLOW,4414.00,4419.48,4412.21,4417.17,0.00,0.00,0.0,BULLISH,727.0,4417.17,4417.33,4417.17,4417.33,1,ACTIVE_1s,16.0,16.0,0.0,0.0,0.0,0.0,0.0,PASS_<20%,4417.32,1.0,NO,STANDBY_VEL_LOW,0,0.00,4590.00,72.36,FALSE,OPENING_SHIELD_ACTIVE_1s
2026-09-07 14:55:01.512,1788792901.512,2863,4,4,4417.39,4417.47,8.0,PASS_<=10c,+6.0,UP,+22.0,+339.0,4.2,+7.13,1.70,SLOW,4414.00,4419.48,4412.21,4417.17,0.00,0.00,0.0,BULLISH,727.0,4417.17,4417.39,4417.17,4417.39,1,ACTIVE_1s,22.0,22.0,0.0,0.0,0.0,0.0,0.0,PASS_<20%,4417.32,7.0,NO,STANDBY_VEL_LOW,0,0.00,4590.00,72.36,FALSE,OPENING_SHIELD_ACTIVE_1s
2026-09-07 14:55:02.013,1788792902.013,2864,5,5,4417.28,4417.36,8.0,PASS_<=10c,-11.0,DOWN,+11.0,+328.0,4.2,+7.97,1.90,SLOW,4414.00,4419.48,4412.21,4417.17,0.00,0.00,0.0,BULLISH,727.0,4417.17,4417.41,4417.17,4417.28,2,ACTIVE_2s,24.0,11.0,13.0,0.0,54.2,0.0,54.2,BLOCKED_54.2%,4417.32,4.0,NO,STANDBY_VEL_LOW,0,0.00,4590.00,72.36,FALSE,OPP_WICK_TOO_HIGH_0.54|OPENING_SHIELD_ACTIVE_2s
2026-09-07 14:55:02.514,1788792902.515,2865,6,6,4417.30,4417.38,8.0,PASS_<=10c,+2.0,UP,+13.0,+330.0,4.2,+8.19,1.95,SLOW,4414.00,4419.48,4412.21,4417.17,0.00,0.00,0.0,BULLISH,727.0,4417.17,4417.41,4417.17,4417.30,2,ACTIVE_2s,24.0,13.0,11.0,0.0,45.8,0.0,45.8,BLOCKED_45.8%,4417.32,2.0,NO,STANDBY_VEL_LOW,0,0.00,4590.00,72.36,FALSE,OPP_WICK_TOO_HIGH_0.46|OPENING_SHIELD_ACTIVE_2s
2026-09-07 14:55:03.017,1788792903.017,2866,7,7,4417.36,4417.44,8.0,PASS_<=10c,+6.0,UP,+19.0,+336.0,4.2,+9.86,2.35,SLOW,4414.00,4419.48,4412.21,4417.17,0.00,0.00,0.0,BULLISH,727.0,4417.17,4417.41,4417.17,4417.36,3,ACTIVE_3s,24.0,19.0,5.0,0.0,20.8,0.0,20.8,BLOCKED_20.8%,4417.32,4.0,NO,STANDBY_VEL_LOW,0,0.00,4590.00,72.36,FALSE,OPP_WICK_TOO_HIGH_0.21|OPENING_SHIELD_ACTIVE_3s
2026-09-07 14:55:03.518,1788792903.519,2867,8,8,4417.35,4417.43,8.0,PASS_<=10c,-1.0,DOWN,+18.0,+335.0,4.2,+8.82,2.10,SLOW,4414.00,4419.48,4412.21,4417.17,0.00,0.00,0.0,BULLISH,727.0,4417.17,4417.41,4417.17,4417.35,3,ACTIVE_3s,24.0,18.0,6.0,0.0,25.0,0.0,25.0,BLOCKED_25.0%,4417.32,3.0,NO,STANDBY_VEL_LOW,0,0.00,4590.00,72.36,FALSE,OPP_WICK_TOO_HIGH_0.25|OPENING_SHIELD_ACTIVE_3s
2026-09-07 14:55:04.019,1788792904.019,2868,9,9,4417.39,4417.47,8.0,PASS_<=10c,+4.0,UP,+22.0,+339.0,4.2,+9.45,2.25,SLOW,4414.00,4419.48,4412.21,4417.17,0.00,0.00,0.0,BULLISH,727.0,4417.17,4417.41,4417.17,4417.39,4,ACTIVE_4s,24.0,22.0,2.0,0.0,8.3,0.0,8.3,PASS_<20%,4417.32,7.0,NO,STANDBY_VEL_LOW,0,0.00,4590.00,72.36,FALSE,OPENING_SHIELD_ACTIVE_4s
2026-09-07 14:55:04.521,1788792904.521,2869,10,10,4417.33,4417.41,8.0,PASS_<=10c,-6.0,DOWN,+16.0,+333.0,4.2,+3.36,0.80,SLOW,4414.00,4419.48,4412.21,4417.17,0.00,0.00,0.0,BULLISH,727.0,4417.17,4417.42,4417.17,4417.33,4,ACTIVE_4s,25.0,16.0,9.0,0.0,36.0,0.0,36.0,BLOCKED_36.0%,4417.32,1.0,NO,STANDBY_VEL_LOW,0,0.00,4590.00,72.36,FALSE,OPP_WICK_TOO_HIGH_0.36|OPENING_SHIELD_ACTIVE_4s
2026-09-07 14:55:05.023,1788792905.024,2870,11,11,4417.38,4417.46,8.0,PASS_<=10c,+5.0,UP,+21.0,+338.0,4.2,+3.99,0.95,SLOW,4414.00,4419.48,4412.21,4417.17,0.00,0.00,0.0,BULLISH,727.0,4417.17,4417.42,4417.17,4417.38,5,ACTIVE_5s,25.0,21.0,4.0,0.0,16.0,0.0,16.0,PASS_<20%,4417.32,6.0,NO,STANDBY_VEL_LOW,0,0.00,4590.00,72.36,FALSE,OPENING_SHIELD_ACTIVE_5s
2026-09-07 14:55:05.524,1788792905.525,2871,12,12,4417.15,4417.23,8.0,PASS_<=10c,-23.0,DOWN,-2.0,+315.0,4.2,+1.89,0.45,SLOW,4414.00,4419.48,4412.21,4417.17,0.00,0.00,0.0,BULLISH,727.0,4417.17,4417.42,4417.15,4417.15,5,ACTIVE_5s,27.0,2.0,25.0,0.0,92.6,0.0,92.6,BLOCKED_92.6%,0.00,0.0,NO,STANDBY_VEL_LOW,0,0.00,4590.00,72.36,FALSE,M1_DIRECTION_MISMATCH|OPENING_SHIELD_ACTIVE_5s
2026-09-07 14:55:06.027,1788792906.028,2872,13,13,4417.30,4417.38,8.0,PASS_<=10c,+15.0,UP,+13.0,+330.0,4.2,+1.05,0.25,SLOW,4414.00,4419.48,4412.21,4417.17,0.00,0.00,0.0,BULLISH,727.0,4417.17,4417.42,4417.15,4417.30,6,ACTIVE_6s,27.0,13.0,12.0,2.0,44.4,7.4,44.4,BLOCKED_44.4%,4417.32,2.0,NO,STANDBY_VEL_LOW,0,0.00,4590.00,72.36,FALSE,OPP_WICK_TOO_HIGH_0.44|OPENING_SHIELD_ACTIVE_6s
2026-09-07 14:55:06.529,1788792906.530,2873,14,14,4417.28,4417.36,8.0,PASS_<=10c,-2.0,DOWN,+11.0,+328.0,4.2,+2.73,0.65,SLOW,4414.00,4419.48,4412.21,4417.17,0.00,0.00,0.0,BULLISH,727.0,4417.17,4417.42,4417.15,4417.28,6,ACTIVE_6s,27.0,11.0,14.0,2.0,51.9,7.4,51.9,BLOCKED_51.9%,4417.32,4.0,NO,STANDBY_VEL_LOW,0,0.00,4590.00,72.36,FALSE,OPP_WICK_TOO_HIGH_0.52|OPENING_SHIELD_ACTIVE_6s
2026-09-07 14:55:07.031,1788792907.031,2874,15,15,4417.21,4417.29,8.0,PASS_<=10c,-7.0,DOWN,+4.0,+321.0,4.2,+1.89,0.45,SLOW,4414.00,4419.48,4412.21,4417.17,0.00,0.00,0.0,BULLISH,727.0,4417.17,4417.42,4417.15,4417.21,7,ACTIVE_7s,27.0,4.0,21.0,2.0,77.8,7.4,77.8,BLOCKED_77.8%,4417.32,11.0,NO,STANDBY_VEL_LOW,0,0.00,4590.00,72.36,FALSE,OPP_WICK_TOO_HIGH_0.78|OPENING_SHIELD_ACTIVE_7s|PRICE_BELOW_15C_DISPLACEMENT
2026-09-07 14:55:07.532,1788792907.532,2875,16,16,4417.15,4417.23,8.0,PASS_<=10c,-6.0,DOWN,-2.0,+315.0,4.2,+3.15,0.75,SLOW,4414.00,4419.48,4412.21,4417.17,0.00,0.00,0.0,BULLISH,727.0,4417.17,4417.42,4417.15,4417.15,7,ACTIVE_7s,27.0,2.0,25.0,0.0,92.6,0.0,92.6,BLOCKED_92.6%,0.00,0.0,NO,STANDBY_VEL_LOW,0,0.00,4590.00,72.36,FALSE,M1_DIRECTION_MISMATCH|OPENING_SHIELD_ACTIVE_7s
2026-09-07 14:55:08.033,1788792908.033,2876,17,17,4417.17,4417.25,8.0,PASS_<=10c,+2.0,UP,+0.0,+317.0,4.2,+3.78,0.90,SLOW,4414.00,4419.48,4412.21,4417.17,0.00,0.00,0.0,BULLISH,727.0,4417.17,4417.42,4417.15,4417.17,8,ACTIVE_8s,27.0,0.0,25.0,2.0,92.6,7.4,92.6,BLOCKED_92.6%,0.00,0.0,NO,STANDBY_VEL_LOW,0,0.00,4590.00,72.36,FALSE,M1_DIRECTION_MISMATCH|OPENING_SHIELD_ACTIVE_8s
2026-09-07 14:55:08.534,1788792908.535,2877,18,18,4417.23,4417.31,8.0,PASS_<=10c,+6.0,UP,+6.0,+323.0,4.2,+3.36,0.80,SLOW,4414.00,4419.48,4412.21,4417.17,0.00,0.00,0.0,BULLISH,727.0,4417.17,4417.42,4417.15,4417.23,8,ACTIVE_8s,27.0,6.0,19.0,2.0,70.4,7.4,70.4,BLOCKED_70.4%,4417.32,9.0,NO,STANDBY_VEL_LOW,0,0.00,4590.00,72.36,FALSE,OPP_WICK_TOO_HIGH_0.70|OPENING_SHIELD_ACTIVE_8s|PRICE_BELOW_15C_DISPLACEMENT
2026-09-07 14:55:09.036,1788792909.037,2878,19,19,4417.25,4417.33,8.0,PASS_<=10c,+2.0,UP,+8.0,+325.0,4.2,+3.57,0.85,SLOW,4414.00,4419.48,4412.21,4417.17,0.00,0.00,0.0,BULLISH,727.0,4417.17,4417.42,4417.15,4417.25,9,ACTIVE_9s,27.0,8.0,17.0,2.0,63.0,7.4,63.0,BLOCKED_63.0%,4417.32,7.0,NO,STANDBY_VEL_LOW,0,0.00,4590.00,72.36,FALSE,OPP_WICK_TOO_HIGH_0.63|OPENING_SHIELD_ACTIVE_9s
2026-09-07 14:55:09.538,1788792909.538,2879,20,20,4417.16,4417.24,8.0,PASS_<=10c,-9.0,DOWN,-1.0,+316.0,4.2,+3.99,0.95,SLOW,4414.00,4419.48,4412.21,4417.17,0.00,0.00,0.0,BULLISH,727.0,4417.17,4417.42,4417.15,4417.16,9,ACTIVE_9s,27.0,1.0,25.0,1.0,92.6,3.7,92.6,BLOCKED_92.6%,0.00,0.0,NO,STANDBY_VEL_LOW,0,0.00,4590.00,72.36,FALSE,M1_DIRECTION_MISMATCH|OPENING_SHIELD_ACTIVE_9s
2026-09-07 14:55:10.038,1788792910.039,2880,21,21,4417.26,4417.34,8.0,PASS_<=10c,+10.0,UP,+9.0,+326.0,4.2,+0.42,0.10,SLOW,4414.00,4419.48,4412.21,4417.17,0.00,0.00,0.0,BULLISH,727.0,4417.17,4417.42,4417.15,4417.26,10,ACTIVE_10s,27.0,9.0,16.0,2.0,59.3,7.4,59.3,BLOCKED_59.3%,4417.32,6.0,NO,STANDBY_VEL_LOW,0,0.00,4590.00,72.36,FALSE,OPP_WICK_TOO_HIGH_0.59|OPENING_SHIELD_ACTIVE_10s
2026-09-07 14:55:10.540,1788792910.541,2881,22,22,4417.22,4417.30,8.0,PASS_<=10c,-4.0,DOWN,+5.0,+322.0,4.2,+0.84,0.20,SLOW,4414.00,4419.48,4412.21,4417.17,0.00,0.00,0.0,BULLISH,727.0,4417.17,4417.42,4417.15,4417.22,10,ACTIVE_10s,27.0,5.0,20.0,2.0,74.1,7.4,74.1,BLOCKED_74.1%,4417.32,10.0,NO,STANDBY_VEL_LOW,0,0.00,4590.00,72.36,FALSE,OPP_WICK_TOO_HIGH_0.74|OPENING_SHIELD_ACTIVE_10s|PRICE_BELOW_15C_DISPLACEMENT
2026-09-07 14:55:11.042,1788792911.042,2882,23,23,4417.18,4417.26,8.0,PASS_<=10c,-4.0,DOWN,+1.0,+318.0,4.2,+1.68,0.40,SLOW,4414.00,4419.48,4412.21,4417.17,0.00,0.00,0.0,BULLISH,727.0,4417.17,4417.42,4417.15,4417.18,11,ACTIVE_11s,27.0,1.0,24.0,2.0,88.9,7.4,88.9,BLOCKED_88.9%,4417.32,14.0,NO,STANDBY_VEL_LOW,0,0.00,4590.00,72.36,FALSE,OPP_WICK_TOO_HIGH_0.89|OPENING_SHIELD_ACTIVE_11s|PRICE_BELOW_15C_DISPLACEMENT
2026-09-07 14:55:11.542,1788792911.542,2883,24,24,4417.17,4417.25,8.0,PASS_<=10c,-1.0,DOWN,+0.0,+317.0,4.2,+3.15,0.75,SLOW,4414.00,4419.48,4412.21,4417.17,0.00,0.00,0.0,BULLISH,727.0,4417.17,4417.42,4417.15,4417.17,11,ACTIVE_11s,27.0,0.0,25.0,2.0,92.6,7.4,92.6,BLOCKED_92.6%,0.00,0.0,NO,STANDBY_VEL_LOW,0,0.00,4590.00,72.36,FALSE,M1_DIRECTION_MISMATCH|OPENING_SHIELD_ACTIVE_11s
2026-09-07 14:55:12.044,1788792912.044,2884,25,25,4417.21,4417.29,8.0,PASS_<=10c,+4.0,UP,+4.0,+321.0,4.2,+0.00,0.00,SLOW,4414.00,4419.48,4412.21,4417.17,0.00,0.00,0.0,BULLISH,727.0,4417.17,4417.42,4417.15,4417.21,12,ACTIVE_12s,27.0,4.0,21.0,2.0,77.8,7.4,77.8,BLOCKED_77.8%,4417.32,11.0,NO,STANDBY_VEL_LOW,0,0.00,4590.00,72.36,FALSE,OPP_WICK_TOO_HIGH_0.78|OPENING_SHIELD_ACTIVE_12s|PRICE_BELOW_15C_DISPLACEMENT
2026-09-07 14:55:12.545,1788792912.546,2885,26,26,4417.15,4417.23,8.0,PASS_<=10c,-6.0,DOWN,-2.0,+315.0,4.2,+0.42,0.10,SLOW,4414.00,4419.48,4412.21,4417.17,0.00,0.00,0.0,BULLISH,727.0,4417.17,4417.42,4417.15,4417.15,12,ACTIVE_12s,27.0,2.0,25.0,0.0,92.6,0.0,92.6,BLOCKED_92.6%,0.00,0.0,NO,STANDBY_VEL_LOW,0,0.00,4590.00,72.36,FALSE,M1_DIRECTION_MISMATCH|OPENING_SHIELD_ACTIVE_12s
2026-09-07 14:55:13.047,1788792913.048,2886,27,27,4416.86,4416.94,8.0,PASS_<=10c,-29.0,DOWN,-31.0,+286.0,4.2,+6.51,1.55,SLOW,4414.00,4419.48,4412.21,4417.17,0.00,0.00,0.0,BULLISH,727.0,4417.17,4417.42,4416.86,4416.86,13,ACTIVE_13s,56.0,31.0,25.0,0.0,44.6,0.0,44.6,BLOCKED_44.6%,0.00,0.0,NO,STANDBY_VEL_LOW,0,0.00,4590.00,72.36,FALSE,M1_DIRECTION_MISMATCH|OPENING_SHIELD_ACTIVE_13s
2026-09-07 14:55:13.548,1788792913.549,2887,28,28,4416.85,4416.93,8.0,PASS_<=10c,-1.0,DOWN,-32.0,+285.0,4.2,+7.56,1.80,SLOW,4414.00,4419.48,4412.21,4417.17,0.00,0.00,0.0,BULLISH,727.0,4417.17,4417.42,4416.85,4416.85,13,ACTIVE_13s,57.0,32.0,25.0,0.0,43.9,0.0,43.9,BLOCKED_43.9%,0.00,0.0,NO,STANDBY_VEL_LOW,0,0.00,4590.00,72.36,FALSE,M1_DIRECTION_MISMATCH|OPENING_SHIELD_ACTIVE_13s
2026-09-07 14:55:14.049,1788792914.050,2888,29,29,4416.85,4416.93,8.0,PASS_<=10c,+0.0,FLAT,-32.0,+285.0,4.2,+6.72,1.60,SLOW,4414.00,4419.48,4412.21,4417.17,0.00,0.00,0.0,BULLISH,727.0,4417.17,4417.42,4416.85,4416.85,14,ACTIVE_14s,57.0,32.0,25.0,0.0,43.9,0.0,43.9,BLOCKED_43.9%,0.00,0.0,NO,STANDBY_VEL_LOW,0,0.00,4590.00,72.36,FALSE,M1_DIRECTION_MISMATCH|OPENING_SHIELD_ACTIVE_14s
2026-09-07 14:55:14.551,1788792914.552,2889,30,30,4416.88,4416.96,8.0,PASS_<=10c,+3.0,UP,-29.0,+288.0,4.2,+7.77,1.85,SLOW,4414.00,4419.48,4412.21,4417.17,0.00,0.00,0.0,BULLISH,727.0,4417.17,4417.42,4416.85,4416.88,14,ACTIVE_14s,57.0,29.0,25.0,3.0,43.9,5.3,43.9,BLOCKED_43.9%,0.00,0.0,NO,STANDBY_VEL_LOW,0,0.00,4590.00,72.36,FALSE,M1_DIRECTION_MISMATCH|OPENING_SHIELD_ACTIVE_14s
2026-09-07 14:55:15.054,1788792915.054,2890,31,31,4416.88,4416.96,8.0,PASS_<=10c,+0.0,FLAT,-29.0,+288.0,4.2,+7.98,1.90,SLOW,4414.00,4419.48,4412.21,4417.17,0.00,0.00,0.0,BULLISH,727.0,4417.17,4417.42,4416.85,4416.88,15,ACTIVE_15s,57.0,29.0,25.0,3.0,43.9,5.3,43.9,BLOCKED_43.9%,0.00,0.0,NO,STANDBY_VEL_LOW,0,0.00,4590.00,72.36,FALSE,M1_DIRECTION_MISMATCH|OPENING_SHIELD_ACTIVE_15s
2026-09-07 14:55:15.556,1788792915.556,2891,32,32,4416.90,4416.98,8.0,PASS_<=10c,+2.0,UP,-27.0,+290.0,4.2,+5.88,1.40,SLOW,4414.00,4419.48,4412.21,4417.17,0.00,0.00,0.0,BULLISH,727.0,4417.17,4417.42,4416.85,4416.90,15,ACTIVE_15s,57.0,27.0,25.0,5.0,43.9,8.8,43.9,BLOCKED_43.9%,0.00,0.0,NO,STANDBY_VEL_LOW,0,0.00,4590.00,72.36,FALSE,M1_DIRECTION_MISMATCH|OPENING_SHIELD_ACTIVE_15s
2026-09-07 14:55:16.059,1788792916.059,2892,33,33,4416.88,4416.96,8.0,PASS_<=10c,-2.0,DOWN,-29.0,+288.0,4.2,+6.08,1.45,SLOW,4414.00,4419.48,4412.21,4417.17,0.00,0.00,0.0,BULLISH,727.0,4417.17,4417.42,4416.85,4416.88,16,ACTIVE_16s,57.0,29.0,25.0,3.0,43.9,5.3,43.9,BLOCKED_43.9%,0.00,0.0,NO,STANDBY_VEL_LOW,0,0.00,4590.00,72.36,FALSE,M1_DIRECTION_MISMATCH|OPENING_SHIELD_ACTIVE_16s
2026-09-07 14:55:16.561,1788792916.561,2893,34,34,4416.86,4416.94,8.0,PASS_<=10c,-2.0,DOWN,-31.0,+286.0,4.2,+6.50,1.55,SLOW,4414.00,4419.48,4412.21,4417.17,0.00,0.00,0.0,BULLISH,727.0,4417.17,4417.42,4416.85,4416.86,16,ACTIVE_16s,57.0,31.0,25.0,1.0,43.9,1.8,43.9,BLOCKED_43.9%,0.00,0.0,NO,STANDBY_VEL_LOW,0,0.00,4590.00,72.36,FALSE,M1_DIRECTION_MISMATCH|OPENING_SHIELD_ACTIVE_16s
2026-09-07 14:55:17.062,1788792917.063,2894,35,35,4416.83,4416.91,8.0,PASS_<=10c,-3.0,DOWN,-34.0,+283.0,4.2,+7.97,1.90,SLOW,4414.00,4419.48,4412.21,4417.17,0.00,0.00,0.0,BULLISH,727.0,4417.17,4417.42,4416.83,4416.83,17,ACTIVE_17s,59.0,34.0,25.0,0.0,42.4,0.0,42.4,BLOCKED_42.4%,0.00,0.0,NO,STANDBY_VEL_LOW,0,0.00,4590.00,72.36,FALSE,M1_DIRECTION_MISMATCH|OPENING_SHIELD_ACTIVE_17s
2026-09-07 14:55:17.564,1788792917.564,2895,36,36,4416.77,4416.85,8.0,PASS_<=10c,-6.0,DOWN,-40.0,+277.0,4.2,+7.97,1.90,SLOW,4414.00,4419.48,4412.21,4417.17,0.00,0.00,0.0,BULLISH,727.0,4417.17,4417.42,4416.77,4416.77,17,ACTIVE_17s,65.0,40.0,25.0,0.0,38.5,0.0,38.5,BLOCKED_38.5%,0.00,0.0,NO,STANDBY_VEL_LOW,0,0.00,4590.00,72.36,FALSE,M1_DIRECTION_MISMATCH|OPENING_SHIELD_ACTIVE_17s
2026-09-07 14:55:18.065,1788792918.066,2896,37,37,4416.87,4416.95,8.0,PASS_<=10c,+10.0,UP,-30.0,+287.0,4.2,+0.42,0.10,SLOW,4414.00,4419.48,4412.21,4417.17,0.00,0.00,0.0,BULLISH,727.0,4417.17,4417.42,4416.73,4416.87,18,ACTIVE_18s,69.0,30.0,25.0,14.0,36.2,20.3,36.2,BLOCKED_36.2%,0.00,0.0,NO,STANDBY_VEL_LOW,0,0.00,4590.00,72.36,FALSE,M1_DIRECTION_MISMATCH|OPENING_SHIELD_ACTIVE_18s
2026-09-07 14:55:18.567,1788792918.567,2897,38,38,4416.89,4416.97,8.0,PASS_<=10c,+2.0,UP,-28.0,+289.0,4.2,+0.63,0.15,SLOW,4414.00,4419.48,4412.21,4417.17,0.00,0.00,0.0,BULLISH,727.0,4417.17,4417.42,4416.73,4416.89,18,ACTIVE_18s,69.0,28.0,25.0,16.0,36.2,23.2,36.2,BLOCKED_36.2%,0.00,0.0,NO,STANDBY_VEL_LOW,0,0.00,4590.00,72.36,FALSE,M1_DIRECTION_MISMATCH|OPENING_SHIELD_ACTIVE_18s
2026-09-07 14:55:19.068,1788792919.069,2898,39,39,4416.86,4416.94,8.0,PASS_<=10c,-3.0,DOWN,-31.0,+286.0,4.2,+0.00,0.00,SLOW,4414.00,4419.48,4412.21,4417.17,0.00,0.00,0.0,BULLISH,727.0,4417.17,4417.42,4416.73,4416.86,19,ACTIVE_19s,69.0,31.0,25.0,13.0,36.2,18.8,36.2,BLOCKED_36.2%,0.00,0.0,NO,STANDBY_VEL_LOW,0,0.00,4590.00,72.36,FALSE,M1_DIRECTION_MISMATCH|OPENING_SHIELD_ACTIVE_19s
2026-09-07 14:55:19.570,1788792919.571,2899,40,40,4416.86,4416.94,8.0,PASS_<=10c,+0.0,FLAT,-31.0,+286.0,4.2,+0.42,0.10,SLOW,4414.00,4419.48,4412.21,4417.17,0.00,0.00,0.0,BULLISH,727.0,4417.17,4417.42,4416.73,4416.86,19,ACTIVE_19s,69.0,31.0,25.0,13.0,36.2,18.8,36.2,BLOCKED_36.2%,0.00,0.0,NO,STANDBY_VEL_LOW,0,0.00,4590.00,72.36,FALSE,M1_DIRECTION_MISMATCH|OPENING_SHIELD_ACTIVE_19s
2026-09-07 14:55:20.072,1788792920.073,2900,41,41,4416.92,4417.00,8.0,PASS_<=10c,+6.0,UP,-25.0,+292.0,4.2,+0.84,0.20,SLOW,4414.00,4419.48,4412.21,4417.17,0.00,0.00,0.0,BULLISH,727.0,4417.17,4417.42,4416.73,4416.92,20,CLEARED_>=20s,69.0,25.0,25.0,19.0,36.2,27.5,36.2,BLOCKED_36.2%,0.00,0.0,NO,STANDBY_VEL_LOW,0,0.00,4590.00,72.36,FALSE,M1_DIRECTION_MISMATCH
2026-09-07 14:55:20.574,1788792920.575,2901,42,42,4416.99,4417.07,8.0,PASS_<=10c,+7.0,UP,-18.0,+299.0,4.2,+1.89,0.45,SLOW,4414.00,4419.48,4412.21,4417.17,0.00,0.00,0.0,BULLISH,727.0,4417.17,4417.42,4416.73,4416.99,20,CLEARED_>=20s,69.0,18.0,25.0,26.0,36.2,37.7,36.2,BLOCKED_36.2%,0.00,0.0,NO,STANDBY_VEL_LOW,0,0.00,4590.00,72.36,FALSE,M1_DIRECTION_MISMATCH
2026-09-07 14:55:21.077,1788792921.077,2902,43,43,4417.02,4417.10,8.0,PASS_<=10c,+3.0,UP,-15.0,+302.0,4.2,+3.15,0.75,SLOW,4414.00,4419.48,4412.21,4417.17,0.00,0.00,0.0,BULLISH,727.0,4417.17,4417.42,4416.73,4417.02,21,CLEARED_>=20s,69.0,15.0,25.0,29.0,36.2,42.0,36.2,BLOCKED_36.2%,0.00,0.0,NO,STANDBY_VEL_LOW,0,0.00,4590.00,72.36,FALSE,M1_DIRECTION_MISMATCH
2026-09-07 14:55:21.579,1788792921.579,2903,44,44,4417.13,4417.21,8.0,PASS_<=10c,+11.0,UP,-4.0,+313.0,4.2,+6.29,1.50,SLOW,4414.00,4419.48,4412.21,4417.17,0.00,0.00,0.0,BULLISH,727.0,4417.17,4417.42,4416.73,4417.13,21,CLEARED_>=20s,69.0,4.0,25.0,40.0,36.2,58.0,36.2,BLOCKED_36.2%,0.00,0.0,NO,STANDBY_VEL_LOW,0,0.00,4590.00,72.36,FALSE,M1_DIRECTION_MISMATCH
2026-09-07 14:55:22.081,1788792922.081,2904,45,45,4417.17,4417.25,8.0,PASS_<=10c,+4.0,UP,+0.0,+317.0,4.2,+7.13,1.70,SLOW,4414.00,4419.48,4412.21,4417.17,0.00,0.00,0.0,BULLISH,727.0,4417.17,4417.42,4416.73,4417.17,22,CLEARED_>=20s,69.0,0.0,25.0,44.0,36.2,63.8,36.2,BLOCKED_36.2%,0.00,0.0,NO,STANDBY_VEL_LOW,0,0.00,4590.00,72.36,FALSE,M1_DIRECTION_MISMATCH
2026-09-07 14:55:22.583,1788792922.583,2905,46,46,4417.14,4417.22,8.0,PASS_<=10c,-3.0,DOWN,-3.0,+314.0,4.2,+8.60,2.05,SLOW,4414.00,4419.48,4412.21,4417.17,0.00,0.00,0.0,BULLISH,727.0,4417.17,4417.42,4416.73,4417.14,22,CLEARED_>=20s,69.0,3.0,25.0,41.0,36.2,59.4,36.2,BLOCKED_36.2%,0.00,0.0,NO,STANDBY_VEL_LOW,0,0.00,4590.00,72.36,FALSE,M1_DIRECTION_MISMATCH
2026-09-07 14:55:23.085,1788792923.085,2906,47,47,4417.13,4417.21,8.0,PASS_<=10c,-1.0,DOWN,-4.0,+313.0,4.2,+4.82,1.15,SLOW,4414.00,4419.48,4412.21,4417.17,0.00,0.00,0.0,BULLISH,727.0,4417.17,4417.42,4416.73,4417.13,23,CLEARED_>=20s,69.0,4.0,25.0,40.0,36.2,58.0,36.2,BLOCKED_36.2%,0.00,0.0,NO,STANDBY_VEL_LOW,0,0.00,4590.00,72.36,FALSE,M1_DIRECTION_MISMATCH
2026-09-07 14:55:23.585,1788792923.586,2907,48,48,4417.13,4417.21,8.0,PASS_<=10c,+0.0,FLAT,-4.0,+313.0,4.2,+5.03,1.20,SLOW,4414.00,4419.48,4412.21,4417.17,0.00,0.00,0.0,BULLISH,727.0,4417.17,4417.42,4416.73,4417.13,23,CLEARED_>=20s,69.0,4.0,25.0,40.0,36.2,58.0,36.2,BLOCKED_36.2%,0.00,0.0,NO,STANDBY_VEL_LOW,0,0.00,4590.00,72.36,FALSE,M1_DIRECTION_MISMATCH
2026-09-07 14:55:24.087,1788792924.087,2908,49,49,4417.09,4417.17,8.0,PASS_<=10c,-4.0,DOWN,-8.0,+309.0,4.2,+4.82,1.15,SLOW,4414.00,4419.48,4412.21,4417.17,0.00,0.00,0.0,BULLISH,727.0,4417.17,4417.42,4416.73,4417.09,24,CLEARED_>=20s,69.0,8.0,25.0,36.0,36.2,52.2,36.2,BLOCKED_36.2%,0.00,0.0,NO,STANDBY_VEL_LOW,0,0.00,4590.00,72.36,FALSE,M1_DIRECTION_MISMATCH
2026-09-07 14:55:24.589,1788792924.590,2909,50,50,4417.16,4417.24,8.0,PASS_<=10c,+7.0,UP,-1.0,+316.0,4.2,+5.45,1.30,SLOW,4414.00,4419.48,4412.21,4417.17,0.00,0.00,0.0,BULLISH,727.0,4417.17,4417.42,4416.73,4417.16,24,CLEARED_>=20s,69.0,1.0,25.0,43.0,36.2,62.3,36.2,BLOCKED_36.2%,0.00,0.0,NO,STANDBY_VEL_LOW,0,0.00,4590.00,72.36,FALSE,M1_DIRECTION_MISMATCH
2026-09-07 14:55:25.091,1788792925.091,2910,51,51,4417.13,4417.21,8.0,PASS_<=10c,-3.0,DOWN,-4.0,+313.0,4.2,+0.63,0.15,SLOW,4414.00,4419.48,4412.21,4417.17,0.00,0.00,0.0,BULLISH,727.0,4417.17,4417.42,4416.73,4417.13,25,CLEARED_>=20s,69.0,4.0,25.0,40.0,36.2,58.0,36.2,BLOCKED_36.2%,0.00,0.0,NO,STANDBY_VEL_LOW,0,0.00,4590.00,72.36,FALSE,M1_DIRECTION_MISMATCH
2026-09-07 14:55:25.593,1788792925.593,2911,52,52,4416.97,4417.05,8.0,PASS_<=10c,-16.0,DOWN,-20.0,+297.0,4.2,+0.42,0.10,SLOW,4414.00,4419.48,4412.21,4417.17,0.00,0.00,0.0,BULLISH,727.0,4417.17,4417.42,4416.73,4416.97,25,CLEARED_>=20s,69.0,20.0,25.0,24.0,36.2,34.8,36.2,BLOCKED_36.2%,0.00,0.0,NO,STANDBY_VEL_LOW,0,0.00,4590.00,72.36,FALSE,M1_DIRECTION_MISMATCH
2026-09-07 14:55:26.094,1788792926.095,2912,53,53,4417.09,4417.17,8.0,PASS_<=10c,+12.0,UP,-8.0,+309.0,4.2,+0.84,0.20,SLOW,4414.00,4419.48,4412.21,4417.17,0.00,0.00,0.0,BULLISH,727.0,4417.17,4417.42,4416.73,4417.09,26,CLEARED_>=20s,69.0,8.0,25.0,36.0,36.2,52.2,36.2,BLOCKED_36.2%,0.00,0.0,NO,STANDBY_VEL_LOW,0,0.00,4590.00,72.36,FALSE,M1_DIRECTION_MISMATCH
2026-09-07 14:55:26.596,1788792926.597,2913,54,54,4417.13,4417.21,8.0,PASS_<=10c,+4.0,UP,-4.0,+313.0,4.2,+0.00,0.00,SLOW,4414.00,4419.48,4412.21,4417.17,0.00,0.00,0.0,BULLISH,727.0,4417.17,4417.42,4416.73,4417.13,26,CLEARED_>=20s,69.0,4.0,25.0,40.0,36.2,58.0,36.2,BLOCKED_36.2%,0.00,0.0,NO,STANDBY_VEL_LOW,0,0.00,4590.00,72.36,FALSE,M1_DIRECTION_MISMATCH
2026-09-07 14:55:27.099,1788792927.099,2914,55,55,4417.14,4417.22,8.0,PASS_<=10c,+1.0,UP,-3.0,+314.0,4.2,+0.63,0.15,SLOW,4414.00,4419.48,4412.21,4417.17,0.00,0.00,0.0,BULLISH,727.0,4417.17,4417.42,4416.73,4417.14,27,CLEARED_>=20s,69.0,3.0,25.0,41.0,36.2,59.4,36.2,BLOCKED_36.2%,0.00,0.0,NO,STANDBY_VEL_LOW,0,0.00,4590.00,72.36,FALSE,M1_DIRECTION_MISMATCH
2026-09-07 14:55:27.601,1788792927.601,2915,56,56,4417.15,4417.23,8.0,PASS_<=10c,+1.0,UP,-2.0,+315.0,4.2,+0.42,0.10,SLOW,4414.00,4419.48,4412.21,4417.17,0.00,0.00,0.0,BULLISH,727.0,4417.17,4417.42,4416.73,4417.15,27,CLEARED_>=20s,69.0,2.0,25.0,42.0,36.2,60.9,36.2,BLOCKED_36.2%,0.00,0.0,NO,STANDBY_VEL_LOW,0,0.00,4590.00,72.36,FALSE,M1_DIRECTION_MISMATCH
2026-09-07 14:55:28.102,1788792928.103,2916,57,57,4417.04,4417.12,8.0,PASS_<=10c,-11.0,DOWN,-13.0,+304.0,4.2,+1.68,0.40,SLOW,4414.00,4419.48,4412.21,4417.17,0.00,0.00,0.0,BULLISH,727.0,4417.17,4417.42,4416.73,4417.04,28,CLEARED_>=20s,69.0,13.0,25.0,31.0,36.2,44.9,36.2,BLOCKED_36.2%,0.00,0.0,NO,STANDBY_VEL_LOW,0,0.00,4590.00,72.36,FALSE,M1_DIRECTION_MISMATCH
2026-09-07 14:55:28.604,1788792928.604,2917,58,58,4417.04,4417.12,8.0,PASS_<=10c,+0.0,FLAT,-13.0,+304.0,4.2,+0.84,0.20,SLOW,4414.00,4419.48,4412.21,4417.17,0.00,0.00,0.0,BULLISH,727.0,4417.17,4417.42,4416.73,4417.04,28,CLEARED_>=20s,69.0,13.0,25.0,31.0,36.2,44.9,36.2,BLOCKED_36.2%,0.00,0.0,NO,STANDBY_VEL_LOW,0,0.00,4590.00,72.36,FALSE,M1_DIRECTION_MISMATCH
2026-09-07 14:55:29.104,1788792929.105,2918,59,59,4417.08,4417.16,8.0,PASS_<=10c,+4.0,UP,-9.0,+308.0,4.2,+1.47,0.35,SLOW,4414.00,4419.48,4412.21,4417.17,0.00,0.00,0.0,BULLISH,727.0,4417.17,4417.42,4416.73,4417.08,29,CLEARED_>=20s,69.0,9.0,25.0,35.0,36.2,50.7,36.2,BLOCKED_36.2%,0.00,0.0,NO,STANDBY_VEL_LOW,0,0.00,4590.00,72.36,FALSE,M1_DIRECTION_MISMATCH
2026-09-07 14:55:29.607,1788792929.607,2919,60,60,4417.13,4417.21,8.0,PASS_<=10c,+5.0,UP,-4.0,+313.0,4.2,+0.63,0.15,SLOW,4414.00,4419.48,4412.21,4417.17,0.00,0.00,0.0,BULLISH,727.0,4417.17,4417.42,4416.73,4417.13,29,CLEARED_>=20s,69.0,4.0,25.0,40.0,36.2,58.0,36.2,BLOCKED_36.2%,0.00,0.0,NO,STANDBY_VEL_LOW,0,0.00,4590.00,72.36,FALSE,M1_DIRECTION_MISMATCH
2026-09-07 14:55:30.108,1788792930.109,2920,61,61,4417.17,4417.25,8.0,PASS_<=10c,+4.0,UP,+0.0,+317.0,4.2,+1.89,0.45,SLOW,4414.00,4419.48,4412.21,4417.17,0.00,0.00,0.0,BULLISH,727.0,4417.17,4417.42,4416.73,4417.17,30,CLEARED_>=20s,69.0,0.0,25.0,44.0,36.2,63.8,36.2,BLOCKED_36.2%,0.00,0.0,NO,STANDBY_VEL_LOW,0,0.00,4590.00,72.36,FALSE,M1_DIRECTION_MISMATCH
2026-09-07 14:55:30.611,1788792930.611,2921,62,62,4417.17,4417.25,8.0,PASS_<=10c,+0.0,FLAT,+0.0,+317.0,4.2,+2.10,0.50,SLOW,4414.00,4419.48,4412.21,4417.17,0.00,0.00,0.0,BULLISH,727.0,4417.17,4417.42,4416.73,4417.17,30,CLEARED_>=20s,69.0,0.0,25.0,44.0,36.2,63.8,36.2,BLOCKED_36.2%,0.00,0.0,NO,STANDBY_VEL_LOW,0,0.00,4590.00,72.36,FALSE,M1_DIRECTION_MISMATCH
2026-09-07 14:55:31.112,1788792931.113,2922,63,63,4417.17,4417.25,8.0,PASS_<=10c,+0.0,FLAT,+0.0,+317.0,4.2,+1.05,0.25,SLOW,4414.00,4419.48,4412.21,4417.17,0.00,0.00,0.0,BULLISH,727.0,4417.17,4417.42,4416.73,4417.17,31,CLEARED_>=20s,69.0,0.0,25.0,44.0,36.2,63.8,36.2,BLOCKED_36.2%,0.00,0.0,NO,STANDBY_VEL_LOW,0,0.00,4590.00,72.36,FALSE,M1_DIRECTION_MISMATCH
2026-09-07 14:55:31.614,1788792931.615,2923,64,64,4417.17,4417.25,8.0,PASS_<=10c,+0.0,FLAT,+0.0,+317.0,4.2,+0.63,0.15,SLOW,4414.00,4419.48,4412.21,4417.17,0.00,0.00,0.0,BULLISH,727.0,4417.17,4417.42,4416.73,4417.17,31,CLEARED_>=20s,69.0,0.0,25.0,44.0,36.2,63.8,36.2,BLOCKED_36.2%,0.00,0.0,NO,STANDBY_VEL_LOW,0,0.00,4590.00,72.36,FALSE,M1_DIRECTION_MISMATCH
2026-09-07 14:55:32.116,1788792932.116,2924,65,65,4417.17,4417.25,8.0,PASS_<=10c,+0.0,FLAT,+0.0,+317.0,4.2,+0.42,0.10,SLOW,4414.00,4419.48,4412.21,4417.17,0.00,0.00,0.0,BULLISH,727.0,4417.17,4417.42,4416.73,4417.17,32,CLEARED_>=20s,69.0,0.0,25.0,44.0,36.2,63.8,36.2,BLOCKED_36.2%,0.00,0.0,NO,STANDBY_VEL_LOW,0,0.00,4590.00,72.36,FALSE,M1_DIRECTION_MISMATCH
2026-09-07 14:55:32.617,1788792932.618,2925,66,66,4417.17,4417.25,8.0,PASS_<=10c,+0.0,FLAT,+0.0,+317.0,4.2,+1.89,0.45,SLOW,4414.00,4419.48,4412.21,4417.17,0.00,0.00,0.0,BULLISH,727.0,4417.17,4417.42,4416.73,4417.17,32,CLEARED_>=20s,69.0,0.0,25.0,44.0,36.2,63.8,36.2,BLOCKED_36.2%,0.00,0.0,NO,STANDBY_VEL_LOW,0,0.00,4590.00,72.36,FALSE,M1_DIRECTION_MISMATCH
2026-09-07 14:55:33.119,1788792933.119,2926,67,67,4417.17,4417.25,8.0,PASS_<=10c,+0.0,FLAT,+0.0,+317.0,4.2,+2.73,0.65,SLOW,4414.00,4419.48,4412.21,4417.17,0.00,0.00,0.0,BULLISH,727.0,4417.17,4417.42,4416.73,4417.17,33,CLEARED_>=20s,69.0,0.0,25.0,44.0,36.2,63.8,36.2,BLOCKED_36.2%,0.00,0.0,NO,STANDBY_VEL_LOW,0,0.00,4590.00,72.36,FALSE,M1_DIRECTION_MISMATCH
2026-09-07 14:55:33.621,1788792933.621,2927,68,68,4417.17,4417.25,8.0,PASS_<=10c,+0.0,FLAT,+0.0,+317.0,4.2,+2.73,0.65,SLOW,4414.00,4419.48,4412.21,4417.17,0.00,0.00,0.0,BULLISH,727.0,4417.17,4417.42,4416.73,4417.17,33,CLEARED_>=20s,69.0,0.0,25.0,44.0,36.2,63.8,36.2,BLOCKED_36.2%,0.00,0.0,NO,STANDBY_VEL_LOW,0,0.00,4590.00,72.36,FALSE,M1_DIRECTION_MISMATCH
2026-09-07 14:55:34.122,1788792934.123,2928,69,69,4417.17,4417.25,8.0,PASS_<=10c,+0.0,FLAT,+0.0,+317.0,4.2,+1.89,0.45,SLOW,4414.00,4419.48,4412.21,4417.17,0.00,0.00,0.0,BULLISH,727.0,4417.17,4417.42,4416.73,4417.17,34,CLEARED_>=20s,69.0,0.0,25.0,44.0,36.2,63.8,36.2,BLOCKED_36.2%,0.00,0.0,NO,STANDBY_VEL_LOW,0,0.00,4590.00,72.36,FALSE,M1_DIRECTION_MISMATCH
2026-09-07 14:55:34.624,1788792934.624,2929,70,70,4417.17,4417.25,8.0,PASS_<=10c,+0.0,FLAT,+0.0,+317.0,4.2,+0.00,0.00,SLOW,4414.00,4419.48,4412.21,4417.17,0.00,0.00,0.0,BULLISH,727.0,4417.17,4417.42,4416.73,4417.17,34,CLEARED_>=20s,69.0,0.0,25.0,44.0,36.2,63.8,36.2,BLOCKED_36.2%,0.00,0.0,NO,STANDBY_VEL_LOW,0,0.00,4590.00,72.36,FALSE,M1_DIRECTION_MISMATCH
2026-09-07 14:55:35.126,1788792935.127,2930,71,71,4417.18,4417.26,8.0,PASS_<=10c,+1.0,UP,+1.0,+318.0,4.2,+0.21,0.05,SLOW,4414.00,4419.48,4412.21,4417.17,0.00,0.00,0.0,BULLISH,727.0,4417.17,4417.42,4416.73,4417.18,35,CLEARED_>=20s,69.0,1.0,24.0,44.0,34.8,63.8,34.8,BLOCKED_34.8%,4417.32,14.0,NO,STANDBY_VEL_LOW,0,0.00,4590.00,72.36,FALSE,OPP_WICK_TOO_HIGH_0.35|PRICE_BELOW_15C_DISPLACEMENT
2026-09-07 14:55:35.627,1788792935.628,2931,72,72,4417.18,4417.26,8.0,PASS_<=10c,+0.0,FLAT,+1.0,+318.0,4.2,+0.21,0.05,SLOW,4414.00,4419.48,4412.21,4417.17,0.00,0.00,0.0,BULLISH,727.0,4417.17,4417.42,4416.73,4417.18,35,CLEARED_>=20s,69.0,1.0,24.0,44.0,34.8,63.8,34.8,BLOCKED_34.8%,4417.32,14.0,NO,STANDBY_VEL_LOW,0,0.00,4590.00,72.36,FALSE,OPP_WICK_TOO_HIGH_0.35|PRICE_BELOW_15C_DISPLACEMENT
2026-09-07 14:55:36.128,1788792936.129,2932,73,73,4417.16,4417.24,8.0,PASS_<=10c,-2.0,DOWN,-1.0,+316.0,4.2,+0.21,0.05,SLOW,4414.00,4419.48,4412.21,4417.17,0.00,0.00,0.0,BULLISH,727.0,4417.17,4417.42,4416.73,4417.16,36,CLEARED_>=20s,69.0,1.0,25.0,43.0,36.2,62.3,36.2,BLOCKED_36.2%,0.00,0.0,NO,STANDBY_VEL_LOW,0,0.00,4590.00,72.36,FALSE,M1_DIRECTION_MISMATCH
2026-09-07 14:55:36.630,1788792936.630,2933,74,74,4417.08,4417.16,8.0,PASS_<=10c,-8.0,DOWN,-9.0,+308.0,4.2,+1.89,0.45,SLOW,4414.00,4419.48,4412.21,4417.17,0.00,0.00,0.0,BULLISH,727.0,4417.17,4417.42,4416.73,4417.08,36,CLEARED_>=20s,69.0,9.0,25.0,35.0,36.2,50.7,36.2,BLOCKED_36.2%,0.00,0.0,NO,STANDBY_VEL_LOW,0,0.00,4590.00,72.36,FALSE,M1_DIRECTION_MISMATCH
2026-09-07 14:55:37.131,1788792937.132,2934,75,75,4416.88,4416.96,8.0,PASS_<=10c,-20.0,DOWN,-29.0,+288.0,4.2,+5.88,1.40,SLOW,4414.00,4419.48,4412.21,4417.17,0.00,0.00,0.0,BULLISH,727.0,4417.17,4417.42,4416.73,4416.88,37,CLEARED_>=20s,69.0,29.0,25.0,15.0,36.2,21.7,36.2,BLOCKED_36.2%,0.00,0.0,NO,STANDBY_VEL_LOW,0,0.00,4590.00,72.36,FALSE,M1_DIRECTION_MISMATCH
2026-09-07 14:55:37.633,1788792937.633,2935,76,76,4416.81,4416.89,8.0,PASS_<=10c,-7.0,DOWN,-36.0,+281.0,4.2,+7.56,1.80,SLOW,4414.00,4419.48,4412.21,4417.17,0.00,0.00,0.0,BULLISH,727.0,4417.17,4417.42,4416.73,4416.81,37,CLEARED_>=20s,69.0,36.0,25.0,8.0,36.2,11.6,36.2,BLOCKED_36.2%,0.00,0.0,NO,STANDBY_VEL_LOW,0,0.00,4590.00,72.36,FALSE,M1_DIRECTION_MISMATCH
2026-09-07 14:55:38.134,1788792938.135,2936,77,77,4416.81,4416.89,8.0,PASS_<=10c,+0.0,FLAT,-36.0,+281.0,4.2,+7.56,1.80,SLOW,4414.00,4419.48,4412.21,4417.17,0.00,0.00,0.0,BULLISH,727.0,4417.17,4417.42,4416.73,4416.81,38,CLEARED_>=20s,69.0,36.0,25.0,8.0,36.2,11.6,36.2,BLOCKED_36.2%,0.00,0.0,NO,STANDBY_VEL_LOW,0,0.00,4590.00,72.36,FALSE,M1_DIRECTION_MISMATCH
2026-09-07 14:55:38.636,1788792938.636,2937,78,78,4416.81,4416.89,8.0,PASS_<=10c,+0.0,FLAT,-36.0,+281.0,4.2,+7.56,1.80,SLOW,4414.00,4419.48,4412.21,4417.17,0.00,0.00,0.0,BULLISH,727.0,4417.17,4417.42,4416.73,4416.81,38,CLEARED_>=20s,69.0,36.0,25.0,8.0,36.2,11.6,36.2,BLOCKED_36.2%,0.00,0.0,NO,STANDBY_VEL_LOW,0,0.00,4590.00,72.36,FALSE,M1_DIRECTION_MISMATCH
2026-09-07 14:55:39.137,1788792939.138,2938,79,79,4416.86,4416.94,8.0,PASS_<=10c,+5.0,UP,-31.0,+286.0,4.2,+6.51,1.55,SLOW,4414.00,4419.48,4412.21,4417.17,0.00,0.00,0.0,BULLISH,727.0,4417.17,4417.42,4416.73,4416.86,39,CLEARED_>=20s,69.0,31.0,25.0,13.0,36.2,18.8,36.2,BLOCKED_36.2%,0.00,0.0,NO,STANDBY_VEL_LOW,0,0.00,4590.00,72.36,FALSE,M1_DIRECTION_MISMATCH
2026-09-07 14:55:39.639,1788792939.639,2939,80,80,4416.86,4416.94,8.0,PASS_<=10c,+0.0,FLAT,-31.0,+286.0,4.2,+6.72,1.60,SLOW,4414.00,4419.48,4412.21,4417.17,0.00,0.00,0.0,BULLISH,727.0,4417.17,4417.42,4416.73,4416.86,39,CLEARED_>=20s,69.0,31.0,25.0,13.0,36.2,18.8,36.2,BLOCKED_36.2%,0.00,0.0,NO,STANDBY_VEL_LOW,0,0.00,4590.00,72.36,FALSE,M1_DIRECTION_MISMATCH
2026-09-07 14:55:40.141,1788792940.141,2940,81,81,4416.90,4416.98,8.0,PASS_<=10c,+4.0,UP,-27.0,+290.0,4.2,+5.88,1.40,SLOW,4414.00,4419.48,4412.21,4417.17,0.00,0.00,0.0,BULLISH,727.0,4417.17,4417.42,4416.73,4416.90,40,CLEARED_>=20s,69.0,27.0,25.0,17.0,36.2,24.6,36.2,BLOCKED_36.2%,0.00,0.0,NO,STANDBY_VEL_LOW,0,0.00,4590.00,72.36,FALSE,M1_DIRECTION_MISMATCH
2026-09-07 14:55:40.642,1788792940.643,2941,82,82,4416.90,4416.98,8.0,PASS_<=10c,+0.0,FLAT,-27.0,+290.0,4.2,+5.88,1.40,SLOW,4414.00,4419.48,4412.21,4417.17,0.00,0.00,0.0,BULLISH,727.0,4417.17,4417.42,4416.73,4416.90,40,CLEARED_>=20s,69.0,27.0,25.0,17.0,36.2,24.6,36.2,BLOCKED_36.2%,0.00,0.0,NO,STANDBY_VEL_LOW,0,0.00,4590.00,72.36,FALSE,M1_DIRECTION_MISMATCH
2026-09-07 14:55:41.144,1788792941.144,2942,83,83,4416.90,4416.98,8.0,PASS_<=10c,+0.0,FLAT,-27.0,+290.0,4.2,+5.67,1.35,SLOW,4414.00,4419.48,4412.21,4417.17,0.00,0.00,0.0,BULLISH,727.0,4417.17,4417.42,4416.73,4416.90,41,CLEARED_>=20s,69.0,27.0,25.0,17.0,36.2,24.6,36.2,BLOCKED_36.2%,0.00,0.0,NO,STANDBY_VEL_LOW,0,0.00,4590.00,72.36,FALSE,M1_DIRECTION_MISMATCH
2026-09-07 14:55:41.645,1788792941.645,2943,84,84,4416.43,4416.51,8.0,PASS_<=10c,-47.0,DOWN,-74.0,+243.0,4.2,+9.87,2.35,SLOW,4414.00,4419.48,4412.21,4417.17,0.00,0.00,0.0,BULLISH,727.0,4417.17,4417.42,4416.43,4416.43,41,CLEARED_>=20s,99.0,74.0,25.0,0.0,25.3,0.0,25.3,BLOCKED_25.3%,0.00,0.0,NO,STANDBY_VEL_LOW,0,0.00,4590.00,72.36,FALSE,M1_DIRECTION_MISMATCH
2026-09-07 14:55:42.146,1788792942.147,2944,85,85,4416.46,4416.54,8.0,PASS_<=10c,+3.0,UP,-71.0,+246.0,4.2,+8.61,2.05,SLOW,4414.00,4419.48,4412.21,4417.17,0.00,0.00,0.0,BULLISH,727.0,4417.17,4417.42,4416.42,4416.46,42,CLEARED_>=20s,100.0,71.0,25.0,4.0,25.0,4.0,25.0,BLOCKED_25.0%,0.00,0.0,NO,STANDBY_VEL_LOW,0,0.00,4590.00,72.36,FALSE,M1_DIRECTION_MISMATCH
2026-09-07 14:55:42.648,1788792942.649,2945,86,86,4416.41,4416.49,8.0,PASS_<=10c,-5.0,DOWN,-76.0,+241.0,4.2,+8.40,2.00,SLOW,4414.00,4419.48,4412.21,4417.17,0.00,0.00,0.0,BULLISH,727.0,4417.17,4417.42,4416.41,4416.41,42,CLEARED_>=20s,101.0,76.0,25.0,0.0,24.8,0.0,24.8,BLOCKED_24.8%,0.00,0.0,NO,STANDBY_VEL_LOW,0,0.00,4590.00,72.36,FALSE,M1_DIRECTION_MISMATCH
2026-09-07 14:55:43.150,1788792943.151,2946,87,87,4416.43,4416.51,8.0,PASS_<=10c,+2.0,UP,-74.0,+243.0,4.2,+7.98,1.90,SLOW,4414.00,4419.48,4412.21,4417.17,0.00,0.00,0.0,BULLISH,727.0,4417.17,4417.42,4416.41,4416.43,43,CLEARED_>=20s,101.0,74.0,25.0,2.0,24.8,2.0,24.8,BLOCKED_24.8%,0.00,0.0,NO,STANDBY_VEL_LOW,0,0.00,4590.00,72.36,FALSE,M1_DIRECTION_MISMATCH
2026-09-07 14:55:43.651,1788792943.652,2947,88,88,4416.43,4416.51,8.0,PASS_<=10c,+0.0,FLAT,-74.0,+243.0,4.2,+7.97,1.90,SLOW,4414.00,4419.48,4412.21,4417.17,0.00,0.00,0.0,BULLISH,727.0,4417.17,4417.42,4416.41,4416.43,43,CLEARED_>=20s,101.0,74.0,25.0,2.0,24.8,2.0,24.8,BLOCKED_24.8%,0.00,0.0,NO,STANDBY_VEL_LOW,0,0.00,4590.00,72.36,FALSE,M1_DIRECTION_MISMATCH
2026-09-07 14:55:44.152,1788792944.153,2948,89,89,4416.43,4416.51,8.0,PASS_<=10c,+0.0,FLAT,-74.0,+243.0,4.2,+9.03,2.15,SLOW,4414.00,4419.48,4412.21,4417.17,0.00,0.00,0.0,BULLISH,727.0,4417.17,4417.42,4416.41,4416.43,44,CLEARED_>=20s,101.0,74.0,25.0,2.0,24.8,2.0,24.8,BLOCKED_24.8%,0.00,0.0,NO,STANDBY_VEL_LOW,0,0.00,4590.00,72.36,FALSE,M1_DIRECTION_MISMATCH
2026-09-07 14:55:44.654,1788792944.654,2949,90,90,4416.42,4416.50,8.0,PASS_<=10c,-1.0,DOWN,-75.0,+242.0,4.2,+9.24,2.20,SLOW,4414.00,4419.48,4412.21,4417.17,0.00,0.00,0.0,BULLISH,727.0,4417.17,4417.42,4416.41,4416.42,44,CLEARED_>=20s,101.0,75.0,25.0,1.0,24.8,1.0,24.8,BLOCKED_24.8%,0.00,0.0,NO,STANDBY_VEL_LOW,0,0.00,4590.00,72.36,FALSE,M1_DIRECTION_MISMATCH
2026-09-07 14:55:45.155,1788792945.155,2950,91,91,4416.42,4416.50,8.0,PASS_<=10c,+0.0,FLAT,-75.0,+242.0,4.2,+10.08,2.40,SLOW,4414.00,4419.48,4412.21,4417.17,0.00,0.00,0.0,BULLISH,727.0,4417.17,4417.42,4416.41,4416.42,45,CLEARED_>=20s,101.0,75.0,25.0,1.0,24.8,1.0,24.8,BLOCKED_24.8%,0.00,0.0,NO,STANDBY_VEL_LOW,0,0.00,4590.00,72.36,FALSE,M1_DIRECTION_MISMATCH
2026-09-07 14:55:45.657,1788792945.658,2951,92,92,4416.60,4416.68,8.0,PASS_<=10c,+18.0,UP,-57.0,+260.0,4.2,+6.30,1.50,SLOW,4414.00,4419.48,4412.21,4417.17,0.00,0.00,0.0,BULLISH,727.0,4417.17,4417.42,4416.41,4416.60,45,CLEARED_>=20s,101.0,57.0,25.0,19.0,24.8,18.8,24.8,BLOCKED_24.8%,0.00,0.0,NO,STANDBY_VEL_LOW,0,0.00,4590.00,72.36,FALSE,M1_DIRECTION_MISMATCH
2026-09-07 14:55:46.160,1788792946.160,2952,93,93,4416.60,4416.68,8.0,PASS_<=10c,+0.0,FLAT,-57.0,+260.0,4.2,+0.84,0.20,SLOW,4414.00,4419.48,4412.21,4417.17,0.00,0.00,0.0,BULLISH,727.0,4417.17,4417.42,4416.41,4416.60,46,CLEARED_>=20s,101.0,57.0,25.0,19.0,24.8,18.8,24.8,BLOCKED_24.8%,0.00,0.0,NO,STANDBY_VEL_LOW,0,0.00,4590.00,72.36,FALSE,M1_DIRECTION_MISMATCH
2026-09-07 14:55:46.661,1788792946.662,2953,94,94,4416.47,4416.55,8.0,PASS_<=10c,-13.0,DOWN,-70.0,+247.0,4.2,+1.05,0.25,SLOW,4414.00,4419.48,4412.21,4417.17,0.00,0.00,0.0,BULLISH,727.0,4417.17,4417.42,4416.41,4416.47,46,CLEARED_>=20s,101.0,70.0,25.0,6.0,24.8,5.9,24.8,BLOCKED_24.8%,0.00,0.0,NO,STANDBY_VEL_LOW,0,0.00,4590.00,72.36,FALSE,M1_DIRECTION_MISMATCH
2026-09-07 14:55:47.163,1788792947.164,2954,95,95,4416.37,4416.45,8.0,PASS_<=10c,-10.0,DOWN,-80.0,+237.0,4.2,+1.89,0.45,SLOW,4414.00,4419.48,4412.21,4417.17,0.00,0.00,0.0,BULLISH,727.0,4417.17,4417.42,4416.37,4416.37,47,CLEARED_>=20s,105.0,80.0,25.0,0.0,23.8,0.0,23.8,BLOCKED_23.8%,0.00,0.0,NO,STANDBY_VEL_LOW,0,0.00,4590.00,72.36,FALSE,M1_DIRECTION_MISMATCH
2026-09-07 14:55:47.665,1788792947.666,2955,96,96,4416.37,4416.45,8.0,PASS_<=10c,+0.0,FLAT,-80.0,+237.0,4.2,+0.84,0.20,SLOW,4414.00,4419.48,4412.21,4417.17,0.00,0.00,0.0,BULLISH,727.0,4417.17,4417.42,4416.37,4416.37,47,CLEARED_>=20s,105.0,80.0,25.0,0.0,23.8,0.0,23.8,BLOCKED_23.8%,0.00,0.0,NO,STANDBY_VEL_LOW,0,0.00,4590.00,72.36,FALSE,M1_DIRECTION_MISMATCH
2026-09-07 14:55:48.167,1788792948.168,2956,97,97,4416.35,4416.43,8.0,PASS_<=10c,-2.0,DOWN,-82.0,+235.0,4.2,+1.68,0.40,SLOW,4414.00,4419.48,4412.21,4417.17,0.00,0.00,0.0,BULLISH,727.0,4417.17,4417.42,4416.35,4416.35,48,CLEARED_>=20s,107.0,82.0,25.0,0.0,23.4,0.0,23.4,BLOCKED_23.4%,0.00,0.0,NO,STANDBY_VEL_LOW,0,0.00,4590.00,72.36,FALSE,M1_DIRECTION_MISMATCH
2026-09-07 14:55:48.669,1788792948.669,2957,98,98,4416.38,4416.46,8.0,PASS_<=10c,+3.0,UP,-79.0,+238.0,4.2,+1.05,0.25,SLOW,4414.00,4419.48,4412.21,4417.17,0.00,0.00,0.0,BULLISH,727.0,4417.17,4417.42,4416.33,4416.38,48,CLEARED_>=20s,109.0,79.0,25.0,5.0,22.9,4.6,22.9,BLOCKED_22.9%,0.00,0.0,NO,STANDBY_VEL_LOW,0,0.00,4590.00,72.36,FALSE,M1_DIRECTION_MISMATCH
2026-09-07 14:55:49.170,1788792949.171,2958,99,99,4416.38,4416.46,8.0,PASS_<=10c,+0.0,FLAT,-79.0,+238.0,4.2,+0.84,0.20,SLOW,4414.00,4419.48,4412.21,4417.17,0.00,0.00,0.0,BULLISH,727.0,4417.17,4417.42,4416.33,4416.38,49,CLEARED_>=20s,109.0,79.0,25.0,5.0,22.9,4.6,22.9,BLOCKED_22.9%,0.00,0.0,NO,STANDBY_VEL_LOW,0,0.00,4590.00,72.36,FALSE,M1_DIRECTION_MISMATCH
2026-09-07 14:55:49.672,1788792949.672,2959,100,100,4416.60,4416.68,8.0,PASS_<=10c,+22.0,UP,-57.0,+260.0,4.2,+3.78,0.90,SLOW,4414.00,4419.48,4412.21,4417.17,0.00,0.00,0.0,BULLISH,727.0,4417.17,4417.42,4416.33,4416.60,49,CLEARED_>=20s,109.0,57.0,25.0,27.0,22.9,24.8,22.9,BLOCKED_22.9%,0.00,0.0,NO,STANDBY_VEL_LOW,0,0.00,4590.00,72.36,FALSE,M1_DIRECTION_MISMATCH
2026-09-07 14:55:50.173,1788792950.174,2960,101,101,4416.60,4416.68,8.0,PASS_<=10c,+0.0,FLAT,-57.0,+260.0,4.2,+3.78,0.90,SLOW,4414.00,4419.48,4412.21,4417.17,0.00,0.00,0.0,BULLISH,727.0,4417.17,4417.42,4416.33,4416.60,50,CLEARED_>=20s,109.0,57.0,25.0,27.0,22.9,24.8,22.9,BLOCKED_22.9%,0.00,0.0,NO,STANDBY_VEL_LOW,0,0.00,4590.00,72.36,FALSE,M1_DIRECTION_MISMATCH
2026-09-07 14:55:50.675,1788792950.676,2961,102,102,4416.56,4416.64,8.0,PASS_<=10c,-4.0,DOWN,-61.0,+256.0,4.2,+1.05,0.25,SLOW,4414.00,4419.48,4412.21,4417.17,0.00,0.00,0.0,BULLISH,727.0,4417.17,4417.42,4416.33,4416.56,50,CLEARED_>=20s,109.0,61.0,25.0,23.0,22.9,21.1,22.9,BLOCKED_22.9%,0.00,0.0,NO,STANDBY_VEL_LOW,0,0.00,4590.00,72.36,FALSE,M1_DIRECTION_MISMATCH
2026-09-07 14:55:51.177,1788792951.178,2962,103,103,4416.53,4416.61,8.0,PASS_<=10c,-3.0,DOWN,-64.0,+253.0,4.2,+1.05,0.25,SLOW,4414.00,4419.48,4412.21,4417.17,0.00,0.00,0.0,BULLISH,727.0,4417.17,4417.42,4416.33,4416.53,51,CLEARED_>=20s,109.0,64.0,25.0,20.0,22.9,18.3,22.9,BLOCKED_22.9%,0.00,0.0,NO,STANDBY_VEL_LOW,0,0.00,4590.00,72.36,FALSE,M1_DIRECTION_MISMATCH
2026-09-07 14:55:51.679,1788792951.680,2963,104,104,4416.38,4416.46,8.0,PASS_<=10c,-15.0,DOWN,-79.0,+238.0,4.2,+1.05,0.25,SLOW,4414.00,4419.48,4412.21,4417.17,0.00,0.00,0.0,BULLISH,727.0,4417.17,4417.42,4416.33,4416.38,51,CLEARED_>=20s,109.0,79.0,25.0,5.0,22.9,4.6,22.9,BLOCKED_22.9%,0.00,0.0,NO,STANDBY_VEL_LOW,0,0.00,4590.00,72.36,FALSE,M1_DIRECTION_MISMATCH
2026-09-07 14:55:52.182,1788792952.183,2964,105,105,4416.37,4416.45,8.0,PASS_<=10c,-1.0,DOWN,-80.0,+237.0,4.2,+0.00,0.00,SLOW,4414.00,4419.48,4412.21,4417.17,0.00,0.00,0.0,BULLISH,727.0,4417.17,4417.42,4416.33,4416.37,52,CLEARED_>=20s,109.0,80.0,25.0,4.0,22.9,3.7,22.9,BLOCKED_22.9%,0.00,0.0,NO,STANDBY_VEL_LOW,0,0.00,4590.00,72.36,FALSE,M1_DIRECTION_MISMATCH
2026-09-07 14:55:52.683,1788792952.684,2965,106,106,4416.38,4416.46,8.0,PASS_<=10c,+1.0,UP,-79.0,+238.0,4.2,+0.21,0.05,SLOW,4414.00,4419.48,4412.21,4417.17,0.00,0.00,0.0,BULLISH,727.0,4417.17,4417.42,4416.33,4416.38,52,CLEARED_>=20s,109.0,79.0,25.0,5.0,22.9,4.6,22.9,BLOCKED_22.9%,0.00,0.0,NO,STANDBY_VEL_LOW,0,0.00,4590.00,72.36,FALSE,M1_DIRECTION_MISMATCH
2026-09-07 14:55:53.185,1788792953.186,2966,107,107,4416.36,4416.44,8.0,PASS_<=10c,-2.0,DOWN,-81.0,+236.0,4.2,+0.63,0.15,SLOW,4414.00,4419.48,4412.21,4417.17,0.00,0.00,0.0,BULLISH,727.0,4417.17,4417.42,4416.33,4416.36,53,CLEARED_>=20s,109.0,81.0,25.0,3.0,22.9,2.8,22.9,BLOCKED_22.9%,0.00,0.0,NO,STANDBY_VEL_LOW,0,0.00,4590.00,72.36,FALSE,M1_DIRECTION_MISMATCH
2026-09-07 14:55:53.687,1788792953.688,2967,108,108,4416.37,4416.45,8.0,PASS_<=10c,+1.0,UP,-80.0,+237.0,4.2,+0.21,0.05,SLOW,4414.00,4419.48,4412.21,4417.17,0.00,0.00,0.0,BULLISH,727.0,4417.17,4417.42,4416.33,4416.37,53,CLEARED_>=20s,109.0,80.0,25.0,4.0,22.9,3.7,22.9,BLOCKED_22.9%,0.00,0.0,NO,STANDBY_VEL_LOW,0,0.00,4590.00,72.36,FALSE,M1_DIRECTION_MISMATCH
2026-09-07 14:55:54.189,1788792954.190,2968,109,109,4416.36,4416.44,8.0,PASS_<=10c,-1.0,DOWN,-81.0,+236.0,4.2,+4.82,1.15,SLOW,4414.00,4419.48,4412.21,4417.17,0.00,0.00,0.0,BULLISH,727.0,4417.17,4417.42,4416.33,4416.36,54,CLEARED_>=20s,109.0,81.0,25.0,3.0,22.9,2.8,22.9,BLOCKED_22.9%,0.00,0.0,NO,STANDBY_VEL_LOW,0,0.00,4590.00,72.36,FALSE,M1_DIRECTION_MISMATCH
2026-09-07 14:55:54.692,1788792954.692,2969,110,110,4416.53,4416.61,8.0,PASS_<=10c,+17.0,UP,-64.0,+253.0,4.2,+1.47,0.35,SLOW,4414.00,4419.48,4412.21,4417.17,0.00,0.00,0.0,BULLISH,727.0,4417.17,4417.42,4416.33,4416.53,54,CLEARED_>=20s,109.0,64.0,25.0,20.0,22.9,18.3,22.9,BLOCKED_22.9%,0.00,0.0,NO,STANDBY_VEL_LOW,0,0.00,4590.00,72.36,FALSE,M1_DIRECTION_MISMATCH
2026-09-07 14:55:55.194,1788792955.194,2970,111,111,4416.51,4416.59,8.0,PASS_<=10c,-2.0,DOWN,-66.0,+251.0,4.2,+1.26,0.30,SLOW,4414.00,4419.48,4412.21,4417.17,0.00,0.00,0.0,BULLISH,727.0,4417.17,4417.42,4416.33,4416.51,55,CLEARED_>=20s,109.0,66.0,25.0,18.0,22.9,16.5,22.9,BLOCKED_22.9%,0.00,0.0,NO,STANDBY_VEL_LOW,0,0.00,4590.00,72.36,FALSE,M1_DIRECTION_MISMATCH
2026-09-07 14:55:55.695,1788792955.696,2971,112,112,4416.45,4416.53,8.0,PASS_<=10c,-6.0,DOWN,-72.0,+245.0,4.2,+2.52,0.60,SLOW,4414.00,4419.48,4412.21,4417.17,0.00,0.00,0.0,BULLISH,727.0,4417.17,4417.42,4416.33,4416.45,55,CLEARED_>=20s,109.0,72.0,25.0,12.0,22.9,11.0,22.9,BLOCKED_22.9%,0.00,0.0,NO,STANDBY_VEL_LOW,0,0.00,4590.00,72.36,FALSE,M1_DIRECTION_MISMATCH
2026-09-07 14:55:56.197,1788792956.198,2972,113,113,4416.53,4416.61,8.0,PASS_<=10c,+8.0,UP,-64.0,+253.0,4.2,+1.47,0.35,SLOW,4414.00,4419.48,4412.21,4417.17,0.00,0.00,0.0,BULLISH,727.0,4417.17,4417.42,4416.33,4416.53,56,CLEARED_>=20s,109.0,64.0,25.0,20.0,22.9,18.3,22.9,BLOCKED_22.9%,0.00,0.0,NO,STANDBY_VEL_LOW,0,0.00,4590.00,72.36,FALSE,M1_DIRECTION_MISMATCH
2026-09-07 14:55:56.699,1788792956.700,2973,114,114,4416.48,4416.56,8.0,PASS_<=10c,-5.0,DOWN,-69.0,+248.0,4.2,+2.31,0.55,SLOW,4414.00,4419.48,4412.21,4417.17,0.00,0.00,0.0,BULLISH,727.0,4417.17,4417.42,4416.33,4416.48,56,CLEARED_>=20s,109.0,69.0,25.0,15.0,22.9,13.8,22.9,BLOCKED_22.9%,0.00,0.0,NO,STANDBY_VEL_LOW,0,0.00,4590.00,72.36,FALSE,M1_DIRECTION_MISMATCH
2026-09-07 14:55:57.201,1788792957.201,2974,115,115,4416.42,4416.50,8.0,PASS_<=10c,-6.0,DOWN,-75.0,+242.0,4.2,+1.05,0.25,SLOW,4414.00,4419.48,4412.21,4417.17,0.00,0.00,0.0,BULLISH,727.0,4417.17,4417.42,4416.33,4416.42,57,CLEARED_>=20s,109.0,75.0,25.0,9.0,22.9,8.3,22.9,BLOCKED_22.9%,0.00,0.0,NO,STANDBY_VEL_LOW,0,0.00,4590.00,72.36,FALSE,M1_DIRECTION_MISMATCH
2026-09-07 14:55:57.701,1788792957.702,2975,116,116,4416.42,4416.50,8.0,PASS_<=10c,+0.0,FLAT,-75.0,+242.0,4.2,+1.26,0.30,SLOW,4414.00,4419.48,4412.21,4417.17,0.00,0.00,0.0,BULLISH,727.0,4417.17,4417.42,4416.33,4416.42,57,CLEARED_>=20s,109.0,75.0,25.0,9.0,22.9,8.3,22.9,BLOCKED_22.9%,0.00,0.0,NO,STANDBY_VEL_LOW,0,0.00,4590.00,72.36,FALSE,M1_DIRECTION_MISMATCH
2026-09-07 14:55:58.204,1788792958.205,2976,117,117,4416.45,4416.53,8.0,PASS_<=10c,+3.0,UP,-72.0,+245.0,4.2,+1.89,0.45,SLOW,4414.00,4419.48,4412.21,4417.17,0.00,0.00,0.0,BULLISH,727.0,4417.17,4417.42,4416.33,4416.45,58,CLEARED_>=20s,109.0,72.0,25.0,12.0,22.9,11.0,22.9,BLOCKED_22.9%,0.00,0.0,NO,STANDBY_VEL_LOW,0,0.00,4590.00,72.36,FALSE,M1_DIRECTION_MISMATCH
2026-09-07 14:55:58.706,1788792958.706,2977,118,118,4416.43,4416.51,8.0,PASS_<=10c,-2.0,DOWN,-74.0,+243.0,4.2,+1.47,0.35,SLOW,4414.00,4419.48,4412.21,4417.17,0.00,0.00,0.0,BULLISH,727.0,4417.17,4417.42,4416.33,4416.43,58,CLEARED_>=20s,109.0,74.0,25.0,10.0,22.9,9.2,22.9,BLOCKED_22.9%,0.00,0.0,NO,STANDBY_VEL_LOW,0,0.00,4590.00,72.36,FALSE,M1_DIRECTION_MISMATCH
2026-09-07 14:55:59.207,1788792959.208,2978,119,119,4416.42,4416.50,8.0,PASS_<=10c,-1.0,DOWN,-75.0,+242.0,4.2,+1.05,0.25,SLOW,4414.00,4419.48,4412.21,4417.17,0.00,0.00,0.0,BULLISH,727.0,4417.17,4417.42,4416.33,4416.42,59,CLEARED_>=20s,109.0,75.0,25.0,9.0,22.9,8.3,22.9,BLOCKED_22.9%,0.00,0.0,NO,STANDBY_VEL_LOW,0,0.00,4590.00,72.36,FALSE,M1_DIRECTION_MISMATCH
2026-09-07 14:55:59.709,1788792959.710,2979,120,120,4416.45,4416.53,8.0,PASS_<=10c,+3.0,UP,-72.0,+245.0,4.2,+1.68,0.40,SLOW,4414.00,4419.48,4412.21,4417.17,0.00,0.00,0.0,BULLISH,727.0,4417.17,4417.42,4416.33,4416.45,59,CLEARED_>=20s,109.0,72.0,25.0,12.0,22.9,11.0,22.9,BLOCKED_22.9%,0.00,0.0,NO,STANDBY_VEL_LOW,0,0.00,4590.00,72.36,FALSE,M1_DIRECTION_MISMATCH
2026-09-07 14:56:00.210,1788792960.211,2980,1,121,4416.45,4416.53,8.0,PASS_<=10c,+0.0,FLAT,+0.0,+245.0,4.2,+1.26,0.30,SLOW,4414.00,4419.48,4412.21,4417.17,0.00,0.00,0.0,BULLISH,727.0,4416.45,4416.45,4416.45,4416.45,0,ACTIVE_0s,1.0,0.0,0.0,0.0,0.0,0.0,0.0,PASS_<20%,0.00,0.0,NO,STANDBY_VEL_LOW,0,0.00,4590.00,72.36,FALSE,M1_DIRECTION_MISMATCH|OPENING_SHIELD_ACTIVE_0s
2026-09-07 14:56:00.712,1788792960.712,2981,2,122,4416.52,4416.60,8.0,PASS_<=10c,+7.0,UP,+7.0,+252.0,4.2,+1.47,0.35,SLOW,4414.00,4419.48,4412.21,4417.17,0.00,0.00,0.0,BULLISH,727.0,4416.45,4416.52,4416.44,4416.52,0,ACTIVE_0s,8.0,7.0,0.0,1.0,0.0,12.5,0.0,PASS_<20%,4416.60,8.0,NO,STANDBY_VEL_LOW,0,0.00,4590.00,72.36,FALSE,OPENING_SHIELD_ACTIVE_0s
2026-09-07 14:56:01.214,1788792961.214,2982,3,123,4416.56,4416.64,8.0,PASS_<=10c,+4.0,UP,+11.0,+256.0,4.2,+0.63,0.15,SLOW,4414.00,4419.48,4412.21,4417.17,0.00,0.00,0.0,BULLISH,727.0,4416.45,4416.56,4416.44,4416.56,1,ACTIVE_1s,12.0,11.0,0.0,1.0,0.0,8.3,0.0,PASS_<20%,4416.60,4.0,NO,STANDBY_VEL_LOW,0,0.00,4590.00,72.36,FALSE,OPENING_SHIELD_ACTIVE_1s
2026-09-07 14:56:01.716,1788792961.716,2983,4,124,4416.46,4416.54,8.0,PASS_<=10c,-10.0,DOWN,+1.0,+246.0,4.2,+0.42,0.10,SLOW,4414.00,4419.48,4412.21,4417.17,0.00,0.00,0.0,BULLISH,727.0,4416.45,4416.56,4416.44,4416.46,1,ACTIVE_1s,12.0,1.0,10.0,1.0,83.3,8.3,83.3,BLOCKED_83.3%,4416.60,14.0,NO,STANDBY_VEL_LOW,0,0.00,4590.00,72.36,FALSE,OPP_WICK_TOO_HIGH_0.83|OPENING_SHIELD_ACTIVE_1s|PRICE_BELOW_15C_DISPLACEMENT
2026-09-07 14:56:02.218,1788792962.218,2984,5,125,4416.44,4416.52,8.0,PASS_<=10c,-2.0,DOWN,-1.0,+244.0,4.2,+0.42,0.10,SLOW,4414.00,4419.48,4412.21,4417.17,0.00,0.00,0.0,BULLISH,727.0,4416.45,4416.56,4416.44,4416.44,2,ACTIVE_2s,12.0,1.0,11.0,0.0,91.7,0.0,91.7,BLOCKED_91.7%,0.00,0.0,NO,STANDBY_VEL_LOW,0,0.00,4590.00,72.36,FALSE,M1_DIRECTION_MISMATCH|OPENING_SHIELD_ACTIVE_2s
2026-09-07 14:56:02.720,1788792962.720,2985,6,126,4416.53,4416.61,8.0,PASS_<=10c,+9.0,UP,+8.0,+253.0,4.2,+1.89,0.45,SLOW,4414.00,4419.48,4412.21,4417.17,0.00,0.00,0.0,BULLISH,727.0,4416.45,4416.56,4416.44,4416.53,2,ACTIVE_2s,12.0,8.0,3.0,1.0,25.0,8.3,25.0,BLOCKED_25.0%,4416.60,7.0,NO,STANDBY_VEL_LOW,0,0.00,4590.00,72.36,FALSE,OPP_WICK_TOO_HIGH_0.25|OPENING_SHIELD_ACTIVE_2s
2026-09-07 14:56:03.221,1788792963.222,2986,7,127,4416.61,4416.69,8.0,PASS_<=10c,+8.0,UP,+16.0,+261.0,4.2,+3.36,0.80,SLOW,4414.00,4419.48,4412.21,4417.17,0.00,0.00,0.0,BULLISH,727.0,4416.45,4416.61,4416.44,4416.61,3,ACTIVE_3s,17.0,16.0,0.0,1.0,0.0,5.9,0.0,PASS_<20%,4416.60,1.0,NO,STANDBY_VEL_LOW,0,0.00,4590.00,72.36,FALSE,OPENING_SHIELD_ACTIVE_3s
2026-09-07 14:56:03.723,1788792963.723,2987,8,128,4416.42,4416.50,8.0,PASS_<=10c,-19.0,DOWN,-3.0,+242.0,4.2,+0.00,0.00,SLOW,4414.00,4419.48,4412.21,4417.17,0.00,0.00,0.0,BULLISH,727.0,4416.45,4416.61,4416.42,4416.42,3,ACTIVE_3s,19.0,3.0,16.0,0.0,84.2,0.0,84.2,BLOCKED_84.2%,0.00,0.0,NO,STANDBY_VEL_LOW,0,0.00,4590.00,72.36,FALSE,M1_DIRECTION_MISMATCH|OPENING_SHIELD_ACTIVE_3s
2026-09-07 14:56:04.225,1788792964.226,2988,9,129,4416.44,4416.52,8.0,PASS_<=10c,+2.0,UP,-1.0,+244.0,4.2,+0.42,0.10,SLOW,4414.00,4419.48,4412.21,4417.17,0.00,0.00,0.0,BULLISH,727.0,4416.45,4416.61,4416.42,4416.44,4,ACTIVE_4s,19.0,1.0,16.0,2.0,84.2,10.5,84.2,BLOCKED_84.2%,0.00,0.0,NO,STANDBY_VEL_LOW,0,0.00,4590.00,72.36,FALSE,M1_DIRECTION_MISMATCH|OPENING_SHIELD_ACTIVE_4s
2026-09-07 14:56:04.727,1788792964.727,2989,10,130,4416.44,4416.52,8.0,PASS_<=10c,+0.0,FLAT,-1.0,+244.0,4.2,+0.21,0.05,SLOW,4414.00,4419.48,4412.21,4417.17,0.00,0.00,0.0,BULLISH,727.0,4416.45,4416.61,4416.41,4416.44,4,ACTIVE_4s,20.0,1.0,16.0,3.0,80.0,15.0,80.0,BLOCKED_80.0%,0.00,0.0,NO,STANDBY_VEL_LOW,0,0.00,4590.00,72.36,FALSE,M1_DIRECTION_MISMATCH|OPENING_SHIELD_ACTIVE_4s
2026-09-07 14:56:05.229,1788792965.230,2990,11,131,4416.46,4416.54,8.0,PASS_<=10c,+2.0,UP,+1.0,+246.0,4.2,+0.42,0.10,SLOW,4414.00,4419.48,4412.21,4417.17,0.00,0.00,0.0,BULLISH,727.0,4416.45,4416.61,4416.41,4416.46,5,ACTIVE_5s,20.0,1.0,15.0,4.0,75.0,20.0,75.0,BLOCKED_75.0%,4416.60,14.0,NO,STANDBY_VEL_LOW,0,0.00,4590.00,72.36,FALSE,OPP_WICK_TOO_HIGH_0.75|OPENING_SHIELD_ACTIVE_5s|PRICE_BELOW_15C_DISPLACEMENT
2026-09-07 14:56:05.731,1788792965.731,2991,12,132,4416.47,4416.55,8.0,PASS_<=10c,+1.0,UP,+2.0,+247.0,4.2,+1.47,0.35,SLOW,4414.00,4419.48,4412.21,4417.17,0.00,0.00,0.0,BULLISH,727.0,4416.45,4416.61,4416.41,4416.47,5,ACTIVE_5s,20.0,2.0,14.0,4.0,70.0,20.0,70.0,BLOCKED_70.0%,4416.60,13.0,NO,STANDBY_VEL_LOW,0,0.00,4590.00,72.36,FALSE,OPP_WICK_TOO_HIGH_0.70|OPENING_SHIELD_ACTIVE_5s|PRICE_BELOW_15C_DISPLACEMENT
2026-09-07 14:56:06.233,1788792966.234,2992,13,133,4416.47,4416.55,8.0,PASS_<=10c,+0.0,FLAT,+2.0,+247.0,4.2,+1.89,0.45,SLOW,4414.00,4419.48,4412.21,4417.17,0.00,0.00,0.0,BULLISH,727.0,4416.45,4416.61,4416.41,4416.47,6,ACTIVE_6s,20.0,2.0,14.0,4.0,70.0,20.0,70.0,BLOCKED_70.0%,4416.60,13.0,NO,STANDBY_VEL_LOW,0,0.00,4590.00,72.36,FALSE,OPP_WICK_TOO_HIGH_0.70|OPENING_SHIELD_ACTIVE_6s|PRICE_BELOW_15C_DISPLACEMENT
2026-09-07 14:56:06.735,1788792966.736,2993,14,134,4416.56,4416.64,8.0,PASS_<=10c,+9.0,UP,+11.0,+256.0,4.2,+2.52,0.60,SLOW,4414.00,4419.48,4412.21,4417.17,0.00,0.00,0.0,BULLISH,727.0,4416.45,4416.61,4416.41,4416.56,6,ACTIVE_6s,20.0,11.0,5.0,4.0,25.0,20.0,25.0,BLOCKED_25.0%,4416.60,4.0,NO,STANDBY_VEL_LOW,0,0.00,4590.00,72.36,FALSE,OPP_WICK_TOO_HIGH_0.25|OPENING_SHIELD_ACTIVE_6s
2026-09-07 14:56:07.237,1788792967.237,2994,15,135,4416.61,4416.69,8.0,PASS_<=10c,+5.0,UP,+16.0,+261.0,4.2,+3.57,0.85,SLOW,4414.00,4419.48,4412.21,4417.17,0.00,0.00,0.0,BULLISH,727.0,4416.45,4416.61,4416.41,4416.61,7,ACTIVE_7s,20.0,16.0,0.0,4.0,0.0,20.0,0.0,PASS_<20%,4416.60,1.0,NO,STANDBY_VEL_LOW,0,0.00,4590.00,72.36,FALSE,OPENING_SHIELD_ACTIVE_7s
2026-09-07 14:56:07.739,1788792967.739,2995,16,136,4416.54,4416.62,8.0,PASS_<=10c,-7.0,DOWN,+9.0,+254.0,4.2,+0.84,0.20,SLOW,4414.00,4419.48,4412.21,4417.17,0.00,0.00,0.0,BULLISH,727.0,4416.45,4416.61,4416.41,4416.54,7,ACTIVE_7s,20.0,9.0,7.0,4.0,35.0,20.0,35.0,BLOCKED_35.0%,4416.60,6.0,NO,STANDBY_VEL_LOW,0,0.00,4590.00,72.36,FALSE,OPP_WICK_TOO_HIGH_0.35|OPENING_SHIELD_ACTIVE_7s
2026-09-07 14:56:08.240,1788792968.241,2996,17,137,4416.48,4416.56,8.0,PASS_<=10c,-6.0,DOWN,+3.0,+248.0,4.2,+1.26,0.30,SLOW,4414.00,4419.48,4412.21,4417.17,0.00,0.00,0.0,BULLISH,727.0,4416.45,4416.61,4416.41,4416.48,8,ACTIVE_8s,20.0,3.0,13.0,4.0,65.0,20.0,65.0,BLOCKED_65.0%,4416.60,12.0,NO,STANDBY_VEL_LOW,0,0.00,4590.00,72.36,FALSE,OPP_WICK_TOO_HIGH_0.65|OPENING_SHIELD_ACTIVE_8s|PRICE_BELOW_15C_DISPLACEMENT
2026-09-07 14:56:08.742,1788792968.743,2997,18,138,4416.38,4416.46,8.0,PASS_<=10c,-10.0,DOWN,-7.0,+238.0,4.2,+1.47,0.35,SLOW,4414.00,4419.48,4412.21,4417.17,0.00,0.00,0.0,BULLISH,727.0,4416.45,4416.61,4416.38,4416.38,8,ACTIVE_8s,23.0,7.0,16.0,0.0,69.6,0.0,69.6,BLOCKED_69.6%,0.00,0.0,NO,STANDBY_VEL_LOW,0,0.00,4590.00,72.36,FALSE,M1_DIRECTION_MISMATCH|OPENING_SHIELD_ACTIVE_8s
2026-09-07 14:56:09.245,1788792969.245,2998,19,139,4416.35,4416.43,8.0,PASS_<=10c,-3.0,DOWN,-10.0,+235.0,4.2,+1.26,0.30,SLOW,4414.00,4419.48,4412.21,4417.17,0.00,0.00,0.0,BULLISH,727.0,4416.45,4416.61,4416.35,4416.35,9,ACTIVE_9s,26.0,10.0,16.0,0.0,61.5,0.0,61.5,BLOCKED_61.5%,0.00,0.0,NO,STANDBY_VEL_LOW,0,0.00,4590.00,72.36,FALSE,M1_DIRECTION_MISMATCH|OPENING_SHIELD_ACTIVE_9s
2026-09-07 14:56:09.747,1788792969.748,2999,20,140,4416.35,4416.43,8.0,PASS_<=10c,+0.0,FLAT,-10.0,+235.0,4.2,+1.89,0.45,SLOW,4414.00,4419.48,4412.21,4417.17,0.00,0.00,0.0,BULLISH,727.0,4416.45,4416.61,4416.35,4416.35,9,ACTIVE_9s,26.0,10.0,16.0,0.0,61.5,0.0,61.5,BLOCKED_61.5%,0.00,0.0,NO,STANDBY_VEL_LOW,0,0.00,4590.00,72.36,FALSE,M1_DIRECTION_MISMATCH|OPENING_SHIELD_ACTIVE_9s
2026-09-07 14:56:10.252,1788792970.252,3000,21,141,4416.45,4416.53,8.0,PASS_<=10c,+10.0,UP,+0.0,+245.0,4.2,+0.21,0.05,SLOW,4414.00,4419.48,4412.21,4417.17,0.00,0.00,0.0,BULLISH,727.0,4416.45,4416.61,4416.35,4416.45,10,ACTIVE_10s,26.0,0.0,16.0,10.0,61.5,38.5,61.5,BLOCKED_61.5%,0.00,0.0,NO,STANDBY_VEL_LOW,0,0.00,4590.00,72.36,FALSE,M1_DIRECTION_MISMATCH|OPENING_SHIELD_ACTIVE_10s
2026-09-07 14:56:10.750,1788792970.751,3001,22,142,4416.36,4416.44,8.0,PASS_<=10c,-9.0,DOWN,-9.0,+236.0,4.2,+2.31,0.55,SLOW,4414.00,4419.48,4412.21,4417.17,0.00,0.00,0.0,BULLISH,727.0,4416.45,4416.61,4416.35,4416.36,10,ACTIVE_10s,26.0,9.0,16.0,1.0,61.5,3.8,61.5,BLOCKED_61.5%,0.00,0.0,NO,STANDBY_VEL_LOW,0,0.00,4590.00,72.36,FALSE,M1_DIRECTION_MISMATCH|OPENING_SHIELD_ACTIVE_10s
2026-09-07 14:56:11.252,1788792971.252,3002,23,143,4416.24,4416.32,8.0,PASS_<=10c,-12.0,DOWN,-21.0,+224.0,4.2,+6.71,1.60,SLOW,4414.00,4419.48,4412.21,4417.17,0.00,0.00,0.0,BULLISH,727.0,4416.45,4416.61,4416.24,4416.24,11,ACTIVE_11s,37.0,21.0,16.0,0.0,43.2,0.0,43.2,BLOCKED_43.2%,0.00,0.0,NO,STANDBY_VEL_LOW,0,0.00,4590.00,72.36,FALSE,M1_DIRECTION_MISMATCH|OPENING_SHIELD_ACTIVE_11s
2026-09-07 14:56:11.754,1788792971.755,3003,24,144,4416.27,4416.35,8.0,PASS_<=10c,+3.0,UP,-18.0,+227.0,4.2,+7.13,1.70,SLOW,4414.00,4419.48,4412.21,4417.17,0.00,0.00,0.0,BULLISH,727.0,4416.45,4416.61,4416.24,4416.27,11,ACTIVE_11s,37.0,18.0,16.0,3.0,43.2,8.1,43.2,BLOCKED_43.2%,0.00,0.0,NO,STANDBY_VEL_LOW,0,0.00,4590.00,72.36,FALSE,M1_DIRECTION_MISMATCH|OPENING_SHIELD_ACTIVE_11s
2026-09-07 14:56:12.255,1788792972.256,3004,25,145,4416.35,4416.43,8.0,PASS_<=10c,+8.0,UP,-10.0,+235.0,4.2,+5.45,1.30,SLOW,4414.00,4419.48,4412.21,4417.17,0.00,0.00,0.0,BULLISH,727.0,4416.45,4416.61,4416.24,4416.35,12,ACTIVE_12s,37.0,10.0,16.0,11.0,43.2,29.7,43.2,BLOCKED_43.2%,0.00,0.0,NO,STANDBY_VEL_LOW,0,0.00,4590.00,72.36,FALSE,M1_DIRECTION_MISMATCH|OPENING_SHIELD_ACTIVE_12s
2026-09-07 14:56:12.757,1788792972.757,3005,26,146,4416.35,4416.43,8.0,PASS_<=10c,+0.0,FLAT,-10.0,+235.0,4.2,+4.61,1.10,SLOW,4414.00,4419.48,4412.21,4417.17,0.00,0.00,0.0,BULLISH,727.0,4416.45,4416.61,4416.24,4416.35,12,ACTIVE_12s,37.0,10.0,16.0,11.0,43.2,29.7,43.2,BLOCKED_43.2%,0.00,0.0,NO,STANDBY_VEL_LOW,0,0.00,4590.00,72.36,FALSE,M1_DIRECTION_MISMATCH|OPENING_SHIELD_ACTIVE_12s
2026-09-07 14:56:13.258,1788792973.258,3006,27,147,4416.42,4416.50,8.0,PASS_<=10c,+7.0,UP,-3.0,+242.0,4.2,+1.26,0.30,SLOW,4414.00,4419.48,4412.21,4417.17,0.00,0.00,0.0,BULLISH,727.0,4416.45,4416.61,4416.24,4416.42,13,ACTIVE_13s,37.0,3.0,16.0,18.0,43.2,48.6,43.2,BLOCKED_43.2%,0.00,0.0,NO,STANDBY_VEL_LOW,0,0.00,4590.00,72.36,FALSE,M1_DIRECTION_MISMATCH|OPENING_SHIELD_ACTIVE_13s
2026-09-07 14:56:13.759,1788792973.759,3007,28,148,4416.44,4416.52,8.0,PASS_<=10c,+2.0,UP,-1.0,+244.0,4.2,+1.26,0.30,SLOW,4414.00,4419.48,4412.21,4417.17,0.00,0.00,0.0,BULLISH,727.0,4416.45,4416.61,4416.24,4416.44,13,ACTIVE_13s,37.0,1.0,16.0,20.0,43.2,54.1,43.2,BLOCKED_43.2%,0.00,0.0,NO,STANDBY_VEL_LOW,0,0.00,4590.00,72.36,FALSE,M1_DIRECTION_MISMATCH|OPENING_SHIELD_ACTIVE_13s
2026-09-07 14:56:14.261,1788792974.261,3008,29,149,4416.42,4416.50,8.0,PASS_<=10c,-2.0,DOWN,-3.0,+242.0,4.2,+1.47,0.35,SLOW,4414.00,4419.48,4412.21,4417.17,0.00,0.00,0.0,BULLISH,727.0,4416.45,4416.61,4416.24,4416.42,14,ACTIVE_14s,37.0,3.0,16.0,18.0,43.2,48.6,43.2,BLOCKED_43.2%,0.00,0.0,NO,STANDBY_VEL_LOW,0,0.00,4590.00,72.36,FALSE,M1_DIRECTION_MISMATCH|OPENING_SHIELD_ACTIVE_14s
2026-09-07 14:56:14.762,1788792974.763,3009,30,150,4416.28,4416.36,8.0,PASS_<=10c,-14.0,DOWN,-17.0,+228.0,4.2,+1.47,0.35,SLOW,4414.00,4419.48,4412.21,4417.17,0.00,0.00,0.0,BULLISH,727.0,4416.45,4416.61,4416.24,4416.28,14,ACTIVE_14s,37.0,17.0,16.0,4.0,43.2,10.8,43.2,BLOCKED_43.2%,0.00,0.0,NO,STANDBY_VEL_LOW,0,0.00,4590.00,72.36,FALSE,M1_DIRECTION_MISMATCH|OPENING_SHIELD_ACTIVE_14s
2026-09-07 14:56:15.264,1788792975.264,3010,31,151,4416.26,4416.34,8.0,PASS_<=10c,-2.0,DOWN,-19.0,+226.0,4.2,+3.99,0.95,SLOW,4414.00,4419.48,4412.21,4417.17,0.00,0.00,0.0,BULLISH,727.0,4416.45,4416.61,4416.24,4416.26,15,ACTIVE_15s,37.0,19.0,16.0,2.0,43.2,5.4,43.2,BLOCKED_43.2%,0.00,0.0,NO,STANDBY_VEL_LOW,0,0.00,4590.00,72.36,FALSE,M1_DIRECTION_MISMATCH|OPENING_SHIELD_ACTIVE_15s
2026-09-07 14:56:15.766,1788792975.766,3011,32,152,4416.32,4416.40,8.0,PASS_<=10c,+6.0,UP,-13.0,+232.0,4.2,+0.63,0.15,SLOW,4414.00,4419.48,4412.21,4417.17,0.00,0.00,0.0,BULLISH,727.0,4416.45,4416.61,4416.24,4416.32,15,ACTIVE_15s,37.0,13.0,16.0,8.0,43.2,21.6,43.2,BLOCKED_43.2%,0.00,0.0,NO,STANDBY_VEL_LOW,0,0.00,4590.00,72.36,FALSE,M1_DIRECTION_MISMATCH|OPENING_SHIELD_ACTIVE_15s
2026-09-07 14:56:16.268,1788792976.268,3012,33,153,4416.29,4416.37,8.0,PASS_<=10c,-3.0,DOWN,-16.0,+229.0,4.2,+1.05,0.25,SLOW,4414.00,4419.48,4412.21,4417.17,0.00,0.00,0.0,BULLISH,727.0,4416.45,4416.61,4416.24,4416.29,16,ACTIVE_16s,37.0,16.0,16.0,5.0,43.2,13.5,43.2,BLOCKED_43.2%,0.00,0.0,NO,STANDBY_VEL_LOW,0,0.00,4590.00,72.36,FALSE,M1_DIRECTION_MISMATCH|OPENING_SHIELD_ACTIVE_16s
2026-09-07 14:56:16.769,1788792976.769,3013,34,154,4416.27,4416.35,8.0,PASS_<=10c,-2.0,DOWN,-18.0,+227.0,4.2,+1.68,0.40,SLOW,4414.00,4419.48,4412.21,4417.17,0.00,0.00,0.0,BULLISH,727.0,4416.45,4416.61,4416.24,4416.27,16,ACTIVE_16s,37.0,18.0,16.0,3.0,43.2,8.1,43.2,BLOCKED_43.2%,0.00,0.0,NO,STANDBY_VEL_LOW,0,0.00,4590.00,72.36,FALSE,M1_DIRECTION_MISMATCH|OPENING_SHIELD_ACTIVE_16s
2026-09-07 14:56:17.271,1788792977.271,3014,35,155,4416.35,4416.43,8.0,PASS_<=10c,+8.0,UP,-10.0,+235.0,4.2,+0.00,0.00,SLOW,4414.00,4419.48,4412.21,4417.17,0.00,0.00,0.0,BULLISH,727.0,4416.45,4416.61,4416.24,4416.35,17,ACTIVE_17s,37.0,10.0,16.0,11.0,43.2,29.7,43.2,BLOCKED_43.2%,0.00,0.0,NO,STANDBY_VEL_LOW,0,0.00,4590.00,72.36,FALSE,M1_DIRECTION_MISMATCH|OPENING_SHIELD_ACTIVE_17s
2026-09-07 14:56:17.772,1788792977.773,3015,36,156,4416.38,4416.46,8.0,PASS_<=10c,+3.0,UP,-7.0,+238.0,4.2,+0.42,0.10,SLOW,4414.00,4419.48,4412.21,4417.17,0.00,0.00,0.0,BULLISH,727.0,4416.45,4416.61,4416.24,4416.38,17,ACTIVE_17s,37.0,7.0,16.0,14.0,43.2,37.8,43.2,BLOCKED_43.2%,0.00,0.0,NO,STANDBY_VEL_LOW,0,0.00,4590.00,72.36,FALSE,M1_DIRECTION_MISMATCH|OPENING_SHIELD_ACTIVE_17s
2026-09-07 14:56:18.274,1788792978.275,3016,37,157,4416.38,4416.46,8.0,PASS_<=10c,+0.0,FLAT,-7.0,+238.0,4.2,+1.05,0.25,SLOW,4414.00,4419.48,4412.21,4417.17,0.00,0.00,0.0,BULLISH,727.0,4416.45,4416.61,4416.24,4416.38,18,ACTIVE_18s,37.0,7.0,16.0,14.0,43.2,37.8,43.2,BLOCKED_43.2%,0.00,0.0,NO,STANDBY_VEL_LOW,0,0.00,4590.00,72.36,FALSE,M1_DIRECTION_MISMATCH|OPENING_SHIELD_ACTIVE_18s
2026-09-07 14:56:18.776,1788792978.776,3017,38,158,4416.39,4416.47,8.0,PASS_<=10c,+1.0,UP,-6.0,+239.0,4.2,+0.63,0.15,SLOW,4414.00,4419.48,4412.21,4417.17,0.00,0.00,0.0,BULLISH,727.0,4416.45,4416.61,4416.24,4416.39,18,ACTIVE_18s,37.0,6.0,16.0,15.0,43.2,40.5,43.2,BLOCKED_43.2%,0.00,0.0,NO,STANDBY_VEL_LOW,0,0.00,4590.00,72.36,FALSE,M1_DIRECTION_MISMATCH|OPENING_SHIELD_ACTIVE_18s
2026-09-07 14:56:19.278,1788792979.278,3018,39,159,4416.47,4416.55,8.0,PASS_<=10c,+8.0,UP,+2.0,+247.0,4.2,+1.05,0.25,SLOW,4414.00,4419.48,4412.21,4417.17,0.00,0.00,0.0,BULLISH,727.0,4416.45,4416.61,4416.24,4416.47,19,ACTIVE_19s,37.0,2.0,14.0,21.0,37.8,56.8,37.8,BLOCKED_37.8%,4416.60,13.0,NO,STANDBY_VEL_LOW,0,0.00,4590.00,72.36,FALSE,OPP_WICK_TOO_HIGH_0.38|OPENING_SHIELD_ACTIVE_19s|PRICE_BELOW_15C_DISPLACEMENT
2026-09-07 14:56:19.780,1788792979.781,3019,40,160,4416.47,4416.55,8.0,PASS_<=10c,+0.0,FLAT,+2.0,+247.0,4.2,+4.41,1.05,SLOW,4414.00,4419.48,4412.21,4417.17,0.00,0.00,0.0,BULLISH,727.0,4416.45,4416.61,4416.24,4416.47,19,ACTIVE_19s,37.0,2.0,14.0,21.0,37.8,56.8,37.8,BLOCKED_37.8%,4416.60,13.0,NO,STANDBY_VEL_LOW,0,0.00,4590.00,72.36,FALSE,OPP_WICK_TOO_HIGH_0.38|OPENING_SHIELD_ACTIVE_19s|PRICE_BELOW_15C_DISPLACEMENT
2026-09-07 14:56:20.283,1788792980.283,3020,41,161,4416.50,4416.58,8.0,PASS_<=10c,+3.0,UP,+5.0,+250.0,4.2,+5.03,1.20,SLOW,4414.00,4419.48,4412.21,4417.17,0.00,0.00,0.0,BULLISH,727.0,4416.45,4416.61,4416.24,4416.50,20,CLEARED_>=20s,37.0,5.0,11.0,21.0,29.7,56.8,29.7,BLOCKED_29.7%,4416.60,10.0,NO,STANDBY_VEL_LOW,0,0.00,4590.00,72.36,FALSE,OPP_WICK_TOO_HIGH_0.30|PRICE_BELOW_15C_DISPLACEMENT
2026-09-07 14:56:20.783,1788792980.784,3021,42,162,4416.54,4416.62,8.0,PASS_<=10c,+4.0,UP,+9.0,+254.0,4.2,+5.46,1.30,SLOW,4414.00,4419.48,4412.21,4417.17,0.00,0.00,0.0,BULLISH,727.0,4416.45,4416.61,4416.24,4416.54,20,CLEARED_>=20s,37.0,9.0,7.0,21.0,18.9,56.8,18.9,PASS_<20%,4416.60,6.0,YES,STANDBY_VEL_LOW,0,0.00,4590.00,72.36,TRUE,READY_TO_FIRE
2026-09-07 14:56:24.178,1788792984.179,3022,43,163,4416.23,4416.31,8.0,PASS_<=10c,-31.0,DOWN,-22.0,+223.0,3.8,+4.90,1.29,SLOW,4414.00,4419.48,4412.21,4417.17,0.00,0.00,0.0,BULLISH,727.0,4416.45,4416.61,4416.23,4416.23,24,CLEARED_>=20s,38.0,22.0,16.0,0.0,42.1,0.0,42.1,BLOCKED_42.1%,0.00,0.0,NO,STANDBY_VEL_LOW,1,4416.62,173.38,72.36,FALSE,M1_DIRECTION_MISMATCH
2026-09-07 14:56:24.681,1788792984.681,3023,44,164,4416.34,4416.42,8.0,PASS_<=10c,+11.0,UP,-11.0,+234.0,3.8,+2.65,0.70,SLOW,4414.00,4419.48,4412.21,4417.17,0.00,0.00,0.0,BULLISH,727.0,4416.45,4416.61,4416.23,4416.34,24,CLEARED_>=20s,38.0,11.0,16.0,11.0,42.1,28.9,42.1,BLOCKED_42.1%,0.00,0.0,NO,STANDBY_VEL_LOW,0,0.00,4590.00,70.46,FALSE,M1_DIRECTION_MISMATCH
2026-09-07 14:56:25.183,1788792985.184,3024,45,165,4416.53,4416.61,8.0,PASS_<=10c,+19.0,UP,+8.0,+253.0,3.8,+0.61,0.16,SLOW,4414.00,4419.48,4412.21,4417.17,0.00,0.00,0.0,BULLISH,727.0,4416.45,4416.61,4416.23,4416.53,25,CLEARED_>=20s,38.0,8.0,8.0,22.0,21.1,57.9,21.1,BLOCKED_21.1%,4416.60,7.0,NO,STANDBY_VEL_LOW,0,0.00,4590.00,70.46,FALSE,OPP_WICK_TOO_HIGH_0.21
2026-09-07 14:56:25.684,1788792985.685,3025,46,166,4416.60,4416.68,8.0,PASS_<=10c,+7.0,UP,+15.0,+260.0,3.8,+1.22,0.32,SLOW,4414.00,4419.48,4412.21,4417.17,0.00,0.00,0.0,BULLISH,727.0,4416.45,4416.61,4416.23,4416.60,25,CLEARED_>=20s,38.0,15.0,1.0,22.0,2.6,57.9,2.6,PASS_<20%,4416.60,0.0,YES,STANDBY_VEL_LOW,0,0.00,4590.00,70.46,TRUE,READY_TO_FIRE
2026-09-07 14:56:26.186,1788792986.186,3026,47,167,4416.51,4416.59,8.0,PASS_<=10c,-9.0,DOWN,+6.0,+251.0,4.4,+7.08,1.61,SLOW,4414.00,4419.48,4412.21,4417.17,0.00,0.00,0.0,BULLISH,727.0,4416.45,4416.61,4416.23,4416.51,26,CLEARED_>=20s,38.0,6.0,10.0,22.0,26.3,57.9,26.3,BLOCKED_26.3%,4416.60,9.0,NO,STANDBY_VEL_LOW,0,0.00,4590.00,70.46,FALSE,OPP_WICK_TOO_HIGH_0.26|PRICE_BELOW_15C_DISPLACEMENT
2026-09-07 14:56:26.687,1788792986.688,3027,48,168,4416.48,4416.56,8.0,PASS_<=10c,-3.0,DOWN,+3.0,+248.0,4.3,+4.71,1.10,SLOW,4414.00,4419.48,4412.21,4417.17,0.00,0.00,0.0,BULLISH,727.0,4416.45,4416.61,4416.23,4416.48,26,CLEARED_>=20s,38.0,3.0,13.0,22.0,34.2,57.9,34.2,BLOCKED_34.2%,4416.60,12.0,NO,STANDBY_VEL_LOW,0,0.00,4590.00,70.46,FALSE,OPP_WICK_TOO_HIGH_0.34|PRICE_BELOW_15C_DISPLACEMENT
2026-09-07 14:56:27.189,1788792987.190,3028,49,169,4416.48,4416.56,8.0,PASS_<=10c,+0.0,FLAT,+3.0,+248.0,4.3,+3.99,0.93,SLOW,4414.00,4419.48,4412.21,4417.17,0.00,0.00,0.0,BULLISH,727.0,4416.45,4416.61,4416.23,4416.48,27,CLEARED_>=20s,38.0,3.0,13.0,22.0,34.2,57.9,34.2,BLOCKED_34.2%,4416.60,12.0,NO,STANDBY_VEL_LOW,0,0.00,4590.00,70.46,FALSE,OPP_WICK_TOO_HIGH_0.34|PRICE_BELOW_15C_DISPLACEMENT
2026-09-07 14:56:27.692,1788792987.692,3029,50,170,4416.48,4416.56,8.0,PASS_<=10c,+0.0,FLAT,+3.0,+248.0,4.3,+3.45,0.80,SLOW,4414.00,4419.48,4412.21,4417.17,0.00,0.00,0.0,BULLISH,727.0,4416.45,4416.61,4416.23,4416.48,27,CLEARED_>=20s,38.0,3.0,13.0,22.0,34.2,57.9,34.2,BLOCKED_34.2%,4416.60,12.0,NO,STANDBY_VEL_LOW,0,0.00,4590.00,70.46,FALSE,OPP_WICK_TOO_HIGH_0.34|PRICE_BELOW_15C_DISPLACEMENT
2026-09-07 14:56:28.194,1788792988.194,3030,51,171,4416.45,4416.53,8.0,PASS_<=10c,-3.0,DOWN,+0.0,+245.0,4.2,+2.34,0.56,SLOW,4414.00,4419.48,4412.21,4417.17,0.00,0.00,0.0,BULLISH,727.0,4416.45,4416.61,4416.23,4416.45,28,CLEARED_>=20s,38.0,0.0,16.0,22.0,42.1,57.9,42.1,BLOCKED_42.1%,0.00,0.0,NO,STANDBY_VEL_LOW,0,0.00,4590.00,70.46,FALSE,M1_DIRECTION_MISMATCH
2026-09-07 14:56:28.696,1788792988.697,3031,52,172,4416.52,4416.60,8.0,PASS_<=10c,+7.0,UP,+7.0,+252.0,4.2,+3.56,0.85,SLOW,4414.00,4419.48,4412.21,4417.17,0.00,0.00,0.0,BULLISH,727.0,4416.45,4416.61,4416.23,4416.52,28,CLEARED_>=20s,38.0,7.0,9.0,22.0,23.7,57.9,23.7,BLOCKED_23.7%,4416.60,8.0,NO,STANDBY_VEL_LOW,0,0.00,4590.00,70.46,FALSE,OPP_WICK_TOO_HIGH_0.24
2026-09-07 14:56:29.198,1788792989.198,3032,53,173,4416.63,4416.71,8.0,PASS_<=10c,+11.0,UP,+18.0,+263.0,4.2,+6.50,1.55,SLOW,4414.00,4419.48,4412.21,4417.17,0.00,0.00,0.0,BULLISH,727.0,4416.45,4416.63,4416.23,4416.63,29,CLEARED_>=20s,40.0,18.0,0.0,22.0,0.0,55.0,0.0,PASS_<20%,4416.60,3.0,YES,STANDBY_VEL_LOW,0,0.00,4590.00,70.46,TRUE,READY_TO_FIRE
2026-09-07 14:56:29.699,1788792989.700,3033,54,174,4416.79,4416.87,8.0,PASS_<=10c,+16.0,UP,+34.0,+279.0,4.2,+9.02,2.15,SLOW,4414.00,4419.48,4412.21,4417.17,0.00,0.00,0.0,BULLISH,727.0,4416.45,4416.79,4416.23,4416.79,29,CLEARED_>=20s,56.0,34.0,0.0,22.0,0.0,39.3,0.0,PASS_<20%,4416.60,19.0,YES,STANDBY_VEL_LOW,0,0.00,4590.00,70.46,TRUE,READY_TO_FIRE
2026-09-07 14:56:30.201,1788792990.202,3034,55,175,4416.79,4416.87,8.0,PASS_<=10c,+0.0,FLAT,+34.0,+279.0,4.2,+4.40,1.05,SLOW,4414.00,4419.48,4412.21,4417.17,0.00,0.00,0.0,BULLISH,727.0,4416.45,4416.79,4416.23,4416.79,30,CLEARED_>=20s,56.0,34.0,0.0,22.0,0.0,39.3,0.0,PASS_<20%,4416.60,19.0,YES,STANDBY_VEL_LOW,0,0.00,4590.00,70.46,TRUE,READY_TO_FIRE
2026-09-07 14:56:30.704,1788792990.704,3035,56,176,4416.78,4416.86,8.0,PASS_<=10c,-1.0,DOWN,+33.0,+278.0,4.2,+3.77,0.90,SLOW,4414.00,4419.48,4412.21,4417.17,0.00,0.00,0.0,BULLISH,727.0,4416.45,4416.79,4416.23,4416.78,30,CLEARED_>=20s,56.0,33.0,1.0,22.0,1.8,39.3,1.8,PASS_<20%,4416.60,18.0,YES,STANDBY_VEL_LOW,0,0.00,4590.00,70.46,TRUE,READY_TO_FIRE
2026-09-07 14:56:31.205,1788792991.206,3036,57,177,4416.78,4416.86,8.0,PASS_<=10c,+0.0,FLAT,+33.0,+278.0,4.2,+6.08,1.45,SLOW,4414.00,4419.48,4412.21,4417.17,0.00,0.00,0.0,BULLISH,727.0,4416.45,4416.79,4416.23,4416.78,31,CLEARED_>=20s,56.0,33.0,1.0,22.0,1.8,39.3,1.8,PASS_<20%,4416.60,18.0,YES,STANDBY_VEL_LOW,0,0.00,4590.00,70.46,TRUE,READY_TO_FIRE
2026-09-07 14:56:31.706,1788792991.706,3037,58,178,4416.74,4416.82,8.0,PASS_<=10c,-4.0,DOWN,+29.0,+274.0,4.2,+5.45,1.30,SLOW,4414.00,4419.48,4412.21,4417.17,0.00,0.00,0.0,BULLISH,727.0,4416.45,4416.79,4416.23,4416.74,31,CLEARED_>=20s,56.0,29.0,5.0,22.0,8.9,39.3,8.9,PASS_<20%,4416.60,14.0,YES,STANDBY_VEL_LOW,0,0.00,4590.00,70.46,TRUE,READY_TO_FIRE
2026-09-07 14:56:32.209,1788792992.209,3038,59,179,4416.74,4416.82,8.0,PASS_<=10c,+0.0,FLAT,+29.0,+274.0,4.2,+5.24,1.25,SLOW,4414.00,4419.48,4412.21,4417.17,0.00,0.00,0.0,BULLISH,727.0,4416.45,4416.79,4416.23,4416.74,32,CLEARED_>=20s,56.0,29.0,5.0,22.0,8.9,39.3,8.9,PASS_<20%,4416.60,14.0,YES,STANDBY_VEL_LOW,0,0.00,4590.00,70.46,TRUE,READY_TO_FIRE
2026-09-07 14:56:32.710,1788792992.711,3039,60,180,4416.71,4416.79,8.0,PASS_<=10c,-3.0,DOWN,+26.0,+271.0,4.2,+4.82,1.15,SLOW,4414.00,4419.48,4412.21,4417.17,0.00,0.00,0.0,BULLISH,727.0,4416.45,4416.79,4416.23,4416.71,32,CLEARED_>=20s,56.0,26.0,8.0,22.0,14.3,39.3,14.3,PASS_<20%,4416.60,11.0,YES,STANDBY_VEL_LOW,0,0.00,4590.00,70.46,TRUE,READY_TO_FIRE
2026-09-07 14:56:33.212,1788792993.213,3040,61,181,4416.64,4416.72,8.0,PASS_<=10c,-7.0,DOWN,+19.0,+264.0,4.2,+4.20,1.00,SLOW,4414.00,4419.48,4412.21,4417.17,0.00,0.00,0.0,BULLISH,727.0,4416.45,4416.79,4416.23,4416.64,33,CLEARED_>=20s,56.0,19.0,15.0,22.0,26.8,39.3,26.8,BLOCKED_26.8%,4416.60,4.0,NO,STANDBY_VEL_LOW,0,0.00,4590.00,70.46,FALSE,OPP_WICK_TOO_HIGH_0.27
2026-09-07 14:56:33.714,1788792993.715,3041,62,182,4416.62,4416.70,8.0,PASS_<=10c,-2.0,DOWN,+17.0,+262.0,4.2,+0.21,0.05,SLOW,4414.00,4419.48,4412.21,4417.17,0.00,0.00,0.0,BULLISH,727.0,4416.45,4416.79,4416.23,4416.62,33,CLEARED_>=20s,56.0,17.0,17.0,22.0,30.4,39.3,30.4,BLOCKED_30.4%,4416.60,2.0,NO,STANDBY_VEL_LOW,0,0.00,4590.00,70.46,FALSE,OPP_WICK_TOO_HIGH_0.30
2026-09-07 14:56:34.216,1788792994.216,3042,63,183,4416.75,4416.83,8.0,PASS_<=10c,+13.0,UP,+30.0,+275.0,4.2,+2.52,0.60,SLOW,4414.00,4419.48,4412.21,4417.17,0.00,0.00,0.0,BULLISH,727.0,4416.45,4416.79,4416.23,4416.75,34,CLEARED_>=20s,56.0,30.0,4.0,22.0,7.1,39.3,7.1,PASS_<20%,4416.60,15.0,YES,STANDBY_VEL_LOW,0,0.00,4590.00,70.46,TRUE,READY_TO_FIRE
2026-09-07 14:56:34.718,1788792994.718,3043,64,184,4416.75,4416.83,8.0,PASS_<=10c,+0.0,FLAT,+30.0,+275.0,4.2,+0.84,0.20,SLOW,4414.00,4419.48,4412.21,4417.17,0.00,0.00,0.0,BULLISH,727.0,4416.45,4416.79,4416.23,4416.75,34,CLEARED_>=20s,56.0,30.0,4.0,22.0,7.1,39.3,7.1,PASS_<20%,4416.60,15.0,YES,STANDBY_VEL_LOW,0,0.00,4590.00,70.46,TRUE,READY_TO_FIRE
2026-09-07 14:56:35.220,1788792995.221,3044,65,185,4416.67,4416.75,8.0,PASS_<=10c,-8.0,DOWN,+22.0,+267.0,4.2,+2.31,0.55,SLOW,4414.00,4419.48,4412.21,4417.17,0.00,0.00,0.0,BULLISH,727.0,4416.45,4416.79,4416.23,4416.67,35,CLEARED_>=20s,56.0,22.0,12.0,22.0,21.4,39.3,21.4,BLOCKED_21.4%,4416.60,7.0,NO,STANDBY_VEL_LOW,0,0.00,4590.00,70.46,FALSE,OPP_WICK_TOO_HIGH_0.21
2026-09-07 14:56:35.721,1788792995.722,3045,66,186,4416.62,4416.70,8.0,PASS_<=10c,-5.0,DOWN,+17.0,+262.0,4.2,+3.36,0.80,SLOW,4414.00,4419.48,4412.21,4417.17,0.00,0.00,0.0,BULLISH,727.0,4416.45,4416.79,4416.23,4416.62,35,CLEARED_>=20s,56.0,17.0,17.0,22.0,30.4,39.3,30.4,BLOCKED_30.4%,4416.60,2.0,NO,STANDBY_VEL_LOW,0,0.00,4590.00,70.46,FALSE,OPP_WICK_TOO_HIGH_0.30
2026-09-07 14:56:36.223,1788792996.223,3046,67,187,4416.76,4416.84,8.0,PASS_<=10c,+14.0,UP,+31.0,+276.0,4.2,+0.42,0.10,SLOW,4414.00,4419.48,4412.21,4417.17,0.00,0.00,0.0,BULLISH,727.0,4416.45,4416.79,4416.23,4416.76,36,CLEARED_>=20s,56.0,31.0,3.0,22.0,5.4,39.3,5.4,PASS_<20%,4416.60,16.0,YES,STANDBY_VEL_LOW,0,0.00,4590.00,70.46,TRUE,READY_TO_FIRE
2026-09-07 14:56:36.725,1788792996.726,3047,68,188,4416.71,4416.79,8.0,PASS_<=10c,-5.0,DOWN,+26.0,+271.0,4.2,+0.21,0.05,SLOW,4414.00,4419.48,4412.21,4417.17,0.00,0.00,0.0,BULLISH,727.0,4416.45,4416.79,4416.23,4416.71,36,CLEARED_>=20s,56.0,26.0,8.0,22.0,14.3,39.3,14.3,PASS_<20%,4416.60,11.0,YES,STANDBY_VEL_LOW,0,0.00,4590.00,70.46,TRUE,READY_TO_FIRE
2026-09-07 14:56:37.227,1788792997.228,3048,69,189,4416.71,4416.79,8.0,PASS_<=10c,+0.0,FLAT,+26.0,+271.0,4.2,+0.63,0.15,SLOW,4414.00,4419.48,4412.21,4417.17,0.00,0.00,0.0,BULLISH,727.0,4416.45,4416.79,4416.23,4416.71,37,CLEARED_>=20s,56.0,26.0,8.0,22.0,14.3,39.3,14.3,PASS_<20%,4416.60,11.0,YES,STANDBY_VEL_LOW,0,0.00,4590.00,70.46,TRUE,READY_TO_FIRE
2026-09-07 14:56:37.729,1788792997.729,3049,70,190,4416.72,4416.80,8.0,PASS_<=10c,+1.0,UP,+27.0,+272.0,4.2,+0.21,0.05,SLOW,4414.00,4419.48,4412.21,4417.17,0.00,0.00,0.0,BULLISH,727.0,4416.45,4416.79,4416.23,4416.72,37,CLEARED_>=20s,56.0,27.0,7.0,22.0,12.5,39.3,12.5,PASS_<20%,4416.60,12.0,YES,STANDBY_VEL_LOW,0,0.00,4590.00,70.46,TRUE,READY_TO_FIRE
2026-09-07 14:56:38.231,1788792998.232,3050,71,191,4416.72,4416.80,8.0,PASS_<=10c,+0.0,FLAT,+27.0,+272.0,4.2,+1.89,0.45,SLOW,4414.00,4419.48,4412.21,4417.17,0.00,0.00,0.0,BULLISH,727.0,4416.45,4416.79,4416.23,4416.72,38,CLEARED_>=20s,56.0,27.0,7.0,22.0,12.5,39.3,12.5,PASS_<20%,4416.60,12.0,YES,STANDBY_VEL_LOW,0,0.00,4590.00,70.46,TRUE,READY_TO_FIRE
2026-09-07 14:56:38.732,1788792998.733,3051,72,192,4416.66,4416.74,8.0,PASS_<=10c,-6.0,DOWN,+21.0,+266.0,4.2,+1.26,0.30,SLOW,4414.00,4419.48,4412.21,4417.17,0.00,0.00,0.0,BULLISH,727.0,4416.45,4416.79,4416.23,4416.66,38,CLEARED_>=20s,56.0,21.0,13.0,22.0,23.2,39.3,23.2,BLOCKED_23.2%,4416.60,6.0,NO,STANDBY_VEL_LOW,0,0.00,4590.00,70.46,FALSE,OPP_WICK_TOO_HIGH_0.23
2026-09-07 14:56:39.234,1788792999.235,3052,73,193,4416.48,4416.56,8.0,PASS_<=10c,-18.0,DOWN,+3.0,+248.0,4.2,+5.66,1.35,SLOW,4414.00,4419.48,4412.21,4417.17,0.00,0.00,0.0,BULLISH,727.0,4416.45,4416.79,4416.23,4416.48,39,CLEARED_>=20s,56.0,3.0,31.0,22.0,55.4,39.3,55.4,BLOCKED_55.4%,4416.60,12.0,NO,STANDBY_VEL_LOW,0,0.00,4590.00,70.46,FALSE,OPP_WICK_TOO_HIGH_0.55|PRICE_BELOW_15C_DISPLACEMENT
2026-09-07 14:56:39.736,1788792999.737,3053,74,194,4416.44,4416.52,8.0,PASS_<=10c,-4.0,DOWN,-1.0,+244.0,4.2,+6.08,1.45,SLOW,4414.00,4419.48,4412.21,4417.17,0.00,0.00,0.0,BULLISH,727.0,4416.45,4416.79,4416.23,4416.44,39,CLEARED_>=20s,56.0,1.0,34.0,21.0,60.7,37.5,60.7,BLOCKED_60.7%,0.00,0.0,NO,STANDBY_VEL_LOW,0,0.00,4590.00,70.46,FALSE,M1_DIRECTION_MISMATCH
2026-09-07 14:56:40.237,1788793000.238,3054,75,195,4416.43,4416.51,8.0,PASS_<=10c,-1.0,DOWN,-2.0,+243.0,4.2,+5.04,1.20,SLOW,4414.00,4419.48,4412.21,4417.17,0.00,0.00,0.0,BULLISH,727.0,4416.45,4416.79,4416.23,4416.43,40,CLEARED_>=20s,56.0,2.0,34.0,20.0,60.7,35.7,60.7,BLOCKED_60.7%,0.00,0.0,NO,STANDBY_VEL_LOW,0,0.00,4590.00,70.46,FALSE,M1_DIRECTION_MISMATCH
2026-09-07 14:56:40.739,1788793000.739,3055,76,196,4416.45,4416.53,8.0,PASS_<=10c,+2.0,UP,+0.0,+245.0,4.2,+5.03,1.20,SLOW,4414.00,4419.48,4412.21,4417.17,0.00,0.00,0.0,BULLISH,727.0,4416.45,4416.79,4416.23,4416.45,40,CLEARED_>=20s,56.0,0.0,34.0,22.0,60.7,39.3,60.7,BLOCKED_60.7%,0.00,0.0,NO,STANDBY_VEL_LOW,0,0.00,4590.00,70.46,FALSE,M1_DIRECTION_MISMATCH
2026-09-07 14:56:41.240,1788793001.241,3056,77,197,4416.23,4416.31,8.0,PASS_<=10c,-22.0,DOWN,-22.0,+223.0,4.2,+11.12,2.65,SLOW,4414.00,4419.48,4412.21,4417.17,0.00,0.00,0.0,BULLISH,727.0,4416.45,4416.79,4416.23,4416.23,41,CLEARED_>=20s,56.0,22.0,34.0,0.0,60.7,0.0,60.7,BLOCKED_60.7%,0.00,0.0,NO,STANDBY_VEL_LOW,0,0.00,4590.00,70.46,FALSE,M1_DIRECTION_MISMATCH
2026-09-07 14:56:41.743,1788793001.743,3057,78,198,4416.72,4416.80,8.0,PASS_<=10c,+49.0,UP,+27.0,+272.0,4.2,+0.50,0.12,SLOW,4414.00,4419.48,4412.21,4417.17,0.00,0.00,0.0,BULLISH,727.0,4416.45,4416.79,4416.23,4416.72,41,CLEARED_>=20s,56.0,27.0,7.0,22.0,12.5,39.3,12.5,PASS_<20%,4416.60,12.0,YES,STANDBY_VEL_LOW,0,0.00,4590.00,70.46,TRUE,READY_TO_FIRE
2026-09-07 14:56:42.245,1788793002.245,3058,79,199,4416.87,4416.95,8.0,PASS_<=10c,+15.0,UP,+42.0,+287.0,4.2,+3.36,0.80,SLOW,4414.00,4419.48,4412.21,4417.17,0.00,0.00,0.0,BULLISH,727.0,4416.45,4416.89,4416.23,4416.87,42,CLEARED_>=20s,66.0,42.0,2.0,22.0,3.0,33.3,3.0,PASS_<20%,4416.60,27.0,YES,STANDBY_VEL_LOW,0,0.00,4590.00,70.46,TRUE,READY_TO_FIRE
2026-09-07 14:56:42.747,1788793002.747,3059,80,200,4416.84,4416.92,8.0,PASS_<=10c,-3.0,DOWN,+39.0,+284.0,4.2,+2.52,0.60,SLOW,4414.00,4419.48,4412.21,4417.17,0.00,0.00,0.0,BULLISH,727.0,4416.45,4416.92,4416.23,4416.84,42,CLEARED_>=20s,69.0,39.0,8.0,22.0,11.6,31.9,11.6,PASS_<20%,4416.60,24.0,YES,STANDBY_VEL_LOW,0,0.00,4590.00,70.46,TRUE,READY_TO_FIRE
2026-09-07 14:56:43.248,1788793003.249,3060,81,201,4417.01,4417.09,8.0,PASS_<=10c,+17.0,UP,+56.0,+301.0,4.2,+6.08,1.45,SLOW,4414.00,4419.48,4412.21,4417.17,0.00,0.00,0.0,BULLISH,727.0,4416.45,4417.01,4416.23,4417.01,43,CLEARED_>=20s,78.0,56.0,0.0,22.0,0.0,28.2,0.0,PASS_<20%,4416.60,41.0,YES,STANDBY_VEL_LOW,0,0.00,4590.00,70.46,TRUE,READY_TO_FIRE
2026-09-07 14:56:43.750,1788793003.751,3061,82,202,4417.02,4417.10,8.0,PASS_<=10c,+1.0,UP,+57.0,+302.0,4.2,+7.55,1.80,SLOW,4414.00,4419.48,4412.21,4417.17,0.00,0.00,0.0,BULLISH,727.0,4416.45,4417.02,4416.23,4417.02,43,CLEARED_>=20s,79.0,57.0,0.0,22.0,0.0,27.8,0.0,PASS_<20%,4416.60,42.0,YES,STANDBY_VEL_LOW,0,0.00,4590.00,70.46,TRUE,READY_TO_FIRE
2026-09-07 14:56:44.251,1788793004.252,3062,83,203,4417.05,4417.13,8.0,PASS_<=10c,+3.0,UP,+60.0,+305.0,4.2,+13.01,3.10,SLOW,4414.00,4419.48,4412.21,4417.17,0.00,0.00,0.0,BULLISH,727.0,4416.45,4417.05,4416.23,4417.05,44,CLEARED_>=20s,82.0,60.0,0.0,22.0,0.0,26.8,0.0,PASS_<20%,4416.60,45.0,YES,STANDBY_VEL_LOW,0,0.00,4590.00,70.46,TRUE,READY_TO_FIRE
2026-09-07 14:56:44.754,1788793004.754,3063,84,204,4417.05,4417.13,8.0,PASS_<=10c,+0.0,FLAT,+60.0,+305.0,4.2,+13.85,3.30,SLOW,4414.00,4419.48,4412.21,4417.17,0.00,0.00,0.0,BULLISH,727.0,4416.45,4417.05,4416.23,4417.05,44,CLEARED_>=20s,82.0,60.0,0.0,22.0,0.0,26.8,0.0,PASS_<20%,4416.60,45.0,YES,STANDBY_VEL_LOW,0,0.00,4590.00,70.46,TRUE,READY_TO_FIRE
2026-09-07 14:56:45.256,1788793005.256,3064,85,205,4416.87,4416.95,8.0,PASS_<=10c,-18.0,DOWN,+42.0,+287.0,4.2,+8.81,2.10,SLOW,4414.00,4419.48,4412.21,4417.17,0.00,0.00,0.0,BULLISH,727.0,4416.45,4417.05,4416.23,4416.87,45,CLEARED_>=20s,82.0,42.0,18.0,22.0,22.0,26.8,22.0,BLOCKED_22.0%,4416.60,27.0,NO,STANDBY_VEL_LOW,0,0.00,4590.00,70.46,FALSE,OPP_WICK_TOO_HIGH_0.22
2026-09-07 14:56:45.758,1788793005.758,3065,86,206,4416.95,4417.03,8.0,PASS_<=10c,+8.0,UP,+50.0,+295.0,4.2,+13.63,3.25,SLOW,4414.00,4419.48,4412.21,4417.17,0.00,0.00,0.0,BULLISH,727.0,4416.45,4417.05,4416.23,4416.95,45,CLEARED_>=20s,82.0,50.0,10.0,22.0,12.2,26.8,12.2,PASS_<20%,4416.60,35.0,YES,STANDBY_VEL_LOW,0,0.00,4590.00,70.46,TRUE,READY_TO_FIRE
2026-09-07 14:56:46.259,1788793006.260,3066,87,207,4417.03,4417.11,8.0,PASS_<=10c,+8.0,UP,+58.0,+303.0,4.2,+15.94,3.80,SLOW,4414.00,4419.48,4412.21,4417.17,0.00,0.00,0.0,BULLISH,727.0,4416.45,4417.05,4416.23,4417.03,46,CLEARED_>=20s,82.0,58.0,2.0,22.0,2.4,26.8,2.4,PASS_<20%,4416.60,43.0,YES,STANDBY_VEL_LOW,0,0.00,4590.00,70.46,TRUE,READY_TO_FIRE
2026-09-07 14:56:46.761,1788793006.761,3067,88,208,4416.95,4417.03,8.0,PASS_<=10c,-8.0,DOWN,+50.0,+295.0,4.2,+1.26,0.30,SLOW,4414.00,4419.48,4412.21,4417.17,0.00,0.00,0.0,BULLISH,727.0,4416.45,4417.05,4416.23,4416.95,46,CLEARED_>=20s,82.0,50.0,10.0,22.0,12.2,26.8,12.2,PASS_<20%,4416.60,35.0,YES,STANDBY_VEL_LOW,0,0.00,4590.00,70.46,TRUE,READY_TO_FIRE
2026-09-07 14:56:47.262,1788793007.263,3068,89,209,4416.94,4417.02,8.0,PASS_<=10c,-1.0,DOWN,+49.0,+294.0,4.2,+0.95,0.23,SLOW,4414.00,4419.48,4412.21,4417.17,0.00,0.00,0.0,BULLISH,727.0,4416.45,4417.05,4416.23,4416.94,47,CLEARED_>=20s,82.0,49.0,11.0,22.0,13.4,26.8,13.4,PASS_<20%,4416.60,34.0,YES,STANDBY_VEL_LOW,0,0.00,4590.00,70.46,TRUE,READY_TO_FIRE
2026-09-07 14:56:47.766,1788793007.766,3069,90,210,4416.94,4417.02,8.0,PASS_<=10c,+0.0,FLAT,+49.0,+294.0,4.2,+0.95,0.23,SLOW,4414.00,4419.48,4412.21,4417.17,0.00,0.00,0.0,BULLISH,727.0,4416.45,4417.05,4416.23,4416.94,47,CLEARED_>=20s,82.0,49.0,11.0,22.0,13.4,26.8,13.4,PASS_<20%,4416.60,34.0,YES,STANDBY_VEL_LOW,0,0.00,4590.00,70.46,TRUE,READY_TO_FIRE
2026-09-07 14:56:48.268,1788793008.268,3070,91,211,4417.13,4417.21,8.0,PASS_<=10c,+19.0,UP,+68.0,+313.0,4.2,+2.31,0.55,SLOW,4414.00,4419.48,4412.21,4417.17,0.00,0.00,0.0,BULLISH,727.0,4416.45,4417.13,4416.23,4417.13,48,CLEARED_>=20s,90.0,68.0,0.0,22.0,0.0,24.4,0.0,PASS_<20%,4416.60,53.0,YES,STANDBY_VEL_LOW,0,0.00,4590.00,70.46,TRUE,READY_TO_FIRE
2026-09-07 14:56:48.770,1788793008.771,3071,92,212,4417.16,4417.24,8.0,PASS_<=10c,+3.0,UP,+71.0,+316.0,4.2,+2.31,0.55,SLOW,4414.00,4419.48,4412.21,4417.17,0.00,0.00,0.0,BULLISH,727.0,4416.45,4417.16,4416.23,4417.16,48,CLEARED_>=20s,93.0,71.0,0.0,22.0,0.0,23.7,0.0,PASS_<20%,4416.60,56.0,YES,STANDBY_VEL_LOW,0,0.00,4590.00,70.46,TRUE,READY_TO_FIRE
2026-09-07 14:56:49.273,1788793009.273,3072,93,213,4417.17,4417.25,8.0,PASS_<=10c,+1.0,UP,+72.0,+317.0,4.2,+2.52,0.60,SLOW,4414.00,4419.48,4412.21,4417.17,0.00,0.00,0.0,BULLISH,727.0,4416.45,4417.17,4416.23,4417.17,49,CLEARED_>=20s,94.0,72.0,0.0,22.0,0.0,23.4,0.0,PASS_<20%,4416.60,57.0,YES,STANDBY_VEL_LOW,0,0.00,4590.00,70.46,TRUE,READY_TO_FIRE
2026-09-07 14:56:49.775,1788793009.775,3073,94,214,4417.13,4417.21,8.0,PASS_<=10c,-4.0,DOWN,+68.0,+313.0,4.2,+4.82,1.15,SLOW,4414.00,4419.48,4412.21,4417.17,0.00,0.00,0.0,BULLISH,727.0,4416.45,4417.18,4416.23,4417.13,49,CLEARED_>=20s,95.0,68.0,5.0,22.0,5.3,23.2,5.3,PASS_<20%,4416.60,53.0,YES,STANDBY_VEL_LOW,0,0.00,4590.00,70.46,TRUE,READY_TO_FIRE
2026-09-07 14:56:50.276,1788793010.277,3074,95,215,4417.07,4417.15,8.0,PASS_<=10c,-6.0,DOWN,+62.0,+307.0,4.2,+4.40,1.05,SLOW,4414.00,4419.48,4412.21,4417.17,0.00,0.00,0.0,BULLISH,727.0,4416.45,4417.18,4416.23,4417.07,50,CLEARED_>=20s,95.0,62.0,11.0,22.0,11.6,23.2,11.6,PASS_<20%,4416.60,47.0,YES,STANDBY_VEL_LOW,0,0.00,4590.00,70.46,TRUE,READY_TO_FIRE
2026-09-07 14:56:50.779,1788793010.779,3075,96,216,4416.90,4416.98,8.0,PASS_<=10c,-17.0,DOWN,+45.0,+290.0,4.2,+1.47,0.35,SLOW,4414.00,4419.48,4412.21,4417.17,0.00,0.00,0.0,BULLISH,727.0,4416.45,4417.18,4416.23,4416.90,50,CLEARED_>=20s,95.0,45.0,28.0,22.0,29.5,23.2,29.5,BLOCKED_29.5%,4416.60,30.0,NO,STANDBY_VEL_LOW,0,0.00,4590.00,70.46,FALSE,OPP_WICK_TOO_HIGH_0.29
2026-09-07 14:56:51.281,1788793011.281,3076,97,217,4416.88,4416.96,8.0,PASS_<=10c,-2.0,DOWN,+43.0,+288.0,4.2,+1.47,0.35,SLOW,4414.00,4419.48,4412.21,4417.17,0.00,0.00,0.0,BULLISH,727.0,4416.45,4417.18,4416.23,4416.88,51,CLEARED_>=20s,95.0,43.0,30.0,22.0,31.6,23.2,31.6,BLOCKED_31.6%,4416.60,28.0,NO,STANDBY_VEL_LOW,0,0.00,4590.00,70.46,FALSE,OPP_WICK_TOO_HIGH_0.32
2026-09-07 14:56:51.782,1788793011.783,3077,98,218,4416.85,4416.93,8.0,PASS_<=10c,-3.0,DOWN,+40.0,+285.0,4.2,+2.10,0.50,SLOW,4414.00,4419.48,4412.21,4417.17,0.00,0.00,0.0,BULLISH,727.0,4416.45,4417.18,4416.23,4416.85,51,CLEARED_>=20s,95.0,40.0,33.0,22.0,34.7,23.2,34.7,BLOCKED_34.7%,4416.60,25.0,NO,STANDBY_VEL_LOW,0,0.00,4590.00,70.46,FALSE,OPP_WICK_TOO_HIGH_0.35
2026-09-07 14:56:52.285,1788793012.285,3078,99,219,4416.85,4416.93,8.0,PASS_<=10c,+0.0,FLAT,+40.0,+285.0,4.2,+1.89,0.45,SLOW,4414.00,4419.48,4412.21,4417.17,0.00,0.00,0.0,BULLISH,727.0,4416.45,4417.18,4416.23,4416.85,52,CLEARED_>=20s,95.0,40.0,33.0,22.0,34.7,23.2,34.7,BLOCKED_34.7%,4416.60,25.0,NO,STANDBY_VEL_LOW,0,0.00,4590.00,70.46,FALSE,OPP_WICK_TOO_HIGH_0.35
2026-09-07 14:56:52.787,1788793012.788,3079,100,220,4416.85,4416.93,8.0,PASS_<=10c,+0.0,FLAT,+40.0,+285.0,4.2,+4.19,1.00,SLOW,4414.00,4419.48,4412.21,4417.17,0.00,0.00,0.0,BULLISH,727.0,4416.45,4417.18,4416.23,4416.85,52,CLEARED_>=20s,95.0,40.0,33.0,22.0,34.7,23.2,34.7,BLOCKED_34.7%,4416.60,25.0,NO,STANDBY_VEL_LOW,0,0.00,4590.00,70.46,FALSE,OPP_WICK_TOO_HIGH_0.35
2026-09-07 14:56:53.290,1788793013.290,3080,101,221,4416.79,4416.87,8.0,PASS_<=10c,-6.0,DOWN,+34.0,+279.0,4.2,+7.76,1.85,SLOW,4414.00,4419.48,4412.21,4417.17,0.00,0.00,0.0,BULLISH,727.0,4416.45,4417.18,4416.23,4416.79,53,CLEARED_>=20s,95.0,34.0,39.0,22.0,41.1,23.2,41.1,BLOCKED_41.1%,4416.60,19.0,NO,STANDBY_VEL_LOW,0,0.00,4590.00,70.46,FALSE,OPP_WICK_TOO_HIGH_0.41
2026-09-07 14:56:53.792,1788793013.792,3081,102,222,4416.85,4416.93,8.0,PASS_<=10c,+6.0,UP,+40.0,+285.0,4.2,+6.50,1.55,SLOW,4414.00,4419.48,4412.21,4417.17,0.00,0.00,0.0,BULLISH,727.0,4416.45,4417.18,4416.23,4416.85,53,CLEARED_>=20s,95.0,40.0,33.0,22.0,34.7,23.2,34.7,BLOCKED_34.7%,4416.60,25.0,NO,STANDBY_VEL_LOW,0,0.00,4590.00,70.46,FALSE,OPP_WICK_TOO_HIGH_0.35
2026-09-07 14:56:54.293,1788793014.294,3082,103,223,4416.85,4416.93,8.0,PASS_<=10c,+0.0,FLAT,+40.0,+285.0,4.2,+6.92,1.65,SLOW,4414.00,4419.48,4412.21,4417.17,0.00,0.00,0.0,BULLISH,727.0,4416.45,4417.18,4416.23,4416.85,54,CLEARED_>=20s,95.0,40.0,33.0,22.0,34.7,23.2,34.7,BLOCKED_34.7%,4416.60,25.0,NO,STANDBY_VEL_LOW,0,0.00,4590.00,70.46,FALSE,OPP_WICK_TOO_HIGH_0.35
2026-09-07 14:56:54.794,1788793014.795,3083,104,224,4416.88,4416.96,8.0,PASS_<=10c,+3.0,UP,+43.0,+288.0,4.2,+3.98,0.95,SLOW,4414.00,4419.48,4412.21,4417.17,0.00,0.00,0.0,BULLISH,727.0,4416.45,4417.18,4416.23,4416.88,54,CLEARED_>=20s,95.0,43.0,30.0,22.0,31.6,23.2,31.6,BLOCKED_31.6%,4416.60,28.0,NO,STANDBY_VEL_LOW,0,0.00,4590.00,70.46,FALSE,OPP_WICK_TOO_HIGH_0.32
2026-09-07 14:56:55.296,1788793015.296,3084,105,225,4416.64,4416.72,8.0,PASS_<=10c,-24.0,DOWN,+19.0,+264.0,4.2,+9.02,2.15,SLOW,4414.00,4419.48,4412.21,4417.17,0.00,0.00,0.0,BULLISH,727.0,4416.45,4417.18,4416.23,4416.64,55,CLEARED_>=20s,95.0,19.0,54.0,22.0,56.8,23.2,56.8,BLOCKED_56.8%,4416.60,4.0,NO,STANDBY_VEL_LOW,0,0.00,4590.00,70.46,FALSE,OPP_WICK_TOO_HIGH_0.57
2026-09-07 14:56:55.798,1788793015.798,3085,106,226,4416.54,4416.62,8.0,PASS_<=10c,-10.0,DOWN,+9.0,+254.0,4.2,+7.13,1.70,SLOW,4414.00,4419.48,4412.21,4417.17,0.00,0.00,0.0,BULLISH,727.0,4416.45,4417.18,4416.23,4416.54,55,CLEARED_>=20s,95.0,9.0,64.0,22.0,67.4,23.2,67.4,BLOCKED_67.4%,4416.60,6.0,NO,STANDBY_VEL_LOW,0,0.00,4590.00,70.46,FALSE,OPP_WICK_TOO_HIGH_0.67
2026-09-07 14:56:56.300,1788793016.300,3086,107,227,4416.62,4416.70,8.0,PASS_<=10c,+8.0,UP,+17.0,+262.0,4.2,+4.82,1.15,SLOW,4414.00,4419.48,4412.21,4417.17,0.00,0.00,0.0,BULLISH,727.0,4416.45,4417.18,4416.23,4416.62,56,CLEARED_>=20s,95.0,17.0,56.0,22.0,58.9,23.2,58.9,BLOCKED_58.9%,4416.60,2.0,NO,STANDBY_VEL_LOW,0,0.00,4590.00,70.46,FALSE,OPP_WICK_TOO_HIGH_0.59
2026-09-07 14:56:56.802,1788793016.802,3087,108,228,4416.65,4416.73,8.0,PASS_<=10c,+3.0,UP,+20.0,+265.0,4.2,+4.19,1.00,SLOW,4414.00,4419.48,4412.21,4417.17,0.00,0.00,0.0,BULLISH,727.0,4416.45,4417.18,4416.23,4416.65,56,CLEARED_>=20s,95.0,20.0,53.0,22.0,55.8,23.2,55.8,BLOCKED_55.8%,4416.60,5.0,NO,STANDBY_VEL_LOW,0,0.00,4590.00,70.46,FALSE,OPP_WICK_TOO_HIGH_0.56
2026-09-07 14:56:57.305,1788793017.305,3088,109,229,4416.65,4416.73,8.0,PASS_<=10c,+0.0,FLAT,+20.0,+265.0,4.2,+4.20,1.00,SLOW,4414.00,4419.48,4412.21,4417.17,0.00,0.00,0.0,BULLISH,727.0,4416.45,4417.18,4416.23,4416.65,57,CLEARED_>=20s,95.0,20.0,53.0,22.0,55.8,23.2,55.8,BLOCKED_55.8%,4416.60,5.0,NO,STANDBY_VEL_LOW,0,0.00,4590.00,70.46,FALSE,OPP_WICK_TOO_HIGH_0.56
2026-09-07 14:56:57.806,1788793017.806,3089,110,230,4416.68,4416.76,8.0,PASS_<=10c,+3.0,UP,+23.0,+268.0,4.2,+3.15,0.75,SLOW,4414.00,4419.48,4412.21,4417.17,0.00,0.00,0.0,BULLISH,727.0,4416.45,4417.18,4416.23,4416.68,57,CLEARED_>=20s,95.0,23.0,50.0,22.0,52.6,23.2,52.6,BLOCKED_52.6%,4416.60,8.0,NO,STANDBY_VEL_LOW,0,0.00,4590.00,70.46,FALSE,OPP_WICK_TOO_HIGH_0.53
2026-09-07 14:56:58.306,1788793018.307,3090,111,231,4416.69,4416.77,8.0,PASS_<=10c,+1.0,UP,+24.0,+269.0,4.2,+1.26,0.30,SLOW,4414.00,4419.48,4412.21,4417.17,0.00,0.00,0.0,BULLISH,727.0,4416.45,4417.18,4416.23,4416.69,58,CLEARED_>=20s,95.0,24.0,49.0,22.0,51.6,23.2,51.6,BLOCKED_51.6%,4416.60,9.0,NO,STANDBY_VEL_LOW,0,0.00,4590.00,70.46,FALSE,OPP_WICK_TOO_HIGH_0.52
2026-09-07 14:56:58.807,1788793018.808,3091,112,232,4416.68,4416.76,8.0,PASS_<=10c,-1.0,DOWN,+23.0,+268.0,4.2,+3.57,0.85,SLOW,4414.00,4419.48,4412.21,4417.17,0.00,0.00,0.0,BULLISH,727.0,4416.45,4417.18,4416.23,4416.68,58,CLEARED_>=20s,95.0,23.0,50.0,22.0,52.6,23.2,52.6,BLOCKED_52.6%,4416.60,8.0,NO,STANDBY_VEL_LOW,0,0.00,4590.00,70.46,FALSE,OPP_WICK_TOO_HIGH_0.53
2026-09-07 14:56:59.309,1788793019.309,3092,113,233,4416.68,4416.76,8.0,PASS_<=10c,+0.0,FLAT,+23.0,+268.0,4.2,+3.57,0.85,SLOW,4414.00,4419.48,4412.21,4417.17,0.00,0.00,0.0,BULLISH,727.0,4416.45,4417.18,4416.23,4416.68,59,CLEARED_>=20s,95.0,23.0,50.0,22.0,52.6,23.2,52.6,BLOCKED_52.6%,4416.60,8.0,NO,STANDBY_VEL_LOW,0,0.00,4590.00,70.46,FALSE,OPP_WICK_TOO_HIGH_0.53
2026-09-07 14:56:59.810,1788793019.811,3093,114,234,4416.68,4416.76,8.0,PASS_<=10c,+0.0,FLAT,+23.0,+268.0,4.2,+4.41,1.05,SLOW,4414.00,4419.48,4412.21,4417.17,0.00,0.00,0.0,BULLISH,727.0,4416.45,4417.18,4416.23,4416.68,59,CLEARED_>=20s,95.0,23.0,50.0,22.0,52.6,23.2,52.6,BLOCKED_52.6%,4416.60,8.0,NO,STANDBY_VEL_LOW,0,0.00,4590.00,70.46,FALSE,OPP_WICK_TOO_HIGH_0.53
2026-09-07 14:57:00.313,1788793020.313,3094,1,235,4416.80,4416.88,8.0,PASS_<=10c,+12.0,UP,+7.0,+280.0,4.2,+5.87,1.40,SLOW,4414.00,4419.48,4412.21,4417.17,0.00,0.00,0.0,BULLISH,727.0,4416.73,4416.80,4416.73,4416.80,0,ACTIVE_0s,7.0,7.0,0.0,0.0,0.0,0.0,0.0,PASS_<20%,4416.88,8.0,NO,STANDBY_VEL_LOW,0,0.00,4590.00,70.46,FALSE,OPENING_SHIELD_ACTIVE_0s
2026-09-07 14:57:00.814,1788793020.815,3095,2,236,4416.91,4416.99,8.0,PASS_<=10c,+11.0,UP,+18.0,+291.0,4.2,+6.50,1.55,SLOW,4414.00,4419.48,4412.21,4417.17,0.00,0.00,0.0,BULLISH,727.0,4416.73,4416.91,4416.73,4416.91,0,ACTIVE_0s,18.0,18.0,0.0,0.0,0.0,0.0,0.0,PASS_<20%,4416.88,3.0,NO,STANDBY_VEL_LOW,0,0.00,4590.00,70.46,FALSE,OPENING_SHIELD_ACTIVE_0s
2026-09-07 14:57:01.317,1788793021.317,3096,3,237,4416.91,4416.99,8.0,PASS_<=10c,+0.0,FLAT,+18.0,+291.0,4.2,+5.46,1.30,SLOW,4414.00,4419.48,4412.21,4417.17,0.00,0.00,0.0,BULLISH,727.0,4416.73,4416.91,4416.73,4416.91,1,ACTIVE_1s,18.0,18.0,0.0,0.0,0.0,0.0,0.0,PASS_<20%,4416.88,3.0,NO,STANDBY_VEL_LOW,0,0.00,4590.00,70.46,FALSE,OPENING_SHIELD_ACTIVE_1s
2026-09-07 14:57:01.819,1788793021.819,3097,4,238,4416.95,4417.03,8.0,PASS_<=10c,+4.0,UP,+22.0,+295.0,4.2,+6.29,1.50,SLOW,4414.00,4419.48,4412.21,4417.17,0.00,0.00,0.0,BULLISH,727.0,4416.73,4416.95,4416.73,4416.95,1,ACTIVE_1s,22.0,22.0,0.0,0.0,0.0,0.0,0.0,PASS_<20%,4416.88,7.0,NO,STANDBY_VEL_LOW,0,0.00,4590.00,70.46,FALSE,OPENING_SHIELD_ACTIVE_1s
2026-09-07 14:57:02.321,1788793022.322,3098,5,239,4416.97,4417.05,8.0,PASS_<=10c,+2.0,UP,+24.0,+297.0,4.2,+6.08,1.45,SLOW,4414.00,4419.48,4412.21,4417.17,0.00,0.00,0.0,BULLISH,727.0,4416.73,4417.02,4416.73,4416.97,2,ACTIVE_2s,29.0,24.0,5.0,0.0,17.2,0.0,17.2,PASS_<20%,4416.88,9.0,NO,STANDBY_VEL_LOW,0,0.00,4590.00,70.46,FALSE,OPENING_SHIELD_ACTIVE_2s
2026-09-07 14:57:02.824,1788793022.825,3099,6,240,4416.98,4417.06,8.0,PASS_<=10c,+1.0,UP,+25.0,+298.0,4.2,+6.29,1.50,SLOW,4414.00,4419.48,4412.21,4417.17,0.00,0.00,0.0,BULLISH,727.0,4416.73,4417.02,4416.73,4416.98,2,ACTIVE_2s,29.0,25.0,4.0,0.0,13.8,0.0,13.8,PASS_<20%,4416.88,10.0,NO,STANDBY_VEL_LOW,0,0.00,4590.00,70.46,FALSE,OPENING_SHIELD_ACTIVE_2s
2026-09-07 14:57:03.326,1788793023.326,3100,7,241,4416.95,4417.03,8.0,PASS_<=10c,-3.0,DOWN,+22.0,+295.0,4.2,+5.66,1.35,SLOW,4414.00,4419.48,4412.21,4417.17,0.00,0.00,0.0,BULLISH,727.0,4416.73,4417.02,4416.73,4416.95,3,ACTIVE_3s,29.0,22.0,7.0,0.0,24.1,0.0,24.1,BLOCKED_24.1%,4416.88,7.0,NO,STANDBY_VEL_LOW,0,0.00,4590.00,70.46,FALSE,OPP_WICK_TOO_HIGH_0.24|OPENING_SHIELD_ACTIVE_3s
2026-09-07 14:57:03.827,1788793023.828,3101,8,242,4417.07,4417.15,8.0,PASS_<=10c,+12.0,UP,+34.0,+307.0,4.2,+8.18,1.95,SLOW,4414.00,4419.48,4412.21,4417.17,0.00,0.00,0.0,BULLISH,727.0,4416.73,4417.07,4416.73,4417.07,3,ACTIVE_3s,34.0,34.0,0.0,0.0,0.0,0.0,0.0,PASS_<20%,4416.88,19.0,NO,STANDBY_VEL_LOW,0,0.00,4590.00,70.46,FALSE,OPENING_SHIELD_ACTIVE_3s
2026-09-07 14:57:04.330,1788793024.331,3102,9,243,4417.00,4417.08,8.0,PASS_<=10c,-7.0,DOWN,+27.0,+300.0,4.2,+6.71,1.60,SLOW,4414.00,4419.48,4412.21,4417.17,0.00,0.00,0.0,BULLISH,727.0,4416.73,4417.14,4416.73,4417.00,4,ACTIVE_4s,41.0,27.0,14.0,0.0,34.1,0.0,34.1,BLOCKED_34.1%,4416.88,12.0,NO,STANDBY_VEL_LOW,0,0.00,4590.00,70.46,FALSE,OPP_WICK_TOO_HIGH_0.34|OPENING_SHIELD_ACTIVE_4s
2026-09-07 14:57:04.832,1788793024.833,3103,10,244,4416.97,4417.05,8.0,PASS_<=10c,-3.0,DOWN,+24.0,+297.0,4.2,+5.03,1.20,SLOW,4414.00,4419.48,4412.21,4417.17,0.00,0.00,0.0,BULLISH,727.0,4416.73,4417.14,4416.73,4416.97,4,ACTIVE_4s,41.0,24.0,17.0,0.0,41.5,0.0,41.5,BLOCKED_41.5%,4416.88,9.0,NO,STANDBY_VEL_LOW,0,0.00,4590.00,70.46,FALSE,OPP_WICK_TOO_HIGH_0.41|OPENING_SHIELD_ACTIVE_4s
2026-09-07 14:57:05.334,1788793025.334,3104,11,245,4416.79,4416.87,8.0,PASS_<=10c,-18.0,DOWN,+6.0,+279.0,4.2,+1.26,0.30,SLOW,4414.00,4419.48,4412.21,4417.17,0.00,0.00,0.0,BULLISH,727.0,4416.73,4417.14,4416.73,4416.79,5,ACTIVE_5s,41.0,6.0,35.0,0.0,85.4,0.0,85.4,BLOCKED_85.4%,4416.88,9.0,NO,STANDBY_VEL_LOW,0,0.00,4590.00,70.46,FALSE,OPP_WICK_TOO_HIGH_0.85|OPENING_SHIELD_ACTIVE_5s|PRICE_BELOW_15C_DISPLACEMENT
2026-09-07 14:57:05.836,1788793025.837,3105,12,246,4416.75,4416.83,8.0,PASS_<=10c,-4.0,DOWN,+2.0,+275.0,4.2,+3.35,0.80,SLOW,4414.00,4419.48,4412.21,4417.17,0.00,0.00,0.0,BULLISH,727.0,4416.73,4417.14,4416.73,4416.75,5,ACTIVE_5s,41.0,2.0,39.0,0.0,95.1,0.0,95.1,BLOCKED_95.1%,4416.88,13.0,NO,STANDBY_VEL_LOW,0,0.00,4590.00,70.46,FALSE,OPP_WICK_TOO_HIGH_0.95|OPENING_SHIELD_ACTIVE_5s|PRICE_BELOW_15C_DISPLACEMENT
2026-09-07 14:57:06.338,1788793026.339,3106,13,247,4416.71,4416.79,8.0,PASS_<=10c,-4.0,DOWN,-2.0,+271.0,4.2,+4.82,1.15,SLOW,4414.00,4419.48,4412.21,4417.17,0.00,0.00,0.0,BULLISH,727.0,4416.73,4417.14,4416.70,4416.71,6,ACTIVE_6s,44.0,2.0,41.0,1.0,93.2,2.3,93.2,BLOCKED_93.2%,0.00,0.0,NO,STANDBY_VEL_LOW,0,0.00,4590.00,70.46,FALSE,M1_DIRECTION_MISMATCH|OPENING_SHIELD_ACTIVE_6s
2026-09-07 14:57:06.839,1788793026.840,3107,14,248,4416.73,4416.81,8.0,PASS_<=10c,+2.0,UP,+0.0,+273.0,4.2,+6.08,1.45,SLOW,4414.00,4419.48,4412.21,4417.17,0.00,0.00,0.0,BULLISH,727.0,4416.73,4417.14,4416.70,4416.73,6,ACTIVE_6s,44.0,0.0,41.0,3.0,93.2,6.8,93.2,BLOCKED_93.2%,0.00,0.0,NO,STANDBY_VEL_LOW,0,0.00,4590.00,70.46,FALSE,M1_DIRECTION_MISMATCH|OPENING_SHIELD_ACTIVE_6s
2026-09-07 14:57:07.341,1788793027.341,3108,15,249,4416.84,4416.92,8.0,PASS_<=10c,+11.0,UP,+11.0,+284.0,4.2,+2.73,0.65,SLOW,4414.00,4419.48,4412.21,4417.17,0.00,0.00,0.0,BULLISH,727.0,4416.73,4417.14,4416.68,4416.84,7,ACTIVE_7s,46.0,11.0,30.0,5.0,65.2,10.9,65.2,BLOCKED_65.2%,4416.88,4.0,NO,STANDBY_VEL_LOW,0,0.00,4590.00,70.46,FALSE,OPP_WICK_TOO_HIGH_0.65|OPENING_SHIELD_ACTIVE_7s
2026-09-07 14:57:07.843,1788793027.843,3109,16,250,4416.77,4416.85,8.0,PASS_<=10c,-7.0,DOWN,+4.0,+277.0,4.2,+3.78,0.90,SLOW,4414.00,4419.48,4412.21,4417.17,0.00,0.00,0.0,BULLISH,727.0,4416.73,4417.14,4416.68,4416.77,7,ACTIVE_7s,46.0,4.0,37.0,5.0,80.4,10.9,80.4,BLOCKED_80.4%,4416.88,11.0,NO,STANDBY_VEL_LOW,0,0.00,4590.00,70.46,FALSE,OPP_WICK_TOO_HIGH_0.80|OPENING_SHIELD_ACTIVE_7s|PRICE_BELOW_15C_DISPLACEMENT
2026-09-07 14:57:08.344,1788793028.345,3110,17,251,4416.76,4416.84,8.0,PASS_<=10c,-1.0,DOWN,+3.0,+276.0,4.2,+5.66,1.35,SLOW,4414.00,4419.48,4412.21,4417.17,0.00,0.00,0.0,BULLISH,727.0,4416.73,4417.14,4416.68,4416.76,8,ACTIVE_8s,46.0,3.0,38.0,5.0,82.6,10.9,82.6,BLOCKED_82.6%,4416.88,12.0,NO,STANDBY_VEL_LOW,0,0.00,4590.00,70.46,FALSE,OPP_WICK_TOO_HIGH_0.83|OPENING_SHIELD_ACTIVE_8s|PRICE_BELOW_15C_DISPLACEMENT
2026-09-07 14:57:08.846,1788793028.847,3111,18,252,4416.72,4416.80,8.0,PASS_<=10c,-4.0,DOWN,-1.0,+272.0,4.2,+8.81,2.10,SLOW,4414.00,4419.48,4412.21,4417.17,0.00,0.00,0.0,BULLISH,727.0,4416.73,4417.14,4416.68,4416.72,8,ACTIVE_8s,46.0,1.0,41.0,4.0,89.1,8.7,89.1,BLOCKED_89.1%,0.00,0.0,NO,STANDBY_VEL_LOW,0,0.00,4590.00,70.46,FALSE,M1_DIRECTION_MISMATCH|OPENING_SHIELD_ACTIVE_8s
2026-09-07 14:57:09.349,1788793029.349,3112,19,253,4416.68,4416.76,8.0,PASS_<=10c,-4.0,DOWN,-5.0,+268.0,4.2,+6.08,1.45,SLOW,4414.00,4419.48,4412.21,4417.17,0.00,0.00,0.0,BULLISH,727.0,4416.73,4417.14,4416.68,4416.68,9,ACTIVE_9s,46.0,5.0,41.0,0.0,89.1,0.0,89.1,BLOCKED_89.1%,0.00,0.0,NO,STANDBY_VEL_LOW,0,0.00,4590.00,70.46,FALSE,M1_DIRECTION_MISMATCH|OPENING_SHIELD_ACTIVE_9s
2026-09-07 14:57:09.850,1788793029.850,3113,20,254,4416.67,4416.75,8.0,PASS_<=10c,-1.0,DOWN,-6.0,+267.0,4.2,+6.29,1.50,SLOW,4414.00,4419.48,4412.21,4417.17,0.00,0.00,0.0,BULLISH,727.0,4416.73,4417.14,4416.67,4416.67,9,ACTIVE_9s,47.0,6.0,41.0,0.0,87.2,0.0,87.2,BLOCKED_87.2%,0.00,0.0,NO,STANDBY_VEL_LOW,0,0.00,4590.00,70.46,FALSE,M1_DIRECTION_MISMATCH|OPENING_SHIELD_ACTIVE_9s
2026-09-07 14:57:10.352,1788793030.353,3114,21,255,4416.68,4416.76,8.0,PASS_<=10c,+1.0,UP,-5.0,+268.0,4.2,+1.47,0.35,SLOW,4414.00,4419.48,4412.21,4417.17,0.00,0.00,0.0,BULLISH,727.0,4416.73,4417.14,4416.67,4416.68,10,ACTIVE_10s,47.0,5.0,41.0,1.0,87.2,2.1,87.2,BLOCKED_87.2%,0.00,0.0,NO,STANDBY_VEL_LOW,0,0.00,4590.00,70.46,FALSE,M1_DIRECTION_MISMATCH|OPENING_SHIELD_ACTIVE_10s
2026-09-07 14:57:10.855,1788793030.855,3115,22,256,4416.66,4416.74,8.0,PASS_<=10c,-2.0,DOWN,-7.0,+266.0,4.2,+0.84,0.20,SLOW,4414.00,4419.48,4412.21,4417.17,0.00,0.00,0.0,BULLISH,727.0,4416.73,4417.14,4416.66,4416.66,10,ACTIVE_10s,48.0,7.0,41.0,0.0,85.4,0.0,85.4,BLOCKED_85.4%,0.00,0.0,NO,STANDBY_VEL_LOW,0,0.00,4590.00,70.46,FALSE,M1_DIRECTION_MISMATCH|OPENING_SHIELD_ACTIVE_10s
2026-09-07 14:57:11.357,1788793031.357,3116,23,257,4416.64,4416.72,8.0,PASS_<=10c,-2.0,DOWN,-9.0,+264.0,4.2,+1.89,0.45,SLOW,4414.00,4419.48,4412.21,4417.17,0.00,0.00,0.0,BULLISH,727.0,4416.73,4417.14,4416.61,4416.64,11,ACTIVE_11s,53.0,9.0,41.0,3.0,77.4,5.7,77.4,BLOCKED_77.4%,0.00,0.0,NO,STANDBY_VEL_LOW,0,0.00,4590.00,70.46,FALSE,M1_DIRECTION_MISMATCH|OPENING_SHIELD_ACTIVE_11s
2026-09-07 14:57:11.858,1788793031.859,3117,24,258,4416.68,4416.76,8.0,PASS_<=10c,+4.0,UP,-5.0,+268.0,4.2,+0.55,0.13,SLOW,4414.00,4419.48,4412.21,4417.17,0.00,0.00,0.0,BULLISH,727.0,4416.73,4417.14,4416.61,4416.68,11,ACTIVE_11s,53.0,5.0,41.0,7.0,77.4,13.2,77.4,BLOCKED_77.4%,0.00,0.0,NO,STANDBY_VEL_LOW,0,0.00,4590.00,70.46,FALSE,M1_DIRECTION_MISMATCH|OPENING_SHIELD_ACTIVE_11s
2026-09-07 14:57:12.360,1788793032.360,3118,25,259,4416.67,4416.75,8.0,PASS_<=10c,-1.0,DOWN,-6.0,+267.0,4.2,+3.36,0.80,SLOW,4414.00,4419.48,4412.21,4417.17,0.00,0.00,0.0,BULLISH,727.0,4416.73,4417.14,4416.61,4416.67,12,ACTIVE_12s,53.0,6.0,41.0,6.0,77.4,11.3,77.4,BLOCKED_77.4%,0.00,0.0,NO,STANDBY_VEL_LOW,0,0.00,4590.00,70.46,FALSE,M1_DIRECTION_MISMATCH|OPENING_SHIELD_ACTIVE_12s
2026-09-07 14:57:12.861,1788793032.862,3119,26,260,4416.67,4416.75,8.0,PASS_<=10c,+0.0,FLAT,-6.0,+267.0,4.2,+1.89,0.45,SLOW,4414.00,4419.48,4412.21,4417.17,0.00,0.00,0.0,BULLISH,727.0,4416.73,4417.14,4416.61,4416.67,12,ACTIVE_12s,53.0,6.0,41.0,6.0,77.4,11.3,77.4,BLOCKED_77.4%,0.00,0.0,NO,STANDBY_VEL_LOW,0,0.00,4590.00,70.46,FALSE,M1_DIRECTION_MISMATCH|OPENING_SHIELD_ACTIVE_12s
2026-09-07 14:57:13.363,1788793033.363,3120,27,261,4416.65,4416.73,8.0,PASS_<=10c,-2.0,DOWN,-8.0,+265.0,4.2,+2.31,0.55,SLOW,4414.00,4419.48,4412.21,4417.17,0.00,0.00,0.0,BULLISH,727.0,4416.73,4417.14,4416.61,4416.65,13,ACTIVE_13s,53.0,8.0,41.0,4.0,77.4,7.5,77.4,BLOCKED_77.4%,0.00,0.0,NO,STANDBY_VEL_LOW,0,0.00,4590.00,70.46,FALSE,M1_DIRECTION_MISMATCH|OPENING_SHIELD_ACTIVE_13s
2026-09-07 14:57:13.863,1788793033.864,3121,28,262,4417.05,4417.13,8.0,PASS_<=10c,+40.0,UP,+32.0,+305.0,4.2,+7.76,1.85,SLOW,4414.00,4419.48,4412.21,4417.17,0.00,0.00,0.0,BULLISH,727.0,4416.73,4417.14,4416.61,4417.05,13,ACTIVE_13s,53.0,32.0,9.0,12.0,17.0,22.6,17.0,PASS_<20%,4416.88,17.0,NO,STANDBY_VEL_LOW,0,0.00,4590.00,70.46,FALSE,OPENING_SHIELD_ACTIVE_13s
2026-09-07 14:57:14.365,1788793034.365,3122,29,263,4416.89,4416.97,8.0,PASS_<=10c,-16.0,DOWN,+16.0,+289.0,4.2,+4.41,1.05,SLOW,4414.00,4419.48,4412.21,4417.17,0.00,0.00,0.0,BULLISH,727.0,4416.73,4417.14,4416.61,4416.89,14,ACTIVE_14s,53.0,16.0,25.0,12.0,47.2,22.6,47.2,BLOCKED_47.2%,4416.88,1.0,NO,STANDBY_VEL_LOW,0,0.00,4590.00,70.46,FALSE,OPP_WICK_TOO_HIGH_0.47|OPENING_SHIELD_ACTIVE_14s
2026-09-07 14:57:14.866,1788793034.867,3123,30,264,4416.87,4416.95,8.0,PASS_<=10c,-2.0,DOWN,+14.0,+287.0,4.2,+3.99,0.95,SLOW,4414.00,4419.48,4412.21,4417.17,0.00,0.00,0.0,BULLISH,727.0,4416.73,4417.14,4416.61,4416.87,14,ACTIVE_14s,53.0,14.0,27.0,12.0,50.9,22.6,50.9,BLOCKED_50.9%,4416.88,1.0,NO,STANDBY_VEL_LOW,0,0.00,4590.00,70.46,FALSE,OPP_WICK_TOO_HIGH_0.51|OPENING_SHIELD_ACTIVE_14s
2026-09-07 14:57:15.367,1788793035.368,3124,31,265,4416.83,4416.91,8.0,PASS_<=10c,-4.0,DOWN,+10.0,+283.0,4.2,+3.15,0.75,SLOW,4414.00,4419.48,4412.21,4417.17,0.00,0.00,0.0,BULLISH,727.0,4416.73,4417.14,4416.61,4416.83,15,ACTIVE_15s,53.0,10.0,31.0,12.0,58.5,22.6,58.5,BLOCKED_58.5%,4416.88,5.0,NO,STANDBY_VEL_LOW,0,0.00,4590.00,70.46,FALSE,OPP_WICK_TOO_HIGH_0.58|OPENING_SHIELD_ACTIVE_15s
2026-09-07 14:57:15.869,1788793035.869,3125,32,266,4416.81,4416.89,8.0,PASS_<=10c,-2.0,DOWN,+8.0,+281.0,4.2,+4.20,1.00,SLOW,4414.00,4419.48,4412.21,4417.17,0.00,0.00,0.0,BULLISH,727.0,4416.73,4417.14,4416.61,4416.81,15,ACTIVE_15s,53.0,8.0,33.0,12.0,62.3,22.6,62.3,BLOCKED_62.3%,4416.88,7.0,NO,STANDBY_VEL_LOW,0,0.00,4590.00,70.46,FALSE,OPP_WICK_TOO_HIGH_0.62|OPENING_SHIELD_ACTIVE_15s
2026-09-07 14:57:16.370,1788793036.370,3126,33,267,4416.83,4416.91,8.0,PASS_<=10c,+2.0,UP,+10.0,+283.0,4.2,+3.78,0.90,SLOW,4414.00,4419.48,4412.21,4417.17,0.00,0.00,0.0,BULLISH,727.0,4416.73,4417.14,4416.61,4416.83,16,ACTIVE_16s,53.0,10.0,31.0,12.0,58.5,22.6,58.5,BLOCKED_58.5%,4416.88,5.0,NO,STANDBY_VEL_LOW,0,0.00,4590.00,70.46,FALSE,OPP_WICK_TOO_HIGH_0.58|OPENING_SHIELD_ACTIVE_16s
2026-09-07 14:57:16.871,1788793036.872,3127,34,268,4416.83,4416.91,8.0,PASS_<=10c,+0.0,FLAT,+10.0,+283.0,4.2,+3.15,0.75,SLOW,4414.00,4419.48,4412.21,4417.17,0.00,0.00,0.0,BULLISH,727.0,4416.73,4417.14,4416.61,4416.83,16,ACTIVE_16s,53.0,10.0,31.0,12.0,58.5,22.6,58.5,BLOCKED_58.5%,4416.88,5.0,NO,STANDBY_VEL_LOW,0,0.00,4590.00,70.46,FALSE,OPP_WICK_TOO_HIGH_0.58|OPENING_SHIELD_ACTIVE_16s
2026-09-07 14:57:17.373,1788793037.373,3128,35,269,4416.88,4416.96,8.0,PASS_<=10c,+5.0,UP,+15.0,+288.0,4.2,+4.41,1.05,SLOW,4414.00,4419.48,4412.21,4417.17,0.00,0.00,0.0,BULLISH,727.0,4416.73,4417.14,4416.61,4416.88,17,ACTIVE_17s,53.0,15.0,26.0,12.0,49.1,22.6,49.1,BLOCKED_49.1%,4416.88,0.0,NO,STANDBY_VEL_LOW,0,0.00,4590.00,70.46,FALSE,OPP_WICK_TOO_HIGH_0.49|OPENING_SHIELD_ACTIVE_17s
2026-09-07 14:57:17.875,1788793037.875,3129,36,270,4416.92,4417.00,8.0,PASS_<=10c,+4.0,UP,+19.0,+292.0,4.2,+5.67,1.35,SLOW,4414.00,4419.48,4412.21,4417.17,0.00,0.00,0.0,BULLISH,727.0,4416.73,4417.14,4416.61,4416.92,17,ACTIVE_17s,53.0,19.0,22.0,12.0,41.5,22.6,41.5,BLOCKED_41.5%,4416.88,4.0,NO,STANDBY_VEL_LOW,0,0.00,4590.00,70.46,FALSE,OPP_WICK_TOO_HIGH_0.42|OPENING_SHIELD_ACTIVE_17s
2026-09-07 14:57:18.376,1788793038.377,3130,37,271,4416.97,4417.05,8.0,PASS_<=10c,+5.0,UP,+24.0,+297.0,4.2,+0.99,0.24,SLOW,4414.00,4419.48,4412.21,4417.17,0.00,0.00,0.0,BULLISH,727.0,4416.73,4417.14,4416.61,4416.97,18,ACTIVE_18s,53.0,24.0,17.0,12.0,32.1,22.6,32.1,BLOCKED_32.1%,4416.88,9.0,NO,STANDBY_VEL_LOW,0,0.00,4590.00,70.46,FALSE,OPP_WICK_TOO_HIGH_0.32|OPENING_SHIELD_ACTIVE_18s
2026-09-07 14:57:18.879,1788793038.880,3131,38,272,4417.02,4417.10,8.0,PASS_<=10c,+5.0,UP,+29.0,+302.0,4.2,+0.95,0.23,SLOW,4414.00,4419.48,4412.21,4417.17,0.00,0.00,0.0,BULLISH,727.0,4416.73,4417.14,4416.61,4417.02,18,ACTIVE_18s,53.0,29.0,12.0,12.0,22.6,22.6,22.6,BLOCKED_22.6%,4416.88,14.0,NO,STANDBY_VEL_LOW,0,0.00,4590.00,70.46,FALSE,OPP_WICK_TOO_HIGH_0.23|OPENING_SHIELD_ACTIVE_18s
2026-09-07 14:57:19.380,1788793039.380,3132,39,273,4417.13,4417.21,8.0,PASS_<=10c,+11.0,UP,+40.0,+313.0,4.2,+5.67,1.35,SLOW,4414.00,4419.48,4412.21,4417.17,0.00,0.00,0.0,BULLISH,727.0,4416.73,4417.14,4416.61,4417.13,19,ACTIVE_19s,53.0,40.0,1.0,12.0,1.9,22.6,1.9,PASS_<20%,4416.88,25.0,NO,STANDBY_VEL_LOW,0,0.00,4590.00,70.46,FALSE,OPENING_SHIELD_ACTIVE_19s
2026-09-07 14:57:19.881,1788793039.882,3133,40,274,4417.10,4417.18,8.0,PASS_<=10c,-3.0,DOWN,+37.0,+310.0,4.2,+5.88,1.40,SLOW,4414.00,4419.48,4412.21,4417.17,0.00,0.00,0.0,BULLISH,727.0,4416.73,4417.14,4416.61,4417.10,19,ACTIVE_19s,53.0,37.0,4.0,12.0,7.5,22.6,7.5,PASS_<20%,4416.88,22.0,NO,STANDBY_VEL_LOW,0,0.00,4590.00,70.46,FALSE,OPENING_SHIELD_ACTIVE_19s
2026-09-07 14:57:20.383,1788793040.384,3134,41,275,4417.11,4417.19,8.0,PASS_<=10c,+1.0,UP,+38.0,+311.0,4.2,+6.30,1.50,SLOW,4414.00,4419.48,4412.21,4417.17,0.00,0.00,0.0,BULLISH,727.0,4416.73,4417.14,4416.61,4417.11,20,CLEARED_>=20s,53.0,38.0,3.0,12.0,5.7,22.6,5.7,PASS_<20%,4416.88,23.0,YES,STANDBY_VEL_LOW,0,0.00,4590.00,70.46,TRUE,READY_TO_FIRE
2026-09-07 14:57:20.884,1788793040.885,3135,42,276,4417.00,4417.08,8.0,PASS_<=10c,-11.0,DOWN,+27.0,+300.0,4.2,+3.36,0.80,SLOW,4414.00,4419.48,4412.21,4417.17,0.00,0.00,0.0,BULLISH,727.0,4416.73,4417.14,4416.61,4417.00,20,CLEARED_>=20s,53.0,27.0,14.0,12.0,26.4,22.6,26.4,BLOCKED_26.4%,4416.88,12.0,NO,STANDBY_VEL_LOW,0,0.00,4590.00,70.46,FALSE,OPP_WICK_TOO_HIGH_0.26
2026-09-07 14:57:21.386,1788793041.387,3136,43,277,4417.00,4417.08,8.0,PASS_<=10c,+0.0,FLAT,+27.0,+300.0,4.2,+3.57,0.85,SLOW,4414.00,4419.48,4412.21,4417.17,0.00,0.00,0.0,BULLISH,727.0,4416.73,4417.14,4416.61,4417.00,21,CLEARED_>=20s,53.0,27.0,14.0,12.0,26.4,22.6,26.4,BLOCKED_26.4%,4416.88,12.0,NO,STANDBY_VEL_LOW,0,0.00,4590.00,70.46,FALSE,OPP_WICK_TOO_HIGH_0.26
2026-09-07 14:57:21.888,1788793041.888,3137,44,278,4416.88,4416.96,8.0,PASS_<=10c,-12.0,DOWN,+15.0,+288.0,4.2,+0.91,0.22,SLOW,4414.00,4419.48,4412.21,4417.17,0.00,0.00,0.0,BULLISH,727.0,4416.73,4417.14,4416.61,4416.88,21,CLEARED_>=20s,53.0,15.0,26.0,12.0,49.1,22.6,49.1,BLOCKED_49.1%,4416.88,0.0,NO,STANDBY_VEL_LOW,0,0.00,4590.00,70.46,FALSE,OPP_WICK_TOO_HIGH_0.49
2026-09-07 14:57:22.389,1788793042.390,3138,45,279,4416.90,4416.98,8.0,PASS_<=10c,+2.0,UP,+17.0,+290.0,4.2,+0.94,0.22,SLOW,4414.00,4419.48,4412.21,4417.17,0.00,0.00,0.0,BULLISH,727.0,4416.73,4417.14,4416.61,4416.90,22,CLEARED_>=20s,53.0,17.0,24.0,12.0,45.3,22.6,45.3,BLOCKED_45.3%,4416.88,2.0,NO,STANDBY_VEL_LOW,0,0.00,4590.00,70.46,FALSE,OPP_WICK_TOO_HIGH_0.45
2026-09-07 14:57:22.891,1788793042.891,3139,46,280,4417.00,4417.08,8.0,PASS_<=10c,+10.0,UP,+27.0,+300.0,4.2,+1.10,0.26,SLOW,4414.00,4419.48,4412.21,4417.17,0.00,0.00,0.0,BULLISH,727.0,4416.73,4417.14,4416.61,4417.00,22,CLEARED_>=20s,53.0,27.0,14.0,12.0,26.4,22.6,26.4,BLOCKED_26.4%,4416.88,12.0,NO,STANDBY_VEL_LOW,0,0.00,4590.00,70.46,FALSE,OPP_WICK_TOO_HIGH_0.26
2026-09-07 14:57:23.393,1788793043.393,3140,47,281,4417.00,4417.08,8.0,PASS_<=10c,+0.0,FLAT,+27.0,+300.0,4.2,+1.09,0.26,SLOW,4414.00,4419.48,4412.21,4417.17,0.00,0.00,0.0,BULLISH,727.0,4416.73,4417.14,4416.61,4417.00,23,CLEARED_>=20s,53.0,27.0,14.0,12.0,26.4,22.6,26.4,BLOCKED_26.4%,4416.88,12.0,NO,STANDBY_VEL_LOW,0,0.00,4590.00,70.46,FALSE,OPP_WICK_TOO_HIGH_0.26
2026-09-07 14:57:23.895,1788793043.895,3141,48,282,4416.73,4416.81,8.0,PASS_<=10c,-27.0,DOWN,+0.0,+273.0,4.2,+8.60,2.05,SLOW,4414.00,4419.48,4412.21,4417.17,0.00,0.00,0.0,BULLISH,727.0,4416.73,4417.14,4416.61,4416.73,23,CLEARED_>=20s,53.0,0.0,41.0,12.0,77.4,22.6,77.4,BLOCKED_77.4%,0.00,0.0,NO,STANDBY_VEL_LOW,0,0.00,4590.00,70.46,FALSE,M1_DIRECTION_MISMATCH
2026-09-07 14:57:24.397,1788793044.397,3142,49,283,4416.59,4416.67,8.0,PASS_<=10c,-14.0,DOWN,-14.0,+259.0,4.2,+10.70,2.55,SLOW,4414.00,4419.48,4412.21,4417.17,0.00,0.00,0.0,BULLISH,727.0,4416.73,4417.14,4416.59,4416.59,24,CLEARED_>=20s,55.0,14.0,41.0,0.0,74.5,0.0,74.5,BLOCKED_74.5%,0.00,0.0,NO,STANDBY_VEL_LOW,0,0.00,4590.00,70.46,FALSE,M1_DIRECTION_MISMATCH
2026-09-07 14:57:24.898,1788793044.899,3143,50,284,4416.70,4416.78,8.0,PASS_<=10c,+11.0,UP,-3.0,+270.0,4.2,+8.60,2.05,SLOW,4414.00,4419.48,4412.21,4417.17,0.00,0.00,0.0,BULLISH,727.0,4416.73,4417.14,4416.59,4416.70,24,CLEARED_>=20s,55.0,3.0,41.0,11.0,74.5,20.0,74.5,BLOCKED_74.5%,0.00,0.0,NO,STANDBY_VEL_LOW,0,0.00,4590.00,70.46,FALSE,M1_DIRECTION_MISMATCH
2026-09-07 14:57:25.400,1788793045.400,3144,51,285,4416.65,4416.73,8.0,PASS_<=10c,-5.0,DOWN,-8.0,+265.0,4.2,+7.34,1.75,SLOW,4414.00,4419.48,4412.21,4417.17,0.00,0.00,0.0,BULLISH,727.0,4416.73,4417.14,4416.59,4416.65,25,CLEARED_>=20s,55.0,8.0,41.0,6.0,74.5,10.9,74.5,BLOCKED_74.5%,0.00,0.0,NO,STANDBY_VEL_LOW,0,0.00,4590.00,70.46,FALSE,M1_DIRECTION_MISMATCH
2026-09-07 14:57:25.902,1788793045.903,3145,52,286,4416.64,4416.72,8.0,PASS_<=10c,-1.0,DOWN,-9.0,+264.0,4.2,+7.55,1.80,SLOW,4414.00,4419.48,4412.21,4417.17,0.00,0.00,0.0,BULLISH,727.0,4416.73,4417.14,4416.59,4416.64,25,CLEARED_>=20s,55.0,9.0,41.0,5.0,74.5,9.1,74.5,BLOCKED_74.5%,0.00,0.0,NO,STANDBY_VEL_LOW,0,0.00,4590.00,70.46,FALSE,M1_DIRECTION_MISMATCH
2026-09-07 14:57:26.404,1788793046.404,3146,53,287,4416.64,4416.72,8.0,PASS_<=10c,+0.0,FLAT,-9.0,+264.0,4.2,+5.45,1.30,SLOW,4414.00,4419.48,4412.21,4417.17,0.00,0.00,0.0,BULLISH,727.0,4416.73,4417.14,4416.59,4416.64,26,CLEARED_>=20s,55.0,9.0,41.0,5.0,74.5,9.1,74.5,BLOCKED_74.5%,0.00,0.0,NO,STANDBY_VEL_LOW,0,0.00,4590.00,70.46,FALSE,M1_DIRECTION_MISMATCH
2026-09-07 14:57:26.905,1788793046.906,3147,54,288,4416.32,4416.40,8.0,PASS_<=10c,-32.0,DOWN,-41.0,+232.0,4.2,+12.17,2.90,SLOW,4414.00,4419.48,4412.21,4417.17,0.00,0.00,0.0,BULLISH,727.0,4416.73,4417.14,4416.32,4416.32,26,CLEARED_>=20s,82.0,41.0,41.0,0.0,50.0,0.0,50.0,BLOCKED_50.0%,0.00,0.0,NO,STANDBY_VEL_LOW,0,0.00,4590.00,70.46,FALSE,M1_DIRECTION_MISMATCH
2026-09-07 14:57:27.407,1788793047.408,3148,55,289,4416.33,4416.41,8.0,PASS_<=10c,+1.0,UP,-40.0,+233.0,4.2,+14.05,3.35,SLOW,4414.00,4419.48,4412.21,4417.17,0.00,0.00,0.0,BULLISH,727.0,4416.73,4417.14,4416.32,4416.33,27,CLEARED_>=20s,82.0,40.0,41.0,1.0,50.0,1.2,50.0,BLOCKED_50.0%,0.00,0.0,NO,STANDBY_VEL_LOW,0,0.00,4590.00,70.46,FALSE,M1_DIRECTION_MISMATCH
2026-09-07 14:57:27.909,1788793047.910,3149,56,290,4416.28,4416.36,8.0,PASS_<=10c,-5.0,DOWN,-45.0,+228.0,4.2,+15.10,3.60,SLOW,4414.00,4419.48,4412.21,4417.17,0.00,0.00,0.0,BULLISH,727.0,4416.73,4417.14,4416.28,4416.28,27,CLEARED_>=20s,86.0,45.0,41.0,0.0,47.7,0.0,47.7,BLOCKED_47.7%,0.00,0.0,NO,STANDBY_VEL_LOW,0,0.00,4590.00,70.46,FALSE,M1_DIRECTION_MISMATCH
2026-09-07 14:57:28.414,1788793048.415,3150,57,291,4416.27,4416.35,8.0,PASS_<=10c,-1.0,DOWN,-46.0,+227.0,4.2,+12.80,3.05,SLOW,4414.00,4419.48,4412.21,4417.17,0.00,0.00,0.0,BULLISH,727.0,4416.73,4417.14,4416.26,4416.27,28,CLEARED_>=20s,88.0,46.0,41.0,1.0,46.6,1.1,46.6,BLOCKED_46.6%,0.00,0.0,NO,STANDBY_VEL_LOW,0,0.00,4590.00,70.46,FALSE,M1_DIRECTION_MISMATCH
2026-09-07 14:57:28.912,1788793048.913,3151,58,292,4416.29,4416.37,8.0,PASS_<=10c,+2.0,UP,-44.0,+229.0,4.2,+6.29,1.50,SLOW,4414.00,4419.48,4412.21,4417.17,0.00,0.00,0.0,BULLISH,727.0,4416.73,4417.14,4416.26,4416.29,28,CLEARED_>=20s,88.0,44.0,41.0,3.0,46.6,3.4,46.6,BLOCKED_46.6%,0.00,0.0,NO,STANDBY_VEL_LOW,0,0.00,4590.00,70.46,FALSE,M1_DIRECTION_MISMATCH
2026-09-07 14:57:29.414,1788793049.415,3152,59,293,4416.27,4416.35,8.0,PASS_<=10c,-2.0,DOWN,-46.0,+227.0,4.2,+6.71,1.60,SLOW,4414.00,4419.48,4412.21,4417.17,0.00,0.00,0.0,BULLISH,727.0,4416.73,4417.14,4416.26,4416.27,29,CLEARED_>=20s,88.0,46.0,41.0,1.0,46.6,1.1,46.6,BLOCKED_46.6%,0.00,0.0,NO,STANDBY_VEL_LOW,0,0.00,4590.00,70.46,FALSE,M1_DIRECTION_MISMATCH
2026-09-07 14:57:29.916,1788793049.917,3153,60,294,4416.70,4416.78,8.0,PASS_<=10c,+43.0,UP,-3.0,+270.0,4.2,+0.21,0.05,SLOW,4414.00,4419.48,4412.21,4417.17,0.00,0.00,0.0,BULLISH,727.0,4416.73,4417.14,4416.26,4416.70,29,CLEARED_>=20s,88.0,3.0,41.0,44.0,46.6,50.0,46.6,BLOCKED_46.6%,0.00,0.0,NO,STANDBY_VEL_LOW,0,0.00,4590.00,70.46,FALSE,M1_DIRECTION_MISMATCH
2026-09-07 14:57:30.418,1788793050.419,3154,61,295,4416.54,4416.62,8.0,PASS_<=10c,-16.0,DOWN,-19.0,+254.0,4.2,+2.52,0.60,SLOW,4414.00,4419.48,4412.21,4417.17,0.00,0.00,0.0,BULLISH,727.0,4416.73,4417.14,4416.26,4416.54,30,CLEARED_>=20s,88.0,19.0,41.0,28.0,46.6,31.8,46.6,BLOCKED_46.6%,0.00,0.0,NO,STANDBY_VEL_LOW,0,0.00,4590.00,70.46,FALSE,M1_DIRECTION_MISMATCH
2026-09-07 14:57:30.919,1788793050.919,3155,62,296,4416.51,4416.59,8.0,PASS_<=10c,-3.0,DOWN,-22.0,+251.0,4.2,+2.73,0.65,SLOW,4414.00,4419.48,4412.21,4417.17,0.00,0.00,0.0,BULLISH,727.0,4416.73,4417.14,4416.26,4416.51,30,CLEARED_>=20s,88.0,22.0,41.0,25.0,46.6,28.4,46.6,BLOCKED_46.6%,0.00,0.0,NO,STANDBY_VEL_LOW,0,0.00,4590.00,70.46,FALSE,M1_DIRECTION_MISMATCH
2026-09-07 14:57:31.420,1788793051.421,3156,63,297,4416.48,4416.56,8.0,PASS_<=10c,-3.0,DOWN,-25.0,+248.0,4.2,+1.47,0.35,SLOW,4414.00,4419.48,4412.21,4417.17,0.00,0.00,0.0,BULLISH,727.0,4416.73,4417.14,4416.26,4416.48,31,CLEARED_>=20s,88.0,25.0,41.0,22.0,46.6,25.0,46.6,BLOCKED_46.6%,0.00,0.0,NO,STANDBY_VEL_LOW,0,0.00,4590.00,70.46,FALSE,M1_DIRECTION_MISMATCH
2026-09-07 14:57:31.921,1788793051.922,3157,64,298,4416.74,4416.82,8.0,PASS_<=10c,+26.0,UP,+1.0,+274.0,4.2,+8.60,2.05,SLOW,4414.00,4419.48,4412.21,4417.17,0.00,0.00,0.0,BULLISH,727.0,4416.73,4417.14,4416.26,4416.74,31,CLEARED_>=20s,88.0,1.0,40.0,47.0,45.5,53.4,45.5,BLOCKED_45.5%,4416.88,14.0,NO,STANDBY_VEL_LOW,0,0.00,4590.00,70.46,FALSE,OPP_WICK_TOO_HIGH_0.45|PRICE_BELOW_15C_DISPLACEMENT
2026-09-07 14:57:32.422,1788793052.423,3158,65,299,4416.69,4416.77,8.0,PASS_<=10c,-5.0,DOWN,-4.0,+269.0,4.2,+7.35,1.75,SLOW,4414.00,4419.48,4412.21,4417.17,0.00,0.00,0.0,BULLISH,727.0,4416.73,4417.14,4416.26,4416.69,32,CLEARED_>=20s,88.0,4.0,41.0,43.0,46.6,48.9,46.6,BLOCKED_46.6%,0.00,0.0,NO,STANDBY_VEL_LOW,0,0.00,4590.00,70.46,FALSE,M1_DIRECTION_MISMATCH
2026-09-07 14:57:32.924,1788793052.924,3159,66,300,4416.51,4416.59,8.0,PASS_<=10c,-18.0,DOWN,-22.0,+251.0,4.2,+5.25,1.25,SLOW,4414.00,4419.48,4412.21,4417.17,0.00,0.00,0.0,BULLISH,727.0,4416.73,4417.14,4416.26,4416.51,32,CLEARED_>=20s,88.0,22.0,41.0,25.0,46.6,28.4,46.6,BLOCKED_46.6%,0.00,0.0,NO,STANDBY_VEL_LOW,0,0.00,4590.00,70.46,FALSE,M1_DIRECTION_MISMATCH
2026-09-07 14:57:33.425,1788793053.426,3160,67,301,4416.58,4416.66,8.0,PASS_<=10c,+7.0,UP,-15.0,+258.0,4.2,+6.51,1.55,SLOW,4414.00,4419.48,4412.21,4417.17,0.00,0.00,0.0,BULLISH,727.0,4416.73,4417.14,4416.26,4416.58,33,CLEARED_>=20s,88.0,15.0,41.0,32.0,46.6,36.4,46.6,BLOCKED_46.6%,0.00,0.0,NO,STANDBY_VEL_LOW,0,0.00,4590.00,70.46,FALSE,M1_DIRECTION_MISMATCH
2026-09-07 14:57:33.927,1788793053.927,3161,68,302,4416.72,4416.80,8.0,PASS_<=10c,+14.0,UP,-1.0,+272.0,4.2,+9.03,2.15,SLOW,4414.00,4419.48,4412.21,4417.17,0.00,0.00,0.0,BULLISH,727.0,4416.73,4417.14,4416.26,4416.72,33,CLEARED_>=20s,88.0,1.0,41.0,46.0,46.6,52.3,46.6,BLOCKED_46.6%,0.00,0.0,NO,STANDBY_VEL_LOW,0,0.00,4590.00,70.46,FALSE,M1_DIRECTION_MISMATCH
2026-09-07 14:57:34.429,1788793054.429,3162,69,303,4416.69,4416.77,8.0,PASS_<=10c,-3.0,DOWN,-4.0,+269.0,4.2,+4.62,1.10,SLOW,4414.00,4419.48,4412.21,4417.17,0.00,0.00,0.0,BULLISH,727.0,4416.73,4417.14,4416.26,4416.69,34,CLEARED_>=20s,88.0,4.0,41.0,43.0,46.6,48.9,46.6,BLOCKED_46.6%,0.00,0.0,NO,STANDBY_VEL_LOW,0,0.00,4590.00,70.46,FALSE,M1_DIRECTION_MISMATCH
2026-09-07 14:57:34.930,1788793054.930,3163,70,304,4416.75,4416.83,8.0,PASS_<=10c,+6.0,UP,+2.0,+275.0,4.2,+3.15,0.75,SLOW,4414.00,4419.48,4412.21,4417.17,0.00,0.00,0.0,BULLISH,727.0,4416.73,4417.14,4416.26,4416.75,34,CLEARED_>=20s,88.0,2.0,39.0,47.0,44.3,53.4,44.3,BLOCKED_44.3%,4416.88,13.0,NO,STANDBY_VEL_LOW,0,0.00,4590.00,70.46,FALSE,OPP_WICK_TOO_HIGH_0.44|PRICE_BELOW_15C_DISPLACEMENT
2026-09-07 14:57:35.431,1788793055.431,3164,71,305,4416.31,4416.39,8.0,PASS_<=10c,-44.0,DOWN,-42.0,+231.0,4.2,+4.83,1.15,SLOW,4414.00,4419.48,4412.21,4417.17,0.00,0.00,0.0,BULLISH,727.0,4416.73,4417.14,4416.26,4416.31,35,CLEARED_>=20s,88.0,42.0,41.0,5.0,46.6,5.7,46.6,BLOCKED_46.6%,0.00,0.0,NO,STANDBY_VEL_LOW,0,0.00,4590.00,70.46,FALSE,M1_DIRECTION_MISMATCH
2026-09-07 14:57:35.932,1788793055.933,3165,72,306,4416.61,4416.69,8.0,PASS_<=10c,+30.0,UP,-12.0,+261.0,4.2,+2.52,0.60,SLOW,4414.00,4419.48,4412.21,4417.17,0.00,0.00,0.0,BULLISH,727.0,4416.73,4417.14,4416.26,4416.61,35,CLEARED_>=20s,88.0,12.0,41.0,35.0,46.6,39.8,46.6,BLOCKED_46.6%,0.00,0.0,NO,STANDBY_VEL_LOW,0,0.00,4590.00,70.46,FALSE,M1_DIRECTION_MISMATCH
2026-09-07 14:57:36.435,1788793056.435,3166,73,307,4416.66,4416.74,8.0,PASS_<=10c,+5.0,UP,-7.0,+266.0,4.2,+0.42,0.10,SLOW,4414.00,4419.48,4412.21,4417.17,0.00,0.00,0.0,BULLISH,727.0,4416.73,4417.14,4416.26,4416.66,36,CLEARED_>=20s,88.0,7.0,41.0,40.0,46.6,45.5,46.6,BLOCKED_46.6%,0.00,0.0,NO,STANDBY_VEL_LOW,0,0.00,4590.00,70.46,FALSE,M1_DIRECTION_MISMATCH
2026-09-07 14:57:36.936,1788793056.937,3167,74,308,4416.68,4416.76,8.0,PASS_<=10c,+2.0,UP,-5.0,+268.0,4.2,+0.21,0.05,SLOW,4414.00,4419.48,4412.21,4417.17,0.00,0.00,0.0,BULLISH,727.0,4416.73,4417.14,4416.26,4416.68,36,CLEARED_>=20s,88.0,5.0,41.0,42.0,46.6,47.7,46.6,BLOCKED_46.6%,0.00,0.0,NO,STANDBY_VEL_LOW,0,0.00,4590.00,70.46,FALSE,M1_DIRECTION_MISMATCH
2026-09-07 14:57:37.438,1788793057.439,3168,75,309,4416.75,4416.83,8.0,PASS_<=10c,+7.0,UP,+2.0,+275.0,4.2,+4.41,1.05,SLOW,4414.00,4419.48,4412.21,4417.17,0.00,0.00,0.0,BULLISH,727.0,4416.73,4417.14,4416.26,4416.75,37,CLEARED_>=20s,88.0,2.0,39.0,47.0,44.3,53.4,44.3,BLOCKED_44.3%,4416.88,13.0,NO,STANDBY_VEL_LOW,0,0.00,4590.00,70.46,FALSE,OPP_WICK_TOO_HIGH_0.44|PRICE_BELOW_15C_DISPLACEMENT
2026-09-07 14:57:37.939,1788793057.940,3169,76,310,4417.15,4417.23,8.0,PASS_<=10c,+40.0,UP,+42.0,+315.0,4.2,+11.96,2.85,SLOW,4414.00,4419.48,4412.21,4417.17,0.00,0.00,0.0,BULLISH,727.0,4416.73,4417.15,4416.26,4417.15,37,CLEARED_>=20s,89.0,42.0,0.0,47.0,0.0,52.8,0.0,PASS_<20%,4416.88,27.0,YES,STANDBY_VEL_LOW,0,0.00,4590.00,70.46,TRUE,READY_TO_FIRE
2026-09-07 14:57:38.440,1788793058.441,3170,77,311,4417.15,4417.23,8.0,PASS_<=10c,+0.0,FLAT,+42.0,+315.0,4.2,+8.82,2.10,SLOW,4414.00,4419.48,4412.21,4417.17,0.00,0.00,0.0,BULLISH,727.0,4416.73,4417.15,4416.26,4417.15,38,CLEARED_>=20s,89.0,42.0,0.0,47.0,0.0,52.8,0.0,PASS_<20%,4416.88,27.0,YES,STANDBY_VEL_LOW,0,0.00,4590.00,70.46,TRUE,READY_TO_FIRE
2026-09-07 14:57:38.942,1788793058.943,3171,78,312,4417.11,4417.19,8.0,PASS_<=10c,-4.0,DOWN,+38.0,+311.0,4.2,+8.40,2.00,SLOW,4414.00,4419.48,4412.21,4417.17,0.00,0.00,0.0,BULLISH,727.0,4416.73,4417.15,4416.26,4417.11,38,CLEARED_>=20s,89.0,38.0,4.0,47.0,4.5,52.8,4.5,PASS_<20%,4416.88,23.0,YES,STANDBY_VEL_LOW,0,0.00,4590.00,70.46,TRUE,READY_TO_FIRE
2026-09-07 14:57:39.444,1788793059.444,3172,79,313,4417.14,4417.22,8.0,PASS_<=10c,+3.0,UP,+41.0,+314.0,4.2,+8.61,2.05,SLOW,4414.00,4419.48,4412.21,4417.17,0.00,0.00,0.0,BULLISH,727.0,4416.73,4417.15,4416.26,4417.14,39,CLEARED_>=20s,89.0,41.0,1.0,47.0,1.1,52.8,1.1,PASS_<20%,4416.88,26.0,YES,STANDBY_VEL_LOW,0,0.00,4590.00,70.46,TRUE,READY_TO_FIRE
2026-09-07 14:57:39.945,1788793059.945,3173,80,314,4417.08,4417.16,8.0,PASS_<=10c,-6.0,DOWN,+35.0,+308.0,4.2,+6.72,1.60,SLOW,4414.00,4419.48,4412.21,4417.17,0.00,0.00,0.0,BULLISH,727.0,4416.73,4417.15,4416.26,4417.08,39,CLEARED_>=20s,89.0,35.0,7.0,47.0,7.9,52.8,7.9,PASS_<20%,4416.88,20.0,YES,STANDBY_VEL_LOW,0,0.00,4590.00,70.46,TRUE,READY_TO_FIRE
2026-09-07 14:57:40.447,1788793060.447,3174,81,315,4417.15,4417.23,8.0,PASS_<=10c,+7.0,UP,+42.0,+315.0,4.2,+16.37,3.90,SLOW,4414.00,4419.48,4412.21,4417.17,0.00,0.00,0.0,BULLISH,727.0,4416.73,4417.15,4416.26,4417.15,40,CLEARED_>=20s,89.0,42.0,0.0,47.0,0.0,52.8,0.0,PASS_<20%,4416.88,27.0,YES,STANDBY_VEL_LOW,0,0.00,4590.00,70.46,TRUE,READY_TO_FIRE
2026-09-07 14:57:40.949,1788793060.949,3175,82,316,4416.98,4417.06,8.0,PASS_<=10c,-17.0,DOWN,+25.0,+298.0,4.2,+7.14,1.70,SLOW,4414.00,4419.48,4412.21,4417.17,0.00,0.00,0.0,BULLISH,727.0,4416.73,4417.15,4416.26,4416.98,40,CLEARED_>=20s,89.0,25.0,17.0,47.0,19.1,52.8,19.1,PASS_<20%,4416.88,10.0,YES,STANDBY_VEL_LOW,0,0.00,4590.00,70.46,TRUE,READY_TO_FIRE
2026-09-07 14:57:41.450,1788793061.451,3176,83,317,4416.95,4417.03,8.0,PASS_<=10c,-3.0,DOWN,+22.0,+295.0,4.2,+6.09,1.45,SLOW,4414.00,4419.48,4412.21,4417.17,0.00,0.00,0.0,BULLISH,727.0,4416.73,4417.15,4416.26,4416.95,41,CLEARED_>=20s,89.0,22.0,20.0,47.0,22.5,52.8,22.5,BLOCKED_22.5%,4416.88,7.0,NO,STANDBY_VEL_LOW,0,0.00,4590.00,70.46,FALSE,OPP_WICK_TOO_HIGH_0.22
2026-09-07 14:57:41.952,1788793061.952,3177,84,318,4416.83,4416.91,8.0,PASS_<=10c,-12.0,DOWN,+10.0,+283.0,4.2,+1.68,0.40,SLOW,4414.00,4419.48,4412.21,4417.17,0.00,0.00,0.0,BULLISH,727.0,4416.73,4417.15,4416.26,4416.83,41,CLEARED_>=20s,89.0,10.0,32.0,47.0,36.0,52.8,36.0,BLOCKED_36.0%,4416.88,5.0,NO,STANDBY_VEL_LOW,0,0.00,4590.00,70.46,FALSE,OPP_WICK_TOO_HIGH_0.36
2026-09-07 14:57:42.454,1788793062.454,3178,85,319,4416.84,4416.92,8.0,PASS_<=10c,+1.0,UP,+11.0,+284.0,4.2,+1.26,0.30,SLOW,4414.00,4419.48,4412.21,4417.17,0.00,0.00,0.0,BULLISH,727.0,4416.73,4417.15,4416.26,4416.84,42,CLEARED_>=20s,89.0,11.0,31.0,47.0,34.8,52.8,34.8,BLOCKED_34.8%,4416.88,4.0,NO,STANDBY_VEL_LOW,0,0.00,4590.00,70.46,FALSE,OPP_WICK_TOO_HIGH_0.35
2026-09-07 14:57:42.968,1788793062.968,3179,86,320,4416.85,4416.93,8.0,PASS_<=10c,+1.0,UP,+12.0,+285.0,4.2,+6.28,1.50,SLOW,4414.00,4419.48,4412.21,4417.17,0.00,0.00,0.0,BULLISH,727.0,4416.73,4417.15,4416.26,4416.85,42,CLEARED_>=20s,89.0,12.0,30.0,47.0,33.7,52.8,33.7,BLOCKED_33.7%,4416.88,3.0,NO,STANDBY_VEL_LOW,0,0.00,4590.00,70.46,FALSE,OPP_WICK_TOO_HIGH_0.34
2026-09-07 14:57:43.470,1788793063.470,3180,87,321,4416.85,4416.93,8.0,PASS_<=10c,+0.0,FLAT,+12.0,+285.0,4.2,+5.65,1.35,SLOW,4414.00,4419.48,4412.21,4417.17,0.00,0.00,0.0,BULLISH,727.0,4416.73,4417.15,4416.26,4416.85,43,CLEARED_>=20s,89.0,12.0,30.0,47.0,33.7,52.8,33.7,BLOCKED_33.7%,4416.88,3.0,NO,STANDBY_VEL_LOW,0,0.00,4590.00,70.46,FALSE,OPP_WICK_TOO_HIGH_0.34
2026-09-07 14:57:43.972,1788793063.973,3181,88,322,4416.93,4417.01,8.0,PASS_<=10c,+8.0,UP,+20.0,+293.0,4.2,+4.39,1.05,SLOW,4414.00,4419.48,4412.21,4417.17,0.00,0.00,0.0,BULLISH,727.0,4416.73,4417.15,4416.26,4416.93,43,CLEARED_>=20s,89.0,20.0,22.0,47.0,24.7,52.8,24.7,BLOCKED_24.7%,4416.88,5.0,NO,STANDBY_VEL_LOW,0,0.00,4590.00,70.46,FALSE,OPP_WICK_TOO_HIGH_0.25
2026-09-07 14:57:44.474,1788793064.474,3182,89,323,4416.85,4416.93,8.0,PASS_<=10c,-8.0,DOWN,+12.0,+285.0,4.2,+5.86,1.40,SLOW,4414.00,4419.48,4412.21,4417.17,0.00,0.00,0.0,BULLISH,727.0,4416.73,4417.15,4416.26,4416.85,44,CLEARED_>=20s,89.0,12.0,30.0,47.0,33.7,52.8,33.7,BLOCKED_33.7%,4416.88,3.0,NO,STANDBY_VEL_LOW,0,0.00,4590.00,70.46,FALSE,OPP_WICK_TOO_HIGH_0.34
2026-09-07 14:57:44.975,1788793064.976,3183,90,324,4416.82,4416.90,8.0,PASS_<=10c,-3.0,DOWN,+9.0,+282.0,4.2,+6.28,1.50,SLOW,4414.00,4419.48,4412.21,4417.17,0.00,0.00,0.0,BULLISH,727.0,4416.73,4417.15,4416.26,4416.82,44,CLEARED_>=20s,89.0,9.0,33.0,47.0,37.1,52.8,37.1,BLOCKED_37.1%,4416.88,6.0,NO,STANDBY_VEL_LOW,0,0.00,4590.00,70.46,FALSE,OPP_WICK_TOO_HIGH_0.37
2026-09-07 14:57:45.478,1788793065.478,3184,91,325,4416.82,4416.90,8.0,PASS_<=10c,+0.0,FLAT,+9.0,+282.0,4.2,+3.35,0.80,SLOW,4414.00,4419.48,4412.21,4417.17,0.00,0.00,0.0,BULLISH,727.0,4416.73,4417.15,4416.26,4416.82,45,CLEARED_>=20s,89.0,9.0,33.0,47.0,37.1,52.8,37.1,BLOCKED_37.1%,4416.88,6.0,NO,STANDBY_VEL_LOW,0,0.00,4590.00,70.46,FALSE,OPP_WICK_TOO_HIGH_0.37
2026-09-07 14:57:45.979,1788793065.979,3185,92,326,4416.70,4416.78,8.0,PASS_<=10c,-12.0,DOWN,-3.0,+270.0,4.2,+6.07,1.45,SLOW,4414.00,4419.48,4412.21,4417.17,0.00,0.00,0.0,BULLISH,727.0,4416.73,4417.15,4416.26,4416.70,45,CLEARED_>=20s,89.0,3.0,42.0,44.0,47.2,49.4,47.2,BLOCKED_47.2%,0.00,0.0,NO,STANDBY_VEL_LOW,0,0.00,4590.00,70.46,FALSE,M1_DIRECTION_MISMATCH
2026-09-07 14:57:46.481,1788793066.481,3186,93,327,4416.69,4416.77,8.0,PASS_<=10c,-1.0,DOWN,-4.0,+269.0,4.2,+2.93,0.70,SLOW,4414.00,4419.48,4412.21,4417.17,0.00,0.00,0.0,BULLISH,727.0,4416.73,4417.15,4416.26,4416.69,46,CLEARED_>=20s,89.0,4.0,42.0,43.0,47.2,48.3,47.2,BLOCKED_47.2%,0.00,0.0,NO,STANDBY_VEL_LOW,0,0.00,4590.00,70.46,FALSE,M1_DIRECTION_MISMATCH
2026-09-07 14:57:46.982,1788793066.983,3187,94,328,4416.69,4416.77,8.0,PASS_<=10c,+0.0,FLAT,-4.0,+269.0,4.2,+3.14,0.75,SLOW,4414.00,4419.48,4412.21,4417.17,0.00,0.00,0.0,BULLISH,727.0,4416.73,4417.15,4416.26,4416.69,46,CLEARED_>=20s,89.0,4.0,42.0,43.0,47.2,48.3,47.2,BLOCKED_47.2%,0.00,0.0,NO,STANDBY_VEL_LOW,0,0.00,4590.00,70.46,FALSE,M1_DIRECTION_MISMATCH
2026-09-07 14:57:47.485,1788793067.485,3188,95,329,4416.74,4416.82,8.0,PASS_<=10c,+5.0,UP,+1.0,+274.0,4.2,+2.31,0.55,SLOW,4414.00,4419.48,4412.21,4417.17,0.00,0.00,0.0,BULLISH,727.0,4416.73,4417.15,4416.26,4416.74,47,CLEARED_>=20s,89.0,1.0,41.0,47.0,46.1,52.8,46.1,BLOCKED_46.1%,4416.88,14.0,NO,STANDBY_VEL_LOW,0,0.00,4590.00,70.46,FALSE,OPP_WICK_TOO_HIGH_0.46|PRICE_BELOW_15C_DISPLACEMENT
2026-09-07 14:57:47.987,1788793067.987,3189,96,330,4416.70,4416.78,8.0,PASS_<=10c,-4.0,DOWN,-3.0,+270.0,4.2,+3.15,0.75,SLOW,4414.00,4419.48,4412.21,4417.17,0.00,0.00,0.0,BULLISH,727.0,4416.73,4417.15,4416.26,4416.70,47,CLEARED_>=20s,89.0,3.0,42.0,44.0,47.2,49.4,47.2,BLOCKED_47.2%,0.00,0.0,NO,STANDBY_VEL_LOW,0,0.00,4590.00,70.46,FALSE,M1_DIRECTION_MISMATCH
2026-09-07 14:57:48.488,1788793068.489,3190,97,331,4416.62,4416.70,8.0,PASS_<=10c,-8.0,DOWN,-11.0,+262.0,4.2,+6.50,1.55,SLOW,4414.00,4419.48,4412.21,4417.17,0.00,0.00,0.0,BULLISH,727.0,4416.73,4417.15,4416.26,4416.62,48,CLEARED_>=20s,89.0,11.0,42.0,36.0,47.2,40.4,47.2,BLOCKED_47.2%,0.00,0.0,NO,STANDBY_VEL_LOW,0,0.00,4590.00,70.46,FALSE,M1_DIRECTION_MISMATCH
2026-09-07 14:57:48.991,1788793068.991,3191,98,332,4416.54,4416.62,8.0,PASS_<=10c,-8.0,DOWN,-19.0,+254.0,4.2,+6.50,1.55,SLOW,4414.00,4419.48,4412.21,4417.17,0.00,0.00,0.0,BULLISH,727.0,4416.73,4417.15,4416.26,4416.54,48,CLEARED_>=20s,89.0,19.0,42.0,28.0,47.2,31.5,47.2,BLOCKED_47.2%,0.00,0.0,NO,STANDBY_VEL_LOW,0,0.00,4590.00,70.46,FALSE,M1_DIRECTION_MISMATCH
2026-09-07 14:57:49.492,1788793069.493,3192,99,333,4416.51,4416.59,8.0,PASS_<=10c,-3.0,DOWN,-22.0,+251.0,4.2,+6.50,1.55,SLOW,4414.00,4419.48,4412.21,4417.17,0.00,0.00,0.0,BULLISH,727.0,4416.73,4417.15,4416.26,4416.51,49,CLEARED_>=20s,89.0,22.0,42.0,25.0,47.2,28.1,47.2,BLOCKED_47.2%,0.00,0.0,NO,STANDBY_VEL_LOW,0,0.00,4590.00,70.46,FALSE,M1_DIRECTION_MISMATCH
2026-09-07 14:57:49.994,1788793069.994,3193,100,334,4416.51,4416.59,8.0,PASS_<=10c,+0.0,FLAT,-22.0,+251.0,4.2,+6.50,1.55,SLOW,4414.00,4419.48,4412.21,4417.17,0.00,0.00,0.0,BULLISH,727.0,4416.73,4417.15,4416.26,4416.51,49,CLEARED_>=20s,89.0,22.0,42.0,25.0,47.2,28.1,47.2,BLOCKED_47.2%,0.00,0.0,NO,STANDBY_VEL_LOW,0,0.00,4590.00,70.46,FALSE,M1_DIRECTION_MISMATCH
2026-09-07 14:57:50.496,1788793070.497,3194,101,335,4416.56,4416.64,8.0,PASS_<=10c,+5.0,UP,-17.0,+256.0,4.2,+3.78,0.90,SLOW,4414.00,4419.48,4412.21,4417.17,0.00,0.00,0.0,BULLISH,727.0,4416.73,4417.15,4416.26,4416.56,50,CLEARED_>=20s,89.0,17.0,42.0,30.0,47.2,33.7,47.2,BLOCKED_47.2%,0.00,0.0,NO,STANDBY_VEL_LOW,0,0.00,4590.00,70.46,FALSE,M1_DIRECTION_MISMATCH
2026-09-07 14:57:50.998,1788793070.998,3195,102,336,4416.56,4416.64,8.0,PASS_<=10c,+0.0,FLAT,-17.0,+256.0,4.2,+2.73,0.65,SLOW,4414.00,4419.48,4412.21,4417.17,0.00,0.00,0.0,BULLISH,727.0,4416.73,4417.15,4416.26,4416.56,50,CLEARED_>=20s,89.0,17.0,42.0,30.0,47.2,33.7,47.2,BLOCKED_47.2%,0.00,0.0,NO,STANDBY_VEL_LOW,0,0.00,4590.00,70.46,FALSE,M1_DIRECTION_MISMATCH
2026-09-07 14:57:51.499,1788793071.500,3196,103,337,4416.56,4416.64,8.0,PASS_<=10c,+0.0,FLAT,-17.0,+256.0,4.2,+2.73,0.65,SLOW,4414.00,4419.48,4412.21,4417.17,0.00,0.00,0.0,BULLISH,727.0,4416.73,4417.15,4416.26,4416.56,51,CLEARED_>=20s,89.0,17.0,42.0,30.0,47.2,33.7,47.2,BLOCKED_47.2%,0.00,0.0,NO,STANDBY_VEL_LOW,0,0.00,4590.00,70.46,FALSE,M1_DIRECTION_MISMATCH
2026-09-07 14:57:52.001,1788793072.001,3197,104,338,4416.55,4416.63,8.0,PASS_<=10c,-1.0,DOWN,-18.0,+255.0,4.2,+3.15,0.75,SLOW,4414.00,4419.48,4412.21,4417.17,0.00,0.00,0.0,BULLISH,727.0,4416.73,4417.15,4416.26,4416.55,52,CLEARED_>=20s,89.0,18.0,42.0,29.0,47.2,32.6,47.2,BLOCKED_47.2%,0.00,0.0,NO,STANDBY_VEL_LOW,0,0.00,4590.00,70.46,FALSE,M1_DIRECTION_MISMATCH
2026-09-07 14:57:52.503,1788793072.504,3198,105,339,4416.55,4416.63,8.0,PASS_<=10c,+0.0,FLAT,-18.0,+255.0,4.2,+3.36,0.80,SLOW,4414.00,4419.48,4412.21,4417.17,0.00,0.00,0.0,BULLISH,727.0,4416.73,4417.15,4416.26,4416.55,52,CLEARED_>=20s,89.0,18.0,42.0,29.0,47.2,32.6,47.2,BLOCKED_47.2%,0.00,0.0,NO,STANDBY_VEL_LOW,0,0.00,4590.00,70.46,FALSE,M1_DIRECTION_MISMATCH
2026-09-07 14:57:53.005,1788793073.005,3199,106,340,4416.66,4416.74,8.0,PASS_<=10c,+11.0,UP,-7.0,+266.0,4.2,+0.84,0.20,SLOW,4414.00,4419.48,4412.21,4417.17,0.00,0.00,0.0,BULLISH,727.0,4416.73,4417.15,4416.26,4416.66,53,CLEARED_>=20s,89.0,7.0,42.0,40.0,47.2,44.9,47.2,BLOCKED_47.2%,0.00,0.0,NO,STANDBY_VEL_LOW,0,0.00,4590.00,70.46,FALSE,M1_DIRECTION_MISMATCH
2026-09-07 14:57:53.506,1788793073.507,3200,107,341,4416.66,4416.74,8.0,PASS_<=10c,+0.0,FLAT,-7.0,+266.0,4.2,+2.52,0.60,SLOW,4414.00,4419.48,4412.21,4417.17,0.00,0.00,0.0,BULLISH,727.0,4416.73,4417.15,4416.26,4416.66,53,CLEARED_>=20s,89.0,7.0,42.0,40.0,47.2,44.9,47.2,BLOCKED_47.2%,0.00,0.0,NO,STANDBY_VEL_LOW,0,0.00,4590.00,70.46,FALSE,M1_DIRECTION_MISMATCH
2026-09-07 14:57:54.008,1788793074.008,3201,108,342,4416.65,4416.73,8.0,PASS_<=10c,-1.0,DOWN,-8.0,+265.0,4.2,+2.31,0.55,SLOW,4414.00,4419.48,4412.21,4417.17,0.00,0.00,0.0,BULLISH,727.0,4416.73,4417.15,4416.26,4416.65,54,CLEARED_>=20s,89.0,8.0,42.0,39.0,47.2,43.8,47.2,BLOCKED_47.2%,0.00,0.0,NO,STANDBY_VEL_LOW,0,0.00,4590.00,70.46,FALSE,M1_DIRECTION_MISMATCH
2026-09-07 14:57:54.510,1788793074.511,3202,109,343,4416.51,4416.59,8.0,PASS_<=10c,-14.0,DOWN,-22.0,+251.0,4.2,+0.42,0.10,SLOW,4414.00,4419.48,4412.21,4417.17,0.00,0.00,0.0,BULLISH,727.0,4416.73,4417.15,4416.26,4416.51,54,CLEARED_>=20s,89.0,22.0,42.0,25.0,47.2,28.1,47.2,BLOCKED_47.2%,0.00,0.0,NO,STANDBY_VEL_LOW,0,0.00,4590.00,70.46,FALSE,M1_DIRECTION_MISMATCH
2026-09-07 14:57:55.012,1788793075.012,3203,110,344,4416.51,4416.59,8.0,PASS_<=10c,+0.0,FLAT,-22.0,+251.0,4.2,+0.21,0.05,SLOW,4414.00,4419.48,4412.21,4417.17,0.00,0.00,0.0,BULLISH,727.0,4416.73,4417.15,4416.26,4416.51,55,CLEARED_>=20s,89.0,22.0,42.0,25.0,47.2,28.1,47.2,BLOCKED_47.2%,0.00,0.0,NO,STANDBY_VEL_LOW,0,0.00,4590.00,70.46,FALSE,M1_DIRECTION_MISMATCH
2026-09-07 14:57:55.514,1788793075.514,3204,111,345,4416.50,4416.58,8.0,PASS_<=10c,-1.0,DOWN,-23.0,+250.0,4.2,+1.26,0.30,SLOW,4414.00,4419.48,4412.21,4417.17,0.00,0.00,0.0,BULLISH,727.0,4416.73,4417.15,4416.26,4416.50,55,CLEARED_>=20s,89.0,23.0,42.0,24.0,47.2,27.0,47.2,BLOCKED_47.2%,0.00,0.0,NO,STANDBY_VEL_LOW,0,0.00,4590.00,70.46,FALSE,M1_DIRECTION_MISMATCH
2026-09-07 14:57:56.015,1788793076.015,3205,112,346,4416.51,4416.59,8.0,PASS_<=10c,+1.0,UP,-22.0,+251.0,4.2,+1.05,0.25,SLOW,4414.00,4419.48,4412.21,4417.17,0.00,0.00,0.0,BULLISH,727.0,4416.73,4417.15,4416.26,4416.51,56,CLEARED_>=20s,89.0,22.0,42.0,25.0,47.2,28.1,47.2,BLOCKED_47.2%,0.00,0.0,NO,STANDBY_VEL_LOW,0,0.00,4590.00,70.46,FALSE,M1_DIRECTION_MISMATCH
2026-09-07 14:57:56.517,1788793076.517,3206,113,347,4416.51,4416.59,8.0,PASS_<=10c,+0.0,FLAT,-22.0,+251.0,4.2,+1.05,0.25,SLOW,4414.00,4419.48,4412.21,4417.17,0.00,0.00,0.0,BULLISH,727.0,4416.73,4417.15,4416.26,4416.51,56,CLEARED_>=20s,89.0,22.0,42.0,25.0,47.2,28.1,47.2,BLOCKED_47.2%,0.00,0.0,NO,STANDBY_VEL_LOW,0,0.00,4590.00,70.46,FALSE,M1_DIRECTION_MISMATCH
2026-09-07 14:57:57.019,1788793077.019,3207,114,348,4416.50,4416.58,8.0,PASS_<=10c,-1.0,DOWN,-23.0,+250.0,4.2,+1.05,0.25,SLOW,4414.00,4419.48,4412.21,4417.17,0.00,0.00,0.0,BULLISH,727.0,4416.73,4417.15,4416.26,4416.50,57,CLEARED_>=20s,89.0,23.0,42.0,24.0,47.2,27.0,47.2,BLOCKED_47.2%,0.00,0.0,NO,STANDBY_VEL_LOW,0,0.00,4590.00,70.46,FALSE,M1_DIRECTION_MISMATCH
2026-09-07 14:57:57.520,1788793077.521,3208,115,349,4416.44,4416.52,8.0,PASS_<=10c,-6.0,DOWN,-29.0,+244.0,4.2,+3.57,0.85,SLOW,4414.00,4419.48,4412.21,4417.17,0.00,0.00,0.0,BULLISH,727.0,4416.73,4417.15,4416.26,4416.44,57,CLEARED_>=20s,89.0,29.0,42.0,18.0,47.2,20.2,47.2,BLOCKED_47.2%,0.00,0.0,NO,STANDBY_VEL_LOW,0,0.00,4590.00,70.46,FALSE,M1_DIRECTION_MISMATCH
2026-09-07 14:57:58.023,1788793078.023,3209,116,350,4416.46,4416.54,8.0,PASS_<=10c,+2.0,UP,-27.0,+246.0,4.2,+4.20,1.00,SLOW,4414.00,4419.48,4412.21,4417.17,0.00,0.00,0.0,BULLISH,727.0,4416.73,4417.15,4416.26,4416.46,58,CLEARED_>=20s,89.0,27.0,42.0,20.0,47.2,22.5,47.2,BLOCKED_47.2%,0.00,0.0,NO,STANDBY_VEL_LOW,0,0.00,4590.00,70.46,FALSE,M1_DIRECTION_MISMATCH
2026-09-07 14:57:58.525,1788793078.526,3210,117,351,4416.48,4416.56,8.0,PASS_<=10c,+2.0,UP,-25.0,+248.0,4.2,+5.66,1.35,SLOW,4414.00,4419.48,4412.21,4417.17,0.00,0.00,0.0,BULLISH,727.0,4416.73,4417.15,4416.26,4416.48,58,CLEARED_>=20s,89.0,25.0,42.0,22.0,47.2,24.7,47.2,BLOCKED_47.2%,0.00,0.0,NO,STANDBY_VEL_LOW,0,0.00,4590.00,70.46,FALSE,M1_DIRECTION_MISMATCH
2026-09-07 14:57:59.027,1788793079.028,3211,118,352,4416.48,4416.56,8.0,PASS_<=10c,+0.0,FLAT,-25.0,+248.0,4.2,+2.94,0.70,SLOW,4414.00,4419.48,4412.21,4417.17,0.00,0.00,0.0,BULLISH,727.0,4416.73,4417.15,4416.26,4416.48,59,CLEARED_>=20s,89.0,25.0,42.0,22.0,47.2,24.7,47.2,BLOCKED_47.2%,0.00,0.0,NO,STANDBY_VEL_LOW,0,0.00,4590.00,70.46,FALSE,M1_DIRECTION_MISMATCH
2026-09-07 14:57:59.529,1788793079.530,3212,119,353,4416.49,4416.57,8.0,PASS_<=10c,+1.0,UP,-24.0,+249.0,4.2,+0.42,0.10,SLOW,4414.00,4419.48,4412.21,4417.17,0.00,0.00,0.0,BULLISH,727.0,4416.73,4417.15,4416.26,4416.49,59,CLEARED_>=20s,89.0,24.0,42.0,23.0,47.2,25.8,47.2,BLOCKED_47.2%,0.00,0.0,NO,STANDBY_VEL_LOW,0,0.00,4590.00,70.46,FALSE,M1_DIRECTION_MISMATCH
2026-09-07 14:58:00.031,1788793080.031,3213,1,354,4416.45,4416.53,8.0,PASS_<=10c,-4.0,DOWN,+0.0,+245.0,4.2,+1.05,0.25,SLOW,4414.00,4419.48,4412.21,4417.17,0.00,0.00,0.0,BULLISH,727.0,4416.45,4416.45,4416.45,4416.45,0,ACTIVE_0s,1.0,0.0,0.0,0.0,0.0,0.0,0.0,PASS_<20%,0.00,0.0,NO,STANDBY_VEL_LOW,0,0.00,4590.00,70.46,FALSE,M1_DIRECTION_MISMATCH|OPENING_SHIELD_ACTIVE_0s
2026-09-07 14:58:00.532,1788793080.533,3214,2,355,4416.42,4416.50,8.0,PASS_<=10c,-3.0,DOWN,-3.0,+242.0,4.2,+1.89,0.45,SLOW,4414.00,4419.48,4412.21,4417.17,0.00,0.00,0.0,BULLISH,727.0,4416.45,4416.46,4416.42,4416.42,0,ACTIVE_0s,4.0,3.0,1.0,0.0,25.0,0.0,25.0,BLOCKED_25.0%,0.00,0.0,NO,STANDBY_VEL_LOW,0,0.00,4590.00,70.46,FALSE,M1_DIRECTION_MISMATCH|OPENING_SHIELD_ACTIVE_0s
2026-09-07 14:58:01.033,1788793081.034,3215,3,356,4416.41,4416.49,8.0,PASS_<=10c,-1.0,DOWN,-4.0,+241.0,4.2,+2.10,0.50,SLOW,4414.00,4419.48,4412.21,4417.17,0.00,0.00,0.0,BULLISH,727.0,4416.45,4416.46,4416.41,4416.41,1,ACTIVE_1s,5.0,4.0,1.0,0.0,20.0,0.0,20.0,BLOCKED_20.0%,0.00,0.0,NO,STANDBY_VEL_LOW,0,0.00,4590.00,70.46,FALSE,M1_DIRECTION_MISMATCH|OPENING_SHIELD_ACTIVE_1s
2026-09-07 14:58:01.534,1788793081.535,3216,4,357,4416.33,4416.41,8.0,PASS_<=10c,-8.0,DOWN,-12.0,+233.0,4.2,+3.57,0.85,SLOW,4414.00,4419.48,4412.21,4417.17,0.00,0.00,0.0,BULLISH,727.0,4416.45,4416.46,4416.33,4416.33,1,ACTIVE_1s,13.0,12.0,1.0,0.0,7.7,0.0,7.7,PASS_<20%,0.00,0.0,NO,STANDBY_VEL_LOW,0,0.00,4590.00,70.46,FALSE,M1_DIRECTION_MISMATCH|OPENING_SHIELD_ACTIVE_1s
2026-09-07 14:58:02.037,1788793082.037,3217,5,358,4416.49,4416.57,8.0,PASS_<=10c,+16.0,UP,+4.0,+249.0,4.2,+0.21,0.05,SLOW,4414.00,4419.48,4412.21,4417.17,0.00,0.00,0.0,BULLISH,727.0,4416.45,4416.49,4416.33,4416.49,2,ACTIVE_2s,16.0,4.0,0.0,12.0,0.0,75.0,0.0,PASS_<20%,4416.60,11.0,NO,STANDBY_VEL_LOW,0,0.00,4590.00,70.46,FALSE,OPENING_SHIELD_ACTIVE_2s|PRICE_BELOW_15C_DISPLACEMENT
2026-09-07 14:58:02.539,1788793082.539,3218,6,359,4416.52,4416.60,8.0,PASS_<=10c,+3.0,UP,+7.0,+252.0,4.2,+1.68,0.40,SLOW,4414.00,4419.48,4412.21,4417.17,0.00,0.00,0.0,BULLISH,727.0,4416.45,4416.52,4416.33,4416.52,2,ACTIVE_2s,19.0,7.0,0.0,12.0,0.0,63.2,0.0,PASS_<20%,4416.60,8.0,NO,STANDBY_VEL_LOW,0,0.00,4590.00,70.46,FALSE,OPENING_SHIELD_ACTIVE_2s
2026-09-07 14:58:03.041,1788793083.041,3219,7,360,4416.52,4416.60,8.0,PASS_<=10c,+0.0,FLAT,+7.0,+252.0,4.2,+1.26,0.30,SLOW,4414.00,4419.48,4412.21,4417.17,0.00,0.00,0.0,BULLISH,727.0,4416.45,4416.52,4416.33,4416.52,3,ACTIVE_3s,19.0,7.0,0.0,12.0,0.0,63.2,0.0,PASS_<20%,4416.60,8.0,NO,STANDBY_VEL_LOW,0,0.00,4590.00,70.46,FALSE,OPENING_SHIELD_ACTIVE_3s
2026-09-07 14:58:03.543,1788793083.543,3220,8,361,4416.58,4416.66,8.0,PASS_<=10c,+6.0,UP,+13.0,+258.0,4.2,+2.10,0.50,SLOW,4414.00,4419.48,4412.21,4417.17,0.00,0.00,0.0,BULLISH,727.0,4416.45,4416.58,4416.33,4416.58,3,ACTIVE_3s,25.0,13.0,0.0,12.0,0.0,48.0,0.0,PASS_<20%,4416.60,2.0,NO,STANDBY_VEL_LOW,0,0.00,4590.00,70.46,FALSE,OPENING_SHIELD_ACTIVE_3s
2026-09-07 14:58:04.045,1788793084.046,3221,9,362,4416.72,4416.80,8.0,PASS_<=10c,+14.0,UP,+27.0,+272.0,4.2,+5.03,1.20,SLOW,4414.00,4419.48,4412.21,4417.17,0.00,0.00,0.0,BULLISH,727.0,4416.45,4416.72,4416.33,4416.72,4,ACTIVE_4s,39.0,27.0,0.0,12.0,0.0,30.8,0.0,PASS_<20%,4416.60,12.0,NO,STANDBY_VEL_LOW,0,0.00,4590.00,70.46,FALSE,OPENING_SHIELD_ACTIVE_4s
2026-09-07 14:58:04.548,1788793084.548,3222,10,363,4416.77,4416.85,8.0,PASS_<=10c,+5.0,UP,+32.0,+277.0,4.2,+6.71,1.60,SLOW,4414.00,4419.48,4412.21,4417.17,0.00,0.00,0.0,BULLISH,727.0,4416.45,4416.77,4416.33,4416.77,4,ACTIVE_4s,44.0,32.0,0.0,12.0,0.0,27.3,0.0,PASS_<20%,4416.60,17.0,NO,STANDBY_VEL_LOW,0,0.00,4590.00,70.46,FALSE,OPENING_SHIELD_ACTIVE_4s
2026-09-07 14:58:05.051,1788793085.051,3223,11,364,4416.77,4416.85,8.0,PASS_<=10c,+0.0,FLAT,+32.0,+277.0,4.2,+6.50,1.55,SLOW,4414.00,4419.48,4412.21,4417.17,0.00,0.00,0.0,BULLISH,727.0,4416.45,4416.77,4416.33,4416.77,5,ACTIVE_5s,44.0,32.0,0.0,12.0,0.0,27.3,0.0,PASS_<20%,4416.60,17.0,NO,STANDBY_VEL_LOW,0,0.00,4590.00,70.46,FALSE,OPENING_SHIELD_ACTIVE_5s
2026-09-07 14:58:05.553,1788793085.553,3224,12,365,4416.77,4416.85,8.0,PASS_<=10c,+0.0,FLAT,+32.0,+277.0,4.2,+7.34,1.75,SLOW,4414.00,4419.48,4412.21,4417.17,0.00,0.00,0.0,BULLISH,727.0,4416.45,4416.77,4416.33,4416.77,5,ACTIVE_5s,44.0,32.0,0.0,12.0,0.0,27.3,0.0,PASS_<20%,4416.60,17.0,NO,STANDBY_VEL_LOW,0,0.00,4590.00,70.46,FALSE,OPENING_SHIELD_ACTIVE_5s
2026-09-07 14:58:06.054,1788793086.055,3225,13,366,4416.85,4416.93,8.0,PASS_<=10c,+8.0,UP,+40.0,+285.0,4.2,+10.48,2.50,SLOW,4414.00,4419.48,4412.21,4417.17,0.00,0.00,0.0,BULLISH,727.0,4416.45,4416.85,4416.33,4416.85,6,ACTIVE_6s,52.0,40.0,0.0,12.0,0.0,23.1,0.0,PASS_<20%,4416.60,25.0,NO,STANDBY_VEL_LOW,0,0.00,4590.00,70.46,FALSE,OPENING_SHIELD_ACTIVE_6s
2026-09-07 14:58:06.555,1788793086.556,3226,14,367,4416.80,4416.88,8.0,PASS_<=10c,-5.0,DOWN,+35.0,+280.0,4.2,+8.18,1.95,SLOW,4414.00,4419.48,4412.21,4417.17,0.00,0.00,0.0,BULLISH,727.0,4416.45,4416.85,4416.33,4416.80,6,ACTIVE_6s,52.0,35.0,5.0,12.0,9.6,23.1,9.6,PASS_<20%,4416.60,20.0,NO,STANDBY_VEL_LOW,0,0.00,4590.00,70.46,FALSE,OPENING_SHIELD_ACTIVE_6s
2026-09-07 14:58:07.057,1788793087.058,3227,15,368,4416.63,4416.71,8.0,PASS_<=10c,-17.0,DOWN,+18.0,+263.0,4.2,+3.15,0.75,SLOW,4414.00,4419.48,4412.21,4417.17,0.00,0.00,0.0,BULLISH,727.0,4416.45,4416.85,4416.33,4416.63,7,ACTIVE_7s,52.0,18.0,22.0,12.0,42.3,23.1,42.3,BLOCKED_42.3%,4416.60,3.0,NO,STANDBY_VEL_LOW,0,0.00,4590.00,70.46,FALSE,OPP_WICK_TOO_HIGH_0.42|OPENING_SHIELD_ACTIVE_7s
2026-09-07 14:58:07.559,1788793087.559,3228,16,369,4416.64,4416.72,8.0,PASS_<=10c,+1.0,UP,+19.0,+264.0,4.2,+2.73,0.65,SLOW,4414.00,4419.48,4412.21,4417.17,0.00,0.00,0.0,BULLISH,727.0,4416.45,4416.85,4416.33,4416.64,7,ACTIVE_7s,52.0,19.0,21.0,12.0,40.4,23.1,40.4,BLOCKED_40.4%,4416.60,4.0,NO,STANDBY_VEL_LOW,0,0.00,4590.00,70.46,FALSE,OPP_WICK_TOO_HIGH_0.40|OPENING_SHIELD_ACTIVE_7s
2026-09-07 14:58:08.060,1788793088.060,3229,17,370,4416.75,4416.83,8.0,PASS_<=10c,+11.0,UP,+30.0,+275.0,4.2,+4.82,1.15,SLOW,4414.00,4419.48,4412.21,4417.17,0.00,0.00,0.0,BULLISH,727.0,4416.45,4416.85,4416.33,4416.75,8,ACTIVE_8s,52.0,30.0,10.0,12.0,19.2,23.1,19.2,PASS_<20%,4416.60,15.0,NO,STANDBY_VEL_LOW,0,0.00,4590.00,70.46,FALSE,OPENING_SHIELD_ACTIVE_8s
2026-09-07 14:58:08.561,1788793088.561,3230,18,371,4416.76,4416.84,8.0,PASS_<=10c,+1.0,UP,+31.0,+276.0,4.2,+2.10,0.50,SLOW,4414.00,4419.48,4412.21,4417.17,0.00,0.00,0.0,BULLISH,727.0,4416.45,4416.85,4416.33,4416.76,8,ACTIVE_8s,52.0,31.0,9.0,12.0,17.3,23.1,17.3,PASS_<20%,4416.60,16.0,NO,STANDBY_VEL_LOW,0,0.00,4590.00,70.46,FALSE,OPENING_SHIELD_ACTIVE_8s
2026-09-07 14:58:09.063,1788793089.063,3231,19,372,4416.78,4416.86,8.0,PASS_<=10c,+2.0,UP,+33.0,+278.0,4.2,+1.26,0.30,SLOW,4414.00,4419.48,4412.21,4417.17,0.00,0.00,0.0,BULLISH,727.0,4416.45,4416.85,4416.33,4416.78,9,ACTIVE_9s,52.0,33.0,7.0,12.0,13.5,23.1,13.5,PASS_<20%,4416.60,18.0,NO,STANDBY_VEL_LOW,0,0.00,4590.00,70.46,FALSE,OPENING_SHIELD_ACTIVE_9s
2026-09-07 14:58:09.564,1788793089.565,3232,20,373,4416.71,4416.79,8.0,PASS_<=10c,-7.0,DOWN,+26.0,+271.0,4.2,+1.26,0.30,SLOW,4414.00,4419.48,4412.21,4417.17,0.00,0.00,0.0,BULLISH,727.0,4416.45,4416.85,4416.33,4416.71,9,ACTIVE_9s,52.0,26.0,14.0,12.0,26.9,23.1,26.9,BLOCKED_26.9%,4416.60,11.0,NO,STANDBY_VEL_LOW,0,0.00,4590.00,70.46,FALSE,OPP_WICK_TOO_HIGH_0.27|OPENING_SHIELD_ACTIVE_9s
2026-09-07 14:58:10.065,1788793090.066,3233,21,374,4416.62,4416.70,8.0,PASS_<=10c,-9.0,DOWN,+17.0,+262.0,4.2,+3.15,0.75,SLOW,4414.00,4419.48,4412.21,4417.17,0.00,0.00,0.0,BULLISH,727.0,4416.45,4416.85,4416.33,4416.62,10,ACTIVE_10s,52.0,17.0,23.0,12.0,44.2,23.1,44.2,BLOCKED_44.2%,4416.60,2.0,NO,STANDBY_VEL_LOW,0,0.00,4590.00,70.46,FALSE,OPP_WICK_TOO_HIGH_0.44|OPENING_SHIELD_ACTIVE_10s
2026-09-07 14:58:10.567,1788793090.567,3234,22,375,4416.57,4416.65,8.0,PASS_<=10c,-5.0,DOWN,+12.0,+257.0,4.2,+5.88,1.40,SLOW,4414.00,4419.48,4412.21,4417.17,0.00,0.00,0.0,BULLISH,727.0,4416.45,4416.85,4416.33,4416.57,10,ACTIVE_10s,52.0,12.0,28.0,12.0,53.8,23.1,53.8,BLOCKED_53.8%,4416.60,3.0,NO,STANDBY_VEL_LOW,0,0.00,4590.00,70.46,FALSE,OPP_WICK_TOO_HIGH_0.54|OPENING_SHIELD_ACTIVE_10s
2026-09-07 14:58:11.068,1788793091.068,3235,23,376,4416.57,4416.65,8.0,PASS_<=10c,+0.0,FLAT,+12.0,+257.0,4.2,+5.88,1.40,SLOW,4414.00,4419.48,4412.21,4417.17,0.00,0.00,0.0,BULLISH,727.0,4416.45,4416.85,4416.33,4416.57,11,ACTIVE_11s,52.0,12.0,28.0,12.0,53.8,23.1,53.8,BLOCKED_53.8%,4416.60,3.0,NO,STANDBY_VEL_LOW,0,0.00,4590.00,70.46,FALSE,OPP_WICK_TOO_HIGH_0.54|OPENING_SHIELD_ACTIVE_11s
2026-09-07 14:58:11.570,1788793091.570,3236,24,377,4416.53,4416.61,8.0,PASS_<=10c,-4.0,DOWN,+8.0,+253.0,4.2,+2.31,0.55,SLOW,4414.00,4419.48,4412.21,4417.17,0.00,0.00,0.0,BULLISH,727.0,4416.45,4416.85,4416.33,4416.53,11,ACTIVE_11s,52.0,8.0,32.0,12.0,61.5,23.1,61.5,BLOCKED_61.5%,4416.60,7.0,NO,STANDBY_VEL_LOW,0,0.00,4590.00,70.46,FALSE,OPP_WICK_TOO_HIGH_0.62|OPENING_SHIELD_ACTIVE_11s
2026-09-07 14:58:12.072,1788793092.073,3237,25,378,4416.43,4416.51,8.0,PASS_<=10c,-10.0,DOWN,-2.0,+243.0,4.2,+4.41,1.05,SLOW,4414.00,4419.48,4412.21,4417.17,0.00,0.00,0.0,BULLISH,727.0,4416.45,4416.85,4416.33,4416.43,12,ACTIVE_12s,52.0,2.0,40.0,10.0,76.9,19.2,76.9,BLOCKED_76.9%,0.00,0.0,NO,STANDBY_VEL_LOW,0,0.00,4590.00,70.46,FALSE,M1_DIRECTION_MISMATCH|OPENING_SHIELD_ACTIVE_12s
2026-09-07 14:58:12.574,1788793092.575,3238,26,379,4416.31,4416.39,8.0,PASS_<=10c,-12.0,DOWN,-14.0,+231.0,4.2,+8.61,2.05,SLOW,4414.00,4419.48,4412.21,4417.17,0.00,0.00,0.0,BULLISH,727.0,4416.45,4416.85,4416.31,4416.31,12,ACTIVE_12s,54.0,14.0,40.0,0.0,74.1,0.0,74.1,BLOCKED_74.1%,0.00,0.0,NO,STANDBY_VEL_LOW,0,0.00,4590.00,70.46,FALSE,M1_DIRECTION_MISMATCH|OPENING_SHIELD_ACTIVE_12s
2026-09-07 14:58:13.075,1788793093.076,3239,27,380,4416.26,4416.34,8.0,PASS_<=10c,-5.0,DOWN,-19.0,+226.0,4.2,+10.28,2.45,SLOW,4414.00,4419.48,4412.21,4417.17,0.00,0.00,0.0,BULLISH,727.0,4416.45,4416.85,4416.26,4416.26,13,ACTIVE_13s,59.0,19.0,40.0,0.0,67.8,0.0,67.8,BLOCKED_67.8%,0.00,0.0,NO,STANDBY_VEL_LOW,0,0.00,4590.00,70.46,FALSE,M1_DIRECTION_MISMATCH|OPENING_SHIELD_ACTIVE_13s
2026-09-07 14:58:13.578,1788793093.578,3240,28,381,4416.35,4416.43,8.0,PASS_<=10c,+9.0,UP,-10.0,+235.0,4.2,+8.60,2.05,SLOW,4414.00,4419.48,4412.21,4417.17,0.00,0.00,0.0,BULLISH,727.0,4416.45,4416.85,4416.26,4416.35,13,ACTIVE_13s,59.0,10.0,40.0,9.0,67.8,15.3,67.8,BLOCKED_67.8%,0.00,0.0,NO,STANDBY_VEL_LOW,0,0.00,4590.00,70.46,FALSE,M1_DIRECTION_MISMATCH|OPENING_SHIELD_ACTIVE_13s
2026-09-07 14:58:14.079,1788793094.080,3241,29,382,4416.28,4416.36,8.0,PASS_<=10c,-7.0,DOWN,-17.0,+228.0,4.2,+10.49,2.50,SLOW,4414.00,4419.48,4412.21,4417.17,0.00,0.00,0.0,BULLISH,727.0,4416.45,4416.85,4416.26,4416.28,14,ACTIVE_14s,59.0,17.0,40.0,2.0,67.8,3.4,67.8,BLOCKED_67.8%,0.00,0.0,NO,STANDBY_VEL_LOW,0,0.00,4590.00,70.46,FALSE,M1_DIRECTION_MISMATCH|OPENING_SHIELD_ACTIVE_14s
2026-09-07 14:58:14.581,1788793094.581,3242,30,383,4416.16,4416.24,8.0,PASS_<=10c,-12.0,DOWN,-29.0,+216.0,4.2,+9.65,2.30,SLOW,4414.00,4419.48,4412.21,4417.17,0.00,0.00,0.0,BULLISH,727.0,4416.45,4416.85,4416.16,4416.16,14,ACTIVE_14s,69.0,29.0,40.0,0.0,58.0,0.0,58.0,BLOCKED_58.0%,0.00,0.0,NO,STANDBY_VEL_LOW,0,0.00,4590.00,70.46,FALSE,M1_DIRECTION_MISMATCH|OPENING_SHIELD_ACTIVE_14s
2026-09-07 14:58:15.082,1788793095.082,3243,31,384,4416.27,4416.35,8.0,PASS_<=10c,+11.0,UP,-18.0,+227.0,4.2,+7.34,1.75,SLOW,4414.00,4419.48,4412.21,4417.17,0.00,0.00,0.0,BULLISH,727.0,4416.45,4416.85,4416.10,4416.27,15,ACTIVE_15s,75.0,18.0,40.0,17.0,53.3,22.7,53.3,BLOCKED_53.3%,0.00,0.0,NO,STANDBY_VEL_LOW,0,0.00,4590.00,70.46,FALSE,M1_DIRECTION_MISMATCH|OPENING_SHIELD_ACTIVE_15s
2026-09-07 14:58:15.584,1788793095.584,3244,32,385,4416.29,4416.37,8.0,PASS_<=10c,+2.0,UP,-16.0,+229.0,4.2,+5.87,1.40,SLOW,4414.00,4419.48,4412.21,4417.17,0.00,0.00,0.0,BULLISH,727.0,4416.45,4416.85,4416.10,4416.29,15,ACTIVE_15s,75.0,16.0,40.0,19.0,53.3,25.3,53.3,BLOCKED_53.3%,0.00,0.0,NO,STANDBY_VEL_LOW,0,0.00,4590.00,70.46,FALSE,M1_DIRECTION_MISMATCH|OPENING_SHIELD_ACTIVE_15s
2026-09-07 14:58:16.085,1788793096.086,3245,33,386,4416.32,4416.40,8.0,PASS_<=10c,+3.0,UP,-13.0,+232.0,4.2,+5.25,1.25,SLOW,4414.00,4419.48,4412.21,4417.17,0.00,0.00,0.0,BULLISH,727.0,4416.45,4416.85,4416.10,4416.32,16,ACTIVE_16s,75.0,13.0,40.0,22.0,53.3,29.3,53.3,BLOCKED_53.3%,0.00,0.0,NO,STANDBY_VEL_LOW,0,0.00,4590.00,70.46,FALSE,M1_DIRECTION_MISMATCH|OPENING_SHIELD_ACTIVE_16s
2026-09-07 14:58:16.587,1788793096.588,3246,34,387,4416.29,4416.37,8.0,PASS_<=10c,-3.0,DOWN,-16.0,+229.0,4.2,+5.04,1.20,SLOW,4414.00,4419.48,4412.21,4417.17,0.00,0.00,0.0,BULLISH,727.0,4416.45,4416.85,4416.10,4416.29,16,ACTIVE_16s,75.0,16.0,40.0,19.0,53.3,25.3,53.3,BLOCKED_53.3%,0.00,0.0,NO,STANDBY_VEL_LOW,0,0.00,4590.00,70.46,FALSE,M1_DIRECTION_MISMATCH|OPENING_SHIELD_ACTIVE_16s
2026-09-07 14:58:17.089,1788793097.089,3247,35,388,4416.29,4416.37,8.0,PASS_<=10c,+0.0,FLAT,-16.0,+229.0,4.2,+1.05,0.25,SLOW,4414.00,4419.48,4412.21,4417.17,0.00,0.00,0.0,BULLISH,727.0,4416.45,4416.85,4416.10,4416.29,17,ACTIVE_17s,75.0,16.0,40.0,19.0,53.3,25.3,53.3,BLOCKED_53.3%,0.00,0.0,NO,STANDBY_VEL_LOW,0,0.00,4590.00,70.46,FALSE,M1_DIRECTION_MISMATCH|OPENING_SHIELD_ACTIVE_17s
2026-09-07 14:58:17.590,1788793097.590,3248,36,389,4416.29,4416.37,8.0,PASS_<=10c,+0.0,FLAT,-16.0,+229.0,4.2,+0.21,0.05,SLOW,4414.00,4419.48,4412.21,4417.17,0.00,0.00,0.0,BULLISH,727.0,4416.45,4416.85,4416.10,4416.29,17,ACTIVE_17s,75.0,16.0,40.0,19.0,53.3,25.3,53.3,BLOCKED_53.3%,0.00,0.0,NO,STANDBY_VEL_LOW,0,0.00,4590.00,70.46,FALSE,M1_DIRECTION_MISMATCH|OPENING_SHIELD_ACTIVE_17s
2026-09-07 14:58:18.091,1788793098.091,3249,37,390,4416.25,4416.33,8.0,PASS_<=10c,-4.0,DOWN,-20.0,+225.0,4.2,+0.21,0.05,SLOW,4414.00,4419.48,4412.21,4417.17,0.00,0.00,0.0,BULLISH,727.0,4416.45,4416.85,4416.10,4416.25,18,ACTIVE_18s,75.0,20.0,40.0,15.0,53.3,20.0,53.3,BLOCKED_53.3%,0.00,0.0,NO,STANDBY_VEL_LOW,0,0.00,4590.00,70.46,FALSE,M1_DIRECTION_MISMATCH|OPENING_SHIELD_ACTIVE_18s
2026-09-07 14:58:18.593,1788793098.593,3250,38,391,4416.15,4416.23,8.0,PASS_<=10c,-10.0,DOWN,-30.0,+215.0,4.2,+3.57,0.85,SLOW,4414.00,4419.48,4412.21,4417.17,0.00,0.00,0.0,BULLISH,727.0,4416.45,4416.85,4416.10,4416.15,18,ACTIVE_18s,75.0,30.0,40.0,5.0,53.3,6.7,53.3,BLOCKED_53.3%,0.00,0.0,NO,STANDBY_VEL_LOW,0,0.00,4590.00,70.46,FALSE,M1_DIRECTION_MISMATCH|OPENING_SHIELD_ACTIVE_18s
2026-09-07 14:58:19.095,1788793099.095,3251,39,392,4416.04,4416.12,8.0,PASS_<=10c,-11.0,DOWN,-41.0,+204.0,4.2,+5.04,1.20,SLOW,4414.00,4419.48,4412.21,4417.17,0.00,0.00,0.0,BULLISH,727.0,4416.45,4416.85,4416.04,4416.04,19,ACTIVE_19s,81.0,41.0,40.0,0.0,49.4,0.0,49.4,BLOCKED_49.4%,0.00,0.0,NO,STANDBY_VEL_LOW,0,0.00,4590.00,70.46,FALSE,M1_DIRECTION_MISMATCH|OPENING_SHIELD_ACTIVE_19s
2026-09-07 14:58:19.597,1788793099.597,3252,40,393,4415.89,4415.97,8.0,PASS_<=10c,-15.0,DOWN,-56.0,+189.0,4.2,+4.41,1.05,SLOW,4414.00,4419.48,4412.21,4417.17,0.00,0.00,0.0,BULLISH,727.0,4416.45,4416.85,4415.89,4415.89,19,ACTIVE_19s,96.0,56.0,40.0,0.0,41.7,0.0,41.7,BLOCKED_41.7%,0.00,0.0,NO,STANDBY_VEL_LOW,0,0.00,4590.00,70.46,FALSE,M1_DIRECTION_MISMATCH|OPENING_SHIELD_ACTIVE_19s
2026-09-07 14:58:20.098,1788793100.099,3253,41,394,4415.87,4415.95,8.0,PASS_<=10c,-2.0,DOWN,-58.0,+187.0,4.2,+8.81,2.10,SLOW,4414.00,4419.48,4412.21,4417.17,0.00,0.00,0.0,BULLISH,727.0,4416.45,4416.85,4415.87,4415.87,20,CLEARED_>=20s,98.0,58.0,40.0,0.0,40.8,0.0,40.8,BLOCKED_40.8%,0.00,0.0,NO,STANDBY_VEL_LOW,0,0.00,4590.00,70.46,FALSE,M1_DIRECTION_MISMATCH
2026-09-07 14:58:20.599,1788793100.600,3254,42,395,4415.84,4415.92,8.0,PASS_<=10c,-3.0,DOWN,-61.0,+184.0,4.2,+9.44,2.25,SLOW,4414.00,4419.48,4412.21,4417.17,0.00,0.00,0.0,BULLISH,727.0,4416.45,4416.85,4415.84,4415.84,20,CLEARED_>=20s,101.0,61.0,40.0,0.0,39.6,0.0,39.6,BLOCKED_39.6%,0.00,0.0,NO,STANDBY_VEL_LOW,0,0.00,4590.00,70.46,FALSE,M1_DIRECTION_MISMATCH
2026-09-07 14:58:21.102,1788793101.102,3255,43,396,4415.83,4415.91,8.0,PASS_<=10c,-1.0,DOWN,-62.0,+183.0,4.2,+9.86,2.35,SLOW,4414.00,4419.48,4412.21,4417.17,0.00,0.00,0.0,BULLISH,727.0,4416.45,4416.85,4415.83,4415.83,21,CLEARED_>=20s,102.0,62.0,40.0,0.0,39.2,0.0,39.2,BLOCKED_39.2%,0.00,0.0,NO,STANDBY_VEL_LOW,0,0.00,4590.00,70.46,FALSE,M1_DIRECTION_MISMATCH
2026-09-07 14:58:21.603,1788793101.604,3256,44,397,4416.08,4416.16,8.0,PASS_<=10c,+25.0,UP,-37.0,+208.0,4.2,+4.41,1.05,SLOW,4414.00,4419.48,4412.21,4417.17,0.00,0.00,0.0,BULLISH,727.0,4416.45,4416.85,4415.83,4416.08,21,CLEARED_>=20s,102.0,37.0,40.0,25.0,39.2,24.5,39.2,BLOCKED_39.2%,0.00,0.0,NO,STANDBY_VEL_LOW,0,0.00,4590.00,70.46,FALSE,M1_DIRECTION_MISMATCH
2026-09-07 14:58:22.105,1788793102.105,3257,45,398,4416.09,4416.17,8.0,PASS_<=10c,+1.0,UP,-36.0,+209.0,4.2,+4.20,1.00,SLOW,4414.00,4419.48,4412.21,4417.17,0.00,0.00,0.0,BULLISH,727.0,4416.45,4416.85,4415.83,4416.09,22,CLEARED_>=20s,102.0,36.0,40.0,26.0,39.2,25.5,39.2,BLOCKED_39.2%,0.00,0.0,NO,STANDBY_VEL_LOW,0,0.00,4590.00,70.46,FALSE,M1_DIRECTION_MISMATCH
2026-09-07 14:58:22.606,1788793102.607,3258,46,399,4416.10,4416.18,8.0,PASS_<=10c,+1.0,UP,-35.0,+210.0,4.2,+3.99,0.95,SLOW,4414.00,4419.48,4412.21,4417.17,0.00,0.00,0.0,BULLISH,727.0,4416.45,4416.85,4415.83,4416.10,22,CLEARED_>=20s,102.0,35.0,40.0,27.0,39.2,26.5,39.2,BLOCKED_39.2%,0.00,0.0,NO,STANDBY_VEL_LOW,0,0.00,4590.00,70.46,FALSE,M1_DIRECTION_MISMATCH
2026-09-07 14:58:23.108,1788793103.108,3259,47,400,4416.10,4416.18,8.0,PASS_<=10c,+0.0,FLAT,-35.0,+210.0,4.2,+3.57,0.85,SLOW,4414.00,4419.48,4412.21,4417.17,0.00,0.00,0.0,BULLISH,727.0,4416.45,4416.85,4415.83,4416.10,23,CLEARED_>=20s,102.0,35.0,40.0,27.0,39.2,26.5,39.2,BLOCKED_39.2%,0.00,0.0,NO,STANDBY_VEL_LOW,0,0.00,4590.00,70.46,FALSE,M1_DIRECTION_MISMATCH
2026-09-07 14:58:23.609,1788793103.610,3260,48,401,4415.81,4415.89,8.0,PASS_<=10c,-29.0,DOWN,-64.0,+181.0,4.2,+6.71,1.60,SLOW,4414.00,4419.48,4412.21,4417.17,0.00,0.00,0.0,BULLISH,727.0,4416.45,4416.85,4415.81,4415.81,23,CLEARED_>=20s,104.0,64.0,40.0,0.0,38.5,0.0,38.5,BLOCKED_38.5%,0.00,0.0,NO,STANDBY_VEL_LOW,0,0.00,4590.00,70.46,FALSE,M1_DIRECTION_MISMATCH
2026-09-07 14:58:24.110,1788793104.111,3261,49,402,4415.94,4416.02,8.0,PASS_<=10c,+13.0,UP,-51.0,+194.0,4.2,+2.10,0.50,SLOW,4414.00,4419.48,4412.21,4417.17,0.00,0.00,0.0,BULLISH,727.0,4416.45,4416.85,4415.81,4415.94,24,CLEARED_>=20s,104.0,51.0,40.0,13.0,38.5,12.5,38.5,BLOCKED_38.5%,0.00,0.0,NO,STANDBY_VEL_LOW,0,0.00,4590.00,70.46,FALSE,M1_DIRECTION_MISMATCH
2026-09-07 14:58:24.611,1788793104.612,3262,50,403,4415.97,4416.05,8.0,PASS_<=10c,+3.0,UP,-48.0,+197.0,4.2,+1.89,0.45,SLOW,4414.00,4419.48,4412.21,4417.17,0.00,0.00,0.0,BULLISH,727.0,4416.45,4416.85,4415.81,4415.97,24,CLEARED_>=20s,104.0,48.0,40.0,16.0,38.5,15.4,38.5,BLOCKED_38.5%,0.00,0.0,NO,STANDBY_VEL_LOW,0,0.00,4590.00,70.46,FALSE,M1_DIRECTION_MISMATCH
2026-09-07 14:58:25.113,1788793105.113,3263,51,404,4415.82,4415.90,8.0,PASS_<=10c,-15.0,DOWN,-63.0,+182.0,4.2,+0.63,0.15,SLOW,4414.00,4419.48,4412.21,4417.17,0.00,0.00,0.0,BULLISH,727.0,4416.45,4416.85,4415.81,4415.82,25,CLEARED_>=20s,104.0,63.0,40.0,1.0,38.5,1.0,38.5,BLOCKED_38.5%,0.00,0.0,NO,STANDBY_VEL_LOW,0,0.00,4590.00,70.46,FALSE,M1_DIRECTION_MISMATCH
2026-09-07 14:58:25.614,1788793105.615,3264,52,405,4415.77,4415.85,8.0,PASS_<=10c,-5.0,DOWN,-68.0,+177.0,4.2,+1.47,0.35,SLOW,4414.00,4419.48,4412.21,4417.17,0.00,0.00,0.0,BULLISH,727.0,4416.45,4416.85,4415.77,4415.77,25,CLEARED_>=20s,108.0,68.0,40.0,0.0,37.0,0.0,37.0,BLOCKED_37.0%,0.00,0.0,NO,STANDBY_VEL_LOW,0,0.00,4590.00,70.46,FALSE,M1_DIRECTION_MISMATCH
2026-09-07 14:58:26.116,1788793106.117,3265,53,406,4415.71,4415.79,8.0,PASS_<=10c,-6.0,DOWN,-74.0,+171.0,4.2,+2.52,0.60,SLOW,4414.00,4419.48,4412.21,4417.17,0.00,0.00,0.0,BULLISH,727.0,4416.45,4416.85,4415.71,4415.71,26,CLEARED_>=20s,114.0,74.0,40.0,0.0,35.1,0.0,35.1,BLOCKED_35.1%,0.00,0.0,NO,STANDBY_VEL_LOW,0,0.00,4590.00,70.46,FALSE,M1_DIRECTION_MISMATCH
2026-09-07 14:58:26.618,1788793106.619,3266,54,407,4415.78,4415.86,8.0,PASS_<=10c,+7.0,UP,-67.0,+178.0,4.2,+6.51,1.55,SLOW,4414.00,4419.48,4412.21,4417.17,0.00,0.00,0.0,BULLISH,727.0,4416.45,4416.85,4415.71,4415.78,26,CLEARED_>=20s,114.0,67.0,40.0,7.0,35.1,6.1,35.1,BLOCKED_35.1%,0.00,0.0,NO,STANDBY_VEL_LOW,0,0.00,4590.00,70.46,FALSE,M1_DIRECTION_MISMATCH
2026-09-07 14:58:27.120,1788793107.120,3267,55,408,4415.78,4415.86,8.0,PASS_<=10c,+0.0,FLAT,-67.0,+178.0,4.2,+6.72,1.60,SLOW,4414.00,4419.48,4412.21,4417.17,0.00,0.00,0.0,BULLISH,727.0,4416.45,4416.85,4415.71,4415.78,27,CLEARED_>=20s,114.0,67.0,40.0,7.0,35.1,6.1,35.1,BLOCKED_35.1%,0.00,0.0,NO,STANDBY_VEL_LOW,0,0.00,4590.00,70.46,FALSE,M1_DIRECTION_MISMATCH
2026-09-07 14:58:27.621,1788793107.622,3268,56,409,4415.76,4415.84,8.0,PASS_<=10c,-2.0,DOWN,-69.0,+176.0,4.2,+7.14,1.70,SLOW,4414.00,4419.48,4412.21,4417.17,0.00,0.00,0.0,BULLISH,727.0,4416.45,4416.85,4415.71,4415.76,27,CLEARED_>=20s,114.0,69.0,40.0,5.0,35.1,4.4,35.1,BLOCKED_35.1%,0.00,0.0,NO,STANDBY_VEL_LOW,0,0.00,4590.00,70.46,FALSE,M1_DIRECTION_MISMATCH
2026-09-07 14:58:28.123,1788793108.124,3269,57,410,4415.68,4415.76,8.0,PASS_<=10c,-8.0,DOWN,-77.0,+168.0,4.2,+4.83,1.15,SLOW,4414.00,4419.48,4412.21,4417.17,0.00,0.00,0.0,BULLISH,727.0,4416.45,4416.85,4415.68,4415.68,28,CLEARED_>=20s,117.0,77.0,40.0,0.0,34.2,0.0,34.2,BLOCKED_34.2%,0.00,0.0,NO,STANDBY_VEL_LOW,0,0.00,4590.00,70.46,FALSE,M1_DIRECTION_MISMATCH
2026-09-07 14:58:28.627,1788793108.627,3270,58,411,4415.82,4415.90,8.0,PASS_<=10c,+14.0,UP,-63.0,+182.0,4.2,+0.21,0.05,SLOW,4414.00,4419.48,4412.21,4417.17,0.00,0.00,0.0,BULLISH,727.0,4416.45,4416.85,4415.65,4415.82,28,CLEARED_>=20s,120.0,63.0,40.0,17.0,33.3,14.2,33.3,BLOCKED_33.3%,0.00,0.0,NO,STANDBY_VEL_LOW,0,0.00,4590.00,70.46,FALSE,M1_DIRECTION_MISMATCH
2026-09-07 14:58:29.128,1788793109.129,3271,59,412,4415.75,4415.83,8.0,PASS_<=10c,-7.0,DOWN,-70.0,+175.0,4.2,+4.62,1.10,SLOW,4414.00,4419.48,4412.21,4417.17,0.00,0.00,0.0,BULLISH,727.0,4416.45,4416.85,4415.65,4415.75,29,CLEARED_>=20s,120.0,70.0,40.0,10.0,33.3,8.3,33.3,BLOCKED_33.3%,0.00,0.0,NO,STANDBY_VEL_LOW,0,0.00,4590.00,70.46,FALSE,M1_DIRECTION_MISMATCH
2026-09-07 14:58:29.630,1788793109.631,3272,60,413,4415.68,4415.76,8.0,PASS_<=10c,-7.0,DOWN,-77.0,+168.0,4.2,+5.03,1.20,SLOW,4414.00,4419.48,4412.21,4417.17,0.00,0.00,0.0,BULLISH,727.0,4416.45,4416.85,4415.65,4415.68,29,CLEARED_>=20s,120.0,77.0,40.0,3.0,33.3,2.5,33.3,BLOCKED_33.3%,0.00,0.0,NO,STANDBY_VEL_LOW,0,0.00,4590.00,70.46,FALSE,M1_DIRECTION_MISMATCH
2026-09-07 14:58:30.131,1788793110.132,3273,61,414,4415.65,4415.73,8.0,PASS_<=10c,-3.0,DOWN,-80.0,+165.0,4.2,+3.36,0.80,SLOW,4414.00,4419.48,4412.21,4417.17,0.00,0.00,0.0,BULLISH,727.0,4416.45,4416.85,4415.65,4415.65,30,CLEARED_>=20s,120.0,80.0,40.0,0.0,33.3,0.0,33.3,BLOCKED_33.3%,0.00,0.0,NO,STANDBY_VEL_LOW,0,0.00,4590.00,70.46,FALSE,M1_DIRECTION_MISMATCH
2026-09-07 14:58:30.633,1788793110.634,3274,62,415,4415.75,4415.83,8.0,PASS_<=10c,+10.0,UP,-70.0,+175.0,4.2,+0.84,0.20,SLOW,4414.00,4419.48,4412.21,4417.17,0.00,0.00,0.0,BULLISH,727.0,4416.45,4416.85,4415.65,4415.75,30,CLEARED_>=20s,120.0,70.0,40.0,10.0,33.3,8.3,33.3,BLOCKED_33.3%,0.00,0.0,NO,STANDBY_VEL_LOW,0,0.00,4590.00,70.46,FALSE,M1_DIRECTION_MISMATCH
2026-09-07 14:58:31.135,1788793111.135,3275,63,416,4415.78,4415.86,8.0,PASS_<=10c,+3.0,UP,-67.0,+178.0,4.2,+1.47,0.35,SLOW,4414.00,4419.48,4412.21,4417.17,0.00,0.00,0.0,BULLISH,727.0,4416.45,4416.85,4415.65,4415.78,31,CLEARED_>=20s,120.0,67.0,40.0,13.0,33.3,10.8,33.3,BLOCKED_33.3%,0.00,0.0,NO,STANDBY_VEL_LOW,0,0.00,4590.00,70.46,FALSE,M1_DIRECTION_MISMATCH
2026-09-07 14:58:31.636,1788793111.636,3276,64,417,4415.96,4416.04,8.0,PASS_<=10c,+18.0,UP,-49.0,+196.0,4.2,+3.78,0.90,SLOW,4414.00,4419.48,4412.21,4417.17,0.00,0.00,0.0,BULLISH,727.0,4416.45,4416.85,4415.65,4415.96,31,CLEARED_>=20s,120.0,49.0,40.0,31.0,33.3,25.8,33.3,BLOCKED_33.3%,0.00,0.0,NO,STANDBY_VEL_LOW,0,0.00,4590.00,70.46,FALSE,M1_DIRECTION_MISMATCH
2026-09-07 14:58:32.137,1788793112.137,3277,65,418,4416.07,4416.15,8.0,PASS_<=10c,+11.0,UP,-38.0,+207.0,4.2,+6.08,1.45,SLOW,4414.00,4419.48,4412.21,4417.17,0.00,0.00,0.0,BULLISH,727.0,4416.45,4416.85,4415.65,4416.07,32,CLEARED_>=20s,120.0,38.0,40.0,42.0,33.3,35.0,33.3,BLOCKED_33.3%,0.00,0.0,NO,STANDBY_VEL_LOW,0,0.00,4590.00,70.46,FALSE,M1_DIRECTION_MISMATCH
2026-09-07 14:58:32.638,1788793112.639,3278,66,419,4415.91,4415.99,8.0,PASS_<=10c,-16.0,DOWN,-54.0,+191.0,4.2,+3.15,0.75,SLOW,4414.00,4419.48,4412.21,4417.17,0.00,0.00,0.0,BULLISH,727.0,4416.45,4416.85,4415.65,4415.91,32,CLEARED_>=20s,120.0,54.0,40.0,26.0,33.3,21.7,33.3,BLOCKED_33.3%,0.00,0.0,NO,STANDBY_VEL_LOW,0,0.00,4590.00,70.46,FALSE,M1_DIRECTION_MISMATCH
2026-09-07 14:58:33.139,1788793113.139,3279,67,420,4415.83,4415.91,8.0,PASS_<=10c,-8.0,DOWN,-62.0,+183.0,4.2,+3.78,0.90,SLOW,4414.00,4419.48,4412.21,4417.17,0.00,0.00,0.0,BULLISH,727.0,4416.45,4416.85,4415.65,4415.83,33,CLEARED_>=20s,120.0,62.0,40.0,18.0,33.3,15.0,33.3,BLOCKED_33.3%,0.00,0.0,NO,STANDBY_VEL_LOW,0,0.00,4590.00,70.46,FALSE,M1_DIRECTION_MISMATCH
2026-09-07 14:58:33.641,1788793113.642,3280,68,421,4415.76,4415.84,8.0,PASS_<=10c,-7.0,DOWN,-69.0,+176.0,4.2,+0.42,0.10,SLOW,4414.00,4419.48,4412.21,4417.17,0.00,0.00,0.0,BULLISH,727.0,4416.45,4416.85,4415.65,4415.76,33,CLEARED_>=20s,120.0,69.0,40.0,11.0,33.3,9.2,33.3,BLOCKED_33.3%,0.00,0.0,NO,STANDBY_VEL_LOW,0,0.00,4590.00,70.46,FALSE,M1_DIRECTION_MISMATCH
2026-09-07 14:58:34.143,1788793114.144,3281,69,422,4415.79,4415.87,8.0,PASS_<=10c,+3.0,UP,-66.0,+179.0,4.2,+0.84,0.20,SLOW,4414.00,4419.48,4412.21,4417.17,0.00,0.00,0.0,BULLISH,727.0,4416.45,4416.85,4415.65,4415.79,34,CLEARED_>=20s,120.0,66.0,40.0,14.0,33.3,11.7,33.3,BLOCKED_33.3%,0.00,0.0,NO,STANDBY_VEL_LOW,0,0.00,4590.00,70.46,FALSE,M1_DIRECTION_MISMATCH
2026-09-07 14:58:34.645,1788793114.645,3282,70,423,4415.78,4415.86,8.0,PASS_<=10c,-1.0,DOWN,-67.0,+178.0,4.2,+2.52,0.60,SLOW,4414.00,4419.48,4412.21,4417.17,0.00,0.00,0.0,BULLISH,727.0,4416.45,4416.85,4415.65,4415.78,34,CLEARED_>=20s,120.0,67.0,40.0,13.0,33.3,10.8,33.3,BLOCKED_33.3%,0.00,0.0,NO,STANDBY_VEL_LOW,0,0.00,4590.00,70.46,FALSE,M1_DIRECTION_MISMATCH
2026-09-07 14:58:35.146,1788793115.146,3283,71,424,4415.77,4415.85,8.0,PASS_<=10c,-1.0,DOWN,-68.0,+177.0,4.2,+1.26,0.30,SLOW,4414.00,4419.48,4412.21,4417.17,0.00,0.00,0.0,BULLISH,727.0,4416.45,4416.85,4415.65,4415.77,35,CLEARED_>=20s,120.0,68.0,40.0,12.0,33.3,10.0,33.3,BLOCKED_33.3%,0.00,0.0,NO,STANDBY_VEL_LOW,0,0.00,4590.00,70.46,FALSE,M1_DIRECTION_MISMATCH
2026-09-07 14:58:35.647,1788793115.648,3284,72,425,4415.73,4415.81,8.0,PASS_<=10c,-4.0,DOWN,-72.0,+173.0,4.2,+0.42,0.10,SLOW,4414.00,4419.48,4412.21,4417.17,0.00,0.00,0.0,BULLISH,727.0,4416.45,4416.85,4415.65,4415.73,35,CLEARED_>=20s,120.0,72.0,40.0,8.0,33.3,6.7,33.3,BLOCKED_33.3%,0.00,0.0,NO,STANDBY_VEL_LOW,0,0.00,4590.00,70.46,FALSE,M1_DIRECTION_MISMATCH
2026-09-07 14:58:36.150,1788793116.150,3285,73,426,4415.77,4415.85,8.0,PASS_<=10c,+4.0,UP,-68.0,+177.0,4.2,+0.21,0.05,SLOW,4414.00,4419.48,4412.21,4417.17,0.00,0.00,0.0,BULLISH,727.0,4416.45,4416.85,4415.65,4415.77,36,CLEARED_>=20s,120.0,68.0,40.0,12.0,33.3,10.0,33.3,BLOCKED_33.3%,0.00,0.0,NO,STANDBY_VEL_LOW,0,0.00,4590.00,70.46,FALSE,M1_DIRECTION_MISMATCH
2026-09-07 14:58:36.651,1788793116.652,3286,74,427,4415.80,4415.88,8.0,PASS_<=10c,+3.0,UP,-65.0,+180.0,4.2,+5.46,1.30,SLOW,4414.00,4419.48,4412.21,4417.17,0.00,0.00,0.0,BULLISH,727.0,4416.45,4416.85,4415.65,4415.80,36,CLEARED_>=20s,120.0,65.0,40.0,15.0,33.3,12.5,33.3,BLOCKED_33.3%,0.00,0.0,NO,STANDBY_VEL_LOW,0,0.00,4590.00,70.46,FALSE,M1_DIRECTION_MISMATCH
2026-09-07 14:58:37.153,1788793117.153,3287,75,428,4415.82,4415.90,8.0,PASS_<=10c,+2.0,UP,-63.0,+182.0,4.2,+4.62,1.10,SLOW,4414.00,4419.48,4412.21,4417.17,0.00,0.00,0.0,BULLISH,727.0,4416.45,4416.85,4415.65,4415.82,37,CLEARED_>=20s,120.0,63.0,40.0,17.0,33.3,14.2,33.3,BLOCKED_33.3%,0.00,0.0,NO,STANDBY_VEL_LOW,0,0.00,4590.00,70.46,FALSE,M1_DIRECTION_MISMATCH
2026-09-07 14:58:37.654,1788793117.655,3288,76,429,4416.07,4416.15,8.0,PASS_<=10c,+25.0,UP,-38.0,+207.0,4.2,+4.20,1.00,SLOW,4414.00,4419.48,4412.21,4417.17,0.00,0.00,0.0,BULLISH,727.0,4416.45,4416.85,4415.65,4416.07,37,CLEARED_>=20s,120.0,38.0,40.0,42.0,33.3,35.0,33.3,BLOCKED_33.3%,0.00,0.0,NO,STANDBY_VEL_LOW,0,0.00,4590.00,70.46,FALSE,M1_DIRECTION_MISMATCH
2026-09-07 14:58:38.156,1788793118.156,3289,77,430,4416.11,4416.19,8.0,PASS_<=10c,+4.0,UP,-34.0,+211.0,4.2,+6.50,1.55,SLOW,4414.00,4419.48,4412.21,4417.17,0.00,0.00,0.0,BULLISH,727.0,4416.45,4416.85,4415.65,4416.11,38,CLEARED_>=20s,120.0,34.0,40.0,46.0,33.3,38.3,33.3,BLOCKED_33.3%,0.00,0.0,NO,STANDBY_VEL_LOW,0,0.00,4590.00,70.46,FALSE,M1_DIRECTION_MISMATCH
2026-09-07 14:58:38.657,1788793118.658,3290,78,431,4416.04,4416.12,8.0,PASS_<=10c,-7.0,DOWN,-41.0,+204.0,4.2,+5.88,1.40,SLOW,4414.00,4419.48,4412.21,4417.17,0.00,0.00,0.0,BULLISH,727.0,4416.45,4416.85,4415.65,4416.04,38,CLEARED_>=20s,120.0,41.0,40.0,39.0,33.3,32.5,33.3,BLOCKED_33.3%,0.00,0.0,NO,STANDBY_VEL_LOW,0,0.00,4590.00,70.46,FALSE,M1_DIRECTION_MISMATCH
2026-09-07 14:58:39.161,1788793119.162,3291,79,432,4415.95,4416.03,8.0,PASS_<=10c,-9.0,DOWN,-50.0,+195.0,4.2,+3.36,0.80,SLOW,4414.00,4419.48,4412.21,4417.17,0.00,0.00,0.0,BULLISH,727.0,4416.45,4416.85,4415.65,4415.95,39,CLEARED_>=20s,120.0,50.0,40.0,30.0,33.3,25.0,33.3,BLOCKED_33.3%,0.00,0.0,NO,STANDBY_VEL_LOW,0,0.00,4590.00,70.46,FALSE,M1_DIRECTION_MISMATCH
2026-09-07 14:58:39.661,1788793119.662,3292,80,433,4415.97,4416.05,8.0,PASS_<=10c,+2.0,UP,-48.0,+197.0,4.2,+3.78,0.90,SLOW,4414.00,4419.48,4412.21,4417.17,0.00,0.00,0.0,BULLISH,727.0,4416.45,4416.85,4415.65,4415.97,39,CLEARED_>=20s,120.0,48.0,40.0,32.0,33.3,26.7,33.3,BLOCKED_33.3%,0.00,0.0,NO,STANDBY_VEL_LOW,0,0.00,4590.00,70.46,FALSE,M1_DIRECTION_MISMATCH
2026-09-07 14:58:40.162,1788793120.163,3293,81,434,4415.87,4415.95,8.0,PASS_<=10c,-10.0,DOWN,-58.0,+187.0,4.2,+2.31,0.55,SLOW,4414.00,4419.48,4412.21,4417.17,0.00,0.00,0.0,BULLISH,727.0,4416.45,4416.85,4415.65,4415.87,40,CLEARED_>=20s,120.0,58.0,40.0,22.0,33.3,18.3,33.3,BLOCKED_33.3%,0.00,0.0,NO,STANDBY_VEL_LOW,0,0.00,4590.00,70.46,FALSE,M1_DIRECTION_MISMATCH
2026-09-07 14:58:40.664,1788793120.665,3294,82,435,4415.87,4415.95,8.0,PASS_<=10c,+0.0,FLAT,-58.0,+187.0,4.2,+2.94,0.70,SLOW,4414.00,4419.48,4412.21,4417.17,0.00,0.00,0.0,BULLISH,727.0,4416.45,4416.85,4415.65,4415.87,40,CLEARED_>=20s,120.0,58.0,40.0,22.0,33.3,18.3,33.3,BLOCKED_33.3%,0.00,0.0,NO,STANDBY_VEL_LOW,0,0.00,4590.00,70.46,FALSE,M1_DIRECTION_MISMATCH
2026-09-07 14:58:41.166,1788793121.166,3295,83,436,4415.86,4415.94,8.0,PASS_<=10c,-1.0,DOWN,-59.0,+186.0,4.2,+1.47,0.35,SLOW,4414.00,4419.48,4412.21,4417.17,0.00,0.00,0.0,BULLISH,727.0,4416.45,4416.85,4415.65,4415.86,41,CLEARED_>=20s,120.0,59.0,40.0,21.0,33.3,17.5,33.3,BLOCKED_33.3%,0.00,0.0,NO,STANDBY_VEL_LOW,0,0.00,4590.00,70.46,FALSE,M1_DIRECTION_MISMATCH
2026-09-07 14:58:41.668,1788793121.668,3296,84,437,4415.85,4415.93,8.0,PASS_<=10c,-1.0,DOWN,-60.0,+185.0,4.2,+0.84,0.20,SLOW,4414.00,4419.48,4412.21,4417.17,0.00,0.00,0.0,BULLISH,727.0,4416.45,4416.85,4415.65,4415.85,41,CLEARED_>=20s,120.0,60.0,40.0,20.0,33.3,16.7,33.3,BLOCKED_33.3%,0.00,0.0,NO,STANDBY_VEL_LOW,0,0.00,4590.00,70.46,FALSE,M1_DIRECTION_MISMATCH
2026-09-07 14:58:42.170,1788793122.171,3297,85,438,4415.85,4415.93,8.0,PASS_<=10c,+0.0,FLAT,-60.0,+185.0,4.2,+4.41,1.05,SLOW,4414.00,4419.48,4412.21,4417.17,0.00,0.00,0.0,BULLISH,727.0,4416.45,4416.85,4415.65,4415.85,42,CLEARED_>=20s,120.0,60.0,40.0,20.0,33.3,16.7,33.3,BLOCKED_33.3%,0.00,0.0,NO,STANDBY_VEL_LOW,0,0.00,4590.00,70.46,FALSE,M1_DIRECTION_MISMATCH
2026-09-07 14:58:42.673,1788793122.673,3298,86,439,4415.85,4415.93,8.0,PASS_<=10c,+0.0,FLAT,-60.0,+185.0,4.2,+6.08,1.45,SLOW,4414.00,4419.48,4412.21,4417.17,0.00,0.00,0.0,BULLISH,727.0,4416.45,4416.85,4415.65,4415.85,42,CLEARED_>=20s,120.0,60.0,40.0,20.0,33.3,16.7,33.3,BLOCKED_33.3%,0.00,0.0,NO,STANDBY_VEL_LOW,0,0.00,4590.00,70.46,FALSE,M1_DIRECTION_MISMATCH
2026-09-07 14:58:43.174,1788793123.175,3299,87,440,4415.88,4415.96,8.0,PASS_<=10c,+3.0,UP,-57.0,+188.0,4.2,+4.20,1.00,SLOW,4414.00,4419.48,4412.21,4417.17,0.00,0.00,0.0,BULLISH,727.0,4416.45,4416.85,4415.65,4415.88,43,CLEARED_>=20s,120.0,57.0,40.0,23.0,33.3,19.2,33.3,BLOCKED_33.3%,0.00,0.0,NO,STANDBY_VEL_LOW,0,0.00,4590.00,70.46,FALSE,M1_DIRECTION_MISMATCH
2026-09-07 14:58:43.679,1788793123.679,3300,88,441,4415.87,4415.95,8.0,PASS_<=10c,-1.0,DOWN,-58.0,+187.0,4.2,+2.94,0.70,SLOW,4414.00,4419.48,4412.21,4417.17,0.00,0.00,0.0,BULLISH,727.0,4416.45,4416.85,4415.65,4415.87,43,CLEARED_>=20s,120.0,58.0,40.0,22.0,33.3,18.3,33.3,BLOCKED_33.3%,0.00,0.0,NO,STANDBY_VEL_LOW,0,0.00,4590.00,70.46,FALSE,M1_DIRECTION_MISMATCH
2026-09-07 14:58:44.178,1788793124.179,3301,89,442,4415.86,4415.94,8.0,PASS_<=10c,-1.0,DOWN,-59.0,+186.0,4.2,+2.31,0.55,SLOW,4414.00,4419.48,4412.21,4417.17,0.00,0.00,0.0,BULLISH,727.0,4416.45,4416.85,4415.65,4415.86,44,CLEARED_>=20s,120.0,59.0,40.0,21.0,33.3,17.5,33.3,BLOCKED_33.3%,0.00,0.0,NO,STANDBY_VEL_LOW,0,0.00,4590.00,70.46,FALSE,M1_DIRECTION_MISMATCH
2026-09-07 14:58:44.680,1788793124.681,3302,90,443,4415.86,4415.94,8.0,PASS_<=10c,+0.0,FLAT,-59.0,+186.0,4.2,+0.84,0.20,SLOW,4414.00,4419.48,4412.21,4417.17,0.00,0.00,0.0,BULLISH,727.0,4416.45,4416.85,4415.65,4415.86,44,CLEARED_>=20s,120.0,59.0,40.0,21.0,33.3,17.5,33.3,BLOCKED_33.3%,0.00,0.0,NO,STANDBY_VEL_LOW,0,0.00,4590.00,70.46,FALSE,M1_DIRECTION_MISMATCH
2026-09-07 14:58:45.182,1788793125.183,3303,91,444,4415.89,4415.97,8.0,PASS_<=10c,+3.0,UP,-56.0,+189.0,4.2,+0.42,0.10,SLOW,4414.00,4419.48,4412.21,4417.17,0.00,0.00,0.0,BULLISH,727.0,4416.45,4416.85,4415.65,4415.89,45,CLEARED_>=20s,120.0,56.0,40.0,24.0,33.3,20.0,33.3,BLOCKED_33.3%,0.00,0.0,NO,STANDBY_VEL_LOW,0,0.00,4590.00,70.46,FALSE,M1_DIRECTION_MISMATCH
2026-09-07 14:58:45.684,1788793125.684,3304,92,445,4415.89,4415.97,8.0,PASS_<=10c,+0.0,FLAT,-56.0,+189.0,4.2,+0.63,0.15,SLOW,4414.00,4419.48,4412.21,4417.17,0.00,0.00,0.0,BULLISH,727.0,4416.45,4416.85,4415.65,4415.89,45,CLEARED_>=20s,120.0,56.0,40.0,24.0,33.3,20.0,33.3,BLOCKED_33.3%,0.00,0.0,NO,STANDBY_VEL_LOW,0,0.00,4590.00,70.46,FALSE,M1_DIRECTION_MISMATCH
2026-09-07 14:58:46.185,1788793126.186,3305,93,446,4415.89,4415.97,8.0,PASS_<=10c,+0.0,FLAT,-56.0,+189.0,4.2,+0.63,0.15,SLOW,4414.00,4419.48,4412.21,4417.17,0.00,0.00,0.0,BULLISH,727.0,4416.45,4416.85,4415.65,4415.89,46,CLEARED_>=20s,120.0,56.0,40.0,24.0,33.3,20.0,33.3,BLOCKED_33.3%,0.00,0.0,NO,STANDBY_VEL_LOW,0,0.00,4590.00,70.46,FALSE,M1_DIRECTION_MISMATCH
2026-09-07 14:58:46.687,1788793126.688,3306,94,447,4415.81,4415.89,8.0,PASS_<=10c,-8.0,DOWN,-64.0,+181.0,4.2,+0.84,0.20,SLOW,4414.00,4419.48,4412.21,4417.17,0.00,0.00,0.0,BULLISH,727.0,4416.45,4416.85,4415.65,4415.81,46,CLEARED_>=20s,120.0,64.0,40.0,16.0,33.3,13.3,33.3,BLOCKED_33.3%,0.00,0.0,NO,STANDBY_VEL_LOW,0,0.00,4590.00,70.46,FALSE,M1_DIRECTION_MISMATCH
2026-09-07 14:58:47.189,1788793127.190,3307,95,448,4415.85,4415.93,8.0,PASS_<=10c,+4.0,UP,-60.0,+185.0,4.2,+0.21,0.05,SLOW,4414.00,4419.48,4412.21,4417.17,0.00,0.00,0.0,BULLISH,727.0,4416.45,4416.85,4415.65,4415.85,47,CLEARED_>=20s,120.0,60.0,40.0,20.0,33.3,16.7,33.3,BLOCKED_33.3%,0.00,0.0,NO,STANDBY_VEL_LOW,0,0.00,4590.00,70.46,FALSE,M1_DIRECTION_MISMATCH
2026-09-07 14:58:47.691,1788793127.692,3308,96,449,4415.87,4415.95,8.0,PASS_<=10c,+2.0,UP,-58.0,+187.0,4.2,+0.21,0.05,SLOW,4414.00,4419.48,4412.21,4417.17,0.00,0.00,0.0,BULLISH,727.0,4416.45,4416.85,4415.65,4415.87,47,CLEARED_>=20s,120.0,58.0,40.0,22.0,33.3,18.3,33.3,BLOCKED_33.3%,0.00,0.0,NO,STANDBY_VEL_LOW,0,0.00,4590.00,70.46,FALSE,M1_DIRECTION_MISMATCH
2026-09-07 14:58:48.192,1788793128.192,3309,97,450,4415.89,4415.97,8.0,PASS_<=10c,+2.0,UP,-56.0,+189.0,4.2,+0.21,0.05,SLOW,4414.00,4419.48,4412.21,4417.17,0.00,0.00,0.0,BULLISH,727.0,4416.45,4416.85,4415.65,4415.89,48,CLEARED_>=20s,120.0,56.0,40.0,24.0,33.3,20.0,33.3,BLOCKED_33.3%,0.00,0.0,NO,STANDBY_VEL_LOW,0,0.00,4590.00,70.46,FALSE,M1_DIRECTION_MISMATCH
2026-09-07 14:58:48.694,1788793128.694,3310,98,451,4415.90,4415.98,8.0,PASS_<=10c,+1.0,UP,-55.0,+190.0,4.2,+0.84,0.20,SLOW,4414.00,4419.48,4412.21,4417.17,0.00,0.00,0.0,BULLISH,727.0,4416.45,4416.85,4415.65,4415.90,48,CLEARED_>=20s,120.0,55.0,40.0,25.0,33.3,20.8,33.3,BLOCKED_33.3%,0.00,0.0,NO,STANDBY_VEL_LOW,0,0.00,4590.00,70.46,FALSE,M1_DIRECTION_MISMATCH
2026-09-07 14:58:49.197,1788793129.197,3311,99,452,4415.90,4415.98,8.0,PASS_<=10c,+0.0,FLAT,-55.0,+190.0,4.2,+0.84,0.20,SLOW,4414.00,4419.48,4412.21,4417.17,0.00,0.00,0.0,BULLISH,727.0,4416.45,4416.85,4415.65,4415.90,49,CLEARED_>=20s,120.0,55.0,40.0,25.0,33.3,20.8,33.3,BLOCKED_33.3%,0.00,0.0,NO,STANDBY_VEL_LOW,0,0.00,4590.00,70.46,FALSE,M1_DIRECTION_MISMATCH
2026-09-07 14:58:49.699,1788793129.699,3312,100,453,4415.89,4415.97,8.0,PASS_<=10c,-1.0,DOWN,-56.0,+189.0,4.2,+0.42,0.10,SLOW,4414.00,4419.48,4412.21,4417.17,0.00,0.00,0.0,BULLISH,727.0,4416.45,4416.85,4415.65,4415.89,49,CLEARED_>=20s,120.0,56.0,40.0,24.0,33.3,20.0,33.3,BLOCKED_33.3%,0.00,0.0,NO,STANDBY_VEL_LOW,0,0.00,4590.00,70.46,FALSE,M1_DIRECTION_MISMATCH
2026-09-07 14:58:50.201,1788793130.201,3313,101,454,4415.90,4415.98,8.0,PASS_<=10c,+1.0,UP,-55.0,+190.0,4.2,+0.21,0.05,SLOW,4414.00,4419.48,4412.21,4417.17,0.00,0.00,0.0,BULLISH,727.0,4416.45,4416.85,4415.65,4415.90,50,CLEARED_>=20s,120.0,55.0,40.0,25.0,33.3,20.8,33.3,BLOCKED_33.3%,0.00,0.0,NO,STANDBY_VEL_LOW,0,0.00,4590.00,70.46,FALSE,M1_DIRECTION_MISMATCH
2026-09-07 14:58:50.702,1788793130.703,3314,102,455,4415.90,4415.98,8.0,PASS_<=10c,+0.0,FLAT,-55.0,+190.0,4.2,+0.21,0.05,SLOW,4414.00,4419.48,4412.21,4417.17,0.00,0.00,0.0,BULLISH,727.0,4416.45,4416.85,4415.65,4415.90,50,CLEARED_>=20s,120.0,55.0,40.0,25.0,33.3,20.8,33.3,BLOCKED_33.3%,0.00,0.0,NO,STANDBY_VEL_LOW,0,0.00,4590.00,70.46,FALSE,M1_DIRECTION_MISMATCH
2026-09-07 14:58:51.204,1788793131.205,3315,103,456,4415.92,4416.00,8.0,PASS_<=10c,+2.0,UP,-53.0,+192.0,4.2,+1.68,0.40,SLOW,4414.00,4419.48,4412.21,4417.17,0.00,0.00,0.0,BULLISH,727.0,4416.45,4416.85,4415.65,4415.92,51,CLEARED_>=20s,120.0,53.0,40.0,27.0,33.3,22.5,33.3,BLOCKED_33.3%,0.00,0.0,NO,STANDBY_VEL_LOW,0,0.00,4590.00,70.46,FALSE,M1_DIRECTION_MISMATCH
2026-09-07 14:58:51.706,1788793131.706,3316,104,457,4416.00,4416.08,8.0,PASS_<=10c,+8.0,UP,-45.0,+200.0,4.2,+4.20,1.00,SLOW,4414.00,4419.48,4412.21,4417.17,0.00,0.00,0.0,BULLISH,727.0,4416.45,4416.85,4415.65,4416.00,51,CLEARED_>=20s,120.0,45.0,40.0,35.0,33.3,29.2,33.3,BLOCKED_33.3%,0.00,0.0,NO,STANDBY_VEL_LOW,0,0.00,4590.00,70.46,FALSE,M1_DIRECTION_MISMATCH
2026-09-07 14:58:52.207,1788793132.207,3317,105,458,4416.01,4416.09,8.0,PASS_<=10c,+1.0,UP,-44.0,+201.0,4.2,+2.94,0.70,SLOW,4414.00,4419.48,4412.21,4417.17,0.00,0.00,0.0,BULLISH,727.0,4416.45,4416.85,4415.65,4416.01,52,CLEARED_>=20s,120.0,44.0,40.0,36.0,33.3,30.0,33.3,BLOCKED_33.3%,0.00,0.0,NO,STANDBY_VEL_LOW,0,0.00,4590.00,70.46,FALSE,M1_DIRECTION_MISMATCH
2026-09-07 14:58:52.709,1788793132.710,3318,106,459,4416.02,4416.10,8.0,PASS_<=10c,+1.0,UP,-43.0,+202.0,4.2,+3.36,0.80,SLOW,4414.00,4419.48,4412.21,4417.17,0.00,0.00,0.0,BULLISH,727.0,4416.45,4416.85,4415.65,4416.02,52,CLEARED_>=20s,120.0,43.0,40.0,37.0,33.3,30.8,33.3,BLOCKED_33.3%,0.00,0.0,NO,STANDBY_VEL_LOW,0,0.00,4590.00,70.46,FALSE,M1_DIRECTION_MISMATCH
2026-09-07 14:58:53.211,1788793133.212,3319,107,460,4415.98,4416.06,8.0,PASS_<=10c,-4.0,DOWN,-47.0,+198.0,4.2,+1.89,0.45,SLOW,4414.00,4419.48,4412.21,4417.17,0.00,0.00,0.0,BULLISH,727.0,4416.45,4416.85,4415.65,4415.98,53,CLEARED_>=20s,120.0,47.0,40.0,33.0,33.3,27.5,33.3,BLOCKED_33.3%,0.00,0.0,NO,STANDBY_VEL_LOW,0,0.00,4590.00,70.46,FALSE,M1_DIRECTION_MISMATCH
2026-09-07 14:58:53.712,1788793133.713,3320,108,461,4415.97,4416.05,8.0,PASS_<=10c,-1.0,DOWN,-48.0,+197.0,4.2,+1.47,0.35,SLOW,4414.00,4419.48,4412.21,4417.17,0.00,0.00,0.0,BULLISH,727.0,4416.45,4416.85,4415.65,4415.97,53,CLEARED_>=20s,120.0,48.0,40.0,32.0,33.3,26.7,33.3,BLOCKED_33.3%,0.00,0.0,NO,STANDBY_VEL_LOW,0,0.00,4590.00,70.46,FALSE,M1_DIRECTION_MISMATCH
2026-09-07 14:58:54.214,1788793134.215,3321,109,462,4416.00,4416.08,8.0,PASS_<=10c,+3.0,UP,-45.0,+200.0,4.2,+1.89,0.45,SLOW,4414.00,4419.48,4412.21,4417.17,0.00,0.00,0.0,BULLISH,727.0,4416.45,4416.85,4415.65,4416.00,54,CLEARED_>=20s,120.0,45.0,40.0,35.0,33.3,29.2,33.3,BLOCKED_33.3%,0.00,0.0,NO,STANDBY_VEL_LOW,0,0.00,4590.00,70.46,FALSE,M1_DIRECTION_MISMATCH
2026-09-07 14:58:54.715,1788793134.716,3322,110,463,4416.00,4416.08,8.0,PASS_<=10c,+0.0,FLAT,-45.0,+200.0,4.2,+2.31,0.55,SLOW,4414.00,4419.48,4412.21,4417.17,0.00,0.00,0.0,BULLISH,727.0,4416.45,4416.85,4415.65,4416.00,54,CLEARED_>=20s,120.0,45.0,40.0,35.0,33.3,29.2,33.3,BLOCKED_33.3%,0.00,0.0,NO,STANDBY_VEL_LOW,0,0.00,4590.00,70.46,FALSE,M1_DIRECTION_MISMATCH
2026-09-07 14:58:55.217,1788793135.218,3323,111,464,4416.00,4416.08,8.0,PASS_<=10c,+0.0,FLAT,-45.0,+200.0,4.2,+2.10,0.50,SLOW,4414.00,4419.48,4412.21,4417.17,0.00,0.00,0.0,BULLISH,727.0,4416.45,4416.85,4415.65,4416.00,55,CLEARED_>=20s,120.0,45.0,40.0,35.0,33.3,29.2,33.3,BLOCKED_33.3%,0.00,0.0,NO,STANDBY_VEL_LOW,0,0.00,4590.00,70.46,FALSE,M1_DIRECTION_MISMATCH
2026-09-07 14:58:55.719,1788793135.719,3324,112,465,4416.02,4416.10,8.0,PASS_<=10c,+2.0,UP,-43.0,+202.0,4.2,+2.52,0.60,SLOW,4414.00,4419.48,4412.21,4417.17,0.00,0.00,0.0,BULLISH,727.0,4416.45,4416.85,4415.65,4416.02,55,CLEARED_>=20s,120.0,43.0,40.0,37.0,33.3,30.8,33.3,BLOCKED_33.3%,0.00,0.0,NO,STANDBY_VEL_LOW,0,0.00,4590.00,70.46,FALSE,M1_DIRECTION_MISMATCH
2026-09-07 14:58:56.221,1788793136.221,3325,113,466,4416.02,4416.10,8.0,PASS_<=10c,+0.0,FLAT,-43.0,+202.0,4.2,+1.89,0.45,SLOW,4414.00,4419.48,4412.21,4417.17,0.00,0.00,0.0,BULLISH,727.0,4416.45,4416.85,4415.65,4416.02,56,CLEARED_>=20s,120.0,43.0,40.0,37.0,33.3,30.8,33.3,BLOCKED_33.3%,0.00,0.0,NO,STANDBY_VEL_LOW,0,0.00,4590.00,70.46,FALSE,M1_DIRECTION_MISMATCH
2026-09-07 14:58:56.722,1788793136.722,3326,114,467,4416.18,4416.26,8.0,PASS_<=10c,+16.0,UP,-27.0,+218.0,4.2,+3.78,0.90,SLOW,4414.00,4419.48,4412.21,4417.17,0.00,0.00,0.0,BULLISH,727.0,4416.45,4416.85,4415.65,4416.18,56,CLEARED_>=20s,120.0,27.0,40.0,53.0,33.3,44.2,33.3,BLOCKED_33.3%,0.00,0.0,NO,STANDBY_VEL_LOW,0,0.00,4590.00,70.46,FALSE,M1_DIRECTION_MISMATCH
2026-09-07 14:58:57.222,1788793137.223,3327,115,468,4416.23,4416.31,8.0,PASS_<=10c,+5.0,UP,-22.0,+223.0,4.2,+4.41,1.05,SLOW,4414.00,4419.48,4412.21,4417.17,0.00,0.00,0.0,BULLISH,727.0,4416.45,4416.85,4415.65,4416.23,57,CLEARED_>=20s,120.0,22.0,40.0,58.0,33.3,48.3,33.3,BLOCKED_33.3%,0.00,0.0,NO,STANDBY_VEL_LOW,0,0.00,4590.00,70.46,FALSE,M1_DIRECTION_MISMATCH
2026-09-07 14:58:57.724,1788793137.725,3328,116,469,4416.23,4416.31,8.0,PASS_<=10c,+0.0,FLAT,-22.0,+223.0,4.2,+4.41,1.05,SLOW,4414.00,4419.48,4412.21,4417.17,0.00,0.00,0.0,BULLISH,727.0,4416.45,4416.85,4415.65,4416.23,57,CLEARED_>=20s,120.0,22.0,40.0,58.0,33.3,48.3,33.3,BLOCKED_33.3%,0.00,0.0,NO,STANDBY_VEL_LOW,0,0.00,4590.00,70.46,FALSE,M1_DIRECTION_MISMATCH
2026-09-07 14:58:58.226,1788793138.226,3329,117,470,4416.32,4416.40,8.0,PASS_<=10c,+9.0,UP,-13.0,+232.0,4.2,+7.35,1.75,SLOW,4414.00,4419.48,4412.21,4417.17,0.00,0.00,0.0,BULLISH,727.0,4416.45,4416.85,4415.65,4416.32,58,CLEARED_>=20s,120.0,13.0,40.0,67.0,33.3,55.8,33.3,BLOCKED_33.3%,0.00,0.0,NO,STANDBY_VEL_LOW,0,0.00,4590.00,70.46,FALSE,M1_DIRECTION_MISMATCH
2026-09-07 14:58:58.728,1788793138.729,3330,118,471,4416.19,4416.27,8.0,PASS_<=10c,-13.0,DOWN,-26.0,+219.0,4.2,+3.99,0.95,SLOW,4414.00,4419.48,4412.21,4417.17,0.00,0.00,0.0,BULLISH,727.0,4416.45,4416.85,4415.65,4416.19,58,CLEARED_>=20s,120.0,26.0,40.0,54.0,33.3,45.0,33.3,BLOCKED_33.3%,0.00,0.0,NO,STANDBY_VEL_LOW,0,0.00,4590.00,70.46,FALSE,M1_DIRECTION_MISMATCH
2026-09-07 14:58:59.229,1788793139.230,3331,119,472,4416.18,4416.26,8.0,PASS_<=10c,-1.0,DOWN,-27.0,+218.0,4.2,+3.78,0.90,SLOW,4414.00,4419.48,4412.21,4417.17,0.00,0.00,0.0,BULLISH,727.0,4416.45,4416.85,4415.65,4416.18,59,CLEARED_>=20s,120.0,27.0,40.0,53.0,33.3,44.2,33.3,BLOCKED_33.3%,0.00,0.0,NO,STANDBY_VEL_LOW,0,0.00,4590.00,70.46,FALSE,M1_DIRECTION_MISMATCH
2026-09-07 14:58:59.731,1788793139.731,3332,120,473,4416.00,4416.08,8.0,PASS_<=10c,-18.0,DOWN,-45.0,+200.0,4.2,+0.00,0.00,SLOW,4414.00,4419.48,4412.21,4417.17,0.00,0.00,0.0,BULLISH,727.0,4416.45,4416.85,4415.65,4416.00,59,CLEARED_>=20s,120.0,45.0,40.0,35.0,33.3,29.2,33.3,BLOCKED_33.3%,0.00,0.0,NO,STANDBY_VEL_LOW,0,0.00,4590.00,70.46,FALSE,M1_DIRECTION_MISMATCH
2026-09-07 14:59:00.233,1788793140.233,3333,1,474,4416.15,4416.23,8.0,PASS_<=10c,+15.0,UP,+0.0,+215.0,4.2,+3.15,0.75,SLOW,4414.00,4419.48,4412.21,4417.17,0.00,0.00,0.0,BULLISH,727.0,4416.15,4416.15,4416.15,4416.15,0,ACTIVE_0s,1.0,0.0,0.0,0.0,0.0,0.0,0.0,PASS_<20%,0.00,0.0,NO,STANDBY_VEL_LOW,0,0.00,4590.00,70.46,FALSE,M1_DIRECTION_MISMATCH|OPENING_SHIELD_ACTIVE_0s
2026-09-07 14:59:00.734,1788793140.735,3334,2,475,4416.18,4416.26,8.0,PASS_<=10c,+3.0,UP,+3.0,+218.0,4.2,+3.36,0.80,SLOW,4414.00,4419.48,4412.21,4417.17,0.00,0.00,0.0,BULLISH,727.0,4416.15,4416.18,4416.15,4416.18,0,ACTIVE_0s,3.0,3.0,0.0,0.0,0.0,0.0,0.0,PASS_<20%,4416.30,12.0,NO,STANDBY_VEL_LOW,0,0.00,4590.00,70.46,FALSE,OPENING_SHIELD_ACTIVE_0s|PRICE_BELOW_15C_DISPLACEMENT
2026-09-07 14:59:01.236,1788793141.236,3335,3,476,4416.28,4416.36,8.0,PASS_<=10c,+10.0,UP,+13.0,+228.0,4.2,+5.67,1.35,SLOW,4414.00,4419.48,4412.21,4417.17,0.00,0.00,0.0,BULLISH,727.0,4416.15,4416.28,4416.15,4416.28,1,ACTIVE_1s,13.0,13.0,0.0,0.0,0.0,0.0,0.0,PASS_<20%,4416.30,2.0,NO,STANDBY_VEL_LOW,0,0.00,4590.00,70.46,FALSE,OPENING_SHIELD_ACTIVE_1s
2026-09-07 14:59:01.737,1788793141.738,3336,4,477,4416.26,4416.34,8.0,PASS_<=10c,-2.0,DOWN,+11.0,+226.0,4.2,+1.47,0.35,SLOW,4414.00,4419.48,4412.21,4417.17,0.00,0.00,0.0,BULLISH,727.0,4416.15,4416.28,4416.15,4416.26,1,ACTIVE_1s,13.0,11.0,2.0,0.0,15.4,0.0,15.4,PASS_<20%,4416.30,4.0,NO,STANDBY_VEL_LOW,0,0.00,4590.00,70.46,FALSE,OPENING_SHIELD_ACTIVE_1s
2026-09-07 14:59:02.239,1788793142.239,3337,5,478,4416.26,4416.34,8.0,PASS_<=10c,+0.0,FLAT,+11.0,+226.0,4.2,+0.63,0.15,SLOW,4414.00,4419.48,4412.21,4417.17,0.00,0.00,0.0,BULLISH,727.0,4416.15,4416.28,4416.15,4416.26,2,ACTIVE_2s,13.0,11.0,2.0,0.0,15.4,0.0,15.4,PASS_<20%,4416.30,4.0,NO,STANDBY_VEL_LOW,0,0.00,4590.00,70.46,FALSE,OPENING_SHIELD_ACTIVE_2s
2026-09-07 14:59:02.741,1788793142.741,3338,6,479,4416.01,4416.09,8.0,PASS_<=10c,-25.0,DOWN,-14.0,+201.0,4.2,+4.62,1.10,SLOW,4414.00,4419.48,4412.21,4417.17,0.00,0.00,0.0,BULLISH,727.0,4416.15,4416.28,4416.01,4416.01,2,ACTIVE_2s,27.0,14.0,13.0,0.0,48.1,0.0,48.1,BLOCKED_48.1%,0.00,0.0,NO,STANDBY_VEL_LOW,0,0.00,4590.00,70.46,FALSE,M1_DIRECTION_MISMATCH|OPENING_SHIELD_ACTIVE_2s
2026-09-07 14:59:03.243,1788793143.243,3339,7,480,4416.02,4416.10,8.0,PASS_<=10c,+1.0,UP,-13.0,+202.0,4.2,+6.29,1.50,SLOW,4414.00,4419.48,4412.21,4417.17,0.00,0.00,0.0,BULLISH,727.0,4416.15,4416.28,4416.00,4416.02,3,ACTIVE_3s,28.0,13.0,13.0,2.0,46.4,7.1,46.4,BLOCKED_46.4%,0.00,0.0,NO,STANDBY_VEL_LOW,0,0.00,4590.00,70.46,FALSE,M1_DIRECTION_MISMATCH|OPENING_SHIELD_ACTIVE_3s
2026-09-07 14:59:03.745,1788793143.745,3340,8,481,4416.08,4416.16,8.0,PASS_<=10c,+6.0,UP,-7.0,+208.0,4.2,+2.31,0.55,SLOW,4414.00,4419.48,4412.21,4417.17,0.00,0.00,0.0,BULLISH,727.0,4416.15,4416.28,4416.00,4416.08,3,ACTIVE_3s,28.0,7.0,13.0,8.0,46.4,28.6,46.4,BLOCKED_46.4%,0.00,0.0,NO,STANDBY_VEL_LOW,0,0.00,4590.00,70.46,FALSE,M1_DIRECTION_MISMATCH|OPENING_SHIELD_ACTIVE_3s
2026-09-07 14:59:04.246,1788793144.247,3341,9,482,4416.12,4416.20,8.0,PASS_<=10c,+4.0,UP,-3.0,+212.0,4.2,+1.26,0.30,SLOW,4414.00,4419.48,4412.21,4417.17,0.00,0.00,0.0,BULLISH,727.0,4416.15,4416.28,4416.00,4416.12,4,ACTIVE_4s,28.0,3.0,13.0,12.0,46.4,42.9,46.4,BLOCKED_46.4%,0.00,0.0,NO,STANDBY_VEL_LOW,0,0.00,4590.00,70.46,FALSE,M1_DIRECTION_MISMATCH|OPENING_SHIELD_ACTIVE_4s
2026-09-07 14:59:04.749,1788793144.749,3342,10,483,4416.12,4416.20,8.0,PASS_<=10c,+0.0,FLAT,-3.0,+212.0,4.2,+0.21,0.05,SLOW,4414.00,4419.48,4412.21,4417.17,0.00,0.00,0.0,BULLISH,727.0,4416.15,4416.28,4416.00,4416.12,4,ACTIVE_4s,28.0,3.0,13.0,12.0,46.4,42.9,46.4,BLOCKED_46.4%,0.00,0.0,NO,STANDBY_VEL_LOW,0,0.00,4590.00,70.46,FALSE,M1_DIRECTION_MISMATCH|OPENING_SHIELD_ACTIVE_4s
2026-09-07 14:59:05.250,1788793145.251,3343,11,484,4416.33,4416.41,8.0,PASS_<=10c,+21.0,UP,+18.0,+233.0,4.2,+3.15,0.75,SLOW,4414.00,4419.48,4412.21,4417.17,0.00,0.00,0.0,BULLISH,727.0,4416.15,4416.39,4416.00,4416.33,5,ACTIVE_5s,39.0,18.0,6.0,15.0,15.4,38.5,15.4,PASS_<20%,4416.30,3.0,NO,STANDBY_VEL_LOW,0,0.00,4590.00,70.46,FALSE,OPENING_SHIELD_ACTIVE_5s
2026-09-07 14:59:05.752,1788793145.752,3344,12,485,4416.33,4416.41,8.0,PASS_<=10c,+0.0,FLAT,+18.0,+233.0,4.2,+3.15,0.75,SLOW,4414.00,4419.48,4412.21,4417.17,0.00,0.00,0.0,BULLISH,727.0,4416.15,4416.39,4416.00,4416.33,5,ACTIVE_5s,39.0,18.0,6.0,15.0,15.4,38.5,15.4,PASS_<20%,4416.30,3.0,NO,STANDBY_VEL_LOW,0,0.00,4590.00,70.46,FALSE,OPENING_SHIELD_ACTIVE_5s
2026-09-07 14:59:06.253,1788793146.254,3345,13,486,4416.37,4416.45,8.0,PASS_<=10c,+4.0,UP,+22.0,+237.0,4.2,+2.10,0.50,SLOW,4414.00,4419.48,4412.21,4417.17,0.00,0.00,0.0,BULLISH,727.0,4416.15,4416.39,4416.00,4416.37,6,ACTIVE_6s,39.0,22.0,2.0,15.0,5.1,38.5,5.1,PASS_<20%,4416.30,7.0,NO,STANDBY_VEL_LOW,0,0.00,4590.00,70.46,FALSE,OPENING_SHIELD_ACTIVE_6s
2026-09-07 14:59:06.756,1788793146.757,3346,14,487,4416.38,4416.46,8.0,PASS_<=10c,+1.0,UP,+23.0,+238.0,4.2,+2.52,0.60,SLOW,4414.00,4419.48,4412.21,4417.17,0.00,0.00,0.0,BULLISH,727.0,4416.15,4416.39,4416.00,4416.38,6,ACTIVE_6s,39.0,23.0,1.0,15.0,2.6,38.5,2.6,PASS_<20%,4416.30,8.0,NO,STANDBY_VEL_LOW,0,0.00,4590.00,70.46,FALSE,OPENING_SHIELD_ACTIVE_6s
2026-09-07 14:59:07.258,1788793147.259,3347,15,488,4416.38,4416.46,8.0,PASS_<=10c,+0.0,FLAT,+23.0,+238.0,4.2,+2.52,0.60,SLOW,4414.00,4419.48,4412.21,4417.17,0.00,0.00,0.0,BULLISH,727.0,4416.15,4416.39,4416.00,4416.38,7,ACTIVE_7s,39.0,23.0,1.0,15.0,2.6,38.5,2.6,PASS_<20%,4416.30,8.0,NO,STANDBY_VEL_LOW,0,0.00,4590.00,70.46,FALSE,OPENING_SHIELD_ACTIVE_7s
2026-09-07 14:59:07.761,1788793147.761,3348,16,489,4416.37,4416.45,8.0,PASS_<=10c,-1.0,DOWN,+22.0,+237.0,4.2,+7.76,1.85,SLOW,4414.00,4419.48,4412.21,4417.17,0.00,0.00,0.0,BULLISH,727.0,4416.15,4416.39,4416.00,4416.37,7,ACTIVE_7s,39.0,22.0,2.0,15.0,5.1,38.5,5.1,PASS_<20%,4416.30,7.0,NO,STANDBY_VEL_LOW,0,0.00,4590.00,70.46,FALSE,OPENING_SHIELD_ACTIVE_7s
2026-09-07 14:59:08.261,1788793148.261,3349,17,490,4416.36,4416.44,8.0,PASS_<=10c,-1.0,DOWN,+21.0,+236.0,4.2,+6.71,1.60,SLOW,4414.00,4419.48,4412.21,4417.17,0.00,0.00,0.0,BULLISH,727.0,4416.15,4416.39,4416.00,4416.36,8,ACTIVE_8s,39.0,21.0,3.0,15.0,7.7,38.5,7.7,PASS_<20%,4416.30,6.0,NO,STANDBY_VEL_LOW,0,0.00,4590.00,70.46,FALSE,OPENING_SHIELD_ACTIVE_8s
2026-09-07 14:59:08.763,1788793148.763,3350,18,491,4416.38,4416.46,8.0,PASS_<=10c,+2.0,UP,+23.0,+238.0,4.2,+5.66,1.35,SLOW,4414.00,4419.48,4412.21,4417.17,0.00,0.00,0.0,BULLISH,727.0,4416.15,4416.39,4416.00,4416.38,8,ACTIVE_8s,39.0,23.0,1.0,15.0,2.6,38.5,2.6,PASS_<20%,4416.30,8.0,NO,STANDBY_VEL_LOW,0,0.00,4590.00,70.46,FALSE,OPENING_SHIELD_ACTIVE_8s
2026-09-07 14:59:09.264,1788793149.265,3351,19,492,4416.38,4416.46,8.0,PASS_<=10c,+0.0,FLAT,+23.0,+238.0,4.2,+5.46,1.30,SLOW,4414.00,4419.48,4412.21,4417.17,0.00,0.00,0.0,BULLISH,727.0,4416.15,4416.39,4416.00,4416.38,9,ACTIVE_9s,39.0,23.0,1.0,15.0,2.6,38.5,2.6,PASS_<20%,4416.30,8.0,NO,STANDBY_VEL_LOW,0,0.00,4590.00,70.46,FALSE,OPENING_SHIELD_ACTIVE_9s
2026-09-07 14:59:09.767,1788793149.767,3352,20,493,4416.46,4416.54,8.0,PASS_<=10c,+8.0,UP,+31.0,+246.0,4.2,+1.47,0.35,SLOW,4414.00,4419.48,4412.21,4417.17,0.00,0.00,0.0,BULLISH,727.0,4416.15,4416.46,4416.00,4416.46,9,ACTIVE_9s,46.0,31.0,0.0,15.0,0.0,32.6,0.0,PASS_<20%,4416.30,16.0,NO,STANDBY_VEL_LOW,0,0.00,4590.00,70.46,FALSE,OPENING_SHIELD_ACTIVE_9s
2026-09-07 14:59:10.268,1788793150.268,3353,21,494,4416.30,4416.38,8.0,PASS_<=10c,-16.0,DOWN,+15.0,+230.0,4.2,+0.63,0.15,SLOW,4414.00,4419.48,4412.21,4417.17,0.00,0.00,0.0,BULLISH,727.0,4416.15,4416.46,4416.00,4416.30,10,ACTIVE_10s,46.0,15.0,16.0,15.0,34.8,32.6,34.8,BLOCKED_34.8%,4416.30,0.0,NO,STANDBY_VEL_LOW,0,0.00,4590.00,70.46,FALSE,OPP_WICK_TOO_HIGH_0.35|OPENING_SHIELD_ACTIVE_10s
2026-09-07 14:59:10.769,1788793150.770,3354,22,495,4416.21,4416.29,8.0,PASS_<=10c,-9.0,DOWN,+6.0,+221.0,4.2,+3.15,0.75,SLOW,4414.00,4419.48,4412.21,4417.17,0.00,0.00,0.0,BULLISH,727.0,4416.15,4416.46,4416.00,4416.21,10,ACTIVE_10s,46.0,6.0,25.0,15.0,54.3,32.6,54.3,BLOCKED_54.3%,4416.30,9.0,NO,STANDBY_VEL_LOW,0,0.00,4590.00,70.46,FALSE,OPP_WICK_TOO_HIGH_0.54|OPENING_SHIELD_ACTIVE_10s|PRICE_BELOW_15C_DISPLACEMENT
2026-09-07 14:59:11.270,1788793151.271,3355,23,496,4416.19,4416.27,8.0,PASS_<=10c,-2.0,DOWN,+4.0,+219.0,4.2,+3.78,0.90,SLOW,4414.00,4419.48,4412.21,4417.17,0.00,0.00,0.0,BULLISH,727.0,4416.15,4416.46,4416.00,4416.19,11,ACTIVE_11s,46.0,4.0,27.0,15.0,58.7,32.6,58.7,BLOCKED_58.7%,4416.30,11.0,NO,STANDBY_VEL_LOW,0,0.00,4590.00,70.46,FALSE,OPP_WICK_TOO_HIGH_0.59|OPENING_SHIELD_ACTIVE_11s|PRICE_BELOW_15C_DISPLACEMENT
2026-09-07 14:59:11.772,1788793151.772,3356,24,497,4416.21,4416.29,8.0,PASS_<=10c,+2.0,UP,+6.0,+221.0,4.2,+3.57,0.85,SLOW,4414.00,4419.48,4412.21,4417.17,0.00,0.00,0.0,BULLISH,727.0,4416.15,4416.46,4416.00,4416.21,11,ACTIVE_11s,46.0,6.0,25.0,15.0,54.3,32.6,54.3,BLOCKED_54.3%,4416.30,9.0,NO,STANDBY_VEL_LOW,0,0.00,4590.00,70.46,FALSE,OPP_WICK_TOO_HIGH_0.54|OPENING_SHIELD_ACTIVE_11s|PRICE_BELOW_15C_DISPLACEMENT
2026-09-07 14:59:12.273,1788793152.273,3357,25,498,4416.21,4416.29,8.0,PASS_<=10c,+0.0,FLAT,+6.0,+221.0,4.2,+3.57,0.85,SLOW,4414.00,4419.48,4412.21,4417.17,0.00,0.00,0.0,BULLISH,727.0,4416.15,4416.46,4416.00,4416.21,12,ACTIVE_12s,46.0,6.0,25.0,15.0,54.3,32.6,54.3,BLOCKED_54.3%,4416.30,9.0,NO,STANDBY_VEL_LOW,0,0.00,4590.00,70.46,FALSE,OPP_WICK_TOO_HIGH_0.54|OPENING_SHIELD_ACTIVE_12s|PRICE_BELOW_15C_DISPLACEMENT
2026-09-07 14:59:12.774,1788793152.775,3358,26,499,4416.21,4416.29,8.0,PASS_<=10c,+0.0,FLAT,+6.0,+221.0,4.2,+3.15,0.75,SLOW,4414.00,4419.48,4412.21,4417.17,0.00,0.00,0.0,BULLISH,727.0,4416.15,4416.46,4416.00,4416.21,12,ACTIVE_12s,46.0,6.0,25.0,15.0,54.3,32.6,54.3,BLOCKED_54.3%,4416.30,9.0,NO,STANDBY_VEL_LOW,0,0.00,4590.00,70.46,FALSE,OPP_WICK_TOO_HIGH_0.54|OPENING_SHIELD_ACTIVE_12s|PRICE_BELOW_15C_DISPLACEMENT
2026-09-07 14:59:13.276,1788793153.277,3359,27,500,4416.22,4416.30,8.0,PASS_<=10c,+1.0,UP,+7.0,+222.0,4.2,+2.94,0.70,SLOW,4414.00,4419.48,4412.21,4417.17,0.00,0.00,0.0,BULLISH,727.0,4416.15,4416.46,4416.00,4416.22,13,ACTIVE_13s,46.0,7.0,24.0,15.0,52.2,32.6,52.2,BLOCKED_52.2%,4416.30,8.0,NO,STANDBY_VEL_LOW,0,0.00,4590.00,70.46,FALSE,OPP_WICK_TOO_HIGH_0.52|OPENING_SHIELD_ACTIVE_13s
2026-09-07 14:59:13.778,1788793153.778,3360,28,501,4416.29,4416.37,8.0,PASS_<=10c,+7.0,UP,+14.0,+229.0,4.2,+1.89,0.45,SLOW,4414.00,4419.48,4412.21,4417.17,0.00,0.00,0.0,BULLISH,727.0,4416.15,4416.46,4416.00,4416.29,13,ACTIVE_13s,46.0,14.0,17.0,15.0,37.0,32.6,37.0,BLOCKED_37.0%,4416.30,1.0,NO,STANDBY_VEL_LOW,0,0.00,4590.00,70.46,FALSE,OPP_WICK_TOO_HIGH_0.37|OPENING_SHIELD_ACTIVE_13s
2026-09-07 14:59:14.279,1788793154.280,3361,29,502,4416.29,4416.37,8.0,PASS_<=10c,+0.0,FLAT,+14.0,+229.0,4.2,+1.89,0.45,SLOW,4414.00,4419.48,4412.21,4417.17,0.00,0.00,0.0,BULLISH,727.0,4416.15,4416.46,4416.00,4416.29,14,ACTIVE_14s,46.0,14.0,17.0,15.0,37.0,32.6,37.0,BLOCKED_37.0%,4416.30,1.0,NO,STANDBY_VEL_LOW,0,0.00,4590.00,70.46,FALSE,OPP_WICK_TOO_HIGH_0.37|OPENING_SHIELD_ACTIVE_14s
2026-09-07 14:59:14.781,1788793154.782,3362,30,503,4416.29,4416.37,8.0,PASS_<=10c,+0.0,FLAT,+14.0,+229.0,4.2,+3.57,0.85,SLOW,4414.00,4419.48,4412.21,4417.17,0.00,0.00,0.0,BULLISH,727.0,4416.15,4416.46,4416.00,4416.29,14,ACTIVE_14s,46.0,14.0,17.0,15.0,37.0,32.6,37.0,BLOCKED_37.0%,4416.30,1.0,NO,STANDBY_VEL_LOW,0,0.00,4590.00,70.46,FALSE,OPP_WICK_TOO_HIGH_0.37|OPENING_SHIELD_ACTIVE_14s
2026-09-07 14:59:15.283,1788793155.284,3363,31,504,4416.22,4416.30,8.0,PASS_<=10c,-7.0,DOWN,+7.0,+222.0,4.2,+0.63,0.15,SLOW,4414.00,4419.48,4412.21,4417.17,0.00,0.00,0.0,BULLISH,727.0,4416.15,4416.46,4416.00,4416.22,15,ACTIVE_15s,46.0,7.0,24.0,15.0,52.2,32.6,52.2,BLOCKED_52.2%,4416.30,8.0,NO,STANDBY_VEL_LOW,0,0.00,4590.00,70.46,FALSE,OPP_WICK_TOO_HIGH_0.52|OPENING_SHIELD_ACTIVE_15s
2026-09-07 14:59:15.786,1788793155.786,3364,32,505,4416.22,4416.30,8.0,PASS_<=10c,+0.0,FLAT,+7.0,+222.0,4.2,+0.63,0.15,SLOW,4414.00,4419.48,4412.21,4417.17,0.00,0.00,0.0,BULLISH,727.0,4416.15,4416.46,4416.00,4416.22,15,ACTIVE_15s,46.0,7.0,24.0,15.0,52.2,32.6,52.2,BLOCKED_52.2%,4416.30,8.0,NO,STANDBY_VEL_LOW,0,0.00,4590.00,70.46,FALSE,OPP_WICK_TOO_HIGH_0.52|OPENING_SHIELD_ACTIVE_15s
2026-09-07 14:59:16.287,1788793156.288,3365,33,506,4416.22,4416.30,8.0,PASS_<=10c,+0.0,FLAT,+7.0,+222.0,4.2,+0.63,0.15,SLOW,4414.00,4419.48,4412.21,4417.17,0.00,0.00,0.0,BULLISH,727.0,4416.15,4416.46,4416.00,4416.22,16,ACTIVE_16s,46.0,7.0,24.0,15.0,52.2,32.6,52.2,BLOCKED_52.2%,4416.30,8.0,NO,STANDBY_VEL_LOW,0,0.00,4590.00,70.46,FALSE,OPP_WICK_TOO_HIGH_0.52|OPENING_SHIELD_ACTIVE_16s
2026-09-07 14:59:16.789,1788793156.789,3366,34,507,4416.22,4416.30,8.0,PASS_<=10c,+0.0,FLAT,+7.0,+222.0,4.2,+0.21,0.05,SLOW,4414.00,4419.48,4412.21,4417.17,0.00,0.00,0.0,BULLISH,727.0,4416.15,4416.46,4416.00,4416.22,16,ACTIVE_16s,46.0,7.0,24.0,15.0,52.2,32.6,52.2,BLOCKED_52.2%,4416.30,8.0,NO,STANDBY_VEL_LOW,0,0.00,4590.00,70.46,FALSE,OPP_WICK_TOO_HIGH_0.52|OPENING_SHIELD_ACTIVE_16s
2026-09-07 14:59:17.291,1788793157.291,3367,35,508,4416.11,4416.19,8.0,PASS_<=10c,-11.0,DOWN,-4.0,+211.0,4.2,+2.10,0.50,SLOW,4414.00,4419.48,4412.21,4417.17,0.00,0.00,0.0,BULLISH,727.0,4416.15,4416.46,4416.00,4416.11,17,ACTIVE_17s,46.0,4.0,31.0,11.0,67.4,23.9,67.4,BLOCKED_67.4%,0.00,0.0,NO,STANDBY_VEL_LOW,0,0.00,4590.00,70.46,FALSE,M1_DIRECTION_MISMATCH|OPENING_SHIELD_ACTIVE_17s
2026-09-07 14:59:17.794,1788793157.794,3368,36,509,4416.21,4416.29,8.0,PASS_<=10c,+10.0,UP,+6.0,+221.0,4.2,+0.21,0.05,SLOW,4414.00,4419.48,4412.21,4417.17,0.00,0.00,0.0,BULLISH,727.0,4416.15,4416.46,4416.00,4416.21,17,ACTIVE_17s,46.0,6.0,25.0,15.0,54.3,32.6,54.3,BLOCKED_54.3%,4416.30,9.0,NO,STANDBY_VEL_LOW,0,0.00,4590.00,70.46,FALSE,OPP_WICK_TOO_HIGH_0.54|OPENING_SHIELD_ACTIVE_17s|PRICE_BELOW_15C_DISPLACEMENT
2026-09-07 14:59:18.296,1788793158.297,3369,37,510,4416.23,4416.31,8.0,PASS_<=10c,+2.0,UP,+8.0,+223.0,4.2,+0.21,0.05,SLOW,4414.00,4419.48,4412.21,4417.17,0.00,0.00,0.0,BULLISH,727.0,4416.15,4416.46,4416.00,4416.23,18,ACTIVE_18s,46.0,8.0,23.0,15.0,50.0,32.6,50.0,BLOCKED_50.0%,4416.30,7.0,NO,STANDBY_VEL_LOW,0,0.00,4590.00,70.46,FALSE,OPP_WICK_TOO_HIGH_0.50|OPENING_SHIELD_ACTIVE_18s
2026-09-07 14:59:18.798,1788793158.799,3370,38,511,4416.23,4416.31,8.0,PASS_<=10c,+0.0,FLAT,+8.0,+223.0,4.2,+1.47,0.35,SLOW,4414.00,4419.48,4412.21,4417.17,0.00,0.00,0.0,BULLISH,727.0,4416.15,4416.46,4416.00,4416.23,18,ACTIVE_18s,46.0,8.0,23.0,15.0,50.0,32.6,50.0,BLOCKED_50.0%,4416.30,7.0,NO,STANDBY_VEL_LOW,0,0.00,4590.00,70.46,FALSE,OPP_WICK_TOO_HIGH_0.50|OPENING_SHIELD_ACTIVE_18s
2026-09-07 14:59:19.300,1788793159.300,3371,39,512,4416.23,4416.31,8.0,PASS_<=10c,+0.0,FLAT,+8.0,+223.0,4.2,+1.26,0.30,SLOW,4414.00,4419.48,4412.21,4417.17,0.00,0.00,0.0,BULLISH,727.0,4416.15,4416.46,4416.00,4416.23,19,ACTIVE_19s,46.0,8.0,23.0,15.0,50.0,32.6,50.0,BLOCKED_50.0%,4416.30,7.0,NO,STANDBY_VEL_LOW,0,0.00,4590.00,70.46,FALSE,OPP_WICK_TOO_HIGH_0.50|OPENING_SHIELD_ACTIVE_19s
2026-09-07 14:59:19.802,1788793159.802,3372,40,513,4416.23,4416.31,8.0,PASS_<=10c,+0.0,FLAT,+8.0,+223.0,4.2,+0.58,0.14,SLOW,4414.00,4419.48,4412.21,4417.17,0.00,0.00,0.0,BULLISH,727.0,4416.15,4416.46,4416.00,4416.23,19,ACTIVE_19s,46.0,8.0,23.0,15.0,50.0,32.6,50.0,BLOCKED_50.0%,4416.30,7.0,NO,STANDBY_VEL_LOW,0,0.00,4590.00,70.46,FALSE,OPP_WICK_TOO_HIGH_0.50|OPENING_SHIELD_ACTIVE_19s
2026-09-07 14:59:20.303,1788793160.304,3373,41,514,4416.29,4416.37,8.0,PASS_<=10c,+6.0,UP,+14.0,+229.0,4.2,+1.47,0.35,SLOW,4414.00,4419.48,4412.21,4417.17,0.00,0.00,0.0,BULLISH,727.0,4416.15,4416.46,4416.00,4416.29,20,CLEARED_>=20s,46.0,14.0,17.0,15.0,37.0,32.6,37.0,BLOCKED_37.0%,4416.30,1.0,NO,STANDBY_VEL_LOW,0,0.00,4590.00,70.46,FALSE,OPP_WICK_TOO_HIGH_0.37
2026-09-07 14:59:20.805,1788793160.805,3374,42,515,4416.28,4416.36,8.0,PASS_<=10c,-1.0,DOWN,+13.0,+228.0,4.2,+1.26,0.30,SLOW,4414.00,4419.48,4412.21,4417.17,0.00,0.00,0.0,BULLISH,727.0,4416.15,4416.46,4416.00,4416.28,20,CLEARED_>=20s,46.0,13.0,18.0,15.0,39.1,32.6,39.1,BLOCKED_39.1%,4416.30,2.0,NO,STANDBY_VEL_LOW,0,0.00,4590.00,70.46,FALSE,OPP_WICK_TOO_HIGH_0.39
2026-09-07 14:59:21.306,1788793161.307,3375,43,516,4416.23,4416.31,8.0,PASS_<=10c,-5.0,DOWN,+8.0,+223.0,4.2,+0.67,0.16,SLOW,4414.00,4419.48,4412.21,4417.17,0.00,0.00,0.0,BULLISH,727.0,4416.15,4416.46,4416.00,4416.23,21,CLEARED_>=20s,46.0,8.0,23.0,15.0,50.0,32.6,50.0,BLOCKED_50.0%,4416.30,7.0,NO,STANDBY_VEL_LOW,0,0.00,4590.00,70.46,FALSE,OPP_WICK_TOO_HIGH_0.50
2026-09-07 14:59:21.809,1788793161.809,3376,44,517,4416.22,4416.30,8.0,PASS_<=10c,-1.0,DOWN,+7.0,+222.0,4.2,+1.68,0.40,SLOW,4414.00,4419.48,4412.21,4417.17,0.00,0.00,0.0,BULLISH,727.0,4416.15,4416.46,4416.00,4416.22,21,CLEARED_>=20s,46.0,7.0,24.0,15.0,52.2,32.6,52.2,BLOCKED_52.2%,4416.30,8.0,NO,STANDBY_VEL_LOW,0,0.00,4590.00,70.46,FALSE,OPP_WICK_TOO_HIGH_0.52
2026-09-07 14:59:22.310,1788793162.311,3377,45,518,4416.22,4416.30,8.0,PASS_<=10c,+0.0,FLAT,+7.0,+222.0,4.2,+2.31,0.55,SLOW,4414.00,4419.48,4412.21,4417.17,0.00,0.00,0.0,BULLISH,727.0,4416.15,4416.46,4416.00,4416.22,22,CLEARED_>=20s,46.0,7.0,24.0,15.0,52.2,32.6,52.2,BLOCKED_52.2%,4416.30,8.0,NO,STANDBY_VEL_LOW,0,0.00,4590.00,70.46,FALSE,OPP_WICK_TOO_HIGH_0.52
2026-09-07 14:59:22.812,1788793162.813,3378,46,519,4416.22,4416.30,8.0,PASS_<=10c,+0.0,FLAT,+7.0,+222.0,4.2,+0.21,0.05,SLOW,4414.00,4419.48,4412.21,4417.17,0.00,0.00,0.0,BULLISH,727.0,4416.15,4416.46,4416.00,4416.22,22,CLEARED_>=20s,46.0,7.0,24.0,15.0,52.2,32.6,52.2,BLOCKED_52.2%,4416.30,8.0,NO,STANDBY_VEL_LOW,0,0.00,4590.00,70.46,FALSE,OPP_WICK_TOO_HIGH_0.52
2026-09-07 14:59:23.314,1788793163.315,3379,47,520,4416.22,4416.30,8.0,PASS_<=10c,+0.0,FLAT,+7.0,+222.0,4.2,+0.52,0.12,SLOW,4414.00,4419.48,4412.21,4417.17,0.00,0.00,0.0,BULLISH,727.0,4416.15,4416.46,4416.00,4416.22,23,CLEARED_>=20s,46.0,7.0,24.0,15.0,52.2,32.6,52.2,BLOCKED_52.2%,4416.30,8.0,NO,STANDBY_VEL_LOW,0,0.00,4590.00,70.46,FALSE,OPP_WICK_TOO_HIGH_0.52
2026-09-07 14:59:23.815,1788793163.816,3380,48,521,4416.27,4416.35,8.0,PASS_<=10c,+5.0,UP,+12.0,+227.0,4.2,+0.84,0.20,SLOW,4414.00,4419.48,4412.21,4417.17,0.00,0.00,0.0,BULLISH,727.0,4416.15,4416.46,4416.00,4416.27,23,CLEARED_>=20s,46.0,12.0,19.0,15.0,41.3,32.6,41.3,BLOCKED_41.3%,4416.30,3.0,NO,STANDBY_VEL_LOW,0,0.00,4590.00,70.46,FALSE,OPP_WICK_TOO_HIGH_0.41
2026-09-07 14:59:24.318,1788793164.318,3381,49,522,4416.27,4416.35,8.0,PASS_<=10c,+0.0,FLAT,+12.0,+227.0,4.2,+0.84,0.20,SLOW,4414.00,4419.48,4412.21,4417.17,0.00,0.00,0.0,BULLISH,727.0,4416.15,4416.46,4416.00,4416.27,24,CLEARED_>=20s,46.0,12.0,19.0,15.0,41.3,32.6,41.3,BLOCKED_41.3%,4416.30,3.0,NO,STANDBY_VEL_LOW,0,0.00,4590.00,70.46,FALSE,OPP_WICK_TOO_HIGH_0.41
2026-09-07 14:59:24.820,1788793164.820,3382,50,523,4416.31,4416.39,8.0,PASS_<=10c,+4.0,UP,+16.0,+231.0,4.2,+1.26,0.30,SLOW,4414.00,4419.48,4412.21,4417.17,0.00,0.00,0.0,BULLISH,727.0,4416.15,4416.46,4416.00,4416.31,24,CLEARED_>=20s,46.0,16.0,15.0,15.0,32.6,32.6,32.6,BLOCKED_32.6%,4416.30,1.0,NO,STANDBY_VEL_LOW,0,0.00,4590.00,70.46,FALSE,OPP_WICK_TOO_HIGH_0.33
2026-09-07 14:59:25.321,1788793165.321,3383,51,524,4416.19,4416.27,8.0,PASS_<=10c,-12.0,DOWN,+4.0,+219.0,4.2,+2.10,0.50,SLOW,4414.00,4419.48,4412.21,4417.17,0.00,0.00,0.0,BULLISH,727.0,4416.15,4416.46,4416.00,4416.19,25,CLEARED_>=20s,46.0,4.0,27.0,15.0,58.7,32.6,58.7,BLOCKED_58.7%,4416.30,11.0,NO,STANDBY_VEL_LOW,0,0.00,4590.00,70.46,FALSE,OPP_WICK_TOO_HIGH_0.59|PRICE_BELOW_15C_DISPLACEMENT
2026-09-07 14:59:25.822,1788793165.823,3384,52,525,4416.19,4416.27,8.0,PASS_<=10c,+0.0,FLAT,+4.0,+219.0,4.2,+0.84,0.20,SLOW,4414.00,4419.48,4412.21,4417.17,0.00,0.00,0.0,BULLISH,727.0,4416.15,4416.46,4416.00,4416.19,25,CLEARED_>=20s,46.0,4.0,27.0,15.0,58.7,32.6,58.7,BLOCKED_58.7%,4416.30,11.0,NO,STANDBY_VEL_LOW,0,0.00,4590.00,70.46,FALSE,OPP_WICK_TOO_HIGH_0.59|PRICE_BELOW_15C_DISPLACEMENT
2026-09-07 14:59:26.324,1788793166.325,3385,53,526,4416.22,4416.30,8.0,PASS_<=10c,+3.0,UP,+7.0,+222.0,4.2,+0.85,0.20,SLOW,4414.00,4419.48,4412.21,4417.17,0.00,0.00,0.0,BULLISH,727.0,4416.15,4416.46,4416.00,4416.22,26,CLEARED_>=20s,46.0,7.0,24.0,15.0,52.2,32.6,52.2,BLOCKED_52.2%,4416.30,8.0,NO,STANDBY_VEL_LOW,0,0.00,4590.00,70.46,FALSE,OPP_WICK_TOO_HIGH_0.52
2026-09-07 14:59:26.827,1788793166.827,3386,54,527,4416.18,4416.26,8.0,PASS_<=10c,-4.0,DOWN,+3.0,+218.0,4.2,+0.84,0.20,SLOW,4414.00,4419.48,4412.21,4417.17,0.00,0.00,0.0,BULLISH,727.0,4416.15,4416.46,4416.00,4416.18,26,CLEARED_>=20s,46.0,3.0,28.0,15.0,60.9,32.6,60.9,BLOCKED_60.9%,4416.30,12.0,NO,STANDBY_VEL_LOW,0,0.00,4590.00,70.46,FALSE,OPP_WICK_TOO_HIGH_0.61|PRICE_BELOW_15C_DISPLACEMENT
2026-09-07 14:59:27.329,1788793167.330,3387,55,528,4416.19,4416.27,8.0,PASS_<=10c,+1.0,UP,+4.0,+219.0,4.2,+0.68,0.16,SLOW,4414.00,4419.48,4412.21,4417.17,0.00,0.00,0.0,BULLISH,727.0,4416.15,4416.46,4416.00,4416.19,27,CLEARED_>=20s,46.0,4.0,27.0,15.0,58.7,32.6,58.7,BLOCKED_58.7%,4416.30,11.0,NO,STANDBY_VEL_LOW,0,0.00,4590.00,70.46,FALSE,OPP_WICK_TOO_HIGH_0.59|PRICE_BELOW_15C_DISPLACEMENT
2026-09-07 14:59:27.831,1788793167.832,3388,56,529,4416.20,4416.28,8.0,PASS_<=10c,+1.0,UP,+5.0,+220.0,4.2,+0.73,0.17,SLOW,4414.00,4419.48,4412.21,4417.17,0.00,0.00,0.0,BULLISH,727.0,4416.15,4416.46,4416.00,4416.20,27,CLEARED_>=20s,46.0,5.0,26.0,15.0,56.5,32.6,56.5,BLOCKED_56.5%,4416.30,10.0,NO,STANDBY_VEL_LOW,0,0.00,4590.00,70.46,FALSE,OPP_WICK_TOO_HIGH_0.57|PRICE_BELOW_15C_DISPLACEMENT
2026-09-07 14:59:28.333,1788793168.333,3389,57,530,4416.35,4416.43,8.0,PASS_<=10c,+15.0,UP,+20.0,+235.0,4.2,+1.68,0.40,SLOW,4414.00,4419.48,4412.21,4417.17,0.00,0.00,0.0,BULLISH,727.0,4416.15,4416.46,4416.00,4416.35,28,CLEARED_>=20s,46.0,20.0,11.0,15.0,23.9,32.6,23.9,BLOCKED_23.9%,4416.30,5.0,NO,STANDBY_VEL_LOW,0,0.00,4590.00,70.46,FALSE,OPP_WICK_TOO_HIGH_0.24
2026-09-07 14:59:28.835,1788793168.835,3390,58,531,4416.44,4416.52,8.0,PASS_<=10c,+9.0,UP,+29.0,+244.0,4.2,+3.57,0.85,SLOW,4414.00,4419.48,4412.21,4417.17,0.00,0.00,0.0,BULLISH,727.0,4416.15,4416.46,4416.00,4416.44,28,CLEARED_>=20s,46.0,29.0,2.0,15.0,4.3,32.6,4.3,PASS_<20%,4416.30,14.0,YES,STANDBY_VEL_LOW,0,0.00,4590.00,70.46,TRUE,READY_TO_FIRE
2026-09-07 14:59:29.337,1788793169.337,3391,59,532,4416.43,4416.51,8.0,PASS_<=10c,-1.0,DOWN,+28.0,+243.0,4.2,+3.57,0.85,SLOW,4414.00,4419.48,4412.21,4417.17,0.00,0.00,0.0,BULLISH,727.0,4416.15,4416.46,4416.00,4416.43,29,CLEARED_>=20s,46.0,28.0,3.0,15.0,6.5,32.6,6.5,PASS_<20%,4416.30,13.0,YES,STANDBY_VEL_LOW,0,0.00,4590.00,70.46,TRUE,READY_TO_FIRE
2026-09-07 14:59:29.838,1788793169.839,3392,60,533,4416.44,4416.52,8.0,PASS_<=10c,+1.0,UP,+29.0,+244.0,4.2,+3.36,0.80,SLOW,4414.00,4419.48,4412.21,4417.17,0.00,0.00,0.0,BULLISH,727.0,4416.15,4416.46,4416.00,4416.44,29,CLEARED_>=20s,46.0,29.0,2.0,15.0,4.3,32.6,4.3,PASS_<20%,4416.30,14.0,YES,STANDBY_VEL_LOW,0,0.00,4590.00,70.46,TRUE,READY_TO_FIRE
2026-09-07 14:59:30.340,1788793170.341,3393,61,534,4416.44,4416.52,8.0,PASS_<=10c,+0.0,FLAT,+29.0,+244.0,4.2,+5.24,1.25,SLOW,4414.00,4419.48,4412.21,4417.17,0.00,0.00,0.0,BULLISH,727.0,4416.15,4416.46,4416.00,4416.44,30,CLEARED_>=20s,46.0,29.0,2.0,15.0,4.3,32.6,4.3,PASS_<20%,4416.30,14.0,YES,STANDBY_VEL_LOW,0,0.00,4590.00,70.46,TRUE,READY_TO_FIRE
2026-09-07 14:59:30.842,1788793170.843,3394,62,535,4416.44,4416.52,8.0,PASS_<=10c,+0.0,FLAT,+29.0,+244.0,4.2,+5.03,1.20,SLOW,4414.00,4419.48,4412.21,4417.17,0.00,0.00,0.0,BULLISH,727.0,4416.15,4416.46,4416.00,4416.44,30,CLEARED_>=20s,46.0,29.0,2.0,15.0,4.3,32.6,4.3,PASS_<20%,4416.30,14.0,YES,STANDBY_VEL_LOW,0,0.00,4590.00,70.46,TRUE,READY_TO_FIRE
2026-09-07 14:59:31.344,1788793171.345,3395,63,536,4416.32,4416.40,8.0,PASS_<=10c,-12.0,DOWN,+17.0,+232.0,4.2,+2.10,0.50,SLOW,4414.00,4419.48,4412.21,4417.17,0.00,0.00,0.0,BULLISH,727.0,4416.15,4416.46,4416.00,4416.32,31,CLEARED_>=20s,46.0,17.0,14.0,15.0,30.4,32.6,30.4,BLOCKED_30.4%,4416.30,2.0,NO,STANDBY_VEL_LOW,0,0.00,4590.00,70.46,FALSE,OPP_WICK_TOO_HIGH_0.30
2026-09-07 14:59:31.846,1788793171.847,3396,64,537,4416.30,4416.38,8.0,PASS_<=10c,-2.0,DOWN,+15.0,+230.0,4.2,+2.31,0.55,SLOW,4414.00,4419.48,4412.21,4417.17,0.00,0.00,0.0,BULLISH,727.0,4416.15,4416.46,4416.00,4416.30,31,CLEARED_>=20s,46.0,15.0,16.0,15.0,34.8,32.6,34.8,BLOCKED_34.8%,4416.30,0.0,NO,STANDBY_VEL_LOW,0,0.00,4590.00,70.46,FALSE,OPP_WICK_TOO_HIGH_0.35
2026-09-07 14:59:32.348,1788793172.348,3397,65,538,4416.28,4416.36,8.0,PASS_<=10c,-2.0,DOWN,+13.0,+228.0,4.2,+1.68,0.40,SLOW,4414.00,4419.48,4412.21,4417.17,0.00,0.00,0.0,BULLISH,727.0,4416.15,4416.46,4416.00,4416.28,32,CLEARED_>=20s,46.0,13.0,18.0,15.0,39.1,32.6,39.1,BLOCKED_39.1%,4416.30,2.0,NO,STANDBY_VEL_LOW,0,0.00,4590.00,70.46,FALSE,OPP_WICK_TOO_HIGH_0.39
2026-09-07 14:59:32.849,1788793172.850,3398,66,539,4416.28,4416.36,8.0,PASS_<=10c,+0.0,FLAT,+13.0,+228.0,4.2,+1.68,0.40,SLOW,4414.00,4419.48,4412.21,4417.17,0.00,0.00,0.0,BULLISH,727.0,4416.15,4416.46,4416.00,4416.28,32,CLEARED_>=20s,46.0,13.0,18.0,15.0,39.1,32.6,39.1,BLOCKED_39.1%,4416.30,2.0,NO,STANDBY_VEL_LOW,0,0.00,4590.00,70.46,FALSE,OPP_WICK_TOO_HIGH_0.39
2026-09-07 14:59:33.351,1788793173.352,3399,67,540,4416.36,4416.44,8.0,PASS_<=10c,+8.0,UP,+21.0,+236.0,4.2,+1.68,0.40,SLOW,4414.00,4419.48,4412.21,4417.17,0.00,0.00,0.0,BULLISH,727.0,4416.15,4416.46,4416.00,4416.36,33,CLEARED_>=20s,46.0,21.0,10.0,15.0,21.7,32.6,21.7,BLOCKED_21.7%,4416.30,6.0,NO,STANDBY_VEL_LOW,0,0.00,4590.00,70.46,FALSE,OPP_WICK_TOO_HIGH_0.22
2026-09-07 14:59:33.852,1788793173.853,3400,68,541,4416.36,4416.44,8.0,PASS_<=10c,+0.0,FLAT,+21.0,+236.0,4.2,+1.47,0.35,SLOW,4414.00,4419.48,4412.21,4417.17,0.00,0.00,0.0,BULLISH,727.0,4416.15,4416.46,4416.00,4416.36,33,CLEARED_>=20s,46.0,21.0,10.0,15.0,21.7,32.6,21.7,BLOCKED_21.7%,4416.30,6.0,NO,STANDBY_VEL_LOW,0,0.00,4590.00,70.46,FALSE,OPP_WICK_TOO_HIGH_0.22
2026-09-07 14:59:34.355,1788793174.355,3401,69,542,4416.60,4416.68,8.0,PASS_<=10c,+24.0,UP,+45.0,+260.0,4.2,+3.36,0.80,SLOW,4414.00,4419.48,4412.21,4417.17,0.00,0.00,0.0,BULLISH,727.0,4416.15,4416.60,4416.00,4416.60,34,CLEARED_>=20s,60.0,45.0,0.0,15.0,0.0,25.0,0.0,PASS_<20%,4416.30,30.0,YES,STANDBY_VEL_LOW,0,0.00,4590.00,70.46,TRUE,READY_TO_FIRE
2026-09-07 14:59:34.856,1788793174.856,3402,70,543,4416.60,4416.68,8.0,PASS_<=10c,+0.0,FLAT,+45.0,+260.0,4.2,+3.36,0.80,SLOW,4414.00,4419.48,4412.21,4417.17,0.00,0.00,0.0,BULLISH,727.0,4416.15,4416.60,4416.00,4416.60,34,CLEARED_>=20s,60.0,45.0,0.0,15.0,0.0,25.0,0.0,PASS_<20%,4416.30,30.0,YES,STANDBY_VEL_LOW,0,0.00,4590.00,70.46,TRUE,READY_TO_FIRE
2026-09-07 14:59:35.358,1788793175.359,3403,71,544,4416.64,4416.72,8.0,PASS_<=10c,+4.0,UP,+49.0,+264.0,4.2,+4.20,1.00,SLOW,4414.00,4419.48,4412.21,4417.17,0.00,0.00,0.0,BULLISH,727.0,4416.15,4416.64,4416.00,4416.64,35,CLEARED_>=20s,64.0,49.0,0.0,15.0,0.0,23.4,0.0,PASS_<20%,4416.30,34.0,YES,STANDBY_VEL_LOW,0,0.00,4590.00,70.46,TRUE,READY_TO_FIRE
2026-09-07 14:59:35.859,1788793175.860,3404,72,545,4416.98,4417.06,8.0,PASS_<=10c,+34.0,UP,+83.0,+298.0,4.2,+13.43,3.20,SLOW,4414.00,4419.48,4412.21,4417.17,0.00,0.00,0.0,BULLISH,727.0,4416.15,4416.98,4416.00,4416.98,35,CLEARED_>=20s,98.0,83.0,0.0,15.0,0.0,15.3,0.0,PASS_<20%,4416.30,68.0,YES,STANDBY_VEL_LOW,0,0.00,4590.00,70.46,TRUE,READY_TO_FIRE
2026-09-07 14:59:36.361,1788793176.362,3405,73,546,4417.03,4417.11,8.0,PASS_<=10c,+5.0,UP,+88.0,+303.0,4.2,+15.11,3.60,SLOW,4414.00,4419.48,4412.21,4417.17,0.00,0.00,0.0,BULLISH,727.0,4416.15,4417.03,4416.00,4417.03,36,CLEARED_>=20s,103.0,88.0,0.0,15.0,0.0,14.6,0.0,PASS_<20%,4416.30,73.0,YES,STANDBY_VEL_LOW,0,0.00,4590.00,70.46,TRUE,READY_TO_FIRE
2026-09-07 14:59:36.862,1788793176.863,3406,74,547,4417.05,4417.13,8.0,PASS_<=10c,+2.0,UP,+90.0,+305.0,4.2,+16.16,3.85,SLOW,4414.00,4419.48,4412.21,4417.17,0.00,0.00,0.0,BULLISH,727.0,4416.15,4417.05,4416.00,4417.05,36,CLEARED_>=20s,105.0,90.0,0.0,15.0,0.0,14.3,0.0,PASS_<20%,4416.30,75.0,YES,STANDBY_VEL_LOW,0,0.00,4590.00,70.46,TRUE,READY_TO_FIRE
2026-09-07 14:59:37.363,1788793177.364,3407,75,548,4417.06,4417.14,8.0,PASS_<=10c,+1.0,UP,+91.0,+306.0,4.2,+16.37,3.90,SLOW,4414.00,4419.48,4412.21,4417.17,0.00,0.00,0.0,BULLISH,727.0,4416.15,4417.06,4416.00,4417.06,37,CLEARED_>=20s,106.0,91.0,0.0,15.0,0.0,14.2,0.0,PASS_<20%,4416.30,76.0,YES,STANDBY_VEL_LOW,0,0.00,4590.00,70.46,TRUE,READY_TO_FIRE
2026-09-07 14:59:37.865,1788793177.866,3408,76,549,4417.05,4417.13,8.0,PASS_<=10c,-1.0,DOWN,+90.0,+305.0,4.2,+14.90,3.55,SLOW,4414.00,4419.48,4412.21,4417.17,0.00,0.00,0.0,BULLISH,727.0,4416.15,4417.06,4416.00,4417.05,37,CLEARED_>=20s,106.0,90.0,1.0,15.0,0.9,14.2,0.9,PASS_<20%,4416.30,75.0,YES,STANDBY_VEL_LOW,0,0.00,4590.00,70.46,TRUE,READY_TO_FIRE
2026-09-07 14:59:38.367,1788793178.367,3409,77,550,4417.04,4417.12,8.0,PASS_<=10c,-1.0,DOWN,+89.0,+304.0,4.2,+14.27,3.40,SLOW,4414.00,4419.48,4412.21,4417.17,0.00,0.00,0.0,BULLISH,727.0,4416.15,4417.06,4416.00,4417.04,38,CLEARED_>=20s,106.0,89.0,2.0,15.0,1.9,14.2,1.9,PASS_<20%,4416.30,74.0,YES,STANDBY_VEL_LOW,0,0.00,4590.00,70.46,TRUE,READY_TO_FIRE
2026-09-07 14:59:38.870,1788793178.870,3410,78,551,4417.04,4417.12,8.0,PASS_<=10c,+0.0,FLAT,+89.0,+304.0,4.2,+13.64,3.25,SLOW,4414.00,4419.48,4412.21,4417.17,0.00,0.00,0.0,BULLISH,727.0,4416.15,4417.06,4416.00,4417.04,38,CLEARED_>=20s,106.0,89.0,2.0,15.0,1.9,14.2,1.9,PASS_<20%,4416.30,74.0,YES,STANDBY_VEL_LOW,0,0.00,4590.00,70.46,TRUE,READY_TO_FIRE
2026-09-07 14:59:39.371,1788793179.372,3411,79,552,4417.00,4417.08,8.0,PASS_<=10c,-4.0,DOWN,+85.0,+300.0,4.2,+8.39,2.00,SLOW,4414.00,4419.48,4412.21,4417.17,0.00,0.00,0.0,BULLISH,727.0,4416.15,4417.06,4416.00,4417.00,39,CLEARED_>=20s,106.0,85.0,6.0,15.0,5.7,14.2,5.7,PASS_<20%,4416.30,70.0,YES,STANDBY_VEL_LOW,0,0.00,4590.00,70.46,TRUE,READY_TO_FIRE
2026-09-07 14:59:39.872,1788793179.873,3412,80,553,4416.94,4417.02,8.0,PASS_<=10c,-6.0,DOWN,+79.0,+294.0,4.2,+6.29,1.50,SLOW,4414.00,4419.48,4412.21,4417.17,0.00,0.00,0.0,BULLISH,727.0,4416.15,4417.06,4416.00,4416.94,39,CLEARED_>=20s,106.0,79.0,12.0,15.0,11.3,14.2,11.3,PASS_<20%,4416.30,64.0,YES,STANDBY_VEL_LOW,0,0.00,4590.00,70.46,TRUE,READY_TO_FIRE
2026-09-07 14:59:40.373,1788793180.374,3413,81,554,4416.83,4416.91,8.0,PASS_<=10c,-11.0,DOWN,+68.0,+283.0,4.2,+2.73,0.65,SLOW,4414.00,4419.48,4412.21,4417.17,0.00,0.00,0.0,BULLISH,727.0,4416.15,4417.06,4416.00,4416.83,40,CLEARED_>=20s,106.0,68.0,23.0,15.0,21.7,14.2,21.7,BLOCKED_21.7%,4416.30,53.0,NO,STANDBY_VEL_LOW,0,0.00,4590.00,70.46,FALSE,OPP_WICK_TOO_HIGH_0.22
2026-09-07 14:59:40.876,1788793180.877,3414,82,555,4416.83,4416.91,8.0,PASS_<=10c,+0.0,FLAT,+68.0,+283.0,4.2,+3.99,0.95,SLOW,4414.00,4419.48,4412.21,4417.17,0.00,0.00,0.0,BULLISH,727.0,4416.15,4417.06,4416.00,4416.83,40,CLEARED_>=20s,106.0,68.0,23.0,15.0,21.7,14.2,21.7,BLOCKED_21.7%,4416.30,53.0,NO,STANDBY_VEL_LOW,0,0.00,4590.00,70.46,FALSE,OPP_WICK_TOO_HIGH_0.22
2026-09-07 14:59:41.378,1788793181.378,3415,83,556,4416.90,4416.98,8.0,PASS_<=10c,+7.0,UP,+75.0,+290.0,4.2,+2.73,0.65,SLOW,4414.00,4419.48,4412.21,4417.17,0.00,0.00,0.0,BULLISH,727.0,4416.15,4417.06,4416.00,4416.90,41,CLEARED_>=20s,106.0,75.0,16.0,15.0,15.1,14.2,15.1,PASS_<20%,4416.30,60.0,YES,STANDBY_VEL_LOW,0,0.00,4590.00,70.46,TRUE,READY_TO_FIRE
2026-09-07 14:59:41.879,1788793181.880,3416,84,557,4416.93,4417.01,8.0,PASS_<=10c,+3.0,UP,+78.0,+293.0,4.2,+2.31,0.55,SLOW,4414.00,4419.48,4412.21,4417.17,0.00,0.00,0.0,BULLISH,727.0,4416.15,4417.06,4416.00,4416.93,41,CLEARED_>=20s,106.0,78.0,13.0,15.0,12.3,14.2,12.3,PASS_<20%,4416.30,63.0,YES,STANDBY_VEL_LOW,0,0.00,4590.00,70.46,TRUE,READY_TO_FIRE
2026-09-07 14:59:42.380,1788793182.381,3417,85,558,4416.90,4416.98,8.0,PASS_<=10c,-3.0,DOWN,+75.0,+290.0,4.2,+3.36,0.80,SLOW,4414.00,4419.48,4412.21,4417.17,0.00,0.00,0.0,BULLISH,727.0,4416.15,4417.06,4416.00,4416.90,42,CLEARED_>=20s,106.0,75.0,16.0,15.0,15.1,14.2,15.1,PASS_<20%,4416.30,60.0,YES,STANDBY_VEL_LOW,0,0.00,4590.00,70.46,TRUE,READY_TO_FIRE
2026-09-07 14:59:42.881,1788793182.882,3418,86,559,4416.88,4416.96,8.0,PASS_<=10c,-2.0,DOWN,+73.0,+288.0,4.2,+3.36,0.80,SLOW,4414.00,4419.48,4412.21,4417.17,0.00,0.00,0.0,BULLISH,727.0,4416.15,4417.06,4416.00,4416.88,42,CLEARED_>=20s,106.0,73.0,18.0,15.0,17.0,14.2,17.0,PASS_<20%,4416.30,58.0,YES,STANDBY_VEL_LOW,0,0.00,4590.00,70.46,TRUE,READY_TO_FIRE
2026-09-07 14:59:43.383,1788793183.384,3419,87,560,4416.86,4416.94,8.0,PASS_<=10c,-2.0,DOWN,+71.0,+286.0,4.2,+3.78,0.90,SLOW,4414.00,4419.48,4412.21,4417.17,0.00,0.00,0.0,BULLISH,727.0,4416.15,4417.06,4416.00,4416.86,43,CLEARED_>=20s,106.0,71.0,20.0,15.0,18.9,14.2,18.9,PASS_<20%,4416.30,56.0,YES,STANDBY_VEL_LOW,0,0.00,4590.00,70.46,TRUE,READY_TO_FIRE
2026-09-07 14:59:43.885,1788793183.886,3420,88,561,4416.91,4416.99,8.0,PASS_<=10c,+5.0,UP,+76.0,+291.0,4.2,+2.73,0.65,SLOW,4414.00,4419.48,4412.21,4417.17,0.00,0.00,0.0,BULLISH,727.0,4416.15,4417.06,4416.00,4416.91,43,CLEARED_>=20s,106.0,76.0,15.0,15.0,14.2,14.2,14.2,PASS_<20%,4416.30,61.0,YES,STANDBY_VEL_LOW,0,0.00,4590.00,70.46,TRUE,READY_TO_FIRE
2026-09-07 14:59:44.387,1788793184.387,3421,89,562,4417.01,4417.09,8.0,PASS_<=10c,+10.0,UP,+86.0,+301.0,4.2,+2.52,0.60,SLOW,4414.00,4419.48,4412.21,4417.17,0.00,0.00,0.0,BULLISH,727.0,4416.15,4417.06,4416.00,4417.01,44,CLEARED_>=20s,106.0,86.0,5.0,15.0,4.7,14.2,4.7,PASS_<20%,4416.30,71.0,YES,STANDBY_VEL_LOW,0,0.00,4590.00,70.46,TRUE,READY_TO_FIRE
2026-09-07 14:59:44.888,1788793184.888,3422,90,563,4416.98,4417.06,8.0,PASS_<=10c,-3.0,DOWN,+83.0,+298.0,4.2,+1.89,0.45,SLOW,4414.00,4419.48,4412.21,4417.17,0.00,0.00,0.0,BULLISH,727.0,4416.15,4417.06,4416.00,4416.98,44,CLEARED_>=20s,106.0,83.0,8.0,15.0,7.5,14.2,7.5,PASS_<20%,4416.30,68.0,YES,STANDBY_VEL_LOW,0,0.00,4590.00,70.46,TRUE,READY_TO_FIRE
2026-09-07 14:59:45.390,1788793185.390,3423,91,564,4417.02,4417.10,8.0,PASS_<=10c,+4.0,UP,+87.0,+302.0,4.2,+4.62,1.10,SLOW,4414.00,4419.48,4412.21,4417.17,0.00,0.00,0.0,BULLISH,727.0,4416.15,4417.06,4416.00,4417.02,45,CLEARED_>=20s,106.0,87.0,4.0,15.0,3.8,14.2,3.8,PASS_<20%,4416.30,72.0,YES,STANDBY_VEL_LOW,0,0.00,4590.00,70.46,TRUE,READY_TO_FIRE
2026-09-07 14:59:45.892,1788793185.892,3424,92,565,4417.01,4417.09,8.0,PASS_<=10c,-1.0,DOWN,+86.0,+301.0,4.2,+2.31,0.55,SLOW,4414.00,4419.48,4412.21,4417.17,0.00,0.00,0.0,BULLISH,727.0,4416.15,4417.06,4416.00,4417.01,45,CLEARED_>=20s,106.0,86.0,5.0,15.0,4.7,14.2,4.7,PASS_<20%,4416.30,71.0,YES,STANDBY_VEL_LOW,0,0.00,4590.00,70.46,TRUE,READY_TO_FIRE
2026-09-07 14:59:46.394,1788793186.395,3425,93,566,4416.90,4416.98,8.0,PASS_<=10c,-11.0,DOWN,+75.0,+290.0,4.2,+1.77,0.42,SLOW,4414.00,4419.48,4412.21,4417.17,0.00,0.00,0.0,BULLISH,727.0,4416.15,4417.06,4416.00,4416.90,46,CLEARED_>=20s,106.0,75.0,16.0,15.0,15.1,14.2,15.1,PASS_<20%,4416.30,60.0,YES,STANDBY_VEL_LOW,0,0.00,4590.00,70.46,TRUE,READY_TO_FIRE
2026-09-07 14:59:46.896,1788793186.896,3426,94,567,4416.86,4416.94,8.0,PASS_<=10c,-4.0,DOWN,+71.0,+286.0,4.2,+1.77,0.42,SLOW,4414.00,4419.48,4412.21,4417.17,0.00,0.00,0.0,BULLISH,727.0,4416.15,4417.06,4416.00,4416.86,46,CLEARED_>=20s,106.0,71.0,20.0,15.0,18.9,14.2,18.9,PASS_<20%,4416.30,56.0,YES,STANDBY_VEL_LOW,0,0.00,4590.00,70.46,TRUE,READY_TO_FIRE
2026-09-07 14:59:47.397,1788793187.398,3427,95,568,4416.83,4416.91,8.0,PASS_<=10c,-3.0,DOWN,+68.0,+283.0,4.2,+1.60,0.38,SLOW,4414.00,4419.48,4412.21,4417.17,0.00,0.00,0.0,BULLISH,727.0,4416.15,4417.06,4416.00,4416.83,47,CLEARED_>=20s,106.0,68.0,23.0,15.0,21.7,14.2,21.7,BLOCKED_21.7%,4416.30,53.0,NO,STANDBY_VEL_LOW,0,0.00,4590.00,70.46,FALSE,OPP_WICK_TOO_HIGH_0.22
2026-09-07 14:59:47.899,1788793187.899,3428,96,569,4416.83,4416.91,8.0,PASS_<=10c,+0.0,FLAT,+68.0,+283.0,4.2,+1.62,0.39,SLOW,4414.00,4419.48,4412.21,4417.17,0.00,0.00,0.0,BULLISH,727.0,4416.15,4417.06,4416.00,4416.83,47,CLEARED_>=20s,106.0,68.0,23.0,15.0,21.7,14.2,21.7,BLOCKED_21.7%,4416.30,53.0,NO,STANDBY_VEL_LOW,0,0.00,4590.00,70.46,FALSE,OPP_WICK_TOO_HIGH_0.22
2026-09-07 14:59:48.401,1788793188.401,3429,97,570,4416.83,4416.91,8.0,PASS_<=10c,+0.0,FLAT,+68.0,+283.0,4.2,+1.57,0.37,SLOW,4414.00,4419.48,4412.21,4417.17,0.00,0.00,0.0,BULLISH,727.0,4416.15,4417.06,4416.00,4416.83,48,CLEARED_>=20s,106.0,68.0,23.0,15.0,21.7,14.2,21.7,BLOCKED_21.7%,4416.30,53.0,NO,STANDBY_VEL_LOW,0,0.00,4590.00,70.46,FALSE,OPP_WICK_TOO_HIGH_0.22
2026-09-07 14:59:48.902,1788793188.903,3430,98,571,4416.81,4416.89,8.0,PASS_<=10c,-2.0,DOWN,+66.0,+281.0,4.2,+2.31,0.55,SLOW,4414.00,4419.48,4412.21,4417.17,0.00,0.00,0.0,BULLISH,727.0,4416.15,4417.06,4416.00,4416.81,48,CLEARED_>=20s,106.0,66.0,25.0,15.0,23.6,14.2,23.6,BLOCKED_23.6%,4416.30,51.0,NO,STANDBY_VEL_LOW,0,0.00,4590.00,70.46,FALSE,OPP_WICK_TOO_HIGH_0.24
2026-09-07 14:59:49.404,1788793189.405,3431,99,572,4416.82,4416.90,8.0,PASS_<=10c,+1.0,UP,+67.0,+282.0,4.2,+2.94,0.70,SLOW,4414.00,4419.48,4412.21,4417.17,0.00,0.00,0.0,BULLISH,727.0,4416.15,4417.06,4416.00,4416.82,49,CLEARED_>=20s,106.0,67.0,24.0,15.0,22.6,14.2,22.6,BLOCKED_22.6%,4416.30,52.0,NO,STANDBY_VEL_LOW,0,0.00,4590.00,70.46,FALSE,OPP_WICK_TOO_HIGH_0.23
2026-09-07 14:59:49.906,1788793189.906,3432,100,573,4416.81,4416.89,8.0,PASS_<=10c,-1.0,DOWN,+66.0,+281.0,4.2,+3.57,0.85,SLOW,4414.00,4419.48,4412.21,4417.17,0.00,0.00,0.0,BULLISH,727.0,4416.15,4417.06,4416.00,4416.81,49,CLEARED_>=20s,106.0,66.0,25.0,15.0,23.6,14.2,23.6,BLOCKED_23.6%,4416.30,51.0,NO,STANDBY_VEL_LOW,0,0.00,4590.00,70.46,FALSE,OPP_WICK_TOO_HIGH_0.24
2026-09-07 14:59:50.406,1788793190.407,3433,101,574,4416.81,4416.89,8.0,PASS_<=10c,+0.0,FLAT,+66.0,+281.0,4.2,+4.20,1.00,SLOW,4414.00,4419.48,4412.21,4417.17,0.00,0.00,0.0,BULLISH,727.0,4416.15,4417.06,4416.00,4416.81,50,CLEARED_>=20s,106.0,66.0,25.0,15.0,23.6,14.2,23.6,BLOCKED_23.6%,4416.30,51.0,NO,STANDBY_VEL_LOW,0,0.00,4590.00,70.46,FALSE,OPP_WICK_TOO_HIGH_0.24
2026-09-07 14:59:50.908,1788793190.909,3434,102,575,4416.78,4416.86,8.0,PASS_<=10c,-3.0,DOWN,+63.0,+278.0,4.2,+3.15,0.75,SLOW,4414.00,4419.48,4412.21,4417.17,0.00,0.00,0.0,BULLISH,727.0,4416.15,4417.06,4416.00,4416.78,50,CLEARED_>=20s,106.0,63.0,28.0,15.0,26.4,14.2,26.4,BLOCKED_26.4%,4416.30,48.0,NO,STANDBY_VEL_LOW,0,0.00,4590.00,70.46,FALSE,OPP_WICK_TOO_HIGH_0.26
2026-09-07 14:59:51.410,1788793191.410,3435,103,576,4416.78,4416.86,8.0,PASS_<=10c,+0.0,FLAT,+63.0,+278.0,4.2,+1.68,0.40,SLOW,4414.00,4419.48,4412.21,4417.17,0.00,0.00,0.0,BULLISH,727.0,4416.15,4417.06,4416.00,4416.78,51,CLEARED_>=20s,106.0,63.0,28.0,15.0,26.4,14.2,26.4,BLOCKED_26.4%,4416.30,48.0,NO,STANDBY_VEL_LOW,0,0.00,4590.00,70.46,FALSE,OPP_WICK_TOO_HIGH_0.26
2026-09-07 14:59:51.912,1788793191.912,3436,104,577,4416.79,4416.87,8.0,PASS_<=10c,+1.0,UP,+64.0,+279.0,4.2,+1.32,0.31,SLOW,4414.00,4419.48,4412.21,4417.17,0.00,0.00,0.0,BULLISH,727.0,4416.15,4417.06,4416.00,4416.79,51,CLEARED_>=20s,106.0,64.0,27.0,15.0,25.5,14.2,25.5,BLOCKED_25.5%,4416.30,49.0,NO,STANDBY_VEL_LOW,0,0.00,4590.00,70.46,FALSE,OPP_WICK_TOO_HIGH_0.25
2026-09-07 14:59:52.413,1788793192.414,3437,105,578,4416.84,4416.92,8.0,PASS_<=10c,+5.0,UP,+69.0,+284.0,4.2,+1.37,0.33,SLOW,4414.00,4419.48,4412.21,4417.17,0.00,0.00,0.0,BULLISH,727.0,4416.15,4417.06,4416.00,4416.84,52,CLEARED_>=20s,106.0,69.0,22.0,15.0,20.8,14.2,20.8,BLOCKED_20.8%,4416.30,54.0,NO,STANDBY_VEL_LOW,0,0.00,4590.00,70.46,FALSE,OPP_WICK_TOO_HIGH_0.21
2026-09-07 14:59:52.915,1788793192.915,3438,106,579,4416.82,4416.90,8.0,PASS_<=10c,-2.0,DOWN,+67.0,+282.0,4.2,+1.33,0.32,SLOW,4414.00,4419.48,4412.21,4417.17,0.00,0.00,0.0,BULLISH,727.0,4416.15,4417.06,4416.00,4416.82,52,CLEARED_>=20s,106.0,67.0,24.0,15.0,22.6,14.2,22.6,BLOCKED_22.6%,4416.30,52.0,NO,STANDBY_VEL_LOW,0,0.00,4590.00,70.46,FALSE,OPP_WICK_TOO_HIGH_0.23
2026-09-07 14:59:53.416,1788793193.417,3439,107,580,4416.79,4416.87,8.0,PASS_<=10c,-3.0,DOWN,+64.0,+279.0,4.2,+1.37,0.33,SLOW,4414.00,4419.48,4412.21,4417.17,0.00,0.00,0.0,BULLISH,727.0,4416.15,4417.06,4416.00,4416.79,53,CLEARED_>=20s,106.0,64.0,27.0,15.0,25.5,14.2,25.5,BLOCKED_25.5%,4416.30,49.0,NO,STANDBY_VEL_LOW,0,0.00,4590.00,70.46,FALSE,OPP_WICK_TOO_HIGH_0.25
2026-09-07 14:59:53.919,1788793193.919,3440,108,581,4416.79,4416.87,8.0,PASS_<=10c,+0.0,FLAT,+64.0,+279.0,4.2,+1.32,0.31,SLOW,4414.00,4419.48,4412.21,4417.17,0.00,0.00,0.0,BULLISH,727.0,4416.15,4417.06,4416.00,4416.79,53,CLEARED_>=20s,106.0,64.0,27.0,15.0,25.5,14.2,25.5,BLOCKED_25.5%,4416.30,49.0,NO,STANDBY_VEL_LOW,0,0.00,4590.00,70.46,FALSE,OPP_WICK_TOO_HIGH_0.25
2026-09-07 14:59:54.419,1788793194.419,3441,109,582,4416.79,4416.87,8.0,PASS_<=10c,+0.0,FLAT,+64.0,+279.0,4.2,+1.32,0.31,SLOW,4414.00,4419.48,4412.21,4417.17,0.00,0.00,0.0,BULLISH,727.0,4416.15,4417.06,4416.00,4416.79,54,CLEARED_>=20s,106.0,64.0,27.0,15.0,25.5,14.2,25.5,BLOCKED_25.5%,4416.30,49.0,NO,STANDBY_VEL_LOW,0,0.00,4590.00,70.46,FALSE,OPP_WICK_TOO_HIGH_0.25
2026-09-07 14:59:54.920,1788793194.921,3442,110,583,4416.79,4416.87,8.0,PASS_<=10c,+0.0,FLAT,+64.0,+279.0,4.2,+1.32,0.31,SLOW,4414.00,4419.48,4412.21,4417.17,0.00,0.00,0.0,BULLISH,727.0,4416.15,4417.06,4416.00,4416.79,54,CLEARED_>=20s,106.0,64.0,27.0,15.0,25.5,14.2,25.5,BLOCKED_25.5%,4416.30,49.0,NO,STANDBY_VEL_LOW,0,0.00,4590.00,70.46,FALSE,OPP_WICK_TOO_HIGH_0.25
2026-09-07 14:59:55.421,1788793195.422,3443,111,584,4416.78,4416.86,8.0,PASS_<=10c,-1.0,DOWN,+63.0,+278.0,4.2,+1.30,0.31,SLOW,4414.00,4419.48,4412.21,4417.17,0.00,0.00,0.0,BULLISH,727.0,4416.15,4417.06,4416.00,4416.78,55,CLEARED_>=20s,106.0,63.0,28.0,15.0,26.4,14.2,26.4,BLOCKED_26.4%,4416.30,48.0,NO,STANDBY_VEL_LOW,0,0.00,4590.00,70.46,FALSE,OPP_WICK_TOO_HIGH_0.26
2026-09-07 14:59:55.924,1788793195.924,3444,112,585,4416.77,4416.85,8.0,PASS_<=10c,-1.0,DOWN,+62.0,+277.0,4.2,+1.25,0.30,SLOW,4414.00,4419.48,4412.21,4417.17,0.00,0.00,0.0,BULLISH,727.0,4416.15,4417.06,4416.00,4416.77,55,CLEARED_>=20s,106.0,62.0,29.0,15.0,27.4,14.2,27.4,BLOCKED_27.4%,4416.30,47.0,NO,STANDBY_VEL_LOW,0,0.00,4590.00,70.46,FALSE,OPP_WICK_TOO_HIGH_0.27
2026-09-07 14:59:56.426,1788793196.426,3445,113,586,4416.64,4416.72,8.0,PASS_<=10c,-13.0,DOWN,+49.0,+264.0,4.2,+2.73,0.65,SLOW,4414.00,4419.48,4412.21,4417.17,0.00,0.00,0.0,BULLISH,727.0,4416.15,4417.06,4416.00,4416.64,56,CLEARED_>=20s,106.0,49.0,42.0,15.0,39.6,14.2,39.6,BLOCKED_39.6%,4416.30,34.0,NO,STANDBY_VEL_LOW,0,0.00,4590.00,70.46,FALSE,OPP_WICK_TOO_HIGH_0.40
2026-09-07 14:59:56.927,1788793196.927,3446,114,587,4416.48,4416.56,8.0,PASS_<=10c,-16.0,DOWN,+33.0,+248.0,4.2,+6.51,1.55,SLOW,4414.00,4419.48,4412.21,4417.17,0.00,0.00,0.0,BULLISH,727.0,4416.15,4417.06,4416.00,4416.48,56,CLEARED_>=20s,106.0,33.0,58.0,15.0,54.7,14.2,54.7,BLOCKED_54.7%,4416.30,18.0,NO,STANDBY_VEL_LOW,0,0.00,4590.00,70.46,FALSE,OPP_WICK_TOO_HIGH_0.55
2026-09-07 14:59:57.429,1788793197.429,3447,115,588,4416.45,4416.53,8.0,PASS_<=10c,-3.0,DOWN,+30.0,+245.0,4.2,+7.77,1.85,SLOW,4414.00,4419.48,4412.21,4417.17,0.00,0.00,0.0,BULLISH,727.0,4416.15,4417.06,4416.00,4416.45,57,CLEARED_>=20s,106.0,30.0,61.0,15.0,57.5,14.2,57.5,BLOCKED_57.5%,4416.30,15.0,NO,STANDBY_VEL_LOW,0,0.00,4590.00,70.46,FALSE,OPP_WICK_TOO_HIGH_0.58
2026-09-07 14:59:57.931,1788793197.931,3448,116,589,4416.43,4416.51,8.0,PASS_<=10c,-2.0,DOWN,+28.0,+243.0,4.2,+8.18,1.95,SLOW,4414.00,4419.48,4412.21,4417.17,0.00,0.00,0.0,BULLISH,727.0,4416.15,4417.06,4416.00,4416.43,57,CLEARED_>=20s,106.0,28.0,63.0,15.0,59.4,14.2,59.4,BLOCKED_59.4%,4416.30,13.0,NO,STANDBY_VEL_LOW,0,0.00,4590.00,70.46,FALSE,OPP_WICK_TOO_HIGH_0.59
2026-09-07 14:59:58.432,1788793198.433,3449,117,590,4416.43,4416.51,8.0,PASS_<=10c,+0.0,FLAT,+28.0,+243.0,4.2,+7.56,1.80,SLOW,4414.00,4419.48,4412.21,4417.17,0.00,0.00,0.0,BULLISH,727.0,4416.15,4417.06,4416.00,4416.43,58,CLEARED_>=20s,106.0,28.0,63.0,15.0,59.4,14.2,59.4,BLOCKED_59.4%,4416.30,13.0,NO,STANDBY_VEL_LOW,0,0.00,4590.00,70.46,FALSE,OPP_WICK_TOO_HIGH_0.59
2026-09-07 14:59:58.938,1788793198.939,3450,118,591,4416.11,4416.19,8.0,PASS_<=10c,-32.0,DOWN,-4.0,+211.0,4.2,+14.27,3.40,SLOW,4414.00,4419.48,4412.21,4417.17,0.00,0.00,0.0,BULLISH,727.0,4416.15,4417.06,4416.00,4416.11,58,CLEARED_>=20s,106.0,4.0,91.0,11.0,85.8,10.4,85.8,BLOCKED_85.8%,0.00,0.0,NO,STANDBY_VEL_LOW,0,0.00,4590.00,70.46,FALSE,M1_DIRECTION_MISMATCH
2026-09-07 14:59:59.435,1788793199.436,3451,119,592,4416.08,4416.16,8.0,PASS_<=10c,-3.0,DOWN,-7.0,+208.0,4.2,+14.90,3.55,SLOW,4414.00,4419.48,4412.21,4417.17,0.00,0.00,0.0,BULLISH,727.0,4416.15,4417.06,4416.00,4416.08,59,CLEARED_>=20s,106.0,7.0,91.0,8.0,85.8,7.5,85.8,BLOCKED_85.8%,0.00,0.0,NO,STANDBY_VEL_LOW,0,0.00,4590.00,70.46,FALSE,M1_DIRECTION_MISMATCH
2026-09-07 14:59:59.938,1788793199.938,3452,120,593,4416.07,4416.15,8.0,PASS_<=10c,-1.0,DOWN,-8.0,+207.0,4.2,+15.10,3.60,SLOW,4414.00,4419.48,4412.21,4417.17,0.00,0.00,0.0,BULLISH,727.0,4416.15,4417.06,4416.00,4416.07,59,CLEARED_>=20s,106.0,8.0,91.0,7.0,85.8,6.6,85.8,BLOCKED_85.8%,0.00,0.0,NO,STANDBY_VEL_LOW,0,0.00,4590.00,70.46,FALSE,M1_DIRECTION_MISMATCH
2026-09-07 15:00:00.439,1788793200.440,3453,1,1,4416.18,4416.26,8.0,PASS_<=10c,+11.0,UP,+0.0,-99.0,4.2,+12.38,2.95,SLOW,4417.17,4417.42,4415.65,4416.07,0.00,0.00,0.0,BULLISH,177.0,4416.18,4416.18,4416.18,4416.18,0,ACTIVE_0s,1.0,0.0,0.0,0.0,0.0,0.0,0.0,PASS_<20%,0.00,0.0,NO,STANDBY_VEL_LOW,0,0.00,4590.00,70.46,FALSE,M1_DIRECTION_MISMATCH|OPENING_SHIELD_ACTIVE_0s
2026-09-07 15:00:00.942,1788793200.942,3454,2,2,4416.31,4416.39,8.0,PASS_<=10c,+13.0,UP,+13.0,-86.0,4.2,+7.55,1.80,SLOW,4417.17,4417.42,4415.65,4416.07,0.00,0.00,0.0,BULLISH,177.0,4416.18,4416.31,4416.18,4416.31,0,ACTIVE_0s,13.0,13.0,0.0,0.0,0.0,0.0,0.0,PASS_<20%,4416.33,2.0,NO,STANDBY_VEL_LOW,0,0.00,4590.00,70.46,FALSE,OPENING_SHIELD_ACTIVE_0s
2026-09-07 15:00:01.444,1788793201.444,3455,3,3,4416.37,4416.45,8.0,PASS_<=10c,+6.0,UP,+19.0,-80.0,4.2,+2.52,0.60,SLOW,4417.17,4417.42,4415.65,4416.07,0.00,0.00,0.0,BULLISH,177.0,4416.18,4416.37,4416.18,4416.37,1,ACTIVE_1s,19.0,19.0,0.0,0.0,0.0,0.0,0.0,PASS_<20%,4416.33,4.0,NO,STANDBY_VEL_LOW,0,0.00,4590.00,70.46,FALSE,OPENING_SHIELD_ACTIVE_1s
2026-09-07 15:00:01.946,1788793201.946,3456,4,4,4416.31,4416.39,8.0,PASS_<=10c,-6.0,DOWN,+13.0,-86.0,4.2,+2.94,0.70,SLOW,4417.17,4417.42,4415.65,4416.07,0.00,0.00,0.0,BULLISH,177.0,4416.18,4416.42,4416.18,4416.31,1,ACTIVE_1s,24.0,13.0,11.0,0.0,45.8,0.0,45.8,BLOCKED_45.8%,4416.33,2.0,NO,STANDBY_VEL_LOW,0,0.00,4590.00,70.46,FALSE,OPP_WICK_TOO_HIGH_0.46|OPENING_SHIELD_ACTIVE_1s
2026-09-07 15:00:02.447,1788793202.447,3457,5,5,4416.34,4416.42,8.0,PASS_<=10c,+3.0,UP,+16.0,-83.0,4.2,+1.89,0.45,SLOW,4417.17,4417.42,4415.65,4416.07,0.00,0.00,0.0,BULLISH,177.0,4416.18,4416.42,4416.18,4416.34,2,ACTIVE_2s,24.0,16.0,8.0,0.0,33.3,0.0,33.3,BLOCKED_33.3%,4416.33,1.0,NO,STANDBY_VEL_LOW,0,0.00,4590.00,70.46,FALSE,OPP_WICK_TOO_HIGH_0.33|OPENING_SHIELD_ACTIVE_2s
2026-09-07 15:00:02.948,1788793202.949,3458,6,6,4416.35,4416.43,8.0,PASS_<=10c,+1.0,UP,+17.0,-82.0,4.2,+1.68,0.40,SLOW,4417.17,4417.42,4415.65,4416.07,0.00,0.00,0.0,BULLISH,177.0,4416.18,4416.42,4416.18,4416.35,2,ACTIVE_2s,24.0,17.0,7.0,0.0,29.2,0.0,29.2,BLOCKED_29.2%,4416.33,2.0,NO,STANDBY_VEL_LOW,0,0.00,4590.00,70.46,FALSE,OPP_WICK_TOO_HIGH_0.29|OPENING_SHIELD_ACTIVE_2s
2026-09-07 15:00:03.450,1788793203.451,3459,7,7,4416.35,4416.43,8.0,PASS_<=10c,+0.0,FLAT,+17.0,-82.0,4.2,+1.47,0.35,SLOW,4417.17,4417.42,4415.65,4416.07,0.00,0.00,0.0,BULLISH,177.0,4416.18,4416.42,4416.18,4416.35,3,ACTIVE_3s,24.0,17.0,7.0,0.0,29.2,0.0,29.2,BLOCKED_29.2%,4416.33,2.0,NO,STANDBY_VEL_LOW,0,0.00,4590.00,70.46,FALSE,OPP_WICK_TOO_HIGH_0.29|OPENING_SHIELD_ACTIVE_3s
2026-09-07 15:00:03.953,1788793203.953,3460,8,8,4416.10,4416.18,8.0,PASS_<=10c,-25.0,DOWN,-8.0,-107.0,4.2,+0.21,0.05,SLOW,4417.17,4417.42,4415.65,4416.07,0.00,0.00,0.0,BULLISH,177.0,4416.18,4416.42,4416.10,4416.10,3,ACTIVE_3s,32.0,8.0,24.0,0.0,75.0,0.0,75.0,BLOCKED_75.0%,0.00,0.0,NO,STANDBY_VEL_LOW,0,0.00,4590.00,70.46,FALSE,M1_DIRECTION_MISMATCH|OPENING_SHIELD_ACTIVE_3s
2026-09-07 15:00:04.454,1788793204.454,3461,9,9,4415.93,4416.01,8.0,PASS_<=10c,-17.0,DOWN,-25.0,-124.0,4.2,+1.89,0.45,SLOW,4417.17,4417.42,4415.65,4416.07,0.00,0.00,0.0,BULLISH,177.0,4416.18,4416.42,4415.93,4415.93,4,ACTIVE_4s,49.0,25.0,24.0,0.0,49.0,0.0,49.0,BLOCKED_49.0%,0.00,0.0,NO,STANDBY_VEL_LOW,0,0.00,4590.00,70.46,FALSE,M1_DIRECTION_MISMATCH|OPENING_SHIELD_ACTIVE_4s
2026-09-07 15:00:04.957,1788793204.957,3462,10,10,4415.93,4416.01,8.0,PASS_<=10c,+0.0,FLAT,-25.0,-124.0,4.2,+5.24,1.25,SLOW,4417.17,4417.42,4415.65,4416.07,0.00,0.00,0.0,BULLISH,177.0,4416.18,4416.42,4415.93,4415.93,4,ACTIVE_4s,49.0,25.0,24.0,0.0,49.0,0.0,49.0,BLOCKED_49.0%,0.00,0.0,NO,STANDBY_VEL_LOW,0,0.00,4590.00,70.46,FALSE,M1_DIRECTION_MISMATCH|OPENING_SHIELD_ACTIVE_4s
2026-09-07 15:00:05.458,1788793205.458,3463,11,11,4415.93,4416.01,8.0,PASS_<=10c,+0.0,FLAT,-25.0,-124.0,4.2,+7.76,1.85,SLOW,4417.17,4417.42,4415.65,4416.07,0.00,0.00,0.0,BULLISH,177.0,4416.18,4416.42,4415.93,4415.93,5,ACTIVE_5s,49.0,25.0,24.0,0.0,49.0,0.0,49.0,BLOCKED_49.0%,0.00,0.0,NO,STANDBY_VEL_LOW,0,0.00,4590.00,70.46,FALSE,M1_DIRECTION_MISMATCH|OPENING_SHIELD_ACTIVE_5s
2026-09-07 15:00:05.960,1788793205.960,3464,12,12,4415.93,4416.01,8.0,PASS_<=10c,+0.0,FLAT,-25.0,-124.0,4.2,+9.23,2.20,SLOW,4417.17,4417.42,4415.65,4416.07,0.00,0.00,0.0,BULLISH,177.0,4416.18,4416.42,4415.93,4415.93,5,ACTIVE_5s,49.0,25.0,24.0,0.0,49.0,0.0,49.0,BLOCKED_49.0%,0.00,0.0,NO,STANDBY_VEL_LOW,0,0.00,4590.00,70.46,FALSE,M1_DIRECTION_MISMATCH|OPENING_SHIELD_ACTIVE_5s
2026-09-07 15:00:06.461,1788793206.462,3465,13,13,4415.89,4415.97,8.0,PASS_<=10c,-4.0,DOWN,-29.0,-128.0,4.2,+11.12,2.65,SLOW,4417.17,4417.42,4415.65,4416.07,0.00,0.00,0.0,BULLISH,177.0,4416.18,4416.42,4415.89,4415.89,6,ACTIVE_6s,53.0,29.0,24.0,0.0,45.3,0.0,45.3,BLOCKED_45.3%,0.00,0.0,NO,STANDBY_VEL_LOW,0,0.00,4590.00,70.46,FALSE,M1_DIRECTION_MISMATCH|OPENING_SHIELD_ACTIVE_6s
2026-09-07 15:00:06.964,1788793206.964,3466,14,14,4415.89,4415.97,8.0,PASS_<=10c,+0.0,FLAT,-29.0,-128.0,4.2,+8.39,2.00,SLOW,4417.17,4417.42,4415.65,4416.07,0.00,0.00,0.0,BULLISH,177.0,4416.18,4416.42,4415.87,4415.89,6,ACTIVE_6s,55.0,29.0,24.0,2.0,43.6,3.6,43.6,BLOCKED_43.6%,0.00,0.0,NO,STANDBY_VEL_LOW,0,0.00,4590.00,70.46,FALSE,M1_DIRECTION_MISMATCH|OPENING_SHIELD_ACTIVE_6s
2026-09-07 15:00:07.465,1788793207.465,3467,15,15,4415.89,4415.97,8.0,PASS_<=10c,+0.0,FLAT,-29.0,-128.0,4.2,+8.60,2.05,SLOW,4417.17,4417.42,4415.65,4416.07,0.00,0.00,0.0,BULLISH,177.0,4416.18,4416.42,4415.87,4415.89,7,ACTIVE_7s,55.0,29.0,24.0,2.0,43.6,3.6,43.6,BLOCKED_43.6%,0.00,0.0,NO,STANDBY_VEL_LOW,0,0.00,4590.00,70.46,FALSE,M1_DIRECTION_MISMATCH|OPENING_SHIELD_ACTIVE_7s
2026-09-07 15:00:07.966,1788793207.967,3468,16,16,4415.95,4416.03,8.0,PASS_<=10c,+6.0,UP,-23.0,-122.0,4.2,+8.39,2.00,SLOW,4417.17,4417.42,4415.65,4416.07,0.00,0.00,0.0,BULLISH,177.0,4416.18,4416.42,4415.87,4415.95,7,ACTIVE_7s,55.0,23.0,24.0,8.0,43.6,14.5,43.6,BLOCKED_43.6%,0.00,0.0,NO,STANDBY_VEL_LOW,0,0.00,4590.00,70.46,FALSE,M1_DIRECTION_MISMATCH|OPENING_SHIELD_ACTIVE_7s
2026-09-07 15:00:08.467,1788793208.468,3469,17,17,4415.99,4416.07,8.0,PASS_<=10c,+4.0,UP,-19.0,-118.0,4.2,+6.29,1.50,SLOW,4417.17,4417.42,4415.65,4416.07,0.00,0.00,0.0,BULLISH,177.0,4416.18,4416.42,4415.87,4415.99,8,ACTIVE_8s,55.0,19.0,24.0,12.0,43.6,21.8,43.6,BLOCKED_43.6%,0.00,0.0,NO,STANDBY_VEL_LOW,0,0.00,4590.00,70.46,FALSE,M1_DIRECTION_MISMATCH|OPENING_SHIELD_ACTIVE_8s
2026-09-07 15:00:08.970,1788793208.970,3470,18,18,4416.23,4416.31,8.0,PASS_<=10c,+24.0,UP,+5.0,-94.0,4.2,+6.29,1.50,SLOW,4417.17,4417.42,4415.65,4416.07,0.00,0.00,0.0,BULLISH,177.0,4416.18,4416.42,4415.87,4416.23,8,ACTIVE_8s,55.0,5.0,19.0,31.0,34.5,56.4,34.5,BLOCKED_34.5%,4416.33,10.0,NO,STANDBY_VEL_LOW,0,0.00,4590.00,70.46,FALSE,OPP_WICK_TOO_HIGH_0.35|OPENING_SHIELD_ACTIVE_8s|PRICE_BELOW_15C_DISPLACEMENT
2026-09-07 15:00:09.471,1788793209.471,3471,19,19,4416.10,4416.18,8.0,PASS_<=10c,-13.0,DOWN,-8.0,-107.0,4.2,+3.57,0.85,SLOW,4417.17,4417.42,4415.65,4416.07,0.00,0.00,0.0,BULLISH,177.0,4416.18,4416.42,4415.87,4416.10,9,ACTIVE_9s,55.0,8.0,24.0,23.0,43.6,41.8,43.6,BLOCKED_43.6%,0.00,0.0,NO,STANDBY_VEL_LOW,0,0.00,4590.00,70.46,FALSE,M1_DIRECTION_MISMATCH|OPENING_SHIELD_ACTIVE_9s
2026-09-07 15:00:09.972,1788793209.972,3472,20,20,4416.20,4416.28,8.0,PASS_<=10c,+10.0,UP,+2.0,-97.0,4.2,+5.67,1.35,SLOW,4417.17,4417.42,4415.65,4416.07,0.00,0.00,0.0,BULLISH,177.0,4416.18,4416.42,4415.87,4416.20,9,ACTIVE_9s,55.0,2.0,22.0,31.0,40.0,56.4,40.0,BLOCKED_40.0%,4416.33,13.0,NO,STANDBY_VEL_LOW,0,0.00,4590.00,70.46,FALSE,OPP_WICK_TOO_HIGH_0.40|OPENING_SHIELD_ACTIVE_9s|PRICE_BELOW_15C_DISPLACEMENT
2026-09-07 15:00:10.474,1788793210.475,3473,21,21,4416.31,4416.39,8.0,PASS_<=10c,+11.0,UP,+13.0,-86.0,4.2,+7.97,1.90,SLOW,4417.17,4417.42,4415.65,4416.07,0.00,0.00,0.0,BULLISH,177.0,4416.18,4416.42,4415.87,4416.31,10,ACTIVE_10s,55.0,13.0,11.0,31.0,20.0,56.4,20.0,BLOCKED_20.0%,4416.33,2.0,NO,STANDBY_VEL_LOW,0,0.00,4590.00,70.46,FALSE,OPENING_SHIELD_ACTIVE_10s
2026-09-07 15:00:10.976,1788793210.977,3474,22,22,4416.23,4416.31,8.0,PASS_<=10c,-8.0,DOWN,+5.0,-94.0,4.2,+7.13,1.70,SLOW,4417.17,4417.42,4415.65,4416.07,0.00,0.00,0.0,BULLISH,177.0,4416.18,4416.42,4415.87,4416.23,10,ACTIVE_10s,55.0,5.0,19.0,31.0,34.5,56.4,34.5,BLOCKED_34.5%,4416.33,10.0,NO,STANDBY_VEL_LOW,0,0.00,4590.00,70.46,FALSE,OPP_WICK_TOO_HIGH_0.35|OPENING_SHIELD_ACTIVE_10s|PRICE_BELOW_15C_DISPLACEMENT
2026-09-07 15:00:11.478,1788793211.479,3475,23,23,4416.15,4416.23,8.0,PASS_<=10c,-8.0,DOWN,-3.0,-102.0,4.2,+5.88,1.40,SLOW,4417.17,4417.42,4415.65,4416.07,0.00,0.00,0.0,BULLISH,177.0,4416.18,4416.42,4415.87,4416.15,11,ACTIVE_11s,55.0,3.0,24.0,28.0,43.6,50.9,43.6,BLOCKED_43.6%,0.00,0.0,NO,STANDBY_VEL_LOW,0,0.00,4590.00,70.46,FALSE,M1_DIRECTION_MISMATCH|OPENING_SHIELD_ACTIVE_11s
2026-09-07 15:00:11.980,1788793211.981,3476,24,24,4416.18,4416.26,8.0,PASS_<=10c,+3.0,UP,+0.0,-99.0,4.2,+6.08,1.45,SLOW,4417.17,4417.42,4415.65,4416.07,0.00,0.00,0.0,BULLISH,177.0,4416.18,4416.42,4415.87,4416.18,11,ACTIVE_11s,55.0,0.0,24.0,31.0,43.6,56.4,43.6,BLOCKED_43.6%,0.00,0.0,NO,STANDBY_VEL_LOW,0,0.00,4590.00,70.46,FALSE,M1_DIRECTION_MISMATCH|OPENING_SHIELD_ACTIVE_11s
2026-09-07 15:00:12.482,1788793212.482,3477,25,25,4416.27,4416.35,8.0,PASS_<=10c,+9.0,UP,+9.0,-90.0,4.2,+7.97,1.90,SLOW,4417.17,4417.42,4415.65,4416.07,0.00,0.00,0.0,BULLISH,177.0,4416.18,4416.42,4415.87,4416.27,12,ACTIVE_12s,55.0,9.0,15.0,31.0,27.3,56.4,27.3,BLOCKED_27.3%,4416.33,6.0,NO,STANDBY_VEL_LOW,0,0.00,4590.00,70.46,FALSE,OPP_WICK_TOO_HIGH_0.27|OPENING_SHIELD_ACTIVE_12s
2026-09-07 15:00:12.984,1788793212.985,3478,26,26,4416.34,4416.42,8.0,PASS_<=10c,+7.0,UP,+16.0,-83.0,4.2,+7.34,1.75,SLOW,4417.17,4417.42,4415.65,4416.07,0.00,0.00,0.0,BULLISH,177.0,4416.18,4416.42,4415.87,4416.34,12,ACTIVE_12s,55.0,16.0,8.0,31.0,14.5,56.4,14.5,PASS_<20%,4416.33,1.0,NO,STANDBY_VEL_LOW,0,0.00,4590.00,70.46,FALSE,OPENING_SHIELD_ACTIVE_12s
2026-09-07 15:00:13.486,1788793213.486,3479,27,27,4416.40,4416.48,8.0,PASS_<=10c,+6.0,UP,+22.0,-77.0,4.2,+4.61,1.10,SLOW,4417.17,4417.42,4415.65,4416.07,0.00,0.00,0.0,BULLISH,177.0,4416.18,4416.42,4415.87,4416.40,13,ACTIVE_13s,55.0,22.0,2.0,31.0,3.6,56.4,3.6,PASS_<20%,4416.33,7.0,NO,STANDBY_VEL_LOW,0,0.00,4590.00,70.46,FALSE,OPENING_SHIELD_ACTIVE_13s
2026-09-07 15:00:13.987,1788793213.988,3480,28,28,4416.46,4416.54,8.0,PASS_<=10c,+6.0,UP,+28.0,-71.0,4.2,+6.50,1.55,SLOW,4417.17,4417.42,4415.65,4416.07,0.00,0.00,0.0,BULLISH,177.0,4416.18,4416.46,4415.87,4416.46,13,ACTIVE_13s,59.0,28.0,0.0,31.0,0.0,52.5,0.0,PASS_<20%,4416.33,13.0,NO,STANDBY_VEL_LOW,0,0.00,4590.00,70.46,FALSE,OPENING_SHIELD_ACTIVE_13s
2026-09-07 15:00:14.489,1788793214.490,3481,29,29,4416.46,4416.54,8.0,PASS_<=10c,+0.0,FLAT,+28.0,-71.0,4.2,+6.08,1.45,SLOW,4417.17,4417.42,4415.65,4416.07,0.00,0.00,0.0,BULLISH,177.0,4416.18,4416.46,4415.87,4416.46,14,ACTIVE_14s,59.0,28.0,0.0,31.0,0.0,52.5,0.0,PASS_<20%,4416.33,13.0,NO,STANDBY_VEL_LOW,0,0.00,4590.00,70.46,FALSE,OPENING_SHIELD_ACTIVE_14s
2026-09-07 15:00:14.990,1788793214.991,3482,30,30,4416.45,4416.53,8.0,PASS_<=10c,-1.0,DOWN,+27.0,-72.0,4.2,+3.36,0.80,SLOW,4417.17,4417.42,4415.65,4416.07,0.00,0.00,0.0,BULLISH,177.0,4416.18,4416.46,4415.87,4416.45,14,ACTIVE_14s,59.0,27.0,1.0,31.0,1.7,52.5,1.7,PASS_<20%,4416.33,12.0,NO,STANDBY_VEL_LOW,0,0.00,4590.00,70.46,FALSE,OPENING_SHIELD_ACTIVE_14s
2026-09-07 15:00:15.491,1788793215.491,3483,31,31,4416.40,4416.48,8.0,PASS_<=10c,-5.0,DOWN,+22.0,-77.0,4.2,+3.15,0.75,SLOW,4417.17,4417.42,4415.65,4416.07,0.00,0.00,0.0,BULLISH,177.0,4416.18,4416.50,4415.87,4416.40,15,ACTIVE_15s,63.0,22.0,10.0,31.0,15.9,49.2,15.9,PASS_<20%,4416.33,7.0,NO,STANDBY_VEL_LOW,0,0.00,4590.00,70.46,FALSE,OPENING_SHIELD_ACTIVE_15s
2026-09-07 15:00:15.992,1788793215.992,3484,32,32,4416.36,4416.44,8.0,PASS_<=10c,-4.0,DOWN,+18.0,-81.0,4.2,+4.41,1.05,SLOW,4417.17,4417.42,4415.65,4416.07,0.00,0.00,0.0,BULLISH,177.0,4416.18,4416.50,4415.87,4416.36,15,ACTIVE_15s,63.0,18.0,14.0,31.0,22.2,49.2,22.2,BLOCKED_22.2%,4416.33,3.0,NO,STANDBY_VEL_LOW,0,0.00,4590.00,70.46,FALSE,OPP_WICK_TOO_HIGH_0.22|OPENING_SHIELD_ACTIVE_15s
2026-09-07 15:00:16.493,1788793216.493,3485,33,33,4416.35,4416.43,8.0,PASS_<=10c,-1.0,DOWN,+17.0,-82.0,4.2,+3.57,0.85,SLOW,4417.17,4417.42,4415.65,4416.07,0.00,0.00,0.0,BULLISH,177.0,4416.18,4416.50,4415.87,4416.35,16,ACTIVE_16s,63.0,17.0,15.0,31.0,23.8,49.2,23.8,BLOCKED_23.8%,4416.33,2.0,NO,STANDBY_VEL_LOW,0,0.00,4590.00,70.46,FALSE,OPP_WICK_TOO_HIGH_0.24|OPENING_SHIELD_ACTIVE_16s
2026-09-07 15:00:16.995,1788793216.995,3486,34,34,4416.35,4416.43,8.0,PASS_<=10c,+0.0,FLAT,+17.0,-82.0,4.2,+2.52,0.60,SLOW,4417.17,4417.42,4415.65,4416.07,0.00,0.00,0.0,BULLISH,177.0,4416.18,4416.50,4415.87,4416.35,16,ACTIVE_16s,63.0,17.0,15.0,31.0,23.8,49.2,23.8,BLOCKED_23.8%,4416.33,2.0,NO,STANDBY_VEL_LOW,0,0.00,4590.00,70.46,FALSE,OPP_WICK_TOO_HIGH_0.24|OPENING_SHIELD_ACTIVE_16s
2026-09-07 15:00:17.497,1788793217.497,3487,35,35,4416.42,4416.50,8.0,PASS_<=10c,+7.0,UP,+24.0,-75.0,4.2,+2.73,0.65,SLOW,4417.17,4417.42,4415.65,4416.07,0.00,0.00,0.0,BULLISH,177.0,4416.18,4416.50,4415.87,4416.42,17,ACTIVE_17s,63.0,24.0,8.0,31.0,12.7,49.2,12.7,PASS_<20%,4416.33,9.0,NO,STANDBY_VEL_LOW,0,0.00,4590.00,70.46,FALSE,OPENING_SHIELD_ACTIVE_17s
2026-09-07 15:00:17.999,1788793218.000,3488,36,36,4416.38,4416.46,8.0,PASS_<=10c,-4.0,DOWN,+20.0,-79.0,4.2,+0.84,0.20,SLOW,4417.17,4417.42,4415.65,4416.07,0.00,0.00,0.0,BULLISH,177.0,4416.18,4416.50,4415.87,4416.38,17,ACTIVE_17s,63.0,20.0,12.0,31.0,19.0,49.2,19.0,PASS_<20%,4416.33,5.0,NO,STANDBY_VEL_LOW,0,0.00,4590.00,70.46,FALSE,OPENING_SHIELD_ACTIVE_17s
2026-09-07 15:00:18.502,1788793218.502,3489,37,37,4416.35,4416.43,8.0,PASS_<=10c,-3.0,DOWN,+17.0,-82.0,4.2,+2.31,0.55,SLOW,4417.17,4417.42,4415.65,4416.07,0.00,0.00,0.0,BULLISH,177.0,4416.18,4416.50,4415.87,4416.35,18,ACTIVE_18s,63.0,17.0,15.0,31.0,23.8,49.2,23.8,BLOCKED_23.8%,4416.33,2.0,NO,STANDBY_VEL_LOW,0,0.00,4590.00,70.46,FALSE,OPP_WICK_TOO_HIGH_0.24|OPENING_SHIELD_ACTIVE_18s
2026-09-07 15:00:19.004,1788793219.005,3490,38,38,4416.24,4416.32,8.0,PASS_<=10c,-11.0,DOWN,+6.0,-93.0,4.2,+4.62,1.10,SLOW,4417.17,4417.42,4415.65,4416.07,0.00,0.00,0.0,BULLISH,177.0,4416.18,4416.50,4415.87,4416.24,19,ACTIVE_19s,63.0,6.0,26.0,31.0,41.3,49.2,41.3,BLOCKED_41.3%,4416.33,9.0,NO,STANDBY_VEL_LOW,0,0.00,4590.00,70.46,FALSE,OPP_WICK_TOO_HIGH_0.41|OPENING_SHIELD_ACTIVE_19s|PRICE_BELOW_15C_DISPLACEMENT
2026-09-07 15:00:19.506,1788793219.507,3491,39,39,4416.01,4416.09,8.0,PASS_<=10c,-23.0,DOWN,-17.0,-116.0,4.2,+9.23,2.20,SLOW,4417.17,4417.42,4415.65,4416.07,0.00,0.00,0.0,BULLISH,177.0,4416.18,4416.50,4415.87,4416.01,19,ACTIVE_19s,63.0,17.0,32.0,14.0,50.8,22.2,50.8,BLOCKED_50.8%,0.00,0.0,NO,STANDBY_VEL_LOW,0,0.00,4590.00,70.46,FALSE,M1_DIRECTION_MISMATCH|OPENING_SHIELD_ACTIVE_19s
2026-09-07 15:00:20.008,1788793220.008,3492,40,40,4416.01,4416.09,8.0,PASS_<=10c,+0.0,FLAT,-17.0,-116.0,4.2,+10.28,2.45,SLOW,4417.17,4417.42,4415.65,4416.07,0.00,0.00,0.0,BULLISH,177.0,4416.18,4416.50,4415.87,4416.01,20,CLEARED_>=20s,63.0,17.0,32.0,14.0,50.8,22.2,50.8,BLOCKED_50.8%,0.00,0.0,NO,STANDBY_VEL_LOW,0,0.00,4590.00,70.46,FALSE,M1_DIRECTION_MISMATCH
2026-09-07 15:00:20.509,1788793220.509,3493,41,41,4416.01,4416.09,8.0,PASS_<=10c,+0.0,FLAT,-17.0,-116.0,4.2,+7.34,1.75,SLOW,4417.17,4417.42,4415.65,4416.07,0.00,0.00,0.0,BULLISH,177.0,4416.18,4416.50,4415.87,4416.01,20,CLEARED_>=20s,63.0,17.0,32.0,14.0,50.8,22.2,50.8,BLOCKED_50.8%,0.00,0.0,NO,STANDBY_VEL_LOW,0,0.00,4590.00,70.46,FALSE,M1_DIRECTION_MISMATCH
2026-09-07 15:00:21.011,1788793221.012,3494,42,42,4416.02,4416.10,8.0,PASS_<=10c,+1.0,UP,-16.0,-115.0,4.2,+7.13,1.70,SLOW,4417.17,4417.42,4415.65,4416.07,0.00,0.00,0.0,BULLISH,177.0,4416.18,4416.50,4415.87,4416.02,21,CLEARED_>=20s,63.0,16.0,32.0,15.0,50.8,23.8,50.8,BLOCKED_50.8%,0.00,0.0,NO,STANDBY_VEL_LOW,0,0.00,4590.00,70.46,FALSE,M1_DIRECTION_MISMATCH
2026-09-07 15:00:21.514,1788793221.515,3495,43,43,4416.16,4416.24,8.0,PASS_<=10c,+14.0,UP,-2.0,-101.0,4.2,+3.98,0.95,SLOW,4417.17,4417.42,4415.65,4416.07,0.00,0.00,0.0,BULLISH,177.0,4416.18,4416.50,4415.87,4416.16,21,CLEARED_>=20s,63.0,2.0,32.0,29.0,50.8,46.0,50.8,BLOCKED_50.8%,0.00,0.0,NO,STANDBY_VEL_LOW,0,0.00,4590.00,70.46,FALSE,M1_DIRECTION_MISMATCH
2026-09-07 15:00:22.014,1788793222.015,3496,44,44,4416.27,4416.35,8.0,PASS_<=10c,+11.0,UP,+9.0,-90.0,4.2,+3.15,0.75,SLOW,4417.17,4417.42,4415.65,4416.07,0.00,0.00,0.0,BULLISH,177.0,4416.18,4416.50,4415.87,4416.27,22,CLEARED_>=20s,63.0,9.0,23.0,31.0,36.5,49.2,36.5,BLOCKED_36.5%,4416.33,6.0,NO,STANDBY_VEL_LOW,0,0.00,4590.00,70.46,FALSE,OPP_WICK_TOO_HIGH_0.37
2026-09-07 15:00:22.516,1788793222.517,3497,45,45,4416.27,4416.35,8.0,PASS_<=10c,+0.0,FLAT,+9.0,-90.0,4.2,+2.73,0.65,SLOW,4417.17,4417.42,4415.65,4416.07,0.00,0.00,0.0,BULLISH,177.0,4416.18,4416.50,4415.87,4416.27,22,CLEARED_>=20s,63.0,9.0,23.0,31.0,36.5,49.2,36.5,BLOCKED_36.5%,4416.33,6.0,NO,STANDBY_VEL_LOW,0,0.00,4590.00,70.46,FALSE,OPP_WICK_TOO_HIGH_0.37
2026-09-07 15:00:23.019,1788793223.019,3498,46,46,4416.13,4416.21,8.0,PASS_<=10c,-14.0,DOWN,-5.0,-104.0,4.2,+5.03,1.20,SLOW,4417.17,4417.42,4415.65,4416.07,0.00,0.00,0.0,BULLISH,177.0,4416.18,4416.50,4415.87,4416.13,23,CLEARED_>=20s,63.0,5.0,32.0,26.0,50.8,41.3,50.8,BLOCKED_50.8%,0.00,0.0,NO,STANDBY_VEL_LOW,0,0.00,4590.00,70.46,FALSE,M1_DIRECTION_MISMATCH
2026-09-07 15:00:23.521,1788793223.521,3499,47,47,4415.98,4416.06,8.0,PASS_<=10c,-15.0,DOWN,-20.0,-119.0,4.2,+7.76,1.85,SLOW,4417.17,4417.42,4415.65,4416.07,0.00,0.00,0.0,BULLISH,177.0,4416.18,4416.50,4415.87,4415.98,23,CLEARED_>=20s,63.0,20.0,32.0,11.0,50.8,17.5,50.8,BLOCKED_50.8%,0.00,0.0,NO,STANDBY_VEL_LOW,0,0.00,4590.00,70.46,FALSE,M1_DIRECTION_MISMATCH
2026-09-07 15:00:24.023,1788793224.023,3500,48,48,4415.97,4416.05,8.0,PASS_<=10c,-1.0,DOWN,-21.0,-120.0,4.2,+3.99,0.95,SLOW,4417.17,4417.42,4415.65,4416.07,0.00,0.00,0.0,BULLISH,177.0,4416.18,4416.50,4415.87,4415.97,24,CLEARED_>=20s,63.0,21.0,32.0,10.0,50.8,15.9,50.8,BLOCKED_50.8%,0.00,0.0,NO,STANDBY_VEL_LOW,0,0.00,4590.00,70.46,FALSE,M1_DIRECTION_MISMATCH
2026-09-07 15:00:24.524,1788793224.525,3501,49,49,4415.95,4416.03,8.0,PASS_<=10c,-2.0,DOWN,-23.0,-122.0,4.2,+1.26,0.30,SLOW,4417.17,4417.42,4415.65,4416.07,0.00,0.00,0.0,BULLISH,177.0,4416.18,4416.50,4415.87,4415.95,24,CLEARED_>=20s,63.0,23.0,32.0,8.0,50.8,12.7,50.8,BLOCKED_50.8%,0.00,0.0,NO,STANDBY_VEL_LOW,0,0.00,4590.00,70.46,FALSE,M1_DIRECTION_MISMATCH
2026-09-07 15:00:25.026,1788793225.026,3502,50,50,4415.79,4415.87,8.0,PASS_<=10c,-16.0,DOWN,-39.0,-138.0,4.2,+4.61,1.10,SLOW,4417.17,4417.42,4415.65,4416.07,0.00,0.00,0.0,BULLISH,177.0,4416.18,4416.50,4415.79,4415.79,25,CLEARED_>=20s,71.0,39.0,32.0,0.0,45.1,0.0,45.1,BLOCKED_45.1%,0.00,0.0,NO,STANDBY_VEL_LOW,0,0.00,4590.00,70.46,FALSE,M1_DIRECTION_MISMATCH
2026-09-07 15:00:25.528,1788793225.529,3503,51,51,4415.76,4415.84,8.0,PASS_<=10c,-3.0,DOWN,-42.0,-141.0,4.2,+5.24,1.25,SLOW,4417.17,4417.42,4415.65,4416.07,0.00,0.00,0.0,BULLISH,177.0,4416.18,4416.50,4415.73,4415.76,25,CLEARED_>=20s,77.0,42.0,32.0,3.0,41.6,3.9,41.6,BLOCKED_41.6%,0.00,0.0,NO,STANDBY_VEL_LOW,0,0.00,4590.00,70.46,FALSE,M1_DIRECTION_MISMATCH
2026-09-07 15:00:26.030,1788793226.031,3504,52,52,4415.86,4415.94,8.0,PASS_<=10c,+10.0,UP,-32.0,-131.0,4.2,+6.08,1.45,SLOW,4417.17,4417.42,4415.65,4416.07,0.00,0.00,0.0,BULLISH,177.0,4416.18,4416.50,4415.73,4415.86,26,CLEARED_>=20s,77.0,32.0,32.0,13.0,41.6,16.9,41.6,BLOCKED_41.6%,0.00,0.0,NO,STANDBY_VEL_LOW,0,0.00,4590.00,70.46,FALSE,M1_DIRECTION_MISMATCH
2026-09-07 15:00:26.532,1788793226.532,3505,53,53,4415.95,4416.03,8.0,PASS_<=10c,+9.0,UP,-23.0,-122.0,4.2,+4.40,1.05,SLOW,4417.17,4417.42,4415.65,4416.07,0.00,0.00,0.0,BULLISH,177.0,4416.18,4416.50,4415.73,4415.95,26,CLEARED_>=20s,77.0,23.0,32.0,22.0,41.6,28.6,41.6,BLOCKED_41.6%,0.00,0.0,NO,STANDBY_VEL_LOW,0,0.00,4590.00,70.46,FALSE,M1_DIRECTION_MISMATCH
2026-09-07 15:00:27.034,1788793227.034,3506,54,54,4415.91,4415.99,8.0,PASS_<=10c,-4.0,DOWN,-27.0,-126.0,4.2,+7.55,1.80,SLOW,4417.17,4417.42,4415.65,4416.07,0.00,0.00,0.0,BULLISH,177.0,4416.18,4416.50,4415.73,4415.91,27,CLEARED_>=20s,77.0,27.0,32.0,18.0,41.6,23.4,41.6,BLOCKED_41.6%,0.00,0.0,NO,STANDBY_VEL_LOW,0,0.00,4590.00,70.46,FALSE,M1_DIRECTION_MISMATCH
2026-09-07 15:00:27.536,1788793227.536,3507,55,55,4416.21,4416.29,8.0,PASS_<=10c,+30.0,UP,+3.0,-96.0,4.2,+0.42,0.10,SLOW,4417.17,4417.42,4415.65,4416.07,0.00,0.00,0.0,BULLISH,177.0,4416.18,4416.50,4415.73,4416.21,27,CLEARED_>=20s,77.0,3.0,29.0,45.0,37.7,58.4,37.7,BLOCKED_37.7%,4416.33,12.0,NO,STANDBY_VEL_LOW,0,0.00,4590.00,70.46,FALSE,OPP_WICK_TOO_HIGH_0.38|PRICE_BELOW_15C_DISPLACEMENT
2026-09-07 15:00:28.038,1788793228.038,3508,56,56,4416.09,4416.17,8.0,PASS_<=10c,-12.0,DOWN,-9.0,-108.0,4.2,+2.31,0.55,SLOW,4417.17,4417.42,4415.65,4416.07,0.00,0.00,0.0,BULLISH,177.0,4416.18,4416.50,4415.73,4416.09,28,CLEARED_>=20s,77.0,9.0,32.0,36.0,41.6,46.8,41.6,BLOCKED_41.6%,0.00,0.0,NO,STANDBY_VEL_LOW,0,0.00,4590.00,70.46,FALSE,M1_DIRECTION_MISMATCH
2026-09-07 15:00:28.539,1788793228.539,3509,57,57,4416.09,4416.17,8.0,PASS_<=10c,+0.0,FLAT,-9.0,-108.0,4.2,+2.31,0.55,SLOW,4417.17,4417.42,4415.65,4416.07,0.00,0.00,0.0,BULLISH,177.0,4416.18,4416.50,4415.73,4416.09,28,CLEARED_>=20s,77.0,9.0,32.0,36.0,41.6,46.8,41.6,BLOCKED_41.6%,0.00,0.0,NO,STANDBY_VEL_LOW,0,0.00,4590.00,70.46,FALSE,M1_DIRECTION_MISMATCH
2026-09-07 15:00:29.041,1788793229.041,3510,58,58,4416.05,4416.13,8.0,PASS_<=10c,-4.0,DOWN,-13.0,-112.0,4.2,+2.10,0.50,SLOW,4417.17,4417.42,4415.65,4416.07,0.00,0.00,0.0,BULLISH,177.0,4416.18,4416.50,4415.73,4416.05,29,CLEARED_>=20s,77.0,13.0,32.0,32.0,41.6,41.6,41.6,BLOCKED_41.6%,0.00,0.0,NO,STANDBY_VEL_LOW,0,0.00,4590.00,70.46,FALSE,M1_DIRECTION_MISMATCH
2026-09-07 15:00:29.542,1788793229.543,3511,59,59,4416.05,4416.13,8.0,PASS_<=10c,+0.0,FLAT,-13.0,-112.0,4.2,+2.10,0.50,SLOW,4417.17,4417.42,4415.65,4416.07,0.00,0.00,0.0,BULLISH,177.0,4416.18,4416.50,4415.73,4416.05,29,CLEARED_>=20s,77.0,13.0,32.0,32.0,41.6,41.6,41.6,BLOCKED_41.6%,0.00,0.0,NO,STANDBY_VEL_LOW,0,0.00,4590.00,70.46,FALSE,M1_DIRECTION_MISMATCH
2026-09-07 15:00:30.044,1788793230.044,3512,60,60,4416.01,4416.09,8.0,PASS_<=10c,-4.0,DOWN,-17.0,-116.0,4.2,+5.87,1.40,SLOW,4417.17,4417.42,4415.65,4416.07,0.00,0.00,0.0,BULLISH,177.0,4416.18,4416.50,4415.73,4416.01,30,CLEARED_>=20s,77.0,17.0,32.0,28.0,41.6,36.4,41.6,BLOCKED_41.6%,0.00,0.0,NO,STANDBY_VEL_LOW,0,0.00,4590.00,70.46,FALSE,M1_DIRECTION_MISMATCH
2026-09-07 15:00:30.545,1788793230.546,3513,61,61,4415.97,4416.05,8.0,PASS_<=10c,-4.0,DOWN,-21.0,-120.0,4.2,+2.52,0.60,SLOW,4417.17,4417.42,4415.65,4416.07,0.00,0.00,0.0,BULLISH,177.0,4416.18,4416.50,4415.73,4415.97,30,CLEARED_>=20s,77.0,21.0,32.0,24.0,41.6,31.2,41.6,BLOCKED_41.6%,0.00,0.0,NO,STANDBY_VEL_LOW,0,0.00,4590.00,70.46,FALSE,M1_DIRECTION_MISMATCH
2026-09-07 15:00:31.047,1788793231.048,3514,62,62,4415.97,4416.05,8.0,PASS_<=10c,+0.0,FLAT,-21.0,-120.0,4.2,+0.00,0.00,SLOW,4417.17,4417.42,4415.65,4416.07,0.00,0.00,0.0,BULLISH,177.0,4416.18,4416.50,4415.73,4415.97,31,CLEARED_>=20s,77.0,21.0,32.0,24.0,41.6,31.2,41.6,BLOCKED_41.6%,0.00,0.0,NO,STANDBY_VEL_LOW,0,0.00,4590.00,70.46,FALSE,M1_DIRECTION_MISMATCH
2026-09-07 15:00:31.549,1788793231.550,3515,63,63,4415.94,4416.02,8.0,PASS_<=10c,-3.0,DOWN,-24.0,-123.0,4.2,+0.42,0.10,SLOW,4417.17,4417.42,4415.65,4416.07,0.00,0.00,0.0,BULLISH,177.0,4416.18,4416.50,4415.73,4415.94,31,CLEARED_>=20s,77.0,24.0,32.0,21.0,41.6,27.3,41.6,BLOCKED_41.6%,0.00,0.0,NO,STANDBY_VEL_LOW,0,0.00,4590.00,70.46,FALSE,M1_DIRECTION_MISMATCH
2026-09-07 15:00:32.051,1788793232.051,3516,64,64,4415.91,4415.99,8.0,PASS_<=10c,-3.0,DOWN,-27.0,-126.0,4.2,+4.83,1.15,SLOW,4417.17,4417.42,4415.65,4416.07,0.00,0.00,0.0,BULLISH,177.0,4416.18,4416.50,4415.73,4415.91,32,CLEARED_>=20s,77.0,27.0,32.0,18.0,41.6,23.4,41.6,BLOCKED_41.6%,0.00,0.0,NO,STANDBY_VEL_LOW,0,0.00,4590.00,70.46,FALSE,M1_DIRECTION_MISMATCH
2026-09-07 15:00:32.552,1788793232.553,3517,65,65,4415.71,4415.79,8.0,PASS_<=10c,-20.0,DOWN,-47.0,-146.0,4.2,+9.44,2.25,SLOW,4417.17,4417.42,4415.65,4416.07,0.00,0.00,0.0,BULLISH,177.0,4416.18,4416.50,4415.71,4415.71,32,CLEARED_>=20s,79.0,47.0,32.0,0.0,40.5,0.0,40.5,BLOCKED_40.5%,0.00,0.0,NO,STANDBY_VEL_LOW,0,0.00,4590.00,70.46,FALSE,M1_DIRECTION_MISMATCH
2026-09-07 15:00:33.054,1788793233.055,3518,66,66,4415.74,4415.82,8.0,PASS_<=10c,+3.0,UP,-44.0,-143.0,4.2,+7.34,1.75,SLOW,4417.17,4417.42,4415.65,4416.07,0.00,0.00,0.0,BULLISH,177.0,4416.18,4416.50,4415.71,4415.74,33,CLEARED_>=20s,79.0,44.0,32.0,3.0,40.5,3.8,40.5,BLOCKED_40.5%,0.00,0.0,NO,STANDBY_VEL_LOW,0,0.00,4590.00,70.46,FALSE,M1_DIRECTION_MISMATCH
2026-09-07 15:00:33.556,1788793233.557,3519,67,67,4415.76,4415.84,8.0,PASS_<=10c,+2.0,UP,-42.0,-141.0,4.2,+6.08,1.45,SLOW,4417.17,4417.42,4415.65,4416.07,0.00,0.00,0.0,BULLISH,177.0,4416.18,4416.50,4415.71,4415.76,33,CLEARED_>=20s,79.0,42.0,32.0,5.0,40.5,6.3,40.5,BLOCKED_40.5%,0.00,0.0,NO,STANDBY_VEL_LOW,0,0.00,4590.00,70.46,FALSE,M1_DIRECTION_MISMATCH
2026-09-07 15:00:34.058,1788793234.059,3520,68,68,4415.75,4415.83,8.0,PASS_<=10c,-1.0,DOWN,-43.0,-142.0,4.2,+6.29,1.50,SLOW,4417.17,4417.42,4415.65,4416.07,0.00,0.00,0.0,BULLISH,177.0,4416.18,4416.50,4415.71,4415.75,34,CLEARED_>=20s,79.0,43.0,32.0,4.0,40.5,5.1,40.5,BLOCKED_40.5%,0.00,0.0,NO,STANDBY_VEL_LOW,0,0.00,4590.00,70.46,FALSE,M1_DIRECTION_MISMATCH
2026-09-07 15:00:34.560,1788793234.561,3521,69,69,4415.83,4415.91,8.0,PASS_<=10c,+8.0,UP,-35.0,-134.0,4.2,+4.62,1.10,SLOW,4417.17,4417.42,4415.65,4416.07,0.00,0.00,0.0,BULLISH,177.0,4416.18,4416.50,4415.71,4415.83,34,CLEARED_>=20s,79.0,35.0,32.0,12.0,40.5,15.2,40.5,BLOCKED_40.5%,0.00,0.0,NO,STANDBY_VEL_LOW,0,0.00,4590.00,70.46,FALSE,M1_DIRECTION_MISMATCH
2026-09-07 15:00:35.062,1788793235.063,3522,70,70,4415.85,4415.93,8.0,PASS_<=10c,+2.0,UP,-33.0,-132.0,4.2,+2.52,0.60,SLOW,4417.17,4417.42,4415.65,4416.07,0.00,0.00,0.0,BULLISH,177.0,4416.18,4416.50,4415.71,4415.85,35,CLEARED_>=20s,79.0,33.0,32.0,14.0,40.5,17.7,40.5,BLOCKED_40.5%,0.00,0.0,NO,STANDBY_VEL_LOW,0,0.00,4590.00,70.46,FALSE,M1_DIRECTION_MISMATCH
2026-09-07 15:00:35.563,1788793235.564,3523,71,71,4415.79,4415.87,8.0,PASS_<=10c,-6.0,DOWN,-39.0,-138.0,4.2,+3.78,0.90,SLOW,4417.17,4417.42,4415.65,4416.07,0.00,0.00,0.0,BULLISH,177.0,4416.18,4416.50,4415.71,4415.79,35,CLEARED_>=20s,79.0,39.0,32.0,8.0,40.5,10.1,40.5,BLOCKED_40.5%,0.00,0.0,NO,STANDBY_VEL_LOW,0,0.00,4590.00,70.46,FALSE,M1_DIRECTION_MISMATCH
2026-09-07 15:00:36.065,1788793236.066,3524,72,72,4415.98,4416.06,8.0,PASS_<=10c,+19.0,UP,-20.0,-119.0,4.2,+0.84,0.20,SLOW,4417.17,4417.42,4415.65,4416.07,0.00,0.00,0.0,BULLISH,177.0,4416.18,4416.50,4415.71,4415.98,36,CLEARED_>=20s,79.0,20.0,32.0,27.0,40.5,34.2,40.5,BLOCKED_40.5%,0.00,0.0,NO,STANDBY_VEL_LOW,0,0.00,4590.00,70.46,FALSE,M1_DIRECTION_MISMATCH
2026-09-07 15:00:36.568,1788793236.568,3525,73,73,4415.81,4415.89,8.0,PASS_<=10c,-17.0,DOWN,-37.0,-136.0,4.2,+2.73,0.65,SLOW,4417.17,4417.42,4415.65,4416.07,0.00,0.00,0.0,BULLISH,177.0,4416.18,4416.50,4415.71,4415.81,36,CLEARED_>=20s,79.0,37.0,32.0,10.0,40.5,12.7,40.5,BLOCKED_40.5%,0.00,0.0,NO,STANDBY_VEL_LOW,0,0.00,4590.00,70.46,FALSE,M1_DIRECTION_MISMATCH
2026-09-07 15:00:37.071,1788793237.071,3526,74,74,4415.65,4415.73,8.0,PASS_<=10c,-16.0,DOWN,-53.0,-152.0,4.2,+2.94,0.70,SLOW,4417.17,4417.42,4415.65,4416.07,0.00,0.00,0.0,BULLISH,177.0,4416.18,4416.50,4415.65,4415.65,37,CLEARED_>=20s,85.0,53.0,32.0,0.0,37.6,0.0,37.6,BLOCKED_37.6%,0.00,0.0,NO,STANDBY_VEL_LOW,0,0.00,4590.00,70.46,FALSE,M1_DIRECTION_MISMATCH
2026-09-07 15:00:37.573,1788793237.574,3527,75,75,4415.69,4415.77,8.0,PASS_<=10c,+4.0,UP,-49.0,-148.0,4.2,+1.26,0.30,SLOW,4417.17,4417.42,4415.65,4416.07,0.00,0.00,0.0,BULLISH,177.0,4416.18,4416.50,4415.65,4415.69,37,CLEARED_>=20s,85.0,49.0,32.0,4.0,37.6,4.7,37.6,BLOCKED_37.6%,0.00,0.0,NO,STANDBY_VEL_LOW,0,0.00,4590.00,70.46,FALSE,M1_DIRECTION_MISMATCH
2026-09-07 15:00:38.074,1788793238.074,3528,76,76,4415.76,4415.84,8.0,PASS_<=10c,+7.0,UP,-42.0,-141.0,4.2,+0.42,0.10,SLOW,4417.17,4417.42,4415.65,4416.07,0.00,0.00,0.0,BULLISH,177.0,4416.18,4416.50,4415.65,4415.76,38,CLEARED_>=20s,85.0,42.0,32.0,11.0,37.6,12.9,37.6,BLOCKED_37.6%,0.00,0.0,NO,STANDBY_VEL_LOW,0,0.00,4590.00,70.46,FALSE,M1_DIRECTION_MISMATCH
2026-09-07 15:00:38.576,1788793238.577,3529,77,77,4415.84,4415.92,8.0,PASS_<=10c,+8.0,UP,-34.0,-133.0,4.2,+1.68,0.40,SLOW,4417.17,4417.42,4415.65,4416.07,0.00,0.00,0.0,BULLISH,177.0,4416.18,4416.50,4415.65,4415.84,38,CLEARED_>=20s,85.0,34.0,32.0,19.0,37.6,22.4,37.6,BLOCKED_37.6%,0.00,0.0,NO,STANDBY_VEL_LOW,0,0.00,4590.00,70.46,FALSE,M1_DIRECTION_MISMATCH
2026-09-07 15:00:39.079,1788793239.079,3530,78,78,4415.88,4415.96,8.0,PASS_<=10c,+4.0,UP,-30.0,-129.0,4.2,+2.73,0.65,SLOW,4417.17,4417.42,4415.65,4416.07,0.00,0.00,0.0,BULLISH,177.0,4416.18,4416.50,4415.65,4415.88,39,CLEARED_>=20s,85.0,30.0,32.0,23.0,37.6,27.1,37.6,BLOCKED_37.6%,0.00,0.0,NO,STANDBY_VEL_LOW,0,0.00,4590.00,70.46,FALSE,M1_DIRECTION_MISMATCH
2026-09-07 15:00:39.580,1788793239.581,3531,79,79,4415.94,4416.02,8.0,PASS_<=10c,+6.0,UP,-24.0,-123.0,4.2,+1.89,0.45,SLOW,4417.17,4417.42,4415.65,4416.07,0.00,0.00,0.0,BULLISH,177.0,4416.18,4416.50,4415.65,4415.94,39,CLEARED_>=20s,85.0,24.0,32.0,29.0,37.6,34.1,37.6,BLOCKED_37.6%,0.00,0.0,NO,STANDBY_VEL_LOW,0,0.00,4590.00,70.46,FALSE,M1_DIRECTION_MISMATCH
2026-09-07 15:00:40.081,1788793240.082,3532,80,80,4415.91,4415.99,8.0,PASS_<=10c,-3.0,DOWN,-27.0,-126.0,4.2,+1.05,0.25,SLOW,4417.17,4417.42,4415.65,4416.07,0.00,0.00,0.0,BULLISH,177.0,4416.18,4416.50,4415.65,4415.91,40,CLEARED_>=20s,85.0,27.0,32.0,26.0,37.6,30.6,37.6,BLOCKED_37.6%,0.00,0.0,NO,STANDBY_VEL_LOW,0,0.00,4590.00,70.46,FALSE,M1_DIRECTION_MISMATCH
2026-09-07 15:00:40.583,1788793240.584,3533,81,81,4415.90,4415.98,8.0,PASS_<=10c,-1.0,DOWN,-28.0,-127.0,4.2,+3.56,0.85,SLOW,4417.17,4417.42,4415.65,4416.07,0.00,0.00,0.0,BULLISH,177.0,4416.18,4416.50,4415.65,4415.90,40,CLEARED_>=20s,85.0,28.0,32.0,25.0,37.6,29.4,37.6,BLOCKED_37.6%,0.00,0.0,NO,STANDBY_VEL_LOW,0,0.00,4590.00,70.46,FALSE,M1_DIRECTION_MISMATCH
2026-09-07 15:00:41.085,1788793241.085,3534,82,82,4415.90,4415.98,8.0,PASS_<=10c,+0.0,FLAT,-28.0,-127.0,4.2,+1.47,0.35,SLOW,4417.17,4417.42,4415.65,4416.07,0.00,0.00,0.0,BULLISH,177.0,4416.18,4416.50,4415.65,4415.90,41,CLEARED_>=20s,85.0,28.0,32.0,25.0,37.6,29.4,37.6,BLOCKED_37.6%,0.00,0.0,NO,STANDBY_VEL_LOW,0,0.00,4590.00,70.46,FALSE,M1_DIRECTION_MISMATCH
2026-09-07 15:00:41.586,1788793241.587,3535,83,83,4415.91,4415.99,8.0,PASS_<=10c,+1.0,UP,-27.0,-126.0,4.2,+5.24,1.25,SLOW,4417.17,4417.42,4415.65,4416.07,0.00,0.00,0.0,BULLISH,177.0,4416.18,4416.50,4415.65,4415.91,41,CLEARED_>=20s,85.0,27.0,32.0,26.0,37.6,30.6,37.6,BLOCKED_37.6%,0.00,0.0,NO,STANDBY_VEL_LOW,0,0.00,4590.00,70.46,FALSE,M1_DIRECTION_MISMATCH
2026-09-07 15:00:42.088,1788793242.089,3536,84,84,4415.80,4415.88,8.0,PASS_<=10c,-11.0,DOWN,-38.0,-137.0,4.2,+2.94,0.70,SLOW,4417.17,4417.42,4415.65,4416.07,0.00,0.00,0.0,BULLISH,177.0,4416.18,4416.50,4415.65,4415.80,42,CLEARED_>=20s,85.0,38.0,32.0,15.0,37.6,17.6,37.6,BLOCKED_37.6%,0.00,0.0,NO,STANDBY_VEL_LOW,0,0.00,4590.00,70.46,FALSE,M1_DIRECTION_MISMATCH
2026-09-07 15:00:42.591,1788793242.592,3537,85,85,4415.70,4415.78,8.0,PASS_<=10c,-10.0,DOWN,-48.0,-147.0,4.2,+0.21,0.05,SLOW,4417.17,4417.42,4415.65,4416.07,0.00,0.00,0.0,BULLISH,177.0,4416.18,4416.50,4415.65,4415.70,42,CLEARED_>=20s,85.0,48.0,32.0,5.0,37.6,5.9,37.6,BLOCKED_37.6%,0.00,0.0,NO,STANDBY_VEL_LOW,0,0.00,4590.00,70.46,FALSE,M1_DIRECTION_MISMATCH
2026-09-07 15:00:43.093,1788793243.094,3538,86,86,4415.84,4415.92,8.0,PASS_<=10c,+14.0,UP,-34.0,-133.0,4.2,+1.05,0.25,SLOW,4417.17,4417.42,4415.65,4416.07,0.00,0.00,0.0,BULLISH,177.0,4416.18,4416.50,4415.65,4415.84,43,CLEARED_>=20s,85.0,34.0,32.0,19.0,37.6,22.4,37.6,BLOCKED_37.6%,0.00,0.0,NO,STANDBY_VEL_LOW,0,0.00,4590.00,70.46,FALSE,M1_DIRECTION_MISMATCH
2026-09-07 15:00:43.595,1788793243.595,3539,87,87,4415.92,4416.00,8.0,PASS_<=10c,+8.0,UP,-26.0,-125.0,4.2,+0.84,0.20,SLOW,4417.17,4417.42,4415.65,4416.07,0.00,0.00,0.0,BULLISH,177.0,4416.18,4416.50,4415.65,4415.92,43,CLEARED_>=20s,85.0,26.0,32.0,27.0,37.6,31.8,37.6,BLOCKED_37.6%,0.00,0.0,NO,STANDBY_VEL_LOW,0,0.00,4590.00,70.46,FALSE,M1_DIRECTION_MISMATCH
2026-09-07 15:00:44.098,1788793244.098,3540,88,88,4415.91,4415.99,8.0,PASS_<=10c,-1.0,DOWN,-27.0,-126.0,4.2,+0.63,0.15,SLOW,4417.17,4417.42,4415.65,4416.07,0.00,0.00,0.0,BULLISH,177.0,4416.18,4416.50,4415.65,4415.91,44,CLEARED_>=20s,85.0,27.0,32.0,26.0,37.6,30.6,37.6,BLOCKED_37.6%,0.00,0.0,NO,STANDBY_VEL_LOW,0,0.00,4590.00,70.46,FALSE,M1_DIRECTION_MISMATCH
2026-09-07 15:00:44.599,1788793244.599,3541,89,89,4415.94,4416.02,8.0,PASS_<=10c,+3.0,UP,-24.0,-123.0,4.2,+0.00,0.00,SLOW,4417.17,4417.42,4415.65,4416.07,0.00,0.00,0.0,BULLISH,177.0,4416.18,4416.50,4415.65,4415.94,44,CLEARED_>=20s,85.0,24.0,32.0,29.0,37.6,34.1,37.6,BLOCKED_37.6%,0.00,0.0,NO,STANDBY_VEL_LOW,0,0.00,4590.00,70.46,FALSE,M1_DIRECTION_MISMATCH
2026-09-07 15:00:45.100,1788793245.101,3542,90,90,4416.44,4416.52,8.0,PASS_<=10c,+50.0,UP,+26.0,-73.0,4.2,+11.12,2.65,SLOW,4417.17,4417.42,4415.65,4416.07,0.00,0.00,0.0,BULLISH,177.0,4416.18,4416.50,4415.65,4416.44,45,CLEARED_>=20s,85.0,26.0,6.0,53.0,7.1,62.4,7.1,PASS_<20%,4416.33,11.0,YES,STANDBY_VEL_LOW,0,0.00,4590.00,70.46,TRUE,READY_TO_FIRE
2026-09-07 15:00:51.561,1788793251.562,3543,91,91,4416.61,4416.69,8.0,PASS_<=10c,+17.0,UP,+43.0,-56.0,3.6,+0.00,0.00,SLOW,4417.17,4417.42,4415.65,4416.07,0.00,0.00,0.0,BULLISH,177.0,4416.18,4416.61,4415.65,4416.61,51,CLEARED_>=20s,96.0,43.0,0.0,53.0,0.0,55.2,0.0,PASS_<20%,4416.33,28.0,YES,STANDBY_VEL_LOW,1,4416.52,173.48,70.46,TRUE,READY_TO_FIRE
2026-09-07 15:00:52.064,1788793252.064,3544,92,92,4416.61,4416.69,8.0,PASS_<=10c,+0.0,FLAT,+43.0,-56.0,4.0,+0.00,0.00,SLOW,4417.17,4417.42,4415.65,4416.07,0.00,0.00,0.0,BULLISH,177.0,4416.18,4416.61,4415.65,4416.61,52,CLEARED_>=20s,96.0,43.0,0.0,53.0,0.0,55.2,0.0,PASS_<20%,4416.33,28.0,YES,STANDBY_VEL_LOW,1,4416.52,173.48,70.46,TRUE,READY_TO_FIRE
2026-09-07 15:00:52.565,1788793252.565,3545,93,93,4416.59,4416.67,8.0,PASS_<=10c,-2.0,DOWN,+41.0,-58.0,4.8,+1.59,0.33,SLOW,4417.17,4417.42,4415.65,4416.07,0.00,0.00,0.0,BULLISH,177.0,4416.18,4416.68,4415.65,4416.59,52,CLEARED_>=20s,103.0,41.0,9.0,53.0,8.7,51.5,8.7,PASS_<20%,4416.33,26.0,YES,STANDBY_VEL_LOW,1,4416.52,173.48,70.46,TRUE,READY_TO_FIRE
2026-09-07 15:00:53.068,1788793253.069,3546,94,94,4416.57,4416.65,8.0,PASS_<=10c,-2.0,DOWN,+39.0,-60.0,4.6,+2.28,0.50,SLOW,4417.17,4417.42,4415.65,4416.07,0.00,0.00,0.0,BULLISH,177.0,4416.18,4416.68,4415.65,4416.57,53,CLEARED_>=20s,103.0,39.0,11.0,53.0,10.7,51.5,10.7,PASS_<20%,4416.33,24.0,YES,STANDBY_VEL_LOW,1,4416.52,173.48,70.46,TRUE,READY_TO_FIRE
2026-09-07 15:00:53.569,1788793253.569,3547,95,95,4416.54,4416.62,8.0,PASS_<=10c,-3.0,DOWN,+36.0,-63.0,4.4,+3.10,0.70,SLOW,4417.17,4417.42,4415.65,4416.07,0.00,0.00,0.0,BULLISH,177.0,4416.18,4416.68,4415.65,4416.54,53,CLEARED_>=20s,103.0,36.0,14.0,53.0,13.6,51.5,13.6,PASS_<20%,4416.33,21.0,YES,STANDBY_VEL_LOW,1,4416.52,173.48,70.46,TRUE,READY_TO_FIRE
2026-09-07 15:00:54.071,1788793254.071,3548,96,96,4416.61,4416.69,8.0,PASS_<=10c,+7.0,UP,+43.0,-56.0,4.3,+0.00,0.00,SLOW,4417.17,4417.42,4415.65,4416.07,0.00,0.00,0.0,BULLISH,177.0,4416.18,4416.68,4415.65,4416.61,54,CLEARED_>=20s,103.0,43.0,7.0,53.0,6.8,51.5,6.8,PASS_<20%,4416.33,28.0,YES,STANDBY_VEL_LOW,1,4416.52,173.48,70.46,TRUE,READY_TO_FIRE
2026-09-07 15:00:54.573,1788793254.574,3549,97,97,4416.62,4416.70,8.0,PASS_<=10c,+1.0,UP,+44.0,-55.0,4.3,+0.31,0.07,SLOW,4417.17,4417.42,4415.65,4416.07,0.00,0.00,0.0,BULLISH,177.0,4416.18,4416.68,4415.65,4416.62,54,CLEARED_>=20s,103.0,44.0,6.0,53.0,5.8,51.5,5.8,PASS_<20%,4416.33,29.0,YES,STANDBY_VEL_LOW,1,4416.52,173.48,70.46,TRUE,READY_TO_FIRE
2026-09-07 15:00:55.074,1788793255.075,3550,98,98,4416.64,4416.72,8.0,PASS_<=10c,+2.0,UP,+46.0,-53.0,4.3,+0.80,0.19,SLOW,4417.17,4417.42,4415.65,4416.07,0.00,0.00,0.0,BULLISH,177.0,4416.18,4416.68,4415.65,4416.64,55,CLEARED_>=20s,103.0,46.0,4.0,53.0,3.9,51.5,3.9,PASS_<20%,4416.33,31.0,YES,STANDBY_VEL_LOW,1,4416.52,173.48,70.46,TRUE,READY_TO_FIRE
2026-09-07 15:00:55.575,1788793255.575,3551,99,99,4416.65,4416.73,8.0,PASS_<=10c,+1.0,UP,+47.0,-52.0,4.2,+0.94,0.22,SLOW,4417.17,4417.42,4415.65,4416.07,0.00,0.00,0.0,BULLISH,177.0,4416.18,4416.68,4415.65,4416.65,55,CLEARED_>=20s,103.0,47.0,3.0,53.0,2.9,51.5,2.9,PASS_<20%,4416.33,32.0,YES,STANDBY_VEL_LOW,1,4416.52,173.48,70.46,TRUE,READY_TO_FIRE
2026-09-07 15:00:56.076,1788793256.077,3552,100,100,4416.65,4416.73,8.0,PASS_<=10c,+0.0,FLAT,+47.0,-52.0,4.2,+0.84,0.20,SLOW,4417.17,4417.42,4415.65,4416.07,0.00,0.00,0.0,BULLISH,177.0,4416.18,4416.68,4415.65,4416.65,56,CLEARED_>=20s,103.0,47.0,3.0,53.0,2.9,51.5,2.9,PASS_<20%,4416.33,32.0,YES,STANDBY_VEL_LOW,1,4416.52,173.48,70.46,TRUE,READY_TO_FIRE
2026-09-07 15:00:56.579,1788793256.579,3553,101,101,4416.61,4416.69,8.0,PASS_<=10c,-4.0,DOWN,+43.0,-56.0,4.2,+0.20,0.05,SLOW,4417.17,4417.42,4415.65,4416.07,0.00,0.00,0.0,BULLISH,177.0,4416.18,4416.68,4415.65,4416.61,56,CLEARED_>=20s,103.0,43.0,7.0,53.0,6.8,51.5,6.8,PASS_<20%,4416.33,28.0,YES,STANDBY_VEL_LOW,1,4416.52,173.48,70.46,TRUE,READY_TO_FIRE
2026-09-07 15:00:57.081,1788793257.082,3554,102,102,4416.61,4416.69,8.0,PASS_<=10c,+0.0,FLAT,+43.0,-56.0,4.2,+1.47,0.35,SLOW,4417.17,4417.42,4415.65,4416.07,0.00,0.00,0.0,BULLISH,177.0,4416.18,4416.68,4415.65,4416.61,57,CLEARED_>=20s,103.0,43.0,7.0,53.0,6.8,51.5,6.8,PASS_<20%,4416.33,28.0,YES,STANDBY_VEL_LOW,1,4416.52,173.48,70.46,TRUE,READY_TO_FIRE
2026-09-07 15:00:57.582,1788793257.583,3555,103,103,4416.40,4416.48,8.0,PASS_<=10c,-21.0,DOWN,+22.0,-77.0,4.2,+3.57,0.85,SLOW,4417.17,4417.42,4415.65,4416.07,0.00,0.00,0.0,BULLISH,177.0,4416.18,4416.68,4415.65,4416.40,57,CLEARED_>=20s,103.0,22.0,28.0,53.0,27.2,51.5,27.2,BLOCKED_27.2%,4416.33,7.0,NO,STANDBY_VEL_LOW,1,4416.52,173.48,70.46,FALSE,OPP_WICK_TOO_HIGH_0.27
2026-09-07 15:00:58.084,1788793258.084,3556,104,104,4416.37,4416.45,8.0,PASS_<=10c,-3.0,DOWN,+19.0,-80.0,4.2,+3.15,0.75,SLOW,4417.17,4417.42,4415.65,4416.07,0.00,0.00,0.0,BULLISH,177.0,4416.18,4416.68,4415.65,4416.37,58,CLEARED_>=20s,103.0,19.0,31.0,53.0,30.1,51.5,30.1,BLOCKED_30.1%,4416.33,4.0,NO,STANDBY_VEL_LOW,0,0.00,4590.00,68.56,FALSE,OPP_WICK_TOO_HIGH_0.30
2026-09-07 15:00:58.585,1788793258.586,3557,105,105,4416.37,4416.45,8.0,PASS_<=10c,+0.0,FLAT,+19.0,-80.0,4.2,+5.04,1.20,SLOW,4417.17,4417.42,4415.65,4416.07,0.00,0.00,0.0,BULLISH,177.0,4416.18,4416.68,4415.65,4416.37,58,CLEARED_>=20s,103.0,19.0,31.0,53.0,30.1,51.5,30.1,BLOCKED_30.1%,4416.33,4.0,NO,STANDBY_VEL_LOW,0,0.00,4590.00,68.56,FALSE,OPP_WICK_TOO_HIGH_0.30
2026-09-07 15:00:59.088,1788793259.089,3558,106,106,4416.37,4416.45,8.0,PASS_<=10c,+0.0,FLAT,+19.0,-80.0,4.2,+5.25,1.25,SLOW,4417.17,4417.42,4415.65,4416.07,0.00,0.00,0.0,BULLISH,177.0,4416.18,4416.68,4415.65,4416.37,59,CLEARED_>=20s,103.0,19.0,31.0,53.0,30.1,51.5,30.1,BLOCKED_30.1%,4416.33,4.0,NO,STANDBY_VEL_LOW,0,0.00,4590.00,68.56,FALSE,OPP_WICK_TOO_HIGH_0.30
2026-09-07 15:00:59.590,1788793259.590,3559,107,107,4416.33,4416.41,8.0,PASS_<=10c,-4.0,DOWN,+15.0,-84.0,4.2,+6.08,1.45,SLOW,4417.17,4417.42,4415.65,4416.07,0.00,0.00,0.0,BULLISH,177.0,4416.18,4416.68,4415.65,4416.33,59,CLEARED_>=20s,103.0,15.0,35.0,53.0,34.0,51.5,34.0,BLOCKED_34.0%,4416.33,0.0,NO,STANDBY_VEL_LOW,0,0.00,4590.00,68.56,FALSE,OPP_WICK_TOO_HIGH_0.34
2026-09-07 15:01:00.091,1788793260.091,3560,1,108,4415.83,4415.91,8.0,PASS_<=10c,-50.0,DOWN,+0.0,-134.0,4.2,+17.00,4.05,SLOW,4417.17,4417.42,4415.65,4416.07,0.00,0.00,0.0,BULLISH,177.0,4415.83,4415.83,4415.83,4415.83,0,ACTIVE_0s,1.0,0.0,0.0,0.0,0.0,0.0,0.0,PASS_<20%,0.00,0.0,NO,STANDBY_VEL_LOW,0,0.00,4590.00,68.56,FALSE,M1_DIRECTION_MISMATCH|OPENING_SHIELD_ACTIVE_0s
2026-09-07 15:01:00.592,1788793260.592,3561,2,109,4415.81,4415.89,8.0,PASS_<=10c,-2.0,DOWN,-2.0,-136.0,4.2,+17.62,4.20,SLOW,4417.17,4417.42,4415.65,4416.07,0.00,0.00,0.0,BULLISH,177.0,4415.83,4415.83,4415.78,4415.81,0,ACTIVE_0s,5.0,2.0,0.0,3.0,0.0,60.0,0.0,PASS_<20%,0.00,0.0,NO,STANDBY_VEL_LOW,0,0.00,4590.00,68.56,FALSE,M1_DIRECTION_MISMATCH|OPENING_SHIELD_ACTIVE_0s
2026-09-07 15:01:01.094,1788793261.094,3562,3,110,4415.92,4416.00,8.0,PASS_<=10c,+11.0,UP,+9.0,-125.0,4.2,+15.32,3.65,SLOW,4417.17,4417.42,4415.65,4416.07,0.00,0.00,0.0,BULLISH,177.0,4415.83,4415.92,4415.78,4415.92,1,ACTIVE_1s,14.0,9.0,0.0,5.0,0.0,35.7,0.0,PASS_<20%,4415.98,6.0,NO,STANDBY_VEL_LOW,0,0.00,4590.00,68.56,FALSE,OPENING_SHIELD_ACTIVE_1s
2026-09-07 15:01:01.595,1788793261.595,3563,4,111,4415.94,4416.02,8.0,PASS_<=10c,+2.0,UP,+11.0,-123.0,4.2,+14.06,3.35,SLOW,4417.17,4417.42,4415.65,4416.07,0.00,0.00,0.0,BULLISH,177.0,4415.83,4415.94,4415.78,4415.94,1,ACTIVE_1s,16.0,11.0,0.0,5.0,0.0,31.3,0.0,PASS_<20%,4415.98,4.0,NO,STANDBY_VEL_LOW,0,0.00,4590.00,68.56,FALSE,OPENING_SHIELD_ACTIVE_1s
2026-09-07 15:01:02.096,1788793262.097,3564,5,112,4416.14,4416.22,8.0,PASS_<=10c,+20.0,UP,+31.0,-103.0,4.2,+5.88,1.40,SLOW,4417.17,4417.42,4415.65,4416.07,0.00,0.00,0.0,BULLISH,177.0,4415.83,4416.14,4415.78,4416.14,2,ACTIVE_2s,36.0,31.0,0.0,5.0,0.0,13.9,0.0,PASS_<20%,4415.98,16.0,NO,STANDBY_VEL_LOW,0,0.00,4590.00,68.56,FALSE,OPENING_SHIELD_ACTIVE_2s
2026-09-07 15:01:02.599,1788793262.599,3565,6,113,4416.16,4416.24,8.0,PASS_<=10c,+2.0,UP,+33.0,-101.0,4.2,+4.41,1.05,SLOW,4417.17,4417.42,4415.65,4416.07,0.00,0.00,0.0,BULLISH,177.0,4415.83,4416.16,4415.78,4416.16,2,ACTIVE_2s,38.0,33.0,0.0,5.0,0.0,13.2,0.0,PASS_<20%,4415.98,18.0,NO,STANDBY_VEL_LOW,0,0.00,4590.00,68.56,FALSE,OPENING_SHIELD_ACTIVE_2s
2026-09-07 15:01:03.101,1788793263.102,3566,7,114,4416.08,4416.16,8.0,PASS_<=10c,-8.0,DOWN,+25.0,-109.0,4.2,+6.29,1.50,SLOW,4417.17,4417.42,4415.65,4416.07,0.00,0.00,0.0,BULLISH,177.0,4415.83,4416.16,4415.78,4416.08,3,ACTIVE_3s,38.0,25.0,8.0,5.0,21.1,13.2,21.1,BLOCKED_21.1%,4415.98,10.0,NO,STANDBY_VEL_LOW,0,0.00,4590.00,68.56,FALSE,OPP_WICK_TOO_HIGH_0.21|OPENING_SHIELD_ACTIVE_3s
2026-09-07 15:01:03.604,1788793263.604,3567,8,115,4416.05,4416.13,8.0,PASS_<=10c,-3.0,DOWN,+22.0,-112.0,4.2,+6.71,1.60,SLOW,4417.17,4417.42,4415.65,4416.07,0.00,0.00,0.0,BULLISH,177.0,4415.83,4416.16,4415.78,4416.05,3,ACTIVE_3s,38.0,22.0,11.0,5.0,28.9,13.2,28.9,BLOCKED_28.9%,4415.98,7.0,NO,STANDBY_VEL_LOW,0,0.00,4590.00,68.56,FALSE,OPP_WICK_TOO_HIGH_0.29|OPENING_SHIELD_ACTIVE_3s
2026-09-07 15:01:04.105,1788793264.105,3568,9,116,4416.12,4416.20,8.0,PASS_<=10c,+7.0,UP,+29.0,-105.0,4.2,+4.83,1.15,SLOW,4417.17,4417.42,4415.65,4416.07,0.00,0.00,0.0,BULLISH,177.0,4415.83,4416.16,4415.78,4416.12,4,ACTIVE_4s,38.0,29.0,4.0,5.0,10.5,13.2,10.5,PASS_<20%,4415.98,14.0,NO,STANDBY_VEL_LOW,0,0.00,4590.00,68.56,FALSE,OPENING_SHIELD_ACTIVE_4s
2026-09-07 15:01:04.606,1788793264.607,3569,10,117,4416.06,4416.14,8.0,PASS_<=10c,-6.0,DOWN,+23.0,-111.0,4.2,+0.22,0.05,SLOW,4417.17,4417.42,4415.65,4416.07,0.00,0.00,0.0,BULLISH,177.0,4415.83,4416.16,4415.78,4416.06,4,ACTIVE_4s,38.0,23.0,10.0,5.0,26.3,13.2,26.3,BLOCKED_26.3%,4415.98,8.0,NO,STANDBY_VEL_LOW,0,0.00,4590.00,68.56,FALSE,OPP_WICK_TOO_HIGH_0.26|OPENING_SHIELD_ACTIVE_4s
2026-09-07 15:01:05.107,1788793265.108,3570,11,118,4416.05,4416.13,8.0,PASS_<=10c,-1.0,DOWN,+22.0,-112.0,4.2,+5.66,1.35,SLOW,4417.17,4417.42,4415.65,4416.07,0.00,0.00,0.0,BULLISH,177.0,4415.83,4416.16,4415.78,4416.05,5,ACTIVE_5s,38.0,22.0,11.0,5.0,28.9,13.2,28.9,BLOCKED_28.9%,4415.98,7.0,NO,STANDBY_VEL_LOW,0,0.00,4590.00,68.56,FALSE,OPP_WICK_TOO_HIGH_0.29|OPENING_SHIELD_ACTIVE_5s
2026-09-07 15:01:05.609,1788793265.610,3571,12,119,4416.02,4416.10,8.0,PASS_<=10c,-3.0,DOWN,+19.0,-115.0,4.2,+3.57,0.85,SLOW,4417.17,4417.42,4415.65,4416.07,0.00,0.00,0.0,BULLISH,177.0,4415.83,4416.16,4415.78,4416.02,5,ACTIVE_5s,38.0,19.0,14.0,5.0,36.8,13.2,36.8,BLOCKED_36.8%,4415.98,4.0,NO,STANDBY_VEL_LOW,0,0.00,4590.00,68.56,FALSE,OPP_WICK_TOO_HIGH_0.37|OPENING_SHIELD_ACTIVE_5s
2026-09-07 15:01:06.111,1788793266.111,3572,13,120,4416.02,4416.10,8.0,PASS_<=10c,+0.0,FLAT,+19.0,-115.0,4.2,+1.68,0.40,SLOW,4417.17,4417.42,4415.65,4416.07,0.00,0.00,0.0,BULLISH,177.0,4415.83,4416.16,4415.78,4416.02,6,ACTIVE_6s,38.0,19.0,14.0,5.0,36.8,13.2,36.8,BLOCKED_36.8%,4415.98,4.0,NO,STANDBY_VEL_LOW,0,0.00,4590.00,68.56,FALSE,OPP_WICK_TOO_HIGH_0.37|OPENING_SHIELD_ACTIVE_6s
2026-09-07 15:01:06.613,1788793266.613,3573,14,121,4415.96,4416.04,8.0,PASS_<=10c,-6.0,DOWN,+13.0,-121.0,4.2,+2.73,0.65,SLOW,4417.17,4417.42,4415.65,4416.07,0.00,0.00,0.0,BULLISH,177.0,4415.83,4416.16,4415.78,4415.96,6,ACTIVE_6s,38.0,13.0,20.0,5.0,52.6,13.2,52.6,BLOCKED_52.6%,4415.98,2.0,NO,STANDBY_VEL_LOW,0,0.00,4590.00,68.56,FALSE,OPP_WICK_TOO_HIGH_0.53|OPENING_SHIELD_ACTIVE_6s
2026-09-07 15:01:07.114,1788793267.115,3574,15,122,4415.89,4415.97,8.0,PASS_<=10c,-7.0,DOWN,+6.0,-128.0,4.2,+5.24,1.25,SLOW,4417.17,4417.42,4415.65,4416.07,0.00,0.00,0.0,BULLISH,177.0,4415.83,4416.16,4415.78,4415.89,7,ACTIVE_7s,38.0,6.0,27.0,5.0,71.1,13.2,71.1,BLOCKED_71.1%,4415.98,9.0,NO,STANDBY_VEL_LOW,0,0.00,4590.00,68.56,FALSE,OPP_WICK_TOO_HIGH_0.71|OPENING_SHIELD_ACTIVE_7s|PRICE_BELOW_15C_DISPLACEMENT
2026-09-07 15:01:07.616,1788793267.616,3575,16,123,4415.88,4415.96,8.0,PASS_<=10c,-1.0,DOWN,+5.0,-129.0,4.2,+5.46,1.30,SLOW,4417.17,4417.42,4415.65,4416.07,0.00,0.00,0.0,BULLISH,177.0,4415.83,4416.16,4415.78,4415.88,7,ACTIVE_7s,38.0,5.0,28.0,5.0,73.7,13.2,73.7,BLOCKED_73.7%,4415.98,10.0,NO,STANDBY_VEL_LOW,0,0.00,4590.00,68.56,FALSE,OPP_WICK_TOO_HIGH_0.74|OPENING_SHIELD_ACTIVE_7s|PRICE_BELOW_15C_DISPLACEMENT
2026-09-07 15:01:08.117,1788793268.117,3576,17,124,4415.88,4415.96,8.0,PASS_<=10c,+0.0,FLAT,+5.0,-129.0,4.2,+3.99,0.95,SLOW,4417.17,4417.42,4415.65,4416.07,0.00,0.00,0.0,BULLISH,177.0,4415.83,4416.16,4415.78,4415.88,8,ACTIVE_8s,38.0,5.0,28.0,5.0,73.7,13.2,73.7,BLOCKED_73.7%,4415.98,10.0,NO,STANDBY_VEL_LOW,0,0.00,4590.00,68.56,FALSE,OPP_WICK_TOO_HIGH_0.74|OPENING_SHIELD_ACTIVE_8s|PRICE_BELOW_15C_DISPLACEMENT
2026-09-07 15:01:08.619,1788793268.620,3577,18,125,4415.71,4415.79,8.0,PASS_<=10c,-17.0,DOWN,-12.0,-146.0,4.2,+7.98,1.90,SLOW,4417.17,4417.42,4415.65,4416.07,0.00,0.00,0.0,BULLISH,177.0,4415.83,4416.16,4415.71,4415.71,8,ACTIVE_8s,45.0,12.0,33.0,0.0,73.3,0.0,73.3,BLOCKED_73.3%,0.00,0.0,NO,STANDBY_VEL_LOW,0,0.00,4590.00,68.56,FALSE,M1_DIRECTION_MISMATCH|OPENING_SHIELD_ACTIVE_8s
2026-09-07 15:01:09.121,1788793269.122,3578,19,126,4415.63,4415.71,8.0,PASS_<=10c,-8.0,DOWN,-20.0,-154.0,4.2,+9.86,2.35,SLOW,4417.17,4417.42,4415.65,4416.07,0.00,0.00,0.0,BULLISH,177.0,4415.83,4416.16,4415.63,4415.63,9,ACTIVE_9s,53.0,20.0,33.0,0.0,62.3,0.0,62.3,BLOCKED_62.3%,0.00,0.0,NO,STANDBY_VEL_LOW,0,0.00,4590.00,68.56,FALSE,M1_DIRECTION_MISMATCH|OPENING_SHIELD_ACTIVE_9s
2026-09-07 15:01:09.624,1788793269.624,3579,20,127,4415.66,4415.74,8.0,PASS_<=10c,+3.0,UP,-17.0,-151.0,4.2,+8.39,2.00,SLOW,4417.17,4417.42,4415.65,4416.07,0.00,0.00,0.0,BULLISH,177.0,4415.83,4416.16,4415.63,4415.66,9,ACTIVE_9s,53.0,17.0,33.0,3.0,62.3,5.7,62.3,BLOCKED_62.3%,0.00,0.0,NO,STANDBY_VEL_LOW,0,0.00,4590.00,68.56,FALSE,M1_DIRECTION_MISMATCH|OPENING_SHIELD_ACTIVE_9s
2026-09-07 15:01:10.125,1788793270.126,3580,21,128,4415.58,4415.66,8.0,PASS_<=10c,-8.0,DOWN,-25.0,-159.0,4.2,+9.23,2.20,SLOW,4417.17,4417.42,4415.65,4416.07,0.00,0.00,0.0,BULLISH,177.0,4415.83,4416.16,4415.58,4415.58,10,ACTIVE_10s,58.0,25.0,33.0,0.0,56.9,0.0,56.9,BLOCKED_56.9%,0.00,0.0,NO,STANDBY_VEL_LOW,0,0.00,4590.00,68.56,FALSE,M1_DIRECTION_MISMATCH|OPENING_SHIELD_ACTIVE_10s
2026-09-07 15:01:10.627,1788793270.628,3581,22,129,4415.49,4415.57,8.0,PASS_<=10c,-9.0,DOWN,-34.0,-168.0,4.2,+11.12,2.65,SLOW,4417.17,4417.42,4415.65,4416.07,0.00,0.00,0.0,BULLISH,177.0,4415.83,4416.16,4415.49,4415.49,10,ACTIVE_10s,67.0,34.0,33.0,0.0,49.3,0.0,49.3,BLOCKED_49.3%,0.00,0.0,NO,STANDBY_VEL_LOW,0,0.00,4590.00,68.56,FALSE,M1_DIRECTION_MISMATCH|OPENING_SHIELD_ACTIVE_10s
2026-09-07 15:01:11.129,1788793271.130,3582,23,130,4415.53,4415.61,8.0,PASS_<=10c,+4.0,UP,-30.0,-164.0,4.2,+9.02,2.15,SLOW,4417.17,4417.42,4415.65,4416.07,0.00,0.00,0.0,BULLISH,177.0,4415.83,4416.16,4415.49,4415.53,11,ACTIVE_11s,67.0,30.0,33.0,4.0,49.3,6.0,49.3,BLOCKED_49.3%,0.00,0.0,NO,STANDBY_VEL_LOW,0,0.00,4590.00,68.56,FALSE,M1_DIRECTION_MISMATCH|OPENING_SHIELD_ACTIVE_11s
2026-09-07 15:01:11.631,1788793271.632,3583,24,131,4415.57,4415.65,8.0,PASS_<=10c,+4.0,UP,-26.0,-160.0,4.2,+6.71,1.60,SLOW,4417.17,4417.42,4415.65,4416.07,0.00,0.00,0.0,BULLISH,177.0,4415.83,4416.16,4415.49,4415.57,11,ACTIVE_11s,67.0,26.0,33.0,8.0,49.3,11.9,49.3,BLOCKED_49.3%,0.00,0.0,NO,STANDBY_VEL_LOW,0,0.00,4590.00,68.56,FALSE,M1_DIRECTION_MISMATCH|OPENING_SHIELD_ACTIVE_11s
2026-09-07 15:01:12.133,1788793272.134,3584,25,132,4415.74,4415.82,8.0,PASS_<=10c,+17.0,UP,-9.0,-143.0,4.2,+3.15,0.75,SLOW,4417.17,4417.42,4415.65,4416.07,0.00,0.00,0.0,BULLISH,177.0,4415.83,4416.16,4415.49,4415.74,12,ACTIVE_12s,67.0,9.0,33.0,25.0,49.3,37.3,49.3,BLOCKED_49.3%,0.00,0.0,NO,STANDBY_VEL_LOW,0,0.00,4590.00,68.56,FALSE,M1_DIRECTION_MISMATCH|OPENING_SHIELD_ACTIVE_12s
2026-09-07 15:01:12.634,1788793272.635,3585,26,133,4415.91,4415.99,8.0,PASS_<=10c,+17.0,UP,+8.0,-126.0,4.2,+0.63,0.15,SLOW,4417.17,4417.42,4415.65,4416.07,0.00,0.00,0.0,BULLISH,177.0,4415.83,4416.16,4415.49,4415.91,12,ACTIVE_12s,67.0,8.0,25.0,34.0,37.3,50.7,37.3,BLOCKED_37.3%,4415.98,7.0,NO,STANDBY_VEL_LOW,0,0.00,4590.00,68.56,FALSE,OPP_WICK_TOO_HIGH_0.37|OPENING_SHIELD_ACTIVE_12s
2026-09-07 15:01:13.136,1788793273.136,3586,27,134,4415.91,4415.99,8.0,PASS_<=10c,+0.0,FLAT,+8.0,-126.0,4.2,+2.10,0.50,SLOW,4417.17,4417.42,4415.65,4416.07,0.00,0.00,0.0,BULLISH,177.0,4415.83,4416.16,4415.49,4415.91,13,ACTIVE_13s,67.0,8.0,25.0,34.0,37.3,50.7,37.3,BLOCKED_37.3%,4415.98,7.0,NO,STANDBY_VEL_LOW,0,0.00,4590.00,68.56,FALSE,OPP_WICK_TOO_HIGH_0.37|OPENING_SHIELD_ACTIVE_13s
2026-09-07 15:01:13.638,1788793273.638,3587,28,135,4415.79,4415.87,8.0,PASS_<=10c,-12.0,DOWN,-4.0,-138.0,4.2,+3.36,0.80,SLOW,4417.17,4417.42,4415.65,4416.07,0.00,0.00,0.0,BULLISH,177.0,4415.83,4416.16,4415.49,4415.79,13,ACTIVE_13s,67.0,4.0,33.0,30.0,49.3,44.8,49.3,BLOCKED_49.3%,0.00,0.0,NO,STANDBY_VEL_LOW,0,0.00,4590.00,68.56,FALSE,M1_DIRECTION_MISMATCH|OPENING_SHIELD_ACTIVE_13s
2026-09-07 15:01:14.140,1788793274.140,3588,29,136,4415.69,4415.77,8.0,PASS_<=10c,-10.0,DOWN,-14.0,-148.0,4.2,+0.63,0.15,SLOW,4417.17,4417.42,4415.65,4416.07,0.00,0.00,0.0,BULLISH,177.0,4415.83,4416.16,4415.49,4415.69,14,ACTIVE_14s,67.0,14.0,33.0,20.0,49.3,29.9,49.3,BLOCKED_49.3%,0.00,0.0,NO,STANDBY_VEL_LOW,0,0.00,4590.00,68.56,FALSE,M1_DIRECTION_MISMATCH|OPENING_SHIELD_ACTIVE_14s
2026-09-07 15:01:14.641,1788793274.641,3589,30,137,4415.65,4415.73,8.0,PASS_<=10c,-4.0,DOWN,-18.0,-152.0,4.2,+1.05,0.25,SLOW,4417.17,4417.42,4415.65,4416.07,0.00,0.00,0.0,BULLISH,177.0,4415.83,4416.16,4415.49,4415.65,14,ACTIVE_14s,67.0,18.0,33.0,16.0,49.3,23.9,49.3,BLOCKED_49.3%,0.00,0.0,NO,STANDBY_VEL_LOW,0,0.00,4590.00,68.56,FALSE,M1_DIRECTION_MISMATCH|OPENING_SHIELD_ACTIVE_14s
2026-09-07 15:01:15.142,1788793275.143,3590,31,138,4415.55,4415.63,8.0,PASS_<=10c,-10.0,DOWN,-28.0,-162.0,4.2,+1.26,0.30,SLOW,4417.17,4417.42,4415.65,4416.07,0.00,0.00,0.0,BULLISH,177.0,4415.83,4416.16,4415.49,4415.55,15,ACTIVE_15s,67.0,28.0,33.0,6.0,49.3,9.0,49.3,BLOCKED_49.3%,0.00,0.0,NO,STANDBY_VEL_LOW,0,0.00,4590.00,68.56,FALSE,M1_DIRECTION_MISMATCH|OPENING_SHIELD_ACTIVE_15s
2026-09-07 15:01:15.644,1788793275.644,3591,32,139,4415.39,4415.47,8.0,PASS_<=10c,-16.0,DOWN,-44.0,-178.0,4.2,+2.10,0.50,SLOW,4417.17,4417.42,4415.65,4416.07,0.00,0.00,0.0,BULLISH,177.0,4415.83,4416.16,4415.39,4415.39,15,ACTIVE_15s,77.0,44.0,33.0,0.0,42.9,0.0,42.9,BLOCKED_42.9%,0.00,0.0,NO,STANDBY_VEL_LOW,0,0.00,4590.00,68.56,FALSE,M1_DIRECTION_MISMATCH|OPENING_SHIELD_ACTIVE_15s
2026-09-07 15:01:16.146,1788793276.147,3592,33,140,4415.33,4415.41,8.0,PASS_<=10c,-6.0,DOWN,-50.0,-184.0,4.2,+4.20,1.00,SLOW,4417.17,4417.42,4415.65,4416.07,0.00,0.00,0.0,BULLISH,177.0,4415.83,4416.16,4415.33,4415.33,16,ACTIVE_16s,83.0,50.0,33.0,0.0,39.8,0.0,39.8,BLOCKED_39.8%,0.00,0.0,NO,STANDBY_VEL_LOW,0,0.00,4590.00,68.56,FALSE,M1_DIRECTION_MISMATCH|OPENING_SHIELD_ACTIVE_16s
2026-09-07 15:01:16.648,1788793276.648,3593,34,141,4415.36,4415.44,8.0,PASS_<=10c,+3.0,UP,-47.0,-181.0,4.2,+5.88,1.40,SLOW,4417.17,4417.42,4415.65,4416.07,0.00,0.00,0.0,BULLISH,177.0,4415.83,4416.16,4415.33,4415.36,16,ACTIVE_16s,83.0,47.0,33.0,3.0,39.8,3.6,39.8,BLOCKED_39.8%,0.00,0.0,NO,STANDBY_VEL_LOW,0,0.00,4590.00,68.56,FALSE,M1_DIRECTION_MISMATCH|OPENING_SHIELD_ACTIVE_16s
2026-09-07 15:01:17.152,1788793277.152,3594,35,142,4415.42,4415.50,8.0,PASS_<=10c,+6.0,UP,-41.0,-175.0,4.2,+8.39,2.00,SLOW,4417.17,4417.42,4415.65,4416.07,0.00,0.00,0.0,BULLISH,177.0,4415.83,4416.16,4415.33,4415.42,17,ACTIVE_17s,83.0,41.0,33.0,9.0,39.8,10.8,39.8,BLOCKED_39.8%,0.00,0.0,NO,STANDBY_VEL_LOW,0,0.00,4590.00,68.56,FALSE,M1_DIRECTION_MISMATCH|OPENING_SHIELD_ACTIVE_17s
2026-09-07 15:01:17.652,1788793277.652,3595,36,143,4415.40,4415.48,8.0,PASS_<=10c,-2.0,DOWN,-43.0,-177.0,4.2,+10.70,2.55,SLOW,4417.17,4417.42,4415.65,4416.07,0.00,0.00,0.0,BULLISH,177.0,4415.83,4416.16,4415.33,4415.40,17,ACTIVE_17s,83.0,43.0,33.0,7.0,39.8,8.4,39.8,BLOCKED_39.8%,0.00,0.0,NO,STANDBY_VEL_LOW,0,0.00,4590.00,68.56,FALSE,M1_DIRECTION_MISMATCH|OPENING_SHIELD_ACTIVE_17s
2026-09-07 15:01:18.153,1788793278.154,3596,37,144,4415.39,4415.47,8.0,PASS_<=10c,-1.0,DOWN,-44.0,-178.0,4.2,+11.33,2.70,SLOW,4417.17,4417.42,4415.65,4416.07,0.00,0.00,0.0,BULLISH,177.0,4415.83,4416.16,4415.33,4415.39,18,ACTIVE_18s,83.0,44.0,33.0,6.0,39.8,7.2,39.8,BLOCKED_39.8%,0.00,0.0,NO,STANDBY_VEL_LOW,0,0.00,4590.00,68.56,FALSE,M1_DIRECTION_MISMATCH|OPENING_SHIELD_ACTIVE_18s
2026-09-07 15:01:18.656,1788793278.657,3597,38,145,4415.29,4415.37,8.0,PASS_<=10c,-10.0,DOWN,-54.0,-188.0,4.2,+9.86,2.35,SLOW,4417.17,4417.42,4415.65,4416.07,0.00,0.00,0.0,BULLISH,177.0,4415.83,4416.16,4415.29,4415.29,18,ACTIVE_18s,87.0,54.0,33.0,0.0,37.9,0.0,37.9,BLOCKED_37.9%,0.00,0.0,NO,STANDBY_VEL_LOW,0,0.00,4590.00,68.56,FALSE,M1_DIRECTION_MISMATCH|OPENING_SHIELD_ACTIVE_18s
2026-09-07 15:01:19.158,1788793279.158,3598,39,146,4415.19,4415.27,8.0,PASS_<=10c,-10.0,DOWN,-64.0,-198.0,4.2,+10.49,2.50,SLOW,4417.17,4417.42,4415.65,4416.07,0.00,0.00,0.0,BULLISH,177.0,4415.83,4416.16,4415.19,4415.19,19,ACTIVE_19s,97.0,64.0,33.0,0.0,34.0,0.0,34.0,BLOCKED_34.0%,0.00,0.0,NO,STANDBY_VEL_LOW,0,0.00,4590.00,68.56,FALSE,M1_DIRECTION_MISMATCH|OPENING_SHIELD_ACTIVE_19s
2026-09-07 15:01:19.660,1788793279.660,3599,40,147,4415.25,4415.33,8.0,PASS_<=10c,+6.0,UP,-58.0,-192.0,4.2,+6.50,1.55,SLOW,4417.17,4417.42,4415.65,4416.07,0.00,0.00,0.0,BULLISH,177.0,4415.83,4416.16,4415.19,4415.25,19,ACTIVE_19s,97.0,58.0,33.0,6.0,34.0,6.2,34.0,BLOCKED_34.0%,0.00,0.0,NO,STANDBY_VEL_LOW,0,0.00,4590.00,68.56,FALSE,M1_DIRECTION_MISMATCH|OPENING_SHIELD_ACTIVE_19s
2026-09-07 15:01:20.165,1788793280.165,3600,41,148,4415.16,4415.24,8.0,PASS_<=10c,-9.0,DOWN,-67.0,-201.0,4.2,+8.39,2.00,SLOW,4417.17,4417.42,4415.65,4416.07,0.00,0.00,0.0,BULLISH,177.0,4415.83,4416.16,4415.16,4415.16,20,CLEARED_>=20s,100.0,67.0,33.0,0.0,33.0,0.0,33.0,BLOCKED_33.0%,0.00,0.0,NO,STANDBY_VEL_LOW,0,0.00,4590.00,68.56,FALSE,M1_DIRECTION_MISMATCH
2026-09-07 15:01:20.663,1788793280.664,3601,42,149,4415.11,4415.19,8.0,PASS_<=10c,-5.0,DOWN,-72.0,-206.0,4.2,+5.03,1.20,SLOW,4417.17,4417.42,4415.65,4416.07,0.00,0.00,0.0,BULLISH,177.0,4415.83,4416.16,4415.11,4415.11,20,CLEARED_>=20s,105.0,72.0,33.0,0.0,31.4,0.0,31.4,BLOCKED_31.4%,0.00,0.0,NO,STANDBY_VEL_LOW,0,0.00,4590.00,68.56,FALSE,M1_DIRECTION_MISMATCH
2026-09-07 15:01:21.165,1788793281.165,3602,43,150,4415.07,4415.15,8.0,PASS_<=10c,-4.0,DOWN,-76.0,-210.0,4.2,+5.87,1.40,SLOW,4417.17,4417.42,4415.65,4416.07,0.00,0.00,0.0,BULLISH,177.0,4415.83,4416.16,4415.07,4415.07,21,CLEARED_>=20s,109.0,76.0,33.0,0.0,30.3,0.0,30.3,BLOCKED_30.3%,0.00,0.0,NO,STANDBY_VEL_LOW,0,0.00,4590.00,68.56,FALSE,M1_DIRECTION_MISMATCH
2026-09-07 15:01:21.667,1788793281.667,3603,44,151,4415.11,4415.19,8.0,PASS_<=10c,+4.0,UP,-72.0,-206.0,4.2,+6.71,1.60,SLOW,4417.17,4417.42,4415.65,4416.07,0.00,0.00,0.0,BULLISH,177.0,4415.83,4416.16,4415.07,4415.11,21,CLEARED_>=20s,109.0,72.0,33.0,4.0,30.3,3.7,30.3,BLOCKED_30.3%,0.00,0.0,NO,STANDBY_VEL_LOW,0,0.00,4590.00,68.56,FALSE,M1_DIRECTION_MISMATCH
2026-09-07 15:01:22.169,1788793282.169,3604,45,152,4415.09,4415.17,8.0,PASS_<=10c,-2.0,DOWN,-74.0,-208.0,4.2,+6.50,1.55,SLOW,4417.17,4417.42,4415.65,4416.07,0.00,0.00,0.0,BULLISH,177.0,4415.83,4416.16,4415.07,4415.09,22,CLEARED_>=20s,109.0,74.0,33.0,2.0,30.3,1.8,30.3,BLOCKED_30.3%,0.00,0.0,NO,STANDBY_VEL_LOW,0,0.00,4590.00,68.56,FALSE,M1_DIRECTION_MISMATCH
2026-09-07 15:01:22.669,1788793282.670,3605,46,153,4415.07,4415.15,8.0,PASS_<=10c,-2.0,DOWN,-76.0,-210.0,4.2,+6.71,1.60,SLOW,4417.17,4417.42,4415.65,4416.07,0.00,0.00,0.0,BULLISH,177.0,4415.83,4416.16,4415.07,4415.07,22,CLEARED_>=20s,109.0,76.0,33.0,0.0,30.3,0.0,30.3,BLOCKED_30.3%,0.00,0.0,NO,STANDBY_VEL_LOW,0,0.00,4590.00,68.56,FALSE,M1_DIRECTION_MISMATCH
2026-09-07 15:01:23.171,1788793283.172,3606,47,154,4415.02,4415.10,8.0,PASS_<=10c,-5.0,DOWN,-81.0,-215.0,4.2,+6.71,1.60,SLOW,4417.17,4417.42,4415.65,4416.07,0.00,0.00,0.0,BULLISH,177.0,4415.83,4416.16,4415.02,4415.02,23,CLEARED_>=20s,114.0,81.0,33.0,0.0,28.9,0.0,28.9,BLOCKED_28.9%,0.00,0.0,NO,STANDBY_VEL_LOW,0,0.00,4590.00,68.56,FALSE,M1_DIRECTION_MISMATCH
2026-09-07 15:01:23.673,1788793283.673,3607,48,155,4414.98,4415.06,8.0,PASS_<=10c,-4.0,DOWN,-85.0,-219.0,4.2,+4.62,1.10,SLOW,4417.17,4417.42,4415.65,4416.07,0.00,0.00,0.0,BULLISH,177.0,4415.83,4416.16,4414.98,4414.98,23,CLEARED_>=20s,118.0,85.0,33.0,0.0,28.0,0.0,28.0,BLOCKED_28.0%,0.00,0.0,NO,STANDBY_VEL_LOW,0,0.00,4590.00,68.56,FALSE,M1_DIRECTION_MISMATCH
2026-09-07 15:01:24.175,1788793284.176,3608,49,156,4415.00,4415.08,8.0,PASS_<=10c,+2.0,UP,-83.0,-217.0,4.2,+4.62,1.10,SLOW,4417.17,4417.42,4415.65,4416.07,0.00,0.00,0.0,BULLISH,177.0,4415.83,4416.16,4414.98,4415.00,24,CLEARED_>=20s,118.0,83.0,33.0,2.0,28.0,1.7,28.0,BLOCKED_28.0%,0.00,0.0,NO,STANDBY_VEL_LOW,0,0.00,4590.00,68.56,FALSE,M1_DIRECTION_MISMATCH
2026-09-07 15:01:24.682,1788793284.682,3609,50,157,4414.95,4415.03,8.0,PASS_<=10c,-5.0,DOWN,-88.0,-222.0,4.2,+5.25,1.25,SLOW,4417.17,4417.42,4415.65,4416.07,0.00,0.00,0.0,BULLISH,177.0,4415.83,4416.16,4414.93,4414.95,24,CLEARED_>=20s,123.0,88.0,33.0,2.0,26.8,1.6,26.8,BLOCKED_26.8%,0.00,0.0,NO,STANDBY_VEL_LOW,0,0.00,4590.00,68.56,FALSE,M1_DIRECTION_MISMATCH
2026-09-07 15:01:25.179,1788793285.179,3610,51,158,4414.73,4414.81,8.0,PASS_<=10c,-22.0,DOWN,-110.0,-244.0,4.2,+8.39,2.00,SLOW,4417.17,4417.42,4415.65,4416.07,0.00,0.00,0.0,BULLISH,177.0,4415.83,4416.16,4414.73,4414.73,25,CLEARED_>=20s,143.0,110.0,33.0,0.0,23.1,0.0,23.1,BLOCKED_23.1%,0.00,0.0,NO,STANDBY_VEL_LOW,0,0.00,4590.00,68.56,FALSE,M1_DIRECTION_MISMATCH
2026-09-07 15:01:25.680,1788793285.680,3611,52,159,4414.67,4414.75,8.0,PASS_<=10c,-6.0,DOWN,-116.0,-250.0,4.2,+9.23,2.20,SLOW,4417.17,4417.42,4415.65,4416.07,0.00,0.00,0.0,BULLISH,177.0,4415.83,4416.16,4414.67,4414.67,25,CLEARED_>=20s,149.0,116.0,33.0,0.0,22.1,0.0,22.1,BLOCKED_22.1%,0.00,0.0,NO,STANDBY_VEL_LOW,0,0.00,4590.00,68.56,FALSE,M1_DIRECTION_MISMATCH
2026-09-07 15:01:26.182,1788793286.183,3612,53,160,4414.57,4414.65,8.0,PASS_<=10c,-10.0,DOWN,-126.0,-260.0,4.2,+10.49,2.50,SLOW,4417.17,4417.42,4415.65,4416.07,0.00,0.00,0.0,BULLISH,177.0,4415.83,4416.16,4414.57,4414.57,26,CLEARED_>=20s,159.0,126.0,33.0,0.0,20.8,0.0,20.8,BLOCKED_20.8%,0.00,0.0,NO,STANDBY_VEL_LOW,0,0.00,4590.00,68.56,FALSE,M1_DIRECTION_MISMATCH
2026-09-07 15:01:26.684,1788793286.685,3613,54,161,4414.63,4414.71,8.0,PASS_<=10c,+6.0,UP,-120.0,-254.0,4.2,+10.07,2.40,SLOW,4417.17,4417.42,4415.65,4416.07,0.00,0.00,0.0,BULLISH,177.0,4415.83,4416.16,4414.54,4414.63,26,CLEARED_>=20s,162.0,120.0,33.0,9.0,20.4,5.6,20.4,BLOCKED_20.4%,0.00,0.0,NO,STANDBY_VEL_LOW,0,0.00,4590.00,68.56,FALSE,M1_DIRECTION_MISMATCH
2026-09-07 15:01:27.185,1788793287.186,3614,55,162,4414.70,4414.78,8.0,PASS_<=10c,+7.0,UP,-113.0,-247.0,4.2,+7.97,1.90,SLOW,4417.17,4417.42,4415.65,4416.07,0.00,0.00,0.0,BULLISH,177.0,4415.83,4416.16,4414.54,4414.70,27,CLEARED_>=20s,162.0,113.0,33.0,16.0,20.4,9.9,20.4,BLOCKED_20.4%,0.00,0.0,NO,STANDBY_VEL_LOW,0,0.00,4590.00,68.56,FALSE,M1_DIRECTION_MISMATCH
2026-09-07 15:01:27.687,1788793287.687,3615,56,163,4414.69,4414.77,8.0,PASS_<=10c,-1.0,DOWN,-114.0,-248.0,4.2,+6.92,1.65,SLOW,4417.17,4417.42,4415.65,4416.07,0.00,0.00,0.0,BULLISH,177.0,4415.83,4416.16,4414.54,4414.69,27,CLEARED_>=20s,162.0,114.0,33.0,15.0,20.4,9.3,20.4,BLOCKED_20.4%,0.00,0.0,NO,STANDBY_VEL_LOW,0,0.00,4590.00,68.56,FALSE,M1_DIRECTION_MISMATCH
2026-09-07 15:01:28.190,1788793288.190,3616,57,164,4414.65,4414.73,8.0,PASS_<=10c,-4.0,DOWN,-118.0,-252.0,4.2,+7.97,1.90,SLOW,4417.17,4417.42,4415.65,4416.07,0.00,0.00,0.0,BULLISH,177.0,4415.83,4416.16,4414.54,4414.65,28,CLEARED_>=20s,162.0,118.0,33.0,11.0,20.4,6.8,20.4,BLOCKED_20.4%,0.00,0.0,NO,STANDBY_VEL_LOW,0,0.00,4590.00,68.56,FALSE,M1_DIRECTION_MISMATCH
2026-09-07 15:01:28.691,1788793288.692,3617,58,165,4414.65,4414.73,8.0,PASS_<=10c,+0.0,FLAT,-118.0,-252.0,4.2,+7.34,1.75,SLOW,4417.17,4417.42,4415.65,4416.07,0.00,0.00,0.0,BULLISH,177.0,4415.83,4416.16,4414.54,4414.65,28,CLEARED_>=20s,162.0,118.0,33.0,11.0,20.4,6.8,20.4,BLOCKED_20.4%,0.00,0.0,NO,STANDBY_VEL_LOW,0,0.00,4590.00,68.56,FALSE,M1_DIRECTION_MISMATCH
2026-09-07 15:01:29.193,1788793289.193,3618,59,166,4414.67,4414.75,8.0,PASS_<=10c,+2.0,UP,-116.0,-250.0,4.2,+5.45,1.30,SLOW,4417.17,4417.42,4415.65,4416.07,0.00,0.00,0.0,BULLISH,177.0,4415.83,4416.16,4414.54,4414.67,29,CLEARED_>=20s,162.0,116.0,33.0,13.0,20.4,8.0,20.4,BLOCKED_20.4%,0.00,0.0,NO,STANDBY_VEL_LOW,0,0.00,4590.00,68.56,FALSE,M1_DIRECTION_MISMATCH
2026-09-07 15:01:29.694,1788793289.695,3619,60,167,4414.70,4414.78,8.0,PASS_<=10c,+3.0,UP,-113.0,-247.0,4.2,+5.66,1.35,SLOW,4417.17,4417.42,4415.65,4416.07,0.00,0.00,0.0,BULLISH,177.0,4415.83,4416.16,4414.54,4414.70,29,CLEARED_>=20s,162.0,113.0,33.0,16.0,20.4,9.9,20.4,BLOCKED_20.4%,0.00,0.0,NO,STANDBY_VEL_LOW,0,0.00,4590.00,68.56,FALSE,M1_DIRECTION_MISMATCH
2026-09-07 15:01:30.196,1788793290.196,3620,61,168,4414.71,4414.79,8.0,PASS_<=10c,+1.0,UP,-112.0,-246.0,4.2,+0.00,0.00,SLOW,4417.17,4417.42,4415.65,4416.07,0.00,0.00,0.0,BULLISH,177.0,4415.83,4416.16,4414.54,4414.71,30,CLEARED_>=20s,162.0,112.0,33.0,17.0,20.4,10.5,20.4,BLOCKED_20.4%,0.00,0.0,NO,STANDBY_VEL_LOW,0,0.00,4590.00,68.56,FALSE,M1_DIRECTION_MISMATCH
2026-09-07 15:01:30.698,1788793290.698,3621,62,169,4414.59,4414.67,8.0,PASS_<=10c,-12.0,DOWN,-124.0,-258.0,4.2,+1.68,0.40,SLOW,4417.17,4417.42,4415.65,4416.07,0.00,0.00,0.0,BULLISH,177.0,4415.83,4416.16,4414.54,4414.59,30,CLEARED_>=20s,162.0,124.0,33.0,5.0,20.4,3.1,20.4,BLOCKED_20.4%,0.00,0.0,NO,STANDBY_VEL_LOW,0,0.00,4590.00,68.56,FALSE,M1_DIRECTION_MISMATCH
2026-09-07 15:01:31.199,1788793291.200,3622,63,170,4414.53,4414.61,8.0,PASS_<=10c,-6.0,DOWN,-130.0,-264.0,4.2,+0.21,0.05,SLOW,4417.17,4417.42,4415.65,4416.07,0.00,0.00,0.0,BULLISH,177.0,4415.83,4416.16,4414.53,4414.53,31,CLEARED_>=20s,163.0,130.0,33.0,0.0,20.2,0.0,20.2,BLOCKED_20.2%,0.00,0.0,NO,STANDBY_VEL_LOW,0,0.00,4590.00,68.56,FALSE,M1_DIRECTION_MISMATCH
2026-09-07 15:01:31.700,1788793291.700,3623,64,171,4414.47,4414.55,8.0,PASS_<=10c,-6.0,DOWN,-136.0,-270.0,4.2,+3.99,0.95,SLOW,4417.17,4417.42,4415.65,4416.07,0.00,0.00,0.0,BULLISH,177.0,4415.83,4416.16,4414.47,4414.47,31,CLEARED_>=20s,169.0,136.0,33.0,0.0,19.5,0.0,19.5,PASS_<20%,0.00,0.0,NO,STANDBY_VEL_LOW,0,0.00,4590.00,68.56,FALSE,M1_DIRECTION_MISMATCH
2026-09-07 15:01:32.201,1788793292.201,3624,65,172,4414.47,4414.55,8.0,PASS_<=10c,+0.0,FLAT,-136.0,-270.0,4.2,+4.83,1.15,SLOW,4417.17,4417.42,4415.65,4416.07,0.00,0.00,0.0,BULLISH,177.0,4415.83,4416.16,4414.47,4414.47,32,CLEARED_>=20s,169.0,136.0,33.0,0.0,19.5,0.0,19.5,PASS_<20%,0.00,0.0,NO,STANDBY_VEL_LOW,0,0.00,4590.00,68.56,FALSE,M1_DIRECTION_MISMATCH
2026-09-07 15:01:32.702,1788793292.703,3625,66,173,4414.44,4414.52,8.0,PASS_<=10c,-3.0,DOWN,-139.0,-273.0,4.2,+5.25,1.25,SLOW,4417.17,4417.42,4415.65,4416.07,0.00,0.00,0.0,BULLISH,177.0,4415.83,4416.16,4414.44,4414.44,32,CLEARED_>=20s,172.0,139.0,33.0,0.0,19.2,0.0,19.2,PASS_<20%,0.00,0.0,NO,STANDBY_VEL_LOW,0,0.00,4590.00,68.56,FALSE,M1_DIRECTION_MISMATCH
2026-09-07 15:01:33.204,1788793293.204,3626,67,174,4414.34,4414.42,8.0,PASS_<=10c,-10.0,DOWN,-149.0,-283.0,4.2,+6.51,1.55,SLOW,4417.17,4417.42,4415.65,4416.07,0.00,0.00,0.0,BULLISH,177.0,4415.83,4416.16,4414.34,4414.34,33,CLEARED_>=20s,182.0,149.0,33.0,0.0,18.1,0.0,18.1,PASS_<20%,0.00,0.0,NO,STANDBY_VEL_LOW,0,0.00,4590.00,68.56,FALSE,M1_DIRECTION_MISMATCH
2026-09-07 15:01:33.704,1788793293.705,3627,68,175,4414.30,4414.38,8.0,PASS_<=10c,-4.0,DOWN,-153.0,-287.0,4.2,+7.35,1.75,SLOW,4417.17,4417.42,4415.65,4416.07,0.00,0.00,0.0,BULLISH,177.0,4415.83,4416.16,4414.30,4414.30,33,CLEARED_>=20s,186.0,153.0,33.0,0.0,17.7,0.0,17.7,PASS_<20%,0.00,0.0,NO,STANDBY_VEL_LOW,0,0.00,4590.00,68.56,FALSE,M1_DIRECTION_MISMATCH
2026-09-07 15:01:34.207,1788793294.207,3628,69,176,4414.33,4414.41,8.0,PASS_<=10c,+3.0,UP,-150.0,-284.0,4.2,+5.46,1.30,SLOW,4417.17,4417.42,4415.65,4416.07,0.00,0.00,0.0,BULLISH,177.0,4415.83,4416.16,4414.30,4414.33,34,CLEARED_>=20s,186.0,150.0,33.0,3.0,17.7,1.6,17.7,PASS_<20%,0.00,0.0,NO,STANDBY_VEL_LOW,0,0.00,4590.00,68.56,FALSE,M1_DIRECTION_MISMATCH
2026-09-07 15:01:34.709,1788793294.709,3629,70,177,4414.33,4414.41,8.0,PASS_<=10c,+0.0,FLAT,-150.0,-284.0,4.2,+7.98,1.90,SLOW,4417.17,4417.42,4415.65,4416.07,0.00,0.00,0.0,BULLISH,177.0,4415.83,4416.16,4414.30,4414.33,34,CLEARED_>=20s,186.0,150.0,33.0,3.0,17.7,1.6,17.7,PASS_<20%,0.00,0.0,NO,STANDBY_VEL_LOW,0,0.00,4590.00,68.56,FALSE,M1_DIRECTION_MISMATCH
2026-09-07 15:01:35.211,1788793295.212,3630,71,178,4414.39,4414.47,8.0,PASS_<=10c,+6.0,UP,-144.0,-278.0,4.2,+6.72,1.60,SLOW,4417.17,4417.42,4415.65,4416.07,0.00,0.00,0.0,BULLISH,177.0,4415.83,4416.16,4414.30,4414.39,35,CLEARED_>=20s,186.0,144.0,33.0,9.0,17.7,4.8,17.7,PASS_<20%,0.00,0.0,NO,STANDBY_VEL_LOW,0,0.00,4590.00,68.56,FALSE,M1_DIRECTION_MISMATCH
2026-09-07 15:01:35.712,1788793295.712,3631,72,179,4414.40,4414.48,8.0,PASS_<=10c,+1.0,UP,-143.0,-277.0,4.2,+3.78,0.90,SLOW,4417.17,4417.42,4415.65,4416.07,0.00,0.00,0.0,BULLISH,177.0,4415.83,4416.16,4414.30,4414.40,35,CLEARED_>=20s,186.0,143.0,33.0,10.0,17.7,5.4,17.7,PASS_<20%,0.00,0.0,NO,STANDBY_VEL_LOW,0,0.00,4590.00,68.56,FALSE,M1_DIRECTION_MISMATCH
2026-09-07 15:01:36.214,1788793296.214,3632,73,180,4414.36,4414.44,8.0,PASS_<=10c,-4.0,DOWN,-147.0,-281.0,4.2,+3.15,0.75,SLOW,4417.17,4417.42,4415.65,4416.07,0.00,0.00,0.0,BULLISH,177.0,4415.83,4416.16,4414.30,4414.36,36,CLEARED_>=20s,186.0,147.0,33.0,6.0,17.7,3.2,17.7,PASS_<20%,0.00,0.0,NO,STANDBY_VEL_LOW,0,0.00,4590.00,68.56,FALSE,M1_DIRECTION_MISMATCH
2026-09-07 15:01:36.715,1788793296.716,3633,74,181,4414.36,4414.44,8.0,PASS_<=10c,+0.0,FLAT,-147.0,-281.0,4.2,+2.31,0.55,SLOW,4417.17,4417.42,4415.65,4416.07,0.00,0.00,0.0,BULLISH,177.0,4415.83,4416.16,4414.30,4414.36,36,CLEARED_>=20s,186.0,147.0,33.0,6.0,17.7,3.2,17.7,PASS_<20%,0.00,0.0,NO,STANDBY_VEL_LOW,0,0.00,4590.00,68.56,FALSE,M1_DIRECTION_MISMATCH
2026-09-07 15:01:37.216,1788793297.216,3634,75,182,4414.34,4414.42,8.0,PASS_<=10c,-2.0,DOWN,-149.0,-283.0,4.2,+2.31,0.55,SLOW,4417.17,4417.42,4415.65,4416.07,0.00,0.00,0.0,BULLISH,177.0,4415.83,4416.16,4414.30,4414.34,37,CLEARED_>=20s,186.0,149.0,33.0,4.0,17.7,2.2,17.7,PASS_<20%,0.00,0.0,NO,STANDBY_VEL_LOW,0,0.00,4590.00,68.56,FALSE,M1_DIRECTION_MISMATCH
2026-09-07 15:01:37.718,1788793297.718,3635,76,183,4414.33,4414.41,8.0,PASS_<=10c,-1.0,DOWN,-150.0,-284.0,4.2,+0.63,0.15,SLOW,4417.17,4417.42,4415.65,4416.07,0.00,0.00,0.0,BULLISH,177.0,4415.83,4416.16,4414.30,4414.33,37,CLEARED_>=20s,186.0,150.0,33.0,3.0,17.7,1.6,17.7,PASS_<20%,0.00,0.0,NO,STANDBY_VEL_LOW,0,0.00,4590.00,68.56,FALSE,M1_DIRECTION_MISMATCH
2026-09-07 15:01:38.220,1788793298.221,3636,77,184,4414.35,4414.43,8.0,PASS_<=10c,+2.0,UP,-148.0,-282.0,4.2,+0.84,0.20,SLOW,4417.17,4417.42,4415.65,4416.07,0.00,0.00,0.0,BULLISH,177.0,4415.83,4416.16,4414.30,4414.35,38,CLEARED_>=20s,186.0,148.0,33.0,5.0,17.7,2.7,17.7,PASS_<20%,0.00,0.0,NO,STANDBY_VEL_LOW,0,0.00,4590.00,68.56,FALSE,M1_DIRECTION_MISMATCH
2026-09-07 15:01:38.721,1788793298.721,3637,78,185,4414.36,4414.44,8.0,PASS_<=10c,+1.0,UP,-147.0,-281.0,4.2,+1.26,0.30,SLOW,4417.17,4417.42,4415.65,4416.07,0.00,0.00,0.0,BULLISH,177.0,4415.83,4416.16,4414.30,4414.36,38,CLEARED_>=20s,186.0,147.0,33.0,6.0,17.7,3.2,17.7,PASS_<20%,0.00,0.0,NO,STANDBY_VEL_LOW,0,0.00,4590.00,68.56,FALSE,M1_DIRECTION_MISMATCH
2026-09-07 15:01:39.223,1788793299.224,3638,79,186,4414.36,4414.44,8.0,PASS_<=10c,+0.0,FLAT,-147.0,-281.0,4.2,+0.63,0.15,SLOW,4417.17,4417.42,4415.65,4416.07,0.00,0.00,0.0,BULLISH,177.0,4415.83,4416.16,4414.30,4414.36,39,CLEARED_>=20s,186.0,147.0,33.0,6.0,17.7,3.2,17.7,PASS_<20%,0.00,0.0,NO,STANDBY_VEL_LOW,0,0.00,4590.00,68.56,FALSE,M1_DIRECTION_MISMATCH
2026-09-07 15:01:39.726,1788793299.726,3639,80,187,4414.56,4414.64,8.0,PASS_<=10c,+20.0,UP,-127.0,-261.0,4.2,+5.25,1.25,SLOW,4417.17,4417.42,4415.65,4416.07,0.00,0.00,0.0,BULLISH,177.0,4415.83,4416.16,4414.30,4414.56,39,CLEARED_>=20s,186.0,127.0,33.0,26.0,17.7,14.0,17.7,PASS_<20%,0.00,0.0,NO,STANDBY_VEL_LOW,0,0.00,4590.00,68.56,FALSE,M1_DIRECTION_MISMATCH
2026-09-07 15:01:40.227,1788793300.227,3640,81,188,4414.58,4414.66,8.0,PASS_<=10c,+2.0,UP,-125.0,-259.0,4.2,+3.99,0.95,SLOW,4417.17,4417.42,4415.65,4416.07,0.00,0.00,0.0,BULLISH,177.0,4415.83,4416.16,4414.30,4414.58,40,CLEARED_>=20s,186.0,125.0,33.0,28.0,17.7,15.1,17.7,PASS_<20%,0.00,0.0,NO,STANDBY_VEL_LOW,0,0.00,4590.00,68.56,FALSE,M1_DIRECTION_MISMATCH
2026-09-07 15:01:40.729,1788793300.730,3641,82,189,4414.58,4414.66,8.0,PASS_<=10c,+0.0,FLAT,-125.0,-259.0,4.2,+4.62,1.10,SLOW,4417.17,4417.42,4415.65,4416.07,0.00,0.00,0.0,BULLISH,177.0,4415.83,4416.16,4414.30,4414.58,40,CLEARED_>=20s,186.0,125.0,33.0,28.0,17.7,15.1,17.7,PASS_<20%,0.00,0.0,NO,STANDBY_VEL_LOW,0,0.00,4590.00,68.56,FALSE,M1_DIRECTION_MISMATCH
2026-09-07 15:01:41.231,1788793301.231,3642,83,190,4414.50,4414.58,8.0,PASS_<=10c,-8.0,DOWN,-133.0,-267.0,4.2,+2.73,0.65,SLOW,4417.17,4417.42,4415.65,4416.07,0.00,0.00,0.0,BULLISH,177.0,4415.83,4416.16,4414.30,4414.50,41,CLEARED_>=20s,186.0,133.0,33.0,20.0,17.7,10.8,17.7,PASS_<20%,0.00,0.0,NO,STANDBY_VEL_LOW,0,0.00,4590.00,68.56,FALSE,M1_DIRECTION_MISMATCH
2026-09-07 15:01:41.733,1788793301.733,3643,84,191,4414.50,4414.58,8.0,PASS_<=10c,+0.0,FLAT,-133.0,-267.0,4.2,+2.94,0.70,SLOW,4417.17,4417.42,4415.65,4416.07,0.00,0.00,0.0,BULLISH,177.0,4415.83,4416.16,4414.30,4414.50,41,CLEARED_>=20s,186.0,133.0,33.0,20.0,17.7,10.8,17.7,PASS_<20%,0.00,0.0,NO,STANDBY_VEL_LOW,0,0.00,4590.00,68.56,FALSE,M1_DIRECTION_MISMATCH
2026-09-07 15:01:42.234,1788793302.235,3644,85,192,4414.50,4414.58,8.0,PASS_<=10c,+0.0,FLAT,-133.0,-267.0,4.2,+3.36,0.80,SLOW,4417.17,4417.42,4415.65,4416.07,0.00,0.00,0.0,BULLISH,177.0,4415.83,4416.16,4414.30,4414.50,42,CLEARED_>=20s,186.0,133.0,33.0,20.0,17.7,10.8,17.7,PASS_<20%,0.00,0.0,NO,STANDBY_VEL_LOW,0,0.00,4590.00,68.56,FALSE,M1_DIRECTION_MISMATCH
2026-09-07 15:01:42.735,1788793302.736,3645,86,193,4414.49,4414.57,8.0,PASS_<=10c,-1.0,DOWN,-134.0,-268.0,4.2,+3.36,0.80,SLOW,4417.17,4417.42,4415.65,4416.07,0.00,0.00,0.0,BULLISH,177.0,4415.83,4416.16,4414.30,4414.49,42,CLEARED_>=20s,186.0,134.0,33.0,19.0,17.7,10.2,17.7,PASS_<20%,0.00,0.0,NO,STANDBY_VEL_LOW,0,0.00,4590.00,68.56,FALSE,M1_DIRECTION_MISMATCH
2026-09-07 15:01:43.257,1788793303.257,3646,87,194,4414.46,4414.54,8.0,PASS_<=10c,-3.0,DOWN,-137.0,-271.0,4.2,+1.89,0.45,SLOW,4417.17,4417.42,4415.65,4416.07,0.00,0.00,0.0,BULLISH,177.0,4415.83,4416.16,4414.30,4414.46,43,CLEARED_>=20s,186.0,137.0,33.0,16.0,17.7,8.6,17.7,PASS_<20%,0.00,0.0,NO,STANDBY_VEL_LOW,0,0.00,4590.00,68.56,FALSE,M1_DIRECTION_MISMATCH
2026-09-07 15:01:43.738,1788793303.739,3647,88,195,4414.46,4414.54,8.0,PASS_<=10c,+0.0,FLAT,-137.0,-271.0,4.2,+2.10,0.50,SLOW,4417.17,4417.42,4415.65,4416.07,0.00,0.00,0.0,BULLISH,177.0,4415.83,4416.16,4414.30,4414.46,43,CLEARED_>=20s,186.0,137.0,33.0,16.0,17.7,8.6,17.7,PASS_<20%,0.00,0.0,NO,STANDBY_VEL_LOW,0,0.00,4590.00,68.56,FALSE,M1_DIRECTION_MISMATCH
2026-09-07 15:01:44.240,1788793304.241,3648,89,196,4414.49,4414.57,8.0,PASS_<=10c,+3.0,UP,-134.0,-268.0,4.2,+0.84,0.20,SLOW,4417.17,4417.42,4415.65,4416.07,0.00,0.00,0.0,BULLISH,177.0,4415.83,4416.16,4414.30,4414.49,44,CLEARED_>=20s,186.0,134.0,33.0,19.0,17.7,10.2,17.7,PASS_<20%,0.00,0.0,NO,STANDBY_VEL_LOW,0,0.00,4590.00,68.56,FALSE,M1_DIRECTION_MISMATCH
2026-09-07 15:01:44.742,1788793304.743,3649,90,197,4414.54,4414.62,8.0,PASS_<=10c,+5.0,UP,-129.0,-263.0,4.2,+0.63,0.15,SLOW,4417.17,4417.42,4415.65,4416.07,0.00,0.00,0.0,BULLISH,177.0,4415.83,4416.16,4414.30,4414.54,44,CLEARED_>=20s,186.0,129.0,33.0,24.0,17.7,12.9,17.7,PASS_<20%,0.00,0.0,NO,STANDBY_VEL_LOW,0,0.00,4590.00,68.56,FALSE,M1_DIRECTION_MISMATCH
2026-09-07 15:01:45.244,1788793305.245,3650,91,198,4414.58,4414.66,8.0,PASS_<=10c,+4.0,UP,-125.0,-259.0,4.2,+0.21,0.05,SLOW,4417.17,4417.42,4415.65,4416.07,0.00,0.00,0.0,BULLISH,177.0,4415.83,4416.16,4414.30,4414.58,45,CLEARED_>=20s,186.0,125.0,33.0,28.0,17.7,15.1,17.7,PASS_<20%,0.00,0.0,NO,STANDBY_VEL_LOW,0,0.00,4590.00,68.56,FALSE,M1_DIRECTION_MISMATCH
2026-09-07 15:01:45.746,1788793305.746,3651,92,199,4414.69,4414.77,8.0,PASS_<=10c,+11.0,UP,-114.0,-248.0,4.2,+3.78,0.90,SLOW,4417.17,4417.42,4415.65,4416.07,0.00,0.00,0.0,BULLISH,177.0,4415.83,4416.16,4414.30,4414.69,45,CLEARED_>=20s,186.0,114.0,33.0,39.0,17.7,21.0,17.7,PASS_<20%,0.00,0.0,NO,STANDBY_VEL_LOW,0,0.00,4590.00,68.56,FALSE,M1_DIRECTION_MISMATCH
2026-09-07 15:01:46.247,1788793306.248,3652,93,200,4414.88,4414.96,8.0,PASS_<=10c,+19.0,UP,-95.0,-229.0,4.2,+7.56,1.80,SLOW,4417.17,4417.42,4415.65,4416.07,0.00,0.00,0.0,BULLISH,177.0,4415.83,4416.16,4414.30,4414.88,46,CLEARED_>=20s,186.0,95.0,33.0,58.0,17.7,31.2,17.7,PASS_<20%,0.00,0.0,NO,STANDBY_VEL_LOW,0,0.00,4590.00,68.56,FALSE,M1_DIRECTION_MISMATCH
2026-09-07 15:01:46.749,1788793306.750,3653,94,201,4414.90,4414.98,8.0,PASS_<=10c,+2.0,UP,-93.0,-227.0,4.2,+8.39,2.00,SLOW,4417.17,4417.42,4415.65,4416.07,0.00,0.00,0.0,BULLISH,177.0,4415.83,4416.16,4414.30,4414.90,46,CLEARED_>=20s,186.0,93.0,33.0,60.0,17.7,32.3,17.7,PASS_<20%,0.00,0.0,NO,STANDBY_VEL_LOW,0,0.00,4590.00,68.56,FALSE,M1_DIRECTION_MISMATCH
2026-09-07 15:01:47.251,1788793307.251,3654,95,202,4414.89,4414.97,8.0,PASS_<=10c,-1.0,DOWN,-94.0,-228.0,4.2,+7.97,1.90,SLOW,4417.17,4417.42,4415.65,4416.07,0.00,0.00,0.0,BULLISH,177.0,4415.83,4416.16,4414.30,4414.89,47,CLEARED_>=20s,186.0,94.0,33.0,59.0,17.7,31.7,17.7,PASS_<20%,0.00,0.0,NO,STANDBY_VEL_LOW,0,0.00,4590.00,68.56,FALSE,M1_DIRECTION_MISMATCH
2026-09-07 15:01:47.753,1788793307.754,3655,96,203,4414.92,4415.00,8.0,PASS_<=10c,+3.0,UP,-91.0,-225.0,4.2,+9.02,2.15,SLOW,4417.17,4417.42,4415.65,4416.07,0.00,0.00,0.0,BULLISH,177.0,4415.83,4416.16,4414.30,4414.92,47,CLEARED_>=20s,186.0,91.0,33.0,62.0,17.7,33.3,17.7,PASS_<20%,0.00,0.0,NO,STANDBY_VEL_LOW,0,0.00,4590.00,68.56,FALSE,M1_DIRECTION_MISMATCH
2026-09-07 15:01:48.254,1788793308.255,3656,97,204,4414.97,4415.05,8.0,PASS_<=10c,+5.0,UP,-86.0,-220.0,4.2,+10.70,2.55,SLOW,4417.17,4417.42,4415.65,4416.07,0.00,0.00,0.0,BULLISH,177.0,4415.83,4416.16,4414.30,4414.97,48,CLEARED_>=20s,186.0,86.0,33.0,67.0,17.7,36.0,17.7,PASS_<20%,0.00,0.0,NO,STANDBY_VEL_LOW,0,0.00,4590.00,68.56,FALSE,M1_DIRECTION_MISMATCH
2026-09-07 15:01:48.757,1788793308.758,3657,98,205,4414.84,4414.92,8.0,PASS_<=10c,-13.0,DOWN,-99.0,-233.0,4.2,+7.76,1.85,SLOW,4417.17,4417.42,4415.65,4416.07,0.00,0.00,0.0,BULLISH,177.0,4415.83,4416.16,4414.30,4414.84,48,CLEARED_>=20s,186.0,99.0,33.0,54.0,17.7,29.0,17.7,PASS_<20%,0.00,0.0,NO,STANDBY_VEL_LOW,0,0.00,4590.00,68.56,FALSE,M1_DIRECTION_MISMATCH
2026-09-07 15:01:49.260,1788793309.261,3658,99,206,4414.80,4414.88,8.0,PASS_<=10c,-4.0,DOWN,-103.0,-237.0,4.2,+6.08,1.45,SLOW,4417.17,4417.42,4415.65,4416.07,0.00,0.00,0.0,BULLISH,177.0,4415.83,4416.16,4414.30,4414.80,49,CLEARED_>=20s,186.0,103.0,33.0,50.0,17.7,26.9,17.7,PASS_<20%,0.00,0.0,NO,STANDBY_VEL_LOW,0,0.00,4590.00,68.56,FALSE,M1_DIRECTION_MISMATCH
2026-09-07 15:01:49.761,1788793309.761,3659,100,207,4414.92,4415.00,8.0,PASS_<=10c,+12.0,UP,-91.0,-225.0,4.2,+7.97,1.90,SLOW,4417.17,4417.42,4415.65,4416.07,0.00,0.00,0.0,BULLISH,177.0,4415.83,4416.16,4414.30,4414.92,49,CLEARED_>=20s,186.0,91.0,33.0,62.0,17.7,33.3,17.7,PASS_<20%,0.00,0.0,NO,STANDBY_VEL_LOW,0,0.00,4590.00,68.56,FALSE,M1_DIRECTION_MISMATCH
2026-09-07 15:01:50.264,1788793310.264,3660,101,208,4415.00,4415.08,8.0,PASS_<=10c,+8.0,UP,-83.0,-217.0,4.2,+6.29,1.50,SLOW,4417.17,4417.42,4415.65,4416.07,0.00,0.00,0.0,BULLISH,177.0,4415.83,4416.16,4414.30,4415.00,50,CLEARED_>=20s,186.0,83.0,33.0,70.0,17.7,37.6,17.7,PASS_<20%,0.00,0.0,NO,STANDBY_VEL_LOW,0,0.00,4590.00,68.56,FALSE,M1_DIRECTION_MISMATCH
2026-09-07 15:01:50.764,1788793310.765,3661,102,209,4415.11,4415.19,8.0,PASS_<=10c,+11.0,UP,-72.0,-206.0,4.2,+8.60,2.05,SLOW,4417.17,4417.42,4415.65,4416.07,0.00,0.00,0.0,BULLISH,177.0,4415.83,4416.16,4414.30,4415.11,50,CLEARED_>=20s,186.0,72.0,33.0,81.0,17.7,43.5,17.7,PASS_<20%,0.00,0.0,NO,STANDBY_VEL_LOW,0,0.00,4590.00,68.56,FALSE,M1_DIRECTION_MISMATCH
2026-09-07 15:01:51.266,1788793311.267,3662,103,210,4415.14,4415.22,8.0,PASS_<=10c,+3.0,UP,-69.0,-203.0,4.2,+5.45,1.30,SLOW,4417.17,4417.42,4415.65,4416.07,0.00,0.00,0.0,BULLISH,177.0,4415.83,4416.16,4414.30,4415.14,51,CLEARED_>=20s,186.0,69.0,33.0,84.0,17.7,45.2,17.7,PASS_<20%,0.00,0.0,NO,STANDBY_VEL_LOW,0,0.00,4590.00,68.56,FALSE,M1_DIRECTION_MISMATCH
2026-09-07 15:01:51.768,1788793311.768,3663,104,211,4415.23,4415.31,8.0,PASS_<=10c,+9.0,UP,-60.0,-194.0,4.2,+6.92,1.65,SLOW,4417.17,4417.42,4415.65,4416.07,0.00,0.00,0.0,BULLISH,177.0,4415.83,4416.16,4414.30,4415.23,51,CLEARED_>=20s,186.0,60.0,33.0,93.0,17.7,50.0,17.7,PASS_<20%,0.00,0.0,NO,STANDBY_VEL_LOW,0,0.00,4590.00,68.56,FALSE,M1_DIRECTION_MISMATCH
2026-09-07 15:01:52.270,1788793312.270,3664,105,212,4415.37,4415.45,8.0,PASS_<=10c,+14.0,UP,-46.0,-180.0,4.2,+10.07,2.40,SLOW,4417.17,4417.42,4415.65,4416.07,0.00,0.00,0.0,BULLISH,177.0,4415.83,4416.16,4414.30,4415.37,52,CLEARED_>=20s,186.0,46.0,33.0,107.0,17.7,57.5,17.7,PASS_<20%,0.00,0.0,NO,STANDBY_VEL_LOW,0,0.00,4590.00,68.56,FALSE,M1_DIRECTION_MISMATCH
2026-09-07 15:01:52.770,1788793312.771,3665,106,213,4415.36,4415.44,8.0,PASS_<=10c,-1.0,DOWN,-47.0,-181.0,4.2,+7.97,1.90,SLOW,4417.17,4417.42,4415.65,4416.07,0.00,0.00,0.0,BULLISH,177.0,4415.83,4416.16,4414.30,4415.36,52,CLEARED_>=20s,186.0,47.0,33.0,106.0,17.7,57.0,17.7,PASS_<20%,0.00,0.0,NO,STANDBY_VEL_LOW,0,0.00,4590.00,68.56,FALSE,M1_DIRECTION_MISMATCH
2026-09-07 15:01:53.272,1788793313.272,3666,107,214,4415.36,4415.44,8.0,PASS_<=10c,+0.0,FLAT,-47.0,-181.0,4.2,+10.07,2.40,SLOW,4417.17,4417.42,4415.65,4416.07,0.00,0.00,0.0,BULLISH,177.0,4415.83,4416.16,4414.30,4415.36,53,CLEARED_>=20s,186.0,47.0,33.0,106.0,17.7,57.0,17.7,PASS_<20%,0.00,0.0,NO,STANDBY_VEL_LOW,0,0.00,4590.00,68.56,FALSE,M1_DIRECTION_MISMATCH
2026-09-07 15:01:53.774,1788793313.774,3667,108,215,4415.36,4415.44,8.0,PASS_<=10c,+0.0,FLAT,-47.0,-181.0,4.2,+11.54,2.75,SLOW,4417.17,4417.42,4415.65,4416.07,0.00,0.00,0.0,BULLISH,177.0,4415.83,4416.16,4414.30,4415.36,53,CLEARED_>=20s,186.0,47.0,33.0,106.0,17.7,57.0,17.7,PASS_<20%,0.00,0.0,NO,STANDBY_VEL_LOW,0,0.00,4590.00,68.56,FALSE,M1_DIRECTION_MISMATCH
2026-09-07 15:01:54.276,1788793314.277,3668,109,216,4415.40,4415.48,8.0,PASS_<=10c,+4.0,UP,-43.0,-177.0,4.2,+12.59,3.00,SLOW,4417.17,4417.42,4415.65,4416.07,0.00,0.00,0.0,BULLISH,177.0,4415.83,4416.16,4414.30,4415.40,54,CLEARED_>=20s,186.0,43.0,33.0,110.0,17.7,59.1,17.7,PASS_<20%,0.00,0.0,NO,STANDBY_VEL_LOW,0,0.00,4590.00,68.56,FALSE,M1_DIRECTION_MISMATCH
2026-09-07 15:01:54.779,1788793314.779,3669,110,217,4415.40,4415.48,8.0,PASS_<=10c,+0.0,FLAT,-43.0,-177.0,4.2,+8.39,2.00,SLOW,4417.17,4417.42,4415.65,4416.07,0.00,0.00,0.0,BULLISH,177.0,4415.83,4416.16,4414.30,4415.40,54,CLEARED_>=20s,186.0,43.0,33.0,110.0,17.7,59.1,17.7,PASS_<20%,0.00,0.0,NO,STANDBY_VEL_LOW,0,0.00,4590.00,68.56,FALSE,M1_DIRECTION_MISMATCH
2026-09-07 15:01:55.280,1788793315.280,3670,111,218,4415.42,4415.50,8.0,PASS_<=10c,+2.0,UP,-41.0,-175.0,4.2,+8.60,2.05,SLOW,4417.17,4417.42,4415.65,4416.07,0.00,0.00,0.0,BULLISH,177.0,4415.83,4416.16,4414.30,4415.42,55,CLEARED_>=20s,186.0,41.0,33.0,112.0,17.7,60.2,17.7,PASS_<20%,0.00,0.0,NO,STANDBY_VEL_LOW,0,0.00,4590.00,68.56,FALSE,M1_DIRECTION_MISMATCH
2026-09-07 15:01:55.781,1788793315.782,3671,112,219,4415.44,4415.52,8.0,PASS_<=10c,+2.0,UP,-39.0,-173.0,4.2,+6.71,1.60,SLOW,4417.17,4417.42,4415.65,4416.07,0.00,0.00,0.0,BULLISH,177.0,4415.83,4416.16,4414.30,4415.44,55,CLEARED_>=20s,186.0,39.0,33.0,114.0,17.7,61.3,17.7,PASS_<20%,0.00,0.0,NO,STANDBY_VEL_LOW,0,0.00,4590.00,68.56,FALSE,M1_DIRECTION_MISMATCH
2026-09-07 15:01:56.283,1788793316.283,3672,113,220,4415.41,4415.49,8.0,PASS_<=10c,-3.0,DOWN,-42.0,-176.0,4.2,+5.25,1.25,SLOW,4417.17,4417.42,4415.65,4416.07,0.00,0.00,0.0,BULLISH,177.0,4415.83,4416.16,4414.30,4415.41,56,CLEARED_>=20s,186.0,42.0,33.0,111.0,17.7,59.7,17.7,PASS_<20%,0.00,0.0,NO,STANDBY_VEL_LOW,0,0.00,4590.00,68.56,FALSE,M1_DIRECTION_MISMATCH
2026-09-07 15:01:56.785,1788793316.786,3673,114,221,4415.12,4415.20,8.0,PASS_<=10c,-29.0,DOWN,-71.0,-205.0,4.2,+3.36,0.80,SLOW,4417.17,4417.42,4415.65,4416.07,0.00,0.00,0.0,BULLISH,177.0,4415.83,4416.16,4414.30,4415.12,56,CLEARED_>=20s,186.0,71.0,33.0,82.0,17.7,44.1,17.7,PASS_<20%,0.00,0.0,NO,STANDBY_VEL_LOW,0,0.00,4590.00,68.56,FALSE,M1_DIRECTION_MISMATCH
2026-09-07 15:01:57.287,1788793317.287,3674,115,222,4415.18,4415.26,8.0,PASS_<=10c,+6.0,UP,-65.0,-199.0,4.2,+3.99,0.95,SLOW,4417.17,4417.42,4415.65,4416.07,0.00,0.00,0.0,BULLISH,177.0,4415.83,4416.16,4414.30,4415.18,57,CLEARED_>=20s,186.0,65.0,33.0,88.0,17.7,47.3,17.7,PASS_<20%,0.00,0.0,NO,STANDBY_VEL_LOW,0,0.00,4590.00,68.56,FALSE,M1_DIRECTION_MISMATCH
2026-09-07 15:01:57.787,1788793317.788,3675,116,223,4415.18,4415.26,8.0,PASS_<=10c,+0.0,FLAT,-65.0,-199.0,4.2,+3.99,0.95,SLOW,4417.17,4417.42,4415.65,4416.07,0.00,0.00,0.0,BULLISH,177.0,4415.83,4416.16,4414.30,4415.18,57,CLEARED_>=20s,186.0,65.0,33.0,88.0,17.7,47.3,17.7,PASS_<20%,0.00,0.0,NO,STANDBY_VEL_LOW,0,0.00,4590.00,68.56,FALSE,M1_DIRECTION_MISMATCH
2026-09-07 15:01:58.289,1788793318.290,3676,117,224,4415.11,4415.19,8.0,PASS_<=10c,-7.0,DOWN,-72.0,-206.0,4.2,+5.25,1.25,SLOW,4417.17,4417.42,4415.65,4416.07,0.00,0.00,0.0,BULLISH,177.0,4415.83,4416.16,4414.30,4415.11,58,CLEARED_>=20s,186.0,72.0,33.0,81.0,17.7,43.5,17.7,PASS_<20%,0.00,0.0,NO,STANDBY_VEL_LOW,0,0.00,4590.00,68.56,FALSE,M1_DIRECTION_MISMATCH
2026-09-07 15:01:58.791,1788793318.792,3677,118,225,4415.26,4415.34,8.0,PASS_<=10c,+15.0,UP,-57.0,-191.0,4.2,+2.94,0.70,SLOW,4417.17,4417.42,4415.65,4416.07,0.00,0.00,0.0,BULLISH,177.0,4415.83,4416.16,4414.30,4415.26,58,CLEARED_>=20s,186.0,57.0,33.0,96.0,17.7,51.6,17.7,PASS_<20%,0.00,0.0,NO,STANDBY_VEL_LOW,0,0.00,4590.00,68.56,FALSE,M1_DIRECTION_MISMATCH
2026-09-07 15:01:59.293,1788793319.294,3678,119,226,4415.29,4415.37,8.0,PASS_<=10c,+3.0,UP,-54.0,-188.0,4.2,+2.31,0.55,SLOW,4417.17,4417.42,4415.65,4416.07,0.00,0.00,0.0,BULLISH,177.0,4415.83,4416.16,4414.30,4415.29,59,CLEARED_>=20s,186.0,54.0,33.0,99.0,17.7,53.2,17.7,PASS_<20%,0.00,0.0,NO,STANDBY_VEL_LOW,0,0.00,4590.00,68.56,FALSE,M1_DIRECTION_MISMATCH
2026-09-07 15:01:59.795,1788793319.796,3679,120,227,4415.41,4415.49,8.0,PASS_<=10c,+12.0,UP,-42.0,-176.0,4.2,+0.00,0.00,SLOW,4417.17,4417.42,4415.65,4416.07,0.00,0.00,0.0,BULLISH,177.0,4415.83,4416.16,4414.30,4415.41,59,CLEARED_>=20s,186.0,42.0,33.0,111.0,17.7,59.7,17.7,PASS_<20%,0.00,0.0,NO,STANDBY_VEL_LOW,0,0.00,4590.00,68.56,FALSE,M1_DIRECTION_MISMATCH
2026-09-07 15:02:00.297,1788793320.298,3680,1,228,4415.36,4415.44,8.0,PASS_<=10c,-5.0,DOWN,-1.0,-181.0,4.2,+1.68,0.40,SLOW,4417.17,4417.42,4415.65,4416.07,0.00,0.00,0.0,BULLISH,177.0,4415.37,4415.37,4415.36,4415.36,0,ACTIVE_0s,1.0,1.0,0.0,0.0,0.0,0.0,0.0,PASS_<20%,0.00,0.0,NO,STANDBY_VEL_LOW,0,0.00,4590.00,68.56,FALSE,M1_DIRECTION_MISMATCH|OPENING_SHIELD_ACTIVE_0s
2026-09-07 15:02:00.799,1788793320.800,3681,2,229,4415.30,4415.38,8.0,PASS_<=10c,-6.0,DOWN,-7.0,-187.0,4.2,+3.36,0.80,SLOW,4417.17,4417.42,4415.65,4416.07,0.00,0.00,0.0,BULLISH,177.0,4415.37,4415.37,4415.30,4415.30,0,ACTIVE_0s,7.0,7.0,0.0,0.0,0.0,0.0,0.0,PASS_<20%,0.00,0.0,NO,STANDBY_VEL_LOW,0,0.00,4590.00,68.56,FALSE,M1_DIRECTION_MISMATCH|OPENING_SHIELD_ACTIVE_0s
2026-09-07 15:02:01.301,1788793321.302,3682,3,230,4415.35,4415.43,8.0,PASS_<=10c,+5.0,UP,-2.0,-182.0,4.2,+4.82,1.15,SLOW,4417.17,4417.42,4415.65,4416.07,0.00,0.00,0.0,BULLISH,177.0,4415.37,4415.37,4415.28,4415.35,1,ACTIVE_1s,9.0,2.0,0.0,7.0,0.0,77.8,0.0,PASS_<20%,0.00,0.0,NO,STANDBY_VEL_LOW,0,0.00,4590.00,68.56,FALSE,M1_DIRECTION_MISMATCH|OPENING_SHIELD_ACTIVE_1s
2026-09-07 15:02:01.804,1788793321.805,3683,4,231,4415.38,4415.46,8.0,PASS_<=10c,+3.0,UP,+1.0,-179.0,4.2,+4.19,1.00,SLOW,4417.17,4417.42,4415.65,4416.07,0.00,0.00,0.0,BULLISH,177.0,4415.37,4415.38,4415.28,4415.38,1,ACTIVE_1s,10.0,1.0,0.0,9.0,0.0,90.0,0.0,PASS_<20%,4415.52,14.0,NO,STANDBY_VEL_LOW,0,0.00,4590.00,68.56,FALSE,OPENING_SHIELD_ACTIVE_1s|PRICE_BELOW_15C_DISPLACEMENT
2026-09-07 15:02:02.305,1788793322.306,3684,5,232,4415.35,4415.43,8.0,PASS_<=10c,-3.0,DOWN,-2.0,-182.0,4.2,+3.57,0.85,SLOW,4417.17,4417.42,4415.65,4416.07,0.00,0.00,0.0,BULLISH,177.0,4415.37,4415.38,4415.28,4415.35,2,ACTIVE_2s,10.0,2.0,1.0,7.0,10.0,70.0,10.0,PASS_<20%,0.00,0.0,NO,STANDBY_VEL_LOW,0,0.00,4590.00,68.56,FALSE,M1_DIRECTION_MISMATCH|OPENING_SHIELD_ACTIVE_2s
2026-09-07 15:02:02.807,1788793322.808,3685,6,233,4415.11,4415.19,8.0,PASS_<=10c,-24.0,DOWN,-26.0,-206.0,4.2,+0.00,0.00,SLOW,4417.17,4417.42,4415.65,4416.07,0.00,0.00,0.0,BULLISH,177.0,4415.37,4415.38,4415.11,4415.11,2,ACTIVE_2s,27.0,26.0,1.0,0.0,3.7,0.0,3.7,PASS_<20%,0.00,0.0,NO,STANDBY_VEL_LOW,0,0.00,4590.00,68.56,FALSE,M1_DIRECTION_MISMATCH|OPENING_SHIELD_ACTIVE_2s
2026-09-07 15:02:03.309,1788793323.310,3686,7,234,4415.10,4415.18,8.0,PASS_<=10c,-1.0,DOWN,-27.0,-207.0,4.2,+2.94,0.70,SLOW,4417.17,4417.42,4415.65,4416.07,0.00,0.00,0.0,BULLISH,177.0,4415.37,4415.38,4415.10,4415.10,3,ACTIVE_3s,28.0,27.0,1.0,0.0,3.6,0.0,3.6,PASS_<20%,0.00,0.0,NO,STANDBY_VEL_LOW,0,0.00,4590.00,68.56,FALSE,M1_DIRECTION_MISMATCH|OPENING_SHIELD_ACTIVE_3s
2026-09-07 15:02:03.811,1788793323.812,3687,8,235,4415.08,4415.16,8.0,PASS_<=10c,-2.0,DOWN,-29.0,-209.0,4.2,+3.77,0.90,SLOW,4417.17,4417.42,4415.65,4416.07,0.00,0.00,0.0,BULLISH,177.0,4415.37,4415.38,4415.07,4415.08,3,ACTIVE_3s,31.0,29.0,1.0,1.0,3.2,3.2,3.2,PASS_<20%,0.00,0.0,NO,STANDBY_VEL_LOW,0,0.00,4590.00,68.56,FALSE,M1_DIRECTION_MISMATCH|OPENING_SHIELD_ACTIVE_3s
2026-09-07 15:02:04.314,1788793324.315,3688,9,236,4415.08,4415.16,8.0,PASS_<=10c,+0.0,FLAT,-29.0,-209.0,4.2,+5.03,1.20,SLOW,4417.17,4417.42,4415.65,4416.07,0.00,0.00,0.0,BULLISH,177.0,4415.37,4415.38,4415.07,4415.08,4,ACTIVE_4s,31.0,29.0,1.0,1.0,3.2,3.2,3.2,PASS_<20%,0.00,0.0,NO,STANDBY_VEL_LOW,0,0.00,4590.00,68.56,FALSE,M1_DIRECTION_MISMATCH|OPENING_SHIELD_ACTIVE_4s
2026-09-07 15:02:04.817,1788793324.817,3689,10,237,4415.10,4415.18,8.0,PASS_<=10c,+2.0,UP,-27.0,-207.0,4.2,+5.66,1.35,SLOW,4417.17,4417.42,4415.65,4416.07,0.00,0.00,0.0,BULLISH,177.0,4415.37,4415.38,4415.07,4415.10,4,ACTIVE_4s,31.0,27.0,1.0,3.0,3.2,9.7,3.2,PASS_<20%,0.00,0.0,NO,STANDBY_VEL_LOW,0,0.00,4590.00,68.56,FALSE,M1_DIRECTION_MISMATCH|OPENING_SHIELD_ACTIVE_4s
2026-09-07 15:02:05.318,1788793325.319,3690,11,238,4415.10,4415.18,8.0,PASS_<=10c,+0.0,FLAT,-27.0,-207.0,4.2,+4.61,1.10,SLOW,4417.17,4417.42,4415.65,4416.07,0.00,0.00,0.0,BULLISH,177.0,4415.37,4415.38,4415.07,4415.10,5,ACTIVE_5s,31.0,27.0,1.0,3.0,3.2,9.7,3.2,PASS_<20%,0.00,0.0,NO,STANDBY_VEL_LOW,0,0.00,4590.00,68.56,FALSE,M1_DIRECTION_MISMATCH|OPENING_SHIELD_ACTIVE_5s
2026-09-07 15:02:05.820,1788793325.820,3691,12,239,4415.10,4415.18,8.0,PASS_<=10c,+0.0,FLAT,-27.0,-207.0,4.2,+3.77,0.90,SLOW,4417.17,4417.42,4415.65,4416.07,0.00,0.00,0.0,BULLISH,177.0,4415.37,4415.38,4415.07,4415.10,5,ACTIVE_5s,31.0,27.0,1.0,3.0,3.2,9.7,3.2,PASS_<20%,0.00,0.0,NO,STANDBY_VEL_LOW,0,0.00,4590.00,68.56,FALSE,M1_DIRECTION_MISMATCH|OPENING_SHIELD_ACTIVE_5s
2026-09-07 15:02:06.321,1788793326.321,3692,13,240,4415.20,4415.28,8.0,PASS_<=10c,+10.0,UP,-17.0,-197.0,4.2,+3.78,0.90,SLOW,4417.17,4417.42,4415.65,4416.07,0.00,0.00,0.0,BULLISH,177.0,4415.37,4415.38,4415.07,4415.20,6,ACTIVE_6s,31.0,17.0,1.0,13.0,3.2,41.9,3.2,PASS_<20%,0.00,0.0,NO,STANDBY_VEL_LOW,0,0.00,4590.00,68.56,FALSE,M1_DIRECTION_MISMATCH|OPENING_SHIELD_ACTIVE_6s
2026-09-07 15:02:06.822,1788793326.822,3693,14,241,4415.31,4415.39,8.0,PASS_<=10c,+11.0,UP,-6.0,-186.0,4.2,+0.84,0.20,SLOW,4417.17,4417.42,4415.65,4416.07,0.00,0.00,0.0,BULLISH,177.0,4415.37,4415.38,4415.07,4415.31,6,ACTIVE_6s,31.0,6.0,1.0,24.0,3.2,77.4,3.2,PASS_<20%,0.00,0.0,NO,STANDBY_VEL_LOW,0,0.00,4590.00,68.56,FALSE,M1_DIRECTION_MISMATCH|OPENING_SHIELD_ACTIVE_6s
2026-09-07 15:02:07.323,1788793327.323,3694,15,242,4415.28,4415.36,8.0,PASS_<=10c,-3.0,DOWN,-9.0,-189.0,4.2,+3.15,0.75,SLOW,4417.17,4417.42,4415.65,4416.07,0.00,0.00,0.0,BULLISH,177.0,4415.37,4415.38,4415.07,4415.28,7,ACTIVE_7s,31.0,9.0,1.0,21.0,3.2,67.7,3.2,PASS_<20%,0.00,0.0,NO,STANDBY_VEL_LOW,0,0.00,4590.00,68.56,FALSE,M1_DIRECTION_MISMATCH|OPENING_SHIELD_ACTIVE_7s
2026-09-07 15:02:07.824,1788793327.825,3695,16,243,4415.31,4415.39,8.0,PASS_<=10c,+3.0,UP,-6.0,-186.0,4.2,+4.41,1.05,SLOW,4417.17,4417.42,4415.65,4416.07,0.00,0.00,0.0,BULLISH,177.0,4415.37,4415.38,4415.07,4415.31,7,ACTIVE_7s,31.0,6.0,1.0,24.0,3.2,77.4,3.2,PASS_<20%,0.00,0.0,NO,STANDBY_VEL_LOW,0,0.00,4590.00,68.56,FALSE,M1_DIRECTION_MISMATCH|OPENING_SHIELD_ACTIVE_7s
2026-09-07 15:02:08.326,1788793328.326,3696,17,244,4415.29,4415.37,8.0,PASS_<=10c,-2.0,DOWN,-8.0,-188.0,4.2,+4.62,1.10,SLOW,4417.17,4417.42,4415.65,4416.07,0.00,0.00,0.0,BULLISH,177.0,4415.37,4415.38,4415.07,4415.29,8,ACTIVE_8s,31.0,8.0,1.0,22.0,3.2,71.0,3.2,PASS_<20%,0.00,0.0,NO,STANDBY_VEL_LOW,0,0.00,4590.00,68.56,FALSE,M1_DIRECTION_MISMATCH|OPENING_SHIELD_ACTIVE_8s
2026-09-07 15:02:08.828,1788793328.828,3697,18,245,4415.28,4415.36,8.0,PASS_<=10c,-1.0,DOWN,-9.0,-189.0,4.2,+4.20,1.00,SLOW,4417.17,4417.42,4415.65,4416.07,0.00,0.00,0.0,BULLISH,177.0,4415.37,4415.38,4415.07,4415.28,8,ACTIVE_8s,31.0,9.0,1.0,21.0,3.2,67.7,3.2,PASS_<20%,0.00,0.0,NO,STANDBY_VEL_LOW,0,0.00,4590.00,68.56,FALSE,M1_DIRECTION_MISMATCH|OPENING_SHIELD_ACTIVE_8s
2026-09-07 15:02:09.330,1788793329.330,3698,19,246,4415.20,4415.28,8.0,PASS_<=10c,-8.0,DOWN,-17.0,-197.0,4.2,+2.31,0.55,SLOW,4417.17,4417.42,4415.65,4416.07,0.00,0.00,0.0,BULLISH,177.0,4415.37,4415.38,4415.07,4415.20,9,ACTIVE_9s,31.0,17.0,1.0,13.0,3.2,41.9,3.2,PASS_<20%,0.00,0.0,NO,STANDBY_VEL_LOW,0,0.00,4590.00,68.56,FALSE,M1_DIRECTION_MISMATCH|OPENING_SHIELD_ACTIVE_9s
2026-09-07 15:02:09.831,1788793329.831,3699,20,247,4415.23,4415.31,8.0,PASS_<=10c,+3.0,UP,-14.0,-194.0,4.2,+2.73,0.65,SLOW,4417.17,4417.42,4415.65,4416.07,0.00,0.00,0.0,BULLISH,177.0,4415.37,4415.38,4415.07,4415.23,9,ACTIVE_9s,31.0,14.0,1.0,16.0,3.2,51.6,3.2,PASS_<20%,0.00,0.0,NO,STANDBY_VEL_LOW,0,0.00,4590.00,68.56,FALSE,M1_DIRECTION_MISMATCH|OPENING_SHIELD_ACTIVE_9s
2026-09-07 15:02:10.332,1788793330.333,3700,21,248,4415.16,4415.24,8.0,PASS_<=10c,-7.0,DOWN,-21.0,-201.0,4.2,+1.26,0.30,SLOW,4417.17,4417.42,4415.65,4416.07,0.00,0.00,0.0,BULLISH,177.0,4415.37,4415.38,4415.07,4415.16,10,ACTIVE_10s,31.0,21.0,1.0,9.0,3.2,29.0,3.2,PASS_<20%,0.00,0.0,NO,STANDBY_VEL_LOW,0,0.00,4590.00,68.56,FALSE,M1_DIRECTION_MISMATCH|OPENING_SHIELD_ACTIVE_10s
2026-09-07 15:02:10.835,1788793330.835,3701,22,249,4415.15,4415.23,8.0,PASS_<=10c,-1.0,DOWN,-22.0,-202.0,4.2,+1.05,0.25,SLOW,4417.17,4417.42,4415.65,4416.07,0.00,0.00,0.0,BULLISH,177.0,4415.37,4415.38,4415.07,4415.15,10,ACTIVE_10s,31.0,22.0,1.0,8.0,3.2,25.8,3.2,PASS_<20%,0.00,0.0,NO,STANDBY_VEL_LOW,0,0.00,4590.00,68.56,FALSE,M1_DIRECTION_MISMATCH|OPENING_SHIELD_ACTIVE_10s
2026-09-07 15:02:11.337,1788793331.338,3702,23,250,4415.44,4415.52,8.0,PASS_<=10c,+29.0,UP,+7.0,-173.0,4.2,+3.15,0.75,SLOW,4417.17,4417.42,4415.65,4416.07,0.00,0.00,0.0,BULLISH,177.0,4415.37,4415.44,4415.07,4415.44,11,ACTIVE_11s,37.0,7.0,0.0,30.0,0.0,81.1,0.0,PASS_<20%,4415.52,8.0,NO,STANDBY_VEL_LOW,0,0.00,4590.00,68.56,FALSE,OPENING_SHIELD_ACTIVE_11s
2026-09-07 15:02:11.839,1788793331.839,3703,24,251,4415.49,4415.57,8.0,PASS_<=10c,+5.0,UP,+12.0,-168.0,4.2,+4.62,1.10,SLOW,4417.17,4417.42,4415.65,4416.07,0.00,0.00,0.0,BULLISH,177.0,4415.37,4415.49,4415.07,4415.49,11,ACTIVE_11s,42.0,12.0,0.0,30.0,0.0,71.4,0.0,PASS_<20%,4415.52,3.0,NO,STANDBY_VEL_LOW,0,0.00,4590.00,68.56,FALSE,OPENING_SHIELD_ACTIVE_11s
2026-09-07 15:02:12.341,1788793332.342,3704,25,252,4415.81,4415.89,8.0,PASS_<=10c,+32.0,UP,+44.0,-136.0,4.2,+10.91,2.60,SLOW,4417.17,4417.42,4415.65,4416.07,0.00,0.00,0.0,BULLISH,177.0,4415.37,4415.81,4415.07,4415.81,12,ACTIVE_12s,74.0,44.0,0.0,30.0,0.0,40.5,0.0,PASS_<20%,4415.52,29.0,NO,STANDBY_VEL_LOW,0,0.00,4590.00,68.56,FALSE,OPENING_SHIELD_ACTIVE_12s
2026-09-07 15:02:12.843,1788793332.843,3705,26,253,4415.92,4416.00,8.0,PASS_<=10c,+11.0,UP,+55.0,-125.0,4.2,+12.79,3.05,SLOW,4417.17,4417.42,4415.65,4416.07,0.00,0.00,0.0,BULLISH,177.0,4415.37,4415.92,4415.07,4415.92,12,ACTIVE_12s,85.0,55.0,0.0,30.0,0.0,35.3,0.0,PASS_<20%,4415.52,40.0,NO,STANDBY_VEL_LOW,0,0.00,4590.00,68.56,FALSE,OPENING_SHIELD_ACTIVE_12s
2026-09-07 15:02:13.345,1788793333.345,3706,27,254,4415.86,4415.94,8.0,PASS_<=10c,-6.0,DOWN,+49.0,-131.0,4.2,+11.75,2.80,SLOW,4417.17,4417.42,4415.65,4416.07,0.00,0.00,0.0,BULLISH,177.0,4415.37,4416.00,4415.07,4415.86,13,ACTIVE_13s,93.0,49.0,14.0,30.0,15.1,32.3,15.1,PASS_<20%,4415.52,34.0,NO,STANDBY_VEL_LOW,0,0.00,4590.00,68.56,FALSE,OPENING_SHIELD_ACTIVE_13s
2026-09-07 15:02:13.847,1788793333.847,3707,28,255,4415.77,4415.85,8.0,PASS_<=10c,-9.0,DOWN,+40.0,-140.0,4.2,+12.16,2.90,SLOW,4417.17,4417.42,4415.65,4416.07,0.00,0.00,0.0,BULLISH,177.0,4415.37,4416.00,4415.07,4415.77,13,ACTIVE_13s,93.0,40.0,23.0,30.0,24.7,32.3,24.7,BLOCKED_24.7%,4415.52,25.0,NO,STANDBY_VEL_LOW,0,0.00,4590.00,68.56,FALSE,OPP_WICK_TOO_HIGH_0.25|OPENING_SHIELD_ACTIVE_13s
2026-09-07 15:02:14.348,1788793334.349,3708,29,256,4415.96,4416.04,8.0,PASS_<=10c,+19.0,UP,+59.0,-121.0,4.2,+15.31,3.65,SLOW,4417.17,4417.42,4415.65,4416.07,0.00,0.00,0.0,BULLISH,177.0,4415.37,4416.00,4415.07,4415.96,14,ACTIVE_14s,93.0,59.0,4.0,30.0,4.3,32.3,4.3,PASS_<20%,4415.52,44.0,NO,STANDBY_VEL_LOW,0,0.00,4590.00,68.56,FALSE,OPENING_SHIELD_ACTIVE_14s
2026-09-07 15:02:14.851,1788793334.851,3709,30,257,4415.97,4416.05,8.0,PASS_<=10c,+1.0,UP,+60.0,-120.0,4.2,+16.78,4.00,SLOW,4417.17,4417.42,4415.65,4416.07,0.00,0.00,0.0,BULLISH,177.0,4415.37,4416.00,4415.07,4415.97,14,ACTIVE_14s,93.0,60.0,3.0,30.0,3.2,32.3,3.2,PASS_<20%,4415.52,45.0,NO,STANDBY_VEL_LOW,0,0.00,4590.00,68.56,FALSE,OPENING_SHIELD_ACTIVE_14s
2026-09-07 15:02:15.352,1788793335.353,3710,31,258,4415.81,4415.89,8.0,PASS_<=10c,-16.0,DOWN,+44.0,-136.0,4.2,+13.84,3.30,SLOW,4417.17,4417.42,4415.65,4416.07,0.00,0.00,0.0,BULLISH,177.0,4415.37,4416.00,4415.07,4415.81,15,ACTIVE_15s,93.0,44.0,19.0,30.0,20.4,32.3,20.4,BLOCKED_20.4%,4415.52,29.0,NO,STANDBY_VEL_LOW,0,0.00,4590.00,68.56,FALSE,OPP_WICK_TOO_HIGH_0.20|OPENING_SHIELD_ACTIVE_15s
2026-09-07 15:02:15.854,1788793335.855,3711,32,259,4415.73,4415.81,8.0,PASS_<=10c,-8.0,DOWN,+36.0,-144.0,4.2,+6.29,1.50,SLOW,4417.17,4417.42,4415.65,4416.07,0.00,0.00,0.0,BULLISH,177.0,4415.37,4416.00,4415.07,4415.73,15,ACTIVE_15s,93.0,36.0,27.0,30.0,29.0,32.3,29.0,BLOCKED_29.0%,4415.52,21.0,NO,STANDBY_VEL_LOW,0,0.00,4590.00,68.56,FALSE,OPP_WICK_TOO_HIGH_0.29|OPENING_SHIELD_ACTIVE_15s
2026-09-07 15:02:16.356,1788793336.357,3712,33,260,4415.50,4415.58,8.0,PASS_<=10c,-23.0,DOWN,+13.0,-167.0,4.2,+0.84,0.20,SLOW,4417.17,4417.42,4415.65,4416.07,0.00,0.00,0.0,BULLISH,177.0,4415.37,4416.00,4415.07,4415.50,16,ACTIVE_16s,93.0,13.0,50.0,30.0,53.8,32.3,53.8,BLOCKED_53.8%,4415.52,2.0,NO,STANDBY_VEL_LOW,0,0.00,4590.00,68.56,FALSE,OPP_WICK_TOO_HIGH_0.54|OPENING_SHIELD_ACTIVE_16s
2026-09-07 15:02:16.857,1788793336.857,3713,34,261,4415.28,4415.36,8.0,PASS_<=10c,-22.0,DOWN,-9.0,-189.0,4.2,+10.49,2.50,SLOW,4417.17,4417.42,4415.65,4416.07,0.00,0.00,0.0,BULLISH,177.0,4415.37,4416.00,4415.07,4415.28,16,ACTIVE_16s,93.0,9.0,63.0,21.0,67.7,22.6,67.7,BLOCKED_67.7%,0.00,0.0,NO,STANDBY_VEL_LOW,0,0.00,4590.00,68.56,FALSE,M1_DIRECTION_MISMATCH|OPENING_SHIELD_ACTIVE_16s
2026-09-07 15:02:17.358,1788793337.359,3714,35,262,4415.37,4415.45,8.0,PASS_<=10c,+9.0,UP,+0.0,-180.0,4.2,+11.54,2.75,SLOW,4417.17,4417.42,4415.65,4416.07,0.00,0.00,0.0,BULLISH,177.0,4415.37,4416.00,4415.07,4415.37,17,ACTIVE_17s,93.0,0.0,63.0,30.0,67.7,32.3,67.7,BLOCKED_67.7%,0.00,0.0,NO,STANDBY_VEL_LOW,0,0.00,4590.00,68.56,FALSE,M1_DIRECTION_MISMATCH|OPENING_SHIELD_ACTIVE_17s
2026-09-07 15:02:17.860,1788793337.860,3715,36,263,4415.21,4415.29,8.0,PASS_<=10c,-16.0,DOWN,-16.0,-196.0,4.2,+16.58,3.95,SLOW,4417.17,4417.42,4415.65,4416.07,0.00,0.00,0.0,BULLISH,177.0,4415.37,4416.00,4415.07,4415.21,17,ACTIVE_17s,93.0,16.0,63.0,14.0,67.7,15.1,67.7,BLOCKED_67.7%,0.00,0.0,NO,STANDBY_VEL_LOW,0,0.00,4590.00,68.56,FALSE,M1_DIRECTION_MISMATCH|OPENING_SHIELD_ACTIVE_17s
2026-09-07 15:02:18.361,1788793338.361,3716,37,264,4415.02,4415.10,8.0,PASS_<=10c,-19.0,DOWN,-35.0,-215.0,4.2,+15.74,3.75,SLOW,4417.17,4417.42,4415.65,4416.07,0.00,0.00,0.0,BULLISH,177.0,4415.37,4416.00,4415.02,4415.02,18,ACTIVE_18s,98.0,35.0,63.0,0.0,64.3,0.0,64.3,BLOCKED_64.3%,0.00,0.0,NO,STANDBY_VEL_LOW,0,0.00,4590.00,68.56,FALSE,M1_DIRECTION_MISMATCH|OPENING_SHIELD_ACTIVE_18s
2026-09-07 15:02:18.862,1788793338.863,3717,38,265,4414.93,4415.01,8.0,PASS_<=10c,-9.0,DOWN,-44.0,-224.0,4.2,+21.41,5.10,SLOW,4417.17,4417.42,4415.65,4416.07,0.00,0.00,0.0,BULLISH,177.0,4415.37,4416.00,4414.93,4414.93,18,ACTIVE_18s,107.0,44.0,63.0,0.0,58.9,0.0,58.9,BLOCKED_58.9%,0.00,0.0,NO,STANDBY_VEL_LOW,0,0.00,4590.00,68.56,FALSE,M1_DIRECTION_MISMATCH|OPENING_SHIELD_ACTIVE_18s
2026-09-07 15:02:19.364,1788793339.365,3718,39,266,4414.91,4414.99,8.0,PASS_<=10c,-2.0,DOWN,-46.0,-226.0,4.2,+22.04,5.25,SLOW,4417.17,4417.42,4415.65,4416.07,0.00,0.00,0.0,BULLISH,177.0,4415.37,4416.00,4414.91,4414.91,19,ACTIVE_19s,109.0,46.0,63.0,0.0,57.8,0.0,57.8,BLOCKED_57.8%,0.00,0.0,NO,STANDBY_VEL_LOW,0,0.00,4590.00,68.56,FALSE,M1_DIRECTION_MISMATCH|OPENING_SHIELD_ACTIVE_19s
2026-09-07 15:02:19.865,1788793339.865,3719,40,267,4415.03,4415.11,8.0,PASS_<=10c,+12.0,UP,-34.0,-214.0,4.2,+15.75,3.75,SLOW,4417.17,4417.42,4415.65,4416.07,0.00,0.00,0.0,BULLISH,177.0,4415.37,4416.00,4414.91,4415.03,19,ACTIVE_19s,109.0,34.0,63.0,12.0,57.8,11.0,57.8,BLOCKED_57.8%,0.00,0.0,NO,STANDBY_VEL_LOW,0,0.00,4590.00,68.56,FALSE,M1_DIRECTION_MISMATCH|OPENING_SHIELD_ACTIVE_19s
2026-09-07 15:02:20.382,1788793340.383,3720,41,268,4414.94,4415.02,8.0,PASS_<=10c,-9.0,DOWN,-43.0,-223.0,4.2,+16.95,4.04,SLOW,4417.17,4417.42,4415.65,4416.07,0.00,0.00,0.0,BULLISH,177.0,4415.37,4416.00,4414.91,4414.94,20,CLEARED_>=20s,109.0,43.0,63.0,3.0,57.8,2.8,57.8,BLOCKED_57.8%,0.00,0.0,NO,STANDBY_VEL_LOW,0,0.00,4590.00,68.56,FALSE,M1_DIRECTION_MISMATCH
2026-09-07 15:02:20.884,1788793340.884,3721,42,269,4414.94,4415.02,8.0,PASS_<=10c,+0.0,FLAT,-43.0,-223.0,4.2,+19.88,4.73,SLOW,4417.17,4417.42,4415.65,4416.07,0.00,0.00,0.0,BULLISH,177.0,4415.37,4416.00,4414.91,4414.94,20,CLEARED_>=20s,109.0,43.0,63.0,3.0,57.8,2.8,57.8,BLOCKED_57.8%,0.00,0.0,NO,STANDBY_VEL_LOW,0,0.00,4590.00,68.56,FALSE,M1_DIRECTION_MISMATCH
2026-09-07 15:02:21.385,1788793341.386,3722,43,270,4414.91,4414.99,8.0,PASS_<=10c,-3.0,DOWN,-46.0,-226.0,4.2,+7.53,1.79,SLOW,4417.17,4417.42,4415.65,4416.07,0.00,0.00,0.0,BULLISH,177.0,4415.37,4416.00,4414.91,4414.91,21,CLEARED_>=20s,109.0,46.0,63.0,0.0,57.8,0.0,57.8,BLOCKED_57.8%,0.00,0.0,NO,STANDBY_VEL_LOW,0,0.00,4590.00,68.56,FALSE,M1_DIRECTION_MISMATCH
2026-09-07 15:02:21.887,1788793341.888,3723,44,271,4414.96,4415.04,8.0,PASS_<=10c,+5.0,UP,-41.0,-221.0,4.2,+7.95,1.89,SLOW,4417.17,4417.42,4415.65,4416.07,0.00,0.00,0.0,BULLISH,177.0,4415.37,4416.00,4414.91,4414.96,21,CLEARED_>=20s,109.0,41.0,63.0,5.0,57.8,4.6,57.8,BLOCKED_57.8%,0.00,0.0,NO,STANDBY_VEL_LOW,0,0.00,4590.00,68.56,FALSE,M1_DIRECTION_MISMATCH
2026-09-07 15:02:22.389,1788793342.390,3724,45,272,4415.01,4415.09,8.0,PASS_<=10c,+5.0,UP,-36.0,-216.0,4.2,+4.18,1.00,SLOW,4417.17,4417.42,4415.65,4416.07,0.00,0.00,0.0,BULLISH,177.0,4415.37,4416.00,4414.91,4415.01,22,CLEARED_>=20s,109.0,36.0,63.0,10.0,57.8,9.2,57.8,BLOCKED_57.8%,0.00,0.0,NO,STANDBY_VEL_LOW,0,0.00,4590.00,68.56,FALSE,M1_DIRECTION_MISMATCH
2026-09-07 15:02:22.890,1788793342.891,3725,46,273,4415.08,4415.16,8.0,PASS_<=10c,+7.0,UP,-29.0,-209.0,4.2,+3.35,0.80,SLOW,4417.17,4417.42,4415.65,4416.07,0.00,0.00,0.0,BULLISH,177.0,4415.37,4416.00,4414.91,4415.08,22,CLEARED_>=20s,109.0,29.0,63.0,17.0,57.8,15.6,57.8,BLOCKED_57.8%,0.00,0.0,NO,STANDBY_VEL_LOW,0,0.00,4590.00,68.56,FALSE,M1_DIRECTION_MISMATCH
2026-09-07 15:02:23.392,1788793343.393,3726,47,274,4415.01,4415.09,8.0,PASS_<=10c,-7.0,DOWN,-36.0,-216.0,4.2,+0.63,0.15,SLOW,4417.17,4417.42,4415.65,4416.07,0.00,0.00,0.0,BULLISH,177.0,4415.37,4416.00,4414.91,4415.01,23,CLEARED_>=20s,109.0,36.0,63.0,10.0,57.8,9.2,57.8,BLOCKED_57.8%,0.00,0.0,NO,STANDBY_VEL_LOW,0,0.00,4590.00,68.56,FALSE,M1_DIRECTION_MISMATCH
2026-09-07 15:02:23.895,1788793343.895,3727,48,275,4414.94,4415.02,8.0,PASS_<=10c,-7.0,DOWN,-43.0,-223.0,4.2,+1.25,0.30,SLOW,4417.17,4417.42,4415.65,4416.07,0.00,0.00,0.0,BULLISH,177.0,4415.37,4416.00,4414.91,4414.94,23,CLEARED_>=20s,109.0,43.0,63.0,3.0,57.8,2.8,57.8,BLOCKED_57.8%,0.00,0.0,NO,STANDBY_VEL_LOW,0,0.00,4590.00,68.56,FALSE,M1_DIRECTION_MISMATCH
2026-09-07 15:02:24.396,1788793344.397,3728,49,276,4414.95,4415.03,8.0,PASS_<=10c,+1.0,UP,-42.0,-222.0,4.2,+0.21,0.05,SLOW,4417.17,4417.42,4415.65,4416.07,0.00,0.00,0.0,BULLISH,177.0,4415.37,4416.00,4414.91,4414.95,24,CLEARED_>=20s,109.0,42.0,63.0,4.0,57.8,3.7,57.8,BLOCKED_57.8%,0.00,0.0,NO,STANDBY_VEL_LOW,0,0.00,4590.00,68.56,FALSE,M1_DIRECTION_MISMATCH
2026-09-07 15:02:24.898,1788793344.898,3729,50,277,4414.99,4415.07,8.0,PASS_<=10c,+4.0,UP,-38.0,-218.0,4.2,+1.05,0.25,SLOW,4417.17,4417.42,4415.65,4416.07,0.00,0.00,0.0,BULLISH,177.0,4415.37,4416.00,4414.91,4414.99,24,CLEARED_>=20s,109.0,38.0,63.0,8.0,57.8,7.3,57.8,BLOCKED_57.8%,0.00,0.0,NO,STANDBY_VEL_LOW,0,0.00,4590.00,68.56,FALSE,M1_DIRECTION_MISMATCH
2026-09-07 15:02:25.399,1788793345.399,3730,51,278,4415.00,4415.08,8.0,PASS_<=10c,+1.0,UP,-37.0,-217.0,4.2,+1.26,0.30,SLOW,4417.17,4417.42,4415.65,4416.07,0.00,0.00,0.0,BULLISH,177.0,4415.37,4416.00,4414.91,4415.00,25,CLEARED_>=20s,109.0,37.0,63.0,9.0,57.8,8.3,57.8,BLOCKED_57.8%,0.00,0.0,NO,STANDBY_VEL_LOW,0,0.00,4590.00,68.56,FALSE,M1_DIRECTION_MISMATCH
2026-09-07 15:02:25.901,1788793345.901,3731,52,279,4414.93,4415.01,8.0,PASS_<=10c,-7.0,DOWN,-44.0,-224.0,4.2,+0.43,0.10,SLOW,4417.17,4417.42,4415.65,4416.07,0.00,0.00,0.0,BULLISH,177.0,4415.37,4416.00,4414.91,4414.93,25,CLEARED_>=20s,109.0,44.0,63.0,2.0,57.8,1.8,57.8,BLOCKED_57.8%,0.00,0.0,NO,STANDBY_VEL_LOW,0,0.00,4590.00,68.56,FALSE,M1_DIRECTION_MISMATCH
2026-09-07 15:02:26.403,1788793346.404,3732,53,280,4414.89,4414.97,8.0,PASS_<=10c,-4.0,DOWN,-48.0,-228.0,4.2,+1.47,0.35,SLOW,4417.17,4417.42,4415.65,4416.07,0.00,0.00,0.0,BULLISH,177.0,4415.37,4416.00,4414.89,4414.89,26,CLEARED_>=20s,111.0,48.0,63.0,0.0,56.8,0.0,56.8,BLOCKED_56.8%,0.00,0.0,NO,STANDBY_VEL_LOW,0,0.00,4590.00,68.56,FALSE,M1_DIRECTION_MISMATCH
2026-09-07 15:02:26.904,1788793346.904,3733,54,281,4414.71,4414.79,8.0,PASS_<=10c,-18.0,DOWN,-66.0,-246.0,4.2,+5.46,1.30,SLOW,4417.17,4417.42,4415.65,4416.07,0.00,0.00,0.0,BULLISH,177.0,4415.37,4416.00,4414.71,4414.71,26,CLEARED_>=20s,129.0,66.0,63.0,0.0,48.8,0.0,48.8,BLOCKED_48.8%,0.00,0.0,NO,STANDBY_VEL_LOW,0,0.00,4590.00,68.56,FALSE,M1_DIRECTION_MISMATCH
2026-09-07 15:02:27.406,1788793347.406,3734,55,282,4414.68,4414.76,8.0,PASS_<=10c,-3.0,DOWN,-69.0,-249.0,4.2,+6.71,1.60,SLOW,4417.17,4417.42,4415.65,4416.07,0.00,0.00,0.0,BULLISH,177.0,4415.37,4416.00,4414.68,4414.68,27,CLEARED_>=20s,132.0,69.0,63.0,0.0,47.7,0.0,47.7,BLOCKED_47.7%,0.00,0.0,NO,STANDBY_VEL_LOW,0,0.00,4590.00,68.56,FALSE,M1_DIRECTION_MISMATCH
2026-09-07 15:02:27.909,1788793347.910,3735,56,283,4414.81,4414.89,8.0,PASS_<=10c,+13.0,UP,-56.0,-236.0,4.2,+5.45,1.30,SLOW,4417.17,4417.42,4415.65,4416.07,0.00,0.00,0.0,BULLISH,177.0,4415.37,4416.00,4414.67,4414.81,27,CLEARED_>=20s,133.0,56.0,63.0,14.0,47.4,10.5,47.4,BLOCKED_47.4%,0.00,0.0,NO,STANDBY_VEL_LOW,0,0.00,4590.00,68.56,FALSE,M1_DIRECTION_MISMATCH
2026-09-07 15:02:28.409,1788793348.410,3736,57,284,4414.81,4414.89,8.0,PASS_<=10c,+0.0,FLAT,-56.0,-236.0,4.2,+3.15,0.75,SLOW,4417.17,4417.42,4415.65,4416.07,0.00,0.00,0.0,BULLISH,177.0,4415.37,4416.00,4414.67,4414.81,28,CLEARED_>=20s,133.0,56.0,63.0,14.0,47.4,10.5,47.4,BLOCKED_47.4%,0.00,0.0,NO,STANDBY_VEL_LOW,0,0.00,4590.00,68.56,FALSE,M1_DIRECTION_MISMATCH
2026-09-07 15:02:28.912,1788793348.912,3737,58,285,4414.89,4414.97,8.0,PASS_<=10c,+8.0,UP,-48.0,-228.0,4.2,+1.05,0.25,SLOW,4417.17,4417.42,4415.65,4416.07,0.00,0.00,0.0,BULLISH,177.0,4415.37,4416.00,4414.67,4414.89,28,CLEARED_>=20s,133.0,48.0,63.0,22.0,47.4,16.5,47.4,BLOCKED_47.4%,0.00,0.0,NO,STANDBY_VEL_LOW,0,0.00,4590.00,68.56,FALSE,M1_DIRECTION_MISMATCH
2026-09-07 15:02:29.413,1788793349.413,3738,59,286,4414.89,4414.97,8.0,PASS_<=10c,+0.0,FLAT,-48.0,-228.0,4.2,+2.10,0.50,SLOW,4417.17,4417.42,4415.65,4416.07,0.00,0.00,0.0,BULLISH,177.0,4415.37,4416.00,4414.67,4414.89,29,CLEARED_>=20s,133.0,48.0,63.0,22.0,47.4,16.5,47.4,BLOCKED_47.4%,0.00,0.0,NO,STANDBY_VEL_LOW,0,0.00,4590.00,68.56,FALSE,M1_DIRECTION_MISMATCH
2026-09-07 15:02:29.913,1788793349.914,3739,60,287,4414.89,4414.97,8.0,PASS_<=10c,+0.0,FLAT,-48.0,-228.0,4.2,+1.68,0.40,SLOW,4417.17,4417.42,4415.65,4416.07,0.00,0.00,0.0,BULLISH,177.0,4415.37,4416.00,4414.67,4414.89,29,CLEARED_>=20s,133.0,48.0,63.0,22.0,47.4,16.5,47.4,BLOCKED_47.4%,0.00,0.0,NO,STANDBY_VEL_LOW,0,0.00,4590.00,68.56,FALSE,M1_DIRECTION_MISMATCH
2026-09-07 15:02:30.416,1788793350.416,3740,61,288,4414.92,4415.00,8.0,PASS_<=10c,+3.0,UP,-45.0,-225.0,4.2,+1.05,0.25,SLOW,4417.17,4417.42,4415.65,4416.07,0.00,0.00,0.0,BULLISH,177.0,4415.37,4416.00,4414.67,4414.92,30,CLEARED_>=20s,133.0,45.0,63.0,25.0,47.4,18.8,47.4,BLOCKED_47.4%,0.00,0.0,NO,STANDBY_VEL_LOW,0,0.00,4590.00,68.56,FALSE,M1_DIRECTION_MISMATCH
2026-09-07 15:02:30.918,1788793350.918,3741,62,289,4414.97,4415.05,8.0,PASS_<=10c,+5.0,UP,-40.0,-220.0,4.2,+0.84,0.20,SLOW,4417.17,4417.42,4415.65,4416.07,0.00,0.00,0.0,BULLISH,177.0,4415.37,4416.00,4414.67,4414.97,30,CLEARED_>=20s,133.0,40.0,63.0,30.0,47.4,22.6,47.4,BLOCKED_47.4%,0.00,0.0,NO,STANDBY_VEL_LOW,0,0.00,4590.00,68.56,FALSE,M1_DIRECTION_MISMATCH
2026-09-07 15:02:31.420,1788793351.420,3742,63,290,4414.98,4415.06,8.0,PASS_<=10c,+1.0,UP,-39.0,-219.0,4.2,+4.41,1.05,SLOW,4417.17,4417.42,4415.65,4416.07,0.00,0.00,0.0,BULLISH,177.0,4415.37,4416.00,4414.67,4414.98,31,CLEARED_>=20s,133.0,39.0,63.0,31.0,47.4,23.3,47.4,BLOCKED_47.4%,0.00,0.0,NO,STANDBY_VEL_LOW,0,0.00,4590.00,68.56,FALSE,M1_DIRECTION_MISMATCH
2026-09-07 15:02:31.922,1788793351.923,3743,64,291,4414.98,4415.06,8.0,PASS_<=10c,+0.0,FLAT,-39.0,-219.0,4.2,+5.66,1.35,SLOW,4417.17,4417.42,4415.65,4416.07,0.00,0.00,0.0,BULLISH,177.0,4415.37,4416.00,4414.67,4414.98,31,CLEARED_>=20s,133.0,39.0,63.0,31.0,47.4,23.3,47.4,BLOCKED_47.4%,0.00,0.0,NO,STANDBY_VEL_LOW,0,0.00,4590.00,68.56,FALSE,M1_DIRECTION_MISMATCH
2026-09-07 15:02:32.424,1788793352.425,3744,65,292,4414.87,4414.95,8.0,PASS_<=10c,-11.0,DOWN,-50.0,-230.0,4.2,+4.20,1.00,SLOW,4417.17,4417.42,4415.65,4416.07,0.00,0.00,0.0,BULLISH,177.0,4415.37,4416.00,4414.67,4414.87,32,CLEARED_>=20s,133.0,50.0,63.0,20.0,47.4,15.0,47.4,BLOCKED_47.4%,0.00,0.0,NO,STANDBY_VEL_LOW,0,0.00,4590.00,68.56,FALSE,M1_DIRECTION_MISMATCH
2026-09-07 15:02:32.926,1788793352.927,3745,66,293,4414.85,4414.93,8.0,PASS_<=10c,-2.0,DOWN,-52.0,-232.0,4.2,+0.82,0.20,SLOW,4417.17,4417.42,4415.65,4416.07,0.00,0.00,0.0,BULLISH,177.0,4415.37,4416.00,4414.67,4414.85,32,CLEARED_>=20s,133.0,52.0,63.0,18.0,47.4,13.5,47.4,BLOCKED_47.4%,0.00,0.0,NO,STANDBY_VEL_LOW,0,0.00,4590.00,68.56,FALSE,M1_DIRECTION_MISMATCH
2026-09-07 15:02:33.427,1788793353.428,3746,67,294,4414.95,4415.03,8.0,PASS_<=10c,+10.0,UP,-42.0,-222.0,4.2,+2.31,0.55,SLOW,4417.17,4417.42,4415.65,4416.07,0.00,0.00,0.0,BULLISH,177.0,4415.37,4416.00,4414.67,4414.95,33,CLEARED_>=20s,133.0,42.0,63.0,28.0,47.4,21.1,47.4,BLOCKED_47.4%,0.00,0.0,NO,STANDBY_VEL_LOW,0,0.00,4590.00,68.56,FALSE,M1_DIRECTION_MISMATCH
2026-09-07 15:02:33.929,1788793353.929,3747,68,295,4414.94,4415.02,8.0,PASS_<=10c,-1.0,DOWN,-43.0,-223.0,4.2,+1.07,0.25,SLOW,4417.17,4417.42,4415.65,4416.07,0.00,0.00,0.0,BULLISH,177.0,4415.37,4416.00,4414.67,4414.94,33,CLEARED_>=20s,133.0,43.0,63.0,27.0,47.4,20.3,47.4,BLOCKED_47.4%,0.00,0.0,NO,STANDBY_VEL_LOW,0,0.00,4590.00,68.56,FALSE,M1_DIRECTION_MISMATCH
2026-09-07 15:02:34.430,1788793354.431,3748,69,296,4414.93,4415.01,8.0,PASS_<=10c,-1.0,DOWN,-44.0,-224.0,4.2,+1.00,0.24,SLOW,4417.17,4417.42,4415.65,4416.07,0.00,0.00,0.0,BULLISH,177.0,4415.37,4416.00,4414.67,4414.93,34,CLEARED_>=20s,133.0,44.0,63.0,26.0,47.4,19.5,47.4,BLOCKED_47.4%,0.00,0.0,NO,STANDBY_VEL_LOW,0,0.00,4590.00,68.56,FALSE,M1_DIRECTION_MISMATCH
2026-09-07 15:02:34.932,1788793354.933,3749,70,297,4414.95,4415.03,8.0,PASS_<=10c,+2.0,UP,-42.0,-222.0,4.2,+1.07,0.25,SLOW,4417.17,4417.42,4415.65,4416.07,0.00,0.00,0.0,BULLISH,177.0,4415.37,4416.00,4414.67,4414.95,34,CLEARED_>=20s,133.0,42.0,63.0,28.0,47.4,21.1,47.4,BLOCKED_47.4%,0.00,0.0,NO,STANDBY_VEL_LOW,0,0.00,4590.00,68.56,FALSE,M1_DIRECTION_MISMATCH
2026-09-07 15:02:35.437,1788793355.438,3750,71,298,4414.94,4415.02,8.0,PASS_<=10c,-1.0,DOWN,-43.0,-223.0,4.2,+0.92,0.22,SLOW,4417.17,4417.42,4415.65,4416.07,0.00,0.00,0.0,BULLISH,177.0,4415.37,4416.00,4414.67,4414.94,35,CLEARED_>=20s,133.0,43.0,63.0,27.0,47.4,20.3,47.4,BLOCKED_47.4%,0.00,0.0,NO,STANDBY_VEL_LOW,0,0.00,4590.00,68.56,FALSE,M1_DIRECTION_MISMATCH
2026-09-07 15:02:35.935,1788793355.935,3751,72,299,4414.97,4415.05,8.0,PASS_<=10c,+3.0,UP,-40.0,-220.0,4.2,+1.47,0.35,SLOW,4417.17,4417.42,4415.65,4416.07,0.00,0.00,0.0,BULLISH,177.0,4415.37,4416.00,4414.67,4414.97,35,CLEARED_>=20s,133.0,40.0,63.0,30.0,47.4,22.6,47.4,BLOCKED_47.4%,0.00,0.0,NO,STANDBY_VEL_LOW,0,0.00,4590.00,68.56,FALSE,M1_DIRECTION_MISMATCH
2026-09-07 15:02:36.438,1788793356.438,3752,73,300,4414.97,4415.05,8.0,PASS_<=10c,+0.0,FLAT,-40.0,-220.0,4.2,+1.00,0.24,SLOW,4417.17,4417.42,4415.65,4416.07,0.00,0.00,0.0,BULLISH,177.0,4415.37,4416.00,4414.67,4414.97,36,CLEARED_>=20s,133.0,40.0,63.0,30.0,47.4,22.6,47.4,BLOCKED_47.4%,0.00,0.0,NO,STANDBY_VEL_LOW,0,0.00,4590.00,68.56,FALSE,M1_DIRECTION_MISMATCH
2026-09-07 15:02:36.939,1788793356.939,3753,74,301,4414.97,4415.05,8.0,PASS_<=10c,+0.0,FLAT,-40.0,-220.0,4.2,+1.02,0.24,SLOW,4417.17,4417.42,4415.65,4416.07,0.00,0.00,0.0,BULLISH,177.0,4415.37,4416.00,4414.67,4414.97,36,CLEARED_>=20s,133.0,40.0,63.0,30.0,47.4,22.6,47.4,BLOCKED_47.4%,0.00,0.0,NO,STANDBY_VEL_LOW,0,0.00,4590.00,68.56,FALSE,M1_DIRECTION_MISMATCH
2026-09-07 15:02:37.441,1788793357.441,3754,75,302,4414.97,4415.05,8.0,PASS_<=10c,+0.0,FLAT,-40.0,-220.0,4.2,+2.31,0.55,SLOW,4417.17,4417.42,4415.65,4416.07,0.00,0.00,0.0,BULLISH,177.0,4415.37,4416.00,4414.67,4414.97,37,CLEARED_>=20s,133.0,40.0,63.0,30.0,47.4,22.6,47.4,BLOCKED_47.4%,0.00,0.0,NO,STANDBY_VEL_LOW,0,0.00,4590.00,68.56,FALSE,M1_DIRECTION_MISMATCH
2026-09-07 15:02:37.941,1788793357.942,3755,76,303,4414.88,4414.96,8.0,PASS_<=10c,-9.0,DOWN,-49.0,-229.0,4.2,+0.92,0.22,SLOW,4417.17,4417.42,4415.65,4416.07,0.00,0.00,0.0,BULLISH,177.0,4415.37,4416.00,4414.67,4414.88,37,CLEARED_>=20s,133.0,49.0,63.0,21.0,47.4,15.8,47.4,BLOCKED_47.4%,0.00,0.0,NO,STANDBY_VEL_LOW,0,0.00,4590.00,68.56,FALSE,M1_DIRECTION_MISMATCH
2026-09-07 15:02:38.451,1788793358.452,3756,77,304,4414.68,4414.76,8.0,PASS_<=10c,-20.0,DOWN,-69.0,-249.0,4.2,+6.91,1.65,SLOW,4417.17,4417.42,4415.65,4416.07,0.00,0.00,0.0,BULLISH,177.0,4415.37,4416.00,4414.67,4414.68,38,CLEARED_>=20s,133.0,69.0,63.0,1.0,47.4,0.8,47.4,BLOCKED_47.4%,0.00,0.0,NO,STANDBY_VEL_LOW,0,0.00,4590.00,68.56,FALSE,M1_DIRECTION_MISMATCH
2026-09-07 15:02:38.955,1788793358.955,3757,78,305,4414.67,4414.75,8.0,PASS_<=10c,-1.0,DOWN,-70.0,-250.0,4.2,+5.45,1.30,SLOW,4417.17,4417.42,4415.65,4416.07,0.00,0.00,0.0,BULLISH,177.0,4415.37,4416.00,4414.67,4414.67,38,CLEARED_>=20s,133.0,70.0,63.0,0.0,47.4,0.0,47.4,BLOCKED_47.4%,0.00,0.0,NO,STANDBY_VEL_LOW,0,0.00,4590.00,68.56,FALSE,M1_DIRECTION_MISMATCH
2026-09-07 15:02:39.456,1788793359.456,3758,79,306,4414.60,4414.68,8.0,PASS_<=10c,-7.0,DOWN,-77.0,-257.0,4.2,+7.33,1.75,SLOW,4417.17,4417.42,4415.65,4416.07,0.00,0.00,0.0,BULLISH,177.0,4415.37,4416.00,4414.59,4414.60,39,CLEARED_>=20s,141.0,77.0,63.0,1.0,44.7,0.7,44.7,BLOCKED_44.7%,0.00,0.0,NO,STANDBY_VEL_LOW,0,0.00,4590.00,68.56,FALSE,M1_DIRECTION_MISMATCH
2026-09-07 15:02:39.956,1788793359.957,3759,80,307,4414.68,4414.76,8.0,PASS_<=10c,+8.0,UP,-69.0,-249.0,4.2,+5.87,1.40,SLOW,4417.17,4417.42,4415.65,4416.07,0.00,0.00,0.0,BULLISH,177.0,4415.37,4416.00,4414.59,4414.68,39,CLEARED_>=20s,141.0,69.0,63.0,9.0,44.7,6.4,44.7,BLOCKED_44.7%,0.00,0.0,NO,STANDBY_VEL_LOW,0,0.00,4590.00,68.56,FALSE,M1_DIRECTION_MISMATCH
2026-09-07 15:02:40.458,1788793360.459,3760,81,308,4414.77,4414.85,8.0,PASS_<=10c,+9.0,UP,-60.0,-240.0,4.2,+3.77,0.90,SLOW,4417.17,4417.42,4415.65,4416.07,0.00,0.00,0.0,BULLISH,177.0,4415.37,4416.00,4414.59,4414.77,40,CLEARED_>=20s,141.0,60.0,63.0,18.0,44.7,12.8,44.7,BLOCKED_44.7%,0.00,0.0,NO,STANDBY_VEL_LOW,0,0.00,4590.00,68.56,FALSE,M1_DIRECTION_MISMATCH
2026-09-07 15:02:40.960,1788793360.961,3761,82,309,4414.77,4414.85,8.0,PASS_<=10c,+0.0,FLAT,-60.0,-240.0,4.2,+4.19,1.00,SLOW,4417.17,4417.42,4415.65,4416.07,0.00,0.00,0.0,BULLISH,177.0,4415.37,4416.00,4414.59,4414.77,40,CLEARED_>=20s,141.0,60.0,63.0,18.0,44.7,12.8,44.7,BLOCKED_44.7%,0.00,0.0,NO,STANDBY_VEL_LOW,0,0.00,4590.00,68.56,FALSE,M1_DIRECTION_MISMATCH
2026-09-07 15:02:41.463,1788793361.463,3762,83,310,4414.77,4414.85,8.0,PASS_<=10c,+0.0,FLAT,-60.0,-240.0,4.2,+4.82,1.15,SLOW,4417.17,4417.42,4415.65,4416.07,0.00,0.00,0.0,BULLISH,177.0,4415.37,4416.00,4414.59,4414.77,41,CLEARED_>=20s,141.0,60.0,63.0,18.0,44.7,12.8,44.7,BLOCKED_44.7%,0.00,0.0,NO,STANDBY_VEL_LOW,0,0.00,4590.00,68.56,FALSE,M1_DIRECTION_MISMATCH
2026-09-07 15:02:41.964,1788793361.965,3763,84,311,4414.78,4414.86,8.0,PASS_<=10c,+1.0,UP,-59.0,-239.0,4.2,+3.98,0.95,SLOW,4417.17,4417.42,4415.65,4416.07,0.00,0.00,0.0,BULLISH,177.0,4415.37,4416.00,4414.59,4414.78,41,CLEARED_>=20s,141.0,59.0,63.0,19.0,44.7,13.5,44.7,BLOCKED_44.7%,0.00,0.0,NO,STANDBY_VEL_LOW,0,0.00,4590.00,68.56,FALSE,M1_DIRECTION_MISMATCH
2026-09-07 15:02:42.466,1788793362.466,3764,85,312,4414.83,4414.91,8.0,PASS_<=10c,+5.0,UP,-54.0,-234.0,4.2,+1.05,0.25,SLOW,4417.17,4417.42,4415.65,4416.07,0.00,0.00,0.0,BULLISH,177.0,4415.37,4416.00,4414.59,4414.83,42,CLEARED_>=20s,141.0,54.0,63.0,24.0,44.7,17.0,44.7,BLOCKED_44.7%,0.00,0.0,NO,STANDBY_VEL_LOW,0,0.00,4590.00,68.56,FALSE,M1_DIRECTION_MISMATCH
2026-09-07 15:02:42.968,1788793362.969,3765,86,313,4414.74,4414.82,8.0,PASS_<=10c,-9.0,DOWN,-63.0,-243.0,4.2,+0.84,0.20,SLOW,4417.17,4417.42,4415.65,4416.07,0.00,0.00,0.0,BULLISH,177.0,4415.37,4416.00,4414.59,4414.74,42,CLEARED_>=20s,141.0,63.0,63.0,15.0,44.7,10.6,44.7,BLOCKED_44.7%,0.00,0.0,NO,STANDBY_VEL_LOW,0,0.00,4590.00,68.56,FALSE,M1_DIRECTION_MISMATCH
2026-09-07 15:02:43.471,1788793363.471,3766,87,314,4414.63,4414.71,8.0,PASS_<=10c,-11.0,DOWN,-74.0,-254.0,4.2,+1.05,0.25,SLOW,4417.17,4417.42,4415.65,4416.07,0.00,0.00,0.0,BULLISH,177.0,4415.37,4416.00,4414.59,4414.63,43,CLEARED_>=20s,141.0,74.0,63.0,4.0,44.7,2.8,44.7,BLOCKED_44.7%,0.00,0.0,NO,STANDBY_VEL_LOW,0,0.00,4590.00,68.56,FALSE,M1_DIRECTION_MISMATCH
2026-09-07 15:02:43.972,1788793363.973,3767,88,315,4414.61,4414.69,8.0,PASS_<=10c,-2.0,DOWN,-76.0,-256.0,4.2,+0.42,0.10,SLOW,4417.17,4417.42,4415.65,4416.07,0.00,0.00,0.0,BULLISH,177.0,4415.37,4416.00,4414.59,4414.61,43,CLEARED_>=20s,141.0,76.0,63.0,2.0,44.7,1.4,44.7,BLOCKED_44.7%,0.00,0.0,NO,STANDBY_VEL_LOW,0,0.00,4590.00,68.56,FALSE,M1_DIRECTION_MISMATCH
2026-09-07 15:02:44.474,1788793364.475,3768,89,316,4414.63,4414.71,8.0,PASS_<=10c,+2.0,UP,-74.0,-254.0,4.2,+0.21,0.05,SLOW,4417.17,4417.42,4415.65,4416.07,0.00,0.00,0.0,BULLISH,177.0,4415.37,4416.00,4414.59,4414.63,44,CLEARED_>=20s,141.0,74.0,63.0,4.0,44.7,2.8,44.7,BLOCKED_44.7%,0.00,0.0,NO,STANDBY_VEL_LOW,0,0.00,4590.00,68.56,FALSE,M1_DIRECTION_MISMATCH
2026-09-07 15:02:44.976,1788793364.976,3769,90,317,4414.66,4414.74,8.0,PASS_<=10c,+3.0,UP,-71.0,-251.0,4.2,+2.52,0.60,SLOW,4417.17,4417.42,4415.65,4416.07,0.00,0.00,0.0,BULLISH,177.0,4415.37,4416.00,4414.59,4414.66,44,CLEARED_>=20s,141.0,71.0,63.0,7.0,44.7,5.0,44.7,BLOCKED_44.7%,0.00,0.0,NO,STANDBY_VEL_LOW,0,0.00,4590.00,68.56,FALSE,M1_DIRECTION_MISMATCH
2026-09-07 15:02:45.477,1788793365.477,3770,91,318,4414.66,4414.74,8.0,PASS_<=10c,+0.0,FLAT,-71.0,-251.0,4.2,+2.31,0.55,SLOW,4417.17,4417.42,4415.65,4416.07,0.00,0.00,0.0,BULLISH,177.0,4415.37,4416.00,4414.59,4414.66,45,CLEARED_>=20s,141.0,71.0,63.0,7.0,44.7,5.0,44.7,BLOCKED_44.7%,0.00,0.0,NO,STANDBY_VEL_LOW,0,0.00,4590.00,68.56,FALSE,M1_DIRECTION_MISMATCH
2026-09-07 15:02:45.979,1788793365.980,3771,92,319,4414.68,4414.76,8.0,PASS_<=10c,+2.0,UP,-69.0,-249.0,4.2,+1.89,0.45,SLOW,4417.17,4417.42,4415.65,4416.07,0.00,0.00,0.0,BULLISH,177.0,4415.37,4416.00,4414.59,4414.68,45,CLEARED_>=20s,141.0,69.0,63.0,9.0,44.7,6.4,44.7,BLOCKED_44.7%,0.00,0.0,NO,STANDBY_VEL_LOW,0,0.00,4590.00,68.56,FALSE,M1_DIRECTION_MISMATCH
2026-09-07 15:02:46.480,1788793366.481,3772,93,320,4414.58,4414.66,8.0,PASS_<=10c,-10.0,DOWN,-79.0,-259.0,4.2,+4.20,1.00,SLOW,4417.17,4417.42,4415.65,4416.07,0.00,0.00,0.0,BULLISH,177.0,4415.37,4416.00,4414.58,4414.58,46,CLEARED_>=20s,142.0,79.0,63.0,0.0,44.4,0.0,44.4,BLOCKED_44.4%,0.00,0.0,NO,STANDBY_VEL_LOW,0,0.00,4590.00,68.56,FALSE,M1_DIRECTION_MISMATCH
2026-09-07 15:02:46.982,1788793366.983,3773,94,321,4414.51,4414.59,8.0,PASS_<=10c,-7.0,DOWN,-86.0,-266.0,4.2,+5.66,1.35,SLOW,4417.17,4417.42,4415.65,4416.07,0.00,0.00,0.0,BULLISH,177.0,4415.37,4416.00,4414.51,4414.51,46,CLEARED_>=20s,149.0,86.0,63.0,0.0,42.3,0.0,42.3,BLOCKED_42.3%,0.00,0.0,NO,STANDBY_VEL_LOW,0,0.00,4590.00,68.56,FALSE,M1_DIRECTION_MISMATCH
2026-09-07 15:02:47.483,1788793367.484,3774,95,322,4414.38,4414.46,8.0,PASS_<=10c,-13.0,DOWN,-99.0,-279.0,4.2,+7.55,1.80,SLOW,4417.17,4417.42,4415.65,4416.07,0.00,0.00,0.0,BULLISH,177.0,4415.37,4416.00,4414.37,4414.38,47,CLEARED_>=20s,163.0,99.0,63.0,1.0,38.7,0.6,38.7,BLOCKED_38.7%,0.00,0.0,NO,STANDBY_VEL_LOW,0,0.00,4590.00,68.56,FALSE,M1_DIRECTION_MISMATCH
2026-09-07 15:02:47.984,1788793367.985,3775,96,323,4414.38,4414.46,8.0,PASS_<=10c,+0.0,FLAT,-99.0,-279.0,4.2,+5.25,1.25,SLOW,4417.17,4417.42,4415.65,4416.07,0.00,0.00,0.0,BULLISH,177.0,4415.37,4416.00,4414.37,4414.38,47,CLEARED_>=20s,163.0,99.0,63.0,1.0,38.7,0.6,38.7,BLOCKED_38.7%,0.00,0.0,NO,STANDBY_VEL_LOW,0,0.00,4590.00,68.56,FALSE,M1_DIRECTION_MISMATCH
2026-09-07 15:02:48.486,1788793368.486,3776,97,324,4414.34,4414.42,8.0,PASS_<=10c,-4.0,DOWN,-103.0,-283.0,4.2,+5.67,1.35,SLOW,4417.17,4417.42,4415.65,4416.07,0.00,0.00,0.0,BULLISH,177.0,4415.37,4416.00,4414.34,4414.34,48,CLEARED_>=20s,166.0,103.0,63.0,0.0,38.0,0.0,38.0,BLOCKED_38.0%,0.00,0.0,NO,STANDBY_VEL_LOW,0,0.00,4590.00,68.56,FALSE,M1_DIRECTION_MISMATCH
2026-09-07 15:02:48.987,1788793368.988,3777,98,325,4414.32,4414.40,8.0,PASS_<=10c,-2.0,DOWN,-105.0,-285.0,4.2,+6.09,1.45,SLOW,4417.17,4417.42,4415.65,4416.07,0.00,0.00,0.0,BULLISH,177.0,4415.37,4416.00,4414.32,4414.32,48,CLEARED_>=20s,168.0,105.0,63.0,0.0,37.5,0.0,37.5,BLOCKED_37.5%,0.00,0.0,NO,STANDBY_VEL_LOW,0,0.00,4590.00,68.56,FALSE,M1_DIRECTION_MISMATCH
2026-09-07 15:02:49.489,1788793369.489,3778,99,326,4414.31,4414.39,8.0,PASS_<=10c,-1.0,DOWN,-106.0,-286.0,4.2,+6.72,1.60,SLOW,4417.17,4417.42,4415.65,4416.07,0.00,0.00,0.0,BULLISH,177.0,4415.37,4416.00,4414.31,4414.31,49,CLEARED_>=20s,169.0,106.0,63.0,0.0,37.3,0.0,37.3,BLOCKED_37.3%,0.00,0.0,NO,STANDBY_VEL_LOW,0,0.00,4590.00,68.56,FALSE,M1_DIRECTION_MISMATCH
2026-09-07 15:02:49.990,1788793369.991,3779,100,327,4414.30,4414.38,8.0,PASS_<=10c,-1.0,DOWN,-107.0,-287.0,4.2,+7.56,1.80,SLOW,4417.17,4417.42,4415.65,4416.07,0.00,0.00,0.0,BULLISH,177.0,4415.37,4416.00,4414.30,4414.30,49,CLEARED_>=20s,170.0,107.0,63.0,0.0,37.1,0.0,37.1,BLOCKED_37.1%,0.00,0.0,NO,STANDBY_VEL_LOW,0,0.00,4590.00,68.56,FALSE,M1_DIRECTION_MISMATCH
2026-09-07 15:02:50.491,1788793370.492,3780,101,328,4414.29,4414.37,8.0,PASS_<=10c,-1.0,DOWN,-108.0,-288.0,4.2,+8.61,2.05,SLOW,4417.17,4417.42,4415.65,4416.07,0.00,0.00,0.0,BULLISH,177.0,4415.37,4416.00,4414.29,4414.29,50,CLEARED_>=20s,171.0,108.0,63.0,0.0,36.8,0.0,36.8,BLOCKED_36.8%,0.00,0.0,NO,STANDBY_VEL_LOW,0,0.00,4590.00,68.56,FALSE,M1_DIRECTION_MISMATCH
2026-09-07 15:02:50.993,1788793370.993,3781,102,329,4414.27,4414.35,8.0,PASS_<=10c,-2.0,DOWN,-110.0,-290.0,4.2,+6.93,1.65,SLOW,4417.17,4417.42,4415.65,4416.07,0.00,0.00,0.0,BULLISH,177.0,4415.37,4416.00,4414.27,4414.27,50,CLEARED_>=20s,173.0,110.0,63.0,0.0,36.4,0.0,36.4,BLOCKED_36.4%,0.00,0.0,NO,STANDBY_VEL_LOW,0,0.00,4590.00,68.56,FALSE,M1_DIRECTION_MISMATCH
2026-09-07 15:02:51.495,1788793371.496,3782,103,330,4414.26,4414.34,8.0,PASS_<=10c,-1.0,DOWN,-111.0,-291.0,4.2,+5.25,1.25,SLOW,4417.17,4417.42,4415.65,4416.07,0.00,0.00,0.0,BULLISH,177.0,4415.37,4416.00,4414.26,4414.26,51,CLEARED_>=20s,174.0,111.0,63.0,0.0,36.2,0.0,36.2,BLOCKED_36.2%,0.00,0.0,NO,STANDBY_VEL_LOW,0,0.00,4590.00,68.56,FALSE,M1_DIRECTION_MISMATCH
2026-09-07 15:02:51.996,1788793371.997,3783,104,331,4414.04,4414.12,8.0,PASS_<=10c,-22.0,DOWN,-133.0,-313.0,4.2,+6.93,1.65,SLOW,4417.17,4417.42,4415.65,4416.07,0.00,0.00,0.0,BULLISH,177.0,4415.37,4416.00,4414.04,4414.04,51,CLEARED_>=20s,196.0,133.0,63.0,0.0,32.1,0.0,32.1,BLOCKED_32.1%,0.00,0.0,NO,STANDBY_VEL_LOW,0,0.00,4590.00,68.56,FALSE,M1_DIRECTION_MISMATCH
2026-09-07 15:02:52.498,1788793372.499,3784,105,332,4413.98,4414.06,8.0,PASS_<=10c,-6.0,DOWN,-139.0,-319.0,4.2,+8.40,2.00,SLOW,4417.17,4417.42,4415.65,4416.07,0.00,0.00,0.0,BULLISH,177.0,4415.37,4416.00,4413.98,4413.98,52,CLEARED_>=20s,202.0,139.0,63.0,0.0,31.2,0.0,31.2,BLOCKED_31.2%,0.00,0.0,NO,STANDBY_VEL_LOW,0,0.00,4590.00,68.56,FALSE,M1_DIRECTION_MISMATCH
2026-09-07 15:02:52.999,1788793373.000,3785,106,333,4414.10,4414.18,8.0,PASS_<=10c,+12.0,UP,-127.0,-307.0,4.2,+5.88,1.40,SLOW,4417.17,4417.42,4415.65,4416.07,0.00,0.00,0.0,BULLISH,177.0,4415.37,4416.00,4413.98,4414.10,52,CLEARED_>=20s,202.0,127.0,63.0,12.0,31.2,5.9,31.2,BLOCKED_31.2%,0.00,0.0,NO,STANDBY_VEL_LOW,0,0.00,4590.00,68.56,FALSE,M1_DIRECTION_MISMATCH
2026-09-07 15:02:53.501,1788793373.501,3786,107,334,4414.03,4414.11,8.0,PASS_<=10c,-7.0,DOWN,-134.0,-314.0,4.2,+6.30,1.50,SLOW,4417.17,4417.42,4415.65,4416.07,0.00,0.00,0.0,BULLISH,177.0,4415.37,4416.00,4413.98,4414.03,53,CLEARED_>=20s,202.0,134.0,63.0,5.0,31.2,2.5,31.2,BLOCKED_31.2%,0.00,0.0,NO,STANDBY_VEL_LOW,0,0.00,4590.00,68.56,FALSE,M1_DIRECTION_MISMATCH
2026-09-07 15:02:54.003,1788793374.003,3787,108,335,4414.01,4414.09,8.0,PASS_<=10c,-2.0,DOWN,-136.0,-316.0,4.2,+6.30,1.50,SLOW,4417.17,4417.42,4415.65,4416.07,0.00,0.00,0.0,BULLISH,177.0,4415.37,4416.00,4413.98,4414.01,54,CLEARED_>=20s,202.0,136.0,63.0,3.0,31.2,1.5,31.2,BLOCKED_31.2%,0.00,0.0,NO,STANDBY_VEL_LOW,0,0.00,4590.00,68.56,FALSE,M1_DIRECTION_MISMATCH
2026-09-07 15:02:54.504,1788793374.504,3788,109,336,4414.01,4414.09,8.0,PASS_<=10c,+0.0,FLAT,-136.0,-316.0,4.2,+6.09,1.45,SLOW,4417.17,4417.42,4415.65,4416.07,0.00,0.00,0.0,BULLISH,177.0,4415.37,4416.00,4413.98,4414.01,54,CLEARED_>=20s,202.0,136.0,63.0,3.0,31.2,1.5,31.2,BLOCKED_31.2%,0.00,0.0,NO,STANDBY_VEL_LOW,0,0.00,4590.00,68.56,FALSE,M1_DIRECTION_MISMATCH
2026-09-07 15:02:55.006,1788793375.006,3789,110,337,4413.99,4414.07,8.0,PASS_<=10c,-2.0,DOWN,-138.0,-318.0,4.2,+6.51,1.55,SLOW,4417.17,4417.42,4415.65,4416.07,0.00,0.00,0.0,BULLISH,177.0,4415.37,4416.00,4413.98,4413.99,55,CLEARED_>=20s,202.0,138.0,63.0,1.0,31.2,0.5,31.2,BLOCKED_31.2%,0.00,0.0,NO,STANDBY_VEL_LOW,0,0.00,4590.00,68.56,FALSE,M1_DIRECTION_MISMATCH
2026-09-07 15:02:55.507,1788793375.508,3790,111,338,4413.96,4414.04,8.0,PASS_<=10c,-3.0,DOWN,-141.0,-321.0,4.2,+6.51,1.55,SLOW,4417.17,4417.42,4415.65,4416.07,0.00,0.00,0.0,BULLISH,177.0,4415.37,4416.00,4413.95,4413.96,55,CLEARED_>=20s,205.0,141.0,63.0,1.0,30.7,0.5,30.7,BLOCKED_30.7%,0.00,0.0,NO,STANDBY_VEL_LOW,0,0.00,4590.00,68.56,FALSE,M1_DIRECTION_MISMATCH
2026-09-07 15:02:56.008,1788793376.009,3791,112,339,4413.93,4414.01,8.0,PASS_<=10c,-3.0,DOWN,-144.0,-324.0,4.2,+6.93,1.65,SLOW,4417.17,4417.42,4415.65,4416.07,0.00,0.00,0.0,BULLISH,177.0,4415.37,4416.00,4413.93,4413.93,56,CLEARED_>=20s,207.0,144.0,63.0,0.0,30.4,0.0,30.4,BLOCKED_30.4%,0.00,0.0,NO,STANDBY_VEL_LOW,0,0.00,4590.00,68.56,FALSE,M1_DIRECTION_MISMATCH
2026-09-07 15:02:56.510,1788793376.511,3792,113,340,4413.92,4414.00,8.0,PASS_<=10c,-1.0,DOWN,-145.0,-325.0,4.2,+5.25,1.25,SLOW,4417.17,4417.42,4415.65,4416.07,0.00,0.00,0.0,BULLISH,177.0,4415.37,4416.00,4413.92,4413.92,56,CLEARED_>=20s,208.0,145.0,63.0,0.0,30.3,0.0,30.3,BLOCKED_30.3%,0.00,0.0,NO,STANDBY_VEL_LOW,0,0.00,4590.00,68.56,FALSE,M1_DIRECTION_MISMATCH
2026-09-07 15:02:57.012,1788793377.012,3793,114,341,4413.97,4414.05,8.0,PASS_<=10c,+5.0,UP,-140.0,-320.0,4.2,+0.84,0.20,SLOW,4417.17,4417.42,4415.65,4416.07,0.00,0.00,0.0,BULLISH,177.0,4415.37,4416.00,4413.92,4413.97,57,CLEARED_>=20s,208.0,140.0,63.0,5.0,30.3,2.4,30.3,BLOCKED_30.3%,0.00,0.0,NO,STANDBY_VEL_LOW,0,0.00,4590.00,68.56,FALSE,M1_DIRECTION_MISMATCH
2026-09-07 15:02:57.513,1788793377.514,3794,115,342,4413.96,4414.04,8.0,PASS_<=10c,-1.0,DOWN,-141.0,-321.0,4.2,+0.42,0.10,SLOW,4417.17,4417.42,4415.65,4416.07,0.00,0.00,0.0,BULLISH,177.0,4415.37,4416.00,4413.92,4413.96,57,CLEARED_>=20s,208.0,141.0,63.0,4.0,30.3,1.9,30.3,BLOCKED_30.3%,0.00,0.0,NO,STANDBY_VEL_LOW,0,0.00,4590.00,68.56,FALSE,M1_DIRECTION_MISMATCH
2026-09-07 15:02:58.014,1788793378.015,3795,116,343,4413.89,4413.97,8.0,PASS_<=10c,-7.0,DOWN,-148.0,-328.0,4.2,+3.36,0.80,SLOW,4417.17,4417.42,4415.65,4416.07,0.00,0.00,0.0,BULLISH,177.0,4415.37,4416.00,4413.89,4413.89,58,CLEARED_>=20s,211.0,148.0,63.0,0.0,29.9,0.0,29.9,BLOCKED_29.9%,0.00,0.0,NO,STANDBY_VEL_LOW,0,0.00,4590.00,68.56,FALSE,M1_DIRECTION_MISMATCH
2026-09-07 15:02:58.516,1788793378.516,3796,117,344,4413.87,4413.95,8.0,PASS_<=10c,-2.0,DOWN,-150.0,-330.0,4.2,+3.15,0.75,SLOW,4417.17,4417.42,4415.65,4416.07,0.00,0.00,0.0,BULLISH,177.0,4415.37,4416.00,4413.87,4413.87,58,CLEARED_>=20s,213.0,150.0,63.0,0.0,29.6,0.0,29.6,BLOCKED_29.6%,0.00,0.0,NO,STANDBY_VEL_LOW,0,0.00,4590.00,68.56,FALSE,M1_DIRECTION_MISMATCH
2026-09-07 15:02:59.017,1788793379.017,3797,118,345,4413.85,4413.93,8.0,PASS_<=10c,-2.0,DOWN,-152.0,-332.0,4.2,+3.36,0.80,SLOW,4417.17,4417.42,4415.65,4416.07,0.00,0.00,0.0,BULLISH,177.0,4415.37,4416.00,4413.85,4413.85,59,CLEARED_>=20s,215.0,152.0,63.0,0.0,29.3,0.0,29.3,BLOCKED_29.3%,0.00,0.0,NO,STANDBY_VEL_LOW,0,0.00,4590.00,68.56,FALSE,M1_DIRECTION_MISMATCH
2026-09-07 15:02:59.518,1788793379.519,3798,119,346,4413.86,4413.94,8.0,PASS_<=10c,+1.0,UP,-151.0,-331.0,4.2,+2.73,0.65,SLOW,4417.17,4417.42,4415.65,4416.07,0.00,0.00,0.0,BULLISH,177.0,4415.37,4416.00,4413.85,4413.86,59,CLEARED_>=20s,215.0,151.0,63.0,1.0,29.3,0.5,29.3,BLOCKED_29.3%,0.00,0.0,NO,STANDBY_VEL_LOW,0,0.00,4590.00,68.56,FALSE,M1_DIRECTION_MISMATCH
2026-09-07 15:03:00.020,1788793380.020,3799,1,347,4413.88,4413.96,8.0,PASS_<=10c,+2.0,UP,+0.0,-329.0,4.2,+1.47,0.35,SLOW,4417.17,4417.42,4415.65,4416.07,0.00,0.00,0.0,BULLISH,177.0,4413.88,4413.88,4413.88,4413.88,0,ACTIVE_0s,1.0,0.0,0.0,0.0,0.0,0.0,0.0,PASS_<20%,0.00,0.0,NO,STANDBY_VEL_LOW,0,0.00,4590.00,68.56,FALSE,M1_DIRECTION_MISMATCH|OPENING_SHIELD_ACTIVE_0s
2026-09-07 15:03:00.521,1788793380.522,3800,2,348,4413.88,4413.96,8.0,PASS_<=10c,+0.0,FLAT,+0.0,-329.0,4.2,+1.05,0.25,SLOW,4417.17,4417.42,4415.65,4416.07,0.00,0.00,0.0,BULLISH,177.0,4413.88,4413.88,4413.88,4413.88,0,ACTIVE_0s,1.0,0.0,0.0,0.0,0.0,0.0,0.0,PASS_<20%,0.00,0.0,NO,STANDBY_VEL_LOW,0,0.00,4590.00,68.56,FALSE,M1_DIRECTION_MISMATCH|OPENING_SHIELD_ACTIVE_0s
2026-09-07 15:03:01.023,1788793381.023,3801,3,349,4413.86,4413.94,8.0,PASS_<=10c,-2.0,DOWN,-2.0,-331.0,4.2,+1.26,0.30,SLOW,4417.17,4417.42,4415.65,4416.07,0.00,0.00,0.0,BULLISH,177.0,4413.88,4413.88,4413.86,4413.86,1,ACTIVE_1s,2.0,2.0,0.0,0.0,0.0,0.0,0.0,PASS_<20%,0.00,0.0,NO,STANDBY_VEL_LOW,0,0.00,4590.00,68.56,FALSE,M1_DIRECTION_MISMATCH|OPENING_SHIELD_ACTIVE_1s
2026-09-07 15:03:01.525,1788793381.526,3802,4,350,4413.86,4413.94,8.0,PASS_<=10c,+0.0,FLAT,-2.0,-331.0,4.2,+1.26,0.30,SLOW,4417.17,4417.42,4415.65,4416.07,0.00,0.00,0.0,BULLISH,177.0,4413.88,4413.88,4413.86,4413.86,1,ACTIVE_1s,2.0,2.0,0.0,0.0,0.0,0.0,0.0,PASS_<20%,0.00,0.0,NO,STANDBY_VEL_LOW,0,0.00,4590.00,68.56,FALSE,M1_DIRECTION_MISMATCH|OPENING_SHIELD_ACTIVE_1s
2026-09-07 15:03:02.026,1788793382.026,3803,5,351,4414.06,4414.14,8.0,PASS_<=10c,+20.0,UP,+18.0,-311.0,4.2,+1.89,0.45,SLOW,4417.17,4417.42,4415.65,4416.07,0.00,0.00,0.0,BULLISH,177.0,4413.88,4414.06,4413.86,4414.06,2,ACTIVE_2s,20.0,18.0,0.0,2.0,0.0,10.0,0.0,PASS_<20%,4414.03,3.0,NO,STANDBY_VEL_LOW,0,0.00,4590.00,68.56,FALSE,OPENING_SHIELD_ACTIVE_2s
2026-09-07 15:03:02.528,1788793382.528,3804,6,352,4413.81,4413.89,8.0,PASS_<=10c,-25.0,DOWN,-7.0,-336.0,4.2,+3.15,0.75,SLOW,4417.17,4417.42,4415.65,4416.07,0.00,0.00,0.0,BULLISH,177.0,4413.88,4414.06,4413.81,4413.81,2,ACTIVE_2s,25.0,7.0,18.0,0.0,72.0,0.0,72.0,BLOCKED_72.0%,0.00,0.0,NO,STANDBY_VEL_LOW,0,0.00,4590.00,68.56,FALSE,M1_DIRECTION_MISMATCH|OPENING_SHIELD_ACTIVE_2s
2026-09-07 15:03:03.029,1788793383.029,3805,7,353,4413.79,4413.87,8.0,PASS_<=10c,-2.0,DOWN,-9.0,-338.0,4.2,+1.68,0.40,SLOW,4417.17,4417.42,4415.65,4416.07,0.00,0.00,0.0,BULLISH,177.0,4413.88,4414.06,4413.79,4413.79,3,ACTIVE_3s,27.0,9.0,18.0,0.0,66.7,0.0,66.7,BLOCKED_66.7%,0.00,0.0,NO,STANDBY_VEL_LOW,0,0.00,4590.00,68.56,FALSE,M1_DIRECTION_MISMATCH|OPENING_SHIELD_ACTIVE_3s
2026-09-07 15:03:03.530,1788793383.531,3806,8,354,4413.78,4413.86,8.0,PASS_<=10c,-1.0,DOWN,-10.0,-339.0,4.2,+1.68,0.40,SLOW,4417.17,4417.42,4415.65,4416.07,0.00,0.00,0.0,BULLISH,177.0,4413.88,4414.06,4413.78,4413.78,3,ACTIVE_3s,28.0,10.0,18.0,0.0,64.3,0.0,64.3,BLOCKED_64.3%,0.00,0.0,NO,STANDBY_VEL_LOW,0,0.00,4590.00,68.56,FALSE,M1_DIRECTION_MISMATCH|OPENING_SHIELD_ACTIVE_3s
2026-09-07 15:03:04.032,1788793384.032,3807,9,355,4413.89,4413.97,8.0,PASS_<=10c,+11.0,UP,+1.0,-328.0,4.2,+0.84,0.20,SLOW,4417.17,4417.42,4415.65,4416.07,0.00,0.00,0.0,BULLISH,177.0,4413.88,4414.06,4413.78,4413.89,4,ACTIVE_4s,28.0,1.0,17.0,10.0,60.7,35.7,60.7,BLOCKED_60.7%,4414.03,14.0,NO,STANDBY_VEL_LOW,0,0.00,4590.00,68.56,FALSE,OPP_WICK_TOO_HIGH_0.61|OPENING_SHIELD_ACTIVE_4s|PRICE_BELOW_15C_DISPLACEMENT
2026-09-07 15:03:04.535,1788793384.535,3808,10,356,4413.80,4413.88,8.0,PASS_<=10c,-9.0,DOWN,-8.0,-337.0,4.2,+1.26,0.30,SLOW,4417.17,4417.42,4415.65,4416.07,0.00,0.00,0.0,BULLISH,177.0,4413.88,4414.06,4413.78,4413.80,4,ACTIVE_4s,28.0,8.0,18.0,2.0,64.3,7.1,64.3,BLOCKED_64.3%,0.00,0.0,NO,STANDBY_VEL_LOW,0,0.00,4590.00,68.56,FALSE,M1_DIRECTION_MISMATCH|OPENING_SHIELD_ACTIVE_4s
2026-09-07 15:03:05.035,1788793385.036,3809,11,357,4413.73,4413.81,8.0,PASS_<=10c,-7.0,DOWN,-15.0,-344.0,4.2,+3.15,0.75,SLOW,4417.17,4417.42,4415.65,4416.07,0.00,0.00,0.0,BULLISH,177.0,4413.88,4414.06,4413.72,4413.73,5,ACTIVE_5s,34.0,15.0,18.0,1.0,52.9,2.9,52.9,BLOCKED_52.9%,0.00,0.0,NO,STANDBY_VEL_LOW,0,0.00,4590.00,68.56,FALSE,M1_DIRECTION_MISMATCH|OPENING_SHIELD_ACTIVE_5s
2026-09-07 15:03:05.538,1788793385.539,3810,12,358,4413.77,4413.85,8.0,PASS_<=10c,+4.0,UP,-11.0,-340.0,4.2,+1.89,0.45,SLOW,4417.17,4417.42,4415.65,4416.07,0.00,0.00,0.0,BULLISH,177.0,4413.88,4414.06,4413.72,4413.77,5,ACTIVE_5s,34.0,11.0,18.0,5.0,52.9,14.7,52.9,BLOCKED_52.9%,0.00,0.0,NO,STANDBY_VEL_LOW,0,0.00,4590.00,68.56,FALSE,M1_DIRECTION_MISMATCH|OPENING_SHIELD_ACTIVE_5s
2026-09-07 15:03:06.037,1788793386.037,3811,13,359,4413.77,4413.85,8.0,PASS_<=10c,+0.0,FLAT,-11.0,-340.0,4.2,+1.89,0.45,SLOW,4417.17,4417.42,4415.65,4416.07,0.00,0.00,0.0,BULLISH,177.0,4413.88,4414.06,4413.72,4413.77,6,ACTIVE_6s,34.0,11.0,18.0,5.0,52.9,14.7,52.9,BLOCKED_52.9%,0.00,0.0,NO,STANDBY_VEL_LOW,0,0.00,4590.00,68.56,FALSE,M1_DIRECTION_MISMATCH|OPENING_SHIELD_ACTIVE_6s
2026-09-07 15:03:06.539,1788793386.540,3812,14,360,4413.77,4413.85,8.0,PASS_<=10c,+0.0,FLAT,-11.0,-340.0,4.2,+2.31,0.55,SLOW,4417.17,4417.42,4415.65,4416.07,0.00,0.00,0.0,BULLISH,177.0,4413.88,4414.06,4413.72,4413.77,6,ACTIVE_6s,34.0,11.0,18.0,5.0,52.9,14.7,52.9,BLOCKED_52.9%,0.00,0.0,NO,STANDBY_VEL_LOW,0,0.00,4590.00,68.56,FALSE,M1_DIRECTION_MISMATCH|OPENING_SHIELD_ACTIVE_6s
2026-09-07 15:03:07.041,1788793387.041,3813,15,361,4413.79,4413.87,8.0,PASS_<=10c,+2.0,UP,-9.0,-338.0,4.2,+3.36,0.80,SLOW,4417.17,4417.42,4415.65,4416.07,0.00,0.00,0.0,BULLISH,177.0,4413.88,4414.06,4413.72,4413.79,7,ACTIVE_7s,34.0,9.0,18.0,7.0,52.9,20.6,52.9,BLOCKED_52.9%,0.00,0.0,NO,STANDBY_VEL_LOW,0,0.00,4590.00,68.56,FALSE,M1_DIRECTION_MISMATCH|OPENING_SHIELD_ACTIVE_7s
2026-09-07 15:03:07.543,1788793387.544,3814,16,362,4413.79,4413.87,8.0,PASS_<=10c,+0.0,FLAT,-9.0,-338.0,4.2,+0.42,0.10,SLOW,4417.17,4417.42,4415.65,4416.07,0.00,0.00,0.0,BULLISH,177.0,4413.88,4414.06,4413.72,4413.79,7,ACTIVE_7s,34.0,9.0,18.0,7.0,52.9,20.6,52.9,BLOCKED_52.9%,0.00,0.0,NO,STANDBY_VEL_LOW,0,0.00,4590.00,68.56,FALSE,M1_DIRECTION_MISMATCH|OPENING_SHIELD_ACTIVE_7s
2026-09-07 15:03:08.044,1788793388.045,3815,17,363,4413.77,4413.85,8.0,PASS_<=10c,-2.0,DOWN,-11.0,-340.0,4.2,+0.63,0.15,SLOW,4417.17,4417.42,4415.65,4416.07,0.00,0.00,0.0,BULLISH,177.0,4413.88,4414.06,4413.72,4413.77,8,ACTIVE_8s,34.0,11.0,18.0,5.0,52.9,14.7,52.9,BLOCKED_52.9%,0.00,0.0,NO,STANDBY_VEL_LOW,0,0.00,4590.00,68.56,FALSE,M1_DIRECTION_MISMATCH|OPENING_SHIELD_ACTIVE_8s
2026-09-07 15:03:08.546,1788793388.546,3816,18,364,4413.77,4413.85,8.0,PASS_<=10c,+0.0,FLAT,-11.0,-340.0,4.2,+2.52,0.60,SLOW,4417.17,4417.42,4415.65,4416.07,0.00,0.00,0.0,BULLISH,177.0,4413.88,4414.06,4413.72,4413.77,8,ACTIVE_8s,34.0,11.0,18.0,5.0,52.9,14.7,52.9,BLOCKED_52.9%,0.00,0.0,NO,STANDBY_VEL_LOW,0,0.00,4590.00,68.56,FALSE,M1_DIRECTION_MISMATCH|OPENING_SHIELD_ACTIVE_8s
2026-09-07 15:03:09.048,1788793389.049,3817,19,365,4413.78,4413.86,8.0,PASS_<=10c,+1.0,UP,-10.0,-339.0,4.2,+0.84,0.20,SLOW,4417.17,4417.42,4415.65,4416.07,0.00,0.00,0.0,BULLISH,177.0,4413.88,4414.06,4413.72,4413.78,9,ACTIVE_9s,34.0,10.0,18.0,6.0,52.9,17.6,52.9,BLOCKED_52.9%,0.00,0.0,NO,STANDBY_VEL_LOW,0,0.00,4590.00,68.56,FALSE,M1_DIRECTION_MISMATCH|OPENING_SHIELD_ACTIVE_9s
2026-09-07 15:03:09.550,1788793389.551,3818,20,366,4413.72,4413.80,8.0,PASS_<=10c,-6.0,DOWN,-16.0,-345.0,4.2,+0.00,0.00,SLOW,4417.17,4417.42,4415.65,4416.07,0.00,0.00,0.0,BULLISH,177.0,4413.88,4414.06,4413.72,4413.72,9,ACTIVE_9s,34.0,16.0,18.0,0.0,52.9,0.0,52.9,BLOCKED_52.9%,0.00,0.0,NO,STANDBY_VEL_LOW,0,0.00,4590.00,68.56,FALSE,M1_DIRECTION_MISMATCH|OPENING_SHIELD_ACTIVE_9s
2026-09-07 15:03:10.050,1788793390.051,3819,21,367,4413.71,4413.79,8.0,PASS_<=10c,-1.0,DOWN,-17.0,-346.0,4.2,+1.26,0.30,SLOW,4417.17,4417.42,4415.65,4416.07,0.00,0.00,0.0,BULLISH,177.0,4413.88,4414.06,4413.68,4413.71,10,ACTIVE_10s,38.0,17.0,18.0,3.0,47.4,7.9,47.4,BLOCKED_47.4%,0.00,0.0,NO,STANDBY_VEL_LOW,0,0.00,4590.00,68.56,FALSE,M1_DIRECTION_MISMATCH|OPENING_SHIELD_ACTIVE_10s
2026-09-07 15:03:10.552,1788793390.552,3820,22,368,4413.78,4413.86,8.0,PASS_<=10c,+7.0,UP,-10.0,-339.0,4.2,+0.21,0.05,SLOW,4417.17,4417.42,4415.65,4416.07,0.00,0.00,0.0,BULLISH,177.0,4413.88,4414.06,4413.68,4413.78,10,ACTIVE_10s,38.0,10.0,18.0,10.0,47.4,26.3,47.4,BLOCKED_47.4%,0.00,0.0,NO,STANDBY_VEL_LOW,0,0.00,4590.00,68.56,FALSE,M1_DIRECTION_MISMATCH|OPENING_SHIELD_ACTIVE_10s
2026-09-07 15:03:11.054,1788793391.055,3821,23,369,4413.72,4413.80,8.0,PASS_<=10c,-6.0,DOWN,-16.0,-345.0,4.2,+1.05,0.25,SLOW,4417.17,4417.42,4415.65,4416.07,0.00,0.00,0.0,BULLISH,177.0,4413.88,4414.06,4413.68,4413.72,11,ACTIVE_11s,38.0,16.0,18.0,4.0,47.4,10.5,47.4,BLOCKED_47.4%,0.00,0.0,NO,STANDBY_VEL_LOW,0,0.00,4590.00,68.56,FALSE,M1_DIRECTION_MISMATCH|OPENING_SHIELD_ACTIVE_11s
2026-09-07 15:03:11.556,1788793391.557,3822,24,370,4413.61,4413.69,8.0,PASS_<=10c,-11.0,DOWN,-27.0,-356.0,4.2,+3.36,0.80,SLOW,4417.17,4417.42,4415.65,4416.07,0.00,0.00,0.0,BULLISH,177.0,4413.88,4414.06,4413.61,4413.61,11,ACTIVE_11s,45.0,27.0,18.0,0.0,40.0,0.0,40.0,BLOCKED_40.0%,0.00,0.0,NO,STANDBY_VEL_LOW,0,0.00,4590.00,68.56,FALSE,M1_DIRECTION_MISMATCH|OPENING_SHIELD_ACTIVE_11s
2026-09-07 15:03:12.058,1788793392.059,3823,25,371,4413.61,4413.69,8.0,PASS_<=10c,+0.0,FLAT,-27.0,-356.0,4.2,+3.78,0.90,SLOW,4417.17,4417.42,4415.65,4416.07,0.00,0.00,0.0,BULLISH,177.0,4413.88,4414.06,4413.61,4413.61,12,ACTIVE_12s,45.0,27.0,18.0,0.0,40.0,0.0,40.0,BLOCKED_40.0%,0.00,0.0,NO,STANDBY_VEL_LOW,0,0.00,4590.00,68.56,FALSE,M1_DIRECTION_MISMATCH|OPENING_SHIELD_ACTIVE_12s
2026-09-07 15:03:12.560,1788793392.560,3824,26,372,4413.53,4413.61,8.0,PASS_<=10c,-8.0,DOWN,-35.0,-364.0,4.2,+5.46,1.30,SLOW,4417.17,4417.42,4415.65,4416.07,0.00,0.00,0.0,BULLISH,177.0,4413.88,4414.06,4413.53,4413.53,12,ACTIVE_12s,53.0,35.0,18.0,0.0,34.0,0.0,34.0,BLOCKED_34.0%,0.00,0.0,NO,STANDBY_VEL_LOW,0,0.00,4590.00,68.56,FALSE,M1_DIRECTION_MISMATCH|OPENING_SHIELD_ACTIVE_12s
2026-09-07 15:03:13.061,1788793393.061,3825,27,373,4413.45,4413.53,8.0,PASS_<=10c,-8.0,DOWN,-43.0,-372.0,4.2,+6.71,1.60,SLOW,4417.17,4417.42,4415.65,4416.07,0.00,0.00,0.0,BULLISH,177.0,4413.88,4414.06,4413.45,4413.45,13,ACTIVE_13s,61.0,43.0,18.0,0.0,29.5,0.0,29.5,BLOCKED_29.5%,0.00,0.0,NO,STANDBY_VEL_LOW,0,0.00,4590.00,68.56,FALSE,M1_DIRECTION_MISMATCH|OPENING_SHIELD_ACTIVE_13s
2026-09-07 15:03:13.562,1788793393.562,3826,28,374,4413.43,4413.51,8.0,PASS_<=10c,-2.0,DOWN,-45.0,-374.0,4.2,+7.56,1.80,SLOW,4417.17,4417.42,4415.65,4416.07,0.00,0.00,0.0,BULLISH,177.0,4413.88,4414.06,4413.43,4413.43,13,ACTIVE_13s,63.0,45.0,18.0,0.0,28.6,0.0,28.6,BLOCKED_28.6%,0.00,0.0,NO,STANDBY_VEL_LOW,0,0.00,4590.00,68.56,FALSE,M1_DIRECTION_MISMATCH|OPENING_SHIELD_ACTIVE_13s
2026-09-07 15:03:14.064,1788793394.064,3827,29,375,4413.34,4413.42,8.0,PASS_<=10c,-9.0,DOWN,-54.0,-383.0,4.2,+8.60,2.05,SLOW,4417.17,4417.42,4415.65,4416.07,0.00,0.00,0.0,BULLISH,177.0,4413.88,4414.06,4413.34,4413.34,14,ACTIVE_14s,72.0,54.0,18.0,0.0,25.0,0.0,25.0,BLOCKED_25.0%,0.00,0.0,NO,STANDBY_VEL_LOW,0,0.00,4590.00,68.56,FALSE,M1_DIRECTION_MISMATCH|OPENING_SHIELD_ACTIVE_14s
2026-09-07 15:03:14.567,1788793394.568,3828,30,376,4413.34,4413.42,8.0,PASS_<=10c,+0.0,FLAT,-54.0,-383.0,4.2,+7.13,1.70,SLOW,4417.17,4417.42,4415.65,4416.07,0.00,0.00,0.0,BULLISH,177.0,4413.88,4414.06,4413.34,4413.34,14,ACTIVE_14s,72.0,54.0,18.0,0.0,25.0,0.0,25.0,BLOCKED_25.0%,0.00,0.0,NO,STANDBY_VEL_LOW,0,0.00,4590.00,68.56,FALSE,M1_DIRECTION_MISMATCH|OPENING_SHIELD_ACTIVE_14s
2026-09-07 15:03:15.069,1788793395.069,3829,31,377,4413.36,4413.44,8.0,PASS_<=10c,+2.0,UP,-52.0,-381.0,4.2,+8.60,2.05,SLOW,4417.17,4417.42,4415.65,4416.07,0.00,0.00,0.0,BULLISH,177.0,4413.88,4414.06,4413.34,4413.36,15,ACTIVE_15s,72.0,52.0,18.0,2.0,25.0,2.8,25.0,BLOCKED_25.0%,0.00,0.0,NO,STANDBY_VEL_LOW,0,0.00,4590.00,68.56,FALSE,M1_DIRECTION_MISMATCH|OPENING_SHIELD_ACTIVE_15s
2026-09-07 15:03:15.569,1788793395.570,3830,32,378,4413.41,4413.49,8.0,PASS_<=10c,+5.0,UP,-47.0,-376.0,4.2,+6.71,1.60,SLOW,4417.17,4417.42,4415.65,4416.07,0.00,0.00,0.0,BULLISH,177.0,4413.88,4414.06,4413.34,4413.41,15,ACTIVE_15s,72.0,47.0,18.0,7.0,25.0,9.7,25.0,BLOCKED_25.0%,0.00,0.0,NO,STANDBY_VEL_LOW,0,0.00,4590.00,68.56,FALSE,M1_DIRECTION_MISMATCH|OPENING_SHIELD_ACTIVE_15s
2026-09-07 15:03:16.071,1788793396.072,3831,33,379,4413.41,4413.49,8.0,PASS_<=10c,+0.0,FLAT,-47.0,-376.0,4.2,+5.04,1.20,SLOW,4417.17,4417.42,4415.65,4416.07,0.00,0.00,0.0,BULLISH,177.0,4413.88,4414.06,4413.34,4413.41,16,ACTIVE_16s,72.0,47.0,18.0,7.0,25.0,9.7,25.0,BLOCKED_25.0%,0.00,0.0,NO,STANDBY_VEL_LOW,0,0.00,4590.00,68.56,FALSE,M1_DIRECTION_MISMATCH|OPENING_SHIELD_ACTIVE_16s
2026-09-07 15:03:16.574,1788793396.574,3832,34,380,4413.42,4413.50,8.0,PASS_<=10c,+1.0,UP,-46.0,-375.0,4.2,+3.99,0.95,SLOW,4417.17,4417.42,4415.65,4416.07,0.00,0.00,0.0,BULLISH,177.0,4413.88,4414.06,4413.34,4413.42,16,ACTIVE_16s,72.0,46.0,18.0,8.0,25.0,11.1,25.0,BLOCKED_25.0%,0.00,0.0,NO,STANDBY_VEL_LOW,0,0.00,4590.00,68.56,FALSE,M1_DIRECTION_MISMATCH|OPENING_SHIELD_ACTIVE_16s
2026-09-07 15:03:17.076,1788793397.076,3833,35,381,4414.10,4414.18,8.0,PASS_<=10c,+68.0,UP,+22.0,-307.0,4.2,+10.07,2.40,SLOW,4417.17,4417.42,4415.65,4416.07,0.00,0.00,0.0,BULLISH,177.0,4413.88,4414.13,4413.34,4414.10,17,ACTIVE_17s,79.0,22.0,3.0,54.0,3.8,68.4,3.8,PASS_<20%,4414.03,7.0,NO,STANDBY_VEL_LOW,0,0.00,4590.00,68.56,FALSE,OPENING_SHIELD_ACTIVE_17s
2026-09-07 15:03:17.576,1788793397.577,3834,36,382,4414.09,4414.17,8.0,PASS_<=10c,-1.0,DOWN,+21.0,-308.0,4.2,+12.59,3.00,SLOW,4417.17,4417.42,4415.65,4416.07,0.00,0.00,0.0,BULLISH,177.0,4413.88,4414.13,4413.34,4414.09,17,ACTIVE_17s,79.0,21.0,4.0,54.0,5.1,68.4,5.1,PASS_<20%,4414.03,6.0,NO,STANDBY_VEL_LOW,0,0.00,4590.00,68.56,FALSE,OPENING_SHIELD_ACTIVE_17s
2026-09-07 15:03:18.078,1788793398.078,3835,37,383,4414.04,4414.12,8.0,PASS_<=10c,-5.0,DOWN,+16.0,-313.0,4.2,+12.17,2.90,SLOW,4417.17,4417.42,4415.65,4416.07,0.00,0.00,0.0,BULLISH,177.0,4413.88,4414.13,4413.34,4414.04,18,ACTIVE_18s,79.0,16.0,9.0,54.0,11.4,68.4,11.4,PASS_<20%,4414.03,1.0,NO,STANDBY_VEL_LOW,0,0.00,4590.00,68.56,FALSE,OPENING_SHIELD_ACTIVE_18s
2026-09-07 15:03:18.581,1788793398.581,3836,38,384,4413.94,4414.02,8.0,PASS_<=10c,-10.0,DOWN,+6.0,-323.0,4.2,+11.12,2.65,SLOW,4417.17,4417.42,4415.65,4416.07,0.00,0.00,0.0,BULLISH,177.0,4413.88,4414.13,4413.34,4413.94,18,ACTIVE_18s,79.0,6.0,19.0,54.0,24.1,68.4,24.1,BLOCKED_24.1%,4414.03,9.0,NO,STANDBY_VEL_LOW,0,0.00,4590.00,68.56,FALSE,OPP_WICK_TOO_HIGH_0.24|OPENING_SHIELD_ACTIVE_18s|PRICE_BELOW_15C_DISPLACEMENT
2026-09-07 15:03:19.081,1788793399.081,3837,39,385,4413.90,4413.98,8.0,PASS_<=10c,-4.0,DOWN,+2.0,-327.0,4.2,+11.75,2.80,SLOW,4417.17,4417.42,4415.65,4416.07,0.00,0.00,0.0,BULLISH,177.0,4413.88,4414.13,4413.34,4413.90,19,ACTIVE_19s,79.0,2.0,23.0,54.0,29.1,68.4,29.1,BLOCKED_29.1%,4414.03,13.0,NO,STANDBY_VEL_LOW,0,0.00,4590.00,68.56,FALSE,OPP_WICK_TOO_HIGH_0.29|OPENING_SHIELD_ACTIVE_19s|PRICE_BELOW_15C_DISPLACEMENT
2026-09-07 15:03:19.583,1788793399.584,3838,40,386,4413.94,4414.02,8.0,PASS_<=10c,+4.0,UP,+6.0,-323.0,4.2,+12.59,3.00,SLOW,4417.17,4417.42,4415.65,4416.07,0.00,0.00,0.0,BULLISH,177.0,4413.88,4414.13,4413.34,4413.94,19,ACTIVE_19s,79.0,6.0,19.0,54.0,24.1,68.4,24.1,BLOCKED_24.1%,4414.03,9.0,NO,STANDBY_VEL_LOW,0,0.00,4590.00,68.56,FALSE,OPP_WICK_TOO_HIGH_0.24|OPENING_SHIELD_ACTIVE_19s|PRICE_BELOW_15C_DISPLACEMENT
2026-09-07 15:03:20.085,1788793400.086,3839,41,387,4413.95,4414.03,8.0,PASS_<=10c,+1.0,UP,+7.0,-322.0,4.2,+11.33,2.70,SLOW,4417.17,4417.42,4415.65,4416.07,0.00,0.00,0.0,BULLISH,177.0,4413.88,4414.13,4413.34,4413.95,20,CLEARED_>=20s,79.0,7.0,18.0,54.0,22.8,68.4,22.8,BLOCKED_22.8%,4414.03,8.0,NO,STANDBY_VEL_LOW,0,0.00,4590.00,68.56,FALSE,OPP_WICK_TOO_HIGH_0.23
2026-09-07 15:03:20.588,1788793400.589,3840,42,388,4413.88,4413.96,8.0,PASS_<=10c,-7.0,DOWN,+0.0,-329.0,4.2,+9.86,2.35,SLOW,4417.17,4417.42,4415.65,4416.07,0.00,0.00,0.0,BULLISH,177.0,4413.88,4414.13,4413.34,4413.88,20,CLEARED_>=20s,79.0,0.0,25.0,54.0,31.6,68.4,31.6,BLOCKED_31.6%,0.00,0.0,NO,STANDBY_VEL_LOW,0,0.00,4590.00,68.56,FALSE,M1_DIRECTION_MISMATCH
2026-09-07 15:03:21.089,1788793401.090,3841,43,389,4413.71,4413.79,8.0,PASS_<=10c,-17.0,DOWN,-17.0,-346.0,4.2,+6.08,1.45,SLOW,4417.17,4417.42,4415.65,4416.07,0.00,0.00,0.0,BULLISH,177.0,4413.88,4414.13,4413.34,4413.71,21,CLEARED_>=20s,79.0,17.0,25.0,37.0,31.6,46.8,31.6,BLOCKED_31.6%,0.00,0.0,NO,STANDBY_VEL_LOW,0,0.00,4590.00,68.56,FALSE,M1_DIRECTION_MISMATCH
2026-09-07 15:03:21.591,1788793401.591,3842,44,390,4413.64,4413.72,8.0,PASS_<=10c,-7.0,DOWN,-24.0,-353.0,4.2,+10.28,2.45,SLOW,4417.17,4417.42,4415.65,4416.07,0.00,0.00,0.0,BULLISH,177.0,4413.88,4414.13,4413.34,4413.64,21,CLEARED_>=20s,79.0,24.0,25.0,30.0,31.6,38.0,31.6,BLOCKED_31.6%,0.00,0.0,NO,STANDBY_VEL_LOW,0,0.00,4590.00,68.56,FALSE,M1_DIRECTION_MISMATCH
2026-09-07 15:03:22.093,1788793402.093,3843,45,391,4413.61,4413.69,8.0,PASS_<=10c,-3.0,DOWN,-27.0,-356.0,4.2,+10.70,2.55,SLOW,4417.17,4417.42,4415.65,4416.07,0.00,0.00,0.0,BULLISH,177.0,4413.88,4414.13,4413.34,4413.61,22,CLEARED_>=20s,79.0,27.0,25.0,27.0,31.6,34.2,31.6,BLOCKED_31.6%,0.00,0.0,NO,STANDBY_VEL_LOW,0,0.00,4590.00,68.56,FALSE,M1_DIRECTION_MISMATCH
2026-09-07 15:03:22.594,1788793402.595,3844,46,392,4413.65,4413.73,8.0,PASS_<=10c,+4.0,UP,-23.0,-352.0,4.2,+8.18,1.95,SLOW,4417.17,4417.42,4415.65,4416.07,0.00,0.00,0.0,BULLISH,177.0,4413.88,4414.13,4413.34,4413.65,22,CLEARED_>=20s,79.0,23.0,25.0,31.0,31.6,39.2,31.6,BLOCKED_31.6%,0.00,0.0,NO,STANDBY_VEL_LOW,0,0.00,4590.00,68.56,FALSE,M1_DIRECTION_MISMATCH
2026-09-07 15:03:23.096,1788793403.097,3845,47,393,4413.67,4413.75,8.0,PASS_<=10c,+2.0,UP,-21.0,-350.0,4.2,+7.76,1.85,SLOW,4417.17,4417.42,4415.65,4416.07,0.00,0.00,0.0,BULLISH,177.0,4413.88,4414.13,4413.34,4413.67,23,CLEARED_>=20s,79.0,21.0,25.0,33.0,31.6,41.8,31.6,BLOCKED_31.6%,0.00,0.0,NO,STANDBY_VEL_LOW,0,0.00,4590.00,68.56,FALSE,M1_DIRECTION_MISMATCH
2026-09-07 15:03:23.597,1788793403.598,3846,48,394,4413.73,4413.81,8.0,PASS_<=10c,+6.0,UP,-15.0,-344.0,4.2,+3.78,0.90,SLOW,4417.17,4417.42,4415.65,4416.07,0.00,0.00,0.0,BULLISH,177.0,4413.88,4414.13,4413.34,4413.73,23,CLEARED_>=20s,79.0,15.0,25.0,39.0,31.6,49.4,31.6,BLOCKED_31.6%,0.00,0.0,NO,STANDBY_VEL_LOW,0,0.00,4590.00,68.56,FALSE,M1_DIRECTION_MISMATCH
2026-09-07 15:03:24.099,1788793404.100,3847,49,395,4413.80,4413.88,8.0,PASS_<=10c,+7.0,UP,-8.0,-337.0,4.2,+2.73,0.65,SLOW,4417.17,4417.42,4415.65,4416.07,0.00,0.00,0.0,BULLISH,177.0,4413.88,4414.13,4413.34,4413.80,24,CLEARED_>=20s,79.0,8.0,25.0,46.0,31.6,58.2,31.6,BLOCKED_31.6%,0.00,0.0,NO,STANDBY_VEL_LOW,0,0.00,4590.00,68.56,FALSE,M1_DIRECTION_MISMATCH
2026-09-07 15:03:24.601,1788793404.602,3848,50,396,4413.87,4413.95,8.0,PASS_<=10c,+7.0,UP,-1.0,-330.0,4.2,+2.94,0.70,SLOW,4417.17,4417.42,4415.65,4416.07,0.00,0.00,0.0,BULLISH,177.0,4413.88,4414.13,4413.34,4413.87,24,CLEARED_>=20s,79.0,1.0,25.0,53.0,31.6,67.1,31.6,BLOCKED_31.6%,0.00,0.0,NO,STANDBY_VEL_LOW,0,0.00,4590.00,68.56,FALSE,M1_DIRECTION_MISMATCH
2026-09-07 15:03:25.104,1788793405.105,3849,51,397,4413.98,4414.06,8.0,PASS_<=10c,+11.0,UP,+10.0,-319.0,4.2,+1.68,0.40,SLOW,4417.17,4417.42,4415.65,4416.07,0.00,0.00,0.0,BULLISH,177.0,4413.88,4414.13,4413.34,4413.98,25,CLEARED_>=20s,79.0,10.0,15.0,54.0,19.0,68.4,19.0,PASS_<20%,4414.03,5.0,YES,STANDBY_VEL_LOW,0,0.00,4590.00,68.56,TRUE,READY_TO_FIRE
2026-09-07 15:03:25.606,1788793405.606,3850,52,398,4413.98,4414.06,8.0,PASS_<=10c,+0.0,FLAT,+10.0,-319.0,4.2,+5.03,1.20,SLOW,4417.17,4417.42,4415.65,4416.07,0.00,0.00,0.0,BULLISH,177.0,4413.88,4414.13,4413.34,4413.98,25,CLEARED_>=20s,79.0,10.0,15.0,54.0,19.0,68.4,19.0,PASS_<20%,4414.03,5.0,YES,STANDBY_VEL_LOW,0,0.00,4590.00,68.56,TRUE,READY_TO_FIRE
2026-09-07 15:03:26.107,1788793406.108,3851,53,399,4414.02,4414.10,8.0,PASS_<=10c,+4.0,UP,+14.0,-315.0,4.2,+6.50,1.55,SLOW,4417.17,4417.42,4415.65,4416.07,0.00,0.00,0.0,BULLISH,177.0,4413.88,4414.13,4413.34,4414.02,26,CLEARED_>=20s,79.0,14.0,11.0,54.0,13.9,68.4,13.9,PASS_<20%,4414.03,1.0,YES,STANDBY_VEL_LOW,0,0.00,4590.00,68.56,TRUE,READY_TO_FIRE
2026-09-07 15:03:26.608,1788793406.609,3852,54,400,4414.02,4414.10,8.0,PASS_<=10c,+0.0,FLAT,+14.0,-315.0,4.2,+9.02,2.15,SLOW,4417.17,4417.42,4415.65,4416.07,0.00,0.00,0.0,BULLISH,177.0,4413.88,4414.13,4413.34,4414.02,26,CLEARED_>=20s,79.0,14.0,11.0,54.0,13.9,68.4,13.9,PASS_<20%,4414.03,1.0,YES,STANDBY_VEL_LOW,0,0.00,4590.00,68.56,TRUE,READY_TO_FIRE
2026-09-07 15:03:27.110,1788793407.110,3853,55,401,4414.03,4414.11,8.0,PASS_<=10c,+1.0,UP,+15.0,-314.0,4.2,+8.39,2.00,SLOW,4417.17,4417.42,4415.65,4416.07,0.00,0.00,0.0,BULLISH,177.0,4413.88,4414.13,4413.34,4414.03,27,CLEARED_>=20s,79.0,15.0,10.0,54.0,12.7,68.4,12.7,PASS_<20%,4414.03,0.0,YES,STANDBY_VEL_LOW,0,0.00,4590.00,68.56,TRUE,READY_TO_FIRE
2026-09-07 15:03:27.612,1788793407.612,3854,56,402,4414.20,4414.28,8.0,PASS_<=10c,+17.0,UP,+32.0,-297.0,4.2,+11.54,2.75,SLOW,4417.17,4417.42,4415.65,4416.07,0.00,0.00,0.0,BULLISH,177.0,4413.88,4414.20,4413.34,4414.20,27,CLEARED_>=20s,86.0,32.0,0.0,54.0,0.0,62.8,0.0,PASS_<20%,4414.03,17.0,YES,STANDBY_VEL_LOW,0,0.00,4590.00,68.56,TRUE,READY_TO_FIRE
2026-09-07 15:03:28.115,1788793408.115,3855,57,403,4414.39,4414.47,8.0,PASS_<=10c,+19.0,UP,+51.0,-278.0,4.2,+15.10,3.60,SLOW,4417.17,4417.42,4415.65,4416.07,0.00,0.00,0.0,BULLISH,177.0,4413.88,4414.39,4413.34,4414.39,28,CLEARED_>=20s,105.0,51.0,0.0,54.0,0.0,51.4,0.0,PASS_<20%,4414.03,36.0,YES,STANDBY_VEL_LOW,0,0.00,4590.00,68.56,TRUE,READY_TO_FIRE
2026-09-07 15:03:28.616,1788793408.616,3856,58,404,4414.40,4414.48,8.0,PASS_<=10c,+1.0,UP,+52.0,-277.0,4.2,+13.01,3.10,SLOW,4417.17,4417.42,4415.65,4416.07,0.00,0.00,0.0,BULLISH,177.0,4413.88,4414.41,4413.34,4414.40,28,CLEARED_>=20s,107.0,52.0,1.0,54.0,0.9,50.5,0.9,PASS_<20%,4414.03,37.0,YES,STANDBY_VEL_LOW,0,0.00,4590.00,68.56,TRUE,READY_TO_FIRE
2026-09-07 15:03:29.119,1788793409.119,3857,59,405,4414.45,4414.53,8.0,PASS_<=10c,+5.0,UP,+57.0,-272.0,4.2,+13.42,3.20,SLOW,4417.17,4417.42,4415.65,4416.07,0.00,0.00,0.0,BULLISH,177.0,4413.88,4414.45,4413.34,4414.45,29,CLEARED_>=20s,111.0,57.0,0.0,54.0,0.0,48.6,0.0,PASS_<20%,4414.03,42.0,YES,STANDBY_VEL_LOW,0,0.00,4590.00,68.56,TRUE,READY_TO_FIRE
2026-09-07 15:03:29.619,1788793409.620,3858,60,406,4414.40,4414.48,8.0,PASS_<=10c,-5.0,DOWN,+52.0,-277.0,4.2,+9.02,2.15,SLOW,4417.17,4417.42,4415.65,4416.07,0.00,0.00,0.0,BULLISH,177.0,4413.88,4414.48,4413.34,4414.40,29,CLEARED_>=20s,114.0,52.0,8.0,54.0,7.0,47.4,7.0,PASS_<20%,4414.03,37.0,YES,STANDBY_VEL_LOW,0,0.00,4590.00,68.56,TRUE,READY_TO_FIRE
2026-09-07 15:03:30.120,1788793410.121,3859,61,407,4414.32,4414.40,8.0,PASS_<=10c,-8.0,DOWN,+44.0,-285.0,4.2,+7.13,1.70,SLOW,4417.17,4417.42,4415.65,4416.07,0.00,0.00,0.0,BULLISH,177.0,4413.88,4414.48,4413.34,4414.32,30,CLEARED_>=20s,114.0,44.0,16.0,54.0,14.0,47.4,14.0,PASS_<20%,4414.03,29.0,YES,STANDBY_VEL_LOW,0,0.00,4590.00,68.56,TRUE,READY_TO_FIRE
2026-09-07 15:03:30.624,1788793410.625,3860,62,408,4414.36,4414.44,8.0,PASS_<=10c,+4.0,UP,+48.0,-281.0,4.2,+7.55,1.80,SLOW,4417.17,4417.42,4415.65,4416.07,0.00,0.00,0.0,BULLISH,177.0,4413.88,4414.48,4413.34,4414.36,30,CLEARED_>=20s,114.0,48.0,12.0,54.0,10.5,47.4,10.5,PASS_<20%,4414.03,33.0,YES,STANDBY_VEL_LOW,0,0.00,4590.00,68.56,TRUE,READY_TO_FIRE
2026-09-07 15:03:31.125,1788793411.125,3861,63,409,4414.37,4414.45,8.0,PASS_<=10c,+1.0,UP,+49.0,-280.0,4.2,+7.34,1.75,SLOW,4417.17,4417.42,4415.65,4416.07,0.00,0.00,0.0,BULLISH,177.0,4413.88,4414.48,4413.34,4414.37,31,CLEARED_>=20s,114.0,49.0,11.0,54.0,9.6,47.4,9.6,PASS_<20%,4414.03,34.0,YES,STANDBY_VEL_LOW,0,0.00,4590.00,68.56,TRUE,READY_TO_FIRE
2026-09-07 15:03:31.627,1788793411.627,3862,64,410,4414.25,4414.33,8.0,PASS_<=10c,-12.0,DOWN,+37.0,-292.0,4.2,+4.61,1.10,SLOW,4417.17,4417.42,4415.65,4416.07,0.00,0.00,0.0,BULLISH,177.0,4413.88,4414.48,4413.34,4414.25,31,CLEARED_>=20s,114.0,37.0,23.0,54.0,20.2,47.4,20.2,BLOCKED_20.2%,4414.03,22.0,NO,STANDBY_VEL_LOW,0,0.00,4590.00,68.56,FALSE,OPP_WICK_TOO_HIGH_0.20
2026-09-07 15:03:32.129,1788793412.129,3863,65,411,4414.17,4414.25,8.0,PASS_<=10c,-8.0,DOWN,+29.0,-300.0,4.2,+1.68,0.40,SLOW,4417.17,4417.42,4415.65,4416.07,0.00,0.00,0.0,BULLISH,177.0,4413.88,4414.48,4413.34,4414.17,32,CLEARED_>=20s,114.0,29.0,31.0,54.0,27.2,47.4,27.2,BLOCKED_27.2%,4414.03,14.0,NO,STANDBY_VEL_LOW,0,0.00,4590.00,68.56,FALSE,OPP_WICK_TOO_HIGH_0.27
2026-09-07 15:03:32.629,1788793412.630,3864,66,412,4414.07,4414.15,8.0,PASS_<=10c,-10.0,DOWN,+19.0,-310.0,4.2,+3.15,0.75,SLOW,4417.17,4417.42,4415.65,4416.07,0.00,0.00,0.0,BULLISH,177.0,4413.88,4414.48,4413.34,4414.07,32,CLEARED_>=20s,114.0,19.0,41.0,54.0,36.0,47.4,36.0,BLOCKED_36.0%,4414.03,4.0,NO,STANDBY_VEL_LOW,0,0.00,4590.00,68.56,FALSE,OPP_WICK_TOO_HIGH_0.36
2026-09-07 15:03:33.130,1788793413.131,3865,67,413,4414.05,4414.13,8.0,PASS_<=10c,-2.0,DOWN,+17.0,-312.0,4.2,+7.55,1.80,SLOW,4417.17,4417.42,4415.65,4416.07,0.00,0.00,0.0,BULLISH,177.0,4413.88,4414.48,4413.34,4414.05,33,CLEARED_>=20s,114.0,17.0,43.0,54.0,37.7,47.4,37.7,BLOCKED_37.7%,4414.03,2.0,NO,STANDBY_VEL_LOW,0,0.00,4590.00,68.56,FALSE,OPP_WICK_TOO_HIGH_0.38
2026-09-07 15:03:33.633,1788793413.633,3866,68,414,4414.20,4414.28,8.0,PASS_<=10c,+15.0,UP,+32.0,-297.0,4.2,+4.83,1.15,SLOW,4417.17,4417.42,4415.65,4416.07,0.00,0.00,0.0,BULLISH,177.0,4413.88,4414.48,4413.34,4414.20,33,CLEARED_>=20s,114.0,32.0,28.0,54.0,24.6,47.4,24.6,BLOCKED_24.6%,4414.03,17.0,NO,STANDBY_VEL_LOW,0,0.00,4590.00,68.56,FALSE,OPP_WICK_TOO_HIGH_0.25
2026-09-07 15:03:34.135,1788793414.135,3867,69,415,4414.20,4414.28,8.0,PASS_<=10c,+0.0,FLAT,+32.0,-297.0,4.2,+5.88,1.40,SLOW,4417.17,4417.42,4415.65,4416.07,0.00,0.00,0.0,BULLISH,177.0,4413.88,4414.48,4413.34,4414.20,34,CLEARED_>=20s,114.0,32.0,28.0,54.0,24.6,47.4,24.6,BLOCKED_24.6%,4414.03,17.0,NO,STANDBY_VEL_LOW,0,0.00,4590.00,68.56,FALSE,OPP_WICK_TOO_HIGH_0.25
2026-09-07 15:03:34.637,1788793414.637,3868,70,416,4414.16,4414.24,8.0,PASS_<=10c,-4.0,DOWN,+28.0,-301.0,4.2,+2.10,0.50,SLOW,4417.17,4417.42,4415.65,4416.07,0.00,0.00,0.0,BULLISH,177.0,4413.88,4414.48,4413.34,4414.16,34,CLEARED_>=20s,114.0,28.0,32.0,54.0,28.1,47.4,28.1,BLOCKED_28.1%,4414.03,13.0,NO,STANDBY_VEL_LOW,0,0.00,4590.00,68.56,FALSE,OPP_WICK_TOO_HIGH_0.28
2026-09-07 15:03:35.139,1788793415.139,3869,71,417,4414.18,4414.26,8.0,PASS_<=10c,+2.0,UP,+30.0,-299.0,4.2,+3.78,0.90,SLOW,4417.17,4417.42,4415.65,4416.07,0.00,0.00,0.0,BULLISH,177.0,4413.88,4414.48,4413.34,4414.18,35,CLEARED_>=20s,114.0,30.0,30.0,54.0,26.3,47.4,26.3,BLOCKED_26.3%,4414.03,15.0,NO,STANDBY_VEL_LOW,0,0.00,4590.00,68.56,FALSE,OPP_WICK_TOO_HIGH_0.26
2026-09-07 15:03:35.640,1788793415.641,3870,72,418,4414.20,4414.28,8.0,PASS_<=10c,+2.0,UP,+32.0,-297.0,4.2,+3.36,0.80,SLOW,4417.17,4417.42,4415.65,4416.07,0.00,0.00,0.0,BULLISH,177.0,4413.88,4414.48,4413.34,4414.20,35,CLEARED_>=20s,114.0,32.0,28.0,54.0,24.6,47.4,24.6,BLOCKED_24.6%,4414.03,17.0,NO,STANDBY_VEL_LOW,0,0.00,4590.00,68.56,FALSE,OPP_WICK_TOO_HIGH_0.25
2026-09-07 15:03:36.142,1788793416.142,3871,73,419,4414.22,4414.30,8.0,PASS_<=10c,+2.0,UP,+34.0,-295.0,4.2,+3.15,0.75,SLOW,4417.17,4417.42,4415.65,4416.07,0.00,0.00,0.0,BULLISH,177.0,4413.88,4414.48,4413.34,4414.22,36,CLEARED_>=20s,114.0,34.0,26.0,54.0,22.8,47.4,22.8,BLOCKED_22.8%,4414.03,19.0,NO,STANDBY_VEL_LOW,0,0.00,4590.00,68.56,FALSE,OPP_WICK_TOO_HIGH_0.23
2026-09-07 15:03:36.643,1788793416.643,3872,74,420,4414.22,4414.30,8.0,PASS_<=10c,+0.0,FLAT,+34.0,-295.0,4.2,+0.21,0.05,SLOW,4417.17,4417.42,4415.65,4416.07,0.00,0.00,0.0,BULLISH,177.0,4413.88,4414.48,4413.34,4414.22,36,CLEARED_>=20s,114.0,34.0,26.0,54.0,22.8,47.4,22.8,BLOCKED_22.8%,4414.03,19.0,NO,STANDBY_VEL_LOW,0,0.00,4590.00,68.56,FALSE,OPP_WICK_TOO_HIGH_0.23
2026-09-07 15:03:37.145,1788793417.145,3873,75,421,4414.25,4414.33,8.0,PASS_<=10c,+3.0,UP,+37.0,-292.0,4.2,+1.68,0.40,SLOW,4417.17,4417.42,4415.65,4416.07,0.00,0.00,0.0,BULLISH,177.0,4413.88,4414.48,4413.34,4414.25,37,CLEARED_>=20s,114.0,37.0,23.0,54.0,20.2,47.4,20.2,BLOCKED_20.2%,4414.03,22.0,NO,STANDBY_VEL_LOW,0,0.00,4590.00,68.56,FALSE,OPP_WICK_TOO_HIGH_0.20
2026-09-07 15:03:37.646,1788793417.646,3874,76,422,4414.26,4414.34,8.0,PASS_<=10c,+1.0,UP,+38.0,-291.0,4.2,+4.20,1.00,SLOW,4417.17,4417.42,4415.65,4416.07,0.00,0.00,0.0,BULLISH,177.0,4413.88,4414.48,4413.34,4414.26,37,CLEARED_>=20s,114.0,38.0,22.0,54.0,19.3,47.4,19.3,PASS_<20%,4414.03,23.0,YES,STANDBY_VEL_LOW,0,0.00,4590.00,68.56,TRUE,READY_TO_FIRE
2026-09-07 15:03:38.147,1788793418.148,3875,77,423,4414.30,4414.38,8.0,PASS_<=10c,+4.0,UP,+42.0,-287.0,4.2,+1.68,0.40,SLOW,4417.17,4417.42,4415.65,4416.07,0.00,0.00,0.0,BULLISH,177.0,4413.88,4414.48,4413.34,4414.30,38,CLEARED_>=20s,114.0,42.0,18.0,54.0,15.8,47.4,15.8,PASS_<20%,4414.03,27.0,YES,STANDBY_VEL_LOW,0,0.00,4590.00,68.56,TRUE,READY_TO_FIRE
2026-09-07 15:03:38.649,1788793418.649,3876,78,424,4414.30,4414.38,8.0,PASS_<=10c,+0.0,FLAT,+42.0,-287.0,4.2,+2.10,0.50,SLOW,4417.17,4417.42,4415.65,4416.07,0.00,0.00,0.0,BULLISH,177.0,4413.88,4414.48,4413.34,4414.30,38,CLEARED_>=20s,114.0,42.0,18.0,54.0,15.8,47.4,15.8,PASS_<20%,4414.03,27.0,YES,STANDBY_VEL_LOW,0,0.00,4590.00,68.56,TRUE,READY_TO_FIRE
2026-09-07 15:03:39.153,1788793419.153,3877,79,425,4414.16,4414.24,8.0,PASS_<=10c,-14.0,DOWN,+28.0,-301.0,4.2,+0.63,0.15,SLOW,4417.17,4417.42,4415.65,4416.07,0.00,0.00,0.0,BULLISH,177.0,4413.88,4414.48,4413.34,4414.16,39,CLEARED_>=20s,114.0,28.0,32.0,54.0,28.1,47.4,28.1,BLOCKED_28.1%,4414.03,13.0,NO,STANDBY_VEL_LOW,0,0.00,4590.00,68.56,FALSE,OPP_WICK_TOO_HIGH_0.28
2026-09-07 15:03:39.654,1788793419.654,3878,80,426,4414.21,4414.29,8.0,PASS_<=10c,+5.0,UP,+33.0,-296.0,4.2,+1.05,0.25,SLOW,4417.17,4417.42,4415.65,4416.07,0.00,0.00,0.0,BULLISH,177.0,4413.88,4414.48,4413.34,4414.21,39,CLEARED_>=20s,114.0,33.0,27.0,54.0,23.7,47.4,23.7,BLOCKED_23.7%,4414.03,18.0,NO,STANDBY_VEL_LOW,0,0.00,4590.00,68.56,FALSE,OPP_WICK_TOO_HIGH_0.24
2026-09-07 15:03:40.155,1788793420.155,3879,81,427,4414.21,4414.29,8.0,PASS_<=10c,+0.0,FLAT,+33.0,-296.0,4.2,+0.21,0.05,SLOW,4417.17,4417.42,4415.65,4416.07,0.00,0.00,0.0,BULLISH,177.0,4413.88,4414.48,4413.34,4414.21,40,CLEARED_>=20s,114.0,33.0,27.0,54.0,23.7,47.4,23.7,BLOCKED_23.7%,4414.03,18.0,NO,STANDBY_VEL_LOW,0,0.00,4590.00,68.56,FALSE,OPP_WICK_TOO_HIGH_0.24
2026-09-07 15:03:40.657,1788793420.657,3880,82,428,4414.21,4414.29,8.0,PASS_<=10c,+0.0,FLAT,+33.0,-296.0,4.2,+0.63,0.15,SLOW,4417.17,4417.42,4415.65,4416.07,0.00,0.00,0.0,BULLISH,177.0,4413.88,4414.48,4413.34,4414.21,40,CLEARED_>=20s,114.0,33.0,27.0,54.0,23.7,47.4,23.7,BLOCKED_23.7%,4414.03,18.0,NO,STANDBY_VEL_LOW,0,0.00,4590.00,68.56,FALSE,OPP_WICK_TOO_HIGH_0.24
2026-09-07 15:03:41.158,1788793421.159,3881,83,429,4414.21,4414.29,8.0,PASS_<=10c,+0.0,FLAT,+33.0,-296.0,4.2,+0.21,0.05,SLOW,4417.17,4417.42,4415.65,4416.07,0.00,0.00,0.0,BULLISH,177.0,4413.88,4414.48,4413.34,4414.21,41,CLEARED_>=20s,114.0,33.0,27.0,54.0,23.7,47.4,23.7,BLOCKED_23.7%,4414.03,18.0,NO,STANDBY_VEL_LOW,0,0.00,4590.00,68.56,FALSE,OPP_WICK_TOO_HIGH_0.24
2026-09-07 15:03:41.659,1788793421.660,3882,84,430,4414.21,4414.29,8.0,PASS_<=10c,+0.0,FLAT,+33.0,-296.0,4.2,+0.21,0.05,SLOW,4417.17,4417.42,4415.65,4416.07,0.00,0.00,0.0,BULLISH,177.0,4413.88,4414.48,4413.34,4414.21,41,CLEARED_>=20s,114.0,33.0,27.0,54.0,23.7,47.4,23.7,BLOCKED_23.7%,4414.03,18.0,NO,STANDBY_VEL_LOW,0,0.00,4590.00,68.56,FALSE,OPP_WICK_TOO_HIGH_0.24
2026-09-07 15:03:42.160,1788793422.160,3883,85,431,4414.08,4414.16,8.0,PASS_<=10c,-13.0,DOWN,+20.0,-309.0,4.2,+3.78,0.90,SLOW,4417.17,4417.42,4415.65,4416.07,0.00,0.00,0.0,BULLISH,177.0,4413.88,4414.48,4413.34,4414.08,42,CLEARED_>=20s,114.0,20.0,40.0,54.0,35.1,47.4,35.1,BLOCKED_35.1%,4414.03,5.0,NO,STANDBY_VEL_LOW,0,0.00,4590.00,68.56,FALSE,OPP_WICK_TOO_HIGH_0.35
2026-09-07 15:03:42.661,1788793422.662,3884,86,432,4414.00,4414.08,8.0,PASS_<=10c,-8.0,DOWN,+12.0,-317.0,4.2,+5.46,1.30,SLOW,4417.17,4417.42,4415.65,4416.07,0.00,0.00,0.0,BULLISH,177.0,4413.88,4414.48,4413.34,4414.00,42,CLEARED_>=20s,114.0,12.0,48.0,54.0,42.1,47.4,42.1,BLOCKED_42.1%,4414.03,3.0,NO,STANDBY_VEL_LOW,0,0.00,4590.00,68.56,FALSE,OPP_WICK_TOO_HIGH_0.42
2026-09-07 15:03:43.162,1788793423.163,3885,87,433,4414.00,4414.08,8.0,PASS_<=10c,+0.0,FLAT,+12.0,-317.0,4.2,+6.30,1.50,SLOW,4417.17,4417.42,4415.65,4416.07,0.00,0.00,0.0,BULLISH,177.0,4413.88,4414.48,4413.34,4414.00,43,CLEARED_>=20s,114.0,12.0,48.0,54.0,42.1,47.4,42.1,BLOCKED_42.1%,4414.03,3.0,NO,STANDBY_VEL_LOW,0,0.00,4590.00,68.56,FALSE,OPP_WICK_TOO_HIGH_0.42
2026-09-07 15:03:43.664,1788793423.664,3886,88,434,4414.00,4414.08,8.0,PASS_<=10c,+0.0,FLAT,+12.0,-317.0,4.2,+4.20,1.00,SLOW,4417.17,4417.42,4415.65,4416.07,0.00,0.00,0.0,BULLISH,177.0,4413.88,4414.48,4413.34,4414.00,43,CLEARED_>=20s,114.0,12.0,48.0,54.0,42.1,47.4,42.1,BLOCKED_42.1%,4414.03,3.0,NO,STANDBY_VEL_LOW,0,0.00,4590.00,68.56,FALSE,OPP_WICK_TOO_HIGH_0.42
2026-09-07 15:03:44.165,1788793424.165,3887,89,435,4414.00,4414.08,8.0,PASS_<=10c,+0.0,FLAT,+12.0,-317.0,4.2,+4.41,1.05,SLOW,4417.17,4417.42,4415.65,4416.07,0.00,0.00,0.0,BULLISH,177.0,4413.88,4414.48,4413.34,4414.00,44,CLEARED_>=20s,114.0,12.0,48.0,54.0,42.1,47.4,42.1,BLOCKED_42.1%,4414.03,3.0,NO,STANDBY_VEL_LOW,0,0.00,4590.00,68.56,FALSE,OPP_WICK_TOO_HIGH_0.42
2026-09-07 15:03:44.666,1788793424.666,3888,90,436,4413.99,4414.07,8.0,PASS_<=10c,-1.0,DOWN,+11.0,-318.0,4.2,+4.62,1.10,SLOW,4417.17,4417.42,4415.65,4416.07,0.00,0.00,0.0,BULLISH,177.0,4413.88,4414.48,4413.34,4413.99,44,CLEARED_>=20s,114.0,11.0,49.0,54.0,43.0,47.4,43.0,BLOCKED_43.0%,4414.03,4.0,NO,STANDBY_VEL_LOW,0,0.00,4590.00,68.56,FALSE,OPP_WICK_TOO_HIGH_0.43
2026-09-07 15:03:45.168,1788793425.168,3889,91,437,4414.00,4414.08,8.0,PASS_<=10c,+1.0,UP,+12.0,-317.0,4.2,+4.41,1.05,SLOW,4417.17,4417.42,4415.65,4416.07,0.00,0.00,0.0,BULLISH,177.0,4413.88,4414.48,4413.34,4414.00,45,CLEARED_>=20s,114.0,12.0,48.0,54.0,42.1,47.4,42.1,BLOCKED_42.1%,4414.03,3.0,NO,STANDBY_VEL_LOW,0,0.00,4590.00,68.56,FALSE,OPP_WICK_TOO_HIGH_0.42
2026-09-07 15:03:45.670,1788793425.670,3890,92,438,4414.00,4414.08,8.0,PASS_<=10c,+0.0,FLAT,+12.0,-317.0,4.2,+4.41,1.05,SLOW,4417.17,4417.42,4415.65,4416.07,0.00,0.00,0.0,BULLISH,177.0,4413.88,4414.48,4413.34,4414.00,45,CLEARED_>=20s,114.0,12.0,48.0,54.0,42.1,47.4,42.1,BLOCKED_42.1%,4414.03,3.0,NO,STANDBY_VEL_LOW,0,0.00,4590.00,68.56,FALSE,OPP_WICK_TOO_HIGH_0.42
2026-09-07 15:03:46.172,1788793426.172,3891,93,439,4414.13,4414.21,8.0,PASS_<=10c,+13.0,UP,+25.0,-304.0,4.2,+1.68,0.40,SLOW,4417.17,4417.42,4415.65,4416.07,0.00,0.00,0.0,BULLISH,177.0,4413.88,4414.48,4413.34,4414.13,46,CLEARED_>=20s,114.0,25.0,35.0,54.0,30.7,47.4,30.7,BLOCKED_30.7%,4414.03,10.0,NO,STANDBY_VEL_LOW,0,0.00,4590.00,68.56,FALSE,OPP_WICK_TOO_HIGH_0.31
2026-09-07 15:03:46.674,1788793426.674,3892,94,440,4414.16,4414.24,8.0,PASS_<=10c,+3.0,UP,+28.0,-301.0,4.2,+0.21,0.05,SLOW,4417.17,4417.42,4415.65,4416.07,0.00,0.00,0.0,BULLISH,177.0,4413.88,4414.48,4413.34,4414.16,46,CLEARED_>=20s,114.0,28.0,32.0,54.0,28.1,47.4,28.1,BLOCKED_28.1%,4414.03,13.0,NO,STANDBY_VEL_LOW,0,0.00,4590.00,68.56,FALSE,OPP_WICK_TOO_HIGH_0.28
2026-09-07 15:03:47.175,1788793427.175,3893,95,441,4414.16,4414.24,8.0,PASS_<=10c,+0.0,FLAT,+28.0,-301.0,4.2,+2.73,0.65,SLOW,4417.17,4417.42,4415.65,4416.07,0.00,0.00,0.0,BULLISH,177.0,4413.88,4414.48,4413.34,4414.16,47,CLEARED_>=20s,114.0,28.0,32.0,54.0,28.1,47.4,28.1,BLOCKED_28.1%,4414.03,13.0,NO,STANDBY_VEL_LOW,0,0.00,4590.00,68.56,FALSE,OPP_WICK_TOO_HIGH_0.28
2026-09-07 15:03:47.676,1788793427.677,3894,96,442,4414.17,4414.25,8.0,PASS_<=10c,+1.0,UP,+29.0,-300.0,4.2,+3.57,0.85,SLOW,4417.17,4417.42,4415.65,4416.07,0.00,0.00,0.0,BULLISH,177.0,4413.88,4414.48,4413.34,4414.17,47,CLEARED_>=20s,114.0,29.0,31.0,54.0,27.2,47.4,27.2,BLOCKED_27.2%,4414.03,14.0,NO,STANDBY_VEL_LOW,0,0.00,4590.00,68.56,FALSE,OPP_WICK_TOO_HIGH_0.27
2026-09-07 15:03:48.178,1788793428.179,3895,97,443,4414.14,4414.22,8.0,PASS_<=10c,-3.0,DOWN,+26.0,-303.0,4.2,+2.94,0.70,SLOW,4417.17,4417.42,4415.65,4416.07,0.00,0.00,0.0,BULLISH,177.0,4413.88,4414.48,4413.34,4414.14,48,CLEARED_>=20s,114.0,26.0,34.0,54.0,29.8,47.4,29.8,BLOCKED_29.8%,4414.03,11.0,NO,STANDBY_VEL_LOW,0,0.00,4590.00,68.56,FALSE,OPP_WICK_TOO_HIGH_0.30
2026-09-07 15:03:48.680,1788793428.681,3896,98,444,4414.14,4414.22,8.0,PASS_<=10c,+0.0,FLAT,+26.0,-303.0,4.2,+2.94,0.70,SLOW,4417.17,4417.42,4415.65,4416.07,0.00,0.00,0.0,BULLISH,177.0,4413.88,4414.48,4413.34,4414.14,48,CLEARED_>=20s,114.0,26.0,34.0,54.0,29.8,47.4,29.8,BLOCKED_29.8%,4414.03,11.0,NO,STANDBY_VEL_LOW,0,0.00,4590.00,68.56,FALSE,OPP_WICK_TOO_HIGH_0.30
2026-09-07 15:03:49.182,1788793429.182,3897,99,445,4414.14,4414.22,8.0,PASS_<=10c,+0.0,FLAT,+26.0,-303.0,4.2,+2.94,0.70,SLOW,4417.17,4417.42,4415.65,4416.07,0.00,0.00,0.0,BULLISH,177.0,4413.88,4414.48,4413.34,4414.14,49,CLEARED_>=20s,114.0,26.0,34.0,54.0,29.8,47.4,29.8,BLOCKED_29.8%,4414.03,11.0,NO,STANDBY_VEL_LOW,0,0.00,4590.00,68.56,FALSE,OPP_WICK_TOO_HIGH_0.30
2026-09-07 15:03:49.683,1788793429.683,3898,100,446,4414.14,4414.22,8.0,PASS_<=10c,+0.0,FLAT,+26.0,-303.0,4.2,+2.94,0.70,SLOW,4417.17,4417.42,4415.65,4416.07,0.00,0.00,0.0,BULLISH,177.0,4413.88,4414.48,4413.34,4414.14,49,CLEARED_>=20s,114.0,26.0,34.0,54.0,29.8,47.4,29.8,BLOCKED_29.8%,4414.03,11.0,NO,STANDBY_VEL_LOW,0,0.00,4590.00,68.56,FALSE,OPP_WICK_TOO_HIGH_0.30
2026-09-07 15:03:50.185,1788793430.185,3899,101,447,4414.13,4414.21,8.0,PASS_<=10c,-1.0,DOWN,+25.0,-304.0,4.2,+2.73,0.65,SLOW,4417.17,4417.42,4415.65,4416.07,0.00,0.00,0.0,BULLISH,177.0,4413.88,4414.48,4413.34,4414.13,50,CLEARED_>=20s,114.0,25.0,35.0,54.0,30.7,47.4,30.7,BLOCKED_30.7%,4414.03,10.0,NO,STANDBY_VEL_LOW,0,0.00,4590.00,68.56,FALSE,OPP_WICK_TOO_HIGH_0.31
2026-09-07 15:03:50.688,1788793430.689,3900,102,448,4414.08,4414.16,8.0,PASS_<=10c,-5.0,DOWN,+20.0,-309.0,4.2,+1.68,0.40,SLOW,4417.17,4417.42,4415.65,4416.07,0.00,0.00,0.0,BULLISH,177.0,4413.88,4414.48,4413.34,4414.08,50,CLEARED_>=20s,114.0,20.0,40.0,54.0,35.1,47.4,35.1,BLOCKED_35.1%,4414.03,5.0,NO,STANDBY_VEL_LOW,0,0.00,4590.00,68.56,FALSE,OPP_WICK_TOO_HIGH_0.35
2026-09-07 15:03:51.188,1788793431.188,3901,103,449,4414.10,4414.18,8.0,PASS_<=10c,+2.0,UP,+22.0,-307.0,4.2,+0.42,0.10,SLOW,4417.17,4417.42,4415.65,4416.07,0.00,0.00,0.0,BULLISH,177.0,4413.88,4414.48,4413.34,4414.10,51,CLEARED_>=20s,114.0,22.0,38.0,54.0,33.3,47.4,33.3,BLOCKED_33.3%,4414.03,7.0,NO,STANDBY_VEL_LOW,0,0.00,4590.00,68.56,FALSE,OPP_WICK_TOO_HIGH_0.33
2026-09-07 15:03:51.690,1788793431.690,3902,104,450,4414.10,4414.18,8.0,PASS_<=10c,+0.0,FLAT,+22.0,-307.0,4.2,+1.26,0.30,SLOW,4417.17,4417.42,4415.65,4416.07,0.00,0.00,0.0,BULLISH,177.0,4413.88,4414.48,4413.34,4414.10,51,CLEARED_>=20s,114.0,22.0,38.0,54.0,33.3,47.4,33.3,BLOCKED_33.3%,4414.03,7.0,NO,STANDBY_VEL_LOW,0,0.00,4590.00,68.56,FALSE,OPP_WICK_TOO_HIGH_0.33
2026-09-07 15:03:52.191,1788793432.192,3903,105,451,4414.11,4414.19,8.0,PASS_<=10c,+1.0,UP,+23.0,-306.0,4.2,+1.05,0.25,SLOW,4417.17,4417.42,4415.65,4416.07,0.00,0.00,0.0,BULLISH,177.0,4413.88,4414.48,4413.34,4414.11,52,CLEARED_>=20s,114.0,23.0,37.0,54.0,32.5,47.4,32.5,BLOCKED_32.5%,4414.03,8.0,NO,STANDBY_VEL_LOW,0,0.00,4590.00,68.56,FALSE,OPP_WICK_TOO_HIGH_0.32
2026-09-07 15:03:52.693,1788793432.693,3904,106,452,4414.11,4414.19,8.0,PASS_<=10c,+0.0,FLAT,+23.0,-306.0,4.2,+1.26,0.30,SLOW,4417.17,4417.42,4415.65,4416.07,0.00,0.00,0.0,BULLISH,177.0,4413.88,4414.48,4413.34,4414.11,52,CLEARED_>=20s,114.0,23.0,37.0,54.0,32.5,47.4,32.5,BLOCKED_32.5%,4414.03,8.0,NO,STANDBY_VEL_LOW,0,0.00,4590.00,68.56,FALSE,OPP_WICK_TOO_HIGH_0.32
2026-09-07 15:03:53.193,1788793433.194,3905,107,453,4413.86,4413.94,8.0,PASS_<=10c,-25.0,DOWN,-2.0,-331.0,4.2,+5.88,1.40,SLOW,4417.17,4417.42,4415.65,4416.07,0.00,0.00,0.0,BULLISH,177.0,4413.88,4414.48,4413.34,4413.86,53,CLEARED_>=20s,114.0,2.0,60.0,52.0,52.6,45.6,52.6,BLOCKED_52.6%,0.00,0.0,NO,STANDBY_VEL_LOW,0,0.00,4590.00,68.56,FALSE,M1_DIRECTION_MISMATCH
2026-09-07 15:03:53.694,1788793433.695,3906,108,454,4413.96,4414.04,8.0,PASS_<=10c,+10.0,UP,+8.0,-321.0,4.2,+3.78,0.90,SLOW,4417.17,4417.42,4415.65,4416.07,0.00,0.00,0.0,BULLISH,177.0,4413.88,4414.48,4413.34,4413.96,53,CLEARED_>=20s,114.0,8.0,52.0,54.0,45.6,47.4,45.6,BLOCKED_45.6%,4414.03,7.0,NO,STANDBY_VEL_LOW,0,0.00,4590.00,68.56,FALSE,OPP_WICK_TOO_HIGH_0.46
2026-09-07 15:03:54.196,1788793434.197,3907,109,455,4413.96,4414.04,8.0,PASS_<=10c,+0.0,FLAT,+8.0,-321.0,4.2,+3.99,0.95,SLOW,4417.17,4417.42,4415.65,4416.07,0.00,0.00,0.0,BULLISH,177.0,4413.88,4414.48,4413.34,4413.96,54,CLEARED_>=20s,114.0,8.0,52.0,54.0,45.6,47.4,45.6,BLOCKED_45.6%,4414.03,7.0,NO,STANDBY_VEL_LOW,0,0.00,4590.00,68.56,FALSE,OPP_WICK_TOO_HIGH_0.46
2026-09-07 15:03:54.698,1788793434.698,3908,110,456,4414.01,4414.09,8.0,PASS_<=10c,+5.0,UP,+13.0,-316.0,4.2,+2.94,0.70,SLOW,4417.17,4417.42,4415.65,4416.07,0.00,0.00,0.0,BULLISH,177.0,4413.88,4414.48,4413.34,4414.01,54,CLEARED_>=20s,114.0,13.0,47.0,54.0,41.2,47.4,41.2,BLOCKED_41.2%,4414.03,2.0,NO,STANDBY_VEL_LOW,0,0.00,4590.00,68.56,FALSE,OPP_WICK_TOO_HIGH_0.41
2026-09-07 15:03:55.199,1788793435.200,3909,111,457,4414.01,4414.09,8.0,PASS_<=10c,+0.0,FLAT,+13.0,-316.0,4.2,+1.68,0.40,SLOW,4417.17,4417.42,4415.65,4416.07,0.00,0.00,0.0,BULLISH,177.0,4413.88,4414.48,4413.34,4414.01,55,CLEARED_>=20s,114.0,13.0,47.0,54.0,41.2,47.4,41.2,BLOCKED_41.2%,4414.03,2.0,NO,STANDBY_VEL_LOW,0,0.00,4590.00,68.56,FALSE,OPP_WICK_TOO_HIGH_0.41
2026-09-07 15:03:55.701,1788793435.701,3910,112,458,4414.04,4414.12,8.0,PASS_<=10c,+3.0,UP,+16.0,-313.0,4.2,+0.84,0.20,SLOW,4417.17,4417.42,4415.65,4416.07,0.00,0.00,0.0,BULLISH,177.0,4413.88,4414.48,4413.34,4414.04,55,CLEARED_>=20s,114.0,16.0,44.0,54.0,38.6,47.4,38.6,BLOCKED_38.6%,4414.03,1.0,NO,STANDBY_VEL_LOW,0,0.00,4590.00,68.56,FALSE,OPP_WICK_TOO_HIGH_0.39
2026-09-07 15:03:56.202,1788793436.202,3911,113,459,4414.11,4414.19,8.0,PASS_<=10c,+7.0,UP,+23.0,-306.0,4.2,+0.32,0.08,SLOW,4417.17,4417.42,4415.65,4416.07,0.00,0.00,0.0,BULLISH,177.0,4413.88,4414.48,4413.34,4414.11,56,CLEARED_>=20s,114.0,23.0,37.0,54.0,32.5,47.4,32.5,BLOCKED_32.5%,4414.03,8.0,NO,STANDBY_VEL_LOW,0,0.00,4590.00,68.56,FALSE,OPP_WICK_TOO_HIGH_0.32
2026-09-07 15:03:56.703,1788793436.704,3912,114,460,4414.11,4414.19,8.0,PASS_<=10c,+0.0,FLAT,+23.0,-306.0,4.2,+0.32,0.08,SLOW,4417.17,4417.42,4415.65,4416.07,0.00,0.00,0.0,BULLISH,177.0,4413.88,4414.48,4413.34,4414.11,56,CLEARED_>=20s,114.0,23.0,37.0,54.0,32.5,47.4,32.5,BLOCKED_32.5%,4414.03,8.0,NO,STANDBY_VEL_LOW,0,0.00,4590.00,68.56,FALSE,OPP_WICK_TOO_HIGH_0.32
2026-09-07 15:03:57.204,1788793437.204,3913,115,461,4414.14,4414.22,8.0,PASS_<=10c,+3.0,UP,+26.0,-303.0,4.2,+0.63,0.15,SLOW,4417.17,4417.42,4415.65,4416.07,0.00,0.00,0.0,BULLISH,177.0,4413.88,4414.48,4413.34,4414.14,57,CLEARED_>=20s,114.0,26.0,34.0,54.0,29.8,47.4,29.8,BLOCKED_29.8%,4414.03,11.0,NO,STANDBY_VEL_LOW,0,0.00,4590.00,68.56,FALSE,OPP_WICK_TOO_HIGH_0.30
2026-09-07 15:03:57.706,1788793437.706,3914,116,462,4414.13,4414.21,8.0,PASS_<=10c,-1.0,DOWN,+25.0,-304.0,4.2,+5.46,1.30,SLOW,4417.17,4417.42,4415.65,4416.07,0.00,0.00,0.0,BULLISH,177.0,4413.88,4414.48,4413.34,4414.13,57,CLEARED_>=20s,114.0,25.0,35.0,54.0,30.7,47.4,30.7,BLOCKED_30.7%,4414.03,10.0,NO,STANDBY_VEL_LOW,0,0.00,4590.00,68.56,FALSE,OPP_WICK_TOO_HIGH_0.31
2026-09-07 15:03:58.207,1788793438.208,3915,117,463,4414.10,4414.18,8.0,PASS_<=10c,-3.0,DOWN,+22.0,-307.0,4.2,+5.04,1.20,SLOW,4417.17,4417.42,4415.65,4416.07,0.00,0.00,0.0,BULLISH,177.0,4413.88,4414.48,4413.34,4414.10,58,CLEARED_>=20s,114.0,22.0,38.0,54.0,33.3,47.4,33.3,BLOCKED_33.3%,4414.03,7.0,NO,STANDBY_VEL_LOW,0,0.00,4590.00,68.56,FALSE,OPP_WICK_TOO_HIGH_0.33
2026-09-07 15:03:58.710,1788793438.710,3916,118,464,4413.98,4414.06,8.0,PASS_<=10c,-12.0,DOWN,+10.0,-319.0,4.2,+0.42,0.10,SLOW,4417.17,4417.42,4415.65,4416.07,0.00,0.00,0.0,BULLISH,177.0,4413.88,4414.48,4413.34,4413.98,58,CLEARED_>=20s,114.0,10.0,50.0,54.0,43.9,47.4,43.9,BLOCKED_43.9%,4414.03,5.0,NO,STANDBY_VEL_LOW,0,0.00,4590.00,68.56,FALSE,OPP_WICK_TOO_HIGH_0.44
2026-09-07 15:03:59.213,1788793439.213,3917,119,465,4413.99,4414.07,8.0,PASS_<=10c,+1.0,UP,+11.0,-318.0,4.2,+0.23,0.05,SLOW,4417.17,4417.42,4415.65,4416.07,0.00,0.00,0.0,BULLISH,177.0,4413.88,4414.48,4413.34,4413.99,59,CLEARED_>=20s,114.0,11.0,49.0,54.0,43.0,47.4,43.0,BLOCKED_43.0%,4414.03,4.0,NO,STANDBY_VEL_LOW,0,0.00,4590.00,68.56,FALSE,OPP_WICK_TOO_HIGH_0.43
2026-09-07 15:03:59.714,1788793439.714,3918,120,466,4413.96,4414.04,8.0,PASS_<=10c,-3.0,DOWN,+8.0,-321.0,4.2,+1.05,0.25,SLOW,4417.17,4417.42,4415.65,4416.07,0.00,0.00,0.0,BULLISH,177.0,4413.88,4414.48,4413.34,4413.96,59,CLEARED_>=20s,114.0,8.0,52.0,54.0,45.6,47.4,45.6,BLOCKED_45.6%,4414.03,7.0,NO,STANDBY_VEL_LOW,0,0.00,4590.00,68.56,FALSE,OPP_WICK_TOO_HIGH_0.46
2026-09-07 15:04:00.215,1788793440.216,3919,1,467,4413.98,4414.06,8.0,PASS_<=10c,+2.0,UP,+0.0,-319.0,4.2,+0.63,0.15,SLOW,4417.17,4417.42,4415.65,4416.07,0.00,0.00,0.0,BULLISH,177.0,4413.98,4413.98,4413.98,4413.98,0,ACTIVE_0s,1.0,0.0,0.0,0.0,0.0,0.0,0.0,PASS_<20%,0.00,0.0,NO,STANDBY_VEL_LOW,0,0.00,4590.00,68.56,FALSE,M1_DIRECTION_MISMATCH|OPENING_SHIELD_ACTIVE_0s
2026-09-07 15:04:00.717,1788793440.718,3920,2,468,4413.82,4413.90,8.0,PASS_<=10c,-16.0,DOWN,-16.0,-335.0,4.2,+4.62,1.10,SLOW,4417.17,4417.42,4415.65,4416.07,0.00,0.00,0.0,BULLISH,177.0,4413.98,4413.98,4413.82,4413.82,0,ACTIVE_0s,16.0,16.0,0.0,0.0,0.0,0.0,0.0,PASS_<20%,0.00,0.0,NO,STANDBY_VEL_LOW,0,0.00,4590.00,68.56,FALSE,M1_DIRECTION_MISMATCH|OPENING_SHIELD_ACTIVE_0s
2026-09-07 15:04:01.220,1788793441.220,3921,3,469,4413.74,4413.82,8.0,PASS_<=10c,-8.0,DOWN,-24.0,-343.0,4.2,+7.76,1.85,SLOW,4417.17,4417.42,4415.65,4416.07,0.00,0.00,0.0,BULLISH,177.0,4413.98,4413.98,4413.74,4413.74,1,ACTIVE_1s,24.0,24.0,0.0,0.0,0.0,0.0,0.0,PASS_<20%,0.00,0.0,NO,STANDBY_VEL_LOW,0,0.00,4590.00,68.56,FALSE,M1_DIRECTION_MISMATCH|OPENING_SHIELD_ACTIVE_1s
2026-09-07 15:04:01.722,1788793441.722,3922,4,470,4413.77,4413.85,8.0,PASS_<=10c,+3.0,UP,-21.0,-340.0,4.2,+7.13,1.70,SLOW,4417.17,4417.42,4415.65,4416.07,0.00,0.00,0.0,BULLISH,177.0,4413.98,4413.98,4413.74,4413.77,1,ACTIVE_1s,24.0,21.0,0.0,3.0,0.0,12.5,0.0,PASS_<20%,0.00,0.0,NO,STANDBY_VEL_LOW,0,0.00,4590.00,68.56,FALSE,M1_DIRECTION_MISMATCH|OPENING_SHIELD_ACTIVE_1s
2026-09-07 15:04:02.224,1788793442.224,3923,5,471,4413.72,4413.80,8.0,PASS_<=10c,-5.0,DOWN,-26.0,-345.0,4.2,+8.60,2.05,SLOW,4417.17,4417.42,4415.65,4416.07,0.00,0.00,0.0,BULLISH,177.0,4413.98,4413.98,4413.72,4413.72,2,ACTIVE_2s,26.0,26.0,0.0,0.0,0.0,0.0,0.0,PASS_<20%,0.00,0.0,NO,STANDBY_VEL_LOW,0,0.00,4590.00,68.56,FALSE,M1_DIRECTION_MISMATCH|OPENING_SHIELD_ACTIVE_2s
2026-09-07 15:04:02.724,1788793442.725,3924,6,472,4413.87,4413.95,8.0,PASS_<=10c,+15.0,UP,-11.0,-330.0,4.2,+4.82,1.15,SLOW,4417.17,4417.42,4415.65,4416.07,0.00,0.00,0.0,BULLISH,177.0,4413.98,4413.98,4413.64,4413.87,2,ACTIVE_2s,34.0,11.0,0.0,23.0,0.0,67.6,0.0,PASS_<20%,0.00,0.0,NO,STANDBY_VEL_LOW,0,0.00,4590.00,68.56,FALSE,M1_DIRECTION_MISMATCH|OPENING_SHIELD_ACTIVE_2s
2026-09-07 15:04:03.226,1788793443.226,3925,7,473,4413.89,4413.97,8.0,PASS_<=10c,+2.0,UP,-9.0,-328.0,4.2,+4.82,1.15,SLOW,4417.17,4417.42,4415.65,4416.07,0.00,0.00,0.0,BULLISH,177.0,4413.98,4413.98,4413.64,4413.89,3,ACTIVE_3s,34.0,9.0,0.0,25.0,0.0,73.5,0.0,PASS_<20%,0.00,0.0,NO,STANDBY_VEL_LOW,0,0.00,4590.00,68.56,FALSE,M1_DIRECTION_MISMATCH|OPENING_SHIELD_ACTIVE_3s
2026-09-07 15:04:03.728,1788793443.728,3926,8,474,4413.87,4413.95,8.0,PASS_<=10c,-2.0,DOWN,-11.0,-330.0,4.2,+1.89,0.45,SLOW,4417.17,4417.42,4415.65,4416.07,0.00,0.00,0.0,BULLISH,177.0,4413.98,4413.98,4413.64,4413.87,3,ACTIVE_3s,34.0,11.0,0.0,23.0,0.0,67.6,0.0,PASS_<20%,0.00,0.0,NO,STANDBY_VEL_LOW,0,0.00,4590.00,68.56,FALSE,M1_DIRECTION_MISMATCH|OPENING_SHIELD_ACTIVE_3s
2026-09-07 15:04:04.229,1788793444.230,3927,9,475,4413.96,4414.04,8.0,PASS_<=10c,+9.0,UP,-2.0,-321.0,4.2,+0.63,0.15,SLOW,4417.17,4417.42,4415.65,4416.07,0.00,0.00,0.0,BULLISH,177.0,4413.98,4413.98,4413.64,4413.96,4,ACTIVE_4s,34.0,2.0,0.0,32.0,0.0,94.1,0.0,PASS_<20%,0.00,0.0,NO,STANDBY_VEL_LOW,0,0.00,4590.00,68.56,FALSE,M1_DIRECTION_MISMATCH|OPENING_SHIELD_ACTIVE_4s
2026-09-07 15:04:04.731,1788793444.732,3928,10,476,4413.99,4414.07,8.0,PASS_<=10c,+3.0,UP,+1.0,-318.0,4.2,+1.47,0.35,SLOW,4417.17,4417.42,4415.65,4416.07,0.00,0.00,0.0,BULLISH,177.0,4413.98,4413.99,4413.64,4413.99,4,ACTIVE_4s,35.0,1.0,0.0,34.0,0.0,97.1,0.0,PASS_<20%,4414.13,14.0,NO,STANDBY_VEL_LOW,0,0.00,4590.00,68.56,FALSE,OPENING_SHIELD_ACTIVE_4s|PRICE_BELOW_15C_DISPLACEMENT
2026-09-07 15:04:05.232,1788793445.233,3929,11,477,4414.01,4414.09,8.0,PASS_<=10c,+2.0,UP,+3.0,-316.0,4.2,+1.05,0.25,SLOW,4417.17,4417.42,4415.65,4416.07,0.00,0.00,0.0,BULLISH,177.0,4413.98,4414.01,4413.64,4414.01,5,ACTIVE_5s,37.0,3.0,0.0,34.0,0.0,91.9,0.0,PASS_<20%,4414.13,12.0,NO,STANDBY_VEL_LOW,0,0.00,4590.00,68.56,FALSE,OPENING_SHIELD_ACTIVE_5s|PRICE_BELOW_15C_DISPLACEMENT
2026-09-07 15:04:05.733,1788793445.734,3930,12,478,4414.01,4414.09,8.0,PASS_<=10c,+0.0,FLAT,+3.0,-316.0,4.2,+5.04,1.20,SLOW,4417.17,4417.42,4415.65,4416.07,0.00,0.00,0.0,BULLISH,177.0,4413.98,4414.01,4413.64,4414.01,5,ACTIVE_5s,37.0,3.0,0.0,34.0,0.0,91.9,0.0,PASS_<20%,4414.13,12.0,NO,STANDBY_VEL_LOW,0,0.00,4590.00,68.56,FALSE,OPENING_SHIELD_ACTIVE_5s|PRICE_BELOW_15C_DISPLACEMENT
2026-09-07 15:04:06.235,1788793446.235,3931,13,479,4413.94,4414.02,8.0,PASS_<=10c,-7.0,DOWN,-4.0,-323.0,4.2,+3.57,0.85,SLOW,4417.17,4417.42,4415.65,4416.07,0.00,0.00,0.0,BULLISH,177.0,4413.98,4414.01,4413.64,4413.94,6,ACTIVE_6s,37.0,4.0,3.0,30.0,8.1,81.1,8.1,PASS_<20%,0.00,0.0,NO,STANDBY_VEL_LOW,0,0.00,4590.00,68.56,FALSE,M1_DIRECTION_MISMATCH|OPENING_SHIELD_ACTIVE_6s
2026-09-07 15:04:06.737,1788793446.738,3932,14,480,4413.95,4414.03,8.0,PASS_<=10c,+1.0,UP,-3.0,-322.0,4.2,+3.78,0.90,SLOW,4417.17,4417.42,4415.65,4416.07,0.00,0.00,0.0,BULLISH,177.0,4413.98,4414.01,4413.64,4413.95,6,ACTIVE_6s,37.0,3.0,3.0,31.0,8.1,83.8,8.1,PASS_<20%,0.00,0.0,NO,STANDBY_VEL_LOW,0,0.00,4590.00,68.56,FALSE,M1_DIRECTION_MISMATCH|OPENING_SHIELD_ACTIVE_6s
2026-09-07 15:04:07.238,1788793447.239,3933,15,481,4413.95,4414.03,8.0,PASS_<=10c,+0.0,FLAT,-3.0,-322.0,4.2,+6.51,1.55,SLOW,4417.17,4417.42,4415.65,4416.07,0.00,0.00,0.0,BULLISH,177.0,4413.98,4414.01,4413.64,4413.95,7,ACTIVE_7s,37.0,3.0,3.0,31.0,8.1,83.8,8.1,PASS_<20%,0.00,0.0,NO,STANDBY_VEL_LOW,0,0.00,4590.00,68.56,FALSE,M1_DIRECTION_MISMATCH|OPENING_SHIELD_ACTIVE_7s
2026-09-07 15:04:07.740,1788793447.740,3934,16,482,4413.87,4413.95,8.0,PASS_<=10c,-8.0,DOWN,-11.0,-330.0,4.2,+0.42,0.10,SLOW,4417.17,4417.42,4415.65,4416.07,0.00,0.00,0.0,BULLISH,177.0,4413.98,4414.01,4413.64,4413.87,7,ACTIVE_7s,37.0,11.0,3.0,23.0,8.1,62.2,8.1,PASS_<20%,0.00,0.0,NO,STANDBY_VEL_LOW,0,0.00,4590.00,68.56,FALSE,M1_DIRECTION_MISMATCH|OPENING_SHIELD_ACTIVE_7s
2026-09-07 15:04:08.242,1788793448.243,3935,17,483,4413.85,4413.93,8.0,PASS_<=10c,-2.0,DOWN,-13.0,-332.0,4.2,+0.84,0.20,SLOW,4417.17,4417.42,4415.65,4416.07,0.00,0.00,0.0,BULLISH,177.0,4413.98,4414.01,4413.64,4413.85,8,ACTIVE_8s,37.0,13.0,3.0,21.0,8.1,56.8,8.1,PASS_<20%,0.00,0.0,NO,STANDBY_VEL_LOW,0,0.00,4590.00,68.56,FALSE,M1_DIRECTION_MISMATCH|OPENING_SHIELD_ACTIVE_8s
2026-09-07 15:04:08.744,1788793448.745,3936,18,484,4413.85,4413.93,8.0,PASS_<=10c,+0.0,FLAT,-13.0,-332.0,4.2,+2.10,0.50,SLOW,4417.17,4417.42,4415.65,4416.07,0.00,0.00,0.0,BULLISH,177.0,4413.98,4414.01,4413.64,4413.85,8,ACTIVE_8s,37.0,13.0,3.0,21.0,8.1,56.8,8.1,PASS_<20%,0.00,0.0,NO,STANDBY_VEL_LOW,0,0.00,4590.00,68.56,FALSE,M1_DIRECTION_MISMATCH|OPENING_SHIELD_ACTIVE_8s
2026-09-07 15:04:09.246,1788793449.247,3937,19,485,4413.84,4413.92,8.0,PASS_<=10c,-1.0,DOWN,-14.0,-333.0,4.2,+3.15,0.75,SLOW,4417.17,4417.42,4415.65,4416.07,0.00,0.00,0.0,BULLISH,177.0,4413.98,4414.01,4413.64,4413.84,9,ACTIVE_9s,37.0,14.0,3.0,20.0,8.1,54.1,8.1,PASS_<20%,0.00,0.0,NO,STANDBY_VEL_LOW,0,0.00,4590.00,68.56,FALSE,M1_DIRECTION_MISMATCH|OPENING_SHIELD_ACTIVE_9s
2026-09-07 15:04:09.748,1788793449.748,3938,20,486,4413.89,4413.97,8.0,PASS_<=10c,+5.0,UP,-9.0,-328.0,4.2,+2.10,0.50,SLOW,4417.17,4417.42,4415.65,4416.07,0.00,0.00,0.0,BULLISH,177.0,4413.98,4414.01,4413.64,4413.89,9,ACTIVE_9s,37.0,9.0,3.0,25.0,8.1,67.6,8.1,PASS_<20%,0.00,0.0,NO,STANDBY_VEL_LOW,0,0.00,4590.00,68.56,FALSE,M1_DIRECTION_MISMATCH|OPENING_SHIELD_ACTIVE_9s
2026-09-07 15:04:10.250,1788793450.251,3939,21,487,4413.93,4414.01,8.0,PASS_<=10c,+4.0,UP,-5.0,-324.0,4.2,+1.68,0.40,SLOW,4417.17,4417.42,4415.65,4416.07,0.00,0.00,0.0,BULLISH,177.0,4413.98,4414.01,4413.64,4413.93,10,ACTIVE_10s,37.0,5.0,3.0,29.0,8.1,78.4,8.1,PASS_<20%,0.00,0.0,NO,STANDBY_VEL_LOW,0,0.00,4590.00,68.56,FALSE,M1_DIRECTION_MISMATCH|OPENING_SHIELD_ACTIVE_10s
2026-09-07 15:04:10.751,1788793450.752,3940,22,488,4414.03,4414.11,8.0,PASS_<=10c,+10.0,UP,+5.0,-314.0,4.2,+0.50,0.12,SLOW,4417.17,4417.42,4415.65,4416.07,0.00,0.00,0.0,BULLISH,177.0,4413.98,4414.03,4413.64,4414.03,10,ACTIVE_10s,39.0,5.0,0.0,34.0,0.0,87.2,0.0,PASS_<20%,4414.13,10.0,NO,STANDBY_VEL_LOW,0,0.00,4590.00,68.56,FALSE,OPENING_SHIELD_ACTIVE_10s|PRICE_BELOW_15C_DISPLACEMENT
2026-09-07 15:04:11.253,1788793451.254,3941,23,489,4414.22,4414.30,8.0,PASS_<=10c,+19.0,UP,+24.0,-295.0,4.2,+5.66,1.35,SLOW,4417.17,4417.42,4415.65,4416.07,0.00,0.00,0.0,BULLISH,177.0,4413.98,4414.22,4413.64,4414.22,11,ACTIVE_11s,58.0,24.0,0.0,34.0,0.0,58.6,0.0,PASS_<20%,4414.13,9.0,NO,STANDBY_VEL_LOW,0,0.00,4590.00,68.56,FALSE,OPENING_SHIELD_ACTIVE_11s
2026-09-07 15:04:11.755,1788793451.755,3942,24,490,4414.22,4414.30,8.0,PASS_<=10c,+0.0,FLAT,+24.0,-295.0,4.2,+5.66,1.35,SLOW,4417.17,4417.42,4415.65,4416.07,0.00,0.00,0.0,BULLISH,177.0,4413.98,4414.22,4413.64,4414.22,11,ACTIVE_11s,58.0,24.0,0.0,34.0,0.0,58.6,0.0,PASS_<20%,4414.13,9.0,NO,STANDBY_VEL_LOW,0,0.00,4590.00,68.56,FALSE,OPENING_SHIELD_ACTIVE_11s
2026-09-07 15:04:12.257,1788793452.257,3943,25,491,4414.22,4414.30,8.0,PASS_<=10c,+0.0,FLAT,+24.0,-295.0,4.2,+6.08,1.45,SLOW,4417.17,4417.42,4415.65,4416.07,0.00,0.00,0.0,BULLISH,177.0,4413.98,4414.22,4413.64,4414.22,12,ACTIVE_12s,58.0,24.0,0.0,34.0,0.0,58.6,0.0,PASS_<20%,4414.13,9.0,NO,STANDBY_VEL_LOW,0,0.00,4590.00,68.56,FALSE,OPENING_SHIELD_ACTIVE_12s
2026-09-07 15:04:12.759,1788793452.759,3944,26,492,4414.24,4414.32,8.0,PASS_<=10c,+2.0,UP,+26.0,-293.0,4.2,+7.76,1.85,SLOW,4417.17,4417.42,4415.65,4416.07,0.00,0.00,0.0,BULLISH,177.0,4413.98,4414.24,4413.64,4414.24,12,ACTIVE_12s,60.0,26.0,0.0,34.0,0.0,56.7,0.0,PASS_<20%,4414.13,11.0,NO,STANDBY_VEL_LOW,0,0.00,4590.00,68.56,FALSE,OPENING_SHIELD_ACTIVE_12s
2026-09-07 15:04:13.261,1788793453.261,3945,27,493,4414.23,4414.31,8.0,PASS_<=10c,-1.0,DOWN,+25.0,-294.0,4.2,+7.97,1.90,SLOW,4417.17,4417.42,4415.65,4416.07,0.00,0.00,0.0,BULLISH,177.0,4413.98,4414.24,4413.64,4414.23,13,ACTIVE_13s,60.0,25.0,1.0,34.0,1.7,56.7,1.7,PASS_<20%,4414.13,10.0,NO,STANDBY_VEL_LOW,0,0.00,4590.00,68.56,FALSE,OPENING_SHIELD_ACTIVE_13s
2026-09-07 15:04:13.762,1788793453.763,3946,28,494,4414.24,4414.32,8.0,PASS_<=10c,+1.0,UP,+26.0,-293.0,4.2,+8.39,2.00,SLOW,4417.17,4417.42,4415.65,4416.07,0.00,0.00,0.0,BULLISH,177.0,4413.98,4414.24,4413.64,4414.24,13,ACTIVE_13s,60.0,26.0,0.0,34.0,0.0,56.7,0.0,PASS_<20%,4414.13,11.0,NO,STANDBY_VEL_LOW,0,0.00,4590.00,68.56,FALSE,OPENING_SHIELD_ACTIVE_13s
2026-09-07 15:04:14.263,1788793454.264,3947,29,495,4414.24,4414.32,8.0,PASS_<=10c,+0.0,FLAT,+26.0,-293.0,4.2,+7.55,1.80,SLOW,4417.17,4417.42,4415.65,4416.07,0.00,0.00,0.0,BULLISH,177.0,4413.98,4414.24,4413.64,4414.24,14,ACTIVE_14s,60.0,26.0,0.0,34.0,0.0,56.7,0.0,PASS_<20%,4414.13,11.0,NO,STANDBY_VEL_LOW,0,0.00,4590.00,68.56,FALSE,OPENING_SHIELD_ACTIVE_14s
2026-09-07 15:04:14.765,1788793454.766,3948,30,496,4414.24,4414.32,8.0,PASS_<=10c,+0.0,FLAT,+26.0,-293.0,4.2,+7.34,1.75,SLOW,4417.17,4417.42,4415.65,4416.07,0.00,0.00,0.0,BULLISH,177.0,4413.98,4414.24,4413.64,4414.24,14,ACTIVE_14s,60.0,26.0,0.0,34.0,0.0,56.7,0.0,PASS_<20%,4414.13,11.0,NO,STANDBY_VEL_LOW,0,0.00,4590.00,68.56,FALSE,OPENING_SHIELD_ACTIVE_14s
2026-09-07 15:04:15.267,1788793455.268,3949,31,497,4414.24,4414.32,8.0,PASS_<=10c,+0.0,FLAT,+26.0,-293.0,4.2,+5.04,1.20,SLOW,4417.17,4417.42,4415.65,4416.07,0.00,0.00,0.0,BULLISH,177.0,4413.98,4414.24,4413.64,4414.24,15,ACTIVE_15s,60.0,26.0,0.0,34.0,0.0,56.7,0.0,PASS_<20%,4414.13,11.0,NO,STANDBY_VEL_LOW,0,0.00,4590.00,68.56,FALSE,OPENING_SHIELD_ACTIVE_15s
2026-09-07 15:04:15.769,1788793455.770,3950,32,498,4414.08,4414.16,8.0,PASS_<=10c,-16.0,DOWN,+10.0,-309.0,4.2,+1.12,0.27,SLOW,4417.17,4417.42,4415.65,4416.07,0.00,0.00,0.0,BULLISH,177.0,4413.98,4414.24,4413.64,4414.08,15,ACTIVE_15s,60.0,10.0,16.0,34.0,26.7,56.7,26.7,BLOCKED_26.7%,4414.13,5.0,NO,STANDBY_VEL_LOW,0,0.00,4590.00,68.56,FALSE,OPP_WICK_TOO_HIGH_0.27|OPENING_SHIELD_ACTIVE_15s
2026-09-07 15:04:16.270,1788793456.271,3951,33,499,4414.03,4414.11,8.0,PASS_<=10c,-5.0,DOWN,+5.0,-314.0,4.2,+3.99,0.95,SLOW,4417.17,4417.42,4415.65,4416.07,0.00,0.00,0.0,BULLISH,177.0,4413.98,4414.24,4413.64,4414.03,16,ACTIVE_16s,60.0,5.0,21.0,34.0,35.0,56.7,35.0,BLOCKED_35.0%,4414.13,10.0,NO,STANDBY_VEL_LOW,0,0.00,4590.00,68.56,FALSE,OPP_WICK_TOO_HIGH_0.35|OPENING_SHIELD_ACTIVE_16s|PRICE_BELOW_15C_DISPLACEMENT
2026-09-07 15:04:16.773,1788793456.773,3952,34,500,4413.93,4414.01,8.0,PASS_<=10c,-10.0,DOWN,-5.0,-324.0,4.2,+6.09,1.45,SLOW,4417.17,4417.42,4415.65,4416.07,0.00,0.00,0.0,BULLISH,177.0,4413.98,4414.24,4413.64,4413.93,16,ACTIVE_16s,60.0,5.0,26.0,29.0,43.3,48.3,43.3,BLOCKED_43.3%,0.00,0.0,NO,STANDBY_VEL_LOW,0,0.00,4590.00,68.56,FALSE,M1_DIRECTION_MISMATCH|OPENING_SHIELD_ACTIVE_16s
2026-09-07 15:04:17.274,1788793457.274,3953,35,501,4413.87,4413.95,8.0,PASS_<=10c,-6.0,DOWN,-11.0,-330.0,4.2,+7.76,1.85,SLOW,4417.17,4417.42,4415.65,4416.07,0.00,0.00,0.0,BULLISH,177.0,4413.98,4414.24,4413.64,4413.87,17,ACTIVE_17s,60.0,11.0,26.0,23.0,43.3,38.3,43.3,BLOCKED_43.3%,0.00,0.0,NO,STANDBY_VEL_LOW,0,0.00,4590.00,68.56,FALSE,M1_DIRECTION_MISMATCH|OPENING_SHIELD_ACTIVE_17s
2026-09-07 15:04:17.775,1788793457.776,3954,36,502,4413.84,4413.92,8.0,PASS_<=10c,-3.0,DOWN,-14.0,-333.0,4.2,+8.39,2.00,SLOW,4417.17,4417.42,4415.65,4416.07,0.00,0.00,0.0,BULLISH,177.0,4413.98,4414.24,4413.64,4413.84,17,ACTIVE_17s,60.0,14.0,26.0,20.0,43.3,33.3,43.3,BLOCKED_43.3%,0.00,0.0,NO,STANDBY_VEL_LOW,0,0.00,4590.00,68.56,FALSE,M1_DIRECTION_MISMATCH|OPENING_SHIELD_ACTIVE_17s
2026-09-07 15:04:18.277,1788793458.277,3955,37,503,4413.84,4413.92,8.0,PASS_<=10c,+0.0,FLAT,-14.0,-333.0,4.2,+8.18,1.95,SLOW,4417.17,4417.42,4415.65,4416.07,0.00,0.00,0.0,BULLISH,177.0,4413.98,4414.24,4413.64,4413.84,18,ACTIVE_18s,60.0,14.0,26.0,20.0,43.3,33.3,43.3,BLOCKED_43.3%,0.00,0.0,NO,STANDBY_VEL_LOW,0,0.00,4590.00,68.56,FALSE,M1_DIRECTION_MISMATCH|OPENING_SHIELD_ACTIVE_18s
2026-09-07 15:04:18.779,1788793458.780,3956,38,504,4413.83,4413.91,8.0,PASS_<=10c,-1.0,DOWN,-15.0,-334.0,4.2,+8.60,2.05,SLOW,4417.17,4417.42,4415.65,4416.07,0.00,0.00,0.0,BULLISH,177.0,4413.98,4414.24,4413.64,4413.83,18,ACTIVE_18s,60.0,15.0,26.0,19.0,43.3,31.7,43.3,BLOCKED_43.3%,0.00,0.0,NO,STANDBY_VEL_LOW,0,0.00,4590.00,68.56,FALSE,M1_DIRECTION_MISMATCH|OPENING_SHIELD_ACTIVE_18s
2026-09-07 15:04:19.281,1788793459.281,3957,39,505,4413.83,4413.91,8.0,PASS_<=10c,+0.0,FLAT,-15.0,-334.0,4.2,+8.60,2.05,SLOW,4417.17,4417.42,4415.65,4416.07,0.00,0.00,0.0,BULLISH,177.0,4413.98,4414.24,4413.64,4413.83,19,ACTIVE_19s,60.0,15.0,26.0,19.0,43.3,31.7,43.3,BLOCKED_43.3%,0.00,0.0,NO,STANDBY_VEL_LOW,0,0.00,4590.00,68.56,FALSE,M1_DIRECTION_MISMATCH|OPENING_SHIELD_ACTIVE_19s
2026-09-07 15:04:19.783,1788793459.783,3958,40,506,4413.86,4413.94,8.0,PASS_<=10c,+3.0,UP,-12.0,-331.0,4.2,+7.97,1.90,SLOW,4417.17,4417.42,4415.65,4416.07,0.00,0.00,0.0,BULLISH,177.0,4413.98,4414.24,4413.64,4413.86,19,ACTIVE_19s,60.0,12.0,26.0,22.0,43.3,36.7,43.3,BLOCKED_43.3%,0.00,0.0,NO,STANDBY_VEL_LOW,0,0.00,4590.00,68.56,FALSE,M1_DIRECTION_MISMATCH|OPENING_SHIELD_ACTIVE_19s
2026-09-07 15:04:20.283,1788793460.284,3959,41,507,4413.68,4413.76,8.0,PASS_<=10c,-18.0,DOWN,-30.0,-349.0,4.2,+11.75,2.80,SLOW,4417.17,4417.42,4415.65,4416.07,0.00,0.00,0.0,BULLISH,177.0,4413.98,4414.24,4413.64,4413.68,20,CLEARED_>=20s,60.0,30.0,26.0,4.0,43.3,6.7,43.3,BLOCKED_43.3%,0.00,0.0,NO,STANDBY_VEL_LOW,0,0.00,4590.00,68.56,FALSE,M1_DIRECTION_MISMATCH
2026-09-07 15:04:20.785,1788793460.785,3960,42,508,4413.64,4413.72,8.0,PASS_<=10c,-4.0,DOWN,-34.0,-353.0,4.2,+8.39,2.00,SLOW,4417.17,4417.42,4415.65,4416.07,0.00,0.00,0.0,BULLISH,177.0,4413.98,4414.24,4413.64,4413.64,20,CLEARED_>=20s,60.0,34.0,26.0,0.0,43.3,0.0,43.3,BLOCKED_43.3%,0.00,0.0,NO,STANDBY_VEL_LOW,0,0.00,4590.00,68.56,FALSE,M1_DIRECTION_MISMATCH
2026-09-07 15:04:21.286,1788793461.287,3961,43,509,4413.62,4413.70,8.0,PASS_<=10c,-2.0,DOWN,-36.0,-355.0,4.2,+8.39,2.00,SLOW,4417.17,4417.42,4415.65,4416.07,0.00,0.00,0.0,BULLISH,177.0,4413.98,4414.24,4413.62,4413.62,21,CLEARED_>=20s,62.0,36.0,26.0,0.0,41.9,0.0,41.9,BLOCKED_41.9%,0.00,0.0,NO,STANDBY_VEL_LOW,0,0.00,4590.00,68.56,FALSE,M1_DIRECTION_MISMATCH
2026-09-07 15:04:21.788,1788793461.789,3962,44,510,4413.58,4413.66,8.0,PASS_<=10c,-4.0,DOWN,-40.0,-359.0,4.2,+7.35,1.75,SLOW,4417.17,4417.42,4415.65,4416.07,0.00,0.00,0.0,BULLISH,177.0,4413.98,4414.24,4413.58,4413.58,21,CLEARED_>=20s,66.0,40.0,26.0,0.0,39.4,0.0,39.4,BLOCKED_39.4%,0.00,0.0,NO,STANDBY_VEL_LOW,0,0.00,4590.00,68.56,FALSE,M1_DIRECTION_MISMATCH
2026-09-07 15:04:22.290,1788793462.290,3963,45,511,4413.58,4413.66,8.0,PASS_<=10c,+0.0,FLAT,-40.0,-359.0,4.2,+5.88,1.40,SLOW,4417.17,4417.42,4415.65,4416.07,0.00,0.00,0.0,BULLISH,177.0,4413.98,4414.24,4413.58,4413.58,22,CLEARED_>=20s,66.0,40.0,26.0,0.0,39.4,0.0,39.4,BLOCKED_39.4%,0.00,0.0,NO,STANDBY_VEL_LOW,0,0.00,4590.00,68.56,FALSE,M1_DIRECTION_MISMATCH
2026-09-07 15:04:22.790,1788793462.790,3964,46,512,4413.56,4413.64,8.0,PASS_<=10c,-2.0,DOWN,-42.0,-361.0,4.2,+5.88,1.40,SLOW,4417.17,4417.42,4415.65,4416.07,0.00,0.00,0.0,BULLISH,177.0,4413.98,4414.24,4413.56,4413.56,22,CLEARED_>=20s,68.0,42.0,26.0,0.0,38.2,0.0,38.2,BLOCKED_38.2%,0.00,0.0,NO,STANDBY_VEL_LOW,0,0.00,4590.00,68.56,FALSE,M1_DIRECTION_MISMATCH
2026-09-07 15:04:23.291,1788793463.291,3965,47,513,4413.61,4413.69,8.0,PASS_<=10c,+5.0,UP,-37.0,-356.0,4.2,+4.62,1.10,SLOW,4417.17,4417.42,4415.65,4416.07,0.00,0.00,0.0,BULLISH,177.0,4413.98,4414.24,4413.56,4413.61,23,CLEARED_>=20s,68.0,37.0,26.0,5.0,38.2,7.4,38.2,BLOCKED_38.2%,0.00,0.0,NO,STANDBY_VEL_LOW,0,0.00,4590.00,68.56,FALSE,M1_DIRECTION_MISMATCH
2026-09-07 15:04:23.793,1788793463.793,3966,48,514,4413.67,4413.75,8.0,PASS_<=10c,+6.0,UP,-31.0,-350.0,4.2,+3.36,0.80,SLOW,4417.17,4417.42,4415.65,4416.07,0.00,0.00,0.0,BULLISH,177.0,4413.98,4414.24,4413.56,4413.67,23,CLEARED_>=20s,68.0,31.0,26.0,11.0,38.2,16.2,38.2,BLOCKED_38.2%,0.00,0.0,NO,STANDBY_VEL_LOW,0,0.00,4590.00,68.56,FALSE,M1_DIRECTION_MISMATCH
2026-09-07 15:04:24.295,1788793464.296,3967,49,515,4413.67,4413.75,8.0,PASS_<=10c,+0.0,FLAT,-31.0,-350.0,4.2,+3.78,0.90,SLOW,4417.17,4417.42,4415.65,4416.07,0.00,0.00,0.0,BULLISH,177.0,4413.98,4414.24,4413.56,4413.67,24,CLEARED_>=20s,68.0,31.0,26.0,11.0,38.2,16.2,38.2,BLOCKED_38.2%,0.00,0.0,NO,STANDBY_VEL_LOW,0,0.00,4590.00,68.56,FALSE,M1_DIRECTION_MISMATCH
2026-09-07 15:04:24.795,1788793464.796,3968,50,516,4413.67,4413.75,8.0,PASS_<=10c,+0.0,FLAT,-31.0,-350.0,4.2,+3.57,0.85,SLOW,4417.17,4417.42,4415.65,4416.07,0.00,0.00,0.0,BULLISH,177.0,4413.98,4414.24,4413.56,4413.67,24,CLEARED_>=20s,68.0,31.0,26.0,11.0,38.2,16.2,38.2,BLOCKED_38.2%,0.00,0.0,NO,STANDBY_VEL_LOW,0,0.00,4590.00,68.56,FALSE,M1_DIRECTION_MISMATCH
2026-09-07 15:04:25.297,1788793465.298,3969,51,517,4413.68,4413.76,8.0,PASS_<=10c,+1.0,UP,-30.0,-349.0,4.2,+0.84,0.20,SLOW,4417.17,4417.42,4415.65,4416.07,0.00,0.00,0.0,BULLISH,177.0,4413.98,4414.24,4413.56,4413.68,25,CLEARED_>=20s,68.0,30.0,26.0,12.0,38.2,17.6,38.2,BLOCKED_38.2%,0.00,0.0,NO,STANDBY_VEL_LOW,0,0.00,4590.00,68.56,FALSE,M1_DIRECTION_MISMATCH
2026-09-07 15:04:25.799,1788793465.800,3970,52,518,4413.68,4413.76,8.0,PASS_<=10c,+0.0,FLAT,-30.0,-349.0,4.2,+1.26,0.30,SLOW,4417.17,4417.42,4415.65,4416.07,0.00,0.00,0.0,BULLISH,177.0,4413.98,4414.24,4413.56,4413.68,25,CLEARED_>=20s,68.0,30.0,26.0,12.0,38.2,17.6,38.2,BLOCKED_38.2%,0.00,0.0,NO,STANDBY_VEL_LOW,0,0.00,4590.00,68.56,FALSE,M1_DIRECTION_MISMATCH
2026-09-07 15:04:26.303,1788793466.303,3971,53,519,4413.67,4413.75,8.0,PASS_<=10c,-1.0,DOWN,-31.0,-350.0,4.2,+1.89,0.45,SLOW,4417.17,4417.42,4415.65,4416.07,0.00,0.00,0.0,BULLISH,177.0,4413.98,4414.24,4413.56,4413.67,26,CLEARED_>=20s,68.0,31.0,26.0,11.0,38.2,16.2,38.2,BLOCKED_38.2%,0.00,0.0,NO,STANDBY_VEL_LOW,0,0.00,4590.00,68.56,FALSE,M1_DIRECTION_MISMATCH
2026-09-07 15:04:26.804,1788793466.804,3972,54,520,4413.66,4413.74,8.0,PASS_<=10c,-1.0,DOWN,-32.0,-351.0,4.2,+1.68,0.40,SLOW,4417.17,4417.42,4415.65,4416.07,0.00,0.00,0.0,BULLISH,177.0,4413.98,4414.24,4413.56,4413.66,26,CLEARED_>=20s,68.0,32.0,26.0,10.0,38.2,14.7,38.2,BLOCKED_38.2%,0.00,0.0,NO,STANDBY_VEL_LOW,0,0.00,4590.00,68.56,FALSE,M1_DIRECTION_MISMATCH
2026-09-07 15:04:27.306,1788793467.307,3973,55,521,4413.66,4413.74,8.0,PASS_<=10c,+0.0,FLAT,-32.0,-351.0,4.2,+1.89,0.45,SLOW,4417.17,4417.42,4415.65,4416.07,0.00,0.00,0.0,BULLISH,177.0,4413.98,4414.24,4413.56,4413.66,27,CLEARED_>=20s,68.0,32.0,26.0,10.0,38.2,14.7,38.2,BLOCKED_38.2%,0.00,0.0,NO,STANDBY_VEL_LOW,0,0.00,4590.00,68.56,FALSE,M1_DIRECTION_MISMATCH
2026-09-07 15:04:27.808,1788793467.809,3974,56,522,4413.66,4413.74,8.0,PASS_<=10c,+0.0,FLAT,-32.0,-351.0,4.2,+1.47,0.35,SLOW,4417.17,4417.42,4415.65,4416.07,0.00,0.00,0.0,BULLISH,177.0,4413.98,4414.24,4413.56,4413.66,27,CLEARED_>=20s,68.0,32.0,26.0,10.0,38.2,14.7,38.2,BLOCKED_38.2%,0.00,0.0,NO,STANDBY_VEL_LOW,0,0.00,4590.00,68.56,FALSE,M1_DIRECTION_MISMATCH
2026-09-07 15:04:28.310,1788793468.311,3975,57,523,4413.52,4413.60,8.0,PASS_<=10c,-14.0,DOWN,-46.0,-365.0,4.2,+1.89,0.45,SLOW,4417.17,4417.42,4415.65,4416.07,0.00,0.00,0.0,BULLISH,177.0,4413.98,4414.24,4413.52,4413.52,28,CLEARED_>=20s,72.0,46.0,26.0,0.0,36.1,0.0,36.1,BLOCKED_36.1%,0.00,0.0,NO,STANDBY_VEL_LOW,0,0.00,4590.00,68.56,FALSE,M1_DIRECTION_MISMATCH
2026-09-07 15:04:28.812,1788793468.813,3976,58,524,4413.48,4413.56,8.0,PASS_<=10c,-4.0,DOWN,-50.0,-369.0,4.2,+3.98,0.95,SLOW,4417.17,4417.42,4415.65,4416.07,0.00,0.00,0.0,BULLISH,177.0,4413.98,4414.24,4413.48,4413.48,28,CLEARED_>=20s,76.0,50.0,26.0,0.0,34.2,0.0,34.2,BLOCKED_34.2%,0.00,0.0,NO,STANDBY_VEL_LOW,0,0.00,4590.00,68.56,FALSE,M1_DIRECTION_MISMATCH
2026-09-07 15:04:29.314,1788793469.314,3977,59,525,4413.48,4413.56,8.0,PASS_<=10c,+0.0,FLAT,-50.0,-369.0,4.2,+3.98,0.95,SLOW,4417.17,4417.42,4415.65,4416.07,0.00,0.00,0.0,BULLISH,177.0,4413.98,4414.24,4413.45,4413.48,29,CLEARED_>=20s,79.0,50.0,26.0,3.0,32.9,3.8,32.9,BLOCKED_32.9%,0.00,0.0,NO,STANDBY_VEL_LOW,0,0.00,4590.00,68.56,FALSE,M1_DIRECTION_MISMATCH
2026-09-07 15:04:29.820,1788793469.820,3978,60,526,4413.78,4413.86,8.0,PASS_<=10c,+30.0,UP,-20.0,-339.0,4.2,+2.10,0.50,SLOW,4417.17,4417.42,4415.65,4416.07,0.00,0.00,0.0,BULLISH,177.0,4413.98,4414.24,4413.45,4413.78,29,CLEARED_>=20s,79.0,20.0,26.0,33.0,32.9,41.8,32.9,BLOCKED_32.9%,0.00,0.0,NO,STANDBY_VEL_LOW,0,0.00,4590.00,68.56,FALSE,M1_DIRECTION_MISMATCH
2026-09-07 15:04:30.317,1788793470.317,3979,61,527,4413.82,4413.90,8.0,PASS_<=10c,+4.0,UP,-16.0,-335.0,4.2,+2.94,0.70,SLOW,4417.17,4417.42,4415.65,4416.07,0.00,0.00,0.0,BULLISH,177.0,4413.98,4414.24,4413.45,4413.82,30,CLEARED_>=20s,79.0,16.0,26.0,37.0,32.9,46.8,32.9,BLOCKED_32.9%,0.00,0.0,NO,STANDBY_VEL_LOW,0,0.00,4590.00,68.56,FALSE,M1_DIRECTION_MISMATCH
2026-09-07 15:04:30.818,1788793470.818,3980,62,528,4413.72,4413.80,8.0,PASS_<=10c,-10.0,DOWN,-26.0,-345.0,4.2,+1.05,0.25,SLOW,4417.17,4417.42,4415.65,4416.07,0.00,0.00,0.0,BULLISH,177.0,4413.98,4414.24,4413.45,4413.72,30,CLEARED_>=20s,79.0,26.0,26.0,27.0,32.9,34.2,32.9,BLOCKED_32.9%,0.00,0.0,NO,STANDBY_VEL_LOW,0,0.00,4590.00,68.56,FALSE,M1_DIRECTION_MISMATCH
2026-09-07 15:04:31.318,1788793471.319,3981,63,529,4413.50,4413.58,8.0,PASS_<=10c,-22.0,DOWN,-48.0,-367.0,4.2,+3.57,0.85,SLOW,4417.17,4417.42,4415.65,4416.07,0.00,0.00,0.0,BULLISH,177.0,4413.98,4414.24,4413.45,4413.50,31,CLEARED_>=20s,79.0,48.0,26.0,5.0,32.9,6.3,32.9,BLOCKED_32.9%,0.00,0.0,NO,STANDBY_VEL_LOW,0,0.00,4590.00,68.56,FALSE,M1_DIRECTION_MISMATCH
2026-09-07 15:04:31.821,1788793471.822,3982,64,530,4413.51,4413.59,8.0,PASS_<=10c,+1.0,UP,-47.0,-366.0,4.2,+3.15,0.75,SLOW,4417.17,4417.42,4415.65,4416.07,0.00,0.00,0.0,BULLISH,177.0,4413.98,4414.24,4413.45,4413.51,31,CLEARED_>=20s,79.0,47.0,26.0,6.0,32.9,7.6,32.9,BLOCKED_32.9%,0.00,0.0,NO,STANDBY_VEL_LOW,0,0.00,4590.00,68.56,FALSE,M1_DIRECTION_MISMATCH
2026-09-07 15:04:32.322,1788793472.322,3983,65,531,4413.66,4413.74,8.0,PASS_<=10c,+15.0,UP,-32.0,-351.0,4.2,+0.00,0.00,SLOW,4417.17,4417.42,4415.65,4416.07,0.00,0.00,0.0,BULLISH,177.0,4413.98,4414.24,4413.45,4413.66,32,CLEARED_>=20s,79.0,32.0,26.0,21.0,32.9,26.6,32.9,BLOCKED_32.9%,0.00,0.0,NO,STANDBY_VEL_LOW,0,0.00,4590.00,68.56,FALSE,M1_DIRECTION_MISMATCH
2026-09-07 15:04:32.824,1788793472.825,3984,66,532,4413.67,4413.75,8.0,PASS_<=10c,+1.0,UP,-31.0,-350.0,4.2,+2.94,0.70,SLOW,4417.17,4417.42,4415.65,4416.07,0.00,0.00,0.0,BULLISH,177.0,4413.98,4414.24,4413.45,4413.67,32,CLEARED_>=20s,79.0,31.0,26.0,22.0,32.9,27.8,32.9,BLOCKED_32.9%,0.00,0.0,NO,STANDBY_VEL_LOW,0,0.00,4590.00,68.56,FALSE,M1_DIRECTION_MISMATCH
2026-09-07 15:04:33.325,1788793473.326,3985,67,533,4413.72,4413.80,8.0,PASS_<=10c,+5.0,UP,-26.0,-345.0,4.2,+5.04,1.20,SLOW,4417.17,4417.42,4415.65,4416.07,0.00,0.00,0.0,BULLISH,177.0,4413.98,4414.24,4413.45,4413.72,33,CLEARED_>=20s,79.0,26.0,26.0,27.0,32.9,34.2,32.9,BLOCKED_32.9%,0.00,0.0,NO,STANDBY_VEL_LOW,0,0.00,4590.00,68.56,FALSE,M1_DIRECTION_MISMATCH
2026-09-07 15:04:33.827,1788793473.827,3986,68,534,4413.71,4413.79,8.0,PASS_<=10c,-1.0,DOWN,-27.0,-346.0,4.2,+5.46,1.30,SLOW,4417.17,4417.42,4415.65,4416.07,0.00,0.00,0.0,BULLISH,177.0,4413.98,4414.24,4413.45,4413.71,33,CLEARED_>=20s,79.0,27.0,26.0,26.0,32.9,32.9,32.9,BLOCKED_32.9%,0.00,0.0,NO,STANDBY_VEL_LOW,0,0.00,4590.00,68.56,FALSE,M1_DIRECTION_MISMATCH
2026-09-07 15:04:34.328,1788793474.329,3987,69,535,4413.71,4413.79,8.0,PASS_<=10c,+0.0,FLAT,-27.0,-346.0,4.2,+4.20,1.00,SLOW,4417.17,4417.42,4415.65,4416.07,0.00,0.00,0.0,BULLISH,177.0,4413.98,4414.24,4413.45,4413.71,34,CLEARED_>=20s,79.0,27.0,26.0,26.0,32.9,32.9,32.9,BLOCKED_32.9%,0.00,0.0,NO,STANDBY_VEL_LOW,0,0.00,4590.00,68.56,FALSE,M1_DIRECTION_MISMATCH
2026-09-07 15:04:34.830,1788793474.831,3988,70,536,4413.71,4413.79,8.0,PASS_<=10c,+0.0,FLAT,-27.0,-346.0,4.2,+2.31,0.55,SLOW,4417.17,4417.42,4415.65,4416.07,0.00,0.00,0.0,BULLISH,177.0,4413.98,4414.24,4413.45,4413.71,34,CLEARED_>=20s,79.0,27.0,26.0,26.0,32.9,32.9,32.9,BLOCKED_32.9%,0.00,0.0,NO,STANDBY_VEL_LOW,0,0.00,4590.00,68.56,FALSE,M1_DIRECTION_MISMATCH
2026-09-07 15:04:35.331,1788793475.331,3989,71,537,4413.71,4413.79,8.0,PASS_<=10c,+0.0,FLAT,-27.0,-346.0,4.2,+2.31,0.55,SLOW,4417.17,4417.42,4415.65,4416.07,0.00,0.00,0.0,BULLISH,177.0,4413.98,4414.24,4413.45,4413.71,35,CLEARED_>=20s,79.0,27.0,26.0,26.0,32.9,32.9,32.9,BLOCKED_32.9%,0.00,0.0,NO,STANDBY_VEL_LOW,0,0.00,4590.00,68.56,FALSE,M1_DIRECTION_MISMATCH
2026-09-07 15:04:35.832,1788793475.833,3990,72,538,4413.50,4413.58,8.0,PASS_<=10c,-21.0,DOWN,-48.0,-367.0,4.2,+1.68,0.40,SLOW,4417.17,4417.42,4415.65,4416.07,0.00,0.00,0.0,BULLISH,177.0,4413.98,4414.24,4413.45,4413.50,35,CLEARED_>=20s,79.0,48.0,26.0,5.0,32.9,6.3,32.9,BLOCKED_32.9%,0.00,0.0,NO,STANDBY_VEL_LOW,0,0.00,4590.00,68.56,FALSE,M1_DIRECTION_MISMATCH
2026-09-07 15:04:36.334,1788793476.334,3991,73,539,4413.48,4413.56,8.0,PASS_<=10c,-2.0,DOWN,-50.0,-369.0,4.2,+0.42,0.10,SLOW,4417.17,4417.42,4415.65,4416.07,0.00,0.00,0.0,BULLISH,177.0,4413.98,4414.24,4413.45,4413.48,36,CLEARED_>=20s,79.0,50.0,26.0,3.0,32.9,3.8,32.9,BLOCKED_32.9%,0.00,0.0,NO,STANDBY_VEL_LOW,0,0.00,4590.00,68.56,FALSE,M1_DIRECTION_MISMATCH
2026-09-07 15:04:36.837,1788793476.837,3992,74,540,4413.48,4413.56,8.0,PASS_<=10c,+0.0,FLAT,-50.0,-369.0,4.2,+3.78,0.90,SLOW,4417.17,4417.42,4415.65,4416.07,0.00,0.00,0.0,BULLISH,177.0,4413.98,4414.24,4413.45,4413.48,36,CLEARED_>=20s,79.0,50.0,26.0,3.0,32.9,3.8,32.9,BLOCKED_32.9%,0.00,0.0,NO,STANDBY_VEL_LOW,0,0.00,4590.00,68.56,FALSE,M1_DIRECTION_MISMATCH
2026-09-07 15:04:37.337,1788793477.337,3993,75,541,4413.53,4413.61,8.0,PASS_<=10c,+5.0,UP,-45.0,-364.0,4.2,+2.94,0.70,SLOW,4417.17,4417.42,4415.65,4416.07,0.00,0.00,0.0,BULLISH,177.0,4413.98,4414.24,4413.45,4413.53,37,CLEARED_>=20s,79.0,45.0,26.0,8.0,32.9,10.1,32.9,BLOCKED_32.9%,0.00,0.0,NO,STANDBY_VEL_LOW,0,0.00,4590.00,68.56,FALSE,M1_DIRECTION_MISMATCH
2026-09-07 15:04:37.838,1788793477.839,3994,76,542,4413.53,4413.61,8.0,PASS_<=10c,+0.0,FLAT,-45.0,-364.0,4.2,+3.99,0.95,SLOW,4417.17,4417.42,4415.65,4416.07,0.00,0.00,0.0,BULLISH,177.0,4413.98,4414.24,4413.45,4413.53,37,CLEARED_>=20s,79.0,45.0,26.0,8.0,32.9,10.1,32.9,BLOCKED_32.9%,0.00,0.0,NO,STANDBY_VEL_LOW,0,0.00,4590.00,68.56,FALSE,M1_DIRECTION_MISMATCH
2026-09-07 15:04:38.339,1788793478.340,3995,77,543,4413.53,4413.61,8.0,PASS_<=10c,+0.0,FLAT,-45.0,-364.0,4.2,+3.99,0.95,SLOW,4417.17,4417.42,4415.65,4416.07,0.00,0.00,0.0,BULLISH,177.0,4413.98,4414.24,4413.45,4413.53,38,CLEARED_>=20s,79.0,45.0,26.0,8.0,32.9,10.1,32.9,BLOCKED_32.9%,0.00,0.0,NO,STANDBY_VEL_LOW,0,0.00,4590.00,68.56,FALSE,M1_DIRECTION_MISMATCH
2026-09-07 15:04:38.841,1788793478.842,3996,78,544,4413.49,4413.57,8.0,PASS_<=10c,-4.0,DOWN,-49.0,-368.0,4.2,+4.62,1.10,SLOW,4417.17,4417.42,4415.65,4416.07,0.00,0.00,0.0,BULLISH,177.0,4413.98,4414.24,4413.45,4413.49,38,CLEARED_>=20s,79.0,49.0,26.0,4.0,32.9,5.1,32.9,BLOCKED_32.9%,0.00,0.0,NO,STANDBY_VEL_LOW,0,0.00,4590.00,68.56,FALSE,M1_DIRECTION_MISMATCH
2026-09-07 15:04:39.342,1788793479.342,3997,79,545,4413.44,4413.52,8.0,PASS_<=10c,-5.0,DOWN,-54.0,-373.0,4.2,+5.67,1.35,SLOW,4417.17,4417.42,4415.65,4416.07,0.00,0.00,0.0,BULLISH,177.0,4413.98,4414.24,4413.44,4413.44,39,CLEARED_>=20s,80.0,54.0,26.0,0.0,32.5,0.0,32.5,BLOCKED_32.5%,0.00,0.0,NO,STANDBY_VEL_LOW,0,0.00,4590.00,68.56,FALSE,M1_DIRECTION_MISMATCH
2026-09-07 15:04:39.843,1788793479.843,3998,80,546,4413.33,4413.41,8.0,PASS_<=10c,-11.0,DOWN,-65.0,-384.0,4.2,+7.98,1.90,SLOW,4417.17,4417.42,4415.65,4416.07,0.00,0.00,0.0,BULLISH,177.0,4413.98,4414.24,4413.33,4413.33,39,CLEARED_>=20s,91.0,65.0,26.0,0.0,28.6,0.0,28.6,BLOCKED_28.6%,0.00,0.0,NO,STANDBY_VEL_LOW,0,0.00,4590.00,68.56,FALSE,M1_DIRECTION_MISMATCH
2026-09-07 15:04:40.346,1788793480.346,3999,81,547,4413.35,4413.43,8.0,PASS_<=10c,+2.0,UP,-63.0,-382.0,4.2,+7.56,1.80,SLOW,4417.17,4417.42,4415.65,4416.07,0.00,0.00,0.0,BULLISH,177.0,4413.98,4414.24,4413.31,4413.35,40,CLEARED_>=20s,93.0,63.0,26.0,4.0,28.0,4.3,28.0,BLOCKED_28.0%,0.00,0.0,NO,STANDBY_VEL_LOW,0,0.00,4590.00,68.56,FALSE,M1_DIRECTION_MISMATCH
2026-09-07 15:04:40.847,1788793480.847,4000,82,548,4413.31,4413.39,8.0,PASS_<=10c,-4.0,DOWN,-67.0,-386.0,4.2,+3.57,0.85,SLOW,4417.17,4417.42,4415.65,4416.07,0.00,0.00,0.0,BULLISH,177.0,4413.98,4414.24,4413.31,4413.31,40,CLEARED_>=20s,93.0,67.0,26.0,0.0,28.0,0.0,28.0,BLOCKED_28.0%,0.00,0.0,NO,STANDBY_VEL_LOW,0,0.00,4590.00,68.56,FALSE,M1_DIRECTION_MISMATCH
2026-09-07 15:04:41.349,1788793481.350,4001,83,549,4413.40,4413.48,8.0,PASS_<=10c,+9.0,UP,-58.0,-377.0,4.2,+1.68,0.40,SLOW,4417.17,4417.42,4415.65,4416.07,0.00,0.00,0.0,BULLISH,177.0,4413.98,4414.24,4413.31,4413.40,41,CLEARED_>=20s,93.0,58.0,26.0,9.0,28.0,9.7,28.0,BLOCKED_28.0%,0.00,0.0,NO,STANDBY_VEL_LOW,0,0.00,4590.00,68.56,FALSE,M1_DIRECTION_MISMATCH
2026-09-07 15:04:41.851,1788793481.852,4002,84,550,4413.41,4413.49,8.0,PASS_<=10c,+1.0,UP,-57.0,-376.0,4.2,+2.31,0.55,SLOW,4417.17,4417.42,4415.65,4416.07,0.00,0.00,0.0,BULLISH,177.0,4413.98,4414.24,4413.31,4413.41,41,CLEARED_>=20s,93.0,57.0,26.0,10.0,28.0,10.8,28.0,BLOCKED_28.0%,0.00,0.0,NO,STANDBY_VEL_LOW,0,0.00,4590.00,68.56,FALSE,M1_DIRECTION_MISMATCH
2026-09-07 15:04:42.353,1788793482.353,4003,85,551,4413.32,4413.40,8.0,PASS_<=10c,-9.0,DOWN,-66.0,-385.0,4.2,+4.41,1.05,SLOW,4417.17,4417.42,4415.65,4416.07,0.00,0.00,0.0,BULLISH,177.0,4413.98,4414.24,4413.31,4413.32,42,CLEARED_>=20s,93.0,66.0,26.0,1.0,28.0,1.1,28.0,BLOCKED_28.0%,0.00,0.0,NO,STANDBY_VEL_LOW,0,0.00,4590.00,68.56,FALSE,M1_DIRECTION_MISMATCH
2026-09-07 15:04:42.855,1788793482.855,4004,86,552,4413.27,4413.35,8.0,PASS_<=10c,-5.0,DOWN,-71.0,-390.0,4.2,+5.46,1.30,SLOW,4417.17,4417.42,4415.65,4416.07,0.00,0.00,0.0,BULLISH,177.0,4413.98,4414.24,4413.27,4413.27,42,CLEARED_>=20s,97.0,71.0,26.0,0.0,26.8,0.0,26.8,BLOCKED_26.8%,0.00,0.0,NO,STANDBY_VEL_LOW,0,0.00,4590.00,68.56,FALSE,M1_DIRECTION_MISMATCH
2026-09-07 15:04:43.360,1788793483.360,4005,87,553,4413.25,4413.33,8.0,PASS_<=10c,-2.0,DOWN,-73.0,-392.0,4.2,+5.87,1.40,SLOW,4417.17,4417.42,4415.65,4416.07,0.00,0.00,0.0,BULLISH,177.0,4413.98,4414.24,4413.25,4413.25,43,CLEARED_>=20s,99.0,73.0,26.0,0.0,26.3,0.0,26.3,BLOCKED_26.3%,0.00,0.0,NO,STANDBY_VEL_LOW,0,0.00,4590.00,68.56,FALSE,M1_DIRECTION_MISMATCH
2026-09-07 15:04:43.859,1788793483.860,4006,88,554,4412.98,4413.06,8.0,PASS_<=10c,-27.0,DOWN,-100.0,-419.0,4.2,+9.86,2.35,SLOW,4417.17,4417.42,4415.65,4416.07,0.00,0.00,0.0,BULLISH,177.0,4413.98,4414.24,4412.98,4412.98,43,CLEARED_>=20s,126.0,100.0,26.0,0.0,20.6,0.0,20.6,BLOCKED_20.6%,0.00,0.0,NO,STANDBY_VEL_LOW,0,0.00,4590.00,68.56,FALSE,M1_DIRECTION_MISMATCH
2026-09-07 15:04:44.361,1788793484.361,4007,89,555,4412.97,4413.05,8.0,PASS_<=10c,-1.0,DOWN,-101.0,-420.0,4.2,+8.39,2.00,SLOW,4417.17,4417.42,4415.65,4416.07,0.00,0.00,0.0,BULLISH,177.0,4413.98,4414.24,4412.96,4412.97,44,CLEARED_>=20s,128.0,101.0,26.0,1.0,20.3,0.8,20.3,BLOCKED_20.3%,0.00,0.0,NO,STANDBY_VEL_LOW,0,0.00,4590.00,68.56,FALSE,M1_DIRECTION_MISMATCH
2026-09-07 15:04:44.863,1788793484.863,4008,90,556,4412.88,4412.96,8.0,PASS_<=10c,-9.0,DOWN,-110.0,-429.0,4.2,+9.02,2.15,SLOW,4417.17,4417.42,4415.65,4416.07,0.00,0.00,0.0,BULLISH,177.0,4413.98,4414.24,4412.88,4412.88,44,CLEARED_>=20s,136.0,110.0,26.0,0.0,19.1,0.0,19.1,PASS_<20%,0.00,0.0,NO,STANDBY_VEL_LOW,0,0.00,4590.00,68.56,FALSE,M1_DIRECTION_MISMATCH
2026-09-07 15:04:45.365,1788793485.366,4009,91,557,4412.90,4412.98,8.0,PASS_<=10c,+2.0,UP,-108.0,-427.0,4.2,+8.81,2.10,SLOW,4417.17,4417.42,4415.65,4416.07,0.00,0.00,0.0,BULLISH,177.0,4413.98,4414.24,4412.88,4412.90,45,CLEARED_>=20s,136.0,108.0,26.0,2.0,19.1,1.5,19.1,PASS_<20%,0.00,0.0,NO,STANDBY_VEL_LOW,0,0.00,4590.00,68.56,FALSE,M1_DIRECTION_MISMATCH
2026-09-07 15:04:45.867,1788793485.868,4010,92,558,4412.95,4413.03,8.0,PASS_<=10c,+5.0,UP,-103.0,-422.0,4.2,+8.60,2.05,SLOW,4417.17,4417.42,4415.65,4416.07,0.00,0.00,0.0,BULLISH,177.0,4413.98,4414.24,4412.88,4412.95,45,CLEARED_>=20s,136.0,103.0,26.0,7.0,19.1,5.1,19.1,PASS_<20%,0.00,0.0,NO,STANDBY_VEL_LOW,0,0.00,4590.00,68.56,FALSE,M1_DIRECTION_MISMATCH
2026-09-07 15:04:46.369,1788793486.370,4011,93,559,4412.96,4413.04,8.0,PASS_<=10c,+1.0,UP,-102.0,-421.0,4.2,+9.44,2.25,SLOW,4417.17,4417.42,4415.65,4416.07,0.00,0.00,0.0,BULLISH,177.0,4413.98,4414.24,4412.88,4412.96,46,CLEARED_>=20s,136.0,102.0,26.0,8.0,19.1,5.9,19.1,PASS_<20%,0.00,0.0,NO,STANDBY_VEL_LOW,0,0.00,4590.00,68.56,FALSE,M1_DIRECTION_MISMATCH
2026-09-07 15:04:46.871,1788793486.871,4012,94,560,4412.96,4413.04,8.0,PASS_<=10c,+0.0,FLAT,-102.0,-421.0,4.2,+9.23,2.20,SLOW,4417.17,4417.42,4415.65,4416.07,0.00,0.00,0.0,BULLISH,177.0,4413.98,4414.24,4412.88,4412.96,46,CLEARED_>=20s,136.0,102.0,26.0,8.0,19.1,5.9,19.1,PASS_<20%,0.00,0.0,NO,STANDBY_VEL_LOW,0,0.00,4590.00,68.56,FALSE,M1_DIRECTION_MISMATCH
2026-09-07 15:04:47.371,1788793487.372,4013,95,561,4412.96,4413.04,8.0,PASS_<=10c,+0.0,FLAT,-102.0,-421.0,4.2,+6.50,1.55,SLOW,4417.17,4417.42,4415.65,4416.07,0.00,0.00,0.0,BULLISH,177.0,4413.98,4414.24,4412.88,4412.96,47,CLEARED_>=20s,136.0,102.0,26.0,8.0,19.1,5.9,19.1,PASS_<20%,0.00,0.0,NO,STANDBY_VEL_LOW,0,0.00,4590.00,68.56,FALSE,M1_DIRECTION_MISMATCH
2026-09-07 15:04:47.874,1788793487.875,4014,96,562,4412.81,4412.89,8.0,PASS_<=10c,-15.0,DOWN,-117.0,-436.0,4.2,+9.65,2.30,SLOW,4417.17,4417.42,4415.65,4416.07,0.00,0.00,0.0,BULLISH,177.0,4413.98,4414.24,4412.81,4412.81,47,CLEARED_>=20s,143.0,117.0,26.0,0.0,18.2,0.0,18.2,PASS_<20%,0.00,0.0,NO,STANDBY_VEL_LOW,0,0.00,4590.00,68.56,FALSE,M1_DIRECTION_MISMATCH
2026-09-07 15:04:48.376,1788793488.376,4015,97,563,4412.81,4412.89,8.0,PASS_<=10c,+0.0,FLAT,-117.0,-436.0,4.2,+8.18,1.95,SLOW,4417.17,4417.42,4415.65,4416.07,0.00,0.00,0.0,BULLISH,177.0,4413.98,4414.24,4412.81,4412.81,48,CLEARED_>=20s,143.0,117.0,26.0,0.0,18.2,0.0,18.2,PASS_<20%,0.00,0.0,NO,STANDBY_VEL_LOW,0,0.00,4590.00,68.56,FALSE,M1_DIRECTION_MISMATCH
2026-09-07 15:04:48.878,1788793488.878,4016,98,564,4412.75,4412.83,8.0,PASS_<=10c,-6.0,DOWN,-123.0,-442.0,4.2,+4.41,1.05,SLOW,4417.17,4417.42,4415.65,4416.07,0.00,0.00,0.0,BULLISH,177.0,4413.98,4414.24,4412.75,4412.75,48,CLEARED_>=20s,149.0,123.0,26.0,0.0,17.4,0.0,17.4,PASS_<20%,0.00,0.0,NO,STANDBY_VEL_LOW,0,0.00,4590.00,68.56,FALSE,M1_DIRECTION_MISMATCH
2026-09-07 15:04:49.378,1788793489.379,4017,99,565,4412.75,4412.83,8.0,PASS_<=10c,+0.0,FLAT,-123.0,-442.0,4.2,+3.15,0.75,SLOW,4417.17,4417.42,4415.65,4416.07,0.00,0.00,0.0,BULLISH,177.0,4413.98,4414.24,4412.75,4412.75,49,CLEARED_>=20s,149.0,123.0,26.0,0.0,17.4,0.0,17.4,PASS_<20%,0.00,0.0,NO,STANDBY_VEL_LOW,0,0.00,4590.00,68.56,FALSE,M1_DIRECTION_MISMATCH
2026-09-07 15:04:49.881,1788793489.881,4018,100,566,4412.75,4412.83,8.0,PASS_<=10c,+0.0,FLAT,-123.0,-442.0,4.2,+2.94,0.70,SLOW,4417.17,4417.42,4415.65,4416.07,0.00,0.00,0.0,BULLISH,177.0,4413.98,4414.24,4412.75,4412.75,49,CLEARED_>=20s,149.0,123.0,26.0,0.0,17.4,0.0,17.4,PASS_<20%,0.00,0.0,NO,STANDBY_VEL_LOW,0,0.00,4590.00,68.56,FALSE,M1_DIRECTION_MISMATCH
2026-09-07 15:04:50.382,1788793490.382,4019,101,567,4412.75,4412.83,8.0,PASS_<=10c,+0.0,FLAT,-123.0,-442.0,4.2,+4.20,1.00,SLOW,4417.17,4417.42,4415.65,4416.07,0.00,0.00,0.0,BULLISH,177.0,4413.98,4414.24,4412.75,4412.75,50,CLEARED_>=20s,149.0,123.0,26.0,0.0,17.4,0.0,17.4,PASS_<20%,0.00,0.0,NO,STANDBY_VEL_LOW,0,0.00,4590.00,68.56,FALSE,M1_DIRECTION_MISMATCH
2026-09-07 15:04:50.882,1788793490.882,4020,102,568,4412.75,4412.83,8.0,PASS_<=10c,+0.0,FLAT,-123.0,-442.0,4.2,+4.20,1.00,SLOW,4417.17,4417.42,4415.65,4416.07,0.00,0.00,0.0,BULLISH,177.0,4413.98,4414.24,4412.75,4412.75,50,CLEARED_>=20s,149.0,123.0,26.0,0.0,17.4,0.0,17.4,PASS_<20%,0.00,0.0,NO,STANDBY_VEL_LOW,0,0.00,4590.00,68.56,FALSE,M1_DIRECTION_MISMATCH
2026-09-07 15:04:51.383,1788793491.384,4021,103,569,4412.71,4412.79,8.0,PASS_<=10c,-4.0,DOWN,-127.0,-446.0,4.2,+5.25,1.25,SLOW,4417.17,4417.42,4415.65,4416.07,0.00,0.00,0.0,BULLISH,177.0,4413.98,4414.24,4412.71,4412.71,51,CLEARED_>=20s,153.0,127.0,26.0,0.0,17.0,0.0,17.0,PASS_<20%,0.00,0.0,NO,STANDBY_VEL_LOW,0,0.00,4590.00,68.56,FALSE,M1_DIRECTION_MISMATCH
2026-09-07 15:04:51.885,1788793491.886,4022,104,570,4412.16,4412.24,8.0,PASS_<=10c,-55.0,DOWN,-182.0,-501.0,4.2,+16.79,4.00,SLOW,4417.17,4417.42,4415.65,4416.07,0.00,0.00,0.0,BULLISH,177.0,4413.98,4414.24,4412.16,4412.16,51,CLEARED_>=20s,208.0,182.0,26.0,0.0,12.5,0.0,12.5,PASS_<20%,0.00,0.0,NO,STANDBY_VEL_LOW,0,0.00,4590.00,68.56,FALSE,M1_DIRECTION_MISMATCH
2026-09-07 15:04:52.387,1788793492.387,4023,105,571,4412.46,4412.54,8.0,PASS_<=10c,+30.0,UP,-152.0,-471.0,4.2,+8.82,2.10,SLOW,4417.17,4417.42,4415.65,4416.07,0.00,0.00,0.0,BULLISH,177.0,4413.98,4414.24,4412.16,4412.46,52,CLEARED_>=20s,208.0,152.0,26.0,30.0,12.5,14.4,12.5,PASS_<20%,0.00,0.0,NO,STANDBY_VEL_LOW,0,0.00,4590.00,68.56,FALSE,M1_DIRECTION_MISMATCH
2026-09-07 15:04:52.890,1788793492.890,4024,106,572,4412.62,4412.70,8.0,PASS_<=10c,+16.0,UP,-136.0,-455.0,4.2,+3.99,0.95,SLOW,4417.17,4417.42,4415.65,4416.07,0.00,0.00,0.0,BULLISH,177.0,4413.98,4414.24,4412.16,4412.62,52,CLEARED_>=20s,208.0,136.0,26.0,46.0,12.5,22.1,12.5,PASS_<20%,0.00,0.0,NO,STANDBY_VEL_LOW,0,0.00,4590.00,68.56,FALSE,M1_DIRECTION_MISMATCH
2026-09-07 15:04:53.391,1788793493.392,4025,107,573,4412.64,4412.72,8.0,PASS_<=10c,+2.0,UP,-134.0,-453.0,4.2,+2.31,0.55,SLOW,4417.17,4417.42,4415.65,4416.07,0.00,0.00,0.0,BULLISH,177.0,4413.98,4414.24,4412.16,4412.64,53,CLEARED_>=20s,208.0,134.0,26.0,48.0,12.5,23.1,12.5,PASS_<20%,0.00,0.0,NO,STANDBY_VEL_LOW,0,0.00,4590.00,68.56,FALSE,M1_DIRECTION_MISMATCH
2026-09-07 15:04:53.893,1788793493.894,4026,108,574,4412.64,4412.72,8.0,PASS_<=10c,+0.0,FLAT,-134.0,-453.0,4.2,+2.31,0.55,SLOW,4417.17,4417.42,4415.65,4416.07,0.00,0.00,0.0,BULLISH,177.0,4413.98,4414.24,4412.16,4412.64,53,CLEARED_>=20s,208.0,134.0,26.0,48.0,12.5,23.1,12.5,PASS_<20%,0.00,0.0,NO,STANDBY_VEL_LOW,0,0.00,4590.00,68.56,FALSE,M1_DIRECTION_MISMATCH
2026-09-07 15:04:54.395,1788793494.395,4027,109,575,4412.64,4412.72,8.0,PASS_<=10c,+0.0,FLAT,-134.0,-453.0,4.2,+2.31,0.55,SLOW,4417.17,4417.42,4415.65,4416.07,0.00,0.00,0.0,BULLISH,177.0,4413.98,4414.24,4412.16,4412.64,54,CLEARED_>=20s,208.0,134.0,26.0,48.0,12.5,23.1,12.5,PASS_<20%,0.00,0.0,NO,STANDBY_VEL_LOW,0,0.00,4590.00,68.56,FALSE,M1_DIRECTION_MISMATCH
2026-09-07 15:04:54.897,1788793494.898,4028,110,576,4412.65,4412.73,8.0,PASS_<=10c,+1.0,UP,-133.0,-452.0,4.2,+2.10,0.50,SLOW,4417.17,4417.42,4415.65,4416.07,0.00,0.00,0.0,BULLISH,177.0,4413.98,4414.24,4412.16,4412.65,54,CLEARED_>=20s,208.0,133.0,26.0,49.0,12.5,23.6,12.5,PASS_<20%,0.00,0.0,NO,STANDBY_VEL_LOW,0,0.00,4590.00,68.56,FALSE,M1_DIRECTION_MISMATCH
2026-09-07 15:04:55.399,1788793495.400,4029,111,577,4412.41,4412.49,8.0,PASS_<=10c,-24.0,DOWN,-157.0,-476.0,4.2,+7.13,1.70,SLOW,4417.17,4417.42,4415.65,4416.07,0.00,0.00,0.0,BULLISH,177.0,4413.98,4414.24,4412.16,4412.41,55,CLEARED_>=20s,208.0,157.0,26.0,25.0,12.5,12.0,12.5,PASS_<20%,0.00,0.0,NO,STANDBY_VEL_LOW,0,0.00,4590.00,68.56,FALSE,M1_DIRECTION_MISMATCH
2026-09-07 15:04:55.903,1788793495.903,4030,112,578,4412.39,4412.47,8.0,PASS_<=10c,-2.0,DOWN,-159.0,-478.0,4.2,+6.71,1.60,SLOW,4417.17,4417.42,4415.65,4416.07,0.00,0.00,0.0,BULLISH,177.0,4413.98,4414.24,4412.16,4412.39,55,CLEARED_>=20s,208.0,159.0,26.0,23.0,12.5,11.1,12.5,PASS_<20%,0.00,0.0,NO,STANDBY_VEL_LOW,0,0.00,4590.00,68.56,FALSE,M1_DIRECTION_MISMATCH
2026-09-07 15:04:56.403,1788793496.403,4031,113,579,4412.63,4412.71,8.0,PASS_<=10c,+24.0,UP,-135.0,-454.0,4.2,+8.18,1.95,SLOW,4417.17,4417.42,4415.65,4416.07,0.00,0.00,0.0,BULLISH,177.0,4413.98,4414.24,4412.16,4412.63,56,CLEARED_>=20s,208.0,135.0,26.0,47.0,12.5,22.6,12.5,PASS_<20%,0.00,0.0,NO,STANDBY_VEL_LOW,0,0.00,4590.00,68.56,FALSE,M1_DIRECTION_MISMATCH
2026-09-07 15:04:56.905,1788793496.906,4032,114,580,4412.60,4412.68,8.0,PASS_<=10c,-3.0,DOWN,-138.0,-457.0,4.2,+8.39,2.00,SLOW,4417.17,4417.42,4415.65,4416.07,0.00,0.00,0.0,BULLISH,177.0,4413.98,4414.24,4412.16,4412.60,56,CLEARED_>=20s,208.0,138.0,26.0,44.0,12.5,21.2,12.5,PASS_<20%,0.00,0.0,NO,STANDBY_VEL_LOW,0,0.00,4590.00,68.56,FALSE,M1_DIRECTION_MISMATCH
2026-09-07 15:04:57.406,1788793497.406,4033,115,581,4412.72,4412.80,8.0,PASS_<=10c,+12.0,UP,-126.0,-445.0,4.2,+2.10,0.50,SLOW,4417.17,4417.42,4415.65,4416.07,0.00,0.00,0.0,BULLISH,177.0,4413.98,4414.24,4412.16,4412.72,57,CLEARED_>=20s,208.0,126.0,26.0,56.0,12.5,26.9,12.5,PASS_<20%,0.00,0.0,NO,STANDBY_VEL_LOW,0,0.00,4590.00,68.56,FALSE,M1_DIRECTION_MISMATCH
2026-09-07 15:04:57.909,1788793497.910,4034,116,582,4412.87,4412.95,8.0,PASS_<=10c,+15.0,UP,-111.0,-430.0,4.2,+5.03,1.20,SLOW,4417.17,4417.42,4415.65,4416.07,0.00,0.00,0.0,BULLISH,177.0,4413.98,4414.24,4412.16,4412.87,57,CLEARED_>=20s,208.0,111.0,26.0,71.0,12.5,34.1,12.5,PASS_<20%,0.00,0.0,NO,STANDBY_VEL_LOW,0,0.00,4590.00,68.56,FALSE,M1_DIRECTION_MISMATCH
2026-09-07 15:04:58.410,1788793498.411,4035,117,583,4412.93,4413.01,8.0,PASS_<=10c,+6.0,UP,-105.0,-424.0,4.2,+6.08,1.45,SLOW,4417.17,4417.42,4415.65,4416.07,0.00,0.00,0.0,BULLISH,177.0,4413.98,4414.24,4412.16,4412.93,58,CLEARED_>=20s,208.0,105.0,26.0,77.0,12.5,37.0,12.5,PASS_<20%,0.00,0.0,NO,STANDBY_VEL_LOW,0,0.00,4590.00,68.56,FALSE,M1_DIRECTION_MISMATCH
2026-09-07 15:04:58.912,1788793498.913,4036,118,584,4412.97,4413.05,8.0,PASS_<=10c,+4.0,UP,-101.0,-420.0,4.2,+6.92,1.65,SLOW,4417.17,4417.42,4415.65,4416.07,0.00,0.00,0.0,BULLISH,177.0,4413.98,4414.24,4412.16,4412.97,58,CLEARED_>=20s,208.0,101.0,26.0,81.0,12.5,38.9,12.5,PASS_<20%,0.00,0.0,NO,STANDBY_VEL_LOW,0,0.00,4590.00,68.56,FALSE,M1_DIRECTION_MISMATCH
2026-09-07 15:04:59.414,1788793499.414,4037,119,585,4412.97,4413.05,8.0,PASS_<=10c,+0.0,FLAT,-101.0,-420.0,4.2,+6.71,1.60,SLOW,4417.17,4417.42,4415.65,4416.07,0.00,0.00,0.0,BULLISH,177.0,4413.98,4414.24,4412.16,4412.97,59,CLEARED_>=20s,208.0,101.0,26.0,81.0,12.5,38.9,12.5,PASS_<20%,0.00,0.0,NO,STANDBY_VEL_LOW,0,0.00,4590.00,68.56,FALSE,M1_DIRECTION_MISMATCH
2026-09-07 15:04:59.915,1788793499.915,4038,120,586,4412.97,4413.05,8.0,PASS_<=10c,+0.0,FLAT,-101.0,-420.0,4.2,+11.12,2.65,SLOW,4417.17,4417.42,4415.65,4416.07,0.00,0.00,0.0,BULLISH,177.0,4413.98,4414.24,4412.16,4412.97,59,CLEARED_>=20s,208.0,101.0,26.0,81.0,12.5,38.9,12.5,PASS_<20%,0.00,0.0,NO,STANDBY_VEL_LOW,0,0.00,4590.00,68.56,FALSE,M1_DIRECTION_MISMATCH
2026-09-07 15:05:00.417,1788793500.417,4039,1,1,4413.11,4413.19,8.0,PASS_<=10c,+14.0,UP,+4.0,-307.0,4.2,+14.69,3.50,SLOW,4416.18,4416.68,4412.16,4412.97,0.00,0.00,0.0,BULLISH,452.0,4413.07,4413.11,4413.07,4413.11,0,ACTIVE_0s,4.0,4.0,0.0,0.0,0.0,0.0,0.0,PASS_<20%,4413.22,11.0,NO,STANDBY_VEL_LOW,0,0.00,4590.00,68.56,FALSE,OPENING_SHIELD_ACTIVE_0s|PRICE_BELOW_15C_DISPLACEMENT
2026-09-07 15:05:00.919,1788793500.919,4040,2,2,4413.15,4413.23,8.0,PASS_<=10c,+4.0,UP,+8.0,-303.0,4.2,+10.28,2.45,SLOW,4416.18,4416.68,4412.16,4412.97,0.00,0.00,0.0,BULLISH,452.0,4413.07,4413.15,4413.07,4413.15,0,ACTIVE_0s,8.0,8.0,0.0,0.0,0.0,0.0,0.0,PASS_<20%,4413.22,7.0,NO,STANDBY_VEL_LOW,0,0.00,4590.00,68.56,FALSE,OPENING_SHIELD_ACTIVE_0s
2026-09-07 15:05:01.421,1788793501.421,4041,3,3,4413.15,4413.23,8.0,PASS_<=10c,+0.0,FLAT,+8.0,-303.0,4.2,+11.54,2.75,SLOW,4416.18,4416.68,4412.16,4412.97,0.00,0.00,0.0,BULLISH,452.0,4413.07,4413.15,4413.07,4413.15,1,ACTIVE_1s,8.0,8.0,0.0,0.0,0.0,0.0,0.0,PASS_<20%,4413.22,7.0,NO,STANDBY_VEL_LOW,0,0.00,4590.00,68.56,FALSE,OPENING_SHIELD_ACTIVE_1s
2026-09-07 15:05:01.922,1788793501.923,4042,4,4,4413.30,4413.38,8.0,PASS_<=10c,+15.0,UP,+23.0,-288.0,4.2,+14.89,3.55,SLOW,4416.18,4416.68,4412.16,4412.97,0.00,0.00,0.0,BULLISH,452.0,4413.07,4413.30,4413.07,4413.30,1,ACTIVE_1s,23.0,23.0,0.0,0.0,0.0,0.0,0.0,PASS_<20%,4413.22,8.0,NO,STANDBY_VEL_LOW,0,0.00,4590.00,68.56,FALSE,OPENING_SHIELD_ACTIVE_1s
2026-09-07 15:05:02.424,1788793502.425,4043,5,5,4413.36,4413.44,8.0,PASS_<=10c,+6.0,UP,+29.0,-282.0,4.2,+10.28,2.45,SLOW,4416.18,4416.68,4412.16,4412.97,0.00,0.00,0.0,BULLISH,452.0,4413.07,4413.36,4413.07,4413.36,2,ACTIVE_2s,29.0,29.0,0.0,0.0,0.0,0.0,0.0,PASS_<20%,4413.22,14.0,NO,STANDBY_VEL_LOW,0,0.00,4590.00,68.56,FALSE,OPENING_SHIELD_ACTIVE_2s
2026-09-07 15:05:02.926,1788793502.927,4044,6,6,4412.92,4413.00,8.0,PASS_<=10c,-44.0,DOWN,-15.0,-326.0,4.2,+0.00,0.00,SLOW,4416.18,4416.68,4412.16,4412.97,0.00,0.00,0.0,BULLISH,452.0,4413.07,4413.36,4412.92,4412.92,2,ACTIVE_2s,44.0,15.0,29.0,0.0,65.9,0.0,65.9,BLOCKED_65.9%,0.00,0.0,NO,STANDBY_VEL_LOW,0,0.00,4590.00,68.56,FALSE,M1_DIRECTION_MISMATCH|OPENING_SHIELD_ACTIVE_2s
2026-09-07 15:05:03.427,1788793503.428,4045,7,7,4412.89,4412.97,8.0,PASS_<=10c,-3.0,DOWN,-18.0,-329.0,4.2,+1.05,0.25,SLOW,4416.18,4416.68,4412.16,4412.97,0.00,0.00,0.0,BULLISH,452.0,4413.07,4413.36,4412.89,4412.89,3,ACTIVE_3s,47.0,18.0,29.0,0.0,61.7,0.0,61.7,BLOCKED_61.7%,0.00,0.0,NO,STANDBY_VEL_LOW,0,0.00,4590.00,68.56,FALSE,M1_DIRECTION_MISMATCH|OPENING_SHIELD_ACTIVE_3s
2026-09-07 15:05:03.929,1788793503.929,4046,8,8,4412.96,4413.04,8.0,PASS_<=10c,+7.0,UP,-11.0,-322.0,4.2,+0.21,0.05,SLOW,4416.18,4416.68,4412.16,4412.97,0.00,0.00,0.0,BULLISH,452.0,4413.07,4413.36,4412.89,4412.96,3,ACTIVE_3s,47.0,11.0,29.0,7.0,61.7,14.9,61.7,BLOCKED_61.7%,0.00,0.0,NO,STANDBY_VEL_LOW,0,0.00,4590.00,68.56,FALSE,M1_DIRECTION_MISMATCH|OPENING_SHIELD_ACTIVE_3s
2026-09-07 15:05:04.430,1788793504.430,4047,9,9,4412.97,4413.05,8.0,PASS_<=10c,+1.0,UP,-10.0,-321.0,4.2,+0.00,0.00,SLOW,4416.18,4416.68,4412.16,4412.97,0.00,0.00,0.0,BULLISH,452.0,4413.07,4413.36,4412.89,4412.97,4,ACTIVE_4s,47.0,10.0,29.0,8.0,61.7,17.0,61.7,BLOCKED_61.7%,0.00,0.0,NO,STANDBY_VEL_LOW,0,0.00,4590.00,68.56,FALSE,M1_DIRECTION_MISMATCH|OPENING_SHIELD_ACTIVE_4s
2026-09-07 15:05:04.932,1788793504.932,4048,10,10,4412.84,4412.92,8.0,PASS_<=10c,-13.0,DOWN,-23.0,-334.0,4.2,+4.83,1.15,SLOW,4416.18,4416.68,4412.16,4412.97,0.00,0.00,0.0,BULLISH,452.0,4413.07,4413.36,4412.84,4412.84,4,ACTIVE_4s,52.0,23.0,29.0,0.0,55.8,0.0,55.8,BLOCKED_55.8%,0.00,0.0,NO,STANDBY_VEL_LOW,0,0.00,4590.00,68.56,FALSE,M1_DIRECTION_MISMATCH|OPENING_SHIELD_ACTIVE_4s
2026-09-07 15:05:05.433,1788793505.433,4049,11,11,4412.84,4412.92,8.0,PASS_<=10c,+0.0,FLAT,-23.0,-334.0,4.2,+5.67,1.35,SLOW,4416.18,4416.68,4412.16,4412.97,0.00,0.00,0.0,BULLISH,452.0,4413.07,4413.36,4412.84,4412.84,5,ACTIVE_5s,52.0,23.0,29.0,0.0,55.8,0.0,55.8,BLOCKED_55.8%,0.00,0.0,NO,STANDBY_VEL_LOW,0,0.00,4590.00,68.56,FALSE,M1_DIRECTION_MISMATCH|OPENING_SHIELD_ACTIVE_5s
2026-09-07 15:05:05.937,1788793505.938,4050,12,12,4413.02,4413.10,8.0,PASS_<=10c,+18.0,UP,-5.0,-316.0,4.2,+2.73,0.65,SLOW,4416.18,4416.68,4412.16,4412.97,0.00,0.00,0.0,BULLISH,452.0,4413.07,4413.36,4412.84,4413.02,5,ACTIVE_5s,52.0,5.0,29.0,18.0,55.8,34.6,55.8,BLOCKED_55.8%,0.00,0.0,NO,STANDBY_VEL_LOW,0,0.00,4590.00,68.56,FALSE,M1_DIRECTION_MISMATCH|OPENING_SHIELD_ACTIVE_5s
2026-09-07 15:05:06.436,1788793506.436,4051,13,13,4413.11,4413.19,8.0,PASS_<=10c,+9.0,UP,+4.0,-307.0,4.2,+3.57,0.85,SLOW,4416.18,4416.68,4412.16,4412.97,0.00,0.00,0.0,BULLISH,452.0,4413.07,4413.36,4412.84,4413.11,6,ACTIVE_6s,52.0,4.0,25.0,23.0,48.1,44.2,48.1,BLOCKED_48.1%,4413.22,11.0,NO,STANDBY_VEL_LOW,0,0.00,4590.00,68.56,FALSE,OPP_WICK_TOO_HIGH_0.48|OPENING_SHIELD_ACTIVE_6s|PRICE_BELOW_15C_DISPLACEMENT
2026-09-07 15:05:06.938,1788793506.939,4052,14,14,4413.08,4413.16,8.0,PASS_<=10c,-3.0,DOWN,+1.0,-310.0,4.2,+5.04,1.20,SLOW,4416.18,4416.68,4412.16,4412.97,0.00,0.00,0.0,BULLISH,452.0,4413.07,4413.36,4412.84,4413.08,6,ACTIVE_6s,52.0,1.0,28.0,23.0,53.8,44.2,53.8,BLOCKED_53.8%,4413.22,14.0,NO,STANDBY_VEL_LOW,0,0.00,4590.00,68.56,FALSE,OPP_WICK_TOO_HIGH_0.54|OPENING_SHIELD_ACTIVE_6s|PRICE_BELOW_15C_DISPLACEMENT
2026-09-07 15:05:07.441,1788793507.442,4053,15,15,4413.08,4413.16,8.0,PASS_<=10c,+0.0,FLAT,+1.0,-310.0,4.2,+0.63,0.15,SLOW,4416.18,4416.68,4412.16,4412.97,0.00,0.00,0.0,BULLISH,452.0,4413.07,4413.36,4412.84,4413.08,7,ACTIVE_7s,52.0,1.0,28.0,23.0,53.8,44.2,53.8,BLOCKED_53.8%,4413.22,14.0,NO,STANDBY_VEL_LOW,0,0.00,4590.00,68.56,FALSE,OPP_WICK_TOO_HIGH_0.54|OPENING_SHIELD_ACTIVE_7s|PRICE_BELOW_15C_DISPLACEMENT
2026-09-07 15:05:07.943,1788793507.944,4054,16,16,4413.08,4413.16,8.0,PASS_<=10c,+0.0,FLAT,+1.0,-310.0,4.2,+3.15,0.75,SLOW,4416.18,4416.68,4412.16,4412.97,0.00,0.00,0.0,BULLISH,452.0,4413.07,4413.36,4412.84,4413.08,7,ACTIVE_7s,52.0,1.0,28.0,23.0,53.8,44.2,53.8,BLOCKED_53.8%,4413.22,14.0,NO,STANDBY_VEL_LOW,0,0.00,4590.00,68.56,FALSE,OPP_WICK_TOO_HIGH_0.54|OPENING_SHIELD_ACTIVE_7s|PRICE_BELOW_15C_DISPLACEMENT
2026-09-07 15:05:08.445,1788793508.445,4055,17,17,4413.07,4413.15,8.0,PASS_<=10c,-1.0,DOWN,+0.0,-311.0,4.2,+2.31,0.55,SLOW,4416.18,4416.68,4412.16,4412.97,0.00,0.00,0.0,BULLISH,452.0,4413.07,4413.36,4412.84,4413.07,8,ACTIVE_8s,52.0,0.0,29.0,23.0,55.8,44.2,55.8,BLOCKED_55.8%,0.00,0.0,NO,STANDBY_VEL_LOW,0,0.00,4590.00,68.56,FALSE,M1_DIRECTION_MISMATCH|OPENING_SHIELD_ACTIVE_8s
2026-09-07 15:05:08.948,1788793508.948,4056,18,18,4413.07,4413.15,8.0,PASS_<=10c,+0.0,FLAT,+0.0,-311.0,4.2,+2.10,0.50,SLOW,4416.18,4416.68,4412.16,4412.97,0.00,0.00,0.0,BULLISH,452.0,4413.07,4413.36,4412.84,4413.07,8,ACTIVE_8s,52.0,0.0,29.0,23.0,55.8,44.2,55.8,BLOCKED_55.8%,0.00,0.0,NO,STANDBY_VEL_LOW,0,0.00,4590.00,68.56,FALSE,M1_DIRECTION_MISMATCH|OPENING_SHIELD_ACTIVE_8s
2026-09-07 15:05:09.449,1788793509.449,4057,19,19,4412.77,4412.85,8.0,PASS_<=10c,-30.0,DOWN,-30.0,-341.0,4.2,+4.82,1.15,SLOW,4416.18,4416.68,4412.16,4412.97,0.00,0.00,0.0,BULLISH,452.0,4413.07,4413.36,4412.77,4412.77,9,ACTIVE_9s,59.0,30.0,29.0,0.0,49.2,0.0,49.2,BLOCKED_49.2%,0.00,0.0,NO,STANDBY_VEL_LOW,0,0.00,4590.00,68.56,FALSE,M1_DIRECTION_MISMATCH|OPENING_SHIELD_ACTIVE_9s
2026-09-07 15:05:09.950,1788793509.951,4058,20,20,4412.54,4412.62,8.0,PASS_<=10c,-23.0,DOWN,-53.0,-364.0,4.2,+6.50,1.55,SLOW,4416.18,4416.68,4412.16,4412.97,0.00,0.00,0.0,BULLISH,452.0,4413.07,4413.36,4412.54,4412.54,9,ACTIVE_9s,82.0,53.0,29.0,0.0,35.4,0.0,35.4,BLOCKED_35.4%,0.00,0.0,NO,STANDBY_VEL_LOW,0,0.00,4590.00,68.56,FALSE,M1_DIRECTION_MISMATCH|OPENING_SHIELD_ACTIVE_9s
2026-09-07 15:05:10.451,1788793510.452,4059,21,21,4412.49,4412.57,8.0,PASS_<=10c,-5.0,DOWN,-58.0,-369.0,4.2,+9.02,2.15,SLOW,4416.18,4416.68,4412.16,4412.97,0.00,0.00,0.0,BULLISH,452.0,4413.07,4413.36,4412.49,4412.49,10,ACTIVE_10s,87.0,58.0,29.0,0.0,33.3,0.0,33.3,BLOCKED_33.3%,0.00,0.0,NO,STANDBY_VEL_LOW,0,0.00,4590.00,68.56,FALSE,M1_DIRECTION_MISMATCH|OPENING_SHIELD_ACTIVE_10s
2026-09-07 15:05:10.953,1788793510.954,4060,22,22,4412.53,4412.61,8.0,PASS_<=10c,+4.0,UP,-54.0,-365.0,4.2,+10.91,2.60,SLOW,4416.18,4416.68,4412.16,4412.97,0.00,0.00,0.0,BULLISH,452.0,4413.07,4413.36,4412.48,4412.53,10,ACTIVE_10s,88.0,54.0,29.0,5.0,33.0,5.7,33.0,BLOCKED_33.0%,0.00,0.0,NO,STANDBY_VEL_LOW,0,0.00,4590.00,68.56,FALSE,M1_DIRECTION_MISMATCH|OPENING_SHIELD_ACTIVE_10s
2026-09-07 15:05:11.455,1788793511.455,4061,23,23,4412.55,4412.63,8.0,PASS_<=10c,+2.0,UP,-52.0,-363.0,4.2,+11.75,2.80,SLOW,4416.18,4416.68,4412.16,4412.97,0.00,0.00,0.0,BULLISH,452.0,4413.07,4413.36,4412.48,4412.55,11,ACTIVE_11s,88.0,52.0,29.0,7.0,33.0,8.0,33.0,BLOCKED_33.0%,0.00,0.0,NO,STANDBY_VEL_LOW,0,0.00,4590.00,68.56,FALSE,M1_DIRECTION_MISMATCH|OPENING_SHIELD_ACTIVE_11s
2026-09-07 15:05:11.956,1788793511.957,4062,24,24,4412.55,4412.63,8.0,PASS_<=10c,+0.0,FLAT,-52.0,-363.0,4.2,+11.12,2.65,SLOW,4416.18,4416.68,4412.16,4412.97,0.00,0.00,0.0,BULLISH,452.0,4413.07,4413.36,4412.48,4412.55,11,ACTIVE_11s,88.0,52.0,29.0,7.0,33.0,8.0,33.0,BLOCKED_33.0%,0.00,0.0,NO,STANDBY_VEL_LOW,0,0.00,4590.00,68.56,FALSE,M1_DIRECTION_MISMATCH|OPENING_SHIELD_ACTIVE_11s
2026-09-07 15:05:12.458,1788793512.459,4063,25,25,4412.70,4412.78,8.0,PASS_<=10c,+15.0,UP,-37.0,-348.0,4.2,+7.97,1.90,SLOW,4416.18,4416.68,4412.16,4412.97,0.00,0.00,0.0,BULLISH,452.0,4413.07,4413.36,4412.48,4412.70,12,ACTIVE_12s,88.0,37.0,29.0,22.0,33.0,25.0,33.0,BLOCKED_33.0%,0.00,0.0,NO,STANDBY_VEL_LOW,0,0.00,4590.00,68.56,FALSE,M1_DIRECTION_MISMATCH|OPENING_SHIELD_ACTIVE_12s
2026-09-07 15:05:12.960,1788793512.960,4064,26,26,4412.70,4412.78,8.0,PASS_<=10c,+0.0,FLAT,-37.0,-348.0,4.2,+7.55,1.80,SLOW,4416.18,4416.68,4412.16,4412.97,0.00,0.00,0.0,BULLISH,452.0,4413.07,4413.36,4412.48,4412.70,12,ACTIVE_12s,88.0,37.0,29.0,22.0,33.0,25.0,33.0,BLOCKED_33.0%,0.00,0.0,NO,STANDBY_VEL_LOW,0,0.00,4590.00,68.56,FALSE,M1_DIRECTION_MISMATCH|OPENING_SHIELD_ACTIVE_12s
2026-09-07 15:05:13.461,1788793513.461,4065,27,27,4412.52,4412.60,8.0,PASS_<=10c,-18.0,DOWN,-55.0,-366.0,4.2,+11.55,2.75,SLOW,4416.18,4416.68,4412.16,4412.97,0.00,0.00,0.0,BULLISH,452.0,4413.07,4413.36,4412.48,4412.52,13,ACTIVE_13s,88.0,55.0,29.0,4.0,33.0,4.5,33.0,BLOCKED_33.0%,0.00,0.0,NO,STANDBY_VEL_LOW,0,0.00,4590.00,68.56,FALSE,M1_DIRECTION_MISMATCH|OPENING_SHIELD_ACTIVE_13s
2026-09-07 15:05:13.963,1788793513.963,4066,28,28,4412.46,4412.54,8.0,PASS_<=10c,-6.0,DOWN,-61.0,-372.0,4.2,+9.03,2.15,SLOW,4416.18,4416.68,4412.16,4412.97,0.00,0.00,0.0,BULLISH,452.0,4413.07,4413.36,4412.46,4412.46,13,ACTIVE_13s,90.0,61.0,29.0,0.0,32.2,0.0,32.2,BLOCKED_32.2%,0.00,0.0,NO,STANDBY_VEL_LOW,0,0.00,4590.00,68.56,FALSE,M1_DIRECTION_MISMATCH|OPENING_SHIELD_ACTIVE_13s
2026-09-07 15:05:14.465,1788793514.465,4067,29,29,4412.38,4412.46,8.0,PASS_<=10c,-8.0,DOWN,-69.0,-380.0,4.2,+6.72,1.60,SLOW,4416.18,4416.68,4412.16,4412.97,0.00,0.00,0.0,BULLISH,452.0,4413.07,4413.36,4412.38,4412.38,14,ACTIVE_14s,98.0,69.0,29.0,0.0,29.6,0.0,29.6,BLOCKED_29.6%,0.00,0.0,NO,STANDBY_VEL_LOW,0,0.00,4590.00,68.56,FALSE,M1_DIRECTION_MISMATCH|OPENING_SHIELD_ACTIVE_14s
2026-09-07 15:05:14.966,1788793514.966,4068,30,30,4412.47,4412.55,8.0,PASS_<=10c,+9.0,UP,-60.0,-371.0,4.2,+0.63,0.15,SLOW,4416.18,4416.68,4412.16,4412.97,0.00,0.00,0.0,BULLISH,452.0,4413.07,4413.36,4412.37,4412.47,14,ACTIVE_14s,99.0,60.0,29.0,10.0,29.3,10.1,29.3,BLOCKED_29.3%,0.00,0.0,NO,STANDBY_VEL_LOW,0,0.00,4590.00,68.56,FALSE,M1_DIRECTION_MISMATCH|OPENING_SHIELD_ACTIVE_14s
2026-09-07 15:05:15.468,1788793515.469,4069,31,31,4412.53,4412.61,8.0,PASS_<=10c,+6.0,UP,-54.0,-365.0,4.2,+1.05,0.25,SLOW,4416.18,4416.68,4412.16,4412.97,0.00,0.00,0.0,BULLISH,452.0,4413.07,4413.36,4412.37,4412.53,15,ACTIVE_15s,99.0,54.0,29.0,16.0,29.3,16.2,29.3,BLOCKED_29.3%,0.00,0.0,NO,STANDBY_VEL_LOW,0,0.00,4590.00,68.56,FALSE,M1_DIRECTION_MISMATCH|OPENING_SHIELD_ACTIVE_15s
2026-09-07 15:05:15.969,1788793515.970,4070,32,32,4412.54,4412.62,8.0,PASS_<=10c,+1.0,UP,-53.0,-364.0,4.2,+0.00,0.00,SLOW,4416.18,4416.68,4412.16,4412.97,0.00,0.00,0.0,BULLISH,452.0,4413.07,4413.36,4412.37,4412.54,15,ACTIVE_15s,99.0,53.0,29.0,17.0,29.3,17.2,29.3,BLOCKED_29.3%,0.00,0.0,NO,STANDBY_VEL_LOW,0,0.00,4590.00,68.56,FALSE,M1_DIRECTION_MISMATCH|OPENING_SHIELD_ACTIVE_15s
2026-09-07 15:05:16.472,1788793516.473,4071,33,33,4412.58,4412.66,8.0,PASS_<=10c,+4.0,UP,-49.0,-360.0,4.2,+0.63,0.15,SLOW,4416.18,4416.68,4412.16,4412.97,0.00,0.00,0.0,BULLISH,452.0,4413.07,4413.36,4412.37,4412.58,16,ACTIVE_16s,99.0,49.0,29.0,21.0,29.3,21.2,29.3,BLOCKED_29.3%,0.00,0.0,NO,STANDBY_VEL_LOW,0,0.00,4590.00,68.56,FALSE,M1_DIRECTION_MISMATCH|OPENING_SHIELD_ACTIVE_16s
2026-09-07 15:05:16.974,1788793516.975,4072,34,34,4412.58,4412.66,8.0,PASS_<=10c,+0.0,FLAT,-49.0,-360.0,4.2,+1.47,0.35,SLOW,4416.18,4416.68,4412.16,4412.97,0.00,0.00,0.0,BULLISH,452.0,4413.07,4413.36,4412.37,4412.58,16,ACTIVE_16s,99.0,49.0,29.0,21.0,29.3,21.2,29.3,BLOCKED_29.3%,0.00,0.0,NO,STANDBY_VEL_LOW,0,0.00,4590.00,68.56,FALSE,M1_DIRECTION_MISMATCH|OPENING_SHIELD_ACTIVE_16s
2026-09-07 15:05:17.474,1788793517.475,4073,35,35,4412.64,4412.72,8.0,PASS_<=10c,+6.0,UP,-43.0,-354.0,4.2,+1.47,0.35,SLOW,4416.18,4416.68,4412.16,4412.97,0.00,0.00,0.0,BULLISH,452.0,4413.07,4413.36,4412.37,4412.64,17,ACTIVE_17s,99.0,43.0,29.0,27.0,29.3,27.3,29.3,BLOCKED_29.3%,0.00,0.0,NO,STANDBY_VEL_LOW,0,0.00,4590.00,68.56,FALSE,M1_DIRECTION_MISMATCH|OPENING_SHIELD_ACTIVE_17s
2026-09-07 15:05:17.977,1788793517.977,4074,36,36,4412.64,4412.72,8.0,PASS_<=10c,+0.0,FLAT,-43.0,-354.0,4.2,+2.31,0.55,SLOW,4416.18,4416.68,4412.16,4412.97,0.00,0.00,0.0,BULLISH,452.0,4413.07,4413.36,4412.37,4412.64,17,ACTIVE_17s,99.0,43.0,29.0,27.0,29.3,27.3,29.3,BLOCKED_29.3%,0.00,0.0,NO,STANDBY_VEL_LOW,0,0.00,4590.00,68.56,FALSE,M1_DIRECTION_MISMATCH|OPENING_SHIELD_ACTIVE_17s
2026-09-07 15:05:18.477,1788793518.478,4075,37,37,4412.65,4412.73,8.0,PASS_<=10c,+1.0,UP,-42.0,-353.0,4.2,+2.73,0.65,SLOW,4416.18,4416.68,4412.16,4412.97,0.00,0.00,0.0,BULLISH,452.0,4413.07,4413.36,4412.37,4412.65,18,ACTIVE_18s,99.0,42.0,29.0,28.0,29.3,28.3,29.3,BLOCKED_29.3%,0.00,0.0,NO,STANDBY_VEL_LOW,0,0.00,4590.00,68.56,FALSE,M1_DIRECTION_MISMATCH|OPENING_SHIELD_ACTIVE_18s
2026-09-07 15:05:18.981,1788793518.981,4076,38,38,4412.61,4412.69,8.0,PASS_<=10c,-4.0,DOWN,-46.0,-357.0,4.2,+4.20,1.00,SLOW,4416.18,4416.68,4412.16,4412.97,0.00,0.00,0.0,BULLISH,452.0,4413.07,4413.36,4412.37,4412.61,18,ACTIVE_18s,99.0,46.0,29.0,24.0,29.3,24.2,29.3,BLOCKED_29.3%,0.00,0.0,NO,STANDBY_VEL_LOW,0,0.00,4590.00,68.56,FALSE,M1_DIRECTION_MISMATCH|OPENING_SHIELD_ACTIVE_18s
2026-09-07 15:05:19.481,1788793519.481,4077,39,39,4412.61,4412.69,8.0,PASS_<=10c,+0.0,FLAT,-46.0,-357.0,4.2,+5.04,1.20,SLOW,4416.18,4416.68,4412.16,4412.97,0.00,0.00,0.0,BULLISH,452.0,4413.07,4413.36,4412.37,4412.61,19,ACTIVE_19s,99.0,46.0,29.0,24.0,29.3,24.2,29.3,BLOCKED_29.3%,0.00,0.0,NO,STANDBY_VEL_LOW,0,0.00,4590.00,68.56,FALSE,M1_DIRECTION_MISMATCH|OPENING_SHIELD_ACTIVE_19s
2026-09-07 15:05:19.982,1788793519.982,4078,40,40,4412.61,4412.69,8.0,PASS_<=10c,+0.0,FLAT,-46.0,-357.0,4.2,+1.68,0.40,SLOW,4416.18,4416.68,4412.16,4412.97,0.00,0.00,0.0,BULLISH,452.0,4413.07,4413.36,4412.37,4412.61,19,ACTIVE_19s,99.0,46.0,29.0,24.0,29.3,24.2,29.3,BLOCKED_29.3%,0.00,0.0,NO,STANDBY_VEL_LOW,0,0.00,4590.00,68.56,FALSE,M1_DIRECTION_MISMATCH|OPENING_SHIELD_ACTIVE_19s
2026-09-07 15:05:20.484,1788793520.485,4079,41,41,4412.67,4412.75,8.0,PASS_<=10c,+6.0,UP,-40.0,-351.0,4.2,+2.52,0.60,SLOW,4416.18,4416.68,4412.16,4412.97,0.00,0.00,0.0,BULLISH,452.0,4413.07,4413.36,4412.37,4412.67,20,CLEARED_>=20s,99.0,40.0,29.0,30.0,29.3,30.3,29.3,BLOCKED_29.3%,0.00,0.0,NO,STANDBY_VEL_LOW,0,0.00,4590.00,68.56,FALSE,M1_DIRECTION_MISMATCH
2026-09-07 15:05:20.986,1788793520.986,4080,42,42,4412.70,4412.78,8.0,PASS_<=10c,+3.0,UP,-37.0,-348.0,4.2,+2.52,0.60,SLOW,4416.18,4416.68,4412.16,4412.97,0.00,0.00,0.0,BULLISH,452.0,4413.07,4413.36,4412.37,4412.70,20,CLEARED_>=20s,99.0,37.0,29.0,33.0,29.3,33.3,29.3,BLOCKED_29.3%,0.00,0.0,NO,STANDBY_VEL_LOW,0,0.00,4590.00,68.56,FALSE,M1_DIRECTION_MISMATCH
2026-09-07 15:05:21.488,1788793521.488,4081,43,43,4412.72,4412.80,8.0,PASS_<=10c,+2.0,UP,-35.0,-346.0,4.2,+2.94,0.70,SLOW,4416.18,4416.68,4412.16,4412.97,0.00,0.00,0.0,BULLISH,452.0,4413.07,4413.36,4412.37,4412.72,21,CLEARED_>=20s,99.0,35.0,29.0,35.0,29.3,35.4,29.3,BLOCKED_29.3%,0.00,0.0,NO,STANDBY_VEL_LOW,0,0.00,4590.00,68.56,FALSE,M1_DIRECTION_MISMATCH
2026-09-07 15:05:21.990,1788793521.991,4082,44,44,4412.63,4412.71,8.0,PASS_<=10c,-9.0,DOWN,-44.0,-355.0,4.2,+1.05,0.25,SLOW,4416.18,4416.68,4412.16,4412.97,0.00,0.00,0.0,BULLISH,452.0,4413.07,4413.36,4412.37,4412.63,21,CLEARED_>=20s,99.0,44.0,29.0,26.0,29.3,26.3,29.3,BLOCKED_29.3%,0.00,0.0,NO,STANDBY_VEL_LOW,0,0.00,4590.00,68.56,FALSE,M1_DIRECTION_MISMATCH
2026-09-07 15:05:22.492,1788793522.493,4083,45,45,4412.63,4412.71,8.0,PASS_<=10c,+0.0,FLAT,-44.0,-355.0,4.2,+0.21,0.05,SLOW,4416.18,4416.68,4412.16,4412.97,0.00,0.00,0.0,BULLISH,452.0,4413.07,4413.36,4412.37,4412.63,22,CLEARED_>=20s,99.0,44.0,29.0,26.0,29.3,26.3,29.3,BLOCKED_29.3%,0.00,0.0,NO,STANDBY_VEL_LOW,0,0.00,4590.00,68.56,FALSE,M1_DIRECTION_MISMATCH
2026-09-07 15:05:22.993,1788793522.994,4084,46,46,4412.63,4412.71,8.0,PASS_<=10c,+0.0,FLAT,-44.0,-355.0,4.2,+0.21,0.05,SLOW,4416.18,4416.68,4412.16,4412.97,0.00,0.00,0.0,BULLISH,452.0,4413.07,4413.36,4412.37,4412.63,22,CLEARED_>=20s,99.0,44.0,29.0,26.0,29.3,26.3,29.3,BLOCKED_29.3%,0.00,0.0,NO,STANDBY_VEL_LOW,0,0.00,4590.00,68.56,FALSE,M1_DIRECTION_MISMATCH
2026-09-07 15:05:23.495,1788793523.496,4085,47,47,4412.61,4412.69,8.0,PASS_<=10c,-2.0,DOWN,-46.0,-357.0,4.2,+0.63,0.15,SLOW,4416.18,4416.68,4412.16,4412.97,0.00,0.00,0.0,BULLISH,452.0,4413.07,4413.36,4412.37,4412.61,23,CLEARED_>=20s,99.0,46.0,29.0,24.0,29.3,24.2,29.3,BLOCKED_29.3%,0.00,0.0,NO,STANDBY_VEL_LOW,0,0.00,4590.00,68.56,FALSE,M1_DIRECTION_MISMATCH
2026-09-07 15:05:23.996,1788793523.997,4086,48,48,4412.61,4412.69,8.0,PASS_<=10c,+0.0,FLAT,-46.0,-357.0,4.2,+0.00,0.00,SLOW,4416.18,4416.68,4412.16,4412.97,0.00,0.00,0.0,BULLISH,452.0,4413.07,4413.36,4412.37,4412.61,23,CLEARED_>=20s,99.0,46.0,29.0,24.0,29.3,24.2,29.3,BLOCKED_29.3%,0.00,0.0,NO,STANDBY_VEL_LOW,0,0.00,4590.00,68.56,FALSE,M1_DIRECTION_MISMATCH
2026-09-07 15:05:24.498,1788793524.498,4087,49,49,4412.63,4412.71,8.0,PASS_<=10c,+2.0,UP,-44.0,-355.0,4.2,+1.05,0.25,SLOW,4416.18,4416.68,4412.16,4412.97,0.00,0.00,0.0,BULLISH,452.0,4413.07,4413.36,4412.37,4412.63,24,CLEARED_>=20s,99.0,44.0,29.0,26.0,29.3,26.3,29.3,BLOCKED_29.3%,0.00,0.0,NO,STANDBY_VEL_LOW,0,0.00,4590.00,68.56,FALSE,M1_DIRECTION_MISMATCH
2026-09-07 15:05:25.000,1788793525.000,4088,50,50,4412.66,4412.74,8.0,PASS_<=10c,+3.0,UP,-41.0,-352.0,4.2,+1.26,0.30,SLOW,4416.18,4416.68,4412.16,4412.97,0.00,0.00,0.0,BULLISH,452.0,4413.07,4413.36,4412.37,4412.66,25,CLEARED_>=20s,99.0,41.0,29.0,29.0,29.3,29.3,29.3,BLOCKED_29.3%,0.00,0.0,NO,STANDBY_VEL_LOW,0,0.00,4590.00,68.56,FALSE,M1_DIRECTION_MISMATCH
2026-09-07 15:05:25.501,1788793525.502,4089,51,51,4412.66,4412.74,8.0,PASS_<=10c,+0.0,FLAT,-41.0,-352.0,4.2,+0.42,0.10,SLOW,4416.18,4416.68,4412.16,4412.97,0.00,0.00,0.0,BULLISH,452.0,4413.07,4413.36,4412.37,4412.66,25,CLEARED_>=20s,99.0,41.0,29.0,29.0,29.3,29.3,29.3,BLOCKED_29.3%,0.00,0.0,NO,STANDBY_VEL_LOW,0,0.00,4590.00,68.56,FALSE,M1_DIRECTION_MISMATCH
2026-09-07 15:05:26.001,1788793526.002,4090,52,52,4412.66,4412.74,8.0,PASS_<=10c,+0.0,FLAT,-41.0,-352.0,4.2,+1.26,0.30,SLOW,4416.18,4416.68,4412.16,4412.97,0.00,0.00,0.0,BULLISH,452.0,4413.07,4413.36,4412.37,4412.66,26,CLEARED_>=20s,99.0,41.0,29.0,29.0,29.3,29.3,29.3,BLOCKED_29.3%,0.00,0.0,NO,STANDBY_VEL_LOW,0,0.00,4590.00,68.56,FALSE,M1_DIRECTION_MISMATCH
2026-09-07 15:05:26.503,1788793526.504,4091,53,53,4412.67,4412.75,8.0,PASS_<=10c,+1.0,UP,-40.0,-351.0,4.2,+0.21,0.05,SLOW,4416.18,4416.68,4412.16,4412.97,0.00,0.00,0.0,BULLISH,452.0,4413.07,4413.36,4412.37,4412.67,26,CLEARED_>=20s,99.0,40.0,29.0,30.0,29.3,30.3,29.3,BLOCKED_29.3%,0.00,0.0,NO,STANDBY_VEL_LOW,0,0.00,4590.00,68.56,FALSE,M1_DIRECTION_MISMATCH
2026-09-07 15:05:27.006,1788793527.006,4092,54,54,4412.65,4412.73,8.0,PASS_<=10c,-2.0,DOWN,-42.0,-353.0,4.2,+0.42,0.10,SLOW,4416.18,4416.68,4412.16,4412.97,0.00,0.00,0.0,BULLISH,452.0,4413.07,4413.36,4412.37,4412.65,27,CLEARED_>=20s,99.0,42.0,29.0,28.0,29.3,28.3,29.3,BLOCKED_29.3%,0.00,0.0,NO,STANDBY_VEL_LOW,0,0.00,4590.00,68.56,FALSE,M1_DIRECTION_MISMATCH
2026-09-07 15:05:27.508,1788793527.509,4093,55,55,4412.64,4412.72,8.0,PASS_<=10c,-1.0,DOWN,-43.0,-354.0,4.2,+0.21,0.05,SLOW,4416.18,4416.68,4412.16,4412.97,0.00,0.00,0.0,BULLISH,452.0,4413.07,4413.36,4412.37,4412.64,27,CLEARED_>=20s,99.0,43.0,29.0,27.0,29.3,27.3,29.3,BLOCKED_29.3%,0.00,0.0,NO,STANDBY_VEL_LOW,0,0.00,4590.00,68.56,FALSE,M1_DIRECTION_MISMATCH
2026-09-07 15:05:28.010,1788793528.011,4094,56,56,4412.73,4412.81,8.0,PASS_<=10c,+9.0,UP,-34.0,-345.0,4.2,+1.89,0.45,SLOW,4416.18,4416.68,4412.16,4412.97,0.00,0.00,0.0,BULLISH,452.0,4413.07,4413.36,4412.37,4412.73,28,CLEARED_>=20s,99.0,34.0,29.0,36.0,29.3,36.4,29.3,BLOCKED_29.3%,0.00,0.0,NO,STANDBY_VEL_LOW,0,0.00,4590.00,68.56,FALSE,M1_DIRECTION_MISMATCH
2026-09-07 15:05:28.512,1788793528.513,4095,57,57,4412.69,4412.77,8.0,PASS_<=10c,-4.0,DOWN,-38.0,-349.0,4.2,+1.68,0.40,SLOW,4416.18,4416.68,4412.16,4412.97,0.00,0.00,0.0,BULLISH,452.0,4413.07,4413.36,4412.37,4412.69,28,CLEARED_>=20s,99.0,38.0,29.0,32.0,29.3,32.3,29.3,BLOCKED_29.3%,0.00,0.0,NO,STANDBY_VEL_LOW,0,0.00,4590.00,68.56,FALSE,M1_DIRECTION_MISMATCH
2026-09-07 15:05:29.014,1788793529.015,4096,58,58,4412.61,4412.69,8.0,PASS_<=10c,-8.0,DOWN,-46.0,-357.0,4.2,+0.42,0.10,SLOW,4416.18,4416.68,4412.16,4412.97,0.00,0.00,0.0,BULLISH,452.0,4413.07,4413.36,4412.37,4412.61,29,CLEARED_>=20s,99.0,46.0,29.0,24.0,29.3,24.2,29.3,BLOCKED_29.3%,0.00,0.0,NO,STANDBY_VEL_LOW,0,0.00,4590.00,68.56,FALSE,M1_DIRECTION_MISMATCH
2026-09-07 15:05:29.515,1788793529.516,4097,59,59,4412.58,4412.66,8.0,PASS_<=10c,-3.0,DOWN,-49.0,-360.0,4.2,+1.68,0.40,SLOW,4416.18,4416.68,4412.16,4412.97,0.00,0.00,0.0,BULLISH,452.0,4413.07,4413.36,4412.37,4412.58,29,CLEARED_>=20s,99.0,49.0,29.0,21.0,29.3,21.2,29.3,BLOCKED_29.3%,0.00,0.0,NO,STANDBY_VEL_LOW,0,0.00,4590.00,68.56,FALSE,M1_DIRECTION_MISMATCH
2026-09-07 15:05:30.018,1788793530.018,4098,60,60,4412.56,4412.64,8.0,PASS_<=10c,-2.0,DOWN,-51.0,-362.0,4.2,+2.10,0.50,SLOW,4416.18,4416.68,4412.16,4412.97,0.00,0.00,0.0,BULLISH,452.0,4413.07,4413.36,4412.37,4412.56,30,CLEARED_>=20s,99.0,51.0,29.0,19.0,29.3,19.2,29.3,BLOCKED_29.3%,0.00,0.0,NO,STANDBY_VEL_LOW,0,0.00,4590.00,68.56,FALSE,M1_DIRECTION_MISMATCH
2026-09-07 15:05:30.519,1788793530.519,4099,61,61,4412.50,4412.58,8.0,PASS_<=10c,-6.0,DOWN,-57.0,-368.0,4.2,+3.36,0.80,SLOW,4416.18,4416.68,4412.16,4412.97,0.00,0.00,0.0,BULLISH,452.0,4413.07,4413.36,4412.37,4412.50,30,CLEARED_>=20s,99.0,57.0,29.0,13.0,29.3,13.1,29.3,BLOCKED_29.3%,0.00,0.0,NO,STANDBY_VEL_LOW,0,0.00,4590.00,68.56,FALSE,M1_DIRECTION_MISMATCH
2026-09-07 15:05:31.020,1788793531.020,4100,62,62,4412.34,4412.42,8.0,PASS_<=10c,-16.0,DOWN,-73.0,-384.0,4.2,+5.66,1.35,SLOW,4416.18,4416.68,4412.16,4412.97,0.00,0.00,0.0,BULLISH,452.0,4413.07,4413.36,4412.34,4412.34,31,CLEARED_>=20s,102.0,73.0,29.0,0.0,28.4,0.0,28.4,BLOCKED_28.4%,0.00,0.0,NO,STANDBY_VEL_LOW,0,0.00,4590.00,68.56,FALSE,M1_DIRECTION_MISMATCH
2026-09-07 15:05:31.522,1788793531.522,4101,63,63,4412.33,4412.41,8.0,PASS_<=10c,-1.0,DOWN,-74.0,-385.0,4.2,+6.92,1.65,SLOW,4416.18,4416.68,4412.16,4412.97,0.00,0.00,0.0,BULLISH,452.0,4413.07,4413.36,4412.33,4412.33,31,CLEARED_>=20s,103.0,74.0,29.0,0.0,28.2,0.0,28.2,BLOCKED_28.2%,0.00,0.0,NO,STANDBY_VEL_LOW,0,0.00,4590.00,68.56,FALSE,M1_DIRECTION_MISMATCH
2026-09-07 15:05:32.024,1788793532.024,4102,64,64,4412.13,4412.21,8.0,PASS_<=10c,-20.0,DOWN,-94.0,-405.0,4.2,+10.91,2.60,SLOW,4416.18,4416.68,4412.16,4412.97,0.00,0.00,0.0,BULLISH,452.0,4413.07,4413.36,4412.13,4412.13,32,CLEARED_>=20s,123.0,94.0,29.0,0.0,23.6,0.0,23.6,BLOCKED_23.6%,0.00,0.0,NO,STANDBY_VEL_LOW,0,0.00,4590.00,68.56,FALSE,M1_DIRECTION_MISMATCH
2026-09-07 15:05:32.525,1788793532.526,4103,65,65,4412.22,4412.30,8.0,PASS_<=10c,+9.0,UP,-85.0,-396.0,4.2,+9.65,2.30,SLOW,4416.18,4416.68,4412.16,4412.97,0.00,0.00,0.0,BULLISH,452.0,4413.07,4413.36,4412.13,4412.22,32,CLEARED_>=20s,123.0,85.0,29.0,9.0,23.6,7.3,23.6,BLOCKED_23.6%,0.00,0.0,NO,STANDBY_VEL_LOW,0,0.00,4590.00,68.56,FALSE,M1_DIRECTION_MISMATCH
2026-09-07 15:05:33.028,1788793533.028,4104,66,66,4412.28,4412.36,8.0,PASS_<=10c,+6.0,UP,-79.0,-390.0,4.2,+9.44,2.25,SLOW,4416.18,4416.68,4412.16,4412.97,0.00,0.00,0.0,BULLISH,452.0,4413.07,4413.36,4412.13,4412.28,33,CLEARED_>=20s,123.0,79.0,29.0,15.0,23.6,12.2,23.6,BLOCKED_23.6%,0.00,0.0,NO,STANDBY_VEL_LOW,0,0.00,4590.00,68.56,FALSE,M1_DIRECTION_MISMATCH
2026-09-07 15:05:33.529,1788793533.530,4105,67,67,4412.18,4412.26,8.0,PASS_<=10c,-10.0,DOWN,-89.0,-400.0,4.2,+9.65,2.30,SLOW,4416.18,4416.68,4412.16,4412.97,0.00,0.00,0.0,BULLISH,452.0,4413.07,4413.36,4412.13,4412.18,33,CLEARED_>=20s,123.0,89.0,29.0,5.0,23.6,4.1,23.6,BLOCKED_23.6%,0.00,0.0,NO,STANDBY_VEL_LOW,0,0.00,4590.00,68.56,FALSE,M1_DIRECTION_MISMATCH
2026-09-07 15:05:34.031,1788793534.032,4106,68,68,4412.32,4412.40,8.0,PASS_<=10c,+14.0,UP,-75.0,-386.0,4.2,+5.45,1.30,SLOW,4416.18,4416.68,4412.16,4412.97,0.00,0.00,0.0,BULLISH,452.0,4413.07,4413.36,4412.13,4412.32,34,CLEARED_>=20s,123.0,75.0,29.0,19.0,23.6,15.4,23.6,BLOCKED_23.6%,0.00,0.0,NO,STANDBY_VEL_LOW,0,0.00,4590.00,68.56,FALSE,M1_DIRECTION_MISMATCH
2026-09-07 15:05:34.533,1788793534.534,4107,69,69,4412.24,4412.32,8.0,PASS_<=10c,-8.0,DOWN,-83.0,-394.0,4.2,+7.13,1.70,SLOW,4416.18,4416.68,4412.16,4412.97,0.00,0.00,0.0,BULLISH,452.0,4413.07,4413.36,4412.13,4412.24,34,CLEARED_>=20s,123.0,83.0,29.0,11.0,23.6,8.9,23.6,BLOCKED_23.6%,0.00,0.0,NO,STANDBY_VEL_LOW,0,0.00,4590.00,68.56,FALSE,M1_DIRECTION_MISMATCH
2026-09-07 15:05:35.035,1788793535.035,4108,70,70,4412.24,4412.32,8.0,PASS_<=10c,+0.0,FLAT,-83.0,-394.0,4.2,+5.24,1.25,SLOW,4416.18,4416.68,4412.16,4412.97,0.00,0.00,0.0,BULLISH,452.0,4413.07,4413.36,4412.13,4412.24,35,CLEARED_>=20s,123.0,83.0,29.0,11.0,23.6,8.9,23.6,BLOCKED_23.6%,0.00,0.0,NO,STANDBY_VEL_LOW,0,0.00,4590.00,68.56,FALSE,M1_DIRECTION_MISMATCH
2026-09-07 15:05:35.537,1788793535.537,4109,71,71,4412.21,4412.29,8.0,PASS_<=10c,-3.0,DOWN,-86.0,-397.0,4.2,+4.62,1.10,SLOW,4416.18,4416.68,4412.16,4412.97,0.00,0.00,0.0,BULLISH,452.0,4413.07,4413.36,4412.13,4412.21,35,CLEARED_>=20s,123.0,86.0,29.0,8.0,23.6,6.5,23.6,BLOCKED_23.6%,0.00,0.0,NO,STANDBY_VEL_LOW,0,0.00,4590.00,68.56,FALSE,M1_DIRECTION_MISMATCH
2026-09-07 15:05:36.037,1788793536.038,4110,72,72,4412.20,4412.28,8.0,PASS_<=10c,-1.0,DOWN,-87.0,-398.0,4.2,+2.94,0.70,SLOW,4416.18,4416.68,4412.16,4412.97,0.00,0.00,0.0,BULLISH,452.0,4413.07,4413.36,4412.13,4412.20,36,CLEARED_>=20s,123.0,87.0,29.0,7.0,23.6,5.7,23.6,BLOCKED_23.6%,0.00,0.0,NO,STANDBY_VEL_LOW,0,0.00,4590.00,68.56,FALSE,M1_DIRECTION_MISMATCH
2026-09-07 15:05:36.539,1788793536.540,4111,73,73,4412.20,4412.28,8.0,PASS_<=10c,+0.0,FLAT,-87.0,-398.0,4.2,+1.05,0.25,SLOW,4416.18,4416.68,4412.16,4412.97,0.00,0.00,0.0,BULLISH,452.0,4413.07,4413.36,4412.13,4412.20,36,CLEARED_>=20s,123.0,87.0,29.0,7.0,23.6,5.7,23.6,BLOCKED_23.6%,0.00,0.0,NO,STANDBY_VEL_LOW,0,0.00,4590.00,68.56,FALSE,M1_DIRECTION_MISMATCH
2026-09-07 15:05:37.041,1788793537.042,4112,74,74,4412.13,4412.21,8.0,PASS_<=10c,-7.0,DOWN,-94.0,-405.0,4.2,+0.00,0.00,SLOW,4416.18,4416.68,4412.16,4412.97,0.00,0.00,0.0,BULLISH,452.0,4413.07,4413.36,4412.13,4412.13,37,CLEARED_>=20s,123.0,94.0,29.0,0.0,23.6,0.0,23.6,BLOCKED_23.6%,0.00,0.0,NO,STANDBY_VEL_LOW,0,0.00,4590.00,68.56,FALSE,M1_DIRECTION_MISMATCH
2026-09-07 15:05:37.543,1788793537.543,4113,75,75,4412.16,4412.24,8.0,PASS_<=10c,+3.0,UP,-91.0,-402.0,4.2,+2.31,0.55,SLOW,4416.18,4416.68,4412.16,4412.97,0.00,0.00,0.0,BULLISH,452.0,4413.07,4413.36,4412.13,4412.16,37,CLEARED_>=20s,123.0,91.0,29.0,3.0,23.6,2.4,23.6,BLOCKED_23.6%,0.00,0.0,NO,STANDBY_VEL_LOW,0,0.00,4590.00,68.56,FALSE,M1_DIRECTION_MISMATCH
2026-09-07 15:05:38.045,1788793538.045,4114,76,76,4412.23,4412.31,8.0,PASS_<=10c,+7.0,UP,-84.0,-395.0,4.2,+0.84,0.20,SLOW,4416.18,4416.68,4412.16,4412.97,0.00,0.00,0.0,BULLISH,452.0,4413.07,4413.36,4412.13,4412.23,38,CLEARED_>=20s,123.0,84.0,29.0,10.0,23.6,8.1,23.6,BLOCKED_23.6%,0.00,0.0,NO,STANDBY_VEL_LOW,0,0.00,4590.00,68.56,FALSE,M1_DIRECTION_MISMATCH
2026-09-07 15:05:38.545,1788793538.546,4115,77,77,4412.22,4412.30,8.0,PASS_<=10c,-1.0,DOWN,-85.0,-396.0,4.2,+0.84,0.20,SLOW,4416.18,4416.68,4412.16,4412.97,0.00,0.00,0.0,BULLISH,452.0,4413.07,4413.36,4412.13,4412.22,38,CLEARED_>=20s,123.0,85.0,29.0,9.0,23.6,7.3,23.6,BLOCKED_23.6%,0.00,0.0,NO,STANDBY_VEL_LOW,0,0.00,4590.00,68.56,FALSE,M1_DIRECTION_MISMATCH
2026-09-07 15:05:39.047,1788793539.047,4116,78,78,4412.21,4412.29,8.0,PASS_<=10c,-1.0,DOWN,-86.0,-397.0,4.2,+2.31,0.55,SLOW,4416.18,4416.68,4412.16,4412.97,0.00,0.00,0.0,BULLISH,452.0,4413.07,4413.36,4412.13,4412.21,39,CLEARED_>=20s,123.0,86.0,29.0,8.0,23.6,6.5,23.6,BLOCKED_23.6%,0.00,0.0,NO,STANDBY_VEL_LOW,0,0.00,4590.00,68.56,FALSE,M1_DIRECTION_MISMATCH
2026-09-07 15:05:39.549,1788793539.549,4117,79,79,4412.15,4412.23,8.0,PASS_<=10c,-6.0,DOWN,-92.0,-403.0,4.2,+2.10,0.50,SLOW,4416.18,4416.68,4412.16,4412.97,0.00,0.00,0.0,BULLISH,452.0,4413.07,4413.36,4412.13,4412.15,39,CLEARED_>=20s,123.0,92.0,29.0,2.0,23.6,1.6,23.6,BLOCKED_23.6%,0.00,0.0,NO,STANDBY_VEL_LOW,0,0.00,4590.00,68.56,FALSE,M1_DIRECTION_MISMATCH
2026-09-07 15:05:40.051,1788793540.051,4118,80,80,4412.06,4412.14,8.0,PASS_<=10c,-9.0,DOWN,-101.0,-412.0,4.2,+3.15,0.75,SLOW,4416.18,4416.68,4412.16,4412.97,0.00,0.00,0.0,BULLISH,452.0,4413.07,4413.36,4412.06,4412.06,40,CLEARED_>=20s,130.0,101.0,29.0,0.0,22.3,0.0,22.3,BLOCKED_22.3%,0.00,0.0,NO,STANDBY_VEL_LOW,0,0.00,4590.00,68.56,FALSE,M1_DIRECTION_MISMATCH
2026-09-07 15:05:40.551,1788793540.551,4119,81,81,4411.96,4412.04,8.0,PASS_<=10c,-10.0,DOWN,-111.0,-422.0,4.2,+5.04,1.20,SLOW,4416.18,4416.68,4412.16,4412.97,0.00,0.00,0.0,BULLISH,452.0,4413.07,4413.36,4411.96,4411.96,40,CLEARED_>=20s,140.0,111.0,29.0,0.0,20.7,0.0,20.7,BLOCKED_20.7%,0.00,0.0,NO,STANDBY_VEL_LOW,0,0.00,4590.00,68.56,FALSE,M1_DIRECTION_MISMATCH
2026-09-07 15:05:41.052,1788793541.052,4120,82,82,4411.91,4411.99,8.0,PASS_<=10c,-5.0,DOWN,-116.0,-427.0,4.2,+6.09,1.45,SLOW,4416.18,4416.68,4412.16,4412.97,0.00,0.00,0.0,BULLISH,452.0,4413.07,4413.36,4411.91,4411.91,41,CLEARED_>=20s,145.0,116.0,29.0,0.0,20.0,0.0,20.0,BLOCKED_20.0%,0.00,0.0,NO,STANDBY_VEL_LOW,0,0.00,4590.00,68.56,FALSE,M1_DIRECTION_MISMATCH
2026-09-07 15:05:41.554,1788793541.554,4121,83,83,4411.93,4412.01,8.0,PASS_<=10c,+2.0,UP,-114.0,-425.0,4.2,+4.20,1.00,SLOW,4416.18,4416.68,4412.16,4412.97,0.00,0.00,0.0,BULLISH,452.0,4413.07,4413.36,4411.91,4411.93,41,CLEARED_>=20s,145.0,114.0,29.0,2.0,20.0,1.4,20.0,BLOCKED_20.0%,0.00,0.0,NO,STANDBY_VEL_LOW,0,0.00,4590.00,68.56,FALSE,M1_DIRECTION_MISMATCH
2026-09-07 15:05:42.054,1788793542.055,4122,84,84,4411.92,4412.00,8.0,PASS_<=10c,-1.0,DOWN,-115.0,-426.0,4.2,+4.83,1.15,SLOW,4416.18,4416.68,4412.16,4412.97,0.00,0.00,0.0,BULLISH,452.0,4413.07,4413.36,4411.91,4411.92,42,CLEARED_>=20s,145.0,115.0,29.0,1.0,20.0,0.7,20.0,BLOCKED_20.0%,0.00,0.0,NO,STANDBY_VEL_LOW,0,0.00,4590.00,68.56,FALSE,M1_DIRECTION_MISMATCH
2026-09-07 15:05:42.557,1788793542.557,4123,85,85,4411.82,4411.90,8.0,PASS_<=10c,-10.0,DOWN,-125.0,-436.0,4.2,+8.61,2.05,SLOW,4416.18,4416.68,4412.16,4412.97,0.00,0.00,0.0,BULLISH,452.0,4413.07,4413.36,4411.82,4411.82,42,CLEARED_>=20s,154.0,125.0,29.0,0.0,18.8,0.0,18.8,PASS_<20%,0.00,0.0,NO,STANDBY_VEL_LOW,0,0.00,4590.00,68.56,FALSE,M1_DIRECTION_MISMATCH
2026-09-07 15:05:43.058,1788793543.059,4124,86,86,4411.82,4411.90,8.0,PASS_<=10c,+0.0,FLAT,-125.0,-436.0,4.2,+8.40,2.00,SLOW,4416.18,4416.68,4412.16,4412.97,0.00,0.00,0.0,BULLISH,452.0,4413.07,4413.36,4411.82,4411.82,43,CLEARED_>=20s,154.0,125.0,29.0,0.0,18.8,0.0,18.8,PASS_<20%,0.00,0.0,NO,STANDBY_VEL_LOW,0,0.00,4590.00,68.56,FALSE,M1_DIRECTION_MISMATCH
2026-09-07 15:05:43.559,1788793543.560,4125,87,87,4411.78,4411.86,8.0,PASS_<=10c,-4.0,DOWN,-129.0,-440.0,4.2,+9.24,2.20,SLOW,4416.18,4416.68,4412.16,4412.97,0.00,0.00,0.0,BULLISH,452.0,4413.07,4413.36,4411.78,4411.78,43,CLEARED_>=20s,158.0,129.0,29.0,0.0,18.4,0.0,18.4,PASS_<20%,0.00,0.0,NO,STANDBY_VEL_LOW,0,0.00,4590.00,68.56,FALSE,M1_DIRECTION_MISMATCH
2026-09-07 15:05:44.061,1788793544.061,4126,88,88,4411.72,4411.80,8.0,PASS_<=10c,-6.0,DOWN,-135.0,-446.0,4.2,+10.29,2.45,SLOW,4416.18,4416.68,4412.16,4412.97,0.00,0.00,0.0,BULLISH,452.0,4413.07,4413.36,4411.72,4411.72,44,CLEARED_>=20s,164.0,135.0,29.0,0.0,17.7,0.0,17.7,PASS_<20%,0.00,0.0,NO,STANDBY_VEL_LOW,0,0.00,4590.00,68.56,FALSE,M1_DIRECTION_MISMATCH
2026-09-07 15:05:44.562,1788793544.563,4127,89,89,4411.74,4411.82,8.0,PASS_<=10c,+2.0,UP,-133.0,-444.0,4.2,+8.19,1.95,SLOW,4416.18,4416.68,4412.16,4412.97,0.00,0.00,0.0,BULLISH,452.0,4413.07,4413.36,4411.71,4411.74,44,CLEARED_>=20s,165.0,133.0,29.0,3.0,17.6,1.8,17.6,PASS_<20%,0.00,0.0,NO,STANDBY_VEL_LOW,0,0.00,4590.00,68.56,FALSE,M1_DIRECTION_MISMATCH
2026-09-07 15:05:45.064,1788793545.065,4128,90,90,4411.74,4411.82,8.0,PASS_<=10c,+0.0,FLAT,-133.0,-444.0,4.2,+4.62,1.10,SLOW,4416.18,4416.68,4412.16,4412.97,0.00,0.00,0.0,BULLISH,452.0,4413.07,4413.36,4411.71,4411.74,45,CLEARED_>=20s,165.0,133.0,29.0,3.0,17.6,1.8,17.6,PASS_<20%,0.00,0.0,NO,STANDBY_VEL_LOW,0,0.00,4590.00,68.56,FALSE,M1_DIRECTION_MISMATCH
2026-09-07 15:05:45.566,1788793545.566,4129,91,91,4411.80,4411.88,8.0,PASS_<=10c,+6.0,UP,-127.0,-438.0,4.2,+2.73,0.65,SLOW,4416.18,4416.68,4412.16,4412.97,0.00,0.00,0.0,BULLISH,452.0,4413.07,4413.36,4411.71,4411.80,45,CLEARED_>=20s,165.0,127.0,29.0,9.0,17.6,5.5,17.6,PASS_<20%,0.00,0.0,NO,STANDBY_VEL_LOW,0,0.00,4590.00,68.56,FALSE,M1_DIRECTION_MISMATCH
2026-09-07 15:05:46.068,1788793546.068,4130,92,92,4411.80,4411.88,8.0,PASS_<=10c,+0.0,FLAT,-127.0,-438.0,4.2,+2.52,0.60,SLOW,4416.18,4416.68,4412.16,4412.97,0.00,0.00,0.0,BULLISH,452.0,4413.07,4413.36,4411.71,4411.80,46,CLEARED_>=20s,165.0,127.0,29.0,9.0,17.6,5.5,17.6,PASS_<20%,0.00,0.0,NO,STANDBY_VEL_LOW,0,0.00,4590.00,68.56,FALSE,M1_DIRECTION_MISMATCH
2026-09-07 15:05:46.569,1788793546.570,4131,93,93,4411.87,4411.95,8.0,PASS_<=10c,+7.0,UP,-120.0,-431.0,4.2,+1.26,0.30,SLOW,4416.18,4416.68,4412.16,4412.97,0.00,0.00,0.0,BULLISH,452.0,4413.07,4413.36,4411.71,4411.87,46,CLEARED_>=20s,165.0,120.0,29.0,16.0,17.6,9.7,17.6,PASS_<20%,0.00,0.0,NO,STANDBY_VEL_LOW,0,0.00,4590.00,68.56,FALSE,M1_DIRECTION_MISMATCH
2026-09-07 15:05:47.071,1788793547.072,4132,94,94,4411.83,4411.91,8.0,PASS_<=10c,-4.0,DOWN,-124.0,-435.0,4.2,+1.89,0.45,SLOW,4416.18,4416.68,4412.16,4412.97,0.00,0.00,0.0,BULLISH,452.0,4413.07,4413.36,4411.71,4411.83,47,CLEARED_>=20s,165.0,124.0,29.0,12.0,17.6,7.3,17.6,PASS_<20%,0.00,0.0,NO,STANDBY_VEL_LOW,0,0.00,4590.00,68.56,FALSE,M1_DIRECTION_MISMATCH
2026-09-07 15:05:47.572,1788793547.572,4133,95,95,4411.80,4411.88,8.0,PASS_<=10c,-3.0,DOWN,-127.0,-438.0,4.2,+0.42,0.10,SLOW,4416.18,4416.68,4412.16,4412.97,0.00,0.00,0.0,BULLISH,452.0,4413.07,4413.36,4411.71,4411.80,47,CLEARED_>=20s,165.0,127.0,29.0,9.0,17.6,5.5,17.6,PASS_<20%,0.00,0.0,NO,STANDBY_VEL_LOW,0,0.00,4590.00,68.56,FALSE,M1_DIRECTION_MISMATCH
2026-09-07 15:05:48.074,1788793548.074,4134,96,96,4411.78,4411.86,8.0,PASS_<=10c,-2.0,DOWN,-129.0,-440.0,4.2,+0.21,0.05,SLOW,4416.18,4416.68,4412.16,4412.97,0.00,0.00,0.0,BULLISH,452.0,4413.07,4413.36,4411.71,4411.78,48,CLEARED_>=20s,165.0,129.0,29.0,7.0,17.6,4.2,17.6,PASS_<20%,0.00,0.0,NO,STANDBY_VEL_LOW,0,0.00,4590.00,68.56,FALSE,M1_DIRECTION_MISMATCH
2026-09-07 15:05:48.576,1788793548.576,4135,97,97,4411.80,4411.88,8.0,PASS_<=10c,+2.0,UP,-127.0,-438.0,4.2,+0.63,0.15,SLOW,4416.18,4416.68,4412.16,4412.97,0.00,0.00,0.0,BULLISH,452.0,4413.07,4413.36,4411.71,4411.80,48,CLEARED_>=20s,165.0,127.0,29.0,9.0,17.6,5.5,17.6,PASS_<20%,0.00,0.0,NO,STANDBY_VEL_LOW,0,0.00,4590.00,68.56,FALSE,M1_DIRECTION_MISMATCH
2026-09-07 15:05:49.091,1788793549.092,4136,98,98,4411.80,4411.88,8.0,PASS_<=10c,+0.0,FLAT,-127.0,-438.0,4.2,+1.89,0.45,SLOW,4416.18,4416.68,4412.16,4412.97,0.00,0.00,0.0,BULLISH,452.0,4413.07,4413.36,4411.71,4411.80,49,CLEARED_>=20s,165.0,127.0,29.0,9.0,17.6,5.5,17.6,PASS_<20%,0.00,0.0,NO,STANDBY_VEL_LOW,0,0.00,4590.00,68.56,FALSE,M1_DIRECTION_MISMATCH
2026-09-07 15:05:49.580,1788793549.580,4137,99,99,4411.74,4411.82,8.0,PASS_<=10c,-6.0,DOWN,-133.0,-444.0,4.2,+0.21,0.05,SLOW,4416.18,4416.68,4412.16,4412.97,0.00,0.00,0.0,BULLISH,452.0,4413.07,4413.36,4411.71,4411.74,49,CLEARED_>=20s,165.0,133.0,29.0,3.0,17.6,1.8,17.6,PASS_<20%,0.00,0.0,NO,STANDBY_VEL_LOW,0,0.00,4590.00,68.56,FALSE,M1_DIRECTION_MISMATCH
2026-09-07 15:05:50.081,1788793550.082,4138,100,100,4411.74,4411.82,8.0,PASS_<=10c,+0.0,FLAT,-133.0,-444.0,4.2,+0.21,0.05,SLOW,4416.18,4416.68,4412.16,4412.97,0.00,0.00,0.0,BULLISH,452.0,4413.07,4413.36,4411.71,4411.74,50,CLEARED_>=20s,165.0,133.0,29.0,3.0,17.6,1.8,17.6,PASS_<20%,0.00,0.0,NO,STANDBY_VEL_LOW,0,0.00,4590.00,68.56,FALSE,M1_DIRECTION_MISMATCH
2026-09-07 15:05:50.583,1788793550.583,4139,101,101,4411.60,4411.68,8.0,PASS_<=10c,-14.0,DOWN,-147.0,-458.0,4.2,+3.99,0.95,SLOW,4416.18,4416.68,4412.16,4412.97,0.00,0.00,0.0,NEUTRAL,452.0,4413.07,4413.36,4411.60,4411.60,50,CLEARED_>=20s,176.0,147.0,29.0,0.0,16.5,0.0,16.5,PASS_<20%,0.00,0.0,NO,STANDBY_VEL_LOW,0,0.00,4590.00,68.56,FALSE,M5_TREND_NEUTRAL|M1_DIRECTION_MISMATCH
2026-09-07 15:05:51.085,1788793551.085,4140,102,102,4411.58,4411.66,8.0,PASS_<=10c,-2.0,DOWN,-149.0,-460.0,4.2,+4.83,1.15,SLOW,4416.18,4416.68,4412.16,4412.97,0.00,0.00,0.0,NEUTRAL,452.0,4413.07,4413.36,4411.58,4411.58,51,CLEARED_>=20s,178.0,149.0,29.0,0.0,16.3,0.0,16.3,PASS_<20%,0.00,0.0,NO,STANDBY_VEL_LOW,0,0.00,4590.00,68.56,FALSE,M5_TREND_NEUTRAL|M1_DIRECTION_MISMATCH
2026-09-07 15:05:51.587,1788793551.588,4141,103,103,4411.48,4411.56,8.0,PASS_<=10c,-10.0,DOWN,-159.0,-470.0,4.2,+8.18,1.95,SLOW,4416.18,4416.68,4412.16,4412.97,0.00,0.00,0.0,NEUTRAL,452.0,4413.07,4413.36,4411.48,4411.48,51,CLEARED_>=20s,188.0,159.0,29.0,0.0,15.4,0.0,15.4,PASS_<20%,0.00,0.0,NO,STANDBY_VEL_LOW,0,0.00,4590.00,68.56,FALSE,M5_TREND_NEUTRAL|M1_DIRECTION_MISMATCH
2026-09-07 15:05:52.090,1788793552.091,4142,104,104,4411.43,4411.51,8.0,PASS_<=10c,-5.0,DOWN,-164.0,-475.0,4.2,+8.39,2.00,SLOW,4416.18,4416.68,4412.16,4412.97,0.00,0.00,0.0,NEUTRAL,452.0,4413.07,4413.36,4411.43,4411.43,52,CLEARED_>=20s,193.0,164.0,29.0,0.0,15.0,0.0,15.0,PASS_<20%,0.00,0.0,NO,STANDBY_VEL_LOW,0,0.00,4590.00,68.56,FALSE,M5_TREND_NEUTRAL|M1_DIRECTION_MISMATCH
2026-09-07 15:05:52.591,1788793552.592,4143,105,105,4411.40,4411.48,8.0,PASS_<=10c,-3.0,DOWN,-167.0,-478.0,4.2,+9.44,2.25,SLOW,4416.18,4416.68,4412.16,4412.97,0.00,0.00,0.0,NEUTRAL,452.0,4413.07,4413.36,4411.40,4411.40,52,CLEARED_>=20s,196.0,167.0,29.0,0.0,14.8,0.0,14.8,PASS_<20%,0.00,0.0,NO,STANDBY_VEL_LOW,0,0.00,4590.00,68.56,FALSE,M5_TREND_NEUTRAL|M1_DIRECTION_MISMATCH
2026-09-07 15:05:53.093,1788793553.094,4144,106,106,4411.33,4411.41,8.0,PASS_<=10c,-7.0,DOWN,-174.0,-485.0,4.2,+10.07,2.40,SLOW,4416.18,4416.68,4412.16,4412.97,0.00,0.00,0.0,NEUTRAL,452.0,4413.07,4413.36,4411.32,4411.33,53,CLEARED_>=20s,204.0,174.0,29.0,1.0,14.2,0.5,14.2,PASS_<20%,0.00,0.0,NO,STANDBY_VEL_LOW,0,0.00,4590.00,68.56,FALSE,M5_TREND_NEUTRAL|M1_DIRECTION_MISMATCH
2026-09-07 15:05:53.595,1788793553.595,4145,107,107,4411.39,4411.47,8.0,PASS_<=10c,+6.0,UP,-168.0,-479.0,4.2,+8.60,2.05,SLOW,4416.18,4416.68,4412.16,4412.97,0.00,0.00,0.0,NEUTRAL,452.0,4413.07,4413.36,4411.32,4411.39,53,CLEARED_>=20s,204.0,168.0,29.0,7.0,14.2,3.4,14.2,PASS_<20%,0.00,0.0,NO,STANDBY_VEL_LOW,0,0.00,4590.00,68.56,FALSE,M5_TREND_NEUTRAL|M1_DIRECTION_MISMATCH
2026-09-07 15:05:54.097,1788793554.098,4146,108,108,4411.37,4411.45,8.0,PASS_<=10c,-2.0,DOWN,-170.0,-481.0,4.2,+9.02,2.15,SLOW,4416.18,4416.68,4412.16,4412.97,0.00,0.00,0.0,NEUTRAL,452.0,4413.07,4413.36,4411.32,4411.37,54,CLEARED_>=20s,204.0,170.0,29.0,5.0,14.2,2.5,14.2,PASS_<20%,0.00,0.0,NO,STANDBY_VEL_LOW,0,0.00,4590.00,68.56,FALSE,M5_TREND_NEUTRAL|M1_DIRECTION_MISMATCH
2026-09-07 15:05:54.599,1788793554.600,4147,109,109,4411.30,4411.38,8.0,PASS_<=10c,-7.0,DOWN,-177.0,-488.0,4.2,+9.23,2.20,SLOW,4416.18,4416.68,4412.16,4412.97,0.00,0.00,0.0,NEUTRAL,452.0,4413.07,4413.36,4411.30,4411.30,54,CLEARED_>=20s,206.0,177.0,29.0,0.0,14.1,0.0,14.1,PASS_<20%,0.00,0.0,NO,STANDBY_VEL_LOW,0,0.00,4590.00,68.56,FALSE,M5_TREND_NEUTRAL|M1_DIRECTION_MISMATCH
2026-09-07 15:05:55.101,1788793555.101,4148,110,110,4411.38,4411.46,8.0,PASS_<=10c,+8.0,UP,-169.0,-480.0,4.2,+4.61,1.10,SLOW,4416.18,4416.68,4412.16,4412.97,0.00,0.00,0.0,NEUTRAL,452.0,4413.07,4413.36,4411.30,4411.38,55,CLEARED_>=20s,206.0,169.0,29.0,8.0,14.1,3.9,14.1,PASS_<20%,0.00,0.0,NO,STANDBY_VEL_LOW,0,0.00,4590.00,68.56,FALSE,M5_TREND_NEUTRAL|M1_DIRECTION_MISMATCH
2026-09-07 15:05:55.601,1788793555.601,4149,111,111,4411.35,4411.43,8.0,PASS_<=10c,-3.0,DOWN,-172.0,-483.0,4.2,+5.24,1.25,SLOW,4416.18,4416.68,4412.16,4412.97,0.00,0.00,0.0,NEUTRAL,452.0,4413.07,4413.36,4411.30,4411.35,55,CLEARED_>=20s,206.0,172.0,29.0,5.0,14.1,2.4,14.1,PASS_<20%,0.00,0.0,NO,STANDBY_VEL_LOW,0,0.00,4590.00,68.56,FALSE,M5_TREND_NEUTRAL|M1_DIRECTION_MISMATCH
2026-09-07 15:05:56.103,1788793556.104,4150,112,112,4411.52,4411.60,8.0,PASS_<=10c,+17.0,UP,-155.0,-466.0,4.2,+1.26,0.30,SLOW,4416.18,4416.68,4412.16,4412.97,0.00,0.00,0.0,NEUTRAL,452.0,4413.07,4413.36,4411.30,4411.52,56,CLEARED_>=20s,206.0,155.0,29.0,22.0,14.1,10.7,14.1,PASS_<20%,0.00,0.0,NO,STANDBY_VEL_LOW,0,0.00,4590.00,68.56,FALSE,M5_TREND_NEUTRAL|M1_DIRECTION_MISMATCH
2026-09-07 15:05:56.605,1788793556.605,4151,113,113,4411.56,4411.64,8.0,PASS_<=10c,+4.0,UP,-151.0,-462.0,4.2,+2.10,0.50,SLOW,4416.18,4416.68,4412.16,4412.97,0.00,0.00,0.0,NEUTRAL,452.0,4413.07,4413.36,4411.30,4411.56,56,CLEARED_>=20s,206.0,151.0,29.0,26.0,14.1,12.6,14.1,PASS_<20%,0.00,0.0,NO,STANDBY_VEL_LOW,0,0.00,4590.00,68.56,FALSE,M5_TREND_NEUTRAL|M1_DIRECTION_MISMATCH
2026-09-07 15:05:57.108,1788793557.108,4152,114,114,4411.13,4411.21,8.0,PASS_<=10c,-43.0,DOWN,-194.0,-505.0,4.2,+6.29,1.50,SLOW,4416.18,4416.68,4412.16,4412.97,0.00,0.00,0.0,NEUTRAL,452.0,4413.07,4413.36,4411.13,4411.13,57,CLEARED_>=20s,223.0,194.0,29.0,0.0,13.0,0.0,13.0,PASS_<20%,0.00,0.0,NO,STANDBY_VEL_LOW,0,0.00,4590.00,68.56,FALSE,M5_TREND_NEUTRAL|M1_DIRECTION_MISMATCH
2026-09-07 15:05:57.610,1788793557.611,4153,115,115,4410.98,4411.06,8.0,PASS_<=10c,-15.0,DOWN,-209.0,-520.0,4.2,+7.13,1.70,SLOW,4416.18,4416.68,4412.16,4412.97,0.00,0.00,0.0,NEUTRAL,452.0,4413.07,4413.36,4410.98,4410.98,57,CLEARED_>=20s,238.0,209.0,29.0,0.0,12.2,0.0,12.2,PASS_<20%,0.00,0.0,NO,STANDBY_VEL_LOW,0,0.00,4590.00,68.56,FALSE,M5_TREND_NEUTRAL|M1_DIRECTION_MISMATCH
2026-09-07 15:05:58.111,1788793558.111,4154,116,116,4410.77,4410.85,8.0,PASS_<=10c,-21.0,DOWN,-230.0,-541.0,4.2,+13.01,3.10,SLOW,4416.18,4416.68,4412.16,4412.97,0.00,0.00,0.0,NEUTRAL,452.0,4413.07,4413.36,4410.71,4410.77,58,CLEARED_>=20s,265.0,230.0,29.0,6.0,10.9,2.3,10.9,PASS_<20%,0.00,0.0,NO,STANDBY_VEL_LOW,0,0.00,4590.00,68.56,FALSE,M5_TREND_NEUTRAL|M1_DIRECTION_MISMATCH
2026-09-07 15:05:58.614,1788793558.614,4155,117,117,4410.94,4411.02,8.0,PASS_<=10c,+17.0,UP,-213.0,-524.0,4.2,+9.23,2.20,SLOW,4416.18,4416.68,4412.16,4412.97,0.00,0.00,0.0,NEUTRAL,452.0,4413.07,4413.36,4410.71,4410.94,58,CLEARED_>=20s,265.0,213.0,29.0,23.0,10.9,8.7,10.9,PASS_<20%,0.00,0.0,NO,STANDBY_VEL_LOW,0,0.00,4590.00,68.56,FALSE,M5_TREND_NEUTRAL|M1_DIRECTION_MISMATCH
2026-09-07 15:05:59.114,1788793559.114,4156,118,118,4410.95,4411.03,8.0,PASS_<=10c,+1.0,UP,-212.0,-523.0,4.2,+7.97,1.90,SLOW,4416.18,4416.68,4412.16,4412.97,0.00,0.00,0.0,NEUTRAL,452.0,4413.07,4413.36,4410.71,4410.95,59,CLEARED_>=20s,265.0,212.0,29.0,24.0,10.9,9.1,10.9,PASS_<20%,0.00,0.0,NO,STANDBY_VEL_LOW,0,0.00,4590.00,68.56,FALSE,M5_TREND_NEUTRAL|M1_DIRECTION_MISMATCH
2026-09-07 15:05:59.616,1788793559.616,4157,119,119,4411.06,4411.14,8.0,PASS_<=10c,+11.0,UP,-201.0,-512.0,4.2,+6.50,1.55,SLOW,4416.18,4416.68,4412.16,4412.97,0.00,0.00,0.0,NEUTRAL,452.0,4413.07,4413.36,4410.71,4411.06,59,CLEARED_>=20s,265.0,201.0,29.0,35.0,10.9,13.2,13.2,PASS_<20%,0.00,0.0,NO,STANDBY_VEL_LOW,0,0.00,4590.00,68.56,FALSE,M5_TREND_NEUTRAL|M1_DIRECTION_MISMATCH
2026-09-07 15:06:00.118,1788793560.119,4158,1,120,4410.91,4410.99,8.0,PASS_<=10c,-15.0,DOWN,+0.0,-527.0,4.2,+9.23,2.20,SLOW,4416.18,4416.68,4412.16,4412.97,0.00,0.00,0.0,NEUTRAL,452.0,4410.91,4410.91,4410.91,4410.91,0,ACTIVE_0s,1.0,0.0,0.0,0.0,0.0,0.0,0.0,PASS_<20%,0.00,0.0,NO,STANDBY_VEL_LOW,0,0.00,4590.00,68.56,FALSE,M5_TREND_NEUTRAL|M1_DIRECTION_MISMATCH|OPENING_SHIELD_ACTIVE_0s
2026-09-07 15:06:00.619,1788793560.619,4159,2,121,4410.82,4410.90,8.0,PASS_<=10c,-9.0,DOWN,-9.0,-536.0,4.2,+11.12,2.65,SLOW,4416.18,4416.68,4412.16,4412.97,0.00,0.00,0.0,NEUTRAL,452.0,4410.91,4410.91,4410.82,4410.82,0,ACTIVE_0s,9.0,9.0,0.0,0.0,0.0,0.0,0.0,PASS_<20%,0.00,0.0,NO,STANDBY_VEL_LOW,0,0.00,4590.00,68.56,FALSE,M5_TREND_NEUTRAL|M1_DIRECTION_MISMATCH|OPENING_SHIELD_ACTIVE_0s
2026-09-07 15:06:01.119,1788793561.120,4160,3,122,4410.82,4410.90,8.0,PASS_<=10c,+0.0,FLAT,-9.0,-536.0,4.2,+14.69,3.50,SLOW,4416.18,4416.68,4412.16,4412.97,0.00,0.00,0.0,NEUTRAL,452.0,4410.91,4410.91,4410.82,4410.82,1,ACTIVE_1s,9.0,9.0,0.0,0.0,0.0,0.0,0.0,PASS_<20%,0.00,0.0,NO,STANDBY_VEL_LOW,0,0.00,4590.00,68.56,FALSE,M5_TREND_NEUTRAL|M1_DIRECTION_MISMATCH|OPENING_SHIELD_ACTIVE_1s
2026-09-07 15:06:01.621,1788793561.622,4161,4,123,4410.79,4410.87,8.0,PASS_<=10c,-3.0,DOWN,-12.0,-539.0,4.2,+15.95,3.80,SLOW,4416.18,4416.68,4412.16,4412.97,0.00,0.00,0.0,NEUTRAL,452.0,4410.91,4410.91,4410.79,4410.79,1,ACTIVE_1s,12.0,12.0,0.0,0.0,0.0,0.0,0.0,PASS_<20%,0.00,0.0,NO,STANDBY_VEL_LOW,0,0.00,4590.00,68.56,FALSE,M5_TREND_NEUTRAL|M1_DIRECTION_MISMATCH|OPENING_SHIELD_ACTIVE_1s
2026-09-07 15:06:02.123,1788793562.124,4162,5,124,4410.60,4410.68,8.0,PASS_<=10c,-19.0,DOWN,-31.0,-558.0,4.2,+10.70,2.55,SLOW,4416.18,4416.68,4412.16,4412.97,0.00,0.00,0.0,NEUTRAL,452.0,4410.91,4410.91,4410.60,4410.60,2,ACTIVE_2s,31.0,31.0,0.0,0.0,0.0,0.0,0.0,PASS_<20%,0.00,0.0,NO,STANDBY_VEL_LOW,0,0.00,4590.00,68.56,FALSE,M5_TREND_NEUTRAL|M1_DIRECTION_MISMATCH|OPENING_SHIELD_ACTIVE_2s
2026-09-07 15:06:02.625,1788793562.626,4163,6,125,4410.65,4410.73,8.0,PASS_<=10c,+5.0,UP,-26.0,-553.0,4.2,+1.26,0.30,SLOW,4416.18,4416.68,4412.16,4412.97,0.00,0.00,0.0,NEUTRAL,452.0,4410.91,4410.91,4410.60,4410.65,2,ACTIVE_2s,31.0,26.0,0.0,5.0,0.0,16.1,16.1,PASS_<20%,0.00,0.0,NO,STANDBY_VEL_LOW,0,0.00,4590.00,68.56,FALSE,M5_TREND_NEUTRAL|M1_DIRECTION_MISMATCH|OPENING_SHIELD_ACTIVE_2s
2026-09-07 15:06:03.127,1788793563.128,4164,7,126,4410.66,4410.74,8.0,PASS_<=10c,+1.0,UP,-25.0,-552.0,4.2,+3.57,0.85,SLOW,4416.18,4416.68,4412.16,4412.97,0.00,0.00,0.0,NEUTRAL,452.0,4410.91,4410.91,4410.60,4410.66,3,ACTIVE_3s,31.0,25.0,0.0,6.0,0.0,19.4,19.4,PASS_<20%,0.00,0.0,NO,STANDBY_VEL_LOW,0,0.00,4590.00,68.56,FALSE,M5_TREND_NEUTRAL|M1_DIRECTION_MISMATCH|OPENING_SHIELD_ACTIVE_3s
2026-09-07 15:06:03.630,1788793563.630,4165,8,127,4410.60,4410.68,8.0,PASS_<=10c,-6.0,DOWN,-31.0,-558.0,4.2,+7.13,1.70,SLOW,4416.18,4416.68,4412.16,4412.97,0.00,0.00,0.0,NEUTRAL,452.0,4410.91,4410.91,4410.60,4410.60,3,ACTIVE_3s,31.0,31.0,0.0,0.0,0.0,0.0,0.0,PASS_<20%,0.00,0.0,NO,STANDBY_VEL_LOW,0,0.00,4590.00,68.56,FALSE,M5_TREND_NEUTRAL|M1_DIRECTION_MISMATCH|OPENING_SHIELD_ACTIVE_3s
2026-09-07 15:06:04.131,1788793564.131,4166,9,128,4410.59,4410.67,8.0,PASS_<=10c,-1.0,DOWN,-32.0,-559.0,4.2,+9.65,2.30,SLOW,4416.18,4416.68,4412.16,4412.97,0.00,0.00,0.0,NEUTRAL,452.0,4410.91,4410.91,4410.59,4410.59,4,ACTIVE_4s,32.0,32.0,0.0,0.0,0.0,0.0,0.0,PASS_<20%,0.00,0.0,NO,STANDBY_VEL_LOW,0,0.00,4590.00,68.56,FALSE,M5_TREND_NEUTRAL|M1_DIRECTION_MISMATCH|OPENING_SHIELD_ACTIVE_4s
2026-09-07 15:06:04.632,1788793564.633,4167,10,129,4410.62,4410.70,8.0,PASS_<=10c,+3.0,UP,-29.0,-556.0,4.2,+9.44,2.25,SLOW,4416.18,4416.68,4412.16,4412.97,0.00,0.00,0.0,NEUTRAL,452.0,4410.91,4410.91,4410.59,4410.62,4,ACTIVE_4s,32.0,29.0,0.0,3.0,0.0,9.4,9.4,PASS_<20%,0.00,0.0,NO,STANDBY_VEL_LOW,0,0.00,4590.00,68.56,FALSE,M5_TREND_NEUTRAL|M1_DIRECTION_MISMATCH|OPENING_SHIELD_ACTIVE_4s
2026-09-07 15:06:05.134,1788793565.134,4168,11,130,4410.88,4410.96,8.0,PASS_<=10c,+26.0,UP,-3.0,-530.0,4.2,+0.21,0.05,SLOW,4416.18,4416.68,4412.16,4412.97,0.00,0.00,0.0,NEUTRAL,452.0,4410.91,4410.91,4410.59,4410.88,5,ACTIVE_5s,32.0,3.0,0.0,29.0,0.0,90.6,90.6,BLOCKED_90.6%,0.00,0.0,NO,STANDBY_VEL_LOW,0,0.00,4590.00,68.56,FALSE,M5_TREND_NEUTRAL|M1_DIRECTION_MISMATCH|OPENING_SHIELD_ACTIVE_5s
2026-09-07 15:06:05.635,1788793565.636,4169,12,131,4410.63,4410.71,8.0,PASS_<=10c,-25.0,DOWN,-28.0,-555.0,4.2,+3.99,0.95,SLOW,4416.18,4416.68,4412.16,4412.97,0.00,0.00,0.0,NEUTRAL,452.0,4410.91,4410.91,4410.59,4410.63,5,ACTIVE_5s,32.0,28.0,0.0,4.0,0.0,12.5,12.5,PASS_<20%,0.00,0.0,NO,STANDBY_VEL_LOW,0,0.00,4590.00,68.56,FALSE,M5_TREND_NEUTRAL|M1_DIRECTION_MISMATCH|OPENING_SHIELD_ACTIVE_5s
2026-09-07 15:06:06.137,1788793566.137,4170,13,132,4410.56,4410.64,8.0,PASS_<=10c,-7.0,DOWN,-35.0,-562.0,4.2,+5.25,1.25,SLOW,4416.18,4416.68,4412.16,4412.97,0.00,0.00,0.0,NEUTRAL,452.0,4410.91,4410.91,4410.56,4410.56,6,ACTIVE_6s,35.0,35.0,0.0,0.0,0.0,0.0,0.0,PASS_<20%,0.00,0.0,NO,STANDBY_VEL_LOW,0,0.00,4590.00,68.56,FALSE,M5_TREND_NEUTRAL|M1_DIRECTION_MISMATCH|OPENING_SHIELD_ACTIVE_6s
2026-09-07 15:06:06.638,1788793566.639,4171,14,133,4410.57,4410.65,8.0,PASS_<=10c,+1.0,UP,-34.0,-561.0,4.2,+2.94,0.70,SLOW,4416.18,4416.68,4412.16,4412.97,0.00,0.00,0.0,NEUTRAL,452.0,4410.91,4410.91,4410.56,4410.57,6,ACTIVE_6s,35.0,34.0,0.0,1.0,0.0,2.9,2.9,PASS_<20%,0.00,0.0,NO,STANDBY_VEL_LOW,0,0.00,4590.00,68.56,FALSE,M5_TREND_NEUTRAL|M1_DIRECTION_MISMATCH|OPENING_SHIELD_ACTIVE_6s
2026-09-07 15:06:07.140,1788793567.140,4172,15,134,4410.52,4410.60,8.0,PASS_<=10c,-5.0,DOWN,-39.0,-566.0,4.2,+1.68,0.40,SLOW,4416.18,4416.68,4412.16,4412.97,0.00,0.00,0.0,NEUTRAL,452.0,4410.91,4410.91,4410.52,4410.52,7,ACTIVE_7s,39.0,39.0,0.0,0.0,0.0,0.0,0.0,PASS_<20%,0.00,0.0,NO,STANDBY_VEL_LOW,0,0.00,4590.00,68.56,FALSE,M5_TREND_NEUTRAL|M1_DIRECTION_MISMATCH|OPENING_SHIELD_ACTIVE_7s
2026-09-07 15:06:07.641,1788793567.641,4173,16,135,4410.56,4410.64,8.0,PASS_<=10c,+4.0,UP,-35.0,-562.0,4.2,+1.89,0.45,SLOW,4416.18,4416.68,4412.16,4412.97,0.00,0.00,0.0,NEUTRAL,452.0,4410.91,4410.91,4410.52,4410.56,7,ACTIVE_7s,39.0,35.0,0.0,4.0,0.0,10.3,10.3,PASS_<20%,0.00,0.0,NO,STANDBY_VEL_LOW,0,0.00,4590.00,68.56,FALSE,M5_TREND_NEUTRAL|M1_DIRECTION_MISMATCH|OPENING_SHIELD_ACTIVE_7s
2026-09-07 15:06:08.142,1788793568.143,4174,17,136,4410.58,4410.66,8.0,PASS_<=10c,+2.0,UP,-33.0,-560.0,4.2,+1.47,0.35,SLOW,4416.18,4416.68,4412.16,4412.97,0.00,0.00,0.0,NEUTRAL,452.0,4410.91,4410.91,4410.52,4410.58,8,ACTIVE_8s,39.0,33.0,0.0,6.0,0.0,15.4,15.4,PASS_<20%,0.00,0.0,NO,STANDBY_VEL_LOW,0,0.00,4590.00,68.56,FALSE,M5_TREND_NEUTRAL|M1_DIRECTION_MISMATCH|OPENING_SHIELD_ACTIVE_8s
2026-09-07 15:06:08.643,1788793568.643,4175,18,137,4410.64,4410.72,8.0,PASS_<=10c,+6.0,UP,-27.0,-554.0,4.2,+0.84,0.20,SLOW,4416.18,4416.68,4412.16,4412.97,0.00,0.00,0.0,NEUTRAL,452.0,4410.91,4410.91,4410.52,4410.64,8,ACTIVE_8s,39.0,27.0,0.0,12.0,0.0,30.8,30.8,BLOCKED_30.8%,0.00,0.0,NO,STANDBY_VEL_LOW,0,0.00,4590.00,68.56,FALSE,M5_TREND_NEUTRAL|M1_DIRECTION_MISMATCH|OPENING_SHIELD_ACTIVE_8s
2026-09-07 15:06:09.145,1788793569.145,4176,19,138,4410.69,4410.77,8.0,PASS_<=10c,+5.0,UP,-22.0,-549.0,4.2,+1.89,0.45,SLOW,4416.18,4416.68,4412.16,4412.97,0.00,0.00,0.0,NEUTRAL,452.0,4410.91,4410.91,4410.52,4410.69,9,ACTIVE_9s,39.0,22.0,0.0,17.0,0.0,43.6,43.6,BLOCKED_43.6%,0.00,0.0,NO,STANDBY_VEL_LOW,0,0.00,4590.00,68.56,FALSE,M5_TREND_NEUTRAL|M1_DIRECTION_MISMATCH|OPENING_SHIELD_ACTIVE_9s
2026-09-07 15:06:09.646,1788793569.647,4177,20,139,4410.62,4410.70,8.0,PASS_<=10c,-7.0,DOWN,-29.0,-556.0,4.2,+5.25,1.25,SLOW,4416.18,4416.68,4412.16,4412.97,0.00,0.00,0.0,NEUTRAL,452.0,4410.91,4410.91,4410.52,4410.62,9,ACTIVE_9s,39.0,29.0,0.0,10.0,0.0,25.6,25.6,BLOCKED_25.6%,0.00,0.0,NO,STANDBY_VEL_LOW,0,0.00,4590.00,68.56,FALSE,M5_TREND_NEUTRAL|M1_DIRECTION_MISMATCH|OPENING_SHIELD_ACTIVE_9s
2026-09-07 15:06:10.150,1788793570.150,4178,21,140,4410.69,4410.77,8.0,PASS_<=10c,+7.0,UP,-22.0,-549.0,4.2,+0.63,0.15,SLOW,4416.18,4416.68,4412.16,4412.97,0.00,0.00,0.0,NEUTRAL,452.0,4410.91,4410.91,4410.52,4410.69,10,ACTIVE_10s,39.0,22.0,0.0,17.0,0.0,43.6,43.6,BLOCKED_43.6%,0.00,0.0,NO,STANDBY_VEL_LOW,0,0.00,4590.00,68.56,FALSE,M5_TREND_NEUTRAL|M1_DIRECTION_MISMATCH|OPENING_SHIELD_ACTIVE_10s
2026-09-07 15:06:10.650,1788793570.650,4179,22,141,4410.70,4410.78,8.0,PASS_<=10c,+1.0,UP,-21.0,-548.0,4.2,+1.89,0.45,SLOW,4416.18,4416.68,4412.16,4412.97,0.00,0.00,0.0,NEUTRAL,452.0,4410.91,4410.91,4410.52,4410.70,10,ACTIVE_10s,39.0,21.0,0.0,18.0,0.0,46.2,46.2,BLOCKED_46.2%,0.00,0.0,NO,STANDBY_VEL_LOW,0,0.00,4590.00,68.56,FALSE,M5_TREND_NEUTRAL|M1_DIRECTION_MISMATCH|OPENING_SHIELD_ACTIVE_10s
2026-09-07 15:06:11.152,1788793571.152,4180,23,142,4410.63,4410.71,8.0,PASS_<=10c,-7.0,DOWN,-28.0,-555.0,4.2,+1.47,0.35,SLOW,4416.18,4416.68,4412.16,4412.97,0.00,0.00,0.0,NEUTRAL,452.0,4410.91,4410.91,4410.52,4410.63,11,ACTIVE_11s,39.0,28.0,0.0,11.0,0.0,28.2,28.2,BLOCKED_28.2%,0.00,0.0,NO,STANDBY_VEL_LOW,0,0.00,4590.00,68.56,FALSE,M5_TREND_NEUTRAL|M1_DIRECTION_MISMATCH|OPENING_SHIELD_ACTIVE_11s
2026-09-07 15:06:11.654,1788793571.654,4181,24,143,4410.63,4410.71,8.0,PASS_<=10c,+0.0,FLAT,-28.0,-555.0,4.2,+1.26,0.30,SLOW,4416.18,4416.68,4412.16,4412.97,0.00,0.00,0.0,NEUTRAL,452.0,4410.91,4410.91,4410.52,4410.63,11,ACTIVE_11s,39.0,28.0,0.0,11.0,0.0,28.2,28.2,BLOCKED_28.2%,0.00,0.0,NO,STANDBY_VEL_LOW,0,0.00,4590.00,68.56,FALSE,M5_TREND_NEUTRAL|M1_DIRECTION_MISMATCH|OPENING_SHIELD_ACTIVE_11s
2026-09-07 15:06:12.180,1788793572.180,4182,25,144,4410.66,4410.74,8.0,PASS_<=10c,+3.0,UP,-25.0,-552.0,4.2,+2.30,0.55,SLOW,4416.18,4416.68,4412.16,4412.97,0.00,0.00,0.0,NEUTRAL,452.0,4410.91,4410.91,4410.52,4410.66,12,ACTIVE_12s,39.0,25.0,0.0,14.0,0.0,35.9,35.9,BLOCKED_35.9%,0.00,0.0,NO,STANDBY_VEL_LOW,0,0.00,4590.00,68.56,FALSE,M5_TREND_NEUTRAL|M1_DIRECTION_MISMATCH|OPENING_SHIELD_ACTIVE_12s
2026-09-07 15:06:12.675,1788793572.675,4183,26,145,4410.62,4410.70,8.0,PASS_<=10c,-4.0,DOWN,-29.0,-556.0,4.2,+1.25,0.30,SLOW,4416.18,4416.68,4412.16,4412.97,0.00,0.00,0.0,NEUTRAL,452.0,4410.91,4410.91,4410.52,4410.62,12,ACTIVE_12s,39.0,29.0,0.0,10.0,0.0,25.6,25.6,BLOCKED_25.6%,0.00,0.0,NO,STANDBY_VEL_LOW,0,0.00,4590.00,68.56,FALSE,M5_TREND_NEUTRAL|M1_DIRECTION_MISMATCH|OPENING_SHIELD_ACTIVE_12s
2026-09-07 15:06:13.175,1788793573.176,4184,27,146,4410.62,4410.70,8.0,PASS_<=10c,+0.0,FLAT,-29.0,-556.0,4.2,+0.42,0.10,SLOW,4416.18,4416.68,4412.16,4412.97,0.00,0.00,0.0,NEUTRAL,452.0,4410.91,4410.91,4410.52,4410.62,13,ACTIVE_13s,39.0,29.0,0.0,10.0,0.0,25.6,25.6,BLOCKED_25.6%,0.00,0.0,NO,STANDBY_VEL_LOW,0,0.00,4590.00,68.56,FALSE,M5_TREND_NEUTRAL|M1_DIRECTION_MISMATCH|OPENING_SHIELD_ACTIVE_13s
2026-09-07 15:06:13.678,1788793573.679,4185,28,147,4410.33,4410.41,8.0,PASS_<=10c,-29.0,DOWN,-58.0,-585.0,4.2,+8.78,2.09,SLOW,4416.18,4416.68,4412.16,4412.97,0.00,0.00,0.0,NEUTRAL,452.0,4410.91,4410.91,4410.33,4410.33,13,ACTIVE_13s,58.0,58.0,0.0,0.0,0.0,0.0,0.0,PASS_<20%,0.00,0.0,NO,STANDBY_VEL_LOW,0,0.00,4590.00,68.56,FALSE,M5_TREND_NEUTRAL|M1_DIRECTION_MISMATCH|OPENING_SHIELD_ACTIVE_13s
2026-09-07 15:06:14.179,1788793574.179,4186,29,148,4410.34,4410.42,8.0,PASS_<=10c,+1.0,UP,-57.0,-584.0,4.2,+6.06,1.44,SLOW,4416.18,4416.68,4412.16,4412.97,0.00,0.00,0.0,NEUTRAL,452.0,4410.91,4410.91,4410.33,4410.34,14,ACTIVE_14s,58.0,57.0,0.0,1.0,0.0,1.7,1.7,PASS_<20%,0.00,0.0,NO,STANDBY_VEL_LOW,0,0.00,4590.00,68.56,FALSE,M5_TREND_NEUTRAL|M1_DIRECTION_MISMATCH|OPENING_SHIELD_ACTIVE_14s
2026-09-07 15:06:14.681,1788793574.681,4187,30,149,4410.53,4410.61,8.0,PASS_<=10c,+19.0,UP,-38.0,-565.0,4.2,+3.56,0.85,SLOW,4416.18,4416.68,4412.16,4412.97,0.00,0.00,0.0,NEUTRAL,452.0,4410.91,4410.91,4410.33,4410.53,14,ACTIVE_14s,58.0,38.0,0.0,20.0,0.0,34.5,34.5,BLOCKED_34.5%,0.00,0.0,NO,STANDBY_VEL_LOW,0,0.00,4590.00,68.56,FALSE,M5_TREND_NEUTRAL|M1_DIRECTION_MISMATCH|OPENING_SHIELD_ACTIVE_14s
2026-09-07 15:06:15.181,1788793575.182,4188,31,150,4410.33,4410.41,8.0,PASS_<=10c,-20.0,DOWN,-58.0,-585.0,4.2,+7.53,1.79,SLOW,4416.18,4416.68,4412.16,4412.97,0.00,0.00,0.0,NEUTRAL,452.0,4410.91,4410.91,4410.33,4410.33,15,ACTIVE_15s,58.0,58.0,0.0,0.0,0.0,0.0,0.0,PASS_<20%,0.00,0.0,NO,STANDBY_VEL_LOW,0,0.00,4590.00,68.56,FALSE,M5_TREND_NEUTRAL|M1_DIRECTION_MISMATCH|OPENING_SHIELD_ACTIVE_15s
2026-09-07 15:06:15.683,1788793575.684,4189,32,151,4410.25,4410.33,8.0,PASS_<=10c,-8.0,DOWN,-66.0,-593.0,4.2,+9.41,2.24,SLOW,4416.18,4416.68,4412.16,4412.97,0.00,0.00,0.0,NEUTRAL,452.0,4410.91,4410.91,4410.25,4410.25,15,ACTIVE_15s,66.0,66.0,0.0,0.0,0.0,0.0,0.0,PASS_<20%,0.00,0.0,NO,STANDBY_VEL_LOW,0,0.00,4590.00,68.56,FALSE,M5_TREND_NEUTRAL|M1_DIRECTION_MISMATCH|OPENING_SHIELD_ACTIVE_15s
2026-09-07 15:06:16.186,1788793576.186,4190,33,152,4410.26,4410.34,8.0,PASS_<=10c,+1.0,UP,-65.0,-592.0,4.2,+7.74,1.84,SLOW,4416.18,4416.68,4412.16,4412.97,0.00,0.00,0.0,NEUTRAL,452.0,4410.91,4410.91,4410.19,4410.26,16,ACTIVE_16s,72.0,65.0,0.0,7.0,0.0,9.7,9.7,PASS_<20%,0.00,0.0,NO,STANDBY_VEL_LOW,0,0.00,4590.00,68.56,FALSE,M5_TREND_NEUTRAL|M1_DIRECTION_MISMATCH|OPENING_SHIELD_ACTIVE_16s
2026-09-07 15:06:16.688,1788793576.688,4191,34,153,4410.26,4410.34,8.0,PASS_<=10c,+0.0,FLAT,-65.0,-592.0,4.2,+7.74,1.84,SLOW,4416.18,4416.68,4412.16,4412.97,0.00,0.00,0.0,NEUTRAL,452.0,4410.91,4410.91,4410.19,4410.26,16,ACTIVE_16s,72.0,65.0,0.0,7.0,0.0,9.7,9.7,PASS_<20%,0.00,0.0,NO,STANDBY_VEL_LOW,0,0.00,4590.00,68.56,FALSE,M5_TREND_NEUTRAL|M1_DIRECTION_MISMATCH|OPENING_SHIELD_ACTIVE_16s
2026-09-07 15:06:17.189,1788793577.190,4192,35,154,4410.27,4410.35,8.0,PASS_<=10c,+1.0,UP,-64.0,-591.0,4.2,+8.18,1.95,SLOW,4416.18,4416.68,4412.16,4412.97,0.00,0.00,0.0,NEUTRAL,452.0,4410.91,4410.91,4410.18,4410.27,17,ACTIVE_17s,73.0,64.0,0.0,9.0,0.0,12.3,12.3,PASS_<20%,0.00,0.0,NO,STANDBY_VEL_LOW,0,0.00,4590.00,68.56,FALSE,M5_TREND_NEUTRAL|M1_DIRECTION_MISMATCH|OPENING_SHIELD_ACTIVE_17s
2026-09-07 15:06:17.691,1788793577.691,4193,36,155,4410.25,4410.33,8.0,PASS_<=10c,-2.0,DOWN,-66.0,-593.0,4.2,+7.97,1.90,SLOW,4416.18,4416.68,4412.16,4412.97,0.00,0.00,0.0,NEUTRAL,452.0,4410.91,4410.91,4410.18,4410.25,17,ACTIVE_17s,73.0,66.0,0.0,7.0,0.0,9.6,9.6,PASS_<20%,0.00,0.0,NO,STANDBY_VEL_LOW,0,0.00,4590.00,68.56,FALSE,M5_TREND_NEUTRAL|M1_DIRECTION_MISMATCH|OPENING_SHIELD_ACTIVE_17s
2026-09-07 15:06:18.192,1788793578.192,4194,37,156,4410.31,4410.39,8.0,PASS_<=10c,+6.0,UP,-60.0,-587.0,4.2,+1.26,0.30,SLOW,4416.18,4416.68,4412.16,4412.97,0.00,0.00,0.0,NEUTRAL,452.0,4410.91,4410.91,4410.18,4410.31,18,ACTIVE_18s,73.0,60.0,0.0,13.0,0.0,17.8,17.8,PASS_<20%,0.00,0.0,NO,STANDBY_VEL_LOW,0,0.00,4590.00,68.56,FALSE,M5_TREND_NEUTRAL|M1_DIRECTION_MISMATCH|OPENING_SHIELD_ACTIVE_18s
2026-09-07 15:06:18.693,1788793578.694,4195,38,157,4410.30,4410.38,8.0,PASS_<=10c,-1.0,DOWN,-61.0,-588.0,4.2,+0.84,0.20,SLOW,4416.18,4416.68,4412.16,4412.97,0.00,0.00,0.0,NEUTRAL,452.0,4410.91,4410.91,4410.18,4410.30,18,ACTIVE_18s,73.0,61.0,0.0,12.0,0.0,16.4,16.4,PASS_<20%,0.00,0.0,NO,STANDBY_VEL_LOW,0,0.00,4590.00,68.56,FALSE,M5_TREND_NEUTRAL|M1_DIRECTION_MISMATCH|OPENING_SHIELD_ACTIVE_18s
2026-09-07 15:06:19.196,1788793579.196,4196,39,158,4410.30,4410.38,8.0,PASS_<=10c,+0.0,FLAT,-61.0,-588.0,4.2,+0.63,0.15,SLOW,4416.18,4416.68,4412.16,4412.97,0.00,0.00,0.0,NEUTRAL,452.0,4410.91,4410.91,4410.18,4410.30,19,ACTIVE_19s,73.0,61.0,0.0,12.0,0.0,16.4,16.4,PASS_<20%,0.00,0.0,NO,STANDBY_VEL_LOW,0,0.00,4590.00,68.56,FALSE,M5_TREND_NEUTRAL|M1_DIRECTION_MISMATCH|OPENING_SHIELD_ACTIVE_19s
2026-09-07 15:06:19.698,1788793579.698,4197,40,159,4410.43,4410.51,8.0,PASS_<=10c,+13.0,UP,-48.0,-575.0,4.2,+0.00,0.00,SLOW,4416.18,4416.68,4412.16,4412.97,0.00,0.00,0.0,NEUTRAL,452.0,4410.91,4410.91,4410.18,4410.43,19,ACTIVE_19s,73.0,48.0,0.0,25.0,0.0,34.2,34.2,BLOCKED_34.2%,0.00,0.0,NO,STANDBY_VEL_LOW,0,0.00,4590.00,68.56,FALSE,M5_TREND_NEUTRAL|M1_DIRECTION_MISMATCH|OPENING_SHIELD_ACTIVE_19s
2026-09-07 15:06:20.200,1788793580.200,4198,41,160,4410.46,4410.54,8.0,PASS_<=10c,+3.0,UP,-45.0,-572.0,4.2,+2.52,0.60,SLOW,4416.18,4416.68,4412.16,4412.97,0.00,0.00,0.0,NEUTRAL,452.0,4410.91,4410.91,4410.18,4410.46,20,CLEARED_>=20s,73.0,45.0,0.0,28.0,0.0,38.4,38.4,BLOCKED_38.4%,0.00,0.0,NO,STANDBY_VEL_LOW,0,0.00,4590.00,68.56,FALSE,M5_TREND_NEUTRAL|M1_DIRECTION_MISMATCH
2026-09-07 15:06:20.701,1788793580.702,4199,42,161,4410.57,4410.65,8.0,PASS_<=10c,+11.0,UP,-34.0,-561.0,4.2,+7.97,1.90,SLOW,4416.18,4416.68,4412.16,4412.97,0.00,0.00,0.0,NEUTRAL,452.0,4410.91,4410.91,4410.18,4410.57,20,CLEARED_>=20s,73.0,34.0,0.0,39.0,0.0,53.4,53.4,BLOCKED_53.4%,0.00,0.0,NO,STANDBY_VEL_LOW,0,0.00,4590.00,68.56,FALSE,M5_TREND_NEUTRAL|M1_DIRECTION_MISMATCH
2026-09-07 15:06:21.205,1788793581.205,4200,43,162,4410.60,4410.68,8.0,PASS_<=10c,+3.0,UP,-31.0,-558.0,4.2,+7.34,1.75,SLOW,4416.18,4416.68,4412.16,4412.97,0.00,0.00,0.0,NEUTRAL,452.0,4410.91,4410.91,4410.18,4410.60,21,CLEARED_>=20s,73.0,31.0,0.0,42.0,0.0,57.5,57.5,BLOCKED_57.5%,0.00,0.0,NO,STANDBY_VEL_LOW,0,0.00,4590.00,68.56,FALSE,M5_TREND_NEUTRAL|M1_DIRECTION_MISMATCH
2026-09-07 15:06:21.704,1788793581.705,4201,44,163,4410.55,4410.63,8.0,PASS_<=10c,-5.0,DOWN,-36.0,-563.0,4.2,+7.76,1.85,SLOW,4416.18,4416.68,4412.16,4412.97,0.00,0.00,0.0,NEUTRAL,452.0,4410.91,4410.91,4410.18,4410.55,21,CLEARED_>=20s,73.0,36.0,0.0,37.0,0.0,50.7,50.7,BLOCKED_50.7%,0.00,0.0,NO,STANDBY_VEL_LOW,0,0.00,4590.00,68.56,FALSE,M5_TREND_NEUTRAL|M1_DIRECTION_MISMATCH
2026-09-07 15:06:22.206,1788793582.206,4202,45,164,4410.57,4410.65,8.0,PASS_<=10c,+2.0,UP,-34.0,-561.0,4.2,+6.50,1.55,SLOW,4416.18,4416.68,4412.16,4412.97,0.00,0.00,0.0,NEUTRAL,452.0,4410.91,4410.91,4410.18,4410.57,22,CLEARED_>=20s,73.0,34.0,0.0,39.0,0.0,53.4,53.4,BLOCKED_53.4%,0.00,0.0,NO,STANDBY_VEL_LOW,0,0.00,4590.00,68.56,FALSE,M5_TREND_NEUTRAL|M1_DIRECTION_MISMATCH
2026-09-07 15:06:22.707,1788793582.707,4203,46,165,4410.54,4410.62,8.0,PASS_<=10c,-3.0,DOWN,-37.0,-564.0,4.2,+6.09,1.45,SLOW,4416.18,4416.68,4412.16,4412.97,0.00,0.00,0.0,NEUTRAL,452.0,4410.91,4410.91,4410.18,4410.54,22,CLEARED_>=20s,73.0,37.0,0.0,36.0,0.0,49.3,49.3,BLOCKED_49.3%,0.00,0.0,NO,STANDBY_VEL_LOW,0,0.00,4590.00,68.56,FALSE,M5_TREND_NEUTRAL|M1_DIRECTION_MISMATCH
2026-09-07 15:06:23.209,1788793583.209,4204,47,166,4410.50,4410.58,8.0,PASS_<=10c,-4.0,DOWN,-41.0,-568.0,4.2,+3.99,0.95,SLOW,4416.18,4416.68,4412.16,4412.97,0.00,0.00,0.0,NEUTRAL,452.0,4410.91,4410.91,4410.18,4410.50,23,CLEARED_>=20s,73.0,41.0,0.0,32.0,0.0,43.8,43.8,BLOCKED_43.8%,0.00,0.0,NO,STANDBY_VEL_LOW,0,0.00,4590.00,68.56,FALSE,M5_TREND_NEUTRAL|M1_DIRECTION_MISMATCH
2026-09-07 15:06:23.710,1788793583.711,4205,48,167,4410.38,4410.46,8.0,PASS_<=10c,-12.0,DOWN,-53.0,-580.0,4.2,+1.68,0.40,SLOW,4416.18,4416.68,4412.16,4412.97,0.00,0.00,0.0,NEUTRAL,452.0,4410.91,4410.91,4410.18,4410.38,23,CLEARED_>=20s,73.0,53.0,0.0,20.0,0.0,27.4,27.4,BLOCKED_27.4%,0.00,0.0,NO,STANDBY_VEL_LOW,0,0.00,4590.00,68.56,FALSE,M5_TREND_NEUTRAL|M1_DIRECTION_MISMATCH
2026-09-07 15:06:24.212,1788793584.212,4206,49,168,4410.33,4410.41,8.0,PASS_<=10c,-5.0,DOWN,-58.0,-585.0,4.2,+0.00,0.00,SLOW,4416.18,4416.68,4412.16,4412.97,0.00,0.00,0.0,NEUTRAL,452.0,4410.91,4410.91,4410.18,4410.33,24,CLEARED_>=20s,73.0,58.0,0.0,15.0,0.0,20.5,20.5,BLOCKED_20.5%,0.00,0.0,NO,STANDBY_VEL_LOW,0,0.00,4590.00,68.56,FALSE,M5_TREND_NEUTRAL|M1_DIRECTION_MISMATCH
2026-09-07 15:06:24.713,1788793584.713,4207,50,169,4410.32,4410.40,8.0,PASS_<=10c,-1.0,DOWN,-59.0,-586.0,4.2,+2.31,0.55,SLOW,4416.18,4416.68,4412.16,4412.97,0.00,0.00,0.0,NEUTRAL,452.0,4410.91,4410.91,4410.18,4410.32,24,CLEARED_>=20s,73.0,59.0,0.0,14.0,0.0,19.2,19.2,PASS_<20%,0.00,0.0,NO,STANDBY_VEL_LOW,0,0.00,4590.00,68.56,FALSE,M5_TREND_NEUTRAL|M1_DIRECTION_MISMATCH
2026-09-07 15:06:25.214,1788793585.215,4208,51,170,4410.30,4410.38,8.0,PASS_<=10c,-2.0,DOWN,-61.0,-588.0,4.2,+4.62,1.10,SLOW,4416.18,4416.68,4412.16,4412.97,0.00,0.00,0.0,NEUTRAL,452.0,4410.91,4410.91,4410.18,4410.30,25,CLEARED_>=20s,73.0,61.0,0.0,12.0,0.0,16.4,16.4,PASS_<20%,0.00,0.0,NO,STANDBY_VEL_LOW,0,0.00,4590.00,68.56,FALSE,M5_TREND_NEUTRAL|M1_DIRECTION_MISMATCH
2026-09-07 15:06:25.717,1788793585.717,4209,52,171,4410.44,4410.52,8.0,PASS_<=10c,+14.0,UP,-47.0,-574.0,4.2,+2.31,0.55,SLOW,4416.18,4416.68,4412.16,4412.97,0.00,0.00,0.0,NEUTRAL,452.0,4410.91,4410.91,4410.18,4410.44,25,CLEARED_>=20s,73.0,47.0,0.0,26.0,0.0,35.6,35.6,BLOCKED_35.6%,0.00,0.0,NO,STANDBY_VEL_LOW,0,0.00,4590.00,68.56,FALSE,M5_TREND_NEUTRAL|M1_DIRECTION_MISMATCH
2026-09-07 15:06:26.219,1788793586.219,4210,53,172,4410.46,4410.54,8.0,PASS_<=10c,+2.0,UP,-45.0,-572.0,4.2,+2.94,0.70,SLOW,4416.18,4416.68,4412.16,4412.97,0.00,0.00,0.0,NEUTRAL,452.0,4410.91,4410.91,4410.18,4410.46,26,CLEARED_>=20s,73.0,45.0,0.0,28.0,0.0,38.4,38.4,BLOCKED_38.4%,0.00,0.0,NO,STANDBY_VEL_LOW,0,0.00,4590.00,68.56,FALSE,M5_TREND_NEUTRAL|M1_DIRECTION_MISMATCH
2026-09-07 15:06:26.722,1788793586.723,4211,54,173,4410.50,4410.58,8.0,PASS_<=10c,+4.0,UP,-41.0,-568.0,4.2,+1.89,0.45,SLOW,4416.18,4416.68,4412.16,4412.97,0.00,0.00,0.0,NEUTRAL,452.0,4410.91,4410.91,4410.18,4410.50,26,CLEARED_>=20s,73.0,41.0,0.0,32.0,0.0,43.8,43.8,BLOCKED_43.8%,0.00,0.0,NO,STANDBY_VEL_LOW,0,0.00,4590.00,68.56,FALSE,M5_TREND_NEUTRAL|M1_DIRECTION_MISMATCH
2026-09-07 15:06:27.223,1788793587.224,4212,55,174,4410.55,4410.63,8.0,PASS_<=10c,+5.0,UP,-36.0,-563.0,4.2,+0.00,0.00,SLOW,4416.18,4416.68,4412.16,4412.97,0.00,0.00,0.0,NEUTRAL,452.0,4410.91,4410.91,4410.18,4410.55,27,CLEARED_>=20s,73.0,36.0,0.0,37.0,0.0,50.7,50.7,BLOCKED_50.7%,0.00,0.0,NO,STANDBY_VEL_LOW,0,0.00,4590.00,68.56,FALSE,M5_TREND_NEUTRAL|M1_DIRECTION_MISMATCH
2026-09-07 15:06:27.724,1788793587.725,4213,56,175,4410.54,4410.62,8.0,PASS_<=10c,-1.0,DOWN,-37.0,-564.0,4.2,+0.42,0.10,SLOW,4416.18,4416.68,4412.16,4412.97,0.00,0.00,0.0,NEUTRAL,452.0,4410.91,4410.91,4410.18,4410.54,27,CLEARED_>=20s,73.0,37.0,0.0,36.0,0.0,49.3,49.3,BLOCKED_49.3%,0.00,0.0,NO,STANDBY_VEL_LOW,0,0.00,4590.00,68.56,FALSE,M5_TREND_NEUTRAL|M1_DIRECTION_MISMATCH
2026-09-07 15:06:28.226,1788793588.227,4214,57,176,4410.43,4410.51,8.0,PASS_<=10c,-11.0,DOWN,-48.0,-575.0,4.2,+2.10,0.50,SLOW,4416.18,4416.68,4412.16,4412.97,0.00,0.00,0.0,NEUTRAL,452.0,4410.91,4410.91,4410.18,4410.43,28,CLEARED_>=20s,73.0,48.0,0.0,25.0,0.0,34.2,34.2,BLOCKED_34.2%,0.00,0.0,NO,STANDBY_VEL_LOW,0,0.00,4590.00,68.56,FALSE,M5_TREND_NEUTRAL|M1_DIRECTION_MISMATCH
2026-09-07 15:06:28.728,1788793588.729,4215,58,177,4410.36,4410.44,8.0,PASS_<=10c,-7.0,DOWN,-55.0,-582.0,4.2,+0.21,0.05,SLOW,4416.18,4416.68,4412.16,4412.97,0.00,0.00,0.0,NEUTRAL,452.0,4410.91,4410.91,4410.18,4410.36,28,CLEARED_>=20s,73.0,55.0,0.0,18.0,0.0,24.7,24.7,BLOCKED_24.7%,0.00,0.0,NO,STANDBY_VEL_LOW,0,0.00,4590.00,68.56,FALSE,M5_TREND_NEUTRAL|M1_DIRECTION_MISMATCH
2026-09-07 15:06:29.229,1788793589.230,4216,59,178,4410.36,4410.44,8.0,PASS_<=10c,+0.0,FLAT,-55.0,-582.0,4.2,+0.84,0.20,SLOW,4416.18,4416.68,4412.16,4412.97,0.00,0.00,0.0,NEUTRAL,452.0,4410.91,4410.91,4410.18,4410.36,29,CLEARED_>=20s,73.0,55.0,0.0,18.0,0.0,24.7,24.7,BLOCKED_24.7%,0.00,0.0,NO,STANDBY_VEL_LOW,0,0.00,4590.00,68.56,FALSE,M5_TREND_NEUTRAL|M1_DIRECTION_MISMATCH
2026-09-07 15:06:29.730,1788793589.731,4217,60,179,4410.38,4410.46,8.0,PASS_<=10c,+2.0,UP,-53.0,-580.0,4.2,+1.68,0.40,SLOW,4416.18,4416.68,4412.16,4412.97,0.00,0.00,0.0,NEUTRAL,452.0,4410.91,4410.91,4410.18,4410.38,29,CLEARED_>=20s,73.0,53.0,0.0,20.0,0.0,27.4,27.4,BLOCKED_27.4%,0.00,0.0,NO,STANDBY_VEL_LOW,0,0.00,4590.00,68.56,FALSE,M5_TREND_NEUTRAL|M1_DIRECTION_MISMATCH
2026-09-07 15:06:30.232,1788793590.233,4218,61,180,4410.33,4410.41,8.0,PASS_<=10c,-5.0,DOWN,-58.0,-585.0,4.2,+1.68,0.40,SLOW,4416.18,4416.68,4412.16,4412.97,0.00,0.00,0.0,NEUTRAL,452.0,4410.91,4410.91,4410.18,4410.33,30,CLEARED_>=20s,73.0,58.0,0.0,15.0,0.0,20.5,20.5,BLOCKED_20.5%,0.00,0.0,NO,STANDBY_VEL_LOW,0,0.00,4590.00,68.56,FALSE,M5_TREND_NEUTRAL|M1_DIRECTION_MISMATCH
2026-09-07 15:06:30.734,1788793590.734,4219,62,181,4410.33,4410.41,8.0,PASS_<=10c,+0.0,FLAT,-58.0,-585.0,4.2,+2.73,0.65,SLOW,4416.18,4416.68,4412.16,4412.97,0.00,0.00,0.0,NEUTRAL,452.0,4410.91,4410.91,4410.18,4410.33,30,CLEARED_>=20s,73.0,58.0,0.0,15.0,0.0,20.5,20.5,BLOCKED_20.5%,0.00,0.0,NO,STANDBY_VEL_LOW,0,0.00,4590.00,68.56,FALSE,M5_TREND_NEUTRAL|M1_DIRECTION_MISMATCH
2026-09-07 15:06:31.235,1788793591.236,4220,63,182,4410.32,4410.40,8.0,PASS_<=10c,-1.0,DOWN,-59.0,-586.0,4.2,+2.94,0.70,SLOW,4416.18,4416.68,4412.16,4412.97,0.00,0.00,0.0,NEUTRAL,452.0,4410.91,4410.91,4410.18,4410.32,31,CLEARED_>=20s,73.0,59.0,0.0,14.0,0.0,19.2,19.2,PASS_<20%,0.00,0.0,NO,STANDBY_VEL_LOW,0,0.00,4590.00,68.56,FALSE,M5_TREND_NEUTRAL|M1_DIRECTION_MISMATCH
2026-09-07 15:06:31.738,1788793591.739,4221,64,183,4410.32,4410.40,8.0,PASS_<=10c,+0.0,FLAT,-59.0,-586.0,4.2,+4.83,1.15,SLOW,4416.18,4416.68,4412.16,4412.97,0.00,0.00,0.0,NEUTRAL,452.0,4410.91,4410.91,4410.18,4410.32,31,CLEARED_>=20s,73.0,59.0,0.0,14.0,0.0,19.2,19.2,PASS_<20%,0.00,0.0,NO,STANDBY_VEL_LOW,0,0.00,4590.00,68.56,FALSE,M5_TREND_NEUTRAL|M1_DIRECTION_MISMATCH
2026-09-07 15:06:32.239,1788793592.239,4222,65,184,4410.32,4410.40,8.0,PASS_<=10c,+0.0,FLAT,-59.0,-586.0,4.2,+4.83,1.15,SLOW,4416.18,4416.68,4412.16,4412.97,0.00,0.00,0.0,NEUTRAL,452.0,4410.91,4410.91,4410.18,4410.32,32,CLEARED_>=20s,73.0,59.0,0.0,14.0,0.0,19.2,19.2,PASS_<20%,0.00,0.0,NO,STANDBY_VEL_LOW,0,0.00,4590.00,68.56,FALSE,M5_TREND_NEUTRAL|M1_DIRECTION_MISMATCH
2026-09-07 15:06:32.741,1788793592.741,4223,66,185,4410.28,4410.36,8.0,PASS_<=10c,-4.0,DOWN,-63.0,-590.0,4.2,+3.15,0.75,SLOW,4416.18,4416.68,4412.16,4412.97,0.00,0.00,0.0,NEUTRAL,452.0,4410.91,4410.91,4410.18,4410.28,32,CLEARED_>=20s,73.0,63.0,0.0,10.0,0.0,13.7,13.7,PASS_<20%,0.00,0.0,NO,STANDBY_VEL_LOW,0,0.00,4590.00,68.56,FALSE,M5_TREND_NEUTRAL|M1_DIRECTION_MISMATCH
2026-09-07 15:06:33.243,1788793593.243,4224,67,186,4410.28,4410.36,8.0,PASS_<=10c,+0.0,FLAT,-63.0,-590.0,4.2,+2.52,0.60,SLOW,4416.18,4416.68,4412.16,4412.97,0.00,0.00,0.0,NEUTRAL,452.0,4410.91,4410.91,4410.18,4410.28,33,CLEARED_>=20s,73.0,63.0,0.0,10.0,0.0,13.7,13.7,PASS_<20%,0.00,0.0,NO,STANDBY_VEL_LOW,0,0.00,4590.00,68.56,FALSE,M5_TREND_NEUTRAL|M1_DIRECTION_MISMATCH
2026-09-07 15:06:33.744,1788793593.745,4225,68,187,4410.24,4410.32,8.0,PASS_<=10c,-4.0,DOWN,-67.0,-594.0,4.2,+2.52,0.60,SLOW,4416.18,4416.68,4412.16,4412.97,0.00,0.00,0.0,NEUTRAL,452.0,4410.91,4410.91,4410.18,4410.24,33,CLEARED_>=20s,73.0,67.0,0.0,6.0,0.0,8.2,8.2,PASS_<20%,0.00,0.0,NO,STANDBY_VEL_LOW,0,0.00,4590.00,68.56,FALSE,M5_TREND_NEUTRAL|M1_DIRECTION_MISMATCH
2026-09-07 15:06:34.246,1788793594.246,4226,69,188,4410.21,4410.29,8.0,PASS_<=10c,-3.0,DOWN,-70.0,-597.0,4.2,+3.57,0.85,SLOW,4416.18,4416.68,4412.16,4412.97,0.00,0.00,0.0,NEUTRAL,452.0,4410.91,4410.91,4410.18,4410.21,34,CLEARED_>=20s,73.0,70.0,0.0,3.0,0.0,4.1,4.1,PASS_<20%,0.00,0.0,NO,STANDBY_VEL_LOW,0,0.00,4590.00,68.56,FALSE,M5_TREND_NEUTRAL|M1_DIRECTION_MISMATCH
2026-09-07 15:06:34.746,1788793594.747,4227,70,189,4410.24,4410.32,8.0,PASS_<=10c,+3.0,UP,-67.0,-594.0,4.2,+2.31,0.55,SLOW,4416.18,4416.68,4412.16,4412.97,0.00,0.00,0.0,NEUTRAL,452.0,4410.91,4410.91,4410.18,4410.24,34,CLEARED_>=20s,73.0,67.0,0.0,6.0,0.0,8.2,8.2,PASS_<20%,0.00,0.0,NO,STANDBY_VEL_LOW,0,0.00,4590.00,68.56,FALSE,M5_TREND_NEUTRAL|M1_DIRECTION_MISMATCH
2026-09-07 15:06:35.248,1788793595.248,4228,71,190,4410.25,4410.33,8.0,PASS_<=10c,+1.0,UP,-66.0,-593.0,4.2,+1.68,0.40,SLOW,4416.18,4416.68,4412.16,4412.97,0.00,0.00,0.0,NEUTRAL,452.0,4410.91,4410.91,4410.18,4410.25,35,CLEARED_>=20s,73.0,66.0,0.0,7.0,0.0,9.6,9.6,PASS_<20%,0.00,0.0,NO,STANDBY_VEL_LOW,0,0.00,4590.00,68.56,FALSE,M5_TREND_NEUTRAL|M1_DIRECTION_MISMATCH
2026-09-07 15:06:35.749,1788793595.749,4229,72,191,4410.20,4410.28,8.0,PASS_<=10c,-5.0,DOWN,-71.0,-598.0,4.2,+2.52,0.60,SLOW,4416.18,4416.68,4412.16,4412.97,0.00,0.00,0.0,NEUTRAL,452.0,4410.91,4410.91,4410.18,4410.20,35,CLEARED_>=20s,73.0,71.0,0.0,2.0,0.0,2.7,2.7,PASS_<20%,0.00,0.0,NO,STANDBY_VEL_LOW,0,0.00,4590.00,68.56,FALSE,M5_TREND_NEUTRAL|M1_DIRECTION_MISMATCH
2026-09-07 15:06:36.252,1788793596.252,4230,73,192,4410.17,4410.25,8.0,PASS_<=10c,-3.0,DOWN,-74.0,-601.0,4.2,+3.15,0.75,SLOW,4416.18,4416.68,4412.16,4412.97,0.00,0.00,0.0,NEUTRAL,452.0,4410.91,4410.91,4410.17,4410.17,36,CLEARED_>=20s,74.0,74.0,0.0,0.0,0.0,0.0,0.0,PASS_<20%,0.00,0.0,NO,STANDBY_VEL_LOW,0,0.00,4590.00,68.56,FALSE,M5_TREND_NEUTRAL|M1_DIRECTION_MISMATCH
2026-09-07 15:06:36.752,1788793596.753,4231,74,193,4410.17,4410.25,8.0,PASS_<=10c,+0.0,FLAT,-74.0,-601.0,4.2,+3.15,0.75,SLOW,4416.18,4416.68,4412.16,4412.97,0.00,0.00,0.0,NEUTRAL,452.0,4410.91,4410.91,4410.17,4410.17,36,CLEARED_>=20s,74.0,74.0,0.0,0.0,0.0,0.0,0.0,PASS_<20%,0.00,0.0,NO,STANDBY_VEL_LOW,0,0.00,4590.00,68.56,FALSE,M5_TREND_NEUTRAL|M1_DIRECTION_MISMATCH
2026-09-07 15:06:37.254,1788793597.254,4232,75,194,4410.14,4410.22,8.0,PASS_<=10c,-3.0,DOWN,-77.0,-604.0,4.2,+2.94,0.70,SLOW,4416.18,4416.68,4412.16,4412.97,0.00,0.00,0.0,NEUTRAL,452.0,4410.91,4410.91,4410.14,4410.14,37,CLEARED_>=20s,77.0,77.0,0.0,0.0,0.0,0.0,0.0,PASS_<20%,0.00,0.0,NO,STANDBY_VEL_LOW,0,0.00,4590.00,68.56,FALSE,M5_TREND_NEUTRAL|M1_DIRECTION_MISMATCH
2026-09-07 15:06:37.755,1788793597.756,4233,76,195,4410.15,4410.23,8.0,PASS_<=10c,+1.0,UP,-76.0,-603.0,4.2,+2.73,0.65,SLOW,4416.18,4416.68,4412.16,4412.97,0.00,0.00,0.0,NEUTRAL,452.0,4410.91,4410.91,4410.14,4410.15,37,CLEARED_>=20s,77.0,76.0,0.0,1.0,0.0,1.3,1.3,PASS_<20%,0.00,0.0,NO,STANDBY_VEL_LOW,0,0.00,4590.00,68.56,FALSE,M5_TREND_NEUTRAL|M1_DIRECTION_MISMATCH
2026-09-07 15:06:38.258,1788793598.259,4234,77,196,4410.10,4410.18,8.0,PASS_<=10c,-5.0,DOWN,-81.0,-608.0,4.2,+2.94,0.70,SLOW,4416.18,4416.68,4412.16,4412.97,0.00,0.00,0.0,NEUTRAL,452.0,4410.91,4410.91,4410.10,4410.10,38,CLEARED_>=20s,81.0,81.0,0.0,0.0,0.0,0.0,0.0,PASS_<20%,0.00,0.0,NO,STANDBY_VEL_LOW,0,0.00,4590.00,68.56,FALSE,M5_TREND_NEUTRAL|M1_DIRECTION_MISMATCH
2026-09-07 15:06:38.759,1788793598.759,4235,78,197,4410.02,4410.10,8.0,PASS_<=10c,-8.0,DOWN,-89.0,-616.0,4.2,+3.99,0.95,SLOW,4416.18,4416.68,4412.16,4412.97,0.00,0.00,0.0,NEUTRAL,452.0,4410.91,4410.91,4410.02,4410.02,38,CLEARED_>=20s,89.0,89.0,0.0,0.0,0.0,0.0,0.0,PASS_<20%,0.00,0.0,NO,STANDBY_VEL_LOW,0,0.00,4590.00,68.56,FALSE,M5_TREND_NEUTRAL|M1_DIRECTION_MISMATCH
2026-09-07 15:06:39.261,1788793599.261,4236,79,198,4410.13,4410.21,8.0,PASS_<=10c,+11.0,UP,-78.0,-605.0,4.2,+2.31,0.55,SLOW,4416.18,4416.68,4412.16,4412.97,0.00,0.00,0.0,NEUTRAL,452.0,4410.91,4410.91,4410.02,4410.13,39,CLEARED_>=20s,89.0,78.0,0.0,11.0,0.0,12.4,12.4,PASS_<20%,0.00,0.0,NO,STANDBY_VEL_LOW,0,0.00,4590.00,68.56,FALSE,M5_TREND_NEUTRAL|M1_DIRECTION_MISMATCH
2026-09-07 15:06:39.763,1788793599.763,4237,80,199,4410.05,4410.13,8.0,PASS_<=10c,-8.0,DOWN,-86.0,-613.0,4.2,+4.41,1.05,SLOW,4416.18,4416.68,4412.16,4412.97,0.00,0.00,0.0,NEUTRAL,452.0,4410.91,4410.91,4410.02,4410.05,39,CLEARED_>=20s,89.0,86.0,0.0,3.0,0.0,3.4,3.4,PASS_<20%,0.00,0.0,NO,STANDBY_VEL_LOW,0,0.00,4590.00,68.56,FALSE,M5_TREND_NEUTRAL|M1_DIRECTION_MISMATCH
2026-09-07 15:06:40.264,1788793600.264,4238,81,200,4410.06,4410.14,8.0,PASS_<=10c,+1.0,UP,-85.0,-612.0,4.2,+3.15,0.75,SLOW,4416.18,4416.68,4412.16,4412.97,0.00,0.00,0.0,NEUTRAL,452.0,4410.91,4410.91,4410.02,4410.06,40,CLEARED_>=20s,89.0,85.0,0.0,4.0,0.0,4.5,4.5,PASS_<20%,0.00,0.0,NO,STANDBY_VEL_LOW,0,0.00,4590.00,68.56,FALSE,M5_TREND_NEUTRAL|M1_DIRECTION_MISMATCH
2026-09-07 15:06:40.765,1788793600.766,4239,82,201,4410.09,4410.17,8.0,PASS_<=10c,+3.0,UP,-82.0,-609.0,4.2,+1.68,0.40,SLOW,4416.18,4416.68,4412.16,4412.97,0.00,0.00,0.0,NEUTRAL,452.0,4410.91,4410.91,4410.02,4410.09,40,CLEARED_>=20s,89.0,82.0,0.0,7.0,0.0,7.9,7.9,PASS_<20%,0.00,0.0,NO,STANDBY_VEL_LOW,0,0.00,4590.00,68.56,FALSE,M5_TREND_NEUTRAL|M1_DIRECTION_MISMATCH
2026-09-07 15:06:41.267,1788793601.267,4240,83,202,4410.09,4410.17,8.0,PASS_<=10c,+0.0,FLAT,-82.0,-609.0,4.2,+1.68,0.40,SLOW,4416.18,4416.68,4412.16,4412.97,0.00,0.00,0.0,NEUTRAL,452.0,4410.91,4410.91,4410.02,4410.09,41,CLEARED_>=20s,89.0,82.0,0.0,7.0,0.0,7.9,7.9,PASS_<20%,0.00,0.0,NO,STANDBY_VEL_LOW,0,0.00,4590.00,68.56,FALSE,M5_TREND_NEUTRAL|M1_DIRECTION_MISMATCH
2026-09-07 15:06:41.769,1788793601.769,4241,84,203,4410.13,4410.21,8.0,PASS_<=10c,+4.0,UP,-78.0,-605.0,4.2,+1.26,0.30,SLOW,4416.18,4416.68,4412.16,4412.97,0.00,0.00,0.0,NEUTRAL,452.0,4410.91,4410.91,4410.02,4410.13,41,CLEARED_>=20s,89.0,78.0,0.0,11.0,0.0,12.4,12.4,PASS_<20%,0.00,0.0,NO,STANDBY_VEL_LOW,0,0.00,4590.00,68.56,FALSE,M5_TREND_NEUTRAL|M1_DIRECTION_MISMATCH
2026-09-07 15:06:42.270,1788793602.271,4242,85,204,4410.11,4410.19,8.0,PASS_<=10c,-2.0,DOWN,-80.0,-607.0,4.2,+0.84,0.20,SLOW,4416.18,4416.68,4412.16,4412.97,0.00,0.00,0.0,NEUTRAL,452.0,4410.91,4410.91,4410.02,4410.11,42,CLEARED_>=20s,89.0,80.0,0.0,9.0,0.0,10.1,10.1,PASS_<20%,0.00,0.0,NO,STANDBY_VEL_LOW,0,0.00,4590.00,68.56,FALSE,M5_TREND_NEUTRAL|M1_DIRECTION_MISMATCH
2026-09-07 15:06:42.772,1788793602.772,4243,86,205,4410.09,4410.17,8.0,PASS_<=10c,-2.0,DOWN,-82.0,-609.0,4.2,+1.89,0.45,SLOW,4416.18,4416.68,4412.16,4412.97,0.00,0.00,0.0,NEUTRAL,452.0,4410.91,4410.91,4410.02,4410.09,42,CLEARED_>=20s,89.0,82.0,0.0,7.0,0.0,7.9,7.9,PASS_<20%,0.00,0.0,NO,STANDBY_VEL_LOW,0,0.00,4590.00,68.56,FALSE,M5_TREND_NEUTRAL|M1_DIRECTION_MISMATCH
2026-09-07 15:06:43.274,1788793603.274,4244,87,206,4410.13,4410.21,8.0,PASS_<=10c,+4.0,UP,-78.0,-605.0,4.2,+2.10,0.50,SLOW,4416.18,4416.68,4412.16,4412.97,0.00,0.00,0.0,NEUTRAL,452.0,4410.91,4410.91,4410.02,4410.13,43,CLEARED_>=20s,89.0,78.0,0.0,11.0,0.0,12.4,12.4,PASS_<20%,0.00,0.0,NO,STANDBY_VEL_LOW,0,0.00,4590.00,68.56,FALSE,M5_TREND_NEUTRAL|M1_DIRECTION_MISMATCH
2026-09-07 15:06:43.775,1788793603.776,4245,88,207,4410.25,4410.33,8.0,PASS_<=10c,+12.0,UP,-66.0,-593.0,4.2,+4.41,1.05,SLOW,4416.18,4416.68,4412.16,4412.97,0.00,0.00,0.0,NEUTRAL,452.0,4410.91,4410.91,4410.02,4410.25,43,CLEARED_>=20s,89.0,66.0,0.0,23.0,0.0,25.8,25.8,BLOCKED_25.8%,0.00,0.0,NO,STANDBY_VEL_LOW,0,0.00,4590.00,68.56,FALSE,M5_TREND_NEUTRAL|M1_DIRECTION_MISMATCH
2026-09-07 15:06:44.278,1788793604.279,4246,89,208,4410.29,4410.37,8.0,PASS_<=10c,+4.0,UP,-62.0,-589.0,4.2,+5.04,1.20,SLOW,4416.18,4416.68,4412.16,4412.97,0.00,0.00,0.0,NEUTRAL,452.0,4410.91,4410.91,4410.02,4410.29,44,CLEARED_>=20s,89.0,62.0,0.0,27.0,0.0,30.3,30.3,BLOCKED_30.3%,0.00,0.0,NO,STANDBY_VEL_LOW,0,0.00,4590.00,68.56,FALSE,M5_TREND_NEUTRAL|M1_DIRECTION_MISMATCH
2026-09-07 15:06:44.780,1788793604.781,4247,90,209,4410.32,4410.40,8.0,PASS_<=10c,+3.0,UP,-59.0,-586.0,4.2,+5.66,1.35,SLOW,4416.18,4416.68,4412.16,4412.97,0.00,0.00,0.0,NEUTRAL,452.0,4410.91,4410.91,4410.02,4410.32,44,CLEARED_>=20s,89.0,59.0,0.0,30.0,0.0,33.7,33.7,BLOCKED_33.7%,0.00,0.0,NO,STANDBY_VEL_LOW,0,0.00,4590.00,68.56,FALSE,M5_TREND_NEUTRAL|M1_DIRECTION_MISMATCH
2026-09-07 15:06:45.282,1788793605.283,4248,91,210,4410.32,4410.40,8.0,PASS_<=10c,+0.0,FLAT,-59.0,-586.0,4.2,+4.82,1.15,SLOW,4416.18,4416.68,4412.16,4412.97,0.00,0.00,0.0,NEUTRAL,452.0,4410.91,4410.91,4410.02,4410.32,45,CLEARED_>=20s,89.0,59.0,0.0,30.0,0.0,33.7,33.7,BLOCKED_33.7%,0.00,0.0,NO,STANDBY_VEL_LOW,0,0.00,4590.00,68.56,FALSE,M5_TREND_NEUTRAL|M1_DIRECTION_MISMATCH
2026-09-07 15:06:45.784,1788793605.785,4249,92,211,4410.32,4410.40,8.0,PASS_<=10c,+0.0,FLAT,-59.0,-586.0,4.2,+4.82,1.15,SLOW,4416.18,4416.68,4412.16,4412.97,0.00,0.00,0.0,NEUTRAL,452.0,4410.91,4410.91,4410.02,4410.32,45,CLEARED_>=20s,89.0,59.0,0.0,30.0,0.0,33.7,33.7,BLOCKED_33.7%,0.00,0.0,NO,STANDBY_VEL_LOW,0,0.00,4590.00,68.56,FALSE,M5_TREND_NEUTRAL|M1_DIRECTION_MISMATCH
2026-09-07 15:06:46.286,1788793606.286,4250,93,212,4410.33,4410.41,8.0,PASS_<=10c,+1.0,UP,-58.0,-585.0,4.2,+4.19,1.00,SLOW,4416.18,4416.68,4412.16,4412.97,0.00,0.00,0.0,NEUTRAL,452.0,4410.91,4410.91,4410.02,4410.33,46,CLEARED_>=20s,89.0,58.0,0.0,31.0,0.0,34.8,34.8,BLOCKED_34.8%,0.00,0.0,NO,STANDBY_VEL_LOW,0,0.00,4590.00,68.56,FALSE,M5_TREND_NEUTRAL|M1_DIRECTION_MISMATCH
2026-09-07 15:06:46.787,1788793606.788,4251,94,213,4410.34,4410.42,8.0,PASS_<=10c,+1.0,UP,-57.0,-584.0,4.2,+4.82,1.15,SLOW,4416.18,4416.68,4412.16,4412.97,0.00,0.00,0.0,NEUTRAL,452.0,4410.91,4410.91,4410.02,4410.34,46,CLEARED_>=20s,89.0,57.0,0.0,32.0,0.0,36.0,36.0,BLOCKED_36.0%,0.00,0.0,NO,STANDBY_VEL_LOW,0,0.00,4590.00,68.56,FALSE,M5_TREND_NEUTRAL|M1_DIRECTION_MISMATCH
2026-09-07 15:06:47.288,1788793607.289,4252,95,214,4410.35,4410.43,8.0,PASS_<=10c,+1.0,UP,-56.0,-583.0,4.2,+5.45,1.30,SLOW,4416.18,4416.68,4412.16,4412.97,0.00,0.00,0.0,NEUTRAL,452.0,4410.91,4410.91,4410.02,4410.35,47,CLEARED_>=20s,89.0,56.0,0.0,33.0,0.0,37.1,37.1,BLOCKED_37.1%,0.00,0.0,NO,STANDBY_VEL_LOW,0,0.00,4590.00,68.56,FALSE,M5_TREND_NEUTRAL|M1_DIRECTION_MISMATCH
2026-09-07 15:06:47.790,1788793607.790,4253,96,215,4410.39,4410.47,8.0,PASS_<=10c,+4.0,UP,-52.0,-579.0,4.2,+6.29,1.50,SLOW,4416.18,4416.68,4412.16,4412.97,0.00,0.00,0.0,NEUTRAL,452.0,4410.91,4410.91,4410.02,4410.39,47,CLEARED_>=20s,89.0,52.0,0.0,37.0,0.0,41.6,41.6,BLOCKED_41.6%,0.00,0.0,NO,STANDBY_VEL_LOW,0,0.00,4590.00,68.56,FALSE,M5_TREND_NEUTRAL|M1_DIRECTION_MISMATCH
2026-09-07 15:06:48.292,1788793608.292,4254,97,216,4410.40,4410.48,8.0,PASS_<=10c,+1.0,UP,-51.0,-578.0,4.2,+5.45,1.30,SLOW,4416.18,4416.68,4412.16,4412.97,0.00,0.00,0.0,NEUTRAL,452.0,4410.91,4410.91,4410.02,4410.40,48,CLEARED_>=20s,89.0,51.0,0.0,38.0,0.0,42.7,42.7,BLOCKED_42.7%,0.00,0.0,NO,STANDBY_VEL_LOW,0,0.00,4590.00,68.56,FALSE,M5_TREND_NEUTRAL|M1_DIRECTION_MISMATCH
2026-09-07 15:06:48.793,1788793608.794,4255,98,217,4410.40,4410.48,8.0,PASS_<=10c,+0.0,FLAT,-51.0,-578.0,4.2,+2.31,0.55,SLOW,4416.18,4416.68,4412.16,4412.97,0.00,0.00,0.0,NEUTRAL,452.0,4410.91,4410.91,4410.02,4410.40,48,CLEARED_>=20s,89.0,51.0,0.0,38.0,0.0,42.7,42.7,BLOCKED_42.7%,0.00,0.0,NO,STANDBY_VEL_LOW,0,0.00,4590.00,68.56,FALSE,M5_TREND_NEUTRAL|M1_DIRECTION_MISMATCH
2026-09-07 15:06:49.295,1788793609.296,4256,99,218,4410.40,4410.48,8.0,PASS_<=10c,+0.0,FLAT,-51.0,-578.0,4.2,+2.10,0.50,SLOW,4416.18,4416.68,4412.16,4412.97,0.00,0.00,0.0,NEUTRAL,452.0,4410.91,4410.91,4410.02,4410.40,49,CLEARED_>=20s,89.0,51.0,0.0,38.0,0.0,42.7,42.7,BLOCKED_42.7%,0.00,0.0,NO,STANDBY_VEL_LOW,0,0.00,4590.00,68.56,FALSE,M5_TREND_NEUTRAL|M1_DIRECTION_MISMATCH
2026-09-07 15:06:49.797,1788793609.798,4257,100,219,4410.40,4410.48,8.0,PASS_<=10c,+0.0,FLAT,-51.0,-578.0,4.2,+1.68,0.40,SLOW,4416.18,4416.68,4412.16,4412.97,0.00,0.00,0.0,NEUTRAL,452.0,4410.91,4410.91,4410.02,4410.40,49,CLEARED_>=20s,89.0,51.0,0.0,38.0,0.0,42.7,42.7,BLOCKED_42.7%,0.00,0.0,NO,STANDBY_VEL_LOW,0,0.00,4590.00,68.56,FALSE,M5_TREND_NEUTRAL|M1_DIRECTION_MISMATCH
2026-09-07 15:06:50.299,1788793610.300,4258,101,220,4410.35,4410.43,8.0,PASS_<=10c,-5.0,DOWN,-56.0,-583.0,4.2,+0.63,0.15,SLOW,4416.18,4416.68,4412.16,4412.97,0.00,0.00,0.0,NEUTRAL,452.0,4410.91,4410.91,4410.02,4410.35,50,CLEARED_>=20s,89.0,56.0,0.0,33.0,0.0,37.1,37.1,BLOCKED_37.1%,0.00,0.0,NO,STANDBY_VEL_LOW,0,0.00,4590.00,68.56,FALSE,M5_TREND_NEUTRAL|M1_DIRECTION_MISMATCH
2026-09-07 15:06:50.801,1788793610.801,4259,102,221,4410.32,4410.40,8.0,PASS_<=10c,-3.0,DOWN,-59.0,-586.0,4.2,+0.00,0.00,SLOW,4416.18,4416.68,4412.16,4412.97,0.00,0.00,0.0,NEUTRAL,452.0,4410.91,4410.91,4410.02,4410.32,50,CLEARED_>=20s,89.0,59.0,0.0,30.0,0.0,33.7,33.7,BLOCKED_33.7%,0.00,0.0,NO,STANDBY_VEL_LOW,0,0.00,4590.00,68.56,FALSE,M5_TREND_NEUTRAL|M1_DIRECTION_MISMATCH
2026-09-07 15:06:51.301,1788793611.302,4260,103,222,4410.26,4410.34,8.0,PASS_<=10c,-6.0,DOWN,-65.0,-592.0,4.2,+1.68,0.40,SLOW,4416.18,4416.68,4412.16,4412.97,0.00,0.00,0.0,NEUTRAL,452.0,4410.91,4410.91,4410.02,4410.26,51,CLEARED_>=20s,89.0,65.0,0.0,24.0,0.0,27.0,27.0,BLOCKED_27.0%,0.00,0.0,NO,STANDBY_VEL_LOW,0,0.00,4590.00,68.56,FALSE,M5_TREND_NEUTRAL|M1_DIRECTION_MISMATCH
2026-09-07 15:06:51.803,1788793611.804,4261,104,223,4410.29,4410.37,8.0,PASS_<=10c,+3.0,UP,-62.0,-589.0,4.2,+1.26,0.30,SLOW,4416.18,4416.68,4412.16,4412.97,0.00,0.00,0.0,NEUTRAL,452.0,4410.91,4410.91,4410.02,4410.29,51,CLEARED_>=20s,89.0,62.0,0.0,27.0,0.0,30.3,30.3,BLOCKED_30.3%,0.00,0.0,NO,STANDBY_VEL_LOW,0,0.00,4590.00,68.56,FALSE,M5_TREND_NEUTRAL|M1_DIRECTION_MISMATCH
2026-09-07 15:06:52.305,1788793612.306,4262,105,224,4410.26,4410.34,8.0,PASS_<=10c,-3.0,DOWN,-65.0,-592.0,4.2,+1.89,0.45,SLOW,4416.18,4416.68,4412.16,4412.97,0.00,0.00,0.0,NEUTRAL,452.0,4410.91,4410.91,4410.02,4410.26,52,CLEARED_>=20s,89.0,65.0,0.0,24.0,0.0,27.0,27.0,BLOCKED_27.0%,0.00,0.0,NO,STANDBY_VEL_LOW,0,0.00,4590.00,68.56,FALSE,M5_TREND_NEUTRAL|M1_DIRECTION_MISMATCH
2026-09-07 15:06:52.807,1788793612.807,4263,106,225,4410.26,4410.34,8.0,PASS_<=10c,+0.0,FLAT,-65.0,-592.0,4.2,+2.94,0.70,SLOW,4416.18,4416.68,4412.16,4412.97,0.00,0.00,0.0,NEUTRAL,452.0,4410.91,4410.91,4410.02,4410.26,52,CLEARED_>=20s,89.0,65.0,0.0,24.0,0.0,27.0,27.0,BLOCKED_27.0%,0.00,0.0,NO,STANDBY_VEL_LOW,0,0.00,4590.00,68.56,FALSE,M5_TREND_NEUTRAL|M1_DIRECTION_MISMATCH
2026-09-07 15:06:53.308,1788793613.309,4264,107,226,4410.24,4410.32,8.0,PASS_<=10c,-2.0,DOWN,-67.0,-594.0,4.2,+3.36,0.80,SLOW,4416.18,4416.68,4412.16,4412.97,0.00,0.00,0.0,NEUTRAL,452.0,4410.91,4410.91,4410.02,4410.24,53,CLEARED_>=20s,89.0,67.0,0.0,22.0,0.0,24.7,24.7,BLOCKED_24.7%,0.00,0.0,NO,STANDBY_VEL_LOW,0,0.00,4590.00,68.56,FALSE,M5_TREND_NEUTRAL|M1_DIRECTION_MISMATCH
2026-09-07 15:06:53.810,1788793613.810,4265,108,227,4410.23,4410.31,8.0,PASS_<=10c,-1.0,DOWN,-68.0,-595.0,4.2,+3.57,0.85,SLOW,4416.18,4416.68,4412.16,4412.97,0.00,0.00,0.0,NEUTRAL,452.0,4410.91,4410.91,4410.02,4410.23,53,CLEARED_>=20s,89.0,68.0,0.0,21.0,0.0,23.6,23.6,BLOCKED_23.6%,0.00,0.0,NO,STANDBY_VEL_LOW,0,0.00,4590.00,68.56,FALSE,M5_TREND_NEUTRAL|M1_DIRECTION_MISMATCH
2026-09-07 15:06:54.313,1788793614.313,4266,109,228,4410.22,4410.30,8.0,PASS_<=10c,-1.0,DOWN,-69.0,-596.0,4.2,+3.78,0.90,SLOW,4416.18,4416.68,4412.16,4412.97,0.00,0.00,0.0,NEUTRAL,452.0,4410.91,4410.91,4410.02,4410.22,54,CLEARED_>=20s,89.0,69.0,0.0,20.0,0.0,22.5,22.5,BLOCKED_22.5%,0.00,0.0,NO,STANDBY_VEL_LOW,0,0.00,4590.00,68.56,FALSE,M5_TREND_NEUTRAL|M1_DIRECTION_MISMATCH
2026-09-07 15:06:54.813,1788793614.813,4267,110,229,4410.22,4410.30,8.0,PASS_<=10c,+0.0,FLAT,-69.0,-596.0,4.2,+2.52,0.60,SLOW,4416.18,4416.68,4412.16,4412.97,0.00,0.00,0.0,NEUTRAL,452.0,4410.91,4410.91,4410.02,4410.22,54,CLEARED_>=20s,89.0,69.0,0.0,20.0,0.0,22.5,22.5,BLOCKED_22.5%,0.00,0.0,NO,STANDBY_VEL_LOW,0,0.00,4590.00,68.56,FALSE,M5_TREND_NEUTRAL|M1_DIRECTION_MISMATCH
2026-09-07 15:06:55.314,1788793615.315,4268,111,230,4410.21,4410.29,8.0,PASS_<=10c,-1.0,DOWN,-70.0,-597.0,4.2,+1.47,0.35,SLOW,4416.18,4416.68,4412.16,4412.97,0.00,0.00,0.0,NEUTRAL,452.0,4410.91,4410.91,4410.02,4410.21,55,CLEARED_>=20s,89.0,70.0,0.0,19.0,0.0,21.3,21.3,BLOCKED_21.3%,0.00,0.0,NO,STANDBY_VEL_LOW,0,0.00,4590.00,68.56,FALSE,M5_TREND_NEUTRAL|M1_DIRECTION_MISMATCH
2026-09-07 15:06:55.816,1788793615.816,4269,112,231,4410.18,4410.26,8.0,PASS_<=10c,-3.0,DOWN,-73.0,-600.0,4.2,+2.52,0.60,SLOW,4416.18,4416.68,4412.16,4412.97,0.00,0.00,0.0,NEUTRAL,452.0,4410.91,4410.91,4410.02,4410.18,55,CLEARED_>=20s,89.0,73.0,0.0,16.0,0.0,18.0,18.0,PASS_<20%,0.00,0.0,NO,STANDBY_VEL_LOW,0,0.00,4590.00,68.56,FALSE,M5_TREND_NEUTRAL|M1_DIRECTION_MISMATCH
2026-09-07 15:06:56.317,1788793616.317,4270,113,232,4410.02,4410.10,8.0,PASS_<=10c,-16.0,DOWN,-89.0,-616.0,4.2,+5.04,1.20,SLOW,4416.18,4416.68,4412.16,4412.97,0.00,0.00,0.0,NEUTRAL,452.0,4410.91,4410.91,4410.02,4410.02,56,CLEARED_>=20s,89.0,89.0,0.0,0.0,0.0,0.0,0.0,PASS_<20%,0.00,0.0,NO,STANDBY_VEL_LOW,0,0.00,4590.00,68.56,FALSE,M5_TREND_NEUTRAL|M1_DIRECTION_MISMATCH
2026-09-07 15:06:56.819,1788793616.820,4271,114,233,4410.00,4410.08,8.0,PASS_<=10c,-2.0,DOWN,-91.0,-618.0,4.2,+5.46,1.30,SLOW,4416.18,4416.68,4412.16,4412.97,0.00,0.00,0.0,NEUTRAL,452.0,4410.91,4410.91,4409.97,4410.00,56,CLEARED_>=20s,94.0,91.0,0.0,3.0,0.0,3.2,3.2,PASS_<20%,0.00,0.0,NO,STANDBY_VEL_LOW,0,0.00,4590.00,68.56,FALSE,M5_TREND_NEUTRAL|M1_DIRECTION_MISMATCH
2026-09-07 15:06:57.321,1788793617.322,4272,115,234,4409.99,4410.07,8.0,PASS_<=10c,-1.0,DOWN,-92.0,-619.0,4.2,+5.67,1.35,SLOW,4416.18,4416.68,4412.16,4412.97,0.00,0.00,0.0,NEUTRAL,452.0,4410.91,4410.91,4409.97,4409.99,57,CLEARED_>=20s,94.0,92.0,0.0,2.0,0.0,2.1,2.1,PASS_<20%,0.00,0.0,NO,STANDBY_VEL_LOW,0,0.00,4590.00,68.56,FALSE,M5_TREND_NEUTRAL|M1_DIRECTION_MISMATCH
2026-09-07 15:06:57.821,1788793617.821,4273,116,235,4409.99,4410.07,8.0,PASS_<=10c,+0.0,FLAT,-92.0,-619.0,4.2,+4.83,1.15,SLOW,4416.18,4416.68,4412.16,4412.97,0.00,0.00,0.0,NEUTRAL,452.0,4410.91,4410.91,4409.97,4409.99,57,CLEARED_>=20s,94.0,92.0,0.0,2.0,0.0,2.1,2.1,PASS_<20%,0.00,0.0,NO,STANDBY_VEL_LOW,0,0.00,4590.00,68.56,FALSE,M5_TREND_NEUTRAL|M1_DIRECTION_MISMATCH
2026-09-07 15:06:58.322,1788793618.322,4274,117,236,4410.00,4410.08,8.0,PASS_<=10c,+1.0,UP,-91.0,-618.0,4.2,+4.62,1.10,SLOW,4416.18,4416.68,4412.16,4412.97,0.00,0.00,0.0,NEUTRAL,452.0,4410.91,4410.91,4409.97,4410.00,58,CLEARED_>=20s,94.0,91.0,0.0,3.0,0.0,3.2,3.2,PASS_<20%,0.00,0.0,NO,STANDBY_VEL_LOW,0,0.00,4590.00,68.56,FALSE,M5_TREND_NEUTRAL|M1_DIRECTION_MISMATCH
2026-09-07 15:06:58.824,1788793618.824,4275,118,237,4410.05,4410.13,8.0,PASS_<=10c,+5.0,UP,-86.0,-613.0,4.2,+3.57,0.85,SLOW,4416.18,4416.68,4412.16,4412.97,0.00,0.00,0.0,NEUTRAL,452.0,4410.91,4410.91,4409.97,4410.05,58,CLEARED_>=20s,94.0,86.0,0.0,8.0,0.0,8.5,8.5,PASS_<20%,0.00,0.0,NO,STANDBY_VEL_LOW,0,0.00,4590.00,68.56,FALSE,M5_TREND_NEUTRAL|M1_DIRECTION_MISMATCH
2026-09-07 15:06:59.324,1788793619.325,4276,119,238,4410.14,4410.22,8.0,PASS_<=10c,+9.0,UP,-77.0,-604.0,4.2,+1.68,0.40,SLOW,4416.18,4416.68,4412.16,4412.97,0.00,0.00,0.0,NEUTRAL,452.0,4410.91,4410.91,4409.97,4410.14,59,CLEARED_>=20s,94.0,77.0,0.0,17.0,0.0,18.1,18.1,PASS_<20%,0.00,0.0,NO,STANDBY_VEL_LOW,0,0.00,4590.00,68.56,FALSE,M5_TREND_NEUTRAL|M1_DIRECTION_MISMATCH
2026-09-07 15:06:59.826,1788793619.826,4277,120,239,4410.13,4410.21,8.0,PASS_<=10c,-1.0,DOWN,-78.0,-605.0,4.2,+1.68,0.40,SLOW,4416.18,4416.68,4412.16,4412.97,0.00,0.00,0.0,NEUTRAL,452.0,4410.91,4410.91,4409.97,4410.13,59,CLEARED_>=20s,94.0,78.0,0.0,16.0,0.0,17.0,17.0,PASS_<20%,0.00,0.0,NO,STANDBY_VEL_LOW,0,0.00,4590.00,68.56,FALSE,M5_TREND_NEUTRAL|M1_DIRECTION_MISMATCH
2026-09-07 15:07:00.328,1788793620.328,4278,1,240,4410.06,4410.14,8.0,PASS_<=10c,-7.0,DOWN,+0.0,-612.0,4.2,+2.52,0.60,SLOW,4416.18,4416.68,4412.16,4412.97,0.00,0.00,0.0,NEUTRAL,452.0,4410.06,4410.06,4410.06,4410.06,0,ACTIVE_0s,1.0,0.0,0.0,0.0,0.0,0.0,0.0,PASS_<20%,0.00,0.0,NO,STANDBY_VEL_LOW,0,0.00,4590.00,68.56,FALSE,M5_TREND_NEUTRAL|M1_DIRECTION_MISMATCH|OPENING_SHIELD_ACTIVE_0s
2026-09-07 15:07:00.828,1788793620.829,4279,2,241,4410.03,4410.11,8.0,PASS_<=10c,-3.0,DOWN,-3.0,-615.0,4.2,+0.21,0.05,SLOW,4416.18,4416.68,4412.16,4412.97,0.00,0.00,0.0,NEUTRAL,452.0,4410.06,4410.06,4410.03,4410.03,0,ACTIVE_0s,3.0,3.0,0.0,0.0,0.0,0.0,0.0,PASS_<20%,0.00,0.0,NO,STANDBY_VEL_LOW,0,0.00,4590.00,68.56,FALSE,M5_TREND_NEUTRAL|M1_DIRECTION_MISMATCH|OPENING_SHIELD_ACTIVE_0s
2026-09-07 15:07:01.330,1788793621.331,4280,3,242,4409.88,4409.96,8.0,PASS_<=10c,-15.0,DOWN,-18.0,-630.0,4.2,+1.89,0.45,SLOW,4416.18,4416.68,4412.16,4412.97,0.00,0.00,0.0,NEUTRAL,452.0,4410.06,4410.06,4409.81,4409.88,1,ACTIVE_1s,25.0,18.0,0.0,7.0,0.0,28.0,28.0,BLOCKED_28.0%,0.00,0.0,NO,STANDBY_VEL_LOW,0,0.00,4590.00,68.56,FALSE,M5_TREND_NEUTRAL|M1_DIRECTION_MISMATCH|OPENING_SHIELD_ACTIVE_1s
2026-09-07 15:07:01.834,1788793621.835,4281,4,243,4409.87,4409.95,8.0,PASS_<=10c,-1.0,DOWN,-19.0,-631.0,4.2,+2.52,0.60,SLOW,4416.18,4416.68,4412.16,4412.97,0.00,0.00,0.0,NEUTRAL,452.0,4410.06,4410.06,4409.81,4409.87,1,ACTIVE_1s,25.0,19.0,0.0,6.0,0.0,24.0,24.0,BLOCKED_24.0%,0.00,0.0,NO,STANDBY_VEL_LOW,0,0.00,4590.00,68.56,FALSE,M5_TREND_NEUTRAL|M1_DIRECTION_MISMATCH|OPENING_SHIELD_ACTIVE_1s
2026-09-07 15:07:02.336,1788793622.336,4282,5,244,4409.87,4409.95,8.0,PASS_<=10c,+0.0,FLAT,-19.0,-631.0,4.2,+2.52,0.60,SLOW,4416.18,4416.68,4412.16,4412.97,0.00,0.00,0.0,NEUTRAL,452.0,4410.06,4410.06,4409.81,4409.87,2,ACTIVE_2s,25.0,19.0,0.0,6.0,0.0,24.0,24.0,BLOCKED_24.0%,0.00,0.0,NO,STANDBY_VEL_LOW,0,0.00,4590.00,68.56,FALSE,M5_TREND_NEUTRAL|M1_DIRECTION_MISMATCH|OPENING_SHIELD_ACTIVE_2s
2026-09-07 15:07:02.837,1788793622.838,4283,6,245,4409.88,4409.96,8.0,PASS_<=10c,+1.0,UP,-18.0,-630.0,4.2,+2.73,0.65,SLOW,4416.18,4416.68,4412.16,4412.97,0.00,0.00,0.0,NEUTRAL,452.0,4410.06,4410.06,4409.81,4409.88,2,ACTIVE_2s,25.0,18.0,0.0,7.0,0.0,28.0,28.0,BLOCKED_28.0%,0.00,0.0,NO,STANDBY_VEL_LOW,0,0.00,4590.00,68.56,FALSE,M5_TREND_NEUTRAL|M1_DIRECTION_MISMATCH|OPENING_SHIELD_ACTIVE_2s
2026-09-07 15:07:03.339,1788793623.340,4284,7,246,4409.85,4409.93,8.0,PASS_<=10c,-3.0,DOWN,-21.0,-633.0,4.2,+3.78,0.90,SLOW,4416.18,4416.68,4412.16,4412.97,0.00,0.00,0.0,NEUTRAL,452.0,4410.06,4410.06,4409.81,4409.85,3,ACTIVE_3s,25.0,21.0,0.0,4.0,0.0,16.0,16.0,PASS_<20%,0.00,0.0,NO,STANDBY_VEL_LOW,0,0.00,4590.00,68.56,FALSE,M5_TREND_NEUTRAL|M1_DIRECTION_MISMATCH|OPENING_SHIELD_ACTIVE_3s
2026-09-07 15:07:03.840,1788793623.841,4285,8,247,4409.88,4409.96,8.0,PASS_<=10c,+3.0,UP,-18.0,-630.0,4.2,+4.62,1.10,SLOW,4416.18,4416.68,4412.16,4412.97,0.00,0.00,0.0,NEUTRAL,452.0,4410.06,4410.06,4409.81,4409.88,3,ACTIVE_3s,25.0,18.0,0.0,7.0,0.0,28.0,28.0,BLOCKED_28.0%,0.00,0.0,NO,STANDBY_VEL_LOW,0,0.00,4590.00,68.56,FALSE,M5_TREND_NEUTRAL|M1_DIRECTION_MISMATCH|OPENING_SHIELD_ACTIVE_3s
2026-09-07 15:07:04.342,1788793624.342,4286,9,248,4409.88,4409.96,8.0,PASS_<=10c,+0.0,FLAT,-18.0,-630.0,4.2,+5.24,1.25,SLOW,4416.18,4416.68,4412.16,4412.97,0.00,0.00,0.0,NEUTRAL,452.0,4410.06,4410.06,4409.81,4409.88,4,ACTIVE_4s,25.0,18.0,0.0,7.0,0.0,28.0,28.0,BLOCKED_28.0%,0.00,0.0,NO,STANDBY_VEL_LOW,0,0.00,4590.00,68.56,FALSE,M5_TREND_NEUTRAL|M1_DIRECTION_MISMATCH|OPENING_SHIELD_ACTIVE_4s
2026-09-07 15:07:04.843,1788793624.844,4287,10,249,4409.88,4409.96,8.0,PASS_<=10c,+0.0,FLAT,-18.0,-630.0,4.2,+3.78,0.90,SLOW,4416.18,4416.68,4412.16,4412.97,0.00,0.00,0.0,NEUTRAL,452.0,4410.06,4410.06,4409.81,4409.88,4,ACTIVE_4s,25.0,18.0,0.0,7.0,0.0,28.0,28.0,BLOCKED_28.0%,0.00,0.0,NO,STANDBY_VEL_LOW,0,0.00,4590.00,68.56,FALSE,M5_TREND_NEUTRAL|M1_DIRECTION_MISMATCH|OPENING_SHIELD_ACTIVE_4s
2026-09-07 15:07:05.346,1788793625.347,4288,11,250,4409.87,4409.95,8.0,PASS_<=10c,-1.0,DOWN,-19.0,-631.0,4.2,+3.36,0.80,SLOW,4416.18,4416.68,4412.16,4412.97,0.00,0.00,0.0,NEUTRAL,452.0,4410.06,4410.06,4409.81,4409.87,5,ACTIVE_5s,25.0,19.0,0.0,6.0,0.0,24.0,24.0,BLOCKED_24.0%,0.00,0.0,NO,STANDBY_VEL_LOW,0,0.00,4590.00,68.56,FALSE,M5_TREND_NEUTRAL|M1_DIRECTION_MISMATCH|OPENING_SHIELD_ACTIVE_5s
2026-09-07 15:07:05.846,1788793625.847,4289,12,251,4409.88,4409.96,8.0,PASS_<=10c,+1.0,UP,-18.0,-630.0,4.2,+1.47,0.35,SLOW,4416.18,4416.68,4412.16,4412.97,0.00,0.00,0.0,NEUTRAL,452.0,4410.06,4410.06,4409.81,4409.88,5,ACTIVE_5s,25.0,18.0,0.0,7.0,0.0,28.0,28.0,BLOCKED_28.0%,0.00,0.0,NO,STANDBY_VEL_LOW,0,0.00,4590.00,68.56,FALSE,M5_TREND_NEUTRAL|M1_DIRECTION_MISMATCH|OPENING_SHIELD_ACTIVE_5s
2026-09-07 15:07:06.347,1788793626.348,4290,13,252,4409.88,4409.96,8.0,PASS_<=10c,+0.0,FLAT,-18.0,-630.0,4.2,+0.21,0.05,SLOW,4416.18,4416.68,4412.16,4412.97,0.00,0.00,0.0,NEUTRAL,452.0,4410.06,4410.06,4409.81,4409.88,6,ACTIVE_6s,25.0,18.0,0.0,7.0,0.0,28.0,28.0,BLOCKED_28.0%,0.00,0.0,NO,STANDBY_VEL_LOW,0,0.00,4590.00,68.56,FALSE,M5_TREND_NEUTRAL|M1_DIRECTION_MISMATCH|OPENING_SHIELD_ACTIVE_6s
2026-09-07 15:07:06.850,1788793626.850,4291,14,253,4410.00,4410.08,8.0,PASS_<=10c,+12.0,UP,-6.0,-618.0,4.2,+2.73,0.65,SLOW,4416.18,4416.68,4412.16,4412.97,0.00,0.00,0.0,NEUTRAL,452.0,4410.06,4410.06,4409.81,4410.00,6,ACTIVE_6s,25.0,6.0,0.0,19.0,0.0,76.0,76.0,BLOCKED_76.0%,0.00,0.0,NO,STANDBY_VEL_LOW,0,0.00,4590.00,68.56,FALSE,M5_TREND_NEUTRAL|M1_DIRECTION_MISMATCH|OPENING_SHIELD_ACTIVE_6s
2026-09-07 15:07:07.351,1788793627.352,4292,15,254,4410.00,4410.08,8.0,PASS_<=10c,+0.0,FLAT,-6.0,-618.0,4.2,+2.52,0.60,SLOW,4416.18,4416.68,4412.16,4412.97,0.00,0.00,0.0,NEUTRAL,452.0,4410.06,4410.06,4409.81,4410.00,7,ACTIVE_7s,25.0,6.0,0.0,19.0,0.0,76.0,76.0,BLOCKED_76.0%,0.00,0.0,NO,STANDBY_VEL_LOW,0,0.00,4590.00,68.56,FALSE,M5_TREND_NEUTRAL|M1_DIRECTION_MISMATCH|OPENING_SHIELD_ACTIVE_7s
2026-09-07 15:07:07.853,1788793627.854,4293,16,255,4409.91,4409.99,8.0,PASS_<=10c,-9.0,DOWN,-15.0,-627.0,4.2,+0.63,0.15,SLOW,4416.18,4416.68,4412.16,4412.97,0.00,0.00,0.0,NEUTRAL,452.0,4410.06,4410.06,4409.81,4409.91,7,ACTIVE_7s,25.0,15.0,0.0,10.0,0.0,40.0,40.0,BLOCKED_40.0%,0.00,0.0,NO,STANDBY_VEL_LOW,0,0.00,4590.00,68.56,FALSE,M5_TREND_NEUTRAL|M1_DIRECTION_MISMATCH|OPENING_SHIELD_ACTIVE_7s
2026-09-07 15:07:08.355,1788793628.356,4294,17,256,4409.79,4409.87,8.0,PASS_<=10c,-12.0,DOWN,-27.0,-639.0,4.2,+1.26,0.30,SLOW,4416.18,4416.68,4412.16,4412.97,0.00,0.00,0.0,NEUTRAL,452.0,4410.06,4410.06,4409.79,4409.79,8,ACTIVE_8s,27.0,27.0,0.0,0.0,0.0,0.0,0.0,PASS_<20%,0.00,0.0,NO,STANDBY_VEL_LOW,0,0.00,4590.00,68.56,FALSE,M5_TREND_NEUTRAL|M1_DIRECTION_MISMATCH|OPENING_SHIELD_ACTIVE_8s
2026-09-07 15:07:08.859,1788793628.859,4295,18,257,4409.76,4409.84,8.0,PASS_<=10c,-3.0,DOWN,-30.0,-642.0,4.2,+2.52,0.60,SLOW,4416.18,4416.68,4412.16,4412.97,0.00,0.00,0.0,NEUTRAL,452.0,4410.06,4410.06,4409.76,4409.76,8,ACTIVE_8s,30.0,30.0,0.0,0.0,0.0,0.0,0.0,PASS_<20%,0.00,0.0,NO,STANDBY_VEL_LOW,0,0.00,4590.00,68.56,FALSE,M5_TREND_NEUTRAL|M1_DIRECTION_MISMATCH|OPENING_SHIELD_ACTIVE_8s
2026-09-07 15:07:09.361,1788793629.361,4296,19,258,4409.89,4409.97,8.0,PASS_<=10c,+13.0,UP,-17.0,-629.0,4.2,+0.21,0.05,SLOW,4416.18,4416.68,4412.16,4412.97,0.00,0.00,0.0,NEUTRAL,452.0,4410.06,4410.06,4409.73,4409.89,9,ACTIVE_9s,33.0,17.0,0.0,16.0,0.0,48.5,48.5,BLOCKED_48.5%,0.00,0.0,NO,STANDBY_VEL_LOW,0,0.00,4590.00,68.56,FALSE,M5_TREND_NEUTRAL|M1_DIRECTION_MISMATCH|OPENING_SHIELD_ACTIVE_9s
2026-09-07 15:07:09.861,1788793629.862,4297,20,259,4409.93,4410.01,8.0,PASS_<=10c,+4.0,UP,-13.0,-625.0,4.2,+1.26,0.30,SLOW,4416.18,4416.68,4412.16,4412.97,0.00,0.00,0.0,NEUTRAL,452.0,4410.06,4410.06,4409.73,4409.93,9,ACTIVE_9s,33.0,13.0,0.0,20.0,0.0,60.6,60.6,BLOCKED_60.6%,0.00,0.0,NO,STANDBY_VEL_LOW,0,0.00,4590.00,68.56,FALSE,M5_TREND_NEUTRAL|M1_DIRECTION_MISMATCH|OPENING_SHIELD_ACTIVE_9s
2026-09-07 15:07:10.363,1788793630.363,4298,21,260,4409.84,4409.92,8.0,PASS_<=10c,-9.0,DOWN,-22.0,-634.0,4.2,+0.42,0.10,SLOW,4416.18,4416.68,4412.16,4412.97,0.00,0.00,0.0,NEUTRAL,452.0,4410.06,4410.06,4409.73,4409.84,10,ACTIVE_10s,33.0,22.0,0.0,11.0,0.0,33.3,33.3,BLOCKED_33.3%,0.00,0.0,NO,STANDBY_VEL_LOW,0,0.00,4590.00,68.56,FALSE,M5_TREND_NEUTRAL|M1_DIRECTION_MISMATCH|OPENING_SHIELD_ACTIVE_10s
2026-09-07 15:07:10.865,1788793630.866,4299,22,261,4409.83,4409.91,8.0,PASS_<=10c,-1.0,DOWN,-23.0,-635.0,4.2,+1.05,0.25,SLOW,4416.18,4416.68,4412.16,4412.97,0.00,0.00,0.0,NEUTRAL,452.0,4410.06,4410.06,4409.73,4409.83,10,ACTIVE_10s,33.0,23.0,0.0,10.0,0.0,30.3,30.3,BLOCKED_30.3%,0.00,0.0,NO,STANDBY_VEL_LOW,0,0.00,4590.00,68.56,FALSE,M5_TREND_NEUTRAL|M1_DIRECTION_MISMATCH|OPENING_SHIELD_ACTIVE_10s
2026-09-07 15:07:11.367,1788793631.368,4300,23,262,4409.80,4409.88,8.0,PASS_<=10c,-3.0,DOWN,-26.0,-638.0,4.2,+2.73,0.65,SLOW,4416.18,4416.68,4412.16,4412.97,0.00,0.00,0.0,NEUTRAL,452.0,4410.06,4410.06,4409.73,4409.80,11,ACTIVE_11s,33.0,26.0,0.0,7.0,0.0,21.2,21.2,BLOCKED_21.2%,0.00,0.0,NO,STANDBY_VEL_LOW,0,0.00,4590.00,68.56,FALSE,M5_TREND_NEUTRAL|M1_DIRECTION_MISMATCH|OPENING_SHIELD_ACTIVE_11s
2026-09-07 15:07:11.869,1788793631.870,4301,24,263,4409.78,4409.86,8.0,PASS_<=10c,-2.0,DOWN,-28.0,-640.0,4.2,+4.61,1.10,SLOW,4416.18,4416.68,4412.16,4412.97,0.00,0.00,0.0,NEUTRAL,452.0,4410.06,4410.06,4409.73,4409.78,11,ACTIVE_11s,33.0,28.0,0.0,5.0,0.0,15.2,15.2,PASS_<20%,0.00,0.0,NO,STANDBY_VEL_LOW,0,0.00,4590.00,68.56,FALSE,M5_TREND_NEUTRAL|M1_DIRECTION_MISMATCH|OPENING_SHIELD_ACTIVE_11s
2026-09-07 15:07:12.371,1788793632.371,4302,25,264,4409.78,4409.86,8.0,PASS_<=10c,+0.0,FLAT,-28.0,-640.0,4.2,+3.36,0.80,SLOW,4416.18,4416.68,4412.16,4412.97,0.00,0.00,0.0,NEUTRAL,452.0,4410.06,4410.06,4409.73,4409.78,12,ACTIVE_12s,33.0,28.0,0.0,5.0,0.0,15.2,15.2,PASS_<20%,0.00,0.0,NO,STANDBY_VEL_LOW,0,0.00,4590.00,68.56,FALSE,M5_TREND_NEUTRAL|M1_DIRECTION_MISMATCH|OPENING_SHIELD_ACTIVE_12s
2026-09-07 15:07:12.871,1788793632.872,4303,26,265,4409.73,4409.81,8.0,PASS_<=10c,-5.0,DOWN,-33.0,-645.0,4.2,+3.57,0.85,SLOW,4416.18,4416.68,4412.16,4412.97,0.00,0.00,0.0,NEUTRAL,452.0,4410.06,4410.06,4409.73,4409.73,12,ACTIVE_12s,33.0,33.0,0.0,0.0,0.0,0.0,0.0,PASS_<20%,0.00,0.0,NO,STANDBY_VEL_LOW,0,0.00,4590.00,68.56,FALSE,M5_TREND_NEUTRAL|M1_DIRECTION_MISMATCH|OPENING_SHIELD_ACTIVE_12s
2026-09-07 15:07:13.374,1788793633.374,4304,27,266,4409.71,4409.79,8.0,PASS_<=10c,-2.0,DOWN,-35.0,-647.0,4.2,+1.47,0.35,SLOW,4416.18,4416.68,4412.16,4412.97,0.00,0.00,0.0,NEUTRAL,452.0,4410.06,4410.06,4409.71,4409.71,13,ACTIVE_13s,35.0,35.0,0.0,0.0,0.0,0.0,0.0,PASS_<20%,0.00,0.0,NO,STANDBY_VEL_LOW,0,0.00,4590.00,68.56,FALSE,M5_TREND_NEUTRAL|M1_DIRECTION_MISMATCH|OPENING_SHIELD_ACTIVE_13s
2026-09-07 15:07:13.876,1788793633.876,4305,28,267,4409.85,4409.93,8.0,PASS_<=10c,+14.0,UP,-21.0,-633.0,4.2,+2.52,0.60,SLOW,4416.18,4416.68,4412.16,4412.97,0.00,0.00,0.0,NEUTRAL,452.0,4410.06,4410.06,4409.71,4409.85,13,ACTIVE_13s,35.0,21.0,0.0,14.0,0.0,40.0,40.0,BLOCKED_40.0%,0.00,0.0,NO,STANDBY_VEL_LOW,0,0.00,4590.00,68.56,FALSE,M5_TREND_NEUTRAL|M1_DIRECTION_MISMATCH|OPENING_SHIELD_ACTIVE_13s
2026-09-07 15:07:14.377,1788793634.378,4306,29,268,4409.94,4410.02,8.0,PASS_<=10c,+9.0,UP,-12.0,-624.0,4.2,+0.84,0.20,SLOW,4416.18,4416.68,4412.16,4412.97,0.00,0.00,0.0,NEUTRAL,452.0,4410.06,4410.06,4409.71,4409.94,14,ACTIVE_14s,35.0,12.0,0.0,23.0,0.0,65.7,65.7,BLOCKED_65.7%,0.00,0.0,NO,STANDBY_VEL_LOW,0,0.00,4590.00,68.56,FALSE,M5_TREND_NEUTRAL|M1_DIRECTION_MISMATCH|OPENING_SHIELD_ACTIVE_14s
2026-09-07 15:07:14.878,1788793634.879,4307,30,269,4410.01,4410.09,8.0,PASS_<=10c,+7.0,UP,-5.0,-617.0,4.2,+3.57,0.85,SLOW,4416.18,4416.68,4412.16,4412.97,0.00,0.00,0.0,NEUTRAL,452.0,4410.06,4410.06,4409.71,4410.01,14,ACTIVE_14s,35.0,5.0,0.0,30.0,0.0,85.7,85.7,BLOCKED_85.7%,0.00,0.0,NO,STANDBY_VEL_LOW,0,0.00,4590.00,68.56,FALSE,M5_TREND_NEUTRAL|M1_DIRECTION_MISMATCH|OPENING_SHIELD_ACTIVE_14s
2026-09-07 15:07:15.379,1788793635.380,4308,31,270,4410.03,4410.11,8.0,PASS_<=10c,+2.0,UP,-3.0,-615.0,4.2,+3.78,0.90,SLOW,4416.18,4416.68,4412.16,4412.97,0.00,0.00,0.0,NEUTRAL,452.0,4410.06,4410.06,4409.71,4410.03,15,ACTIVE_15s,35.0,3.0,0.0,32.0,0.0,91.4,91.4,BLOCKED_91.4%,0.00,0.0,NO,STANDBY_VEL_LOW,0,0.00,4590.00,68.56,FALSE,M5_TREND_NEUTRAL|M1_DIRECTION_MISMATCH|OPENING_SHIELD_ACTIVE_15s
2026-09-07 15:07:15.880,1788793635.881,4309,32,271,4409.96,4410.04,8.0,PASS_<=10c,-7.0,DOWN,-10.0,-622.0,4.2,+3.15,0.75,SLOW,4416.18,4416.68,4412.16,4412.97,0.00,0.00,0.0,NEUTRAL,452.0,4410.06,4410.06,4409.71,4409.96,15,ACTIVE_15s,35.0,10.0,0.0,25.0,0.0,71.4,71.4,BLOCKED_71.4%,0.00,0.0,NO,STANDBY_VEL_LOW,0,0.00,4590.00,68.56,FALSE,M5_TREND_NEUTRAL|M1_DIRECTION_MISMATCH|OPENING_SHIELD_ACTIVE_15s
2026-09-07 15:07:16.382,1788793636.382,4310,33,272,4409.99,4410.07,8.0,PASS_<=10c,+3.0,UP,-7.0,-619.0,4.2,+4.41,1.05,SLOW,4416.18,4416.68,4412.16,4412.97,0.00,0.00,0.0,NEUTRAL,452.0,4410.06,4410.06,4409.71,4409.99,16,ACTIVE_16s,35.0,7.0,0.0,28.0,0.0,80.0,80.0,BLOCKED_80.0%,0.00,0.0,NO,STANDBY_VEL_LOW,0,0.00,4590.00,68.56,FALSE,M5_TREND_NEUTRAL|M1_DIRECTION_MISMATCH|OPENING_SHIELD_ACTIVE_16s
2026-09-07 15:07:16.884,1788793636.884,4311,34,273,4410.05,4410.13,8.0,PASS_<=10c,+6.0,UP,-1.0,-613.0,4.2,+5.67,1.35,SLOW,4416.18,4416.68,4412.16,4412.97,0.00,0.00,0.0,NEUTRAL,452.0,4410.06,4410.06,4409.71,4410.05,16,ACTIVE_16s,35.0,1.0,0.0,34.0,0.0,97.1,97.1,BLOCKED_97.1%,0.00,0.0,NO,STANDBY_VEL_LOW,0,0.00,4590.00,68.56,FALSE,M5_TREND_NEUTRAL|M1_DIRECTION_MISMATCH|OPENING_SHIELD_ACTIVE_16s
2026-09-07 15:07:17.385,1788793637.385,4312,35,274,4410.05,4410.13,8.0,PASS_<=10c,+0.0,FLAT,-1.0,-613.0,4.2,+6.30,1.50,SLOW,4416.18,4416.68,4412.16,4412.97,0.00,0.00,0.0,NEUTRAL,452.0,4410.06,4410.06,4409.71,4410.05,17,ACTIVE_17s,35.0,1.0,0.0,34.0,0.0,97.1,97.1,BLOCKED_97.1%,0.00,0.0,NO,STANDBY_VEL_LOW,0,0.00,4590.00,68.56,FALSE,M5_TREND_NEUTRAL|M1_DIRECTION_MISMATCH|OPENING_SHIELD_ACTIVE_17s
2026-09-07 15:07:17.887,1788793637.887,4313,36,275,4410.08,4410.16,8.0,PASS_<=10c,+3.0,UP,+2.0,-610.0,4.2,+7.14,1.70,SLOW,4416.18,4416.68,4412.16,4412.97,0.00,0.00,0.0,NEUTRAL,452.0,4410.06,4410.08,4409.71,4410.08,17,ACTIVE_17s,37.0,2.0,0.0,35.0,0.0,94.6,94.6,BLOCKED_94.6%,0.00,0.0,NO,STANDBY_VEL_LOW,0,0.00,4590.00,68.56,FALSE,M5_TREND_NEUTRAL|M1_DIRECTION_MISMATCH|OPENING_SHIELD_ACTIVE_17s
2026-09-07 15:07:18.389,1788793638.389,4314,37,276,4410.11,4410.19,8.0,PASS_<=10c,+3.0,UP,+5.0,-607.0,4.2,+8.40,2.00,SLOW,4416.18,4416.68,4412.16,4412.97,0.00,0.00,0.0,NEUTRAL,452.0,4410.06,4410.14,4409.71,4410.11,18,ACTIVE_18s,43.0,5.0,3.0,35.0,7.0,81.4,81.4,BLOCKED_81.4%,0.00,0.0,NO,STANDBY_VEL_LOW,0,0.00,4590.00,68.56,FALSE,M5_TREND_NEUTRAL|M1_DIRECTION_MISMATCH|OPENING_SHIELD_ACTIVE_18s
2026-09-07 15:07:18.891,1788793638.892,4315,38,277,4410.24,4410.32,8.0,PASS_<=10c,+13.0,UP,+18.0,-594.0,4.2,+6.51,1.55,SLOW,4416.18,4416.68,4412.16,4412.97,0.00,0.00,0.0,NEUTRAL,452.0,4410.06,4410.24,4409.71,4410.24,18,ACTIVE_18s,53.0,18.0,0.0,35.0,0.0,66.0,66.0,BLOCKED_66.0%,0.00,0.0,NO,STANDBY_VEL_LOW,0,0.00,4590.00,68.56,FALSE,M5_TREND_NEUTRAL|M1_DIRECTION_MISMATCH|OPENING_SHIELD_ACTIVE_18s
2026-09-07 15:07:19.393,1788793639.393,4316,39,278,4410.25,4410.33,8.0,PASS_<=10c,+1.0,UP,+19.0,-593.0,4.2,+5.46,1.30,SLOW,4416.18,4416.68,4412.16,4412.97,0.00,0.00,0.0,NEUTRAL,452.0,4410.06,4410.25,4409.71,4410.25,19,ACTIVE_19s,54.0,19.0,0.0,35.0,0.0,64.8,64.8,BLOCKED_64.8%,0.00,0.0,NO,STANDBY_VEL_LOW,0,0.00,4590.00,68.56,FALSE,M5_TREND_NEUTRAL|M1_DIRECTION_MISMATCH|OPENING_SHIELD_ACTIVE_19s
2026-09-07 15:07:19.895,1788793639.895,4317,40,279,4410.24,4410.32,8.0,PASS_<=10c,-1.0,DOWN,+18.0,-594.0,4.2,+4.41,1.05,SLOW,4416.18,4416.68,4412.16,4412.97,0.00,0.00,0.0,NEUTRAL,452.0,4410.06,4410.25,4409.71,4410.24,19,ACTIVE_19s,54.0,18.0,1.0,35.0,1.9,64.8,64.8,BLOCKED_64.8%,0.00,0.0,NO,STANDBY_VEL_LOW,0,0.00,4590.00,68.56,FALSE,M5_TREND_NEUTRAL|M1_DIRECTION_MISMATCH|OPENING_SHIELD_ACTIVE_19s
2026-09-07 15:07:20.397,1788793640.397,4318,41,280,4410.24,4410.32,8.0,PASS_<=10c,+0.0,FLAT,+18.0,-594.0,4.2,+4.41,1.05,SLOW,4416.18,4416.68,4412.16,4412.97,0.00,0.00,0.0,NEUTRAL,452.0,4410.06,4410.25,4409.71,4410.24,20,CLEARED_>=20s,54.0,18.0,1.0,35.0,1.9,64.8,64.8,BLOCKED_64.8%,0.00,0.0,NO,STANDBY_VEL_LOW,0,0.00,4590.00,68.56,FALSE,M5_TREND_NEUTRAL|M1_DIRECTION_MISMATCH
2026-09-07 15:07:20.898,1788793640.899,4319,42,281,4410.18,4410.26,8.0,PASS_<=10c,-6.0,DOWN,+12.0,-600.0,4.2,+4.62,1.10,SLOW,4416.18,4416.68,4412.16,4412.97,0.00,0.00,0.0,NEUTRAL,452.0,4410.06,4410.25,4409.71,4410.18,20,CLEARED_>=20s,54.0,12.0,7.0,35.0,13.0,64.8,64.8,BLOCKED_64.8%,0.00,0.0,NO,STANDBY_VEL_LOW,0,0.00,4590.00,68.56,FALSE,M5_TREND_NEUTRAL|M1_DIRECTION_MISMATCH
2026-09-07 15:07:21.400,1788793641.401,4320,43,282,4409.87,4409.95,8.0,PASS_<=10c,-31.0,DOWN,-19.0,-631.0,4.2,+3.15,0.75,SLOW,4416.18,4416.68,4412.16,4412.97,0.00,0.00,0.0,NEUTRAL,452.0,4410.06,4410.25,4409.71,4409.87,21,CLEARED_>=20s,54.0,19.0,19.0,16.0,35.2,29.6,35.2,BLOCKED_35.2%,0.00,0.0,NO,STANDBY_VEL_LOW,0,0.00,4590.00,68.56,FALSE,M5_TREND_NEUTRAL|M1_DIRECTION_MISMATCH
2026-09-07 15:07:21.901,1788793641.901,4321,44,283,4409.81,4409.89,8.0,PASS_<=10c,-6.0,DOWN,-25.0,-637.0,4.2,+5.04,1.20,SLOW,4416.18,4416.68,4412.16,4412.97,0.00,0.00,0.0,NEUTRAL,452.0,4410.06,4410.25,4409.71,4409.81,21,CLEARED_>=20s,54.0,25.0,19.0,10.0,35.2,18.5,35.2,BLOCKED_35.2%,0.00,0.0,NO,STANDBY_VEL_LOW,0,0.00,4590.00,68.56,FALSE,M5_TREND_NEUTRAL|M1_DIRECTION_MISMATCH
2026-09-07 15:07:22.402,1788793642.403,4322,45,284,4409.72,4409.80,8.0,PASS_<=10c,-9.0,DOWN,-34.0,-646.0,4.2,+7.34,1.75,SLOW,4416.18,4416.68,4412.16,4412.97,0.00,0.00,0.0,NEUTRAL,452.0,4410.06,4410.25,4409.71,4409.72,22,CLEARED_>=20s,54.0,34.0,19.0,1.0,35.2,1.9,35.2,BLOCKED_35.2%,0.00,0.0,NO,STANDBY_VEL_LOW,0,0.00,4590.00,68.56,FALSE,M5_TREND_NEUTRAL|M1_DIRECTION_MISMATCH
2026-09-07 15:07:22.904,1788793642.904,4323,46,285,4409.69,4409.77,8.0,PASS_<=10c,-3.0,DOWN,-37.0,-649.0,4.2,+9.44,2.25,SLOW,4416.18,4416.68,4412.16,4412.97,0.00,0.00,0.0,NEUTRAL,452.0,4410.06,4410.25,4409.69,4409.69,22,CLEARED_>=20s,56.0,37.0,19.0,0.0,33.9,0.0,33.9,BLOCKED_33.9%,0.00,0.0,NO,STANDBY_VEL_LOW,0,0.00,4590.00,68.56,FALSE,M5_TREND_NEUTRAL|M1_DIRECTION_MISMATCH
2026-09-07 15:07:23.406,1788793643.406,4324,47,286,4409.55,4409.63,8.0,PASS_<=10c,-14.0,DOWN,-51.0,-663.0,4.2,+13.64,3.25,SLOW,4416.18,4416.68,4412.16,4412.97,0.00,0.00,0.0,NEUTRAL,452.0,4410.06,4410.25,4409.52,4409.55,23,CLEARED_>=20s,73.0,51.0,19.0,3.0,26.0,4.1,26.0,BLOCKED_26.0%,0.00,0.0,NO,STANDBY_VEL_LOW,0,0.00,4590.00,68.56,FALSE,M5_TREND_NEUTRAL|M1_DIRECTION_MISMATCH
2026-09-07 15:07:23.907,1788793643.908,4325,48,287,4409.58,4409.66,8.0,PASS_<=10c,+3.0,UP,-48.0,-660.0,4.2,+14.06,3.35,SLOW,4416.18,4416.68,4412.16,4412.97,0.00,0.00,0.0,NEUTRAL,452.0,4410.06,4410.25,4409.52,4409.58,23,CLEARED_>=20s,73.0,48.0,19.0,6.0,26.0,8.2,26.0,BLOCKED_26.0%,0.00,0.0,NO,STANDBY_VEL_LOW,0,0.00,4590.00,68.56,FALSE,M5_TREND_NEUTRAL|M1_DIRECTION_MISMATCH
2026-09-07 15:07:24.410,1788793644.411,4326,49,288,4409.59,4409.67,8.0,PASS_<=10c,+1.0,UP,-47.0,-659.0,4.2,+13.22,3.15,SLOW,4416.18,4416.68,4412.16,4412.97,0.00,0.00,0.0,NEUTRAL,452.0,4410.06,4410.25,4409.52,4409.59,24,CLEARED_>=20s,73.0,47.0,19.0,7.0,26.0,9.6,26.0,BLOCKED_26.0%,0.00,0.0,NO,STANDBY_VEL_LOW,0,0.00,4590.00,68.56,FALSE,M5_TREND_NEUTRAL|M1_DIRECTION_MISMATCH
2026-09-07 15:07:24.913,1788793644.913,4327,50,289,4409.38,4409.46,8.0,PASS_<=10c,-21.0,DOWN,-68.0,-680.0,4.2,+18.04,4.30,SLOW,4416.18,4416.68,4412.16,4412.97,0.00,0.00,0.0,NEUTRAL,452.0,4410.06,4410.25,4409.38,4409.38,24,CLEARED_>=20s,87.0,68.0,19.0,0.0,21.8,0.0,21.8,BLOCKED_21.8%,0.00,0.0,NO,STANDBY_VEL_LOW,0,0.00,4590.00,68.56,FALSE,M5_TREND_NEUTRAL|M1_DIRECTION_MISMATCH
2026-09-07 15:07:25.415,1788793645.415,4328,51,290,4409.36,4409.44,8.0,PASS_<=10c,-2.0,DOWN,-70.0,-682.0,4.2,+17.20,4.10,SLOW,4416.18,4416.68,4412.16,4412.97,0.00,0.00,0.0,NEUTRAL,452.0,4410.06,4410.25,4409.36,4409.36,25,CLEARED_>=20s,89.0,70.0,19.0,0.0,21.3,0.0,21.3,BLOCKED_21.3%,0.00,0.0,NO,STANDBY_VEL_LOW,0,0.00,4590.00,68.56,FALSE,M5_TREND_NEUTRAL|M1_DIRECTION_MISMATCH
2026-09-07 15:07:25.918,1788793645.919,4329,52,291,4409.25,4409.33,8.0,PASS_<=10c,-11.0,DOWN,-81.0,-693.0,4.2,+19.29,4.59,SLOW,4416.18,4416.68,4412.16,4412.97,0.00,0.00,0.0,NEUTRAL,452.0,4410.06,4410.25,4409.25,4409.25,25,CLEARED_>=20s,100.0,81.0,19.0,0.0,19.0,0.0,19.0,PASS_<20%,0.00,0.0,NO,STANDBY_VEL_LOW,0,0.00,4590.00,68.56,FALSE,M5_TREND_NEUTRAL|M1_DIRECTION_MISMATCH
2026-09-07 15:07:26.419,1788793646.420,4330,53,292,4409.61,4409.69,8.0,PASS_<=10c,+36.0,UP,-45.0,-657.0,4.2,+4.19,1.00,SLOW,4416.18,4416.68,4412.16,4412.97,0.00,0.00,0.0,NEUTRAL,452.0,4410.06,4410.25,4409.25,4409.61,26,CLEARED_>=20s,100.0,45.0,19.0,36.0,19.0,36.0,36.0,BLOCKED_36.0%,0.00,0.0,NO,STANDBY_VEL_LOW,0,0.00,4590.00,68.56,FALSE,M5_TREND_NEUTRAL|M1_DIRECTION_MISMATCH
2026-09-07 15:07:26.921,1788793646.922,4331,54,293,4409.64,4409.72,8.0,PASS_<=10c,+3.0,UP,-42.0,-654.0,4.2,+1.47,0.35,SLOW,4416.18,4416.68,4412.16,4412.97,0.00,0.00,0.0,NEUTRAL,452.0,4410.06,4410.25,4409.25,4409.64,26,CLEARED_>=20s,100.0,42.0,19.0,39.0,19.0,39.0,39.0,BLOCKED_39.0%,0.00,0.0,NO,STANDBY_VEL_LOW,0,0.00,4590.00,68.56,FALSE,M5_TREND_NEUTRAL|M1_DIRECTION_MISMATCH
2026-09-07 15:07:27.422,1788793647.422,4332,55,294,4409.65,4409.73,8.0,PASS_<=10c,+1.0,UP,-41.0,-653.0,4.2,+1.47,0.35,SLOW,4416.18,4416.68,4412.16,4412.97,0.00,0.00,0.0,NEUTRAL,452.0,4410.06,4410.25,4409.25,4409.65,27,CLEARED_>=20s,100.0,41.0,19.0,40.0,19.0,40.0,40.0,BLOCKED_40.0%,0.00,0.0,NO,STANDBY_VEL_LOW,0,0.00,4590.00,68.56,FALSE,M5_TREND_NEUTRAL|M1_DIRECTION_MISMATCH
2026-09-07 15:07:27.923,1788793647.924,4333,56,295,4409.59,4409.67,8.0,PASS_<=10c,-6.0,DOWN,-47.0,-659.0,4.2,+1.47,0.35,SLOW,4416.18,4416.68,4412.16,4412.97,0.00,0.00,0.0,NEUTRAL,452.0,4410.06,4410.25,4409.25,4409.59,27,CLEARED_>=20s,100.0,47.0,19.0,34.0,19.0,34.0,34.0,BLOCKED_34.0%,0.00,0.0,NO,STANDBY_VEL_LOW,0,0.00,4590.00,68.56,FALSE,M5_TREND_NEUTRAL|M1_DIRECTION_MISMATCH
2026-09-07 15:07:28.426,1788793648.426,4334,57,296,4409.59,4409.67,8.0,PASS_<=10c,+0.0,FLAT,-47.0,-659.0,4.2,+0.84,0.20,SLOW,4416.18,4416.68,4412.16,4412.97,0.00,0.00,0.0,NEUTRAL,452.0,4410.06,4410.25,4409.25,4409.59,28,CLEARED_>=20s,100.0,47.0,19.0,34.0,19.0,34.0,34.0,BLOCKED_34.0%,0.00,0.0,NO,STANDBY_VEL_LOW,0,0.00,4590.00,68.56,FALSE,M5_TREND_NEUTRAL|M1_DIRECTION_MISMATCH
2026-09-07 15:07:28.926,1788793648.927,4335,58,297,4409.71,4409.79,8.0,PASS_<=10c,+12.0,UP,-35.0,-647.0,4.2,+2.52,0.60,SLOW,4416.18,4416.68,4412.16,4412.97,0.00,0.00,0.0,NEUTRAL,452.0,4410.06,4410.25,4409.25,4409.71,28,CLEARED_>=20s,100.0,35.0,19.0,46.0,19.0,46.0,46.0,BLOCKED_46.0%,0.00,0.0,NO,STANDBY_VEL_LOW,0,0.00,4590.00,68.56,FALSE,M5_TREND_NEUTRAL|M1_DIRECTION_MISMATCH
2026-09-07 15:07:29.428,1788793649.429,4336,59,298,4409.72,4409.80,8.0,PASS_<=10c,+1.0,UP,-34.0,-646.0,4.2,+4.62,1.10,SLOW,4416.18,4416.68,4412.16,4412.97,0.00,0.00,0.0,NEUTRAL,452.0,4410.06,4410.25,4409.25,4409.72,29,CLEARED_>=20s,100.0,34.0,19.0,47.0,19.0,47.0,47.0,BLOCKED_47.0%,0.00,0.0,NO,STANDBY_VEL_LOW,0,0.00,4590.00,68.56,FALSE,M5_TREND_NEUTRAL|M1_DIRECTION_MISMATCH
2026-09-07 15:07:29.929,1788793649.930,4337,60,299,4409.77,4409.85,8.0,PASS_<=10c,+5.0,UP,-29.0,-641.0,4.2,+8.18,1.95,SLOW,4416.18,4416.68,4412.16,4412.97,0.00,0.00,0.0,NEUTRAL,452.0,4410.06,4410.25,4409.25,4409.77,29,CLEARED_>=20s,100.0,29.0,19.0,52.0,19.0,52.0,52.0,BLOCKED_52.0%,0.00,0.0,NO,STANDBY_VEL_LOW,0,0.00,4590.00,68.56,FALSE,M5_TREND_NEUTRAL|M1_DIRECTION_MISMATCH
2026-09-07 15:07:30.430,1788793650.431,4338,61,300,4409.80,4409.88,8.0,PASS_<=10c,+3.0,UP,-26.0,-638.0,4.2,+9.24,2.20,SLOW,4416.18,4416.68,4412.16,4412.97,0.00,0.00,0.0,NEUTRAL,452.0,4410.06,4410.25,4409.25,4409.80,30,CLEARED_>=20s,100.0,26.0,19.0,55.0,19.0,55.0,55.0,BLOCKED_55.0%,0.00,0.0,NO,STANDBY_VEL_LOW,0,0.00,4590.00,68.56,FALSE,M5_TREND_NEUTRAL|M1_DIRECTION_MISMATCH
2026-09-07 15:07:30.932,1788793650.932,4339,62,301,4409.76,4409.84,8.0,PASS_<=10c,-4.0,DOWN,-30.0,-642.0,4.2,+3.15,0.75,SLOW,4416.18,4416.68,4412.16,4412.97,0.00,0.00,0.0,NEUTRAL,452.0,4410.06,4410.25,4409.25,4409.76,30,CLEARED_>=20s,100.0,30.0,19.0,51.0,19.0,51.0,51.0,BLOCKED_51.0%,0.00,0.0,NO,STANDBY_VEL_LOW,0,0.00,4590.00,68.56,FALSE,M5_TREND_NEUTRAL|M1_DIRECTION_MISMATCH
2026-09-07 15:07:31.433,1788793651.434,4340,63,302,4409.76,4409.84,8.0,PASS_<=10c,+0.0,FLAT,-30.0,-642.0,4.2,+2.52,0.60,SLOW,4416.18,4416.68,4412.16,4412.97,0.00,0.00,0.0,NEUTRAL,452.0,4410.06,4410.25,4409.25,4409.76,31,CLEARED_>=20s,100.0,30.0,19.0,51.0,19.0,51.0,51.0,BLOCKED_51.0%,0.00,0.0,NO,STANDBY_VEL_LOW,0,0.00,4590.00,68.56,FALSE,M5_TREND_NEUTRAL|M1_DIRECTION_MISMATCH
2026-09-07 15:07:31.936,1788793651.936,4341,64,303,4409.80,4409.88,8.0,PASS_<=10c,+4.0,UP,-26.0,-638.0,4.2,+3.15,0.75,SLOW,4416.18,4416.68,4412.16,4412.97,0.00,0.00,0.0,NEUTRAL,452.0,4410.06,4410.25,4409.25,4409.80,31,CLEARED_>=20s,100.0,26.0,19.0,55.0,19.0,55.0,55.0,BLOCKED_55.0%,0.00,0.0,NO,STANDBY_VEL_LOW,0,0.00,4590.00,68.56,FALSE,M5_TREND_NEUTRAL|M1_DIRECTION_MISMATCH
2026-09-07 15:07:32.438,1788793652.438,4342,65,304,4409.78,4409.86,8.0,PASS_<=10c,-2.0,DOWN,-28.0,-640.0,4.2,+4.20,1.00,SLOW,4416.18,4416.68,4412.16,4412.97,0.00,0.00,0.0,NEUTRAL,452.0,4410.06,4410.25,4409.25,4409.78,32,CLEARED_>=20s,100.0,28.0,19.0,53.0,19.0,53.0,53.0,BLOCKED_53.0%,0.00,0.0,NO,STANDBY_VEL_LOW,0,0.00,4590.00,68.56,FALSE,M5_TREND_NEUTRAL|M1_DIRECTION_MISMATCH
2026-09-07 15:07:32.939,1788793652.940,4343,66,305,4409.79,4409.87,8.0,PASS_<=10c,+1.0,UP,-27.0,-639.0,4.2,+4.20,1.00,SLOW,4416.18,4416.68,4412.16,4412.97,0.00,0.00,0.0,NEUTRAL,452.0,4410.06,4410.25,4409.25,4409.79,32,CLEARED_>=20s,100.0,27.0,19.0,54.0,19.0,54.0,54.0,BLOCKED_54.0%,0.00,0.0,NO,STANDBY_VEL_LOW,0,0.00,4590.00,68.56,FALSE,M5_TREND_NEUTRAL|M1_DIRECTION_MISMATCH
2026-09-07 15:07:33.457,1788793653.458,4344,67,306,4409.90,4409.98,8.0,PASS_<=10c,+11.0,UP,-16.0,-628.0,4.2,+5.86,1.40,SLOW,4416.18,4416.68,4412.16,4412.97,0.00,0.00,0.0,NEUTRAL,452.0,4410.06,4410.25,4409.25,4409.90,33,CLEARED_>=20s,100.0,16.0,19.0,65.0,19.0,65.0,65.0,BLOCKED_65.0%,0.00,0.0,NO,STANDBY_VEL_LOW,0,0.00,4590.00,68.56,FALSE,M5_TREND_NEUTRAL|M1_DIRECTION_MISMATCH
2026-09-07 15:07:33.953,1788793653.953,4345,68,307,4409.90,4409.98,8.0,PASS_<=10c,+0.0,FLAT,-16.0,-628.0,4.2,+3.77,0.90,SLOW,4416.18,4416.68,4412.16,4412.97,0.00,0.00,0.0,NEUTRAL,452.0,4410.06,4410.25,4409.25,4409.90,33,CLEARED_>=20s,100.0,16.0,19.0,65.0,19.0,65.0,65.0,BLOCKED_65.0%,0.00,0.0,NO,STANDBY_VEL_LOW,0,0.00,4590.00,68.56,FALSE,M5_TREND_NEUTRAL|M1_DIRECTION_MISMATCH
2026-09-07 15:07:34.453,1788793654.454,4346,69,308,4409.80,4409.88,8.0,PASS_<=10c,-10.0,DOWN,-26.0,-638.0,4.2,+1.68,0.40,SLOW,4416.18,4416.68,4412.16,4412.97,0.00,0.00,0.0,NEUTRAL,452.0,4410.06,4410.25,4409.25,4409.80,34,CLEARED_>=20s,100.0,26.0,19.0,55.0,19.0,55.0,55.0,BLOCKED_55.0%,0.00,0.0,NO,STANDBY_VEL_LOW,0,0.00,4590.00,68.56,FALSE,M5_TREND_NEUTRAL|M1_DIRECTION_MISMATCH
2026-09-07 15:07:34.955,1788793654.956,4347,70,309,4409.74,4409.82,8.0,PASS_<=10c,-6.0,DOWN,-32.0,-644.0,4.2,+1.26,0.30,SLOW,4416.18,4416.68,4412.16,4412.97,0.00,0.00,0.0,NEUTRAL,452.0,4410.06,4410.25,4409.25,4409.74,34,CLEARED_>=20s,100.0,32.0,19.0,49.0,19.0,49.0,49.0,BLOCKED_49.0%,0.00,0.0,NO,STANDBY_VEL_LOW,0,0.00,4590.00,68.56,FALSE,M5_TREND_NEUTRAL|M1_DIRECTION_MISMATCH
2026-09-07 15:07:35.457,1788793655.457,4348,71,310,4409.69,4409.77,8.0,PASS_<=10c,-5.0,DOWN,-37.0,-649.0,4.2,+0.63,0.15,SLOW,4416.18,4416.68,4412.16,4412.97,0.00,0.00,0.0,NEUTRAL,452.0,4410.06,4410.25,4409.25,4409.69,35,CLEARED_>=20s,100.0,37.0,19.0,44.0,19.0,44.0,44.0,BLOCKED_44.0%,0.00,0.0,NO,STANDBY_VEL_LOW,0,0.00,4590.00,68.56,FALSE,M5_TREND_NEUTRAL|M1_DIRECTION_MISMATCH
2026-09-07 15:07:35.959,1788793655.959,4349,72,311,4409.69,4409.77,8.0,PASS_<=10c,+0.0,FLAT,-37.0,-649.0,4.2,+1.47,0.35,SLOW,4416.18,4416.68,4412.16,4412.97,0.00,0.00,0.0,NEUTRAL,452.0,4410.06,4410.25,4409.25,4409.69,35,CLEARED_>=20s,100.0,37.0,19.0,44.0,19.0,44.0,44.0,BLOCKED_44.0%,0.00,0.0,NO,STANDBY_VEL_LOW,0,0.00,4590.00,68.56,FALSE,M5_TREND_NEUTRAL|M1_DIRECTION_MISMATCH
2026-09-07 15:07:36.463,1788793656.464,4350,73,312,4409.70,4409.78,8.0,PASS_<=10c,+1.0,UP,-36.0,-648.0,4.2,+1.26,0.30,SLOW,4416.18,4416.68,4412.16,4412.97,0.00,0.00,0.0,NEUTRAL,452.0,4410.06,4410.25,4409.25,4409.70,36,CLEARED_>=20s,100.0,36.0,19.0,45.0,19.0,45.0,45.0,BLOCKED_45.0%,0.00,0.0,NO,STANDBY_VEL_LOW,0,0.00,4590.00,68.56,FALSE,M5_TREND_NEUTRAL|M1_DIRECTION_MISMATCH
2026-09-07 15:07:36.961,1788793656.962,4351,74,313,4409.77,4409.85,8.0,PASS_<=10c,+7.0,UP,-29.0,-641.0,4.2,+0.21,0.05,SLOW,4416.18,4416.68,4412.16,4412.97,0.00,0.00,0.0,NEUTRAL,452.0,4410.06,4410.25,4409.25,4409.77,36,CLEARED_>=20s,100.0,29.0,19.0,52.0,19.0,52.0,52.0,BLOCKED_52.0%,0.00,0.0,NO,STANDBY_VEL_LOW,0,0.00,4590.00,68.56,FALSE,M5_TREND_NEUTRAL|M1_DIRECTION_MISMATCH
2026-09-07 15:07:37.463,1788793657.464,4352,75,314,4409.80,4409.88,8.0,PASS_<=10c,+3.0,UP,-26.0,-638.0,4.2,+0.21,0.05,SLOW,4416.18,4416.68,4412.16,4412.97,0.00,0.00,0.0,NEUTRAL,452.0,4410.06,4410.25,4409.25,4409.80,37,CLEARED_>=20s,100.0,26.0,19.0,55.0,19.0,55.0,55.0,BLOCKED_55.0%,0.00,0.0,NO,STANDBY_VEL_LOW,0,0.00,4590.00,68.56,FALSE,M5_TREND_NEUTRAL|M1_DIRECTION_MISMATCH
2026-09-07 15:07:37.964,1788793657.965,4353,76,315,4409.79,4409.87,8.0,PASS_<=10c,-1.0,DOWN,-27.0,-639.0,4.2,+1.05,0.25,SLOW,4416.18,4416.68,4412.16,4412.97,0.00,0.00,0.0,NEUTRAL,452.0,4410.06,4410.25,4409.25,4409.79,37,CLEARED_>=20s,100.0,27.0,19.0,54.0,19.0,54.0,54.0,BLOCKED_54.0%,0.00,0.0,NO,STANDBY_VEL_LOW,0,0.00,4590.00,68.56,FALSE,M5_TREND_NEUTRAL|M1_DIRECTION_MISMATCH
2026-09-07 15:07:38.475,1788793658.476,4354,77,316,4409.91,4409.99,8.0,PASS_<=10c,+12.0,UP,-15.0,-627.0,4.2,+0.21,0.05,SLOW,4416.18,4416.68,4412.16,4412.97,0.00,0.00,0.0,NEUTRAL,452.0,4410.06,4410.25,4409.25,4409.91,38,CLEARED_>=20s,100.0,15.0,19.0,66.0,19.0,66.0,66.0,BLOCKED_66.0%,0.00,0.0,NO,STANDBY_VEL_LOW,0,0.00,4590.00,68.56,FALSE,M5_TREND_NEUTRAL|M1_DIRECTION_MISMATCH
2026-09-07 15:07:38.977,1788793658.978,4355,78,317,4410.01,4410.09,8.0,PASS_<=10c,+10.0,UP,-5.0,-617.0,4.2,+4.40,1.05,SLOW,4416.18,4416.68,4412.16,4412.97,0.00,0.00,0.0,NEUTRAL,452.0,4410.06,4410.25,4409.25,4410.01,38,CLEARED_>=20s,100.0,5.0,19.0,76.0,19.0,76.0,76.0,BLOCKED_76.0%,0.00,0.0,NO,STANDBY_VEL_LOW,0,0.00,4590.00,68.56,FALSE,M5_TREND_NEUTRAL|M1_DIRECTION_MISMATCH
2026-09-07 15:07:39.479,1788793659.479,4356,79,318,4409.94,4410.02,8.0,PASS_<=10c,-7.0,DOWN,-12.0,-624.0,4.2,+4.19,1.00,SLOW,4416.18,4416.68,4412.16,4412.97,0.00,0.00,0.0,NEUTRAL,452.0,4410.06,4410.25,4409.25,4409.94,39,CLEARED_>=20s,100.0,12.0,19.0,69.0,19.0,69.0,69.0,BLOCKED_69.0%,0.00,0.0,NO,STANDBY_VEL_LOW,0,0.00,4590.00,68.56,FALSE,M5_TREND_NEUTRAL|M1_DIRECTION_MISMATCH
2026-09-07 15:07:39.992,1788793659.992,4357,80,319,4409.81,4409.89,8.0,PASS_<=10c,-13.0,DOWN,-25.0,-637.0,4.2,+2.51,0.60,SLOW,4416.18,4416.68,4412.16,4412.97,0.00,0.00,0.0,NEUTRAL,452.0,4410.06,4410.25,4409.25,4409.81,39,CLEARED_>=20s,100.0,25.0,19.0,56.0,19.0,56.0,56.0,BLOCKED_56.0%,0.00,0.0,NO,STANDBY_VEL_LOW,0,0.00,4590.00,68.56,FALSE,M5_TREND_NEUTRAL|M1_DIRECTION_MISMATCH
2026-09-07 15:07:40.482,1788793660.483,4358,81,320,4409.84,4409.92,8.0,PASS_<=10c,+3.0,UP,-22.0,-634.0,4.2,+3.14,0.75,SLOW,4416.18,4416.68,4412.16,4412.97,0.00,0.00,0.0,NEUTRAL,452.0,4410.06,4410.25,4409.25,4409.84,40,CLEARED_>=20s,100.0,22.0,19.0,59.0,19.0,59.0,59.0,BLOCKED_59.0%,0.00,0.0,NO,STANDBY_VEL_LOW,0,0.00,4590.00,68.56,FALSE,M5_TREND_NEUTRAL|M1_DIRECTION_MISMATCH
2026-09-07 15:07:40.982,1788793660.983,4359,82,321,4409.86,4409.94,8.0,PASS_<=10c,+2.0,UP,-20.0,-632.0,4.2,+3.56,0.85,SLOW,4416.18,4416.68,4412.16,4412.97,0.00,0.00,0.0,NEUTRAL,452.0,4410.06,4410.25,4409.25,4409.86,40,CLEARED_>=20s,100.0,20.0,19.0,61.0,19.0,61.0,61.0,BLOCKED_61.0%,0.00,0.0,NO,STANDBY_VEL_LOW,0,0.00,4590.00,68.56,FALSE,M5_TREND_NEUTRAL|M1_DIRECTION_MISMATCH
2026-09-07 15:07:41.484,1788793661.484,4360,83,322,4409.93,4410.01,8.0,PASS_<=10c,+7.0,UP,-13.0,-625.0,4.2,+3.77,0.90,SLOW,4416.18,4416.68,4412.16,4412.97,0.00,0.00,0.0,NEUTRAL,452.0,4410.06,4410.25,4409.25,4409.93,41,CLEARED_>=20s,100.0,13.0,19.0,68.0,19.0,68.0,68.0,BLOCKED_68.0%,0.00,0.0,NO,STANDBY_VEL_LOW,0,0.00,4590.00,68.56,FALSE,M5_TREND_NEUTRAL|M1_DIRECTION_MISMATCH
2026-09-07 15:07:41.986,1788793661.986,4361,84,323,4410.00,4410.08,8.0,PASS_<=10c,+7.0,UP,-6.0,-618.0,4.2,+4.82,1.15,SLOW,4416.18,4416.68,4412.16,4412.97,0.00,0.00,0.0,NEUTRAL,452.0,4410.06,4410.25,4409.25,4410.00,41,CLEARED_>=20s,100.0,6.0,19.0,75.0,19.0,75.0,75.0,BLOCKED_75.0%,0.00,0.0,NO,STANDBY_VEL_LOW,0,0.00,4590.00,68.56,FALSE,M5_TREND_NEUTRAL|M1_DIRECTION_MISMATCH
2026-09-07 15:07:42.488,1788793662.489,4362,85,324,4410.00,4410.08,8.0,PASS_<=10c,+0.0,FLAT,-6.0,-618.0,4.2,+4.19,1.00,SLOW,4416.18,4416.68,4412.16,4412.97,0.00,0.00,0.0,NEUTRAL,452.0,4410.06,4410.25,4409.25,4410.00,42,CLEARED_>=20s,100.0,6.0,19.0,75.0,19.0,75.0,75.0,BLOCKED_75.0%,0.00,0.0,NO,STANDBY_VEL_LOW,0,0.00,4590.00,68.56,FALSE,M5_TREND_NEUTRAL|M1_DIRECTION_MISMATCH
2026-09-07 15:07:42.989,1788793662.989,4363,86,325,4410.00,4410.08,8.0,PASS_<=10c,+0.0,FLAT,-6.0,-618.0,4.2,+3.78,0.90,SLOW,4416.18,4416.68,4412.16,4412.97,0.00,0.00,0.0,NEUTRAL,452.0,4410.06,4410.25,4409.25,4410.00,42,CLEARED_>=20s,100.0,6.0,19.0,75.0,19.0,75.0,75.0,BLOCKED_75.0%,0.00,0.0,NO,STANDBY_VEL_LOW,0,0.00,4590.00,68.56,FALSE,M5_TREND_NEUTRAL|M1_DIRECTION_MISMATCH
2026-09-07 15:07:43.490,1788793663.491,4364,87,326,4409.95,4410.03,8.0,PASS_<=10c,-5.0,DOWN,-11.0,-623.0,4.2,+1.05,0.25,SLOW,4416.18,4416.68,4412.16,4412.97,0.00,0.00,0.0,NEUTRAL,452.0,4410.06,4410.25,4409.25,4409.95,43,CLEARED_>=20s,100.0,11.0,19.0,70.0,19.0,70.0,70.0,BLOCKED_70.0%,0.00,0.0,NO,STANDBY_VEL_LOW,0,0.00,4590.00,68.56,FALSE,M5_TREND_NEUTRAL|M1_DIRECTION_MISMATCH
2026-09-07 15:07:43.992,1788793663.993,4365,88,327,4409.93,4410.01,8.0,PASS_<=10c,-2.0,DOWN,-13.0,-625.0,4.2,+0.21,0.05,SLOW,4416.18,4416.68,4412.16,4412.97,0.00,0.00,0.0,NEUTRAL,452.0,4410.06,4410.25,4409.25,4409.93,43,CLEARED_>=20s,100.0,13.0,19.0,68.0,19.0,68.0,68.0,BLOCKED_68.0%,0.00,0.0,NO,STANDBY_VEL_LOW,0,0.00,4590.00,68.56,FALSE,M5_TREND_NEUTRAL|M1_DIRECTION_MISMATCH
2026-09-07 15:07:44.494,1788793664.494,4366,89,328,4409.94,4410.02,8.0,PASS_<=10c,+1.0,UP,-12.0,-624.0,4.2,+1.89,0.45,SLOW,4416.18,4416.68,4412.16,4412.97,0.00,0.00,0.0,NEUTRAL,452.0,4410.06,4410.25,4409.25,4409.94,44,CLEARED_>=20s,100.0,12.0,19.0,69.0,19.0,69.0,69.0,BLOCKED_69.0%,0.00,0.0,NO,STANDBY_VEL_LOW,0,0.00,4590.00,68.56,FALSE,M5_TREND_NEUTRAL|M1_DIRECTION_MISMATCH
2026-09-07 15:07:44.995,1788793664.995,4367,90,329,4409.94,4410.02,8.0,PASS_<=10c,+0.0,FLAT,-12.0,-624.0,4.2,+2.52,0.60,SLOW,4416.18,4416.68,4412.16,4412.97,0.00,0.00,0.0,NEUTRAL,452.0,4410.06,4410.25,4409.25,4409.94,44,CLEARED_>=20s,100.0,12.0,19.0,69.0,19.0,69.0,69.0,BLOCKED_69.0%,0.00,0.0,NO,STANDBY_VEL_LOW,0,0.00,4590.00,68.56,FALSE,M5_TREND_NEUTRAL|M1_DIRECTION_MISMATCH
2026-09-07 15:07:45.496,1788793665.497,4368,91,330,4409.93,4410.01,8.0,PASS_<=10c,-1.0,DOWN,-13.0,-625.0,4.2,+1.47,0.35,SLOW,4416.18,4416.68,4412.16,4412.97,0.00,0.00,0.0,NEUTRAL,452.0,4410.06,4410.25,4409.25,4409.93,45,CLEARED_>=20s,100.0,13.0,19.0,68.0,19.0,68.0,68.0,BLOCKED_68.0%,0.00,0.0,NO,STANDBY_VEL_LOW,0,0.00,4590.00,68.56,FALSE,M5_TREND_NEUTRAL|M1_DIRECTION_MISMATCH
2026-09-07 15:07:45.997,1788793665.998,4369,92,331,4409.93,4410.01,8.0,PASS_<=10c,+0.0,FLAT,-13.0,-625.0,4.2,+1.47,0.35,SLOW,4416.18,4416.68,4412.16,4412.97,0.00,0.00,0.0,NEUTRAL,452.0,4410.06,4410.25,4409.25,4409.93,45,CLEARED_>=20s,100.0,13.0,19.0,68.0,19.0,68.0,68.0,BLOCKED_68.0%,0.00,0.0,NO,STANDBY_VEL_LOW,0,0.00,4590.00,68.56,FALSE,M5_TREND_NEUTRAL|M1_DIRECTION_MISMATCH
2026-09-07 15:07:46.499,1788793666.500,4370,93,332,4409.92,4410.00,8.0,PASS_<=10c,-1.0,DOWN,-14.0,-626.0,4.2,+0.63,0.15,SLOW,4416.18,4416.68,4412.16,4412.97,0.00,0.00,0.0,NEUTRAL,452.0,4410.06,4410.25,4409.25,4409.92,46,CLEARED_>=20s,100.0,14.0,19.0,67.0,19.0,67.0,67.0,BLOCKED_67.0%,0.00,0.0,NO,STANDBY_VEL_LOW,0,0.00,4590.00,68.56,FALSE,M5_TREND_NEUTRAL|M1_DIRECTION_MISMATCH
2026-09-07 15:07:46.999,1788793667.000,4371,94,333,4409.88,4409.96,8.0,PASS_<=10c,-4.0,DOWN,-18.0,-630.0,4.2,+2.52,0.60,SLOW,4416.18,4416.68,4412.16,4412.97,0.00,0.00,0.0,NEUTRAL,452.0,4410.06,4410.25,4409.25,4409.88,46,CLEARED_>=20s,100.0,18.0,19.0,63.0,19.0,63.0,63.0,BLOCKED_63.0%,0.00,0.0,NO,STANDBY_VEL_LOW,0,0.00,4590.00,68.56,FALSE,M5_TREND_NEUTRAL|M1_DIRECTION_MISMATCH
2026-09-07 15:07:47.501,1788793667.501,4372,95,334,4409.86,4409.94,8.0,PASS_<=10c,-2.0,DOWN,-20.0,-632.0,4.2,+2.94,0.70,SLOW,4416.18,4416.68,4412.16,4412.97,0.00,0.00,0.0,NEUTRAL,452.0,4410.06,4410.25,4409.25,4409.86,47,CLEARED_>=20s,100.0,20.0,19.0,61.0,19.0,61.0,61.0,BLOCKED_61.0%,0.00,0.0,NO,STANDBY_VEL_LOW,0,0.00,4590.00,68.56,FALSE,M5_TREND_NEUTRAL|M1_DIRECTION_MISMATCH
2026-09-07 15:07:48.002,1788793668.003,4373,96,335,4409.89,4409.97,8.0,PASS_<=10c,+3.0,UP,-17.0,-629.0,4.2,+2.31,0.55,SLOW,4416.18,4416.68,4412.16,4412.97,0.00,0.00,0.0,NEUTRAL,452.0,4410.06,4410.25,4409.25,4409.89,48,CLEARED_>=20s,100.0,17.0,19.0,64.0,19.0,64.0,64.0,BLOCKED_64.0%,0.00,0.0,NO,STANDBY_VEL_LOW,0,0.00,4590.00,68.56,FALSE,M5_TREND_NEUTRAL|M1_DIRECTION_MISMATCH
2026-09-07 15:07:48.506,1788793668.506,4374,97,336,4409.72,4409.80,8.0,PASS_<=10c,-17.0,DOWN,-34.0,-646.0,4.2,+4.62,1.10,SLOW,4416.18,4416.68,4412.16,4412.97,0.00,0.00,0.0,NEUTRAL,452.0,4410.06,4410.25,4409.25,4409.72,48,CLEARED_>=20s,100.0,34.0,19.0,47.0,19.0,47.0,47.0,BLOCKED_47.0%,0.00,0.0,NO,STANDBY_VEL_LOW,0,0.00,4590.00,68.56,FALSE,M5_TREND_NEUTRAL|M1_DIRECTION_MISMATCH
2026-09-07 15:07:49.005,1788793669.006,4375,98,337,4409.77,4409.85,8.0,PASS_<=10c,+5.0,UP,-29.0,-641.0,4.2,+3.57,0.85,SLOW,4416.18,4416.68,4412.16,4412.97,0.00,0.00,0.0,NEUTRAL,452.0,4410.06,4410.25,4409.25,4409.77,49,CLEARED_>=20s,100.0,29.0,19.0,52.0,19.0,52.0,52.0,BLOCKED_52.0%,0.00,0.0,NO,STANDBY_VEL_LOW,0,0.00,4590.00,68.56,FALSE,M5_TREND_NEUTRAL|M1_DIRECTION_MISMATCH
2026-09-07 15:07:49.507,1788793669.508,4376,99,338,4409.82,4409.90,8.0,PASS_<=10c,+5.0,UP,-24.0,-636.0,4.2,+2.31,0.55,SLOW,4416.18,4416.68,4412.16,4412.97,0.00,0.00,0.0,NEUTRAL,452.0,4410.06,4410.25,4409.25,4409.82,49,CLEARED_>=20s,100.0,24.0,19.0,57.0,19.0,57.0,57.0,BLOCKED_57.0%,0.00,0.0,NO,STANDBY_VEL_LOW,0,0.00,4590.00,68.56,FALSE,M5_TREND_NEUTRAL|M1_DIRECTION_MISMATCH
2026-09-07 15:07:50.007,1788793670.008,4377,100,339,4409.85,4409.93,8.0,PASS_<=10c,+3.0,UP,-21.0,-633.0,4.2,+1.89,0.45,SLOW,4416.18,4416.68,4412.16,4412.97,0.00,0.00,0.0,NEUTRAL,452.0,4410.06,4410.25,4409.25,4409.85,50,CLEARED_>=20s,100.0,21.0,19.0,60.0,19.0,60.0,60.0,BLOCKED_60.0%,0.00,0.0,NO,STANDBY_VEL_LOW,0,0.00,4590.00,68.56,FALSE,M5_TREND_NEUTRAL|M1_DIRECTION_MISMATCH
2026-09-07 15:07:50.510,1788793670.511,4378,101,340,4409.86,4409.94,8.0,PASS_<=10c,+1.0,UP,-20.0,-632.0,4.2,+1.47,0.35,SLOW,4416.18,4416.68,4412.16,4412.97,0.00,0.00,0.0,NEUTRAL,452.0,4410.06,4410.25,4409.25,4409.86,50,CLEARED_>=20s,100.0,20.0,19.0,61.0,19.0,61.0,61.0,BLOCKED_61.0%,0.00,0.0,NO,STANDBY_VEL_LOW,0,0.00,4590.00,68.56,FALSE,M5_TREND_NEUTRAL|M1_DIRECTION_MISMATCH
2026-09-07 15:07:51.010,1788793671.011,4379,102,341,4409.85,4409.93,8.0,PASS_<=10c,-1.0,DOWN,-21.0,-633.0,4.2,+1.47,0.35,SLOW,4416.18,4416.68,4412.16,4412.97,0.00,0.00,0.0,NEUTRAL,452.0,4410.06,4410.25,4409.25,4409.85,51,CLEARED_>=20s,100.0,21.0,19.0,60.0,19.0,60.0,60.0,BLOCKED_60.0%,0.00,0.0,NO,STANDBY_VEL_LOW,0,0.00,4590.00,68.56,FALSE,M5_TREND_NEUTRAL|M1_DIRECTION_MISMATCH
2026-09-07 15:07:51.513,1788793671.513,4380,103,342,4409.85,4409.93,8.0,PASS_<=10c,+0.0,FLAT,-21.0,-633.0,4.2,+0.63,0.15,SLOW,4416.18,4416.68,4412.16,4412.97,0.00,0.00,0.0,NEUTRAL,452.0,4410.06,4410.25,4409.25,4409.85,51,CLEARED_>=20s,100.0,21.0,19.0,60.0,19.0,60.0,60.0,BLOCKED_60.0%,0.00,0.0,NO,STANDBY_VEL_LOW,0,0.00,4590.00,68.56,FALSE,M5_TREND_NEUTRAL|M1_DIRECTION_MISMATCH
2026-09-07 15:07:52.014,1788793672.015,4381,104,343,4409.89,4409.97,8.0,PASS_<=10c,+4.0,UP,-17.0,-629.0,4.2,+0.84,0.20,SLOW,4416.18,4416.68,4412.16,4412.97,0.00,0.00,0.0,NEUTRAL,452.0,4410.06,4410.25,4409.25,4409.89,52,CLEARED_>=20s,100.0,17.0,19.0,64.0,19.0,64.0,64.0,BLOCKED_64.0%,0.00,0.0,NO,STANDBY_VEL_LOW,0,0.00,4590.00,68.56,FALSE,M5_TREND_NEUTRAL|M1_DIRECTION_MISMATCH
2026-09-07 15:07:52.516,1788793672.516,4382,105,344,4409.89,4409.97,8.0,PASS_<=10c,+0.0,FLAT,-17.0,-629.0,4.2,+0.00,0.00,SLOW,4416.18,4416.68,4412.16,4412.97,0.00,0.00,0.0,NEUTRAL,452.0,4410.06,4410.25,4409.25,4409.89,52,CLEARED_>=20s,100.0,17.0,19.0,64.0,19.0,64.0,64.0,BLOCKED_64.0%,0.00,0.0,NO,STANDBY_VEL_LOW,0,0.00,4590.00,68.56,FALSE,M5_TREND_NEUTRAL|M1_DIRECTION_MISMATCH
2026-09-07 15:07:53.018,1788793673.018,4383,106,345,4409.86,4409.94,8.0,PASS_<=10c,-3.0,DOWN,-20.0,-632.0,4.2,+1.68,0.40,SLOW,4416.18,4416.68,4412.16,4412.97,0.00,0.00,0.0,NEUTRAL,452.0,4410.06,4410.25,4409.25,4409.86,53,CLEARED_>=20s,100.0,20.0,19.0,61.0,19.0,61.0,61.0,BLOCKED_61.0%,0.00,0.0,NO,STANDBY_VEL_LOW,0,0.00,4590.00,68.56,FALSE,M5_TREND_NEUTRAL|M1_DIRECTION_MISMATCH
2026-09-07 15:07:53.519,1788793673.520,4384,107,346,4410.06,4410.14,8.0,PASS_<=10c,+20.0,UP,+0.0,-612.0,4.2,+6.72,1.60,SLOW,4416.18,4416.68,4412.16,4412.97,0.00,0.00,0.0,NEUTRAL,452.0,4410.06,4410.25,4409.25,4410.06,53,CLEARED_>=20s,100.0,0.0,19.0,81.0,19.0,81.0,81.0,BLOCKED_81.0%,0.00,0.0,NO,STANDBY_VEL_LOW,0,0.00,4590.00,68.56,FALSE,M5_TREND_NEUTRAL|M1_DIRECTION_MISMATCH
2026-09-07 15:07:54.022,1788793674.022,4385,108,347,4410.09,4410.17,8.0,PASS_<=10c,+3.0,UP,+3.0,-609.0,4.2,+6.71,1.60,SLOW,4416.18,4416.68,4412.16,4412.97,0.00,0.00,0.0,NEUTRAL,452.0,4410.06,4410.25,4409.25,4410.09,54,CLEARED_>=20s,100.0,3.0,16.0,81.0,16.0,81.0,81.0,BLOCKED_81.0%,0.00,0.0,NO,STANDBY_VEL_LOW,0,0.00,4590.00,68.56,FALSE,M5_TREND_NEUTRAL|M1_DIRECTION_MISMATCH
2026-09-07 15:07:54.524,1788793674.524,4386,109,348,4410.10,4410.18,8.0,PASS_<=10c,+1.0,UP,+4.0,-608.0,4.2,+5.24,1.25,SLOW,4416.18,4416.68,4412.16,4412.97,0.00,0.00,0.0,NEUTRAL,452.0,4410.06,4410.25,4409.25,4410.10,54,CLEARED_>=20s,100.0,4.0,15.0,81.0,15.0,81.0,81.0,BLOCKED_81.0%,0.00,0.0,NO,STANDBY_VEL_LOW,0,0.00,4590.00,68.56,FALSE,M5_TREND_NEUTRAL|M1_DIRECTION_MISMATCH
2026-09-07 15:07:55.037,1788793675.037,4387,110,349,4410.15,4410.23,8.0,PASS_<=10c,+5.0,UP,+9.0,-603.0,4.2,+6.29,1.50,SLOW,4416.18,4416.68,4412.16,4412.97,0.00,0.00,0.0,NEUTRAL,452.0,4410.06,4410.25,4409.25,4410.15,55,CLEARED_>=20s,100.0,9.0,10.0,81.0,10.0,81.0,81.0,BLOCKED_81.0%,0.00,0.0,NO,STANDBY_VEL_LOW,0,0.00,4590.00,68.56,FALSE,M5_TREND_NEUTRAL|M1_DIRECTION_MISMATCH
2026-09-07 15:07:55.529,1788793675.530,4388,111,350,4410.22,4410.30,8.0,PASS_<=10c,+7.0,UP,+16.0,-596.0,4.2,+7.55,1.80,SLOW,4416.18,4416.68,4412.16,4412.97,0.00,0.00,0.0,NEUTRAL,452.0,4410.06,4410.25,4409.25,4410.22,55,CLEARED_>=20s,100.0,16.0,3.0,81.0,3.0,81.0,81.0,BLOCKED_81.0%,0.00,0.0,NO,STANDBY_VEL_LOW,0,0.00,4590.00,68.56,FALSE,M5_TREND_NEUTRAL|M1_DIRECTION_MISMATCH
2026-09-07 15:07:56.031,1788793676.032,4389,112,351,4410.26,4410.34,8.0,PASS_<=10c,+4.0,UP,+20.0,-592.0,4.2,+8.60,2.05,SLOW,4416.18,4416.68,4412.16,4412.97,0.00,0.00,0.0,NEUTRAL,452.0,4410.06,4410.26,4409.25,4410.26,56,CLEARED_>=20s,101.0,20.0,0.0,81.0,0.0,80.2,80.2,BLOCKED_80.2%,0.00,0.0,NO,STANDBY_VEL_LOW,0,0.00,4590.00,68.56,FALSE,M5_TREND_NEUTRAL|M1_DIRECTION_MISMATCH
2026-09-07 15:07:56.532,1788793676.533,4390,113,352,4410.22,4410.30,8.0,PASS_<=10c,-4.0,DOWN,+16.0,-596.0,4.2,+7.76,1.85,SLOW,4416.18,4416.68,4412.16,4412.97,0.00,0.00,0.0,NEUTRAL,452.0,4410.06,4410.27,4409.25,4410.22,56,CLEARED_>=20s,102.0,16.0,5.0,81.0,4.9,79.4,79.4,BLOCKED_79.4%,0.00,0.0,NO,STANDBY_VEL_LOW,0,0.00,4590.00,68.56,FALSE,M5_TREND_NEUTRAL|M1_DIRECTION_MISMATCH
2026-09-07 15:07:57.034,1788793677.034,4391,114,353,4410.22,4410.30,8.0,PASS_<=10c,+0.0,FLAT,+16.0,-596.0,4.2,+6.92,1.65,SLOW,4416.18,4416.68,4412.16,4412.97,0.00,0.00,0.0,NEUTRAL,452.0,4410.06,4410.27,4409.25,4410.22,57,CLEARED_>=20s,102.0,16.0,5.0,81.0,4.9,79.4,79.4,BLOCKED_79.4%,0.00,0.0,NO,STANDBY_VEL_LOW,0,0.00,4590.00,68.56,FALSE,M5_TREND_NEUTRAL|M1_DIRECTION_MISMATCH
2026-09-07 15:07:57.535,1788793677.536,4392,115,354,4410.36,4410.44,8.0,PASS_<=10c,+14.0,UP,+30.0,-582.0,4.2,+9.86,2.35,SLOW,4416.18,4416.68,4412.16,4412.97,0.00,0.00,0.0,NEUTRAL,452.0,4410.06,4410.36,4409.25,4410.36,57,CLEARED_>=20s,111.0,30.0,0.0,81.0,0.0,73.0,73.0,BLOCKED_73.0%,0.00,0.0,NO,STANDBY_VEL_LOW,0,0.00,4590.00,68.56,FALSE,M5_TREND_NEUTRAL|M1_DIRECTION_MISMATCH
2026-09-07 15:07:58.037,1788793678.037,4393,116,355,4410.36,4410.44,8.0,PASS_<=10c,+0.0,FLAT,+30.0,-582.0,4.2,+8.81,2.10,SLOW,4416.18,4416.68,4412.16,4412.97,0.00,0.00,0.0,NEUTRAL,452.0,4410.06,4410.36,4409.25,4410.36,58,CLEARED_>=20s,111.0,30.0,0.0,81.0,0.0,73.0,73.0,BLOCKED_73.0%,0.00,0.0,NO,STANDBY_VEL_LOW,0,0.00,4590.00,68.56,FALSE,M5_TREND_NEUTRAL|M1_DIRECTION_MISMATCH
2026-09-07 15:07:58.538,1788793678.538,4394,117,356,4410.37,4410.45,8.0,PASS_<=10c,+1.0,UP,+31.0,-581.0,4.2,+5.87,1.40,SLOW,4416.18,4416.68,4412.16,4412.97,0.00,0.00,0.0,NEUTRAL,452.0,4410.06,4410.37,4409.25,4410.37,58,CLEARED_>=20s,112.0,31.0,0.0,81.0,0.0,72.3,72.3,BLOCKED_72.3%,0.00,0.0,NO,STANDBY_VEL_LOW,0,0.00,4590.00,68.56,FALSE,M5_TREND_NEUTRAL|M1_DIRECTION_MISMATCH
2026-09-07 15:07:59.041,1788793679.041,4395,118,357,4410.37,4410.45,8.0,PASS_<=10c,+0.0,FLAT,+31.0,-581.0,4.2,+5.66,1.35,SLOW,4416.18,4416.68,4412.16,4412.97,0.00,0.00,0.0,NEUTRAL,452.0,4410.06,4410.37,4409.25,4410.37,59,CLEARED_>=20s,112.0,31.0,0.0,81.0,0.0,72.3,72.3,BLOCKED_72.3%,0.00,0.0,NO,STANDBY_VEL_LOW,0,0.00,4590.00,68.56,FALSE,M5_TREND_NEUTRAL|M1_DIRECTION_MISMATCH
2026-09-07 15:07:59.542,1788793679.543,4396,119,358,4410.33,4410.41,8.0,PASS_<=10c,-4.0,DOWN,+27.0,-585.0,4.2,+4.82,1.15,SLOW,4416.18,4416.68,4412.16,4412.97,0.00,0.00,0.0,NEUTRAL,452.0,4410.06,4410.37,4409.25,4410.33,59,CLEARED_>=20s,112.0,27.0,4.0,81.0,3.6,72.3,72.3,BLOCKED_72.3%,0.00,0.0,NO,STANDBY_VEL_LOW,0,0.00,4590.00,68.56,FALSE,M5_TREND_NEUTRAL|M1_DIRECTION_MISMATCH
2026-09-07 15:08:00.043,1788793680.043,4397,1,359,4410.31,4410.39,8.0,PASS_<=10c,-2.0,DOWN,+0.0,-587.0,4.2,+2.10,0.50,SLOW,4416.18,4416.68,4412.16,4412.97,0.00,0.00,0.0,NEUTRAL,452.0,4410.31,4410.31,4410.31,4410.31,0,ACTIVE_0s,1.0,0.0,0.0,0.0,0.0,0.0,0.0,PASS_<20%,0.00,0.0,NO,STANDBY_VEL_LOW,0,0.00,4590.00,68.56,FALSE,M5_TREND_NEUTRAL|M1_DIRECTION_MISMATCH|OPENING_SHIELD_ACTIVE_0s
2026-09-07 15:08:00.544,1788793680.545,4398,2,360,4410.23,4410.31,8.0,PASS_<=10c,-8.0,DOWN,-8.0,-595.0,4.2,+0.33,0.08,SLOW,4416.18,4416.68,4412.16,4412.97,0.00,0.00,0.0,NEUTRAL,452.0,4410.31,4410.31,4410.23,4410.23,0,ACTIVE_0s,8.0,8.0,0.0,0.0,0.0,0.0,0.0,PASS_<20%,0.00,0.0,NO,STANDBY_VEL_LOW,0,0.00,4590.00,68.56,FALSE,M5_TREND_NEUTRAL|M1_DIRECTION_MISMATCH|OPENING_SHIELD_ACTIVE_0s
2026-09-07 15:08:01.046,1788793681.046,4399,3,361,4410.16,4410.24,8.0,PASS_<=10c,-7.0,DOWN,-15.0,-602.0,4.2,+2.31,0.55,SLOW,4416.18,4416.68,4412.16,4412.97,0.00,0.00,0.0,NEUTRAL,452.0,4410.31,4410.31,4410.16,4410.16,1,ACTIVE_1s,15.0,15.0,0.0,0.0,0.0,0.0,0.0,PASS_<20%,0.00,0.0,NO,STANDBY_VEL_LOW,0,0.00,4590.00,68.56,FALSE,M5_TREND_NEUTRAL|M1_DIRECTION_MISMATCH|OPENING_SHIELD_ACTIVE_1s
2026-09-07 15:08:01.547,1788793681.548,4400,4,362,4410.16,4410.24,8.0,PASS_<=10c,+0.0,FLAT,-15.0,-602.0,4.2,+1.26,0.30,SLOW,4416.18,4416.68,4412.16,4412.97,0.00,0.00,0.0,NEUTRAL,452.0,4410.31,4410.31,4410.15,4410.16,1,ACTIVE_1s,16.0,15.0,0.0,1.0,0.0,6.3,6.3,PASS_<20%,0.00,0.0,NO,STANDBY_VEL_LOW,0,0.00,4590.00,68.56,FALSE,M5_TREND_NEUTRAL|M1_DIRECTION_MISMATCH|OPENING_SHIELD_ACTIVE_1s
2026-09-07 15:08:02.049,1788793682.050,4401,5,363,4410.17,4410.25,8.0,PASS_<=10c,+1.0,UP,-14.0,-601.0,4.2,+3.78,0.90,SLOW,4416.18,4416.68,4412.16,4412.97,0.00,0.00,0.0,NEUTRAL,452.0,4410.31,4410.31,4410.15,4410.17,2,ACTIVE_2s,16.0,14.0,0.0,2.0,0.0,12.5,12.5,PASS_<20%,0.00,0.0,NO,STANDBY_VEL_LOW,0,0.00,4590.00,68.56,FALSE,M5_TREND_NEUTRAL|M1_DIRECTION_MISMATCH|OPENING_SHIELD_ACTIVE_2s
2026-09-07 15:08:02.551,1788793682.551,4402,6,364,4410.14,4410.22,8.0,PASS_<=10c,-3.0,DOWN,-17.0,-604.0,4.2,+4.62,1.10,SLOW,4416.18,4416.68,4412.16,4412.97,0.00,0.00,0.0,NEUTRAL,452.0,4410.31,4410.31,4410.14,4410.14,2,ACTIVE_2s,17.0,17.0,0.0,0.0,0.0,0.0,0.0,PASS_<20%,0.00,0.0,NO,STANDBY_VEL_LOW,0,0.00,4590.00,68.56,FALSE,M5_TREND_NEUTRAL|M1_DIRECTION_MISMATCH|OPENING_SHIELD_ACTIVE_2s
2026-09-07 15:08:03.053,1788793683.053,4403,7,365,4410.00,4410.08,8.0,PASS_<=10c,-14.0,DOWN,-31.0,-618.0,4.2,+7.76,1.85,SLOW,4416.18,4416.68,4412.16,4412.97,0.00,0.00,0.0,NEUTRAL,452.0,4410.31,4410.31,4410.00,4410.00,3,ACTIVE_3s,31.0,31.0,0.0,0.0,0.0,0.0,0.0,PASS_<20%,0.00,0.0,NO,STANDBY_VEL_LOW,0,0.00,4590.00,68.56,FALSE,M5_TREND_NEUTRAL|M1_DIRECTION_MISMATCH|OPENING_SHIELD_ACTIVE_3s
2026-09-07 15:08:03.554,1788793683.555,4404,8,366,4410.04,4410.12,8.0,PASS_<=10c,+4.0,UP,-27.0,-614.0,4.2,+6.93,1.65,SLOW,4416.18,4416.68,4412.16,4412.97,0.00,0.00,0.0,NEUTRAL,452.0,4410.31,4410.31,4410.00,4410.04,3,ACTIVE_3s,31.0,27.0,0.0,4.0,0.0,12.9,12.9,PASS_<20%,0.00,0.0,NO,STANDBY_VEL_LOW,0,0.00,4590.00,68.56,FALSE,M5_TREND_NEUTRAL|M1_DIRECTION_MISMATCH|OPENING_SHIELD_ACTIVE_3s
2026-09-07 15:08:04.057,1788793684.057,4405,9,367,4410.11,4410.19,8.0,PASS_<=10c,+7.0,UP,-20.0,-607.0,4.2,+5.45,1.30,SLOW,4416.18,4416.68,4412.16,4412.97,0.00,0.00,0.0,NEUTRAL,452.0,4410.31,4410.31,4410.00,4410.11,4,ACTIVE_4s,31.0,20.0,0.0,11.0,0.0,35.5,35.5,BLOCKED_35.5%,0.00,0.0,NO,STANDBY_VEL_LOW,0,0.00,4590.00,68.56,FALSE,M5_TREND_NEUTRAL|M1_DIRECTION_MISMATCH|OPENING_SHIELD_ACTIVE_4s
2026-09-07 15:08:04.560,1788793684.560,4406,10,368,4410.14,4410.22,8.0,PASS_<=10c,+3.0,UP,-17.0,-604.0,4.2,+3.78,0.90,SLOW,4416.18,4416.68,4412.16,4412.97,0.00,0.00,0.0,NEUTRAL,452.0,4410.31,4410.31,4410.00,4410.14,4,ACTIVE_4s,31.0,17.0,0.0,14.0,0.0,45.2,45.2,BLOCKED_45.2%,0.00,0.0,NO,STANDBY_VEL_LOW,0,0.00,4590.00,68.56,FALSE,M5_TREND_NEUTRAL|M1_DIRECTION_MISMATCH|OPENING_SHIELD_ACTIVE_4s
2026-09-07 15:08:05.061,1788793685.061,4407,11,369,4410.17,4410.25,8.0,PASS_<=10c,+3.0,UP,-14.0,-601.0,4.2,+1.26,0.30,SLOW,4416.18,4416.68,4412.16,4412.97,0.00,0.00,0.0,NEUTRAL,452.0,4410.31,4410.31,4410.00,4410.17,5,ACTIVE_5s,31.0,14.0,0.0,17.0,0.0,54.8,54.8,BLOCKED_54.8%,0.00,0.0,NO,STANDBY_VEL_LOW,0,0.00,4590.00,68.56,FALSE,M5_TREND_NEUTRAL|M1_DIRECTION_MISMATCH|OPENING_SHIELD_ACTIVE_5s
2026-09-07 15:08:05.563,1788793685.563,4408,12,370,4410.16,4410.24,8.0,PASS_<=10c,-1.0,DOWN,-15.0,-602.0,4.2,+1.47,0.35,SLOW,4416.18,4416.68,4412.16,4412.97,0.00,0.00,0.0,NEUTRAL,452.0,4410.31,4410.31,4410.00,4410.16,5,ACTIVE_5s,31.0,15.0,0.0,16.0,0.0,51.6,51.6,BLOCKED_51.6%,0.00,0.0,NO,STANDBY_VEL_LOW,0,0.00,4590.00,68.56,FALSE,M5_TREND_NEUTRAL|M1_DIRECTION_MISMATCH|OPENING_SHIELD_ACTIVE_5s
2026-09-07 15:08:06.064,1788793686.065,4409,13,371,4410.16,4410.24,8.0,PASS_<=10c,+0.0,FLAT,-15.0,-602.0,4.2,+0.47,0.11,SLOW,4416.18,4416.68,4412.16,4412.97,0.00,0.00,0.0,NEUTRAL,452.0,4410.31,4410.31,4410.00,4410.16,6,ACTIVE_6s,31.0,15.0,0.0,16.0,0.0,51.6,51.6,BLOCKED_51.6%,0.00,0.0,NO,STANDBY_VEL_LOW,0,0.00,4590.00,68.56,FALSE,M5_TREND_NEUTRAL|M1_DIRECTION_MISMATCH|OPENING_SHIELD_ACTIVE_6s
2026-09-07 15:08:06.566,1788793686.567,4410,14,372,4410.13,4410.21,8.0,PASS_<=10c,-3.0,DOWN,-18.0,-605.0,4.2,+0.63,0.15,SLOW,4416.18,4416.68,4412.16,4412.97,0.00,0.00,0.0,NEUTRAL,452.0,4410.31,4410.31,4410.00,4410.13,6,ACTIVE_6s,31.0,18.0,0.0,13.0,0.0,41.9,41.9,BLOCKED_41.9%,0.00,0.0,NO,STANDBY_VEL_LOW,0,0.00,4590.00,68.56,FALSE,M5_TREND_NEUTRAL|M1_DIRECTION_MISMATCH|OPENING_SHIELD_ACTIVE_6s
2026-09-07 15:08:07.068,1788793687.068,4411,15,373,4410.13,4410.21,8.0,PASS_<=10c,+0.0,FLAT,-18.0,-605.0,4.2,+1.05,0.25,SLOW,4416.18,4416.68,4412.16,4412.97,0.00,0.00,0.0,NEUTRAL,452.0,4410.31,4410.31,4410.00,4410.13,7,ACTIVE_7s,31.0,18.0,0.0,13.0,0.0,41.9,41.9,BLOCKED_41.9%,0.00,0.0,NO,STANDBY_VEL_LOW,0,0.00,4590.00,68.56,FALSE,M5_TREND_NEUTRAL|M1_DIRECTION_MISMATCH|OPENING_SHIELD_ACTIVE_7s
2026-09-07 15:08:07.569,1788793687.569,4412,16,374,4410.13,4410.21,8.0,PASS_<=10c,+0.0,FLAT,-18.0,-605.0,4.2,+2.31,0.55,SLOW,4416.18,4416.68,4412.16,4412.97,0.00,0.00,0.0,NEUTRAL,452.0,4410.31,4410.31,4410.00,4410.13,7,ACTIVE_7s,31.0,18.0,0.0,13.0,0.0,41.9,41.9,BLOCKED_41.9%,0.00,0.0,NO,STANDBY_VEL_LOW,0,0.00,4590.00,68.56,FALSE,M5_TREND_NEUTRAL|M1_DIRECTION_MISMATCH|OPENING_SHIELD_ACTIVE_7s
2026-09-07 15:08:08.070,1788793688.071,4413,17,375,4410.13,4410.21,8.0,PASS_<=10c,+0.0,FLAT,-18.0,-605.0,4.2,+2.52,0.60,SLOW,4416.18,4416.68,4412.16,4412.97,0.00,0.00,0.0,NEUTRAL,452.0,4410.31,4410.31,4410.00,4410.13,8,ACTIVE_8s,31.0,18.0,0.0,13.0,0.0,41.9,41.9,BLOCKED_41.9%,0.00,0.0,NO,STANDBY_VEL_LOW,0,0.00,4590.00,68.56,FALSE,M5_TREND_NEUTRAL|M1_DIRECTION_MISMATCH|OPENING_SHIELD_ACTIVE_8s
2026-09-07 15:08:08.572,1788793688.573,4414,18,376,4410.12,4410.20,8.0,PASS_<=10c,-1.0,DOWN,-19.0,-606.0,4.2,+1.68,0.40,SLOW,4416.18,4416.68,4412.16,4412.97,0.00,0.00,0.0,NEUTRAL,452.0,4410.31,4410.31,4410.00,4410.12,8,ACTIVE_8s,31.0,19.0,0.0,12.0,0.0,38.7,38.7,BLOCKED_38.7%,0.00,0.0,NO,STANDBY_VEL_LOW,0,0.00,4590.00,68.56,FALSE,M5_TREND_NEUTRAL|M1_DIRECTION_MISMATCH|OPENING_SHIELD_ACTIVE_8s
2026-09-07 15:08:09.074,1788793689.074,4415,19,377,4410.18,4410.26,8.0,PASS_<=10c,+6.0,UP,-13.0,-600.0,4.2,+0.84,0.20,SLOW,4416.18,4416.68,4412.16,4412.97,0.00,0.00,0.0,NEUTRAL,452.0,4410.31,4410.31,4410.00,4410.18,9,ACTIVE_9s,31.0,13.0,0.0,18.0,0.0,58.1,58.1,BLOCKED_58.1%,0.00,0.0,NO,STANDBY_VEL_LOW,0,0.00,4590.00,68.56,FALSE,M5_TREND_NEUTRAL|M1_DIRECTION_MISMATCH|OPENING_SHIELD_ACTIVE_9s
2026-09-07 15:08:09.575,1788793689.575,4416,20,378,4410.24,4410.32,8.0,PASS_<=10c,+6.0,UP,-7.0,-594.0,4.2,+1.89,0.45,SLOW,4416.18,4416.68,4412.16,4412.97,0.00,0.00,0.0,NEUTRAL,452.0,4410.31,4410.31,4410.00,4410.24,9,ACTIVE_9s,31.0,7.0,0.0,24.0,0.0,77.4,77.4,BLOCKED_77.4%,0.00,0.0,NO,STANDBY_VEL_LOW,0,0.00,4590.00,68.56,FALSE,M5_TREND_NEUTRAL|M1_DIRECTION_MISMATCH|OPENING_SHIELD_ACTIVE_9s
2026-09-07 15:08:10.078,1788793690.078,4417,21,379,4410.29,4410.37,8.0,PASS_<=10c,+5.0,UP,-2.0,-589.0,4.2,+2.52,0.60,SLOW,4416.18,4416.68,4412.16,4412.97,0.00,0.00,0.0,NEUTRAL,452.0,4410.31,4410.31,4410.00,4410.29,10,ACTIVE_10s,31.0,2.0,0.0,29.0,0.0,93.5,93.5,BLOCKED_93.5%,0.00,0.0,NO,STANDBY_VEL_LOW,0,0.00,4590.00,68.56,FALSE,M5_TREND_NEUTRAL|M1_DIRECTION_MISMATCH|OPENING_SHIELD_ACTIVE_10s
2026-09-07 15:08:10.578,1788793690.579,4418,22,380,4410.11,4410.19,8.0,PASS_<=10c,-18.0,DOWN,-20.0,-607.0,4.2,+1.05,0.25,SLOW,4416.18,4416.68,4412.16,4412.97,0.00,0.00,0.0,NEUTRAL,452.0,4410.31,4410.31,4410.00,4410.11,10,ACTIVE_10s,31.0,20.0,0.0,11.0,0.0,35.5,35.5,BLOCKED_35.5%,0.00,0.0,NO,STANDBY_VEL_LOW,0,0.00,4590.00,68.56,FALSE,M5_TREND_NEUTRAL|M1_DIRECTION_MISMATCH|OPENING_SHIELD_ACTIVE_10s
2026-09-07 15:08:11.080,1788793691.081,4419,23,381,4410.11,4410.19,8.0,PASS_<=10c,+0.0,FLAT,-20.0,-607.0,4.2,+1.05,0.25,SLOW,4416.18,4416.68,4412.16,4412.97,0.00,0.00,0.0,NEUTRAL,452.0,4410.31,4410.31,4410.00,4410.11,11,ACTIVE_11s,31.0,20.0,0.0,11.0,0.0,35.5,35.5,BLOCKED_35.5%,0.00,0.0,NO,STANDBY_VEL_LOW,0,0.00,4590.00,68.56,FALSE,M5_TREND_NEUTRAL|M1_DIRECTION_MISMATCH|OPENING_SHIELD_ACTIVE_11s
2026-09-07 15:08:11.582,1788793691.582,4420,24,382,4410.13,4410.21,8.0,PASS_<=10c,+2.0,UP,-18.0,-605.0,4.2,+0.58,0.14,SLOW,4416.18,4416.68,4412.16,4412.97,0.00,0.00,0.0,NEUTRAL,452.0,4410.31,4410.31,4410.00,4410.13,11,ACTIVE_11s,31.0,18.0,0.0,13.0,0.0,41.9,41.9,BLOCKED_41.9%,0.00,0.0,NO,STANDBY_VEL_LOW,0,0.00,4590.00,68.56,FALSE,M5_TREND_NEUTRAL|M1_DIRECTION_MISMATCH|OPENING_SHIELD_ACTIVE_11s
2026-09-07 15:08:12.083,1788793692.084,4421,25,383,4410.13,4410.21,8.0,PASS_<=10c,+0.0,FLAT,-18.0,-605.0,4.2,+0.58,0.14,SLOW,4416.18,4416.68,4412.16,4412.97,0.00,0.00,0.0,NEUTRAL,452.0,4410.31,4410.31,4410.00,4410.13,12,ACTIVE_12s,31.0,18.0,0.0,13.0,0.0,41.9,41.9,BLOCKED_41.9%,0.00,0.0,NO,STANDBY_VEL_LOW,0,0.00,4590.00,68.56,FALSE,M5_TREND_NEUTRAL|M1_DIRECTION_MISMATCH|OPENING_SHIELD_ACTIVE_12s
2026-09-07 15:08:12.585,1788793692.585,4422,26,384,4410.21,4410.29,8.0,PASS_<=10c,+8.0,UP,-10.0,-597.0,4.2,+1.68,0.40,SLOW,4416.18,4416.68,4412.16,4412.97,0.00,0.00,0.0,NEUTRAL,452.0,4410.31,4410.31,4410.00,4410.21,12,ACTIVE_12s,31.0,10.0,0.0,21.0,0.0,67.7,67.7,BLOCKED_67.7%,0.00,0.0,NO,STANDBY_VEL_LOW,0,0.00,4590.00,68.56,FALSE,M5_TREND_NEUTRAL|M1_DIRECTION_MISMATCH|OPENING_SHIELD_ACTIVE_12s
2026-09-07 15:08:13.086,1788793693.087,4423,27,385,4410.23,4410.31,8.0,PASS_<=10c,+2.0,UP,-8.0,-595.0,4.2,+2.31,0.55,SLOW,4416.18,4416.68,4412.16,4412.97,0.00,0.00,0.0,NEUTRAL,452.0,4410.31,4410.31,4410.00,4410.23,13,ACTIVE_13s,31.0,8.0,0.0,23.0,0.0,74.2,74.2,BLOCKED_74.2%,0.00,0.0,NO,STANDBY_VEL_LOW,0,0.00,4590.00,68.56,FALSE,M5_TREND_NEUTRAL|M1_DIRECTION_MISMATCH|OPENING_SHIELD_ACTIVE_13s
2026-09-07 15:08:13.588,1788793693.588,4424,28,386,4410.25,4410.33,8.0,PASS_<=10c,+2.0,UP,-6.0,-593.0,4.2,+2.73,0.65,SLOW,4416.18,4416.68,4412.16,4412.97,0.00,0.00,0.0,NEUTRAL,452.0,4410.31,4410.31,4410.00,4410.25,13,ACTIVE_13s,31.0,6.0,0.0,25.0,0.0,80.6,80.6,BLOCKED_80.6%,0.00,0.0,NO,STANDBY_VEL_LOW,0,0.00,4590.00,68.56,FALSE,M5_TREND_NEUTRAL|M1_DIRECTION_MISMATCH|OPENING_SHIELD_ACTIVE_13s
2026-09-07 15:08:14.089,1788793694.090,4425,29,387,4410.27,4410.35,8.0,PASS_<=10c,+2.0,UP,-4.0,-591.0,4.2,+0.63,0.15,SLOW,4416.18,4416.68,4412.16,4412.97,0.00,0.00,0.0,NEUTRAL,452.0,4410.31,4410.31,4410.00,4410.27,14,ACTIVE_14s,31.0,4.0,0.0,27.0,0.0,87.1,87.1,BLOCKED_87.1%,0.00,0.0,NO,STANDBY_VEL_LOW,0,0.00,4590.00,68.56,FALSE,M5_TREND_NEUTRAL|M1_DIRECTION_MISMATCH|OPENING_SHIELD_ACTIVE_14s
2026-09-07 15:08:14.590,1788793694.591,4426,30,388,4410.28,4410.36,8.0,PASS_<=10c,+1.0,UP,-3.0,-590.0,4.2,+0.48,0.11,SLOW,4416.18,4416.68,4412.16,4412.97,0.00,0.00,0.0,NEUTRAL,452.0,4410.31,4410.31,4410.00,4410.28,14,ACTIVE_14s,31.0,3.0,0.0,28.0,0.0,90.3,90.3,BLOCKED_90.3%,0.00,0.0,NO,STANDBY_VEL_LOW,0,0.00,4590.00,68.56,FALSE,M5_TREND_NEUTRAL|M1_DIRECTION_MISMATCH|OPENING_SHIELD_ACTIVE_14s
2026-09-07 15:08:15.092,1788793695.092,4427,31,389,4410.29,4410.37,8.0,PASS_<=10c,+1.0,UP,-2.0,-589.0,4.2,+3.36,0.80,SLOW,4416.18,4416.68,4412.16,4412.97,0.00,0.00,0.0,NEUTRAL,452.0,4410.31,4410.31,4410.00,4410.29,15,ACTIVE_15s,31.0,2.0,0.0,29.0,0.0,93.5,93.5,BLOCKED_93.5%,0.00,0.0,NO,STANDBY_VEL_LOW,0,0.00,4590.00,68.56,FALSE,M5_TREND_NEUTRAL|M1_DIRECTION_MISMATCH|OPENING_SHIELD_ACTIVE_15s
2026-09-07 15:08:15.593,1788793695.594,4428,32,390,4410.34,4410.42,8.0,PASS_<=10c,+5.0,UP,+3.0,-584.0,4.2,+4.83,1.15,SLOW,4416.18,4416.68,4412.16,4412.97,0.00,0.00,0.0,NEUTRAL,452.0,4410.31,4410.34,4410.00,4410.34,15,ACTIVE_15s,34.0,3.0,0.0,31.0,0.0,91.2,91.2,BLOCKED_91.2%,0.00,0.0,NO,STANDBY_VEL_LOW,0,0.00,4590.00,68.56,FALSE,M5_TREND_NEUTRAL|M1_DIRECTION_MISMATCH|OPENING_SHIELD_ACTIVE_15s
2026-09-07 15:08:16.094,1788793696.095,4429,33,391,4410.36,4410.44,8.0,PASS_<=10c,+2.0,UP,+5.0,-582.0,4.2,+5.04,1.20,SLOW,4416.18,4416.68,4412.16,4412.97,0.00,0.00,0.0,NEUTRAL,452.0,4410.31,4410.36,4410.00,4410.36,16,ACTIVE_16s,36.0,5.0,0.0,31.0,0.0,86.1,86.1,BLOCKED_86.1%,0.00,0.0,NO,STANDBY_VEL_LOW,0,0.00,4590.00,68.56,FALSE,M5_TREND_NEUTRAL|M1_DIRECTION_MISMATCH|OPENING_SHIELD_ACTIVE_16s
2026-09-07 15:08:16.597,1788793696.597,4430,34,392,4410.37,4410.45,8.0,PASS_<=10c,+1.0,UP,+6.0,-581.0,4.2,+5.04,1.20,SLOW,4416.18,4416.68,4412.16,4412.97,0.00,0.00,0.0,NEUTRAL,452.0,4410.31,4410.37,4410.00,4410.37,16,ACTIVE_16s,37.0,6.0,0.0,31.0,0.0,83.8,83.8,BLOCKED_83.8%,0.00,0.0,NO,STANDBY_VEL_LOW,0,0.00,4590.00,68.56,FALSE,M5_TREND_NEUTRAL|M1_DIRECTION_MISMATCH|OPENING_SHIELD_ACTIVE_16s
2026-09-07 15:08:17.098,1788793697.099,4431,35,393,4410.40,4410.48,8.0,PASS_<=10c,+3.0,UP,+9.0,-578.0,4.2,+5.88,1.40,SLOW,4416.18,4416.68,4412.16,4412.97,0.00,0.00,0.0,NEUTRAL,452.0,4410.31,4410.40,4410.00,4410.40,17,ACTIVE_17s,40.0,9.0,0.0,31.0,0.0,77.5,77.5,BLOCKED_77.5%,0.00,0.0,NO,STANDBY_VEL_LOW,0,0.00,4590.00,68.56,FALSE,M5_TREND_NEUTRAL|M1_DIRECTION_MISMATCH|OPENING_SHIELD_ACTIVE_17s
2026-09-07 15:08:17.599,1788793697.600,4432,36,394,4410.40,4410.48,8.0,PASS_<=10c,+0.0,FLAT,+9.0,-578.0,4.2,+3.15,0.75,SLOW,4416.18,4416.68,4412.16,4412.97,0.00,0.00,0.0,NEUTRAL,452.0,4410.31,4410.40,4410.00,4410.40,17,ACTIVE_17s,40.0,9.0,0.0,31.0,0.0,77.5,77.5,BLOCKED_77.5%,0.00,0.0,NO,STANDBY_VEL_LOW,0,0.00,4590.00,68.56,FALSE,M5_TREND_NEUTRAL|M1_DIRECTION_MISMATCH|OPENING_SHIELD_ACTIVE_17s
2026-09-07 15:08:18.101,1788793698.102,4433,37,395,4410.39,4410.47,8.0,PASS_<=10c,-1.0,DOWN,+8.0,-579.0,4.2,+3.36,0.80,SLOW,4416.18,4416.68,4412.16,4412.97,0.00,0.00,0.0,NEUTRAL,452.0,4410.31,4410.40,4410.00,4410.39,18,ACTIVE_18s,40.0,8.0,1.0,31.0,2.5,77.5,77.5,BLOCKED_77.5%,0.00,0.0,NO,STANDBY_VEL_LOW,0,0.00,4590.00,68.56,FALSE,M5_TREND_NEUTRAL|M1_DIRECTION_MISMATCH|OPENING_SHIELD_ACTIVE_18s
2026-09-07 15:08:18.603,1788793698.604,4434,38,396,4410.32,4410.40,8.0,PASS_<=10c,-7.0,DOWN,+1.0,-586.0,4.2,+1.05,0.25,SLOW,4416.18,4416.68,4412.16,4412.97,0.00,0.00,0.0,NEUTRAL,452.0,4410.31,4410.40,4410.00,4410.32,18,ACTIVE_18s,40.0,1.0,8.0,31.0,20.0,77.5,77.5,BLOCKED_77.5%,0.00,0.0,NO,STANDBY_VEL_LOW,0,0.00,4590.00,68.56,FALSE,M5_TREND_NEUTRAL|M1_DIRECTION_MISMATCH|OPENING_SHIELD_ACTIVE_18s
2026-09-07 15:08:19.104,1788793699.105,4435,39,397,4410.25,4410.33,8.0,PASS_<=10c,-7.0,DOWN,-6.0,-593.0,4.2,+0.42,0.10,SLOW,4416.18,4416.68,4412.16,4412.97,0.00,0.00,0.0,NEUTRAL,452.0,4410.31,4410.40,4410.00,4410.25,19,ACTIVE_19s,40.0,6.0,9.0,25.0,22.5,62.5,62.5,BLOCKED_62.5%,0.00,0.0,NO,STANDBY_VEL_LOW,0,0.00,4590.00,68.56,FALSE,M5_TREND_NEUTRAL|M1_DIRECTION_MISMATCH|OPENING_SHIELD_ACTIVE_19s
2026-09-07 15:08:19.607,1788793699.607,4436,40,398,4410.31,4410.39,8.0,PASS_<=10c,+6.0,UP,+0.0,-587.0,4.2,+0.42,0.10,SLOW,4416.18,4416.68,4412.16,4412.97,0.00,0.00,0.0,NEUTRAL,452.0,4410.31,4410.40,4410.00,4410.31,19,ACTIVE_19s,40.0,0.0,9.0,31.0,22.5,77.5,77.5,BLOCKED_77.5%,0.00,0.0,NO,STANDBY_VEL_LOW,0,0.00,4590.00,68.56,FALSE,M5_TREND_NEUTRAL|M1_DIRECTION_MISMATCH|OPENING_SHIELD_ACTIVE_19s
2026-09-07 15:08:20.108,1788793700.109,4437,41,399,4410.43,4410.51,8.0,PASS_<=10c,+12.0,UP,+12.0,-575.0,4.2,+2.31,0.55,SLOW,4416.18,4416.68,4412.16,4412.97,0.00,0.00,0.0,NEUTRAL,452.0,4410.31,4410.43,4410.00,4410.43,20,CLEARED_>=20s,43.0,12.0,0.0,31.0,0.0,72.1,72.1,BLOCKED_72.1%,0.00,0.0,NO,STANDBY_VEL_LOW,0,0.00,4590.00,68.56,FALSE,M5_TREND_NEUTRAL|M1_DIRECTION_MISMATCH
2026-09-07 15:08:20.608,1788793700.609,4438,42,400,4410.44,4410.52,8.0,PASS_<=10c,+1.0,UP,+13.0,-574.0,4.2,+1.68,0.40,SLOW,4416.18,4416.68,4412.16,4412.97,0.00,0.00,0.0,NEUTRAL,452.0,4410.31,4410.44,4410.00,4410.44,20,CLEARED_>=20s,44.0,13.0,0.0,31.0,0.0,70.5,70.5,BLOCKED_70.5%,0.00,0.0,NO,STANDBY_VEL_LOW,0,0.00,4590.00,68.56,FALSE,M5_TREND_NEUTRAL|M1_DIRECTION_MISMATCH
2026-09-07 15:08:21.110,1788793701.111,4439,43,401,4410.50,4410.58,8.0,PASS_<=10c,+6.0,UP,+19.0,-568.0,4.2,+2.94,0.70,SLOW,4416.18,4416.68,4412.16,4412.97,0.00,0.00,0.0,NEUTRAL,452.0,4410.31,4410.50,4410.00,4410.50,21,CLEARED_>=20s,50.0,19.0,0.0,31.0,0.0,62.0,62.0,BLOCKED_62.0%,0.00,0.0,NO,STANDBY_VEL_LOW,0,0.00,4590.00,68.56,FALSE,M5_TREND_NEUTRAL|M1_DIRECTION_MISMATCH
2026-09-07 15:08:21.612,1788793701.612,4440,44,402,4410.50,4410.58,8.0,PASS_<=10c,+0.0,FLAT,+19.0,-568.0,4.2,+2.10,0.50,SLOW,4416.18,4416.68,4412.16,4412.97,0.00,0.00,0.0,NEUTRAL,452.0,4410.31,4410.50,4410.00,4410.50,21,CLEARED_>=20s,50.0,19.0,0.0,31.0,0.0,62.0,62.0,BLOCKED_62.0%,0.00,0.0,NO,STANDBY_VEL_LOW,0,0.00,4590.00,68.56,FALSE,M5_TREND_NEUTRAL|M1_DIRECTION_MISMATCH
2026-09-07 15:08:22.114,1788793702.115,4441,45,403,4410.50,4410.58,8.0,PASS_<=10c,+0.0,FLAT,+19.0,-568.0,4.2,+2.10,0.50,SLOW,4416.18,4416.68,4412.16,4412.97,0.00,0.00,0.0,NEUTRAL,452.0,4410.31,4410.50,4410.00,4410.50,22,CLEARED_>=20s,50.0,19.0,0.0,31.0,0.0,62.0,62.0,BLOCKED_62.0%,0.00,0.0,NO,STANDBY_VEL_LOW,0,0.00,4590.00,68.56,FALSE,M5_TREND_NEUTRAL|M1_DIRECTION_MISMATCH
2026-09-07 15:08:22.616,1788793702.617,4442,46,404,4410.50,4410.58,8.0,PASS_<=10c,+0.0,FLAT,+19.0,-568.0,4.2,+2.31,0.55,SLOW,4416.18,4416.68,4412.16,4412.97,0.00,0.00,0.0,NEUTRAL,452.0,4410.31,4410.50,4410.00,4410.50,22,CLEARED_>=20s,50.0,19.0,0.0,31.0,0.0,62.0,62.0,BLOCKED_62.0%,0.00,0.0,NO,STANDBY_VEL_LOW,0,0.00,4590.00,68.56,FALSE,M5_TREND_NEUTRAL|M1_DIRECTION_MISMATCH
2026-09-07 15:08:23.118,1788793703.118,4443,47,405,4410.50,4410.58,8.0,PASS_<=10c,+0.0,FLAT,+19.0,-568.0,4.2,+2.10,0.50,SLOW,4416.18,4416.68,4412.16,4412.97,0.00,0.00,0.0,NEUTRAL,452.0,4410.31,4410.50,4410.00,4410.50,23,CLEARED_>=20s,50.0,19.0,0.0,31.0,0.0,62.0,62.0,BLOCKED_62.0%,0.00,0.0,NO,STANDBY_VEL_LOW,0,0.00,4590.00,68.56,FALSE,M5_TREND_NEUTRAL|M1_DIRECTION_MISMATCH
2026-09-07 15:08:23.619,1788793703.620,4444,48,406,4410.50,4410.58,8.0,PASS_<=10c,+0.0,FLAT,+19.0,-568.0,4.2,+4.83,1.15,SLOW,4416.18,4416.68,4412.16,4412.97,0.00,0.00,0.0,NEUTRAL,452.0,4410.31,4410.50,4410.00,4410.50,23,CLEARED_>=20s,50.0,19.0,0.0,31.0,0.0,62.0,62.0,BLOCKED_62.0%,0.00,0.0,NO,STANDBY_VEL_LOW,0,0.00,4590.00,68.56,FALSE,M5_TREND_NEUTRAL|M1_DIRECTION_MISMATCH
2026-09-07 15:08:24.121,1788793704.121,4445,49,407,4410.50,4410.58,8.0,PASS_<=10c,+0.0,FLAT,+19.0,-568.0,4.2,+4.41,1.05,SLOW,4416.18,4416.68,4412.16,4412.97,0.00,0.00,0.0,NEUTRAL,452.0,4410.31,4410.50,4410.00,4410.50,24,CLEARED_>=20s,50.0,19.0,0.0,31.0,0.0,62.0,62.0,BLOCKED_62.0%,0.00,0.0,NO,STANDBY_VEL_LOW,0,0.00,4590.00,68.56,FALSE,M5_TREND_NEUTRAL|M1_DIRECTION_MISMATCH
2026-09-07 15:08:24.622,1788793704.622,4446,50,408,4410.49,4410.57,8.0,PASS_<=10c,-1.0,DOWN,+18.0,-569.0,4.2,+1.89,0.45,SLOW,4416.18,4416.68,4412.16,4412.97,0.00,0.00,0.0,NEUTRAL,452.0,4410.31,4410.50,4410.00,4410.49,24,CLEARED_>=20s,50.0,18.0,1.0,31.0,2.0,62.0,62.0,BLOCKED_62.0%,0.00,0.0,NO,STANDBY_VEL_LOW,0,0.00,4590.00,68.56,FALSE,M5_TREND_NEUTRAL|M1_DIRECTION_MISMATCH
2026-09-07 15:08:25.123,1788793705.124,4447,51,409,4410.34,4410.42,8.0,PASS_<=10c,-15.0,DOWN,+3.0,-584.0,4.2,+1.89,0.45,SLOW,4416.18,4416.68,4412.16,4412.97,0.00,0.00,0.0,NEUTRAL,452.0,4410.31,4410.50,4410.00,4410.34,25,CLEARED_>=20s,50.0,3.0,16.0,31.0,32.0,62.0,62.0,BLOCKED_62.0%,0.00,0.0,NO,STANDBY_VEL_LOW,0,0.00,4590.00,68.56,FALSE,M5_TREND_NEUTRAL|M1_DIRECTION_MISMATCH
2026-09-07 15:08:25.624,1788793705.625,4448,52,410,4410.32,4410.40,8.0,PASS_<=10c,-2.0,DOWN,+1.0,-586.0,4.2,+2.52,0.60,SLOW,4416.18,4416.68,4412.16,4412.97,0.00,0.00,0.0,NEUTRAL,452.0,4410.31,4410.50,4410.00,4410.32,25,CLEARED_>=20s,50.0,1.0,18.0,31.0,36.0,62.0,62.0,BLOCKED_62.0%,0.00,0.0,NO,STANDBY_VEL_LOW,0,0.00,4590.00,68.56,FALSE,M5_TREND_NEUTRAL|M1_DIRECTION_MISMATCH
2026-09-07 15:08:26.127,1788793706.127,4449,53,411,4410.28,4410.36,8.0,PASS_<=10c,-4.0,DOWN,-3.0,-590.0,4.2,+4.62,1.10,SLOW,4416.18,4416.68,4412.16,4412.97,0.00,0.00,0.0,NEUTRAL,452.0,4410.31,4410.50,4410.00,4410.28,26,CLEARED_>=20s,50.0,3.0,19.0,28.0,38.0,56.0,56.0,BLOCKED_56.0%,0.00,0.0,NO,STANDBY_VEL_LOW,0,0.00,4590.00,68.56,FALSE,M5_TREND_NEUTRAL|M1_DIRECTION_MISMATCH
2026-09-07 15:08:26.628,1788793706.629,4450,54,412,4410.38,4410.46,8.0,PASS_<=10c,+10.0,UP,+7.0,-580.0,4.2,+2.52,0.60,SLOW,4416.18,4416.68,4412.16,4412.97,0.00,0.00,0.0,NEUTRAL,452.0,4410.31,4410.50,4410.00,4410.38,26,CLEARED_>=20s,50.0,7.0,12.0,31.0,24.0,62.0,62.0,BLOCKED_62.0%,0.00,0.0,NO,STANDBY_VEL_LOW,0,0.00,4590.00,68.56,FALSE,M5_TREND_NEUTRAL|M1_DIRECTION_MISMATCH
2026-09-07 15:08:27.129,1788793707.130,4451,55,413,4410.32,4410.40,8.0,PASS_<=10c,-6.0,DOWN,+1.0,-586.0,4.2,+3.78,0.90,SLOW,4416.18,4416.68,4412.16,4412.97,0.00,0.00,0.0,NEUTRAL,452.0,4410.31,4410.50,4410.00,4410.32,27,CLEARED_>=20s,50.0,1.0,18.0,31.0,36.0,62.0,62.0,BLOCKED_62.0%,0.00,0.0,NO,STANDBY_VEL_LOW,0,0.00,4590.00,68.56,FALSE,M5_TREND_NEUTRAL|M1_DIRECTION_MISMATCH
2026-09-07 15:08:27.632,1788793707.633,4452,56,414,4410.31,4410.39,8.0,PASS_<=10c,-1.0,DOWN,+0.0,-587.0,4.2,+3.99,0.95,SLOW,4416.18,4416.68,4412.16,4412.97,0.00,0.00,0.0,NEUTRAL,452.0,4410.31,4410.50,4410.00,4410.31,27,CLEARED_>=20s,50.0,0.0,19.0,31.0,38.0,62.0,62.0,BLOCKED_62.0%,0.00,0.0,NO,STANDBY_VEL_LOW,0,0.00,4590.00,68.56,FALSE,M5_TREND_NEUTRAL|M1_DIRECTION_MISMATCH
2026-09-07 15:08:28.133,1788793708.134,4453,57,415,4410.28,4410.36,8.0,PASS_<=10c,-3.0,DOWN,-3.0,-590.0,4.2,+4.62,1.10,SLOW,4416.18,4416.68,4412.16,4412.97,0.00,0.00,0.0,NEUTRAL,452.0,4410.31,4410.50,4410.00,4410.28,28,CLEARED_>=20s,50.0,3.0,19.0,28.0,38.0,56.0,56.0,BLOCKED_56.0%,0.00,0.0,NO,STANDBY_VEL_LOW,0,0.00,4590.00,68.56,FALSE,M5_TREND_NEUTRAL|M1_DIRECTION_MISMATCH
2026-09-07 15:08:28.635,1788793708.635,4454,58,416,4410.30,4410.38,8.0,PASS_<=10c,+2.0,UP,-1.0,-588.0,4.2,+4.20,1.00,SLOW,4416.18,4416.68,4412.16,4412.97,0.00,0.00,0.0,NEUTRAL,452.0,4410.31,4410.50,4410.00,4410.30,28,CLEARED_>=20s,50.0,1.0,19.0,30.0,38.0,60.0,60.0,BLOCKED_60.0%,0.00,0.0,NO,STANDBY_VEL_LOW,0,0.00,4590.00,68.56,FALSE,M5_TREND_NEUTRAL|M1_DIRECTION_MISMATCH
2026-09-07 15:08:29.138,1788793709.138,4455,59,417,4410.31,4410.39,8.0,PASS_<=10c,+1.0,UP,+0.0,-587.0,4.2,+3.99,0.95,SLOW,4416.18,4416.68,4412.16,4412.97,0.00,0.00,0.0,NEUTRAL,452.0,4410.31,4410.50,4410.00,4410.31,29,CLEARED_>=20s,50.0,0.0,19.0,31.0,38.0,62.0,62.0,BLOCKED_62.0%,0.00,0.0,NO,STANDBY_VEL_LOW,0,0.00,4590.00,68.56,FALSE,M5_TREND_NEUTRAL|M1_DIRECTION_MISMATCH
2026-09-07 15:08:29.639,1788793709.639,4456,60,418,4410.53,4410.61,8.0,PASS_<=10c,+22.0,UP,+22.0,-565.0,4.2,+1.35,0.32,SLOW,4416.18,4416.68,4412.16,4412.97,0.00,0.00,0.0,NEUTRAL,452.0,4410.31,4410.53,4410.00,4410.53,29,CLEARED_>=20s,53.0,22.0,0.0,31.0,0.0,58.5,58.5,BLOCKED_58.5%,0.00,0.0,NO,STANDBY_VEL_LOW,0,0.00,4590.00,68.56,FALSE,M5_TREND_NEUTRAL|M1_DIRECTION_MISMATCH
2026-09-07 15:08:30.140,1788793710.140,4457,61,419,4410.53,4410.61,8.0,PASS_<=10c,+0.0,FLAT,+22.0,-565.0,4.2,+3.99,0.95,SLOW,4416.18,4416.68,4412.16,4412.97,0.00,0.00,0.0,NEUTRAL,452.0,4410.31,4410.53,4410.00,4410.53,30,CLEARED_>=20s,53.0,22.0,0.0,31.0,0.0,58.5,58.5,BLOCKED_58.5%,0.00,0.0,NO,STANDBY_VEL_LOW,0,0.00,4590.00,68.56,FALSE,M5_TREND_NEUTRAL|M1_DIRECTION_MISMATCH
2026-09-07 15:08:30.642,1788793710.642,4458,62,420,4410.53,4410.61,8.0,PASS_<=10c,+0.0,FLAT,+22.0,-565.0,4.2,+4.41,1.05,SLOW,4416.18,4416.68,4412.16,4412.97,0.00,0.00,0.0,NEUTRAL,452.0,4410.31,4410.56,4410.00,4410.53,30,CLEARED_>=20s,56.0,22.0,3.0,31.0,5.4,55.4,55.4,BLOCKED_55.4%,0.00,0.0,NO,STANDBY_VEL_LOW,0,0.00,4590.00,68.56,FALSE,M5_TREND_NEUTRAL|M1_DIRECTION_MISMATCH
2026-09-07 15:08:31.144,1788793711.144,4459,63,421,4410.51,4410.59,8.0,PASS_<=10c,-2.0,DOWN,+20.0,-567.0,4.2,+2.31,0.55,SLOW,4416.18,4416.68,4412.16,4412.97,0.00,0.00,0.0,NEUTRAL,452.0,4410.31,4410.56,4410.00,4410.51,31,CLEARED_>=20s,56.0,20.0,5.0,31.0,8.9,55.4,55.4,BLOCKED_55.4%,0.00,0.0,NO,STANDBY_VEL_LOW,0,0.00,4590.00,68.56,FALSE,M5_TREND_NEUTRAL|M1_DIRECTION_MISMATCH
2026-09-07 15:08:31.644,1788793711.645,4460,64,422,4410.52,4410.60,8.0,PASS_<=10c,+1.0,UP,+21.0,-566.0,4.2,+3.99,0.95,SLOW,4416.18,4416.68,4412.16,4412.97,0.00,0.00,0.0,NEUTRAL,452.0,4410.31,4410.56,4410.00,4410.52,31,CLEARED_>=20s,56.0,21.0,4.0,31.0,7.1,55.4,55.4,BLOCKED_55.4%,0.00,0.0,NO,STANDBY_VEL_LOW,0,0.00,4590.00,68.56,FALSE,M5_TREND_NEUTRAL|M1_DIRECTION_MISMATCH
2026-09-07 15:08:32.147,1788793712.147,4461,65,423,4410.55,4410.63,8.0,PASS_<=10c,+3.0,UP,+24.0,-563.0,4.2,+5.25,1.25,SLOW,4416.18,4416.68,4412.16,4412.97,0.00,0.00,0.0,NEUTRAL,452.0,4410.31,4410.56,4410.00,4410.55,32,CLEARED_>=20s,56.0,24.0,1.0,31.0,1.8,55.4,55.4,BLOCKED_55.4%,0.00,0.0,NO,STANDBY_VEL_LOW,0,0.00,4590.00,68.56,FALSE,M5_TREND_NEUTRAL|M1_DIRECTION_MISMATCH
2026-09-07 15:08:32.648,1788793712.649,4462,66,424,4410.55,4410.63,8.0,PASS_<=10c,+0.0,FLAT,+24.0,-563.0,4.2,+5.25,1.25,SLOW,4416.18,4416.68,4412.16,4412.97,0.00,0.00,0.0,NEUTRAL,452.0,4410.31,4410.56,4410.00,4410.55,32,CLEARED_>=20s,56.0,24.0,1.0,31.0,1.8,55.4,55.4,BLOCKED_55.4%,0.00,0.0,NO,STANDBY_VEL_LOW,0,0.00,4590.00,68.56,FALSE,M5_TREND_NEUTRAL|M1_DIRECTION_MISMATCH
2026-09-07 15:08:33.150,1788793713.150,4463,67,425,4410.50,4410.58,8.0,PASS_<=10c,-5.0,DOWN,+19.0,-568.0,4.2,+4.62,1.10,SLOW,4416.18,4416.68,4412.16,4412.97,0.00,0.00,0.0,NEUTRAL,452.0,4410.31,4410.56,4410.00,4410.50,33,CLEARED_>=20s,56.0,19.0,6.0,31.0,10.7,55.4,55.4,BLOCKED_55.4%,0.00,0.0,NO,STANDBY_VEL_LOW,0,0.00,4590.00,68.56,FALSE,M5_TREND_NEUTRAL|M1_DIRECTION_MISMATCH
2026-09-07 15:08:33.652,1788793713.652,4464,68,426,4410.51,4410.59,8.0,PASS_<=10c,+1.0,UP,+20.0,-567.0,4.2,+4.20,1.00,SLOW,4416.18,4416.68,4412.16,4412.97,0.00,0.00,0.0,NEUTRAL,452.0,4410.31,4410.56,4410.00,4410.51,33,CLEARED_>=20s,56.0,20.0,5.0,31.0,8.9,55.4,55.4,BLOCKED_55.4%,0.00,0.0,NO,STANDBY_VEL_LOW,0,0.00,4590.00,68.56,FALSE,M5_TREND_NEUTRAL|M1_DIRECTION_MISMATCH
2026-09-07 15:08:34.154,1788793714.155,4465,69,427,4410.44,4410.52,8.0,PASS_<=10c,-7.0,DOWN,+13.0,-574.0,4.2,+1.07,0.25,SLOW,4416.18,4416.68,4412.16,4412.97,0.00,0.00,0.0,NEUTRAL,452.0,4410.31,4410.56,4410.00,4410.44,34,CLEARED_>=20s,56.0,13.0,12.0,31.0,21.4,55.4,55.4,BLOCKED_55.4%,0.00,0.0,NO,STANDBY_VEL_LOW,0,0.00,4590.00,68.56,FALSE,M5_TREND_NEUTRAL|M1_DIRECTION_MISMATCH
2026-09-07 15:08:34.655,1788793714.656,4466,70,428,4410.39,4410.47,8.0,PASS_<=10c,-5.0,DOWN,+8.0,-579.0,4.2,+2.94,0.70,SLOW,4416.18,4416.68,4412.16,4412.97,0.00,0.00,0.0,NEUTRAL,452.0,4410.31,4410.56,4410.00,4410.39,34,CLEARED_>=20s,56.0,8.0,17.0,31.0,30.4,55.4,55.4,BLOCKED_55.4%,0.00,0.0,NO,STANDBY_VEL_LOW,0,0.00,4590.00,68.56,FALSE,M5_TREND_NEUTRAL|M1_DIRECTION_MISMATCH
2026-09-07 15:08:35.157,1788793715.158,4467,71,429,4410.33,4410.41,8.0,PASS_<=10c,-6.0,DOWN,+2.0,-585.0,4.2,+4.83,1.15,SLOW,4416.18,4416.68,4412.16,4412.97,0.00,0.00,0.0,NEUTRAL,452.0,4410.31,4410.56,4410.00,4410.33,35,CLEARED_>=20s,56.0,2.0,23.0,31.0,41.1,55.4,55.4,BLOCKED_55.4%,0.00,0.0,NO,STANDBY_VEL_LOW,0,0.00,4590.00,68.56,FALSE,M5_TREND_NEUTRAL|M1_DIRECTION_MISMATCH
2026-09-07 15:08:35.659,1788793715.660,4468,72,430,4410.30,4410.38,8.0,PASS_<=10c,-3.0,DOWN,-1.0,-588.0,4.2,+4.83,1.15,SLOW,4416.18,4416.68,4412.16,4412.97,0.00,0.00,0.0,NEUTRAL,452.0,4410.31,4410.56,4410.00,4410.30,35,CLEARED_>=20s,56.0,1.0,25.0,30.0,44.6,53.6,53.6,BLOCKED_53.6%,0.00,0.0,NO,STANDBY_VEL_LOW,0,0.00,4590.00,68.56,FALSE,M5_TREND_NEUTRAL|M1_DIRECTION_MISMATCH
2026-09-07 15:08:36.161,1788793716.161,4469,73,431,4410.28,4410.36,8.0,PASS_<=10c,-2.0,DOWN,-3.0,-590.0,4.2,+4.82,1.15,SLOW,4416.18,4416.68,4412.16,4412.97,0.00,0.00,0.0,NEUTRAL,452.0,4410.31,4410.56,4410.00,4410.28,36,CLEARED_>=20s,56.0,3.0,25.0,28.0,44.6,50.0,50.0,BLOCKED_50.0%,0.00,0.0,NO,STANDBY_VEL_LOW,0,0.00,4590.00,68.56,FALSE,M5_TREND_NEUTRAL|M1_DIRECTION_MISMATCH
2026-09-07 15:08:36.662,1788793716.662,4470,74,432,4410.28,4410.36,8.0,PASS_<=10c,+0.0,FLAT,-3.0,-590.0,4.2,+5.04,1.20,SLOW,4416.18,4416.68,4412.16,4412.97,0.00,0.00,0.0,NEUTRAL,452.0,4410.31,4410.56,4410.00,4410.28,36,CLEARED_>=20s,56.0,3.0,25.0,28.0,44.6,50.0,50.0,BLOCKED_50.0%,0.00,0.0,NO,STANDBY_VEL_LOW,0,0.00,4590.00,68.56,FALSE,M5_TREND_NEUTRAL|M1_DIRECTION_MISMATCH
2026-09-07 15:08:37.163,1788793717.164,4471,75,433,4410.33,4410.41,8.0,PASS_<=10c,+5.0,UP,+2.0,-585.0,4.2,+4.62,1.10,SLOW,4416.18,4416.68,4412.16,4412.97,0.00,0.00,0.0,NEUTRAL,452.0,4410.31,4410.56,4410.00,4410.33,37,CLEARED_>=20s,56.0,2.0,23.0,31.0,41.1,55.4,55.4,BLOCKED_55.4%,0.00,0.0,NO,STANDBY_VEL_LOW,0,0.00,4590.00,68.56,FALSE,M5_TREND_NEUTRAL|M1_DIRECTION_MISMATCH
2026-09-07 15:08:37.665,1788793717.666,4472,76,434,4410.31,4410.39,8.0,PASS_<=10c,-2.0,DOWN,+0.0,-587.0,4.2,+5.04,1.20,SLOW,4416.18,4416.68,4412.16,4412.97,0.00,0.00,0.0,NEUTRAL,452.0,4410.31,4410.56,4410.00,4410.31,37,CLEARED_>=20s,56.0,0.0,25.0,31.0,44.6,55.4,55.4,BLOCKED_55.4%,0.00,0.0,NO,STANDBY_VEL_LOW,0,0.00,4590.00,68.56,FALSE,M5_TREND_NEUTRAL|M1_DIRECTION_MISMATCH
2026-09-07 15:08:38.167,1788793718.168,4473,77,435,4410.32,4410.40,8.0,PASS_<=10c,+1.0,UP,+1.0,-586.0,4.2,+3.99,0.95,SLOW,4416.18,4416.68,4412.16,4412.97,0.00,0.00,0.0,NEUTRAL,452.0,4410.31,4410.56,4410.00,4410.32,38,CLEARED_>=20s,56.0,1.0,24.0,31.0,42.9,55.4,55.4,BLOCKED_55.4%,0.00,0.0,NO,STANDBY_VEL_LOW,0,0.00,4590.00,68.56,FALSE,M5_TREND_NEUTRAL|M1_DIRECTION_MISMATCH
2026-09-07 15:08:38.668,1788793718.669,4474,78,436,4410.47,4410.55,8.0,PASS_<=10c,+15.0,UP,+16.0,-571.0,4.2,+0.84,0.20,SLOW,4416.18,4416.68,4412.16,4412.97,0.00,0.00,0.0,NEUTRAL,452.0,4410.31,4410.56,4410.00,4410.47,38,CLEARED_>=20s,56.0,16.0,9.0,31.0,16.1,55.4,55.4,BLOCKED_55.4%,0.00,0.0,NO,STANDBY_VEL_LOW,0,0.00,4590.00,68.56,FALSE,M5_TREND_NEUTRAL|M1_DIRECTION_MISMATCH
2026-09-07 15:08:39.170,1788793719.170,4475,79,437,4410.53,4410.61,8.0,PASS_<=10c,+6.0,UP,+22.0,-565.0,4.2,+1.89,0.45,SLOW,4416.18,4416.68,4412.16,4412.97,0.00,0.00,0.0,NEUTRAL,452.0,4410.31,4410.56,4410.00,4410.53,39,CLEARED_>=20s,56.0,22.0,3.0,31.0,5.4,55.4,55.4,BLOCKED_55.4%,0.00,0.0,NO,STANDBY_VEL_LOW,0,0.00,4590.00,68.56,FALSE,M5_TREND_NEUTRAL|M1_DIRECTION_MISMATCH
2026-09-07 15:08:39.672,1788793719.673,4476,80,438,4410.51,4410.59,8.0,PASS_<=10c,-2.0,DOWN,+20.0,-567.0,4.2,+2.52,0.60,SLOW,4416.18,4416.68,4412.16,4412.97,0.00,0.00,0.0,NEUTRAL,452.0,4410.31,4410.56,4410.00,4410.51,39,CLEARED_>=20s,56.0,20.0,5.0,31.0,8.9,55.4,55.4,BLOCKED_55.4%,0.00,0.0,NO,STANDBY_VEL_LOW,0,0.00,4590.00,68.56,FALSE,M5_TREND_NEUTRAL|M1_DIRECTION_MISMATCH
2026-09-07 15:08:40.173,1788793720.173,4477,81,439,4410.51,4410.59,8.0,PASS_<=10c,+0.0,FLAT,+20.0,-567.0,4.2,+4.41,1.05,SLOW,4416.18,4416.68,4412.16,4412.97,0.00,0.00,0.0,NEUTRAL,452.0,4410.31,4410.56,4410.00,4410.51,40,CLEARED_>=20s,56.0,20.0,5.0,31.0,8.9,55.4,55.4,BLOCKED_55.4%,0.00,0.0,NO,STANDBY_VEL_LOW,0,0.00,4590.00,68.56,FALSE,M5_TREND_NEUTRAL|M1_DIRECTION_MISMATCH
2026-09-07 15:08:40.674,1788793720.675,4478,82,440,4410.52,4410.60,8.0,PASS_<=10c,+1.0,UP,+21.0,-566.0,4.2,+4.62,1.10,SLOW,4416.18,4416.68,4412.16,4412.97,0.00,0.00,0.0,NEUTRAL,452.0,4410.31,4410.56,4410.00,4410.52,40,CLEARED_>=20s,56.0,21.0,4.0,31.0,7.1,55.4,55.4,BLOCKED_55.4%,0.00,0.0,NO,STANDBY_VEL_LOW,0,0.00,4590.00,68.56,FALSE,M5_TREND_NEUTRAL|M1_DIRECTION_MISMATCH
2026-09-07 15:08:41.174,1788793721.175,4479,83,441,4410.59,4410.67,8.0,PASS_<=10c,+7.0,UP,+28.0,-559.0,4.2,+6.51,1.55,SLOW,4416.18,4416.68,4412.16,4412.97,0.00,0.00,0.0,NEUTRAL,452.0,4410.31,4410.59,4410.00,4410.59,41,CLEARED_>=20s,59.0,28.0,0.0,31.0,0.0,52.5,52.5,BLOCKED_52.5%,0.00,0.0,NO,STANDBY_VEL_LOW,0,0.00,4590.00,68.56,FALSE,M5_TREND_NEUTRAL|M1_DIRECTION_MISMATCH
2026-09-07 15:08:41.675,1788793721.676,4480,84,442,4410.61,4410.69,8.0,PASS_<=10c,+2.0,UP,+30.0,-557.0,4.2,+6.93,1.65,SLOW,4416.18,4416.68,4412.16,4412.97,0.00,0.00,0.0,NEUTRAL,452.0,4410.31,4410.61,4410.00,4410.61,41,CLEARED_>=20s,61.0,30.0,0.0,31.0,0.0,50.8,50.8,BLOCKED_50.8%,0.00,0.0,NO,STANDBY_VEL_LOW,0,0.00,4590.00,68.56,FALSE,M5_TREND_NEUTRAL|M1_DIRECTION_MISMATCH
2026-09-07 15:08:42.177,1788793722.178,4481,85,443,4410.65,4410.73,8.0,PASS_<=10c,+4.0,UP,+34.0,-553.0,4.2,+6.72,1.60,SLOW,4416.18,4416.68,4412.16,4412.97,0.00,0.00,0.0,NEUTRAL,452.0,4410.31,4410.65,4410.00,4410.65,42,CLEARED_>=20s,65.0,34.0,0.0,31.0,0.0,47.7,47.7,BLOCKED_47.7%,0.00,0.0,NO,STANDBY_VEL_LOW,0,0.00,4590.00,68.56,FALSE,M5_TREND_NEUTRAL|M1_DIRECTION_MISMATCH
2026-09-07 15:08:42.679,1788793722.680,4482,86,444,4410.65,4410.73,8.0,PASS_<=10c,+0.0,FLAT,+34.0,-553.0,4.2,+7.14,1.70,SLOW,4416.18,4416.68,4412.16,4412.97,0.00,0.00,0.0,NEUTRAL,452.0,4410.31,4410.65,4410.00,4410.65,42,CLEARED_>=20s,65.0,34.0,0.0,31.0,0.0,47.7,47.7,BLOCKED_47.7%,0.00,0.0,NO,STANDBY_VEL_LOW,0,0.00,4590.00,68.56,FALSE,M5_TREND_NEUTRAL|M1_DIRECTION_MISMATCH
2026-09-07 15:08:43.181,1788793723.182,4483,87,445,4410.66,4410.74,8.0,PASS_<=10c,+1.0,UP,+35.0,-552.0,4.2,+7.14,1.70,SLOW,4416.18,4416.68,4412.16,4412.97,0.00,0.00,0.0,NEUTRAL,452.0,4410.31,4410.66,4410.00,4410.66,43,CLEARED_>=20s,66.0,35.0,0.0,31.0,0.0,47.0,47.0,BLOCKED_47.0%,0.00,0.0,NO,STANDBY_VEL_LOW,0,0.00,4590.00,68.56,FALSE,M5_TREND_NEUTRAL|M1_DIRECTION_MISMATCH
2026-09-07 15:08:43.683,1788793723.684,4484,88,446,4410.66,4410.74,8.0,PASS_<=10c,+0.0,FLAT,+35.0,-552.0,4.2,+3.57,0.85,SLOW,4416.18,4416.68,4412.16,4412.97,0.00,0.00,0.0,NEUTRAL,452.0,4410.31,4410.66,4410.00,4410.66,43,CLEARED_>=20s,66.0,35.0,0.0,31.0,0.0,47.0,47.0,BLOCKED_47.0%,0.00,0.0,NO,STANDBY_VEL_LOW,0,0.00,4590.00,68.56,FALSE,M5_TREND_NEUTRAL|M1_DIRECTION_MISMATCH
2026-09-07 15:08:44.185,1788793724.186,4485,89,447,4410.66,4410.74,8.0,PASS_<=10c,+0.0,FLAT,+35.0,-552.0,4.2,+2.73,0.65,SLOW,4416.18,4416.68,4412.16,4412.97,0.00,0.00,0.0,NEUTRAL,452.0,4410.31,4410.66,4410.00,4410.66,44,CLEARED_>=20s,66.0,35.0,0.0,31.0,0.0,47.0,47.0,BLOCKED_47.0%,0.00,0.0,NO,STANDBY_VEL_LOW,0,0.00,4590.00,68.56,FALSE,M5_TREND_NEUTRAL|M1_DIRECTION_MISMATCH
2026-09-07 15:08:44.687,1788793724.688,4486,90,448,4410.66,4410.74,8.0,PASS_<=10c,+0.0,FLAT,+35.0,-552.0,4.2,+3.15,0.75,SLOW,4416.18,4416.68,4412.16,4412.97,0.00,0.00,0.0,NEUTRAL,452.0,4410.31,4410.66,4410.00,4410.66,44,CLEARED_>=20s,66.0,35.0,0.0,31.0,0.0,47.0,47.0,BLOCKED_47.0%,0.00,0.0,NO,STANDBY_VEL_LOW,0,0.00,4590.00,68.56,FALSE,M5_TREND_NEUTRAL|M1_DIRECTION_MISMATCH
2026-09-07 15:08:45.189,1788793725.189,4487,91,449,4410.65,4410.73,8.0,PASS_<=10c,-1.0,DOWN,+34.0,-553.0,4.2,+2.94,0.70,SLOW,4416.18,4416.68,4412.16,4412.97,0.00,0.00,0.0,NEUTRAL,452.0,4410.31,4410.66,4410.00,4410.65,45,CLEARED_>=20s,66.0,34.0,1.0,31.0,1.5,47.0,47.0,BLOCKED_47.0%,0.00,0.0,NO,STANDBY_VEL_LOW,0,0.00,4590.00,68.56,FALSE,M5_TREND_NEUTRAL|M1_DIRECTION_MISMATCH
2026-09-07 15:08:45.692,1788793725.692,4488,92,450,4410.65,4410.73,8.0,PASS_<=10c,+0.0,FLAT,+34.0,-553.0,4.2,+2.73,0.65,SLOW,4416.18,4416.68,4412.16,4412.97,0.00,0.00,0.0,NEUTRAL,452.0,4410.31,4410.66,4410.00,4410.65,45,CLEARED_>=20s,66.0,34.0,1.0,31.0,1.5,47.0,47.0,BLOCKED_47.0%,0.00,0.0,NO,STANDBY_VEL_LOW,0,0.00,4590.00,68.56,FALSE,M5_TREND_NEUTRAL|M1_DIRECTION_MISMATCH
2026-09-07 15:08:46.193,1788793726.194,4489,93,451,4410.65,4410.73,8.0,PASS_<=10c,+0.0,FLAT,+34.0,-553.0,4.2,+1.26,0.30,SLOW,4416.18,4416.68,4412.16,4412.97,0.00,0.00,0.0,NEUTRAL,452.0,4410.31,4410.66,4410.00,4410.65,46,CLEARED_>=20s,66.0,34.0,1.0,31.0,1.5,47.0,47.0,BLOCKED_47.0%,0.00,0.0,NO,STANDBY_VEL_LOW,0,0.00,4590.00,68.56,FALSE,M5_TREND_NEUTRAL|M1_DIRECTION_MISMATCH
2026-09-07 15:08:46.694,1788793726.695,4490,94,452,4410.65,4410.73,8.0,PASS_<=10c,+0.0,FLAT,+34.0,-553.0,4.2,+1.28,0.30,SLOW,4416.18,4416.68,4412.16,4412.97,0.00,0.00,0.0,NEUTRAL,452.0,4410.31,4410.66,4410.00,4410.65,46,CLEARED_>=20s,66.0,34.0,1.0,31.0,1.5,47.0,47.0,BLOCKED_47.0%,0.00,0.0,NO,STANDBY_VEL_LOW,0,0.00,4590.00,68.56,FALSE,M5_TREND_NEUTRAL|M1_DIRECTION_MISMATCH
2026-09-07 15:08:47.196,1788793727.197,4491,95,453,4410.65,4410.73,8.0,PASS_<=10c,+0.0,FLAT,+34.0,-553.0,4.2,+1.33,0.32,SLOW,4416.18,4416.68,4412.16,4412.97,0.00,0.00,0.0,NEUTRAL,452.0,4410.31,4410.66,4410.00,4410.65,47,CLEARED_>=20s,66.0,34.0,1.0,31.0,1.5,47.0,47.0,BLOCKED_47.0%,0.00,0.0,NO,STANDBY_VEL_LOW,0,0.00,4590.00,68.56,FALSE,M5_TREND_NEUTRAL|M1_DIRECTION_MISMATCH
2026-09-07 15:08:47.697,1788793727.697,4492,96,454,4410.64,4410.72,8.0,PASS_<=10c,-1.0,DOWN,+33.0,-554.0,4.2,+1.25,0.30,SLOW,4416.18,4416.68,4412.16,4412.97,0.00,0.00,0.0,NEUTRAL,452.0,4410.31,4410.66,4410.00,4410.64,47,CLEARED_>=20s,66.0,33.0,2.0,31.0,3.0,47.0,47.0,BLOCKED_47.0%,0.00,0.0,NO,STANDBY_VEL_LOW,0,0.00,4590.00,68.56,FALSE,M5_TREND_NEUTRAL|M1_DIRECTION_MISMATCH
2026-09-07 15:08:48.198,1788793728.198,4493,97,455,4410.66,4410.74,8.0,PASS_<=10c,+2.0,UP,+35.0,-552.0,4.2,+1.20,0.29,SLOW,4416.18,4416.68,4412.16,4412.97,0.00,0.00,0.0,NEUTRAL,452.0,4410.31,4410.66,4410.00,4410.66,48,CLEARED_>=20s,66.0,35.0,0.0,31.0,0.0,47.0,47.0,BLOCKED_47.0%,0.00,0.0,NO,STANDBY_VEL_LOW,0,0.00,4590.00,68.56,FALSE,M5_TREND_NEUTRAL|M1_DIRECTION_MISMATCH
2026-09-07 15:08:48.699,1788793728.700,4494,98,456,4410.67,4410.75,8.0,PASS_<=10c,+1.0,UP,+36.0,-551.0,4.2,+1.55,0.37,SLOW,4416.18,4416.68,4412.16,4412.97,0.00,0.00,0.0,NEUTRAL,452.0,4410.31,4410.67,4410.00,4410.67,48,CLEARED_>=20s,67.0,36.0,0.0,31.0,0.0,46.3,46.3,BLOCKED_46.3%,0.00,0.0,NO,STANDBY_VEL_LOW,0,0.00,4590.00,68.56,FALSE,M5_TREND_NEUTRAL|M1_DIRECTION_MISMATCH
2026-09-07 15:08:49.201,1788793729.202,4495,99,457,4410.67,4410.75,8.0,PASS_<=10c,+0.0,FLAT,+36.0,-551.0,4.2,+1.50,0.36,SLOW,4416.18,4416.68,4412.16,4412.97,0.00,0.00,0.0,NEUTRAL,452.0,4410.31,4410.67,4410.00,4410.67,49,CLEARED_>=20s,67.0,36.0,0.0,31.0,0.0,46.3,46.3,BLOCKED_46.3%,0.00,0.0,NO,STANDBY_VEL_LOW,0,0.00,4590.00,68.56,FALSE,M5_TREND_NEUTRAL|M1_DIRECTION_MISMATCH
2026-09-07 15:08:49.702,1788793729.703,4496,100,458,4410.73,4410.81,8.0,PASS_<=10c,+6.0,UP,+42.0,-545.0,4.2,+1.47,0.35,SLOW,4416.18,4416.68,4412.16,4412.97,0.00,0.00,0.0,NEUTRAL,452.0,4410.31,4410.73,4410.00,4410.73,49,CLEARED_>=20s,73.0,42.0,0.0,31.0,0.0,42.5,42.5,BLOCKED_42.5%,0.00,0.0,NO,STANDBY_VEL_LOW,0,0.00,4590.00,68.56,FALSE,M5_TREND_NEUTRAL|M1_DIRECTION_MISMATCH
2026-09-07 15:08:50.204,1788793730.204,4497,101,459,4410.66,4410.74,8.0,PASS_<=10c,-7.0,DOWN,+35.0,-552.0,4.2,+1.35,0.32,SLOW,4416.18,4416.68,4412.16,4412.97,0.00,0.00,0.0,NEUTRAL,452.0,4410.31,4410.73,4410.00,4410.66,50,CLEARED_>=20s,73.0,35.0,7.0,31.0,9.6,42.5,42.5,BLOCKED_42.5%,0.00,0.0,NO,STANDBY_VEL_LOW,0,0.00,4590.00,68.56,FALSE,M5_TREND_NEUTRAL|M1_DIRECTION_MISMATCH
2026-09-07 15:08:50.705,1788793730.705,4498,102,460,4410.67,4410.75,8.0,PASS_<=10c,+1.0,UP,+36.0,-551.0,4.2,+1.35,0.32,SLOW,4416.18,4416.68,4412.16,4412.97,0.00,0.00,0.0,NEUTRAL,452.0,4410.31,4410.73,4410.00,4410.67,50,CLEARED_>=20s,73.0,36.0,6.0,31.0,8.2,42.5,42.5,BLOCKED_42.5%,0.00,0.0,NO,STANDBY_VEL_LOW,0,0.00,4590.00,68.56,FALSE,M5_TREND_NEUTRAL|M1_DIRECTION_MISMATCH
2026-09-07 15:08:51.207,1788793731.208,4499,103,461,4410.67,4410.75,8.0,PASS_<=10c,+0.0,FLAT,+36.0,-551.0,4.2,+1.37,0.33,SLOW,4416.18,4416.68,4412.16,4412.97,0.00,0.00,0.0,NEUTRAL,452.0,4410.31,4410.73,4410.00,4410.67,51,CLEARED_>=20s,73.0,36.0,6.0,31.0,8.2,42.5,42.5,BLOCKED_42.5%,0.00,0.0,NO,STANDBY_VEL_LOW,0,0.00,4590.00,68.56,FALSE,M5_TREND_NEUTRAL|M1_DIRECTION_MISMATCH
2026-09-07 15:08:51.711,1788793731.711,4500,104,462,4410.74,4410.82,8.0,PASS_<=10c,+7.0,UP,+43.0,-544.0,4.2,+1.89,0.45,SLOW,4416.18,4416.68,4412.16,4412.97,0.00,0.00,0.0,NEUTRAL,452.0,4410.31,4410.74,4410.00,4410.74,51,CLEARED_>=20s,74.0,43.0,0.0,31.0,0.0,41.9,41.9,BLOCKED_41.9%,0.00,0.0,NO,STANDBY_VEL_LOW,0,0.00,4590.00,68.56,FALSE,M5_TREND_NEUTRAL|M1_DIRECTION_MISMATCH
2026-09-07 15:08:52.209,1788793732.210,4501,105,463,4410.74,4410.82,8.0,PASS_<=10c,+0.0,FLAT,+43.0,-544.0,4.2,+2.94,0.70,SLOW,4416.18,4416.68,4412.16,4412.97,0.00,0.00,0.0,NEUTRAL,452.0,4410.31,4410.74,4410.00,4410.74,52,CLEARED_>=20s,74.0,43.0,0.0,31.0,0.0,41.9,41.9,BLOCKED_41.9%,0.00,0.0,NO,STANDBY_VEL_LOW,0,0.00,4590.00,68.56,FALSE,M5_TREND_NEUTRAL|M1_DIRECTION_MISMATCH
2026-09-07 15:08:52.711,1788793732.712,4502,106,464,4410.70,4410.78,8.0,PASS_<=10c,-4.0,DOWN,+39.0,-548.0,4.2,+1.35,0.32,SLOW,4416.18,4416.68,4412.16,4412.97,0.00,0.00,0.0,NEUTRAL,452.0,4410.31,4410.74,4410.00,4410.70,52,CLEARED_>=20s,74.0,39.0,4.0,31.0,5.4,41.9,41.9,BLOCKED_41.9%,0.00,0.0,NO,STANDBY_VEL_LOW,0,0.00,4590.00,68.56,FALSE,M5_TREND_NEUTRAL|M1_DIRECTION_MISMATCH
2026-09-07 15:08:53.214,1788793733.214,4503,107,465,4410.70,4410.78,8.0,PASS_<=10c,+0.0,FLAT,+39.0,-548.0,4.2,+1.27,0.30,SLOW,4416.18,4416.68,4412.16,4412.97,0.00,0.00,0.0,NEUTRAL,452.0,4410.31,4410.74,4410.00,4410.70,53,CLEARED_>=20s,74.0,39.0,4.0,31.0,5.4,41.9,41.9,BLOCKED_41.9%,0.00,0.0,NO,STANDBY_VEL_LOW,0,0.00,4590.00,68.56,FALSE,M5_TREND_NEUTRAL|M1_DIRECTION_MISMATCH
2026-09-07 15:08:53.715,1788793733.716,4504,108,466,4410.66,4410.74,8.0,PASS_<=10c,-4.0,DOWN,+35.0,-552.0,4.2,+0.95,0.23,SLOW,4416.18,4416.68,4412.16,4412.97,0.00,0.00,0.0,NEUTRAL,452.0,4410.31,4410.74,4410.00,4410.66,53,CLEARED_>=20s,74.0,35.0,8.0,31.0,10.8,41.9,41.9,BLOCKED_41.9%,0.00,0.0,NO,STANDBY_VEL_LOW,0,0.00,4590.00,68.56,FALSE,M5_TREND_NEUTRAL|M1_DIRECTION_MISMATCH
2026-09-07 15:08:54.217,1788793734.217,4505,109,467,4410.66,4410.74,8.0,PASS_<=10c,+0.0,FLAT,+35.0,-552.0,4.2,+0.93,0.22,SLOW,4416.18,4416.68,4412.16,4412.97,0.00,0.00,0.0,NEUTRAL,452.0,4410.31,4410.74,4410.00,4410.66,54,CLEARED_>=20s,74.0,35.0,8.0,31.0,10.8,41.9,41.9,BLOCKED_41.9%,0.00,0.0,NO,STANDBY_VEL_LOW,0,0.00,4590.00,68.56,FALSE,M5_TREND_NEUTRAL|M1_DIRECTION_MISMATCH
2026-09-07 15:08:54.719,1788793734.720,4506,110,468,4410.66,4410.74,8.0,PASS_<=10c,+0.0,FLAT,+35.0,-552.0,4.2,+1.26,0.30,SLOW,4416.18,4416.68,4412.16,4412.97,0.00,0.00,0.0,NEUTRAL,452.0,4410.31,4410.74,4410.00,4410.66,54,CLEARED_>=20s,74.0,35.0,8.0,31.0,10.8,41.9,41.9,BLOCKED_41.9%,0.00,0.0,NO,STANDBY_VEL_LOW,0,0.00,4590.00,68.56,FALSE,M5_TREND_NEUTRAL|M1_DIRECTION_MISMATCH
2026-09-07 15:08:55.222,1788793735.223,4507,111,469,4410.66,4410.74,8.0,PASS_<=10c,+0.0,FLAT,+35.0,-552.0,4.2,+0.75,0.18,SLOW,4416.18,4416.68,4412.16,4412.97,0.00,0.00,0.0,NEUTRAL,452.0,4410.31,4410.74,4410.00,4410.66,55,CLEARED_>=20s,74.0,35.0,8.0,31.0,10.8,41.9,41.9,BLOCKED_41.9%,0.00,0.0,NO,STANDBY_VEL_LOW,0,0.00,4590.00,68.56,FALSE,M5_TREND_NEUTRAL|M1_DIRECTION_MISMATCH
2026-09-07 15:08:55.725,1788793735.725,4508,112,470,4410.59,4410.67,8.0,PASS_<=10c,-7.0,DOWN,+28.0,-559.0,4.2,+1.68,0.40,SLOW,4416.18,4416.68,4412.16,4412.97,0.00,0.00,0.0,NEUTRAL,452.0,4410.31,4410.74,4410.00,4410.59,55,CLEARED_>=20s,74.0,28.0,15.0,31.0,20.3,41.9,41.9,BLOCKED_41.9%,0.00,0.0,NO,STANDBY_VEL_LOW,0,0.00,4590.00,68.56,FALSE,M5_TREND_NEUTRAL|M1_DIRECTION_MISMATCH
2026-09-07 15:08:56.227,1788793736.227,4509,113,471,4410.51,4410.59,8.0,PASS_<=10c,-8.0,DOWN,+20.0,-567.0,4.2,+3.35,0.80,SLOW,4416.18,4416.68,4412.16,4412.97,0.00,0.00,0.0,NEUTRAL,452.0,4410.31,4410.74,4410.00,4410.51,56,CLEARED_>=20s,74.0,20.0,23.0,31.0,31.1,41.9,41.9,BLOCKED_41.9%,0.00,0.0,NO,STANDBY_VEL_LOW,0,0.00,4590.00,68.56,FALSE,M5_TREND_NEUTRAL|M1_DIRECTION_MISMATCH
2026-09-07 15:08:56.728,1788793736.728,4510,114,472,4410.51,4410.59,8.0,PASS_<=10c,+0.0,FLAT,+20.0,-567.0,4.2,+4.82,1.15,SLOW,4416.18,4416.68,4412.16,4412.97,0.00,0.00,0.0,NEUTRAL,452.0,4410.31,4410.74,4410.00,4410.51,56,CLEARED_>=20s,74.0,20.0,23.0,31.0,31.1,41.9,41.9,BLOCKED_41.9%,0.00,0.0,NO,STANDBY_VEL_LOW,0,0.00,4590.00,68.56,FALSE,M5_TREND_NEUTRAL|M1_DIRECTION_MISMATCH
2026-09-07 15:08:57.229,1788793737.229,4511,115,473,4410.47,4410.55,8.0,PASS_<=10c,-4.0,DOWN,+16.0,-571.0,4.2,+5.66,1.35,SLOW,4416.18,4416.68,4412.16,4412.97,0.00,0.00,0.0,NEUTRAL,452.0,4410.31,4410.74,4410.00,4410.47,57,CLEARED_>=20s,74.0,16.0,27.0,31.0,36.5,41.9,41.9,BLOCKED_41.9%,0.00,0.0,NO,STANDBY_VEL_LOW,0,0.00,4590.00,68.56,FALSE,M5_TREND_NEUTRAL|M1_DIRECTION_MISMATCH
2026-09-07 15:08:57.730,1788793737.730,4512,116,474,4410.47,4410.55,8.0,PASS_<=10c,+0.0,FLAT,+16.0,-571.0,4.2,+4.82,1.15,SLOW,4416.18,4416.68,4412.16,4412.97,0.00,0.00,0.0,NEUTRAL,452.0,4410.31,4410.74,4410.00,4410.47,57,CLEARED_>=20s,74.0,16.0,27.0,31.0,36.5,41.9,41.9,BLOCKED_41.9%,0.00,0.0,NO,STANDBY_VEL_LOW,0,0.00,4590.00,68.56,FALSE,M5_TREND_NEUTRAL|M1_DIRECTION_MISMATCH
2026-09-07 15:08:58.231,1788793738.231,4513,117,475,4410.39,4410.47,8.0,PASS_<=10c,-8.0,DOWN,+8.0,-579.0,4.2,+5.67,1.35,SLOW,4416.18,4416.68,4412.16,4412.97,0.00,0.00,0.0,NEUTRAL,452.0,4410.31,4410.74,4410.00,4410.39,58,CLEARED_>=20s,74.0,8.0,35.0,31.0,47.3,41.9,47.3,BLOCKED_47.3%,0.00,0.0,NO,STANDBY_VEL_LOW,0,0.00,4590.00,68.56,FALSE,M5_TREND_NEUTRAL|M1_DIRECTION_MISMATCH
2026-09-07 15:08:58.732,1788793738.733,4514,118,476,4410.38,4410.46,8.0,PASS_<=10c,-1.0,DOWN,+7.0,-580.0,4.2,+5.87,1.40,SLOW,4416.18,4416.68,4412.16,4412.97,0.00,0.00,0.0,NEUTRAL,452.0,4410.31,4410.74,4410.00,4410.38,58,CLEARED_>=20s,74.0,7.0,36.0,31.0,48.6,41.9,48.6,BLOCKED_48.6%,0.00,0.0,NO,STANDBY_VEL_LOW,0,0.00,4590.00,68.56,FALSE,M5_TREND_NEUTRAL|M1_DIRECTION_MISMATCH
2026-09-07 15:08:59.233,1788793739.233,4515,119,477,4410.38,4410.46,8.0,PASS_<=10c,+0.0,FLAT,+7.0,-580.0,4.2,+5.88,1.40,SLOW,4416.18,4416.68,4412.16,4412.97,0.00,0.00,0.0,NEUTRAL,452.0,4410.31,4410.74,4410.00,4410.38,59,CLEARED_>=20s,74.0,7.0,36.0,31.0,48.6,41.9,48.6,BLOCKED_48.6%,0.00,0.0,NO,STANDBY_VEL_LOW,0,0.00,4590.00,68.56,FALSE,M5_TREND_NEUTRAL|M1_DIRECTION_MISMATCH
2026-09-07 15:08:59.735,1788793739.735,4516,120,478,4410.38,4410.46,8.0,PASS_<=10c,+0.0,FLAT,+7.0,-580.0,4.2,+5.88,1.40,SLOW,4416.18,4416.68,4412.16,4412.97,0.00,0.00,0.0,NEUTRAL,452.0,4410.31,4410.74,4410.00,4410.38,59,CLEARED_>=20s,74.0,7.0,36.0,31.0,48.6,41.9,48.6,BLOCKED_48.6%,0.00,0.0,NO,STANDBY_VEL_LOW,0,0.00,4590.00,68.56,FALSE,M5_TREND_NEUTRAL|M1_DIRECTION_MISMATCH
2026-09-07 15:09:00.237,1788793740.238,4517,1,479,4410.66,4410.74,8.0,PASS_<=10c,+28.0,UP,+0.0,-552.0,4.2,+0.72,0.17,SLOW,4416.18,4416.68,4412.16,4412.97,0.00,0.00,0.0,NEUTRAL,452.0,4410.66,4410.66,4410.66,4410.66,0,ACTIVE_0s,1.0,0.0,0.0,0.0,0.0,0.0,0.0,PASS_<20%,0.00,0.0,NO,STANDBY_VEL_LOW,0,0.00,4590.00,68.56,FALSE,M5_TREND_NEUTRAL|M1_DIRECTION_MISMATCH|OPENING_SHIELD_ACTIVE_0s
2026-09-07 15:09:00.738,1788793740.738,4518,2,480,4410.83,4410.91,8.0,PASS_<=10c,+17.0,UP,+17.0,-535.0,4.2,+6.72,1.60,SLOW,4416.18,4416.68,4412.16,4412.97,0.00,0.00,0.0,NEUTRAL,452.0,4410.66,4410.83,4410.66,4410.83,0,ACTIVE_0s,17.0,17.0,0.0,0.0,0.0,0.0,0.0,PASS_<20%,0.00,0.0,NO,STANDBY_VEL_LOW,0,0.00,4590.00,68.56,FALSE,M5_TREND_NEUTRAL|M1_DIRECTION_MISMATCH|OPENING_SHIELD_ACTIVE_0s
2026-09-07 15:09:01.239,1788793741.240,4519,3,481,4411.33,4411.41,8.0,PASS_<=10c,+50.0,UP,+67.0,-485.0,4.2,+17.22,4.10,SLOW,4416.18,4416.68,4412.16,4412.97,0.00,0.00,0.0,NEUTRAL,452.0,4410.66,4411.33,4410.66,4411.33,1,ACTIVE_1s,67.0,67.0,0.0,0.0,0.0,0.0,0.0,PASS_<20%,0.00,0.0,NO,STANDBY_VEL_LOW,0,0.00,4590.00,68.56,FALSE,M5_TREND_NEUTRAL|M1_DIRECTION_MISMATCH|OPENING_SHIELD_ACTIVE_1s
2026-09-07 15:09:01.742,1788793741.742,4520,4,482,4411.34,4411.42,8.0,PASS_<=10c,+1.0,UP,+68.0,-484.0,4.2,+17.43,4.15,SLOW,4416.18,4416.68,4412.16,4412.97,0.00,0.00,0.0,NEUTRAL,452.0,4410.66,4411.34,4410.66,4411.34,1,ACTIVE_1s,68.0,68.0,0.0,0.0,0.0,0.0,0.0,PASS_<20%,0.00,0.0,NO,STANDBY_VEL_LOW,0,0.00,4590.00,68.56,FALSE,M5_TREND_NEUTRAL|M1_DIRECTION_MISMATCH|OPENING_SHIELD_ACTIVE_1s
2026-09-07 15:09:02.243,1788793742.244,4521,5,483,4411.34,4411.42,8.0,PASS_<=10c,+0.0,FLAT,+68.0,-484.0,4.2,+18.47,4.40,SLOW,4416.18,4416.68,4412.16,4412.97,0.00,0.00,0.0,NEUTRAL,452.0,4410.66,4411.34,4410.66,4411.34,2,ACTIVE_2s,68.0,68.0,0.0,0.0,0.0,0.0,0.0,PASS_<20%,0.00,0.0,NO,STANDBY_VEL_LOW,0,0.00,4590.00,68.56,FALSE,M5_TREND_NEUTRAL|M1_DIRECTION_MISMATCH|OPENING_SHIELD_ACTIVE_2s
2026-09-07 15:09:02.746,1788793742.746,4522,6,484,4411.37,4411.45,8.0,PASS_<=10c,+3.0,UP,+71.0,-481.0,4.2,+18.89,4.50,SLOW,4416.18,4416.68,4412.16,4412.97,0.00,0.00,0.0,NEUTRAL,452.0,4410.66,4411.37,4410.66,4411.37,2,ACTIVE_2s,71.0,71.0,0.0,0.0,0.0,0.0,0.0,PASS_<20%,0.00,0.0,NO,STANDBY_VEL_LOW,0,0.00,4590.00,68.56,FALSE,M5_TREND_NEUTRAL|M1_DIRECTION_MISMATCH|OPENING_SHIELD_ACTIVE_2s
2026-09-07 15:09:03.247,1788793743.247,4523,7,485,4411.37,4411.45,8.0,PASS_<=10c,+0.0,FLAT,+71.0,-481.0,4.2,+20.57,4.90,SLOW,4416.18,4416.68,4412.16,4412.97,0.00,0.00,0.0,NEUTRAL,452.0,4410.66,4411.37,4410.66,4411.37,3,ACTIVE_3s,71.0,71.0,0.0,0.0,0.0,0.0,0.0,PASS_<20%,0.00,0.0,NO,STANDBY_VEL_LOW,0,0.00,4590.00,68.56,FALSE,M5_TREND_NEUTRAL|M1_DIRECTION_MISMATCH|OPENING_SHIELD_ACTIVE_3s
2026-09-07 15:09:03.749,1788793743.750,4524,8,486,4411.50,4411.58,8.0,PASS_<=10c,+13.0,UP,+84.0,-468.0,4.2,+23.50,5.60,SLOW,4416.18,4416.68,4412.16,4412.97,0.00,0.00,0.0,NEUTRAL,452.0,4410.66,4411.50,4410.66,4411.50,3,ACTIVE_3s,84.0,84.0,0.0,0.0,0.0,0.0,0.0,PASS_<20%,0.00,0.0,NO,STANDBY_VEL_LOW,0,0.00,4590.00,68.56,FALSE,M5_TREND_NEUTRAL|M1_DIRECTION_MISMATCH|OPENING_SHIELD_ACTIVE_3s
2026-09-07 15:09:04.251,1788793744.252,4525,9,487,4411.49,4411.57,8.0,PASS_<=10c,-1.0,DOWN,+83.0,-469.0,4.2,+23.28,5.54,SLOW,4416.18,4416.68,4412.16,4412.97,0.00,0.00,0.0,NEUTRAL,452.0,4410.66,4411.50,4410.66,4411.49,4,ACTIVE_4s,84.0,83.0,1.0,0.0,1.2,0.0,1.2,PASS_<20%,0.00,0.0,NO,STANDBY_VEL_LOW,0,0.00,4590.00,68.56,FALSE,M5_TREND_NEUTRAL|M1_DIRECTION_MISMATCH|OPENING_SHIELD_ACTIVE_4s
2026-09-07 15:09:04.753,1788793744.754,4526,10,488,4411.47,4411.55,8.0,PASS_<=10c,-2.0,DOWN,+81.0,-471.0,4.2,+22.66,5.40,SLOW,4416.18,4416.68,4412.16,4412.97,0.00,0.00,0.0,NEUTRAL,452.0,4410.66,4411.50,4410.66,4411.47,4,ACTIVE_4s,84.0,81.0,3.0,0.0,3.6,0.0,3.6,PASS_<20%,0.00,0.0,NO,STANDBY_VEL_LOW,0,0.00,4590.00,68.56,FALSE,M5_TREND_NEUTRAL|M1_DIRECTION_MISMATCH|OPENING_SHIELD_ACTIVE_4s
2026-09-07 15:09:05.259,1788793745.259,4527,11,489,4411.48,4411.56,8.0,PASS_<=10c,+1.0,UP,+82.0,-470.0,4.2,+14.68,3.50,SLOW,4416.18,4416.68,4412.16,4412.97,0.00,0.00,0.0,NEUTRAL,452.0,4410.66,4411.50,4410.66,4411.48,5,ACTIVE_5s,84.0,82.0,2.0,0.0,2.4,0.0,2.4,PASS_<20%,0.00,0.0,NO,STANDBY_VEL_LOW,0,0.00,4590.00,68.56,FALSE,M5_TREND_NEUTRAL|M1_DIRECTION_MISMATCH|OPENING_SHIELD_ACTIVE_5s
2026-09-07 15:09:05.766,1788793745.767,4528,12,490,4411.51,4411.59,8.0,PASS_<=10c,+3.0,UP,+85.0,-467.0,4.2,+14.26,3.40,SLOW,4416.18,4416.68,4412.16,4412.97,0.00,0.00,0.0,NEUTRAL,452.0,4410.66,4411.51,4410.66,4411.51,5,ACTIVE_5s,85.0,85.0,0.0,0.0,0.0,0.0,0.0,PASS_<20%,0.00,0.0,NO,STANDBY_VEL_LOW,0,0.00,4590.00,68.56,FALSE,M5_TREND_NEUTRAL|M1_DIRECTION_MISMATCH|OPENING_SHIELD_ACTIVE_5s
2026-09-07 15:09:06.258,1788793746.258,4529,13,491,4411.52,4411.60,8.0,PASS_<=10c,+1.0,UP,+86.0,-466.0,4.2,+3.78,0.90,SLOW,4416.18,4416.68,4412.16,4412.97,0.00,0.00,0.0,NEUTRAL,452.0,4410.66,4411.52,4410.66,4411.52,6,ACTIVE_6s,86.0,86.0,0.0,0.0,0.0,0.0,0.0,PASS_<20%,0.00,0.0,NO,STANDBY_VEL_LOW,0,0.00,4590.00,68.56,FALSE,M5_TREND_NEUTRAL|M1_DIRECTION_MISMATCH|OPENING_SHIELD_ACTIVE_6s
2026-09-07 15:09:06.760,1788793746.760,4530,14,492,4411.52,4411.60,8.0,PASS_<=10c,+0.0,FLAT,+86.0,-466.0,4.2,+3.78,0.90,SLOW,4416.18,4416.68,4412.16,4412.97,0.00,0.00,0.0,NEUTRAL,452.0,4410.66,4411.52,4410.66,4411.52,6,ACTIVE_6s,86.0,86.0,0.0,0.0,0.0,0.0,0.0,PASS_<20%,0.00,0.0,NO,STANDBY_VEL_LOW,0,0.00,4590.00,68.56,FALSE,M5_TREND_NEUTRAL|M1_DIRECTION_MISMATCH|OPENING_SHIELD_ACTIVE_6s
2026-09-07 15:09:07.261,1788793747.262,4531,15,493,4411.57,4411.65,8.0,PASS_<=10c,+5.0,UP,+91.0,-461.0,4.2,+4.20,1.00,SLOW,4416.18,4416.68,4412.16,4412.97,0.00,0.00,0.0,NEUTRAL,452.0,4410.66,4411.57,4410.66,4411.57,7,ACTIVE_7s,91.0,91.0,0.0,0.0,0.0,0.0,0.0,PASS_<20%,0.00,0.0,NO,STANDBY_VEL_LOW,0,0.00,4590.00,68.56,FALSE,M5_TREND_NEUTRAL|M1_DIRECTION_MISMATCH|OPENING_SHIELD_ACTIVE_7s
2026-09-07 15:09:07.763,1788793747.764,4532,16,494,4411.65,4411.73,8.0,PASS_<=10c,+8.0,UP,+99.0,-453.0,4.2,+5.88,1.40,SLOW,4416.18,4416.68,4412.16,4412.97,0.00,0.00,0.0,NEUTRAL,452.0,4410.66,4411.65,4410.66,4411.65,7,ACTIVE_7s,99.0,99.0,0.0,0.0,0.0,0.0,0.0,PASS_<20%,0.00,0.0,NO,STANDBY_VEL_LOW,0,0.00,4590.00,68.56,FALSE,M5_TREND_NEUTRAL|M1_DIRECTION_MISMATCH|OPENING_SHIELD_ACTIVE_7s
2026-09-07 15:09:08.264,1788793748.265,4533,17,495,4411.73,4411.81,8.0,PASS_<=10c,+8.0,UP,+107.0,-445.0,4.2,+5.66,1.35,SLOW,4416.18,4416.68,4412.16,4412.97,0.00,0.00,0.0,BULLISH,452.0,4410.66,4411.73,4410.66,4411.73,8,ACTIVE_8s,107.0,107.0,0.0,0.0,0.0,0.0,0.0,PASS_<20%,4410.81,92.0,NO,STANDBY_VEL_LOW,0,0.00,4590.00,68.56,FALSE,OPENING_SHIELD_ACTIVE_8s
2026-09-07 15:09:08.766,1788793748.767,4534,18,496,4411.55,4411.63,8.0,PASS_<=10c,-18.0,DOWN,+89.0,-463.0,4.2,+2.39,0.57,SLOW,4416.18,4416.68,4412.16,4412.97,0.00,0.00,0.0,NEUTRAL,452.0,4410.66,4411.73,4410.66,4411.55,8,ACTIVE_8s,107.0,89.0,18.0,0.0,16.8,0.0,16.8,PASS_<20%,0.00,0.0,NO,STANDBY_VEL_LOW,0,0.00,4590.00,68.56,FALSE,M5_TREND_NEUTRAL|M1_DIRECTION_MISMATCH|OPENING_SHIELD_ACTIVE_8s
2026-09-07 15:09:09.269,1788793749.269,4535,19,497,4411.52,4411.60,8.0,PASS_<=10c,-3.0,DOWN,+86.0,-466.0,4.2,+2.14,0.51,SLOW,4416.18,4416.68,4412.16,4412.97,0.00,0.00,0.0,NEUTRAL,452.0,4410.66,4411.73,4410.66,4411.52,9,ACTIVE_9s,107.0,86.0,21.0,0.0,19.6,0.0,19.6,PASS_<20%,0.00,0.0,NO,STANDBY_VEL_LOW,0,0.00,4590.00,68.56,FALSE,M5_TREND_NEUTRAL|M1_DIRECTION_MISMATCH|OPENING_SHIELD_ACTIVE_9s
2026-09-07 15:09:09.771,1788793749.772,4536,20,498,4411.52,4411.60,8.0,PASS_<=10c,+0.0,FLAT,+86.0,-466.0,4.2,+2.05,0.49,SLOW,4416.18,4416.68,4412.16,4412.97,0.00,0.00,0.0,NEUTRAL,452.0,4410.66,4411.73,4410.66,4411.52,9,ACTIVE_9s,107.0,86.0,21.0,0.0,19.6,0.0,19.6,PASS_<20%,0.00,0.0,NO,STANDBY_VEL_LOW,0,0.00,4590.00,68.56,FALSE,M5_TREND_NEUTRAL|M1_DIRECTION_MISMATCH|OPENING_SHIELD_ACTIVE_9s
2026-09-07 15:09:10.273,1788793750.273,4537,21,499,4411.47,4411.55,8.0,PASS_<=10c,-5.0,DOWN,+81.0,-471.0,4.2,+2.24,0.53,SLOW,4416.18,4416.68,4412.16,4412.97,0.00,0.00,0.0,NEUTRAL,452.0,4410.66,4411.73,4410.66,4411.47,10,ACTIVE_10s,107.0,81.0,26.0,0.0,24.3,0.0,24.3,BLOCKED_24.3%,0.00,0.0,NO,STANDBY_VEL_LOW,0,0.00,4590.00,68.56,FALSE,M5_TREND_NEUTRAL|M1_DIRECTION_MISMATCH|OPENING_SHIELD_ACTIVE_10s
2026-09-07 15:09:10.774,1788793750.775,4538,22,500,4411.45,4411.53,8.0,PASS_<=10c,-2.0,DOWN,+79.0,-473.0,4.2,+2.24,0.53,SLOW,4416.18,4416.68,4412.16,4412.97,0.00,0.00,0.0,NEUTRAL,452.0,4410.66,4411.73,4410.66,4411.45,10,ACTIVE_10s,107.0,79.0,28.0,0.0,26.2,0.0,26.2,BLOCKED_26.2%,0.00,0.0,NO,STANDBY_VEL_LOW,0,0.00,4590.00,68.56,FALSE,M5_TREND_NEUTRAL|M1_DIRECTION_MISMATCH|OPENING_SHIELD_ACTIVE_10s
2026-09-07 15:09:11.276,1788793751.276,4539,23,501,4411.45,4411.53,8.0,PASS_<=10c,+0.0,FLAT,+79.0,-473.0,4.2,+2.22,0.53,SLOW,4416.18,4416.68,4412.16,4412.97,0.00,0.00,0.0,NEUTRAL,452.0,4410.66,4411.73,4410.66,4411.45,11,ACTIVE_11s,107.0,79.0,28.0,0.0,26.2,0.0,26.2,BLOCKED_26.2%,0.00,0.0,NO,STANDBY_VEL_LOW,0,0.00,4590.00,68.56,FALSE,M5_TREND_NEUTRAL|M1_DIRECTION_MISMATCH|OPENING_SHIELD_ACTIVE_11s
2026-09-07 15:09:11.777,1788793751.778,4540,24,502,4411.46,4411.54,8.0,PASS_<=10c,+1.0,UP,+80.0,-472.0,4.2,+2.31,0.55,SLOW,4416.18,4416.68,4412.16,4412.97,0.00,0.00,0.0,NEUTRAL,452.0,4410.66,4411.73,4410.66,4411.46,11,ACTIVE_11s,107.0,80.0,27.0,0.0,25.2,0.0,25.2,BLOCKED_25.2%,0.00,0.0,NO,STANDBY_VEL_LOW,0,0.00,4590.00,68.56,FALSE,M5_TREND_NEUTRAL|M1_DIRECTION_MISMATCH|OPENING_SHIELD_ACTIVE_11s
2026-09-07 15:09:12.279,1788793752.279,4541,25,503,4411.38,4411.46,8.0,PASS_<=10c,-8.0,DOWN,+72.0,-480.0,4.2,+3.99,0.95,SLOW,4416.18,4416.68,4412.16,4412.97,0.00,0.00,0.0,NEUTRAL,452.0,4410.66,4411.73,4410.66,4411.38,12,ACTIVE_12s,107.0,72.0,35.0,0.0,32.7,0.0,32.7,BLOCKED_32.7%,0.00,0.0,NO,STANDBY_VEL_LOW,0,0.00,4590.00,68.56,FALSE,M5_TREND_NEUTRAL|M1_DIRECTION_MISMATCH|OPENING_SHIELD_ACTIVE_12s
2026-09-07 15:09:12.780,1788793752.781,4542,26,504,4411.44,4411.52,8.0,PASS_<=10c,+6.0,UP,+78.0,-474.0,4.2,+5.87,1.40,SLOW,4416.18,4416.68,4412.16,4412.97,0.00,0.00,0.0,NEUTRAL,452.0,4410.66,4411.73,4410.66,4411.44,12,ACTIVE_12s,107.0,78.0,29.0,0.0,27.1,0.0,27.1,BLOCKED_27.1%,0.00,0.0,NO,STANDBY_VEL_LOW,0,0.00,4590.00,68.56,FALSE,M5_TREND_NEUTRAL|M1_DIRECTION_MISMATCH|OPENING_SHIELD_ACTIVE_12s
2026-09-07 15:09:13.280,1788793753.280,4543,27,505,4411.54,4411.62,8.0,PASS_<=10c,+10.0,UP,+88.0,-464.0,4.2,+2.19,0.52,SLOW,4416.18,4416.68,4412.16,4412.97,0.00,0.00,0.0,NEUTRAL,452.0,4410.66,4411.73,4410.66,4411.54,13,ACTIVE_13s,107.0,88.0,19.0,0.0,17.8,0.0,17.8,PASS_<20%,0.00,0.0,NO,STANDBY_VEL_LOW,0,0.00,4590.00,68.56,FALSE,M5_TREND_NEUTRAL|M1_DIRECTION_MISMATCH|OPENING_SHIELD_ACTIVE_13s
2026-09-07 15:09:13.781,1788793753.782,4544,28,506,4411.51,4411.59,8.0,PASS_<=10c,-3.0,DOWN,+85.0,-467.0,4.2,+2.07,0.49,SLOW,4416.18,4416.68,4412.16,4412.97,0.00,0.00,0.0,NEUTRAL,452.0,4410.66,4411.73,4410.66,4411.51,13,ACTIVE_13s,107.0,85.0,22.0,0.0,20.6,0.0,20.6,BLOCKED_20.6%,0.00,0.0,NO,STANDBY_VEL_LOW,0,0.00,4590.00,68.56,FALSE,M5_TREND_NEUTRAL|M1_DIRECTION_MISMATCH|OPENING_SHIELD_ACTIVE_13s
2026-09-07 15:09:14.283,1788793754.284,4545,29,507,4411.52,4411.60,8.0,PASS_<=10c,+1.0,UP,+86.0,-466.0,4.2,+2.09,0.50,SLOW,4416.18,4416.68,4412.16,4412.97,0.00,0.00,0.0,NEUTRAL,452.0,4410.66,4411.73,4410.66,4411.52,14,ACTIVE_14s,107.0,86.0,21.0,0.0,19.6,0.0,19.6,PASS_<20%,0.00,0.0,NO,STANDBY_VEL_LOW,0,0.00,4590.00,68.56,FALSE,M5_TREND_NEUTRAL|M1_DIRECTION_MISMATCH|OPENING_SHIELD_ACTIVE_14s
2026-09-07 15:09:14.786,1788793754.786,4546,30,508,4411.52,4411.60,8.0,PASS_<=10c,+0.0,FLAT,+86.0,-466.0,4.2,+2.05,0.49,SLOW,4416.18,4416.68,4412.16,4412.97,0.00,0.00,0.0,NEUTRAL,452.0,4410.66,4411.73,4410.66,4411.52,14,ACTIVE_14s,107.0,86.0,21.0,0.0,19.6,0.0,19.6,PASS_<20%,0.00,0.0,NO,STANDBY_VEL_LOW,0,0.00,4590.00,68.56,FALSE,M5_TREND_NEUTRAL|M1_DIRECTION_MISMATCH|OPENING_SHIELD_ACTIVE_14s
2026-09-07 15:09:15.287,1788793755.288,4547,31,509,4411.56,4411.64,8.0,PASS_<=10c,+4.0,UP,+90.0,-462.0,4.2,+2.52,0.60,SLOW,4416.18,4416.68,4412.16,4412.97,0.00,0.00,0.0,NEUTRAL,452.0,4410.66,4411.73,4410.66,4411.56,15,ACTIVE_15s,107.0,90.0,17.0,0.0,15.9,0.0,15.9,PASS_<20%,0.00,0.0,NO,STANDBY_VEL_LOW,0,0.00,4590.00,68.56,FALSE,M5_TREND_NEUTRAL|M1_DIRECTION_MISMATCH|OPENING_SHIELD_ACTIVE_15s
2026-09-07 15:09:15.789,1788793755.789,4548,32,510,4411.60,4411.68,8.0,PASS_<=10c,+4.0,UP,+94.0,-458.0,4.2,+3.15,0.75,SLOW,4416.18,4416.68,4412.16,4412.97,0.00,0.00,0.0,NEUTRAL,452.0,4410.66,4411.73,4410.66,4411.60,15,ACTIVE_15s,107.0,94.0,13.0,0.0,12.1,0.0,12.1,PASS_<20%,0.00,0.0,NO,STANDBY_VEL_LOW,0,0.00,4590.00,68.56,FALSE,M5_TREND_NEUTRAL|M1_DIRECTION_MISMATCH|OPENING_SHIELD_ACTIVE_15s
2026-09-07 15:09:16.291,1788793756.291,4549,33,511,4411.57,4411.65,8.0,PASS_<=10c,-3.0,DOWN,+91.0,-461.0,4.2,+2.52,0.60,SLOW,4416.18,4416.68,4412.16,4412.97,0.00,0.00,0.0,NEUTRAL,452.0,4410.66,4411.73,4410.66,4411.57,16,ACTIVE_16s,107.0,91.0,16.0,0.0,15.0,0.0,15.0,PASS_<20%,0.00,0.0,NO,STANDBY_VEL_LOW,0,0.00,4590.00,68.56,FALSE,M5_TREND_NEUTRAL|M1_DIRECTION_MISMATCH|OPENING_SHIELD_ACTIVE_16s
2026-09-07 15:09:16.792,1788793756.793,4550,34,512,4411.59,4411.67,8.0,PASS_<=10c,+2.0,UP,+93.0,-459.0,4.2,+2.73,0.65,SLOW,4416.18,4416.68,4412.16,4412.97,0.00,0.00,0.0,NEUTRAL,452.0,4410.66,4411.73,4410.66,4411.59,16,ACTIVE_16s,107.0,93.0,14.0,0.0,13.1,0.0,13.1,PASS_<20%,0.00,0.0,NO,STANDBY_VEL_LOW,0,0.00,4590.00,68.56,FALSE,M5_TREND_NEUTRAL|M1_DIRECTION_MISMATCH|OPENING_SHIELD_ACTIVE_16s
2026-09-07 15:09:17.294,1788793757.294,4551,35,513,4411.60,4411.68,8.0,PASS_<=10c,+1.0,UP,+94.0,-458.0,4.2,+3.36,0.80,SLOW,4416.18,4416.68,4412.16,4412.97,0.00,0.00,0.0,NEUTRAL,452.0,4410.66,4411.73,4410.66,4411.60,17,ACTIVE_17s,107.0,94.0,13.0,0.0,12.1,0.0,12.1,PASS_<20%,0.00,0.0,NO,STANDBY_VEL_LOW,0,0.00,4590.00,68.56,FALSE,M5_TREND_NEUTRAL|M1_DIRECTION_MISMATCH|OPENING_SHIELD_ACTIVE_17s
2026-09-07 15:09:17.795,1788793757.796,4552,36,514,4411.54,4411.62,8.0,PASS_<=10c,-6.0,DOWN,+88.0,-464.0,4.2,+1.92,0.46,SLOW,4416.18,4416.68,4412.16,4412.97,0.00,0.00,0.0,NEUTRAL,452.0,4410.66,4411.73,4410.66,4411.54,17,ACTIVE_17s,107.0,88.0,19.0,0.0,17.8,0.0,17.8,PASS_<20%,0.00,0.0,NO,STANDBY_VEL_LOW,0,0.00,4590.00,68.56,FALSE,M5_TREND_NEUTRAL|M1_DIRECTION_MISMATCH|OPENING_SHIELD_ACTIVE_17s
2026-09-07 15:09:18.298,1788793758.298,4553,37,515,4411.42,4411.50,8.0,PASS_<=10c,-12.0,DOWN,+76.0,-476.0,4.2,+1.89,0.45,SLOW,4416.18,4416.68,4412.16,4412.97,0.00,0.00,0.0,NEUTRAL,452.0,4410.66,4411.73,4410.66,4411.42,18,ACTIVE_18s,107.0,76.0,31.0,0.0,29.0,0.0,29.0,BLOCKED_29.0%,0.00,0.0,NO,STANDBY_VEL_LOW,0,0.00,4590.00,68.56,FALSE,M5_TREND_NEUTRAL|M1_DIRECTION_MISMATCH|OPENING_SHIELD_ACTIVE_18s
2026-09-07 15:09:18.799,1788793758.800,4554,38,516,4411.42,4411.50,8.0,PASS_<=10c,+0.0,FLAT,+76.0,-476.0,4.2,+2.10,0.50,SLOW,4416.18,4416.68,4412.16,4412.97,0.00,0.00,0.0,NEUTRAL,452.0,4410.66,4411.73,4410.66,4411.42,18,ACTIVE_18s,107.0,76.0,31.0,0.0,29.0,0.0,29.0,BLOCKED_29.0%,0.00,0.0,NO,STANDBY_VEL_LOW,0,0.00,4590.00,68.56,FALSE,M5_TREND_NEUTRAL|M1_DIRECTION_MISMATCH|OPENING_SHIELD_ACTIVE_18s
2026-09-07 15:09:19.300,1788793759.300,4555,39,517,4411.41,4411.49,8.0,PASS_<=10c,-1.0,DOWN,+75.0,-477.0,4.2,+2.52,0.60,SLOW,4416.18,4416.68,4412.16,4412.97,0.00,0.00,0.0,NEUTRAL,452.0,4410.66,4411.73,4410.66,4411.41,19,ACTIVE_19s,107.0,75.0,32.0,0.0,29.9,0.0,29.9,BLOCKED_29.9%,0.00,0.0,NO,STANDBY_VEL_LOW,0,0.00,4590.00,68.56,FALSE,M5_TREND_NEUTRAL|M1_DIRECTION_MISMATCH|OPENING_SHIELD_ACTIVE_19s
2026-09-07 15:09:19.801,1788793759.802,4556,40,518,4411.51,4411.59,8.0,PASS_<=10c,+10.0,UP,+85.0,-467.0,4.2,+1.85,0.44,SLOW,4416.18,4416.68,4412.16,4412.97,0.00,0.00,0.0,NEUTRAL,452.0,4410.66,4411.73,4410.66,4411.51,19,ACTIVE_19s,107.0,85.0,22.0,0.0,20.6,0.0,20.6,BLOCKED_20.6%,0.00,0.0,NO,STANDBY_VEL_LOW,0,0.00,4590.00,68.56,FALSE,M5_TREND_NEUTRAL|M1_DIRECTION_MISMATCH|OPENING_SHIELD_ACTIVE_19s
2026-09-07 15:09:20.303,1788793760.303,4557,41,519,4411.52,4411.60,8.0,PASS_<=10c,+1.0,UP,+86.0,-466.0,4.2,+1.82,0.43,SLOW,4416.18,4416.68,4412.16,4412.97,0.00,0.00,0.0,NEUTRAL,452.0,4410.66,4411.73,4410.66,4411.52,20,CLEARED_>=20s,107.0,86.0,21.0,0.0,19.6,0.0,19.6,PASS_<20%,0.00,0.0,NO,STANDBY_VEL_LOW,0,0.00,4590.00,68.56,FALSE,M5_TREND_NEUTRAL|M1_DIRECTION_MISMATCH
2026-09-07 15:09:20.804,1788793760.805,4558,42,520,4411.52,4411.60,8.0,PASS_<=10c,+0.0,FLAT,+86.0,-466.0,4.2,+1.80,0.43,SLOW,4416.18,4416.68,4412.16,4412.97,0.00,0.00,0.0,NEUTRAL,452.0,4410.66,4411.73,4410.66,4411.52,20,CLEARED_>=20s,107.0,86.0,21.0,0.0,19.6,0.0,19.6,PASS_<20%,0.00,0.0,NO,STANDBY_VEL_LOW,0,0.00,4590.00,68.56,FALSE,M5_TREND_NEUTRAL|M1_DIRECTION_MISMATCH
2026-09-07 15:09:21.306,1788793761.307,4559,43,521,4411.54,4411.62,8.0,PASS_<=10c,+2.0,UP,+88.0,-464.0,4.2,+1.73,0.41,SLOW,4416.18,4416.68,4412.16,4412.97,0.00,0.00,0.0,NEUTRAL,452.0,4410.66,4411.73,4410.66,4411.54,21,CLEARED_>=20s,107.0,88.0,19.0,0.0,17.8,0.0,17.8,PASS_<20%,0.00,0.0,NO,STANDBY_VEL_LOW,0,0.00,4590.00,68.56,FALSE,M5_TREND_NEUTRAL|M1_DIRECTION_MISMATCH
2026-09-07 15:09:21.808,1788793761.808,4560,44,522,4411.53,4411.61,8.0,PASS_<=10c,-1.0,DOWN,+87.0,-465.0,4.2,+1.72,0.41,SLOW,4416.18,4416.68,4412.16,4412.97,0.00,0.00,0.0,NEUTRAL,452.0,4410.66,4411.73,4410.66,4411.53,21,CLEARED_>=20s,107.0,87.0,20.0,0.0,18.7,0.0,18.7,PASS_<20%,0.00,0.0,NO,STANDBY_VEL_LOW,0,0.00,4590.00,68.56,FALSE,M5_TREND_NEUTRAL|M1_DIRECTION_MISMATCH
2026-09-07 15:09:22.310,1788793762.311,4561,45,523,4411.53,4411.61,8.0,PASS_<=10c,+0.0,FLAT,+87.0,-465.0,4.2,+1.72,0.41,SLOW,4416.18,4416.68,4412.16,4412.97,0.00,0.00,0.0,NEUTRAL,452.0,4410.66,4411.73,4410.66,4411.53,22,CLEARED_>=20s,107.0,87.0,20.0,0.0,18.7,0.0,18.7,PASS_<20%,0.00,0.0,NO,STANDBY_VEL_LOW,0,0.00,4590.00,68.56,FALSE,M5_TREND_NEUTRAL|M1_DIRECTION_MISMATCH
2026-09-07 15:09:22.812,1788793762.813,4562,46,524,4411.41,4411.49,8.0,PASS_<=10c,-12.0,DOWN,+75.0,-477.0,4.2,+2.73,0.65,SLOW,4416.18,4416.68,4412.16,4412.97,0.00,0.00,0.0,NEUTRAL,452.0,4410.66,4411.73,4410.66,4411.41,22,CLEARED_>=20s,107.0,75.0,32.0,0.0,29.9,0.0,29.9,BLOCKED_29.9%,0.00,0.0,NO,STANDBY_VEL_LOW,0,0.00,4590.00,68.56,FALSE,M5_TREND_NEUTRAL|M1_DIRECTION_MISMATCH
2026-09-07 15:09:23.314,1788793763.315,4563,47,525,4411.38,4411.46,8.0,PASS_<=10c,-3.0,DOWN,+72.0,-480.0,4.2,+1.47,0.35,SLOW,4416.18,4416.68,4412.16,4412.97,0.00,0.00,0.0,NEUTRAL,452.0,4410.66,4411.73,4410.66,4411.38,23,CLEARED_>=20s,107.0,72.0,35.0,0.0,32.7,0.0,32.7,BLOCKED_32.7%,0.00,0.0,NO,STANDBY_VEL_LOW,0,0.00,4590.00,68.56,FALSE,M5_TREND_NEUTRAL|M1_DIRECTION_MISMATCH
2026-09-07 15:09:23.816,1788793763.817,4564,48,526,4411.36,4411.44,8.0,PASS_<=10c,-2.0,DOWN,+70.0,-482.0,4.2,+1.43,0.34,SLOW,4416.18,4416.68,4412.16,4412.97,0.00,0.00,0.0,NEUTRAL,452.0,4410.66,4411.73,4410.66,4411.36,23,CLEARED_>=20s,107.0,70.0,37.0,0.0,34.6,0.0,34.6,BLOCKED_34.6%,0.00,0.0,NO,STANDBY_VEL_LOW,0,0.00,4590.00,68.56,FALSE,M5_TREND_NEUTRAL|M1_DIRECTION_MISMATCH
2026-09-07 15:09:24.319,1788793764.319,4565,49,527,4411.45,4411.53,8.0,PASS_<=10c,+9.0,UP,+79.0,-473.0,4.2,+1.58,0.38,SLOW,4416.18,4416.68,4412.16,4412.97,0.00,0.00,0.0,NEUTRAL,452.0,4410.66,4411.73,4410.66,4411.45,24,CLEARED_>=20s,107.0,79.0,28.0,0.0,26.2,0.0,26.2,BLOCKED_26.2%,0.00,0.0,NO,STANDBY_VEL_LOW,0,0.00,4590.00,68.56,FALSE,M5_TREND_NEUTRAL|M1_DIRECTION_MISMATCH
2026-09-07 15:09:24.819,1788793764.820,4566,50,528,4411.56,4411.64,8.0,PASS_<=10c,+11.0,UP,+90.0,-462.0,4.2,+1.78,0.42,SLOW,4416.18,4416.68,4412.16,4412.97,0.00,0.00,0.0,NEUTRAL,452.0,4410.66,4411.73,4410.66,4411.56,24,CLEARED_>=20s,107.0,90.0,17.0,0.0,15.9,0.0,15.9,PASS_<20%,0.00,0.0,NO,STANDBY_VEL_LOW,0,0.00,4590.00,68.56,FALSE,M5_TREND_NEUTRAL|M1_DIRECTION_MISMATCH
2026-09-07 15:09:25.321,1788793765.322,4567,51,529,4411.63,4411.71,8.0,PASS_<=10c,+7.0,UP,+97.0,-455.0,4.2,+2.31,0.55,SLOW,4416.18,4416.68,4412.16,4412.97,0.00,0.00,0.0,NEUTRAL,452.0,4410.66,4411.73,4410.66,4411.63,25,CLEARED_>=20s,107.0,97.0,10.0,0.0,9.3,0.0,9.3,PASS_<20%,0.00,0.0,NO,STANDBY_VEL_LOW,0,0.00,4590.00,68.56,FALSE,M5_TREND_NEUTRAL|M1_DIRECTION_MISMATCH
2026-09-07 15:09:25.823,1788793765.824,4568,52,530,4411.63,4411.71,8.0,PASS_<=10c,+0.0,FLAT,+97.0,-455.0,4.2,+2.19,0.52,SLOW,4416.18,4416.68,4412.16,4412.97,0.00,0.00,0.0,NEUTRAL,452.0,4410.66,4411.73,4410.66,4411.63,25,CLEARED_>=20s,107.0,97.0,10.0,0.0,9.3,0.0,9.3,PASS_<20%,0.00,0.0,NO,STANDBY_VEL_LOW,0,0.00,4590.00,68.56,FALSE,M5_TREND_NEUTRAL|M1_DIRECTION_MISMATCH
2026-09-07 15:09:26.326,1788793766.326,4569,53,531,4411.69,4411.77,8.0,PASS_<=10c,+6.0,UP,+103.0,-449.0,4.2,+3.36,0.80,SLOW,4416.18,4416.68,4412.16,4412.97,0.00,0.00,0.0,NEUTRAL,452.0,4410.66,4411.73,4410.66,4411.69,26,CLEARED_>=20s,107.0,103.0,4.0,0.0,3.7,0.0,3.7,PASS_<20%,0.00,0.0,NO,STANDBY_VEL_LOW,0,0.00,4590.00,68.56,FALSE,M5_TREND_NEUTRAL|M1_DIRECTION_MISMATCH
2026-09-07 15:09:26.829,1788793766.829,4570,54,532,4411.69,4411.77,8.0,PASS_<=10c,+0.0,FLAT,+103.0,-449.0,4.2,+3.36,0.80,SLOW,4416.18,4416.68,4412.16,4412.97,0.00,0.00,0.0,NEUTRAL,452.0,4410.66,4411.73,4410.66,4411.69,26,CLEARED_>=20s,107.0,103.0,4.0,0.0,3.7,0.0,3.7,PASS_<20%,0.00,0.0,NO,STANDBY_VEL_LOW,0,0.00,4590.00,68.56,FALSE,M5_TREND_NEUTRAL|M1_DIRECTION_MISMATCH
2026-09-07 15:09:27.329,1788793767.330,4571,55,533,4411.73,4411.81,8.0,PASS_<=10c,+4.0,UP,+107.0,-445.0,4.2,+6.50,1.55,SLOW,4416.18,4416.68,4412.16,4412.97,0.00,0.00,0.0,BULLISH,452.0,4410.66,4411.73,4410.66,4411.73,27,CLEARED_>=20s,107.0,107.0,0.0,0.0,0.0,0.0,0.0,PASS_<20%,4410.81,92.0,YES,STANDBY_VEL_LOW,0,0.00,4590.00,68.56,TRUE,READY_TO_FIRE
2026-09-07 15:09:32.137,1788793772.137,4572,56,534,4412.00,4412.08,8.0,PASS_<=10c,+27.0,UP,+134.0,-418.0,3.7,+5.62,1.52,SLOW,4416.18,4416.68,4412.16,4412.97,0.00,0.00,0.0,BULLISH,452.0,4410.66,4412.00,4410.66,4412.00,32,CLEARED_>=20s,134.0,134.0,0.0,0.0,0.0,0.0,0.0,PASS_<20%,4410.81,119.0,YES,STANDBY_VEL_LOW,1,4411.81,178.19,68.56,TRUE,READY_TO_FIRE
2026-09-07 15:09:32.638,1788793772.638,4573,57,535,4412.03,4412.11,8.0,PASS_<=10c,+3.0,UP,+137.0,-415.0,4.0,+3.00,0.75,SLOW,4416.18,4416.68,4412.16,4412.97,0.00,0.00,0.0,BULLISH,452.0,4410.66,4412.03,4410.66,4412.03,32,CLEARED_>=20s,137.0,137.0,0.0,0.0,0.0,0.0,0.0,PASS_<20%,4410.81,122.0,YES,STANDBY_VEL_LOW,1,4411.81,178.19,68.56,TRUE,READY_TO_FIRE
2026-09-07 15:09:33.139,1788793773.140,4574,58,536,4412.00,4412.08,8.0,PASS_<=10c,-3.0,DOWN,+134.0,-418.0,4.8,+2.50,0.52,SLOW,4416.18,4416.68,4412.16,4412.97,0.00,0.00,0.0,BULLISH,452.0,4410.66,4412.03,4410.66,4412.00,33,CLEARED_>=20s,137.0,134.0,3.0,0.0,2.2,0.0,2.2,PASS_<20%,4410.81,119.0,YES,STANDBY_VEL_LOW,1,4411.81,178.19,68.56,TRUE,READY_TO_FIRE
2026-09-07 15:09:33.643,1788793773.643,4575,59,537,4412.00,4412.08,8.0,PASS_<=10c,+0.0,FLAT,+134.0,-418.0,4.6,+2.48,0.54,SLOW,4416.18,4416.68,4412.16,4412.97,0.00,0.00,0.0,BULLISH,452.0,4410.66,4412.03,4410.66,4412.00,33,CLEARED_>=20s,137.0,134.0,3.0,0.0,2.2,0.0,2.2,PASS_<20%,4410.81,119.0,YES,STANDBY_VEL_LOW,1,4411.81,178.19,68.56,TRUE,READY_TO_FIRE
2026-09-07 15:09:34.143,1788793774.143,4576,60,538,4411.99,4412.07,8.0,PASS_<=10c,-1.0,DOWN,+133.0,-419.0,4.4,+2.58,0.59,SLOW,4416.18,4416.68,4412.16,4412.97,0.00,0.00,0.0,BULLISH,452.0,4410.66,4412.03,4410.66,4411.99,34,CLEARED_>=20s,137.0,133.0,4.0,0.0,2.9,0.0,2.9,PASS_<20%,4410.81,118.0,YES,STANDBY_VEL_LOW,1,4411.81,178.19,68.56,TRUE,READY_TO_FIRE
2026-09-07 15:09:34.645,1788793774.645,4577,61,539,4411.99,4412.07,8.0,PASS_<=10c,+0.0,FLAT,+133.0,-419.0,4.4,+2.67,0.61,SLOW,4416.18,4416.68,4412.16,4412.97,0.00,0.00,0.0,BULLISH,452.0,4410.66,4412.03,4410.66,4411.99,34,CLEARED_>=20s,137.0,133.0,4.0,0.0,2.9,0.0,2.9,PASS_<20%,4410.81,118.0,YES,STANDBY_VEL_LOW,1,4411.81,178.19,68.56,TRUE,READY_TO_FIRE
2026-09-07 15:09:35.146,1788793775.147,4578,62,540,4411.99,4412.07,8.0,PASS_<=10c,+0.0,FLAT,+133.0,-419.0,4.3,+2.77,0.64,SLOW,4416.18,4416.68,4412.16,4412.97,0.00,0.00,0.0,BULLISH,452.0,4410.66,4412.03,4410.66,4411.99,35,CLEARED_>=20s,137.0,133.0,4.0,0.0,2.9,0.0,2.9,PASS_<20%,4410.81,118.0,YES,STANDBY_VEL_LOW,1,4411.81,178.19,68.56,TRUE,READY_TO_FIRE
2026-09-07 15:09:35.648,1788793775.649,4579,63,541,4412.03,4412.11,8.0,PASS_<=10c,+4.0,UP,+137.0,-415.0,4.3,+2.88,0.67,SLOW,4416.18,4416.68,4412.16,4412.97,0.00,0.00,0.0,BULLISH,452.0,4410.66,4412.03,4410.66,4412.03,35,CLEARED_>=20s,137.0,137.0,0.0,0.0,0.0,0.0,0.0,PASS_<20%,4410.81,122.0,YES,STANDBY_VEL_LOW,1,4411.81,178.19,68.56,TRUE,READY_TO_FIRE
2026-09-07 15:09:36.149,1788793776.150,4580,64,542,4412.03,4412.11,8.0,PASS_<=10c,+0.0,FLAT,+137.0,-415.0,4.2,+2.92,0.70,SLOW,4416.18,4416.68,4412.16,4412.97,0.00,0.00,0.0,BULLISH,452.0,4410.66,4412.03,4410.66,4412.03,36,CLEARED_>=20s,137.0,137.0,0.0,0.0,0.0,0.0,0.0,PASS_<20%,4410.81,122.0,YES,STANDBY_VEL_LOW,1,4411.81,178.19,68.56,TRUE,READY_TO_FIRE
2026-09-07 15:09:36.651,1788793776.652,4581,65,543,4412.03,4412.11,8.0,PASS_<=10c,+0.0,FLAT,+137.0,-415.0,4.2,+2.92,0.70,SLOW,4416.18,4416.68,4412.16,4412.97,0.00,0.00,0.0,BULLISH,452.0,4410.66,4412.03,4410.66,4412.03,36,CLEARED_>=20s,137.0,137.0,0.0,0.0,0.0,0.0,0.0,PASS_<20%,4410.81,122.0,YES,STANDBY_VEL_LOW,1,4411.81,178.19,68.56,TRUE,READY_TO_FIRE
2026-09-07 15:09:37.152,1788793777.153,4582,66,544,4412.03,4412.11,8.0,PASS_<=10c,+0.0,FLAT,+137.0,-415.0,4.2,+2.83,0.67,SLOW,4416.18,4416.68,4412.16,4412.97,0.00,0.00,0.0,BULLISH,452.0,4410.66,4412.03,4410.66,4412.03,37,CLEARED_>=20s,137.0,137.0,0.0,0.0,0.0,0.0,0.0,PASS_<20%,4410.81,122.0,YES,STANDBY_VEL_LOW,1,4411.81,178.19,68.56,TRUE,READY_TO_FIRE
2026-09-07 15:09:37.655,1788793777.655,4583,67,545,4412.04,4412.12,8.0,PASS_<=10c,+1.0,UP,+138.0,-414.0,4.2,+2.88,0.69,SLOW,4416.18,4416.68,4412.16,4412.97,0.00,0.00,0.0,BULLISH,452.0,4410.66,4412.04,4410.66,4412.04,37,CLEARED_>=20s,138.0,138.0,0.0,0.0,0.0,0.0,0.0,PASS_<20%,4410.81,123.0,YES,STANDBY_VEL_LOW,1,4411.81,178.19,68.56,TRUE,READY_TO_FIRE
2026-09-07 15:09:38.156,1788793778.157,4584,68,546,4412.04,4412.12,8.0,PASS_<=10c,+0.0,FLAT,+138.0,-414.0,4.2,+2.87,0.68,SLOW,4416.18,4416.68,4412.16,4412.97,0.00,0.00,0.0,BULLISH,452.0,4410.66,4412.04,4410.66,4412.04,38,CLEARED_>=20s,138.0,138.0,0.0,0.0,0.0,0.0,0.0,PASS_<20%,4410.81,123.0,YES,STANDBY_VEL_LOW,1,4411.81,178.19,68.56,TRUE,READY_TO_FIRE
2026-09-07 15:09:38.658,1788793778.658,4585,69,547,4412.18,4412.26,8.0,PASS_<=10c,+14.0,UP,+152.0,-400.0,4.2,+3.99,0.95,SLOW,4416.18,4416.68,4412.16,4412.97,0.00,0.00,0.0,BULLISH,452.0,4410.66,4412.18,4410.66,4412.18,38,CLEARED_>=20s,152.0,152.0,0.0,0.0,0.0,0.0,0.0,PASS_<20%,4410.81,137.0,YES,STANDBY_VEL_LOW,1,4411.81,178.19,68.56,TRUE,READY_TO_FIRE
2026-09-07 15:09:39.159,1788793779.160,4586,70,548,4412.18,4412.26,8.0,PASS_<=10c,+0.0,FLAT,+152.0,-400.0,4.2,+3.99,0.95,SLOW,4416.18,4416.68,4412.16,4412.97,0.00,0.00,0.0,BULLISH,452.0,4410.66,4412.18,4410.66,4412.18,39,CLEARED_>=20s,152.0,152.0,0.0,0.0,0.0,0.0,0.0,PASS_<20%,4410.81,137.0,YES,STANDBY_VEL_LOW,1,4411.81,178.19,68.56,TRUE,READY_TO_FIRE
2026-09-07 15:09:39.661,1788793779.662,4587,71,549,4412.20,4412.28,8.0,PASS_<=10c,+2.0,UP,+154.0,-398.0,4.2,+4.41,1.05,SLOW,4416.18,4416.68,4412.16,4412.97,0.00,0.00,0.0,BULLISH,452.0,4410.66,4412.20,4410.66,4412.20,39,CLEARED_>=20s,154.0,154.0,0.0,0.0,0.0,0.0,0.0,PASS_<20%,4410.81,139.0,YES,STANDBY_VEL_LOW,1,4411.81,178.19,68.56,TRUE,READY_TO_FIRE
2026-09-07 15:09:40.163,1788793780.163,4588,72,550,4412.20,4412.28,8.0,PASS_<=10c,+0.0,FLAT,+154.0,-398.0,4.2,+3.57,0.85,SLOW,4416.18,4416.68,4412.16,4412.97,0.00,0.00,0.0,BULLISH,452.0,4410.66,4412.20,4410.66,4412.20,40,CLEARED_>=20s,154.0,154.0,0.0,0.0,0.0,0.0,0.0,PASS_<20%,4410.81,139.0,YES,STANDBY_VEL_LOW,1,4411.81,178.19,68.56,TRUE,READY_TO_FIRE
2026-09-07 15:09:40.663,1788793780.664,4589,73,551,4412.20,4412.28,8.0,PASS_<=10c,+0.0,FLAT,+154.0,-398.0,4.2,+3.57,0.85,SLOW,4416.18,4416.68,4412.16,4412.97,0.00,0.00,0.0,BULLISH,452.0,4410.66,4412.20,4410.66,4412.20,40,CLEARED_>=20s,154.0,154.0,0.0,0.0,0.0,0.0,0.0,PASS_<20%,4410.81,139.0,YES,STANDBY_VEL_LOW,1,4411.81,178.19,68.56,TRUE,READY_TO_FIRE
2026-09-07 15:09:41.165,1788793781.166,4590,74,552,4412.19,4412.27,8.0,PASS_<=10c,-1.0,DOWN,+153.0,-399.0,4.2,+3.36,0.80,SLOW,4416.18,4416.68,4412.16,4412.97,0.00,0.00,0.0,BULLISH,452.0,4410.66,4412.20,4410.66,4412.19,41,CLEARED_>=20s,154.0,153.0,1.0,0.0,0.6,0.0,0.6,PASS_<20%,4410.81,138.0,YES,STANDBY_VEL_LOW,1,4411.81,178.19,68.56,TRUE,READY_TO_FIRE
2026-09-07 15:09:41.667,1788793781.668,4591,75,553,4412.16,4412.24,8.0,PASS_<=10c,-3.0,DOWN,+150.0,-402.0,4.2,+2.73,0.65,SLOW,4416.18,4416.68,4412.16,4412.97,0.00,0.00,0.0,BULLISH,452.0,4410.66,4412.20,4410.66,4412.16,41,CLEARED_>=20s,154.0,150.0,4.0,0.0,2.6,0.0,2.6,PASS_<20%,4410.81,135.0,YES,STANDBY_VEL_LOW,1,4411.81,178.19,68.56,TRUE,READY_TO_FIRE
2026-09-07 15:09:42.169,1788793782.170,4592,76,554,4412.16,4412.24,8.0,PASS_<=10c,+0.0,FLAT,+150.0,-402.0,4.2,+2.52,0.60,SLOW,4416.18,4416.68,4412.16,4412.97,0.00,0.00,0.0,BULLISH,452.0,4410.66,4412.20,4410.66,4412.16,42,CLEARED_>=20s,154.0,150.0,4.0,0.0,2.6,0.0,2.6,PASS_<20%,4410.81,135.0,YES,STANDBY_VEL_LOW,1,4411.81,178.19,68.56,TRUE,READY_TO_FIRE
2026-09-07 15:09:42.670,1788793782.671,4593,77,555,4412.19,4412.27,8.0,PASS_<=10c,+3.0,UP,+153.0,-399.0,4.2,+3.15,0.75,SLOW,4416.18,4416.68,4412.16,4412.97,0.00,0.00,0.0,BULLISH,452.0,4410.66,4412.20,4410.66,4412.19,42,CLEARED_>=20s,154.0,153.0,1.0,0.0,0.6,0.0,0.6,PASS_<20%,4410.81,138.0,YES,STANDBY_VEL_LOW,1,4411.81,178.19,68.56,TRUE,READY_TO_FIRE
2026-09-07 15:09:43.172,1788793783.173,4594,78,556,4412.20,4412.28,8.0,PASS_<=10c,+1.0,UP,+154.0,-398.0,4.2,+3.36,0.80,SLOW,4416.18,4416.68,4412.16,4412.97,0.00,0.00,0.0,BULLISH,452.0,4410.66,4412.20,4410.66,4412.20,43,CLEARED_>=20s,154.0,154.0,0.0,0.0,0.0,0.0,0.0,PASS_<20%,4410.81,139.0,YES,STANDBY_VEL_LOW,1,4411.81,178.19,68.56,TRUE,READY_TO_FIRE
2026-09-07 15:09:43.673,1788793783.674,4595,79,557,4412.22,4412.30,8.0,PASS_<=10c,+2.0,UP,+156.0,-396.0,4.2,+2.60,0.62,SLOW,4416.18,4416.68,4412.16,4412.97,0.00,0.00,0.0,BULLISH,452.0,4410.66,4412.22,4410.66,4412.22,43,CLEARED_>=20s,156.0,156.0,0.0,0.0,0.0,0.0,0.0,PASS_<20%,4410.81,141.0,YES,STANDBY_VEL_LOW,1,4411.81,178.19,68.56,TRUE,READY_TO_FIRE
2026-09-07 15:09:44.175,1788793784.175,4596,80,558,4412.18,4412.26,8.0,PASS_<=10c,-4.0,DOWN,+152.0,-400.0,4.2,+2.53,0.60,SLOW,4416.18,4416.68,4412.16,4412.97,0.00,0.00,0.0,BULLISH,452.0,4410.66,4412.22,4410.66,4412.18,44,CLEARED_>=20s,156.0,152.0,4.0,0.0,2.6,0.0,2.6,PASS_<20%,4410.81,137.0,YES,STANDBY_VEL_LOW,1,4411.81,178.19,68.56,TRUE,READY_TO_FIRE
2026-09-07 15:09:44.676,1788793784.677,4597,81,559,4412.28,4412.36,8.0,PASS_<=10c,+10.0,UP,+162.0,-390.0,4.2,+2.70,0.64,SLOW,4416.18,4416.68,4412.16,4412.97,0.00,0.00,0.0,BULLISH,452.0,4410.66,4412.28,4410.66,4412.28,44,CLEARED_>=20s,162.0,162.0,0.0,0.0,0.0,0.0,0.0,PASS_<20%,4410.81,147.0,YES,STANDBY_VEL_LOW,1,4411.81,178.19,68.56,TRUE,READY_TO_FIRE
2026-09-07 15:09:45.178,1788793785.178,4598,82,560,4412.55,4412.63,8.0,PASS_<=10c,+27.0,UP,+189.0,-363.0,4.2,+7.34,1.75,SLOW,4416.18,4416.68,4412.16,4412.97,0.00,0.00,0.0,BULLISH,452.0,4410.66,4412.55,4410.66,4412.55,45,CLEARED_>=20s,189.0,189.0,0.0,0.0,0.0,0.0,0.0,PASS_<20%,4410.81,174.0,YES,STANDBY_VEL_LOW,1,4411.81,178.19,68.56,TRUE,READY_TO_FIRE
2026-09-07 15:09:45.680,1788793785.680,4599,83,561,4412.57,4412.65,8.0,PASS_<=10c,+2.0,UP,+191.0,-361.0,4.2,+7.76,1.85,SLOW,4416.18,4416.68,4412.16,4412.97,0.00,0.00,0.0,BULLISH,452.0,4410.66,4412.58,4410.66,4412.57,45,CLEARED_>=20s,192.0,191.0,1.0,0.0,0.5,0.0,0.5,PASS_<20%,4410.81,176.0,YES,STANDBY_VEL_LOW,1,4411.81,178.19,68.56,TRUE,READY_TO_FIRE
2026-09-07 15:09:46.182,1788793786.182,4600,84,562,4412.65,4412.73,8.0,PASS_<=10c,+8.0,UP,+199.0,-353.0,4.2,+9.65,2.30,SLOW,4416.18,4416.68,4412.16,4412.97,0.00,0.00,0.0,BULLISH,452.0,4410.66,4412.65,4410.66,4412.65,46,CLEARED_>=20s,199.0,199.0,0.0,0.0,0.0,0.0,0.0,PASS_<20%,4410.81,184.0,YES,STANDBY_VEL_LOW,1,4411.81,178.19,68.56,TRUE,READY_TO_FIRE
2026-09-07 15:09:46.684,1788793786.685,4601,85,563,4412.68,4412.76,8.0,PASS_<=10c,+3.0,UP,+202.0,-350.0,4.2,+10.91,2.60,SLOW,4416.18,4416.68,4412.16,4412.97,0.00,0.00,0.0,BULLISH,452.0,4410.66,4412.68,4410.66,4412.68,46,CLEARED_>=20s,202.0,202.0,0.0,0.0,0.0,0.0,0.0,PASS_<20%,4410.81,187.0,YES,STANDBY_VEL_LOW,1,4411.81,178.19,68.56,TRUE,READY_TO_FIRE
2026-09-07 15:09:47.186,1788793787.187,4602,86,564,4412.69,4412.77,8.0,PASS_<=10c,+1.0,UP,+203.0,-349.0,4.2,+10.49,2.50,SLOW,4416.18,4416.68,4412.16,4412.97,0.00,0.00,0.0,BULLISH,452.0,4410.66,4412.69,4410.66,4412.69,47,CLEARED_>=20s,203.0,203.0,0.0,0.0,0.0,0.0,0.0,PASS_<20%,4410.81,188.0,YES,STANDBY_VEL_LOW,1,4411.81,178.19,68.56,TRUE,READY_TO_FIRE
2026-09-07 15:09:47.687,1788793787.688,4603,87,565,4412.73,4412.81,8.0,PASS_<=10c,+4.0,UP,+207.0,-345.0,4.2,+11.12,2.65,SLOW,4416.18,4416.68,4412.16,4412.97,0.00,0.00,0.0,BULLISH,452.0,4410.66,4412.73,4410.66,4412.73,47,CLEARED_>=20s,207.0,207.0,0.0,0.0,0.0,0.0,0.0,PASS_<20%,4410.81,192.0,YES,STANDBY_VEL_LOW,1,4411.81,178.19,68.56,TRUE,READY_TO_FIRE
2026-09-07 15:09:49.509,1788793789.510,4604,88,566,4412.60,4412.68,8.0,PASS_<=10c,-13.0,DOWN,+194.0,-358.0,3.6,+6.62,1.84,SLOW,4416.18,4416.68,4412.16,4412.97,0.00,0.00,0.0,BULLISH,452.0,4410.66,4412.73,4410.66,4412.60,49,CLEARED_>=20s,207.0,194.0,13.0,0.0,6.3,0.0,6.3,PASS_<20%,4410.81,179.0,YES,STANDBY_VEL_LOW,1,4411.81,178.19,68.56,TRUE,READY_TO_FIRE
2026-09-07 15:09:50.009,1788793790.010,4605,89,567,4412.69,4412.77,8.0,PASS_<=10c,+9.0,UP,+203.0,-349.0,3.6,+3.39,0.94,SLOW,4416.18,4416.68,4412.16,4412.97,0.00,0.00,0.0,BULLISH,452.0,4410.66,4412.73,4410.66,4412.69,50,CLEARED_>=20s,207.0,203.0,4.0,0.0,1.9,0.0,1.9,PASS_<20%,4410.81,188.0,YES,STANDBY_VEL_LOW,1,4411.81,178.19,68.56,TRUE,READY_TO_FIRE
2026-09-07 15:09:50.511,1788793790.512,4606,90,568,4412.69,4412.77,8.0,PASS_<=10c,+0.0,FLAT,+203.0,-349.0,3.6,+3.38,0.94,SLOW,4416.18,4416.68,4412.16,4412.97,0.00,0.00,0.0,BULLISH,452.0,4410.66,4412.73,4410.66,4412.69,50,CLEARED_>=20s,207.0,203.0,4.0,0.0,1.9,0.0,1.9,PASS_<20%,4410.81,188.0,YES,STANDBY_VEL_LOW,1,4411.81,178.19,68.56,TRUE,READY_TO_FIRE
2026-09-07 15:09:51.013,1788793791.013,4607,91,569,4412.68,4412.76,8.0,PASS_<=10c,-1.0,DOWN,+202.0,-350.0,3.6,+3.36,0.93,SLOW,4416.18,4416.68,4412.16,4412.97,0.00,0.00,0.0,BULLISH,452.0,4410.66,4412.73,4410.66,4412.68,51,CLEARED_>=20s,207.0,202.0,5.0,0.0,2.4,0.0,2.4,PASS_<20%,4410.81,187.0,YES,STANDBY_VEL_LOW,1,4411.81,178.19,68.56,TRUE,READY_TO_FIRE
2026-09-07 15:09:51.516,1788793791.517,4608,92,570,4412.68,4412.76,8.0,PASS_<=10c,+0.0,FLAT,+202.0,-350.0,3.6,+3.24,0.90,SLOW,4416.18,4416.68,4412.16,4412.97,0.00,0.00,0.0,BULLISH,452.0,4410.66,4412.73,4410.66,4412.68,51,CLEARED_>=20s,207.0,202.0,5.0,0.0,2.4,0.0,2.4,PASS_<20%,4410.81,187.0,YES,STANDBY_VEL_LOW,1,4411.81,178.19,68.56,TRUE,READY_TO_FIRE
2026-09-07 15:09:52.017,1788793792.017,4609,93,571,4412.73,4412.81,8.0,PASS_<=10c,+5.0,UP,+207.0,-345.0,3.6,+3.33,0.93,SLOW,4416.18,4416.68,4412.16,4412.97,0.00,0.00,0.0,BULLISH,452.0,4410.66,4412.73,4410.66,4412.73,52,CLEARED_>=20s,207.0,207.0,0.0,0.0,0.0,0.0,0.0,PASS_<20%,4410.81,192.0,YES,STANDBY_VEL_LOW,1,4411.81,178.19,68.56,TRUE,READY_TO_FIRE
2026-09-07 15:09:52.518,1788793792.518,4610,94,572,4412.84,4412.92,8.0,PASS_<=10c,+11.0,UP,+218.0,-334.0,3.6,+3.58,0.99,SLOW,4416.18,4416.68,4412.16,4412.97,0.00,0.00,0.0,BULLISH,452.0,4410.66,4412.84,4410.66,4412.84,52,CLEARED_>=20s,218.0,218.0,0.0,0.0,0.0,0.0,0.0,PASS_<20%,4410.81,203.0,YES,STANDBY_VEL_LOW,1,4411.81,178.19,68.56,TRUE,READY_TO_FIRE
2026-09-07 15:09:53.020,1788793793.020,4611,95,573,4412.90,4412.98,8.0,PASS_<=10c,+6.0,UP,+224.0,-328.0,4.3,+8.51,1.98,SLOW,4416.18,4416.68,4412.16,4412.97,0.00,0.00,0.0,BULLISH,452.0,4410.66,4412.90,4410.66,4412.90,53,CLEARED_>=20s,224.0,224.0,0.0,0.0,0.0,0.0,0.0,PASS_<20%,4410.81,209.0,YES,STANDBY_VEL_LOW,1,4411.81,178.19,68.56,TRUE,READY_TO_FIRE
2026-09-07 15:09:53.522,1788793793.522,4612,96,574,4412.92,4413.00,8.0,PASS_<=10c,+2.0,UP,+226.0,-326.0,4.2,+7.97,1.90,SLOW,4416.18,4416.68,4412.16,4412.97,0.00,0.00,0.0,BULLISH,452.0,4410.66,4412.92,4410.66,4412.92,53,CLEARED_>=20s,226.0,226.0,0.0,0.0,0.0,0.0,0.0,PASS_<20%,4410.81,211.0,YES,STANDBY_VEL_LOW,1,4411.81,178.19,68.56,TRUE,READY_TO_FIRE
2026-09-07 15:09:54.046,1788793794.047,4613,97,575,4412.91,4412.99,8.0,PASS_<=10c,-1.0,DOWN,+225.0,-327.0,4.2,+6.92,1.65,SLOW,4416.18,4416.68,4412.16,4412.97,0.00,0.00,0.0,BULLISH,452.0,4410.66,4412.92,4410.66,4412.91,54,CLEARED_>=20s,226.0,225.0,1.0,0.0,0.4,0.0,0.4,PASS_<20%,4410.81,210.0,YES,STANDBY_VEL_LOW,1,4411.81,178.19,68.56,TRUE,READY_TO_FIRE
2026-09-07 15:09:54.525,1788793794.526,4614,98,576,4412.87,4412.95,8.0,PASS_<=10c,-4.0,DOWN,+221.0,-331.0,4.2,+4.41,1.05,SLOW,4416.18,4416.68,4412.16,4412.97,0.00,0.00,0.0,BULLISH,452.0,4410.66,4412.92,4410.66,4412.87,54,CLEARED_>=20s,226.0,221.0,5.0,0.0,2.2,0.0,2.2,PASS_<20%,4410.81,206.0,YES,STANDBY_VEL_LOW,1,4411.81,178.19,68.56,TRUE,READY_TO_FIRE
2026-09-07 15:09:55.026,1788793795.027,4615,99,577,4412.75,4412.83,8.0,PASS_<=10c,-12.0,DOWN,+209.0,-343.0,4.2,+3.49,0.83,SLOW,4416.18,4416.68,4412.16,4412.97,0.00,0.00,0.0,BULLISH,452.0,4410.66,4412.92,4410.66,4412.75,55,CLEARED_>=20s,226.0,209.0,17.0,0.0,7.5,0.0,7.5,PASS_<20%,4410.81,194.0,YES,STANDBY_VEL_LOW,1,4411.81,178.19,68.56,TRUE,READY_TO_FIRE
2026-09-07 15:09:55.528,1788793795.529,4616,100,578,4412.71,4412.79,8.0,PASS_<=10c,-4.0,DOWN,+205.0,-347.0,4.2,+3.54,0.84,SLOW,4416.18,4416.68,4412.16,4412.97,0.00,0.00,0.0,BULLISH,452.0,4410.66,4412.92,4410.66,4412.71,55,CLEARED_>=20s,226.0,205.0,21.0,0.0,9.3,0.0,9.3,PASS_<20%,4410.81,190.0,YES,STANDBY_VEL_LOW,1,4411.81,178.19,68.56,TRUE,READY_TO_FIRE
2026-09-07 15:09:56.030,1788793796.030,4617,101,579,4412.70,4412.78,8.0,PASS_<=10c,-1.0,DOWN,+204.0,-348.0,4.2,+3.66,0.87,SLOW,4416.18,4416.68,4412.16,4412.97,0.00,0.00,0.0,BULLISH,452.0,4410.66,4412.92,4410.66,4412.70,56,CLEARED_>=20s,226.0,204.0,22.0,0.0,9.7,0.0,9.7,PASS_<20%,4410.81,189.0,YES,STANDBY_VEL_LOW,1,4411.81,178.19,68.56,TRUE,READY_TO_FIRE
2026-09-07 15:09:56.532,1788793796.532,4618,102,580,4412.70,4412.78,8.0,PASS_<=10c,+0.0,FLAT,+204.0,-348.0,4.2,+3.66,0.87,SLOW,4416.18,4416.68,4412.16,4412.97,0.00,0.00,0.0,BULLISH,452.0,4410.66,4412.92,4410.66,4412.70,56,CLEARED_>=20s,226.0,204.0,22.0,0.0,9.7,0.0,9.7,PASS_<20%,4410.81,189.0,YES,STANDBY_VEL_LOW,1,4411.81,178.19,68.56,TRUE,READY_TO_FIRE
2026-09-07 15:09:57.032,1788793797.033,4619,103,581,4412.84,4412.92,8.0,PASS_<=10c,+14.0,UP,+218.0,-334.0,4.2,+3.96,0.94,SLOW,4416.18,4416.68,4412.16,4412.97,0.00,0.00,0.0,BULLISH,452.0,4410.66,4412.92,4410.66,4412.84,57,CLEARED_>=20s,226.0,218.0,8.0,0.0,3.5,0.0,3.5,PASS_<20%,4410.81,203.0,YES,STANDBY_VEL_LOW,1,4411.81,178.19,68.56,TRUE,READY_TO_FIRE
2026-09-07 15:09:57.535,1788793797.535,4620,104,582,4412.88,4412.96,8.0,PASS_<=10c,+4.0,UP,+222.0,-330.0,4.2,+4.03,0.96,SLOW,4416.18,4416.68,4412.16,4412.97,0.00,0.00,0.0,BULLISH,452.0,4410.66,4412.92,4410.66,4412.88,57,CLEARED_>=20s,226.0,222.0,4.0,0.0,1.8,0.0,1.8,PASS_<20%,4410.81,207.0,YES,STANDBY_VEL_LOW,1,4411.81,178.19,68.56,TRUE,READY_TO_FIRE
2026-09-07 15:09:58.036,1788793798.036,4621,105,583,4413.04,4413.12,8.0,PASS_<=10c,+16.0,UP,+238.0,-314.0,4.2,+4.43,1.05,SLOW,4416.18,4416.68,4412.16,4412.97,0.00,0.00,0.0,BULLISH,452.0,4410.66,4413.04,4410.66,4413.04,58,CLEARED_>=20s,238.0,238.0,0.0,0.0,0.0,0.0,0.0,PASS_<20%,4410.81,223.0,YES,STANDBY_VEL_LOW,1,4411.81,178.19,68.56,TRUE,READY_TO_FIRE
2026-09-07 15:09:58.538,1788793798.538,4622,106,584,4413.04,4413.12,8.0,PASS_<=10c,+0.0,FLAT,+238.0,-314.0,4.2,+4.45,1.06,SLOW,4416.18,4416.68,4412.16,4412.97,0.00,0.00,0.0,BULLISH,452.0,4410.66,4413.04,4410.66,4413.04,58,CLEARED_>=20s,238.0,238.0,0.0,0.0,0.0,0.0,0.0,PASS_<20%,4410.81,223.0,YES,STANDBY_VEL_LOW,1,4411.81,178.19,68.56,TRUE,READY_TO_FIRE
2026-09-07 15:09:59.040,1788793799.040,4623,107,585,4413.03,4413.11,8.0,PASS_<=10c,-1.0,DOWN,+237.0,-315.0,4.2,+4.43,1.05,SLOW,4416.18,4416.68,4412.16,4412.97,0.00,0.00,0.0,BULLISH,452.0,4410.66,4413.04,4410.66,4413.03,59,CLEARED_>=20s,238.0,237.0,1.0,0.0,0.4,0.0,0.4,PASS_<20%,4410.81,222.0,YES,STANDBY_VEL_LOW,1,4411.81,178.19,68.56,TRUE,READY_TO_FIRE
2026-09-07 15:09:59.540,1788793799.541,4624,108,586,4413.01,4413.09,8.0,PASS_<=10c,-2.0,DOWN,+235.0,-317.0,4.2,+4.40,1.05,SLOW,4416.18,4416.68,4412.16,4412.97,0.00,0.00,0.0,BULLISH,452.0,4410.66,4413.04,4410.66,4413.01,59,CLEARED_>=20s,238.0,235.0,3.0,0.0,1.3,0.0,1.3,PASS_<20%,4410.81,220.0,YES,STANDBY_VEL_LOW,1,4411.81,178.19,68.56,TRUE,READY_TO_FIRE
2026-09-07 15:10:00.049,1788793800.050,4625,1,1,4412.97,4413.05,8.0,PASS_<=10c,-4.0,DOWN,+0.0,-10.0,4.2,+5.67,1.35,SLOW,4413.07,4413.36,4409.25,4413.00,0.00,0.00,0.0,BULLISH,411.0,4412.97,4412.97,4412.97,4412.97,0,ACTIVE_0s,1.0,0.0,0.0,0.0,0.0,0.0,0.0,PASS_<20%,0.00,0.0,NO,STANDBY_VEL_LOW,1,4411.81,178.19,68.56,FALSE,M1_DIRECTION_MISMATCH|OPENING_SHIELD_ACTIVE_0s
2026-09-07 15:10:00.544,1788793800.544,4626,2,2,4412.90,4412.98,8.0,PASS_<=10c,-7.0,DOWN,-7.0,-17.0,4.2,+4.20,1.00,SLOW,4413.07,4413.36,4409.25,4413.00,0.00,0.00,0.0,BULLISH,411.0,4412.97,4412.97,4412.90,4412.90,0,ACTIVE_0s,7.0,7.0,0.0,0.0,0.0,0.0,0.0,PASS_<20%,0.00,0.0,NO,STANDBY_VEL_LOW,1,4411.81,178.19,68.56,FALSE,M1_DIRECTION_MISMATCH|OPENING_SHIELD_ACTIVE_0s
2026-09-07 15:10:01.045,1788793801.046,4627,3,3,4412.82,4412.90,8.0,PASS_<=10c,-8.0,DOWN,-15.0,-25.0,4.2,+2.52,0.60,SLOW,4413.07,4413.36,4409.25,4413.00,0.00,0.00,0.0,BULLISH,411.0,4412.97,4412.97,4412.80,4412.82,1,ACTIVE_1s,17.0,15.0,0.0,2.0,0.0,11.8,0.0,PASS_<20%,0.00,0.0,NO,STANDBY_VEL_LOW,1,4411.81,178.19,68.56,FALSE,M1_DIRECTION_MISMATCH|OPENING_SHIELD_ACTIVE_1s
2026-09-07 15:10:01.547,1788793801.547,4628,4,4,4412.83,4412.91,8.0,PASS_<=10c,+1.0,UP,-14.0,-24.0,4.2,+2.49,0.59,SLOW,4413.07,4413.36,4409.25,4413.00,0.00,0.00,0.0,BULLISH,411.0,4412.97,4412.97,4412.80,4412.83,1,ACTIVE_1s,17.0,14.0,0.0,3.0,0.0,17.6,0.0,PASS_<20%,0.00,0.0,NO,STANDBY_VEL_LOW,1,4411.81,178.19,68.56,FALSE,M1_DIRECTION_MISMATCH|OPENING_SHIELD_ACTIVE_1s
2026-09-07 15:10:02.049,1788793802.049,4629,5,5,4412.88,4412.96,8.0,PASS_<=10c,+5.0,UP,-9.0,-19.0,4.2,+2.58,0.61,SLOW,4413.07,4413.36,4409.25,4413.00,0.00,0.00,0.0,BULLISH,411.0,4412.97,4412.97,4412.80,4412.88,2,ACTIVE_2s,17.0,9.0,0.0,8.0,0.0,47.1,0.0,PASS_<20%,0.00,0.0,NO,STANDBY_VEL_LOW,1,4411.81,178.19,68.56,FALSE,M1_DIRECTION_MISMATCH|OPENING_SHIELD_ACTIVE_2s
2026-09-07 15:10:02.551,1788793802.551,4630,6,6,4412.88,4412.96,8.0,PASS_<=10c,+0.0,FLAT,-9.0,-19.0,4.2,+2.52,0.60,SLOW,4413.07,4413.36,4409.25,4413.00,0.00,0.00,0.0,BULLISH,411.0,4412.97,4412.97,4412.80,4412.88,2,ACTIVE_2s,17.0,9.0,0.0,8.0,0.0,47.1,0.0,PASS_<20%,0.00,0.0,NO,STANDBY_VEL_LOW,1,4411.81,178.19,68.56,FALSE,M1_DIRECTION_MISMATCH|OPENING_SHIELD_ACTIVE_2s
2026-09-07 15:10:03.053,1788793803.053,4631,7,7,4412.89,4412.97,8.0,PASS_<=10c,+1.0,UP,-8.0,-18.0,4.2,+3.15,0.75,SLOW,4413.07,4413.36,4409.25,4413.00,0.00,0.00,0.0,BULLISH,411.0,4412.97,4412.97,4412.80,4412.89,3,ACTIVE_3s,17.0,8.0,0.0,9.0,0.0,52.9,0.0,PASS_<20%,0.00,0.0,NO,STANDBY_VEL_LOW,1,4411.81,178.19,68.56,FALSE,M1_DIRECTION_MISMATCH|OPENING_SHIELD_ACTIVE_3s
2026-09-07 15:10:03.555,1788793803.556,4632,8,8,4412.88,4412.96,8.0,PASS_<=10c,-1.0,DOWN,-9.0,-19.0,4.2,+3.36,0.80,SLOW,4413.07,4413.36,4409.25,4413.00,0.00,0.00,0.0,BULLISH,411.0,4412.97,4412.97,4412.80,4412.88,3,ACTIVE_3s,17.0,9.0,0.0,8.0,0.0,47.1,0.0,PASS_<20%,0.00,0.0,NO,STANDBY_VEL_LOW,1,4411.81,178.19,68.56,FALSE,M1_DIRECTION_MISMATCH|OPENING_SHIELD_ACTIVE_3s
2026-09-07 15:10:04.057,1788793804.057,4633,9,9,4413.20,4413.28,8.0,PASS_<=10c,+32.0,UP,+23.0,+13.0,4.2,+3.57,0.85,SLOW,4413.07,4413.36,4409.25,4413.00,0.00,0.00,0.0,BULLISH,411.0,4412.97,4413.20,4412.80,4413.20,4,ACTIVE_4s,40.0,23.0,0.0,17.0,0.0,42.5,0.0,PASS_<20%,4413.12,8.0,NO,STANDBY_VEL_LOW,1,4411.81,178.19,68.56,FALSE,OPENING_SHIELD_ACTIVE_4s
2026-09-07 15:10:05.929,1788793805.929,4634,10,10,4413.37,4413.45,8.0,PASS_<=10c,+17.0,UP,+40.0,+30.0,3.5,+11.26,3.22,SLOW,4413.07,4413.36,4409.25,4413.00,0.00,0.00,0.0,BULLISH,411.0,4412.97,4413.37,4412.80,4413.37,5,ACTIVE_5s,57.0,40.0,0.0,17.0,0.0,29.8,0.0,PASS_<20%,4413.12,25.0,NO,STANDBY_VEL_LOW,1,4411.81,178.19,68.56,FALSE,OPENING_SHIELD_ACTIVE_5s
2026-09-07 15:10:07.761,1788793807.762,4635,11,11,4413.47,4413.55,8.0,PASS_<=10c,+10.0,UP,+50.0,+40.0,3.5,+11.90,3.40,SLOW,4413.07,4413.36,4409.25,4413.00,0.00,0.00,0.0,BULLISH,411.0,4412.97,4413.47,4412.80,4413.47,7,ACTIVE_7s,67.0,50.0,0.0,17.0,0.0,25.4,0.0,PASS_<20%,4413.12,35.0,NO,STANDBY_VEL_LOW,1,4411.81,178.19,68.56,FALSE,OPENING_SHIELD_ACTIVE_7s
2026-09-07 15:10:09.600,1788793809.600,4636,12,12,4413.25,4413.33,8.0,PASS_<=10c,-22.0,DOWN,+28.0,+18.0,3.4,+3.06,0.90,SLOW,4413.07,4413.36,4409.25,4413.00,0.00,0.00,0.0,BULLISH,411.0,4412.97,4413.47,4412.80,4413.25,9,ACTIVE_9s,67.0,28.0,22.0,17.0,32.8,25.4,32.8,BLOCKED_32.8%,4413.12,13.0,NO,STANDBY_VEL_LOW,1,4411.81,178.19,68.56,FALSE,OPP_WICK_TOO_HIGH_0.33|OPENING_SHIELD_ACTIVE_9s
2026-09-07 15:10:11.415,1788793811.415,4637,13,13,4413.41,4413.49,8.0,PASS_<=10c,+16.0,UP,+44.0,+34.0,3.3,+3.27,0.99,SLOW,4413.07,4413.36,4409.25,4413.00,0.00,0.00,0.0,BULLISH,411.0,4412.97,4413.47,4412.80,4413.41,11,ACTIVE_11s,67.0,44.0,6.0,17.0,9.0,25.4,9.0,PASS_<20%,4413.12,29.0,NO,STANDBY_VEL_LOW,1,4411.81,178.19,68.56,FALSE,OPENING_SHIELD_ACTIVE_11s
2026-09-07 15:10:13.247,1788793813.247,4638,14,14,4413.48,4413.56,8.0,PASS_<=10c,+7.0,UP,+51.0,+41.0,3.2,+6.41,2.00,SLOW,4413.07,4413.36,4409.25,4413.00,0.00,0.00,0.0,BULLISH,411.0,4412.97,4413.48,4412.80,4413.48,13,ACTIVE_13s,68.0,51.0,0.0,17.0,0.0,25.0,0.0,PASS_<20%,4413.12,36.0,NO,STANDBY_VEL_LOW,1,4411.81,178.19,68.56,FALSE,OPENING_SHIELD_ACTIVE_13s
2026-09-07 15:10:15.081,1788793815.081,4639,15,15,4413.29,4413.37,8.0,PASS_<=10c,-19.0,DOWN,+32.0,+22.0,3.1,+2.89,0.93,SLOW,4413.07,4413.36,4409.25,4413.00,0.00,0.00,0.0,BULLISH,411.0,4412.97,4413.48,4412.80,4413.29,15,ACTIVE_15s,68.0,32.0,19.0,17.0,27.9,25.0,27.9,BLOCKED_27.9%,4413.12,17.0,NO,STANDBY_VEL_LOW,1,4411.81,178.19,68.56,FALSE,OPP_WICK_TOO_HIGH_0.28|OPENING_SHIELD_ACTIVE_15s
2026-09-07 15:10:16.898,1788793816.899,4640,16,16,4413.30,4413.38,8.0,PASS_<=10c,+1.0,UP,+33.0,+23.0,3.0,+3.33,1.11,SLOW,4413.07,4413.36,4409.25,4413.00,0.00,0.00,0.0,BULLISH,411.0,4412.97,4413.48,4412.80,4413.30,16,ACTIVE_16s,68.0,33.0,18.0,17.0,26.5,25.0,26.5,BLOCKED_26.5%,4413.12,18.0,NO,STANDBY_VEL_LOW,1,4411.81,178.19,68.56,FALSE,OPP_WICK_TOO_HIGH_0.26|OPENING_SHIELD_ACTIVE_16s
2026-09-07 15:10:18.703,1788793818.704,4641,17,17,4413.34,4413.42,8.0,PASS_<=10c,+4.0,UP,+37.0,+27.0,2.9,+3.21,1.11,SLOW,4413.07,4413.36,4409.25,4413.00,0.00,0.00,0.0,BULLISH,411.0,4412.97,4413.48,4412.80,4413.34,18,ACTIVE_18s,68.0,37.0,14.0,17.0,20.6,25.0,20.6,BLOCKED_20.6%,4413.12,22.0,NO,STANDBY_VEL_LOW,1,4411.81,178.19,68.56,FALSE,OPP_WICK_TOO_HIGH_0.21|OPENING_SHIELD_ACTIVE_18s
2026-09-07 15:10:20.508,1788793820.509,4642,18,18,4413.39,4413.47,8.0,PASS_<=10c,+5.0,UP,+42.0,+32.0,2.8,+3.12,1.11,SLOW,4413.07,4413.36,4409.25,4413.00,0.00,0.00,0.0,BULLISH,411.0,4412.97,4413.48,4412.80,4413.39,20,CLEARED_>=20s,68.0,42.0,9.0,17.0,13.2,25.0,13.2,PASS_<20%,4413.12,27.0,YES,STANDBY_VEL_LOW,1,4411.81,178.19,68.56,TRUE,READY_TO_FIRE
2026-09-07 15:10:22.343,1788793822.344,4643,19,19,4413.70,4413.78,8.0,PASS_<=10c,+31.0,UP,+73.0,+63.0,2.7,+10.79,4.00,SLOW,4413.07,4413.36,4409.25,4413.00,0.00,0.00,0.0,BULLISH,411.0,4412.97,4413.70,4412.80,4413.70,22,CLEARED_>=20s,90.0,73.0,0.0,17.0,0.0,18.9,0.0,PASS_<20%,4413.12,58.0,YES,STANDBY_VEL_LOW,1,4411.81,178.19,68.56,TRUE,READY_TO_FIRE
2026-09-07 15:10:24.135,1788793824.136,4644,20,20,4413.70,4413.78,8.0,PASS_<=10c,+0.0,FLAT,+73.0,+63.0,2.7,+8.00,2.96,SLOW,4413.07,4413.36,4409.25,4413.00,0.00,0.00,0.0,BULLISH,411.0,4412.97,4413.70,4412.80,4413.70,24,CLEARED_>=20s,90.0,73.0,0.0,17.0,0.0,18.9,0.0,PASS_<20%,4413.12,58.0,YES,STANDBY_VEL_LOW,1,4411.81,178.19,68.56,TRUE,READY_TO_FIRE
2026-09-07 15:10:25.998,1788793825.998,4645,21,21,4413.63,4413.71,8.0,PASS_<=10c,-7.0,DOWN,+66.0,+56.0,2.6,+3.34,1.28,SLOW,4413.07,4413.36,4409.25,4413.00,0.00,0.00,0.0,BULLISH,411.0,4412.97,4413.70,4412.80,4413.63,25,CLEARED_>=20s,90.0,66.0,7.0,17.0,7.8,18.9,7.8,PASS_<20%,4413.12,51.0,YES,STANDBY_VEL_LOW,1,4411.81,178.19,68.56,TRUE,READY_TO_FIRE
2026-09-07 15:10:27.801,1788793827.801,4646,22,22,4413.36,4413.44,8.0,PASS_<=10c,-27.0,DOWN,+39.0,+29.0,2.7,+7.92,2.93,SLOW,4413.07,4413.36,4409.25,4413.00,0.00,0.00,0.0,BULLISH,411.0,4412.97,4413.70,4412.80,4413.36,27,CLEARED_>=20s,90.0,39.0,34.0,17.0,37.8,18.9,37.8,BLOCKED_37.8%,4413.12,24.0,NO,STANDBY_VEL_LOW,1,4411.81,178.19,68.56,FALSE,OPP_WICK_TOO_HIGH_0.38
2026-09-07 15:10:29.649,1788793829.649,4647,23,23,4412.93,4413.01,8.0,PASS_<=10c,-43.0,DOWN,-4.0,-14.0,2.6,+17.94,6.90,SLOW,4413.07,4413.36,4409.25,4413.00,0.00,0.00,0.0,BULLISH,411.0,4412.97,4413.70,4412.80,4412.93,29,CLEARED_>=20s,90.0,4.0,73.0,13.0,81.1,14.4,81.1,BLOCKED_81.1%,0.00,0.0,NO,STANDBY_VEL_LOW,1,4411.81,178.19,68.56,FALSE,M1_DIRECTION_MISMATCH
2026-09-07 15:10:30.150,1788793830.151,4648,24,24,4412.90,4412.98,8.0,PASS_<=10c,-3.0,DOWN,-7.0,-17.0,2.6,+16.58,6.38,SLOW,4413.07,4413.36,4409.25,4413.00,0.00,0.00,0.0,BULLISH,411.0,4412.97,4413.70,4412.80,4412.90,30,CLEARED_>=20s,90.0,7.0,73.0,10.0,81.1,11.1,81.1,BLOCKED_81.1%,0.00,0.0,NO,STANDBY_VEL_LOW,0,0.00,4590.00,77.86,FALSE,M1_DIRECTION_MISMATCH
2026-09-07 15:10:30.652,1788793830.653,4649,25,25,4412.87,4412.95,8.0,PASS_<=10c,-3.0,DOWN,-10.0,-20.0,2.7,+15.50,5.74,SLOW,4413.07,4413.36,4409.25,4413.00,0.00,0.00,0.0,BULLISH,411.0,4412.97,4413.70,4412.80,4412.87,30,CLEARED_>=20s,90.0,10.0,73.0,7.0,81.1,7.8,81.1,BLOCKED_81.1%,0.00,0.0,NO,STANDBY_VEL_LOW,0,0.00,4590.00,77.86,FALSE,M1_DIRECTION_MISMATCH
2026-09-07 15:10:31.156,1788793831.156,4650,26,26,4412.70,4412.78,8.0,PASS_<=10c,-17.0,DOWN,-27.0,-37.0,2.8,+18.60,6.64,SLOW,4413.07,4413.36,4409.25,4413.00,0.00,0.00,0.0,BULLISH,411.0,4412.97,4413.70,4412.70,4412.70,31,CLEARED_>=20s,100.0,27.0,73.0,0.0,73.0,0.0,73.0,BLOCKED_73.0%,0.00,0.0,NO,STANDBY_VEL_LOW,0,0.00,4590.00,77.86,FALSE,M1_DIRECTION_MISMATCH
2026-09-07 15:10:31.654,1788793831.655,4651,27,27,4412.74,4412.82,8.0,PASS_<=10c,+4.0,UP,-23.0,-33.0,2.9,+15.35,5.29,SLOW,4413.07,4413.36,4409.25,4413.00,0.00,0.00,0.0,BULLISH,411.0,4412.97,4413.70,4412.70,4412.74,31,CLEARED_>=20s,100.0,23.0,73.0,4.0,73.0,4.0,73.0,BLOCKED_73.0%,0.00,0.0,NO,STANDBY_VEL_LOW,0,0.00,4590.00,77.86,FALSE,M1_DIRECTION_MISMATCH
2026-09-07 15:10:32.156,1788793832.156,4652,28,28,4412.76,4412.84,8.0,PASS_<=10c,+2.0,UP,-21.0,-31.0,3.0,+13.24,4.41,SLOW,4413.07,4413.36,4409.25,4413.00,0.00,0.00,0.0,BULLISH,411.0,4412.97,4413.70,4412.70,4412.76,32,CLEARED_>=20s,100.0,21.0,73.0,6.0,73.0,6.0,73.0,BLOCKED_73.0%,0.00,0.0,NO,STANDBY_VEL_LOW,0,0.00,4590.00,77.86,FALSE,M1_DIRECTION_MISMATCH
2026-09-07 15:10:32.658,1788793832.658,4653,29,29,4412.75,4412.83,8.0,PASS_<=10c,-1.0,DOWN,-22.0,-32.0,3.1,+12.56,4.05,SLOW,4413.07,4413.36,4409.25,4413.00,0.00,0.00,0.0,BULLISH,411.0,4412.97,4413.70,4412.70,4412.75,32,CLEARED_>=20s,100.0,22.0,73.0,5.0,73.0,5.0,73.0,BLOCKED_73.0%,0.00,0.0,NO,STANDBY_VEL_LOW,0,0.00,4590.00,77.86,FALSE,M1_DIRECTION_MISMATCH
2026-09-07 15:10:33.160,1788793833.161,4654,30,30,4412.75,4412.83,8.0,PASS_<=10c,+0.0,FLAT,-22.0,-32.0,4.3,+4.52,1.05,SLOW,4413.07,4413.36,4409.25,4413.00,0.00,0.00,0.0,BULLISH,411.0,4412.97,4413.70,4412.70,4412.75,33,CLEARED_>=20s,100.0,22.0,73.0,5.0,73.0,5.0,73.0,BLOCKED_73.0%,0.00,0.0,NO,STANDBY_VEL_LOW,0,0.00,4590.00,77.86,FALSE,M1_DIRECTION_MISMATCH
2026-09-07 15:10:33.662,1788793833.663,4655,31,31,4412.75,4412.83,8.0,PASS_<=10c,+0.0,FLAT,-22.0,-32.0,4.2,+3.99,0.95,SLOW,4413.07,4413.36,4409.25,4413.00,0.00,0.00,0.0,BULLISH,411.0,4412.97,4413.70,4412.70,4412.75,33,CLEARED_>=20s,100.0,22.0,73.0,5.0,73.0,5.0,73.0,BLOCKED_73.0%,0.00,0.0,NO,STANDBY_VEL_LOW,0,0.00,4590.00,77.86,FALSE,M1_DIRECTION_MISMATCH
2026-09-07 15:10:34.164,1788793834.165,4656,32,32,4412.84,4412.92,8.0,PASS_<=10c,+9.0,UP,-13.0,-23.0,4.2,+1.68,0.40,SLOW,4413.07,4413.36,4409.25,4413.00,0.00,0.00,0.0,BULLISH,411.0,4412.97,4413.70,4412.70,4412.84,34,CLEARED_>=20s,100.0,13.0,73.0,14.0,73.0,14.0,73.0,BLOCKED_73.0%,0.00,0.0,NO,STANDBY_VEL_LOW,0,0.00,4590.00,77.86,FALSE,M1_DIRECTION_MISMATCH
2026-09-07 15:10:34.666,1788793834.666,4657,33,33,4412.89,4412.97,8.0,PASS_<=10c,+5.0,UP,-8.0,-18.0,4.2,+1.51,0.36,SLOW,4413.07,4413.36,4409.25,4413.00,0.00,0.00,0.0,BULLISH,411.0,4412.97,4413.70,4412.70,4412.89,34,CLEARED_>=20s,100.0,8.0,73.0,19.0,73.0,19.0,73.0,BLOCKED_73.0%,0.00,0.0,NO,STANDBY_VEL_LOW,0,0.00,4590.00,77.86,FALSE,M1_DIRECTION_MISMATCH
2026-09-07 15:10:35.167,1788793835.168,4658,34,34,4412.92,4413.00,8.0,PASS_<=10c,+3.0,UP,-5.0,-15.0,4.2,+1.49,0.35,SLOW,4413.07,4413.36,4409.25,4413.00,0.00,0.00,0.0,BULLISH,411.0,4412.97,4413.70,4412.70,4412.92,35,CLEARED_>=20s,100.0,5.0,73.0,22.0,73.0,22.0,73.0,BLOCKED_73.0%,0.00,0.0,NO,STANDBY_VEL_LOW,0,0.00,4590.00,77.86,FALSE,M1_DIRECTION_MISMATCH
2026-09-07 15:10:35.669,1788793835.670,4659,35,35,4412.92,4413.00,8.0,PASS_<=10c,+0.0,FLAT,-5.0,-15.0,4.2,+1.49,0.35,SLOW,4413.07,4413.36,4409.25,4413.00,0.00,0.00,0.0,BULLISH,411.0,4412.97,4413.70,4412.70,4412.92,35,CLEARED_>=20s,100.0,5.0,73.0,22.0,73.0,22.0,73.0,BLOCKED_73.0%,0.00,0.0,NO,STANDBY_VEL_LOW,0,0.00,4590.00,77.86,FALSE,M1_DIRECTION_MISMATCH
2026-09-07 15:10:36.171,1788793836.171,4660,36,36,4412.86,4412.94,8.0,PASS_<=10c,-6.0,DOWN,-11.0,-21.0,4.2,+1.89,0.45,SLOW,4413.07,4413.36,4409.25,4413.00,0.00,0.00,0.0,BULLISH,411.0,4412.97,4413.70,4412.70,4412.86,36,CLEARED_>=20s,100.0,11.0,73.0,16.0,73.0,16.0,73.0,BLOCKED_73.0%,0.00,0.0,NO,STANDBY_VEL_LOW,0,0.00,4590.00,77.86,FALSE,M1_DIRECTION_MISMATCH
2026-09-07 15:10:36.672,1788793836.673,4661,37,37,4412.89,4412.97,8.0,PASS_<=10c,+3.0,UP,-8.0,-18.0,4.2,+3.15,0.75,SLOW,4413.07,4413.36,4409.25,4413.00,0.00,0.00,0.0,BULLISH,411.0,4412.97,4413.70,4412.70,4412.89,36,CLEARED_>=20s,100.0,8.0,73.0,19.0,73.0,19.0,73.0,BLOCKED_73.0%,0.00,0.0,NO,STANDBY_VEL_LOW,0,0.00,4590.00,77.86,FALSE,M1_DIRECTION_MISMATCH
2026-09-07 15:10:37.173,1788793837.173,4662,38,38,4412.90,4412.98,8.0,PASS_<=10c,+1.0,UP,-7.0,-17.0,4.2,+2.94,0.70,SLOW,4413.07,4413.36,4409.25,4413.00,0.00,0.00,0.0,BULLISH,411.0,4412.97,4413.70,4412.70,4412.90,37,CLEARED_>=20s,100.0,7.0,73.0,20.0,73.0,20.0,73.0,BLOCKED_73.0%,0.00,0.0,NO,STANDBY_VEL_LOW,0,0.00,4590.00,77.86,FALSE,M1_DIRECTION_MISMATCH
2026-09-07 15:10:37.675,1788793837.676,4663,39,39,4412.86,4412.94,8.0,PASS_<=10c,-4.0,DOWN,-11.0,-21.0,4.2,+2.31,0.55,SLOW,4413.07,4413.36,4409.25,4413.00,0.00,0.00,0.0,BULLISH,411.0,4412.97,4413.70,4412.70,4412.86,37,CLEARED_>=20s,100.0,11.0,73.0,16.0,73.0,16.0,73.0,BLOCKED_73.0%,0.00,0.0,NO,STANDBY_VEL_LOW,0,0.00,4590.00,77.86,FALSE,M1_DIRECTION_MISMATCH
2026-09-07 15:10:38.176,1788793838.177,4664,40,40,4412.67,4412.75,8.0,PASS_<=10c,-19.0,DOWN,-30.0,-40.0,4.2,+1.47,0.35,SLOW,4413.07,4413.36,4409.25,4413.00,0.00,0.00,0.0,BULLISH,411.0,4412.97,4413.70,4412.67,4412.67,38,CLEARED_>=20s,103.0,30.0,73.0,0.0,70.9,0.0,70.9,BLOCKED_70.9%,0.00,0.0,NO,STANDBY_VEL_LOW,0,0.00,4590.00,77.86,FALSE,M1_DIRECTION_MISMATCH
2026-09-07 15:10:38.678,1788793838.678,4665,41,41,4412.57,4412.65,8.0,PASS_<=10c,-10.0,DOWN,-40.0,-50.0,4.2,+3.78,0.90,SLOW,4413.07,4413.36,4409.25,4413.00,0.00,0.00,0.0,BULLISH,411.0,4412.97,4413.70,4412.57,4412.57,38,CLEARED_>=20s,113.0,40.0,73.0,0.0,64.6,0.0,64.6,BLOCKED_64.6%,0.00,0.0,NO,STANDBY_VEL_LOW,0,0.00,4590.00,77.86,FALSE,M1_DIRECTION_MISMATCH
2026-09-07 15:10:39.179,1788793839.180,4666,42,42,4412.46,4412.54,8.0,PASS_<=10c,-11.0,DOWN,-51.0,-61.0,4.2,+8.40,2.00,SLOW,4413.07,4413.36,4409.25,4413.00,0.00,0.00,0.0,BULLISH,411.0,4412.97,4413.70,4412.46,4412.46,39,CLEARED_>=20s,124.0,51.0,73.0,0.0,58.9,0.0,58.9,BLOCKED_58.9%,0.00,0.0,NO,STANDBY_VEL_LOW,0,0.00,4590.00,77.86,FALSE,M1_DIRECTION_MISMATCH
2026-09-07 15:10:39.681,1788793839.682,4667,43,43,4412.49,4412.57,8.0,PASS_<=10c,+3.0,UP,-48.0,-58.0,4.2,+8.40,2.00,SLOW,4413.07,4413.36,4409.25,4413.00,0.00,0.00,0.0,BULLISH,411.0,4412.97,4413.70,4412.46,4412.49,39,CLEARED_>=20s,124.0,48.0,73.0,3.0,58.9,2.4,58.9,BLOCKED_58.9%,0.00,0.0,NO,STANDBY_VEL_LOW,0,0.00,4590.00,77.86,FALSE,M1_DIRECTION_MISMATCH
2026-09-07 15:10:40.182,1788793840.183,4668,44,44,4412.49,4412.57,8.0,PASS_<=10c,+0.0,FLAT,-48.0,-58.0,4.2,+9.03,2.15,SLOW,4413.07,4413.36,4409.25,4413.00,0.00,0.00,0.0,BULLISH,411.0,4412.97,4413.70,4412.46,4412.49,40,CLEARED_>=20s,124.0,48.0,73.0,3.0,58.9,2.4,58.9,BLOCKED_58.9%,0.00,0.0,NO,STANDBY_VEL_LOW,0,0.00,4590.00,77.86,FALSE,M1_DIRECTION_MISMATCH
2026-09-07 15:10:40.683,1788793840.684,4669,45,45,4412.47,4412.55,8.0,PASS_<=10c,-2.0,DOWN,-50.0,-60.0,4.2,+8.19,1.95,SLOW,4413.07,4413.36,4409.25,4413.00,0.00,0.00,0.0,BULLISH,411.0,4412.97,4413.70,4412.46,4412.47,40,CLEARED_>=20s,124.0,50.0,73.0,1.0,58.9,0.8,58.9,BLOCKED_58.9%,0.00,0.0,NO,STANDBY_VEL_LOW,0,0.00,4590.00,77.86,FALSE,M1_DIRECTION_MISMATCH
2026-09-07 15:10:41.185,1788793841.186,4670,46,46,4412.47,4412.55,8.0,PASS_<=10c,+0.0,FLAT,-50.0,-60.0,4.2,+8.19,1.95,SLOW,4413.07,4413.36,4409.25,4413.00,0.00,0.00,0.0,BULLISH,411.0,4412.97,4413.70,4412.46,4412.47,41,CLEARED_>=20s,124.0,50.0,73.0,1.0,58.9,0.8,58.9,BLOCKED_58.9%,0.00,0.0,NO,STANDBY_VEL_LOW,0,0.00,4590.00,77.86,FALSE,M1_DIRECTION_MISMATCH
2026-09-07 15:10:41.686,1788793841.687,4671,47,47,4412.36,4412.44,8.0,PASS_<=10c,-11.0,DOWN,-61.0,-71.0,4.2,+11.13,2.65,SLOW,4413.07,4413.36,4409.25,4413.00,0.00,0.00,0.0,BULLISH,411.0,4412.97,4413.70,4412.36,4412.36,41,CLEARED_>=20s,134.0,61.0,73.0,0.0,54.5,0.0,54.5,BLOCKED_54.5%,0.00,0.0,NO,STANDBY_VEL_LOW,0,0.00,4590.00,77.86,FALSE,M1_DIRECTION_MISMATCH
2026-09-07 15:10:42.188,1788793842.188,4672,48,48,4412.38,4412.46,8.0,PASS_<=10c,+2.0,UP,-59.0,-69.0,4.2,+10.71,2.55,SLOW,4413.07,4413.36,4409.25,4413.00,0.00,0.00,0.0,BULLISH,411.0,4412.97,4413.70,4412.35,4412.38,42,CLEARED_>=20s,135.0,59.0,73.0,3.0,54.1,2.2,54.1,BLOCKED_54.1%,0.00,0.0,NO,STANDBY_VEL_LOW,0,0.00,4590.00,77.86,FALSE,M1_DIRECTION_MISMATCH
2026-09-07 15:10:42.689,1788793842.689,4673,49,49,4412.41,4412.49,8.0,PASS_<=10c,+3.0,UP,-56.0,-66.0,4.2,+7.56,1.80,SLOW,4413.07,4413.36,4409.25,4413.00,0.00,0.00,0.0,BULLISH,411.0,4412.97,4413.70,4412.35,4412.41,42,CLEARED_>=20s,135.0,56.0,73.0,6.0,54.1,4.4,54.1,BLOCKED_54.1%,0.00,0.0,NO,STANDBY_VEL_LOW,0,0.00,4590.00,77.86,FALSE,M1_DIRECTION_MISMATCH
2026-09-07 15:10:43.190,1788793843.190,4674,50,50,4412.40,4412.48,8.0,PASS_<=10c,-1.0,DOWN,-57.0,-67.0,4.2,+4.20,1.00,SLOW,4413.07,4413.36,4409.25,4413.00,0.00,0.00,0.0,BULLISH,411.0,4412.97,4413.70,4412.35,4412.40,43,CLEARED_>=20s,135.0,57.0,73.0,5.0,54.1,3.7,54.1,BLOCKED_54.1%,0.00,0.0,NO,STANDBY_VEL_LOW,0,0.00,4590.00,77.86,FALSE,M1_DIRECTION_MISMATCH
2026-09-07 15:10:43.691,1788793843.691,4675,51,51,4412.36,4412.44,8.0,PASS_<=10c,-4.0,DOWN,-61.0,-71.0,4.2,+2.52,0.60,SLOW,4413.07,4413.36,4409.25,4413.00,0.00,0.00,0.0,BULLISH,411.0,4412.97,4413.70,4412.35,4412.36,43,CLEARED_>=20s,135.0,61.0,73.0,1.0,54.1,0.7,54.1,BLOCKED_54.1%,0.00,0.0,NO,STANDBY_VEL_LOW,0,0.00,4590.00,77.86,FALSE,M1_DIRECTION_MISMATCH
2026-09-07 15:10:44.193,1788793844.193,4676,52,52,4412.36,4412.44,8.0,PASS_<=10c,+0.0,FLAT,-61.0,-71.0,4.2,+2.10,0.50,SLOW,4413.07,4413.36,4409.25,4413.00,0.00,0.00,0.0,BULLISH,411.0,4412.97,4413.70,4412.35,4412.36,44,CLEARED_>=20s,135.0,61.0,73.0,1.0,54.1,0.7,54.1,BLOCKED_54.1%,0.00,0.0,NO,STANDBY_VEL_LOW,0,0.00,4590.00,77.86,FALSE,M1_DIRECTION_MISMATCH
2026-09-07 15:10:44.695,1788793844.695,4677,53,53,4412.38,4412.46,8.0,PASS_<=10c,+2.0,UP,-59.0,-69.0,4.2,+2.31,0.55,SLOW,4413.07,4413.36,4409.25,4413.00,0.00,0.00,0.0,BULLISH,411.0,4412.97,4413.70,4412.35,4412.38,44,CLEARED_>=20s,135.0,59.0,73.0,3.0,54.1,2.2,54.1,BLOCKED_54.1%,0.00,0.0,NO,STANDBY_VEL_LOW,0,0.00,4590.00,77.86,FALSE,M1_DIRECTION_MISMATCH
2026-09-07 15:10:45.195,1788793845.196,4678,54,54,4412.39,4412.47,8.0,PASS_<=10c,+1.0,UP,-58.0,-68.0,4.2,+1.47,0.35,SLOW,4413.07,4413.36,4409.25,4413.00,0.00,0.00,0.0,BULLISH,411.0,4412.97,4413.70,4412.35,4412.39,45,CLEARED_>=20s,135.0,58.0,73.0,4.0,54.1,3.0,54.1,BLOCKED_54.1%,0.00,0.0,NO,STANDBY_VEL_LOW,0,0.00,4590.00,77.86,FALSE,M1_DIRECTION_MISMATCH
2026-09-07 15:10:45.696,1788793845.697,4679,55,55,4412.58,4412.66,8.0,PASS_<=10c,+19.0,UP,-39.0,-49.0,4.2,+2.31,0.55,SLOW,4413.07,4413.36,4409.25,4413.00,0.00,0.00,0.0,BULLISH,411.0,4412.97,4413.70,4412.35,4412.58,45,CLEARED_>=20s,135.0,39.0,73.0,23.0,54.1,17.0,54.1,BLOCKED_54.1%,0.00,0.0,NO,STANDBY_VEL_LOW,0,0.00,4590.00,77.86,FALSE,M1_DIRECTION_MISMATCH
2026-09-07 15:10:46.199,1788793846.199,4680,56,56,4412.58,4412.66,8.0,PASS_<=10c,+0.0,FLAT,-39.0,-49.0,4.2,+3.15,0.75,SLOW,4413.07,4413.36,4409.25,4413.00,0.00,0.00,0.0,BULLISH,411.0,4412.97,4413.70,4412.35,4412.58,46,CLEARED_>=20s,135.0,39.0,73.0,23.0,54.1,17.0,54.1,BLOCKED_54.1%,0.00,0.0,NO,STANDBY_VEL_LOW,0,0.00,4590.00,77.86,FALSE,M1_DIRECTION_MISMATCH
2026-09-07 15:10:46.700,1788793846.700,4681,57,57,4412.69,4412.77,8.0,PASS_<=10c,+11.0,UP,-28.0,-38.0,4.2,+7.14,1.70,SLOW,4413.07,4413.36,4409.25,4413.00,0.00,0.00,0.0,BULLISH,411.0,4412.97,4413.70,4412.35,4412.69,46,CLEARED_>=20s,135.0,28.0,73.0,34.0,54.1,25.2,54.1,BLOCKED_54.1%,0.00,0.0,NO,STANDBY_VEL_LOW,0,0.00,4590.00,77.86,FALSE,M1_DIRECTION_MISMATCH
2026-09-07 15:10:47.201,1788793847.201,4682,58,58,4412.70,4412.78,8.0,PASS_<=10c,+1.0,UP,-27.0,-37.0,4.2,+6.72,1.60,SLOW,4413.07,4413.36,4409.25,4413.00,0.00,0.00,0.0,BULLISH,411.0,4412.97,4413.70,4412.35,4412.70,47,CLEARED_>=20s,135.0,27.0,73.0,35.0,54.1,25.9,54.1,BLOCKED_54.1%,0.00,0.0,NO,STANDBY_VEL_LOW,0,0.00,4590.00,77.86,FALSE,M1_DIRECTION_MISMATCH
2026-09-07 15:10:47.703,1788793847.703,4683,59,59,4412.68,4412.76,8.0,PASS_<=10c,-2.0,DOWN,-29.0,-39.0,4.2,+5.67,1.35,SLOW,4413.07,4413.36,4409.25,4413.00,0.00,0.00,0.0,BULLISH,411.0,4412.97,4413.70,4412.35,4412.68,47,CLEARED_>=20s,135.0,29.0,73.0,33.0,54.1,24.4,54.1,BLOCKED_54.1%,0.00,0.0,NO,STANDBY_VEL_LOW,0,0.00,4590.00,77.86,FALSE,M1_DIRECTION_MISMATCH
2026-09-07 15:10:48.204,1788793848.205,4684,60,60,4412.67,4412.75,8.0,PASS_<=10c,-1.0,DOWN,-30.0,-40.0,4.2,+5.67,1.35,SLOW,4413.07,4413.36,4409.25,4413.00,0.00,0.00,0.0,BULLISH,411.0,4412.97,4413.70,4412.35,4412.67,48,CLEARED_>=20s,135.0,30.0,73.0,32.0,54.1,23.7,54.1,BLOCKED_54.1%,0.00,0.0,NO,STANDBY_VEL_LOW,0,0.00,4590.00,77.86,FALSE,M1_DIRECTION_MISMATCH
2026-09-07 15:10:48.706,1788793848.706,4685,61,61,4412.70,4412.78,8.0,PASS_<=10c,+3.0,UP,-27.0,-37.0,4.2,+7.14,1.70,SLOW,4413.07,4413.36,4409.25,4413.00,0.00,0.00,0.0,BULLISH,411.0,4412.97,4413.70,4412.35,4412.70,48,CLEARED_>=20s,135.0,27.0,73.0,35.0,54.1,25.9,54.1,BLOCKED_54.1%,0.00,0.0,NO,STANDBY_VEL_LOW,0,0.00,4590.00,77.86,FALSE,M1_DIRECTION_MISMATCH
2026-09-07 15:10:49.208,1788793849.208,4686,62,62,4412.70,4412.78,8.0,PASS_<=10c,+0.0,FLAT,-27.0,-37.0,4.2,+7.14,1.70,SLOW,4413.07,4413.36,4409.25,4413.00,0.00,0.00,0.0,BULLISH,411.0,4412.97,4413.70,4412.35,4412.70,49,CLEARED_>=20s,135.0,27.0,73.0,35.0,54.1,25.9,54.1,BLOCKED_54.1%,0.00,0.0,NO,STANDBY_VEL_LOW,0,0.00,4590.00,77.86,FALSE,M1_DIRECTION_MISMATCH
2026-09-07 15:10:49.708,1788793849.709,4687,63,63,4412.66,4412.74,8.0,PASS_<=10c,-4.0,DOWN,-31.0,-41.0,4.2,+5.67,1.35,SLOW,4413.07,4413.36,4409.25,4413.00,0.00,0.00,0.0,BULLISH,411.0,4412.97,4413.70,4412.35,4412.66,49,CLEARED_>=20s,135.0,31.0,73.0,31.0,54.1,23.0,54.1,BLOCKED_54.1%,0.00,0.0,NO,STANDBY_VEL_LOW,0,0.00,4590.00,77.86,FALSE,M1_DIRECTION_MISMATCH
2026-09-07 15:10:50.211,1788793850.211,4688,64,64,4412.75,4412.83,8.0,PASS_<=10c,+9.0,UP,-22.0,-32.0,4.2,+7.56,1.80,SLOW,4413.07,4413.36,4409.25,4413.00,0.00,0.00,0.0,BULLISH,411.0,4412.97,4413.70,4412.35,4412.75,50,CLEARED_>=20s,135.0,22.0,73.0,40.0,54.1,29.6,54.1,BLOCKED_54.1%,0.00,0.0,NO,STANDBY_VEL_LOW,0,0.00,4590.00,77.86,FALSE,M1_DIRECTION_MISMATCH
2026-09-07 15:10:50.713,1788793850.713,4689,65,65,4412.79,4412.87,8.0,PASS_<=10c,+4.0,UP,-18.0,-28.0,4.2,+4.62,1.10,SLOW,4413.07,4413.36,4409.25,4413.00,0.00,0.00,0.0,BULLISH,411.0,4412.97,4413.70,4412.35,4412.79,50,CLEARED_>=20s,135.0,18.0,73.0,44.0,54.1,32.6,54.1,BLOCKED_54.1%,0.00,0.0,NO,STANDBY_VEL_LOW,0,0.00,4590.00,77.86,FALSE,M1_DIRECTION_MISMATCH
2026-09-07 15:10:51.214,1788793851.215,4690,66,66,4412.75,4412.83,8.0,PASS_<=10c,-4.0,DOWN,-22.0,-32.0,4.2,+2.10,0.50,SLOW,4413.07,4413.36,4409.25,4413.00,0.00,0.00,0.0,BULLISH,411.0,4412.97,4413.70,4412.35,4412.75,51,CLEARED_>=20s,135.0,22.0,73.0,40.0,54.1,29.6,54.1,BLOCKED_54.1%,0.00,0.0,NO,STANDBY_VEL_LOW,0,0.00,4590.00,77.86,FALSE,M1_DIRECTION_MISMATCH
2026-09-07 15:10:51.717,1788793851.717,4691,67,67,4412.75,4412.83,8.0,PASS_<=10c,+0.0,FLAT,-22.0,-32.0,4.2,+1.26,0.30,SLOW,4413.07,4413.36,4409.25,4413.00,0.00,0.00,0.0,BULLISH,411.0,4412.97,4413.70,4412.35,4412.75,51,CLEARED_>=20s,135.0,22.0,73.0,40.0,54.1,29.6,54.1,BLOCKED_54.1%,0.00,0.0,NO,STANDBY_VEL_LOW,0,0.00,4590.00,77.86,FALSE,M1_DIRECTION_MISMATCH
2026-09-07 15:10:52.219,1788793852.220,4692,68,68,4412.75,4412.83,8.0,PASS_<=10c,+0.0,FLAT,-22.0,-32.0,4.2,+1.05,0.25,SLOW,4413.07,4413.36,4409.25,4413.00,0.00,0.00,0.0,BULLISH,411.0,4412.97,4413.70,4412.35,4412.75,52,CLEARED_>=20s,135.0,22.0,73.0,40.0,54.1,29.6,54.1,BLOCKED_54.1%,0.00,0.0,NO,STANDBY_VEL_LOW,0,0.00,4590.00,77.86,FALSE,M1_DIRECTION_MISMATCH
2026-09-07 15:10:52.721,1788793852.721,4693,69,69,4412.56,4412.64,8.0,PASS_<=10c,-19.0,DOWN,-41.0,-51.0,4.2,+2.52,0.60,SLOW,4413.07,4413.36,4409.25,4413.00,0.00,0.00,0.0,BULLISH,411.0,4412.97,4413.70,4412.35,4412.56,52,CLEARED_>=20s,135.0,41.0,73.0,21.0,54.1,15.6,54.1,BLOCKED_54.1%,0.00,0.0,NO,STANDBY_VEL_LOW,0,0.00,4590.00,77.86,FALSE,M1_DIRECTION_MISMATCH
2026-09-07 15:10:53.222,1788793853.222,4694,70,70,4412.46,4412.54,8.0,PASS_<=10c,-10.0,DOWN,-51.0,-61.0,4.2,+4.41,1.05,SLOW,4413.07,4413.36,4409.25,4413.00,0.00,0.00,0.0,BULLISH,411.0,4412.97,4413.70,4412.35,4412.46,53,CLEARED_>=20s,135.0,51.0,73.0,11.0,54.1,8.1,54.1,BLOCKED_54.1%,0.00,0.0,NO,STANDBY_VEL_LOW,0,0.00,4590.00,77.86,FALSE,M1_DIRECTION_MISMATCH
2026-09-07 15:10:53.724,1788793853.725,4695,71,71,4412.43,4412.51,8.0,PASS_<=10c,-3.0,DOWN,-54.0,-64.0,4.2,+5.67,1.35,SLOW,4413.07,4413.36,4409.25,4413.00,0.00,0.00,0.0,BULLISH,411.0,4412.97,4413.70,4412.35,4412.43,53,CLEARED_>=20s,135.0,54.0,73.0,8.0,54.1,5.9,54.1,BLOCKED_54.1%,0.00,0.0,NO,STANDBY_VEL_LOW,0,0.00,4590.00,77.86,FALSE,M1_DIRECTION_MISMATCH
2026-09-07 15:10:54.225,1788793854.225,4696,72,72,4412.37,4412.45,8.0,PASS_<=10c,-6.0,DOWN,-60.0,-70.0,4.2,+7.34,1.75,SLOW,4413.07,4413.36,4409.25,4413.00,0.00,0.00,0.0,BULLISH,411.0,4412.97,4413.70,4412.35,4412.37,54,CLEARED_>=20s,135.0,60.0,73.0,2.0,54.1,1.5,54.1,BLOCKED_54.1%,0.00,0.0,NO,STANDBY_VEL_LOW,0,0.00,4590.00,77.86,FALSE,M1_DIRECTION_MISMATCH
2026-09-07 15:10:54.726,1788793854.727,4697,73,73,4412.37,4412.45,8.0,PASS_<=10c,+0.0,FLAT,-60.0,-70.0,4.2,+6.08,1.45,SLOW,4413.07,4413.36,4409.25,4413.00,0.00,0.00,0.0,BULLISH,411.0,4412.97,4413.70,4412.35,4412.37,54,CLEARED_>=20s,135.0,60.0,73.0,2.0,54.1,1.5,54.1,BLOCKED_54.1%,0.00,0.0,NO,STANDBY_VEL_LOW,0,0.00,4590.00,77.86,FALSE,M1_DIRECTION_MISMATCH
2026-09-07 15:10:55.228,1788793855.229,4698,74,74,4412.40,4412.48,8.0,PASS_<=10c,+3.0,UP,-57.0,-67.0,4.2,+8.18,1.95,SLOW,4413.07,4413.36,4409.25,4413.00,0.00,0.00,0.0,BULLISH,411.0,4412.97,4413.70,4412.35,4412.40,55,CLEARED_>=20s,135.0,57.0,73.0,5.0,54.1,3.7,54.1,BLOCKED_54.1%,0.00,0.0,NO,STANDBY_VEL_LOW,0,0.00,4590.00,77.86,FALSE,M1_DIRECTION_MISMATCH
2026-09-07 15:10:55.730,1788793855.730,4699,75,75,4412.35,4412.43,8.0,PASS_<=10c,-5.0,DOWN,-62.0,-72.0,4.2,+8.39,2.00,SLOW,4413.07,4413.36,4409.25,4413.00,0.00,0.00,0.0,BULLISH,411.0,4412.97,4413.70,4412.35,4412.35,55,CLEARED_>=20s,135.0,62.0,73.0,0.0,54.1,0.0,54.1,BLOCKED_54.1%,0.00,0.0,NO,STANDBY_VEL_LOW,0,0.00,4590.00,77.86,FALSE,M1_DIRECTION_MISMATCH
2026-09-07 15:10:56.231,1788793856.231,4700,76,76,4412.34,4412.42,8.0,PASS_<=10c,-1.0,DOWN,-63.0,-73.0,4.2,+8.60,2.05,SLOW,4413.07,4413.36,4409.25,4413.00,0.00,0.00,0.0,BULLISH,411.0,4412.97,4413.70,4412.34,4412.34,56,CLEARED_>=20s,136.0,63.0,73.0,0.0,53.7,0.0,53.7,BLOCKED_53.7%,0.00,0.0,NO,STANDBY_VEL_LOW,0,0.00,4590.00,77.86,FALSE,M1_DIRECTION_MISMATCH
2026-09-07 15:10:56.732,1788793856.733,4701,77,77,4412.33,4412.41,8.0,PASS_<=10c,-1.0,DOWN,-64.0,-74.0,4.2,+8.82,2.10,SLOW,4413.07,4413.36,4409.25,4413.00,0.00,0.00,0.0,BULLISH,411.0,4412.97,4413.70,4412.33,4412.33,56,CLEARED_>=20s,137.0,64.0,73.0,0.0,53.3,0.0,53.3,BLOCKED_53.3%,0.00,0.0,NO,STANDBY_VEL_LOW,0,0.00,4590.00,77.86,FALSE,M1_DIRECTION_MISMATCH
2026-09-07 15:10:57.234,1788793857.235,4702,78,78,4412.44,4412.52,8.0,PASS_<=10c,+11.0,UP,-53.0,-63.0,4.2,+6.51,1.55,SLOW,4413.07,4413.36,4409.25,4413.00,0.00,0.00,0.0,BULLISH,411.0,4412.97,4413.70,4412.33,4412.44,57,CLEARED_>=20s,137.0,53.0,73.0,11.0,53.3,8.0,53.3,BLOCKED_53.3%,0.00,0.0,NO,STANDBY_VEL_LOW,0,0.00,4590.00,77.86,FALSE,M1_DIRECTION_MISMATCH
2026-09-07 15:10:57.735,1788793857.735,4703,79,79,4412.38,4412.46,8.0,PASS_<=10c,-6.0,DOWN,-59.0,-69.0,4.2,+3.78,0.90,SLOW,4413.07,4413.36,4409.25,4413.00,0.00,0.00,0.0,BULLISH,411.0,4412.97,4413.70,4412.33,4412.38,57,CLEARED_>=20s,137.0,59.0,73.0,5.0,53.3,3.6,53.3,BLOCKED_53.3%,0.00,0.0,NO,STANDBY_VEL_LOW,0,0.00,4590.00,77.86,FALSE,M1_DIRECTION_MISMATCH
2026-09-07 15:10:58.237,1788793858.238,4704,80,80,4412.40,4412.48,8.0,PASS_<=10c,+2.0,UP,-57.0,-67.0,4.2,+1.26,0.30,SLOW,4413.07,4413.36,4409.25,4413.00,0.00,0.00,0.0,BULLISH,411.0,4412.97,4413.70,4412.33,4412.40,58,CLEARED_>=20s,137.0,57.0,73.0,7.0,53.3,5.1,53.3,BLOCKED_53.3%,0.00,0.0,NO,STANDBY_VEL_LOW,0,0.00,4590.00,77.86,FALSE,M1_DIRECTION_MISMATCH
2026-09-07 15:10:58.738,1788793858.739,4705,81,81,4412.36,4412.44,8.0,PASS_<=10c,-4.0,DOWN,-61.0,-71.0,4.2,+0.84,0.20,SLOW,4413.07,4413.36,4409.25,4413.00,0.00,0.00,0.0,BULLISH,411.0,4412.97,4413.70,4412.33,4412.36,58,CLEARED_>=20s,137.0,61.0,73.0,3.0,53.3,2.2,53.3,BLOCKED_53.3%,0.00,0.0,NO,STANDBY_VEL_LOW,0,0.00,4590.00,77.86,FALSE,M1_DIRECTION_MISMATCH
2026-09-07 15:10:59.240,1788793859.240,4706,82,82,4412.32,4412.40,8.0,PASS_<=10c,-4.0,DOWN,-65.0,-75.0,4.2,+1.05,0.25,SLOW,4413.07,4413.36,4409.25,4413.00,0.00,0.00,0.0,BULLISH,411.0,4412.97,4413.70,4412.32,4412.32,59,CLEARED_>=20s,138.0,65.0,73.0,0.0,52.9,0.0,52.9,BLOCKED_52.9%,0.00,0.0,NO,STANDBY_VEL_LOW,0,0.00,4590.00,77.86,FALSE,M1_DIRECTION_MISMATCH
2026-09-07 15:10:59.741,1788793859.741,4707,83,83,4412.21,4412.29,8.0,PASS_<=10c,-11.0,DOWN,-76.0,-86.0,4.2,+3.36,0.80,SLOW,4413.07,4413.36,4409.25,4413.00,0.00,0.00,0.0,BULLISH,411.0,4412.97,4413.70,4412.21,4412.21,59,CLEARED_>=20s,149.0,76.0,73.0,0.0,49.0,0.0,49.0,BLOCKED_49.0%,0.00,0.0,NO,STANDBY_VEL_LOW,0,0.00,4590.00,77.86,FALSE,M1_DIRECTION_MISMATCH
2026-09-07 15:11:00.243,1788793860.243,4708,1,84,4412.12,4412.20,8.0,PASS_<=10c,-9.0,DOWN,+0.0,-95.0,4.2,+5.46,1.30,SLOW,4413.07,4413.36,4409.25,4413.00,0.00,0.00,0.0,BULLISH,411.0,4412.12,4412.12,4412.12,4412.12,0,ACTIVE_0s,1.0,0.0,0.0,0.0,0.0,0.0,0.0,PASS_<20%,0.00,0.0,NO,STANDBY_VEL_LOW,0,0.00,4590.00,77.86,FALSE,M1_DIRECTION_MISMATCH|OPENING_SHIELD_ACTIVE_0s
2026-09-07 15:11:00.743,1788793860.744,4709,2,85,4412.10,4412.18,8.0,PASS_<=10c,-2.0,DOWN,-2.0,-97.0,4.2,+5.04,1.20,SLOW,4413.07,4413.36,4409.25,4413.00,0.00,0.00,0.0,BULLISH,411.0,4412.12,4412.12,4412.10,4412.10,0,ACTIVE_0s,2.0,2.0,0.0,0.0,0.0,0.0,0.0,PASS_<20%,0.00,0.0,NO,STANDBY_VEL_LOW,0,0.00,4590.00,77.86,FALSE,M1_DIRECTION_MISMATCH|OPENING_SHIELD_ACTIVE_0s
2026-09-07 15:11:01.245,1788793861.245,4710,3,86,4411.73,4411.81,8.0,PASS_<=10c,-37.0,DOWN,-39.0,-134.0,4.2,+12.60,3.00,SLOW,4413.07,4413.36,4409.25,4413.00,0.00,0.00,0.0,NEUTRAL,411.0,4412.12,4412.12,4411.73,4411.73,1,ACTIVE_1s,39.0,39.0,0.0,0.0,0.0,0.0,0.0,PASS_<20%,0.00,0.0,NO,STANDBY_VEL_LOW,0,0.00,4590.00,77.86,FALSE,M5_TREND_NEUTRAL|M1_DIRECTION_MISMATCH|OPENING_SHIELD_ACTIVE_1s
2026-09-07 15:11:01.747,1788793861.748,4711,4,87,4411.75,4411.83,8.0,PASS_<=10c,+2.0,UP,-37.0,-132.0,4.2,+12.38,2.95,SLOW,4413.07,4413.36,4409.25,4413.00,0.00,0.00,0.0,NEUTRAL,411.0,4412.12,4412.12,4411.73,4411.75,1,ACTIVE_1s,39.0,37.0,0.0,2.0,0.0,5.1,5.1,PASS_<20%,0.00,0.0,NO,STANDBY_VEL_LOW,0,0.00,4590.00,77.86,FALSE,M5_TREND_NEUTRAL|M1_DIRECTION_MISMATCH|OPENING_SHIELD_ACTIVE_1s
2026-09-07 15:11:02.249,1788793862.249,4712,5,88,4411.76,4411.84,8.0,PASS_<=10c,+1.0,UP,-36.0,-131.0,4.2,+15.11,3.60,SLOW,4413.07,4413.36,4409.25,4413.00,0.00,0.00,0.0,NEUTRAL,411.0,4412.12,4412.12,4411.73,4411.76,2,ACTIVE_2s,39.0,36.0,0.0,3.0,0.0,7.7,7.7,PASS_<20%,0.00,0.0,NO,STANDBY_VEL_LOW,0,0.00,4590.00,77.86,FALSE,M5_TREND_NEUTRAL|M1_DIRECTION_MISMATCH|OPENING_SHIELD_ACTIVE_2s
2026-09-07 15:11:02.750,1788793862.750,4713,6,89,4411.74,4411.82,8.0,PASS_<=10c,-2.0,DOWN,-38.0,-133.0,4.2,+13.65,3.25,SLOW,4413.07,4413.36,4409.25,4413.00,0.00,0.00,0.0,NEUTRAL,411.0,4412.12,4412.12,4411.73,4411.74,2,ACTIVE_2s,39.0,38.0,0.0,1.0,0.0,2.6,2.6,PASS_<20%,0.00,0.0,NO,STANDBY_VEL_LOW,0,0.00,4590.00,77.86,FALSE,M5_TREND_NEUTRAL|M1_DIRECTION_MISMATCH|OPENING_SHIELD_ACTIVE_2s
2026-09-07 15:11:03.251,1788793863.252,4714,7,90,4411.69,4411.77,8.0,PASS_<=10c,-5.0,DOWN,-43.0,-138.0,4.2,+14.48,3.45,SLOW,4413.07,4413.36,4409.25,4413.00,0.00,0.00,0.0,NEUTRAL,411.0,4412.12,4412.12,4411.69,4411.69,3,ACTIVE_3s,43.0,43.0,0.0,0.0,0.0,0.0,0.0,PASS_<20%,0.00,0.0,NO,STANDBY_VEL_LOW,0,0.00,4590.00,77.86,FALSE,M5_TREND_NEUTRAL|M1_DIRECTION_MISMATCH|OPENING_SHIELD_ACTIVE_3s
2026-09-07 15:11:03.754,1788793863.754,4715,8,91,4411.71,4411.79,8.0,PASS_<=10c,+2.0,UP,-41.0,-136.0,4.2,+12.80,3.05,SLOW,4413.07,4413.36,4409.25,4413.00,0.00,0.00,0.0,NEUTRAL,411.0,4412.12,4412.12,4411.69,4411.71,3,ACTIVE_3s,43.0,41.0,0.0,2.0,0.0,4.7,4.7,PASS_<20%,0.00,0.0,NO,STANDBY_VEL_LOW,0,0.00,4590.00,77.86,FALSE,M5_TREND_NEUTRAL|M1_DIRECTION_MISMATCH|OPENING_SHIELD_ACTIVE_3s
2026-09-07 15:11:04.255,1788793864.256,4716,9,92,4411.71,4411.79,8.0,PASS_<=10c,+0.0,FLAT,-41.0,-136.0,4.2,+12.80,3.05,SLOW,4413.07,4413.36,4409.25,4413.00,0.00,0.00,0.0,NEUTRAL,411.0,4412.12,4412.12,4411.69,4411.71,4,ACTIVE_4s,43.0,41.0,0.0,2.0,0.0,4.7,4.7,PASS_<20%,0.00,0.0,NO,STANDBY_VEL_LOW,0,0.00,4590.00,77.86,FALSE,M5_TREND_NEUTRAL|M1_DIRECTION_MISMATCH|OPENING_SHIELD_ACTIVE_4s
2026-09-07 15:11:04.757,1788793864.757,4717,10,93,4411.69,4411.77,8.0,PASS_<=10c,-2.0,DOWN,-43.0,-138.0,4.2,+9.44,2.25,SLOW,4413.07,4413.36,4409.25,4413.00,0.00,0.00,0.0,NEUTRAL,411.0,4412.12,4412.12,4411.69,4411.69,4,ACTIVE_4s,43.0,43.0,0.0,0.0,0.0,0.0,0.0,PASS_<20%,0.00,0.0,NO,STANDBY_VEL_LOW,0,0.00,4590.00,77.86,FALSE,M5_TREND_NEUTRAL|M1_DIRECTION_MISMATCH|OPENING_SHIELD_ACTIVE_4s
2026-09-07 15:11:05.259,1788793865.260,4718,11,94,4411.53,4411.61,8.0,PASS_<=10c,-16.0,DOWN,-59.0,-154.0,4.2,+12.38,2.95,SLOW,4413.07,4413.36,4409.25,4413.00,0.00,0.00,0.0,NEUTRAL,411.0,4412.12,4412.12,4411.53,4411.53,5,ACTIVE_5s,59.0,59.0,0.0,0.0,0.0,0.0,0.0,PASS_<20%,0.00,0.0,NO,STANDBY_VEL_LOW,0,0.00,4590.00,77.86,FALSE,M5_TREND_NEUTRAL|M1_DIRECTION_MISMATCH|OPENING_SHIELD_ACTIVE_5s
2026-09-07 15:11:05.761,1788793865.761,4719,12,95,4411.66,4411.74,8.0,PASS_<=10c,+13.0,UP,-46.0,-141.0,4.2,+9.02,2.15,SLOW,4413.07,4413.36,4409.25,4413.00,0.00,0.00,0.0,NEUTRAL,411.0,4412.12,4412.12,4411.53,4411.66,5,ACTIVE_5s,59.0,46.0,0.0,13.0,0.0,22.0,22.0,BLOCKED_22.0%,0.00,0.0,NO,STANDBY_VEL_LOW,0,0.00,4590.00,77.86,FALSE,M5_TREND_NEUTRAL|M1_DIRECTION_MISMATCH|OPENING_SHIELD_ACTIVE_5s
2026-09-07 15:11:06.263,1788793866.263,4720,13,96,4411.69,4411.77,8.0,PASS_<=10c,+3.0,UP,-43.0,-138.0,4.2,+0.84,0.20,SLOW,4413.07,4413.36,4409.25,4413.00,0.00,0.00,0.0,NEUTRAL,411.0,4412.12,4412.12,4411.53,4411.69,6,ACTIVE_6s,59.0,43.0,0.0,16.0,0.0,27.1,27.1,BLOCKED_27.1%,0.00,0.0,NO,STANDBY_VEL_LOW,0,0.00,4590.00,77.86,FALSE,M5_TREND_NEUTRAL|M1_DIRECTION_MISMATCH|OPENING_SHIELD_ACTIVE_6s
2026-09-07 15:11:06.764,1788793866.765,4721,14,97,4411.53,4411.61,8.0,PASS_<=10c,-16.0,DOWN,-59.0,-154.0,4.2,+4.83,1.15,SLOW,4413.07,4413.36,4409.25,4413.00,0.00,0.00,0.0,NEUTRAL,411.0,4412.12,4412.12,4411.53,4411.53,6,ACTIVE_6s,59.0,59.0,0.0,0.0,0.0,0.0,0.0,PASS_<20%,0.00,0.0,NO,STANDBY_VEL_LOW,0,0.00,4590.00,77.86,FALSE,M5_TREND_NEUTRAL|M1_DIRECTION_MISMATCH|OPENING_SHIELD_ACTIVE_6s
2026-09-07 15:11:07.266,1788793867.266,4722,15,98,4411.58,4411.66,8.0,PASS_<=10c,+5.0,UP,-54.0,-149.0,4.2,+3.78,0.90,SLOW,4413.07,4413.36,4409.25,4413.00,0.00,0.00,0.0,NEUTRAL,411.0,4412.12,4412.12,4411.53,4411.58,7,ACTIVE_7s,59.0,54.0,0.0,5.0,0.0,8.5,8.5,PASS_<20%,0.00,0.0,NO,STANDBY_VEL_LOW,0,0.00,4590.00,77.86,FALSE,M5_TREND_NEUTRAL|M1_DIRECTION_MISMATCH|OPENING_SHIELD_ACTIVE_7s
2026-09-07 15:11:07.769,1788793867.769,4723,16,99,4411.55,4411.63,8.0,PASS_<=10c,-3.0,DOWN,-57.0,-152.0,4.2,+3.78,0.90,SLOW,4413.07,4413.36,4409.25,4413.00,0.00,0.00,0.0,NEUTRAL,411.0,4412.12,4412.12,4411.53,4411.55,7,ACTIVE_7s,59.0,57.0,0.0,2.0,0.0,3.4,3.4,PASS_<20%,0.00,0.0,NO,STANDBY_VEL_LOW,0,0.00,4590.00,77.86,FALSE,M5_TREND_NEUTRAL|M1_DIRECTION_MISMATCH|OPENING_SHIELD_ACTIVE_7s
2026-09-07 15:11:08.271,1788793868.271,4724,17,100,4411.55,4411.63,8.0,PASS_<=10c,+0.0,FLAT,-57.0,-152.0,4.2,+2.94,0.70,SLOW,4413.07,4413.36,4409.25,4413.00,0.00,0.00,0.0,NEUTRAL,411.0,4412.12,4412.12,4411.53,4411.55,8,ACTIVE_8s,59.0,57.0,0.0,2.0,0.0,3.4,3.4,PASS_<20%,0.00,0.0,NO,STANDBY_VEL_LOW,0,0.00,4590.00,77.86,FALSE,M5_TREND_NEUTRAL|M1_DIRECTION_MISMATCH|OPENING_SHIELD_ACTIVE_8s
2026-09-07 15:11:08.772,1788793868.772,4725,18,101,4411.56,4411.64,8.0,PASS_<=10c,+1.0,UP,-56.0,-151.0,4.2,+3.15,0.75,SLOW,4413.07,4413.36,4409.25,4413.00,0.00,0.00,0.0,NEUTRAL,411.0,4412.12,4412.12,4411.53,4411.56,8,ACTIVE_8s,59.0,56.0,0.0,3.0,0.0,5.1,5.1,PASS_<20%,0.00,0.0,NO,STANDBY_VEL_LOW,0,0.00,4590.00,77.86,FALSE,M5_TREND_NEUTRAL|M1_DIRECTION_MISMATCH|OPENING_SHIELD_ACTIVE_8s
2026-09-07 15:11:09.274,1788793869.275,4726,19,102,4411.56,4411.64,8.0,PASS_<=10c,+0.0,FLAT,-56.0,-151.0,4.2,+3.15,0.75,SLOW,4413.07,4413.36,4409.25,4413.00,0.00,0.00,0.0,NEUTRAL,411.0,4412.12,4412.12,4411.53,4411.56,9,ACTIVE_9s,59.0,56.0,0.0,3.0,0.0,5.1,5.1,PASS_<20%,0.00,0.0,NO,STANDBY_VEL_LOW,0,0.00,4590.00,77.86,FALSE,M5_TREND_NEUTRAL|M1_DIRECTION_MISMATCH|OPENING_SHIELD_ACTIVE_9s
2026-09-07 15:11:09.777,1788793869.777,4727,20,103,4411.60,4411.68,8.0,PASS_<=10c,+4.0,UP,-52.0,-147.0,4.2,+0.00,0.00,SLOW,4413.07,4413.36,4409.25,4413.00,0.00,0.00,0.0,NEUTRAL,411.0,4412.12,4412.12,4411.53,4411.60,9,ACTIVE_9s,59.0,52.0,0.0,7.0,0.0,11.9,11.9,PASS_<20%,0.00,0.0,NO,STANDBY_VEL_LOW,0,0.00,4590.00,77.86,FALSE,M5_TREND_NEUTRAL|M1_DIRECTION_MISMATCH|OPENING_SHIELD_ACTIVE_9s
2026-09-07 15:11:10.278,1788793870.279,4728,21,104,4411.60,4411.68,8.0,PASS_<=10c,+0.0,FLAT,-52.0,-147.0,4.2,+0.84,0.20,SLOW,4413.07,4413.36,4409.25,4413.00,0.00,0.00,0.0,NEUTRAL,411.0,4412.12,4412.12,4411.53,4411.60,10,ACTIVE_10s,59.0,52.0,0.0,7.0,0.0,11.9,11.9,PASS_<20%,0.00,0.0,NO,STANDBY_VEL_LOW,0,0.00,4590.00,77.86,FALSE,M5_TREND_NEUTRAL|M1_DIRECTION_MISMATCH|OPENING_SHIELD_ACTIVE_10s
2026-09-07 15:11:10.781,1788793870.781,4729,22,105,4411.66,4411.74,8.0,PASS_<=10c,+6.0,UP,-46.0,-141.0,4.2,+0.63,0.15,SLOW,4413.07,4413.36,4409.25,4413.00,0.00,0.00,0.0,NEUTRAL,411.0,4412.12,4412.12,4411.53,4411.66,10,ACTIVE_10s,59.0,46.0,0.0,13.0,0.0,22.0,22.0,BLOCKED_22.0%,0.00,0.0,NO,STANDBY_VEL_LOW,0,0.00,4590.00,77.86,FALSE,M5_TREND_NEUTRAL|M1_DIRECTION_MISMATCH|OPENING_SHIELD_ACTIVE_10s
2026-09-07 15:11:11.283,1788793871.283,4730,23,106,4411.66,4411.74,8.0,PASS_<=10c,+0.0,FLAT,-46.0,-141.0,4.2,+0.63,0.15,SLOW,4413.07,4413.36,4409.25,4413.00,0.00,0.00,0.0,NEUTRAL,411.0,4412.12,4412.12,4411.53,4411.66,11,ACTIVE_11s,59.0,46.0,0.0,13.0,0.0,22.0,22.0,BLOCKED_22.0%,0.00,0.0,NO,STANDBY_VEL_LOW,0,0.00,4590.00,77.86,FALSE,M5_TREND_NEUTRAL|M1_DIRECTION_MISMATCH|OPENING_SHIELD_ACTIVE_11s
2026-09-07 15:11:11.784,1788793871.785,4731,24,107,4411.68,4411.76,8.0,PASS_<=10c,+2.0,UP,-44.0,-139.0,4.2,+2.94,0.70,SLOW,4413.07,4413.36,4409.25,4413.00,0.00,0.00,0.0,NEUTRAL,411.0,4412.12,4412.12,4411.53,4411.68,11,ACTIVE_11s,59.0,44.0,0.0,15.0,0.0,25.4,25.4,BLOCKED_25.4%,0.00,0.0,NO,STANDBY_VEL_LOW,0,0.00,4590.00,77.86,FALSE,M5_TREND_NEUTRAL|M1_DIRECTION_MISMATCH|OPENING_SHIELD_ACTIVE_11s
2026-09-07 15:11:12.286,1788793872.286,4732,25,108,4411.64,4411.72,8.0,PASS_<=10c,-4.0,DOWN,-48.0,-143.0,4.2,+1.26,0.30,SLOW,4413.07,4413.36,4409.25,4413.00,0.00,0.00,0.0,NEUTRAL,411.0,4412.12,4412.12,4411.53,4411.64,12,ACTIVE_12s,59.0,48.0,0.0,11.0,0.0,18.6,18.6,PASS_<20%,0.00,0.0,NO,STANDBY_VEL_LOW,0,0.00,4590.00,77.86,FALSE,M5_TREND_NEUTRAL|M1_DIRECTION_MISMATCH|OPENING_SHIELD_ACTIVE_12s
2026-09-07 15:11:12.789,1788793872.790,4733,26,109,4411.54,4411.62,8.0,PASS_<=10c,-10.0,DOWN,-58.0,-153.0,4.2,+0.84,0.20,SLOW,4413.07,4413.36,4409.25,4413.00,0.00,0.00,0.0,NEUTRAL,411.0,4412.12,4412.12,4411.53,4411.54,12,ACTIVE_12s,59.0,58.0,0.0,1.0,0.0,1.7,1.7,PASS_<20%,0.00,0.0,NO,STANDBY_VEL_LOW,0,0.00,4590.00,77.86,FALSE,M5_TREND_NEUTRAL|M1_DIRECTION_MISMATCH|OPENING_SHIELD_ACTIVE_12s
2026-09-07 15:11:13.291,1788793873.292,4734,27,110,4411.52,4411.60,8.0,PASS_<=10c,-2.0,DOWN,-60.0,-155.0,4.2,+0.63,0.15,SLOW,4413.07,4413.36,4409.25,4413.00,0.00,0.00,0.0,NEUTRAL,411.0,4412.12,4412.12,4411.52,4411.52,13,ACTIVE_13s,60.0,60.0,0.0,0.0,0.0,0.0,0.0,PASS_<20%,0.00,0.0,NO,STANDBY_VEL_LOW,0,0.00,4590.00,77.86,FALSE,M5_TREND_NEUTRAL|M1_DIRECTION_MISMATCH|OPENING_SHIELD_ACTIVE_13s
2026-09-07 15:11:13.793,1788793873.793,4735,28,111,4411.49,4411.57,8.0,PASS_<=10c,-3.0,DOWN,-63.0,-158.0,4.2,+1.47,0.35,SLOW,4413.07,4413.36,4409.25,4413.00,0.00,0.00,0.0,NEUTRAL,411.0,4412.12,4412.12,4411.49,4411.49,13,ACTIVE_13s,63.0,63.0,0.0,0.0,0.0,0.0,0.0,PASS_<20%,0.00,0.0,NO,STANDBY_VEL_LOW,0,0.00,4590.00,77.86,FALSE,M5_TREND_NEUTRAL|M1_DIRECTION_MISMATCH|OPENING_SHIELD_ACTIVE_13s
2026-09-07 15:11:14.294,1788793874.294,4736,29,112,4411.50,4411.58,8.0,PASS_<=10c,+1.0,UP,-62.0,-157.0,4.2,+2.10,0.50,SLOW,4413.07,4413.36,4409.25,4413.00,0.00,0.00,0.0,NEUTRAL,411.0,4412.12,4412.12,4411.49,4411.50,14,ACTIVE_14s,63.0,62.0,0.0,1.0,0.0,1.6,1.6,PASS_<20%,0.00,0.0,NO,STANDBY_VEL_LOW,0,0.00,4590.00,77.86,FALSE,M5_TREND_NEUTRAL|M1_DIRECTION_MISMATCH|OPENING_SHIELD_ACTIVE_14s
2026-09-07 15:11:14.795,1788793874.795,4737,30,113,4411.57,4411.65,8.0,PASS_<=10c,+7.0,UP,-55.0,-150.0,4.2,+0.63,0.15,SLOW,4413.07,4413.36,4409.25,4413.00,0.00,0.00,0.0,NEUTRAL,411.0,4412.12,4412.12,4411.49,4411.57,14,ACTIVE_14s,63.0,55.0,0.0,8.0,0.0,12.7,12.7,PASS_<20%,0.00,0.0,NO,STANDBY_VEL_LOW,0,0.00,4590.00,77.86,FALSE,M5_TREND_NEUTRAL|M1_DIRECTION_MISMATCH|OPENING_SHIELD_ACTIVE_14s
2026-09-07 15:11:15.297,1788793875.298,4738,31,114,4411.57,4411.65,8.0,PASS_<=10c,+0.0,FLAT,-55.0,-150.0,4.2,+0.63,0.15,SLOW,4413.07,4413.36,4409.25,4413.00,0.00,0.00,0.0,NEUTRAL,411.0,4412.12,4412.12,4411.49,4411.57,15,ACTIVE_15s,63.0,55.0,0.0,8.0,0.0,12.7,12.7,PASS_<20%,0.00,0.0,NO,STANDBY_VEL_LOW,0,0.00,4590.00,77.86,FALSE,M5_TREND_NEUTRAL|M1_DIRECTION_MISMATCH|OPENING_SHIELD_ACTIVE_15s
2026-09-07 15:11:15.799,1788793875.800,4739,32,115,4411.62,4411.70,8.0,PASS_<=10c,+5.0,UP,-50.0,-145.0,4.2,+0.84,0.20,SLOW,4413.07,4413.36,4409.25,4413.00,0.00,0.00,0.0,NEUTRAL,411.0,4412.12,4412.12,4411.49,4411.62,15,ACTIVE_15s,63.0,50.0,0.0,13.0,0.0,20.6,20.6,BLOCKED_20.6%,0.00,0.0,NO,STANDBY_VEL_LOW,0,0.00,4590.00,77.86,FALSE,M5_TREND_NEUTRAL|M1_DIRECTION_MISMATCH|OPENING_SHIELD_ACTIVE_15s
2026-09-07 15:11:16.300,1788793876.301,4740,33,116,4411.68,4411.76,8.0,PASS_<=10c,+6.0,UP,-44.0,-139.0,4.2,+0.42,0.10,SLOW,4413.07,4413.36,4409.25,4413.00,0.00,0.00,0.0,NEUTRAL,411.0,4412.12,4412.12,4411.49,4411.68,16,ACTIVE_16s,63.0,44.0,0.0,19.0,0.0,30.2,30.2,BLOCKED_30.2%,0.00,0.0,NO,STANDBY_VEL_LOW,0,0.00,4590.00,77.86,FALSE,M5_TREND_NEUTRAL|M1_DIRECTION_MISMATCH|OPENING_SHIELD_ACTIVE_16s
2026-09-07 15:11:16.803,1788793876.803,4741,34,117,4411.71,4411.79,8.0,PASS_<=10c,+3.0,UP,-41.0,-136.0,4.2,+0.84,0.20,SLOW,4413.07,4413.36,4409.25,4413.00,0.00,0.00,0.0,NEUTRAL,411.0,4412.12,4412.12,4411.49,4411.71,16,ACTIVE_16s,63.0,41.0,0.0,22.0,0.0,34.9,34.9,BLOCKED_34.9%,0.00,0.0,NO,STANDBY_VEL_LOW,0,0.00,4590.00,77.86,FALSE,M5_TREND_NEUTRAL|M1_DIRECTION_MISMATCH|OPENING_SHIELD_ACTIVE_16s
2026-09-07 15:11:17.304,1788793877.304,4742,35,118,4411.63,4411.71,8.0,PASS_<=10c,-8.0,DOWN,-49.0,-144.0,4.2,+1.89,0.45,SLOW,4413.07,4413.36,4409.25,4413.00,0.00,0.00,0.0,NEUTRAL,411.0,4412.12,4412.12,4411.49,4411.63,17,ACTIVE_17s,63.0,49.0,0.0,14.0,0.0,22.2,22.2,BLOCKED_22.2%,0.00,0.0,NO,STANDBY_VEL_LOW,0,0.00,4590.00,77.86,FALSE,M5_TREND_NEUTRAL|M1_DIRECTION_MISMATCH|OPENING_SHIELD_ACTIVE_17s
2026-09-07 15:11:17.806,1788793877.807,4743,36,119,4411.67,4411.75,8.0,PASS_<=10c,+4.0,UP,-45.0,-140.0,4.2,+3.15,0.75,SLOW,4413.07,4413.36,4409.25,4413.00,0.00,0.00,0.0,NEUTRAL,411.0,4412.12,4412.12,4411.49,4411.67,17,ACTIVE_17s,63.0,45.0,0.0,18.0,0.0,28.6,28.6,BLOCKED_28.6%,0.00,0.0,NO,STANDBY_VEL_LOW,0,0.00,4590.00,77.86,FALSE,M5_TREND_NEUTRAL|M1_DIRECTION_MISMATCH|OPENING_SHIELD_ACTIVE_17s
2026-09-07 15:11:18.308,1788793878.308,4744,37,120,4411.67,4411.75,8.0,PASS_<=10c,+0.0,FLAT,-45.0,-140.0,4.2,+3.57,0.85,SLOW,4413.07,4413.36,4409.25,4413.00,0.00,0.00,0.0,NEUTRAL,411.0,4412.12,4412.12,4411.49,4411.67,18,ACTIVE_18s,63.0,45.0,0.0,18.0,0.0,28.6,28.6,BLOCKED_28.6%,0.00,0.0,NO,STANDBY_VEL_LOW,0,0.00,4590.00,77.86,FALSE,M5_TREND_NEUTRAL|M1_DIRECTION_MISMATCH|OPENING_SHIELD_ACTIVE_18s
2026-09-07 15:11:18.809,1788793878.809,4745,38,121,4411.71,4411.79,8.0,PASS_<=10c,+4.0,UP,-41.0,-136.0,4.2,+4.41,1.05,SLOW,4413.07,4413.36,4409.25,4413.00,0.00,0.00,0.0,NEUTRAL,411.0,4412.12,4412.12,4411.49,4411.71,18,ACTIVE_18s,63.0,41.0,0.0,22.0,0.0,34.9,34.9,BLOCKED_34.9%,0.00,0.0,NO,STANDBY_VEL_LOW,0,0.00,4590.00,77.86,FALSE,M5_TREND_NEUTRAL|M1_DIRECTION_MISMATCH|OPENING_SHIELD_ACTIVE_18s
2026-09-07 15:11:19.311,1788793879.312,4746,39,122,4411.71,4411.79,8.0,PASS_<=10c,+0.0,FLAT,-41.0,-136.0,4.2,+4.20,1.00,SLOW,4413.07,4413.36,4409.25,4413.00,0.00,0.00,0.0,NEUTRAL,411.0,4412.12,4412.12,4411.49,4411.71,19,ACTIVE_19s,63.0,41.0,0.0,22.0,0.0,34.9,34.9,BLOCKED_34.9%,0.00,0.0,NO,STANDBY_VEL_LOW,0,0.00,4590.00,77.86,FALSE,M5_TREND_NEUTRAL|M1_DIRECTION_MISMATCH|OPENING_SHIELD_ACTIVE_19s
2026-09-07 15:11:19.813,1788793879.814,4747,40,123,4411.72,4411.80,8.0,PASS_<=10c,+1.0,UP,-40.0,-135.0,4.2,+3.15,0.75,SLOW,4413.07,4413.36,4409.25,4413.00,0.00,0.00,0.0,NEUTRAL,411.0,4412.12,4412.12,4411.49,4411.72,19,ACTIVE_19s,63.0,40.0,0.0,23.0,0.0,36.5,36.5,BLOCKED_36.5%,0.00,0.0,NO,STANDBY_VEL_LOW,0,0.00,4590.00,77.86,FALSE,M5_TREND_NEUTRAL|M1_DIRECTION_MISMATCH|OPENING_SHIELD_ACTIVE_19s
2026-09-07 15:11:20.315,1788793880.315,4748,41,124,4411.72,4411.80,8.0,PASS_<=10c,+0.0,FLAT,-40.0,-135.0,4.2,+2.31,0.55,SLOW,4413.07,4413.36,4409.25,4413.00,0.00,0.00,0.0,NEUTRAL,411.0,4412.12,4412.12,4411.49,4411.72,20,CLEARED_>=20s,63.0,40.0,0.0,23.0,0.0,36.5,36.5,BLOCKED_36.5%,0.00,0.0,NO,STANDBY_VEL_LOW,0,0.00,4590.00,77.86,FALSE,M5_TREND_NEUTRAL|M1_DIRECTION_MISMATCH
2026-09-07 15:11:20.816,1788793880.816,4749,42,125,4411.78,4411.86,8.0,PASS_<=10c,+6.0,UP,-34.0,-129.0,4.2,+2.10,0.50,SLOW,4413.07,4413.36,4409.25,4413.00,0.00,0.00,0.0,NEUTRAL,411.0,4412.12,4412.12,4411.49,4411.78,20,CLEARED_>=20s,63.0,34.0,0.0,29.0,0.0,46.0,46.0,BLOCKED_46.0%,0.00,0.0,NO,STANDBY_VEL_LOW,0,0.00,4590.00,77.86,FALSE,M5_TREND_NEUTRAL|M1_DIRECTION_MISMATCH
2026-09-07 15:11:21.317,1788793881.318,4750,43,126,4411.78,4411.86,8.0,PASS_<=10c,+0.0,FLAT,-34.0,-129.0,4.2,+1.47,0.35,SLOW,4413.07,4413.36,4409.25,4413.00,0.00,0.00,0.0,NEUTRAL,411.0,4412.12,4412.12,4411.49,4411.78,21,CLEARED_>=20s,63.0,34.0,0.0,29.0,0.0,46.0,46.0,BLOCKED_46.0%,0.00,0.0,NO,STANDBY_VEL_LOW,0,0.00,4590.00,77.86,FALSE,M5_TREND_NEUTRAL|M1_DIRECTION_MISMATCH
2026-09-07 15:11:21.820,1788793881.820,4751,44,127,4411.80,4411.88,8.0,PASS_<=10c,+2.0,UP,-32.0,-127.0,4.2,+2.73,0.65,SLOW,4413.07,4413.36,4409.25,4413.00,0.00,0.00,0.0,NEUTRAL,411.0,4412.12,4412.12,4411.49,4411.80,21,CLEARED_>=20s,63.0,32.0,0.0,31.0,0.0,49.2,49.2,BLOCKED_49.2%,0.00,0.0,NO,STANDBY_VEL_LOW,0,0.00,4590.00,77.86,FALSE,M5_TREND_NEUTRAL|M1_DIRECTION_MISMATCH
2026-09-07 15:11:22.337,1788793882.338,4752,45,128,4411.76,4411.84,8.0,PASS_<=10c,-4.0,DOWN,-36.0,-131.0,4.2,+1.89,0.45,SLOW,4413.07,4413.36,4409.25,4413.00,0.00,0.00,0.0,NEUTRAL,411.0,4412.12,4412.12,4411.49,4411.76,22,CLEARED_>=20s,63.0,36.0,0.0,27.0,0.0,42.9,42.9,BLOCKED_42.9%,0.00,0.0,NO,STANDBY_VEL_LOW,0,0.00,4590.00,77.86,FALSE,M5_TREND_NEUTRAL|M1_DIRECTION_MISMATCH
2026-09-07 15:11:22.829,1788793882.830,4753,46,129,4411.93,4412.01,8.0,PASS_<=10c,+17.0,UP,-19.0,-114.0,4.2,+5.45,1.30,SLOW,4413.07,4413.36,4409.25,4413.00,0.00,0.00,0.0,NEUTRAL,411.0,4412.12,4412.12,4411.49,4411.93,22,CLEARED_>=20s,63.0,19.0,0.0,44.0,0.0,69.8,69.8,BLOCKED_69.8%,0.00,0.0,NO,STANDBY_VEL_LOW,0,0.00,4590.00,77.86,FALSE,M5_TREND_NEUTRAL|M1_DIRECTION_MISMATCH
2026-09-07 15:11:23.331,1788793883.332,4754,47,130,4412.00,4412.08,8.0,PASS_<=10c,+7.0,UP,-12.0,-107.0,4.2,+6.08,1.45,SLOW,4413.07,4413.36,4409.25,4413.00,0.00,0.00,0.0,BULLISH,411.0,4412.12,4412.12,4411.49,4412.00,23,CLEARED_>=20s,63.0,12.0,0.0,51.0,0.0,81.0,0.0,PASS_<20%,0.00,0.0,NO,STANDBY_VEL_LOW,0,0.00,4590.00,77.86,FALSE,M1_DIRECTION_MISMATCH
2026-09-07 15:11:23.833,1788793883.834,4755,48,131,4411.99,4412.07,8.0,PASS_<=10c,-1.0,DOWN,-13.0,-108.0,4.2,+5.87,1.40,SLOW,4413.07,4413.36,4409.25,4413.00,0.00,0.00,0.0,BULLISH,411.0,4412.12,4412.12,4411.49,4411.99,23,CLEARED_>=20s,63.0,13.0,0.0,50.0,0.0,79.4,0.0,PASS_<20%,0.00,0.0,NO,STANDBY_VEL_LOW,0,0.00,4590.00,77.86,FALSE,M1_DIRECTION_MISMATCH
2026-09-07 15:11:24.335,1788793884.336,4756,49,132,4411.86,4411.94,8.0,PASS_<=10c,-13.0,DOWN,-26.0,-121.0,4.2,+2.93,0.70,SLOW,4413.07,4413.36,4409.25,4413.00,0.00,0.00,0.0,NEUTRAL,411.0,4412.12,4412.12,4411.49,4411.86,24,CLEARED_>=20s,63.0,26.0,0.0,37.0,0.0,58.7,58.7,BLOCKED_58.7%,0.00,0.0,NO,STANDBY_VEL_LOW,0,0.00,4590.00,77.86,FALSE,M5_TREND_NEUTRAL|M1_DIRECTION_MISMATCH
2026-09-07 15:11:24.838,1788793884.838,4757,50,133,4411.90,4411.98,8.0,PASS_<=10c,+4.0,UP,-22.0,-117.0,4.2,+3.77,0.90,SLOW,4413.07,4413.36,4409.25,4413.00,0.00,0.00,0.0,NEUTRAL,411.0,4412.12,4412.12,4411.49,4411.90,24,CLEARED_>=20s,63.0,22.0,0.0,41.0,0.0,65.1,65.1,BLOCKED_65.1%,0.00,0.0,NO,STANDBY_VEL_LOW,0,0.00,4590.00,77.86,FALSE,M5_TREND_NEUTRAL|M1_DIRECTION_MISMATCH
2026-09-07 15:11:25.339,1788793885.340,4758,51,134,4411.90,4411.98,8.0,PASS_<=10c,+0.0,FLAT,-22.0,-117.0,4.2,+3.35,0.80,SLOW,4413.07,4413.36,4409.25,4413.00,0.00,0.00,0.0,NEUTRAL,411.0,4412.12,4412.12,4411.49,4411.90,25,CLEARED_>=20s,63.0,22.0,0.0,41.0,0.0,65.1,65.1,BLOCKED_65.1%,0.00,0.0,NO,STANDBY_VEL_LOW,0,0.00,4590.00,77.86,FALSE,M5_TREND_NEUTRAL|M1_DIRECTION_MISMATCH
2026-09-07 15:11:25.841,1788793885.841,4759,52,135,4411.93,4412.01,8.0,PASS_<=10c,+3.0,UP,-19.0,-114.0,4.2,+3.14,0.75,SLOW,4413.07,4413.36,4409.25,4413.00,0.00,0.00,0.0,NEUTRAL,411.0,4412.12,4412.12,4411.49,4411.93,25,CLEARED_>=20s,63.0,19.0,0.0,44.0,0.0,69.8,69.8,BLOCKED_69.8%,0.00,0.0,NO,STANDBY_VEL_LOW,0,0.00,4590.00,77.86,FALSE,M5_TREND_NEUTRAL|M1_DIRECTION_MISMATCH
2026-09-07 15:11:26.342,1788793886.343,4760,53,136,4411.93,4412.01,8.0,PASS_<=10c,+0.0,FLAT,-19.0,-114.0,4.2,+3.14,0.75,SLOW,4413.07,4413.36,4409.25,4413.00,0.00,0.00,0.0,NEUTRAL,411.0,4412.12,4412.12,4411.49,4411.93,26,CLEARED_>=20s,63.0,19.0,0.0,44.0,0.0,69.8,69.8,BLOCKED_69.8%,0.00,0.0,NO,STANDBY_VEL_LOW,0,0.00,4590.00,77.86,FALSE,M5_TREND_NEUTRAL|M1_DIRECTION_MISMATCH
2026-09-07 15:11:26.844,1788793886.845,4761,54,137,4412.07,4412.15,8.0,PASS_<=10c,+14.0,UP,-5.0,-100.0,4.2,+6.49,1.55,SLOW,4413.07,4413.36,4409.25,4413.00,0.00,0.00,0.0,BULLISH,411.0,4412.12,4412.12,4411.49,4412.07,26,CLEARED_>=20s,63.0,5.0,0.0,58.0,0.0,92.1,0.0,PASS_<20%,0.00,0.0,NO,STANDBY_VEL_LOW,0,0.00,4590.00,77.86,FALSE,M1_DIRECTION_MISMATCH
2026-09-07 15:11:27.346,1788793887.347,4762,55,138,4412.08,4412.16,8.0,PASS_<=10c,+1.0,UP,-4.0,-99.0,4.2,+6.71,1.60,SLOW,4413.07,4413.36,4409.25,4413.00,0.00,0.00,0.0,BULLISH,411.0,4412.12,4412.12,4411.49,4412.08,27,CLEARED_>=20s,63.0,4.0,0.0,59.0,0.0,93.7,0.0,PASS_<20%,0.00,0.0,NO,STANDBY_VEL_LOW,0,0.00,4590.00,77.86,FALSE,M1_DIRECTION_MISMATCH
2026-09-07 15:11:27.847,1788793887.848,4763,56,139,4412.10,4412.18,8.0,PASS_<=10c,+2.0,UP,-2.0,-97.0,4.2,+2.73,0.65,SLOW,4413.07,4413.36,4409.25,4413.00,0.00,0.00,0.0,BULLISH,411.0,4412.12,4412.12,4411.49,4412.10,27,CLEARED_>=20s,63.0,2.0,0.0,61.0,0.0,96.8,0.0,PASS_<20%,0.00,0.0,NO,STANDBY_VEL_LOW,0,0.00,4590.00,77.86,FALSE,M1_DIRECTION_MISMATCH
2026-09-07 15:11:28.348,1788793888.349,4764,57,140,4412.10,4412.18,8.0,PASS_<=10c,+0.0,FLAT,-2.0,-97.0,4.2,+2.10,0.50,SLOW,4413.07,4413.36,4409.25,4413.00,0.00,0.00,0.0,BULLISH,411.0,4412.12,4412.12,4411.49,4412.10,28,CLEARED_>=20s,63.0,2.0,0.0,61.0,0.0,96.8,0.0,PASS_<20%,0.00,0.0,NO,STANDBY_VEL_LOW,0,0.00,4590.00,77.86,FALSE,M1_DIRECTION_MISMATCH
2026-09-07 15:11:28.850,1788793888.851,4765,58,141,4412.08,4412.16,8.0,PASS_<=10c,-2.0,DOWN,-4.0,-99.0,4.2,+5.04,1.20,SLOW,4413.07,4413.36,4409.25,4413.00,0.00,0.00,0.0,BULLISH,411.0,4412.12,4412.12,4411.49,4412.08,28,CLEARED_>=20s,63.0,4.0,0.0,59.0,0.0,93.7,0.0,PASS_<20%,0.00,0.0,NO,STANDBY_VEL_LOW,0,0.00,4590.00,77.86,FALSE,M1_DIRECTION_MISMATCH
2026-09-07 15:11:29.352,1788793889.353,4766,59,142,4412.08,4412.16,8.0,PASS_<=10c,+0.0,FLAT,-4.0,-99.0,4.2,+3.78,0.90,SLOW,4413.07,4413.36,4409.25,4413.00,0.00,0.00,0.0,BULLISH,411.0,4412.12,4412.12,4411.49,4412.08,29,CLEARED_>=20s,63.0,4.0,0.0,59.0,0.0,93.7,0.0,PASS_<20%,0.00,0.0,NO,STANDBY_VEL_LOW,0,0.00,4590.00,77.86,FALSE,M1_DIRECTION_MISMATCH
2026-09-07 15:11:29.855,1788793889.855,4767,60,143,4412.06,4412.14,8.0,PASS_<=10c,-2.0,DOWN,-6.0,-101.0,4.2,+3.36,0.80,SLOW,4413.07,4413.36,4409.25,4413.00,0.00,0.00,0.0,BULLISH,411.0,4412.12,4412.12,4411.49,4412.06,29,CLEARED_>=20s,63.0,6.0,0.0,57.0,0.0,90.5,0.0,PASS_<20%,0.00,0.0,NO,STANDBY_VEL_LOW,0,0.00,4590.00,77.86,FALSE,M1_DIRECTION_MISMATCH
2026-09-07 15:11:30.357,1788793890.358,4768,61,144,4412.10,4412.18,8.0,PASS_<=10c,+4.0,UP,-2.0,-97.0,4.2,+3.57,0.85,SLOW,4413.07,4413.36,4409.25,4413.00,0.00,0.00,0.0,BULLISH,411.0,4412.12,4412.12,4411.49,4412.10,30,CLEARED_>=20s,63.0,2.0,0.0,61.0,0.0,96.8,0.0,PASS_<20%,0.00,0.0,NO,STANDBY_VEL_LOW,0,0.00,4590.00,77.86,FALSE,M1_DIRECTION_MISMATCH
2026-09-07 15:11:30.859,1788793890.859,4769,62,145,4412.10,4412.18,8.0,PASS_<=10c,+0.0,FLAT,-2.0,-97.0,4.2,+3.57,0.85,SLOW,4413.07,4413.36,4409.25,4413.00,0.00,0.00,0.0,BULLISH,411.0,4412.12,4412.12,4411.49,4412.10,30,CLEARED_>=20s,63.0,2.0,0.0,61.0,0.0,96.8,0.0,PASS_<20%,0.00,0.0,NO,STANDBY_VEL_LOW,0,0.00,4590.00,77.86,FALSE,M1_DIRECTION_MISMATCH
2026-09-07 15:11:31.361,1788793891.362,4770,63,146,4412.10,4412.18,8.0,PASS_<=10c,+0.0,FLAT,-2.0,-97.0,4.2,+1.89,0.45,SLOW,4413.07,4413.36,4409.25,4413.00,0.00,0.00,0.0,BULLISH,411.0,4412.12,4412.12,4411.49,4412.10,31,CLEARED_>=20s,63.0,2.0,0.0,61.0,0.0,96.8,0.0,PASS_<20%,0.00,0.0,NO,STANDBY_VEL_LOW,0,0.00,4590.00,77.86,FALSE,M1_DIRECTION_MISMATCH
2026-09-07 15:11:31.864,1788793891.865,4771,64,147,4412.09,4412.17,8.0,PASS_<=10c,-1.0,DOWN,-3.0,-98.0,4.2,+0.21,0.05,SLOW,4413.07,4413.36,4409.25,4413.00,0.00,0.00,0.0,BULLISH,411.0,4412.12,4412.12,4411.49,4412.09,31,CLEARED_>=20s,63.0,3.0,0.0,60.0,0.0,95.2,0.0,PASS_<20%,0.00,0.0,NO,STANDBY_VEL_LOW,0,0.00,4590.00,77.86,FALSE,M1_DIRECTION_MISMATCH
2026-09-07 15:11:32.365,1788793892.366,4772,65,148,4412.09,4412.17,8.0,PASS_<=10c,+0.0,FLAT,-3.0,-98.0,4.2,+0.21,0.05,SLOW,4413.07,4413.36,4409.25,4413.00,0.00,0.00,0.0,BULLISH,411.0,4412.12,4412.12,4411.49,4412.09,32,CLEARED_>=20s,63.0,3.0,0.0,60.0,0.0,95.2,0.0,PASS_<20%,0.00,0.0,NO,STANDBY_VEL_LOW,0,0.00,4590.00,77.86,FALSE,M1_DIRECTION_MISMATCH
2026-09-07 15:11:32.867,1788793892.868,4773,66,149,4412.08,4412.16,8.0,PASS_<=10c,-1.0,DOWN,-4.0,-99.0,4.2,+0.42,0.10,SLOW,4413.07,4413.36,4409.25,4413.00,0.00,0.00,0.0,BULLISH,411.0,4412.12,4412.12,4411.49,4412.08,32,CLEARED_>=20s,63.0,4.0,0.0,59.0,0.0,93.7,0.0,PASS_<20%,0.00,0.0,NO,STANDBY_VEL_LOW,0,0.00,4590.00,77.86,FALSE,M1_DIRECTION_MISMATCH
2026-09-07 15:11:33.370,1788793893.371,4774,67,150,4412.09,4412.17,8.0,PASS_<=10c,+1.0,UP,-3.0,-98.0,4.2,+0.42,0.10,SLOW,4413.07,4413.36,4409.25,4413.00,0.00,0.00,0.0,BULLISH,411.0,4412.12,4412.12,4411.49,4412.09,33,CLEARED_>=20s,63.0,3.0,0.0,60.0,0.0,95.2,0.0,PASS_<20%,0.00,0.0,NO,STANDBY_VEL_LOW,0,0.00,4590.00,77.86,FALSE,M1_DIRECTION_MISMATCH
2026-09-07 15:11:33.871,1788793893.872,4775,68,151,4412.10,4412.18,8.0,PASS_<=10c,+1.0,UP,-2.0,-97.0,4.2,+0.63,0.15,SLOW,4413.07,4413.36,4409.25,4413.00,0.00,0.00,0.0,BULLISH,411.0,4412.12,4412.12,4411.49,4412.10,33,CLEARED_>=20s,63.0,2.0,0.0,61.0,0.0,96.8,0.0,PASS_<20%,0.00,0.0,NO,STANDBY_VEL_LOW,0,0.00,4590.00,77.86,FALSE,M1_DIRECTION_MISMATCH
2026-09-07 15:11:34.371,1788793894.372,4776,69,152,4412.09,4412.17,8.0,PASS_<=10c,-1.0,DOWN,-3.0,-98.0,4.2,+0.21,0.05,SLOW,4413.07,4413.36,4409.25,4413.00,0.00,0.00,0.0,BULLISH,411.0,4412.12,4412.12,4411.49,4412.09,34,CLEARED_>=20s,63.0,3.0,0.0,60.0,0.0,95.2,0.0,PASS_<20%,0.00,0.0,NO,STANDBY_VEL_LOW,0,0.00,4590.00,77.86,FALSE,M1_DIRECTION_MISMATCH
2026-09-07 15:11:34.873,1788793894.874,4777,70,153,4412.09,4412.17,8.0,PASS_<=10c,+0.0,FLAT,-3.0,-98.0,4.2,+0.21,0.05,SLOW,4413.07,4413.36,4409.25,4413.00,0.00,0.00,0.0,BULLISH,411.0,4412.12,4412.12,4411.49,4412.09,34,CLEARED_>=20s,63.0,3.0,0.0,60.0,0.0,95.2,0.0,PASS_<20%,0.00,0.0,NO,STANDBY_VEL_LOW,0,0.00,4590.00,77.86,FALSE,M1_DIRECTION_MISMATCH
2026-09-07 15:11:35.375,1788793895.375,4778,71,154,4412.07,4412.15,8.0,PASS_<=10c,-2.0,DOWN,-5.0,-100.0,4.2,+0.63,0.15,SLOW,4413.07,4413.36,4409.25,4413.00,0.00,0.00,0.0,BULLISH,411.0,4412.12,4412.12,4411.49,4412.07,35,CLEARED_>=20s,63.0,5.0,0.0,58.0,0.0,92.1,0.0,PASS_<20%,0.00,0.0,NO,STANDBY_VEL_LOW,0,0.00,4590.00,77.86,FALSE,M1_DIRECTION_MISMATCH
2026-09-07 15:11:35.876,1788793895.877,4779,72,155,4412.07,4412.15,8.0,PASS_<=10c,+0.0,FLAT,-5.0,-100.0,4.2,+0.63,0.15,SLOW,4413.07,4413.36,4409.25,4413.00,0.00,0.00,0.0,BULLISH,411.0,4412.12,4412.12,4411.49,4412.07,35,CLEARED_>=20s,63.0,5.0,0.0,58.0,0.0,92.1,0.0,PASS_<20%,0.00,0.0,NO,STANDBY_VEL_LOW,0,0.00,4590.00,77.86,FALSE,M1_DIRECTION_MISMATCH
2026-09-07 15:11:36.378,1788793896.379,4780,73,156,4412.07,4412.15,8.0,PASS_<=10c,+0.0,FLAT,-5.0,-100.0,4.2,+0.42,0.10,SLOW,4413.07,4413.36,4409.25,4413.00,0.00,0.00,0.0,BULLISH,411.0,4412.12,4412.12,4411.49,4412.07,36,CLEARED_>=20s,63.0,5.0,0.0,58.0,0.0,92.1,0.0,PASS_<20%,0.00,0.0,NO,STANDBY_VEL_LOW,0,0.00,4590.00,77.86,FALSE,M1_DIRECTION_MISMATCH
2026-09-07 15:11:36.881,1788793896.881,4781,74,157,4411.99,4412.07,8.0,PASS_<=10c,-8.0,DOWN,-13.0,-108.0,4.2,+2.10,0.50,SLOW,4413.07,4413.36,4409.25,4413.00,0.00,0.00,0.0,BULLISH,411.0,4412.12,4412.12,4411.49,4411.99,36,CLEARED_>=20s,63.0,13.0,0.0,50.0,0.0,79.4,0.0,PASS_<20%,0.00,0.0,NO,STANDBY_VEL_LOW,0,0.00,4590.00,77.86,FALSE,M1_DIRECTION_MISMATCH
2026-09-07 15:11:37.382,1788793897.383,4782,75,158,4412.00,4412.08,8.0,PASS_<=10c,+1.0,UP,-12.0,-107.0,4.2,+1.68,0.40,SLOW,4413.07,4413.36,4409.25,4413.00,0.00,0.00,0.0,BULLISH,411.0,4412.12,4412.12,4411.49,4412.00,37,CLEARED_>=20s,63.0,12.0,0.0,51.0,0.0,81.0,0.0,PASS_<20%,0.00,0.0,NO,STANDBY_VEL_LOW,0,0.00,4590.00,77.86,FALSE,M1_DIRECTION_MISMATCH
2026-09-07 15:11:37.884,1788793897.884,4783,76,159,4412.00,4412.08,8.0,PASS_<=10c,+0.0,FLAT,-12.0,-107.0,4.2,+1.68,0.40,SLOW,4413.07,4413.36,4409.25,4413.00,0.00,0.00,0.0,BULLISH,411.0,4412.12,4412.12,4411.49,4412.00,37,CLEARED_>=20s,63.0,12.0,0.0,51.0,0.0,81.0,0.0,PASS_<20%,0.00,0.0,NO,STANDBY_VEL_LOW,0,0.00,4590.00,77.86,FALSE,M1_DIRECTION_MISMATCH
2026-09-07 15:11:38.386,1788793898.386,4784,77,160,4412.05,4412.13,8.0,PASS_<=10c,+5.0,UP,-7.0,-102.0,4.2,+1.05,0.25,SLOW,4413.07,4413.36,4409.25,4413.00,0.00,0.00,0.0,BULLISH,411.0,4412.12,4412.12,4411.49,4412.05,38,CLEARED_>=20s,63.0,7.0,0.0,56.0,0.0,88.9,0.0,PASS_<20%,0.00,0.0,NO,STANDBY_VEL_LOW,0,0.00,4590.00,77.86,FALSE,M1_DIRECTION_MISMATCH
2026-09-07 15:11:38.887,1788793898.887,4785,78,161,4412.02,4412.10,8.0,PASS_<=10c,-3.0,DOWN,-10.0,-105.0,4.2,+1.68,0.40,SLOW,4413.07,4413.36,4409.25,4413.00,0.00,0.00,0.0,BULLISH,411.0,4412.12,4412.12,4411.49,4412.02,38,CLEARED_>=20s,63.0,10.0,0.0,53.0,0.0,84.1,0.0,PASS_<20%,0.00,0.0,NO,STANDBY_VEL_LOW,0,0.00,4590.00,77.86,FALSE,M1_DIRECTION_MISMATCH
2026-09-07 15:11:39.389,1788793899.389,4786,79,162,4412.06,4412.14,8.0,PASS_<=10c,+4.0,UP,-6.0,-101.0,4.2,+0.63,0.15,SLOW,4413.07,4413.36,4409.25,4413.00,0.00,0.00,0.0,BULLISH,411.0,4412.12,4412.12,4411.49,4412.06,39,CLEARED_>=20s,63.0,6.0,0.0,57.0,0.0,90.5,0.0,PASS_<20%,0.00,0.0,NO,STANDBY_VEL_LOW,0,0.00,4590.00,77.86,FALSE,M1_DIRECTION_MISMATCH
2026-09-07 15:11:39.892,1788793899.892,4787,80,163,4412.09,4412.17,8.0,PASS_<=10c,+3.0,UP,-3.0,-98.0,4.2,+0.00,0.00,SLOW,4413.07,4413.36,4409.25,4413.00,0.00,0.00,0.0,BULLISH,411.0,4412.12,4412.12,4411.49,4412.09,39,CLEARED_>=20s,63.0,3.0,0.0,60.0,0.0,95.2,0.0,PASS_<20%,0.00,0.0,NO,STANDBY_VEL_LOW,0,0.00,4590.00,77.86,FALSE,M1_DIRECTION_MISMATCH
2026-09-07 15:11:40.395,1788793900.395,4788,81,164,4412.10,4412.18,8.0,PASS_<=10c,+1.0,UP,-2.0,-97.0,4.2,+0.63,0.15,SLOW,4413.07,4413.36,4409.25,4413.00,0.00,0.00,0.0,BULLISH,411.0,4412.12,4412.12,4411.49,4412.10,40,CLEARED_>=20s,63.0,2.0,0.0,61.0,0.0,96.8,0.0,PASS_<20%,0.00,0.0,NO,STANDBY_VEL_LOW,0,0.00,4590.00,77.86,FALSE,M1_DIRECTION_MISMATCH
2026-09-07 15:11:40.893,1788793900.894,4789,82,165,4412.11,4412.19,8.0,PASS_<=10c,+1.0,UP,-1.0,-96.0,4.2,+0.84,0.20,SLOW,4413.07,4413.36,4409.25,4413.00,0.00,0.00,0.0,BULLISH,411.0,4412.12,4412.12,4411.49,4412.11,40,CLEARED_>=20s,63.0,1.0,0.0,62.0,0.0,98.4,0.0,PASS_<20%,0.00,0.0,NO,STANDBY_VEL_LOW,0,0.00,4590.00,77.86,FALSE,M1_DIRECTION_MISMATCH
2026-09-07 15:11:41.395,1788793901.395,4790,83,166,4412.11,4412.19,8.0,PASS_<=10c,+0.0,FLAT,-1.0,-96.0,4.2,+0.84,0.20,SLOW,4413.07,4413.36,4409.25,4413.00,0.00,0.00,0.0,BULLISH,411.0,4412.12,4412.12,4411.49,4412.11,41,CLEARED_>=20s,63.0,1.0,0.0,62.0,0.0,98.4,0.0,PASS_<20%,0.00,0.0,NO,STANDBY_VEL_LOW,0,0.00,4590.00,77.86,FALSE,M1_DIRECTION_MISMATCH
2026-09-07 15:11:41.897,1788793901.897,4791,84,167,4412.11,4412.19,8.0,PASS_<=10c,+0.0,FLAT,-1.0,-96.0,4.2,+2.31,0.55,SLOW,4413.07,4413.36,4409.25,4413.00,0.00,0.00,0.0,BULLISH,411.0,4412.12,4412.12,4411.49,4412.11,41,CLEARED_>=20s,63.0,1.0,0.0,62.0,0.0,98.4,0.0,PASS_<20%,0.00,0.0,NO,STANDBY_VEL_LOW,0,0.00,4590.00,77.86,FALSE,M1_DIRECTION_MISMATCH
2026-09-07 15:11:42.397,1788793902.398,4792,85,168,4412.11,4412.19,8.0,PASS_<=10c,+0.0,FLAT,-1.0,-96.0,4.2,+2.31,0.55,SLOW,4413.07,4413.36,4409.25,4413.00,0.00,0.00,0.0,BULLISH,411.0,4412.12,4412.12,4411.49,4412.11,42,CLEARED_>=20s,63.0,1.0,0.0,62.0,0.0,98.4,0.0,PASS_<20%,0.00,0.0,NO,STANDBY_VEL_LOW,0,0.00,4590.00,77.86,FALSE,M1_DIRECTION_MISMATCH
2026-09-07 15:11:42.899,1788793902.899,4793,86,169,4412.11,4412.19,8.0,PASS_<=10c,+0.0,FLAT,-1.0,-96.0,4.2,+2.73,0.65,SLOW,4413.07,4413.36,4409.25,4413.00,0.00,0.00,0.0,BULLISH,411.0,4412.12,4412.12,4411.49,4412.11,42,CLEARED_>=20s,63.0,1.0,0.0,62.0,0.0,98.4,0.0,PASS_<20%,0.00,0.0,NO,STANDBY_VEL_LOW,0,0.00,4590.00,77.86,FALSE,M1_DIRECTION_MISMATCH
2026-09-07 15:11:43.400,1788793903.401,4794,87,170,4412.03,4412.11,8.0,PASS_<=10c,-8.0,DOWN,-9.0,-104.0,4.2,+0.42,0.10,SLOW,4413.07,4413.36,4409.25,4413.00,0.00,0.00,0.0,BULLISH,411.0,4412.12,4412.12,4411.49,4412.03,43,CLEARED_>=20s,63.0,9.0,0.0,54.0,0.0,85.7,0.0,PASS_<20%,0.00,0.0,NO,STANDBY_VEL_LOW,0,0.00,4590.00,77.86,FALSE,M1_DIRECTION_MISMATCH
2026-09-07 15:11:43.902,1788793903.902,4795,88,171,4412.03,4412.11,8.0,PASS_<=10c,+0.0,FLAT,-9.0,-104.0,4.2,+0.21,0.05,SLOW,4413.07,4413.36,4409.25,4413.00,0.00,0.00,0.0,BULLISH,411.0,4412.12,4412.12,4411.49,4412.03,43,CLEARED_>=20s,63.0,9.0,0.0,54.0,0.0,85.7,0.0,PASS_<20%,0.00,0.0,NO,STANDBY_VEL_LOW,0,0.00,4590.00,77.86,FALSE,M1_DIRECTION_MISMATCH
2026-09-07 15:11:44.404,1788793904.405,4796,89,172,4411.99,4412.07,8.0,PASS_<=10c,-4.0,DOWN,-13.0,-108.0,4.2,+2.10,0.50,SLOW,4413.07,4413.36,4409.25,4413.00,0.00,0.00,0.0,BULLISH,411.0,4412.12,4412.12,4411.49,4411.99,44,CLEARED_>=20s,63.0,13.0,0.0,50.0,0.0,79.4,0.0,PASS_<20%,0.00,0.0,NO,STANDBY_VEL_LOW,0,0.00,4590.00,77.86,FALSE,M1_DIRECTION_MISMATCH
2026-09-07 15:11:44.906,1788793904.906,4797,90,173,4411.96,4412.04,8.0,PASS_<=10c,-3.0,DOWN,-16.0,-111.0,4.2,+2.73,0.65,SLOW,4413.07,4413.36,4409.25,4413.00,0.00,0.00,0.0,NEUTRAL,411.0,4412.12,4412.12,4411.49,4411.96,44,CLEARED_>=20s,63.0,16.0,0.0,47.0,0.0,74.6,74.6,BLOCKED_74.6%,0.00,0.0,NO,STANDBY_VEL_LOW,0,0.00,4590.00,77.86,FALSE,M5_TREND_NEUTRAL|M1_DIRECTION_MISMATCH
2026-09-07 15:11:45.407,1788793905.408,4798,91,174,4411.92,4412.00,8.0,PASS_<=10c,-4.0,DOWN,-20.0,-115.0,4.2,+3.78,0.90,SLOW,4413.07,4413.36,4409.25,4413.00,0.00,0.00,0.0,NEUTRAL,411.0,4412.12,4412.12,4411.49,4411.92,45,CLEARED_>=20s,63.0,20.0,0.0,43.0,0.0,68.3,68.3,BLOCKED_68.3%,0.00,0.0,NO,STANDBY_VEL_LOW,0,0.00,4590.00,77.86,FALSE,M5_TREND_NEUTRAL|M1_DIRECTION_MISMATCH
2026-09-07 15:11:45.909,1788793905.909,4799,92,175,4411.92,4412.00,8.0,PASS_<=10c,+0.0,FLAT,-20.0,-115.0,4.2,+3.99,0.95,SLOW,4413.07,4413.36,4409.25,4413.00,0.00,0.00,0.0,NEUTRAL,411.0,4412.12,4412.12,4411.49,4411.92,45,CLEARED_>=20s,63.0,20.0,0.0,43.0,0.0,68.3,68.3,BLOCKED_68.3%,0.00,0.0,NO,STANDBY_VEL_LOW,0,0.00,4590.00,77.86,FALSE,M5_TREND_NEUTRAL|M1_DIRECTION_MISMATCH
2026-09-07 15:11:46.414,1788793906.414,4800,93,176,4411.98,4412.06,8.0,PASS_<=10c,+6.0,UP,-14.0,-109.0,4.2,+2.73,0.65,SLOW,4413.07,4413.36,4409.25,4413.00,0.00,0.00,0.0,BULLISH,411.0,4412.12,4412.12,4411.49,4411.98,46,CLEARED_>=20s,63.0,14.0,0.0,49.0,0.0,77.8,0.0,PASS_<20%,0.00,0.0,NO,STANDBY_VEL_LOW,0,0.00,4590.00,77.86,FALSE,M1_DIRECTION_MISMATCH
2026-09-07 15:11:46.912,1788793906.913,4801,94,177,4412.12,4412.20,8.0,PASS_<=10c,+14.0,UP,+0.0,-95.0,4.2,+0.21,0.05,SLOW,4413.07,4413.36,4409.25,4413.00,0.00,0.00,0.0,BULLISH,411.0,4412.12,4412.12,4411.49,4412.12,46,CLEARED_>=20s,63.0,0.0,0.0,63.0,0.0,100.0,0.0,PASS_<20%,0.00,0.0,NO,STANDBY_VEL_LOW,0,0.00,4590.00,77.86,FALSE,M1_DIRECTION_MISMATCH
2026-09-07 15:11:47.414,1788793907.415,4802,95,178,4412.12,4412.20,8.0,PASS_<=10c,+0.0,FLAT,+0.0,-95.0,4.2,+0.21,0.05,SLOW,4413.07,4413.36,4409.25,4413.00,0.00,0.00,0.0,BULLISH,411.0,4412.12,4412.12,4411.49,4412.12,47,CLEARED_>=20s,63.0,0.0,0.0,63.0,0.0,100.0,0.0,PASS_<20%,0.00,0.0,NO,STANDBY_VEL_LOW,0,0.00,4590.00,77.86,FALSE,M1_DIRECTION_MISMATCH
2026-09-07 15:11:47.916,1788793907.916,4803,96,179,4412.13,4412.21,8.0,PASS_<=10c,+1.0,UP,+1.0,-94.0,4.2,+2.10,0.50,SLOW,4413.07,4413.36,4409.25,4413.00,0.00,0.00,0.0,BULLISH,411.0,4412.12,4412.13,4411.49,4412.13,47,CLEARED_>=20s,64.0,1.0,0.0,63.0,0.0,98.4,0.0,PASS_<20%,4412.27,14.0,NO,STANDBY_VEL_LOW,0,0.00,4590.00,77.86,FALSE,PRICE_BELOW_15C_DISPLACEMENT
2026-09-07 15:11:48.417,1788793908.418,4804,97,180,4412.10,4412.18,8.0,PASS_<=10c,-3.0,DOWN,-2.0,-97.0,4.2,+1.47,0.35,SLOW,4413.07,4413.36,4409.25,4413.00,0.00,0.00,0.0,BULLISH,411.0,4412.12,4412.13,4411.49,4412.10,48,CLEARED_>=20s,64.0,2.0,1.0,61.0,1.6,95.3,1.6,PASS_<20%,0.00,0.0,NO,STANDBY_VEL_LOW,0,0.00,4590.00,77.86,FALSE,M1_DIRECTION_MISMATCH
2026-09-07 15:11:48.919,1788793908.920,4805,98,181,4412.11,4412.19,8.0,PASS_<=10c,+1.0,UP,-1.0,-96.0,4.2,+1.68,0.40,SLOW,4413.07,4413.36,4409.25,4413.00,0.00,0.00,0.0,BULLISH,411.0,4412.12,4412.13,4411.49,4412.11,48,CLEARED_>=20s,64.0,1.0,1.0,62.0,1.6,96.9,1.6,PASS_<20%,0.00,0.0,NO,STANDBY_VEL_LOW,0,0.00,4590.00,77.86,FALSE,M1_DIRECTION_MISMATCH
2026-09-07 15:11:49.421,1788793909.421,4806,99,182,4412.15,4412.23,8.0,PASS_<=10c,+4.0,UP,+3.0,-92.0,4.2,+4.20,1.00,SLOW,4413.07,4413.36,4409.25,4413.00,0.00,0.00,0.0,BULLISH,411.0,4412.12,4412.15,4411.49,4412.15,49,CLEARED_>=20s,66.0,3.0,0.0,63.0,0.0,95.5,0.0,PASS_<20%,4412.27,12.0,NO,STANDBY_VEL_LOW,0,0.00,4590.00,77.86,FALSE,PRICE_BELOW_15C_DISPLACEMENT
2026-09-07 15:11:49.923,1788793909.923,4807,100,183,4412.15,4412.23,8.0,PASS_<=10c,+0.0,FLAT,+3.0,-92.0,4.2,+4.83,1.15,SLOW,4413.07,4413.36,4409.25,4413.00,0.00,0.00,0.0,BULLISH,411.0,4412.12,4412.15,4411.49,4412.15,49,CLEARED_>=20s,66.0,3.0,0.0,63.0,0.0,95.5,0.0,PASS_<20%,4412.27,12.0,NO,STANDBY_VEL_LOW,0,0.00,4590.00,77.86,FALSE,PRICE_BELOW_15C_DISPLACEMENT
2026-09-07 15:11:50.425,1788793910.425,4808,101,184,4412.13,4412.21,8.0,PASS_<=10c,-2.0,DOWN,+1.0,-94.0,4.2,+4.41,1.05,SLOW,4413.07,4413.36,4409.25,4413.00,0.00,0.00,0.0,BULLISH,411.0,4412.12,4412.20,4411.49,4412.13,50,CLEARED_>=20s,71.0,1.0,7.0,63.0,9.9,88.7,9.9,PASS_<20%,4412.27,14.0,NO,STANDBY_VEL_LOW,0,0.00,4590.00,77.86,FALSE,PRICE_BELOW_15C_DISPLACEMENT
2026-09-07 15:11:50.926,1788793910.926,4809,102,185,4412.10,4412.18,8.0,PASS_<=10c,-3.0,DOWN,-2.0,-97.0,4.2,+2.52,0.60,SLOW,4413.07,4413.36,4409.25,4413.00,0.00,0.00,0.0,BULLISH,411.0,4412.12,4412.20,4411.49,4412.10,50,CLEARED_>=20s,71.0,2.0,8.0,61.0,11.3,85.9,11.3,PASS_<20%,0.00,0.0,NO,STANDBY_VEL_LOW,0,0.00,4590.00,77.86,FALSE,M1_DIRECTION_MISMATCH
2026-09-07 15:11:51.427,1788793911.428,4810,103,186,4412.07,4412.15,8.0,PASS_<=10c,-3.0,DOWN,-5.0,-100.0,4.2,+0.21,0.05,SLOW,4413.07,4413.36,4409.25,4413.00,0.00,0.00,0.0,BULLISH,411.0,4412.12,4412.20,4411.49,4412.07,51,CLEARED_>=20s,71.0,5.0,8.0,58.0,11.3,81.7,11.3,PASS_<20%,0.00,0.0,NO,STANDBY_VEL_LOW,0,0.00,4590.00,77.86,FALSE,M1_DIRECTION_MISMATCH
2026-09-07 15:11:51.929,1788793911.930,4811,104,187,4412.07,4412.15,8.0,PASS_<=10c,+0.0,FLAT,-5.0,-100.0,4.2,+1.05,0.25,SLOW,4413.07,4413.36,4409.25,4413.00,0.00,0.00,0.0,BULLISH,411.0,4412.12,4412.20,4411.49,4412.07,51,CLEARED_>=20s,71.0,5.0,8.0,58.0,11.3,81.7,11.3,PASS_<20%,0.00,0.0,NO,STANDBY_VEL_LOW,0,0.00,4590.00,77.86,FALSE,M1_DIRECTION_MISMATCH
2026-09-07 15:11:52.432,1788793912.432,4812,105,188,4412.07,4412.15,8.0,PASS_<=10c,+0.0,FLAT,-5.0,-100.0,4.2,+1.26,0.30,SLOW,4413.07,4413.36,4409.25,4413.00,0.00,0.00,0.0,BULLISH,411.0,4412.12,4412.20,4411.49,4412.07,52,CLEARED_>=20s,71.0,5.0,8.0,58.0,11.3,81.7,11.3,PASS_<20%,0.00,0.0,NO,STANDBY_VEL_LOW,0,0.00,4590.00,77.86,FALSE,M1_DIRECTION_MISMATCH
2026-09-07 15:11:52.934,1788793912.934,4813,106,189,4412.08,4412.16,8.0,PASS_<=10c,+1.0,UP,-4.0,-99.0,4.2,+0.42,0.10,SLOW,4413.07,4413.36,4409.25,4413.00,0.00,0.00,0.0,BULLISH,411.0,4412.12,4412.20,4411.49,4412.08,52,CLEARED_>=20s,71.0,4.0,8.0,59.0,11.3,83.1,11.3,PASS_<20%,0.00,0.0,NO,STANDBY_VEL_LOW,0,0.00,4590.00,77.86,FALSE,M1_DIRECTION_MISMATCH
2026-09-07 15:11:53.436,1788793913.437,4814,107,190,4412.08,4412.16,8.0,PASS_<=10c,+0.0,FLAT,-4.0,-99.0,4.2,+0.42,0.10,SLOW,4413.07,4413.36,4409.25,4413.00,0.00,0.00,0.0,BULLISH,411.0,4412.12,4412.20,4411.49,4412.08,53,CLEARED_>=20s,71.0,4.0,8.0,59.0,11.3,83.1,11.3,PASS_<20%,0.00,0.0,NO,STANDBY_VEL_LOW,0,0.00,4590.00,77.86,FALSE,M1_DIRECTION_MISMATCH
2026-09-07 15:11:53.938,1788793913.938,4815,108,191,4412.08,4412.16,8.0,PASS_<=10c,+0.0,FLAT,-4.0,-99.0,4.2,+0.63,0.15,SLOW,4413.07,4413.36,4409.25,4413.00,0.00,0.00,0.0,BULLISH,411.0,4412.12,4412.20,4411.49,4412.08,53,CLEARED_>=20s,71.0,4.0,8.0,59.0,11.3,83.1,11.3,PASS_<20%,0.00,0.0,NO,STANDBY_VEL_LOW,0,0.00,4590.00,77.86,FALSE,M1_DIRECTION_MISMATCH
2026-09-07 15:11:54.438,1788793914.439,4816,109,192,4412.21,4412.29,8.0,PASS_<=10c,+13.0,UP,+9.0,-86.0,4.2,+1.26,0.30,SLOW,4413.07,4413.36,4409.25,4413.00,0.00,0.00,0.0,BULLISH,411.0,4412.12,4412.21,4411.49,4412.21,54,CLEARED_>=20s,72.0,9.0,0.0,63.0,0.0,87.5,0.0,PASS_<20%,4412.27,6.0,YES,STANDBY_VEL_LOW,0,0.00,4590.00,77.86,TRUE,READY_TO_FIRE
2026-09-07 15:11:59.266,1788793919.267,4817,110,193,4412.61,4412.69,8.0,PASS_<=10c,+40.0,UP,+49.0,-46.0,3.7,+8.29,2.24,SLOW,4413.07,4413.36,4409.25,4413.00,0.00,0.00,0.0,BULLISH,411.0,4412.12,4412.61,4411.49,4412.61,59,CLEARED_>=20s,112.0,49.0,0.0,63.0,0.0,56.3,0.0,PASS_<20%,4412.27,34.0,YES,STANDBY_VEL_LOW,1,4412.29,177.71,77.86,TRUE,READY_TO_FIRE
2026-09-07 15:11:59.767,1788793919.768,4818,111,194,4412.51,4412.59,8.0,PASS_<=10c,-10.0,DOWN,+39.0,-56.0,4.0,+9.00,2.25,SLOW,4413.07,4413.36,4409.25,4413.00,0.00,0.00,0.0,BULLISH,411.0,4412.12,4412.61,4411.49,4412.51,59,CLEARED_>=20s,112.0,39.0,10.0,63.0,8.9,56.3,8.9,PASS_<20%,4412.27,24.0,YES,STANDBY_VEL_LOW,1,4412.29,177.71,77.86,TRUE,READY_TO_FIRE
2026-09-07 15:12:00.269,1788793920.270,4819,1,195,4412.45,4412.53,8.0,PASS_<=10c,-6.0,DOWN,-3.0,-62.0,4.8,+11.97,2.49,SLOW,4413.07,4413.36,4409.25,4413.00,0.00,0.00,0.0,BULLISH,411.0,4412.48,4412.48,4412.45,4412.45,0,ACTIVE_0s,3.0,3.0,0.0,0.0,0.0,0.0,0.0,PASS_<20%,0.00,0.0,NO,STANDBY_VEL_LOW,1,4412.29,177.71,77.86,FALSE,M1_DIRECTION_MISMATCH|OPENING_SHIELD_ACTIVE_0s
2026-09-07 15:12:00.771,1788793920.771,4820,2,196,4412.45,4412.53,8.0,PASS_<=10c,+0.0,FLAT,-3.0,-62.0,4.6,+8.55,1.86,SLOW,4413.07,4413.36,4409.25,4413.00,0.00,0.00,0.0,BULLISH,411.0,4412.48,4412.48,4412.45,4412.45,0,ACTIVE_0s,3.0,3.0,0.0,0.0,0.0,0.0,0.0,PASS_<20%,0.00,0.0,NO,STANDBY_VEL_LOW,1,4412.29,177.71,77.86,FALSE,M1_DIRECTION_MISMATCH|OPENING_SHIELD_ACTIVE_0s
2026-09-07 15:12:01.273,1788793921.274,4821,3,197,4412.38,4412.46,8.0,PASS_<=10c,-7.0,DOWN,-10.0,-69.0,4.4,+9.74,2.21,SLOW,4413.07,4413.36,4409.25,4413.00,0.00,0.00,0.0,BULLISH,411.0,4412.48,4412.48,4412.38,4412.38,1,ACTIVE_1s,10.0,10.0,0.0,0.0,0.0,0.0,0.0,PASS_<20%,0.00,0.0,NO,STANDBY_VEL_LOW,1,4412.29,177.71,77.86,FALSE,M1_DIRECTION_MISMATCH|OPENING_SHIELD_ACTIVE_1s
2026-09-07 15:12:01.774,1788793921.775,4822,4,198,4412.40,4412.48,8.0,PASS_<=10c,+2.0,UP,-8.0,-67.0,4.3,+7.25,1.69,SLOW,4413.07,4413.36,4409.25,4413.00,0.00,0.00,0.0,BULLISH,411.0,4412.48,4412.48,4412.38,4412.40,1,ACTIVE_1s,10.0,8.0,0.0,2.0,0.0,20.0,0.0,PASS_<20%,0.00,0.0,NO,STANDBY_VEL_LOW,1,4412.29,177.71,77.86,FALSE,M1_DIRECTION_MISMATCH|OPENING_SHIELD_ACTIVE_1s
2026-09-07 15:12:02.277,1788793922.277,4823,5,199,4412.40,4412.48,8.0,PASS_<=10c,+0.0,FLAT,-8.0,-67.0,4.3,+6.13,1.43,SLOW,4413.07,4413.36,4409.25,4413.00,0.00,0.00,0.0,BULLISH,411.0,4412.48,4412.48,4412.38,4412.40,2,ACTIVE_2s,10.0,8.0,0.0,2.0,0.0,20.0,0.0,PASS_<20%,0.00,0.0,NO,STANDBY_VEL_LOW,1,4412.29,177.71,77.86,FALSE,M1_DIRECTION_MISMATCH|OPENING_SHIELD_ACTIVE_2s
2026-09-07 15:12:02.779,1788793922.780,4824,6,200,4412.55,4412.63,8.0,PASS_<=10c,+15.0,UP,+7.0,-52.0,4.3,+1.37,0.32,SLOW,4413.07,4413.36,4409.25,4413.00,0.00,0.00,0.0,BULLISH,411.0,4412.48,4412.55,4412.38,4412.55,2,ACTIVE_2s,17.0,7.0,0.0,10.0,0.0,58.8,0.0,PASS_<20%,4412.63,8.0,NO,STANDBY_VEL_LOW,1,4412.29,177.71,77.86,FALSE,OPENING_SHIELD_ACTIVE_2s
2026-09-07 15:12:03.280,1788793923.281,4825,7,201,4412.82,4412.90,8.0,PASS_<=10c,+27.0,UP,+34.0,-25.0,4.2,+5.16,1.23,SLOW,4413.07,4413.36,4409.25,4413.00,0.00,0.00,0.0,BULLISH,411.0,4412.48,4412.82,4412.38,4412.82,3,ACTIVE_3s,44.0,34.0,0.0,10.0,0.0,22.7,0.0,PASS_<20%,4412.63,19.0,NO,STANDBY_VEL_LOW,1,4412.29,177.71,77.86,FALSE,OPENING_SHIELD_ACTIVE_3s
2026-09-07 15:12:03.782,1788793923.783,4826,8,202,4412.78,4412.86,8.0,PASS_<=10c,-4.0,DOWN,+30.0,-29.0,4.2,+3.78,0.90,SLOW,4413.07,4413.36,4409.25,4413.00,0.00,0.00,0.0,BULLISH,411.0,4412.48,4412.82,4412.38,4412.78,3,ACTIVE_3s,44.0,30.0,4.0,10.0,9.1,22.7,9.1,PASS_<20%,4412.63,15.0,NO,STANDBY_VEL_LOW,1,4412.29,177.71,77.86,FALSE,OPENING_SHIELD_ACTIVE_3s
2026-09-07 15:12:04.284,1788793924.285,4827,9,203,4412.83,4412.91,8.0,PASS_<=10c,+5.0,UP,+35.0,-24.0,4.2,+4.61,1.10,SLOW,4413.07,4413.36,4409.25,4413.00,0.00,0.00,0.0,BULLISH,411.0,4412.48,4412.83,4412.38,4412.83,4,ACTIVE_4s,45.0,35.0,0.0,10.0,0.0,22.2,0.0,PASS_<20%,4412.63,20.0,NO,STANDBY_VEL_LOW,1,4412.29,177.71,77.86,FALSE,OPENING_SHIELD_ACTIVE_4s
2026-09-07 15:12:04.787,1788793924.787,4828,10,204,4412.83,4412.91,8.0,PASS_<=10c,+0.0,FLAT,+35.0,-24.0,4.2,+7.34,1.75,SLOW,4413.07,4413.36,4409.25,4413.00,0.00,0.00,0.0,BULLISH,411.0,4412.48,4412.83,4412.38,4412.83,4,ACTIVE_4s,45.0,35.0,0.0,10.0,0.0,22.2,0.0,PASS_<20%,4412.63,20.0,NO,STANDBY_VEL_LOW,1,4412.29,177.71,77.86,FALSE,OPENING_SHIELD_ACTIVE_4s
2026-09-07 15:12:05.289,1788793925.289,4829,11,205,4412.78,4412.86,8.0,PASS_<=10c,-5.0,DOWN,+30.0,-29.0,4.2,+6.92,1.65,SLOW,4413.07,4413.36,4409.25,4413.00,0.00,0.00,0.0,BULLISH,411.0,4412.48,4412.83,4412.38,4412.78,5,ACTIVE_5s,45.0,30.0,5.0,10.0,11.1,22.2,11.1,PASS_<20%,4412.63,15.0,NO,STANDBY_VEL_LOW,1,4412.29,177.71,77.86,FALSE,OPENING_SHIELD_ACTIVE_5s
2026-09-07 15:12:05.791,1788793925.791,4830,12,206,4412.78,4412.86,8.0,PASS_<=10c,+0.0,FLAT,+30.0,-29.0,4.2,+6.92,1.65,SLOW,4413.07,4413.36,4409.25,4413.00,0.00,0.00,0.0,BULLISH,411.0,4412.48,4412.83,4412.38,4412.78,5,ACTIVE_5s,45.0,30.0,5.0,10.0,11.1,22.2,11.1,PASS_<20%,4412.63,15.0,NO,STANDBY_VEL_LOW,1,4412.29,177.71,77.86,FALSE,OPENING_SHIELD_ACTIVE_5s
2026-09-07 15:12:06.292,1788793926.292,4831,13,207,4412.52,4412.60,8.0,PASS_<=10c,-26.0,DOWN,+4.0,-55.0,4.2,+2.52,0.60,SLOW,4413.07,4413.36,4409.25,4413.00,0.00,0.00,0.0,BULLISH,411.0,4412.48,4412.83,4412.38,4412.52,6,ACTIVE_6s,45.0,4.0,31.0,10.0,68.9,22.2,68.9,BLOCKED_68.9%,4412.63,11.0,NO,STANDBY_VEL_LOW,1,4412.29,177.71,77.86,FALSE,OPP_WICK_TOO_HIGH_0.69|OPENING_SHIELD_ACTIVE_6s|PRICE_BELOW_15C_DISPLACEMENT
2026-09-07 15:12:06.795,1788793926.795,4832,14,208,4412.74,4412.82,8.0,PASS_<=10c,+22.0,UP,+26.0,-33.0,4.2,+7.13,1.70,SLOW,4413.07,4413.36,4409.25,4413.00,0.00,0.00,0.0,BULLISH,411.0,4412.48,4412.83,4412.38,4412.74,6,ACTIVE_6s,45.0,26.0,9.0,10.0,20.0,22.2,20.0,BLOCKED_20.0%,4412.63,11.0,NO,STANDBY_VEL_LOW,1,4412.29,177.71,77.86,FALSE,OPP_WICK_TOO_HIGH_0.20|OPENING_SHIELD_ACTIVE_6s
2026-09-07 15:12:07.295,1788793927.295,4833,15,209,4412.76,4412.84,8.0,PASS_<=10c,+2.0,UP,+28.0,-31.0,4.2,+7.34,1.75,SLOW,4413.07,4413.36,4409.25,4413.00,0.00,0.00,0.0,BULLISH,411.0,4412.48,4412.83,4412.38,4412.76,7,ACTIVE_7s,45.0,28.0,7.0,10.0,15.6,22.2,15.6,PASS_<20%,4412.63,13.0,NO,STANDBY_VEL_LOW,1,4412.29,177.71,77.86,FALSE,OPENING_SHIELD_ACTIVE_7s
2026-09-07 15:12:07.797,1788793927.797,4834,16,210,4412.76,4412.84,8.0,PASS_<=10c,+0.0,FLAT,+28.0,-31.0,4.2,+1.97,0.47,SLOW,4413.07,4413.36,4409.25,4413.00,0.00,0.00,0.0,BULLISH,411.0,4412.48,4412.83,4412.38,4412.76,7,ACTIVE_7s,45.0,28.0,7.0,10.0,15.6,22.2,15.6,PASS_<20%,4412.63,13.0,NO,STANDBY_VEL_LOW,1,4412.29,177.71,77.86,FALSE,OPENING_SHIELD_ACTIVE_7s
2026-09-07 15:12:08.298,1788793928.299,4835,17,211,4412.73,4412.81,8.0,PASS_<=10c,-3.0,DOWN,+25.0,-34.0,4.2,+1.97,0.47,SLOW,4413.07,4413.36,4409.25,4413.00,0.00,0.00,0.0,BULLISH,411.0,4412.48,4412.83,4412.38,4412.73,8,ACTIVE_8s,45.0,25.0,10.0,10.0,22.2,22.2,22.2,BLOCKED_22.2%,4412.63,10.0,NO,STANDBY_VEL_LOW,1,4412.29,177.71,77.86,FALSE,OPP_WICK_TOO_HIGH_0.22|OPENING_SHIELD_ACTIVE_8s
2026-09-07 15:12:08.800,1788793928.800,4836,18,212,4412.73,4412.81,8.0,PASS_<=10c,+0.0,FLAT,+25.0,-34.0,4.2,+1.96,0.47,SLOW,4413.07,4413.36,4409.25,4413.00,0.00,0.00,0.0,BULLISH,411.0,4412.48,4412.83,4412.38,4412.73,8,ACTIVE_8s,45.0,25.0,10.0,10.0,22.2,22.2,22.2,BLOCKED_22.2%,4412.63,10.0,NO,STANDBY_VEL_LOW,1,4412.29,177.71,77.86,FALSE,OPP_WICK_TOO_HIGH_0.22|OPENING_SHIELD_ACTIVE_8s
2026-09-07 15:12:09.301,1788793929.301,4837,19,213,4412.79,4412.87,8.0,PASS_<=10c,+6.0,UP,+31.0,-28.0,4.2,+1.99,0.47,SLOW,4413.07,4413.36,4409.25,4413.00,0.00,0.00,0.0,BULLISH,411.0,4412.48,4412.83,4412.38,4412.79,9,ACTIVE_9s,45.0,31.0,4.0,10.0,8.9,22.2,8.9,PASS_<20%,4412.63,16.0,NO,STANDBY_VEL_LOW,1,4412.29,177.71,77.86,FALSE,OPENING_SHIELD_ACTIVE_9s
2026-09-07 15:12:09.802,1788793929.803,4838,20,214,4412.78,4412.86,8.0,PASS_<=10c,-1.0,DOWN,+30.0,-29.0,4.2,+1.97,0.47,SLOW,4413.07,4413.36,4409.25,4413.00,0.00,0.00,0.0,BULLISH,411.0,4412.48,4412.83,4412.38,4412.78,9,ACTIVE_9s,45.0,30.0,5.0,10.0,11.1,22.2,11.1,PASS_<20%,4412.63,15.0,NO,STANDBY_VEL_LOW,1,4412.29,177.71,77.86,FALSE,OPENING_SHIELD_ACTIVE_9s
2026-09-07 15:12:10.304,1788793930.304,4839,21,215,4412.78,4412.86,8.0,PASS_<=10c,+0.0,FLAT,+30.0,-29.0,4.2,+1.97,0.47,SLOW,4413.07,4413.36,4409.25,4413.00,0.00,0.00,0.0,BULLISH,411.0,4412.48,4412.83,4412.38,4412.78,10,ACTIVE_10s,45.0,30.0,5.0,10.0,11.1,22.2,11.1,PASS_<20%,4412.63,15.0,NO,STANDBY_VEL_LOW,1,4412.29,177.71,77.86,FALSE,OPENING_SHIELD_ACTIVE_10s
2026-09-07 15:12:10.806,1788793930.806,4840,22,216,4412.79,4412.87,8.0,PASS_<=10c,+1.0,UP,+31.0,-28.0,4.2,+1.89,0.45,SLOW,4413.07,4413.36,4409.25,4413.00,0.00,0.00,0.0,BULLISH,411.0,4412.48,4412.83,4412.38,4412.79,10,ACTIVE_10s,45.0,31.0,4.0,10.0,8.9,22.2,8.9,PASS_<20%,4412.63,16.0,NO,STANDBY_VEL_LOW,1,4412.29,177.71,77.86,FALSE,OPENING_SHIELD_ACTIVE_10s
2026-09-07 15:12:11.306,1788793931.307,4841,23,217,4412.79,4412.87,8.0,PASS_<=10c,+0.0,FLAT,+31.0,-28.0,4.2,+3.36,0.80,SLOW,4413.07,4413.36,4409.25,4413.00,0.00,0.00,0.0,BULLISH,411.0,4412.48,4412.83,4412.38,4412.79,11,ACTIVE_11s,45.0,31.0,4.0,10.0,8.9,22.2,8.9,PASS_<20%,4412.63,16.0,NO,STANDBY_VEL_LOW,1,4412.29,177.71,77.86,FALSE,OPENING_SHIELD_ACTIVE_11s
2026-09-07 15:12:11.808,1788793931.808,4842,24,218,4412.88,4412.96,8.0,PASS_<=10c,+9.0,UP,+40.0,-19.0,4.2,+3.15,0.75,SLOW,4413.07,4413.36,4409.25,4413.00,0.00,0.00,0.0,BULLISH,411.0,4412.48,4412.88,4412.38,4412.88,11,ACTIVE_11s,50.0,40.0,0.0,10.0,0.0,20.0,0.0,PASS_<20%,4412.63,25.0,NO,STANDBY_VEL_LOW,1,4412.29,177.71,77.86,FALSE,OPENING_SHIELD_ACTIVE_11s
2026-09-07 15:12:12.308,1788793932.309,4843,25,219,4412.90,4412.98,8.0,PASS_<=10c,+2.0,UP,+42.0,-17.0,4.2,+2.94,0.70,SLOW,4413.07,4413.36,4409.25,4413.00,0.00,0.00,0.0,BULLISH,411.0,4412.48,4412.90,4412.38,4412.90,12,ACTIVE_12s,52.0,42.0,0.0,10.0,0.0,19.2,0.0,PASS_<20%,4412.63,27.0,NO,STANDBY_VEL_LOW,1,4412.29,177.71,77.86,FALSE,OPENING_SHIELD_ACTIVE_12s
2026-09-07 15:12:12.811,1788793932.811,4844,26,220,4412.93,4413.01,8.0,PASS_<=10c,+3.0,UP,+45.0,-14.0,4.2,+3.78,0.90,SLOW,4413.07,4413.36,4409.25,4413.00,0.00,0.00,0.0,BULLISH,411.0,4412.48,4412.93,4412.38,4412.93,12,ACTIVE_12s,55.0,45.0,0.0,10.0,0.0,18.2,0.0,PASS_<20%,4412.63,30.0,NO,STANDBY_VEL_LOW,1,4412.29,177.71,77.86,FALSE,OPENING_SHIELD_ACTIVE_12s
2026-09-07 15:12:13.312,1788793933.312,4845,27,221,4412.93,4413.01,8.0,PASS_<=10c,+0.0,FLAT,+45.0,-14.0,4.2,+4.20,1.00,SLOW,4413.07,4413.36,4409.25,4413.00,0.00,0.00,0.0,BULLISH,411.0,4412.48,4412.93,4412.38,4412.93,13,ACTIVE_13s,55.0,45.0,0.0,10.0,0.0,18.2,0.0,PASS_<20%,4412.63,30.0,NO,STANDBY_VEL_LOW,1,4412.29,177.71,77.86,FALSE,OPENING_SHIELD_ACTIVE_13s
2026-09-07 15:12:13.813,1788793933.814,4846,28,222,4412.93,4413.01,8.0,PASS_<=10c,+0.0,FLAT,+45.0,-14.0,4.2,+3.57,0.85,SLOW,4413.07,4413.36,4409.25,4413.00,0.00,0.00,0.0,BULLISH,411.0,4412.48,4412.93,4412.38,4412.93,13,ACTIVE_13s,55.0,45.0,0.0,10.0,0.0,18.2,0.0,PASS_<20%,4412.63,30.0,NO,STANDBY_VEL_LOW,1,4412.29,177.71,77.86,FALSE,OPENING_SHIELD_ACTIVE_13s
2026-09-07 15:12:14.315,1788793934.315,4847,29,223,4412.92,4413.00,8.0,PASS_<=10c,-1.0,DOWN,+44.0,-15.0,4.2,+2.73,0.65,SLOW,4413.07,4413.36,4409.25,4413.00,0.00,0.00,0.0,BULLISH,411.0,4412.48,4412.93,4412.38,4412.92,14,ACTIVE_14s,55.0,44.0,1.0,10.0,1.8,18.2,1.8,PASS_<20%,4412.63,29.0,NO,STANDBY_VEL_LOW,1,4412.29,177.71,77.86,FALSE,OPENING_SHIELD_ACTIVE_14s
2026-09-07 15:12:14.817,1788793934.817,4848,30,224,4413.01,4413.09,8.0,PASS_<=10c,+9.0,UP,+53.0,-6.0,4.2,+4.83,1.15,SLOW,4413.07,4413.36,4409.25,4413.00,0.00,0.00,0.0,BULLISH,411.0,4412.48,4413.01,4412.38,4413.01,14,ACTIVE_14s,63.0,53.0,0.0,10.0,0.0,15.9,0.0,PASS_<20%,4412.63,38.0,NO,STANDBY_VEL_LOW,1,4412.29,177.71,77.86,FALSE,OPENING_SHIELD_ACTIVE_14s
2026-09-07 15:12:15.319,1788793935.319,4849,31,225,4413.01,4413.09,8.0,PASS_<=10c,+0.0,FLAT,+53.0,-6.0,4.2,+4.83,1.15,SLOW,4413.07,4413.36,4409.25,4413.00,0.00,0.00,0.0,BULLISH,411.0,4412.48,4413.01,4412.38,4413.01,15,ACTIVE_15s,63.0,53.0,0.0,10.0,0.0,15.9,0.0,PASS_<20%,4412.63,38.0,NO,STANDBY_VEL_LOW,1,4412.29,177.71,77.86,FALSE,OPENING_SHIELD_ACTIVE_15s
2026-09-07 15:12:15.821,1788793935.821,4850,32,226,4413.03,4413.11,8.0,PASS_<=10c,+2.0,UP,+55.0,-4.0,4.2,+5.04,1.20,SLOW,4413.07,4413.36,4409.25,4413.00,0.00,0.00,0.0,BULLISH,411.0,4412.48,4413.03,4412.38,4413.03,15,ACTIVE_15s,65.0,55.0,0.0,10.0,0.0,15.4,0.0,PASS_<20%,4412.63,40.0,NO,STANDBY_VEL_LOW,1,4412.29,177.71,77.86,FALSE,OPENING_SHIELD_ACTIVE_15s
2026-09-07 15:12:17.663,1788793937.663,4851,33,227,4412.94,4413.02,8.0,PASS_<=10c,-9.0,DOWN,+46.0,-13.0,3.6,+2.12,0.59,SLOW,4413.07,4413.36,4409.25,4413.00,0.00,0.00,0.0,BULLISH,411.0,4412.48,4413.03,4412.38,4412.94,17,ACTIVE_17s,65.0,46.0,9.0,10.0,13.8,15.4,13.8,PASS_<20%,4412.63,31.0,NO,STANDBY_VEL_LOW,1,4412.29,177.71,77.86,FALSE,OPENING_SHIELD_ACTIVE_17s
2026-09-07 15:12:18.164,1788793938.165,4852,34,228,4412.92,4413.00,8.0,PASS_<=10c,-2.0,DOWN,+44.0,-15.0,3.6,+2.09,0.58,SLOW,4413.07,4413.36,4409.25,4413.00,0.00,0.00,0.0,BULLISH,411.0,4412.48,4413.03,4412.38,4412.92,18,ACTIVE_18s,65.0,44.0,11.0,10.0,16.9,15.4,16.9,PASS_<20%,4412.63,29.0,NO,STANDBY_VEL_LOW,1,4412.29,177.71,77.86,FALSE,OPENING_SHIELD_ACTIVE_18s
2026-09-07 15:12:18.665,1788793938.666,4853,35,229,4412.94,4413.02,8.0,PASS_<=10c,+2.0,UP,+46.0,-13.0,3.6,+2.05,0.57,SLOW,4413.07,4413.36,4409.25,4413.00,0.00,0.00,0.0,BULLISH,411.0,4412.48,4413.03,4412.38,4412.94,18,ACTIVE_18s,65.0,46.0,9.0,10.0,13.8,15.4,13.8,PASS_<20%,4412.63,31.0,NO,STANDBY_VEL_LOW,1,4412.29,177.71,77.86,FALSE,OPENING_SHIELD_ACTIVE_18s
2026-09-07 15:12:19.169,1788793939.169,4854,36,230,4412.92,4413.00,8.0,PASS_<=10c,-2.0,DOWN,+44.0,-15.0,3.6,+2.02,0.56,SLOW,4413.07,4413.36,4409.25,4413.00,0.00,0.00,0.0,BULLISH,411.0,4412.48,4413.03,4412.38,4412.92,19,ACTIVE_19s,65.0,44.0,11.0,10.0,16.9,15.4,16.9,PASS_<20%,4412.63,29.0,NO,STANDBY_VEL_LOW,1,4412.29,177.71,77.86,FALSE,OPENING_SHIELD_ACTIVE_19s
2026-09-07 15:12:19.670,1788793939.671,4855,37,231,4412.92,4413.00,8.0,PASS_<=10c,+0.0,FLAT,+44.0,-15.0,3.6,+2.00,0.56,SLOW,4413.07,4413.36,4409.25,4413.00,0.00,0.00,0.0,BULLISH,411.0,4412.48,4413.03,4412.38,4412.92,19,ACTIVE_19s,65.0,44.0,11.0,10.0,16.9,15.4,16.9,PASS_<20%,4412.63,29.0,NO,STANDBY_VEL_LOW,1,4412.29,177.71,77.86,FALSE,OPENING_SHIELD_ACTIVE_19s
2026-09-07 15:12:20.171,1788793940.172,4856,38,232,4412.90,4412.98,8.0,PASS_<=10c,-2.0,DOWN,+42.0,-17.0,3.6,+2.27,0.63,SLOW,4413.07,4413.36,4409.25,4413.00,0.00,0.00,0.0,BULLISH,411.0,4412.48,4413.03,4412.38,4412.90,20,CLEARED_>=20s,65.0,42.0,13.0,10.0,20.0,15.4,20.0,BLOCKED_20.0%,4412.63,27.0,NO,STANDBY_VEL_LOW,1,4412.29,177.71,77.86,FALSE,OPP_WICK_TOO_HIGH_0.20
2026-09-07 15:12:20.674,1788793940.674,4857,39,233,4412.90,4412.98,8.0,PASS_<=10c,+0.0,FLAT,+42.0,-17.0,3.6,+2.68,0.74,SLOW,4413.07,4413.36,4409.25,4413.00,0.00,0.00,0.0,BULLISH,411.0,4412.48,4413.03,4412.38,4412.90,20,CLEARED_>=20s,65.0,42.0,13.0,10.0,20.0,15.4,20.0,BLOCKED_20.0%,4412.63,27.0,NO,STANDBY_VEL_LOW,1,4412.29,177.71,77.86,FALSE,OPP_WICK_TOO_HIGH_0.20
2026-09-07 15:12:21.175,1788793941.176,4858,40,234,4412.90,4412.98,8.0,PASS_<=10c,+0.0,FLAT,+42.0,-17.0,4.3,+1.87,0.43,SLOW,4413.07,4413.36,4409.25,4413.00,0.00,0.00,0.0,BULLISH,411.0,4412.48,4413.03,4412.38,4412.90,21,CLEARED_>=20s,65.0,42.0,13.0,10.0,20.0,15.4,20.0,BLOCKED_20.0%,4412.63,27.0,NO,STANDBY_VEL_LOW,1,4412.29,177.71,77.86,FALSE,OPP_WICK_TOO_HIGH_0.20
2026-09-07 15:12:21.678,1788793941.678,4859,41,235,4412.91,4412.99,8.0,PASS_<=10c,+1.0,UP,+43.0,-16.0,4.2,+1.85,0.44,SLOW,4413.07,4413.36,4409.25,4413.00,0.00,0.00,0.0,BULLISH,411.0,4412.48,4413.03,4412.38,4412.91,21,CLEARED_>=20s,65.0,43.0,12.0,10.0,18.5,15.4,18.5,PASS_<20%,4412.63,28.0,YES,STANDBY_VEL_LOW,1,4412.29,177.71,77.86,TRUE,READY_TO_FIRE
2026-09-07 15:12:22.178,1788793942.179,4860,42,236,4412.94,4413.02,8.0,PASS_<=10c,+3.0,UP,+46.0,-13.0,4.2,+1.97,0.47,SLOW,4413.07,4413.36,4409.25,4413.00,0.00,0.00,0.0,BULLISH,411.0,4412.48,4413.03,4412.38,4412.94,22,CLEARED_>=20s,65.0,46.0,9.0,10.0,13.8,15.4,13.8,PASS_<20%,4412.63,31.0,YES,STANDBY_VEL_LOW,1,4412.29,177.71,77.86,TRUE,READY_TO_FIRE
2026-09-07 15:12:22.680,1788793942.681,4861,43,237,4412.93,4413.01,8.0,PASS_<=10c,-1.0,DOWN,+45.0,-14.0,4.2,+1.67,0.40,SLOW,4413.07,4413.36,4409.25,4413.00,0.00,0.00,0.0,BULLISH,411.0,4412.48,4413.03,4412.38,4412.93,22,CLEARED_>=20s,65.0,45.0,10.0,10.0,15.4,15.4,15.4,PASS_<20%,4412.63,30.0,YES,STANDBY_VEL_LOW,1,4412.29,177.71,77.86,TRUE,READY_TO_FIRE
2026-09-07 15:12:23.182,1788793943.182,4862,44,238,4412.93,4413.01,8.0,PASS_<=10c,+0.0,FLAT,+45.0,-14.0,4.2,+1.55,0.37,SLOW,4413.07,4413.36,4409.25,4413.00,0.00,0.00,0.0,BULLISH,411.0,4412.48,4413.03,4412.38,4412.93,23,CLEARED_>=20s,65.0,45.0,10.0,10.0,15.4,15.4,15.4,PASS_<20%,4412.63,30.0,YES,STANDBY_VEL_LOW,1,4412.29,177.71,77.86,TRUE,READY_TO_FIRE
2026-09-07 15:12:23.684,1788793943.684,4863,45,239,4412.90,4412.98,8.0,PASS_<=10c,-3.0,DOWN,+42.0,-17.0,4.2,+1.52,0.36,SLOW,4413.07,4413.36,4409.25,4413.00,0.00,0.00,0.0,BULLISH,411.0,4412.48,4413.03,4412.38,4412.90,23,CLEARED_>=20s,65.0,42.0,13.0,10.0,20.0,15.4,20.0,BLOCKED_20.0%,4412.63,27.0,NO,STANDBY_VEL_LOW,1,4412.29,177.71,77.86,FALSE,OPP_WICK_TOO_HIGH_0.20
2026-09-07 15:12:24.185,1788793944.185,4864,46,240,4412.90,4412.98,8.0,PASS_<=10c,+0.0,FLAT,+42.0,-17.0,4.2,+1.74,0.41,SLOW,4413.07,4413.36,4409.25,4413.00,0.00,0.00,0.0,BULLISH,411.0,4412.48,4413.03,4412.38,4412.90,24,CLEARED_>=20s,65.0,42.0,13.0,10.0,20.0,15.4,20.0,BLOCKED_20.0%,4412.63,27.0,NO,STANDBY_VEL_LOW,1,4412.29,177.71,77.86,FALSE,OPP_WICK_TOO_HIGH_0.20
2026-09-07 15:12:24.686,1788793944.687,4865,47,241,4412.92,4413.00,8.0,PASS_<=10c,+2.0,UP,+44.0,-15.0,4.2,+1.70,0.40,SLOW,4413.07,4413.36,4409.25,4413.00,0.00,0.00,0.0,BULLISH,411.0,4412.48,4413.03,4412.38,4412.92,24,CLEARED_>=20s,65.0,44.0,11.0,10.0,16.9,15.4,16.9,PASS_<20%,4412.63,29.0,YES,STANDBY_VEL_LOW,1,4412.29,177.71,77.86,TRUE,READY_TO_FIRE
2026-09-07 15:12:25.187,1788793945.188,4866,48,242,4412.97,4413.05,8.0,PASS_<=10c,+5.0,UP,+49.0,-10.0,4.2,+1.79,0.43,SLOW,4413.07,4413.36,4409.25,4413.00,0.00,0.00,0.0,BULLISH,411.0,4412.48,4413.03,4412.38,4412.97,25,CLEARED_>=20s,65.0,49.0,6.0,10.0,9.2,15.4,9.2,PASS_<20%,4412.63,34.0,YES,STANDBY_VEL_LOW,1,4412.29,177.71,77.86,TRUE,READY_TO_FIRE
2026-09-07 15:12:25.690,1788793945.690,4867,49,243,4412.96,4413.04,8.0,PASS_<=10c,-1.0,DOWN,+48.0,-11.0,4.2,+1.72,0.41,SLOW,4413.07,4413.36,4409.25,4413.00,0.00,0.00,0.0,BULLISH,411.0,4412.48,4413.03,4412.38,4412.96,25,CLEARED_>=20s,65.0,48.0,7.0,10.0,10.8,15.4,10.8,PASS_<20%,4412.63,33.0,YES,STANDBY_VEL_LOW,1,4412.29,177.71,77.86,TRUE,READY_TO_FIRE
2026-09-07 15:12:26.192,1788793946.192,4868,50,244,4412.96,4413.04,8.0,PASS_<=10c,+0.0,FLAT,+48.0,-11.0,4.2,+1.72,0.41,SLOW,4413.07,4413.36,4409.25,4413.00,0.00,0.00,0.0,BULLISH,411.0,4412.48,4413.03,4412.38,4412.96,26,CLEARED_>=20s,65.0,48.0,7.0,10.0,10.8,15.4,10.8,PASS_<20%,4412.63,33.0,YES,STANDBY_VEL_LOW,1,4412.29,177.71,77.86,TRUE,READY_TO_FIRE
2026-09-07 15:12:26.694,1788793946.694,4869,51,245,4412.94,4413.02,8.0,PASS_<=10c,-2.0,DOWN,+46.0,-13.0,4.2,+1.45,0.35,SLOW,4413.07,4413.36,4409.25,4413.00,0.00,0.00,0.0,BULLISH,411.0,4412.48,4413.03,4412.38,4412.94,26,CLEARED_>=20s,65.0,46.0,9.0,10.0,13.8,15.4,13.8,PASS_<20%,4412.63,31.0,YES,STANDBY_VEL_LOW,1,4412.29,177.71,77.86,TRUE,READY_TO_FIRE
2026-09-07 15:12:27.196,1788793947.197,4870,52,246,4412.94,4413.02,8.0,PASS_<=10c,+0.0,FLAT,+46.0,-13.0,4.2,+1.44,0.34,SLOW,4413.07,4413.36,4409.25,4413.00,0.00,0.00,0.0,BULLISH,411.0,4412.48,4413.03,4412.38,4412.94,27,CLEARED_>=20s,65.0,46.0,9.0,10.0,13.8,15.4,13.8,PASS_<20%,4412.63,31.0,YES,STANDBY_VEL_LOW,1,4412.29,177.71,77.86,TRUE,READY_TO_FIRE
2026-09-07 15:12:27.697,1788793947.698,4871,53,247,4412.93,4413.01,8.0,PASS_<=10c,-1.0,DOWN,+45.0,-14.0,4.2,+1.39,0.33,SLOW,4413.07,4413.36,4409.25,4413.00,0.00,0.00,0.0,BULLISH,411.0,4412.48,4413.03,4412.38,4412.93,27,CLEARED_>=20s,65.0,45.0,10.0,10.0,15.4,15.4,15.4,PASS_<20%,4412.63,30.0,YES,STANDBY_VEL_LOW,1,4412.29,177.71,77.86,TRUE,READY_TO_FIRE
2026-09-07 15:12:28.200,1788793948.201,4872,54,248,4412.94,4413.02,8.0,PASS_<=10c,+1.0,UP,+46.0,-13.0,4.2,+1.40,0.33,SLOW,4413.07,4413.36,4409.25,4413.00,0.00,0.00,0.0,BULLISH,411.0,4412.48,4413.03,4412.38,4412.94,28,CLEARED_>=20s,65.0,46.0,9.0,10.0,13.8,15.4,13.8,PASS_<20%,4412.63,31.0,YES,STANDBY_VEL_LOW,1,4412.29,177.71,77.86,TRUE,READY_TO_FIRE
2026-09-07 15:12:28.701,1788793948.701,4873,55,249,4412.98,4413.06,8.0,PASS_<=10c,+4.0,UP,+50.0,-9.0,4.2,+1.68,0.40,SLOW,4413.07,4413.36,4409.25,4413.00,0.00,0.00,0.0,BULLISH,411.0,4412.48,4413.03,4412.38,4412.98,28,CLEARED_>=20s,65.0,50.0,5.0,10.0,7.7,15.4,7.7,PASS_<20%,4412.63,35.0,YES,STANDBY_VEL_LOW,1,4412.29,177.71,77.86,TRUE,READY_TO_FIRE
2026-09-07 15:12:29.202,1788793949.203,4874,56,250,4413.07,4413.15,8.0,PASS_<=10c,+9.0,UP,+59.0,+0.0,4.2,+3.57,0.85,SLOW,4413.07,4413.36,4409.25,4413.00,0.00,0.00,0.0,BULLISH,411.0,4412.48,4413.07,4412.38,4413.07,29,CLEARED_>=20s,69.0,59.0,0.0,10.0,0.0,14.5,0.0,PASS_<20%,4412.63,44.0,YES,STANDBY_VEL_LOW,1,4412.29,177.71,77.86,TRUE,READY_TO_FIRE
2026-09-07 15:12:29.704,1788793949.705,4875,57,251,4413.37,4413.45,8.0,PASS_<=10c,+30.0,UP,+89.0,+30.0,4.2,+9.02,2.15,SLOW,4413.07,4413.36,4409.25,4413.00,0.00,0.00,0.0,BULLISH,411.0,4412.48,4413.37,4412.38,4413.37,29,CLEARED_>=20s,99.0,89.0,0.0,10.0,0.0,10.1,0.0,PASS_<20%,4412.63,74.0,YES,STANDBY_VEL_LOW,1,4412.29,177.71,77.86,TRUE,READY_TO_FIRE
2026-09-07 15:12:30.206,1788793950.206,4876,58,252,4413.49,4413.57,8.0,PASS_<=10c,+12.0,UP,+101.0,+42.0,4.2,+11.12,2.65,SLOW,4413.07,4413.36,4409.25,4413.00,0.00,0.00,0.0,BULLISH,411.0,4412.48,4413.49,4412.38,4413.49,30,CLEARED_>=20s,111.0,101.0,0.0,10.0,0.0,9.0,0.0,PASS_<20%,4412.63,86.0,YES,STANDBY_VEL_LOW,1,4412.29,177.71,77.86,TRUE,READY_TO_FIRE
2026-09-07 15:12:32.016,1788793952.016,4877,59,253,4413.42,4413.50,8.0,PASS_<=10c,-7.0,DOWN,+94.0,+35.0,3.5,+9.96,2.85,SLOW,4413.07,4413.36,4409.25,4413.00,0.00,0.00,0.0,BULLISH,411.0,4412.48,4413.49,4412.38,4413.42,32,CLEARED_>=20s,111.0,94.0,7.0,10.0,6.3,9.0,6.3,PASS_<20%,4412.63,79.0,YES,STANDBY_VEL_LOW,1,4412.29,177.71,77.86,TRUE,READY_TO_FIRE
2026-09-07 15:12:33.847,1788793953.847,4878,60,254,4413.69,4413.77,8.0,PASS_<=10c,+27.0,UP,+121.0,+62.0,3.5,+13.48,3.85,SLOW,4413.07,4413.36,4409.25,4413.00,0.00,0.00,0.0,BULLISH,411.0,4412.48,4413.69,4412.38,4413.69,33,CLEARED_>=20s,131.0,121.0,0.0,10.0,0.0,7.6,0.0,PASS_<20%,4412.63,106.0,YES,STANDBY_VEL_LOW,1,4412.29,177.71,77.86,TRUE,READY_TO_FIRE
2026-09-07 15:12:35.636,1788793955.637,4879,61,255,4413.70,4413.78,8.0,PASS_<=10c,+1.0,UP,+122.0,+63.0,3.4,+6.97,2.05,SLOW,4413.07,4413.36,4409.25,4413.00,0.00,0.00,0.0,BULLISH,411.0,4412.48,4413.70,4412.38,4413.70,35,CLEARED_>=20s,132.0,122.0,0.0,10.0,0.0,7.6,0.0,PASS_<20%,4412.63,107.0,YES,STANDBY_VEL_LOW,1,4412.29,177.71,77.86,TRUE,READY_TO_FIRE
2026-09-07 15:12:37.478,1788793957.479,4880,62,256,4413.68,4413.76,8.0,PASS_<=10c,-2.0,DOWN,+120.0,+61.0,3.3,+2.81,0.85,SLOW,4413.07,4413.36,4409.25,4413.00,0.00,0.00,0.0,BULLISH,411.0,4412.48,4413.70,4412.38,4413.68,37,CLEARED_>=20s,132.0,120.0,2.0,10.0,1.5,7.6,1.5,PASS_<20%,4412.63,105.0,YES,STANDBY_VEL_LOW,1,4412.29,177.71,77.86,TRUE,READY_TO_FIRE
2026-09-07 15:12:39.318,1788793959.319,4881,63,257,4413.72,4413.80,8.0,PASS_<=10c,+4.0,UP,+124.0,+65.0,3.2,+2.77,0.87,SLOW,4413.07,4413.36,4409.25,4413.00,0.00,0.00,0.0,BULLISH,411.0,4412.48,4413.72,4412.38,4413.72,39,CLEARED_>=20s,134.0,124.0,0.0,10.0,0.0,7.5,0.0,PASS_<20%,4412.63,109.0,YES,STANDBY_VEL_LOW,1,4412.29,177.71,77.86,TRUE,READY_TO_FIRE
2026-09-07 15:12:41.126,1788793961.127,4882,64,258,4413.64,4413.72,8.0,PASS_<=10c,-8.0,DOWN,+116.0,+57.0,3.1,+2.55,0.82,SLOW,4413.07,4413.36,4409.25,4413.00,0.00,0.00,0.0,BULLISH,411.0,4412.48,4413.72,4412.38,4413.64,41,CLEARED_>=20s,134.0,116.0,8.0,10.0,6.0,7.5,6.0,PASS_<20%,4412.63,101.0,YES,STANDBY_VEL_LOW,1,4412.29,177.71,77.86,TRUE,READY_TO_FIRE
2026-09-07 15:12:42.940,1788793962.941,4883,65,259,4413.70,4413.78,8.0,PASS_<=10c,+6.0,UP,+122.0,+63.0,3.0,+2.79,0.93,SLOW,4413.07,4413.36,4409.25,4413.00,0.00,0.00,0.0,BULLISH,411.0,4412.48,4413.72,4412.38,4413.70,42,CLEARED_>=20s,134.0,122.0,2.0,10.0,1.5,7.5,1.5,PASS_<20%,4412.63,107.0,YES,STANDBY_VEL_LOW,1,4412.29,177.71,77.86,TRUE,READY_TO_FIRE
2026-09-07 15:12:44.770,1788793964.771,4884,66,260,4413.68,4413.76,8.0,PASS_<=10c,-2.0,DOWN,+120.0,+61.0,2.9,+2.87,0.99,SLOW,4413.07,4413.36,4409.25,4413.00,0.00,0.00,0.0,BULLISH,411.0,4412.48,4413.72,4412.38,4413.68,44,CLEARED_>=20s,134.0,120.0,4.0,10.0,3.0,7.5,3.0,PASS_<20%,4412.63,105.0,YES,STANDBY_VEL_LOW,1,4412.29,177.71,77.86,TRUE,READY_TO_FIRE
2026-09-07 15:12:46.600,1788793966.600,4885,67,261,4413.63,4413.71,8.0,PASS_<=10c,-5.0,DOWN,+115.0,+56.0,2.8,+2.59,0.93,SLOW,4413.07,4413.36,4409.25,4413.00,0.00,0.00,0.0,BULLISH,411.0,4412.48,4413.72,4412.38,4413.63,46,CLEARED_>=20s,134.0,115.0,9.0,10.0,6.7,7.5,6.7,PASS_<20%,4412.63,100.0,YES,STANDBY_VEL_LOW,1,4412.29,177.71,77.86,TRUE,READY_TO_FIRE
2026-09-07 15:12:48.391,1788793968.392,4886,68,262,4413.62,4413.70,8.0,PASS_<=10c,-1.0,DOWN,+114.0,+55.0,2.8,+2.53,0.90,SLOW,4413.07,4413.36,4409.25,4413.00,0.00,0.00,0.0,BULLISH,411.0,4412.48,4413.72,4412.38,4413.62,48,CLEARED_>=20s,134.0,114.0,10.0,10.0,7.5,7.5,7.5,PASS_<20%,4412.63,99.0,YES,STANDBY_VEL_LOW,1,4412.29,177.71,77.86,TRUE,READY_TO_FIRE
2026-09-07 15:12:50.185,1788793970.186,4887,69,263,4413.48,4413.56,8.0,PASS_<=10c,-14.0,DOWN,+100.0,+41.0,2.7,+3.91,1.45,SLOW,4413.07,4413.36,4409.25,4413.00,0.00,0.00,0.0,BULLISH,411.0,4412.48,4413.72,4412.38,4413.48,50,CLEARED_>=20s,134.0,100.0,24.0,10.0,17.9,7.5,17.9,PASS_<20%,4412.63,85.0,YES,STANDBY_VEL_LOW,1,4412.29,177.71,77.86,TRUE,READY_TO_FIRE
2026-09-07 15:12:52.028,1788793972.028,4888,70,264,4413.40,4413.48,8.0,PASS_<=10c,-8.0,DOWN,+92.0,+33.0,2.6,+5.66,2.18,SLOW,4413.07,4413.36,4409.25,4413.00,0.00,0.00,0.0,BULLISH,411.0,4412.48,4413.72,4412.38,4413.40,52,CLEARED_>=20s,134.0,92.0,32.0,10.0,23.9,7.5,23.9,BLOCKED_23.9%,4412.63,77.0,NO,STANDBY_VEL_LOW,1,4412.29,177.71,77.86,FALSE,OPP_WICK_TOO_HIGH_0.24
2026-09-07 15:12:52.529,1788793972.530,4889,71,265,4413.38,4413.46,8.0,PASS_<=10c,-2.0,DOWN,+90.0,+31.0,2.6,+5.47,2.10,SLOW,4413.07,4413.36,4409.25,4413.00,0.00,0.00,0.0,BULLISH,411.0,4412.48,4413.72,4412.38,4413.38,52,CLEARED_>=20s,134.0,90.0,34.0,10.0,25.4,7.5,25.4,BLOCKED_25.4%,4412.63,75.0,NO,STANDBY_VEL_LOW,1,4412.29,177.71,77.86,FALSE,OPP_WICK_TOO_HIGH_0.25
2026-09-07 15:12:53.032,1788793973.033,4890,72,266,4413.37,4413.45,8.0,PASS_<=10c,-1.0,DOWN,+89.0,+30.0,2.6,+5.11,1.97,SLOW,4413.07,4413.36,4409.25,4413.00,0.00,0.00,0.0,BULLISH,411.0,4412.48,4413.72,4412.38,4413.37,53,CLEARED_>=20s,134.0,89.0,35.0,10.0,26.1,7.5,26.1,BLOCKED_26.1%,4412.63,74.0,NO,STANDBY_VEL_LOW,1,4412.29,177.71,77.86,FALSE,OPP_WICK_TOO_HIGH_0.26
2026-09-07 15:12:53.534,1788793973.534,4891,73,267,4413.37,4413.45,8.0,PASS_<=10c,+0.0,FLAT,+89.0,+30.0,2.8,+2.50,0.89,SLOW,4413.07,4413.36,4409.25,4413.00,0.00,0.00,0.0,BULLISH,411.0,4412.48,4413.72,4412.38,4413.37,53,CLEARED_>=20s,134.0,89.0,35.0,10.0,26.1,7.5,26.1,BLOCKED_26.1%,4412.63,74.0,NO,STANDBY_VEL_LOW,1,4412.29,177.71,77.86,FALSE,OPP_WICK_TOO_HIGH_0.26
2026-09-07 15:12:54.035,1788793974.036,4892,74,268,4413.37,4413.45,8.0,PASS_<=10c,+0.0,FLAT,+89.0,+30.0,2.9,+2.19,0.76,SLOW,4413.07,4413.36,4409.25,4413.00,0.00,0.00,0.0,BULLISH,411.0,4412.48,4413.72,4412.38,4413.37,54,CLEARED_>=20s,134.0,89.0,35.0,10.0,26.1,7.5,26.1,BLOCKED_26.1%,4412.63,74.0,NO,STANDBY_VEL_LOW,1,4412.29,177.71,77.86,FALSE,OPP_WICK_TOO_HIGH_0.26
2026-09-07 15:12:54.537,1788793974.537,4893,75,269,4413.63,4413.71,8.0,PASS_<=10c,+26.0,UP,+115.0,+56.0,3.0,+3.69,1.23,SLOW,4413.07,4413.36,4409.25,4413.00,0.00,0.00,0.0,BULLISH,411.0,4412.48,4413.72,4412.38,4413.63,54,CLEARED_>=20s,134.0,115.0,9.0,10.0,6.7,7.5,6.7,PASS_<20%,4412.63,100.0,YES,STANDBY_VEL_LOW,1,4412.29,177.71,77.86,TRUE,READY_TO_FIRE
2026-09-07 15:12:56.362,1788793976.362,4894,76,270,4413.72,4413.80,8.0,PASS_<=10c,+9.0,UP,+124.0,+65.0,3.1,+3.93,1.27,SLOW,4413.07,4413.36,4409.25,4413.00,0.00,0.00,0.0,BULLISH,411.0,4412.48,4413.72,4412.38,4413.72,56,CLEARED_>=20s,134.0,124.0,0.0,10.0,0.0,7.5,0.0,PASS_<20%,4412.63,109.0,YES,STANDBY_VEL_LOW,1,4412.29,177.71,77.86,TRUE,READY_TO_FIRE
2026-09-07 15:12:58.207,1788793978.208,4895,77,271,4413.81,4413.89,8.0,PASS_<=10c,+9.0,UP,+133.0,+74.0,2.7,+8.93,3.31,SLOW,4413.07,4413.36,4409.25,4413.00,0.00,0.00,0.0,BULLISH,411.0,4412.48,4413.81,4412.38,4413.81,58,CLEARED_>=20s,143.0,133.0,0.0,10.0,0.0,7.0,0.0,PASS_<20%,4412.63,118.0,YES,STANDBY_VEL_LOW,1,4412.29,177.71,77.86,TRUE,READY_TO_FIRE
2026-09-07 15:13:00.046,1788793980.046,4896,1,272,4413.68,4413.76,8.0,PASS_<=10c,-13.0,DOWN,+0.0,+61.0,2.6,+2.06,0.79,SLOW,4413.07,4413.36,4409.25,4413.00,0.00,0.00,0.0,BULLISH,411.0,4413.68,4413.68,4413.68,4413.68,0,ACTIVE_0s,1.0,0.0,0.0,0.0,0.0,0.0,0.0,PASS_<20%,0.00,0.0,NO,STANDBY_VEL_LOW,1,4412.29,177.71,77.86,FALSE,M1_DIRECTION_MISMATCH|OPENING_SHIELD_ACTIVE_0s
2026-09-07 15:13:01.872,1788793981.872,4897,2,273,4413.70,4413.78,8.0,PASS_<=10c,+2.0,UP,+2.0,+63.0,2.5,+2.81,1.12,SLOW,4413.07,4413.36,4409.25,4413.00,0.00,0.00,0.0,BULLISH,411.0,4413.68,4413.75,4413.68,4413.70,1,ACTIVE_1s,7.0,2.0,5.0,0.0,71.4,0.0,71.4,BLOCKED_71.4%,4413.83,13.0,NO,STANDBY_VEL_LOW,1,4412.29,177.71,77.86,FALSE,OPP_WICK_TOO_HIGH_0.71|OPENING_SHIELD_ACTIVE_1s|PRICE_BELOW_15C_DISPLACEMENT
2026-09-07 15:13:03.798,1788793983.799,4898,3,274,4413.55,4413.63,8.0,PASS_<=10c,-15.0,DOWN,-13.0,+48.0,2.4,+3.25,1.35,SLOW,4413.07,4413.36,4409.25,4413.00,0.00,0.00,0.0,BULLISH,411.0,4413.68,4413.75,4413.55,4413.55,3,ACTIVE_3s,20.0,13.0,7.0,0.0,35.0,0.0,35.0,BLOCKED_35.0%,0.00,0.0,NO,STANDBY_VEL_LOW,1,4412.29,177.71,77.86,FALSE,M1_DIRECTION_MISMATCH|OPENING_SHIELD_ACTIVE_3s
2026-09-07 15:13:05.628,1788793985.629,4899,4,275,4413.25,4413.33,8.0,PASS_<=10c,-30.0,DOWN,-43.0,+18.0,2.3,+12.47,5.42,SLOW,4413.07,4413.36,4409.25,4413.00,0.00,0.00,0.0,BULLISH,411.0,4413.68,4413.75,4413.25,4413.25,5,ACTIVE_5s,50.0,43.0,7.0,0.0,14.0,0.0,14.0,PASS_<20%,0.00,0.0,NO,STANDBY_VEL_LOW,1,4412.29,177.71,77.86,FALSE,M1_DIRECTION_MISMATCH|OPENING_SHIELD_ACTIVE_5s
2026-09-07 15:13:06.131,1788793986.131,4900,5,276,4413.27,4413.35,8.0,PASS_<=10c,+2.0,UP,-41.0,+20.0,2.3,+10.64,4.63,SLOW,4413.07,4413.36,4409.25,4413.00,0.00,0.00,0.0,BULLISH,411.0,4413.68,4413.75,4413.22,4413.27,6,ACTIVE_6s,53.0,41.0,7.0,5.0,13.2,9.4,13.2,PASS_<20%,0.00,0.0,NO,STANDBY_VEL_LOW,1,4412.29,177.71,77.86,FALSE,M1_DIRECTION_MISMATCH|OPENING_SHIELD_ACTIVE_6s
2026-09-07 15:13:06.632,1788793986.633,4901,6,277,4413.27,4413.35,8.0,PASS_<=10c,+0.0,FLAT,-41.0,+20.0,2.3,+9.03,3.93,SLOW,4413.07,4413.36,4409.25,4413.00,0.00,0.00,0.0,BULLISH,411.0,4413.68,4413.75,4413.22,4413.27,6,ACTIVE_6s,53.0,41.0,7.0,5.0,13.2,9.4,13.2,PASS_<20%,0.00,0.0,NO,STANDBY_VEL_LOW,1,4412.29,177.71,77.86,FALSE,M1_DIRECTION_MISMATCH|OPENING_SHIELD_ACTIVE_6s
2026-09-07 15:13:07.134,1788793987.135,4902,7,278,4413.32,4413.40,8.0,PASS_<=10c,+5.0,UP,-36.0,+25.0,2.8,+7.25,2.59,SLOW,4413.07,4413.36,4409.25,4413.00,0.00,0.00,0.0,BULLISH,411.0,4413.68,4413.75,4413.22,4413.32,7,ACTIVE_7s,53.0,36.0,7.0,10.0,13.2,18.9,13.2,PASS_<20%,0.00,0.0,NO,STANDBY_VEL_LOW,1,4412.29,177.71,77.86,FALSE,M1_DIRECTION_MISMATCH|OPENING_SHIELD_ACTIVE_7s
2026-09-07 15:13:07.636,1788793987.637,4903,8,279,4413.32,4413.40,8.0,PASS_<=10c,+0.0,FLAT,-36.0,+25.0,2.9,+6.36,2.19,SLOW,4413.07,4413.36,4409.25,4413.00,0.00,0.00,0.0,BULLISH,411.0,4413.68,4413.75,4413.22,4413.32,7,ACTIVE_7s,53.0,36.0,7.0,10.0,13.2,18.9,13.2,PASS_<20%,0.00,0.0,NO,STANDBY_VEL_LOW,1,4412.29,177.71,77.86,FALSE,M1_DIRECTION_MISMATCH|OPENING_SHIELD_ACTIVE_7s
2026-09-07 15:13:08.138,1788793988.139,4904,9,280,4413.33,4413.41,8.0,PASS_<=10c,+1.0,UP,-35.0,+26.0,3.0,+5.45,1.82,SLOW,4413.07,4413.36,4409.25,4413.00,0.00,0.00,0.0,BULLISH,411.0,4413.68,4413.75,4413.22,4413.33,8,ACTIVE_8s,53.0,35.0,7.0,11.0,13.2,20.8,13.2,PASS_<20%,0.00,0.0,NO,STANDBY_VEL_LOW,1,4412.29,177.71,77.86,FALSE,M1_DIRECTION_MISMATCH|OPENING_SHIELD_ACTIVE_8s
2026-09-07 15:13:08.639,1788793988.640,4905,10,281,4413.33,4413.41,8.0,PASS_<=10c,+0.0,FLAT,-35.0,+26.0,3.1,+4.54,1.46,SLOW,4413.07,4413.36,4409.25,4413.00,0.00,0.00,0.0,BULLISH,411.0,4413.68,4413.75,4413.22,4413.33,8,ACTIVE_8s,53.0,35.0,7.0,11.0,13.2,20.8,13.2,PASS_<20%,0.00,0.0,NO,STANDBY_VEL_LOW,1,4412.29,177.71,77.86,FALSE,M1_DIRECTION_MISMATCH|OPENING_SHIELD_ACTIVE_8s
2026-09-07 15:13:09.148,1788793989.148,4906,11,282,4413.33,4413.41,8.0,PASS_<=10c,+0.0,FLAT,-35.0,+26.0,4.2,+0.90,0.21,SLOW,4413.07,4413.36,4409.25,4413.00,0.00,0.00,0.0,BULLISH,411.0,4413.68,4413.75,4413.22,4413.33,9,ACTIVE_9s,53.0,35.0,7.0,11.0,13.2,20.8,13.2,PASS_<20%,0.00,0.0,NO,STANDBY_VEL_LOW,1,4412.29,177.71,77.86,FALSE,M1_DIRECTION_MISMATCH|OPENING_SHIELD_ACTIVE_9s
2026-09-07 15:13:09.648,1788793989.649,4907,12,283,4413.33,4413.41,8.0,PASS_<=10c,+0.0,FLAT,-35.0,+26.0,4.2,+0.92,0.22,SLOW,4413.07,4413.36,4409.25,4413.00,0.00,0.00,0.0,BULLISH,411.0,4413.68,4413.75,4413.22,4413.33,9,ACTIVE_9s,53.0,35.0,7.0,11.0,13.2,20.8,13.2,PASS_<20%,0.00,0.0,NO,STANDBY_VEL_LOW,1,4412.29,177.71,77.86,FALSE,M1_DIRECTION_MISMATCH|OPENING_SHIELD_ACTIVE_9s
2026-09-07 15:13:10.149,1788793990.150,4908,13,284,4413.33,4413.41,8.0,PASS_<=10c,+0.0,FLAT,-35.0,+26.0,4.2,+0.92,0.22,SLOW,4413.07,4413.36,4409.25,4413.00,0.00,0.00,0.0,BULLISH,411.0,4413.68,4413.75,4413.22,4413.33,10,ACTIVE_10s,53.0,35.0,7.0,11.0,13.2,20.8,13.2,PASS_<20%,0.00,0.0,NO,STANDBY_VEL_LOW,1,4412.29,177.71,77.86,FALSE,M1_DIRECTION_MISMATCH|OPENING_SHIELD_ACTIVE_10s
2026-09-07 15:13:10.651,1788793990.651,4909,14,285,4413.33,4413.41,8.0,PASS_<=10c,+0.0,FLAT,-35.0,+26.0,4.2,+2.31,0.55,SLOW,4413.07,4413.36,4409.25,4413.00,0.00,0.00,0.0,BULLISH,411.0,4413.68,4413.75,4413.22,4413.33,10,ACTIVE_10s,53.0,35.0,7.0,11.0,13.2,20.8,13.2,PASS_<20%,0.00,0.0,NO,STANDBY_VEL_LOW,1,4412.29,177.71,77.86,FALSE,M1_DIRECTION_MISMATCH|OPENING_SHIELD_ACTIVE_10s
2026-09-07 15:13:11.152,1788793991.152,4910,15,286,4413.38,4413.46,8.0,PASS_<=10c,+5.0,UP,-30.0,+31.0,4.2,+2.31,0.55,SLOW,4413.07,4413.36,4409.25,4413.00,0.00,0.00,0.0,BULLISH,411.0,4413.68,4413.75,4413.22,4413.38,11,ACTIVE_11s,53.0,30.0,7.0,16.0,13.2,30.2,13.2,PASS_<20%,0.00,0.0,NO,STANDBY_VEL_LOW,1,4412.29,177.71,77.86,FALSE,M1_DIRECTION_MISMATCH|OPENING_SHIELD_ACTIVE_11s
2026-09-07 15:13:11.653,1788793991.653,4911,16,287,4413.42,4413.50,8.0,PASS_<=10c,+4.0,UP,-26.0,+35.0,4.2,+3.14,0.75,SLOW,4413.07,4413.36,4409.25,4413.00,0.00,0.00,0.0,BULLISH,411.0,4413.68,4413.75,4413.22,4413.42,11,ACTIVE_11s,53.0,26.0,7.0,20.0,13.2,37.7,13.2,PASS_<20%,0.00,0.0,NO,STANDBY_VEL_LOW,1,4412.29,177.71,77.86,FALSE,M1_DIRECTION_MISMATCH|OPENING_SHIELD_ACTIVE_11s
2026-09-07 15:13:13.501,1788793993.502,4912,17,288,4413.45,4413.53,8.0,PASS_<=10c,+3.0,UP,-23.0,+38.0,3.1,+2.47,0.80,SLOW,4413.07,4413.36,4409.25,4413.00,0.00,0.00,0.0,BULLISH,411.0,4413.68,4413.75,4413.22,4413.45,13,ACTIVE_13s,53.0,23.0,7.0,23.0,13.2,43.4,13.2,PASS_<20%,0.00,0.0,NO,STANDBY_VEL_LOW,1,4412.29,177.71,77.86,FALSE,M1_DIRECTION_MISMATCH|OPENING_SHIELD_ACTIVE_13s
2026-09-07 15:13:15.308,1788793995.308,4913,18,289,4413.52,4413.60,8.0,PASS_<=10c,+7.0,UP,-16.0,+45.0,2.2,+3.87,1.76,SLOW,4413.07,4413.36,4409.25,4413.00,0.00,0.00,0.0,BULLISH,411.0,4413.68,4413.75,4413.22,4413.52,15,ACTIVE_15s,53.0,16.0,7.0,30.0,13.2,56.6,13.2,PASS_<20%,0.00,0.0,NO,STANDBY_VEL_LOW,1,4412.29,177.71,77.86,FALSE,M1_DIRECTION_MISMATCH|OPENING_SHIELD_ACTIVE_15s
2026-09-07 15:13:17.147,1788793997.147,4914,19,290,4413.51,4413.59,8.0,PASS_<=10c,-1.0,DOWN,-17.0,+44.0,2.1,+1.03,0.49,SLOW,4413.07,4413.36,4409.25,4413.00,0.00,0.00,0.0,BULLISH,411.0,4413.68,4413.75,4413.22,4413.51,17,ACTIVE_17s,53.0,17.0,7.0,29.0,13.2,54.7,13.2,PASS_<20%,0.00,0.0,NO,STANDBY_VEL_LOW,1,4412.29,177.71,77.86,FALSE,M1_DIRECTION_MISMATCH|OPENING_SHIELD_ACTIVE_17s
2026-09-07 15:13:19.003,1788793999.003,4915,20,291,4413.48,4413.56,8.0,PASS_<=10c,-3.0,DOWN,-20.0,+41.0,2.1,+0.94,0.45,SLOW,4413.07,4413.36,4409.25,4413.00,0.00,0.00,0.0,BULLISH,411.0,4413.68,4413.75,4413.22,4413.48,19,ACTIVE_19s,53.0,20.0,7.0,26.0,13.2,49.1,13.2,PASS_<20%,0.00,0.0,NO,STANDBY_VEL_LOW,1,4412.29,177.71,77.86,FALSE,M1_DIRECTION_MISMATCH|OPENING_SHIELD_ACTIVE_19s
2026-09-07 15:13:20.836,1788794000.837,4916,21,292,4413.57,4413.65,8.0,PASS_<=10c,+9.0,UP,-11.0,+50.0,2.0,+1.52,0.76,SLOW,4413.07,4413.36,4409.25,4413.00,0.00,0.00,0.0,BULLISH,411.0,4413.68,4413.75,4413.22,4413.57,20,CLEARED_>=20s,53.0,11.0,7.0,35.0,13.2,66.0,13.2,PASS_<20%,0.00,0.0,NO,STANDBY_VEL_LOW,1,4412.29,177.71,77.86,FALSE,M1_DIRECTION_MISMATCH
2026-09-07 15:13:22.620,1788794002.621,4917,22,293,4413.72,4413.80,8.0,PASS_<=10c,+15.0,UP,+4.0,+65.0,1.9,+6.21,3.27,SLOW,4413.07,4413.36,4409.25,4413.00,0.00,0.00,0.0,BULLISH,411.0,4413.68,4413.75,4413.22,4413.72,22,CLEARED_>=20s,53.0,4.0,3.0,46.0,5.7,86.8,5.7,PASS_<20%,4413.83,11.0,NO,STANDBY_VEL_LOW,1,4412.29,177.71,77.86,FALSE,PRICE_BELOW_15C_DISPLACEMENT
2026-09-07 15:13:24.421,1788794004.422,4918,23,294,4413.59,4413.67,8.0,PASS_<=10c,-13.0,DOWN,-9.0,+52.0,1.8,+1.15,0.64,SLOW,4413.07,4413.36,4409.25,4413.00,0.00,0.00,0.0,BULLISH,411.0,4413.68,4413.75,4413.22,4413.59,24,CLEARED_>=20s,53.0,9.0,7.0,37.0,13.2,69.8,13.2,PASS_<20%,0.00,0.0,NO,STANDBY_VEL_LOW,1,4412.29,177.71,77.86,FALSE,M1_DIRECTION_MISMATCH
2026-09-07 15:13:26.217,1788794006.217,4919,24,295,4413.68,4413.76,8.0,PASS_<=10c,+9.0,UP,+0.0,+61.0,1.7,+1.20,0.71,SLOW,4413.07,4413.36,4409.25,4413.00,0.00,0.00,0.0,BULLISH,411.0,4413.68,4413.75,4413.22,4413.68,26,CLEARED_>=20s,53.0,0.0,7.0,46.0,13.2,86.8,13.2,PASS_<20%,0.00,0.0,NO,STANDBY_VEL_LOW,1,4412.29,177.71,77.86,FALSE,M1_DIRECTION_MISMATCH
2026-09-07 15:13:28.059,1788794008.060,4920,25,296,4413.68,4413.76,8.0,PASS_<=10c,+0.0,FLAT,+0.0,+61.0,1.6,+2.06,1.29,SLOW,4413.07,4413.36,4409.25,4413.00,0.00,0.00,0.0,BULLISH,411.0,4413.68,4413.75,4413.22,4413.68,28,CLEARED_>=20s,53.0,0.0,7.0,46.0,13.2,86.8,13.2,PASS_<20%,0.00,0.0,NO,STANDBY_VEL_LOW,1,4412.29,177.71,77.86,FALSE,M1_DIRECTION_MISMATCH
2026-09-07 15:13:29.847,1788794009.847,4921,26,297,4413.69,4413.77,8.0,PASS_<=10c,+1.0,UP,+1.0,+62.0,1.5,+0.37,0.25,SLOW,4413.07,4413.36,4409.25,4413.00,0.00,0.00,0.0,BULLISH,411.0,4413.68,4413.75,4413.22,4413.69,29,CLEARED_>=20s,53.0,1.0,6.0,46.0,11.3,86.8,11.3,PASS_<20%,4413.83,14.0,NO,STANDBY_VEL_LOW,1,4412.29,177.71,77.86,FALSE,PRICE_BELOW_15C_DISPLACEMENT
2026-09-07 15:13:31.676,1788794011.677,4922,27,298,4413.16,4413.24,8.0,PASS_<=10c,-53.0,DOWN,-52.0,+9.0,1.6,+13.96,8.72,SLOW,4413.07,4413.36,4409.25,4413.00,0.00,0.00,0.0,BULLISH,411.0,4413.68,4413.75,4413.16,4413.16,31,CLEARED_>=20s,59.0,52.0,7.0,0.0,11.9,0.0,11.9,PASS_<20%,0.00,0.0,NO,STANDBY_VEL_LOW,1,4412.29,177.71,77.86,FALSE,M1_DIRECTION_MISMATCH
2026-09-07 15:13:32.178,1788794012.178,4923,28,299,4413.23,4413.31,8.0,PASS_<=10c,+7.0,UP,-45.0,+16.0,1.8,+10.76,5.98,SLOW,4413.07,4413.36,4409.25,4413.00,0.00,0.00,0.0,BULLISH,411.0,4413.68,4413.75,4413.16,4413.23,32,CLEARED_>=20s,59.0,45.0,7.0,7.0,11.9,11.9,11.9,PASS_<20%,0.00,0.0,NO,STANDBY_VEL_LOW,1,4412.29,177.71,77.86,FALSE,M1_DIRECTION_MISMATCH
2026-09-07 15:13:32.680,1788794012.680,4924,29,300,4413.27,4413.35,8.0,PASS_<=10c,+4.0,UP,-41.0,+20.0,2.1,+8.83,4.20,SLOW,4413.07,4413.36,4409.25,4413.00,0.00,0.00,0.0,BULLISH,411.0,4413.68,4413.75,4413.16,4413.27,32,CLEARED_>=20s,59.0,41.0,7.0,11.0,11.9,18.6,11.9,PASS_<20%,0.00,0.0,NO,STANDBY_VEL_LOW,1,4412.29,177.71,77.86,FALSE,M1_DIRECTION_MISMATCH
2026-09-07 15:13:33.183,1788794013.183,4925,30,301,4413.35,4413.43,8.0,PASS_<=10c,+8.0,UP,-33.0,+28.0,2.8,+9.48,3.39,SLOW,4413.07,4413.36,4409.25,4413.00,0.00,0.00,0.0,BULLISH,411.0,4413.68,4413.75,4413.16,4413.35,33,CLEARED_>=20s,59.0,33.0,7.0,19.0,11.9,32.2,11.9,PASS_<20%,0.00,0.0,NO,STANDBY_VEL_LOW,1,4412.29,177.71,77.86,FALSE,M1_DIRECTION_MISMATCH
2026-09-07 15:13:33.684,1788794013.684,4926,31,302,4413.35,4413.43,8.0,PASS_<=10c,+0.0,FLAT,-33.0,+28.0,2.9,+8.32,2.87,SLOW,4413.07,4413.36,4409.25,4413.00,0.00,0.00,0.0,BULLISH,411.0,4413.68,4413.75,4413.16,4413.35,33,CLEARED_>=20s,59.0,33.0,7.0,19.0,11.9,32.2,11.9,PASS_<20%,0.00,0.0,NO,STANDBY_VEL_LOW,1,4412.29,177.71,77.86,FALSE,M1_DIRECTION_MISMATCH
2026-09-07 15:13:34.186,1788794014.187,4927,32,303,4413.39,4413.47,8.0,PASS_<=10c,+4.0,UP,-29.0,+32.0,3.1,+6.54,2.11,SLOW,4413.07,4413.36,4409.25,4413.00,0.00,0.00,0.0,BULLISH,411.0,4413.68,4413.75,4413.16,4413.39,34,CLEARED_>=20s,59.0,29.0,7.0,23.0,11.9,39.0,11.9,PASS_<20%,0.00,0.0,NO,STANDBY_VEL_LOW,1,4412.29,177.71,77.86,FALSE,M1_DIRECTION_MISMATCH
2026-09-07 15:13:34.688,1788794014.688,4928,33,304,4413.37,4413.45,8.0,PASS_<=10c,-2.0,DOWN,-31.0,+30.0,3.1,+6.61,2.13,SLOW,4413.07,4413.36,4409.25,4413.00,0.00,0.00,0.0,BULLISH,411.0,4413.68,4413.75,4413.16,4413.37,34,CLEARED_>=20s,59.0,31.0,7.0,21.0,11.9,35.6,11.9,PASS_<20%,0.00,0.0,NO,STANDBY_VEL_LOW,1,4412.29,177.71,77.86,FALSE,M1_DIRECTION_MISMATCH
2026-09-07 15:13:35.189,1788794015.190,4929,34,305,4413.37,4413.45,8.0,PASS_<=10c,+0.0,FLAT,-31.0,+30.0,4.3,+5.58,1.30,SLOW,4413.07,4413.36,4409.25,4413.00,0.00,0.00,0.0,BULLISH,411.0,4413.68,4413.75,4413.16,4413.37,35,CLEARED_>=20s,59.0,31.0,7.0,21.0,11.9,35.6,11.9,PASS_<20%,0.00,0.0,NO,STANDBY_VEL_LOW,1,4412.29,177.71,77.86,FALSE,M1_DIRECTION_MISMATCH
2026-09-07 15:13:35.691,1788794015.692,4930,35,306,4413.32,4413.40,8.0,PASS_<=10c,-5.0,DOWN,-36.0,+25.0,4.2,+3.75,0.89,SLOW,4413.07,4413.36,4409.25,4413.00,0.00,0.00,0.0,BULLISH,411.0,4413.68,4413.75,4413.16,4413.32,35,CLEARED_>=20s,59.0,36.0,7.0,16.0,11.9,27.1,11.9,PASS_<20%,0.00,0.0,NO,STANDBY_VEL_LOW,1,4412.29,177.71,77.86,FALSE,M1_DIRECTION_MISMATCH
2026-09-07 15:13:36.192,1788794016.193,4931,36,307,4413.32,4413.40,8.0,PASS_<=10c,+0.0,FLAT,-36.0,+25.0,4.2,+3.36,0.80,SLOW,4413.07,4413.36,4409.25,4413.00,0.00,0.00,0.0,BULLISH,411.0,4413.68,4413.75,4413.16,4413.32,36,CLEARED_>=20s,59.0,36.0,7.0,16.0,11.9,27.1,11.9,PASS_<20%,0.00,0.0,NO,STANDBY_VEL_LOW,1,4412.29,177.71,77.86,FALSE,M1_DIRECTION_MISMATCH
2026-09-07 15:13:36.694,1788794016.695,4932,37,308,4413.32,4413.40,8.0,PASS_<=10c,+0.0,FLAT,-36.0,+25.0,4.2,+2.10,0.50,SLOW,4413.07,4413.36,4409.25,4413.00,0.00,0.00,0.0,BULLISH,411.0,4413.68,4413.75,4413.16,4413.32,36,CLEARED_>=20s,59.0,36.0,7.0,16.0,11.9,27.1,11.9,PASS_<20%,0.00,0.0,NO,STANDBY_VEL_LOW,1,4412.29,177.71,77.86,FALSE,M1_DIRECTION_MISMATCH
2026-09-07 15:13:37.195,1788794017.196,4933,38,309,4413.32,4413.40,8.0,PASS_<=10c,+0.0,FLAT,-36.0,+25.0,4.2,+1.05,0.25,SLOW,4413.07,4413.36,4409.25,4413.00,0.00,0.00,0.0,BULLISH,411.0,4413.68,4413.75,4413.16,4413.32,37,CLEARED_>=20s,59.0,36.0,7.0,16.0,11.9,27.1,11.9,PASS_<20%,0.00,0.0,NO,STANDBY_VEL_LOW,1,4412.29,177.71,77.86,FALSE,M1_DIRECTION_MISMATCH
2026-09-07 15:13:37.697,1788794017.697,4934,39,310,4413.32,4413.40,8.0,PASS_<=10c,+0.0,FLAT,-36.0,+25.0,4.2,+1.05,0.25,SLOW,4413.07,4413.36,4409.25,4413.00,0.00,0.00,0.0,BULLISH,411.0,4413.68,4413.75,4413.16,4413.32,37,CLEARED_>=20s,59.0,36.0,7.0,16.0,11.9,27.1,11.9,PASS_<20%,0.00,0.0,NO,STANDBY_VEL_LOW,1,4412.29,177.71,77.86,FALSE,M1_DIRECTION_MISMATCH
2026-09-07 15:13:38.198,1788794018.199,4935,40,311,4413.32,4413.40,8.0,PASS_<=10c,+0.0,FLAT,-36.0,+25.0,4.2,+0.63,0.15,SLOW,4413.07,4413.36,4409.25,4413.00,0.00,0.00,0.0,BULLISH,411.0,4413.68,4413.75,4413.16,4413.32,38,CLEARED_>=20s,59.0,36.0,7.0,16.0,11.9,27.1,11.9,PASS_<20%,0.00,0.0,NO,STANDBY_VEL_LOW,1,4412.29,177.71,77.86,FALSE,M1_DIRECTION_MISMATCH
2026-09-07 15:13:38.699,1788794018.700,4936,41,312,4413.27,4413.35,8.0,PASS_<=10c,-5.0,DOWN,-41.0,+20.0,4.2,+1.68,0.40,SLOW,4413.07,4413.36,4409.25,4413.00,0.00,0.00,0.0,BULLISH,411.0,4413.68,4413.75,4413.16,4413.27,38,CLEARED_>=20s,59.0,41.0,7.0,11.0,11.9,18.6,11.9,PASS_<20%,0.00,0.0,NO,STANDBY_VEL_LOW,1,4412.29,177.71,77.86,FALSE,M1_DIRECTION_MISMATCH
2026-09-07 15:13:39.202,1788794019.203,4937,42,313,4413.27,4413.35,8.0,PASS_<=10c,+0.0,FLAT,-41.0,+20.0,4.2,+2.52,0.60,SLOW,4413.07,4413.36,4409.25,4413.00,0.00,0.00,0.0,BULLISH,411.0,4413.68,4413.75,4413.16,4413.27,39,CLEARED_>=20s,59.0,41.0,7.0,11.0,11.9,18.6,11.9,PASS_<20%,0.00,0.0,NO,STANDBY_VEL_LOW,1,4412.29,177.71,77.86,FALSE,M1_DIRECTION_MISMATCH
2026-09-07 15:13:39.705,1788794019.705,4938,43,314,4413.24,4413.32,8.0,PASS_<=10c,-3.0,DOWN,-44.0,+17.0,4.2,+2.73,0.65,SLOW,4413.07,4413.36,4409.25,4413.00,0.00,0.00,0.0,BULLISH,411.0,4413.68,4413.75,4413.16,4413.24,39,CLEARED_>=20s,59.0,44.0,7.0,8.0,11.9,13.6,11.9,PASS_<20%,0.00,0.0,NO,STANDBY_VEL_LOW,1,4412.29,177.71,77.86,FALSE,M1_DIRECTION_MISMATCH
2026-09-07 15:13:40.207,1788794020.207,4939,44,315,4413.05,4413.13,8.0,PASS_<=10c,-19.0,DOWN,-63.0,-2.0,4.2,+5.88,1.40,SLOW,4413.07,4413.36,4409.25,4413.00,0.00,0.00,0.0,BULLISH,411.0,4413.68,4413.75,4413.05,4413.05,40,CLEARED_>=20s,70.0,63.0,7.0,0.0,10.0,0.0,10.0,PASS_<20%,0.00,0.0,NO,STANDBY_VEL_LOW,1,4412.29,177.71,77.86,FALSE,M1_DIRECTION_MISMATCH
2026-09-07 15:13:40.709,1788794020.709,4940,45,316,4413.05,4413.13,8.0,PASS_<=10c,+0.0,FLAT,-63.0,-2.0,4.2,+5.66,1.35,SLOW,4413.07,4413.36,4409.25,4413.00,0.00,0.00,0.0,BULLISH,411.0,4413.68,4413.75,4413.05,4413.05,40,CLEARED_>=20s,70.0,63.0,7.0,0.0,10.0,0.0,10.0,PASS_<20%,0.00,0.0,NO,STANDBY_VEL_LOW,1,4412.29,177.71,77.86,FALSE,M1_DIRECTION_MISMATCH
2026-09-07 15:13:41.210,1788794021.210,4941,46,317,4413.05,4413.13,8.0,PASS_<=10c,+0.0,FLAT,-63.0,-2.0,4.2,+5.66,1.35,SLOW,4413.07,4413.36,4409.25,4413.00,0.00,0.00,0.0,BULLISH,411.0,4413.68,4413.75,4413.04,4413.05,41,CLEARED_>=20s,71.0,63.0,7.0,1.0,9.9,1.4,9.9,PASS_<20%,0.00,0.0,NO,STANDBY_VEL_LOW,1,4412.29,177.71,77.86,FALSE,M1_DIRECTION_MISMATCH
2026-09-07 15:13:41.712,1788794021.712,4942,47,318,4413.05,4413.13,8.0,PASS_<=10c,+0.0,FLAT,-63.0,-2.0,4.2,+5.66,1.35,SLOW,4413.07,4413.36,4409.25,4413.00,0.00,0.00,0.0,BULLISH,411.0,4413.68,4413.75,4413.04,4413.05,41,CLEARED_>=20s,71.0,63.0,7.0,1.0,9.9,1.4,9.9,PASS_<20%,0.00,0.0,NO,STANDBY_VEL_LOW,1,4412.29,177.71,77.86,FALSE,M1_DIRECTION_MISMATCH
2026-09-07 15:13:42.213,1788794022.214,4943,48,319,4413.14,4413.22,8.0,PASS_<=10c,+9.0,UP,-54.0,+7.0,4.2,+3.78,0.90,SLOW,4413.07,4413.36,4409.25,4413.00,0.00,0.00,0.0,BULLISH,411.0,4413.68,4413.75,4413.04,4413.14,42,CLEARED_>=20s,71.0,54.0,7.0,10.0,9.9,14.1,9.9,PASS_<20%,0.00,0.0,NO,STANDBY_VEL_LOW,1,4412.29,177.71,77.86,FALSE,M1_DIRECTION_MISMATCH
2026-09-07 15:13:42.715,1788794022.716,4944,49,320,4413.18,4413.26,8.0,PASS_<=10c,+4.0,UP,-50.0,+11.0,4.2,+2.94,0.70,SLOW,4413.07,4413.36,4409.25,4413.00,0.00,0.00,0.0,BULLISH,411.0,4413.68,4413.75,4413.04,4413.18,42,CLEARED_>=20s,71.0,50.0,7.0,14.0,9.9,19.7,9.9,PASS_<20%,0.00,0.0,NO,STANDBY_VEL_LOW,1,4412.29,177.71,77.86,FALSE,M1_DIRECTION_MISMATCH
2026-09-07 15:13:43.216,1788794023.216,4945,50,321,4413.18,4413.26,8.0,PASS_<=10c,+0.0,FLAT,-50.0,+11.0,4.2,+1.89,0.45,SLOW,4413.07,4413.36,4409.25,4413.00,0.00,0.00,0.0,BULLISH,411.0,4413.68,4413.75,4413.04,4413.18,43,CLEARED_>=20s,71.0,50.0,7.0,14.0,9.9,19.7,9.9,PASS_<20%,0.00,0.0,NO,STANDBY_VEL_LOW,1,4412.29,177.71,77.86,FALSE,M1_DIRECTION_MISMATCH
2026-09-07 15:13:43.719,1788794023.719,4946,51,322,4413.17,4413.25,8.0,PASS_<=10c,-1.0,DOWN,-51.0,+10.0,4.2,+2.10,0.50,SLOW,4413.07,4413.36,4409.25,4413.00,0.00,0.00,0.0,BULLISH,411.0,4413.68,4413.75,4413.04,4413.17,43,CLEARED_>=20s,71.0,51.0,7.0,13.0,9.9,18.3,9.9,PASS_<20%,0.00,0.0,NO,STANDBY_VEL_LOW,1,4412.29,177.71,77.86,FALSE,M1_DIRECTION_MISMATCH
2026-09-07 15:13:44.220,1788794024.221,4947,52,323,4413.17,4413.25,8.0,PASS_<=10c,+0.0,FLAT,-51.0,+10.0,4.2,+2.10,0.50,SLOW,4413.07,4413.36,4409.25,4413.00,0.00,0.00,0.0,BULLISH,411.0,4413.68,4413.75,4413.04,4413.17,44,CLEARED_>=20s,71.0,51.0,7.0,13.0,9.9,18.3,9.9,PASS_<20%,0.00,0.0,NO,STANDBY_VEL_LOW,1,4412.29,177.71,77.86,FALSE,M1_DIRECTION_MISMATCH
2026-09-07 15:13:44.723,1788794024.724,4948,53,324,4413.14,4413.22,8.0,PASS_<=10c,-3.0,DOWN,-54.0,+7.0,4.2,+1.47,0.35,SLOW,4413.07,4413.36,4409.25,4413.00,0.00,0.00,0.0,BULLISH,411.0,4413.68,4413.75,4413.04,4413.14,44,CLEARED_>=20s,71.0,54.0,7.0,10.0,9.9,14.1,9.9,PASS_<20%,0.00,0.0,NO,STANDBY_VEL_LOW,1,4412.29,177.71,77.86,FALSE,M1_DIRECTION_MISMATCH
2026-09-07 15:13:45.223,1788794025.223,4949,54,325,4413.13,4413.21,8.0,PASS_<=10c,-1.0,DOWN,-55.0,+6.0,4.2,+1.47,0.35,SLOW,4413.07,4413.36,4409.25,4413.00,0.00,0.00,0.0,BULLISH,411.0,4413.68,4413.75,4413.04,4413.13,45,CLEARED_>=20s,71.0,55.0,7.0,9.0,9.9,12.7,9.9,PASS_<20%,0.00,0.0,NO,STANDBY_VEL_LOW,1,4412.29,177.71,77.86,FALSE,M1_DIRECTION_MISMATCH
2026-09-07 15:13:45.727,1788794025.727,4950,55,326,4413.13,4413.21,8.0,PASS_<=10c,+0.0,FLAT,-55.0,+6.0,4.2,+1.89,0.45,SLOW,4413.07,4413.36,4409.25,4413.00,0.00,0.00,0.0,BULLISH,411.0,4413.68,4413.75,4413.04,4413.13,45,CLEARED_>=20s,71.0,55.0,7.0,9.0,9.9,12.7,9.9,PASS_<20%,0.00,0.0,NO,STANDBY_VEL_LOW,1,4412.29,177.71,77.86,FALSE,M1_DIRECTION_MISMATCH
2026-09-07 15:13:46.226,1788794026.226,4951,56,327,4413.12,4413.20,8.0,PASS_<=10c,-1.0,DOWN,-56.0,+5.0,4.2,+1.47,0.35,SLOW,4413.07,4413.36,4409.25,4413.00,0.00,0.00,0.0,BULLISH,411.0,4413.68,4413.75,4413.04,4413.12,46,CLEARED_>=20s,71.0,56.0,7.0,8.0,9.9,11.3,9.9,PASS_<20%,0.00,0.0,NO,STANDBY_VEL_LOW,1,4412.29,177.71,77.86,FALSE,M1_DIRECTION_MISMATCH
2026-09-07 15:13:46.749,1788794026.750,4952,57,328,4413.12,4413.20,8.0,PASS_<=10c,+0.0,FLAT,-56.0,+5.0,4.2,+0.42,0.10,SLOW,4413.07,4413.36,4409.25,4413.00,0.00,0.00,0.0,BULLISH,411.0,4413.68,4413.75,4413.04,4413.12,46,CLEARED_>=20s,71.0,56.0,7.0,8.0,9.9,11.3,9.9,PASS_<20%,0.00,0.0,NO,STANDBY_VEL_LOW,1,4412.29,177.71,77.86,FALSE,M1_DIRECTION_MISMATCH
2026-09-07 15:13:47.252,1788794027.252,4953,58,329,4413.12,4413.20,8.0,PASS_<=10c,+0.0,FLAT,-56.0,+5.0,4.2,+0.42,0.10,SLOW,4413.07,4413.36,4409.25,4413.00,0.00,0.00,0.0,BULLISH,411.0,4413.68,4413.75,4413.04,4413.12,47,CLEARED_>=20s,71.0,56.0,7.0,8.0,9.9,11.3,9.9,PASS_<20%,0.00,0.0,NO,STANDBY_VEL_LOW,1,4412.29,177.71,77.86,FALSE,M1_DIRECTION_MISMATCH
2026-09-07 15:13:47.753,1788794027.753,4954,59,330,4413.12,4413.20,8.0,PASS_<=10c,+0.0,FLAT,-56.0,+5.0,4.2,+1.25,0.30,SLOW,4413.07,4413.36,4409.25,4413.00,0.00,0.00,0.0,BULLISH,411.0,4413.68,4413.75,4413.04,4413.12,47,CLEARED_>=20s,71.0,56.0,7.0,8.0,9.9,11.3,9.9,PASS_<20%,0.00,0.0,NO,STANDBY_VEL_LOW,1,4412.29,177.71,77.86,FALSE,M1_DIRECTION_MISMATCH
2026-09-07 15:13:48.255,1788794028.255,4955,60,331,4413.06,4413.14,8.0,PASS_<=10c,-6.0,DOWN,-62.0,-1.0,4.2,+2.30,0.55,SLOW,4413.07,4413.36,4409.25,4413.00,0.00,0.00,0.0,BULLISH,411.0,4413.68,4413.75,4413.04,4413.06,48,CLEARED_>=20s,71.0,62.0,7.0,2.0,9.9,2.8,9.9,PASS_<20%,0.00,0.0,NO,STANDBY_VEL_LOW,1,4412.29,177.71,77.86,FALSE,M1_DIRECTION_MISMATCH
2026-09-07 15:13:48.755,1788794028.756,4956,61,332,4413.04,4413.12,8.0,PASS_<=10c,-2.0,DOWN,-64.0,-3.0,4.2,+2.72,0.65,SLOW,4413.07,4413.36,4409.25,4413.00,0.00,0.00,0.0,BULLISH,411.0,4413.68,4413.75,4413.04,4413.04,48,CLEARED_>=20s,71.0,64.0,7.0,0.0,9.9,0.0,9.9,PASS_<20%,0.00,0.0,NO,STANDBY_VEL_LOW,1,4412.29,177.71,77.86,FALSE,M1_DIRECTION_MISMATCH
2026-09-07 15:13:49.256,1788794029.257,4957,62,333,4413.04,4413.12,8.0,PASS_<=10c,+0.0,FLAT,-64.0,-3.0,4.2,+2.09,0.50,SLOW,4413.07,4413.36,4409.25,4413.00,0.00,0.00,0.0,BULLISH,411.0,4413.68,4413.75,4413.04,4413.04,49,CLEARED_>=20s,71.0,64.0,7.0,0.0,9.9,0.0,9.9,PASS_<20%,0.00,0.0,NO,STANDBY_VEL_LOW,1,4412.29,177.71,77.86,FALSE,M1_DIRECTION_MISMATCH
2026-09-07 15:13:49.759,1788794029.759,4958,63,334,4413.04,4413.12,8.0,PASS_<=10c,+0.0,FLAT,-64.0,-3.0,4.2,+2.09,0.50,SLOW,4413.07,4413.36,4409.25,4413.00,0.00,0.00,0.0,BULLISH,411.0,4413.68,4413.75,4413.04,4413.04,49,CLEARED_>=20s,71.0,64.0,7.0,0.0,9.9,0.0,9.9,PASS_<20%,0.00,0.0,NO,STANDBY_VEL_LOW,1,4412.29,177.71,77.86,FALSE,M1_DIRECTION_MISMATCH
2026-09-07 15:13:50.261,1788794030.262,4959,64,335,4413.04,4413.12,8.0,PASS_<=10c,+0.0,FLAT,-64.0,-3.0,4.2,+1.88,0.45,SLOW,4413.07,4413.36,4409.25,4413.00,0.00,0.00,0.0,BULLISH,411.0,4413.68,4413.75,4413.04,4413.04,50,CLEARED_>=20s,71.0,64.0,7.0,0.0,9.9,0.0,9.9,PASS_<20%,0.00,0.0,NO,STANDBY_VEL_LOW,1,4412.29,177.71,77.86,FALSE,M1_DIRECTION_MISMATCH
2026-09-07 15:13:50.763,1788794030.763,4960,65,336,4413.04,4413.12,8.0,PASS_<=10c,+0.0,FLAT,-64.0,-3.0,4.2,+1.88,0.45,SLOW,4413.07,4413.36,4409.25,4413.00,0.00,0.00,0.0,BULLISH,411.0,4413.68,4413.75,4413.04,4413.04,50,CLEARED_>=20s,71.0,64.0,7.0,0.0,9.9,0.0,9.9,PASS_<20%,0.00,0.0,NO,STANDBY_VEL_LOW,1,4412.29,177.71,77.86,FALSE,M1_DIRECTION_MISMATCH
2026-09-07 15:13:51.264,1788794031.264,4961,66,337,4413.03,4413.11,8.0,PASS_<=10c,-1.0,DOWN,-65.0,-4.0,4.2,+1.89,0.45,SLOW,4413.07,4413.36,4409.25,4413.00,0.00,0.00,0.0,BULLISH,411.0,4413.68,4413.75,4413.03,4413.03,51,CLEARED_>=20s,72.0,65.0,7.0,0.0,9.7,0.0,9.7,PASS_<20%,0.00,0.0,NO,STANDBY_VEL_LOW,1,4412.29,177.71,77.86,FALSE,M1_DIRECTION_MISMATCH
2026-09-07 15:13:51.766,1788794031.767,4962,67,338,4413.04,4413.12,8.0,PASS_<=10c,+1.0,UP,-64.0,-3.0,4.2,+1.68,0.40,SLOW,4413.07,4413.36,4409.25,4413.00,0.00,0.00,0.0,BULLISH,411.0,4413.68,4413.75,4413.03,4413.04,51,CLEARED_>=20s,72.0,64.0,7.0,1.0,9.7,1.4,9.7,PASS_<20%,0.00,0.0,NO,STANDBY_VEL_LOW,1,4412.29,177.71,77.86,FALSE,M1_DIRECTION_MISMATCH
2026-09-07 15:13:52.268,1788794032.268,4963,68,339,4413.04,4413.12,8.0,PASS_<=10c,+0.0,FLAT,-64.0,-3.0,4.2,+1.68,0.40,SLOW,4413.07,4413.36,4409.25,4413.00,0.00,0.00,0.0,BULLISH,411.0,4413.68,4413.75,4413.03,4413.04,52,CLEARED_>=20s,72.0,64.0,7.0,1.0,9.7,1.4,9.7,PASS_<20%,0.00,0.0,NO,STANDBY_VEL_LOW,1,4412.29,177.71,77.86,FALSE,M1_DIRECTION_MISMATCH
2026-09-07 15:13:52.770,1788794032.770,4964,69,340,4413.11,4413.19,8.0,PASS_<=10c,+7.0,UP,-57.0,+4.0,4.2,+1.05,0.25,SLOW,4413.07,4413.36,4409.25,4413.00,0.00,0.00,0.0,BULLISH,411.0,4413.68,4413.75,4413.03,4413.11,52,CLEARED_>=20s,72.0,57.0,7.0,8.0,9.7,11.1,9.7,PASS_<20%,0.00,0.0,NO,STANDBY_VEL_LOW,1,4412.29,177.71,77.86,FALSE,M1_DIRECTION_MISMATCH
2026-09-07 15:13:53.271,1788794033.272,4965,70,341,4413.11,4413.19,8.0,PASS_<=10c,+0.0,FLAT,-57.0,+4.0,4.2,+1.47,0.35,SLOW,4413.07,4413.36,4409.25,4413.00,0.00,0.00,0.0,BULLISH,411.0,4413.68,4413.75,4413.03,4413.11,53,CLEARED_>=20s,72.0,57.0,7.0,8.0,9.7,11.1,9.7,PASS_<20%,0.00,0.0,NO,STANDBY_VEL_LOW,1,4412.29,177.71,77.86,FALSE,M1_DIRECTION_MISMATCH
2026-09-07 15:13:53.772,1788794033.773,4966,71,342,4413.15,4413.23,8.0,PASS_<=10c,+4.0,UP,-53.0,+8.0,4.2,+2.31,0.55,SLOW,4413.07,4413.36,4409.25,4413.00,0.00,0.00,0.0,BULLISH,411.0,4413.68,4413.75,4413.03,4413.15,53,CLEARED_>=20s,72.0,53.0,7.0,12.0,9.7,16.7,9.7,PASS_<20%,0.00,0.0,NO,STANDBY_VEL_LOW,1,4412.29,177.71,77.86,FALSE,M1_DIRECTION_MISMATCH
2026-09-07 15:13:54.274,1788794034.274,4967,72,343,4413.15,4413.23,8.0,PASS_<=10c,+0.0,FLAT,-53.0,+8.0,4.2,+2.31,0.55,SLOW,4413.07,4413.36,4409.25,4413.00,0.00,0.00,0.0,BULLISH,411.0,4413.68,4413.75,4413.03,4413.15,54,CLEARED_>=20s,72.0,53.0,7.0,12.0,9.7,16.7,9.7,PASS_<20%,0.00,0.0,NO,STANDBY_VEL_LOW,1,4412.29,177.71,77.86,FALSE,M1_DIRECTION_MISMATCH
2026-09-07 15:13:54.776,1788794034.776,4968,73,344,4413.15,4413.23,8.0,PASS_<=10c,+0.0,FLAT,-53.0,+8.0,4.2,+2.31,0.55,SLOW,4413.07,4413.36,4409.25,4413.00,0.00,0.00,0.0,BULLISH,411.0,4413.68,4413.75,4413.03,4413.15,54,CLEARED_>=20s,72.0,53.0,7.0,12.0,9.7,16.7,9.7,PASS_<20%,0.00,0.0,NO,STANDBY_VEL_LOW,1,4412.29,177.71,77.86,FALSE,M1_DIRECTION_MISMATCH
2026-09-07 15:13:55.276,1788794035.277,4969,74,345,4413.15,4413.23,8.0,PASS_<=10c,+0.0,FLAT,-53.0,+8.0,4.2,+2.31,0.55,SLOW,4413.07,4413.36,4409.25,4413.00,0.00,0.00,0.0,BULLISH,411.0,4413.68,4413.75,4413.03,4413.15,55,CLEARED_>=20s,72.0,53.0,7.0,12.0,9.7,16.7,9.7,PASS_<20%,0.00,0.0,NO,STANDBY_VEL_LOW,1,4412.29,177.71,77.86,FALSE,M1_DIRECTION_MISMATCH
2026-09-07 15:13:55.778,1788794035.779,4970,75,346,4413.15,4413.23,8.0,PASS_<=10c,+0.0,FLAT,-53.0,+8.0,4.2,+2.31,0.55,SLOW,4413.07,4413.36,4409.25,4413.00,0.00,0.00,0.0,BULLISH,411.0,4413.68,4413.75,4413.03,4413.15,55,CLEARED_>=20s,72.0,53.0,7.0,12.0,9.7,16.7,9.7,PASS_<20%,0.00,0.0,NO,STANDBY_VEL_LOW,1,4412.29,177.71,77.86,FALSE,M1_DIRECTION_MISMATCH
2026-09-07 15:13:56.280,1788794036.280,4971,76,347,4413.16,4413.24,8.0,PASS_<=10c,+1.0,UP,-52.0,+9.0,4.2,+2.52,0.60,SLOW,4413.07,4413.36,4409.25,4413.00,0.00,0.00,0.0,BULLISH,411.0,4413.68,4413.75,4413.03,4413.16,56,CLEARED_>=20s,72.0,52.0,7.0,13.0,9.7,18.1,9.7,PASS_<20%,0.00,0.0,NO,STANDBY_VEL_LOW,1,4412.29,177.71,77.86,FALSE,M1_DIRECTION_MISMATCH
2026-09-07 15:13:56.781,1788794036.781,4972,77,348,4413.25,4413.33,8.0,PASS_<=10c,+9.0,UP,-43.0,+18.0,4.2,+4.41,1.05,SLOW,4413.07,4413.36,4409.25,4413.00,0.00,0.00,0.0,BULLISH,411.0,4413.68,4413.75,4413.03,4413.25,56,CLEARED_>=20s,72.0,43.0,7.0,22.0,9.7,30.6,9.7,PASS_<20%,0.00,0.0,NO,STANDBY_VEL_LOW,1,4412.29,177.71,77.86,FALSE,M1_DIRECTION_MISMATCH
2026-09-07 15:13:57.282,1788794037.283,4973,78,349,4413.26,4413.34,8.0,PASS_<=10c,+1.0,UP,-42.0,+19.0,4.2,+4.62,1.10,SLOW,4413.07,4413.36,4409.25,4413.00,0.00,0.00,0.0,BULLISH,411.0,4413.68,4413.75,4413.03,4413.26,57,CLEARED_>=20s,72.0,42.0,7.0,23.0,9.7,31.9,9.7,PASS_<20%,0.00,0.0,NO,STANDBY_VEL_LOW,1,4412.29,177.71,77.86,FALSE,M1_DIRECTION_MISMATCH
2026-09-07 15:13:57.784,1788794037.785,4974,79,350,4413.30,4413.38,8.0,PASS_<=10c,+4.0,UP,-38.0,+23.0,4.2,+3.99,0.95,SLOW,4413.07,4413.36,4409.25,4413.00,0.00,0.00,0.0,BULLISH,411.0,4413.68,4413.75,4413.03,4413.30,57,CLEARED_>=20s,72.0,38.0,7.0,27.0,9.7,37.5,9.7,PASS_<20%,0.00,0.0,NO,STANDBY_VEL_LOW,1,4412.29,177.71,77.86,FALSE,M1_DIRECTION_MISMATCH
2026-09-07 15:13:58.286,1788794038.287,4975,80,351,4413.18,4413.26,8.0,PASS_<=10c,-12.0,DOWN,-50.0,+11.0,4.2,+1.47,0.35,SLOW,4413.07,4413.36,4409.25,4413.00,0.00,0.00,0.0,BULLISH,411.0,4413.68,4413.75,4413.03,4413.18,58,CLEARED_>=20s,72.0,50.0,7.0,15.0,9.7,20.8,9.7,PASS_<20%,0.00,0.0,NO,STANDBY_VEL_LOW,1,4412.29,177.71,77.86,FALSE,M1_DIRECTION_MISMATCH
2026-09-07 15:13:58.788,1788794038.789,4976,81,352,4413.15,4413.23,8.0,PASS_<=10c,-3.0,DOWN,-53.0,+8.0,4.2,+0.00,0.00,SLOW,4413.07,4413.36,4409.25,4413.00,0.00,0.00,0.0,BULLISH,411.0,4413.68,4413.75,4413.03,4413.15,58,CLEARED_>=20s,72.0,53.0,7.0,12.0,9.7,16.7,9.7,PASS_<20%,0.00,0.0,NO,STANDBY_VEL_LOW,1,4412.29,177.71,77.86,FALSE,M1_DIRECTION_MISMATCH
2026-09-07 15:13:59.290,1788794039.291,4977,82,353,4413.15,4413.23,8.0,PASS_<=10c,+0.0,FLAT,-53.0,+8.0,4.2,+0.00,0.00,SLOW,4413.07,4413.36,4409.25,4413.00,0.00,0.00,0.0,BULLISH,411.0,4413.68,4413.75,4413.03,4413.15,59,CLEARED_>=20s,72.0,53.0,7.0,12.0,9.7,16.7,9.7,PASS_<20%,0.00,0.0,NO,STANDBY_VEL_LOW,1,4412.29,177.71,77.86,FALSE,M1_DIRECTION_MISMATCH
2026-09-07 15:13:59.792,1788794039.792,4978,83,354,4413.05,4413.13,8.0,PASS_<=10c,-10.0,DOWN,-63.0,-2.0,4.2,+2.10,0.50,SLOW,4413.07,4413.36,4409.25,4413.00,0.00,0.00,0.0,BULLISH,411.0,4413.68,4413.75,4413.03,4413.05,59,CLEARED_>=20s,72.0,63.0,7.0,2.0,9.7,2.8,9.7,PASS_<20%,0.00,0.0,NO,STANDBY_VEL_LOW,1,4412.29,177.71,77.86,FALSE,M1_DIRECTION_MISMATCH
2026-09-07 15:14:00.294,1788794040.294,4979,1,355,4413.12,4413.20,8.0,PASS_<=10c,+7.0,UP,+2.0,+5.0,4.2,+0.63,0.15,SLOW,4413.07,4413.36,4409.25,4413.00,0.00,0.00,0.0,BULLISH,411.0,4413.10,4413.12,4413.10,4413.12,0,ACTIVE_0s,2.0,2.0,0.0,0.0,0.0,0.0,0.0,PASS_<20%,4413.25,13.0,NO,STANDBY_VEL_LOW,1,4412.29,177.71,77.86,FALSE,OPENING_SHIELD_ACTIVE_0s|PRICE_BELOW_15C_DISPLACEMENT
2026-09-07 15:14:00.795,1788794040.796,4980,2,356,4413.10,4413.18,8.0,PASS_<=10c,-2.0,DOWN,+0.0,+3.0,4.2,+1.05,0.25,SLOW,4413.07,4413.36,4409.25,4413.00,0.00,0.00,0.0,BULLISH,411.0,4413.10,4413.12,4413.10,4413.10,0,ACTIVE_0s,2.0,0.0,2.0,0.0,100.0,0.0,100.0,BLOCKED_100.0%,0.00,0.0,NO,STANDBY_VEL_LOW,1,4412.29,177.71,77.86,FALSE,M1_DIRECTION_MISMATCH|OPENING_SHIELD_ACTIVE_0s
2026-09-07 15:14:01.298,1788794041.298,4981,3,357,4413.06,4413.14,8.0,PASS_<=10c,-4.0,DOWN,-4.0,-1.0,4.2,+2.10,0.50,SLOW,4413.07,4413.36,4409.25,4413.00,0.00,0.00,0.0,BULLISH,411.0,4413.10,4413.12,4413.06,4413.06,1,ACTIVE_1s,6.0,4.0,2.0,0.0,33.3,0.0,33.3,BLOCKED_33.3%,0.00,0.0,NO,STANDBY_VEL_LOW,1,4412.29,177.71,77.86,FALSE,M1_DIRECTION_MISMATCH|OPENING_SHIELD_ACTIVE_1s
2026-09-07 15:14:01.800,1788794041.801,4982,4,358,4412.96,4413.04,8.0,PASS_<=10c,-10.0,DOWN,-14.0,-11.0,4.2,+6.08,1.45,SLOW,4413.07,4413.36,4409.25,4413.00,0.00,0.00,0.0,BULLISH,411.0,4413.10,4413.12,4412.96,4412.96,1,ACTIVE_1s,16.0,14.0,2.0,0.0,12.5,0.0,12.5,PASS_<20%,0.00,0.0,NO,STANDBY_VEL_LOW,1,4412.29,177.71,77.86,FALSE,M1_DIRECTION_MISMATCH|OPENING_SHIELD_ACTIVE_1s
2026-09-07 15:14:02.303,1788794042.303,4983,5,359,4412.96,4413.04,8.0,PASS_<=10c,+0.0,FLAT,-14.0,-11.0,4.2,+7.13,1.70,SLOW,4413.07,4413.36,4409.25,4413.00,0.00,0.00,0.0,BULLISH,411.0,4413.10,4413.12,4412.96,4412.96,2,ACTIVE_2s,16.0,14.0,2.0,0.0,12.5,0.0,12.5,PASS_<20%,0.00,0.0,NO,STANDBY_VEL_LOW,1,4412.29,177.71,77.86,FALSE,M1_DIRECTION_MISMATCH|OPENING_SHIELD_ACTIVE_2s
2026-09-07 15:14:02.804,1788794042.805,4984,6,360,4412.80,4412.88,8.0,PASS_<=10c,-16.0,DOWN,-30.0,-27.0,4.2,+8.18,1.95,SLOW,4413.07,4413.36,4409.25,4413.00,0.00,0.00,0.0,BULLISH,411.0,4413.10,4413.12,4412.80,4412.80,2,ACTIVE_2s,32.0,30.0,2.0,0.0,6.2,0.0,6.2,PASS_<20%,0.00,0.0,NO,STANDBY_VEL_LOW,1,4412.29,177.71,77.86,FALSE,M1_DIRECTION_MISMATCH|OPENING_SHIELD_ACTIVE_2s
2026-09-07 15:14:03.306,1788794043.307,4985,7,361,4412.89,4412.97,8.0,PASS_<=10c,+9.0,UP,-21.0,-18.0,4.2,+5.66,1.35,SLOW,4413.07,4413.36,4409.25,4413.00,0.00,0.00,0.0,BULLISH,411.0,4413.10,4413.12,4412.80,4412.89,3,ACTIVE_3s,32.0,21.0,2.0,9.0,6.2,28.1,6.2,PASS_<20%,0.00,0.0,NO,STANDBY_VEL_LOW,0,0.00,4590.00,82.16,FALSE,M1_DIRECTION_MISMATCH|OPENING_SHIELD_ACTIVE_3s
2026-09-07 15:14:03.813,1788794043.814,4986,8,362,4412.77,4412.85,8.0,PASS_<=10c,-12.0,DOWN,-33.0,-30.0,4.2,+7.96,1.90,SLOW,4413.07,4413.36,4409.25,4413.00,0.00,0.00,0.0,BULLISH,411.0,4413.10,4413.12,4412.77,4412.77,3,ACTIVE_3s,35.0,33.0,2.0,0.0,5.7,0.0,5.7,PASS_<20%,0.00,0.0,NO,STANDBY_VEL_LOW,0,0.00,4590.00,82.16,FALSE,M1_DIRECTION_MISMATCH|OPENING_SHIELD_ACTIVE_3s
2026-09-07 15:14:04.316,1788794044.316,4987,9,363,4412.73,4412.81,8.0,PASS_<=10c,-4.0,DOWN,-37.0,-34.0,4.2,+7.96,1.90,SLOW,4413.07,4413.36,4409.25,4413.00,0.00,0.00,0.0,BULLISH,411.0,4413.10,4413.12,4412.73,4412.73,4,ACTIVE_4s,39.0,37.0,2.0,0.0,5.1,0.0,5.1,PASS_<20%,0.00,0.0,NO,STANDBY_VEL_LOW,0,0.00,4590.00,82.16,FALSE,M1_DIRECTION_MISMATCH|OPENING_SHIELD_ACTIVE_4s
2026-09-07 15:14:04.817,1788794044.817,4988,10,364,4412.65,4412.73,8.0,PASS_<=10c,-8.0,DOWN,-45.0,-42.0,4.2,+9.43,2.25,SLOW,4413.07,4413.36,4409.25,4413.00,0.00,0.00,0.0,BULLISH,411.0,4413.10,4413.12,4412.65,4412.65,4,ACTIVE_4s,47.0,45.0,2.0,0.0,4.3,0.0,4.3,PASS_<20%,0.00,0.0,NO,STANDBY_VEL_LOW,0,0.00,4590.00,82.16,FALSE,M1_DIRECTION_MISMATCH|OPENING_SHIELD_ACTIVE_4s
2026-09-07 15:14:05.318,1788794045.318,4989,11,365,4412.57,4412.65,8.0,PASS_<=10c,-8.0,DOWN,-53.0,-50.0,4.2,+11.52,2.74,SLOW,4413.07,4413.36,4409.25,4413.00,0.00,0.00,0.0,BULLISH,411.0,4413.10,4413.12,4412.57,4412.57,5,ACTIVE_5s,55.0,53.0,2.0,0.0,3.6,0.0,3.6,PASS_<20%,0.00,0.0,NO,STANDBY_VEL_LOW,0,0.00,4590.00,82.16,FALSE,M1_DIRECTION_MISMATCH|OPENING_SHIELD_ACTIVE_5s
2026-09-07 15:14:05.820,1788794045.820,4990,12,366,4412.53,4412.61,8.0,PASS_<=10c,-4.0,DOWN,-57.0,-54.0,4.2,+11.11,2.65,SLOW,4413.07,4413.36,4409.25,4413.00,0.00,0.00,0.0,BULLISH,411.0,4413.10,4413.12,4412.53,4412.53,5,ACTIVE_5s,59.0,57.0,2.0,0.0,3.4,0.0,3.4,PASS_<20%,0.00,0.0,NO,STANDBY_VEL_LOW,0,0.00,4590.00,82.16,FALSE,M1_DIRECTION_MISMATCH|OPENING_SHIELD_ACTIVE_5s
2026-09-07 15:14:06.320,1788794046.321,4991,13,367,4412.50,4412.58,8.0,PASS_<=10c,-3.0,DOWN,-60.0,-57.0,4.2,+11.32,2.70,SLOW,4413.07,4413.36,4409.25,4413.00,0.00,0.00,0.0,BULLISH,411.0,4413.10,4413.12,4412.50,4412.50,6,ACTIVE_6s,62.0,60.0,2.0,0.0,3.2,0.0,3.2,PASS_<20%,0.00,0.0,NO,STANDBY_VEL_LOW,0,0.00,4590.00,82.16,FALSE,M1_DIRECTION_MISMATCH|OPENING_SHIELD_ACTIVE_6s
2026-09-07 15:14:06.822,1788794046.823,4992,14,368,4412.50,4412.58,8.0,PASS_<=10c,+0.0,FLAT,-60.0,-57.0,4.2,+9.64,2.30,SLOW,4413.07,4413.36,4409.25,4413.00,0.00,0.00,0.0,BULLISH,411.0,4413.10,4413.12,4412.50,4412.50,6,ACTIVE_6s,62.0,60.0,2.0,0.0,3.2,0.0,3.2,PASS_<20%,0.00,0.0,NO,STANDBY_VEL_LOW,0,0.00,4590.00,82.16,FALSE,M1_DIRECTION_MISMATCH|OPENING_SHIELD_ACTIVE_6s
2026-09-07 15:14:07.323,1788794047.324,4993,15,369,4412.59,4412.67,8.0,PASS_<=10c,+9.0,UP,-51.0,-48.0,4.2,+7.55,1.80,SLOW,4413.07,4413.36,4409.25,4413.00,0.00,0.00,0.0,BULLISH,411.0,4413.10,4413.12,4412.50,4412.59,7,ACTIVE_7s,62.0,51.0,2.0,9.0,3.2,14.5,3.2,PASS_<20%,0.00,0.0,NO,STANDBY_VEL_LOW,0,0.00,4590.00,82.16,FALSE,M1_DIRECTION_MISMATCH|OPENING_SHIELD_ACTIVE_7s
2026-09-07 15:14:07.826,1788794047.826,4994,16,370,4412.57,4412.65,8.0,PASS_<=10c,-2.0,DOWN,-53.0,-50.0,4.2,+5.03,1.20,SLOW,4413.07,4413.36,4409.25,4413.00,0.00,0.00,0.0,BULLISH,411.0,4413.10,4413.12,4412.50,4412.57,7,ACTIVE_7s,62.0,53.0,2.0,7.0,3.2,11.3,3.2,PASS_<20%,0.00,0.0,NO,STANDBY_VEL_LOW,0,0.00,4590.00,82.16,FALSE,M1_DIRECTION_MISMATCH|OPENING_SHIELD_ACTIVE_7s
2026-09-07 15:14:08.328,1788794048.328,4995,17,371,4412.52,4412.60,8.0,PASS_<=10c,-5.0,DOWN,-58.0,-55.0,4.2,+5.46,1.30,SLOW,4413.07,4413.36,4409.25,4413.00,0.00,0.00,0.0,BULLISH,411.0,4413.10,4413.12,4412.50,4412.52,8,ACTIVE_8s,62.0,58.0,2.0,2.0,3.2,3.2,3.2,PASS_<20%,0.00,0.0,NO,STANDBY_VEL_LOW,0,0.00,4590.00,82.16,FALSE,M1_DIRECTION_MISMATCH|OPENING_SHIELD_ACTIVE_8s
2026-09-07 15:14:08.829,1788794048.830,4996,18,372,4412.55,4412.63,8.0,PASS_<=10c,+3.0,UP,-55.0,-52.0,4.2,+4.62,1.10,SLOW,4413.07,4413.36,4409.25,4413.00,0.00,0.00,0.0,BULLISH,411.0,4413.10,4413.12,4412.50,4412.55,8,ACTIVE_8s,62.0,55.0,2.0,5.0,3.2,8.1,3.2,PASS_<20%,0.00,0.0,NO,STANDBY_VEL_LOW,0,0.00,4590.00,82.16,FALSE,M1_DIRECTION_MISMATCH|OPENING_SHIELD_ACTIVE_8s
2026-09-07 15:14:09.331,1788794049.332,4997,19,373,4412.64,4412.72,8.0,PASS_<=10c,+9.0,UP,-46.0,-43.0,4.2,+2.10,0.50,SLOW,4413.07,4413.36,4409.25,4413.00,0.00,0.00,0.0,BULLISH,411.0,4413.10,4413.12,4412.50,4412.64,9,ACTIVE_9s,62.0,46.0,2.0,14.0,3.2,22.6,3.2,PASS_<20%,0.00,0.0,NO,STANDBY_VEL_LOW,0,0.00,4590.00,82.16,FALSE,M1_DIRECTION_MISMATCH|OPENING_SHIELD_ACTIVE_9s
2026-09-07 15:14:09.833,1788794049.833,4998,20,374,4412.61,4412.69,8.0,PASS_<=10c,-3.0,DOWN,-49.0,-46.0,4.2,+0.42,0.10,SLOW,4413.07,4413.36,4409.25,4413.00,0.00,0.00,0.0,BULLISH,411.0,4413.10,4413.12,4412.50,4412.61,9,ACTIVE_9s,62.0,49.0,2.0,11.0,3.2,17.7,3.2,PASS_<20%,0.00,0.0,NO,STANDBY_VEL_LOW,0,0.00,4590.00,82.16,FALSE,M1_DIRECTION_MISMATCH|OPENING_SHIELD_ACTIVE_9s
2026-09-07 15:14:10.334,1788794050.334,4999,21,375,4412.54,4412.62,8.0,PASS_<=10c,-7.0,DOWN,-56.0,-53.0,4.2,+0.21,0.05,SLOW,4413.07,4413.36,4409.25,4413.00,0.00,0.00,0.0,BULLISH,411.0,4413.10,4413.12,4412.50,4412.54,10,ACTIVE_10s,62.0,56.0,2.0,4.0,3.2,6.5,3.2,PASS_<20%,0.00,0.0,NO,STANDBY_VEL_LOW,0,0.00,4590.00,82.16,FALSE,M1_DIRECTION_MISMATCH|OPENING_SHIELD_ACTIVE_10s
2026-09-07 15:14:10.836,1788794050.836,5000,22,376,4412.60,4412.68,8.0,PASS_<=10c,+6.0,UP,-50.0,-47.0,4.2,+2.10,0.50,SLOW,4413.07,4413.36,4409.25,4413.00,0.00,0.00,0.0,BULLISH,411.0,4413.10,4413.12,4412.50,4412.60,10,ACTIVE_10s,62.0,50.0,2.0,10.0,3.2,16.1,3.2,PASS_<20%,0.00,0.0,NO,STANDBY_VEL_LOW,0,0.00,4590.00,82.16,FALSE,M1_DIRECTION_MISMATCH|OPENING_SHIELD_ACTIVE_10s
2026-09-07 15:14:11.337,1788794051.337,5001,23,377,4412.61,4412.69,8.0,PASS_<=10c,+1.0,UP,-49.0,-46.0,4.2,+2.31,0.55,SLOW,4413.07,4413.36,4409.25,4413.00,0.00,0.00,0.0,BULLISH,411.0,4413.10,4413.12,4412.50,4412.61,11,ACTIVE_11s,62.0,49.0,2.0,11.0,3.2,17.7,3.2,PASS_<20%,0.00,0.0,NO,STANDBY_VEL_LOW,0,0.00,4590.00,82.16,FALSE,M1_DIRECTION_MISMATCH|OPENING_SHIELD_ACTIVE_11s
2026-09-07 15:14:11.839,1788794051.839,5002,24,378,4412.60,4412.68,8.0,PASS_<=10c,-1.0,DOWN,-50.0,-47.0,4.2,+1.05,0.25,SLOW,4413.07,4413.36,4409.25,4413.00,0.00,0.00,0.0,BULLISH,411.0,4413.10,4413.12,4412.50,4412.60,11,ACTIVE_11s,62.0,50.0,2.0,10.0,3.2,16.1,3.2,PASS_<20%,0.00,0.0,NO,STANDBY_VEL_LOW,0,0.00,4590.00,82.16,FALSE,M1_DIRECTION_MISMATCH|OPENING_SHIELD_ACTIVE_11s
2026-09-07 15:14:12.340,1788794052.341,5003,25,379,4412.60,4412.68,8.0,PASS_<=10c,+0.0,FLAT,-50.0,-47.0,4.2,+0.42,0.10,SLOW,4413.07,4413.36,4409.25,4413.00,0.00,0.00,0.0,BULLISH,411.0,4413.10,4413.12,4412.50,4412.60,12,ACTIVE_12s,62.0,50.0,2.0,10.0,3.2,16.1,3.2,PASS_<20%,0.00,0.0,NO,STANDBY_VEL_LOW,0,0.00,4590.00,82.16,FALSE,M1_DIRECTION_MISMATCH|OPENING_SHIELD_ACTIVE_12s
2026-09-07 15:14:12.842,1788794052.842,5004,26,380,4412.60,4412.68,8.0,PASS_<=10c,+0.0,FLAT,-50.0,-47.0,4.2,+1.68,0.40,SLOW,4413.07,4413.36,4409.25,4413.00,0.00,0.00,0.0,BULLISH,411.0,4413.10,4413.12,4412.50,4412.60,12,ACTIVE_12s,62.0,50.0,2.0,10.0,3.2,16.1,3.2,PASS_<20%,0.00,0.0,NO,STANDBY_VEL_LOW,0,0.00,4590.00,82.16,FALSE,M1_DIRECTION_MISMATCH|OPENING_SHIELD_ACTIVE_12s
2026-09-07 15:14:13.344,1788794053.344,5005,27,381,4412.62,4412.70,8.0,PASS_<=10c,+2.0,UP,-48.0,-45.0,4.2,+1.47,0.35,SLOW,4413.07,4413.36,4409.25,4413.00,0.00,0.00,0.0,BULLISH,411.0,4413.10,4413.12,4412.50,4412.62,13,ACTIVE_13s,62.0,48.0,2.0,12.0,3.2,19.4,3.2,PASS_<20%,0.00,0.0,NO,STANDBY_VEL_LOW,0,0.00,4590.00,82.16,FALSE,M1_DIRECTION_MISMATCH|OPENING_SHIELD_ACTIVE_13s
2026-09-07 15:14:13.845,1788794053.845,5006,28,382,4412.60,4412.68,8.0,PASS_<=10c,-2.0,DOWN,-50.0,-47.0,4.2,+0.63,0.15,SLOW,4413.07,4413.36,4409.25,4413.00,0.00,0.00,0.0,BULLISH,411.0,4413.10,4413.12,4412.50,4412.60,13,ACTIVE_13s,62.0,50.0,2.0,10.0,3.2,16.1,3.2,PASS_<20%,0.00,0.0,NO,STANDBY_VEL_LOW,0,0.00,4590.00,82.16,FALSE,M1_DIRECTION_MISMATCH|OPENING_SHIELD_ACTIVE_13s
2026-09-07 15:14:14.346,1788794054.347,5007,29,383,4412.60,4412.68,8.0,PASS_<=10c,+0.0,FLAT,-50.0,-47.0,4.2,+0.42,0.10,SLOW,4413.07,4413.36,4409.25,4413.00,0.00,0.00,0.0,BULLISH,411.0,4413.10,4413.12,4412.50,4412.60,14,ACTIVE_14s,62.0,50.0,2.0,10.0,3.2,16.1,3.2,PASS_<20%,0.00,0.0,NO,STANDBY_VEL_LOW,0,0.00,4590.00,82.16,FALSE,M1_DIRECTION_MISMATCH|OPENING_SHIELD_ACTIVE_14s
2026-09-07 15:14:14.848,1788794054.848,5008,30,384,4412.57,4412.65,8.0,PASS_<=10c,-3.0,DOWN,-53.0,-50.0,4.2,+0.63,0.15,SLOW,4413.07,4413.36,4409.25,4413.00,0.00,0.00,0.0,BULLISH,411.0,4413.10,4413.12,4412.50,4412.57,14,ACTIVE_14s,62.0,53.0,2.0,7.0,3.2,11.3,3.2,PASS_<20%,0.00,0.0,NO,STANDBY_VEL_LOW,0,0.00,4590.00,82.16,FALSE,M1_DIRECTION_MISMATCH|OPENING_SHIELD_ACTIVE_14s
2026-09-07 15:14:15.350,1788794055.350,5009,31,385,4412.57,4412.65,8.0,PASS_<=10c,+0.0,FLAT,-53.0,-50.0,4.2,+1.26,0.30,SLOW,4413.07,4413.36,4409.25,4413.00,0.00,0.00,0.0,BULLISH,411.0,4413.10,4413.12,4412.50,4412.57,15,ACTIVE_15s,62.0,53.0,2.0,7.0,3.2,11.3,3.2,PASS_<20%,0.00,0.0,NO,STANDBY_VEL_LOW,0,0.00,4590.00,82.16,FALSE,M1_DIRECTION_MISMATCH|OPENING_SHIELD_ACTIVE_15s
2026-09-07 15:14:15.851,1788794055.852,5010,32,386,4412.57,4412.65,8.0,PASS_<=10c,+0.0,FLAT,-53.0,-50.0,4.2,+1.47,0.35,SLOW,4413.07,4413.36,4409.25,4413.00,0.00,0.00,0.0,BULLISH,411.0,4413.10,4413.12,4412.50,4412.57,15,ACTIVE_15s,62.0,53.0,2.0,7.0,3.2,11.3,3.2,PASS_<20%,0.00,0.0,NO,STANDBY_VEL_LOW,0,0.00,4590.00,82.16,FALSE,M1_DIRECTION_MISMATCH|OPENING_SHIELD_ACTIVE_15s
2026-09-07 15:14:16.354,1788794056.354,5011,33,387,4412.58,4412.66,8.0,PASS_<=10c,+1.0,UP,-52.0,-49.0,4.2,+0.63,0.15,SLOW,4413.07,4413.36,4409.25,4413.00,0.00,0.00,0.0,BULLISH,411.0,4413.10,4413.12,4412.50,4412.58,16,ACTIVE_16s,62.0,52.0,2.0,8.0,3.2,12.9,3.2,PASS_<20%,0.00,0.0,NO,STANDBY_VEL_LOW,0,0.00,4590.00,82.16,FALSE,M1_DIRECTION_MISMATCH|OPENING_SHIELD_ACTIVE_16s
2026-09-07 15:14:16.856,1788794056.856,5012,34,388,4412.58,4412.66,8.0,PASS_<=10c,+0.0,FLAT,-52.0,-49.0,4.2,+0.42,0.10,SLOW,4413.07,4413.36,4409.25,4413.00,0.00,0.00,0.0,BULLISH,411.0,4413.10,4413.12,4412.50,4412.58,16,ACTIVE_16s,62.0,52.0,2.0,8.0,3.2,12.9,3.2,PASS_<20%,0.00,0.0,NO,STANDBY_VEL_LOW,0,0.00,4590.00,82.16,FALSE,M1_DIRECTION_MISMATCH|OPENING_SHIELD_ACTIVE_16s
2026-09-07 15:14:17.357,1788794057.358,5013,35,389,4412.57,4412.65,8.0,PASS_<=10c,-1.0,DOWN,-53.0,-50.0,4.2,+0.63,0.15,SLOW,4413.07,4413.36,4409.25,4413.00,0.00,0.00,0.0,BULLISH,411.0,4413.10,4413.12,4412.50,4412.57,17,ACTIVE_17s,62.0,53.0,2.0,7.0,3.2,11.3,3.2,PASS_<20%,0.00,0.0,NO,STANDBY_VEL_LOW,0,0.00,4590.00,82.16,FALSE,M1_DIRECTION_MISMATCH|OPENING_SHIELD_ACTIVE_17s
2026-09-07 15:14:17.859,1788794057.859,5014,36,390,4412.69,4412.77,8.0,PASS_<=10c,+12.0,UP,-41.0,-38.0,4.2,+1.26,0.30,SLOW,4413.07,4413.36,4409.25,4413.00,0.00,0.00,0.0,BULLISH,411.0,4413.10,4413.12,4412.50,4412.69,17,ACTIVE_17s,62.0,41.0,2.0,19.0,3.2,30.6,3.2,PASS_<20%,0.00,0.0,NO,STANDBY_VEL_LOW,0,0.00,4590.00,82.16,FALSE,M1_DIRECTION_MISMATCH|OPENING_SHIELD_ACTIVE_17s
2026-09-07 15:14:18.360,1788794058.361,5015,37,391,4412.74,4412.82,8.0,PASS_<=10c,+5.0,UP,-36.0,-33.0,4.2,+3.15,0.75,SLOW,4413.07,4413.36,4409.25,4413.00,0.00,0.00,0.0,BULLISH,411.0,4413.10,4413.12,4412.50,4412.74,18,ACTIVE_18s,62.0,36.0,2.0,24.0,3.2,38.7,3.2,PASS_<20%,0.00,0.0,NO,STANDBY_VEL_LOW,0,0.00,4590.00,82.16,FALSE,M1_DIRECTION_MISMATCH|OPENING_SHIELD_ACTIVE_18s
2026-09-07 15:14:18.861,1788794058.862,5016,38,392,4412.72,4412.80,8.0,PASS_<=10c,-2.0,DOWN,-38.0,-35.0,4.2,+2.52,0.60,SLOW,4413.07,4413.36,4409.25,4413.00,0.00,0.00,0.0,BULLISH,411.0,4413.10,4413.12,4412.50,4412.72,18,ACTIVE_18s,62.0,38.0,2.0,22.0,3.2,35.5,3.2,PASS_<20%,0.00,0.0,NO,STANDBY_VEL_LOW,0,0.00,4590.00,82.16,FALSE,M1_DIRECTION_MISMATCH|OPENING_SHIELD_ACTIVE_18s
2026-09-07 15:14:19.363,1788794059.364,5017,39,393,4412.70,4412.78,8.0,PASS_<=10c,-2.0,DOWN,-40.0,-37.0,4.2,+2.73,0.65,SLOW,4413.07,4413.36,4409.25,4413.00,0.00,0.00,0.0,BULLISH,411.0,4413.10,4413.12,4412.50,4412.70,19,ACTIVE_19s,62.0,40.0,2.0,20.0,3.2,32.3,3.2,PASS_<20%,0.00,0.0,NO,STANDBY_VEL_LOW,0,0.00,4590.00,82.16,FALSE,M1_DIRECTION_MISMATCH|OPENING_SHIELD_ACTIVE_19s
2026-09-07 15:14:19.865,1788794059.865,5018,40,394,4412.67,4412.75,8.0,PASS_<=10c,-3.0,DOWN,-43.0,-40.0,4.2,+2.10,0.50,SLOW,4413.07,4413.36,4409.25,4413.00,0.00,0.00,0.0,BULLISH,411.0,4413.10,4413.12,4412.50,4412.67,19,ACTIVE_19s,62.0,43.0,2.0,17.0,3.2,27.4,3.2,PASS_<20%,0.00,0.0,NO,STANDBY_VEL_LOW,0,0.00,4590.00,82.16,FALSE,M1_DIRECTION_MISMATCH|OPENING_SHIELD_ACTIVE_19s
2026-09-07 15:14:20.368,1788794060.368,5019,41,395,4412.99,4413.07,8.0,PASS_<=10c,+32.0,UP,-11.0,-8.0,4.2,+8.60,2.05,SLOW,4413.07,4413.36,4409.25,4413.00,0.00,0.00,0.0,BULLISH,411.0,4413.10,4413.12,4412.50,4412.99,20,CLEARED_>=20s,62.0,11.0,2.0,49.0,3.2,79.0,3.2,PASS_<20%,0.00,0.0,NO,STANDBY_VEL_LOW,0,0.00,4590.00,82.16,FALSE,M1_DIRECTION_MISMATCH
2026-09-07 15:14:20.869,1788794060.870,5020,42,396,4413.18,4413.26,8.0,PASS_<=10c,+19.0,UP,+8.0,+11.0,4.2,+12.59,3.00,SLOW,4413.07,4413.36,4409.25,4413.00,0.00,0.00,0.0,BULLISH,411.0,4413.10,4413.18,4412.50,4413.18,20,CLEARED_>=20s,68.0,8.0,0.0,60.0,0.0,88.2,0.0,PASS_<20%,4413.25,7.0,YES,STANDBY_VEL_LOW,0,0.00,4590.00,82.16,TRUE,READY_TO_FIRE
2026-09-07 15:14:21.371,1788794061.371,5021,43,397,4413.59,4413.67,8.0,PASS_<=10c,+41.0,UP,+49.0,+52.0,4.2,+21.19,5.05,SLOW,4413.07,4413.36,4409.25,4413.00,0.00,0.00,0.0,BULLISH,411.0,4413.10,4413.59,4412.50,4413.59,21,CLEARED_>=20s,109.0,49.0,0.0,60.0,0.0,55.0,0.0,PASS_<20%,4413.25,34.0,YES,STANDBY_VEL_LOW,0,0.00,4590.00,82.16,TRUE,READY_TO_FIRE
2026-09-07 15:14:21.873,1788794061.873,5022,44,398,4413.68,4413.76,8.0,PASS_<=10c,+9.0,UP,+58.0,+61.0,4.2,+23.08,5.50,SLOW,4413.07,4413.36,4409.25,4413.00,0.00,0.00,0.0,BULLISH,411.0,4413.10,4413.68,4412.50,4413.68,21,CLEARED_>=20s,118.0,58.0,0.0,60.0,0.0,50.8,0.0,PASS_<20%,4413.25,43.0,YES,STANDBY_VEL_LOW,0,0.00,4590.00,82.16,TRUE,READY_TO_FIRE
2026-09-07 15:14:22.375,1788794062.376,5023,45,399,4413.69,4413.77,8.0,PASS_<=10c,+1.0,UP,+59.0,+62.0,4.2,+20.14,4.80,SLOW,4413.07,4413.36,4409.25,4413.00,0.00,0.00,0.0,BULLISH,411.0,4413.10,4413.70,4412.50,4413.69,22,CLEARED_>=20s,120.0,59.0,1.0,60.0,0.8,50.0,0.8,PASS_<20%,4413.25,44.0,YES,STANDBY_VEL_LOW,0,0.00,4590.00,82.16,TRUE,READY_TO_FIRE
2026-09-07 15:14:22.877,1788794062.878,5024,46,400,4413.69,4413.77,8.0,PASS_<=10c,+0.0,FLAT,+59.0,+62.0,4.2,+20.35,4.85,SLOW,4413.07,4413.36,4409.25,4413.00,0.00,0.00,0.0,BULLISH,411.0,4413.10,4413.70,4412.50,4413.69,22,CLEARED_>=20s,120.0,59.0,1.0,60.0,0.8,50.0,0.8,PASS_<20%,4413.25,44.0,YES,STANDBY_VEL_LOW,0,0.00,4590.00,82.16,TRUE,READY_TO_FIRE
2026-09-07 15:14:23.379,1788794063.379,5025,47,401,4413.69,4413.77,8.0,PASS_<=10c,+0.0,FLAT,+59.0,+62.0,4.2,+20.34,4.84,SLOW,4413.07,4413.36,4409.25,4413.00,0.00,0.00,0.0,BULLISH,411.0,4413.10,4413.70,4412.50,4413.69,23,CLEARED_>=20s,120.0,59.0,1.0,60.0,0.8,50.0,0.8,PASS_<20%,4413.25,44.0,YES,STANDBY_VEL_LOW,0,0.00,4590.00,82.16,TRUE,READY_TO_FIRE
2026-09-07 15:14:23.880,1788794063.881,5026,48,402,4413.69,4413.77,8.0,PASS_<=10c,+0.0,FLAT,+59.0,+62.0,4.2,+20.56,4.90,SLOW,4413.07,4413.36,4409.25,4413.00,0.00,0.00,0.0,BULLISH,411.0,4413.10,4413.70,4412.50,4413.69,23,CLEARED_>=20s,120.0,59.0,1.0,60.0,0.8,50.0,0.8,PASS_<20%,4413.25,44.0,YES,STANDBY_VEL_LOW,0,0.00,4590.00,82.16,TRUE,READY_TO_FIRE
2026-09-07 15:14:24.380,1788794064.381,5027,49,403,4413.69,4413.77,8.0,PASS_<=10c,+0.0,FLAT,+59.0,+62.0,4.2,+21.40,5.10,SLOW,4413.07,4413.36,4409.25,4413.00,0.00,0.00,0.0,BULLISH,411.0,4413.10,4413.70,4412.50,4413.69,24,CLEARED_>=20s,120.0,59.0,1.0,60.0,0.8,50.0,0.8,PASS_<20%,4413.25,44.0,YES,STANDBY_VEL_LOW,0,0.00,4590.00,82.16,TRUE,READY_TO_FIRE
2026-09-07 15:14:24.882,1788794064.882,5028,50,404,4413.69,4413.77,8.0,PASS_<=10c,+0.0,FLAT,+59.0,+62.0,4.2,+21.61,5.15,SLOW,4413.07,4413.36,4409.25,4413.00,0.00,0.00,0.0,BULLISH,411.0,4413.10,4413.70,4412.50,4413.69,24,CLEARED_>=20s,120.0,59.0,1.0,60.0,0.8,50.0,0.8,PASS_<20%,4413.25,44.0,YES,STANDBY_VEL_LOW,0,0.00,4590.00,82.16,TRUE,READY_TO_FIRE
2026-09-07 15:14:25.383,1788794065.383,5029,51,405,4413.69,4413.77,8.0,PASS_<=10c,+0.0,FLAT,+59.0,+62.0,4.2,+11.96,2.85,SLOW,4413.07,4413.36,4409.25,4413.00,0.00,0.00,0.0,BULLISH,411.0,4413.10,4413.70,4412.50,4413.69,25,CLEARED_>=20s,120.0,59.0,1.0,60.0,0.8,50.0,0.8,PASS_<20%,4413.25,44.0,YES,STANDBY_VEL_LOW,0,0.00,4590.00,82.16,TRUE,READY_TO_FIRE
2026-09-07 15:14:25.884,1788794065.885,5030,52,406,4413.69,4413.77,8.0,PASS_<=10c,+0.0,FLAT,+59.0,+62.0,4.2,+9.45,2.25,SLOW,4413.07,4413.36,4409.25,4413.00,0.00,0.00,0.0,BULLISH,411.0,4413.10,4413.70,4412.50,4413.69,25,CLEARED_>=20s,120.0,59.0,1.0,60.0,0.8,50.0,0.8,PASS_<20%,4413.25,44.0,YES,STANDBY_VEL_LOW,0,0.00,4590.00,82.16,TRUE,READY_TO_FIRE
2026-09-07 15:14:26.386,1788794066.387,5031,53,407,4413.69,4413.77,8.0,PASS_<=10c,+0.0,FLAT,+59.0,+62.0,4.2,+0.63,0.15,SLOW,4413.07,4413.36,4409.25,4413.00,0.00,0.00,0.0,BULLISH,411.0,4413.10,4413.70,4412.50,4413.69,26,CLEARED_>=20s,120.0,59.0,1.0,60.0,0.8,50.0,0.8,PASS_<20%,4413.25,44.0,YES,STANDBY_VEL_LOW,0,0.00,4590.00,82.16,TRUE,READY_TO_FIRE
2026-09-07 15:14:26.889,1788794066.889,5032,54,408,4413.69,4413.77,8.0,PASS_<=10c,+0.0,FLAT,+59.0,+62.0,4.2,+0.21,0.05,SLOW,4413.07,4413.36,4409.25,4413.00,0.00,0.00,0.0,BULLISH,411.0,4413.10,4413.70,4412.50,4413.69,26,CLEARED_>=20s,120.0,59.0,1.0,60.0,0.8,50.0,0.8,PASS_<20%,4413.25,44.0,YES,STANDBY_VEL_LOW,0,0.00,4590.00,82.16,TRUE,READY_TO_FIRE
2026-09-07 15:14:27.390,1788794067.390,5033,55,409,4413.69,4413.77,8.0,PASS_<=10c,+0.0,FLAT,+59.0,+62.0,4.2,+0.00,0.00,SLOW,4413.07,4413.36,4409.25,4413.00,0.00,0.00,0.0,BULLISH,411.0,4413.10,4413.70,4412.50,4413.69,27,CLEARED_>=20s,120.0,59.0,1.0,60.0,0.8,50.0,0.8,PASS_<20%,4413.25,44.0,YES,STANDBY_VEL_LOW,0,0.00,4590.00,82.16,TRUE,READY_TO_FIRE
2026-09-07 15:14:27.891,1788794067.891,5034,56,410,4413.74,4413.82,8.0,PASS_<=10c,+5.0,UP,+64.0,+67.0,4.2,+1.05,0.25,SLOW,4413.07,4413.36,4409.25,4413.00,0.00,0.00,0.0,BULLISH,411.0,4413.10,4413.74,4412.50,4413.74,27,CLEARED_>=20s,124.0,64.0,0.0,60.0,0.0,48.4,0.0,PASS_<20%,4413.25,49.0,YES,STANDBY_VEL_LOW,0,0.00,4590.00,82.16,TRUE,READY_TO_FIRE
2026-09-07 15:14:28.392,1788794068.393,5035,57,411,4413.68,4413.76,8.0,PASS_<=10c,-6.0,DOWN,+58.0,+61.0,4.2,+0.21,0.05,SLOW,4413.07,4413.36,4409.25,4413.00,0.00,0.00,0.0,BULLISH,411.0,4413.10,4413.75,4412.50,4413.68,28,CLEARED_>=20s,125.0,58.0,7.0,60.0,5.6,48.0,5.6,PASS_<20%,4413.25,43.0,YES,STANDBY_VEL_LOW,0,0.00,4590.00,82.16,TRUE,READY_TO_FIRE
2026-09-07 15:14:28.894,1788794068.895,5036,58,412,4413.68,4413.76,8.0,PASS_<=10c,+0.0,FLAT,+58.0,+61.0,4.2,+0.21,0.05,SLOW,4413.07,4413.36,4409.25,4413.00,0.00,0.00,0.0,BULLISH,411.0,4413.10,4413.75,4412.50,4413.68,28,CLEARED_>=20s,125.0,58.0,7.0,60.0,5.6,48.0,5.6,PASS_<20%,4413.25,43.0,YES,STANDBY_VEL_LOW,0,0.00,4590.00,82.16,TRUE,READY_TO_FIRE
2026-09-07 15:14:29.396,1788794069.396,5037,59,413,4413.66,4413.74,8.0,PASS_<=10c,-2.0,DOWN,+56.0,+59.0,4.2,+0.63,0.15,SLOW,4413.07,4413.36,4409.25,4413.00,0.00,0.00,0.0,BULLISH,411.0,4413.10,4413.75,4412.50,4413.66,29,CLEARED_>=20s,125.0,56.0,9.0,60.0,7.2,48.0,7.2,PASS_<20%,4413.25,41.0,YES,STANDBY_VEL_LOW,0,0.00,4590.00,82.16,TRUE,READY_TO_FIRE
2026-09-07 15:14:29.897,1788794069.898,5038,60,414,4413.63,4413.71,8.0,PASS_<=10c,-3.0,DOWN,+53.0,+56.0,4.2,+1.26,0.30,SLOW,4413.07,4413.36,4409.25,4413.00,0.00,0.00,0.0,BULLISH,411.0,4413.10,4413.75,4412.50,4413.63,29,CLEARED_>=20s,125.0,53.0,12.0,60.0,9.6,48.0,9.6,PASS_<20%,4413.25,38.0,YES,STANDBY_VEL_LOW,0,0.00,4590.00,82.16,TRUE,READY_TO_FIRE
2026-09-07 15:14:30.399,1788794070.400,5039,61,415,4413.70,4413.78,8.0,PASS_<=10c,+7.0,UP,+60.0,+63.0,4.2,+0.92,0.22,SLOW,4413.07,4413.36,4409.25,4413.00,0.00,0.00,0.0,BULLISH,411.0,4413.10,4413.75,4412.50,4413.70,30,CLEARED_>=20s,125.0,60.0,5.0,60.0,4.0,48.0,4.0,PASS_<20%,4413.25,45.0,YES,STANDBY_VEL_LOW,0,0.00,4590.00,82.16,TRUE,READY_TO_FIRE
2026-09-07 15:14:30.901,1788794070.901,5040,62,416,4413.74,4413.82,8.0,PASS_<=10c,+4.0,UP,+64.0,+67.0,4.2,+1.05,0.25,SLOW,4413.07,4413.36,4409.25,4413.00,0.00,0.00,0.0,BULLISH,411.0,4413.10,4413.75,4412.50,4413.74,30,CLEARED_>=20s,125.0,64.0,1.0,60.0,0.8,48.0,0.8,PASS_<20%,4413.25,49.0,YES,STANDBY_VEL_LOW,0,0.00,4590.00,82.16,TRUE,READY_TO_FIRE
2026-09-07 15:14:31.403,1788794071.403,5041,63,417,4413.82,4413.90,8.0,PASS_<=10c,+8.0,UP,+72.0,+75.0,4.2,+2.73,0.65,SLOW,4413.07,4413.36,4409.25,4413.00,0.00,0.00,0.0,BULLISH,411.0,4413.10,4413.82,4412.50,4413.82,31,CLEARED_>=20s,132.0,72.0,0.0,60.0,0.0,45.5,0.0,PASS_<20%,4413.25,57.0,YES,STANDBY_VEL_LOW,0,0.00,4590.00,82.16,TRUE,READY_TO_FIRE
2026-09-07 15:14:31.904,1788794071.905,5042,64,418,4413.81,4413.89,8.0,PASS_<=10c,-1.0,DOWN,+71.0,+74.0,4.2,+2.52,0.60,SLOW,4413.07,4413.36,4409.25,4413.00,0.00,0.00,0.0,BULLISH,411.0,4413.10,4413.82,4412.50,4413.81,31,CLEARED_>=20s,132.0,71.0,1.0,60.0,0.8,45.5,0.8,PASS_<20%,4413.25,56.0,YES,STANDBY_VEL_LOW,0,0.00,4590.00,82.16,TRUE,READY_TO_FIRE
2026-09-07 15:14:32.406,1788794072.406,5043,65,419,4413.83,4413.91,8.0,PASS_<=10c,+2.0,UP,+73.0,+76.0,4.2,+1.89,0.45,SLOW,4413.07,4413.36,4409.25,4413.00,0.00,0.00,0.0,BULLISH,411.0,4413.10,4413.83,4412.50,4413.83,32,CLEARED_>=20s,133.0,73.0,0.0,60.0,0.0,45.1,0.0,PASS_<20%,4413.25,58.0,YES,STANDBY_VEL_LOW,0,0.00,4590.00,82.16,TRUE,READY_TO_FIRE
2026-09-07 15:14:32.909,1788794072.909,5044,66,420,4413.85,4413.93,8.0,PASS_<=10c,+2.0,UP,+75.0,+78.0,4.2,+2.10,0.50,SLOW,4413.07,4413.36,4409.25,4413.00,0.00,0.00,0.0,BULLISH,411.0,4413.10,4413.85,4412.50,4413.85,32,CLEARED_>=20s,135.0,75.0,0.0,60.0,0.0,44.4,0.0,PASS_<20%,4413.25,60.0,YES,STANDBY_VEL_LOW,0,0.00,4590.00,82.16,TRUE,READY_TO_FIRE
2026-09-07 15:14:33.411,1788794073.411,5045,67,421,4413.88,4413.96,8.0,PASS_<=10c,+3.0,UP,+78.0,+81.0,4.2,+4.20,1.00,SLOW,4413.07,4413.36,4409.25,4413.00,0.00,0.00,0.0,BULLISH,411.0,4413.10,4413.88,4412.50,4413.88,33,CLEARED_>=20s,138.0,78.0,0.0,60.0,0.0,43.5,0.0,PASS_<20%,4413.25,63.0,YES,STANDBY_VEL_LOW,0,0.00,4590.00,82.16,TRUE,READY_TO_FIRE
2026-09-07 15:14:33.913,1788794073.913,5046,68,422,4413.89,4413.97,8.0,PASS_<=10c,+1.0,UP,+79.0,+82.0,4.2,+4.40,1.05,SLOW,4413.07,4413.36,4409.25,4413.00,0.00,0.00,0.0,BULLISH,411.0,4413.10,4413.91,4412.50,4413.89,33,CLEARED_>=20s,141.0,79.0,2.0,60.0,1.4,42.6,1.4,PASS_<20%,4413.25,64.0,YES,STANDBY_VEL_LOW,0,0.00,4590.00,82.16,TRUE,READY_TO_FIRE
2026-09-07 15:14:34.416,1788794074.416,5047,69,423,4413.90,4413.98,8.0,PASS_<=10c,+1.0,UP,+80.0,+83.0,4.2,+5.66,1.35,SLOW,4413.07,4413.36,4409.25,4413.00,0.00,0.00,0.0,BULLISH,411.0,4413.10,4413.91,4412.50,4413.90,34,CLEARED_>=20s,141.0,80.0,1.0,60.0,0.7,42.6,0.7,PASS_<20%,4413.25,65.0,YES,STANDBY_VEL_LOW,0,0.00,4590.00,82.16,TRUE,READY_TO_FIRE
2026-09-07 15:14:34.916,1788794074.916,5048,70,424,4413.90,4413.98,8.0,PASS_<=10c,+0.0,FLAT,+80.0,+83.0,4.2,+4.20,1.00,SLOW,4413.07,4413.36,4409.25,4413.00,0.00,0.00,0.0,BULLISH,411.0,4413.10,4413.91,4412.50,4413.90,34,CLEARED_>=20s,141.0,80.0,1.0,60.0,0.7,42.6,0.7,PASS_<20%,4413.25,65.0,YES,STANDBY_VEL_LOW,0,0.00,4590.00,82.16,TRUE,READY_TO_FIRE
2026-09-07 15:14:35.417,1788794075.418,5049,71,425,4413.88,4413.96,8.0,PASS_<=10c,-2.0,DOWN,+78.0,+81.0,4.2,+3.15,0.75,SLOW,4413.07,4413.36,4409.25,4413.00,0.00,0.00,0.0,BULLISH,411.0,4413.10,4413.91,4412.50,4413.88,35,CLEARED_>=20s,141.0,78.0,3.0,60.0,2.1,42.6,2.1,PASS_<20%,4413.25,63.0,YES,STANDBY_VEL_LOW,0,0.00,4590.00,82.16,TRUE,READY_TO_FIRE
2026-09-07 15:14:35.919,1788794075.919,5050,72,426,4413.69,4413.77,8.0,PASS_<=10c,-19.0,DOWN,+59.0,+62.0,4.2,+2.52,0.60,SLOW,4413.07,4413.36,4409.25,4413.00,0.00,0.00,0.0,BULLISH,411.0,4413.10,4413.91,4412.50,4413.69,35,CLEARED_>=20s,141.0,59.0,22.0,60.0,15.6,42.6,15.6,PASS_<20%,4413.25,44.0,YES,STANDBY_VEL_LOW,0,0.00,4590.00,82.16,TRUE,READY_TO_FIRE
2026-09-07 15:14:36.420,1788794076.421,5051,73,427,4413.71,4413.79,8.0,PASS_<=10c,+2.0,UP,+61.0,+64.0,4.2,+2.31,0.55,SLOW,4413.07,4413.36,4409.25,4413.00,0.00,0.00,0.0,BULLISH,411.0,4413.10,4413.91,4412.50,4413.71,36,CLEARED_>=20s,141.0,61.0,20.0,60.0,14.2,42.6,14.2,PASS_<20%,4413.25,46.0,YES,STANDBY_VEL_LOW,0,0.00,4590.00,82.16,TRUE,READY_TO_FIRE
2026-09-07 15:14:36.923,1788794076.923,5052,74,428,4413.87,4413.95,8.0,PASS_<=10c,+16.0,UP,+77.0,+80.0,4.2,+0.92,0.22,SLOW,4413.07,4413.36,4409.25,4413.00,0.00,0.00,0.0,BULLISH,411.0,4413.10,4413.91,4412.50,4413.87,36,CLEARED_>=20s,141.0,77.0,4.0,60.0,2.8,42.6,2.8,PASS_<20%,4413.25,62.0,YES,STANDBY_VEL_LOW,0,0.00,4590.00,82.16,TRUE,READY_TO_FIRE
2026-09-07 15:14:37.424,1788794077.425,5053,75,429,4413.95,4414.03,8.0,PASS_<=10c,+8.0,UP,+85.0,+88.0,4.2,+2.52,0.60,SLOW,4413.07,4413.36,4409.25,4413.00,0.00,0.00,0.0,BULLISH,411.0,4413.10,4413.95,4412.50,4413.95,37,CLEARED_>=20s,145.0,85.0,0.0,60.0,0.0,41.4,0.0,PASS_<20%,4413.25,70.0,YES,STANDBY_VEL_LOW,0,0.00,4590.00,82.16,TRUE,READY_TO_FIRE
2026-09-07 15:14:37.925,1788794077.926,5054,76,430,4413.92,4414.00,8.0,PASS_<=10c,-3.0,DOWN,+82.0,+85.0,4.2,+1.00,0.24,SLOW,4413.07,4413.36,4409.25,4413.00,0.00,0.00,0.0,BULLISH,411.0,4413.10,4413.95,4412.50,4413.92,37,CLEARED_>=20s,145.0,82.0,3.0,60.0,2.1,41.4,2.1,PASS_<20%,4413.25,67.0,YES,STANDBY_VEL_LOW,0,0.00,4590.00,82.16,TRUE,READY_TO_FIRE
2026-09-07 15:14:38.427,1788794078.428,5055,77,431,4413.95,4414.03,8.0,PASS_<=10c,+3.0,UP,+85.0,+88.0,4.2,+1.13,0.27,SLOW,4413.07,4413.36,4409.25,4413.00,0.00,0.00,0.0,BULLISH,411.0,4413.10,4413.95,4412.50,4413.95,38,CLEARED_>=20s,145.0,85.0,0.0,60.0,0.0,41.4,0.0,PASS_<20%,4413.25,70.0,YES,STANDBY_VEL_LOW,0,0.00,4590.00,82.16,TRUE,READY_TO_FIRE
2026-09-07 15:14:38.930,1788794078.931,5056,78,432,4413.97,4414.05,8.0,PASS_<=10c,+2.0,UP,+87.0,+90.0,4.2,+2.10,0.50,SLOW,4413.07,4413.36,4409.25,4413.00,0.00,0.00,0.0,BULLISH,411.0,4413.10,4413.98,4412.50,4413.97,38,CLEARED_>=20s,148.0,87.0,1.0,60.0,0.7,40.5,0.7,PASS_<20%,4413.25,72.0,YES,STANDBY_VEL_LOW,0,0.00,4590.00,82.16,TRUE,READY_TO_FIRE
2026-09-07 15:14:39.431,1788794079.431,5057,79,433,4414.12,4414.20,8.0,PASS_<=10c,+15.0,UP,+102.0,+105.0,4.2,+4.62,1.10,SLOW,4413.07,4413.36,4409.25,4413.00,0.00,0.00,0.0,BULLISH,411.0,4413.10,4414.12,4412.50,4414.12,39,CLEARED_>=20s,162.0,102.0,0.0,60.0,0.0,37.0,0.0,PASS_<20%,4413.25,87.0,YES,STANDBY_VEL_LOW,0,0.00,4590.00,82.16,TRUE,READY_TO_FIRE
2026-09-07 15:14:39.933,1788794079.934,5058,80,434,4414.14,4414.22,8.0,PASS_<=10c,+2.0,UP,+104.0,+107.0,4.2,+5.46,1.30,SLOW,4413.07,4413.36,4409.25,4413.00,0.00,0.00,0.0,BULLISH,411.0,4413.10,4414.14,4412.50,4414.14,39,CLEARED_>=20s,164.0,104.0,0.0,60.0,0.0,36.6,0.0,PASS_<20%,4413.25,89.0,YES,STANDBY_VEL_LOW,0,0.00,4590.00,82.16,TRUE,READY_TO_FIRE
2026-09-07 15:14:40.434,1788794080.435,5059,81,435,4414.19,4414.27,8.0,PASS_<=10c,+5.0,UP,+109.0,+112.0,4.2,+10.28,2.45,SLOW,4413.07,4413.36,4409.25,4413.00,0.00,0.00,0.0,BULLISH,411.0,4413.10,4414.20,4412.50,4414.19,40,CLEARED_>=20s,170.0,109.0,1.0,60.0,0.6,35.3,0.6,PASS_<20%,4413.25,94.0,YES,STANDBY_VEL_LOW,0,0.00,4590.00,82.16,TRUE,READY_TO_FIRE
2026-09-07 15:14:40.936,1788794080.936,5060,82,436,4414.20,4414.28,8.0,PASS_<=10c,+1.0,UP,+110.0,+113.0,4.2,+10.07,2.40,SLOW,4413.07,4413.36,4409.25,4413.00,0.00,0.00,0.0,BULLISH,411.0,4413.10,4414.20,4412.50,4414.20,40,CLEARED_>=20s,170.0,110.0,0.0,60.0,0.0,35.3,0.0,PASS_<20%,4413.25,95.0,YES,STANDBY_VEL_LOW,0,0.00,4590.00,82.16,TRUE,READY_TO_FIRE
2026-09-07 15:14:41.438,1788794081.438,5061,83,437,4414.21,4414.29,8.0,PASS_<=10c,+1.0,UP,+111.0,+114.0,4.2,+7.55,1.80,SLOW,4413.07,4413.36,4409.25,4413.00,0.00,0.00,0.0,BULLISH,411.0,4413.10,4414.21,4412.50,4414.21,41,CLEARED_>=20s,171.0,111.0,0.0,60.0,0.0,35.1,0.0,PASS_<20%,4413.25,96.0,YES,STANDBY_VEL_LOW,0,0.00,4590.00,82.16,TRUE,READY_TO_FIRE
2026-09-07 15:14:41.940,1788794081.940,5062,84,438,4414.21,4414.29,8.0,PASS_<=10c,+0.0,FLAT,+111.0,+114.0,4.2,+6.09,1.45,SLOW,4413.07,4413.36,4409.25,4413.00,0.00,0.00,0.0,BULLISH,411.0,4413.10,4414.21,4412.50,4414.21,41,CLEARED_>=20s,171.0,111.0,0.0,60.0,0.0,35.1,0.0,PASS_<20%,4413.25,96.0,YES,STANDBY_VEL_LOW,0,0.00,4590.00,82.16,TRUE,READY_TO_FIRE
2026-09-07 15:14:42.441,1788794082.442,5063,85,439,4414.21,4414.29,8.0,PASS_<=10c,+0.0,FLAT,+111.0,+114.0,4.2,+6.08,1.45,SLOW,4413.07,4413.36,4409.25,4413.00,0.00,0.00,0.0,BULLISH,411.0,4413.10,4414.21,4412.50,4414.21,42,CLEARED_>=20s,171.0,111.0,0.0,60.0,0.0,35.1,0.0,PASS_<20%,4413.25,96.0,YES,STANDBY_VEL_LOW,0,0.00,4590.00,82.16,TRUE,READY_TO_FIRE
2026-09-07 15:14:42.942,1788794082.942,5064,86,440,4414.38,4414.46,8.0,PASS_<=10c,+17.0,UP,+128.0,+131.0,4.2,+9.23,2.20,SLOW,4413.07,4413.36,4409.25,4413.00,0.00,0.00,0.0,BULLISH,411.0,4413.10,4414.38,4412.50,4414.38,42,CLEARED_>=20s,188.0,128.0,0.0,60.0,0.0,31.9,0.0,PASS_<20%,4413.25,113.0,YES,STANDBY_VEL_LOW,0,0.00,4590.00,82.16,TRUE,READY_TO_FIRE
2026-09-07 15:14:43.444,1788794083.444,5065,87,441,4414.48,4414.56,8.0,PASS_<=10c,+10.0,UP,+138.0,+141.0,4.2,+10.49,2.50,SLOW,4413.07,4413.36,4409.25,4413.00,0.00,0.00,0.0,BULLISH,411.0,4413.10,4414.48,4412.50,4414.48,43,CLEARED_>=20s,198.0,138.0,0.0,60.0,0.0,30.3,0.0,PASS_<20%,4413.25,123.0,YES,STANDBY_VEL_LOW,0,0.00,4590.00,82.16,TRUE,READY_TO_FIRE
2026-09-07 15:14:43.946,1788794083.946,5066,88,442,4414.58,4414.66,8.0,PASS_<=10c,+10.0,UP,+148.0,+151.0,4.2,+10.49,2.50,SLOW,4413.07,4413.36,4409.25,4413.00,0.00,0.00,0.0,BULLISH,411.0,4413.10,4414.58,4412.50,4414.58,43,CLEARED_>=20s,208.0,148.0,0.0,60.0,0.0,28.8,0.0,PASS_<20%,4413.25,133.0,YES,STANDBY_VEL_LOW,0,0.00,4590.00,82.16,TRUE,READY_TO_FIRE
2026-09-07 15:14:44.448,1788794084.448,5067,89,443,4414.59,4414.67,8.0,PASS_<=10c,+1.0,UP,+149.0,+152.0,4.2,+9.44,2.25,SLOW,4413.07,4413.36,4409.25,4413.00,0.00,0.00,0.0,BULLISH,411.0,4413.10,4414.59,4412.50,4414.59,44,CLEARED_>=20s,209.0,149.0,0.0,60.0,0.0,28.7,0.0,PASS_<20%,4413.25,134.0,YES,STANDBY_VEL_LOW,0,0.00,4590.00,82.16,TRUE,READY_TO_FIRE
2026-09-07 15:14:44.949,1788794084.950,5068,90,444,4414.59,4414.67,8.0,PASS_<=10c,+0.0,FLAT,+149.0,+152.0,4.2,+8.18,1.95,SLOW,4413.07,4413.36,4409.25,4413.00,0.00,0.00,0.0,BULLISH,411.0,4413.10,4414.60,4412.50,4414.59,44,CLEARED_>=20s,210.0,149.0,1.0,60.0,0.5,28.6,0.5,PASS_<20%,4413.25,134.0,YES,STANDBY_VEL_LOW,0,0.00,4590.00,82.16,TRUE,READY_TO_FIRE
2026-09-07 15:14:45.452,1788794085.453,5069,91,445,4414.58,4414.66,8.0,PASS_<=10c,-1.0,DOWN,+148.0,+151.0,4.2,+7.97,1.90,SLOW,4413.07,4413.36,4409.25,4413.00,0.00,0.00,0.0,BULLISH,411.0,4413.10,4414.60,4412.50,4414.58,45,CLEARED_>=20s,210.0,148.0,2.0,60.0,1.0,28.6,1.0,PASS_<20%,4413.25,133.0,YES,STANDBY_VEL_LOW,0,0.00,4590.00,82.16,TRUE,READY_TO_FIRE
2026-09-07 15:14:45.954,1788794085.954,5070,92,446,4414.60,4414.68,8.0,PASS_<=10c,+2.0,UP,+150.0,+153.0,4.2,+8.18,1.95,SLOW,4413.07,4413.36,4409.25,4413.00,0.00,0.00,0.0,BULLISH,411.0,4413.10,4414.60,4412.50,4414.60,45,CLEARED_>=20s,210.0,150.0,0.0,60.0,0.0,28.6,0.0,PASS_<20%,4413.25,135.0,YES,STANDBY_VEL_LOW,0,0.00,4590.00,82.16,TRUE,READY_TO_FIRE
2026-09-07 15:14:46.455,1788794086.456,5071,93,447,4414.64,4414.72,8.0,PASS_<=10c,+4.0,UP,+154.0,+157.0,4.2,+9.02,2.15,SLOW,4413.07,4413.36,4409.25,4413.00,0.00,0.00,0.0,BULLISH,411.0,4413.10,4414.64,4412.50,4414.64,46,CLEARED_>=20s,214.0,154.0,0.0,60.0,0.0,28.0,0.0,PASS_<20%,4413.25,139.0,YES,STANDBY_VEL_LOW,0,0.00,4590.00,82.16,TRUE,READY_TO_FIRE
2026-09-07 15:14:46.957,1788794086.958,5072,94,448,4414.51,4414.59,8.0,PASS_<=10c,-13.0,DOWN,+141.0,+144.0,4.2,+6.29,1.50,SLOW,4413.07,4413.36,4409.25,4413.00,0.00,0.00,0.0,BULLISH,411.0,4413.10,4414.64,4412.50,4414.51,46,CLEARED_>=20s,214.0,141.0,13.0,60.0,6.1,28.0,6.1,PASS_<20%,4413.25,126.0,YES,STANDBY_VEL_LOW,0,0.00,4590.00,82.16,TRUE,READY_TO_FIRE
2026-09-07 15:14:47.459,1788794087.460,5073,95,449,4414.52,4414.60,8.0,PASS_<=10c,+1.0,UP,+142.0,+145.0,4.2,+4.61,1.10,SLOW,4413.07,4413.36,4409.25,4413.00,0.00,0.00,0.0,BULLISH,411.0,4413.10,4414.64,4412.50,4414.52,47,CLEARED_>=20s,214.0,142.0,12.0,60.0,5.6,28.0,5.6,PASS_<20%,4413.25,127.0,YES,STANDBY_VEL_LOW,0,0.00,4590.00,82.16,TRUE,READY_TO_FIRE
2026-09-07 15:14:47.961,1788794087.961,5074,96,450,4414.49,4414.57,8.0,PASS_<=10c,-3.0,DOWN,+139.0,+142.0,4.2,+2.52,0.60,SLOW,4413.07,4413.36,4409.25,4413.00,0.00,0.00,0.0,BULLISH,411.0,4413.10,4414.64,4412.50,4414.49,47,CLEARED_>=20s,214.0,139.0,15.0,60.0,7.0,28.0,7.0,PASS_<20%,4413.25,124.0,YES,STANDBY_VEL_LOW,0,0.00,4590.00,82.16,TRUE,READY_TO_FIRE
2026-09-07 15:14:48.463,1788794088.463,5075,97,451,4414.43,4414.51,8.0,PASS_<=10c,-6.0,DOWN,+133.0,+136.0,4.2,+2.32,0.55,SLOW,4413.07,4413.36,4409.25,4413.00,0.00,0.00,0.0,BULLISH,411.0,4413.10,4414.64,4412.50,4414.43,48,CLEARED_>=20s,214.0,133.0,21.0,60.0,9.8,28.0,9.8,PASS_<20%,4413.25,118.0,YES,STANDBY_VEL_LOW,0,0.00,4590.00,82.16,TRUE,READY_TO_FIRE
2026-09-07 15:14:48.965,1788794088.965,5076,98,452,4414.48,4414.56,8.0,PASS_<=10c,+5.0,UP,+138.0,+141.0,4.2,+2.40,0.57,SLOW,4413.07,4413.36,4409.25,4413.00,0.00,0.00,0.0,BULLISH,411.0,4413.10,4414.64,4412.50,4414.48,48,CLEARED_>=20s,214.0,138.0,16.0,60.0,7.5,28.0,7.5,PASS_<20%,4413.25,123.0,YES,STANDBY_VEL_LOW,0,0.00,4590.00,82.16,TRUE,READY_TO_FIRE
2026-09-07 15:14:49.466,1788794089.467,5077,99,453,4414.44,4414.52,8.0,PASS_<=10c,-4.0,DOWN,+134.0,+137.0,4.2,+3.36,0.80,SLOW,4413.07,4413.36,4409.25,4413.00,0.00,0.00,0.0,BULLISH,411.0,4413.10,4414.64,4412.50,4414.44,49,CLEARED_>=20s,214.0,134.0,20.0,60.0,9.3,28.0,9.3,PASS_<20%,4413.25,119.0,YES,STANDBY_VEL_LOW,0,0.00,4590.00,82.16,TRUE,READY_TO_FIRE
2026-09-07 15:14:49.968,1788794089.969,5078,100,454,4414.43,4414.51,8.0,PASS_<=10c,-1.0,DOWN,+133.0,+136.0,4.2,+2.73,0.65,SLOW,4413.07,4413.36,4409.25,4413.00,0.00,0.00,0.0,BULLISH,411.0,4413.10,4414.64,4412.50,4414.43,49,CLEARED_>=20s,214.0,133.0,21.0,60.0,9.8,28.0,9.8,PASS_<20%,4413.25,118.0,YES,STANDBY_VEL_LOW,0,0.00,4590.00,82.16,TRUE,READY_TO_FIRE
2026-09-07 15:14:50.470,1788794090.471,5079,101,455,4414.43,4414.51,8.0,PASS_<=10c,+0.0,FLAT,+133.0,+136.0,4.2,+3.15,0.75,SLOW,4413.07,4413.36,4409.25,4413.00,0.00,0.00,0.0,BULLISH,411.0,4413.10,4414.64,4412.50,4414.43,50,CLEARED_>=20s,214.0,133.0,21.0,60.0,9.8,28.0,9.8,PASS_<20%,4413.25,118.0,YES,STANDBY_VEL_LOW,0,0.00,4590.00,82.16,TRUE,READY_TO_FIRE
2026-09-07 15:14:50.972,1788794090.972,5080,102,456,4414.42,4414.50,8.0,PASS_<=10c,-1.0,DOWN,+132.0,+135.0,4.2,+3.78,0.90,SLOW,4413.07,4413.36,4409.25,4413.00,0.00,0.00,0.0,BULLISH,411.0,4413.10,4414.64,4412.50,4414.42,50,CLEARED_>=20s,214.0,132.0,22.0,60.0,10.3,28.0,10.3,PASS_<20%,4413.25,117.0,YES,STANDBY_VEL_LOW,0,0.00,4590.00,82.16,TRUE,READY_TO_FIRE
2026-09-07 15:14:51.473,1788794091.474,5081,103,457,4414.45,4414.53,8.0,PASS_<=10c,+3.0,UP,+135.0,+138.0,4.2,+2.35,0.56,SLOW,4413.07,4413.36,4409.25,4413.00,0.00,0.00,0.0,BULLISH,411.0,4413.10,4414.64,4412.50,4414.45,51,CLEARED_>=20s,214.0,135.0,19.0,60.0,8.9,28.0,8.9,PASS_<20%,4413.25,120.0,YES,STANDBY_VEL_LOW,0,0.00,4590.00,82.16,TRUE,READY_TO_FIRE
2026-09-07 15:14:51.975,1788794091.975,5082,104,458,4414.46,4414.54,8.0,PASS_<=10c,+1.0,UP,+136.0,+139.0,4.2,+2.37,0.56,SLOW,4413.07,4413.36,4409.25,4413.00,0.00,0.00,0.0,BULLISH,411.0,4413.10,4414.64,4412.50,4414.46,51,CLEARED_>=20s,214.0,136.0,18.0,60.0,8.4,28.0,8.4,PASS_<20%,4413.25,121.0,YES,STANDBY_VEL_LOW,0,0.00,4590.00,82.16,TRUE,READY_TO_FIRE
2026-09-07 15:14:52.477,1788794092.478,5083,105,459,4414.52,4414.60,8.0,PASS_<=10c,+6.0,UP,+142.0,+145.0,4.2,+2.47,0.59,SLOW,4413.07,4413.36,4409.25,4413.00,0.00,0.00,0.0,BULLISH,411.0,4413.10,4414.64,4412.50,4414.52,52,CLEARED_>=20s,214.0,142.0,12.0,60.0,5.6,28.0,5.6,PASS_<20%,4413.25,127.0,YES,STANDBY_VEL_LOW,0,0.00,4590.00,82.16,TRUE,READY_TO_FIRE
2026-09-07 15:14:52.979,1788794092.979,5084,106,460,4414.57,4414.65,8.0,PASS_<=10c,+5.0,UP,+147.0,+150.0,4.2,+2.94,0.70,SLOW,4413.07,4413.36,4409.25,4413.00,0.00,0.00,0.0,BULLISH,411.0,4413.10,4414.64,4412.50,4414.57,52,CLEARED_>=20s,214.0,147.0,7.0,60.0,3.3,28.0,3.3,PASS_<20%,4413.25,132.0,YES,STANDBY_VEL_LOW,0,0.00,4590.00,82.16,TRUE,READY_TO_FIRE
2026-09-07 15:14:53.481,1788794093.481,5085,107,461,4414.59,4414.67,8.0,PASS_<=10c,+2.0,UP,+149.0,+152.0,4.2,+2.47,0.59,SLOW,4413.07,4413.36,4409.25,4413.00,0.00,0.00,0.0,BULLISH,411.0,4413.10,4414.64,4412.50,4414.59,53,CLEARED_>=20s,214.0,149.0,5.0,60.0,2.3,28.0,2.3,PASS_<20%,4413.25,134.0,YES,STANDBY_VEL_LOW,0,0.00,4590.00,82.16,TRUE,READY_TO_FIRE
2026-09-07 15:14:53.984,1788794093.984,5086,108,462,4414.59,4414.67,8.0,PASS_<=10c,+0.0,FLAT,+149.0,+152.0,4.2,+2.40,0.57,SLOW,4413.07,4413.36,4409.25,4413.00,0.00,0.00,0.0,BULLISH,411.0,4413.10,4414.64,4412.50,4414.59,53,CLEARED_>=20s,214.0,149.0,5.0,60.0,2.3,28.0,2.3,PASS_<20%,4413.25,134.0,YES,STANDBY_VEL_LOW,0,0.00,4590.00,82.16,TRUE,READY_TO_FIRE
2026-09-07 15:14:54.486,1788794094.487,5087,109,463,4414.59,4414.67,8.0,PASS_<=10c,+0.0,FLAT,+149.0,+152.0,4.2,+3.36,0.80,SLOW,4413.07,4413.36,4409.25,4413.00,0.00,0.00,0.0,BULLISH,411.0,4413.10,4414.64,4412.50,4414.59,54,CLEARED_>=20s,214.0,149.0,5.0,60.0,2.3,28.0,2.3,PASS_<20%,4413.25,134.0,YES,STANDBY_VEL_LOW,0,0.00,4590.00,82.16,TRUE,READY_TO_FIRE
2026-09-07 15:14:54.989,1788794094.990,5088,110,464,4414.59,4414.67,8.0,PASS_<=10c,+0.0,FLAT,+149.0,+152.0,4.2,+3.35,0.80,SLOW,4413.07,4413.36,4409.25,4413.00,0.00,0.00,0.0,BULLISH,411.0,4413.10,4414.64,4412.50,4414.59,54,CLEARED_>=20s,214.0,149.0,5.0,60.0,2.3,28.0,2.3,PASS_<20%,4413.25,134.0,YES,STANDBY_VEL_LOW,0,0.00,4590.00,82.16,TRUE,READY_TO_FIRE
2026-09-07 15:14:55.492,1788794095.492,5089,111,465,4414.58,4414.66,8.0,PASS_<=10c,-1.0,DOWN,+148.0,+151.0,4.2,+3.35,0.80,SLOW,4413.07,4413.36,4409.25,4413.00,0.00,0.00,0.0,BULLISH,411.0,4413.10,4414.64,4412.50,4414.58,55,CLEARED_>=20s,214.0,148.0,6.0,60.0,2.8,28.0,2.8,PASS_<20%,4413.25,133.0,YES,STANDBY_VEL_LOW,0,0.00,4590.00,82.16,TRUE,READY_TO_FIRE
2026-09-07 15:14:55.993,1788794095.994,5090,112,466,4414.58,4414.66,8.0,PASS_<=10c,+0.0,FLAT,+148.0,+151.0,4.2,+3.35,0.80,SLOW,4413.07,4413.36,4409.25,4413.00,0.00,0.00,0.0,BULLISH,411.0,4413.10,4414.64,4412.50,4414.58,55,CLEARED_>=20s,214.0,148.0,6.0,60.0,2.8,28.0,2.8,PASS_<20%,4413.25,133.0,YES,STANDBY_VEL_LOW,0,0.00,4590.00,82.16,TRUE,READY_TO_FIRE
2026-09-07 15:14:56.496,1788794096.496,5091,113,467,4414.58,4414.66,8.0,PASS_<=10c,+0.0,FLAT,+148.0,+151.0,4.2,+2.72,0.65,SLOW,4413.07,4413.36,4409.25,4413.00,0.00,0.00,0.0,BULLISH,411.0,4413.10,4414.64,4412.50,4414.58,56,CLEARED_>=20s,214.0,148.0,6.0,60.0,2.8,28.0,2.8,PASS_<20%,4413.25,133.0,YES,STANDBY_VEL_LOW,0,0.00,4590.00,82.16,TRUE,READY_TO_FIRE
2026-09-07 15:14:56.998,1788794096.998,5092,114,468,4414.58,4414.66,8.0,PASS_<=10c,+0.0,FLAT,+148.0,+151.0,4.2,+2.22,0.53,SLOW,4413.07,4413.36,4409.25,4413.00,0.00,0.00,0.0,BULLISH,411.0,4413.10,4414.64,4412.50,4414.58,56,CLEARED_>=20s,214.0,148.0,6.0,60.0,2.8,28.0,2.8,PASS_<20%,4413.25,133.0,YES,STANDBY_VEL_LOW,0,0.00,4590.00,82.16,TRUE,READY_TO_FIRE
2026-09-07 15:14:57.500,1788794097.500,5093,115,469,4414.58,4414.66,8.0,PASS_<=10c,+0.0,FLAT,+148.0,+151.0,4.2,+2.13,0.51,SLOW,4413.07,4413.36,4409.25,4413.00,0.00,0.00,0.0,BULLISH,411.0,4413.10,4414.64,4412.50,4414.58,57,CLEARED_>=20s,214.0,148.0,6.0,60.0,2.8,28.0,2.8,PASS_<20%,4413.25,133.0,YES,STANDBY_VEL_LOW,0,0.00,4590.00,82.16,TRUE,READY_TO_FIRE
2026-09-07 15:14:58.001,1788794098.002,5094,116,470,4414.55,4414.63,8.0,PASS_<=10c,-3.0,DOWN,+145.0,+148.0,4.2,+2.27,0.54,SLOW,4413.07,4413.36,4409.25,4413.00,0.00,0.00,0.0,BULLISH,411.0,4413.10,4414.64,4412.50,4414.55,58,CLEARED_>=20s,214.0,145.0,9.0,60.0,4.2,28.0,4.2,PASS_<20%,4413.25,130.0,YES,STANDBY_VEL_LOW,0,0.00,4590.00,82.16,TRUE,READY_TO_FIRE
2026-09-07 15:14:58.502,1788794098.503,5095,117,471,4414.64,4414.72,8.0,PASS_<=10c,+9.0,UP,+154.0,+157.0,4.2,+2.47,0.59,SLOW,4413.07,4413.36,4409.25,4413.00,0.00,0.00,0.0,BULLISH,411.0,4413.10,4414.64,4412.50,4414.64,58,CLEARED_>=20s,214.0,154.0,0.0,60.0,0.0,28.0,0.0,PASS_<20%,4413.25,139.0,YES,STANDBY_VEL_LOW,0,0.00,4590.00,82.16,TRUE,READY_TO_FIRE
2026-09-07 15:14:59.005,1788794099.005,5096,118,472,4414.64,4414.72,8.0,PASS_<=10c,+0.0,FLAT,+154.0,+157.0,4.2,+2.48,0.59,SLOW,4413.07,4413.36,4409.25,4413.00,0.00,0.00,0.0,BULLISH,411.0,4413.10,4414.64,4412.50,4414.64,59,CLEARED_>=20s,214.0,154.0,0.0,60.0,0.0,28.0,0.0,PASS_<20%,4413.25,139.0,YES,STANDBY_VEL_LOW,0,0.00,4590.00,82.16,TRUE,READY_TO_FIRE
2026-09-07 15:14:59.508,1788794099.509,5097,119,473,4414.85,4414.93,8.0,PASS_<=10c,+21.0,UP,+175.0,+178.0,4.2,+5.66,1.35,SLOW,4413.07,4413.36,4409.25,4413.00,0.00,0.00,0.0,BULLISH,411.0,4413.10,4414.86,4412.50,4414.85,59,CLEARED_>=20s,236.0,175.0,1.0,60.0,0.4,25.4,0.4,PASS_<20%,4413.25,160.0,YES,STANDBY_VEL_LOW,0,0.00,4590.00,82.16,TRUE,READY_TO_FIRE
2026-09-07 15:15:00.015,1788794100.016,5098,1,1,4414.77,4414.85,8.0,PASS_<=10c,-8.0,DOWN,+0.0,+180.0,4.2,+3.99,0.95,SLOW,4412.97,4414.86,4411.49,4414.79,0.00,0.00,0.0,BULLISH,337.0,4414.77,4414.77,4414.77,4414.77,0,ACTIVE_0s,1.0,0.0,0.0,0.0,0.0,0.0,0.0,PASS_<20%,0.00,0.0,NO,STANDBY_VEL_LOW,0,0.00,4590.00,82.16,FALSE,M1_DIRECTION_MISMATCH|OPENING_SHIELD_ACTIVE_0s
2026-09-07 15:15:00.509,1788794100.509,5099,2,2,4414.75,4414.83,8.0,PASS_<=10c,-2.0,DOWN,-2.0,+178.0,4.2,+3.57,0.85,SLOW,4412.97,4414.86,4411.49,4414.79,0.00,0.00,0.0,BULLISH,337.0,4414.77,4414.77,4414.75,4414.75,0,ACTIVE_0s,2.0,2.0,0.0,0.0,0.0,0.0,0.0,PASS_<20%,0.00,0.0,NO,STANDBY_VEL_LOW,0,0.00,4590.00,82.16,FALSE,M1_DIRECTION_MISMATCH|OPENING_SHIELD_ACTIVE_0s
2026-09-07 15:15:01.014,1788794101.014,5100,3,3,4414.84,4414.92,8.0,PASS_<=10c,+9.0,UP,+7.0,+187.0,4.2,+5.46,1.30,SLOW,4412.97,4414.86,4411.49,4414.79,0.00,0.00,0.0,BULLISH,337.0,4414.77,4414.84,4414.75,4414.84,1,ACTIVE_1s,9.0,7.0,0.0,2.0,0.0,22.2,0.0,PASS_<20%,4414.92,8.0,NO,STANDBY_VEL_LOW,0,0.00,4590.00,82.16,FALSE,OPENING_SHIELD_ACTIVE_1s
2026-09-07 15:15:01.513,1788794101.513,5101,4,4,4414.74,4414.82,8.0,PASS_<=10c,-10.0,DOWN,-3.0,+177.0,4.2,+3.36,0.80,SLOW,4412.97,4414.86,4411.49,4414.79,0.00,0.00,0.0,BULLISH,337.0,4414.77,4414.84,4414.74,4414.74,1,ACTIVE_1s,10.0,3.0,7.0,0.0,70.0,0.0,70.0,BLOCKED_70.0%,0.00,0.0,NO,STANDBY_VEL_LOW,0,0.00,4590.00,82.16,FALSE,M1_DIRECTION_MISMATCH|OPENING_SHIELD_ACTIVE_1s
2026-09-07 15:15:02.014,1788794102.014,5102,5,5,4414.71,4414.79,8.0,PASS_<=10c,-3.0,DOWN,-6.0,+174.0,4.2,+2.92,0.70,SLOW,4412.97,4414.86,4411.49,4414.79,0.00,0.00,0.0,BULLISH,337.0,4414.77,4414.84,4414.71,4414.71,2,ACTIVE_2s,13.0,6.0,7.0,0.0,53.8,0.0,53.8,BLOCKED_53.8%,0.00,0.0,NO,STANDBY_VEL_LOW,0,0.00,4590.00,82.16,FALSE,M1_DIRECTION_MISMATCH|OPENING_SHIELD_ACTIVE_2s
2026-09-07 15:15:02.515,1788794102.516,5103,6,6,4414.73,4414.81,8.0,PASS_<=10c,+2.0,UP,-4.0,+176.0,4.2,+3.15,0.75,SLOW,4412.97,4414.86,4411.49,4414.79,0.00,0.00,0.0,BULLISH,337.0,4414.77,4414.84,4414.71,4414.73,2,ACTIVE_2s,13.0,4.0,7.0,2.0,53.8,15.4,53.8,BLOCKED_53.8%,0.00,0.0,NO,STANDBY_VEL_LOW,0,0.00,4590.00,82.16,FALSE,M1_DIRECTION_MISMATCH|OPENING_SHIELD_ACTIVE_2s
2026-09-07 15:15:03.017,1788794103.017,5104,7,7,4414.70,4414.78,8.0,PASS_<=10c,-3.0,DOWN,-7.0,+173.0,4.2,+3.15,0.75,SLOW,4412.97,4414.86,4411.49,4414.79,0.00,0.00,0.0,BULLISH,337.0,4414.77,4414.84,4414.70,4414.70,3,ACTIVE_3s,14.0,7.0,7.0,0.0,50.0,0.0,50.0,BLOCKED_50.0%,0.00,0.0,NO,STANDBY_VEL_LOW,0,0.00,4590.00,82.16,FALSE,M1_DIRECTION_MISMATCH|OPENING_SHIELD_ACTIVE_3s
2026-09-07 15:15:03.519,1788794103.519,5105,8,8,4414.71,4414.79,8.0,PASS_<=10c,+1.0,UP,-6.0,+174.0,4.2,+3.22,0.77,SLOW,4412.97,4414.86,4411.49,4414.79,0.00,0.00,0.0,BULLISH,337.0,4414.77,4414.84,4414.70,4414.71,3,ACTIVE_3s,14.0,6.0,7.0,1.0,50.0,7.1,50.0,BLOCKED_50.0%,0.00,0.0,NO,STANDBY_VEL_LOW,0,0.00,4590.00,82.16,FALSE,M1_DIRECTION_MISMATCH|OPENING_SHIELD_ACTIVE_3s
2026-09-07 15:15:04.021,1788794104.021,5106,9,9,4414.55,4414.63,8.0,PASS_<=10c,-16.0,DOWN,-22.0,+158.0,4.2,+6.51,1.55,SLOW,4412.97,4414.86,4411.49,4414.79,0.00,0.00,0.0,BULLISH,337.0,4414.77,4414.84,4414.55,4414.55,4,ACTIVE_4s,29.0,22.0,7.0,0.0,24.1,0.0,24.1,BLOCKED_24.1%,0.00,0.0,NO,STANDBY_VEL_LOW,0,0.00,4590.00,82.16,FALSE,M1_DIRECTION_MISMATCH|OPENING_SHIELD_ACTIVE_4s
2026-09-07 15:15:04.522,1788794104.523,5107,10,10,4414.27,4414.35,8.0,PASS_<=10c,-28.0,DOWN,-50.0,+130.0,4.2,+10.91,2.60,SLOW,4412.97,4414.86,4411.49,4414.79,0.00,0.00,0.0,BULLISH,337.0,4414.77,4414.84,4414.27,4414.27,4,ACTIVE_4s,57.0,50.0,7.0,0.0,12.3,0.0,12.3,PASS_<20%,0.00,0.0,NO,STANDBY_VEL_LOW,0,0.00,4590.00,82.16,FALSE,M1_DIRECTION_MISMATCH|OPENING_SHIELD_ACTIVE_4s
2026-09-07 15:15:05.024,1788794105.025,5108,11,11,4414.15,4414.23,8.0,PASS_<=10c,-12.0,DOWN,-62.0,+118.0,4.2,+12.59,3.00,SLOW,4412.97,4414.86,4411.49,4414.79,0.00,0.00,0.0,BULLISH,337.0,4414.77,4414.84,4414.15,4414.15,5,ACTIVE_5s,69.0,62.0,7.0,0.0,10.1,0.0,10.1,PASS_<20%,0.00,0.0,NO,STANDBY_VEL_LOW,0,0.00,4590.00,82.16,FALSE,M1_DIRECTION_MISMATCH|OPENING_SHIELD_ACTIVE_5s
2026-09-07 15:15:05.526,1788794105.526,5109,12,12,4414.16,4414.24,8.0,PASS_<=10c,+1.0,UP,-61.0,+119.0,4.2,+13.64,3.25,SLOW,4412.97,4414.86,4411.49,4414.79,0.00,0.00,0.0,BULLISH,337.0,4414.77,4414.84,4414.15,4414.16,5,ACTIVE_5s,69.0,61.0,7.0,1.0,10.1,1.4,10.1,PASS_<20%,0.00,0.0,NO,STANDBY_VEL_LOW,0,0.00,4590.00,82.16,FALSE,M1_DIRECTION_MISMATCH|OPENING_SHIELD_ACTIVE_5s
2026-09-07 15:15:06.028,1788794106.029,5110,13,13,4414.06,4414.14,8.0,PASS_<=10c,-10.0,DOWN,-71.0,+109.0,4.2,+15.94,3.80,SLOW,4412.97,4414.86,4411.49,4414.79,0.00,0.00,0.0,BULLISH,337.0,4414.77,4414.84,4414.05,4414.06,6,ACTIVE_6s,79.0,71.0,7.0,1.0,8.9,1.3,8.9,PASS_<20%,0.00,0.0,NO,STANDBY_VEL_LOW,0,0.00,4590.00,82.16,FALSE,M1_DIRECTION_MISMATCH|OPENING_SHIELD_ACTIVE_6s
2026-09-07 15:15:06.531,1788794106.532,5111,14,14,4414.08,4414.16,8.0,PASS_<=10c,+2.0,UP,-69.0,+111.0,4.2,+13.85,3.30,SLOW,4412.97,4414.86,4411.49,4414.79,0.00,0.00,0.0,BULLISH,337.0,4414.77,4414.84,4414.05,4414.08,6,ACTIVE_6s,79.0,69.0,7.0,3.0,8.9,3.8,8.9,PASS_<20%,0.00,0.0,NO,STANDBY_VEL_LOW,0,0.00,4590.00,82.16,FALSE,M1_DIRECTION_MISMATCH|OPENING_SHIELD_ACTIVE_6s
2026-09-07 15:15:07.031,1788794107.032,5112,15,15,4413.97,4414.05,8.0,PASS_<=10c,-11.0,DOWN,-80.0,+100.0,4.2,+15.53,3.70,SLOW,4412.97,4414.86,4411.49,4414.79,0.00,0.00,0.0,BULLISH,337.0,4414.77,4414.84,4413.97,4413.97,7,ACTIVE_7s,87.0,80.0,7.0,0.0,8.0,0.0,8.0,PASS_<20%,0.00,0.0,NO,STANDBY_VEL_LOW,0,0.00,4590.00,82.16,FALSE,M1_DIRECTION_MISMATCH|OPENING_SHIELD_ACTIVE_7s
2026-09-07 15:15:07.532,1788794107.532,5113,16,16,4413.89,4413.97,8.0,PASS_<=10c,-8.0,DOWN,-88.0,+92.0,4.2,+17.42,4.15,SLOW,4412.97,4414.86,4411.49,4414.79,0.00,0.00,0.0,BULLISH,337.0,4414.77,4414.84,4413.89,4413.89,7,ACTIVE_7s,95.0,88.0,7.0,0.0,7.4,0.0,7.4,PASS_<20%,0.00,0.0,NO,STANDBY_VEL_LOW,0,0.00,4590.00,82.16,FALSE,M1_DIRECTION_MISMATCH|OPENING_SHIELD_ACTIVE_7s
2026-09-07 15:15:08.034,1788794108.035,5114,17,17,4413.67,4413.75,8.0,PASS_<=10c,-22.0,DOWN,-110.0,+70.0,4.2,+21.82,5.20,SLOW,4412.97,4414.86,4411.49,4414.79,0.00,0.00,0.0,BULLISH,337.0,4414.77,4414.84,4413.67,4413.67,8,ACTIVE_8s,117.0,110.0,7.0,0.0,6.0,0.0,6.0,PASS_<20%,0.00,0.0,NO,STANDBY_VEL_LOW,0,0.00,4590.00,82.16,FALSE,M1_DIRECTION_MISMATCH|OPENING_SHIELD_ACTIVE_8s
2026-09-07 15:15:08.535,1788794108.536,5115,18,18,4413.83,4413.91,8.0,PASS_<=10c,+16.0,UP,-94.0,+86.0,4.2,+16.37,3.90,SLOW,4412.97,4414.86,4411.49,4414.79,0.00,0.00,0.0,BULLISH,337.0,4414.77,4414.84,4413.67,4413.83,8,ACTIVE_8s,117.0,94.0,7.0,16.0,6.0,13.7,6.0,PASS_<20%,0.00,0.0,NO,STANDBY_VEL_LOW,0,0.00,4590.00,82.16,FALSE,M1_DIRECTION_MISMATCH|OPENING_SHIELD_ACTIVE_8s
2026-09-07 15:15:09.037,1788794109.038,5116,19,19,4414.11,4414.19,8.0,PASS_<=10c,+28.0,UP,-66.0,+114.0,4.2,+5.46,1.30,SLOW,4412.97,4414.86,4411.49,4414.79,0.00,0.00,0.0,BULLISH,337.0,4414.77,4414.84,4413.67,4414.11,9,ACTIVE_9s,117.0,66.0,7.0,44.0,6.0,37.6,6.0,PASS_<20%,0.00,0.0,NO,STANDBY_VEL_LOW,0,0.00,4590.00,82.16,FALSE,M1_DIRECTION_MISMATCH|OPENING_SHIELD_ACTIVE_9s
2026-09-07 15:15:09.539,1788794109.540,5117,20,20,4414.14,4414.22,8.0,PASS_<=10c,+3.0,UP,-63.0,+117.0,4.2,+2.54,0.60,SLOW,4412.97,4414.86,4411.49,4414.79,0.00,0.00,0.0,BULLISH,337.0,4414.77,4414.84,4413.67,4414.14,9,ACTIVE_9s,117.0,63.0,7.0,47.0,6.0,40.2,6.0,PASS_<20%,0.00,0.0,NO,STANDBY_VEL_LOW,0,0.00,4590.00,82.16,FALSE,M1_DIRECTION_MISMATCH|OPENING_SHIELD_ACTIVE_9s
2026-09-07 15:15:10.041,1788794110.042,5118,21,21,4414.16,4414.24,8.0,PASS_<=10c,+2.0,UP,-61.0,+119.0,4.2,+2.60,0.62,SLOW,4412.97,4414.86,4411.49,4414.79,0.00,0.00,0.0,BULLISH,337.0,4414.77,4414.84,4413.67,4414.16,10,ACTIVE_10s,117.0,61.0,7.0,49.0,6.0,41.9,6.0,PASS_<20%,0.00,0.0,NO,STANDBY_VEL_LOW,0,0.00,4590.00,82.16,FALSE,M1_DIRECTION_MISMATCH|OPENING_SHIELD_ACTIVE_10s
2026-09-07 15:15:10.543,1788794110.544,5119,22,22,4413.99,4414.07,8.0,PASS_<=10c,-17.0,DOWN,-78.0,+102.0,4.2,+2.27,0.54,SLOW,4412.97,4414.86,4411.49,4414.79,0.00,0.00,0.0,BULLISH,337.0,4414.77,4414.84,4413.67,4413.99,10,ACTIVE_10s,117.0,78.0,7.0,32.0,6.0,27.4,6.0,PASS_<20%,0.00,0.0,NO,STANDBY_VEL_LOW,0,0.00,4590.00,82.16,FALSE,M1_DIRECTION_MISMATCH|OPENING_SHIELD_ACTIVE_10s
2026-09-07 15:15:11.045,1788794111.046,5120,23,23,4413.77,4413.85,8.0,PASS_<=10c,-22.0,DOWN,-100.0,+80.0,4.2,+6.09,1.45,SLOW,4412.97,4414.86,4411.49,4414.79,0.00,0.00,0.0,BULLISH,337.0,4414.77,4414.84,4413.67,4413.77,11,ACTIVE_11s,117.0,100.0,7.0,10.0,6.0,8.5,6.0,PASS_<20%,0.00,0.0,NO,STANDBY_VEL_LOW,0,0.00,4590.00,82.16,FALSE,M1_DIRECTION_MISMATCH|OPENING_SHIELD_ACTIVE_11s
2026-09-07 15:15:11.547,1788794111.547,5121,24,24,4413.76,4413.84,8.0,PASS_<=10c,-1.0,DOWN,-101.0,+79.0,4.2,+5.46,1.30,SLOW,4412.97,4414.86,4411.49,4414.79,0.00,0.00,0.0,BULLISH,337.0,4414.77,4414.84,4413.67,4413.76,11,ACTIVE_11s,117.0,101.0,7.0,9.0,6.0,7.7,6.0,PASS_<20%,0.00,0.0,NO,STANDBY_VEL_LOW,0,0.00,4590.00,82.16,FALSE,M1_DIRECTION_MISMATCH|OPENING_SHIELD_ACTIVE_11s
2026-09-07 15:15:12.048,1788794112.048,5122,25,25,4413.76,4413.84,8.0,PASS_<=10c,+0.0,FLAT,-101.0,+79.0,4.2,+4.41,1.05,SLOW,4412.97,4414.86,4411.49,4414.79,0.00,0.00,0.0,BULLISH,337.0,4414.77,4414.84,4413.67,4413.76,12,ACTIVE_12s,117.0,101.0,7.0,9.0,6.0,7.7,6.0,PASS_<20%,0.00,0.0,NO,STANDBY_VEL_LOW,0,0.00,4590.00,82.16,FALSE,M1_DIRECTION_MISMATCH|OPENING_SHIELD_ACTIVE_12s
2026-09-07 15:15:12.550,1788794112.551,5123,26,26,4413.86,4413.94,8.0,PASS_<=10c,+10.0,UP,-91.0,+89.0,4.2,+2.52,0.60,SLOW,4412.97,4414.86,4411.49,4414.79,0.00,0.00,0.0,BULLISH,337.0,4414.77,4414.84,4413.67,4413.86,12,ACTIVE_12s,117.0,91.0,7.0,19.0,6.0,16.2,6.0,PASS_<20%,0.00,0.0,NO,STANDBY_VEL_LOW,0,0.00,4590.00,82.16,FALSE,M1_DIRECTION_MISMATCH|OPENING_SHIELD_ACTIVE_12s
2026-09-07 15:15:13.052,1788794113.053,5124,27,27,4413.96,4414.04,8.0,PASS_<=10c,+10.0,UP,-81.0,+99.0,4.2,+3.36,0.80,SLOW,4412.97,4414.86,4411.49,4414.79,0.00,0.00,0.0,BULLISH,337.0,4414.77,4414.84,4413.67,4413.96,13,ACTIVE_13s,117.0,81.0,7.0,29.0,6.0,24.8,6.0,PASS_<20%,0.00,0.0,NO,STANDBY_VEL_LOW,0,0.00,4590.00,82.16,FALSE,M1_DIRECTION_MISMATCH|OPENING_SHIELD_ACTIVE_13s
2026-09-07 15:15:13.553,1788794113.554,5125,28,28,4413.95,4414.03,8.0,PASS_<=10c,-1.0,DOWN,-82.0,+98.0,4.2,+2.27,0.54,SLOW,4412.97,4414.86,4411.49,4414.79,0.00,0.00,0.0,BULLISH,337.0,4414.77,4414.84,4413.67,4413.95,13,ACTIVE_13s,117.0,82.0,7.0,28.0,6.0,23.9,6.0,PASS_<20%,0.00,0.0,NO,STANDBY_VEL_LOW,0,0.00,4590.00,82.16,FALSE,M1_DIRECTION_MISMATCH|OPENING_SHIELD_ACTIVE_13s
2026-09-07 15:15:14.055,1788794114.056,5126,29,29,4413.81,4413.89,8.0,PASS_<=10c,-14.0,DOWN,-96.0,+84.0,4.2,+6.92,1.65,SLOW,4412.97,4414.86,4411.49,4414.79,0.00,0.00,0.0,BULLISH,337.0,4414.77,4414.84,4413.67,4413.81,14,ACTIVE_14s,117.0,96.0,7.0,14.0,6.0,12.0,6.0,PASS_<20%,0.00,0.0,NO,STANDBY_VEL_LOW,0,0.00,4590.00,82.16,FALSE,M1_DIRECTION_MISMATCH|OPENING_SHIELD_ACTIVE_14s
2026-09-07 15:15:14.558,1788794114.559,5127,30,30,4413.82,4413.90,8.0,PASS_<=10c,+1.0,UP,-95.0,+85.0,4.2,+6.71,1.60,SLOW,4412.97,4414.86,4411.49,4414.79,0.00,0.00,0.0,BULLISH,337.0,4414.77,4414.84,4413.67,4413.82,14,ACTIVE_14s,117.0,95.0,7.0,15.0,6.0,12.8,6.0,PASS_<20%,0.00,0.0,NO,STANDBY_VEL_LOW,0,0.00,4590.00,82.16,FALSE,M1_DIRECTION_MISMATCH|OPENING_SHIELD_ACTIVE_14s
2026-09-07 15:15:15.060,1788794115.061,5128,31,31,4413.77,4413.85,8.0,PASS_<=10c,-5.0,DOWN,-100.0,+80.0,4.2,+4.82,1.15,SLOW,4412.97,4414.86,4411.49,4414.79,0.00,0.00,0.0,BULLISH,337.0,4414.77,4414.84,4413.67,4413.77,15,ACTIVE_15s,117.0,100.0,7.0,10.0,6.0,8.5,6.0,PASS_<20%,0.00,0.0,NO,STANDBY_VEL_LOW,0,0.00,4590.00,82.16,FALSE,M1_DIRECTION_MISMATCH|OPENING_SHIELD_ACTIVE_15s
2026-09-07 15:15:15.563,1788794115.564,5129,32,32,4413.86,4413.94,8.0,PASS_<=10c,+9.0,UP,-91.0,+89.0,4.2,+2.13,0.51,SLOW,4412.97,4414.86,4411.49,4414.79,0.00,0.00,0.0,BULLISH,337.0,4414.77,4414.84,4413.67,4413.86,15,ACTIVE_15s,117.0,91.0,7.0,19.0,6.0,16.2,6.0,PASS_<20%,0.00,0.0,NO,STANDBY_VEL_LOW,0,0.00,4590.00,82.16,FALSE,M1_DIRECTION_MISMATCH|OPENING_SHIELD_ACTIVE_15s
2026-09-07 15:15:16.065,1788794116.065,5130,33,33,4413.91,4413.99,8.0,PASS_<=10c,+5.0,UP,-86.0,+94.0,4.2,+2.94,0.70,SLOW,4412.97,4414.86,4411.49,4414.79,0.00,0.00,0.0,BULLISH,337.0,4414.77,4414.84,4413.67,4413.91,16,ACTIVE_16s,117.0,86.0,7.0,24.0,6.0,20.5,6.0,PASS_<20%,0.00,0.0,NO,STANDBY_VEL_LOW,0,0.00,4590.00,82.16,FALSE,M1_DIRECTION_MISMATCH|OPENING_SHIELD_ACTIVE_16s
2026-09-07 15:15:16.567,1788794116.568,5131,34,34,4413.90,4413.98,8.0,PASS_<=10c,-1.0,DOWN,-87.0,+93.0,4.2,+2.94,0.70,SLOW,4412.97,4414.86,4411.49,4414.79,0.00,0.00,0.0,BULLISH,337.0,4414.77,4414.84,4413.67,4413.90,16,ACTIVE_16s,117.0,87.0,7.0,23.0,6.0,19.7,6.0,PASS_<20%,0.00,0.0,NO,STANDBY_VEL_LOW,0,0.00,4590.00,82.16,FALSE,M1_DIRECTION_MISMATCH|OPENING_SHIELD_ACTIVE_16s
2026-09-07 15:15:17.069,1788794117.069,5132,35,35,4413.91,4413.99,8.0,PASS_<=10c,+1.0,UP,-86.0,+94.0,4.2,+3.35,0.80,SLOW,4412.97,4414.86,4411.49,4414.79,0.00,0.00,0.0,BULLISH,337.0,4414.77,4414.84,4413.67,4413.91,17,ACTIVE_17s,117.0,86.0,7.0,24.0,6.0,20.5,6.0,PASS_<20%,0.00,0.0,NO,STANDBY_VEL_LOW,0,0.00,4590.00,82.16,FALSE,M1_DIRECTION_MISMATCH|OPENING_SHIELD_ACTIVE_17s
2026-09-07 15:15:17.570,1788794117.571,5133,36,36,4413.91,4413.99,8.0,PASS_<=10c,+0.0,FLAT,-86.0,+94.0,4.2,+1.97,0.47,SLOW,4412.97,4414.86,4411.49,4414.79,0.00,0.00,0.0,BULLISH,337.0,4414.77,4414.84,4413.67,4413.91,17,ACTIVE_17s,117.0,86.0,7.0,24.0,6.0,20.5,6.0,PASS_<20%,0.00,0.0,NO,STANDBY_VEL_LOW,0,0.00,4590.00,82.16,FALSE,M1_DIRECTION_MISMATCH|OPENING_SHIELD_ACTIVE_17s
2026-09-07 15:15:18.072,1788794118.072,5134,37,37,4413.92,4414.00,8.0,PASS_<=10c,+1.0,UP,-85.0,+95.0,4.2,+2.00,0.48,SLOW,4412.97,4414.86,4411.49,4414.79,0.00,0.00,0.0,BULLISH,337.0,4414.77,4414.84,4413.67,4413.92,18,ACTIVE_18s,117.0,85.0,7.0,25.0,6.0,21.4,6.0,PASS_<20%,0.00,0.0,NO,STANDBY_VEL_LOW,0,0.00,4590.00,82.16,FALSE,M1_DIRECTION_MISMATCH|OPENING_SHIELD_ACTIVE_18s
2026-09-07 15:15:18.575,1788794118.576,5135,38,38,4413.98,4414.06,8.0,PASS_<=10c,+6.0,UP,-79.0,+101.0,4.2,+2.10,0.50,SLOW,4412.97,4414.86,4411.49,4414.79,0.00,0.00,0.0,BULLISH,337.0,4414.77,4414.84,4413.67,4413.98,18,ACTIVE_18s,117.0,79.0,7.0,31.0,6.0,26.5,6.0,PASS_<20%,0.00,0.0,NO,STANDBY_VEL_LOW,0,0.00,4590.00,82.16,FALSE,M1_DIRECTION_MISMATCH|OPENING_SHIELD_ACTIVE_18s
2026-09-07 15:15:19.076,1788794119.077,5136,39,39,4414.06,4414.14,8.0,PASS_<=10c,+8.0,UP,-71.0,+109.0,4.2,+5.45,1.30,SLOW,4412.97,4414.86,4411.49,4414.79,0.00,0.00,0.0,BULLISH,337.0,4414.77,4414.84,4413.67,4414.06,19,ACTIVE_19s,117.0,71.0,7.0,39.0,6.0,33.3,6.0,PASS_<20%,0.00,0.0,NO,STANDBY_VEL_LOW,0,0.00,4590.00,82.16,FALSE,M1_DIRECTION_MISMATCH|OPENING_SHIELD_ACTIVE_19s
2026-09-07 15:15:19.579,1788794119.579,5137,40,40,4414.05,4414.13,8.0,PASS_<=10c,-1.0,DOWN,-72.0,+108.0,4.2,+5.66,1.35,SLOW,4412.97,4414.86,4411.49,4414.79,0.00,0.00,0.0,BULLISH,337.0,4414.77,4414.84,4413.67,4414.05,19,ACTIVE_19s,117.0,72.0,7.0,38.0,6.0,32.5,6.0,PASS_<20%,0.00,0.0,NO,STANDBY_VEL_LOW,0,0.00,4590.00,82.16,FALSE,M1_DIRECTION_MISMATCH|OPENING_SHIELD_ACTIVE_19s
2026-09-07 15:15:20.080,1788794120.080,5138,41,41,4414.06,4414.14,8.0,PASS_<=10c,+1.0,UP,-71.0,+109.0,4.2,+5.87,1.40,SLOW,4412.97,4414.86,4411.49,4414.79,0.00,0.00,0.0,BULLISH,337.0,4414.77,4414.84,4413.67,4414.06,20,CLEARED_>=20s,117.0,71.0,7.0,39.0,6.0,33.3,6.0,PASS_<20%,0.00,0.0,NO,STANDBY_VEL_LOW,0,0.00,4590.00,82.16,FALSE,M1_DIRECTION_MISMATCH
2026-09-07 15:15:20.582,1788794120.583,5139,42,42,4414.10,4414.18,8.0,PASS_<=10c,+4.0,UP,-67.0,+113.0,4.2,+3.98,0.95,SLOW,4412.97,4414.86,4411.49,4414.79,0.00,0.00,0.0,BULLISH,337.0,4414.77,4414.84,4413.67,4414.10,20,CLEARED_>=20s,117.0,67.0,7.0,43.0,6.0,36.8,6.0,PASS_<20%,0.00,0.0,NO,STANDBY_VEL_LOW,0,0.00,4590.00,82.16,FALSE,M1_DIRECTION_MISMATCH
2026-09-07 15:15:21.084,1788794121.085,5140,43,43,4414.02,4414.10,8.0,PASS_<=10c,-8.0,DOWN,-75.0,+105.0,4.2,+2.52,0.60,SLOW,4412.97,4414.86,4411.49,4414.79,0.00,0.00,0.0,BULLISH,337.0,4414.77,4414.84,4413.67,4414.02,21,CLEARED_>=20s,117.0,75.0,7.0,35.0,6.0,29.9,6.0,PASS_<20%,0.00,0.0,NO,STANDBY_VEL_LOW,0,0.00,4590.00,82.16,FALSE,M1_DIRECTION_MISMATCH
2026-09-07 15:15:21.586,1788794121.587,5141,44,44,4413.91,4413.99,8.0,PASS_<=10c,-11.0,DOWN,-86.0,+94.0,4.2,+0.42,0.10,SLOW,4412.97,4414.86,4411.49,4414.79,0.00,0.00,0.0,BULLISH,337.0,4414.77,4414.84,4413.67,4413.91,21,CLEARED_>=20s,117.0,86.0,7.0,24.0,6.0,20.5,6.0,PASS_<20%,0.00,0.0,NO,STANDBY_VEL_LOW,0,0.00,4590.00,82.16,FALSE,M1_DIRECTION_MISMATCH
2026-09-07 15:15:22.088,1788794122.088,5142,45,45,4413.82,4413.90,8.0,PASS_<=10c,-9.0,DOWN,-95.0,+85.0,4.2,+1.89,0.45,SLOW,4412.97,4414.86,4411.49,4414.79,0.00,0.00,0.0,BULLISH,337.0,4414.77,4414.84,4413.67,4413.82,22,CLEARED_>=20s,117.0,95.0,7.0,15.0,6.0,12.8,6.0,PASS_<20%,0.00,0.0,NO,STANDBY_VEL_LOW,0,0.00,4590.00,82.16,FALSE,M1_DIRECTION_MISMATCH
2026-09-07 15:15:22.590,1788794122.590,5143,46,46,4413.83,4413.91,8.0,PASS_<=10c,+1.0,UP,-94.0,+86.0,4.2,+1.68,0.40,SLOW,4412.97,4414.86,4411.49,4414.79,0.00,0.00,0.0,BULLISH,337.0,4414.77,4414.84,4413.67,4413.83,22,CLEARED_>=20s,117.0,94.0,7.0,16.0,6.0,13.7,6.0,PASS_<20%,0.00,0.0,NO,STANDBY_VEL_LOW,0,0.00,4590.00,82.16,FALSE,M1_DIRECTION_MISMATCH
2026-09-07 15:15:23.092,1788794123.093,5144,47,47,4413.86,4413.94,8.0,PASS_<=10c,+3.0,UP,-91.0,+89.0,4.2,+1.47,0.35,SLOW,4412.97,4414.86,4411.49,4414.79,0.00,0.00,0.0,BULLISH,337.0,4414.77,4414.84,4413.67,4413.86,23,CLEARED_>=20s,117.0,91.0,7.0,19.0,6.0,16.2,6.0,PASS_<20%,0.00,0.0,NO,STANDBY_VEL_LOW,0,0.00,4590.00,82.16,FALSE,M1_DIRECTION_MISMATCH
2026-09-07 15:15:23.594,1788794123.595,5145,48,48,4413.87,4413.95,8.0,PASS_<=10c,+1.0,UP,-90.0,+90.0,4.2,+2.31,0.55,SLOW,4412.97,4414.86,4411.49,4414.79,0.00,0.00,0.0,BULLISH,337.0,4414.77,4414.84,4413.67,4413.87,23,CLEARED_>=20s,117.0,90.0,7.0,20.0,6.0,17.1,6.0,PASS_<20%,0.00,0.0,NO,STANDBY_VEL_LOW,0,0.00,4590.00,82.16,FALSE,M1_DIRECTION_MISMATCH
2026-09-07 15:15:24.096,1788794124.097,5146,49,49,4413.88,4413.96,8.0,PASS_<=10c,+1.0,UP,-89.0,+91.0,4.2,+3.77,0.90,SLOW,4412.97,4414.86,4411.49,4414.79,0.00,0.00,0.0,BULLISH,337.0,4414.77,4414.84,4413.67,4413.88,24,CLEARED_>=20s,117.0,89.0,7.0,21.0,6.0,17.9,6.0,PASS_<20%,0.00,0.0,NO,STANDBY_VEL_LOW,0,0.00,4590.00,82.16,FALSE,M1_DIRECTION_MISMATCH
2026-09-07 15:15:24.599,1788794124.599,5147,50,50,4414.04,4414.12,8.0,PASS_<=10c,+16.0,UP,-73.0,+107.0,4.2,+0.58,0.14,SLOW,4412.97,4414.86,4411.49,4414.79,0.00,0.00,0.0,BULLISH,337.0,4414.77,4414.84,4413.67,4414.04,24,CLEARED_>=20s,117.0,73.0,7.0,37.0,6.0,31.6,6.0,PASS_<20%,0.00,0.0,NO,STANDBY_VEL_LOW,0,0.00,4590.00,82.16,FALSE,M1_DIRECTION_MISMATCH
2026-09-07 15:15:25.102,1788794125.103,5148,51,51,4414.06,4414.14,8.0,PASS_<=10c,+2.0,UP,-71.0,+109.0,4.2,+0.62,0.15,SLOW,4412.97,4414.86,4411.49,4414.79,0.00,0.00,0.0,BULLISH,337.0,4414.77,4414.84,4413.67,4414.06,25,CLEARED_>=20s,117.0,71.0,7.0,39.0,6.0,33.3,6.0,PASS_<20%,0.00,0.0,NO,STANDBY_VEL_LOW,0,0.00,4590.00,82.16,FALSE,M1_DIRECTION_MISMATCH
2026-09-07 15:15:25.603,1788794125.603,5149,52,52,4414.06,4414.14,8.0,PASS_<=10c,+0.0,FLAT,-71.0,+109.0,4.2,+1.05,0.25,SLOW,4412.97,4414.86,4411.49,4414.79,0.00,0.00,0.0,BULLISH,337.0,4414.77,4414.84,4413.67,4414.06,25,CLEARED_>=20s,117.0,71.0,7.0,39.0,6.0,33.3,6.0,PASS_<20%,0.00,0.0,NO,STANDBY_VEL_LOW,0,0.00,4590.00,82.16,FALSE,M1_DIRECTION_MISMATCH
2026-09-07 15:15:26.105,1788794126.105,5150,53,53,4414.08,4414.16,8.0,PASS_<=10c,+2.0,UP,-69.0,+111.0,4.2,+3.14,0.75,SLOW,4412.97,4414.86,4411.49,4414.79,0.00,0.00,0.0,BULLISH,337.0,4414.77,4414.84,4413.67,4414.08,26,CLEARED_>=20s,117.0,69.0,7.0,41.0,6.0,35.0,6.0,PASS_<20%,0.00,0.0,NO,STANDBY_VEL_LOW,0,0.00,4590.00,82.16,FALSE,M1_DIRECTION_MISMATCH
2026-09-07 15:15:26.607,1788794126.607,5151,54,54,4414.06,4414.14,8.0,PASS_<=10c,-2.0,DOWN,-71.0,+109.0,4.2,+3.56,0.85,SLOW,4412.97,4414.86,4411.49,4414.79,0.00,0.00,0.0,BULLISH,337.0,4414.77,4414.84,4413.67,4414.06,26,CLEARED_>=20s,117.0,71.0,7.0,39.0,6.0,33.3,6.0,PASS_<20%,0.00,0.0,NO,STANDBY_VEL_LOW,0,0.00,4590.00,82.16,FALSE,M1_DIRECTION_MISMATCH
2026-09-07 15:15:27.108,1788794127.108,5152,55,55,4414.06,4414.14,8.0,PASS_<=10c,+0.0,FLAT,-71.0,+109.0,4.2,+4.61,1.10,SLOW,4412.97,4414.86,4411.49,4414.79,0.00,0.00,0.0,BULLISH,337.0,4414.77,4414.84,4413.67,4414.06,27,CLEARED_>=20s,117.0,71.0,7.0,39.0,6.0,33.3,6.0,PASS_<20%,0.00,0.0,NO,STANDBY_VEL_LOW,0,0.00,4590.00,82.16,FALSE,M1_DIRECTION_MISMATCH
2026-09-07 15:15:27.609,1788794127.609,5153,56,56,4414.13,4414.21,8.0,PASS_<=10c,+7.0,UP,-64.0,+116.0,4.2,+6.29,1.50,SLOW,4412.97,4414.86,4411.49,4414.79,0.00,0.00,0.0,BULLISH,337.0,4414.77,4414.84,4413.67,4414.13,27,CLEARED_>=20s,117.0,64.0,7.0,46.0,6.0,39.3,6.0,PASS_<20%,0.00,0.0,NO,STANDBY_VEL_LOW,0,0.00,4590.00,82.16,FALSE,M1_DIRECTION_MISMATCH
2026-09-07 15:15:28.110,1788794128.111,5154,57,57,4414.13,4414.21,8.0,PASS_<=10c,+0.0,FLAT,-64.0,+116.0,4.2,+5.66,1.35,SLOW,4412.97,4414.86,4411.49,4414.79,0.00,0.00,0.0,BULLISH,337.0,4414.77,4414.84,4413.67,4414.13,28,CLEARED_>=20s,117.0,64.0,7.0,46.0,6.0,39.3,6.0,PASS_<20%,0.00,0.0,NO,STANDBY_VEL_LOW,0,0.00,4590.00,82.16,FALSE,M1_DIRECTION_MISMATCH
2026-09-07 15:15:28.612,1788794128.613,5155,58,58,4414.15,4414.23,8.0,PASS_<=10c,+2.0,UP,-62.0,+118.0,4.2,+5.66,1.35,SLOW,4412.97,4414.86,4411.49,4414.79,0.00,0.00,0.0,BULLISH,337.0,4414.77,4414.84,4413.67,4414.15,28,CLEARED_>=20s,117.0,62.0,7.0,48.0,6.0,41.0,6.0,PASS_<20%,0.00,0.0,NO,STANDBY_VEL_LOW,0,0.00,4590.00,82.16,FALSE,M1_DIRECTION_MISMATCH
2026-09-07 15:15:29.114,1788794129.115,5156,59,59,4414.09,4414.17,8.0,PASS_<=10c,-6.0,DOWN,-68.0,+112.0,4.2,+1.05,0.25,SLOW,4412.97,4414.86,4411.49,4414.79,0.00,0.00,0.0,BULLISH,337.0,4414.77,4414.84,4413.67,4414.09,29,CLEARED_>=20s,117.0,68.0,7.0,42.0,6.0,35.9,6.0,PASS_<20%,0.00,0.0,NO,STANDBY_VEL_LOW,0,0.00,4590.00,82.16,FALSE,M1_DIRECTION_MISMATCH
2026-09-07 15:15:29.617,1788794129.617,5157,60,60,4414.07,4414.15,8.0,PASS_<=10c,-2.0,DOWN,-70.0,+110.0,4.2,+0.73,0.17,SLOW,4412.97,4414.86,4411.49,4414.79,0.00,0.00,0.0,BULLISH,337.0,4414.77,4414.84,4413.67,4414.07,29,CLEARED_>=20s,117.0,70.0,7.0,40.0,6.0,34.2,6.0,PASS_<20%,0.00,0.0,NO,STANDBY_VEL_LOW,0,0.00,4590.00,82.16,FALSE,M1_DIRECTION_MISMATCH
2026-09-07 15:15:30.118,1788794130.119,5158,61,61,4414.09,4414.17,8.0,PASS_<=10c,+2.0,UP,-68.0,+112.0,4.2,+0.65,0.15,SLOW,4412.97,4414.86,4411.49,4414.79,0.00,0.00,0.0,BULLISH,337.0,4414.77,4414.84,4413.67,4414.09,30,CLEARED_>=20s,117.0,68.0,7.0,42.0,6.0,35.9,6.0,PASS_<20%,0.00,0.0,NO,STANDBY_VEL_LOW,0,0.00,4590.00,82.16,FALSE,M1_DIRECTION_MISMATCH
2026-09-07 15:15:30.622,1788794130.622,5159,62,62,4414.09,4414.17,8.0,PASS_<=10c,+0.0,FLAT,-68.0,+112.0,4.2,+0.60,0.14,SLOW,4412.97,4414.86,4411.49,4414.79,0.00,0.00,0.0,BULLISH,337.0,4414.77,4414.84,4413.67,4414.09,30,CLEARED_>=20s,117.0,68.0,7.0,42.0,6.0,35.9,6.0,PASS_<20%,0.00,0.0,NO,STANDBY_VEL_LOW,0,0.00,4590.00,82.16,FALSE,M1_DIRECTION_MISMATCH
2026-09-07 15:15:31.122,1788794131.123,5160,63,63,4414.06,4414.14,8.0,PASS_<=10c,-3.0,DOWN,-71.0,+109.0,4.2,+0.42,0.10,SLOW,4412.97,4414.86,4411.49,4414.79,0.00,0.00,0.0,BULLISH,337.0,4414.77,4414.84,4413.67,4414.06,31,CLEARED_>=20s,117.0,71.0,7.0,39.0,6.0,33.3,6.0,PASS_<20%,0.00,0.0,NO,STANDBY_VEL_LOW,0,0.00,4590.00,82.16,FALSE,M1_DIRECTION_MISMATCH
2026-09-07 15:15:31.624,1788794131.624,5161,64,64,4414.06,4414.14,8.0,PASS_<=10c,+0.0,FLAT,-71.0,+109.0,4.2,+0.40,0.10,SLOW,4412.97,4414.86,4411.49,4414.79,0.00,0.00,0.0,BULLISH,337.0,4414.77,4414.84,4413.67,4414.06,31,CLEARED_>=20s,117.0,71.0,7.0,39.0,6.0,33.3,6.0,PASS_<20%,0.00,0.0,NO,STANDBY_VEL_LOW,0,0.00,4590.00,82.16,FALSE,M1_DIRECTION_MISMATCH
2026-09-07 15:15:32.125,1788794132.126,5162,65,65,4413.99,4414.07,8.0,PASS_<=10c,-7.0,DOWN,-78.0,+102.0,4.2,+2.10,0.50,SLOW,4412.97,4414.86,4411.49,4414.79,0.00,0.00,0.0,BULLISH,337.0,4414.77,4414.84,4413.67,4413.99,32,CLEARED_>=20s,117.0,78.0,7.0,32.0,6.0,27.4,6.0,PASS_<20%,0.00,0.0,NO,STANDBY_VEL_LOW,0,0.00,4590.00,82.16,FALSE,M1_DIRECTION_MISMATCH
2026-09-07 15:15:32.627,1788794132.627,5163,66,66,4413.99,4414.07,8.0,PASS_<=10c,+0.0,FLAT,-78.0,+102.0,4.2,+2.94,0.70,SLOW,4412.97,4414.86,4411.49,4414.79,0.00,0.00,0.0,BULLISH,337.0,4414.77,4414.84,4413.67,4413.99,32,CLEARED_>=20s,117.0,78.0,7.0,32.0,6.0,27.4,6.0,PASS_<20%,0.00,0.0,NO,STANDBY_VEL_LOW,0,0.00,4590.00,82.16,FALSE,M1_DIRECTION_MISMATCH
2026-09-07 15:15:33.128,1788794133.129,5164,67,67,4413.99,4414.07,8.0,PASS_<=10c,+0.0,FLAT,-78.0,+102.0,4.2,+3.36,0.80,SLOW,4412.97,4414.86,4411.49,4414.79,0.00,0.00,0.0,BULLISH,337.0,4414.77,4414.84,4413.67,4413.99,33,CLEARED_>=20s,117.0,78.0,7.0,32.0,6.0,27.4,6.0,PASS_<20%,0.00,0.0,NO,STANDBY_VEL_LOW,0,0.00,4590.00,82.16,FALSE,M1_DIRECTION_MISMATCH
2026-09-07 15:15:33.630,1788794133.631,5165,68,68,4413.99,4414.07,8.0,PASS_<=10c,+0.0,FLAT,-78.0,+102.0,4.2,+2.73,0.65,SLOW,4412.97,4414.86,4411.49,4414.79,0.00,0.00,0.0,BULLISH,337.0,4414.77,4414.84,4413.67,4413.99,33,CLEARED_>=20s,117.0,78.0,7.0,32.0,6.0,27.4,6.0,PASS_<20%,0.00,0.0,NO,STANDBY_VEL_LOW,0,0.00,4590.00,82.16,FALSE,M1_DIRECTION_MISMATCH
2026-09-07 15:15:34.132,1788794134.132,5166,69,69,4414.00,4414.08,8.0,PASS_<=10c,+1.0,UP,-77.0,+103.0,4.2,+1.89,0.45,SLOW,4412.97,4414.86,4411.49,4414.79,0.00,0.00,0.0,BULLISH,337.0,4414.77,4414.84,4413.67,4414.00,34,CLEARED_>=20s,117.0,77.0,7.0,33.0,6.0,28.2,6.0,PASS_<20%,0.00,0.0,NO,STANDBY_VEL_LOW,0,0.00,4590.00,82.16,FALSE,M1_DIRECTION_MISMATCH
2026-09-07 15:15:34.633,1788794134.634,5167,70,70,4414.00,4414.08,8.0,PASS_<=10c,+0.0,FLAT,-77.0,+103.0,4.2,+1.68,0.40,SLOW,4412.97,4414.86,4411.49,4414.79,0.00,0.00,0.0,BULLISH,337.0,4414.77,4414.84,4413.67,4414.00,34,CLEARED_>=20s,117.0,77.0,7.0,33.0,6.0,28.2,6.0,PASS_<20%,0.00,0.0,NO,STANDBY_VEL_LOW,0,0.00,4590.00,82.16,FALSE,M1_DIRECTION_MISMATCH
2026-09-07 15:15:35.135,1788794135.136,5168,71,71,4414.00,4414.08,8.0,PASS_<=10c,+0.0,FLAT,-77.0,+103.0,4.2,+1.89,0.45,SLOW,4412.97,4414.86,4411.49,4414.79,0.00,0.00,0.0,BULLISH,337.0,4414.77,4414.84,4413.67,4414.00,35,CLEARED_>=20s,117.0,77.0,7.0,33.0,6.0,28.2,6.0,PASS_<20%,0.00,0.0,NO,STANDBY_VEL_LOW,0,0.00,4590.00,82.16,FALSE,M1_DIRECTION_MISMATCH
2026-09-07 15:15:35.637,1788794135.638,5169,72,72,4414.01,4414.09,8.0,PASS_<=10c,+1.0,UP,-76.0,+104.0,4.2,+1.05,0.25,SLOW,4412.97,4414.86,4411.49,4414.79,0.00,0.00,0.0,BULLISH,337.0,4414.77,4414.84,4413.67,4414.01,35,CLEARED_>=20s,117.0,76.0,7.0,34.0,6.0,29.1,6.0,PASS_<20%,0.00,0.0,NO,STANDBY_VEL_LOW,0,0.00,4590.00,82.16,FALSE,M1_DIRECTION_MISMATCH
2026-09-07 15:15:36.139,1788794136.140,5170,73,73,4414.01,4414.09,8.0,PASS_<=10c,+0.0,FLAT,-76.0,+104.0,4.2,+1.05,0.25,SLOW,4412.97,4414.86,4411.49,4414.79,0.00,0.00,0.0,BULLISH,337.0,4414.77,4414.84,4413.67,4414.01,36,CLEARED_>=20s,117.0,76.0,7.0,34.0,6.0,29.1,6.0,PASS_<20%,0.00,0.0,NO,STANDBY_VEL_LOW,0,0.00,4590.00,82.16,FALSE,M1_DIRECTION_MISMATCH
2026-09-07 15:15:36.642,1788794136.642,5171,74,74,4414.03,4414.11,8.0,PASS_<=10c,+2.0,UP,-74.0,+106.0,4.2,+1.26,0.30,SLOW,4412.97,4414.86,4411.49,4414.79,0.00,0.00,0.0,BULLISH,337.0,4414.77,4414.84,4413.67,4414.03,36,CLEARED_>=20s,117.0,74.0,7.0,36.0,6.0,30.8,6.0,PASS_<20%,0.00,0.0,NO,STANDBY_VEL_LOW,0,0.00,4590.00,82.16,FALSE,M1_DIRECTION_MISMATCH
2026-09-07 15:15:37.143,1788794137.144,5172,75,75,4414.07,4414.15,8.0,PASS_<=10c,+4.0,UP,-70.0,+110.0,4.2,+1.68,0.40,SLOW,4412.97,4414.86,4411.49,4414.79,0.00,0.00,0.0,BULLISH,337.0,4414.77,4414.84,4413.67,4414.07,37,CLEARED_>=20s,117.0,70.0,7.0,40.0,6.0,34.2,6.0,PASS_<20%,0.00,0.0,NO,STANDBY_VEL_LOW,0,0.00,4590.00,82.16,FALSE,M1_DIRECTION_MISMATCH
2026-09-07 15:15:37.646,1788794137.646,5173,76,76,4414.09,4414.17,8.0,PASS_<=10c,+2.0,UP,-68.0,+112.0,4.2,+2.31,0.55,SLOW,4412.97,4414.86,4411.49,4414.79,0.00,0.00,0.0,BULLISH,337.0,4414.77,4414.84,4413.67,4414.09,37,CLEARED_>=20s,117.0,68.0,7.0,42.0,6.0,35.9,6.0,PASS_<20%,0.00,0.0,NO,STANDBY_VEL_LOW,0,0.00,4590.00,82.16,FALSE,M1_DIRECTION_MISMATCH
2026-09-07 15:15:38.148,1788794138.148,5174,77,77,4414.12,4414.20,8.0,PASS_<=10c,+3.0,UP,-65.0,+115.0,4.2,+2.73,0.65,SLOW,4412.97,4414.86,4411.49,4414.79,0.00,0.00,0.0,BULLISH,337.0,4414.77,4414.84,4413.67,4414.12,38,CLEARED_>=20s,117.0,65.0,7.0,45.0,6.0,38.5,6.0,PASS_<20%,0.00,0.0,NO,STANDBY_VEL_LOW,0,0.00,4590.00,82.16,FALSE,M1_DIRECTION_MISMATCH
2026-09-07 15:15:38.649,1788794138.650,5175,78,78,4414.10,4414.18,8.0,PASS_<=10c,-2.0,DOWN,-67.0,+113.0,4.2,+2.31,0.55,SLOW,4412.97,4414.86,4411.49,4414.79,0.00,0.00,0.0,BULLISH,337.0,4414.77,4414.84,4413.67,4414.10,38,CLEARED_>=20s,117.0,67.0,7.0,43.0,6.0,36.8,6.0,PASS_<20%,0.00,0.0,NO,STANDBY_VEL_LOW,0,0.00,4590.00,82.16,FALSE,M1_DIRECTION_MISMATCH
2026-09-07 15:15:39.151,1788794139.152,5176,79,79,4414.23,4414.31,8.0,PASS_<=10c,+13.0,UP,-54.0,+126.0,4.2,+4.82,1.15,SLOW,4412.97,4414.86,4411.49,4414.79,0.00,0.00,0.0,BULLISH,337.0,4414.77,4414.84,4413.67,4414.23,39,CLEARED_>=20s,117.0,54.0,7.0,56.0,6.0,47.9,6.0,PASS_<20%,0.00,0.0,NO,STANDBY_VEL_LOW,0,0.00,4590.00,82.16,FALSE,M1_DIRECTION_MISMATCH
2026-09-07 15:15:39.653,1788794139.654,5177,80,80,4414.28,4414.36,8.0,PASS_<=10c,+5.0,UP,-49.0,+131.0,4.2,+5.87,1.40,SLOW,4412.97,4414.86,4411.49,4414.79,0.00,0.00,0.0,BULLISH,337.0,4414.77,4414.84,4413.67,4414.28,39,CLEARED_>=20s,117.0,49.0,7.0,61.0,6.0,52.1,6.0,PASS_<20%,0.00,0.0,NO,STANDBY_VEL_LOW,0,0.00,4590.00,82.16,FALSE,M1_DIRECTION_MISMATCH
2026-09-07 15:15:40.156,1788794140.156,5178,81,81,4414.42,4414.50,8.0,PASS_<=10c,+14.0,UP,-35.0,+145.0,4.2,+8.81,2.10,SLOW,4412.97,4414.86,4411.49,4414.79,0.00,0.00,0.0,BULLISH,337.0,4414.77,4414.84,4413.67,4414.42,40,CLEARED_>=20s,117.0,35.0,7.0,75.0,6.0,64.1,6.0,PASS_<20%,0.00,0.0,NO,STANDBY_VEL_LOW,0,0.00,4590.00,82.16,FALSE,M1_DIRECTION_MISMATCH
2026-09-07 15:15:40.658,1788794140.658,5179,82,82,4414.52,4414.60,8.0,PASS_<=10c,+10.0,UP,-25.0,+155.0,4.2,+10.69,2.55,SLOW,4412.97,4414.86,4411.49,4414.79,0.00,0.00,0.0,BULLISH,337.0,4414.77,4414.84,4413.67,4414.52,40,CLEARED_>=20s,117.0,25.0,7.0,85.0,6.0,72.6,6.0,PASS_<20%,0.00,0.0,NO,STANDBY_VEL_LOW,0,0.00,4590.00,82.16,FALSE,M1_DIRECTION_MISMATCH
2026-09-07 15:15:41.159,1788794141.160,5180,83,83,4414.70,4414.78,8.0,PASS_<=10c,+18.0,UP,-7.0,+173.0,4.2,+14.47,3.45,SLOW,4412.97,4414.86,4411.49,4414.79,0.00,0.00,0.0,BULLISH,337.0,4414.77,4414.84,4413.67,4414.70,41,CLEARED_>=20s,117.0,7.0,7.0,103.0,6.0,88.0,6.0,PASS_<20%,0.00,0.0,NO,STANDBY_VEL_LOW,0,0.00,4590.00,82.16,FALSE,M1_DIRECTION_MISMATCH
2026-09-07 15:15:41.661,1788794141.662,5181,84,84,4414.75,4414.83,8.0,PASS_<=10c,+5.0,UP,-2.0,+178.0,4.2,+14.89,3.55,SLOW,4412.97,4414.86,4411.49,4414.79,0.00,0.00,0.0,BULLISH,337.0,4414.77,4414.84,4413.67,4414.75,41,CLEARED_>=20s,117.0,2.0,7.0,108.0,6.0,92.3,6.0,PASS_<20%,0.00,0.0,NO,STANDBY_VEL_LOW,0,0.00,4590.00,82.16,FALSE,M1_DIRECTION_MISMATCH
2026-09-07 15:15:42.163,1788794142.164,5182,85,85,4414.75,4414.83,8.0,PASS_<=10c,+0.0,FLAT,-2.0,+178.0,4.2,+14.05,3.35,SLOW,4412.97,4414.86,4411.49,4414.79,0.00,0.00,0.0,BULLISH,337.0,4414.77,4414.84,4413.67,4414.75,42,CLEARED_>=20s,117.0,2.0,7.0,108.0,6.0,92.3,6.0,PASS_<20%,0.00,0.0,NO,STANDBY_VEL_LOW,0,0.00,4590.00,82.16,FALSE,M1_DIRECTION_MISMATCH
2026-09-07 15:15:42.664,1788794142.665,5183,86,86,4414.70,4414.78,8.0,PASS_<=10c,-5.0,DOWN,-7.0,+173.0,4.2,+12.80,3.05,SLOW,4412.97,4414.86,4411.49,4414.79,0.00,0.00,0.0,BULLISH,337.0,4414.77,4414.84,4413.67,4414.70,42,CLEARED_>=20s,117.0,7.0,7.0,103.0,6.0,88.0,6.0,PASS_<20%,0.00,0.0,NO,STANDBY_VEL_LOW,0,0.00,4590.00,82.16,FALSE,M1_DIRECTION_MISMATCH
2026-09-07 15:15:43.165,1788794143.165,5184,87,87,4414.63,4414.71,8.0,PASS_<=10c,-7.0,DOWN,-14.0,+166.0,4.2,+10.28,2.45,SLOW,4412.97,4414.86,4411.49,4414.79,0.00,0.00,0.0,BULLISH,337.0,4414.77,4414.84,4413.67,4414.63,43,CLEARED_>=20s,117.0,14.0,7.0,96.0,6.0,82.1,6.0,PASS_<20%,0.00,0.0,NO,STANDBY_VEL_LOW,0,0.00,4590.00,82.16,FALSE,M1_DIRECTION_MISMATCH
2026-09-07 15:15:43.668,1788794143.669,5185,88,88,4414.65,4414.73,8.0,PASS_<=10c,+2.0,UP,-12.0,+168.0,4.2,+10.70,2.55,SLOW,4412.97,4414.86,4411.49,4414.79,0.00,0.00,0.0,BULLISH,337.0,4414.77,4414.84,4413.67,4414.65,43,CLEARED_>=20s,117.0,12.0,7.0,98.0,6.0,83.8,6.0,PASS_<20%,0.00,0.0,NO,STANDBY_VEL_LOW,0,0.00,4590.00,82.16,FALSE,M1_DIRECTION_MISMATCH
2026-09-07 15:15:44.168,1788794144.169,5186,89,89,4414.67,4414.75,8.0,PASS_<=10c,+2.0,UP,-10.0,+170.0,4.2,+8.60,2.05,SLOW,4412.97,4414.86,4411.49,4414.79,0.00,0.00,0.0,BULLISH,337.0,4414.77,4414.84,4413.67,4414.67,44,CLEARED_>=20s,117.0,10.0,7.0,100.0,6.0,85.5,6.0,PASS_<20%,0.00,0.0,NO,STANDBY_VEL_LOW,0,0.00,4590.00,82.16,FALSE,M1_DIRECTION_MISMATCH
2026-09-07 15:15:44.670,1788794144.670,5187,90,90,4414.76,4414.84,8.0,PASS_<=10c,+9.0,UP,-1.0,+179.0,4.2,+10.28,2.45,SLOW,4412.97,4414.86,4411.49,4414.79,0.00,0.00,0.0,BULLISH,337.0,4414.77,4414.84,4413.67,4414.76,44,CLEARED_>=20s,117.0,1.0,7.0,109.0,6.0,93.2,6.0,PASS_<20%,0.00,0.0,NO,STANDBY_VEL_LOW,0,0.00,4590.00,82.16,FALSE,M1_DIRECTION_MISMATCH
2026-09-07 15:15:45.172,1788794145.173,5188,91,91,4414.72,4414.80,8.0,PASS_<=10c,-4.0,DOWN,-5.0,+175.0,4.2,+4.62,1.10,SLOW,4412.97,4414.86,4411.49,4414.79,0.00,0.00,0.0,BULLISH,337.0,4414.77,4414.84,4413.67,4414.72,45,CLEARED_>=20s,117.0,5.0,7.0,105.0,6.0,89.7,6.0,PASS_<20%,0.00,0.0,NO,STANDBY_VEL_LOW,0,0.00,4590.00,82.16,FALSE,M1_DIRECTION_MISMATCH
2026-09-07 15:15:45.673,1788794145.674,5189,92,92,4414.74,4414.82,8.0,PASS_<=10c,+2.0,UP,-3.0,+177.0,4.2,+4.20,1.00,SLOW,4412.97,4414.86,4411.49,4414.79,0.00,0.00,0.0,BULLISH,337.0,4414.77,4414.84,4413.67,4414.74,45,CLEARED_>=20s,117.0,3.0,7.0,107.0,6.0,91.5,6.0,PASS_<20%,0.00,0.0,NO,STANDBY_VEL_LOW,0,0.00,4590.00,82.16,FALSE,M1_DIRECTION_MISMATCH
2026-09-07 15:15:46.174,1788794146.175,5190,93,93,4414.75,4414.83,8.0,PASS_<=10c,+1.0,UP,-2.0,+178.0,4.2,+0.84,0.20,SLOW,4412.97,4414.86,4411.49,4414.79,0.00,0.00,0.0,BULLISH,337.0,4414.77,4414.84,4413.67,4414.75,46,CLEARED_>=20s,117.0,2.0,7.0,108.0,6.0,92.3,6.0,PASS_<20%,0.00,0.0,NO,STANDBY_VEL_LOW,0,0.00,4590.00,82.16,FALSE,M1_DIRECTION_MISMATCH
2026-09-07 15:15:46.675,1788794146.675,5191,94,94,4414.76,4414.84,8.0,PASS_<=10c,+1.0,UP,-1.0,+179.0,4.2,+0.37,0.09,SLOW,4412.97,4414.86,4411.49,4414.79,0.00,0.00,0.0,BULLISH,337.0,4414.77,4414.84,4413.67,4414.76,46,CLEARED_>=20s,117.0,1.0,7.0,109.0,6.0,93.2,6.0,PASS_<20%,0.00,0.0,NO,STANDBY_VEL_LOW,0,0.00,4590.00,82.16,FALSE,M1_DIRECTION_MISMATCH
2026-09-07 15:15:47.176,1788794147.176,5192,95,95,4414.76,4414.84,8.0,PASS_<=10c,+0.0,FLAT,-1.0,+179.0,4.2,+0.42,0.10,SLOW,4412.97,4414.86,4411.49,4414.79,0.00,0.00,0.0,BULLISH,337.0,4414.77,4414.84,4413.67,4414.76,47,CLEARED_>=20s,117.0,1.0,7.0,109.0,6.0,93.2,6.0,PASS_<20%,0.00,0.0,NO,STANDBY_VEL_LOW,0,0.00,4590.00,82.16,FALSE,M1_DIRECTION_MISMATCH
2026-09-07 15:15:47.677,1788794147.678,5193,96,96,4414.74,4414.82,8.0,PASS_<=10c,-2.0,DOWN,-3.0,+177.0,4.2,+0.63,0.15,SLOW,4412.97,4414.86,4411.49,4414.79,0.00,0.00,0.0,BULLISH,337.0,4414.77,4414.84,4413.67,4414.74,47,CLEARED_>=20s,117.0,3.0,7.0,107.0,6.0,91.5,6.0,PASS_<20%,0.00,0.0,NO,STANDBY_VEL_LOW,0,0.00,4590.00,82.16,FALSE,M1_DIRECTION_MISMATCH
2026-09-07 15:15:48.179,1788794148.179,5194,97,97,4414.71,4414.79,8.0,PASS_<=10c,-3.0,DOWN,-6.0,+174.0,4.2,+1.68,0.40,SLOW,4412.97,4414.86,4411.49,4414.79,0.00,0.00,0.0,BULLISH,337.0,4414.77,4414.84,4413.67,4414.71,48,CLEARED_>=20s,117.0,6.0,7.0,104.0,6.0,88.9,6.0,PASS_<20%,0.00,0.0,NO,STANDBY_VEL_LOW,0,0.00,4590.00,82.16,FALSE,M1_DIRECTION_MISMATCH
2026-09-07 15:15:48.680,1788794148.681,5195,98,98,4414.73,4414.81,8.0,PASS_<=10c,+2.0,UP,-4.0,+176.0,4.2,+1.26,0.30,SLOW,4412.97,4414.86,4411.49,4414.79,0.00,0.00,0.0,BULLISH,337.0,4414.77,4414.84,4413.67,4414.73,48,CLEARED_>=20s,117.0,4.0,7.0,106.0,6.0,90.6,6.0,PASS_<20%,0.00,0.0,NO,STANDBY_VEL_LOW,0,0.00,4590.00,82.16,FALSE,M1_DIRECTION_MISMATCH
2026-09-07 15:15:49.182,1788794149.182,5196,99,99,4414.74,4414.82,8.0,PASS_<=10c,+1.0,UP,-3.0,+177.0,4.2,+0.42,0.10,SLOW,4412.97,4414.86,4411.49,4414.79,0.00,0.00,0.0,BULLISH,337.0,4414.77,4414.84,4413.67,4414.74,49,CLEARED_>=20s,117.0,3.0,7.0,107.0,6.0,91.5,6.0,PASS_<20%,0.00,0.0,NO,STANDBY_VEL_LOW,0,0.00,4590.00,82.16,FALSE,M1_DIRECTION_MISMATCH
2026-09-07 15:15:49.684,1788794149.685,5197,100,100,4414.85,4414.93,8.0,PASS_<=10c,+11.0,UP,+8.0,+188.0,4.2,+3.36,0.80,SLOW,4412.97,4414.86,4411.49,4414.79,0.00,0.00,0.0,BULLISH,337.0,4414.77,4414.85,4413.67,4414.85,49,CLEARED_>=20s,118.0,8.0,0.0,110.0,0.0,93.2,0.0,PASS_<20%,4414.92,7.0,YES,STANDBY_VEL_LOW,0,0.00,4590.00,82.16,TRUE,READY_TO_FIRE
2026-09-07 15:15:54.562,1788794154.563,5198,101,101,4414.93,4415.01,8.0,PASS_<=10c,+8.0,UP,+16.0,+196.0,3.7,+1.64,0.44,SLOW,4412.97,4414.86,4411.49,4414.79,0.00,0.00,0.0,BULLISH,337.0,4414.77,4414.93,4413.67,4414.93,54,CLEARED_>=20s,126.0,16.0,0.0,110.0,0.0,87.3,0.0,PASS_<20%,4414.92,1.0,YES,STANDBY_VEL_LOW,1,4414.93,175.07,82.16,TRUE,READY_TO_FIRE
2026-09-07 15:15:55.064,1788794155.064,5199,102,102,4414.92,4415.00,8.0,PASS_<=10c,-1.0,DOWN,+15.0,+195.0,4.0,+1.00,0.25,SLOW,4412.97,4414.86,4411.49,4414.79,0.00,0.00,0.0,BULLISH,337.0,4414.77,4414.93,4413.67,4414.92,55,CLEARED_>=20s,126.0,15.0,1.0,110.0,0.8,87.3,0.8,PASS_<20%,4414.92,0.0,YES,STANDBY_VEL_LOW,1,4414.93,175.07,82.16,TRUE,READY_TO_FIRE
2026-09-07 15:15:55.566,1788794155.566,5200,103,103,4414.87,4414.95,8.0,PASS_<=10c,-5.0,DOWN,+10.0,+190.0,4.7,+4.71,1.00,SLOW,4412.97,4414.86,4411.49,4414.79,0.00,0.00,0.0,BULLISH,337.0,4414.77,4414.93,4413.67,4414.87,55,CLEARED_>=20s,126.0,10.0,6.0,110.0,4.8,87.3,4.8,PASS_<20%,4414.92,5.0,YES,STANDBY_VEL_LOW,1,4414.93,175.07,82.16,TRUE,READY_TO_FIRE
2026-09-07 15:15:56.068,1788794156.068,5201,104,104,4414.87,4414.95,8.0,PASS_<=10c,+0.0,FLAT,+10.0,+190.0,4.5,+3.38,0.75,SLOW,4412.97,4414.86,4411.49,4414.79,0.00,0.00,0.0,BULLISH,337.0,4414.77,4414.93,4413.67,4414.87,56,CLEARED_>=20s,126.0,10.0,6.0,110.0,4.8,87.3,4.8,PASS_<20%,4414.92,5.0,YES,STANDBY_VEL_LOW,0,0.00,4590.00,80.26,TRUE,READY_TO_FIRE
2026-09-07 15:15:56.570,1788794156.571,5202,105,105,4414.87,4414.95,8.0,PASS_<=10c,+0.0,FLAT,+10.0,+190.0,4.4,+2.63,0.60,SLOW,4412.97,4414.86,4411.49,4414.79,0.00,0.00,0.0,BULLISH,337.0,4414.77,4414.93,4413.67,4414.87,56,CLEARED_>=20s,126.0,10.0,6.0,110.0,4.8,87.3,4.8,PASS_<20%,4414.92,5.0,YES,STANDBY_VEL_LOW,0,0.00,4590.00,80.26,TRUE,READY_TO_FIRE
2026-09-07 15:15:57.072,1788794157.073,5203,106,106,4414.87,4414.95,8.0,PASS_<=10c,+0.0,FLAT,+10.0,+190.0,4.3,+2.16,0.50,SLOW,4412.97,4414.86,4411.49,4414.79,0.00,0.00,0.0,BULLISH,337.0,4414.77,4414.93,4413.67,4414.87,57,CLEARED_>=20s,126.0,10.0,6.0,110.0,4.8,87.3,4.8,PASS_<20%,4414.92,5.0,YES,STANDBY_VEL_LOW,0,0.00,4590.00,80.26,TRUE,READY_TO_FIRE
2026-09-07 15:15:57.574,1788794157.574,5204,107,107,4414.87,4414.95,8.0,PASS_<=10c,+0.0,FLAT,+10.0,+190.0,4.3,+1.83,0.43,SLOW,4412.97,4414.86,4411.49,4414.79,0.00,0.00,0.0,BULLISH,337.0,4414.77,4414.93,4413.67,4414.87,57,CLEARED_>=20s,126.0,10.0,6.0,110.0,4.8,87.3,4.8,PASS_<20%,4414.92,5.0,YES,STANDBY_VEL_LOW,0,0.00,4590.00,80.26,TRUE,READY_TO_FIRE
2026-09-07 15:15:58.075,1788794158.076,5205,108,108,4414.87,4414.95,8.0,PASS_<=10c,+0.0,FLAT,+10.0,+190.0,4.2,+1.59,0.38,SLOW,4412.97,4414.86,4411.49,4414.79,0.00,0.00,0.0,BULLISH,337.0,4414.77,4414.93,4413.67,4414.87,58,CLEARED_>=20s,126.0,10.0,6.0,110.0,4.8,87.3,4.8,PASS_<20%,4414.92,5.0,YES,STANDBY_VEL_LOW,0,0.00,4590.00,80.26,TRUE,READY_TO_FIRE
2026-09-07 15:15:58.577,1788794158.577,5206,109,109,4414.87,4414.95,8.0,PASS_<=10c,+0.0,FLAT,+10.0,+190.0,4.2,+1.40,0.33,SLOW,4412.97,4414.86,4411.49,4414.79,0.00,0.00,0.0,BULLISH,337.0,4414.77,4414.93,4413.67,4414.87,58,CLEARED_>=20s,126.0,10.0,6.0,110.0,4.8,87.3,4.8,PASS_<20%,4414.92,5.0,YES,STANDBY_VEL_LOW,0,0.00,4590.00,80.26,TRUE,READY_TO_FIRE
2026-09-07 15:15:59.078,1788794159.079,5207,110,110,4414.90,4414.98,8.0,PASS_<=10c,+3.0,UP,+13.0,+193.0,4.2,+0.63,0.15,SLOW,4412.97,4414.86,4411.49,4414.79,0.00,0.00,0.0,BULLISH,337.0,4414.77,4414.93,4413.67,4414.90,59,CLEARED_>=20s,126.0,13.0,3.0,110.0,2.4,87.3,2.4,PASS_<20%,4414.92,2.0,YES,STANDBY_VEL_LOW,0,0.00,4590.00,80.26,TRUE,READY_TO_FIRE
2026-09-07 15:15:59.580,1788794159.581,5208,111,111,4414.90,4414.98,8.0,PASS_<=10c,+0.0,FLAT,+13.0,+193.0,4.2,+0.42,0.10,SLOW,4412.97,4414.86,4411.49,4414.79,0.00,0.00,0.0,BULLISH,337.0,4414.77,4414.93,4413.67,4414.90,59,CLEARED_>=20s,126.0,13.0,3.0,110.0,2.4,87.3,2.4,PASS_<20%,4414.92,2.0,YES,STANDBY_VEL_LOW,0,0.00,4590.00,80.26,TRUE,READY_TO_FIRE
2026-09-07 15:16:00.081,1788794160.082,5209,1,112,4414.95,4415.03,8.0,PASS_<=10c,+5.0,UP,+0.0,+198.0,4.2,+1.68,0.40,SLOW,4412.97,4414.86,4411.49,4414.79,0.00,0.00,0.0,BULLISH,337.0,4414.95,4414.95,4414.95,4414.95,0,ACTIVE_0s,1.0,0.0,0.0,0.0,0.0,0.0,0.0,PASS_<20%,0.00,0.0,NO,STANDBY_VEL_LOW,0,0.00,4590.00,80.26,FALSE,M1_DIRECTION_MISMATCH|OPENING_SHIELD_ACTIVE_0s
2026-09-07 15:16:00.583,1788794160.583,5210,2,113,4414.97,4415.05,8.0,PASS_<=10c,+2.0,UP,+2.0,+200.0,4.2,+2.10,0.50,SLOW,4412.97,4414.86,4411.49,4414.79,0.00,0.00,0.0,BULLISH,337.0,4414.95,4414.97,4414.95,4414.97,0,ACTIVE_0s,2.0,2.0,0.0,0.0,0.0,0.0,0.0,PASS_<20%,4415.10,13.0,NO,STANDBY_VEL_LOW,0,0.00,4590.00,80.26,FALSE,OPENING_SHIELD_ACTIVE_0s|PRICE_BELOW_15C_DISPLACEMENT
2026-09-07 15:16:01.085,1788794161.085,5211,3,114,4414.85,4414.93,8.0,PASS_<=10c,-12.0,DOWN,-10.0,+188.0,4.2,+0.84,0.20,SLOW,4412.97,4414.86,4411.49,4414.79,0.00,0.00,0.0,BULLISH,337.0,4414.95,4414.97,4414.83,4414.85,1,ACTIVE_1s,14.0,10.0,2.0,2.0,14.3,14.3,14.3,PASS_<20%,0.00,0.0,NO,STANDBY_VEL_LOW,0,0.00,4590.00,80.26,FALSE,M1_DIRECTION_MISMATCH|OPENING_SHIELD_ACTIVE_1s
2026-09-07 15:16:01.585,1788794161.586,5212,4,115,4414.84,4414.92,8.0,PASS_<=10c,-1.0,DOWN,-11.0,+187.0,4.2,+0.63,0.15,SLOW,4412.97,4414.86,4411.49,4414.79,0.00,0.00,0.0,BULLISH,337.0,4414.95,4414.97,4414.83,4414.84,1,ACTIVE_1s,14.0,11.0,2.0,1.0,14.3,7.1,14.3,PASS_<20%,0.00,0.0,NO,STANDBY_VEL_LOW,0,0.00,4590.00,80.26,FALSE,M1_DIRECTION_MISMATCH|OPENING_SHIELD_ACTIVE_1s
2026-09-07 15:16:02.087,1788794162.087,5213,5,116,4414.77,4414.85,8.0,PASS_<=10c,-7.0,DOWN,-18.0,+180.0,4.2,+2.10,0.50,SLOW,4412.97,4414.86,4411.49,4414.79,0.00,0.00,0.0,BULLISH,337.0,4414.95,4414.97,4414.76,4414.77,2,ACTIVE_2s,21.0,18.0,2.0,1.0,9.5,4.8,9.5,PASS_<20%,0.00,0.0,NO,STANDBY_VEL_LOW,0,0.00,4590.00,80.26,FALSE,M1_DIRECTION_MISMATCH|OPENING_SHIELD_ACTIVE_2s
2026-09-07 15:16:02.588,1788794162.589,5214,6,117,4414.86,4414.94,8.0,PASS_<=10c,+9.0,UP,-9.0,+189.0,4.2,+0.23,0.05,SLOW,4412.97,4414.86,4411.49,4414.79,0.00,0.00,0.0,BULLISH,337.0,4414.95,4414.97,4414.76,4414.86,2,ACTIVE_2s,21.0,9.0,2.0,10.0,9.5,47.6,9.5,PASS_<20%,0.00,0.0,NO,STANDBY_VEL_LOW,0,0.00,4590.00,80.26,FALSE,M1_DIRECTION_MISMATCH|OPENING_SHIELD_ACTIVE_2s
2026-09-07 15:16:03.090,1788794163.090,5215,7,118,4414.82,4414.90,8.0,PASS_<=10c,-4.0,DOWN,-13.0,+185.0,4.2,+1.05,0.25,SLOW,4412.97,4414.86,4411.49,4414.79,0.00,0.00,0.0,BULLISH,337.0,4414.95,4414.97,4414.76,4414.82,3,ACTIVE_3s,21.0,13.0,2.0,6.0,9.5,28.6,9.5,PASS_<20%,0.00,0.0,NO,STANDBY_VEL_LOW,0,0.00,4590.00,80.26,FALSE,M1_DIRECTION_MISMATCH|OPENING_SHIELD_ACTIVE_3s
2026-09-07 15:16:03.591,1788794163.592,5216,8,119,4414.73,4414.81,8.0,PASS_<=10c,-9.0,DOWN,-22.0,+176.0,4.2,+2.94,0.70,SLOW,4412.97,4414.86,4411.49,4414.79,0.00,0.00,0.0,BULLISH,337.0,4414.95,4414.97,4414.73,4414.73,3,ACTIVE_3s,24.0,22.0,2.0,0.0,8.3,0.0,8.3,PASS_<20%,0.00,0.0,NO,STANDBY_VEL_LOW,0,0.00,4590.00,80.26,FALSE,M1_DIRECTION_MISMATCH|OPENING_SHIELD_ACTIVE_3s
2026-09-07 15:16:04.094,1788794164.094,5217,9,120,4414.61,4414.69,8.0,PASS_<=10c,-12.0,DOWN,-34.0,+164.0,4.2,+6.09,1.45,SLOW,4412.97,4414.86,4411.49,4414.79,0.00,0.00,0.0,BULLISH,337.0,4414.95,4414.97,4414.61,4414.61,4,ACTIVE_4s,36.0,34.0,2.0,0.0,5.6,0.0,5.6,PASS_<20%,0.00,0.0,NO,STANDBY_VEL_LOW,0,0.00,4590.00,80.26,FALSE,M1_DIRECTION_MISMATCH|OPENING_SHIELD_ACTIVE_4s
2026-09-07 15:16:04.595,1788794164.595,5218,10,121,4414.60,4414.68,8.0,PASS_<=10c,-1.0,DOWN,-35.0,+163.0,4.2,+6.30,1.50,SLOW,4412.97,4414.86,4411.49,4414.79,0.00,0.00,0.0,BULLISH,337.0,4414.95,4414.97,4414.60,4414.60,4,ACTIVE_4s,37.0,35.0,2.0,0.0,5.4,0.0,5.4,PASS_<20%,0.00,0.0,NO,STANDBY_VEL_LOW,0,0.00,4590.00,80.26,FALSE,M1_DIRECTION_MISMATCH|OPENING_SHIELD_ACTIVE_4s
2026-09-07 15:16:05.096,1788794165.096,5219,11,122,4414.67,4414.75,8.0,PASS_<=10c,+7.0,UP,-28.0,+170.0,4.2,+5.88,1.40,SLOW,4412.97,4414.86,4411.49,4414.79,0.00,0.00,0.0,BULLISH,337.0,4414.95,4414.97,4414.60,4414.67,5,ACTIVE_5s,37.0,28.0,2.0,7.0,5.4,18.9,5.4,PASS_<20%,0.00,0.0,NO,STANDBY_VEL_LOW,0,0.00,4590.00,80.26,FALSE,M1_DIRECTION_MISMATCH|OPENING_SHIELD_ACTIVE_5s
2026-09-07 15:16:05.597,1788794165.598,5220,12,123,4414.92,4415.00,8.0,PASS_<=10c,+25.0,UP,-3.0,+195.0,4.2,+1.89,0.45,SLOW,4412.97,4414.86,4411.49,4414.79,0.00,0.00,0.0,BULLISH,337.0,4414.95,4414.97,4414.60,4414.92,5,ACTIVE_5s,37.0,3.0,2.0,32.0,5.4,86.5,5.4,PASS_<20%,0.00,0.0,NO,STANDBY_VEL_LOW,0,0.00,4590.00,80.26,FALSE,M1_DIRECTION_MISMATCH|OPENING_SHIELD_ACTIVE_5s
2026-09-07 15:16:06.099,1788794166.099,5221,13,124,4414.97,4415.05,8.0,PASS_<=10c,+5.0,UP,+2.0,+200.0,4.2,+2.73,0.65,SLOW,4412.97,4414.86,4411.49,4414.79,0.00,0.00,0.0,BULLISH,337.0,4414.95,4414.97,4414.60,4414.97,6,ACTIVE_6s,37.0,2.0,0.0,35.0,0.0,94.6,0.0,PASS_<20%,4415.10,13.0,NO,STANDBY_VEL_LOW,0,0.00,4590.00,80.26,FALSE,OPENING_SHIELD_ACTIVE_6s|PRICE_BELOW_15C_DISPLACEMENT
2026-09-07 15:16:06.601,1788794166.602,5222,14,125,4414.99,4415.07,8.0,PASS_<=10c,+2.0,UP,+4.0,+202.0,4.2,+4.83,1.15,SLOW,4412.97,4414.86,4411.49,4414.79,0.00,0.00,0.0,BULLISH,337.0,4414.95,4414.99,4414.60,4414.99,6,ACTIVE_6s,39.0,4.0,0.0,35.0,0.0,89.7,0.0,PASS_<20%,4415.10,11.0,NO,STANDBY_VEL_LOW,0,0.00,4590.00,80.26,FALSE,OPENING_SHIELD_ACTIVE_6s|PRICE_BELOW_15C_DISPLACEMENT
2026-09-07 15:16:07.103,1788794167.103,5223,15,126,4414.99,4415.07,8.0,PASS_<=10c,+0.0,FLAT,+4.0,+202.0,4.2,+2.73,0.65,SLOW,4412.97,4414.86,4411.49,4414.79,0.00,0.00,0.0,BULLISH,337.0,4414.95,4414.99,4414.60,4414.99,7,ACTIVE_7s,39.0,4.0,0.0,35.0,0.0,89.7,0.0,PASS_<20%,4415.10,11.0,NO,STANDBY_VEL_LOW,0,0.00,4590.00,80.26,FALSE,OPENING_SHIELD_ACTIVE_7s|PRICE_BELOW_15C_DISPLACEMENT
2026-09-07 15:16:07.605,1788794167.606,5224,16,127,4415.00,4415.08,8.0,PASS_<=10c,+1.0,UP,+5.0,+203.0,4.2,+2.94,0.70,SLOW,4412.97,4414.86,4411.49,4414.79,0.00,0.00,0.0,BULLISH,337.0,4414.95,4415.00,4414.60,4415.00,7,ACTIVE_7s,40.0,5.0,0.0,35.0,0.0,87.5,0.0,PASS_<20%,4415.10,10.0,NO,STANDBY_VEL_LOW,0,0.00,4590.00,80.26,FALSE,OPENING_SHIELD_ACTIVE_7s|PRICE_BELOW_15C_DISPLACEMENT
2026-09-07 15:16:08.107,1788794168.107,5225,17,128,4414.99,4415.07,8.0,PASS_<=10c,-1.0,DOWN,+4.0,+202.0,4.2,+5.46,1.30,SLOW,4412.97,4414.86,4411.49,4414.79,0.00,0.00,0.0,BULLISH,337.0,4414.95,4415.00,4414.60,4414.99,8,ACTIVE_8s,40.0,4.0,1.0,35.0,2.5,87.5,2.5,PASS_<20%,4415.10,11.0,NO,STANDBY_VEL_LOW,0,0.00,4590.00,80.26,FALSE,OPENING_SHIELD_ACTIVE_8s|PRICE_BELOW_15C_DISPLACEMENT
2026-09-07 15:16:08.608,1788794168.609,5226,18,129,4414.99,4415.07,8.0,PASS_<=10c,+0.0,FLAT,+4.0,+202.0,4.2,+5.46,1.30,SLOW,4412.97,4414.86,4411.49,4414.79,0.00,0.00,0.0,BULLISH,337.0,4414.95,4415.00,4414.60,4414.99,8,ACTIVE_8s,40.0,4.0,1.0,35.0,2.5,87.5,2.5,PASS_<20%,4415.10,11.0,NO,STANDBY_VEL_LOW,0,0.00,4590.00,80.26,FALSE,OPENING_SHIELD_ACTIVE_8s|PRICE_BELOW_15C_DISPLACEMENT
2026-09-07 15:16:09.110,1788794169.110,5227,19,130,4414.99,4415.07,8.0,PASS_<=10c,+0.0,FLAT,+4.0,+202.0,4.2,+7.76,1.85,SLOW,4412.97,4414.86,4411.49,4414.79,0.00,0.00,0.0,BULLISH,337.0,4414.95,4415.00,4414.60,4414.99,9,ACTIVE_9s,40.0,4.0,1.0,35.0,2.5,87.5,2.5,PASS_<20%,4415.10,11.0,NO,STANDBY_VEL_LOW,0,0.00,4590.00,80.26,FALSE,OPENING_SHIELD_ACTIVE_9s|PRICE_BELOW_15C_DISPLACEMENT
2026-09-07 15:16:09.612,1788794169.613,5228,20,131,4414.99,4415.07,8.0,PASS_<=10c,+0.0,FLAT,+4.0,+202.0,4.2,+7.34,1.75,SLOW,4412.97,4414.86,4411.49,4414.79,0.00,0.00,0.0,BULLISH,337.0,4414.95,4415.00,4414.60,4414.99,9,ACTIVE_9s,40.0,4.0,1.0,35.0,2.5,87.5,2.5,PASS_<20%,4415.10,11.0,NO,STANDBY_VEL_LOW,0,0.00,4590.00,80.26,FALSE,OPENING_SHIELD_ACTIVE_9s|PRICE_BELOW_15C_DISPLACEMENT
2026-09-07 15:16:10.114,1788794170.115,5229,21,132,4414.98,4415.06,8.0,PASS_<=10c,-1.0,DOWN,+3.0,+201.0,4.2,+5.03,1.20,SLOW,4412.97,4414.86,4411.49,4414.79,0.00,0.00,0.0,BULLISH,337.0,4414.95,4415.00,4414.60,4414.98,10,ACTIVE_10s,40.0,3.0,2.0,35.0,5.0,87.5,5.0,PASS_<20%,4415.10,12.0,NO,STANDBY_VEL_LOW,0,0.00,4590.00,80.26,FALSE,OPENING_SHIELD_ACTIVE_10s|PRICE_BELOW_15C_DISPLACEMENT
2026-09-07 15:16:10.616,1788794170.616,5230,22,133,4414.98,4415.06,8.0,PASS_<=10c,+0.0,FLAT,+3.0,+201.0,4.2,+2.02,0.48,SLOW,4412.97,4414.86,4411.49,4414.79,0.00,0.00,0.0,BULLISH,337.0,4414.95,4415.00,4414.60,4414.98,10,ACTIVE_10s,40.0,3.0,2.0,35.0,5.0,87.5,5.0,PASS_<20%,4415.10,12.0,NO,STANDBY_VEL_LOW,0,0.00,4590.00,80.26,FALSE,OPENING_SHIELD_ACTIVE_10s|PRICE_BELOW_15C_DISPLACEMENT
2026-09-07 15:16:11.118,1788794171.118,5231,23,134,4414.98,4415.06,8.0,PASS_<=10c,+0.0,FLAT,+3.0,+201.0,4.2,+2.02,0.48,SLOW,4412.97,4414.86,4411.49,4414.79,0.00,0.00,0.0,BULLISH,337.0,4414.95,4415.00,4414.60,4414.98,11,ACTIVE_11s,40.0,3.0,2.0,35.0,5.0,87.5,5.0,PASS_<20%,4415.10,12.0,NO,STANDBY_VEL_LOW,0,0.00,4590.00,80.26,FALSE,OPENING_SHIELD_ACTIVE_11s|PRICE_BELOW_15C_DISPLACEMENT
2026-09-07 15:16:11.620,1788794171.621,5232,24,135,4414.98,4415.06,8.0,PASS_<=10c,+0.0,FLAT,+3.0,+201.0,4.2,+2.04,0.49,SLOW,4412.97,4414.86,4411.49,4414.79,0.00,0.00,0.0,BULLISH,337.0,4414.95,4415.00,4414.60,4414.98,11,ACTIVE_11s,40.0,3.0,2.0,35.0,5.0,87.5,5.0,PASS_<20%,4415.10,12.0,NO,STANDBY_VEL_LOW,0,0.00,4590.00,80.26,FALSE,OPENING_SHIELD_ACTIVE_11s|PRICE_BELOW_15C_DISPLACEMENT
2026-09-07 15:16:12.123,1788794172.123,5233,25,136,4414.98,4415.06,8.0,PASS_<=10c,+0.0,FLAT,+3.0,+201.0,4.2,+2.06,0.49,SLOW,4412.97,4414.86,4411.49,4414.79,0.00,0.00,0.0,BULLISH,337.0,4414.95,4415.00,4414.60,4414.98,12,ACTIVE_12s,40.0,3.0,2.0,35.0,5.0,87.5,5.0,PASS_<20%,4415.10,12.0,NO,STANDBY_VEL_LOW,0,0.00,4590.00,80.26,FALSE,OPENING_SHIELD_ACTIVE_12s|PRICE_BELOW_15C_DISPLACEMENT
2026-09-07 15:16:12.625,1788794172.625,5234,26,137,4414.98,4415.06,8.0,PASS_<=10c,+0.0,FLAT,+3.0,+201.0,4.2,+1.79,0.43,SLOW,4412.97,4414.86,4411.49,4414.79,0.00,0.00,0.0,BULLISH,337.0,4414.95,4415.00,4414.60,4414.98,12,ACTIVE_12s,40.0,3.0,2.0,35.0,5.0,87.5,5.0,PASS_<20%,4415.10,12.0,NO,STANDBY_VEL_LOW,0,0.00,4590.00,80.26,FALSE,OPENING_SHIELD_ACTIVE_12s|PRICE_BELOW_15C_DISPLACEMENT
2026-09-07 15:16:13.126,1788794173.127,5235,27,138,4414.98,4415.06,8.0,PASS_<=10c,+0.0,FLAT,+3.0,+201.0,4.2,+1.72,0.41,SLOW,4412.97,4414.86,4411.49,4414.79,0.00,0.00,0.0,BULLISH,337.0,4414.95,4415.00,4414.60,4414.98,13,ACTIVE_13s,40.0,3.0,2.0,35.0,5.0,87.5,5.0,PASS_<20%,4415.10,12.0,NO,STANDBY_VEL_LOW,0,0.00,4590.00,80.26,FALSE,OPENING_SHIELD_ACTIVE_13s|PRICE_BELOW_15C_DISPLACEMENT
2026-09-07 15:16:13.629,1788794173.629,5236,28,139,4414.98,4415.06,8.0,PASS_<=10c,+0.0,FLAT,+3.0,+201.0,4.2,+1.72,0.41,SLOW,4412.97,4414.86,4411.49,4414.79,0.00,0.00,0.0,BULLISH,337.0,4414.95,4415.00,4414.60,4414.98,13,ACTIVE_13s,40.0,3.0,2.0,35.0,5.0,87.5,5.0,PASS_<20%,4415.10,12.0,NO,STANDBY_VEL_LOW,0,0.00,4590.00,80.26,FALSE,OPENING_SHIELD_ACTIVE_13s|PRICE_BELOW_15C_DISPLACEMENT
2026-09-07 15:16:14.132,1788794174.132,5237,29,140,4414.75,4414.83,8.0,PASS_<=10c,-23.0,DOWN,-20.0,+178.0,4.2,+5.03,1.20,SLOW,4412.97,4414.86,4411.49,4414.79,0.00,0.00,0.0,BULLISH,337.0,4414.95,4415.00,4414.60,4414.75,14,ACTIVE_14s,40.0,20.0,5.0,15.0,12.5,37.5,12.5,PASS_<20%,0.00,0.0,NO,STANDBY_VEL_LOW,0,0.00,4590.00,80.26,FALSE,M1_DIRECTION_MISMATCH|OPENING_SHIELD_ACTIVE_14s
2026-09-07 15:16:14.633,1788794174.633,5238,30,141,4414.70,4414.78,8.0,PASS_<=10c,-5.0,DOWN,-25.0,+173.0,4.2,+5.87,1.40,SLOW,4412.97,4414.86,4411.49,4414.79,0.00,0.00,0.0,BULLISH,337.0,4414.95,4415.00,4414.60,4414.70,14,ACTIVE_14s,40.0,25.0,5.0,10.0,12.5,25.0,12.5,PASS_<20%,0.00,0.0,NO,STANDBY_VEL_LOW,0,0.00,4590.00,80.26,FALSE,M1_DIRECTION_MISMATCH|OPENING_SHIELD_ACTIVE_14s
2026-09-07 15:16:15.135,1788794175.136,5239,31,142,4414.71,4414.79,8.0,PASS_<=10c,+1.0,UP,-24.0,+174.0,4.2,+5.66,1.35,SLOW,4412.97,4414.86,4411.49,4414.79,0.00,0.00,0.0,BULLISH,337.0,4414.95,4415.00,4414.60,4414.71,15,ACTIVE_15s,40.0,24.0,5.0,11.0,12.5,27.5,12.5,PASS_<20%,0.00,0.0,NO,STANDBY_VEL_LOW,0,0.00,4590.00,80.26,FALSE,M1_DIRECTION_MISMATCH|OPENING_SHIELD_ACTIVE_15s
2026-09-07 15:16:15.638,1788794175.638,5240,32,143,4414.56,4414.64,8.0,PASS_<=10c,-15.0,DOWN,-39.0,+159.0,4.2,+8.80,2.10,SLOW,4412.97,4414.86,4411.49,4414.79,0.00,0.00,0.0,BULLISH,337.0,4414.95,4415.00,4414.56,4414.56,15,ACTIVE_15s,44.0,39.0,5.0,0.0,11.4,0.0,11.4,PASS_<20%,0.00,0.0,NO,STANDBY_VEL_LOW,0,0.00,4590.00,80.26,FALSE,M1_DIRECTION_MISMATCH|OPENING_SHIELD_ACTIVE_15s
2026-09-07 15:16:16.139,1788794176.140,5241,33,144,4414.52,4414.60,8.0,PASS_<=10c,-4.0,DOWN,-43.0,+155.0,4.2,+9.64,2.30,SLOW,4412.97,4414.86,4411.49,4414.79,0.00,0.00,0.0,BULLISH,337.0,4414.95,4415.00,4414.52,4414.52,16,ACTIVE_16s,48.0,43.0,5.0,0.0,10.4,0.0,10.4,PASS_<20%,0.00,0.0,NO,STANDBY_VEL_LOW,0,0.00,4590.00,80.26,FALSE,M1_DIRECTION_MISMATCH|OPENING_SHIELD_ACTIVE_16s
2026-09-07 15:16:16.641,1788794176.642,5242,34,145,4414.52,4414.60,8.0,PASS_<=10c,+0.0,FLAT,-43.0,+155.0,4.2,+9.64,2.30,SLOW,4412.97,4414.86,4411.49,4414.79,0.00,0.00,0.0,BULLISH,337.0,4414.95,4415.00,4414.52,4414.52,16,ACTIVE_16s,48.0,43.0,5.0,0.0,10.4,0.0,10.4,PASS_<20%,0.00,0.0,NO,STANDBY_VEL_LOW,0,0.00,4590.00,80.26,FALSE,M1_DIRECTION_MISMATCH|OPENING_SHIELD_ACTIVE_16s
2026-09-07 15:16:17.142,1788794177.143,5243,35,146,4414.52,4414.60,8.0,PASS_<=10c,+0.0,FLAT,-43.0,+155.0,4.2,+9.65,2.30,SLOW,4412.97,4414.86,4411.49,4414.79,0.00,0.00,0.0,BULLISH,337.0,4414.95,4415.00,4414.52,4414.52,17,ACTIVE_17s,48.0,43.0,5.0,0.0,10.4,0.0,10.4,PASS_<20%,0.00,0.0,NO,STANDBY_VEL_LOW,0,0.00,4590.00,80.26,FALSE,M1_DIRECTION_MISMATCH|OPENING_SHIELD_ACTIVE_17s
2026-09-07 15:16:17.644,1788794177.644,5244,36,147,4414.52,4414.60,8.0,PASS_<=10c,+0.0,FLAT,-43.0,+155.0,4.2,+9.86,2.35,SLOW,4412.97,4414.86,4411.49,4414.79,0.00,0.00,0.0,BULLISH,337.0,4414.95,4415.00,4414.52,4414.52,17,ACTIVE_17s,48.0,43.0,5.0,0.0,10.4,0.0,10.4,PASS_<20%,0.00,0.0,NO,STANDBY_VEL_LOW,0,0.00,4590.00,80.26,FALSE,M1_DIRECTION_MISMATCH|OPENING_SHIELD_ACTIVE_17s
2026-09-07 15:16:18.146,1788794178.147,5245,37,148,4414.49,4414.57,8.0,PASS_<=10c,-3.0,DOWN,-46.0,+152.0,4.2,+10.28,2.45,SLOW,4412.97,4414.86,4411.49,4414.79,0.00,0.00,0.0,BULLISH,337.0,4414.95,4415.00,4414.49,4414.49,18,ACTIVE_18s,51.0,46.0,5.0,0.0,9.8,0.0,9.8,PASS_<20%,0.00,0.0,NO,STANDBY_VEL_LOW,0,0.00,4590.00,80.26,FALSE,M1_DIRECTION_MISMATCH|OPENING_SHIELD_ACTIVE_18s
2026-09-07 15:16:18.648,1788794178.648,5246,38,149,4414.50,4414.58,8.0,PASS_<=10c,+1.0,UP,-45.0,+153.0,4.2,+6.08,1.45,SLOW,4412.97,4414.86,4411.49,4414.79,0.00,0.00,0.0,BULLISH,337.0,4414.95,4415.00,4414.49,4414.50,18,ACTIVE_18s,51.0,45.0,5.0,1.0,9.8,2.0,9.8,PASS_<20%,0.00,0.0,NO,STANDBY_VEL_LOW,0,0.00,4590.00,80.26,FALSE,M1_DIRECTION_MISMATCH|OPENING_SHIELD_ACTIVE_18s
2026-09-07 15:16:19.148,1788794179.149,5247,39,150,4414.50,4414.58,8.0,PASS_<=10c,+0.0,FLAT,-45.0,+153.0,4.2,+5.67,1.35,SLOW,4412.97,4414.86,4411.49,4414.79,0.00,0.00,0.0,BULLISH,337.0,4414.95,4415.00,4414.49,4414.50,19,ACTIVE_19s,51.0,45.0,5.0,1.0,9.8,2.0,9.8,PASS_<20%,0.00,0.0,NO,STANDBY_VEL_LOW,0,0.00,4590.00,80.26,FALSE,M1_DIRECTION_MISMATCH|OPENING_SHIELD_ACTIVE_19s
2026-09-07 15:16:19.650,1788794179.651,5248,40,151,4414.50,4414.58,8.0,PASS_<=10c,+0.0,FLAT,-45.0,+153.0,4.2,+4.83,1.15,SLOW,4412.97,4414.86,4411.49,4414.79,0.00,0.00,0.0,BULLISH,337.0,4414.95,4415.00,4414.49,4414.50,19,ACTIVE_19s,51.0,45.0,5.0,1.0,9.8,2.0,9.8,PASS_<20%,0.00,0.0,NO,STANDBY_VEL_LOW,0,0.00,4590.00,80.26,FALSE,M1_DIRECTION_MISMATCH|OPENING_SHIELD_ACTIVE_19s
2026-09-07 15:16:20.152,1788794180.152,5249,41,152,4414.50,4414.58,8.0,PASS_<=10c,+0.0,FLAT,-45.0,+153.0,4.2,+1.89,0.45,SLOW,4412.97,4414.86,4411.49,4414.79,0.00,0.00,0.0,BULLISH,337.0,4414.95,4415.00,4414.49,4414.50,20,CLEARED_>=20s,51.0,45.0,5.0,1.0,9.8,2.0,9.8,PASS_<20%,0.00,0.0,NO,STANDBY_VEL_LOW,0,0.00,4590.00,80.26,FALSE,M1_DIRECTION_MISMATCH
2026-09-07 15:16:20.656,1788794180.657,5250,42,153,4414.54,4414.62,8.0,PASS_<=10c,+4.0,UP,-41.0,+157.0,4.2,+0.72,0.17,SLOW,4412.97,4414.86,4411.49,4414.79,0.00,0.00,0.0,BULLISH,337.0,4414.95,4415.00,4414.49,4414.54,20,CLEARED_>=20s,51.0,41.0,5.0,5.0,9.8,9.8,9.8,PASS_<20%,0.00,0.0,NO,STANDBY_VEL_LOW,0,0.00,4590.00,80.26,FALSE,M1_DIRECTION_MISMATCH
2026-09-07 15:16:21.154,1788794181.155,5251,43,154,4414.46,4414.54,8.0,PASS_<=10c,-8.0,DOWN,-49.0,+149.0,4.2,+1.26,0.30,SLOW,4412.97,4414.86,4411.49,4414.79,0.00,0.00,0.0,BULLISH,337.0,4414.95,4415.00,4414.39,4414.46,21,CLEARED_>=20s,61.0,49.0,5.0,7.0,8.2,11.5,8.2,PASS_<20%,0.00,0.0,NO,STANDBY_VEL_LOW,0,0.00,4590.00,80.26,FALSE,M1_DIRECTION_MISMATCH
2026-09-07 15:16:21.656,1788794181.657,5252,44,155,4414.51,4414.59,8.0,PASS_<=10c,+5.0,UP,-44.0,+154.0,4.2,+1.04,0.25,SLOW,4412.97,4414.86,4411.49,4414.79,0.00,0.00,0.0,BULLISH,337.0,4414.95,4415.00,4414.39,4414.51,21,CLEARED_>=20s,61.0,44.0,5.0,12.0,8.2,19.7,8.2,PASS_<20%,0.00,0.0,NO,STANDBY_VEL_LOW,0,0.00,4590.00,80.26,FALSE,M1_DIRECTION_MISMATCH
2026-09-07 15:16:22.159,1788794182.159,5253,45,156,4414.64,4414.72,8.0,PASS_<=10c,+13.0,UP,-31.0,+167.0,4.2,+2.52,0.60,SLOW,4412.97,4414.86,4411.49,4414.79,0.00,0.00,0.0,BULLISH,337.0,4414.95,4415.00,4414.39,4414.64,22,CLEARED_>=20s,61.0,31.0,5.0,25.0,8.2,41.0,8.2,PASS_<20%,0.00,0.0,NO,STANDBY_VEL_LOW,0,0.00,4590.00,80.26,FALSE,M1_DIRECTION_MISMATCH
2026-09-07 15:16:22.660,1788794182.661,5254,46,157,4414.71,4414.79,8.0,PASS_<=10c,+7.0,UP,-24.0,+174.0,4.2,+4.62,1.10,SLOW,4412.97,4414.86,4411.49,4414.79,0.00,0.00,0.0,BULLISH,337.0,4414.95,4415.00,4414.39,4414.71,22,CLEARED_>=20s,61.0,24.0,5.0,32.0,8.2,52.5,8.2,PASS_<20%,0.00,0.0,NO,STANDBY_VEL_LOW,0,0.00,4590.00,80.26,FALSE,M1_DIRECTION_MISMATCH
2026-09-07 15:16:23.162,1788794183.163,5255,47,158,4414.70,4414.78,8.0,PASS_<=10c,-1.0,DOWN,-25.0,+173.0,4.2,+4.41,1.05,SLOW,4412.97,4414.86,4411.49,4414.79,0.00,0.00,0.0,BULLISH,337.0,4414.95,4415.00,4414.39,4414.70,23,CLEARED_>=20s,61.0,25.0,5.0,31.0,8.2,50.8,8.2,PASS_<20%,0.00,0.0,NO,STANDBY_VEL_LOW,0,0.00,4590.00,80.26,FALSE,M1_DIRECTION_MISMATCH
2026-09-07 15:16:23.664,1788794183.664,5256,48,159,4414.72,4414.80,8.0,PASS_<=10c,+2.0,UP,-23.0,+175.0,4.2,+4.62,1.10,SLOW,4412.97,4414.86,4411.49,4414.79,0.00,0.00,0.0,BULLISH,337.0,4414.95,4415.00,4414.39,4414.72,23,CLEARED_>=20s,61.0,23.0,5.0,33.0,8.2,54.1,8.2,PASS_<20%,0.00,0.0,NO,STANDBY_VEL_LOW,0,0.00,4590.00,80.26,FALSE,M1_DIRECTION_MISMATCH
2026-09-07 15:16:24.166,1788794184.167,5257,49,160,4414.72,4414.80,8.0,PASS_<=10c,+0.0,FLAT,-23.0,+175.0,4.2,+4.62,1.10,SLOW,4412.97,4414.86,4411.49,4414.79,0.00,0.00,0.0,BULLISH,337.0,4414.95,4415.00,4414.39,4414.72,24,CLEARED_>=20s,61.0,23.0,5.0,33.0,8.2,54.1,8.2,PASS_<20%,0.00,0.0,NO,STANDBY_VEL_LOW,0,0.00,4590.00,80.26,FALSE,M1_DIRECTION_MISMATCH
2026-09-07 15:16:24.668,1788794184.668,5258,50,161,4414.72,4414.80,8.0,PASS_<=10c,+0.0,FLAT,-23.0,+175.0,4.2,+4.62,1.10,SLOW,4412.97,4414.86,4411.49,4414.79,0.00,0.00,0.0,BULLISH,337.0,4414.95,4415.00,4414.39,4414.72,24,CLEARED_>=20s,61.0,23.0,5.0,33.0,8.2,54.1,8.2,PASS_<20%,0.00,0.0,NO,STANDBY_VEL_LOW,0,0.00,4590.00,80.26,FALSE,M1_DIRECTION_MISMATCH
2026-09-07 15:16:25.168,1788794185.169,5259,51,162,4414.72,4414.80,8.0,PASS_<=10c,+0.0,FLAT,-23.0,+175.0,4.2,+4.62,1.10,SLOW,4412.97,4414.86,4411.49,4414.79,0.00,0.00,0.0,BULLISH,337.0,4414.95,4415.00,4414.39,4414.72,25,CLEARED_>=20s,61.0,23.0,5.0,33.0,8.2,54.1,8.2,PASS_<20%,0.00,0.0,NO,STANDBY_VEL_LOW,0,0.00,4590.00,80.26,FALSE,M1_DIRECTION_MISMATCH
2026-09-07 15:16:25.672,1788794185.672,5260,52,163,4414.72,4414.80,8.0,PASS_<=10c,+0.0,FLAT,-23.0,+175.0,4.2,+6.92,1.65,SLOW,4412.97,4414.86,4411.49,4414.79,0.00,0.00,0.0,BULLISH,337.0,4414.95,4415.00,4414.39,4414.72,25,CLEARED_>=20s,61.0,23.0,5.0,33.0,8.2,54.1,8.2,PASS_<20%,0.00,0.0,NO,STANDBY_VEL_LOW,0,0.00,4590.00,80.26,FALSE,M1_DIRECTION_MISMATCH
2026-09-07 15:16:26.173,1788794186.174,5261,53,164,4414.76,4414.84,8.0,PASS_<=10c,+4.0,UP,-19.0,+179.0,4.2,+5.87,1.40,SLOW,4412.97,4414.86,4411.49,4414.79,0.00,0.00,0.0,BULLISH,337.0,4414.95,4415.00,4414.39,4414.76,26,CLEARED_>=20s,61.0,19.0,5.0,37.0,8.2,60.7,8.2,PASS_<20%,0.00,0.0,NO,STANDBY_VEL_LOW,0,0.00,4590.00,80.26,FALSE,M1_DIRECTION_MISMATCH
2026-09-07 15:16:26.676,1788794186.677,5262,54,165,4414.72,4414.80,8.0,PASS_<=10c,-4.0,DOWN,-23.0,+175.0,4.2,+4.19,1.00,SLOW,4412.97,4414.86,4411.49,4414.79,0.00,0.00,0.0,BULLISH,337.0,4414.95,4415.00,4414.39,4414.72,26,CLEARED_>=20s,61.0,23.0,5.0,33.0,8.2,54.1,8.2,PASS_<20%,0.00,0.0,NO,STANDBY_VEL_LOW,0,0.00,4590.00,80.26,FALSE,M1_DIRECTION_MISMATCH
2026-09-07 15:16:27.179,1788794187.179,5263,55,166,4414.69,4414.77,8.0,PASS_<=10c,-3.0,DOWN,-26.0,+172.0,4.2,+1.00,0.24,SLOW,4412.97,4414.86,4411.49,4414.79,0.00,0.00,0.0,BULLISH,337.0,4414.95,4415.00,4414.39,4414.69,27,CLEARED_>=20s,61.0,26.0,5.0,30.0,8.2,49.2,8.2,PASS_<20%,0.00,0.0,NO,STANDBY_VEL_LOW,0,0.00,4590.00,80.26,FALSE,M1_DIRECTION_MISMATCH
2026-09-07 15:16:27.680,1788794187.680,5264,56,167,4414.65,4414.73,8.0,PASS_<=10c,-4.0,DOWN,-30.0,+168.0,4.2,+1.05,0.25,SLOW,4412.97,4414.86,4411.49,4414.79,0.00,0.00,0.0,BULLISH,337.0,4414.95,4415.00,4414.39,4414.65,27,CLEARED_>=20s,61.0,30.0,5.0,26.0,8.2,42.6,8.2,PASS_<20%,0.00,0.0,NO,STANDBY_VEL_LOW,0,0.00,4590.00,80.26,FALSE,M1_DIRECTION_MISMATCH
2026-09-07 15:16:28.183,1788794188.183,5265,57,168,4414.65,4414.73,8.0,PASS_<=10c,+0.0,FLAT,-30.0,+168.0,4.2,+1.47,0.35,SLOW,4412.97,4414.86,4411.49,4414.79,0.00,0.00,0.0,BULLISH,337.0,4414.95,4415.00,4414.39,4414.65,28,CLEARED_>=20s,61.0,30.0,5.0,26.0,8.2,42.6,8.2,PASS_<20%,0.00,0.0,NO,STANDBY_VEL_LOW,0,0.00,4590.00,80.26,FALSE,M1_DIRECTION_MISMATCH
2026-09-07 15:16:28.684,1788794188.684,5266,58,169,4414.65,4414.73,8.0,PASS_<=10c,+0.0,FLAT,-30.0,+168.0,4.2,+1.47,0.35,SLOW,4412.97,4414.86,4411.49,4414.79,0.00,0.00,0.0,BULLISH,337.0,4414.95,4415.00,4414.39,4414.65,28,CLEARED_>=20s,61.0,30.0,5.0,26.0,8.2,42.6,8.2,PASS_<20%,0.00,0.0,NO,STANDBY_VEL_LOW,0,0.00,4590.00,80.26,FALSE,M1_DIRECTION_MISMATCH
2026-09-07 15:16:29.185,1788794189.185,5267,59,170,4414.62,4414.70,8.0,PASS_<=10c,-3.0,DOWN,-33.0,+165.0,4.2,+2.10,0.50,SLOW,4412.97,4414.86,4411.49,4414.79,0.00,0.00,0.0,BULLISH,337.0,4414.95,4415.00,4414.39,4414.62,29,CLEARED_>=20s,61.0,33.0,5.0,23.0,8.2,37.7,8.2,PASS_<20%,0.00,0.0,NO,STANDBY_VEL_LOW,0,0.00,4590.00,80.26,FALSE,M1_DIRECTION_MISMATCH
2026-09-07 15:16:29.687,1788794189.687,5268,60,171,4414.63,4414.71,8.0,PASS_<=10c,+1.0,UP,-32.0,+166.0,4.2,+1.89,0.45,SLOW,4412.97,4414.86,4411.49,4414.79,0.00,0.00,0.0,BULLISH,337.0,4414.95,4415.00,4414.39,4414.63,29,CLEARED_>=20s,61.0,32.0,5.0,24.0,8.2,39.3,8.2,PASS_<20%,0.00,0.0,NO,STANDBY_VEL_LOW,0,0.00,4590.00,80.26,FALSE,M1_DIRECTION_MISMATCH
2026-09-07 15:16:30.189,1788794190.190,5269,61,172,4414.61,4414.69,8.0,PASS_<=10c,-2.0,DOWN,-34.0,+164.0,4.2,+2.31,0.55,SLOW,4412.97,4414.86,4411.49,4414.79,0.00,0.00,0.0,BULLISH,337.0,4414.95,4415.00,4414.39,4414.61,30,CLEARED_>=20s,61.0,34.0,5.0,22.0,8.2,36.1,8.2,PASS_<20%,0.00,0.0,NO,STANDBY_VEL_LOW,0,0.00,4590.00,80.26,FALSE,M1_DIRECTION_MISMATCH
2026-09-07 15:16:30.692,1788794190.692,5270,62,173,4414.61,4414.69,8.0,PASS_<=10c,+0.0,FLAT,-34.0,+164.0,4.2,+2.94,0.70,SLOW,4412.97,4414.86,4411.49,4414.79,0.00,0.00,0.0,BULLISH,337.0,4414.95,4415.00,4414.39,4414.61,30,CLEARED_>=20s,61.0,34.0,5.0,22.0,8.2,36.1,8.2,PASS_<20%,0.00,0.0,NO,STANDBY_VEL_LOW,0,0.00,4590.00,80.26,FALSE,M1_DIRECTION_MISMATCH
2026-09-07 15:16:31.193,1788794191.194,5271,63,174,4414.57,4414.65,8.0,PASS_<=10c,-4.0,DOWN,-38.0,+160.0,4.2,+3.98,0.95,SLOW,4412.97,4414.86,4411.49,4414.79,0.00,0.00,0.0,BULLISH,337.0,4414.95,4415.00,4414.39,4414.57,31,CLEARED_>=20s,61.0,38.0,5.0,18.0,8.2,29.5,8.2,PASS_<20%,0.00,0.0,NO,STANDBY_VEL_LOW,0,0.00,4590.00,80.26,FALSE,M1_DIRECTION_MISMATCH
2026-09-07 15:16:31.695,1788794191.695,5272,64,175,4414.48,4414.56,8.0,PASS_<=10c,-9.0,DOWN,-47.0,+151.0,4.2,+4.40,1.05,SLOW,4412.97,4414.86,4411.49,4414.79,0.00,0.00,0.0,BULLISH,337.0,4414.95,4415.00,4414.39,4414.48,31,CLEARED_>=20s,61.0,47.0,5.0,9.0,8.2,14.8,8.2,PASS_<20%,0.00,0.0,NO,STANDBY_VEL_LOW,0,0.00,4590.00,80.26,FALSE,M1_DIRECTION_MISMATCH
2026-09-07 15:16:32.196,1788794192.197,5273,65,176,4414.48,4414.56,8.0,PASS_<=10c,+0.0,FLAT,-47.0,+151.0,4.2,+4.40,1.05,SLOW,4412.97,4414.86,4411.49,4414.79,0.00,0.00,0.0,BULLISH,337.0,4414.95,4415.00,4414.39,4414.48,32,CLEARED_>=20s,61.0,47.0,5.0,9.0,8.2,14.8,8.2,PASS_<20%,0.00,0.0,NO,STANDBY_VEL_LOW,0,0.00,4590.00,80.26,FALSE,M1_DIRECTION_MISMATCH
2026-09-07 15:16:32.698,1788794192.699,5274,66,177,4414.47,4414.55,8.0,PASS_<=10c,-1.0,DOWN,-48.0,+150.0,4.2,+3.78,0.90,SLOW,4412.97,4414.86,4411.49,4414.79,0.00,0.00,0.0,BULLISH,337.0,4414.95,4415.00,4414.39,4414.47,32,CLEARED_>=20s,61.0,48.0,5.0,8.0,8.2,13.1,8.2,PASS_<20%,0.00,0.0,NO,STANDBY_VEL_LOW,0,0.00,4590.00,80.26,FALSE,M1_DIRECTION_MISMATCH
2026-09-07 15:16:33.201,1788794193.201,5275,67,178,4414.44,4414.52,8.0,PASS_<=10c,-3.0,DOWN,-51.0,+147.0,4.2,+4.40,1.05,SLOW,4412.97,4414.86,4411.49,4414.79,0.00,0.00,0.0,BULLISH,337.0,4414.95,4415.00,4414.39,4414.44,33,CLEARED_>=20s,61.0,51.0,5.0,5.0,8.2,8.2,8.2,PASS_<20%,0.00,0.0,NO,STANDBY_VEL_LOW,0,0.00,4590.00,80.26,FALSE,M1_DIRECTION_MISMATCH
2026-09-07 15:16:33.702,1788794193.703,5276,68,179,4414.44,4414.52,8.0,PASS_<=10c,+0.0,FLAT,-51.0,+147.0,4.2,+3.57,0.85,SLOW,4412.97,4414.86,4411.49,4414.79,0.00,0.00,0.0,BULLISH,337.0,4414.95,4415.00,4414.39,4414.44,33,CLEARED_>=20s,61.0,51.0,5.0,5.0,8.2,8.2,8.2,PASS_<20%,0.00,0.0,NO,STANDBY_VEL_LOW,0,0.00,4590.00,80.26,FALSE,M1_DIRECTION_MISMATCH
2026-09-07 15:16:34.204,1788794194.205,5277,69,180,4414.43,4414.51,8.0,PASS_<=10c,-1.0,DOWN,-52.0,+146.0,4.2,+4.19,1.00,SLOW,4412.97,4414.86,4411.49,4414.79,0.00,0.00,0.0,BULLISH,337.0,4414.95,4415.00,4414.39,4414.43,34,CLEARED_>=20s,61.0,52.0,5.0,4.0,8.2,6.6,8.2,PASS_<20%,0.00,0.0,NO,STANDBY_VEL_LOW,0,0.00,4590.00,80.26,FALSE,M1_DIRECTION_MISMATCH
2026-09-07 15:16:34.706,1788794194.706,5278,70,181,4414.45,4414.53,8.0,PASS_<=10c,+2.0,UP,-50.0,+148.0,4.2,+3.78,0.90,SLOW,4412.97,4414.86,4411.49,4414.79,0.00,0.00,0.0,BULLISH,337.0,4414.95,4415.00,4414.39,4414.45,34,CLEARED_>=20s,61.0,50.0,5.0,6.0,8.2,9.8,8.2,PASS_<20%,0.00,0.0,NO,STANDBY_VEL_LOW,0,0.00,4590.00,80.26,FALSE,M1_DIRECTION_MISMATCH
2026-09-07 15:16:35.208,1788794195.208,5279,71,182,4414.45,4414.53,8.0,PASS_<=10c,+0.0,FLAT,-50.0,+148.0,4.2,+3.36,0.80,SLOW,4412.97,4414.86,4411.49,4414.79,0.00,0.00,0.0,BULLISH,337.0,4414.95,4415.00,4414.39,4414.45,35,CLEARED_>=20s,61.0,50.0,5.0,6.0,8.2,9.8,8.2,PASS_<20%,0.00,0.0,NO,STANDBY_VEL_LOW,0,0.00,4590.00,80.26,FALSE,M1_DIRECTION_MISMATCH
2026-09-07 15:16:35.710,1788794195.710,5280,72,183,4414.46,4414.54,8.0,PASS_<=10c,+1.0,UP,-49.0,+149.0,4.2,+3.15,0.75,SLOW,4412.97,4414.86,4411.49,4414.79,0.00,0.00,0.0,BULLISH,337.0,4414.95,4415.00,4414.39,4414.46,35,CLEARED_>=20s,61.0,49.0,5.0,7.0,8.2,11.5,8.2,PASS_<20%,0.00,0.0,NO,STANDBY_VEL_LOW,0,0.00,4590.00,80.26,FALSE,M1_DIRECTION_MISMATCH
2026-09-07 15:16:36.211,1788794196.212,5281,73,184,4414.36,4414.44,8.0,PASS_<=10c,-10.0,DOWN,-59.0,+139.0,4.2,+4.40,1.05,SLOW,4412.97,4414.86,4411.49,4414.79,0.00,0.00,0.0,BULLISH,337.0,4414.95,4415.00,4414.36,4414.36,36,CLEARED_>=20s,64.0,59.0,5.0,0.0,7.8,0.0,7.8,PASS_<20%,0.00,0.0,NO,STANDBY_VEL_LOW,0,0.00,4590.00,80.26,FALSE,M1_DIRECTION_MISMATCH
2026-09-07 15:16:36.713,1788794196.713,5282,74,185,4414.33,4414.41,8.0,PASS_<=10c,-3.0,DOWN,-62.0,+136.0,4.2,+3.36,0.80,SLOW,4412.97,4414.86,4411.49,4414.79,0.00,0.00,0.0,BULLISH,337.0,4414.95,4415.00,4414.33,4414.33,36,CLEARED_>=20s,67.0,62.0,5.0,0.0,7.5,0.0,7.5,PASS_<20%,0.00,0.0,NO,STANDBY_VEL_LOW,0,0.00,4590.00,80.26,FALSE,M1_DIRECTION_MISMATCH
2026-09-07 15:16:37.214,1788794197.214,5283,75,186,4414.34,4414.42,8.0,PASS_<=10c,+1.0,UP,-61.0,+137.0,4.2,+2.94,0.70,SLOW,4412.97,4414.86,4411.49,4414.79,0.00,0.00,0.0,BULLISH,337.0,4414.95,4415.00,4414.33,4414.34,37,CLEARED_>=20s,67.0,61.0,5.0,1.0,7.5,1.5,7.5,PASS_<20%,0.00,0.0,NO,STANDBY_VEL_LOW,0,0.00,4590.00,80.26,FALSE,M1_DIRECTION_MISMATCH
2026-09-07 15:16:37.715,1788794197.716,5284,76,187,4414.31,4414.39,8.0,PASS_<=10c,-3.0,DOWN,-64.0,+134.0,4.2,+3.36,0.80,SLOW,4412.97,4414.86,4411.49,4414.79,0.00,0.00,0.0,BULLISH,337.0,4414.95,4415.00,4414.31,4414.31,37,CLEARED_>=20s,69.0,64.0,5.0,0.0,7.2,0.0,7.2,PASS_<20%,0.00,0.0,NO,STANDBY_VEL_LOW,0,0.00,4590.00,80.26,FALSE,M1_DIRECTION_MISMATCH
2026-09-07 15:16:38.217,1788794198.217,5285,77,188,4414.31,4414.39,8.0,PASS_<=10c,+0.0,FLAT,-64.0,+134.0,4.2,+2.73,0.65,SLOW,4412.97,4414.86,4411.49,4414.79,0.00,0.00,0.0,BULLISH,337.0,4414.95,4415.00,4414.31,4414.31,38,CLEARED_>=20s,69.0,64.0,5.0,0.0,7.2,0.0,7.2,PASS_<20%,0.00,0.0,NO,STANDBY_VEL_LOW,0,0.00,4590.00,80.26,FALSE,M1_DIRECTION_MISMATCH
2026-09-07 15:16:38.718,1788794198.719,5286,78,189,4414.30,4414.38,8.0,PASS_<=10c,-1.0,DOWN,-65.0,+133.0,4.2,+2.73,0.65,SLOW,4412.97,4414.86,4411.49,4414.79,0.00,0.00,0.0,BULLISH,337.0,4414.95,4415.00,4414.30,4414.30,38,CLEARED_>=20s,70.0,65.0,5.0,0.0,7.1,0.0,7.1,PASS_<20%,0.00,0.0,NO,STANDBY_VEL_LOW,0,0.00,4590.00,80.26,FALSE,M1_DIRECTION_MISMATCH
2026-09-07 15:16:39.220,1788794199.221,5287,79,190,4414.29,4414.37,8.0,PASS_<=10c,-1.0,DOWN,-66.0,+132.0,4.2,+2.94,0.70,SLOW,4412.97,4414.86,4411.49,4414.79,0.00,0.00,0.0,BULLISH,337.0,4414.95,4415.00,4414.29,4414.29,39,CLEARED_>=20s,71.0,66.0,5.0,0.0,7.0,0.0,7.0,PASS_<20%,0.00,0.0,NO,STANDBY_VEL_LOW,0,0.00,4590.00,80.26,FALSE,M1_DIRECTION_MISMATCH
2026-09-07 15:16:39.723,1788794199.723,5288,80,191,4414.31,4414.39,8.0,PASS_<=10c,+2.0,UP,-64.0,+134.0,4.2,+2.94,0.70,SLOW,4412.97,4414.86,4411.49,4414.79,0.00,0.00,0.0,BULLISH,337.0,4414.95,4415.00,4414.29,4414.31,39,CLEARED_>=20s,71.0,64.0,5.0,2.0,7.0,2.8,7.0,PASS_<20%,0.00,0.0,NO,STANDBY_VEL_LOW,0,0.00,4590.00,80.26,FALSE,M1_DIRECTION_MISMATCH
2026-09-07 15:16:40.224,1788794200.225,5289,81,192,4414.31,4414.39,8.0,PASS_<=10c,+0.0,FLAT,-64.0,+134.0,4.2,+2.94,0.70,SLOW,4412.97,4414.86,4411.49,4414.79,0.00,0.00,0.0,BULLISH,337.0,4414.95,4415.00,4414.29,4414.31,40,CLEARED_>=20s,71.0,64.0,5.0,2.0,7.0,2.8,7.0,PASS_<20%,0.00,0.0,NO,STANDBY_VEL_LOW,0,0.00,4590.00,80.26,FALSE,M1_DIRECTION_MISMATCH
2026-09-07 15:16:40.726,1788794200.727,5290,82,193,4414.31,4414.39,8.0,PASS_<=10c,+0.0,FLAT,-64.0,+134.0,4.2,+3.57,0.85,SLOW,4412.97,4414.86,4411.49,4414.79,0.00,0.00,0.0,BULLISH,337.0,4414.95,4415.00,4414.29,4414.31,40,CLEARED_>=20s,71.0,64.0,5.0,2.0,7.0,2.8,7.0,PASS_<20%,0.00,0.0,NO,STANDBY_VEL_LOW,0,0.00,4590.00,80.26,FALSE,M1_DIRECTION_MISMATCH
2026-09-07 15:16:41.228,1788794201.228,5291,83,194,4414.31,4414.39,8.0,PASS_<=10c,+0.0,FLAT,-64.0,+134.0,4.2,+1.05,0.25,SLOW,4412.97,4414.86,4411.49,4414.79,0.00,0.00,0.0,BULLISH,337.0,4414.95,4415.00,4414.29,4414.31,41,CLEARED_>=20s,71.0,64.0,5.0,2.0,7.0,2.8,7.0,PASS_<20%,0.00,0.0,NO,STANDBY_VEL_LOW,0,0.00,4590.00,80.26,FALSE,M1_DIRECTION_MISMATCH
2026-09-07 15:16:41.730,1788794201.731,5292,84,195,4413.82,4413.90,8.0,PASS_<=10c,-49.0,DOWN,-113.0,+85.0,4.2,+10.70,2.55,SLOW,4412.97,4414.86,4411.49,4414.79,0.00,0.00,0.0,BULLISH,337.0,4414.95,4415.00,4413.82,4413.82,41,CLEARED_>=20s,118.0,113.0,5.0,0.0,4.2,0.0,4.2,PASS_<20%,0.00,0.0,NO,STANDBY_VEL_LOW,0,0.00,4590.00,80.26,FALSE,M1_DIRECTION_MISMATCH
2026-09-07 15:16:42.233,1788794202.233,5293,85,196,4413.74,4413.82,8.0,PASS_<=10c,-8.0,DOWN,-121.0,+77.0,4.2,+12.37,2.95,SLOW,4412.97,4414.86,4411.49,4414.79,0.00,0.00,0.0,BULLISH,337.0,4414.95,4415.00,4413.73,4413.74,42,CLEARED_>=20s,127.0,121.0,5.0,1.0,3.9,0.8,3.9,PASS_<20%,0.00,0.0,NO,STANDBY_VEL_LOW,0,0.00,4590.00,80.26,FALSE,M1_DIRECTION_MISMATCH
2026-09-07 15:16:42.735,1788794202.735,5294,86,197,4413.77,4413.85,8.0,PASS_<=10c,+3.0,UP,-118.0,+80.0,4.2,+11.32,2.70,SLOW,4412.97,4414.86,4411.49,4414.79,0.00,0.00,0.0,BULLISH,337.0,4414.95,4415.00,4413.73,4413.77,42,CLEARED_>=20s,127.0,118.0,5.0,4.0,3.9,3.1,3.9,PASS_<20%,0.00,0.0,NO,STANDBY_VEL_LOW,0,0.00,4590.00,80.26,FALSE,M1_DIRECTION_MISMATCH
2026-09-07 15:16:43.237,1788794203.237,5295,87,198,4413.79,4413.87,8.0,PASS_<=10c,+2.0,UP,-116.0,+82.0,4.2,+10.90,2.60,SLOW,4412.97,4414.86,4411.49,4414.79,0.00,0.00,0.0,BULLISH,337.0,4414.95,4415.00,4413.73,4413.79,43,CLEARED_>=20s,127.0,116.0,5.0,6.0,3.9,4.7,3.9,PASS_<20%,0.00,0.0,NO,STANDBY_VEL_LOW,0,0.00,4590.00,80.26,FALSE,M1_DIRECTION_MISMATCH
2026-09-07 15:16:43.739,1788794203.739,5296,88,199,4413.79,4413.87,8.0,PASS_<=10c,+0.0,FLAT,-116.0,+82.0,4.2,+10.69,2.55,SLOW,4412.97,4414.86,4411.49,4414.79,0.00,0.00,0.0,BULLISH,337.0,4414.95,4415.00,4413.73,4413.79,43,CLEARED_>=20s,127.0,116.0,5.0,6.0,3.9,4.7,3.9,PASS_<20%,0.00,0.0,NO,STANDBY_VEL_LOW,0,0.00,4590.00,80.26,FALSE,M1_DIRECTION_MISMATCH
2026-09-07 15:16:44.240,1788794204.241,5297,89,200,4413.84,4413.92,8.0,PASS_<=10c,+5.0,UP,-111.0,+87.0,4.2,+9.65,2.30,SLOW,4412.97,4414.86,4411.49,4414.79,0.00,0.00,0.0,BULLISH,337.0,4414.95,4415.00,4413.73,4413.84,44,CLEARED_>=20s,127.0,111.0,5.0,11.0,3.9,8.7,3.9,PASS_<20%,0.00,0.0,NO,STANDBY_VEL_LOW,0,0.00,4590.00,80.26,FALSE,M1_DIRECTION_MISMATCH
2026-09-07 15:16:44.742,1788794204.743,5298,90,201,4413.87,4413.95,8.0,PASS_<=10c,+3.0,UP,-108.0,+90.0,4.2,+9.23,2.20,SLOW,4412.97,4414.86,4411.49,4414.79,0.00,0.00,0.0,BULLISH,337.0,4414.95,4415.00,4413.73,4413.87,44,CLEARED_>=20s,127.0,108.0,5.0,14.0,3.9,11.0,3.9,PASS_<20%,0.00,0.0,NO,STANDBY_VEL_LOW,0,0.00,4590.00,80.26,FALSE,M1_DIRECTION_MISMATCH
2026-09-07 15:16:45.245,1788794205.246,5299,91,202,4413.88,4413.96,8.0,PASS_<=10c,+1.0,UP,-107.0,+91.0,4.2,+9.02,2.15,SLOW,4412.97,4414.86,4411.49,4414.79,0.00,0.00,0.0,BULLISH,337.0,4414.95,4415.00,4413.73,4413.88,45,CLEARED_>=20s,127.0,107.0,5.0,15.0,3.9,11.8,3.9,PASS_<20%,0.00,0.0,NO,STANDBY_VEL_LOW,0,0.00,4590.00,80.26,FALSE,M1_DIRECTION_MISMATCH
2026-09-07 15:16:45.747,1788794205.747,5300,92,203,4413.88,4413.96,8.0,PASS_<=10c,+0.0,FLAT,-107.0,+91.0,4.2,+9.02,2.15,SLOW,4412.97,4414.86,4411.49,4414.79,0.00,0.00,0.0,BULLISH,337.0,4414.95,4415.00,4413.73,4413.88,45,CLEARED_>=20s,127.0,107.0,5.0,15.0,3.9,11.8,3.9,PASS_<20%,0.00,0.0,NO,STANDBY_VEL_LOW,0,0.00,4590.00,80.26,FALSE,M1_DIRECTION_MISMATCH
2026-09-07 15:16:46.249,1788794206.250,5301,93,204,4413.92,4414.00,8.0,PASS_<=10c,+4.0,UP,-103.0,+95.0,4.2,+8.18,1.95,SLOW,4412.97,4414.86,4411.49,4414.79,0.00,0.00,0.0,BULLISH,337.0,4414.95,4415.00,4413.73,4413.92,46,CLEARED_>=20s,127.0,103.0,5.0,19.0,3.9,15.0,3.9,PASS_<20%,0.00,0.0,NO,STANDBY_VEL_LOW,0,0.00,4590.00,80.26,FALSE,M1_DIRECTION_MISMATCH
2026-09-07 15:16:46.751,1788794206.752,5302,94,205,4413.98,4414.06,8.0,PASS_<=10c,+6.0,UP,-97.0,+101.0,4.2,+5.24,1.25,SLOW,4412.97,4414.86,4411.49,4414.79,0.00,0.00,0.0,BULLISH,337.0,4414.95,4415.00,4413.73,4413.98,46,CLEARED_>=20s,127.0,97.0,5.0,25.0,3.9,19.7,3.9,PASS_<20%,0.00,0.0,NO,STANDBY_VEL_LOW,0,0.00,4590.00,80.26,FALSE,M1_DIRECTION_MISMATCH
2026-09-07 15:16:47.253,1788794207.253,5303,95,206,4413.98,4414.06,8.0,PASS_<=10c,+0.0,FLAT,-97.0,+101.0,4.2,+4.40,1.05,SLOW,4412.97,4414.86,4411.49,4414.79,0.00,0.00,0.0,BULLISH,337.0,4414.95,4415.00,4413.73,4413.98,47,CLEARED_>=20s,127.0,97.0,5.0,25.0,3.9,19.7,3.9,PASS_<20%,0.00,0.0,NO,STANDBY_VEL_LOW,0,0.00,4590.00,80.26,FALSE,M1_DIRECTION_MISMATCH
2026-09-07 15:16:47.756,1788794207.756,5304,96,207,4414.10,4414.18,8.0,PASS_<=10c,+12.0,UP,-85.0,+113.0,4.2,+6.71,1.60,SLOW,4412.97,4414.86,4411.49,4414.79,0.00,0.00,0.0,BULLISH,337.0,4414.95,4415.00,4413.73,4414.10,47,CLEARED_>=20s,127.0,85.0,5.0,37.0,3.9,29.1,3.9,PASS_<20%,0.00,0.0,NO,STANDBY_VEL_LOW,0,0.00,4590.00,80.26,FALSE,M1_DIRECTION_MISMATCH
2026-09-07 15:16:48.258,1788794208.258,5305,97,208,4414.10,4414.18,8.0,PASS_<=10c,+0.0,FLAT,-85.0,+113.0,4.2,+6.50,1.55,SLOW,4412.97,4414.86,4411.49,4414.79,0.00,0.00,0.0,BULLISH,337.0,4414.95,4415.00,4413.73,4414.10,48,CLEARED_>=20s,127.0,85.0,5.0,37.0,3.9,29.1,3.9,PASS_<20%,0.00,0.0,NO,STANDBY_VEL_LOW,0,0.00,4590.00,80.26,FALSE,M1_DIRECTION_MISMATCH
2026-09-07 15:16:48.759,1788794208.760,5306,98,209,4414.09,4414.17,8.0,PASS_<=10c,-1.0,DOWN,-86.0,+112.0,4.2,+5.45,1.30,SLOW,4412.97,4414.86,4411.49,4414.79,0.00,0.00,0.0,BULLISH,337.0,4414.95,4415.00,4413.73,4414.09,48,CLEARED_>=20s,127.0,86.0,5.0,36.0,3.9,28.3,3.9,PASS_<20%,0.00,0.0,NO,STANDBY_VEL_LOW,0,0.00,4590.00,80.26,FALSE,M1_DIRECTION_MISMATCH
2026-09-07 15:16:49.260,1788794209.261,5307,99,210,4414.14,4414.22,8.0,PASS_<=10c,+5.0,UP,-81.0,+117.0,4.2,+5.87,1.40,SLOW,4412.97,4414.86,4411.49,4414.79,0.00,0.00,0.0,BULLISH,337.0,4414.95,4415.00,4413.73,4414.14,49,CLEARED_>=20s,127.0,81.0,5.0,41.0,3.9,32.3,3.9,PASS_<20%,0.00,0.0,NO,STANDBY_VEL_LOW,0,0.00,4590.00,80.26,FALSE,M1_DIRECTION_MISMATCH
2026-09-07 15:16:49.762,1788794209.762,5308,100,211,4414.15,4414.23,8.0,PASS_<=10c,+1.0,UP,-80.0,+118.0,4.2,+5.87,1.40,SLOW,4412.97,4414.86,4411.49,4414.79,0.00,0.00,0.0,BULLISH,337.0,4414.95,4415.00,4413.73,4414.15,49,CLEARED_>=20s,127.0,80.0,5.0,42.0,3.9,33.1,3.9,PASS_<20%,0.00,0.0,NO,STANDBY_VEL_LOW,0,0.00,4590.00,80.26,FALSE,M1_DIRECTION_MISMATCH
2026-09-07 15:16:50.264,1788794210.265,5309,101,212,4414.15,4414.23,8.0,PASS_<=10c,+0.0,FLAT,-80.0,+118.0,4.2,+5.66,1.35,SLOW,4412.97,4414.86,4411.49,4414.79,0.00,0.00,0.0,BULLISH,337.0,4414.95,4415.00,4413.73,4414.15,50,CLEARED_>=20s,127.0,80.0,5.0,42.0,3.9,33.1,3.9,PASS_<20%,0.00,0.0,NO,STANDBY_VEL_LOW,0,0.00,4590.00,80.26,FALSE,M1_DIRECTION_MISMATCH
2026-09-07 15:16:50.765,1788794210.766,5310,102,213,4414.15,4414.23,8.0,PASS_<=10c,+0.0,FLAT,-80.0,+118.0,4.2,+5.66,1.35,SLOW,4412.97,4414.86,4411.49,4414.79,0.00,0.00,0.0,BULLISH,337.0,4414.95,4415.00,4413.73,4414.15,50,CLEARED_>=20s,127.0,80.0,5.0,42.0,3.9,33.1,3.9,PASS_<20%,0.00,0.0,NO,STANDBY_VEL_LOW,0,0.00,4590.00,80.26,FALSE,M1_DIRECTION_MISMATCH
2026-09-07 15:16:51.268,1788794211.268,5311,103,214,4414.15,4414.23,8.0,PASS_<=10c,+0.0,FLAT,-80.0,+118.0,4.2,+3.57,0.85,SLOW,4412.97,4414.86,4411.49,4414.79,0.00,0.00,0.0,BULLISH,337.0,4414.95,4415.00,4413.73,4414.15,51,CLEARED_>=20s,127.0,80.0,5.0,42.0,3.9,33.1,3.9,PASS_<20%,0.00,0.0,NO,STANDBY_VEL_LOW,0,0.00,4590.00,80.26,FALSE,M1_DIRECTION_MISMATCH
2026-09-07 15:16:51.769,1788794211.770,5312,104,215,4414.15,4414.23,8.0,PASS_<=10c,+0.0,FLAT,-80.0,+118.0,4.2,+3.57,0.85,SLOW,4412.97,4414.86,4411.49,4414.79,0.00,0.00,0.0,BULLISH,337.0,4414.95,4415.00,4413.73,4414.15,51,CLEARED_>=20s,127.0,80.0,5.0,42.0,3.9,33.1,3.9,PASS_<20%,0.00,0.0,NO,STANDBY_VEL_LOW,0,0.00,4590.00,80.26,FALSE,M1_DIRECTION_MISMATCH
2026-09-07 15:16:52.271,1788794212.271,5313,105,216,4414.23,4414.31,8.0,PASS_<=10c,+8.0,UP,-72.0,+126.0,4.2,+4.41,1.05,SLOW,4412.97,4414.86,4411.49,4414.79,0.00,0.00,0.0,BULLISH,337.0,4414.95,4415.00,4413.73,4414.23,52,CLEARED_>=20s,127.0,72.0,5.0,50.0,3.9,39.4,3.9,PASS_<20%,0.00,0.0,NO,STANDBY_VEL_LOW,0,0.00,4590.00,80.26,FALSE,M1_DIRECTION_MISMATCH
2026-09-07 15:16:52.773,1788794212.773,5314,106,217,4414.23,4414.31,8.0,PASS_<=10c,+0.0,FLAT,-72.0,+126.0,4.2,+2.73,0.65,SLOW,4412.97,4414.86,4411.49,4414.79,0.00,0.00,0.0,BULLISH,337.0,4414.95,4415.00,4413.73,4414.23,52,CLEARED_>=20s,127.0,72.0,5.0,50.0,3.9,39.4,3.9,PASS_<20%,0.00,0.0,NO,STANDBY_VEL_LOW,0,0.00,4590.00,80.26,FALSE,M1_DIRECTION_MISMATCH
2026-09-07 15:16:53.274,1788794213.275,5315,107,218,4414.28,4414.36,8.0,PASS_<=10c,+5.0,UP,-67.0,+131.0,4.2,+3.78,0.90,SLOW,4412.97,4414.86,4411.49,4414.79,0.00,0.00,0.0,BULLISH,337.0,4414.95,4415.00,4413.73,4414.28,53,CLEARED_>=20s,127.0,67.0,5.0,55.0,3.9,43.3,3.9,PASS_<20%,0.00,0.0,NO,STANDBY_VEL_LOW,0,0.00,4590.00,80.26,FALSE,M1_DIRECTION_MISMATCH
2026-09-07 15:16:53.777,1788794213.778,5316,108,219,4414.20,4414.28,8.0,PASS_<=10c,-8.0,DOWN,-75.0,+123.0,4.2,+1.47,0.35,SLOW,4412.97,4414.86,4411.49,4414.79,0.00,0.00,0.0,BULLISH,337.0,4414.95,4415.00,4413.73,4414.20,53,CLEARED_>=20s,127.0,75.0,5.0,47.0,3.9,37.0,3.9,PASS_<20%,0.00,0.0,NO,STANDBY_VEL_LOW,0,0.00,4590.00,80.26,FALSE,M1_DIRECTION_MISMATCH
2026-09-07 15:16:54.279,1788794214.279,5317,109,220,4414.14,4414.22,8.0,PASS_<=10c,-6.0,DOWN,-81.0,+117.0,4.2,+0.21,0.05,SLOW,4412.97,4414.86,4411.49,4414.79,0.00,0.00,0.0,BULLISH,337.0,4414.95,4415.00,4413.73,4414.14,54,CLEARED_>=20s,127.0,81.0,5.0,41.0,3.9,32.3,3.9,PASS_<20%,0.00,0.0,NO,STANDBY_VEL_LOW,0,0.00,4590.00,80.26,FALSE,M1_DIRECTION_MISMATCH
2026-09-07 15:16:54.781,1788794214.782,5318,110,221,4414.16,4414.24,8.0,PASS_<=10c,+2.0,UP,-79.0,+119.0,4.2,+0.21,0.05,SLOW,4412.97,4414.86,4411.49,4414.79,0.00,0.00,0.0,BULLISH,337.0,4414.95,4415.00,4413.73,4414.16,54,CLEARED_>=20s,127.0,79.0,5.0,43.0,3.9,33.9,3.9,PASS_<20%,0.00,0.0,NO,STANDBY_VEL_LOW,0,0.00,4590.00,80.26,FALSE,M1_DIRECTION_MISMATCH
2026-09-07 15:16:55.284,1788794215.284,5319,111,222,4414.37,4414.45,8.0,PASS_<=10c,+21.0,UP,-58.0,+140.0,4.2,+4.61,1.10,SLOW,4412.97,4414.86,4411.49,4414.79,0.00,0.00,0.0,BULLISH,337.0,4414.95,4415.00,4413.73,4414.37,55,CLEARED_>=20s,127.0,58.0,5.0,64.0,3.9,50.4,3.9,PASS_<20%,0.00,0.0,NO,STANDBY_VEL_LOW,0,0.00,4590.00,80.26,FALSE,M1_DIRECTION_MISMATCH
2026-09-07 15:16:55.785,1788794215.786,5320,112,223,4414.40,4414.48,8.0,PASS_<=10c,+3.0,UP,-55.0,+143.0,4.2,+5.24,1.25,SLOW,4412.97,4414.86,4411.49,4414.79,0.00,0.00,0.0,BULLISH,337.0,4414.95,4415.00,4413.73,4414.40,55,CLEARED_>=20s,127.0,55.0,5.0,67.0,3.9,52.8,3.9,PASS_<20%,0.00,0.0,NO,STANDBY_VEL_LOW,0,0.00,4590.00,80.26,FALSE,M1_DIRECTION_MISMATCH
2026-09-07 15:16:56.287,1788794216.287,5321,113,224,4414.40,4414.48,8.0,PASS_<=10c,+0.0,FLAT,-55.0,+143.0,4.2,+5.24,1.25,SLOW,4412.97,4414.86,4411.49,4414.79,0.00,0.00,0.0,BULLISH,337.0,4414.95,4415.00,4413.73,4414.40,56,CLEARED_>=20s,127.0,55.0,5.0,67.0,3.9,52.8,3.9,PASS_<20%,0.00,0.0,NO,STANDBY_VEL_LOW,0,0.00,4590.00,80.26,FALSE,M1_DIRECTION_MISMATCH
2026-09-07 15:16:56.789,1788794216.789,5322,114,225,4414.39,4414.47,8.0,PASS_<=10c,-1.0,DOWN,-56.0,+142.0,4.2,+3.77,0.90,SLOW,4412.97,4414.86,4411.49,4414.79,0.00,0.00,0.0,BULLISH,337.0,4414.95,4415.00,4413.73,4414.39,56,CLEARED_>=20s,127.0,56.0,5.0,66.0,3.9,52.0,3.9,PASS_<20%,0.00,0.0,NO,STANDBY_VEL_LOW,0,0.00,4590.00,80.26,FALSE,M1_DIRECTION_MISMATCH
2026-09-07 15:16:57.290,1788794217.291,5323,115,226,4414.39,4414.47,8.0,PASS_<=10c,+0.0,FLAT,-56.0,+142.0,4.2,+3.36,0.80,SLOW,4412.97,4414.86,4411.49,4414.79,0.00,0.00,0.0,BULLISH,337.0,4414.95,4415.00,4413.73,4414.39,57,CLEARED_>=20s,127.0,56.0,5.0,66.0,3.9,52.0,3.9,PASS_<20%,0.00,0.0,NO,STANDBY_VEL_LOW,0,0.00,4590.00,80.26,FALSE,M1_DIRECTION_MISMATCH
2026-09-07 15:16:57.792,1788794217.793,5324,116,227,4414.39,4414.47,8.0,PASS_<=10c,+0.0,FLAT,-56.0,+142.0,4.2,+2.31,0.55,SLOW,4412.97,4414.86,4411.49,4414.79,0.00,0.00,0.0,BULLISH,337.0,4414.95,4415.00,4413.73,4414.39,57,CLEARED_>=20s,127.0,56.0,5.0,66.0,3.9,52.0,3.9,PASS_<20%,0.00,0.0,NO,STANDBY_VEL_LOW,0,0.00,4590.00,80.26,FALSE,M1_DIRECTION_MISMATCH
2026-09-07 15:16:58.295,1788794218.295,5325,117,228,4414.39,4414.47,8.0,PASS_<=10c,+0.0,FLAT,-56.0,+142.0,4.2,+3.98,0.95,SLOW,4412.97,4414.86,4411.49,4414.79,0.00,0.00,0.0,BULLISH,337.0,4414.95,4415.00,4413.73,4414.39,58,CLEARED_>=20s,127.0,56.0,5.0,66.0,3.9,52.0,3.9,PASS_<20%,0.00,0.0,NO,STANDBY_VEL_LOW,0,0.00,4590.00,80.26,FALSE,M1_DIRECTION_MISMATCH
2026-09-07 15:16:58.797,1788794218.798,5326,118,229,4414.39,4414.47,8.0,PASS_<=10c,+0.0,FLAT,-56.0,+142.0,4.2,+3.98,0.95,SLOW,4412.97,4414.86,4411.49,4414.79,0.00,0.00,0.0,BULLISH,337.0,4414.95,4415.00,4413.73,4414.39,58,CLEARED_>=20s,127.0,56.0,5.0,66.0,3.9,52.0,3.9,PASS_<20%,0.00,0.0,NO,STANDBY_VEL_LOW,0,0.00,4590.00,80.26,FALSE,M1_DIRECTION_MISMATCH
2026-09-07 15:16:59.299,1788794219.300,5327,119,230,4414.37,4414.45,8.0,PASS_<=10c,-2.0,DOWN,-58.0,+140.0,4.2,+4.61,1.10,SLOW,4412.97,4414.86,4411.49,4414.79,0.00,0.00,0.0,BULLISH,337.0,4414.95,4415.00,4413.73,4414.37,59,CLEARED_>=20s,127.0,58.0,5.0,64.0,3.9,50.4,3.9,PASS_<20%,0.00,0.0,NO,STANDBY_VEL_LOW,0,0.00,4590.00,80.26,FALSE,M1_DIRECTION_MISMATCH
2026-09-07 15:16:59.802,1788794219.803,5328,120,231,4414.37,4414.45,8.0,PASS_<=10c,+0.0,FLAT,-58.0,+140.0,4.2,+3.77,0.90,SLOW,4412.97,4414.86,4411.49,4414.79,0.00,0.00,0.0,BULLISH,337.0,4414.95,4415.00,4413.73,4414.37,59,CLEARED_>=20s,127.0,58.0,5.0,64.0,3.9,50.4,3.9,PASS_<20%,0.00,0.0,NO,STANDBY_VEL_LOW,0,0.00,4590.00,80.26,FALSE,M1_DIRECTION_MISMATCH
2026-09-07 15:17:00.302,1788794220.303,5329,1,232,4414.36,4414.44,8.0,PASS_<=10c,-1.0,DOWN,-1.0,+139.0,4.2,+1.26,0.30,SLOW,4412.97,4414.86,4411.49,4414.79,0.00,0.00,0.0,BULLISH,337.0,4414.37,4414.37,4414.36,4414.36,0,ACTIVE_0s,1.0,1.0,0.0,0.0,0.0,0.0,0.0,PASS_<20%,0.00,0.0,NO,STANDBY_VEL_LOW,0,0.00,4590.00,80.26,FALSE,M1_DIRECTION_MISMATCH|OPENING_SHIELD_ACTIVE_0s
2026-09-07 15:17:00.805,1788794220.805,5330,2,233,4414.17,4414.25,8.0,PASS_<=10c,-19.0,DOWN,-20.0,+120.0,4.2,+4.82,1.15,SLOW,4412.97,4414.86,4411.49,4414.79,0.00,0.00,0.0,BULLISH,337.0,4414.37,4414.37,4414.17,4414.17,0,ACTIVE_0s,20.0,20.0,0.0,0.0,0.0,0.0,0.0,PASS_<20%,0.00,0.0,NO,STANDBY_VEL_LOW,0,0.00,4590.00,80.26,FALSE,M1_DIRECTION_MISMATCH|OPENING_SHIELD_ACTIVE_0s
2026-09-07 15:17:01.306,1788794221.307,5331,3,234,4414.13,4414.21,8.0,PASS_<=10c,-4.0,DOWN,-24.0,+116.0,4.2,+5.66,1.35,SLOW,4412.97,4414.86,4411.49,4414.79,0.00,0.00,0.0,BULLISH,337.0,4414.37,4414.37,4414.13,4414.13,1,ACTIVE_1s,24.0,24.0,0.0,0.0,0.0,0.0,0.0,PASS_<20%,0.00,0.0,NO,STANDBY_VEL_LOW,0,0.00,4590.00,80.26,FALSE,M1_DIRECTION_MISMATCH|OPENING_SHIELD_ACTIVE_1s
2026-09-07 15:17:01.808,1788794221.809,5332,4,235,4414.16,4414.24,8.0,PASS_<=10c,+3.0,UP,-21.0,+119.0,4.2,+4.82,1.15,SLOW,4412.97,4414.86,4411.49,4414.79,0.00,0.00,0.0,BULLISH,337.0,4414.37,4414.37,4414.13,4414.16,1,ACTIVE_1s,24.0,21.0,0.0,3.0,0.0,12.5,0.0,PASS_<20%,0.00,0.0,NO,STANDBY_VEL_LOW,0,0.00,4590.00,80.26,FALSE,M1_DIRECTION_MISMATCH|OPENING_SHIELD_ACTIVE_1s
2026-09-07 15:17:02.310,1788794222.311,5333,5,236,4414.18,4414.26,8.0,PASS_<=10c,+2.0,UP,-19.0,+121.0,4.2,+4.40,1.05,SLOW,4412.97,4414.86,4411.49,4414.79,0.00,0.00,0.0,BULLISH,337.0,4414.37,4414.37,4414.13,4414.18,2,ACTIVE_2s,24.0,19.0,0.0,5.0,0.0,20.8,0.0,PASS_<20%,0.00,0.0,NO,STANDBY_VEL_LOW,0,0.00,4590.00,80.26,FALSE,M1_DIRECTION_MISMATCH|OPENING_SHIELD_ACTIVE_2s
2026-09-07 15:17:02.812,1788794222.813,5334,6,237,4414.18,4414.26,8.0,PASS_<=10c,+0.0,FLAT,-19.0,+121.0,4.2,+4.40,1.05,SLOW,4412.97,4414.86,4411.49,4414.79,0.00,0.00,0.0,BULLISH,337.0,4414.37,4414.37,4414.13,4414.18,2,ACTIVE_2s,24.0,19.0,0.0,5.0,0.0,20.8,0.0,PASS_<20%,0.00,0.0,NO,STANDBY_VEL_LOW,0,0.00,4590.00,80.26,FALSE,M1_DIRECTION_MISMATCH|OPENING_SHIELD_ACTIVE_2s
2026-09-07 15:17:03.314,1788794223.315,5335,7,238,4414.18,4414.26,8.0,PASS_<=10c,+0.0,FLAT,-19.0,+121.0,4.2,+4.40,1.05,SLOW,4412.97,4414.86,4411.49,4414.79,0.00,0.00,0.0,BULLISH,337.0,4414.37,4414.37,4414.13,4414.18,3,ACTIVE_3s,24.0,19.0,0.0,5.0,0.0,20.8,0.0,PASS_<20%,0.00,0.0,NO,STANDBY_VEL_LOW,0,0.00,4590.00,80.26,FALSE,M1_DIRECTION_MISMATCH|OPENING_SHIELD_ACTIVE_3s
2026-09-07 15:17:03.816,1788794223.816,5336,8,239,4414.18,4414.26,8.0,PASS_<=10c,+0.0,FLAT,-19.0,+121.0,4.2,+3.99,0.95,SLOW,4412.97,4414.86,4411.49,4414.79,0.00,0.00,0.0,BULLISH,337.0,4414.37,4414.37,4414.13,4414.18,3,ACTIVE_3s,24.0,19.0,0.0,5.0,0.0,20.8,0.0,PASS_<20%,0.00,0.0,NO,STANDBY_VEL_LOW,0,0.00,4590.00,80.26,FALSE,M1_DIRECTION_MISMATCH|OPENING_SHIELD_ACTIVE_3s
2026-09-07 15:17:04.318,1788794224.319,5337,9,240,4414.22,4414.30,8.0,PASS_<=10c,+4.0,UP,-15.0,+125.0,4.2,+3.15,0.75,SLOW,4412.97,4414.86,4411.49,4414.79,0.00,0.00,0.0,BULLISH,337.0,4414.37,4414.37,4414.13,4414.22,4,ACTIVE_4s,24.0,15.0,0.0,9.0,0.0,37.5,0.0,PASS_<20%,0.00,0.0,NO,STANDBY_VEL_LOW,0,0.00,4590.00,80.26,FALSE,M1_DIRECTION_MISMATCH|OPENING_SHIELD_ACTIVE_4s
2026-09-07 15:17:04.820,1788794224.821,5338,10,241,4414.22,4414.30,8.0,PASS_<=10c,+0.0,FLAT,-15.0,+125.0,4.2,+3.15,0.75,SLOW,4412.97,4414.86,4411.49,4414.79,0.00,0.00,0.0,BULLISH,337.0,4414.37,4414.37,4414.13,4414.22,4,ACTIVE_4s,24.0,15.0,0.0,9.0,0.0,37.5,0.0,PASS_<20%,0.00,0.0,NO,STANDBY_VEL_LOW,0,0.00,4590.00,80.26,FALSE,M1_DIRECTION_MISMATCH|OPENING_SHIELD_ACTIVE_4s
2026-09-07 15:17:05.323,1788794225.323,5339,11,242,4414.16,4414.24,8.0,PASS_<=10c,-6.0,DOWN,-21.0,+119.0,4.2,+0.42,0.10,SLOW,4412.97,4414.86,4411.49,4414.79,0.00,0.00,0.0,BULLISH,337.0,4414.37,4414.37,4414.13,4414.16,5,ACTIVE_5s,24.0,21.0,0.0,3.0,0.0,12.5,0.0,PASS_<20%,0.00,0.0,NO,STANDBY_VEL_LOW,0,0.00,4590.00,80.26,FALSE,M1_DIRECTION_MISMATCH|OPENING_SHIELD_ACTIVE_5s
2026-09-07 15:17:05.825,1788794225.825,5340,12,243,4414.08,4414.16,8.0,PASS_<=10c,-8.0,DOWN,-29.0,+111.0,4.2,+1.26,0.30,SLOW,4412.97,4414.86,4411.49,4414.79,0.00,0.00,0.0,BULLISH,337.0,4414.37,4414.37,4414.08,4414.08,5,ACTIVE_5s,29.0,29.0,0.0,0.0,0.0,0.0,0.0,PASS_<20%,0.00,0.0,NO,STANDBY_VEL_LOW,0,0.00,4590.00,80.26,FALSE,M1_DIRECTION_MISMATCH|OPENING_SHIELD_ACTIVE_5s
2026-09-07 15:17:06.326,1788794226.326,5341,13,244,4414.08,4414.16,8.0,PASS_<=10c,+0.0,FLAT,-29.0,+111.0,4.2,+1.47,0.35,SLOW,4412.97,4414.86,4411.49,4414.79,0.00,0.00,0.0,BULLISH,337.0,4414.37,4414.37,4414.08,4414.08,6,ACTIVE_6s,29.0,29.0,0.0,0.0,0.0,0.0,0.0,PASS_<20%,0.00,0.0,NO,STANDBY_VEL_LOW,0,0.00,4590.00,80.26,FALSE,M1_DIRECTION_MISMATCH|OPENING_SHIELD_ACTIVE_6s
2026-09-07 15:17:06.827,1788794226.828,5342,14,245,4414.12,4414.20,8.0,PASS_<=10c,+4.0,UP,-25.0,+115.0,4.2,+0.84,0.20,SLOW,4412.97,4414.86,4411.49,4414.79,0.00,0.00,0.0,BULLISH,337.0,4414.37,4414.37,4414.08,4414.12,6,ACTIVE_6s,29.0,25.0,0.0,4.0,0.0,13.8,0.0,PASS_<20%,0.00,0.0,NO,STANDBY_VEL_LOW,0,0.00,4590.00,80.26,FALSE,M1_DIRECTION_MISMATCH|OPENING_SHIELD_ACTIVE_6s
2026-09-07 15:17:07.329,1788794227.329,5343,15,246,4414.11,4414.19,8.0,PASS_<=10c,-1.0,DOWN,-26.0,+114.0,4.2,+1.47,0.35,SLOW,4412.97,4414.86,4411.49,4414.79,0.00,0.00,0.0,BULLISH,337.0,4414.37,4414.37,4414.08,4414.11,7,ACTIVE_7s,29.0,26.0,0.0,3.0,0.0,10.3,0.0,PASS_<20%,0.00,0.0,NO,STANDBY_VEL_LOW,0,0.00,4590.00,80.26,FALSE,M1_DIRECTION_MISMATCH|OPENING_SHIELD_ACTIVE_7s
2026-09-07 15:17:07.830,1788794227.831,5344,16,247,4414.25,4414.33,8.0,PASS_<=10c,+14.0,UP,-12.0,+128.0,4.2,+1.47,0.35,SLOW,4412.97,4414.86,4411.49,4414.79,0.00,0.00,0.0,BULLISH,337.0,4414.37,4414.37,4414.08,4414.25,7,ACTIVE_7s,29.0,12.0,0.0,17.0,0.0,58.6,0.0,PASS_<20%,0.00,0.0,NO,STANDBY_VEL_LOW,0,0.00,4590.00,80.26,FALSE,M1_DIRECTION_MISMATCH|OPENING_SHIELD_ACTIVE_7s
2026-09-07 15:17:08.333,1788794228.333,5345,17,248,4414.24,4414.32,8.0,PASS_<=10c,-1.0,DOWN,-13.0,+127.0,4.2,+1.26,0.30,SLOW,4412.97,4414.86,4411.49,4414.79,0.00,0.00,0.0,BULLISH,337.0,4414.37,4414.37,4414.08,4414.24,8,ACTIVE_8s,29.0,13.0,0.0,16.0,0.0,55.2,0.0,PASS_<20%,0.00,0.0,NO,STANDBY_VEL_LOW,0,0.00,4590.00,80.26,FALSE,M1_DIRECTION_MISMATCH|OPENING_SHIELD_ACTIVE_8s
2026-09-07 15:17:08.834,1788794228.835,5346,18,249,4414.21,4414.29,8.0,PASS_<=10c,-3.0,DOWN,-16.0,+124.0,4.2,+0.21,0.05,SLOW,4412.97,4414.86,4411.49,4414.79,0.00,0.00,0.0,BULLISH,337.0,4414.37,4414.37,4414.08,4414.21,8,ACTIVE_8s,29.0,16.0,0.0,13.0,0.0,44.8,0.0,PASS_<20%,0.00,0.0,NO,STANDBY_VEL_LOW,0,0.00,4590.00,80.26,FALSE,M1_DIRECTION_MISMATCH|OPENING_SHIELD_ACTIVE_8s
2026-09-07 15:17:09.337,1788794229.338,5347,19,250,4414.21,4414.29,8.0,PASS_<=10c,+0.0,FLAT,-16.0,+124.0,4.2,+0.21,0.05,SLOW,4412.97,4414.86,4411.49,4414.79,0.00,0.00,0.0,BULLISH,337.0,4414.37,4414.37,4414.08,4414.21,9,ACTIVE_9s,29.0,16.0,0.0,13.0,0.0,44.8,0.0,PASS_<20%,0.00,0.0,NO,STANDBY_VEL_LOW,0,0.00,4590.00,80.26,FALSE,M1_DIRECTION_MISMATCH|OPENING_SHIELD_ACTIVE_9s
2026-09-07 15:17:09.839,1788794229.840,5348,20,251,4414.22,4414.30,8.0,PASS_<=10c,+1.0,UP,-15.0,+125.0,4.2,+1.05,0.25,SLOW,4412.97,4414.86,4411.49,4414.79,0.00,0.00,0.0,BULLISH,337.0,4414.37,4414.37,4414.08,4414.22,9,ACTIVE_9s,29.0,15.0,0.0,14.0,0.0,48.3,0.0,PASS_<20%,0.00,0.0,NO,STANDBY_VEL_LOW,0,0.00,4590.00,80.26,FALSE,M1_DIRECTION_MISMATCH|OPENING_SHIELD_ACTIVE_9s
2026-09-07 15:17:10.341,1788794230.341,5349,21,252,4413.99,4414.07,8.0,PASS_<=10c,-23.0,DOWN,-38.0,+102.0,4.2,+2.73,0.65,SLOW,4412.97,4414.86,4411.49,4414.79,0.00,0.00,0.0,BULLISH,337.0,4414.37,4414.37,4413.99,4413.99,10,ACTIVE_10s,38.0,38.0,0.0,0.0,0.0,0.0,0.0,PASS_<20%,0.00,0.0,NO,STANDBY_VEL_LOW,0,0.00,4590.00,80.26,FALSE,M1_DIRECTION_MISMATCH|OPENING_SHIELD_ACTIVE_10s
2026-09-07 15:17:10.843,1788794230.844,5350,22,253,4414.20,4414.28,8.0,PASS_<=10c,+21.0,UP,-17.0,+123.0,4.2,+2.52,0.60,SLOW,4412.97,4414.86,4411.49,4414.79,0.00,0.00,0.0,BULLISH,337.0,4414.37,4414.37,4413.99,4414.20,10,ACTIVE_10s,38.0,17.0,0.0,21.0,0.0,55.3,0.0,PASS_<20%,0.00,0.0,NO,STANDBY_VEL_LOW,0,0.00,4590.00,80.26,FALSE,M1_DIRECTION_MISMATCH|OPENING_SHIELD_ACTIVE_10s
2026-09-07 15:17:11.345,1788794231.345,5351,23,254,4414.25,4414.33,8.0,PASS_<=10c,+5.0,UP,-12.0,+128.0,4.2,+2.73,0.65,SLOW,4412.97,4414.86,4411.49,4414.79,0.00,0.00,0.0,BULLISH,337.0,4414.37,4414.37,4413.99,4414.25,11,ACTIVE_11s,38.0,12.0,0.0,26.0,0.0,68.4,0.0,PASS_<20%,0.00,0.0,NO,STANDBY_VEL_LOW,0,0.00,4590.00,80.26,FALSE,M1_DIRECTION_MISMATCH|OPENING_SHIELD_ACTIVE_11s
2026-09-07 15:17:11.848,1788794231.848,5352,24,255,4414.27,4414.35,8.0,PASS_<=10c,+2.0,UP,-10.0,+130.0,4.2,+3.15,0.75,SLOW,4412.97,4414.86,4411.49,4414.79,0.00,0.00,0.0,BULLISH,337.0,4414.37,4414.37,4413.99,4414.27,11,ACTIVE_11s,38.0,10.0,0.0,28.0,0.0,73.7,0.0,PASS_<20%,0.00,0.0,NO,STANDBY_VEL_LOW,0,0.00,4590.00,80.26,FALSE,M1_DIRECTION_MISMATCH|OPENING_SHIELD_ACTIVE_11s
2026-09-07 15:17:12.350,1788794232.350,5353,25,256,4414.28,4414.36,8.0,PASS_<=10c,+1.0,UP,-9.0,+131.0,4.2,+3.14,0.75,SLOW,4412.97,4414.86,4411.49,4414.79,0.00,0.00,0.0,BULLISH,337.0,4414.37,4414.37,4413.99,4414.28,12,ACTIVE_12s,38.0,9.0,0.0,29.0,0.0,76.3,0.0,PASS_<20%,0.00,0.0,NO,STANDBY_VEL_LOW,0,0.00,4590.00,80.26,FALSE,M1_DIRECTION_MISMATCH|OPENING_SHIELD_ACTIVE_12s
2026-09-07 15:17:12.851,1788794232.852,5354,26,257,4414.29,4414.37,8.0,PASS_<=10c,+1.0,UP,-8.0,+132.0,4.2,+0.84,0.20,SLOW,4412.97,4414.86,4411.49,4414.79,0.00,0.00,0.0,BULLISH,337.0,4414.37,4414.37,4413.99,4414.29,12,ACTIVE_12s,38.0,8.0,0.0,30.0,0.0,78.9,0.0,PASS_<20%,0.00,0.0,NO,STANDBY_VEL_LOW,0,0.00,4590.00,80.26,FALSE,M1_DIRECTION_MISMATCH|OPENING_SHIELD_ACTIVE_12s
2026-09-07 15:17:13.353,1788794233.353,5355,27,258,4414.32,4414.40,8.0,PASS_<=10c,+3.0,UP,-5.0,+135.0,4.2,+2.31,0.55,SLOW,4412.97,4414.86,4411.49,4414.79,0.00,0.00,0.0,BULLISH,337.0,4414.37,4414.37,4413.99,4414.32,13,ACTIVE_13s,38.0,5.0,0.0,33.0,0.0,86.8,0.0,PASS_<20%,0.00,0.0,NO,STANDBY_VEL_LOW,0,0.00,4590.00,80.26,FALSE,M1_DIRECTION_MISMATCH|OPENING_SHIELD_ACTIVE_13s
2026-09-07 15:17:13.855,1788794233.855,5356,28,259,4414.46,4414.54,8.0,PASS_<=10c,+14.0,UP,+9.0,+149.0,4.2,+5.24,1.25,SLOW,4412.97,4414.86,4411.49,4414.79,0.00,0.00,0.0,BULLISH,337.0,4414.37,4414.47,4413.99,4414.46,13,ACTIVE_13s,48.0,9.0,1.0,38.0,2.1,79.2,2.1,PASS_<20%,4414.52,6.0,NO,STANDBY_VEL_LOW,0,0.00,4590.00,80.26,FALSE,OPENING_SHIELD_ACTIVE_13s
2026-09-07 15:17:14.356,1788794234.356,5357,29,260,4414.46,4414.54,8.0,PASS_<=10c,+0.0,FLAT,+9.0,+149.0,4.2,+5.24,1.25,SLOW,4412.97,4414.86,4411.49,4414.79,0.00,0.00,0.0,BULLISH,337.0,4414.37,4414.47,4413.99,4414.46,14,ACTIVE_14s,48.0,9.0,1.0,38.0,2.1,79.2,2.1,PASS_<20%,4414.52,6.0,NO,STANDBY_VEL_LOW,0,0.00,4590.00,80.26,FALSE,OPENING_SHIELD_ACTIVE_14s
2026-09-07 15:17:14.857,1788794234.858,5358,30,261,4414.48,4414.56,8.0,PASS_<=10c,+2.0,UP,+11.0,+151.0,4.2,+5.87,1.40,SLOW,4412.97,4414.86,4411.49,4414.79,0.00,0.00,0.0,BULLISH,337.0,4414.37,4414.48,4413.99,4414.48,14,ACTIVE_14s,49.0,11.0,0.0,38.0,0.0,77.6,0.0,PASS_<20%,4414.52,4.0,NO,STANDBY_VEL_LOW,0,0.00,4590.00,80.26,FALSE,OPENING_SHIELD_ACTIVE_14s
2026-09-07 15:17:15.359,1788794235.359,5359,31,262,4414.50,4414.58,8.0,PASS_<=10c,+2.0,UP,+13.0,+153.0,4.2,+6.50,1.55,SLOW,4412.97,4414.86,4411.49,4414.79,0.00,0.00,0.0,BULLISH,337.0,4414.37,4414.50,4413.99,4414.50,15,ACTIVE_15s,51.0,13.0,0.0,38.0,0.0,74.5,0.0,PASS_<20%,4414.52,2.0,NO,STANDBY_VEL_LOW,0,0.00,4590.00,80.26,FALSE,OPENING_SHIELD_ACTIVE_15s
2026-09-07 15:17:15.860,1788794235.861,5360,32,263,4414.53,4414.61,8.0,PASS_<=10c,+3.0,UP,+16.0,+156.0,4.2,+5.87,1.40,SLOW,4412.97,4414.86,4411.49,4414.79,0.00,0.00,0.0,BULLISH,337.0,4414.37,4414.54,4413.99,4414.53,15,ACTIVE_15s,55.0,16.0,1.0,38.0,1.8,69.1,1.8,PASS_<20%,4414.52,1.0,NO,STANDBY_VEL_LOW,0,0.00,4590.00,80.26,FALSE,OPENING_SHIELD_ACTIVE_15s
2026-09-07 15:17:16.361,1788794236.362,5361,33,264,4414.61,4414.69,8.0,PASS_<=10c,+8.0,UP,+24.0,+164.0,4.2,+7.14,1.70,SLOW,4412.97,4414.86,4411.49,4414.79,0.00,0.00,0.0,BULLISH,337.0,4414.37,4414.61,4413.99,4414.61,16,ACTIVE_16s,62.0,24.0,0.0,38.0,0.0,61.3,0.0,PASS_<20%,4414.52,9.0,NO,STANDBY_VEL_LOW,0,0.00,4590.00,80.26,FALSE,OPENING_SHIELD_ACTIVE_16s
2026-09-07 15:17:16.862,1788794236.863,5362,34,265,4414.66,4414.74,8.0,PASS_<=10c,+5.0,UP,+29.0,+169.0,4.2,+7.98,1.90,SLOW,4412.97,4414.86,4411.49,4414.79,0.00,0.00,0.0,BULLISH,337.0,4414.37,4414.66,4413.99,4414.66,16,ACTIVE_16s,67.0,29.0,0.0,38.0,0.0,56.7,0.0,PASS_<20%,4414.52,14.0,NO,STANDBY_VEL_LOW,0,0.00,4590.00,80.26,FALSE,OPENING_SHIELD_ACTIVE_16s
2026-09-07 15:17:17.364,1788794237.364,5363,35,266,4414.69,4414.77,8.0,PASS_<=10c,+3.0,UP,+32.0,+172.0,4.2,+8.40,2.00,SLOW,4412.97,4414.86,4411.49,4414.79,0.00,0.00,0.0,BULLISH,337.0,4414.37,4414.69,4413.99,4414.69,17,ACTIVE_17s,70.0,32.0,0.0,38.0,0.0,54.3,0.0,PASS_<20%,4414.52,17.0,NO,STANDBY_VEL_LOW,0,0.00,4590.00,80.26,FALSE,OPENING_SHIELD_ACTIVE_17s
2026-09-07 15:17:17.865,1788794237.865,5364,36,267,4414.50,4414.58,8.0,PASS_<=10c,-19.0,DOWN,+13.0,+153.0,4.2,+4.41,1.05,SLOW,4412.97,4414.86,4411.49,4414.79,0.00,0.00,0.0,BULLISH,337.0,4414.37,4414.69,4413.99,4414.50,17,ACTIVE_17s,70.0,13.0,19.0,38.0,27.1,54.3,27.1,BLOCKED_27.1%,4414.52,2.0,NO,STANDBY_VEL_LOW,0,0.00,4590.00,80.26,FALSE,OPP_WICK_TOO_HIGH_0.27|OPENING_SHIELD_ACTIVE_17s
2026-09-07 15:17:18.366,1788794238.367,5365,37,268,4414.52,4414.60,8.0,PASS_<=10c,+2.0,UP,+15.0,+155.0,4.2,+1.05,0.25,SLOW,4412.97,4414.86,4411.49,4414.79,0.00,0.00,0.0,BULLISH,337.0,4414.37,4414.69,4413.99,4414.52,18,ACTIVE_18s,70.0,15.0,17.0,38.0,24.3,54.3,24.3,BLOCKED_24.3%,4414.52,0.0,NO,STANDBY_VEL_LOW,0,0.00,4590.00,80.26,FALSE,OPP_WICK_TOO_HIGH_0.24|OPENING_SHIELD_ACTIVE_18s
2026-09-07 15:17:18.867,1788794238.868,5366,38,269,4414.54,4414.62,8.0,PASS_<=10c,+2.0,UP,+17.0,+157.0,4.2,+1.68,0.40,SLOW,4412.97,4414.86,4411.49,4414.79,0.00,0.00,0.0,BULLISH,337.0,4414.37,4414.69,4413.99,4414.54,18,ACTIVE_18s,70.0,17.0,15.0,38.0,21.4,54.3,21.4,BLOCKED_21.4%,4414.52,2.0,NO,STANDBY_VEL_LOW,0,0.00,4590.00,80.26,FALSE,OPP_WICK_TOO_HIGH_0.21|OPENING_SHIELD_ACTIVE_18s
2026-09-07 15:17:19.368,1788794239.369,5367,39,270,4414.54,4414.62,8.0,PASS_<=10c,+0.0,FLAT,+17.0,+157.0,4.2,+1.26,0.30,SLOW,4412.97,4414.86,4411.49,4414.79,0.00,0.00,0.0,BULLISH,337.0,4414.37,4414.69,4413.99,4414.54,19,ACTIVE_19s,70.0,17.0,15.0,38.0,21.4,54.3,21.4,BLOCKED_21.4%,4414.52,2.0,NO,STANDBY_VEL_LOW,0,0.00,4590.00,80.26,FALSE,OPP_WICK_TOO_HIGH_0.21|OPENING_SHIELD_ACTIVE_19s
2026-09-07 15:17:19.870,1788794239.871,5368,40,271,4414.54,4414.62,8.0,PASS_<=10c,+0.0,FLAT,+17.0,+157.0,4.2,+1.26,0.30,SLOW,4412.97,4414.86,4411.49,4414.79,0.00,0.00,0.0,BULLISH,337.0,4414.37,4414.69,4413.99,4414.54,19,ACTIVE_19s,70.0,17.0,15.0,38.0,21.4,54.3,21.4,BLOCKED_21.4%,4414.52,2.0,NO,STANDBY_VEL_LOW,0,0.00,4590.00,80.26,FALSE,OPP_WICK_TOO_HIGH_0.21|OPENING_SHIELD_ACTIVE_19s
2026-09-07 15:17:20.372,1788794240.372,5369,41,272,4414.56,4414.64,8.0,PASS_<=10c,+2.0,UP,+19.0,+159.0,4.2,+0.42,0.10,SLOW,4412.97,4414.86,4411.49,4414.79,0.00,0.00,0.0,BULLISH,337.0,4414.37,4414.69,4413.99,4414.56,20,CLEARED_>=20s,70.0,19.0,13.0,38.0,18.6,54.3,18.6,PASS_<20%,4414.52,4.0,YES,STANDBY_VEL_LOW,0,0.00,4590.00,80.26,TRUE,READY_TO_FIRE
2026-09-07 15:17:20.873,1788794240.874,5370,42,273,4414.56,4414.64,8.0,PASS_<=10c,+0.0,FLAT,+19.0,+159.0,4.2,+0.28,0.07,SLOW,4412.97,4414.86,4411.49,4414.79,0.00,0.00,0.0,BULLISH,337.0,4414.37,4414.69,4413.99,4414.56,20,CLEARED_>=20s,70.0,19.0,13.0,38.0,18.6,54.3,18.6,PASS_<20%,4414.52,4.0,YES,STANDBY_VEL_LOW,0,0.00,4590.00,80.26,TRUE,READY_TO_FIRE
2026-09-07 15:17:21.374,1788794241.374,5371,43,274,4414.57,4414.65,8.0,PASS_<=10c,+1.0,UP,+20.0,+160.0,4.2,+1.26,0.30,SLOW,4412.97,4414.86,4411.49,4414.79,0.00,0.00,0.0,BULLISH,337.0,4414.37,4414.69,4413.99,4414.57,21,CLEARED_>=20s,70.0,20.0,12.0,38.0,17.1,54.3,17.1,PASS_<20%,4414.52,5.0,YES,STANDBY_VEL_LOW,0,0.00,4590.00,80.26,TRUE,READY_TO_FIRE
2026-09-07 15:17:21.875,1788794241.876,5372,44,275,4414.60,4414.68,8.0,PASS_<=10c,+3.0,UP,+23.0,+163.0,4.2,+1.89,0.45,SLOW,4412.97,4414.86,4411.49,4414.79,0.00,0.00,0.0,BULLISH,337.0,4414.37,4414.69,4413.99,4414.60,21,CLEARED_>=20s,70.0,23.0,9.0,38.0,12.9,54.3,12.9,PASS_<20%,4414.52,8.0,YES,STANDBY_VEL_LOW,0,0.00,4590.00,80.26,TRUE,READY_TO_FIRE
2026-09-07 15:17:22.377,1788794242.377,5373,45,276,4414.60,4414.68,8.0,PASS_<=10c,+0.0,FLAT,+23.0,+163.0,4.2,+1.89,0.45,SLOW,4412.97,4414.86,4411.49,4414.79,0.00,0.00,0.0,BULLISH,337.0,4414.37,4414.69,4413.99,4414.60,22,CLEARED_>=20s,70.0,23.0,9.0,38.0,12.9,54.3,12.9,PASS_<20%,4414.52,8.0,YES,STANDBY_VEL_LOW,0,0.00,4590.00,80.26,TRUE,READY_TO_FIRE
2026-09-07 15:17:22.879,1788794242.880,5374,46,277,4414.63,4414.71,8.0,PASS_<=10c,+3.0,UP,+26.0,+166.0,4.2,+2.31,0.55,SLOW,4412.97,4414.86,4411.49,4414.79,0.00,0.00,0.0,BULLISH,337.0,4414.37,4414.69,4413.99,4414.63,22,CLEARED_>=20s,70.0,26.0,6.0,38.0,8.6,54.3,8.6,PASS_<20%,4414.52,11.0,YES,STANDBY_VEL_LOW,0,0.00,4590.00,80.26,TRUE,READY_TO_FIRE
2026-09-07 15:17:23.380,1788794243.381,5375,47,278,4414.67,4414.75,8.0,PASS_<=10c,+4.0,UP,+30.0,+170.0,4.2,+3.15,0.75,SLOW,4412.97,4414.86,4411.49,4414.79,0.00,0.00,0.0,BULLISH,337.0,4414.37,4414.69,4413.99,4414.67,23,CLEARED_>=20s,70.0,30.0,2.0,38.0,2.9,54.3,2.9,PASS_<20%,4414.52,15.0,YES,STANDBY_VEL_LOW,0,0.00,4590.00,80.26,TRUE,READY_TO_FIRE
2026-09-07 15:17:23.882,1788794243.882,5376,48,279,4414.67,4414.75,8.0,PASS_<=10c,+0.0,FLAT,+30.0,+170.0,4.2,+2.73,0.65,SLOW,4412.97,4414.86,4411.49,4414.79,0.00,0.00,0.0,BULLISH,337.0,4414.37,4414.69,4413.99,4414.67,23,CLEARED_>=20s,70.0,30.0,2.0,38.0,2.9,54.3,2.9,PASS_<20%,4414.52,15.0,YES,STANDBY_VEL_LOW,0,0.00,4590.00,80.26,TRUE,READY_TO_FIRE
2026-09-07 15:17:24.384,1788794244.384,5377,49,280,4414.68,4414.76,8.0,PASS_<=10c,+1.0,UP,+31.0,+171.0,4.2,+2.94,0.70,SLOW,4412.97,4414.86,4411.49,4414.79,0.00,0.00,0.0,BULLISH,337.0,4414.37,4414.69,4413.99,4414.68,24,CLEARED_>=20s,70.0,31.0,1.0,38.0,1.4,54.3,1.4,PASS_<20%,4414.52,16.0,YES,STANDBY_VEL_LOW,0,0.00,4590.00,80.26,TRUE,READY_TO_FIRE
2026-09-07 15:17:24.885,1788794244.885,5378,50,281,4414.68,4414.76,8.0,PASS_<=10c,+0.0,FLAT,+31.0,+171.0,4.2,+2.73,0.65,SLOW,4412.97,4414.86,4411.49,4414.79,0.00,0.00,0.0,BULLISH,337.0,4414.37,4414.69,4413.99,4414.68,24,CLEARED_>=20s,70.0,31.0,1.0,38.0,1.4,54.3,1.4,PASS_<20%,4414.52,16.0,YES,STANDBY_VEL_LOW,0,0.00,4590.00,80.26,TRUE,READY_TO_FIRE
2026-09-07 15:17:25.387,1788794245.387,5379,51,282,4414.66,4414.74,8.0,PASS_<=10c,-2.0,DOWN,+29.0,+169.0,4.2,+2.10,0.50,SLOW,4412.97,4414.86,4411.49,4414.79,0.00,0.00,0.0,BULLISH,337.0,4414.37,4414.69,4413.99,4414.66,25,CLEARED_>=20s,70.0,29.0,3.0,38.0,4.3,54.3,4.3,PASS_<20%,4414.52,14.0,YES,STANDBY_VEL_LOW,0,0.00,4590.00,80.26,TRUE,READY_TO_FIRE
2026-09-07 15:17:25.889,1788794245.889,5380,52,283,4414.66,4414.74,8.0,PASS_<=10c,+0.0,FLAT,+29.0,+169.0,4.2,+1.89,0.45,SLOW,4412.97,4414.86,4411.49,4414.79,0.00,0.00,0.0,BULLISH,337.0,4414.37,4414.69,4413.99,4414.66,25,CLEARED_>=20s,70.0,29.0,3.0,38.0,4.3,54.3,4.3,PASS_<20%,4414.52,14.0,YES,STANDBY_VEL_LOW,0,0.00,4590.00,80.26,TRUE,READY_TO_FIRE
2026-09-07 15:17:26.389,1788794246.389,5381,53,284,4414.30,4414.38,8.0,PASS_<=10c,-36.0,DOWN,-7.0,+133.0,4.2,+6.30,1.50,SLOW,4412.97,4414.86,4411.49,4414.79,0.00,0.00,0.0,BULLISH,337.0,4414.37,4414.69,4413.99,4414.30,26,CLEARED_>=20s,70.0,7.0,32.0,31.0,45.7,44.3,45.7,BLOCKED_45.7%,0.00,0.0,NO,STANDBY_VEL_LOW,0,0.00,4590.00,80.26,FALSE,M1_DIRECTION_MISMATCH
2026-09-07 15:17:26.890,1788794246.890,5382,54,285,4414.25,4414.33,8.0,PASS_<=10c,-5.0,DOWN,-12.0,+128.0,4.2,+7.35,1.75,SLOW,4412.97,4414.86,4411.49,4414.79,0.00,0.00,0.0,BULLISH,337.0,4414.37,4414.69,4413.99,4414.25,26,CLEARED_>=20s,70.0,12.0,32.0,26.0,45.7,37.1,45.7,BLOCKED_45.7%,0.00,0.0,NO,STANDBY_VEL_LOW,0,0.00,4590.00,80.26,FALSE,M1_DIRECTION_MISMATCH
2026-09-07 15:17:27.390,1788794247.391,5383,55,286,4414.17,4414.25,8.0,PASS_<=10c,-8.0,DOWN,-20.0,+120.0,4.2,+9.03,2.15,SLOW,4412.97,4414.86,4411.49,4414.79,0.00,0.00,0.0,BULLISH,337.0,4414.37,4414.69,4413.99,4414.17,27,CLEARED_>=20s,70.0,20.0,32.0,18.0,45.7,25.7,45.7,BLOCKED_45.7%,0.00,0.0,NO,STANDBY_VEL_LOW,0,0.00,4590.00,80.26,FALSE,M1_DIRECTION_MISMATCH
2026-09-07 15:17:27.891,1788794247.892,5384,56,287,4414.21,4414.29,8.0,PASS_<=10c,+4.0,UP,-16.0,+124.0,4.2,+9.45,2.25,SLOW,4412.97,4414.86,4411.49,4414.79,0.00,0.00,0.0,BULLISH,337.0,4414.37,4414.69,4413.99,4414.21,27,CLEARED_>=20s,70.0,16.0,32.0,22.0,45.7,31.4,45.7,BLOCKED_45.7%,0.00,0.0,NO,STANDBY_VEL_LOW,0,0.00,4590.00,80.26,FALSE,M1_DIRECTION_MISMATCH
2026-09-07 15:17:28.392,1788794248.393,5385,57,288,4414.21,4414.29,8.0,PASS_<=10c,+0.0,FLAT,-16.0,+124.0,4.2,+9.66,2.30,SLOW,4412.97,4414.86,4411.49,4414.79,0.00,0.00,0.0,BULLISH,337.0,4414.37,4414.69,4413.99,4414.21,28,CLEARED_>=20s,70.0,16.0,32.0,22.0,45.7,31.4,45.7,BLOCKED_45.7%,0.00,0.0,NO,STANDBY_VEL_LOW,0,0.00,4590.00,80.26,FALSE,M1_DIRECTION_MISMATCH
2026-09-07 15:17:28.894,1788794248.894,5386,58,289,4414.12,4414.20,8.0,PASS_<=10c,-9.0,DOWN,-25.0,+115.0,4.2,+11.34,2.70,SLOW,4412.97,4414.86,4411.49,4414.79,0.00,0.00,0.0,BULLISH,337.0,4414.37,4414.69,4413.99,4414.12,28,CLEARED_>=20s,70.0,25.0,32.0,13.0,45.7,18.6,45.7,BLOCKED_45.7%,0.00,0.0,NO,STANDBY_VEL_LOW,0,0.00,4590.00,80.26,FALSE,M1_DIRECTION_MISMATCH
2026-09-07 15:17:29.395,1788794249.395,5387,59,290,4414.12,4414.20,8.0,PASS_<=10c,+0.0,FLAT,-25.0,+115.0,4.2,+11.97,2.85,SLOW,4412.97,4414.86,4411.49,4414.79,0.00,0.00,0.0,BULLISH,337.0,4414.37,4414.69,4413.99,4414.12,29,CLEARED_>=20s,70.0,25.0,32.0,13.0,45.7,18.6,45.7,BLOCKED_45.7%,0.00,0.0,NO,STANDBY_VEL_LOW,0,0.00,4590.00,80.26,FALSE,M1_DIRECTION_MISMATCH
2026-09-07 15:17:29.897,1788794249.897,5388,60,291,4414.12,4414.20,8.0,PASS_<=10c,+0.0,FLAT,-25.0,+115.0,4.2,+11.76,2.80,SLOW,4412.97,4414.86,4411.49,4414.79,0.00,0.00,0.0,BULLISH,337.0,4414.37,4414.69,4413.99,4414.12,29,CLEARED_>=20s,70.0,25.0,32.0,13.0,45.7,18.6,45.7,BLOCKED_45.7%,0.00,0.0,NO,STANDBY_VEL_LOW,0,0.00,4590.00,80.26,FALSE,M1_DIRECTION_MISMATCH
2026-09-07 15:17:30.398,1788794250.399,5389,61,292,4414.12,4414.20,8.0,PASS_<=10c,+0.0,FLAT,-25.0,+115.0,4.2,+11.34,2.70,SLOW,4412.97,4414.86,4411.49,4414.79,0.00,0.00,0.0,BULLISH,337.0,4414.37,4414.69,4413.99,4414.12,30,CLEARED_>=20s,70.0,25.0,32.0,13.0,45.7,18.6,45.7,BLOCKED_45.7%,0.00,0.0,NO,STANDBY_VEL_LOW,0,0.00,4590.00,80.26,FALSE,M1_DIRECTION_MISMATCH
2026-09-07 15:17:30.899,1788794250.899,5390,62,293,4414.13,4414.21,8.0,PASS_<=10c,+1.0,UP,-24.0,+116.0,4.2,+8.40,2.00,SLOW,4412.97,4414.86,4411.49,4414.79,0.00,0.00,0.0,BULLISH,337.0,4414.37,4414.69,4413.99,4414.13,30,CLEARED_>=20s,70.0,24.0,32.0,14.0,45.7,20.0,45.7,BLOCKED_45.7%,0.00,0.0,NO,STANDBY_VEL_LOW,0,0.00,4590.00,80.26,FALSE,M1_DIRECTION_MISMATCH
2026-09-07 15:17:31.400,1788794251.401,5391,63,294,4414.11,4414.19,8.0,PASS_<=10c,-2.0,DOWN,-26.0,+114.0,4.2,+2.94,0.70,SLOW,4412.97,4414.86,4411.49,4414.79,0.00,0.00,0.0,BULLISH,337.0,4414.37,4414.69,4413.99,4414.11,31,CLEARED_>=20s,70.0,26.0,32.0,12.0,45.7,17.1,45.7,BLOCKED_45.7%,0.00,0.0,NO,STANDBY_VEL_LOW,0,0.00,4590.00,80.26,FALSE,M1_DIRECTION_MISMATCH
2026-09-07 15:17:31.902,1788794251.902,5392,64,295,4414.01,4414.09,8.0,PASS_<=10c,-10.0,DOWN,-36.0,+104.0,4.2,+4.20,1.00,SLOW,4412.97,4414.86,4411.49,4414.79,0.00,0.00,0.0,BULLISH,337.0,4414.37,4414.69,4413.99,4414.01,31,CLEARED_>=20s,70.0,36.0,32.0,2.0,45.7,2.9,45.7,BLOCKED_45.7%,0.00,0.0,NO,STANDBY_VEL_LOW,0,0.00,4590.00,80.26,FALSE,M1_DIRECTION_MISMATCH
2026-09-07 15:17:32.436,1788794252.437,5393,65,296,4413.98,4414.06,8.0,PASS_<=10c,-3.0,DOWN,-39.0,+101.0,4.2,+4.59,1.09,SLOW,4412.97,4414.86,4411.49,4414.79,0.00,0.00,0.0,BULLISH,337.0,4414.37,4414.69,4413.98,4413.98,32,CLEARED_>=20s,71.0,39.0,32.0,0.0,45.1,0.0,45.1,BLOCKED_45.1%,0.00,0.0,NO,STANDBY_VEL_LOW,0,0.00,4590.00,80.26,FALSE,M1_DIRECTION_MISMATCH
2026-09-07 15:17:32.936,1788794252.937,5394,66,297,4413.98,4414.06,8.0,PASS_<=10c,+0.0,FLAT,-39.0,+101.0,4.2,+4.80,1.14,SLOW,4412.97,4414.86,4411.49,4414.79,0.00,0.00,0.0,BULLISH,337.0,4414.37,4414.69,4413.98,4413.98,32,CLEARED_>=20s,71.0,39.0,32.0,0.0,45.1,0.0,45.1,BLOCKED_45.1%,0.00,0.0,NO,STANDBY_VEL_LOW,0,0.00,4590.00,80.26,FALSE,M1_DIRECTION_MISMATCH
2026-09-07 15:17:33.438,1788794253.439,5395,67,298,4414.02,4414.10,8.0,PASS_<=10c,+4.0,UP,-35.0,+105.0,4.2,+2.09,0.50,SLOW,4412.97,4414.86,4411.49,4414.79,0.00,0.00,0.0,BULLISH,337.0,4414.37,4414.69,4413.98,4414.02,33,CLEARED_>=20s,71.0,35.0,32.0,4.0,45.1,5.6,45.1,BLOCKED_45.1%,0.00,0.0,NO,STANDBY_VEL_LOW,0,0.00,4590.00,80.26,FALSE,M1_DIRECTION_MISMATCH
2026-09-07 15:17:33.941,1788794253.941,5396,68,299,4414.04,4414.12,8.0,PASS_<=10c,+2.0,UP,-33.0,+107.0,4.2,+1.67,0.40,SLOW,4412.97,4414.86,4411.49,4414.79,0.00,0.00,0.0,BULLISH,337.0,4414.37,4414.69,4413.98,4414.04,33,CLEARED_>=20s,71.0,33.0,32.0,6.0,45.1,8.5,45.1,BLOCKED_45.1%,0.00,0.0,NO,STANDBY_VEL_LOW,0,0.00,4590.00,80.26,FALSE,M1_DIRECTION_MISMATCH
2026-09-07 15:17:34.503,1788794254.503,5397,69,300,4414.02,4414.10,8.0,PASS_<=10c,-2.0,DOWN,-35.0,+105.0,4.1,+2.06,0.50,SLOW,4412.97,4414.86,4411.49,4414.79,0.00,0.00,0.0,BULLISH,337.0,4414.37,4414.69,4413.98,4414.02,34,CLEARED_>=20s,71.0,35.0,32.0,4.0,45.1,5.6,45.1,BLOCKED_45.1%,0.00,0.0,NO,STANDBY_VEL_LOW,0,0.00,4590.00,80.26,FALSE,M1_DIRECTION_MISMATCH
2026-09-07 15:17:34.999,1788794254.999,5398,70,301,4414.02,4414.10,8.0,PASS_<=10c,+0.0,FLAT,-35.0,+105.0,4.1,+2.06,0.50,SLOW,4412.97,4414.86,4411.49,4414.79,0.00,0.00,0.0,BULLISH,337.0,4414.37,4414.69,4413.98,4414.02,34,CLEARED_>=20s,71.0,35.0,32.0,4.0,45.1,5.6,45.1,BLOCKED_45.1%,0.00,0.0,NO,STANDBY_VEL_LOW,0,0.00,4590.00,80.26,FALSE,M1_DIRECTION_MISMATCH
2026-09-07 15:17:35.499,1788794255.499,5399,71,302,4414.01,4414.09,8.0,PASS_<=10c,-1.0,DOWN,-36.0,+104.0,4.1,+2.47,0.60,SLOW,4412.97,4414.86,4411.49,4414.79,0.00,0.00,0.0,BULLISH,337.0,4414.37,4414.69,4413.98,4414.01,35,CLEARED_>=20s,71.0,36.0,32.0,3.0,45.1,4.2,45.1,BLOCKED_45.1%,0.00,0.0,NO,STANDBY_VEL_LOW,0,0.00,4590.00,80.26,FALSE,M1_DIRECTION_MISMATCH
2026-09-07 15:17:36.002,1788794256.003,5400,72,303,4414.01,4414.09,8.0,PASS_<=10c,+0.0,FLAT,-36.0,+104.0,4.1,+1.86,0.45,SLOW,4412.97,4414.86,4411.49,4414.79,0.00,0.00,0.0,BULLISH,337.0,4414.37,4414.69,4413.98,4414.01,36,CLEARED_>=20s,71.0,36.0,32.0,3.0,45.1,4.2,45.1,BLOCKED_45.1%,0.00,0.0,NO,STANDBY_VEL_LOW,0,0.00,4590.00,80.26,FALSE,M1_DIRECTION_MISMATCH
2026-09-07 15:17:36.502,1788794256.502,5401,73,304,4414.01,4414.09,8.0,PASS_<=10c,+0.0,FLAT,-36.0,+104.0,4.1,+0.41,0.10,SLOW,4412.97,4414.86,4411.49,4414.79,0.00,0.00,0.0,BULLISH,337.0,4414.37,4414.69,4413.98,4414.01,36,CLEARED_>=20s,71.0,36.0,32.0,3.0,45.1,4.2,45.1,BLOCKED_45.1%,0.00,0.0,NO,STANDBY_VEL_LOW,0,0.00,4590.00,80.26,FALSE,M1_DIRECTION_MISMATCH
2026-09-07 15:17:37.003,1788794257.004,5402,74,305,4414.01,4414.09,8.0,PASS_<=10c,+0.0,FLAT,-36.0,+104.0,4.1,+0.62,0.15,SLOW,4412.97,4414.86,4411.49,4414.79,0.00,0.00,0.0,BULLISH,337.0,4414.37,4414.69,4413.98,4414.01,37,CLEARED_>=20s,71.0,36.0,32.0,3.0,45.1,4.2,45.1,BLOCKED_45.1%,0.00,0.0,NO,STANDBY_VEL_LOW,0,0.00,4590.00,80.26,FALSE,M1_DIRECTION_MISMATCH
2026-09-07 15:17:37.505,1788794257.505,5403,75,306,4414.00,4414.08,8.0,PASS_<=10c,-1.0,DOWN,-37.0,+103.0,4.1,+0.41,0.10,SLOW,4412.97,4414.86,4411.49,4414.79,0.00,0.00,0.0,BULLISH,337.0,4414.37,4414.69,4413.98,4414.00,37,CLEARED_>=20s,71.0,37.0,32.0,2.0,45.1,2.8,45.1,BLOCKED_45.1%,0.00,0.0,NO,STANDBY_VEL_LOW,0,0.00,4590.00,80.26,FALSE,M1_DIRECTION_MISMATCH
2026-09-07 15:17:38.006,1788794258.006,5404,76,307,4413.97,4414.05,8.0,PASS_<=10c,-3.0,DOWN,-40.0,+100.0,4.2,+0.21,0.05,SLOW,4412.97,4414.86,4411.49,4414.79,0.00,0.00,0.0,BULLISH,337.0,4414.37,4414.69,4413.97,4413.97,38,CLEARED_>=20s,72.0,40.0,32.0,0.0,44.4,0.0,44.4,BLOCKED_44.4%,0.00,0.0,NO,STANDBY_VEL_LOW,0,0.00,4590.00,80.26,FALSE,M1_DIRECTION_MISMATCH
2026-09-07 15:17:38.507,1788794258.508,5405,77,308,4413.97,4414.05,8.0,PASS_<=10c,+0.0,FLAT,-40.0,+100.0,4.2,+1.45,0.35,SLOW,4412.97,4414.86,4411.49,4414.79,0.00,0.00,0.0,BULLISH,337.0,4414.37,4414.69,4413.97,4413.97,38,CLEARED_>=20s,72.0,40.0,32.0,0.0,44.4,0.0,44.4,BLOCKED_44.4%,0.00,0.0,NO,STANDBY_VEL_LOW,0,0.00,4590.00,80.26,FALSE,M1_DIRECTION_MISMATCH
2026-09-07 15:17:39.008,1788794259.008,5406,78,309,4413.97,4414.05,8.0,PASS_<=10c,+0.0,FLAT,-40.0,+100.0,4.2,+1.04,0.25,SLOW,4412.97,4414.86,4411.49,4414.79,0.00,0.00,0.0,BULLISH,337.0,4414.37,4414.69,4413.97,4413.97,39,CLEARED_>=20s,72.0,40.0,32.0,0.0,44.4,0.0,44.4,BLOCKED_44.4%,0.00,0.0,NO,STANDBY_VEL_LOW,0,0.00,4590.00,80.26,FALSE,M1_DIRECTION_MISMATCH
2026-09-07 15:17:39.511,1788794259.511,5407,79,310,4413.97,4414.05,8.0,PASS_<=10c,+0.0,FLAT,-40.0,+100.0,4.2,+1.05,0.25,SLOW,4412.97,4414.86,4411.49,4414.79,0.00,0.00,0.0,BULLISH,337.0,4414.37,4414.69,4413.97,4413.97,39,CLEARED_>=20s,72.0,40.0,32.0,0.0,44.4,0.0,44.4,BLOCKED_44.4%,0.00,0.0,NO,STANDBY_VEL_LOW,0,0.00,4590.00,80.26,FALSE,M1_DIRECTION_MISMATCH
2026-09-07 15:17:40.011,1788794260.011,5408,80,311,4413.97,4414.05,8.0,PASS_<=10c,+0.0,FLAT,-40.0,+100.0,4.2,+0.84,0.20,SLOW,4412.97,4414.86,4411.49,4414.79,0.00,0.00,0.0,BULLISH,337.0,4414.37,4414.69,4413.97,4413.97,40,CLEARED_>=20s,72.0,40.0,32.0,0.0,44.4,0.0,44.4,BLOCKED_44.4%,0.00,0.0,NO,STANDBY_VEL_LOW,0,0.00,4590.00,80.26,FALSE,M1_DIRECTION_MISMATCH
2026-09-07 15:17:40.512,1788794260.512,5409,81,312,4413.85,4413.93,8.0,PASS_<=10c,-12.0,DOWN,-52.0,+88.0,4.2,+3.36,0.80,SLOW,4412.97,4414.86,4411.49,4414.79,0.00,0.00,0.0,BULLISH,337.0,4414.37,4414.69,4413.85,4413.85,40,CLEARED_>=20s,84.0,52.0,32.0,0.0,38.1,0.0,38.1,BLOCKED_38.1%,0.00,0.0,NO,STANDBY_VEL_LOW,0,0.00,4590.00,80.26,FALSE,M1_DIRECTION_MISMATCH
2026-09-07 15:17:41.014,1788794261.014,5410,82,313,4413.92,4414.00,8.0,PASS_<=10c,+7.0,UP,-45.0,+95.0,4.2,+1.89,0.45,SLOW,4412.97,4414.86,4411.49,4414.79,0.00,0.00,0.0,BULLISH,337.0,4414.37,4414.69,4413.85,4413.92,41,CLEARED_>=20s,84.0,45.0,32.0,7.0,38.1,8.3,38.1,BLOCKED_38.1%,0.00,0.0,NO,STANDBY_VEL_LOW,0,0.00,4590.00,80.26,FALSE,M1_DIRECTION_MISMATCH
2026-09-07 15:17:41.516,1788794261.517,5411,83,314,4413.95,4414.03,8.0,PASS_<=10c,+3.0,UP,-42.0,+98.0,4.2,+1.26,0.30,SLOW,4412.97,4414.86,4411.49,4414.79,0.00,0.00,0.0,BULLISH,337.0,4414.37,4414.69,4413.85,4413.95,41,CLEARED_>=20s,84.0,42.0,32.0,10.0,38.1,11.9,38.1,BLOCKED_38.1%,0.00,0.0,NO,STANDBY_VEL_LOW,0,0.00,4590.00,80.26,FALSE,M1_DIRECTION_MISMATCH
2026-09-07 15:17:42.017,1788794262.017,5412,84,315,4413.95,4414.03,8.0,PASS_<=10c,+0.0,FLAT,-42.0,+98.0,4.2,+1.26,0.30,SLOW,4412.97,4414.86,4411.49,4414.79,0.00,0.00,0.0,BULLISH,337.0,4414.37,4414.69,4413.85,4413.95,42,CLEARED_>=20s,84.0,42.0,32.0,10.0,38.1,11.9,38.1,BLOCKED_38.1%,0.00,0.0,NO,STANDBY_VEL_LOW,0,0.00,4590.00,80.26,FALSE,M1_DIRECTION_MISMATCH
2026-09-07 15:17:42.518,1788794262.518,5413,85,316,4413.96,4414.04,8.0,PASS_<=10c,+1.0,UP,-41.0,+99.0,4.2,+0.84,0.20,SLOW,4412.97,4414.86,4411.49,4414.79,0.00,0.00,0.0,BULLISH,337.0,4414.37,4414.69,4413.85,4413.96,42,CLEARED_>=20s,84.0,41.0,32.0,11.0,38.1,13.1,38.1,BLOCKED_38.1%,0.00,0.0,NO,STANDBY_VEL_LOW,0,0.00,4590.00,80.26,FALSE,M1_DIRECTION_MISMATCH
2026-09-07 15:17:43.019,1788794263.020,5414,86,317,4414.06,4414.14,8.0,PASS_<=10c,+10.0,UP,-31.0,+109.0,4.2,+1.89,0.45,SLOW,4412.97,4414.86,4411.49,4414.79,0.00,0.00,0.0,BULLISH,337.0,4414.37,4414.69,4413.85,4414.06,43,CLEARED_>=20s,84.0,31.0,32.0,21.0,38.1,25.0,38.1,BLOCKED_38.1%,0.00,0.0,NO,STANDBY_VEL_LOW,0,0.00,4590.00,80.26,FALSE,M1_DIRECTION_MISMATCH
2026-09-07 15:17:43.521,1788794263.521,5415,87,318,4414.11,4414.19,8.0,PASS_<=10c,+5.0,UP,-26.0,+114.0,4.2,+2.94,0.70,SLOW,4412.97,4414.86,4411.49,4414.79,0.00,0.00,0.0,BULLISH,337.0,4414.37,4414.69,4413.85,4414.11,43,CLEARED_>=20s,84.0,26.0,32.0,26.0,38.1,31.0,38.1,BLOCKED_38.1%,0.00,0.0,NO,STANDBY_VEL_LOW,0,0.00,4590.00,80.26,FALSE,M1_DIRECTION_MISMATCH
2026-09-07 15:17:44.023,1788794264.024,5416,88,319,4414.09,4414.17,8.0,PASS_<=10c,-2.0,DOWN,-28.0,+112.0,4.2,+2.52,0.60,SLOW,4412.97,4414.86,4411.49,4414.79,0.00,0.00,0.0,BULLISH,337.0,4414.37,4414.69,4413.85,4414.09,44,CLEARED_>=20s,84.0,28.0,32.0,24.0,38.1,28.6,38.1,BLOCKED_38.1%,0.00,0.0,NO,STANDBY_VEL_LOW,0,0.00,4590.00,80.26,FALSE,M1_DIRECTION_MISMATCH
2026-09-07 15:17:44.525,1788794264.526,5417,89,320,4414.00,4414.08,8.0,PASS_<=10c,-9.0,DOWN,-37.0,+103.0,4.2,+0.63,0.15,SLOW,4412.97,4414.86,4411.49,4414.79,0.00,0.00,0.0,BULLISH,337.0,4414.37,4414.69,4413.85,4414.00,44,CLEARED_>=20s,84.0,37.0,32.0,15.0,38.1,17.9,38.1,BLOCKED_38.1%,0.00,0.0,NO,STANDBY_VEL_LOW,0,0.00,4590.00,80.26,FALSE,M1_DIRECTION_MISMATCH
2026-09-07 15:17:45.027,1788794265.027,5418,90,321,4414.00,4414.08,8.0,PASS_<=10c,+0.0,FLAT,-37.0,+103.0,4.2,+1.47,0.35,SLOW,4412.97,4414.86,4411.49,4414.79,0.00,0.00,0.0,BULLISH,337.0,4414.37,4414.69,4413.85,4414.00,45,CLEARED_>=20s,84.0,37.0,32.0,15.0,38.1,17.9,38.1,BLOCKED_38.1%,0.00,0.0,NO,STANDBY_VEL_LOW,0,0.00,4590.00,80.26,FALSE,M1_DIRECTION_MISMATCH
2026-09-07 15:17:45.528,1788794265.528,5419,91,322,4413.91,4413.99,8.0,PASS_<=10c,-9.0,DOWN,-46.0,+94.0,4.2,+0.21,0.05,SLOW,4412.97,4414.86,4411.49,4414.79,0.00,0.00,0.0,BULLISH,337.0,4414.37,4414.69,4413.85,4413.91,45,CLEARED_>=20s,84.0,46.0,32.0,6.0,38.1,7.1,38.1,BLOCKED_38.1%,0.00,0.0,NO,STANDBY_VEL_LOW,0,0.00,4590.00,80.26,FALSE,M1_DIRECTION_MISMATCH
2026-09-07 15:17:46.030,1788794266.031,5420,92,323,4413.94,4414.02,8.0,PASS_<=10c,+3.0,UP,-43.0,+97.0,4.2,+0.21,0.05,SLOW,4412.97,4414.86,4411.49,4414.79,0.00,0.00,0.0,BULLISH,337.0,4414.37,4414.69,4413.85,4413.94,46,CLEARED_>=20s,84.0,43.0,32.0,9.0,38.1,10.7,38.1,BLOCKED_38.1%,0.00,0.0,NO,STANDBY_VEL_LOW,0,0.00,4590.00,80.26,FALSE,M1_DIRECTION_MISMATCH
2026-09-07 15:17:46.532,1788794266.532,5421,93,324,4413.94,4414.02,8.0,PASS_<=10c,+0.0,FLAT,-43.0,+97.0,4.2,+0.21,0.05,SLOW,4412.97,4414.86,4411.49,4414.79,0.00,0.00,0.0,BULLISH,337.0,4414.37,4414.69,4413.85,4413.94,46,CLEARED_>=20s,84.0,43.0,32.0,9.0,38.1,10.7,38.1,BLOCKED_38.1%,0.00,0.0,NO,STANDBY_VEL_LOW,0,0.00,4590.00,80.26,FALSE,M1_DIRECTION_MISMATCH
2026-09-07 15:17:47.033,1788794267.034,5422,94,325,4413.94,4414.02,8.0,PASS_<=10c,+0.0,FLAT,-43.0,+97.0,4.2,+0.42,0.10,SLOW,4412.97,4414.86,4411.49,4414.79,0.00,0.00,0.0,BULLISH,337.0,4414.37,4414.69,4413.85,4413.94,47,CLEARED_>=20s,84.0,43.0,32.0,9.0,38.1,10.7,38.1,BLOCKED_38.1%,0.00,0.0,NO,STANDBY_VEL_LOW,0,0.00,4590.00,80.26,FALSE,M1_DIRECTION_MISMATCH
2026-09-07 15:17:47.535,1788794267.536,5423,95,326,4413.96,4414.04,8.0,PASS_<=10c,+2.0,UP,-41.0,+99.0,4.2,+0.00,0.00,SLOW,4412.97,4414.86,4411.49,4414.79,0.00,0.00,0.0,BULLISH,337.0,4414.37,4414.69,4413.85,4413.96,47,CLEARED_>=20s,84.0,41.0,32.0,11.0,38.1,13.1,38.1,BLOCKED_38.1%,0.00,0.0,NO,STANDBY_VEL_LOW,0,0.00,4590.00,80.26,FALSE,M1_DIRECTION_MISMATCH
2026-09-07 15:17:48.037,1788794268.037,5424,96,327,4413.96,4414.04,8.0,PASS_<=10c,+0.0,FLAT,-41.0,+99.0,4.2,+3.15,0.75,SLOW,4412.97,4414.86,4411.49,4414.79,0.00,0.00,0.0,BULLISH,337.0,4414.37,4414.69,4413.85,4413.96,48,CLEARED_>=20s,84.0,41.0,32.0,11.0,38.1,13.1,38.1,BLOCKED_38.1%,0.00,0.0,NO,STANDBY_VEL_LOW,0,0.00,4590.00,80.26,FALSE,M1_DIRECTION_MISMATCH
2026-09-07 15:17:48.539,1788794268.539,5425,97,328,4413.97,4414.05,8.0,PASS_<=10c,+1.0,UP,-40.0,+100.0,4.2,+2.94,0.70,SLOW,4412.97,4414.86,4411.49,4414.79,0.00,0.00,0.0,BULLISH,337.0,4414.37,4414.69,4413.85,4413.97,48,CLEARED_>=20s,84.0,40.0,32.0,12.0,38.1,14.3,38.1,BLOCKED_38.1%,0.00,0.0,NO,STANDBY_VEL_LOW,0,0.00,4590.00,80.26,FALSE,M1_DIRECTION_MISMATCH
2026-09-07 15:17:49.041,1788794269.041,5426,98,329,4414.01,4414.09,8.0,PASS_<=10c,+4.0,UP,-36.0,+104.0,4.2,+1.05,0.25,SLOW,4412.97,4414.86,4411.49,4414.79,0.00,0.00,0.0,BULLISH,337.0,4414.37,4414.69,4413.85,4414.01,49,CLEARED_>=20s,84.0,36.0,32.0,16.0,38.1,19.0,38.1,BLOCKED_38.1%,0.00,0.0,NO,STANDBY_VEL_LOW,0,0.00,4590.00,80.26,FALSE,M1_DIRECTION_MISMATCH
2026-09-07 15:17:49.543,1788794269.543,5427,99,330,4414.05,4414.13,8.0,PASS_<=10c,+4.0,UP,-32.0,+108.0,4.2,+1.05,0.25,SLOW,4412.97,4414.86,4411.49,4414.79,0.00,0.00,0.0,BULLISH,337.0,4414.37,4414.69,4413.85,4414.05,49,CLEARED_>=20s,84.0,32.0,32.0,20.0,38.1,23.8,38.1,BLOCKED_38.1%,0.00,0.0,NO,STANDBY_VEL_LOW,0,0.00,4590.00,80.26,FALSE,M1_DIRECTION_MISMATCH
2026-09-07 15:17:50.044,1788794270.045,5428,100,331,4413.99,4414.07,8.0,PASS_<=10c,-6.0,DOWN,-38.0,+102.0,4.2,+0.21,0.05,SLOW,4412.97,4414.86,4411.49,4414.79,0.00,0.00,0.0,BULLISH,337.0,4414.37,4414.69,4413.85,4413.99,50,CLEARED_>=20s,84.0,38.0,32.0,14.0,38.1,16.7,38.1,BLOCKED_38.1%,0.00,0.0,NO,STANDBY_VEL_LOW,0,0.00,4590.00,80.26,FALSE,M1_DIRECTION_MISMATCH
2026-09-07 15:17:50.546,1788794270.546,5429,101,332,4414.01,4414.09,8.0,PASS_<=10c,+2.0,UP,-36.0,+104.0,4.2,+1.26,0.30,SLOW,4412.97,4414.86,4411.49,4414.79,0.00,0.00,0.0,BULLISH,337.0,4414.37,4414.69,4413.85,4414.01,50,CLEARED_>=20s,84.0,36.0,32.0,16.0,38.1,19.0,38.1,BLOCKED_38.1%,0.00,0.0,NO,STANDBY_VEL_LOW,0,0.00,4590.00,80.26,FALSE,M1_DIRECTION_MISMATCH
2026-09-07 15:17:51.047,1788794271.047,5430,102,333,4414.02,4414.10,8.0,PASS_<=10c,+1.0,UP,-35.0,+105.0,4.2,+1.68,0.40,SLOW,4412.97,4414.86,4411.49,4414.79,0.00,0.00,0.0,BULLISH,337.0,4414.37,4414.69,4413.85,4414.02,51,CLEARED_>=20s,84.0,35.0,32.0,17.0,38.1,20.2,38.1,BLOCKED_38.1%,0.00,0.0,NO,STANDBY_VEL_LOW,0,0.00,4590.00,80.26,FALSE,M1_DIRECTION_MISMATCH
2026-09-07 15:17:51.548,1788794271.549,5431,103,334,4414.02,4414.10,8.0,PASS_<=10c,+0.0,FLAT,-35.0,+105.0,4.2,+1.68,0.40,SLOW,4412.97,4414.86,4411.49,4414.79,0.00,0.00,0.0,BULLISH,337.0,4414.37,4414.69,4413.85,4414.02,51,CLEARED_>=20s,84.0,35.0,32.0,17.0,38.1,20.2,38.1,BLOCKED_38.1%,0.00,0.0,NO,STANDBY_VEL_LOW,0,0.00,4590.00,80.26,FALSE,M1_DIRECTION_MISMATCH
2026-09-07 15:17:52.050,1788794272.051,5432,104,335,4413.99,4414.07,8.0,PASS_<=10c,-3.0,DOWN,-38.0,+102.0,4.2,+1.05,0.25,SLOW,4412.97,4414.86,4411.49,4414.79,0.00,0.00,0.0,BULLISH,337.0,4414.37,4414.69,4413.85,4413.99,52,CLEARED_>=20s,84.0,38.0,32.0,14.0,38.1,16.7,38.1,BLOCKED_38.1%,0.00,0.0,NO,STANDBY_VEL_LOW,0,0.00,4590.00,80.26,FALSE,M1_DIRECTION_MISMATCH
2026-09-07 15:17:52.552,1788794272.552,5433,105,336,4413.99,4414.07,8.0,PASS_<=10c,+0.0,FLAT,-38.0,+102.0,4.2,+0.63,0.15,SLOW,4412.97,4414.86,4411.49,4414.79,0.00,0.00,0.0,BULLISH,337.0,4414.37,4414.69,4413.85,4413.99,52,CLEARED_>=20s,84.0,38.0,32.0,14.0,38.1,16.7,38.1,BLOCKED_38.1%,0.00,0.0,NO,STANDBY_VEL_LOW,0,0.00,4590.00,80.26,FALSE,M1_DIRECTION_MISMATCH
2026-09-07 15:17:53.053,1788794273.054,5434,106,337,4413.83,4413.91,8.0,PASS_<=10c,-16.0,DOWN,-54.0,+86.0,4.2,+2.73,0.65,SLOW,4412.97,4414.86,4411.49,4414.79,0.00,0.00,0.0,BULLISH,337.0,4414.37,4414.69,4413.83,4413.83,53,CLEARED_>=20s,86.0,54.0,32.0,0.0,37.2,0.0,37.2,BLOCKED_37.2%,0.00,0.0,NO,STANDBY_VEL_LOW,0,0.00,4590.00,80.26,FALSE,M1_DIRECTION_MISMATCH
2026-09-07 15:17:53.555,1788794273.555,5435,107,338,4413.92,4414.00,8.0,PASS_<=10c,+9.0,UP,-45.0,+95.0,4.2,+1.89,0.45,SLOW,4412.97,4414.86,4411.49,4414.79,0.00,0.00,0.0,BULLISH,337.0,4414.37,4414.69,4413.83,4413.92,53,CLEARED_>=20s,86.0,45.0,32.0,9.0,37.2,10.5,37.2,BLOCKED_37.2%,0.00,0.0,NO,STANDBY_VEL_LOW,0,0.00,4590.00,80.26,FALSE,M1_DIRECTION_MISMATCH
2026-09-07 15:17:54.057,1788794274.057,5436,108,339,4413.92,4414.00,8.0,PASS_<=10c,+0.0,FLAT,-45.0,+95.0,4.2,+2.73,0.65,SLOW,4412.97,4414.86,4411.49,4414.79,0.00,0.00,0.0,BULLISH,337.0,4414.37,4414.69,4413.83,4413.92,54,CLEARED_>=20s,86.0,45.0,32.0,9.0,37.2,10.5,37.2,BLOCKED_37.2%,0.00,0.0,NO,STANDBY_VEL_LOW,0,0.00,4590.00,80.26,FALSE,M1_DIRECTION_MISMATCH
2026-09-07 15:17:54.558,1788794274.558,5437,109,340,4413.71,4413.79,8.0,PASS_<=10c,-21.0,DOWN,-66.0,+74.0,4.2,+5.46,1.30,SLOW,4412.97,4414.86,4411.49,4414.79,0.00,0.00,0.0,BULLISH,337.0,4414.37,4414.69,4413.69,4413.71,54,CLEARED_>=20s,100.0,66.0,32.0,2.0,32.0,2.0,32.0,BLOCKED_32.0%,0.00,0.0,NO,STANDBY_VEL_LOW,0,0.00,4590.00,80.26,FALSE,M1_DIRECTION_MISMATCH
2026-09-07 15:17:55.059,1788794275.060,5438,110,341,4413.64,4413.72,8.0,PASS_<=10c,-7.0,DOWN,-73.0,+67.0,4.2,+7.76,1.85,SLOW,4412.97,4414.86,4411.49,4414.79,0.00,0.00,0.0,BULLISH,337.0,4414.37,4414.69,4413.64,4413.64,55,CLEARED_>=20s,105.0,73.0,32.0,0.0,30.5,0.0,30.5,BLOCKED_30.5%,0.00,0.0,NO,STANDBY_VEL_LOW,0,0.00,4590.00,80.26,FALSE,M1_DIRECTION_MISMATCH
2026-09-07 15:17:55.561,1788794275.561,5439,111,342,4413.69,4413.77,8.0,PASS_<=10c,+5.0,UP,-68.0,+72.0,4.2,+6.93,1.65,SLOW,4412.97,4414.86,4411.49,4414.79,0.00,0.00,0.0,BULLISH,337.0,4414.37,4414.69,4413.64,4413.69,55,CLEARED_>=20s,105.0,68.0,32.0,5.0,30.5,4.8,30.5,BLOCKED_30.5%,0.00,0.0,NO,STANDBY_VEL_LOW,0,0.00,4590.00,80.26,FALSE,M1_DIRECTION_MISMATCH
2026-09-07 15:17:56.062,1788794276.063,5440,112,343,4413.72,4413.80,8.0,PASS_<=10c,+3.0,UP,-65.0,+75.0,4.2,+6.30,1.50,SLOW,4412.97,4414.86,4411.49,4414.79,0.00,0.00,0.0,BULLISH,337.0,4414.37,4414.69,4413.64,4413.72,56,CLEARED_>=20s,105.0,65.0,32.0,8.0,30.5,7.6,30.5,BLOCKED_30.5%,0.00,0.0,NO,STANDBY_VEL_LOW,0,0.00,4590.00,80.26,FALSE,M1_DIRECTION_MISMATCH
2026-09-07 15:17:56.564,1788794276.564,5441,113,344,4413.75,4413.83,8.0,PASS_<=10c,+3.0,UP,-62.0,+78.0,4.2,+5.67,1.35,SLOW,4412.97,4414.86,4411.49,4414.79,0.00,0.00,0.0,BULLISH,337.0,4414.37,4414.69,4413.64,4413.75,56,CLEARED_>=20s,105.0,62.0,32.0,11.0,30.5,10.5,30.5,BLOCKED_30.5%,0.00,0.0,NO,STANDBY_VEL_LOW,0,0.00,4590.00,80.26,FALSE,M1_DIRECTION_MISMATCH
2026-09-07 15:17:57.065,1788794277.065,5442,114,345,4413.75,4413.83,8.0,PASS_<=10c,+0.0,FLAT,-62.0,+78.0,4.2,+4.83,1.15,SLOW,4412.97,4414.86,4411.49,4414.79,0.00,0.00,0.0,BULLISH,337.0,4414.37,4414.69,4413.64,4413.75,57,CLEARED_>=20s,105.0,62.0,32.0,11.0,30.5,10.5,30.5,BLOCKED_30.5%,0.00,0.0,NO,STANDBY_VEL_LOW,0,0.00,4590.00,80.26,FALSE,M1_DIRECTION_MISMATCH
2026-09-07 15:17:57.566,1788794277.566,5443,115,346,4413.80,4413.88,8.0,PASS_<=10c,+5.0,UP,-57.0,+83.0,4.2,+3.99,0.95,SLOW,4412.97,4414.86,4411.49,4414.79,0.00,0.00,0.0,BULLISH,337.0,4414.37,4414.69,4413.64,4413.80,57,CLEARED_>=20s,105.0,57.0,32.0,16.0,30.5,15.2,30.5,BLOCKED_30.5%,0.00,0.0,NO,STANDBY_VEL_LOW,0,0.00,4590.00,80.26,FALSE,M1_DIRECTION_MISMATCH
2026-09-07 15:17:58.068,1788794278.069,5444,116,347,4413.80,4413.88,8.0,PASS_<=10c,+0.0,FLAT,-57.0,+83.0,4.2,+2.10,0.50,SLOW,4412.97,4414.86,4411.49,4414.79,0.00,0.00,0.0,BULLISH,337.0,4414.37,4414.69,4413.64,4413.80,58,CLEARED_>=20s,105.0,57.0,32.0,16.0,30.5,15.2,30.5,BLOCKED_30.5%,0.00,0.0,NO,STANDBY_VEL_LOW,0,0.00,4590.00,80.26,FALSE,M1_DIRECTION_MISMATCH
2026-09-07 15:17:58.570,1788794278.570,5445,117,348,4413.80,4413.88,8.0,PASS_<=10c,+0.0,FLAT,-57.0,+83.0,4.2,+2.52,0.60,SLOW,4412.97,4414.86,4411.49,4414.79,0.00,0.00,0.0,BULLISH,337.0,4414.37,4414.69,4413.64,4413.80,58,CLEARED_>=20s,105.0,57.0,32.0,16.0,30.5,15.2,30.5,BLOCKED_30.5%,0.00,0.0,NO,STANDBY_VEL_LOW,0,0.00,4590.00,80.26,FALSE,M1_DIRECTION_MISMATCH
2026-09-07 15:17:59.070,1788794279.071,5446,118,349,4413.79,4413.87,8.0,PASS_<=10c,-1.0,DOWN,-58.0,+82.0,4.2,+2.10,0.50,SLOW,4412.97,4414.86,4411.49,4414.79,0.00,0.00,0.0,BULLISH,337.0,4414.37,4414.69,4413.64,4413.79,59,CLEARED_>=20s,105.0,58.0,32.0,15.0,30.5,14.3,30.5,BLOCKED_30.5%,0.00,0.0,NO,STANDBY_VEL_LOW,0,0.00,4590.00,80.26,FALSE,M1_DIRECTION_MISMATCH
2026-09-07 15:17:59.572,1788794279.573,5447,119,350,4413.79,4413.87,8.0,PASS_<=10c,+0.0,FLAT,-58.0,+82.0,4.2,+1.68,0.40,SLOW,4412.97,4414.86,4411.49,4414.79,0.00,0.00,0.0,BULLISH,337.0,4414.37,4414.69,4413.64,4413.79,59,CLEARED_>=20s,105.0,58.0,32.0,15.0,30.5,14.3,30.5,BLOCKED_30.5%,0.00,0.0,NO,STANDBY_VEL_LOW,0,0.00,4590.00,80.26,FALSE,M1_DIRECTION_MISMATCH
2026-09-07 15:18:00.076,1788794280.076,5448,1,351,4413.83,4413.91,8.0,PASS_<=10c,+4.0,UP,+0.0,+86.0,4.2,+3.15,0.75,SLOW,4412.97,4414.86,4411.49,4414.79,0.00,0.00,0.0,BULLISH,337.0,4413.83,4413.83,4413.83,4413.83,0,ACTIVE_0s,1.0,0.0,0.0,0.0,0.0,0.0,0.0,PASS_<20%,0.00,0.0,NO,STANDBY_VEL_LOW,0,0.00,4590.00,80.26,FALSE,M1_DIRECTION_MISMATCH|OPENING_SHIELD_ACTIVE_0s
2026-09-07 15:18:00.576,1788794280.576,5449,2,352,4413.90,4413.98,8.0,PASS_<=10c,+7.0,UP,+7.0,+93.0,4.2,+4.41,1.05,SLOW,4412.97,4414.86,4411.49,4414.79,0.00,0.00,0.0,BULLISH,337.0,4413.83,4413.90,4413.83,4413.90,0,ACTIVE_0s,7.0,7.0,0.0,0.0,0.0,0.0,0.0,PASS_<20%,4413.98,8.0,NO,STANDBY_VEL_LOW,0,0.00,4590.00,80.26,FALSE,OPENING_SHIELD_ACTIVE_0s
2026-09-07 15:18:01.077,1788794281.078,5450,3,353,4413.89,4413.97,8.0,PASS_<=10c,-1.0,DOWN,+6.0,+92.0,4.2,+3.36,0.80,SLOW,4412.97,4414.86,4411.49,4414.79,0.00,0.00,0.0,BULLISH,337.0,4413.83,4413.90,4413.83,4413.89,1,ACTIVE_1s,7.0,6.0,1.0,0.0,14.3,0.0,14.3,PASS_<20%,4413.98,9.0,NO,STANDBY_VEL_LOW,0,0.00,4590.00,80.26,FALSE,OPENING_SHIELD_ACTIVE_1s|PRICE_BELOW_15C_DISPLACEMENT
2026-09-07 15:18:01.580,1788794281.580,5451,4,354,4413.90,4413.98,8.0,PASS_<=10c,+1.0,UP,+7.0,+93.0,4.2,+3.15,0.75,SLOW,4412.97,4414.86,4411.49,4414.79,0.00,0.00,0.0,BULLISH,337.0,4413.83,4413.90,4413.83,4413.90,1,ACTIVE_1s,7.0,7.0,0.0,0.0,0.0,0.0,0.0,PASS_<20%,4413.98,8.0,NO,STANDBY_VEL_LOW,0,0.00,4590.00,80.26,FALSE,OPENING_SHIELD_ACTIVE_1s
2026-09-07 15:18:02.080,1788794282.081,5452,5,355,4413.90,4413.98,8.0,PASS_<=10c,+0.0,FLAT,+7.0,+93.0,4.2,+3.15,0.75,SLOW,4412.97,4414.86,4411.49,4414.79,0.00,0.00,0.0,BULLISH,337.0,4413.83,4413.90,4413.83,4413.90,2,ACTIVE_2s,7.0,7.0,0.0,0.0,0.0,0.0,0.0,PASS_<20%,4413.98,8.0,NO,STANDBY_VEL_LOW,0,0.00,4590.00,80.26,FALSE,OPENING_SHIELD_ACTIVE_2s
2026-09-07 15:18:02.583,1788794282.583,5453,6,356,4413.82,4413.90,8.0,PASS_<=10c,-8.0,DOWN,-1.0,+85.0,4.2,+0.42,0.10,SLOW,4412.97,4414.86,4411.49,4414.79,0.00,0.00,0.0,BULLISH,337.0,4413.83,4413.90,4413.82,4413.82,2,ACTIVE_2s,8.0,1.0,7.0,0.0,87.5,0.0,87.5,BLOCKED_87.5%,0.00,0.0,NO,STANDBY_VEL_LOW,0,0.00,4590.00,80.26,FALSE,M1_DIRECTION_MISMATCH|OPENING_SHIELD_ACTIVE_2s
2026-09-07 15:18:03.084,1788794283.085,5454,7,357,4413.82,4413.90,8.0,PASS_<=10c,+0.0,FLAT,-1.0,+85.0,4.2,+0.42,0.10,SLOW,4412.97,4414.86,4411.49,4414.79,0.00,0.00,0.0,BULLISH,337.0,4413.83,4413.90,4413.82,4413.82,3,ACTIVE_3s,8.0,1.0,7.0,0.0,87.5,0.0,87.5,BLOCKED_87.5%,0.00,0.0,NO,STANDBY_VEL_LOW,0,0.00,4590.00,80.26,FALSE,M1_DIRECTION_MISMATCH|OPENING_SHIELD_ACTIVE_3s
2026-09-07 15:18:03.586,1788794283.586,5455,8,358,4413.82,4413.90,8.0,PASS_<=10c,+0.0,FLAT,-1.0,+85.0,4.2,+0.63,0.15,SLOW,4412.97,4414.86,4411.49,4414.79,0.00,0.00,0.0,BULLISH,337.0,4413.83,4413.90,4413.82,4413.82,3,ACTIVE_3s,8.0,1.0,7.0,0.0,87.5,0.0,87.5,BLOCKED_87.5%,0.00,0.0,NO,STANDBY_VEL_LOW,0,0.00,4590.00,80.26,FALSE,M1_DIRECTION_MISMATCH|OPENING_SHIELD_ACTIVE_3s
2026-09-07 15:18:04.088,1788794284.088,5456,9,359,4413.77,4413.85,8.0,PASS_<=10c,-5.0,DOWN,-6.0,+80.0,4.2,+0.42,0.10,SLOW,4412.97,4414.86,4411.49,4414.79,0.00,0.00,0.0,BULLISH,337.0,4413.83,4413.90,4413.77,4413.77,4,ACTIVE_4s,13.0,6.0,7.0,0.0,53.8,0.0,53.8,BLOCKED_53.8%,0.00,0.0,NO,STANDBY_VEL_LOW,0,0.00,4590.00,80.26,FALSE,M1_DIRECTION_MISMATCH|OPENING_SHIELD_ACTIVE_4s
2026-09-07 15:18:04.590,1788794284.590,5457,10,360,4413.77,4413.85,8.0,PASS_<=10c,+0.0,FLAT,-6.0,+80.0,4.2,+1.26,0.30,SLOW,4412.97,4414.86,4411.49,4414.79,0.00,0.00,0.0,BULLISH,337.0,4413.83,4413.90,4413.77,4413.77,4,ACTIVE_4s,13.0,6.0,7.0,0.0,53.8,0.0,53.8,BLOCKED_53.8%,0.00,0.0,NO,STANDBY_VEL_LOW,0,0.00,4590.00,80.26,FALSE,M1_DIRECTION_MISMATCH|OPENING_SHIELD_ACTIVE_4s
2026-09-07 15:18:05.092,1788794285.092,5458,11,361,4413.79,4413.87,8.0,PASS_<=10c,+2.0,UP,-4.0,+82.0,4.2,+2.31,0.55,SLOW,4412.97,4414.86,4411.49,4414.79,0.00,0.00,0.0,BULLISH,337.0,4413.83,4413.90,4413.77,4413.79,5,ACTIVE_5s,13.0,4.0,7.0,2.0,53.8,15.4,53.8,BLOCKED_53.8%,0.00,0.0,NO,STANDBY_VEL_LOW,0,0.00,4590.00,80.26,FALSE,M1_DIRECTION_MISMATCH|OPENING_SHIELD_ACTIVE_5s
2026-09-07 15:18:05.593,1788794285.593,5459,12,362,4413.76,4413.84,8.0,PASS_<=10c,-3.0,DOWN,-7.0,+79.0,4.2,+2.94,0.70,SLOW,4412.97,4414.86,4411.49,4414.79,0.00,0.00,0.0,BULLISH,337.0,4413.83,4413.90,4413.76,4413.76,5,ACTIVE_5s,14.0,7.0,7.0,0.0,50.0,0.0,50.0,BLOCKED_50.0%,0.00,0.0,NO,STANDBY_VEL_LOW,0,0.00,4590.00,80.26,FALSE,M1_DIRECTION_MISMATCH|OPENING_SHIELD_ACTIVE_5s
2026-09-07 15:18:06.094,1788794286.095,5460,13,363,4413.80,4413.88,8.0,PASS_<=10c,+4.0,UP,-3.0,+83.0,4.2,+2.10,0.50,SLOW,4412.97,4414.86,4411.49,4414.79,0.00,0.00,0.0,BULLISH,337.0,4413.83,4413.90,4413.76,4413.80,6,ACTIVE_6s,14.0,3.0,7.0,4.0,50.0,28.6,50.0,BLOCKED_50.0%,0.00,0.0,NO,STANDBY_VEL_LOW,0,0.00,4590.00,80.26,FALSE,M1_DIRECTION_MISMATCH|OPENING_SHIELD_ACTIVE_6s
2026-09-07 15:18:06.597,1788794286.597,5461,14,364,4413.82,4413.90,8.0,PASS_<=10c,+2.0,UP,-1.0,+85.0,4.2,+1.68,0.40,SLOW,4412.97,4414.86,4411.49,4414.79,0.00,0.00,0.0,BULLISH,337.0,4413.83,4413.90,4413.76,4413.82,6,ACTIVE_6s,14.0,1.0,7.0,6.0,50.0,42.9,50.0,BLOCKED_50.0%,0.00,0.0,NO,STANDBY_VEL_LOW,0,0.00,4590.00,80.26,FALSE,M1_DIRECTION_MISMATCH|OPENING_SHIELD_ACTIVE_6s
2026-09-07 15:18:07.098,1788794287.098,5462,15,365,4413.82,4413.90,8.0,PASS_<=10c,+0.0,FLAT,-1.0,+85.0,4.2,+1.68,0.40,SLOW,4412.97,4414.86,4411.49,4414.79,0.00,0.00,0.0,BULLISH,337.0,4413.83,4413.90,4413.76,4413.82,7,ACTIVE_7s,14.0,1.0,7.0,6.0,50.0,42.9,50.0,BLOCKED_50.0%,0.00,0.0,NO,STANDBY_VEL_LOW,0,0.00,4590.00,80.26,FALSE,M1_DIRECTION_MISMATCH|OPENING_SHIELD_ACTIVE_7s
2026-09-07 15:18:07.600,1788794287.600,5463,16,366,4413.73,4413.81,8.0,PASS_<=10c,-9.0,DOWN,-10.0,+76.0,4.2,+1.89,0.45,SLOW,4412.97,4414.86,4411.49,4414.79,0.00,0.00,0.0,BULLISH,337.0,4413.83,4413.90,4413.73,4413.73,7,ACTIVE_7s,17.0,10.0,7.0,0.0,41.2,0.0,41.2,BLOCKED_41.2%,0.00,0.0,NO,STANDBY_VEL_LOW,0,0.00,4590.00,80.26,FALSE,M1_DIRECTION_MISMATCH|OPENING_SHIELD_ACTIVE_7s
2026-09-07 15:18:08.100,1788794288.101,5464,17,367,4413.69,4413.77,8.0,PASS_<=10c,-4.0,DOWN,-14.0,+72.0,4.2,+2.73,0.65,SLOW,4412.97,4414.86,4411.49,4414.79,0.00,0.00,0.0,BULLISH,337.0,4413.83,4413.90,4413.69,4413.69,8,ACTIVE_8s,21.0,14.0,7.0,0.0,33.3,0.0,33.3,BLOCKED_33.3%,0.00,0.0,NO,STANDBY_VEL_LOW,0,0.00,4590.00,80.26,FALSE,M1_DIRECTION_MISMATCH|OPENING_SHIELD_ACTIVE_8s
2026-09-07 15:18:08.602,1788794288.602,5465,18,368,4413.65,4413.73,8.0,PASS_<=10c,-4.0,DOWN,-18.0,+68.0,4.2,+3.57,0.85,SLOW,4412.97,4414.86,4411.49,4414.79,0.00,0.00,0.0,BULLISH,337.0,4413.83,4413.90,4413.65,4413.65,8,ACTIVE_8s,25.0,18.0,7.0,0.0,28.0,0.0,28.0,BLOCKED_28.0%,0.00,0.0,NO,STANDBY_VEL_LOW,0,0.00,4590.00,80.26,FALSE,M1_DIRECTION_MISMATCH|OPENING_SHIELD_ACTIVE_8s
2026-09-07 15:18:09.103,1788794289.103,5466,19,369,4413.55,4413.63,8.0,PASS_<=10c,-10.0,DOWN,-28.0,+58.0,4.2,+4.62,1.10,SLOW,4412.97,4414.86,4411.49,4414.79,0.00,0.00,0.0,BULLISH,337.0,4413.83,4413.90,4413.55,4413.55,9,ACTIVE_9s,35.0,28.0,7.0,0.0,20.0,0.0,20.0,BLOCKED_20.0%,0.00,0.0,NO,STANDBY_VEL_LOW,0,0.00,4590.00,80.26,FALSE,M1_DIRECTION_MISMATCH|OPENING_SHIELD_ACTIVE_9s
2026-09-07 15:18:09.604,1788794289.605,5467,20,370,4413.47,4413.55,8.0,PASS_<=10c,-8.0,DOWN,-36.0,+50.0,4.2,+7.35,1.75,SLOW,4412.97,4414.86,4411.49,4414.79,0.00,0.00,0.0,BULLISH,337.0,4413.83,4413.90,4413.47,4413.47,9,ACTIVE_9s,43.0,36.0,7.0,0.0,16.3,0.0,16.3,PASS_<20%,0.00,0.0,NO,STANDBY_VEL_LOW,0,0.00,4590.00,80.26,FALSE,M1_DIRECTION_MISMATCH|OPENING_SHIELD_ACTIVE_9s
2026-09-07 15:18:10.106,1788794290.106,5468,21,371,4413.57,4413.65,8.0,PASS_<=10c,+10.0,UP,-26.0,+60.0,4.2,+5.04,1.20,SLOW,4412.97,4414.86,4411.49,4414.79,0.00,0.00,0.0,BULLISH,337.0,4413.83,4413.90,4413.47,4413.57,10,ACTIVE_10s,43.0,26.0,7.0,10.0,16.3,23.3,16.3,PASS_<20%,0.00,0.0,NO,STANDBY_VEL_LOW,0,0.00,4590.00,80.26,FALSE,M1_DIRECTION_MISMATCH|OPENING_SHIELD_ACTIVE_10s
2026-09-07 15:18:10.607,1788794290.607,5469,22,372,4413.65,4413.73,8.0,PASS_<=10c,+8.0,UP,-18.0,+68.0,4.2,+2.52,0.60,SLOW,4412.97,4414.86,4411.49,4414.79,0.00,0.00,0.0,BULLISH,337.0,4413.83,4413.90,4413.47,4413.65,10,ACTIVE_10s,43.0,18.0,7.0,18.0,16.3,41.9,16.3,PASS_<20%,0.00,0.0,NO,STANDBY_VEL_LOW,0,0.00,4590.00,80.26,FALSE,M1_DIRECTION_MISMATCH|OPENING_SHIELD_ACTIVE_10s
2026-09-07 15:18:11.109,1788794291.110,5470,23,373,4413.73,4413.81,8.0,PASS_<=10c,+8.0,UP,-10.0,+76.0,4.2,+1.89,0.45,SLOW,4412.97,4414.86,4411.49,4414.79,0.00,0.00,0.0,BULLISH,337.0,4413.83,4413.90,4413.47,4413.73,11,ACTIVE_11s,43.0,10.0,7.0,26.0,16.3,60.5,16.3,PASS_<20%,0.00,0.0,NO,STANDBY_VEL_LOW,0,0.00,4590.00,80.26,FALSE,M1_DIRECTION_MISMATCH|OPENING_SHIELD_ACTIVE_11s
2026-09-07 15:18:11.611,1788794291.612,5471,24,374,4413.73,4413.81,8.0,PASS_<=10c,+0.0,FLAT,-10.0,+76.0,4.2,+1.89,0.45,SLOW,4412.97,4414.86,4411.49,4414.79,0.00,0.00,0.0,BULLISH,337.0,4413.83,4413.90,4413.47,4413.73,11,ACTIVE_11s,43.0,10.0,7.0,26.0,16.3,60.5,16.3,PASS_<20%,0.00,0.0,NO,STANDBY_VEL_LOW,0,0.00,4590.00,80.26,FALSE,M1_DIRECTION_MISMATCH|OPENING_SHIELD_ACTIVE_11s
2026-09-07 15:18:12.111,1788794292.112,5472,25,375,4413.76,4413.84,8.0,PASS_<=10c,+3.0,UP,-7.0,+79.0,4.2,+1.05,0.25,SLOW,4412.97,4414.86,4411.49,4414.79,0.00,0.00,0.0,BULLISH,337.0,4413.83,4413.90,4413.47,4413.76,12,ACTIVE_12s,43.0,7.0,7.0,29.0,16.3,67.4,16.3,PASS_<20%,0.00,0.0,NO,STANDBY_VEL_LOW,0,0.00,4590.00,80.26,FALSE,M1_DIRECTION_MISMATCH|OPENING_SHIELD_ACTIVE_12s
2026-09-07 15:18:12.613,1788794292.614,5473,26,376,4413.84,4413.92,8.0,PASS_<=10c,+8.0,UP,+1.0,+87.0,4.2,+2.31,0.55,SLOW,4412.97,4414.86,4411.49,4414.79,0.00,0.00,0.0,BULLISH,337.0,4413.83,4413.90,4413.47,4413.84,12,ACTIVE_12s,43.0,1.0,6.0,36.0,14.0,83.7,14.0,PASS_<20%,4413.98,14.0,NO,STANDBY_VEL_LOW,0,0.00,4590.00,80.26,FALSE,OPENING_SHIELD_ACTIVE_12s|PRICE_BELOW_15C_DISPLACEMENT
2026-09-07 15:18:13.116,1788794293.116,5474,27,377,4413.84,4413.92,8.0,PASS_<=10c,+0.0,FLAT,+1.0,+87.0,4.2,+3.15,0.75,SLOW,4412.97,4414.86,4411.49,4414.79,0.00,0.00,0.0,BULLISH,337.0,4413.83,4413.90,4413.47,4413.84,13,ACTIVE_13s,43.0,1.0,6.0,36.0,14.0,83.7,14.0,PASS_<20%,4413.98,14.0,NO,STANDBY_VEL_LOW,0,0.00,4590.00,80.26,FALSE,OPENING_SHIELD_ACTIVE_13s|PRICE_BELOW_15C_DISPLACEMENT
2026-09-07 15:18:13.617,1788794293.618,5475,28,378,4413.83,4413.91,8.0,PASS_<=10c,-1.0,DOWN,+0.0,+86.0,4.2,+4.62,1.10,SLOW,4412.97,4414.86,4411.49,4414.79,0.00,0.00,0.0,BULLISH,337.0,4413.83,4413.90,4413.47,4413.83,13,ACTIVE_13s,43.0,0.0,7.0,36.0,16.3,83.7,16.3,PASS_<20%,0.00,0.0,NO,STANDBY_VEL_LOW,0,0.00,4590.00,80.26,FALSE,M1_DIRECTION_MISMATCH|OPENING_SHIELD_ACTIVE_13s
2026-09-07 15:18:14.119,1788794294.119,5476,29,379,4413.86,4413.94,8.0,PASS_<=10c,+3.0,UP,+3.0,+89.0,4.2,+7.55,1.80,SLOW,4412.97,4414.86,4411.49,4414.79,0.00,0.00,0.0,BULLISH,337.0,4413.83,4413.90,4413.47,4413.86,14,ACTIVE_14s,43.0,3.0,4.0,36.0,9.3,83.7,9.3,PASS_<20%,4413.98,12.0,NO,STANDBY_VEL_LOW,0,0.00,4590.00,80.26,FALSE,OPENING_SHIELD_ACTIVE_14s|PRICE_BELOW_15C_DISPLACEMENT
2026-09-07 15:18:14.621,1788794294.621,5477,30,380,4413.86,4413.94,8.0,PASS_<=10c,+0.0,FLAT,+3.0,+89.0,4.2,+7.34,1.75,SLOW,4412.97,4414.86,4411.49,4414.79,0.00,0.00,0.0,BULLISH,337.0,4413.83,4413.90,4413.47,4413.86,14,ACTIVE_14s,43.0,3.0,4.0,36.0,9.3,83.7,9.3,PASS_<20%,4413.98,12.0,NO,STANDBY_VEL_LOW,0,0.00,4590.00,80.26,FALSE,OPENING_SHIELD_ACTIVE_14s|PRICE_BELOW_15C_DISPLACEMENT
2026-09-07 15:18:15.123,1788794295.124,5478,31,381,4413.91,4413.99,8.0,PASS_<=10c,+5.0,UP,+8.0,+94.0,4.2,+6.08,1.45,SLOW,4412.97,4414.86,4411.49,4414.79,0.00,0.00,0.0,BULLISH,337.0,4413.83,4413.91,4413.47,4413.91,15,ACTIVE_15s,44.0,8.0,0.0,36.0,0.0,81.8,0.0,PASS_<20%,4413.98,7.0,NO,STANDBY_VEL_LOW,0,0.00,4590.00,80.26,FALSE,OPENING_SHIELD_ACTIVE_15s
2026-09-07 15:18:15.624,1788794295.625,5479,32,382,4413.91,4413.99,8.0,PASS_<=10c,+0.0,FLAT,+8.0,+94.0,4.2,+3.78,0.90,SLOW,4412.97,4414.86,4411.49,4414.79,0.00,0.00,0.0,BULLISH,337.0,4413.83,4413.91,4413.47,4413.91,15,ACTIVE_15s,44.0,8.0,0.0,36.0,0.0,81.8,0.0,PASS_<20%,4413.98,7.0,NO,STANDBY_VEL_LOW,0,0.00,4590.00,80.26,FALSE,OPENING_SHIELD_ACTIVE_15s
2026-09-07 15:18:16.126,1788794296.127,5480,33,383,4413.76,4413.84,8.0,PASS_<=10c,-15.0,DOWN,-7.0,+79.0,4.2,+0.63,0.15,SLOW,4412.97,4414.86,4411.49,4414.79,0.00,0.00,0.0,BULLISH,337.0,4413.83,4413.91,4413.47,4413.76,16,ACTIVE_16s,44.0,7.0,8.0,29.0,18.2,65.9,18.2,PASS_<20%,0.00,0.0,NO,STANDBY_VEL_LOW,0,0.00,4590.00,80.26,FALSE,M1_DIRECTION_MISMATCH|OPENING_SHIELD_ACTIVE_16s
2026-09-07 15:18:16.628,1788794296.629,5481,34,384,4413.77,4413.85,8.0,PASS_<=10c,+1.0,UP,-6.0,+80.0,4.2,+0.84,0.20,SLOW,4412.97,4414.86,4411.49,4414.79,0.00,0.00,0.0,BULLISH,337.0,4413.83,4413.91,4413.47,4413.77,16,ACTIVE_16s,44.0,6.0,8.0,30.0,18.2,68.2,18.2,PASS_<20%,0.00,0.0,NO,STANDBY_VEL_LOW,0,0.00,4590.00,80.26,FALSE,M1_DIRECTION_MISMATCH|OPENING_SHIELD_ACTIVE_16s
2026-09-07 15:18:17.130,1788794297.130,5482,35,385,4413.82,4413.90,8.0,PASS_<=10c,+5.0,UP,-1.0,+85.0,4.2,+0.21,0.05,SLOW,4412.97,4414.86,4411.49,4414.79,0.00,0.00,0.0,BULLISH,337.0,4413.83,4413.91,4413.47,4413.82,17,ACTIVE_17s,44.0,1.0,8.0,35.0,18.2,79.5,18.2,PASS_<20%,0.00,0.0,NO,STANDBY_VEL_LOW,0,0.00,4590.00,80.26,FALSE,M1_DIRECTION_MISMATCH|OPENING_SHIELD_ACTIVE_17s
2026-09-07 15:18:17.631,1788794297.632,5483,36,386,4413.79,4413.87,8.0,PASS_<=10c,-3.0,DOWN,-4.0,+82.0,4.2,+1.05,0.25,SLOW,4412.97,4414.86,4411.49,4414.79,0.00,0.00,0.0,BULLISH,337.0,4413.83,4413.91,4413.47,4413.79,17,ACTIVE_17s,44.0,4.0,8.0,32.0,18.2,72.7,18.2,PASS_<20%,0.00,0.0,NO,STANDBY_VEL_LOW,0,0.00,4590.00,80.26,FALSE,M1_DIRECTION_MISMATCH|OPENING_SHIELD_ACTIVE_17s
2026-09-07 15:18:18.133,1788794298.134,5484,37,387,4413.76,4413.84,8.0,PASS_<=10c,-3.0,DOWN,-7.0,+79.0,4.2,+1.68,0.40,SLOW,4412.97,4414.86,4411.49,4414.79,0.00,0.00,0.0,BULLISH,337.0,4413.83,4413.91,4413.47,4413.76,18,ACTIVE_18s,44.0,7.0,8.0,29.0,18.2,65.9,18.2,PASS_<20%,0.00,0.0,NO,STANDBY_VEL_LOW,0,0.00,4590.00,80.26,FALSE,M1_DIRECTION_MISMATCH|OPENING_SHIELD_ACTIVE_18s
2026-09-07 15:18:18.635,1788794298.636,5485,38,388,4413.75,4413.83,8.0,PASS_<=10c,-1.0,DOWN,-8.0,+78.0,4.2,+1.68,0.40,SLOW,4412.97,4414.86,4411.49,4414.79,0.00,0.00,0.0,BULLISH,337.0,4413.83,4413.91,4413.47,4413.75,18,ACTIVE_18s,44.0,8.0,8.0,28.0,18.2,63.6,18.2,PASS_<20%,0.00,0.0,NO,STANDBY_VEL_LOW,0,0.00,4590.00,80.26,FALSE,M1_DIRECTION_MISMATCH|OPENING_SHIELD_ACTIVE_18s
2026-09-07 15:18:19.136,1788794299.137,5486,39,389,4413.75,4413.83,8.0,PASS_<=10c,+0.0,FLAT,-8.0,+78.0,4.2,+2.31,0.55,SLOW,4412.97,4414.86,4411.49,4414.79,0.00,0.00,0.0,BULLISH,337.0,4413.83,4413.91,4413.47,4413.75,19,ACTIVE_19s,44.0,8.0,8.0,28.0,18.2,63.6,18.2,PASS_<20%,0.00,0.0,NO,STANDBY_VEL_LOW,0,0.00,4590.00,80.26,FALSE,M1_DIRECTION_MISMATCH|OPENING_SHIELD_ACTIVE_19s
2026-09-07 15:18:19.638,1788794299.639,5487,40,390,4413.86,4413.94,8.0,PASS_<=10c,+11.0,UP,+3.0,+89.0,4.2,+0.84,0.20,SLOW,4412.97,4414.86,4411.49,4414.79,0.00,0.00,0.0,BULLISH,337.0,4413.83,4413.91,4413.47,4413.86,19,ACTIVE_19s,44.0,3.0,5.0,36.0,11.4,81.8,11.4,PASS_<20%,4413.98,12.0,NO,STANDBY_VEL_LOW,0,0.00,4590.00,80.26,FALSE,OPENING_SHIELD_ACTIVE_19s|PRICE_BELOW_15C_DISPLACEMENT
2026-09-07 15:18:20.139,1788794300.140,5488,41,391,4413.88,4413.96,8.0,PASS_<=10c,+2.0,UP,+5.0,+91.0,4.2,+0.63,0.15,SLOW,4412.97,4414.86,4411.49,4414.79,0.00,0.00,0.0,BULLISH,337.0,4413.83,4413.91,4413.47,4413.88,20,CLEARED_>=20s,44.0,5.0,3.0,36.0,6.8,81.8,6.8,PASS_<20%,4413.98,10.0,NO,STANDBY_VEL_LOW,0,0.00,4590.00,80.26,FALSE,PRICE_BELOW_15C_DISPLACEMENT
2026-09-07 15:18:20.640,1788794300.641,5489,42,392,4413.93,4414.01,8.0,PASS_<=10c,+5.0,UP,+10.0,+96.0,4.2,+0.42,0.10,SLOW,4412.97,4414.86,4411.49,4414.79,0.00,0.00,0.0,BULLISH,337.0,4413.83,4413.93,4413.47,4413.93,20,CLEARED_>=20s,46.0,10.0,0.0,36.0,0.0,78.3,0.0,PASS_<20%,4413.98,5.0,YES,STANDBY_VEL_LOW,0,0.00,4590.00,80.26,TRUE,READY_TO_FIRE
2026-09-07 15:18:21.142,1788794301.142,5490,43,393,4413.93,4414.01,8.0,PASS_<=10c,+0.0,FLAT,+10.0,+96.0,4.2,+3.36,0.80,SLOW,4412.97,4414.86,4411.49,4414.79,0.00,0.00,0.0,BULLISH,337.0,4413.83,4413.93,4413.47,4413.93,21,CLEARED_>=20s,46.0,10.0,0.0,36.0,0.0,78.3,0.0,PASS_<20%,4413.98,5.0,YES,STANDBY_VEL_LOW,0,0.00,4590.00,80.26,TRUE,READY_TO_FIRE
2026-09-07 15:18:21.643,1788794301.643,5491,44,394,4413.93,4414.01,8.0,PASS_<=10c,+0.0,FLAT,+10.0,+96.0,4.2,+3.36,0.80,SLOW,4412.97,4414.86,4411.49,4414.79,0.00,0.00,0.0,BULLISH,337.0,4413.83,4413.93,4413.47,4413.93,21,CLEARED_>=20s,46.0,10.0,0.0,36.0,0.0,78.3,0.0,PASS_<20%,4413.98,5.0,YES,STANDBY_VEL_LOW,0,0.00,4590.00,80.26,TRUE,READY_TO_FIRE
2026-09-07 15:18:22.144,1788794302.145,5492,45,395,4413.93,4414.01,8.0,PASS_<=10c,+0.0,FLAT,+10.0,+96.0,4.2,+2.10,0.50,SLOW,4412.97,4414.86,4411.49,4414.79,0.00,0.00,0.0,BULLISH,337.0,4413.83,4413.93,4413.47,4413.93,22,CLEARED_>=20s,46.0,10.0,0.0,36.0,0.0,78.3,0.0,PASS_<20%,4413.98,5.0,YES,STANDBY_VEL_LOW,0,0.00,4590.00,80.26,TRUE,READY_TO_FIRE
2026-09-07 15:18:22.646,1788794302.646,5493,46,396,4413.93,4414.01,8.0,PASS_<=10c,+0.0,FLAT,+10.0,+96.0,4.2,+3.15,0.75,SLOW,4412.97,4414.86,4411.49,4414.79,0.00,0.00,0.0,BULLISH,337.0,4413.83,4413.93,4413.47,4413.93,22,CLEARED_>=20s,46.0,10.0,0.0,36.0,0.0,78.3,0.0,PASS_<20%,4413.98,5.0,YES,STANDBY_VEL_LOW,0,0.00,4590.00,80.26,TRUE,READY_TO_FIRE
2026-09-07 15:18:23.147,1788794303.148,5494,47,397,4413.94,4414.02,8.0,PASS_<=10c,+1.0,UP,+11.0,+97.0,4.2,+3.57,0.85,SLOW,4412.97,4414.86,4411.49,4414.79,0.00,0.00,0.0,BULLISH,337.0,4413.83,4413.94,4413.47,4413.94,23,CLEARED_>=20s,47.0,11.0,0.0,36.0,0.0,76.6,0.0,PASS_<20%,4413.98,4.0,YES,STANDBY_VEL_LOW,0,0.00,4590.00,80.26,TRUE,READY_TO_FIRE
2026-09-07 15:18:23.649,1788794303.649,5495,48,398,4413.94,4414.02,8.0,PASS_<=10c,+0.0,FLAT,+11.0,+97.0,4.2,+3.99,0.95,SLOW,4412.97,4414.86,4411.49,4414.79,0.00,0.00,0.0,BULLISH,337.0,4413.83,4413.94,4413.47,4413.94,23,CLEARED_>=20s,47.0,11.0,0.0,36.0,0.0,76.6,0.0,PASS_<20%,4413.98,4.0,YES,STANDBY_VEL_LOW,0,0.00,4590.00,80.26,TRUE,READY_TO_FIRE
2026-09-07 15:18:24.151,1788794304.152,5496,49,399,4413.94,4414.02,8.0,PASS_<=10c,+0.0,FLAT,+11.0,+97.0,4.2,+3.99,0.95,SLOW,4412.97,4414.86,4411.49,4414.79,0.00,0.00,0.0,BULLISH,337.0,4413.83,4413.94,4413.47,4413.94,24,CLEARED_>=20s,47.0,11.0,0.0,36.0,0.0,76.6,0.0,PASS_<20%,4413.98,4.0,YES,STANDBY_VEL_LOW,0,0.00,4590.00,80.26,TRUE,READY_TO_FIRE
2026-09-07 15:18:24.652,1788794304.652,5497,50,400,4413.94,4414.02,8.0,PASS_<=10c,+0.0,FLAT,+11.0,+97.0,4.2,+1.26,0.30,SLOW,4412.97,4414.86,4411.49,4414.79,0.00,0.00,0.0,BULLISH,337.0,4413.83,4413.94,4413.47,4413.94,24,CLEARED_>=20s,47.0,11.0,0.0,36.0,0.0,76.6,0.0,PASS_<20%,4413.98,4.0,YES,STANDBY_VEL_LOW,0,0.00,4590.00,80.26,TRUE,READY_TO_FIRE
2026-09-07 15:18:25.153,1788794305.154,5498,51,401,4413.84,4413.92,8.0,PASS_<=10c,-10.0,DOWN,+1.0,+87.0,4.2,+1.89,0.45,SLOW,4412.97,4414.86,4411.49,4414.79,0.00,0.00,0.0,BULLISH,337.0,4413.83,4413.94,4413.47,4413.84,25,CLEARED_>=20s,47.0,1.0,10.0,36.0,21.3,76.6,21.3,BLOCKED_21.3%,4413.98,14.0,NO,STANDBY_VEL_LOW,0,0.00,4590.00,80.26,FALSE,OPP_WICK_TOO_HIGH_0.21|PRICE_BELOW_15C_DISPLACEMENT
2026-09-07 15:18:25.656,1788794305.656,5499,52,402,4413.84,4413.92,8.0,PASS_<=10c,+0.0,FLAT,+1.0,+87.0,4.2,+1.89,0.45,SLOW,4412.97,4414.86,4411.49,4414.79,0.00,0.00,0.0,BULLISH,337.0,4413.83,4413.94,4413.47,4413.84,25,CLEARED_>=20s,47.0,1.0,10.0,36.0,21.3,76.6,21.3,BLOCKED_21.3%,4413.98,14.0,NO,STANDBY_VEL_LOW,0,0.00,4590.00,80.26,FALSE,OPP_WICK_TOO_HIGH_0.21|PRICE_BELOW_15C_DISPLACEMENT
2026-09-07 15:18:26.158,1788794306.158,5500,53,403,4413.83,4413.91,8.0,PASS_<=10c,-1.0,DOWN,+0.0,+86.0,4.2,+2.10,0.50,SLOW,4412.97,4414.86,4411.49,4414.79,0.00,0.00,0.0,BULLISH,337.0,4413.83,4413.94,4413.47,4413.83,26,CLEARED_>=20s,47.0,0.0,11.0,36.0,23.4,76.6,23.4,BLOCKED_23.4%,0.00,0.0,NO,STANDBY_VEL_LOW,0,0.00,4590.00,80.26,FALSE,M1_DIRECTION_MISMATCH
2026-09-07 15:18:26.659,1788794306.660,5501,54,404,4413.83,4413.91,8.0,PASS_<=10c,+0.0,FLAT,+0.0,+86.0,4.2,+2.10,0.50,SLOW,4412.97,4414.86,4411.49,4414.79,0.00,0.00,0.0,BULLISH,337.0,4413.83,4413.94,4413.47,4413.83,26,CLEARED_>=20s,47.0,0.0,11.0,36.0,23.4,76.6,23.4,BLOCKED_23.4%,0.00,0.0,NO,STANDBY_VEL_LOW,0,0.00,4590.00,80.26,FALSE,M1_DIRECTION_MISMATCH
2026-09-07 15:18:27.160,1788794307.161,5502,55,405,4413.81,4413.89,8.0,PASS_<=10c,-2.0,DOWN,-2.0,+84.0,4.2,+2.52,0.60,SLOW,4412.97,4414.86,4411.49,4414.79,0.00,0.00,0.0,BULLISH,337.0,4413.83,4413.94,4413.47,4413.81,27,CLEARED_>=20s,47.0,2.0,11.0,34.0,23.4,72.3,23.4,BLOCKED_23.4%,0.00,0.0,NO,STANDBY_VEL_LOW,0,0.00,4590.00,80.26,FALSE,M1_DIRECTION_MISMATCH
2026-09-07 15:18:27.662,1788794307.663,5503,56,406,4413.86,4413.94,8.0,PASS_<=10c,+5.0,UP,+3.0,+89.0,4.2,+1.47,0.35,SLOW,4412.97,4414.86,4411.49,4414.79,0.00,0.00,0.0,BULLISH,337.0,4413.83,4413.94,4413.47,4413.86,27,CLEARED_>=20s,47.0,3.0,8.0,36.0,17.0,76.6,17.0,PASS_<20%,4413.98,12.0,NO,STANDBY_VEL_LOW,0,0.00,4590.00,80.26,FALSE,PRICE_BELOW_15C_DISPLACEMENT
2026-09-07 15:18:28.164,1788794308.164,5504,57,407,4413.92,4414.00,8.0,PASS_<=10c,+6.0,UP,+9.0,+95.0,4.2,+0.42,0.10,SLOW,4412.97,4414.86,4411.49,4414.79,0.00,0.00,0.0,BULLISH,337.0,4413.83,4413.94,4413.47,4413.92,28,CLEARED_>=20s,47.0,9.0,2.0,36.0,4.3,76.6,4.3,PASS_<20%,4413.98,6.0,YES,STANDBY_VEL_LOW,0,0.00,4590.00,80.26,TRUE,READY_TO_FIRE
2026-09-07 15:18:28.665,1788794308.666,5505,58,408,4413.92,4414.00,8.0,PASS_<=10c,+0.0,FLAT,+9.0,+95.0,4.2,+0.42,0.10,SLOW,4412.97,4414.86,4411.49,4414.79,0.00,0.00,0.0,BULLISH,337.0,4413.83,4413.94,4413.47,4413.92,28,CLEARED_>=20s,47.0,9.0,2.0,36.0,4.3,76.6,4.3,PASS_<20%,4413.98,6.0,YES,STANDBY_VEL_LOW,0,0.00,4590.00,80.26,TRUE,READY_TO_FIRE
2026-09-07 15:18:29.168,1788794309.168,5506,59,409,4413.92,4414.00,8.0,PASS_<=10c,+0.0,FLAT,+9.0,+95.0,4.2,+0.42,0.10,SLOW,4412.97,4414.86,4411.49,4414.79,0.00,0.00,0.0,BULLISH,337.0,4413.83,4413.94,4413.47,4413.92,29,CLEARED_>=20s,47.0,9.0,2.0,36.0,4.3,76.6,4.3,PASS_<20%,4413.98,6.0,YES,STANDBY_VEL_LOW,0,0.00,4590.00,80.26,TRUE,READY_TO_FIRE
2026-09-07 15:18:29.669,1788794309.669,5507,60,410,4413.92,4414.00,8.0,PASS_<=10c,+0.0,FLAT,+9.0,+95.0,4.2,+0.00,0.00,SLOW,4412.97,4414.86,4411.49,4414.79,0.00,0.00,0.0,BULLISH,337.0,4413.83,4413.94,4413.47,4413.92,29,CLEARED_>=20s,47.0,9.0,2.0,36.0,4.3,76.6,4.3,PASS_<20%,4413.98,6.0,YES,STANDBY_VEL_LOW,0,0.00,4590.00,80.26,TRUE,READY_TO_FIRE
2026-09-07 15:18:30.171,1788794310.171,5508,61,411,4413.93,4414.01,8.0,PASS_<=10c,+1.0,UP,+10.0,+96.0,4.2,+1.89,0.45,SLOW,4412.97,4414.86,4411.49,4414.79,0.00,0.00,0.0,BULLISH,337.0,4413.83,4413.94,4413.47,4413.93,30,CLEARED_>=20s,47.0,10.0,1.0,36.0,2.1,76.6,2.1,PASS_<20%,4413.98,5.0,YES,STANDBY_VEL_LOW,0,0.00,4590.00,80.26,TRUE,READY_TO_FIRE
2026-09-07 15:18:30.672,1788794310.673,5509,62,412,4413.92,4414.00,8.0,PASS_<=10c,-1.0,DOWN,+9.0,+95.0,4.2,+1.68,0.40,SLOW,4412.97,4414.86,4411.49,4414.79,0.00,0.00,0.0,BULLISH,337.0,4413.83,4413.94,4413.47,4413.92,30,CLEARED_>=20s,47.0,9.0,2.0,36.0,4.3,76.6,4.3,PASS_<20%,4413.98,6.0,YES,STANDBY_VEL_LOW,0,0.00,4590.00,80.26,TRUE,READY_TO_FIRE
2026-09-07 15:18:31.174,1788794311.174,5510,63,413,4413.93,4414.01,8.0,PASS_<=10c,+1.0,UP,+10.0,+96.0,4.2,+2.10,0.50,SLOW,4412.97,4414.86,4411.49,4414.79,0.00,0.00,0.0,BULLISH,337.0,4413.83,4413.94,4413.47,4413.93,31,CLEARED_>=20s,47.0,10.0,1.0,36.0,2.1,76.6,2.1,PASS_<20%,4413.98,5.0,YES,STANDBY_VEL_LOW,0,0.00,4590.00,80.26,TRUE,READY_TO_FIRE
2026-09-07 15:18:31.675,1788794311.675,5511,64,414,4413.94,4414.02,8.0,PASS_<=10c,+1.0,UP,+11.0,+97.0,4.2,+2.73,0.65,SLOW,4412.97,4414.86,4411.49,4414.79,0.00,0.00,0.0,BULLISH,337.0,4413.83,4413.94,4413.47,4413.94,31,CLEARED_>=20s,47.0,11.0,0.0,36.0,0.0,76.6,0.0,PASS_<20%,4413.98,4.0,YES,STANDBY_VEL_LOW,0,0.00,4590.00,80.26,TRUE,READY_TO_FIRE
2026-09-07 15:18:32.176,1788794312.177,5512,65,415,4413.93,4414.01,8.0,PASS_<=10c,-1.0,DOWN,+10.0,+96.0,4.2,+2.52,0.60,SLOW,4412.97,4414.86,4411.49,4414.79,0.00,0.00,0.0,BULLISH,337.0,4413.83,4413.94,4413.47,4413.93,32,CLEARED_>=20s,47.0,10.0,1.0,36.0,2.1,76.6,2.1,PASS_<20%,4413.98,5.0,YES,STANDBY_VEL_LOW,0,0.00,4590.00,80.26,TRUE,READY_TO_FIRE
2026-09-07 15:18:32.678,1788794312.679,5513,66,416,4413.84,4413.92,8.0,PASS_<=10c,-9.0,DOWN,+1.0,+87.0,4.2,+0.42,0.10,SLOW,4412.97,4414.86,4411.49,4414.79,0.00,0.00,0.0,BULLISH,337.0,4413.83,4413.94,4413.47,4413.84,32,CLEARED_>=20s,47.0,1.0,10.0,36.0,21.3,76.6,21.3,BLOCKED_21.3%,4413.98,14.0,NO,STANDBY_VEL_LOW,0,0.00,4590.00,80.26,FALSE,OPP_WICK_TOO_HIGH_0.21|PRICE_BELOW_15C_DISPLACEMENT
2026-09-07 15:18:33.180,1788794313.180,5514,67,417,4413.83,4413.91,8.0,PASS_<=10c,-1.0,DOWN,+0.0,+86.0,4.2,+1.89,0.45,SLOW,4412.97,4414.86,4411.49,4414.79,0.00,0.00,0.0,BULLISH,337.0,4413.83,4413.94,4413.47,4413.83,33,CLEARED_>=20s,47.0,0.0,11.0,36.0,23.4,76.6,23.4,BLOCKED_23.4%,0.00,0.0,NO,STANDBY_VEL_LOW,0,0.00,4590.00,80.26,FALSE,M1_DIRECTION_MISMATCH
2026-09-07 15:18:33.682,1788794313.683,5515,68,418,4413.81,4413.89,8.0,PASS_<=10c,-2.0,DOWN,-2.0,+84.0,4.2,+2.31,0.55,SLOW,4412.97,4414.86,4411.49,4414.79,0.00,0.00,0.0,BULLISH,337.0,4413.83,4413.94,4413.47,4413.81,33,CLEARED_>=20s,47.0,2.0,11.0,34.0,23.4,72.3,23.4,BLOCKED_23.4%,0.00,0.0,NO,STANDBY_VEL_LOW,0,0.00,4590.00,80.26,FALSE,M1_DIRECTION_MISMATCH
2026-09-07 15:18:34.184,1788794314.184,5516,69,419,4413.81,4413.89,8.0,PASS_<=10c,+0.0,FLAT,-2.0,+84.0,4.2,+2.31,0.55,SLOW,4412.97,4414.86,4411.49,4414.79,0.00,0.00,0.0,BULLISH,337.0,4413.83,4413.94,4413.47,4413.81,34,CLEARED_>=20s,47.0,2.0,11.0,34.0,23.4,72.3,23.4,BLOCKED_23.4%,0.00,0.0,NO,STANDBY_VEL_LOW,0,0.00,4590.00,80.26,FALSE,M1_DIRECTION_MISMATCH
2026-09-07 15:18:34.685,1788794314.686,5517,70,420,4413.73,4413.81,8.0,PASS_<=10c,-8.0,DOWN,-10.0,+76.0,4.2,+3.99,0.95,SLOW,4412.97,4414.86,4411.49,4414.79,0.00,0.00,0.0,BULLISH,337.0,4413.83,4413.94,4413.47,4413.73,34,CLEARED_>=20s,47.0,10.0,11.0,26.0,23.4,55.3,23.4,BLOCKED_23.4%,0.00,0.0,NO,STANDBY_VEL_LOW,0,0.00,4590.00,80.26,FALSE,M1_DIRECTION_MISMATCH
2026-09-07 15:18:35.187,1788794315.188,5518,71,421,4413.73,4413.81,8.0,PASS_<=10c,+0.0,FLAT,-10.0,+76.0,4.2,+4.20,1.00,SLOW,4412.97,4414.86,4411.49,4414.79,0.00,0.00,0.0,BULLISH,337.0,4413.83,4413.94,4413.47,4413.73,35,CLEARED_>=20s,47.0,10.0,11.0,26.0,23.4,55.3,23.4,BLOCKED_23.4%,0.00,0.0,NO,STANDBY_VEL_LOW,0,0.00,4590.00,80.26,FALSE,M1_DIRECTION_MISMATCH
2026-09-07 15:18:35.690,1788794315.690,5519,72,422,4413.73,4413.81,8.0,PASS_<=10c,+0.0,FLAT,-10.0,+76.0,4.2,+4.20,1.00,SLOW,4412.97,4414.86,4411.49,4414.79,0.00,0.00,0.0,BULLISH,337.0,4413.83,4413.94,4413.47,4413.73,35,CLEARED_>=20s,47.0,10.0,11.0,26.0,23.4,55.3,23.4,BLOCKED_23.4%,0.00,0.0,NO,STANDBY_VEL_LOW,0,0.00,4590.00,80.26,FALSE,M1_DIRECTION_MISMATCH
2026-09-07 15:18:36.193,1788794316.193,5520,73,423,4413.81,4413.89,8.0,PASS_<=10c,+8.0,UP,-2.0,+84.0,4.2,+2.73,0.65,SLOW,4412.97,4414.86,4411.49,4414.79,0.00,0.00,0.0,BULLISH,337.0,4413.83,4413.94,4413.47,4413.81,36,CLEARED_>=20s,47.0,2.0,11.0,34.0,23.4,72.3,23.4,BLOCKED_23.4%,0.00,0.0,NO,STANDBY_VEL_LOW,0,0.00,4590.00,80.26,FALSE,M1_DIRECTION_MISMATCH
2026-09-07 15:18:36.694,1788794316.694,5521,74,424,4413.88,4413.96,8.0,PASS_<=10c,+7.0,UP,+5.0,+91.0,4.2,+1.05,0.25,SLOW,4412.97,4414.86,4411.49,4414.79,0.00,0.00,0.0,BULLISH,337.0,4413.83,4413.94,4413.47,4413.88,36,CLEARED_>=20s,47.0,5.0,6.0,36.0,12.8,76.6,12.8,PASS_<20%,4413.98,10.0,NO,STANDBY_VEL_LOW,0,0.00,4590.00,80.26,FALSE,PRICE_BELOW_15C_DISPLACEMENT
2026-09-07 15:18:37.195,1788794317.195,5522,75,425,4414.01,4414.09,8.0,PASS_<=10c,+13.0,UP,+18.0,+104.0,4.2,+3.57,0.85,SLOW,4412.97,4414.86,4411.49,4414.79,0.00,0.00,0.0,BULLISH,337.0,4413.83,4414.01,4413.47,4414.01,37,CLEARED_>=20s,54.0,18.0,0.0,36.0,0.0,66.7,0.0,PASS_<20%,4413.98,3.0,YES,STANDBY_VEL_LOW,0,0.00,4590.00,80.26,TRUE,READY_TO_FIRE
2026-09-07 15:18:37.696,1788794317.697,5523,76,426,4414.00,4414.08,8.0,PASS_<=10c,-1.0,DOWN,+17.0,+103.0,4.2,+3.57,0.85,SLOW,4412.97,4414.86,4411.49,4414.79,0.00,0.00,0.0,BULLISH,337.0,4413.83,4414.01,4413.47,4414.00,37,CLEARED_>=20s,54.0,17.0,1.0,36.0,1.9,66.7,1.9,PASS_<20%,4413.98,2.0,YES,STANDBY_VEL_LOW,0,0.00,4590.00,80.26,TRUE,READY_TO_FIRE
2026-09-07 15:18:38.198,1788794318.198,5524,77,427,4414.00,4414.08,8.0,PASS_<=10c,+0.0,FLAT,+17.0,+103.0,4.2,+3.57,0.85,SLOW,4412.97,4414.86,4411.49,4414.79,0.00,0.00,0.0,BULLISH,337.0,4413.83,4414.01,4413.47,4414.00,38,CLEARED_>=20s,54.0,17.0,1.0,36.0,1.9,66.7,1.9,PASS_<20%,4413.98,2.0,YES,STANDBY_VEL_LOW,0,0.00,4590.00,80.26,TRUE,READY_TO_FIRE
2026-09-07 15:18:38.701,1788794318.702,5525,78,428,4413.92,4414.00,8.0,PASS_<=10c,-8.0,DOWN,+9.0,+95.0,4.2,+2.31,0.55,SLOW,4412.97,4414.86,4411.49,4414.79,0.00,0.00,0.0,BULLISH,337.0,4413.83,4414.01,4413.47,4413.92,38,CLEARED_>=20s,54.0,9.0,9.0,36.0,16.7,66.7,16.7,PASS_<20%,4413.98,6.0,YES,STANDBY_VEL_LOW,0,0.00,4590.00,80.26,TRUE,READY_TO_FIRE
2026-09-07 15:18:39.203,1788794319.204,5526,79,429,4413.87,4413.95,8.0,PASS_<=10c,-5.0,DOWN,+4.0,+90.0,4.2,+1.26,0.30,SLOW,4412.97,4414.86,4411.49,4414.79,0.00,0.00,0.0,BULLISH,337.0,4413.83,4414.01,4413.47,4413.87,39,CLEARED_>=20s,54.0,4.0,14.0,36.0,25.9,66.7,25.9,BLOCKED_25.9%,4413.98,11.0,NO,STANDBY_VEL_LOW,0,0.00,4590.00,80.26,FALSE,OPP_WICK_TOO_HIGH_0.26|PRICE_BELOW_15C_DISPLACEMENT
2026-09-07 15:18:39.704,1788794319.704,5527,80,430,4413.87,4413.95,8.0,PASS_<=10c,+0.0,FLAT,+4.0,+90.0,4.2,+2.94,0.70,SLOW,4412.97,4414.86,4411.49,4414.79,0.00,0.00,0.0,BULLISH,337.0,4413.83,4414.01,4413.47,4413.87,39,CLEARED_>=20s,54.0,4.0,14.0,36.0,25.9,66.7,25.9,BLOCKED_25.9%,4413.98,11.0,NO,STANDBY_VEL_LOW,0,0.00,4590.00,80.26,FALSE,OPP_WICK_TOO_HIGH_0.26|PRICE_BELOW_15C_DISPLACEMENT
2026-09-07 15:18:40.206,1788794320.206,5528,81,431,4414.07,4414.15,8.0,PASS_<=10c,+20.0,UP,+24.0,+110.0,4.2,+7.13,1.70,SLOW,4412.97,4414.86,4411.49,4414.79,0.00,0.00,0.0,BULLISH,337.0,4413.83,4414.07,4413.47,4414.07,40,CLEARED_>=20s,60.0,24.0,0.0,36.0,0.0,60.0,0.0,PASS_<20%,4413.98,9.0,YES,STANDBY_VEL_LOW,0,0.00,4590.00,80.26,TRUE,READY_TO_FIRE
2026-09-07 15:18:40.709,1788794320.709,5529,82,432,4414.07,4414.15,8.0,PASS_<=10c,+0.0,FLAT,+24.0,+110.0,4.2,+7.34,1.75,SLOW,4412.97,4414.86,4411.49,4414.79,0.00,0.00,0.0,BULLISH,337.0,4413.83,4414.07,4413.47,4414.07,40,CLEARED_>=20s,60.0,24.0,0.0,36.0,0.0,60.0,0.0,PASS_<20%,4413.98,9.0,YES,STANDBY_VEL_LOW,0,0.00,4590.00,80.26,TRUE,READY_TO_FIRE
2026-09-07 15:18:41.211,1788794321.212,5530,83,433,4414.14,4414.22,8.0,PASS_<=10c,+7.0,UP,+31.0,+117.0,4.2,+6.08,1.45,SLOW,4412.97,4414.86,4411.49,4414.79,0.00,0.00,0.0,BULLISH,337.0,4413.83,4414.14,4413.47,4414.14,41,CLEARED_>=20s,67.0,31.0,0.0,36.0,0.0,53.7,0.0,PASS_<20%,4413.98,16.0,YES,STANDBY_VEL_LOW,0,0.00,4590.00,80.26,TRUE,READY_TO_FIRE
2026-09-07 15:18:41.713,1788794321.713,5531,84,434,4414.14,4414.22,8.0,PASS_<=10c,+0.0,FLAT,+31.0,+117.0,4.2,+5.24,1.25,SLOW,4412.97,4414.86,4411.49,4414.79,0.00,0.00,0.0,BULLISH,337.0,4413.83,4414.14,4413.47,4414.14,41,CLEARED_>=20s,67.0,31.0,0.0,36.0,0.0,53.7,0.0,PASS_<20%,4413.98,16.0,YES,STANDBY_VEL_LOW,0,0.00,4590.00,80.26,TRUE,READY_TO_FIRE
2026-09-07 15:18:42.215,1788794322.216,5532,85,435,4414.14,4414.22,8.0,PASS_<=10c,+0.0,FLAT,+31.0,+117.0,4.2,+2.94,0.70,SLOW,4412.97,4414.86,4411.49,4414.79,0.00,0.00,0.0,BULLISH,337.0,4413.83,4414.14,4413.47,4414.14,42,CLEARED_>=20s,67.0,31.0,0.0,36.0,0.0,53.7,0.0,PASS_<20%,4413.98,16.0,YES,STANDBY_VEL_LOW,0,0.00,4590.00,80.26,TRUE,READY_TO_FIRE
2026-09-07 15:18:42.716,1788794322.717,5533,86,436,4414.14,4414.22,8.0,PASS_<=10c,+0.0,FLAT,+31.0,+117.0,4.2,+2.94,0.70,SLOW,4412.97,4414.86,4411.49,4414.79,0.00,0.00,0.0,BULLISH,337.0,4413.83,4414.14,4413.47,4414.14,42,CLEARED_>=20s,67.0,31.0,0.0,36.0,0.0,53.7,0.0,PASS_<20%,4413.98,16.0,YES,STANDBY_VEL_LOW,0,0.00,4590.00,80.26,TRUE,READY_TO_FIRE
2026-09-07 15:18:43.217,1788794323.218,5534,87,437,4414.16,4414.24,8.0,PASS_<=10c,+2.0,UP,+33.0,+119.0,4.2,+3.36,0.80,SLOW,4412.97,4414.86,4411.49,4414.79,0.00,0.00,0.0,BULLISH,337.0,4413.83,4414.16,4413.47,4414.16,43,CLEARED_>=20s,69.0,33.0,0.0,36.0,0.0,52.2,0.0,PASS_<20%,4413.98,18.0,YES,STANDBY_VEL_LOW,0,0.00,4590.00,80.26,TRUE,READY_TO_FIRE
2026-09-07 15:18:43.719,1788794323.719,5535,88,438,4414.16,4414.24,8.0,PASS_<=10c,+0.0,FLAT,+33.0,+119.0,4.2,+6.08,1.45,SLOW,4412.97,4414.86,4411.49,4414.79,0.00,0.00,0.0,BULLISH,337.0,4413.83,4414.16,4413.47,4414.16,43,CLEARED_>=20s,69.0,33.0,0.0,36.0,0.0,52.2,0.0,PASS_<20%,4413.98,18.0,YES,STANDBY_VEL_LOW,0,0.00,4590.00,80.26,TRUE,READY_TO_FIRE
2026-09-07 15:18:44.222,1788794324.222,5536,89,439,4414.11,4414.19,8.0,PASS_<=10c,-5.0,DOWN,+28.0,+114.0,4.2,+5.03,1.20,SLOW,4412.97,4414.86,4411.49,4414.79,0.00,0.00,0.0,BULLISH,337.0,4413.83,4414.16,4413.47,4414.11,44,CLEARED_>=20s,69.0,28.0,5.0,36.0,7.2,52.2,7.2,PASS_<20%,4413.98,13.0,YES,STANDBY_VEL_LOW,0,0.00,4590.00,80.26,TRUE,READY_TO_FIRE
2026-09-07 15:18:44.723,1788794324.724,5537,90,440,4414.01,4414.09,8.0,PASS_<=10c,-10.0,DOWN,+18.0,+104.0,4.2,+1.89,0.45,SLOW,4412.97,4414.86,4411.49,4414.79,0.00,0.00,0.0,BULLISH,337.0,4413.83,4414.16,4413.47,4414.01,44,CLEARED_>=20s,69.0,18.0,15.0,36.0,21.7,52.2,21.7,BLOCKED_21.7%,4413.98,3.0,NO,STANDBY_VEL_LOW,0,0.00,4590.00,80.26,FALSE,OPP_WICK_TOO_HIGH_0.22
2026-09-07 15:18:45.225,1788794325.225,5538,91,441,4413.87,4413.95,8.0,PASS_<=10c,-14.0,DOWN,+4.0,+90.0,4.2,+4.20,1.00,SLOW,4412.97,4414.86,4411.49,4414.79,0.00,0.00,0.0,BULLISH,337.0,4413.83,4414.16,4413.47,4413.87,45,CLEARED_>=20s,69.0,4.0,29.0,36.0,42.0,52.2,42.0,BLOCKED_42.0%,4413.98,11.0,NO,STANDBY_VEL_LOW,0,0.00,4590.00,80.26,FALSE,OPP_WICK_TOO_HIGH_0.42|PRICE_BELOW_15C_DISPLACEMENT
2026-09-07 15:18:45.726,1788794325.727,5539,92,442,4413.85,4413.93,8.0,PASS_<=10c,-2.0,DOWN,+2.0,+88.0,4.2,+4.62,1.10,SLOW,4412.97,4414.86,4411.49,4414.79,0.00,0.00,0.0,BULLISH,337.0,4413.83,4414.16,4413.47,4413.85,45,CLEARED_>=20s,69.0,2.0,31.0,36.0,44.9,52.2,44.9,BLOCKED_44.9%,4413.98,13.0,NO,STANDBY_VEL_LOW,0,0.00,4590.00,80.26,FALSE,OPP_WICK_TOO_HIGH_0.45|PRICE_BELOW_15C_DISPLACEMENT
2026-09-07 15:18:46.228,1788794326.228,5540,93,443,4413.85,4413.93,8.0,PASS_<=10c,+0.0,FLAT,+2.0,+88.0,4.2,+6.09,1.45,SLOW,4412.97,4414.86,4411.49,4414.79,0.00,0.00,0.0,BULLISH,337.0,4413.83,4414.16,4413.47,4413.85,46,CLEARED_>=20s,69.0,2.0,31.0,36.0,44.9,52.2,44.9,BLOCKED_44.9%,4413.98,13.0,NO,STANDBY_VEL_LOW,0,0.00,4590.00,80.26,FALSE,OPP_WICK_TOO_HIGH_0.45|PRICE_BELOW_15C_DISPLACEMENT
2026-09-07 15:18:46.729,1788794326.729,5541,94,444,4413.82,4413.90,8.0,PASS_<=10c,-3.0,DOWN,-1.0,+85.0,4.2,+6.72,1.60,SLOW,4412.97,4414.86,4411.49,4414.79,0.00,0.00,0.0,BULLISH,337.0,4413.83,4414.16,4413.47,4413.82,46,CLEARED_>=20s,69.0,1.0,33.0,35.0,47.8,50.7,47.8,BLOCKED_47.8%,0.00,0.0,NO,STANDBY_VEL_LOW,0,0.00,4590.00,80.26,FALSE,M1_DIRECTION_MISMATCH
2026-09-07 15:18:47.230,1788794327.230,5542,95,445,4413.82,4413.90,8.0,PASS_<=10c,+0.0,FLAT,-1.0,+85.0,4.2,+6.72,1.60,SLOW,4412.97,4414.86,4411.49,4414.79,0.00,0.00,0.0,BULLISH,337.0,4413.83,4414.16,4413.47,4413.82,47,CLEARED_>=20s,69.0,1.0,33.0,35.0,47.8,50.7,47.8,BLOCKED_47.8%,0.00,0.0,NO,STANDBY_VEL_LOW,0,0.00,4590.00,80.26,FALSE,M1_DIRECTION_MISMATCH
2026-09-07 15:18:47.731,1788794327.731,5543,96,446,4413.83,4413.91,8.0,PASS_<=10c,+1.0,UP,+0.0,+86.0,4.2,+6.51,1.55,SLOW,4412.97,4414.86,4411.49,4414.79,0.00,0.00,0.0,BULLISH,337.0,4413.83,4414.16,4413.47,4413.83,47,CLEARED_>=20s,69.0,0.0,33.0,36.0,47.8,52.2,47.8,BLOCKED_47.8%,0.00,0.0,NO,STANDBY_VEL_LOW,0,0.00,4590.00,80.26,FALSE,M1_DIRECTION_MISMATCH
2026-09-07 15:18:48.233,1788794328.234,5544,97,447,4413.83,4413.91,8.0,PASS_<=10c,+0.0,FLAT,+0.0,+86.0,4.2,+6.93,1.65,SLOW,4412.97,4414.86,4411.49,4414.79,0.00,0.00,0.0,BULLISH,337.0,4413.83,4414.16,4413.47,4413.83,48,CLEARED_>=20s,69.0,0.0,33.0,36.0,47.8,52.2,47.8,BLOCKED_47.8%,0.00,0.0,NO,STANDBY_VEL_LOW,0,0.00,4590.00,80.26,FALSE,M1_DIRECTION_MISMATCH
2026-09-07 15:18:48.735,1788794328.736,5545,98,448,4413.83,4413.91,8.0,PASS_<=10c,+0.0,FLAT,+0.0,+86.0,4.2,+6.30,1.50,SLOW,4412.97,4414.86,4411.49,4414.79,0.00,0.00,0.0,BULLISH,337.0,4413.83,4414.16,4413.47,4413.83,48,CLEARED_>=20s,69.0,0.0,33.0,36.0,47.8,52.2,47.8,BLOCKED_47.8%,0.00,0.0,NO,STANDBY_VEL_LOW,0,0.00,4590.00,80.26,FALSE,M1_DIRECTION_MISMATCH
2026-09-07 15:18:49.235,1788794329.235,5546,99,449,4413.76,4413.84,8.0,PASS_<=10c,-7.0,DOWN,-7.0,+79.0,4.2,+7.14,1.70,SLOW,4412.97,4414.86,4411.49,4414.79,0.00,0.00,0.0,BULLISH,337.0,4413.83,4414.16,4413.47,4413.76,49,CLEARED_>=20s,69.0,7.0,33.0,29.0,47.8,42.0,47.8,BLOCKED_47.8%,0.00,0.0,NO,STANDBY_VEL_LOW,0,0.00,4590.00,80.26,FALSE,M1_DIRECTION_MISMATCH
2026-09-07 15:18:49.737,1788794329.737,5547,100,450,4413.76,4413.84,8.0,PASS_<=10c,+0.0,FLAT,-7.0,+79.0,4.2,+3.36,0.80,SLOW,4412.97,4414.86,4411.49,4414.79,0.00,0.00,0.0,BULLISH,337.0,4413.83,4414.16,4413.47,4413.76,49,CLEARED_>=20s,69.0,7.0,33.0,29.0,47.8,42.0,47.8,BLOCKED_47.8%,0.00,0.0,NO,STANDBY_VEL_LOW,0,0.00,4590.00,80.26,FALSE,M1_DIRECTION_MISMATCH
2026-09-07 15:18:50.239,1788794330.240,5548,101,451,4413.76,4413.84,8.0,PASS_<=10c,+0.0,FLAT,-7.0,+79.0,4.2,+1.89,0.45,SLOW,4412.97,4414.86,4411.49,4414.79,0.00,0.00,0.0,BULLISH,337.0,4413.83,4414.16,4413.47,4413.76,50,CLEARED_>=20s,69.0,7.0,33.0,29.0,47.8,42.0,47.8,BLOCKED_47.8%,0.00,0.0,NO,STANDBY_VEL_LOW,0,0.00,4590.00,80.26,FALSE,M1_DIRECTION_MISMATCH
2026-09-07 15:18:50.740,1788794330.741,5549,102,452,4413.76,4413.84,8.0,PASS_<=10c,+0.0,FLAT,-7.0,+79.0,4.2,+1.89,0.45,SLOW,4412.97,4414.86,4411.49,4414.79,0.00,0.00,0.0,BULLISH,337.0,4413.83,4414.16,4413.47,4413.76,50,CLEARED_>=20s,69.0,7.0,33.0,29.0,47.8,42.0,47.8,BLOCKED_47.8%,0.00,0.0,NO,STANDBY_VEL_LOW,0,0.00,4590.00,80.26,FALSE,M1_DIRECTION_MISMATCH
2026-09-07 15:18:51.244,1788794331.245,5550,103,453,4413.66,4413.74,8.0,PASS_<=10c,-10.0,DOWN,-17.0,+69.0,4.2,+3.36,0.80,SLOW,4412.97,4414.86,4411.49,4414.79,0.00,0.00,0.0,BULLISH,337.0,4413.83,4414.16,4413.47,4413.66,51,CLEARED_>=20s,69.0,17.0,33.0,19.0,47.8,27.5,47.8,BLOCKED_47.8%,0.00,0.0,NO,STANDBY_VEL_LOW,0,0.00,4590.00,80.26,FALSE,M1_DIRECTION_MISMATCH
2026-09-07 15:18:51.743,1788794331.744,5551,104,454,4413.57,4413.65,8.0,PASS_<=10c,-9.0,DOWN,-26.0,+60.0,4.2,+5.25,1.25,SLOW,4412.97,4414.86,4411.49,4414.79,0.00,0.00,0.0,BULLISH,337.0,4413.83,4414.16,4413.47,4413.57,51,CLEARED_>=20s,69.0,26.0,33.0,10.0,47.8,14.5,47.8,BLOCKED_47.8%,0.00,0.0,NO,STANDBY_VEL_LOW,0,0.00,4590.00,80.26,FALSE,M1_DIRECTION_MISMATCH
2026-09-07 15:18:52.244,1788794332.245,5552,105,455,4413.52,4413.60,8.0,PASS_<=10c,-5.0,DOWN,-31.0,+55.0,4.2,+6.30,1.50,SLOW,4412.97,4414.86,4411.49,4414.79,0.00,0.00,0.0,BULLISH,337.0,4413.83,4414.16,4413.47,4413.52,52,CLEARED_>=20s,69.0,31.0,33.0,5.0,47.8,7.2,47.8,BLOCKED_47.8%,0.00,0.0,NO,STANDBY_VEL_LOW,0,0.00,4590.00,80.26,FALSE,M1_DIRECTION_MISMATCH
2026-09-07 15:18:52.747,1788794332.747,5553,106,456,4413.51,4413.59,8.0,PASS_<=10c,-1.0,DOWN,-32.0,+54.0,4.2,+6.72,1.60,SLOW,4412.97,4414.86,4411.49,4414.79,0.00,0.00,0.0,BULLISH,337.0,4413.83,4414.16,4413.47,4413.51,52,CLEARED_>=20s,69.0,32.0,33.0,4.0,47.8,5.8,47.8,BLOCKED_47.8%,0.00,0.0,NO,STANDBY_VEL_LOW,0,0.00,4590.00,80.26,FALSE,M1_DIRECTION_MISMATCH
2026-09-07 15:18:53.248,1788794333.248,5554,107,457,4413.48,4413.56,8.0,PASS_<=10c,-3.0,DOWN,-35.0,+51.0,4.2,+7.35,1.75,SLOW,4412.97,4414.86,4411.49,4414.79,0.00,0.00,0.0,BULLISH,337.0,4413.83,4414.16,4413.47,4413.48,53,CLEARED_>=20s,69.0,35.0,33.0,1.0,47.8,1.4,47.8,BLOCKED_47.8%,0.00,0.0,NO,STANDBY_VEL_LOW,0,0.00,4590.00,80.26,FALSE,M1_DIRECTION_MISMATCH
2026-09-07 15:18:53.749,1788794333.749,5555,108,458,4413.48,4413.56,8.0,PASS_<=10c,+0.0,FLAT,-35.0,+51.0,4.2,+5.88,1.40,SLOW,4412.97,4414.86,4411.49,4414.79,0.00,0.00,0.0,BULLISH,337.0,4413.83,4414.16,4413.47,4413.48,53,CLEARED_>=20s,69.0,35.0,33.0,1.0,47.8,1.4,47.8,BLOCKED_47.8%,0.00,0.0,NO,STANDBY_VEL_LOW,0,0.00,4590.00,80.26,FALSE,M1_DIRECTION_MISMATCH
2026-09-07 15:18:54.250,1788794334.250,5556,109,459,4413.48,4413.56,8.0,PASS_<=10c,+0.0,FLAT,-35.0,+51.0,4.2,+5.88,1.40,SLOW,4412.97,4414.86,4411.49,4414.79,0.00,0.00,0.0,BULLISH,337.0,4413.83,4414.16,4413.47,4413.48,54,CLEARED_>=20s,69.0,35.0,33.0,1.0,47.8,1.4,47.8,BLOCKED_47.8%,0.00,0.0,NO,STANDBY_VEL_LOW,0,0.00,4590.00,80.26,FALSE,M1_DIRECTION_MISMATCH
2026-09-07 15:18:54.751,1788794334.752,5557,110,460,4413.48,4413.56,8.0,PASS_<=10c,+0.0,FLAT,-35.0,+51.0,4.2,+5.88,1.40,SLOW,4412.97,4414.86,4411.49,4414.79,0.00,0.00,0.0,BULLISH,337.0,4413.83,4414.16,4413.47,4413.48,54,CLEARED_>=20s,69.0,35.0,33.0,1.0,47.8,1.4,47.8,BLOCKED_47.8%,0.00,0.0,NO,STANDBY_VEL_LOW,0,0.00,4590.00,80.26,FALSE,M1_DIRECTION_MISMATCH
2026-09-07 15:18:55.255,1788794335.255,5558,111,461,4413.47,4413.55,8.0,PASS_<=10c,-1.0,DOWN,-36.0,+50.0,4.2,+6.09,1.45,SLOW,4412.97,4414.86,4411.49,4414.79,0.00,0.00,0.0,BULLISH,337.0,4413.83,4414.16,4413.47,4413.47,55,CLEARED_>=20s,69.0,36.0,33.0,0.0,47.8,0.0,47.8,BLOCKED_47.8%,0.00,0.0,NO,STANDBY_VEL_LOW,0,0.00,4590.00,80.26,FALSE,M1_DIRECTION_MISMATCH
2026-09-07 15:18:55.756,1788794335.756,5559,112,462,4413.47,4413.55,8.0,PASS_<=10c,+0.0,FLAT,-36.0,+50.0,4.2,+6.09,1.45,SLOW,4412.97,4414.86,4411.49,4414.79,0.00,0.00,0.0,BULLISH,337.0,4413.83,4414.16,4413.47,4413.47,55,CLEARED_>=20s,69.0,36.0,33.0,0.0,47.8,0.0,47.8,BLOCKED_47.8%,0.00,0.0,NO,STANDBY_VEL_LOW,0,0.00,4590.00,80.26,FALSE,M1_DIRECTION_MISMATCH
2026-09-07 15:18:56.257,1788794336.258,5560,113,463,4413.62,4413.70,8.0,PASS_<=10c,+15.0,UP,-21.0,+65.0,4.2,+0.42,0.10,SLOW,4412.97,4414.86,4411.49,4414.79,0.00,0.00,0.0,BULLISH,337.0,4413.83,4414.16,4413.47,4413.62,56,CLEARED_>=20s,69.0,21.0,33.0,15.0,47.8,21.7,47.8,BLOCKED_47.8%,0.00,0.0,NO,STANDBY_VEL_LOW,0,0.00,4590.00,80.26,FALSE,M1_DIRECTION_MISMATCH
2026-09-07 15:18:56.760,1788794336.760,5561,114,464,4413.59,4413.67,8.0,PASS_<=10c,-3.0,DOWN,-24.0,+62.0,4.2,+0.84,0.20,SLOW,4412.97,4414.86,4411.49,4414.79,0.00,0.00,0.0,BULLISH,337.0,4413.83,4414.16,4413.47,4413.59,56,CLEARED_>=20s,69.0,24.0,33.0,12.0,47.8,17.4,47.8,BLOCKED_47.8%,0.00,0.0,NO,STANDBY_VEL_LOW,0,0.00,4590.00,80.26,FALSE,M1_DIRECTION_MISMATCH
2026-09-07 15:18:57.263,1788794337.264,5562,115,465,4413.57,4413.65,8.0,PASS_<=10c,-2.0,DOWN,-26.0,+60.0,4.2,+1.26,0.30,SLOW,4412.97,4414.86,4411.49,4414.79,0.00,0.00,0.0,BULLISH,337.0,4413.83,4414.16,4413.47,4413.57,57,CLEARED_>=20s,69.0,26.0,33.0,10.0,47.8,14.5,47.8,BLOCKED_47.8%,0.00,0.0,NO,STANDBY_VEL_LOW,0,0.00,4590.00,80.26,FALSE,M1_DIRECTION_MISMATCH
2026-09-07 15:18:57.764,1788794337.765,5563,116,466,4413.61,4413.69,8.0,PASS_<=10c,+4.0,UP,-22.0,+64.0,4.2,+2.73,0.65,SLOW,4412.97,4414.86,4411.49,4414.79,0.00,0.00,0.0,BULLISH,337.0,4413.83,4414.16,4413.47,4413.61,57,CLEARED_>=20s,69.0,22.0,33.0,14.0,47.8,20.3,47.8,BLOCKED_47.8%,0.00,0.0,NO,STANDBY_VEL_LOW,0,0.00,4590.00,80.26,FALSE,M1_DIRECTION_MISMATCH
2026-09-07 15:18:58.266,1788794338.266,5564,117,467,4413.61,4413.69,8.0,PASS_<=10c,+0.0,FLAT,-22.0,+64.0,4.2,+2.73,0.65,SLOW,4412.97,4414.86,4411.49,4414.79,0.00,0.00,0.0,BULLISH,337.0,4413.83,4414.16,4413.47,4413.61,58,CLEARED_>=20s,69.0,22.0,33.0,14.0,47.8,20.3,47.8,BLOCKED_47.8%,0.00,0.0,NO,STANDBY_VEL_LOW,0,0.00,4590.00,80.26,FALSE,M1_DIRECTION_MISMATCH
2026-09-07 15:18:58.768,1788794338.769,5565,118,468,4413.55,4413.63,8.0,PASS_<=10c,-6.0,DOWN,-28.0,+58.0,4.2,+1.47,0.35,SLOW,4412.97,4414.86,4411.49,4414.79,0.00,0.00,0.0,BULLISH,337.0,4413.83,4414.16,4413.47,4413.55,58,CLEARED_>=20s,69.0,28.0,33.0,8.0,47.8,11.6,47.8,BLOCKED_47.8%,0.00,0.0,NO,STANDBY_VEL_LOW,0,0.00,4590.00,80.26,FALSE,M1_DIRECTION_MISMATCH
2026-09-07 15:18:59.269,1788794339.270,5566,119,469,4413.53,4413.61,8.0,PASS_<=10c,-2.0,DOWN,-30.0,+56.0,4.2,+1.05,0.25,SLOW,4412.97,4414.86,4411.49,4414.79,0.00,0.00,0.0,BULLISH,337.0,4413.83,4414.16,4413.47,4413.53,59,CLEARED_>=20s,69.0,30.0,33.0,6.0,47.8,8.7,47.8,BLOCKED_47.8%,0.00,0.0,NO,STANDBY_VEL_LOW,0,0.00,4590.00,80.26,FALSE,M1_DIRECTION_MISMATCH
2026-09-07 15:18:59.770,1788794339.771,5567,120,470,4413.43,4413.51,8.0,PASS_<=10c,-10.0,DOWN,-40.0,+46.0,4.2,+0.84,0.20,SLOW,4412.97,4414.86,4411.49,4414.79,0.00,0.00,0.0,BULLISH,337.0,4413.83,4414.16,4413.43,4413.43,59,CLEARED_>=20s,73.0,40.0,33.0,0.0,45.2,0.0,45.2,BLOCKED_45.2%,0.00,0.0,NO,STANDBY_VEL_LOW,0,0.00,4590.00,80.26,FALSE,M1_DIRECTION_MISMATCH
2026-09-07 15:19:00.273,1788794340.273,5568,1,471,4413.43,4413.51,8.0,PASS_<=10c,+0.0,FLAT,+0.0,+46.0,4.2,+0.84,0.20,SLOW,4412.97,4414.86,4411.49,4414.79,0.00,0.00,0.0,BULLISH,337.0,4413.43,4413.43,4413.43,4413.43,0,ACTIVE_0s,1.0,0.0,0.0,0.0,0.0,0.0,0.0,PASS_<20%,0.00,0.0,NO,STANDBY_VEL_LOW,0,0.00,4590.00,80.26,FALSE,M1_DIRECTION_MISMATCH|OPENING_SHIELD_ACTIVE_0s
2026-09-07 15:19:00.774,1788794340.775,5569,2,472,4413.43,4413.51,8.0,PASS_<=10c,+0.0,FLAT,+0.0,+46.0,4.2,+4.19,1.00,SLOW,4412.97,4414.86,4411.49,4414.79,0.00,0.00,0.0,BULLISH,337.0,4413.43,4413.43,4413.43,4413.43,0,ACTIVE_0s,1.0,0.0,0.0,0.0,0.0,0.0,0.0,PASS_<20%,0.00,0.0,NO,STANDBY_VEL_LOW,0,0.00,4590.00,80.26,FALSE,M1_DIRECTION_MISMATCH|OPENING_SHIELD_ACTIVE_0s
2026-09-07 15:19:01.276,1788794341.277,5570,3,473,4413.49,4413.57,8.0,PASS_<=10c,+6.0,UP,+6.0,+52.0,4.2,+2.10,0.50,SLOW,4412.97,4414.86,4411.49,4414.79,0.00,0.00,0.0,BULLISH,337.0,4413.43,4413.49,4413.43,4413.49,1,ACTIVE_1s,6.0,6.0,0.0,0.0,0.0,0.0,0.0,PASS_<20%,4413.58,9.0,NO,STANDBY_VEL_LOW,0,0.00,4590.00,80.26,FALSE,OPENING_SHIELD_ACTIVE_1s|PRICE_BELOW_15C_DISPLACEMENT
2026-09-07 15:19:01.778,1788794341.778,5571,4,474,4413.57,4413.65,8.0,PASS_<=10c,+8.0,UP,+14.0,+60.0,4.2,+0.42,0.10,SLOW,4412.97,4414.86,4411.49,4414.79,0.00,0.00,0.0,BULLISH,337.0,4413.43,4413.57,4413.43,4413.57,1,ACTIVE_1s,14.0,14.0,0.0,0.0,0.0,0.0,0.0,PASS_<20%,4413.58,1.0,NO,STANDBY_VEL_LOW,0,0.00,4590.00,80.26,FALSE,OPENING_SHIELD_ACTIVE_1s
2026-09-07 15:19:02.280,1788794342.281,5572,5,475,4413.57,4413.65,8.0,PASS_<=10c,+0.0,FLAT,+14.0,+60.0,4.2,+0.63,0.15,SLOW,4412.97,4414.86,4411.49,4414.79,0.00,0.00,0.0,BULLISH,337.0,4413.43,4413.57,4413.43,4413.57,2,ACTIVE_2s,14.0,14.0,0.0,0.0,0.0,0.0,0.0,PASS_<20%,4413.58,1.0,NO,STANDBY_VEL_LOW,0,0.00,4590.00,80.26,FALSE,OPENING_SHIELD_ACTIVE_2s
2026-09-07 15:19:02.781,1788794342.781,5573,6,476,4413.56,4413.64,8.0,PASS_<=10c,-1.0,DOWN,+13.0,+59.0,4.2,+1.05,0.25,SLOW,4412.97,4414.86,4411.49,4414.79,0.00,0.00,0.0,BULLISH,337.0,4413.43,4413.61,4413.43,4413.56,2,ACTIVE_2s,18.0,13.0,5.0,0.0,27.8,0.0,27.8,BLOCKED_27.8%,4413.58,2.0,NO,STANDBY_VEL_LOW,0,0.00,4590.00,80.26,FALSE,OPP_WICK_TOO_HIGH_0.28|OPENING_SHIELD_ACTIVE_2s
2026-09-07 15:19:03.283,1788794343.284,5574,7,477,4413.54,4413.62,8.0,PASS_<=10c,-2.0,DOWN,+11.0,+57.0,4.2,+1.47,0.35,SLOW,4412.97,4414.86,4411.49,4414.79,0.00,0.00,0.0,BULLISH,337.0,4413.43,4413.61,4413.43,4413.54,3,ACTIVE_3s,18.0,11.0,7.0,0.0,38.9,0.0,38.9,BLOCKED_38.9%,4413.58,4.0,NO,STANDBY_VEL_LOW,0,0.00,4590.00,80.26,FALSE,OPP_WICK_TOO_HIGH_0.39|OPENING_SHIELD_ACTIVE_3s
2026-09-07 15:19:03.786,1788794343.786,5575,8,478,4413.54,4413.62,8.0,PASS_<=10c,+0.0,FLAT,+11.0,+57.0,4.2,+0.42,0.10,SLOW,4412.97,4414.86,4411.49,4414.79,0.00,0.00,0.0,BULLISH,337.0,4413.43,4413.61,4413.43,4413.54,3,ACTIVE_3s,18.0,11.0,7.0,0.0,38.9,0.0,38.9,BLOCKED_38.9%,4413.58,4.0,NO,STANDBY_VEL_LOW,0,0.00,4590.00,80.26,FALSE,OPP_WICK_TOO_HIGH_0.39|OPENING_SHIELD_ACTIVE_3s
2026-09-07 15:19:04.288,1788794344.288,5576,9,479,4413.54,4413.62,8.0,PASS_<=10c,+0.0,FLAT,+11.0,+57.0,4.2,+0.21,0.05,SLOW,4412.97,4414.86,4411.49,4414.79,0.00,0.00,0.0,BULLISH,337.0,4413.43,4413.61,4413.43,4413.54,4,ACTIVE_4s,18.0,11.0,7.0,0.0,38.9,0.0,38.9,BLOCKED_38.9%,4413.58,4.0,NO,STANDBY_VEL_LOW,0,0.00,4590.00,80.26,FALSE,OPP_WICK_TOO_HIGH_0.39|OPENING_SHIELD_ACTIVE_4s
2026-09-07 15:19:04.789,1788794344.789,5577,10,480,4413.54,4413.62,8.0,PASS_<=10c,+0.0,FLAT,+11.0,+57.0,4.2,+2.31,0.55,SLOW,4412.97,4414.86,4411.49,4414.79,0.00,0.00,0.0,BULLISH,337.0,4413.43,4413.61,4413.43,4413.54,4,ACTIVE_4s,18.0,11.0,7.0,0.0,38.9,0.0,38.9,BLOCKED_38.9%,4413.58,4.0,NO,STANDBY_VEL_LOW,0,0.00,4590.00,80.26,FALSE,OPP_WICK_TOO_HIGH_0.39|OPENING_SHIELD_ACTIVE_4s
2026-09-07 15:19:05.290,1788794345.291,5578,11,481,4413.55,4413.63,8.0,PASS_<=10c,+1.0,UP,+12.0,+58.0,4.2,+2.52,0.60,SLOW,4412.97,4414.86,4411.49,4414.79,0.00,0.00,0.0,BULLISH,337.0,4413.43,4413.61,4413.43,4413.55,5,ACTIVE_5s,18.0,12.0,6.0,0.0,33.3,0.0,33.3,BLOCKED_33.3%,4413.58,3.0,NO,STANDBY_VEL_LOW,0,0.00,4590.00,80.26,FALSE,OPP_WICK_TOO_HIGH_0.33|OPENING_SHIELD_ACTIVE_5s
2026-09-07 15:19:05.791,1788794345.792,5579,12,482,4413.65,4413.73,8.0,PASS_<=10c,+10.0,UP,+22.0,+68.0,4.2,+4.62,1.10,SLOW,4412.97,4414.86,4411.49,4414.79,0.00,0.00,0.0,BULLISH,337.0,4413.43,4413.65,4413.43,4413.65,5,ACTIVE_5s,22.0,22.0,0.0,0.0,0.0,0.0,0.0,PASS_<20%,4413.58,7.0,NO,STANDBY_VEL_LOW,0,0.00,4590.00,80.26,FALSE,OPENING_SHIELD_ACTIVE_5s
2026-09-07 15:19:06.293,1788794346.293,5580,13,483,4413.65,4413.73,8.0,PASS_<=10c,+0.0,FLAT,+22.0,+68.0,4.2,+3.36,0.80,SLOW,4412.97,4414.86,4411.49,4414.79,0.00,0.00,0.0,BULLISH,337.0,4413.43,4413.65,4413.43,4413.65,6,ACTIVE_6s,22.0,22.0,0.0,0.0,0.0,0.0,0.0,PASS_<20%,4413.58,7.0,NO,STANDBY_VEL_LOW,0,0.00,4590.00,80.26,FALSE,OPENING_SHIELD_ACTIVE_6s
2026-09-07 15:19:06.795,1788794346.795,5581,14,484,4413.75,4413.83,8.0,PASS_<=10c,+10.0,UP,+32.0,+78.0,4.2,+3.78,0.90,SLOW,4412.97,4414.86,4411.49,4414.79,0.00,0.00,0.0,BULLISH,337.0,4413.43,4413.75,4413.43,4413.75,6,ACTIVE_6s,32.0,32.0,0.0,0.0,0.0,0.0,0.0,PASS_<20%,4413.58,17.0,NO,STANDBY_VEL_LOW,0,0.00,4590.00,80.26,FALSE,OPENING_SHIELD_ACTIVE_6s
2026-09-07 15:19:07.299,1788794347.300,5582,15,485,4413.79,4413.87,8.0,PASS_<=10c,+4.0,UP,+36.0,+82.0,4.2,+3.78,0.90,SLOW,4412.97,4414.86,4411.49,4414.79,0.00,0.00,0.0,BULLISH,337.0,4413.43,4413.79,4413.43,4413.79,7,ACTIVE_7s,36.0,36.0,0.0,0.0,0.0,0.0,0.0,PASS_<20%,4413.58,21.0,NO,STANDBY_VEL_LOW,0,0.00,4590.00,80.26,FALSE,OPENING_SHIELD_ACTIVE_7s
2026-09-07 15:19:07.799,1788794347.799,5583,16,486,4413.87,4413.95,8.0,PASS_<=10c,+8.0,UP,+44.0,+90.0,4.2,+6.92,1.65,SLOW,4412.97,4414.86,4411.49,4414.79,0.00,0.00,0.0,BULLISH,337.0,4413.43,4413.87,4413.43,4413.87,7,ACTIVE_7s,44.0,44.0,0.0,0.0,0.0,0.0,0.0,PASS_<20%,4413.58,29.0,NO,STANDBY_VEL_LOW,0,0.00,4590.00,80.26,FALSE,OPENING_SHIELD_ACTIVE_7s
2026-09-07 15:19:08.300,1788794348.300,5584,17,487,4413.91,4413.99,8.0,PASS_<=10c,+4.0,UP,+48.0,+94.0,4.2,+7.76,1.85,SLOW,4412.97,4414.86,4411.49,4414.79,0.00,0.00,0.0,BULLISH,337.0,4413.43,4413.91,4413.43,4413.91,8,ACTIVE_8s,48.0,48.0,0.0,0.0,0.0,0.0,0.0,PASS_<20%,4413.58,33.0,NO,STANDBY_VEL_LOW,0,0.00,4590.00,80.26,FALSE,OPENING_SHIELD_ACTIVE_8s
2026-09-07 15:19:08.801,1788794348.801,5585,18,488,4414.05,4414.13,8.0,PASS_<=10c,+14.0,UP,+62.0,+108.0,4.2,+10.71,2.55,SLOW,4412.97,4414.86,4411.49,4414.79,0.00,0.00,0.0,BULLISH,337.0,4413.43,4414.05,4413.43,4414.05,8,ACTIVE_8s,62.0,62.0,0.0,0.0,0.0,0.0,0.0,PASS_<20%,4413.58,47.0,NO,STANDBY_VEL_LOW,0,0.00,4590.00,80.26,FALSE,OPENING_SHIELD_ACTIVE_8s
2026-09-07 15:19:09.302,1788794349.303,5586,19,489,4414.09,4414.17,8.0,PASS_<=10c,+4.0,UP,+66.0,+112.0,4.2,+11.54,2.75,SLOW,4412.97,4414.86,4411.49,4414.79,0.00,0.00,0.0,BULLISH,337.0,4413.43,4414.09,4413.43,4414.09,9,ACTIVE_9s,66.0,66.0,0.0,0.0,0.0,0.0,0.0,PASS_<20%,4413.58,51.0,NO,STANDBY_VEL_LOW,0,0.00,4590.00,80.26,FALSE,OPENING_SHIELD_ACTIVE_9s
2026-09-07 15:19:09.804,1788794349.804,5587,20,490,4414.11,4414.19,8.0,PASS_<=10c,+2.0,UP,+68.0,+114.0,4.2,+11.75,2.80,SLOW,4412.97,4414.86,4411.49,4414.79,0.00,0.00,0.0,BULLISH,337.0,4413.43,4414.11,4413.43,4414.11,9,ACTIVE_9s,68.0,68.0,0.0,0.0,0.0,0.0,0.0,PASS_<20%,4413.58,53.0,NO,STANDBY_VEL_LOW,0,0.00,4590.00,80.26,FALSE,OPENING_SHIELD_ACTIVE_9s
2026-09-07 15:19:10.307,1788794350.307,5588,21,491,4414.06,4414.14,8.0,PASS_<=10c,-5.0,DOWN,+63.0,+109.0,4.2,+9.44,2.25,SLOW,4412.97,4414.86,4411.49,4414.79,0.00,0.00,0.0,BULLISH,337.0,4413.43,4414.11,4413.43,4414.06,10,ACTIVE_10s,68.0,63.0,5.0,0.0,7.4,0.0,7.4,PASS_<20%,4413.58,48.0,NO,STANDBY_VEL_LOW,0,0.00,4590.00,80.26,FALSE,OPENING_SHIELD_ACTIVE_10s
2026-09-07 15:19:10.807,1788794350.807,5589,22,492,4414.06,4414.14,8.0,PASS_<=10c,+0.0,FLAT,+63.0,+109.0,4.2,+8.61,2.05,SLOW,4412.97,4414.86,4411.49,4414.79,0.00,0.00,0.0,BULLISH,337.0,4413.43,4414.11,4413.43,4414.06,10,ACTIVE_10s,68.0,63.0,5.0,0.0,7.4,0.0,7.4,PASS_<20%,4413.58,48.0,NO,STANDBY_VEL_LOW,0,0.00,4590.00,80.26,FALSE,OPENING_SHIELD_ACTIVE_10s
2026-09-07 15:19:11.308,1788794351.309,5590,23,493,4414.07,4414.15,8.0,PASS_<=10c,+1.0,UP,+64.0,+110.0,4.2,+6.93,1.65,SLOW,4412.97,4414.86,4411.49,4414.79,0.00,0.00,0.0,BULLISH,337.0,4413.43,4414.11,4413.43,4414.07,11,ACTIVE_11s,68.0,64.0,4.0,0.0,5.9,0.0,5.9,PASS_<20%,4413.58,49.0,NO,STANDBY_VEL_LOW,0,0.00,4590.00,80.26,FALSE,OPENING_SHIELD_ACTIVE_11s
2026-09-07 15:19:11.810,1788794351.810,5591,24,494,4414.07,4414.15,8.0,PASS_<=10c,+0.0,FLAT,+64.0,+110.0,4.2,+5.88,1.40,SLOW,4412.97,4414.86,4411.49,4414.79,0.00,0.00,0.0,BULLISH,337.0,4413.43,4414.11,4413.43,4414.07,11,ACTIVE_11s,68.0,64.0,4.0,0.0,5.9,0.0,5.9,PASS_<20%,4413.58,49.0,NO,STANDBY_VEL_LOW,0,0.00,4590.00,80.26,FALSE,OPENING_SHIELD_ACTIVE_11s
2026-09-07 15:19:12.311,1788794352.312,5592,25,495,4414.07,4414.15,8.0,PASS_<=10c,+0.0,FLAT,+64.0,+110.0,4.2,+5.88,1.40,SLOW,4412.97,4414.86,4411.49,4414.79,0.00,0.00,0.0,BULLISH,337.0,4413.43,4414.11,4413.43,4414.07,12,ACTIVE_12s,68.0,64.0,4.0,0.0,5.9,0.0,5.9,PASS_<20%,4413.58,49.0,NO,STANDBY_VEL_LOW,0,0.00,4590.00,80.26,FALSE,OPENING_SHIELD_ACTIVE_12s
2026-09-07 15:19:12.812,1788794352.813,5593,26,496,4414.07,4414.15,8.0,PASS_<=10c,+0.0,FLAT,+64.0,+110.0,4.2,+3.78,0.90,SLOW,4412.97,4414.86,4411.49,4414.79,0.00,0.00,0.0,BULLISH,337.0,4413.43,4414.11,4413.43,4414.07,12,ACTIVE_12s,68.0,64.0,4.0,0.0,5.9,0.0,5.9,PASS_<20%,4413.58,49.0,NO,STANDBY_VEL_LOW,0,0.00,4590.00,80.26,FALSE,OPENING_SHIELD_ACTIVE_12s
2026-09-07 15:19:13.315,1788794353.315,5594,27,497,4414.07,4414.15,8.0,PASS_<=10c,+0.0,FLAT,+64.0,+110.0,4.2,+2.73,0.65,SLOW,4412.97,4414.86,4411.49,4414.79,0.00,0.00,0.0,BULLISH,337.0,4413.43,4414.11,4413.43,4414.07,13,ACTIVE_13s,68.0,64.0,4.0,0.0,5.9,0.0,5.9,PASS_<20%,4413.58,49.0,NO,STANDBY_VEL_LOW,0,0.00,4590.00,80.26,FALSE,OPENING_SHIELD_ACTIVE_13s
2026-09-07 15:19:13.816,1788794353.817,5595,28,498,4414.13,4414.21,8.0,PASS_<=10c,+6.0,UP,+70.0,+116.0,4.2,+1.68,0.40,SLOW,4412.97,4414.86,4411.49,4414.79,0.00,0.00,0.0,BULLISH,337.0,4413.43,4414.13,4413.43,4414.13,13,ACTIVE_13s,70.0,70.0,0.0,0.0,0.0,0.0,0.0,PASS_<20%,4413.58,55.0,NO,STANDBY_VEL_LOW,0,0.00,4590.00,80.26,FALSE,OPENING_SHIELD_ACTIVE_13s
2026-09-07 15:19:14.318,1788794354.318,5596,29,499,4414.30,4414.38,8.0,PASS_<=10c,+17.0,UP,+87.0,+133.0,4.2,+4.41,1.05,SLOW,4412.97,4414.86,4411.49,4414.79,0.00,0.00,0.0,BULLISH,337.0,4413.43,4414.30,4413.43,4414.30,14,ACTIVE_14s,87.0,87.0,0.0,0.0,0.0,0.0,0.0,PASS_<20%,4413.58,72.0,NO,STANDBY_VEL_LOW,0,0.00,4590.00,80.26,FALSE,OPENING_SHIELD_ACTIVE_14s
2026-09-07 15:19:14.820,1788794354.820,5597,30,500,4414.33,4414.41,8.0,PASS_<=10c,+3.0,UP,+90.0,+136.0,4.2,+4.62,1.10,SLOW,4412.97,4414.86,4411.49,4414.79,0.00,0.00,0.0,BULLISH,337.0,4413.43,4414.33,4413.43,4414.33,14,ACTIVE_14s,90.0,90.0,0.0,0.0,0.0,0.0,0.0,PASS_<20%,4413.58,75.0,NO,STANDBY_VEL_LOW,0,0.00,4590.00,80.26,FALSE,OPENING_SHIELD_ACTIVE_14s
2026-09-07 15:19:15.323,1788794355.323,5598,31,501,4414.33,4414.41,8.0,PASS_<=10c,+0.0,FLAT,+90.0,+136.0,4.2,+5.67,1.35,SLOW,4412.97,4414.86,4411.49,4414.79,0.00,0.00,0.0,BULLISH,337.0,4413.43,4414.33,4413.43,4414.33,15,ACTIVE_15s,90.0,90.0,0.0,0.0,0.0,0.0,0.0,PASS_<20%,4413.58,75.0,NO,STANDBY_VEL_LOW,0,0.00,4590.00,80.26,FALSE,OPENING_SHIELD_ACTIVE_15s
2026-09-07 15:19:15.824,1788794355.824,5599,32,502,4414.27,4414.35,8.0,PASS_<=10c,-6.0,DOWN,+84.0,+130.0,4.2,+4.41,1.05,SLOW,4412.97,4414.86,4411.49,4414.79,0.00,0.00,0.0,BULLISH,337.0,4413.43,4414.33,4413.43,4414.27,15,ACTIVE_15s,90.0,84.0,6.0,0.0,6.7,0.0,6.7,PASS_<20%,4413.58,69.0,NO,STANDBY_VEL_LOW,0,0.00,4590.00,80.26,FALSE,OPENING_SHIELD_ACTIVE_15s
2026-09-07 15:19:16.326,1788794356.326,5600,33,503,4414.28,4414.36,8.0,PASS_<=10c,+1.0,UP,+85.0,+131.0,4.2,+4.41,1.05,SLOW,4412.97,4414.86,4411.49,4414.79,0.00,0.00,0.0,BULLISH,337.0,4413.43,4414.33,4413.43,4414.28,16,ACTIVE_16s,90.0,85.0,5.0,0.0,5.6,0.0,5.6,PASS_<20%,4413.58,70.0,NO,STANDBY_VEL_LOW,0,0.00,4590.00,80.26,FALSE,OPENING_SHIELD_ACTIVE_16s
2026-09-07 15:19:16.828,1788794356.829,5601,34,504,4414.27,4414.35,8.0,PASS_<=10c,-1.0,DOWN,+84.0,+130.0,4.2,+4.19,1.00,SLOW,4412.97,4414.86,4411.49,4414.79,0.00,0.00,0.0,BULLISH,337.0,4413.43,4414.33,4413.43,4414.27,16,ACTIVE_16s,90.0,84.0,6.0,0.0,6.7,0.0,6.7,PASS_<20%,4413.58,69.0,NO,STANDBY_VEL_LOW,0,0.00,4590.00,80.26,FALSE,OPENING_SHIELD_ACTIVE_16s
2026-09-07 15:19:17.331,1788794357.331,5602,35,505,4414.27,4414.35,8.0,PASS_<=10c,+0.0,FLAT,+84.0,+130.0,4.2,+4.40,1.05,SLOW,4412.97,4414.86,4411.49,4414.79,0.00,0.00,0.0,BULLISH,337.0,4413.43,4414.33,4413.43,4414.27,17,ACTIVE_17s,90.0,84.0,6.0,0.0,6.7,0.0,6.7,PASS_<20%,4413.58,69.0,NO,STANDBY_VEL_LOW,0,0.00,4590.00,80.26,FALSE,OPENING_SHIELD_ACTIVE_17s
2026-09-07 15:19:17.832,1788794357.833,5603,36,506,4414.22,4414.30,8.0,PASS_<=10c,-5.0,DOWN,+79.0,+125.0,4.2,+3.15,0.75,SLOW,4412.97,4414.86,4411.49,4414.79,0.00,0.00,0.0,BULLISH,337.0,4413.43,4414.33,4413.43,4414.22,17,ACTIVE_17s,90.0,79.0,11.0,0.0,12.2,0.0,12.2,PASS_<20%,4413.58,64.0,NO,STANDBY_VEL_LOW,0,0.00,4590.00,80.26,FALSE,OPENING_SHIELD_ACTIVE_17s
2026-09-07 15:19:18.334,1788794358.334,5604,37,507,4414.23,4414.31,8.0,PASS_<=10c,+1.0,UP,+80.0,+126.0,4.2,+3.15,0.75,SLOW,4412.97,4414.86,4411.49,4414.79,0.00,0.00,0.0,BULLISH,337.0,4413.43,4414.33,4413.43,4414.23,18,ACTIVE_18s,90.0,80.0,10.0,0.0,11.1,0.0,11.1,PASS_<20%,4413.58,65.0,NO,STANDBY_VEL_LOW,0,0.00,4590.00,80.26,FALSE,OPENING_SHIELD_ACTIVE_18s
2026-09-07 15:19:18.835,1788794358.836,5605,38,508,4414.23,4414.31,8.0,PASS_<=10c,+0.0,FLAT,+80.0,+126.0,4.2,+1.89,0.45,SLOW,4412.97,4414.86,4411.49,4414.79,0.00,0.00,0.0,BULLISH,337.0,4413.43,4414.33,4413.43,4414.23,18,ACTIVE_18s,90.0,80.0,10.0,0.0,11.1,0.0,11.1,PASS_<20%,4413.58,65.0,NO,STANDBY_VEL_LOW,0,0.00,4590.00,80.26,FALSE,OPENING_SHIELD_ACTIVE_18s
2026-09-07 15:19:19.336,1788794359.337,5606,39,509,4414.26,4414.34,8.0,PASS_<=10c,+3.0,UP,+83.0,+129.0,4.2,+1.47,0.35,SLOW,4412.97,4414.86,4411.49,4414.79,0.00,0.00,0.0,BULLISH,337.0,4413.43,4414.33,4413.43,4414.26,19,ACTIVE_19s,90.0,83.0,7.0,0.0,7.8,0.0,7.8,PASS_<20%,4413.58,68.0,NO,STANDBY_VEL_LOW,0,0.00,4590.00,80.26,FALSE,OPENING_SHIELD_ACTIVE_19s
2026-09-07 15:19:19.838,1788794359.838,5607,40,510,4414.26,4414.34,8.0,PASS_<=10c,+0.0,FLAT,+83.0,+129.0,4.2,+1.47,0.35,SLOW,4412.97,4414.86,4411.49,4414.79,0.00,0.00,0.0,BULLISH,337.0,4413.43,4414.33,4413.43,4414.26,19,ACTIVE_19s,90.0,83.0,7.0,0.0,7.8,0.0,7.8,PASS_<20%,4413.58,68.0,NO,STANDBY_VEL_LOW,0,0.00,4590.00,80.26,FALSE,OPENING_SHIELD_ACTIVE_19s
2026-09-07 15:19:20.339,1788794360.340,5608,41,511,4414.22,4414.30,8.0,PASS_<=10c,-4.0,DOWN,+79.0,+125.0,4.2,+1.05,0.25,SLOW,4412.97,4414.86,4411.49,4414.79,0.00,0.00,0.0,BULLISH,337.0,4413.43,4414.33,4413.43,4414.22,20,CLEARED_>=20s,90.0,79.0,11.0,0.0,12.2,0.0,12.2,PASS_<20%,4413.58,64.0,YES,STANDBY_VEL_LOW,0,0.00,4590.00,80.26,TRUE,READY_TO_FIRE
2026-09-07 15:19:20.840,1788794360.841,5609,42,512,4414.22,4414.30,8.0,PASS_<=10c,+0.0,FLAT,+79.0,+125.0,4.2,+1.26,0.30,SLOW,4412.97,4414.86,4411.49,4414.79,0.00,0.00,0.0,BULLISH,337.0,4413.43,4414.33,4413.43,4414.22,20,CLEARED_>=20s,90.0,79.0,11.0,0.0,12.2,0.0,12.2,PASS_<20%,4413.58,64.0,YES,STANDBY_VEL_LOW,0,0.00,4590.00,80.26,TRUE,READY_TO_FIRE
2026-09-07 15:19:21.342,1788794361.342,5610,43,513,4414.22,4414.30,8.0,PASS_<=10c,+0.0,FLAT,+79.0,+125.0,4.2,+1.05,0.25,SLOW,4412.97,4414.86,4411.49,4414.79,0.00,0.00,0.0,BULLISH,337.0,4413.43,4414.33,4413.43,4414.22,21,CLEARED_>=20s,90.0,79.0,11.0,0.0,12.2,0.0,12.2,PASS_<20%,4413.58,64.0,YES,STANDBY_VEL_LOW,0,0.00,4590.00,80.26,TRUE,READY_TO_FIRE
2026-09-07 15:19:21.844,1788794361.844,5611,44,514,4414.25,4414.33,8.0,PASS_<=10c,+3.0,UP,+82.0,+128.0,4.2,+0.53,0.13,SLOW,4412.97,4414.86,4411.49,4414.79,0.00,0.00,0.0,BULLISH,337.0,4413.43,4414.33,4413.43,4414.25,21,CLEARED_>=20s,90.0,82.0,8.0,0.0,8.9,0.0,8.9,PASS_<20%,4413.58,67.0,YES,STANDBY_VEL_LOW,0,0.00,4590.00,80.26,TRUE,READY_TO_FIRE
2026-09-07 15:19:22.345,1788794362.345,5612,45,515,4414.27,4414.35,8.0,PASS_<=10c,+2.0,UP,+84.0,+130.0,4.2,+0.57,0.14,SLOW,4412.97,4414.86,4411.49,4414.79,0.00,0.00,0.0,BULLISH,337.0,4413.43,4414.33,4413.43,4414.27,22,CLEARED_>=20s,90.0,84.0,6.0,0.0,6.7,0.0,6.7,PASS_<20%,4413.58,69.0,YES,STANDBY_VEL_LOW,0,0.00,4590.00,80.26,TRUE,READY_TO_FIRE
2026-09-07 15:19:22.847,1788794362.848,5613,46,516,4414.23,4414.31,8.0,PASS_<=10c,-4.0,DOWN,+80.0,+126.0,4.2,+0.50,0.12,SLOW,4412.97,4414.86,4411.49,4414.79,0.00,0.00,0.0,BULLISH,337.0,4413.43,4414.33,4413.43,4414.23,22,CLEARED_>=20s,90.0,80.0,10.0,0.0,11.1,0.0,11.1,PASS_<20%,4413.58,65.0,YES,STANDBY_VEL_LOW,0,0.00,4590.00,80.26,TRUE,READY_TO_FIRE
2026-09-07 15:19:23.349,1788794363.349,5614,47,517,4414.21,4414.29,8.0,PASS_<=10c,-2.0,DOWN,+78.0,+124.0,4.2,+0.45,0.11,SLOW,4412.97,4414.86,4411.49,4414.79,0.00,0.00,0.0,BULLISH,337.0,4413.43,4414.33,4413.43,4414.21,23,CLEARED_>=20s,90.0,78.0,12.0,0.0,13.3,0.0,13.3,PASS_<20%,4413.58,63.0,YES,STANDBY_VEL_LOW,0,0.00,4590.00,80.26,TRUE,READY_TO_FIRE
2026-09-07 15:19:23.851,1788794363.851,5615,48,518,4414.21,4414.29,8.0,PASS_<=10c,+0.0,FLAT,+78.0,+124.0,4.2,+1.05,0.25,SLOW,4412.97,4414.86,4411.49,4414.79,0.00,0.00,0.0,BULLISH,337.0,4413.43,4414.33,4413.43,4414.21,23,CLEARED_>=20s,90.0,78.0,12.0,0.0,13.3,0.0,13.3,PASS_<20%,4413.58,63.0,YES,STANDBY_VEL_LOW,0,0.00,4590.00,80.26,TRUE,READY_TO_FIRE
2026-09-07 15:19:24.353,1788794364.353,5616,49,519,4414.18,4414.26,8.0,PASS_<=10c,-3.0,DOWN,+75.0,+121.0,4.2,+1.68,0.40,SLOW,4412.97,4414.86,4411.49,4414.79,0.00,0.00,0.0,BULLISH,337.0,4413.43,4414.33,4413.43,4414.18,24,CLEARED_>=20s,90.0,75.0,15.0,0.0,16.7,0.0,16.7,PASS_<20%,4413.58,60.0,YES,STANDBY_VEL_LOW,0,0.00,4590.00,80.26,TRUE,READY_TO_FIRE
2026-09-07 15:19:24.855,1788794364.855,5617,50,520,4414.14,4414.22,8.0,PASS_<=10c,-4.0,DOWN,+71.0,+117.0,4.2,+1.89,0.45,SLOW,4412.97,4414.86,4411.49,4414.79,0.00,0.00,0.0,BULLISH,337.0,4413.43,4414.33,4413.43,4414.14,24,CLEARED_>=20s,90.0,71.0,19.0,0.0,21.1,0.0,21.1,BLOCKED_21.1%,4413.58,56.0,NO,STANDBY_VEL_LOW,0,0.00,4590.00,80.26,FALSE,OPP_WICK_TOO_HIGH_0.21
2026-09-07 15:19:25.357,1788794365.358,5618,51,521,4414.14,4414.22,8.0,PASS_<=10c,+0.0,FLAT,+71.0,+117.0,4.2,+1.68,0.40,SLOW,4412.97,4414.86,4411.49,4414.79,0.00,0.00,0.0,BULLISH,337.0,4413.43,4414.33,4413.43,4414.14,25,CLEARED_>=20s,90.0,71.0,19.0,0.0,21.1,0.0,21.1,BLOCKED_21.1%,4413.58,56.0,NO,STANDBY_VEL_LOW,0,0.00,4590.00,80.26,FALSE,OPP_WICK_TOO_HIGH_0.21
2026-09-07 15:19:25.859,1788794365.860,5619,52,522,4414.14,4414.22,8.0,PASS_<=10c,+0.0,FLAT,+71.0,+117.0,4.2,+1.68,0.40,SLOW,4412.97,4414.86,4411.49,4414.79,0.00,0.00,0.0,BULLISH,337.0,4413.43,4414.33,4413.43,4414.14,25,CLEARED_>=20s,90.0,71.0,19.0,0.0,21.1,0.0,21.1,BLOCKED_21.1%,4413.58,56.0,NO,STANDBY_VEL_LOW,0,0.00,4590.00,80.26,FALSE,OPP_WICK_TOO_HIGH_0.21
2026-09-07 15:19:26.361,1788794366.361,5620,53,523,4414.13,4414.21,8.0,PASS_<=10c,-1.0,DOWN,+70.0,+116.0,4.2,+2.10,0.50,SLOW,4412.97,4414.86,4411.49,4414.79,0.00,0.00,0.0,BULLISH,337.0,4413.43,4414.33,4413.43,4414.13,26,CLEARED_>=20s,90.0,70.0,20.0,0.0,22.2,0.0,22.2,BLOCKED_22.2%,4413.58,55.0,NO,STANDBY_VEL_LOW,0,0.00,4590.00,80.26,FALSE,OPP_WICK_TOO_HIGH_0.22
2026-09-07 15:19:26.862,1788794366.862,5621,54,524,4414.16,4414.24,8.0,PASS_<=10c,+3.0,UP,+73.0,+119.0,4.2,+2.94,0.70,SLOW,4412.97,4414.86,4411.49,4414.79,0.00,0.00,0.0,BULLISH,337.0,4413.43,4414.33,4413.43,4414.16,26,CLEARED_>=20s,90.0,73.0,17.0,0.0,18.9,0.0,18.9,PASS_<20%,4413.58,58.0,YES,STANDBY_VEL_LOW,0,0.00,4590.00,80.26,TRUE,READY_TO_FIRE
2026-09-07 15:19:27.364,1788794367.364,5622,55,525,4414.18,4414.26,8.0,PASS_<=10c,+2.0,UP,+75.0,+121.0,4.2,+1.05,0.25,SLOW,4412.97,4414.86,4411.49,4414.79,0.00,0.00,0.0,BULLISH,337.0,4413.43,4414.33,4413.43,4414.18,27,CLEARED_>=20s,90.0,75.0,15.0,0.0,16.7,0.0,16.7,PASS_<20%,4413.58,60.0,YES,STANDBY_VEL_LOW,0,0.00,4590.00,80.26,TRUE,READY_TO_FIRE
2026-09-07 15:19:27.865,1788794367.866,5623,56,526,4414.18,4414.26,8.0,PASS_<=10c,+0.0,FLAT,+75.0,+121.0,4.2,+1.05,0.25,SLOW,4412.97,4414.86,4411.49,4414.79,0.00,0.00,0.0,BULLISH,337.0,4413.43,4414.33,4413.43,4414.18,27,CLEARED_>=20s,90.0,75.0,15.0,0.0,16.7,0.0,16.7,PASS_<20%,4413.58,60.0,YES,STANDBY_VEL_LOW,0,0.00,4590.00,80.26,TRUE,READY_TO_FIRE
2026-09-07 15:19:28.367,1788794368.367,5624,57,527,4414.16,4414.24,8.0,PASS_<=10c,-2.0,DOWN,+73.0,+119.0,4.2,+1.05,0.25,SLOW,4412.97,4414.86,4411.49,4414.79,0.00,0.00,0.0,BULLISH,337.0,4413.43,4414.33,4413.43,4414.16,28,CLEARED_>=20s,90.0,73.0,17.0,0.0,18.9,0.0,18.9,PASS_<20%,4413.58,58.0,YES,STANDBY_VEL_LOW,0,0.00,4590.00,80.26,TRUE,READY_TO_FIRE
2026-09-07 15:19:28.869,1788794368.869,5625,58,528,4414.13,4414.21,8.0,PASS_<=10c,-3.0,DOWN,+70.0,+116.0,4.2,+1.68,0.40,SLOW,4412.97,4414.86,4411.49,4414.79,0.00,0.00,0.0,BULLISH,337.0,4413.43,4414.33,4413.43,4414.13,28,CLEARED_>=20s,90.0,70.0,20.0,0.0,22.2,0.0,22.2,BLOCKED_22.2%,4413.58,55.0,NO,STANDBY_VEL_LOW,0,0.00,4590.00,80.26,FALSE,OPP_WICK_TOO_HIGH_0.22
2026-09-07 15:19:29.370,1788794369.371,5626,59,529,4414.14,4414.22,8.0,PASS_<=10c,+1.0,UP,+71.0,+117.0,4.2,+0.37,0.09,SLOW,4412.97,4414.86,4411.49,4414.79,0.00,0.00,0.0,BULLISH,337.0,4413.43,4414.33,4413.43,4414.14,29,CLEARED_>=20s,90.0,71.0,19.0,0.0,21.1,0.0,21.1,BLOCKED_21.1%,4413.58,56.0,NO,STANDBY_VEL_LOW,0,0.00,4590.00,80.26,FALSE,OPP_WICK_TOO_HIGH_0.21
2026-09-07 15:19:29.871,1788794369.872,5627,60,530,4414.14,4414.22,8.0,PASS_<=10c,+0.0,FLAT,+71.0,+117.0,4.2,+0.37,0.09,SLOW,4412.97,4414.86,4411.49,4414.79,0.00,0.00,0.0,BULLISH,337.0,4413.43,4414.33,4413.43,4414.14,29,CLEARED_>=20s,90.0,71.0,19.0,0.0,21.1,0.0,21.1,BLOCKED_21.1%,4413.58,56.0,NO,STANDBY_VEL_LOW,0,0.00,4590.00,80.26,FALSE,OPP_WICK_TOO_HIGH_0.21
2026-09-07 15:19:30.374,1788794370.374,5628,61,531,4414.18,4414.26,8.0,PASS_<=10c,+4.0,UP,+75.0,+121.0,4.2,+0.84,0.20,SLOW,4412.97,4414.86,4411.49,4414.79,0.00,0.00,0.0,BULLISH,337.0,4413.43,4414.33,4413.43,4414.18,30,CLEARED_>=20s,90.0,75.0,15.0,0.0,16.7,0.0,16.7,PASS_<20%,4413.58,60.0,YES,STANDBY_VEL_LOW,0,0.00,4590.00,80.26,TRUE,READY_TO_FIRE
2026-09-07 15:19:30.874,1788794370.875,5629,62,532,4414.19,4414.27,8.0,PASS_<=10c,+1.0,UP,+76.0,+122.0,4.2,+1.47,0.35,SLOW,4412.97,4414.86,4411.49,4414.79,0.00,0.00,0.0,BULLISH,337.0,4413.43,4414.33,4413.43,4414.19,30,CLEARED_>=20s,90.0,76.0,14.0,0.0,15.6,0.0,15.6,PASS_<20%,4413.58,61.0,YES,STANDBY_VEL_LOW,0,0.00,4590.00,80.26,TRUE,READY_TO_FIRE
2026-09-07 15:19:31.376,1788794371.377,5630,63,533,4414.19,4414.27,8.0,PASS_<=10c,+0.0,FLAT,+76.0,+122.0,4.2,+0.42,0.10,SLOW,4412.97,4414.86,4411.49,4414.79,0.00,0.00,0.0,BULLISH,337.0,4413.43,4414.33,4413.43,4414.19,31,CLEARED_>=20s,90.0,76.0,14.0,0.0,15.6,0.0,15.6,PASS_<20%,4413.58,61.0,YES,STANDBY_VEL_LOW,0,0.00,4590.00,80.26,TRUE,READY_TO_FIRE
2026-09-07 15:19:31.879,1788794371.879,5631,64,534,4414.18,4414.26,8.0,PASS_<=10c,-1.0,DOWN,+75.0,+121.0,4.2,+0.42,0.10,SLOW,4412.97,4414.86,4411.49,4414.79,0.00,0.00,0.0,BULLISH,337.0,4413.43,4414.33,4413.43,4414.18,31,CLEARED_>=20s,90.0,75.0,15.0,0.0,16.7,0.0,16.7,PASS_<20%,4413.58,60.0,YES,STANDBY_VEL_LOW,0,0.00,4590.00,80.26,TRUE,READY_TO_FIRE
2026-09-07 15:19:32.379,1788794372.380,5632,65,535,4414.17,4414.25,8.0,PASS_<=10c,-1.0,DOWN,+74.0,+120.0,4.2,+0.55,0.13,SLOW,4412.97,4414.86,4411.49,4414.79,0.00,0.00,0.0,BULLISH,337.0,4413.43,4414.33,4413.43,4414.17,32,CLEARED_>=20s,90.0,74.0,16.0,0.0,17.8,0.0,17.8,PASS_<20%,4413.58,59.0,YES,STANDBY_VEL_LOW,0,0.00,4590.00,80.26,TRUE,READY_TO_FIRE
2026-09-07 15:19:32.884,1788794372.884,5633,66,536,4414.16,4414.24,8.0,PASS_<=10c,-1.0,DOWN,+73.0,+119.0,4.2,+0.55,0.13,SLOW,4412.97,4414.86,4411.49,4414.79,0.00,0.00,0.0,BULLISH,337.0,4413.43,4414.33,4413.43,4414.16,32,CLEARED_>=20s,90.0,73.0,17.0,0.0,18.9,0.0,18.9,PASS_<20%,4413.58,58.0,YES,STANDBY_VEL_LOW,0,0.00,4590.00,80.26,TRUE,READY_TO_FIRE
2026-09-07 15:19:33.385,1788794373.385,5634,67,537,4414.15,4414.23,8.0,PASS_<=10c,-1.0,DOWN,+72.0,+118.0,4.2,+0.53,0.13,SLOW,4412.97,4414.86,4411.49,4414.79,0.00,0.00,0.0,BULLISH,337.0,4413.43,4414.33,4413.43,4414.15,33,CLEARED_>=20s,90.0,72.0,18.0,0.0,20.0,0.0,20.0,BLOCKED_20.0%,4413.58,57.0,NO,STANDBY_VEL_LOW,0,0.00,4590.00,80.26,FALSE,OPP_WICK_TOO_HIGH_0.20
2026-09-07 15:19:33.886,1788794373.886,5635,68,538,4414.14,4414.22,8.0,PASS_<=10c,-1.0,DOWN,+71.0,+117.0,4.2,+0.55,0.13,SLOW,4412.97,4414.86,4411.49,4414.79,0.00,0.00,0.0,BULLISH,337.0,4413.43,4414.33,4413.43,4414.14,33,CLEARED_>=20s,90.0,71.0,19.0,0.0,21.1,0.0,21.1,BLOCKED_21.1%,4413.58,56.0,NO,STANDBY_VEL_LOW,0,0.00,4590.00,80.26,FALSE,OPP_WICK_TOO_HIGH_0.21
2026-09-07 15:19:34.387,1788794374.388,5636,69,539,4414.13,4414.21,8.0,PASS_<=10c,-1.0,DOWN,+70.0,+116.0,4.2,+0.53,0.13,SLOW,4412.97,4414.86,4411.49,4414.79,0.00,0.00,0.0,BULLISH,337.0,4413.43,4414.33,4413.43,4414.13,34,CLEARED_>=20s,90.0,70.0,20.0,0.0,22.2,0.0,22.2,BLOCKED_22.2%,4413.58,55.0,NO,STANDBY_VEL_LOW,0,0.00,4590.00,80.26,FALSE,OPP_WICK_TOO_HIGH_0.22
2026-09-07 15:19:34.888,1788794374.888,5637,70,540,4414.13,4414.21,8.0,PASS_<=10c,+0.0,FLAT,+70.0,+116.0,4.2,+0.84,0.20,SLOW,4412.97,4414.86,4411.49,4414.79,0.00,0.00,0.0,BULLISH,337.0,4413.43,4414.33,4413.43,4414.13,34,CLEARED_>=20s,90.0,70.0,20.0,0.0,22.2,0.0,22.2,BLOCKED_22.2%,4413.58,55.0,NO,STANDBY_VEL_LOW,0,0.00,4590.00,80.26,FALSE,OPP_WICK_TOO_HIGH_0.22
2026-09-07 15:19:35.389,1788794375.390,5638,71,541,4414.14,4414.22,8.0,PASS_<=10c,+1.0,UP,+71.0,+117.0,4.2,+1.05,0.25,SLOW,4412.97,4414.86,4411.49,4414.79,0.00,0.00,0.0,BULLISH,337.0,4413.43,4414.33,4413.43,4414.14,35,CLEARED_>=20s,90.0,71.0,19.0,0.0,21.1,0.0,21.1,BLOCKED_21.1%,4413.58,56.0,NO,STANDBY_VEL_LOW,0,0.00,4590.00,80.26,FALSE,OPP_WICK_TOO_HIGH_0.21
2026-09-07 15:19:35.892,1788794375.893,5639,72,542,4414.17,4414.25,8.0,PASS_<=10c,+3.0,UP,+74.0,+120.0,4.2,+0.75,0.18,SLOW,4412.97,4414.86,4411.49,4414.79,0.00,0.00,0.0,BULLISH,337.0,4413.43,4414.33,4413.43,4414.17,35,CLEARED_>=20s,90.0,74.0,16.0,0.0,17.8,0.0,17.8,PASS_<20%,4413.58,59.0,YES,STANDBY_VEL_LOW,0,0.00,4590.00,80.26,TRUE,READY_TO_FIRE
2026-09-07 15:19:36.393,1788794376.393,5640,73,543,4414.18,4414.26,8.0,PASS_<=10c,+1.0,UP,+75.0,+121.0,4.2,+0.55,0.13,SLOW,4412.97,4414.86,4411.49,4414.79,0.00,0.00,0.0,BULLISH,337.0,4413.43,4414.33,4413.43,4414.18,36,CLEARED_>=20s,90.0,75.0,15.0,0.0,16.7,0.0,16.7,PASS_<20%,4413.58,60.0,YES,STANDBY_VEL_LOW,0,0.00,4590.00,80.26,TRUE,READY_TO_FIRE
2026-09-07 15:19:36.895,1788794376.896,5641,74,544,4414.18,4414.26,8.0,PASS_<=10c,+0.0,FLAT,+75.0,+121.0,4.2,+0.48,0.11,SLOW,4412.97,4414.86,4411.49,4414.79,0.00,0.00,0.0,BULLISH,337.0,4413.43,4414.33,4413.43,4414.18,36,CLEARED_>=20s,90.0,75.0,15.0,0.0,16.7,0.0,16.7,PASS_<20%,4413.58,60.0,YES,STANDBY_VEL_LOW,0,0.00,4590.00,80.26,TRUE,READY_TO_FIRE
2026-09-07 15:19:37.396,1788794377.396,5642,75,545,4414.17,4414.25,8.0,PASS_<=10c,-1.0,DOWN,+74.0,+120.0,4.2,+0.28,0.07,SLOW,4412.97,4414.86,4411.49,4414.79,0.00,0.00,0.0,BULLISH,337.0,4413.43,4414.33,4413.43,4414.17,37,CLEARED_>=20s,90.0,74.0,16.0,0.0,17.8,0.0,17.8,PASS_<20%,4413.58,59.0,YES,STANDBY_VEL_LOW,0,0.00,4590.00,80.26,TRUE,READY_TO_FIRE
2026-09-07 15:19:37.898,1788794377.899,5643,76,546,4414.21,4414.29,8.0,PASS_<=10c,+4.0,UP,+78.0,+124.0,4.2,+1.05,0.25,SLOW,4412.97,4414.86,4411.49,4414.79,0.00,0.00,0.0,BULLISH,337.0,4413.43,4414.33,4413.43,4414.21,37,CLEARED_>=20s,90.0,78.0,12.0,0.0,13.3,0.0,13.3,PASS_<20%,4413.58,63.0,YES,STANDBY_VEL_LOW,0,0.00,4590.00,80.26,TRUE,READY_TO_FIRE
2026-09-07 15:19:38.399,1788794378.400,5644,77,547,4414.24,4414.32,8.0,PASS_<=10c,+3.0,UP,+81.0,+127.0,4.2,+2.10,0.50,SLOW,4412.97,4414.86,4411.49,4414.79,0.00,0.00,0.0,BULLISH,337.0,4413.43,4414.33,4413.43,4414.24,38,CLEARED_>=20s,90.0,81.0,9.0,0.0,10.0,0.0,10.0,PASS_<20%,4413.58,66.0,YES,STANDBY_VEL_LOW,0,0.00,4590.00,80.26,TRUE,READY_TO_FIRE
2026-09-07 15:19:38.902,1788794378.903,5645,78,548,4414.66,4414.74,8.0,PASS_<=10c,+42.0,UP,+123.0,+169.0,4.2,+11.12,2.65,SLOW,4412.97,4414.86,4411.49,4414.79,0.00,0.00,0.0,BULLISH,337.0,4413.43,4414.82,4413.43,4414.66,38,CLEARED_>=20s,139.0,123.0,16.0,0.0,11.5,0.0,11.5,PASS_<20%,4413.58,108.0,YES,STANDBY_VEL_LOW,0,0.00,4590.00,80.26,TRUE,READY_TO_FIRE
2026-09-07 15:19:39.402,1788794379.403,5646,79,549,4414.71,4414.79,8.0,PASS_<=10c,+5.0,UP,+128.0,+174.0,4.2,+12.17,2.90,SLOW,4412.97,4414.86,4411.49,4414.79,0.00,0.00,0.0,BULLISH,337.0,4413.43,4414.82,4413.43,4414.71,39,CLEARED_>=20s,139.0,128.0,11.0,0.0,7.9,0.0,7.9,PASS_<20%,4413.58,113.0,YES,STANDBY_VEL_LOW,0,0.00,4590.00,80.26,TRUE,READY_TO_FIRE
2026-09-07 15:19:39.905,1788794379.905,5647,80,550,4414.78,4414.86,8.0,PASS_<=10c,+7.0,UP,+135.0,+181.0,4.2,+13.64,3.25,SLOW,4412.97,4414.86,4411.49,4414.79,0.00,0.00,0.0,BULLISH,337.0,4413.43,4414.82,4413.43,4414.78,39,CLEARED_>=20s,139.0,135.0,4.0,0.0,2.9,0.0,2.9,PASS_<20%,4413.58,120.0,YES,STANDBY_VEL_LOW,0,0.00,4590.00,80.26,TRUE,READY_TO_FIRE
2026-09-07 15:19:40.405,1788794380.405,5648,81,551,4414.79,4414.87,8.0,PASS_<=10c,+1.0,UP,+136.0,+182.0,4.2,+13.64,3.25,SLOW,4412.97,4414.86,4411.49,4414.79,0.00,0.00,0.0,BULLISH,337.0,4413.43,4414.82,4413.43,4414.79,40,CLEARED_>=20s,139.0,136.0,3.0,0.0,2.2,0.0,2.2,PASS_<20%,4413.58,121.0,YES,STANDBY_VEL_LOW,0,0.00,4590.00,80.26,TRUE,READY_TO_FIRE
2026-09-07 15:19:40.906,1788794380.907,5649,82,552,4414.81,4414.89,8.0,PASS_<=10c,+2.0,UP,+138.0,+184.0,4.2,+13.22,3.15,SLOW,4412.97,4414.86,4411.49,4414.79,0.00,0.00,0.0,BULLISH,337.0,4413.43,4414.82,4413.43,4414.81,40,CLEARED_>=20s,139.0,138.0,1.0,0.0,0.7,0.0,0.7,PASS_<20%,4413.58,123.0,YES,STANDBY_VEL_LOW,0,0.00,4590.00,80.26,TRUE,READY_TO_FIRE
2026-09-07 15:19:41.409,1788794381.409,5650,83,553,4414.80,4414.88,8.0,PASS_<=10c,-1.0,DOWN,+137.0,+183.0,4.2,+13.43,3.20,SLOW,4412.97,4414.86,4411.49,4414.79,0.00,0.00,0.0,BULLISH,337.0,4413.43,4414.82,4413.43,4414.80,41,CLEARED_>=20s,139.0,137.0,2.0,0.0,1.4,0.0,1.4,PASS_<20%,4413.58,122.0,YES,STANDBY_VEL_LOW,0,0.00,4590.00,80.26,TRUE,READY_TO_FIRE
2026-09-07 15:19:41.910,1788794381.911,5651,84,554,4414.74,4414.82,8.0,PASS_<=10c,-6.0,DOWN,+131.0,+177.0,4.2,+11.54,2.75,SLOW,4412.97,4414.86,4411.49,4414.79,0.00,0.00,0.0,BULLISH,337.0,4413.43,4414.82,4413.43,4414.74,41,CLEARED_>=20s,139.0,131.0,8.0,0.0,5.8,0.0,5.8,PASS_<20%,4413.58,116.0,YES,STANDBY_VEL_LOW,0,0.00,4590.00,80.26,TRUE,READY_TO_FIRE
2026-09-07 15:19:42.412,1788794382.413,5652,85,555,4414.73,4414.81,8.0,PASS_<=10c,-1.0,DOWN,+130.0,+176.0,4.2,+10.70,2.55,SLOW,4412.97,4414.86,4411.49,4414.79,0.00,0.00,0.0,BULLISH,337.0,4413.43,4414.82,4413.43,4414.73,42,CLEARED_>=20s,139.0,130.0,9.0,0.0,6.5,0.0,6.5,PASS_<20%,4413.58,115.0,YES,STANDBY_VEL_LOW,0,0.00,4590.00,80.26,TRUE,READY_TO_FIRE
2026-09-07 15:19:42.914,1788794382.914,5653,86,556,4414.67,4414.75,8.0,PASS_<=10c,-6.0,DOWN,+124.0,+170.0,4.2,+9.65,2.30,SLOW,4412.97,4414.86,4411.49,4414.79,0.00,0.00,0.0,BULLISH,337.0,4413.43,4414.82,4413.43,4414.67,42,CLEARED_>=20s,139.0,124.0,15.0,0.0,10.8,0.0,10.8,PASS_<20%,4413.58,109.0,YES,STANDBY_VEL_LOW,0,0.00,4590.00,80.26,TRUE,READY_TO_FIRE
2026-09-07 15:19:43.415,1788794383.415,5654,87,557,4414.72,4414.80,8.0,PASS_<=10c,+5.0,UP,+129.0,+175.0,4.2,+2.10,0.50,SLOW,4412.97,4414.86,4411.49,4414.79,0.00,0.00,0.0,BULLISH,337.0,4413.43,4414.82,4413.43,4414.72,43,CLEARED_>=20s,139.0,129.0,10.0,0.0,7.2,0.0,7.2,PASS_<20%,4413.58,114.0,YES,STANDBY_VEL_LOW,0,0.00,4590.00,80.26,TRUE,READY_TO_FIRE
2026-09-07 15:19:43.916,1788794383.916,5655,88,558,4414.75,4414.83,8.0,PASS_<=10c,+3.0,UP,+132.0,+178.0,4.2,+1.03,0.25,SLOW,4412.97,4414.86,4411.49,4414.79,0.00,0.00,0.0,BULLISH,337.0,4413.43,4414.82,4413.43,4414.75,43,CLEARED_>=20s,139.0,132.0,7.0,0.0,5.0,0.0,5.0,PASS_<20%,4413.58,117.0,YES,STANDBY_VEL_LOW,0,0.00,4590.00,80.26,TRUE,READY_TO_FIRE
2026-09-07 15:19:44.417,1788794384.418,5656,89,559,4414.78,4414.86,8.0,PASS_<=10c,+3.0,UP,+135.0,+181.0,4.2,+1.13,0.27,SLOW,4412.97,4414.86,4411.49,4414.79,0.00,0.00,0.0,BULLISH,337.0,4413.43,4414.82,4413.43,4414.78,44,CLEARED_>=20s,139.0,135.0,4.0,0.0,2.9,0.0,2.9,PASS_<20%,4413.58,120.0,YES,STANDBY_VEL_LOW,0,0.00,4590.00,80.26,TRUE,READY_TO_FIRE
2026-09-07 15:19:44.919,1788794384.919,5657,90,560,4414.78,4414.86,8.0,PASS_<=10c,+0.0,FLAT,+135.0,+181.0,4.2,+1.43,0.34,SLOW,4412.97,4414.86,4411.49,4414.79,0.00,0.00,0.0,BULLISH,337.0,4413.43,4414.82,4413.43,4414.78,44,CLEARED_>=20s,139.0,135.0,4.0,0.0,2.9,0.0,2.9,PASS_<20%,4413.58,120.0,YES,STANDBY_VEL_LOW,0,0.00,4590.00,80.26,TRUE,READY_TO_FIRE
2026-09-07 15:19:45.420,1788794385.421,5658,91,561,4414.78,4414.86,8.0,PASS_<=10c,+0.0,FLAT,+135.0,+181.0,4.2,+1.55,0.37,SLOW,4412.97,4414.86,4411.49,4414.79,0.00,0.00,0.0,BULLISH,337.0,4413.43,4414.82,4413.43,4414.78,45,CLEARED_>=20s,139.0,135.0,4.0,0.0,2.9,0.0,2.9,PASS_<20%,4413.58,120.0,YES,STANDBY_VEL_LOW,0,0.00,4590.00,80.26,TRUE,READY_TO_FIRE
2026-09-07 15:19:45.922,1788794385.922,5659,92,562,4414.79,4414.87,8.0,PASS_<=10c,+1.0,UP,+136.0,+182.0,4.2,+1.57,0.37,SLOW,4412.97,4414.86,4411.49,4414.79,0.00,0.00,0.0,BULLISH,337.0,4413.43,4414.82,4413.43,4414.79,45,CLEARED_>=20s,139.0,136.0,3.0,0.0,2.2,0.0,2.2,PASS_<20%,4413.58,121.0,YES,STANDBY_VEL_LOW,0,0.00,4590.00,80.26,TRUE,READY_TO_FIRE
2026-09-07 15:19:46.424,1788794386.424,5660,93,563,4414.79,4414.87,8.0,PASS_<=10c,+0.0,FLAT,+136.0,+182.0,4.2,+1.62,0.39,SLOW,4412.97,4414.86,4411.49,4414.79,0.00,0.00,0.0,BULLISH,337.0,4413.43,4414.82,4413.43,4414.79,46,CLEARED_>=20s,139.0,136.0,3.0,0.0,2.2,0.0,2.2,PASS_<20%,4413.58,121.0,YES,STANDBY_VEL_LOW,0,0.00,4590.00,80.26,TRUE,READY_TO_FIRE
2026-09-07 15:19:46.925,1788794386.926,5661,94,564,4414.79,4414.87,8.0,PASS_<=10c,+0.0,FLAT,+136.0,+182.0,4.2,+1.62,0.39,SLOW,4412.97,4414.86,4411.49,4414.79,0.00,0.00,0.0,BULLISH,337.0,4413.43,4414.82,4413.43,4414.79,46,CLEARED_>=20s,139.0,136.0,3.0,0.0,2.2,0.0,2.2,PASS_<20%,4413.58,121.0,YES,STANDBY_VEL_LOW,0,0.00,4590.00,80.26,TRUE,READY_TO_FIRE
2026-09-07 15:19:47.426,1788794387.426,5662,95,565,4414.79,4414.87,8.0,PASS_<=10c,+0.0,FLAT,+136.0,+182.0,4.2,+2.31,0.55,SLOW,4412.97,4414.86,4411.49,4414.79,0.00,0.00,0.0,BULLISH,337.0,4413.43,4414.82,4413.43,4414.79,47,CLEARED_>=20s,139.0,136.0,3.0,0.0,2.2,0.0,2.2,PASS_<20%,4413.58,121.0,YES,STANDBY_VEL_LOW,0,0.00,4590.00,80.26,TRUE,READY_TO_FIRE
2026-09-07 15:19:47.926,1788794387.927,5663,96,566,4414.79,4414.87,8.0,PASS_<=10c,+0.0,FLAT,+136.0,+182.0,4.2,+2.31,0.55,SLOW,4412.97,4414.86,4411.49,4414.79,0.00,0.00,0.0,BULLISH,337.0,4413.43,4414.82,4413.43,4414.79,47,CLEARED_>=20s,139.0,136.0,3.0,0.0,2.2,0.0,2.2,PASS_<20%,4413.58,121.0,YES,STANDBY_VEL_LOW,0,0.00,4590.00,80.26,TRUE,READY_TO_FIRE
2026-09-07 15:19:48.429,1788794388.429,5664,97,567,4414.54,4414.62,8.0,PASS_<=10c,-25.0,DOWN,+111.0,+157.0,4.2,+3.78,0.90,SLOW,4412.97,4414.86,4411.49,4414.79,0.00,0.00,0.0,BULLISH,337.0,4413.43,4414.82,4413.43,4414.54,48,CLEARED_>=20s,139.0,111.0,28.0,0.0,20.1,0.0,20.1,BLOCKED_20.1%,4413.58,96.0,NO,STANDBY_VEL_LOW,0,0.00,4590.00,80.26,FALSE,OPP_WICK_TOO_HIGH_0.20
2026-09-07 15:19:48.930,1788794388.930,5665,98,568,4414.50,4414.58,8.0,PASS_<=10c,-4.0,DOWN,+107.0,+153.0,4.2,+5.88,1.40,SLOW,4412.97,4414.86,4411.49,4414.79,0.00,0.00,0.0,BULLISH,337.0,4413.43,4414.82,4413.43,4414.50,48,CLEARED_>=20s,139.0,107.0,32.0,0.0,23.0,0.0,23.0,BLOCKED_23.0%,4413.58,92.0,NO,STANDBY_VEL_LOW,0,0.00,4590.00,80.26,FALSE,OPP_WICK_TOO_HIGH_0.23
2026-09-07 15:19:49.435,1788794389.436,5666,99,569,4414.47,4414.55,8.0,PASS_<=10c,-3.0,DOWN,+104.0,+150.0,4.2,+6.50,1.55,SLOW,4412.97,4414.86,4411.49,4414.79,0.00,0.00,0.0,BULLISH,337.0,4413.43,4414.82,4413.43,4414.47,49,CLEARED_>=20s,139.0,104.0,35.0,0.0,25.2,0.0,25.2,BLOCKED_25.2%,4413.58,89.0,NO,STANDBY_VEL_LOW,0,0.00,4590.00,80.26,FALSE,OPP_WICK_TOO_HIGH_0.25
2026-09-07 15:19:49.937,1788794389.938,5667,100,570,4414.46,4414.54,8.0,PASS_<=10c,-1.0,DOWN,+103.0,+149.0,4.2,+6.71,1.60,SLOW,4412.97,4414.86,4411.49,4414.79,0.00,0.00,0.0,BULLISH,337.0,4413.43,4414.82,4413.43,4414.46,49,CLEARED_>=20s,139.0,103.0,36.0,0.0,25.9,0.0,25.9,BLOCKED_25.9%,4413.58,88.0,NO,STANDBY_VEL_LOW,0,0.00,4590.00,80.26,FALSE,OPP_WICK_TOO_HIGH_0.26
2026-09-07 15:19:50.439,1788794390.439,5668,101,571,4414.46,4414.54,8.0,PASS_<=10c,+0.0,FLAT,+103.0,+149.0,4.2,+6.71,1.60,SLOW,4412.97,4414.86,4411.49,4414.79,0.00,0.00,0.0,BULLISH,337.0,4413.43,4414.82,4413.43,4414.46,50,CLEARED_>=20s,139.0,103.0,36.0,0.0,25.9,0.0,25.9,BLOCKED_25.9%,4413.58,88.0,NO,STANDBY_VEL_LOW,0,0.00,4590.00,80.26,FALSE,OPP_WICK_TOO_HIGH_0.26
2026-09-07 15:19:50.942,1788794390.942,5669,102,572,4414.46,4414.54,8.0,PASS_<=10c,+0.0,FLAT,+103.0,+149.0,4.2,+6.92,1.65,SLOW,4412.97,4414.86,4411.49,4414.79,0.00,0.00,0.0,BULLISH,337.0,4413.43,4414.82,4413.43,4414.46,50,CLEARED_>=20s,139.0,103.0,36.0,0.0,25.9,0.0,25.9,BLOCKED_25.9%,4413.58,88.0,NO,STANDBY_VEL_LOW,0,0.00,4590.00,80.26,FALSE,OPP_WICK_TOO_HIGH_0.26
2026-09-07 15:19:51.444,1788794391.444,5670,103,573,4414.45,4414.53,8.0,PASS_<=10c,-1.0,DOWN,+102.0,+148.0,4.2,+7.13,1.70,SLOW,4412.97,4414.86,4411.49,4414.79,0.00,0.00,0.0,BULLISH,337.0,4413.43,4414.82,4413.43,4414.45,51,CLEARED_>=20s,139.0,102.0,37.0,0.0,26.6,0.0,26.6,BLOCKED_26.6%,4413.58,87.0,NO,STANDBY_VEL_LOW,0,0.00,4590.00,80.26,FALSE,OPP_WICK_TOO_HIGH_0.27
2026-09-07 15:19:51.946,1788794391.946,5671,104,574,4414.44,4414.52,8.0,PASS_<=10c,-1.0,DOWN,+101.0,+147.0,4.2,+7.34,1.75,SLOW,4412.97,4414.86,4411.49,4414.79,0.00,0.00,0.0,BULLISH,337.0,4413.43,4414.82,4413.43,4414.44,51,CLEARED_>=20s,139.0,101.0,38.0,0.0,27.3,0.0,27.3,BLOCKED_27.3%,4413.58,86.0,NO,STANDBY_VEL_LOW,0,0.00,4590.00,80.26,FALSE,OPP_WICK_TOO_HIGH_0.27
2026-09-07 15:19:52.448,1788794392.449,5672,105,575,4414.44,4414.52,8.0,PASS_<=10c,+0.0,FLAT,+101.0,+147.0,4.2,+7.33,1.75,SLOW,4412.97,4414.86,4411.49,4414.79,0.00,0.00,0.0,BULLISH,337.0,4413.43,4414.82,4413.43,4414.44,52,CLEARED_>=20s,139.0,101.0,38.0,0.0,27.3,0.0,27.3,BLOCKED_27.3%,4413.58,86.0,NO,STANDBY_VEL_LOW,0,0.00,4590.00,80.26,FALSE,OPP_WICK_TOO_HIGH_0.27
2026-09-07 15:19:52.949,1788794392.950,5673,106,576,4414.45,4414.53,8.0,PASS_<=10c,+1.0,UP,+102.0,+148.0,4.2,+1.68,0.40,SLOW,4412.97,4414.86,4411.49,4414.79,0.00,0.00,0.0,BULLISH,337.0,4413.43,4414.82,4413.43,4414.45,52,CLEARED_>=20s,139.0,102.0,37.0,0.0,26.6,0.0,26.6,BLOCKED_26.6%,4413.58,87.0,NO,STANDBY_VEL_LOW,0,0.00,4590.00,80.26,FALSE,OPP_WICK_TOO_HIGH_0.27
2026-09-07 15:19:53.451,1788794393.451,5674,107,577,4414.45,4414.53,8.0,PASS_<=10c,+0.0,FLAT,+102.0,+148.0,4.2,+2.51,0.60,SLOW,4412.97,4414.86,4411.49,4414.79,0.00,0.00,0.0,BULLISH,337.0,4413.43,4414.82,4413.43,4414.45,53,CLEARED_>=20s,139.0,102.0,37.0,0.0,26.6,0.0,26.6,BLOCKED_26.6%,4413.58,87.0,NO,STANDBY_VEL_LOW,0,0.00,4590.00,80.26,FALSE,OPP_WICK_TOO_HIGH_0.27
2026-09-07 15:19:53.953,1788794393.953,5675,108,578,4414.36,4414.44,8.0,PASS_<=10c,-9.0,DOWN,+93.0,+139.0,4.2,+2.31,0.55,SLOW,4412.97,4414.86,4411.49,4414.79,0.00,0.00,0.0,BULLISH,337.0,4413.43,4414.82,4413.43,4414.36,53,CLEARED_>=20s,139.0,93.0,46.0,0.0,33.1,0.0,33.1,BLOCKED_33.1%,4413.58,78.0,NO,STANDBY_VEL_LOW,0,0.00,4590.00,80.26,FALSE,OPP_WICK_TOO_HIGH_0.33
2026-09-07 15:19:54.455,1788794394.456,5676,109,579,4414.34,4414.42,8.0,PASS_<=10c,-2.0,DOWN,+91.0,+137.0,4.2,+2.52,0.60,SLOW,4412.97,4414.86,4411.49,4414.79,0.00,0.00,0.0,BULLISH,337.0,4413.43,4414.82,4413.43,4414.34,54,CLEARED_>=20s,139.0,91.0,48.0,0.0,34.5,0.0,34.5,BLOCKED_34.5%,4413.58,76.0,NO,STANDBY_VEL_LOW,0,0.00,4590.00,80.26,FALSE,OPP_WICK_TOO_HIGH_0.35
2026-09-07 15:19:54.957,1788794394.957,5677,110,580,4414.35,4414.43,8.0,PASS_<=10c,+1.0,UP,+92.0,+138.0,4.2,+2.31,0.55,SLOW,4412.97,4414.86,4411.49,4414.79,0.00,0.00,0.0,BULLISH,337.0,4413.43,4414.82,4413.43,4414.35,54,CLEARED_>=20s,139.0,92.0,47.0,0.0,33.8,0.0,33.8,BLOCKED_33.8%,4413.58,77.0,NO,STANDBY_VEL_LOW,0,0.00,4590.00,80.26,FALSE,OPP_WICK_TOO_HIGH_0.34
2026-09-07 15:19:55.458,1788794395.458,5678,111,581,4414.36,4414.44,8.0,PASS_<=10c,+1.0,UP,+93.0,+139.0,4.2,+2.10,0.50,SLOW,4412.97,4414.86,4411.49,4414.79,0.00,0.00,0.0,BULLISH,337.0,4413.43,4414.82,4413.43,4414.36,55,CLEARED_>=20s,139.0,93.0,46.0,0.0,33.1,0.0,33.1,BLOCKED_33.1%,4413.58,78.0,NO,STANDBY_VEL_LOW,0,0.00,4590.00,80.26,FALSE,OPP_WICK_TOO_HIGH_0.33
2026-09-07 15:19:55.958,1788794395.959,5679,112,582,4414.36,4414.44,8.0,PASS_<=10c,+0.0,FLAT,+93.0,+139.0,4.2,+1.89,0.45,SLOW,4412.97,4414.86,4411.49,4414.79,0.00,0.00,0.0,BULLISH,337.0,4413.43,4414.82,4413.43,4414.36,55,CLEARED_>=20s,139.0,93.0,46.0,0.0,33.1,0.0,33.1,BLOCKED_33.1%,4413.58,78.0,NO,STANDBY_VEL_LOW,0,0.00,4590.00,80.26,FALSE,OPP_WICK_TOO_HIGH_0.33
2026-09-07 15:19:56.463,1788794396.463,5680,113,583,4414.36,4414.44,8.0,PASS_<=10c,+0.0,FLAT,+93.0,+139.0,4.2,+1.89,0.45,SLOW,4412.97,4414.86,4411.49,4414.79,0.00,0.00,0.0,BULLISH,337.0,4413.43,4414.82,4413.43,4414.36,56,CLEARED_>=20s,139.0,93.0,46.0,0.0,33.1,0.0,33.1,BLOCKED_33.1%,4413.58,78.0,NO,STANDBY_VEL_LOW,0,0.00,4590.00,80.26,FALSE,OPP_WICK_TOO_HIGH_0.33
2026-09-07 15:19:56.983,1788794396.983,5681,114,584,4414.32,4414.40,8.0,PASS_<=10c,-4.0,DOWN,+89.0,+135.0,4.2,+2.52,0.60,SLOW,4412.97,4414.86,4411.49,4414.79,0.00,0.00,0.0,BULLISH,337.0,4413.43,4414.82,4413.43,4414.32,56,CLEARED_>=20s,139.0,89.0,50.0,0.0,36.0,0.0,36.0,BLOCKED_36.0%,4413.58,74.0,NO,STANDBY_VEL_LOW,0,0.00,4590.00,80.26,FALSE,OPP_WICK_TOO_HIGH_0.36
2026-09-07 15:19:57.468,1788794397.469,5682,115,585,4414.32,4414.40,8.0,PASS_<=10c,+0.0,FLAT,+89.0,+135.0,4.2,+2.52,0.60,SLOW,4412.97,4414.86,4411.49,4414.79,0.00,0.00,0.0,BULLISH,337.0,4413.43,4414.82,4413.43,4414.32,57,CLEARED_>=20s,139.0,89.0,50.0,0.0,36.0,0.0,36.0,BLOCKED_36.0%,4413.58,74.0,NO,STANDBY_VEL_LOW,0,0.00,4590.00,80.26,FALSE,OPP_WICK_TOO_HIGH_0.36
2026-09-07 15:19:57.969,1788794397.970,5683,116,586,4414.39,4414.47,8.0,PASS_<=10c,+7.0,UP,+96.0,+142.0,4.2,+1.30,0.31,SLOW,4412.97,4414.86,4411.49,4414.79,0.00,0.00,0.0,BULLISH,337.0,4413.43,4414.82,4413.43,4414.39,57,CLEARED_>=20s,139.0,96.0,43.0,0.0,30.9,0.0,30.9,BLOCKED_30.9%,4413.58,81.0,NO,STANDBY_VEL_LOW,0,0.00,4590.00,80.26,FALSE,OPP_WICK_TOO_HIGH_0.31
2026-09-07 15:19:58.472,1788794398.472,5684,117,587,4414.42,4414.50,8.0,PASS_<=10c,+3.0,UP,+99.0,+145.0,4.2,+1.35,0.32,SLOW,4412.97,4414.86,4411.49,4414.79,0.00,0.00,0.0,BULLISH,337.0,4413.43,4414.82,4413.43,4414.42,58,CLEARED_>=20s,139.0,99.0,40.0,0.0,28.8,0.0,28.8,BLOCKED_28.8%,4413.58,84.0,NO,STANDBY_VEL_LOW,0,0.00,4590.00,80.26,FALSE,OPP_WICK_TOO_HIGH_0.29
2026-09-07 15:19:58.972,1788794398.973,5685,118,588,4414.48,4414.56,8.0,PASS_<=10c,+6.0,UP,+105.0,+151.0,4.2,+2.94,0.70,SLOW,4412.97,4414.86,4411.49,4414.79,0.00,0.00,0.0,BULLISH,337.0,4413.43,4414.82,4413.43,4414.48,58,CLEARED_>=20s,139.0,105.0,34.0,0.0,24.5,0.0,24.5,BLOCKED_24.5%,4413.58,90.0,NO,STANDBY_VEL_LOW,0,0.00,4590.00,80.26,FALSE,OPP_WICK_TOO_HIGH_0.24
2026-09-07 15:19:59.474,1788794399.475,5686,119,589,4414.51,4414.59,8.0,PASS_<=10c,+3.0,UP,+108.0,+154.0,4.2,+3.57,0.85,SLOW,4412.97,4414.86,4411.49,4414.79,0.00,0.00,0.0,BULLISH,337.0,4413.43,4414.82,4413.43,4414.51,59,CLEARED_>=20s,139.0,108.0,31.0,0.0,22.3,0.0,22.3,BLOCKED_22.3%,4413.58,93.0,NO,STANDBY_VEL_LOW,0,0.00,4590.00,80.26,FALSE,OPP_WICK_TOO_HIGH_0.22
2026-09-07 15:19:59.977,1788794399.977,5687,120,590,4414.48,4414.56,8.0,PASS_<=10c,-3.0,DOWN,+105.0,+151.0,4.2,+2.52,0.60,SLOW,4412.97,4414.86,4411.49,4414.79,0.00,0.00,0.0,BULLISH,337.0,4413.43,4414.82,4413.43,4414.48,59,CLEARED_>=20s,139.0,105.0,34.0,0.0,24.5,0.0,24.5,BLOCKED_24.5%,4413.58,90.0,NO,STANDBY_VEL_LOW,0,0.00,4590.00,80.26,FALSE,OPP_WICK_TOO_HIGH_0.24
2026-09-07 15:20:00.480,1788794400.480,5688,1,1,4414.50,4414.58,8.0,PASS_<=10c,+2.0,UP,+0.0,-27.0,4.2,+2.93,0.70,SLOW,4414.77,4415.00,4413.43,4414.48,0.00,0.00,0.0,BULLISH,157.0,4414.50,4414.50,4414.50,4414.50,0,ACTIVE_0s,1.0,0.0,0.0,0.0,0.0,0.0,0.0,PASS_<20%,0.00,0.0,NO,STANDBY_VEL_LOW,0,0.00,4590.00,80.26,FALSE,M1_DIRECTION_MISMATCH|OPENING_SHIELD_ACTIVE_0s
2026-09-07 15:20:00.983,1788794400.983,5689,2,2,4414.47,4414.55,8.0,PASS_<=10c,-3.0,DOWN,-3.0,-30.0,4.2,+2.31,0.55,SLOW,4414.77,4415.00,4413.43,4414.48,0.00,0.00,0.0,BULLISH,157.0,4414.50,4414.50,4414.45,4414.47,0,ACTIVE_0s,5.0,3.0,0.0,2.0,0.0,40.0,0.0,PASS_<20%,0.00,0.0,NO,STANDBY_VEL_LOW,0,0.00,4590.00,80.26,FALSE,M1_DIRECTION_MISMATCH|OPENING_SHIELD_ACTIVE_0s
2026-09-07 15:20:01.483,1788794401.484,5690,3,3,4414.47,4414.55,8.0,PASS_<=10c,+0.0,FLAT,-3.0,-30.0,4.2,+2.94,0.70,SLOW,4414.77,4415.00,4413.43,4414.48,0.00,0.00,0.0,BULLISH,157.0,4414.50,4414.50,4414.45,4414.47,1,ACTIVE_1s,5.0,3.0,0.0,2.0,0.0,40.0,0.0,PASS_<20%,0.00,0.0,NO,STANDBY_VEL_LOW,0,0.00,4590.00,80.26,FALSE,M1_DIRECTION_MISMATCH|OPENING_SHIELD_ACTIVE_1s
2026-09-07 15:20:01.985,1788794401.986,5691,4,4,4414.58,4414.66,8.0,PASS_<=10c,+11.0,UP,+8.0,-19.0,4.2,+5.45,1.30,SLOW,4414.77,4415.00,4413.43,4414.48,0.00,0.00,0.0,BULLISH,157.0,4414.50,4414.58,4414.45,4414.58,1,ACTIVE_1s,13.0,8.0,0.0,5.0,0.0,38.5,0.0,PASS_<20%,4414.65,7.0,NO,STANDBY_VEL_LOW,0,0.00,4590.00,80.26,FALSE,OPENING_SHIELD_ACTIVE_1s
2026-09-07 15:20:02.487,1788794402.487,5692,5,5,4414.54,4414.62,8.0,PASS_<=10c,-4.0,DOWN,+4.0,-23.0,4.2,+3.15,0.75,SLOW,4414.77,4415.00,4413.43,4414.48,0.00,0.00,0.0,BULLISH,157.0,4414.50,4414.58,4414.45,4414.54,2,ACTIVE_2s,13.0,4.0,4.0,5.0,30.8,38.5,30.8,BLOCKED_30.8%,4414.65,11.0,NO,STANDBY_VEL_LOW,0,0.00,4590.00,80.26,FALSE,OPP_WICK_TOO_HIGH_0.31|OPENING_SHIELD_ACTIVE_2s|PRICE_BELOW_15C_DISPLACEMENT
2026-09-07 15:20:02.989,1788794402.990,5693,6,6,4414.50,4414.58,8.0,PASS_<=10c,-4.0,DOWN,+0.0,-27.0,4.2,+1.68,0.40,SLOW,4414.77,4415.00,4413.43,4414.48,0.00,0.00,0.0,BULLISH,157.0,4414.50,4414.58,4414.45,4414.50,2,ACTIVE_2s,13.0,0.0,8.0,5.0,61.5,38.5,61.5,BLOCKED_61.5%,0.00,0.0,NO,STANDBY_VEL_LOW,0,0.00,4590.00,80.26,FALSE,M1_DIRECTION_MISMATCH|OPENING_SHIELD_ACTIVE_2s
2026-09-07 15:20:03.491,1788794403.492,5694,7,7,4414.50,4414.58,8.0,PASS_<=10c,+0.0,FLAT,+0.0,-27.0,4.2,+1.60,0.38,SLOW,4414.77,4415.00,4413.43,4414.48,0.00,0.00,0.0,BULLISH,157.0,4414.50,4414.58,4414.45,4414.50,3,ACTIVE_3s,13.0,0.0,8.0,5.0,61.5,38.5,61.5,BLOCKED_61.5%,0.00,0.0,NO,STANDBY_VEL_LOW,0,0.00,4590.00,80.26,FALSE,M1_DIRECTION_MISMATCH|OPENING_SHIELD_ACTIVE_3s
2026-09-07 15:20:03.992,1788794403.992,5695,8,8,4414.50,4414.58,8.0,PASS_<=10c,+0.0,FLAT,+0.0,-27.0,4.2,+1.60,0.38,SLOW,4414.77,4415.00,4413.43,4414.48,0.00,0.00,0.0,BULLISH,157.0,4414.50,4414.58,4414.45,4414.50,3,ACTIVE_3s,13.0,0.0,8.0,5.0,61.5,38.5,61.5,BLOCKED_61.5%,0.00,0.0,NO,STANDBY_VEL_LOW,0,0.00,4590.00,80.26,FALSE,M1_DIRECTION_MISMATCH|OPENING_SHIELD_ACTIVE_3s
2026-09-07 15:20:04.493,1788794404.494,5696,9,9,4414.49,4414.57,8.0,PASS_<=10c,-1.0,DOWN,-1.0,-28.0,4.2,+1.58,0.38,SLOW,4414.77,4415.00,4413.43,4414.48,0.00,0.00,0.0,BULLISH,157.0,4414.50,4414.58,4414.45,4414.49,4,ACTIVE_4s,13.0,1.0,8.0,4.0,61.5,30.8,61.5,BLOCKED_61.5%,0.00,0.0,NO,STANDBY_VEL_LOW,0,0.00,4590.00,80.26,FALSE,M1_DIRECTION_MISMATCH|OPENING_SHIELD_ACTIVE_4s
2026-09-07 15:20:04.995,1788794404.996,5697,10,10,4414.50,4414.58,8.0,PASS_<=10c,+1.0,UP,+0.0,-27.0,4.2,+1.58,0.38,SLOW,4414.77,4415.00,4413.43,4414.48,0.00,0.00,0.0,BULLISH,157.0,4414.50,4414.58,4414.45,4414.50,4,ACTIVE_4s,13.0,0.0,8.0,5.0,61.5,38.5,61.5,BLOCKED_61.5%,0.00,0.0,NO,STANDBY_VEL_LOW,0,0.00,4590.00,80.26,FALSE,M1_DIRECTION_MISMATCH|OPENING_SHIELD_ACTIVE_4s
2026-09-07 15:20:05.496,1788794405.497,5698,11,11,4414.51,4414.59,8.0,PASS_<=10c,+1.0,UP,+1.0,-26.0,4.2,+1.50,0.36,SLOW,4414.77,4415.00,4413.43,4414.48,0.00,0.00,0.0,BULLISH,157.0,4414.50,4414.58,4414.45,4414.51,5,ACTIVE_5s,13.0,1.0,7.0,5.0,53.8,38.5,53.8,BLOCKED_53.8%,4414.65,14.0,NO,STANDBY_VEL_LOW,0,0.00,4590.00,80.26,FALSE,OPP_WICK_TOO_HIGH_0.54|OPENING_SHIELD_ACTIVE_5s|PRICE_BELOW_15C_DISPLACEMENT
2026-09-07 15:20:05.998,1788794405.998,5699,12,12,4414.60,4414.68,8.0,PASS_<=10c,+9.0,UP,+10.0,-17.0,4.2,+2.73,0.65,SLOW,4414.77,4415.00,4413.43,4414.48,0.00,0.00,0.0,BULLISH,157.0,4414.50,4414.60,4414.45,4414.60,5,ACTIVE_5s,15.0,10.0,0.0,5.0,0.0,33.3,0.0,PASS_<20%,4414.65,5.0,NO,STANDBY_VEL_LOW,0,0.00,4590.00,80.26,FALSE,OPENING_SHIELD_ACTIVE_5s
2026-09-07 15:20:06.504,1788794406.505,5700,13,13,4414.62,4414.70,8.0,PASS_<=10c,+2.0,UP,+12.0,-15.0,4.2,+2.52,0.60,SLOW,4414.77,4415.00,4413.43,4414.48,0.00,0.00,0.0,BULLISH,157.0,4414.50,4414.62,4414.45,4414.62,6,ACTIVE_6s,17.0,12.0,0.0,5.0,0.0,29.4,0.0,PASS_<20%,4414.65,3.0,NO,STANDBY_VEL_LOW,0,0.00,4590.00,80.26,FALSE,OPENING_SHIELD_ACTIVE_6s
2026-09-07 15:20:07.000,1788794407.000,5701,14,14,4414.64,4414.72,8.0,PASS_<=10c,+2.0,UP,+14.0,-13.0,4.2,+2.10,0.50,SLOW,4414.77,4415.00,4413.43,4414.48,0.00,0.00,0.0,BULLISH,157.0,4414.50,4414.64,4414.45,4414.64,7,ACTIVE_7s,19.0,14.0,0.0,5.0,0.0,26.3,0.0,PASS_<20%,4414.65,1.0,NO,STANDBY_VEL_LOW,0,0.00,4590.00,80.26,FALSE,OPENING_SHIELD_ACTIVE_6s
2026-09-07 15:20:07.502,1788794407.503,5702,15,15,4414.64,4414.72,8.0,PASS_<=10c,+0.0,FLAT,+14.0,-13.0,4.2,+2.10,0.50,SLOW,4414.77,4415.00,4413.43,4414.48,0.00,0.00,0.0,BULLISH,157.0,4414.50,4414.64,4414.45,4414.64,7,ACTIVE_7s,19.0,14.0,0.0,5.0,0.0,26.3,0.0,PASS_<20%,4414.65,1.0,NO,STANDBY_VEL_LOW,0,0.00,4590.00,80.26,FALSE,OPENING_SHIELD_ACTIVE_7s
2026-09-07 15:20:08.003,1788794408.004,5703,16,16,4414.67,4414.75,8.0,PASS_<=10c,+3.0,UP,+17.0,-10.0,4.2,+3.57,0.85,SLOW,4414.77,4415.00,4413.43,4414.48,0.00,0.00,0.0,BULLISH,157.0,4414.50,4414.67,4414.45,4414.67,8,ACTIVE_8s,22.0,17.0,0.0,5.0,0.0,22.7,0.0,PASS_<20%,4414.65,2.0,NO,STANDBY_VEL_LOW,0,0.00,4590.00,80.26,FALSE,OPENING_SHIELD_ACTIVE_8s
2026-09-07 15:20:08.506,1788794408.506,5704,17,17,4414.75,4414.83,8.0,PASS_<=10c,+8.0,UP,+25.0,-2.0,4.2,+5.25,1.25,SLOW,4414.77,4415.00,4413.43,4414.48,0.00,0.00,0.0,BULLISH,157.0,4414.50,4414.76,4414.45,4414.75,8,ACTIVE_8s,31.0,25.0,1.0,5.0,3.2,16.1,3.2,PASS_<20%,4414.65,10.0,NO,STANDBY_VEL_LOW,0,0.00,4590.00,80.26,FALSE,OPENING_SHIELD_ACTIVE_8s
2026-09-07 15:20:09.006,1788794409.007,5705,18,18,4414.72,4414.80,8.0,PASS_<=10c,-3.0,DOWN,+22.0,-5.0,4.2,+4.62,1.10,SLOW,4414.77,4415.00,4413.43,4414.48,0.00,0.00,0.0,BULLISH,157.0,4414.50,4414.76,4414.45,4414.72,9,ACTIVE_9s,31.0,22.0,4.0,5.0,12.9,16.1,12.9,PASS_<20%,4414.65,7.0,NO,STANDBY_VEL_LOW,0,0.00,4590.00,80.26,FALSE,OPENING_SHIELD_ACTIVE_9s
2026-09-07 15:20:09.508,1788794409.509,5706,19,19,4414.72,4414.80,8.0,PASS_<=10c,+0.0,FLAT,+22.0,-5.0,4.2,+4.62,1.10,SLOW,4414.77,4415.00,4413.43,4414.48,0.00,0.00,0.0,BULLISH,157.0,4414.50,4414.76,4414.45,4414.72,9,ACTIVE_9s,31.0,22.0,4.0,5.0,12.9,16.1,12.9,PASS_<20%,4414.65,7.0,NO,STANDBY_VEL_LOW,0,0.00,4590.00,80.26,FALSE,OPENING_SHIELD_ACTIVE_9s
2026-09-07 15:20:10.009,1788794410.009,5707,20,20,4414.72,4414.80,8.0,PASS_<=10c,+0.0,FLAT,+22.0,-5.0,4.2,+4.62,1.10,SLOW,4414.77,4415.00,4413.43,4414.48,0.00,0.00,0.0,BULLISH,157.0,4414.50,4414.76,4414.45,4414.72,10,ACTIVE_10s,31.0,22.0,4.0,5.0,12.9,16.1,12.9,PASS_<20%,4414.65,7.0,NO,STANDBY_VEL_LOW,0,0.00,4590.00,80.26,FALSE,OPENING_SHIELD_ACTIVE_10s
2026-09-07 15:20:10.561,1788794410.562,5708,21,21,4414.65,4414.73,8.0,PASS_<=10c,-7.0,DOWN,+15.0,-12.0,4.2,+1.25,0.30,SLOW,4414.77,4415.00,4413.43,4414.48,0.00,0.00,0.0,BULLISH,157.0,4414.50,4414.76,4414.45,4414.65,10,ACTIVE_10s,31.0,15.0,11.0,5.0,35.5,16.1,35.5,BLOCKED_35.5%,4414.65,0.0,NO,STANDBY_VEL_LOW,0,0.00,4590.00,80.26,FALSE,OPP_WICK_TOO_HIGH_0.35|OPENING_SHIELD_ACTIVE_10s
2026-09-07 15:20:11.063,1788794411.064,5709,22,22,4414.65,4414.73,8.0,PASS_<=10c,+0.0,FLAT,+15.0,-12.0,4.2,+0.97,0.23,SLOW,4414.77,4415.00,4413.43,4414.48,0.00,0.00,0.0,BULLISH,157.0,4414.50,4414.76,4414.45,4414.65,11,ACTIVE_11s,31.0,15.0,11.0,5.0,35.5,16.1,35.5,BLOCKED_35.5%,4414.65,0.0,NO,STANDBY_VEL_LOW,0,0.00,4590.00,80.26,FALSE,OPP_WICK_TOO_HIGH_0.35|OPENING_SHIELD_ACTIVE_11s
2026-09-07 15:20:11.565,1788794411.566,5710,23,23,4414.65,4414.73,8.0,PASS_<=10c,+0.0,FLAT,+15.0,-12.0,4.2,+0.97,0.23,SLOW,4414.77,4415.00,4413.43,4414.48,0.00,0.00,0.0,BULLISH,157.0,4414.50,4414.76,4414.45,4414.65,11,ACTIVE_11s,31.0,15.0,11.0,5.0,35.5,16.1,35.5,BLOCKED_35.5%,4414.65,0.0,NO,STANDBY_VEL_LOW,0,0.00,4590.00,80.26,FALSE,OPP_WICK_TOO_HIGH_0.35|OPENING_SHIELD_ACTIVE_11s
2026-09-07 15:20:12.069,1788794412.069,5711,24,24,4414.65,4414.73,8.0,PASS_<=10c,+0.0,FLAT,+15.0,-12.0,4.2,+0.97,0.23,SLOW,4414.77,4415.00,4413.43,4414.48,0.00,0.00,0.0,BULLISH,157.0,4414.50,4414.76,4414.45,4414.65,12,ACTIVE_12s,31.0,15.0,11.0,5.0,35.5,16.1,35.5,BLOCKED_35.5%,4414.65,0.0,NO,STANDBY_VEL_LOW,0,0.00,4590.00,80.26,FALSE,OPP_WICK_TOO_HIGH_0.35|OPENING_SHIELD_ACTIVE_12s
2026-09-07 15:20:12.570,1788794412.570,5712,25,25,4414.63,4414.71,8.0,PASS_<=10c,-2.0,DOWN,+13.0,-14.0,4.2,+0.94,0.22,SLOW,4414.77,4415.00,4413.43,4414.48,0.00,0.00,0.0,BULLISH,157.0,4414.50,4414.76,4414.45,4414.63,12,ACTIVE_12s,31.0,13.0,13.0,5.0,41.9,16.1,41.9,BLOCKED_41.9%,4414.65,2.0,NO,STANDBY_VEL_LOW,0,0.00,4590.00,80.26,FALSE,OPP_WICK_TOO_HIGH_0.42|OPENING_SHIELD_ACTIVE_12s
2026-09-07 15:20:13.072,1788794413.072,5713,26,26,4414.59,4414.67,8.0,PASS_<=10c,-4.0,DOWN,+9.0,-18.0,4.2,+3.53,0.84,SLOW,4414.77,4415.00,4413.43,4414.48,0.00,0.00,0.0,BULLISH,157.0,4414.50,4414.76,4414.45,4414.59,13,ACTIVE_13s,31.0,9.0,17.0,5.0,54.8,16.1,54.8,BLOCKED_54.8%,4414.65,6.0,NO,STANDBY_VEL_LOW,0,0.00,4590.00,80.26,FALSE,OPP_WICK_TOO_HIGH_0.55|OPENING_SHIELD_ACTIVE_13s
2026-09-07 15:20:13.573,1788794413.573,5714,27,27,4414.60,4414.68,8.0,PASS_<=10c,+1.0,UP,+10.0,-17.0,4.2,+2.49,0.59,SLOW,4414.77,4415.00,4413.43,4414.48,0.00,0.00,0.0,BULLISH,157.0,4414.50,4414.76,4414.45,4414.60,13,ACTIVE_13s,31.0,10.0,16.0,5.0,51.6,16.1,51.6,BLOCKED_51.6%,4414.65,5.0,NO,STANDBY_VEL_LOW,0,0.00,4590.00,80.26,FALSE,OPP_WICK_TOO_HIGH_0.52|OPENING_SHIELD_ACTIVE_13s
2026-09-07 15:20:14.075,1788794414.075,5715,28,28,4414.59,4414.67,8.0,PASS_<=10c,-1.0,DOWN,+9.0,-18.0,4.2,+2.70,0.64,SLOW,4414.77,4415.00,4413.43,4414.48,0.00,0.00,0.0,BULLISH,157.0,4414.50,4414.76,4414.45,4414.59,14,ACTIVE_14s,31.0,9.0,17.0,5.0,54.8,16.1,54.8,BLOCKED_54.8%,4414.65,6.0,NO,STANDBY_VEL_LOW,0,0.00,4590.00,80.26,FALSE,OPP_WICK_TOO_HIGH_0.55|OPENING_SHIELD_ACTIVE_14s
2026-09-07 15:20:14.584,1788794414.584,5716,29,29,4414.59,4414.67,8.0,PASS_<=10c,+0.0,FLAT,+9.0,-18.0,4.1,+2.69,0.66,SLOW,4414.77,4415.00,4413.43,4414.48,0.00,0.00,0.0,BULLISH,157.0,4414.50,4414.76,4414.45,4414.59,14,ACTIVE_14s,31.0,9.0,17.0,5.0,54.8,16.1,54.8,BLOCKED_54.8%,4414.65,6.0,NO,STANDBY_VEL_LOW,0,0.00,4590.00,80.26,FALSE,OPP_WICK_TOO_HIGH_0.55|OPENING_SHIELD_ACTIVE_14s
2026-09-07 15:20:15.085,1788794415.086,5717,30,30,4414.60,4414.68,8.0,PASS_<=10c,+1.0,UP,+10.0,-17.0,4.2,+1.26,0.30,SLOW,4414.77,4415.00,4413.43,4414.48,0.00,0.00,0.0,BULLISH,157.0,4414.50,4414.76,4414.45,4414.60,15,ACTIVE_15s,31.0,10.0,16.0,5.0,51.6,16.1,51.6,BLOCKED_51.6%,4414.65,5.0,NO,STANDBY_VEL_LOW,0,0.00,4590.00,80.26,FALSE,OPP_WICK_TOO_HIGH_0.52|OPENING_SHIELD_ACTIVE_15s
2026-09-07 15:20:15.587,1788794415.587,5718,31,31,4414.64,4414.72,8.0,PASS_<=10c,+4.0,UP,+14.0,-13.0,4.2,+0.62,0.15,SLOW,4414.77,4415.00,4413.43,4414.48,0.00,0.00,0.0,BULLISH,157.0,4414.50,4414.76,4414.45,4414.64,15,ACTIVE_15s,31.0,14.0,12.0,5.0,38.7,16.1,38.7,BLOCKED_38.7%,4414.65,1.0,NO,STANDBY_VEL_LOW,0,0.00,4590.00,80.26,FALSE,OPP_WICK_TOO_HIGH_0.39|OPENING_SHIELD_ACTIVE_15s
2026-09-07 15:20:16.090,1788794416.090,5719,32,32,4414.64,4414.72,8.0,PASS_<=10c,+0.0,FLAT,+14.0,-13.0,4.2,+0.60,0.14,SLOW,4414.77,4415.00,4413.43,4414.48,0.00,0.00,0.0,BULLISH,157.0,4414.50,4414.76,4414.45,4414.64,16,ACTIVE_16s,31.0,14.0,12.0,5.0,38.7,16.1,38.7,BLOCKED_38.7%,4414.65,1.0,NO,STANDBY_VEL_LOW,0,0.00,4590.00,80.26,FALSE,OPP_WICK_TOO_HIGH_0.39|OPENING_SHIELD_ACTIVE_16s
2026-09-07 15:20:16.590,1788794416.590,5720,33,33,4414.59,4414.67,8.0,PASS_<=10c,-5.0,DOWN,+9.0,-18.0,4.2,+1.26,0.30,SLOW,4414.77,4415.00,4413.43,4414.48,0.00,0.00,0.0,BULLISH,157.0,4414.50,4414.76,4414.45,4414.59,16,ACTIVE_16s,31.0,9.0,17.0,5.0,54.8,16.1,54.8,BLOCKED_54.8%,4414.65,6.0,NO,STANDBY_VEL_LOW,0,0.00,4590.00,80.26,FALSE,OPP_WICK_TOO_HIGH_0.55|OPENING_SHIELD_ACTIVE_16s
2026-09-07 15:20:17.103,1788794417.103,5721,34,34,4414.57,4414.65,8.0,PASS_<=10c,-2.0,DOWN,+7.0,-20.0,4.2,+1.67,0.40,SLOW,4414.77,4415.00,4413.43,4414.48,0.00,0.00,0.0,BULLISH,157.0,4414.50,4414.76,4414.45,4414.57,17,ACTIVE_17s,31.0,7.0,19.0,5.0,61.3,16.1,61.3,BLOCKED_61.3%,4414.65,8.0,NO,STANDBY_VEL_LOW,0,0.00,4590.00,80.26,FALSE,OPP_WICK_TOO_HIGH_0.61|OPENING_SHIELD_ACTIVE_17s
2026-09-07 15:20:17.603,1788794417.604,5722,35,35,4414.64,4414.72,8.0,PASS_<=10c,+7.0,UP,+14.0,-13.0,4.2,+1.05,0.25,SLOW,4414.77,4415.00,4413.43,4414.48,0.00,0.00,0.0,BULLISH,157.0,4414.50,4414.76,4414.45,4414.64,17,ACTIVE_17s,31.0,14.0,12.0,5.0,38.7,16.1,38.7,BLOCKED_38.7%,4414.65,1.0,NO,STANDBY_VEL_LOW,0,0.00,4590.00,80.26,FALSE,OPP_WICK_TOO_HIGH_0.39|OPENING_SHIELD_ACTIVE_17s
2026-09-07 15:20:18.105,1788794418.106,5723,36,36,4414.64,4414.72,8.0,PASS_<=10c,+0.0,FLAT,+14.0,-13.0,4.2,+1.05,0.25,SLOW,4414.77,4415.00,4413.43,4414.48,0.00,0.00,0.0,BULLISH,157.0,4414.50,4414.76,4414.45,4414.64,18,ACTIVE_18s,31.0,14.0,12.0,5.0,38.7,16.1,38.7,BLOCKED_38.7%,4414.65,1.0,NO,STANDBY_VEL_LOW,0,0.00,4590.00,80.26,FALSE,OPP_WICK_TOO_HIGH_0.39|OPENING_SHIELD_ACTIVE_18s
2026-09-07 15:20:18.605,1788794418.606,5724,37,37,4414.65,4414.73,8.0,PASS_<=10c,+1.0,UP,+15.0,-12.0,4.2,+1.46,0.35,SLOW,4414.77,4415.00,4413.43,4414.48,0.00,0.00,0.0,BULLISH,157.0,4414.50,4414.76,4414.45,4414.65,18,ACTIVE_18s,31.0,15.0,11.0,5.0,35.5,16.1,35.5,BLOCKED_35.5%,4414.65,0.0,NO,STANDBY_VEL_LOW,0,0.00,4590.00,80.26,FALSE,OPP_WICK_TOO_HIGH_0.35|OPENING_SHIELD_ACTIVE_18s
2026-09-07 15:20:19.106,1788794419.107,5725,38,38,4414.65,4414.73,8.0,PASS_<=10c,+0.0,FLAT,+15.0,-12.0,4.2,+1.26,0.30,SLOW,4414.77,4415.00,4413.43,4414.48,0.00,0.00,0.0,BULLISH,157.0,4414.50,4414.76,4414.45,4414.65,19,ACTIVE_19s,31.0,15.0,11.0,5.0,35.5,16.1,35.5,BLOCKED_35.5%,4414.65,0.0,NO,STANDBY_VEL_LOW,0,0.00,4590.00,80.26,FALSE,OPP_WICK_TOO_HIGH_0.35|OPENING_SHIELD_ACTIVE_19s
2026-09-07 15:20:19.609,1788794419.609,5726,39,39,4414.69,4414.77,8.0,PASS_<=10c,+4.0,UP,+19.0,-8.0,4.2,+2.72,0.65,SLOW,4414.77,4415.00,4413.43,4414.48,0.00,0.00,0.0,BULLISH,157.0,4414.50,4414.76,4414.45,4414.69,19,ACTIVE_19s,31.0,19.0,7.0,5.0,22.6,16.1,22.6,BLOCKED_22.6%,4414.65,4.0,NO,STANDBY_VEL_LOW,0,0.00,4590.00,80.26,FALSE,OPP_WICK_TOO_HIGH_0.23|OPENING_SHIELD_ACTIVE_19s
2026-09-07 15:20:20.109,1788794420.110,5727,40,40,4414.69,4414.77,8.0,PASS_<=10c,+0.0,FLAT,+19.0,-8.0,4.2,+1.05,0.25,SLOW,4414.77,4415.00,4413.43,4414.48,0.00,0.00,0.0,BULLISH,157.0,4414.50,4414.76,4414.45,4414.69,20,CLEARED_>=20s,31.0,19.0,7.0,5.0,22.6,16.1,22.6,BLOCKED_22.6%,4414.65,4.0,NO,STANDBY_VEL_LOW,0,0.00,4590.00,80.26,FALSE,OPP_WICK_TOO_HIGH_0.23
2026-09-07 15:20:20.613,1788794420.613,5728,41,41,4414.71,4414.79,8.0,PASS_<=10c,+2.0,UP,+21.0,-6.0,4.2,+1.47,0.35,SLOW,4414.77,4415.00,4413.43,4414.48,0.00,0.00,0.0,BULLISH,157.0,4414.50,4414.76,4414.45,4414.71,20,CLEARED_>=20s,31.0,21.0,5.0,5.0,16.1,16.1,16.1,PASS_<20%,4414.65,6.0,YES,STANDBY_VEL_LOW,0,0.00,4590.00,80.26,TRUE,READY_TO_FIRE
2026-09-07 15:20:25.523,1788794425.524,5729,42,42,4414.88,4414.96,8.0,PASS_<=10c,+17.0,UP,+38.0,+11.0,3.7,+3.52,0.95,SLOW,4414.77,4415.00,4413.43,4414.48,0.00,0.00,0.0,BULLISH,157.0,4414.50,4414.88,4414.45,4414.88,25,CLEARED_>=20s,43.0,38.0,0.0,5.0,0.0,11.6,0.0,PASS_<20%,4414.65,23.0,YES,STANDBY_VEL_LOW,1,4414.79,175.21,80.26,TRUE,READY_TO_FIRE
2026-09-07 15:20:25.938,1788794425.938,5730,43,43,4414.85,4414.93,8.0,PASS_<=10c,-3.0,DOWN,+35.0,+8.0,4.0,+2.00,0.50,SLOW,4414.77,4415.00,4413.43,4414.48,0.00,0.00,0.0,BULLISH,157.0,4414.50,4414.88,4414.45,4414.85,25,CLEARED_>=20s,43.0,35.0,3.0,5.0,7.0,11.6,7.0,PASS_<20%,4414.65,20.0,YES,STANDBY_VEL_LOW,1,4414.79,175.21,80.26,TRUE,READY_TO_FIRE
2026-09-07 15:20:26.440,1788794426.440,5731,44,44,4414.85,4414.93,8.0,PASS_<=10c,+0.0,FLAT,+35.0,+8.0,4.8,+1.59,0.33,SLOW,4414.77,4415.00,4413.43,4414.48,0.00,0.00,0.0,BULLISH,157.0,4414.50,4414.88,4414.45,4414.85,26,CLEARED_>=20s,43.0,35.0,3.0,5.0,7.0,11.6,7.0,PASS_<20%,4414.65,20.0,YES,STANDBY_VEL_LOW,1,4414.79,175.21,80.26,TRUE,READY_TO_FIRE
2026-09-07 15:20:26.942,1788794426.942,5732,45,45,4414.89,4414.97,8.0,PASS_<=10c,+4.0,UP,+39.0,+12.0,4.6,+1.20,0.26,SLOW,4414.77,4415.00,4413.43,4414.48,0.00,0.00,0.0,BULLISH,157.0,4414.50,4414.89,4414.45,4414.89,26,CLEARED_>=20s,44.0,39.0,0.0,5.0,0.0,11.4,0.0,PASS_<20%,4414.65,24.0,YES,STANDBY_VEL_LOW,1,4414.79,175.21,80.26,TRUE,READY_TO_FIRE
2026-09-07 15:20:27.443,1788794427.444,5733,46,46,4414.89,4414.97,8.0,PASS_<=10c,+0.0,FLAT,+39.0,+12.0,4.4,+1.19,0.27,SLOW,4414.77,4415.00,4413.43,4414.48,0.00,0.00,0.0,BULLISH,157.0,4414.50,4414.89,4414.45,4414.89,27,CLEARED_>=20s,44.0,39.0,0.0,5.0,0.0,11.4,0.0,PASS_<20%,4414.65,24.0,YES,STANDBY_VEL_LOW,1,4414.79,175.21,80.26,TRUE,READY_TO_FIRE
2026-09-07 15:20:27.945,1788794427.945,5734,47,47,4414.79,4414.87,8.0,PASS_<=10c,-10.0,DOWN,+29.0,+2.0,4.3,+2.90,0.67,SLOW,4414.77,4415.00,4413.43,4414.48,0.00,0.00,0.0,BULLISH,157.0,4414.50,4414.89,4414.45,4414.79,27,CLEARED_>=20s,44.0,29.0,10.0,5.0,22.7,11.4,22.7,BLOCKED_22.7%,4414.65,14.0,NO,STANDBY_VEL_LOW,1,4414.79,175.21,80.26,FALSE,OPP_WICK_TOO_HIGH_0.23
2026-09-07 15:20:28.447,1788794428.448,5735,48,48,4414.78,4414.86,8.0,PASS_<=10c,-1.0,DOWN,+28.0,+1.0,4.3,+2.76,0.64,SLOW,4414.77,4415.00,4413.43,4414.48,0.00,0.00,0.0,BULLISH,157.0,4414.50,4414.89,4414.45,4414.78,28,CLEARED_>=20s,44.0,28.0,11.0,5.0,25.0,11.4,25.0,BLOCKED_25.0%,4414.65,13.0,NO,STANDBY_VEL_LOW,1,4414.79,175.21,80.26,FALSE,OPP_WICK_TOO_HIGH_0.25
2026-09-07 15:20:28.949,1788794428.949,5736,49,49,4414.76,4414.84,8.0,PASS_<=10c,-2.0,DOWN,+26.0,-1.0,4.3,+2.92,0.68,SLOW,4414.77,4415.00,4413.43,4414.48,0.00,0.00,0.0,BULLISH,157.0,4414.50,4414.89,4414.45,4414.76,28,CLEARED_>=20s,44.0,26.0,13.0,5.0,29.5,11.4,29.5,BLOCKED_29.5%,4414.65,11.0,NO,STANDBY_VEL_LOW,1,4414.79,175.21,80.26,FALSE,OPP_WICK_TOO_HIGH_0.30
2026-09-07 15:20:29.451,1788794429.451,5737,50,50,4414.74,4414.82,8.0,PASS_<=10c,-2.0,DOWN,+24.0,-3.0,4.2,+3.05,0.73,SLOW,4414.77,4415.00,4413.43,4414.48,0.00,0.00,0.0,BULLISH,157.0,4414.50,4414.89,4414.45,4414.74,29,CLEARED_>=20s,44.0,24.0,15.0,5.0,34.1,11.4,34.1,BLOCKED_34.1%,4414.65,9.0,NO,STANDBY_VEL_LOW,1,4414.79,175.21,80.26,FALSE,OPP_WICK_TOO_HIGH_0.34
2026-09-07 15:20:29.953,1788794429.953,5738,51,51,4414.73,4414.81,8.0,PASS_<=10c,-1.0,DOWN,+23.0,-4.0,4.2,+2.94,0.70,SLOW,4414.77,4415.00,4413.43,4414.48,0.00,0.00,0.0,BULLISH,157.0,4414.50,4414.89,4414.45,4414.73,29,CLEARED_>=20s,44.0,23.0,16.0,5.0,36.4,11.4,36.4,BLOCKED_36.4%,4414.65,8.0,NO,STANDBY_VEL_LOW,1,4414.79,175.21,80.26,FALSE,OPP_WICK_TOO_HIGH_0.36
2026-09-07 15:20:30.454,1788794430.455,5739,52,52,4414.73,4414.81,8.0,PASS_<=10c,+0.0,FLAT,+23.0,-4.0,4.2,+2.73,0.65,SLOW,4414.77,4415.00,4413.43,4414.48,0.00,0.00,0.0,BULLISH,157.0,4414.50,4414.89,4414.45,4414.73,30,CLEARED_>=20s,44.0,23.0,16.0,5.0,36.4,11.4,36.4,BLOCKED_36.4%,4414.65,8.0,NO,STANDBY_VEL_LOW,0,0.00,4590.00,78.36,FALSE,OPP_WICK_TOO_HIGH_0.36
2026-09-07 15:20:30.957,1788794430.957,5740,53,53,4414.80,4414.88,8.0,PASS_<=10c,+7.0,UP,+30.0,+3.0,4.2,+1.05,0.25,SLOW,4414.77,4415.00,4413.43,4414.48,0.00,0.00,0.0,BULLISH,157.0,4414.50,4414.89,4414.45,4414.80,30,CLEARED_>=20s,44.0,30.0,9.0,5.0,20.5,11.4,20.5,BLOCKED_20.5%,4414.65,15.0,NO,STANDBY_VEL_LOW,0,0.00,4590.00,78.36,FALSE,OPP_WICK_TOO_HIGH_0.20
2026-09-07 15:20:31.459,1788794431.459,5741,54,54,4414.80,4414.88,8.0,PASS_<=10c,+0.0,FLAT,+30.0,+3.0,4.2,+1.47,0.35,SLOW,4414.77,4415.00,4413.43,4414.48,0.00,0.00,0.0,BULLISH,157.0,4414.50,4414.89,4414.45,4414.80,31,CLEARED_>=20s,44.0,30.0,9.0,5.0,20.5,11.4,20.5,BLOCKED_20.5%,4414.65,15.0,NO,STANDBY_VEL_LOW,0,0.00,4590.00,78.36,FALSE,OPP_WICK_TOO_HIGH_0.20
2026-09-07 15:20:31.961,1788794431.961,5742,55,55,4414.83,4414.91,8.0,PASS_<=10c,+3.0,UP,+33.0,+6.0,4.2,+1.26,0.30,SLOW,4414.77,4415.00,4413.43,4414.48,0.00,0.00,0.0,BULLISH,157.0,4414.50,4414.89,4414.45,4414.83,31,CLEARED_>=20s,44.0,33.0,6.0,5.0,13.6,11.4,13.6,PASS_<20%,4414.65,18.0,YES,STANDBY_VEL_LOW,0,0.00,4590.00,78.36,TRUE,READY_TO_FIRE
2026-09-07 15:20:32.462,1788794432.463,5743,56,56,4414.83,4414.91,8.0,PASS_<=10c,+0.0,FLAT,+33.0,+6.0,4.2,+1.26,0.30,SLOW,4414.77,4415.00,4413.43,4414.48,0.00,0.00,0.0,BULLISH,157.0,4414.50,4414.89,4414.45,4414.83,32,CLEARED_>=20s,44.0,33.0,6.0,5.0,13.6,11.4,13.6,PASS_<20%,4414.65,18.0,YES,STANDBY_VEL_LOW,0,0.00,4590.00,78.36,TRUE,READY_TO_FIRE
2026-09-07 15:20:32.963,1788794432.964,5744,57,57,4414.87,4414.95,8.0,PASS_<=10c,+4.0,UP,+37.0,+10.0,4.2,+1.89,0.45,SLOW,4414.77,4415.00,4413.43,4414.48,0.00,0.00,0.0,BULLISH,157.0,4414.50,4414.89,4414.45,4414.87,32,CLEARED_>=20s,44.0,37.0,2.0,5.0,4.5,11.4,4.5,PASS_<20%,4414.65,22.0,YES,STANDBY_VEL_LOW,0,0.00,4590.00,78.36,TRUE,READY_TO_FIRE
2026-09-07 15:20:33.465,1788794433.465,5745,58,58,4414.85,4414.93,8.0,PASS_<=10c,-2.0,DOWN,+35.0,+8.0,4.2,+1.68,0.40,SLOW,4414.77,4415.00,4413.43,4414.48,0.00,0.00,0.0,BULLISH,157.0,4414.50,4414.89,4414.45,4414.85,33,CLEARED_>=20s,44.0,35.0,4.0,5.0,9.1,11.4,9.1,PASS_<20%,4414.65,20.0,YES,STANDBY_VEL_LOW,0,0.00,4590.00,78.36,TRUE,READY_TO_FIRE
2026-09-07 15:20:33.982,1788794433.982,5746,59,59,4414.74,4414.82,8.0,PASS_<=10c,-11.0,DOWN,+24.0,-3.0,4.2,+1.02,0.24,SLOW,4414.77,4415.00,4413.43,4414.48,0.00,0.00,0.0,BULLISH,157.0,4414.50,4414.89,4414.45,4414.74,33,CLEARED_>=20s,44.0,24.0,15.0,5.0,34.1,11.4,34.1,BLOCKED_34.1%,4414.65,9.0,NO,STANDBY_VEL_LOW,0,0.00,4590.00,78.36,FALSE,OPP_WICK_TOO_HIGH_0.34
2026-09-07 15:20:34.483,1788794434.483,5747,60,60,4414.72,4414.80,8.0,PASS_<=10c,-2.0,DOWN,+22.0,-5.0,4.2,+0.99,0.24,SLOW,4414.77,4415.00,4413.43,4414.48,0.00,0.00,0.0,BULLISH,157.0,4414.50,4414.89,4414.45,4414.72,34,CLEARED_>=20s,44.0,22.0,17.0,5.0,38.6,11.4,38.6,BLOCKED_38.6%,4414.65,7.0,NO,STANDBY_VEL_LOW,0,0.00,4590.00,78.36,FALSE,OPP_WICK_TOO_HIGH_0.39
2026-09-07 15:20:34.983,1788794434.983,5748,61,61,4414.72,4414.80,8.0,PASS_<=10c,+0.0,FLAT,+22.0,-5.0,4.2,+0.99,0.24,SLOW,4414.77,4415.00,4413.43,4414.48,0.00,0.00,0.0,BULLISH,157.0,4414.50,4414.89,4414.45,4414.72,34,CLEARED_>=20s,44.0,22.0,17.0,5.0,38.6,11.4,38.6,BLOCKED_38.6%,4414.65,7.0,NO,STANDBY_VEL_LOW,0,0.00,4590.00,78.36,FALSE,OPP_WICK_TOO_HIGH_0.39
2026-09-07 15:20:35.484,1788794435.485,5749,62,62,4414.72,4414.80,8.0,PASS_<=10c,+0.0,FLAT,+22.0,-5.0,4.2,+1.47,0.35,SLOW,4414.77,4415.00,4413.43,4414.48,0.00,0.00,0.0,BULLISH,157.0,4414.50,4414.89,4414.45,4414.72,35,CLEARED_>=20s,44.0,22.0,17.0,5.0,38.6,11.4,38.6,BLOCKED_38.6%,4414.65,7.0,NO,STANDBY_VEL_LOW,0,0.00,4590.00,78.36,FALSE,OPP_WICK_TOO_HIGH_0.39
2026-09-07 15:20:35.985,1788794435.985,5750,63,63,4414.72,4414.80,8.0,PASS_<=10c,+0.0,FLAT,+22.0,-5.0,4.2,+1.67,0.40,SLOW,4414.77,4415.00,4413.43,4414.48,0.00,0.00,0.0,BULLISH,157.0,4414.50,4414.89,4414.45,4414.72,35,CLEARED_>=20s,44.0,22.0,17.0,5.0,38.6,11.4,38.6,BLOCKED_38.6%,4414.65,7.0,NO,STANDBY_VEL_LOW,0,0.00,4590.00,78.36,FALSE,OPP_WICK_TOO_HIGH_0.39
2026-09-07 15:20:36.486,1788794436.487,5751,64,64,4414.72,4414.80,8.0,PASS_<=10c,+0.0,FLAT,+22.0,-5.0,4.2,+2.30,0.55,SLOW,4414.77,4415.00,4413.43,4414.48,0.00,0.00,0.0,BULLISH,157.0,4414.50,4414.89,4414.45,4414.72,36,CLEARED_>=20s,44.0,22.0,17.0,5.0,38.6,11.4,38.6,BLOCKED_38.6%,4414.65,7.0,NO,STANDBY_VEL_LOW,0,0.00,4590.00,78.36,FALSE,OPP_WICK_TOO_HIGH_0.39
2026-09-07 15:20:36.989,1788794436.989,5752,65,65,4414.72,4414.80,8.0,PASS_<=10c,+0.0,FLAT,+22.0,-5.0,4.2,+2.30,0.55,SLOW,4414.77,4415.00,4413.43,4414.48,0.00,0.00,0.0,BULLISH,157.0,4414.50,4414.89,4414.45,4414.72,36,CLEARED_>=20s,44.0,22.0,17.0,5.0,38.6,11.4,38.6,BLOCKED_38.6%,4414.65,7.0,NO,STANDBY_VEL_LOW,0,0.00,4590.00,78.36,FALSE,OPP_WICK_TOO_HIGH_0.39
2026-09-07 15:20:37.491,1788794437.492,5753,66,66,4414.67,4414.75,8.0,PASS_<=10c,-5.0,DOWN,+17.0,-10.0,4.2,+4.19,1.00,SLOW,4414.77,4415.00,4413.43,4414.48,0.00,0.00,0.0,BULLISH,157.0,4414.50,4414.89,4414.45,4414.67,37,CLEARED_>=20s,44.0,17.0,22.0,5.0,50.0,11.4,50.0,BLOCKED_50.0%,4414.65,2.0,NO,STANDBY_VEL_LOW,0,0.00,4590.00,78.36,FALSE,OPP_WICK_TOO_HIGH_0.50
2026-09-07 15:20:37.992,1788794437.992,5754,67,67,4414.62,4414.70,8.0,PASS_<=10c,-5.0,DOWN,+12.0,-15.0,4.2,+4.60,1.10,SLOW,4414.77,4415.00,4413.43,4414.48,0.00,0.00,0.0,BULLISH,157.0,4414.50,4414.89,4414.45,4414.62,37,CLEARED_>=20s,44.0,12.0,27.0,5.0,61.4,11.4,61.4,BLOCKED_61.4%,4414.65,3.0,NO,STANDBY_VEL_LOW,0,0.00,4590.00,78.36,FALSE,OPP_WICK_TOO_HIGH_0.61
2026-09-07 15:20:38.494,1788794438.494,5755,68,68,4414.60,4414.68,8.0,PASS_<=10c,-2.0,DOWN,+10.0,-17.0,4.2,+3.35,0.80,SLOW,4414.77,4415.00,4413.43,4414.48,0.00,0.00,0.0,BULLISH,157.0,4414.50,4414.89,4414.45,4414.60,38,CLEARED_>=20s,44.0,10.0,29.0,5.0,65.9,11.4,65.9,BLOCKED_65.9%,4414.65,5.0,NO,STANDBY_VEL_LOW,0,0.00,4590.00,78.36,FALSE,OPP_WICK_TOO_HIGH_0.66
2026-09-07 15:20:38.996,1788794438.997,5756,69,69,4414.58,4414.66,8.0,PASS_<=10c,-2.0,DOWN,+8.0,-19.0,4.2,+2.94,0.70,SLOW,4414.77,4415.00,4413.43,4414.48,0.00,0.00,0.0,BULLISH,157.0,4414.50,4414.89,4414.45,4414.58,38,CLEARED_>=20s,44.0,8.0,31.0,5.0,70.5,11.4,70.5,BLOCKED_70.5%,4414.65,7.0,NO,STANDBY_VEL_LOW,0,0.00,4590.00,78.36,FALSE,OPP_WICK_TOO_HIGH_0.70
2026-09-07 15:20:39.553,1788794439.554,5757,70,70,4414.62,4414.70,8.0,PASS_<=10c,+4.0,UP,+12.0,-15.0,4.2,+2.08,0.50,SLOW,4414.77,4415.00,4413.43,4414.48,0.00,0.00,0.0,BULLISH,157.0,4414.50,4414.89,4414.45,4414.62,39,CLEARED_>=20s,44.0,12.0,27.0,5.0,61.4,11.4,61.4,BLOCKED_61.4%,4414.65,3.0,NO,STANDBY_VEL_LOW,0,0.00,4590.00,78.36,FALSE,OPP_WICK_TOO_HIGH_0.61
2026-09-07 15:20:40.054,1788794440.054,5758,71,71,4414.63,4414.71,8.0,PASS_<=10c,+1.0,UP,+13.0,-14.0,4.1,+1.87,0.46,SLOW,4414.77,4415.00,4413.43,4414.48,0.00,0.00,0.0,BULLISH,157.0,4414.50,4414.89,4414.45,4414.63,40,CLEARED_>=20s,44.0,13.0,26.0,5.0,59.1,11.4,59.1,BLOCKED_59.1%,4414.65,2.0,NO,STANDBY_VEL_LOW,0,0.00,4590.00,78.36,FALSE,OPP_WICK_TOO_HIGH_0.59
2026-09-07 15:20:40.556,1788794440.556,5759,72,72,4414.59,4414.67,8.0,PASS_<=10c,-4.0,DOWN,+9.0,-18.0,4.1,+2.70,0.66,SLOW,4414.77,4415.00,4413.43,4414.48,0.00,0.00,0.0,BULLISH,157.0,4414.50,4414.89,4414.45,4414.59,40,CLEARED_>=20s,44.0,9.0,30.0,5.0,68.2,11.4,68.2,BLOCKED_68.2%,4414.65,6.0,NO,STANDBY_VEL_LOW,0,0.00,4590.00,78.36,FALSE,OPP_WICK_TOO_HIGH_0.68
2026-09-07 15:20:41.057,1788794441.057,5760,73,73,4414.54,4414.62,8.0,PASS_<=10c,-5.0,DOWN,+4.0,-23.0,4.1,+3.73,0.91,SLOW,4414.77,4415.00,4413.43,4414.48,0.00,0.00,0.0,BULLISH,157.0,4414.50,4414.89,4414.45,4414.54,41,CLEARED_>=20s,44.0,4.0,35.0,5.0,79.5,11.4,79.5,BLOCKED_79.5%,4414.65,11.0,NO,STANDBY_VEL_LOW,0,0.00,4590.00,78.36,FALSE,OPP_WICK_TOO_HIGH_0.80|PRICE_BELOW_15C_DISPLACEMENT
2026-09-07 15:20:41.558,1788794441.559,5761,74,74,4414.58,4414.66,8.0,PASS_<=10c,+4.0,UP,+8.0,-19.0,4.1,+2.90,0.71,SLOW,4414.77,4415.00,4413.43,4414.48,0.00,0.00,0.0,BULLISH,157.0,4414.50,4414.89,4414.45,4414.58,41,CLEARED_>=20s,44.0,8.0,31.0,5.0,70.5,11.4,70.5,BLOCKED_70.5%,4414.65,7.0,NO,STANDBY_VEL_LOW,0,0.00,4590.00,78.36,FALSE,OPP_WICK_TOO_HIGH_0.70
2026-09-07 15:20:42.060,1788794442.060,5762,75,75,4414.58,4414.66,8.0,PASS_<=10c,+0.0,FLAT,+8.0,-19.0,4.1,+1.66,0.40,SLOW,4414.77,4415.00,4413.43,4414.48,0.00,0.00,0.0,BULLISH,157.0,4414.50,4414.89,4414.45,4414.58,42,CLEARED_>=20s,44.0,8.0,31.0,5.0,70.5,11.4,70.5,BLOCKED_70.5%,4414.65,7.0,NO,STANDBY_VEL_LOW,0,0.00,4590.00,78.36,FALSE,OPP_WICK_TOO_HIGH_0.70
2026-09-07 15:20:42.560,1788794442.561,5763,76,76,4414.57,4414.65,8.0,PASS_<=10c,-1.0,DOWN,+7.0,-20.0,4.1,+0.83,0.20,SLOW,4414.77,4415.00,4413.43,4414.48,0.00,0.00,0.0,BULLISH,157.0,4414.50,4414.89,4414.45,4414.57,42,CLEARED_>=20s,44.0,7.0,32.0,5.0,72.7,11.4,72.7,BLOCKED_72.7%,4414.65,8.0,NO,STANDBY_VEL_LOW,0,0.00,4590.00,78.36,FALSE,OPP_WICK_TOO_HIGH_0.73
2026-09-07 15:20:43.062,1788794443.062,5764,77,77,4414.57,4414.65,8.0,PASS_<=10c,+0.0,FLAT,+7.0,-20.0,4.2,+1.04,0.25,SLOW,4414.77,4415.00,4413.43,4414.48,0.00,0.00,0.0,BULLISH,157.0,4414.50,4414.89,4414.45,4414.57,43,CLEARED_>=20s,44.0,7.0,32.0,5.0,72.7,11.4,72.7,BLOCKED_72.7%,4414.65,8.0,NO,STANDBY_VEL_LOW,0,0.00,4590.00,78.36,FALSE,OPP_WICK_TOO_HIGH_0.73
2026-09-07 15:20:43.564,1788794443.564,5765,78,78,4414.57,4414.65,8.0,PASS_<=10c,+0.0,FLAT,+7.0,-20.0,4.2,+0.62,0.15,SLOW,4414.77,4415.00,4413.43,4414.48,0.00,0.00,0.0,BULLISH,157.0,4414.50,4414.89,4414.45,4414.57,43,CLEARED_>=20s,44.0,7.0,32.0,5.0,72.7,11.4,72.7,BLOCKED_72.7%,4414.65,8.0,NO,STANDBY_VEL_LOW,0,0.00,4590.00,78.36,FALSE,OPP_WICK_TOO_HIGH_0.73
2026-09-07 15:20:44.065,1788794444.066,5766,79,79,4414.59,4414.67,8.0,PASS_<=10c,+2.0,UP,+9.0,-18.0,4.2,+0.21,0.05,SLOW,4414.77,4415.00,4413.43,4414.48,0.00,0.00,0.0,BULLISH,157.0,4414.50,4414.89,4414.45,4414.59,44,CLEARED_>=20s,44.0,9.0,30.0,5.0,68.2,11.4,68.2,BLOCKED_68.2%,4414.65,6.0,NO,STANDBY_VEL_LOW,0,0.00,4590.00,78.36,FALSE,OPP_WICK_TOO_HIGH_0.68
2026-09-07 15:20:44.566,1788794444.566,5767,80,80,4414.59,4414.67,8.0,PASS_<=10c,+0.0,FLAT,+9.0,-18.0,4.2,+1.05,0.25,SLOW,4414.77,4415.00,4413.43,4414.48,0.00,0.00,0.0,BULLISH,157.0,4414.50,4414.89,4414.45,4414.59,44,CLEARED_>=20s,44.0,9.0,30.0,5.0,68.2,11.4,68.2,BLOCKED_68.2%,4414.65,6.0,NO,STANDBY_VEL_LOW,0,0.00,4590.00,78.36,FALSE,OPP_WICK_TOO_HIGH_0.68
2026-09-07 15:20:45.067,1788794445.068,5768,81,81,4414.60,4414.68,8.0,PASS_<=10c,+1.0,UP,+10.0,-17.0,4.2,+0.00,0.00,SLOW,4414.77,4415.00,4413.43,4414.48,0.00,0.00,0.0,BULLISH,157.0,4414.50,4414.89,4414.45,4414.60,45,CLEARED_>=20s,44.0,10.0,29.0,5.0,65.9,11.4,65.9,BLOCKED_65.9%,4414.65,5.0,NO,STANDBY_VEL_LOW,0,0.00,4590.00,78.36,FALSE,OPP_WICK_TOO_HIGH_0.66
2026-09-07 15:20:45.569,1788794445.569,5769,82,82,4414.60,4414.68,8.0,PASS_<=10c,+0.0,FLAT,+10.0,-17.0,4.2,+1.05,0.25,SLOW,4414.77,4415.00,4413.43,4414.48,0.00,0.00,0.0,BULLISH,157.0,4414.50,4414.89,4414.45,4414.60,45,CLEARED_>=20s,44.0,10.0,29.0,5.0,65.9,11.4,65.9,BLOCKED_65.9%,4414.65,5.0,NO,STANDBY_VEL_LOW,0,0.00,4590.00,78.36,FALSE,OPP_WICK_TOO_HIGH_0.66
2026-09-07 15:20:46.071,1788794446.071,5770,83,83,4414.62,4414.70,8.0,PASS_<=10c,+2.0,UP,+12.0,-15.0,4.2,+0.84,0.20,SLOW,4414.77,4415.00,4413.43,4414.48,0.00,0.00,0.0,BULLISH,157.0,4414.50,4414.89,4414.45,4414.62,46,CLEARED_>=20s,44.0,12.0,27.0,5.0,61.4,11.4,61.4,BLOCKED_61.4%,4414.65,3.0,NO,STANDBY_VEL_LOW,0,0.00,4590.00,78.36,FALSE,OPP_WICK_TOO_HIGH_0.61
2026-09-07 15:20:46.572,1788794446.572,5771,84,84,4414.59,4414.67,8.0,PASS_<=10c,-3.0,DOWN,+9.0,-18.0,4.2,+0.21,0.05,SLOW,4414.77,4415.00,4413.43,4414.48,0.00,0.00,0.0,BULLISH,157.0,4414.50,4414.89,4414.45,4414.59,46,CLEARED_>=20s,44.0,9.0,30.0,5.0,68.2,11.4,68.2,BLOCKED_68.2%,4414.65,6.0,NO,STANDBY_VEL_LOW,0,0.00,4590.00,78.36,FALSE,OPP_WICK_TOO_HIGH_0.68
2026-09-07 15:20:47.074,1788794447.074,5772,85,85,4414.53,4414.61,8.0,PASS_<=10c,-6.0,DOWN,+3.0,-24.0,4.2,+1.05,0.25,SLOW,4414.77,4415.00,4413.43,4414.48,0.00,0.00,0.0,BULLISH,157.0,4414.50,4414.89,4414.45,4414.53,47,CLEARED_>=20s,44.0,3.0,36.0,5.0,81.8,11.4,81.8,BLOCKED_81.8%,4414.65,12.0,NO,STANDBY_VEL_LOW,0,0.00,4590.00,78.36,FALSE,OPP_WICK_TOO_HIGH_0.82|PRICE_BELOW_15C_DISPLACEMENT
2026-09-07 15:20:47.575,1788794447.576,5773,86,86,4414.53,4414.61,8.0,PASS_<=10c,+0.0,FLAT,+3.0,-24.0,4.2,+1.05,0.25,SLOW,4414.77,4415.00,4413.43,4414.48,0.00,0.00,0.0,BULLISH,157.0,4414.50,4414.89,4414.45,4414.53,47,CLEARED_>=20s,44.0,3.0,36.0,5.0,81.8,11.4,81.8,BLOCKED_81.8%,4414.65,12.0,NO,STANDBY_VEL_LOW,0,0.00,4590.00,78.36,FALSE,OPP_WICK_TOO_HIGH_0.82|PRICE_BELOW_15C_DISPLACEMENT
2026-09-07 15:20:48.076,1788794448.077,5774,87,87,4414.33,4414.41,8.0,PASS_<=10c,-20.0,DOWN,-17.0,-44.0,4.2,+5.04,1.20,SLOW,4414.77,4415.00,4413.43,4414.48,0.00,0.00,0.0,BULLISH,157.0,4414.50,4414.89,4414.33,4414.33,48,CLEARED_>=20s,56.0,17.0,39.0,0.0,69.6,0.0,69.6,BLOCKED_69.6%,0.00,0.0,NO,STANDBY_VEL_LOW,0,0.00,4590.00,78.36,FALSE,M1_DIRECTION_MISMATCH
2026-09-07 15:20:48.579,1788794448.580,5775,88,88,4414.24,4414.32,8.0,PASS_<=10c,-9.0,DOWN,-26.0,-53.0,4.2,+7.35,1.75,SLOW,4414.77,4415.00,4413.43,4414.48,0.00,0.00,0.0,BULLISH,157.0,4414.50,4414.89,4414.24,4414.24,48,CLEARED_>=20s,65.0,26.0,39.0,0.0,60.0,0.0,60.0,BLOCKED_60.0%,0.00,0.0,NO,STANDBY_VEL_LOW,0,0.00,4590.00,78.36,FALSE,M1_DIRECTION_MISMATCH
2026-09-07 15:20:49.081,1788794449.081,5776,89,89,4414.23,4414.31,8.0,PASS_<=10c,-1.0,DOWN,-27.0,-54.0,4.2,+7.55,1.80,SLOW,4414.77,4415.00,4413.43,4414.48,0.00,0.00,0.0,BULLISH,157.0,4414.50,4414.89,4414.23,4414.23,49,CLEARED_>=20s,66.0,27.0,39.0,0.0,59.1,0.0,59.1,BLOCKED_59.1%,0.00,0.0,NO,STANDBY_VEL_LOW,0,0.00,4590.00,78.36,FALSE,M1_DIRECTION_MISMATCH
2026-09-07 15:20:49.582,1788794449.583,5777,90,90,4414.23,4414.31,8.0,PASS_<=10c,+0.0,FLAT,-27.0,-54.0,4.2,+7.55,1.80,SLOW,4414.77,4415.00,4413.43,4414.48,0.00,0.00,0.0,BULLISH,157.0,4414.50,4414.89,4414.23,4414.23,49,CLEARED_>=20s,66.0,27.0,39.0,0.0,59.1,0.0,59.1,BLOCKED_59.1%,0.00,0.0,NO,STANDBY_VEL_LOW,0,0.00,4590.00,78.36,FALSE,M1_DIRECTION_MISMATCH
2026-09-07 15:20:50.084,1788794450.085,5778,91,91,4414.25,4414.33,8.0,PASS_<=10c,+2.0,UP,-25.0,-52.0,4.2,+7.34,1.75,SLOW,4414.77,4415.00,4413.43,4414.48,0.00,0.00,0.0,BULLISH,157.0,4414.50,4414.89,4414.19,4414.25,50,CLEARED_>=20s,70.0,25.0,39.0,6.0,55.7,8.6,55.7,BLOCKED_55.7%,0.00,0.0,NO,STANDBY_VEL_LOW,0,0.00,4590.00,78.36,FALSE,M1_DIRECTION_MISMATCH
2026-09-07 15:20:50.586,1788794450.586,5779,92,92,4414.31,4414.39,8.0,PASS_<=10c,+6.0,UP,-19.0,-46.0,4.2,+6.09,1.45,SLOW,4414.77,4415.00,4413.43,4414.48,0.00,0.00,0.0,BULLISH,157.0,4414.50,4414.89,4414.19,4414.31,50,CLEARED_>=20s,70.0,19.0,39.0,12.0,55.7,17.1,55.7,BLOCKED_55.7%,0.00,0.0,NO,STANDBY_VEL_LOW,0,0.00,4590.00,78.36,FALSE,M1_DIRECTION_MISMATCH
2026-09-07 15:20:51.089,1788794451.090,5780,93,93,4414.32,4414.40,8.0,PASS_<=10c,+1.0,UP,-18.0,-45.0,4.2,+6.29,1.50,SLOW,4414.77,4415.00,4413.43,4414.48,0.00,0.00,0.0,BULLISH,157.0,4414.50,4414.89,4414.19,4414.32,51,CLEARED_>=20s,70.0,18.0,39.0,13.0,55.7,18.6,55.7,BLOCKED_55.7%,0.00,0.0,NO,STANDBY_VEL_LOW,0,0.00,4590.00,78.36,FALSE,M1_DIRECTION_MISMATCH
2026-09-07 15:20:51.590,1788794451.591,5781,94,94,4414.32,4414.40,8.0,PASS_<=10c,+0.0,FLAT,-18.0,-45.0,4.2,+5.66,1.35,SLOW,4414.77,4415.00,4413.43,4414.48,0.00,0.00,0.0,BULLISH,157.0,4414.50,4414.89,4414.19,4414.32,51,CLEARED_>=20s,70.0,18.0,39.0,13.0,55.7,18.6,55.7,BLOCKED_55.7%,0.00,0.0,NO,STANDBY_VEL_LOW,0,0.00,4590.00,78.36,FALSE,M1_DIRECTION_MISMATCH
2026-09-07 15:20:52.092,1788794452.093,5782,95,95,4414.34,4414.42,8.0,PASS_<=10c,+2.0,UP,-16.0,-43.0,4.2,+3.98,0.95,SLOW,4414.77,4415.00,4413.43,4414.48,0.00,0.00,0.0,BULLISH,157.0,4414.50,4414.89,4414.19,4414.34,52,CLEARED_>=20s,70.0,16.0,39.0,15.0,55.7,21.4,55.7,BLOCKED_55.7%,0.00,0.0,NO,STANDBY_VEL_LOW,0,0.00,4590.00,78.36,FALSE,M1_DIRECTION_MISMATCH
2026-09-07 15:20:52.593,1788794452.594,5783,96,96,4414.33,4414.41,8.0,PASS_<=10c,-1.0,DOWN,-17.0,-44.0,4.2,+0.00,0.00,SLOW,4414.77,4415.00,4413.43,4414.48,0.00,0.00,0.0,BULLISH,157.0,4414.50,4414.89,4414.19,4414.33,52,CLEARED_>=20s,70.0,17.0,39.0,14.0,55.7,20.0,55.7,BLOCKED_55.7%,0.00,0.0,NO,STANDBY_VEL_LOW,0,0.00,4590.00,78.36,FALSE,M1_DIRECTION_MISMATCH
2026-09-07 15:20:53.095,1788794453.096,5784,97,97,4414.22,4414.30,8.0,PASS_<=10c,-11.0,DOWN,-28.0,-55.0,4.2,+1.68,0.40,SLOW,4414.77,4415.00,4413.43,4414.48,0.00,0.00,0.0,BULLISH,157.0,4414.50,4414.89,4414.19,4414.22,53,CLEARED_>=20s,70.0,28.0,39.0,3.0,55.7,4.3,55.7,BLOCKED_55.7%,0.00,0.0,NO,STANDBY_VEL_LOW,0,0.00,4590.00,78.36,FALSE,M1_DIRECTION_MISMATCH
2026-09-07 15:20:53.597,1788794453.598,5785,98,98,4413.72,4413.80,8.0,PASS_<=10c,-50.0,DOWN,-78.0,-105.0,4.2,+10.91,2.60,SLOW,4414.77,4415.00,4413.43,4414.48,0.00,0.00,0.0,BULLISH,157.0,4414.50,4414.89,4413.72,4413.72,53,CLEARED_>=20s,117.0,78.0,39.0,0.0,33.3,0.0,33.3,BLOCKED_33.3%,0.00,0.0,NO,STANDBY_VEL_LOW,0,0.00,4590.00,78.36,FALSE,M1_DIRECTION_MISMATCH
2026-09-07 15:20:54.100,1788794454.101,5786,99,99,4413.60,4413.68,8.0,PASS_<=10c,-12.0,DOWN,-90.0,-117.0,4.2,+13.42,3.20,SLOW,4414.77,4415.00,4413.43,4414.48,0.00,0.00,0.0,BULLISH,157.0,4414.50,4414.89,4413.60,4413.60,54,CLEARED_>=20s,129.0,90.0,39.0,0.0,30.2,0.0,30.2,BLOCKED_30.2%,0.00,0.0,NO,STANDBY_VEL_LOW,0,0.00,4590.00,78.36,FALSE,M1_DIRECTION_MISMATCH
2026-09-07 15:20:54.601,1788794454.602,5787,100,100,4413.55,4413.63,8.0,PASS_<=10c,-5.0,DOWN,-95.0,-122.0,4.2,+13.42,3.20,SLOW,4414.77,4415.00,4413.43,4414.48,0.00,0.00,0.0,BULLISH,157.0,4414.50,4414.89,4413.55,4413.55,54,CLEARED_>=20s,134.0,95.0,39.0,0.0,29.1,0.0,29.1,BLOCKED_29.1%,0.00,0.0,NO,STANDBY_VEL_LOW,0,0.00,4590.00,78.36,FALSE,M1_DIRECTION_MISMATCH
2026-09-07 15:20:55.102,1788794455.103,5788,101,101,4413.55,4413.63,8.0,PASS_<=10c,+0.0,FLAT,-95.0,-122.0,4.2,+14.68,3.50,SLOW,4414.77,4415.00,4413.43,4414.48,0.00,0.00,0.0,BULLISH,157.0,4414.50,4414.89,4413.55,4413.55,55,CLEARED_>=20s,134.0,95.0,39.0,0.0,29.1,0.0,29.1,BLOCKED_29.1%,0.00,0.0,NO,STANDBY_VEL_LOW,0,0.00,4590.00,78.36,FALSE,M1_DIRECTION_MISMATCH
2026-09-07 15:20:55.605,1788794455.606,5789,102,102,4413.50,4413.58,8.0,PASS_<=10c,-5.0,DOWN,-100.0,-127.0,4.2,+17.20,4.10,SLOW,4414.77,4415.00,4413.43,4414.48,0.00,0.00,0.0,BULLISH,157.0,4414.50,4414.89,4413.50,4413.50,55,CLEARED_>=20s,139.0,100.0,39.0,0.0,28.1,0.0,28.1,BLOCKED_28.1%,0.00,0.0,NO,STANDBY_VEL_LOW,0,0.00,4590.00,78.36,FALSE,M1_DIRECTION_MISMATCH
2026-09-07 15:20:56.105,1788794456.106,5790,103,103,4413.50,4413.58,8.0,PASS_<=10c,+0.0,FLAT,-100.0,-127.0,4.2,+17.41,4.15,SLOW,4414.77,4415.00,4413.43,4414.48,0.00,0.00,0.0,BULLISH,157.0,4414.50,4414.89,4413.50,4413.50,56,CLEARED_>=20s,139.0,100.0,39.0,0.0,28.1,0.0,28.1,BLOCKED_28.1%,0.00,0.0,NO,STANDBY_VEL_LOW,0,0.00,4590.00,78.36,FALSE,M1_DIRECTION_MISMATCH
2026-09-07 15:20:56.607,1788794456.608,5791,104,104,4413.60,4413.68,8.0,PASS_<=10c,+10.0,UP,-90.0,-117.0,4.2,+15.11,3.60,SLOW,4414.77,4415.00,4413.43,4414.48,0.00,0.00,0.0,BULLISH,157.0,4414.50,4414.89,4413.50,4413.60,56,CLEARED_>=20s,139.0,90.0,39.0,10.0,28.1,7.2,28.1,BLOCKED_28.1%,0.00,0.0,NO,STANDBY_VEL_LOW,0,0.00,4590.00,78.36,FALSE,M1_DIRECTION_MISMATCH
2026-09-07 15:20:57.109,1788794457.109,5792,105,105,4413.69,4413.77,8.0,PASS_<=10c,+9.0,UP,-81.0,-108.0,4.2,+13.64,3.25,SLOW,4414.77,4415.00,4413.43,4414.48,0.00,0.00,0.0,BULLISH,157.0,4414.50,4414.89,4413.50,4413.69,57,CLEARED_>=20s,139.0,81.0,39.0,19.0,28.1,13.7,28.1,BLOCKED_28.1%,0.00,0.0,NO,STANDBY_VEL_LOW,0,0.00,4590.00,78.36,FALSE,M1_DIRECTION_MISMATCH
2026-09-07 15:20:57.611,1788794457.612,5793,106,106,4413.76,4413.84,8.0,PASS_<=10c,+7.0,UP,-74.0,-101.0,4.2,+10.07,2.40,SLOW,4414.77,4415.00,4413.43,4414.48,0.00,0.00,0.0,BULLISH,157.0,4414.50,4414.89,4413.50,4413.76,57,CLEARED_>=20s,139.0,74.0,39.0,26.0,28.1,18.7,28.1,BLOCKED_28.1%,0.00,0.0,NO,STANDBY_VEL_LOW,0,0.00,4590.00,78.36,FALSE,M1_DIRECTION_MISMATCH
2026-09-07 15:20:58.113,1788794458.114,5794,107,107,4414.09,4414.17,8.0,PASS_<=10c,+33.0,UP,-41.0,-68.0,4.2,+1.89,0.45,SLOW,4414.77,4415.00,4413.43,4414.48,0.00,0.00,0.0,BULLISH,157.0,4414.50,4414.89,4413.50,4414.09,58,CLEARED_>=20s,139.0,41.0,39.0,59.0,28.1,42.4,28.1,BLOCKED_28.1%,0.00,0.0,NO,STANDBY_VEL_LOW,0,0.00,4590.00,78.36,FALSE,M1_DIRECTION_MISMATCH
2026-09-07 15:20:58.614,1788794458.614,5795,108,108,4414.12,4414.20,8.0,PASS_<=10c,+3.0,UP,-38.0,-65.0,4.2,+9.86,2.35,SLOW,4414.77,4415.00,4413.43,4414.48,0.00,0.00,0.0,BULLISH,157.0,4414.50,4414.89,4413.50,4414.12,58,CLEARED_>=20s,139.0,38.0,39.0,62.0,28.1,44.6,28.1,BLOCKED_28.1%,0.00,0.0,NO,STANDBY_VEL_LOW,0,0.00,4590.00,78.36,FALSE,M1_DIRECTION_MISMATCH
2026-09-07 15:20:59.116,1788794459.116,5796,109,109,4414.18,4414.26,8.0,PASS_<=10c,+6.0,UP,-32.0,-59.0,4.2,+12.59,3.00,SLOW,4414.77,4415.00,4413.43,4414.48,0.00,0.00,0.0,BULLISH,157.0,4414.50,4414.89,4413.50,4414.18,59,CLEARED_>=20s,139.0,32.0,39.0,68.0,28.1,48.9,28.1,BLOCKED_28.1%,0.00,0.0,NO,STANDBY_VEL_LOW,0,0.00,4590.00,78.36,FALSE,M1_DIRECTION_MISMATCH
2026-09-07 15:20:59.617,1788794459.618,5797,110,110,4414.21,4414.29,8.0,PASS_<=10c,+3.0,UP,-29.0,-56.0,4.2,+13.85,3.30,SLOW,4414.77,4415.00,4413.43,4414.48,0.00,0.00,0.0,BULLISH,157.0,4414.50,4414.89,4413.50,4414.21,59,CLEARED_>=20s,139.0,29.0,39.0,71.0,28.1,51.1,28.1,BLOCKED_28.1%,0.00,0.0,NO,STANDBY_VEL_LOW,0,0.00,4590.00,78.36,FALSE,M1_DIRECTION_MISMATCH
2026-09-07 15:21:00.120,1788794460.120,5798,1,111,4414.19,4414.27,8.0,PASS_<=10c,-2.0,DOWN,+0.0,-58.0,4.2,+14.06,3.35,SLOW,4414.77,4415.00,4413.43,4414.48,0.00,0.00,0.0,BULLISH,157.0,4414.19,4414.19,4414.19,4414.19,0,ACTIVE_0s,1.0,0.0,0.0,0.0,0.0,0.0,0.0,PASS_<20%,0.00,0.0,NO,STANDBY_VEL_LOW,0,0.00,4590.00,78.36,FALSE,M1_DIRECTION_MISMATCH|OPENING_SHIELD_ACTIVE_0s
2026-09-07 15:21:00.620,1788794460.621,5799,2,112,4414.34,4414.42,8.0,PASS_<=10c,+15.0,UP,+15.0,-43.0,4.2,+17.63,4.20,SLOW,4414.77,4415.00,4413.43,4414.48,0.00,0.00,0.0,BULLISH,157.0,4414.19,4414.34,4414.19,4414.34,0,ACTIVE_0s,15.0,15.0,0.0,0.0,0.0,0.0,0.0,PASS_<20%,4414.34,0.0,NO,STANDBY_VEL_LOW,0,0.00,4590.00,78.36,FALSE,OPENING_SHIELD_ACTIVE_0s
2026-09-07 15:21:01.121,1788794461.122,5800,3,113,4414.38,4414.46,8.0,PASS_<=10c,+4.0,UP,+19.0,-39.0,4.2,+17.84,4.25,SLOW,4414.77,4415.00,4413.43,4414.48,0.00,0.00,0.0,BULLISH,157.0,4414.19,4414.38,4414.19,4414.38,1,ACTIVE_1s,19.0,19.0,0.0,0.0,0.0,0.0,0.0,PASS_<20%,4414.34,4.0,NO,STANDBY_VEL_LOW,0,0.00,4590.00,78.36,FALSE,OPENING_SHIELD_ACTIVE_1s
2026-09-07 15:21:01.624,1788794461.624,5801,4,114,4414.50,4414.58,8.0,PASS_<=10c,+12.0,UP,+31.0,-27.0,4.2,+17.84,4.25,SLOW,4414.77,4415.00,4413.43,4414.48,0.00,0.00,0.0,BULLISH,157.0,4414.19,4414.50,4414.19,4414.50,1,ACTIVE_1s,31.0,31.0,0.0,0.0,0.0,0.0,0.0,PASS_<20%,4414.34,16.0,NO,STANDBY_VEL_LOW,0,0.00,4590.00,78.36,FALSE,OPENING_SHIELD_ACTIVE_1s
2026-09-07 15:21:02.127,1788794462.127,5802,5,115,4414.62,4414.70,8.0,PASS_<=10c,+12.0,UP,+43.0,-15.0,4.2,+18.26,4.35,SLOW,4414.77,4415.00,4413.43,4414.48,0.00,0.00,0.0,BULLISH,157.0,4414.19,4414.62,4414.19,4414.62,2,ACTIVE_2s,43.0,43.0,0.0,0.0,0.0,0.0,0.0,PASS_<20%,4414.34,28.0,NO,STANDBY_VEL_LOW,0,0.00,4590.00,78.36,FALSE,OPENING_SHIELD_ACTIVE_2s
2026-09-07 15:21:02.628,1788794462.629,5803,6,116,4414.42,4414.50,8.0,PASS_<=10c,-20.0,DOWN,+23.0,-35.0,4.2,+9.44,2.25,SLOW,4414.77,4415.00,4413.43,4414.48,0.00,0.00,0.0,BULLISH,157.0,4414.19,4414.66,4414.19,4414.42,2,ACTIVE_2s,47.0,23.0,24.0,0.0,51.1,0.0,51.1,BLOCKED_51.1%,4414.34,8.0,NO,STANDBY_VEL_LOW,0,0.00,4590.00,78.36,FALSE,OPP_WICK_TOO_HIGH_0.51|OPENING_SHIELD_ACTIVE_2s
2026-09-07 15:21:03.130,1788794463.130,5804,7,117,4414.49,4414.57,8.0,PASS_<=10c,+7.0,UP,+30.0,-28.0,4.2,+7.55,1.80,SLOW,4414.77,4415.00,4413.43,4414.48,0.00,0.00,0.0,BULLISH,157.0,4414.19,4414.66,4414.19,4414.49,3,ACTIVE_3s,47.0,30.0,17.0,0.0,36.2,0.0,36.2,BLOCKED_36.2%,4414.34,15.0,NO,STANDBY_VEL_LOW,0,0.00,4590.00,78.36,FALSE,OPP_WICK_TOO_HIGH_0.36|OPENING_SHIELD_ACTIVE_3s
2026-09-07 15:21:03.632,1788794463.633,5805,8,118,4414.50,4414.58,8.0,PASS_<=10c,+1.0,UP,+31.0,-27.0,4.2,+7.97,1.90,SLOW,4414.77,4415.00,4413.43,4414.48,0.00,0.00,0.0,BULLISH,157.0,4414.19,4414.66,4414.19,4414.50,3,ACTIVE_3s,47.0,31.0,16.0,0.0,34.0,0.0,34.0,BLOCKED_34.0%,4414.34,16.0,NO,STANDBY_VEL_LOW,0,0.00,4590.00,78.36,FALSE,OPP_WICK_TOO_HIGH_0.34|OPENING_SHIELD_ACTIVE_3s
2026-09-07 15:21:04.134,1788794464.135,5806,9,119,4414.43,4414.51,8.0,PASS_<=10c,-7.0,DOWN,+24.0,-34.0,4.2,+5.24,1.25,SLOW,4414.77,4415.00,4413.43,4414.48,0.00,0.00,0.0,BULLISH,157.0,4414.19,4414.66,4414.19,4414.43,4,ACTIVE_4s,47.0,24.0,23.0,0.0,48.9,0.0,48.9,BLOCKED_48.9%,4414.34,9.0,NO,STANDBY_VEL_LOW,0,0.00,4590.00,78.36,FALSE,OPP_WICK_TOO_HIGH_0.49|OPENING_SHIELD_ACTIVE_4s
2026-09-07 15:21:04.637,1788794464.638,5807,10,120,4414.35,4414.43,8.0,PASS_<=10c,-8.0,DOWN,+16.0,-42.0,4.2,+2.94,0.70,SLOW,4414.77,4415.00,4413.43,4414.48,0.00,0.00,0.0,BULLISH,157.0,4414.19,4414.66,4414.19,4414.35,4,ACTIVE_4s,47.0,16.0,31.0,0.0,66.0,0.0,66.0,BLOCKED_66.0%,4414.34,1.0,NO,STANDBY_VEL_LOW,0,0.00,4590.00,78.36,FALSE,OPP_WICK_TOO_HIGH_0.66|OPENING_SHIELD_ACTIVE_4s
2026-09-07 15:21:05.138,1788794465.138,5808,11,121,4414.38,4414.46,8.0,PASS_<=10c,+3.0,UP,+19.0,-39.0,4.2,+1.68,0.40,SLOW,4414.77,4415.00,4413.43,4414.48,0.00,0.00,0.0,BULLISH,157.0,4414.19,4414.66,4414.19,4414.38,5,ACTIVE_5s,47.0,19.0,28.0,0.0,59.6,0.0,59.6,BLOCKED_59.6%,4414.34,4.0,NO,STANDBY_VEL_LOW,0,0.00,4590.00,78.36,FALSE,OPP_WICK_TOO_HIGH_0.60|OPENING_SHIELD_ACTIVE_5s
2026-09-07 15:21:05.640,1788794465.641,5809,12,122,4414.39,4414.47,8.0,PASS_<=10c,+1.0,UP,+20.0,-38.0,4.2,+1.05,0.25,SLOW,4414.77,4415.00,4413.43,4414.48,0.00,0.00,0.0,BULLISH,157.0,4414.19,4414.66,4414.19,4414.39,5,ACTIVE_5s,47.0,20.0,27.0,0.0,57.4,0.0,57.4,BLOCKED_57.4%,4414.34,5.0,NO,STANDBY_VEL_LOW,0,0.00,4590.00,78.36,FALSE,OPP_WICK_TOO_HIGH_0.57|OPENING_SHIELD_ACTIVE_5s
2026-09-07 15:21:06.142,1788794466.143,5810,13,123,4414.39,4414.47,8.0,PASS_<=10c,+0.0,FLAT,+20.0,-38.0,4.2,+0.00,0.00,SLOW,4414.77,4415.00,4413.43,4414.48,0.00,0.00,0.0,BULLISH,157.0,4414.19,4414.66,4414.19,4414.39,6,ACTIVE_6s,47.0,20.0,27.0,0.0,57.4,0.0,57.4,BLOCKED_57.4%,4414.34,5.0,NO,STANDBY_VEL_LOW,0,0.00,4590.00,78.36,FALSE,OPP_WICK_TOO_HIGH_0.57|OPENING_SHIELD_ACTIVE_6s
2026-09-07 15:21:06.643,1788794466.644,5811,14,124,4414.08,4414.16,8.0,PASS_<=10c,-31.0,DOWN,-11.0,-69.0,4.2,+10.49,2.50,SLOW,4414.77,4415.00,4413.43,4414.48,0.00,0.00,0.0,BULLISH,157.0,4414.19,4414.66,4414.08,4414.08,6,ACTIVE_6s,58.0,11.0,47.0,0.0,81.0,0.0,81.0,BLOCKED_81.0%,0.00,0.0,NO,STANDBY_VEL_LOW,0,0.00,4590.00,78.36,FALSE,M1_DIRECTION_MISMATCH|OPENING_SHIELD_ACTIVE_6s
2026-09-07 15:21:07.145,1788794467.146,5812,15,125,4414.06,4414.14,8.0,PASS_<=10c,-2.0,DOWN,-13.0,-71.0,4.2,+12.58,3.00,SLOW,4414.77,4415.00,4413.43,4414.48,0.00,0.00,0.0,BULLISH,157.0,4414.19,4414.66,4414.06,4414.06,7,ACTIVE_7s,60.0,13.0,47.0,0.0,78.3,0.0,78.3,BLOCKED_78.3%,0.00,0.0,NO,STANDBY_VEL_LOW,0,0.00,4590.00,78.36,FALSE,M1_DIRECTION_MISMATCH|OPENING_SHIELD_ACTIVE_7s
2026-09-07 15:21:07.647,1788794467.648,5813,16,126,4414.04,4414.12,8.0,PASS_<=10c,-2.0,DOWN,-15.0,-73.0,4.2,+8.18,1.95,SLOW,4414.77,4415.00,4413.43,4414.48,0.00,0.00,0.0,BULLISH,157.0,4414.19,4414.66,4414.04,4414.04,7,ACTIVE_7s,62.0,15.0,47.0,0.0,75.8,0.0,75.8,BLOCKED_75.8%,0.00,0.0,NO,STANDBY_VEL_LOW,0,0.00,4590.00,78.36,FALSE,M1_DIRECTION_MISMATCH|OPENING_SHIELD_ACTIVE_7s
2026-09-07 15:21:08.149,1788794468.149,5814,17,127,4414.07,4414.15,8.0,PASS_<=10c,+3.0,UP,-12.0,-70.0,4.2,+8.39,2.00,SLOW,4414.77,4415.00,4413.43,4414.48,0.00,0.00,0.0,BULLISH,157.0,4414.19,4414.66,4414.04,4414.07,8,ACTIVE_8s,62.0,12.0,47.0,3.0,75.8,4.8,75.8,BLOCKED_75.8%,0.00,0.0,NO,STANDBY_VEL_LOW,0,0.00,4590.00,78.36,FALSE,M1_DIRECTION_MISMATCH|OPENING_SHIELD_ACTIVE_8s
2026-09-07 15:21:08.650,1788794468.650,5815,18,128,4414.07,4414.15,8.0,PASS_<=10c,+0.0,FLAT,-12.0,-70.0,4.2,+9.02,2.15,SLOW,4414.77,4415.00,4413.43,4414.48,0.00,0.00,0.0,BULLISH,157.0,4414.19,4414.66,4414.04,4414.07,8,ACTIVE_8s,62.0,12.0,47.0,3.0,75.8,4.8,75.8,BLOCKED_75.8%,0.00,0.0,NO,STANDBY_VEL_LOW,0,0.00,4590.00,78.36,FALSE,M1_DIRECTION_MISMATCH|OPENING_SHIELD_ACTIVE_8s
2026-09-07 15:21:09.152,1788794469.153,5816,19,129,4414.07,4414.15,8.0,PASS_<=10c,+0.0,FLAT,-12.0,-70.0,4.2,+5.45,1.30,SLOW,4414.77,4415.00,4413.43,4414.48,0.00,0.00,0.0,BULLISH,157.0,4414.19,4414.66,4414.04,4414.07,9,ACTIVE_9s,62.0,12.0,47.0,3.0,75.8,4.8,75.8,BLOCKED_75.8%,0.00,0.0,NO,STANDBY_VEL_LOW,0,0.00,4590.00,78.36,FALSE,M1_DIRECTION_MISMATCH|OPENING_SHIELD_ACTIVE_9s
2026-09-07 15:21:09.655,1788794469.655,5817,20,130,4414.02,4414.10,8.0,PASS_<=10c,-5.0,DOWN,-17.0,-75.0,4.2,+6.92,1.65,SLOW,4414.77,4415.00,4413.43,4414.48,0.00,0.00,0.0,BULLISH,157.0,4414.19,4414.66,4414.02,4414.02,9,ACTIVE_9s,64.0,17.0,47.0,0.0,73.4,0.0,73.4,BLOCKED_73.4%,0.00,0.0,NO,STANDBY_VEL_LOW,0,0.00,4590.00,78.36,FALSE,M1_DIRECTION_MISMATCH|OPENING_SHIELD_ACTIVE_9s
2026-09-07 15:21:10.155,1788794470.155,5818,21,131,4413.88,4413.96,8.0,PASS_<=10c,-14.0,DOWN,-31.0,-89.0,4.2,+10.49,2.50,SLOW,4414.77,4415.00,4413.43,4414.48,0.00,0.00,0.0,BULLISH,157.0,4414.19,4414.66,4413.88,4413.88,10,ACTIVE_10s,78.0,31.0,47.0,0.0,60.3,0.0,60.3,BLOCKED_60.3%,0.00,0.0,NO,STANDBY_VEL_LOW,0,0.00,4590.00,78.36,FALSE,M1_DIRECTION_MISMATCH|OPENING_SHIELD_ACTIVE_10s
2026-09-07 15:21:10.656,1788794470.656,5819,22,132,4413.88,4413.96,8.0,PASS_<=10c,+0.0,FLAT,-31.0,-89.0,4.2,+10.70,2.55,SLOW,4414.77,4415.00,4413.43,4414.48,0.00,0.00,0.0,BULLISH,157.0,4414.19,4414.66,4413.88,4413.88,10,ACTIVE_10s,78.0,31.0,47.0,0.0,60.3,0.0,60.3,BLOCKED_60.3%,0.00,0.0,NO,STANDBY_VEL_LOW,0,0.00,4590.00,78.36,FALSE,M1_DIRECTION_MISMATCH|OPENING_SHIELD_ACTIVE_10s
2026-09-07 15:21:11.157,1788794471.157,5820,23,133,4413.82,4413.90,8.0,PASS_<=10c,-6.0,DOWN,-37.0,-95.0,4.2,+11.97,2.85,SLOW,4414.77,4415.00,4413.43,4414.48,0.00,0.00,0.0,BULLISH,157.0,4414.19,4414.66,4413.82,4413.82,11,ACTIVE_11s,84.0,37.0,47.0,0.0,56.0,0.0,56.0,BLOCKED_56.0%,0.00,0.0,NO,STANDBY_VEL_LOW,0,0.00,4590.00,78.36,FALSE,M1_DIRECTION_MISMATCH|OPENING_SHIELD_ACTIVE_11s
2026-09-07 15:21:11.660,1788794471.660,5821,24,134,4413.83,4413.91,8.0,PASS_<=10c,+1.0,UP,-36.0,-94.0,4.2,+5.46,1.30,SLOW,4414.77,4415.00,4413.43,4414.48,0.00,0.00,0.0,BULLISH,157.0,4414.19,4414.66,4413.82,4413.83,11,ACTIVE_11s,84.0,36.0,47.0,1.0,56.0,1.2,56.0,BLOCKED_56.0%,0.00,0.0,NO,STANDBY_VEL_LOW,0,0.00,4590.00,78.36,FALSE,M1_DIRECTION_MISMATCH|OPENING_SHIELD_ACTIVE_11s
2026-09-07 15:21:12.160,1788794472.161,5822,25,135,4413.85,4413.93,8.0,PASS_<=10c,+2.0,UP,-34.0,-92.0,4.2,+4.41,1.05,SLOW,4414.77,4415.00,4413.43,4414.48,0.00,0.00,0.0,BULLISH,157.0,4414.19,4414.66,4413.82,4413.85,12,ACTIVE_12s,84.0,34.0,47.0,3.0,56.0,3.6,56.0,BLOCKED_56.0%,0.00,0.0,NO,STANDBY_VEL_LOW,0,0.00,4590.00,78.36,FALSE,M1_DIRECTION_MISMATCH|OPENING_SHIELD_ACTIVE_12s
2026-09-07 15:21:12.664,1788794472.665,5823,26,136,4413.85,4413.93,8.0,PASS_<=10c,+0.0,FLAT,-34.0,-92.0,4.2,+4.20,1.00,SLOW,4414.77,4415.00,4413.43,4414.48,0.00,0.00,0.0,BULLISH,157.0,4414.19,4414.66,4413.82,4413.85,12,ACTIVE_12s,84.0,34.0,47.0,3.0,56.0,3.6,56.0,BLOCKED_56.0%,0.00,0.0,NO,STANDBY_VEL_LOW,0,0.00,4590.00,78.36,FALSE,M1_DIRECTION_MISMATCH|OPENING_SHIELD_ACTIVE_12s
2026-09-07 15:21:13.165,1788794473.166,5824,27,137,4413.89,4413.97,8.0,PASS_<=10c,+4.0,UP,-30.0,-88.0,4.2,+3.78,0.90,SLOW,4414.77,4415.00,4413.43,4414.48,0.00,0.00,0.0,BULLISH,157.0,4414.19,4414.66,4413.82,4413.89,13,ACTIVE_13s,84.0,30.0,47.0,7.0,56.0,8.3,56.0,BLOCKED_56.0%,0.00,0.0,NO,STANDBY_VEL_LOW,0,0.00,4590.00,78.36,FALSE,M1_DIRECTION_MISMATCH|OPENING_SHIELD_ACTIVE_13s
2026-09-07 15:21:13.666,1788794473.667,5825,28,138,4413.91,4413.99,8.0,PASS_<=10c,+2.0,UP,-28.0,-86.0,4.2,+3.36,0.80,SLOW,4414.77,4415.00,4413.43,4414.48,0.00,0.00,0.0,BULLISH,157.0,4414.19,4414.66,4413.82,4413.91,13,ACTIVE_13s,84.0,28.0,47.0,9.0,56.0,10.7,56.0,BLOCKED_56.0%,0.00,0.0,NO,STANDBY_VEL_LOW,0,0.00,4590.00,78.36,FALSE,M1_DIRECTION_MISMATCH|OPENING_SHIELD_ACTIVE_13s
2026-09-07 15:21:14.168,1788794474.169,5826,29,139,4413.92,4414.00,8.0,PASS_<=10c,+1.0,UP,-27.0,-85.0,4.2,+2.10,0.50,SLOW,4414.77,4415.00,4413.43,4414.48,0.00,0.00,0.0,BULLISH,157.0,4414.19,4414.66,4413.82,4413.92,14,ACTIVE_14s,84.0,27.0,47.0,10.0,56.0,11.9,56.0,BLOCKED_56.0%,0.00,0.0,NO,STANDBY_VEL_LOW,0,0.00,4590.00,78.36,FALSE,M1_DIRECTION_MISMATCH|OPENING_SHIELD_ACTIVE_14s
2026-09-07 15:21:14.669,1788794474.670,5827,30,140,4413.92,4414.00,8.0,PASS_<=10c,+0.0,FLAT,-27.0,-85.0,4.2,+2.10,0.50,SLOW,4414.77,4415.00,4413.43,4414.48,0.00,0.00,0.0,BULLISH,157.0,4414.19,4414.66,4413.82,4413.92,14,ACTIVE_14s,84.0,27.0,47.0,10.0,56.0,11.9,56.0,BLOCKED_56.0%,0.00,0.0,NO,STANDBY_VEL_LOW,0,0.00,4590.00,78.36,FALSE,M1_DIRECTION_MISMATCH|OPENING_SHIELD_ACTIVE_14s
2026-09-07 15:21:15.171,1788794475.172,5828,31,141,4413.92,4414.00,8.0,PASS_<=10c,+0.0,FLAT,-27.0,-85.0,4.2,+0.84,0.20,SLOW,4414.77,4415.00,4413.43,4414.48,0.00,0.00,0.0,BULLISH,157.0,4414.19,4414.66,4413.82,4413.92,15,ACTIVE_15s,84.0,27.0,47.0,10.0,56.0,11.9,56.0,BLOCKED_56.0%,0.00,0.0,NO,STANDBY_VEL_LOW,0,0.00,4590.00,78.36,FALSE,M1_DIRECTION_MISMATCH|OPENING_SHIELD_ACTIVE_15s
2026-09-07 15:21:15.672,1788794475.673,5829,32,142,4413.91,4413.99,8.0,PASS_<=10c,-1.0,DOWN,-28.0,-86.0,4.2,+1.68,0.40,SLOW,4414.77,4415.00,4413.43,4414.48,0.00,0.00,0.0,BULLISH,157.0,4414.19,4414.66,4413.82,4413.91,15,ACTIVE_15s,84.0,28.0,47.0,9.0,56.0,10.7,56.0,BLOCKED_56.0%,0.00,0.0,NO,STANDBY_VEL_LOW,0,0.00,4590.00,78.36,FALSE,M1_DIRECTION_MISMATCH|OPENING_SHIELD_ACTIVE_15s
2026-09-07 15:21:16.173,1788794476.174,5830,33,143,4413.92,4414.00,8.0,PASS_<=10c,+1.0,UP,-27.0,-85.0,4.2,+2.10,0.50,SLOW,4414.77,4415.00,4413.43,4414.48,0.00,0.00,0.0,BULLISH,157.0,4414.19,4414.66,4413.82,4413.92,16,ACTIVE_16s,84.0,27.0,47.0,10.0,56.0,11.9,56.0,BLOCKED_56.0%,0.00,0.0,NO,STANDBY_VEL_LOW,0,0.00,4590.00,78.36,FALSE,M1_DIRECTION_MISMATCH|OPENING_SHIELD_ACTIVE_16s
2026-09-07 15:21:16.676,1788794476.677,5831,34,144,4413.94,4414.02,8.0,PASS_<=10c,+2.0,UP,-25.0,-83.0,4.2,+2.31,0.55,SLOW,4414.77,4415.00,4413.43,4414.48,0.00,0.00,0.0,BULLISH,157.0,4414.19,4414.66,4413.82,4413.94,16,ACTIVE_16s,84.0,25.0,47.0,12.0,56.0,14.3,56.0,BLOCKED_56.0%,0.00,0.0,NO,STANDBY_VEL_LOW,0,0.00,4590.00,78.36,FALSE,M1_DIRECTION_MISMATCH|OPENING_SHIELD_ACTIVE_16s
2026-09-07 15:21:17.178,1788794477.178,5832,35,145,4413.93,4414.01,8.0,PASS_<=10c,-1.0,DOWN,-26.0,-84.0,4.2,+1.68,0.40,SLOW,4414.77,4415.00,4413.43,4414.48,0.00,0.00,0.0,BULLISH,157.0,4414.19,4414.66,4413.82,4413.93,17,ACTIVE_17s,84.0,26.0,47.0,11.0,56.0,13.1,56.0,BLOCKED_56.0%,0.00,0.0,NO,STANDBY_VEL_LOW,0,0.00,4590.00,78.36,FALSE,M1_DIRECTION_MISMATCH|OPENING_SHIELD_ACTIVE_17s
2026-09-07 15:21:17.679,1788794477.680,5833,36,146,4413.93,4414.01,8.0,PASS_<=10c,+0.0,FLAT,-26.0,-84.0,4.2,+0.84,0.20,SLOW,4414.77,4415.00,4413.43,4414.48,0.00,0.00,0.0,BULLISH,157.0,4414.19,4414.66,4413.82,4413.93,17,ACTIVE_17s,84.0,26.0,47.0,11.0,56.0,13.1,56.0,BLOCKED_56.0%,0.00,0.0,NO,STANDBY_VEL_LOW,0,0.00,4590.00,78.36,FALSE,M1_DIRECTION_MISMATCH|OPENING_SHIELD_ACTIVE_17s
2026-09-07 15:21:18.181,1788794478.181,5834,37,147,4413.95,4414.03,8.0,PASS_<=10c,+2.0,UP,-24.0,-82.0,4.2,+1.05,0.25,SLOW,4414.77,4415.00,4413.43,4414.48,0.00,0.00,0.0,BULLISH,157.0,4414.19,4414.66,4413.82,4413.95,18,ACTIVE_18s,84.0,24.0,47.0,13.0,56.0,15.5,56.0,BLOCKED_56.0%,0.00,0.0,NO,STANDBY_VEL_LOW,0,0.00,4590.00,78.36,FALSE,M1_DIRECTION_MISMATCH|OPENING_SHIELD_ACTIVE_18s
2026-09-07 15:21:18.683,1788794478.684,5835,38,148,4413.95,4414.03,8.0,PASS_<=10c,+0.0,FLAT,-24.0,-82.0,4.2,+0.84,0.20,SLOW,4414.77,4415.00,4413.43,4414.48,0.00,0.00,0.0,BULLISH,157.0,4414.19,4414.66,4413.82,4413.95,18,ACTIVE_18s,84.0,24.0,47.0,13.0,56.0,15.5,56.0,BLOCKED_56.0%,0.00,0.0,NO,STANDBY_VEL_LOW,0,0.00,4590.00,78.36,FALSE,M1_DIRECTION_MISMATCH|OPENING_SHIELD_ACTIVE_18s
2026-09-07 15:21:19.185,1788794479.185,5836,39,149,4413.96,4414.04,8.0,PASS_<=10c,+1.0,UP,-23.0,-81.0,4.2,+0.84,0.20,SLOW,4414.77,4415.00,4413.43,4414.48,0.00,0.00,0.0,BULLISH,157.0,4414.19,4414.66,4413.82,4413.96,19,ACTIVE_19s,84.0,23.0,47.0,14.0,56.0,16.7,56.0,BLOCKED_56.0%,0.00,0.0,NO,STANDBY_VEL_LOW,0,0.00,4590.00,78.36,FALSE,M1_DIRECTION_MISMATCH|OPENING_SHIELD_ACTIVE_19s
2026-09-07 15:21:19.687,1788794479.688,5837,40,150,4413.96,4414.04,8.0,PASS_<=10c,+0.0,FLAT,-23.0,-81.0,4.2,+0.84,0.20,SLOW,4414.77,4415.00,4413.43,4414.48,0.00,0.00,0.0,BULLISH,157.0,4414.19,4414.66,4413.82,4413.96,19,ACTIVE_19s,84.0,23.0,47.0,14.0,56.0,16.7,56.0,BLOCKED_56.0%,0.00,0.0,NO,STANDBY_VEL_LOW,0,0.00,4590.00,78.36,FALSE,M1_DIRECTION_MISMATCH|OPENING_SHIELD_ACTIVE_19s
2026-09-07 15:21:20.189,1788794480.190,5838,41,151,4413.98,4414.06,8.0,PASS_<=10c,+2.0,UP,-21.0,-79.0,4.2,+1.05,0.25,SLOW,4414.77,4415.00,4413.43,4414.48,0.00,0.00,0.0,BULLISH,157.0,4414.19,4414.66,4413.82,4413.98,20,CLEARED_>=20s,84.0,21.0,47.0,16.0,56.0,19.0,56.0,BLOCKED_56.0%,0.00,0.0,NO,STANDBY_VEL_LOW,0,0.00,4590.00,78.36,FALSE,M1_DIRECTION_MISMATCH
2026-09-07 15:21:20.691,1788794480.691,5839,42,152,4413.94,4414.02,8.0,PASS_<=10c,-4.0,DOWN,-25.0,-83.0,4.2,+0.42,0.10,SLOW,4414.77,4415.00,4413.43,4414.48,0.00,0.00,0.0,BULLISH,157.0,4414.19,4414.66,4413.82,4413.94,20,CLEARED_>=20s,84.0,25.0,47.0,12.0,56.0,14.3,56.0,BLOCKED_56.0%,0.00,0.0,NO,STANDBY_VEL_LOW,0,0.00,4590.00,78.36,FALSE,M1_DIRECTION_MISMATCH
2026-09-07 15:21:21.193,1788794481.193,5840,43,153,4413.96,4414.04,8.0,PASS_<=10c,+2.0,UP,-23.0,-81.0,4.2,+0.42,0.10,SLOW,4414.77,4415.00,4413.43,4414.48,0.00,0.00,0.0,BULLISH,157.0,4414.19,4414.66,4413.82,4413.96,21,CLEARED_>=20s,84.0,23.0,47.0,14.0,56.0,16.7,56.0,BLOCKED_56.0%,0.00,0.0,NO,STANDBY_VEL_LOW,0,0.00,4590.00,78.36,FALSE,M1_DIRECTION_MISMATCH
2026-09-07 15:21:21.695,1788794481.696,5841,44,154,4413.96,4414.04,8.0,PASS_<=10c,+0.0,FLAT,-23.0,-81.0,4.2,+0.42,0.10,SLOW,4414.77,4415.00,4413.43,4414.48,0.00,0.00,0.0,BULLISH,157.0,4414.19,4414.66,4413.82,4413.96,21,CLEARED_>=20s,84.0,23.0,47.0,14.0,56.0,16.7,56.0,BLOCKED_56.0%,0.00,0.0,NO,STANDBY_VEL_LOW,0,0.00,4590.00,78.36,FALSE,M1_DIRECTION_MISMATCH
2026-09-07 15:21:22.197,1788794482.198,5842,45,155,4413.97,4414.05,8.0,PASS_<=10c,+1.0,UP,-22.0,-80.0,4.2,+0.84,0.20,SLOW,4414.77,4415.00,4413.43,4414.48,0.00,0.00,0.0,BULLISH,157.0,4414.19,4414.66,4413.82,4413.97,22,CLEARED_>=20s,84.0,22.0,47.0,15.0,56.0,17.9,56.0,BLOCKED_56.0%,0.00,0.0,NO,STANDBY_VEL_LOW,0,0.00,4590.00,78.36,FALSE,M1_DIRECTION_MISMATCH
2026-09-07 15:21:22.698,1788794482.699,5843,46,156,4413.97,4414.05,8.0,PASS_<=10c,+0.0,FLAT,-22.0,-80.0,4.2,+0.84,0.20,SLOW,4414.77,4415.00,4413.43,4414.48,0.00,0.00,0.0,BULLISH,157.0,4414.19,4414.66,4413.82,4413.97,22,CLEARED_>=20s,84.0,22.0,47.0,15.0,56.0,17.9,56.0,BLOCKED_56.0%,0.00,0.0,NO,STANDBY_VEL_LOW,0,0.00,4590.00,78.36,FALSE,M1_DIRECTION_MISMATCH
2026-09-07 15:21:23.201,1788794483.201,5844,47,157,4413.95,4414.03,8.0,PASS_<=10c,-2.0,DOWN,-24.0,-82.0,4.2,+0.00,0.00,SLOW,4414.77,4415.00,4413.43,4414.48,0.00,0.00,0.0,BULLISH,157.0,4414.19,4414.66,4413.82,4413.95,23,CLEARED_>=20s,84.0,24.0,47.0,13.0,56.0,15.5,56.0,BLOCKED_56.0%,0.00,0.0,NO,STANDBY_VEL_LOW,0,0.00,4590.00,78.36,FALSE,M1_DIRECTION_MISMATCH
2026-09-07 15:21:23.703,1788794483.703,5845,48,158,4413.90,4413.98,8.0,PASS_<=10c,-5.0,DOWN,-29.0,-87.0,4.2,+1.05,0.25,SLOW,4414.77,4415.00,4413.43,4414.48,0.00,0.00,0.0,BULLISH,157.0,4414.19,4414.66,4413.82,4413.90,23,CLEARED_>=20s,84.0,29.0,47.0,8.0,56.0,9.5,56.0,BLOCKED_56.0%,0.00,0.0,NO,STANDBY_VEL_LOW,0,0.00,4590.00,78.36,FALSE,M1_DIRECTION_MISMATCH
2026-09-07 15:21:24.204,1788794484.204,5846,49,159,4413.84,4413.92,8.0,PASS_<=10c,-6.0,DOWN,-35.0,-93.0,4.2,+2.52,0.60,SLOW,4414.77,4415.00,4413.43,4414.48,0.00,0.00,0.0,BULLISH,157.0,4414.19,4414.66,4413.82,4413.84,24,CLEARED_>=20s,84.0,35.0,47.0,2.0,56.0,2.4,56.0,BLOCKED_56.0%,0.00,0.0,NO,STANDBY_VEL_LOW,0,0.00,4590.00,78.36,FALSE,M1_DIRECTION_MISMATCH
2026-09-07 15:21:24.705,1788794484.706,5847,50,160,4413.84,4413.92,8.0,PASS_<=10c,+0.0,FLAT,-35.0,-93.0,4.2,+2.52,0.60,SLOW,4414.77,4415.00,4413.43,4414.48,0.00,0.00,0.0,BULLISH,157.0,4414.19,4414.66,4413.82,4413.84,24,CLEARED_>=20s,84.0,35.0,47.0,2.0,56.0,2.4,56.0,BLOCKED_56.0%,0.00,0.0,NO,STANDBY_VEL_LOW,0,0.00,4590.00,78.36,FALSE,M1_DIRECTION_MISMATCH
2026-09-07 15:21:25.207,1788794485.207,5848,51,161,4413.84,4413.92,8.0,PASS_<=10c,+0.0,FLAT,-35.0,-93.0,4.2,+2.94,0.70,SLOW,4414.77,4415.00,4413.43,4414.48,0.00,0.00,0.0,BULLISH,157.0,4414.19,4414.66,4413.82,4413.84,25,CLEARED_>=20s,84.0,35.0,47.0,2.0,56.0,2.4,56.0,BLOCKED_56.0%,0.00,0.0,NO,STANDBY_VEL_LOW,0,0.00,4590.00,78.36,FALSE,M1_DIRECTION_MISMATCH
2026-09-07 15:21:25.708,1788794485.709,5849,52,162,4413.84,4413.92,8.0,PASS_<=10c,+0.0,FLAT,-35.0,-93.0,4.2,+2.10,0.50,SLOW,4414.77,4415.00,4413.43,4414.48,0.00,0.00,0.0,BULLISH,157.0,4414.19,4414.66,4413.82,4413.84,25,CLEARED_>=20s,84.0,35.0,47.0,2.0,56.0,2.4,56.0,BLOCKED_56.0%,0.00,0.0,NO,STANDBY_VEL_LOW,0,0.00,4590.00,78.36,FALSE,M1_DIRECTION_MISMATCH
2026-09-07 15:21:26.213,1788794486.213,5850,53,163,4413.84,4413.92,8.0,PASS_<=10c,+0.0,FLAT,-35.0,-93.0,4.2,+2.52,0.60,SLOW,4414.77,4415.00,4413.43,4414.48,0.00,0.00,0.0,BULLISH,157.0,4414.19,4414.66,4413.82,4413.84,26,CLEARED_>=20s,84.0,35.0,47.0,2.0,56.0,2.4,56.0,BLOCKED_56.0%,0.00,0.0,NO,STANDBY_VEL_LOW,0,0.00,4590.00,78.36,FALSE,M1_DIRECTION_MISMATCH
2026-09-07 15:21:26.711,1788794486.711,5851,54,164,4413.84,4413.92,8.0,PASS_<=10c,+0.0,FLAT,-35.0,-93.0,4.2,+2.73,0.65,SLOW,4414.77,4415.00,4413.43,4414.48,0.00,0.00,0.0,BULLISH,157.0,4414.19,4414.66,4413.82,4413.84,26,CLEARED_>=20s,84.0,35.0,47.0,2.0,56.0,2.4,56.0,BLOCKED_56.0%,0.00,0.0,NO,STANDBY_VEL_LOW,0,0.00,4590.00,78.36,FALSE,M1_DIRECTION_MISMATCH
2026-09-07 15:21:27.213,1788794487.213,5852,55,165,4413.84,4413.92,8.0,PASS_<=10c,+0.0,FLAT,-35.0,-93.0,4.2,+2.73,0.65,SLOW,4414.77,4415.00,4413.43,4414.48,0.00,0.00,0.0,BULLISH,157.0,4414.19,4414.66,4413.82,4413.84,27,CLEARED_>=20s,84.0,35.0,47.0,2.0,56.0,2.4,56.0,BLOCKED_56.0%,0.00,0.0,NO,STANDBY_VEL_LOW,0,0.00,4590.00,78.36,FALSE,M1_DIRECTION_MISMATCH
2026-09-07 15:21:27.714,1788794487.714,5853,56,166,4413.84,4413.92,8.0,PASS_<=10c,+0.0,FLAT,-35.0,-93.0,4.2,+2.73,0.65,SLOW,4414.77,4415.00,4413.43,4414.48,0.00,0.00,0.0,BULLISH,157.0,4414.19,4414.66,4413.82,4413.84,27,CLEARED_>=20s,84.0,35.0,47.0,2.0,56.0,2.4,56.0,BLOCKED_56.0%,0.00,0.0,NO,STANDBY_VEL_LOW,0,0.00,4590.00,78.36,FALSE,M1_DIRECTION_MISMATCH
2026-09-07 15:21:28.216,1788794488.216,5854,57,167,4413.84,4413.92,8.0,PASS_<=10c,+0.0,FLAT,-35.0,-93.0,4.2,+2.10,0.50,SLOW,4414.77,4415.00,4413.43,4414.48,0.00,0.00,0.0,BULLISH,157.0,4414.19,4414.66,4413.82,4413.84,28,CLEARED_>=20s,84.0,35.0,47.0,2.0,56.0,2.4,56.0,BLOCKED_56.0%,0.00,0.0,NO,STANDBY_VEL_LOW,0,0.00,4590.00,78.36,FALSE,M1_DIRECTION_MISMATCH
2026-09-07 15:21:28.718,1788794488.719,5855,58,168,4413.76,4413.84,8.0,PASS_<=10c,-8.0,DOWN,-43.0,-101.0,4.2,+2.94,0.70,SLOW,4414.77,4415.00,4413.43,4414.48,0.00,0.00,0.0,BULLISH,157.0,4414.19,4414.66,4413.76,4413.76,28,CLEARED_>=20s,90.0,43.0,47.0,0.0,52.2,0.0,52.2,BLOCKED_52.2%,0.00,0.0,NO,STANDBY_VEL_LOW,0,0.00,4590.00,78.36,FALSE,M1_DIRECTION_MISMATCH
2026-09-07 15:21:29.220,1788794489.220,5856,59,169,4413.79,4413.87,8.0,PASS_<=10c,+3.0,UP,-40.0,-98.0,4.2,+1.05,0.25,SLOW,4414.77,4415.00,4413.43,4414.48,0.00,0.00,0.0,BULLISH,157.0,4414.19,4414.66,4413.76,4413.79,29,CLEARED_>=20s,90.0,40.0,47.0,3.0,52.2,3.3,52.2,BLOCKED_52.2%,0.00,0.0,NO,STANDBY_VEL_LOW,0,0.00,4590.00,78.36,FALSE,M1_DIRECTION_MISMATCH
2026-09-07 15:21:29.721,1788794489.722,5857,60,170,4413.79,4413.87,8.0,PASS_<=10c,+0.0,FLAT,-40.0,-98.0,4.2,+1.05,0.25,SLOW,4414.77,4415.00,4413.43,4414.48,0.00,0.00,0.0,BULLISH,157.0,4414.19,4414.66,4413.76,4413.79,29,CLEARED_>=20s,90.0,40.0,47.0,3.0,52.2,3.3,52.2,BLOCKED_52.2%,0.00,0.0,NO,STANDBY_VEL_LOW,0,0.00,4590.00,78.36,FALSE,M1_DIRECTION_MISMATCH
2026-09-07 15:21:30.223,1788794490.224,5858,61,171,4413.79,4413.87,8.0,PASS_<=10c,+0.0,FLAT,-40.0,-98.0,4.2,+1.05,0.25,SLOW,4414.77,4415.00,4413.43,4414.48,0.00,0.00,0.0,BULLISH,157.0,4414.19,4414.66,4413.76,4413.79,30,CLEARED_>=20s,90.0,40.0,47.0,3.0,52.2,3.3,52.2,BLOCKED_52.2%,0.00,0.0,NO,STANDBY_VEL_LOW,0,0.00,4590.00,78.36,FALSE,M1_DIRECTION_MISMATCH
2026-09-07 15:21:30.725,1788794490.725,5859,62,172,4413.79,4413.87,8.0,PASS_<=10c,+0.0,FLAT,-40.0,-98.0,4.2,+1.05,0.25,SLOW,4414.77,4415.00,4413.43,4414.48,0.00,0.00,0.0,BULLISH,157.0,4414.19,4414.66,4413.76,4413.79,30,CLEARED_>=20s,90.0,40.0,47.0,3.0,52.2,3.3,52.2,BLOCKED_52.2%,0.00,0.0,NO,STANDBY_VEL_LOW,0,0.00,4590.00,78.36,FALSE,M1_DIRECTION_MISMATCH
2026-09-07 15:21:31.226,1788794491.227,5860,63,173,4413.78,4413.86,8.0,PASS_<=10c,-1.0,DOWN,-41.0,-99.0,4.2,+1.26,0.30,SLOW,4414.77,4415.00,4413.43,4414.48,0.00,0.00,0.0,BULLISH,157.0,4414.19,4414.66,4413.76,4413.78,31,CLEARED_>=20s,90.0,41.0,47.0,2.0,52.2,2.2,52.2,BLOCKED_52.2%,0.00,0.0,NO,STANDBY_VEL_LOW,0,0.00,4590.00,78.36,FALSE,M1_DIRECTION_MISMATCH
2026-09-07 15:21:31.728,1788794491.728,5861,64,174,4413.74,4413.82,8.0,PASS_<=10c,-4.0,DOWN,-45.0,-103.0,4.2,+2.10,0.50,SLOW,4414.77,4415.00,4413.43,4414.48,0.00,0.00,0.0,BULLISH,157.0,4414.19,4414.66,4413.74,4413.74,31,CLEARED_>=20s,92.0,45.0,47.0,0.0,51.1,0.0,51.1,BLOCKED_51.1%,0.00,0.0,NO,STANDBY_VEL_LOW,0,0.00,4590.00,78.36,FALSE,M1_DIRECTION_MISMATCH
2026-09-07 15:21:32.231,1788794492.231,5862,65,175,4413.63,4413.71,8.0,PASS_<=10c,-11.0,DOWN,-56.0,-114.0,4.2,+4.41,1.05,SLOW,4414.77,4415.00,4413.43,4414.48,0.00,0.00,0.0,BULLISH,157.0,4414.19,4414.66,4413.63,4413.63,32,CLEARED_>=20s,103.0,56.0,47.0,0.0,45.6,0.0,45.6,BLOCKED_45.6%,0.00,0.0,NO,STANDBY_VEL_LOW,0,0.00,4590.00,78.36,FALSE,M1_DIRECTION_MISMATCH
2026-09-07 15:21:32.731,1788794492.732,5863,66,176,4413.63,4413.71,8.0,PASS_<=10c,+0.0,FLAT,-56.0,-114.0,4.2,+4.41,1.05,SLOW,4414.77,4415.00,4413.43,4414.48,0.00,0.00,0.0,BULLISH,157.0,4414.19,4414.66,4413.63,4413.63,32,CLEARED_>=20s,103.0,56.0,47.0,0.0,45.6,0.0,45.6,BLOCKED_45.6%,0.00,0.0,NO,STANDBY_VEL_LOW,0,0.00,4590.00,78.36,FALSE,M1_DIRECTION_MISMATCH
2026-09-07 15:21:33.233,1788794493.233,5864,67,177,4413.63,4413.71,8.0,PASS_<=10c,+0.0,FLAT,-56.0,-114.0,4.2,+2.73,0.65,SLOW,4414.77,4415.00,4413.43,4414.48,0.00,0.00,0.0,BULLISH,157.0,4414.19,4414.66,4413.63,4413.63,33,CLEARED_>=20s,103.0,56.0,47.0,0.0,45.6,0.0,45.6,BLOCKED_45.6%,0.00,0.0,NO,STANDBY_VEL_LOW,0,0.00,4590.00,78.36,FALSE,M1_DIRECTION_MISMATCH
2026-09-07 15:21:33.735,1788794493.735,5865,68,178,4413.61,4413.69,8.0,PASS_<=10c,-2.0,DOWN,-58.0,-116.0,4.2,+3.78,0.90,SLOW,4414.77,4415.00,4413.43,4414.48,0.00,0.00,0.0,BULLISH,157.0,4414.19,4414.66,4413.61,4413.61,33,CLEARED_>=20s,105.0,58.0,47.0,0.0,44.8,0.0,44.8,BLOCKED_44.8%,0.00,0.0,NO,STANDBY_VEL_LOW,0,0.00,4590.00,78.36,FALSE,M1_DIRECTION_MISMATCH
2026-09-07 15:21:34.237,1788794494.237,5866,69,179,4413.61,4413.69,8.0,PASS_<=10c,+0.0,FLAT,-58.0,-116.0,4.2,+3.78,0.90,SLOW,4414.77,4415.00,4413.43,4414.48,0.00,0.00,0.0,BULLISH,157.0,4414.19,4414.66,4413.61,4413.61,34,CLEARED_>=20s,105.0,58.0,47.0,0.0,44.8,0.0,44.8,BLOCKED_44.8%,0.00,0.0,NO,STANDBY_VEL_LOW,0,0.00,4590.00,78.36,FALSE,M1_DIRECTION_MISMATCH
2026-09-07 15:21:34.738,1788794494.739,5867,70,180,4413.64,4413.72,8.0,PASS_<=10c,+3.0,UP,-55.0,-113.0,4.2,+3.15,0.75,SLOW,4414.77,4415.00,4413.43,4414.48,0.00,0.00,0.0,BULLISH,157.0,4414.19,4414.66,4413.61,4413.64,34,CLEARED_>=20s,105.0,55.0,47.0,3.0,44.8,2.9,44.8,BLOCKED_44.8%,0.00,0.0,NO,STANDBY_VEL_LOW,0,0.00,4590.00,78.36,FALSE,M1_DIRECTION_MISMATCH
2026-09-07 15:21:35.239,1788794495.240,5868,71,181,4413.77,4413.85,8.0,PASS_<=10c,+13.0,UP,-42.0,-100.0,4.2,+0.42,0.10,SLOW,4414.77,4415.00,4413.43,4414.48,0.00,0.00,0.0,BULLISH,157.0,4414.19,4414.66,4413.61,4413.77,35,CLEARED_>=20s,105.0,42.0,47.0,16.0,44.8,15.2,44.8,BLOCKED_44.8%,0.00,0.0,NO,STANDBY_VEL_LOW,0,0.00,4590.00,78.36,FALSE,M1_DIRECTION_MISMATCH
2026-09-07 15:21:35.741,1788794495.741,5869,72,182,4414.00,4414.08,8.0,PASS_<=10c,+23.0,UP,-19.0,-77.0,4.2,+4.62,1.10,SLOW,4414.77,4415.00,4413.43,4414.48,0.00,0.00,0.0,BULLISH,157.0,4414.19,4414.66,4413.61,4414.00,35,CLEARED_>=20s,105.0,19.0,47.0,39.0,44.8,37.1,44.8,BLOCKED_44.8%,0.00,0.0,NO,STANDBY_VEL_LOW,0,0.00,4590.00,78.36,FALSE,M1_DIRECTION_MISMATCH
2026-09-07 15:21:36.244,1788794496.244,5870,73,183,4414.06,4414.14,8.0,PASS_<=10c,+6.0,UP,-13.0,-71.0,4.2,+6.71,1.60,SLOW,4414.77,4415.00,4413.43,4414.48,0.00,0.00,0.0,BULLISH,157.0,4414.19,4414.66,4413.61,4414.06,36,CLEARED_>=20s,105.0,13.0,47.0,45.0,44.8,42.9,44.8,BLOCKED_44.8%,0.00,0.0,NO,STANDBY_VEL_LOW,0,0.00,4590.00,78.36,FALSE,M1_DIRECTION_MISMATCH
2026-09-07 15:21:36.746,1788794496.747,5871,74,184,4414.08,4414.16,8.0,PASS_<=10c,+2.0,UP,-11.0,-69.0,4.2,+8.81,2.10,SLOW,4414.77,4415.00,4413.43,4414.48,0.00,0.00,0.0,BULLISH,157.0,4414.19,4414.66,4413.61,4414.08,36,CLEARED_>=20s,105.0,11.0,47.0,47.0,44.8,44.8,44.8,BLOCKED_44.8%,0.00,0.0,NO,STANDBY_VEL_LOW,0,0.00,4590.00,78.36,FALSE,M1_DIRECTION_MISMATCH
2026-09-07 15:21:37.247,1788794497.247,5872,75,185,4414.08,4414.16,8.0,PASS_<=10c,+0.0,FLAT,-11.0,-69.0,4.2,+9.44,2.25,SLOW,4414.77,4415.00,4413.43,4414.48,0.00,0.00,0.0,BULLISH,157.0,4414.19,4414.66,4413.61,4414.08,37,CLEARED_>=20s,105.0,11.0,47.0,47.0,44.8,44.8,44.8,BLOCKED_44.8%,0.00,0.0,NO,STANDBY_VEL_LOW,0,0.00,4590.00,78.36,FALSE,M1_DIRECTION_MISMATCH
2026-09-07 15:21:37.748,1788794497.749,5873,76,186,4414.07,4414.15,8.0,PASS_<=10c,-1.0,DOWN,-12.0,-70.0,4.2,+9.23,2.20,SLOW,4414.77,4415.00,4413.43,4414.48,0.00,0.00,0.0,BULLISH,157.0,4414.19,4414.66,4413.61,4414.07,37,CLEARED_>=20s,105.0,12.0,47.0,46.0,44.8,43.8,44.8,BLOCKED_44.8%,0.00,0.0,NO,STANDBY_VEL_LOW,0,0.00,4590.00,78.36,FALSE,M1_DIRECTION_MISMATCH
2026-09-07 15:21:38.250,1788794498.251,5874,77,187,4414.07,4414.15,8.0,PASS_<=10c,+0.0,FLAT,-12.0,-70.0,4.2,+9.65,2.30,SLOW,4414.77,4415.00,4413.43,4414.48,0.00,0.00,0.0,BULLISH,157.0,4414.19,4414.66,4413.61,4414.07,38,CLEARED_>=20s,105.0,12.0,47.0,46.0,44.8,43.8,44.8,BLOCKED_44.8%,0.00,0.0,NO,STANDBY_VEL_LOW,0,0.00,4590.00,78.36,FALSE,M1_DIRECTION_MISMATCH
2026-09-07 15:21:38.751,1788794498.751,5875,78,188,4414.08,4414.16,8.0,PASS_<=10c,+1.0,UP,-11.0,-69.0,4.2,+9.86,2.35,SLOW,4414.77,4415.00,4413.43,4414.48,0.00,0.00,0.0,BULLISH,157.0,4414.19,4414.66,4413.61,4414.08,38,CLEARED_>=20s,105.0,11.0,47.0,47.0,44.8,44.8,44.8,BLOCKED_44.8%,0.00,0.0,NO,STANDBY_VEL_LOW,0,0.00,4590.00,78.36,FALSE,M1_DIRECTION_MISMATCH
2026-09-07 15:21:39.253,1788794499.254,5876,79,189,4414.08,4414.16,8.0,PASS_<=10c,+0.0,FLAT,-11.0,-69.0,4.2,+9.86,2.35,SLOW,4414.77,4415.00,4413.43,4414.48,0.00,0.00,0.0,BULLISH,157.0,4414.19,4414.66,4413.61,4414.08,39,CLEARED_>=20s,105.0,11.0,47.0,47.0,44.8,44.8,44.8,BLOCKED_44.8%,0.00,0.0,NO,STANDBY_VEL_LOW,0,0.00,4590.00,78.36,FALSE,M1_DIRECTION_MISMATCH
2026-09-07 15:21:39.760,1788794499.760,5877,80,190,4414.08,4414.16,8.0,PASS_<=10c,+0.0,FLAT,-11.0,-69.0,4.2,+9.22,2.20,SLOW,4414.77,4415.00,4413.43,4414.48,0.00,0.00,0.0,BULLISH,157.0,4414.19,4414.66,4413.61,4414.08,39,CLEARED_>=20s,105.0,11.0,47.0,47.0,44.8,44.8,44.8,BLOCKED_44.8%,0.00,0.0,NO,STANDBY_VEL_LOW,0,0.00,4590.00,78.36,FALSE,M1_DIRECTION_MISMATCH
2026-09-07 15:21:40.261,1788794500.262,5878,81,191,4414.08,4414.16,8.0,PASS_<=10c,+0.0,FLAT,-11.0,-69.0,4.2,+5.03,1.20,SLOW,4414.77,4415.00,4413.43,4414.48,0.00,0.00,0.0,BULLISH,157.0,4414.19,4414.66,4413.61,4414.08,40,CLEARED_>=20s,105.0,11.0,47.0,47.0,44.8,44.8,44.8,BLOCKED_44.8%,0.00,0.0,NO,STANDBY_VEL_LOW,0,0.00,4590.00,78.36,FALSE,M1_DIRECTION_MISMATCH
2026-09-07 15:21:40.763,1788794500.764,5879,82,192,4414.08,4414.16,8.0,PASS_<=10c,+0.0,FLAT,-11.0,-69.0,4.2,+0.42,0.10,SLOW,4414.77,4415.00,4413.43,4414.48,0.00,0.00,0.0,BULLISH,157.0,4414.19,4414.66,4413.61,4414.08,40,CLEARED_>=20s,105.0,11.0,47.0,47.0,44.8,44.8,44.8,BLOCKED_44.8%,0.00,0.0,NO,STANDBY_VEL_LOW,0,0.00,4590.00,78.36,FALSE,M1_DIRECTION_MISMATCH
2026-09-07 15:21:41.265,1788794501.266,5880,83,193,4414.07,4414.15,8.0,PASS_<=10c,-1.0,DOWN,-12.0,-70.0,4.2,+0.21,0.05,SLOW,4414.77,4415.00,4413.43,4414.48,0.00,0.00,0.0,BULLISH,157.0,4414.19,4414.66,4413.61,4414.07,41,CLEARED_>=20s,105.0,12.0,47.0,46.0,44.8,43.8,44.8,BLOCKED_44.8%,0.00,0.0,NO,STANDBY_VEL_LOW,0,0.00,4590.00,78.36,FALSE,M1_DIRECTION_MISMATCH
2026-09-07 15:21:41.766,1788794501.767,5881,84,194,4414.07,4414.15,8.0,PASS_<=10c,+0.0,FLAT,-12.0,-70.0,4.2,+0.21,0.05,SLOW,4414.77,4415.00,4413.43,4414.48,0.00,0.00,0.0,BULLISH,157.0,4414.19,4414.66,4413.61,4414.07,41,CLEARED_>=20s,105.0,12.0,47.0,46.0,44.8,43.8,44.8,BLOCKED_44.8%,0.00,0.0,NO,STANDBY_VEL_LOW,0,0.00,4590.00,78.36,FALSE,M1_DIRECTION_MISMATCH
2026-09-07 15:21:42.269,1788794502.269,5882,85,195,4414.07,4414.15,8.0,PASS_<=10c,+0.0,FLAT,-12.0,-70.0,4.2,+0.21,0.05,SLOW,4414.77,4415.00,4413.43,4414.48,0.00,0.00,0.0,BULLISH,157.0,4414.19,4414.66,4413.61,4414.07,42,CLEARED_>=20s,105.0,12.0,47.0,46.0,44.8,43.8,44.8,BLOCKED_44.8%,0.00,0.0,NO,STANDBY_VEL_LOW,0,0.00,4590.00,78.36,FALSE,M1_DIRECTION_MISMATCH
2026-09-07 15:21:42.771,1788794502.771,5883,86,196,4414.07,4414.15,8.0,PASS_<=10c,+0.0,FLAT,-12.0,-70.0,4.2,+0.00,0.00,SLOW,4414.77,4415.00,4413.43,4414.48,0.00,0.00,0.0,BULLISH,157.0,4414.19,4414.66,4413.61,4414.07,42,CLEARED_>=20s,105.0,12.0,47.0,46.0,44.8,43.8,44.8,BLOCKED_44.8%,0.00,0.0,NO,STANDBY_VEL_LOW,0,0.00,4590.00,78.36,FALSE,M1_DIRECTION_MISMATCH
2026-09-07 15:21:43.272,1788794503.272,5884,87,197,4414.07,4414.15,8.0,PASS_<=10c,+0.0,FLAT,-12.0,-70.0,4.2,+0.21,0.05,SLOW,4414.77,4415.00,4413.43,4414.48,0.00,0.00,0.0,BULLISH,157.0,4414.19,4414.66,4413.61,4414.07,43,CLEARED_>=20s,105.0,12.0,47.0,46.0,44.8,43.8,44.8,BLOCKED_44.8%,0.00,0.0,NO,STANDBY_VEL_LOW,0,0.00,4590.00,78.36,FALSE,M1_DIRECTION_MISMATCH
2026-09-07 15:21:43.774,1788794503.774,5885,88,198,4414.07,4414.15,8.0,PASS_<=10c,+0.0,FLAT,-12.0,-70.0,4.2,+0.21,0.05,SLOW,4414.77,4415.00,4413.43,4414.48,0.00,0.00,0.0,BULLISH,157.0,4414.19,4414.66,4413.61,4414.07,43,CLEARED_>=20s,105.0,12.0,47.0,46.0,44.8,43.8,44.8,BLOCKED_44.8%,0.00,0.0,NO,STANDBY_VEL_LOW,0,0.00,4590.00,78.36,FALSE,M1_DIRECTION_MISMATCH
2026-09-07 15:21:44.276,1788794504.276,5886,89,199,4414.07,4414.15,8.0,PASS_<=10c,+0.0,FLAT,-12.0,-70.0,4.2,+0.21,0.05,SLOW,4414.77,4415.00,4413.43,4414.48,0.00,0.00,0.0,BULLISH,157.0,4414.19,4414.66,4413.61,4414.07,44,CLEARED_>=20s,105.0,12.0,47.0,46.0,44.8,43.8,44.8,BLOCKED_44.8%,0.00,0.0,NO,STANDBY_VEL_LOW,0,0.00,4590.00,78.36,FALSE,M1_DIRECTION_MISMATCH
2026-09-07 15:21:44.779,1788794504.779,5887,90,200,4414.05,4414.13,8.0,PASS_<=10c,-2.0,DOWN,-14.0,-72.0,4.2,+0.63,0.15,SLOW,4414.77,4415.00,4413.43,4414.48,0.00,0.00,0.0,BULLISH,157.0,4414.19,4414.66,4413.61,4414.05,44,CLEARED_>=20s,105.0,14.0,47.0,44.0,44.8,41.9,44.8,BLOCKED_44.8%,0.00,0.0,NO,STANDBY_VEL_LOW,0,0.00,4590.00,78.36,FALSE,M1_DIRECTION_MISMATCH
2026-09-07 15:21:45.279,1788794505.279,5888,91,201,4414.05,4414.13,8.0,PASS_<=10c,+0.0,FLAT,-14.0,-72.0,4.2,+0.63,0.15,SLOW,4414.77,4415.00,4413.43,4414.48,0.00,0.00,0.0,BULLISH,157.0,4414.19,4414.66,4413.61,4414.05,45,CLEARED_>=20s,105.0,14.0,47.0,44.0,44.8,41.9,44.8,BLOCKED_44.8%,0.00,0.0,NO,STANDBY_VEL_LOW,0,0.00,4590.00,78.36,FALSE,M1_DIRECTION_MISMATCH
2026-09-07 15:21:45.781,1788794505.781,5889,92,202,4414.02,4414.10,8.0,PASS_<=10c,-3.0,DOWN,-17.0,-75.0,4.2,+1.26,0.30,SLOW,4414.77,4415.00,4413.43,4414.48,0.00,0.00,0.0,BULLISH,157.0,4414.19,4414.66,4413.61,4414.02,45,CLEARED_>=20s,105.0,17.0,47.0,41.0,44.8,39.0,44.8,BLOCKED_44.8%,0.00,0.0,NO,STANDBY_VEL_LOW,0,0.00,4590.00,78.36,FALSE,M1_DIRECTION_MISMATCH
2026-09-07 15:21:46.284,1788794506.284,5890,93,203,4413.99,4414.07,8.0,PASS_<=10c,-3.0,DOWN,-20.0,-78.0,4.2,+1.68,0.40,SLOW,4414.77,4415.00,4413.43,4414.48,0.00,0.00,0.0,BULLISH,157.0,4414.19,4414.66,4413.61,4413.99,46,CLEARED_>=20s,105.0,20.0,47.0,38.0,44.8,36.2,44.8,BLOCKED_44.8%,0.00,0.0,NO,STANDBY_VEL_LOW,0,0.00,4590.00,78.36,FALSE,M1_DIRECTION_MISMATCH
2026-09-07 15:21:46.785,1788794506.785,5891,94,204,4414.03,4414.11,8.0,PASS_<=10c,+4.0,UP,-16.0,-74.0,4.2,+0.84,0.20,SLOW,4414.77,4415.00,4413.43,4414.48,0.00,0.00,0.0,BULLISH,157.0,4414.19,4414.66,4413.61,4414.03,46,CLEARED_>=20s,105.0,16.0,47.0,42.0,44.8,40.0,44.8,BLOCKED_44.8%,0.00,0.0,NO,STANDBY_VEL_LOW,0,0.00,4590.00,78.36,FALSE,M1_DIRECTION_MISMATCH
2026-09-07 15:21:47.286,1788794507.287,5892,95,205,4414.03,4414.11,8.0,PASS_<=10c,+0.0,FLAT,-16.0,-74.0,4.2,+0.84,0.20,SLOW,4414.77,4415.00,4413.43,4414.48,0.00,0.00,0.0,BULLISH,157.0,4414.19,4414.66,4413.61,4414.03,47,CLEARED_>=20s,105.0,16.0,47.0,42.0,44.8,40.0,44.8,BLOCKED_44.8%,0.00,0.0,NO,STANDBY_VEL_LOW,0,0.00,4590.00,78.36,FALSE,M1_DIRECTION_MISMATCH
2026-09-07 15:21:47.787,1788794507.787,5893,96,206,4414.03,4414.11,8.0,PASS_<=10c,+0.0,FLAT,-16.0,-74.0,4.2,+0.84,0.20,SLOW,4414.77,4415.00,4413.43,4414.48,0.00,0.00,0.0,BULLISH,157.0,4414.19,4414.66,4413.61,4414.03,47,CLEARED_>=20s,105.0,16.0,47.0,42.0,44.8,40.0,44.8,BLOCKED_44.8%,0.00,0.0,NO,STANDBY_VEL_LOW,0,0.00,4590.00,78.36,FALSE,M1_DIRECTION_MISMATCH
2026-09-07 15:21:48.289,1788794508.290,5894,97,207,4414.04,4414.12,8.0,PASS_<=10c,+1.0,UP,-15.0,-73.0,4.2,+0.63,0.15,SLOW,4414.77,4415.00,4413.43,4414.48,0.00,0.00,0.0,BULLISH,157.0,4414.19,4414.66,4413.61,4414.04,48,CLEARED_>=20s,105.0,15.0,47.0,43.0,44.8,41.0,44.8,BLOCKED_44.8%,0.00,0.0,NO,STANDBY_VEL_LOW,0,0.00,4590.00,78.36,FALSE,M1_DIRECTION_MISMATCH
2026-09-07 15:21:48.790,1788794508.790,5895,98,208,4414.04,4414.12,8.0,PASS_<=10c,+0.0,FLAT,-15.0,-73.0,4.2,+0.63,0.15,SLOW,4414.77,4415.00,4413.43,4414.48,0.00,0.00,0.0,BULLISH,157.0,4414.19,4414.66,4413.61,4414.04,48,CLEARED_>=20s,105.0,15.0,47.0,43.0,44.8,41.0,44.8,BLOCKED_44.8%,0.00,0.0,NO,STANDBY_VEL_LOW,0,0.00,4590.00,78.36,FALSE,M1_DIRECTION_MISMATCH
2026-09-07 15:21:49.291,1788794509.291,5896,99,209,4414.04,4414.12,8.0,PASS_<=10c,+0.0,FLAT,-15.0,-73.0,4.2,+0.63,0.15,SLOW,4414.77,4415.00,4413.43,4414.48,0.00,0.00,0.0,BULLISH,157.0,4414.19,4414.66,4413.61,4414.04,49,CLEARED_>=20s,105.0,15.0,47.0,43.0,44.8,41.0,44.8,BLOCKED_44.8%,0.00,0.0,NO,STANDBY_VEL_LOW,0,0.00,4590.00,78.36,FALSE,M1_DIRECTION_MISMATCH
2026-09-07 15:21:49.792,1788794509.793,5897,100,210,4413.99,4414.07,8.0,PASS_<=10c,-5.0,DOWN,-20.0,-78.0,4.2,+1.26,0.30,SLOW,4414.77,4415.00,4413.43,4414.48,0.00,0.00,0.0,BULLISH,157.0,4414.19,4414.66,4413.61,4413.99,49,CLEARED_>=20s,105.0,20.0,47.0,38.0,44.8,36.2,44.8,BLOCKED_44.8%,0.00,0.0,NO,STANDBY_VEL_LOW,0,0.00,4590.00,78.36,FALSE,M1_DIRECTION_MISMATCH
2026-09-07 15:21:50.294,1788794510.295,5898,101,211,4413.99,4414.07,8.0,PASS_<=10c,+0.0,FLAT,-20.0,-78.0,4.2,+1.26,0.30,SLOW,4414.77,4415.00,4413.43,4414.48,0.00,0.00,0.0,BULLISH,157.0,4414.19,4414.66,4413.61,4413.99,50,CLEARED_>=20s,105.0,20.0,47.0,38.0,44.8,36.2,44.8,BLOCKED_44.8%,0.00,0.0,NO,STANDBY_VEL_LOW,0,0.00,4590.00,78.36,FALSE,M1_DIRECTION_MISMATCH
2026-09-07 15:21:50.796,1788794510.797,5899,102,212,4413.99,4414.07,8.0,PASS_<=10c,+0.0,FLAT,-20.0,-78.0,4.2,+0.00,0.00,SLOW,4414.77,4415.00,4413.43,4414.48,0.00,0.00,0.0,BULLISH,157.0,4414.19,4414.66,4413.61,4413.99,50,CLEARED_>=20s,105.0,20.0,47.0,38.0,44.8,36.2,44.8,BLOCKED_44.8%,0.00,0.0,NO,STANDBY_VEL_LOW,0,0.00,4590.00,78.36,FALSE,M1_DIRECTION_MISMATCH
2026-09-07 15:21:51.298,1788794511.299,5900,103,213,4413.99,4414.07,8.0,PASS_<=10c,+0.0,FLAT,-20.0,-78.0,4.2,+0.00,0.00,SLOW,4414.77,4415.00,4413.43,4414.48,0.00,0.00,0.0,BULLISH,157.0,4414.19,4414.66,4413.61,4413.99,51,CLEARED_>=20s,105.0,20.0,47.0,38.0,44.8,36.2,44.8,BLOCKED_44.8%,0.00,0.0,NO,STANDBY_VEL_LOW,0,0.00,4590.00,78.36,FALSE,M1_DIRECTION_MISMATCH
2026-09-07 15:21:51.800,1788794511.800,5901,104,214,4414.08,4414.16,8.0,PASS_<=10c,+9.0,UP,-11.0,-69.0,4.2,+1.05,0.25,SLOW,4414.77,4415.00,4413.43,4414.48,0.00,0.00,0.0,BULLISH,157.0,4414.19,4414.66,4413.61,4414.08,51,CLEARED_>=20s,105.0,11.0,47.0,47.0,44.8,44.8,44.8,BLOCKED_44.8%,0.00,0.0,NO,STANDBY_VEL_LOW,0,0.00,4590.00,78.36,FALSE,M1_DIRECTION_MISMATCH
2026-09-07 15:21:52.301,1788794512.302,5902,105,215,4414.23,4414.31,8.0,PASS_<=10c,+15.0,UP,+4.0,-54.0,4.2,+4.20,1.00,SLOW,4414.77,4415.00,4413.43,4414.48,0.00,0.00,0.0,BULLISH,157.0,4414.19,4414.66,4413.61,4414.23,52,CLEARED_>=20s,105.0,4.0,43.0,58.0,41.0,55.2,41.0,BLOCKED_41.0%,4414.34,11.0,NO,STANDBY_VEL_LOW,0,0.00,4590.00,78.36,FALSE,OPP_WICK_TOO_HIGH_0.41|PRICE_BELOW_15C_DISPLACEMENT
2026-09-07 15:21:52.803,1788794512.804,5903,106,216,4414.33,4414.41,8.0,PASS_<=10c,+10.0,UP,+14.0,-44.0,4.2,+6.09,1.45,SLOW,4414.77,4415.00,4413.43,4414.48,0.00,0.00,0.0,BULLISH,157.0,4414.19,4414.66,4413.61,4414.33,52,CLEARED_>=20s,105.0,14.0,33.0,58.0,31.4,55.2,31.4,BLOCKED_31.4%,4414.34,1.0,NO,STANDBY_VEL_LOW,0,0.00,4590.00,78.36,FALSE,OPP_WICK_TOO_HIGH_0.31
2026-09-07 15:21:53.305,1788794513.305,5904,107,217,4414.34,4414.42,8.0,PASS_<=10c,+1.0,UP,+15.0,-43.0,4.2,+6.30,1.50,SLOW,4414.77,4415.00,4413.43,4414.48,0.00,0.00,0.0,BULLISH,157.0,4414.19,4414.66,4413.61,4414.34,53,CLEARED_>=20s,105.0,15.0,32.0,58.0,30.5,55.2,30.5,BLOCKED_30.5%,4414.34,0.0,NO,STANDBY_VEL_LOW,0,0.00,4590.00,78.36,FALSE,OPP_WICK_TOO_HIGH_0.30
2026-09-07 15:21:53.806,1788794513.807,5905,108,218,4414.34,4414.42,8.0,PASS_<=10c,+0.0,FLAT,+15.0,-43.0,4.2,+6.29,1.50,SLOW,4414.77,4415.00,4413.43,4414.48,0.00,0.00,0.0,BULLISH,157.0,4414.19,4414.66,4413.61,4414.34,53,CLEARED_>=20s,105.0,15.0,32.0,58.0,30.5,55.2,30.5,BLOCKED_30.5%,4414.34,0.0,NO,STANDBY_VEL_LOW,0,0.00,4590.00,78.36,FALSE,OPP_WICK_TOO_HIGH_0.30
2026-09-07 15:21:54.308,1788794514.309,5906,109,219,4414.34,4414.42,8.0,PASS_<=10c,+0.0,FLAT,+15.0,-43.0,4.2,+7.34,1.75,SLOW,4414.77,4415.00,4413.43,4414.48,0.00,0.00,0.0,BULLISH,157.0,4414.19,4414.66,4413.61,4414.34,54,CLEARED_>=20s,105.0,15.0,32.0,58.0,30.5,55.2,30.5,BLOCKED_30.5%,4414.34,0.0,NO,STANDBY_VEL_LOW,0,0.00,4590.00,78.36,FALSE,OPP_WICK_TOO_HIGH_0.30
2026-09-07 15:21:54.810,1788794514.811,5907,110,220,4414.34,4414.42,8.0,PASS_<=10c,+0.0,FLAT,+15.0,-43.0,4.2,+7.34,1.75,SLOW,4414.77,4415.00,4413.43,4414.48,0.00,0.00,0.0,BULLISH,157.0,4414.19,4414.66,4413.61,4414.34,54,CLEARED_>=20s,105.0,15.0,32.0,58.0,30.5,55.2,30.5,BLOCKED_30.5%,4414.34,0.0,NO,STANDBY_VEL_LOW,0,0.00,4590.00,78.36,FALSE,OPP_WICK_TOO_HIGH_0.30
2026-09-07 15:21:55.312,1788794515.312,5908,111,221,4414.34,4414.42,8.0,PASS_<=10c,+0.0,FLAT,+15.0,-43.0,4.2,+7.34,1.75,SLOW,4414.77,4415.00,4413.43,4414.48,0.00,0.00,0.0,BULLISH,157.0,4414.19,4414.66,4413.61,4414.34,55,CLEARED_>=20s,105.0,15.0,32.0,58.0,30.5,55.2,30.5,BLOCKED_30.5%,4414.34,0.0,NO,STANDBY_VEL_LOW,0,0.00,4590.00,78.36,FALSE,OPP_WICK_TOO_HIGH_0.30
2026-09-07 15:21:55.814,1788794515.814,5909,112,222,4414.40,4414.48,8.0,PASS_<=10c,+6.0,UP,+21.0,-37.0,4.2,+8.60,2.05,SLOW,4414.77,4415.00,4413.43,4414.48,0.00,0.00,0.0,BULLISH,157.0,4414.19,4414.66,4413.61,4414.40,55,CLEARED_>=20s,105.0,21.0,26.0,58.0,24.8,55.2,24.8,BLOCKED_24.8%,4414.34,6.0,NO,STANDBY_VEL_LOW,0,0.00,4590.00,78.36,FALSE,OPP_WICK_TOO_HIGH_0.25
2026-09-07 15:21:56.316,1788794516.316,5910,113,223,4414.40,4414.48,8.0,PASS_<=10c,+0.0,FLAT,+21.0,-37.0,4.2,+8.60,2.05,SLOW,4414.77,4415.00,4413.43,4414.48,0.00,0.00,0.0,BULLISH,157.0,4414.19,4414.66,4413.61,4414.40,56,CLEARED_>=20s,105.0,21.0,26.0,58.0,24.8,55.2,24.8,BLOCKED_24.8%,4414.34,6.0,NO,STANDBY_VEL_LOW,0,0.00,4590.00,78.36,FALSE,OPP_WICK_TOO_HIGH_0.25
2026-09-07 15:21:56.818,1788794516.818,5911,114,224,4414.45,4414.53,8.0,PASS_<=10c,+5.0,UP,+26.0,-32.0,4.2,+6.92,1.65,SLOW,4414.77,4415.00,4413.43,4414.48,0.00,0.00,0.0,BULLISH,157.0,4414.19,4414.66,4413.61,4414.45,56,CLEARED_>=20s,105.0,26.0,21.0,58.0,20.0,55.2,20.0,BLOCKED_20.0%,4414.34,11.0,NO,STANDBY_VEL_LOW,0,0.00,4590.00,78.36,FALSE,OPP_WICK_TOO_HIGH_0.20
2026-09-07 15:21:57.318,1788794517.319,5912,115,225,4414.44,4414.52,8.0,PASS_<=10c,-1.0,DOWN,+25.0,-33.0,4.2,+3.36,0.80,SLOW,4414.77,4415.00,4413.43,4414.48,0.00,0.00,0.0,BULLISH,157.0,4414.19,4414.66,4413.61,4414.44,57,CLEARED_>=20s,105.0,25.0,22.0,58.0,21.0,55.2,21.0,BLOCKED_21.0%,4414.34,10.0,NO,STANDBY_VEL_LOW,0,0.00,4590.00,78.36,FALSE,OPP_WICK_TOO_HIGH_0.21
2026-09-07 15:21:57.820,1788794517.820,5913,116,226,4414.44,4414.52,8.0,PASS_<=10c,+0.0,FLAT,+25.0,-33.0,4.2,+1.89,0.45,SLOW,4414.77,4415.00,4413.43,4414.48,0.00,0.00,0.0,BULLISH,157.0,4414.19,4414.66,4413.61,4414.44,57,CLEARED_>=20s,105.0,25.0,22.0,58.0,21.0,55.2,21.0,BLOCKED_21.0%,4414.34,10.0,NO,STANDBY_VEL_LOW,0,0.00,4590.00,78.36,FALSE,OPP_WICK_TOO_HIGH_0.21
2026-09-07 15:21:58.322,1788794518.322,5914,117,227,4414.42,4414.50,8.0,PASS_<=10c,-2.0,DOWN,+23.0,-35.0,4.2,+1.68,0.40,SLOW,4414.77,4415.00,4413.43,4414.48,0.00,0.00,0.0,BULLISH,157.0,4414.19,4414.66,4413.61,4414.42,58,CLEARED_>=20s,105.0,23.0,24.0,58.0,22.9,55.2,22.9,BLOCKED_22.9%,4414.34,8.0,NO,STANDBY_VEL_LOW,0,0.00,4590.00,78.36,FALSE,OPP_WICK_TOO_HIGH_0.23
2026-09-07 15:21:58.823,1788794518.824,5915,118,228,4414.45,4414.53,8.0,PASS_<=10c,+3.0,UP,+26.0,-32.0,4.2,+2.31,0.55,SLOW,4414.77,4415.00,4413.43,4414.48,0.00,0.00,0.0,BULLISH,157.0,4414.19,4414.66,4413.61,4414.45,58,CLEARED_>=20s,105.0,26.0,21.0,58.0,20.0,55.2,20.0,BLOCKED_20.0%,4414.34,11.0,NO,STANDBY_VEL_LOW,0,0.00,4590.00,78.36,FALSE,OPP_WICK_TOO_HIGH_0.20
2026-09-07 15:21:59.326,1788794519.326,5916,119,229,4414.45,4414.53,8.0,PASS_<=10c,+0.0,FLAT,+26.0,-32.0,4.2,+2.31,0.55,SLOW,4414.77,4415.00,4413.43,4414.48,0.00,0.00,0.0,BULLISH,157.0,4414.19,4414.66,4413.61,4414.45,59,CLEARED_>=20s,105.0,26.0,21.0,58.0,20.0,55.2,20.0,BLOCKED_20.0%,4414.34,11.0,NO,STANDBY_VEL_LOW,0,0.00,4590.00,78.36,FALSE,OPP_WICK_TOO_HIGH_0.20
2026-09-07 15:21:59.828,1788794519.828,5917,120,230,4414.45,4414.53,8.0,PASS_<=10c,+0.0,FLAT,+26.0,-32.0,4.2,+2.31,0.55,SLOW,4414.77,4415.00,4413.43,4414.48,0.00,0.00,0.0,BULLISH,157.0,4414.19,4414.66,4413.61,4414.45,59,CLEARED_>=20s,105.0,26.0,21.0,58.0,20.0,55.2,20.0,BLOCKED_20.0%,4414.34,11.0,NO,STANDBY_VEL_LOW,0,0.00,4590.00,78.36,FALSE,OPP_WICK_TOO_HIGH_0.20
2026-09-07 15:22:00.330,1788794520.330,5918,1,231,4414.45,4414.53,8.0,PASS_<=10c,+0.0,FLAT,+0.0,-32.0,4.2,+2.10,0.50,SLOW,4414.77,4415.00,4413.43,4414.48,0.00,0.00,0.0,BULLISH,157.0,4414.45,4414.45,4414.45,4414.45,0,ACTIVE_0s,1.0,0.0,0.0,0.0,0.0,0.0,0.0,PASS_<20%,0.00,0.0,NO,STANDBY_VEL_LOW,0,0.00,4590.00,78.36,FALSE,M1_DIRECTION_MISMATCH|OPENING_SHIELD_ACTIVE_0s
2026-09-07 15:22:00.831,1788794520.832,5919,2,232,4414.44,4414.52,8.0,PASS_<=10c,-1.0,DOWN,-1.0,-33.0,4.2,+0.84,0.20,SLOW,4414.77,4415.00,4413.43,4414.48,0.00,0.00,0.0,BULLISH,157.0,4414.45,4414.45,4414.44,4414.44,0,ACTIVE_0s,1.0,1.0,0.0,0.0,0.0,0.0,0.0,PASS_<20%,0.00,0.0,NO,STANDBY_VEL_LOW,0,0.00,4590.00,78.36,FALSE,M1_DIRECTION_MISMATCH|OPENING_SHIELD_ACTIVE_0s
2026-09-07 15:22:01.334,1788794521.334,5920,3,233,4414.44,4414.52,8.0,PASS_<=10c,+0.0,FLAT,-1.0,-33.0,4.2,+0.42,0.10,SLOW,4414.77,4415.00,4413.43,4414.48,0.00,0.00,0.0,BULLISH,157.0,4414.45,4414.45,4414.44,4414.44,1,ACTIVE_1s,1.0,1.0,0.0,0.0,0.0,0.0,0.0,PASS_<20%,0.00,0.0,NO,STANDBY_VEL_LOW,0,0.00,4590.00,78.36,FALSE,M1_DIRECTION_MISMATCH|OPENING_SHIELD_ACTIVE_1s
2026-09-07 15:22:01.836,1788794521.836,5921,4,234,4414.45,4414.53,8.0,PASS_<=10c,+1.0,UP,+0.0,-32.0,4.2,+0.00,0.00,SLOW,4414.77,4415.00,4413.43,4414.48,0.00,0.00,0.0,BULLISH,157.0,4414.45,4414.45,4414.44,4414.45,1,ACTIVE_1s,1.0,0.0,0.0,1.0,0.0,100.0,0.0,PASS_<20%,0.00,0.0,NO,STANDBY_VEL_LOW,0,0.00,4590.00,78.36,FALSE,M1_DIRECTION_MISMATCH|OPENING_SHIELD_ACTIVE_1s
2026-09-07 15:22:02.338,1788794522.339,5922,5,235,4414.46,4414.54,8.0,PASS_<=10c,+1.0,UP,+1.0,-31.0,4.2,+0.42,0.10,SLOW,4414.77,4415.00,4413.43,4414.48,0.00,0.00,0.0,BULLISH,157.0,4414.45,4414.46,4414.44,4414.46,2,ACTIVE_2s,2.0,1.0,0.0,1.0,0.0,50.0,0.0,PASS_<20%,4414.60,14.0,NO,STANDBY_VEL_LOW,0,0.00,4590.00,78.36,FALSE,OPENING_SHIELD_ACTIVE_2s|PRICE_BELOW_15C_DISPLACEMENT
2026-09-07 15:22:02.839,1788794522.840,5923,6,236,4414.46,4414.54,8.0,PASS_<=10c,+0.0,FLAT,+1.0,-31.0,4.2,+1.05,0.25,SLOW,4414.77,4415.00,4413.43,4414.48,0.00,0.00,0.0,BULLISH,157.0,4414.45,4414.46,4414.44,4414.46,2,ACTIVE_2s,2.0,1.0,0.0,1.0,0.0,50.0,0.0,PASS_<20%,4414.60,14.0,NO,STANDBY_VEL_LOW,0,0.00,4590.00,78.36,FALSE,OPENING_SHIELD_ACTIVE_2s|PRICE_BELOW_15C_DISPLACEMENT
2026-09-07 15:22:03.340,1788794523.341,5924,7,237,4414.46,4414.54,8.0,PASS_<=10c,+0.0,FLAT,+1.0,-31.0,4.2,+0.84,0.20,SLOW,4414.77,4415.00,4413.43,4414.48,0.00,0.00,0.0,BULLISH,157.0,4414.45,4414.46,4414.44,4414.46,3,ACTIVE_3s,2.0,1.0,0.0,1.0,0.0,50.0,0.0,PASS_<20%,4414.60,14.0,NO,STANDBY_VEL_LOW,0,0.00,4590.00,78.36,FALSE,OPENING_SHIELD_ACTIVE_3s|PRICE_BELOW_15C_DISPLACEMENT
2026-09-07 15:22:03.843,1788794523.843,5925,8,238,4414.46,4414.54,8.0,PASS_<=10c,+0.0,FLAT,+1.0,-31.0,4.2,+0.21,0.05,SLOW,4414.77,4415.00,4413.43,4414.48,0.00,0.00,0.0,BULLISH,157.0,4414.45,4414.46,4414.44,4414.46,3,ACTIVE_3s,2.0,1.0,0.0,1.0,0.0,50.0,0.0,PASS_<20%,4414.60,14.0,NO,STANDBY_VEL_LOW,0,0.00,4590.00,78.36,FALSE,OPENING_SHIELD_ACTIVE_3s|PRICE_BELOW_15C_DISPLACEMENT
2026-09-07 15:22:04.345,1788794524.346,5926,9,239,4414.46,4414.54,8.0,PASS_<=10c,+0.0,FLAT,+1.0,-31.0,4.2,+0.22,0.05,SLOW,4414.77,4415.00,4413.43,4414.48,0.00,0.00,0.0,BULLISH,157.0,4414.45,4414.46,4414.44,4414.46,4,ACTIVE_4s,2.0,1.0,0.0,1.0,0.0,50.0,0.0,PASS_<20%,4414.60,14.0,NO,STANDBY_VEL_LOW,0,0.00,4590.00,78.36,FALSE,OPENING_SHIELD_ACTIVE_4s|PRICE_BELOW_15C_DISPLACEMENT
2026-09-07 15:22:04.845,1788794524.846,5927,10,240,4414.38,4414.46,8.0,PASS_<=10c,-8.0,DOWN,-7.0,-39.0,4.2,+1.47,0.35,SLOW,4414.77,4415.00,4413.43,4414.48,0.00,0.00,0.0,BULLISH,157.0,4414.45,4414.46,4414.38,4414.38,4,ACTIVE_4s,8.0,7.0,1.0,0.0,12.5,0.0,12.5,PASS_<20%,0.00,0.0,NO,STANDBY_VEL_LOW,0,0.00,4590.00,78.36,FALSE,M1_DIRECTION_MISMATCH|OPENING_SHIELD_ACTIVE_4s
2026-09-07 15:22:05.346,1788794525.347,5928,11,241,4414.85,4414.93,8.0,PASS_<=10c,+47.0,UP,+40.0,+8.0,4.2,+8.39,2.00,SLOW,4414.77,4415.00,4413.43,4414.48,0.00,0.00,0.0,BULLISH,157.0,4414.45,4414.85,4414.37,4414.85,5,ACTIVE_5s,48.0,40.0,0.0,8.0,0.0,16.7,0.0,PASS_<20%,4414.60,25.0,NO,STANDBY_VEL_LOW,0,0.00,4590.00,78.36,FALSE,OPENING_SHIELD_ACTIVE_5s
2026-09-07 15:22:05.848,1788794525.849,5929,12,242,4414.90,4414.98,8.0,PASS_<=10c,+5.0,UP,+45.0,+13.0,4.2,+9.65,2.30,SLOW,4414.77,4415.00,4413.43,4414.48,0.00,0.00,0.0,BULLISH,157.0,4414.45,4414.90,4414.37,4414.90,5,ACTIVE_5s,53.0,45.0,0.0,8.0,0.0,15.1,0.0,PASS_<20%,4414.60,30.0,NO,STANDBY_VEL_LOW,0,0.00,4590.00,78.36,FALSE,OPENING_SHIELD_ACTIVE_5s
2026-09-07 15:22:06.350,1788794526.350,5930,13,243,4415.14,4415.22,8.0,PASS_<=10c,+24.0,UP,+69.0,+37.0,4.2,+14.48,3.45,SLOW,4414.77,4415.00,4413.43,4414.48,0.00,0.00,0.0,BULLISH,157.0,4414.45,4415.14,4414.37,4415.14,6,ACTIVE_6s,77.0,69.0,0.0,8.0,0.0,10.4,0.0,PASS_<20%,4414.60,54.0,NO,STANDBY_VEL_LOW,0,0.00,4590.00,78.36,FALSE,OPENING_SHIELD_ACTIVE_6s
2026-09-07 15:22:06.851,1788794526.852,5931,14,244,4415.04,4415.12,8.0,PASS_<=10c,-10.0,DOWN,+59.0,+27.0,4.2,+12.38,2.95,SLOW,4414.77,4415.00,4413.43,4414.48,0.00,0.00,0.0,BULLISH,157.0,4414.45,4415.14,4414.37,4415.04,6,ACTIVE_6s,77.0,59.0,10.0,8.0,13.0,10.4,13.0,PASS_<20%,4414.60,44.0,NO,STANDBY_VEL_LOW,0,0.00,4590.00,78.36,FALSE,OPENING_SHIELD_ACTIVE_6s
2026-09-07 15:22:07.353,1788794527.353,5932,15,245,4415.01,4415.09,8.0,PASS_<=10c,-3.0,DOWN,+56.0,+24.0,4.2,+11.54,2.75,SLOW,4414.77,4415.00,4413.43,4414.48,0.00,0.00,0.0,BULLISH,157.0,4414.45,4415.14,4414.37,4415.01,7,ACTIVE_7s,77.0,56.0,13.0,8.0,16.9,10.4,16.9,PASS_<20%,4414.60,41.0,NO,STANDBY_VEL_LOW,0,0.00,4590.00,78.36,FALSE,OPENING_SHIELD_ACTIVE_7s
2026-09-07 15:22:07.855,1788794527.855,5933,16,246,4415.01,4415.09,8.0,PASS_<=10c,+0.0,FLAT,+56.0,+24.0,4.2,+11.55,2.75,SLOW,4414.77,4415.00,4413.43,4414.48,0.00,0.00,0.0,BULLISH,157.0,4414.45,4415.14,4414.37,4415.01,7,ACTIVE_7s,77.0,56.0,13.0,8.0,16.9,10.4,16.9,PASS_<20%,4414.60,41.0,NO,STANDBY_VEL_LOW,0,0.00,4590.00,78.36,FALSE,OPENING_SHIELD_ACTIVE_7s
2026-09-07 15:22:08.355,1788794528.356,5934,17,247,4415.03,4415.11,8.0,PASS_<=10c,+2.0,UP,+58.0,+26.0,4.2,+11.97,2.85,SLOW,4414.77,4415.00,4413.43,4414.48,0.00,0.00,0.0,BULLISH,157.0,4414.45,4415.14,4414.37,4415.03,8,ACTIVE_8s,77.0,58.0,11.0,8.0,14.3,10.4,14.3,PASS_<20%,4414.60,43.0,NO,STANDBY_VEL_LOW,0,0.00,4590.00,78.36,FALSE,OPENING_SHIELD_ACTIVE_8s
2026-09-07 15:22:08.858,1788794528.858,5935,18,248,4415.04,4415.12,8.0,PASS_<=10c,+1.0,UP,+59.0,+27.0,4.2,+12.17,2.90,SLOW,4414.77,4415.00,4413.43,4414.48,0.00,0.00,0.0,BULLISH,157.0,4414.45,4415.14,4414.37,4415.04,8,ACTIVE_8s,77.0,59.0,10.0,8.0,13.0,10.4,13.0,PASS_<20%,4414.60,44.0,NO,STANDBY_VEL_LOW,0,0.00,4590.00,78.36,FALSE,OPENING_SHIELD_ACTIVE_8s
2026-09-07 15:22:09.360,1788794529.360,5936,19,249,4415.02,4415.10,8.0,PASS_<=10c,-2.0,DOWN,+57.0,+25.0,4.2,+13.43,3.20,SLOW,4414.77,4415.00,4413.43,4414.48,0.00,0.00,0.0,BULLISH,157.0,4414.45,4415.14,4414.37,4415.02,9,ACTIVE_9s,77.0,57.0,12.0,8.0,15.6,10.4,15.6,PASS_<20%,4414.60,42.0,NO,STANDBY_VEL_LOW,0,0.00,4590.00,78.36,FALSE,OPENING_SHIELD_ACTIVE_9s
2026-09-07 15:22:09.861,1788794529.861,5937,20,250,4415.06,4415.14,8.0,PASS_<=10c,+4.0,UP,+61.0,+29.0,4.2,+14.48,3.45,SLOW,4414.77,4415.00,4413.43,4414.48,0.00,0.00,0.0,BULLISH,157.0,4414.45,4415.14,4414.37,4415.06,9,ACTIVE_9s,77.0,61.0,8.0,8.0,10.4,10.4,10.4,PASS_<20%,4414.60,46.0,NO,STANDBY_VEL_LOW,0,0.00,4590.00,78.36,FALSE,OPENING_SHIELD_ACTIVE_9s
2026-09-07 15:22:10.362,1788794530.363,5938,21,251,4415.11,4415.19,8.0,PASS_<=10c,+5.0,UP,+66.0,+34.0,4.2,+5.04,1.20,SLOW,4414.77,4415.00,4413.43,4414.48,0.00,0.00,0.0,BULLISH,157.0,4414.45,4415.14,4414.37,4415.11,10,ACTIVE_10s,77.0,66.0,3.0,8.0,3.9,10.4,3.9,PASS_<20%,4414.60,51.0,NO,STANDBY_VEL_LOW,0,0.00,4590.00,78.36,FALSE,OPENING_SHIELD_ACTIVE_10s
2026-09-07 15:22:10.864,1788794530.865,5939,22,252,4415.09,4415.17,8.0,PASS_<=10c,-2.0,DOWN,+64.0,+32.0,4.2,+2.52,0.60,SLOW,4414.77,4415.00,4413.43,4414.48,0.00,0.00,0.0,BULLISH,157.0,4414.45,4415.14,4414.37,4415.09,10,ACTIVE_10s,77.0,64.0,5.0,8.0,6.5,10.4,6.5,PASS_<20%,4414.60,49.0,NO,STANDBY_VEL_LOW,0,0.00,4590.00,78.36,FALSE,OPENING_SHIELD_ACTIVE_10s
2026-09-07 15:22:11.367,1788794531.367,5940,23,253,4415.09,4415.17,8.0,PASS_<=10c,+0.0,FLAT,+64.0,+32.0,4.2,+2.12,0.50,SLOW,4414.77,4415.00,4413.43,4414.48,0.00,0.00,0.0,BULLISH,157.0,4414.45,4415.14,4414.37,4415.09,11,ACTIVE_11s,77.0,64.0,5.0,8.0,6.5,10.4,6.5,PASS_<20%,4414.60,49.0,NO,STANDBY_VEL_LOW,0,0.00,4590.00,78.36,FALSE,OPENING_SHIELD_ACTIVE_11s
2026-09-07 15:22:11.870,1788794531.870,5941,24,254,4415.09,4415.17,8.0,PASS_<=10c,+0.0,FLAT,+64.0,+32.0,4.2,+2.10,0.50,SLOW,4414.77,4415.00,4413.43,4414.48,0.00,0.00,0.0,BULLISH,157.0,4414.45,4415.14,4414.37,4415.09,11,ACTIVE_11s,77.0,64.0,5.0,8.0,6.5,10.4,6.5,PASS_<20%,4414.60,49.0,NO,STANDBY_VEL_LOW,0,0.00,4590.00,78.36,FALSE,OPENING_SHIELD_ACTIVE_11s
2026-09-07 15:22:12.371,1788794532.372,5942,25,255,4415.04,4415.12,8.0,PASS_<=10c,-5.0,DOWN,+59.0,+27.0,4.2,+1.98,0.47,SLOW,4414.77,4415.00,4413.43,4414.48,0.00,0.00,0.0,BULLISH,157.0,4414.45,4415.14,4414.37,4415.04,12,ACTIVE_12s,77.0,59.0,10.0,8.0,13.0,10.4,13.0,PASS_<20%,4414.60,44.0,NO,STANDBY_VEL_LOW,0,0.00,4590.00,78.36,FALSE,OPENING_SHIELD_ACTIVE_12s
2026-09-07 15:22:12.873,1788794532.873,5943,26,256,4415.03,4415.11,8.0,PASS_<=10c,-1.0,DOWN,+58.0,+26.0,4.2,+1.90,0.45,SLOW,4414.77,4415.00,4413.43,4414.48,0.00,0.00,0.0,BULLISH,157.0,4414.45,4415.14,4414.37,4415.03,12,ACTIVE_12s,77.0,58.0,11.0,8.0,14.3,10.4,14.3,PASS_<20%,4414.60,43.0,NO,STANDBY_VEL_LOW,0,0.00,4590.00,78.36,FALSE,OPENING_SHIELD_ACTIVE_12s
2026-09-07 15:22:13.375,1788794533.375,5944,27,257,4415.00,4415.08,8.0,PASS_<=10c,-3.0,DOWN,+55.0,+23.0,4.2,+1.83,0.44,SLOW,4414.77,4415.00,4413.43,4414.48,0.00,0.00,0.0,BULLISH,157.0,4414.45,4415.14,4414.37,4415.00,13,ACTIVE_13s,77.0,55.0,14.0,8.0,18.2,10.4,18.2,PASS_<20%,4414.60,40.0,NO,STANDBY_VEL_LOW,0,0.00,4590.00,78.36,FALSE,OPENING_SHIELD_ACTIVE_13s
2026-09-07 15:22:13.877,1788794533.878,5945,28,258,4415.00,4415.08,8.0,PASS_<=10c,+0.0,FLAT,+55.0,+23.0,4.2,+1.82,0.43,SLOW,4414.77,4415.00,4413.43,4414.48,0.00,0.00,0.0,BULLISH,157.0,4414.45,4415.14,4414.37,4415.00,13,ACTIVE_13s,77.0,55.0,14.0,8.0,18.2,10.4,18.2,PASS_<20%,4414.60,40.0,NO,STANDBY_VEL_LOW,0,0.00,4590.00,78.36,FALSE,OPENING_SHIELD_ACTIVE_13s
2026-09-07 15:22:14.378,1788794534.378,5946,29,259,4414.92,4415.00,8.0,PASS_<=10c,-8.0,DOWN,+47.0,+15.0,4.2,+2.73,0.65,SLOW,4414.77,4415.00,4413.43,4414.48,0.00,0.00,0.0,BULLISH,157.0,4414.45,4415.14,4414.37,4414.92,14,ACTIVE_14s,77.0,47.0,22.0,8.0,28.6,10.4,28.6,BLOCKED_28.6%,4414.60,32.0,NO,STANDBY_VEL_LOW,0,0.00,4590.00,78.36,FALSE,OPP_WICK_TOO_HIGH_0.29|OPENING_SHIELD_ACTIVE_14s
2026-09-07 15:22:14.880,1788794534.880,5947,30,260,4414.89,4414.97,8.0,PASS_<=10c,-3.0,DOWN,+44.0,+12.0,4.2,+3.57,0.85,SLOW,4414.77,4415.00,4413.43,4414.48,0.00,0.00,0.0,BULLISH,157.0,4414.45,4415.14,4414.37,4414.89,14,ACTIVE_14s,77.0,44.0,25.0,8.0,32.5,10.4,32.5,BLOCKED_32.5%,4414.60,29.0,NO,STANDBY_VEL_LOW,0,0.00,4590.00,78.36,FALSE,OPP_WICK_TOO_HIGH_0.32|OPENING_SHIELD_ACTIVE_14s
2026-09-07 15:22:15.381,1788794535.382,5948,31,261,4414.84,4414.92,8.0,PASS_<=10c,-5.0,DOWN,+39.0,+7.0,4.2,+5.45,1.30,SLOW,4414.77,4415.00,4413.43,4414.48,0.00,0.00,0.0,BULLISH,157.0,4414.45,4415.14,4414.37,4414.84,15,ACTIVE_15s,77.0,39.0,30.0,8.0,39.0,10.4,39.0,BLOCKED_39.0%,4414.60,24.0,NO,STANDBY_VEL_LOW,0,0.00,4590.00,78.36,FALSE,OPP_WICK_TOO_HIGH_0.39|OPENING_SHIELD_ACTIVE_15s
2026-09-07 15:22:15.882,1788794535.883,5949,32,262,4414.84,4414.92,8.0,PASS_<=10c,+0.0,FLAT,+39.0,+7.0,4.2,+5.24,1.25,SLOW,4414.77,4415.00,4413.43,4414.48,0.00,0.00,0.0,BULLISH,157.0,4414.45,4415.14,4414.37,4414.84,15,ACTIVE_15s,77.0,39.0,30.0,8.0,39.0,10.4,39.0,BLOCKED_39.0%,4414.60,24.0,NO,STANDBY_VEL_LOW,0,0.00,4590.00,78.36,FALSE,OPP_WICK_TOO_HIGH_0.39|OPENING_SHIELD_ACTIVE_15s
2026-09-07 15:22:16.385,1788794536.386,5950,33,263,4414.84,4414.92,8.0,PASS_<=10c,+0.0,FLAT,+39.0,+7.0,4.2,+5.24,1.25,SLOW,4414.77,4415.00,4413.43,4414.48,0.00,0.00,0.0,BULLISH,157.0,4414.45,4415.14,4414.37,4414.84,16,ACTIVE_16s,77.0,39.0,30.0,8.0,39.0,10.4,39.0,BLOCKED_39.0%,4414.60,24.0,NO,STANDBY_VEL_LOW,0,0.00,4590.00,78.36,FALSE,OPP_WICK_TOO_HIGH_0.39|OPENING_SHIELD_ACTIVE_16s
2026-09-07 15:22:16.888,1788794536.888,5951,34,264,4414.84,4414.92,8.0,PASS_<=10c,+0.0,FLAT,+39.0,+7.0,4.2,+4.61,1.10,SLOW,4414.77,4415.00,4413.43,4414.48,0.00,0.00,0.0,BULLISH,157.0,4414.45,4415.14,4414.37,4414.84,16,ACTIVE_16s,77.0,39.0,30.0,8.0,39.0,10.4,39.0,BLOCKED_39.0%,4414.60,24.0,NO,STANDBY_VEL_LOW,0,0.00,4590.00,78.36,FALSE,OPP_WICK_TOO_HIGH_0.39|OPENING_SHIELD_ACTIVE_16s
2026-09-07 15:22:17.389,1788794537.390,5952,35,265,4414.84,4414.92,8.0,PASS_<=10c,+0.0,FLAT,+39.0,+7.0,4.2,+3.99,0.95,SLOW,4414.77,4415.00,4413.43,4414.48,0.00,0.00,0.0,BULLISH,157.0,4414.45,4415.14,4414.37,4414.84,17,ACTIVE_17s,77.0,39.0,30.0,8.0,39.0,10.4,39.0,BLOCKED_39.0%,4414.60,24.0,NO,STANDBY_VEL_LOW,0,0.00,4590.00,78.36,FALSE,OPP_WICK_TOO_HIGH_0.39|OPENING_SHIELD_ACTIVE_17s
2026-09-07 15:22:17.891,1788794537.892,5953,36,266,4414.84,4414.92,8.0,PASS_<=10c,+0.0,FLAT,+39.0,+7.0,4.2,+3.15,0.75,SLOW,4414.77,4415.00,4413.43,4414.48,0.00,0.00,0.0,BULLISH,157.0,4414.45,4415.14,4414.37,4414.84,17,ACTIVE_17s,77.0,39.0,30.0,8.0,39.0,10.4,39.0,BLOCKED_39.0%,4414.60,24.0,NO,STANDBY_VEL_LOW,0,0.00,4590.00,78.36,FALSE,OPP_WICK_TOO_HIGH_0.39|OPENING_SHIELD_ACTIVE_17s
2026-09-07 15:22:18.393,1788794538.393,5954,37,267,4414.82,4414.90,8.0,PASS_<=10c,-2.0,DOWN,+37.0,+5.0,4.2,+3.78,0.90,SLOW,4414.77,4415.00,4413.43,4414.48,0.00,0.00,0.0,BULLISH,157.0,4414.45,4415.14,4414.37,4414.82,18,ACTIVE_18s,77.0,37.0,32.0,8.0,41.6,10.4,41.6,BLOCKED_41.6%,4414.60,22.0,NO,STANDBY_VEL_LOW,0,0.00,4590.00,78.36,FALSE,OPP_WICK_TOO_HIGH_0.42|OPENING_SHIELD_ACTIVE_18s
2026-09-07 15:22:18.895,1788794538.896,5955,38,268,4414.75,4414.83,8.0,PASS_<=10c,-7.0,DOWN,+30.0,-2.0,4.2,+3.78,0.90,SLOW,4414.77,4415.00,4413.43,4414.48,0.00,0.00,0.0,BULLISH,157.0,4414.45,4415.14,4414.37,4414.75,18,ACTIVE_18s,77.0,30.0,39.0,8.0,50.6,10.4,50.6,BLOCKED_50.6%,4414.60,15.0,NO,STANDBY_VEL_LOW,0,0.00,4590.00,78.36,FALSE,OPP_WICK_TOO_HIGH_0.51|OPENING_SHIELD_ACTIVE_18s
2026-09-07 15:22:19.395,1788794539.396,5956,39,269,4414.75,4414.83,8.0,PASS_<=10c,+0.0,FLAT,+30.0,-2.0,4.2,+2.94,0.70,SLOW,4414.77,4415.00,4413.43,4414.48,0.00,0.00,0.0,BULLISH,157.0,4414.45,4415.14,4414.37,4414.75,19,ACTIVE_19s,77.0,30.0,39.0,8.0,50.6,10.4,50.6,BLOCKED_50.6%,4414.60,15.0,NO,STANDBY_VEL_LOW,0,0.00,4590.00,78.36,FALSE,OPP_WICK_TOO_HIGH_0.51|OPENING_SHIELD_ACTIVE_19s
2026-09-07 15:22:19.897,1788794539.898,5957,40,270,4414.75,4414.83,8.0,PASS_<=10c,+0.0,FLAT,+30.0,-2.0,4.2,+2.94,0.70,SLOW,4414.77,4415.00,4413.43,4414.48,0.00,0.00,0.0,BULLISH,157.0,4414.45,4415.14,4414.37,4414.75,19,ACTIVE_19s,77.0,30.0,39.0,8.0,50.6,10.4,50.6,BLOCKED_50.6%,4414.60,15.0,NO,STANDBY_VEL_LOW,0,0.00,4590.00,78.36,FALSE,OPP_WICK_TOO_HIGH_0.51|OPENING_SHIELD_ACTIVE_19s
2026-09-07 15:22:20.400,1788794540.400,5958,41,271,4414.75,4414.83,8.0,PASS_<=10c,+0.0,FLAT,+30.0,-2.0,4.2,+1.89,0.45,SLOW,4414.77,4415.00,4413.43,4414.48,0.00,0.00,0.0,BULLISH,157.0,4414.45,4415.14,4414.37,4414.75,20,CLEARED_>=20s,77.0,30.0,39.0,8.0,50.6,10.4,50.6,BLOCKED_50.6%,4414.60,15.0,NO,STANDBY_VEL_LOW,0,0.00,4590.00,78.36,FALSE,OPP_WICK_TOO_HIGH_0.51
2026-09-07 15:22:20.901,1788794540.902,5959,42,272,4414.81,4414.89,8.0,PASS_<=10c,+6.0,UP,+36.0,+4.0,4.2,+1.45,0.35,SLOW,4414.77,4415.00,4413.43,4414.48,0.00,0.00,0.0,BULLISH,157.0,4414.45,4415.14,4414.37,4414.81,20,CLEARED_>=20s,77.0,36.0,33.0,8.0,42.9,10.4,42.9,BLOCKED_42.9%,4414.60,21.0,NO,STANDBY_VEL_LOW,0,0.00,4590.00,78.36,FALSE,OPP_WICK_TOO_HIGH_0.43
2026-09-07 15:22:21.403,1788794541.404,5960,43,273,4414.81,4414.89,8.0,PASS_<=10c,+0.0,FLAT,+36.0,+4.0,4.2,+1.42,0.34,SLOW,4414.77,4415.00,4413.43,4414.48,0.00,0.00,0.0,BULLISH,157.0,4414.45,4415.14,4414.37,4414.81,21,CLEARED_>=20s,77.0,36.0,33.0,8.0,42.9,10.4,42.9,BLOCKED_42.9%,4414.60,21.0,NO,STANDBY_VEL_LOW,0,0.00,4590.00,78.36,FALSE,OPP_WICK_TOO_HIGH_0.43
2026-09-07 15:22:21.905,1788794541.905,5961,44,274,4414.78,4414.86,8.0,PASS_<=10c,-3.0,DOWN,+33.0,+1.0,4.2,+1.35,0.32,SLOW,4414.77,4415.00,4413.43,4414.48,0.00,0.00,0.0,BULLISH,157.0,4414.45,4415.14,4414.37,4414.78,21,CLEARED_>=20s,77.0,33.0,36.0,8.0,46.8,10.4,46.8,BLOCKED_46.8%,4414.60,18.0,NO,STANDBY_VEL_LOW,0,0.00,4590.00,78.36,FALSE,OPP_WICK_TOO_HIGH_0.47
2026-09-07 15:22:22.406,1788794542.407,5962,45,275,4414.78,4414.86,8.0,PASS_<=10c,+0.0,FLAT,+33.0,+1.0,4.2,+1.35,0.32,SLOW,4414.77,4415.00,4413.43,4414.48,0.00,0.00,0.0,BULLISH,157.0,4414.45,4415.14,4414.37,4414.78,22,CLEARED_>=20s,77.0,33.0,36.0,8.0,46.8,10.4,46.8,BLOCKED_46.8%,4414.60,18.0,NO,STANDBY_VEL_LOW,0,0.00,4590.00,78.36,FALSE,OPP_WICK_TOO_HIGH_0.47
2026-09-07 15:22:22.908,1788794542.909,5963,46,276,4414.78,4414.86,8.0,PASS_<=10c,+0.0,FLAT,+33.0,+1.0,4.2,+1.35,0.32,SLOW,4414.77,4415.00,4413.43,4414.48,0.00,0.00,0.0,BULLISH,157.0,4414.45,4415.14,4414.37,4414.78,22,CLEARED_>=20s,77.0,33.0,36.0,8.0,46.8,10.4,46.8,BLOCKED_46.8%,4414.60,18.0,NO,STANDBY_VEL_LOW,0,0.00,4590.00,78.36,FALSE,OPP_WICK_TOO_HIGH_0.47
2026-09-07 15:22:23.411,1788794543.411,5964,47,277,4414.78,4414.86,8.0,PASS_<=10c,+0.0,FLAT,+33.0,+1.0,4.2,+1.40,0.33,SLOW,4414.77,4415.00,4413.43,4414.48,0.00,0.00,0.0,BULLISH,157.0,4414.45,4415.14,4414.37,4414.78,23,CLEARED_>=20s,77.0,33.0,36.0,8.0,46.8,10.4,46.8,BLOCKED_46.8%,4414.60,18.0,NO,STANDBY_VEL_LOW,0,0.00,4590.00,78.36,FALSE,OPP_WICK_TOO_HIGH_0.47
2026-09-07 15:22:23.911,1788794543.912,5965,48,278,4414.78,4414.86,8.0,PASS_<=10c,+0.0,FLAT,+33.0,+1.0,4.2,+1.47,0.35,SLOW,4414.77,4415.00,4413.43,4414.48,0.00,0.00,0.0,BULLISH,157.0,4414.45,4415.14,4414.37,4414.78,23,CLEARED_>=20s,77.0,33.0,36.0,8.0,46.8,10.4,46.8,BLOCKED_46.8%,4414.60,18.0,NO,STANDBY_VEL_LOW,0,0.00,4590.00,78.36,FALSE,OPP_WICK_TOO_HIGH_0.47
2026-09-07 15:22:24.413,1788794544.414,5966,49,279,4414.63,4414.71,8.0,PASS_<=10c,-15.0,DOWN,+18.0,-14.0,4.2,+2.52,0.60,SLOW,4414.77,4415.00,4413.43,4414.48,0.00,0.00,0.0,BULLISH,157.0,4414.45,4415.14,4414.37,4414.63,24,CLEARED_>=20s,77.0,18.0,51.0,8.0,66.2,10.4,66.2,BLOCKED_66.2%,4414.60,3.0,NO,STANDBY_VEL_LOW,0,0.00,4590.00,78.36,FALSE,OPP_WICK_TOO_HIGH_0.66
2026-09-07 15:22:24.915,1788794544.915,5967,50,280,4414.54,4414.62,8.0,PASS_<=10c,-9.0,DOWN,+9.0,-23.0,4.2,+4.41,1.05,SLOW,4414.77,4415.00,4413.43,4414.48,0.00,0.00,0.0,BULLISH,157.0,4414.45,4415.14,4414.37,4414.54,24,CLEARED_>=20s,77.0,9.0,60.0,8.0,77.9,10.4,77.9,BLOCKED_77.9%,4414.60,6.0,NO,STANDBY_VEL_LOW,0,0.00,4590.00,78.36,FALSE,OPP_WICK_TOO_HIGH_0.78
2026-09-07 15:22:25.417,1788794545.417,5968,51,281,4414.39,4414.47,8.0,PASS_<=10c,-15.0,DOWN,-6.0,-38.0,4.2,+8.81,2.10,SLOW,4414.77,4415.00,4413.43,4414.48,0.00,0.00,0.0,BULLISH,157.0,4414.45,4415.14,4414.37,4414.39,25,CLEARED_>=20s,77.0,6.0,69.0,2.0,89.6,2.6,89.6,BLOCKED_89.6%,0.00,0.0,NO,STANDBY_VEL_LOW,0,0.00,4590.00,78.36,FALSE,M1_DIRECTION_MISMATCH
2026-09-07 15:22:25.918,1788794545.919,5969,52,282,4414.31,4414.39,8.0,PASS_<=10c,-8.0,DOWN,-14.0,-46.0,4.2,+10.49,2.50,SLOW,4414.77,4415.00,4413.43,4414.48,0.00,0.00,0.0,BULLISH,157.0,4414.45,4415.14,4414.31,4414.31,25,CLEARED_>=20s,83.0,14.0,69.0,0.0,83.1,0.0,83.1,BLOCKED_83.1%,0.00,0.0,NO,STANDBY_VEL_LOW,0,0.00,4590.00,78.36,FALSE,M1_DIRECTION_MISMATCH
2026-09-07 15:22:26.420,1788794546.420,5970,53,283,4414.26,4414.34,8.0,PASS_<=10c,-5.0,DOWN,-19.0,-51.0,4.2,+11.12,2.65,SLOW,4414.77,4415.00,4413.43,4414.48,0.00,0.00,0.0,BULLISH,157.0,4414.45,4415.14,4414.26,4414.26,26,CLEARED_>=20s,88.0,19.0,69.0,0.0,78.4,0.0,78.4,BLOCKED_78.4%,0.00,0.0,NO,STANDBY_VEL_LOW,0,0.00,4590.00,78.36,FALSE,M1_DIRECTION_MISMATCH
2026-09-07 15:22:26.921,1788794546.922,5971,54,284,4414.26,4414.34,8.0,PASS_<=10c,+0.0,FLAT,-19.0,-51.0,4.2,+10.91,2.60,SLOW,4414.77,4415.00,4413.43,4414.48,0.00,0.00,0.0,BULLISH,157.0,4414.45,4415.14,4414.26,4414.26,26,CLEARED_>=20s,88.0,19.0,69.0,0.0,78.4,0.0,78.4,BLOCKED_78.4%,0.00,0.0,NO,STANDBY_VEL_LOW,0,0.00,4590.00,78.36,FALSE,M1_DIRECTION_MISMATCH
2026-09-07 15:22:27.423,1788794547.424,5972,55,285,4414.26,4414.34,8.0,PASS_<=10c,+0.0,FLAT,-19.0,-51.0,4.2,+10.91,2.60,SLOW,4414.77,4415.00,4413.43,4414.48,0.00,0.00,0.0,BULLISH,157.0,4414.45,4415.14,4414.26,4414.26,27,CLEARED_>=20s,88.0,19.0,69.0,0.0,78.4,0.0,78.4,BLOCKED_78.4%,0.00,0.0,NO,STANDBY_VEL_LOW,0,0.00,4590.00,78.36,FALSE,M1_DIRECTION_MISMATCH
2026-09-07 15:22:27.924,1788794547.924,5973,56,286,4414.27,4414.35,8.0,PASS_<=10c,+1.0,UP,-18.0,-50.0,4.2,+10.70,2.55,SLOW,4414.77,4415.00,4413.43,4414.48,0.00,0.00,0.0,BULLISH,157.0,4414.45,4415.14,4414.26,4414.27,27,CLEARED_>=20s,88.0,18.0,69.0,1.0,78.4,1.1,78.4,BLOCKED_78.4%,0.00,0.0,NO,STANDBY_VEL_LOW,0,0.00,4590.00,78.36,FALSE,M1_DIRECTION_MISMATCH
2026-09-07 15:22:28.425,1788794548.425,5974,57,287,4414.27,4414.35,8.0,PASS_<=10c,+0.0,FLAT,-18.0,-50.0,4.2,+10.70,2.55,SLOW,4414.77,4415.00,4413.43,4414.48,0.00,0.00,0.0,BULLISH,157.0,4414.45,4415.14,4414.26,4414.27,28,CLEARED_>=20s,88.0,18.0,69.0,1.0,78.4,1.1,78.4,BLOCKED_78.4%,0.00,0.0,NO,STANDBY_VEL_LOW,0,0.00,4590.00,78.36,FALSE,M1_DIRECTION_MISMATCH
2026-09-07 15:22:28.927,1788794548.928,5975,58,288,4414.27,4414.35,8.0,PASS_<=10c,+0.0,FLAT,-18.0,-50.0,4.2,+7.98,1.90,SLOW,4414.77,4415.00,4413.43,4414.48,0.00,0.00,0.0,BULLISH,157.0,4414.45,4415.14,4414.26,4414.27,28,CLEARED_>=20s,88.0,18.0,69.0,1.0,78.4,1.1,78.4,BLOCKED_78.4%,0.00,0.0,NO,STANDBY_VEL_LOW,0,0.00,4590.00,78.36,FALSE,M1_DIRECTION_MISMATCH
2026-09-07 15:22:29.430,1788794549.431,5976,59,289,4414.27,4414.35,8.0,PASS_<=10c,+0.0,FLAT,-18.0,-50.0,4.2,+6.09,1.45,SLOW,4414.77,4415.00,4413.43,4414.48,0.00,0.00,0.0,BULLISH,157.0,4414.45,4415.14,4414.26,4414.27,29,CLEARED_>=20s,88.0,18.0,69.0,1.0,78.4,1.1,78.4,BLOCKED_78.4%,0.00,0.0,NO,STANDBY_VEL_LOW,0,0.00,4590.00,78.36,FALSE,M1_DIRECTION_MISMATCH
2026-09-07 15:22:29.932,1788794549.933,5977,60,290,4414.27,4414.35,8.0,PASS_<=10c,+0.0,FLAT,-18.0,-50.0,4.2,+3.57,0.85,SLOW,4414.77,4415.00,4413.43,4414.48,0.00,0.00,0.0,BULLISH,157.0,4414.45,4415.14,4414.26,4414.27,29,CLEARED_>=20s,88.0,18.0,69.0,1.0,78.4,1.1,78.4,BLOCKED_78.4%,0.00,0.0,NO,STANDBY_VEL_LOW,0,0.00,4590.00,78.36,FALSE,M1_DIRECTION_MISMATCH
2026-09-07 15:22:30.433,1788794550.434,5978,61,291,4414.27,4414.35,8.0,PASS_<=10c,+0.0,FLAT,-18.0,-50.0,4.2,+1.26,0.30,SLOW,4414.77,4415.00,4413.43,4414.48,0.00,0.00,0.0,BULLISH,157.0,4414.45,4415.14,4414.26,4414.27,30,CLEARED_>=20s,88.0,18.0,69.0,1.0,78.4,1.1,78.4,BLOCKED_78.4%,0.00,0.0,NO,STANDBY_VEL_LOW,0,0.00,4590.00,78.36,FALSE,M1_DIRECTION_MISMATCH
2026-09-07 15:22:30.935,1788794550.935,5979,62,292,4414.35,4414.43,8.0,PASS_<=10c,+8.0,UP,-10.0,-42.0,4.2,+0.95,0.23,SLOW,4414.77,4415.00,4413.43,4414.48,0.00,0.00,0.0,BULLISH,157.0,4414.45,4415.14,4414.26,4414.35,30,CLEARED_>=20s,88.0,10.0,69.0,9.0,78.4,10.2,78.4,BLOCKED_78.4%,0.00,0.0,NO,STANDBY_VEL_LOW,0,0.00,4590.00,78.36,FALSE,M1_DIRECTION_MISMATCH
2026-09-07 15:22:31.436,1788794551.437,5980,63,293,4414.32,4414.40,8.0,PASS_<=10c,-3.0,DOWN,-13.0,-45.0,4.2,+1.26,0.30,SLOW,4414.77,4415.00,4413.43,4414.48,0.00,0.00,0.0,BULLISH,157.0,4414.45,4415.14,4414.26,4414.32,31,CLEARED_>=20s,88.0,13.0,69.0,6.0,78.4,6.8,78.4,BLOCKED_78.4%,0.00,0.0,NO,STANDBY_VEL_LOW,0,0.00,4590.00,78.36,FALSE,M1_DIRECTION_MISMATCH
2026-09-07 15:22:31.939,1788794551.939,5981,64,294,4414.30,4414.38,8.0,PASS_<=10c,-2.0,DOWN,-15.0,-47.0,4.2,+1.07,0.25,SLOW,4414.77,4415.00,4413.43,4414.48,0.00,0.00,0.0,BULLISH,157.0,4414.45,4415.14,4414.26,4414.30,31,CLEARED_>=20s,88.0,15.0,69.0,4.0,78.4,4.5,78.4,BLOCKED_78.4%,0.00,0.0,NO,STANDBY_VEL_LOW,0,0.00,4590.00,78.36,FALSE,M1_DIRECTION_MISMATCH
2026-09-07 15:22:32.441,1788794552.441,5982,65,295,4414.30,4414.38,8.0,PASS_<=10c,+0.0,FLAT,-15.0,-47.0,4.2,+1.12,0.27,SLOW,4414.77,4415.00,4413.43,4414.48,0.00,0.00,0.0,BULLISH,157.0,4414.45,4415.14,4414.26,4414.30,32,CLEARED_>=20s,88.0,15.0,69.0,4.0,78.4,4.5,78.4,BLOCKED_78.4%,0.00,0.0,NO,STANDBY_VEL_LOW,0,0.00,4590.00,78.36,FALSE,M1_DIRECTION_MISMATCH
2026-09-07 15:22:32.942,1788794552.943,5983,66,296,4414.17,4414.25,8.0,PASS_<=10c,-13.0,DOWN,-28.0,-60.0,4.2,+2.10,0.50,SLOW,4414.77,4415.00,4413.43,4414.48,0.00,0.00,0.0,BULLISH,157.0,4414.45,4415.14,4414.17,4414.17,32,CLEARED_>=20s,97.0,28.0,69.0,0.0,71.1,0.0,71.1,BLOCKED_71.1%,0.00,0.0,NO,STANDBY_VEL_LOW,0,0.00,4590.00,78.36,FALSE,M1_DIRECTION_MISMATCH
2026-09-07 15:22:33.443,1788794553.444,5984,67,297,4414.08,4414.16,8.0,PASS_<=10c,-9.0,DOWN,-37.0,-69.0,4.2,+3.99,0.95,SLOW,4414.77,4415.00,4413.43,4414.48,0.00,0.00,0.0,BULLISH,157.0,4414.45,4415.14,4414.08,4414.08,33,CLEARED_>=20s,106.0,37.0,69.0,0.0,65.1,0.0,65.1,BLOCKED_65.1%,0.00,0.0,NO,STANDBY_VEL_LOW,0,0.00,4590.00,78.36,FALSE,M1_DIRECTION_MISMATCH
2026-09-07 15:22:33.946,1788794553.946,5985,68,298,4414.07,4414.15,8.0,PASS_<=10c,-1.0,DOWN,-38.0,-70.0,4.2,+4.20,1.00,SLOW,4414.77,4415.00,4413.43,4414.48,0.00,0.00,0.0,BULLISH,157.0,4414.45,4415.14,4414.07,4414.07,33,CLEARED_>=20s,107.0,38.0,69.0,0.0,64.5,0.0,64.5,BLOCKED_64.5%,0.00,0.0,NO,STANDBY_VEL_LOW,0,0.00,4590.00,78.36,FALSE,M1_DIRECTION_MISMATCH
2026-09-07 15:22:34.448,1788794554.448,5986,69,299,4414.07,4414.15,8.0,PASS_<=10c,+0.0,FLAT,-38.0,-70.0,4.2,+4.20,1.00,SLOW,4414.77,4415.00,4413.43,4414.48,0.00,0.00,0.0,BULLISH,157.0,4414.45,4415.14,4414.06,4414.07,34,CLEARED_>=20s,108.0,38.0,69.0,1.0,63.9,0.9,63.9,BLOCKED_63.9%,0.00,0.0,NO,STANDBY_VEL_LOW,0,0.00,4590.00,78.36,FALSE,M1_DIRECTION_MISMATCH
2026-09-07 15:22:34.949,1788794554.950,5987,70,300,4414.06,4414.14,8.0,PASS_<=10c,-1.0,DOWN,-39.0,-71.0,4.2,+4.41,1.05,SLOW,4414.77,4415.00,4413.43,4414.48,0.00,0.00,0.0,BULLISH,157.0,4414.45,4415.14,4414.06,4414.06,34,CLEARED_>=20s,108.0,39.0,69.0,0.0,63.9,0.0,63.9,BLOCKED_63.9%,0.00,0.0,NO,STANDBY_VEL_LOW,0,0.00,4590.00,78.36,FALSE,M1_DIRECTION_MISMATCH
2026-09-07 15:22:35.451,1788794555.451,5988,71,301,4414.06,4414.14,8.0,PASS_<=10c,+0.0,FLAT,-39.0,-71.0,4.2,+6.08,1.45,SLOW,4414.77,4415.00,4413.43,4414.48,0.00,0.00,0.0,BULLISH,157.0,4414.45,4415.14,4414.06,4414.06,35,CLEARED_>=20s,108.0,39.0,69.0,0.0,63.9,0.0,63.9,BLOCKED_63.9%,0.00,0.0,NO,STANDBY_VEL_LOW,0,0.00,4590.00,78.36,FALSE,M1_DIRECTION_MISMATCH
2026-09-07 15:22:35.952,1788794555.952,5989,72,302,4414.08,4414.16,8.0,PASS_<=10c,+2.0,UP,-37.0,-69.0,4.2,+5.25,1.25,SLOW,4414.77,4415.00,4413.43,4414.48,0.00,0.00,0.0,BULLISH,157.0,4414.45,4415.14,4414.06,4414.08,35,CLEARED_>=20s,108.0,37.0,69.0,2.0,63.9,1.9,63.9,BLOCKED_63.9%,0.00,0.0,NO,STANDBY_VEL_LOW,0,0.00,4590.00,78.36,FALSE,M1_DIRECTION_MISMATCH
2026-09-07 15:22:36.453,1788794556.453,5990,73,303,4414.27,4414.35,8.0,PASS_<=10c,+19.0,UP,-18.0,-50.0,4.2,+0.63,0.15,SLOW,4414.77,4415.00,4413.43,4414.48,0.00,0.00,0.0,BULLISH,157.0,4414.45,4415.14,4414.06,4414.27,36,CLEARED_>=20s,108.0,18.0,69.0,21.0,63.9,19.4,63.9,BLOCKED_63.9%,0.00,0.0,NO,STANDBY_VEL_LOW,0,0.00,4590.00,78.36,FALSE,M1_DIRECTION_MISMATCH
2026-09-07 15:22:36.956,1788794556.957,5991,74,304,4414.27,4414.35,8.0,PASS_<=10c,+0.0,FLAT,-18.0,-50.0,4.2,+0.63,0.15,SLOW,4414.77,4415.00,4413.43,4414.48,0.00,0.00,0.0,BULLISH,157.0,4414.45,4415.14,4414.06,4414.27,36,CLEARED_>=20s,108.0,18.0,69.0,21.0,63.9,19.4,63.9,BLOCKED_63.9%,0.00,0.0,NO,STANDBY_VEL_LOW,0,0.00,4590.00,78.36,FALSE,M1_DIRECTION_MISMATCH
2026-09-07 15:22:37.457,1788794557.458,5992,75,305,4414.28,4414.36,8.0,PASS_<=10c,+1.0,UP,-17.0,-49.0,4.2,+2.10,0.50,SLOW,4414.77,4415.00,4413.43,4414.48,0.00,0.00,0.0,BULLISH,157.0,4414.45,4415.14,4414.06,4414.28,37,CLEARED_>=20s,108.0,17.0,69.0,22.0,63.9,20.4,63.9,BLOCKED_63.9%,0.00,0.0,NO,STANDBY_VEL_LOW,0,0.00,4590.00,78.36,FALSE,M1_DIRECTION_MISMATCH
2026-09-07 15:22:37.958,1788794557.959,5993,76,306,4414.32,4414.40,8.0,PASS_<=10c,+4.0,UP,-13.0,-45.0,4.2,+4.62,1.10,SLOW,4414.77,4415.00,4413.43,4414.48,0.00,0.00,0.0,BULLISH,157.0,4414.45,4415.14,4414.06,4414.32,37,CLEARED_>=20s,108.0,13.0,69.0,26.0,63.9,24.1,63.9,BLOCKED_63.9%,0.00,0.0,NO,STANDBY_VEL_LOW,0,0.00,4590.00,78.36,FALSE,M1_DIRECTION_MISMATCH
2026-09-07 15:22:38.460,1788794558.461,5994,77,307,4414.31,4414.39,8.0,PASS_<=10c,-1.0,DOWN,-14.0,-46.0,4.2,+5.04,1.20,SLOW,4414.77,4415.00,4413.43,4414.48,0.00,0.00,0.0,BULLISH,157.0,4414.45,4415.14,4414.06,4414.31,38,CLEARED_>=20s,108.0,14.0,69.0,25.0,63.9,23.1,63.9,BLOCKED_63.9%,0.00,0.0,NO,STANDBY_VEL_LOW,0,0.00,4590.00,78.36,FALSE,M1_DIRECTION_MISMATCH
2026-09-07 15:22:38.962,1788794558.963,5995,78,308,4414.31,4414.39,8.0,PASS_<=10c,+0.0,FLAT,-14.0,-46.0,4.2,+5.25,1.25,SLOW,4414.77,4415.00,4413.43,4414.48,0.00,0.00,0.0,BULLISH,157.0,4414.45,4415.14,4414.06,4414.31,38,CLEARED_>=20s,108.0,14.0,69.0,25.0,63.9,23.1,63.9,BLOCKED_63.9%,0.00,0.0,NO,STANDBY_VEL_LOW,0,0.00,4590.00,78.36,FALSE,M1_DIRECTION_MISMATCH
2026-09-07 15:22:39.464,1788794559.464,5996,79,309,4414.31,4414.39,8.0,PASS_<=10c,+0.0,FLAT,-14.0,-46.0,4.2,+5.25,1.25,SLOW,4414.77,4415.00,4413.43,4414.48,0.00,0.00,0.0,BULLISH,157.0,4414.45,4415.14,4414.06,4414.31,39,CLEARED_>=20s,108.0,14.0,69.0,25.0,63.9,23.1,63.9,BLOCKED_63.9%,0.00,0.0,NO,STANDBY_VEL_LOW,0,0.00,4590.00,78.36,FALSE,M1_DIRECTION_MISMATCH
2026-09-07 15:22:39.965,1788794559.966,5997,80,310,4414.31,4414.39,8.0,PASS_<=10c,+0.0,FLAT,-14.0,-46.0,4.2,+5.25,1.25,SLOW,4414.77,4415.00,4413.43,4414.48,0.00,0.00,0.0,BULLISH,157.0,4414.45,4415.14,4414.06,4414.31,39,CLEARED_>=20s,108.0,14.0,69.0,25.0,63.9,23.1,63.9,BLOCKED_63.9%,0.00,0.0,NO,STANDBY_VEL_LOW,0,0.00,4590.00,78.36,FALSE,M1_DIRECTION_MISMATCH
2026-09-07 15:22:40.467,1788794560.468,5998,81,311,4414.49,4414.57,8.0,PASS_<=10c,+18.0,UP,+4.0,-28.0,4.2,+8.60,2.05,SLOW,4414.77,4415.00,4413.43,4414.48,0.00,0.00,0.0,BULLISH,157.0,4414.45,4415.14,4414.06,4414.49,40,CLEARED_>=20s,108.0,4.0,65.0,39.0,60.2,36.1,60.2,BLOCKED_60.2%,4414.60,11.0,NO,STANDBY_VEL_LOW,0,0.00,4590.00,78.36,FALSE,OPP_WICK_TOO_HIGH_0.60|PRICE_BELOW_15C_DISPLACEMENT
2026-09-07 15:22:40.969,1788794560.969,5999,82,312,4414.50,4414.58,8.0,PASS_<=10c,+1.0,UP,+5.0,-27.0,4.2,+6.08,1.45,SLOW,4414.77,4415.00,4413.43,4414.48,0.00,0.00,0.0,BULLISH,157.0,4414.45,4415.14,4414.06,4414.50,40,CLEARED_>=20s,108.0,5.0,64.0,39.0,59.3,36.1,59.3,BLOCKED_59.3%,4414.60,10.0,NO,STANDBY_VEL_LOW,0,0.00,4590.00,78.36,FALSE,OPP_WICK_TOO_HIGH_0.59|PRICE_BELOW_15C_DISPLACEMENT
2026-09-07 15:22:41.473,1788794561.473,6000,83,313,4414.41,4414.49,8.0,PASS_<=10c,-9.0,DOWN,-4.0,-36.0,4.2,+2.94,0.70,SLOW,4414.77,4415.00,4413.43,4414.48,0.00,0.00,0.0,BULLISH,157.0,4414.45,4415.14,4414.06,4414.41,41,CLEARED_>=20s,108.0,4.0,69.0,35.0,63.9,32.4,63.9,BLOCKED_63.9%,0.00,0.0,NO,STANDBY_VEL_LOW,0,0.00,4590.00,78.36,FALSE,M1_DIRECTION_MISMATCH
2026-09-07 15:22:41.973,1788794561.973,6001,84,314,4414.33,4414.41,8.0,PASS_<=10c,-8.0,DOWN,-12.0,-44.0,4.2,+1.26,0.30,SLOW,4414.77,4415.00,4413.43,4414.48,0.00,0.00,0.0,BULLISH,157.0,4414.45,4415.14,4414.06,4414.33,41,CLEARED_>=20s,108.0,12.0,69.0,27.0,63.9,25.0,63.9,BLOCKED_63.9%,0.00,0.0,NO,STANDBY_VEL_LOW,0,0.00,4590.00,78.36,FALSE,M1_DIRECTION_MISMATCH
2026-09-07 15:22:42.474,1788794562.474,6002,85,315,4414.37,4414.45,8.0,PASS_<=10c,+4.0,UP,-8.0,-40.0,4.2,+1.05,0.25,SLOW,4414.77,4415.00,4413.43,4414.48,0.00,0.00,0.0,BULLISH,157.0,4414.45,4415.14,4414.06,4414.37,42,CLEARED_>=20s,108.0,8.0,69.0,31.0,63.9,28.7,63.9,BLOCKED_63.9%,0.00,0.0,NO,STANDBY_VEL_LOW,0,0.00,4590.00,78.36,FALSE,M1_DIRECTION_MISMATCH
2026-09-07 15:22:42.976,1788794562.976,6003,86,316,4414.35,4414.43,8.0,PASS_<=10c,-2.0,DOWN,-10.0,-42.0,4.2,+0.63,0.15,SLOW,4414.77,4415.00,4413.43,4414.48,0.00,0.00,0.0,BULLISH,157.0,4414.45,4415.14,4414.06,4414.35,42,CLEARED_>=20s,108.0,10.0,69.0,29.0,63.9,26.9,63.9,BLOCKED_63.9%,0.00,0.0,NO,STANDBY_VEL_LOW,0,0.00,4590.00,78.36,FALSE,M1_DIRECTION_MISMATCH
2026-09-07 15:22:43.478,1788794563.479,6004,87,317,4414.35,4414.43,8.0,PASS_<=10c,+0.0,FLAT,-10.0,-42.0,4.2,+0.84,0.20,SLOW,4414.77,4415.00,4413.43,4414.48,0.00,0.00,0.0,BULLISH,157.0,4414.45,4415.14,4414.06,4414.35,43,CLEARED_>=20s,108.0,10.0,69.0,29.0,63.9,26.9,63.9,BLOCKED_63.9%,0.00,0.0,NO,STANDBY_VEL_LOW,0,0.00,4590.00,78.36,FALSE,M1_DIRECTION_MISMATCH
2026-09-07 15:22:43.980,1788794563.981,6005,88,318,4414.35,4414.43,8.0,PASS_<=10c,+0.0,FLAT,-10.0,-42.0,4.2,+0.84,0.20,SLOW,4414.77,4415.00,4413.43,4414.48,0.00,0.00,0.0,BULLISH,157.0,4414.45,4415.14,4414.06,4414.35,43,CLEARED_>=20s,108.0,10.0,69.0,29.0,63.9,26.9,63.9,BLOCKED_63.9%,0.00,0.0,NO,STANDBY_VEL_LOW,0,0.00,4590.00,78.36,FALSE,M1_DIRECTION_MISMATCH
2026-09-07 15:22:44.481,1788794564.481,6006,89,319,4414.35,4414.43,8.0,PASS_<=10c,+0.0,FLAT,-10.0,-42.0,4.2,+0.84,0.20,SLOW,4414.77,4415.00,4413.43,4414.48,0.00,0.00,0.0,BULLISH,157.0,4414.45,4415.14,4414.06,4414.35,44,CLEARED_>=20s,108.0,10.0,69.0,29.0,63.9,26.9,63.9,BLOCKED_63.9%,0.00,0.0,NO,STANDBY_VEL_LOW,0,0.00,4590.00,78.36,FALSE,M1_DIRECTION_MISMATCH
2026-09-07 15:22:44.983,1788794564.983,6007,90,320,4414.35,4414.43,8.0,PASS_<=10c,+0.0,FLAT,-10.0,-42.0,4.2,+1.68,0.40,SLOW,4414.77,4415.00,4413.43,4414.48,0.00,0.00,0.0,BULLISH,157.0,4414.45,4415.14,4414.06,4414.35,44,CLEARED_>=20s,108.0,10.0,69.0,29.0,63.9,26.9,63.9,BLOCKED_63.9%,0.00,0.0,NO,STANDBY_VEL_LOW,0,0.00,4590.00,78.36,FALSE,M1_DIRECTION_MISMATCH
2026-09-07 15:22:45.485,1788794565.486,6008,91,321,4414.39,4414.47,8.0,PASS_<=10c,+4.0,UP,-6.0,-38.0,4.2,+2.31,0.55,SLOW,4414.77,4415.00,4413.43,4414.48,0.00,0.00,0.0,BULLISH,157.0,4414.45,4415.14,4414.06,4414.39,45,CLEARED_>=20s,108.0,6.0,69.0,33.0,63.9,30.6,63.9,BLOCKED_63.9%,0.00,0.0,NO,STANDBY_VEL_LOW,0,0.00,4590.00,78.36,FALSE,M1_DIRECTION_MISMATCH
2026-09-07 15:22:45.987,1788794565.987,6009,92,322,4414.39,4414.47,8.0,PASS_<=10c,+0.0,FLAT,-6.0,-38.0,4.2,+0.67,0.16,SLOW,4414.77,4415.00,4413.43,4414.48,0.00,0.00,0.0,BULLISH,157.0,4414.45,4415.14,4414.06,4414.39,45,CLEARED_>=20s,108.0,6.0,69.0,33.0,63.9,30.6,63.9,BLOCKED_63.9%,0.00,0.0,NO,STANDBY_VEL_LOW,0,0.00,4590.00,78.36,FALSE,M1_DIRECTION_MISMATCH
2026-09-07 15:22:46.488,1788794566.488,6010,93,323,4414.38,4414.46,8.0,PASS_<=10c,-1.0,DOWN,-7.0,-39.0,4.2,+0.65,0.15,SLOW,4414.77,4415.00,4413.43,4414.48,0.00,0.00,0.0,BULLISH,157.0,4414.45,4415.14,4414.06,4414.38,46,CLEARED_>=20s,108.0,7.0,69.0,32.0,63.9,29.6,63.9,BLOCKED_63.9%,0.00,0.0,NO,STANDBY_VEL_LOW,0,0.00,4590.00,78.36,FALSE,M1_DIRECTION_MISMATCH
2026-09-07 15:22:46.990,1788794566.991,6011,94,324,4414.38,4414.46,8.0,PASS_<=10c,+0.0,FLAT,-7.0,-39.0,4.2,+0.58,0.14,SLOW,4414.77,4415.00,4413.43,4414.48,0.00,0.00,0.0,BULLISH,157.0,4414.45,4415.14,4414.06,4414.38,46,CLEARED_>=20s,108.0,7.0,69.0,32.0,63.9,29.6,63.9,BLOCKED_63.9%,0.00,0.0,NO,STANDBY_VEL_LOW,0,0.00,4590.00,78.36,FALSE,M1_DIRECTION_MISMATCH
2026-09-07 15:22:47.492,1788794567.493,6012,95,325,4414.38,4414.46,8.0,PASS_<=10c,+0.0,FLAT,-7.0,-39.0,4.2,+0.63,0.15,SLOW,4414.77,4415.00,4413.43,4414.48,0.00,0.00,0.0,BULLISH,157.0,4414.45,4415.14,4414.06,4414.38,47,CLEARED_>=20s,108.0,7.0,69.0,32.0,63.9,29.6,63.9,BLOCKED_63.9%,0.00,0.0,NO,STANDBY_VEL_LOW,0,0.00,4590.00,78.36,FALSE,M1_DIRECTION_MISMATCH
2026-09-07 15:22:47.993,1788794567.993,6013,96,326,4414.43,4414.51,8.0,PASS_<=10c,+5.0,UP,-2.0,-34.0,4.2,+1.68,0.40,SLOW,4414.77,4415.00,4413.43,4414.48,0.00,0.00,0.0,BULLISH,157.0,4414.45,4415.14,4414.06,4414.43,47,CLEARED_>=20s,108.0,2.0,69.0,37.0,63.9,34.3,63.9,BLOCKED_63.9%,0.00,0.0,NO,STANDBY_VEL_LOW,0,0.00,4590.00,78.36,FALSE,M1_DIRECTION_MISMATCH
2026-09-07 15:22:48.495,1788794568.496,6014,97,327,4414.43,4414.51,8.0,PASS_<=10c,+0.0,FLAT,-2.0,-34.0,4.2,+1.68,0.40,SLOW,4414.77,4415.00,4413.43,4414.48,0.00,0.00,0.0,BULLISH,157.0,4414.45,4415.14,4414.06,4414.43,48,CLEARED_>=20s,108.0,2.0,69.0,37.0,63.9,34.3,63.9,BLOCKED_63.9%,0.00,0.0,NO,STANDBY_VEL_LOW,0,0.00,4590.00,78.36,FALSE,M1_DIRECTION_MISMATCH
2026-09-07 15:22:48.998,1788794568.998,6015,98,328,4414.43,4414.51,8.0,PASS_<=10c,+0.0,FLAT,-2.0,-34.0,4.2,+1.68,0.40,SLOW,4414.77,4415.00,4413.43,4414.48,0.00,0.00,0.0,BULLISH,157.0,4414.45,4415.14,4414.06,4414.43,48,CLEARED_>=20s,108.0,2.0,69.0,37.0,63.9,34.3,63.9,BLOCKED_63.9%,0.00,0.0,NO,STANDBY_VEL_LOW,0,0.00,4590.00,78.36,FALSE,M1_DIRECTION_MISMATCH
2026-09-07 15:22:49.499,1788794569.500,6016,99,329,4414.46,4414.54,8.0,PASS_<=10c,+3.0,UP,+1.0,-31.0,4.2,+2.31,0.55,SLOW,4414.77,4415.00,4413.43,4414.48,0.00,0.00,0.0,BULLISH,157.0,4414.45,4415.14,4414.06,4414.46,49,CLEARED_>=20s,108.0,1.0,68.0,39.0,63.0,36.1,63.0,BLOCKED_63.0%,4414.60,14.0,NO,STANDBY_VEL_LOW,0,0.00,4590.00,78.36,FALSE,OPP_WICK_TOO_HIGH_0.63|PRICE_BELOW_15C_DISPLACEMENT
2026-09-07 15:22:50.000,1788794570.000,6017,100,330,4414.46,4414.54,8.0,PASS_<=10c,+0.0,FLAT,+1.0,-31.0,4.2,+1.26,0.30,SLOW,4414.77,4415.00,4413.43,4414.48,0.00,0.00,0.0,BULLISH,157.0,4414.45,4415.14,4414.06,4414.46,50,CLEARED_>=20s,108.0,1.0,68.0,39.0,63.0,36.1,63.0,BLOCKED_63.0%,4414.60,14.0,NO,STANDBY_VEL_LOW,0,0.00,4590.00,78.36,FALSE,OPP_WICK_TOO_HIGH_0.63|PRICE_BELOW_15C_DISPLACEMENT
2026-09-07 15:22:50.501,1788794570.502,6018,101,331,4414.46,4414.54,8.0,PASS_<=10c,+0.0,FLAT,+1.0,-31.0,4.2,+1.47,0.35,SLOW,4414.77,4415.00,4413.43,4414.48,0.00,0.00,0.0,BULLISH,157.0,4414.45,4415.14,4414.06,4414.46,50,CLEARED_>=20s,108.0,1.0,68.0,39.0,63.0,36.1,63.0,BLOCKED_63.0%,4414.60,14.0,NO,STANDBY_VEL_LOW,0,0.00,4590.00,78.36,FALSE,OPP_WICK_TOO_HIGH_0.63|PRICE_BELOW_15C_DISPLACEMENT
2026-09-07 15:22:51.004,1788794571.004,6019,102,332,4414.43,4414.51,8.0,PASS_<=10c,-3.0,DOWN,-2.0,-34.0,4.2,+1.05,0.25,SLOW,4414.77,4415.00,4413.43,4414.48,0.00,0.00,0.0,BULLISH,157.0,4414.45,4415.14,4414.06,4414.43,51,CLEARED_>=20s,108.0,2.0,69.0,37.0,63.9,34.3,63.9,BLOCKED_63.9%,0.00,0.0,NO,STANDBY_VEL_LOW,0,0.00,4590.00,78.36,FALSE,M1_DIRECTION_MISMATCH
2026-09-07 15:22:51.505,1788794571.506,6020,103,333,4414.44,4414.52,8.0,PASS_<=10c,+1.0,UP,-1.0,-33.0,4.2,+1.26,0.30,SLOW,4414.77,4415.00,4413.43,4414.48,0.00,0.00,0.0,BULLISH,157.0,4414.45,4415.14,4414.06,4414.44,51,CLEARED_>=20s,108.0,1.0,69.0,38.0,63.9,35.2,63.9,BLOCKED_63.9%,0.00,0.0,NO,STANDBY_VEL_LOW,0,0.00,4590.00,78.36,FALSE,M1_DIRECTION_MISMATCH
2026-09-07 15:22:52.005,1788794572.005,6021,104,334,4414.43,4414.51,8.0,PASS_<=10c,-1.0,DOWN,-2.0,-34.0,4.2,+1.05,0.25,SLOW,4414.77,4415.00,4413.43,4414.48,0.00,0.00,0.0,BULLISH,157.0,4414.45,4415.14,4414.06,4414.43,52,CLEARED_>=20s,108.0,2.0,69.0,37.0,63.9,34.3,63.9,BLOCKED_63.9%,0.00,0.0,NO,STANDBY_VEL_LOW,0,0.00,4590.00,78.36,FALSE,M1_DIRECTION_MISMATCH
2026-09-07 15:22:52.507,1788794572.508,6022,105,335,4414.33,4414.41,8.0,PASS_<=10c,-10.0,DOWN,-12.0,-44.0,4.2,+2.10,0.50,SLOW,4414.77,4415.00,4413.43,4414.48,0.00,0.00,0.0,BULLISH,157.0,4414.45,4415.14,4414.06,4414.33,52,CLEARED_>=20s,108.0,12.0,69.0,27.0,63.9,25.0,63.9,BLOCKED_63.9%,0.00,0.0,NO,STANDBY_VEL_LOW,0,0.00,4590.00,78.36,FALSE,M1_DIRECTION_MISMATCH
2026-09-07 15:22:53.009,1788794573.009,6023,106,336,4414.33,4414.41,8.0,PASS_<=10c,+0.0,FLAT,-12.0,-44.0,4.2,+2.10,0.50,SLOW,4414.77,4415.00,4413.43,4414.48,0.00,0.00,0.0,BULLISH,157.0,4414.45,4415.14,4414.06,4414.33,53,CLEARED_>=20s,108.0,12.0,69.0,27.0,63.9,25.0,63.9,BLOCKED_63.9%,0.00,0.0,NO,STANDBY_VEL_LOW,0,0.00,4590.00,78.36,FALSE,M1_DIRECTION_MISMATCH
2026-09-07 15:22:53.510,1788794573.511,6024,107,337,4414.31,4414.39,8.0,PASS_<=10c,-2.0,DOWN,-14.0,-46.0,4.2,+2.52,0.60,SLOW,4414.77,4415.00,4413.43,4414.48,0.00,0.00,0.0,BULLISH,157.0,4414.45,4415.14,4414.06,4414.31,53,CLEARED_>=20s,108.0,14.0,69.0,25.0,63.9,23.1,63.9,BLOCKED_63.9%,0.00,0.0,NO,STANDBY_VEL_LOW,0,0.00,4590.00,78.36,FALSE,M1_DIRECTION_MISMATCH
2026-09-07 15:22:54.011,1788794574.012,6025,108,338,4414.31,4414.39,8.0,PASS_<=10c,+0.0,FLAT,-14.0,-46.0,4.2,+2.52,0.60,SLOW,4414.77,4415.00,4413.43,4414.48,0.00,0.00,0.0,BULLISH,157.0,4414.45,4415.14,4414.06,4414.31,54,CLEARED_>=20s,108.0,14.0,69.0,25.0,63.9,23.1,63.9,BLOCKED_63.9%,0.00,0.0,NO,STANDBY_VEL_LOW,0,0.00,4590.00,78.36,FALSE,M1_DIRECTION_MISMATCH
2026-09-07 15:22:54.513,1788794574.514,6026,109,339,4414.32,4414.40,8.0,PASS_<=10c,+1.0,UP,-13.0,-45.0,4.2,+2.94,0.70,SLOW,4414.77,4415.00,4413.43,4414.48,0.00,0.00,0.0,BULLISH,157.0,4414.45,4415.14,4414.06,4414.32,54,CLEARED_>=20s,108.0,13.0,69.0,26.0,63.9,24.1,63.9,BLOCKED_63.9%,0.00,0.0,NO,STANDBY_VEL_LOW,0,0.00,4590.00,78.36,FALSE,M1_DIRECTION_MISMATCH
2026-09-07 15:22:55.015,1788794575.015,6027,110,340,4414.32,4414.40,8.0,PASS_<=10c,+0.0,FLAT,-13.0,-45.0,4.2,+2.94,0.70,SLOW,4414.77,4415.00,4413.43,4414.48,0.00,0.00,0.0,BULLISH,157.0,4414.45,4415.14,4414.06,4414.32,55,CLEARED_>=20s,108.0,13.0,69.0,26.0,63.9,24.1,63.9,BLOCKED_63.9%,0.00,0.0,NO,STANDBY_VEL_LOW,0,0.00,4590.00,78.36,FALSE,M1_DIRECTION_MISMATCH
2026-09-07 15:22:55.516,1788794575.517,6028,111,341,4414.52,4414.60,8.0,PASS_<=10c,+20.0,UP,+7.0,-25.0,4.2,+1.89,0.45,SLOW,4414.77,4415.00,4413.43,4414.48,0.00,0.00,0.0,BULLISH,157.0,4414.45,4415.14,4414.06,4414.52,55,CLEARED_>=20s,108.0,7.0,62.0,39.0,57.4,36.1,57.4,BLOCKED_57.4%,4414.60,8.0,NO,STANDBY_VEL_LOW,0,0.00,4590.00,78.36,FALSE,OPP_WICK_TOO_HIGH_0.57
2026-09-07 15:22:56.017,1788794576.018,6029,112,342,4414.52,4414.60,8.0,PASS_<=10c,+0.0,FLAT,+7.0,-25.0,4.2,+1.89,0.45,SLOW,4414.77,4415.00,4413.43,4414.48,0.00,0.00,0.0,BULLISH,157.0,4414.45,4415.14,4414.06,4414.52,56,CLEARED_>=20s,108.0,7.0,62.0,39.0,57.4,36.1,57.4,BLOCKED_57.4%,4414.60,8.0,NO,STANDBY_VEL_LOW,0,0.00,4590.00,78.36,FALSE,OPP_WICK_TOO_HIGH_0.57
2026-09-07 15:22:56.519,1788794576.520,6030,113,343,4414.56,4414.64,8.0,PASS_<=10c,+4.0,UP,+11.0,-21.0,4.2,+2.52,0.60,SLOW,4414.77,4415.00,4413.43,4414.48,0.00,0.00,0.0,BULLISH,157.0,4414.45,4415.14,4414.06,4414.56,56,CLEARED_>=20s,108.0,11.0,58.0,39.0,53.7,36.1,53.7,BLOCKED_53.7%,4414.60,4.0,NO,STANDBY_VEL_LOW,0,0.00,4590.00,78.36,FALSE,OPP_WICK_TOO_HIGH_0.54
2026-09-07 15:22:57.021,1788794577.022,6031,114,344,4414.56,4414.64,8.0,PASS_<=10c,+0.0,FLAT,+11.0,-21.0,4.2,+3.36,0.80,SLOW,4414.77,4415.00,4413.43,4414.48,0.00,0.00,0.0,BULLISH,157.0,4414.45,4415.14,4414.06,4414.56,57,CLEARED_>=20s,108.0,11.0,58.0,39.0,53.7,36.1,53.7,BLOCKED_53.7%,4414.60,4.0,NO,STANDBY_VEL_LOW,0,0.00,4590.00,78.36,FALSE,OPP_WICK_TOO_HIGH_0.54
2026-09-07 15:22:57.523,1788794577.523,6032,115,345,4414.56,4414.64,8.0,PASS_<=10c,+0.0,FLAT,+11.0,-21.0,4.2,+4.83,1.15,SLOW,4414.77,4415.00,4413.43,4414.48,0.00,0.00,0.0,BULLISH,157.0,4414.45,4415.14,4414.06,4414.56,57,CLEARED_>=20s,108.0,11.0,58.0,39.0,53.7,36.1,53.7,BLOCKED_53.7%,4414.60,4.0,NO,STANDBY_VEL_LOW,0,0.00,4590.00,78.36,FALSE,OPP_WICK_TOO_HIGH_0.54
2026-09-07 15:22:58.025,1788794578.025,6033,116,346,4414.55,4414.63,8.0,PASS_<=10c,-1.0,DOWN,+10.0,-22.0,4.2,+5.46,1.30,SLOW,4414.77,4415.00,4413.43,4414.48,0.00,0.00,0.0,BULLISH,157.0,4414.45,4415.14,4414.06,4414.55,58,CLEARED_>=20s,108.0,10.0,59.0,39.0,54.6,36.1,54.6,BLOCKED_54.6%,4414.60,5.0,NO,STANDBY_VEL_LOW,0,0.00,4590.00,78.36,FALSE,OPP_WICK_TOO_HIGH_0.55
2026-09-07 15:22:58.527,1788794578.528,6034,117,347,4414.55,4414.63,8.0,PASS_<=10c,+0.0,FLAT,+10.0,-22.0,4.2,+5.04,1.20,SLOW,4414.77,4415.00,4413.43,4414.48,0.00,0.00,0.0,BULLISH,157.0,4414.45,4415.14,4414.06,4414.55,58,CLEARED_>=20s,108.0,10.0,59.0,39.0,54.6,36.1,54.6,BLOCKED_54.6%,4414.60,5.0,NO,STANDBY_VEL_LOW,0,0.00,4590.00,78.36,FALSE,OPP_WICK_TOO_HIGH_0.55
2026-09-07 15:22:59.029,1788794579.029,6035,118,348,4414.53,4414.61,8.0,PASS_<=10c,-2.0,DOWN,+8.0,-24.0,4.2,+4.62,1.10,SLOW,4414.77,4415.00,4413.43,4414.48,0.00,0.00,0.0,BULLISH,157.0,4414.45,4415.14,4414.06,4414.53,59,CLEARED_>=20s,108.0,8.0,61.0,39.0,56.5,36.1,56.5,BLOCKED_56.5%,4414.60,7.0,NO,STANDBY_VEL_LOW,0,0.00,4590.00,78.36,FALSE,OPP_WICK_TOO_HIGH_0.56
2026-09-07 15:22:59.530,1788794579.531,6036,119,349,4414.47,4414.55,8.0,PASS_<=10c,-6.0,DOWN,+2.0,-30.0,4.2,+3.15,0.75,SLOW,4414.77,4415.00,4413.43,4414.48,0.00,0.00,0.0,BULLISH,157.0,4414.45,4415.14,4414.06,4414.47,59,CLEARED_>=20s,108.0,2.0,67.0,39.0,62.0,36.1,62.0,BLOCKED_62.0%,4414.60,13.0,NO,STANDBY_VEL_LOW,0,0.00,4590.00,78.36,FALSE,OPP_WICK_TOO_HIGH_0.62|PRICE_BELOW_15C_DISPLACEMENT
2026-09-07 15:23:00.032,1788794580.033,6037,1,350,4414.52,4414.60,8.0,PASS_<=10c,+5.0,UP,+0.0,-25.0,4.2,+1.47,0.35,SLOW,4414.77,4415.00,4413.43,4414.48,0.00,0.00,0.0,BULLISH,157.0,4414.52,4414.52,4414.52,4414.52,0,ACTIVE_0s,1.0,0.0,0.0,0.0,0.0,0.0,0.0,PASS_<20%,0.00,0.0,NO,STANDBY_VEL_LOW,0,0.00,4590.00,78.36,FALSE,M1_DIRECTION_MISMATCH|OPENING_SHIELD_ACTIVE_0s
2026-09-07 15:23:00.535,1788794580.535,6038,2,351,4414.56,4414.64,8.0,PASS_<=10c,+4.0,UP,+4.0,-21.0,4.2,+0.84,0.20,SLOW,4414.77,4415.00,4413.43,4414.48,0.00,0.00,0.0,BULLISH,157.0,4414.52,4414.56,4414.52,4414.56,0,ACTIVE_0s,4.0,4.0,0.0,0.0,0.0,0.0,0.0,PASS_<20%,4414.67,11.0,NO,STANDBY_VEL_LOW,0,0.00,4590.00,78.36,FALSE,OPENING_SHIELD_ACTIVE_0s|PRICE_BELOW_15C_DISPLACEMENT
2026-09-07 15:23:01.036,1788794581.036,6039,3,352,4414.56,4414.64,8.0,PASS_<=10c,+0.0,FLAT,+4.0,-21.0,4.2,+0.20,0.05,SLOW,4414.77,4415.00,4413.43,4414.48,0.00,0.00,0.0,BULLISH,157.0,4414.52,4414.56,4414.52,4414.56,1,ACTIVE_1s,4.0,4.0,0.0,0.0,0.0,0.0,0.0,PASS_<20%,4414.67,11.0,NO,STANDBY_VEL_LOW,0,0.00,4590.00,78.36,FALSE,OPENING_SHIELD_ACTIVE_1s|PRICE_BELOW_15C_DISPLACEMENT
2026-09-07 15:23:01.538,1788794581.538,6040,4,353,4414.56,4414.64,8.0,PASS_<=10c,+0.0,FLAT,+4.0,-21.0,4.2,+0.18,0.04,SLOW,4414.77,4415.00,4413.43,4414.48,0.00,0.00,0.0,BULLISH,157.0,4414.52,4414.56,4414.52,4414.56,1,ACTIVE_1s,4.0,4.0,0.0,0.0,0.0,0.0,0.0,PASS_<20%,4414.67,11.0,NO,STANDBY_VEL_LOW,0,0.00,4590.00,78.36,FALSE,OPENING_SHIELD_ACTIVE_1s|PRICE_BELOW_15C_DISPLACEMENT
2026-09-07 15:23:02.040,1788794582.040,6041,5,354,4414.55,4414.63,8.0,PASS_<=10c,-1.0,DOWN,+3.0,-22.0,4.2,+0.21,0.05,SLOW,4414.77,4415.00,4413.43,4414.48,0.00,0.00,0.0,BULLISH,157.0,4414.52,4414.56,4414.52,4414.55,2,ACTIVE_2s,4.0,3.0,1.0,0.0,25.0,0.0,25.0,BLOCKED_25.0%,4414.67,12.0,NO,STANDBY_VEL_LOW,0,0.00,4590.00,78.36,FALSE,OPP_WICK_TOO_HIGH_0.25|OPENING_SHIELD_ACTIVE_2s|PRICE_BELOW_15C_DISPLACEMENT
2026-09-07 15:23:02.541,1788794582.541,6042,6,355,4414.46,4414.54,8.0,PASS_<=10c,-9.0,DOWN,-6.0,-31.0,4.2,+2.10,0.50,SLOW,4414.77,4415.00,4413.43,4414.48,0.00,0.00,0.0,BULLISH,157.0,4414.52,4414.56,4414.46,4414.46,2,ACTIVE_2s,10.0,6.0,4.0,0.0,40.0,0.0,40.0,BLOCKED_40.0%,0.00,0.0,NO,STANDBY_VEL_LOW,0,0.00,4590.00,78.36,FALSE,M1_DIRECTION_MISMATCH|OPENING_SHIELD_ACTIVE_2s
2026-09-07 15:23:03.042,1788794583.043,6043,7,356,4414.34,4414.42,8.0,PASS_<=10c,-12.0,DOWN,-18.0,-43.0,4.2,+4.41,1.05,SLOW,4414.77,4415.00,4413.43,4414.48,0.00,0.00,0.0,BULLISH,157.0,4414.52,4414.56,4414.34,4414.34,3,ACTIVE_3s,22.0,18.0,4.0,0.0,18.2,0.0,18.2,PASS_<20%,0.00,0.0,NO,STANDBY_VEL_LOW,0,0.00,4590.00,78.36,FALSE,M1_DIRECTION_MISMATCH|OPENING_SHIELD_ACTIVE_3s
2026-09-07 15:23:03.545,1788794583.545,6044,8,357,4414.31,4414.39,8.0,PASS_<=10c,-3.0,DOWN,-21.0,-46.0,4.2,+4.83,1.15,SLOW,4414.77,4415.00,4413.43,4414.48,0.00,0.00,0.0,BULLISH,157.0,4414.52,4414.56,4414.31,4414.31,3,ACTIVE_3s,25.0,21.0,4.0,0.0,16.0,0.0,16.0,PASS_<20%,0.00,0.0,NO,STANDBY_VEL_LOW,0,0.00,4590.00,78.36,FALSE,M1_DIRECTION_MISMATCH|OPENING_SHIELD_ACTIVE_3s
2026-09-07 15:23:04.047,1788794584.048,6045,9,358,4414.31,4414.39,8.0,PASS_<=10c,+0.0,FLAT,-21.0,-46.0,4.2,+4.61,1.10,SLOW,4414.77,4415.00,4413.43,4414.48,0.00,0.00,0.0,BULLISH,157.0,4414.52,4414.56,4414.31,4414.31,4,ACTIVE_4s,25.0,21.0,4.0,0.0,16.0,0.0,16.0,PASS_<20%,0.00,0.0,NO,STANDBY_VEL_LOW,0,0.00,4590.00,78.36,FALSE,M1_DIRECTION_MISMATCH|OPENING_SHIELD_ACTIVE_4s
2026-09-07 15:23:04.550,1788794584.551,6046,10,359,4414.32,4414.40,8.0,PASS_<=10c,+1.0,UP,-20.0,-45.0,4.2,+4.19,1.00,SLOW,4414.77,4415.00,4413.43,4414.48,0.00,0.00,0.0,BULLISH,157.0,4414.52,4414.56,4414.31,4414.32,4,ACTIVE_4s,25.0,20.0,4.0,1.0,16.0,4.0,16.0,PASS_<20%,0.00,0.0,NO,STANDBY_VEL_LOW,0,0.00,4590.00,78.36,FALSE,M1_DIRECTION_MISMATCH|OPENING_SHIELD_ACTIVE_4s
2026-09-07 15:23:05.051,1788794585.051,6047,11,360,4414.29,4414.37,8.0,PASS_<=10c,-3.0,DOWN,-23.0,-48.0,4.2,+4.82,1.15,SLOW,4414.77,4415.00,4413.43,4414.48,0.00,0.00,0.0,BULLISH,157.0,4414.52,4414.56,4414.29,4414.29,5,ACTIVE_5s,27.0,23.0,4.0,0.0,14.8,0.0,14.8,PASS_<20%,0.00,0.0,NO,STANDBY_VEL_LOW,0,0.00,4590.00,78.36,FALSE,M1_DIRECTION_MISMATCH|OPENING_SHIELD_ACTIVE_5s
2026-09-07 15:23:05.552,1788794585.552,6048,12,361,4414.28,4414.36,8.0,PASS_<=10c,-1.0,DOWN,-24.0,-49.0,4.2,+5.87,1.40,SLOW,4414.77,4415.00,4413.43,4414.48,0.00,0.00,0.0,BULLISH,157.0,4414.52,4414.56,4414.28,4414.28,5,ACTIVE_5s,28.0,24.0,4.0,0.0,14.3,0.0,14.3,PASS_<20%,0.00,0.0,NO,STANDBY_VEL_LOW,0,0.00,4590.00,78.36,FALSE,M1_DIRECTION_MISMATCH|OPENING_SHIELD_ACTIVE_5s
2026-09-07 15:23:06.054,1788794586.054,6049,13,362,4414.26,4414.34,8.0,PASS_<=10c,-2.0,DOWN,-26.0,-51.0,4.2,+6.29,1.50,SLOW,4414.77,4415.00,4413.43,4414.48,0.00,0.00,0.0,BULLISH,157.0,4414.52,4414.56,4414.26,4414.26,6,ACTIVE_6s,30.0,26.0,4.0,0.0,13.3,0.0,13.3,PASS_<20%,0.00,0.0,NO,STANDBY_VEL_LOW,0,0.00,4590.00,78.36,FALSE,M1_DIRECTION_MISMATCH|OPENING_SHIELD_ACTIVE_6s
2026-09-07 15:23:06.556,1788794586.556,6050,14,363,4414.26,4414.34,8.0,PASS_<=10c,+0.0,FLAT,-26.0,-51.0,4.2,+6.08,1.45,SLOW,4414.77,4415.00,4413.43,4414.48,0.00,0.00,0.0,BULLISH,157.0,4414.52,4414.56,4414.25,4414.26,6,ACTIVE_6s,31.0,26.0,4.0,1.0,12.9,3.2,12.9,PASS_<20%,0.00,0.0,NO,STANDBY_VEL_LOW,0,0.00,4590.00,78.36,FALSE,M1_DIRECTION_MISMATCH|OPENING_SHIELD_ACTIVE_6s
2026-09-07 15:23:07.058,1788794587.058,6051,15,364,4414.27,4414.35,8.0,PASS_<=10c,+1.0,UP,-25.0,-50.0,4.2,+5.87,1.40,SLOW,4414.77,4415.00,4413.43,4414.48,0.00,0.00,0.0,BULLISH,157.0,4414.52,4414.56,4414.25,4414.27,7,ACTIVE_7s,31.0,25.0,4.0,2.0,12.9,6.5,12.9,PASS_<20%,0.00,0.0,NO,STANDBY_VEL_LOW,0,0.00,4590.00,78.36,FALSE,M1_DIRECTION_MISMATCH|OPENING_SHIELD_ACTIVE_7s
2026-09-07 15:23:07.560,1788794587.561,6052,16,365,4414.27,4414.35,8.0,PASS_<=10c,+0.0,FLAT,-25.0,-50.0,4.2,+1.68,0.40,SLOW,4414.77,4415.00,4413.43,4414.48,0.00,0.00,0.0,BULLISH,157.0,4414.52,4414.56,4414.25,4414.27,7,ACTIVE_7s,31.0,25.0,4.0,2.0,12.9,6.5,12.9,PASS_<20%,0.00,0.0,NO,STANDBY_VEL_LOW,0,0.00,4590.00,78.36,FALSE,M1_DIRECTION_MISMATCH|OPENING_SHIELD_ACTIVE_7s
2026-09-07 15:23:08.062,1788794588.063,6053,17,366,4414.27,4414.35,8.0,PASS_<=10c,+0.0,FLAT,-25.0,-50.0,4.2,+1.68,0.40,SLOW,4414.77,4415.00,4413.43,4414.48,0.00,0.00,0.0,BULLISH,157.0,4414.52,4414.56,4414.25,4414.27,8,ACTIVE_8s,31.0,25.0,4.0,2.0,12.9,6.5,12.9,PASS_<20%,0.00,0.0,NO,STANDBY_VEL_LOW,0,0.00,4590.00,78.36,FALSE,M1_DIRECTION_MISMATCH|OPENING_SHIELD_ACTIVE_8s
2026-09-07 15:23:08.564,1788794588.565,6054,18,367,4414.27,4414.35,8.0,PASS_<=10c,+0.0,FLAT,-25.0,-50.0,4.2,+0.84,0.20,SLOW,4414.77,4415.00,4413.43,4414.48,0.00,0.00,0.0,BULLISH,157.0,4414.52,4414.56,4414.25,4414.27,8,ACTIVE_8s,31.0,25.0,4.0,2.0,12.9,6.5,12.9,PASS_<20%,0.00,0.0,NO,STANDBY_VEL_LOW,0,0.00,4590.00,78.36,FALSE,M1_DIRECTION_MISMATCH|OPENING_SHIELD_ACTIVE_8s
2026-09-07 15:23:09.066,1788794589.066,6055,19,368,4414.32,4414.40,8.0,PASS_<=10c,+5.0,UP,-20.0,-45.0,4.2,+0.21,0.05,SLOW,4414.77,4415.00,4413.43,4414.48,0.00,0.00,0.0,BULLISH,157.0,4414.52,4414.56,4414.25,4414.32,9,ACTIVE_9s,31.0,20.0,4.0,7.0,12.9,22.6,12.9,PASS_<20%,0.00,0.0,NO,STANDBY_VEL_LOW,0,0.00,4590.00,78.36,FALSE,M1_DIRECTION_MISMATCH|OPENING_SHIELD_ACTIVE_9s
2026-09-07 15:23:09.569,1788794589.569,6056,20,369,4414.31,4414.39,8.0,PASS_<=10c,-1.0,DOWN,-21.0,-46.0,4.2,+0.21,0.05,SLOW,4414.77,4415.00,4413.43,4414.48,0.00,0.00,0.0,BULLISH,157.0,4414.52,4414.56,4414.25,4414.31,9,ACTIVE_9s,31.0,21.0,4.0,6.0,12.9,19.4,12.9,PASS_<20%,0.00,0.0,NO,STANDBY_VEL_LOW,0,0.00,4590.00,78.36,FALSE,M1_DIRECTION_MISMATCH|OPENING_SHIELD_ACTIVE_9s
2026-09-07 15:23:10.068,1788794590.069,6057,21,370,4414.28,4414.36,8.0,PASS_<=10c,-3.0,DOWN,-24.0,-49.0,4.2,+0.42,0.10,SLOW,4414.77,4415.00,4413.43,4414.48,0.00,0.00,0.0,BULLISH,157.0,4414.52,4414.56,4414.25,4414.28,10,ACTIVE_10s,31.0,24.0,4.0,3.0,12.9,9.7,12.9,PASS_<20%,0.00,0.0,NO,STANDBY_VEL_LOW,0,0.00,4590.00,78.36,FALSE,M1_DIRECTION_MISMATCH|OPENING_SHIELD_ACTIVE_10s
2026-09-07 15:23:10.570,1788794590.571,6058,22,371,4414.28,4414.36,8.0,PASS_<=10c,+0.0,FLAT,-24.0,-49.0,4.2,+0.00,0.00,SLOW,4414.77,4415.00,4413.43,4414.48,0.00,0.00,0.0,BULLISH,157.0,4414.52,4414.56,4414.25,4414.28,10,ACTIVE_10s,31.0,24.0,4.0,3.0,12.9,9.7,12.9,PASS_<20%,0.00,0.0,NO,STANDBY_VEL_LOW,0,0.00,4590.00,78.36,FALSE,M1_DIRECTION_MISMATCH|OPENING_SHIELD_ACTIVE_10s
2026-09-07 15:23:11.072,1788794591.072,6059,23,372,4414.27,4414.35,8.0,PASS_<=10c,-1.0,DOWN,-25.0,-50.0,4.2,+0.42,0.10,SLOW,4414.77,4415.00,4413.43,4414.48,0.00,0.00,0.0,BULLISH,157.0,4414.52,4414.56,4414.25,4414.27,11,ACTIVE_11s,31.0,25.0,4.0,2.0,12.9,6.5,12.9,PASS_<20%,0.00,0.0,NO,STANDBY_VEL_LOW,0,0.00,4590.00,78.36,FALSE,M1_DIRECTION_MISMATCH|OPENING_SHIELD_ACTIVE_11s
2026-09-07 15:23:11.573,1788794591.574,6060,24,373,4414.27,4414.35,8.0,PASS_<=10c,+0.0,FLAT,-25.0,-50.0,4.2,+0.00,0.00,SLOW,4414.77,4415.00,4413.43,4414.48,0.00,0.00,0.0,BULLISH,157.0,4414.52,4414.56,4414.25,4414.27,11,ACTIVE_11s,31.0,25.0,4.0,2.0,12.9,6.5,12.9,PASS_<20%,0.00,0.0,NO,STANDBY_VEL_LOW,0,0.00,4590.00,78.36,FALSE,M1_DIRECTION_MISMATCH|OPENING_SHIELD_ACTIVE_11s
2026-09-07 15:23:12.075,1788794592.075,6061,25,374,4414.27,4414.35,8.0,PASS_<=10c,+0.0,FLAT,-25.0,-50.0,4.2,+0.00,0.00,SLOW,4414.77,4415.00,4413.43,4414.48,0.00,0.00,0.0,BULLISH,157.0,4414.52,4414.56,4414.25,4414.27,12,ACTIVE_12s,31.0,25.0,4.0,2.0,12.9,6.5,12.9,PASS_<20%,0.00,0.0,NO,STANDBY_VEL_LOW,0,0.00,4590.00,78.36,FALSE,M1_DIRECTION_MISMATCH|OPENING_SHIELD_ACTIVE_12s
2026-09-07 15:23:12.577,1788794592.577,6062,26,375,4414.28,4414.36,8.0,PASS_<=10c,+1.0,UP,-24.0,-49.0,4.2,+0.21,0.05,SLOW,4414.77,4415.00,4413.43,4414.48,0.00,0.00,0.0,BULLISH,157.0,4414.52,4414.56,4414.25,4414.28,12,ACTIVE_12s,31.0,24.0,4.0,3.0,12.9,9.7,12.9,PASS_<20%,0.00,0.0,NO,STANDBY_VEL_LOW,0,0.00,4590.00,78.36,FALSE,M1_DIRECTION_MISMATCH|OPENING_SHIELD_ACTIVE_12s
2026-09-07 15:23:13.078,1788794593.079,6063,27,376,4414.28,4414.36,8.0,PASS_<=10c,+0.0,FLAT,-24.0,-49.0,4.2,+0.21,0.05,SLOW,4414.77,4415.00,4413.43,4414.48,0.00,0.00,0.0,BULLISH,157.0,4414.52,4414.56,4414.25,4414.28,13,ACTIVE_13s,31.0,24.0,4.0,3.0,12.9,9.7,12.9,PASS_<20%,0.00,0.0,NO,STANDBY_VEL_LOW,0,0.00,4590.00,78.36,FALSE,M1_DIRECTION_MISMATCH|OPENING_SHIELD_ACTIVE_13s
2026-09-07 15:23:13.580,1788794593.580,6064,28,377,4414.28,4414.36,8.0,PASS_<=10c,+0.0,FLAT,-24.0,-49.0,4.2,+0.21,0.05,SLOW,4414.77,4415.00,4413.43,4414.48,0.00,0.00,0.0,BULLISH,157.0,4414.52,4414.56,4414.25,4414.28,13,ACTIVE_13s,31.0,24.0,4.0,3.0,12.9,9.7,12.9,PASS_<20%,0.00,0.0,NO,STANDBY_VEL_LOW,0,0.00,4590.00,78.36,FALSE,M1_DIRECTION_MISMATCH|OPENING_SHIELD_ACTIVE_13s
2026-09-07 15:23:14.081,1788794594.081,6065,29,378,4414.28,4414.36,8.0,PASS_<=10c,+0.0,FLAT,-24.0,-49.0,4.2,+0.63,0.15,SLOW,4414.77,4415.00,4413.43,4414.48,0.00,0.00,0.0,BULLISH,157.0,4414.52,4414.56,4414.25,4414.28,14,ACTIVE_14s,31.0,24.0,4.0,3.0,12.9,9.7,12.9,PASS_<20%,0.00,0.0,NO,STANDBY_VEL_LOW,0,0.00,4590.00,78.36,FALSE,M1_DIRECTION_MISMATCH|OPENING_SHIELD_ACTIVE_14s
2026-09-07 15:23:14.583,1788794594.583,6066,30,379,4414.28,4414.36,8.0,PASS_<=10c,+0.0,FLAT,-24.0,-49.0,4.2,+0.42,0.10,SLOW,4414.77,4415.00,4413.43,4414.48,0.00,0.00,0.0,BULLISH,157.0,4414.52,4414.56,4414.25,4414.28,14,ACTIVE_14s,31.0,24.0,4.0,3.0,12.9,9.7,12.9,PASS_<20%,0.00,0.0,NO,STANDBY_VEL_LOW,0,0.00,4590.00,78.36,FALSE,M1_DIRECTION_MISMATCH|OPENING_SHIELD_ACTIVE_14s
2026-09-07 15:23:15.084,1788794595.084,6067,31,380,4414.27,4414.35,8.0,PASS_<=10c,-1.0,DOWN,-25.0,-50.0,4.2,+0.21,0.05,SLOW,4414.77,4415.00,4413.43,4414.48,0.00,0.00,0.0,BULLISH,157.0,4414.52,4414.56,4414.25,4414.27,15,ACTIVE_15s,31.0,25.0,4.0,2.0,12.9,6.5,12.9,PASS_<20%,0.00,0.0,NO,STANDBY_VEL_LOW,0,0.00,4590.00,78.36,FALSE,M1_DIRECTION_MISMATCH|OPENING_SHIELD_ACTIVE_15s
2026-09-07 15:23:15.586,1788794595.586,6068,32,381,4414.27,4414.35,8.0,PASS_<=10c,+0.0,FLAT,-25.0,-50.0,4.2,+0.00,0.00,SLOW,4414.77,4415.00,4413.43,4414.48,0.00,0.00,0.0,BULLISH,157.0,4414.52,4414.56,4414.25,4414.27,15,ACTIVE_15s,31.0,25.0,4.0,2.0,12.9,6.5,12.9,PASS_<20%,0.00,0.0,NO,STANDBY_VEL_LOW,0,0.00,4590.00,78.36,FALSE,M1_DIRECTION_MISMATCH|OPENING_SHIELD_ACTIVE_15s
2026-09-07 15:23:16.088,1788794596.088,6069,33,382,4414.28,4414.36,8.0,PASS_<=10c,+1.0,UP,-24.0,-49.0,4.2,+0.21,0.05,SLOW,4414.77,4415.00,4413.43,4414.48,0.00,0.00,0.0,BULLISH,157.0,4414.52,4414.56,4414.25,4414.28,16,ACTIVE_16s,31.0,24.0,4.0,3.0,12.9,9.7,12.9,PASS_<20%,0.00,0.0,NO,STANDBY_VEL_LOW,0,0.00,4590.00,78.36,FALSE,M1_DIRECTION_MISMATCH|OPENING_SHIELD_ACTIVE_16s
2026-09-07 15:23:16.590,1788794596.590,6070,34,383,4414.28,4414.36,8.0,PASS_<=10c,+0.0,FLAT,-24.0,-49.0,4.2,+0.21,0.05,SLOW,4414.77,4415.00,4413.43,4414.48,0.00,0.00,0.0,BULLISH,157.0,4414.52,4414.56,4414.25,4414.28,16,ACTIVE_16s,31.0,24.0,4.0,3.0,12.9,9.7,12.9,PASS_<20%,0.00,0.0,NO,STANDBY_VEL_LOW,0,0.00,4590.00,78.36,FALSE,M1_DIRECTION_MISMATCH|OPENING_SHIELD_ACTIVE_16s
2026-09-07 15:23:17.092,1788794597.092,6071,35,384,4414.28,4414.36,8.0,PASS_<=10c,+0.0,FLAT,-24.0,-49.0,4.2,+0.00,0.00,SLOW,4414.77,4415.00,4413.43,4414.48,0.00,0.00,0.0,BULLISH,157.0,4414.52,4414.56,4414.25,4414.28,17,ACTIVE_17s,31.0,24.0,4.0,3.0,12.9,9.7,12.9,PASS_<20%,0.00,0.0,NO,STANDBY_VEL_LOW,0,0.00,4590.00,78.36,FALSE,M1_DIRECTION_MISMATCH|OPENING_SHIELD_ACTIVE_17s
2026-09-07 15:23:17.594,1788794597.594,6072,36,385,4414.27,4414.35,8.0,PASS_<=10c,-1.0,DOWN,-25.0,-50.0,4.2,+0.21,0.05,SLOW,4414.77,4415.00,4413.43,4414.48,0.00,0.00,0.0,BULLISH,157.0,4414.52,4414.56,4414.25,4414.27,17,ACTIVE_17s,31.0,25.0,4.0,2.0,12.9,6.5,12.9,PASS_<20%,0.00,0.0,NO,STANDBY_VEL_LOW,0,0.00,4590.00,78.36,FALSE,M1_DIRECTION_MISMATCH|OPENING_SHIELD_ACTIVE_17s
2026-09-07 15:23:18.097,1788794598.097,6073,37,386,4414.27,4414.35,8.0,PASS_<=10c,+0.0,FLAT,-25.0,-50.0,4.2,+0.21,0.05,SLOW,4414.77,4415.00,4413.43,4414.48,0.00,0.00,0.0,BULLISH,157.0,4414.52,4414.56,4414.25,4414.27,18,ACTIVE_18s,31.0,25.0,4.0,2.0,12.9,6.5,12.9,PASS_<20%,0.00,0.0,NO,STANDBY_VEL_LOW,0,0.00,4590.00,78.36,FALSE,M1_DIRECTION_MISMATCH|OPENING_SHIELD_ACTIVE_18s
2026-09-07 15:23:18.600,1788794598.600,6074,38,387,4414.45,4414.53,8.0,PASS_<=10c,+18.0,UP,-7.0,-32.0,4.2,+3.56,0.85,SLOW,4414.77,4415.00,4413.43,4414.48,0.00,0.00,0.0,BULLISH,157.0,4414.52,4414.56,4414.25,4414.45,18,ACTIVE_18s,31.0,7.0,4.0,20.0,12.9,64.5,12.9,PASS_<20%,0.00,0.0,NO,STANDBY_VEL_LOW,0,0.00,4590.00,78.36,FALSE,M1_DIRECTION_MISMATCH|OPENING_SHIELD_ACTIVE_18s
2026-09-07 15:23:19.100,1788794599.101,6075,39,388,4414.51,4414.59,8.0,PASS_<=10c,+6.0,UP,-1.0,-26.0,4.2,+4.82,1.15,SLOW,4414.77,4415.00,4413.43,4414.48,0.00,0.00,0.0,BULLISH,157.0,4414.52,4414.56,4414.25,4414.51,19,ACTIVE_19s,31.0,1.0,4.0,26.0,12.9,83.9,12.9,PASS_<20%,0.00,0.0,NO,STANDBY_VEL_LOW,0,0.00,4590.00,78.36,FALSE,M1_DIRECTION_MISMATCH|OPENING_SHIELD_ACTIVE_19s
2026-09-07 15:23:19.602,1788794599.603,6076,40,389,4414.53,4414.61,8.0,PASS_<=10c,+2.0,UP,+1.0,-24.0,4.2,+5.24,1.25,SLOW,4414.77,4415.00,4413.43,4414.48,0.00,0.00,0.0,BULLISH,157.0,4414.52,4414.56,4414.25,4414.53,19,ACTIVE_19s,31.0,1.0,3.0,27.0,9.7,87.1,9.7,PASS_<20%,4414.67,14.0,NO,STANDBY_VEL_LOW,0,0.00,4590.00,78.36,FALSE,OPENING_SHIELD_ACTIVE_19s|PRICE_BELOW_15C_DISPLACEMENT
2026-09-07 15:23:20.103,1788794600.103,6077,41,390,4414.57,4414.65,8.0,PASS_<=10c,+4.0,UP,+5.0,-20.0,4.2,+6.29,1.50,SLOW,4414.77,4415.00,4413.43,4414.48,0.00,0.00,0.0,BULLISH,157.0,4414.52,4414.57,4414.25,4414.57,20,CLEARED_>=20s,32.0,5.0,0.0,27.0,0.0,84.4,0.0,PASS_<20%,4414.67,10.0,NO,STANDBY_VEL_LOW,0,0.00,4590.00,78.36,FALSE,PRICE_BELOW_15C_DISPLACEMENT
2026-09-07 15:23:20.604,1788794600.605,6078,42,391,4414.59,4414.67,8.0,PASS_<=10c,+2.0,UP,+7.0,-18.0,4.2,+6.71,1.60,SLOW,4414.77,4415.00,4413.43,4414.48,0.00,0.00,0.0,BULLISH,157.0,4414.52,4414.59,4414.25,4414.59,20,CLEARED_>=20s,34.0,7.0,0.0,27.0,0.0,79.4,0.0,PASS_<20%,4414.67,8.0,YES,STANDBY_VEL_LOW,0,0.00,4590.00,78.36,TRUE,READY_TO_FIRE
2026-09-07 15:23:21.106,1788794601.106,6079,43,392,4414.59,4414.67,8.0,PASS_<=10c,+0.0,FLAT,+7.0,-18.0,4.2,+6.50,1.55,SLOW,4414.77,4415.00,4413.43,4414.48,0.00,0.00,0.0,BULLISH,157.0,4414.52,4414.59,4414.25,4414.59,21,CLEARED_>=20s,34.0,7.0,0.0,27.0,0.0,79.4,0.0,PASS_<20%,4414.67,8.0,YES,STANDBY_VEL_LOW,0,0.00,4590.00,78.36,TRUE,READY_TO_FIRE
2026-09-07 15:23:21.608,1788794601.608,6080,44,393,4414.36,4414.44,8.0,PASS_<=10c,-23.0,DOWN,-16.0,-41.0,4.2,+1.68,0.40,SLOW,4414.77,4415.00,4413.43,4414.48,0.00,0.00,0.0,BULLISH,157.0,4414.52,4414.59,4414.25,4414.36,21,CLEARED_>=20s,34.0,16.0,7.0,11.0,20.6,32.4,20.6,BLOCKED_20.6%,0.00,0.0,NO,STANDBY_VEL_LOW,0,0.00,4590.00,78.36,FALSE,M1_DIRECTION_MISMATCH
2026-09-07 15:23:22.109,1788794602.110,6081,45,394,4414.36,4414.44,8.0,PASS_<=10c,+0.0,FLAT,-16.0,-41.0,4.2,+1.89,0.45,SLOW,4414.77,4415.00,4413.43,4414.48,0.00,0.00,0.0,BULLISH,157.0,4414.52,4414.59,4414.25,4414.36,22,CLEARED_>=20s,34.0,16.0,7.0,11.0,20.6,32.4,20.6,BLOCKED_20.6%,0.00,0.0,NO,STANDBY_VEL_LOW,0,0.00,4590.00,78.36,FALSE,M1_DIRECTION_MISMATCH
2026-09-07 15:23:22.611,1788794602.612,6082,46,395,4414.36,4414.44,8.0,PASS_<=10c,+0.0,FLAT,-16.0,-41.0,4.2,+1.89,0.45,SLOW,4414.77,4415.00,4413.43,4414.48,0.00,0.00,0.0,BULLISH,157.0,4414.52,4414.59,4414.25,4414.36,22,CLEARED_>=20s,34.0,16.0,7.0,11.0,20.6,32.4,20.6,BLOCKED_20.6%,0.00,0.0,NO,STANDBY_VEL_LOW,0,0.00,4590.00,78.36,FALSE,M1_DIRECTION_MISMATCH
2026-09-07 15:23:23.113,1788794603.114,6083,47,396,4414.36,4414.44,8.0,PASS_<=10c,+0.0,FLAT,-16.0,-41.0,4.2,+0.84,0.20,SLOW,4414.77,4415.00,4413.43,4414.48,0.00,0.00,0.0,BULLISH,157.0,4414.52,4414.59,4414.25,4414.36,23,CLEARED_>=20s,34.0,16.0,7.0,11.0,20.6,32.4,20.6,BLOCKED_20.6%,0.00,0.0,NO,STANDBY_VEL_LOW,0,0.00,4590.00,78.36,FALSE,M1_DIRECTION_MISMATCH
2026-09-07 15:23:23.615,1788794603.616,6084,48,397,4414.36,4414.44,8.0,PASS_<=10c,+0.0,FLAT,-16.0,-41.0,4.2,+2.10,0.50,SLOW,4414.77,4415.00,4413.43,4414.48,0.00,0.00,0.0,BULLISH,157.0,4414.52,4414.59,4414.25,4414.36,23,CLEARED_>=20s,34.0,16.0,7.0,11.0,20.6,32.4,20.6,BLOCKED_20.6%,0.00,0.0,NO,STANDBY_VEL_LOW,0,0.00,4590.00,78.36,FALSE,M1_DIRECTION_MISMATCH
2026-09-07 15:23:24.116,1788794604.116,6085,49,398,4414.35,4414.43,8.0,PASS_<=10c,-1.0,DOWN,-17.0,-42.0,4.2,+2.73,0.65,SLOW,4414.77,4415.00,4413.43,4414.48,0.00,0.00,0.0,BULLISH,157.0,4414.52,4414.59,4414.25,4414.35,24,CLEARED_>=20s,34.0,17.0,7.0,10.0,20.6,29.4,20.6,BLOCKED_20.6%,0.00,0.0,NO,STANDBY_VEL_LOW,0,0.00,4590.00,78.36,FALSE,M1_DIRECTION_MISMATCH
2026-09-07 15:23:24.618,1788794604.618,6086,50,399,4414.36,4414.44,8.0,PASS_<=10c,+1.0,UP,-16.0,-41.0,4.2,+3.57,0.85,SLOW,4414.77,4415.00,4413.43,4414.48,0.00,0.00,0.0,BULLISH,157.0,4414.52,4414.59,4414.25,4414.36,24,CLEARED_>=20s,34.0,16.0,7.0,11.0,20.6,32.4,20.6,BLOCKED_20.6%,0.00,0.0,NO,STANDBY_VEL_LOW,0,0.00,4590.00,78.36,FALSE,M1_DIRECTION_MISMATCH
2026-09-07 15:23:25.121,1788794605.121,6087,51,400,4414.36,4414.44,8.0,PASS_<=10c,+0.0,FLAT,-16.0,-41.0,4.2,+4.41,1.05,SLOW,4414.77,4415.00,4413.43,4414.48,0.00,0.00,0.0,BULLISH,157.0,4414.52,4414.59,4414.25,4414.36,25,CLEARED_>=20s,34.0,16.0,7.0,11.0,20.6,32.4,20.6,BLOCKED_20.6%,0.00,0.0,NO,STANDBY_VEL_LOW,0,0.00,4590.00,78.36,FALSE,M1_DIRECTION_MISMATCH
2026-09-07 15:23:25.623,1788794605.623,6088,52,401,4414.38,4414.46,8.0,PASS_<=10c,+2.0,UP,-14.0,-39.0,4.2,+4.40,1.05,SLOW,4414.77,4415.00,4413.43,4414.48,0.00,0.00,0.0,BULLISH,157.0,4414.52,4414.59,4414.25,4414.38,25,CLEARED_>=20s,34.0,14.0,7.0,13.0,20.6,38.2,20.6,BLOCKED_20.6%,0.00,0.0,NO,STANDBY_VEL_LOW,0,0.00,4590.00,78.36,FALSE,M1_DIRECTION_MISMATCH
2026-09-07 15:23:26.124,1788794606.124,6089,53,402,4414.38,4414.46,8.0,PASS_<=10c,+0.0,FLAT,-14.0,-39.0,4.2,+1.05,0.25,SLOW,4414.77,4415.00,4413.43,4414.48,0.00,0.00,0.0,BULLISH,157.0,4414.52,4414.59,4414.25,4414.38,26,CLEARED_>=20s,34.0,14.0,7.0,13.0,20.6,38.2,20.6,BLOCKED_20.6%,0.00,0.0,NO,STANDBY_VEL_LOW,0,0.00,4590.00,78.36,FALSE,M1_DIRECTION_MISMATCH
2026-09-07 15:23:26.626,1788794606.626,6090,54,403,4414.38,4414.46,8.0,PASS_<=10c,+0.0,FLAT,-14.0,-39.0,4.2,+0.42,0.10,SLOW,4414.77,4415.00,4413.43,4414.48,0.00,0.00,0.0,BULLISH,157.0,4414.52,4414.59,4414.25,4414.38,26,CLEARED_>=20s,34.0,14.0,7.0,13.0,20.6,38.2,20.6,BLOCKED_20.6%,0.00,0.0,NO,STANDBY_VEL_LOW,0,0.00,4590.00,78.36,FALSE,M1_DIRECTION_MISMATCH
2026-09-07 15:23:27.127,1788794607.128,6091,55,404,4414.38,4414.46,8.0,PASS_<=10c,+0.0,FLAT,-14.0,-39.0,4.2,+0.42,0.10,SLOW,4414.77,4415.00,4413.43,4414.48,0.00,0.00,0.0,BULLISH,157.0,4414.52,4414.59,4414.25,4414.38,27,CLEARED_>=20s,34.0,14.0,7.0,13.0,20.6,38.2,20.6,BLOCKED_20.6%,0.00,0.0,NO,STANDBY_VEL_LOW,0,0.00,4590.00,78.36,FALSE,M1_DIRECTION_MISMATCH
2026-09-07 15:23:27.628,1788794607.628,6092,56,405,4414.38,4414.46,8.0,PASS_<=10c,+0.0,FLAT,-14.0,-39.0,4.2,+0.42,0.10,SLOW,4414.77,4415.00,4413.43,4414.48,0.00,0.00,0.0,BULLISH,157.0,4414.52,4414.59,4414.25,4414.38,27,CLEARED_>=20s,34.0,14.0,7.0,13.0,20.6,38.2,20.6,BLOCKED_20.6%,0.00,0.0,NO,STANDBY_VEL_LOW,0,0.00,4590.00,78.36,FALSE,M1_DIRECTION_MISMATCH
2026-09-07 15:23:28.129,1788794608.129,6093,57,406,4414.36,4414.44,8.0,PASS_<=10c,-2.0,DOWN,-16.0,-41.0,4.2,+0.15,0.04,SLOW,4414.77,4415.00,4413.43,4414.48,0.00,0.00,0.0,BULLISH,157.0,4414.52,4414.59,4414.25,4414.36,28,CLEARED_>=20s,34.0,16.0,7.0,11.0,20.6,32.4,20.6,BLOCKED_20.6%,0.00,0.0,NO,STANDBY_VEL_LOW,0,0.00,4590.00,78.36,FALSE,M1_DIRECTION_MISMATCH
2026-09-07 15:23:28.630,1788794608.631,6094,58,407,4414.27,4414.35,8.0,PASS_<=10c,-9.0,DOWN,-25.0,-50.0,4.2,+1.89,0.45,SLOW,4414.77,4415.00,4413.43,4414.48,0.00,0.00,0.0,BULLISH,157.0,4414.52,4414.59,4414.25,4414.27,28,CLEARED_>=20s,34.0,25.0,7.0,2.0,20.6,5.9,20.6,BLOCKED_20.6%,0.00,0.0,NO,STANDBY_VEL_LOW,0,0.00,4590.00,78.36,FALSE,M1_DIRECTION_MISMATCH
2026-09-07 15:23:29.132,1788794609.133,6095,59,408,4414.27,4414.35,8.0,PASS_<=10c,+0.0,FLAT,-25.0,-50.0,4.2,+1.89,0.45,SLOW,4414.77,4415.00,4413.43,4414.48,0.00,0.00,0.0,BULLISH,157.0,4414.52,4414.59,4414.25,4414.27,29,CLEARED_>=20s,34.0,25.0,7.0,2.0,20.6,5.9,20.6,BLOCKED_20.6%,0.00,0.0,NO,STANDBY_VEL_LOW,0,0.00,4590.00,78.36,FALSE,M1_DIRECTION_MISMATCH
2026-09-07 15:23:29.633,1788794609.634,6096,60,409,4414.22,4414.30,8.0,PASS_<=10c,-5.0,DOWN,-30.0,-55.0,4.2,+2.94,0.70,SLOW,4414.77,4415.00,4413.43,4414.48,0.00,0.00,0.0,BULLISH,157.0,4414.52,4414.59,4414.22,4414.22,29,CLEARED_>=20s,37.0,30.0,7.0,0.0,18.9,0.0,18.9,PASS_<20%,0.00,0.0,NO,STANDBY_VEL_LOW,0,0.00,4590.00,78.36,FALSE,M1_DIRECTION_MISMATCH
2026-09-07 15:23:30.135,1788794610.136,6097,61,410,4414.13,4414.21,8.0,PASS_<=10c,-9.0,DOWN,-39.0,-64.0,4.2,+5.25,1.25,SLOW,4414.77,4415.00,4413.43,4414.48,0.00,0.00,0.0,BULLISH,157.0,4414.52,4414.59,4414.13,4414.13,30,CLEARED_>=20s,46.0,39.0,7.0,0.0,15.2,0.0,15.2,PASS_<20%,0.00,0.0,NO,STANDBY_VEL_LOW,0,0.00,4590.00,78.36,FALSE,M1_DIRECTION_MISMATCH
2026-09-07 15:23:30.637,1788794610.638,6098,62,411,4414.08,4414.16,8.0,PASS_<=10c,-5.0,DOWN,-44.0,-69.0,4.2,+6.30,1.50,SLOW,4414.77,4415.00,4413.43,4414.48,0.00,0.00,0.0,BULLISH,157.0,4414.52,4414.59,4414.08,4414.08,30,CLEARED_>=20s,51.0,44.0,7.0,0.0,13.7,0.0,13.7,PASS_<20%,0.00,0.0,NO,STANDBY_VEL_LOW,0,0.00,4590.00,78.36,FALSE,M1_DIRECTION_MISMATCH
2026-09-07 15:23:31.138,1788794611.139,6099,63,412,4414.08,4414.16,8.0,PASS_<=10c,+0.0,FLAT,-44.0,-69.0,4.2,+6.30,1.50,SLOW,4414.77,4415.00,4413.43,4414.48,0.00,0.00,0.0,BULLISH,157.0,4414.52,4414.59,4414.08,4414.08,31,CLEARED_>=20s,51.0,44.0,7.0,0.0,13.7,0.0,13.7,PASS_<20%,0.00,0.0,NO,STANDBY_VEL_LOW,0,0.00,4590.00,78.36,FALSE,M1_DIRECTION_MISMATCH
2026-09-07 15:23:31.640,1788794611.641,6100,64,413,4414.09,4414.17,8.0,PASS_<=10c,+1.0,UP,-43.0,-68.0,4.2,+6.09,1.45,SLOW,4414.77,4415.00,4413.43,4414.48,0.00,0.00,0.0,BULLISH,157.0,4414.52,4414.59,4414.08,4414.09,31,CLEARED_>=20s,51.0,43.0,7.0,1.0,13.7,2.0,13.7,PASS_<20%,0.00,0.0,NO,STANDBY_VEL_LOW,0,0.00,4590.00,78.36,FALSE,M1_DIRECTION_MISMATCH
2026-09-07 15:23:32.143,1788794612.143,6101,65,414,4414.06,4414.14,8.0,PASS_<=10c,-3.0,DOWN,-46.0,-71.0,4.2,+6.72,1.60,SLOW,4414.77,4415.00,4413.43,4414.48,0.00,0.00,0.0,BULLISH,157.0,4414.52,4414.59,4414.06,4414.06,32,CLEARED_>=20s,53.0,46.0,7.0,0.0,13.2,0.0,13.2,PASS_<20%,0.00,0.0,NO,STANDBY_VEL_LOW,0,0.00,4590.00,78.36,FALSE,M1_DIRECTION_MISMATCH
2026-09-07 15:23:32.644,1788794612.644,6102,66,415,4414.13,4414.21,8.0,PASS_<=10c,+7.0,UP,-39.0,-64.0,4.2,+4.83,1.15,SLOW,4414.77,4415.00,4413.43,4414.48,0.00,0.00,0.0,BULLISH,157.0,4414.52,4414.59,4414.06,4414.13,32,CLEARED_>=20s,53.0,39.0,7.0,7.0,13.2,13.2,13.2,PASS_<20%,0.00,0.0,NO,STANDBY_VEL_LOW,0,0.00,4590.00,78.36,FALSE,M1_DIRECTION_MISMATCH
2026-09-07 15:23:33.146,1788794613.147,6103,67,416,4414.13,4414.21,8.0,PASS_<=10c,+0.0,FLAT,-39.0,-64.0,4.2,+4.62,1.10,SLOW,4414.77,4415.00,4413.43,4414.48,0.00,0.00,0.0,BULLISH,157.0,4414.52,4414.59,4414.06,4414.13,33,CLEARED_>=20s,53.0,39.0,7.0,7.0,13.2,13.2,13.2,PASS_<20%,0.00,0.0,NO,STANDBY_VEL_LOW,0,0.00,4590.00,78.36,FALSE,M1_DIRECTION_MISMATCH
2026-09-07 15:23:33.648,1788794613.649,6104,68,417,4414.09,4414.17,8.0,PASS_<=10c,-4.0,DOWN,-43.0,-68.0,4.2,+3.78,0.90,SLOW,4414.77,4415.00,4413.43,4414.48,0.00,0.00,0.0,BULLISH,157.0,4414.52,4414.59,4414.06,4414.09,33,CLEARED_>=20s,53.0,43.0,7.0,3.0,13.2,5.7,13.2,PASS_<20%,0.00,0.0,NO,STANDBY_VEL_LOW,0,0.00,4590.00,78.36,FALSE,M1_DIRECTION_MISMATCH
2026-09-07 15:23:34.149,1788794614.150,6105,69,418,4414.09,4414.17,8.0,PASS_<=10c,+0.0,FLAT,-43.0,-68.0,4.2,+3.78,0.90,SLOW,4414.77,4415.00,4413.43,4414.48,0.00,0.00,0.0,BULLISH,157.0,4414.52,4414.59,4414.06,4414.09,34,CLEARED_>=20s,53.0,43.0,7.0,3.0,13.2,5.7,13.2,PASS_<20%,0.00,0.0,NO,STANDBY_VEL_LOW,0,0.00,4590.00,78.36,FALSE,M1_DIRECTION_MISMATCH
2026-09-07 15:23:34.650,1788794614.650,6106,70,419,4414.09,4414.17,8.0,PASS_<=10c,+0.0,FLAT,-43.0,-68.0,4.2,+2.10,0.50,SLOW,4414.77,4415.00,4413.43,4414.48,0.00,0.00,0.0,BULLISH,157.0,4414.52,4414.59,4414.06,4414.09,34,CLEARED_>=20s,53.0,43.0,7.0,3.0,13.2,5.7,13.2,PASS_<20%,0.00,0.0,NO,STANDBY_VEL_LOW,0,0.00,4590.00,78.36,FALSE,M1_DIRECTION_MISMATCH
2026-09-07 15:23:35.152,1788794615.152,6107,71,420,4414.02,4414.10,8.0,PASS_<=10c,-7.0,DOWN,-50.0,-75.0,4.2,+1.68,0.40,SLOW,4414.77,4415.00,4413.43,4414.48,0.00,0.00,0.0,BULLISH,157.0,4414.52,4414.59,4414.02,4414.02,35,CLEARED_>=20s,57.0,50.0,7.0,0.0,12.3,0.0,12.3,PASS_<20%,0.00,0.0,NO,STANDBY_VEL_LOW,0,0.00,4590.00,78.36,FALSE,M1_DIRECTION_MISMATCH
2026-09-07 15:23:35.653,1788794615.654,6108,72,421,4414.02,4414.10,8.0,PASS_<=10c,+0.0,FLAT,-50.0,-75.0,4.2,+1.26,0.30,SLOW,4414.77,4415.00,4413.43,4414.48,0.00,0.00,0.0,BULLISH,157.0,4414.52,4414.59,4414.00,4414.02,35,CLEARED_>=20s,59.0,50.0,7.0,2.0,11.9,3.4,11.9,PASS_<20%,0.00,0.0,NO,STANDBY_VEL_LOW,0,0.00,4590.00,78.36,FALSE,M1_DIRECTION_MISMATCH
2026-09-07 15:23:36.155,1788794616.156,6109,73,422,4413.98,4414.06,8.0,PASS_<=10c,-4.0,DOWN,-54.0,-79.0,4.2,+2.10,0.50,SLOW,4414.77,4415.00,4413.43,4414.48,0.00,0.00,0.0,BULLISH,157.0,4414.52,4414.59,4413.98,4413.98,36,CLEARED_>=20s,61.0,54.0,7.0,0.0,11.5,0.0,11.5,PASS_<20%,0.00,0.0,NO,STANDBY_VEL_LOW,0,0.00,4590.00,78.36,FALSE,M1_DIRECTION_MISMATCH
2026-09-07 15:23:36.656,1788794616.657,6110,74,423,4413.83,4413.91,8.0,PASS_<=10c,-15.0,DOWN,-69.0,-94.0,4.2,+5.25,1.25,SLOW,4414.77,4415.00,4413.43,4414.48,0.00,0.00,0.0,BULLISH,157.0,4414.52,4414.59,4413.83,4413.83,36,CLEARED_>=20s,76.0,69.0,7.0,0.0,9.2,0.0,9.2,PASS_<20%,0.00,0.0,NO,STANDBY_VEL_LOW,0,0.00,4590.00,78.36,FALSE,M1_DIRECTION_MISMATCH
2026-09-07 15:23:37.158,1788794617.158,6111,75,424,4413.79,4413.87,8.0,PASS_<=10c,-4.0,DOWN,-73.0,-98.0,4.2,+5.67,1.35,SLOW,4414.77,4415.00,4413.43,4414.48,0.00,0.00,0.0,BULLISH,157.0,4414.52,4414.59,4413.79,4413.79,37,CLEARED_>=20s,80.0,73.0,7.0,0.0,8.7,0.0,8.7,PASS_<20%,0.00,0.0,NO,STANDBY_VEL_LOW,0,0.00,4590.00,78.36,FALSE,M1_DIRECTION_MISMATCH
2026-09-07 15:23:37.661,1788794617.661,6112,76,425,4413.80,4413.88,8.0,PASS_<=10c,+1.0,UP,-72.0,-97.0,4.2,+6.93,1.65,SLOW,4414.77,4415.00,4413.43,4414.48,0.00,0.00,0.0,BULLISH,157.0,4414.52,4414.59,4413.79,4413.80,37,CLEARED_>=20s,80.0,72.0,7.0,1.0,8.7,1.3,8.7,PASS_<20%,0.00,0.0,NO,STANDBY_VEL_LOW,0,0.00,4590.00,78.36,FALSE,M1_DIRECTION_MISMATCH
2026-09-07 15:23:38.161,1788794618.162,6113,77,426,4413.80,4413.88,8.0,PASS_<=10c,+0.0,FLAT,-72.0,-97.0,4.2,+6.93,1.65,SLOW,4414.77,4415.00,4413.43,4414.48,0.00,0.00,0.0,BULLISH,157.0,4414.52,4414.59,4413.79,4413.80,38,CLEARED_>=20s,80.0,72.0,7.0,1.0,8.7,1.3,8.7,PASS_<20%,0.00,0.0,NO,STANDBY_VEL_LOW,0,0.00,4590.00,78.36,FALSE,M1_DIRECTION_MISMATCH
2026-09-07 15:23:38.663,1788794618.664,6114,78,427,4413.78,4413.86,8.0,PASS_<=10c,-2.0,DOWN,-74.0,-99.0,4.2,+6.51,1.55,SLOW,4414.77,4415.00,4413.43,4414.48,0.00,0.00,0.0,BULLISH,157.0,4414.52,4414.59,4413.78,4413.78,38,CLEARED_>=20s,81.0,74.0,7.0,0.0,8.6,0.0,8.6,PASS_<20%,0.00,0.0,NO,STANDBY_VEL_LOW,0,0.00,4590.00,78.36,FALSE,M1_DIRECTION_MISMATCH
2026-09-07 15:23:39.164,1788794619.164,6115,79,428,4413.72,4413.80,8.0,PASS_<=10c,-6.0,DOWN,-80.0,-105.0,4.2,+7.77,1.85,SLOW,4414.77,4415.00,4413.43,4414.48,0.00,0.00,0.0,BULLISH,157.0,4414.52,4414.59,4413.72,4413.72,39,CLEARED_>=20s,87.0,80.0,7.0,0.0,8.0,0.0,8.0,PASS_<20%,0.00,0.0,NO,STANDBY_VEL_LOW,0,0.00,4590.00,78.36,FALSE,M1_DIRECTION_MISMATCH
2026-09-07 15:23:39.665,1788794619.666,6116,80,429,4413.67,4413.75,8.0,PASS_<=10c,-5.0,DOWN,-85.0,-110.0,4.2,+7.77,1.85,SLOW,4414.77,4415.00,4413.43,4414.48,0.00,0.00,0.0,BULLISH,157.0,4414.52,4414.59,4413.67,4413.67,39,CLEARED_>=20s,92.0,85.0,7.0,0.0,7.6,0.0,7.6,PASS_<20%,0.00,0.0,NO,STANDBY_VEL_LOW,0,0.00,4590.00,78.36,FALSE,M1_DIRECTION_MISMATCH
2026-09-07 15:23:40.167,1788794620.168,6117,81,430,4413.74,4413.82,8.0,PASS_<=10c,+7.0,UP,-78.0,-103.0,4.2,+5.46,1.30,SLOW,4414.77,4415.00,4413.43,4414.48,0.00,0.00,0.0,BULLISH,157.0,4414.52,4414.59,4413.67,4413.74,40,CLEARED_>=20s,92.0,78.0,7.0,7.0,7.6,7.6,7.6,PASS_<20%,0.00,0.0,NO,STANDBY_VEL_LOW,0,0.00,4590.00,78.36,FALSE,M1_DIRECTION_MISMATCH
2026-09-07 15:23:40.668,1788794620.668,6118,82,431,4413.85,4413.93,8.0,PASS_<=10c,+11.0,UP,-67.0,-92.0,4.2,+3.57,0.85,SLOW,4414.77,4415.00,4413.43,4414.48,0.00,0.00,0.0,BULLISH,157.0,4414.52,4414.59,4413.67,4413.85,40,CLEARED_>=20s,92.0,67.0,7.0,18.0,7.6,19.6,7.6,PASS_<20%,0.00,0.0,NO,STANDBY_VEL_LOW,0,0.00,4590.00,78.36,FALSE,M1_DIRECTION_MISMATCH
2026-09-07 15:23:41.168,1788794621.169,6119,83,432,4413.85,4413.93,8.0,PASS_<=10c,+0.0,FLAT,-67.0,-92.0,4.2,+1.05,0.25,SLOW,4414.77,4415.00,4413.43,4414.48,0.00,0.00,0.0,BULLISH,157.0,4414.52,4414.59,4413.67,4413.85,41,CLEARED_>=20s,92.0,67.0,7.0,18.0,7.6,19.6,7.6,PASS_<20%,0.00,0.0,NO,STANDBY_VEL_LOW,0,0.00,4590.00,78.36,FALSE,M1_DIRECTION_MISMATCH
2026-09-07 15:23:41.670,1788794621.670,6120,84,433,4413.79,4413.87,8.0,PASS_<=10c,-6.0,DOWN,-73.0,-98.0,4.2,+0.42,0.10,SLOW,4414.77,4415.00,4413.43,4414.48,0.00,0.00,0.0,BULLISH,157.0,4414.52,4414.59,4413.67,4413.79,41,CLEARED_>=20s,92.0,73.0,7.0,12.0,7.6,13.0,7.6,PASS_<20%,0.00,0.0,NO,STANDBY_VEL_LOW,0,0.00,4590.00,78.36,FALSE,M1_DIRECTION_MISMATCH
2026-09-07 15:23:42.172,1788794622.172,6121,85,434,4413.76,4413.84,8.0,PASS_<=10c,-3.0,DOWN,-76.0,-101.0,4.2,+1.05,0.25,SLOW,4414.77,4415.00,4413.43,4414.48,0.00,0.00,0.0,BULLISH,157.0,4414.52,4414.59,4413.67,4413.76,42,CLEARED_>=20s,92.0,76.0,7.0,9.0,7.6,9.8,7.6,PASS_<20%,0.00,0.0,NO,STANDBY_VEL_LOW,0,0.00,4590.00,78.36,FALSE,M1_DIRECTION_MISMATCH
2026-09-07 15:23:42.673,1788794622.674,6122,86,435,4413.77,4413.85,8.0,PASS_<=10c,+1.0,UP,-75.0,-100.0,4.2,+0.63,0.15,SLOW,4414.77,4415.00,4413.43,4414.48,0.00,0.00,0.0,BULLISH,157.0,4414.52,4414.59,4413.67,4413.77,42,CLEARED_>=20s,92.0,75.0,7.0,10.0,7.6,10.9,7.6,PASS_<20%,0.00,0.0,NO,STANDBY_VEL_LOW,0,0.00,4590.00,78.36,FALSE,M1_DIRECTION_MISMATCH
2026-09-07 15:23:43.175,1788794623.176,6123,87,436,4413.76,4413.84,8.0,PASS_<=10c,-1.0,DOWN,-76.0,-101.0,4.2,+0.42,0.10,SLOW,4414.77,4415.00,4413.43,4414.48,0.00,0.00,0.0,BULLISH,157.0,4414.52,4414.59,4413.67,4413.76,43,CLEARED_>=20s,92.0,76.0,7.0,9.0,7.6,9.8,7.6,PASS_<20%,0.00,0.0,NO,STANDBY_VEL_LOW,0,0.00,4590.00,78.36,FALSE,M1_DIRECTION_MISMATCH
2026-09-07 15:23:43.678,1788794623.678,6124,88,437,4413.66,4413.74,8.0,PASS_<=10c,-10.0,DOWN,-86.0,-111.0,4.2,+2.52,0.60,SLOW,4414.77,4415.00,4413.43,4414.48,0.00,0.00,0.0,BULLISH,157.0,4414.52,4414.59,4413.66,4413.66,43,CLEARED_>=20s,93.0,86.0,7.0,0.0,7.5,0.0,7.5,PASS_<20%,0.00,0.0,NO,STANDBY_VEL_LOW,0,0.00,4590.00,78.36,FALSE,M1_DIRECTION_MISMATCH
2026-09-07 15:23:44.179,1788794624.180,6125,89,438,4413.64,4413.72,8.0,PASS_<=10c,-2.0,DOWN,-88.0,-113.0,4.2,+1.47,0.35,SLOW,4414.77,4415.00,4413.43,4414.48,0.00,0.00,0.0,BULLISH,157.0,4414.52,4414.59,4413.64,4413.64,44,CLEARED_>=20s,95.0,88.0,7.0,0.0,7.4,0.0,7.4,PASS_<20%,0.00,0.0,NO,STANDBY_VEL_LOW,0,0.00,4590.00,78.36,FALSE,M1_DIRECTION_MISMATCH
2026-09-07 15:23:44.681,1788794624.681,6126,90,439,4413.64,4413.72,8.0,PASS_<=10c,+0.0,FLAT,-88.0,-113.0,4.2,+0.63,0.15,SLOW,4414.77,4415.00,4413.43,4414.48,0.00,0.00,0.0,BULLISH,157.0,4414.52,4414.59,4413.64,4413.64,44,CLEARED_>=20s,95.0,88.0,7.0,0.0,7.4,0.0,7.4,PASS_<20%,0.00,0.0,NO,STANDBY_VEL_LOW,0,0.00,4590.00,78.36,FALSE,M1_DIRECTION_MISMATCH
2026-09-07 15:23:45.183,1788794625.183,6127,91,440,4413.66,4413.74,8.0,PASS_<=10c,+2.0,UP,-86.0,-111.0,4.2,+3.99,0.95,SLOW,4414.77,4415.00,4413.43,4414.48,0.00,0.00,0.0,BULLISH,157.0,4414.52,4414.59,4413.64,4413.66,45,CLEARED_>=20s,95.0,86.0,7.0,2.0,7.4,2.1,7.4,PASS_<20%,0.00,0.0,NO,STANDBY_VEL_LOW,0,0.00,4590.00,78.36,FALSE,M1_DIRECTION_MISMATCH
2026-09-07 15:23:45.684,1788794625.685,6128,92,441,4413.66,4413.74,8.0,PASS_<=10c,+0.0,FLAT,-86.0,-111.0,4.2,+3.99,0.95,SLOW,4414.77,4415.00,4413.43,4414.48,0.00,0.00,0.0,BULLISH,157.0,4414.52,4414.59,4413.64,4413.66,45,CLEARED_>=20s,95.0,86.0,7.0,2.0,7.4,2.1,7.4,PASS_<20%,0.00,0.0,NO,STANDBY_VEL_LOW,0,0.00,4590.00,78.36,FALSE,M1_DIRECTION_MISMATCH
2026-09-07 15:23:46.186,1788794626.187,6129,93,442,4413.83,4413.91,8.0,PASS_<=10c,+17.0,UP,-69.0,-94.0,4.2,+0.84,0.20,SLOW,4414.77,4415.00,4413.43,4414.48,0.00,0.00,0.0,BULLISH,157.0,4414.52,4414.59,4413.64,4413.83,46,CLEARED_>=20s,95.0,69.0,7.0,19.0,7.4,20.0,7.4,PASS_<20%,0.00,0.0,NO,STANDBY_VEL_LOW,0,0.00,4590.00,78.36,FALSE,M1_DIRECTION_MISMATCH
2026-09-07 15:23:46.725,1788794626.726,6130,94,443,4413.99,4414.07,8.0,PASS_<=10c,+16.0,UP,-53.0,-78.0,4.2,+4.16,0.99,SLOW,4414.77,4415.00,4413.43,4414.48,0.00,0.00,0.0,BULLISH,157.0,4414.52,4414.59,4413.64,4413.99,46,CLEARED_>=20s,95.0,53.0,7.0,35.0,7.4,36.8,7.4,PASS_<20%,0.00,0.0,NO,STANDBY_VEL_LOW,0,0.00,4590.00,78.36,FALSE,M1_DIRECTION_MISMATCH
2026-09-07 15:23:47.227,1788794627.228,6131,95,444,4413.97,4414.05,8.0,PASS_<=10c,-2.0,DOWN,-55.0,-80.0,4.2,+4.37,1.04,SLOW,4414.77,4415.00,4413.43,4414.48,0.00,0.00,0.0,BULLISH,157.0,4414.52,4414.59,4413.64,4413.97,47,CLEARED_>=20s,95.0,55.0,7.0,33.0,7.4,34.7,7.4,PASS_<20%,0.00,0.0,NO,STANDBY_VEL_LOW,0,0.00,4590.00,78.36,FALSE,M1_DIRECTION_MISMATCH
2026-09-07 15:23:47.730,1788794627.730,6132,96,445,4413.97,4414.05,8.0,PASS_<=10c,+0.0,FLAT,-55.0,-80.0,4.2,+4.37,1.04,SLOW,4414.77,4415.00,4413.43,4414.48,0.00,0.00,0.0,BULLISH,157.0,4414.52,4414.59,4413.64,4413.97,47,CLEARED_>=20s,95.0,55.0,7.0,33.0,7.4,34.7,7.4,PASS_<20%,0.00,0.0,NO,STANDBY_VEL_LOW,0,0.00,4590.00,78.36,FALSE,M1_DIRECTION_MISMATCH
2026-09-07 15:23:48.231,1788794628.232,6133,97,446,4413.86,4413.94,8.0,PASS_<=10c,-11.0,DOWN,-66.0,-91.0,4.2,+2.91,0.69,SLOW,4414.77,4415.00,4413.43,4414.48,0.00,0.00,0.0,BULLISH,157.0,4414.52,4414.59,4413.64,4413.86,48,CLEARED_>=20s,95.0,66.0,7.0,22.0,7.4,23.2,7.4,PASS_<20%,0.00,0.0,NO,STANDBY_VEL_LOW,0,0.00,4590.00,78.36,FALSE,M1_DIRECTION_MISMATCH
2026-09-07 15:23:48.733,1788794628.734,6134,98,447,4413.83,4413.91,8.0,PASS_<=10c,-3.0,DOWN,-69.0,-94.0,4.2,+3.95,0.94,SLOW,4414.77,4415.00,4413.43,4414.48,0.00,0.00,0.0,BULLISH,157.0,4414.52,4414.59,4413.64,4413.83,48,CLEARED_>=20s,95.0,69.0,7.0,19.0,7.4,20.0,7.4,PASS_<20%,0.00,0.0,NO,STANDBY_VEL_LOW,0,0.00,4590.00,78.36,FALSE,M1_DIRECTION_MISMATCH
2026-09-07 15:23:49.235,1788794629.235,6135,99,448,4413.83,4413.91,8.0,PASS_<=10c,+0.0,FLAT,-69.0,-94.0,4.2,+3.95,0.94,SLOW,4414.77,4415.00,4413.43,4414.48,0.00,0.00,0.0,BULLISH,157.0,4414.52,4414.59,4413.64,4413.83,49,CLEARED_>=20s,95.0,69.0,7.0,19.0,7.4,20.0,7.4,PASS_<20%,0.00,0.0,NO,STANDBY_VEL_LOW,0,0.00,4590.00,78.36,FALSE,M1_DIRECTION_MISMATCH
2026-09-07 15:23:49.736,1788794629.737,6136,100,449,4413.83,4413.91,8.0,PASS_<=10c,+0.0,FLAT,-69.0,-94.0,4.2,+3.54,0.84,SLOW,4414.77,4415.00,4413.43,4414.48,0.00,0.00,0.0,BULLISH,157.0,4414.52,4414.59,4413.64,4413.83,49,CLEARED_>=20s,95.0,69.0,7.0,19.0,7.4,20.0,7.4,PASS_<20%,0.00,0.0,NO,STANDBY_VEL_LOW,0,0.00,4590.00,78.36,FALSE,M1_DIRECTION_MISMATCH
2026-09-07 15:23:50.238,1788794630.239,6137,101,450,4413.83,4413.91,8.0,PASS_<=10c,+0.0,FLAT,-69.0,-94.0,4.2,+3.54,0.84,SLOW,4414.77,4415.00,4413.43,4414.48,0.00,0.00,0.0,BULLISH,157.0,4414.52,4414.59,4413.64,4413.83,50,CLEARED_>=20s,95.0,69.0,7.0,19.0,7.4,20.0,7.4,PASS_<20%,0.00,0.0,NO,STANDBY_VEL_LOW,0,0.00,4590.00,78.36,FALSE,M1_DIRECTION_MISMATCH
2026-09-07 15:23:50.740,1788794630.741,6138,102,451,4413.83,4413.91,8.0,PASS_<=10c,+0.0,FLAT,-69.0,-94.0,4.2,+2.50,0.60,SLOW,4414.77,4415.00,4413.43,4414.48,0.00,0.00,0.0,BULLISH,157.0,4414.52,4414.59,4413.64,4413.83,50,CLEARED_>=20s,95.0,69.0,7.0,19.0,7.4,20.0,7.4,PASS_<20%,0.00,0.0,NO,STANDBY_VEL_LOW,0,0.00,4590.00,78.36,FALSE,M1_DIRECTION_MISMATCH
2026-09-07 15:23:51.242,1788794631.242,6139,103,452,4413.83,4413.91,8.0,PASS_<=10c,+0.0,FLAT,-69.0,-94.0,4.2,+0.00,0.00,SLOW,4414.77,4415.00,4413.43,4414.48,0.00,0.00,0.0,BULLISH,157.0,4414.52,4414.59,4413.64,4413.83,51,CLEARED_>=20s,95.0,69.0,7.0,19.0,7.4,20.0,7.4,PASS_<20%,0.00,0.0,NO,STANDBY_VEL_LOW,0,0.00,4590.00,78.36,FALSE,M1_DIRECTION_MISMATCH
2026-09-07 15:23:51.743,1788794631.744,6140,104,453,4413.83,4413.91,8.0,PASS_<=10c,+0.0,FLAT,-69.0,-94.0,4.2,+2.94,0.70,SLOW,4414.77,4415.00,4413.43,4414.48,0.00,0.00,0.0,BULLISH,157.0,4414.52,4414.59,4413.64,4413.83,51,CLEARED_>=20s,95.0,69.0,7.0,19.0,7.4,20.0,7.4,PASS_<20%,0.00,0.0,NO,STANDBY_VEL_LOW,0,0.00,4590.00,78.36,FALSE,M1_DIRECTION_MISMATCH
2026-09-07 15:23:52.245,1788794632.246,6141,105,454,4413.83,4413.91,8.0,PASS_<=10c,+0.0,FLAT,-69.0,-94.0,4.2,+2.94,0.70,SLOW,4414.77,4415.00,4413.43,4414.48,0.00,0.00,0.0,BULLISH,157.0,4414.52,4414.59,4413.64,4413.83,52,CLEARED_>=20s,95.0,69.0,7.0,19.0,7.4,20.0,7.4,PASS_<20%,0.00,0.0,NO,STANDBY_VEL_LOW,0,0.00,4590.00,78.36,FALSE,M1_DIRECTION_MISMATCH
2026-09-07 15:23:52.746,1788794632.747,6142,106,455,4413.83,4413.91,8.0,PASS_<=10c,+0.0,FLAT,-69.0,-94.0,4.2,+2.31,0.55,SLOW,4414.77,4415.00,4413.43,4414.48,0.00,0.00,0.0,BULLISH,157.0,4414.52,4414.59,4413.64,4413.83,52,CLEARED_>=20s,95.0,69.0,7.0,19.0,7.4,20.0,7.4,PASS_<20%,0.00,0.0,NO,STANDBY_VEL_LOW,0,0.00,4590.00,78.36,FALSE,M1_DIRECTION_MISMATCH
2026-09-07 15:23:53.248,1788794633.249,6143,107,456,4413.83,4413.91,8.0,PASS_<=10c,+0.0,FLAT,-69.0,-94.0,4.2,+0.42,0.10,SLOW,4414.77,4415.00,4413.43,4414.48,0.00,0.00,0.0,BULLISH,157.0,4414.52,4414.59,4413.64,4413.83,53,CLEARED_>=20s,95.0,69.0,7.0,19.0,7.4,20.0,7.4,PASS_<20%,0.00,0.0,NO,STANDBY_VEL_LOW,0,0.00,4590.00,78.36,FALSE,M1_DIRECTION_MISMATCH
2026-09-07 15:23:53.750,1788794633.751,6144,108,457,4413.83,4413.91,8.0,PASS_<=10c,+0.0,FLAT,-69.0,-94.0,4.2,+0.00,0.00,SLOW,4414.77,4415.00,4413.43,4414.48,0.00,0.00,0.0,BULLISH,157.0,4414.52,4414.59,4413.64,4413.83,53,CLEARED_>=20s,95.0,69.0,7.0,19.0,7.4,20.0,7.4,PASS_<20%,0.00,0.0,NO,STANDBY_VEL_LOW,0,0.00,4590.00,78.36,FALSE,M1_DIRECTION_MISMATCH
2026-09-07 15:23:54.251,1788794634.252,6145,109,458,4413.86,4413.94,8.0,PASS_<=10c,+3.0,UP,-66.0,-91.0,4.2,+0.63,0.15,SLOW,4414.77,4415.00,4413.43,4414.48,0.00,0.00,0.0,BULLISH,157.0,4414.52,4414.59,4413.64,4413.86,54,CLEARED_>=20s,95.0,66.0,7.0,22.0,7.4,23.2,7.4,PASS_<20%,0.00,0.0,NO,STANDBY_VEL_LOW,0,0.00,4590.00,78.36,FALSE,M1_DIRECTION_MISMATCH
2026-09-07 15:23:54.753,1788794634.754,6146,110,459,4413.87,4413.95,8.0,PASS_<=10c,+1.0,UP,-65.0,-90.0,4.2,+0.84,0.20,SLOW,4414.77,4415.00,4413.43,4414.48,0.00,0.00,0.0,BULLISH,157.0,4414.52,4414.59,4413.64,4413.87,54,CLEARED_>=20s,95.0,65.0,7.0,23.0,7.4,24.2,7.4,PASS_<20%,0.00,0.0,NO,STANDBY_VEL_LOW,0,0.00,4590.00,78.36,FALSE,M1_DIRECTION_MISMATCH
2026-09-07 15:23:55.256,1788794635.257,6147,111,460,4413.87,4413.95,8.0,PASS_<=10c,+0.0,FLAT,-65.0,-90.0,4.2,+0.84,0.20,SLOW,4414.77,4415.00,4413.43,4414.48,0.00,0.00,0.0,BULLISH,157.0,4414.52,4414.59,4413.64,4413.87,55,CLEARED_>=20s,95.0,65.0,7.0,23.0,7.4,24.2,7.4,PASS_<20%,0.00,0.0,NO,STANDBY_VEL_LOW,0,0.00,4590.00,78.36,FALSE,M1_DIRECTION_MISMATCH
2026-09-07 15:23:55.757,1788794635.758,6148,112,461,4413.97,4414.05,8.0,PASS_<=10c,+10.0,UP,-55.0,-80.0,4.2,+2.94,0.70,SLOW,4414.77,4415.00,4413.43,4414.48,0.00,0.00,0.0,BULLISH,157.0,4414.52,4414.59,4413.64,4413.97,55,CLEARED_>=20s,95.0,55.0,7.0,33.0,7.4,34.7,7.4,PASS_<20%,0.00,0.0,NO,STANDBY_VEL_LOW,0,0.00,4590.00,78.36,FALSE,M1_DIRECTION_MISMATCH
2026-09-07 15:23:56.258,1788794636.258,6149,113,462,4413.99,4414.07,8.0,PASS_<=10c,+2.0,UP,-53.0,-78.0,4.2,+3.36,0.80,SLOW,4414.77,4415.00,4413.43,4414.48,0.00,0.00,0.0,BULLISH,157.0,4414.52,4414.59,4413.64,4413.99,56,CLEARED_>=20s,95.0,53.0,7.0,35.0,7.4,36.8,7.4,PASS_<20%,0.00,0.0,NO,STANDBY_VEL_LOW,0,0.00,4590.00,78.36,FALSE,M1_DIRECTION_MISMATCH
2026-09-07 15:23:56.762,1788794636.763,6150,114,463,4413.98,4414.06,8.0,PASS_<=10c,-1.0,DOWN,-54.0,-79.0,4.2,+3.15,0.75,SLOW,4414.77,4415.00,4413.43,4414.48,0.00,0.00,0.0,BULLISH,157.0,4414.52,4414.59,4413.64,4413.98,56,CLEARED_>=20s,95.0,54.0,7.0,34.0,7.4,35.8,7.4,PASS_<20%,0.00,0.0,NO,STANDBY_VEL_LOW,0,0.00,4590.00,78.36,FALSE,M1_DIRECTION_MISMATCH
2026-09-07 15:23:57.260,1788794637.261,6151,115,464,4413.98,4414.06,8.0,PASS_<=10c,+0.0,FLAT,-54.0,-79.0,4.2,+3.15,0.75,SLOW,4414.77,4415.00,4413.43,4414.48,0.00,0.00,0.0,BULLISH,157.0,4414.52,4414.59,4413.64,4413.98,57,CLEARED_>=20s,95.0,54.0,7.0,34.0,7.4,35.8,7.4,PASS_<20%,0.00,0.0,NO,STANDBY_VEL_LOW,0,0.00,4590.00,78.36,FALSE,M1_DIRECTION_MISMATCH
2026-09-07 15:23:57.762,1788794637.763,6152,116,465,4413.98,4414.06,8.0,PASS_<=10c,+0.0,FLAT,-54.0,-79.0,4.2,+3.15,0.75,SLOW,4414.77,4415.00,4413.43,4414.48,0.00,0.00,0.0,BULLISH,157.0,4414.52,4414.59,4413.64,4413.98,57,CLEARED_>=20s,95.0,54.0,7.0,34.0,7.4,35.8,7.4,PASS_<20%,0.00,0.0,NO,STANDBY_VEL_LOW,0,0.00,4590.00,78.36,FALSE,M1_DIRECTION_MISMATCH
2026-09-07 15:23:58.264,1788794638.265,6153,117,466,4413.99,4414.07,8.0,PASS_<=10c,+1.0,UP,-53.0,-78.0,4.2,+3.36,0.80,SLOW,4414.77,4415.00,4413.43,4414.48,0.00,0.00,0.0,BULLISH,157.0,4414.52,4414.59,4413.64,4413.99,58,CLEARED_>=20s,95.0,53.0,7.0,35.0,7.4,36.8,7.4,PASS_<20%,0.00,0.0,NO,STANDBY_VEL_LOW,0,0.00,4590.00,78.36,FALSE,M1_DIRECTION_MISMATCH
2026-09-07 15:23:58.766,1788794638.767,6154,118,467,4413.99,4414.07,8.0,PASS_<=10c,+0.0,FLAT,-53.0,-78.0,4.2,+3.36,0.80,SLOW,4414.77,4415.00,4413.43,4414.48,0.00,0.00,0.0,BULLISH,157.0,4414.52,4414.59,4413.64,4413.99,58,CLEARED_>=20s,95.0,53.0,7.0,35.0,7.4,36.8,7.4,PASS_<20%,0.00,0.0,NO,STANDBY_VEL_LOW,0,0.00,4590.00,78.36,FALSE,M1_DIRECTION_MISMATCH
2026-09-07 15:23:59.269,1788794639.270,6155,119,468,4413.96,4414.04,8.0,PASS_<=10c,-3.0,DOWN,-56.0,-81.0,4.2,+2.10,0.50,SLOW,4414.77,4415.00,4413.43,4414.48,0.00,0.00,0.0,BULLISH,157.0,4414.52,4414.59,4413.64,4413.96,59,CLEARED_>=20s,95.0,56.0,7.0,32.0,7.4,33.7,7.4,PASS_<20%,0.00,0.0,NO,STANDBY_VEL_LOW,0,0.00,4590.00,78.36,FALSE,M1_DIRECTION_MISMATCH
2026-09-07 15:23:59.770,1788794639.771,6156,120,469,4414.08,4414.16,8.0,PASS_<=10c,+12.0,UP,-44.0,-69.0,4.2,+4.41,1.05,SLOW,4414.77,4415.00,4413.43,4414.48,0.00,0.00,0.0,BULLISH,157.0,4414.52,4414.59,4413.64,4414.08,59,CLEARED_>=20s,95.0,44.0,7.0,44.0,7.4,46.3,7.4,PASS_<20%,0.00,0.0,NO,STANDBY_VEL_LOW,0,0.00,4590.00,78.36,FALSE,M1_DIRECTION_MISMATCH
2026-09-07 15:24:00.272,1788794640.272,6157,1,470,4414.08,4414.16,8.0,PASS_<=10c,+0.0,FLAT,+0.0,-69.0,4.2,+4.41,1.05,SLOW,4414.77,4415.00,4413.43,4414.48,0.00,0.00,0.0,BULLISH,157.0,4414.08,4414.08,4414.08,4414.08,0,ACTIVE_0s,1.0,0.0,0.0,0.0,0.0,0.0,0.0,PASS_<20%,0.00,0.0,NO,STANDBY_VEL_LOW,0,0.00,4590.00,78.36,FALSE,M1_DIRECTION_MISMATCH|OPENING_SHIELD_ACTIVE_0s
2026-09-07 15:24:00.775,1788794640.775,6158,2,471,4414.05,4414.13,8.0,PASS_<=10c,-3.0,DOWN,-3.0,-72.0,4.2,+1.68,0.40,SLOW,4414.77,4415.00,4413.43,4414.48,0.00,0.00,0.0,BULLISH,157.0,4414.08,4414.08,4414.05,4414.05,0,ACTIVE_0s,3.0,3.0,0.0,0.0,0.0,0.0,0.0,PASS_<20%,0.00,0.0,NO,STANDBY_VEL_LOW,0,0.00,4590.00,78.36,FALSE,M1_DIRECTION_MISMATCH|OPENING_SHIELD_ACTIVE_0s
2026-09-07 15:24:01.276,1788794641.277,6159,3,472,4413.99,4414.07,8.0,PASS_<=10c,-6.0,DOWN,-9.0,-78.0,4.2,+0.21,0.05,SLOW,4414.77,4415.00,4413.43,4414.48,0.00,0.00,0.0,BULLISH,157.0,4414.08,4414.08,4413.99,4413.99,1,ACTIVE_1s,9.0,9.0,0.0,0.0,0.0,0.0,0.0,PASS_<20%,0.00,0.0,NO,STANDBY_VEL_LOW,0,0.00,4590.00,78.36,FALSE,M1_DIRECTION_MISMATCH|OPENING_SHIELD_ACTIVE_1s
2026-09-07 15:24:01.777,1788794641.778,6160,4,473,4413.98,4414.06,8.0,PASS_<=10c,-1.0,DOWN,-10.0,-79.0,4.2,+0.21,0.05,SLOW,4414.77,4415.00,4413.43,4414.48,0.00,0.00,0.0,BULLISH,157.0,4414.08,4414.08,4413.98,4413.98,1,ACTIVE_1s,10.0,10.0,0.0,0.0,0.0,0.0,0.0,PASS_<20%,0.00,0.0,NO,STANDBY_VEL_LOW,0,0.00,4590.00,78.36,FALSE,M1_DIRECTION_MISMATCH|OPENING_SHIELD_ACTIVE_1s
2026-09-07 15:24:02.279,1788794642.280,6161,5,474,4413.97,4414.05,8.0,PASS_<=10c,-1.0,DOWN,-11.0,-80.0,4.2,+0.21,0.05,SLOW,4414.77,4415.00,4413.43,4414.48,0.00,0.00,0.0,BULLISH,157.0,4414.08,4414.08,4413.97,4413.97,2,ACTIVE_2s,11.0,11.0,0.0,0.0,0.0,0.0,0.0,PASS_<20%,0.00,0.0,NO,STANDBY_VEL_LOW,0,0.00,4590.00,78.36,FALSE,M1_DIRECTION_MISMATCH|OPENING_SHIELD_ACTIVE_2s
2026-09-07 15:24:02.781,1788794642.781,6162,6,475,4413.94,4414.02,8.0,PASS_<=10c,-3.0,DOWN,-14.0,-83.0,4.2,+0.84,0.20,SLOW,4414.77,4415.00,4413.43,4414.48,0.00,0.00,0.0,BULLISH,157.0,4414.08,4414.08,4413.94,4413.94,2,ACTIVE_2s,14.0,14.0,0.0,0.0,0.0,0.0,0.0,PASS_<20%,0.00,0.0,NO,STANDBY_VEL_LOW,0,0.00,4590.00,78.36,FALSE,M1_DIRECTION_MISMATCH|OPENING_SHIELD_ACTIVE_2s
2026-09-07 15:24:03.282,1788794643.283,6163,7,476,4413.92,4414.00,8.0,PASS_<=10c,-2.0,DOWN,-16.0,-85.0,4.2,+1.47,0.35,SLOW,4414.77,4415.00,4413.43,4414.48,0.00,0.00,0.0,BULLISH,157.0,4414.08,4414.08,4413.92,4413.92,3,ACTIVE_3s,16.0,16.0,0.0,0.0,0.0,0.0,0.0,PASS_<20%,0.00,0.0,NO,STANDBY_VEL_LOW,0,0.00,4590.00,78.36,FALSE,M1_DIRECTION_MISMATCH|OPENING_SHIELD_ACTIVE_3s
2026-09-07 15:24:03.785,1788794643.785,6164,8,477,4413.92,4414.00,8.0,PASS_<=10c,+0.0,FLAT,-16.0,-85.0,4.2,+0.84,0.20,SLOW,4414.77,4415.00,4413.43,4414.48,0.00,0.00,0.0,BULLISH,157.0,4414.08,4414.08,4413.92,4413.92,3,ACTIVE_3s,16.0,16.0,0.0,0.0,0.0,0.0,0.0,PASS_<20%,0.00,0.0,NO,STANDBY_VEL_LOW,0,0.00,4590.00,78.36,FALSE,M1_DIRECTION_MISMATCH|OPENING_SHIELD_ACTIVE_3s
2026-09-07 15:24:04.287,1788794644.287,6165,9,478,4413.87,4413.95,8.0,PASS_<=10c,-5.0,DOWN,-21.0,-90.0,4.2,+4.40,1.05,SLOW,4414.77,4415.00,4413.43,4414.48,0.00,0.00,0.0,BULLISH,157.0,4414.08,4414.08,4413.87,4413.87,4,ACTIVE_4s,21.0,21.0,0.0,0.0,0.0,0.0,0.0,PASS_<20%,0.00,0.0,NO,STANDBY_VEL_LOW,0,0.00,4590.00,78.36,FALSE,M1_DIRECTION_MISMATCH|OPENING_SHIELD_ACTIVE_4s
2026-09-07 15:24:04.788,1788794644.789,6166,10,479,4413.94,4414.02,8.0,PASS_<=10c,+7.0,UP,-14.0,-83.0,4.2,+2.94,0.70,SLOW,4414.77,4415.00,4413.43,4414.48,0.00,0.00,0.0,BULLISH,157.0,4414.08,4414.08,4413.87,4413.94,4,ACTIVE_4s,21.0,14.0,0.0,7.0,0.0,33.3,0.0,PASS_<20%,0.00,0.0,NO,STANDBY_VEL_LOW,0,0.00,4590.00,78.36,FALSE,M1_DIRECTION_MISMATCH|OPENING_SHIELD_ACTIVE_4s
2026-09-07 15:24:05.290,1788794645.291,6167,11,480,4413.94,4414.02,8.0,PASS_<=10c,+0.0,FLAT,-14.0,-83.0,4.2,+2.31,0.55,SLOW,4414.77,4415.00,4413.43,4414.48,0.00,0.00,0.0,BULLISH,157.0,4414.08,4414.08,4413.87,4413.94,5,ACTIVE_5s,21.0,14.0,0.0,7.0,0.0,33.3,0.0,PASS_<20%,0.00,0.0,NO,STANDBY_VEL_LOW,0,0.00,4590.00,78.36,FALSE,M1_DIRECTION_MISMATCH|OPENING_SHIELD_ACTIVE_5s
2026-09-07 15:24:05.793,1788794645.793,6168,12,481,4414.06,4414.14,8.0,PASS_<=10c,+12.0,UP,-2.0,-71.0,4.2,+0.21,0.05,SLOW,4414.77,4415.00,4413.43,4414.48,0.00,0.00,0.0,BULLISH,157.0,4414.08,4414.08,4413.87,4414.06,5,ACTIVE_5s,21.0,2.0,0.0,19.0,0.0,90.5,0.0,PASS_<20%,0.00,0.0,NO,STANDBY_VEL_LOW,0,0.00,4590.00,78.36,FALSE,M1_DIRECTION_MISMATCH|OPENING_SHIELD_ACTIVE_5s
2026-09-07 15:24:06.295,1788794646.296,6169,13,482,4414.03,4414.11,8.0,PASS_<=10c,-3.0,DOWN,-5.0,-74.0,4.2,+1.05,0.25,SLOW,4414.77,4415.00,4413.43,4414.48,0.00,0.00,0.0,BULLISH,157.0,4414.08,4414.08,4413.87,4414.03,6,ACTIVE_6s,21.0,5.0,0.0,16.0,0.0,76.2,0.0,PASS_<20%,0.00,0.0,NO,STANDBY_VEL_LOW,0,0.00,4590.00,78.36,FALSE,M1_DIRECTION_MISMATCH|OPENING_SHIELD_ACTIVE_6s
2026-09-07 15:24:06.797,1788794646.798,6170,14,483,4414.03,4414.11,8.0,PASS_<=10c,+0.0,FLAT,-5.0,-74.0,4.2,+1.05,0.25,SLOW,4414.77,4415.00,4413.43,4414.48,0.00,0.00,0.0,BULLISH,157.0,4414.08,4414.08,4413.87,4414.03,6,ACTIVE_6s,21.0,5.0,0.0,16.0,0.0,76.2,0.0,PASS_<20%,0.00,0.0,NO,STANDBY_VEL_LOW,0,0.00,4590.00,78.36,FALSE,M1_DIRECTION_MISMATCH|OPENING_SHIELD_ACTIVE_6s
2026-09-07 15:24:07.299,1788794647.299,6171,15,484,4414.04,4414.12,8.0,PASS_<=10c,+1.0,UP,-4.0,-73.0,4.2,+1.68,0.40,SLOW,4414.77,4415.00,4413.43,4414.48,0.00,0.00,0.0,BULLISH,157.0,4414.08,4414.08,4413.87,4414.04,7,ACTIVE_7s,21.0,4.0,0.0,17.0,0.0,81.0,0.0,PASS_<20%,0.00,0.0,NO,STANDBY_VEL_LOW,0,0.00,4590.00,78.36,FALSE,M1_DIRECTION_MISMATCH|OPENING_SHIELD_ACTIVE_7s
2026-09-07 15:24:07.800,1788794647.801,6172,16,485,4414.04,4414.12,8.0,PASS_<=10c,+0.0,FLAT,-4.0,-73.0,4.2,+2.10,0.50,SLOW,4414.77,4415.00,4413.43,4414.48,0.00,0.00,0.0,BULLISH,157.0,4414.08,4414.08,4413.87,4414.04,7,ACTIVE_7s,21.0,4.0,0.0,17.0,0.0,81.0,0.0,PASS_<20%,0.00,0.0,NO,STANDBY_VEL_LOW,0,0.00,4590.00,78.36,FALSE,M1_DIRECTION_MISMATCH|OPENING_SHIELD_ACTIVE_7s
2026-09-07 15:24:08.303,1788794648.303,6173,17,486,4414.04,4414.12,8.0,PASS_<=10c,+0.0,FLAT,-4.0,-73.0,4.2,+2.52,0.60,SLOW,4414.77,4415.00,4413.43,4414.48,0.00,0.00,0.0,BULLISH,157.0,4414.08,4414.08,4413.87,4414.04,8,ACTIVE_8s,21.0,4.0,0.0,17.0,0.0,81.0,0.0,PASS_<20%,0.00,0.0,NO,STANDBY_VEL_LOW,0,0.00,4590.00,78.36,FALSE,M1_DIRECTION_MISMATCH|OPENING_SHIELD_ACTIVE_8s
2026-09-07 15:24:08.805,1788794648.805,6174,18,487,4414.05,4414.13,8.0,PASS_<=10c,+1.0,UP,-3.0,-72.0,4.2,+2.73,0.65,SLOW,4414.77,4415.00,4413.43,4414.48,0.00,0.00,0.0,BULLISH,157.0,4414.08,4414.08,4413.87,4414.05,8,ACTIVE_8s,21.0,3.0,0.0,18.0,0.0,85.7,0.0,PASS_<20%,0.00,0.0,NO,STANDBY_VEL_LOW,0,0.00,4590.00,78.36,FALSE,M1_DIRECTION_MISMATCH|OPENING_SHIELD_ACTIVE_8s
2026-09-07 15:24:09.307,1788794649.308,6175,19,488,4414.06,4414.14,8.0,PASS_<=10c,+1.0,UP,-2.0,-71.0,4.2,+2.94,0.70,SLOW,4414.77,4415.00,4413.43,4414.48,0.00,0.00,0.0,BULLISH,157.0,4414.08,4414.08,4413.87,4414.06,9,ACTIVE_9s,21.0,2.0,0.0,19.0,0.0,90.5,0.0,PASS_<20%,0.00,0.0,NO,STANDBY_VEL_LOW,0,0.00,4590.00,78.36,FALSE,M1_DIRECTION_MISMATCH|OPENING_SHIELD_ACTIVE_9s
2026-09-07 15:24:09.809,1788794649.810,6176,20,489,4414.06,4414.14,8.0,PASS_<=10c,+0.0,FLAT,-2.0,-71.0,4.2,+2.52,0.60,SLOW,4414.77,4415.00,4413.43,4414.48,0.00,0.00,0.0,BULLISH,157.0,4414.08,4414.08,4413.87,4414.06,9,ACTIVE_9s,21.0,2.0,0.0,19.0,0.0,90.5,0.0,PASS_<20%,0.00,0.0,NO,STANDBY_VEL_LOW,0,0.00,4590.00,78.36,FALSE,M1_DIRECTION_MISMATCH|OPENING_SHIELD_ACTIVE_9s
2026-09-07 15:24:10.311,1788794650.312,6177,21,490,4414.05,4414.13,8.0,PASS_<=10c,-1.0,DOWN,-3.0,-72.0,4.2,+0.00,0.00,SLOW,4414.77,4415.00,4413.43,4414.48,0.00,0.00,0.0,BULLISH,157.0,4414.08,4414.08,4413.87,4414.05,10,ACTIVE_10s,21.0,3.0,0.0,18.0,0.0,85.7,0.0,PASS_<20%,0.00,0.0,NO,STANDBY_VEL_LOW,0,0.00,4590.00,78.36,FALSE,M1_DIRECTION_MISMATCH|OPENING_SHIELD_ACTIVE_10s
2026-09-07 15:24:10.813,1788794650.814,6178,22,491,4413.95,4414.03,8.0,PASS_<=10c,-10.0,DOWN,-13.0,-82.0,4.2,+1.68,0.40,SLOW,4414.77,4415.00,4413.43,4414.48,0.00,0.00,0.0,BULLISH,157.0,4414.08,4414.08,4413.87,4413.95,10,ACTIVE_10s,21.0,13.0,0.0,8.0,0.0,38.1,0.0,PASS_<20%,0.00,0.0,NO,STANDBY_VEL_LOW,0,0.00,4590.00,78.36,FALSE,M1_DIRECTION_MISMATCH|OPENING_SHIELD_ACTIVE_10s
2026-09-07 15:24:11.314,1788794651.315,6179,23,492,4413.89,4413.97,8.0,PASS_<=10c,-6.0,DOWN,-19.0,-88.0,4.2,+3.15,0.75,SLOW,4414.77,4415.00,4413.43,4414.48,0.00,0.00,0.0,BULLISH,157.0,4414.08,4414.08,4413.87,4413.89,11,ACTIVE_11s,21.0,19.0,0.0,2.0,0.0,9.5,0.0,PASS_<20%,0.00,0.0,NO,STANDBY_VEL_LOW,0,0.00,4590.00,78.36,FALSE,M1_DIRECTION_MISMATCH|OPENING_SHIELD_ACTIVE_11s
2026-09-07 15:24:11.817,1788794651.817,6180,24,493,4413.86,4413.94,8.0,PASS_<=10c,-3.0,DOWN,-22.0,-91.0,4.2,+3.57,0.85,SLOW,4414.77,4415.00,4413.43,4414.48,0.00,0.00,0.0,BULLISH,157.0,4414.08,4414.08,4413.86,4413.86,11,ACTIVE_11s,22.0,22.0,0.0,0.0,0.0,0.0,0.0,PASS_<20%,0.00,0.0,NO,STANDBY_VEL_LOW,0,0.00,4590.00,78.36,FALSE,M1_DIRECTION_MISMATCH|OPENING_SHIELD_ACTIVE_11s
2026-09-07 15:24:12.318,1788794652.319,6181,25,494,4413.83,4413.91,8.0,PASS_<=10c,-3.0,DOWN,-25.0,-94.0,4.2,+4.40,1.05,SLOW,4414.77,4415.00,4413.43,4414.48,0.00,0.00,0.0,BULLISH,157.0,4414.08,4414.08,4413.83,4413.83,12,ACTIVE_12s,25.0,25.0,0.0,0.0,0.0,0.0,0.0,PASS_<20%,0.00,0.0,NO,STANDBY_VEL_LOW,0,0.00,4590.00,78.36,FALSE,M1_DIRECTION_MISMATCH|OPENING_SHIELD_ACTIVE_12s
2026-09-07 15:24:12.819,1788794652.819,6182,26,495,4413.87,4413.95,8.0,PASS_<=10c,+4.0,UP,-21.0,-90.0,4.2,+3.57,0.85,SLOW,4414.77,4415.00,4413.43,4414.48,0.00,0.00,0.0,BULLISH,157.0,4414.08,4414.08,4413.83,4413.87,12,ACTIVE_12s,25.0,21.0,0.0,4.0,0.0,16.0,0.0,PASS_<20%,0.00,0.0,NO,STANDBY_VEL_LOW,0,0.00,4590.00,78.36,FALSE,M1_DIRECTION_MISMATCH|OPENING_SHIELD_ACTIVE_12s
2026-09-07 15:24:13.320,1788794653.321,6183,27,496,4413.87,4413.95,8.0,PASS_<=10c,+0.0,FLAT,-21.0,-90.0,4.2,+3.57,0.85,SLOW,4414.77,4415.00,4413.43,4414.48,0.00,0.00,0.0,BULLISH,157.0,4414.08,4414.08,4413.83,4413.87,13,ACTIVE_13s,25.0,21.0,0.0,4.0,0.0,16.0,0.0,PASS_<20%,0.00,0.0,NO,STANDBY_VEL_LOW,0,0.00,4590.00,78.36,FALSE,M1_DIRECTION_MISMATCH|OPENING_SHIELD_ACTIVE_13s
2026-09-07 15:24:13.822,1788794653.823,6184,28,497,4413.80,4413.88,8.0,PASS_<=10c,-7.0,DOWN,-28.0,-97.0,4.2,+5.46,1.30,SLOW,4414.77,4415.00,4413.43,4414.48,0.00,0.00,0.0,BULLISH,157.0,4414.08,4414.08,4413.80,4413.80,13,ACTIVE_13s,28.0,28.0,0.0,0.0,0.0,0.0,0.0,PASS_<20%,0.00,0.0,NO,STANDBY_VEL_LOW,0,0.00,4590.00,78.36,FALSE,M1_DIRECTION_MISMATCH|OPENING_SHIELD_ACTIVE_13s
2026-09-07 15:24:14.325,1788794654.326,6185,29,498,4413.82,4413.90,8.0,PASS_<=10c,+2.0,UP,-26.0,-95.0,4.2,+5.04,1.20,SLOW,4414.77,4415.00,4413.43,4414.48,0.00,0.00,0.0,BULLISH,157.0,4414.08,4414.08,4413.80,4413.82,14,ACTIVE_14s,28.0,26.0,0.0,2.0,0.0,7.1,0.0,PASS_<20%,0.00,0.0,NO,STANDBY_VEL_LOW,0,0.00,4590.00,78.36,FALSE,M1_DIRECTION_MISMATCH|OPENING_SHIELD_ACTIVE_14s
2026-09-07 15:24:14.826,1788794654.826,6186,30,499,4413.80,4413.88,8.0,PASS_<=10c,-2.0,DOWN,-28.0,-97.0,4.2,+5.04,1.20,SLOW,4414.77,4415.00,4413.43,4414.48,0.00,0.00,0.0,BULLISH,157.0,4414.08,4414.08,4413.80,4413.80,14,ACTIVE_14s,28.0,28.0,0.0,0.0,0.0,0.0,0.0,PASS_<20%,0.00,0.0,NO,STANDBY_VEL_LOW,0,0.00,4590.00,78.36,FALSE,M1_DIRECTION_MISMATCH|OPENING_SHIELD_ACTIVE_14s
2026-09-07 15:24:15.327,1788794655.328,6187,31,500,4413.80,4413.88,8.0,PASS_<=10c,+0.0,FLAT,-28.0,-97.0,4.2,+3.78,0.90,SLOW,4414.77,4415.00,4413.43,4414.48,0.00,0.00,0.0,BULLISH,157.0,4414.08,4414.08,4413.80,4413.80,15,ACTIVE_15s,28.0,28.0,0.0,0.0,0.0,0.0,0.0,PASS_<20%,0.00,0.0,NO,STANDBY_VEL_LOW,0,0.00,4590.00,78.36,FALSE,M1_DIRECTION_MISMATCH|OPENING_SHIELD_ACTIVE_15s
2026-09-07 15:24:15.829,1788794655.830,6188,32,501,4413.80,4413.88,8.0,PASS_<=10c,+0.0,FLAT,-28.0,-97.0,4.2,+1.68,0.40,SLOW,4414.77,4415.00,4413.43,4414.48,0.00,0.00,0.0,BULLISH,157.0,4414.08,4414.08,4413.80,4413.80,15,ACTIVE_15s,28.0,28.0,0.0,0.0,0.0,0.0,0.0,PASS_<20%,0.00,0.0,NO,STANDBY_VEL_LOW,0,0.00,4590.00,78.36,FALSE,M1_DIRECTION_MISMATCH|OPENING_SHIELD_ACTIVE_15s
2026-09-07 15:24:16.330,1788794656.331,6189,33,502,4413.79,4413.87,8.0,PASS_<=10c,-1.0,DOWN,-29.0,-98.0,4.2,+2.73,0.65,SLOW,4414.77,4415.00,4413.43,4414.48,0.00,0.00,0.0,BULLISH,157.0,4414.08,4414.08,4413.79,4413.79,16,ACTIVE_16s,29.0,29.0,0.0,0.0,0.0,0.0,0.0,PASS_<20%,0.00,0.0,NO,STANDBY_VEL_LOW,0,0.00,4590.00,78.36,FALSE,M1_DIRECTION_MISMATCH|OPENING_SHIELD_ACTIVE_16s
2026-09-07 15:24:16.832,1788794656.832,6190,34,503,4413.85,4413.93,8.0,PASS_<=10c,+6.0,UP,-23.0,-92.0,4.2,+0.00,0.00,SLOW,4414.77,4415.00,4413.43,4414.48,0.00,0.00,0.0,BULLISH,157.0,4414.08,4414.08,4413.79,4413.85,16,ACTIVE_16s,29.0,23.0,0.0,6.0,0.0,20.7,0.0,PASS_<20%,0.00,0.0,NO,STANDBY_VEL_LOW,0,0.00,4590.00,78.36,FALSE,M1_DIRECTION_MISMATCH|OPENING_SHIELD_ACTIVE_16s
2026-09-07 15:24:17.333,1788794657.333,6191,35,504,4413.85,4413.93,8.0,PASS_<=10c,+0.0,FLAT,-23.0,-92.0,4.2,+0.42,0.10,SLOW,4414.77,4415.00,4413.43,4414.48,0.00,0.00,0.0,BULLISH,157.0,4414.08,4414.08,4413.79,4413.85,17,ACTIVE_17s,29.0,23.0,0.0,6.0,0.0,20.7,0.0,PASS_<20%,0.00,0.0,NO,STANDBY_VEL_LOW,0,0.00,4590.00,78.36,FALSE,M1_DIRECTION_MISMATCH|OPENING_SHIELD_ACTIVE_17s
2026-09-07 15:24:17.835,1788794657.835,6192,36,505,4413.82,4413.90,8.0,PASS_<=10c,-3.0,DOWN,-26.0,-95.0,4.2,+1.05,0.25,SLOW,4414.77,4415.00,4413.43,4414.48,0.00,0.00,0.0,BULLISH,157.0,4414.08,4414.08,4413.79,4413.82,17,ACTIVE_17s,29.0,26.0,0.0,3.0,0.0,10.3,0.0,PASS_<20%,0.00,0.0,NO,STANDBY_VEL_LOW,0,0.00,4590.00,78.36,FALSE,M1_DIRECTION_MISMATCH|OPENING_SHIELD_ACTIVE_17s
2026-09-07 15:24:18.336,1788794658.337,6193,37,506,4413.82,4413.90,8.0,PASS_<=10c,+0.0,FLAT,-26.0,-95.0,4.2,+0.00,0.00,SLOW,4414.77,4415.00,4413.43,4414.48,0.00,0.00,0.0,BULLISH,157.0,4414.08,4414.08,4413.79,4413.82,18,ACTIVE_18s,29.0,26.0,0.0,3.0,0.0,10.3,0.0,PASS_<20%,0.00,0.0,NO,STANDBY_VEL_LOW,0,0.00,4590.00,78.36,FALSE,M1_DIRECTION_MISMATCH|OPENING_SHIELD_ACTIVE_18s
2026-09-07 15:24:18.839,1788794658.840,6194,38,507,4413.86,4413.94,8.0,PASS_<=10c,+4.0,UP,-22.0,-91.0,4.2,+0.84,0.20,SLOW,4414.77,4415.00,4413.43,4414.48,0.00,0.00,0.0,BULLISH,157.0,4414.08,4414.08,4413.79,4413.86,18,ACTIVE_18s,29.0,22.0,0.0,7.0,0.0,24.1,0.0,PASS_<20%,0.00,0.0,NO,STANDBY_VEL_LOW,0,0.00,4590.00,78.36,FALSE,M1_DIRECTION_MISMATCH|OPENING_SHIELD_ACTIVE_18s
2026-09-07 15:24:19.340,1788794659.341,6195,39,508,4413.64,4413.72,8.0,PASS_<=10c,-22.0,DOWN,-44.0,-113.0,4.2,+3.78,0.90,SLOW,4414.77,4415.00,4413.43,4414.48,0.00,0.00,0.0,BULLISH,157.0,4414.08,4414.08,4413.64,4413.64,19,ACTIVE_19s,44.0,44.0,0.0,0.0,0.0,0.0,0.0,PASS_<20%,0.00,0.0,NO,STANDBY_VEL_LOW,0,0.00,4590.00,78.36,FALSE,M1_DIRECTION_MISMATCH|OPENING_SHIELD_ACTIVE_19s
2026-09-07 15:24:19.841,1788794659.842,6196,40,509,4413.68,4413.76,8.0,PASS_<=10c,+4.0,UP,-40.0,-109.0,4.2,+2.52,0.60,SLOW,4414.77,4415.00,4413.43,4414.48,0.00,0.00,0.0,BULLISH,157.0,4414.08,4414.08,4413.64,4413.68,19,ACTIVE_19s,44.0,40.0,0.0,4.0,0.0,9.1,0.0,PASS_<20%,0.00,0.0,NO,STANDBY_VEL_LOW,0,0.00,4590.00,78.36,FALSE,M1_DIRECTION_MISMATCH|OPENING_SHIELD_ACTIVE_19s
2026-09-07 15:24:20.344,1788794660.344,6197,41,510,4413.53,4413.61,8.0,PASS_<=10c,-15.0,DOWN,-55.0,-124.0,4.2,+5.67,1.35,SLOW,4414.77,4415.00,4413.43,4414.48,0.00,0.00,0.0,BULLISH,157.0,4414.08,4414.08,4413.53,4413.53,20,CLEARED_>=20s,55.0,55.0,0.0,0.0,0.0,0.0,0.0,PASS_<20%,0.00,0.0,NO,STANDBY_VEL_LOW,0,0.00,4590.00,78.36,FALSE,M1_DIRECTION_MISMATCH
2026-09-07 15:24:20.846,1788794660.846,6198,42,511,4413.53,4413.61,8.0,PASS_<=10c,+0.0,FLAT,-55.0,-124.0,4.2,+5.67,1.35,SLOW,4414.77,4415.00,4413.43,4414.48,0.00,0.00,0.0,BULLISH,157.0,4414.08,4414.08,4413.53,4413.53,20,CLEARED_>=20s,55.0,55.0,0.0,0.0,0.0,0.0,0.0,PASS_<20%,0.00,0.0,NO,STANDBY_VEL_LOW,0,0.00,4590.00,78.36,FALSE,M1_DIRECTION_MISMATCH
2026-09-07 15:24:21.348,1788794661.348,6199,43,512,4413.56,4413.64,8.0,PASS_<=10c,+3.0,UP,-52.0,-121.0,4.2,+4.83,1.15,SLOW,4414.77,4415.00,4413.43,4414.48,0.00,0.00,0.0,BULLISH,157.0,4414.08,4414.08,4413.53,4413.56,21,CLEARED_>=20s,55.0,52.0,0.0,3.0,0.0,5.5,0.0,PASS_<20%,0.00,0.0,NO,STANDBY_VEL_LOW,0,0.00,4590.00,78.36,FALSE,M1_DIRECTION_MISMATCH
2026-09-07 15:24:21.849,1788794661.850,6200,44,513,4413.49,4413.57,8.0,PASS_<=10c,-7.0,DOWN,-59.0,-128.0,4.2,+7.55,1.80,SLOW,4414.77,4415.00,4413.43,4414.48,0.00,0.00,0.0,BULLISH,157.0,4414.08,4414.08,4413.47,4413.49,21,CLEARED_>=20s,61.0,59.0,0.0,2.0,0.0,3.3,0.0,PASS_<20%,0.00,0.0,NO,STANDBY_VEL_LOW,0,0.00,4590.00,78.36,FALSE,M1_DIRECTION_MISMATCH
2026-09-07 15:24:22.351,1788794662.351,6201,45,514,4413.39,4413.47,8.0,PASS_<=10c,-10.0,DOWN,-69.0,-138.0,4.2,+9.02,2.15,SLOW,4414.77,4415.00,4413.43,4414.48,0.00,0.00,0.0,BULLISH,157.0,4414.08,4414.08,4413.39,4413.39,22,CLEARED_>=20s,69.0,69.0,0.0,0.0,0.0,0.0,0.0,PASS_<20%,0.00,0.0,NO,STANDBY_VEL_LOW,0,0.00,4590.00,78.36,FALSE,M1_DIRECTION_MISMATCH
2026-09-07 15:24:22.855,1788794662.855,6202,46,515,4413.21,4413.29,8.0,PASS_<=10c,-18.0,DOWN,-87.0,-156.0,4.2,+12.79,3.05,SLOW,4414.77,4415.00,4413.43,4414.48,0.00,0.00,0.0,BULLISH,157.0,4414.08,4414.08,4413.13,4413.21,22,CLEARED_>=20s,95.0,87.0,0.0,8.0,0.0,8.4,0.0,PASS_<20%,0.00,0.0,NO,STANDBY_VEL_LOW,0,0.00,4590.00,78.36,FALSE,M1_DIRECTION_MISMATCH
2026-09-07 15:24:23.356,1788794663.356,6203,47,516,4413.25,4413.33,8.0,PASS_<=10c,+4.0,UP,-83.0,-152.0,4.2,+11.95,2.85,SLOW,4414.77,4415.00,4413.43,4414.48,0.00,0.00,0.0,BULLISH,157.0,4414.08,4414.08,4413.13,4413.25,23,CLEARED_>=20s,95.0,83.0,0.0,12.0,0.0,12.6,0.0,PASS_<20%,0.00,0.0,NO,STANDBY_VEL_LOW,0,0.00,4590.00,78.36,FALSE,M1_DIRECTION_MISMATCH
2026-09-07 15:24:23.858,1788794663.859,6204,48,517,4413.35,4413.43,8.0,PASS_<=10c,+10.0,UP,-73.0,-142.0,4.2,+7.76,1.85,SLOW,4414.77,4415.00,4413.43,4414.48,0.00,0.00,0.0,BULLISH,157.0,4414.08,4414.08,4413.13,4413.35,23,CLEARED_>=20s,95.0,73.0,0.0,22.0,0.0,23.2,0.0,PASS_<20%,0.00,0.0,NO,STANDBY_VEL_LOW,0,0.00,4590.00,78.36,FALSE,M1_DIRECTION_MISMATCH
2026-09-07 15:24:24.360,1788794664.361,6205,49,518,4413.36,4413.44,8.0,PASS_<=10c,+1.0,UP,-72.0,-141.0,4.2,+6.71,1.60,SLOW,4414.77,4415.00,4413.43,4414.48,0.00,0.00,0.0,BULLISH,157.0,4414.08,4414.08,4413.13,4413.36,24,CLEARED_>=20s,95.0,72.0,0.0,23.0,0.0,24.2,0.0,PASS_<20%,0.00,0.0,NO,STANDBY_VEL_LOW,0,0.00,4590.00,78.36,FALSE,M1_DIRECTION_MISMATCH
2026-09-07 15:24:24.862,1788794664.862,6206,50,519,4413.40,4413.48,8.0,PASS_<=10c,+4.0,UP,-68.0,-137.0,4.2,+4.82,1.15,SLOW,4414.77,4415.00,4413.43,4414.48,0.00,0.00,0.0,BULLISH,157.0,4414.08,4414.08,4413.13,4413.40,24,CLEARED_>=20s,95.0,68.0,0.0,27.0,0.0,28.4,0.0,PASS_<20%,0.00,0.0,NO,STANDBY_VEL_LOW,0,0.00,4590.00,78.36,FALSE,M1_DIRECTION_MISMATCH
2026-09-07 15:24:25.364,1788794665.364,6207,51,520,4413.48,4413.56,8.0,PASS_<=10c,+8.0,UP,-60.0,-129.0,4.2,+1.26,0.30,SLOW,4414.77,4415.00,4413.43,4414.48,0.00,0.00,0.0,BULLISH,157.0,4414.08,4414.08,4413.13,4413.48,25,CLEARED_>=20s,95.0,60.0,0.0,35.0,0.0,36.8,0.0,PASS_<20%,0.00,0.0,NO,STANDBY_VEL_LOW,0,0.00,4590.00,78.36,FALSE,M1_DIRECTION_MISMATCH
2026-09-07 15:24:25.866,1788794665.866,6208,52,521,4413.71,4413.79,8.0,PASS_<=10c,+23.0,UP,-37.0,-106.0,4.2,+3.57,0.85,SLOW,4414.77,4415.00,4413.43,4414.48,0.00,0.00,0.0,BULLISH,157.0,4414.08,4414.08,4413.13,4413.71,25,CLEARED_>=20s,95.0,37.0,0.0,58.0,0.0,61.1,0.0,PASS_<20%,0.00,0.0,NO,STANDBY_VEL_LOW,0,0.00,4590.00,78.36,FALSE,M1_DIRECTION_MISMATCH
2026-09-07 15:24:26.367,1788794666.367,6209,53,522,4413.70,4413.78,8.0,PASS_<=10c,-1.0,DOWN,-38.0,-107.0,4.2,+4.82,1.15,SLOW,4414.77,4415.00,4413.43,4414.48,0.00,0.00,0.0,BULLISH,157.0,4414.08,4414.08,4413.13,4413.70,26,CLEARED_>=20s,95.0,38.0,0.0,57.0,0.0,60.0,0.0,PASS_<20%,0.00,0.0,NO,STANDBY_VEL_LOW,0,0.00,4590.00,78.36,FALSE,M1_DIRECTION_MISMATCH
2026-09-07 15:24:26.868,1788794666.869,6210,54,523,4413.71,4413.79,8.0,PASS_<=10c,+1.0,UP,-37.0,-106.0,4.2,+5.87,1.40,SLOW,4414.77,4415.00,4413.43,4414.48,0.00,0.00,0.0,BULLISH,157.0,4414.08,4414.08,4413.13,4413.71,26,CLEARED_>=20s,95.0,37.0,0.0,58.0,0.0,61.1,0.0,PASS_<20%,0.00,0.0,NO,STANDBY_VEL_LOW,0,0.00,4590.00,78.36,FALSE,M1_DIRECTION_MISMATCH
2026-09-07 15:24:27.370,1788794667.370,6211,55,524,4413.71,4413.79,8.0,PASS_<=10c,+0.0,FLAT,-37.0,-106.0,4.2,+12.17,2.90,SLOW,4414.77,4415.00,4413.43,4414.48,0.00,0.00,0.0,BULLISH,157.0,4414.08,4414.08,4413.13,4413.71,27,CLEARED_>=20s,95.0,37.0,0.0,58.0,0.0,61.1,0.0,PASS_<20%,0.00,0.0,NO,STANDBY_VEL_LOW,0,0.00,4590.00,78.36,FALSE,M1_DIRECTION_MISMATCH
2026-09-07 15:24:27.872,1788794667.872,6212,56,525,4413.84,4413.92,8.0,PASS_<=10c,+13.0,UP,-24.0,-93.0,4.2,+12.38,2.95,SLOW,4414.77,4415.00,4413.43,4414.48,0.00,0.00,0.0,BULLISH,157.0,4414.08,4414.08,4413.13,4413.84,27,CLEARED_>=20s,95.0,24.0,0.0,71.0,0.0,74.7,0.0,PASS_<20%,0.00,0.0,NO,STANDBY_VEL_LOW,0,0.00,4590.00,78.36,FALSE,M1_DIRECTION_MISMATCH
2026-09-07 15:24:28.373,1788794668.373,6213,57,526,4413.84,4413.92,8.0,PASS_<=10c,+0.0,FLAT,-24.0,-93.0,4.2,+10.70,2.55,SLOW,4414.77,4415.00,4413.43,4414.48,0.00,0.00,0.0,BULLISH,157.0,4414.08,4414.08,4413.13,4413.84,28,CLEARED_>=20s,95.0,24.0,0.0,71.0,0.0,74.7,0.0,PASS_<20%,0.00,0.0,NO,STANDBY_VEL_LOW,0,0.00,4590.00,78.36,FALSE,M1_DIRECTION_MISMATCH
2026-09-07 15:24:28.875,1788794668.875,6214,58,527,4414.05,4414.13,8.0,PASS_<=10c,+21.0,UP,-3.0,-72.0,4.2,+14.69,3.50,SLOW,4414.77,4415.00,4413.43,4414.48,0.00,0.00,0.0,BULLISH,157.0,4414.08,4414.08,4413.13,4414.05,28,CLEARED_>=20s,95.0,3.0,0.0,92.0,0.0,96.8,0.0,PASS_<20%,0.00,0.0,NO,STANDBY_VEL_LOW,0,0.00,4590.00,78.36,FALSE,M1_DIRECTION_MISMATCH
2026-09-07 15:24:29.378,1788794669.379,6215,59,528,4414.05,4414.13,8.0,PASS_<=10c,+0.0,FLAT,-3.0,-72.0,4.2,+13.85,3.30,SLOW,4414.77,4415.00,4413.43,4414.48,0.00,0.00,0.0,BULLISH,157.0,4414.08,4414.08,4413.13,4414.05,29,CLEARED_>=20s,95.0,3.0,0.0,92.0,0.0,96.8,0.0,PASS_<20%,0.00,0.0,NO,STANDBY_VEL_LOW,0,0.00,4590.00,78.36,FALSE,M1_DIRECTION_MISMATCH
2026-09-07 15:24:29.879,1788794669.880,6216,60,529,4414.07,4414.15,8.0,PASS_<=10c,+2.0,UP,-1.0,-70.0,4.2,+12.38,2.95,SLOW,4414.77,4415.00,4413.43,4414.48,0.00,0.00,0.0,BULLISH,157.0,4414.08,4414.08,4413.13,4414.07,29,CLEARED_>=20s,95.0,1.0,0.0,94.0,0.0,98.9,0.0,PASS_<20%,0.00,0.0,NO,STANDBY_VEL_LOW,0,0.00,4590.00,78.36,FALSE,M1_DIRECTION_MISMATCH
2026-09-07 15:24:30.380,1788794670.381,6217,61,530,4414.07,4414.15,8.0,PASS_<=10c,+0.0,FLAT,-1.0,-70.0,4.2,+10.28,2.45,SLOW,4414.77,4415.00,4413.43,4414.48,0.00,0.00,0.0,BULLISH,157.0,4414.08,4414.08,4413.13,4414.07,30,CLEARED_>=20s,95.0,1.0,0.0,94.0,0.0,98.9,0.0,PASS_<20%,0.00,0.0,NO,STANDBY_VEL_LOW,0,0.00,4590.00,78.36,FALSE,M1_DIRECTION_MISMATCH
2026-09-07 15:24:30.882,1788794670.882,6218,62,531,4414.07,4414.15,8.0,PASS_<=10c,+0.0,FLAT,-1.0,-70.0,4.2,+6.92,1.65,SLOW,4414.77,4415.00,4413.43,4414.48,0.00,0.00,0.0,BULLISH,157.0,4414.08,4414.08,4413.13,4414.07,30,CLEARED_>=20s,95.0,1.0,0.0,94.0,0.0,98.9,0.0,PASS_<20%,0.00,0.0,NO,STANDBY_VEL_LOW,0,0.00,4590.00,78.36,FALSE,M1_DIRECTION_MISMATCH
2026-09-07 15:24:31.384,1788794671.384,6219,63,532,4414.08,4414.16,8.0,PASS_<=10c,+1.0,UP,+0.0,-69.0,4.2,+7.97,1.90,SLOW,4414.77,4415.00,4413.43,4414.48,0.00,0.00,0.0,BULLISH,157.0,4414.08,4414.08,4413.13,4414.08,31,CLEARED_>=20s,95.0,0.0,0.0,95.0,0.0,100.0,0.0,PASS_<20%,0.00,0.0,NO,STANDBY_VEL_LOW,0,0.00,4590.00,78.36,FALSE,M1_DIRECTION_MISMATCH
2026-09-07 15:24:31.886,1788794671.886,6220,64,533,4414.08,4414.16,8.0,PASS_<=10c,+0.0,FLAT,+0.0,-69.0,4.2,+7.76,1.85,SLOW,4414.77,4415.00,4413.43,4414.48,0.00,0.00,0.0,BULLISH,157.0,4414.08,4414.08,4413.13,4414.08,31,CLEARED_>=20s,95.0,0.0,0.0,95.0,0.0,100.0,0.0,PASS_<20%,0.00,0.0,NO,STANDBY_VEL_LOW,0,0.00,4590.00,78.36,FALSE,M1_DIRECTION_MISMATCH
2026-09-07 15:24:32.387,1788794672.388,6221,65,534,4414.08,4414.16,8.0,PASS_<=10c,+0.0,FLAT,+0.0,-69.0,4.2,+6.08,1.45,SLOW,4414.77,4415.00,4413.43,4414.48,0.00,0.00,0.0,BULLISH,157.0,4414.08,4414.08,4413.13,4414.08,32,CLEARED_>=20s,95.0,0.0,0.0,95.0,0.0,100.0,0.0,PASS_<20%,0.00,0.0,NO,STANDBY_VEL_LOW,0,0.00,4590.00,78.36,FALSE,M1_DIRECTION_MISMATCH
2026-09-07 15:24:32.888,1788794672.889,6222,66,535,4414.05,4414.13,8.0,PASS_<=10c,-3.0,DOWN,-3.0,-72.0,4.2,+4.41,1.05,SLOW,4414.77,4415.00,4413.43,4414.48,0.00,0.00,0.0,BULLISH,157.0,4414.08,4414.08,4413.13,4414.05,32,CLEARED_>=20s,95.0,3.0,0.0,92.0,0.0,96.8,0.0,PASS_<20%,0.00,0.0,NO,STANDBY_VEL_LOW,0,0.00,4590.00,78.36,FALSE,M1_DIRECTION_MISMATCH
2026-09-07 15:24:33.390,1788794673.390,6223,67,536,4414.05,4414.13,8.0,PASS_<=10c,+0.0,FLAT,-3.0,-72.0,4.2,+0.63,0.15,SLOW,4414.77,4415.00,4413.43,4414.48,0.00,0.00,0.0,BULLISH,157.0,4414.08,4414.08,4413.13,4414.05,33,CLEARED_>=20s,95.0,3.0,0.0,92.0,0.0,96.8,0.0,PASS_<20%,0.00,0.0,NO,STANDBY_VEL_LOW,0,0.00,4590.00,78.36,FALSE,M1_DIRECTION_MISMATCH
2026-09-07 15:24:33.892,1788794673.893,6224,68,537,4414.06,4414.14,8.0,PASS_<=10c,+1.0,UP,-2.0,-71.0,4.2,+0.21,0.05,SLOW,4414.77,4415.00,4413.43,4414.48,0.00,0.00,0.0,BULLISH,157.0,4414.08,4414.08,4413.13,4414.06,33,CLEARED_>=20s,95.0,2.0,0.0,93.0,0.0,97.9,0.0,PASS_<20%,0.00,0.0,NO,STANDBY_VEL_LOW,0,0.00,4590.00,78.36,FALSE,M1_DIRECTION_MISMATCH
2026-09-07 15:24:34.394,1788794674.394,6225,69,538,4414.05,4414.13,8.0,PASS_<=10c,-1.0,DOWN,-3.0,-72.0,4.2,+0.00,0.00,SLOW,4414.77,4415.00,4413.43,4414.48,0.00,0.00,0.0,BULLISH,157.0,4414.08,4414.08,4413.13,4414.05,34,CLEARED_>=20s,95.0,3.0,0.0,92.0,0.0,96.8,0.0,PASS_<20%,0.00,0.0,NO,STANDBY_VEL_LOW,0,0.00,4590.00,78.36,FALSE,M1_DIRECTION_MISMATCH
2026-09-07 15:24:34.895,1788794674.896,6226,70,539,4413.89,4413.97,8.0,PASS_<=10c,-16.0,DOWN,-19.0,-88.0,4.2,+3.78,0.90,SLOW,4414.77,4415.00,4413.43,4414.48,0.00,0.00,0.0,BULLISH,157.0,4414.08,4414.08,4413.13,4413.89,34,CLEARED_>=20s,95.0,19.0,0.0,76.0,0.0,80.0,0.0,PASS_<20%,0.00,0.0,NO,STANDBY_VEL_LOW,0,0.00,4590.00,78.36,FALSE,M1_DIRECTION_MISMATCH
2026-09-07 15:24:35.397,1788794675.398,6227,71,540,4413.88,4413.96,8.0,PASS_<=10c,-1.0,DOWN,-20.0,-89.0,4.2,+3.99,0.95,SLOW,4414.77,4415.00,4413.43,4414.48,0.00,0.00,0.0,BULLISH,157.0,4414.08,4414.08,4413.13,4413.88,35,CLEARED_>=20s,95.0,20.0,0.0,75.0,0.0,78.9,0.0,PASS_<20%,0.00,0.0,NO,STANDBY_VEL_LOW,0,0.00,4590.00,78.36,FALSE,M1_DIRECTION_MISMATCH
2026-09-07 15:24:35.899,1788794675.900,6228,72,541,4413.84,4413.92,8.0,PASS_<=10c,-4.0,DOWN,-24.0,-93.0,4.2,+5.04,1.20,SLOW,4414.77,4415.00,4413.43,4414.48,0.00,0.00,0.0,BULLISH,157.0,4414.08,4414.08,4413.13,4413.84,35,CLEARED_>=20s,95.0,24.0,0.0,71.0,0.0,74.7,0.0,PASS_<20%,0.00,0.0,NO,STANDBY_VEL_LOW,0,0.00,4590.00,78.36,FALSE,M1_DIRECTION_MISMATCH
2026-09-07 15:24:36.401,1788794676.402,6229,73,542,4413.84,4413.92,8.0,PASS_<=10c,+0.0,FLAT,-24.0,-93.0,4.2,+5.04,1.20,SLOW,4414.77,4415.00,4413.43,4414.48,0.00,0.00,0.0,BULLISH,157.0,4414.08,4414.08,4413.13,4413.84,36,CLEARED_>=20s,95.0,24.0,0.0,71.0,0.0,74.7,0.0,PASS_<20%,0.00,0.0,NO,STANDBY_VEL_LOW,0,0.00,4590.00,78.36,FALSE,M1_DIRECTION_MISMATCH
2026-09-07 15:24:36.903,1788794676.904,6230,74,543,4413.84,4413.92,8.0,PASS_<=10c,+0.0,FLAT,-24.0,-93.0,4.2,+5.03,1.20,SLOW,4414.77,4415.00,4413.43,4414.48,0.00,0.00,0.0,BULLISH,157.0,4414.08,4414.08,4413.13,4413.84,36,CLEARED_>=20s,95.0,24.0,0.0,71.0,0.0,74.7,0.0,PASS_<20%,0.00,0.0,NO,STANDBY_VEL_LOW,0,0.00,4590.00,78.36,FALSE,M1_DIRECTION_MISMATCH
2026-09-07 15:24:37.404,1788794677.405,6231,75,544,4413.86,4413.94,8.0,PASS_<=10c,+2.0,UP,-22.0,-91.0,4.2,+3.78,0.90,SLOW,4414.77,4415.00,4413.43,4414.48,0.00,0.00,0.0,BULLISH,157.0,4414.08,4414.08,4413.13,4413.86,37,CLEARED_>=20s,95.0,22.0,0.0,73.0,0.0,76.8,0.0,PASS_<20%,0.00,0.0,NO,STANDBY_VEL_LOW,0,0.00,4590.00,78.36,FALSE,M1_DIRECTION_MISMATCH
2026-09-07 15:24:37.906,1788794677.906,6232,76,545,4413.89,4413.97,8.0,PASS_<=10c,+3.0,UP,-19.0,-88.0,4.2,+3.36,0.80,SLOW,4414.77,4415.00,4413.43,4414.48,0.00,0.00,0.0,BULLISH,157.0,4414.08,4414.08,4413.13,4413.89,37,CLEARED_>=20s,95.0,19.0,0.0,76.0,0.0,80.0,0.0,PASS_<20%,0.00,0.0,NO,STANDBY_VEL_LOW,0,0.00,4590.00,78.36,FALSE,M1_DIRECTION_MISMATCH
2026-09-07 15:24:38.408,1788794678.408,6233,77,546,4413.93,4414.01,8.0,PASS_<=10c,+4.0,UP,-15.0,-84.0,4.2,+2.73,0.65,SLOW,4414.77,4415.00,4413.43,4414.48,0.00,0.00,0.0,BULLISH,157.0,4414.08,4414.08,4413.13,4413.93,38,CLEARED_>=20s,95.0,15.0,0.0,80.0,0.0,84.2,0.0,PASS_<20%,0.00,0.0,NO,STANDBY_VEL_LOW,0,0.00,4590.00,78.36,FALSE,M1_DIRECTION_MISMATCH
2026-09-07 15:24:38.910,1788794678.910,6234,78,547,4414.00,4414.08,8.0,PASS_<=10c,+7.0,UP,-8.0,-77.0,4.2,+1.05,0.25,SLOW,4414.77,4415.00,4413.43,4414.48,0.00,0.00,0.0,BULLISH,157.0,4414.08,4414.08,4413.13,4414.00,38,CLEARED_>=20s,95.0,8.0,0.0,87.0,0.0,91.6,0.0,PASS_<20%,0.00,0.0,NO,STANDBY_VEL_LOW,0,0.00,4590.00,78.36,FALSE,M1_DIRECTION_MISMATCH
2026-09-07 15:24:39.412,1788794679.413,6235,79,548,4414.04,4414.12,8.0,PASS_<=10c,+4.0,UP,-4.0,-73.0,4.2,+2.10,0.50,SLOW,4414.77,4415.00,4413.43,4414.48,0.00,0.00,0.0,BULLISH,157.0,4414.08,4414.08,4413.13,4414.04,39,CLEARED_>=20s,95.0,4.0,0.0,91.0,0.0,95.8,0.0,PASS_<20%,0.00,0.0,NO,STANDBY_VEL_LOW,0,0.00,4590.00,78.36,FALSE,M1_DIRECTION_MISMATCH
2026-09-07 15:24:39.913,1788794679.913,6236,80,549,4414.01,4414.09,8.0,PASS_<=10c,-3.0,DOWN,-7.0,-76.0,4.2,+2.52,0.60,SLOW,4414.77,4415.00,4413.43,4414.48,0.00,0.00,0.0,BULLISH,157.0,4414.08,4414.08,4413.13,4414.01,39,CLEARED_>=20s,95.0,7.0,0.0,88.0,0.0,92.6,0.0,PASS_<20%,0.00,0.0,NO,STANDBY_VEL_LOW,0,0.00,4590.00,78.36,FALSE,M1_DIRECTION_MISMATCH
2026-09-07 15:24:40.415,1788794680.416,6237,81,550,4414.01,4414.09,8.0,PASS_<=10c,+0.0,FLAT,-7.0,-76.0,4.2,+3.57,0.85,SLOW,4414.77,4415.00,4413.43,4414.48,0.00,0.00,0.0,BULLISH,157.0,4414.08,4414.08,4413.13,4414.01,40,CLEARED_>=20s,95.0,7.0,0.0,88.0,0.0,92.6,0.0,PASS_<20%,0.00,0.0,NO,STANDBY_VEL_LOW,0,0.00,4590.00,78.36,FALSE,M1_DIRECTION_MISMATCH
2026-09-07 15:24:40.915,1788794680.916,6238,82,551,4414.00,4414.08,8.0,PASS_<=10c,-1.0,DOWN,-8.0,-77.0,4.2,+3.36,0.80,SLOW,4414.77,4415.00,4413.43,4414.48,0.00,0.00,0.0,BULLISH,157.0,4414.08,4414.08,4413.13,4414.00,40,CLEARED_>=20s,95.0,8.0,0.0,87.0,0.0,91.6,0.0,PASS_<20%,0.00,0.0,NO,STANDBY_VEL_LOW,0,0.00,4590.00,78.36,FALSE,M1_DIRECTION_MISMATCH
2026-09-07 15:24:41.417,1788794681.417,6239,83,552,4414.00,4414.08,8.0,PASS_<=10c,+0.0,FLAT,-8.0,-77.0,4.2,+3.57,0.85,SLOW,4414.77,4415.00,4413.43,4414.48,0.00,0.00,0.0,BULLISH,157.0,4414.08,4414.08,4413.13,4414.00,41,CLEARED_>=20s,95.0,8.0,0.0,87.0,0.0,91.6,0.0,PASS_<20%,0.00,0.0,NO,STANDBY_VEL_LOW,0,0.00,4590.00,78.36,FALSE,M1_DIRECTION_MISMATCH
2026-09-07 15:24:41.919,1788794681.919,6240,84,553,4414.00,4414.08,8.0,PASS_<=10c,+0.0,FLAT,-8.0,-77.0,4.2,+2.31,0.55,SLOW,4414.77,4415.00,4413.43,4414.48,0.00,0.00,0.0,BULLISH,157.0,4414.08,4414.08,4413.13,4414.00,41,CLEARED_>=20s,95.0,8.0,0.0,87.0,0.0,91.6,0.0,PASS_<20%,0.00,0.0,NO,STANDBY_VEL_LOW,0,0.00,4590.00,78.36,FALSE,M1_DIRECTION_MISMATCH
2026-09-07 15:24:42.420,1788794682.421,6241,85,554,4414.02,4414.10,8.0,PASS_<=10c,+2.0,UP,-6.0,-75.0,4.2,+3.36,0.80,SLOW,4414.77,4415.00,4413.43,4414.48,0.00,0.00,0.0,BULLISH,157.0,4414.08,4414.08,4413.13,4414.02,42,CLEARED_>=20s,95.0,6.0,0.0,89.0,0.0,93.7,0.0,PASS_<20%,0.00,0.0,NO,STANDBY_VEL_LOW,0,0.00,4590.00,78.36,FALSE,M1_DIRECTION_MISMATCH
2026-09-07 15:24:42.923,1788794682.923,6242,86,555,4414.06,4414.14,8.0,PASS_<=10c,+4.0,UP,-2.0,-71.0,4.2,+3.36,0.80,SLOW,4414.77,4415.00,4413.43,4414.48,0.00,0.00,0.0,BULLISH,157.0,4414.08,4414.08,4413.13,4414.06,42,CLEARED_>=20s,95.0,2.0,0.0,93.0,0.0,97.9,0.0,PASS_<20%,0.00,0.0,NO,STANDBY_VEL_LOW,0,0.00,4590.00,78.36,FALSE,M1_DIRECTION_MISMATCH
2026-09-07 15:24:43.424,1788794683.425,6243,87,556,4414.04,4414.12,8.0,PASS_<=10c,-2.0,DOWN,-4.0,-73.0,4.2,+1.05,0.25,SLOW,4414.77,4415.00,4413.43,4414.48,0.00,0.00,0.0,BULLISH,157.0,4414.08,4414.08,4413.13,4414.04,43,CLEARED_>=20s,95.0,4.0,0.0,91.0,0.0,95.8,0.0,PASS_<20%,0.00,0.0,NO,STANDBY_VEL_LOW,0,0.00,4590.00,78.36,FALSE,M1_DIRECTION_MISMATCH
2026-09-07 15:24:43.925,1788794683.925,6244,88,557,4414.04,4414.12,8.0,PASS_<=10c,+0.0,FLAT,-4.0,-73.0,4.2,+0.67,0.16,SLOW,4414.77,4415.00,4413.43,4414.48,0.00,0.00,0.0,BULLISH,157.0,4414.08,4414.08,4413.13,4414.04,43,CLEARED_>=20s,95.0,4.0,0.0,91.0,0.0,95.8,0.0,PASS_<20%,0.00,0.0,NO,STANDBY_VEL_LOW,0,0.00,4590.00,78.36,FALSE,M1_DIRECTION_MISMATCH
2026-09-07 15:24:44.426,1788794684.426,6245,89,558,4414.08,4414.16,8.0,PASS_<=10c,+4.0,UP,+0.0,-69.0,4.2,+1.47,0.35,SLOW,4414.77,4415.00,4413.43,4414.48,0.00,0.00,0.0,BULLISH,157.0,4414.08,4414.08,4413.13,4414.08,44,CLEARED_>=20s,95.0,0.0,0.0,95.0,0.0,100.0,0.0,PASS_<20%,0.00,0.0,NO,STANDBY_VEL_LOW,0,0.00,4590.00,78.36,FALSE,M1_DIRECTION_MISMATCH
2026-09-07 15:24:44.928,1788794684.928,6246,90,559,4414.12,4414.20,8.0,PASS_<=10c,+4.0,UP,+4.0,-65.0,4.2,+2.31,0.55,SLOW,4414.77,4415.00,4413.43,4414.48,0.00,0.00,0.0,BULLISH,157.0,4414.08,4414.12,4413.13,4414.12,44,CLEARED_>=20s,99.0,4.0,0.0,95.0,0.0,96.0,0.0,PASS_<20%,4414.23,11.0,NO,STANDBY_VEL_LOW,0,0.00,4590.00,78.36,FALSE,PRICE_BELOW_15C_DISPLACEMENT
2026-09-07 15:24:45.430,1788794685.431,6247,91,560,4414.17,4414.25,8.0,PASS_<=10c,+5.0,UP,+9.0,-60.0,4.2,+3.36,0.80,SLOW,4414.77,4415.00,4413.43,4414.48,0.00,0.00,0.0,BULLISH,157.0,4414.08,4414.17,4413.13,4414.17,45,CLEARED_>=20s,104.0,9.0,0.0,95.0,0.0,91.3,0.0,PASS_<20%,4414.23,6.0,YES,STANDBY_VEL_LOW,0,0.00,4590.00,78.36,TRUE,READY_TO_FIRE
2026-09-07 15:24:45.932,1788794685.933,6248,92,561,4414.19,4414.27,8.0,PASS_<=10c,+2.0,UP,+11.0,-58.0,4.2,+3.99,0.95,SLOW,4414.77,4415.00,4413.43,4414.48,0.00,0.00,0.0,BULLISH,157.0,4414.08,4414.19,4413.13,4414.19,45,CLEARED_>=20s,106.0,11.0,0.0,95.0,0.0,89.6,0.0,PASS_<20%,4414.23,4.0,YES,STANDBY_VEL_LOW,0,0.00,4590.00,78.36,TRUE,READY_TO_FIRE
2026-09-07 15:24:46.434,1788794686.435,6249,93,562,4414.26,4414.34,8.0,PASS_<=10c,+7.0,UP,+18.0,-51.0,4.2,+5.46,1.30,SLOW,4414.77,4415.00,4413.43,4414.48,0.00,0.00,0.0,BULLISH,157.0,4414.08,4414.26,4413.13,4414.26,46,CLEARED_>=20s,113.0,18.0,0.0,95.0,0.0,84.1,0.0,PASS_<20%,4414.23,3.0,YES,STANDBY_VEL_LOW,0,0.00,4590.00,78.36,TRUE,READY_TO_FIRE
2026-09-07 15:24:46.935,1788794686.936,6250,94,563,4414.28,4414.36,8.0,PASS_<=10c,+2.0,UP,+20.0,-49.0,4.2,+5.46,1.30,SLOW,4414.77,4415.00,4413.43,4414.48,0.00,0.00,0.0,BULLISH,157.0,4414.08,4414.28,4413.13,4414.28,46,CLEARED_>=20s,115.0,20.0,0.0,95.0,0.0,82.6,0.0,PASS_<20%,4414.23,5.0,YES,STANDBY_VEL_LOW,0,0.00,4590.00,78.36,TRUE,READY_TO_FIRE
2026-09-07 15:24:47.438,1788794687.438,6251,95,564,4414.32,4414.40,8.0,PASS_<=10c,+4.0,UP,+24.0,-45.0,4.2,+5.46,1.30,SLOW,4414.77,4415.00,4413.43,4414.48,0.00,0.00,0.0,BULLISH,157.0,4414.08,4414.32,4413.13,4414.32,47,CLEARED_>=20s,119.0,24.0,0.0,95.0,0.0,79.8,0.0,PASS_<20%,4414.23,9.0,YES,STANDBY_VEL_LOW,0,0.00,4590.00,78.36,TRUE,READY_TO_FIRE
2026-09-07 15:24:47.940,1788794687.941,6252,96,565,4414.34,4414.42,8.0,PASS_<=10c,+2.0,UP,+26.0,-43.0,4.2,+5.87,1.40,SLOW,4414.77,4415.00,4413.43,4414.48,0.00,0.00,0.0,BULLISH,157.0,4414.08,4414.34,4413.13,4414.34,47,CLEARED_>=20s,121.0,26.0,0.0,95.0,0.0,78.5,0.0,PASS_<20%,4414.23,11.0,YES,STANDBY_VEL_LOW,0,0.00,4590.00,78.36,TRUE,READY_TO_FIRE
2026-09-07 15:24:48.442,1788794688.443,6253,97,566,4414.34,4414.42,8.0,PASS_<=10c,+0.0,FLAT,+26.0,-43.0,4.2,+6.29,1.50,SLOW,4414.77,4415.00,4413.43,4414.48,0.00,0.00,0.0,BULLISH,157.0,4414.08,4414.34,4413.13,4414.34,48,CLEARED_>=20s,121.0,26.0,0.0,95.0,0.0,78.5,0.0,PASS_<20%,4414.23,11.0,YES,STANDBY_VEL_LOW,0,0.00,4590.00,78.36,TRUE,READY_TO_FIRE
2026-09-07 15:24:48.945,1788794688.945,6254,98,567,4414.34,4414.42,8.0,PASS_<=10c,+0.0,FLAT,+26.0,-43.0,4.2,+6.29,1.50,SLOW,4414.77,4415.00,4413.43,4414.48,0.00,0.00,0.0,BULLISH,157.0,4414.08,4414.34,4413.13,4414.34,48,CLEARED_>=20s,121.0,26.0,0.0,95.0,0.0,78.5,0.0,PASS_<20%,4414.23,11.0,YES,STANDBY_VEL_LOW,0,0.00,4590.00,78.36,TRUE,READY_TO_FIRE
2026-09-07 15:24:49.446,1788794689.446,6255,99,568,4414.34,4414.42,8.0,PASS_<=10c,+0.0,FLAT,+26.0,-43.0,4.2,+5.03,1.20,SLOW,4414.77,4415.00,4413.43,4414.48,0.00,0.00,0.0,BULLISH,157.0,4414.08,4414.34,4413.13,4414.34,49,CLEARED_>=20s,121.0,26.0,0.0,95.0,0.0,78.5,0.0,PASS_<20%,4414.23,11.0,YES,STANDBY_VEL_LOW,0,0.00,4590.00,78.36,TRUE,READY_TO_FIRE
2026-09-07 15:24:49.948,1788794689.948,6256,100,569,4414.34,4414.42,8.0,PASS_<=10c,+0.0,FLAT,+26.0,-43.0,4.2,+4.40,1.05,SLOW,4414.77,4415.00,4413.43,4414.48,0.00,0.00,0.0,BULLISH,157.0,4414.08,4414.34,4413.13,4414.34,49,CLEARED_>=20s,121.0,26.0,0.0,95.0,0.0,78.5,0.0,PASS_<20%,4414.23,11.0,YES,STANDBY_VEL_LOW,0,0.00,4590.00,78.36,TRUE,READY_TO_FIRE
2026-09-07 15:24:50.449,1788794690.449,6257,101,570,4414.34,4414.42,8.0,PASS_<=10c,+0.0,FLAT,+26.0,-43.0,4.2,+3.15,0.75,SLOW,4414.77,4415.00,4413.43,4414.48,0.00,0.00,0.0,BULLISH,157.0,4414.08,4414.34,4413.13,4414.34,50,CLEARED_>=20s,121.0,26.0,0.0,95.0,0.0,78.5,0.0,PASS_<20%,4414.23,11.0,YES,STANDBY_VEL_LOW,0,0.00,4590.00,78.36,TRUE,READY_TO_FIRE
2026-09-07 15:24:50.950,1788794690.951,6258,102,571,4414.34,4414.42,8.0,PASS_<=10c,+0.0,FLAT,+26.0,-43.0,4.2,+2.94,0.70,SLOW,4414.77,4415.00,4413.43,4414.48,0.00,0.00,0.0,BULLISH,157.0,4414.08,4414.34,4413.13,4414.34,50,CLEARED_>=20s,121.0,26.0,0.0,95.0,0.0,78.5,0.0,PASS_<20%,4414.23,11.0,YES,STANDBY_VEL_LOW,0,0.00,4590.00,78.36,TRUE,READY_TO_FIRE
2026-09-07 15:24:51.452,1788794691.453,6259,103,572,4414.34,4414.42,8.0,PASS_<=10c,+0.0,FLAT,+26.0,-43.0,4.2,+1.26,0.30,SLOW,4414.77,4415.00,4413.43,4414.48,0.00,0.00,0.0,BULLISH,157.0,4414.08,4414.34,4413.13,4414.34,51,CLEARED_>=20s,121.0,26.0,0.0,95.0,0.0,78.5,0.0,PASS_<20%,4414.23,11.0,YES,STANDBY_VEL_LOW,0,0.00,4590.00,78.36,TRUE,READY_TO_FIRE
2026-09-07 15:24:51.954,1788794691.954,6260,104,573,4414.34,4414.42,8.0,PASS_<=10c,+0.0,FLAT,+26.0,-43.0,4.2,+0.85,0.20,SLOW,4414.77,4415.00,4413.43,4414.48,0.00,0.00,0.0,BULLISH,157.0,4414.08,4414.34,4413.13,4414.34,51,CLEARED_>=20s,121.0,26.0,0.0,95.0,0.0,78.5,0.0,PASS_<20%,4414.23,11.0,YES,STANDBY_VEL_LOW,0,0.00,4590.00,78.36,TRUE,READY_TO_FIRE
2026-09-07 15:24:52.456,1788794692.456,6261,105,574,4414.34,4414.42,8.0,PASS_<=10c,+0.0,FLAT,+26.0,-43.0,4.2,+0.85,0.20,SLOW,4414.77,4415.00,4413.43,4414.48,0.00,0.00,0.0,BULLISH,157.0,4414.08,4414.34,4413.13,4414.34,52,CLEARED_>=20s,121.0,26.0,0.0,95.0,0.0,78.5,0.0,PASS_<20%,4414.23,11.0,YES,STANDBY_VEL_LOW,0,0.00,4590.00,78.36,TRUE,READY_TO_FIRE
2026-09-07 15:24:52.957,1788794692.957,6262,106,575,4414.34,4414.42,8.0,PASS_<=10c,+0.0,FLAT,+26.0,-43.0,4.2,+0.85,0.20,SLOW,4414.77,4415.00,4413.43,4414.48,0.00,0.00,0.0,BULLISH,157.0,4414.08,4414.34,4413.13,4414.34,52,CLEARED_>=20s,121.0,26.0,0.0,95.0,0.0,78.5,0.0,PASS_<20%,4414.23,11.0,YES,STANDBY_VEL_LOW,0,0.00,4590.00,78.36,TRUE,READY_TO_FIRE
2026-09-07 15:24:53.459,1788794693.459,6263,107,576,4414.34,4414.42,8.0,PASS_<=10c,+0.0,FLAT,+26.0,-43.0,4.2,+0.85,0.20,SLOW,4414.77,4415.00,4413.43,4414.48,0.00,0.00,0.0,BULLISH,157.0,4414.08,4414.34,4413.13,4414.34,53,CLEARED_>=20s,121.0,26.0,0.0,95.0,0.0,78.5,0.0,PASS_<20%,4414.23,11.0,YES,STANDBY_VEL_LOW,0,0.00,4590.00,78.36,TRUE,READY_TO_FIRE
2026-09-07 15:24:53.960,1788794693.960,6264,108,577,4414.34,4414.42,8.0,PASS_<=10c,+0.0,FLAT,+26.0,-43.0,4.2,+0.85,0.20,SLOW,4414.77,4415.00,4413.43,4414.48,0.00,0.00,0.0,BULLISH,157.0,4414.08,4414.34,4413.13,4414.34,53,CLEARED_>=20s,121.0,26.0,0.0,95.0,0.0,78.5,0.0,PASS_<20%,4414.23,11.0,YES,STANDBY_VEL_LOW,0,0.00,4590.00,78.36,TRUE,READY_TO_FIRE
2026-09-07 15:24:54.462,1788794694.463,6265,109,578,4414.34,4414.42,8.0,PASS_<=10c,+0.0,FLAT,+26.0,-43.0,4.2,+0.80,0.19,SLOW,4414.77,4415.00,4413.43,4414.48,0.00,0.00,0.0,BULLISH,157.0,4414.08,4414.34,4413.13,4414.34,54,CLEARED_>=20s,121.0,26.0,0.0,95.0,0.0,78.5,0.0,PASS_<20%,4414.23,11.0,YES,STANDBY_VEL_LOW,0,0.00,4590.00,78.36,TRUE,READY_TO_FIRE
2026-09-07 15:24:54.965,1788794694.965,6266,110,579,4414.34,4414.42,8.0,PASS_<=10c,+0.0,FLAT,+26.0,-43.0,4.2,+0.78,0.19,SLOW,4414.77,4415.00,4413.43,4414.48,0.00,0.00,0.0,BULLISH,157.0,4414.08,4414.34,4413.13,4414.34,54,CLEARED_>=20s,121.0,26.0,0.0,95.0,0.0,78.5,0.0,PASS_<20%,4414.23,11.0,YES,STANDBY_VEL_LOW,0,0.00,4590.00,78.36,TRUE,READY_TO_FIRE
2026-09-07 15:24:55.467,1788794695.467,6267,111,580,4414.34,4414.42,8.0,PASS_<=10c,+0.0,FLAT,+26.0,-43.0,4.2,+0.78,0.19,SLOW,4414.77,4415.00,4413.43,4414.48,0.00,0.00,0.0,BULLISH,157.0,4414.08,4414.34,4413.13,4414.34,55,CLEARED_>=20s,121.0,26.0,0.0,95.0,0.0,78.5,0.0,PASS_<20%,4414.23,11.0,YES,STANDBY_VEL_LOW,0,0.00,4590.00,78.36,TRUE,READY_TO_FIRE
2026-09-07 15:24:55.969,1788794695.970,6268,112,581,4414.34,4414.42,8.0,PASS_<=10c,+0.0,FLAT,+26.0,-43.0,4.2,+0.62,0.15,SLOW,4414.77,4415.00,4413.43,4414.48,0.00,0.00,0.0,BULLISH,157.0,4414.08,4414.34,4413.13,4414.34,55,CLEARED_>=20s,121.0,26.0,0.0,95.0,0.0,78.5,0.0,PASS_<20%,4414.23,11.0,YES,STANDBY_VEL_LOW,0,0.00,4590.00,78.36,TRUE,READY_TO_FIRE
2026-09-07 15:24:56.470,1788794696.470,6269,113,582,4414.34,4414.42,8.0,PASS_<=10c,+0.0,FLAT,+26.0,-43.0,4.2,+0.60,0.14,SLOW,4414.77,4415.00,4413.43,4414.48,0.00,0.00,0.0,BULLISH,157.0,4414.08,4414.34,4413.13,4414.34,56,CLEARED_>=20s,121.0,26.0,0.0,95.0,0.0,78.5,0.0,PASS_<20%,4414.23,11.0,YES,STANDBY_VEL_LOW,0,0.00,4590.00,78.36,TRUE,READY_TO_FIRE
2026-09-07 15:24:56.971,1788794696.972,6270,114,583,4414.34,4414.42,8.0,PASS_<=10c,+0.0,FLAT,+26.0,-43.0,4.2,+0.62,0.15,SLOW,4414.77,4415.00,4413.43,4414.48,0.00,0.00,0.0,BULLISH,157.0,4414.08,4414.34,4413.13,4414.34,56,CLEARED_>=20s,121.0,26.0,0.0,95.0,0.0,78.5,0.0,PASS_<20%,4414.23,11.0,YES,STANDBY_VEL_LOW,0,0.00,4590.00,78.36,TRUE,READY_TO_FIRE
2026-09-07 15:24:57.472,1788794697.473,6271,115,584,4414.34,4414.42,8.0,PASS_<=10c,+0.0,FLAT,+26.0,-43.0,4.2,+0.60,0.14,SLOW,4414.77,4415.00,4413.43,4414.48,0.00,0.00,0.0,BULLISH,157.0,4414.08,4414.34,4413.13,4414.34,57,CLEARED_>=20s,121.0,26.0,0.0,95.0,0.0,78.5,0.0,PASS_<20%,4414.23,11.0,YES,STANDBY_VEL_LOW,0,0.00,4590.00,78.36,TRUE,READY_TO_FIRE
2026-09-07 15:24:57.974,1788794697.974,6272,116,585,4414.34,4414.42,8.0,PASS_<=10c,+0.0,FLAT,+26.0,-43.0,4.2,+0.60,0.14,SLOW,4414.77,4415.00,4413.43,4414.48,0.00,0.00,0.0,BULLISH,157.0,4414.08,4414.34,4413.13,4414.34,57,CLEARED_>=20s,121.0,26.0,0.0,95.0,0.0,78.5,0.0,PASS_<20%,4414.23,11.0,YES,STANDBY_VEL_LOW,0,0.00,4590.00,78.36,TRUE,READY_TO_FIRE
2026-09-07 15:24:58.476,1788794698.476,6273,117,586,4414.34,4414.42,8.0,PASS_<=10c,+0.0,FLAT,+26.0,-43.0,4.2,+0.58,0.14,SLOW,4414.77,4415.00,4413.43,4414.48,0.00,0.00,0.0,BULLISH,157.0,4414.08,4414.34,4413.13,4414.34,58,CLEARED_>=20s,121.0,26.0,0.0,95.0,0.0,78.5,0.0,PASS_<20%,4414.23,11.0,YES,STANDBY_VEL_LOW,0,0.00,4590.00,78.36,TRUE,READY_TO_FIRE
2026-09-07 15:24:58.977,1788794698.978,6274,118,587,4414.34,4414.42,8.0,PASS_<=10c,+0.0,FLAT,+26.0,-43.0,4.2,+0.63,0.15,SLOW,4414.77,4415.00,4413.43,4414.48,0.00,0.00,0.0,BULLISH,157.0,4414.08,4414.34,4413.13,4414.34,58,CLEARED_>=20s,121.0,26.0,0.0,95.0,0.0,78.5,0.0,PASS_<20%,4414.23,11.0,YES,STANDBY_VEL_LOW,0,0.00,4590.00,78.36,TRUE,READY_TO_FIRE
2026-09-07 15:24:59.478,1788794699.478,6275,119,588,4414.34,4414.42,8.0,PASS_<=10c,+0.0,FLAT,+26.0,-43.0,4.2,+0.43,0.10,SLOW,4414.77,4415.00,4413.43,4414.48,0.00,0.00,0.0,BULLISH,157.0,4414.08,4414.34,4413.13,4414.34,59,CLEARED_>=20s,121.0,26.0,0.0,95.0,0.0,78.5,0.0,PASS_<20%,4414.23,11.0,YES,STANDBY_VEL_LOW,0,0.00,4590.00,78.36,TRUE,READY_TO_FIRE
2026-09-07 15:24:59.979,1788794699.980,6276,120,589,4414.34,4414.42,8.0,PASS_<=10c,+0.0,FLAT,+26.0,-43.0,4.2,+0.43,0.10,SLOW,4414.77,4415.00,4413.43,4414.48,0.00,0.00,0.0,BULLISH,157.0,4414.08,4414.34,4413.13,4414.34,59,CLEARED_>=20s,121.0,26.0,0.0,95.0,0.0,78.5,0.0,PASS_<20%,4414.23,11.0,YES,STANDBY_VEL_LOW,0,0.00,4590.00,78.36,TRUE,READY_TO_FIRE
2026-09-07 15:25:00.481,1788794700.482,6277,1,1,4414.34,4414.42,8.0,PASS_<=10c,+0.0,FLAT,+0.0,-16.0,4.2,+0.48,0.11,SLOW,4414.50,4415.14,4413.13,4414.34,0.00,0.00,0.0,BULLISH,201.0,4414.34,4414.34,4414.34,4414.34,0,ACTIVE_0s,1.0,0.0,0.0,0.0,0.0,0.0,0.0,PASS_<20%,0.00,0.0,NO,STANDBY_VEL_LOW,0,0.00,4590.00,78.36,FALSE,M1_DIRECTION_MISMATCH|OPENING_SHIELD_ACTIVE_0s
2026-09-07 15:25:00.983,1788794700.984,6278,2,2,4414.34,4414.42,8.0,PASS_<=10c,+0.0,FLAT,+0.0,-16.0,4.2,+0.48,0.11,SLOW,4414.50,4415.14,4413.13,4414.34,0.00,0.00,0.0,BULLISH,201.0,4414.34,4414.34,4414.34,4414.34,0,ACTIVE_0s,1.0,0.0,0.0,0.0,0.0,0.0,0.0,PASS_<20%,0.00,0.0,NO,STANDBY_VEL_LOW,0,0.00,4590.00,78.36,FALSE,M1_DIRECTION_MISMATCH|OPENING_SHIELD_ACTIVE_0s
2026-09-07 15:25:01.484,1788794701.485,6279,3,3,4414.34,4414.42,8.0,PASS_<=10c,+0.0,FLAT,+0.0,-16.0,4.2,+0.60,0.14,SLOW,4414.50,4415.14,4413.13,4414.34,0.00,0.00,0.0,BULLISH,201.0,4414.34,4414.34,4414.34,4414.34,1,ACTIVE_1s,1.0,0.0,0.0,0.0,0.0,0.0,0.0,PASS_<20%,0.00,0.0,NO,STANDBY_VEL_LOW,0,0.00,4590.00,78.36,FALSE,M1_DIRECTION_MISMATCH|OPENING_SHIELD_ACTIVE_1s
2026-09-07 15:25:01.986,1788794701.986,6280,4,4,4414.34,4414.42,8.0,PASS_<=10c,+0.0,FLAT,+0.0,-16.0,4.2,+0.60,0.14,SLOW,4414.50,4415.14,4413.13,4414.34,0.00,0.00,0.0,BULLISH,201.0,4414.34,4414.34,4414.34,4414.34,1,ACTIVE_1s,1.0,0.0,0.0,0.0,0.0,0.0,0.0,PASS_<20%,0.00,0.0,NO,STANDBY_VEL_LOW,0,0.00,4590.00,78.36,FALSE,M1_DIRECTION_MISMATCH|OPENING_SHIELD_ACTIVE_1s
2026-09-07 15:25:02.487,1788794702.487,6281,5,5,4414.34,4414.42,8.0,PASS_<=10c,+0.0,FLAT,+0.0,-16.0,4.2,+0.63,0.15,SLOW,4414.50,4415.14,4413.13,4414.34,0.00,0.00,0.0,BULLISH,201.0,4414.34,4414.34,4414.34,4414.34,2,ACTIVE_2s,1.0,0.0,0.0,0.0,0.0,0.0,0.0,PASS_<20%,0.00,0.0,NO,STANDBY_VEL_LOW,0,0.00,4590.00,78.36,FALSE,M1_DIRECTION_MISMATCH|OPENING_SHIELD_ACTIVE_2s
2026-09-07 15:25:02.989,1788794702.989,6282,6,6,4414.34,4414.42,8.0,PASS_<=10c,+0.0,FLAT,+0.0,-16.0,4.2,+0.67,0.16,SLOW,4414.50,4415.14,4413.13,4414.34,0.00,0.00,0.0,BULLISH,201.0,4414.34,4414.34,4414.34,4414.34,2,ACTIVE_2s,1.0,0.0,0.0,0.0,0.0,0.0,0.0,PASS_<20%,0.00,0.0,NO,STANDBY_VEL_LOW,0,0.00,4590.00,78.36,FALSE,M1_DIRECTION_MISMATCH|OPENING_SHIELD_ACTIVE_2s
2026-09-07 15:25:03.491,1788794703.491,6283,7,7,4414.34,4414.42,8.0,PASS_<=10c,+0.0,FLAT,+0.0,-16.0,4.2,+0.70,0.17,SLOW,4414.50,4415.14,4413.13,4414.34,0.00,0.00,0.0,BULLISH,201.0,4414.34,4414.34,4414.34,4414.34,3,ACTIVE_3s,1.0,0.0,0.0,0.0,0.0,0.0,0.0,PASS_<20%,0.00,0.0,NO,STANDBY_VEL_LOW,0,0.00,4590.00,78.36,FALSE,M1_DIRECTION_MISMATCH|OPENING_SHIELD_ACTIVE_3s
2026-09-07 15:25:03.992,1788794703.992,6284,8,8,4414.34,4414.42,8.0,PASS_<=10c,+0.0,FLAT,+0.0,-16.0,4.2,+0.70,0.17,SLOW,4414.50,4415.14,4413.13,4414.34,0.00,0.00,0.0,BULLISH,201.0,4414.34,4414.34,4414.34,4414.34,3,ACTIVE_3s,1.0,0.0,0.0,0.0,0.0,0.0,0.0,PASS_<20%,0.00,0.0,NO,STANDBY_VEL_LOW,0,0.00,4590.00,78.36,FALSE,M1_DIRECTION_MISMATCH|OPENING_SHIELD_ACTIVE_3s
2026-09-07 15:25:04.494,1788794704.495,6285,9,9,4414.34,4414.42,8.0,PASS_<=10c,+0.0,FLAT,+0.0,-16.0,4.2,+0.70,0.17,SLOW,4414.50,4415.14,4413.13,4414.34,0.00,0.00,0.0,BULLISH,201.0,4414.34,4414.34,4414.34,4414.34,4,ACTIVE_4s,1.0,0.0,0.0,0.0,0.0,0.0,0.0,PASS_<20%,0.00,0.0,NO,STANDBY_VEL_LOW,0,0.00,4590.00,78.36,FALSE,M1_DIRECTION_MISMATCH|OPENING_SHIELD_ACTIVE_4s
2026-09-07 15:25:04.996,1788794704.997,6286,10,10,4414.34,4414.42,8.0,PASS_<=10c,+0.0,FLAT,+0.0,-16.0,4.2,+0.67,0.16,SLOW,4414.50,4415.14,4413.13,4414.34,0.00,0.00,0.0,BULLISH,201.0,4414.34,4414.34,4414.34,4414.34,4,ACTIVE_4s,1.0,0.0,0.0,0.0,0.0,0.0,0.0,PASS_<20%,0.00,0.0,NO,STANDBY_VEL_LOW,0,0.00,4590.00,78.36,FALSE,M1_DIRECTION_MISMATCH|OPENING_SHIELD_ACTIVE_4s
2026-09-07 15:25:05.497,1788794705.498,6287,11,11,4414.34,4414.42,8.0,PASS_<=10c,+0.0,FLAT,+0.0,-16.0,4.2,+0.48,0.11,SLOW,4414.50,4415.14,4413.13,4414.34,0.00,0.00,0.0,BULLISH,201.0,4414.34,4414.34,4414.34,4414.34,5,ACTIVE_5s,1.0,0.0,0.0,0.0,0.0,0.0,0.0,PASS_<20%,0.00,0.0,NO,STANDBY_VEL_LOW,0,0.00,4590.00,78.36,FALSE,M1_DIRECTION_MISMATCH|OPENING_SHIELD_ACTIVE_5s
2026-09-07 15:25:05.999,1788794706.000,6288,12,12,4414.34,4414.42,8.0,PASS_<=10c,+0.0,FLAT,+0.0,-16.0,4.2,+0.52,0.12,SLOW,4414.50,4415.14,4413.13,4414.34,0.00,0.00,0.0,BULLISH,201.0,4414.34,4414.34,4414.34,4414.34,5,ACTIVE_5s,1.0,0.0,0.0,0.0,0.0,0.0,0.0,PASS_<20%,0.00,0.0,NO,STANDBY_VEL_LOW,0,0.00,4590.00,78.36,FALSE,M1_DIRECTION_MISMATCH|OPENING_SHIELD_ACTIVE_5s
2026-09-07 15:25:06.501,1788794706.502,6289,13,13,4414.34,4414.42,8.0,PASS_<=10c,+0.0,FLAT,+0.0,-16.0,4.2,+0.50,0.12,SLOW,4414.50,4415.14,4413.13,4414.34,0.00,0.00,0.0,BULLISH,201.0,4414.34,4414.34,4414.34,4414.34,6,ACTIVE_6s,1.0,0.0,0.0,0.0,0.0,0.0,0.0,PASS_<20%,0.00,0.0,NO,STANDBY_VEL_LOW,0,0.00,4590.00,78.36,FALSE,M1_DIRECTION_MISMATCH|OPENING_SHIELD_ACTIVE_6s
2026-09-07 15:25:07.003,1788794707.004,6290,14,14,4414.34,4414.42,8.0,PASS_<=10c,+0.0,FLAT,+0.0,-16.0,4.2,+0.52,0.12,SLOW,4414.50,4415.14,4413.13,4414.34,0.00,0.00,0.0,BULLISH,201.0,4414.34,4414.34,4414.34,4414.34,7,ACTIVE_7s,1.0,0.0,0.0,0.0,0.0,0.0,0.0,PASS_<20%,0.00,0.0,NO,STANDBY_VEL_LOW,0,0.00,4590.00,78.36,FALSE,M1_DIRECTION_MISMATCH|OPENING_SHIELD_ACTIVE_7s
2026-09-07 15:25:07.505,1788794707.506,6291,15,15,4414.34,4414.42,8.0,PASS_<=10c,+0.0,FLAT,+0.0,-16.0,4.2,+0.50,0.12,SLOW,4414.50,4415.14,4413.13,4414.34,0.00,0.00,0.0,BULLISH,201.0,4414.34,4414.34,4414.34,4414.34,7,ACTIVE_7s,1.0,0.0,0.0,0.0,0.0,0.0,0.0,PASS_<20%,0.00,0.0,NO,STANDBY_VEL_LOW,0,0.00,4590.00,78.36,FALSE,M1_DIRECTION_MISMATCH|OPENING_SHIELD_ACTIVE_7s
2026-09-07 15:25:08.006,1788794708.007,6292,16,16,4414.34,4414.42,8.0,PASS_<=10c,+0.0,FLAT,+0.0,-16.0,4.2,+0.50,0.12,SLOW,4414.50,4415.14,4413.13,4414.34,0.00,0.00,0.0,BULLISH,201.0,4414.34,4414.34,4414.34,4414.34,8,ACTIVE_8s,1.0,0.0,0.0,0.0,0.0,0.0,0.0,PASS_<20%,0.00,0.0,NO,STANDBY_VEL_LOW,0,0.00,4590.00,78.36,FALSE,M1_DIRECTION_MISMATCH|OPENING_SHIELD_ACTIVE_8s
2026-09-07 15:25:08.509,1788794708.509,6293,17,17,4414.34,4414.42,8.0,PASS_<=10c,+0.0,FLAT,+0.0,-16.0,4.2,+0.50,0.12,SLOW,4414.50,4415.14,4413.13,4414.34,0.00,0.00,0.0,BULLISH,201.0,4414.34,4414.34,4414.34,4414.34,8,ACTIVE_8s,1.0,0.0,0.0,0.0,0.0,0.0,0.0,PASS_<20%,0.00,0.0,NO,STANDBY_VEL_LOW,0,0.00,4590.00,78.36,FALSE,M1_DIRECTION_MISMATCH|OPENING_SHIELD_ACTIVE_8s
2026-09-07 15:25:09.009,1788794709.009,6294,18,18,4414.34,4414.42,8.0,PASS_<=10c,+0.0,FLAT,+0.0,-16.0,4.2,+0.47,0.11,SLOW,4414.50,4415.14,4413.13,4414.34,0.00,0.00,0.0,BULLISH,201.0,4414.34,4414.34,4414.34,4414.34,9,ACTIVE_9s,1.0,0.0,0.0,0.0,0.0,0.0,0.0,PASS_<20%,0.00,0.0,NO,STANDBY_VEL_LOW,0,0.00,4590.00,78.36,FALSE,M1_DIRECTION_MISMATCH|OPENING_SHIELD_ACTIVE_9s
2026-09-07 15:25:09.510,1788794709.511,6295,19,19,4414.34,4414.42,8.0,PASS_<=10c,+0.0,FLAT,+0.0,-16.0,4.2,+0.47,0.11,SLOW,4414.50,4415.14,4413.13,4414.34,0.00,0.00,0.0,BULLISH,201.0,4414.34,4414.34,4414.34,4414.34,9,ACTIVE_9s,1.0,0.0,0.0,0.0,0.0,0.0,0.0,PASS_<20%,0.00,0.0,NO,STANDBY_VEL_LOW,0,0.00,4590.00,78.36,FALSE,M1_DIRECTION_MISMATCH|OPENING_SHIELD_ACTIVE_9s
2026-09-07 15:25:10.012,1788794710.013,6296,20,20,4414.34,4414.42,8.0,PASS_<=10c,+0.0,FLAT,+0.0,-16.0,4.2,+0.50,0.12,SLOW,4414.50,4415.14,4413.13,4414.34,0.00,0.00,0.0,BULLISH,201.0,4414.34,4414.34,4414.34,4414.34,10,ACTIVE_10s,1.0,0.0,0.0,0.0,0.0,0.0,0.0,PASS_<20%,0.00,0.0,NO,STANDBY_VEL_LOW,0,0.00,4590.00,78.36,FALSE,M1_DIRECTION_MISMATCH|OPENING_SHIELD_ACTIVE_10s
2026-09-07 15:25:10.515,1788794710.515,6297,21,21,4414.34,4414.42,8.0,PASS_<=10c,+0.0,FLAT,+0.0,-16.0,4.2,+0.60,0.14,SLOW,4414.50,4415.14,4413.13,4414.34,0.00,0.00,0.0,BULLISH,201.0,4414.34,4414.34,4414.34,4414.34,10,ACTIVE_10s,1.0,0.0,0.0,0.0,0.0,0.0,0.0,PASS_<20%,0.00,0.0,NO,STANDBY_VEL_LOW,0,0.00,4590.00,78.36,FALSE,M1_DIRECTION_MISMATCH|OPENING_SHIELD_ACTIVE_10s
2026-09-07 15:25:11.016,1788794711.016,6298,22,22,4414.34,4414.42,8.0,PASS_<=10c,+0.0,FLAT,+0.0,-16.0,4.2,+0.77,0.18,SLOW,4414.50,4415.14,4413.13,4414.34,0.00,0.00,0.0,BULLISH,201.0,4414.34,4414.34,4414.34,4414.34,11,ACTIVE_11s,1.0,0.0,0.0,0.0,0.0,0.0,0.0,PASS_<20%,0.00,0.0,NO,STANDBY_VEL_LOW,0,0.00,4590.00,78.36,FALSE,M1_DIRECTION_MISMATCH|OPENING_SHIELD_ACTIVE_11s
2026-09-07 15:25:11.517,1788794711.518,6299,23,23,4414.34,4414.42,8.0,PASS_<=10c,+0.0,FLAT,+0.0,-16.0,4.2,+0.70,0.17,SLOW,4414.50,4415.14,4413.13,4414.34,0.00,0.00,0.0,BULLISH,201.0,4414.34,4414.34,4414.34,4414.34,11,ACTIVE_11s,1.0,0.0,0.0,0.0,0.0,0.0,0.0,PASS_<20%,0.00,0.0,NO,STANDBY_VEL_LOW,0,0.00,4590.00,78.36,FALSE,M1_DIRECTION_MISMATCH|OPENING_SHIELD_ACTIVE_11s
2026-09-07 15:25:12.021,1788794712.022,6300,24,24,4414.34,4414.42,8.0,PASS_<=10c,+0.0,FLAT,+0.0,-16.0,4.2,+0.82,0.20,SLOW,4414.50,4415.14,4413.13,4414.34,0.00,0.00,0.0,BULLISH,201.0,4414.34,4414.34,4414.34,4414.34,12,ACTIVE_12s,1.0,0.0,0.0,0.0,0.0,0.0,0.0,PASS_<20%,0.00,0.0,NO,STANDBY_VEL_LOW,0,0.00,4590.00,78.36,FALSE,M1_DIRECTION_MISMATCH|OPENING_SHIELD_ACTIVE_12s
2026-09-07 15:25:12.520,1788794712.520,6301,25,25,4414.34,4414.42,8.0,PASS_<=10c,+0.0,FLAT,+0.0,-16.0,4.2,+0.85,0.20,SLOW,4414.50,4415.14,4413.13,4414.34,0.00,0.00,0.0,BULLISH,201.0,4414.34,4414.34,4414.34,4414.34,12,ACTIVE_12s,1.0,0.0,0.0,0.0,0.0,0.0,0.0,PASS_<20%,0.00,0.0,NO,STANDBY_VEL_LOW,0,0.00,4590.00,78.36,FALSE,M1_DIRECTION_MISMATCH|OPENING_SHIELD_ACTIVE_12s
2026-09-07 15:25:13.021,1788794713.022,6302,26,26,4414.34,4414.42,8.0,PASS_<=10c,+0.0,FLAT,+0.0,-16.0,4.2,+0.78,0.19,SLOW,4414.50,4415.14,4413.13,4414.34,0.00,0.00,0.0,BULLISH,201.0,4414.34,4414.34,4414.34,4414.34,13,ACTIVE_13s,1.0,0.0,0.0,0.0,0.0,0.0,0.0,PASS_<20%,0.00,0.0,NO,STANDBY_VEL_LOW,0,0.00,4590.00,78.36,FALSE,M1_DIRECTION_MISMATCH|OPENING_SHIELD_ACTIVE_13s
2026-09-07 15:25:13.523,1788794713.524,6303,27,27,4414.34,4414.42,8.0,PASS_<=10c,+0.0,FLAT,+0.0,-16.0,4.2,+0.87,0.21,SLOW,4414.50,4415.14,4413.13,4414.34,0.00,0.00,0.0,BULLISH,201.0,4414.34,4414.34,4414.34,4414.34,13,ACTIVE_13s,1.0,0.0,0.0,0.0,0.0,0.0,0.0,PASS_<20%,0.00,0.0,NO,STANDBY_VEL_LOW,0,0.00,4590.00,78.36,FALSE,M1_DIRECTION_MISMATCH|OPENING_SHIELD_ACTIVE_13s
2026-09-07 15:25:14.025,1788794714.026,6304,28,28,4414.34,4414.42,8.0,PASS_<=10c,+0.0,FLAT,+0.0,-16.0,4.2,+0.87,0.21,SLOW,4414.50,4415.14,4413.13,4414.34,0.00,0.00,0.0,BULLISH,201.0,4414.34,4414.34,4414.34,4414.34,14,ACTIVE_14s,1.0,0.0,0.0,0.0,0.0,0.0,0.0,PASS_<20%,0.00,0.0,NO,STANDBY_VEL_LOW,0,0.00,4590.00,78.36,FALSE,M1_DIRECTION_MISMATCH|OPENING_SHIELD_ACTIVE_14s
2026-09-07 15:25:14.527,1788794714.528,6305,29,29,4414.34,4414.42,8.0,PASS_<=10c,+0.0,FLAT,+0.0,-16.0,4.2,+0.87,0.21,SLOW,4414.50,4415.14,4413.13,4414.34,0.00,0.00,0.0,BULLISH,201.0,4414.34,4414.34,4414.34,4414.34,14,ACTIVE_14s,1.0,0.0,0.0,0.0,0.0,0.0,0.0,PASS_<20%,0.00,0.0,NO,STANDBY_VEL_LOW,0,0.00,4590.00,78.36,FALSE,M1_DIRECTION_MISMATCH|OPENING_SHIELD_ACTIVE_14s
2026-09-07 15:25:15.029,1788794715.029,6306,30,30,4414.34,4414.42,8.0,PASS_<=10c,+0.0,FLAT,+0.0,-16.0,4.2,+0.90,0.21,SLOW,4414.50,4415.14,4413.13,4414.34,0.00,0.00,0.0,BULLISH,201.0,4414.34,4414.34,4414.34,4414.34,15,ACTIVE_15s,1.0,0.0,0.0,0.0,0.0,0.0,0.0,PASS_<20%,0.00,0.0,NO,STANDBY_VEL_LOW,0,0.00,4590.00,78.36,FALSE,M1_DIRECTION_MISMATCH|OPENING_SHIELD_ACTIVE_15s
2026-09-07 15:25:15.531,1788794715.532,6307,31,31,4414.34,4414.42,8.0,PASS_<=10c,+0.0,FLAT,+0.0,-16.0,4.2,+0.90,0.21,SLOW,4414.50,4415.14,4413.13,4414.34,0.00,0.00,0.0,BULLISH,201.0,4414.34,4414.34,4414.34,4414.34,15,ACTIVE_15s,1.0,0.0,0.0,0.0,0.0,0.0,0.0,PASS_<20%,0.00,0.0,NO,STANDBY_VEL_LOW,0,0.00,4590.00,78.36,FALSE,M1_DIRECTION_MISMATCH|OPENING_SHIELD_ACTIVE_15s
2026-09-07 15:25:16.033,1788794716.033,6308,32,32,4414.34,4414.42,8.0,PASS_<=10c,+0.0,FLAT,+0.0,-16.0,4.2,+0.90,0.21,SLOW,4414.50,4415.14,4413.13,4414.34,0.00,0.00,0.0,BULLISH,201.0,4414.34,4414.34,4414.34,4414.34,16,ACTIVE_16s,1.0,0.0,0.0,0.0,0.0,0.0,0.0,PASS_<20%,0.00,0.0,NO,STANDBY_VEL_LOW,0,0.00,4590.00,78.36,FALSE,M1_DIRECTION_MISMATCH|OPENING_SHIELD_ACTIVE_16s
2026-09-07 15:25:16.534,1788794716.535,6309,33,33,4414.34,4414.42,8.0,PASS_<=10c,+0.0,FLAT,+0.0,-16.0,4.2,+0.92,0.22,SLOW,4414.50,4415.14,4413.13,4414.34,0.00,0.00,0.0,BULLISH,201.0,4414.34,4414.34,4414.34,4414.34,16,ACTIVE_16s,1.0,0.0,0.0,0.0,0.0,0.0,0.0,PASS_<20%,0.00,0.0,NO,STANDBY_VEL_LOW,0,0.00,4590.00,78.36,FALSE,M1_DIRECTION_MISMATCH|OPENING_SHIELD_ACTIVE_16s
2026-09-07 15:25:17.036,1788794717.036,6310,34,34,4414.34,4414.42,8.0,PASS_<=10c,+0.0,FLAT,+0.0,-16.0,4.2,+0.82,0.20,SLOW,4414.50,4415.14,4413.13,4414.34,0.00,0.00,0.0,BULLISH,201.0,4414.34,4414.34,4414.34,4414.34,17,ACTIVE_17s,1.0,0.0,0.0,0.0,0.0,0.0,0.0,PASS_<20%,0.00,0.0,NO,STANDBY_VEL_LOW,0,0.00,4590.00,78.36,FALSE,M1_DIRECTION_MISMATCH|OPENING_SHIELD_ACTIVE_17s
2026-09-07 15:25:17.537,1788794717.538,6311,35,35,4414.34,4414.42,8.0,PASS_<=10c,+0.0,FLAT,+0.0,-16.0,4.2,+0.87,0.21,SLOW,4414.50,4415.14,4413.13,4414.34,0.00,0.00,0.0,BULLISH,201.0,4414.34,4414.34,4414.34,4414.34,17,ACTIVE_17s,1.0,0.0,0.0,0.0,0.0,0.0,0.0,PASS_<20%,0.00,0.0,NO,STANDBY_VEL_LOW,0,0.00,4590.00,78.36,FALSE,M1_DIRECTION_MISMATCH|OPENING_SHIELD_ACTIVE_17s
2026-09-07 15:25:18.040,1788794718.040,6312,36,36,4414.34,4414.42,8.0,PASS_<=10c,+0.0,FLAT,+0.0,-16.0,4.2,+0.87,0.21,SLOW,4414.50,4415.14,4413.13,4414.34,0.00,0.00,0.0,BULLISH,201.0,4414.34,4414.34,4414.34,4414.34,18,ACTIVE_18s,1.0,0.0,0.0,0.0,0.0,0.0,0.0,PASS_<20%,0.00,0.0,NO,STANDBY_VEL_LOW,0,0.00,4590.00,78.36,FALSE,M1_DIRECTION_MISMATCH|OPENING_SHIELD_ACTIVE_18s
2026-09-07 15:25:18.541,1788794718.542,6313,37,37,4414.34,4414.42,8.0,PASS_<=10c,+0.0,FLAT,+0.0,-16.0,4.2,+0.87,0.21,SLOW,4414.50,4415.14,4413.13,4414.34,0.00,0.00,0.0,BULLISH,201.0,4414.34,4414.34,4414.34,4414.34,18,ACTIVE_18s,1.0,0.0,0.0,0.0,0.0,0.0,0.0,PASS_<20%,0.00,0.0,NO,STANDBY_VEL_LOW,0,0.00,4590.00,78.36,FALSE,M1_DIRECTION_MISMATCH|OPENING_SHIELD_ACTIVE_18s
2026-09-07 15:25:19.042,1788794719.042,6314,38,38,4414.34,4414.42,8.0,PASS_<=10c,+0.0,FLAT,+0.0,-16.0,4.2,+1.03,0.25,SLOW,4414.50,4415.14,4413.13,4414.34,0.00,0.00,0.0,BULLISH,201.0,4414.34,4414.34,4414.34,4414.34,19,ACTIVE_19s,1.0,0.0,0.0,0.0,0.0,0.0,0.0,PASS_<20%,0.00,0.0,NO,STANDBY_VEL_LOW,0,0.00,4590.00,78.36,FALSE,M1_DIRECTION_MISMATCH|OPENING_SHIELD_ACTIVE_19s
2026-09-07 15:25:19.544,1788794719.544,6315,39,39,4414.34,4414.42,8.0,PASS_<=10c,+0.0,FLAT,+0.0,-16.0,4.2,+1.10,0.26,SLOW,4414.50,4415.14,4413.13,4414.34,0.00,0.00,0.0,BULLISH,201.0,4414.34,4414.34,4414.34,4414.34,19,ACTIVE_19s,1.0,0.0,0.0,0.0,0.0,0.0,0.0,PASS_<20%,0.00,0.0,NO,STANDBY_VEL_LOW,0,0.00,4590.00,78.36,FALSE,M1_DIRECTION_MISMATCH|OPENING_SHIELD_ACTIVE_19s
2026-09-07 15:25:20.045,1788794720.046,6316,40,40,4414.34,4414.42,8.0,PASS_<=10c,+0.0,FLAT,+0.0,-16.0,4.2,+1.18,0.28,SLOW,4414.50,4415.14,4413.13,4414.34,0.00,0.00,0.0,BULLISH,201.0,4414.34,4414.34,4414.34,4414.34,20,CLEARED_>=20s,1.0,0.0,0.0,0.0,0.0,0.0,0.0,PASS_<20%,0.00,0.0,NO,STANDBY_VEL_LOW,0,0.00,4590.00,78.36,FALSE,M1_DIRECTION_MISMATCH
2026-09-07 15:25:20.547,1788794720.548,6317,41,41,4414.34,4414.42,8.0,PASS_<=10c,+0.0,FLAT,+0.0,-16.0,4.2,+1.33,0.32,SLOW,4414.50,4415.14,4413.13,4414.34,0.00,0.00,0.0,BULLISH,201.0,4414.34,4414.34,4414.34,4414.34,20,CLEARED_>=20s,1.0,0.0,0.0,0.0,0.0,0.0,0.0,PASS_<20%,0.00,0.0,NO,STANDBY_VEL_LOW,0,0.00,4590.00,78.36,FALSE,M1_DIRECTION_MISMATCH
2026-09-07 15:25:21.049,1788794721.050,6318,42,42,4414.34,4414.42,8.0,PASS_<=10c,+0.0,FLAT,+0.0,-16.0,4.2,+1.33,0.32,SLOW,4414.50,4415.14,4413.13,4414.34,0.00,0.00,0.0,BULLISH,201.0,4414.34,4414.34,4414.34,4414.34,21,CLEARED_>=20s,1.0,0.0,0.0,0.0,0.0,0.0,0.0,PASS_<20%,0.00,0.0,NO,STANDBY_VEL_LOW,0,0.00,4590.00,78.36,FALSE,M1_DIRECTION_MISMATCH
2026-09-07 15:25:21.551,1788794721.552,6319,43,43,4414.34,4414.42,8.0,PASS_<=10c,+0.0,FLAT,+0.0,-16.0,4.2,+1.45,0.35,SLOW,4414.50,4415.14,4413.13,4414.34,0.00,0.00,0.0,BULLISH,201.0,4414.34,4414.34,4414.34,4414.34,21,CLEARED_>=20s,1.0,0.0,0.0,0.0,0.0,0.0,0.0,PASS_<20%,0.00,0.0,NO,STANDBY_VEL_LOW,0,0.00,4590.00,78.36,FALSE,M1_DIRECTION_MISMATCH
2026-09-07 15:25:22.054,1788794722.054,6320,44,44,4414.34,4414.42,8.0,PASS_<=10c,+0.0,FLAT,+0.0,-16.0,4.2,+1.52,0.36,SLOW,4414.50,4415.14,4413.13,4414.34,0.00,0.00,0.0,BULLISH,201.0,4414.34,4414.34,4414.34,4414.34,22,CLEARED_>=20s,1.0,0.0,0.0,0.0,0.0,0.0,0.0,PASS_<20%,0.00,0.0,NO,STANDBY_VEL_LOW,0,0.00,4590.00,78.36,FALSE,M1_DIRECTION_MISMATCH
2026-09-07 15:25:22.556,1788794722.557,6321,45,45,4414.34,4414.42,8.0,PASS_<=10c,+0.0,FLAT,+0.0,-16.0,4.2,+2.02,0.48,SLOW,4414.50,4415.14,4413.13,4414.34,0.00,0.00,0.0,BULLISH,201.0,4414.34,4414.34,4414.34,4414.34,22,CLEARED_>=20s,1.0,0.0,0.0,0.0,0.0,0.0,0.0,PASS_<20%,0.00,0.0,NO,STANDBY_VEL_LOW,0,0.00,4590.00,78.36,FALSE,M1_DIRECTION_MISMATCH
2026-09-07 15:25:23.058,1788794723.058,6322,46,46,4414.34,4414.42,8.0,PASS_<=10c,+0.0,FLAT,+0.0,-16.0,4.2,+1.82,0.43,SLOW,4414.50,4415.14,4413.13,4414.34,0.00,0.00,0.0,BULLISH,201.0,4414.34,4414.34,4414.34,4414.34,23,CLEARED_>=20s,1.0,0.0,0.0,0.0,0.0,0.0,0.0,PASS_<20%,0.00,0.0,NO,STANDBY_VEL_LOW,0,0.00,4590.00,78.36,FALSE,M1_DIRECTION_MISMATCH
2026-09-07 15:25:23.560,1788794723.560,6323,47,47,4414.34,4414.42,8.0,PASS_<=10c,+0.0,FLAT,+0.0,-16.0,4.2,+1.68,0.40,SLOW,4414.50,4415.14,4413.13,4414.34,0.00,0.00,0.0,BULLISH,201.0,4414.34,4414.34,4414.34,4414.34,23,CLEARED_>=20s,1.0,0.0,0.0,0.0,0.0,0.0,0.0,PASS_<20%,0.00,0.0,NO,STANDBY_VEL_LOW,0,0.00,4590.00,78.36,FALSE,M1_DIRECTION_MISMATCH
2026-09-07 15:25:24.061,1788794724.062,6324,48,48,4414.34,4414.42,8.0,PASS_<=10c,+0.0,FLAT,+0.0,-16.0,4.2,+1.65,0.39,SLOW,4414.50,4415.14,4413.13,4414.34,0.00,0.00,0.0,BULLISH,201.0,4414.34,4414.34,4414.34,4414.34,24,CLEARED_>=20s,1.0,0.0,0.0,0.0,0.0,0.0,0.0,PASS_<20%,0.00,0.0,NO,STANDBY_VEL_LOW,0,0.00,4590.00,78.36,FALSE,M1_DIRECTION_MISMATCH
2026-09-07 15:25:24.563,1788794724.564,6325,49,49,4414.34,4414.42,8.0,PASS_<=10c,+0.0,FLAT,+0.0,-16.0,4.2,+1.58,0.38,SLOW,4414.50,4415.14,4413.13,4414.34,0.00,0.00,0.0,BULLISH,201.0,4414.34,4414.34,4414.34,4414.34,24,CLEARED_>=20s,1.0,0.0,0.0,0.0,0.0,0.0,0.0,PASS_<20%,0.00,0.0,NO,STANDBY_VEL_LOW,0,0.00,4590.00,78.36,FALSE,M1_DIRECTION_MISMATCH
2026-09-07 15:25:25.065,1788794725.066,6326,50,50,4414.34,4414.42,8.0,PASS_<=10c,+0.0,FLAT,+0.0,-16.0,4.2,+1.43,0.34,SLOW,4414.50,4415.14,4413.13,4414.34,0.00,0.00,0.0,BULLISH,201.0,4414.34,4414.34,4414.34,4414.34,25,CLEARED_>=20s,1.0,0.0,0.0,0.0,0.0,0.0,0.0,PASS_<20%,0.00,0.0,NO,STANDBY_VEL_LOW,0,0.00,4590.00,78.36,FALSE,M1_DIRECTION_MISMATCH
2026-09-07 15:25:25.568,1788794725.569,6327,51,51,4414.34,4414.42,8.0,PASS_<=10c,+0.0,FLAT,+0.0,-16.0,4.2,+1.27,0.30,SLOW,4414.50,4415.14,4413.13,4414.34,0.00,0.00,0.0,BULLISH,201.0,4414.34,4414.34,4414.34,4414.34,25,CLEARED_>=20s,1.0,0.0,0.0,0.0,0.0,0.0,0.0,PASS_<20%,0.00,0.0,NO,STANDBY_VEL_LOW,0,0.00,4590.00,78.36,FALSE,M1_DIRECTION_MISMATCH
2026-09-07 15:25:26.068,1788794726.068,6328,52,52,4414.34,4414.42,8.0,PASS_<=10c,+0.0,FLAT,+0.0,-16.0,4.2,+1.00,0.24,SLOW,4414.50,4415.14,4413.13,4414.34,0.00,0.00,0.0,BULLISH,201.0,4414.34,4414.34,4414.34,4414.34,26,CLEARED_>=20s,1.0,0.0,0.0,0.0,0.0,0.0,0.0,PASS_<20%,0.00,0.0,NO,STANDBY_VEL_LOW,0,0.00,4590.00,78.36,FALSE,M1_DIRECTION_MISMATCH
2026-09-07 15:25:26.569,1788794726.570,6329,53,53,4414.34,4414.42,8.0,PASS_<=10c,+0.0,FLAT,+0.0,-16.0,4.2,+1.07,0.25,SLOW,4414.50,4415.14,4413.13,4414.34,0.00,0.00,0.0,BULLISH,201.0,4414.34,4414.34,4414.34,4414.34,26,CLEARED_>=20s,1.0,0.0,0.0,0.0,0.0,0.0,0.0,PASS_<20%,0.00,0.0,NO,STANDBY_VEL_LOW,0,0.00,4590.00,78.36,FALSE,M1_DIRECTION_MISMATCH
2026-09-07 15:25:27.071,1788794727.072,6330,54,54,4414.34,4414.42,8.0,PASS_<=10c,+0.0,FLAT,+0.0,-16.0,4.2,+1.05,0.25,SLOW,4414.50,4415.14,4413.13,4414.34,0.00,0.00,0.0,BULLISH,201.0,4414.34,4414.34,4414.34,4414.34,27,CLEARED_>=20s,1.0,0.0,0.0,0.0,0.0,0.0,0.0,PASS_<20%,0.00,0.0,NO,STANDBY_VEL_LOW,0,0.00,4590.00,78.36,FALSE,M1_DIRECTION_MISMATCH
2026-09-07 15:25:27.572,1788794727.573,6331,55,55,4414.34,4414.42,8.0,PASS_<=10c,+0.0,FLAT,+0.0,-16.0,4.2,+0.92,0.22,SLOW,4414.50,4415.14,4413.13,4414.34,0.00,0.00,0.0,BULLISH,201.0,4414.34,4414.34,4414.34,4414.34,27,CLEARED_>=20s,1.0,0.0,0.0,0.0,0.0,0.0,0.0,PASS_<20%,0.00,0.0,NO,STANDBY_VEL_LOW,0,0.00,4590.00,78.36,FALSE,M1_DIRECTION_MISMATCH
2026-09-07 15:25:28.075,1788794728.076,6332,56,56,4414.34,4414.42,8.0,PASS_<=10c,+0.0,FLAT,+0.0,-16.0,4.2,+0.83,0.20,SLOW,4414.50,4415.14,4413.13,4414.34,0.00,0.00,0.0,BULLISH,201.0,4414.34,4414.34,4414.34,4414.34,28,CLEARED_>=20s,1.0,0.0,0.0,0.0,0.0,0.0,0.0,PASS_<20%,0.00,0.0,NO,STANDBY_VEL_LOW,0,0.00,4590.00,78.36,FALSE,M1_DIRECTION_MISMATCH
2026-09-07 15:25:28.576,1788794728.577,6333,57,57,4414.34,4414.42,8.0,PASS_<=10c,+0.0,FLAT,+0.0,-16.0,4.2,+0.53,0.13,SLOW,4414.50,4415.14,4413.13,4414.34,0.00,0.00,0.0,BULLISH,201.0,4414.34,4414.34,4414.34,4414.34,28,CLEARED_>=20s,1.0,0.0,0.0,0.0,0.0,0.0,0.0,PASS_<20%,0.00,0.0,NO,STANDBY_VEL_LOW,0,0.00,4590.00,78.36,FALSE,M1_DIRECTION_MISMATCH
2026-09-07 15:25:29.078,1788794729.079,6334,58,58,4414.34,4414.42,8.0,PASS_<=10c,+0.0,FLAT,+0.0,-16.0,4.2,+0.48,0.11,SLOW,4414.50,4415.14,4413.13,4414.34,0.00,0.00,0.0,BULLISH,201.0,4414.34,4414.34,4414.34,4414.34,29,CLEARED_>=20s,1.0,0.0,0.0,0.0,0.0,0.0,0.0,PASS_<20%,0.00,0.0,NO,STANDBY_VEL_LOW,0,0.00,4590.00,78.36,FALSE,M1_DIRECTION_MISMATCH
2026-09-07 15:25:29.580,1788794729.580,6335,59,59,4414.34,4414.42,8.0,PASS_<=10c,+0.0,FLAT,+0.0,-16.0,4.2,+0.48,0.11,SLOW,4414.50,4415.14,4413.13,4414.34,0.00,0.00,0.0,BULLISH,201.0,4414.34,4414.34,4414.34,4414.34,29,CLEARED_>=20s,1.0,0.0,0.0,0.0,0.0,0.0,0.0,PASS_<20%,0.00,0.0,NO,STANDBY_VEL_LOW,0,0.00,4590.00,78.36,FALSE,M1_DIRECTION_MISMATCH
2026-09-07 15:25:30.082,1788794730.083,6336,60,60,4414.34,4414.42,8.0,PASS_<=10c,+0.0,FLAT,+0.0,-16.0,4.2,+0.45,0.11,SLOW,4414.50,4415.14,4413.13,4414.34,0.00,0.00,0.0,BULLISH,201.0,4414.34,4414.34,4414.34,4414.34,30,CLEARED_>=20s,1.0,0.0,0.0,0.0,0.0,0.0,0.0,PASS_<20%,0.00,0.0,NO,STANDBY_VEL_LOW,0,0.00,4590.00,78.36,FALSE,M1_DIRECTION_MISMATCH
2026-09-07 15:25:30.584,1788794730.585,6337,61,61,4414.34,4414.42,8.0,PASS_<=10c,+0.0,FLAT,+0.0,-16.0,4.2,+0.45,0.11,SLOW,4414.50,4415.14,4413.13,4414.34,0.00,0.00,0.0,BULLISH,201.0,4414.34,4414.34,4414.34,4414.34,30,CLEARED_>=20s,1.0,0.0,0.0,0.0,0.0,0.0,0.0,PASS_<20%,0.00,0.0,NO,STANDBY_VEL_LOW,0,0.00,4590.00,78.36,FALSE,M1_DIRECTION_MISMATCH
2026-09-07 15:25:31.085,1788794731.086,6338,62,62,4414.34,4414.42,8.0,PASS_<=10c,+0.0,FLAT,+0.0,-16.0,4.2,+0.43,0.10,SLOW,4414.50,4415.14,4413.13,4414.34,0.00,0.00,0.0,BULLISH,201.0,4414.34,4414.34,4414.34,4414.34,31,CLEARED_>=20s,1.0,0.0,0.0,0.0,0.0,0.0,0.0,PASS_<20%,0.00,0.0,NO,STANDBY_VEL_LOW,0,0.00,4590.00,78.36,FALSE,M1_DIRECTION_MISMATCH
2026-09-07 15:25:31.587,1788794731.587,6339,63,63,4414.34,4414.42,8.0,PASS_<=10c,+0.0,FLAT,+0.0,-16.0,4.2,+0.43,0.10,SLOW,4414.50,4415.14,4413.13,4414.34,0.00,0.00,0.0,BULLISH,201.0,4414.34,4414.34,4414.34,4414.34,31,CLEARED_>=20s,1.0,0.0,0.0,0.0,0.0,0.0,0.0,PASS_<20%,0.00,0.0,NO,STANDBY_VEL_LOW,0,0.00,4590.00,78.36,FALSE,M1_DIRECTION_MISMATCH
2026-09-07 15:25:32.088,1788794732.088,6340,64,64,4414.34,4414.42,8.0,PASS_<=10c,+0.0,FLAT,+0.0,-16.0,4.2,+0.43,0.10,SLOW,4414.50,4415.14,4413.13,4414.34,0.00,0.00,0.0,BULLISH,201.0,4414.34,4414.34,4414.34,4414.34,32,CLEARED_>=20s,1.0,0.0,0.0,0.0,0.0,0.0,0.0,PASS_<20%,0.00,0.0,NO,STANDBY_VEL_LOW,0,0.00,4590.00,78.36,FALSE,M1_DIRECTION_MISMATCH
2026-09-07 15:25:32.590,1788794732.590,6341,65,65,4414.34,4414.42,8.0,PASS_<=10c,+0.0,FLAT,+0.0,-16.0,4.2,+0.50,0.12,SLOW,4414.50,4415.14,4413.13,4414.34,0.00,0.00,0.0,BULLISH,201.0,4414.34,4414.34,4414.34,4414.34,32,CLEARED_>=20s,1.0,0.0,0.0,0.0,0.0,0.0,0.0,PASS_<20%,0.00,0.0,NO,STANDBY_VEL_LOW,0,0.00,4590.00,78.36,FALSE,M1_DIRECTION_MISMATCH
2026-09-07 15:25:33.092,1788794733.093,6342,66,66,4414.34,4414.42,8.0,PASS_<=10c,+0.0,FLAT,+0.0,-16.0,4.2,+0.48,0.11,SLOW,4414.50,4415.14,4413.13,4414.34,0.00,0.00,0.0,BULLISH,201.0,4414.34,4414.34,4414.34,4414.34,33,CLEARED_>=20s,1.0,0.0,0.0,0.0,0.0,0.0,0.0,PASS_<20%,0.00,0.0,NO,STANDBY_VEL_LOW,0,0.00,4590.00,78.36,FALSE,M1_DIRECTION_MISMATCH
2026-09-07 15:25:33.594,1788794733.594,6343,67,67,4414.34,4414.42,8.0,PASS_<=10c,+0.0,FLAT,+0.0,-16.0,4.2,+0.47,0.11,SLOW,4414.50,4415.14,4413.13,4414.34,0.00,0.00,0.0,BULLISH,201.0,4414.34,4414.34,4414.34,4414.34,33,CLEARED_>=20s,1.0,0.0,0.0,0.0,0.0,0.0,0.0,PASS_<20%,0.00,0.0,NO,STANDBY_VEL_LOW,0,0.00,4590.00,78.36,FALSE,M1_DIRECTION_MISMATCH
2026-09-07 15:25:34.097,1788794734.097,6344,68,68,4414.34,4414.42,8.0,PASS_<=10c,+0.0,FLAT,+0.0,-16.0,4.2,+0.48,0.11,SLOW,4414.50,4415.14,4413.13,4414.34,0.00,0.00,0.0,BULLISH,201.0,4414.34,4414.34,4414.34,4414.34,34,CLEARED_>=20s,1.0,0.0,0.0,0.0,0.0,0.0,0.0,PASS_<20%,0.00,0.0,NO,STANDBY_VEL_LOW,0,0.00,4590.00,78.36,FALSE,M1_DIRECTION_MISMATCH
2026-09-07 15:25:34.597,1788794734.597,6345,69,69,4414.34,4414.42,8.0,PASS_<=10c,+0.0,FLAT,+0.0,-16.0,4.2,+0.67,0.16,SLOW,4414.50,4415.14,4413.13,4414.34,0.00,0.00,0.0,BULLISH,201.0,4414.34,4414.34,4414.34,4414.34,34,CLEARED_>=20s,1.0,0.0,0.0,0.0,0.0,0.0,0.0,PASS_<20%,0.00,0.0,NO,STANDBY_VEL_LOW,0,0.00,4590.00,78.36,FALSE,M1_DIRECTION_MISMATCH
2026-09-07 15:25:35.099,1788794735.100,6346,70,70,4414.34,4414.42,8.0,PASS_<=10c,+0.0,FLAT,+0.0,-16.0,4.2,+0.75,0.18,SLOW,4414.50,4415.14,4413.13,4414.34,0.00,0.00,0.0,BULLISH,201.0,4414.34,4414.34,4414.34,4414.34,35,CLEARED_>=20s,1.0,0.0,0.0,0.0,0.0,0.0,0.0,PASS_<20%,0.00,0.0,NO,STANDBY_VEL_LOW,0,0.00,4590.00,78.36,FALSE,M1_DIRECTION_MISMATCH
2026-09-07 15:25:35.602,1788794735.602,6347,71,71,4414.34,4414.42,8.0,PASS_<=10c,+0.0,FLAT,+0.0,-16.0,4.2,+0.83,0.20,SLOW,4414.50,4415.14,4413.13,4414.34,0.00,0.00,0.0,BULLISH,201.0,4414.34,4414.34,4414.34,4414.34,35,CLEARED_>=20s,1.0,0.0,0.0,0.0,0.0,0.0,0.0,PASS_<20%,0.00,0.0,NO,STANDBY_VEL_LOW,0,0.00,4590.00,78.36,FALSE,M1_DIRECTION_MISMATCH
2026-09-07 15:25:36.123,1788794736.124,6348,72,72,4414.34,4414.42,8.0,PASS_<=10c,+0.0,FLAT,+0.0,-16.0,4.2,+0.83,0.20,SLOW,4414.50,4415.14,4413.13,4414.34,0.00,0.00,0.0,BULLISH,201.0,4414.34,4414.34,4414.34,4414.34,36,CLEARED_>=20s,1.0,0.0,0.0,0.0,0.0,0.0,0.0,PASS_<20%,0.00,0.0,NO,STANDBY_VEL_LOW,0,0.00,4590.00,78.36,FALSE,M1_DIRECTION_MISMATCH
2026-09-07 15:25:36.620,1788794736.621,6349,73,73,4414.34,4414.42,8.0,PASS_<=10c,+0.0,FLAT,+0.0,-16.0,4.2,+0.85,0.20,SLOW,4414.50,4415.14,4413.13,4414.34,0.00,0.00,0.0,BULLISH,201.0,4414.34,4414.34,4414.34,4414.34,36,CLEARED_>=20s,1.0,0.0,0.0,0.0,0.0,0.0,0.0,PASS_<20%,0.00,0.0,NO,STANDBY_VEL_LOW,0,0.00,4590.00,78.36,FALSE,M1_DIRECTION_MISMATCH
2026-09-07 15:25:37.122,1788794737.122,6350,74,74,4414.34,4414.42,8.0,PASS_<=10c,+0.0,FLAT,+0.0,-16.0,4.2,+0.75,0.18,SLOW,4414.50,4415.14,4413.13,4414.34,0.00,0.00,0.0,BULLISH,201.0,4414.34,4414.34,4414.34,4414.34,37,CLEARED_>=20s,1.0,0.0,0.0,0.0,0.0,0.0,0.0,PASS_<20%,0.00,0.0,NO,STANDBY_VEL_LOW,0,0.00,4590.00,78.36,FALSE,M1_DIRECTION_MISMATCH
2026-09-07 15:25:37.623,1788794737.624,6351,75,75,4414.34,4414.42,8.0,PASS_<=10c,+0.0,FLAT,+0.0,-16.0,4.2,+0.80,0.19,SLOW,4414.50,4415.14,4413.13,4414.34,0.00,0.00,0.0,BULLISH,201.0,4414.34,4414.34,4414.34,4414.34,37,CLEARED_>=20s,1.0,0.0,0.0,0.0,0.0,0.0,0.0,PASS_<20%,0.00,0.0,NO,STANDBY_VEL_LOW,0,0.00,4590.00,78.36,FALSE,M1_DIRECTION_MISMATCH
2026-09-07 15:25:38.124,1788794738.125,6352,76,76,4414.34,4414.42,8.0,PASS_<=10c,+0.0,FLAT,+0.0,-16.0,4.2,+0.73,0.17,SLOW,4414.50,4415.14,4413.13,4414.34,0.00,0.00,0.0,BULLISH,201.0,4414.34,4414.34,4414.34,4414.34,38,CLEARED_>=20s,1.0,0.0,0.0,0.0,0.0,0.0,0.0,PASS_<20%,0.00,0.0,NO,STANDBY_VEL_LOW,0,0.00,4590.00,78.36,FALSE,M1_DIRECTION_MISMATCH
2026-09-07 15:25:38.626,1788794738.627,6353,77,77,4414.34,4414.42,8.0,PASS_<=10c,+0.0,FLAT,+0.0,-16.0,4.2,+0.58,0.14,SLOW,4414.50,4415.14,4413.13,4414.34,0.00,0.00,0.0,BULLISH,201.0,4414.34,4414.34,4414.34,4414.34,38,CLEARED_>=20s,1.0,0.0,0.0,0.0,0.0,0.0,0.0,PASS_<20%,0.00,0.0,NO,STANDBY_VEL_LOW,0,0.00,4590.00,78.36,FALSE,M1_DIRECTION_MISMATCH
2026-09-07 15:25:39.128,1788794739.128,6354,78,78,4414.34,4414.42,8.0,PASS_<=10c,+0.0,FLAT,+0.0,-16.0,4.2,+0.48,0.11,SLOW,4414.50,4415.14,4413.13,4414.34,0.00,0.00,0.0,BULLISH,201.0,4414.34,4414.34,4414.34,4414.34,39,CLEARED_>=20s,1.0,0.0,0.0,0.0,0.0,0.0,0.0,PASS_<20%,0.00,0.0,NO,STANDBY_VEL_LOW,0,0.00,4590.00,78.36,FALSE,M1_DIRECTION_MISMATCH
2026-09-07 15:25:39.632,1788794739.633,6355,79,79,4414.34,4414.42,8.0,PASS_<=10c,+0.0,FLAT,+0.0,-16.0,4.2,+0.55,0.13,SLOW,4414.50,4415.14,4413.13,4414.34,0.00,0.00,0.0,BULLISH,201.0,4414.34,4414.34,4414.34,4414.34,39,CLEARED_>=20s,1.0,0.0,0.0,0.0,0.0,0.0,0.0,PASS_<20%,0.00,0.0,NO,STANDBY_VEL_LOW,0,0.00,4590.00,78.36,FALSE,M1_DIRECTION_MISMATCH
2026-09-07 15:25:40.133,1788794740.133,6356,80,80,4414.34,4414.42,8.0,PASS_<=10c,+0.0,FLAT,+0.0,-16.0,4.2,+0.55,0.13,SLOW,4414.50,4415.14,4413.13,4414.34,0.00,0.00,0.0,BULLISH,201.0,4414.34,4414.34,4414.34,4414.34,40,CLEARED_>=20s,1.0,0.0,0.0,0.0,0.0,0.0,0.0,PASS_<20%,0.00,0.0,NO,STANDBY_VEL_LOW,0,0.00,4590.00,78.36,FALSE,M1_DIRECTION_MISMATCH
2026-09-07 15:25:40.634,1788794740.635,6357,81,81,4414.34,4414.42,8.0,PASS_<=10c,+0.0,FLAT,+0.0,-16.0,4.2,+0.55,0.13,SLOW,4414.50,4415.14,4413.13,4414.34,0.00,0.00,0.0,BULLISH,201.0,4414.34,4414.34,4414.34,4414.34,40,CLEARED_>=20s,1.0,0.0,0.0,0.0,0.0,0.0,0.0,PASS_<20%,0.00,0.0,NO,STANDBY_VEL_LOW,0,0.00,4590.00,78.36,FALSE,M1_DIRECTION_MISMATCH
2026-09-07 15:25:41.137,1788794741.137,6358,82,82,4414.34,4414.42,8.0,PASS_<=10c,+0.0,FLAT,+0.0,-16.0,4.2,+0.57,0.14,SLOW,4414.50,4415.14,4413.13,4414.34,0.00,0.00,0.0,BULLISH,201.0,4414.34,4414.34,4414.34,4414.34,41,CLEARED_>=20s,1.0,0.0,0.0,0.0,0.0,0.0,0.0,PASS_<20%,0.00,0.0,NO,STANDBY_VEL_LOW,0,0.00,4590.00,78.36,FALSE,M1_DIRECTION_MISMATCH
2026-09-07 15:25:41.639,1788794741.640,6359,83,83,4414.34,4414.42,8.0,PASS_<=10c,+0.0,FLAT,+0.0,-16.0,4.2,+0.57,0.14,SLOW,4414.50,4415.14,4413.13,4414.34,0.00,0.00,0.0,BULLISH,201.0,4414.34,4414.34,4414.34,4414.34,41,CLEARED_>=20s,1.0,0.0,0.0,0.0,0.0,0.0,0.0,PASS_<20%,0.00,0.0,NO,STANDBY_VEL_LOW,0,0.00,4590.00,78.36,FALSE,M1_DIRECTION_MISMATCH
2026-09-07 15:25:42.140,1788794742.140,6360,84,84,4414.34,4414.42,8.0,PASS_<=10c,+0.0,FLAT,+0.0,-16.0,4.2,+0.53,0.13,SLOW,4414.50,4415.14,4413.13,4414.34,0.00,0.00,0.0,BULLISH,201.0,4414.34,4414.34,4414.34,4414.34,42,CLEARED_>=20s,1.0,0.0,0.0,0.0,0.0,0.0,0.0,PASS_<20%,0.00,0.0,NO,STANDBY_VEL_LOW,0,0.00,4590.00,78.36,FALSE,M1_DIRECTION_MISMATCH
2026-09-07 15:25:42.641,1788794742.641,6361,85,85,4414.34,4414.42,8.0,PASS_<=10c,+0.0,FLAT,+0.0,-16.0,4.2,+0.47,0.11,SLOW,4414.50,4415.14,4413.13,4414.34,0.00,0.00,0.0,BULLISH,201.0,4414.34,4414.34,4414.34,4414.34,42,CLEARED_>=20s,1.0,0.0,0.0,0.0,0.0,0.0,0.0,PASS_<20%,0.00,0.0,NO,STANDBY_VEL_LOW,0,0.00,4590.00,78.36,FALSE,M1_DIRECTION_MISMATCH
2026-09-07 15:25:43.143,1788794743.144,6362,86,86,4414.34,4414.42,8.0,PASS_<=10c,+0.0,FLAT,+0.0,-16.0,4.2,+0.47,0.11,SLOW,4414.50,4415.14,4413.13,4414.34,0.00,0.00,0.0,BULLISH,201.0,4414.34,4414.34,4414.34,4414.34,43,CLEARED_>=20s,1.0,0.0,0.0,0.0,0.0,0.0,0.0,PASS_<20%,0.00,0.0,NO,STANDBY_VEL_LOW,0,0.00,4590.00,78.36,FALSE,M1_DIRECTION_MISMATCH
2026-09-07 15:25:43.644,1788794743.645,6363,87,87,4414.34,4414.42,8.0,PASS_<=10c,+0.0,FLAT,+0.0,-16.0,4.2,+0.50,0.12,SLOW,4414.50,4415.14,4413.13,4414.34,0.00,0.00,0.0,BULLISH,201.0,4414.34,4414.34,4414.34,4414.34,43,CLEARED_>=20s,1.0,0.0,0.0,0.0,0.0,0.0,0.0,PASS_<20%,0.00,0.0,NO,STANDBY_VEL_LOW,0,0.00,4590.00,78.36,FALSE,M1_DIRECTION_MISMATCH
2026-09-07 15:25:44.145,1788794744.146,6364,88,88,4414.34,4414.42,8.0,PASS_<=10c,+0.0,FLAT,+0.0,-16.0,4.2,+0.50,0.12,SLOW,4414.50,4415.14,4413.13,4414.34,0.00,0.00,0.0,BULLISH,201.0,4414.34,4414.34,4414.34,4414.34,44,CLEARED_>=20s,1.0,0.0,0.0,0.0,0.0,0.0,0.0,PASS_<20%,0.00,0.0,NO,STANDBY_VEL_LOW,0,0.00,4590.00,78.36,FALSE,M1_DIRECTION_MISMATCH
2026-09-07 15:25:44.647,1788794744.648,6365,89,89,4414.34,4414.42,8.0,PASS_<=10c,+0.0,FLAT,+0.0,-16.0,4.2,+0.40,0.10,SLOW,4414.50,4415.14,4413.13,4414.34,0.00,0.00,0.0,BULLISH,201.0,4414.34,4414.34,4414.34,4414.34,44,CLEARED_>=20s,1.0,0.0,0.0,0.0,0.0,0.0,0.0,PASS_<20%,0.00,0.0,NO,STANDBY_VEL_LOW,0,0.00,4590.00,78.36,FALSE,M1_DIRECTION_MISMATCH
2026-09-07 15:25:45.150,1788794745.150,6366,90,90,4414.34,4414.42,8.0,PASS_<=10c,+0.0,FLAT,+0.0,-16.0,4.2,+0.35,0.08,SLOW,4414.50,4415.14,4413.13,4414.34,0.00,0.00,0.0,BULLISH,201.0,4414.34,4414.34,4414.34,4414.34,45,CLEARED_>=20s,1.0,0.0,0.0,0.0,0.0,0.0,0.0,PASS_<20%,0.00,0.0,NO,STANDBY_VEL_LOW,0,0.00,4590.00,78.36,FALSE,M1_DIRECTION_MISMATCH
2026-09-07 15:25:45.650,1788794745.651,6367,91,91,4414.34,4414.42,8.0,PASS_<=10c,+0.0,FLAT,+0.0,-16.0,4.2,+0.25,0.06,SLOW,4414.50,4415.14,4413.13,4414.34,0.00,0.00,0.0,BULLISH,201.0,4414.34,4414.34,4414.34,4414.34,45,CLEARED_>=20s,1.0,0.0,0.0,0.0,0.0,0.0,0.0,PASS_<20%,0.00,0.0,NO,STANDBY_VEL_LOW,0,0.00,4590.00,78.36,FALSE,M1_DIRECTION_MISMATCH
2026-09-07 15:25:46.152,1788794746.152,6368,92,92,4414.34,4414.42,8.0,PASS_<=10c,+0.0,FLAT,+0.0,-16.0,4.2,+0.23,0.05,SLOW,4414.50,4415.14,4413.13,4414.34,0.00,0.00,0.0,BULLISH,201.0,4414.34,4414.34,4414.34,4414.34,46,CLEARED_>=20s,1.0,0.0,0.0,0.0,0.0,0.0,0.0,PASS_<20%,0.00,0.0,NO,STANDBY_VEL_LOW,0,0.00,4590.00,78.36,FALSE,M1_DIRECTION_MISMATCH
2026-09-07 15:25:46.653,1788794746.653,6369,93,93,4414.34,4414.42,8.0,PASS_<=10c,+0.0,FLAT,+0.0,-16.0,4.2,+0.10,0.02,SLOW,4414.50,4415.14,4413.13,4414.34,0.00,0.00,0.0,BULLISH,201.0,4414.34,4414.34,4414.34,4414.34,46,CLEARED_>=20s,1.0,0.0,0.0,0.0,0.0,0.0,0.0,PASS_<20%,0.00,0.0,NO,STANDBY_VEL_LOW,0,0.00,4590.00,78.36,FALSE,M1_DIRECTION_MISMATCH
2026-09-07 15:25:47.154,1788794747.155,6370,94,94,4414.34,4414.42,8.0,PASS_<=10c,+0.0,FLAT,+0.0,-16.0,4.2,+0.03,0.01,SLOW,4414.50,4415.14,4413.13,4414.34,0.00,0.00,0.0,BULLISH,201.0,4414.34,4414.34,4414.34,4414.34,47,CLEARED_>=20s,1.0,0.0,0.0,0.0,0.0,0.0,0.0,PASS_<20%,0.00,0.0,NO,STANDBY_VEL_LOW,0,0.00,4590.00,78.36,FALSE,M1_DIRECTION_MISMATCH
2026-09-07 15:25:47.656,1788794747.656,6371,95,95,4414.34,4414.42,8.0,PASS_<=10c,+0.0,FLAT,+0.0,-16.0,4.2,+0.00,0.00,SLOW,4414.50,4415.14,4413.13,4414.34,0.00,0.00,0.0,BULLISH,201.0,4414.34,4414.34,4414.34,4414.34,47,CLEARED_>=20s,1.0,0.0,0.0,0.0,0.0,0.0,0.0,PASS_<20%,0.00,0.0,NO,STANDBY_VEL_LOW,0,0.00,4590.00,78.36,FALSE,M1_DIRECTION_MISMATCH
2026-09-07 15:25:48.158,1788794748.158,6372,96,96,4414.34,4414.42,8.0,PASS_<=10c,+0.0,FLAT,+0.0,-16.0,4.2,+0.00,0.00,SLOW,4414.50,4415.14,4413.13,4414.34,0.00,0.00,0.0,BULLISH,201.0,4414.34,4414.34,4414.34,4414.34,48,CLEARED_>=20s,1.0,0.0,0.0,0.0,0.0,0.0,0.0,PASS_<20%,0.00,0.0,NO,STANDBY_VEL_LOW,0,0.00,4590.00,78.36,FALSE,M1_DIRECTION_MISMATCH
2026-09-07 15:25:48.659,1788794748.659,6373,97,97,4414.34,4414.42,8.0,PASS_<=10c,+0.0,FLAT,+0.0,-16.0,4.2,+0.00,0.00,SLOW,4414.50,4415.14,4413.13,4414.34,0.00,0.00,0.0,BULLISH,201.0,4414.34,4414.34,4414.34,4414.34,48,CLEARED_>=20s,1.0,0.0,0.0,0.0,0.0,0.0,0.0,PASS_<20%,0.00,0.0,NO,STANDBY_VEL_LOW,0,0.00,4590.00,78.36,FALSE,M1_DIRECTION_MISMATCH
2026-09-07 15:25:49.162,1788794749.162,6374,98,98,4414.34,4414.42,8.0,PASS_<=10c,+0.0,FLAT,+0.0,-16.0,4.2,+0.00,0.00,SLOW,4414.50,4415.14,4413.13,4414.34,0.00,0.00,0.0,BULLISH,201.0,4414.34,4414.34,4414.34,4414.34,49,CLEARED_>=20s,1.0,0.0,0.0,0.0,0.0,0.0,0.0,PASS_<20%,0.00,0.0,NO,STANDBY_VEL_LOW,0,0.00,4590.00,78.36,FALSE,M1_DIRECTION_MISMATCH
2026-09-07 15:25:49.662,1788794749.662,6375,99,99,4414.34,4414.42,8.0,PASS_<=10c,+0.0,FLAT,+0.0,-16.0,4.2,+0.00,0.00,SLOW,4414.50,4415.14,4413.13,4414.34,0.00,0.00,0.0,BULLISH,201.0,4414.34,4414.34,4414.34,4414.34,49,CLEARED_>=20s,1.0,0.0,0.0,0.0,0.0,0.0,0.0,PASS_<20%,0.00,0.0,NO,STANDBY_VEL_LOW,0,0.00,4590.00,78.36,FALSE,M1_DIRECTION_MISMATCH
2026-09-07 15:25:50.164,1788794750.164,6376,100,100,4414.34,4414.42,8.0,PASS_<=10c,+0.0,FLAT,+0.0,-16.0,4.2,+0.00,0.00,SLOW,4414.50,4415.14,4413.13,4414.34,0.00,0.00,0.0,BULLISH,201.0,4414.34,4414.34,4414.34,4414.34,50,CLEARED_>=20s,1.0,0.0,0.0,0.0,0.0,0.0,0.0,PASS_<20%,0.00,0.0,NO,STANDBY_VEL_LOW,0,0.00,4590.00,78.36,FALSE,M1_DIRECTION_MISMATCH
2026-09-07 15:25:50.666,1788794750.666,6377,101,101,4414.34,4414.42,8.0,PASS_<=10c,+0.0,FLAT,+0.0,-16.0,4.2,+0.00,0.00,SLOW,4414.50,4415.14,4413.13,4414.34,0.00,0.00,0.0,BULLISH,201.0,4414.34,4414.34,4414.34,4414.34,50,CLEARED_>=20s,1.0,0.0,0.0,0.0,0.0,0.0,0.0,PASS_<20%,0.00,0.0,NO,STANDBY_VEL_LOW,0,0.00,4590.00,78.36,FALSE,M1_DIRECTION_MISMATCH
2026-09-07 15:25:51.167,1788794751.167,6378,102,102,4414.34,4414.42,8.0,PASS_<=10c,+0.0,FLAT,+0.0,-16.0,4.2,+0.00,0.00,SLOW,4414.50,4415.14,4413.13,4414.34,0.00,0.00,0.0,BULLISH,201.0,4414.34,4414.34,4414.34,4414.34,51,CLEARED_>=20s,1.0,0.0,0.0,0.0,0.0,0.0,0.0,PASS_<20%,0.00,0.0,NO,STANDBY_VEL_LOW,0,0.00,4590.00,78.36,FALSE,M1_DIRECTION_MISMATCH
2026-09-07 15:25:51.669,1788794751.669,6379,103,103,4414.34,4414.42,8.0,PASS_<=10c,+0.0,FLAT,+0.0,-16.0,4.2,+0.00,0.00,SLOW,4414.50,4415.14,4413.13,4414.34,0.00,0.00,0.0,BULLISH,201.0,4414.34,4414.34,4414.34,4414.34,51,CLEARED_>=20s,1.0,0.0,0.0,0.0,0.0,0.0,0.0,PASS_<20%,0.00,0.0,NO,STANDBY_VEL_LOW,0,0.00,4590.00,78.36,FALSE,M1_DIRECTION_MISMATCH
2026-09-07 15:25:52.170,1788794752.171,6380,104,104,4414.34,4414.42,8.0,PASS_<=10c,+0.0,FLAT,+0.0,-16.0,4.2,+0.00,0.00,SLOW,4414.50,4415.14,4413.13,4414.34,0.00,0.00,0.0,BULLISH,201.0,4414.34,4414.34,4414.34,4414.34,52,CLEARED_>=20s,1.0,0.0,0.0,0.0,0.0,0.0,0.0,PASS_<20%,0.00,0.0,NO,STANDBY_VEL_LOW,0,0.00,4590.00,78.36,FALSE,M1_DIRECTION_MISMATCH
2026-09-07 15:25:52.672,1788794752.672,6381,105,105,4414.34,4414.42,8.0,PASS_<=10c,+0.0,FLAT,+0.0,-16.0,4.2,+0.00,0.00,SLOW,4414.50,4415.14,4413.13,4414.34,0.00,0.00,0.0,BULLISH,201.0,4414.34,4414.34,4414.34,4414.34,52,CLEARED_>=20s,1.0,0.0,0.0,0.0,0.0,0.0,0.0,PASS_<20%,0.00,0.0,NO,STANDBY_VEL_LOW,0,0.00,4590.00,78.36,FALSE,M1_DIRECTION_MISMATCH
2026-09-07 15:25:53.173,1788794753.174,6382,106,106,4414.34,4414.42,8.0,PASS_<=10c,+0.0,FLAT,+0.0,-16.0,4.2,+0.00,0.00,SLOW,4414.50,4415.14,4413.13,4414.34,0.00,0.00,0.0,BULLISH,201.0,4414.34,4414.34,4414.34,4414.34,53,CLEARED_>=20s,1.0,0.0,0.0,0.0,0.0,0.0,0.0,PASS_<20%,0.00,0.0,NO,STANDBY_VEL_LOW,0,0.00,4590.00,78.36,FALSE,M1_DIRECTION_MISMATCH
2026-09-07 15:25:53.675,1788794753.675,6383,107,107,4414.34,4414.42,8.0,PASS_<=10c,+0.0,FLAT,+0.0,-16.0,4.2,+0.00,0.00,SLOW,4414.50,4415.14,4413.13,4414.34,0.00,0.00,0.0,BULLISH,201.0,4414.34,4414.34,4414.34,4414.34,53,CLEARED_>=20s,1.0,0.0,0.0,0.0,0.0,0.0,0.0,PASS_<20%,0.00,0.0,NO,STANDBY_VEL_LOW,0,0.00,4590.00,78.36,FALSE,M1_DIRECTION_MISMATCH
2026-09-07 15:25:54.177,1788794754.178,6384,108,108,4414.34,4414.42,8.0,PASS_<=10c,+0.0,FLAT,+0.0,-16.0,4.2,+0.00,0.00,SLOW,4414.50,4415.14,4413.13,4414.34,0.00,0.00,0.0,BULLISH,201.0,4414.34,4414.34,4414.34,4414.34,54,CLEARED_>=20s,1.0,0.0,0.0,0.0,0.0,0.0,0.0,PASS_<20%,0.00,0.0,NO,STANDBY_VEL_LOW,0,0.00,4590.00,78.36,FALSE,M1_DIRECTION_MISMATCH
2026-09-07 15:25:54.678,1788794754.678,6385,109,109,4414.34,4414.42,8.0,PASS_<=10c,+0.0,FLAT,+0.0,-16.0,4.2,+0.00,0.00,SLOW,4414.50,4415.14,4413.13,4414.34,0.00,0.00,0.0,BULLISH,201.0,4414.34,4414.34,4414.34,4414.34,54,CLEARED_>=20s,1.0,0.0,0.0,0.0,0.0,0.0,0.0,PASS_<20%,0.00,0.0,NO,STANDBY_VEL_LOW,0,0.00,4590.00,78.36,FALSE,M1_DIRECTION_MISMATCH
2026-09-07 15:25:55.179,1788794755.180,6386,110,110,4414.34,4414.42,8.0,PASS_<=10c,+0.0,FLAT,+0.0,-16.0,4.2,+0.00,0.00,SLOW,4414.50,4415.14,4413.13,4414.34,0.00,0.00,0.0,BULLISH,201.0,4414.34,4414.34,4414.34,4414.34,55,CLEARED_>=20s,1.0,0.0,0.0,0.0,0.0,0.0,0.0,PASS_<20%,0.00,0.0,NO,STANDBY_VEL_LOW,0,0.00,4590.00,78.36,FALSE,M1_DIRECTION_MISMATCH
2026-09-07 15:25:55.681,1788794755.681,6387,111,111,4414.34,4414.42,8.0,PASS_<=10c,+0.0,FLAT,+0.0,-16.0,4.2,+0.00,0.00,SLOW,4414.50,4415.14,4413.13,4414.34,0.00,0.00,0.0,BULLISH,201.0,4414.34,4414.34,4414.34,4414.34,55,CLEARED_>=20s,1.0,0.0,0.0,0.0,0.0,0.0,0.0,PASS_<20%,0.00,0.0,NO,STANDBY_VEL_LOW,0,0.00,4590.00,78.36,FALSE,M1_DIRECTION_MISMATCH
2026-09-07 15:25:56.182,1788794756.183,6388,112,112,4414.34,4414.42,8.0,PASS_<=10c,+0.0,FLAT,+0.0,-16.0,4.2,+0.00,0.00,SLOW,4414.50,4415.14,4413.13,4414.34,0.00,0.00,0.0,BULLISH,201.0,4414.34,4414.34,4414.34,4414.34,56,CLEARED_>=20s,1.0,0.0,0.0,0.0,0.0,0.0,0.0,PASS_<20%,0.00,0.0,NO,STANDBY_VEL_LOW,0,0.00,4590.00,78.36,FALSE,M1_DIRECTION_MISMATCH
2026-09-07 15:25:56.683,1788794756.683,6389,113,113,4414.34,4414.42,8.0,PASS_<=10c,+0.0,FLAT,+0.0,-16.0,4.2,+0.00,0.00,SLOW,4414.50,4415.14,4413.13,4414.34,0.00,0.00,0.0,BULLISH,201.0,4414.34,4414.34,4414.34,4414.34,56,CLEARED_>=20s,1.0,0.0,0.0,0.0,0.0,0.0,0.0,PASS_<20%,0.00,0.0,NO,STANDBY_VEL_LOW,0,0.00,4590.00,78.36,FALSE,M1_DIRECTION_MISMATCH
2026-09-07 15:25:57.184,1788794757.185,6390,114,114,4414.34,4414.42,8.0,PASS_<=10c,+0.0,FLAT,+0.0,-16.0,4.2,+0.00,0.00,SLOW,4414.50,4415.14,4413.13,4414.34,0.00,0.00,0.0,BULLISH,201.0,4414.34,4414.34,4414.34,4414.34,57,CLEARED_>=20s,1.0,0.0,0.0,0.0,0.0,0.0,0.0,PASS_<20%,0.00,0.0,NO,STANDBY_VEL_LOW,0,0.00,4590.00,78.36,FALSE,M1_DIRECTION_MISMATCH
2026-09-07 15:25:57.686,1788794757.686,6391,115,115,4414.34,4414.42,8.0,PASS_<=10c,+0.0,FLAT,+0.0,-16.0,4.2,+0.00,0.00,SLOW,4414.50,4415.14,4413.13,4414.34,0.00,0.00,0.0,BULLISH,201.0,4414.34,4414.34,4414.34,4414.34,57,CLEARED_>=20s,1.0,0.0,0.0,0.0,0.0,0.0,0.0,PASS_<20%,0.00,0.0,NO,STANDBY_VEL_LOW,0,0.00,4590.00,78.36,FALSE,M1_DIRECTION_MISMATCH
2026-09-07 15:25:58.187,1788794758.188,6392,116,116,4414.34,4414.42,8.0,PASS_<=10c,+0.0,FLAT,+0.0,-16.0,4.2,+0.00,0.00,SLOW,4414.50,4415.14,4413.13,4414.34,0.00,0.00,0.0,BULLISH,201.0,4414.34,4414.34,4414.34,4414.34,58,CLEARED_>=20s,1.0,0.0,0.0,0.0,0.0,0.0,0.0,PASS_<20%,0.00,0.0,NO,STANDBY_VEL_LOW,0,0.00,4590.00,78.36,FALSE,M1_DIRECTION_MISMATCH
2026-09-07 15:25:58.689,1788794758.690,6393,117,117,4414.34,4414.42,8.0,PASS_<=10c,+0.0,FLAT,+0.0,-16.0,4.2,+0.00,0.00,SLOW,4414.50,4415.14,4413.13,4414.34,0.00,0.00,0.0,BULLISH,201.0,4414.34,4414.34,4414.34,4414.34,58,CLEARED_>=20s,1.0,0.0,0.0,0.0,0.0,0.0,0.0,PASS_<20%,0.00,0.0,NO,STANDBY_VEL_LOW,0,0.00,4590.00,78.36,FALSE,M1_DIRECTION_MISMATCH
2026-09-07 15:25:59.190,1788794759.190,6394,118,118,4414.34,4414.42,8.0,PASS_<=10c,+0.0,FLAT,+0.0,-16.0,4.2,+0.00,0.00,SLOW,4414.50,4415.14,4413.13,4414.34,0.00,0.00,0.0,BULLISH,201.0,4414.34,4414.34,4414.34,4414.34,59,CLEARED_>=20s,1.0,0.0,0.0,0.0,0.0,0.0,0.0,PASS_<20%,0.00,0.0,NO,STANDBY_VEL_LOW,0,0.00,4590.00,78.36,FALSE,M1_DIRECTION_MISMATCH
2026-09-07 15:25:59.692,1788794759.693,6395,119,119,4414.34,4414.42,8.0,PASS_<=10c,+0.0,FLAT,+0.0,-16.0,4.2,+0.00,0.00,SLOW,4414.50,4415.14,4413.13,4414.34,0.00,0.00,0.0,BULLISH,201.0,4414.34,4414.34,4414.34,4414.34,59,CLEARED_>=20s,1.0,0.0,0.0,0.0,0.0,0.0,0.0,PASS_<20%,0.00,0.0,NO,STANDBY_VEL_LOW,0,0.00,4590.00,78.36,FALSE,M1_DIRECTION_MISMATCH
2026-09-07 15:26:00.194,1788794760.194,6396,1,120,4414.34,4414.42,8.0,PASS_<=10c,+0.0,FLAT,+0.0,-16.0,4.2,+0.00,0.00,SLOW,4414.50,4415.14,4413.13,4414.34,0.00,0.00,0.0,BULLISH,201.0,4414.34,4414.34,4414.34,4414.34,0,ACTIVE_0s,1.0,0.0,0.0,0.0,0.0,0.0,0.0,PASS_<20%,0.00,0.0,NO,STANDBY_VEL_LOW,0,0.00,4590.00,78.36,FALSE,M1_DIRECTION_MISMATCH|OPENING_SHIELD_ACTIVE_0s
2026-09-07 15:26:00.695,1788794760.695,6397,2,121,4414.34,4414.42,8.0,PASS_<=10c,+0.0,FLAT,+0.0,-16.0,4.2,+0.00,0.00,SLOW,4414.50,4415.14,4413.13,4414.34,0.00,0.00,0.0,BULLISH,201.0,4414.34,4414.34,4414.34,4414.34,0,ACTIVE_0s,1.0,0.0,0.0,0.0,0.0,0.0,0.0,PASS_<20%,0.00,0.0,NO,STANDBY_VEL_LOW,0,0.00,4590.00,78.36,FALSE,M1_DIRECTION_MISMATCH|OPENING_SHIELD_ACTIVE_0s
2026-09-07 15:26:01.197,1788794761.197,6398,3,122,4414.34,4414.42,8.0,PASS_<=10c,+0.0,FLAT,+0.0,-16.0,4.2,+0.00,0.00,SLOW,4414.50,4415.14,4413.13,4414.34,0.00,0.00,0.0,BULLISH,201.0,4414.34,4414.34,4414.34,4414.34,1,ACTIVE_1s,1.0,0.0,0.0,0.0,0.0,0.0,0.0,PASS_<20%,0.00,0.0,NO,STANDBY_VEL_LOW,0,0.00,4590.00,78.36,FALSE,M1_DIRECTION_MISMATCH|OPENING_SHIELD_ACTIVE_1s
2026-09-07 15:26:01.698,1788794761.698,6399,4,123,4414.34,4414.42,8.0,PASS_<=10c,+0.0,FLAT,+0.0,-16.0,4.2,+0.00,0.00,SLOW,4414.50,4415.14,4413.13,4414.34,0.00,0.00,0.0,BULLISH,201.0,4414.34,4414.34,4414.34,4414.34,1,ACTIVE_1s,1.0,0.0,0.0,0.0,0.0,0.0,0.0,PASS_<20%,0.00,0.0,NO,STANDBY_VEL_LOW,0,0.00,4590.00,78.36,FALSE,M1_DIRECTION_MISMATCH|OPENING_SHIELD_ACTIVE_1s
2026-09-07 15:26:02.200,1788794762.200,6400,5,124,4414.34,4414.42,8.0,PASS_<=10c,+0.0,FLAT,+0.0,-16.0,4.2,+0.00,0.00,SLOW,4414.50,4415.14,4413.13,4414.34,0.00,0.00,0.0,BULLISH,201.0,4414.34,4414.34,4414.34,4414.34,2,ACTIVE_2s,1.0,0.0,0.0,0.0,0.0,0.0,0.0,PASS_<20%,0.00,0.0,NO,STANDBY_VEL_LOW,0,0.00,4590.00,78.36,FALSE,M1_DIRECTION_MISMATCH|OPENING_SHIELD_ACTIVE_2s
2026-09-07 15:26:02.701,1788794762.701,6401,6,125,4414.34,4414.42,8.0,PASS_<=10c,+0.0,FLAT,+0.0,-16.0,4.2,+0.00,0.00,SLOW,4414.50,4415.14,4413.13,4414.34,0.00,0.00,0.0,BULLISH,201.0,4414.34,4414.34,4414.34,4414.34,2,ACTIVE_2s,1.0,0.0,0.0,0.0,0.0,0.0,0.0,PASS_<20%,0.00,0.0,NO,STANDBY_VEL_LOW,0,0.00,4590.00,78.36,FALSE,M1_DIRECTION_MISMATCH|OPENING_SHIELD_ACTIVE_2s
2026-09-07 15:26:03.202,1788794763.203,6402,7,126,4414.34,4414.42,8.0,PASS_<=10c,+0.0,FLAT,+0.0,-16.0,4.2,+0.00,0.00,SLOW,4414.50,4415.14,4413.13,4414.34,0.00,0.00,0.0,BULLISH,201.0,4414.34,4414.34,4414.34,4414.34,3,ACTIVE_3s,1.0,0.0,0.0,0.0,0.0,0.0,0.0,PASS_<20%,0.00,0.0,NO,STANDBY_VEL_LOW,0,0.00,4590.00,78.36,FALSE,M1_DIRECTION_MISMATCH|OPENING_SHIELD_ACTIVE_3s
2026-09-07 15:26:03.704,1788794763.705,6403,8,127,4414.34,4414.42,8.0,PASS_<=10c,+0.0,FLAT,+0.0,-16.0,4.2,+0.00,0.00,SLOW,4414.50,4415.14,4413.13,4414.34,0.00,0.00,0.0,BULLISH,201.0,4414.34,4414.34,4414.34,4414.34,3,ACTIVE_3s,1.0,0.0,0.0,0.0,0.0,0.0,0.0,PASS_<20%,0.00,0.0,NO,STANDBY_VEL_LOW,0,0.00,4590.00,78.36,FALSE,M1_DIRECTION_MISMATCH|OPENING_SHIELD_ACTIVE_3s
2026-09-07 15:26:04.207,1788794764.207,6404,9,128,4414.34,4414.42,8.0,PASS_<=10c,+0.0,FLAT,+0.0,-16.0,4.2,+0.00,0.00,SLOW,4414.50,4415.14,4413.13,4414.34,0.00,0.00,0.0,BULLISH,201.0,4414.34,4414.34,4414.34,4414.34,4,ACTIVE_4s,1.0,0.0,0.0,0.0,0.0,0.0,0.0,PASS_<20%,0.00,0.0,NO,STANDBY_VEL_LOW,0,0.00,4590.00,78.36,FALSE,M1_DIRECTION_MISMATCH|OPENING_SHIELD_ACTIVE_4s
2026-09-07 15:26:04.708,1788794764.709,6405,10,129,4414.34,4414.42,8.0,PASS_<=10c,+0.0,FLAT,+0.0,-16.0,4.2,+0.00,0.00,SLOW,4414.50,4415.14,4413.13,4414.34,0.00,0.00,0.0,BULLISH,201.0,4414.34,4414.34,4414.34,4414.34,4,ACTIVE_4s,1.0,0.0,0.0,0.0,0.0,0.0,0.0,PASS_<20%,0.00,0.0,NO,STANDBY_VEL_LOW,0,0.00,4590.00,78.36,FALSE,M1_DIRECTION_MISMATCH|OPENING_SHIELD_ACTIVE_4s
2026-09-07 15:26:05.210,1788794765.210,6406,11,130,4414.34,4414.42,8.0,PASS_<=10c,+0.0,FLAT,+0.0,-16.0,4.2,+0.00,0.00,SLOW,4414.50,4415.14,4413.13,4414.34,0.00,0.00,0.0,BULLISH,201.0,4414.34,4414.34,4414.34,4414.34,5,ACTIVE_5s,1.0,0.0,0.0,0.0,0.0,0.0,0.0,PASS_<20%,0.00,0.0,NO,STANDBY_VEL_LOW,0,0.00,4590.00,78.36,FALSE,M1_DIRECTION_MISMATCH|OPENING_SHIELD_ACTIVE_5s
2026-09-07 15:26:05.712,1788794765.712,6407,12,131,4414.34,4414.42,8.0,PASS_<=10c,+0.0,FLAT,+0.0,-16.0,4.2,+0.00,0.00,SLOW,4414.50,4415.14,4413.13,4414.34,0.00,0.00,0.0,BULLISH,201.0,4414.34,4414.34,4414.34,4414.34,5,ACTIVE_5s,1.0,0.0,0.0,0.0,0.0,0.0,0.0,PASS_<20%,0.00,0.0,NO,STANDBY_VEL_LOW,0,0.00,4590.00,78.36,FALSE,M1_DIRECTION_MISMATCH|OPENING_SHIELD_ACTIVE_5s
2026-09-07 15:26:06.213,1788794766.214,6408,13,132,4414.34,4414.42,8.0,PASS_<=10c,+0.0,FLAT,+0.0,-16.0,4.2,+0.00,0.00,SLOW,4414.50,4415.14,4413.13,4414.34,0.00,0.00,0.0,BULLISH,201.0,4414.34,4414.34,4414.34,4414.34,6,ACTIVE_6s,1.0,0.0,0.0,0.0,0.0,0.0,0.0,PASS_<20%,0.00,0.0,NO,STANDBY_VEL_LOW,0,0.00,4590.00,78.36,FALSE,M1_DIRECTION_MISMATCH|OPENING_SHIELD_ACTIVE_6s
2026-09-07 15:26:06.715,1788794766.716,6409,14,133,4414.34,4414.42,8.0,PASS_<=10c,+0.0,FLAT,+0.0,-16.0,4.2,+0.00,0.00,SLOW,4414.50,4415.14,4413.13,4414.34,0.00,0.00,0.0,BULLISH,201.0,4414.34,4414.34,4414.34,4414.34,6,ACTIVE_6s,1.0,0.0,0.0,0.0,0.0,0.0,0.0,PASS_<20%,0.00,0.0,NO,STANDBY_VEL_LOW,0,0.00,4590.00,78.36,FALSE,M1_DIRECTION_MISMATCH|OPENING_SHIELD_ACTIVE_6s
2026-09-07 15:26:07.216,1788794767.217,6410,15,134,4414.34,4414.42,8.0,PASS_<=10c,+0.0,FLAT,+0.0,-16.0,4.2,+0.00,0.00,SLOW,4414.50,4415.14,4413.13,4414.34,0.00,0.00,0.0,BULLISH,201.0,4414.34,4414.34,4414.34,4414.34,7,ACTIVE_7s,1.0,0.0,0.0,0.0,0.0,0.0,0.0,PASS_<20%,0.00,0.0,NO,STANDBY_VEL_LOW,0,0.00,4590.00,78.36,FALSE,M1_DIRECTION_MISMATCH|OPENING_SHIELD_ACTIVE_7s
2026-09-07 15:26:07.718,1788794767.718,6411,16,135,4414.34,4414.42,8.0,PASS_<=10c,+0.0,FLAT,+0.0,-16.0,4.2,+0.00,0.00,SLOW,4414.50,4415.14,4413.13,4414.34,0.00,0.00,0.0,BULLISH,201.0,4414.34,4414.34,4414.34,4414.34,7,ACTIVE_7s,1.0,0.0,0.0,0.0,0.0,0.0,0.0,PASS_<20%,0.00,0.0,NO,STANDBY_VEL_LOW,0,0.00,4590.00,78.36,FALSE,M1_DIRECTION_MISMATCH|OPENING_SHIELD_ACTIVE_7s
2026-09-07 15:26:08.218,1788794768.219,6412,17,136,4414.34,4414.42,8.0,PASS_<=10c,+0.0,FLAT,+0.0,-16.0,4.2,+0.00,0.00,SLOW,4414.50,4415.14,4413.13,4414.34,0.00,0.00,0.0,BULLISH,201.0,4414.34,4414.34,4414.34,4414.34,8,ACTIVE_8s,1.0,0.0,0.0,0.0,0.0,0.0,0.0,PASS_<20%,0.00,0.0,NO,STANDBY_VEL_LOW,0,0.00,4590.00,78.36,FALSE,M1_DIRECTION_MISMATCH|OPENING_SHIELD_ACTIVE_8s
2026-09-07 15:26:08.721,1788794768.721,6413,18,137,4414.34,4414.42,8.0,PASS_<=10c,+0.0,FLAT,+0.0,-16.0,4.2,+0.00,0.00,SLOW,4414.50,4415.14,4413.13,4414.34,0.00,0.00,0.0,BULLISH,201.0,4414.34,4414.34,4414.34,4414.34,8,ACTIVE_8s,1.0,0.0,0.0,0.0,0.0,0.0,0.0,PASS_<20%,0.00,0.0,NO,STANDBY_VEL_LOW,0,0.00,4590.00,78.36,FALSE,M1_DIRECTION_MISMATCH|OPENING_SHIELD_ACTIVE_8s
2026-09-07 15:26:09.223,1788794769.223,6414,19,138,4414.34,4414.42,8.0,PASS_<=10c,+0.0,FLAT,+0.0,-16.0,4.2,+0.00,0.00,SLOW,4414.50,4415.14,4413.13,4414.34,0.00,0.00,0.0,BULLISH,201.0,4414.34,4414.34,4414.34,4414.34,9,ACTIVE_9s,1.0,0.0,0.0,0.0,0.0,0.0,0.0,PASS_<20%,0.00,0.0,NO,STANDBY_VEL_LOW,0,0.00,4590.00,78.36,FALSE,M1_DIRECTION_MISMATCH|OPENING_SHIELD_ACTIVE_9s
2026-09-07 15:26:09.724,1788794769.725,6415,20,139,4414.34,4414.42,8.0,PASS_<=10c,+0.0,FLAT,+0.0,-16.0,4.2,+0.00,0.00,SLOW,4414.50,4415.14,4413.13,4414.34,0.00,0.00,0.0,BULLISH,201.0,4414.34,4414.34,4414.34,4414.34,9,ACTIVE_9s,1.0,0.0,0.0,0.0,0.0,0.0,0.0,PASS_<20%,0.00,0.0,NO,STANDBY_VEL_LOW,0,0.00,4590.00,78.36,FALSE,M1_DIRECTION_MISMATCH|OPENING_SHIELD_ACTIVE_9s
2026-09-07 15:26:10.226,1788794770.227,6416,21,140,4414.34,4414.42,8.0,PASS_<=10c,+0.0,FLAT,+0.0,-16.0,4.2,+0.00,0.00,SLOW,4414.50,4415.14,4413.13,4414.34,0.00,0.00,0.0,BULLISH,201.0,4414.34,4414.34,4414.34,4414.34,10,ACTIVE_10s,1.0,0.0,0.0,0.0,0.0,0.0,0.0,PASS_<20%,0.00,0.0,NO,STANDBY_VEL_LOW,0,0.00,4590.00,78.36,FALSE,M1_DIRECTION_MISMATCH|OPENING_SHIELD_ACTIVE_10s
2026-09-07 15:26:10.728,1788794770.729,6417,22,141,4414.34,4414.42,8.0,PASS_<=10c,+0.0,FLAT,+0.0,-16.0,4.2,+0.00,0.00,SLOW,4414.50,4415.14,4413.13,4414.34,0.00,0.00,0.0,BULLISH,201.0,4414.34,4414.34,4414.34,4414.34,10,ACTIVE_10s,1.0,0.0,0.0,0.0,0.0,0.0,0.0,PASS_<20%,0.00,0.0,NO,STANDBY_VEL_LOW,0,0.00,4590.00,78.36,FALSE,M1_DIRECTION_MISMATCH|OPENING_SHIELD_ACTIVE_10s
2026-09-07 15:26:11.230,1788794771.230,6418,23,142,4414.34,4414.42,8.0,PASS_<=10c,+0.0,FLAT,+0.0,-16.0,4.2,+0.00,0.00,SLOW,4414.50,4415.14,4413.13,4414.34,0.00,0.00,0.0,BULLISH,201.0,4414.34,4414.34,4414.34,4414.34,11,ACTIVE_11s,1.0,0.0,0.0,0.0,0.0,0.0,0.0,PASS_<20%,0.00,0.0,NO,STANDBY_VEL_LOW,0,0.00,4590.00,78.36,FALSE,M1_DIRECTION_MISMATCH|OPENING_SHIELD_ACTIVE_11s
2026-09-07 15:26:11.732,1788794771.732,6419,24,143,4414.34,4414.42,8.0,PASS_<=10c,+0.0,FLAT,+0.0,-16.0,4.2,+0.00,0.00,SLOW,4414.50,4415.14,4413.13,4414.34,0.00,0.00,0.0,BULLISH,201.0,4414.34,4414.34,4414.34,4414.34,11,ACTIVE_11s,1.0,0.0,0.0,0.0,0.0,0.0,0.0,PASS_<20%,0.00,0.0,NO,STANDBY_VEL_LOW,0,0.00,4590.00,78.36,FALSE,M1_DIRECTION_MISMATCH|OPENING_SHIELD_ACTIVE_11s
2026-09-07 15:26:12.233,1788794772.233,6420,25,144,4414.34,4414.42,8.0,PASS_<=10c,+0.0,FLAT,+0.0,-16.0,4.2,+0.00,0.00,SLOW,4414.50,4415.14,4413.13,4414.34,0.00,0.00,0.0,BULLISH,201.0,4414.34,4414.34,4414.34,4414.34,12,ACTIVE_12s,1.0,0.0,0.0,0.0,0.0,0.0,0.0,PASS_<20%,0.00,0.0,NO,STANDBY_VEL_LOW,0,0.00,4590.00,78.36,FALSE,M1_DIRECTION_MISMATCH|OPENING_SHIELD_ACTIVE_12s
2026-09-07 15:26:12.734,1788794772.735,6421,26,145,4414.34,4414.42,8.0,PASS_<=10c,+0.0,FLAT,+0.0,-16.0,4.2,+0.00,0.00,SLOW,4414.50,4415.14,4413.13,4414.34,0.00,0.00,0.0,BULLISH,201.0,4414.34,4414.34,4414.34,4414.34,12,ACTIVE_12s,1.0,0.0,0.0,0.0,0.0,0.0,0.0,PASS_<20%,0.00,0.0,NO,STANDBY_VEL_LOW,0,0.00,4590.00,78.36,FALSE,M1_DIRECTION_MISMATCH|OPENING_SHIELD_ACTIVE_12s
2026-09-07 15:26:13.236,1788794773.236,6422,27,146,4414.34,4414.42,8.0,PASS_<=10c,+0.0,FLAT,+0.0,-16.0,4.2,+0.00,0.00,SLOW,4414.50,4415.14,4413.13,4414.34,0.00,0.00,0.0,BULLISH,201.0,4414.34,4414.34,4414.34,4414.34,13,ACTIVE_13s,1.0,0.0,0.0,0.0,0.0,0.0,0.0,PASS_<20%,0.00,0.0,NO,STANDBY_VEL_LOW,0,0.00,4590.00,78.36,FALSE,M1_DIRECTION_MISMATCH|OPENING_SHIELD_ACTIVE_13s
2026-09-07 15:26:13.738,1788794773.738,6423,28,147,4414.34,4414.42,8.0,PASS_<=10c,+0.0,FLAT,+0.0,-16.0,4.2,+0.00,0.00,SLOW,4414.50,4415.14,4413.13,4414.34,0.00,0.00,0.0,BULLISH,201.0,4414.34,4414.34,4414.34,4414.34,13,ACTIVE_13s,1.0,0.0,0.0,0.0,0.0,0.0,0.0,PASS_<20%,0.00,0.0,NO,STANDBY_VEL_LOW,0,0.00,4590.00,78.36,FALSE,M1_DIRECTION_MISMATCH|OPENING_SHIELD_ACTIVE_13s
2026-09-07 15:26:14.239,1788794774.240,6424,29,148,4414.34,4414.42,8.0,PASS_<=10c,+0.0,FLAT,+0.0,-16.0,4.2,+0.00,0.00,SLOW,4414.50,4415.14,4413.13,4414.34,0.00,0.00,0.0,BULLISH,201.0,4414.34,4414.34,4414.34,4414.34,14,ACTIVE_14s,1.0,0.0,0.0,0.0,0.0,0.0,0.0,PASS_<20%,0.00,0.0,NO,STANDBY_VEL_LOW,0,0.00,4590.00,78.36,FALSE,M1_DIRECTION_MISMATCH|OPENING_SHIELD_ACTIVE_14s
2026-09-07 15:26:14.741,1788794774.742,6425,30,149,4414.34,4414.42,8.0,PASS_<=10c,+0.0,FLAT,+0.0,-16.0,4.2,+0.00,0.00,SLOW,4414.50,4415.14,4413.13,4414.34,0.00,0.00,0.0,BULLISH,201.0,4414.34,4414.34,4414.34,4414.34,14,ACTIVE_14s,1.0,0.0,0.0,0.0,0.0,0.0,0.0,PASS_<20%,0.00,0.0,NO,STANDBY_VEL_LOW,0,0.00,4590.00,78.36,FALSE,M1_DIRECTION_MISMATCH|OPENING_SHIELD_ACTIVE_14s
2026-09-07 15:26:15.241,1788794775.242,6426,31,150,4414.34,4414.42,8.0,PASS_<=10c,+0.0,FLAT,+0.0,-16.0,4.2,+0.00,0.00,SLOW,4414.50,4415.14,4413.13,4414.34,0.00,0.00,0.0,BULLISH,201.0,4414.34,4414.34,4414.34,4414.34,15,ACTIVE_15s,1.0,0.0,0.0,0.0,0.0,0.0,0.0,PASS_<20%,0.00,0.0,NO,STANDBY_VEL_LOW,0,0.00,4590.00,78.36,FALSE,M1_DIRECTION_MISMATCH|OPENING_SHIELD_ACTIVE_15s
2026-09-07 15:26:15.743,1788794775.744,6427,32,151,4414.34,4414.42,8.0,PASS_<=10c,+0.0,FLAT,+0.0,-16.0,4.2,+0.00,0.00,SLOW,4414.50,4415.14,4413.13,4414.34,0.00,0.00,0.0,BULLISH,201.0,4414.34,4414.34,4414.34,4414.34,15,ACTIVE_15s,1.0,0.0,0.0,0.0,0.0,0.0,0.0,PASS_<20%,0.00,0.0,NO,STANDBY_VEL_LOW,0,0.00,4590.00,78.36,FALSE,M1_DIRECTION_MISMATCH|OPENING_SHIELD_ACTIVE_15s
2026-09-07 15:26:16.245,1788794776.245,6428,33,152,4414.34,4414.42,8.0,PASS_<=10c,+0.0,FLAT,+0.0,-16.0,4.2,+0.00,0.00,SLOW,4414.50,4415.14,4413.13,4414.34,0.00,0.00,0.0,BULLISH,201.0,4414.34,4414.34,4414.34,4414.34,16,ACTIVE_16s,1.0,0.0,0.0,0.0,0.0,0.0,0.0,PASS_<20%,0.00,0.0,NO,STANDBY_VEL_LOW,0,0.00,4590.00,78.36,FALSE,M1_DIRECTION_MISMATCH|OPENING_SHIELD_ACTIVE_16s
2026-09-07 15:26:16.747,1788794776.748,6429,34,153,4414.34,4414.42,8.0,PASS_<=10c,+0.0,FLAT,+0.0,-16.0,4.2,+0.00,0.00,SLOW,4414.50,4415.14,4413.13,4414.34,0.00,0.00,0.0,BULLISH,201.0,4414.34,4414.34,4414.34,4414.34,16,ACTIVE_16s,1.0,0.0,0.0,0.0,0.0,0.0,0.0,PASS_<20%,0.00,0.0,NO,STANDBY_VEL_LOW,0,0.00,4590.00,78.36,FALSE,M1_DIRECTION_MISMATCH|OPENING_SHIELD_ACTIVE_16s
2026-09-07 15:26:17.249,1788794777.250,6430,35,154,4414.34,4414.42,8.0,PASS_<=10c,+0.0,FLAT,+0.0,-16.0,4.2,+0.00,0.00,SLOW,4414.50,4415.14,4413.13,4414.34,0.00,0.00,0.0,BULLISH,201.0,4414.34,4414.34,4414.34,4414.34,17,ACTIVE_17s,1.0,0.0,0.0,0.0,0.0,0.0,0.0,PASS_<20%,0.00,0.0,NO,STANDBY_VEL_LOW,0,0.00,4590.00,78.36,FALSE,M1_DIRECTION_MISMATCH|OPENING_SHIELD_ACTIVE_17s
2026-09-07 15:26:17.751,1788794777.752,6431,36,155,4414.34,4414.42,8.0,PASS_<=10c,+0.0,FLAT,+0.0,-16.0,4.2,+0.00,0.00,SLOW,4414.50,4415.14,4413.13,4414.34,0.00,0.00,0.0,BULLISH,201.0,4414.34,4414.34,4414.34,4414.34,17,ACTIVE_17s,1.0,0.0,0.0,0.0,0.0,0.0,0.0,PASS_<20%,0.00,0.0,NO,STANDBY_VEL_LOW,0,0.00,4590.00,78.36,FALSE,M1_DIRECTION_MISMATCH|OPENING_SHIELD_ACTIVE_17s
2026-09-07 15:26:18.253,1788794778.254,6432,37,156,4414.34,4414.42,8.0,PASS_<=10c,+0.0,FLAT,+0.0,-16.0,4.2,+0.00,0.00,SLOW,4414.50,4415.14,4413.13,4414.34,0.00,0.00,0.0,BULLISH,201.0,4414.34,4414.34,4414.34,4414.34,18,ACTIVE_18s,1.0,0.0,0.0,0.0,0.0,0.0,0.0,PASS_<20%,0.00,0.0,NO,STANDBY_VEL_LOW,0,0.00,4590.00,78.36,FALSE,M1_DIRECTION_MISMATCH|OPENING_SHIELD_ACTIVE_18s
2026-09-07 15:26:18.755,1788794778.756,6433,38,157,4414.34,4414.42,8.0,PASS_<=10c,+0.0,FLAT,+0.0,-16.0,4.2,+0.00,0.00,SLOW,4414.50,4415.14,4413.13,4414.34,0.00,0.00,0.0,BULLISH,201.0,4414.34,4414.34,4414.34,4414.34,18,ACTIVE_18s,1.0,0.0,0.0,0.0,0.0,0.0,0.0,PASS_<20%,0.00,0.0,NO,STANDBY_VEL_LOW,0,0.00,4590.00,78.36,FALSE,M1_DIRECTION_MISMATCH|OPENING_SHIELD_ACTIVE_18s
2026-09-07 15:26:19.257,1788794779.258,6434,39,158,4414.34,4414.42,8.0,PASS_<=10c,+0.0,FLAT,+0.0,-16.0,4.2,+0.00,0.00,SLOW,4414.50,4415.14,4413.13,4414.34,0.00,0.00,0.0,BULLISH,201.0,4414.34,4414.34,4414.34,4414.34,19,ACTIVE_19s,1.0,0.0,0.0,0.0,0.0,0.0,0.0,PASS_<20%,0.00,0.0,NO,STANDBY_VEL_LOW,0,0.00,4590.00,78.36,FALSE,M1_DIRECTION_MISMATCH|OPENING_SHIELD_ACTIVE_19s
2026-09-07 15:26:19.759,1788794779.759,6435,40,159,4414.34,4414.42,8.0,PASS_<=10c,+0.0,FLAT,+0.0,-16.0,4.2,+0.00,0.00,SLOW,4414.50,4415.14,4413.13,4414.34,0.00,0.00,0.0,BULLISH,201.0,4414.34,4414.34,4414.34,4414.34,19,ACTIVE_19s,1.0,0.0,0.0,0.0,0.0,0.0,0.0,PASS_<20%,0.00,0.0,NO,STANDBY_VEL_LOW,0,0.00,4590.00,78.36,FALSE,M1_DIRECTION_MISMATCH|OPENING_SHIELD_ACTIVE_19s
2026-09-07 15:26:20.260,1788794780.260,6436,41,160,4414.34,4414.42,8.0,PASS_<=10c,+0.0,FLAT,+0.0,-16.0,4.2,+0.00,0.00,SLOW,4414.50,4415.14,4413.13,4414.34,0.00,0.00,0.0,BULLISH,201.0,4414.34,4414.34,4414.34,4414.34,20,CLEARED_>=20s,1.0,0.0,0.0,0.0,0.0,0.0,0.0,PASS_<20%,0.00,0.0,NO,STANDBY_VEL_LOW,0,0.00,4590.00,78.36,FALSE,M1_DIRECTION_MISMATCH
2026-09-07 15:26:20.761,1788794780.762,6437,42,161,4414.34,4414.42,8.0,PASS_<=10c,+0.0,FLAT,+0.0,-16.0,4.2,+0.00,0.00,SLOW,4414.50,4415.14,4413.13,4414.34,0.00,0.00,0.0,BULLISH,201.0,4414.34,4414.34,4414.34,4414.34,20,CLEARED_>=20s,1.0,0.0,0.0,0.0,0.0,0.0,0.0,PASS_<20%,0.00,0.0,NO,STANDBY_VEL_LOW,0,0.00,4590.00,78.36,FALSE,M1_DIRECTION_MISMATCH
2026-09-07 15:26:21.262,1788794781.263,6438,43,162,4414.34,4414.42,8.0,PASS_<=10c,+0.0,FLAT,+0.0,-16.0,4.2,+0.00,0.00,SLOW,4414.50,4415.14,4413.13,4414.34,0.00,0.00,0.0,BULLISH,201.0,4414.34,4414.34,4414.34,4414.34,21,CLEARED_>=20s,1.0,0.0,0.0,0.0,0.0,0.0,0.0,PASS_<20%,0.00,0.0,NO,STANDBY_VEL_LOW,0,0.00,4590.00,78.36,FALSE,M1_DIRECTION_MISMATCH
2026-09-07 15:26:21.764,1788794781.765,6439,44,163,4414.34,4414.42,8.0,PASS_<=10c,+0.0,FLAT,+0.0,-16.0,4.2,+0.00,0.00,SLOW,4414.50,4415.14,4413.13,4414.34,0.00,0.00,0.0,BULLISH,201.0,4414.34,4414.34,4414.34,4414.34,21,CLEARED_>=20s,1.0,0.0,0.0,0.0,0.0,0.0,0.0,PASS_<20%,0.00,0.0,NO,STANDBY_VEL_LOW,0,0.00,4590.00,78.36,FALSE,M1_DIRECTION_MISMATCH
2026-09-07 15:26:22.266,1788794782.267,6440,45,164,4414.34,4414.42,8.0,PASS_<=10c,+0.0,FLAT,+0.0,-16.0,4.2,+0.00,0.00,SLOW,4414.50,4415.14,4413.13,4414.34,0.00,0.00,0.0,BULLISH,201.0,4414.34,4414.34,4414.34,4414.34,22,CLEARED_>=20s,1.0,0.0,0.0,0.0,0.0,0.0,0.0,PASS_<20%,0.00,0.0,NO,STANDBY_VEL_LOW,0,0.00,4590.00,78.36,FALSE,M1_DIRECTION_MISMATCH
2026-09-07 15:26:22.767,1788794782.768,6441,46,165,4414.34,4414.42,8.0,PASS_<=10c,+0.0,FLAT,+0.0,-16.0,4.2,+0.00,0.00,SLOW,4414.50,4415.14,4413.13,4414.34,0.00,0.00,0.0,BULLISH,201.0,4414.34,4414.34,4414.34,4414.34,22,CLEARED_>=20s,1.0,0.0,0.0,0.0,0.0,0.0,0.0,PASS_<20%,0.00,0.0,NO,STANDBY_VEL_LOW,0,0.00,4590.00,78.36,FALSE,M1_DIRECTION_MISMATCH
2026-09-07 15:26:23.270,1788794783.270,6442,47,166,4414.34,4414.42,8.0,PASS_<=10c,+0.0,FLAT,+0.0,-16.0,4.2,+0.00,0.00,SLOW,4414.50,4415.14,4413.13,4414.34,0.00,0.00,0.0,BULLISH,201.0,4414.34,4414.34,4414.34,4414.34,23,CLEARED_>=20s,1.0,0.0,0.0,0.0,0.0,0.0,0.0,PASS_<20%,0.00,0.0,NO,STANDBY_VEL_LOW,0,0.00,4590.00,78.36,FALSE,M1_DIRECTION_MISMATCH
2026-09-07 15:26:23.772,1788794783.772,6443,48,167,4414.34,4414.42,8.0,PASS_<=10c,+0.0,FLAT,+0.0,-16.0,4.2,+0.00,0.00,SLOW,4414.50,4415.14,4413.13,4414.34,0.00,0.00,0.0,BULLISH,201.0,4414.34,4414.34,4414.34,4414.34,23,CLEARED_>=20s,1.0,0.0,0.0,0.0,0.0,0.0,0.0,PASS_<20%,0.00,0.0,NO,STANDBY_VEL_LOW,0,0.00,4590.00,78.36,FALSE,M1_DIRECTION_MISMATCH
2026-09-07 15:26:24.273,1788794784.274,6444,49,168,4414.34,4414.42,8.0,PASS_<=10c,+0.0,FLAT,+0.0,-16.0,4.2,+0.00,0.00,SLOW,4414.50,4415.14,4413.13,4414.34,0.00,0.00,0.0,BULLISH,201.0,4414.34,4414.34,4414.34,4414.34,24,CLEARED_>=20s,1.0,0.0,0.0,0.0,0.0,0.0,0.0,PASS_<20%,0.00,0.0,NO,STANDBY_VEL_LOW,0,0.00,4590.00,78.36,FALSE,M1_DIRECTION_MISMATCH
2026-09-07 15:26:24.775,1788794784.775,6445,50,169,4414.34,4414.42,8.0,PASS_<=10c,+0.0,FLAT,+0.0,-16.0,4.2,+0.00,0.00,SLOW,4414.50,4415.14,4413.13,4414.34,0.00,0.00,0.0,BULLISH,201.0,4414.34,4414.34,4414.34,4414.34,24,CLEARED_>=20s,1.0,0.0,0.0,0.0,0.0,0.0,0.0,PASS_<20%,0.00,0.0,NO,STANDBY_VEL_LOW,0,0.00,4590.00,78.36,FALSE,M1_DIRECTION_MISMATCH
2026-09-07 15:26:25.277,1788794785.277,6446,51,170,4414.34,4414.42,8.0,PASS_<=10c,+0.0,FLAT,+0.0,-16.0,4.2,+0.00,0.00,SLOW,4414.50,4415.14,4413.13,4414.34,0.00,0.00,0.0,BULLISH,201.0,4414.34,4414.34,4414.34,4414.34,25,CLEARED_>=20s,1.0,0.0,0.0,0.0,0.0,0.0,0.0,PASS_<20%,0.00,0.0,NO,STANDBY_VEL_LOW,0,0.00,4590.00,78.36,FALSE,M1_DIRECTION_MISMATCH
2026-09-07 15:26:25.779,1788794785.779,6447,52,171,4414.34,4414.42,8.0,PASS_<=10c,+0.0,FLAT,+0.0,-16.0,4.2,+0.00,0.00,SLOW,4414.50,4415.14,4413.13,4414.34,0.00,0.00,0.0,BULLISH,201.0,4414.34,4414.34,4414.34,4414.34,25,CLEARED_>=20s,1.0,0.0,0.0,0.0,0.0,0.0,0.0,PASS_<20%,0.00,0.0,NO,STANDBY_VEL_LOW,0,0.00,4590.00,78.36,FALSE,M1_DIRECTION_MISMATCH
2026-09-07 15:26:26.280,1788794786.280,6448,53,172,4414.34,4414.42,8.0,PASS_<=10c,+0.0,FLAT,+0.0,-16.0,4.2,+0.00,0.00,SLOW,4414.50,4415.14,4413.13,4414.34,0.00,0.00,0.0,BULLISH,201.0,4414.34,4414.34,4414.34,4414.34,26,CLEARED_>=20s,1.0,0.0,0.0,0.0,0.0,0.0,0.0,PASS_<20%,0.00,0.0,NO,STANDBY_VEL_LOW,0,0.00,4590.00,78.36,FALSE,M1_DIRECTION_MISMATCH
2026-09-07 15:26:26.781,1788794786.782,6449,54,173,4414.34,4414.42,8.0,PASS_<=10c,+0.0,FLAT,+0.0,-16.0,4.2,+0.00,0.00,SLOW,4414.50,4415.14,4413.13,4414.34,0.00,0.00,0.0,BULLISH,201.0,4414.34,4414.34,4414.34,4414.34,26,CLEARED_>=20s,1.0,0.0,0.0,0.0,0.0,0.0,0.0,PASS_<20%,0.00,0.0,NO,STANDBY_VEL_LOW,0,0.00,4590.00,78.36,FALSE,M1_DIRECTION_MISMATCH
2026-09-07 15:26:27.286,1788794787.286,6450,55,174,4414.34,4414.42,8.0,PASS_<=10c,+0.0,FLAT,+0.0,-16.0,4.2,+0.00,0.00,SLOW,4414.50,4415.14,4413.13,4414.34,0.00,0.00,0.0,BULLISH,201.0,4414.34,4414.34,4414.34,4414.34,27,CLEARED_>=20s,1.0,0.0,0.0,0.0,0.0,0.0,0.0,PASS_<20%,0.00,0.0,NO,STANDBY_VEL_LOW,0,0.00,4590.00,78.36,FALSE,M1_DIRECTION_MISMATCH
2026-09-07 15:26:27.784,1788794787.784,6451,56,175,4414.34,4414.42,8.0,PASS_<=10c,+0.0,FLAT,+0.0,-16.0,4.2,+0.00,0.00,SLOW,4414.50,4415.14,4413.13,4414.34,0.00,0.00,0.0,BULLISH,201.0,4414.34,4414.34,4414.34,4414.34,27,CLEARED_>=20s,1.0,0.0,0.0,0.0,0.0,0.0,0.0,PASS_<20%,0.00,0.0,NO,STANDBY_VEL_LOW,0,0.00,4590.00,78.36,FALSE,M1_DIRECTION_MISMATCH
2026-09-07 15:26:28.286,1788794788.287,6452,57,176,4414.34,4414.42,8.0,PASS_<=10c,+0.0,FLAT,+0.0,-16.0,4.2,+0.00,0.00,SLOW,4414.50,4415.14,4413.13,4414.34,0.00,0.00,0.0,BULLISH,201.0,4414.34,4414.34,4414.34,4414.34,28,CLEARED_>=20s,1.0,0.0,0.0,0.0,0.0,0.0,0.0,PASS_<20%,0.00,0.0,NO,STANDBY_VEL_LOW,0,0.00,4590.00,78.36,FALSE,M1_DIRECTION_MISMATCH
2026-09-07 15:26:28.788,1788794788.789,6453,58,177,4414.34,4414.42,8.0,PASS_<=10c,+0.0,FLAT,+0.0,-16.0,4.2,+0.00,0.00,SLOW,4414.50,4415.14,4413.13,4414.34,0.00,0.00,0.0,BULLISH,201.0,4414.34,4414.34,4414.34,4414.34,28,CLEARED_>=20s,1.0,0.0,0.0,0.0,0.0,0.0,0.0,PASS_<20%,0.00,0.0,NO,STANDBY_VEL_LOW,0,0.00,4590.00,78.36,FALSE,M1_DIRECTION_MISMATCH
2026-09-07 15:26:29.290,1788794789.291,6454,59,178,4414.34,4414.42,8.0,PASS_<=10c,+0.0,FLAT,+0.0,-16.0,4.2,+0.00,0.00,SLOW,4414.50,4415.14,4413.13,4414.34,0.00,0.00,0.0,BULLISH,201.0,4414.34,4414.34,4414.34,4414.34,29,CLEARED_>=20s,1.0,0.0,0.0,0.0,0.0,0.0,0.0,PASS_<20%,0.00,0.0,NO,STANDBY_VEL_LOW,0,0.00,4590.00,78.36,FALSE,M1_DIRECTION_MISMATCH
2026-09-07 15:26:29.792,1788794789.793,6455,60,179,4414.34,4414.42,8.0,PASS_<=10c,+0.0,FLAT,+0.0,-16.0,4.2,+0.00,0.00,SLOW,4414.50,4415.14,4413.13,4414.34,0.00,0.00,0.0,BULLISH,201.0,4414.34,4414.34,4414.34,4414.34,29,CLEARED_>=20s,1.0,0.0,0.0,0.0,0.0,0.0,0.0,PASS_<20%,0.00,0.0,NO,STANDBY_VEL_LOW,0,0.00,4590.00,78.36,FALSE,M1_DIRECTION_MISMATCH
2026-09-07 15:26:30.294,1788794790.295,6456,61,180,4414.34,4414.42,8.0,PASS_<=10c,+0.0,FLAT,+0.0,-16.0,4.2,+0.00,0.00,SLOW,4414.50,4415.14,4413.13,4414.34,0.00,0.00,0.0,BULLISH,201.0,4414.34,4414.34,4414.34,4414.34,30,CLEARED_>=20s,1.0,0.0,0.0,0.0,0.0,0.0,0.0,PASS_<20%,0.00,0.0,NO,STANDBY_VEL_LOW,0,0.00,4590.00,78.36,FALSE,M1_DIRECTION_MISMATCH
2026-09-07 15:26:30.795,1788794790.796,6457,62,181,4414.34,4414.42,8.0,PASS_<=10c,+0.0,FLAT,+0.0,-16.0,4.2,+0.00,0.00,SLOW,4414.50,4415.14,4413.13,4414.34,0.00,0.00,0.0,BULLISH,201.0,4414.34,4414.34,4414.34,4414.34,30,CLEARED_>=20s,1.0,0.0,0.0,0.0,0.0,0.0,0.0,PASS_<20%,0.00,0.0,NO,STANDBY_VEL_LOW,0,0.00,4590.00,78.36,FALSE,M1_DIRECTION_MISMATCH
2026-09-07 15:26:31.297,1788794791.298,6458,63,182,4414.34,4414.42,8.0,PASS_<=10c,+0.0,FLAT,+0.0,-16.0,4.2,+0.00,0.00,SLOW,4414.50,4415.14,4413.13,4414.34,0.00,0.00,0.0,BULLISH,201.0,4414.34,4414.34,4414.34,4414.34,31,CLEARED_>=20s,1.0,0.0,0.0,0.0,0.0,0.0,0.0,PASS_<20%,0.00,0.0,NO,STANDBY_VEL_LOW,0,0.00,4590.00,78.36,FALSE,M1_DIRECTION_MISMATCH
2026-09-07 15:26:31.799,1788794791.800,6459,64,183,4414.34,4414.42,8.0,PASS_<=10c,+0.0,FLAT,+0.0,-16.0,4.2,+0.00,0.00,SLOW,4414.50,4415.14,4413.13,4414.34,0.00,0.00,0.0,BULLISH,201.0,4414.34,4414.34,4414.34,4414.34,31,CLEARED_>=20s,1.0,0.0,0.0,0.0,0.0,0.0,0.0,PASS_<20%,0.00,0.0,NO,STANDBY_VEL_LOW,0,0.00,4590.00,78.36,FALSE,M1_DIRECTION_MISMATCH
2026-09-07 15:26:32.301,1788794792.301,6460,65,184,4414.34,4414.42,8.0,PASS_<=10c,+0.0,FLAT,+0.0,-16.0,4.2,+0.00,0.00,SLOW,4414.50,4415.14,4413.13,4414.34,0.00,0.00,0.0,BULLISH,201.0,4414.34,4414.34,4414.34,4414.34,32,CLEARED_>=20s,1.0,0.0,0.0,0.0,0.0,0.0,0.0,PASS_<20%,0.00,0.0,NO,STANDBY_VEL_LOW,0,0.00,4590.00,78.36,FALSE,M1_DIRECTION_MISMATCH
2026-09-07 15:26:32.803,1788794792.803,6461,66,185,4414.34,4414.42,8.0,PASS_<=10c,+0.0,FLAT,+0.0,-16.0,4.2,+0.00,0.00,SLOW,4414.50,4415.14,4413.13,4414.34,0.00,0.00,0.0,BULLISH,201.0,4414.34,4414.34,4414.34,4414.34,32,CLEARED_>=20s,1.0,0.0,0.0,0.0,0.0,0.0,0.0,PASS_<20%,0.00,0.0,NO,STANDBY_VEL_LOW,0,0.00,4590.00,78.36,FALSE,M1_DIRECTION_MISMATCH
2026-09-07 15:26:33.304,1788794793.305,6462,67,186,4414.34,4414.42,8.0,PASS_<=10c,+0.0,FLAT,+0.0,-16.0,4.2,+0.00,0.00,SLOW,4414.50,4415.14,4413.13,4414.34,0.00,0.00,0.0,BULLISH,201.0,4414.34,4414.34,4414.34,4414.34,33,CLEARED_>=20s,1.0,0.0,0.0,0.0,0.0,0.0,0.0,PASS_<20%,0.00,0.0,NO,STANDBY_VEL_LOW,0,0.00,4590.00,78.36,FALSE,M1_DIRECTION_MISMATCH
2026-09-07 15:26:33.806,1788794793.806,6463,68,187,4414.34,4414.42,8.0,PASS_<=10c,+0.0,FLAT,+0.0,-16.0,4.2,+0.00,0.00,SLOW,4414.50,4415.14,4413.13,4414.34,0.00,0.00,0.0,BULLISH,201.0,4414.34,4414.34,4414.34,4414.34,33,CLEARED_>=20s,1.0,0.0,0.0,0.0,0.0,0.0,0.0,PASS_<20%,0.00,0.0,NO,STANDBY_VEL_LOW,0,0.00,4590.00,78.36,FALSE,M1_DIRECTION_MISMATCH
2026-09-07 15:26:34.307,1788794794.308,6464,69,188,4414.34,4414.42,8.0,PASS_<=10c,+0.0,FLAT,+0.0,-16.0,4.2,+0.00,0.00,SLOW,4414.50,4415.14,4413.13,4414.34,0.00,0.00,0.0,BULLISH,201.0,4414.34,4414.34,4414.34,4414.34,34,CLEARED_>=20s,1.0,0.0,0.0,0.0,0.0,0.0,0.0,PASS_<20%,0.00,0.0,NO,STANDBY_VEL_LOW,0,0.00,4590.00,78.36,FALSE,M1_DIRECTION_MISMATCH
2026-09-07 15:26:34.809,1788794794.809,6465,70,189,4414.34,4414.42,8.0,PASS_<=10c,+0.0,FLAT,+0.0,-16.0,4.2,+0.00,0.00,SLOW,4414.50,4415.14,4413.13,4414.34,0.00,0.00,0.0,BULLISH,201.0,4414.34,4414.34,4414.34,4414.34,34,CLEARED_>=20s,1.0,0.0,0.0,0.0,0.0,0.0,0.0,PASS_<20%,0.00,0.0,NO,STANDBY_VEL_LOW,0,0.00,4590.00,78.36,FALSE,M1_DIRECTION_MISMATCH
2026-09-07 15:26:35.310,1788794795.310,6466,71,190,4414.34,4414.42,8.0,PASS_<=10c,+0.0,FLAT,+0.0,-16.0,4.2,+0.00,0.00,SLOW,4414.50,4415.14,4413.13,4414.34,0.00,0.00,0.0,BULLISH,201.0,4414.34,4414.34,4414.34,4414.34,35,CLEARED_>=20s,1.0,0.0,0.0,0.0,0.0,0.0,0.0,PASS_<20%,0.00,0.0,NO,STANDBY_VEL_LOW,0,0.00,4590.00,78.36,FALSE,M1_DIRECTION_MISMATCH
2026-09-07 15:26:35.812,1788794795.813,6467,72,191,4414.34,4414.42,8.0,PASS_<=10c,+0.0,FLAT,+0.0,-16.0,4.2,+0.00,0.00,SLOW,4414.50,4415.14,4413.13,4414.34,0.00,0.00,0.0,BULLISH,201.0,4414.34,4414.34,4414.34,4414.34,35,CLEARED_>=20s,1.0,0.0,0.0,0.0,0.0,0.0,0.0,PASS_<20%,0.00,0.0,NO,STANDBY_VEL_LOW,0,0.00,4590.00,78.36,FALSE,M1_DIRECTION_MISMATCH
2026-09-07 15:26:36.314,1788794796.314,6468,73,192,4414.34,4414.42,8.0,PASS_<=10c,+0.0,FLAT,+0.0,-16.0,4.2,+0.00,0.00,SLOW,4414.50,4415.14,4413.13,4414.34,0.00,0.00,0.0,BULLISH,201.0,4414.34,4414.34,4414.34,4414.34,36,CLEARED_>=20s,1.0,0.0,0.0,0.0,0.0,0.0,0.0,PASS_<20%,0.00,0.0,NO,STANDBY_VEL_LOW,0,0.00,4590.00,78.36,FALSE,M1_DIRECTION_MISMATCH
2026-09-07 15:26:36.815,1788794796.815,6469,74,193,4414.34,4414.42,8.0,PASS_<=10c,+0.0,FLAT,+0.0,-16.0,4.2,+0.00,0.00,SLOW,4414.50,4415.14,4413.13,4414.34,0.00,0.00,0.0,BULLISH,201.0,4414.34,4414.34,4414.34,4414.34,36,CLEARED_>=20s,1.0,0.0,0.0,0.0,0.0,0.0,0.0,PASS_<20%,0.00,0.0,NO,STANDBY_VEL_LOW,0,0.00,4590.00,78.36,FALSE,M1_DIRECTION_MISMATCH
2026-09-07 15:26:37.317,1788794797.317,6470,75,194,4414.34,4414.42,8.0,PASS_<=10c,+0.0,FLAT,+0.0,-16.0,4.2,+0.00,0.00,SLOW,4414.50,4415.14,4413.13,4414.34,0.00,0.00,0.0,BULLISH,201.0,4414.34,4414.34,4414.34,4414.34,37,CLEARED_>=20s,1.0,0.0,0.0,0.0,0.0,0.0,0.0,PASS_<20%,0.00,0.0,NO,STANDBY_VEL_LOW,0,0.00,4590.00,78.36,FALSE,M1_DIRECTION_MISMATCH
2026-09-07 15:26:37.818,1788794797.819,6471,76,195,4414.34,4414.42,8.0,PASS_<=10c,+0.0,FLAT,+0.0,-16.0,4.2,+0.00,0.00,SLOW,4414.50,4415.14,4413.13,4414.34,0.00,0.00,0.0,BULLISH,201.0,4414.34,4414.34,4414.34,4414.34,37,CLEARED_>=20s,1.0,0.0,0.0,0.0,0.0,0.0,0.0,PASS_<20%,0.00,0.0,NO,STANDBY_VEL_LOW,0,0.00,4590.00,78.36,FALSE,M1_DIRECTION_MISMATCH
2026-09-07 15:26:38.320,1788794798.321,6472,77,196,4414.34,4414.42,8.0,PASS_<=10c,+0.0,FLAT,+0.0,-16.0,4.2,+0.00,0.00,SLOW,4414.50,4415.14,4413.13,4414.34,0.00,0.00,0.0,BULLISH,201.0,4414.34,4414.34,4414.34,4414.34,38,CLEARED_>=20s,1.0,0.0,0.0,0.0,0.0,0.0,0.0,PASS_<20%,0.00,0.0,NO,STANDBY_VEL_LOW,0,0.00,4590.00,78.36,FALSE,M1_DIRECTION_MISMATCH
2026-09-07 15:26:38.822,1788794798.822,6473,78,197,4414.34,4414.42,8.0,PASS_<=10c,+0.0,FLAT,+0.0,-16.0,4.2,+0.00,0.00,SLOW,4414.50,4415.14,4413.13,4414.34,0.00,0.00,0.0,BULLISH,201.0,4414.34,4414.34,4414.34,4414.34,38,CLEARED_>=20s,1.0,0.0,0.0,0.0,0.0,0.0,0.0,PASS_<20%,0.00,0.0,NO,STANDBY_VEL_LOW,0,0.00,4590.00,78.36,FALSE,M1_DIRECTION_MISMATCH
2026-09-07 15:26:39.323,1788794799.324,6474,79,198,4414.34,4414.42,8.0,PASS_<=10c,+0.0,FLAT,+0.0,-16.0,4.2,+0.00,0.00,SLOW,4414.50,4415.14,4413.13,4414.34,0.00,0.00,0.0,BULLISH,201.0,4414.34,4414.34,4414.34,4414.34,39,CLEARED_>=20s,1.0,0.0,0.0,0.0,0.0,0.0,0.0,PASS_<20%,0.00,0.0,NO,STANDBY_VEL_LOW,0,0.00,4590.00,78.36,FALSE,M1_DIRECTION_MISMATCH
2026-09-07 15:26:39.824,1788794799.825,6475,80,199,4414.34,4414.42,8.0,PASS_<=10c,+0.0,FLAT,+0.0,-16.0,4.2,+0.00,0.00,SLOW,4414.50,4415.14,4413.13,4414.34,0.00,0.00,0.0,BULLISH,201.0,4414.34,4414.34,4414.34,4414.34,39,CLEARED_>=20s,1.0,0.0,0.0,0.0,0.0,0.0,0.0,PASS_<20%,0.00,0.0,NO,STANDBY_VEL_LOW,0,0.00,4590.00,78.36,FALSE,M1_DIRECTION_MISMATCH
2026-09-07 15:26:40.327,1788794800.328,6476,81,200,4414.34,4414.42,8.0,PASS_<=10c,+0.0,FLAT,+0.0,-16.0,4.2,+0.00,0.00,SLOW,4414.50,4415.14,4413.13,4414.34,0.00,0.00,0.0,BULLISH,201.0,4414.34,4414.34,4414.34,4414.34,40,CLEARED_>=20s,1.0,0.0,0.0,0.0,0.0,0.0,0.0,PASS_<20%,0.00,0.0,NO,STANDBY_VEL_LOW,0,0.00,4590.00,78.36,FALSE,M1_DIRECTION_MISMATCH
2026-09-07 15:26:40.828,1788794800.829,6477,82,201,4414.34,4414.42,8.0,PASS_<=10c,+0.0,FLAT,+0.0,-16.0,4.2,+0.00,0.00,SLOW,4414.50,4415.14,4413.13,4414.34,0.00,0.00,0.0,BULLISH,201.0,4414.34,4414.34,4414.34,4414.34,40,CLEARED_>=20s,1.0,0.0,0.0,0.0,0.0,0.0,0.0,PASS_<20%,0.00,0.0,NO,STANDBY_VEL_LOW,0,0.00,4590.00,78.36,FALSE,M1_DIRECTION_MISMATCH
2026-09-07 15:26:41.330,1788794801.330,6478,83,202,4414.34,4414.42,8.0,PASS_<=10c,+0.0,FLAT,+0.0,-16.0,4.2,+0.00,0.00,SLOW,4414.50,4415.14,4413.13,4414.34,0.00,0.00,0.0,BULLISH,201.0,4414.34,4414.34,4414.34,4414.34,41,CLEARED_>=20s,1.0,0.0,0.0,0.0,0.0,0.0,0.0,PASS_<20%,0.00,0.0,NO,STANDBY_VEL_LOW,0,0.00,4590.00,78.36,FALSE,M1_DIRECTION_MISMATCH
2026-09-07 15:26:41.832,1788794801.833,6479,84,203,4414.34,4414.42,8.0,PASS_<=10c,+0.0,FLAT,+0.0,-16.0,4.2,+0.00,0.00,SLOW,4414.50,4415.14,4413.13,4414.34,0.00,0.00,0.0,BULLISH,201.0,4414.34,4414.34,4414.34,4414.34,41,CLEARED_>=20s,1.0,0.0,0.0,0.0,0.0,0.0,0.0,PASS_<20%,0.00,0.0,NO,STANDBY_VEL_LOW,0,0.00,4590.00,78.36,FALSE,M1_DIRECTION_MISMATCH
2026-09-07 15:26:42.334,1788794802.335,6480,85,204,4414.34,4414.42,8.0,PASS_<=10c,+0.0,FLAT,+0.0,-16.0,4.2,+0.00,0.00,SLOW,4414.50,4415.14,4413.13,4414.34,0.00,0.00,0.0,BULLISH,201.0,4414.34,4414.34,4414.34,4414.34,42,CLEARED_>=20s,1.0,0.0,0.0,0.0,0.0,0.0,0.0,PASS_<20%,0.00,0.0,NO,STANDBY_VEL_LOW,0,0.00,4590.00,78.36,FALSE,M1_DIRECTION_MISMATCH
2026-09-07 15:26:42.837,1788794802.837,6481,86,205,4414.34,4414.42,8.0,PASS_<=10c,+0.0,FLAT,+0.0,-16.0,4.2,+0.00,0.00,SLOW,4414.50,4415.14,4413.13,4414.34,0.00,0.00,0.0,BULLISH,201.0,4414.34,4414.34,4414.34,4414.34,42,CLEARED_>=20s,1.0,0.0,0.0,0.0,0.0,0.0,0.0,PASS_<20%,0.00,0.0,NO,STANDBY_VEL_LOW,0,0.00,4590.00,78.36,FALSE,M1_DIRECTION_MISMATCH
2026-09-07 15:26:43.339,1788794803.340,6482,87,206,4414.34,4414.42,8.0,PASS_<=10c,+0.0,FLAT,+0.0,-16.0,4.2,+0.00,0.00,SLOW,4414.50,4415.14,4413.13,4414.34,0.00,0.00,0.0,BULLISH,201.0,4414.34,4414.34,4414.34,4414.34,43,CLEARED_>=20s,1.0,0.0,0.0,0.0,0.0,0.0,0.0,PASS_<20%,0.00,0.0,NO,STANDBY_VEL_LOW,0,0.00,4590.00,78.36,FALSE,M1_DIRECTION_MISMATCH
2026-09-07 15:26:43.840,1788794803.841,6483,88,207,4414.34,4414.42,8.0,PASS_<=10c,+0.0,FLAT,+0.0,-16.0,4.2,+0.00,0.00,SLOW,4414.50,4415.14,4413.13,4414.34,0.00,0.00,0.0,BULLISH,201.0,4414.34,4414.34,4414.34,4414.34,43,CLEARED_>=20s,1.0,0.0,0.0,0.0,0.0,0.0,0.0,PASS_<20%,0.00,0.0,NO,STANDBY_VEL_LOW,0,0.00,4590.00,78.36,FALSE,M1_DIRECTION_MISMATCH
2026-09-07 15:26:44.342,1788794804.343,6484,89,208,4414.34,4414.42,8.0,PASS_<=10c,+0.0,FLAT,+0.0,-16.0,4.2,+0.00,0.00,SLOW,4414.50,4415.14,4413.13,4414.34,0.00,0.00,0.0,BULLISH,201.0,4414.34,4414.34,4414.34,4414.34,44,CLEARED_>=20s,1.0,0.0,0.0,0.0,0.0,0.0,0.0,PASS_<20%,0.00,0.0,NO,STANDBY_VEL_LOW,0,0.00,4590.00,78.36,FALSE,M1_DIRECTION_MISMATCH
2026-09-07 15:26:44.845,1788794804.845,6485,90,209,4414.34,4414.42,8.0,PASS_<=10c,+0.0,FLAT,+0.0,-16.0,4.2,+0.00,0.00,SLOW,4414.50,4415.14,4413.13,4414.34,0.00,0.00,0.0,BULLISH,201.0,4414.34,4414.34,4414.34,4414.34,44,CLEARED_>=20s,1.0,0.0,0.0,0.0,0.0,0.0,0.0,PASS_<20%,0.00,0.0,NO,STANDBY_VEL_LOW,0,0.00,4590.00,78.36,FALSE,M1_DIRECTION_MISMATCH
2026-09-07 15:26:45.347,1788794805.347,6486,91,210,4414.34,4414.42,8.0,PASS_<=10c,+0.0,FLAT,+0.0,-16.0,4.2,+0.00,0.00,SLOW,4414.50,4415.14,4413.13,4414.34,0.00,0.00,0.0,BULLISH,201.0,4414.34,4414.34,4414.34,4414.34,45,CLEARED_>=20s,1.0,0.0,0.0,0.0,0.0,0.0,0.0,PASS_<20%,0.00,0.0,NO,STANDBY_VEL_LOW,0,0.00,4590.00,78.36,FALSE,M1_DIRECTION_MISMATCH
2026-09-07 15:26:45.849,1788794805.850,6487,92,211,4414.34,4414.42,8.0,PASS_<=10c,+0.0,FLAT,+0.0,-16.0,4.2,+0.00,0.00,SLOW,4414.50,4415.14,4413.13,4414.34,0.00,0.00,0.0,BULLISH,201.0,4414.34,4414.34,4414.34,4414.34,45,CLEARED_>=20s,1.0,0.0,0.0,0.0,0.0,0.0,0.0,PASS_<20%,0.00,0.0,NO,STANDBY_VEL_LOW,0,0.00,4590.00,78.36,FALSE,M1_DIRECTION_MISMATCH
2026-09-07 15:26:46.352,1788794806.352,6488,93,212,4414.34,4414.42,8.0,PASS_<=10c,+0.0,FLAT,+0.0,-16.0,4.2,+0.00,0.00,SLOW,4414.50,4415.14,4413.13,4414.34,0.00,0.00,0.0,BULLISH,201.0,4414.34,4414.34,4414.34,4414.34,46,CLEARED_>=20s,1.0,0.0,0.0,0.0,0.0,0.0,0.0,PASS_<20%,0.00,0.0,NO,STANDBY_VEL_LOW,0,0.00,4590.00,78.36,FALSE,M1_DIRECTION_MISMATCH
2026-09-07 15:26:46.853,1788794806.853,6489,94,213,4414.34,4414.42,8.0,PASS_<=10c,+0.0,FLAT,+0.0,-16.0,4.2,+0.00,0.00,SLOW,4414.50,4415.14,4413.13,4414.34,0.00,0.00,0.0,BULLISH,201.0,4414.34,4414.34,4414.34,4414.34,46,CLEARED_>=20s,1.0,0.0,0.0,0.0,0.0,0.0,0.0,PASS_<20%,0.00,0.0,NO,STANDBY_VEL_LOW,0,0.00,4590.00,78.36,FALSE,M1_DIRECTION_MISMATCH
2026-09-07 15:26:47.355,1788794807.355,6490,95,214,4414.34,4414.42,8.0,PASS_<=10c,+0.0,FLAT,+0.0,-16.0,4.2,+0.00,0.00,SLOW,4414.50,4415.14,4413.13,4414.34,0.00,0.00,0.0,BULLISH,201.0,4414.34,4414.34,4414.34,4414.34,47,CLEARED_>=20s,1.0,0.0,0.0,0.0,0.0,0.0,0.0,PASS_<20%,0.00,0.0,NO,STANDBY_VEL_LOW,0,0.00,4590.00,78.36,FALSE,M1_DIRECTION_MISMATCH
2026-09-07 15:26:47.855,1788794807.856,6491,96,215,4414.34,4414.42,8.0,PASS_<=10c,+0.0,FLAT,+0.0,-16.0,4.2,+0.00,0.00,SLOW,4414.50,4415.14,4413.13,4414.34,0.00,0.00,0.0,BULLISH,201.0,4414.34,4414.34,4414.34,4414.34,47,CLEARED_>=20s,1.0,0.0,0.0,0.0,0.0,0.0,0.0,PASS_<20%,0.00,0.0,NO,STANDBY_VEL_LOW,0,0.00,4590.00,78.36,FALSE,M1_DIRECTION_MISMATCH
2026-09-07 15:26:48.358,1788794808.359,6492,97,216,4414.34,4414.42,8.0,PASS_<=10c,+0.0,FLAT,+0.0,-16.0,4.2,+0.00,0.00,SLOW,4414.50,4415.14,4413.13,4414.34,0.00,0.00,0.0,BULLISH,201.0,4414.34,4414.34,4414.34,4414.34,48,CLEARED_>=20s,1.0,0.0,0.0,0.0,0.0,0.0,0.0,PASS_<20%,0.00,0.0,NO,STANDBY_VEL_LOW,0,0.00,4590.00,78.36,FALSE,M1_DIRECTION_MISMATCH
2026-09-07 15:26:48.860,1788794808.860,6493,98,217,4414.34,4414.42,8.0,PASS_<=10c,+0.0,FLAT,+0.0,-16.0,4.2,+0.00,0.00,SLOW,4414.50,4415.14,4413.13,4414.34,0.00,0.00,0.0,BULLISH,201.0,4414.34,4414.34,4414.34,4414.34,48,CLEARED_>=20s,1.0,0.0,0.0,0.0,0.0,0.0,0.0,PASS_<20%,0.00,0.0,NO,STANDBY_VEL_LOW,0,0.00,4590.00,78.36,FALSE,M1_DIRECTION_MISMATCH
2026-09-07 15:26:49.362,1788794809.363,6494,99,218,4414.34,4414.42,8.0,PASS_<=10c,+0.0,FLAT,+0.0,-16.0,4.2,+0.00,0.00,SLOW,4414.50,4415.14,4413.13,4414.34,0.00,0.00,0.0,BULLISH,201.0,4414.34,4414.34,4414.34,4414.34,49,CLEARED_>=20s,1.0,0.0,0.0,0.0,0.0,0.0,0.0,PASS_<20%,0.00,0.0,NO,STANDBY_VEL_LOW,0,0.00,4590.00,78.36,FALSE,M1_DIRECTION_MISMATCH
2026-09-07 15:26:49.864,1788794809.865,6495,100,219,4414.34,4414.42,8.0,PASS_<=10c,+0.0,FLAT,+0.0,-16.0,4.2,+0.00,0.00,SLOW,4414.50,4415.14,4413.13,4414.34,0.00,0.00,0.0,BULLISH,201.0,4414.34,4414.34,4414.34,4414.34,49,CLEARED_>=20s,1.0,0.0,0.0,0.0,0.0,0.0,0.0,PASS_<20%,0.00,0.0,NO,STANDBY_VEL_LOW,0,0.00,4590.00,78.36,FALSE,M1_DIRECTION_MISMATCH
2026-09-07 15:26:50.367,1788794810.368,6496,101,220,4414.34,4414.42,8.0,PASS_<=10c,+0.0,FLAT,+0.0,-16.0,4.2,+0.00,0.00,SLOW,4414.50,4415.14,4413.13,4414.34,0.00,0.00,0.0,BULLISH,201.0,4414.34,4414.34,4414.34,4414.34,50,CLEARED_>=20s,1.0,0.0,0.0,0.0,0.0,0.0,0.0,PASS_<20%,0.00,0.0,NO,STANDBY_VEL_LOW,0,0.00,4590.00,78.36,FALSE,M1_DIRECTION_MISMATCH
2026-09-07 15:26:50.869,1788794810.869,6497,102,221,4414.34,4414.42,8.0,PASS_<=10c,+0.0,FLAT,+0.0,-16.0,4.2,+0.00,0.00,SLOW,4414.50,4415.14,4413.13,4414.34,0.00,0.00,0.0,BULLISH,201.0,4414.34,4414.34,4414.34,4414.34,50,CLEARED_>=20s,1.0,0.0,0.0,0.0,0.0,0.0,0.0,PASS_<20%,0.00,0.0,NO,STANDBY_VEL_LOW,0,0.00,4590.00,78.36,FALSE,M1_DIRECTION_MISMATCH
2026-09-07 15:26:51.371,1788794811.371,6498,103,222,4414.34,4414.42,8.0,PASS_<=10c,+0.0,FLAT,+0.0,-16.0,4.2,+0.00,0.00,SLOW,4414.50,4415.14,4413.13,4414.34,0.00,0.00,0.0,BULLISH,201.0,4414.34,4414.34,4414.34,4414.34,51,CLEARED_>=20s,1.0,0.0,0.0,0.0,0.0,0.0,0.0,PASS_<20%,0.00,0.0,NO,STANDBY_VEL_LOW,0,0.00,4590.00,78.36,FALSE,M1_DIRECTION_MISMATCH
2026-09-07 15:26:51.873,1788794811.873,6499,104,223,4414.34,4414.42,8.0,PASS_<=10c,+0.0,FLAT,+0.0,-16.0,4.2,+0.00,0.00,SLOW,4414.50,4415.14,4413.13,4414.34,0.00,0.00,0.0,BULLISH,201.0,4414.34,4414.34,4414.34,4414.34,51,CLEARED_>=20s,1.0,0.0,0.0,0.0,0.0,0.0,0.0,PASS_<20%,0.00,0.0,NO,STANDBY_VEL_LOW,0,0.00,4590.00,78.36,FALSE,M1_DIRECTION_MISMATCH
2026-09-07 15:26:52.375,1788794812.375,6500,105,224,4414.34,4414.42,8.0,PASS_<=10c,+0.0,FLAT,+0.0,-16.0,4.2,+0.00,0.00,SLOW,4414.50,4415.14,4413.13,4414.34,0.00,0.00,0.0,BULLISH,201.0,4414.34,4414.34,4414.34,4414.34,52,CLEARED_>=20s,1.0,0.0,0.0,0.0,0.0,0.0,0.0,PASS_<20%,0.00,0.0,NO,STANDBY_VEL_LOW,0,0.00,4590.00,78.36,FALSE,M1_DIRECTION_MISMATCH
2026-09-07 15:26:52.878,1788794812.878,6501,106,225,4414.34,4414.42,8.0,PASS_<=10c,+0.0,FLAT,+0.0,-16.0,4.2,+0.00,0.00,SLOW,4414.50,4415.14,4413.13,4414.34,0.00,0.00,0.0,BULLISH,201.0,4414.34,4414.34,4414.34,4414.34,52,CLEARED_>=20s,1.0,0.0,0.0,0.0,0.0,0.0,0.0,PASS_<20%,0.00,0.0,NO,STANDBY_VEL_LOW,0,0.00,4590.00,78.36,FALSE,M1_DIRECTION_MISMATCH
2026-09-07 15:26:53.379,1788794813.379,6502,107,226,4414.34,4414.42,8.0,PASS_<=10c,+0.0,FLAT,+0.0,-16.0,4.2,+0.00,0.00,SLOW,4414.50,4415.14,4413.13,4414.34,0.00,0.00,0.0,BULLISH,201.0,4414.34,4414.34,4414.34,4414.34,53,CLEARED_>=20s,1.0,0.0,0.0,0.0,0.0,0.0,0.0,PASS_<20%,0.00,0.0,NO,STANDBY_VEL_LOW,0,0.00,4590.00,78.36,FALSE,M1_DIRECTION_MISMATCH
2026-09-07 15:26:53.880,1788794813.881,6503,108,227,4414.34,4414.42,8.0,PASS_<=10c,+0.0,FLAT,+0.0,-16.0,4.2,+0.00,0.00,SLOW,4414.50,4415.14,4413.13,4414.34,0.00,0.00,0.0,BULLISH,201.0,4414.34,4414.34,4414.34,4414.34,53,CLEARED_>=20s,1.0,0.0,0.0,0.0,0.0,0.0,0.0,PASS_<20%,0.00,0.0,NO,STANDBY_VEL_LOW,0,0.00,4590.00,78.36,FALSE,M1_DIRECTION_MISMATCH
2026-09-07 15:26:54.382,1788794814.383,6504,109,228,4414.34,4414.42,8.0,PASS_<=10c,+0.0,FLAT,+0.0,-16.0,4.2,+0.00,0.00,SLOW,4414.50,4415.14,4413.13,4414.34,0.00,0.00,0.0,BULLISH,201.0,4414.34,4414.34,4414.34,4414.34,54,CLEARED_>=20s,1.0,0.0,0.0,0.0,0.0,0.0,0.0,PASS_<20%,0.00,0.0,NO,STANDBY_VEL_LOW,0,0.00,4590.00,78.36,FALSE,M1_DIRECTION_MISMATCH
2026-09-07 15:26:54.884,1788794814.885,6505,110,229,4414.34,4414.42,8.0,PASS_<=10c,+0.0,FLAT,+0.0,-16.0,4.2,+0.00,0.00,SLOW,4414.50,4415.14,4413.13,4414.34,0.00,0.00,0.0,BULLISH,201.0,4414.34,4414.34,4414.34,4414.34,54,CLEARED_>=20s,1.0,0.0,0.0,0.0,0.0,0.0,0.0,PASS_<20%,0.00,0.0,NO,STANDBY_VEL_LOW,0,0.00,4590.00,78.36,FALSE,M1_DIRECTION_MISMATCH
2026-09-07 15:26:55.386,1788794815.386,6506,111,230,4414.34,4414.42,8.0,PASS_<=10c,+0.0,FLAT,+0.0,-16.0,4.2,+0.00,0.00,SLOW,4414.50,4415.14,4413.13,4414.34,0.00,0.00,0.0,BULLISH,201.0,4414.34,4414.34,4414.34,4414.34,55,CLEARED_>=20s,1.0,0.0,0.0,0.0,0.0,0.0,0.0,PASS_<20%,0.00,0.0,NO,STANDBY_VEL_LOW,0,0.00,4590.00,78.36,FALSE,M1_DIRECTION_MISMATCH
2026-09-07 15:26:55.888,1788794815.889,6507,112,231,4414.34,4414.42,8.0,PASS_<=10c,+0.0,FLAT,+0.0,-16.0,4.2,+0.00,0.00,SLOW,4414.50,4415.14,4413.13,4414.34,0.00,0.00,0.0,BULLISH,201.0,4414.34,4414.34,4414.34,4414.34,55,CLEARED_>=20s,1.0,0.0,0.0,0.0,0.0,0.0,0.0,PASS_<20%,0.00,0.0,NO,STANDBY_VEL_LOW,0,0.00,4590.00,78.36,FALSE,M1_DIRECTION_MISMATCH
2026-09-07 15:26:56.391,1788794816.392,6508,113,232,4414.34,4414.42,8.0,PASS_<=10c,+0.0,FLAT,+0.0,-16.0,4.2,+0.00,0.00,SLOW,4414.50,4415.14,4413.13,4414.34,0.00,0.00,0.0,BULLISH,201.0,4414.34,4414.34,4414.34,4414.34,56,CLEARED_>=20s,1.0,0.0,0.0,0.0,0.0,0.0,0.0,PASS_<20%,0.00,0.0,NO,STANDBY_VEL_LOW,0,0.00,4590.00,78.36,FALSE,M1_DIRECTION_MISMATCH
2026-09-07 15:26:56.893,1788794816.893,6509,114,233,4414.34,4414.42,8.0,PASS_<=10c,+0.0,FLAT,+0.0,-16.0,4.2,+0.00,0.00,SLOW,4414.50,4415.14,4413.13,4414.34,0.00,0.00,0.0,BULLISH,201.0,4414.34,4414.34,4414.34,4414.34,56,CLEARED_>=20s,1.0,0.0,0.0,0.0,0.0,0.0,0.0,PASS_<20%,0.00,0.0,NO,STANDBY_VEL_LOW,0,0.00,4590.00,78.36,FALSE,M1_DIRECTION_MISMATCH
2026-09-07 15:26:57.394,1788794817.395,6510,115,234,4414.34,4414.42,8.0,PASS_<=10c,+0.0,FLAT,+0.0,-16.0,4.2,+0.00,0.00,SLOW,4414.50,4415.14,4413.13,4414.34,0.00,0.00,0.0,BULLISH,201.0,4414.34,4414.34,4414.34,4414.34,57,CLEARED_>=20s,1.0,0.0,0.0,0.0,0.0,0.0,0.0,PASS_<20%,0.00,0.0,NO,STANDBY_VEL_LOW,0,0.00,4590.00,78.36,FALSE,M1_DIRECTION_MISMATCH
2026-09-07 15:26:57.895,1788794817.896,6511,116,235,4414.34,4414.42,8.0,PASS_<=10c,+0.0,FLAT,+0.0,-16.0,4.2,+0.00,0.00,SLOW,4414.50,4415.14,4413.13,4414.34,0.00,0.00,0.0,BULLISH,201.0,4414.34,4414.34,4414.34,4414.34,57,CLEARED_>=20s,1.0,0.0,0.0,0.0,0.0,0.0,0.0,PASS_<20%,0.00,0.0,NO,STANDBY_VEL_LOW,0,0.00,4590.00,78.36,FALSE,M1_DIRECTION_MISMATCH
2026-09-07 15:26:58.398,1788794818.398,6512,117,236,4414.34,4414.42,8.0,PASS_<=10c,+0.0,FLAT,+0.0,-16.0,4.2,+0.00,0.00,SLOW,4414.50,4415.14,4413.13,4414.34,0.00,0.00,0.0,BULLISH,201.0,4414.34,4414.34,4414.34,4414.34,58,CLEARED_>=20s,1.0,0.0,0.0,0.0,0.0,0.0,0.0,PASS_<20%,0.00,0.0,NO,STANDBY_VEL_LOW,0,0.00,4590.00,78.36,FALSE,M1_DIRECTION_MISMATCH
2026-09-07 15:26:58.899,1788794818.899,6513,118,237,4414.34,4414.42,8.0,PASS_<=10c,+0.0,FLAT,+0.0,-16.0,4.2,+0.00,0.00,SLOW,4414.50,4415.14,4413.13,4414.34,0.00,0.00,0.0,BULLISH,201.0,4414.34,4414.34,4414.34,4414.34,58,CLEARED_>=20s,1.0,0.0,0.0,0.0,0.0,0.0,0.0,PASS_<20%,0.00,0.0,NO,STANDBY_VEL_LOW,0,0.00,4590.00,78.36,FALSE,M1_DIRECTION_MISMATCH
2026-09-07 15:26:59.400,1788794819.401,6514,119,238,4414.34,4414.42,8.0,PASS_<=10c,+0.0,FLAT,+0.0,-16.0,4.2,+0.00,0.00,SLOW,4414.50,4415.14,4413.13,4414.34,0.00,0.00,0.0,BULLISH,201.0,4414.34,4414.34,4414.34,4414.34,59,CLEARED_>=20s,1.0,0.0,0.0,0.0,0.0,0.0,0.0,PASS_<20%,0.00,0.0,NO,STANDBY_VEL_LOW,0,0.00,4590.00,78.36,FALSE,M1_DIRECTION_MISMATCH
2026-09-07 15:26:59.902,1788794819.903,6515,120,239,4414.34,4414.42,8.0,PASS_<=10c,+0.0,FLAT,+0.0,-16.0,4.2,+0.00,0.00,SLOW,4414.50,4415.14,4413.13,4414.34,0.00,0.00,0.0,BULLISH,201.0,4414.34,4414.34,4414.34,4414.34,59,CLEARED_>=20s,1.0,0.0,0.0,0.0,0.0,0.0,0.0,PASS_<20%,0.00,0.0,NO,STANDBY_VEL_LOW,0,0.00,4590.00,78.36,FALSE,M1_DIRECTION_MISMATCH
2026-09-07 15:27:00.404,1788794820.404,6516,1,240,4414.34,4414.42,8.0,PASS_<=10c,+0.0,FLAT,+0.0,-16.0,4.2,+0.00,0.00,SLOW,4414.50,4415.14,4413.13,4414.34,0.00,0.00,0.0,BULLISH,201.0,4414.34,4414.34,4414.34,4414.34,0,ACTIVE_0s,1.0,0.0,0.0,0.0,0.0,0.0,0.0,PASS_<20%,0.00,0.0,NO,STANDBY_VEL_LOW,0,0.00,4590.00,78.36,FALSE,M1_DIRECTION_MISMATCH|OPENING_SHIELD_ACTIVE_0s
2026-09-07 15:27:00.905,1788794820.905,6517,2,241,4414.34,4414.42,8.0,PASS_<=10c,+0.0,FLAT,+0.0,-16.0,4.2,+0.00,0.00,SLOW,4414.50,4415.14,4413.13,4414.34,0.00,0.00,0.0,BULLISH,201.0,4414.34,4414.34,4414.34,4414.34,0,ACTIVE_0s,1.0,0.0,0.0,0.0,0.0,0.0,0.0,PASS_<20%,0.00,0.0,NO,STANDBY_VEL_LOW,0,0.00,4590.00,78.36,FALSE,M1_DIRECTION_MISMATCH|OPENING_SHIELD_ACTIVE_0s
2026-09-07 15:27:01.407,1788794821.407,6518,3,242,4414.34,4414.42,8.0,PASS_<=10c,+0.0,FLAT,+0.0,-16.0,4.2,+0.00,0.00,SLOW,4414.50,4415.14,4413.13,4414.34,0.00,0.00,0.0,BULLISH,201.0,4414.34,4414.34,4414.34,4414.34,1,ACTIVE_1s,1.0,0.0,0.0,0.0,0.0,0.0,0.0,PASS_<20%,0.00,0.0,NO,STANDBY_VEL_LOW,0,0.00,4590.00,78.36,FALSE,M1_DIRECTION_MISMATCH|OPENING_SHIELD_ACTIVE_1s
2026-09-07 15:27:01.908,1788794821.908,6519,4,243,4414.34,4414.42,8.0,PASS_<=10c,+0.0,FLAT,+0.0,-16.0,4.2,+0.00,0.00,SLOW,4414.50,4415.14,4413.13,4414.34,0.00,0.00,0.0,BULLISH,201.0,4414.34,4414.34,4414.34,4414.34,1,ACTIVE_1s,1.0,0.0,0.0,0.0,0.0,0.0,0.0,PASS_<20%,0.00,0.0,NO,STANDBY_VEL_LOW,0,0.00,4590.00,78.36,FALSE,M1_DIRECTION_MISMATCH|OPENING_SHIELD_ACTIVE_1s
2026-09-07 15:27:02.409,1788794822.409,6520,5,244,4414.34,4414.42,8.0,PASS_<=10c,+0.0,FLAT,+0.0,-16.0,4.2,+0.00,0.00,SLOW,4414.50,4415.14,4413.13,4414.34,0.00,0.00,0.0,BULLISH,201.0,4414.34,4414.34,4414.34,4414.34,2,ACTIVE_2s,1.0,0.0,0.0,0.0,0.0,0.0,0.0,PASS_<20%,0.00,0.0,NO,STANDBY_VEL_LOW,0,0.00,4590.00,78.36,FALSE,M1_DIRECTION_MISMATCH|OPENING_SHIELD_ACTIVE_2s
2026-09-07 15:27:02.911,1788794822.912,6521,6,245,4414.34,4414.42,8.0,PASS_<=10c,+0.0,FLAT,+0.0,-16.0,4.2,+0.00,0.00,SLOW,4414.50,4415.14,4413.13,4414.34,0.00,0.00,0.0,BULLISH,201.0,4414.34,4414.34,4414.34,4414.34,2,ACTIVE_2s,1.0,0.0,0.0,0.0,0.0,0.0,0.0,PASS_<20%,0.00,0.0,NO,STANDBY_VEL_LOW,0,0.00,4590.00,78.36,FALSE,M1_DIRECTION_MISMATCH|OPENING_SHIELD_ACTIVE_2s
2026-09-07 15:27:03.412,1788794823.413,6522,7,246,4414.34,4414.42,8.0,PASS_<=10c,+0.0,FLAT,+0.0,-16.0,4.2,+0.00,0.00,SLOW,4414.50,4415.14,4413.13,4414.34,0.00,0.00,0.0,BULLISH,201.0,4414.34,4414.34,4414.34,4414.34,3,ACTIVE_3s,1.0,0.0,0.0,0.0,0.0,0.0,0.0,PASS_<20%,0.00,0.0,NO,STANDBY_VEL_LOW,0,0.00,4590.00,78.36,FALSE,M1_DIRECTION_MISMATCH|OPENING_SHIELD_ACTIVE_3s
2026-09-07 15:27:03.915,1788794823.915,6523,8,247,4414.34,4414.42,8.0,PASS_<=10c,+0.0,FLAT,+0.0,-16.0,4.2,+0.00,0.00,SLOW,4414.50,4415.14,4413.13,4414.34,0.00,0.00,0.0,BULLISH,201.0,4414.34,4414.34,4414.34,4414.34,3,ACTIVE_3s,1.0,0.0,0.0,0.0,0.0,0.0,0.0,PASS_<20%,0.00,0.0,NO,STANDBY_VEL_LOW,0,0.00,4590.00,78.36,FALSE,M1_DIRECTION_MISMATCH|OPENING_SHIELD_ACTIVE_3s
2026-09-07 15:27:04.416,1788794824.417,6524,9,248,4414.34,4414.42,8.0,PASS_<=10c,+0.0,FLAT,+0.0,-16.0,4.2,+0.00,0.00,SLOW,4414.50,4415.14,4413.13,4414.34,0.00,0.00,0.0,BULLISH,201.0,4414.34,4414.34,4414.34,4414.34,4,ACTIVE_4s,1.0,0.0,0.0,0.0,0.0,0.0,0.0,PASS_<20%,0.00,0.0,NO,STANDBY_VEL_LOW,0,0.00,4590.00,78.36,FALSE,M1_DIRECTION_MISMATCH|OPENING_SHIELD_ACTIVE_4s
2026-09-07 15:27:04.918,1788794824.919,6525,10,249,4414.34,4414.42,8.0,PASS_<=10c,+0.0,FLAT,+0.0,-16.0,4.2,+0.00,0.00,SLOW,4414.50,4415.14,4413.13,4414.34,0.00,0.00,0.0,BULLISH,201.0,4414.34,4414.34,4414.34,4414.34,4,ACTIVE_4s,1.0,0.0,0.0,0.0,0.0,0.0,0.0,PASS_<20%,0.00,0.0,NO,STANDBY_VEL_LOW,0,0.00,4590.00,78.36,FALSE,M1_DIRECTION_MISMATCH|OPENING_SHIELD_ACTIVE_4s
2026-09-07 15:27:05.419,1788794825.420,6526,11,250,4414.34,4414.42,8.0,PASS_<=10c,+0.0,FLAT,+0.0,-16.0,4.2,+0.00,0.00,SLOW,4414.50,4415.14,4413.13,4414.34,0.00,0.00,0.0,BULLISH,201.0,4414.34,4414.34,4414.34,4414.34,5,ACTIVE_5s,1.0,0.0,0.0,0.0,0.0,0.0,0.0,PASS_<20%,0.00,0.0,NO,STANDBY_VEL_LOW,0,0.00,4590.00,78.36,FALSE,M1_DIRECTION_MISMATCH|OPENING_SHIELD_ACTIVE_5s
2026-09-07 15:27:05.921,1788794825.921,6527,12,251,4414.34,4414.42,8.0,PASS_<=10c,+0.0,FLAT,+0.0,-16.0,4.2,+0.00,0.00,SLOW,4414.50,4415.14,4413.13,4414.34,0.00,0.00,0.0,BULLISH,201.0,4414.34,4414.34,4414.34,4414.34,5,ACTIVE_5s,1.0,0.0,0.0,0.0,0.0,0.0,0.0,PASS_<20%,0.00,0.0,NO,STANDBY_VEL_LOW,0,0.00,4590.00,78.36,FALSE,M1_DIRECTION_MISMATCH|OPENING_SHIELD_ACTIVE_5s
2026-09-07 15:27:06.423,1788794826.423,6528,13,252,4414.34,4414.42,8.0,PASS_<=10c,+0.0,FLAT,+0.0,-16.0,4.2,+0.00,0.00,SLOW,4414.50,4415.14,4413.13,4414.34,0.00,0.00,0.0,BULLISH,201.0,4414.34,4414.34,4414.34,4414.34,6,ACTIVE_6s,1.0,0.0,0.0,0.0,0.0,0.0,0.0,PASS_<20%,0.00,0.0,NO,STANDBY_VEL_LOW,0,0.00,4590.00,78.36,FALSE,M1_DIRECTION_MISMATCH|OPENING_SHIELD_ACTIVE_6s
2026-09-07 15:27:06.924,1788794826.924,6529,14,253,4414.34,4414.42,8.0,PASS_<=10c,+0.0,FLAT,+0.0,-16.0,4.2,+0.00,0.00,SLOW,4414.50,4415.14,4413.13,4414.34,0.00,0.00,0.0,BULLISH,201.0,4414.34,4414.34,4414.34,4414.34,6,ACTIVE_6s,1.0,0.0,0.0,0.0,0.0,0.0,0.0,PASS_<20%,0.00,0.0,NO,STANDBY_VEL_LOW,0,0.00,4590.00,78.36,FALSE,M1_DIRECTION_MISMATCH|OPENING_SHIELD_ACTIVE_6s
2026-09-07 15:27:07.426,1788794827.426,6530,15,254,4414.34,4414.42,8.0,PASS_<=10c,+0.0,FLAT,+0.0,-16.0,4.2,+0.00,0.00,SLOW,4414.50,4415.14,4413.13,4414.34,0.00,0.00,0.0,BULLISH,201.0,4414.34,4414.34,4414.34,4414.34,7,ACTIVE_7s,1.0,0.0,0.0,0.0,0.0,0.0,0.0,PASS_<20%,0.00,0.0,NO,STANDBY_VEL_LOW,0,0.00,4590.00,78.36,FALSE,M1_DIRECTION_MISMATCH|OPENING_SHIELD_ACTIVE_7s
2026-09-07 15:27:07.927,1788794827.928,6531,16,255,4414.34,4414.42,8.0,PASS_<=10c,+0.0,FLAT,+0.0,-16.0,4.2,+0.00,0.00,SLOW,4414.50,4415.14,4413.13,4414.34,0.00,0.00,0.0,BULLISH,201.0,4414.34,4414.34,4414.34,4414.34,7,ACTIVE_7s,1.0,0.0,0.0,0.0,0.0,0.0,0.0,PASS_<20%,0.00,0.0,NO,STANDBY_VEL_LOW,0,0.00,4590.00,78.36,FALSE,M1_DIRECTION_MISMATCH|OPENING_SHIELD_ACTIVE_7s
2026-09-07 15:27:08.430,1788794828.430,6532,17,256,4414.34,4414.42,8.0,PASS_<=10c,+0.0,FLAT,+0.0,-16.0,4.2,+0.00,0.00,SLOW,4414.50,4415.14,4413.13,4414.34,0.00,0.00,0.0,BULLISH,201.0,4414.34,4414.34,4414.34,4414.34,8,ACTIVE_8s,1.0,0.0,0.0,0.0,0.0,0.0,0.0,PASS_<20%,0.00,0.0,NO,STANDBY_VEL_LOW,0,0.00,4590.00,78.36,FALSE,M1_DIRECTION_MISMATCH|OPENING_SHIELD_ACTIVE_8s
2026-09-07 15:27:08.932,1788794828.932,6533,18,257,4414.34,4414.42,8.0,PASS_<=10c,+0.0,FLAT,+0.0,-16.0,4.2,+0.00,0.00,SLOW,4414.50,4415.14,4413.13,4414.34,0.00,0.00,0.0,BULLISH,201.0,4414.34,4414.34,4414.34,4414.34,8,ACTIVE_8s,1.0,0.0,0.0,0.0,0.0,0.0,0.0,PASS_<20%,0.00,0.0,NO,STANDBY_VEL_LOW,0,0.00,4590.00,78.36,FALSE,M1_DIRECTION_MISMATCH|OPENING_SHIELD_ACTIVE_8s
2026-09-07 15:27:09.434,1788794829.434,6534,19,258,4414.34,4414.42,8.0,PASS_<=10c,+0.0,FLAT,+0.0,-16.0,4.2,+0.00,0.00,SLOW,4414.50,4415.14,4413.13,4414.34,0.00,0.00,0.0,BULLISH,201.0,4414.34,4414.34,4414.34,4414.34,9,ACTIVE_9s,1.0,0.0,0.0,0.0,0.0,0.0,0.0,PASS_<20%,0.00,0.0,NO,STANDBY_VEL_LOW,0,0.00,4590.00,78.36,FALSE,M1_DIRECTION_MISMATCH|OPENING_SHIELD_ACTIVE_9s
2026-09-07 15:27:09.936,1788794829.936,6535,20,259,4414.34,4414.42,8.0,PASS_<=10c,+0.0,FLAT,+0.0,-16.0,4.2,+0.00,0.00,SLOW,4414.50,4415.14,4413.13,4414.34,0.00,0.00,0.0,BULLISH,201.0,4414.34,4414.34,4414.34,4414.34,9,ACTIVE_9s,1.0,0.0,0.0,0.0,0.0,0.0,0.0,PASS_<20%,0.00,0.0,NO,STANDBY_VEL_LOW,0,0.00,4590.00,78.36,FALSE,M1_DIRECTION_MISMATCH|OPENING_SHIELD_ACTIVE_9s
2026-09-07 15:27:10.437,1788794830.438,6536,21,260,4414.34,4414.42,8.0,PASS_<=10c,+0.0,FLAT,+0.0,-16.0,4.2,+0.00,0.00,SLOW,4414.50,4415.14,4413.13,4414.34,0.00,0.00,0.0,BULLISH,201.0,4414.34,4414.34,4414.34,4414.34,10,ACTIVE_10s,1.0,0.0,0.0,0.0,0.0,0.0,0.0,PASS_<20%,0.00,0.0,NO,STANDBY_VEL_LOW,0,0.00,4590.00,78.36,FALSE,M1_DIRECTION_MISMATCH|OPENING_SHIELD_ACTIVE_10s
2026-09-07 15:27:10.939,1788794830.939,6537,22,261,4414.34,4414.42,8.0,PASS_<=10c,+0.0,FLAT,+0.0,-16.0,4.2,+0.00,0.00,SLOW,4414.50,4415.14,4413.13,4414.34,0.00,0.00,0.0,BULLISH,201.0,4414.34,4414.34,4414.34,4414.34,10,ACTIVE_10s,1.0,0.0,0.0,0.0,0.0,0.0,0.0,PASS_<20%,0.00,0.0,NO,STANDBY_VEL_LOW,0,0.00,4590.00,78.36,FALSE,M1_DIRECTION_MISMATCH|OPENING_SHIELD_ACTIVE_10s
2026-09-07 15:27:11.441,1788794831.441,6538,23,262,4414.34,4414.42,8.0,PASS_<=10c,+0.0,FLAT,+0.0,-16.0,4.2,+0.00,0.00,SLOW,4414.50,4415.14,4413.13,4414.34,0.00,0.00,0.0,BULLISH,201.0,4414.34,4414.34,4414.34,4414.34,11,ACTIVE_11s,1.0,0.0,0.0,0.0,0.0,0.0,0.0,PASS_<20%,0.00,0.0,NO,STANDBY_VEL_LOW,0,0.00,4590.00,78.36,FALSE,M1_DIRECTION_MISMATCH|OPENING_SHIELD_ACTIVE_11s
2026-09-07 15:27:11.943,1788794831.943,6539,24,263,4414.34,4414.42,8.0,PASS_<=10c,+0.0,FLAT,+0.0,-16.0,4.2,+0.00,0.00,SLOW,4414.50,4415.14,4413.13,4414.34,0.00,0.00,0.0,BULLISH,201.0,4414.34,4414.34,4414.34,4414.34,11,ACTIVE_11s,1.0,0.0,0.0,0.0,0.0,0.0,0.0,PASS_<20%,0.00,0.0,NO,STANDBY_VEL_LOW,0,0.00,4590.00,78.36,FALSE,M1_DIRECTION_MISMATCH|OPENING_SHIELD_ACTIVE_11s
2026-09-07 15:27:12.445,1788794832.445,6540,25,264,4414.34,4414.42,8.0,PASS_<=10c,+0.0,FLAT,+0.0,-16.0,4.2,+0.00,0.00,SLOW,4414.50,4415.14,4413.13,4414.34,0.00,0.00,0.0,BULLISH,201.0,4414.34,4414.34,4414.34,4414.34,12,ACTIVE_12s,1.0,0.0,0.0,0.0,0.0,0.0,0.0,PASS_<20%,0.00,0.0,NO,STANDBY_VEL_LOW,0,0.00,4590.00,78.36,FALSE,M1_DIRECTION_MISMATCH|OPENING_SHIELD_ACTIVE_12s
2026-09-07 15:27:12.948,1788794832.948,6541,26,265,4414.34,4414.42,8.0,PASS_<=10c,+0.0,FLAT,+0.0,-16.0,4.2,+0.00,0.00,SLOW,4414.50,4415.14,4413.13,4414.34,0.00,0.00,0.0,BULLISH,201.0,4414.34,4414.34,4414.34,4414.34,12,ACTIVE_12s,1.0,0.0,0.0,0.0,0.0,0.0,0.0,PASS_<20%,0.00,0.0,NO,STANDBY_VEL_LOW,0,0.00,4590.00,78.36,FALSE,M1_DIRECTION_MISMATCH|OPENING_SHIELD_ACTIVE_12s
2026-09-07 15:27:13.450,1788794833.450,6542,27,266,4414.34,4414.42,8.0,PASS_<=10c,+0.0,FLAT,+0.0,-16.0,4.2,+0.00,0.00,SLOW,4414.50,4415.14,4413.13,4414.34,0.00,0.00,0.0,BULLISH,201.0,4414.34,4414.34,4414.34,4414.34,13,ACTIVE_13s,1.0,0.0,0.0,0.0,0.0,0.0,0.0,PASS_<20%,0.00,0.0,NO,STANDBY_VEL_LOW,0,0.00,4590.00,78.36,FALSE,M1_DIRECTION_MISMATCH|OPENING_SHIELD_ACTIVE_13s
2026-09-07 15:27:13.952,1788794833.952,6543,28,267,4414.34,4414.42,8.0,PASS_<=10c,+0.0,FLAT,+0.0,-16.0,4.2,+0.00,0.00,SLOW,4414.50,4415.14,4413.13,4414.34,0.00,0.00,0.0,BULLISH,201.0,4414.34,4414.34,4414.34,4414.34,13,ACTIVE_13s,1.0,0.0,0.0,0.0,0.0,0.0,0.0,PASS_<20%,0.00,0.0,NO,STANDBY_VEL_LOW,0,0.00,4590.00,78.36,FALSE,M1_DIRECTION_MISMATCH|OPENING_SHIELD_ACTIVE_13s
2026-09-07 15:27:14.453,1788794834.453,6544,29,268,4414.34,4414.42,8.0,PASS_<=10c,+0.0,FLAT,+0.0,-16.0,4.2,+0.00,0.00,SLOW,4414.50,4415.14,4413.13,4414.34,0.00,0.00,0.0,BULLISH,201.0,4414.34,4414.34,4414.34,4414.34,14,ACTIVE_14s,1.0,0.0,0.0,0.0,0.0,0.0,0.0,PASS_<20%,0.00,0.0,NO,STANDBY_VEL_LOW,0,0.00,4590.00,78.36,FALSE,M1_DIRECTION_MISMATCH|OPENING_SHIELD_ACTIVE_14s
2026-09-07 15:27:14.955,1788794834.955,6545,30,269,4414.34,4414.42,8.0,PASS_<=10c,+0.0,FLAT,+0.0,-16.0,4.2,+0.00,0.00,SLOW,4414.50,4415.14,4413.13,4414.34,0.00,0.00,0.0,BULLISH,201.0,4414.34,4414.34,4414.34,4414.34,14,ACTIVE_14s,1.0,0.0,0.0,0.0,0.0,0.0,0.0,PASS_<20%,0.00,0.0,NO,STANDBY_VEL_LOW,0,0.00,4590.00,78.36,FALSE,M1_DIRECTION_MISMATCH|OPENING_SHIELD_ACTIVE_14s
2026-09-07 15:27:15.457,1788794835.458,6546,31,270,4414.34,4414.42,8.0,PASS_<=10c,+0.0,FLAT,+0.0,-16.0,4.2,+0.00,0.00,SLOW,4414.50,4415.14,4413.13,4414.34,0.00,0.00,0.0,BULLISH,201.0,4414.34,4414.34,4414.34,4414.34,15,ACTIVE_15s,1.0,0.0,0.0,0.0,0.0,0.0,0.0,PASS_<20%,0.00,0.0,NO,STANDBY_VEL_LOW,0,0.00,4590.00,78.36,FALSE,M1_DIRECTION_MISMATCH|OPENING_SHIELD_ACTIVE_15s
2026-09-07 15:27:15.960,1788794835.960,6547,32,271,4414.34,4414.42,8.0,PASS_<=10c,+0.0,FLAT,+0.0,-16.0,4.2,+0.00,0.00,SLOW,4414.50,4415.14,4413.13,4414.34,0.00,0.00,0.0,BULLISH,201.0,4414.34,4414.34,4414.34,4414.34,15,ACTIVE_15s,1.0,0.0,0.0,0.0,0.0,0.0,0.0,PASS_<20%,0.00,0.0,NO,STANDBY_VEL_LOW,0,0.00,4590.00,78.36,FALSE,M1_DIRECTION_MISMATCH|OPENING_SHIELD_ACTIVE_15s
2026-09-07 15:27:16.461,1788794836.462,6548,33,272,4414.34,4414.42,8.0,PASS_<=10c,+0.0,FLAT,+0.0,-16.0,4.2,+0.00,0.00,SLOW,4414.50,4415.14,4413.13,4414.34,0.00,0.00,0.0,BULLISH,201.0,4414.34,4414.34,4414.34,4414.34,16,ACTIVE_16s,1.0,0.0,0.0,0.0,0.0,0.0,0.0,PASS_<20%,0.00,0.0,NO,STANDBY_VEL_LOW,0,0.00,4590.00,78.36,FALSE,M1_DIRECTION_MISMATCH|OPENING_SHIELD_ACTIVE_16s
2026-09-07 15:27:16.963,1788794836.964,6549,34,273,4414.34,4414.42,8.0,PASS_<=10c,+0.0,FLAT,+0.0,-16.0,4.2,+0.00,0.00,SLOW,4414.50,4415.14,4413.13,4414.34,0.00,0.00,0.0,BULLISH,201.0,4414.34,4414.34,4414.34,4414.34,16,ACTIVE_16s,1.0,0.0,0.0,0.0,0.0,0.0,0.0,PASS_<20%,0.00,0.0,NO,STANDBY_VEL_LOW,0,0.00,4590.00,78.36,FALSE,M1_DIRECTION_MISMATCH|OPENING_SHIELD_ACTIVE_16s
2026-09-07 15:27:17.465,1788794837.465,6550,35,274,4414.34,4414.42,8.0,PASS_<=10c,+0.0,FLAT,+0.0,-16.0,4.2,+0.00,0.00,SLOW,4414.50,4415.14,4413.13,4414.34,0.00,0.00,0.0,BULLISH,201.0,4414.34,4414.34,4414.34,4414.34,17,ACTIVE_17s,1.0,0.0,0.0,0.0,0.0,0.0,0.0,PASS_<20%,0.00,0.0,NO,STANDBY_VEL_LOW,0,0.00,4590.00,78.36,FALSE,M1_DIRECTION_MISMATCH|OPENING_SHIELD_ACTIVE_17s
2026-09-07 15:27:17.967,1788794837.967,6551,36,275,4414.34,4414.42,8.0,PASS_<=10c,+0.0,FLAT,+0.0,-16.0,4.2,+0.00,0.00,SLOW,4414.50,4415.14,4413.13,4414.34,0.00,0.00,0.0,BULLISH,201.0,4414.34,4414.34,4414.34,4414.34,17,ACTIVE_17s,1.0,0.0,0.0,0.0,0.0,0.0,0.0,PASS_<20%,0.00,0.0,NO,STANDBY_VEL_LOW,0,0.00,4590.00,78.36,FALSE,M1_DIRECTION_MISMATCH|OPENING_SHIELD_ACTIVE_17s
2026-09-07 15:27:18.469,1788794838.469,6552,37,276,4414.34,4414.42,8.0,PASS_<=10c,+0.0,FLAT,+0.0,-16.0,4.2,+0.00,0.00,SLOW,4414.50,4415.14,4413.13,4414.34,0.00,0.00,0.0,BULLISH,201.0,4414.34,4414.34,4414.34,4414.34,18,ACTIVE_18s,1.0,0.0,0.0,0.0,0.0,0.0,0.0,PASS_<20%,0.00,0.0,NO,STANDBY_VEL_LOW,0,0.00,4590.00,78.36,FALSE,M1_DIRECTION_MISMATCH|OPENING_SHIELD_ACTIVE_18s
2026-09-07 15:27:18.971,1788794838.971,6553,38,277,4414.34,4414.42,8.0,PASS_<=10c,+0.0,FLAT,+0.0,-16.0,4.2,+0.00,0.00,SLOW,4414.50,4415.14,4413.13,4414.34,0.00,0.00,0.0,BULLISH,201.0,4414.34,4414.34,4414.34,4414.34,18,ACTIVE_18s,1.0,0.0,0.0,0.0,0.0,0.0,0.0,PASS_<20%,0.00,0.0,NO,STANDBY_VEL_LOW,0,0.00,4590.00,78.36,FALSE,M1_DIRECTION_MISMATCH|OPENING_SHIELD_ACTIVE_18s
2026-09-07 15:27:19.473,1788794839.473,6554,39,278,4414.34,4414.42,8.0,PASS_<=10c,+0.0,FLAT,+0.0,-16.0,4.2,+0.00,0.00,SLOW,4414.50,4415.14,4413.13,4414.34,0.00,0.00,0.0,BULLISH,201.0,4414.34,4414.34,4414.34,4414.34,19,ACTIVE_19s,1.0,0.0,0.0,0.0,0.0,0.0,0.0,PASS_<20%,0.00,0.0,NO,STANDBY_VEL_LOW,0,0.00,4590.00,78.36,FALSE,M1_DIRECTION_MISMATCH|OPENING_SHIELD_ACTIVE_19s
2026-09-07 15:27:19.974,1788794839.975,6555,40,279,4414.34,4414.42,8.0,PASS_<=10c,+0.0,FLAT,+0.0,-16.0,4.2,+0.00,0.00,SLOW,4414.50,4415.14,4413.13,4414.34,0.00,0.00,0.0,BULLISH,201.0,4414.34,4414.34,4414.34,4414.34,19,ACTIVE_19s,1.0,0.0,0.0,0.0,0.0,0.0,0.0,PASS_<20%,0.00,0.0,NO,STANDBY_VEL_LOW,0,0.00,4590.00,78.36,FALSE,M1_DIRECTION_MISMATCH|OPENING_SHIELD_ACTIVE_19s
2026-09-07 15:27:20.475,1788794840.476,6556,41,280,4414.34,4414.42,8.0,PASS_<=10c,+0.0,FLAT,+0.0,-16.0,4.2,+0.00,0.00,SLOW,4414.50,4415.14,4413.13,4414.34,0.00,0.00,0.0,BULLISH,201.0,4414.34,4414.34,4414.34,4414.34,20,CLEARED_>=20s,1.0,0.0,0.0,0.0,0.0,0.0,0.0,PASS_<20%,0.00,0.0,NO,STANDBY_VEL_LOW,0,0.00,4590.00,78.36,FALSE,M1_DIRECTION_MISMATCH
2026-09-07 15:27:20.977,1788794840.978,6557,42,281,4414.34,4414.42,8.0,PASS_<=10c,+0.0,FLAT,+0.0,-16.0,4.2,+0.00,0.00,SLOW,4414.50,4415.14,4413.13,4414.34,0.00,0.00,0.0,BULLISH,201.0,4414.34,4414.34,4414.34,4414.34,20,CLEARED_>=20s,1.0,0.0,0.0,0.0,0.0,0.0,0.0,PASS_<20%,0.00,0.0,NO,STANDBY_VEL_LOW,0,0.00,4590.00,78.36,FALSE,M1_DIRECTION_MISMATCH
2026-09-07 15:27:21.479,1788794841.480,6558,43,282,4414.34,4414.42,8.0,PASS_<=10c,+0.0,FLAT,+0.0,-16.0,4.2,+0.00,0.00,SLOW,4414.50,4415.14,4413.13,4414.34,0.00,0.00,0.0,BULLISH,201.0,4414.34,4414.34,4414.34,4414.34,21,CLEARED_>=20s,1.0,0.0,0.0,0.0,0.0,0.0,0.0,PASS_<20%,0.00,0.0,NO,STANDBY_VEL_LOW,0,0.00,4590.00,78.36,FALSE,M1_DIRECTION_MISMATCH
2026-09-07 15:27:21.981,1788794841.982,6559,44,283,4414.34,4414.42,8.0,PASS_<=10c,+0.0,FLAT,+0.0,-16.0,4.2,+0.00,0.00,SLOW,4414.50,4415.14,4413.13,4414.34,0.00,0.00,0.0,BULLISH,201.0,4414.34,4414.34,4414.34,4414.34,21,CLEARED_>=20s,1.0,0.0,0.0,0.0,0.0,0.0,0.0,PASS_<20%,0.00,0.0,NO,STANDBY_VEL_LOW,0,0.00,4590.00,78.36,FALSE,M1_DIRECTION_MISMATCH
2026-09-07 15:27:22.483,1788794842.483,6560,45,284,4414.34,4414.42,8.0,PASS_<=10c,+0.0,FLAT,+0.0,-16.0,4.2,+0.00,0.00,SLOW,4414.50,4415.14,4413.13,4414.34,0.00,0.00,0.0,BULLISH,201.0,4414.34,4414.34,4414.34,4414.34,22,CLEARED_>=20s,1.0,0.0,0.0,0.0,0.0,0.0,0.0,PASS_<20%,0.00,0.0,NO,STANDBY_VEL_LOW,0,0.00,4590.00,78.36,FALSE,M1_DIRECTION_MISMATCH
2026-09-07 15:27:22.984,1788794842.984,6561,46,285,4414.34,4414.42,8.0,PASS_<=10c,+0.0,FLAT,+0.0,-16.0,4.2,+0.00,0.00,SLOW,4414.50,4415.14,4413.13,4414.34,0.00,0.00,0.0,BULLISH,201.0,4414.34,4414.34,4414.34,4414.34,22,CLEARED_>=20s,1.0,0.0,0.0,0.0,0.0,0.0,0.0,PASS_<20%,0.00,0.0,NO,STANDBY_VEL_LOW,0,0.00,4590.00,78.36,FALSE,M1_DIRECTION_MISMATCH
2026-09-07 15:27:23.486,1788794843.487,6562,47,286,4414.34,4414.42,8.0,PASS_<=10c,+0.0,FLAT,+0.0,-16.0,4.2,+0.00,0.00,SLOW,4414.50,4415.14,4413.13,4414.34,0.00,0.00,0.0,BULLISH,201.0,4414.34,4414.34,4414.34,4414.34,23,CLEARED_>=20s,1.0,0.0,0.0,0.0,0.0,0.0,0.0,PASS_<20%,0.00,0.0,NO,STANDBY_VEL_LOW,0,0.00,4590.00,78.36,FALSE,M1_DIRECTION_MISMATCH
2026-09-07 15:27:23.988,1788794843.988,6563,48,287,4414.34,4414.42,8.0,PASS_<=10c,+0.0,FLAT,+0.0,-16.0,4.2,+0.00,0.00,SLOW,4414.50,4415.14,4413.13,4414.34,0.00,0.00,0.0,BULLISH,201.0,4414.34,4414.34,4414.34,4414.34,23,CLEARED_>=20s,1.0,0.0,0.0,0.0,0.0,0.0,0.0,PASS_<20%,0.00,0.0,NO,STANDBY_VEL_LOW,0,0.00,4590.00,78.36,FALSE,M1_DIRECTION_MISMATCH
2026-09-07 15:27:24.490,1788794844.490,6564,49,288,4414.34,4414.42,8.0,PASS_<=10c,+0.0,FLAT,+0.0,-16.0,4.2,+0.00,0.00,SLOW,4414.50,4415.14,4413.13,4414.34,0.00,0.00,0.0,BULLISH,201.0,4414.34,4414.34,4414.34,4414.34,24,CLEARED_>=20s,1.0,0.0,0.0,0.0,0.0,0.0,0.0,PASS_<20%,0.00,0.0,NO,STANDBY_VEL_LOW,0,0.00,4590.00,78.36,FALSE,M1_DIRECTION_MISMATCH
2026-09-07 15:27:24.991,1788794844.992,6565,50,289,4414.34,4414.42,8.0,PASS_<=10c,+0.0,FLAT,+0.0,-16.0,4.2,+0.00,0.00,SLOW,4414.50,4415.14,4413.13,4414.34,0.00,0.00,0.0,BULLISH,201.0,4414.34,4414.34,4414.34,4414.34,24,CLEARED_>=20s,1.0,0.0,0.0,0.0,0.0,0.0,0.0,PASS_<20%,0.00,0.0,NO,STANDBY_VEL_LOW,0,0.00,4590.00,78.36,FALSE,M1_DIRECTION_MISMATCH
2026-09-07 15:27:25.493,1788794845.494,6566,51,290,4414.34,4414.42,8.0,PASS_<=10c,+0.0,FLAT,+0.0,-16.0,4.2,+0.00,0.00,SLOW,4414.50,4415.14,4413.13,4414.34,0.00,0.00,0.0,BULLISH,201.0,4414.34,4414.34,4414.34,4414.34,25,CLEARED_>=20s,1.0,0.0,0.0,0.0,0.0,0.0,0.0,PASS_<20%,0.00,0.0,NO,STANDBY_VEL_LOW,0,0.00,4590.00,78.36,FALSE,M1_DIRECTION_MISMATCH
2026-09-07 15:27:25.995,1788794845.996,6567,52,291,4414.34,4414.42,8.0,PASS_<=10c,+0.0,FLAT,+0.0,-16.0,4.2,+0.00,0.00,SLOW,4414.50,4415.14,4413.13,4414.34,0.00,0.00,0.0,BULLISH,201.0,4414.34,4414.34,4414.34,4414.34,25,CLEARED_>=20s,1.0,0.0,0.0,0.0,0.0,0.0,0.0,PASS_<20%,0.00,0.0,NO,STANDBY_VEL_LOW,0,0.00,4590.00,78.36,FALSE,M1_DIRECTION_MISMATCH
2026-09-07 15:27:26.497,1788794846.498,6568,53,292,4414.34,4414.42,8.0,PASS_<=10c,+0.0,FLAT,+0.0,-16.0,4.2,+0.00,0.00,SLOW,4414.50,4415.14,4413.13,4414.34,0.00,0.00,0.0,BULLISH,201.0,4414.34,4414.34,4414.34,4414.34,26,CLEARED_>=20s,1.0,0.0,0.0,0.0,0.0,0.0,0.0,PASS_<20%,0.00,0.0,NO,STANDBY_VEL_LOW,0,0.00,4590.00,78.36,FALSE,M1_DIRECTION_MISMATCH
2026-09-07 15:27:26.999,1788794846.999,6569,54,293,4414.34,4414.42,8.0,PASS_<=10c,+0.0,FLAT,+0.0,-16.0,4.2,+0.00,0.00,SLOW,4414.50,4415.14,4413.13,4414.34,0.00,0.00,0.0,BULLISH,201.0,4414.34,4414.34,4414.34,4414.34,26,CLEARED_>=20s,1.0,0.0,0.0,0.0,0.0,0.0,0.0,PASS_<20%,0.00,0.0,NO,STANDBY_VEL_LOW,0,0.00,4590.00,78.36,FALSE,M1_DIRECTION_MISMATCH
2026-09-07 15:27:27.502,1788794847.502,6570,55,294,4414.34,4414.42,8.0,PASS_<=10c,+0.0,FLAT,+0.0,-16.0,4.2,+0.00,0.00,SLOW,4414.50,4415.14,4413.13,4414.34,0.00,0.00,0.0,BULLISH,201.0,4414.34,4414.34,4414.34,4414.34,27,CLEARED_>=20s,1.0,0.0,0.0,0.0,0.0,0.0,0.0,PASS_<20%,0.00,0.0,NO,STANDBY_VEL_LOW,0,0.00,4590.00,78.36,FALSE,M1_DIRECTION_MISMATCH
2026-09-07 15:27:28.003,1788794848.003,6571,56,295,4414.34,4414.42,8.0,PASS_<=10c,+0.0,FLAT,+0.0,-16.0,4.2,+0.00,0.00,SLOW,4414.50,4415.14,4413.13,4414.34,0.00,0.00,0.0,BULLISH,201.0,4414.34,4414.34,4414.34,4414.34,28,CLEARED_>=20s,1.0,0.0,0.0,0.0,0.0,0.0,0.0,PASS_<20%,0.00,0.0,NO,STANDBY_VEL_LOW,0,0.00,4590.00,78.36,FALSE,M1_DIRECTION_MISMATCH
2026-09-07 15:27:28.504,1788794848.505,6572,57,296,4414.34,4414.42,8.0,PASS_<=10c,+0.0,FLAT,+0.0,-16.0,4.2,+0.00,0.00,SLOW,4414.50,4415.14,4413.13,4414.34,0.00,0.00,0.0,BULLISH,201.0,4414.34,4414.34,4414.34,4414.34,28,CLEARED_>=20s,1.0,0.0,0.0,0.0,0.0,0.0,0.0,PASS_<20%,0.00,0.0,NO,STANDBY_VEL_LOW,0,0.00,4590.00,78.36,FALSE,M1_DIRECTION_MISMATCH
2026-09-07 15:27:29.006,1788794849.006,6573,58,297,4414.34,4414.42,8.0,PASS_<=10c,+0.0,FLAT,+0.0,-16.0,4.2,+0.00,0.00,SLOW,4414.50,4415.14,4413.13,4414.34,0.00,0.00,0.0,BULLISH,201.0,4414.34,4414.34,4414.34,4414.34,29,CLEARED_>=20s,1.0,0.0,0.0,0.0,0.0,0.0,0.0,PASS_<20%,0.00,0.0,NO,STANDBY_VEL_LOW,0,0.00,4590.00,78.36,FALSE,M1_DIRECTION_MISMATCH
2026-09-07 15:27:29.507,1788794849.508,6574,59,298,4414.34,4414.42,8.0,PASS_<=10c,+0.0,FLAT,+0.0,-16.0,4.2,+0.00,0.00,SLOW,4414.50,4415.14,4413.13,4414.34,0.00,0.00,0.0,BULLISH,201.0,4414.34,4414.34,4414.34,4414.34,29,CLEARED_>=20s,1.0,0.0,0.0,0.0,0.0,0.0,0.0,PASS_<20%,0.00,0.0,NO,STANDBY_VEL_LOW,0,0.00,4590.00,78.36,FALSE,M1_DIRECTION_MISMATCH
2026-09-07 15:27:30.008,1788794850.009,6575,60,299,4414.34,4414.42,8.0,PASS_<=10c,+0.0,FLAT,+0.0,-16.0,4.2,+0.00,0.00,SLOW,4414.50,4415.14,4413.13,4414.34,0.00,0.00,0.0,BULLISH,201.0,4414.34,4414.34,4414.34,4414.34,30,CLEARED_>=20s,1.0,0.0,0.0,0.0,0.0,0.0,0.0,PASS_<20%,0.00,0.0,NO,STANDBY_VEL_LOW,0,0.00,4590.00,78.36,FALSE,M1_DIRECTION_MISMATCH
2026-09-07 15:27:30.510,1788794850.510,6576,61,300,4414.34,4414.42,8.0,PASS_<=10c,+0.0,FLAT,+0.0,-16.0,4.2,+0.00,0.00,SLOW,4414.50,4415.14,4413.13,4414.34,0.00,0.00,0.0,BULLISH,201.0,4414.34,4414.34,4414.34,4414.34,30,CLEARED_>=20s,1.0,0.0,0.0,0.0,0.0,0.0,0.0,PASS_<20%,0.00,0.0,NO,STANDBY_VEL_LOW,0,0.00,4590.00,78.36,FALSE,M1_DIRECTION_MISMATCH
2026-09-07 15:27:31.011,1788794851.012,6577,62,301,4414.34,4414.42,8.0,PASS_<=10c,+0.0,FLAT,+0.0,-16.0,4.2,+0.00,0.00,SLOW,4414.50,4415.14,4413.13,4414.34,0.00,0.00,0.0,BULLISH,201.0,4414.34,4414.34,4414.34,4414.34,31,CLEARED_>=20s,1.0,0.0,0.0,0.0,0.0,0.0,0.0,PASS_<20%,0.00,0.0,NO,STANDBY_VEL_LOW,0,0.00,4590.00,78.36,FALSE,M1_DIRECTION_MISMATCH
2026-09-07 15:27:31.513,1788794851.514,6578,63,302,4414.34,4414.42,8.0,PASS_<=10c,+0.0,FLAT,+0.0,-16.0,4.2,+0.00,0.00,SLOW,4414.50,4415.14,4413.13,4414.34,0.00,0.00,0.0,BULLISH,201.0,4414.34,4414.34,4414.34,4414.34,31,CLEARED_>=20s,1.0,0.0,0.0,0.0,0.0,0.0,0.0,PASS_<20%,0.00,0.0,NO,STANDBY_VEL_LOW,0,0.00,4590.00,78.36,FALSE,M1_DIRECTION_MISMATCH
2026-09-07 15:27:32.015,1788794852.015,6579,64,303,4414.34,4414.42,8.0,PASS_<=10c,+0.0,FLAT,+0.0,-16.0,4.2,+0.00,0.00,SLOW,4414.50,4415.14,4413.13,4414.34,0.00,0.00,0.0,BULLISH,201.0,4414.34,4414.34,4414.34,4414.34,32,CLEARED_>=20s,1.0,0.0,0.0,0.0,0.0,0.0,0.0,PASS_<20%,0.00,0.0,NO,STANDBY_VEL_LOW,0,0.00,4590.00,78.36,FALSE,M1_DIRECTION_MISMATCH
2026-09-07 15:27:32.517,1788794852.517,6580,65,304,4414.34,4414.42,8.0,PASS_<=10c,+0.0,FLAT,+0.0,-16.0,4.2,+0.00,0.00,SLOW,4414.50,4415.14,4413.13,4414.34,0.00,0.00,0.0,BULLISH,201.0,4414.34,4414.34,4414.34,4414.34,32,CLEARED_>=20s,1.0,0.0,0.0,0.0,0.0,0.0,0.0,PASS_<20%,0.00,0.0,NO,STANDBY_VEL_LOW,0,0.00,4590.00,78.36,FALSE,M1_DIRECTION_MISMATCH
2026-09-07 15:27:33.019,1788794853.019,6581,66,305,4414.34,4414.42,8.0,PASS_<=10c,+0.0,FLAT,+0.0,-16.0,4.2,+0.00,0.00,SLOW,4414.50,4415.14,4413.13,4414.34,0.00,0.00,0.0,BULLISH,201.0,4414.34,4414.34,4414.34,4414.34,33,CLEARED_>=20s,1.0,0.0,0.0,0.0,0.0,0.0,0.0,PASS_<20%,0.00,0.0,NO,STANDBY_VEL_LOW,0,0.00,4590.00,78.36,FALSE,M1_DIRECTION_MISMATCH
2026-09-07 15:27:33.521,1788794853.521,6582,67,306,4414.34,4414.42,8.0,PASS_<=10c,+0.0,FLAT,+0.0,-16.0,4.2,+0.00,0.00,SLOW,4414.50,4415.14,4413.13,4414.34,0.00,0.00,0.0,BULLISH,201.0,4414.34,4414.34,4414.34,4414.34,33,CLEARED_>=20s,1.0,0.0,0.0,0.0,0.0,0.0,0.0,PASS_<20%,0.00,0.0,NO,STANDBY_VEL_LOW,0,0.00,4590.00,78.36,FALSE,M1_DIRECTION_MISMATCH
2026-09-07 15:27:34.023,1788794854.023,6583,68,307,4414.34,4414.42,8.0,PASS_<=10c,+0.0,FLAT,+0.0,-16.0,4.2,+0.00,0.00,SLOW,4414.50,4415.14,4413.13,4414.34,0.00,0.00,0.0,BULLISH,201.0,4414.34,4414.34,4414.34,4414.34,34,CLEARED_>=20s,1.0,0.0,0.0,0.0,0.0,0.0,0.0,PASS_<20%,0.00,0.0,NO,STANDBY_VEL_LOW,0,0.00,4590.00,78.36,FALSE,M1_DIRECTION_MISMATCH
2026-09-07 15:27:34.525,1788794854.526,6584,69,308,4414.34,4414.42,8.0,PASS_<=10c,+0.0,FLAT,+0.0,-16.0,4.2,+0.00,0.00,SLOW,4414.50,4415.14,4413.13,4414.34,0.00,0.00,0.0,BULLISH,201.0,4414.34,4414.34,4414.34,4414.34,34,CLEARED_>=20s,1.0,0.0,0.0,0.0,0.0,0.0,0.0,PASS_<20%,0.00,0.0,NO,STANDBY_VEL_LOW,0,0.00,4590.00,78.36,FALSE,M1_DIRECTION_MISMATCH
2026-09-07 15:27:35.027,1788794855.028,6585,70,309,4414.34,4414.42,8.0,PASS_<=10c,+0.0,FLAT,+0.0,-16.0,4.2,+0.00,0.00,SLOW,4414.50,4415.14,4413.13,4414.34,0.00,0.00,0.0,BULLISH,201.0,4414.34,4414.34,4414.34,4414.34,35,CLEARED_>=20s,1.0,0.0,0.0,0.0,0.0,0.0,0.0,PASS_<20%,0.00,0.0,NO,STANDBY_VEL_LOW,0,0.00,4590.00,78.36,FALSE,M1_DIRECTION_MISMATCH
2026-09-07 15:27:35.529,1788794855.529,6586,71,310,4414.34,4414.42,8.0,PASS_<=10c,+0.0,FLAT,+0.0,-16.0,4.2,+0.00,0.00,SLOW,4414.50,4415.14,4413.13,4414.34,0.00,0.00,0.0,BULLISH,201.0,4414.34,4414.34,4414.34,4414.34,35,CLEARED_>=20s,1.0,0.0,0.0,0.0,0.0,0.0,0.0,PASS_<20%,0.00,0.0,NO,STANDBY_VEL_LOW,0,0.00,4590.00,78.36,FALSE,M1_DIRECTION_MISMATCH
2026-09-07 15:27:36.031,1788794856.032,6587,72,311,4414.34,4414.42,8.0,PASS_<=10c,+0.0,FLAT,+0.0,-16.0,4.2,+0.00,0.00,SLOW,4414.50,4415.14,4413.13,4414.34,0.00,0.00,0.0,BULLISH,201.0,4414.34,4414.34,4414.34,4414.34,36,CLEARED_>=20s,1.0,0.0,0.0,0.0,0.0,0.0,0.0,PASS_<20%,0.00,0.0,NO,STANDBY_VEL_LOW,0,0.00,4590.00,78.36,FALSE,M1_DIRECTION_MISMATCH
2026-09-07 15:27:36.534,1788794856.534,6588,73,312,4414.34,4414.42,8.0,PASS_<=10c,+0.0,FLAT,+0.0,-16.0,4.2,+0.00,0.00,SLOW,4414.50,4415.14,4413.13,4414.34,0.00,0.00,0.0,BULLISH,201.0,4414.34,4414.34,4414.34,4414.34,36,CLEARED_>=20s,1.0,0.0,0.0,0.0,0.0,0.0,0.0,PASS_<20%,0.00,0.0,NO,STANDBY_VEL_LOW,0,0.00,4590.00,78.36,FALSE,M1_DIRECTION_MISMATCH
2026-09-07 15:27:37.034,1788794857.035,6589,74,313,4414.34,4414.42,8.0,PASS_<=10c,+0.0,FLAT,+0.0,-16.0,4.2,+0.00,0.00,SLOW,4414.50,4415.14,4413.13,4414.34,0.00,0.00,0.0,BULLISH,201.0,4414.34,4414.34,4414.34,4414.34,37,CLEARED_>=20s,1.0,0.0,0.0,0.0,0.0,0.0,0.0,PASS_<20%,0.00,0.0,NO,STANDBY_VEL_LOW,0,0.00,4590.00,78.36,FALSE,M1_DIRECTION_MISMATCH
2026-09-07 15:27:37.536,1788794857.536,6590,75,314,4414.34,4414.42,8.0,PASS_<=10c,+0.0,FLAT,+0.0,-16.0,4.2,+0.00,0.00,SLOW,4414.50,4415.14,4413.13,4414.34,0.00,0.00,0.0,BULLISH,201.0,4414.34,4414.34,4414.34,4414.34,37,CLEARED_>=20s,1.0,0.0,0.0,0.0,0.0,0.0,0.0,PASS_<20%,0.00,0.0,NO,STANDBY_VEL_LOW,0,0.00,4590.00,78.36,FALSE,M1_DIRECTION_MISMATCH
2026-09-07 15:27:38.038,1788794858.038,6591,76,315,4414.34,4414.42,8.0,PASS_<=10c,+0.0,FLAT,+0.0,-16.0,4.2,+0.00,0.00,SLOW,4414.50,4415.14,4413.13,4414.34,0.00,0.00,0.0,BULLISH,201.0,4414.34,4414.34,4414.34,4414.34,38,CLEARED_>=20s,1.0,0.0,0.0,0.0,0.0,0.0,0.0,PASS_<20%,0.00,0.0,NO,STANDBY_VEL_LOW,0,0.00,4590.00,78.36,FALSE,M1_DIRECTION_MISMATCH
2026-09-07 15:27:38.540,1788794858.541,6592,77,316,4414.34,4414.42,8.0,PASS_<=10c,+0.0,FLAT,+0.0,-16.0,4.2,+0.00,0.00,SLOW,4414.50,4415.14,4413.13,4414.34,0.00,0.00,0.0,BULLISH,201.0,4414.34,4414.34,4414.34,4414.34,38,CLEARED_>=20s,1.0,0.0,0.0,0.0,0.0,0.0,0.0,PASS_<20%,0.00,0.0,NO,STANDBY_VEL_LOW,0,0.00,4590.00,78.36,FALSE,M1_DIRECTION_MISMATCH
2026-09-07 15:27:39.041,1788794859.042,6593,78,317,4414.34,4414.42,8.0,PASS_<=10c,+0.0,FLAT,+0.0,-16.0,4.2,+0.00,0.00,SLOW,4414.50,4415.14,4413.13,4414.34,0.00,0.00,0.0,BULLISH,201.0,4414.34,4414.34,4414.34,4414.34,39,CLEARED_>=20s,1.0,0.0,0.0,0.0,0.0,0.0,0.0,PASS_<20%,0.00,0.0,NO,STANDBY_VEL_LOW,0,0.00,4590.00,78.36,FALSE,M1_DIRECTION_MISMATCH
2026-09-07 15:27:39.543,1788794859.543,6594,79,318,4414.34,4414.42,8.0,PASS_<=10c,+0.0,FLAT,+0.0,-16.0,4.2,+0.00,0.00,SLOW,4414.50,4415.14,4413.13,4414.34,0.00,0.00,0.0,BULLISH,201.0,4414.34,4414.34,4414.34,4414.34,39,CLEARED_>=20s,1.0,0.0,0.0,0.0,0.0,0.0,0.0,PASS_<20%,0.00,0.0,NO,STANDBY_VEL_LOW,0,0.00,4590.00,78.36,FALSE,M1_DIRECTION_MISMATCH
2026-09-07 15:27:40.044,1788794860.044,6595,80,319,4414.34,4414.42,8.0,PASS_<=10c,+0.0,FLAT,+0.0,-16.0,4.2,+0.00,0.00,SLOW,4414.50,4415.14,4413.13,4414.34,0.00,0.00,0.0,BULLISH,201.0,4414.34,4414.34,4414.34,4414.34,40,CLEARED_>=20s,1.0,0.0,0.0,0.0,0.0,0.0,0.0,PASS_<20%,0.00,0.0,NO,STANDBY_VEL_LOW,0,0.00,4590.00,78.36,FALSE,M1_DIRECTION_MISMATCH
2026-09-07 15:27:40.545,1788794860.546,6596,81,320,4414.34,4414.42,8.0,PASS_<=10c,+0.0,FLAT,+0.0,-16.0,4.2,+0.00,0.00,SLOW,4414.50,4415.14,4413.13,4414.34,0.00,0.00,0.0,BULLISH,201.0,4414.34,4414.34,4414.34,4414.34,40,CLEARED_>=20s,1.0,0.0,0.0,0.0,0.0,0.0,0.0,PASS_<20%,0.00,0.0,NO,STANDBY_VEL_LOW,0,0.00,4590.00,78.36,FALSE,M1_DIRECTION_MISMATCH
2026-09-07 15:27:41.047,1788794861.047,6597,82,321,4414.34,4414.42,8.0,PASS_<=10c,+0.0,FLAT,+0.0,-16.0,4.2,+0.00,0.00,SLOW,4414.50,4415.14,4413.13,4414.34,0.00,0.00,0.0,BULLISH,201.0,4414.34,4414.34,4414.34,4414.34,41,CLEARED_>=20s,1.0,0.0,0.0,0.0,0.0,0.0,0.0,PASS_<20%,0.00,0.0,NO,STANDBY_VEL_LOW,0,0.00,4590.00,78.36,FALSE,M1_DIRECTION_MISMATCH
2026-09-07 15:27:41.549,1788794861.549,6598,83,322,4414.34,4414.42,8.0,PASS_<=10c,+0.0,FLAT,+0.0,-16.0,4.2,+0.00,0.00,SLOW,4414.50,4415.14,4413.13,4414.34,0.00,0.00,0.0,BULLISH,201.0,4414.34,4414.34,4414.34,4414.34,41,CLEARED_>=20s,1.0,0.0,0.0,0.0,0.0,0.0,0.0,PASS_<20%,0.00,0.0,NO,STANDBY_VEL_LOW,0,0.00,4590.00,78.36,FALSE,M1_DIRECTION_MISMATCH
2026-09-07 15:27:42.051,1788794862.051,6599,84,323,4414.34,4414.42,8.0,PASS_<=10c,+0.0,FLAT,+0.0,-16.0,4.2,+0.00,0.00,SLOW,4414.50,4415.14,4413.13,4414.34,0.00,0.00,0.0,BULLISH,201.0,4414.34,4414.34,4414.34,4414.34,42,CLEARED_>=20s,1.0,0.0,0.0,0.0,0.0,0.0,0.0,PASS_<20%,0.00,0.0,NO,STANDBY_VEL_LOW,0,0.00,4590.00,78.36,FALSE,M1_DIRECTION_MISMATCH
2026-09-07 15:27:42.556,1788794862.556,6600,85,324,4414.34,4414.42,8.0,PASS_<=10c,+0.0,FLAT,+0.0,-16.0,4.2,+0.00,0.00,SLOW,4414.50,4415.14,4413.13,4414.34,0.00,0.00,0.0,BULLISH,201.0,4414.34,4414.34,4414.34,4414.34,42,CLEARED_>=20s,1.0,0.0,0.0,0.0,0.0,0.0,0.0,PASS_<20%,0.00,0.0,NO,STANDBY_VEL_LOW,0,0.00,4590.00,78.36,FALSE,M1_DIRECTION_MISMATCH
2026-09-07 15:27:43.054,1788794863.055,6601,86,325,4414.34,4414.42,8.0,PASS_<=10c,+0.0,FLAT,+0.0,-16.0,4.2,+0.00,0.00,SLOW,4414.50,4415.14,4413.13,4414.34,0.00,0.00,0.0,BULLISH,201.0,4414.34,4414.34,4414.34,4414.34,43,CLEARED_>=20s,1.0,0.0,0.0,0.0,0.0,0.0,0.0,PASS_<20%,0.00,0.0,NO,STANDBY_VEL_LOW,0,0.00,4590.00,78.36,FALSE,M1_DIRECTION_MISMATCH
2026-09-07 15:27:43.556,1788794863.556,6602,87,326,4414.34,4414.42,8.0,PASS_<=10c,+0.0,FLAT,+0.0,-16.0,4.2,+0.00,0.00,SLOW,4414.50,4415.14,4413.13,4414.34,0.00,0.00,0.0,BULLISH,201.0,4414.34,4414.34,4414.34,4414.34,43,CLEARED_>=20s,1.0,0.0,0.0,0.0,0.0,0.0,0.0,PASS_<20%,0.00,0.0,NO,STANDBY_VEL_LOW,0,0.00,4590.00,78.36,FALSE,M1_DIRECTION_MISMATCH
2026-09-07 15:27:44.057,1788794864.058,6603,88,327,4414.34,4414.42,8.0,PASS_<=10c,+0.0,FLAT,+0.0,-16.0,4.2,+0.00,0.00,SLOW,4414.50,4415.14,4413.13,4414.34,0.00,0.00,0.0,BULLISH,201.0,4414.34,4414.34,4414.34,4414.34,44,CLEARED_>=20s,1.0,0.0,0.0,0.0,0.0,0.0,0.0,PASS_<20%,0.00,0.0,NO,STANDBY_VEL_LOW,0,0.00,4590.00,78.36,FALSE,M1_DIRECTION_MISMATCH
2026-09-07 15:27:44.559,1788794864.560,6604,89,328,4414.34,4414.42,8.0,PASS_<=10c,+0.0,FLAT,+0.0,-16.0,4.2,+0.00,0.00,SLOW,4414.50,4415.14,4413.13,4414.34,0.00,0.00,0.0,BULLISH,201.0,4414.34,4414.34,4414.34,4414.34,44,CLEARED_>=20s,1.0,0.0,0.0,0.0,0.0,0.0,0.0,PASS_<20%,0.00,0.0,NO,STANDBY_VEL_LOW,0,0.00,4590.00,78.36,FALSE,M1_DIRECTION_MISMATCH
2026-09-07 15:27:45.060,1788794865.061,6605,90,329,4414.34,4414.42,8.0,PASS_<=10c,+0.0,FLAT,+0.0,-16.0,4.2,+0.00,0.00,SLOW,4414.50,4415.14,4413.13,4414.34,0.00,0.00,0.0,BULLISH,201.0,4414.34,4414.34,4414.34,4414.34,45,CLEARED_>=20s,1.0,0.0,0.0,0.0,0.0,0.0,0.0,PASS_<20%,0.00,0.0,NO,STANDBY_VEL_LOW,0,0.00,4590.00,78.36,FALSE,M1_DIRECTION_MISMATCH
2026-09-07 15:27:45.563,1788794865.563,6606,91,330,4414.34,4414.42,8.0,PASS_<=10c,+0.0,FLAT,+0.0,-16.0,4.2,+0.00,0.00,SLOW,4414.50,4415.14,4413.13,4414.34,0.00,0.00,0.0,BULLISH,201.0,4414.34,4414.34,4414.34,4414.34,45,CLEARED_>=20s,1.0,0.0,0.0,0.0,0.0,0.0,0.0,PASS_<20%,0.00,0.0,NO,STANDBY_VEL_LOW,0,0.00,4590.00,78.36,FALSE,M1_DIRECTION_MISMATCH
2026-09-07 15:27:46.065,1788794866.065,6607,92,331,4414.34,4414.42,8.0,PASS_<=10c,+0.0,FLAT,+0.0,-16.0,4.2,+0.00,0.00,SLOW,4414.50,4415.14,4413.13,4414.34,0.00,0.00,0.0,BULLISH,201.0,4414.34,4414.34,4414.34,4414.34,46,CLEARED_>=20s,1.0,0.0,0.0,0.0,0.0,0.0,0.0,PASS_<20%,0.00,0.0,NO,STANDBY_VEL_LOW,0,0.00,4590.00,78.36,FALSE,M1_DIRECTION_MISMATCH
2026-09-07 15:27:46.567,1788794866.567,6608,93,332,4414.34,4414.42,8.0,PASS_<=10c,+0.0,FLAT,+0.0,-16.0,4.2,+0.00,0.00,SLOW,4414.50,4415.14,4413.13,4414.34,0.00,0.00,0.0,BULLISH,201.0,4414.34,4414.34,4414.34,4414.34,46,CLEARED_>=20s,1.0,0.0,0.0,0.0,0.0,0.0,0.0,PASS_<20%,0.00,0.0,NO,STANDBY_VEL_LOW,0,0.00,4590.00,78.36,FALSE,M1_DIRECTION_MISMATCH
2026-09-07 15:27:47.068,1788794867.068,6609,94,333,4414.34,4414.42,8.0,PASS_<=10c,+0.0,FLAT,+0.0,-16.0,4.2,+0.00,0.00,SLOW,4414.50,4415.14,4413.13,4414.34,0.00,0.00,0.0,BULLISH,201.0,4414.34,4414.34,4414.34,4414.34,47,CLEARED_>=20s,1.0,0.0,0.0,0.0,0.0,0.0,0.0,PASS_<20%,0.00,0.0,NO,STANDBY_VEL_LOW,0,0.00,4590.00,78.36,FALSE,M1_DIRECTION_MISMATCH
2026-09-07 15:27:47.570,1788794867.570,6610,95,334,4414.34,4414.42,8.0,PASS_<=10c,+0.0,FLAT,+0.0,-16.0,4.2,+0.00,0.00,SLOW,4414.50,4415.14,4413.13,4414.34,0.00,0.00,0.0,BULLISH,201.0,4414.34,4414.34,4414.34,4414.34,47,CLEARED_>=20s,1.0,0.0,0.0,0.0,0.0,0.0,0.0,PASS_<20%,0.00,0.0,NO,STANDBY_VEL_LOW,0,0.00,4590.00,78.36,FALSE,M1_DIRECTION_MISMATCH
2026-09-07 15:27:48.071,1788794868.071,6611,96,335,4414.34,4414.42,8.0,PASS_<=10c,+0.0,FLAT,+0.0,-16.0,4.2,+0.00,0.00,SLOW,4414.50,4415.14,4413.13,4414.34,0.00,0.00,0.0,BULLISH,201.0,4414.34,4414.34,4414.34,4414.34,48,CLEARED_>=20s,1.0,0.0,0.0,0.0,0.0,0.0,0.0,PASS_<20%,0.00,0.0,NO,STANDBY_VEL_LOW,0,0.00,4590.00,78.36,FALSE,M1_DIRECTION_MISMATCH
2026-09-07 15:27:48.573,1788794868.574,6612,97,336,4414.34,4414.42,8.0,PASS_<=10c,+0.0,FLAT,+0.0,-16.0,4.2,+0.00,0.00,SLOW,4414.50,4415.14,4413.13,4414.34,0.00,0.00,0.0,BULLISH,201.0,4414.34,4414.34,4414.34,4414.34,48,CLEARED_>=20s,1.0,0.0,0.0,0.0,0.0,0.0,0.0,PASS_<20%,0.00,0.0,NO,STANDBY_VEL_LOW,0,0.00,4590.00,78.36,FALSE,M1_DIRECTION_MISMATCH
2026-09-07 15:27:49.074,1788794869.075,6613,98,337,4414.34,4414.42,8.0,PASS_<=10c,+0.0,FLAT,+0.0,-16.0,4.2,+0.00,0.00,SLOW,4414.50,4415.14,4413.13,4414.34,0.00,0.00,0.0,BULLISH,201.0,4414.34,4414.34,4414.34,4414.34,49,CLEARED_>=20s,1.0,0.0,0.0,0.0,0.0,0.0,0.0,PASS_<20%,0.00,0.0,NO,STANDBY_VEL_LOW,0,0.00,4590.00,78.36,FALSE,M1_DIRECTION_MISMATCH
2026-09-07 15:27:49.576,1788794869.577,6614,99,338,4414.34,4414.42,8.0,PASS_<=10c,+0.0,FLAT,+0.0,-16.0,4.2,+0.00,0.00,SLOW,4414.50,4415.14,4413.13,4414.34,0.00,0.00,0.0,BULLISH,201.0,4414.34,4414.34,4414.34,4414.34,49,CLEARED_>=20s,1.0,0.0,0.0,0.0,0.0,0.0,0.0,PASS_<20%,0.00,0.0,NO,STANDBY_VEL_LOW,0,0.00,4590.00,78.36,FALSE,M1_DIRECTION_MISMATCH
2026-09-07 15:27:50.078,1788794870.079,6615,100,339,4414.34,4414.42,8.0,PASS_<=10c,+0.0,FLAT,+0.0,-16.0,4.2,+0.00,0.00,SLOW,4414.50,4415.14,4413.13,4414.34,0.00,0.00,0.0,BULLISH,201.0,4414.34,4414.34,4414.34,4414.34,50,CLEARED_>=20s,1.0,0.0,0.0,0.0,0.0,0.0,0.0,PASS_<20%,0.00,0.0,NO,STANDBY_VEL_LOW,0,0.00,4590.00,78.36,FALSE,M1_DIRECTION_MISMATCH
2026-09-07 15:27:50.580,1788794870.580,6616,101,340,4414.34,4414.42,8.0,PASS_<=10c,+0.0,FLAT,+0.0,-16.0,4.2,+0.00,0.00,SLOW,4414.50,4415.14,4413.13,4414.34,0.00,0.00,0.0,BULLISH,201.0,4414.34,4414.34,4414.34,4414.34,50,CLEARED_>=20s,1.0,0.0,0.0,0.0,0.0,0.0,0.0,PASS_<20%,0.00,0.0,NO,STANDBY_VEL_LOW,0,0.00,4590.00,78.36,FALSE,M1_DIRECTION_MISMATCH
2026-09-07 15:27:51.082,1788794871.082,6617,102,341,4414.34,4414.42,8.0,PASS_<=10c,+0.0,FLAT,+0.0,-16.0,4.2,+0.00,0.00,SLOW,4414.50,4415.14,4413.13,4414.34,0.00,0.00,0.0,BULLISH,201.0,4414.34,4414.34,4414.34,4414.34,51,CLEARED_>=20s,1.0,0.0,0.0,0.0,0.0,0.0,0.0,PASS_<20%,0.00,0.0,NO,STANDBY_VEL_LOW,0,0.00,4590.00,78.36,FALSE,M1_DIRECTION_MISMATCH
2026-09-07 15:27:51.583,1788794871.583,6618,103,342,4414.34,4414.42,8.0,PASS_<=10c,+0.0,FLAT,+0.0,-16.0,4.2,+0.00,0.00,SLOW,4414.50,4415.14,4413.13,4414.34,0.00,0.00,0.0,BULLISH,201.0,4414.34,4414.34,4414.34,4414.34,51,CLEARED_>=20s,1.0,0.0,0.0,0.0,0.0,0.0,0.0,PASS_<20%,0.00,0.0,NO,STANDBY_VEL_LOW,0,0.00,4590.00,78.36,FALSE,M1_DIRECTION_MISMATCH
2026-09-07 15:27:52.084,1788794872.085,6619,104,343,4414.34,4414.42,8.0,PASS_<=10c,+0.0,FLAT,+0.0,-16.0,4.2,+0.00,0.00,SLOW,4414.50,4415.14,4413.13,4414.34,0.00,0.00,0.0,BULLISH,201.0,4414.34,4414.34,4414.34,4414.34,52,CLEARED_>=20s,1.0,0.0,0.0,0.0,0.0,0.0,0.0,PASS_<20%,0.00,0.0,NO,STANDBY_VEL_LOW,0,0.00,4590.00,78.36,FALSE,M1_DIRECTION_MISMATCH
2026-09-07 15:27:52.586,1788794872.586,6620,105,344,4414.34,4414.42,8.0,PASS_<=10c,+0.0,FLAT,+0.0,-16.0,4.2,+0.00,0.00,SLOW,4414.50,4415.14,4413.13,4414.34,0.00,0.00,0.0,BULLISH,201.0,4414.34,4414.34,4414.34,4414.34,52,CLEARED_>=20s,1.0,0.0,0.0,0.0,0.0,0.0,0.0,PASS_<20%,0.00,0.0,NO,STANDBY_VEL_LOW,0,0.00,4590.00,78.36,FALSE,M1_DIRECTION_MISMATCH
2026-09-07 15:27:53.088,1788794873.088,6621,106,345,4414.34,4414.42,8.0,PASS_<=10c,+0.0,FLAT,+0.0,-16.0,4.2,+0.00,0.00,SLOW,4414.50,4415.14,4413.13,4414.34,0.00,0.00,0.0,BULLISH,201.0,4414.34,4414.34,4414.34,4414.34,53,CLEARED_>=20s,1.0,0.0,0.0,0.0,0.0,0.0,0.0,PASS_<20%,0.00,0.0,NO,STANDBY_VEL_LOW,0,0.00,4590.00,78.36,FALSE,M1_DIRECTION_MISMATCH
2026-09-07 15:27:53.590,1788794873.590,6622,107,346,4414.34,4414.42,8.0,PASS_<=10c,+0.0,FLAT,+0.0,-16.0,4.2,+0.00,0.00,SLOW,4414.50,4415.14,4413.13,4414.34,0.00,0.00,0.0,BULLISH,201.0,4414.34,4414.34,4414.34,4414.34,53,CLEARED_>=20s,1.0,0.0,0.0,0.0,0.0,0.0,0.0,PASS_<20%,0.00,0.0,NO,STANDBY_VEL_LOW,0,0.00,4590.00,78.36,FALSE,M1_DIRECTION_MISMATCH
2026-09-07 15:27:54.091,1788794874.092,6623,108,347,4414.34,4414.42,8.0,PASS_<=10c,+0.0,FLAT,+0.0,-16.0,4.2,+0.00,0.00,SLOW,4414.50,4415.14,4413.13,4414.34,0.00,0.00,0.0,BULLISH,201.0,4414.34,4414.34,4414.34,4414.34,54,CLEARED_>=20s,1.0,0.0,0.0,0.0,0.0,0.0,0.0,PASS_<20%,0.00,0.0,NO,STANDBY_VEL_LOW,0,0.00,4590.00,78.36,FALSE,M1_DIRECTION_MISMATCH
2026-09-07 15:27:54.593,1788794874.593,6624,109,348,4414.34,4414.42,8.0,PASS_<=10c,+0.0,FLAT,+0.0,-16.0,4.2,+0.00,0.00,SLOW,4414.50,4415.14,4413.13,4414.34,0.00,0.00,0.0,BULLISH,201.0,4414.34,4414.34,4414.34,4414.34,54,CLEARED_>=20s,1.0,0.0,0.0,0.0,0.0,0.0,0.0,PASS_<20%,0.00,0.0,NO,STANDBY_VEL_LOW,0,0.00,4590.00,78.36,FALSE,M1_DIRECTION_MISMATCH
2026-09-07 15:27:55.095,1788794875.096,6625,110,349,4414.34,4414.42,8.0,PASS_<=10c,+0.0,FLAT,+0.0,-16.0,4.2,+0.00,0.00,SLOW,4414.50,4415.14,4413.13,4414.34,0.00,0.00,0.0,BULLISH,201.0,4414.34,4414.34,4414.34,4414.34,55,CLEARED_>=20s,1.0,0.0,0.0,0.0,0.0,0.0,0.0,PASS_<20%,0.00,0.0,NO,STANDBY_VEL_LOW,0,0.00,4590.00,78.36,FALSE,M1_DIRECTION_MISMATCH
2026-09-07 15:27:55.597,1788794875.597,6626,111,350,4414.34,4414.42,8.0,PASS_<=10c,+0.0,FLAT,+0.0,-16.0,4.2,+0.00,0.00,SLOW,4414.50,4415.14,4413.13,4414.34,0.00,0.00,0.0,BULLISH,201.0,4414.34,4414.34,4414.34,4414.34,55,CLEARED_>=20s,1.0,0.0,0.0,0.0,0.0,0.0,0.0,PASS_<20%,0.00,0.0,NO,STANDBY_VEL_LOW,0,0.00,4590.00,78.36,FALSE,M1_DIRECTION_MISMATCH
2026-09-07 15:27:56.098,1788794876.099,6627,112,351,4414.34,4414.42,8.0,PASS_<=10c,+0.0,FLAT,+0.0,-16.0,4.2,+0.00,0.00,SLOW,4414.50,4415.14,4413.13,4414.34,0.00,0.00,0.0,BULLISH,201.0,4414.34,4414.34,4414.34,4414.34,56,CLEARED_>=20s,1.0,0.0,0.0,0.0,0.0,0.0,0.0,PASS_<20%,0.00,0.0,NO,STANDBY_VEL_LOW,0,0.00,4590.00,78.36,FALSE,M1_DIRECTION_MISMATCH
2026-09-07 15:27:56.600,1788794876.601,6628,113,352,4414.34,4414.42,8.0,PASS_<=10c,+0.0,FLAT,+0.0,-16.0,4.2,+0.00,0.00,SLOW,4414.50,4415.14,4413.13,4414.34,0.00,0.00,0.0,BULLISH,201.0,4414.34,4414.34,4414.34,4414.34,56,CLEARED_>=20s,1.0,0.0,0.0,0.0,0.0,0.0,0.0,PASS_<20%,0.00,0.0,NO,STANDBY_VEL_LOW,0,0.00,4590.00,78.36,FALSE,M1_DIRECTION_MISMATCH
2026-09-07 15:27:57.102,1788794877.103,6629,114,353,4414.34,4414.42,8.0,PASS_<=10c,+0.0,FLAT,+0.0,-16.0,4.2,+0.00,0.00,SLOW,4414.50,4415.14,4413.13,4414.34,0.00,0.00,0.0,BULLISH,201.0,4414.34,4414.34,4414.34,4414.34,57,CLEARED_>=20s,1.0,0.0,0.0,0.0,0.0,0.0,0.0,PASS_<20%,0.00,0.0,NO,STANDBY_VEL_LOW,0,0.00,4590.00,78.36,FALSE,M1_DIRECTION_MISMATCH
2026-09-07 15:27:57.604,1788794877.605,6630,115,354,4414.34,4414.42,8.0,PASS_<=10c,+0.0,FLAT,+0.0,-16.0,4.2,+0.00,0.00,SLOW,4414.50,4415.14,4413.13,4414.34,0.00,0.00,0.0,BULLISH,201.0,4414.34,4414.34,4414.34,4414.34,57,CLEARED_>=20s,1.0,0.0,0.0,0.0,0.0,0.0,0.0,PASS_<20%,0.00,0.0,NO,STANDBY_VEL_LOW,0,0.00,4590.00,78.36,FALSE,M1_DIRECTION_MISMATCH
2026-09-07 15:27:58.106,1788794878.107,6631,116,355,4414.34,4414.42,8.0,PASS_<=10c,+0.0,FLAT,+0.0,-16.0,4.2,+0.00,0.00,SLOW,4414.50,4415.14,4413.13,4414.34,0.00,0.00,0.0,BULLISH,201.0,4414.34,4414.34,4414.34,4414.34,58,CLEARED_>=20s,1.0,0.0,0.0,0.0,0.0,0.0,0.0,PASS_<20%,0.00,0.0,NO,STANDBY_VEL_LOW,0,0.00,4590.00,78.36,FALSE,M1_DIRECTION_MISMATCH
2026-09-07 15:27:58.607,1788794878.608,6632,117,356,4414.34,4414.42,8.0,PASS_<=10c,+0.0,FLAT,+0.0,-16.0,4.2,+0.00,0.00,SLOW,4414.50,4415.14,4413.13,4414.34,0.00,0.00,0.0,BULLISH,201.0,4414.34,4414.34,4414.34,4414.34,58,CLEARED_>=20s,1.0,0.0,0.0,0.0,0.0,0.0,0.0,PASS_<20%,0.00,0.0,NO,STANDBY_VEL_LOW,0,0.00,4590.00,78.36,FALSE,M1_DIRECTION_MISMATCH
2026-09-07 15:27:59.109,1788794879.110,6633,118,357,4414.34,4414.42,8.0,PASS_<=10c,+0.0,FLAT,+0.0,-16.0,4.2,+0.00,0.00,SLOW,4414.50,4415.14,4413.13,4414.34,0.00,0.00,0.0,BULLISH,201.0,4414.34,4414.34,4414.34,4414.34,59,CLEARED_>=20s,1.0,0.0,0.0,0.0,0.0,0.0,0.0,PASS_<20%,0.00,0.0,NO,STANDBY_VEL_LOW,0,0.00,4590.00,78.36,FALSE,M1_DIRECTION_MISMATCH
2026-09-07 15:27:59.612,1788794879.612,6634,119,358,4414.34,4414.42,8.0,PASS_<=10c,+0.0,FLAT,+0.0,-16.0,4.2,+0.00,0.00,SLOW,4414.50,4415.14,4413.13,4414.34,0.00,0.00,0.0,BULLISH,201.0,4414.34,4414.34,4414.34,4414.34,59,CLEARED_>=20s,1.0,0.0,0.0,0.0,0.0,0.0,0.0,PASS_<20%,0.00,0.0,NO,STANDBY_VEL_LOW,0,0.00,4590.00,78.36,FALSE,M1_DIRECTION_MISMATCH
2026-09-07 15:28:00.113,1788794880.113,6635,1,359,4414.34,4414.42,8.0,PASS_<=10c,+0.0,FLAT,+0.0,-16.0,4.2,+0.00,0.00,SLOW,4414.50,4415.14,4413.13,4414.34,0.00,0.00,0.0,BULLISH,201.0,4414.34,4414.34,4414.34,4414.34,0,ACTIVE_0s,1.0,0.0,0.0,0.0,0.0,0.0,0.0,PASS_<20%,0.00,0.0,NO,STANDBY_VEL_LOW,0,0.00,4590.00,78.36,FALSE,M1_DIRECTION_MISMATCH|OPENING_SHIELD_ACTIVE_0s
2026-09-07 15:28:00.615,1788794880.615,6636,2,360,4414.34,4414.42,8.0,PASS_<=10c,+0.0,FLAT,+0.0,-16.0,4.2,+0.00,0.00,SLOW,4414.50,4415.14,4413.13,4414.34,0.00,0.00,0.0,BULLISH,201.0,4414.34,4414.34,4414.34,4414.34,0,ACTIVE_0s,1.0,0.0,0.0,0.0,0.0,0.0,0.0,PASS_<20%,0.00,0.0,NO,STANDBY_VEL_LOW,0,0.00,4590.00,78.36,FALSE,M1_DIRECTION_MISMATCH|OPENING_SHIELD_ACTIVE_0s
2026-09-07 15:28:01.115,1788794881.116,6637,3,361,4414.34,4414.42,8.0,PASS_<=10c,+0.0,FLAT,+0.0,-16.0,4.2,+0.00,0.00,SLOW,4414.50,4415.14,4413.13,4414.34,0.00,0.00,0.0,BULLISH,201.0,4414.34,4414.34,4414.34,4414.34,1,ACTIVE_1s,1.0,0.0,0.0,0.0,0.0,0.0,0.0,PASS_<20%,0.00,0.0,NO,STANDBY_VEL_LOW,0,0.00,4590.00,78.36,FALSE,M1_DIRECTION_MISMATCH|OPENING_SHIELD_ACTIVE_1s
2026-09-07 15:28:01.617,1788794881.618,6638,4,362,4414.34,4414.42,8.0,PASS_<=10c,+0.0,FLAT,+0.0,-16.0,4.2,+0.00,0.00,SLOW,4414.50,4415.14,4413.13,4414.34,0.00,0.00,0.0,BULLISH,201.0,4414.34,4414.34,4414.34,4414.34,1,ACTIVE_1s,1.0,0.0,0.0,0.0,0.0,0.0,0.0,PASS_<20%,0.00,0.0,NO,STANDBY_VEL_LOW,0,0.00,4590.00,78.36,FALSE,M1_DIRECTION_MISMATCH|OPENING_SHIELD_ACTIVE_1s
2026-09-07 15:28:02.119,1788794882.120,6639,5,363,4414.34,4414.42,8.0,PASS_<=10c,+0.0,FLAT,+0.0,-16.0,4.2,+0.00,0.00,SLOW,4414.50,4415.14,4413.13,4414.34,0.00,0.00,0.0,BULLISH,201.0,4414.34,4414.34,4414.34,4414.34,2,ACTIVE_2s,1.0,0.0,0.0,0.0,0.0,0.0,0.0,PASS_<20%,0.00,0.0,NO,STANDBY_VEL_LOW,0,0.00,4590.00,78.36,FALSE,M1_DIRECTION_MISMATCH|OPENING_SHIELD_ACTIVE_2s
2026-09-07 15:28:02.621,1788794882.621,6640,6,364,4414.34,4414.42,8.0,PASS_<=10c,+0.0,FLAT,+0.0,-16.0,4.2,+0.00,0.00,SLOW,4414.50,4415.14,4413.13,4414.34,0.00,0.00,0.0,BULLISH,201.0,4414.34,4414.34,4414.34,4414.34,2,ACTIVE_2s,1.0,0.0,0.0,0.0,0.0,0.0,0.0,PASS_<20%,0.00,0.0,NO,STANDBY_VEL_LOW,0,0.00,4590.00,78.36,FALSE,M1_DIRECTION_MISMATCH|OPENING_SHIELD_ACTIVE_2s
2026-09-07 15:28:03.123,1788794883.123,6641,7,365,4414.34,4414.42,8.0,PASS_<=10c,+0.0,FLAT,+0.0,-16.0,4.2,+0.00,0.00,SLOW,4414.50,4415.14,4413.13,4414.34,0.00,0.00,0.0,BULLISH,201.0,4414.34,4414.34,4414.34,4414.34,3,ACTIVE_3s,1.0,0.0,0.0,0.0,0.0,0.0,0.0,PASS_<20%,0.00,0.0,NO,STANDBY_VEL_LOW,0,0.00,4590.00,78.36,FALSE,M1_DIRECTION_MISMATCH|OPENING_SHIELD_ACTIVE_3s
2026-09-07 15:28:03.625,1788794883.625,6642,8,366,4414.34,4414.42,8.0,PASS_<=10c,+0.0,FLAT,+0.0,-16.0,4.2,+0.00,0.00,SLOW,4414.50,4415.14,4413.13,4414.34,0.00,0.00,0.0,BULLISH,201.0,4414.34,4414.34,4414.34,4414.34,3,ACTIVE_3s,1.0,0.0,0.0,0.0,0.0,0.0,0.0,PASS_<20%,0.00,0.0,NO,STANDBY_VEL_LOW,0,0.00,4590.00,78.36,FALSE,M1_DIRECTION_MISMATCH|OPENING_SHIELD_ACTIVE_3s
2026-09-07 15:28:04.127,1788794884.127,6643,9,367,4414.34,4414.42,8.0,PASS_<=10c,+0.0,FLAT,+0.0,-16.0,4.2,+0.00,0.00,SLOW,4414.50,4415.14,4413.13,4414.34,0.00,0.00,0.0,BULLISH,201.0,4414.34,4414.34,4414.34,4414.34,4,ACTIVE_4s,1.0,0.0,0.0,0.0,0.0,0.0,0.0,PASS_<20%,0.00,0.0,NO,STANDBY_VEL_LOW,0,0.00,4590.00,78.36,FALSE,M1_DIRECTION_MISMATCH|OPENING_SHIELD_ACTIVE_4s
2026-09-07 15:28:04.629,1788794884.629,6644,10,368,4414.34,4414.42,8.0,PASS_<=10c,+0.0,FLAT,+0.0,-16.0,4.2,+0.00,0.00,SLOW,4414.50,4415.14,4413.13,4414.34,0.00,0.00,0.0,BULLISH,201.0,4414.34,4414.34,4414.34,4414.34,4,ACTIVE_4s,1.0,0.0,0.0,0.0,0.0,0.0,0.0,PASS_<20%,0.00,0.0,NO,STANDBY_VEL_LOW,0,0.00,4590.00,78.36,FALSE,M1_DIRECTION_MISMATCH|OPENING_SHIELD_ACTIVE_4s
2026-09-07 15:28:05.131,1788794885.132,6645,11,369,4414.34,4414.42,8.0,PASS_<=10c,+0.0,FLAT,+0.0,-16.0,4.2,+0.00,0.00,SLOW,4414.50,4415.14,4413.13,4414.34,0.00,0.00,0.0,BULLISH,201.0,4414.34,4414.34,4414.34,4414.34,5,ACTIVE_5s,1.0,0.0,0.0,0.0,0.0,0.0,0.0,PASS_<20%,0.00,0.0,NO,STANDBY_VEL_LOW,0,0.00,4590.00,78.36,FALSE,M1_DIRECTION_MISMATCH|OPENING_SHIELD_ACTIVE_5s
2026-09-07 15:28:05.633,1788794885.633,6646,12,370,4414.34,4414.42,8.0,PASS_<=10c,+0.0,FLAT,+0.0,-16.0,4.2,+0.00,0.00,SLOW,4414.50,4415.14,4413.13,4414.34,0.00,0.00,0.0,BULLISH,201.0,4414.34,4414.34,4414.34,4414.34,5,ACTIVE_5s,1.0,0.0,0.0,0.0,0.0,0.0,0.0,PASS_<20%,0.00,0.0,NO,STANDBY_VEL_LOW,0,0.00,4590.00,78.36,FALSE,M1_DIRECTION_MISMATCH|OPENING_SHIELD_ACTIVE_5s
2026-09-07 15:28:06.135,1788794886.136,6647,13,371,4414.34,4414.42,8.0,PASS_<=10c,+0.0,FLAT,+0.0,-16.0,4.2,+0.00,0.00,SLOW,4414.50,4415.14,4413.13,4414.34,0.00,0.00,0.0,BULLISH,201.0,4414.34,4414.34,4414.34,4414.34,6,ACTIVE_6s,1.0,0.0,0.0,0.0,0.0,0.0,0.0,PASS_<20%,0.00,0.0,NO,STANDBY_VEL_LOW,0,0.00,4590.00,78.36,FALSE,M1_DIRECTION_MISMATCH|OPENING_SHIELD_ACTIVE_6s
2026-09-07 15:28:06.637,1788794886.638,6648,14,372,4414.34,4414.42,8.0,PASS_<=10c,+0.0,FLAT,+0.0,-16.0,4.2,+0.00,0.00,SLOW,4414.50,4415.14,4413.13,4414.34,0.00,0.00,0.0,BULLISH,201.0,4414.34,4414.34,4414.34,4414.34,6,ACTIVE_6s,1.0,0.0,0.0,0.0,0.0,0.0,0.0,PASS_<20%,0.00,0.0,NO,STANDBY_VEL_LOW,0,0.00,4590.00,78.36,FALSE,M1_DIRECTION_MISMATCH|OPENING_SHIELD_ACTIVE_6s
2026-09-07 15:28:07.139,1788794887.139,6649,15,373,4414.34,4414.42,8.0,PASS_<=10c,+0.0,FLAT,+0.0,-16.0,4.2,+0.00,0.00,SLOW,4414.50,4415.14,4413.13,4414.34,0.00,0.00,0.0,BULLISH,201.0,4414.34,4414.34,4414.34,4414.34,7,ACTIVE_7s,1.0,0.0,0.0,0.0,0.0,0.0,0.0,PASS_<20%,0.00,0.0,NO,STANDBY_VEL_LOW,0,0.00,4590.00,78.36,FALSE,M1_DIRECTION_MISMATCH|OPENING_SHIELD_ACTIVE_7s
2026-09-07 15:28:07.641,1788794887.642,6650,16,374,4414.34,4414.42,8.0,PASS_<=10c,+0.0,FLAT,+0.0,-16.0,4.2,+0.00,0.00,SLOW,4414.50,4415.14,4413.13,4414.34,0.00,0.00,0.0,BULLISH,201.0,4414.34,4414.34,4414.34,4414.34,7,ACTIVE_7s,1.0,0.0,0.0,0.0,0.0,0.0,0.0,PASS_<20%,0.00,0.0,NO,STANDBY_VEL_LOW,0,0.00,4590.00,78.36,FALSE,M1_DIRECTION_MISMATCH|OPENING_SHIELD_ACTIVE_7s
2026-09-07 15:28:08.142,1788794888.142,6651,17,375,4414.34,4414.42,8.0,PASS_<=10c,+0.0,FLAT,+0.0,-16.0,4.2,+0.00,0.00,SLOW,4414.50,4415.14,4413.13,4414.34,0.00,0.00,0.0,BULLISH,201.0,4414.34,4414.34,4414.34,4414.34,8,ACTIVE_8s,1.0,0.0,0.0,0.0,0.0,0.0,0.0,PASS_<20%,0.00,0.0,NO,STANDBY_VEL_LOW,0,0.00,4590.00,78.36,FALSE,M1_DIRECTION_MISMATCH|OPENING_SHIELD_ACTIVE_8s
2026-09-07 15:28:08.643,1788794888.644,6652,18,376,4414.34,4414.42,8.0,PASS_<=10c,+0.0,FLAT,+0.0,-16.0,4.2,+0.00,0.00,SLOW,4414.50,4415.14,4413.13,4414.34,0.00,0.00,0.0,BULLISH,201.0,4414.34,4414.34,4414.34,4414.34,8,ACTIVE_8s,1.0,0.0,0.0,0.0,0.0,0.0,0.0,PASS_<20%,0.00,0.0,NO,STANDBY_VEL_LOW,0,0.00,4590.00,78.36,FALSE,M1_DIRECTION_MISMATCH|OPENING_SHIELD_ACTIVE_8s
2026-09-07 15:28:09.145,1788794889.145,6653,19,377,4414.34,4414.42,8.0,PASS_<=10c,+0.0,FLAT,+0.0,-16.0,4.2,+0.00,0.00,SLOW,4414.50,4415.14,4413.13,4414.34,0.00,0.00,0.0,BULLISH,201.0,4414.34,4414.34,4414.34,4414.34,9,ACTIVE_9s,1.0,0.0,0.0,0.0,0.0,0.0,0.0,PASS_<20%,0.00,0.0,NO,STANDBY_VEL_LOW,0,0.00,4590.00,78.36,FALSE,M1_DIRECTION_MISMATCH|OPENING_SHIELD_ACTIVE_9s
2026-09-07 15:28:09.646,1788794889.647,6654,20,378,4414.34,4414.42,8.0,PASS_<=10c,+0.0,FLAT,+0.0,-16.0,4.2,+0.00,0.00,SLOW,4414.50,4415.14,4413.13,4414.34,0.00,0.00,0.0,BULLISH,201.0,4414.34,4414.34,4414.34,4414.34,9,ACTIVE_9s,1.0,0.0,0.0,0.0,0.0,0.0,0.0,PASS_<20%,0.00,0.0,NO,STANDBY_VEL_LOW,0,0.00,4590.00,78.36,FALSE,M1_DIRECTION_MISMATCH|OPENING_SHIELD_ACTIVE_9s
2026-09-07 15:28:10.148,1788794890.148,6655,21,379,4414.34,4414.42,8.0,PASS_<=10c,+0.0,FLAT,+0.0,-16.0,4.2,+0.00,0.00,SLOW,4414.50,4415.14,4413.13,4414.34,0.00,0.00,0.0,BULLISH,201.0,4414.34,4414.34,4414.34,4414.34,10,ACTIVE_10s,1.0,0.0,0.0,0.0,0.0,0.0,0.0,PASS_<20%,0.00,0.0,NO,STANDBY_VEL_LOW,0,0.00,4590.00,78.36,FALSE,M1_DIRECTION_MISMATCH|OPENING_SHIELD_ACTIVE_10s
2026-09-07 15:28:10.650,1788794890.650,6656,22,380,4414.34,4414.42,8.0,PASS_<=10c,+0.0,FLAT,+0.0,-16.0,4.2,+0.00,0.00,SLOW,4414.50,4415.14,4413.13,4414.34,0.00,0.00,0.0,BULLISH,201.0,4414.34,4414.34,4414.34,4414.34,10,ACTIVE_10s,1.0,0.0,0.0,0.0,0.0,0.0,0.0,PASS_<20%,0.00,0.0,NO,STANDBY_VEL_LOW,0,0.00,4590.00,78.36,FALSE,M1_DIRECTION_MISMATCH|OPENING_SHIELD_ACTIVE_10s
2026-09-07 15:28:11.152,1788794891.152,6657,23,381,4414.34,4414.42,8.0,PASS_<=10c,+0.0,FLAT,+0.0,-16.0,4.2,+0.00,0.00,SLOW,4414.50,4415.14,4413.13,4414.34,0.00,0.00,0.0,BULLISH,201.0,4414.34,4414.34,4414.34,4414.34,11,ACTIVE_11s,1.0,0.0,0.0,0.0,0.0,0.0,0.0,PASS_<20%,0.00,0.0,NO,STANDBY_VEL_LOW,0,0.00,4590.00,78.36,FALSE,M1_DIRECTION_MISMATCH|OPENING_SHIELD_ACTIVE_11s
2026-09-07 15:28:11.654,1788794891.655,6658,24,382,4414.34,4414.42,8.0,PASS_<=10c,+0.0,FLAT,+0.0,-16.0,4.2,+0.00,0.00,SLOW,4414.50,4415.14,4413.13,4414.34,0.00,0.00,0.0,BULLISH,201.0,4414.34,4414.34,4414.34,4414.34,11,ACTIVE_11s,1.0,0.0,0.0,0.0,0.0,0.0,0.0,PASS_<20%,0.00,0.0,NO,STANDBY_VEL_LOW,0,0.00,4590.00,78.36,FALSE,M1_DIRECTION_MISMATCH|OPENING_SHIELD_ACTIVE_11s
2026-09-07 15:28:12.156,1788794892.157,6659,25,383,4414.34,4414.42,8.0,PASS_<=10c,+0.0,FLAT,+0.0,-16.0,4.2,+0.00,0.00,SLOW,4414.50,4415.14,4413.13,4414.34,0.00,0.00,0.0,BULLISH,201.0,4414.34,4414.34,4414.34,4414.34,12,ACTIVE_12s,1.0,0.0,0.0,0.0,0.0,0.0,0.0,PASS_<20%,0.00,0.0,NO,STANDBY_VEL_LOW,0,0.00,4590.00,78.36,FALSE,M1_DIRECTION_MISMATCH|OPENING_SHIELD_ACTIVE_12s
2026-09-07 15:28:12.657,1788794892.658,6660,26,384,4414.34,4414.42,8.0,PASS_<=10c,+0.0,FLAT,+0.0,-16.0,4.2,+0.00,0.00,SLOW,4414.50,4415.14,4413.13,4414.34,0.00,0.00,0.0,BULLISH,201.0,4414.34,4414.34,4414.34,4414.34,12,ACTIVE_12s,1.0,0.0,0.0,0.0,0.0,0.0,0.0,PASS_<20%,0.00,0.0,NO,STANDBY_VEL_LOW,0,0.00,4590.00,78.36,FALSE,M1_DIRECTION_MISMATCH|OPENING_SHIELD_ACTIVE_12s
2026-09-07 15:28:13.159,1788794893.159,6661,27,385,4414.34,4414.42,8.0,PASS_<=10c,+0.0,FLAT,+0.0,-16.0,4.2,+0.00,0.00,SLOW,4414.50,4415.14,4413.13,4414.34,0.00,0.00,0.0,BULLISH,201.0,4414.34,4414.34,4414.34,4414.34,13,ACTIVE_13s,1.0,0.0,0.0,0.0,0.0,0.0,0.0,PASS_<20%,0.00,0.0,NO,STANDBY_VEL_LOW,0,0.00,4590.00,78.36,FALSE,M1_DIRECTION_MISMATCH|OPENING_SHIELD_ACTIVE_13s
2026-09-07 15:28:13.660,1788794893.660,6662,28,386,4414.34,4414.42,8.0,PASS_<=10c,+0.0,FLAT,+0.0,-16.0,4.2,+0.00,0.00,SLOW,4414.50,4415.14,4413.13,4414.34,0.00,0.00,0.0,BULLISH,201.0,4414.34,4414.34,4414.34,4414.34,13,ACTIVE_13s,1.0,0.0,0.0,0.0,0.0,0.0,0.0,PASS_<20%,0.00,0.0,NO,STANDBY_VEL_LOW,0,0.00,4590.00,78.36,FALSE,M1_DIRECTION_MISMATCH|OPENING_SHIELD_ACTIVE_13s
2026-09-07 15:28:14.162,1788794894.162,6663,29,387,4414.34,4414.42,8.0,PASS_<=10c,+0.0,FLAT,+0.0,-16.0,4.2,+0.00,0.00,SLOW,4414.50,4415.14,4413.13,4414.34,0.00,0.00,0.0,BULLISH,201.0,4414.34,4414.34,4414.34,4414.34,14,ACTIVE_14s,1.0,0.0,0.0,0.0,0.0,0.0,0.0,PASS_<20%,0.00,0.0,NO,STANDBY_VEL_LOW,0,0.00,4590.00,78.36,FALSE,M1_DIRECTION_MISMATCH|OPENING_SHIELD_ACTIVE_14s
2026-09-07 15:28:14.664,1788794894.664,6664,30,388,4414.34,4414.42,8.0,PASS_<=10c,+0.0,FLAT,+0.0,-16.0,4.2,+0.00,0.00,SLOW,4414.50,4415.14,4413.13,4414.34,0.00,0.00,0.0,BULLISH,201.0,4414.34,4414.34,4414.34,4414.34,14,ACTIVE_14s,1.0,0.0,0.0,0.0,0.0,0.0,0.0,PASS_<20%,0.00,0.0,NO,STANDBY_VEL_LOW,0,0.00,4590.00,78.36,FALSE,M1_DIRECTION_MISMATCH|OPENING_SHIELD_ACTIVE_14s
2026-09-07 15:28:15.166,1788794895.166,6665,31,389,4414.34,4414.42,8.0,PASS_<=10c,+0.0,FLAT,+0.0,-16.0,4.2,+0.00,0.00,SLOW,4414.50,4415.14,4413.13,4414.34,0.00,0.00,0.0,BULLISH,201.0,4414.34,4414.34,4414.34,4414.34,15,ACTIVE_15s,1.0,0.0,0.0,0.0,0.0,0.0,0.0,PASS_<20%,0.00,0.0,NO,STANDBY_VEL_LOW,0,0.00,4590.00,78.36,FALSE,M1_DIRECTION_MISMATCH|OPENING_SHIELD_ACTIVE_15s
2026-09-07 15:28:15.668,1788794895.669,6666,32,390,4414.34,4414.42,8.0,PASS_<=10c,+0.0,FLAT,+0.0,-16.0,4.2,+0.00,0.00,SLOW,4414.50,4415.14,4413.13,4414.34,0.00,0.00,0.0,BULLISH,201.0,4414.34,4414.34,4414.34,4414.34,15,ACTIVE_15s,1.0,0.0,0.0,0.0,0.0,0.0,0.0,PASS_<20%,0.00,0.0,NO,STANDBY_VEL_LOW,0,0.00,4590.00,78.36,FALSE,M1_DIRECTION_MISMATCH|OPENING_SHIELD_ACTIVE_15s
2026-09-07 15:28:16.170,1788794896.170,6667,33,391,4414.34,4414.42,8.0,PASS_<=10c,+0.0,FLAT,+0.0,-16.0,4.2,+0.00,0.00,SLOW,4414.50,4415.14,4413.13,4414.34,0.00,0.00,0.0,BULLISH,201.0,4414.34,4414.34,4414.34,4414.34,16,ACTIVE_16s,1.0,0.0,0.0,0.0,0.0,0.0,0.0,PASS_<20%,0.00,0.0,NO,STANDBY_VEL_LOW,0,0.00,4590.00,78.36,FALSE,M1_DIRECTION_MISMATCH|OPENING_SHIELD_ACTIVE_16s
2026-09-07 15:28:16.672,1788794896.672,6668,34,392,4414.34,4414.42,8.0,PASS_<=10c,+0.0,FLAT,+0.0,-16.0,4.2,+0.00,0.00,SLOW,4414.50,4415.14,4413.13,4414.34,0.00,0.00,0.0,BULLISH,201.0,4414.34,4414.34,4414.34,4414.34,16,ACTIVE_16s,1.0,0.0,0.0,0.0,0.0,0.0,0.0,PASS_<20%,0.00,0.0,NO,STANDBY_VEL_LOW,0,0.00,4590.00,78.36,FALSE,M1_DIRECTION_MISMATCH|OPENING_SHIELD_ACTIVE_16s
2026-09-07 15:28:17.173,1788794897.174,6669,35,393,4414.34,4414.42,8.0,PASS_<=10c,+0.0,FLAT,+0.0,-16.0,4.2,+0.00,0.00,SLOW,4414.50,4415.14,4413.13,4414.34,0.00,0.00,0.0,BULLISH,201.0,4414.34,4414.34,4414.34,4414.34,17,ACTIVE_17s,1.0,0.0,0.0,0.0,0.0,0.0,0.0,PASS_<20%,0.00,0.0,NO,STANDBY_VEL_LOW,0,0.00,4590.00,78.36,FALSE,M1_DIRECTION_MISMATCH|OPENING_SHIELD_ACTIVE_17s
2026-09-07 15:28:17.675,1788794897.676,6670,36,394,4414.34,4414.42,8.0,PASS_<=10c,+0.0,FLAT,+0.0,-16.0,4.2,+0.00,0.00,SLOW,4414.50,4415.14,4413.13,4414.34,0.00,0.00,0.0,BULLISH,201.0,4414.34,4414.34,4414.34,4414.34,17,ACTIVE_17s,1.0,0.0,0.0,0.0,0.0,0.0,0.0,PASS_<20%,0.00,0.0,NO,STANDBY_VEL_LOW,0,0.00,4590.00,78.36,FALSE,M1_DIRECTION_MISMATCH|OPENING_SHIELD_ACTIVE_17s
2026-09-07 15:28:18.177,1788794898.178,6671,37,395,4414.34,4414.42,8.0,PASS_<=10c,+0.0,FLAT,+0.0,-16.0,4.2,+0.00,0.00,SLOW,4414.50,4415.14,4413.13,4414.34,0.00,0.00,0.0,BULLISH,201.0,4414.34,4414.34,4414.34,4414.34,18,ACTIVE_18s,1.0,0.0,0.0,0.0,0.0,0.0,0.0,PASS_<20%,0.00,0.0,NO,STANDBY_VEL_LOW,0,0.00,4590.00,78.36,FALSE,M1_DIRECTION_MISMATCH|OPENING_SHIELD_ACTIVE_18s
2026-09-07 15:28:18.679,1788794898.680,6672,38,396,4414.34,4414.42,8.0,PASS_<=10c,+0.0,FLAT,+0.0,-16.0,4.2,+0.00,0.00,SLOW,4414.50,4415.14,4413.13,4414.34,0.00,0.00,0.0,BULLISH,201.0,4414.34,4414.34,4414.34,4414.34,18,ACTIVE_18s,1.0,0.0,0.0,0.0,0.0,0.0,0.0,PASS_<20%,0.00,0.0,NO,STANDBY_VEL_LOW,0,0.00,4590.00,78.36,FALSE,M1_DIRECTION_MISMATCH|OPENING_SHIELD_ACTIVE_18s
2026-09-07 15:28:19.181,1788794899.181,6673,39,397,4414.34,4414.42,8.0,PASS_<=10c,+0.0,FLAT,+0.0,-16.0,4.2,+0.00,0.00,SLOW,4414.50,4415.14,4413.13,4414.34,0.00,0.00,0.0,BULLISH,201.0,4414.34,4414.34,4414.34,4414.34,19,ACTIVE_19s,1.0,0.0,0.0,0.0,0.0,0.0,0.0,PASS_<20%,0.00,0.0,NO,STANDBY_VEL_LOW,0,0.00,4590.00,78.36,FALSE,M1_DIRECTION_MISMATCH|OPENING_SHIELD_ACTIVE_19s
2026-09-07 15:28:19.683,1788794899.683,6674,40,398,4414.34,4414.42,8.0,PASS_<=10c,+0.0,FLAT,+0.0,-16.0,4.2,+0.00,0.00,SLOW,4414.50,4415.14,4413.13,4414.34,0.00,0.00,0.0,BULLISH,201.0,4414.34,4414.34,4414.34,4414.34,19,ACTIVE_19s,1.0,0.0,0.0,0.0,0.0,0.0,0.0,PASS_<20%,0.00,0.0,NO,STANDBY_VEL_LOW,0,0.00,4590.00,78.36,FALSE,M1_DIRECTION_MISMATCH|OPENING_SHIELD_ACTIVE_19s
2026-09-07 15:28:20.184,1788794900.185,6675,41,399,4414.34,4414.42,8.0,PASS_<=10c,+0.0,FLAT,+0.0,-16.0,4.2,+0.00,0.00,SLOW,4414.50,4415.14,4413.13,4414.34,0.00,0.00,0.0,BULLISH,201.0,4414.34,4414.34,4414.34,4414.34,20,CLEARED_>=20s,1.0,0.0,0.0,0.0,0.0,0.0,0.0,PASS_<20%,0.00,0.0,NO,STANDBY_VEL_LOW,0,0.00,4590.00,78.36,FALSE,M1_DIRECTION_MISMATCH
2026-09-07 15:28:20.686,1788794900.687,6676,42,400,4414.34,4414.42,8.0,PASS_<=10c,+0.0,FLAT,+0.0,-16.0,4.2,+0.00,0.00,SLOW,4414.50,4415.14,4413.13,4414.34,0.00,0.00,0.0,BULLISH,201.0,4414.34,4414.34,4414.34,4414.34,20,CLEARED_>=20s,1.0,0.0,0.0,0.0,0.0,0.0,0.0,PASS_<20%,0.00,0.0,NO,STANDBY_VEL_LOW,0,0.00,4590.00,78.36,FALSE,M1_DIRECTION_MISMATCH
2026-09-07 15:28:21.188,1788794901.189,6677,43,401,4414.34,4414.42,8.0,PASS_<=10c,+0.0,FLAT,+0.0,-16.0,4.2,+0.00,0.00,SLOW,4414.50,4415.14,4413.13,4414.34,0.00,0.00,0.0,BULLISH,201.0,4414.34,4414.34,4414.34,4414.34,21,CLEARED_>=20s,1.0,0.0,0.0,0.0,0.0,0.0,0.0,PASS_<20%,0.00,0.0,NO,STANDBY_VEL_LOW,0,0.00,4590.00,78.36,FALSE,M1_DIRECTION_MISMATCH
2026-09-07 15:28:21.690,1788794901.691,6678,44,402,4414.34,4414.42,8.0,PASS_<=10c,+0.0,FLAT,+0.0,-16.0,4.2,+0.00,0.00,SLOW,4414.50,4415.14,4413.13,4414.34,0.00,0.00,0.0,BULLISH,201.0,4414.34,4414.34,4414.34,4414.34,21,CLEARED_>=20s,1.0,0.0,0.0,0.0,0.0,0.0,0.0,PASS_<20%,0.00,0.0,NO,STANDBY_VEL_LOW,0,0.00,4590.00,78.36,FALSE,M1_DIRECTION_MISMATCH
2026-09-07 15:28:22.192,1788794902.193,6679,45,403,4414.34,4414.42,8.0,PASS_<=10c,+0.0,FLAT,+0.0,-16.0,4.2,+0.00,0.00,SLOW,4414.50,4415.14,4413.13,4414.34,0.00,0.00,0.0,BULLISH,201.0,4414.34,4414.34,4414.34,4414.34,22,CLEARED_>=20s,1.0,0.0,0.0,0.0,0.0,0.0,0.0,PASS_<20%,0.00,0.0,NO,STANDBY_VEL_LOW,0,0.00,4590.00,78.36,FALSE,M1_DIRECTION_MISMATCH
2026-09-07 15:28:22.693,1788794902.694,6680,46,404,4414.34,4414.42,8.0,PASS_<=10c,+0.0,FLAT,+0.0,-16.0,4.2,+0.00,0.00,SLOW,4414.50,4415.14,4413.13,4414.34,0.00,0.00,0.0,BULLISH,201.0,4414.34,4414.34,4414.34,4414.34,22,CLEARED_>=20s,1.0,0.0,0.0,0.0,0.0,0.0,0.0,PASS_<20%,0.00,0.0,NO,STANDBY_VEL_LOW,0,0.00,4590.00,78.36,FALSE,M1_DIRECTION_MISMATCH
2026-09-07 15:28:23.195,1788794903.195,6681,47,405,4414.34,4414.42,8.0,PASS_<=10c,+0.0,FLAT,+0.0,-16.0,4.2,+0.00,0.00,SLOW,4414.50,4415.14,4413.13,4414.34,0.00,0.00,0.0,BULLISH,201.0,4414.34,4414.34,4414.34,4414.34,23,CLEARED_>=20s,1.0,0.0,0.0,0.0,0.0,0.0,0.0,PASS_<20%,0.00,0.0,NO,STANDBY_VEL_LOW,0,0.00,4590.00,78.36,FALSE,M1_DIRECTION_MISMATCH
2026-09-07 15:28:23.697,1788794903.698,6682,48,406,4414.34,4414.42,8.0,PASS_<=10c,+0.0,FLAT,+0.0,-16.0,4.2,+0.00,0.00,SLOW,4414.50,4415.14,4413.13,4414.34,0.00,0.00,0.0,BULLISH,201.0,4414.34,4414.34,4414.34,4414.34,23,CLEARED_>=20s,1.0,0.0,0.0,0.0,0.0,0.0,0.0,PASS_<20%,0.00,0.0,NO,STANDBY_VEL_LOW,0,0.00,4590.00,78.36,FALSE,M1_DIRECTION_MISMATCH
2026-09-07 15:28:24.200,1788794904.200,6683,49,407,4414.34,4414.42,8.0,PASS_<=10c,+0.0,FLAT,+0.0,-16.0,4.2,+0.00,0.00,SLOW,4414.50,4415.14,4413.13,4414.34,0.00,0.00,0.0,BULLISH,201.0,4414.34,4414.34,4414.34,4414.34,24,CLEARED_>=20s,1.0,0.0,0.0,0.0,0.0,0.0,0.0,PASS_<20%,0.00,0.0,NO,STANDBY_VEL_LOW,0,0.00,4590.00,78.36,FALSE,M1_DIRECTION_MISMATCH
2026-09-07 15:28:24.701,1788794904.702,6684,50,408,4414.34,4414.42,8.0,PASS_<=10c,+0.0,FLAT,+0.0,-16.0,4.2,+0.00,0.00,SLOW,4414.50,4415.14,4413.13,4414.34,0.00,0.00,0.0,BULLISH,201.0,4414.34,4414.34,4414.34,4414.34,24,CLEARED_>=20s,1.0,0.0,0.0,0.0,0.0,0.0,0.0,PASS_<20%,0.00,0.0,NO,STANDBY_VEL_LOW,0,0.00,4590.00,78.36,FALSE,M1_DIRECTION_MISMATCH
2026-09-07 15:28:25.203,1788794905.204,6685,51,409,4414.34,4414.42,8.0,PASS_<=10c,+0.0,FLAT,+0.0,-16.0,4.2,+0.00,0.00,SLOW,4414.50,4415.14,4413.13,4414.34,0.00,0.00,0.0,BULLISH,201.0,4414.34,4414.34,4414.34,4414.34,25,CLEARED_>=20s,1.0,0.0,0.0,0.0,0.0,0.0,0.0,PASS_<20%,0.00,0.0,NO,STANDBY_VEL_LOW,0,0.00,4590.00,78.36,FALSE,M1_DIRECTION_MISMATCH
2026-09-07 15:28:25.705,1788794905.706,6686,52,410,4414.34,4414.42,8.0,PASS_<=10c,+0.0,FLAT,+0.0,-16.0,4.2,+0.00,0.00,SLOW,4414.50,4415.14,4413.13,4414.34,0.00,0.00,0.0,BULLISH,201.0,4414.34,4414.34,4414.34,4414.34,25,CLEARED_>=20s,1.0,0.0,0.0,0.0,0.0,0.0,0.0,PASS_<20%,0.00,0.0,NO,STANDBY_VEL_LOW,0,0.00,4590.00,78.36,FALSE,M1_DIRECTION_MISMATCH
2026-09-07 15:28:26.207,1788794906.207,6687,53,411,4414.34,4414.42,8.0,PASS_<=10c,+0.0,FLAT,+0.0,-16.0,4.2,+0.00,0.00,SLOW,4414.50,4415.14,4413.13,4414.34,0.00,0.00,0.0,BULLISH,201.0,4414.34,4414.34,4414.34,4414.34,26,CLEARED_>=20s,1.0,0.0,0.0,0.0,0.0,0.0,0.0,PASS_<20%,0.00,0.0,NO,STANDBY_VEL_LOW,0,0.00,4590.00,78.36,FALSE,M1_DIRECTION_MISMATCH
2026-09-07 15:28:26.709,1788794906.709,6688,54,412,4414.34,4414.42,8.0,PASS_<=10c,+0.0,FLAT,+0.0,-16.0,4.2,+0.00,0.00,SLOW,4414.50,4415.14,4413.13,4414.34,0.00,0.00,0.0,BULLISH,201.0,4414.34,4414.34,4414.34,4414.34,26,CLEARED_>=20s,1.0,0.0,0.0,0.0,0.0,0.0,0.0,PASS_<20%,0.00,0.0,NO,STANDBY_VEL_LOW,0,0.00,4590.00,78.36,FALSE,M1_DIRECTION_MISMATCH
2026-09-07 15:28:27.210,1788794907.211,6689,55,413,4414.34,4414.42,8.0,PASS_<=10c,+0.0,FLAT,+0.0,-16.0,4.2,+0.00,0.00,SLOW,4414.50,4415.14,4413.13,4414.34,0.00,0.00,0.0,BULLISH,201.0,4414.34,4414.34,4414.34,4414.34,27,CLEARED_>=20s,1.0,0.0,0.0,0.0,0.0,0.0,0.0,PASS_<20%,0.00,0.0,NO,STANDBY_VEL_LOW,0,0.00,4590.00,78.36,FALSE,M1_DIRECTION_MISMATCH
2026-09-07 15:28:27.712,1788794907.712,6690,56,414,4414.34,4414.42,8.0,PASS_<=10c,+0.0,FLAT,+0.0,-16.0,4.2,+0.00,0.00,SLOW,4414.50,4415.14,4413.13,4414.34,0.00,0.00,0.0,BULLISH,201.0,4414.34,4414.34,4414.34,4414.34,27,CLEARED_>=20s,1.0,0.0,0.0,0.0,0.0,0.0,0.0,PASS_<20%,0.00,0.0,NO,STANDBY_VEL_LOW,0,0.00,4590.00,78.36,FALSE,M1_DIRECTION_MISMATCH
2026-09-07 15:28:28.213,1788794908.213,6691,57,415,4414.34,4414.42,8.0,PASS_<=10c,+0.0,FLAT,+0.0,-16.0,4.2,+0.00,0.00,SLOW,4414.50,4415.14,4413.13,4414.34,0.00,0.00,0.0,BULLISH,201.0,4414.34,4414.34,4414.34,4414.34,28,CLEARED_>=20s,1.0,0.0,0.0,0.0,0.0,0.0,0.0,PASS_<20%,0.00,0.0,NO,STANDBY_VEL_LOW,0,0.00,4590.00,78.36,FALSE,M1_DIRECTION_MISMATCH
2026-09-07 15:28:28.715,1788794908.716,6692,58,416,4414.34,4414.42,8.0,PASS_<=10c,+0.0,FLAT,+0.0,-16.0,4.2,+0.00,0.00,SLOW,4414.50,4415.14,4413.13,4414.34,0.00,0.00,0.0,BULLISH,201.0,4414.34,4414.34,4414.34,4414.34,28,CLEARED_>=20s,1.0,0.0,0.0,0.0,0.0,0.0,0.0,PASS_<20%,0.00,0.0,NO,STANDBY_VEL_LOW,0,0.00,4590.00,78.36,FALSE,M1_DIRECTION_MISMATCH
2026-09-07 15:28:29.217,1788794909.218,6693,59,417,4414.34,4414.42,8.0,PASS_<=10c,+0.0,FLAT,+0.0,-16.0,4.2,+0.00,0.00,SLOW,4414.50,4415.14,4413.13,4414.34,0.00,0.00,0.0,BULLISH,201.0,4414.34,4414.34,4414.34,4414.34,29,CLEARED_>=20s,1.0,0.0,0.0,0.0,0.0,0.0,0.0,PASS_<20%,0.00,0.0,NO,STANDBY_VEL_LOW,0,0.00,4590.00,78.36,FALSE,M1_DIRECTION_MISMATCH
2026-09-07 15:28:29.718,1788794909.719,6694,60,418,4414.34,4414.42,8.0,PASS_<=10c,+0.0,FLAT,+0.0,-16.0,4.2,+0.00,0.00,SLOW,4414.50,4415.14,4413.13,4414.34,0.00,0.00,0.0,BULLISH,201.0,4414.34,4414.34,4414.34,4414.34,29,CLEARED_>=20s,1.0,0.0,0.0,0.0,0.0,0.0,0.0,PASS_<20%,0.00,0.0,NO,STANDBY_VEL_LOW,0,0.00,4590.00,78.36,FALSE,M1_DIRECTION_MISMATCH
2026-09-07 15:28:30.220,1788794910.221,6695,61,419,4414.34,4414.42,8.0,PASS_<=10c,+0.0,FLAT,+0.0,-16.0,4.2,+0.00,0.00,SLOW,4414.50,4415.14,4413.13,4414.34,0.00,0.00,0.0,BULLISH,201.0,4414.34,4414.34,4414.34,4414.34,30,CLEARED_>=20s,1.0,0.0,0.0,0.0,0.0,0.0,0.0,PASS_<20%,0.00,0.0,NO,STANDBY_VEL_LOW,0,0.00,4590.00,78.36,FALSE,M1_DIRECTION_MISMATCH
2026-09-07 15:28:30.721,1788794910.722,6696,62,420,4414.34,4414.42,8.0,PASS_<=10c,+0.0,FLAT,+0.0,-16.0,4.2,+0.00,0.00,SLOW,4414.50,4415.14,4413.13,4414.34,0.00,0.00,0.0,BULLISH,201.0,4414.34,4414.34,4414.34,4414.34,30,CLEARED_>=20s,1.0,0.0,0.0,0.0,0.0,0.0,0.0,PASS_<20%,0.00,0.0,NO,STANDBY_VEL_LOW,0,0.00,4590.00,78.36,FALSE,M1_DIRECTION_MISMATCH
2026-09-07 15:28:31.223,1788794911.223,6697,63,421,4414.34,4414.42,8.0,PASS_<=10c,+0.0,FLAT,+0.0,-16.0,4.2,+0.00,0.00,SLOW,4414.50,4415.14,4413.13,4414.34,0.00,0.00,0.0,BULLISH,201.0,4414.34,4414.34,4414.34,4414.34,31,CLEARED_>=20s,1.0,0.0,0.0,0.0,0.0,0.0,0.0,PASS_<20%,0.00,0.0,NO,STANDBY_VEL_LOW,0,0.00,4590.00,78.36,FALSE,M1_DIRECTION_MISMATCH
2026-09-07 15:28:31.724,1788794911.725,6698,64,422,4414.34,4414.42,8.0,PASS_<=10c,+0.0,FLAT,+0.0,-16.0,4.2,+0.00,0.00,SLOW,4414.50,4415.14,4413.13,4414.34,0.00,0.00,0.0,BULLISH,201.0,4414.34,4414.34,4414.34,4414.34,31,CLEARED_>=20s,1.0,0.0,0.0,0.0,0.0,0.0,0.0,PASS_<20%,0.00,0.0,NO,STANDBY_VEL_LOW,0,0.00,4590.00,78.36,FALSE,M1_DIRECTION_MISMATCH
2026-09-07 15:28:32.226,1788794912.226,6699,65,423,4414.34,4414.42,8.0,PASS_<=10c,+0.0,FLAT,+0.0,-16.0,4.2,+0.00,0.00,SLOW,4414.50,4415.14,4413.13,4414.34,0.00,0.00,0.0,BULLISH,201.0,4414.34,4414.34,4414.34,4414.34,32,CLEARED_>=20s,1.0,0.0,0.0,0.0,0.0,0.0,0.0,PASS_<20%,0.00,0.0,NO,STANDBY_VEL_LOW,0,0.00,4590.00,78.36,FALSE,M1_DIRECTION_MISMATCH
2026-09-07 15:28:32.727,1788794912.728,6700,66,424,4414.34,4414.42,8.0,PASS_<=10c,+0.0,FLAT,+0.0,-16.0,4.2,+0.00,0.00,SLOW,4414.50,4415.14,4413.13,4414.34,0.00,0.00,0.0,BULLISH,201.0,4414.34,4414.34,4414.34,4414.34,32,CLEARED_>=20s,1.0,0.0,0.0,0.0,0.0,0.0,0.0,PASS_<20%,0.00,0.0,NO,STANDBY_VEL_LOW,0,0.00,4590.00,78.36,FALSE,M1_DIRECTION_MISMATCH
2026-09-07 15:28:33.229,1788794913.230,6701,67,425,4414.34,4414.42,8.0,PASS_<=10c,+0.0,FLAT,+0.0,-16.0,4.2,+0.00,0.00,SLOW,4414.50,4415.14,4413.13,4414.34,0.00,0.00,0.0,BULLISH,201.0,4414.34,4414.34,4414.34,4414.34,33,CLEARED_>=20s,1.0,0.0,0.0,0.0,0.0,0.0,0.0,PASS_<20%,0.00,0.0,NO,STANDBY_VEL_LOW,0,0.00,4590.00,78.36,FALSE,M1_DIRECTION_MISMATCH
2026-09-07 15:28:33.731,1788794913.731,6702,68,426,4414.34,4414.42,8.0,PASS_<=10c,+0.0,FLAT,+0.0,-16.0,4.2,+0.00,0.00,SLOW,4414.50,4415.14,4413.13,4414.34,0.00,0.00,0.0,BULLISH,201.0,4414.34,4414.34,4414.34,4414.34,33,CLEARED_>=20s,1.0,0.0,0.0,0.0,0.0,0.0,0.0,PASS_<20%,0.00,0.0,NO,STANDBY_VEL_LOW,0,0.00,4590.00,78.36,FALSE,M1_DIRECTION_MISMATCH
2026-09-07 15:28:34.232,1788794914.233,6703,69,427,4414.34,4414.42,8.0,PASS_<=10c,+0.0,FLAT,+0.0,-16.0,4.2,+0.00,0.00,SLOW,4414.50,4415.14,4413.13,4414.34,0.00,0.00,0.0,BULLISH,201.0,4414.34,4414.34,4414.34,4414.34,34,CLEARED_>=20s,1.0,0.0,0.0,0.0,0.0,0.0,0.0,PASS_<20%,0.00,0.0,NO,STANDBY_VEL_LOW,0,0.00,4590.00,78.36,FALSE,M1_DIRECTION_MISMATCH
2026-09-07 15:28:34.734,1788794914.734,6704,70,428,4414.34,4414.42,8.0,PASS_<=10c,+0.0,FLAT,+0.0,-16.0,4.2,+0.00,0.00,SLOW,4414.50,4415.14,4413.13,4414.34,0.00,0.00,0.0,BULLISH,201.0,4414.34,4414.34,4414.34,4414.34,34,CLEARED_>=20s,1.0,0.0,0.0,0.0,0.0,0.0,0.0,PASS_<20%,0.00,0.0,NO,STANDBY_VEL_LOW,0,0.00,4590.00,78.36,FALSE,M1_DIRECTION_MISMATCH
2026-09-07 15:28:35.236,1788794915.237,6705,71,429,4414.34,4414.42,8.0,PASS_<=10c,+0.0,FLAT,+0.0,-16.0,4.2,+0.00,0.00,SLOW,4414.50,4415.14,4413.13,4414.34,0.00,0.00,0.0,BULLISH,201.0,4414.34,4414.34,4414.34,4414.34,35,CLEARED_>=20s,1.0,0.0,0.0,0.0,0.0,0.0,0.0,PASS_<20%,0.00,0.0,NO,STANDBY_VEL_LOW,0,0.00,4590.00,78.36,FALSE,M1_DIRECTION_MISMATCH
2026-09-07 15:28:35.738,1788794915.738,6706,72,430,4414.34,4414.42,8.0,PASS_<=10c,+0.0,FLAT,+0.0,-16.0,4.2,+0.00,0.00,SLOW,4414.50,4415.14,4413.13,4414.34,0.00,0.00,0.0,BULLISH,201.0,4414.34,4414.34,4414.34,4414.34,35,CLEARED_>=20s,1.0,0.0,0.0,0.0,0.0,0.0,0.0,PASS_<20%,0.00,0.0,NO,STANDBY_VEL_LOW,0,0.00,4590.00,78.36,FALSE,M1_DIRECTION_MISMATCH
2026-09-07 15:28:36.240,1788794916.240,6707,73,431,4414.34,4414.42,8.0,PASS_<=10c,+0.0,FLAT,+0.0,-16.0,4.2,+0.00,0.00,SLOW,4414.50,4415.14,4413.13,4414.34,0.00,0.00,0.0,BULLISH,201.0,4414.34,4414.34,4414.34,4414.34,36,CLEARED_>=20s,1.0,0.0,0.0,0.0,0.0,0.0,0.0,PASS_<20%,0.00,0.0,NO,STANDBY_VEL_LOW,0,0.00,4590.00,78.36,FALSE,M1_DIRECTION_MISMATCH
2026-09-07 15:28:36.741,1788794916.742,6708,74,432,4414.34,4414.42,8.0,PASS_<=10c,+0.0,FLAT,+0.0,-16.0,4.2,+0.00,0.00,SLOW,4414.50,4415.14,4413.13,4414.34,0.00,0.00,0.0,BULLISH,201.0,4414.34,4414.34,4414.34,4414.34,36,CLEARED_>=20s,1.0,0.0,0.0,0.0,0.0,0.0,0.0,PASS_<20%,0.00,0.0,NO,STANDBY_VEL_LOW,0,0.00,4590.00,78.36,FALSE,M1_DIRECTION_MISMATCH
2026-09-07 15:28:37.243,1788794917.244,6709,75,433,4414.34,4414.42,8.0,PASS_<=10c,+0.0,FLAT,+0.0,-16.0,4.2,+0.00,0.00,SLOW,4414.50,4415.14,4413.13,4414.34,0.00,0.00,0.0,BULLISH,201.0,4414.34,4414.34,4414.34,4414.34,37,CLEARED_>=20s,1.0,0.0,0.0,0.0,0.0,0.0,0.0,PASS_<20%,0.00,0.0,NO,STANDBY_VEL_LOW,0,0.00,4590.00,78.36,FALSE,M1_DIRECTION_MISMATCH
2026-09-07 15:28:37.745,1788794917.746,6710,76,434,4414.34,4414.42,8.0,PASS_<=10c,+0.0,FLAT,+0.0,-16.0,4.2,+0.00,0.00,SLOW,4414.50,4415.14,4413.13,4414.34,0.00,0.00,0.0,BULLISH,201.0,4414.34,4414.34,4414.34,4414.34,37,CLEARED_>=20s,1.0,0.0,0.0,0.0,0.0,0.0,0.0,PASS_<20%,0.00,0.0,NO,STANDBY_VEL_LOW,0,0.00,4590.00,78.36,FALSE,M1_DIRECTION_MISMATCH
2026-09-07 15:28:38.247,1788794918.248,6711,77,435,4414.34,4414.42,8.0,PASS_<=10c,+0.0,FLAT,+0.0,-16.0,4.2,+0.00,0.00,SLOW,4414.50,4415.14,4413.13,4414.34,0.00,0.00,0.0,BULLISH,201.0,4414.34,4414.34,4414.34,4414.34,38,CLEARED_>=20s,1.0,0.0,0.0,0.0,0.0,0.0,0.0,PASS_<20%,0.00,0.0,NO,STANDBY_VEL_LOW,0,0.00,4590.00,78.36,FALSE,M1_DIRECTION_MISMATCH
2026-09-07 15:28:38.749,1788794918.750,6712,78,436,4414.34,4414.42,8.0,PASS_<=10c,+0.0,FLAT,+0.0,-16.0,4.2,+0.00,0.00,SLOW,4414.50,4415.14,4413.13,4414.34,0.00,0.00,0.0,BULLISH,201.0,4414.34,4414.34,4414.34,4414.34,38,CLEARED_>=20s,1.0,0.0,0.0,0.0,0.0,0.0,0.0,PASS_<20%,0.00,0.0,NO,STANDBY_VEL_LOW,0,0.00,4590.00,78.36,FALSE,M1_DIRECTION_MISMATCH
2026-09-07 15:28:39.251,1788794919.251,6713,79,437,4414.34,4414.42,8.0,PASS_<=10c,+0.0,FLAT,+0.0,-16.0,4.2,+0.00,0.00,SLOW,4414.50,4415.14,4413.13,4414.34,0.00,0.00,0.0,BULLISH,201.0,4414.34,4414.34,4414.34,4414.34,39,CLEARED_>=20s,1.0,0.0,0.0,0.0,0.0,0.0,0.0,PASS_<20%,0.00,0.0,NO,STANDBY_VEL_LOW,0,0.00,4590.00,78.36,FALSE,M1_DIRECTION_MISMATCH
2026-09-07 15:28:39.753,1788794919.753,6714,80,438,4414.34,4414.42,8.0,PASS_<=10c,+0.0,FLAT,+0.0,-16.0,4.2,+0.00,0.00,SLOW,4414.50,4415.14,4413.13,4414.34,0.00,0.00,0.0,BULLISH,201.0,4414.34,4414.34,4414.34,4414.34,39,CLEARED_>=20s,1.0,0.0,0.0,0.0,0.0,0.0,0.0,PASS_<20%,0.00,0.0,NO,STANDBY_VEL_LOW,0,0.00,4590.00,78.36,FALSE,M1_DIRECTION_MISMATCH
2026-09-07 15:28:40.255,1788794920.255,6715,81,439,4414.34,4414.42,8.0,PASS_<=10c,+0.0,FLAT,+0.0,-16.0,4.2,+0.00,0.00,SLOW,4414.50,4415.14,4413.13,4414.34,0.00,0.00,0.0,BULLISH,201.0,4414.34,4414.34,4414.34,4414.34,40,CLEARED_>=20s,1.0,0.0,0.0,0.0,0.0,0.0,0.0,PASS_<20%,0.00,0.0,NO,STANDBY_VEL_LOW,0,0.00,4590.00,78.36,FALSE,M1_DIRECTION_MISMATCH
2026-09-07 15:28:40.756,1788794920.757,6716,82,440,4414.34,4414.42,8.0,PASS_<=10c,+0.0,FLAT,+0.0,-16.0,4.2,+0.00,0.00,SLOW,4414.50,4415.14,4413.13,4414.34,0.00,0.00,0.0,BULLISH,201.0,4414.34,4414.34,4414.34,4414.34,40,CLEARED_>=20s,1.0,0.0,0.0,0.0,0.0,0.0,0.0,PASS_<20%,0.00,0.0,NO,STANDBY_VEL_LOW,0,0.00,4590.00,78.36,FALSE,M1_DIRECTION_MISMATCH
2026-09-07 15:28:41.257,1788794921.258,6717,83,441,4414.34,4414.42,8.0,PASS_<=10c,+0.0,FLAT,+0.0,-16.0,4.2,+0.00,0.00,SLOW,4414.50,4415.14,4413.13,4414.34,0.00,0.00,0.0,BULLISH,201.0,4414.34,4414.34,4414.34,4414.34,41,CLEARED_>=20s,1.0,0.0,0.0,0.0,0.0,0.0,0.0,PASS_<20%,0.00,0.0,NO,STANDBY_VEL_LOW,0,0.00,4590.00,78.36,FALSE,M1_DIRECTION_MISMATCH
2026-09-07 15:28:41.760,1788794921.761,6718,84,442,4414.34,4414.42,8.0,PASS_<=10c,+0.0,FLAT,+0.0,-16.0,4.2,+0.00,0.00,SLOW,4414.50,4415.14,4413.13,4414.34,0.00,0.00,0.0,BULLISH,201.0,4414.34,4414.34,4414.34,4414.34,41,CLEARED_>=20s,1.0,0.0,0.0,0.0,0.0,0.0,0.0,PASS_<20%,0.00,0.0,NO,STANDBY_VEL_LOW,0,0.00,4590.00,78.36,FALSE,M1_DIRECTION_MISMATCH
2026-09-07 15:28:42.262,1788794922.262,6719,85,443,4414.34,4414.42,8.0,PASS_<=10c,+0.0,FLAT,+0.0,-16.0,4.2,+0.00,0.00,SLOW,4414.50,4415.14,4413.13,4414.34,0.00,0.00,0.0,BULLISH,201.0,4414.34,4414.34,4414.34,4414.34,42,CLEARED_>=20s,1.0,0.0,0.0,0.0,0.0,0.0,0.0,PASS_<20%,0.00,0.0,NO,STANDBY_VEL_LOW,0,0.00,4590.00,78.36,FALSE,M1_DIRECTION_MISMATCH
2026-09-07 15:28:42.764,1788794922.764,6720,86,444,4414.34,4414.42,8.0,PASS_<=10c,+0.0,FLAT,+0.0,-16.0,4.2,+0.00,0.00,SLOW,4414.50,4415.14,4413.13,4414.34,0.00,0.00,0.0,BULLISH,201.0,4414.34,4414.34,4414.34,4414.34,42,CLEARED_>=20s,1.0,0.0,0.0,0.0,0.0,0.0,0.0,PASS_<20%,0.00,0.0,NO,STANDBY_VEL_LOW,0,0.00,4590.00,78.36,FALSE,M1_DIRECTION_MISMATCH
2026-09-07 15:28:43.266,1788794923.267,6721,87,445,4414.34,4414.42,8.0,PASS_<=10c,+0.0,FLAT,+0.0,-16.0,4.2,+0.00,0.00,SLOW,4414.50,4415.14,4413.13,4414.34,0.00,0.00,0.0,BULLISH,201.0,4414.34,4414.34,4414.34,4414.34,43,CLEARED_>=20s,1.0,0.0,0.0,0.0,0.0,0.0,0.0,PASS_<20%,0.00,0.0,NO,STANDBY_VEL_LOW,0,0.00,4590.00,78.36,FALSE,M1_DIRECTION_MISMATCH
2026-09-07 15:28:43.768,1788794923.768,6722,88,446,4414.34,4414.42,8.0,PASS_<=10c,+0.0,FLAT,+0.0,-16.0,4.2,+0.00,0.00,SLOW,4414.50,4415.14,4413.13,4414.34,0.00,0.00,0.0,BULLISH,201.0,4414.34,4414.34,4414.34,4414.34,43,CLEARED_>=20s,1.0,0.0,0.0,0.0,0.0,0.0,0.0,PASS_<20%,0.00,0.0,NO,STANDBY_VEL_LOW,0,0.00,4590.00,78.36,FALSE,M1_DIRECTION_MISMATCH
2026-09-07 15:28:44.269,1788794924.270,6723,89,447,4414.34,4414.42,8.0,PASS_<=10c,+0.0,FLAT,+0.0,-16.0,4.2,+0.00,0.00,SLOW,4414.50,4415.14,4413.13,4414.34,0.00,0.00,0.0,BULLISH,201.0,4414.34,4414.34,4414.34,4414.34,44,CLEARED_>=20s,1.0,0.0,0.0,0.0,0.0,0.0,0.0,PASS_<20%,0.00,0.0,NO,STANDBY_VEL_LOW,0,0.00,4590.00,78.36,FALSE,M1_DIRECTION_MISMATCH
2026-09-07 15:28:44.771,1788794924.772,6724,90,448,4414.34,4414.42,8.0,PASS_<=10c,+0.0,FLAT,+0.0,-16.0,4.2,+0.00,0.00,SLOW,4414.50,4415.14,4413.13,4414.34,0.00,0.00,0.0,BULLISH,201.0,4414.34,4414.34,4414.34,4414.34,44,CLEARED_>=20s,1.0,0.0,0.0,0.0,0.0,0.0,0.0,PASS_<20%,0.00,0.0,NO,STANDBY_VEL_LOW,0,0.00,4590.00,78.36,FALSE,M1_DIRECTION_MISMATCH
2026-09-07 15:28:45.273,1788794925.273,6725,91,449,4414.34,4414.42,8.0,PASS_<=10c,+0.0,FLAT,+0.0,-16.0,4.2,+0.00,0.00,SLOW,4414.50,4415.14,4413.13,4414.34,0.00,0.00,0.0,BULLISH,201.0,4414.34,4414.34,4414.34,4414.34,45,CLEARED_>=20s,1.0,0.0,0.0,0.0,0.0,0.0,0.0,PASS_<20%,0.00,0.0,NO,STANDBY_VEL_LOW,0,0.00,4590.00,78.36,FALSE,M1_DIRECTION_MISMATCH
2026-09-07 15:28:45.775,1788794925.775,6726,92,450,4414.34,4414.42,8.0,PASS_<=10c,+0.0,FLAT,+0.0,-16.0,4.2,+0.00,0.00,SLOW,4414.50,4415.14,4413.13,4414.34,0.00,0.00,0.0,BULLISH,201.0,4414.34,4414.34,4414.34,4414.34,45,CLEARED_>=20s,1.0,0.0,0.0,0.0,0.0,0.0,0.0,PASS_<20%,0.00,0.0,NO,STANDBY_VEL_LOW,0,0.00,4590.00,78.36,FALSE,M1_DIRECTION_MISMATCH
2026-09-07 15:28:46.277,1788794926.277,6727,93,451,4414.34,4414.42,8.0,PASS_<=10c,+0.0,FLAT,+0.0,-16.0,4.2,+0.00,0.00,SLOW,4414.50,4415.14,4413.13,4414.34,0.00,0.00,0.0,BULLISH,201.0,4414.34,4414.34,4414.34,4414.34,46,CLEARED_>=20s,1.0,0.0,0.0,0.0,0.0,0.0,0.0,PASS_<20%,0.00,0.0,NO,STANDBY_VEL_LOW,0,0.00,4590.00,78.36,FALSE,M1_DIRECTION_MISMATCH
2026-09-07 15:28:46.779,1788794926.780,6728,94,452,4414.34,4414.42,8.0,PASS_<=10c,+0.0,FLAT,+0.0,-16.0,4.2,+0.00,0.00,SLOW,4414.50,4415.14,4413.13,4414.34,0.00,0.00,0.0,BULLISH,201.0,4414.34,4414.34,4414.34,4414.34,46,CLEARED_>=20s,1.0,0.0,0.0,0.0,0.0,0.0,0.0,PASS_<20%,0.00,0.0,NO,STANDBY_VEL_LOW,0,0.00,4590.00,78.36,FALSE,M1_DIRECTION_MISMATCH
2026-09-07 15:28:47.279,1788794927.280,6729,95,453,4414.34,4414.42,8.0,PASS_<=10c,+0.0,FLAT,+0.0,-16.0,4.2,+0.00,0.00,SLOW,4414.50,4415.14,4413.13,4414.34,0.00,0.00,0.0,BULLISH,201.0,4414.34,4414.34,4414.34,4414.34,47,CLEARED_>=20s,1.0,0.0,0.0,0.0,0.0,0.0,0.0,PASS_<20%,0.00,0.0,NO,STANDBY_VEL_LOW,0,0.00,4590.00,78.36,FALSE,M1_DIRECTION_MISMATCH
2026-09-07 15:28:47.781,1788794927.781,6730,96,454,4414.34,4414.42,8.0,PASS_<=10c,+0.0,FLAT,+0.0,-16.0,4.2,+0.00,0.00,SLOW,4414.50,4415.14,4413.13,4414.34,0.00,0.00,0.0,BULLISH,201.0,4414.34,4414.34,4414.34,4414.34,47,CLEARED_>=20s,1.0,0.0,0.0,0.0,0.0,0.0,0.0,PASS_<20%,0.00,0.0,NO,STANDBY_VEL_LOW,0,0.00,4590.00,78.36,FALSE,M1_DIRECTION_MISMATCH
2026-09-07 15:28:48.282,1788794928.283,6731,97,455,4414.34,4414.42,8.0,PASS_<=10c,+0.0,FLAT,+0.0,-16.0,4.2,+0.00,0.00,SLOW,4414.50,4415.14,4413.13,4414.34,0.00,0.00,0.0,BULLISH,201.0,4414.34,4414.34,4414.34,4414.34,48,CLEARED_>=20s,1.0,0.0,0.0,0.0,0.0,0.0,0.0,PASS_<20%,0.00,0.0,NO,STANDBY_VEL_LOW,0,0.00,4590.00,78.36,FALSE,M1_DIRECTION_MISMATCH
2026-09-07 15:28:48.784,1788794928.785,6732,98,456,4414.34,4414.42,8.0,PASS_<=10c,+0.0,FLAT,+0.0,-16.0,4.2,+0.00,0.00,SLOW,4414.50,4415.14,4413.13,4414.34,0.00,0.00,0.0,BULLISH,201.0,4414.34,4414.34,4414.34,4414.34,48,CLEARED_>=20s,1.0,0.0,0.0,0.0,0.0,0.0,0.0,PASS_<20%,0.00,0.0,NO,STANDBY_VEL_LOW,0,0.00,4590.00,78.36,FALSE,M1_DIRECTION_MISMATCH
2026-09-07 15:28:49.286,1788794929.287,6733,99,457,4414.34,4414.42,8.0,PASS_<=10c,+0.0,FLAT,+0.0,-16.0,4.2,+0.00,0.00,SLOW,4414.50,4415.14,4413.13,4414.34,0.00,0.00,0.0,BULLISH,201.0,4414.34,4414.34,4414.34,4414.34,49,CLEARED_>=20s,1.0,0.0,0.0,0.0,0.0,0.0,0.0,PASS_<20%,0.00,0.0,NO,STANDBY_VEL_LOW,0,0.00,4590.00,78.36,FALSE,M1_DIRECTION_MISMATCH
2026-09-07 15:28:49.788,1788794929.789,6734,100,458,4414.34,4414.42,8.0,PASS_<=10c,+0.0,FLAT,+0.0,-16.0,4.2,+0.00,0.00,SLOW,4414.50,4415.14,4413.13,4414.34,0.00,0.00,0.0,BULLISH,201.0,4414.34,4414.34,4414.34,4414.34,49,CLEARED_>=20s,1.0,0.0,0.0,0.0,0.0,0.0,0.0,PASS_<20%,0.00,0.0,NO,STANDBY_VEL_LOW,0,0.00,4590.00,78.36,FALSE,M1_DIRECTION_MISMATCH
2026-09-07 15:28:50.289,1788794930.290,6735,101,459,4414.34,4414.42,8.0,PASS_<=10c,+0.0,FLAT,+0.0,-16.0,4.2,+0.00,0.00,SLOW,4414.50,4415.14,4413.13,4414.34,0.00,0.00,0.0,BULLISH,201.0,4414.34,4414.34,4414.34,4414.34,50,CLEARED_>=20s,1.0,0.0,0.0,0.0,0.0,0.0,0.0,PASS_<20%,0.00,0.0,NO,STANDBY_VEL_LOW,0,0.00,4590.00,78.36,FALSE,M1_DIRECTION_MISMATCH
2026-09-07 15:28:50.792,1788794930.792,6736,102,460,4414.34,4414.42,8.0,PASS_<=10c,+0.0,FLAT,+0.0,-16.0,4.2,+0.00,0.00,SLOW,4414.50,4415.14,4413.13,4414.34,0.00,0.00,0.0,BULLISH,201.0,4414.34,4414.34,4414.34,4414.34,50,CLEARED_>=20s,1.0,0.0,0.0,0.0,0.0,0.0,0.0,PASS_<20%,0.00,0.0,NO,STANDBY_VEL_LOW,0,0.00,4590.00,78.36,FALSE,M1_DIRECTION_MISMATCH
2026-09-07 15:28:51.294,1788794931.294,6737,103,461,4414.34,4414.42,8.0,PASS_<=10c,+0.0,FLAT,+0.0,-16.0,4.2,+0.00,0.00,SLOW,4414.50,4415.14,4413.13,4414.34,0.00,0.00,0.0,BULLISH,201.0,4414.34,4414.34,4414.34,4414.34,51,CLEARED_>=20s,1.0,0.0,0.0,0.0,0.0,0.0,0.0,PASS_<20%,0.00,0.0,NO,STANDBY_VEL_LOW,0,0.00,4590.00,78.36,FALSE,M1_DIRECTION_MISMATCH
2026-09-07 15:28:51.796,1788794931.797,6738,104,462,4414.34,4414.42,8.0,PASS_<=10c,+0.0,FLAT,+0.0,-16.0,4.2,+0.00,0.00,SLOW,4414.50,4415.14,4413.13,4414.34,0.00,0.00,0.0,BULLISH,201.0,4414.34,4414.34,4414.34,4414.34,51,CLEARED_>=20s,1.0,0.0,0.0,0.0,0.0,0.0,0.0,PASS_<20%,0.00,0.0,NO,STANDBY_VEL_LOW,0,0.00,4590.00,78.36,FALSE,M1_DIRECTION_MISMATCH
2026-09-07 15:28:52.297,1788794932.297,6739,105,463,4414.34,4414.42,8.0,PASS_<=10c,+0.0,FLAT,+0.0,-16.0,4.2,+0.00,0.00,SLOW,4414.50,4415.14,4413.13,4414.34,0.00,0.00,0.0,BULLISH,201.0,4414.34,4414.34,4414.34,4414.34,52,CLEARED_>=20s,1.0,0.0,0.0,0.0,0.0,0.0,0.0,PASS_<20%,0.00,0.0,NO,STANDBY_VEL_LOW,0,0.00,4590.00,78.36,FALSE,M1_DIRECTION_MISMATCH
2026-09-07 15:28:52.799,1788794932.799,6740,106,464,4414.34,4414.42,8.0,PASS_<=10c,+0.0,FLAT,+0.0,-16.0,4.2,+0.00,0.00,SLOW,4414.50,4415.14,4413.13,4414.34,0.00,0.00,0.0,BULLISH,201.0,4414.34,4414.34,4414.34,4414.34,52,CLEARED_>=20s,1.0,0.0,0.0,0.0,0.0,0.0,0.0,PASS_<20%,0.00,0.0,NO,STANDBY_VEL_LOW,0,0.00,4590.00,78.36,FALSE,M1_DIRECTION_MISMATCH
2026-09-07 15:28:53.300,1788794933.300,6741,107,465,4414.34,4414.42,8.0,PASS_<=10c,+0.0,FLAT,+0.0,-16.0,4.2,+0.00,0.00,SLOW,4414.50,4415.14,4413.13,4414.34,0.00,0.00,0.0,BULLISH,201.0,4414.34,4414.34,4414.34,4414.34,53,CLEARED_>=20s,1.0,0.0,0.0,0.0,0.0,0.0,0.0,PASS_<20%,0.00,0.0,NO,STANDBY_VEL_LOW,0,0.00,4590.00,78.36,FALSE,M1_DIRECTION_MISMATCH
2026-09-07 15:28:53.802,1788794933.802,6742,108,466,4414.34,4414.42,8.0,PASS_<=10c,+0.0,FLAT,+0.0,-16.0,4.2,+0.00,0.00,SLOW,4414.50,4415.14,4413.13,4414.34,0.00,0.00,0.0,BULLISH,201.0,4414.34,4414.34,4414.34,4414.34,53,CLEARED_>=20s,1.0,0.0,0.0,0.0,0.0,0.0,0.0,PASS_<20%,0.00,0.0,NO,STANDBY_VEL_LOW,0,0.00,4590.00,78.36,FALSE,M1_DIRECTION_MISMATCH
2026-09-07 15:28:54.303,1788794934.303,6743,109,467,4414.34,4414.42,8.0,PASS_<=10c,+0.0,FLAT,+0.0,-16.0,4.2,+0.00,0.00,SLOW,4414.50,4415.14,4413.13,4414.34,0.00,0.00,0.0,BULLISH,201.0,4414.34,4414.34,4414.34,4414.34,54,CLEARED_>=20s,1.0,0.0,0.0,0.0,0.0,0.0,0.0,PASS_<20%,0.00,0.0,NO,STANDBY_VEL_LOW,0,0.00,4590.00,78.36,FALSE,M1_DIRECTION_MISMATCH
2026-09-07 15:28:54.805,1788794934.806,6744,110,468,4414.34,4414.42,8.0,PASS_<=10c,+0.0,FLAT,+0.0,-16.0,4.2,+0.00,0.00,SLOW,4414.50,4415.14,4413.13,4414.34,0.00,0.00,0.0,BULLISH,201.0,4414.34,4414.34,4414.34,4414.34,54,CLEARED_>=20s,1.0,0.0,0.0,0.0,0.0,0.0,0.0,PASS_<20%,0.00,0.0,NO,STANDBY_VEL_LOW,0,0.00,4590.00,78.36,FALSE,M1_DIRECTION_MISMATCH
2026-09-07 15:28:55.307,1788794935.307,6745,111,469,4414.34,4414.42,8.0,PASS_<=10c,+0.0,FLAT,+0.0,-16.0,4.2,+0.00,0.00,SLOW,4414.50,4415.14,4413.13,4414.34,0.00,0.00,0.0,BULLISH,201.0,4414.34,4414.34,4414.34,4414.34,55,CLEARED_>=20s,1.0,0.0,0.0,0.0,0.0,0.0,0.0,PASS_<20%,0.00,0.0,NO,STANDBY_VEL_LOW,0,0.00,4590.00,78.36,FALSE,M1_DIRECTION_MISMATCH
2026-09-07 15:28:55.808,1788794935.809,6746,112,470,4414.34,4414.42,8.0,PASS_<=10c,+0.0,FLAT,+0.0,-16.0,4.2,+0.00,0.00,SLOW,4414.50,4415.14,4413.13,4414.34,0.00,0.00,0.0,BULLISH,201.0,4414.34,4414.34,4414.34,4414.34,55,CLEARED_>=20s,1.0,0.0,0.0,0.0,0.0,0.0,0.0,PASS_<20%,0.00,0.0,NO,STANDBY_VEL_LOW,0,0.00,4590.00,78.36,FALSE,M1_DIRECTION_MISMATCH
2026-09-07 15:28:56.311,1788794936.311,6747,113,471,4414.34,4414.42,8.0,PASS_<=10c,+0.0,FLAT,+0.0,-16.0,4.2,+0.00,0.00,SLOW,4414.50,4415.14,4413.13,4414.34,0.00,0.00,0.0,BULLISH,201.0,4414.34,4414.34,4414.34,4414.34,56,CLEARED_>=20s,1.0,0.0,0.0,0.0,0.0,0.0,0.0,PASS_<20%,0.00,0.0,NO,STANDBY_VEL_LOW,0,0.00,4590.00,78.36,FALSE,M1_DIRECTION_MISMATCH
2026-09-07 15:28:56.813,1788794936.813,6748,114,472,4414.34,4414.42,8.0,PASS_<=10c,+0.0,FLAT,+0.0,-16.0,4.2,+0.00,0.00,SLOW,4414.50,4415.14,4413.13,4414.34,0.00,0.00,0.0,BULLISH,201.0,4414.34,4414.34,4414.34,4414.34,56,CLEARED_>=20s,1.0,0.0,0.0,0.0,0.0,0.0,0.0,PASS_<20%,0.00,0.0,NO,STANDBY_VEL_LOW,0,0.00,4590.00,78.36,FALSE,M1_DIRECTION_MISMATCH
2026-09-07 15:28:57.314,1788794937.315,6749,115,473,4414.34,4414.42,8.0,PASS_<=10c,+0.0,FLAT,+0.0,-16.0,4.2,+0.00,0.00,SLOW,4414.50,4415.14,4413.13,4414.34,0.00,0.00,0.0,BULLISH,201.0,4414.34,4414.34,4414.34,4414.34,57,CLEARED_>=20s,1.0,0.0,0.0,0.0,0.0,0.0,0.0,PASS_<20%,0.00,0.0,NO,STANDBY_VEL_LOW,0,0.00,4590.00,78.36,FALSE,M1_DIRECTION_MISMATCH
2026-09-07 15:28:57.819,1788794937.820,6750,116,474,4414.34,4414.42,8.0,PASS_<=10c,+0.0,FLAT,+0.0,-16.0,4.2,+0.00,0.00,SLOW,4414.50,4415.14,4413.13,4414.34,0.00,0.00,0.0,BULLISH,201.0,4414.34,4414.34,4414.34,4414.34,57,CLEARED_>=20s,1.0,0.0,0.0,0.0,0.0,0.0,0.0,PASS_<20%,0.00,0.0,NO,STANDBY_VEL_LOW,0,0.00,4590.00,78.36,FALSE,M1_DIRECTION_MISMATCH
2026-09-07 15:28:58.317,1788794938.318,6751,117,475,4414.34,4414.42,8.0,PASS_<=10c,+0.0,FLAT,+0.0,-16.0,4.2,+0.00,0.00,SLOW,4414.50,4415.14,4413.13,4414.34,0.00,0.00,0.0,BULLISH,201.0,4414.34,4414.34,4414.34,4414.34,58,CLEARED_>=20s,1.0,0.0,0.0,0.0,0.0,0.0,0.0,PASS_<20%,0.00,0.0,NO,STANDBY_VEL_LOW,0,0.00,4590.00,78.36,FALSE,M1_DIRECTION_MISMATCH
2026-09-07 15:28:58.819,1788794938.820,6752,118,476,4414.34,4414.42,8.0,PASS_<=10c,+0.0,FLAT,+0.0,-16.0,4.2,+0.00,0.00,SLOW,4414.50,4415.14,4413.13,4414.34,0.00,0.00,0.0,BULLISH,201.0,4414.34,4414.34,4414.34,4414.34,58,CLEARED_>=20s,1.0,0.0,0.0,0.0,0.0,0.0,0.0,PASS_<20%,0.00,0.0,NO,STANDBY_VEL_LOW,0,0.00,4590.00,78.36,FALSE,M1_DIRECTION_MISMATCH
2026-09-07 15:28:59.321,1788794939.322,6753,119,477,4414.34,4414.42,8.0,PASS_<=10c,+0.0,FLAT,+0.0,-16.0,4.2,+0.00,0.00,SLOW,4414.50,4415.14,4413.13,4414.34,0.00,0.00,0.0,BULLISH,201.0,4414.34,4414.34,4414.34,4414.34,59,CLEARED_>=20s,1.0,0.0,0.0,0.0,0.0,0.0,0.0,PASS_<20%,0.00,0.0,NO,STANDBY_VEL_LOW,0,0.00,4590.00,78.36,FALSE,M1_DIRECTION_MISMATCH
2026-09-07 15:28:59.824,1788794939.824,6754,120,478,4414.34,4414.42,8.0,PASS_<=10c,+0.0,FLAT,+0.0,-16.0,4.2,+0.00,0.00,SLOW,4414.50,4415.14,4413.13,4414.34,0.00,0.00,0.0,BULLISH,201.0,4414.34,4414.34,4414.34,4414.34,59,CLEARED_>=20s,1.0,0.0,0.0,0.0,0.0,0.0,0.0,PASS_<20%,0.00,0.0,NO,STANDBY_VEL_LOW,0,0.00,4590.00,78.36,FALSE,M1_DIRECTION_MISMATCH
2026-09-07 15:29:00.326,1788794940.327,6755,1,479,4414.34,4414.42,8.0,PASS_<=10c,+0.0,FLAT,+0.0,-16.0,4.2,+0.00,0.00,SLOW,4414.50,4415.14,4413.13,4414.34,0.00,0.00,0.0,BULLISH,201.0,4414.34,4414.34,4414.34,4414.34,0,ACTIVE_0s,1.0,0.0,0.0,0.0,0.0,0.0,0.0,PASS_<20%,0.00,0.0,NO,STANDBY_VEL_LOW,0,0.00,4590.00,78.36,FALSE,M1_DIRECTION_MISMATCH|OPENING_SHIELD_ACTIVE_0s
2026-09-07 15:29:00.827,1788794940.828,6756,2,480,4414.34,4414.42,8.0,PASS_<=10c,+0.0,FLAT,+0.0,-16.0,4.2,+0.00,0.00,SLOW,4414.50,4415.14,4413.13,4414.34,0.00,0.00,0.0,BULLISH,201.0,4414.34,4414.34,4414.34,4414.34,0,ACTIVE_0s,1.0,0.0,0.0,0.0,0.0,0.0,0.0,PASS_<20%,0.00,0.0,NO,STANDBY_VEL_LOW,0,0.00,4590.00,78.36,FALSE,M1_DIRECTION_MISMATCH|OPENING_SHIELD_ACTIVE_0s
2026-09-07 15:29:01.329,1788794941.329,6757,3,481,4414.34,4414.42,8.0,PASS_<=10c,+0.0,FLAT,+0.0,-16.0,4.2,+0.00,0.00,SLOW,4414.50,4415.14,4413.13,4414.34,0.00,0.00,0.0,BULLISH,201.0,4414.34,4414.34,4414.34,4414.34,1,ACTIVE_1s,1.0,0.0,0.0,0.0,0.0,0.0,0.0,PASS_<20%,0.00,0.0,NO,STANDBY_VEL_LOW,0,0.00,4590.00,78.36,FALSE,M1_DIRECTION_MISMATCH|OPENING_SHIELD_ACTIVE_1s
2026-09-07 15:29:01.832,1788794941.832,6758,4,482,4414.34,4414.42,8.0,PASS_<=10c,+0.0,FLAT,+0.0,-16.0,4.2,+0.00,0.00,SLOW,4414.50,4415.14,4413.13,4414.34,0.00,0.00,0.0,BULLISH,201.0,4414.34,4414.34,4414.34,4414.34,1,ACTIVE_1s,1.0,0.0,0.0,0.0,0.0,0.0,0.0,PASS_<20%,0.00,0.0,NO,STANDBY_VEL_LOW,0,0.00,4590.00,78.36,FALSE,M1_DIRECTION_MISMATCH|OPENING_SHIELD_ACTIVE_1s
2026-09-07 15:29:02.333,1788794942.333,6759,5,483,4414.34,4414.42,8.0,PASS_<=10c,+0.0,FLAT,+0.0,-16.0,4.2,+0.00,0.00,SLOW,4414.50,4415.14,4413.13,4414.34,0.00,0.00,0.0,BULLISH,201.0,4414.34,4414.34,4414.34,4414.34,2,ACTIVE_2s,1.0,0.0,0.0,0.0,0.0,0.0,0.0,PASS_<20%,0.00,0.0,NO,STANDBY_VEL_LOW,0,0.00,4590.00,78.36,FALSE,M1_DIRECTION_MISMATCH|OPENING_SHIELD_ACTIVE_2s
2026-09-07 15:29:02.834,1788794942.834,6760,6,484,4414.34,4414.42,8.0,PASS_<=10c,+0.0,FLAT,+0.0,-16.0,4.2,+0.00,0.00,SLOW,4414.50,4415.14,4413.13,4414.34,0.00,0.00,0.0,BULLISH,201.0,4414.34,4414.34,4414.34,4414.34,2,ACTIVE_2s,1.0,0.0,0.0,0.0,0.0,0.0,0.0,PASS_<20%,0.00,0.0,NO,STANDBY_VEL_LOW,0,0.00,4590.00,78.36,FALSE,M1_DIRECTION_MISMATCH|OPENING_SHIELD_ACTIVE_2s
2026-09-07 15:29:03.336,1788794943.336,6761,7,485,4414.34,4414.42,8.0,PASS_<=10c,+0.0,FLAT,+0.0,-16.0,4.2,+0.00,0.00,SLOW,4414.50,4415.14,4413.13,4414.34,0.00,0.00,0.0,BULLISH,201.0,4414.34,4414.34,4414.34,4414.34,3,ACTIVE_3s,1.0,0.0,0.0,0.0,0.0,0.0,0.0,PASS_<20%,0.00,0.0,NO,STANDBY_VEL_LOW,0,0.00,4590.00,78.36,FALSE,M1_DIRECTION_MISMATCH|OPENING_SHIELD_ACTIVE_3s
2026-09-07 15:29:03.837,1788794943.838,6762,8,486,4414.34,4414.42,8.0,PASS_<=10c,+0.0,FLAT,+0.0,-16.0,4.2,+0.00,0.00,SLOW,4414.50,4415.14,4413.13,4414.34,0.00,0.00,0.0,BULLISH,201.0,4414.34,4414.34,4414.34,4414.34,3,ACTIVE_3s,1.0,0.0,0.0,0.0,0.0,0.0,0.0,PASS_<20%,0.00,0.0,NO,STANDBY_VEL_LOW,0,0.00,4590.00,78.36,FALSE,M1_DIRECTION_MISMATCH|OPENING_SHIELD_ACTIVE_3s
2026-09-07 15:29:04.338,1788794944.339,6763,9,487,4414.34,4414.42,8.0,PASS_<=10c,+0.0,FLAT,+0.0,-16.0,4.2,+0.00,0.00,SLOW,4414.50,4415.14,4413.13,4414.34,0.00,0.00,0.0,BULLISH,201.0,4414.34,4414.34,4414.34,4414.34,4,ACTIVE_4s,1.0,0.0,0.0,0.0,0.0,0.0,0.0,PASS_<20%,0.00,0.0,NO,STANDBY_VEL_LOW,0,0.00,4590.00,78.36,FALSE,M1_DIRECTION_MISMATCH|OPENING_SHIELD_ACTIVE_4s
2026-09-07 15:29:04.840,1788794944.841,6764,10,488,4414.34,4414.42,8.0,PASS_<=10c,+0.0,FLAT,+0.0,-16.0,4.2,+0.00,0.00,SLOW,4414.50,4415.14,4413.13,4414.34,0.00,0.00,0.0,BULLISH,201.0,4414.34,4414.34,4414.34,4414.34,4,ACTIVE_4s,1.0,0.0,0.0,0.0,0.0,0.0,0.0,PASS_<20%,0.00,0.0,NO,STANDBY_VEL_LOW,0,0.00,4590.00,78.36,FALSE,M1_DIRECTION_MISMATCH|OPENING_SHIELD_ACTIVE_4s
2026-09-07 15:29:05.342,1788794945.343,6765,11,489,4414.34,4414.42,8.0,PASS_<=10c,+0.0,FLAT,+0.0,-16.0,4.2,+0.00,0.00,SLOW,4414.50,4415.14,4413.13,4414.34,0.00,0.00,0.0,BULLISH,201.0,4414.34,4414.34,4414.34,4414.34,5,ACTIVE_5s,1.0,0.0,0.0,0.0,0.0,0.0,0.0,PASS_<20%,0.00,0.0,NO,STANDBY_VEL_LOW,0,0.00,4590.00,78.36,FALSE,M1_DIRECTION_MISMATCH|OPENING_SHIELD_ACTIVE_5s
2026-09-07 15:29:05.844,1788794945.845,6766,12,490,4414.34,4414.42,8.0,PASS_<=10c,+0.0,FLAT,+0.0,-16.0,4.2,+0.00,0.00,SLOW,4414.50,4415.14,4413.13,4414.34,0.00,0.00,0.0,BULLISH,201.0,4414.34,4414.34,4414.34,4414.34,5,ACTIVE_5s,1.0,0.0,0.0,0.0,0.0,0.0,0.0,PASS_<20%,0.00,0.0,NO,STANDBY_VEL_LOW,0,0.00,4590.00,78.36,FALSE,M1_DIRECTION_MISMATCH|OPENING_SHIELD_ACTIVE_5s
2026-09-07 15:29:06.346,1788794946.347,6767,13,491,4414.34,4414.42,8.0,PASS_<=10c,+0.0,FLAT,+0.0,-16.0,4.2,+0.00,0.00,SLOW,4414.50,4415.14,4413.13,4414.34,0.00,0.00,0.0,BULLISH,201.0,4414.34,4414.34,4414.34,4414.34,6,ACTIVE_6s,1.0,0.0,0.0,0.0,0.0,0.0,0.0,PASS_<20%,0.00,0.0,NO,STANDBY_VEL_LOW,0,0.00,4590.00,78.36,FALSE,M1_DIRECTION_MISMATCH|OPENING_SHIELD_ACTIVE_6s
2026-09-07 15:29:06.847,1788794946.847,6768,14,492,4414.34,4414.42,8.0,PASS_<=10c,+0.0,FLAT,+0.0,-16.0,4.2,+0.00,0.00,SLOW,4414.50,4415.14,4413.13,4414.34,0.00,0.00,0.0,BULLISH,201.0,4414.34,4414.34,4414.34,4414.34,6,ACTIVE_6s,1.0,0.0,0.0,0.0,0.0,0.0,0.0,PASS_<20%,0.00,0.0,NO,STANDBY_VEL_LOW,0,0.00,4590.00,78.36,FALSE,M1_DIRECTION_MISMATCH|OPENING_SHIELD_ACTIVE_6s
2026-09-07 15:29:07.349,1788794947.349,6769,15,493,4414.34,4414.42,8.0,PASS_<=10c,+0.0,FLAT,+0.0,-16.0,4.2,+0.00,0.00,SLOW,4414.50,4415.14,4413.13,4414.34,0.00,0.00,0.0,BULLISH,201.0,4414.34,4414.34,4414.34,4414.34,7,ACTIVE_7s,1.0,0.0,0.0,0.0,0.0,0.0,0.0,PASS_<20%,0.00,0.0,NO,STANDBY_VEL_LOW,0,0.00,4590.00,78.36,FALSE,M1_DIRECTION_MISMATCH|OPENING_SHIELD_ACTIVE_7s
2026-09-07 15:29:07.850,1788794947.851,6770,16,494,4414.34,4414.42,8.0,PASS_<=10c,+0.0,FLAT,+0.0,-16.0,4.2,+0.00,0.00,SLOW,4414.50,4415.14,4413.13,4414.34,0.00,0.00,0.0,BULLISH,201.0,4414.34,4414.34,4414.34,4414.34,7,ACTIVE_7s,1.0,0.0,0.0,0.0,0.0,0.0,0.0,PASS_<20%,0.00,0.0,NO,STANDBY_VEL_LOW,0,0.00,4590.00,78.36,FALSE,M1_DIRECTION_MISMATCH|OPENING_SHIELD_ACTIVE_7s
2026-09-07 15:29:08.352,1788794948.353,6771,17,495,4414.34,4414.42,8.0,PASS_<=10c,+0.0,FLAT,+0.0,-16.0,4.2,+0.00,0.00,SLOW,4414.50,4415.14,4413.13,4414.34,0.00,0.00,0.0,BULLISH,201.0,4414.34,4414.34,4414.34,4414.34,8,ACTIVE_8s,1.0,0.0,0.0,0.0,0.0,0.0,0.0,PASS_<20%,0.00,0.0,NO,STANDBY_VEL_LOW,0,0.00,4590.00,78.36,FALSE,M1_DIRECTION_MISMATCH|OPENING_SHIELD_ACTIVE_8s
2026-09-07 15:29:08.855,1788794948.855,6772,18,496,4414.34,4414.42,8.0,PASS_<=10c,+0.0,FLAT,+0.0,-16.0,4.2,+0.00,0.00,SLOW,4414.50,4415.14,4413.13,4414.34,0.00,0.00,0.0,BULLISH,201.0,4414.34,4414.34,4414.34,4414.34,8,ACTIVE_8s,1.0,0.0,0.0,0.0,0.0,0.0,0.0,PASS_<20%,0.00,0.0,NO,STANDBY_VEL_LOW,0,0.00,4590.00,78.36,FALSE,M1_DIRECTION_MISMATCH|OPENING_SHIELD_ACTIVE_8s
2026-09-07 15:29:09.357,1788794949.357,6773,19,497,4414.34,4414.42,8.0,PASS_<=10c,+0.0,FLAT,+0.0,-16.0,4.2,+0.00,0.00,SLOW,4414.50,4415.14,4413.13,4414.34,0.00,0.00,0.0,BULLISH,201.0,4414.34,4414.34,4414.34,4414.34,9,ACTIVE_9s,1.0,0.0,0.0,0.0,0.0,0.0,0.0,PASS_<20%,0.00,0.0,NO,STANDBY_VEL_LOW,0,0.00,4590.00,78.36,FALSE,M1_DIRECTION_MISMATCH|OPENING_SHIELD_ACTIVE_9s
2026-09-07 15:29:09.858,1788794949.859,6774,20,498,4414.34,4414.42,8.0,PASS_<=10c,+0.0,FLAT,+0.0,-16.0,4.2,+0.00,0.00,SLOW,4414.50,4415.14,4413.13,4414.34,0.00,0.00,0.0,BULLISH,201.0,4414.34,4414.34,4414.34,4414.34,9,ACTIVE_9s,1.0,0.0,0.0,0.0,0.0,0.0,0.0,PASS_<20%,0.00,0.0,NO,STANDBY_VEL_LOW,0,0.00,4590.00,78.36,FALSE,M1_DIRECTION_MISMATCH|OPENING_SHIELD_ACTIVE_9s
2026-09-07 15:29:10.361,1788794950.361,6775,21,499,4414.34,4414.42,8.0,PASS_<=10c,+0.0,FLAT,+0.0,-16.0,4.2,+0.00,0.00,SLOW,4414.50,4415.14,4413.13,4414.34,0.00,0.00,0.0,BULLISH,201.0,4414.34,4414.34,4414.34,4414.34,10,ACTIVE_10s,1.0,0.0,0.0,0.0,0.0,0.0,0.0,PASS_<20%,0.00,0.0,NO,STANDBY_VEL_LOW,0,0.00,4590.00,78.36,FALSE,M1_DIRECTION_MISMATCH|OPENING_SHIELD_ACTIVE_10s
2026-09-07 15:29:10.863,1788794950.864,6776,22,500,4414.34,4414.42,8.0,PASS_<=10c,+0.0,FLAT,+0.0,-16.0,4.2,+0.00,0.00,SLOW,4414.50,4415.14,4413.13,4414.34,0.00,0.00,0.0,BULLISH,201.0,4414.34,4414.34,4414.34,4414.34,10,ACTIVE_10s,1.0,0.0,0.0,0.0,0.0,0.0,0.0,PASS_<20%,0.00,0.0,NO,STANDBY_VEL_LOW,0,0.00,4590.00,78.36,FALSE,M1_DIRECTION_MISMATCH|OPENING_SHIELD_ACTIVE_10s
2026-09-07 15:29:11.365,1788794951.366,6777,23,501,4414.34,4414.42,8.0,PASS_<=10c,+0.0,FLAT,+0.0,-16.0,4.2,+0.00,0.00,SLOW,4414.50,4415.14,4413.13,4414.34,0.00,0.00,0.0,BULLISH,201.0,4414.34,4414.34,4414.34,4414.34,11,ACTIVE_11s,1.0,0.0,0.0,0.0,0.0,0.0,0.0,PASS_<20%,0.00,0.0,NO,STANDBY_VEL_LOW,0,0.00,4590.00,78.36,FALSE,M1_DIRECTION_MISMATCH|OPENING_SHIELD_ACTIVE_11s
2026-09-07 15:29:11.867,1788794951.867,6778,24,502,4414.34,4414.42,8.0,PASS_<=10c,+0.0,FLAT,+0.0,-16.0,4.2,+0.00,0.00,SLOW,4414.50,4415.14,4413.13,4414.34,0.00,0.00,0.0,BULLISH,201.0,4414.34,4414.34,4414.34,4414.34,11,ACTIVE_11s,1.0,0.0,0.0,0.0,0.0,0.0,0.0,PASS_<20%,0.00,0.0,NO,STANDBY_VEL_LOW,0,0.00,4590.00,78.36,FALSE,M1_DIRECTION_MISMATCH|OPENING_SHIELD_ACTIVE_11s
2026-09-07 15:29:12.369,1788794952.369,6779,25,503,4414.34,4414.42,8.0,PASS_<=10c,+0.0,FLAT,+0.0,-16.0,4.2,+0.00,0.00,SLOW,4414.50,4415.14,4413.13,4414.34,0.00,0.00,0.0,BULLISH,201.0,4414.34,4414.34,4414.34,4414.34,12,ACTIVE_12s,1.0,0.0,0.0,0.0,0.0,0.0,0.0,PASS_<20%,0.00,0.0,NO,STANDBY_VEL_LOW,0,0.00,4590.00,78.36,FALSE,M1_DIRECTION_MISMATCH|OPENING_SHIELD_ACTIVE_12s
2026-09-07 15:29:12.871,1788794952.872,6780,26,504,4414.34,4414.42,8.0,PASS_<=10c,+0.0,FLAT,+0.0,-16.0,4.2,+0.00,0.00,SLOW,4414.50,4415.14,4413.13,4414.34,0.00,0.00,0.0,BULLISH,201.0,4414.34,4414.34,4414.34,4414.34,12,ACTIVE_12s,1.0,0.0,0.0,0.0,0.0,0.0,0.0,PASS_<20%,0.00,0.0,NO,STANDBY_VEL_LOW,0,0.00,4590.00,78.36,FALSE,M1_DIRECTION_MISMATCH|OPENING_SHIELD_ACTIVE_12s
2026-09-07 15:29:13.373,1788794953.373,6781,27,505,4414.34,4414.42,8.0,PASS_<=10c,+0.0,FLAT,+0.0,-16.0,4.2,+0.00,0.00,SLOW,4414.50,4415.14,4413.13,4414.34,0.00,0.00,0.0,BULLISH,201.0,4414.34,4414.34,4414.34,4414.34,13,ACTIVE_13s,1.0,0.0,0.0,0.0,0.0,0.0,0.0,PASS_<20%,0.00,0.0,NO,STANDBY_VEL_LOW,0,0.00,4590.00,78.36,FALSE,M1_DIRECTION_MISMATCH|OPENING_SHIELD_ACTIVE_13s
2026-09-07 15:29:13.874,1788794953.874,6782,28,506,4414.34,4414.42,8.0,PASS_<=10c,+0.0,FLAT,+0.0,-16.0,4.2,+0.00,0.00,SLOW,4414.50,4415.14,4413.13,4414.34,0.00,0.00,0.0,BULLISH,201.0,4414.34,4414.34,4414.34,4414.34,13,ACTIVE_13s,1.0,0.0,0.0,0.0,0.0,0.0,0.0,PASS_<20%,0.00,0.0,NO,STANDBY_VEL_LOW,0,0.00,4590.00,78.36,FALSE,M1_DIRECTION_MISMATCH|OPENING_SHIELD_ACTIVE_13s
2026-09-07 15:29:14.376,1788794954.376,6783,29,507,4414.34,4414.42,8.0,PASS_<=10c,+0.0,FLAT,+0.0,-16.0,4.2,+0.00,0.00,SLOW,4414.50,4415.14,4413.13,4414.34,0.00,0.00,0.0,BULLISH,201.0,4414.34,4414.34,4414.34,4414.34,14,ACTIVE_14s,1.0,0.0,0.0,0.0,0.0,0.0,0.0,PASS_<20%,0.00,0.0,NO,STANDBY_VEL_LOW,0,0.00,4590.00,78.36,FALSE,M1_DIRECTION_MISMATCH|OPENING_SHIELD_ACTIVE_14s
2026-09-07 15:29:14.878,1788794954.878,6784,30,508,4414.34,4414.42,8.0,PASS_<=10c,+0.0,FLAT,+0.0,-16.0,4.2,+0.00,0.00,SLOW,4414.50,4415.14,4413.13,4414.34,0.00,0.00,0.0,BULLISH,201.0,4414.34,4414.34,4414.34,4414.34,14,ACTIVE_14s,1.0,0.0,0.0,0.0,0.0,0.0,0.0,PASS_<20%,0.00,0.0,NO,STANDBY_VEL_LOW,0,0.00,4590.00,78.36,FALSE,M1_DIRECTION_MISMATCH|OPENING_SHIELD_ACTIVE_14s
2026-09-07 15:29:15.380,1788794955.380,6785,31,509,4414.34,4414.42,8.0,PASS_<=10c,+0.0,FLAT,+0.0,-16.0,4.2,+0.00,0.00,SLOW,4414.50,4415.14,4413.13,4414.34,0.00,0.00,0.0,BULLISH,201.0,4414.34,4414.34,4414.34,4414.34,15,ACTIVE_15s,1.0,0.0,0.0,0.0,0.0,0.0,0.0,PASS_<20%,0.00,0.0,NO,STANDBY_VEL_LOW,0,0.00,4590.00,78.36,FALSE,M1_DIRECTION_MISMATCH|OPENING_SHIELD_ACTIVE_15s
2026-09-07 15:29:15.881,1788794955.881,6786,32,510,4414.34,4414.42,8.0,PASS_<=10c,+0.0,FLAT,+0.0,-16.0,4.2,+0.00,0.00,SLOW,4414.50,4415.14,4413.13,4414.34,0.00,0.00,0.0,BULLISH,201.0,4414.34,4414.34,4414.34,4414.34,15,ACTIVE_15s,1.0,0.0,0.0,0.0,0.0,0.0,0.0,PASS_<20%,0.00,0.0,NO,STANDBY_VEL_LOW,0,0.00,4590.00,78.36,FALSE,M1_DIRECTION_MISMATCH|OPENING_SHIELD_ACTIVE_15s
2026-09-07 15:29:16.384,1788794956.384,6787,33,511,4414.34,4414.42,8.0,PASS_<=10c,+0.0,FLAT,+0.0,-16.0,4.2,+0.00,0.00,SLOW,4414.50,4415.14,4413.13,4414.34,0.00,0.00,0.0,BULLISH,201.0,4414.34,4414.34,4414.34,4414.34,16,ACTIVE_16s,1.0,0.0,0.0,0.0,0.0,0.0,0.0,PASS_<20%,0.00,0.0,NO,STANDBY_VEL_LOW,0,0.00,4590.00,78.36,FALSE,M1_DIRECTION_MISMATCH|OPENING_SHIELD_ACTIVE_16s
2026-09-07 15:29:16.886,1788794956.886,6788,34,512,4414.34,4414.42,8.0,PASS_<=10c,+0.0,FLAT,+0.0,-16.0,4.2,+0.00,0.00,SLOW,4414.50,4415.14,4413.13,4414.34,0.00,0.00,0.0,BULLISH,201.0,4414.34,4414.34,4414.34,4414.34,16,ACTIVE_16s,1.0,0.0,0.0,0.0,0.0,0.0,0.0,PASS_<20%,0.00,0.0,NO,STANDBY_VEL_LOW,0,0.00,4590.00,78.36,FALSE,M1_DIRECTION_MISMATCH|OPENING_SHIELD_ACTIVE_16s
2026-09-07 15:29:17.387,1788794957.388,6789,35,513,4414.34,4414.42,8.0,PASS_<=10c,+0.0,FLAT,+0.0,-16.0,4.2,+0.00,0.00,SLOW,4414.50,4415.14,4413.13,4414.34,0.00,0.00,0.0,BULLISH,201.0,4414.34,4414.34,4414.34,4414.34,17,ACTIVE_17s,1.0,0.0,0.0,0.0,0.0,0.0,0.0,PASS_<20%,0.00,0.0,NO,STANDBY_VEL_LOW,0,0.00,4590.00,78.36,FALSE,M1_DIRECTION_MISMATCH|OPENING_SHIELD_ACTIVE_17s
2026-09-07 15:29:17.891,1788794957.891,6790,36,514,4414.34,4414.42,8.0,PASS_<=10c,+0.0,FLAT,+0.0,-16.0,4.2,+0.00,0.00,SLOW,4414.50,4415.14,4413.13,4414.34,0.00,0.00,0.0,BULLISH,201.0,4414.34,4414.34,4414.34,4414.34,17,ACTIVE_17s,1.0,0.0,0.0,0.0,0.0,0.0,0.0,PASS_<20%,0.00,0.0,NO,STANDBY_VEL_LOW,0,0.00,4590.00,78.36,FALSE,M1_DIRECTION_MISMATCH|OPENING_SHIELD_ACTIVE_17s
2026-09-07 15:29:18.392,1788794958.393,6791,37,515,4414.34,4414.42,8.0,PASS_<=10c,+0.0,FLAT,+0.0,-16.0,4.2,+0.00,0.00,SLOW,4414.50,4415.14,4413.13,4414.34,0.00,0.00,0.0,BULLISH,201.0,4414.34,4414.34,4414.34,4414.34,18,ACTIVE_18s,1.0,0.0,0.0,0.0,0.0,0.0,0.0,PASS_<20%,0.00,0.0,NO,STANDBY_VEL_LOW,0,0.00,4590.00,78.36,FALSE,M1_DIRECTION_MISMATCH|OPENING_SHIELD_ACTIVE_18s
2026-09-07 15:29:18.894,1788794958.895,6792,38,516,4414.34,4414.42,8.0,PASS_<=10c,+0.0,FLAT,+0.0,-16.0,4.2,+0.00,0.00,SLOW,4414.50,4415.14,4413.13,4414.34,0.00,0.00,0.0,BULLISH,201.0,4414.34,4414.34,4414.34,4414.34,18,ACTIVE_18s,1.0,0.0,0.0,0.0,0.0,0.0,0.0,PASS_<20%,0.00,0.0,NO,STANDBY_VEL_LOW,0,0.00,4590.00,78.36,FALSE,M1_DIRECTION_MISMATCH|OPENING_SHIELD_ACTIVE_18s
2026-09-07 15:29:19.397,1788794959.397,6793,39,517,4414.34,4414.42,8.0,PASS_<=10c,+0.0,FLAT,+0.0,-16.0,4.2,+0.00,0.00,SLOW,4414.50,4415.14,4413.13,4414.34,0.00,0.00,0.0,BULLISH,201.0,4414.34,4414.34,4414.34,4414.34,19,ACTIVE_19s,1.0,0.0,0.0,0.0,0.0,0.0,0.0,PASS_<20%,0.00,0.0,NO,STANDBY_VEL_LOW,0,0.00,4590.00,78.36,FALSE,M1_DIRECTION_MISMATCH|OPENING_SHIELD_ACTIVE_19s
2026-09-07 15:29:19.899,1788794959.899,6794,40,518,4414.34,4414.42,8.0,PASS_<=10c,+0.0,FLAT,+0.0,-16.0,4.2,+0.00,0.00,SLOW,4414.50,4415.14,4413.13,4414.34,0.00,0.00,0.0,BULLISH,201.0,4414.34,4414.34,4414.34,4414.34,19,ACTIVE_19s,1.0,0.0,0.0,0.0,0.0,0.0,0.0,PASS_<20%,0.00,0.0,NO,STANDBY_VEL_LOW,0,0.00,4590.00,78.36,FALSE,M1_DIRECTION_MISMATCH|OPENING_SHIELD_ACTIVE_19s
2026-09-07 15:29:20.401,1788794960.402,6795,41,519,4414.34,4414.42,8.0,PASS_<=10c,+0.0,FLAT,+0.0,-16.0,4.2,+0.00,0.00,SLOW,4414.50,4415.14,4413.13,4414.34,0.00,0.00,0.0,BULLISH,201.0,4414.34,4414.34,4414.34,4414.34,20,CLEARED_>=20s,1.0,0.0,0.0,0.0,0.0,0.0,0.0,PASS_<20%,0.00,0.0,NO,STANDBY_VEL_LOW,0,0.00,4590.00,78.36,FALSE,M1_DIRECTION_MISMATCH
2026-09-07 15:29:20.902,1788794960.903,6796,42,520,4414.34,4414.42,8.0,PASS_<=10c,+0.0,FLAT,+0.0,-16.0,4.2,+0.00,0.00,SLOW,4414.50,4415.14,4413.13,4414.34,0.00,0.00,0.0,BULLISH,201.0,4414.34,4414.34,4414.34,4414.34,20,CLEARED_>=20s,1.0,0.0,0.0,0.0,0.0,0.0,0.0,PASS_<20%,0.00,0.0,NO,STANDBY_VEL_LOW,0,0.00,4590.00,78.36,FALSE,M1_DIRECTION_MISMATCH
2026-09-07 15:29:21.403,1788794961.404,6797,43,521,4414.34,4414.42,8.0,PASS_<=10c,+0.0,FLAT,+0.0,-16.0,4.2,+0.00,0.00,SLOW,4414.50,4415.14,4413.13,4414.34,0.00,0.00,0.0,BULLISH,201.0,4414.34,4414.34,4414.34,4414.34,21,CLEARED_>=20s,1.0,0.0,0.0,0.0,0.0,0.0,0.0,PASS_<20%,0.00,0.0,NO,STANDBY_VEL_LOW,0,0.00,4590.00,78.36,FALSE,M1_DIRECTION_MISMATCH
2026-09-07 15:29:21.905,1788794961.905,6798,44,522,4414.34,4414.42,8.0,PASS_<=10c,+0.0,FLAT,+0.0,-16.0,4.2,+0.00,0.00,SLOW,4414.50,4415.14,4413.13,4414.34,0.00,0.00,0.0,BULLISH,201.0,4414.34,4414.34,4414.34,4414.34,21,CLEARED_>=20s,1.0,0.0,0.0,0.0,0.0,0.0,0.0,PASS_<20%,0.00,0.0,NO,STANDBY_VEL_LOW,0,0.00,4590.00,78.36,FALSE,M1_DIRECTION_MISMATCH
2026-09-07 15:29:22.406,1788794962.407,6799,45,523,4414.34,4414.42,8.0,PASS_<=10c,+0.0,FLAT,+0.0,-16.0,4.2,+0.00,0.00,SLOW,4414.50,4415.14,4413.13,4414.34,0.00,0.00,0.0,BULLISH,201.0,4414.34,4414.34,4414.34,4414.34,22,CLEARED_>=20s,1.0,0.0,0.0,0.0,0.0,0.0,0.0,PASS_<20%,0.00,0.0,NO,STANDBY_VEL_LOW,0,0.00,4590.00,78.36,FALSE,M1_DIRECTION_MISMATCH
2026-09-07 15:29:22.908,1788794962.908,6800,46,524,4414.34,4414.42,8.0,PASS_<=10c,+0.0,FLAT,+0.0,-16.0,4.2,+0.00,0.00,SLOW,4414.50,4415.14,4413.13,4414.34,0.00,0.00,0.0,BULLISH,201.0,4414.34,4414.34,4414.34,4414.34,22,CLEARED_>=20s,1.0,0.0,0.0,0.0,0.0,0.0,0.0,PASS_<20%,0.00,0.0,NO,STANDBY_VEL_LOW,0,0.00,4590.00,78.36,FALSE,M1_DIRECTION_MISMATCH
2026-09-07 15:29:23.409,1788794963.410,6801,47,525,4414.34,4414.42,8.0,PASS_<=10c,+0.0,FLAT,+0.0,-16.0,4.2,+0.00,0.00,SLOW,4414.50,4415.14,4413.13,4414.34,0.00,0.00,0.0,BULLISH,201.0,4414.34,4414.34,4414.34,4414.34,23,CLEARED_>=20s,1.0,0.0,0.0,0.0,0.0,0.0,0.0,PASS_<20%,0.00,0.0,NO,STANDBY_VEL_LOW,0,0.00,4590.00,78.36,FALSE,M1_DIRECTION_MISMATCH
2026-09-07 15:29:23.911,1788794963.912,6802,48,526,4414.34,4414.42,8.0,PASS_<=10c,+0.0,FLAT,+0.0,-16.0,4.2,+0.00,0.00,SLOW,4414.50,4415.14,4413.13,4414.34,0.00,0.00,0.0,BULLISH,201.0,4414.34,4414.34,4414.34,4414.34,23,CLEARED_>=20s,1.0,0.0,0.0,0.0,0.0,0.0,0.0,PASS_<20%,0.00,0.0,NO,STANDBY_VEL_LOW,0,0.00,4590.00,78.36,FALSE,M1_DIRECTION_MISMATCH
2026-09-07 15:29:24.413,1788794964.414,6803,49,527,4414.34,4414.42,8.0,PASS_<=10c,+0.0,FLAT,+0.0,-16.0,4.2,+0.00,0.00,SLOW,4414.50,4415.14,4413.13,4414.34,0.00,0.00,0.0,BULLISH,201.0,4414.34,4414.34,4414.34,4414.34,24,CLEARED_>=20s,1.0,0.0,0.0,0.0,0.0,0.0,0.0,PASS_<20%,0.00,0.0,NO,STANDBY_VEL_LOW,0,0.00,4590.00,78.36,FALSE,M1_DIRECTION_MISMATCH
2026-09-07 15:29:24.915,1788794964.916,6804,50,528,4414.34,4414.42,8.0,PASS_<=10c,+0.0,FLAT,+0.0,-16.0,4.2,+0.00,0.00,SLOW,4414.50,4415.14,4413.13,4414.34,0.00,0.00,0.0,BULLISH,201.0,4414.34,4414.34,4414.34,4414.34,24,CLEARED_>=20s,1.0,0.0,0.0,0.0,0.0,0.0,0.0,PASS_<20%,0.00,0.0,NO,STANDBY_VEL_LOW,0,0.00,4590.00,78.36,FALSE,M1_DIRECTION_MISMATCH
2026-09-07 15:29:25.416,1788794965.417,6805,51,529,4414.34,4414.42,8.0,PASS_<=10c,+0.0,FLAT,+0.0,-16.0,4.2,+0.00,0.00,SLOW,4414.50,4415.14,4413.13,4414.34,0.00,0.00,0.0,BULLISH,201.0,4414.34,4414.34,4414.34,4414.34,25,CLEARED_>=20s,1.0,0.0,0.0,0.0,0.0,0.0,0.0,PASS_<20%,0.00,0.0,NO,STANDBY_VEL_LOW,0,0.00,4590.00,78.36,FALSE,M1_DIRECTION_MISMATCH
2026-09-07 15:29:25.918,1788794965.919,6806,52,530,4414.34,4414.42,8.0,PASS_<=10c,+0.0,FLAT,+0.0,-16.0,4.2,+0.00,0.00,SLOW,4414.50,4415.14,4413.13,4414.34,0.00,0.00,0.0,BULLISH,201.0,4414.34,4414.34,4414.34,4414.34,25,CLEARED_>=20s,1.0,0.0,0.0,0.0,0.0,0.0,0.0,PASS_<20%,0.00,0.0,NO,STANDBY_VEL_LOW,0,0.00,4590.00,78.36,FALSE,M1_DIRECTION_MISMATCH
2026-09-07 15:29:26.419,1788794966.419,6807,53,531,4414.34,4414.42,8.0,PASS_<=10c,+0.0,FLAT,+0.0,-16.0,4.2,+0.00,0.00,SLOW,4414.50,4415.14,4413.13,4414.34,0.00,0.00,0.0,BULLISH,201.0,4414.34,4414.34,4414.34,4414.34,26,CLEARED_>=20s,1.0,0.0,0.0,0.0,0.0,0.0,0.0,PASS_<20%,0.00,0.0,NO,STANDBY_VEL_LOW,0,0.00,4590.00,78.36,FALSE,M1_DIRECTION_MISMATCH
2026-09-07 15:29:26.920,1788794966.921,6808,54,532,4414.34,4414.42,8.0,PASS_<=10c,+0.0,FLAT,+0.0,-16.0,4.2,+0.00,0.00,SLOW,4414.50,4415.14,4413.13,4414.34,0.00,0.00,0.0,BULLISH,201.0,4414.34,4414.34,4414.34,4414.34,26,CLEARED_>=20s,1.0,0.0,0.0,0.0,0.0,0.0,0.0,PASS_<20%,0.00,0.0,NO,STANDBY_VEL_LOW,0,0.00,4590.00,78.36,FALSE,M1_DIRECTION_MISMATCH
2026-09-07 15:29:27.422,1788794967.422,6809,55,533,4414.34,4414.42,8.0,PASS_<=10c,+0.0,FLAT,+0.0,-16.0,4.2,+0.00,0.00,SLOW,4414.50,4415.14,4413.13,4414.34,0.00,0.00,0.0,BULLISH,201.0,4414.34,4414.34,4414.34,4414.34,27,CLEARED_>=20s,1.0,0.0,0.0,0.0,0.0,0.0,0.0,PASS_<20%,0.00,0.0,NO,STANDBY_VEL_LOW,0,0.00,4590.00,78.36,FALSE,M1_DIRECTION_MISMATCH
2026-09-07 15:29:27.924,1788794967.924,6810,56,534,4414.34,4414.42,8.0,PASS_<=10c,+0.0,FLAT,+0.0,-16.0,4.2,+0.00,0.00,SLOW,4414.50,4415.14,4413.13,4414.34,0.00,0.00,0.0,BULLISH,201.0,4414.34,4414.34,4414.34,4414.34,27,CLEARED_>=20s,1.0,0.0,0.0,0.0,0.0,0.0,0.0,PASS_<20%,0.00,0.0,NO,STANDBY_VEL_LOW,0,0.00,4590.00,78.36,FALSE,M1_DIRECTION_MISMATCH
2026-09-07 15:29:28.426,1788794968.426,6811,57,535,4414.34,4414.42,8.0,PASS_<=10c,+0.0,FLAT,+0.0,-16.0,4.2,+0.00,0.00,SLOW,4414.50,4415.14,4413.13,4414.34,0.00,0.00,0.0,BULLISH,201.0,4414.34,4414.34,4414.34,4414.34,28,CLEARED_>=20s,1.0,0.0,0.0,0.0,0.0,0.0,0.0,PASS_<20%,0.00,0.0,NO,STANDBY_VEL_LOW,0,0.00,4590.00,78.36,FALSE,M1_DIRECTION_MISMATCH
2026-09-07 15:29:28.926,1788794968.927,6812,58,536,4414.34,4414.42,8.0,PASS_<=10c,+0.0,FLAT,+0.0,-16.0,4.2,+0.00,0.00,SLOW,4414.50,4415.14,4413.13,4414.34,0.00,0.00,0.0,BULLISH,201.0,4414.34,4414.34,4414.34,4414.34,28,CLEARED_>=20s,1.0,0.0,0.0,0.0,0.0,0.0,0.0,PASS_<20%,0.00,0.0,NO,STANDBY_VEL_LOW,0,0.00,4590.00,78.36,FALSE,M1_DIRECTION_MISMATCH
2026-09-07 15:29:29.428,1788794969.429,6813,59,537,4414.34,4414.42,8.0,PASS_<=10c,+0.0,FLAT,+0.0,-16.0,4.2,+0.00,0.00,SLOW,4414.50,4415.14,4413.13,4414.34,0.00,0.00,0.0,BULLISH,201.0,4414.34,4414.34,4414.34,4414.34,29,CLEARED_>=20s,1.0,0.0,0.0,0.0,0.0,0.0,0.0,PASS_<20%,0.00,0.0,NO,STANDBY_VEL_LOW,0,0.00,4590.00,78.36,FALSE,M1_DIRECTION_MISMATCH
2026-09-07 15:29:29.931,1788794969.931,6814,60,538,4414.34,4414.42,8.0,PASS_<=10c,+0.0,FLAT,+0.0,-16.0,4.2,+0.00,0.00,SLOW,4414.50,4415.14,4413.13,4414.34,0.00,0.00,0.0,BULLISH,201.0,4414.34,4414.34,4414.34,4414.34,29,CLEARED_>=20s,1.0,0.0,0.0,0.0,0.0,0.0,0.0,PASS_<20%,0.00,0.0,NO,STANDBY_VEL_LOW,0,0.00,4590.00,78.36,FALSE,M1_DIRECTION_MISMATCH
2026-09-07 15:29:30.432,1788794970.433,6815,61,539,4414.34,4414.42,8.0,PASS_<=10c,+0.0,FLAT,+0.0,-16.0,4.2,+0.00,0.00,SLOW,4414.50,4415.14,4413.13,4414.34,0.00,0.00,0.0,BULLISH,201.0,4414.34,4414.34,4414.34,4414.34,30,CLEARED_>=20s,1.0,0.0,0.0,0.0,0.0,0.0,0.0,PASS_<20%,0.00,0.0,NO,STANDBY_VEL_LOW,0,0.00,4590.00,78.36,FALSE,M1_DIRECTION_MISMATCH
2026-09-07 15:29:30.934,1788794970.935,6816,62,540,4414.34,4414.42,8.0,PASS_<=10c,+0.0,FLAT,+0.0,-16.0,4.2,+0.00,0.00,SLOW,4414.50,4415.14,4413.13,4414.34,0.00,0.00,0.0,BULLISH,201.0,4414.34,4414.34,4414.34,4414.34,30,CLEARED_>=20s,1.0,0.0,0.0,0.0,0.0,0.0,0.0,PASS_<20%,0.00,0.0,NO,STANDBY_VEL_LOW,0,0.00,4590.00,78.36,FALSE,M1_DIRECTION_MISMATCH
2026-09-07 15:29:31.436,1788794971.436,6817,63,541,4414.34,4414.42,8.0,PASS_<=10c,+0.0,FLAT,+0.0,-16.0,4.2,+0.00,0.00,SLOW,4414.50,4415.14,4413.13,4414.34,0.00,0.00,0.0,BULLISH,201.0,4414.34,4414.34,4414.34,4414.34,31,CLEARED_>=20s,1.0,0.0,0.0,0.0,0.0,0.0,0.0,PASS_<20%,0.00,0.0,NO,STANDBY_VEL_LOW,0,0.00,4590.00,78.36,FALSE,M1_DIRECTION_MISMATCH
2026-09-07 15:29:31.938,1788794971.939,6818,64,542,4414.34,4414.42,8.0,PASS_<=10c,+0.0,FLAT,+0.0,-16.0,4.2,+0.00,0.00,SLOW,4414.50,4415.14,4413.13,4414.34,0.00,0.00,0.0,BULLISH,201.0,4414.34,4414.34,4414.34,4414.34,31,CLEARED_>=20s,1.0,0.0,0.0,0.0,0.0,0.0,0.0,PASS_<20%,0.00,0.0,NO,STANDBY_VEL_LOW,0,0.00,4590.00,78.36,FALSE,M1_DIRECTION_MISMATCH
2026-09-07 15:29:32.439,1788794972.440,6819,65,543,4414.34,4414.42,8.0,PASS_<=10c,+0.0,FLAT,+0.0,-16.0,4.2,+0.00,0.00,SLOW,4414.50,4415.14,4413.13,4414.34,0.00,0.00,0.0,BULLISH,201.0,4414.34,4414.34,4414.34,4414.34,32,CLEARED_>=20s,1.0,0.0,0.0,0.0,0.0,0.0,0.0,PASS_<20%,0.00,0.0,NO,STANDBY_VEL_LOW,0,0.00,4590.00,78.36,FALSE,M1_DIRECTION_MISMATCH
2026-09-07 15:29:32.940,1788794972.941,6820,66,544,4414.34,4414.42,8.0,PASS_<=10c,+0.0,FLAT,+0.0,-16.0,4.2,+0.00,0.00,SLOW,4414.50,4415.14,4413.13,4414.34,0.00,0.00,0.0,BULLISH,201.0,4414.34,4414.34,4414.34,4414.34,32,CLEARED_>=20s,1.0,0.0,0.0,0.0,0.0,0.0,0.0,PASS_<20%,0.00,0.0,NO,STANDBY_VEL_LOW,0,0.00,4590.00,78.36,FALSE,M1_DIRECTION_MISMATCH
2026-09-07 15:29:33.442,1788794973.442,6821,67,545,4414.34,4414.42,8.0,PASS_<=10c,+0.0,FLAT,+0.0,-16.0,4.2,+0.00,0.00,SLOW,4414.50,4415.14,4413.13,4414.34,0.00,0.00,0.0,BULLISH,201.0,4414.34,4414.34,4414.34,4414.34,33,CLEARED_>=20s,1.0,0.0,0.0,0.0,0.0,0.0,0.0,PASS_<20%,0.00,0.0,NO,STANDBY_VEL_LOW,0,0.00,4590.00,78.36,FALSE,M1_DIRECTION_MISMATCH
2026-09-07 15:29:33.943,1788794973.943,6822,68,546,4414.34,4414.42,8.0,PASS_<=10c,+0.0,FLAT,+0.0,-16.0,4.2,+0.00,0.00,SLOW,4414.50,4415.14,4413.13,4414.34,0.00,0.00,0.0,BULLISH,201.0,4414.34,4414.34,4414.34,4414.34,33,CLEARED_>=20s,1.0,0.0,0.0,0.0,0.0,0.0,0.0,PASS_<20%,0.00,0.0,NO,STANDBY_VEL_LOW,0,0.00,4590.00,78.36,FALSE,M1_DIRECTION_MISMATCH
2026-09-07 15:29:34.444,1788794974.445,6823,69,547,4414.34,4414.42,8.0,PASS_<=10c,+0.0,FLAT,+0.0,-16.0,4.2,+0.00,0.00,SLOW,4414.50,4415.14,4413.13,4414.34,0.00,0.00,0.0,BULLISH,201.0,4414.34,4414.34,4414.34,4414.34,34,CLEARED_>=20s,1.0,0.0,0.0,0.0,0.0,0.0,0.0,PASS_<20%,0.00,0.0,NO,STANDBY_VEL_LOW,0,0.00,4590.00,78.36,FALSE,M1_DIRECTION_MISMATCH
2026-09-07 15:29:34.946,1788794974.947,6824,70,548,4414.34,4414.42,8.0,PASS_<=10c,+0.0,FLAT,+0.0,-16.0,4.2,+0.00,0.00,SLOW,4414.50,4415.14,4413.13,4414.34,0.00,0.00,0.0,BULLISH,201.0,4414.34,4414.34,4414.34,4414.34,34,CLEARED_>=20s,1.0,0.0,0.0,0.0,0.0,0.0,0.0,PASS_<20%,0.00,0.0,NO,STANDBY_VEL_LOW,0,0.00,4590.00,78.36,FALSE,M1_DIRECTION_MISMATCH
2026-09-07 15:29:35.448,1788794975.449,6825,71,549,4414.34,4414.42,8.0,PASS_<=10c,+0.0,FLAT,+0.0,-16.0,4.2,+0.00,0.00,SLOW,4414.50,4415.14,4413.13,4414.34,0.00,0.00,0.0,BULLISH,201.0,4414.34,4414.34,4414.34,4414.34,35,CLEARED_>=20s,1.0,0.0,0.0,0.0,0.0,0.0,0.0,PASS_<20%,0.00,0.0,NO,STANDBY_VEL_LOW,0,0.00,4590.00,78.36,FALSE,M1_DIRECTION_MISMATCH
2026-09-07 15:29:35.950,1788794975.951,6826,72,550,4414.34,4414.42,8.0,PASS_<=10c,+0.0,FLAT,+0.0,-16.0,4.2,+0.00,0.00,SLOW,4414.50,4415.14,4413.13,4414.34,0.00,0.00,0.0,BULLISH,201.0,4414.34,4414.34,4414.34,4414.34,35,CLEARED_>=20s,1.0,0.0,0.0,0.0,0.0,0.0,0.0,PASS_<20%,0.00,0.0,NO,STANDBY_VEL_LOW,0,0.00,4590.00,78.36,FALSE,M1_DIRECTION_MISMATCH
2026-09-07 15:29:36.452,1788794976.452,6827,73,551,4414.34,4414.42,8.0,PASS_<=10c,+0.0,FLAT,+0.0,-16.0,4.2,+0.00,0.00,SLOW,4414.50,4415.14,4413.13,4414.34,0.00,0.00,0.0,BULLISH,201.0,4414.34,4414.34,4414.34,4414.34,36,CLEARED_>=20s,1.0,0.0,0.0,0.0,0.0,0.0,0.0,PASS_<20%,0.00,0.0,NO,STANDBY_VEL_LOW,0,0.00,4590.00,78.36,FALSE,M1_DIRECTION_MISMATCH
2026-09-07 15:29:36.954,1788794976.954,6828,74,552,4414.34,4414.42,8.0,PASS_<=10c,+0.0,FLAT,+0.0,-16.0,4.2,+0.00,0.00,SLOW,4414.50,4415.14,4413.13,4414.34,0.00,0.00,0.0,BULLISH,201.0,4414.34,4414.34,4414.34,4414.34,36,CLEARED_>=20s,1.0,0.0,0.0,0.0,0.0,0.0,0.0,PASS_<20%,0.00,0.0,NO,STANDBY_VEL_LOW,0,0.00,4590.00,78.36,FALSE,M1_DIRECTION_MISMATCH
2026-09-07 15:29:37.455,1788794977.456,6829,75,553,4414.34,4414.42,8.0,PASS_<=10c,+0.0,FLAT,+0.0,-16.0,4.2,+0.00,0.00,SLOW,4414.50,4415.14,4413.13,4414.34,0.00,0.00,0.0,BULLISH,201.0,4414.34,4414.34,4414.34,4414.34,37,CLEARED_>=20s,1.0,0.0,0.0,0.0,0.0,0.0,0.0,PASS_<20%,0.00,0.0,NO,STANDBY_VEL_LOW,0,0.00,4590.00,78.36,FALSE,M1_DIRECTION_MISMATCH
2026-09-07 15:29:37.957,1788794977.958,6830,76,554,4414.34,4414.42,8.0,PASS_<=10c,+0.0,FLAT,+0.0,-16.0,4.2,+0.00,0.00,SLOW,4414.50,4415.14,4413.13,4414.34,0.00,0.00,0.0,BULLISH,201.0,4414.34,4414.34,4414.34,4414.34,37,CLEARED_>=20s,1.0,0.0,0.0,0.0,0.0,0.0,0.0,PASS_<20%,0.00,0.0,NO,STANDBY_VEL_LOW,0,0.00,4590.00,78.36,FALSE,M1_DIRECTION_MISMATCH
2026-09-07 15:29:38.459,1788794978.459,6831,77,555,4414.34,4414.42,8.0,PASS_<=10c,+0.0,FLAT,+0.0,-16.0,4.2,+0.00,0.00,SLOW,4414.50,4415.14,4413.13,4414.34,0.00,0.00,0.0,BULLISH,201.0,4414.34,4414.34,4414.34,4414.34,38,CLEARED_>=20s,1.0,0.0,0.0,0.0,0.0,0.0,0.0,PASS_<20%,0.00,0.0,NO,STANDBY_VEL_LOW,0,0.00,4590.00,78.36,FALSE,M1_DIRECTION_MISMATCH
2026-09-07 15:29:38.960,1788794978.961,6832,78,556,4414.34,4414.42,8.0,PASS_<=10c,+0.0,FLAT,+0.0,-16.0,4.2,+0.00,0.00,SLOW,4414.50,4415.14,4413.13,4414.34,0.00,0.00,0.0,BULLISH,201.0,4414.34,4414.34,4414.34,4414.34,38,CLEARED_>=20s,1.0,0.0,0.0,0.0,0.0,0.0,0.0,PASS_<20%,0.00,0.0,NO,STANDBY_VEL_LOW,0,0.00,4590.00,78.36,FALSE,M1_DIRECTION_MISMATCH
2026-09-07 15:29:39.462,1788794979.463,6833,79,557,4414.34,4414.42,8.0,PASS_<=10c,+0.0,FLAT,+0.0,-16.0,4.2,+0.00,0.00,SLOW,4414.50,4415.14,4413.13,4414.34,0.00,0.00,0.0,BULLISH,201.0,4414.34,4414.34,4414.34,4414.34,39,CLEARED_>=20s,1.0,0.0,0.0,0.0,0.0,0.0,0.0,PASS_<20%,0.00,0.0,NO,STANDBY_VEL_LOW,0,0.00,4590.00,78.36,FALSE,M1_DIRECTION_MISMATCH
2026-09-07 15:29:39.968,1788794979.968,6834,80,558,4414.34,4414.42,8.0,PASS_<=10c,+0.0,FLAT,+0.0,-16.0,4.2,+0.00,0.00,SLOW,4414.50,4415.14,4413.13,4414.34,0.00,0.00,0.0,BULLISH,201.0,4414.34,4414.34,4414.34,4414.34,39,CLEARED_>=20s,1.0,0.0,0.0,0.0,0.0,0.0,0.0,PASS_<20%,0.00,0.0,NO,STANDBY_VEL_LOW,0,0.00,4590.00,78.36,FALSE,M1_DIRECTION_MISMATCH
2026-09-07 15:29:40.466,1788794980.466,6835,81,559,4414.34,4414.42,8.0,PASS_<=10c,+0.0,FLAT,+0.0,-16.0,4.2,+0.00,0.00,SLOW,4414.50,4415.14,4413.13,4414.34,0.00,0.00,0.0,BULLISH,201.0,4414.34,4414.34,4414.34,4414.34,40,CLEARED_>=20s,1.0,0.0,0.0,0.0,0.0,0.0,0.0,PASS_<20%,0.00,0.0,NO,STANDBY_VEL_LOW,0,0.00,4590.00,78.36,FALSE,M1_DIRECTION_MISMATCH
2026-09-07 15:29:40.968,1788794980.969,6836,82,560,4414.34,4414.42,8.0,PASS_<=10c,+0.0,FLAT,+0.0,-16.0,4.2,+0.00,0.00,SLOW,4414.50,4415.14,4413.13,4414.34,0.00,0.00,0.0,BULLISH,201.0,4414.34,4414.34,4414.34,4414.34,40,CLEARED_>=20s,1.0,0.0,0.0,0.0,0.0,0.0,0.0,PASS_<20%,0.00,0.0,NO,STANDBY_VEL_LOW,0,0.00,4590.00,78.36,FALSE,M1_DIRECTION_MISMATCH
2026-09-07 15:29:41.470,1788794981.471,6837,83,561,4414.34,4414.42,8.0,PASS_<=10c,+0.0,FLAT,+0.0,-16.0,4.2,+0.00,0.00,SLOW,4414.50,4415.14,4413.13,4414.34,0.00,0.00,0.0,BULLISH,201.0,4414.34,4414.34,4414.34,4414.34,41,CLEARED_>=20s,1.0,0.0,0.0,0.0,0.0,0.0,0.0,PASS_<20%,0.00,0.0,NO,STANDBY_VEL_LOW,0,0.00,4590.00,78.36,FALSE,M1_DIRECTION_MISMATCH
2026-09-07 15:29:41.973,1788794981.973,6838,84,562,4414.34,4414.42,8.0,PASS_<=10c,+0.0,FLAT,+0.0,-16.0,4.2,+0.00,0.00,SLOW,4414.50,4415.14,4413.13,4414.34,0.00,0.00,0.0,BULLISH,201.0,4414.34,4414.34,4414.34,4414.34,41,CLEARED_>=20s,1.0,0.0,0.0,0.0,0.0,0.0,0.0,PASS_<20%,0.00,0.0,NO,STANDBY_VEL_LOW,0,0.00,4590.00,78.36,FALSE,M1_DIRECTION_MISMATCH
2026-09-07 15:29:42.474,1788794982.475,6839,85,563,4414.34,4414.42,8.0,PASS_<=10c,+0.0,FLAT,+0.0,-16.0,4.2,+0.00,0.00,SLOW,4414.50,4415.14,4413.13,4414.34,0.00,0.00,0.0,BULLISH,201.0,4414.34,4414.34,4414.34,4414.34,42,CLEARED_>=20s,1.0,0.0,0.0,0.0,0.0,0.0,0.0,PASS_<20%,0.00,0.0,NO,STANDBY_VEL_LOW,0,0.00,4590.00,78.36,FALSE,M1_DIRECTION_MISMATCH
2026-09-07 15:29:42.977,1788794982.978,6840,86,564,4414.34,4414.42,8.0,PASS_<=10c,+0.0,FLAT,+0.0,-16.0,4.2,+0.00,0.00,SLOW,4414.50,4415.14,4413.13,4414.34,0.00,0.00,0.0,BULLISH,201.0,4414.34,4414.34,4414.34,4414.34,42,CLEARED_>=20s,1.0,0.0,0.0,0.0,0.0,0.0,0.0,PASS_<20%,0.00,0.0,NO,STANDBY_VEL_LOW,0,0.00,4590.00,78.36,FALSE,M1_DIRECTION_MISMATCH
2026-09-07 15:29:43.480,1788794983.480,6841,87,565,4414.34,4414.42,8.0,PASS_<=10c,+0.0,FLAT,+0.0,-16.0,4.2,+0.00,0.00,SLOW,4414.50,4415.14,4413.13,4414.34,0.00,0.00,0.0,BULLISH,201.0,4414.34,4414.34,4414.34,4414.34,43,CLEARED_>=20s,1.0,0.0,0.0,0.0,0.0,0.0,0.0,PASS_<20%,0.00,0.0,NO,STANDBY_VEL_LOW,0,0.00,4590.00,78.36,FALSE,M1_DIRECTION_MISMATCH
2026-09-07 15:29:43.981,1788794983.981,6842,88,566,4414.34,4414.42,8.0,PASS_<=10c,+0.0,FLAT,+0.0,-16.0,4.2,+0.00,0.00,SLOW,4414.50,4415.14,4413.13,4414.34,0.00,0.00,0.0,BULLISH,201.0,4414.34,4414.34,4414.34,4414.34,43,CLEARED_>=20s,1.0,0.0,0.0,0.0,0.0,0.0,0.0,PASS_<20%,0.00,0.0,NO,STANDBY_VEL_LOW,0,0.00,4590.00,78.36,FALSE,M1_DIRECTION_MISMATCH
2026-09-07 15:29:44.483,1788794984.483,6843,89,567,4414.34,4414.42,8.0,PASS_<=10c,+0.0,FLAT,+0.0,-16.0,4.2,+0.00,0.00,SLOW,4414.50,4415.14,4413.13,4414.34,0.00,0.00,0.0,BULLISH,201.0,4414.34,4414.34,4414.34,4414.34,44,CLEARED_>=20s,1.0,0.0,0.0,0.0,0.0,0.0,0.0,PASS_<20%,0.00,0.0,NO,STANDBY_VEL_LOW,0,0.00,4590.00,78.36,FALSE,M1_DIRECTION_MISMATCH
2026-09-07 15:29:44.985,1788794984.986,6844,90,568,4414.34,4414.42,8.0,PASS_<=10c,+0.0,FLAT,+0.0,-16.0,4.2,+0.00,0.00,SLOW,4414.50,4415.14,4413.13,4414.34,0.00,0.00,0.0,BULLISH,201.0,4414.34,4414.34,4414.34,4414.34,44,CLEARED_>=20s,1.0,0.0,0.0,0.0,0.0,0.0,0.0,PASS_<20%,0.00,0.0,NO,STANDBY_VEL_LOW,0,0.00,4590.00,78.36,FALSE,M1_DIRECTION_MISMATCH
2026-09-07 15:29:45.488,1788794985.488,6845,91,569,4414.34,4414.42,8.0,PASS_<=10c,+0.0,FLAT,+0.0,-16.0,4.2,+0.00,0.00,SLOW,4414.50,4415.14,4413.13,4414.34,0.00,0.00,0.0,BULLISH,201.0,4414.34,4414.34,4414.34,4414.34,45,CLEARED_>=20s,1.0,0.0,0.0,0.0,0.0,0.0,0.0,PASS_<20%,0.00,0.0,NO,STANDBY_VEL_LOW,0,0.00,4590.00,78.36,FALSE,M1_DIRECTION_MISMATCH
2026-09-07 15:29:45.990,1788794985.990,6846,92,570,4414.34,4414.42,8.0,PASS_<=10c,+0.0,FLAT,+0.0,-16.0,4.2,+0.00,0.00,SLOW,4414.50,4415.14,4413.13,4414.34,0.00,0.00,0.0,BULLISH,201.0,4414.34,4414.34,4414.34,4414.34,45,CLEARED_>=20s,1.0,0.0,0.0,0.0,0.0,0.0,0.0,PASS_<20%,0.00,0.0,NO,STANDBY_VEL_LOW,0,0.00,4590.00,78.36,FALSE,M1_DIRECTION_MISMATCH
2026-09-07 15:29:46.492,1788794986.493,6847,93,571,4414.34,4414.42,8.0,PASS_<=10c,+0.0,FLAT,+0.0,-16.0,4.2,+0.00,0.00,SLOW,4414.50,4415.14,4413.13,4414.34,0.00,0.00,0.0,BULLISH,201.0,4414.34,4414.34,4414.34,4414.34,46,CLEARED_>=20s,1.0,0.0,0.0,0.0,0.0,0.0,0.0,PASS_<20%,0.00,0.0,NO,STANDBY_VEL_LOW,0,0.00,4590.00,78.36,FALSE,M1_DIRECTION_MISMATCH
2026-09-07 15:29:46.994,1788794986.995,6848,94,572,4414.34,4414.42,8.0,PASS_<=10c,+0.0,FLAT,+0.0,-16.0,4.2,+0.00,0.00,SLOW,4414.50,4415.14,4413.13,4414.34,0.00,0.00,0.0,BULLISH,201.0,4414.34,4414.34,4414.34,4414.34,46,CLEARED_>=20s,1.0,0.0,0.0,0.0,0.0,0.0,0.0,PASS_<20%,0.00,0.0,NO,STANDBY_VEL_LOW,0,0.00,4590.00,78.36,FALSE,M1_DIRECTION_MISMATCH
2026-09-07 15:29:47.496,1788794987.497,6849,95,573,4414.34,4414.42,8.0,PASS_<=10c,+0.0,FLAT,+0.0,-16.0,4.2,+0.00,0.00,SLOW,4414.50,4415.14,4413.13,4414.34,0.00,0.00,0.0,BULLISH,201.0,4414.34,4414.34,4414.34,4414.34,47,CLEARED_>=20s,1.0,0.0,0.0,0.0,0.0,0.0,0.0,PASS_<20%,0.00,0.0,NO,STANDBY_VEL_LOW,0,0.00,4590.00,78.36,FALSE,M1_DIRECTION_MISMATCH
2026-09-07 15:29:47.998,1788794987.998,6850,96,574,4414.34,4414.42,8.0,PASS_<=10c,+0.0,FLAT,+0.0,-16.0,4.2,+0.00,0.00,SLOW,4414.50,4415.14,4413.13,4414.34,0.00,0.00,0.0,BULLISH,201.0,4414.34,4414.34,4414.34,4414.34,47,CLEARED_>=20s,1.0,0.0,0.0,0.0,0.0,0.0,0.0,PASS_<20%,0.00,0.0,NO,STANDBY_VEL_LOW,0,0.00,4590.00,78.36,FALSE,M1_DIRECTION_MISMATCH
2026-09-07 15:29:48.499,1788794988.500,6851,97,575,4414.34,4414.42,8.0,PASS_<=10c,+0.0,FLAT,+0.0,-16.0,4.2,+0.00,0.00,SLOW,4414.50,4415.14,4413.13,4414.34,0.00,0.00,0.0,BULLISH,201.0,4414.34,4414.34,4414.34,4414.34,48,CLEARED_>=20s,1.0,0.0,0.0,0.0,0.0,0.0,0.0,PASS_<20%,0.00,0.0,NO,STANDBY_VEL_LOW,0,0.00,4590.00,78.36,FALSE,M1_DIRECTION_MISMATCH
2026-09-07 15:29:49.002,1788794989.003,6852,98,576,4414.34,4414.42,8.0,PASS_<=10c,+0.0,FLAT,+0.0,-16.0,4.2,+0.00,0.00,SLOW,4414.50,4415.14,4413.13,4414.34,0.00,0.00,0.0,BULLISH,201.0,4414.34,4414.34,4414.34,4414.34,49,CLEARED_>=20s,1.0,0.0,0.0,0.0,0.0,0.0,0.0,PASS_<20%,0.00,0.0,NO,STANDBY_VEL_LOW,0,0.00,4590.00,78.36,FALSE,M1_DIRECTION_MISMATCH
2026-09-07 15:29:49.503,1788794989.503,6853,99,577,4414.34,4414.42,8.0,PASS_<=10c,+0.0,FLAT,+0.0,-16.0,4.2,+0.00,0.00,SLOW,4414.50,4415.14,4413.13,4414.34,0.00,0.00,0.0,BULLISH,201.0,4414.34,4414.34,4414.34,4414.34,49,CLEARED_>=20s,1.0,0.0,0.0,0.0,0.0,0.0,0.0,PASS_<20%,0.00,0.0,NO,STANDBY_VEL_LOW,0,0.00,4590.00,78.36,FALSE,M1_DIRECTION_MISMATCH
2026-09-07 15:29:50.005,1788794990.005,6854,100,578,4414.34,4414.42,8.0,PASS_<=10c,+0.0,FLAT,+0.0,-16.0,4.2,+0.00,0.00,SLOW,4414.50,4415.14,4413.13,4414.34,0.00,0.00,0.0,BULLISH,201.0,4414.34,4414.34,4414.34,4414.34,50,CLEARED_>=20s,1.0,0.0,0.0,0.0,0.0,0.0,0.0,PASS_<20%,0.00,0.0,NO,STANDBY_VEL_LOW,0,0.00,4590.00,78.36,FALSE,M1_DIRECTION_MISMATCH
2026-09-07 15:29:50.508,1788794990.508,6855,101,579,4414.34,4414.42,8.0,PASS_<=10c,+0.0,FLAT,+0.0,-16.0,4.2,+0.00,0.00,SLOW,4414.50,4415.14,4413.13,4414.34,0.00,0.00,0.0,BULLISH,201.0,4414.34,4414.34,4414.34,4414.34,50,CLEARED_>=20s,1.0,0.0,0.0,0.0,0.0,0.0,0.0,PASS_<20%,0.00,0.0,NO,STANDBY_VEL_LOW,0,0.00,4590.00,78.36,FALSE,M1_DIRECTION_MISMATCH
2026-09-07 15:29:51.009,1788794991.009,6856,102,580,4414.34,4414.42,8.0,PASS_<=10c,+0.0,FLAT,+0.0,-16.0,4.2,+0.00,0.00,SLOW,4414.50,4415.14,4413.13,4414.34,0.00,0.00,0.0,BULLISH,201.0,4414.34,4414.34,4414.34,4414.34,51,CLEARED_>=20s,1.0,0.0,0.0,0.0,0.0,0.0,0.0,PASS_<20%,0.00,0.0,NO,STANDBY_VEL_LOW,0,0.00,4590.00,78.36,FALSE,M1_DIRECTION_MISMATCH
2026-09-07 15:29:51.512,1788794991.512,6857,103,581,4414.34,4414.42,8.0,PASS_<=10c,+0.0,FLAT,+0.0,-16.0,4.2,+0.00,0.00,SLOW,4414.50,4415.14,4413.13,4414.34,0.00,0.00,0.0,BULLISH,201.0,4414.34,4414.34,4414.34,4414.34,51,CLEARED_>=20s,1.0,0.0,0.0,0.0,0.0,0.0,0.0,PASS_<20%,0.00,0.0,NO,STANDBY_VEL_LOW,0,0.00,4590.00,78.36,FALSE,M1_DIRECTION_MISMATCH
2026-09-07 15:29:52.013,1788794992.014,6858,104,582,4414.34,4414.42,8.0,PASS_<=10c,+0.0,FLAT,+0.0,-16.0,4.2,+0.00,0.00,SLOW,4414.50,4415.14,4413.13,4414.34,0.00,0.00,0.0,BULLISH,201.0,4414.34,4414.34,4414.34,4414.34,52,CLEARED_>=20s,1.0,0.0,0.0,0.0,0.0,0.0,0.0,PASS_<20%,0.00,0.0,NO,STANDBY_VEL_LOW,0,0.00,4590.00,78.36,FALSE,M1_DIRECTION_MISMATCH
2026-09-07 15:29:52.515,1788794992.516,6859,105,583,4414.34,4414.42,8.0,PASS_<=10c,+0.0,FLAT,+0.0,-16.0,4.2,+0.00,0.00,SLOW,4414.50,4415.14,4413.13,4414.34,0.00,0.00,0.0,BULLISH,201.0,4414.34,4414.34,4414.34,4414.34,52,CLEARED_>=20s,1.0,0.0,0.0,0.0,0.0,0.0,0.0,PASS_<20%,0.00,0.0,NO,STANDBY_VEL_LOW,0,0.00,4590.00,78.36,FALSE,M1_DIRECTION_MISMATCH
2026-09-07 15:29:53.017,1788794993.017,6860,106,584,4414.34,4414.42,8.0,PASS_<=10c,+0.0,FLAT,+0.0,-16.0,4.2,+0.00,0.00,SLOW,4414.50,4415.14,4413.13,4414.34,0.00,0.00,0.0,BULLISH,201.0,4414.34,4414.34,4414.34,4414.34,53,CLEARED_>=20s,1.0,0.0,0.0,0.0,0.0,0.0,0.0,PASS_<20%,0.00,0.0,NO,STANDBY_VEL_LOW,0,0.00,4590.00,78.36,FALSE,M1_DIRECTION_MISMATCH
2026-09-07 15:29:53.518,1788794993.519,6861,107,585,4414.34,4414.42,8.0,PASS_<=10c,+0.0,FLAT,+0.0,-16.0,4.2,+0.00,0.00,SLOW,4414.50,4415.14,4413.13,4414.34,0.00,0.00,0.0,BULLISH,201.0,4414.34,4414.34,4414.34,4414.34,53,CLEARED_>=20s,1.0,0.0,0.0,0.0,0.0,0.0,0.0,PASS_<20%,0.00,0.0,NO,STANDBY_VEL_LOW,0,0.00,4590.00,78.36,FALSE,M1_DIRECTION_MISMATCH
2026-09-07 15:29:54.020,1788794994.020,6862,108,586,4414.34,4414.42,8.0,PASS_<=10c,+0.0,FLAT,+0.0,-16.0,4.2,+0.00,0.00,SLOW,4414.50,4415.14,4413.13,4414.34,0.00,0.00,0.0,BULLISH,201.0,4414.34,4414.34,4414.34,4414.34,54,CLEARED_>=20s,1.0,0.0,0.0,0.0,0.0,0.0,0.0,PASS_<20%,0.00,0.0,NO,STANDBY_VEL_LOW,0,0.00,4590.00,78.36,FALSE,M1_DIRECTION_MISMATCH
2026-09-07 15:29:54.521,1788794994.522,6863,109,587,4414.34,4414.42,8.0,PASS_<=10c,+0.0,FLAT,+0.0,-16.0,4.2,+0.00,0.00,SLOW,4414.50,4415.14,4413.13,4414.34,0.00,0.00,0.0,BULLISH,201.0,4414.34,4414.34,4414.34,4414.34,54,CLEARED_>=20s,1.0,0.0,0.0,0.0,0.0,0.0,0.0,PASS_<20%,0.00,0.0,NO,STANDBY_VEL_LOW,0,0.00,4590.00,78.36,FALSE,M1_DIRECTION_MISMATCH
2026-09-07 15:29:55.024,1788794995.024,6864,110,588,4414.34,4414.42,8.0,PASS_<=10c,+0.0,FLAT,+0.0,-16.0,4.2,+0.00,0.00,SLOW,4414.50,4415.14,4413.13,4414.34,0.00,0.00,0.0,BULLISH,201.0,4414.34,4414.34,4414.34,4414.34,55,CLEARED_>=20s,1.0,0.0,0.0,0.0,0.0,0.0,0.0,PASS_<20%,0.00,0.0,NO,STANDBY_VEL_LOW,0,0.00,4590.00,78.36,FALSE,M1_DIRECTION_MISMATCH
2026-09-07 15:29:55.526,1788794995.527,6865,111,589,4414.34,4414.42,8.0,PASS_<=10c,+0.0,FLAT,+0.0,-16.0,4.2,+0.00,0.00,SLOW,4414.50,4415.14,4413.13,4414.34,0.00,0.00,0.0,BULLISH,201.0,4414.34,4414.34,4414.34,4414.34,55,CLEARED_>=20s,1.0,0.0,0.0,0.0,0.0,0.0,0.0,PASS_<20%,0.00,0.0,NO,STANDBY_VEL_LOW,0,0.00,4590.00,78.36,FALSE,M1_DIRECTION_MISMATCH
2026-09-07 15:29:56.028,1788794996.028,6866,112,590,4414.34,4414.42,8.0,PASS_<=10c,+0.0,FLAT,+0.0,-16.0,4.2,+0.00,0.00,SLOW,4414.50,4415.14,4413.13,4414.34,0.00,0.00,0.0,BULLISH,201.0,4414.34,4414.34,4414.34,4414.34,56,CLEARED_>=20s,1.0,0.0,0.0,0.0,0.0,0.0,0.0,PASS_<20%,0.00,0.0,NO,STANDBY_VEL_LOW,0,0.00,4590.00,78.36,FALSE,M1_DIRECTION_MISMATCH
2026-09-07 15:29:56.533,1788794996.533,6867,113,591,4414.34,4414.42,8.0,PASS_<=10c,+0.0,FLAT,+0.0,-16.0,4.2,+0.00,0.00,SLOW,4414.50,4415.14,4413.13,4414.34,0.00,0.00,0.0,BULLISH,201.0,4414.34,4414.34,4414.34,4414.34,56,CLEARED_>=20s,1.0,0.0,0.0,0.0,0.0,0.0,0.0,PASS_<20%,0.00,0.0,NO,STANDBY_VEL_LOW,0,0.00,4590.00,78.36,FALSE,M1_DIRECTION_MISMATCH
2026-09-07 15:29:57.034,1788794997.034,6868,114,592,4414.34,4414.42,8.0,PASS_<=10c,+0.0,FLAT,+0.0,-16.0,4.2,+0.00,0.00,SLOW,4414.50,4415.14,4413.13,4414.34,0.00,0.00,0.0,BULLISH,201.0,4414.34,4414.34,4414.34,4414.34,57,CLEARED_>=20s,1.0,0.0,0.0,0.0,0.0,0.0,0.0,PASS_<20%,0.00,0.0,NO,STANDBY_VEL_LOW,0,0.00,4590.00,78.36,FALSE,M1_DIRECTION_MISMATCH
2026-09-07 15:29:57.538,1788794997.538,6869,115,593,4414.34,4414.42,8.0,PASS_<=10c,+0.0,FLAT,+0.0,-16.0,4.2,+0.00,0.00,SLOW,4414.50,4415.14,4413.13,4414.34,0.00,0.00,0.0,BULLISH,201.0,4414.34,4414.34,4414.34,4414.34,57,CLEARED_>=20s,1.0,0.0,0.0,0.0,0.0,0.0,0.0,PASS_<20%,0.00,0.0,NO,STANDBY_VEL_LOW,0,0.00,4590.00,78.36,FALSE,M1_DIRECTION_MISMATCH
2026-09-07 15:29:58.038,1788794998.039,6870,116,594,4414.34,4414.42,8.0,PASS_<=10c,+0.0,FLAT,+0.0,-16.0,4.2,+0.00,0.00,SLOW,4414.50,4415.14,4413.13,4414.34,0.00,0.00,0.0,BULLISH,201.0,4414.34,4414.34,4414.34,4414.34,58,CLEARED_>=20s,1.0,0.0,0.0,0.0,0.0,0.0,0.0,PASS_<20%,0.00,0.0,NO,STANDBY_VEL_LOW,0,0.00,4590.00,78.36,FALSE,M1_DIRECTION_MISMATCH
2026-09-07 15:29:58.539,1788794998.540,6871,117,595,4414.34,4414.42,8.0,PASS_<=10c,+0.0,FLAT,+0.0,-16.0,4.2,+0.00,0.00,SLOW,4414.50,4415.14,4413.13,4414.34,0.00,0.00,0.0,BULLISH,201.0,4414.34,4414.34,4414.34,4414.34,58,CLEARED_>=20s,1.0,0.0,0.0,0.0,0.0,0.0,0.0,PASS_<20%,0.00,0.0,NO,STANDBY_VEL_LOW,0,0.00,4590.00,78.36,FALSE,M1_DIRECTION_MISMATCH
2026-09-07 15:29:59.041,1788794999.041,6872,118,596,4414.34,4414.42,8.0,PASS_<=10c,+0.0,FLAT,+0.0,-16.0,4.2,+0.00,0.00,SLOW,4414.50,4415.14,4413.13,4414.34,0.00,0.00,0.0,BULLISH,201.0,4414.34,4414.34,4414.34,4414.34,59,CLEARED_>=20s,1.0,0.0,0.0,0.0,0.0,0.0,0.0,PASS_<20%,0.00,0.0,NO,STANDBY_VEL_LOW,0,0.00,4590.00,78.36,FALSE,M1_DIRECTION_MISMATCH
2026-09-07 15:29:59.544,1788794999.544,6873,119,597,4414.34,4414.42,8.0,PASS_<=10c,+0.0,FLAT,+0.0,-16.0,4.2,+0.00,0.00,SLOW,4414.50,4415.14,4413.13,4414.34,0.00,0.00,0.0,BULLISH,201.0,4414.34,4414.34,4414.34,4414.34,59,CLEARED_>=20s,1.0,0.0,0.0,0.0,0.0,0.0,0.0,PASS_<20%,0.00,0.0,NO,STANDBY_VEL_LOW,0,0.00,4590.00,78.36,FALSE,M1_DIRECTION_MISMATCH
2026-09-07 15:30:00.052,1788795000.052,6874,1,1,4414.34,4414.42,8.0,PASS_<=10c,+0.0,FLAT,+0.0,+0.0,4.2,+0.00,0.00,SLOW,4414.34,4414.34,4414.34,4414.34,0.00,0.00,0.0,BULLISH,0.0,4414.34,4414.34,4414.34,4414.34,0,ACTIVE_0s,1.0,0.0,0.0,0.0,0.0,0.0,0.0,PASS_<20%,0.00,0.0,NO,STANDBY_VEL_LOW,0,0.00,4590.00,78.36,FALSE,M1_DIRECTION_MISMATCH|OPENING_SHIELD_ACTIVE_0s
2026-09-07 15:30:00.548,1788795000.548,6875,2,2,4414.34,4414.42,8.0,PASS_<=10c,+0.0,FLAT,+0.0,+0.0,4.2,+0.00,0.00,SLOW,4414.34,4414.34,4414.34,4414.34,0.00,0.00,0.0,BULLISH,0.0,4414.34,4414.34,4414.34,4414.34,0,ACTIVE_0s,1.0,0.0,0.0,0.0,0.0,0.0,0.0,PASS_<20%,0.00,0.0,NO,STANDBY_VEL_LOW,0,0.00,4590.00,78.36,FALSE,M1_DIRECTION_MISMATCH|OPENING_SHIELD_ACTIVE_0s
2026-09-07 15:30:01.049,1788795001.049,6876,3,3,4414.34,4414.42,8.0,PASS_<=10c,+0.0,FLAT,+0.0,+0.0,4.2,+0.00,0.00,SLOW,4414.34,4414.34,4414.34,4414.34,0.00,0.00,0.0,BULLISH,0.0,4414.34,4414.34,4414.34,4414.34,1,ACTIVE_1s,1.0,0.0,0.0,0.0,0.0,0.0,0.0,PASS_<20%,0.00,0.0,NO,STANDBY_VEL_LOW,0,0.00,4590.00,78.36,FALSE,M1_DIRECTION_MISMATCH|OPENING_SHIELD_ACTIVE_1s
2026-09-07 15:30:01.550,1788795001.551,6877,4,4,4414.34,4414.42,8.0,PASS_<=10c,+0.0,FLAT,+0.0,+0.0,4.2,+0.00,0.00,SLOW,4414.34,4414.34,4414.34,4414.34,0.00,0.00,0.0,BULLISH,0.0,4414.34,4414.34,4414.34,4414.34,1,ACTIVE_1s,1.0,0.0,0.0,0.0,0.0,0.0,0.0,PASS_<20%,0.00,0.0,NO,STANDBY_VEL_LOW,0,0.00,4590.00,78.36,FALSE,M1_DIRECTION_MISMATCH|OPENING_SHIELD_ACTIVE_1s
2026-09-07 15:30:02.051,1788795002.052,6878,5,5,4414.34,4414.42,8.0,PASS_<=10c,+0.0,FLAT,+0.0,+0.0,4.2,+0.00,0.00,SLOW,4414.34,4414.34,4414.34,4414.34,0.00,0.00,0.0,BULLISH,0.0,4414.34,4414.34,4414.34,4414.34,2,ACTIVE_2s,1.0,0.0,0.0,0.0,0.0,0.0,0.0,PASS_<20%,0.00,0.0,NO,STANDBY_VEL_LOW,0,0.00,4590.00,78.36,FALSE,M1_DIRECTION_MISMATCH|OPENING_SHIELD_ACTIVE_2s
2026-09-07 15:30:02.554,1788795002.554,6879,6,6,4414.34,4414.42,8.0,PASS_<=10c,+0.0,FLAT,+0.0,+0.0,4.2,+0.00,0.00,SLOW,4414.34,4414.34,4414.34,4414.34,0.00,0.00,0.0,BULLISH,0.0,4414.34,4414.34,4414.34,4414.34,2,ACTIVE_2s,1.0,0.0,0.0,0.0,0.0,0.0,0.0,PASS_<20%,0.00,0.0,NO,STANDBY_VEL_LOW,0,0.00,4590.00,78.36,FALSE,M1_DIRECTION_MISMATCH|OPENING_SHIELD_ACTIVE_2s
2026-09-07 15:30:03.055,1788795003.056,6880,7,7,4414.34,4414.42,8.0,PASS_<=10c,+0.0,FLAT,+0.0,+0.0,4.2,+0.00,0.00,SLOW,4414.34,4414.34,4414.34,4414.34,0.00,0.00,0.0,BULLISH,0.0,4414.34,4414.34,4414.34,4414.34,3,ACTIVE_3s,1.0,0.0,0.0,0.0,0.0,0.0,0.0,PASS_<20%,0.00,0.0,NO,STANDBY_VEL_LOW,0,0.00,4590.00,78.36,FALSE,M1_DIRECTION_MISMATCH|OPENING_SHIELD_ACTIVE_3s
2026-09-07 15:30:03.557,1788795003.558,6881,8,8,4414.34,4414.42,8.0,PASS_<=10c,+0.0,FLAT,+0.0,+0.0,4.2,+0.00,0.00,SLOW,4414.34,4414.34,4414.34,4414.34,0.00,0.00,0.0,BULLISH,0.0,4414.34,4414.34,4414.34,4414.34,3,ACTIVE_3s,1.0,0.0,0.0,0.0,0.0,0.0,0.0,PASS_<20%,0.00,0.0,NO,STANDBY_VEL_LOW,0,0.00,4590.00,78.36,FALSE,M1_DIRECTION_MISMATCH|OPENING_SHIELD_ACTIVE_3s
2026-09-07 15:30:04.059,1788795004.059,6882,9,9,4414.34,4414.42,8.0,PASS_<=10c,+0.0,FLAT,+0.0,+0.0,4.2,+0.00,0.00,SLOW,4414.34,4414.34,4414.34,4414.34,0.00,0.00,0.0,BULLISH,0.0,4414.34,4414.34,4414.34,4414.34,4,ACTIVE_4s,1.0,0.0,0.0,0.0,0.0,0.0,0.0,PASS_<20%,0.00,0.0,NO,STANDBY_VEL_LOW,0,0.00,4590.00,78.36,FALSE,M1_DIRECTION_MISMATCH|OPENING_SHIELD_ACTIVE_4s
2026-09-07 15:30:04.561,1788795004.562,6883,10,10,4414.34,4414.42,8.0,PASS_<=10c,+0.0,FLAT,+0.0,+0.0,4.2,+0.00,0.00,SLOW,4414.34,4414.34,4414.34,4414.34,0.00,0.00,0.0,BULLISH,0.0,4414.34,4414.34,4414.34,4414.34,4,ACTIVE_4s,1.0,0.0,0.0,0.0,0.0,0.0,0.0,PASS_<20%,0.00,0.0,NO,STANDBY_VEL_LOW,0,0.00,4590.00,78.36,FALSE,M1_DIRECTION_MISMATCH|OPENING_SHIELD_ACTIVE_4s
2026-09-07 15:30:05.063,1788795005.063,6884,11,11,4414.34,4414.42,8.0,PASS_<=10c,+0.0,FLAT,+0.0,+0.0,4.2,+0.00,0.00,SLOW,4414.34,4414.34,4414.34,4414.34,0.00,0.00,0.0,BULLISH,0.0,4414.34,4414.34,4414.34,4414.34,5,ACTIVE_5s,1.0,0.0,0.0,0.0,0.0,0.0,0.0,PASS_<20%,0.00,0.0,NO,STANDBY_VEL_LOW,0,0.00,4590.00,78.36,FALSE,M1_DIRECTION_MISMATCH|OPENING_SHIELD_ACTIVE_5s
2026-09-07 15:30:05.565,1788795005.565,6885,12,12,4414.34,4414.42,8.0,PASS_<=10c,+0.0,FLAT,+0.0,+0.0,4.2,+0.00,0.00,SLOW,4414.34,4414.34,4414.34,4414.34,0.00,0.00,0.0,BULLISH,0.0,4414.34,4414.34,4414.34,4414.34,5,ACTIVE_5s,1.0,0.0,0.0,0.0,0.0,0.0,0.0,PASS_<20%,0.00,0.0,NO,STANDBY_VEL_LOW,0,0.00,4590.00,78.36,FALSE,M1_DIRECTION_MISMATCH|OPENING_SHIELD_ACTIVE_5s
2026-09-07 15:30:06.068,1788795006.068,6886,13,13,4414.34,4414.42,8.0,PASS_<=10c,+0.0,FLAT,+0.0,+0.0,4.2,+0.00,0.00,SLOW,4414.34,4414.34,4414.34,4414.34,0.00,0.00,0.0,BULLISH,0.0,4414.34,4414.34,4414.34,4414.34,6,ACTIVE_6s,1.0,0.0,0.0,0.0,0.0,0.0,0.0,PASS_<20%,0.00,0.0,NO,STANDBY_VEL_LOW,0,0.00,4590.00,78.36,FALSE,M1_DIRECTION_MISMATCH|OPENING_SHIELD_ACTIVE_6s
2026-09-07 15:30:06.570,1788795006.571,6887,14,14,4414.34,4414.42,8.0,PASS_<=10c,+0.0,FLAT,+0.0,+0.0,4.2,+0.00,0.00,SLOW,4414.34,4414.34,4414.34,4414.34,0.00,0.00,0.0,BULLISH,0.0,4414.34,4414.34,4414.34,4414.34,6,ACTIVE_6s,1.0,0.0,0.0,0.0,0.0,0.0,0.0,PASS_<20%,0.00,0.0,NO,STANDBY_VEL_LOW,0,0.00,4590.00,78.36,FALSE,M1_DIRECTION_MISMATCH|OPENING_SHIELD_ACTIVE_6s
2026-09-07 15:30:07.071,1788795007.071,6888,15,15,4414.34,4414.42,8.0,PASS_<=10c,+0.0,FLAT,+0.0,+0.0,4.2,+0.00,0.00,SLOW,4414.34,4414.34,4414.34,4414.34,0.00,0.00,0.0,BULLISH,0.0,4414.34,4414.34,4414.34,4414.34,7,ACTIVE_7s,1.0,0.0,0.0,0.0,0.0,0.0,0.0,PASS_<20%,0.00,0.0,NO,STANDBY_VEL_LOW,0,0.00,4590.00,78.36,FALSE,M1_DIRECTION_MISMATCH|OPENING_SHIELD_ACTIVE_7s
2026-09-07 15:30:07.572,1788795007.572,6889,16,16,4414.34,4414.42,8.0,PASS_<=10c,+0.0,FLAT,+0.0,+0.0,4.2,+0.00,0.00,SLOW,4414.34,4414.34,4414.34,4414.34,0.00,0.00,0.0,BULLISH,0.0,4414.34,4414.34,4414.34,4414.34,7,ACTIVE_7s,1.0,0.0,0.0,0.0,0.0,0.0,0.0,PASS_<20%,0.00,0.0,NO,STANDBY_VEL_LOW,0,0.00,4590.00,78.36,FALSE,M1_DIRECTION_MISMATCH|OPENING_SHIELD_ACTIVE_7s
2026-09-07 15:30:08.074,1788795008.074,6890,17,17,4414.34,4414.42,8.0,PASS_<=10c,+0.0,FLAT,+0.0,+0.0,4.2,+0.00,0.00,SLOW,4414.34,4414.34,4414.34,4414.34,0.00,0.00,0.0,BULLISH,0.0,4414.34,4414.34,4414.34,4414.34,8,ACTIVE_8s,1.0,0.0,0.0,0.0,0.0,0.0,0.0,PASS_<20%,0.00,0.0,NO,STANDBY_VEL_LOW,0,0.00,4590.00,78.36,FALSE,M1_DIRECTION_MISMATCH|OPENING_SHIELD_ACTIVE_8s
2026-09-07 15:30:08.575,1788795008.576,6891,18,18,4414.34,4414.42,8.0,PASS_<=10c,+0.0,FLAT,+0.0,+0.0,4.2,+0.00,0.00,SLOW,4414.34,4414.34,4414.34,4414.34,0.00,0.00,0.0,BULLISH,0.0,4414.34,4414.34,4414.34,4414.34,8,ACTIVE_8s,1.0,0.0,0.0,0.0,0.0,0.0,0.0,PASS_<20%,0.00,0.0,NO,STANDBY_VEL_LOW,0,0.00,4590.00,78.36,FALSE,M1_DIRECTION_MISMATCH|OPENING_SHIELD_ACTIVE_8s
2026-09-07 15:30:09.076,1788795009.077,6892,19,19,4414.34,4414.42,8.0,PASS_<=10c,+0.0,FLAT,+0.0,+0.0,4.2,+0.00,0.00,SLOW,4414.34,4414.34,4414.34,4414.34,0.00,0.00,0.0,BULLISH,0.0,4414.34,4414.34,4414.34,4414.34,9,ACTIVE_9s,1.0,0.0,0.0,0.0,0.0,0.0,0.0,PASS_<20%,0.00,0.0,NO,STANDBY_VEL_LOW,0,0.00,4590.00,78.36,FALSE,M1_DIRECTION_MISMATCH|OPENING_SHIELD_ACTIVE_9s
2026-09-07 15:30:09.580,1788795009.580,6893,20,20,4414.34,4414.42,8.0,PASS_<=10c,+0.0,FLAT,+0.0,+0.0,4.2,+0.00,0.00,SLOW,4414.34,4414.34,4414.34,4414.34,0.00,0.00,0.0,BULLISH,0.0,4414.34,4414.34,4414.34,4414.34,9,ACTIVE_9s,1.0,0.0,0.0,0.0,0.0,0.0,0.0,PASS_<20%,0.00,0.0,NO,STANDBY_VEL_LOW,0,0.00,4590.00,78.36,FALSE,M1_DIRECTION_MISMATCH|OPENING_SHIELD_ACTIVE_9s
2026-09-07 15:30:10.081,1788795010.082,6894,21,21,4414.34,4414.42,8.0,PASS_<=10c,+0.0,FLAT,+0.0,+0.0,4.2,+0.00,0.00,SLOW,4414.34,4414.34,4414.34,4414.34,0.00,0.00,0.0,BULLISH,0.0,4414.34,4414.34,4414.34,4414.34,10,ACTIVE_10s,1.0,0.0,0.0,0.0,0.0,0.0,0.0,PASS_<20%,0.00,0.0,NO,STANDBY_VEL_LOW,0,0.00,4590.00,78.36,FALSE,M1_DIRECTION_MISMATCH|OPENING_SHIELD_ACTIVE_10s
2026-09-07 15:30:10.582,1788795010.582,6895,22,22,4414.34,4414.42,8.0,PASS_<=10c,+0.0,FLAT,+0.0,+0.0,4.2,+0.00,0.00,SLOW,4414.34,4414.34,4414.34,4414.34,0.00,0.00,0.0,BULLISH,0.0,4414.34,4414.34,4414.34,4414.34,10,ACTIVE_10s,1.0,0.0,0.0,0.0,0.0,0.0,0.0,PASS_<20%,0.00,0.0,NO,STANDBY_VEL_LOW,0,0.00,4590.00,78.36,FALSE,M1_DIRECTION_MISMATCH|OPENING_SHIELD_ACTIVE_10s
2026-09-07 15:30:11.086,1788795011.087,6896,23,23,4414.34,4414.42,8.0,PASS_<=10c,+0.0,FLAT,+0.0,+0.0,4.2,+0.00,0.00,SLOW,4414.34,4414.34,4414.34,4414.34,0.00,0.00,0.0,BULLISH,0.0,4414.34,4414.34,4414.34,4414.34,11,ACTIVE_11s,1.0,0.0,0.0,0.0,0.0,0.0,0.0,PASS_<20%,0.00,0.0,NO,STANDBY_VEL_LOW,0,0.00,4590.00,78.36,FALSE,M1_DIRECTION_MISMATCH|OPENING_SHIELD_ACTIVE_11s
2026-09-07 15:30:11.587,1788795011.588,6897,24,24,4414.34,4414.42,8.0,PASS_<=10c,+0.0,FLAT,+0.0,+0.0,4.2,+0.00,0.00,SLOW,4414.34,4414.34,4414.34,4414.34,0.00,0.00,0.0,BULLISH,0.0,4414.34,4414.34,4414.34,4414.34,11,ACTIVE_11s,1.0,0.0,0.0,0.0,0.0,0.0,0.0,PASS_<20%,0.00,0.0,NO,STANDBY_VEL_LOW,0,0.00,4590.00,78.36,FALSE,M1_DIRECTION_MISMATCH|OPENING_SHIELD_ACTIVE_11s
2026-09-07 15:30:12.088,1788795012.089,6898,25,25,4414.34,4414.42,8.0,PASS_<=10c,+0.0,FLAT,+0.0,+0.0,4.2,+0.00,0.00,SLOW,4414.34,4414.34,4414.34,4414.34,0.00,0.00,0.0,BULLISH,0.0,4414.34,4414.34,4414.34,4414.34,12,ACTIVE_12s,1.0,0.0,0.0,0.0,0.0,0.0,0.0,PASS_<20%,0.00,0.0,NO,STANDBY_VEL_LOW,0,0.00,4590.00,78.36,FALSE,M1_DIRECTION_MISMATCH|OPENING_SHIELD_ACTIVE_12s
2026-09-07 15:30:12.589,1788795012.590,6899,26,26,4414.34,4414.42,8.0,PASS_<=10c,+0.0,FLAT,+0.0,+0.0,4.2,+0.00,0.00,SLOW,4414.34,4414.34,4414.34,4414.34,0.00,0.00,0.0,BULLISH,0.0,4414.34,4414.34,4414.34,4414.34,12,ACTIVE_12s,1.0,0.0,0.0,0.0,0.0,0.0,0.0,PASS_<20%,0.00,0.0,NO,STANDBY_VEL_LOW,0,0.00,4590.00,78.36,FALSE,M1_DIRECTION_MISMATCH|OPENING_SHIELD_ACTIVE_12s
2026-09-07 15:30:13.095,1788795013.095,6900,27,27,4414.34,4414.42,8.0,PASS_<=10c,+0.0,FLAT,+0.0,+0.0,4.2,+0.00,0.00,SLOW,4414.34,4414.34,4414.34,4414.34,0.00,0.00,0.0,BULLISH,0.0,4414.34,4414.34,4414.34,4414.34,13,ACTIVE_13s,1.0,0.0,0.0,0.0,0.0,0.0,0.0,PASS_<20%,0.00,0.0,NO,STANDBY_VEL_LOW,0,0.00,4590.00,78.36,FALSE,M1_DIRECTION_MISMATCH|OPENING_SHIELD_ACTIVE_13s
2026-09-07 15:30:13.591,1788795013.592,6901,28,28,4414.34,4414.42,8.0,PASS_<=10c,+0.0,FLAT,+0.0,+0.0,4.2,+0.00,0.00,SLOW,4414.34,4414.34,4414.34,4414.34,0.00,0.00,0.0,BULLISH,0.0,4414.34,4414.34,4414.34,4414.34,13,ACTIVE_13s,1.0,0.0,0.0,0.0,0.0,0.0,0.0,PASS_<20%,0.00,0.0,NO,STANDBY_VEL_LOW,0,0.00,4590.00,78.36,FALSE,M1_DIRECTION_MISMATCH|OPENING_SHIELD_ACTIVE_13s
2026-09-07 15:30:14.094,1788795014.094,6902,29,29,4414.34,4414.42,8.0,PASS_<=10c,+0.0,FLAT,+0.0,+0.0,4.2,+0.00,0.00,SLOW,4414.34,4414.34,4414.34,4414.34,0.00,0.00,0.0,BULLISH,0.0,4414.34,4414.34,4414.34,4414.34,14,ACTIVE_14s,1.0,0.0,0.0,0.0,0.0,0.0,0.0,PASS_<20%,0.00,0.0,NO,STANDBY_VEL_LOW,0,0.00,4590.00,78.36,FALSE,M1_DIRECTION_MISMATCH|OPENING_SHIELD_ACTIVE_14s
2026-09-07 15:30:14.596,1788795014.596,6903,30,30,4414.34,4414.42,8.0,PASS_<=10c,+0.0,FLAT,+0.0,+0.0,4.2,+0.00,0.00,SLOW,4414.34,4414.34,4414.34,4414.34,0.00,0.00,0.0,BULLISH,0.0,4414.34,4414.34,4414.34,4414.34,14,ACTIVE_14s,1.0,0.0,0.0,0.0,0.0,0.0,0.0,PASS_<20%,0.00,0.0,NO,STANDBY_VEL_LOW,0,0.00,4590.00,78.36,FALSE,M1_DIRECTION_MISMATCH|OPENING_SHIELD_ACTIVE_14s
2026-09-07 15:30:15.098,1788795015.099,6904,31,31,4414.34,4414.42,8.0,PASS_<=10c,+0.0,FLAT,+0.0,+0.0,4.2,+0.00,0.00,SLOW,4414.34,4414.34,4414.34,4414.34,0.00,0.00,0.0,BULLISH,0.0,4414.34,4414.34,4414.34,4414.34,15,ACTIVE_15s,1.0,0.0,0.0,0.0,0.0,0.0,0.0,PASS_<20%,0.00,0.0,NO,STANDBY_VEL_LOW,0,0.00,4590.00,78.36,FALSE,M1_DIRECTION_MISMATCH|OPENING_SHIELD_ACTIVE_15s
2026-09-07 15:30:15.599,1788795015.599,6905,32,32,4414.34,4414.42,8.0,PASS_<=10c,+0.0,FLAT,+0.0,+0.0,4.2,+0.00,0.00,SLOW,4414.34,4414.34,4414.34,4414.34,0.00,0.00,0.0,BULLISH,0.0,4414.34,4414.34,4414.34,4414.34,15,ACTIVE_15s,1.0,0.0,0.0,0.0,0.0,0.0,0.0,PASS_<20%,0.00,0.0,NO,STANDBY_VEL_LOW,0,0.00,4590.00,78.36,FALSE,M1_DIRECTION_MISMATCH|OPENING_SHIELD_ACTIVE_15s
2026-09-07 15:30:16.100,1788795016.101,6906,33,33,4414.34,4414.42,8.0,PASS_<=10c,+0.0,FLAT,+0.0,+0.0,4.2,+0.00,0.00,SLOW,4414.34,4414.34,4414.34,4414.34,0.00,0.00,0.0,BULLISH,0.0,4414.34,4414.34,4414.34,4414.34,16,ACTIVE_16s,1.0,0.0,0.0,0.0,0.0,0.0,0.0,PASS_<20%,0.00,0.0,NO,STANDBY_VEL_LOW,0,0.00,4590.00,78.36,FALSE,M1_DIRECTION_MISMATCH|OPENING_SHIELD_ACTIVE_16s
2026-09-07 15:30:16.602,1788795016.603,6907,34,34,4414.34,4414.42,8.0,PASS_<=10c,+0.0,FLAT,+0.0,+0.0,4.2,+0.00,0.00,SLOW,4414.34,4414.34,4414.34,4414.34,0.00,0.00,0.0,BULLISH,0.0,4414.34,4414.34,4414.34,4414.34,16,ACTIVE_16s,1.0,0.0,0.0,0.0,0.0,0.0,0.0,PASS_<20%,0.00,0.0,NO,STANDBY_VEL_LOW,0,0.00,4590.00,78.36,FALSE,M1_DIRECTION_MISMATCH|OPENING_SHIELD_ACTIVE_16s
2026-09-07 15:30:17.103,1788795017.104,6908,35,35,4414.34,4414.42,8.0,PASS_<=10c,+0.0,FLAT,+0.0,+0.0,4.2,+0.00,0.00,SLOW,4414.34,4414.34,4414.34,4414.34,0.00,0.00,0.0,BULLISH,0.0,4414.34,4414.34,4414.34,4414.34,17,ACTIVE_17s,1.0,0.0,0.0,0.0,0.0,0.0,0.0,PASS_<20%,0.00,0.0,NO,STANDBY_VEL_LOW,0,0.00,4590.00,78.36,FALSE,M1_DIRECTION_MISMATCH|OPENING_SHIELD_ACTIVE_17s
2026-09-07 15:30:17.604,1788795017.605,6909,36,36,4414.34,4414.42,8.0,PASS_<=10c,+0.0,FLAT,+0.0,+0.0,4.2,+0.00,0.00,SLOW,4414.34,4414.34,4414.34,4414.34,0.00,0.00,0.0,BULLISH,0.0,4414.34,4414.34,4414.34,4414.34,17,ACTIVE_17s,1.0,0.0,0.0,0.0,0.0,0.0,0.0,PASS_<20%,0.00,0.0,NO,STANDBY_VEL_LOW,0,0.00,4590.00,78.36,FALSE,M1_DIRECTION_MISMATCH|OPENING_SHIELD_ACTIVE_17s
2026-09-07 15:30:18.106,1788795018.107,6910,37,37,4414.34,4414.42,8.0,PASS_<=10c,+0.0,FLAT,+0.0,+0.0,4.2,+0.00,0.00,SLOW,4414.34,4414.34,4414.34,4414.34,0.00,0.00,0.0,BULLISH,0.0,4414.34,4414.34,4414.34,4414.34,18,ACTIVE_18s,1.0,0.0,0.0,0.0,0.0,0.0,0.0,PASS_<20%,0.00,0.0,NO,STANDBY_VEL_LOW,0,0.00,4590.00,78.36,FALSE,M1_DIRECTION_MISMATCH|OPENING_SHIELD_ACTIVE_18s
2026-09-07 15:30:18.608,1788795018.608,6911,38,38,4414.34,4414.42,8.0,PASS_<=10c,+0.0,FLAT,+0.0,+0.0,4.2,+0.00,0.00,SLOW,4414.34,4414.34,4414.34,4414.34,0.00,0.00,0.0,BULLISH,0.0,4414.34,4414.34,4414.34,4414.34,18,ACTIVE_18s,1.0,0.0,0.0,0.0,0.0,0.0,0.0,PASS_<20%,0.00,0.0,NO,STANDBY_VEL_LOW,0,0.00,4590.00,78.36,FALSE,M1_DIRECTION_MISMATCH|OPENING_SHIELD_ACTIVE_18s
2026-09-07 15:30:19.109,1788795019.110,6912,39,39,4414.34,4414.42,8.0,PASS_<=10c,+0.0,FLAT,+0.0,+0.0,4.2,+0.00,0.00,SLOW,4414.34,4414.34,4414.34,4414.34,0.00,0.00,0.0,BULLISH,0.0,4414.34,4414.34,4414.34,4414.34,19,ACTIVE_19s,1.0,0.0,0.0,0.0,0.0,0.0,0.0,PASS_<20%,0.00,0.0,NO,STANDBY_VEL_LOW,0,0.00,4590.00,78.36,FALSE,M1_DIRECTION_MISMATCH|OPENING_SHIELD_ACTIVE_19s
2026-09-07 15:30:19.613,1788795019.613,6913,40,40,4414.34,4414.42,8.0,PASS_<=10c,+0.0,FLAT,+0.0,+0.0,4.2,+0.00,0.00,SLOW,4414.34,4414.34,4414.34,4414.34,0.00,0.00,0.0,BULLISH,0.0,4414.34,4414.34,4414.34,4414.34,19,ACTIVE_19s,1.0,0.0,0.0,0.0,0.0,0.0,0.0,PASS_<20%,0.00,0.0,NO,STANDBY_VEL_LOW,0,0.00,4590.00,78.36,FALSE,M1_DIRECTION_MISMATCH|OPENING_SHIELD_ACTIVE_19s
2026-09-07 15:30:20.114,1788795020.114,6914,41,41,4414.34,4414.42,8.0,PASS_<=10c,+0.0,FLAT,+0.0,+0.0,4.2,+0.00,0.00,SLOW,4414.34,4414.34,4414.34,4414.34,0.00,0.00,0.0,BULLISH,0.0,4414.34,4414.34,4414.34,4414.34,20,CLEARED_>=20s,1.0,0.0,0.0,0.0,0.0,0.0,0.0,PASS_<20%,0.00,0.0,NO,STANDBY_VEL_LOW,0,0.00,4590.00,78.36,FALSE,M1_DIRECTION_MISMATCH
2026-09-07 15:30:20.616,1788795020.616,6915,42,42,4414.34,4414.42,8.0,PASS_<=10c,+0.0,FLAT,+0.0,+0.0,4.2,+0.00,0.00,SLOW,4414.34,4414.34,4414.34,4414.34,0.00,0.00,0.0,BULLISH,0.0,4414.34,4414.34,4414.34,4414.34,20,CLEARED_>=20s,1.0,0.0,0.0,0.0,0.0,0.0,0.0,PASS_<20%,0.00,0.0,NO,STANDBY_VEL_LOW,0,0.00,4590.00,78.36,FALSE,M1_DIRECTION_MISMATCH
2026-09-07 15:30:21.118,1788795021.118,6916,43,43,4414.34,4414.42,8.0,PASS_<=10c,+0.0,FLAT,+0.0,+0.0,4.2,+0.00,0.00,SLOW,4414.34,4414.34,4414.34,4414.34,0.00,0.00,0.0,BULLISH,0.0,4414.34,4414.34,4414.34,4414.34,21,CLEARED_>=20s,1.0,0.0,0.0,0.0,0.0,0.0,0.0,PASS_<20%,0.00,0.0,NO,STANDBY_VEL_LOW,0,0.00,4590.00,78.36,FALSE,M1_DIRECTION_MISMATCH
2026-09-07 15:30:21.620,1788795021.620,6917,44,44,4414.34,4414.42,8.0,PASS_<=10c,+0.0,FLAT,+0.0,+0.0,4.2,+0.00,0.00,SLOW,4414.34,4414.34,4414.34,4414.34,0.00,0.00,0.0,BULLISH,0.0,4414.34,4414.34,4414.34,4414.34,21,CLEARED_>=20s,1.0,0.0,0.0,0.0,0.0,0.0,0.0,PASS_<20%,0.00,0.0,NO,STANDBY_VEL_LOW,0,0.00,4590.00,78.36,FALSE,M1_DIRECTION_MISMATCH
2026-09-07 15:30:22.122,1788795022.122,6918,45,45,4414.34,4414.42,8.0,PASS_<=10c,+0.0,FLAT,+0.0,+0.0,4.2,+0.00,0.00,SLOW,4414.34,4414.34,4414.34,4414.34,0.00,0.00,0.0,BULLISH,0.0,4414.34,4414.34,4414.34,4414.34,22,CLEARED_>=20s,1.0,0.0,0.0,0.0,0.0,0.0,0.0,PASS_<20%,0.00,0.0,NO,STANDBY_VEL_LOW,0,0.00,4590.00,78.36,FALSE,M1_DIRECTION_MISMATCH
2026-09-07 15:30:22.623,1788795022.624,6919,46,46,4414.34,4414.42,8.0,PASS_<=10c,+0.0,FLAT,+0.0,+0.0,4.2,+0.00,0.00,SLOW,4414.34,4414.34,4414.34,4414.34,0.00,0.00,0.0,BULLISH,0.0,4414.34,4414.34,4414.34,4414.34,22,CLEARED_>=20s,1.0,0.0,0.0,0.0,0.0,0.0,0.0,PASS_<20%,0.00,0.0,NO,STANDBY_VEL_LOW,0,0.00,4590.00,78.36,FALSE,M1_DIRECTION_MISMATCH
2026-09-07 15:30:23.126,1788795023.126,6920,47,47,4414.34,4414.42,8.0,PASS_<=10c,+0.0,FLAT,+0.0,+0.0,4.2,+0.00,0.00,SLOW,4414.34,4414.34,4414.34,4414.34,0.00,0.00,0.0,BULLISH,0.0,4414.34,4414.34,4414.34,4414.34,23,CLEARED_>=20s,1.0,0.0,0.0,0.0,0.0,0.0,0.0,PASS_<20%,0.00,0.0,NO,STANDBY_VEL_LOW,0,0.00,4590.00,78.36,FALSE,M1_DIRECTION_MISMATCH
2026-09-07 15:30:23.627,1788795023.628,6921,48,48,4414.34,4414.42,8.0,PASS_<=10c,+0.0,FLAT,+0.0,+0.0,4.2,+0.00,0.00,SLOW,4414.34,4414.34,4414.34,4414.34,0.00,0.00,0.0,BULLISH,0.0,4414.34,4414.34,4414.34,4414.34,23,CLEARED_>=20s,1.0,0.0,0.0,0.0,0.0,0.0,0.0,PASS_<20%,0.00,0.0,NO,STANDBY_VEL_LOW,0,0.00,4590.00,78.36,FALSE,M1_DIRECTION_MISMATCH
2026-09-07 15:30:24.130,1788795024.131,6922,49,49,4414.34,4414.42,8.0,PASS_<=10c,+0.0,FLAT,+0.0,+0.0,4.2,+0.00,0.00,SLOW,4414.34,4414.34,4414.34,4414.34,0.00,0.00,0.0,BULLISH,0.0,4414.34,4414.34,4414.34,4414.34,24,CLEARED_>=20s,1.0,0.0,0.0,0.0,0.0,0.0,0.0,PASS_<20%,0.00,0.0,NO,STANDBY_VEL_LOW,0,0.00,4590.00,78.36,FALSE,M1_DIRECTION_MISMATCH
2026-09-07 15:30:24.630,1788795024.631,6923,50,50,4414.34,4414.42,8.0,PASS_<=10c,+0.0,FLAT,+0.0,+0.0,4.2,+0.00,0.00,SLOW,4414.34,4414.34,4414.34,4414.34,0.00,0.00,0.0,BULLISH,0.0,4414.34,4414.34,4414.34,4414.34,24,CLEARED_>=20s,1.0,0.0,0.0,0.0,0.0,0.0,0.0,PASS_<20%,0.00,0.0,NO,STANDBY_VEL_LOW,0,0.00,4590.00,78.36,FALSE,M1_DIRECTION_MISMATCH
2026-09-07 15:30:25.133,1788795025.133,6924,51,51,4414.34,4414.42,8.0,PASS_<=10c,+0.0,FLAT,+0.0,+0.0,4.2,+0.00,0.00,SLOW,4414.34,4414.34,4414.34,4414.34,0.00,0.00,0.0,BULLISH,0.0,4414.34,4414.34,4414.34,4414.34,25,CLEARED_>=20s,1.0,0.0,0.0,0.0,0.0,0.0,0.0,PASS_<20%,0.00,0.0,NO,STANDBY_VEL_LOW,0,0.00,4590.00,78.36,FALSE,M1_DIRECTION_MISMATCH
2026-09-07 15:30:25.635,1788795025.635,6925,52,52,4414.34,4414.42,8.0,PASS_<=10c,+0.0,FLAT,+0.0,+0.0,4.2,+0.00,0.00,SLOW,4414.34,4414.34,4414.34,4414.34,0.00,0.00,0.0,BULLISH,0.0,4414.34,4414.34,4414.34,4414.34,25,CLEARED_>=20s,1.0,0.0,0.0,0.0,0.0,0.0,0.0,PASS_<20%,0.00,0.0,NO,STANDBY_VEL_LOW,0,0.00,4590.00,78.36,FALSE,M1_DIRECTION_MISMATCH
2026-09-07 15:30:26.136,1788795026.137,6926,53,53,4414.34,4414.42,8.0,PASS_<=10c,+0.0,FLAT,+0.0,+0.0,4.2,+0.00,0.00,SLOW,4414.34,4414.34,4414.34,4414.34,0.00,0.00,0.0,BULLISH,0.0,4414.34,4414.34,4414.34,4414.34,26,CLEARED_>=20s,1.0,0.0,0.0,0.0,0.0,0.0,0.0,PASS_<20%,0.00,0.0,NO,STANDBY_VEL_LOW,0,0.00,4590.00,78.36,FALSE,M1_DIRECTION_MISMATCH
2026-09-07 15:30:26.638,1788795026.638,6927,54,54,4414.34,4414.42,8.0,PASS_<=10c,+0.0,FLAT,+0.0,+0.0,4.2,+0.00,0.00,SLOW,4414.34,4414.34,4414.34,4414.34,0.00,0.00,0.0,BULLISH,0.0,4414.34,4414.34,4414.34,4414.34,26,CLEARED_>=20s,1.0,0.0,0.0,0.0,0.0,0.0,0.0,PASS_<20%,0.00,0.0,NO,STANDBY_VEL_LOW,0,0.00,4590.00,78.36,FALSE,M1_DIRECTION_MISMATCH
2026-09-07 15:30:27.138,1788795027.139,6928,55,55,4414.34,4414.42,8.0,PASS_<=10c,+0.0,FLAT,+0.0,+0.0,4.2,+0.00,0.00,SLOW,4414.34,4414.34,4414.34,4414.34,0.00,0.00,0.0,BULLISH,0.0,4414.34,4414.34,4414.34,4414.34,27,CLEARED_>=20s,1.0,0.0,0.0,0.0,0.0,0.0,0.0,PASS_<20%,0.00,0.0,NO,STANDBY_VEL_LOW,0,0.00,4590.00,78.36,FALSE,M1_DIRECTION_MISMATCH
2026-09-07 15:30:27.641,1788795027.641,6929,56,56,4414.34,4414.42,8.0,PASS_<=10c,+0.0,FLAT,+0.0,+0.0,4.2,+0.00,0.00,SLOW,4414.34,4414.34,4414.34,4414.34,0.00,0.00,0.0,BULLISH,0.0,4414.34,4414.34,4414.34,4414.34,27,CLEARED_>=20s,1.0,0.0,0.0,0.0,0.0,0.0,0.0,PASS_<20%,0.00,0.0,NO,STANDBY_VEL_LOW,0,0.00,4590.00,78.36,FALSE,M1_DIRECTION_MISMATCH
2026-09-07 15:30:28.142,1788795028.143,6930,57,57,4414.34,4414.42,8.0,PASS_<=10c,+0.0,FLAT,+0.0,+0.0,4.2,+0.00,0.00,SLOW,4414.34,4414.34,4414.34,4414.34,0.00,0.00,0.0,BULLISH,0.0,4414.34,4414.34,4414.34,4414.34,28,CLEARED_>=20s,1.0,0.0,0.0,0.0,0.0,0.0,0.0,PASS_<20%,0.00,0.0,NO,STANDBY_VEL_LOW,0,0.00,4590.00,78.36,FALSE,M1_DIRECTION_MISMATCH
2026-09-07 15:30:28.643,1788795028.644,6931,58,58,4414.34,4414.42,8.0,PASS_<=10c,+0.0,FLAT,+0.0,+0.0,4.2,+0.00,0.00,SLOW,4414.34,4414.34,4414.34,4414.34,0.00,0.00,0.0,BULLISH,0.0,4414.34,4414.34,4414.34,4414.34,28,CLEARED_>=20s,1.0,0.0,0.0,0.0,0.0,0.0,0.0,PASS_<20%,0.00,0.0,NO,STANDBY_VEL_LOW,0,0.00,4590.00,78.36,FALSE,M1_DIRECTION_MISMATCH
2026-09-07 15:30:29.146,1788795029.146,6932,59,59,4414.34,4414.42,8.0,PASS_<=10c,+0.0,FLAT,+0.0,+0.0,4.2,+0.00,0.00,SLOW,4414.34,4414.34,4414.34,4414.34,0.00,0.00,0.0,BULLISH,0.0,4414.34,4414.34,4414.34,4414.34,29,CLEARED_>=20s,1.0,0.0,0.0,0.0,0.0,0.0,0.0,PASS_<20%,0.00,0.0,NO,STANDBY_VEL_LOW,0,0.00,4590.00,78.36,FALSE,M1_DIRECTION_MISMATCH
2026-09-07 15:30:29.648,1788795029.648,6933,60,60,4414.34,4414.42,8.0,PASS_<=10c,+0.0,FLAT,+0.0,+0.0,4.2,+0.00,0.00,SLOW,4414.34,4414.34,4414.34,4414.34,0.00,0.00,0.0,BULLISH,0.0,4414.34,4414.34,4414.34,4414.34,29,CLEARED_>=20s,1.0,0.0,0.0,0.0,0.0,0.0,0.0,PASS_<20%,0.00,0.0,NO,STANDBY_VEL_LOW,0,0.00,4590.00,78.36,FALSE,M1_DIRECTION_MISMATCH
2026-09-07 15:30:30.149,1788795030.149,6934,61,61,4414.34,4414.42,8.0,PASS_<=10c,+0.0,FLAT,+0.0,+0.0,4.2,+0.00,0.00,SLOW,4414.34,4414.34,4414.34,4414.34,0.00,0.00,0.0,BULLISH,0.0,4414.34,4414.34,4414.34,4414.34,30,CLEARED_>=20s,1.0,0.0,0.0,0.0,0.0,0.0,0.0,PASS_<20%,0.00,0.0,NO,STANDBY_VEL_LOW,0,0.00,4590.00,78.36,FALSE,M1_DIRECTION_MISMATCH
2026-09-07 15:30:30.651,1788795030.651,6935,62,62,4414.34,4414.42,8.0,PASS_<=10c,+0.0,FLAT,+0.0,+0.0,4.2,+0.00,0.00,SLOW,4414.34,4414.34,4414.34,4414.34,0.00,0.00,0.0,BULLISH,0.0,4414.34,4414.34,4414.34,4414.34,30,CLEARED_>=20s,1.0,0.0,0.0,0.0,0.0,0.0,0.0,PASS_<20%,0.00,0.0,NO,STANDBY_VEL_LOW,0,0.00,4590.00,78.36,FALSE,M1_DIRECTION_MISMATCH
2026-09-07 15:30:31.153,1788795031.153,6936,63,63,4414.34,4414.42,8.0,PASS_<=10c,+0.0,FLAT,+0.0,+0.0,4.2,+0.00,0.00,SLOW,4414.34,4414.34,4414.34,4414.34,0.00,0.00,0.0,BULLISH,0.0,4414.34,4414.34,4414.34,4414.34,31,CLEARED_>=20s,1.0,0.0,0.0,0.0,0.0,0.0,0.0,PASS_<20%,0.00,0.0,NO,STANDBY_VEL_LOW,0,0.00,4590.00,78.36,FALSE,M1_DIRECTION_MISMATCH
2026-09-07 15:30:31.654,1788795031.655,6937,64,64,4414.34,4414.42,8.0,PASS_<=10c,+0.0,FLAT,+0.0,+0.0,4.2,+0.00,0.00,SLOW,4414.34,4414.34,4414.34,4414.34,0.00,0.00,0.0,BULLISH,0.0,4414.34,4414.34,4414.34,4414.34,31,CLEARED_>=20s,1.0,0.0,0.0,0.0,0.0,0.0,0.0,PASS_<20%,0.00,0.0,NO,STANDBY_VEL_LOW,0,0.00,4590.00,78.36,FALSE,M1_DIRECTION_MISMATCH
2026-09-07 15:30:32.155,1788795032.156,6938,65,65,4414.34,4414.42,8.0,PASS_<=10c,+0.0,FLAT,+0.0,+0.0,4.2,+0.00,0.00,SLOW,4414.34,4414.34,4414.34,4414.34,0.00,0.00,0.0,BULLISH,0.0,4414.34,4414.34,4414.34,4414.34,32,CLEARED_>=20s,1.0,0.0,0.0,0.0,0.0,0.0,0.0,PASS_<20%,0.00,0.0,NO,STANDBY_VEL_LOW,0,0.00,4590.00,78.36,FALSE,M1_DIRECTION_MISMATCH
2026-09-07 15:30:32.657,1788795032.658,6939,66,66,4414.34,4414.42,8.0,PASS_<=10c,+0.0,FLAT,+0.0,+0.0,4.2,+0.00,0.00,SLOW,4414.34,4414.34,4414.34,4414.34,0.00,0.00,0.0,BULLISH,0.0,4414.34,4414.34,4414.34,4414.34,32,CLEARED_>=20s,1.0,0.0,0.0,0.0,0.0,0.0,0.0,PASS_<20%,0.00,0.0,NO,STANDBY_VEL_LOW,0,0.00,4590.00,78.36,FALSE,M1_DIRECTION_MISMATCH
2026-09-07 15:30:33.159,1788795033.160,6940,67,67,4414.34,4414.42,8.0,PASS_<=10c,+0.0,FLAT,+0.0,+0.0,4.2,+0.00,0.00,SLOW,4414.34,4414.34,4414.34,4414.34,0.00,0.00,0.0,BULLISH,0.0,4414.34,4414.34,4414.34,4414.34,33,CLEARED_>=20s,1.0,0.0,0.0,0.0,0.0,0.0,0.0,PASS_<20%,0.00,0.0,NO,STANDBY_VEL_LOW,0,0.00,4590.00,78.36,FALSE,M1_DIRECTION_MISMATCH
2026-09-07 15:30:33.662,1788795033.662,6941,68,68,4414.34,4414.42,8.0,PASS_<=10c,+0.0,FLAT,+0.0,+0.0,4.2,+0.00,0.00,SLOW,4414.34,4414.34,4414.34,4414.34,0.00,0.00,0.0,BULLISH,0.0,4414.34,4414.34,4414.34,4414.34,33,CLEARED_>=20s,1.0,0.0,0.0,0.0,0.0,0.0,0.0,PASS_<20%,0.00,0.0,NO,STANDBY_VEL_LOW,0,0.00,4590.00,78.36,FALSE,M1_DIRECTION_MISMATCH
2026-09-07 15:30:34.162,1788795034.163,6942,69,69,4414.34,4414.42,8.0,PASS_<=10c,+0.0,FLAT,+0.0,+0.0,4.2,+0.00,0.00,SLOW,4414.34,4414.34,4414.34,4414.34,0.00,0.00,0.0,BULLISH,0.0,4414.34,4414.34,4414.34,4414.34,34,CLEARED_>=20s,1.0,0.0,0.0,0.0,0.0,0.0,0.0,PASS_<20%,0.00,0.0,NO,STANDBY_VEL_LOW,0,0.00,4590.00,78.36,FALSE,M1_DIRECTION_MISMATCH
2026-09-07 15:30:34.664,1788795034.665,6943,70,70,4414.34,4414.42,8.0,PASS_<=10c,+0.0,FLAT,+0.0,+0.0,4.2,+0.00,0.00,SLOW,4414.34,4414.34,4414.34,4414.34,0.00,0.00,0.0,BULLISH,0.0,4414.34,4414.34,4414.34,4414.34,34,CLEARED_>=20s,1.0,0.0,0.0,0.0,0.0,0.0,0.0,PASS_<20%,0.00,0.0,NO,STANDBY_VEL_LOW,0,0.00,4590.00,78.36,FALSE,M1_DIRECTION_MISMATCH
2026-09-07 15:30:35.166,1788795035.167,6944,71,71,4414.34,4414.42,8.0,PASS_<=10c,+0.0,FLAT,+0.0,+0.0,4.2,+0.00,0.00,SLOW,4414.34,4414.34,4414.34,4414.34,0.00,0.00,0.0,BULLISH,0.0,4414.34,4414.34,4414.34,4414.34,35,CLEARED_>=20s,1.0,0.0,0.0,0.0,0.0,0.0,0.0,PASS_<20%,0.00,0.0,NO,STANDBY_VEL_LOW,0,0.00,4590.00,78.36,FALSE,M1_DIRECTION_MISMATCH
2026-09-07 15:30:35.667,1788795035.668,6945,72,72,4414.34,4414.42,8.0,PASS_<=10c,+0.0,FLAT,+0.0,+0.0,4.2,+0.00,0.00,SLOW,4414.34,4414.34,4414.34,4414.34,0.00,0.00,0.0,BULLISH,0.0,4414.34,4414.34,4414.34,4414.34,35,CLEARED_>=20s,1.0,0.0,0.0,0.0,0.0,0.0,0.0,PASS_<20%,0.00,0.0,NO,STANDBY_VEL_LOW,0,0.00,4590.00,78.36,FALSE,M1_DIRECTION_MISMATCH
2026-09-07 15:30:36.168,1788795036.169,6946,73,73,4414.34,4414.42,8.0,PASS_<=10c,+0.0,FLAT,+0.0,+0.0,4.2,+0.00,0.00,SLOW,4414.34,4414.34,4414.34,4414.34,0.00,0.00,0.0,BULLISH,0.0,4414.34,4414.34,4414.34,4414.34,36,CLEARED_>=20s,1.0,0.0,0.0,0.0,0.0,0.0,0.0,PASS_<20%,0.00,0.0,NO,STANDBY_VEL_LOW,0,0.00,4590.00,78.36,FALSE,M1_DIRECTION_MISMATCH
2026-09-07 15:30:36.669,1788795036.670,6947,74,74,4414.34,4414.42,8.0,PASS_<=10c,+0.0,FLAT,+0.0,+0.0,4.2,+0.00,0.00,SLOW,4414.34,4414.34,4414.34,4414.34,0.00,0.00,0.0,BULLISH,0.0,4414.34,4414.34,4414.34,4414.34,36,CLEARED_>=20s,1.0,0.0,0.0,0.0,0.0,0.0,0.0,PASS_<20%,0.00,0.0,NO,STANDBY_VEL_LOW,0,0.00,4590.00,78.36,FALSE,M1_DIRECTION_MISMATCH
2026-09-07 15:30:37.170,1788795037.171,6948,75,75,4414.34,4414.42,8.0,PASS_<=10c,+0.0,FLAT,+0.0,+0.0,4.2,+0.00,0.00,SLOW,4414.34,4414.34,4414.34,4414.34,0.00,0.00,0.0,BULLISH,0.0,4414.34,4414.34,4414.34,4414.34,37,CLEARED_>=20s,1.0,0.0,0.0,0.0,0.0,0.0,0.0,PASS_<20%,0.00,0.0,NO,STANDBY_VEL_LOW,0,0.00,4590.00,78.36,FALSE,M1_DIRECTION_MISMATCH
2026-09-07 15:30:37.672,1788795037.673,6949,76,76,4414.34,4414.42,8.0,PASS_<=10c,+0.0,FLAT,+0.0,+0.0,4.2,+0.00,0.00,SLOW,4414.34,4414.34,4414.34,4414.34,0.00,0.00,0.0,BULLISH,0.0,4414.34,4414.34,4414.34,4414.34,37,CLEARED_>=20s,1.0,0.0,0.0,0.0,0.0,0.0,0.0,PASS_<20%,0.00,0.0,NO,STANDBY_VEL_LOW,0,0.00,4590.00,78.36,FALSE,M1_DIRECTION_MISMATCH
2026-09-07 15:30:38.175,1788795038.175,6950,77,77,4414.34,4414.42,8.0,PASS_<=10c,+0.0,FLAT,+0.0,+0.0,4.2,+0.00,0.00,SLOW,4414.34,4414.34,4414.34,4414.34,0.00,0.00,0.0,BULLISH,0.0,4414.34,4414.34,4414.34,4414.34,38,CLEARED_>=20s,1.0,0.0,0.0,0.0,0.0,0.0,0.0,PASS_<20%,0.00,0.0,NO,STANDBY_VEL_LOW,0,0.00,4590.00,78.36,FALSE,M1_DIRECTION_MISMATCH
2026-09-07 15:30:38.676,1788795038.677,6951,78,78,4414.34,4414.42,8.0,PASS_<=10c,+0.0,FLAT,+0.0,+0.0,4.2,+0.00,0.00,SLOW,4414.34,4414.34,4414.34,4414.34,0.00,0.00,0.0,BULLISH,0.0,4414.34,4414.34,4414.34,4414.34,38,CLEARED_>=20s,1.0,0.0,0.0,0.0,0.0,0.0,0.0,PASS_<20%,0.00,0.0,NO,STANDBY_VEL_LOW,0,0.00,4590.00,78.36,FALSE,M1_DIRECTION_MISMATCH
2026-09-07 15:30:39.178,1788795039.179,6952,79,79,4414.34,4414.42,8.0,PASS_<=10c,+0.0,FLAT,+0.0,+0.0,4.2,+0.00,0.00,SLOW,4414.34,4414.34,4414.34,4414.34,0.00,0.00,0.0,BULLISH,0.0,4414.34,4414.34,4414.34,4414.34,39,CLEARED_>=20s,1.0,0.0,0.0,0.0,0.0,0.0,0.0,PASS_<20%,0.00,0.0,NO,STANDBY_VEL_LOW,0,0.00,4590.00,78.36,FALSE,M1_DIRECTION_MISMATCH
2026-09-07 15:30:39.679,1788795039.680,6953,80,80,4414.34,4414.42,8.0,PASS_<=10c,+0.0,FLAT,+0.0,+0.0,4.2,+0.00,0.00,SLOW,4414.34,4414.34,4414.34,4414.34,0.00,0.00,0.0,BULLISH,0.0,4414.34,4414.34,4414.34,4414.34,39,CLEARED_>=20s,1.0,0.0,0.0,0.0,0.0,0.0,0.0,PASS_<20%,0.00,0.0,NO,STANDBY_VEL_LOW,0,0.00,4590.00,78.36,FALSE,M1_DIRECTION_MISMATCH
2026-09-07 15:30:40.181,1788795040.181,6954,81,81,4414.34,4414.42,8.0,PASS_<=10c,+0.0,FLAT,+0.0,+0.0,4.2,+0.00,0.00,SLOW,4414.34,4414.34,4414.34,4414.34,0.00,0.00,0.0,BULLISH,0.0,4414.34,4414.34,4414.34,4414.34,40,CLEARED_>=20s,1.0,0.0,0.0,0.0,0.0,0.0,0.0,PASS_<20%,0.00,0.0,NO,STANDBY_VEL_LOW,0,0.00,4590.00,78.36,FALSE,M1_DIRECTION_MISMATCH
2026-09-07 15:30:40.682,1788795040.683,6955,82,82,4414.34,4414.42,8.0,PASS_<=10c,+0.0,FLAT,+0.0,+0.0,4.2,+0.00,0.00,SLOW,4414.34,4414.34,4414.34,4414.34,0.00,0.00,0.0,BULLISH,0.0,4414.34,4414.34,4414.34,4414.34,40,CLEARED_>=20s,1.0,0.0,0.0,0.0,0.0,0.0,0.0,PASS_<20%,0.00,0.0,NO,STANDBY_VEL_LOW,0,0.00,4590.00,78.36,FALSE,M1_DIRECTION_MISMATCH
2026-09-07 15:30:41.184,1788795041.185,6956,83,83,4414.34,4414.42,8.0,PASS_<=10c,+0.0,FLAT,+0.0,+0.0,4.2,+0.00,0.00,SLOW,4414.34,4414.34,4414.34,4414.34,0.00,0.00,0.0,BULLISH,0.0,4414.34,4414.34,4414.34,4414.34,41,CLEARED_>=20s,1.0,0.0,0.0,0.0,0.0,0.0,0.0,PASS_<20%,0.00,0.0,NO,STANDBY_VEL_LOW,0,0.00,4590.00,78.36,FALSE,M1_DIRECTION_MISMATCH
2026-09-07 15:30:41.685,1788795041.686,6957,84,84,4414.34,4414.42,8.0,PASS_<=10c,+0.0,FLAT,+0.0,+0.0,4.2,+0.00,0.00,SLOW,4414.34,4414.34,4414.34,4414.34,0.00,0.00,0.0,BULLISH,0.0,4414.34,4414.34,4414.34,4414.34,41,CLEARED_>=20s,1.0,0.0,0.0,0.0,0.0,0.0,0.0,PASS_<20%,0.00,0.0,NO,STANDBY_VEL_LOW,0,0.00,4590.00,78.36,FALSE,M1_DIRECTION_MISMATCH
2026-09-07 15:30:42.187,1788795042.188,6958,85,85,4414.34,4414.42,8.0,PASS_<=10c,+0.0,FLAT,+0.0,+0.0,4.2,+0.00,0.00,SLOW,4414.34,4414.34,4414.34,4414.34,0.00,0.00,0.0,BULLISH,0.0,4414.34,4414.34,4414.34,4414.34,42,CLEARED_>=20s,1.0,0.0,0.0,0.0,0.0,0.0,0.0,PASS_<20%,0.00,0.0,NO,STANDBY_VEL_LOW,0,0.00,4590.00,78.36,FALSE,M1_DIRECTION_MISMATCH
2026-09-07 15:30:42.688,1788795042.688,6959,86,86,4414.34,4414.42,8.0,PASS_<=10c,+0.0,FLAT,+0.0,+0.0,4.2,+0.00,0.00,SLOW,4414.34,4414.34,4414.34,4414.34,0.00,0.00,0.0,BULLISH,0.0,4414.34,4414.34,4414.34,4414.34,42,CLEARED_>=20s,1.0,0.0,0.0,0.0,0.0,0.0,0.0,PASS_<20%,0.00,0.0,NO,STANDBY_VEL_LOW,0,0.00,4590.00,78.36,FALSE,M1_DIRECTION_MISMATCH
2026-09-07 15:30:43.190,1788795043.191,6960,87,87,4414.34,4414.42,8.0,PASS_<=10c,+0.0,FLAT,+0.0,+0.0,4.2,+0.00,0.00,SLOW,4414.34,4414.34,4414.34,4414.34,0.00,0.00,0.0,BULLISH,0.0,4414.34,4414.34,4414.34,4414.34,43,CLEARED_>=20s,1.0,0.0,0.0,0.0,0.0,0.0,0.0,PASS_<20%,0.00,0.0,NO,STANDBY_VEL_LOW,0,0.00,4590.00,78.36,FALSE,M1_DIRECTION_MISMATCH
2026-09-07 15:30:43.691,1788795043.691,6961,88,88,4414.34,4414.42,8.0,PASS_<=10c,+0.0,FLAT,+0.0,+0.0,4.2,+0.00,0.00,SLOW,4414.34,4414.34,4414.34,4414.34,0.00,0.00,0.0,BULLISH,0.0,4414.34,4414.34,4414.34,4414.34,43,CLEARED_>=20s,1.0,0.0,0.0,0.0,0.0,0.0,0.0,PASS_<20%,0.00,0.0,NO,STANDBY_VEL_LOW,0,0.00,4590.00,78.36,FALSE,M1_DIRECTION_MISMATCH
2026-09-07 15:30:44.192,1788795044.192,6962,89,89,4414.34,4414.42,8.0,PASS_<=10c,+0.0,FLAT,+0.0,+0.0,4.2,+0.00,0.00,SLOW,4414.34,4414.34,4414.34,4414.34,0.00,0.00,0.0,BULLISH,0.0,4414.34,4414.34,4414.34,4414.34,44,CLEARED_>=20s,1.0,0.0,0.0,0.0,0.0,0.0,0.0,PASS_<20%,0.00,0.0,NO,STANDBY_VEL_LOW,0,0.00,4590.00,78.36,FALSE,M1_DIRECTION_MISMATCH
2026-09-07 15:30:44.693,1788795044.694,6963,90,90,4414.34,4414.42,8.0,PASS_<=10c,+0.0,FLAT,+0.0,+0.0,4.2,+0.00,0.00,SLOW,4414.34,4414.34,4414.34,4414.34,0.00,0.00,0.0,BULLISH,0.0,4414.34,4414.34,4414.34,4414.34,44,CLEARED_>=20s,1.0,0.0,0.0,0.0,0.0,0.0,0.0,PASS_<20%,0.00,0.0,NO,STANDBY_VEL_LOW,0,0.00,4590.00,78.36,FALSE,M1_DIRECTION_MISMATCH
2026-09-07 15:30:45.195,1788795045.196,6964,91,91,4414.34,4414.42,8.0,PASS_<=10c,+0.0,FLAT,+0.0,+0.0,4.2,+0.00,0.00,SLOW,4414.34,4414.34,4414.34,4414.34,0.00,0.00,0.0,BULLISH,0.0,4414.34,4414.34,4414.34,4414.34,45,CLEARED_>=20s,1.0,0.0,0.0,0.0,0.0,0.0,0.0,PASS_<20%,0.00,0.0,NO,STANDBY_VEL_LOW,0,0.00,4590.00,78.36,FALSE,M1_DIRECTION_MISMATCH
2026-09-07 15:30:45.696,1788795045.697,6965,92,92,4414.34,4414.42,8.0,PASS_<=10c,+0.0,FLAT,+0.0,+0.0,4.2,+0.00,0.00,SLOW,4414.34,4414.34,4414.34,4414.34,0.00,0.00,0.0,BULLISH,0.0,4414.34,4414.34,4414.34,4414.34,45,CLEARED_>=20s,1.0,0.0,0.0,0.0,0.0,0.0,0.0,PASS_<20%,0.00,0.0,NO,STANDBY_VEL_LOW,0,0.00,4590.00,78.36,FALSE,M1_DIRECTION_MISMATCH
2026-09-07 15:30:46.199,1788795046.200,6966,93,93,4414.34,4414.42,8.0,PASS_<=10c,+0.0,FLAT,+0.0,+0.0,4.2,+0.00,0.00,SLOW,4414.34,4414.34,4414.34,4414.34,0.00,0.00,0.0,BULLISH,0.0,4414.34,4414.34,4414.34,4414.34,46,CLEARED_>=20s,1.0,0.0,0.0,0.0,0.0,0.0,0.0,PASS_<20%,0.00,0.0,NO,STANDBY_VEL_LOW,0,0.00,4590.00,78.36,FALSE,M1_DIRECTION_MISMATCH
2026-09-07 15:30:46.700,1788795046.700,6967,94,94,4414.34,4414.42,8.0,PASS_<=10c,+0.0,FLAT,+0.0,+0.0,4.2,+0.00,0.00,SLOW,4414.34,4414.34,4414.34,4414.34,0.00,0.00,0.0,BULLISH,0.0,4414.34,4414.34,4414.34,4414.34,46,CLEARED_>=20s,1.0,0.0,0.0,0.0,0.0,0.0,0.0,PASS_<20%,0.00,0.0,NO,STANDBY_VEL_LOW,0,0.00,4590.00,78.36,FALSE,M1_DIRECTION_MISMATCH
2026-09-07 15:30:47.201,1788795047.202,6968,95,95,4414.34,4414.42,8.0,PASS_<=10c,+0.0,FLAT,+0.0,+0.0,4.2,+0.00,0.00,SLOW,4414.34,4414.34,4414.34,4414.34,0.00,0.00,0.0,BULLISH,0.0,4414.34,4414.34,4414.34,4414.34,47,CLEARED_>=20s,1.0,0.0,0.0,0.0,0.0,0.0,0.0,PASS_<20%,0.00,0.0,NO,STANDBY_VEL_LOW,0,0.00,4590.00,78.36,FALSE,M1_DIRECTION_MISMATCH
2026-09-07 15:30:47.702,1788795047.702,6969,96,96,4414.34,4414.42,8.0,PASS_<=10c,+0.0,FLAT,+0.0,+0.0,4.2,+0.00,0.00,SLOW,4414.34,4414.34,4414.34,4414.34,0.00,0.00,0.0,BULLISH,0.0,4414.34,4414.34,4414.34,4414.34,47,CLEARED_>=20s,1.0,0.0,0.0,0.0,0.0,0.0,0.0,PASS_<20%,0.00,0.0,NO,STANDBY_VEL_LOW,0,0.00,4590.00,78.36,FALSE,M1_DIRECTION_MISMATCH
2026-09-07 15:30:48.205,1788795048.205,6970,97,97,4414.34,4414.42,8.0,PASS_<=10c,+0.0,FLAT,+0.0,+0.0,4.2,+0.00,0.00,SLOW,4414.34,4414.34,4414.34,4414.34,0.00,0.00,0.0,BULLISH,0.0,4414.34,4414.34,4414.34,4414.34,48,CLEARED_>=20s,1.0,0.0,0.0,0.0,0.0,0.0,0.0,PASS_<20%,0.00,0.0,NO,STANDBY_VEL_LOW,0,0.00,4590.00,78.36,FALSE,M1_DIRECTION_MISMATCH
2026-09-07 15:30:48.704,1788795048.705,6971,98,98,4414.34,4414.42,8.0,PASS_<=10c,+0.0,FLAT,+0.0,+0.0,4.2,+0.00,0.00,SLOW,4414.34,4414.34,4414.34,4414.34,0.00,0.00,0.0,BULLISH,0.0,4414.34,4414.34,4414.34,4414.34,48,CLEARED_>=20s,1.0,0.0,0.0,0.0,0.0,0.0,0.0,PASS_<20%,0.00,0.0,NO,STANDBY_VEL_LOW,0,0.00,4590.00,78.36,FALSE,M1_DIRECTION_MISMATCH
2026-09-07 15:30:49.205,1788795049.205,6972,99,99,4414.34,4414.42,8.0,PASS_<=10c,+0.0,FLAT,+0.0,+0.0,4.2,+0.00,0.00,SLOW,4414.34,4414.34,4414.34,4414.34,0.00,0.00,0.0,BULLISH,0.0,4414.34,4414.34,4414.34,4414.34,49,CLEARED_>=20s,1.0,0.0,0.0,0.0,0.0,0.0,0.0,PASS_<20%,0.00,0.0,NO,STANDBY_VEL_LOW,0,0.00,4590.00,78.36,FALSE,M1_DIRECTION_MISMATCH
2026-09-07 15:30:49.707,1788795049.707,6973,100,100,4414.34,4414.42,8.0,PASS_<=10c,+0.0,FLAT,+0.0,+0.0,4.2,+0.00,0.00,SLOW,4414.34,4414.34,4414.34,4414.34,0.00,0.00,0.0,BULLISH,0.0,4414.34,4414.34,4414.34,4414.34,49,CLEARED_>=20s,1.0,0.0,0.0,0.0,0.0,0.0,0.0,PASS_<20%,0.00,0.0,NO,STANDBY_VEL_LOW,0,0.00,4590.00,78.36,FALSE,M1_DIRECTION_MISMATCH
2026-09-07 15:30:50.209,1788795050.210,6974,101,101,4414.34,4414.42,8.0,PASS_<=10c,+0.0,FLAT,+0.0,+0.0,4.2,+0.00,0.00,SLOW,4414.34,4414.34,4414.34,4414.34,0.00,0.00,0.0,BULLISH,0.0,4414.34,4414.34,4414.34,4414.34,50,CLEARED_>=20s,1.0,0.0,0.0,0.0,0.0,0.0,0.0,PASS_<20%,0.00,0.0,NO,STANDBY_VEL_LOW,0,0.00,4590.00,78.36,FALSE,M1_DIRECTION_MISMATCH
2026-09-07 15:30:50.710,1788795050.710,6975,102,102,4414.34,4414.42,8.0,PASS_<=10c,+0.0,FLAT,+0.0,+0.0,4.2,+0.00,0.00,SLOW,4414.34,4414.34,4414.34,4414.34,0.00,0.00,0.0,BULLISH,0.0,4414.34,4414.34,4414.34,4414.34,50,CLEARED_>=20s,1.0,0.0,0.0,0.0,0.0,0.0,0.0,PASS_<20%,0.00,0.0,NO,STANDBY_VEL_LOW,0,0.00,4590.00,78.36,FALSE,M1_DIRECTION_MISMATCH
2026-09-07 15:30:51.212,1788795051.212,6976,103,103,4414.34,4414.42,8.0,PASS_<=10c,+0.0,FLAT,+0.0,+0.0,4.2,+0.00,0.00,SLOW,4414.34,4414.34,4414.34,4414.34,0.00,0.00,0.0,BULLISH,0.0,4414.34,4414.34,4414.34,4414.34,51,CLEARED_>=20s,1.0,0.0,0.0,0.0,0.0,0.0,0.0,PASS_<20%,0.00,0.0,NO,STANDBY_VEL_LOW,0,0.00,4590.00,78.36,FALSE,M1_DIRECTION_MISMATCH
2026-09-07 15:30:51.714,1788795051.715,6977,104,104,4414.34,4414.42,8.0,PASS_<=10c,+0.0,FLAT,+0.0,+0.0,4.2,+0.00,0.00,SLOW,4414.34,4414.34,4414.34,4414.34,0.00,0.00,0.0,BULLISH,0.0,4414.34,4414.34,4414.34,4414.34,51,CLEARED_>=20s,1.0,0.0,0.0,0.0,0.0,0.0,0.0,PASS_<20%,0.00,0.0,NO,STANDBY_VEL_LOW,0,0.00,4590.00,78.36,FALSE,M1_DIRECTION_MISMATCH
2026-09-07 15:30:52.216,1788795052.217,6978,105,105,4414.34,4414.42,8.0,PASS_<=10c,+0.0,FLAT,+0.0,+0.0,4.2,+0.00,0.00,SLOW,4414.34,4414.34,4414.34,4414.34,0.00,0.00,0.0,BULLISH,0.0,4414.34,4414.34,4414.34,4414.34,52,CLEARED_>=20s,1.0,0.0,0.0,0.0,0.0,0.0,0.0,PASS_<20%,0.00,0.0,NO,STANDBY_VEL_LOW,0,0.00,4590.00,78.36,FALSE,M1_DIRECTION_MISMATCH
2026-09-07 15:30:52.718,1788795052.719,6979,106,106,4414.34,4414.42,8.0,PASS_<=10c,+0.0,FLAT,+0.0,+0.0,4.2,+0.00,0.00,SLOW,4414.34,4414.34,4414.34,4414.34,0.00,0.00,0.0,BULLISH,0.0,4414.34,4414.34,4414.34,4414.34,52,CLEARED_>=20s,1.0,0.0,0.0,0.0,0.0,0.0,0.0,PASS_<20%,0.00,0.0,NO,STANDBY_VEL_LOW,0,0.00,4590.00,78.36,FALSE,M1_DIRECTION_MISMATCH
2026-09-07 15:30:53.219,1788795053.220,6980,107,107,4414.34,4414.42,8.0,PASS_<=10c,+0.0,FLAT,+0.0,+0.0,4.2,+0.00,0.00,SLOW,4414.34,4414.34,4414.34,4414.34,0.00,0.00,0.0,BULLISH,0.0,4414.34,4414.34,4414.34,4414.34,53,CLEARED_>=20s,1.0,0.0,0.0,0.0,0.0,0.0,0.0,PASS_<20%,0.00,0.0,NO,STANDBY_VEL_LOW,0,0.00,4590.00,78.36,FALSE,M1_DIRECTION_MISMATCH
2026-09-07 15:30:53.722,1788795053.723,6981,108,108,4414.34,4414.42,8.0,PASS_<=10c,+0.0,FLAT,+0.0,+0.0,4.2,+0.00,0.00,SLOW,4414.34,4414.34,4414.34,4414.34,0.00,0.00,0.0,BULLISH,0.0,4414.34,4414.34,4414.34,4414.34,53,CLEARED_>=20s,1.0,0.0,0.0,0.0,0.0,0.0,0.0,PASS_<20%,0.00,0.0,NO,STANDBY_VEL_LOW,0,0.00,4590.00,78.36,FALSE,M1_DIRECTION_MISMATCH
2026-09-07 15:30:54.223,1788795054.224,6982,109,109,4414.34,4414.42,8.0,PASS_<=10c,+0.0,FLAT,+0.0,+0.0,4.2,+0.00,0.00,SLOW,4414.34,4414.34,4414.34,4414.34,0.00,0.00,0.0,BULLISH,0.0,4414.34,4414.34,4414.34,4414.34,54,CLEARED_>=20s,1.0,0.0,0.0,0.0,0.0,0.0,0.0,PASS_<20%,0.00,0.0,NO,STANDBY_VEL_LOW,0,0.00,4590.00,78.36,FALSE,M1_DIRECTION_MISMATCH
2026-09-07 15:30:54.724,1788795054.725,6983,110,110,4414.34,4414.42,8.0,PASS_<=10c,+0.0,FLAT,+0.0,+0.0,4.2,+0.00,0.00,SLOW,4414.34,4414.34,4414.34,4414.34,0.00,0.00,0.0,BULLISH,0.0,4414.34,4414.34,4414.34,4414.34,54,CLEARED_>=20s,1.0,0.0,0.0,0.0,0.0,0.0,0.0,PASS_<20%,0.00,0.0,NO,STANDBY_VEL_LOW,0,0.00,4590.00,78.36,FALSE,M1_DIRECTION_MISMATCH
2026-09-07 15:30:55.226,1788795055.227,6984,111,111,4414.34,4414.42,8.0,PASS_<=10c,+0.0,FLAT,+0.0,+0.0,4.2,+0.00,0.00,SLOW,4414.34,4414.34,4414.34,4414.34,0.00,0.00,0.0,BULLISH,0.0,4414.34,4414.34,4414.34,4414.34,55,CLEARED_>=20s,1.0,0.0,0.0,0.0,0.0,0.0,0.0,PASS_<20%,0.00,0.0,NO,STANDBY_VEL_LOW,0,0.00,4590.00,78.36,FALSE,M1_DIRECTION_MISMATCH
2026-09-07 15:30:55.727,1788795055.728,6985,112,112,4414.34,4414.42,8.0,PASS_<=10c,+0.0,FLAT,+0.0,+0.0,4.2,+0.00,0.00,SLOW,4414.34,4414.34,4414.34,4414.34,0.00,0.00,0.0,BULLISH,0.0,4414.34,4414.34,4414.34,4414.34,55,CLEARED_>=20s,1.0,0.0,0.0,0.0,0.0,0.0,0.0,PASS_<20%,0.00,0.0,NO,STANDBY_VEL_LOW,0,0.00,4590.00,78.36,FALSE,M1_DIRECTION_MISMATCH
2026-09-07 15:30:56.228,1788795056.229,6986,113,113,4414.34,4414.42,8.0,PASS_<=10c,+0.0,FLAT,+0.0,+0.0,4.2,+0.00,0.00,SLOW,4414.34,4414.34,4414.34,4414.34,0.00,0.00,0.0,BULLISH,0.0,4414.34,4414.34,4414.34,4414.34,56,CLEARED_>=20s,1.0,0.0,0.0,0.0,0.0,0.0,0.0,PASS_<20%,0.00,0.0,NO,STANDBY_VEL_LOW,0,0.00,4590.00,78.36,FALSE,M1_DIRECTION_MISMATCH
2026-09-07 15:30:56.730,1788795056.731,6987,114,114,4414.34,4414.42,8.0,PASS_<=10c,+0.0,FLAT,+0.0,+0.0,4.2,+0.00,0.00,SLOW,4414.34,4414.34,4414.34,4414.34,0.00,0.00,0.0,BULLISH,0.0,4414.34,4414.34,4414.34,4414.34,56,CLEARED_>=20s,1.0,0.0,0.0,0.0,0.0,0.0,0.0,PASS_<20%,0.00,0.0,NO,STANDBY_VEL_LOW,0,0.00,4590.00,78.36,FALSE,M1_DIRECTION_MISMATCH
2026-09-07 15:30:57.232,1788795057.232,6988,115,115,4414.34,4414.42,8.0,PASS_<=10c,+0.0,FLAT,+0.0,+0.0,4.2,+0.00,0.00,SLOW,4414.34,4414.34,4414.34,4414.34,0.00,0.00,0.0,BULLISH,0.0,4414.34,4414.34,4414.34,4414.34,57,CLEARED_>=20s,1.0,0.0,0.0,0.0,0.0,0.0,0.0,PASS_<20%,0.00,0.0,NO,STANDBY_VEL_LOW,0,0.00,4590.00,78.36,FALSE,M1_DIRECTION_MISMATCH
2026-09-07 15:30:57.733,1788795057.734,6989,116,116,4414.34,4414.42,8.0,PASS_<=10c,+0.0,FLAT,+0.0,+0.0,4.2,+0.00,0.00,SLOW,4414.34,4414.34,4414.34,4414.34,0.00,0.00,0.0,BULLISH,0.0,4414.34,4414.34,4414.34,4414.34,57,CLEARED_>=20s,1.0,0.0,0.0,0.0,0.0,0.0,0.0,PASS_<20%,0.00,0.0,NO,STANDBY_VEL_LOW,0,0.00,4590.00,78.36,FALSE,M1_DIRECTION_MISMATCH
2026-09-07 15:30:58.235,1788795058.236,6990,117,117,4414.34,4414.42,8.0,PASS_<=10c,+0.0,FLAT,+0.0,+0.0,4.2,+0.00,0.00,SLOW,4414.34,4414.34,4414.34,4414.34,0.00,0.00,0.0,BULLISH,0.0,4414.34,4414.34,4414.34,4414.34,58,CLEARED_>=20s,1.0,0.0,0.0,0.0,0.0,0.0,0.0,PASS_<20%,0.00,0.0,NO,STANDBY_VEL_LOW,0,0.00,4590.00,78.36,FALSE,M1_DIRECTION_MISMATCH
2026-09-07 15:30:58.737,1788795058.737,6991,118,118,4414.34,4414.42,8.0,PASS_<=10c,+0.0,FLAT,+0.0,+0.0,4.2,+0.00,0.00,SLOW,4414.34,4414.34,4414.34,4414.34,0.00,0.00,0.0,BULLISH,0.0,4414.34,4414.34,4414.34,4414.34,58,CLEARED_>=20s,1.0,0.0,0.0,0.0,0.0,0.0,0.0,PASS_<20%,0.00,0.0,NO,STANDBY_VEL_LOW,0,0.00,4590.00,78.36,FALSE,M1_DIRECTION_MISMATCH
2026-09-07 15:30:59.238,1788795059.239,6992,119,119,4414.34,4414.42,8.0,PASS_<=10c,+0.0,FLAT,+0.0,+0.0,4.2,+0.00,0.00,SLOW,4414.34,4414.34,4414.34,4414.34,0.00,0.00,0.0,BULLISH,0.0,4414.34,4414.34,4414.34,4414.34,59,CLEARED_>=20s,1.0,0.0,0.0,0.0,0.0,0.0,0.0,PASS_<20%,0.00,0.0,NO,STANDBY_VEL_LOW,0,0.00,4590.00,78.36,FALSE,M1_DIRECTION_MISMATCH
2026-09-07 15:30:59.740,1788795059.740,6993,120,120,4414.34,4414.42,8.0,PASS_<=10c,+0.0,FLAT,+0.0,+0.0,4.2,+0.00,0.00,SLOW,4414.34,4414.34,4414.34,4414.34,0.00,0.00,0.0,BULLISH,0.0,4414.34,4414.34,4414.34,4414.34,59,CLEARED_>=20s,1.0,0.0,0.0,0.0,0.0,0.0,0.0,PASS_<20%,0.00,0.0,NO,STANDBY_VEL_LOW,0,0.00,4590.00,78.36,FALSE,M1_DIRECTION_MISMATCH
2026-09-07 15:31:00.242,1788795060.242,6994,1,121,4414.34,4414.42,8.0,PASS_<=10c,+0.0,FLAT,+0.0,+0.0,4.2,+0.00,0.00,SLOW,4414.34,4414.34,4414.34,4414.34,0.00,0.00,0.0,BULLISH,0.0,4414.34,4414.34,4414.34,4414.34,0,ACTIVE_0s,1.0,0.0,0.0,0.0,0.0,0.0,0.0,PASS_<20%,0.00,0.0,NO,STANDBY_VEL_LOW,0,0.00,4590.00,78.36,FALSE,M1_DIRECTION_MISMATCH|OPENING_SHIELD_ACTIVE_0s
2026-09-07 15:31:00.743,1788795060.744,6995,2,122,4414.34,4414.42,8.0,PASS_<=10c,+0.0,FLAT,+0.0,+0.0,4.2,+0.00,0.00,SLOW,4414.34,4414.34,4414.34,4414.34,0.00,0.00,0.0,BULLISH,0.0,4414.34,4414.34,4414.34,4414.34,0,ACTIVE_0s,1.0,0.0,0.0,0.0,0.0,0.0,0.0,PASS_<20%,0.00,0.0,NO,STANDBY_VEL_LOW,0,0.00,4590.00,78.36,FALSE,M1_DIRECTION_MISMATCH|OPENING_SHIELD_ACTIVE_0s
2026-09-07 15:31:01.244,1788795061.244,6996,3,123,4414.34,4414.42,8.0,PASS_<=10c,+0.0,FLAT,+0.0,+0.0,4.2,+0.00,0.00,SLOW,4414.34,4414.34,4414.34,4414.34,0.00,0.00,0.0,BULLISH,0.0,4414.34,4414.34,4414.34,4414.34,1,ACTIVE_1s,1.0,0.0,0.0,0.0,0.0,0.0,0.0,PASS_<20%,0.00,0.0,NO,STANDBY_VEL_LOW,0,0.00,4590.00,78.36,FALSE,M1_DIRECTION_MISMATCH|OPENING_SHIELD_ACTIVE_1s
2026-09-07 15:31:01.747,1788795061.748,6997,4,124,4414.34,4414.42,8.0,PASS_<=10c,+0.0,FLAT,+0.0,+0.0,4.2,+0.00,0.00,SLOW,4414.34,4414.34,4414.34,4414.34,0.00,0.00,0.0,BULLISH,0.0,4414.34,4414.34,4414.34,4414.34,1,ACTIVE_1s,1.0,0.0,0.0,0.0,0.0,0.0,0.0,PASS_<20%,0.00,0.0,NO,STANDBY_VEL_LOW,0,0.00,4590.00,78.36,FALSE,M1_DIRECTION_MISMATCH|OPENING_SHIELD_ACTIVE_1s
2026-09-07 15:31:02.249,1788795062.250,6998,5,125,4414.34,4414.42,8.0,PASS_<=10c,+0.0,FLAT,+0.0,+0.0,4.2,+0.00,0.00,SLOW,4414.34,4414.34,4414.34,4414.34,0.00,0.00,0.0,BULLISH,0.0,4414.34,4414.34,4414.34,4414.34,2,ACTIVE_2s,1.0,0.0,0.0,0.0,0.0,0.0,0.0,PASS_<20%,0.00,0.0,NO,STANDBY_VEL_LOW,0,0.00,4590.00,78.36,FALSE,M1_DIRECTION_MISMATCH|OPENING_SHIELD_ACTIVE_2s
2026-09-07 15:31:02.751,1788795062.751,6999,6,126,4414.34,4414.42,8.0,PASS_<=10c,+0.0,FLAT,+0.0,+0.0,4.2,+0.00,0.00,SLOW,4414.34,4414.34,4414.34,4414.34,0.00,0.00,0.0,BULLISH,0.0,4414.34,4414.34,4414.34,4414.34,2,ACTIVE_2s,1.0,0.0,0.0,0.0,0.0,0.0,0.0,PASS_<20%,0.00,0.0,NO,STANDBY_VEL_LOW,0,0.00,4590.00,78.36,FALSE,M1_DIRECTION_MISMATCH|OPENING_SHIELD_ACTIVE_2s
2026-09-07 15:31:03.252,1788795063.253,7000,7,127,4414.34,4414.42,8.0,PASS_<=10c,+0.0,FLAT,+0.0,+0.0,4.2,+0.00,0.00,SLOW,4414.34,4414.34,4414.34,4414.34,0.00,0.00,0.0,BULLISH,0.0,4414.34,4414.34,4414.34,4414.34,3,ACTIVE_3s,1.0,0.0,0.0,0.0,0.0,0.0,0.0,PASS_<20%,0.00,0.0,NO,STANDBY_VEL_LOW,0,0.00,4590.00,78.36,FALSE,M1_DIRECTION_MISMATCH|OPENING_SHIELD_ACTIVE_3s
2026-09-07 15:31:03.754,1788795063.754,7001,8,128,4414.34,4414.42,8.0,PASS_<=10c,+0.0,FLAT,+0.0,+0.0,4.2,+0.00,0.00,SLOW,4414.34,4414.34,4414.34,4414.34,0.00,0.00,0.0,BULLISH,0.0,4414.34,4414.34,4414.34,4414.34,3,ACTIVE_3s,1.0,0.0,0.0,0.0,0.0,0.0,0.0,PASS_<20%,0.00,0.0,NO,STANDBY_VEL_LOW,0,0.00,4590.00,78.36,FALSE,M1_DIRECTION_MISMATCH|OPENING_SHIELD_ACTIVE_3s
2026-09-07 15:31:04.255,1788795064.256,7002,9,129,4414.34,4414.42,8.0,PASS_<=10c,+0.0,FLAT,+0.0,+0.0,4.2,+0.00,0.00,SLOW,4414.34,4414.34,4414.34,4414.34,0.00,0.00,0.0,BULLISH,0.0,4414.34,4414.34,4414.34,4414.34,4,ACTIVE_4s,1.0,0.0,0.0,0.0,0.0,0.0,0.0,PASS_<20%,0.00,0.0,NO,STANDBY_VEL_LOW,0,0.00,4590.00,78.36,FALSE,M1_DIRECTION_MISMATCH|OPENING_SHIELD_ACTIVE_4s
2026-09-07 15:31:04.756,1788795064.757,7003,10,130,4414.34,4414.42,8.0,PASS_<=10c,+0.0,FLAT,+0.0,+0.0,4.2,+0.00,0.00,SLOW,4414.34,4414.34,4414.34,4414.34,0.00,0.00,0.0,BULLISH,0.0,4414.34,4414.34,4414.34,4414.34,4,ACTIVE_4s,1.0,0.0,0.0,0.0,0.0,0.0,0.0,PASS_<20%,0.00,0.0,NO,STANDBY_VEL_LOW,0,0.00,4590.00,78.36,FALSE,M1_DIRECTION_MISMATCH|OPENING_SHIELD_ACTIVE_4s
2026-09-07 15:31:05.258,1788795065.258,7004,11,131,4414.34,4414.42,8.0,PASS_<=10c,+0.0,FLAT,+0.0,+0.0,4.2,+0.00,0.00,SLOW,4414.34,4414.34,4414.34,4414.34,0.00,0.00,0.0,BULLISH,0.0,4414.34,4414.34,4414.34,4414.34,5,ACTIVE_5s,1.0,0.0,0.0,0.0,0.0,0.0,0.0,PASS_<20%,0.00,0.0,NO,STANDBY_VEL_LOW,0,0.00,4590.00,78.36,FALSE,M1_DIRECTION_MISMATCH|OPENING_SHIELD_ACTIVE_5s
2026-09-07 15:31:05.759,1788795065.760,7005,12,132,4414.34,4414.42,8.0,PASS_<=10c,+0.0,FLAT,+0.0,+0.0,4.2,+0.00,0.00,SLOW,4414.34,4414.34,4414.34,4414.34,0.00,0.00,0.0,BULLISH,0.0,4414.34,4414.34,4414.34,4414.34,5,ACTIVE_5s,1.0,0.0,0.0,0.0,0.0,0.0,0.0,PASS_<20%,0.00,0.0,NO,STANDBY_VEL_LOW,0,0.00,4590.00,78.36,FALSE,M1_DIRECTION_MISMATCH|OPENING_SHIELD_ACTIVE_5s
2026-09-07 15:31:06.261,1788795066.262,7006,13,133,4414.34,4414.42,8.0,PASS_<=10c,+0.0,FLAT,+0.0,+0.0,4.2,+0.00,0.00,SLOW,4414.34,4414.34,4414.34,4414.34,0.00,0.00,0.0,BULLISH,0.0,4414.34,4414.34,4414.34,4414.34,6,ACTIVE_6s,1.0,0.0,0.0,0.0,0.0,0.0,0.0,PASS_<20%,0.00,0.0,NO,STANDBY_VEL_LOW,0,0.00,4590.00,78.36,FALSE,M1_DIRECTION_MISMATCH|OPENING_SHIELD_ACTIVE_6s
2026-09-07 15:31:06.763,1788795066.764,7007,14,134,4414.34,4414.42,8.0,PASS_<=10c,+0.0,FLAT,+0.0,+0.0,4.2,+0.00,0.00,SLOW,4414.34,4414.34,4414.34,4414.34,0.00,0.00,0.0,BULLISH,0.0,4414.34,4414.34,4414.34,4414.34,6,ACTIVE_6s,1.0,0.0,0.0,0.0,0.0,0.0,0.0,PASS_<20%,0.00,0.0,NO,STANDBY_VEL_LOW,0,0.00,4590.00,78.36,FALSE,M1_DIRECTION_MISMATCH|OPENING_SHIELD_ACTIVE_6s
2026-09-07 15:31:07.264,1788795067.265,7008,15,135,4414.34,4414.42,8.0,PASS_<=10c,+0.0,FLAT,+0.0,+0.0,4.2,+0.00,0.00,SLOW,4414.34,4414.34,4414.34,4414.34,0.00,0.00,0.0,BULLISH,0.0,4414.34,4414.34,4414.34,4414.34,7,ACTIVE_7s,1.0,0.0,0.0,0.0,0.0,0.0,0.0,PASS_<20%,0.00,0.0,NO,STANDBY_VEL_LOW,0,0.00,4590.00,78.36,FALSE,M1_DIRECTION_MISMATCH|OPENING_SHIELD_ACTIVE_7s
2026-09-07 15:31:07.766,1788795067.766,7009,16,136,4414.34,4414.42,8.0,PASS_<=10c,+0.0,FLAT,+0.0,+0.0,4.2,+0.00,0.00,SLOW,4414.34,4414.34,4414.34,4414.34,0.00,0.00,0.0,BULLISH,0.0,4414.34,4414.34,4414.34,4414.34,7,ACTIVE_7s,1.0,0.0,0.0,0.0,0.0,0.0,0.0,PASS_<20%,0.00,0.0,NO,STANDBY_VEL_LOW,0,0.00,4590.00,78.36,FALSE,M1_DIRECTION_MISMATCH|OPENING_SHIELD_ACTIVE_7s
2026-09-07 15:31:08.267,1788795068.268,7010,17,137,4414.34,4414.42,8.0,PASS_<=10c,+0.0,FLAT,+0.0,+0.0,4.2,+0.00,0.00,SLOW,4414.34,4414.34,4414.34,4414.34,0.00,0.00,0.0,BULLISH,0.0,4414.34,4414.34,4414.34,4414.34,8,ACTIVE_8s,1.0,0.0,0.0,0.0,0.0,0.0,0.0,PASS_<20%,0.00,0.0,NO,STANDBY_VEL_LOW,0,0.00,4590.00,78.36,FALSE,M1_DIRECTION_MISMATCH|OPENING_SHIELD_ACTIVE_8s
2026-09-07 15:31:08.768,1788795068.768,7011,18,138,4414.34,4414.42,8.0,PASS_<=10c,+0.0,FLAT,+0.0,+0.0,4.2,+0.00,0.00,SLOW,4414.34,4414.34,4414.34,4414.34,0.00,0.00,0.0,BULLISH,0.0,4414.34,4414.34,4414.34,4414.34,8,ACTIVE_8s,1.0,0.0,0.0,0.0,0.0,0.0,0.0,PASS_<20%,0.00,0.0,NO,STANDBY_VEL_LOW,0,0.00,4590.00,78.36,FALSE,M1_DIRECTION_MISMATCH|OPENING_SHIELD_ACTIVE_8s
2026-09-07 15:31:09.269,1788795069.269,7012,19,139,4414.34,4414.42,8.0,PASS_<=10c,+0.0,FLAT,+0.0,+0.0,4.2,+0.00,0.00,SLOW,4414.34,4414.34,4414.34,4414.34,0.00,0.00,0.0,BULLISH,0.0,4414.34,4414.34,4414.34,4414.34,9,ACTIVE_9s,1.0,0.0,0.0,0.0,0.0,0.0,0.0,PASS_<20%,0.00,0.0,NO,STANDBY_VEL_LOW,0,0.00,4590.00,78.36,FALSE,M1_DIRECTION_MISMATCH|OPENING_SHIELD_ACTIVE_9s
2026-09-07 15:31:09.772,1788795069.772,7013,20,140,4414.34,4414.42,8.0,PASS_<=10c,+0.0,FLAT,+0.0,+0.0,4.2,+0.00,0.00,SLOW,4414.34,4414.34,4414.34,4414.34,0.00,0.00,0.0,BULLISH,0.0,4414.34,4414.34,4414.34,4414.34,9,ACTIVE_9s,1.0,0.0,0.0,0.0,0.0,0.0,0.0,PASS_<20%,0.00,0.0,NO,STANDBY_VEL_LOW,0,0.00,4590.00,78.36,FALSE,M1_DIRECTION_MISMATCH|OPENING_SHIELD_ACTIVE_9s
2026-09-07 15:31:10.275,1788795070.275,7014,21,141,4414.34,4414.42,8.0,PASS_<=10c,+0.0,FLAT,+0.0,+0.0,4.2,+0.00,0.00,SLOW,4414.34,4414.34,4414.34,4414.34,0.00,0.00,0.0,BULLISH,0.0,4414.34,4414.34,4414.34,4414.34,10,ACTIVE_10s,1.0,0.0,0.0,0.0,0.0,0.0,0.0,PASS_<20%,0.00,0.0,NO,STANDBY_VEL_LOW,0,0.00,4590.00,78.36,FALSE,M1_DIRECTION_MISMATCH|OPENING_SHIELD_ACTIVE_10s
2026-09-07 15:31:10.790,1788795070.790,7015,22,142,4414.34,4414.42,8.0,PASS_<=10c,+0.0,FLAT,+0.0,+0.0,4.2,+0.00,0.00,SLOW,4414.34,4414.34,4414.34,4414.34,0.00,0.00,0.0,BULLISH,0.0,4414.34,4414.34,4414.34,4414.34,10,ACTIVE_10s,1.0,0.0,0.0,0.0,0.0,0.0,0.0,PASS_<20%,0.00,0.0,NO,STANDBY_VEL_LOW,0,0.00,4590.00,78.36,FALSE,M1_DIRECTION_MISMATCH|OPENING_SHIELD_ACTIVE_10s
2026-09-07 15:31:11.290,1788795071.290,7016,23,143,4414.34,4414.42,8.0,PASS_<=10c,+0.0,FLAT,+0.0,+0.0,4.2,+0.00,0.00,SLOW,4414.34,4414.34,4414.34,4414.34,0.00,0.00,0.0,BULLISH,0.0,4414.34,4414.34,4414.34,4414.34,11,ACTIVE_11s,1.0,0.0,0.0,0.0,0.0,0.0,0.0,PASS_<20%,0.00,0.0,NO,STANDBY_VEL_LOW,0,0.00,4590.00,78.36,FALSE,M1_DIRECTION_MISMATCH|OPENING_SHIELD_ACTIVE_11s
2026-09-07 15:31:11.791,1788795071.792,7017,24,144,4414.34,4414.42,8.0,PASS_<=10c,+0.0,FLAT,+0.0,+0.0,4.2,+0.00,0.00,SLOW,4414.34,4414.34,4414.34,4414.34,0.00,0.00,0.0,BULLISH,0.0,4414.34,4414.34,4414.34,4414.34,11,ACTIVE_11s,1.0,0.0,0.0,0.0,0.0,0.0,0.0,PASS_<20%,0.00,0.0,NO,STANDBY_VEL_LOW,0,0.00,4590.00,78.36,FALSE,M1_DIRECTION_MISMATCH|OPENING_SHIELD_ACTIVE_11s
2026-09-07 15:31:12.291,1788795072.292,7018,25,145,4414.34,4414.42,8.0,PASS_<=10c,+0.0,FLAT,+0.0,+0.0,4.2,+0.00,0.00,SLOW,4414.34,4414.34,4414.34,4414.34,0.00,0.00,0.0,BULLISH,0.0,4414.34,4414.34,4414.34,4414.34,12,ACTIVE_12s,1.0,0.0,0.0,0.0,0.0,0.0,0.0,PASS_<20%,0.00,0.0,NO,STANDBY_VEL_LOW,0,0.00,4590.00,78.36,FALSE,M1_DIRECTION_MISMATCH|OPENING_SHIELD_ACTIVE_12s
2026-09-07 15:31:12.793,1788795072.794,7019,26,146,4414.34,4414.42,8.0,PASS_<=10c,+0.0,FLAT,+0.0,+0.0,4.2,+0.00,0.00,SLOW,4414.34,4414.34,4414.34,4414.34,0.00,0.00,0.0,BULLISH,0.0,4414.34,4414.34,4414.34,4414.34,12,ACTIVE_12s,1.0,0.0,0.0,0.0,0.0,0.0,0.0,PASS_<20%,0.00,0.0,NO,STANDBY_VEL_LOW,0,0.00,4590.00,78.36,FALSE,M1_DIRECTION_MISMATCH|OPENING_SHIELD_ACTIVE_12s
2026-09-07 15:31:13.295,1788795073.295,7020,27,147,4414.34,4414.42,8.0,PASS_<=10c,+0.0,FLAT,+0.0,+0.0,4.2,+0.00,0.00,SLOW,4414.34,4414.34,4414.34,4414.34,0.00,0.00,0.0,BULLISH,0.0,4414.34,4414.34,4414.34,4414.34,13,ACTIVE_13s,1.0,0.0,0.0,0.0,0.0,0.0,0.0,PASS_<20%,0.00,0.0,NO,STANDBY_VEL_LOW,0,0.00,4590.00,78.36,FALSE,M1_DIRECTION_MISMATCH|OPENING_SHIELD_ACTIVE_13s
2026-09-07 15:31:13.796,1788795073.797,7021,28,148,4414.34,4414.42,8.0,PASS_<=10c,+0.0,FLAT,+0.0,+0.0,4.2,+0.00,0.00,SLOW,4414.34,4414.34,4414.34,4414.34,0.00,0.00,0.0,BULLISH,0.0,4414.34,4414.34,4414.34,4414.34,13,ACTIVE_13s,1.0,0.0,0.0,0.0,0.0,0.0,0.0,PASS_<20%,0.00,0.0,NO,STANDBY_VEL_LOW,0,0.00,4590.00,78.36,FALSE,M1_DIRECTION_MISMATCH|OPENING_SHIELD_ACTIVE_13s
2026-09-07 15:31:14.312,1788795074.312,7022,29,149,4414.34,4414.42,8.0,PASS_<=10c,+0.0,FLAT,+0.0,+0.0,4.2,+0.00,0.00,SLOW,4414.34,4414.34,4414.34,4414.34,0.00,0.00,0.0,BULLISH,0.0,4414.34,4414.34,4414.34,4414.34,14,ACTIVE_14s,1.0,0.0,0.0,0.0,0.0,0.0,0.0,PASS_<20%,0.00,0.0,NO,STANDBY_VEL_LOW,0,0.00,4590.00,78.36,FALSE,M1_DIRECTION_MISMATCH|OPENING_SHIELD_ACTIVE_14s
2026-09-07 15:31:14.808,1788795074.808,7023,30,150,4414.34,4414.42,8.0,PASS_<=10c,+0.0,FLAT,+0.0,+0.0,4.2,+0.00,0.00,SLOW,4414.34,4414.34,4414.34,4414.34,0.00,0.00,0.0,BULLISH,0.0,4414.34,4414.34,4414.34,4414.34,14,ACTIVE_14s,1.0,0.0,0.0,0.0,0.0,0.0,0.0,PASS_<20%,0.00,0.0,NO,STANDBY_VEL_LOW,0,0.00,4590.00,78.36,FALSE,M1_DIRECTION_MISMATCH|OPENING_SHIELD_ACTIVE_14s
2026-09-07 15:31:15.309,1788795075.309,7024,31,151,4414.34,4414.42,8.0,PASS_<=10c,+0.0,FLAT,+0.0,+0.0,4.2,+0.00,0.00,SLOW,4414.34,4414.34,4414.34,4414.34,0.00,0.00,0.0,BULLISH,0.0,4414.34,4414.34,4414.34,4414.34,15,ACTIVE_15s,1.0,0.0,0.0,0.0,0.0,0.0,0.0,PASS_<20%,0.00,0.0,NO,STANDBY_VEL_LOW,0,0.00,4590.00,78.36,FALSE,M1_DIRECTION_MISMATCH|OPENING_SHIELD_ACTIVE_15s
2026-09-07 15:31:15.811,1788795075.812,7025,32,152,4414.34,4414.42,8.0,PASS_<=10c,+0.0,FLAT,+0.0,+0.0,4.2,+0.00,0.00,SLOW,4414.34,4414.34,4414.34,4414.34,0.00,0.00,0.0,BULLISH,0.0,4414.34,4414.34,4414.34,4414.34,15,ACTIVE_15s,1.0,0.0,0.0,0.0,0.0,0.0,0.0,PASS_<20%,0.00,0.0,NO,STANDBY_VEL_LOW,0,0.00,4590.00,78.36,FALSE,M1_DIRECTION_MISMATCH|OPENING_SHIELD_ACTIVE_15s
2026-09-07 15:31:16.312,1788795076.312,7026,33,153,4414.34,4414.42,8.0,PASS_<=10c,+0.0,FLAT,+0.0,+0.0,4.2,+0.00,0.00,SLOW,4414.34,4414.34,4414.34,4414.34,0.00,0.00,0.0,BULLISH,0.0,4414.34,4414.34,4414.34,4414.34,16,ACTIVE_16s,1.0,0.0,0.0,0.0,0.0,0.0,0.0,PASS_<20%,0.00,0.0,NO,STANDBY_VEL_LOW,0,0.00,4590.00,78.36,FALSE,M1_DIRECTION_MISMATCH|OPENING_SHIELD_ACTIVE_16s
2026-09-07 15:31:16.814,1788795076.815,7027,34,154,4414.34,4414.42,8.0,PASS_<=10c,+0.0,FLAT,+0.0,+0.0,4.2,+0.00,0.00,SLOW,4414.34,4414.34,4414.34,4414.34,0.00,0.00,0.0,BULLISH,0.0,4414.34,4414.34,4414.34,4414.34,16,ACTIVE_16s,1.0,0.0,0.0,0.0,0.0,0.0,0.0,PASS_<20%,0.00,0.0,NO,STANDBY_VEL_LOW,0,0.00,4590.00,78.36,FALSE,M1_DIRECTION_MISMATCH|OPENING_SHIELD_ACTIVE_16s
2026-09-07 15:31:17.316,1788795077.316,7028,35,155,4414.34,4414.42,8.0,PASS_<=10c,+0.0,FLAT,+0.0,+0.0,4.2,+0.00,0.00,SLOW,4414.34,4414.34,4414.34,4414.34,0.00,0.00,0.0,BULLISH,0.0,4414.34,4414.34,4414.34,4414.34,17,ACTIVE_17s,1.0,0.0,0.0,0.0,0.0,0.0,0.0,PASS_<20%,0.00,0.0,NO,STANDBY_VEL_LOW,0,0.00,4590.00,78.36,FALSE,M1_DIRECTION_MISMATCH|OPENING_SHIELD_ACTIVE_17s
2026-09-07 15:31:17.817,1788795077.818,7029,36,156,4414.34,4414.42,8.0,PASS_<=10c,+0.0,FLAT,+0.0,+0.0,4.2,+0.00,0.00,SLOW,4414.34,4414.34,4414.34,4414.34,0.00,0.00,0.0,BULLISH,0.0,4414.34,4414.34,4414.34,4414.34,17,ACTIVE_17s,1.0,0.0,0.0,0.0,0.0,0.0,0.0,PASS_<20%,0.00,0.0,NO,STANDBY_VEL_LOW,0,0.00,4590.00,78.36,FALSE,M1_DIRECTION_MISMATCH|OPENING_SHIELD_ACTIVE_17s
2026-09-07 15:31:18.320,1788795078.320,7030,37,157,4414.34,4414.42,8.0,PASS_<=10c,+0.0,FLAT,+0.0,+0.0,4.2,+0.00,0.00,SLOW,4414.34,4414.34,4414.34,4414.34,0.00,0.00,0.0,BULLISH,0.0,4414.34,4414.34,4414.34,4414.34,18,ACTIVE_18s,1.0,0.0,0.0,0.0,0.0,0.0,0.0,PASS_<20%,0.00,0.0,NO,STANDBY_VEL_LOW,0,0.00,4590.00,78.36,FALSE,M1_DIRECTION_MISMATCH|OPENING_SHIELD_ACTIVE_18s
2026-09-07 15:31:18.820,1788795078.820,7031,38,158,4414.34,4414.42,8.0,PASS_<=10c,+0.0,FLAT,+0.0,+0.0,4.2,+0.00,0.00,SLOW,4414.34,4414.34,4414.34,4414.34,0.00,0.00,0.0,BULLISH,0.0,4414.34,4414.34,4414.34,4414.34,18,ACTIVE_18s,1.0,0.0,0.0,0.0,0.0,0.0,0.0,PASS_<20%,0.00,0.0,NO,STANDBY_VEL_LOW,0,0.00,4590.00,78.36,FALSE,M1_DIRECTION_MISMATCH|OPENING_SHIELD_ACTIVE_18s
2026-09-07 15:31:19.321,1788795079.321,7032,39,159,4414.34,4414.42,8.0,PASS_<=10c,+0.0,FLAT,+0.0,+0.0,4.2,+0.00,0.00,SLOW,4414.34,4414.34,4414.34,4414.34,0.00,0.00,0.0,BULLISH,0.0,4414.34,4414.34,4414.34,4414.34,19,ACTIVE_19s,1.0,0.0,0.0,0.0,0.0,0.0,0.0,PASS_<20%,0.00,0.0,NO,STANDBY_VEL_LOW,0,0.00,4590.00,78.36,FALSE,M1_DIRECTION_MISMATCH|OPENING_SHIELD_ACTIVE_19s
2026-09-07 15:31:19.823,1788795079.823,7033,40,160,4414.34,4414.42,8.0,PASS_<=10c,+0.0,FLAT,+0.0,+0.0,4.2,+0.00,0.00,SLOW,4414.34,4414.34,4414.34,4414.34,0.00,0.00,0.0,BULLISH,0.0,4414.34,4414.34,4414.34,4414.34,19,ACTIVE_19s,1.0,0.0,0.0,0.0,0.0,0.0,0.0,PASS_<20%,0.00,0.0,NO,STANDBY_VEL_LOW,0,0.00,4590.00,78.36,FALSE,M1_DIRECTION_MISMATCH|OPENING_SHIELD_ACTIVE_19s
2026-09-07 15:31:20.326,1788795080.326,7034,41,161,4414.34,4414.42,8.0,PASS_<=10c,+0.0,FLAT,+0.0,+0.0,4.2,+0.00,0.00,SLOW,4414.34,4414.34,4414.34,4414.34,0.00,0.00,0.0,BULLISH,0.0,4414.34,4414.34,4414.34,4414.34,20,CLEARED_>=20s,1.0,0.0,0.0,0.0,0.0,0.0,0.0,PASS_<20%,0.00,0.0,NO,STANDBY_VEL_LOW,0,0.00,4590.00,78.36,FALSE,M1_DIRECTION_MISMATCH
2026-09-07 15:31:20.827,1788795080.828,7035,42,162,4414.34,4414.42,8.0,PASS_<=10c,+0.0,FLAT,+0.0,+0.0,4.2,+0.00,0.00,SLOW,4414.34,4414.34,4414.34,4414.34,0.00,0.00,0.0,BULLISH,0.0,4414.34,4414.34,4414.34,4414.34,20,CLEARED_>=20s,1.0,0.0,0.0,0.0,0.0,0.0,0.0,PASS_<20%,0.00,0.0,NO,STANDBY_VEL_LOW,0,0.00,4590.00,78.36,FALSE,M1_DIRECTION_MISMATCH
2026-09-07 15:31:21.328,1788795081.329,7036,43,163,4414.34,4414.42,8.0,PASS_<=10c,+0.0,FLAT,+0.0,+0.0,4.2,+0.00,0.00,SLOW,4414.34,4414.34,4414.34,4414.34,0.00,0.00,0.0,BULLISH,0.0,4414.34,4414.34,4414.34,4414.34,21,CLEARED_>=20s,1.0,0.0,0.0,0.0,0.0,0.0,0.0,PASS_<20%,0.00,0.0,NO,STANDBY_VEL_LOW,0,0.00,4590.00,78.36,FALSE,M1_DIRECTION_MISMATCH
2026-09-07 15:31:21.829,1788795081.830,7037,44,164,4414.34,4414.42,8.0,PASS_<=10c,+0.0,FLAT,+0.0,+0.0,4.2,+0.00,0.00,SLOW,4414.34,4414.34,4414.34,4414.34,0.00,0.00,0.0,BULLISH,0.0,4414.34,4414.34,4414.34,4414.34,21,CLEARED_>=20s,1.0,0.0,0.0,0.0,0.0,0.0,0.0,PASS_<20%,0.00,0.0,NO,STANDBY_VEL_LOW,0,0.00,4590.00,78.36,FALSE,M1_DIRECTION_MISMATCH
2026-09-07 15:31:22.331,1788795082.331,7038,45,165,4414.34,4414.42,8.0,PASS_<=10c,+0.0,FLAT,+0.0,+0.0,4.2,+0.00,0.00,SLOW,4414.34,4414.34,4414.34,4414.34,0.00,0.00,0.0,BULLISH,0.0,4414.34,4414.34,4414.34,4414.34,22,CLEARED_>=20s,1.0,0.0,0.0,0.0,0.0,0.0,0.0,PASS_<20%,0.00,0.0,NO,STANDBY_VEL_LOW,0,0.00,4590.00,78.36,FALSE,M1_DIRECTION_MISMATCH
2026-09-07 15:31:22.831,1788795082.832,7039,46,166,4414.34,4414.42,8.0,PASS_<=10c,+0.0,FLAT,+0.0,+0.0,4.2,+0.00,0.00,SLOW,4414.34,4414.34,4414.34,4414.34,0.00,0.00,0.0,BULLISH,0.0,4414.34,4414.34,4414.34,4414.34,22,CLEARED_>=20s,1.0,0.0,0.0,0.0,0.0,0.0,0.0,PASS_<20%,0.00,0.0,NO,STANDBY_VEL_LOW,0,0.00,4590.00,78.36,FALSE,M1_DIRECTION_MISMATCH
2026-09-07 15:31:23.333,1788795083.333,7040,47,167,4414.34,4414.42,8.0,PASS_<=10c,+0.0,FLAT,+0.0,+0.0,4.2,+0.00,0.00,SLOW,4414.34,4414.34,4414.34,4414.34,0.00,0.00,0.0,BULLISH,0.0,4414.34,4414.34,4414.34,4414.34,23,CLEARED_>=20s,1.0,0.0,0.0,0.0,0.0,0.0,0.0,PASS_<20%,0.00,0.0,NO,STANDBY_VEL_LOW,0,0.00,4590.00,78.36,FALSE,M1_DIRECTION_MISMATCH
2026-09-07 15:31:23.834,1788795083.834,7041,48,168,4414.34,4414.42,8.0,PASS_<=10c,+0.0,FLAT,+0.0,+0.0,4.2,+0.00,0.00,SLOW,4414.34,4414.34,4414.34,4414.34,0.00,0.00,0.0,BULLISH,0.0,4414.34,4414.34,4414.34,4414.34,23,CLEARED_>=20s,1.0,0.0,0.0,0.0,0.0,0.0,0.0,PASS_<20%,0.00,0.0,NO,STANDBY_VEL_LOW,0,0.00,4590.00,78.36,FALSE,M1_DIRECTION_MISMATCH
2026-09-07 15:31:24.336,1788795084.336,7042,49,169,4414.34,4414.42,8.0,PASS_<=10c,+0.0,FLAT,+0.0,+0.0,4.2,+0.00,0.00,SLOW,4414.34,4414.34,4414.34,4414.34,0.00,0.00,0.0,BULLISH,0.0,4414.34,4414.34,4414.34,4414.34,24,CLEARED_>=20s,1.0,0.0,0.0,0.0,0.0,0.0,0.0,PASS_<20%,0.00,0.0,NO,STANDBY_VEL_LOW,0,0.00,4590.00,78.36,FALSE,M1_DIRECTION_MISMATCH
2026-09-07 15:31:24.838,1788795084.838,7043,50,170,4414.34,4414.42,8.0,PASS_<=10c,+0.0,FLAT,+0.0,+0.0,4.2,+0.00,0.00,SLOW,4414.34,4414.34,4414.34,4414.34,0.00,0.00,0.0,BULLISH,0.0,4414.34,4414.34,4414.34,4414.34,24,CLEARED_>=20s,1.0,0.0,0.0,0.0,0.0,0.0,0.0,PASS_<20%,0.00,0.0,NO,STANDBY_VEL_LOW,0,0.00,4590.00,78.36,FALSE,M1_DIRECTION_MISMATCH
2026-09-07 15:31:25.340,1788795085.340,7044,51,171,4414.34,4414.42,8.0,PASS_<=10c,+0.0,FLAT,+0.0,+0.0,4.2,+0.00,0.00,SLOW,4414.34,4414.34,4414.34,4414.34,0.00,0.00,0.0,BULLISH,0.0,4414.34,4414.34,4414.34,4414.34,25,CLEARED_>=20s,1.0,0.0,0.0,0.0,0.0,0.0,0.0,PASS_<20%,0.00,0.0,NO,STANDBY_VEL_LOW,0,0.00,4590.00,78.36,FALSE,M1_DIRECTION_MISMATCH
2026-09-07 15:31:25.842,1788795085.843,7045,52,172,4414.34,4414.42,8.0,PASS_<=10c,+0.0,FLAT,+0.0,+0.0,4.2,+0.00,0.00,SLOW,4414.34,4414.34,4414.34,4414.34,0.00,0.00,0.0,BULLISH,0.0,4414.34,4414.34,4414.34,4414.34,25,CLEARED_>=20s,1.0,0.0,0.0,0.0,0.0,0.0,0.0,PASS_<20%,0.00,0.0,NO,STANDBY_VEL_LOW,0,0.00,4590.00,78.36,FALSE,M1_DIRECTION_MISMATCH
2026-09-07 15:31:26.344,1788795086.344,7046,53,173,4414.34,4414.42,8.0,PASS_<=10c,+0.0,FLAT,+0.0,+0.0,4.2,+0.00,0.00,SLOW,4414.34,4414.34,4414.34,4414.34,0.00,0.00,0.0,BULLISH,0.0,4414.34,4414.34,4414.34,4414.34,26,CLEARED_>=20s,1.0,0.0,0.0,0.0,0.0,0.0,0.0,PASS_<20%,0.00,0.0,NO,STANDBY_VEL_LOW,0,0.00,4590.00,78.36,FALSE,M1_DIRECTION_MISMATCH
2026-09-07 15:31:26.846,1788795086.846,7047,54,174,4414.34,4414.42,8.0,PASS_<=10c,+0.0,FLAT,+0.0,+0.0,4.2,+0.00,0.00,SLOW,4414.34,4414.34,4414.34,4414.34,0.00,0.00,0.0,BULLISH,0.0,4414.34,4414.34,4414.34,4414.34,26,CLEARED_>=20s,1.0,0.0,0.0,0.0,0.0,0.0,0.0,PASS_<20%,0.00,0.0,NO,STANDBY_VEL_LOW,0,0.00,4590.00,78.36,FALSE,M1_DIRECTION_MISMATCH
2026-09-07 15:31:27.347,1788795087.347,7048,55,175,4414.34,4414.42,8.0,PASS_<=10c,+0.0,FLAT,+0.0,+0.0,4.2,+0.00,0.00,SLOW,4414.34,4414.34,4414.34,4414.34,0.00,0.00,0.0,BULLISH,0.0,4414.34,4414.34,4414.34,4414.34,27,CLEARED_>=20s,1.0,0.0,0.0,0.0,0.0,0.0,0.0,PASS_<20%,0.00,0.0,NO,STANDBY_VEL_LOW,0,0.00,4590.00,78.36,FALSE,M1_DIRECTION_MISMATCH
2026-09-07 15:31:27.850,1788795087.850,7049,56,176,4414.34,4414.42,8.0,PASS_<=10c,+0.0,FLAT,+0.0,+0.0,4.2,+0.00,0.00,SLOW,4414.34,4414.34,4414.34,4414.34,0.00,0.00,0.0,BULLISH,0.0,4414.34,4414.34,4414.34,4414.34,27,CLEARED_>=20s,1.0,0.0,0.0,0.0,0.0,0.0,0.0,PASS_<20%,0.00,0.0,NO,STANDBY_VEL_LOW,0,0.00,4590.00,78.36,FALSE,M1_DIRECTION_MISMATCH
2026-09-07 15:31:28.355,1788795088.355,7050,57,177,4414.34,4414.42,8.0,PASS_<=10c,+0.0,FLAT,+0.0,+0.0,4.2,+0.00,0.00,SLOW,4414.34,4414.34,4414.34,4414.34,0.00,0.00,0.0,BULLISH,0.0,4414.34,4414.34,4414.34,4414.34,28,CLEARED_>=20s,1.0,0.0,0.0,0.0,0.0,0.0,0.0,PASS_<20%,0.00,0.0,NO,STANDBY_VEL_LOW,0,0.00,4590.00,78.36,FALSE,M1_DIRECTION_MISMATCH
2026-09-07 15:31:28.853,1788795088.853,7051,58,178,4414.34,4414.42,8.0,PASS_<=10c,+0.0,FLAT,+0.0,+0.0,4.2,+0.00,0.00,SLOW,4414.34,4414.34,4414.34,4414.34,0.00,0.00,0.0,BULLISH,0.0,4414.34,4414.34,4414.34,4414.34,28,CLEARED_>=20s,1.0,0.0,0.0,0.0,0.0,0.0,0.0,PASS_<20%,0.00,0.0,NO,STANDBY_VEL_LOW,0,0.00,4590.00,78.36,FALSE,M1_DIRECTION_MISMATCH
2026-09-07 15:31:29.354,1788795089.354,7052,59,179,4414.34,4414.42,8.0,PASS_<=10c,+0.0,FLAT,+0.0,+0.0,4.2,+0.00,0.00,SLOW,4414.34,4414.34,4414.34,4414.34,0.00,0.00,0.0,BULLISH,0.0,4414.34,4414.34,4414.34,4414.34,29,CLEARED_>=20s,1.0,0.0,0.0,0.0,0.0,0.0,0.0,PASS_<20%,0.00,0.0,NO,STANDBY_VEL_LOW,0,0.00,4590.00,78.36,FALSE,M1_DIRECTION_MISMATCH
2026-09-07 15:31:29.856,1788795089.856,7053,60,180,4414.34,4414.42,8.0,PASS_<=10c,+0.0,FLAT,+0.0,+0.0,4.2,+0.00,0.00,SLOW,4414.34,4414.34,4414.34,4414.34,0.00,0.00,0.0,BULLISH,0.0,4414.34,4414.34,4414.34,4414.34,29,CLEARED_>=20s,1.0,0.0,0.0,0.0,0.0,0.0,0.0,PASS_<20%,0.00,0.0,NO,STANDBY_VEL_LOW,0,0.00,4590.00,78.36,FALSE,M1_DIRECTION_MISMATCH
2026-09-07 15:31:30.358,1788795090.358,7054,61,181,4414.34,4414.42,8.0,PASS_<=10c,+0.0,FLAT,+0.0,+0.0,4.2,+0.00,0.00,SLOW,4414.34,4414.34,4414.34,4414.34,0.00,0.00,0.0,BULLISH,0.0,4414.34,4414.34,4414.34,4414.34,30,CLEARED_>=20s,1.0,0.0,0.0,0.0,0.0,0.0,0.0,PASS_<20%,0.00,0.0,NO,STANDBY_VEL_LOW,0,0.00,4590.00,78.36,FALSE,M1_DIRECTION_MISMATCH
2026-09-07 15:31:30.858,1788795090.859,7055,62,182,4414.34,4414.42,8.0,PASS_<=10c,+0.0,FLAT,+0.0,+0.0,4.2,+0.00,0.00,SLOW,4414.34,4414.34,4414.34,4414.34,0.00,0.00,0.0,BULLISH,0.0,4414.34,4414.34,4414.34,4414.34,30,CLEARED_>=20s,1.0,0.0,0.0,0.0,0.0,0.0,0.0,PASS_<20%,0.00,0.0,NO,STANDBY_VEL_LOW,0,0.00,4590.00,78.36,FALSE,M1_DIRECTION_MISMATCH
2026-09-07 15:31:31.360,1788795091.361,7056,63,183,4414.34,4414.42,8.0,PASS_<=10c,+0.0,FLAT,+0.0,+0.0,4.2,+0.00,0.00,SLOW,4414.34,4414.34,4414.34,4414.34,0.00,0.00,0.0,BULLISH,0.0,4414.34,4414.34,4414.34,4414.34,31,CLEARED_>=20s,1.0,0.0,0.0,0.0,0.0,0.0,0.0,PASS_<20%,0.00,0.0,NO,STANDBY_VEL_LOW,0,0.00,4590.00,78.36,FALSE,M1_DIRECTION_MISMATCH
2026-09-07 15:31:31.861,1788795091.862,7057,64,184,4414.34,4414.42,8.0,PASS_<=10c,+0.0,FLAT,+0.0,+0.0,4.2,+0.00,0.00,SLOW,4414.34,4414.34,4414.34,4414.34,0.00,0.00,0.0,BULLISH,0.0,4414.34,4414.34,4414.34,4414.34,31,CLEARED_>=20s,1.0,0.0,0.0,0.0,0.0,0.0,0.0,PASS_<20%,0.00,0.0,NO,STANDBY_VEL_LOW,0,0.00,4590.00,78.36,FALSE,M1_DIRECTION_MISMATCH
2026-09-07 15:31:32.364,1788795092.364,7058,65,185,4414.34,4414.42,8.0,PASS_<=10c,+0.0,FLAT,+0.0,+0.0,4.2,+0.00,0.00,SLOW,4414.34,4414.34,4414.34,4414.34,0.00,0.00,0.0,BULLISH,0.0,4414.34,4414.34,4414.34,4414.34,32,CLEARED_>=20s,1.0,0.0,0.0,0.0,0.0,0.0,0.0,PASS_<20%,0.00,0.0,NO,STANDBY_VEL_LOW,0,0.00,4590.00,78.36,FALSE,M1_DIRECTION_MISMATCH
2026-09-07 15:31:32.864,1788795092.865,7059,66,186,4414.34,4414.42,8.0,PASS_<=10c,+0.0,FLAT,+0.0,+0.0,4.2,+0.00,0.00,SLOW,4414.34,4414.34,4414.34,4414.34,0.00,0.00,0.0,BULLISH,0.0,4414.34,4414.34,4414.34,4414.34,32,CLEARED_>=20s,1.0,0.0,0.0,0.0,0.0,0.0,0.0,PASS_<20%,0.00,0.0,NO,STANDBY_VEL_LOW,0,0.00,4590.00,78.36,FALSE,M1_DIRECTION_MISMATCH
2026-09-07 15:31:33.364,1788795093.365,7060,67,187,4414.34,4414.42,8.0,PASS_<=10c,+0.0,FLAT,+0.0,+0.0,4.2,+0.00,0.00,SLOW,4414.34,4414.34,4414.34,4414.34,0.00,0.00,0.0,BULLISH,0.0,4414.34,4414.34,4414.34,4414.34,33,CLEARED_>=20s,1.0,0.0,0.0,0.0,0.0,0.0,0.0,PASS_<20%,0.00,0.0,NO,STANDBY_VEL_LOW,0,0.00,4590.00,78.36,FALSE,M1_DIRECTION_MISMATCH
2026-09-07 15:31:33.866,1788795093.867,7061,68,188,4414.34,4414.42,8.0,PASS_<=10c,+0.0,FLAT,+0.0,+0.0,4.2,+0.00,0.00,SLOW,4414.34,4414.34,4414.34,4414.34,0.00,0.00,0.0,BULLISH,0.0,4414.34,4414.34,4414.34,4414.34,33,CLEARED_>=20s,1.0,0.0,0.0,0.0,0.0,0.0,0.0,PASS_<20%,0.00,0.0,NO,STANDBY_VEL_LOW,0,0.00,4590.00,78.36,FALSE,M1_DIRECTION_MISMATCH
2026-09-07 15:31:34.367,1788795094.368,7062,69,189,4414.34,4414.42,8.0,PASS_<=10c,+0.0,FLAT,+0.0,+0.0,4.2,+0.00,0.00,SLOW,4414.34,4414.34,4414.34,4414.34,0.00,0.00,0.0,BULLISH,0.0,4414.34,4414.34,4414.34,4414.34,34,CLEARED_>=20s,1.0,0.0,0.0,0.0,0.0,0.0,0.0,PASS_<20%,0.00,0.0,NO,STANDBY_VEL_LOW,0,0.00,4590.00,78.36,FALSE,M1_DIRECTION_MISMATCH
2026-09-07 15:31:34.869,1788795094.870,7063,70,190,4414.34,4414.42,8.0,PASS_<=10c,+0.0,FLAT,+0.0,+0.0,4.2,+0.00,0.00,SLOW,4414.34,4414.34,4414.34,4414.34,0.00,0.00,0.0,BULLISH,0.0,4414.34,4414.34,4414.34,4414.34,34,CLEARED_>=20s,1.0,0.0,0.0,0.0,0.0,0.0,0.0,PASS_<20%,0.00,0.0,NO,STANDBY_VEL_LOW,0,0.00,4590.00,78.36,FALSE,M1_DIRECTION_MISMATCH
2026-09-07 15:31:35.371,1788795095.372,7064,71,191,4414.34,4414.42,8.0,PASS_<=10c,+0.0,FLAT,+0.0,+0.0,4.2,+0.00,0.00,SLOW,4414.34,4414.34,4414.34,4414.34,0.00,0.00,0.0,BULLISH,0.0,4414.34,4414.34,4414.34,4414.34,35,CLEARED_>=20s,1.0,0.0,0.0,0.0,0.0,0.0,0.0,PASS_<20%,0.00,0.0,NO,STANDBY_VEL_LOW,0,0.00,4590.00,78.36,FALSE,M1_DIRECTION_MISMATCH
2026-09-07 15:31:35.872,1788795095.873,7065,72,192,4414.34,4414.42,8.0,PASS_<=10c,+0.0,FLAT,+0.0,+0.0,4.2,+0.00,0.00,SLOW,4414.34,4414.34,4414.34,4414.34,0.00,0.00,0.0,BULLISH,0.0,4414.34,4414.34,4414.34,4414.34,35,CLEARED_>=20s,1.0,0.0,0.0,0.0,0.0,0.0,0.0,PASS_<20%,0.00,0.0,NO,STANDBY_VEL_LOW,0,0.00,4590.00,78.36,FALSE,M1_DIRECTION_MISMATCH
2026-09-07 15:31:36.373,1788795096.374,7066,73,193,4414.34,4414.42,8.0,PASS_<=10c,+0.0,FLAT,+0.0,+0.0,4.2,+0.00,0.00,SLOW,4414.34,4414.34,4414.34,4414.34,0.00,0.00,0.0,BULLISH,0.0,4414.34,4414.34,4414.34,4414.34,36,CLEARED_>=20s,1.0,0.0,0.0,0.0,0.0,0.0,0.0,PASS_<20%,0.00,0.0,NO,STANDBY_VEL_LOW,0,0.00,4590.00,78.36,FALSE,M1_DIRECTION_MISMATCH
2026-09-07 15:31:36.875,1788795096.875,7067,74,194,4414.34,4414.42,8.0,PASS_<=10c,+0.0,FLAT,+0.0,+0.0,4.2,+0.00,0.00,SLOW,4414.34,4414.34,4414.34,4414.34,0.00,0.00,0.0,BULLISH,0.0,4414.34,4414.34,4414.34,4414.34,36,CLEARED_>=20s,1.0,0.0,0.0,0.0,0.0,0.0,0.0,PASS_<20%,0.00,0.0,NO,STANDBY_VEL_LOW,0,0.00,4590.00,78.36,FALSE,M1_DIRECTION_MISMATCH
2026-09-07 15:31:37.376,1788795097.377,7068,75,195,4414.34,4414.42,8.0,PASS_<=10c,+0.0,FLAT,+0.0,+0.0,4.2,+0.00,0.00,SLOW,4414.34,4414.34,4414.34,4414.34,0.00,0.00,0.0,BULLISH,0.0,4414.34,4414.34,4414.34,4414.34,37,CLEARED_>=20s,1.0,0.0,0.0,0.0,0.0,0.0,0.0,PASS_<20%,0.00,0.0,NO,STANDBY_VEL_LOW,0,0.00,4590.00,78.36,FALSE,M1_DIRECTION_MISMATCH
2026-09-07 15:31:37.879,1788795097.879,7069,76,196,4414.34,4414.42,8.0,PASS_<=10c,+0.0,FLAT,+0.0,+0.0,4.2,+0.00,0.00,SLOW,4414.34,4414.34,4414.34,4414.34,0.00,0.00,0.0,BULLISH,0.0,4414.34,4414.34,4414.34,4414.34,37,CLEARED_>=20s,1.0,0.0,0.0,0.0,0.0,0.0,0.0,PASS_<20%,0.00,0.0,NO,STANDBY_VEL_LOW,0,0.00,4590.00,78.36,FALSE,M1_DIRECTION_MISMATCH
2026-09-07 15:31:38.379,1788795098.380,7070,77,197,4414.34,4414.42,8.0,PASS_<=10c,+0.0,FLAT,+0.0,+0.0,4.2,+0.00,0.00,SLOW,4414.34,4414.34,4414.34,4414.34,0.00,0.00,0.0,BULLISH,0.0,4414.34,4414.34,4414.34,4414.34,38,CLEARED_>=20s,1.0,0.0,0.0,0.0,0.0,0.0,0.0,PASS_<20%,0.00,0.0,NO,STANDBY_VEL_LOW,0,0.00,4590.00,78.36,FALSE,M1_DIRECTION_MISMATCH
2026-09-07 15:31:38.881,1788795098.882,7071,78,198,4414.34,4414.42,8.0,PASS_<=10c,+0.0,FLAT,+0.0,+0.0,4.2,+0.00,0.00,SLOW,4414.34,4414.34,4414.34,4414.34,0.00,0.00,0.0,BULLISH,0.0,4414.34,4414.34,4414.34,4414.34,38,CLEARED_>=20s,1.0,0.0,0.0,0.0,0.0,0.0,0.0,PASS_<20%,0.00,0.0,NO,STANDBY_VEL_LOW,0,0.00,4590.00,78.36,FALSE,M1_DIRECTION_MISMATCH
2026-09-07 15:31:39.382,1788795099.383,7072,79,199,4414.34,4414.42,8.0,PASS_<=10c,+0.0,FLAT,+0.0,+0.0,4.2,+0.00,0.00,SLOW,4414.34,4414.34,4414.34,4414.34,0.00,0.00,0.0,BULLISH,0.0,4414.34,4414.34,4414.34,4414.34,39,CLEARED_>=20s,1.0,0.0,0.0,0.0,0.0,0.0,0.0,PASS_<20%,0.00,0.0,NO,STANDBY_VEL_LOW,0,0.00,4590.00,78.36,FALSE,M1_DIRECTION_MISMATCH
2026-09-07 15:31:39.883,1788795099.884,7073,80,200,4414.34,4414.42,8.0,PASS_<=10c,+0.0,FLAT,+0.0,+0.0,4.2,+0.00,0.00,SLOW,4414.34,4414.34,4414.34,4414.34,0.00,0.00,0.0,BULLISH,0.0,4414.34,4414.34,4414.34,4414.34,39,CLEARED_>=20s,1.0,0.0,0.0,0.0,0.0,0.0,0.0,PASS_<20%,0.00,0.0,NO,STANDBY_VEL_LOW,0,0.00,4590.00,78.36,FALSE,M1_DIRECTION_MISMATCH
2026-09-07 15:31:40.385,1788795100.385,7074,81,201,4414.34,4414.42,8.0,PASS_<=10c,+0.0,FLAT,+0.0,+0.0,4.2,+0.00,0.00,SLOW,4414.34,4414.34,4414.34,4414.34,0.00,0.00,0.0,BULLISH,0.0,4414.34,4414.34,4414.34,4414.34,40,CLEARED_>=20s,1.0,0.0,0.0,0.0,0.0,0.0,0.0,PASS_<20%,0.00,0.0,NO,STANDBY_VEL_LOW,0,0.00,4590.00,78.36,FALSE,M1_DIRECTION_MISMATCH
2026-09-07 15:31:40.886,1788795100.887,7075,82,202,4414.34,4414.42,8.0,PASS_<=10c,+0.0,FLAT,+0.0,+0.0,4.2,+0.00,0.00,SLOW,4414.34,4414.34,4414.34,4414.34,0.00,0.00,0.0,BULLISH,0.0,4414.34,4414.34,4414.34,4414.34,40,CLEARED_>=20s,1.0,0.0,0.0,0.0,0.0,0.0,0.0,PASS_<20%,0.00,0.0,NO,STANDBY_VEL_LOW,0,0.00,4590.00,78.36,FALSE,M1_DIRECTION_MISMATCH
2026-09-07 15:31:41.389,1788795101.389,7076,83,203,4414.34,4414.42,8.0,PASS_<=10c,+0.0,FLAT,+0.0,+0.0,4.2,+0.00,0.00,SLOW,4414.34,4414.34,4414.34,4414.34,0.00,0.00,0.0,BULLISH,0.0,4414.34,4414.34,4414.34,4414.34,41,CLEARED_>=20s,1.0,0.0,0.0,0.0,0.0,0.0,0.0,PASS_<20%,0.00,0.0,NO,STANDBY_VEL_LOW,0,0.00,4590.00,78.36,FALSE,M1_DIRECTION_MISMATCH
2026-09-07 15:31:41.890,1788795101.891,7077,84,204,4414.34,4414.42,8.0,PASS_<=10c,+0.0,FLAT,+0.0,+0.0,4.2,+0.00,0.00,SLOW,4414.34,4414.34,4414.34,4414.34,0.00,0.00,0.0,BULLISH,0.0,4414.34,4414.34,4414.34,4414.34,41,CLEARED_>=20s,1.0,0.0,0.0,0.0,0.0,0.0,0.0,PASS_<20%,0.00,0.0,NO,STANDBY_VEL_LOW,0,0.00,4590.00,78.36,FALSE,M1_DIRECTION_MISMATCH
2026-09-07 15:31:42.391,1788795102.392,7078,85,205,4414.34,4414.42,8.0,PASS_<=10c,+0.0,FLAT,+0.0,+0.0,4.2,+0.00,0.00,SLOW,4414.34,4414.34,4414.34,4414.34,0.00,0.00,0.0,BULLISH,0.0,4414.34,4414.34,4414.34,4414.34,42,CLEARED_>=20s,1.0,0.0,0.0,0.0,0.0,0.0,0.0,PASS_<20%,0.00,0.0,NO,STANDBY_VEL_LOW,0,0.00,4590.00,78.36,FALSE,M1_DIRECTION_MISMATCH
2026-09-07 15:31:42.895,1788795102.895,7079,86,206,4414.34,4414.42,8.0,PASS_<=10c,+0.0,FLAT,+0.0,+0.0,4.2,+0.00,0.00,SLOW,4414.34,4414.34,4414.34,4414.34,0.00,0.00,0.0,BULLISH,0.0,4414.34,4414.34,4414.34,4414.34,42,CLEARED_>=20s,1.0,0.0,0.0,0.0,0.0,0.0,0.0,PASS_<20%,0.00,0.0,NO,STANDBY_VEL_LOW,0,0.00,4590.00,78.36,FALSE,M1_DIRECTION_MISMATCH
2026-09-07 15:31:43.396,1788795103.397,7080,87,207,4414.34,4414.42,8.0,PASS_<=10c,+0.0,FLAT,+0.0,+0.0,4.2,+0.00,0.00,SLOW,4414.34,4414.34,4414.34,4414.34,0.00,0.00,0.0,BULLISH,0.0,4414.34,4414.34,4414.34,4414.34,43,CLEARED_>=20s,1.0,0.0,0.0,0.0,0.0,0.0,0.0,PASS_<20%,0.00,0.0,NO,STANDBY_VEL_LOW,0,0.00,4590.00,78.36,FALSE,M1_DIRECTION_MISMATCH
2026-09-07 15:31:43.897,1788795103.898,7081,88,208,4414.34,4414.42,8.0,PASS_<=10c,+0.0,FLAT,+0.0,+0.0,4.2,+0.00,0.00,SLOW,4414.34,4414.34,4414.34,4414.34,0.00,0.00,0.0,BULLISH,0.0,4414.34,4414.34,4414.34,4414.34,43,CLEARED_>=20s,1.0,0.0,0.0,0.0,0.0,0.0,0.0,PASS_<20%,0.00,0.0,NO,STANDBY_VEL_LOW,0,0.00,4590.00,78.36,FALSE,M1_DIRECTION_MISMATCH
2026-09-07 15:31:44.400,1788795104.400,7082,89,209,4414.34,4414.42,8.0,PASS_<=10c,+0.0,FLAT,+0.0,+0.0,4.2,+0.00,0.00,SLOW,4414.34,4414.34,4414.34,4414.34,0.00,0.00,0.0,BULLISH,0.0,4414.34,4414.34,4414.34,4414.34,44,CLEARED_>=20s,1.0,0.0,0.0,0.0,0.0,0.0,0.0,PASS_<20%,0.00,0.0,NO,STANDBY_VEL_LOW,0,0.00,4590.00,78.36,FALSE,M1_DIRECTION_MISMATCH
2026-09-07 15:31:44.901,1788795104.902,7083,90,210,4414.34,4414.42,8.0,PASS_<=10c,+0.0,FLAT,+0.0,+0.0,4.2,+0.00,0.00,SLOW,4414.34,4414.34,4414.34,4414.34,0.00,0.00,0.0,BULLISH,0.0,4414.34,4414.34,4414.34,4414.34,44,CLEARED_>=20s,1.0,0.0,0.0,0.0,0.0,0.0,0.0,PASS_<20%,0.00,0.0,NO,STANDBY_VEL_LOW,0,0.00,4590.00,78.36,FALSE,M1_DIRECTION_MISMATCH
2026-09-07 15:31:45.402,1788795105.403,7084,91,211,4414.34,4414.42,8.0,PASS_<=10c,+0.0,FLAT,+0.0,+0.0,4.2,+0.00,0.00,SLOW,4414.34,4414.34,4414.34,4414.34,0.00,0.00,0.0,BULLISH,0.0,4414.34,4414.34,4414.34,4414.34,45,CLEARED_>=20s,1.0,0.0,0.0,0.0,0.0,0.0,0.0,PASS_<20%,0.00,0.0,NO,STANDBY_VEL_LOW,0,0.00,4590.00,78.36,FALSE,M1_DIRECTION_MISMATCH
2026-09-07 15:31:45.905,1788795105.905,7085,92,212,4414.34,4414.42,8.0,PASS_<=10c,+0.0,FLAT,+0.0,+0.0,4.2,+0.00,0.00,SLOW,4414.34,4414.34,4414.34,4414.34,0.00,0.00,0.0,BULLISH,0.0,4414.34,4414.34,4414.34,4414.34,45,CLEARED_>=20s,1.0,0.0,0.0,0.0,0.0,0.0,0.0,PASS_<20%,0.00,0.0,NO,STANDBY_VEL_LOW,0,0.00,4590.00,78.36,FALSE,M1_DIRECTION_MISMATCH
2026-09-07 15:31:46.407,1788795106.408,7086,93,213,4414.34,4414.42,8.0,PASS_<=10c,+0.0,FLAT,+0.0,+0.0,4.2,+0.00,0.00,SLOW,4414.34,4414.34,4414.34,4414.34,0.00,0.00,0.0,BULLISH,0.0,4414.34,4414.34,4414.34,4414.34,46,CLEARED_>=20s,1.0,0.0,0.0,0.0,0.0,0.0,0.0,PASS_<20%,0.00,0.0,NO,STANDBY_VEL_LOW,0,0.00,4590.00,78.36,FALSE,M1_DIRECTION_MISMATCH
2026-09-07 15:31:46.910,1788795106.910,7087,94,214,4414.34,4414.42,8.0,PASS_<=10c,+0.0,FLAT,+0.0,+0.0,4.2,+0.00,0.00,SLOW,4414.34,4414.34,4414.34,4414.34,0.00,0.00,0.0,BULLISH,0.0,4414.34,4414.34,4414.34,4414.34,46,CLEARED_>=20s,1.0,0.0,0.0,0.0,0.0,0.0,0.0,PASS_<20%,0.00,0.0,NO,STANDBY_VEL_LOW,0,0.00,4590.00,78.36,FALSE,M1_DIRECTION_MISMATCH
2026-09-07 15:31:47.411,1788795107.411,7088,95,215,4414.34,4414.42,8.0,PASS_<=10c,+0.0,FLAT,+0.0,+0.0,4.2,+0.00,0.00,SLOW,4414.34,4414.34,4414.34,4414.34,0.00,0.00,0.0,BULLISH,0.0,4414.34,4414.34,4414.34,4414.34,47,CLEARED_>=20s,1.0,0.0,0.0,0.0,0.0,0.0,0.0,PASS_<20%,0.00,0.0,NO,STANDBY_VEL_LOW,0,0.00,4590.00,78.36,FALSE,M1_DIRECTION_MISMATCH
2026-09-07 15:31:47.912,1788795107.913,7089,96,216,4414.34,4414.42,8.0,PASS_<=10c,+0.0,FLAT,+0.0,+0.0,4.2,+0.00,0.00,SLOW,4414.34,4414.34,4414.34,4414.34,0.00,0.00,0.0,BULLISH,0.0,4414.34,4414.34,4414.34,4414.34,47,CLEARED_>=20s,1.0,0.0,0.0,0.0,0.0,0.0,0.0,PASS_<20%,0.00,0.0,NO,STANDBY_VEL_LOW,0,0.00,4590.00,78.36,FALSE,M1_DIRECTION_MISMATCH
2026-09-07 15:31:48.415,1788795108.415,7090,97,217,4414.34,4414.42,8.0,PASS_<=10c,+0.0,FLAT,+0.0,+0.0,4.2,+0.00,0.00,SLOW,4414.34,4414.34,4414.34,4414.34,0.00,0.00,0.0,BULLISH,0.0,4414.34,4414.34,4414.34,4414.34,48,CLEARED_>=20s,1.0,0.0,0.0,0.0,0.0,0.0,0.0,PASS_<20%,0.00,0.0,NO,STANDBY_VEL_LOW,0,0.00,4590.00,78.36,FALSE,M1_DIRECTION_MISMATCH
2026-09-07 15:31:48.916,1788795108.917,7091,98,218,4414.34,4414.42,8.0,PASS_<=10c,+0.0,FLAT,+0.0,+0.0,4.2,+0.00,0.00,SLOW,4414.34,4414.34,4414.34,4414.34,0.00,0.00,0.0,BULLISH,0.0,4414.34,4414.34,4414.34,4414.34,48,CLEARED_>=20s,1.0,0.0,0.0,0.0,0.0,0.0,0.0,PASS_<20%,0.00,0.0,NO,STANDBY_VEL_LOW,0,0.00,4590.00,78.36,FALSE,M1_DIRECTION_MISMATCH
2026-09-07 15:31:49.418,1788795109.418,7092,99,219,4414.34,4414.42,8.0,PASS_<=10c,+0.0,FLAT,+0.0,+0.0,4.2,+0.00,0.00,SLOW,4414.34,4414.34,4414.34,4414.34,0.00,0.00,0.0,BULLISH,0.0,4414.34,4414.34,4414.34,4414.34,49,CLEARED_>=20s,1.0,0.0,0.0,0.0,0.0,0.0,0.0,PASS_<20%,0.00,0.0,NO,STANDBY_VEL_LOW,0,0.00,4590.00,78.36,FALSE,M1_DIRECTION_MISMATCH
2026-09-07 15:31:49.919,1788795109.920,7093,100,220,4414.34,4414.42,8.0,PASS_<=10c,+0.0,FLAT,+0.0,+0.0,4.2,+0.00,0.00,SLOW,4414.34,4414.34,4414.34,4414.34,0.00,0.00,0.0,BULLISH,0.0,4414.34,4414.34,4414.34,4414.34,49,CLEARED_>=20s,1.0,0.0,0.0,0.0,0.0,0.0,0.0,PASS_<20%,0.00,0.0,NO,STANDBY_VEL_LOW,0,0.00,4590.00,78.36,FALSE,M1_DIRECTION_MISMATCH
2026-09-07 15:31:50.421,1788795110.421,7094,101,221,4414.34,4414.42,8.0,PASS_<=10c,+0.0,FLAT,+0.0,+0.0,4.2,+0.00,0.00,SLOW,4414.34,4414.34,4414.34,4414.34,0.00,0.00,0.0,BULLISH,0.0,4414.34,4414.34,4414.34,4414.34,50,CLEARED_>=20s,1.0,0.0,0.0,0.0,0.0,0.0,0.0,PASS_<20%,0.00,0.0,NO,STANDBY_VEL_LOW,0,0.00,4590.00,78.36,FALSE,M1_DIRECTION_MISMATCH
2026-09-07 15:31:50.922,1788795110.923,7095,102,222,4414.34,4414.42,8.0,PASS_<=10c,+0.0,FLAT,+0.0,+0.0,4.2,+0.00,0.00,SLOW,4414.34,4414.34,4414.34,4414.34,0.00,0.00,0.0,BULLISH,0.0,4414.34,4414.34,4414.34,4414.34,50,CLEARED_>=20s,1.0,0.0,0.0,0.0,0.0,0.0,0.0,PASS_<20%,0.00,0.0,NO,STANDBY_VEL_LOW,0,0.00,4590.00,78.36,FALSE,M1_DIRECTION_MISMATCH
2026-09-07 15:31:51.425,1788795111.425,7096,103,223,4414.34,4414.42,8.0,PASS_<=10c,+0.0,FLAT,+0.0,+0.0,4.2,+0.00,0.00,SLOW,4414.34,4414.34,4414.34,4414.34,0.00,0.00,0.0,BULLISH,0.0,4414.34,4414.34,4414.34,4414.34,51,CLEARED_>=20s,1.0,0.0,0.0,0.0,0.0,0.0,0.0,PASS_<20%,0.00,0.0,NO,STANDBY_VEL_LOW,0,0.00,4590.00,78.36,FALSE,M1_DIRECTION_MISMATCH
2026-09-07 15:31:51.927,1788795111.927,7097,104,224,4414.34,4414.42,8.0,PASS_<=10c,+0.0,FLAT,+0.0,+0.0,4.2,+0.00,0.00,SLOW,4414.34,4414.34,4414.34,4414.34,0.00,0.00,0.0,BULLISH,0.0,4414.34,4414.34,4414.34,4414.34,51,CLEARED_>=20s,1.0,0.0,0.0,0.0,0.0,0.0,0.0,PASS_<20%,0.00,0.0,NO,STANDBY_VEL_LOW,0,0.00,4590.00,78.36,FALSE,M1_DIRECTION_MISMATCH
2026-09-07 15:31:52.429,1788795112.429,7098,105,225,4414.34,4414.42,8.0,PASS_<=10c,+0.0,FLAT,+0.0,+0.0,4.2,+0.00,0.00,SLOW,4414.34,4414.34,4414.34,4414.34,0.00,0.00,0.0,BULLISH,0.0,4414.34,4414.34,4414.34,4414.34,52,CLEARED_>=20s,1.0,0.0,0.0,0.0,0.0,0.0,0.0,PASS_<20%,0.00,0.0,NO,STANDBY_VEL_LOW,0,0.00,4590.00,78.36,FALSE,M1_DIRECTION_MISMATCH
2026-09-07 15:31:52.930,1788795112.931,7099,106,226,4414.34,4414.42,8.0,PASS_<=10c,+0.0,FLAT,+0.0,+0.0,4.2,+0.00,0.00,SLOW,4414.34,4414.34,4414.34,4414.34,0.00,0.00,0.0,BULLISH,0.0,4414.34,4414.34,4414.34,4414.34,52,CLEARED_>=20s,1.0,0.0,0.0,0.0,0.0,0.0,0.0,PASS_<20%,0.00,0.0,NO,STANDBY_VEL_LOW,0,0.00,4590.00,78.36,FALSE,M1_DIRECTION_MISMATCH
2026-09-07 15:31:53.433,1788795113.433,7100,107,227,4414.34,4414.42,8.0,PASS_<=10c,+0.0,FLAT,+0.0,+0.0,4.2,+0.00,0.00,SLOW,4414.34,4414.34,4414.34,4414.34,0.00,0.00,0.0,BULLISH,0.0,4414.34,4414.34,4414.34,4414.34,53,CLEARED_>=20s,1.0,0.0,0.0,0.0,0.0,0.0,0.0,PASS_<20%,0.00,0.0,NO,STANDBY_VEL_LOW,0,0.00,4590.00,78.36,FALSE,M1_DIRECTION_MISMATCH
2026-09-07 15:31:53.935,1788795113.936,7101,108,228,4414.34,4414.42,8.0,PASS_<=10c,+0.0,FLAT,+0.0,+0.0,4.2,+0.00,0.00,SLOW,4414.34,4414.34,4414.34,4414.34,0.00,0.00,0.0,BULLISH,0.0,4414.34,4414.34,4414.34,4414.34,53,CLEARED_>=20s,1.0,0.0,0.0,0.0,0.0,0.0,0.0,PASS_<20%,0.00,0.0,NO,STANDBY_VEL_LOW,0,0.00,4590.00,78.36,FALSE,M1_DIRECTION_MISMATCH
2026-09-07 15:31:54.437,1788795114.438,7102,109,229,4414.34,4414.42,8.0,PASS_<=10c,+0.0,FLAT,+0.0,+0.0,4.2,+0.00,0.00,SLOW,4414.34,4414.34,4414.34,4414.34,0.00,0.00,0.0,BULLISH,0.0,4414.34,4414.34,4414.34,4414.34,54,CLEARED_>=20s,1.0,0.0,0.0,0.0,0.0,0.0,0.0,PASS_<20%,0.00,0.0,NO,STANDBY_VEL_LOW,0,0.00,4590.00,78.36,FALSE,M1_DIRECTION_MISMATCH
2026-09-07 15:31:54.939,1788795114.940,7103,110,230,4414.34,4414.42,8.0,PASS_<=10c,+0.0,FLAT,+0.0,+0.0,4.2,+0.00,0.00,SLOW,4414.34,4414.34,4414.34,4414.34,0.00,0.00,0.0,BULLISH,0.0,4414.34,4414.34,4414.34,4414.34,54,CLEARED_>=20s,1.0,0.0,0.0,0.0,0.0,0.0,0.0,PASS_<20%,0.00,0.0,NO,STANDBY_VEL_LOW,0,0.00,4590.00,78.36,FALSE,M1_DIRECTION_MISMATCH
2026-09-07 15:31:55.441,1788795115.441,7104,111,231,4414.34,4414.42,8.0,PASS_<=10c,+0.0,FLAT,+0.0,+0.0,4.2,+0.00,0.00,SLOW,4414.34,4414.34,4414.34,4414.34,0.00,0.00,0.0,BULLISH,0.0,4414.34,4414.34,4414.34,4414.34,55,CLEARED_>=20s,1.0,0.0,0.0,0.0,0.0,0.0,0.0,PASS_<20%,0.00,0.0,NO,STANDBY_VEL_LOW,0,0.00,4590.00,78.36,FALSE,M1_DIRECTION_MISMATCH
2026-09-07 15:31:55.942,1788795115.943,7105,112,232,4414.34,4414.42,8.0,PASS_<=10c,+0.0,FLAT,+0.0,+0.0,4.2,+0.00,0.00,SLOW,4414.34,4414.34,4414.34,4414.34,0.00,0.00,0.0,BULLISH,0.0,4414.34,4414.34,4414.34,4414.34,55,CLEARED_>=20s,1.0,0.0,0.0,0.0,0.0,0.0,0.0,PASS_<20%,0.00,0.0,NO,STANDBY_VEL_LOW,0,0.00,4590.00,78.36,FALSE,M1_DIRECTION_MISMATCH
2026-09-07 15:31:56.444,1788795116.444,7106,113,233,4414.34,4414.42,8.0,PASS_<=10c,+0.0,FLAT,+0.0,+0.0,4.2,+0.00,0.00,SLOW,4414.34,4414.34,4414.34,4414.34,0.00,0.00,0.0,BULLISH,0.0,4414.34,4414.34,4414.34,4414.34,56,CLEARED_>=20s,1.0,0.0,0.0,0.0,0.0,0.0,0.0,PASS_<20%,0.00,0.0,NO,STANDBY_VEL_LOW,0,0.00,4590.00,78.36,FALSE,M1_DIRECTION_MISMATCH
2026-09-07 15:31:56.946,1788795116.946,7107,114,234,4414.34,4414.42,8.0,PASS_<=10c,+0.0,FLAT,+0.0,+0.0,4.2,+0.00,0.00,SLOW,4414.34,4414.34,4414.34,4414.34,0.00,0.00,0.0,BULLISH,0.0,4414.34,4414.34,4414.34,4414.34,56,CLEARED_>=20s,1.0,0.0,0.0,0.0,0.0,0.0,0.0,PASS_<20%,0.00,0.0,NO,STANDBY_VEL_LOW,0,0.00,4590.00,78.36,FALSE,M1_DIRECTION_MISMATCH
2026-09-07 15:31:57.447,1788795117.448,7108,115,235,4414.34,4414.42,8.0,PASS_<=10c,+0.0,FLAT,+0.0,+0.0,4.2,+0.00,0.00,SLOW,4414.34,4414.34,4414.34,4414.34,0.00,0.00,0.0,BULLISH,0.0,4414.34,4414.34,4414.34,4414.34,57,CLEARED_>=20s,1.0,0.0,0.0,0.0,0.0,0.0,0.0,PASS_<20%,0.00,0.0,NO,STANDBY_VEL_LOW,0,0.00,4590.00,78.36,FALSE,M1_DIRECTION_MISMATCH
2026-09-07 15:31:57.949,1788795117.950,7109,116,236,4414.34,4414.42,8.0,PASS_<=10c,+0.0,FLAT,+0.0,+0.0,4.2,+0.00,0.00,SLOW,4414.34,4414.34,4414.34,4414.34,0.00,0.00,0.0,BULLISH,0.0,4414.34,4414.34,4414.34,4414.34,57,CLEARED_>=20s,1.0,0.0,0.0,0.0,0.0,0.0,0.0,PASS_<20%,0.00,0.0,NO,STANDBY_VEL_LOW,0,0.00,4590.00,78.36,FALSE,M1_DIRECTION_MISMATCH
2026-09-07 15:31:58.450,1788795118.451,7110,117,237,4414.34,4414.42,8.0,PASS_<=10c,+0.0,FLAT,+0.0,+0.0,4.2,+0.00,0.00,SLOW,4414.34,4414.34,4414.34,4414.34,0.00,0.00,0.0,BULLISH,0.0,4414.34,4414.34,4414.34,4414.34,58,CLEARED_>=20s,1.0,0.0,0.0,0.0,0.0,0.0,0.0,PASS_<20%,0.00,0.0,NO,STANDBY_VEL_LOW,0,0.00,4590.00,78.36,FALSE,M1_DIRECTION_MISMATCH
2026-09-07 15:31:58.953,1788795118.953,7111,118,238,4414.34,4414.42,8.0,PASS_<=10c,+0.0,FLAT,+0.0,+0.0,4.2,+0.00,0.00,SLOW,4414.34,4414.34,4414.34,4414.34,0.00,0.00,0.0,BULLISH,0.0,4414.34,4414.34,4414.34,4414.34,58,CLEARED_>=20s,1.0,0.0,0.0,0.0,0.0,0.0,0.0,PASS_<20%,0.00,0.0,NO,STANDBY_VEL_LOW,0,0.00,4590.00,78.36,FALSE,M1_DIRECTION_MISMATCH
2026-09-07 15:31:59.454,1788795119.455,7112,119,239,4414.34,4414.42,8.0,PASS_<=10c,+0.0,FLAT,+0.0,+0.0,4.2,+0.00,0.00,SLOW,4414.34,4414.34,4414.34,4414.34,0.00,0.00,0.0,BULLISH,0.0,4414.34,4414.34,4414.34,4414.34,59,CLEARED_>=20s,1.0,0.0,0.0,0.0,0.0,0.0,0.0,PASS_<20%,0.00,0.0,NO,STANDBY_VEL_LOW,0,0.00,4590.00,78.36,FALSE,M1_DIRECTION_MISMATCH
2026-09-07 15:31:59.956,1788795119.957,7113,120,240,4414.34,4414.42,8.0,PASS_<=10c,+0.0,FLAT,+0.0,+0.0,4.2,+0.00,0.00,SLOW,4414.34,4414.34,4414.34,4414.34,0.00,0.00,0.0,BULLISH,0.0,4414.34,4414.34,4414.34,4414.34,59,CLEARED_>=20s,1.0,0.0,0.0,0.0,0.0,0.0,0.0,PASS_<20%,0.00,0.0,NO,STANDBY_VEL_LOW,0,0.00,4590.00,78.36,FALSE,M1_DIRECTION_MISMATCH
2026-09-07 15:32:00.458,1788795120.459,7114,1,241,4414.34,4414.42,8.0,PASS_<=10c,+0.0,FLAT,+0.0,+0.0,4.2,+0.00,0.00,SLOW,4414.34,4414.34,4414.34,4414.34,0.00,0.00,0.0,BULLISH,0.0,4414.34,4414.34,4414.34,4414.34,0,ACTIVE_0s,1.0,0.0,0.0,0.0,0.0,0.0,0.0,PASS_<20%,0.00,0.0,NO,STANDBY_VEL_LOW,0,0.00,4590.00,78.36,FALSE,M1_DIRECTION_MISMATCH|OPENING_SHIELD_ACTIVE_0s
2026-09-07 15:32:00.960,1788795120.960,7115,2,242,4414.34,4414.42,8.0,PASS_<=10c,+0.0,FLAT,+0.0,+0.0,4.2,+0.00,0.00,SLOW,4414.34,4414.34,4414.34,4414.34,0.00,0.00,0.0,BULLISH,0.0,4414.34,4414.34,4414.34,4414.34,0,ACTIVE_0s,1.0,0.0,0.0,0.0,0.0,0.0,0.0,PASS_<20%,0.00,0.0,NO,STANDBY_VEL_LOW,0,0.00,4590.00,78.36,FALSE,M1_DIRECTION_MISMATCH|OPENING_SHIELD_ACTIVE_0s
2026-09-07 15:32:01.462,1788795121.463,7116,3,243,4414.34,4414.42,8.0,PASS_<=10c,+0.0,FLAT,+0.0,+0.0,4.2,+0.00,0.00,SLOW,4414.34,4414.34,4414.34,4414.34,0.00,0.00,0.0,BULLISH,0.0,4414.34,4414.34,4414.34,4414.34,1,ACTIVE_1s,1.0,0.0,0.0,0.0,0.0,0.0,0.0,PASS_<20%,0.00,0.0,NO,STANDBY_VEL_LOW,0,0.00,4590.00,78.36,FALSE,M1_DIRECTION_MISMATCH|OPENING_SHIELD_ACTIVE_1s
2026-09-07 15:32:01.963,1788795121.964,7117,4,244,4414.34,4414.42,8.0,PASS_<=10c,+0.0,FLAT,+0.0,+0.0,4.2,+0.00,0.00,SLOW,4414.34,4414.34,4414.34,4414.34,0.00,0.00,0.0,BULLISH,0.0,4414.34,4414.34,4414.34,4414.34,1,ACTIVE_1s,1.0,0.0,0.0,0.0,0.0,0.0,0.0,PASS_<20%,0.00,0.0,NO,STANDBY_VEL_LOW,0,0.00,4590.00,78.36,FALSE,M1_DIRECTION_MISMATCH|OPENING_SHIELD_ACTIVE_1s
2026-09-07 15:32:02.466,1788795122.466,7118,5,245,4414.34,4414.42,8.0,PASS_<=10c,+0.0,FLAT,+0.0,+0.0,4.2,+0.00,0.00,SLOW,4414.34,4414.34,4414.34,4414.34,0.00,0.00,0.0,BULLISH,0.0,4414.34,4414.34,4414.34,4414.34,2,ACTIVE_2s,1.0,0.0,0.0,0.0,0.0,0.0,0.0,PASS_<20%,0.00,0.0,NO,STANDBY_VEL_LOW,0,0.00,4590.00,78.36,FALSE,M1_DIRECTION_MISMATCH|OPENING_SHIELD_ACTIVE_2s
2026-09-07 15:32:02.967,1788795122.968,7119,6,246,4414.34,4414.42,8.0,PASS_<=10c,+0.0,FLAT,+0.0,+0.0,4.2,+0.00,0.00,SLOW,4414.34,4414.34,4414.34,4414.34,0.00,0.00,0.0,BULLISH,0.0,4414.34,4414.34,4414.34,4414.34,2,ACTIVE_2s,1.0,0.0,0.0,0.0,0.0,0.0,0.0,PASS_<20%,0.00,0.0,NO,STANDBY_VEL_LOW,0,0.00,4590.00,78.36,FALSE,M1_DIRECTION_MISMATCH|OPENING_SHIELD_ACTIVE_2s
2026-09-07 15:32:03.470,1788795123.471,7120,7,247,4414.34,4414.42,8.0,PASS_<=10c,+0.0,FLAT,+0.0,+0.0,4.2,+0.00,0.00,SLOW,4414.34,4414.34,4414.34,4414.34,0.00,0.00,0.0,BULLISH,0.0,4414.34,4414.34,4414.34,4414.34,3,ACTIVE_3s,1.0,0.0,0.0,0.0,0.0,0.0,0.0,PASS_<20%,0.00,0.0,NO,STANDBY_VEL_LOW,0,0.00,4590.00,78.36,FALSE,M1_DIRECTION_MISMATCH|OPENING_SHIELD_ACTIVE_3s
2026-09-07 15:32:03.971,1788795123.971,7121,8,248,4414.34,4414.42,8.0,PASS_<=10c,+0.0,FLAT,+0.0,+0.0,4.2,+0.00,0.00,SLOW,4414.34,4414.34,4414.34,4414.34,0.00,0.00,0.0,BULLISH,0.0,4414.34,4414.34,4414.34,4414.34,3,ACTIVE_3s,1.0,0.0,0.0,0.0,0.0,0.0,0.0,PASS_<20%,0.00,0.0,NO,STANDBY_VEL_LOW,0,0.00,4590.00,78.36,FALSE,M1_DIRECTION_MISMATCH|OPENING_SHIELD_ACTIVE_3s
2026-09-07 15:32:04.473,1788795124.474,7122,9,249,4414.34,4414.42,8.0,PASS_<=10c,+0.0,FLAT,+0.0,+0.0,4.2,+0.00,0.00,SLOW,4414.34,4414.34,4414.34,4414.34,0.00,0.00,0.0,BULLISH,0.0,4414.34,4414.34,4414.34,4414.34,4,ACTIVE_4s,1.0,0.0,0.0,0.0,0.0,0.0,0.0,PASS_<20%,0.00,0.0,NO,STANDBY_VEL_LOW,0,0.00,4590.00,78.36,FALSE,M1_DIRECTION_MISMATCH|OPENING_SHIELD_ACTIVE_4s
2026-09-07 15:32:04.974,1788795124.975,7123,10,250,4414.34,4414.42,8.0,PASS_<=10c,+0.0,FLAT,+0.0,+0.0,4.2,+0.00,0.00,SLOW,4414.34,4414.34,4414.34,4414.34,0.00,0.00,0.0,BULLISH,0.0,4414.34,4414.34,4414.34,4414.34,4,ACTIVE_4s,1.0,0.0,0.0,0.0,0.0,0.0,0.0,PASS_<20%,0.00,0.0,NO,STANDBY_VEL_LOW,0,0.00,4590.00,78.36,FALSE,M1_DIRECTION_MISMATCH|OPENING_SHIELD_ACTIVE_4s
2026-09-07 15:32:05.477,1788795125.477,7124,11,251,4414.34,4414.42,8.0,PASS_<=10c,+0.0,FLAT,+0.0,+0.0,4.2,+0.00,0.00,SLOW,4414.34,4414.34,4414.34,4414.34,0.00,0.00,0.0,BULLISH,0.0,4414.34,4414.34,4414.34,4414.34,5,ACTIVE_5s,1.0,0.0,0.0,0.0,0.0,0.0,0.0,PASS_<20%,0.00,0.0,NO,STANDBY_VEL_LOW,0,0.00,4590.00,78.36,FALSE,M1_DIRECTION_MISMATCH|OPENING_SHIELD_ACTIVE_5s
2026-09-07 15:32:05.977,1788795125.978,7125,12,252,4414.34,4414.42,8.0,PASS_<=10c,+0.0,FLAT,+0.0,+0.0,4.2,+0.00,0.00,SLOW,4414.34,4414.34,4414.34,4414.34,0.00,0.00,0.0,BULLISH,0.0,4414.34,4414.34,4414.34,4414.34,5,ACTIVE_5s,1.0,0.0,0.0,0.0,0.0,0.0,0.0,PASS_<20%,0.00,0.0,NO,STANDBY_VEL_LOW,0,0.00,4590.00,78.36,FALSE,M1_DIRECTION_MISMATCH|OPENING_SHIELD_ACTIVE_5s
2026-09-07 15:32:06.479,1788795126.480,7126,13,253,4414.34,4414.42,8.0,PASS_<=10c,+0.0,FLAT,+0.0,+0.0,4.2,+0.00,0.00,SLOW,4414.34,4414.34,4414.34,4414.34,0.00,0.00,0.0,BULLISH,0.0,4414.34,4414.34,4414.34,4414.34,6,ACTIVE_6s,1.0,0.0,0.0,0.0,0.0,0.0,0.0,PASS_<20%,0.00,0.0,NO,STANDBY_VEL_LOW,0,0.00,4590.00,78.36,FALSE,M1_DIRECTION_MISMATCH|OPENING_SHIELD_ACTIVE_6s
2026-09-07 15:32:06.981,1788795126.982,7127,14,254,4414.34,4414.42,8.0,PASS_<=10c,+0.0,FLAT,+0.0,+0.0,4.2,+0.00,0.00,SLOW,4414.34,4414.34,4414.34,4414.34,0.00,0.00,0.0,BULLISH,0.0,4414.34,4414.34,4414.34,4414.34,6,ACTIVE_6s,1.0,0.0,0.0,0.0,0.0,0.0,0.0,PASS_<20%,0.00,0.0,NO,STANDBY_VEL_LOW,0,0.00,4590.00,78.36,FALSE,M1_DIRECTION_MISMATCH|OPENING_SHIELD_ACTIVE_6s
2026-09-07 15:32:07.483,1788795127.483,7128,15,255,4414.34,4414.42,8.0,PASS_<=10c,+0.0,FLAT,+0.0,+0.0,4.2,+0.00,0.00,SLOW,4414.34,4414.34,4414.34,4414.34,0.00,0.00,0.0,BULLISH,0.0,4414.34,4414.34,4414.34,4414.34,7,ACTIVE_7s,1.0,0.0,0.0,0.0,0.0,0.0,0.0,PASS_<20%,0.00,0.0,NO,STANDBY_VEL_LOW,0,0.00,4590.00,78.36,FALSE,M1_DIRECTION_MISMATCH|OPENING_SHIELD_ACTIVE_7s
2026-09-07 15:32:07.984,1788795127.984,7129,16,256,4414.34,4414.42,8.0,PASS_<=10c,+0.0,FLAT,+0.0,+0.0,4.2,+0.00,0.00,SLOW,4414.34,4414.34,4414.34,4414.34,0.00,0.00,0.0,BULLISH,0.0,4414.34,4414.34,4414.34,4414.34,7,ACTIVE_7s,1.0,0.0,0.0,0.0,0.0,0.0,0.0,PASS_<20%,0.00,0.0,NO,STANDBY_VEL_LOW,0,0.00,4590.00,78.36,FALSE,M1_DIRECTION_MISMATCH|OPENING_SHIELD_ACTIVE_7s
2026-09-07 15:32:08.486,1788795128.486,7130,17,257,4414.34,4414.42,8.0,PASS_<=10c,+0.0,FLAT,+0.0,+0.0,4.2,+0.00,0.00,SLOW,4414.34,4414.34,4414.34,4414.34,0.00,0.00,0.0,BULLISH,0.0,4414.34,4414.34,4414.34,4414.34,8,ACTIVE_8s,1.0,0.0,0.0,0.0,0.0,0.0,0.0,PASS_<20%,0.00,0.0,NO,STANDBY_VEL_LOW,0,0.00,4590.00,78.36,FALSE,M1_DIRECTION_MISMATCH|OPENING_SHIELD_ACTIVE_8s
2026-09-07 15:32:08.987,1788795128.988,7131,18,258,4414.34,4414.42,8.0,PASS_<=10c,+0.0,FLAT,+0.0,+0.0,4.2,+0.00,0.00,SLOW,4414.34,4414.34,4414.34,4414.34,0.00,0.00,0.0,BULLISH,0.0,4414.34,4414.34,4414.34,4414.34,8,ACTIVE_8s,1.0,0.0,0.0,0.0,0.0,0.0,0.0,PASS_<20%,0.00,0.0,NO,STANDBY_VEL_LOW,0,0.00,4590.00,78.36,FALSE,M1_DIRECTION_MISMATCH|OPENING_SHIELD_ACTIVE_8s
2026-09-07 15:32:09.489,1788795129.489,7132,19,259,4414.34,4414.42,8.0,PASS_<=10c,+0.0,FLAT,+0.0,+0.0,4.2,+0.00,0.00,SLOW,4414.34,4414.34,4414.34,4414.34,0.00,0.00,0.0,BULLISH,0.0,4414.34,4414.34,4414.34,4414.34,9,ACTIVE_9s,1.0,0.0,0.0,0.0,0.0,0.0,0.0,PASS_<20%,0.00,0.0,NO,STANDBY_VEL_LOW,0,0.00,4590.00,78.36,FALSE,M1_DIRECTION_MISMATCH|OPENING_SHIELD_ACTIVE_9s
2026-09-07 15:32:09.990,1788795129.991,7133,20,260,4414.34,4414.42,8.0,PASS_<=10c,+0.0,FLAT,+0.0,+0.0,4.2,+0.00,0.00,SLOW,4414.34,4414.34,4414.34,4414.34,0.00,0.00,0.0,BULLISH,0.0,4414.34,4414.34,4414.34,4414.34,9,ACTIVE_9s,1.0,0.0,0.0,0.0,0.0,0.0,0.0,PASS_<20%,0.00,0.0,NO,STANDBY_VEL_LOW,0,0.00,4590.00,78.36,FALSE,M1_DIRECTION_MISMATCH|OPENING_SHIELD_ACTIVE_9s
2026-09-07 15:32:10.492,1788795130.493,7134,21,261,4414.34,4414.42,8.0,PASS_<=10c,+0.0,FLAT,+0.0,+0.0,4.2,+0.00,0.00,SLOW,4414.34,4414.34,4414.34,4414.34,0.00,0.00,0.0,BULLISH,0.0,4414.34,4414.34,4414.34,4414.34,10,ACTIVE_10s,1.0,0.0,0.0,0.0,0.0,0.0,0.0,PASS_<20%,0.00,0.0,NO,STANDBY_VEL_LOW,0,0.00,4590.00,78.36,FALSE,M1_DIRECTION_MISMATCH|OPENING_SHIELD_ACTIVE_10s
2026-09-07 15:32:10.994,1788795130.995,7135,22,262,4414.34,4414.42,8.0,PASS_<=10c,+0.0,FLAT,+0.0,+0.0,4.2,+0.00,0.00,SLOW,4414.34,4414.34,4414.34,4414.34,0.00,0.00,0.0,BULLISH,0.0,4414.34,4414.34,4414.34,4414.34,10,ACTIVE_10s,1.0,0.0,0.0,0.0,0.0,0.0,0.0,PASS_<20%,0.00,0.0,NO,STANDBY_VEL_LOW,0,0.00,4590.00,78.36,FALSE,M1_DIRECTION_MISMATCH|OPENING_SHIELD_ACTIVE_10s
2026-09-07 15:32:11.496,1788795131.497,7136,23,263,4414.34,4414.42,8.0,PASS_<=10c,+0.0,FLAT,+0.0,+0.0,4.2,+0.00,0.00,SLOW,4414.34,4414.34,4414.34,4414.34,0.00,0.00,0.0,BULLISH,0.0,4414.34,4414.34,4414.34,4414.34,11,ACTIVE_11s,1.0,0.0,0.0,0.0,0.0,0.0,0.0,PASS_<20%,0.00,0.0,NO,STANDBY_VEL_LOW,0,0.00,4590.00,78.36,FALSE,M1_DIRECTION_MISMATCH|OPENING_SHIELD_ACTIVE_11s
2026-09-07 15:32:11.998,1788795131.998,7137,24,264,4414.34,4414.42,8.0,PASS_<=10c,+0.0,FLAT,+0.0,+0.0,4.2,+0.00,0.00,SLOW,4414.34,4414.34,4414.34,4414.34,0.00,0.00,0.0,BULLISH,0.0,4414.34,4414.34,4414.34,4414.34,11,ACTIVE_11s,1.0,0.0,0.0,0.0,0.0,0.0,0.0,PASS_<20%,0.00,0.0,NO,STANDBY_VEL_LOW,0,0.00,4590.00,78.36,FALSE,M1_DIRECTION_MISMATCH|OPENING_SHIELD_ACTIVE_11s
2026-09-07 15:32:12.499,1788795132.500,7138,25,265,4414.34,4414.42,8.0,PASS_<=10c,+0.0,FLAT,+0.0,+0.0,4.2,+0.00,0.00,SLOW,4414.34,4414.34,4414.34,4414.34,0.00,0.00,0.0,BULLISH,0.0,4414.34,4414.34,4414.34,4414.34,12,ACTIVE_12s,1.0,0.0,0.0,0.0,0.0,0.0,0.0,PASS_<20%,0.00,0.0,NO,STANDBY_VEL_LOW,0,0.00,4590.00,78.36,FALSE,M1_DIRECTION_MISMATCH|OPENING_SHIELD_ACTIVE_12s
2026-09-07 15:32:13.001,1788795133.002,7139,26,266,4414.34,4414.42,8.0,PASS_<=10c,+0.0,FLAT,+0.0,+0.0,4.2,+0.00,0.00,SLOW,4414.34,4414.34,4414.34,4414.34,0.00,0.00,0.0,BULLISH,0.0,4414.34,4414.34,4414.34,4414.34,13,ACTIVE_13s,1.0,0.0,0.0,0.0,0.0,0.0,0.0,PASS_<20%,0.00,0.0,NO,STANDBY_VEL_LOW,0,0.00,4590.00,78.36,FALSE,M1_DIRECTION_MISMATCH|OPENING_SHIELD_ACTIVE_13s
2026-09-07 15:32:13.503,1788795133.504,7140,27,267,4414.34,4414.42,8.0,PASS_<=10c,+0.0,FLAT,+0.0,+0.0,4.2,+0.00,0.00,SLOW,4414.34,4414.34,4414.34,4414.34,0.00,0.00,0.0,BULLISH,0.0,4414.34,4414.34,4414.34,4414.34,13,ACTIVE_13s,1.0,0.0,0.0,0.0,0.0,0.0,0.0,PASS_<20%,0.00,0.0,NO,STANDBY_VEL_LOW,0,0.00,4590.00,78.36,FALSE,M1_DIRECTION_MISMATCH|OPENING_SHIELD_ACTIVE_13s
2026-09-07 15:32:14.004,1788795134.005,7141,28,268,4414.34,4414.42,8.0,PASS_<=10c,+0.0,FLAT,+0.0,+0.0,4.2,+0.00,0.00,SLOW,4414.34,4414.34,4414.34,4414.34,0.00,0.00,0.0,BULLISH,0.0,4414.34,4414.34,4414.34,4414.34,14,ACTIVE_14s,1.0,0.0,0.0,0.0,0.0,0.0,0.0,PASS_<20%,0.00,0.0,NO,STANDBY_VEL_LOW,0,0.00,4590.00,78.36,FALSE,M1_DIRECTION_MISMATCH|OPENING_SHIELD_ACTIVE_14s
2026-09-07 15:32:14.507,1788795134.507,7142,29,269,4414.34,4414.42,8.0,PASS_<=10c,+0.0,FLAT,+0.0,+0.0,4.2,+0.00,0.00,SLOW,4414.34,4414.34,4414.34,4414.34,0.00,0.00,0.0,BULLISH,0.0,4414.34,4414.34,4414.34,4414.34,14,ACTIVE_14s,1.0,0.0,0.0,0.0,0.0,0.0,0.0,PASS_<20%,0.00,0.0,NO,STANDBY_VEL_LOW,0,0.00,4590.00,78.36,FALSE,M1_DIRECTION_MISMATCH|OPENING_SHIELD_ACTIVE_14s
2026-09-07 15:32:15.008,1788795135.009,7143,30,270,4414.34,4414.42,8.0,PASS_<=10c,+0.0,FLAT,+0.0,+0.0,4.2,+0.00,0.00,SLOW,4414.34,4414.34,4414.34,4414.34,0.00,0.00,0.0,BULLISH,0.0,4414.34,4414.34,4414.34,4414.34,15,ACTIVE_15s,1.0,0.0,0.0,0.0,0.0,0.0,0.0,PASS_<20%,0.00,0.0,NO,STANDBY_VEL_LOW,0,0.00,4590.00,78.36,FALSE,M1_DIRECTION_MISMATCH|OPENING_SHIELD_ACTIVE_15s
2026-09-07 15:32:15.509,1788795135.510,7144,31,271,4414.34,4414.42,8.0,PASS_<=10c,+0.0,FLAT,+0.0,+0.0,4.2,+0.00,0.00,SLOW,4414.34,4414.34,4414.34,4414.34,0.00,0.00,0.0,BULLISH,0.0,4414.34,4414.34,4414.34,4414.34,15,ACTIVE_15s,1.0,0.0,0.0,0.0,0.0,0.0,0.0,PASS_<20%,0.00,0.0,NO,STANDBY_VEL_LOW,0,0.00,4590.00,78.36,FALSE,M1_DIRECTION_MISMATCH|OPENING_SHIELD_ACTIVE_15s
2026-09-07 15:32:16.010,1788795136.011,7145,32,272,4414.34,4414.42,8.0,PASS_<=10c,+0.0,FLAT,+0.0,+0.0,4.2,+0.00,0.00,SLOW,4414.34,4414.34,4414.34,4414.34,0.00,0.00,0.0,BULLISH,0.0,4414.34,4414.34,4414.34,4414.34,16,ACTIVE_16s,1.0,0.0,0.0,0.0,0.0,0.0,0.0,PASS_<20%,0.00,0.0,NO,STANDBY_VEL_LOW,0,0.00,4590.00,78.36,FALSE,M1_DIRECTION_MISMATCH|OPENING_SHIELD_ACTIVE_16s
2026-09-07 15:32:16.512,1788795136.513,7146,33,273,4414.34,4414.42,8.0,PASS_<=10c,+0.0,FLAT,+0.0,+0.0,4.2,+0.00,0.00,SLOW,4414.34,4414.34,4414.34,4414.34,0.00,0.00,0.0,BULLISH,0.0,4414.34,4414.34,4414.34,4414.34,16,ACTIVE_16s,1.0,0.0,0.0,0.0,0.0,0.0,0.0,PASS_<20%,0.00,0.0,NO,STANDBY_VEL_LOW,0,0.00,4590.00,78.36,FALSE,M1_DIRECTION_MISMATCH|OPENING_SHIELD_ACTIVE_16s
2026-09-07 15:32:17.013,1788795137.014,7147,34,274,4414.34,4414.42,8.0,PASS_<=10c,+0.0,FLAT,+0.0,+0.0,4.2,+0.00,0.00,SLOW,4414.34,4414.34,4414.34,4414.34,0.00,0.00,0.0,BULLISH,0.0,4414.34,4414.34,4414.34,4414.34,17,ACTIVE_17s,1.0,0.0,0.0,0.0,0.0,0.0,0.0,PASS_<20%,0.00,0.0,NO,STANDBY_VEL_LOW,0,0.00,4590.00,78.36,FALSE,M1_DIRECTION_MISMATCH|OPENING_SHIELD_ACTIVE_17s
2026-09-07 15:32:17.515,1788795137.516,7148,35,275,4414.34,4414.42,8.0,PASS_<=10c,+0.0,FLAT,+0.0,+0.0,4.2,+0.00,0.00,SLOW,4414.34,4414.34,4414.34,4414.34,0.00,0.00,0.0,BULLISH,0.0,4414.34,4414.34,4414.34,4414.34,17,ACTIVE_17s,1.0,0.0,0.0,0.0,0.0,0.0,0.0,PASS_<20%,0.00,0.0,NO,STANDBY_VEL_LOW,0,0.00,4590.00,78.36,FALSE,M1_DIRECTION_MISMATCH|OPENING_SHIELD_ACTIVE_17s
2026-09-07 15:32:18.017,1788795138.017,7149,36,276,4414.34,4414.42,8.0,PASS_<=10c,+0.0,FLAT,+0.0,+0.0,4.2,+0.00,0.00,SLOW,4414.34,4414.34,4414.34,4414.34,0.00,0.00,0.0,BULLISH,0.0,4414.34,4414.34,4414.34,4414.34,18,ACTIVE_18s,1.0,0.0,0.0,0.0,0.0,0.0,0.0,PASS_<20%,0.00,0.0,NO,STANDBY_VEL_LOW,0,0.00,4590.00,78.36,FALSE,M1_DIRECTION_MISMATCH|OPENING_SHIELD_ACTIVE_18s
2026-09-07 15:32:18.519,1788795138.520,7150,37,277,4414.34,4414.42,8.0,PASS_<=10c,+0.0,FLAT,+0.0,+0.0,4.2,+0.00,0.00,SLOW,4414.34,4414.34,4414.34,4414.34,0.00,0.00,0.0,BULLISH,0.0,4414.34,4414.34,4414.34,4414.34,18,ACTIVE_18s,1.0,0.0,0.0,0.0,0.0,0.0,0.0,PASS_<20%,0.00,0.0,NO,STANDBY_VEL_LOW,0,0.00,4590.00,78.36,FALSE,M1_DIRECTION_MISMATCH|OPENING_SHIELD_ACTIVE_18s
2026-09-07 15:32:19.020,1788795139.021,7151,38,278,4414.34,4414.42,8.0,PASS_<=10c,+0.0,FLAT,+0.0,+0.0,4.2,+0.00,0.00,SLOW,4414.34,4414.34,4414.34,4414.34,0.00,0.00,0.0,BULLISH,0.0,4414.34,4414.34,4414.34,4414.34,19,ACTIVE_19s,1.0,0.0,0.0,0.0,0.0,0.0,0.0,PASS_<20%,0.00,0.0,NO,STANDBY_VEL_LOW,0,0.00,4590.00,78.36,FALSE,M1_DIRECTION_MISMATCH|OPENING_SHIELD_ACTIVE_19s
2026-09-07 15:32:19.522,1788795139.523,7152,39,279,4414.34,4414.42,8.0,PASS_<=10c,+0.0,FLAT,+0.0,+0.0,4.2,+0.00,0.00,SLOW,4414.34,4414.34,4414.34,4414.34,0.00,0.00,0.0,BULLISH,0.0,4414.34,4414.34,4414.34,4414.34,19,ACTIVE_19s,1.0,0.0,0.0,0.0,0.0,0.0,0.0,PASS_<20%,0.00,0.0,NO,STANDBY_VEL_LOW,0,0.00,4590.00,78.36,FALSE,M1_DIRECTION_MISMATCH|OPENING_SHIELD_ACTIVE_19s
2026-09-07 15:32:20.024,1788795140.025,7153,40,280,4414.34,4414.42,8.0,PASS_<=10c,+0.0,FLAT,+0.0,+0.0,4.2,+0.00,0.00,SLOW,4414.34,4414.34,4414.34,4414.34,0.00,0.00,0.0,BULLISH,0.0,4414.34,4414.34,4414.34,4414.34,20,CLEARED_>=20s,1.0,0.0,0.0,0.0,0.0,0.0,0.0,PASS_<20%,0.00,0.0,NO,STANDBY_VEL_LOW,0,0.00,4590.00,78.36,FALSE,M1_DIRECTION_MISMATCH
2026-09-07 15:32:20.526,1788795140.527,7154,41,281,4414.34,4414.42,8.0,PASS_<=10c,+0.0,FLAT,+0.0,+0.0,4.2,+0.00,0.00,SLOW,4414.34,4414.34,4414.34,4414.34,0.00,0.00,0.0,BULLISH,0.0,4414.34,4414.34,4414.34,4414.34,20,CLEARED_>=20s,1.0,0.0,0.0,0.0,0.0,0.0,0.0,PASS_<20%,0.00,0.0,NO,STANDBY_VEL_LOW,0,0.00,4590.00,78.36,FALSE,M1_DIRECTION_MISMATCH
2026-09-07 15:32:21.028,1788795141.029,7155,42,282,4414.34,4414.42,8.0,PASS_<=10c,+0.0,FLAT,+0.0,+0.0,4.2,+0.00,0.00,SLOW,4414.34,4414.34,4414.34,4414.34,0.00,0.00,0.0,BULLISH,0.0,4414.34,4414.34,4414.34,4414.34,21,CLEARED_>=20s,1.0,0.0,0.0,0.0,0.0,0.0,0.0,PASS_<20%,0.00,0.0,NO,STANDBY_VEL_LOW,0,0.00,4590.00,78.36,FALSE,M1_DIRECTION_MISMATCH
2026-09-07 15:32:21.530,1788795141.531,7156,43,283,4414.34,4414.42,8.0,PASS_<=10c,+0.0,FLAT,+0.0,+0.0,4.2,+0.00,0.00,SLOW,4414.34,4414.34,4414.34,4414.34,0.00,0.00,0.0,BULLISH,0.0,4414.34,4414.34,4414.34,4414.34,21,CLEARED_>=20s,1.0,0.0,0.0,0.0,0.0,0.0,0.0,PASS_<20%,0.00,0.0,NO,STANDBY_VEL_LOW,0,0.00,4590.00,78.36,FALSE,M1_DIRECTION_MISMATCH
2026-09-07 15:32:22.032,1788795142.032,7157,44,284,4414.34,4414.42,8.0,PASS_<=10c,+0.0,FLAT,+0.0,+0.0,4.2,+0.00,0.00,SLOW,4414.34,4414.34,4414.34,4414.34,0.00,0.00,0.0,BULLISH,0.0,4414.34,4414.34,4414.34,4414.34,22,CLEARED_>=20s,1.0,0.0,0.0,0.0,0.0,0.0,0.0,PASS_<20%,0.00,0.0,NO,STANDBY_VEL_LOW,0,0.00,4590.00,78.36,FALSE,M1_DIRECTION_MISMATCH
2026-09-07 15:32:22.533,1788795142.534,7158,45,285,4414.34,4414.42,8.0,PASS_<=10c,+0.0,FLAT,+0.0,+0.0,4.2,+0.00,0.00,SLOW,4414.34,4414.34,4414.34,4414.34,0.00,0.00,0.0,BULLISH,0.0,4414.34,4414.34,4414.34,4414.34,22,CLEARED_>=20s,1.0,0.0,0.0,0.0,0.0,0.0,0.0,PASS_<20%,0.00,0.0,NO,STANDBY_VEL_LOW,0,0.00,4590.00,78.36,FALSE,M1_DIRECTION_MISMATCH
2026-09-07 15:32:23.036,1788795143.036,7159,46,286,4414.34,4414.42,8.0,PASS_<=10c,+0.0,FLAT,+0.0,+0.0,4.2,+0.00,0.00,SLOW,4414.34,4414.34,4414.34,4414.34,0.00,0.00,0.0,BULLISH,0.0,4414.34,4414.34,4414.34,4414.34,23,CLEARED_>=20s,1.0,0.0,0.0,0.0,0.0,0.0,0.0,PASS_<20%,0.00,0.0,NO,STANDBY_VEL_LOW,0,0.00,4590.00,78.36,FALSE,M1_DIRECTION_MISMATCH
2026-09-07 15:32:23.537,1788795143.537,7160,47,287,4414.34,4414.42,8.0,PASS_<=10c,+0.0,FLAT,+0.0,+0.0,4.2,+0.00,0.00,SLOW,4414.34,4414.34,4414.34,4414.34,0.00,0.00,0.0,BULLISH,0.0,4414.34,4414.34,4414.34,4414.34,23,CLEARED_>=20s,1.0,0.0,0.0,0.0,0.0,0.0,0.0,PASS_<20%,0.00,0.0,NO,STANDBY_VEL_LOW,0,0.00,4590.00,78.36,FALSE,M1_DIRECTION_MISMATCH
2026-09-07 15:32:24.039,1788795144.039,7161,48,288,4414.34,4414.42,8.0,PASS_<=10c,+0.0,FLAT,+0.0,+0.0,4.2,+0.00,0.00,SLOW,4414.34,4414.34,4414.34,4414.34,0.00,0.00,0.0,BULLISH,0.0,4414.34,4414.34,4414.34,4414.34,24,CLEARED_>=20s,1.0,0.0,0.0,0.0,0.0,0.0,0.0,PASS_<20%,0.00,0.0,NO,STANDBY_VEL_LOW,0,0.00,4590.00,78.36,FALSE,M1_DIRECTION_MISMATCH
2026-09-07 15:32:24.540,1788795144.541,7162,49,289,4414.34,4414.42,8.0,PASS_<=10c,+0.0,FLAT,+0.0,+0.0,4.2,+0.00,0.00,SLOW,4414.34,4414.34,4414.34,4414.34,0.00,0.00,0.0,BULLISH,0.0,4414.34,4414.34,4414.34,4414.34,24,CLEARED_>=20s,1.0,0.0,0.0,0.0,0.0,0.0,0.0,PASS_<20%,0.00,0.0,NO,STANDBY_VEL_LOW,0,0.00,4590.00,78.36,FALSE,M1_DIRECTION_MISMATCH
2026-09-07 15:32:25.042,1788795145.042,7163,50,290,4414.34,4414.42,8.0,PASS_<=10c,+0.0,FLAT,+0.0,+0.0,4.2,+0.00,0.00,SLOW,4414.34,4414.34,4414.34,4414.34,0.00,0.00,0.0,BULLISH,0.0,4414.34,4414.34,4414.34,4414.34,25,CLEARED_>=20s,1.0,0.0,0.0,0.0,0.0,0.0,0.0,PASS_<20%,0.00,0.0,NO,STANDBY_VEL_LOW,0,0.00,4590.00,78.36,FALSE,M1_DIRECTION_MISMATCH
2026-09-07 15:32:25.543,1788795145.543,7164,51,291,4414.34,4414.42,8.0,PASS_<=10c,+0.0,FLAT,+0.0,+0.0,4.2,+0.00,0.00,SLOW,4414.34,4414.34,4414.34,4414.34,0.00,0.00,0.0,BULLISH,0.0,4414.34,4414.34,4414.34,4414.34,25,CLEARED_>=20s,1.0,0.0,0.0,0.0,0.0,0.0,0.0,PASS_<20%,0.00,0.0,NO,STANDBY_VEL_LOW,0,0.00,4590.00,78.36,FALSE,M1_DIRECTION_MISMATCH
2026-09-07 15:32:26.045,1788795146.045,7165,52,292,4414.34,4414.42,8.0,PASS_<=10c,+0.0,FLAT,+0.0,+0.0,4.2,+0.00,0.00,SLOW,4414.34,4414.34,4414.34,4414.34,0.00,0.00,0.0,BULLISH,0.0,4414.34,4414.34,4414.34,4414.34,26,CLEARED_>=20s,1.0,0.0,0.0,0.0,0.0,0.0,0.0,PASS_<20%,0.00,0.0,NO,STANDBY_VEL_LOW,0,0.00,4590.00,78.36,FALSE,M1_DIRECTION_MISMATCH
2026-09-07 15:32:26.546,1788795146.547,7166,53,293,4414.34,4414.42,8.0,PASS_<=10c,+0.0,FLAT,+0.0,+0.0,4.2,+0.00,0.00,SLOW,4414.34,4414.34,4414.34,4414.34,0.00,0.00,0.0,BULLISH,0.0,4414.34,4414.34,4414.34,4414.34,26,CLEARED_>=20s,1.0,0.0,0.0,0.0,0.0,0.0,0.0,PASS_<20%,0.00,0.0,NO,STANDBY_VEL_LOW,0,0.00,4590.00,78.36,FALSE,M1_DIRECTION_MISMATCH
2026-09-07 15:32:27.048,1788795147.049,7167,54,294,4414.34,4414.42,8.0,PASS_<=10c,+0.0,FLAT,+0.0,+0.0,4.2,+0.00,0.00,SLOW,4414.34,4414.34,4414.34,4414.34,0.00,0.00,0.0,BULLISH,0.0,4414.34,4414.34,4414.34,4414.34,27,CLEARED_>=20s,1.0,0.0,0.0,0.0,0.0,0.0,0.0,PASS_<20%,0.00,0.0,NO,STANDBY_VEL_LOW,0,0.00,4590.00,78.36,FALSE,M1_DIRECTION_MISMATCH
2026-09-07 15:32:27.550,1788795147.551,7168,55,295,4414.34,4414.42,8.0,PASS_<=10c,+0.0,FLAT,+0.0,+0.0,4.2,+0.00,0.00,SLOW,4414.34,4414.34,4414.34,4414.34,0.00,0.00,0.0,BULLISH,0.0,4414.34,4414.34,4414.34,4414.34,27,CLEARED_>=20s,1.0,0.0,0.0,0.0,0.0,0.0,0.0,PASS_<20%,0.00,0.0,NO,STANDBY_VEL_LOW,0,0.00,4590.00,78.36,FALSE,M1_DIRECTION_MISMATCH
2026-09-07 15:32:28.051,1788795148.052,7169,56,296,4414.34,4414.42,8.0,PASS_<=10c,+0.0,FLAT,+0.0,+0.0,4.2,+0.00,0.00,SLOW,4414.34,4414.34,4414.34,4414.34,0.00,0.00,0.0,BULLISH,0.0,4414.34,4414.34,4414.34,4414.34,28,CLEARED_>=20s,1.0,0.0,0.0,0.0,0.0,0.0,0.0,PASS_<20%,0.00,0.0,NO,STANDBY_VEL_LOW,0,0.00,4590.00,78.36,FALSE,M1_DIRECTION_MISMATCH
2026-09-07 15:32:28.553,1788795148.554,7170,57,297,4414.34,4414.42,8.0,PASS_<=10c,+0.0,FLAT,+0.0,+0.0,4.2,+0.00,0.00,SLOW,4414.34,4414.34,4414.34,4414.34,0.00,0.00,0.0,BULLISH,0.0,4414.34,4414.34,4414.34,4414.34,28,CLEARED_>=20s,1.0,0.0,0.0,0.0,0.0,0.0,0.0,PASS_<20%,0.00,0.0,NO,STANDBY_VEL_LOW,0,0.00,4590.00,78.36,FALSE,M1_DIRECTION_MISMATCH
2026-09-07 15:32:29.054,1788795149.055,7171,58,298,4414.34,4414.42,8.0,PASS_<=10c,+0.0,FLAT,+0.0,+0.0,4.2,+0.00,0.00,SLOW,4414.34,4414.34,4414.34,4414.34,0.00,0.00,0.0,BULLISH,0.0,4414.34,4414.34,4414.34,4414.34,29,CLEARED_>=20s,1.0,0.0,0.0,0.0,0.0,0.0,0.0,PASS_<20%,0.00,0.0,NO,STANDBY_VEL_LOW,0,0.00,4590.00,78.36,FALSE,M1_DIRECTION_MISMATCH
2026-09-07 15:32:29.555,1788795149.556,7172,59,299,4414.34,4414.42,8.0,PASS_<=10c,+0.0,FLAT,+0.0,+0.0,4.2,+0.00,0.00,SLOW,4414.34,4414.34,4414.34,4414.34,0.00,0.00,0.0,BULLISH,0.0,4414.34,4414.34,4414.34,4414.34,29,CLEARED_>=20s,1.0,0.0,0.0,0.0,0.0,0.0,0.0,PASS_<20%,0.00,0.0,NO,STANDBY_VEL_LOW,0,0.00,4590.00,78.36,FALSE,M1_DIRECTION_MISMATCH
2026-09-07 15:32:30.058,1788795150.059,7173,60,300,4414.34,4414.42,8.0,PASS_<=10c,+0.0,FLAT,+0.0,+0.0,4.2,+0.00,0.00,SLOW,4414.34,4414.34,4414.34,4414.34,0.00,0.00,0.0,BULLISH,0.0,4414.34,4414.34,4414.34,4414.34,30,CLEARED_>=20s,1.0,0.0,0.0,0.0,0.0,0.0,0.0,PASS_<20%,0.00,0.0,NO,STANDBY_VEL_LOW,0,0.00,4590.00,78.36,FALSE,M1_DIRECTION_MISMATCH
2026-09-07 15:32:30.558,1788795150.559,7174,61,301,4414.34,4414.42,8.0,PASS_<=10c,+0.0,FLAT,+0.0,+0.0,4.2,+0.00,0.00,SLOW,4414.34,4414.34,4414.34,4414.34,0.00,0.00,0.0,BULLISH,0.0,4414.34,4414.34,4414.34,4414.34,30,CLEARED_>=20s,1.0,0.0,0.0,0.0,0.0,0.0,0.0,PASS_<20%,0.00,0.0,NO,STANDBY_VEL_LOW,0,0.00,4590.00,78.36,FALSE,M1_DIRECTION_MISMATCH
2026-09-07 15:32:31.060,1788795151.061,7175,62,302,4414.34,4414.42,8.0,PASS_<=10c,+0.0,FLAT,+0.0,+0.0,4.2,+0.00,0.00,SLOW,4414.34,4414.34,4414.34,4414.34,0.00,0.00,0.0,BULLISH,0.0,4414.34,4414.34,4414.34,4414.34,31,CLEARED_>=20s,1.0,0.0,0.0,0.0,0.0,0.0,0.0,PASS_<20%,0.00,0.0,NO,STANDBY_VEL_LOW,0,0.00,4590.00,78.36,FALSE,M1_DIRECTION_MISMATCH
2026-09-07 15:32:31.562,1788795151.563,7176,63,303,4414.34,4414.42,8.0,PASS_<=10c,+0.0,FLAT,+0.0,+0.0,4.2,+0.00,0.00,SLOW,4414.34,4414.34,4414.34,4414.34,0.00,0.00,0.0,BULLISH,0.0,4414.34,4414.34,4414.34,4414.34,31,CLEARED_>=20s,1.0,0.0,0.0,0.0,0.0,0.0,0.0,PASS_<20%,0.00,0.0,NO,STANDBY_VEL_LOW,0,0.00,4590.00,78.36,FALSE,M1_DIRECTION_MISMATCH
2026-09-07 15:32:32.063,1788795152.064,7177,64,304,4414.34,4414.42,8.0,PASS_<=10c,+0.0,FLAT,+0.0,+0.0,4.2,+0.00,0.00,SLOW,4414.34,4414.34,4414.34,4414.34,0.00,0.00,0.0,BULLISH,0.0,4414.34,4414.34,4414.34,4414.34,32,CLEARED_>=20s,1.0,0.0,0.0,0.0,0.0,0.0,0.0,PASS_<20%,0.00,0.0,NO,STANDBY_VEL_LOW,0,0.00,4590.00,78.36,FALSE,M1_DIRECTION_MISMATCH
2026-09-07 15:32:32.565,1788795152.565,7178,65,305,4414.34,4414.42,8.0,PASS_<=10c,+0.0,FLAT,+0.0,+0.0,4.2,+0.00,0.00,SLOW,4414.34,4414.34,4414.34,4414.34,0.00,0.00,0.0,BULLISH,0.0,4414.34,4414.34,4414.34,4414.34,32,CLEARED_>=20s,1.0,0.0,0.0,0.0,0.0,0.0,0.0,PASS_<20%,0.00,0.0,NO,STANDBY_VEL_LOW,0,0.00,4590.00,78.36,FALSE,M1_DIRECTION_MISMATCH
2026-09-07 15:32:33.067,1788795153.068,7179,66,306,4414.34,4414.42,8.0,PASS_<=10c,+0.0,FLAT,+0.0,+0.0,4.2,+0.00,0.00,SLOW,4414.34,4414.34,4414.34,4414.34,0.00,0.00,0.0,BULLISH,0.0,4414.34,4414.34,4414.34,4414.34,33,CLEARED_>=20s,1.0,0.0,0.0,0.0,0.0,0.0,0.0,PASS_<20%,0.00,0.0,NO,STANDBY_VEL_LOW,0,0.00,4590.00,78.36,FALSE,M1_DIRECTION_MISMATCH
2026-09-07 15:32:33.568,1788795153.569,7180,67,307,4414.34,4414.42,8.0,PASS_<=10c,+0.0,FLAT,+0.0,+0.0,4.2,+0.00,0.00,SLOW,4414.34,4414.34,4414.34,4414.34,0.00,0.00,0.0,BULLISH,0.0,4414.34,4414.34,4414.34,4414.34,33,CLEARED_>=20s,1.0,0.0,0.0,0.0,0.0,0.0,0.0,PASS_<20%,0.00,0.0,NO,STANDBY_VEL_LOW,0,0.00,4590.00,78.36,FALSE,M1_DIRECTION_MISMATCH
2026-09-07 15:32:34.070,1788795154.071,7181,68,308,4414.34,4414.42,8.0,PASS_<=10c,+0.0,FLAT,+0.0,+0.0,4.2,+0.00,0.00,SLOW,4414.34,4414.34,4414.34,4414.34,0.00,0.00,0.0,BULLISH,0.0,4414.34,4414.34,4414.34,4414.34,34,CLEARED_>=20s,1.0,0.0,0.0,0.0,0.0,0.0,0.0,PASS_<20%,0.00,0.0,NO,STANDBY_VEL_LOW,0,0.00,4590.00,78.36,FALSE,M1_DIRECTION_MISMATCH
2026-09-07 15:32:34.573,1788795154.573,7182,69,309,4414.34,4414.42,8.0,PASS_<=10c,+0.0,FLAT,+0.0,+0.0,4.2,+0.00,0.00,SLOW,4414.34,4414.34,4414.34,4414.34,0.00,0.00,0.0,BULLISH,0.0,4414.34,4414.34,4414.34,4414.34,34,CLEARED_>=20s,1.0,0.0,0.0,0.0,0.0,0.0,0.0,PASS_<20%,0.00,0.0,NO,STANDBY_VEL_LOW,0,0.00,4590.00,78.36,FALSE,M1_DIRECTION_MISMATCH
2026-09-07 15:32:35.074,1788795155.075,7183,70,310,4414.34,4414.42,8.0,PASS_<=10c,+0.0,FLAT,+0.0,+0.0,4.2,+0.00,0.00,SLOW,4414.34,4414.34,4414.34,4414.34,0.00,0.00,0.0,BULLISH,0.0,4414.34,4414.34,4414.34,4414.34,35,CLEARED_>=20s,1.0,0.0,0.0,0.0,0.0,0.0,0.0,PASS_<20%,0.00,0.0,NO,STANDBY_VEL_LOW,0,0.00,4590.00,78.36,FALSE,M1_DIRECTION_MISMATCH
2026-09-07 15:32:35.575,1788795155.576,7184,71,311,4414.34,4414.42,8.0,PASS_<=10c,+0.0,FLAT,+0.0,+0.0,4.2,+0.00,0.00,SLOW,4414.34,4414.34,4414.34,4414.34,0.00,0.00,0.0,BULLISH,0.0,4414.34,4414.34,4414.34,4414.34,35,CLEARED_>=20s,1.0,0.0,0.0,0.0,0.0,0.0,0.0,PASS_<20%,0.00,0.0,NO,STANDBY_VEL_LOW,0,0.00,4590.00,78.36,FALSE,M1_DIRECTION_MISMATCH
2026-09-07 15:32:36.077,1788795156.077,7185,72,312,4414.34,4414.42,8.0,PASS_<=10c,+0.0,FLAT,+0.0,+0.0,4.2,+0.00,0.00,SLOW,4414.34,4414.34,4414.34,4414.34,0.00,0.00,0.0,BULLISH,0.0,4414.34,4414.34,4414.34,4414.34,36,CLEARED_>=20s,1.0,0.0,0.0,0.0,0.0,0.0,0.0,PASS_<20%,0.00,0.0,NO,STANDBY_VEL_LOW,0,0.00,4590.00,78.36,FALSE,M1_DIRECTION_MISMATCH
2026-09-07 15:32:36.579,1788795156.579,7186,73,313,4414.34,4414.42,8.0,PASS_<=10c,+0.0,FLAT,+0.0,+0.0,4.2,+0.00,0.00,SLOW,4414.34,4414.34,4414.34,4414.34,0.00,0.00,0.0,BULLISH,0.0,4414.34,4414.34,4414.34,4414.34,36,CLEARED_>=20s,1.0,0.0,0.0,0.0,0.0,0.0,0.0,PASS_<20%,0.00,0.0,NO,STANDBY_VEL_LOW,0,0.00,4590.00,78.36,FALSE,M1_DIRECTION_MISMATCH
2026-09-07 15:32:37.080,1788795157.080,7187,74,314,4414.34,4414.42,8.0,PASS_<=10c,+0.0,FLAT,+0.0,+0.0,4.2,+0.00,0.00,SLOW,4414.34,4414.34,4414.34,4414.34,0.00,0.00,0.0,BULLISH,0.0,4414.34,4414.34,4414.34,4414.34,37,CLEARED_>=20s,1.0,0.0,0.0,0.0,0.0,0.0,0.0,PASS_<20%,0.00,0.0,NO,STANDBY_VEL_LOW,0,0.00,4590.00,78.36,FALSE,M1_DIRECTION_MISMATCH
2026-09-07 15:32:37.583,1788795157.583,7188,75,315,4414.34,4414.42,8.0,PASS_<=10c,+0.0,FLAT,+0.0,+0.0,4.2,+0.00,0.00,SLOW,4414.34,4414.34,4414.34,4414.34,0.00,0.00,0.0,BULLISH,0.0,4414.34,4414.34,4414.34,4414.34,37,CLEARED_>=20s,1.0,0.0,0.0,0.0,0.0,0.0,0.0,PASS_<20%,0.00,0.0,NO,STANDBY_VEL_LOW,0,0.00,4590.00,78.36,FALSE,M1_DIRECTION_MISMATCH
2026-09-07 15:32:38.083,1788795158.083,7189,76,316,4414.34,4414.42,8.0,PASS_<=10c,+0.0,FLAT,+0.0,+0.0,4.2,+0.00,0.00,SLOW,4414.34,4414.34,4414.34,4414.34,0.00,0.00,0.0,BULLISH,0.0,4414.34,4414.34,4414.34,4414.34,38,CLEARED_>=20s,1.0,0.0,0.0,0.0,0.0,0.0,0.0,PASS_<20%,0.00,0.0,NO,STANDBY_VEL_LOW,0,0.00,4590.00,78.36,FALSE,M1_DIRECTION_MISMATCH
2026-09-07 15:32:38.584,1788795158.585,7190,77,317,4414.34,4414.42,8.0,PASS_<=10c,+0.0,FLAT,+0.0,+0.0,4.2,+0.00,0.00,SLOW,4414.34,4414.34,4414.34,4414.34,0.00,0.00,0.0,BULLISH,0.0,4414.34,4414.34,4414.34,4414.34,38,CLEARED_>=20s,1.0,0.0,0.0,0.0,0.0,0.0,0.0,PASS_<20%,0.00,0.0,NO,STANDBY_VEL_LOW,0,0.00,4590.00,78.36,FALSE,M1_DIRECTION_MISMATCH
2026-09-07 15:32:39.086,1788795159.087,7191,78,318,4414.34,4414.42,8.0,PASS_<=10c,+0.0,FLAT,+0.0,+0.0,4.2,+0.00,0.00,SLOW,4414.34,4414.34,4414.34,4414.34,0.00,0.00,0.0,BULLISH,0.0,4414.34,4414.34,4414.34,4414.34,39,CLEARED_>=20s,1.0,0.0,0.0,0.0,0.0,0.0,0.0,PASS_<20%,0.00,0.0,NO,STANDBY_VEL_LOW,0,0.00,4590.00,78.36,FALSE,M1_DIRECTION_MISMATCH
2026-09-07 15:32:39.588,1788795159.589,7192,79,319,4414.34,4414.42,8.0,PASS_<=10c,+0.0,FLAT,+0.0,+0.0,4.2,+0.00,0.00,SLOW,4414.34,4414.34,4414.34,4414.34,0.00,0.00,0.0,BULLISH,0.0,4414.34,4414.34,4414.34,4414.34,39,CLEARED_>=20s,1.0,0.0,0.0,0.0,0.0,0.0,0.0,PASS_<20%,0.00,0.0,NO,STANDBY_VEL_LOW,0,0.00,4590.00,78.36,FALSE,M1_DIRECTION_MISMATCH
2026-09-07 15:32:40.091,1788795160.092,7193,80,320,4414.34,4414.42,8.0,PASS_<=10c,+0.0,FLAT,+0.0,+0.0,4.2,+0.00,0.00,SLOW,4414.34,4414.34,4414.34,4414.34,0.00,0.00,0.0,BULLISH,0.0,4414.34,4414.34,4414.34,4414.34,40,CLEARED_>=20s,1.0,0.0,0.0,0.0,0.0,0.0,0.0,PASS_<20%,0.00,0.0,NO,STANDBY_VEL_LOW,0,0.00,4590.00,78.36,FALSE,M1_DIRECTION_MISMATCH
2026-09-07 15:32:40.591,1788795160.592,7194,81,321,4414.34,4414.42,8.0,PASS_<=10c,+0.0,FLAT,+0.0,+0.0,4.2,+0.00,0.00,SLOW,4414.34,4414.34,4414.34,4414.34,0.00,0.00,0.0,BULLISH,0.0,4414.34,4414.34,4414.34,4414.34,40,CLEARED_>=20s,1.0,0.0,0.0,0.0,0.0,0.0,0.0,PASS_<20%,0.00,0.0,NO,STANDBY_VEL_LOW,0,0.00,4590.00,78.36,FALSE,M1_DIRECTION_MISMATCH
2026-09-07 15:32:41.093,1788795161.094,7195,82,322,4414.34,4414.42,8.0,PASS_<=10c,+0.0,FLAT,+0.0,+0.0,4.2,+0.00,0.00,SLOW,4414.34,4414.34,4414.34,4414.34,0.00,0.00,0.0,BULLISH,0.0,4414.34,4414.34,4414.34,4414.34,41,CLEARED_>=20s,1.0,0.0,0.0,0.0,0.0,0.0,0.0,PASS_<20%,0.00,0.0,NO,STANDBY_VEL_LOW,0,0.00,4590.00,78.36,FALSE,M1_DIRECTION_MISMATCH
2026-09-07 15:32:41.595,1788795161.595,7196,83,323,4414.34,4414.42,8.0,PASS_<=10c,+0.0,FLAT,+0.0,+0.0,4.2,+0.00,0.00,SLOW,4414.34,4414.34,4414.34,4414.34,0.00,0.00,0.0,BULLISH,0.0,4414.34,4414.34,4414.34,4414.34,41,CLEARED_>=20s,1.0,0.0,0.0,0.0,0.0,0.0,0.0,PASS_<20%,0.00,0.0,NO,STANDBY_VEL_LOW,0,0.00,4590.00,78.36,FALSE,M1_DIRECTION_MISMATCH
2026-09-07 15:32:42.097,1788795162.098,7197,84,324,4414.34,4414.42,8.0,PASS_<=10c,+0.0,FLAT,+0.0,+0.0,4.2,+0.00,0.00,SLOW,4414.34,4414.34,4414.34,4414.34,0.00,0.00,0.0,BULLISH,0.0,4414.34,4414.34,4414.34,4414.34,42,CLEARED_>=20s,1.0,0.0,0.0,0.0,0.0,0.0,0.0,PASS_<20%,0.00,0.0,NO,STANDBY_VEL_LOW,0,0.00,4590.00,78.36,FALSE,M1_DIRECTION_MISMATCH
2026-09-07 15:32:42.599,1788795162.600,7198,85,325,4414.34,4414.42,8.0,PASS_<=10c,+0.0,FLAT,+0.0,+0.0,4.2,+0.00,0.00,SLOW,4414.34,4414.34,4414.34,4414.34,0.00,0.00,0.0,BULLISH,0.0,4414.34,4414.34,4414.34,4414.34,42,CLEARED_>=20s,1.0,0.0,0.0,0.0,0.0,0.0,0.0,PASS_<20%,0.00,0.0,NO,STANDBY_VEL_LOW,0,0.00,4590.00,78.36,FALSE,M1_DIRECTION_MISMATCH
2026-09-07 15:32:43.100,1788795163.100,7199,86,326,4414.34,4414.42,8.0,PASS_<=10c,+0.0,FLAT,+0.0,+0.0,4.2,+0.00,0.00,SLOW,4414.34,4414.34,4414.34,4414.34,0.00,0.00,0.0,BULLISH,0.0,4414.34,4414.34,4414.34,4414.34,43,CLEARED_>=20s,1.0,0.0,0.0,0.0,0.0,0.0,0.0,PASS_<20%,0.00,0.0,NO,STANDBY_VEL_LOW,0,0.00,4590.00,78.36,FALSE,M1_DIRECTION_MISMATCH
2026-09-07 15:32:43.607,1788795163.607,7200,87,327,4414.34,4414.42,8.0,PASS_<=10c,+0.0,FLAT,+0.0,+0.0,4.2,+0.00,0.00,SLOW,4414.34,4414.34,4414.34,4414.34,0.00,0.00,0.0,BULLISH,0.0,4414.34,4414.34,4414.34,4414.34,43,CLEARED_>=20s,1.0,0.0,0.0,0.0,0.0,0.0,0.0,PASS_<20%,0.00,0.0,NO,STANDBY_VEL_LOW,0,0.00,4590.00,78.36,FALSE,M1_DIRECTION_MISMATCH
2026-09-07 15:32:44.103,1788795164.104,7201,88,328,4414.34,4414.42,8.0,PASS_<=10c,+0.0,FLAT,+0.0,+0.0,4.2,+0.00,0.00,SLOW,4414.34,4414.34,4414.34,4414.34,0.00,0.00,0.0,BULLISH,0.0,4414.34,4414.34,4414.34,4414.34,44,CLEARED_>=20s,1.0,0.0,0.0,0.0,0.0,0.0,0.0,PASS_<20%,0.00,0.0,NO,STANDBY_VEL_LOW,0,0.00,4590.00,78.36,FALSE,M1_DIRECTION_MISMATCH
2026-09-07 15:32:44.606,1788795164.606,7202,89,329,4414.34,4414.42,8.0,PASS_<=10c,+0.0,FLAT,+0.0,+0.0,4.2,+0.00,0.00,SLOW,4414.34,4414.34,4414.34,4414.34,0.00,0.00,0.0,BULLISH,0.0,4414.34,4414.34,4414.34,4414.34,44,CLEARED_>=20s,1.0,0.0,0.0,0.0,0.0,0.0,0.0,PASS_<20%,0.00,0.0,NO,STANDBY_VEL_LOW,0,0.00,4590.00,78.36,FALSE,M1_DIRECTION_MISMATCH
2026-09-07 15:32:45.108,1788795165.108,7203,90,330,4414.34,4414.42,8.0,PASS_<=10c,+0.0,FLAT,+0.0,+0.0,4.2,+0.00,0.00,SLOW,4414.34,4414.34,4414.34,4414.34,0.00,0.00,0.0,BULLISH,0.0,4414.34,4414.34,4414.34,4414.34,45,CLEARED_>=20s,1.0,0.0,0.0,0.0,0.0,0.0,0.0,PASS_<20%,0.00,0.0,NO,STANDBY_VEL_LOW,0,0.00,4590.00,78.36,FALSE,M1_DIRECTION_MISMATCH
2026-09-07 15:32:45.610,1788795165.611,7204,91,331,4414.34,4414.42,8.0,PASS_<=10c,+0.0,FLAT,+0.0,+0.0,4.2,+0.00,0.00,SLOW,4414.34,4414.34,4414.34,4414.34,0.00,0.00,0.0,BULLISH,0.0,4414.34,4414.34,4414.34,4414.34,45,CLEARED_>=20s,1.0,0.0,0.0,0.0,0.0,0.0,0.0,PASS_<20%,0.00,0.0,NO,STANDBY_VEL_LOW,0,0.00,4590.00,78.36,FALSE,M1_DIRECTION_MISMATCH
2026-09-07 15:32:46.112,1788795166.113,7205,92,332,4414.34,4414.42,8.0,PASS_<=10c,+0.0,FLAT,+0.0,+0.0,4.2,+0.00,0.00,SLOW,4414.34,4414.34,4414.34,4414.34,0.00,0.00,0.0,BULLISH,0.0,4414.34,4414.34,4414.34,4414.34,46,CLEARED_>=20s,1.0,0.0,0.0,0.0,0.0,0.0,0.0,PASS_<20%,0.00,0.0,NO,STANDBY_VEL_LOW,0,0.00,4590.00,78.36,FALSE,M1_DIRECTION_MISMATCH
2026-09-07 15:32:46.613,1788795166.614,7206,93,333,4414.34,4414.42,8.0,PASS_<=10c,+0.0,FLAT,+0.0,+0.0,4.2,+0.00,0.00,SLOW,4414.34,4414.34,4414.34,4414.34,0.00,0.00,0.0,BULLISH,0.0,4414.34,4414.34,4414.34,4414.34,46,CLEARED_>=20s,1.0,0.0,0.0,0.0,0.0,0.0,0.0,PASS_<20%,0.00,0.0,NO,STANDBY_VEL_LOW,0,0.00,4590.00,78.36,FALSE,M1_DIRECTION_MISMATCH
2026-09-07 15:32:47.115,1788795167.116,7207,94,334,4414.34,4414.42,8.0,PASS_<=10c,+0.0,FLAT,+0.0,+0.0,4.2,+0.00,0.00,SLOW,4414.34,4414.34,4414.34,4414.34,0.00,0.00,0.0,BULLISH,0.0,4414.34,4414.34,4414.34,4414.34,47,CLEARED_>=20s,1.0,0.0,0.0,0.0,0.0,0.0,0.0,PASS_<20%,0.00,0.0,NO,STANDBY_VEL_LOW,0,0.00,4590.00,78.36,FALSE,M1_DIRECTION_MISMATCH
2026-09-07 15:32:47.617,1788795167.618,7208,95,335,4414.34,4414.42,8.0,PASS_<=10c,+0.0,FLAT,+0.0,+0.0,4.2,+0.00,0.00,SLOW,4414.34,4414.34,4414.34,4414.34,0.00,0.00,0.0,BULLISH,0.0,4414.34,4414.34,4414.34,4414.34,47,CLEARED_>=20s,1.0,0.0,0.0,0.0,0.0,0.0,0.0,PASS_<20%,0.00,0.0,NO,STANDBY_VEL_LOW,0,0.00,4590.00,78.36,FALSE,M1_DIRECTION_MISMATCH
2026-09-07 15:32:48.119,1788795168.120,7209,96,336,4414.34,4414.42,8.0,PASS_<=10c,+0.0,FLAT,+0.0,+0.0,4.2,+0.00,0.00,SLOW,4414.34,4414.34,4414.34,4414.34,0.00,0.00,0.0,BULLISH,0.0,4414.34,4414.34,4414.34,4414.34,48,CLEARED_>=20s,1.0,0.0,0.0,0.0,0.0,0.0,0.0,PASS_<20%,0.00,0.0,NO,STANDBY_VEL_LOW,0,0.00,4590.00,78.36,FALSE,M1_DIRECTION_MISMATCH
2026-09-07 15:32:48.621,1788795168.622,7210,97,337,4414.34,4414.42,8.0,PASS_<=10c,+0.0,FLAT,+0.0,+0.0,4.2,+0.00,0.00,SLOW,4414.34,4414.34,4414.34,4414.34,0.00,0.00,0.0,BULLISH,0.0,4414.34,4414.34,4414.34,4414.34,48,CLEARED_>=20s,1.0,0.0,0.0,0.0,0.0,0.0,0.0,PASS_<20%,0.00,0.0,NO,STANDBY_VEL_LOW,0,0.00,4590.00,78.36,FALSE,M1_DIRECTION_MISMATCH
2026-09-07 15:32:49.124,1788795169.124,7211,98,338,4414.34,4414.42,8.0,PASS_<=10c,+0.0,FLAT,+0.0,+0.0,4.2,+0.00,0.00,SLOW,4414.34,4414.34,4414.34,4414.34,0.00,0.00,0.0,BULLISH,0.0,4414.34,4414.34,4414.34,4414.34,49,CLEARED_>=20s,1.0,0.0,0.0,0.0,0.0,0.0,0.0,PASS_<20%,0.00,0.0,NO,STANDBY_VEL_LOW,0,0.00,4590.00,78.36,FALSE,M1_DIRECTION_MISMATCH
2026-09-07 15:32:49.625,1788795169.626,7212,99,339,4414.34,4414.42,8.0,PASS_<=10c,+0.0,FLAT,+0.0,+0.0,4.2,+0.00,0.00,SLOW,4414.34,4414.34,4414.34,4414.34,0.00,0.00,0.0,BULLISH,0.0,4414.34,4414.34,4414.34,4414.34,49,CLEARED_>=20s,1.0,0.0,0.0,0.0,0.0,0.0,0.0,PASS_<20%,0.00,0.0,NO,STANDBY_VEL_LOW,0,0.00,4590.00,78.36,FALSE,M1_DIRECTION_MISMATCH
2026-09-07 15:32:50.126,1788795170.127,7213,100,340,4414.34,4414.42,8.0,PASS_<=10c,+0.0,FLAT,+0.0,+0.0,4.2,+0.00,0.00,SLOW,4414.34,4414.34,4414.34,4414.34,0.00,0.00,0.0,BULLISH,0.0,4414.34,4414.34,4414.34,4414.34,50,CLEARED_>=20s,1.0,0.0,0.0,0.0,0.0,0.0,0.0,PASS_<20%,0.00,0.0,NO,STANDBY_VEL_LOW,0,0.00,4590.00,78.36,FALSE,M1_DIRECTION_MISMATCH
2026-09-07 15:32:50.628,1788795170.628,7214,101,341,4414.34,4414.42,8.0,PASS_<=10c,+0.0,FLAT,+0.0,+0.0,4.2,+0.00,0.00,SLOW,4414.34,4414.34,4414.34,4414.34,0.00,0.00,0.0,BULLISH,0.0,4414.34,4414.34,4414.34,4414.34,50,CLEARED_>=20s,1.0,0.0,0.0,0.0,0.0,0.0,0.0,PASS_<20%,0.00,0.0,NO,STANDBY_VEL_LOW,0,0.00,4590.00,78.36,FALSE,M1_DIRECTION_MISMATCH
2026-09-07 15:32:51.130,1788795171.131,7215,102,342,4414.34,4414.42,8.0,PASS_<=10c,+0.0,FLAT,+0.0,+0.0,4.2,+0.00,0.00,SLOW,4414.34,4414.34,4414.34,4414.34,0.00,0.00,0.0,BULLISH,0.0,4414.34,4414.34,4414.34,4414.34,51,CLEARED_>=20s,1.0,0.0,0.0,0.0,0.0,0.0,0.0,PASS_<20%,0.00,0.0,NO,STANDBY_VEL_LOW,0,0.00,4590.00,78.36,FALSE,M1_DIRECTION_MISMATCH
2026-09-07 15:32:51.632,1788795171.632,7216,103,343,4414.34,4414.42,8.0,PASS_<=10c,+0.0,FLAT,+0.0,+0.0,4.2,+0.00,0.00,SLOW,4414.34,4414.34,4414.34,4414.34,0.00,0.00,0.0,BULLISH,0.0,4414.34,4414.34,4414.34,4414.34,51,CLEARED_>=20s,1.0,0.0,0.0,0.0,0.0,0.0,0.0,PASS_<20%,0.00,0.0,NO,STANDBY_VEL_LOW,0,0.00,4590.00,78.36,FALSE,M1_DIRECTION_MISMATCH
2026-09-07 15:32:52.133,1788795172.134,7217,104,344,4414.34,4414.42,8.0,PASS_<=10c,+0.0,FLAT,+0.0,+0.0,4.2,+0.00,0.00,SLOW,4414.34,4414.34,4414.34,4414.34,0.00,0.00,0.0,BULLISH,0.0,4414.34,4414.34,4414.34,4414.34,52,CLEARED_>=20s,1.0,0.0,0.0,0.0,0.0,0.0,0.0,PASS_<20%,0.00,0.0,NO,STANDBY_VEL_LOW,0,0.00,4590.00,78.36,FALSE,M1_DIRECTION_MISMATCH
2026-09-07 15:32:52.635,1788795172.635,7218,105,345,4414.34,4414.42,8.0,PASS_<=10c,+0.0,FLAT,+0.0,+0.0,4.2,+0.00,0.00,SLOW,4414.34,4414.34,4414.34,4414.34,0.00,0.00,0.0,BULLISH,0.0,4414.34,4414.34,4414.34,4414.34,52,CLEARED_>=20s,1.0,0.0,0.0,0.0,0.0,0.0,0.0,PASS_<20%,0.00,0.0,NO,STANDBY_VEL_LOW,0,0.00,4590.00,78.36,FALSE,M1_DIRECTION_MISMATCH
2026-09-07 15:32:53.137,1788795173.137,7219,106,346,4414.34,4414.42,8.0,PASS_<=10c,+0.0,FLAT,+0.0,+0.0,4.2,+0.00,0.00,SLOW,4414.34,4414.34,4414.34,4414.34,0.00,0.00,0.0,BULLISH,0.0,4414.34,4414.34,4414.34,4414.34,53,CLEARED_>=20s,1.0,0.0,0.0,0.0,0.0,0.0,0.0,PASS_<20%,0.00,0.0,NO,STANDBY_VEL_LOW,0,0.00,4590.00,78.36,FALSE,M1_DIRECTION_MISMATCH
2026-09-07 15:32:53.638,1788795173.639,7220,107,347,4414.34,4414.42,8.0,PASS_<=10c,+0.0,FLAT,+0.0,+0.0,4.2,+0.00,0.00,SLOW,4414.34,4414.34,4414.34,4414.34,0.00,0.00,0.0,BULLISH,0.0,4414.34,4414.34,4414.34,4414.34,53,CLEARED_>=20s,1.0,0.0,0.0,0.0,0.0,0.0,0.0,PASS_<20%,0.00,0.0,NO,STANDBY_VEL_LOW,0,0.00,4590.00,78.36,FALSE,M1_DIRECTION_MISMATCH
2026-09-07 15:32:54.141,1788795174.141,7221,108,348,4414.34,4414.42,8.0,PASS_<=10c,+0.0,FLAT,+0.0,+0.0,4.2,+0.00,0.00,SLOW,4414.34,4414.34,4414.34,4414.34,0.00,0.00,0.0,BULLISH,0.0,4414.34,4414.34,4414.34,4414.34,54,CLEARED_>=20s,1.0,0.0,0.0,0.0,0.0,0.0,0.0,PASS_<20%,0.00,0.0,NO,STANDBY_VEL_LOW,0,0.00,4590.00,78.36,FALSE,M1_DIRECTION_MISMATCH
2026-09-07 15:32:54.643,1788795174.643,7222,109,349,4414.34,4414.42,8.0,PASS_<=10c,+0.0,FLAT,+0.0,+0.0,4.2,+0.00,0.00,SLOW,4414.34,4414.34,4414.34,4414.34,0.00,0.00,0.0,BULLISH,0.0,4414.34,4414.34,4414.34,4414.34,54,CLEARED_>=20s,1.0,0.0,0.0,0.0,0.0,0.0,0.0,PASS_<20%,0.00,0.0,NO,STANDBY_VEL_LOW,0,0.00,4590.00,78.36,FALSE,M1_DIRECTION_MISMATCH
2026-09-07 15:32:55.145,1788795175.145,7223,110,350,4414.34,4414.42,8.0,PASS_<=10c,+0.0,FLAT,+0.0,+0.0,4.2,+0.00,0.00,SLOW,4414.34,4414.34,4414.34,4414.34,0.00,0.00,0.0,BULLISH,0.0,4414.34,4414.34,4414.34,4414.34,55,CLEARED_>=20s,1.0,0.0,0.0,0.0,0.0,0.0,0.0,PASS_<20%,0.00,0.0,NO,STANDBY_VEL_LOW,0,0.00,4590.00,78.36,FALSE,M1_DIRECTION_MISMATCH
2026-09-07 15:32:55.646,1788795175.646,7224,111,351,4414.34,4414.42,8.0,PASS_<=10c,+0.0,FLAT,+0.0,+0.0,4.2,+0.00,0.00,SLOW,4414.34,4414.34,4414.34,4414.34,0.00,0.00,0.0,BULLISH,0.0,4414.34,4414.34,4414.34,4414.34,55,CLEARED_>=20s,1.0,0.0,0.0,0.0,0.0,0.0,0.0,PASS_<20%,0.00,0.0,NO,STANDBY_VEL_LOW,0,0.00,4590.00,78.36,FALSE,M1_DIRECTION_MISMATCH
2026-09-07 15:32:56.148,1788795176.148,7225,112,352,4414.34,4414.42,8.0,PASS_<=10c,+0.0,FLAT,+0.0,+0.0,4.2,+0.00,0.00,SLOW,4414.34,4414.34,4414.34,4414.34,0.00,0.00,0.0,BULLISH,0.0,4414.34,4414.34,4414.34,4414.34,56,CLEARED_>=20s,1.0,0.0,0.0,0.0,0.0,0.0,0.0,PASS_<20%,0.00,0.0,NO,STANDBY_VEL_LOW,0,0.00,4590.00,78.36,FALSE,M1_DIRECTION_MISMATCH
2026-09-07 15:32:56.649,1788795176.649,7226,113,353,4414.34,4414.42,8.0,PASS_<=10c,+0.0,FLAT,+0.0,+0.0,4.2,+0.00,0.00,SLOW,4414.34,4414.34,4414.34,4414.34,0.00,0.00,0.0,BULLISH,0.0,4414.34,4414.34,4414.34,4414.34,56,CLEARED_>=20s,1.0,0.0,0.0,0.0,0.0,0.0,0.0,PASS_<20%,0.00,0.0,NO,STANDBY_VEL_LOW,0,0.00,4590.00,78.36,FALSE,M1_DIRECTION_MISMATCH
2026-09-07 15:32:57.153,1788795177.153,7227,114,354,4414.34,4414.42,8.0,PASS_<=10c,+0.0,FLAT,+0.0,+0.0,4.2,+0.00,0.00,SLOW,4414.34,4414.34,4414.34,4414.34,0.00,0.00,0.0,BULLISH,0.0,4414.34,4414.34,4414.34,4414.34,57,CLEARED_>=20s,1.0,0.0,0.0,0.0,0.0,0.0,0.0,PASS_<20%,0.00,0.0,NO,STANDBY_VEL_LOW,0,0.00,4590.00,78.36,FALSE,M1_DIRECTION_MISMATCH
2026-09-07 15:32:57.653,1788795177.653,7228,115,355,4414.34,4414.42,8.0,PASS_<=10c,+0.0,FLAT,+0.0,+0.0,4.2,+0.00,0.00,SLOW,4414.34,4414.34,4414.34,4414.34,0.00,0.00,0.0,BULLISH,0.0,4414.34,4414.34,4414.34,4414.34,57,CLEARED_>=20s,1.0,0.0,0.0,0.0,0.0,0.0,0.0,PASS_<20%,0.00,0.0,NO,STANDBY_VEL_LOW,0,0.00,4590.00,78.36,FALSE,M1_DIRECTION_MISMATCH
2026-09-07 15:32:58.155,1788795178.155,7229,116,356,4414.34,4414.42,8.0,PASS_<=10c,+0.0,FLAT,+0.0,+0.0,4.2,+0.00,0.00,SLOW,4414.34,4414.34,4414.34,4414.34,0.00,0.00,0.0,BULLISH,0.0,4414.34,4414.34,4414.34,4414.34,58,CLEARED_>=20s,1.0,0.0,0.0,0.0,0.0,0.0,0.0,PASS_<20%,0.00,0.0,NO,STANDBY_VEL_LOW,0,0.00,4590.00,78.36,FALSE,M1_DIRECTION_MISMATCH
2026-09-07 15:32:58.656,1788795178.656,7230,117,357,4414.34,4414.42,8.0,PASS_<=10c,+0.0,FLAT,+0.0,+0.0,4.2,+0.00,0.00,SLOW,4414.34,4414.34,4414.34,4414.34,0.00,0.00,0.0,BULLISH,0.0,4414.34,4414.34,4414.34,4414.34,58,CLEARED_>=20s,1.0,0.0,0.0,0.0,0.0,0.0,0.0,PASS_<20%,0.00,0.0,NO,STANDBY_VEL_LOW,0,0.00,4590.00,78.36,FALSE,M1_DIRECTION_MISMATCH
2026-09-07 15:32:59.157,1788795179.158,7231,118,358,4414.34,4414.42,8.0,PASS_<=10c,+0.0,FLAT,+0.0,+0.0,4.2,+0.00,0.00,SLOW,4414.34,4414.34,4414.34,4414.34,0.00,0.00,0.0,BULLISH,0.0,4414.34,4414.34,4414.34,4414.34,59,CLEARED_>=20s,1.0,0.0,0.0,0.0,0.0,0.0,0.0,PASS_<20%,0.00,0.0,NO,STANDBY_VEL_LOW,0,0.00,4590.00,78.36,FALSE,M1_DIRECTION_MISMATCH
2026-09-07 15:32:59.659,1788795179.660,7232,119,359,4414.34,4414.42,8.0,PASS_<=10c,+0.0,FLAT,+0.0,+0.0,4.2,+0.00,0.00,SLOW,4414.34,4414.34,4414.34,4414.34,0.00,0.00,0.0,BULLISH,0.0,4414.34,4414.34,4414.34,4414.34,59,CLEARED_>=20s,1.0,0.0,0.0,0.0,0.0,0.0,0.0,PASS_<20%,0.00,0.0,NO,STANDBY_VEL_LOW,0,0.00,4590.00,78.36,FALSE,M1_DIRECTION_MISMATCH
2026-09-07 15:33:00.161,1788795180.161,7233,1,360,4414.34,4414.42,8.0,PASS_<=10c,+0.0,FLAT,+0.0,+0.0,4.2,+0.00,0.00,SLOW,4414.34,4414.34,4414.34,4414.34,0.00,0.00,0.0,BULLISH,0.0,4414.34,4414.34,4414.34,4414.34,0,ACTIVE_0s,1.0,0.0,0.0,0.0,0.0,0.0,0.0,PASS_<20%,0.00,0.0,NO,STANDBY_VEL_LOW,0,0.00,4590.00,78.36,FALSE,M1_DIRECTION_MISMATCH|OPENING_SHIELD_ACTIVE_0s
2026-09-07 15:33:00.663,1788795180.663,7234,2,361,4414.34,4414.42,8.0,PASS_<=10c,+0.0,FLAT,+0.0,+0.0,4.2,+0.00,0.00,SLOW,4414.34,4414.34,4414.34,4414.34,0.00,0.00,0.0,BULLISH,0.0,4414.34,4414.34,4414.34,4414.34,0,ACTIVE_0s,1.0,0.0,0.0,0.0,0.0,0.0,0.0,PASS_<20%,0.00,0.0,NO,STANDBY_VEL_LOW,0,0.00,4590.00,78.36,FALSE,M1_DIRECTION_MISMATCH|OPENING_SHIELD_ACTIVE_0s
2026-09-07 15:33:01.164,1788795181.165,7235,3,362,4414.34,4414.42,8.0,PASS_<=10c,+0.0,FLAT,+0.0,+0.0,4.2,+0.00,0.00,SLOW,4414.34,4414.34,4414.34,4414.34,0.00,0.00,0.0,BULLISH,0.0,4414.34,4414.34,4414.34,4414.34,1,ACTIVE_1s,1.0,0.0,0.0,0.0,0.0,0.0,0.0,PASS_<20%,0.00,0.0,NO,STANDBY_VEL_LOW,0,0.00,4590.00,78.36,FALSE,M1_DIRECTION_MISMATCH|OPENING_SHIELD_ACTIVE_1s
2026-09-07 15:33:01.666,1788795181.666,7236,4,363,4414.34,4414.42,8.0,PASS_<=10c,+0.0,FLAT,+0.0,+0.0,4.2,+0.00,0.00,SLOW,4414.34,4414.34,4414.34,4414.34,0.00,0.00,0.0,BULLISH,0.0,4414.34,4414.34,4414.34,4414.34,1,ACTIVE_1s,1.0,0.0,0.0,0.0,0.0,0.0,0.0,PASS_<20%,0.00,0.0,NO,STANDBY_VEL_LOW,0,0.00,4590.00,78.36,FALSE,M1_DIRECTION_MISMATCH|OPENING_SHIELD_ACTIVE_1s
2026-09-07 15:33:02.169,1788795182.170,7237,5,364,4414.34,4414.42,8.0,PASS_<=10c,+0.0,FLAT,+0.0,+0.0,4.2,+0.00,0.00,SLOW,4414.34,4414.34,4414.34,4414.34,0.00,0.00,0.0,BULLISH,0.0,4414.34,4414.34,4414.34,4414.34,2,ACTIVE_2s,1.0,0.0,0.0,0.0,0.0,0.0,0.0,PASS_<20%,0.00,0.0,NO,STANDBY_VEL_LOW,0,0.00,4590.00,78.36,FALSE,M1_DIRECTION_MISMATCH|OPENING_SHIELD_ACTIVE_2s
2026-09-07 15:33:02.670,1788795182.670,7238,6,365,4414.34,4414.42,8.0,PASS_<=10c,+0.0,FLAT,+0.0,+0.0,4.2,+0.00,0.00,SLOW,4414.34,4414.34,4414.34,4414.34,0.00,0.00,0.0,BULLISH,0.0,4414.34,4414.34,4414.34,4414.34,2,ACTIVE_2s,1.0,0.0,0.0,0.0,0.0,0.0,0.0,PASS_<20%,0.00,0.0,NO,STANDBY_VEL_LOW,0,0.00,4590.00,78.36,FALSE,M1_DIRECTION_MISMATCH|OPENING_SHIELD_ACTIVE_2s
2026-09-07 15:33:03.171,1788795183.171,7239,7,366,4414.34,4414.42,8.0,PASS_<=10c,+0.0,FLAT,+0.0,+0.0,4.2,+0.00,0.00,SLOW,4414.34,4414.34,4414.34,4414.34,0.00,0.00,0.0,BULLISH,0.0,4414.34,4414.34,4414.34,4414.34,3,ACTIVE_3s,1.0,0.0,0.0,0.0,0.0,0.0,0.0,PASS_<20%,0.00,0.0,NO,STANDBY_VEL_LOW,0,0.00,4590.00,78.36,FALSE,M1_DIRECTION_MISMATCH|OPENING_SHIELD_ACTIVE_3s
2026-09-07 15:33:03.673,1788795183.673,7240,8,367,4414.34,4414.42,8.0,PASS_<=10c,+0.0,FLAT,+0.0,+0.0,4.2,+0.00,0.00,SLOW,4414.34,4414.34,4414.34,4414.34,0.00,0.00,0.0,BULLISH,0.0,4414.34,4414.34,4414.34,4414.34,3,ACTIVE_3s,1.0,0.0,0.0,0.0,0.0,0.0,0.0,PASS_<20%,0.00,0.0,NO,STANDBY_VEL_LOW,0,0.00,4590.00,78.36,FALSE,M1_DIRECTION_MISMATCH|OPENING_SHIELD_ACTIVE_3s
2026-09-07 15:33:04.175,1788795184.176,7241,9,368,4414.34,4414.42,8.0,PASS_<=10c,+0.0,FLAT,+0.0,+0.0,4.2,+0.00,0.00,SLOW,4414.34,4414.34,4414.34,4414.34,0.00,0.00,0.0,BULLISH,0.0,4414.34,4414.34,4414.34,4414.34,4,ACTIVE_4s,1.0,0.0,0.0,0.0,0.0,0.0,0.0,PASS_<20%,0.00,0.0,NO,STANDBY_VEL_LOW,0,0.00,4590.00,78.36,FALSE,M1_DIRECTION_MISMATCH|OPENING_SHIELD_ACTIVE_4s
2026-09-07 15:33:04.676,1788795184.677,7242,10,369,4414.34,4414.42,8.0,PASS_<=10c,+0.0,FLAT,+0.0,+0.0,4.2,+0.00,0.00,SLOW,4414.34,4414.34,4414.34,4414.34,0.00,0.00,0.0,BULLISH,0.0,4414.34,4414.34,4414.34,4414.34,4,ACTIVE_4s,1.0,0.0,0.0,0.0,0.0,0.0,0.0,PASS_<20%,0.00,0.0,NO,STANDBY_VEL_LOW,0,0.00,4590.00,78.36,FALSE,M1_DIRECTION_MISMATCH|OPENING_SHIELD_ACTIVE_4s
2026-09-07 15:33:05.179,1788795185.179,7243,11,370,4414.34,4414.42,8.0,PASS_<=10c,+0.0,FLAT,+0.0,+0.0,4.2,+0.00,0.00,SLOW,4414.34,4414.34,4414.34,4414.34,0.00,0.00,0.0,BULLISH,0.0,4414.34,4414.34,4414.34,4414.34,5,ACTIVE_5s,1.0,0.0,0.0,0.0,0.0,0.0,0.0,PASS_<20%,0.00,0.0,NO,STANDBY_VEL_LOW,0,0.00,4590.00,78.36,FALSE,M1_DIRECTION_MISMATCH|OPENING_SHIELD_ACTIVE_5s
2026-09-07 15:33:05.681,1788795185.681,7244,12,371,4414.34,4414.42,8.0,PASS_<=10c,+0.0,FLAT,+0.0,+0.0,4.2,+0.00,0.00,SLOW,4414.34,4414.34,4414.34,4414.34,0.00,0.00,0.0,BULLISH,0.0,4414.34,4414.34,4414.34,4414.34,5,ACTIVE_5s,1.0,0.0,0.0,0.0,0.0,0.0,0.0,PASS_<20%,0.00,0.0,NO,STANDBY_VEL_LOW,0,0.00,4590.00,78.36,FALSE,M1_DIRECTION_MISMATCH|OPENING_SHIELD_ACTIVE_5s
2026-09-07 15:33:06.182,1788795186.183,7245,13,372,4414.34,4414.42,8.0,PASS_<=10c,+0.0,FLAT,+0.0,+0.0,4.2,+0.00,0.00,SLOW,4414.34,4414.34,4414.34,4414.34,0.00,0.00,0.0,BULLISH,0.0,4414.34,4414.34,4414.34,4414.34,6,ACTIVE_6s,1.0,0.0,0.0,0.0,0.0,0.0,0.0,PASS_<20%,0.00,0.0,NO,STANDBY_VEL_LOW,0,0.00,4590.00,78.36,FALSE,M1_DIRECTION_MISMATCH|OPENING_SHIELD_ACTIVE_6s
2026-09-07 15:33:06.685,1788795186.685,7246,14,373,4414.34,4414.42,8.0,PASS_<=10c,+0.0,FLAT,+0.0,+0.0,4.2,+0.00,0.00,SLOW,4414.34,4414.34,4414.34,4414.34,0.00,0.00,0.0,BULLISH,0.0,4414.34,4414.34,4414.34,4414.34,6,ACTIVE_6s,1.0,0.0,0.0,0.0,0.0,0.0,0.0,PASS_<20%,0.00,0.0,NO,STANDBY_VEL_LOW,0,0.00,4590.00,78.36,FALSE,M1_DIRECTION_MISMATCH|OPENING_SHIELD_ACTIVE_6s
2026-09-07 15:33:07.187,1788795187.188,7247,15,374,4414.34,4414.42,8.0,PASS_<=10c,+0.0,FLAT,+0.0,+0.0,4.2,+0.00,0.00,SLOW,4414.34,4414.34,4414.34,4414.34,0.00,0.00,0.0,BULLISH,0.0,4414.34,4414.34,4414.34,4414.34,7,ACTIVE_7s,1.0,0.0,0.0,0.0,0.0,0.0,0.0,PASS_<20%,0.00,0.0,NO,STANDBY_VEL_LOW,0,0.00,4590.00,78.36,FALSE,M1_DIRECTION_MISMATCH|OPENING_SHIELD_ACTIVE_7s
2026-09-07 15:33:07.688,1788795187.689,7248,16,375,4414.34,4414.42,8.0,PASS_<=10c,+0.0,FLAT,+0.0,+0.0,4.2,+0.00,0.00,SLOW,4414.34,4414.34,4414.34,4414.34,0.00,0.00,0.0,BULLISH,0.0,4414.34,4414.34,4414.34,4414.34,7,ACTIVE_7s,1.0,0.0,0.0,0.0,0.0,0.0,0.0,PASS_<20%,0.00,0.0,NO,STANDBY_VEL_LOW,0,0.00,4590.00,78.36,FALSE,M1_DIRECTION_MISMATCH|OPENING_SHIELD_ACTIVE_7s
2026-09-07 15:33:08.190,1788795188.191,7249,17,376,4414.34,4414.42,8.0,PASS_<=10c,+0.0,FLAT,+0.0,+0.0,4.2,+0.00,0.00,SLOW,4414.34,4414.34,4414.34,4414.34,0.00,0.00,0.0,BULLISH,0.0,4414.34,4414.34,4414.34,4414.34,8,ACTIVE_8s,1.0,0.0,0.0,0.0,0.0,0.0,0.0,PASS_<20%,0.00,0.0,NO,STANDBY_VEL_LOW,0,0.00,4590.00,78.36,FALSE,M1_DIRECTION_MISMATCH|OPENING_SHIELD_ACTIVE_8s
2026-09-07 15:33:08.691,1788795188.692,7250,18,377,4414.34,4414.42,8.0,PASS_<=10c,+0.0,FLAT,+0.0,+0.0,4.2,+0.00,0.00,SLOW,4414.34,4414.34,4414.34,4414.34,0.00,0.00,0.0,BULLISH,0.0,4414.34,4414.34,4414.34,4414.34,8,ACTIVE_8s,1.0,0.0,0.0,0.0,0.0,0.0,0.0,PASS_<20%,0.00,0.0,NO,STANDBY_VEL_LOW,0,0.00,4590.00,78.36,FALSE,M1_DIRECTION_MISMATCH|OPENING_SHIELD_ACTIVE_8s
2026-09-07 15:33:09.193,1788795189.194,7251,19,378,4414.34,4414.42,8.0,PASS_<=10c,+0.0,FLAT,+0.0,+0.0,4.2,+0.00,0.00,SLOW,4414.34,4414.34,4414.34,4414.34,0.00,0.00,0.0,BULLISH,0.0,4414.34,4414.34,4414.34,4414.34,9,ACTIVE_9s,1.0,0.0,0.0,0.0,0.0,0.0,0.0,PASS_<20%,0.00,0.0,NO,STANDBY_VEL_LOW,0,0.00,4590.00,78.36,FALSE,M1_DIRECTION_MISMATCH|OPENING_SHIELD_ACTIVE_9s
2026-09-07 15:33:09.695,1788795189.695,7252,20,379,4414.34,4414.42,8.0,PASS_<=10c,+0.0,FLAT,+0.0,+0.0,4.2,+0.00,0.00,SLOW,4414.34,4414.34,4414.34,4414.34,0.00,0.00,0.0,BULLISH,0.0,4414.34,4414.34,4414.34,4414.34,9,ACTIVE_9s,1.0,0.0,0.0,0.0,0.0,0.0,0.0,PASS_<20%,0.00,0.0,NO,STANDBY_VEL_LOW,0,0.00,4590.00,78.36,FALSE,M1_DIRECTION_MISMATCH|OPENING_SHIELD_ACTIVE_9s
2026-09-07 15:33:10.196,1788795190.197,7253,21,380,4414.34,4414.42,8.0,PASS_<=10c,+0.0,FLAT,+0.0,+0.0,4.2,+0.00,0.00,SLOW,4414.34,4414.34,4414.34,4414.34,0.00,0.00,0.0,BULLISH,0.0,4414.34,4414.34,4414.34,4414.34,10,ACTIVE_10s,1.0,0.0,0.0,0.0,0.0,0.0,0.0,PASS_<20%,0.00,0.0,NO,STANDBY_VEL_LOW,0,0.00,4590.00,78.36,FALSE,M1_DIRECTION_MISMATCH|OPENING_SHIELD_ACTIVE_10s
2026-09-07 15:33:10.698,1788795190.699,7254,22,381,4414.34,4414.42,8.0,PASS_<=10c,+0.0,FLAT,+0.0,+0.0,4.2,+0.00,0.00,SLOW,4414.34,4414.34,4414.34,4414.34,0.00,0.00,0.0,BULLISH,0.0,4414.34,4414.34,4414.34,4414.34,10,ACTIVE_10s,1.0,0.0,0.0,0.0,0.0,0.0,0.0,PASS_<20%,0.00,0.0,NO,STANDBY_VEL_LOW,0,0.00,4590.00,78.36,FALSE,M1_DIRECTION_MISMATCH|OPENING_SHIELD_ACTIVE_10s
2026-09-07 15:33:11.200,1788795191.201,7255,23,382,4414.34,4414.42,8.0,PASS_<=10c,+0.0,FLAT,+0.0,+0.0,4.2,+0.00,0.00,SLOW,4414.34,4414.34,4414.34,4414.34,0.00,0.00,0.0,BULLISH,0.0,4414.34,4414.34,4414.34,4414.34,11,ACTIVE_11s,1.0,0.0,0.0,0.0,0.0,0.0,0.0,PASS_<20%,0.00,0.0,NO,STANDBY_VEL_LOW,0,0.00,4590.00,78.36,FALSE,M1_DIRECTION_MISMATCH|OPENING_SHIELD_ACTIVE_11s
2026-09-07 15:33:11.700,1788795191.700,7256,24,383,4414.34,4414.42,8.0,PASS_<=10c,+0.0,FLAT,+0.0,+0.0,4.2,+0.00,0.00,SLOW,4414.34,4414.34,4414.34,4414.34,0.00,0.00,0.0,BULLISH,0.0,4414.34,4414.34,4414.34,4414.34,11,ACTIVE_11s,1.0,0.0,0.0,0.0,0.0,0.0,0.0,PASS_<20%,0.00,0.0,NO,STANDBY_VEL_LOW,0,0.00,4590.00,78.36,FALSE,M1_DIRECTION_MISMATCH|OPENING_SHIELD_ACTIVE_11s
2026-09-07 15:33:12.202,1788795192.203,7257,25,384,4414.34,4414.42,8.0,PASS_<=10c,+0.0,FLAT,+0.0,+0.0,4.2,+0.00,0.00,SLOW,4414.34,4414.34,4414.34,4414.34,0.00,0.00,0.0,BULLISH,0.0,4414.34,4414.34,4414.34,4414.34,12,ACTIVE_12s,1.0,0.0,0.0,0.0,0.0,0.0,0.0,PASS_<20%,0.00,0.0,NO,STANDBY_VEL_LOW,0,0.00,4590.00,78.36,FALSE,M1_DIRECTION_MISMATCH|OPENING_SHIELD_ACTIVE_12s
2026-09-07 15:33:12.704,1788795192.704,7258,26,385,4414.34,4414.42,8.0,PASS_<=10c,+0.0,FLAT,+0.0,+0.0,4.2,+0.00,0.00,SLOW,4414.34,4414.34,4414.34,4414.34,0.00,0.00,0.0,BULLISH,0.0,4414.34,4414.34,4414.34,4414.34,12,ACTIVE_12s,1.0,0.0,0.0,0.0,0.0,0.0,0.0,PASS_<20%,0.00,0.0,NO,STANDBY_VEL_LOW,0,0.00,4590.00,78.36,FALSE,M1_DIRECTION_MISMATCH|OPENING_SHIELD_ACTIVE_12s
2026-09-07 15:33:13.206,1788795193.206,7259,27,386,4414.34,4414.42,8.0,PASS_<=10c,+0.0,FLAT,+0.0,+0.0,4.2,+0.00,0.00,SLOW,4414.34,4414.34,4414.34,4414.34,0.00,0.00,0.0,BULLISH,0.0,4414.34,4414.34,4414.34,4414.34,13,ACTIVE_13s,1.0,0.0,0.0,0.0,0.0,0.0,0.0,PASS_<20%,0.00,0.0,NO,STANDBY_VEL_LOW,0,0.00,4590.00,78.36,FALSE,M1_DIRECTION_MISMATCH|OPENING_SHIELD_ACTIVE_13s
2026-09-07 15:33:13.708,1788795193.708,7260,28,387,4414.34,4414.42,8.0,PASS_<=10c,+0.0,FLAT,+0.0,+0.0,4.2,+0.00,0.00,SLOW,4414.34,4414.34,4414.34,4414.34,0.00,0.00,0.0,BULLISH,0.0,4414.34,4414.34,4414.34,4414.34,13,ACTIVE_13s,1.0,0.0,0.0,0.0,0.0,0.0,0.0,PASS_<20%,0.00,0.0,NO,STANDBY_VEL_LOW,0,0.00,4590.00,78.36,FALSE,M1_DIRECTION_MISMATCH|OPENING_SHIELD_ACTIVE_13s
2026-09-07 15:33:14.210,1788795194.210,7261,29,388,4414.34,4414.42,8.0,PASS_<=10c,+0.0,FLAT,+0.0,+0.0,4.2,+0.00,0.00,SLOW,4414.34,4414.34,4414.34,4414.34,0.00,0.00,0.0,BULLISH,0.0,4414.34,4414.34,4414.34,4414.34,14,ACTIVE_14s,1.0,0.0,0.0,0.0,0.0,0.0,0.0,PASS_<20%,0.00,0.0,NO,STANDBY_VEL_LOW,0,0.00,4590.00,78.36,FALSE,M1_DIRECTION_MISMATCH|OPENING_SHIELD_ACTIVE_14s
2026-09-07 15:33:14.712,1788795194.713,7262,30,389,4414.34,4414.42,8.0,PASS_<=10c,+0.0,FLAT,+0.0,+0.0,4.2,+0.00,0.00,SLOW,4414.34,4414.34,4414.34,4414.34,0.00,0.00,0.0,BULLISH,0.0,4414.34,4414.34,4414.34,4414.34,14,ACTIVE_14s,1.0,0.0,0.0,0.0,0.0,0.0,0.0,PASS_<20%,0.00,0.0,NO,STANDBY_VEL_LOW,0,0.00,4590.00,78.36,FALSE,M1_DIRECTION_MISMATCH|OPENING_SHIELD_ACTIVE_14s
2026-09-07 15:33:15.214,1788795195.214,7263,31,390,4414.34,4414.42,8.0,PASS_<=10c,+0.0,FLAT,+0.0,+0.0,4.2,+0.00,0.00,SLOW,4414.34,4414.34,4414.34,4414.34,0.00,0.00,0.0,BULLISH,0.0,4414.34,4414.34,4414.34,4414.34,15,ACTIVE_15s,1.0,0.0,0.0,0.0,0.0,0.0,0.0,PASS_<20%,0.00,0.0,NO,STANDBY_VEL_LOW,0,0.00,4590.00,78.36,FALSE,M1_DIRECTION_MISMATCH|OPENING_SHIELD_ACTIVE_15s
2026-09-07 15:33:15.716,1788795195.716,7264,32,391,4414.34,4414.42,8.0,PASS_<=10c,+0.0,FLAT,+0.0,+0.0,4.2,+0.00,0.00,SLOW,4414.34,4414.34,4414.34,4414.34,0.00,0.00,0.0,BULLISH,0.0,4414.34,4414.34,4414.34,4414.34,15,ACTIVE_15s,1.0,0.0,0.0,0.0,0.0,0.0,0.0,PASS_<20%,0.00,0.0,NO,STANDBY_VEL_LOW,0,0.00,4590.00,78.36,FALSE,M1_DIRECTION_MISMATCH|OPENING_SHIELD_ACTIVE_15s
2026-09-07 15:33:16.218,1788795196.218,7265,33,392,4414.34,4414.42,8.0,PASS_<=10c,+0.0,FLAT,+0.0,+0.0,4.2,+0.00,0.00,SLOW,4414.34,4414.34,4414.34,4414.34,0.00,0.00,0.0,BULLISH,0.0,4414.34,4414.34,4414.34,4414.34,16,ACTIVE_16s,1.0,0.0,0.0,0.0,0.0,0.0,0.0,PASS_<20%,0.00,0.0,NO,STANDBY_VEL_LOW,0,0.00,4590.00,78.36,FALSE,M1_DIRECTION_MISMATCH|OPENING_SHIELD_ACTIVE_16s
2026-09-07 15:33:16.720,1788795196.721,7266,34,393,4414.34,4414.42,8.0,PASS_<=10c,+0.0,FLAT,+0.0,+0.0,4.2,+0.00,0.00,SLOW,4414.34,4414.34,4414.34,4414.34,0.00,0.00,0.0,BULLISH,0.0,4414.34,4414.34,4414.34,4414.34,16,ACTIVE_16s,1.0,0.0,0.0,0.0,0.0,0.0,0.0,PASS_<20%,0.00,0.0,NO,STANDBY_VEL_LOW,0,0.00,4590.00,78.36,FALSE,M1_DIRECTION_MISMATCH|OPENING_SHIELD_ACTIVE_16s
2026-09-07 15:33:17.221,1788795197.222,7267,35,394,4414.34,4414.42,8.0,PASS_<=10c,+0.0,FLAT,+0.0,+0.0,4.2,+0.00,0.00,SLOW,4414.34,4414.34,4414.34,4414.34,0.00,0.00,0.0,BULLISH,0.0,4414.34,4414.34,4414.34,4414.34,17,ACTIVE_17s,1.0,0.0,0.0,0.0,0.0,0.0,0.0,PASS_<20%,0.00,0.0,NO,STANDBY_VEL_LOW,0,0.00,4590.00,78.36,FALSE,M1_DIRECTION_MISMATCH|OPENING_SHIELD_ACTIVE_17s
2026-09-07 15:33:17.723,1788795197.723,7268,36,395,4414.34,4414.42,8.0,PASS_<=10c,+0.0,FLAT,+0.0,+0.0,4.2,+0.00,0.00,SLOW,4414.34,4414.34,4414.34,4414.34,0.00,0.00,0.0,BULLISH,0.0,4414.34,4414.34,4414.34,4414.34,17,ACTIVE_17s,1.0,0.0,0.0,0.0,0.0,0.0,0.0,PASS_<20%,0.00,0.0,NO,STANDBY_VEL_LOW,0,0.00,4590.00,78.36,FALSE,M1_DIRECTION_MISMATCH|OPENING_SHIELD_ACTIVE_17s
2026-09-07 15:33:18.225,1788795198.225,7269,37,396,4414.34,4414.42,8.0,PASS_<=10c,+0.0,FLAT,+0.0,+0.0,4.2,+0.00,0.00,SLOW,4414.34,4414.34,4414.34,4414.34,0.00,0.00,0.0,BULLISH,0.0,4414.34,4414.34,4414.34,4414.34,18,ACTIVE_18s,1.0,0.0,0.0,0.0,0.0,0.0,0.0,PASS_<20%,0.00,0.0,NO,STANDBY_VEL_LOW,0,0.00,4590.00,78.36,FALSE,M1_DIRECTION_MISMATCH|OPENING_SHIELD_ACTIVE_18s
2026-09-07 15:33:18.726,1788795198.727,7270,38,397,4414.34,4414.42,8.0,PASS_<=10c,+0.0,FLAT,+0.0,+0.0,4.2,+0.00,0.00,SLOW,4414.34,4414.34,4414.34,4414.34,0.00,0.00,0.0,BULLISH,0.0,4414.34,4414.34,4414.34,4414.34,18,ACTIVE_18s,1.0,0.0,0.0,0.0,0.0,0.0,0.0,PASS_<20%,0.00,0.0,NO,STANDBY_VEL_LOW,0,0.00,4590.00,78.36,FALSE,M1_DIRECTION_MISMATCH|OPENING_SHIELD_ACTIVE_18s
2026-09-07 15:33:19.228,1788795199.228,7271,39,398,4414.34,4414.42,8.0,PASS_<=10c,+0.0,FLAT,+0.0,+0.0,4.2,+0.00,0.00,SLOW,4414.34,4414.34,4414.34,4414.34,0.00,0.00,0.0,BULLISH,0.0,4414.34,4414.34,4414.34,4414.34,19,ACTIVE_19s,1.0,0.0,0.0,0.0,0.0,0.0,0.0,PASS_<20%,0.00,0.0,NO,STANDBY_VEL_LOW,0,0.00,4590.00,78.36,FALSE,M1_DIRECTION_MISMATCH|OPENING_SHIELD_ACTIVE_19s
2026-09-07 15:33:19.729,1788795199.729,7272,40,399,4414.34,4414.42,8.0,PASS_<=10c,+0.0,FLAT,+0.0,+0.0,4.2,+0.00,0.00,SLOW,4414.34,4414.34,4414.34,4414.34,0.00,0.00,0.0,BULLISH,0.0,4414.34,4414.34,4414.34,4414.34,19,ACTIVE_19s,1.0,0.0,0.0,0.0,0.0,0.0,0.0,PASS_<20%,0.00,0.0,NO,STANDBY_VEL_LOW,0,0.00,4590.00,78.36,FALSE,M1_DIRECTION_MISMATCH|OPENING_SHIELD_ACTIVE_19s
2026-09-07 15:33:20.231,1788795200.232,7273,41,400,4414.34,4414.42,8.0,PASS_<=10c,+0.0,FLAT,+0.0,+0.0,4.2,+0.00,0.00,SLOW,4414.34,4414.34,4414.34,4414.34,0.00,0.00,0.0,BULLISH,0.0,4414.34,4414.34,4414.34,4414.34,20,CLEARED_>=20s,1.0,0.0,0.0,0.0,0.0,0.0,0.0,PASS_<20%,0.00,0.0,NO,STANDBY_VEL_LOW,0,0.00,4590.00,78.36,FALSE,M1_DIRECTION_MISMATCH
2026-09-07 15:33:20.733,1788795200.733,7274,42,401,4414.34,4414.42,8.0,PASS_<=10c,+0.0,FLAT,+0.0,+0.0,4.2,+0.00,0.00,SLOW,4414.34,4414.34,4414.34,4414.34,0.00,0.00,0.0,BULLISH,0.0,4414.34,4414.34,4414.34,4414.34,20,CLEARED_>=20s,1.0,0.0,0.0,0.0,0.0,0.0,0.0,PASS_<20%,0.00,0.0,NO,STANDBY_VEL_LOW,0,0.00,4590.00,78.36,FALSE,M1_DIRECTION_MISMATCH
2026-09-07 15:33:21.234,1788795201.235,7275,43,402,4414.34,4414.42,8.0,PASS_<=10c,+0.0,FLAT,+0.0,+0.0,4.2,+0.00,0.00,SLOW,4414.34,4414.34,4414.34,4414.34,0.00,0.00,0.0,BULLISH,0.0,4414.34,4414.34,4414.34,4414.34,21,CLEARED_>=20s,1.0,0.0,0.0,0.0,0.0,0.0,0.0,PASS_<20%,0.00,0.0,NO,STANDBY_VEL_LOW,0,0.00,4590.00,78.36,FALSE,M1_DIRECTION_MISMATCH
2026-09-07 15:33:21.735,1788795201.736,7276,44,403,4414.34,4414.42,8.0,PASS_<=10c,+0.0,FLAT,+0.0,+0.0,4.2,+0.00,0.00,SLOW,4414.34,4414.34,4414.34,4414.34,0.00,0.00,0.0,BULLISH,0.0,4414.34,4414.34,4414.34,4414.34,21,CLEARED_>=20s,1.0,0.0,0.0,0.0,0.0,0.0,0.0,PASS_<20%,0.00,0.0,NO,STANDBY_VEL_LOW,0,0.00,4590.00,78.36,FALSE,M1_DIRECTION_MISMATCH
2026-09-07 15:33:22.238,1788795202.238,7277,45,404,4414.34,4414.42,8.0,PASS_<=10c,+0.0,FLAT,+0.0,+0.0,4.2,+0.00,0.00,SLOW,4414.34,4414.34,4414.34,4414.34,0.00,0.00,0.0,BULLISH,0.0,4414.34,4414.34,4414.34,4414.34,22,CLEARED_>=20s,1.0,0.0,0.0,0.0,0.0,0.0,0.0,PASS_<20%,0.00,0.0,NO,STANDBY_VEL_LOW,0,0.00,4590.00,78.36,FALSE,M1_DIRECTION_MISMATCH
2026-09-07 15:33:22.740,1788795202.741,7278,46,405,4414.34,4414.42,8.0,PASS_<=10c,+0.0,FLAT,+0.0,+0.0,4.2,+0.00,0.00,SLOW,4414.34,4414.34,4414.34,4414.34,0.00,0.00,0.0,BULLISH,0.0,4414.34,4414.34,4414.34,4414.34,22,CLEARED_>=20s,1.0,0.0,0.0,0.0,0.0,0.0,0.0,PASS_<20%,0.00,0.0,NO,STANDBY_VEL_LOW,0,0.00,4590.00,78.36,FALSE,M1_DIRECTION_MISMATCH
2026-09-07 15:33:23.242,1788795203.243,7279,47,406,4414.34,4414.42,8.0,PASS_<=10c,+0.0,FLAT,+0.0,+0.0,4.2,+0.00,0.00,SLOW,4414.34,4414.34,4414.34,4414.34,0.00,0.00,0.0,BULLISH,0.0,4414.34,4414.34,4414.34,4414.34,23,CLEARED_>=20s,1.0,0.0,0.0,0.0,0.0,0.0,0.0,PASS_<20%,0.00,0.0,NO,STANDBY_VEL_LOW,0,0.00,4590.00,78.36,FALSE,M1_DIRECTION_MISMATCH
2026-09-07 15:33:23.744,1788795203.744,7280,48,407,4414.34,4414.42,8.0,PASS_<=10c,+0.0,FLAT,+0.0,+0.0,4.2,+0.00,0.00,SLOW,4414.34,4414.34,4414.34,4414.34,0.00,0.00,0.0,BULLISH,0.0,4414.34,4414.34,4414.34,4414.34,23,CLEARED_>=20s,1.0,0.0,0.0,0.0,0.0,0.0,0.0,PASS_<20%,0.00,0.0,NO,STANDBY_VEL_LOW,0,0.00,4590.00,78.36,FALSE,M1_DIRECTION_MISMATCH
2026-09-07 15:33:24.246,1788795204.246,7281,49,408,4414.34,4414.42,8.0,PASS_<=10c,+0.0,FLAT,+0.0,+0.0,4.2,+0.00,0.00,SLOW,4414.34,4414.34,4414.34,4414.34,0.00,0.00,0.0,BULLISH,0.0,4414.34,4414.34,4414.34,4414.34,24,CLEARED_>=20s,1.0,0.0,0.0,0.0,0.0,0.0,0.0,PASS_<20%,0.00,0.0,NO,STANDBY_VEL_LOW,0,0.00,4590.00,78.36,FALSE,M1_DIRECTION_MISMATCH
2026-09-07 15:33:24.748,1788795204.748,7282,50,409,4414.34,4414.42,8.0,PASS_<=10c,+0.0,FLAT,+0.0,+0.0,4.2,+0.00,0.00,SLOW,4414.34,4414.34,4414.34,4414.34,0.00,0.00,0.0,BULLISH,0.0,4414.34,4414.34,4414.34,4414.34,24,CLEARED_>=20s,1.0,0.0,0.0,0.0,0.0,0.0,0.0,PASS_<20%,0.00,0.0,NO,STANDBY_VEL_LOW,0,0.00,4590.00,78.36,FALSE,M1_DIRECTION_MISMATCH
2026-09-07 15:33:25.249,1788795205.250,7283,51,410,4414.34,4414.42,8.0,PASS_<=10c,+0.0,FLAT,+0.0,+0.0,4.2,+0.00,0.00,SLOW,4414.34,4414.34,4414.34,4414.34,0.00,0.00,0.0,BULLISH,0.0,4414.34,4414.34,4414.34,4414.34,25,CLEARED_>=20s,1.0,0.0,0.0,0.0,0.0,0.0,0.0,PASS_<20%,0.00,0.0,NO,STANDBY_VEL_LOW,0,0.00,4590.00,78.36,FALSE,M1_DIRECTION_MISMATCH
2026-09-07 15:33:25.750,1788795205.751,7284,52,411,4414.34,4414.42,8.0,PASS_<=10c,+0.0,FLAT,+0.0,+0.0,4.2,+0.00,0.00,SLOW,4414.34,4414.34,4414.34,4414.34,0.00,0.00,0.0,BULLISH,0.0,4414.34,4414.34,4414.34,4414.34,25,CLEARED_>=20s,1.0,0.0,0.0,0.0,0.0,0.0,0.0,PASS_<20%,0.00,0.0,NO,STANDBY_VEL_LOW,0,0.00,4590.00,78.36,FALSE,M1_DIRECTION_MISMATCH
2026-09-07 15:33:26.253,1788795206.254,7285,53,412,4414.34,4414.42,8.0,PASS_<=10c,+0.0,FLAT,+0.0,+0.0,4.2,+0.00,0.00,SLOW,4414.34,4414.34,4414.34,4414.34,0.00,0.00,0.0,BULLISH,0.0,4414.34,4414.34,4414.34,4414.34,26,CLEARED_>=20s,1.0,0.0,0.0,0.0,0.0,0.0,0.0,PASS_<20%,0.00,0.0,NO,STANDBY_VEL_LOW,0,0.00,4590.00,78.36,FALSE,M1_DIRECTION_MISMATCH
2026-09-07 15:33:26.753,1788795206.754,7286,54,413,4414.34,4414.42,8.0,PASS_<=10c,+0.0,FLAT,+0.0,+0.0,4.2,+0.00,0.00,SLOW,4414.34,4414.34,4414.34,4414.34,0.00,0.00,0.0,BULLISH,0.0,4414.34,4414.34,4414.34,4414.34,26,CLEARED_>=20s,1.0,0.0,0.0,0.0,0.0,0.0,0.0,PASS_<20%,0.00,0.0,NO,STANDBY_VEL_LOW,0,0.00,4590.00,78.36,FALSE,M1_DIRECTION_MISMATCH
2026-09-07 15:33:27.256,1788795207.256,7287,55,414,4414.34,4414.42,8.0,PASS_<=10c,+0.0,FLAT,+0.0,+0.0,4.2,+0.00,0.00,SLOW,4414.34,4414.34,4414.34,4414.34,0.00,0.00,0.0,BULLISH,0.0,4414.34,4414.34,4414.34,4414.34,27,CLEARED_>=20s,1.0,0.0,0.0,0.0,0.0,0.0,0.0,PASS_<20%,0.00,0.0,NO,STANDBY_VEL_LOW,0,0.00,4590.00,78.36,FALSE,M1_DIRECTION_MISMATCH
2026-09-07 15:33:27.758,1788795207.758,7288,56,415,4414.34,4414.42,8.0,PASS_<=10c,+0.0,FLAT,+0.0,+0.0,4.2,+0.00,0.00,SLOW,4414.34,4414.34,4414.34,4414.34,0.00,0.00,0.0,BULLISH,0.0,4414.34,4414.34,4414.34,4414.34,27,CLEARED_>=20s,1.0,0.0,0.0,0.0,0.0,0.0,0.0,PASS_<20%,0.00,0.0,NO,STANDBY_VEL_LOW,0,0.00,4590.00,78.36,FALSE,M1_DIRECTION_MISMATCH
2026-09-07 15:33:28.260,1788795208.261,7289,57,416,4414.34,4414.42,8.0,PASS_<=10c,+0.0,FLAT,+0.0,+0.0,4.2,+0.00,0.00,SLOW,4414.34,4414.34,4414.34,4414.34,0.00,0.00,0.0,BULLISH,0.0,4414.34,4414.34,4414.34,4414.34,28,CLEARED_>=20s,1.0,0.0,0.0,0.0,0.0,0.0,0.0,PASS_<20%,0.00,0.0,NO,STANDBY_VEL_LOW,0,0.00,4590.00,78.36,FALSE,M1_DIRECTION_MISMATCH
2026-09-07 15:33:28.762,1788795208.763,7290,58,417,4414.34,4414.42,8.0,PASS_<=10c,+0.0,FLAT,+0.0,+0.0,4.2,+0.00,0.00,SLOW,4414.34,4414.34,4414.34,4414.34,0.00,0.00,0.0,BULLISH,0.0,4414.34,4414.34,4414.34,4414.34,28,CLEARED_>=20s,1.0,0.0,0.0,0.0,0.0,0.0,0.0,PASS_<20%,0.00,0.0,NO,STANDBY_VEL_LOW,0,0.00,4590.00,78.36,FALSE,M1_DIRECTION_MISMATCH
2026-09-07 15:33:29.264,1788795209.265,7291,59,418,4414.34,4414.42,8.0,PASS_<=10c,+0.0,FLAT,+0.0,+0.0,4.2,+0.00,0.00,SLOW,4414.34,4414.34,4414.34,4414.34,0.00,0.00,0.0,BULLISH,0.0,4414.34,4414.34,4414.34,4414.34,29,CLEARED_>=20s,1.0,0.0,0.0,0.0,0.0,0.0,0.0,PASS_<20%,0.00,0.0,NO,STANDBY_VEL_LOW,0,0.00,4590.00,78.36,FALSE,M1_DIRECTION_MISMATCH
2026-09-07 15:33:29.765,1788795209.766,7292,60,419,4414.34,4414.42,8.0,PASS_<=10c,+0.0,FLAT,+0.0,+0.0,4.2,+0.00,0.00,SLOW,4414.34,4414.34,4414.34,4414.34,0.00,0.00,0.0,BULLISH,0.0,4414.34,4414.34,4414.34,4414.34,29,CLEARED_>=20s,1.0,0.0,0.0,0.0,0.0,0.0,0.0,PASS_<20%,0.00,0.0,NO,STANDBY_VEL_LOW,0,0.00,4590.00,78.36,FALSE,M1_DIRECTION_MISMATCH
2026-09-07 15:33:30.267,1788795210.268,7293,61,420,4414.34,4414.42,8.0,PASS_<=10c,+0.0,FLAT,+0.0,+0.0,4.2,+0.00,0.00,SLOW,4414.34,4414.34,4414.34,4414.34,0.00,0.00,0.0,BULLISH,0.0,4414.34,4414.34,4414.34,4414.34,30,CLEARED_>=20s,1.0,0.0,0.0,0.0,0.0,0.0,0.0,PASS_<20%,0.00,0.0,NO,STANDBY_VEL_LOW,0,0.00,4590.00,78.36,FALSE,M1_DIRECTION_MISMATCH
2026-09-07 15:33:30.769,1788795210.770,7294,62,421,4414.34,4414.42,8.0,PASS_<=10c,+0.0,FLAT,+0.0,+0.0,4.2,+0.00,0.00,SLOW,4414.34,4414.34,4414.34,4414.34,0.00,0.00,0.0,BULLISH,0.0,4414.34,4414.34,4414.34,4414.34,30,CLEARED_>=20s,1.0,0.0,0.0,0.0,0.0,0.0,0.0,PASS_<20%,0.00,0.0,NO,STANDBY_VEL_LOW,0,0.00,4590.00,78.36,FALSE,M1_DIRECTION_MISMATCH
2026-09-07 15:33:31.270,1788795211.271,7295,63,422,4414.34,4414.42,8.0,PASS_<=10c,+0.0,FLAT,+0.0,+0.0,4.2,+0.00,0.00,SLOW,4414.34,4414.34,4414.34,4414.34,0.00,0.00,0.0,BULLISH,0.0,4414.34,4414.34,4414.34,4414.34,31,CLEARED_>=20s,1.0,0.0,0.0,0.0,0.0,0.0,0.0,PASS_<20%,0.00,0.0,NO,STANDBY_VEL_LOW,0,0.00,4590.00,78.36,FALSE,M1_DIRECTION_MISMATCH
2026-09-07 15:33:31.773,1788795211.773,7296,64,423,4414.34,4414.42,8.0,PASS_<=10c,+0.0,FLAT,+0.0,+0.0,4.2,+0.00,0.00,SLOW,4414.34,4414.34,4414.34,4414.34,0.00,0.00,0.0,BULLISH,0.0,4414.34,4414.34,4414.34,4414.34,31,CLEARED_>=20s,1.0,0.0,0.0,0.0,0.0,0.0,0.0,PASS_<20%,0.00,0.0,NO,STANDBY_VEL_LOW,0,0.00,4590.00,78.36,FALSE,M1_DIRECTION_MISMATCH
2026-09-07 15:33:32.274,1788795212.274,7297,65,424,4414.34,4414.42,8.0,PASS_<=10c,+0.0,FLAT,+0.0,+0.0,4.2,+0.00,0.00,SLOW,4414.34,4414.34,4414.34,4414.34,0.00,0.00,0.0,BULLISH,0.0,4414.34,4414.34,4414.34,4414.34,32,CLEARED_>=20s,1.0,0.0,0.0,0.0,0.0,0.0,0.0,PASS_<20%,0.00,0.0,NO,STANDBY_VEL_LOW,0,0.00,4590.00,78.36,FALSE,M1_DIRECTION_MISMATCH
2026-09-07 15:33:32.776,1788795212.776,7298,66,425,4414.34,4414.42,8.0,PASS_<=10c,+0.0,FLAT,+0.0,+0.0,4.2,+0.00,0.00,SLOW,4414.34,4414.34,4414.34,4414.34,0.00,0.00,0.0,BULLISH,0.0,4414.34,4414.34,4414.34,4414.34,32,CLEARED_>=20s,1.0,0.0,0.0,0.0,0.0,0.0,0.0,PASS_<20%,0.00,0.0,NO,STANDBY_VEL_LOW,0,0.00,4590.00,78.36,FALSE,M1_DIRECTION_MISMATCH
2026-09-07 15:33:33.278,1788795213.279,7299,67,426,4414.34,4414.42,8.0,PASS_<=10c,+0.0,FLAT,+0.0,+0.0,4.2,+0.00,0.00,SLOW,4414.34,4414.34,4414.34,4414.34,0.00,0.00,0.0,BULLISH,0.0,4414.34,4414.34,4414.34,4414.34,33,CLEARED_>=20s,1.0,0.0,0.0,0.0,0.0,0.0,0.0,PASS_<20%,0.00,0.0,NO,STANDBY_VEL_LOW,0,0.00,4590.00,78.36,FALSE,M1_DIRECTION_MISMATCH
2026-09-07 15:33:33.780,1788795213.781,7300,68,427,4414.34,4414.42,8.0,PASS_<=10c,+0.0,FLAT,+0.0,+0.0,4.2,+0.00,0.00,SLOW,4414.34,4414.34,4414.34,4414.34,0.00,0.00,0.0,BULLISH,0.0,4414.34,4414.34,4414.34,4414.34,33,CLEARED_>=20s,1.0,0.0,0.0,0.0,0.0,0.0,0.0,PASS_<20%,0.00,0.0,NO,STANDBY_VEL_LOW,0,0.00,4590.00,78.36,FALSE,M1_DIRECTION_MISMATCH
2026-09-07 15:33:34.282,1788795214.283,7301,69,428,4414.34,4414.42,8.0,PASS_<=10c,+0.0,FLAT,+0.0,+0.0,4.2,+0.00,0.00,SLOW,4414.34,4414.34,4414.34,4414.34,0.00,0.00,0.0,BULLISH,0.0,4414.34,4414.34,4414.34,4414.34,34,CLEARED_>=20s,1.0,0.0,0.0,0.0,0.0,0.0,0.0,PASS_<20%,0.00,0.0,NO,STANDBY_VEL_LOW,0,0.00,4590.00,78.36,FALSE,M1_DIRECTION_MISMATCH
2026-09-07 15:33:34.784,1788795214.785,7302,70,429,4414.34,4414.42,8.0,PASS_<=10c,+0.0,FLAT,+0.0,+0.0,4.2,+0.00,0.00,SLOW,4414.34,4414.34,4414.34,4414.34,0.00,0.00,0.0,BULLISH,0.0,4414.34,4414.34,4414.34,4414.34,34,CLEARED_>=20s,1.0,0.0,0.0,0.0,0.0,0.0,0.0,PASS_<20%,0.00,0.0,NO,STANDBY_VEL_LOW,0,0.00,4590.00,78.36,FALSE,M1_DIRECTION_MISMATCH
2026-09-07 15:33:35.286,1788795215.287,7303,71,430,4414.34,4414.42,8.0,PASS_<=10c,+0.0,FLAT,+0.0,+0.0,4.2,+0.00,0.00,SLOW,4414.34,4414.34,4414.34,4414.34,0.00,0.00,0.0,BULLISH,0.0,4414.34,4414.34,4414.34,4414.34,35,CLEARED_>=20s,1.0,0.0,0.0,0.0,0.0,0.0,0.0,PASS_<20%,0.00,0.0,NO,STANDBY_VEL_LOW,0,0.00,4590.00,78.36,FALSE,M1_DIRECTION_MISMATCH
2026-09-07 15:33:35.788,1788795215.789,7304,72,431,4414.34,4414.42,8.0,PASS_<=10c,+0.0,FLAT,+0.0,+0.0,4.2,+0.00,0.00,SLOW,4414.34,4414.34,4414.34,4414.34,0.00,0.00,0.0,BULLISH,0.0,4414.34,4414.34,4414.34,4414.34,35,CLEARED_>=20s,1.0,0.0,0.0,0.0,0.0,0.0,0.0,PASS_<20%,0.00,0.0,NO,STANDBY_VEL_LOW,0,0.00,4590.00,78.36,FALSE,M1_DIRECTION_MISMATCH
2026-09-07 15:33:36.291,1788795216.291,7305,73,432,4414.34,4414.42,8.0,PASS_<=10c,+0.0,FLAT,+0.0,+0.0,4.2,+0.00,0.00,SLOW,4414.34,4414.34,4414.34,4414.34,0.00,0.00,0.0,BULLISH,0.0,4414.34,4414.34,4414.34,4414.34,36,CLEARED_>=20s,1.0,0.0,0.0,0.0,0.0,0.0,0.0,PASS_<20%,0.00,0.0,NO,STANDBY_VEL_LOW,0,0.00,4590.00,78.36,FALSE,M1_DIRECTION_MISMATCH
2026-09-07 15:33:36.793,1788795216.793,7306,74,433,4414.34,4414.42,8.0,PASS_<=10c,+0.0,FLAT,+0.0,+0.0,4.2,+0.00,0.00,SLOW,4414.34,4414.34,4414.34,4414.34,0.00,0.00,0.0,BULLISH,0.0,4414.34,4414.34,4414.34,4414.34,36,CLEARED_>=20s,1.0,0.0,0.0,0.0,0.0,0.0,0.0,PASS_<20%,0.00,0.0,NO,STANDBY_VEL_LOW,0,0.00,4590.00,78.36,FALSE,M1_DIRECTION_MISMATCH
2026-09-07 15:33:37.295,1788795217.296,7307,75,434,4414.34,4414.42,8.0,PASS_<=10c,+0.0,FLAT,+0.0,+0.0,4.2,+0.00,0.00,SLOW,4414.34,4414.34,4414.34,4414.34,0.00,0.00,0.0,BULLISH,0.0,4414.34,4414.34,4414.34,4414.34,37,CLEARED_>=20s,1.0,0.0,0.0,0.0,0.0,0.0,0.0,PASS_<20%,0.00,0.0,NO,STANDBY_VEL_LOW,0,0.00,4590.00,78.36,FALSE,M1_DIRECTION_MISMATCH
2026-09-07 15:33:37.796,1788795217.797,7308,76,435,4414.34,4414.42,8.0,PASS_<=10c,+0.0,FLAT,+0.0,+0.0,4.2,+0.00,0.00,SLOW,4414.34,4414.34,4414.34,4414.34,0.00,0.00,0.0,BULLISH,0.0,4414.34,4414.34,4414.34,4414.34,37,CLEARED_>=20s,1.0,0.0,0.0,0.0,0.0,0.0,0.0,PASS_<20%,0.00,0.0,NO,STANDBY_VEL_LOW,0,0.00,4590.00,78.36,FALSE,M1_DIRECTION_MISMATCH
2026-09-07 15:33:38.298,1788795218.299,7309,77,436,4414.34,4414.42,8.0,PASS_<=10c,+0.0,FLAT,+0.0,+0.0,4.2,+0.00,0.00,SLOW,4414.34,4414.34,4414.34,4414.34,0.00,0.00,0.0,BULLISH,0.0,4414.34,4414.34,4414.34,4414.34,38,CLEARED_>=20s,1.0,0.0,0.0,0.0,0.0,0.0,0.0,PASS_<20%,0.00,0.0,NO,STANDBY_VEL_LOW,0,0.00,4590.00,78.36,FALSE,M1_DIRECTION_MISMATCH
2026-09-07 15:33:38.800,1788795218.801,7310,78,437,4414.34,4414.42,8.0,PASS_<=10c,+0.0,FLAT,+0.0,+0.0,4.2,+0.00,0.00,SLOW,4414.34,4414.34,4414.34,4414.34,0.00,0.00,0.0,BULLISH,0.0,4414.34,4414.34,4414.34,4414.34,38,CLEARED_>=20s,1.0,0.0,0.0,0.0,0.0,0.0,0.0,PASS_<20%,0.00,0.0,NO,STANDBY_VEL_LOW,0,0.00,4590.00,78.36,FALSE,M1_DIRECTION_MISMATCH
2026-09-07 15:33:39.302,1788795219.303,7311,79,438,4414.34,4414.42,8.0,PASS_<=10c,+0.0,FLAT,+0.0,+0.0,4.2,+0.00,0.00,SLOW,4414.34,4414.34,4414.34,4414.34,0.00,0.00,0.0,BULLISH,0.0,4414.34,4414.34,4414.34,4414.34,39,CLEARED_>=20s,1.0,0.0,0.0,0.0,0.0,0.0,0.0,PASS_<20%,0.00,0.0,NO,STANDBY_VEL_LOW,0,0.00,4590.00,78.36,FALSE,M1_DIRECTION_MISMATCH
2026-09-07 15:33:39.804,1788795219.805,7312,80,439,4414.34,4414.42,8.0,PASS_<=10c,+0.0,FLAT,+0.0,+0.0,4.2,+0.00,0.00,SLOW,4414.34,4414.34,4414.34,4414.34,0.00,0.00,0.0,BULLISH,0.0,4414.34,4414.34,4414.34,4414.34,39,CLEARED_>=20s,1.0,0.0,0.0,0.0,0.0,0.0,0.0,PASS_<20%,0.00,0.0,NO,STANDBY_VEL_LOW,0,0.00,4590.00,78.36,FALSE,M1_DIRECTION_MISMATCH
2026-09-07 15:33:40.306,1788795220.307,7313,81,440,4414.34,4414.42,8.0,PASS_<=10c,+0.0,FLAT,+0.0,+0.0,4.2,+0.00,0.00,SLOW,4414.34,4414.34,4414.34,4414.34,0.00,0.00,0.0,BULLISH,0.0,4414.34,4414.34,4414.34,4414.34,40,CLEARED_>=20s,1.0,0.0,0.0,0.0,0.0,0.0,0.0,PASS_<20%,0.00,0.0,NO,STANDBY_VEL_LOW,0,0.00,4590.00,78.36,FALSE,M1_DIRECTION_MISMATCH
2026-09-07 15:33:40.808,1788795220.809,7314,82,441,4414.34,4414.42,8.0,PASS_<=10c,+0.0,FLAT,+0.0,+0.0,4.2,+0.00,0.00,SLOW,4414.34,4414.34,4414.34,4414.34,0.00,0.00,0.0,BULLISH,0.0,4414.34,4414.34,4414.34,4414.34,40,CLEARED_>=20s,1.0,0.0,0.0,0.0,0.0,0.0,0.0,PASS_<20%,0.00,0.0,NO,STANDBY_VEL_LOW,0,0.00,4590.00,78.36,FALSE,M1_DIRECTION_MISMATCH
2026-09-07 15:33:41.310,1788795221.310,7315,83,442,4414.34,4414.42,8.0,PASS_<=10c,+0.0,FLAT,+0.0,+0.0,4.2,+0.00,0.00,SLOW,4414.34,4414.34,4414.34,4414.34,0.00,0.00,0.0,BULLISH,0.0,4414.34,4414.34,4414.34,4414.34,41,CLEARED_>=20s,1.0,0.0,0.0,0.0,0.0,0.0,0.0,PASS_<20%,0.00,0.0,NO,STANDBY_VEL_LOW,0,0.00,4590.00,78.36,FALSE,M1_DIRECTION_MISMATCH
2026-09-07 15:33:41.812,1788795221.812,7316,84,443,4414.34,4414.42,8.0,PASS_<=10c,+0.0,FLAT,+0.0,+0.0,4.2,+0.00,0.00,SLOW,4414.34,4414.34,4414.34,4414.34,0.00,0.00,0.0,BULLISH,0.0,4414.34,4414.34,4414.34,4414.34,41,CLEARED_>=20s,1.0,0.0,0.0,0.0,0.0,0.0,0.0,PASS_<20%,0.00,0.0,NO,STANDBY_VEL_LOW,0,0.00,4590.00,78.36,FALSE,M1_DIRECTION_MISMATCH
2026-09-07 15:33:42.313,1788795222.314,7317,85,444,4414.34,4414.42,8.0,PASS_<=10c,+0.0,FLAT,+0.0,+0.0,4.2,+0.00,0.00,SLOW,4414.34,4414.34,4414.34,4414.34,0.00,0.00,0.0,BULLISH,0.0,4414.34,4414.34,4414.34,4414.34,42,CLEARED_>=20s,1.0,0.0,0.0,0.0,0.0,0.0,0.0,PASS_<20%,0.00,0.0,NO,STANDBY_VEL_LOW,0,0.00,4590.00,78.36,FALSE,M1_DIRECTION_MISMATCH
2026-09-07 15:33:42.815,1788795222.816,7318,86,445,4414.34,4414.42,8.0,PASS_<=10c,+0.0,FLAT,+0.0,+0.0,4.2,+0.00,0.00,SLOW,4414.34,4414.34,4414.34,4414.34,0.00,0.00,0.0,BULLISH,0.0,4414.34,4414.34,4414.34,4414.34,42,CLEARED_>=20s,1.0,0.0,0.0,0.0,0.0,0.0,0.0,PASS_<20%,0.00,0.0,NO,STANDBY_VEL_LOW,0,0.00,4590.00,78.36,FALSE,M1_DIRECTION_MISMATCH
2026-09-07 15:33:43.318,1788795223.319,7319,87,446,4414.34,4414.42,8.0,PASS_<=10c,+0.0,FLAT,+0.0,+0.0,4.2,+0.00,0.00,SLOW,4414.34,4414.34,4414.34,4414.34,0.00,0.00,0.0,BULLISH,0.0,4414.34,4414.34,4414.34,4414.34,43,CLEARED_>=20s,1.0,0.0,0.0,0.0,0.0,0.0,0.0,PASS_<20%,0.00,0.0,NO,STANDBY_VEL_LOW,0,0.00,4590.00,78.36,FALSE,M1_DIRECTION_MISMATCH
2026-09-07 15:33:43.818,1788795223.819,7320,88,447,4414.34,4414.42,8.0,PASS_<=10c,+0.0,FLAT,+0.0,+0.0,4.2,+0.00,0.00,SLOW,4414.34,4414.34,4414.34,4414.34,0.00,0.00,0.0,BULLISH,0.0,4414.34,4414.34,4414.34,4414.34,43,CLEARED_>=20s,1.0,0.0,0.0,0.0,0.0,0.0,0.0,PASS_<20%,0.00,0.0,NO,STANDBY_VEL_LOW,0,0.00,4590.00,78.36,FALSE,M1_DIRECTION_MISMATCH
2026-09-07 15:33:44.320,1788795224.321,7321,89,448,4414.34,4414.42,8.0,PASS_<=10c,+0.0,FLAT,+0.0,+0.0,4.2,+0.00,0.00,SLOW,4414.34,4414.34,4414.34,4414.34,0.00,0.00,0.0,BULLISH,0.0,4414.34,4414.34,4414.34,4414.34,44,CLEARED_>=20s,1.0,0.0,0.0,0.0,0.0,0.0,0.0,PASS_<20%,0.00,0.0,NO,STANDBY_VEL_LOW,0,0.00,4590.00,78.36,FALSE,M1_DIRECTION_MISMATCH
2026-09-07 15:33:44.822,1788795224.823,7322,90,449,4414.34,4414.42,8.0,PASS_<=10c,+0.0,FLAT,+0.0,+0.0,4.2,+0.00,0.00,SLOW,4414.34,4414.34,4414.34,4414.34,0.00,0.00,0.0,BULLISH,0.0,4414.34,4414.34,4414.34,4414.34,44,CLEARED_>=20s,1.0,0.0,0.0,0.0,0.0,0.0,0.0,PASS_<20%,0.00,0.0,NO,STANDBY_VEL_LOW,0,0.00,4590.00,78.36,FALSE,M1_DIRECTION_MISMATCH
2026-09-07 15:33:45.324,1788795225.324,7323,91,450,4414.34,4414.42,8.0,PASS_<=10c,+0.0,FLAT,+0.0,+0.0,4.2,+0.00,0.00,SLOW,4414.34,4414.34,4414.34,4414.34,0.00,0.00,0.0,BULLISH,0.0,4414.34,4414.34,4414.34,4414.34,45,CLEARED_>=20s,1.0,0.0,0.0,0.0,0.0,0.0,0.0,PASS_<20%,0.00,0.0,NO,STANDBY_VEL_LOW,0,0.00,4590.00,78.36,FALSE,M1_DIRECTION_MISMATCH
2026-09-07 15:33:45.826,1788795225.826,7324,92,451,4414.34,4414.42,8.0,PASS_<=10c,+0.0,FLAT,+0.0,+0.0,4.2,+0.00,0.00,SLOW,4414.34,4414.34,4414.34,4414.34,0.00,0.00,0.0,BULLISH,0.0,4414.34,4414.34,4414.34,4414.34,45,CLEARED_>=20s,1.0,0.0,0.0,0.0,0.0,0.0,0.0,PASS_<20%,0.00,0.0,NO,STANDBY_VEL_LOW,0,0.00,4590.00,78.36,FALSE,M1_DIRECTION_MISMATCH
2026-09-07 15:33:46.327,1788795226.328,7325,93,452,4414.34,4414.42,8.0,PASS_<=10c,+0.0,FLAT,+0.0,+0.0,4.2,+0.00,0.00,SLOW,4414.34,4414.34,4414.34,4414.34,0.00,0.00,0.0,BULLISH,0.0,4414.34,4414.34,4414.34,4414.34,46,CLEARED_>=20s,1.0,0.0,0.0,0.0,0.0,0.0,0.0,PASS_<20%,0.00,0.0,NO,STANDBY_VEL_LOW,0,0.00,4590.00,78.36,FALSE,M1_DIRECTION_MISMATCH
2026-09-07 15:33:46.829,1788795226.829,7326,94,453,4414.34,4414.42,8.0,PASS_<=10c,+0.0,FLAT,+0.0,+0.0,4.2,+0.00,0.00,SLOW,4414.34,4414.34,4414.34,4414.34,0.00,0.00,0.0,BULLISH,0.0,4414.34,4414.34,4414.34,4414.34,46,CLEARED_>=20s,1.0,0.0,0.0,0.0,0.0,0.0,0.0,PASS_<20%,0.00,0.0,NO,STANDBY_VEL_LOW,0,0.00,4590.00,78.36,FALSE,M1_DIRECTION_MISMATCH
2026-09-07 15:33:47.330,1788795227.331,7327,95,454,4414.34,4414.42,8.0,PASS_<=10c,+0.0,FLAT,+0.0,+0.0,4.2,+0.00,0.00,SLOW,4414.34,4414.34,4414.34,4414.34,0.00,0.00,0.0,BULLISH,0.0,4414.34,4414.34,4414.34,4414.34,47,CLEARED_>=20s,1.0,0.0,0.0,0.0,0.0,0.0,0.0,PASS_<20%,0.00,0.0,NO,STANDBY_VEL_LOW,0,0.00,4590.00,78.36,FALSE,M1_DIRECTION_MISMATCH
2026-09-07 15:33:47.832,1788795227.833,7328,96,455,4414.34,4414.42,8.0,PASS_<=10c,+0.0,FLAT,+0.0,+0.0,4.2,+0.00,0.00,SLOW,4414.34,4414.34,4414.34,4414.34,0.00,0.00,0.0,BULLISH,0.0,4414.34,4414.34,4414.34,4414.34,47,CLEARED_>=20s,1.0,0.0,0.0,0.0,0.0,0.0,0.0,PASS_<20%,0.00,0.0,NO,STANDBY_VEL_LOW,0,0.00,4590.00,78.36,FALSE,M1_DIRECTION_MISMATCH
2026-09-07 15:33:48.334,1788795228.334,7329,97,456,4414.34,4414.42,8.0,PASS_<=10c,+0.0,FLAT,+0.0,+0.0,4.2,+0.00,0.00,SLOW,4414.34,4414.34,4414.34,4414.34,0.00,0.00,0.0,BULLISH,0.0,4414.34,4414.34,4414.34,4414.34,48,CLEARED_>=20s,1.0,0.0,0.0,0.0,0.0,0.0,0.0,PASS_<20%,0.00,0.0,NO,STANDBY_VEL_LOW,0,0.00,4590.00,78.36,FALSE,M1_DIRECTION_MISMATCH
2026-09-07 15:33:48.835,1788795228.835,7330,98,457,4414.34,4414.42,8.0,PASS_<=10c,+0.0,FLAT,+0.0,+0.0,4.2,+0.00,0.00,SLOW,4414.34,4414.34,4414.34,4414.34,0.00,0.00,0.0,BULLISH,0.0,4414.34,4414.34,4414.34,4414.34,48,CLEARED_>=20s,1.0,0.0,0.0,0.0,0.0,0.0,0.0,PASS_<20%,0.00,0.0,NO,STANDBY_VEL_LOW,0,0.00,4590.00,78.36,FALSE,M1_DIRECTION_MISMATCH
2026-09-07 15:33:49.337,1788795229.338,7331,99,458,4414.34,4414.42,8.0,PASS_<=10c,+0.0,FLAT,+0.0,+0.0,4.2,+0.00,0.00,SLOW,4414.34,4414.34,4414.34,4414.34,0.00,0.00,0.0,BULLISH,0.0,4414.34,4414.34,4414.34,4414.34,49,CLEARED_>=20s,1.0,0.0,0.0,0.0,0.0,0.0,0.0,PASS_<20%,0.00,0.0,NO,STANDBY_VEL_LOW,0,0.00,4590.00,78.36,FALSE,M1_DIRECTION_MISMATCH
2026-09-07 15:33:49.839,1788795229.840,7332,100,459,4414.34,4414.42,8.0,PASS_<=10c,+0.0,FLAT,+0.0,+0.0,4.2,+0.00,0.00,SLOW,4414.34,4414.34,4414.34,4414.34,0.00,0.00,0.0,BULLISH,0.0,4414.34,4414.34,4414.34,4414.34,49,CLEARED_>=20s,1.0,0.0,0.0,0.0,0.0,0.0,0.0,PASS_<20%,0.00,0.0,NO,STANDBY_VEL_LOW,0,0.00,4590.00,78.36,FALSE,M1_DIRECTION_MISMATCH
2026-09-07 15:33:50.341,1788795230.342,7333,101,460,4414.34,4414.42,8.0,PASS_<=10c,+0.0,FLAT,+0.0,+0.0,4.2,+0.00,0.00,SLOW,4414.34,4414.34,4414.34,4414.34,0.00,0.00,0.0,BULLISH,0.0,4414.34,4414.34,4414.34,4414.34,50,CLEARED_>=20s,1.0,0.0,0.0,0.0,0.0,0.0,0.0,PASS_<20%,0.00,0.0,NO,STANDBY_VEL_LOW,0,0.00,4590.00,78.36,FALSE,M1_DIRECTION_MISMATCH
2026-09-07 15:33:50.843,1788795230.844,7334,102,461,4414.34,4414.42,8.0,PASS_<=10c,+0.0,FLAT,+0.0,+0.0,4.2,+0.00,0.00,SLOW,4414.34,4414.34,4414.34,4414.34,0.00,0.00,0.0,BULLISH,0.0,4414.34,4414.34,4414.34,4414.34,50,CLEARED_>=20s,1.0,0.0,0.0,0.0,0.0,0.0,0.0,PASS_<20%,0.00,0.0,NO,STANDBY_VEL_LOW,0,0.00,4590.00,78.36,FALSE,M1_DIRECTION_MISMATCH
2026-09-07 15:33:51.345,1788795231.345,7335,103,462,4414.34,4414.42,8.0,PASS_<=10c,+0.0,FLAT,+0.0,+0.0,4.2,+0.00,0.00,SLOW,4414.34,4414.34,4414.34,4414.34,0.00,0.00,0.0,BULLISH,0.0,4414.34,4414.34,4414.34,4414.34,51,CLEARED_>=20s,1.0,0.0,0.0,0.0,0.0,0.0,0.0,PASS_<20%,0.00,0.0,NO,STANDBY_VEL_LOW,0,0.00,4590.00,78.36,FALSE,M1_DIRECTION_MISMATCH
2026-09-07 15:33:51.845,1788795231.846,7336,104,463,4414.34,4414.42,8.0,PASS_<=10c,+0.0,FLAT,+0.0,+0.0,4.2,+0.00,0.00,SLOW,4414.34,4414.34,4414.34,4414.34,0.00,0.00,0.0,BULLISH,0.0,4414.34,4414.34,4414.34,4414.34,51,CLEARED_>=20s,1.0,0.0,0.0,0.0,0.0,0.0,0.0,PASS_<20%,0.00,0.0,NO,STANDBY_VEL_LOW,0,0.00,4590.00,78.36,FALSE,M1_DIRECTION_MISMATCH
2026-09-07 15:33:52.347,1788795232.348,7337,105,464,4414.34,4414.42,8.0,PASS_<=10c,+0.0,FLAT,+0.0,+0.0,4.2,+0.00,0.00,SLOW,4414.34,4414.34,4414.34,4414.34,0.00,0.00,0.0,BULLISH,0.0,4414.34,4414.34,4414.34,4414.34,52,CLEARED_>=20s,1.0,0.0,0.0,0.0,0.0,0.0,0.0,PASS_<20%,0.00,0.0,NO,STANDBY_VEL_LOW,0,0.00,4590.00,78.36,FALSE,M1_DIRECTION_MISMATCH
2026-09-07 15:33:52.849,1788795232.850,7338,106,465,4414.34,4414.42,8.0,PASS_<=10c,+0.0,FLAT,+0.0,+0.0,4.2,+0.00,0.00,SLOW,4414.34,4414.34,4414.34,4414.34,0.00,0.00,0.0,BULLISH,0.0,4414.34,4414.34,4414.34,4414.34,52,CLEARED_>=20s,1.0,0.0,0.0,0.0,0.0,0.0,0.0,PASS_<20%,0.00,0.0,NO,STANDBY_VEL_LOW,0,0.00,4590.00,78.36,FALSE,M1_DIRECTION_MISMATCH
2026-09-07 15:33:53.351,1788795233.351,7339,107,466,4414.34,4414.42,8.0,PASS_<=10c,+0.0,FLAT,+0.0,+0.0,4.2,+0.00,0.00,SLOW,4414.34,4414.34,4414.34,4414.34,0.00,0.00,0.0,BULLISH,0.0,4414.34,4414.34,4414.34,4414.34,53,CLEARED_>=20s,1.0,0.0,0.0,0.0,0.0,0.0,0.0,PASS_<20%,0.00,0.0,NO,STANDBY_VEL_LOW,0,0.00,4590.00,78.36,FALSE,M1_DIRECTION_MISMATCH
2026-09-07 15:33:53.854,1788795233.854,7340,108,467,4414.34,4414.42,8.0,PASS_<=10c,+0.0,FLAT,+0.0,+0.0,4.2,+0.00,0.00,SLOW,4414.34,4414.34,4414.34,4414.34,0.00,0.00,0.0,BULLISH,0.0,4414.34,4414.34,4414.34,4414.34,53,CLEARED_>=20s,1.0,0.0,0.0,0.0,0.0,0.0,0.0,PASS_<20%,0.00,0.0,NO,STANDBY_VEL_LOW,0,0.00,4590.00,78.36,FALSE,M1_DIRECTION_MISMATCH
2026-09-07 15:33:54.356,1788795234.356,7341,109,468,4414.34,4414.42,8.0,PASS_<=10c,+0.0,FLAT,+0.0,+0.0,4.2,+0.00,0.00,SLOW,4414.34,4414.34,4414.34,4414.34,0.00,0.00,0.0,BULLISH,0.0,4414.34,4414.34,4414.34,4414.34,54,CLEARED_>=20s,1.0,0.0,0.0,0.0,0.0,0.0,0.0,PASS_<20%,0.00,0.0,NO,STANDBY_VEL_LOW,0,0.00,4590.00,78.36,FALSE,M1_DIRECTION_MISMATCH
2026-09-07 15:33:54.858,1788795234.859,7342,110,469,4414.34,4414.42,8.0,PASS_<=10c,+0.0,FLAT,+0.0,+0.0,4.2,+0.00,0.00,SLOW,4414.34,4414.34,4414.34,4414.34,0.00,0.00,0.0,BULLISH,0.0,4414.34,4414.34,4414.34,4414.34,54,CLEARED_>=20s,1.0,0.0,0.0,0.0,0.0,0.0,0.0,PASS_<20%,0.00,0.0,NO,STANDBY_VEL_LOW,0,0.00,4590.00,78.36,FALSE,M1_DIRECTION_MISMATCH
2026-09-07 15:33:55.360,1788795235.360,7343,111,470,4414.34,4414.42,8.0,PASS_<=10c,+0.0,FLAT,+0.0,+0.0,4.2,+0.00,0.00,SLOW,4414.34,4414.34,4414.34,4414.34,0.00,0.00,0.0,BULLISH,0.0,4414.34,4414.34,4414.34,4414.34,55,CLEARED_>=20s,1.0,0.0,0.0,0.0,0.0,0.0,0.0,PASS_<20%,0.00,0.0,NO,STANDBY_VEL_LOW,0,0.00,4590.00,78.36,FALSE,M1_DIRECTION_MISMATCH
2026-09-07 15:33:55.862,1788795235.862,7344,112,471,4414.34,4414.42,8.0,PASS_<=10c,+0.0,FLAT,+0.0,+0.0,4.2,+0.00,0.00,SLOW,4414.34,4414.34,4414.34,4414.34,0.00,0.00,0.0,BULLISH,0.0,4414.34,4414.34,4414.34,4414.34,55,CLEARED_>=20s,1.0,0.0,0.0,0.0,0.0,0.0,0.0,PASS_<20%,0.00,0.0,NO,STANDBY_VEL_LOW,0,0.00,4590.00,78.36,FALSE,M1_DIRECTION_MISMATCH
2026-09-07 15:33:56.364,1788795236.364,7345,113,472,4414.34,4414.42,8.0,PASS_<=10c,+0.0,FLAT,+0.0,+0.0,4.2,+0.00,0.00,SLOW,4414.34,4414.34,4414.34,4414.34,0.00,0.00,0.0,BULLISH,0.0,4414.34,4414.34,4414.34,4414.34,56,CLEARED_>=20s,1.0,0.0,0.0,0.0,0.0,0.0,0.0,PASS_<20%,0.00,0.0,NO,STANDBY_VEL_LOW,0,0.00,4590.00,78.36,FALSE,M1_DIRECTION_MISMATCH
2026-09-07 15:33:56.866,1788795236.867,7346,114,473,4414.34,4414.42,8.0,PASS_<=10c,+0.0,FLAT,+0.0,+0.0,4.2,+0.00,0.00,SLOW,4414.34,4414.34,4414.34,4414.34,0.00,0.00,0.0,BULLISH,0.0,4414.34,4414.34,4414.34,4414.34,56,CLEARED_>=20s,1.0,0.0,0.0,0.0,0.0,0.0,0.0,PASS_<20%,0.00,0.0,NO,STANDBY_VEL_LOW,0,0.00,4590.00,78.36,FALSE,M1_DIRECTION_MISMATCH
2026-09-07 15:33:57.368,1788795237.368,7347,115,474,4414.34,4414.42,8.0,PASS_<=10c,+0.0,FLAT,+0.0,+0.0,4.2,+0.00,0.00,SLOW,4414.34,4414.34,4414.34,4414.34,0.00,0.00,0.0,BULLISH,0.0,4414.34,4414.34,4414.34,4414.34,57,CLEARED_>=20s,1.0,0.0,0.0,0.0,0.0,0.0,0.0,PASS_<20%,0.00,0.0,NO,STANDBY_VEL_LOW,0,0.00,4590.00,78.36,FALSE,M1_DIRECTION_MISMATCH
2026-09-07 15:33:57.869,1788795237.870,7348,116,475,4414.34,4414.42,8.0,PASS_<=10c,+0.0,FLAT,+0.0,+0.0,4.2,+0.00,0.00,SLOW,4414.34,4414.34,4414.34,4414.34,0.00,0.00,0.0,BULLISH,0.0,4414.34,4414.34,4414.34,4414.34,57,CLEARED_>=20s,1.0,0.0,0.0,0.0,0.0,0.0,0.0,PASS_<20%,0.00,0.0,NO,STANDBY_VEL_LOW,0,0.00,4590.00,78.36,FALSE,M1_DIRECTION_MISMATCH
2026-09-07 15:33:58.371,1788795238.371,7349,117,476,4414.34,4414.42,8.0,PASS_<=10c,+0.0,FLAT,+0.0,+0.0,4.2,+0.00,0.00,SLOW,4414.34,4414.34,4414.34,4414.34,0.00,0.00,0.0,BULLISH,0.0,4414.34,4414.34,4414.34,4414.34,58,CLEARED_>=20s,1.0,0.0,0.0,0.0,0.0,0.0,0.0,PASS_<20%,0.00,0.0,NO,STANDBY_VEL_LOW,0,0.00,4590.00,78.36,FALSE,M1_DIRECTION_MISMATCH
2026-09-07 15:33:58.875,1788795238.875,7350,118,477,4414.34,4414.42,8.0,PASS_<=10c,+0.0,FLAT,+0.0,+0.0,4.2,+0.00,0.00,SLOW,4414.34,4414.34,4414.34,4414.34,0.00,0.00,0.0,BULLISH,0.0,4414.34,4414.34,4414.34,4414.34,58,CLEARED_>=20s,1.0,0.0,0.0,0.0,0.0,0.0,0.0,PASS_<20%,0.00,0.0,NO,STANDBY_VEL_LOW,0,0.00,4590.00,78.36,FALSE,M1_DIRECTION_MISMATCH
2026-09-07 15:33:59.374,1788795239.375,7351,119,478,4414.34,4414.42,8.0,PASS_<=10c,+0.0,FLAT,+0.0,+0.0,4.2,+0.00,0.00,SLOW,4414.34,4414.34,4414.34,4414.34,0.00,0.00,0.0,BULLISH,0.0,4414.34,4414.34,4414.34,4414.34,59,CLEARED_>=20s,1.0,0.0,0.0,0.0,0.0,0.0,0.0,PASS_<20%,0.00,0.0,NO,STANDBY_VEL_LOW,0,0.00,4590.00,78.36,FALSE,M1_DIRECTION_MISMATCH
2026-09-07 15:33:59.876,1788795239.876,7352,120,479,4414.34,4414.42,8.0,PASS_<=10c,+0.0,FLAT,+0.0,+0.0,4.2,+0.00,0.00,SLOW,4414.34,4414.34,4414.34,4414.34,0.00,0.00,0.0,BULLISH,0.0,4414.34,4414.34,4414.34,4414.34,59,CLEARED_>=20s,1.0,0.0,0.0,0.0,0.0,0.0,0.0,PASS_<20%,0.00,0.0,NO,STANDBY_VEL_LOW,0,0.00,4590.00,78.36,FALSE,M1_DIRECTION_MISMATCH
2026-09-07 15:34:00.377,1788795240.377,7353,1,480,4414.34,4414.42,8.0,PASS_<=10c,+0.0,FLAT,+0.0,+0.0,4.2,+0.00,0.00,SLOW,4414.34,4414.34,4414.34,4414.34,0.00,0.00,0.0,BULLISH,0.0,4414.34,4414.34,4414.34,4414.34,0,ACTIVE_0s,1.0,0.0,0.0,0.0,0.0,0.0,0.0,PASS_<20%,0.00,0.0,NO,STANDBY_VEL_LOW,0,0.00,4590.00,78.36,FALSE,M1_DIRECTION_MISMATCH|OPENING_SHIELD_ACTIVE_0s
2026-09-07 15:34:00.879,1788795240.879,7354,2,481,4414.34,4414.42,8.0,PASS_<=10c,+0.0,FLAT,+0.0,+0.0,4.2,+0.00,0.00,SLOW,4414.34,4414.34,4414.34,4414.34,0.00,0.00,0.0,BULLISH,0.0,4414.34,4414.34,4414.34,4414.34,0,ACTIVE_0s,1.0,0.0,0.0,0.0,0.0,0.0,0.0,PASS_<20%,0.00,0.0,NO,STANDBY_VEL_LOW,0,0.00,4590.00,78.36,FALSE,M1_DIRECTION_MISMATCH|OPENING_SHIELD_ACTIVE_0s
2026-09-07 15:34:01.380,1788795241.381,7355,3,482,4414.34,4414.42,8.0,PASS_<=10c,+0.0,FLAT,+0.0,+0.0,4.2,+0.00,0.00,SLOW,4414.34,4414.34,4414.34,4414.34,0.00,0.00,0.0,BULLISH,0.0,4414.34,4414.34,4414.34,4414.34,1,ACTIVE_1s,1.0,0.0,0.0,0.0,0.0,0.0,0.0,PASS_<20%,0.00,0.0,NO,STANDBY_VEL_LOW,0,0.00,4590.00,78.36,FALSE,M1_DIRECTION_MISMATCH|OPENING_SHIELD_ACTIVE_1s
2026-09-07 15:34:01.881,1788795241.882,7356,4,483,4414.34,4414.42,8.0,PASS_<=10c,+0.0,FLAT,+0.0,+0.0,4.2,+0.00,0.00,SLOW,4414.34,4414.34,4414.34,4414.34,0.00,0.00,0.0,BULLISH,0.0,4414.34,4414.34,4414.34,4414.34,1,ACTIVE_1s,1.0,0.0,0.0,0.0,0.0,0.0,0.0,PASS_<20%,0.00,0.0,NO,STANDBY_VEL_LOW,0,0.00,4590.00,78.36,FALSE,M1_DIRECTION_MISMATCH|OPENING_SHIELD_ACTIVE_1s
2026-09-07 15:34:02.384,1788795242.385,7357,5,484,4414.34,4414.42,8.0,PASS_<=10c,+0.0,FLAT,+0.0,+0.0,4.2,+0.00,0.00,SLOW,4414.34,4414.34,4414.34,4414.34,0.00,0.00,0.0,BULLISH,0.0,4414.34,4414.34,4414.34,4414.34,2,ACTIVE_2s,1.0,0.0,0.0,0.0,0.0,0.0,0.0,PASS_<20%,0.00,0.0,NO,STANDBY_VEL_LOW,0,0.00,4590.00,78.36,FALSE,M1_DIRECTION_MISMATCH|OPENING_SHIELD_ACTIVE_2s
2026-09-07 15:34:02.887,1788795242.887,7358,6,485,4414.34,4414.42,8.0,PASS_<=10c,+0.0,FLAT,+0.0,+0.0,4.2,+0.00,0.00,SLOW,4414.34,4414.34,4414.34,4414.34,0.00,0.00,0.0,BULLISH,0.0,4414.34,4414.34,4414.34,4414.34,2,ACTIVE_2s,1.0,0.0,0.0,0.0,0.0,0.0,0.0,PASS_<20%,0.00,0.0,NO,STANDBY_VEL_LOW,0,0.00,4590.00,78.36,FALSE,M1_DIRECTION_MISMATCH|OPENING_SHIELD_ACTIVE_2s
2026-09-07 15:34:03.388,1788795243.389,7359,7,486,4414.34,4414.42,8.0,PASS_<=10c,+0.0,FLAT,+0.0,+0.0,4.2,+0.00,0.00,SLOW,4414.34,4414.34,4414.34,4414.34,0.00,0.00,0.0,BULLISH,0.0,4414.34,4414.34,4414.34,4414.34,3,ACTIVE_3s,1.0,0.0,0.0,0.0,0.0,0.0,0.0,PASS_<20%,0.00,0.0,NO,STANDBY_VEL_LOW,0,0.00,4590.00,78.36,FALSE,M1_DIRECTION_MISMATCH|OPENING_SHIELD_ACTIVE_3s
2026-09-07 15:34:03.890,1788795243.890,7360,8,487,4414.34,4414.42,8.0,PASS_<=10c,+0.0,FLAT,+0.0,+0.0,4.2,+0.00,0.00,SLOW,4414.34,4414.34,4414.34,4414.34,0.00,0.00,0.0,BULLISH,0.0,4414.34,4414.34,4414.34,4414.34,3,ACTIVE_3s,1.0,0.0,0.0,0.0,0.0,0.0,0.0,PASS_<20%,0.00,0.0,NO,STANDBY_VEL_LOW,0,0.00,4590.00,78.36,FALSE,M1_DIRECTION_MISMATCH|OPENING_SHIELD_ACTIVE_3s
2026-09-07 15:34:04.391,1788795244.391,7361,9,488,4414.34,4414.42,8.0,PASS_<=10c,+0.0,FLAT,+0.0,+0.0,4.2,+0.00,0.00,SLOW,4414.34,4414.34,4414.34,4414.34,0.00,0.00,0.0,BULLISH,0.0,4414.34,4414.34,4414.34,4414.34,4,ACTIVE_4s,1.0,0.0,0.0,0.0,0.0,0.0,0.0,PASS_<20%,0.00,0.0,NO,STANDBY_VEL_LOW,0,0.00,4590.00,78.36,FALSE,M1_DIRECTION_MISMATCH|OPENING_SHIELD_ACTIVE_4s
2026-09-07 15:34:04.894,1788795244.894,7362,10,489,4414.34,4414.42,8.0,PASS_<=10c,+0.0,FLAT,+0.0,+0.0,4.2,+0.00,0.00,SLOW,4414.34,4414.34,4414.34,4414.34,0.00,0.00,0.0,BULLISH,0.0,4414.34,4414.34,4414.34,4414.34,4,ACTIVE_4s,1.0,0.0,0.0,0.0,0.0,0.0,0.0,PASS_<20%,0.00,0.0,NO,STANDBY_VEL_LOW,0,0.00,4590.00,78.36,FALSE,M1_DIRECTION_MISMATCH|OPENING_SHIELD_ACTIVE_4s
2026-09-07 15:34:05.395,1788795245.396,7363,11,490,4414.34,4414.42,8.0,PASS_<=10c,+0.0,FLAT,+0.0,+0.0,4.2,+0.00,0.00,SLOW,4414.34,4414.34,4414.34,4414.34,0.00,0.00,0.0,BULLISH,0.0,4414.34,4414.34,4414.34,4414.34,5,ACTIVE_5s,1.0,0.0,0.0,0.0,0.0,0.0,0.0,PASS_<20%,0.00,0.0,NO,STANDBY_VEL_LOW,0,0.00,4590.00,78.36,FALSE,M1_DIRECTION_MISMATCH|OPENING_SHIELD_ACTIVE_5s
2026-09-07 15:34:05.897,1788795245.898,7364,12,491,4414.34,4414.42,8.0,PASS_<=10c,+0.0,FLAT,+0.0,+0.0,4.2,+0.00,0.00,SLOW,4414.34,4414.34,4414.34,4414.34,0.00,0.00,0.0,BULLISH,0.0,4414.34,4414.34,4414.34,4414.34,5,ACTIVE_5s,1.0,0.0,0.0,0.0,0.0,0.0,0.0,PASS_<20%,0.00,0.0,NO,STANDBY_VEL_LOW,0,0.00,4590.00,78.36,FALSE,M1_DIRECTION_MISMATCH|OPENING_SHIELD_ACTIVE_5s
2026-09-07 15:34:06.398,1788795246.399,7365,13,492,4414.34,4414.42,8.0,PASS_<=10c,+0.0,FLAT,+0.0,+0.0,4.2,+0.00,0.00,SLOW,4414.34,4414.34,4414.34,4414.34,0.00,0.00,0.0,BULLISH,0.0,4414.34,4414.34,4414.34,4414.34,6,ACTIVE_6s,1.0,0.0,0.0,0.0,0.0,0.0,0.0,PASS_<20%,0.00,0.0,NO,STANDBY_VEL_LOW,0,0.00,4590.00,78.36,FALSE,M1_DIRECTION_MISMATCH|OPENING_SHIELD_ACTIVE_6s
2026-09-07 15:34:06.900,1788795246.900,7366,14,493,4414.34,4414.42,8.0,PASS_<=10c,+0.0,FLAT,+0.0,+0.0,4.2,+0.00,0.00,SLOW,4414.34,4414.34,4414.34,4414.34,0.00,0.00,0.0,BULLISH,0.0,4414.34,4414.34,4414.34,4414.34,6,ACTIVE_6s,1.0,0.0,0.0,0.0,0.0,0.0,0.0,PASS_<20%,0.00,0.0,NO,STANDBY_VEL_LOW,0,0.00,4590.00,78.36,FALSE,M1_DIRECTION_MISMATCH|OPENING_SHIELD_ACTIVE_6s
2026-09-07 15:34:07.402,1788795247.403,7367,15,494,4414.34,4414.42,8.0,PASS_<=10c,+0.0,FLAT,+0.0,+0.0,4.2,+0.00,0.00,SLOW,4414.34,4414.34,4414.34,4414.34,0.00,0.00,0.0,BULLISH,0.0,4414.34,4414.34,4414.34,4414.34,7,ACTIVE_7s,1.0,0.0,0.0,0.0,0.0,0.0,0.0,PASS_<20%,0.00,0.0,NO,STANDBY_VEL_LOW,0,0.00,4590.00,78.36,FALSE,M1_DIRECTION_MISMATCH|OPENING_SHIELD_ACTIVE_7s
2026-09-07 15:34:07.904,1788795247.905,7368,16,495,4414.34,4414.42,8.0,PASS_<=10c,+0.0,FLAT,+0.0,+0.0,4.2,+0.00,0.00,SLOW,4414.34,4414.34,4414.34,4414.34,0.00,0.00,0.0,BULLISH,0.0,4414.34,4414.34,4414.34,4414.34,7,ACTIVE_7s,1.0,0.0,0.0,0.0,0.0,0.0,0.0,PASS_<20%,0.00,0.0,NO,STANDBY_VEL_LOW,0,0.00,4590.00,78.36,FALSE,M1_DIRECTION_MISMATCH|OPENING_SHIELD_ACTIVE_7s
2026-09-07 15:34:08.406,1788795248.406,7369,17,496,4414.34,4414.42,8.0,PASS_<=10c,+0.0,FLAT,+0.0,+0.0,4.2,+0.00,0.00,SLOW,4414.34,4414.34,4414.34,4414.34,0.00,0.00,0.0,BULLISH,0.0,4414.34,4414.34,4414.34,4414.34,8,ACTIVE_8s,1.0,0.0,0.0,0.0,0.0,0.0,0.0,PASS_<20%,0.00,0.0,NO,STANDBY_VEL_LOW,0,0.00,4590.00,78.36,FALSE,M1_DIRECTION_MISMATCH|OPENING_SHIELD_ACTIVE_8s
2026-09-07 15:34:08.907,1788795248.908,7370,18,497,4414.34,4414.42,8.0,PASS_<=10c,+0.0,FLAT,+0.0,+0.0,4.2,+0.00,0.00,SLOW,4414.34,4414.34,4414.34,4414.34,0.00,0.00,0.0,BULLISH,0.0,4414.34,4414.34,4414.34,4414.34,8,ACTIVE_8s,1.0,0.0,0.0,0.0,0.0,0.0,0.0,PASS_<20%,0.00,0.0,NO,STANDBY_VEL_LOW,0,0.00,4590.00,78.36,FALSE,M1_DIRECTION_MISMATCH|OPENING_SHIELD_ACTIVE_8s
2026-09-07 15:34:09.409,1788795249.410,7371,19,498,4414.34,4414.42,8.0,PASS_<=10c,+0.0,FLAT,+0.0,+0.0,4.2,+0.00,0.00,SLOW,4414.34,4414.34,4414.34,4414.34,0.00,0.00,0.0,BULLISH,0.0,4414.34,4414.34,4414.34,4414.34,9,ACTIVE_9s,1.0,0.0,0.0,0.0,0.0,0.0,0.0,PASS_<20%,0.00,0.0,NO,STANDBY_VEL_LOW,0,0.00,4590.00,78.36,FALSE,M1_DIRECTION_MISMATCH|OPENING_SHIELD_ACTIVE_9s
2026-09-07 15:34:09.911,1788795249.912,7372,20,499,4414.34,4414.42,8.0,PASS_<=10c,+0.0,FLAT,+0.0,+0.0,4.2,+0.00,0.00,SLOW,4414.34,4414.34,4414.34,4414.34,0.00,0.00,0.0,BULLISH,0.0,4414.34,4414.34,4414.34,4414.34,9,ACTIVE_9s,1.0,0.0,0.0,0.0,0.0,0.0,0.0,PASS_<20%,0.00,0.0,NO,STANDBY_VEL_LOW,0,0.00,4590.00,78.36,FALSE,M1_DIRECTION_MISMATCH|OPENING_SHIELD_ACTIVE_9s
2026-09-07 15:34:10.412,1788795250.413,7373,21,500,4414.34,4414.42,8.0,PASS_<=10c,+0.0,FLAT,+0.0,+0.0,4.2,+0.00,0.00,SLOW,4414.34,4414.34,4414.34,4414.34,0.00,0.00,0.0,BULLISH,0.0,4414.34,4414.34,4414.34,4414.34,10,ACTIVE_10s,1.0,0.0,0.0,0.0,0.0,0.0,0.0,PASS_<20%,0.00,0.0,NO,STANDBY_VEL_LOW,0,0.00,4590.00,78.36,FALSE,M1_DIRECTION_MISMATCH|OPENING_SHIELD_ACTIVE_10s
2026-09-07 15:34:10.945,1788795250.946,7374,22,501,4414.34,4414.42,8.0,PASS_<=10c,+0.0,FLAT,+0.0,+0.0,4.2,+0.00,0.00,SLOW,4414.34,4414.34,4414.34,4414.34,0.00,0.00,0.0,BULLISH,0.0,4414.34,4414.34,4414.34,4414.34,10,ACTIVE_10s,1.0,0.0,0.0,0.0,0.0,0.0,0.0,PASS_<20%,0.00,0.0,NO,STANDBY_VEL_LOW,0,0.00,4590.00,78.36,FALSE,M1_DIRECTION_MISMATCH|OPENING_SHIELD_ACTIVE_10s
2026-09-07 15:34:11.447,1788795251.447,7375,23,502,4414.34,4414.42,8.0,PASS_<=10c,+0.0,FLAT,+0.0,+0.0,4.2,+0.00,0.00,SLOW,4414.34,4414.34,4414.34,4414.34,0.00,0.00,0.0,BULLISH,0.0,4414.34,4414.34,4414.34,4414.34,11,ACTIVE_11s,1.0,0.0,0.0,0.0,0.0,0.0,0.0,PASS_<20%,0.00,0.0,NO,STANDBY_VEL_LOW,0,0.00,4590.00,78.36,FALSE,M1_DIRECTION_MISMATCH|OPENING_SHIELD_ACTIVE_11s
2026-09-07 15:34:11.949,1788795251.950,7376,24,503,4414.34,4414.42,8.0,PASS_<=10c,+0.0,FLAT,+0.0,+0.0,4.2,+0.00,0.00,SLOW,4414.34,4414.34,4414.34,4414.34,0.00,0.00,0.0,BULLISH,0.0,4414.34,4414.34,4414.34,4414.34,11,ACTIVE_11s,1.0,0.0,0.0,0.0,0.0,0.0,0.0,PASS_<20%,0.00,0.0,NO,STANDBY_VEL_LOW,0,0.00,4590.00,78.36,FALSE,M1_DIRECTION_MISMATCH|OPENING_SHIELD_ACTIVE_11s
2026-09-07 15:34:12.451,1788795252.452,7377,25,504,4414.34,4414.42,8.0,PASS_<=10c,+0.0,FLAT,+0.0,+0.0,4.2,+0.00,0.00,SLOW,4414.34,4414.34,4414.34,4414.34,0.00,0.00,0.0,BULLISH,0.0,4414.34,4414.34,4414.34,4414.34,12,ACTIVE_12s,1.0,0.0,0.0,0.0,0.0,0.0,0.0,PASS_<20%,0.00,0.0,NO,STANDBY_VEL_LOW,0,0.00,4590.00,78.36,FALSE,M1_DIRECTION_MISMATCH|OPENING_SHIELD_ACTIVE_12s
2026-09-07 15:34:12.952,1788795252.953,7378,26,505,4414.34,4414.42,8.0,PASS_<=10c,+0.0,FLAT,+0.0,+0.0,4.2,+0.00,0.00,SLOW,4414.34,4414.34,4414.34,4414.34,0.00,0.00,0.0,BULLISH,0.0,4414.34,4414.34,4414.34,4414.34,12,ACTIVE_12s,1.0,0.0,0.0,0.0,0.0,0.0,0.0,PASS_<20%,0.00,0.0,NO,STANDBY_VEL_LOW,0,0.00,4590.00,78.36,FALSE,M1_DIRECTION_MISMATCH|OPENING_SHIELD_ACTIVE_12s
2026-09-07 15:34:13.455,1788795253.455,7379,27,506,4414.34,4414.42,8.0,PASS_<=10c,+0.0,FLAT,+0.0,+0.0,4.2,+0.00,0.00,SLOW,4414.34,4414.34,4414.34,4414.34,0.00,0.00,0.0,BULLISH,0.0,4414.34,4414.34,4414.34,4414.34,13,ACTIVE_13s,1.0,0.0,0.0,0.0,0.0,0.0,0.0,PASS_<20%,0.00,0.0,NO,STANDBY_VEL_LOW,0,0.00,4590.00,78.36,FALSE,M1_DIRECTION_MISMATCH|OPENING_SHIELD_ACTIVE_13s
2026-09-07 15:34:13.957,1788795253.958,7380,28,507,4414.34,4414.42,8.0,PASS_<=10c,+0.0,FLAT,+0.0,+0.0,4.2,+0.00,0.00,SLOW,4414.34,4414.34,4414.34,4414.34,0.00,0.00,0.0,BULLISH,0.0,4414.34,4414.34,4414.34,4414.34,13,ACTIVE_13s,1.0,0.0,0.0,0.0,0.0,0.0,0.0,PASS_<20%,0.00,0.0,NO,STANDBY_VEL_LOW,0,0.00,4590.00,78.36,FALSE,M1_DIRECTION_MISMATCH|OPENING_SHIELD_ACTIVE_13s
2026-09-07 15:34:14.459,1788795254.460,7381,29,508,4414.34,4414.42,8.0,PASS_<=10c,+0.0,FLAT,+0.0,+0.0,4.2,+0.00,0.00,SLOW,4414.34,4414.34,4414.34,4414.34,0.00,0.00,0.0,BULLISH,0.0,4414.34,4414.34,4414.34,4414.34,14,ACTIVE_14s,1.0,0.0,0.0,0.0,0.0,0.0,0.0,PASS_<20%,0.00,0.0,NO,STANDBY_VEL_LOW,0,0.00,4590.00,78.36,FALSE,M1_DIRECTION_MISMATCH|OPENING_SHIELD_ACTIVE_14s
2026-09-07 15:34:14.960,1788795254.960,7382,30,509,4414.34,4414.42,8.0,PASS_<=10c,+0.0,FLAT,+0.0,+0.0,4.2,+0.00,0.00,SLOW,4414.34,4414.34,4414.34,4414.34,0.00,0.00,0.0,BULLISH,0.0,4414.34,4414.34,4414.34,4414.34,14,ACTIVE_14s,1.0,0.0,0.0,0.0,0.0,0.0,0.0,PASS_<20%,0.00,0.0,NO,STANDBY_VEL_LOW,0,0.00,4590.00,78.36,FALSE,M1_DIRECTION_MISMATCH|OPENING_SHIELD_ACTIVE_14s
2026-09-07 15:34:15.461,1788795255.461,7383,31,510,4414.34,4414.42,8.0,PASS_<=10c,+0.0,FLAT,+0.0,+0.0,4.2,+0.00,0.00,SLOW,4414.34,4414.34,4414.34,4414.34,0.00,0.00,0.0,BULLISH,0.0,4414.34,4414.34,4414.34,4414.34,15,ACTIVE_15s,1.0,0.0,0.0,0.0,0.0,0.0,0.0,PASS_<20%,0.00,0.0,NO,STANDBY_VEL_LOW,0,0.00,4590.00,78.36,FALSE,M1_DIRECTION_MISMATCH|OPENING_SHIELD_ACTIVE_15s
2026-09-07 15:34:15.963,1788795255.964,7384,32,511,4414.34,4414.42,8.0,PASS_<=10c,+0.0,FLAT,+0.0,+0.0,4.2,+0.00,0.00,SLOW,4414.34,4414.34,4414.34,4414.34,0.00,0.00,0.0,BULLISH,0.0,4414.34,4414.34,4414.34,4414.34,15,ACTIVE_15s,1.0,0.0,0.0,0.0,0.0,0.0,0.0,PASS_<20%,0.00,0.0,NO,STANDBY_VEL_LOW,0,0.00,4590.00,78.36,FALSE,M1_DIRECTION_MISMATCH|OPENING_SHIELD_ACTIVE_15s
2026-09-07 15:34:16.464,1788795256.465,7385,33,512,4414.34,4414.42,8.0,PASS_<=10c,+0.0,FLAT,+0.0,+0.0,4.2,+0.00,0.00,SLOW,4414.34,4414.34,4414.34,4414.34,0.00,0.00,0.0,BULLISH,0.0,4414.34,4414.34,4414.34,4414.34,16,ACTIVE_16s,1.0,0.0,0.0,0.0,0.0,0.0,0.0,PASS_<20%,0.00,0.0,NO,STANDBY_VEL_LOW,0,0.00,4590.00,78.36,FALSE,M1_DIRECTION_MISMATCH|OPENING_SHIELD_ACTIVE_16s
2026-09-07 15:34:16.965,1788795256.966,7386,34,513,4414.34,4414.42,8.0,PASS_<=10c,+0.0,FLAT,+0.0,+0.0,4.2,+0.00,0.00,SLOW,4414.34,4414.34,4414.34,4414.34,0.00,0.00,0.0,BULLISH,0.0,4414.34,4414.34,4414.34,4414.34,16,ACTIVE_16s,1.0,0.0,0.0,0.0,0.0,0.0,0.0,PASS_<20%,0.00,0.0,NO,STANDBY_VEL_LOW,0,0.00,4590.00,78.36,FALSE,M1_DIRECTION_MISMATCH|OPENING_SHIELD_ACTIVE_16s
2026-09-07 15:34:17.468,1788795257.468,7387,35,514,4414.34,4414.42,8.0,PASS_<=10c,+0.0,FLAT,+0.0,+0.0,4.2,+0.00,0.00,SLOW,4414.34,4414.34,4414.34,4414.34,0.00,0.00,0.0,BULLISH,0.0,4414.34,4414.34,4414.34,4414.34,17,ACTIVE_17s,1.0,0.0,0.0,0.0,0.0,0.0,0.0,PASS_<20%,0.00,0.0,NO,STANDBY_VEL_LOW,0,0.00,4590.00,78.36,FALSE,M1_DIRECTION_MISMATCH|OPENING_SHIELD_ACTIVE_17s
2026-09-07 15:34:17.968,1788795257.969,7388,36,515,4414.34,4414.42,8.0,PASS_<=10c,+0.0,FLAT,+0.0,+0.0,4.2,+0.00,0.00,SLOW,4414.34,4414.34,4414.34,4414.34,0.00,0.00,0.0,BULLISH,0.0,4414.34,4414.34,4414.34,4414.34,17,ACTIVE_17s,1.0,0.0,0.0,0.0,0.0,0.0,0.0,PASS_<20%,0.00,0.0,NO,STANDBY_VEL_LOW,0,0.00,4590.00,78.36,FALSE,M1_DIRECTION_MISMATCH|OPENING_SHIELD_ACTIVE_17s
2026-09-07 15:34:18.471,1788795258.472,7389,37,516,4414.34,4414.42,8.0,PASS_<=10c,+0.0,FLAT,+0.0,+0.0,4.2,+0.00,0.00,SLOW,4414.34,4414.34,4414.34,4414.34,0.00,0.00,0.0,BULLISH,0.0,4414.34,4414.34,4414.34,4414.34,18,ACTIVE_18s,1.0,0.0,0.0,0.0,0.0,0.0,0.0,PASS_<20%,0.00,0.0,NO,STANDBY_VEL_LOW,0,0.00,4590.00,78.36,FALSE,M1_DIRECTION_MISMATCH|OPENING_SHIELD_ACTIVE_18s
2026-09-07 15:34:18.974,1788795258.974,7390,38,517,4414.34,4414.42,8.0,PASS_<=10c,+0.0,FLAT,+0.0,+0.0,4.2,+0.00,0.00,SLOW,4414.34,4414.34,4414.34,4414.34,0.00,0.00,0.0,BULLISH,0.0,4414.34,4414.34,4414.34,4414.34,18,ACTIVE_18s,1.0,0.0,0.0,0.0,0.0,0.0,0.0,PASS_<20%,0.00,0.0,NO,STANDBY_VEL_LOW,0,0.00,4590.00,78.36,FALSE,M1_DIRECTION_MISMATCH|OPENING_SHIELD_ACTIVE_18s
2026-09-07 15:34:19.476,1788795259.476,7391,39,518,4414.34,4414.42,8.0,PASS_<=10c,+0.0,FLAT,+0.0,+0.0,4.2,+0.00,0.00,SLOW,4414.34,4414.34,4414.34,4414.34,0.00,0.00,0.0,BULLISH,0.0,4414.34,4414.34,4414.34,4414.34,19,ACTIVE_19s,1.0,0.0,0.0,0.0,0.0,0.0,0.0,PASS_<20%,0.00,0.0,NO,STANDBY_VEL_LOW,0,0.00,4590.00,78.36,FALSE,M1_DIRECTION_MISMATCH|OPENING_SHIELD_ACTIVE_19s
2026-09-07 15:34:19.977,1788795259.978,7392,40,519,4414.34,4414.42,8.0,PASS_<=10c,+0.0,FLAT,+0.0,+0.0,4.2,+0.00,0.00,SLOW,4414.34,4414.34,4414.34,4414.34,0.00,0.00,0.0,BULLISH,0.0,4414.34,4414.34,4414.34,4414.34,19,ACTIVE_19s,1.0,0.0,0.0,0.0,0.0,0.0,0.0,PASS_<20%,0.00,0.0,NO,STANDBY_VEL_LOW,0,0.00,4590.00,78.36,FALSE,M1_DIRECTION_MISMATCH|OPENING_SHIELD_ACTIVE_19s
2026-09-07 15:34:20.480,1788795260.480,7393,41,520,4414.34,4414.42,8.0,PASS_<=10c,+0.0,FLAT,+0.0,+0.0,4.2,+0.00,0.00,SLOW,4414.34,4414.34,4414.34,4414.34,0.00,0.00,0.0,BULLISH,0.0,4414.34,4414.34,4414.34,4414.34,20,CLEARED_>=20s,1.0,0.0,0.0,0.0,0.0,0.0,0.0,PASS_<20%,0.00,0.0,NO,STANDBY_VEL_LOW,0,0.00,4590.00,78.36,FALSE,M1_DIRECTION_MISMATCH
2026-09-07 15:34:20.982,1788795260.983,7394,42,521,4414.34,4414.42,8.0,PASS_<=10c,+0.0,FLAT,+0.0,+0.0,4.2,+0.00,0.00,SLOW,4414.34,4414.34,4414.34,4414.34,0.00,0.00,0.0,BULLISH,0.0,4414.34,4414.34,4414.34,4414.34,20,CLEARED_>=20s,1.0,0.0,0.0,0.0,0.0,0.0,0.0,PASS_<20%,0.00,0.0,NO,STANDBY_VEL_LOW,0,0.00,4590.00,78.36,FALSE,M1_DIRECTION_MISMATCH
2026-09-07 15:34:21.484,1788795261.484,7395,43,522,4414.34,4414.42,8.0,PASS_<=10c,+0.0,FLAT,+0.0,+0.0,4.2,+0.00,0.00,SLOW,4414.34,4414.34,4414.34,4414.34,0.00,0.00,0.0,BULLISH,0.0,4414.34,4414.34,4414.34,4414.34,21,CLEARED_>=20s,1.0,0.0,0.0,0.0,0.0,0.0,0.0,PASS_<20%,0.00,0.0,NO,STANDBY_VEL_LOW,0,0.00,4590.00,78.36,FALSE,M1_DIRECTION_MISMATCH
2026-09-07 15:34:21.986,1788795261.987,7396,44,523,4414.34,4414.42,8.0,PASS_<=10c,+0.0,FLAT,+0.0,+0.0,4.2,+0.00,0.00,SLOW,4414.34,4414.34,4414.34,4414.34,0.00,0.00,0.0,BULLISH,0.0,4414.34,4414.34,4414.34,4414.34,21,CLEARED_>=20s,1.0,0.0,0.0,0.0,0.0,0.0,0.0,PASS_<20%,0.00,0.0,NO,STANDBY_VEL_LOW,0,0.00,4590.00,78.36,FALSE,M1_DIRECTION_MISMATCH
2026-09-07 15:34:22.487,1788795262.488,7397,45,524,4414.34,4414.42,8.0,PASS_<=10c,+0.0,FLAT,+0.0,+0.0,4.2,+0.00,0.00,SLOW,4414.34,4414.34,4414.34,4414.34,0.00,0.00,0.0,BULLISH,0.0,4414.34,4414.34,4414.34,4414.34,22,CLEARED_>=20s,1.0,0.0,0.0,0.0,0.0,0.0,0.0,PASS_<20%,0.00,0.0,NO,STANDBY_VEL_LOW,0,0.00,4590.00,78.36,FALSE,M1_DIRECTION_MISMATCH
2026-09-07 15:34:22.990,1788795262.990,7398,46,525,4414.34,4414.42,8.0,PASS_<=10c,+0.0,FLAT,+0.0,+0.0,4.2,+0.00,0.00,SLOW,4414.34,4414.34,4414.34,4414.34,0.00,0.00,0.0,BULLISH,0.0,4414.34,4414.34,4414.34,4414.34,22,CLEARED_>=20s,1.0,0.0,0.0,0.0,0.0,0.0,0.0,PASS_<20%,0.00,0.0,NO,STANDBY_VEL_LOW,0,0.00,4590.00,78.36,FALSE,M1_DIRECTION_MISMATCH
2026-09-07 15:34:23.492,1788795263.493,7399,47,526,4414.34,4414.42,8.0,PASS_<=10c,+0.0,FLAT,+0.0,+0.0,4.2,+0.00,0.00,SLOW,4414.34,4414.34,4414.34,4414.34,0.00,0.00,0.0,BULLISH,0.0,4414.34,4414.34,4414.34,4414.34,23,CLEARED_>=20s,1.0,0.0,0.0,0.0,0.0,0.0,0.0,PASS_<20%,0.00,0.0,NO,STANDBY_VEL_LOW,0,0.00,4590.00,78.36,FALSE,M1_DIRECTION_MISMATCH
2026-09-07 15:34:23.994,1788795263.994,7400,48,527,4414.34,4414.42,8.0,PASS_<=10c,+0.0,FLAT,+0.0,+0.0,4.2,+0.00,0.00,SLOW,4414.34,4414.34,4414.34,4414.34,0.00,0.00,0.0,BULLISH,0.0,4414.34,4414.34,4414.34,4414.34,23,CLEARED_>=20s,1.0,0.0,0.0,0.0,0.0,0.0,0.0,PASS_<20%,0.00,0.0,NO,STANDBY_VEL_LOW,0,0.00,4590.00,78.36,FALSE,M1_DIRECTION_MISMATCH
2026-09-07 15:34:24.495,1788795264.496,7401,49,528,4414.34,4414.42,8.0,PASS_<=10c,+0.0,FLAT,+0.0,+0.0,4.2,+0.00,0.00,SLOW,4414.34,4414.34,4414.34,4414.34,0.00,0.00,0.0,BULLISH,0.0,4414.34,4414.34,4414.34,4414.34,24,CLEARED_>=20s,1.0,0.0,0.0,0.0,0.0,0.0,0.0,PASS_<20%,0.00,0.0,NO,STANDBY_VEL_LOW,0,0.00,4590.00,78.36,FALSE,M1_DIRECTION_MISMATCH
2026-09-07 15:34:24.998,1788795264.998,7402,50,529,4414.34,4414.42,8.0,PASS_<=10c,+0.0,FLAT,+0.0,+0.0,4.2,+0.00,0.00,SLOW,4414.34,4414.34,4414.34,4414.34,0.00,0.00,0.0,BULLISH,0.0,4414.34,4414.34,4414.34,4414.34,24,CLEARED_>=20s,1.0,0.0,0.0,0.0,0.0,0.0,0.0,PASS_<20%,0.00,0.0,NO,STANDBY_VEL_LOW,0,0.00,4590.00,78.36,FALSE,M1_DIRECTION_MISMATCH
2026-09-07 15:34:25.500,1788795265.500,7403,51,530,4414.34,4414.42,8.0,PASS_<=10c,+0.0,FLAT,+0.0,+0.0,4.2,+0.00,0.00,SLOW,4414.34,4414.34,4414.34,4414.34,0.00,0.00,0.0,BULLISH,0.0,4414.34,4414.34,4414.34,4414.34,25,CLEARED_>=20s,1.0,0.0,0.0,0.0,0.0,0.0,0.0,PASS_<20%,0.00,0.0,NO,STANDBY_VEL_LOW,0,0.00,4590.00,78.36,FALSE,M1_DIRECTION_MISMATCH
2026-09-07 15:34:26.001,1788795266.002,7404,52,531,4414.34,4414.42,8.0,PASS_<=10c,+0.0,FLAT,+0.0,+0.0,4.2,+0.00,0.00,SLOW,4414.34,4414.34,4414.34,4414.34,0.00,0.00,0.0,BULLISH,0.0,4414.34,4414.34,4414.34,4414.34,26,CLEARED_>=20s,1.0,0.0,0.0,0.0,0.0,0.0,0.0,PASS_<20%,0.00,0.0,NO,STANDBY_VEL_LOW,0,0.00,4590.00,78.36,FALSE,M1_DIRECTION_MISMATCH
2026-09-07 15:34:26.502,1788795266.503,7405,53,532,4414.34,4414.42,8.0,PASS_<=10c,+0.0,FLAT,+0.0,+0.0,4.2,+0.00,0.00,SLOW,4414.34,4414.34,4414.34,4414.34,0.00,0.00,0.0,BULLISH,0.0,4414.34,4414.34,4414.34,4414.34,26,CLEARED_>=20s,1.0,0.0,0.0,0.0,0.0,0.0,0.0,PASS_<20%,0.00,0.0,NO,STANDBY_VEL_LOW,0,0.00,4590.00,78.36,FALSE,M1_DIRECTION_MISMATCH
2026-09-07 15:34:27.004,1788795267.004,7406,54,533,4414.34,4414.42,8.0,PASS_<=10c,+0.0,FLAT,+0.0,+0.0,4.2,+0.00,0.00,SLOW,4414.34,4414.34,4414.34,4414.34,0.00,0.00,0.0,BULLISH,0.0,4414.34,4414.34,4414.34,4414.34,27,CLEARED_>=20s,1.0,0.0,0.0,0.0,0.0,0.0,0.0,PASS_<20%,0.00,0.0,NO,STANDBY_VEL_LOW,0,0.00,4590.00,78.36,FALSE,M1_DIRECTION_MISMATCH
2026-09-07 15:34:27.506,1788795267.506,7407,55,534,4414.34,4414.42,8.0,PASS_<=10c,+0.0,FLAT,+0.0,+0.0,4.2,+0.00,0.00,SLOW,4414.34,4414.34,4414.34,4414.34,0.00,0.00,0.0,BULLISH,0.0,4414.34,4414.34,4414.34,4414.34,27,CLEARED_>=20s,1.0,0.0,0.0,0.0,0.0,0.0,0.0,PASS_<20%,0.00,0.0,NO,STANDBY_VEL_LOW,0,0.00,4590.00,78.36,FALSE,M1_DIRECTION_MISMATCH
2026-09-07 15:34:28.008,1788795268.008,7408,56,535,4414.34,4414.42,8.0,PASS_<=10c,+0.0,FLAT,+0.0,+0.0,4.2,+0.00,0.00,SLOW,4414.34,4414.34,4414.34,4414.34,0.00,0.00,0.0,BULLISH,0.0,4414.34,4414.34,4414.34,4414.34,28,CLEARED_>=20s,1.0,0.0,0.0,0.0,0.0,0.0,0.0,PASS_<20%,0.00,0.0,NO,STANDBY_VEL_LOW,0,0.00,4590.00,78.36,FALSE,M1_DIRECTION_MISMATCH
2026-09-07 15:34:28.509,1788795268.509,7409,57,536,4414.34,4414.42,8.0,PASS_<=10c,+0.0,FLAT,+0.0,+0.0,4.2,+0.00,0.00,SLOW,4414.34,4414.34,4414.34,4414.34,0.00,0.00,0.0,BULLISH,0.0,4414.34,4414.34,4414.34,4414.34,28,CLEARED_>=20s,1.0,0.0,0.0,0.0,0.0,0.0,0.0,PASS_<20%,0.00,0.0,NO,STANDBY_VEL_LOW,0,0.00,4590.00,78.36,FALSE,M1_DIRECTION_MISMATCH
2026-09-07 15:34:29.010,1788795269.011,7410,58,537,4414.34,4414.42,8.0,PASS_<=10c,+0.0,FLAT,+0.0,+0.0,4.2,+0.00,0.00,SLOW,4414.34,4414.34,4414.34,4414.34,0.00,0.00,0.0,BULLISH,0.0,4414.34,4414.34,4414.34,4414.34,29,CLEARED_>=20s,1.0,0.0,0.0,0.0,0.0,0.0,0.0,PASS_<20%,0.00,0.0,NO,STANDBY_VEL_LOW,0,0.00,4590.00,78.36,FALSE,M1_DIRECTION_MISMATCH
2026-09-07 15:34:29.511,1788795269.512,7411,59,538,4414.34,4414.42,8.0,PASS_<=10c,+0.0,FLAT,+0.0,+0.0,4.2,+0.00,0.00,SLOW,4414.34,4414.34,4414.34,4414.34,0.00,0.00,0.0,BULLISH,0.0,4414.34,4414.34,4414.34,4414.34,29,CLEARED_>=20s,1.0,0.0,0.0,0.0,0.0,0.0,0.0,PASS_<20%,0.00,0.0,NO,STANDBY_VEL_LOW,0,0.00,4590.00,78.36,FALSE,M1_DIRECTION_MISMATCH
2026-09-07 15:34:30.014,1788795270.014,7412,60,539,4414.34,4414.42,8.0,PASS_<=10c,+0.0,FLAT,+0.0,+0.0,4.2,+0.00,0.00,SLOW,4414.34,4414.34,4414.34,4414.34,0.00,0.00,0.0,BULLISH,0.0,4414.34,4414.34,4414.34,4414.34,30,CLEARED_>=20s,1.0,0.0,0.0,0.0,0.0,0.0,0.0,PASS_<20%,0.00,0.0,NO,STANDBY_VEL_LOW,0,0.00,4590.00,78.36,FALSE,M1_DIRECTION_MISMATCH
2026-09-07 15:34:30.515,1788795270.516,7413,61,540,4414.34,4414.42,8.0,PASS_<=10c,+0.0,FLAT,+0.0,+0.0,4.2,+0.00,0.00,SLOW,4414.34,4414.34,4414.34,4414.34,0.00,0.00,0.0,BULLISH,0.0,4414.34,4414.34,4414.34,4414.34,30,CLEARED_>=20s,1.0,0.0,0.0,0.0,0.0,0.0,0.0,PASS_<20%,0.00,0.0,NO,STANDBY_VEL_LOW,0,0.00,4590.00,78.36,FALSE,M1_DIRECTION_MISMATCH
2026-09-07 15:34:31.018,1788795271.019,7414,62,541,4414.34,4414.42,8.0,PASS_<=10c,+0.0,FLAT,+0.0,+0.0,4.2,+0.00,0.00,SLOW,4414.34,4414.34,4414.34,4414.34,0.00,0.00,0.0,BULLISH,0.0,4414.34,4414.34,4414.34,4414.34,31,CLEARED_>=20s,1.0,0.0,0.0,0.0,0.0,0.0,0.0,PASS_<20%,0.00,0.0,NO,STANDBY_VEL_LOW,0,0.00,4590.00,78.36,FALSE,M1_DIRECTION_MISMATCH
2026-09-07 15:34:31.518,1788795271.519,7415,63,542,4414.34,4414.42,8.0,PASS_<=10c,+0.0,FLAT,+0.0,+0.0,4.2,+0.00,0.00,SLOW,4414.34,4414.34,4414.34,4414.34,0.00,0.00,0.0,BULLISH,0.0,4414.34,4414.34,4414.34,4414.34,31,CLEARED_>=20s,1.0,0.0,0.0,0.0,0.0,0.0,0.0,PASS_<20%,0.00,0.0,NO,STANDBY_VEL_LOW,0,0.00,4590.00,78.36,FALSE,M1_DIRECTION_MISMATCH
2026-09-07 15:34:32.020,1788795272.021,7416,64,543,4414.34,4414.42,8.0,PASS_<=10c,+0.0,FLAT,+0.0,+0.0,4.2,+0.00,0.00,SLOW,4414.34,4414.34,4414.34,4414.34,0.00,0.00,0.0,BULLISH,0.0,4414.34,4414.34,4414.34,4414.34,32,CLEARED_>=20s,1.0,0.0,0.0,0.0,0.0,0.0,0.0,PASS_<20%,0.00,0.0,NO,STANDBY_VEL_LOW,0,0.00,4590.00,78.36,FALSE,M1_DIRECTION_MISMATCH
2026-09-07 15:34:32.522,1788795272.522,7417,65,544,4414.34,4414.42,8.0,PASS_<=10c,+0.0,FLAT,+0.0,+0.0,4.2,+0.00,0.00,SLOW,4414.34,4414.34,4414.34,4414.34,0.00,0.00,0.0,BULLISH,0.0,4414.34,4414.34,4414.34,4414.34,32,CLEARED_>=20s,1.0,0.0,0.0,0.0,0.0,0.0,0.0,PASS_<20%,0.00,0.0,NO,STANDBY_VEL_LOW,0,0.00,4590.00,78.36,FALSE,M1_DIRECTION_MISMATCH
2026-09-07 15:34:33.024,1788795273.025,7418,66,545,4414.34,4414.42,8.0,PASS_<=10c,+0.0,FLAT,+0.0,+0.0,4.2,+0.00,0.00,SLOW,4414.34,4414.34,4414.34,4414.34,0.00,0.00,0.0,BULLISH,0.0,4414.34,4414.34,4414.34,4414.34,33,CLEARED_>=20s,1.0,0.0,0.0,0.0,0.0,0.0,0.0,PASS_<20%,0.00,0.0,NO,STANDBY_VEL_LOW,0,0.00,4590.00,78.36,FALSE,M1_DIRECTION_MISMATCH
2026-09-07 15:34:33.525,1788795273.526,7419,67,546,4414.34,4414.42,8.0,PASS_<=10c,+0.0,FLAT,+0.0,+0.0,4.2,+0.00,0.00,SLOW,4414.34,4414.34,4414.34,4414.34,0.00,0.00,0.0,BULLISH,0.0,4414.34,4414.34,4414.34,4414.34,33,CLEARED_>=20s,1.0,0.0,0.0,0.0,0.0,0.0,0.0,PASS_<20%,0.00,0.0,NO,STANDBY_VEL_LOW,0,0.00,4590.00,78.36,FALSE,M1_DIRECTION_MISMATCH
2026-09-07 15:34:34.027,1788795274.028,7420,68,547,4414.34,4414.42,8.0,PASS_<=10c,+0.0,FLAT,+0.0,+0.0,4.2,+0.00,0.00,SLOW,4414.34,4414.34,4414.34,4414.34,0.00,0.00,0.0,BULLISH,0.0,4414.34,4414.34,4414.34,4414.34,34,CLEARED_>=20s,1.0,0.0,0.0,0.0,0.0,0.0,0.0,PASS_<20%,0.00,0.0,NO,STANDBY_VEL_LOW,0,0.00,4590.00,78.36,FALSE,M1_DIRECTION_MISMATCH
2026-09-07 15:34:34.529,1788795274.530,7421,69,548,4414.34,4414.42,8.0,PASS_<=10c,+0.0,FLAT,+0.0,+0.0,4.2,+0.00,0.00,SLOW,4414.34,4414.34,4414.34,4414.34,0.00,0.00,0.0,BULLISH,0.0,4414.34,4414.34,4414.34,4414.34,34,CLEARED_>=20s,1.0,0.0,0.0,0.0,0.0,0.0,0.0,PASS_<20%,0.00,0.0,NO,STANDBY_VEL_LOW,0,0.00,4590.00,78.36,FALSE,M1_DIRECTION_MISMATCH
2026-09-07 15:34:35.031,1788795275.032,7422,70,549,4414.34,4414.42,8.0,PASS_<=10c,+0.0,FLAT,+0.0,+0.0,4.2,+0.00,0.00,SLOW,4414.34,4414.34,4414.34,4414.34,0.00,0.00,0.0,BULLISH,0.0,4414.34,4414.34,4414.34,4414.34,35,CLEARED_>=20s,1.0,0.0,0.0,0.0,0.0,0.0,0.0,PASS_<20%,0.00,0.0,NO,STANDBY_VEL_LOW,0,0.00,4590.00,78.36,FALSE,M1_DIRECTION_MISMATCH
2026-09-07 15:34:35.533,1788795275.534,7423,71,550,4414.34,4414.42,8.0,PASS_<=10c,+0.0,FLAT,+0.0,+0.0,4.2,+0.00,0.00,SLOW,4414.34,4414.34,4414.34,4414.34,0.00,0.00,0.0,BULLISH,0.0,4414.34,4414.34,4414.34,4414.34,35,CLEARED_>=20s,1.0,0.0,0.0,0.0,0.0,0.0,0.0,PASS_<20%,0.00,0.0,NO,STANDBY_VEL_LOW,0,0.00,4590.00,78.36,FALSE,M1_DIRECTION_MISMATCH
2026-09-07 15:34:36.035,1788795276.036,7424,72,551,4414.34,4414.42,8.0,PASS_<=10c,+0.0,FLAT,+0.0,+0.0,4.2,+0.00,0.00,SLOW,4414.34,4414.34,4414.34,4414.34,0.00,0.00,0.0,BULLISH,0.0,4414.34,4414.34,4414.34,4414.34,36,CLEARED_>=20s,1.0,0.0,0.0,0.0,0.0,0.0,0.0,PASS_<20%,0.00,0.0,NO,STANDBY_VEL_LOW,0,0.00,4590.00,78.36,FALSE,M1_DIRECTION_MISMATCH
2026-09-07 15:34:36.537,1788795276.537,7425,73,552,4414.34,4414.42,8.0,PASS_<=10c,+0.0,FLAT,+0.0,+0.0,4.2,+0.00,0.00,SLOW,4414.34,4414.34,4414.34,4414.34,0.00,0.00,0.0,BULLISH,0.0,4414.34,4414.34,4414.34,4414.34,36,CLEARED_>=20s,1.0,0.0,0.0,0.0,0.0,0.0,0.0,PASS_<20%,0.00,0.0,NO,STANDBY_VEL_LOW,0,0.00,4590.00,78.36,FALSE,M1_DIRECTION_MISMATCH
2026-09-07 15:34:37.038,1788795277.038,7426,74,553,4414.34,4414.42,8.0,PASS_<=10c,+0.0,FLAT,+0.0,+0.0,4.2,+0.00,0.00,SLOW,4414.34,4414.34,4414.34,4414.34,0.00,0.00,0.0,BULLISH,0.0,4414.34,4414.34,4414.34,4414.34,37,CLEARED_>=20s,1.0,0.0,0.0,0.0,0.0,0.0,0.0,PASS_<20%,0.00,0.0,NO,STANDBY_VEL_LOW,0,0.00,4590.00,78.36,FALSE,M1_DIRECTION_MISMATCH
2026-09-07 15:34:37.540,1788795277.540,7427,75,554,4414.34,4414.42,8.0,PASS_<=10c,+0.0,FLAT,+0.0,+0.0,4.2,+0.00,0.00,SLOW,4414.34,4414.34,4414.34,4414.34,0.00,0.00,0.0,BULLISH,0.0,4414.34,4414.34,4414.34,4414.34,37,CLEARED_>=20s,1.0,0.0,0.0,0.0,0.0,0.0,0.0,PASS_<20%,0.00,0.0,NO,STANDBY_VEL_LOW,0,0.00,4590.00,78.36,FALSE,M1_DIRECTION_MISMATCH
2026-09-07 15:34:38.041,1788795278.041,7428,76,555,4414.34,4414.42,8.0,PASS_<=10c,+0.0,FLAT,+0.0,+0.0,4.2,+0.00,0.00,SLOW,4414.34,4414.34,4414.34,4414.34,0.00,0.00,0.0,BULLISH,0.0,4414.34,4414.34,4414.34,4414.34,38,CLEARED_>=20s,1.0,0.0,0.0,0.0,0.0,0.0,0.0,PASS_<20%,0.00,0.0,NO,STANDBY_VEL_LOW,0,0.00,4590.00,78.36,FALSE,M1_DIRECTION_MISMATCH
2026-09-07 15:34:38.542,1788795278.543,7429,77,556,4414.34,4414.42,8.0,PASS_<=10c,+0.0,FLAT,+0.0,+0.0,4.2,+0.00,0.00,SLOW,4414.34,4414.34,4414.34,4414.34,0.00,0.00,0.0,BULLISH,0.0,4414.34,4414.34,4414.34,4414.34,38,CLEARED_>=20s,1.0,0.0,0.0,0.0,0.0,0.0,0.0,PASS_<20%,0.00,0.0,NO,STANDBY_VEL_LOW,0,0.00,4590.00,78.36,FALSE,M1_DIRECTION_MISMATCH
2026-09-07 15:34:39.044,1788795279.044,7430,78,557,4414.34,4414.42,8.0,PASS_<=10c,+0.0,FLAT,+0.0,+0.0,4.2,+0.00,0.00,SLOW,4414.34,4414.34,4414.34,4414.34,0.00,0.00,0.0,BULLISH,0.0,4414.34,4414.34,4414.34,4414.34,39,CLEARED_>=20s,1.0,0.0,0.0,0.0,0.0,0.0,0.0,PASS_<20%,0.00,0.0,NO,STANDBY_VEL_LOW,0,0.00,4590.00,78.36,FALSE,M1_DIRECTION_MISMATCH
2026-09-07 15:34:39.546,1788795279.546,7431,79,558,4414.34,4414.42,8.0,PASS_<=10c,+0.0,FLAT,+0.0,+0.0,4.2,+0.00,0.00,SLOW,4414.34,4414.34,4414.34,4414.34,0.00,0.00,0.0,BULLISH,0.0,4414.34,4414.34,4414.34,4414.34,39,CLEARED_>=20s,1.0,0.0,0.0,0.0,0.0,0.0,0.0,PASS_<20%,0.00,0.0,NO,STANDBY_VEL_LOW,0,0.00,4590.00,78.36,FALSE,M1_DIRECTION_MISMATCH
2026-09-07 15:34:40.047,1788795280.048,7432,80,559,4414.34,4414.42,8.0,PASS_<=10c,+0.0,FLAT,+0.0,+0.0,4.2,+0.00,0.00,SLOW,4414.34,4414.34,4414.34,4414.34,0.00,0.00,0.0,BULLISH,0.0,4414.34,4414.34,4414.34,4414.34,40,CLEARED_>=20s,1.0,0.0,0.0,0.0,0.0,0.0,0.0,PASS_<20%,0.00,0.0,NO,STANDBY_VEL_LOW,0,0.00,4590.00,78.36,FALSE,M1_DIRECTION_MISMATCH
2026-09-07 15:34:40.549,1788795280.550,7433,81,560,4414.34,4414.42,8.0,PASS_<=10c,+0.0,FLAT,+0.0,+0.0,4.2,+0.00,0.00,SLOW,4414.34,4414.34,4414.34,4414.34,0.00,0.00,0.0,BULLISH,0.0,4414.34,4414.34,4414.34,4414.34,40,CLEARED_>=20s,1.0,0.0,0.0,0.0,0.0,0.0,0.0,PASS_<20%,0.00,0.0,NO,STANDBY_VEL_LOW,0,0.00,4590.00,78.36,FALSE,M1_DIRECTION_MISMATCH
2026-09-07 15:34:41.050,1788795281.051,7434,82,561,4414.34,4414.42,8.0,PASS_<=10c,+0.0,FLAT,+0.0,+0.0,4.2,+0.00,0.00,SLOW,4414.34,4414.34,4414.34,4414.34,0.00,0.00,0.0,BULLISH,0.0,4414.34,4414.34,4414.34,4414.34,41,CLEARED_>=20s,1.0,0.0,0.0,0.0,0.0,0.0,0.0,PASS_<20%,0.00,0.0,NO,STANDBY_VEL_LOW,0,0.00,4590.00,78.36,FALSE,M1_DIRECTION_MISMATCH
2026-09-07 15:34:41.552,1788795281.553,7435,83,562,4414.34,4414.42,8.0,PASS_<=10c,+0.0,FLAT,+0.0,+0.0,4.2,+0.00,0.00,SLOW,4414.34,4414.34,4414.34,4414.34,0.00,0.00,0.0,BULLISH,0.0,4414.34,4414.34,4414.34,4414.34,41,CLEARED_>=20s,1.0,0.0,0.0,0.0,0.0,0.0,0.0,PASS_<20%,0.00,0.0,NO,STANDBY_VEL_LOW,0,0.00,4590.00,78.36,FALSE,M1_DIRECTION_MISMATCH
2026-09-07 15:34:42.054,1788795282.054,7436,84,563,4414.34,4414.42,8.0,PASS_<=10c,+0.0,FLAT,+0.0,+0.0,4.2,+0.00,0.00,SLOW,4414.34,4414.34,4414.34,4414.34,0.00,0.00,0.0,BULLISH,0.0,4414.34,4414.34,4414.34,4414.34,42,CLEARED_>=20s,1.0,0.0,0.0,0.0,0.0,0.0,0.0,PASS_<20%,0.00,0.0,NO,STANDBY_VEL_LOW,0,0.00,4590.00,78.36,FALSE,M1_DIRECTION_MISMATCH
2026-09-07 15:34:42.555,1788795282.556,7437,85,564,4414.34,4414.42,8.0,PASS_<=10c,+0.0,FLAT,+0.0,+0.0,4.2,+0.00,0.00,SLOW,4414.34,4414.34,4414.34,4414.34,0.00,0.00,0.0,BULLISH,0.0,4414.34,4414.34,4414.34,4414.34,42,CLEARED_>=20s,1.0,0.0,0.0,0.0,0.0,0.0,0.0,PASS_<20%,0.00,0.0,NO,STANDBY_VEL_LOW,0,0.00,4590.00,78.36,FALSE,M1_DIRECTION_MISMATCH
2026-09-07 15:34:43.057,1788795283.058,7438,86,565,4414.34,4414.42,8.0,PASS_<=10c,+0.0,FLAT,+0.0,+0.0,4.2,+0.00,0.00,SLOW,4414.34,4414.34,4414.34,4414.34,0.00,0.00,0.0,BULLISH,0.0,4414.34,4414.34,4414.34,4414.34,43,CLEARED_>=20s,1.0,0.0,0.0,0.0,0.0,0.0,0.0,PASS_<20%,0.00,0.0,NO,STANDBY_VEL_LOW,0,0.00,4590.00,78.36,FALSE,M1_DIRECTION_MISMATCH
2026-09-07 15:34:43.595,1788795283.595,7439,87,566,4414.34,4414.42,8.0,PASS_<=10c,+0.0,FLAT,+0.0,+0.0,4.2,+0.00,0.00,SLOW,4414.34,4414.34,4414.34,4414.34,0.00,0.00,0.0,BULLISH,0.0,4414.34,4414.34,4414.34,4414.34,43,CLEARED_>=20s,1.0,0.0,0.0,0.0,0.0,0.0,0.0,PASS_<20%,0.00,0.0,NO,STANDBY_VEL_LOW,0,0.00,4590.00,78.36,FALSE,M1_DIRECTION_MISMATCH
2026-09-07 15:34:44.094,1788795284.094,7440,88,567,4414.34,4414.42,8.0,PASS_<=10c,+0.0,FLAT,+0.0,+0.0,4.2,+0.00,0.00,SLOW,4414.34,4414.34,4414.34,4414.34,0.00,0.00,0.0,BULLISH,0.0,4414.34,4414.34,4414.34,4414.34,44,CLEARED_>=20s,1.0,0.0,0.0,0.0,0.0,0.0,0.0,PASS_<20%,0.00,0.0,NO,STANDBY_VEL_LOW,0,0.00,4590.00,78.36,FALSE,M1_DIRECTION_MISMATCH
2026-09-07 15:34:44.595,1788795284.596,7441,89,568,4414.34,4414.42,8.0,PASS_<=10c,+0.0,FLAT,+0.0,+0.0,4.2,+0.00,0.00,SLOW,4414.34,4414.34,4414.34,4414.34,0.00,0.00,0.0,BULLISH,0.0,4414.34,4414.34,4414.34,4414.34,44,CLEARED_>=20s,1.0,0.0,0.0,0.0,0.0,0.0,0.0,PASS_<20%,0.00,0.0,NO,STANDBY_VEL_LOW,0,0.00,4590.00,78.36,FALSE,M1_DIRECTION_MISMATCH
2026-09-07 15:34:45.097,1788795285.098,7442,90,569,4414.34,4414.42,8.0,PASS_<=10c,+0.0,FLAT,+0.0,+0.0,4.2,+0.00,0.00,SLOW,4414.34,4414.34,4414.34,4414.34,0.00,0.00,0.0,BULLISH,0.0,4414.34,4414.34,4414.34,4414.34,45,CLEARED_>=20s,1.0,0.0,0.0,0.0,0.0,0.0,0.0,PASS_<20%,0.00,0.0,NO,STANDBY_VEL_LOW,0,0.00,4590.00,78.36,FALSE,M1_DIRECTION_MISMATCH
2026-09-07 15:34:45.599,1788795285.600,7443,91,570,4414.34,4414.42,8.0,PASS_<=10c,+0.0,FLAT,+0.0,+0.0,4.2,+0.00,0.00,SLOW,4414.34,4414.34,4414.34,4414.34,0.00,0.00,0.0,BULLISH,0.0,4414.34,4414.34,4414.34,4414.34,45,CLEARED_>=20s,1.0,0.0,0.0,0.0,0.0,0.0,0.0,PASS_<20%,0.00,0.0,NO,STANDBY_VEL_LOW,0,0.00,4590.00,78.36,FALSE,M1_DIRECTION_MISMATCH
2026-09-07 15:34:46.101,1788795286.101,7444,92,571,4414.34,4414.42,8.0,PASS_<=10c,+0.0,FLAT,+0.0,+0.0,4.2,+0.00,0.00,SLOW,4414.34,4414.34,4414.34,4414.34,0.00,0.00,0.0,BULLISH,0.0,4414.34,4414.34,4414.34,4414.34,46,CLEARED_>=20s,1.0,0.0,0.0,0.0,0.0,0.0,0.0,PASS_<20%,0.00,0.0,NO,STANDBY_VEL_LOW,0,0.00,4590.00,78.36,FALSE,M1_DIRECTION_MISMATCH
2026-09-07 15:34:46.602,1788795286.603,7445,93,572,4414.34,4414.42,8.0,PASS_<=10c,+0.0,FLAT,+0.0,+0.0,4.2,+0.00,0.00,SLOW,4414.34,4414.34,4414.34,4414.34,0.00,0.00,0.0,BULLISH,0.0,4414.34,4414.34,4414.34,4414.34,46,CLEARED_>=20s,1.0,0.0,0.0,0.0,0.0,0.0,0.0,PASS_<20%,0.00,0.0,NO,STANDBY_VEL_LOW,0,0.00,4590.00,78.36,FALSE,M1_DIRECTION_MISMATCH
2026-09-07 15:34:47.104,1788795287.105,7446,94,573,4414.34,4414.42,8.0,PASS_<=10c,+0.0,FLAT,+0.0,+0.0,4.2,+0.00,0.00,SLOW,4414.34,4414.34,4414.34,4414.34,0.00,0.00,0.0,BULLISH,0.0,4414.34,4414.34,4414.34,4414.34,47,CLEARED_>=20s,1.0,0.0,0.0,0.0,0.0,0.0,0.0,PASS_<20%,0.00,0.0,NO,STANDBY_VEL_LOW,0,0.00,4590.00,78.36,FALSE,M1_DIRECTION_MISMATCH
2026-09-07 15:34:47.606,1788795287.607,7447,95,574,4414.34,4414.42,8.0,PASS_<=10c,+0.0,FLAT,+0.0,+0.0,4.2,+0.00,0.00,SLOW,4414.34,4414.34,4414.34,4414.34,0.00,0.00,0.0,BULLISH,0.0,4414.34,4414.34,4414.34,4414.34,47,CLEARED_>=20s,1.0,0.0,0.0,0.0,0.0,0.0,0.0,PASS_<20%,0.00,0.0,NO,STANDBY_VEL_LOW,0,0.00,4590.00,78.36,FALSE,M1_DIRECTION_MISMATCH
2026-09-07 15:34:48.108,1788795288.109,7448,96,575,4414.34,4414.42,8.0,PASS_<=10c,+0.0,FLAT,+0.0,+0.0,4.2,+0.00,0.00,SLOW,4414.34,4414.34,4414.34,4414.34,0.00,0.00,0.0,BULLISH,0.0,4414.34,4414.34,4414.34,4414.34,48,CLEARED_>=20s,1.0,0.0,0.0,0.0,0.0,0.0,0.0,PASS_<20%,0.00,0.0,NO,STANDBY_VEL_LOW,0,0.00,4590.00,78.36,FALSE,M1_DIRECTION_MISMATCH
2026-09-07 15:34:48.610,1788795288.610,7449,97,576,4414.34,4414.42,8.0,PASS_<=10c,+0.0,FLAT,+0.0,+0.0,4.2,+0.00,0.00,SLOW,4414.34,4414.34,4414.34,4414.34,0.00,0.00,0.0,BULLISH,0.0,4414.34,4414.34,4414.34,4414.34,48,CLEARED_>=20s,1.0,0.0,0.0,0.0,0.0,0.0,0.0,PASS_<20%,0.00,0.0,NO,STANDBY_VEL_LOW,0,0.00,4590.00,78.36,FALSE,M1_DIRECTION_MISMATCH
2026-09-07 15:34:49.112,1788795289.113,7450,98,577,4414.34,4414.42,8.0,PASS_<=10c,+0.0,FLAT,+0.0,+0.0,4.2,+0.00,0.00,SLOW,4414.34,4414.34,4414.34,4414.34,0.00,0.00,0.0,BULLISH,0.0,4414.34,4414.34,4414.34,4414.34,49,CLEARED_>=20s,1.0,0.0,0.0,0.0,0.0,0.0,0.0,PASS_<20%,0.00,0.0,NO,STANDBY_VEL_LOW,0,0.00,4590.00,78.36,FALSE,M1_DIRECTION_MISMATCH
2026-09-07 15:34:49.615,1788795289.615,7451,99,578,4414.34,4414.42,8.0,PASS_<=10c,+0.0,FLAT,+0.0,+0.0,4.2,+0.00,0.00,SLOW,4414.34,4414.34,4414.34,4414.34,0.00,0.00,0.0,BULLISH,0.0,4414.34,4414.34,4414.34,4414.34,49,CLEARED_>=20s,1.0,0.0,0.0,0.0,0.0,0.0,0.0,PASS_<20%,0.00,0.0,NO,STANDBY_VEL_LOW,0,0.00,4590.00,78.36,FALSE,M1_DIRECTION_MISMATCH
2026-09-07 15:34:50.118,1788795290.118,7452,100,579,4414.34,4414.42,8.0,PASS_<=10c,+0.0,FLAT,+0.0,+0.0,4.2,+0.00,0.00,SLOW,4414.34,4414.34,4414.34,4414.34,0.00,0.00,0.0,BULLISH,0.0,4414.34,4414.34,4414.34,4414.34,50,CLEARED_>=20s,1.0,0.0,0.0,0.0,0.0,0.0,0.0,PASS_<20%,0.00,0.0,NO,STANDBY_VEL_LOW,0,0.00,4590.00,78.36,FALSE,M1_DIRECTION_MISMATCH
2026-09-07 15:34:50.618,1788795290.619,7453,101,580,4414.34,4414.42,8.0,PASS_<=10c,+0.0,FLAT,+0.0,+0.0,4.2,+0.00,0.00,SLOW,4414.34,4414.34,4414.34,4414.34,0.00,0.00,0.0,BULLISH,0.0,4414.34,4414.34,4414.34,4414.34,50,CLEARED_>=20s,1.0,0.0,0.0,0.0,0.0,0.0,0.0,PASS_<20%,0.00,0.0,NO,STANDBY_VEL_LOW,0,0.00,4590.00,78.36,FALSE,M1_DIRECTION_MISMATCH
2026-09-07 15:34:51.120,1788795291.120,7454,102,581,4414.34,4414.42,8.0,PASS_<=10c,+0.0,FLAT,+0.0,+0.0,4.2,+0.00,0.00,SLOW,4414.34,4414.34,4414.34,4414.34,0.00,0.00,0.0,BULLISH,0.0,4414.34,4414.34,4414.34,4414.34,51,CLEARED_>=20s,1.0,0.0,0.0,0.0,0.0,0.0,0.0,PASS_<20%,0.00,0.0,NO,STANDBY_VEL_LOW,0,0.00,4590.00,78.36,FALSE,M1_DIRECTION_MISMATCH
2026-09-07 15:34:51.622,1788795291.623,7455,103,582,4414.34,4414.42,8.0,PASS_<=10c,+0.0,FLAT,+0.0,+0.0,4.2,+0.00,0.00,SLOW,4414.34,4414.34,4414.34,4414.34,0.00,0.00,0.0,BULLISH,0.0,4414.34,4414.34,4414.34,4414.34,51,CLEARED_>=20s,1.0,0.0,0.0,0.0,0.0,0.0,0.0,PASS_<20%,0.00,0.0,NO,STANDBY_VEL_LOW,0,0.00,4590.00,78.36,FALSE,M1_DIRECTION_MISMATCH
2026-09-07 15:34:52.124,1788795292.124,7456,104,583,4414.34,4414.42,8.0,PASS_<=10c,+0.0,FLAT,+0.0,+0.0,4.2,+0.00,0.00,SLOW,4414.34,4414.34,4414.34,4414.34,0.00,0.00,0.0,BULLISH,0.0,4414.34,4414.34,4414.34,4414.34,52,CLEARED_>=20s,1.0,0.0,0.0,0.0,0.0,0.0,0.0,PASS_<20%,0.00,0.0,NO,STANDBY_VEL_LOW,0,0.00,4590.00,78.36,FALSE,M1_DIRECTION_MISMATCH
2026-09-07 15:34:52.626,1788795292.626,7457,105,584,4414.34,4414.42,8.0,PASS_<=10c,+0.0,FLAT,+0.0,+0.0,4.2,+0.00,0.00,SLOW,4414.34,4414.34,4414.34,4414.34,0.00,0.00,0.0,BULLISH,0.0,4414.34,4414.34,4414.34,4414.34,52,CLEARED_>=20s,1.0,0.0,0.0,0.0,0.0,0.0,0.0,PASS_<20%,0.00,0.0,NO,STANDBY_VEL_LOW,0,0.00,4590.00,78.36,FALSE,M1_DIRECTION_MISMATCH
2026-09-07 15:34:53.129,1788795293.129,7458,106,585,4414.34,4414.42,8.0,PASS_<=10c,+0.0,FLAT,+0.0,+0.0,4.2,+0.00,0.00,SLOW,4414.34,4414.34,4414.34,4414.34,0.00,0.00,0.0,BULLISH,0.0,4414.34,4414.34,4414.34,4414.34,53,CLEARED_>=20s,1.0,0.0,0.0,0.0,0.0,0.0,0.0,PASS_<20%,0.00,0.0,NO,STANDBY_VEL_LOW,0,0.00,4590.00,78.36,FALSE,M1_DIRECTION_MISMATCH
2026-09-07 15:34:53.628,1788795293.629,7459,107,586,4414.34,4414.42,8.0,PASS_<=10c,+0.0,FLAT,+0.0,+0.0,4.2,+0.00,0.00,SLOW,4414.34,4414.34,4414.34,4414.34,0.00,0.00,0.0,BULLISH,0.0,4414.34,4414.34,4414.34,4414.34,53,CLEARED_>=20s,1.0,0.0,0.0,0.0,0.0,0.0,0.0,PASS_<20%,0.00,0.0,NO,STANDBY_VEL_LOW,0,0.00,4590.00,78.36,FALSE,M1_DIRECTION_MISMATCH
2026-09-07 15:34:54.130,1788795294.131,7460,108,587,4414.34,4414.42,8.0,PASS_<=10c,+0.0,FLAT,+0.0,+0.0,4.2,+0.00,0.00,SLOW,4414.34,4414.34,4414.34,4414.34,0.00,0.00,0.0,BULLISH,0.0,4414.34,4414.34,4414.34,4414.34,54,CLEARED_>=20s,1.0,0.0,0.0,0.0,0.0,0.0,0.0,PASS_<20%,0.00,0.0,NO,STANDBY_VEL_LOW,0,0.00,4590.00,78.36,FALSE,M1_DIRECTION_MISMATCH
2026-09-07 15:34:54.632,1788795294.633,7461,109,588,4414.34,4414.42,8.0,PASS_<=10c,+0.0,FLAT,+0.0,+0.0,4.2,+0.00,0.00,SLOW,4414.34,4414.34,4414.34,4414.34,0.00,0.00,0.0,BULLISH,0.0,4414.34,4414.34,4414.34,4414.34,54,CLEARED_>=20s,1.0,0.0,0.0,0.0,0.0,0.0,0.0,PASS_<20%,0.00,0.0,NO,STANDBY_VEL_LOW,0,0.00,4590.00,78.36,FALSE,M1_DIRECTION_MISMATCH
2026-09-07 15:34:55.133,1788795295.134,7462,110,589,4414.34,4414.42,8.0,PASS_<=10c,+0.0,FLAT,+0.0,+0.0,4.2,+0.00,0.00,SLOW,4414.34,4414.34,4414.34,4414.34,0.00,0.00,0.0,BULLISH,0.0,4414.34,4414.34,4414.34,4414.34,55,CLEARED_>=20s,1.0,0.0,0.0,0.0,0.0,0.0,0.0,PASS_<20%,0.00,0.0,NO,STANDBY_VEL_LOW,0,0.00,4590.00,78.36,FALSE,M1_DIRECTION_MISMATCH
2026-09-07 15:34:55.635,1788795295.636,7463,111,590,4414.34,4414.42,8.0,PASS_<=10c,+0.0,FLAT,+0.0,+0.0,4.2,+0.00,0.00,SLOW,4414.34,4414.34,4414.34,4414.34,0.00,0.00,0.0,BULLISH,0.0,4414.34,4414.34,4414.34,4414.34,55,CLEARED_>=20s,1.0,0.0,0.0,0.0,0.0,0.0,0.0,PASS_<20%,0.00,0.0,NO,STANDBY_VEL_LOW,0,0.00,4590.00,78.36,FALSE,M1_DIRECTION_MISMATCH
2026-09-07 15:34:56.137,1788795296.137,7464,112,591,4414.34,4414.42,8.0,PASS_<=10c,+0.0,FLAT,+0.0,+0.0,4.2,+0.00,0.00,SLOW,4414.34,4414.34,4414.34,4414.34,0.00,0.00,0.0,BULLISH,0.0,4414.34,4414.34,4414.34,4414.34,56,CLEARED_>=20s,1.0,0.0,0.0,0.0,0.0,0.0,0.0,PASS_<20%,0.00,0.0,NO,STANDBY_VEL_LOW,0,0.00,4590.00,78.36,FALSE,M1_DIRECTION_MISMATCH
2026-09-07 15:34:56.639,1788795296.639,7465,113,592,4414.34,4414.42,8.0,PASS_<=10c,+0.0,FLAT,+0.0,+0.0,4.2,+0.00,0.00,SLOW,4414.34,4414.34,4414.34,4414.34,0.00,0.00,0.0,BULLISH,0.0,4414.34,4414.34,4414.34,4414.34,56,CLEARED_>=20s,1.0,0.0,0.0,0.0,0.0,0.0,0.0,PASS_<20%,0.00,0.0,NO,STANDBY_VEL_LOW,0,0.00,4590.00,78.36,FALSE,M1_DIRECTION_MISMATCH
2026-09-07 15:34:57.140,1788795297.140,7466,114,593,4414.34,4414.42,8.0,PASS_<=10c,+0.0,FLAT,+0.0,+0.0,4.2,+0.00,0.00,SLOW,4414.34,4414.34,4414.34,4414.34,0.00,0.00,0.0,BULLISH,0.0,4414.34,4414.34,4414.34,4414.34,57,CLEARED_>=20s,1.0,0.0,0.0,0.0,0.0,0.0,0.0,PASS_<20%,0.00,0.0,NO,STANDBY_VEL_LOW,0,0.00,4590.00,78.36,FALSE,M1_DIRECTION_MISMATCH
2026-09-07 15:34:57.642,1788795297.643,7467,115,594,4414.34,4414.42,8.0,PASS_<=10c,+0.0,FLAT,+0.0,+0.0,4.2,+0.00,0.00,SLOW,4414.34,4414.34,4414.34,4414.34,0.00,0.00,0.0,BULLISH,0.0,4414.34,4414.34,4414.34,4414.34,57,CLEARED_>=20s,1.0,0.0,0.0,0.0,0.0,0.0,0.0,PASS_<20%,0.00,0.0,NO,STANDBY_VEL_LOW,0,0.00,4590.00,78.36,FALSE,M1_DIRECTION_MISMATCH
2026-09-07 15:34:58.145,1788795298.145,7468,116,595,4414.34,4414.42,8.0,PASS_<=10c,+0.0,FLAT,+0.0,+0.0,4.2,+0.00,0.00,SLOW,4414.34,4414.34,4414.34,4414.34,0.00,0.00,0.0,BULLISH,0.0,4414.34,4414.34,4414.34,4414.34,58,CLEARED_>=20s,1.0,0.0,0.0,0.0,0.0,0.0,0.0,PASS_<20%,0.00,0.0,NO,STANDBY_VEL_LOW,0,0.00,4590.00,78.36,FALSE,M1_DIRECTION_MISMATCH
2026-09-07 15:34:58.647,1788795298.647,7469,117,596,4414.34,4414.42,8.0,PASS_<=10c,+0.0,FLAT,+0.0,+0.0,4.2,+0.00,0.00,SLOW,4414.34,4414.34,4414.34,4414.34,0.00,0.00,0.0,BULLISH,0.0,4414.34,4414.34,4414.34,4414.34,58,CLEARED_>=20s,1.0,0.0,0.0,0.0,0.0,0.0,0.0,PASS_<20%,0.00,0.0,NO,STANDBY_VEL_LOW,0,0.00,4590.00,78.36,FALSE,M1_DIRECTION_MISMATCH
2026-09-07 15:34:59.150,1788795299.150,7470,118,597,4414.34,4414.42,8.0,PASS_<=10c,+0.0,FLAT,+0.0,+0.0,4.2,+0.00,0.00,SLOW,4414.34,4414.34,4414.34,4414.34,0.00,0.00,0.0,BULLISH,0.0,4414.34,4414.34,4414.34,4414.34,59,CLEARED_>=20s,1.0,0.0,0.0,0.0,0.0,0.0,0.0,PASS_<20%,0.00,0.0,NO,STANDBY_VEL_LOW,0,0.00,4590.00,78.36,FALSE,M1_DIRECTION_MISMATCH
2026-09-07 15:34:59.652,1788795299.652,7471,119,598,4414.34,4414.42,8.0,PASS_<=10c,+0.0,FLAT,+0.0,+0.0,4.2,+0.00,0.00,SLOW,4414.34,4414.34,4414.34,4414.34,0.00,0.00,0.0,BULLISH,0.0,4414.34,4414.34,4414.34,4414.34,59,CLEARED_>=20s,1.0,0.0,0.0,0.0,0.0,0.0,0.0,PASS_<20%,0.00,0.0,NO,STANDBY_VEL_LOW,0,0.00,4590.00,78.36,FALSE,M1_DIRECTION_MISMATCH
2026-09-07 15:35:00.160,1788795300.160,7472,1,1,4414.34,4414.42,8.0,PASS_<=10c,+0.0,FLAT,+0.0,+0.0,4.2,+0.00,0.00,SLOW,4414.34,4414.34,4414.34,4414.34,0.00,0.00,0.0,BULLISH,0.0,4414.34,4414.34,4414.34,4414.34,0,ACTIVE_0s,1.0,0.0,0.0,0.0,0.0,0.0,0.0,PASS_<20%,0.00,0.0,NO,STANDBY_VEL_LOW,0,0.00,4590.00,78.36,FALSE,M1_DIRECTION_MISMATCH|OPENING_SHIELD_ACTIVE_0s
2026-09-07 15:35:00.654,1788795300.655,7473,2,2,4414.34,4414.42,8.0,PASS_<=10c,+0.0,FLAT,+0.0,+0.0,4.2,+0.00,0.00,SLOW,4414.34,4414.34,4414.34,4414.34,0.00,0.00,0.0,BULLISH,0.0,4414.34,4414.34,4414.34,4414.34,0,ACTIVE_0s,1.0,0.0,0.0,0.0,0.0,0.0,0.0,PASS_<20%,0.00,0.0,NO,STANDBY_VEL_LOW,0,0.00,4590.00,78.36,FALSE,M1_DIRECTION_MISMATCH|OPENING_SHIELD_ACTIVE_0s
2026-09-07 15:35:01.156,1788795301.157,7474,3,3,4414.34,4414.42,8.0,PASS_<=10c,+0.0,FLAT,+0.0,+0.0,4.2,+0.00,0.00,SLOW,4414.34,4414.34,4414.34,4414.34,0.00,0.00,0.0,BULLISH,0.0,4414.34,4414.34,4414.34,4414.34,1,ACTIVE_1s,1.0,0.0,0.0,0.0,0.0,0.0,0.0,PASS_<20%,0.00,0.0,NO,STANDBY_VEL_LOW,0,0.00,4590.00,78.36,FALSE,M1_DIRECTION_MISMATCH|OPENING_SHIELD_ACTIVE_1s
2026-09-07 15:35:01.658,1788795301.658,7475,4,4,4414.34,4414.42,8.0,PASS_<=10c,+0.0,FLAT,+0.0,+0.0,4.2,+0.00,0.00,SLOW,4414.34,4414.34,4414.34,4414.34,0.00,0.00,0.0,BULLISH,0.0,4414.34,4414.34,4414.34,4414.34,1,ACTIVE_1s,1.0,0.0,0.0,0.0,0.0,0.0,0.0,PASS_<20%,0.00,0.0,NO,STANDBY_VEL_LOW,0,0.00,4590.00,78.36,FALSE,M1_DIRECTION_MISMATCH|OPENING_SHIELD_ACTIVE_1s
2026-09-07 15:35:02.159,1788795302.160,7476,5,5,4414.34,4414.42,8.0,PASS_<=10c,+0.0,FLAT,+0.0,+0.0,4.2,+0.00,0.00,SLOW,4414.34,4414.34,4414.34,4414.34,0.00,0.00,0.0,BULLISH,0.0,4414.34,4414.34,4414.34,4414.34,2,ACTIVE_2s,1.0,0.0,0.0,0.0,0.0,0.0,0.0,PASS_<20%,0.00,0.0,NO,STANDBY_VEL_LOW,0,0.00,4590.00,78.36,FALSE,M1_DIRECTION_MISMATCH|OPENING_SHIELD_ACTIVE_2s
2026-09-07 15:35:02.661,1788795302.662,7477,6,6,4414.34,4414.42,8.0,PASS_<=10c,+0.0,FLAT,+0.0,+0.0,4.2,+0.00,0.00,SLOW,4414.34,4414.34,4414.34,4414.34,0.00,0.00,0.0,BULLISH,0.0,4414.34,4414.34,4414.34,4414.34,2,ACTIVE_2s,1.0,0.0,0.0,0.0,0.0,0.0,0.0,PASS_<20%,0.00,0.0,NO,STANDBY_VEL_LOW,0,0.00,4590.00,78.36,FALSE,M1_DIRECTION_MISMATCH|OPENING_SHIELD_ACTIVE_2s
2026-09-07 15:35:03.163,1788795303.164,7478,7,7,4414.34,4414.42,8.0,PASS_<=10c,+0.0,FLAT,+0.0,+0.0,4.2,+0.00,0.00,SLOW,4414.34,4414.34,4414.34,4414.34,0.00,0.00,0.0,BULLISH,0.0,4414.34,4414.34,4414.34,4414.34,3,ACTIVE_3s,1.0,0.0,0.0,0.0,0.0,0.0,0.0,PASS_<20%,0.00,0.0,NO,STANDBY_VEL_LOW,0,0.00,4590.00,78.36,FALSE,M1_DIRECTION_MISMATCH|OPENING_SHIELD_ACTIVE_3s
2026-09-07 15:35:03.664,1788795303.665,7479,8,8,4414.34,4414.42,8.0,PASS_<=10c,+0.0,FLAT,+0.0,+0.0,4.2,+0.00,0.00,SLOW,4414.34,4414.34,4414.34,4414.34,0.00,0.00,0.0,BULLISH,0.0,4414.34,4414.34,4414.34,4414.34,3,ACTIVE_3s,1.0,0.0,0.0,0.0,0.0,0.0,0.0,PASS_<20%,0.00,0.0,NO,STANDBY_VEL_LOW,0,0.00,4590.00,78.36,FALSE,M1_DIRECTION_MISMATCH|OPENING_SHIELD_ACTIVE_3s
2026-09-07 15:35:04.167,1788795304.167,7480,9,9,4414.34,4414.42,8.0,PASS_<=10c,+0.0,FLAT,+0.0,+0.0,4.2,+0.00,0.00,SLOW,4414.34,4414.34,4414.34,4414.34,0.00,0.00,0.0,BULLISH,0.0,4414.34,4414.34,4414.34,4414.34,4,ACTIVE_4s,1.0,0.0,0.0,0.0,0.0,0.0,0.0,PASS_<20%,0.00,0.0,NO,STANDBY_VEL_LOW,0,0.00,4590.00,78.36,FALSE,M1_DIRECTION_MISMATCH|OPENING_SHIELD_ACTIVE_4s
2026-09-07 15:35:04.669,1788795304.669,7481,10,10,4414.34,4414.42,8.0,PASS_<=10c,+0.0,FLAT,+0.0,+0.0,4.2,+0.00,0.00,SLOW,4414.34,4414.34,4414.34,4414.34,0.00,0.00,0.0,BULLISH,0.0,4414.34,4414.34,4414.34,4414.34,4,ACTIVE_4s,1.0,0.0,0.0,0.0,0.0,0.0,0.0,PASS_<20%,0.00,0.0,NO,STANDBY_VEL_LOW,0,0.00,4590.00,78.36,FALSE,M1_DIRECTION_MISMATCH|OPENING_SHIELD_ACTIVE_4s
2026-09-07 15:35:05.170,1788795305.171,7482,11,11,4414.34,4414.42,8.0,PASS_<=10c,+0.0,FLAT,+0.0,+0.0,4.2,+0.00,0.00,SLOW,4414.34,4414.34,4414.34,4414.34,0.00,0.00,0.0,BULLISH,0.0,4414.34,4414.34,4414.34,4414.34,5,ACTIVE_5s,1.0,0.0,0.0,0.0,0.0,0.0,0.0,PASS_<20%,0.00,0.0,NO,STANDBY_VEL_LOW,0,0.00,4590.00,78.36,FALSE,M1_DIRECTION_MISMATCH|OPENING_SHIELD_ACTIVE_5s
2026-09-07 15:35:05.672,1788795305.672,7483,12,12,4414.34,4414.42,8.0,PASS_<=10c,+0.0,FLAT,+0.0,+0.0,4.2,+0.00,0.00,SLOW,4414.34,4414.34,4414.34,4414.34,0.00,0.00,0.0,BULLISH,0.0,4414.34,4414.34,4414.34,4414.34,5,ACTIVE_5s,1.0,0.0,0.0,0.0,0.0,0.0,0.0,PASS_<20%,0.00,0.0,NO,STANDBY_VEL_LOW,0,0.00,4590.00,78.36,FALSE,M1_DIRECTION_MISMATCH|OPENING_SHIELD_ACTIVE_5s
2026-09-07 15:35:06.174,1788795306.174,7484,13,13,4414.34,4414.42,8.0,PASS_<=10c,+0.0,FLAT,+0.0,+0.0,4.2,+0.00,0.00,SLOW,4414.34,4414.34,4414.34,4414.34,0.00,0.00,0.0,BULLISH,0.0,4414.34,4414.34,4414.34,4414.34,6,ACTIVE_6s,1.0,0.0,0.0,0.0,0.0,0.0,0.0,PASS_<20%,0.00,0.0,NO,STANDBY_VEL_LOW,0,0.00,4590.00,78.36,FALSE,M1_DIRECTION_MISMATCH|OPENING_SHIELD_ACTIVE_6s
2026-09-07 15:35:06.675,1788795306.676,7485,14,14,4414.34,4414.42,8.0,PASS_<=10c,+0.0,FLAT,+0.0,+0.0,4.2,+0.00,0.00,SLOW,4414.34,4414.34,4414.34,4414.34,0.00,0.00,0.0,BULLISH,0.0,4414.34,4414.34,4414.34,4414.34,6,ACTIVE_6s,1.0,0.0,0.0,0.0,0.0,0.0,0.0,PASS_<20%,0.00,0.0,NO,STANDBY_VEL_LOW,0,0.00,4590.00,78.36,FALSE,M1_DIRECTION_MISMATCH|OPENING_SHIELD_ACTIVE_6s
2026-09-07 15:35:07.176,1788795307.177,7486,15,15,4414.34,4414.42,8.0,PASS_<=10c,+0.0,FLAT,+0.0,+0.0,4.2,+0.00,0.00,SLOW,4414.34,4414.34,4414.34,4414.34,0.00,0.00,0.0,BULLISH,0.0,4414.34,4414.34,4414.34,4414.34,7,ACTIVE_7s,1.0,0.0,0.0,0.0,0.0,0.0,0.0,PASS_<20%,0.00,0.0,NO,STANDBY_VEL_LOW,0,0.00,4590.00,78.36,FALSE,M1_DIRECTION_MISMATCH|OPENING_SHIELD_ACTIVE_7s
2026-09-07 15:35:07.678,1788795307.678,7487,16,16,4414.34,4414.42,8.0,PASS_<=10c,+0.0,FLAT,+0.0,+0.0,4.2,+0.00,0.00,SLOW,4414.34,4414.34,4414.34,4414.34,0.00,0.00,0.0,BULLISH,0.0,4414.34,4414.34,4414.34,4414.34,7,ACTIVE_7s,1.0,0.0,0.0,0.0,0.0,0.0,0.0,PASS_<20%,0.00,0.0,NO,STANDBY_VEL_LOW,0,0.00,4590.00,78.36,FALSE,M1_DIRECTION_MISMATCH|OPENING_SHIELD_ACTIVE_7s
2026-09-07 15:35:08.180,1788795308.180,7488,17,17,4414.34,4414.42,8.0,PASS_<=10c,+0.0,FLAT,+0.0,+0.0,4.2,+0.00,0.00,SLOW,4414.34,4414.34,4414.34,4414.34,0.00,0.00,0.0,BULLISH,0.0,4414.34,4414.34,4414.34,4414.34,8,ACTIVE_8s,1.0,0.0,0.0,0.0,0.0,0.0,0.0,PASS_<20%,0.00,0.0,NO,STANDBY_VEL_LOW,0,0.00,4590.00,78.36,FALSE,M1_DIRECTION_MISMATCH|OPENING_SHIELD_ACTIVE_8s
2026-09-07 15:35:08.682,1788795308.682,7489,18,18,4414.34,4414.42,8.0,PASS_<=10c,+0.0,FLAT,+0.0,+0.0,4.2,+0.00,0.00,SLOW,4414.34,4414.34,4414.34,4414.34,0.00,0.00,0.0,BULLISH,0.0,4414.34,4414.34,4414.34,4414.34,8,ACTIVE_8s,1.0,0.0,0.0,0.0,0.0,0.0,0.0,PASS_<20%,0.00,0.0,NO,STANDBY_VEL_LOW,0,0.00,4590.00,78.36,FALSE,M1_DIRECTION_MISMATCH|OPENING_SHIELD_ACTIVE_8s
2026-09-07 15:35:09.183,1788795309.184,7490,19,19,4414.34,4414.42,8.0,PASS_<=10c,+0.0,FLAT,+0.0,+0.0,4.2,+0.00,0.00,SLOW,4414.34,4414.34,4414.34,4414.34,0.00,0.00,0.0,BULLISH,0.0,4414.34,4414.34,4414.34,4414.34,9,ACTIVE_9s,1.0,0.0,0.0,0.0,0.0,0.0,0.0,PASS_<20%,0.00,0.0,NO,STANDBY_VEL_LOW,0,0.00,4590.00,78.36,FALSE,M1_DIRECTION_MISMATCH|OPENING_SHIELD_ACTIVE_9s
2026-09-07 15:35:09.685,1788795309.686,7491,20,20,4414.34,4414.42,8.0,PASS_<=10c,+0.0,FLAT,+0.0,+0.0,4.2,+0.00,0.00,SLOW,4414.34,4414.34,4414.34,4414.34,0.00,0.00,0.0,BULLISH,0.0,4414.34,4414.34,4414.34,4414.34,9,ACTIVE_9s,1.0,0.0,0.0,0.0,0.0,0.0,0.0,PASS_<20%,0.00,0.0,NO,STANDBY_VEL_LOW,0,0.00,4590.00,78.36,FALSE,M1_DIRECTION_MISMATCH|OPENING_SHIELD_ACTIVE_9s
2026-09-07 15:35:10.187,1788795310.187,7492,21,21,4414.34,4414.42,8.0,PASS_<=10c,+0.0,FLAT,+0.0,+0.0,4.2,+0.00,0.00,SLOW,4414.34,4414.34,4414.34,4414.34,0.00,0.00,0.0,BULLISH,0.0,4414.34,4414.34,4414.34,4414.34,10,ACTIVE_10s,1.0,0.0,0.0,0.0,0.0,0.0,0.0,PASS_<20%,0.00,0.0,NO,STANDBY_VEL_LOW,0,0.00,4590.00,78.36,FALSE,M1_DIRECTION_MISMATCH|OPENING_SHIELD_ACTIVE_10s
2026-09-07 15:35:10.688,1788795310.689,7493,22,22,4414.34,4414.42,8.0,PASS_<=10c,+0.0,FLAT,+0.0,+0.0,4.2,+0.00,0.00,SLOW,4414.34,4414.34,4414.34,4414.34,0.00,0.00,0.0,BULLISH,0.0,4414.34,4414.34,4414.34,4414.34,10,ACTIVE_10s,1.0,0.0,0.0,0.0,0.0,0.0,0.0,PASS_<20%,0.00,0.0,NO,STANDBY_VEL_LOW,0,0.00,4590.00,78.36,FALSE,M1_DIRECTION_MISMATCH|OPENING_SHIELD_ACTIVE_10s
2026-09-07 15:35:11.190,1788795311.190,7494,23,23,4414.34,4414.42,8.0,PASS_<=10c,+0.0,FLAT,+0.0,+0.0,4.2,+0.00,0.00,SLOW,4414.34,4414.34,4414.34,4414.34,0.00,0.00,0.0,BULLISH,0.0,4414.34,4414.34,4414.34,4414.34,11,ACTIVE_11s,1.0,0.0,0.0,0.0,0.0,0.0,0.0,PASS_<20%,0.00,0.0,NO,STANDBY_VEL_LOW,0,0.00,4590.00,78.36,FALSE,M1_DIRECTION_MISMATCH|OPENING_SHIELD_ACTIVE_11s
2026-09-07 15:35:11.691,1788795311.691,7495,24,24,4414.34,4414.42,8.0,PASS_<=10c,+0.0,FLAT,+0.0,+0.0,4.2,+0.00,0.00,SLOW,4414.34,4414.34,4414.34,4414.34,0.00,0.00,0.0,BULLISH,0.0,4414.34,4414.34,4414.34,4414.34,11,ACTIVE_11s,1.0,0.0,0.0,0.0,0.0,0.0,0.0,PASS_<20%,0.00,0.0,NO,STANDBY_VEL_LOW,0,0.00,4590.00,78.36,FALSE,M1_DIRECTION_MISMATCH|OPENING_SHIELD_ACTIVE_11s
2026-09-07 15:35:12.193,1788795312.193,7496,25,25,4414.34,4414.42,8.0,PASS_<=10c,+0.0,FLAT,+0.0,+0.0,4.2,+0.00,0.00,SLOW,4414.34,4414.34,4414.34,4414.34,0.00,0.00,0.0,BULLISH,0.0,4414.34,4414.34,4414.34,4414.34,12,ACTIVE_12s,1.0,0.0,0.0,0.0,0.0,0.0,0.0,PASS_<20%,0.00,0.0,NO,STANDBY_VEL_LOW,0,0.00,4590.00,78.36,FALSE,M1_DIRECTION_MISMATCH|OPENING_SHIELD_ACTIVE_12s
2026-09-07 15:35:12.695,1788795312.696,7497,26,26,4414.34,4414.42,8.0,PASS_<=10c,+0.0,FLAT,+0.0,+0.0,4.2,+0.00,0.00,SLOW,4414.34,4414.34,4414.34,4414.34,0.00,0.00,0.0,BULLISH,0.0,4414.34,4414.34,4414.34,4414.34,12,ACTIVE_12s,1.0,0.0,0.0,0.0,0.0,0.0,0.0,PASS_<20%,0.00,0.0,NO,STANDBY_VEL_LOW,0,0.00,4590.00,78.36,FALSE,M1_DIRECTION_MISMATCH|OPENING_SHIELD_ACTIVE_12s
2026-09-07 15:35:13.197,1788795313.198,7498,27,27,4414.34,4414.42,8.0,PASS_<=10c,+0.0,FLAT,+0.0,+0.0,4.2,+0.00,0.00,SLOW,4414.34,4414.34,4414.34,4414.34,0.00,0.00,0.0,BULLISH,0.0,4414.34,4414.34,4414.34,4414.34,13,ACTIVE_13s,1.0,0.0,0.0,0.0,0.0,0.0,0.0,PASS_<20%,0.00,0.0,NO,STANDBY_VEL_LOW,0,0.00,4590.00,78.36,FALSE,M1_DIRECTION_MISMATCH|OPENING_SHIELD_ACTIVE_13s
2026-09-07 15:35:13.699,1788795313.699,7499,28,28,4414.34,4414.42,8.0,PASS_<=10c,+0.0,FLAT,+0.0,+0.0,4.2,+0.00,0.00,SLOW,4414.34,4414.34,4414.34,4414.34,0.00,0.00,0.0,BULLISH,0.0,4414.34,4414.34,4414.34,4414.34,13,ACTIVE_13s,1.0,0.0,0.0,0.0,0.0,0.0,0.0,PASS_<20%,0.00,0.0,NO,STANDBY_VEL_LOW,0,0.00,4590.00,78.36,FALSE,M1_DIRECTION_MISMATCH|OPENING_SHIELD_ACTIVE_13s
2026-09-07 15:35:14.205,1788795314.205,7500,29,29,4414.34,4414.42,8.0,PASS_<=10c,+0.0,FLAT,+0.0,+0.0,4.2,+0.00,0.00,SLOW,4414.34,4414.34,4414.34,4414.34,0.00,0.00,0.0,BULLISH,0.0,4414.34,4414.34,4414.34,4414.34,14,ACTIVE_14s,1.0,0.0,0.0,0.0,0.0,0.0,0.0,PASS_<20%,0.00,0.0,NO,STANDBY_VEL_LOW,0,0.00,4590.00,78.36,FALSE,M1_DIRECTION_MISMATCH|OPENING_SHIELD_ACTIVE_14s
2026-09-07 15:35:14.703,1788795314.704,7501,30,30,4414.34,4414.42,8.0,PASS_<=10c,+0.0,FLAT,+0.0,+0.0,4.2,+0.00,0.00,SLOW,4414.34,4414.34,4414.34,4414.34,0.00,0.00,0.0,BULLISH,0.0,4414.34,4414.34,4414.34,4414.34,14,ACTIVE_14s,1.0,0.0,0.0,0.0,0.0,0.0,0.0,PASS_<20%,0.00,0.0,NO,STANDBY_VEL_LOW,0,0.00,4590.00,78.36,FALSE,M1_DIRECTION_MISMATCH|OPENING_SHIELD_ACTIVE_14s
2026-09-07 15:35:15.204,1788795315.205,7502,31,31,4414.34,4414.42,8.0,PASS_<=10c,+0.0,FLAT,+0.0,+0.0,4.2,+0.00,0.00,SLOW,4414.34,4414.34,4414.34,4414.34,0.00,0.00,0.0,BULLISH,0.0,4414.34,4414.34,4414.34,4414.34,15,ACTIVE_15s,1.0,0.0,0.0,0.0,0.0,0.0,0.0,PASS_<20%,0.00,0.0,NO,STANDBY_VEL_LOW,0,0.00,4590.00,78.36,FALSE,M1_DIRECTION_MISMATCH|OPENING_SHIELD_ACTIVE_15s
2026-09-07 15:35:15.706,1788795315.707,7503,32,32,4414.34,4414.42,8.0,PASS_<=10c,+0.0,FLAT,+0.0,+0.0,4.2,+0.00,0.00,SLOW,4414.34,4414.34,4414.34,4414.34,0.00,0.00,0.0,BULLISH,0.0,4414.34,4414.34,4414.34,4414.34,15,ACTIVE_15s,1.0,0.0,0.0,0.0,0.0,0.0,0.0,PASS_<20%,0.00,0.0,NO,STANDBY_VEL_LOW,0,0.00,4590.00,78.36,FALSE,M1_DIRECTION_MISMATCH|OPENING_SHIELD_ACTIVE_15s
2026-09-07 15:35:16.207,1788795316.208,7504,33,33,4414.34,4414.42,8.0,PASS_<=10c,+0.0,FLAT,+0.0,+0.0,4.2,+0.00,0.00,SLOW,4414.34,4414.34,4414.34,4414.34,0.00,0.00,0.0,BULLISH,0.0,4414.34,4414.34,4414.34,4414.34,16,ACTIVE_16s,1.0,0.0,0.0,0.0,0.0,0.0,0.0,PASS_<20%,0.00,0.0,NO,STANDBY_VEL_LOW,0,0.00,4590.00,78.36,FALSE,M1_DIRECTION_MISMATCH|OPENING_SHIELD_ACTIVE_16s
2026-09-07 15:35:16.710,1788795316.710,7505,34,34,4414.34,4414.42,8.0,PASS_<=10c,+0.0,FLAT,+0.0,+0.0,4.2,+0.00,0.00,SLOW,4414.34,4414.34,4414.34,4414.34,0.00,0.00,0.0,BULLISH,0.0,4414.34,4414.34,4414.34,4414.34,16,ACTIVE_16s,1.0,0.0,0.0,0.0,0.0,0.0,0.0,PASS_<20%,0.00,0.0,NO,STANDBY_VEL_LOW,0,0.00,4590.00,78.36,FALSE,M1_DIRECTION_MISMATCH|OPENING_SHIELD_ACTIVE_16s
2026-09-07 15:35:17.211,1788795317.212,7506,35,35,4414.34,4414.42,8.0,PASS_<=10c,+0.0,FLAT,+0.0,+0.0,4.2,+0.00,0.00,SLOW,4414.34,4414.34,4414.34,4414.34,0.00,0.00,0.0,BULLISH,0.0,4414.34,4414.34,4414.34,4414.34,17,ACTIVE_17s,1.0,0.0,0.0,0.0,0.0,0.0,0.0,PASS_<20%,0.00,0.0,NO,STANDBY_VEL_LOW,0,0.00,4590.00,78.36,FALSE,M1_DIRECTION_MISMATCH|OPENING_SHIELD_ACTIVE_17s
2026-09-07 15:35:17.712,1788795317.713,7507,36,36,4414.34,4414.42,8.0,PASS_<=10c,+0.0,FLAT,+0.0,+0.0,4.2,+0.00,0.00,SLOW,4414.34,4414.34,4414.34,4414.34,0.00,0.00,0.0,BULLISH,0.0,4414.34,4414.34,4414.34,4414.34,17,ACTIVE_17s,1.0,0.0,0.0,0.0,0.0,0.0,0.0,PASS_<20%,0.00,0.0,NO,STANDBY_VEL_LOW,0,0.00,4590.00,78.36,FALSE,M1_DIRECTION_MISMATCH|OPENING_SHIELD_ACTIVE_17s
2026-09-07 15:35:18.214,1788795318.215,7508,37,37,4414.34,4414.42,8.0,PASS_<=10c,+0.0,FLAT,+0.0,+0.0,4.2,+0.00,0.00,SLOW,4414.34,4414.34,4414.34,4414.34,0.00,0.00,0.0,BULLISH,0.0,4414.34,4414.34,4414.34,4414.34,18,ACTIVE_18s,1.0,0.0,0.0,0.0,0.0,0.0,0.0,PASS_<20%,0.00,0.0,NO,STANDBY_VEL_LOW,0,0.00,4590.00,78.36,FALSE,M1_DIRECTION_MISMATCH|OPENING_SHIELD_ACTIVE_18s
2026-09-07 15:35:18.717,1788795318.717,7509,38,38,4414.34,4414.42,8.0,PASS_<=10c,+0.0,FLAT,+0.0,+0.0,4.2,+0.00,0.00,SLOW,4414.34,4414.34,4414.34,4414.34,0.00,0.00,0.0,BULLISH,0.0,4414.34,4414.34,4414.34,4414.34,18,ACTIVE_18s,1.0,0.0,0.0,0.0,0.0,0.0,0.0,PASS_<20%,0.00,0.0,NO,STANDBY_VEL_LOW,0,0.00,4590.00,78.36,FALSE,M1_DIRECTION_MISMATCH|OPENING_SHIELD_ACTIVE_18s
2026-09-07 15:35:19.218,1788795319.218,7510,39,39,4414.34,4414.42,8.0,PASS_<=10c,+0.0,FLAT,+0.0,+0.0,4.2,+0.00,0.00,SLOW,4414.34,4414.34,4414.34,4414.34,0.00,0.00,0.0,BULLISH,0.0,4414.34,4414.34,4414.34,4414.34,19,ACTIVE_19s,1.0,0.0,0.0,0.0,0.0,0.0,0.0,PASS_<20%,0.00,0.0,NO,STANDBY_VEL_LOW,0,0.00,4590.00,78.36,FALSE,M1_DIRECTION_MISMATCH|OPENING_SHIELD_ACTIVE_19s
2026-09-07 15:35:19.719,1788795319.720,7511,40,40,4414.34,4414.42,8.0,PASS_<=10c,+0.0,FLAT,+0.0,+0.0,4.2,+0.00,0.00,SLOW,4414.34,4414.34,4414.34,4414.34,0.00,0.00,0.0,BULLISH,0.0,4414.34,4414.34,4414.34,4414.34,19,ACTIVE_19s,1.0,0.0,0.0,0.0,0.0,0.0,0.0,PASS_<20%,0.00,0.0,NO,STANDBY_VEL_LOW,0,0.00,4590.00,78.36,FALSE,M1_DIRECTION_MISMATCH|OPENING_SHIELD_ACTIVE_19s
2026-09-07 15:35:20.221,1788795320.222,7512,41,41,4414.34,4414.42,8.0,PASS_<=10c,+0.0,FLAT,+0.0,+0.0,4.2,+0.00,0.00,SLOW,4414.34,4414.34,4414.34,4414.34,0.00,0.00,0.0,BULLISH,0.0,4414.34,4414.34,4414.34,4414.34,20,CLEARED_>=20s,1.0,0.0,0.0,0.0,0.0,0.0,0.0,PASS_<20%,0.00,0.0,NO,STANDBY_VEL_LOW,0,0.00,4590.00,78.36,FALSE,M1_DIRECTION_MISMATCH
2026-09-07 15:35:20.723,1788795320.723,7513,42,42,4414.34,4414.42,8.0,PASS_<=10c,+0.0,FLAT,+0.0,+0.0,4.2,+0.00,0.00,SLOW,4414.34,4414.34,4414.34,4414.34,0.00,0.00,0.0,BULLISH,0.0,4414.34,4414.34,4414.34,4414.34,20,CLEARED_>=20s,1.0,0.0,0.0,0.0,0.0,0.0,0.0,PASS_<20%,0.00,0.0,NO,STANDBY_VEL_LOW,0,0.00,4590.00,78.36,FALSE,M1_DIRECTION_MISMATCH
2026-09-07 15:35:21.225,1788795321.226,7514,43,43,4414.34,4414.42,8.0,PASS_<=10c,+0.0,FLAT,+0.0,+0.0,4.2,+0.00,0.00,SLOW,4414.34,4414.34,4414.34,4414.34,0.00,0.00,0.0,BULLISH,0.0,4414.34,4414.34,4414.34,4414.34,21,CLEARED_>=20s,1.0,0.0,0.0,0.0,0.0,0.0,0.0,PASS_<20%,0.00,0.0,NO,STANDBY_VEL_LOW,0,0.00,4590.00,78.36,FALSE,M1_DIRECTION_MISMATCH
2026-09-07 15:35:21.727,1788795321.728,7515,44,44,4414.34,4414.42,8.0,PASS_<=10c,+0.0,FLAT,+0.0,+0.0,4.2,+0.00,0.00,SLOW,4414.34,4414.34,4414.34,4414.34,0.00,0.00,0.0,BULLISH,0.0,4414.34,4414.34,4414.34,4414.34,21,CLEARED_>=20s,1.0,0.0,0.0,0.0,0.0,0.0,0.0,PASS_<20%,0.00,0.0,NO,STANDBY_VEL_LOW,0,0.00,4590.00,78.36,FALSE,M1_DIRECTION_MISMATCH
2026-09-07 15:35:22.229,1788795322.230,7516,45,45,4414.34,4414.42,8.0,PASS_<=10c,+0.0,FLAT,+0.0,+0.0,4.2,+0.00,0.00,SLOW,4414.34,4414.34,4414.34,4414.34,0.00,0.00,0.0,BULLISH,0.0,4414.34,4414.34,4414.34,4414.34,22,CLEARED_>=20s,1.0,0.0,0.0,0.0,0.0,0.0,0.0,PASS_<20%,0.00,0.0,NO,STANDBY_VEL_LOW,0,0.00,4590.00,78.36,FALSE,M1_DIRECTION_MISMATCH
2026-09-07 15:35:22.731,1788795322.732,7517,46,46,4414.34,4414.42,8.0,PASS_<=10c,+0.0,FLAT,+0.0,+0.0,4.2,+0.00,0.00,SLOW,4414.34,4414.34,4414.34,4414.34,0.00,0.00,0.0,BULLISH,0.0,4414.34,4414.34,4414.34,4414.34,22,CLEARED_>=20s,1.0,0.0,0.0,0.0,0.0,0.0,0.0,PASS_<20%,0.00,0.0,NO,STANDBY_VEL_LOW,0,0.00,4590.00,78.36,FALSE,M1_DIRECTION_MISMATCH
2026-09-07 15:35:23.233,1788795323.233,7518,47,47,4414.34,4414.42,8.0,PASS_<=10c,+0.0,FLAT,+0.0,+0.0,4.2,+0.00,0.00,SLOW,4414.34,4414.34,4414.34,4414.34,0.00,0.00,0.0,BULLISH,0.0,4414.34,4414.34,4414.34,4414.34,23,CLEARED_>=20s,1.0,0.0,0.0,0.0,0.0,0.0,0.0,PASS_<20%,0.00,0.0,NO,STANDBY_VEL_LOW,0,0.00,4590.00,78.36,FALSE,M1_DIRECTION_MISMATCH
2026-09-07 15:35:23.735,1788795323.735,7519,48,48,4414.34,4414.42,8.0,PASS_<=10c,+0.0,FLAT,+0.0,+0.0,4.2,+0.00,0.00,SLOW,4414.34,4414.34,4414.34,4414.34,0.00,0.00,0.0,BULLISH,0.0,4414.34,4414.34,4414.34,4414.34,23,CLEARED_>=20s,1.0,0.0,0.0,0.0,0.0,0.0,0.0,PASS_<20%,0.00,0.0,NO,STANDBY_VEL_LOW,0,0.00,4590.00,78.36,FALSE,M1_DIRECTION_MISMATCH
2026-09-07 15:35:24.237,1788795324.237,7520,49,49,4414.34,4414.42,8.0,PASS_<=10c,+0.0,FLAT,+0.0,+0.0,4.2,+0.00,0.00,SLOW,4414.34,4414.34,4414.34,4414.34,0.00,0.00,0.0,BULLISH,0.0,4414.34,4414.34,4414.34,4414.34,24,CLEARED_>=20s,1.0,0.0,0.0,0.0,0.0,0.0,0.0,PASS_<20%,0.00,0.0,NO,STANDBY_VEL_LOW,0,0.00,4590.00,78.36,FALSE,M1_DIRECTION_MISMATCH
2026-09-07 15:35:24.738,1788795324.739,7521,50,50,4414.34,4414.42,8.0,PASS_<=10c,+0.0,FLAT,+0.0,+0.0,4.2,+0.00,0.00,SLOW,4414.34,4414.34,4414.34,4414.34,0.00,0.00,0.0,BULLISH,0.0,4414.34,4414.34,4414.34,4414.34,24,CLEARED_>=20s,1.0,0.0,0.0,0.0,0.0,0.0,0.0,PASS_<20%,0.00,0.0,NO,STANDBY_VEL_LOW,0,0.00,4590.00,78.36,FALSE,M1_DIRECTION_MISMATCH
2026-09-07 15:35:25.241,1788795325.242,7522,51,51,4414.34,4414.42,8.0,PASS_<=10c,+0.0,FLAT,+0.0,+0.0,4.2,+0.00,0.00,SLOW,4414.34,4414.34,4414.34,4414.34,0.00,0.00,0.0,BULLISH,0.0,4414.34,4414.34,4414.34,4414.34,25,CLEARED_>=20s,1.0,0.0,0.0,0.0,0.0,0.0,0.0,PASS_<20%,0.00,0.0,NO,STANDBY_VEL_LOW,0,0.00,4590.00,78.36,FALSE,M1_DIRECTION_MISMATCH
2026-09-07 15:35:25.744,1788795325.744,7523,52,52,4414.34,4414.42,8.0,PASS_<=10c,+0.0,FLAT,+0.0,+0.0,4.2,+0.00,0.00,SLOW,4414.34,4414.34,4414.34,4414.34,0.00,0.00,0.0,BULLISH,0.0,4414.34,4414.34,4414.34,4414.34,25,CLEARED_>=20s,1.0,0.0,0.0,0.0,0.0,0.0,0.0,PASS_<20%,0.00,0.0,NO,STANDBY_VEL_LOW,0,0.00,4590.00,78.36,FALSE,M1_DIRECTION_MISMATCH
2026-09-07 15:35:26.244,1788795326.244,7524,53,53,4414.34,4414.42,8.0,PASS_<=10c,+0.0,FLAT,+0.0,+0.0,4.2,+0.00,0.00,SLOW,4414.34,4414.34,4414.34,4414.34,0.00,0.00,0.0,BULLISH,0.0,4414.34,4414.34,4414.34,4414.34,26,CLEARED_>=20s,1.0,0.0,0.0,0.0,0.0,0.0,0.0,PASS_<20%,0.00,0.0,NO,STANDBY_VEL_LOW,0,0.00,4590.00,78.36,FALSE,M1_DIRECTION_MISMATCH
2026-09-07 15:35:26.745,1788795326.745,7525,54,54,4414.34,4414.42,8.0,PASS_<=10c,+0.0,FLAT,+0.0,+0.0,4.2,+0.00,0.00,SLOW,4414.34,4414.34,4414.34,4414.34,0.00,0.00,0.0,BULLISH,0.0,4414.34,4414.34,4414.34,4414.34,26,CLEARED_>=20s,1.0,0.0,0.0,0.0,0.0,0.0,0.0,PASS_<20%,0.00,0.0,NO,STANDBY_VEL_LOW,0,0.00,4590.00,78.36,FALSE,M1_DIRECTION_MISMATCH
2026-09-07 15:35:27.266,1788795327.267,7526,55,55,4414.34,4414.42,8.0,PASS_<=10c,+0.0,FLAT,+0.0,+0.0,4.2,+0.00,0.00,SLOW,4414.34,4414.34,4414.34,4414.34,0.00,0.00,0.0,BULLISH,0.0,4414.34,4414.34,4414.34,4414.34,27,CLEARED_>=20s,1.0,0.0,0.0,0.0,0.0,0.0,0.0,PASS_<20%,0.00,0.0,NO,STANDBY_VEL_LOW,0,0.00,4590.00,78.36,FALSE,M1_DIRECTION_MISMATCH
2026-09-07 15:35:27.768,1788795327.769,7527,56,56,4414.34,4414.42,8.0,PASS_<=10c,+0.0,FLAT,+0.0,+0.0,4.2,+0.00,0.00,SLOW,4414.34,4414.34,4414.34,4414.34,0.00,0.00,0.0,BULLISH,0.0,4414.34,4414.34,4414.34,4414.34,27,CLEARED_>=20s,1.0,0.0,0.0,0.0,0.0,0.0,0.0,PASS_<20%,0.00,0.0,NO,STANDBY_VEL_LOW,0,0.00,4590.00,78.36,FALSE,M1_DIRECTION_MISMATCH
2026-09-07 15:35:28.269,1788795328.270,7528,57,57,4414.34,4414.42,8.0,PASS_<=10c,+0.0,FLAT,+0.0,+0.0,4.2,+0.00,0.00,SLOW,4414.34,4414.34,4414.34,4414.34,0.00,0.00,0.0,BULLISH,0.0,4414.34,4414.34,4414.34,4414.34,28,CLEARED_>=20s,1.0,0.0,0.0,0.0,0.0,0.0,0.0,PASS_<20%,0.00,0.0,NO,STANDBY_VEL_LOW,0,0.00,4590.00,78.36,FALSE,M1_DIRECTION_MISMATCH
2026-09-07 15:35:28.771,1788795328.771,7529,58,58,4414.34,4414.42,8.0,PASS_<=10c,+0.0,FLAT,+0.0,+0.0,4.2,+0.00,0.00,SLOW,4414.34,4414.34,4414.34,4414.34,0.00,0.00,0.0,BULLISH,0.0,4414.34,4414.34,4414.34,4414.34,28,CLEARED_>=20s,1.0,0.0,0.0,0.0,0.0,0.0,0.0,PASS_<20%,0.00,0.0,NO,STANDBY_VEL_LOW,0,0.00,4590.00,78.36,FALSE,M1_DIRECTION_MISMATCH
2026-09-07 15:35:29.272,1788795329.273,7530,59,59,4414.34,4414.42,8.0,PASS_<=10c,+0.0,FLAT,+0.0,+0.0,4.2,+0.00,0.00,SLOW,4414.34,4414.34,4414.34,4414.34,0.00,0.00,0.0,BULLISH,0.0,4414.34,4414.34,4414.34,4414.34,29,CLEARED_>=20s,1.0,0.0,0.0,0.0,0.0,0.0,0.0,PASS_<20%,0.00,0.0,NO,STANDBY_VEL_LOW,0,0.00,4590.00,78.36,FALSE,M1_DIRECTION_MISMATCH
2026-09-07 15:35:29.774,1788795329.775,7531,60,60,4414.34,4414.42,8.0,PASS_<=10c,+0.0,FLAT,+0.0,+0.0,4.2,+0.00,0.00,SLOW,4414.34,4414.34,4414.34,4414.34,0.00,0.00,0.0,BULLISH,0.0,4414.34,4414.34,4414.34,4414.34,29,CLEARED_>=20s,1.0,0.0,0.0,0.0,0.0,0.0,0.0,PASS_<20%,0.00,0.0,NO,STANDBY_VEL_LOW,0,0.00,4590.00,78.36,FALSE,M1_DIRECTION_MISMATCH
2026-09-07 15:35:30.275,1788795330.275,7532,61,61,4414.34,4414.42,8.0,PASS_<=10c,+0.0,FLAT,+0.0,+0.0,4.2,+0.00,0.00,SLOW,4414.34,4414.34,4414.34,4414.34,0.00,0.00,0.0,BULLISH,0.0,4414.34,4414.34,4414.34,4414.34,30,CLEARED_>=20s,1.0,0.0,0.0,0.0,0.0,0.0,0.0,PASS_<20%,0.00,0.0,NO,STANDBY_VEL_LOW,0,0.00,4590.00,78.36,FALSE,M1_DIRECTION_MISMATCH
2026-09-07 15:35:30.777,1788795330.778,7533,62,62,4414.34,4414.42,8.0,PASS_<=10c,+0.0,FLAT,+0.0,+0.0,4.2,+0.00,0.00,SLOW,4414.34,4414.34,4414.34,4414.34,0.00,0.00,0.0,BULLISH,0.0,4414.34,4414.34,4414.34,4414.34,30,CLEARED_>=20s,1.0,0.0,0.0,0.0,0.0,0.0,0.0,PASS_<20%,0.00,0.0,NO,STANDBY_VEL_LOW,0,0.00,4590.00,78.36,FALSE,M1_DIRECTION_MISMATCH
2026-09-07 15:35:31.280,1788795331.281,7534,63,63,4414.34,4414.42,8.0,PASS_<=10c,+0.0,FLAT,+0.0,+0.0,4.2,+0.00,0.00,SLOW,4414.34,4414.34,4414.34,4414.34,0.00,0.00,0.0,BULLISH,0.0,4414.34,4414.34,4414.34,4414.34,31,CLEARED_>=20s,1.0,0.0,0.0,0.0,0.0,0.0,0.0,PASS_<20%,0.00,0.0,NO,STANDBY_VEL_LOW,0,0.00,4590.00,78.36,FALSE,M1_DIRECTION_MISMATCH
2026-09-07 15:35:31.782,1788795331.783,7535,64,64,4414.34,4414.42,8.0,PASS_<=10c,+0.0,FLAT,+0.0,+0.0,4.2,+0.00,0.00,SLOW,4414.34,4414.34,4414.34,4414.34,0.00,0.00,0.0,BULLISH,0.0,4414.34,4414.34,4414.34,4414.34,31,CLEARED_>=20s,1.0,0.0,0.0,0.0,0.0,0.0,0.0,PASS_<20%,0.00,0.0,NO,STANDBY_VEL_LOW,0,0.00,4590.00,78.36,FALSE,M1_DIRECTION_MISMATCH
2026-09-07 15:35:32.284,1788795332.285,7536,65,65,4414.34,4414.42,8.0,PASS_<=10c,+0.0,FLAT,+0.0,+0.0,4.2,+0.00,0.00,SLOW,4414.34,4414.34,4414.34,4414.34,0.00,0.00,0.0,BULLISH,0.0,4414.34,4414.34,4414.34,4414.34,32,CLEARED_>=20s,1.0,0.0,0.0,0.0,0.0,0.0,0.0,PASS_<20%,0.00,0.0,NO,STANDBY_VEL_LOW,0,0.00,4590.00,78.36,FALSE,M1_DIRECTION_MISMATCH
2026-09-07 15:35:32.786,1788795332.787,7537,66,66,4414.34,4414.42,8.0,PASS_<=10c,+0.0,FLAT,+0.0,+0.0,4.2,+0.00,0.00,SLOW,4414.34,4414.34,4414.34,4414.34,0.00,0.00,0.0,BULLISH,0.0,4414.34,4414.34,4414.34,4414.34,32,CLEARED_>=20s,1.0,0.0,0.0,0.0,0.0,0.0,0.0,PASS_<20%,0.00,0.0,NO,STANDBY_VEL_LOW,0,0.00,4590.00,78.36,FALSE,M1_DIRECTION_MISMATCH
2026-09-07 15:35:33.288,1788795333.288,7538,67,67,4414.34,4414.42,8.0,PASS_<=10c,+0.0,FLAT,+0.0,+0.0,4.2,+0.00,0.00,SLOW,4414.34,4414.34,4414.34,4414.34,0.00,0.00,0.0,BULLISH,0.0,4414.34,4414.34,4414.34,4414.34,33,CLEARED_>=20s,1.0,0.0,0.0,0.0,0.0,0.0,0.0,PASS_<20%,0.00,0.0,NO,STANDBY_VEL_LOW,0,0.00,4590.00,78.36,FALSE,M1_DIRECTION_MISMATCH
2026-09-07 15:35:33.790,1788795333.790,7539,68,68,4414.34,4414.42,8.0,PASS_<=10c,+0.0,FLAT,+0.0,+0.0,4.2,+0.00,0.00,SLOW,4414.34,4414.34,4414.34,4414.34,0.00,0.00,0.0,BULLISH,0.0,4414.34,4414.34,4414.34,4414.34,33,CLEARED_>=20s,1.0,0.0,0.0,0.0,0.0,0.0,0.0,PASS_<20%,0.00,0.0,NO,STANDBY_VEL_LOW,0,0.00,4590.00,78.36,FALSE,M1_DIRECTION_MISMATCH
2026-09-07 15:35:34.292,1788795334.292,7540,69,69,4414.34,4414.42,8.0,PASS_<=10c,+0.0,FLAT,+0.0,+0.0,4.2,+0.00,0.00,SLOW,4414.34,4414.34,4414.34,4414.34,0.00,0.00,0.0,BULLISH,0.0,4414.34,4414.34,4414.34,4414.34,34,CLEARED_>=20s,1.0,0.0,0.0,0.0,0.0,0.0,0.0,PASS_<20%,0.00,0.0,NO,STANDBY_VEL_LOW,0,0.00,4590.00,78.36,FALSE,M1_DIRECTION_MISMATCH
2026-09-07 15:35:34.794,1788795334.795,7541,70,70,4414.34,4414.42,8.0,PASS_<=10c,+0.0,FLAT,+0.0,+0.0,4.2,+0.00,0.00,SLOW,4414.34,4414.34,4414.34,4414.34,0.00,0.00,0.0,BULLISH,0.0,4414.34,4414.34,4414.34,4414.34,34,CLEARED_>=20s,1.0,0.0,0.0,0.0,0.0,0.0,0.0,PASS_<20%,0.00,0.0,NO,STANDBY_VEL_LOW,0,0.00,4590.00,78.36,FALSE,M1_DIRECTION_MISMATCH
2026-09-07 15:35:35.296,1788795335.297,7542,71,71,4414.34,4414.42,8.0,PASS_<=10c,+0.0,FLAT,+0.0,+0.0,4.2,+0.00,0.00,SLOW,4414.34,4414.34,4414.34,4414.34,0.00,0.00,0.0,BULLISH,0.0,4414.34,4414.34,4414.34,4414.34,35,CLEARED_>=20s,1.0,0.0,0.0,0.0,0.0,0.0,0.0,PASS_<20%,0.00,0.0,NO,STANDBY_VEL_LOW,0,0.00,4590.00,78.36,FALSE,M1_DIRECTION_MISMATCH
2026-09-07 15:35:35.797,1788795335.798,7543,72,72,4414.34,4414.42,8.0,PASS_<=10c,+0.0,FLAT,+0.0,+0.0,4.2,+0.00,0.00,SLOW,4414.34,4414.34,4414.34,4414.34,0.00,0.00,0.0,BULLISH,0.0,4414.34,4414.34,4414.34,4414.34,35,CLEARED_>=20s,1.0,0.0,0.0,0.0,0.0,0.0,0.0,PASS_<20%,0.00,0.0,NO,STANDBY_VEL_LOW,0,0.00,4590.00,78.36,FALSE,M1_DIRECTION_MISMATCH
2026-09-07 15:35:36.299,1788795336.300,7544,73,73,4414.34,4414.42,8.0,PASS_<=10c,+0.0,FLAT,+0.0,+0.0,4.2,+0.00,0.00,SLOW,4414.34,4414.34,4414.34,4414.34,0.00,0.00,0.0,BULLISH,0.0,4414.34,4414.34,4414.34,4414.34,36,CLEARED_>=20s,1.0,0.0,0.0,0.0,0.0,0.0,0.0,PASS_<20%,0.00,0.0,NO,STANDBY_VEL_LOW,0,0.00,4590.00,78.36,FALSE,M1_DIRECTION_MISMATCH
2026-09-07 15:35:36.801,1788795336.802,7545,74,74,4414.34,4414.42,8.0,PASS_<=10c,+0.0,FLAT,+0.0,+0.0,4.2,+0.00,0.00,SLOW,4414.34,4414.34,4414.34,4414.34,0.00,0.00,0.0,BULLISH,0.0,4414.34,4414.34,4414.34,4414.34,36,CLEARED_>=20s,1.0,0.0,0.0,0.0,0.0,0.0,0.0,PASS_<20%,0.00,0.0,NO,STANDBY_VEL_LOW,0,0.00,4590.00,78.36,FALSE,M1_DIRECTION_MISMATCH
2026-09-07 15:35:37.304,1788795337.304,7546,75,75,4414.34,4414.42,8.0,PASS_<=10c,+0.0,FLAT,+0.0,+0.0,4.2,+0.00,0.00,SLOW,4414.34,4414.34,4414.34,4414.34,0.00,0.00,0.0,BULLISH,0.0,4414.34,4414.34,4414.34,4414.34,37,CLEARED_>=20s,1.0,0.0,0.0,0.0,0.0,0.0,0.0,PASS_<20%,0.00,0.0,NO,STANDBY_VEL_LOW,0,0.00,4590.00,78.36,FALSE,M1_DIRECTION_MISMATCH
2026-09-07 15:35:37.805,1788795337.806,7547,76,76,4414.34,4414.42,8.0,PASS_<=10c,+0.0,FLAT,+0.0,+0.0,4.2,+0.00,0.00,SLOW,4414.34,4414.34,4414.34,4414.34,0.00,0.00,0.0,BULLISH,0.0,4414.34,4414.34,4414.34,4414.34,37,CLEARED_>=20s,1.0,0.0,0.0,0.0,0.0,0.0,0.0,PASS_<20%,0.00,0.0,NO,STANDBY_VEL_LOW,0,0.00,4590.00,78.36,FALSE,M1_DIRECTION_MISMATCH
2026-09-07 15:35:38.316,1788795338.316,7548,77,77,4414.34,4414.42,8.0,PASS_<=10c,+0.0,FLAT,+0.0,+0.0,4.2,+0.00,0.00,SLOW,4414.34,4414.34,4414.34,4414.34,0.00,0.00,0.0,BULLISH,0.0,4414.34,4414.34,4414.34,4414.34,38,CLEARED_>=20s,1.0,0.0,0.0,0.0,0.0,0.0,0.0,PASS_<20%,0.00,0.0,NO,STANDBY_VEL_LOW,0,0.00,4590.00,78.36,FALSE,M1_DIRECTION_MISMATCH
2026-09-07 15:35:38.817,1788795338.818,7549,78,78,4414.34,4414.42,8.0,PASS_<=10c,+0.0,FLAT,+0.0,+0.0,4.2,+0.00,0.00,SLOW,4414.34,4414.34,4414.34,4414.34,0.00,0.00,0.0,BULLISH,0.0,4414.34,4414.34,4414.34,4414.34,38,CLEARED_>=20s,1.0,0.0,0.0,0.0,0.0,0.0,0.0,PASS_<20%,0.00,0.0,NO,STANDBY_VEL_LOW,0,0.00,4590.00,78.36,FALSE,M1_DIRECTION_MISMATCH
2026-09-07 15:35:39.318,1788795339.319,7550,79,79,4414.34,4414.42,8.0,PASS_<=10c,+0.0,FLAT,+0.0,+0.0,4.2,+0.00,0.00,SLOW,4414.34,4414.34,4414.34,4414.34,0.00,0.00,0.0,BULLISH,0.0,4414.34,4414.34,4414.34,4414.34,39,CLEARED_>=20s,1.0,0.0,0.0,0.0,0.0,0.0,0.0,PASS_<20%,0.00,0.0,NO,STANDBY_VEL_LOW,0,0.00,4590.00,78.36,FALSE,M1_DIRECTION_MISMATCH
2026-09-07 15:35:39.820,1788795339.821,7551,80,80,4414.34,4414.42,8.0,PASS_<=10c,+0.0,FLAT,+0.0,+0.0,4.2,+0.00,0.00,SLOW,4414.34,4414.34,4414.34,4414.34,0.00,0.00,0.0,BULLISH,0.0,4414.34,4414.34,4414.34,4414.34,39,CLEARED_>=20s,1.0,0.0,0.0,0.0,0.0,0.0,0.0,PASS_<20%,0.00,0.0,NO,STANDBY_VEL_LOW,0,0.00,4590.00,78.36,FALSE,M1_DIRECTION_MISMATCH
2026-09-07 15:35:40.322,1788795340.322,7552,81,81,4414.34,4414.42,8.0,PASS_<=10c,+0.0,FLAT,+0.0,+0.0,4.2,+0.00,0.00,SLOW,4414.34,4414.34,4414.34,4414.34,0.00,0.00,0.0,BULLISH,0.0,4414.34,4414.34,4414.34,4414.34,40,CLEARED_>=20s,1.0,0.0,0.0,0.0,0.0,0.0,0.0,PASS_<20%,0.00,0.0,NO,STANDBY_VEL_LOW,0,0.00,4590.00,78.36,FALSE,M1_DIRECTION_MISMATCH
2026-09-07 15:35:40.824,1788795340.824,7553,82,82,4414.34,4414.42,8.0,PASS_<=10c,+0.0,FLAT,+0.0,+0.0,4.2,+0.00,0.00,SLOW,4414.34,4414.34,4414.34,4414.34,0.00,0.00,0.0,BULLISH,0.0,4414.34,4414.34,4414.34,4414.34,40,CLEARED_>=20s,1.0,0.0,0.0,0.0,0.0,0.0,0.0,PASS_<20%,0.00,0.0,NO,STANDBY_VEL_LOW,0,0.00,4590.00,78.36,FALSE,M1_DIRECTION_MISMATCH
2026-09-07 15:35:41.326,1788795341.326,7554,83,83,4414.34,4414.42,8.0,PASS_<=10c,+0.0,FLAT,+0.0,+0.0,4.2,+0.00,0.00,SLOW,4414.34,4414.34,4414.34,4414.34,0.00,0.00,0.0,BULLISH,0.0,4414.34,4414.34,4414.34,4414.34,41,CLEARED_>=20s,1.0,0.0,0.0,0.0,0.0,0.0,0.0,PASS_<20%,0.00,0.0,NO,STANDBY_VEL_LOW,0,0.00,4590.00,78.36,FALSE,M1_DIRECTION_MISMATCH
2026-09-07 15:35:41.828,1788795341.828,7555,84,84,4414.34,4414.42,8.0,PASS_<=10c,+0.0,FLAT,+0.0,+0.0,4.2,+0.00,0.00,SLOW,4414.34,4414.34,4414.34,4414.34,0.00,0.00,0.0,BULLISH,0.0,4414.34,4414.34,4414.34,4414.34,41,CLEARED_>=20s,1.0,0.0,0.0,0.0,0.0,0.0,0.0,PASS_<20%,0.00,0.0,NO,STANDBY_VEL_LOW,0,0.00,4590.00,78.36,FALSE,M1_DIRECTION_MISMATCH
2026-09-07 15:35:42.331,1788795342.331,7556,85,85,4414.34,4414.42,8.0,PASS_<=10c,+0.0,FLAT,+0.0,+0.0,4.2,+0.00,0.00,SLOW,4414.34,4414.34,4414.34,4414.34,0.00,0.00,0.0,BULLISH,0.0,4414.34,4414.34,4414.34,4414.34,42,CLEARED_>=20s,1.0,0.0,0.0,0.0,0.0,0.0,0.0,PASS_<20%,0.00,0.0,NO,STANDBY_VEL_LOW,0,0.00,4590.00,78.36,FALSE,M1_DIRECTION_MISMATCH
2026-09-07 15:35:42.832,1788795342.833,7557,86,86,4414.34,4414.42,8.0,PASS_<=10c,+0.0,FLAT,+0.0,+0.0,4.2,+0.00,0.00,SLOW,4414.34,4414.34,4414.34,4414.34,0.00,0.00,0.0,BULLISH,0.0,4414.34,4414.34,4414.34,4414.34,42,CLEARED_>=20s,1.0,0.0,0.0,0.0,0.0,0.0,0.0,PASS_<20%,0.00,0.0,NO,STANDBY_VEL_LOW,0,0.00,4590.00,78.36,FALSE,M1_DIRECTION_MISMATCH
2026-09-07 15:35:43.334,1788795343.335,7558,87,87,4414.34,4414.42,8.0,PASS_<=10c,+0.0,FLAT,+0.0,+0.0,4.2,+0.00,0.00,SLOW,4414.34,4414.34,4414.34,4414.34,0.00,0.00,0.0,BULLISH,0.0,4414.34,4414.34,4414.34,4414.34,43,CLEARED_>=20s,1.0,0.0,0.0,0.0,0.0,0.0,0.0,PASS_<20%,0.00,0.0,NO,STANDBY_VEL_LOW,0,0.00,4590.00,78.36,FALSE,M1_DIRECTION_MISMATCH
2026-09-07 15:35:43.836,1788795343.836,7559,88,88,4414.34,4414.42,8.0,PASS_<=10c,+0.0,FLAT,+0.0,+0.0,4.2,+0.00,0.00,SLOW,4414.34,4414.34,4414.34,4414.34,0.00,0.00,0.0,BULLISH,0.0,4414.34,4414.34,4414.34,4414.34,43,CLEARED_>=20s,1.0,0.0,0.0,0.0,0.0,0.0,0.0,PASS_<20%,0.00,0.0,NO,STANDBY_VEL_LOW,0,0.00,4590.00,78.36,FALSE,M1_DIRECTION_MISMATCH
2026-09-07 15:35:44.338,1788795344.339,7560,89,89,4414.34,4414.42,8.0,PASS_<=10c,+0.0,FLAT,+0.0,+0.0,4.2,+0.00,0.00,SLOW,4414.34,4414.34,4414.34,4414.34,0.00,0.00,0.0,BULLISH,0.0,4414.34,4414.34,4414.34,4414.34,44,CLEARED_>=20s,1.0,0.0,0.0,0.0,0.0,0.0,0.0,PASS_<20%,0.00,0.0,NO,STANDBY_VEL_LOW,0,0.00,4590.00,78.36,FALSE,M1_DIRECTION_MISMATCH
2026-09-07 15:35:44.840,1788795344.840,7561,90,90,4414.34,4414.42,8.0,PASS_<=10c,+0.0,FLAT,+0.0,+0.0,4.2,+0.00,0.00,SLOW,4414.34,4414.34,4414.34,4414.34,0.00,0.00,0.0,BULLISH,0.0,4414.34,4414.34,4414.34,4414.34,44,CLEARED_>=20s,1.0,0.0,0.0,0.0,0.0,0.0,0.0,PASS_<20%,0.00,0.0,NO,STANDBY_VEL_LOW,0,0.00,4590.00,78.36,FALSE,M1_DIRECTION_MISMATCH
2026-09-07 15:35:45.341,1788795345.342,7562,91,91,4414.34,4414.42,8.0,PASS_<=10c,+0.0,FLAT,+0.0,+0.0,4.2,+0.00,0.00,SLOW,4414.34,4414.34,4414.34,4414.34,0.00,0.00,0.0,BULLISH,0.0,4414.34,4414.34,4414.34,4414.34,45,CLEARED_>=20s,1.0,0.0,0.0,0.0,0.0,0.0,0.0,PASS_<20%,0.00,0.0,NO,STANDBY_VEL_LOW,0,0.00,4590.00,78.36,FALSE,M1_DIRECTION_MISMATCH
2026-09-07 15:35:45.843,1788795345.844,7563,92,92,4414.34,4414.42,8.0,PASS_<=10c,+0.0,FLAT,+0.0,+0.0,4.2,+0.00,0.00,SLOW,4414.34,4414.34,4414.34,4414.34,0.00,0.00,0.0,BULLISH,0.0,4414.34,4414.34,4414.34,4414.34,45,CLEARED_>=20s,1.0,0.0,0.0,0.0,0.0,0.0,0.0,PASS_<20%,0.00,0.0,NO,STANDBY_VEL_LOW,0,0.00,4590.00,78.36,FALSE,M1_DIRECTION_MISMATCH
2026-09-07 15:35:46.346,1788795346.347,7564,93,93,4414.34,4414.42,8.0,PASS_<=10c,+0.0,FLAT,+0.0,+0.0,4.2,+0.00,0.00,SLOW,4414.34,4414.34,4414.34,4414.34,0.00,0.00,0.0,BULLISH,0.0,4414.34,4414.34,4414.34,4414.34,46,CLEARED_>=20s,1.0,0.0,0.0,0.0,0.0,0.0,0.0,PASS_<20%,0.00,0.0,NO,STANDBY_VEL_LOW,0,0.00,4590.00,78.36,FALSE,M1_DIRECTION_MISMATCH
2026-09-07 15:35:46.847,1788795346.848,7565,94,94,4414.34,4414.42,8.0,PASS_<=10c,+0.0,FLAT,+0.0,+0.0,4.2,+0.00,0.00,SLOW,4414.34,4414.34,4414.34,4414.34,0.00,0.00,0.0,BULLISH,0.0,4414.34,4414.34,4414.34,4414.34,46,CLEARED_>=20s,1.0,0.0,0.0,0.0,0.0,0.0,0.0,PASS_<20%,0.00,0.0,NO,STANDBY_VEL_LOW,0,0.00,4590.00,78.36,FALSE,M1_DIRECTION_MISMATCH
2026-09-07 15:35:47.350,1788795347.350,7566,95,95,4414.34,4414.42,8.0,PASS_<=10c,+0.0,FLAT,+0.0,+0.0,4.2,+0.00,0.00,SLOW,4414.34,4414.34,4414.34,4414.34,0.00,0.00,0.0,BULLISH,0.0,4414.34,4414.34,4414.34,4414.34,47,CLEARED_>=20s,1.0,0.0,0.0,0.0,0.0,0.0,0.0,PASS_<20%,0.00,0.0,NO,STANDBY_VEL_LOW,0,0.00,4590.00,78.36,FALSE,M1_DIRECTION_MISMATCH
2026-09-07 15:35:47.852,1788795347.852,7567,96,96,4414.34,4414.42,8.0,PASS_<=10c,+0.0,FLAT,+0.0,+0.0,4.2,+0.00,0.00,SLOW,4414.34,4414.34,4414.34,4414.34,0.00,0.00,0.0,BULLISH,0.0,4414.34,4414.34,4414.34,4414.34,47,CLEARED_>=20s,1.0,0.0,0.0,0.0,0.0,0.0,0.0,PASS_<20%,0.00,0.0,NO,STANDBY_VEL_LOW,0,0.00,4590.00,78.36,FALSE,M1_DIRECTION_MISMATCH
2026-09-07 15:35:48.354,1788795348.354,7568,97,97,4414.34,4414.42,8.0,PASS_<=10c,+0.0,FLAT,+0.0,+0.0,4.2,+0.00,0.00,SLOW,4414.34,4414.34,4414.34,4414.34,0.00,0.00,0.0,BULLISH,0.0,4414.34,4414.34,4414.34,4414.34,48,CLEARED_>=20s,1.0,0.0,0.0,0.0,0.0,0.0,0.0,PASS_<20%,0.00,0.0,NO,STANDBY_VEL_LOW,0,0.00,4590.00,78.36,FALSE,M1_DIRECTION_MISMATCH
2026-09-07 15:35:48.856,1788795348.856,7569,98,98,4414.34,4414.42,8.0,PASS_<=10c,+0.0,FLAT,+0.0,+0.0,4.2,+0.00,0.00,SLOW,4414.34,4414.34,4414.34,4414.34,0.00,0.00,0.0,BULLISH,0.0,4414.34,4414.34,4414.34,4414.34,48,CLEARED_>=20s,1.0,0.0,0.0,0.0,0.0,0.0,0.0,PASS_<20%,0.00,0.0,NO,STANDBY_VEL_LOW,0,0.00,4590.00,78.36,FALSE,M1_DIRECTION_MISMATCH
2026-09-07 15:35:49.357,1788795349.358,7570,99,99,4414.34,4414.42,8.0,PASS_<=10c,+0.0,FLAT,+0.0,+0.0,4.2,+0.00,0.00,SLOW,4414.34,4414.34,4414.34,4414.34,0.00,0.00,0.0,BULLISH,0.0,4414.34,4414.34,4414.34,4414.34,49,CLEARED_>=20s,1.0,0.0,0.0,0.0,0.0,0.0,0.0,PASS_<20%,0.00,0.0,NO,STANDBY_VEL_LOW,0,0.00,4590.00,78.36,FALSE,M1_DIRECTION_MISMATCH
2026-09-07 15:35:49.858,1788795349.859,7571,100,100,4414.34,4414.42,8.0,PASS_<=10c,+0.0,FLAT,+0.0,+0.0,4.2,+0.00,0.00,SLOW,4414.34,4414.34,4414.34,4414.34,0.00,0.00,0.0,BULLISH,0.0,4414.34,4414.34,4414.34,4414.34,49,CLEARED_>=20s,1.0,0.0,0.0,0.0,0.0,0.0,0.0,PASS_<20%,0.00,0.0,NO,STANDBY_VEL_LOW,0,0.00,4590.00,78.36,FALSE,M1_DIRECTION_MISMATCH
2026-09-07 15:35:50.360,1788795350.361,7572,101,101,4414.34,4414.42,8.0,PASS_<=10c,+0.0,FLAT,+0.0,+0.0,4.2,+0.00,0.00,SLOW,4414.34,4414.34,4414.34,4414.34,0.00,0.00,0.0,BULLISH,0.0,4414.34,4414.34,4414.34,4414.34,50,CLEARED_>=20s,1.0,0.0,0.0,0.0,0.0,0.0,0.0,PASS_<20%,0.00,0.0,NO,STANDBY_VEL_LOW,0,0.00,4590.00,78.36,FALSE,M1_DIRECTION_MISMATCH
2026-09-07 15:35:50.862,1788795350.863,7573,102,102,4414.34,4414.42,8.0,PASS_<=10c,+0.0,FLAT,+0.0,+0.0,4.2,+0.00,0.00,SLOW,4414.34,4414.34,4414.34,4414.34,0.00,0.00,0.0,BULLISH,0.0,4414.34,4414.34,4414.34,4414.34,50,CLEARED_>=20s,1.0,0.0,0.0,0.0,0.0,0.0,0.0,PASS_<20%,0.00,0.0,NO,STANDBY_VEL_LOW,0,0.00,4590.00,78.36,FALSE,M1_DIRECTION_MISMATCH
2026-09-07 15:35:51.364,1788795351.364,7574,103,103,4414.34,4414.42,8.0,PASS_<=10c,+0.0,FLAT,+0.0,+0.0,4.2,+0.00,0.00,SLOW,4414.34,4414.34,4414.34,4414.34,0.00,0.00,0.0,BULLISH,0.0,4414.34,4414.34,4414.34,4414.34,51,CLEARED_>=20s,1.0,0.0,0.0,0.0,0.0,0.0,0.0,PASS_<20%,0.00,0.0,NO,STANDBY_VEL_LOW,0,0.00,4590.00,78.36,FALSE,M1_DIRECTION_MISMATCH
2026-09-07 15:35:51.866,1788795351.866,7575,104,104,4414.34,4414.42,8.0,PASS_<=10c,+0.0,FLAT,+0.0,+0.0,4.2,+0.00,0.00,SLOW,4414.34,4414.34,4414.34,4414.34,0.00,0.00,0.0,BULLISH,0.0,4414.34,4414.34,4414.34,4414.34,51,CLEARED_>=20s,1.0,0.0,0.0,0.0,0.0,0.0,0.0,PASS_<20%,0.00,0.0,NO,STANDBY_VEL_LOW,0,0.00,4590.00,78.36,FALSE,M1_DIRECTION_MISMATCH
2026-09-07 15:35:52.368,1788795352.369,7576,105,105,4414.34,4414.42,8.0,PASS_<=10c,+0.0,FLAT,+0.0,+0.0,4.2,+0.00,0.00,SLOW,4414.34,4414.34,4414.34,4414.34,0.00,0.00,0.0,BULLISH,0.0,4414.34,4414.34,4414.34,4414.34,52,CLEARED_>=20s,1.0,0.0,0.0,0.0,0.0,0.0,0.0,PASS_<20%,0.00,0.0,NO,STANDBY_VEL_LOW,0,0.00,4590.00,78.36,FALSE,M1_DIRECTION_MISMATCH
2026-09-07 15:35:52.871,1788795352.871,7577,106,106,4414.34,4414.42,8.0,PASS_<=10c,+0.0,FLAT,+0.0,+0.0,4.2,+0.00,0.00,SLOW,4414.34,4414.34,4414.34,4414.34,0.00,0.00,0.0,BULLISH,0.0,4414.34,4414.34,4414.34,4414.34,52,CLEARED_>=20s,1.0,0.0,0.0,0.0,0.0,0.0,0.0,PASS_<20%,0.00,0.0,NO,STANDBY_VEL_LOW,0,0.00,4590.00,78.36,FALSE,M1_DIRECTION_MISMATCH
2026-09-07 15:35:53.372,1788795353.373,7578,107,107,4414.34,4414.42,8.0,PASS_<=10c,+0.0,FLAT,+0.0,+0.0,4.2,+0.00,0.00,SLOW,4414.34,4414.34,4414.34,4414.34,0.00,0.00,0.0,BULLISH,0.0,4414.34,4414.34,4414.34,4414.34,53,CLEARED_>=20s,1.0,0.0,0.0,0.0,0.0,0.0,0.0,PASS_<20%,0.00,0.0,NO,STANDBY_VEL_LOW,0,0.00,4590.00,78.36,FALSE,M1_DIRECTION_MISMATCH
2026-09-07 15:35:53.874,1788795353.874,7579,108,108,4414.34,4414.42,8.0,PASS_<=10c,+0.0,FLAT,+0.0,+0.0,4.2,+0.00,0.00,SLOW,4414.34,4414.34,4414.34,4414.34,0.00,0.00,0.0,BULLISH,0.0,4414.34,4414.34,4414.34,4414.34,53,CLEARED_>=20s,1.0,0.0,0.0,0.0,0.0,0.0,0.0,PASS_<20%,0.00,0.0,NO,STANDBY_VEL_LOW,0,0.00,4590.00,78.36,FALSE,M1_DIRECTION_MISMATCH
2026-09-07 15:35:54.375,1788795354.376,7580,109,109,4414.34,4414.42,8.0,PASS_<=10c,+0.0,FLAT,+0.0,+0.0,4.2,+0.00,0.00,SLOW,4414.34,4414.34,4414.34,4414.34,0.00,0.00,0.0,BULLISH,0.0,4414.34,4414.34,4414.34,4414.34,54,CLEARED_>=20s,1.0,0.0,0.0,0.0,0.0,0.0,0.0,PASS_<20%,0.00,0.0,NO,STANDBY_VEL_LOW,0,0.00,4590.00,78.36,FALSE,M1_DIRECTION_MISMATCH
2026-09-07 15:35:54.876,1788795354.877,7581,110,110,4414.34,4414.42,8.0,PASS_<=10c,+0.0,FLAT,+0.0,+0.0,4.2,+0.00,0.00,SLOW,4414.34,4414.34,4414.34,4414.34,0.00,0.00,0.0,BULLISH,0.0,4414.34,4414.34,4414.34,4414.34,54,CLEARED_>=20s,1.0,0.0,0.0,0.0,0.0,0.0,0.0,PASS_<20%,0.00,0.0,NO,STANDBY_VEL_LOW,0,0.00,4590.00,78.36,FALSE,M1_DIRECTION_MISMATCH
2026-09-07 15:35:55.378,1788795355.379,7582,111,111,4414.34,4414.42,8.0,PASS_<=10c,+0.0,FLAT,+0.0,+0.0,4.2,+0.00,0.00,SLOW,4414.34,4414.34,4414.34,4414.34,0.00,0.00,0.0,BULLISH,0.0,4414.34,4414.34,4414.34,4414.34,55,CLEARED_>=20s,1.0,0.0,0.0,0.0,0.0,0.0,0.0,PASS_<20%,0.00,0.0,NO,STANDBY_VEL_LOW,0,0.00,4590.00,78.36,FALSE,M1_DIRECTION_MISMATCH
2026-09-07 15:35:55.880,1788795355.881,7583,112,112,4414.34,4414.42,8.0,PASS_<=10c,+0.0,FLAT,+0.0,+0.0,4.2,+0.00,0.00,SLOW,4414.34,4414.34,4414.34,4414.34,0.00,0.00,0.0,BULLISH,0.0,4414.34,4414.34,4414.34,4414.34,55,CLEARED_>=20s,1.0,0.0,0.0,0.0,0.0,0.0,0.0,PASS_<20%,0.00,0.0,NO,STANDBY_VEL_LOW,0,0.00,4590.00,78.36,FALSE,M1_DIRECTION_MISMATCH
2026-09-07 15:35:56.382,1788795356.383,7584,113,113,4414.34,4414.42,8.0,PASS_<=10c,+0.0,FLAT,+0.0,+0.0,4.2,+0.00,0.00,SLOW,4414.34,4414.34,4414.34,4414.34,0.00,0.00,0.0,BULLISH,0.0,4414.34,4414.34,4414.34,4414.34,56,CLEARED_>=20s,1.0,0.0,0.0,0.0,0.0,0.0,0.0,PASS_<20%,0.00,0.0,NO,STANDBY_VEL_LOW,0,0.00,4590.00,78.36,FALSE,M1_DIRECTION_MISMATCH
2026-09-07 15:35:56.883,1788795356.884,7585,114,114,4414.34,4414.42,8.0,PASS_<=10c,+0.0,FLAT,+0.0,+0.0,4.2,+0.00,0.00,SLOW,4414.34,4414.34,4414.34,4414.34,0.00,0.00,0.0,BULLISH,0.0,4414.34,4414.34,4414.34,4414.34,56,CLEARED_>=20s,1.0,0.0,0.0,0.0,0.0,0.0,0.0,PASS_<20%,0.00,0.0,NO,STANDBY_VEL_LOW,0,0.00,4590.00,78.36,FALSE,M1_DIRECTION_MISMATCH
2026-09-07 15:35:57.385,1788795357.385,7586,115,115,4414.34,4414.42,8.0,PASS_<=10c,+0.0,FLAT,+0.0,+0.0,4.2,+0.00,0.00,SLOW,4414.34,4414.34,4414.34,4414.34,0.00,0.00,0.0,BULLISH,0.0,4414.34,4414.34,4414.34,4414.34,57,CLEARED_>=20s,1.0,0.0,0.0,0.0,0.0,0.0,0.0,PASS_<20%,0.00,0.0,NO,STANDBY_VEL_LOW,0,0.00,4590.00,78.36,FALSE,M1_DIRECTION_MISMATCH
2026-09-07 15:35:57.887,1788795357.888,7587,116,116,4414.34,4414.42,8.0,PASS_<=10c,+0.0,FLAT,+0.0,+0.0,4.2,+0.00,0.00,SLOW,4414.34,4414.34,4414.34,4414.34,0.00,0.00,0.0,BULLISH,0.0,4414.34,4414.34,4414.34,4414.34,57,CLEARED_>=20s,1.0,0.0,0.0,0.0,0.0,0.0,0.0,PASS_<20%,0.00,0.0,NO,STANDBY_VEL_LOW,0,0.00,4590.00,78.36,FALSE,M1_DIRECTION_MISMATCH
2026-09-07 15:35:58.389,1788795358.389,7588,117,117,4414.34,4414.42,8.0,PASS_<=10c,+0.0,FLAT,+0.0,+0.0,4.2,+0.00,0.00,SLOW,4414.34,4414.34,4414.34,4414.34,0.00,0.00,0.0,BULLISH,0.0,4414.34,4414.34,4414.34,4414.34,58,CLEARED_>=20s,1.0,0.0,0.0,0.0,0.0,0.0,0.0,PASS_<20%,0.00,0.0,NO,STANDBY_VEL_LOW,0,0.00,4590.00,78.36,FALSE,M1_DIRECTION_MISMATCH
2026-09-07 15:35:58.890,1788795358.891,7589,118,118,4414.34,4414.42,8.0,PASS_<=10c,+0.0,FLAT,+0.0,+0.0,4.2,+0.00,0.00,SLOW,4414.34,4414.34,4414.34,4414.34,0.00,0.00,0.0,BULLISH,0.0,4414.34,4414.34,4414.34,4414.34,58,CLEARED_>=20s,1.0,0.0,0.0,0.0,0.0,0.0,0.0,PASS_<20%,0.00,0.0,NO,STANDBY_VEL_LOW,0,0.00,4590.00,78.36,FALSE,M1_DIRECTION_MISMATCH
2026-09-07 15:35:59.393,1788795359.394,7590,119,119,4414.34,4414.42,8.0,PASS_<=10c,+0.0,FLAT,+0.0,+0.0,4.2,+0.00,0.00,SLOW,4414.34,4414.34,4414.34,4414.34,0.00,0.00,0.0,BULLISH,0.0,4414.34,4414.34,4414.34,4414.34,59,CLEARED_>=20s,1.0,0.0,0.0,0.0,0.0,0.0,0.0,PASS_<20%,0.00,0.0,NO,STANDBY_VEL_LOW,0,0.00,4590.00,78.36,FALSE,M1_DIRECTION_MISMATCH
2026-09-07 15:35:59.895,1788795359.896,7591,120,120,4414.34,4414.42,8.0,PASS_<=10c,+0.0,FLAT,+0.0,+0.0,4.2,+0.00,0.00,SLOW,4414.34,4414.34,4414.34,4414.34,0.00,0.00,0.0,BULLISH,0.0,4414.34,4414.34,4414.34,4414.34,59,CLEARED_>=20s,1.0,0.0,0.0,0.0,0.0,0.0,0.0,PASS_<20%,0.00,0.0,NO,STANDBY_VEL_LOW,0,0.00,4590.00,78.36,FALSE,M1_DIRECTION_MISMATCH
2026-09-07 15:36:00.396,1788795360.397,7592,1,121,4414.34,4414.42,8.0,PASS_<=10c,+0.0,FLAT,+0.0,+0.0,4.2,+0.00,0.00,SLOW,4414.34,4414.34,4414.34,4414.34,0.00,0.00,0.0,BULLISH,0.0,4414.34,4414.34,4414.34,4414.34,0,ACTIVE_0s,1.0,0.0,0.0,0.0,0.0,0.0,0.0,PASS_<20%,0.00,0.0,NO,STANDBY_VEL_LOW,0,0.00,4590.00,78.36,FALSE,M1_DIRECTION_MISMATCH|OPENING_SHIELD_ACTIVE_0s
2026-09-07 15:36:00.899,1788795360.900,7593,2,122,4414.34,4414.42,8.0,PASS_<=10c,+0.0,FLAT,+0.0,+0.0,4.2,+0.00,0.00,SLOW,4414.34,4414.34,4414.34,4414.34,0.00,0.00,0.0,BULLISH,0.0,4414.34,4414.34,4414.34,4414.34,0,ACTIVE_0s,1.0,0.0,0.0,0.0,0.0,0.0,0.0,PASS_<20%,0.00,0.0,NO,STANDBY_VEL_LOW,0,0.00,4590.00,78.36,FALSE,M1_DIRECTION_MISMATCH|OPENING_SHIELD_ACTIVE_0s
2026-09-07 15:36:01.400,1788795361.401,7594,3,123,4414.34,4414.42,8.0,PASS_<=10c,+0.0,FLAT,+0.0,+0.0,4.2,+0.00,0.00,SLOW,4414.34,4414.34,4414.34,4414.34,0.00,0.00,0.0,BULLISH,0.0,4414.34,4414.34,4414.34,4414.34,1,ACTIVE_1s,1.0,0.0,0.0,0.0,0.0,0.0,0.0,PASS_<20%,0.00,0.0,NO,STANDBY_VEL_LOW,0,0.00,4590.00,78.36,FALSE,M1_DIRECTION_MISMATCH|OPENING_SHIELD_ACTIVE_1s
2026-09-07 15:36:01.902,1788795361.902,7595,4,124,4414.34,4414.42,8.0,PASS_<=10c,+0.0,FLAT,+0.0,+0.0,4.2,+0.00,0.00,SLOW,4414.34,4414.34,4414.34,4414.34,0.00,0.00,0.0,BULLISH,0.0,4414.34,4414.34,4414.34,4414.34,1,ACTIVE_1s,1.0,0.0,0.0,0.0,0.0,0.0,0.0,PASS_<20%,0.00,0.0,NO,STANDBY_VEL_LOW,0,0.00,4590.00,78.36,FALSE,M1_DIRECTION_MISMATCH|OPENING_SHIELD_ACTIVE_1s
2026-09-07 15:36:02.403,1788795362.403,7596,5,125,4414.34,4414.42,8.0,PASS_<=10c,+0.0,FLAT,+0.0,+0.0,4.2,+0.00,0.00,SLOW,4414.34,4414.34,4414.34,4414.34,0.00,0.00,0.0,BULLISH,0.0,4414.34,4414.34,4414.34,4414.34,2,ACTIVE_2s,1.0,0.0,0.0,0.0,0.0,0.0,0.0,PASS_<20%,0.00,0.0,NO,STANDBY_VEL_LOW,0,0.00,4590.00,78.36,FALSE,M1_DIRECTION_MISMATCH|OPENING_SHIELD_ACTIVE_2s
2026-09-07 15:36:02.905,1788795362.905,7597,6,126,4414.34,4414.42,8.0,PASS_<=10c,+0.0,FLAT,+0.0,+0.0,4.2,+0.00,0.00,SLOW,4414.34,4414.34,4414.34,4414.34,0.00,0.00,0.0,BULLISH,0.0,4414.34,4414.34,4414.34,4414.34,2,ACTIVE_2s,1.0,0.0,0.0,0.0,0.0,0.0,0.0,PASS_<20%,0.00,0.0,NO,STANDBY_VEL_LOW,0,0.00,4590.00,78.36,FALSE,M1_DIRECTION_MISMATCH|OPENING_SHIELD_ACTIVE_2s
2026-09-07 15:36:03.406,1788795363.407,7598,7,127,4414.34,4414.42,8.0,PASS_<=10c,+0.0,FLAT,+0.0,+0.0,4.2,+0.00,0.00,SLOW,4414.34,4414.34,4414.34,4414.34,0.00,0.00,0.0,BULLISH,0.0,4414.34,4414.34,4414.34,4414.34,3,ACTIVE_3s,1.0,0.0,0.0,0.0,0.0,0.0,0.0,PASS_<20%,0.00,0.0,NO,STANDBY_VEL_LOW,0,0.00,4590.00,78.36,FALSE,M1_DIRECTION_MISMATCH|OPENING_SHIELD_ACTIVE_3s
2026-09-07 15:36:03.907,1788795363.908,7599,8,128,4414.34,4414.42,8.0,PASS_<=10c,+0.0,FLAT,+0.0,+0.0,4.2,+0.00,0.00,SLOW,4414.34,4414.34,4414.34,4414.34,0.00,0.00,0.0,BULLISH,0.0,4414.34,4414.34,4414.34,4414.34,3,ACTIVE_3s,1.0,0.0,0.0,0.0,0.0,0.0,0.0,PASS_<20%,0.00,0.0,NO,STANDBY_VEL_LOW,0,0.00,4590.00,78.36,FALSE,M1_DIRECTION_MISMATCH|OPENING_SHIELD_ACTIVE_3s
2026-09-07 15:36:04.410,1788795364.410,7600,9,129,4414.34,4414.42,8.0,PASS_<=10c,+0.0,FLAT,+0.0,+0.0,4.2,+0.00,0.00,SLOW,4414.34,4414.34,4414.34,4414.34,0.00,0.00,0.0,BULLISH,0.0,4414.34,4414.34,4414.34,4414.34,4,ACTIVE_4s,1.0,0.0,0.0,0.0,0.0,0.0,0.0,PASS_<20%,0.00,0.0,NO,STANDBY_VEL_LOW,0,0.00,4590.00,78.36,FALSE,M1_DIRECTION_MISMATCH|OPENING_SHIELD_ACTIVE_4s
2026-09-07 15:36:04.912,1788795364.913,7601,10,130,4414.34,4414.42,8.0,PASS_<=10c,+0.0,FLAT,+0.0,+0.0,4.2,+0.00,0.00,SLOW,4414.34,4414.34,4414.34,4414.34,0.00,0.00,0.0,BULLISH,0.0,4414.34,4414.34,4414.34,4414.34,4,ACTIVE_4s,1.0,0.0,0.0,0.0,0.0,0.0,0.0,PASS_<20%,0.00,0.0,NO,STANDBY_VEL_LOW,0,0.00,4590.00,78.36,FALSE,M1_DIRECTION_MISMATCH|OPENING_SHIELD_ACTIVE_4s
2026-09-07 15:36:05.414,1788795365.414,7602,11,131,4414.34,4414.42,8.0,PASS_<=10c,+0.0,FLAT,+0.0,+0.0,4.2,+0.00,0.00,SLOW,4414.34,4414.34,4414.34,4414.34,0.00,0.00,0.0,BULLISH,0.0,4414.34,4414.34,4414.34,4414.34,5,ACTIVE_5s,1.0,0.0,0.0,0.0,0.0,0.0,0.0,PASS_<20%,0.00,0.0,NO,STANDBY_VEL_LOW,0,0.00,4590.00,78.36,FALSE,M1_DIRECTION_MISMATCH|OPENING_SHIELD_ACTIVE_5s
2026-09-07 15:36:05.915,1788795365.916,7603,12,132,4414.34,4414.42,8.0,PASS_<=10c,+0.0,FLAT,+0.0,+0.0,4.2,+0.00,0.00,SLOW,4414.34,4414.34,4414.34,4414.34,0.00,0.00,0.0,BULLISH,0.0,4414.34,4414.34,4414.34,4414.34,5,ACTIVE_5s,1.0,0.0,0.0,0.0,0.0,0.0,0.0,PASS_<20%,0.00,0.0,NO,STANDBY_VEL_LOW,0,0.00,4590.00,78.36,FALSE,M1_DIRECTION_MISMATCH|OPENING_SHIELD_ACTIVE_5s
2026-09-07 15:36:06.416,1788795366.417,7604,13,133,4414.34,4414.42,8.0,PASS_<=10c,+0.0,FLAT,+0.0,+0.0,4.2,+0.00,0.00,SLOW,4414.34,4414.34,4414.34,4414.34,0.00,0.00,0.0,BULLISH,0.0,4414.34,4414.34,4414.34,4414.34,6,ACTIVE_6s,1.0,0.0,0.0,0.0,0.0,0.0,0.0,PASS_<20%,0.00,0.0,NO,STANDBY_VEL_LOW,0,0.00,4590.00,78.36,FALSE,M1_DIRECTION_MISMATCH|OPENING_SHIELD_ACTIVE_6s
2026-09-07 15:36:06.918,1788795366.918,7605,14,134,4414.34,4414.42,8.0,PASS_<=10c,+0.0,FLAT,+0.0,+0.0,4.2,+0.00,0.00,SLOW,4414.34,4414.34,4414.34,4414.34,0.00,0.00,0.0,BULLISH,0.0,4414.34,4414.34,4414.34,4414.34,6,ACTIVE_6s,1.0,0.0,0.0,0.0,0.0,0.0,0.0,PASS_<20%,0.00,0.0,NO,STANDBY_VEL_LOW,0,0.00,4590.00,78.36,FALSE,M1_DIRECTION_MISMATCH|OPENING_SHIELD_ACTIVE_6s
2026-09-07 15:36:07.420,1788795367.420,7606,15,135,4414.34,4414.42,8.0,PASS_<=10c,+0.0,FLAT,+0.0,+0.0,4.2,+0.00,0.00,SLOW,4414.34,4414.34,4414.34,4414.34,0.00,0.00,0.0,BULLISH,0.0,4414.34,4414.34,4414.34,4414.34,7,ACTIVE_7s,1.0,0.0,0.0,0.0,0.0,0.0,0.0,PASS_<20%,0.00,0.0,NO,STANDBY_VEL_LOW,0,0.00,4590.00,78.36,FALSE,M1_DIRECTION_MISMATCH|OPENING_SHIELD_ACTIVE_7s
2026-09-07 15:36:07.922,1788795367.923,7607,16,136,4414.34,4414.42,8.0,PASS_<=10c,+0.0,FLAT,+0.0,+0.0,4.2,+0.00,0.00,SLOW,4414.34,4414.34,4414.34,4414.34,0.00,0.00,0.0,BULLISH,0.0,4414.34,4414.34,4414.34,4414.34,7,ACTIVE_7s,1.0,0.0,0.0,0.0,0.0,0.0,0.0,PASS_<20%,0.00,0.0,NO,STANDBY_VEL_LOW,0,0.00,4590.00,78.36,FALSE,M1_DIRECTION_MISMATCH|OPENING_SHIELD_ACTIVE_7s
2026-09-07 15:36:08.424,1788795368.425,7608,17,137,4414.34,4414.42,8.0,PASS_<=10c,+0.0,FLAT,+0.0,+0.0,4.2,+0.00,0.00,SLOW,4414.34,4414.34,4414.34,4414.34,0.00,0.00,0.0,BULLISH,0.0,4414.34,4414.34,4414.34,4414.34,8,ACTIVE_8s,1.0,0.0,0.0,0.0,0.0,0.0,0.0,PASS_<20%,0.00,0.0,NO,STANDBY_VEL_LOW,0,0.00,4590.00,78.36,FALSE,M1_DIRECTION_MISMATCH|OPENING_SHIELD_ACTIVE_8s
2026-09-07 15:36:08.925,1788795368.926,7609,18,138,4414.34,4414.42,8.0,PASS_<=10c,+0.0,FLAT,+0.0,+0.0,4.2,+0.00,0.00,SLOW,4414.34,4414.34,4414.34,4414.34,0.00,0.00,0.0,BULLISH,0.0,4414.34,4414.34,4414.34,4414.34,8,ACTIVE_8s,1.0,0.0,0.0,0.0,0.0,0.0,0.0,PASS_<20%,0.00,0.0,NO,STANDBY_VEL_LOW,0,0.00,4590.00,78.36,FALSE,M1_DIRECTION_MISMATCH|OPENING_SHIELD_ACTIVE_8s
2026-09-07 15:36:09.427,1788795369.428,7610,19,139,4414.34,4414.42,8.0,PASS_<=10c,+0.0,FLAT,+0.0,+0.0,4.2,+0.00,0.00,SLOW,4414.34,4414.34,4414.34,4414.34,0.00,0.00,0.0,BULLISH,0.0,4414.34,4414.34,4414.34,4414.34,9,ACTIVE_9s,1.0,0.0,0.0,0.0,0.0,0.0,0.0,PASS_<20%,0.00,0.0,NO,STANDBY_VEL_LOW,0,0.00,4590.00,78.36,FALSE,M1_DIRECTION_MISMATCH|OPENING_SHIELD_ACTIVE_9s
2026-09-07 15:36:09.929,1788795369.929,7611,20,140,4414.34,4414.42,8.0,PASS_<=10c,+0.0,FLAT,+0.0,+0.0,4.2,+0.00,0.00,SLOW,4414.34,4414.34,4414.34,4414.34,0.00,0.00,0.0,BULLISH,0.0,4414.34,4414.34,4414.34,4414.34,9,ACTIVE_9s,1.0,0.0,0.0,0.0,0.0,0.0,0.0,PASS_<20%,0.00,0.0,NO,STANDBY_VEL_LOW,0,0.00,4590.00,78.36,FALSE,M1_DIRECTION_MISMATCH|OPENING_SHIELD_ACTIVE_9s
2026-09-07 15:36:10.430,1788795370.431,7612,21,141,4414.34,4414.42,8.0,PASS_<=10c,+0.0,FLAT,+0.0,+0.0,4.2,+0.00,0.00,SLOW,4414.34,4414.34,4414.34,4414.34,0.00,0.00,0.0,BULLISH,0.0,4414.34,4414.34,4414.34,4414.34,10,ACTIVE_10s,1.0,0.0,0.0,0.0,0.0,0.0,0.0,PASS_<20%,0.00,0.0,NO,STANDBY_VEL_LOW,0,0.00,4590.00,78.36,FALSE,M1_DIRECTION_MISMATCH|OPENING_SHIELD_ACTIVE_10s
2026-09-07 15:36:10.933,1788795370.934,7613,22,142,4414.34,4414.42,8.0,PASS_<=10c,+0.0,FLAT,+0.0,+0.0,4.2,+0.00,0.00,SLOW,4414.34,4414.34,4414.34,4414.34,0.00,0.00,0.0,BULLISH,0.0,4414.34,4414.34,4414.34,4414.34,10,ACTIVE_10s,1.0,0.0,0.0,0.0,0.0,0.0,0.0,PASS_<20%,0.00,0.0,NO,STANDBY_VEL_LOW,0,0.00,4590.00,78.36,FALSE,M1_DIRECTION_MISMATCH|OPENING_SHIELD_ACTIVE_10s
2026-09-07 15:36:11.435,1788795371.435,7614,23,143,4414.34,4414.42,8.0,PASS_<=10c,+0.0,FLAT,+0.0,+0.0,4.2,+0.00,0.00,SLOW,4414.34,4414.34,4414.34,4414.34,0.00,0.00,0.0,BULLISH,0.0,4414.34,4414.34,4414.34,4414.34,11,ACTIVE_11s,1.0,0.0,0.0,0.0,0.0,0.0,0.0,PASS_<20%,0.00,0.0,NO,STANDBY_VEL_LOW,0,0.00,4590.00,78.36,FALSE,M1_DIRECTION_MISMATCH|OPENING_SHIELD_ACTIVE_11s
2026-09-07 15:36:11.937,1788795371.938,7615,24,144,4414.34,4414.42,8.0,PASS_<=10c,+0.0,FLAT,+0.0,+0.0,4.2,+0.00,0.00,SLOW,4414.34,4414.34,4414.34,4414.34,0.00,0.00,0.0,BULLISH,0.0,4414.34,4414.34,4414.34,4414.34,11,ACTIVE_11s,1.0,0.0,0.0,0.0,0.0,0.0,0.0,PASS_<20%,0.00,0.0,NO,STANDBY_VEL_LOW,0,0.00,4590.00,78.36,FALSE,M1_DIRECTION_MISMATCH|OPENING_SHIELD_ACTIVE_11s
2026-09-07 15:36:12.439,1788795372.440,7616,25,145,4414.34,4414.42,8.0,PASS_<=10c,+0.0,FLAT,+0.0,+0.0,4.2,+0.00,0.00,SLOW,4414.34,4414.34,4414.34,4414.34,0.00,0.00,0.0,BULLISH,0.0,4414.34,4414.34,4414.34,4414.34,12,ACTIVE_12s,1.0,0.0,0.0,0.0,0.0,0.0,0.0,PASS_<20%,0.00,0.0,NO,STANDBY_VEL_LOW,0,0.00,4590.00,78.36,FALSE,M1_DIRECTION_MISMATCH|OPENING_SHIELD_ACTIVE_12s
2026-09-07 15:36:12.941,1788795372.942,7617,26,146,4414.34,4414.42,8.0,PASS_<=10c,+0.0,FLAT,+0.0,+0.0,4.2,+0.00,0.00,SLOW,4414.34,4414.34,4414.34,4414.34,0.00,0.00,0.0,BULLISH,0.0,4414.34,4414.34,4414.34,4414.34,12,ACTIVE_12s,1.0,0.0,0.0,0.0,0.0,0.0,0.0,PASS_<20%,0.00,0.0,NO,STANDBY_VEL_LOW,0,0.00,4590.00,78.36,FALSE,M1_DIRECTION_MISMATCH|OPENING_SHIELD_ACTIVE_12s
2026-09-07 15:36:13.444,1788795373.444,7618,27,147,4414.34,4414.42,8.0,PASS_<=10c,+0.0,FLAT,+0.0,+0.0,4.2,+0.00,0.00,SLOW,4414.34,4414.34,4414.34,4414.34,0.00,0.00,0.0,BULLISH,0.0,4414.34,4414.34,4414.34,4414.34,13,ACTIVE_13s,1.0,0.0,0.0,0.0,0.0,0.0,0.0,PASS_<20%,0.00,0.0,NO,STANDBY_VEL_LOW,0,0.00,4590.00,78.36,FALSE,M1_DIRECTION_MISMATCH|OPENING_SHIELD_ACTIVE_13s
2026-09-07 15:36:13.945,1788795373.945,7619,28,148,4414.34,4414.42,8.0,PASS_<=10c,+0.0,FLAT,+0.0,+0.0,4.2,+0.00,0.00,SLOW,4414.34,4414.34,4414.34,4414.34,0.00,0.00,0.0,BULLISH,0.0,4414.34,4414.34,4414.34,4414.34,13,ACTIVE_13s,1.0,0.0,0.0,0.0,0.0,0.0,0.0,PASS_<20%,0.00,0.0,NO,STANDBY_VEL_LOW,0,0.00,4590.00,78.36,FALSE,M1_DIRECTION_MISMATCH|OPENING_SHIELD_ACTIVE_13s
2026-09-07 15:36:14.447,1788795374.447,7620,29,149,4414.34,4414.42,8.0,PASS_<=10c,+0.0,FLAT,+0.0,+0.0,4.2,+0.00,0.00,SLOW,4414.34,4414.34,4414.34,4414.34,0.00,0.00,0.0,BULLISH,0.0,4414.34,4414.34,4414.34,4414.34,14,ACTIVE_14s,1.0,0.0,0.0,0.0,0.0,0.0,0.0,PASS_<20%,0.00,0.0,NO,STANDBY_VEL_LOW,0,0.00,4590.00,78.36,FALSE,M1_DIRECTION_MISMATCH|OPENING_SHIELD_ACTIVE_14s
2026-09-07 15:36:14.948,1788795374.949,7621,30,150,4414.34,4414.42,8.0,PASS_<=10c,+0.0,FLAT,+0.0,+0.0,4.2,+0.00,0.00,SLOW,4414.34,4414.34,4414.34,4414.34,0.00,0.00,0.0,BULLISH,0.0,4414.34,4414.34,4414.34,4414.34,14,ACTIVE_14s,1.0,0.0,0.0,0.0,0.0,0.0,0.0,PASS_<20%,0.00,0.0,NO,STANDBY_VEL_LOW,0,0.00,4590.00,78.36,FALSE,M1_DIRECTION_MISMATCH|OPENING_SHIELD_ACTIVE_14s
2026-09-07 15:36:15.451,1788795375.451,7622,31,151,4414.34,4414.42,8.0,PASS_<=10c,+0.0,FLAT,+0.0,+0.0,4.2,+0.00,0.00,SLOW,4414.34,4414.34,4414.34,4414.34,0.00,0.00,0.0,BULLISH,0.0,4414.34,4414.34,4414.34,4414.34,15,ACTIVE_15s,1.0,0.0,0.0,0.0,0.0,0.0,0.0,PASS_<20%,0.00,0.0,NO,STANDBY_VEL_LOW,0,0.00,4590.00,78.36,FALSE,M1_DIRECTION_MISMATCH|OPENING_SHIELD_ACTIVE_15s
2026-09-07 15:36:15.952,1788795375.953,7623,32,152,4414.34,4414.42,8.0,PASS_<=10c,+0.0,FLAT,+0.0,+0.0,4.2,+0.00,0.00,SLOW,4414.34,4414.34,4414.34,4414.34,0.00,0.00,0.0,BULLISH,0.0,4414.34,4414.34,4414.34,4414.34,15,ACTIVE_15s,1.0,0.0,0.0,0.0,0.0,0.0,0.0,PASS_<20%,0.00,0.0,NO,STANDBY_VEL_LOW,0,0.00,4590.00,78.36,FALSE,M1_DIRECTION_MISMATCH|OPENING_SHIELD_ACTIVE_15s
2026-09-07 15:36:16.455,1788795376.455,7624,33,153,4414.34,4414.42,8.0,PASS_<=10c,+0.0,FLAT,+0.0,+0.0,4.2,+0.00,0.00,SLOW,4414.34,4414.34,4414.34,4414.34,0.00,0.00,0.0,BULLISH,0.0,4414.34,4414.34,4414.34,4414.34,16,ACTIVE_16s,1.0,0.0,0.0,0.0,0.0,0.0,0.0,PASS_<20%,0.00,0.0,NO,STANDBY_VEL_LOW,0,0.00,4590.00,78.36,FALSE,M1_DIRECTION_MISMATCH|OPENING_SHIELD_ACTIVE_16s
2026-09-07 15:36:16.956,1788795376.957,7625,34,154,4414.34,4414.42,8.0,PASS_<=10c,+0.0,FLAT,+0.0,+0.0,4.2,+0.00,0.00,SLOW,4414.34,4414.34,4414.34,4414.34,0.00,0.00,0.0,BULLISH,0.0,4414.34,4414.34,4414.34,4414.34,16,ACTIVE_16s,1.0,0.0,0.0,0.0,0.0,0.0,0.0,PASS_<20%,0.00,0.0,NO,STANDBY_VEL_LOW,0,0.00,4590.00,78.36,FALSE,M1_DIRECTION_MISMATCH|OPENING_SHIELD_ACTIVE_16s
2026-09-07 15:36:17.458,1788795377.458,7626,35,155,4414.34,4414.42,8.0,PASS_<=10c,+0.0,FLAT,+0.0,+0.0,4.2,+0.00,0.00,SLOW,4414.34,4414.34,4414.34,4414.34,0.00,0.00,0.0,BULLISH,0.0,4414.34,4414.34,4414.34,4414.34,17,ACTIVE_17s,1.0,0.0,0.0,0.0,0.0,0.0,0.0,PASS_<20%,0.00,0.0,NO,STANDBY_VEL_LOW,0,0.00,4590.00,78.36,FALSE,M1_DIRECTION_MISMATCH|OPENING_SHIELD_ACTIVE_17s
2026-09-07 15:36:17.959,1788795377.959,7627,36,156,4414.34,4414.42,8.0,PASS_<=10c,+0.0,FLAT,+0.0,+0.0,4.2,+0.00,0.00,SLOW,4414.34,4414.34,4414.34,4414.34,0.00,0.00,0.0,BULLISH,0.0,4414.34,4414.34,4414.34,4414.34,17,ACTIVE_17s,1.0,0.0,0.0,0.0,0.0,0.0,0.0,PASS_<20%,0.00,0.0,NO,STANDBY_VEL_LOW,0,0.00,4590.00,78.36,FALSE,M1_DIRECTION_MISMATCH|OPENING_SHIELD_ACTIVE_17s
2026-09-07 15:36:18.460,1788795378.460,7628,37,157,4414.34,4414.42,8.0,PASS_<=10c,+0.0,FLAT,+0.0,+0.0,4.2,+0.00,0.00,SLOW,4414.34,4414.34,4414.34,4414.34,0.00,0.00,0.0,BULLISH,0.0,4414.34,4414.34,4414.34,4414.34,18,ACTIVE_18s,1.0,0.0,0.0,0.0,0.0,0.0,0.0,PASS_<20%,0.00,0.0,NO,STANDBY_VEL_LOW,0,0.00,4590.00,78.36,FALSE,M1_DIRECTION_MISMATCH|OPENING_SHIELD_ACTIVE_18s
2026-09-07 15:36:18.963,1788795378.963,7629,38,158,4414.34,4414.42,8.0,PASS_<=10c,+0.0,FLAT,+0.0,+0.0,4.2,+0.00,0.00,SLOW,4414.34,4414.34,4414.34,4414.34,0.00,0.00,0.0,BULLISH,0.0,4414.34,4414.34,4414.34,4414.34,18,ACTIVE_18s,1.0,0.0,0.0,0.0,0.0,0.0,0.0,PASS_<20%,0.00,0.0,NO,STANDBY_VEL_LOW,0,0.00,4590.00,78.36,FALSE,M1_DIRECTION_MISMATCH|OPENING_SHIELD_ACTIVE_18s
2026-09-07 15:36:19.464,1788795379.464,7630,39,159,4414.34,4414.42,8.0,PASS_<=10c,+0.0,FLAT,+0.0,+0.0,4.2,+0.00,0.00,SLOW,4414.34,4414.34,4414.34,4414.34,0.00,0.00,0.0,BULLISH,0.0,4414.34,4414.34,4414.34,4414.34,19,ACTIVE_19s,1.0,0.0,0.0,0.0,0.0,0.0,0.0,PASS_<20%,0.00,0.0,NO,STANDBY_VEL_LOW,0,0.00,4590.00,78.36,FALSE,M1_DIRECTION_MISMATCH|OPENING_SHIELD_ACTIVE_19s
2026-09-07 15:36:19.966,1788795379.966,7631,40,160,4414.34,4414.42,8.0,PASS_<=10c,+0.0,FLAT,+0.0,+0.0,4.2,+0.00,0.00,SLOW,4414.34,4414.34,4414.34,4414.34,0.00,0.00,0.0,BULLISH,0.0,4414.34,4414.34,4414.34,4414.34,19,ACTIVE_19s,1.0,0.0,0.0,0.0,0.0,0.0,0.0,PASS_<20%,0.00,0.0,NO,STANDBY_VEL_LOW,0,0.00,4590.00,78.36,FALSE,M1_DIRECTION_MISMATCH|OPENING_SHIELD_ACTIVE_19s
2026-09-07 15:36:20.467,1788795380.467,7632,41,161,4414.34,4414.42,8.0,PASS_<=10c,+0.0,FLAT,+0.0,+0.0,4.2,+0.00,0.00,SLOW,4414.34,4414.34,4414.34,4414.34,0.00,0.00,0.0,BULLISH,0.0,4414.34,4414.34,4414.34,4414.34,20,CLEARED_>=20s,1.0,0.0,0.0,0.0,0.0,0.0,0.0,PASS_<20%,0.00,0.0,NO,STANDBY_VEL_LOW,0,0.00,4590.00,78.36,FALSE,M1_DIRECTION_MISMATCH
2026-09-07 15:36:20.969,1788795380.970,7633,42,162,4414.34,4414.42,8.0,PASS_<=10c,+0.0,FLAT,+0.0,+0.0,4.2,+0.00,0.00,SLOW,4414.34,4414.34,4414.34,4414.34,0.00,0.00,0.0,BULLISH,0.0,4414.34,4414.34,4414.34,4414.34,20,CLEARED_>=20s,1.0,0.0,0.0,0.0,0.0,0.0,0.0,PASS_<20%,0.00,0.0,NO,STANDBY_VEL_LOW,0,0.00,4590.00,78.36,FALSE,M1_DIRECTION_MISMATCH
2026-09-07 15:36:21.470,1788795381.471,7634,43,163,4414.34,4414.42,8.0,PASS_<=10c,+0.0,FLAT,+0.0,+0.0,4.2,+0.00,0.00,SLOW,4414.34,4414.34,4414.34,4414.34,0.00,0.00,0.0,BULLISH,0.0,4414.34,4414.34,4414.34,4414.34,21,CLEARED_>=20s,1.0,0.0,0.0,0.0,0.0,0.0,0.0,PASS_<20%,0.00,0.0,NO,STANDBY_VEL_LOW,0,0.00,4590.00,78.36,FALSE,M1_DIRECTION_MISMATCH
2026-09-07 15:36:21.971,1788795381.972,7635,44,164,4414.34,4414.42,8.0,PASS_<=10c,+0.0,FLAT,+0.0,+0.0,4.2,+0.00,0.00,SLOW,4414.34,4414.34,4414.34,4414.34,0.00,0.00,0.0,BULLISH,0.0,4414.34,4414.34,4414.34,4414.34,21,CLEARED_>=20s,1.0,0.0,0.0,0.0,0.0,0.0,0.0,PASS_<20%,0.00,0.0,NO,STANDBY_VEL_LOW,0,0.00,4590.00,78.36,FALSE,M1_DIRECTION_MISMATCH
2026-09-07 15:36:22.472,1788795382.473,7636,45,165,4414.34,4414.42,8.0,PASS_<=10c,+0.0,FLAT,+0.0,+0.0,4.2,+0.00,0.00,SLOW,4414.34,4414.34,4414.34,4414.34,0.00,0.00,0.0,BULLISH,0.0,4414.34,4414.34,4414.34,4414.34,22,CLEARED_>=20s,1.0,0.0,0.0,0.0,0.0,0.0,0.0,PASS_<20%,0.00,0.0,NO,STANDBY_VEL_LOW,0,0.00,4590.00,78.36,FALSE,M1_DIRECTION_MISMATCH
2026-09-07 15:36:22.974,1788795382.974,7637,46,166,4414.34,4414.42,8.0,PASS_<=10c,+0.0,FLAT,+0.0,+0.0,4.2,+0.00,0.00,SLOW,4414.34,4414.34,4414.34,4414.34,0.00,0.00,0.0,BULLISH,0.0,4414.34,4414.34,4414.34,4414.34,22,CLEARED_>=20s,1.0,0.0,0.0,0.0,0.0,0.0,0.0,PASS_<20%,0.00,0.0,NO,STANDBY_VEL_LOW,0,0.00,4590.00,78.36,FALSE,M1_DIRECTION_MISMATCH
2026-09-07 15:36:23.476,1788795383.476,7638,47,167,4414.34,4414.42,8.0,PASS_<=10c,+0.0,FLAT,+0.0,+0.0,4.2,+0.00,0.00,SLOW,4414.34,4414.34,4414.34,4414.34,0.00,0.00,0.0,BULLISH,0.0,4414.34,4414.34,4414.34,4414.34,23,CLEARED_>=20s,1.0,0.0,0.0,0.0,0.0,0.0,0.0,PASS_<20%,0.00,0.0,NO,STANDBY_VEL_LOW,0,0.00,4590.00,78.36,FALSE,M1_DIRECTION_MISMATCH
2026-09-07 15:36:23.978,1788795383.979,7639,48,168,4414.34,4414.42,8.0,PASS_<=10c,+0.0,FLAT,+0.0,+0.0,4.2,+0.00,0.00,SLOW,4414.34,4414.34,4414.34,4414.34,0.00,0.00,0.0,BULLISH,0.0,4414.34,4414.34,4414.34,4414.34,23,CLEARED_>=20s,1.0,0.0,0.0,0.0,0.0,0.0,0.0,PASS_<20%,0.00,0.0,NO,STANDBY_VEL_LOW,0,0.00,4590.00,78.36,FALSE,M1_DIRECTION_MISMATCH
2026-09-07 15:36:24.480,1788795384.480,7640,49,169,4414.34,4414.42,8.0,PASS_<=10c,+0.0,FLAT,+0.0,+0.0,4.2,+0.00,0.00,SLOW,4414.34,4414.34,4414.34,4414.34,0.00,0.00,0.0,BULLISH,0.0,4414.34,4414.34,4414.34,4414.34,24,CLEARED_>=20s,1.0,0.0,0.0,0.0,0.0,0.0,0.0,PASS_<20%,0.00,0.0,NO,STANDBY_VEL_LOW,0,0.00,4590.00,78.36,FALSE,M1_DIRECTION_MISMATCH
2026-09-07 15:36:24.982,1788795384.983,7641,50,170,4414.34,4414.42,8.0,PASS_<=10c,+0.0,FLAT,+0.0,+0.0,4.2,+0.00,0.00,SLOW,4414.34,4414.34,4414.34,4414.34,0.00,0.00,0.0,BULLISH,0.0,4414.34,4414.34,4414.34,4414.34,24,CLEARED_>=20s,1.0,0.0,0.0,0.0,0.0,0.0,0.0,PASS_<20%,0.00,0.0,NO,STANDBY_VEL_LOW,0,0.00,4590.00,78.36,FALSE,M1_DIRECTION_MISMATCH
2026-09-07 15:36:25.484,1788795385.484,7642,51,171,4414.34,4414.42,8.0,PASS_<=10c,+0.0,FLAT,+0.0,+0.0,4.2,+0.00,0.00,SLOW,4414.34,4414.34,4414.34,4414.34,0.00,0.00,0.0,BULLISH,0.0,4414.34,4414.34,4414.34,4414.34,25,CLEARED_>=20s,1.0,0.0,0.0,0.0,0.0,0.0,0.0,PASS_<20%,0.00,0.0,NO,STANDBY_VEL_LOW,0,0.00,4590.00,78.36,FALSE,M1_DIRECTION_MISMATCH
2026-09-07 15:36:25.986,1788795385.986,7643,52,172,4414.34,4414.42,8.0,PASS_<=10c,+0.0,FLAT,+0.0,+0.0,4.2,+0.00,0.00,SLOW,4414.34,4414.34,4414.34,4414.34,0.00,0.00,0.0,BULLISH,0.0,4414.34,4414.34,4414.34,4414.34,25,CLEARED_>=20s,1.0,0.0,0.0,0.0,0.0,0.0,0.0,PASS_<20%,0.00,0.0,NO,STANDBY_VEL_LOW,0,0.00,4590.00,78.36,FALSE,M1_DIRECTION_MISMATCH
2026-09-07 15:36:26.487,1788795386.488,7644,53,173,4414.34,4414.42,8.0,PASS_<=10c,+0.0,FLAT,+0.0,+0.0,4.2,+0.00,0.00,SLOW,4414.34,4414.34,4414.34,4414.34,0.00,0.00,0.0,BULLISH,0.0,4414.34,4414.34,4414.34,4414.34,26,CLEARED_>=20s,1.0,0.0,0.0,0.0,0.0,0.0,0.0,PASS_<20%,0.00,0.0,NO,STANDBY_VEL_LOW,0,0.00,4590.00,78.36,FALSE,M1_DIRECTION_MISMATCH
2026-09-07 15:36:26.989,1788795386.990,7645,54,174,4414.34,4414.42,8.0,PASS_<=10c,+0.0,FLAT,+0.0,+0.0,4.2,+0.00,0.00,SLOW,4414.34,4414.34,4414.34,4414.34,0.00,0.00,0.0,BULLISH,0.0,4414.34,4414.34,4414.34,4414.34,26,CLEARED_>=20s,1.0,0.0,0.0,0.0,0.0,0.0,0.0,PASS_<20%,0.00,0.0,NO,STANDBY_VEL_LOW,0,0.00,4590.00,78.36,FALSE,M1_DIRECTION_MISMATCH
2026-09-07 15:36:27.491,1788795387.491,7646,55,175,4414.34,4414.42,8.0,PASS_<=10c,+0.0,FLAT,+0.0,+0.0,4.2,+0.00,0.00,SLOW,4414.34,4414.34,4414.34,4414.34,0.00,0.00,0.0,BULLISH,0.0,4414.34,4414.34,4414.34,4414.34,27,CLEARED_>=20s,1.0,0.0,0.0,0.0,0.0,0.0,0.0,PASS_<20%,0.00,0.0,NO,STANDBY_VEL_LOW,0,0.00,4590.00,78.36,FALSE,M1_DIRECTION_MISMATCH
2026-09-07 15:36:27.992,1788795387.993,7647,56,176,4414.34,4414.42,8.0,PASS_<=10c,+0.0,FLAT,+0.0,+0.0,4.2,+0.00,0.00,SLOW,4414.34,4414.34,4414.34,4414.34,0.00,0.00,0.0,BULLISH,0.0,4414.34,4414.34,4414.34,4414.34,27,CLEARED_>=20s,1.0,0.0,0.0,0.0,0.0,0.0,0.0,PASS_<20%,0.00,0.0,NO,STANDBY_VEL_LOW,0,0.00,4590.00,78.36,FALSE,M1_DIRECTION_MISMATCH
2026-09-07 15:36:28.494,1788795388.494,7648,57,177,4414.34,4414.42,8.0,PASS_<=10c,+0.0,FLAT,+0.0,+0.0,4.2,+0.00,0.00,SLOW,4414.34,4414.34,4414.34,4414.34,0.00,0.00,0.0,BULLISH,0.0,4414.34,4414.34,4414.34,4414.34,28,CLEARED_>=20s,1.0,0.0,0.0,0.0,0.0,0.0,0.0,PASS_<20%,0.00,0.0,NO,STANDBY_VEL_LOW,0,0.00,4590.00,78.36,FALSE,M1_DIRECTION_MISMATCH
2026-09-07 15:36:28.996,1788795388.996,7649,58,178,4414.34,4414.42,8.0,PASS_<=10c,+0.0,FLAT,+0.0,+0.0,4.2,+0.00,0.00,SLOW,4414.34,4414.34,4414.34,4414.34,0.00,0.00,0.0,BULLISH,0.0,4414.34,4414.34,4414.34,4414.34,28,CLEARED_>=20s,1.0,0.0,0.0,0.0,0.0,0.0,0.0,PASS_<20%,0.00,0.0,NO,STANDBY_VEL_LOW,0,0.00,4590.00,78.36,FALSE,M1_DIRECTION_MISMATCH
2026-09-07 15:36:29.500,1788795389.501,7650,59,179,4414.34,4414.42,8.0,PASS_<=10c,+0.0,FLAT,+0.0,+0.0,4.2,+0.00,0.00,SLOW,4414.34,4414.34,4414.34,4414.34,0.00,0.00,0.0,BULLISH,0.0,4414.34,4414.34,4414.34,4414.34,29,CLEARED_>=20s,1.0,0.0,0.0,0.0,0.0,0.0,0.0,PASS_<20%,0.00,0.0,NO,STANDBY_VEL_LOW,0,0.00,4590.00,78.36,FALSE,M1_DIRECTION_MISMATCH
2026-09-07 15:36:29.999,1788795389.999,7651,60,180,4414.34,4414.42,8.0,PASS_<=10c,+0.0,FLAT,+0.0,+0.0,4.2,+0.00,0.00,SLOW,4414.34,4414.34,4414.34,4414.34,0.00,0.00,0.0,BULLISH,0.0,4414.34,4414.34,4414.34,4414.34,29,CLEARED_>=20s,1.0,0.0,0.0,0.0,0.0,0.0,0.0,PASS_<20%,0.00,0.0,NO,STANDBY_VEL_LOW,0,0.00,4590.00,78.36,FALSE,M1_DIRECTION_MISMATCH
2026-09-07 15:36:30.501,1788795390.501,7652,61,181,4414.34,4414.42,8.0,PASS_<=10c,+0.0,FLAT,+0.0,+0.0,4.2,+0.00,0.00,SLOW,4414.34,4414.34,4414.34,4414.34,0.00,0.00,0.0,BULLISH,0.0,4414.34,4414.34,4414.34,4414.34,30,CLEARED_>=20s,1.0,0.0,0.0,0.0,0.0,0.0,0.0,PASS_<20%,0.00,0.0,NO,STANDBY_VEL_LOW,0,0.00,4590.00,78.36,FALSE,M1_DIRECTION_MISMATCH
2026-09-07 15:36:31.002,1788795391.003,7653,62,182,4414.34,4414.42,8.0,PASS_<=10c,+0.0,FLAT,+0.0,+0.0,4.2,+0.00,0.00,SLOW,4414.34,4414.34,4414.34,4414.34,0.00,0.00,0.0,BULLISH,0.0,4414.34,4414.34,4414.34,4414.34,31,CLEARED_>=20s,1.0,0.0,0.0,0.0,0.0,0.0,0.0,PASS_<20%,0.00,0.0,NO,STANDBY_VEL_LOW,0,0.00,4590.00,78.36,FALSE,M1_DIRECTION_MISMATCH
2026-09-07 15:36:31.505,1788795391.506,7654,63,183,4414.34,4414.42,8.0,PASS_<=10c,+0.0,FLAT,+0.0,+0.0,4.2,+0.00,0.00,SLOW,4414.34,4414.34,4414.34,4414.34,0.00,0.00,0.0,BULLISH,0.0,4414.34,4414.34,4414.34,4414.34,31,CLEARED_>=20s,1.0,0.0,0.0,0.0,0.0,0.0,0.0,PASS_<20%,0.00,0.0,NO,STANDBY_VEL_LOW,0,0.00,4590.00,78.36,FALSE,M1_DIRECTION_MISMATCH
2026-09-07 15:36:32.006,1788795392.007,7655,64,184,4414.34,4414.42,8.0,PASS_<=10c,+0.0,FLAT,+0.0,+0.0,4.2,+0.00,0.00,SLOW,4414.34,4414.34,4414.34,4414.34,0.00,0.00,0.0,BULLISH,0.0,4414.34,4414.34,4414.34,4414.34,32,CLEARED_>=20s,1.0,0.0,0.0,0.0,0.0,0.0,0.0,PASS_<20%,0.00,0.0,NO,STANDBY_VEL_LOW,0,0.00,4590.00,78.36,FALSE,M1_DIRECTION_MISMATCH
2026-09-07 15:36:32.508,1788795392.508,7656,65,185,4414.34,4414.42,8.0,PASS_<=10c,+0.0,FLAT,+0.0,+0.0,4.2,+0.00,0.00,SLOW,4414.34,4414.34,4414.34,4414.34,0.00,0.00,0.0,BULLISH,0.0,4414.34,4414.34,4414.34,4414.34,32,CLEARED_>=20s,1.0,0.0,0.0,0.0,0.0,0.0,0.0,PASS_<20%,0.00,0.0,NO,STANDBY_VEL_LOW,0,0.00,4590.00,78.36,FALSE,M1_DIRECTION_MISMATCH
2026-09-07 15:36:33.010,1788795393.010,7657,66,186,4414.34,4414.42,8.0,PASS_<=10c,+0.0,FLAT,+0.0,+0.0,4.2,+0.00,0.00,SLOW,4414.34,4414.34,4414.34,4414.34,0.00,0.00,0.0,BULLISH,0.0,4414.34,4414.34,4414.34,4414.34,33,CLEARED_>=20s,1.0,0.0,0.0,0.0,0.0,0.0,0.0,PASS_<20%,0.00,0.0,NO,STANDBY_VEL_LOW,0,0.00,4590.00,78.36,FALSE,M1_DIRECTION_MISMATCH
2026-09-07 15:36:33.512,1788795393.512,7658,67,187,4414.34,4414.42,8.0,PASS_<=10c,+0.0,FLAT,+0.0,+0.0,4.2,+0.00,0.00,SLOW,4414.34,4414.34,4414.34,4414.34,0.00,0.00,0.0,BULLISH,0.0,4414.34,4414.34,4414.34,4414.34,33,CLEARED_>=20s,1.0,0.0,0.0,0.0,0.0,0.0,0.0,PASS_<20%,0.00,0.0,NO,STANDBY_VEL_LOW,0,0.00,4590.00,78.36,FALSE,M1_DIRECTION_MISMATCH
2026-09-07 15:36:34.014,1788795394.014,7659,68,188,4414.34,4414.42,8.0,PASS_<=10c,+0.0,FLAT,+0.0,+0.0,4.2,+0.00,0.00,SLOW,4414.34,4414.34,4414.34,4414.34,0.00,0.00,0.0,BULLISH,0.0,4414.34,4414.34,4414.34,4414.34,34,CLEARED_>=20s,1.0,0.0,0.0,0.0,0.0,0.0,0.0,PASS_<20%,0.00,0.0,NO,STANDBY_VEL_LOW,0,0.00,4590.00,78.36,FALSE,M1_DIRECTION_MISMATCH
2026-09-07 15:36:34.514,1788795394.515,7660,69,189,4414.34,4414.42,8.0,PASS_<=10c,+0.0,FLAT,+0.0,+0.0,4.2,+0.00,0.00,SLOW,4414.34,4414.34,4414.34,4414.34,0.00,0.00,0.0,BULLISH,0.0,4414.34,4414.34,4414.34,4414.34,34,CLEARED_>=20s,1.0,0.0,0.0,0.0,0.0,0.0,0.0,PASS_<20%,0.00,0.0,NO,STANDBY_VEL_LOW,0,0.00,4590.00,78.36,FALSE,M1_DIRECTION_MISMATCH
2026-09-07 15:36:35.017,1788795395.017,7661,70,190,4414.34,4414.42,8.0,PASS_<=10c,+0.0,FLAT,+0.0,+0.0,4.2,+0.00,0.00,SLOW,4414.34,4414.34,4414.34,4414.34,0.00,0.00,0.0,BULLISH,0.0,4414.34,4414.34,4414.34,4414.34,35,CLEARED_>=20s,1.0,0.0,0.0,0.0,0.0,0.0,0.0,PASS_<20%,0.00,0.0,NO,STANDBY_VEL_LOW,0,0.00,4590.00,78.36,FALSE,M1_DIRECTION_MISMATCH
2026-09-07 15:36:35.518,1788795395.519,7662,71,191,4414.34,4414.42,8.0,PASS_<=10c,+0.0,FLAT,+0.0,+0.0,4.2,+0.00,0.00,SLOW,4414.34,4414.34,4414.34,4414.34,0.00,0.00,0.0,BULLISH,0.0,4414.34,4414.34,4414.34,4414.34,35,CLEARED_>=20s,1.0,0.0,0.0,0.0,0.0,0.0,0.0,PASS_<20%,0.00,0.0,NO,STANDBY_VEL_LOW,0,0.00,4590.00,78.36,FALSE,M1_DIRECTION_MISMATCH
2026-09-07 15:36:36.019,1788795396.019,7663,72,192,4414.34,4414.42,8.0,PASS_<=10c,+0.0,FLAT,+0.0,+0.0,4.2,+0.00,0.00,SLOW,4414.34,4414.34,4414.34,4414.34,0.00,0.00,0.0,BULLISH,0.0,4414.34,4414.34,4414.34,4414.34,36,CLEARED_>=20s,1.0,0.0,0.0,0.0,0.0,0.0,0.0,PASS_<20%,0.00,0.0,NO,STANDBY_VEL_LOW,0,0.00,4590.00,78.36,FALSE,M1_DIRECTION_MISMATCH
2026-09-07 15:36:36.521,1788795396.521,7664,73,193,4414.34,4414.42,8.0,PASS_<=10c,+0.0,FLAT,+0.0,+0.0,4.2,+0.00,0.00,SLOW,4414.34,4414.34,4414.34,4414.34,0.00,0.00,0.0,BULLISH,0.0,4414.34,4414.34,4414.34,4414.34,36,CLEARED_>=20s,1.0,0.0,0.0,0.0,0.0,0.0,0.0,PASS_<20%,0.00,0.0,NO,STANDBY_VEL_LOW,0,0.00,4590.00,78.36,FALSE,M1_DIRECTION_MISMATCH
2026-09-07 15:36:37.022,1788795397.022,7665,74,194,4414.34,4414.42,8.0,PASS_<=10c,+0.0,FLAT,+0.0,+0.0,4.2,+0.00,0.00,SLOW,4414.34,4414.34,4414.34,4414.34,0.00,0.00,0.0,BULLISH,0.0,4414.34,4414.34,4414.34,4414.34,37,CLEARED_>=20s,1.0,0.0,0.0,0.0,0.0,0.0,0.0,PASS_<20%,0.00,0.0,NO,STANDBY_VEL_LOW,0,0.00,4590.00,78.36,FALSE,M1_DIRECTION_MISMATCH
2026-09-07 15:36:37.523,1788795397.524,7666,75,195,4414.34,4414.42,8.0,PASS_<=10c,+0.0,FLAT,+0.0,+0.0,4.2,+0.00,0.00,SLOW,4414.34,4414.34,4414.34,4414.34,0.00,0.00,0.0,BULLISH,0.0,4414.34,4414.34,4414.34,4414.34,37,CLEARED_>=20s,1.0,0.0,0.0,0.0,0.0,0.0,0.0,PASS_<20%,0.00,0.0,NO,STANDBY_VEL_LOW,0,0.00,4590.00,78.36,FALSE,M1_DIRECTION_MISMATCH
2026-09-07 15:36:38.025,1788795398.025,7667,76,196,4414.34,4414.42,8.0,PASS_<=10c,+0.0,FLAT,+0.0,+0.0,4.2,+0.00,0.00,SLOW,4414.34,4414.34,4414.34,4414.34,0.00,0.00,0.0,BULLISH,0.0,4414.34,4414.34,4414.34,4414.34,38,CLEARED_>=20s,1.0,0.0,0.0,0.0,0.0,0.0,0.0,PASS_<20%,0.00,0.0,NO,STANDBY_VEL_LOW,0,0.00,4590.00,78.36,FALSE,M1_DIRECTION_MISMATCH
2026-09-07 15:36:38.526,1788795398.527,7668,77,197,4414.34,4414.42,8.0,PASS_<=10c,+0.0,FLAT,+0.0,+0.0,4.2,+0.00,0.00,SLOW,4414.34,4414.34,4414.34,4414.34,0.00,0.00,0.0,BULLISH,0.0,4414.34,4414.34,4414.34,4414.34,38,CLEARED_>=20s,1.0,0.0,0.0,0.0,0.0,0.0,0.0,PASS_<20%,0.00,0.0,NO,STANDBY_VEL_LOW,0,0.00,4590.00,78.36,FALSE,M1_DIRECTION_MISMATCH
2026-09-07 15:36:39.028,1788795399.028,7669,78,198,4414.34,4414.42,8.0,PASS_<=10c,+0.0,FLAT,+0.0,+0.0,4.2,+0.00,0.00,SLOW,4414.34,4414.34,4414.34,4414.34,0.00,0.00,0.0,BULLISH,0.0,4414.34,4414.34,4414.34,4414.34,39,CLEARED_>=20s,1.0,0.0,0.0,0.0,0.0,0.0,0.0,PASS_<20%,0.00,0.0,NO,STANDBY_VEL_LOW,0,0.00,4590.00,78.36,FALSE,M1_DIRECTION_MISMATCH
2026-09-07 15:36:39.529,1788795399.529,7670,79,199,4414.34,4414.42,8.0,PASS_<=10c,+0.0,FLAT,+0.0,+0.0,4.2,+0.00,0.00,SLOW,4414.34,4414.34,4414.34,4414.34,0.00,0.00,0.0,BULLISH,0.0,4414.34,4414.34,4414.34,4414.34,39,CLEARED_>=20s,1.0,0.0,0.0,0.0,0.0,0.0,0.0,PASS_<20%,0.00,0.0,NO,STANDBY_VEL_LOW,0,0.00,4590.00,78.36,FALSE,M1_DIRECTION_MISMATCH
2026-09-07 15:36:40.030,1788795400.030,7671,80,200,4414.34,4414.42,8.0,PASS_<=10c,+0.0,FLAT,+0.0,+0.0,4.2,+0.00,0.00,SLOW,4414.34,4414.34,4414.34,4414.34,0.00,0.00,0.0,BULLISH,0.0,4414.34,4414.34,4414.34,4414.34,40,CLEARED_>=20s,1.0,0.0,0.0,0.0,0.0,0.0,0.0,PASS_<20%,0.00,0.0,NO,STANDBY_VEL_LOW,0,0.00,4590.00,78.36,FALSE,M1_DIRECTION_MISMATCH
2026-09-07 15:36:40.532,1788795400.533,7672,81,201,4414.34,4414.42,8.0,PASS_<=10c,+0.0,FLAT,+0.0,+0.0,4.2,+0.00,0.00,SLOW,4414.34,4414.34,4414.34,4414.34,0.00,0.00,0.0,BULLISH,0.0,4414.34,4414.34,4414.34,4414.34,40,CLEARED_>=20s,1.0,0.0,0.0,0.0,0.0,0.0,0.0,PASS_<20%,0.00,0.0,NO,STANDBY_VEL_LOW,0,0.00,4590.00,78.36,FALSE,M1_DIRECTION_MISMATCH
2026-09-07 15:36:41.034,1788795401.035,7673,82,202,4414.34,4414.42,8.0,PASS_<=10c,+0.0,FLAT,+0.0,+0.0,4.2,+0.00,0.00,SLOW,4414.34,4414.34,4414.34,4414.34,0.00,0.00,0.0,BULLISH,0.0,4414.34,4414.34,4414.34,4414.34,41,CLEARED_>=20s,1.0,0.0,0.0,0.0,0.0,0.0,0.0,PASS_<20%,0.00,0.0,NO,STANDBY_VEL_LOW,0,0.00,4590.00,78.36,FALSE,M1_DIRECTION_MISMATCH
2026-09-07 15:36:41.536,1788795401.537,7674,83,203,4414.34,4414.42,8.0,PASS_<=10c,+0.0,FLAT,+0.0,+0.0,4.2,+0.00,0.00,SLOW,4414.34,4414.34,4414.34,4414.34,0.00,0.00,0.0,BULLISH,0.0,4414.34,4414.34,4414.34,4414.34,41,CLEARED_>=20s,1.0,0.0,0.0,0.0,0.0,0.0,0.0,PASS_<20%,0.00,0.0,NO,STANDBY_VEL_LOW,0,0.00,4590.00,78.36,FALSE,M1_DIRECTION_MISMATCH
2026-09-07 15:36:42.038,1788795402.038,7675,84,204,4414.34,4414.42,8.0,PASS_<=10c,+0.0,FLAT,+0.0,+0.0,4.2,+0.00,0.00,SLOW,4414.34,4414.34,4414.34,4414.34,0.00,0.00,0.0,BULLISH,0.0,4414.34,4414.34,4414.34,4414.34,42,CLEARED_>=20s,1.0,0.0,0.0,0.0,0.0,0.0,0.0,PASS_<20%,0.00,0.0,NO,STANDBY_VEL_LOW,0,0.00,4590.00,78.36,FALSE,M1_DIRECTION_MISMATCH
2026-09-07 15:36:42.539,1788795402.540,7676,85,205,4414.34,4414.42,8.0,PASS_<=10c,+0.0,FLAT,+0.0,+0.0,4.2,+0.00,0.00,SLOW,4414.34,4414.34,4414.34,4414.34,0.00,0.00,0.0,BULLISH,0.0,4414.34,4414.34,4414.34,4414.34,42,CLEARED_>=20s,1.0,0.0,0.0,0.0,0.0,0.0,0.0,PASS_<20%,0.00,0.0,NO,STANDBY_VEL_LOW,0,0.00,4590.00,78.36,FALSE,M1_DIRECTION_MISMATCH
2026-09-07 15:36:43.041,1788795403.042,7677,86,206,4414.34,4414.42,8.0,PASS_<=10c,+0.0,FLAT,+0.0,+0.0,4.2,+0.00,0.00,SLOW,4414.34,4414.34,4414.34,4414.34,0.00,0.00,0.0,BULLISH,0.0,4414.34,4414.34,4414.34,4414.34,43,CLEARED_>=20s,1.0,0.0,0.0,0.0,0.0,0.0,0.0,PASS_<20%,0.00,0.0,NO,STANDBY_VEL_LOW,0,0.00,4590.00,78.36,FALSE,M1_DIRECTION_MISMATCH
2026-09-07 15:36:43.543,1788795403.543,7678,87,207,4414.34,4414.42,8.0,PASS_<=10c,+0.0,FLAT,+0.0,+0.0,4.2,+0.00,0.00,SLOW,4414.34,4414.34,4414.34,4414.34,0.00,0.00,0.0,BULLISH,0.0,4414.34,4414.34,4414.34,4414.34,43,CLEARED_>=20s,1.0,0.0,0.0,0.0,0.0,0.0,0.0,PASS_<20%,0.00,0.0,NO,STANDBY_VEL_LOW,0,0.00,4590.00,78.36,FALSE,M1_DIRECTION_MISMATCH
2026-09-07 15:36:44.044,1788795404.045,7679,88,208,4414.34,4414.42,8.0,PASS_<=10c,+0.0,FLAT,+0.0,+0.0,4.2,+0.00,0.00,SLOW,4414.34,4414.34,4414.34,4414.34,0.00,0.00,0.0,BULLISH,0.0,4414.34,4414.34,4414.34,4414.34,44,CLEARED_>=20s,1.0,0.0,0.0,0.0,0.0,0.0,0.0,PASS_<20%,0.00,0.0,NO,STANDBY_VEL_LOW,0,0.00,4590.00,78.36,FALSE,M1_DIRECTION_MISMATCH
2026-09-07 15:36:44.546,1788795404.547,7680,89,209,4414.34,4414.42,8.0,PASS_<=10c,+0.0,FLAT,+0.0,+0.0,4.2,+0.00,0.00,SLOW,4414.34,4414.34,4414.34,4414.34,0.00,0.00,0.0,BULLISH,0.0,4414.34,4414.34,4414.34,4414.34,44,CLEARED_>=20s,1.0,0.0,0.0,0.0,0.0,0.0,0.0,PASS_<20%,0.00,0.0,NO,STANDBY_VEL_LOW,0,0.00,4590.00,78.36,FALSE,M1_DIRECTION_MISMATCH
2026-09-07 15:36:45.049,1788795405.050,7681,90,210,4414.34,4414.42,8.0,PASS_<=10c,+0.0,FLAT,+0.0,+0.0,4.2,+0.00,0.00,SLOW,4414.34,4414.34,4414.34,4414.34,0.00,0.00,0.0,BULLISH,0.0,4414.34,4414.34,4414.34,4414.34,45,CLEARED_>=20s,1.0,0.0,0.0,0.0,0.0,0.0,0.0,PASS_<20%,0.00,0.0,NO,STANDBY_VEL_LOW,0,0.00,4590.00,78.36,FALSE,M1_DIRECTION_MISMATCH
2026-09-07 15:36:45.551,1788795405.551,7682,91,211,4414.34,4414.42,8.0,PASS_<=10c,+0.0,FLAT,+0.0,+0.0,4.2,+0.00,0.00,SLOW,4414.34,4414.34,4414.34,4414.34,0.00,0.00,0.0,BULLISH,0.0,4414.34,4414.34,4414.34,4414.34,45,CLEARED_>=20s,1.0,0.0,0.0,0.0,0.0,0.0,0.0,PASS_<20%,0.00,0.0,NO,STANDBY_VEL_LOW,0,0.00,4590.00,78.36,FALSE,M1_DIRECTION_MISMATCH
2026-09-07 15:36:46.052,1788795406.053,7683,92,212,4414.34,4414.42,8.0,PASS_<=10c,+0.0,FLAT,+0.0,+0.0,4.2,+0.00,0.00,SLOW,4414.34,4414.34,4414.34,4414.34,0.00,0.00,0.0,BULLISH,0.0,4414.34,4414.34,4414.34,4414.34,46,CLEARED_>=20s,1.0,0.0,0.0,0.0,0.0,0.0,0.0,PASS_<20%,0.00,0.0,NO,STANDBY_VEL_LOW,0,0.00,4590.00,78.36,FALSE,M1_DIRECTION_MISMATCH
2026-09-07 15:36:46.554,1788795406.555,7684,93,213,4414.34,4414.42,8.0,PASS_<=10c,+0.0,FLAT,+0.0,+0.0,4.2,+0.00,0.00,SLOW,4414.34,4414.34,4414.34,4414.34,0.00,0.00,0.0,BULLISH,0.0,4414.34,4414.34,4414.34,4414.34,46,CLEARED_>=20s,1.0,0.0,0.0,0.0,0.0,0.0,0.0,PASS_<20%,0.00,0.0,NO,STANDBY_VEL_LOW,0,0.00,4590.00,78.36,FALSE,M1_DIRECTION_MISMATCH
2026-09-07 15:36:47.056,1788795407.056,7685,94,214,4414.34,4414.42,8.0,PASS_<=10c,+0.0,FLAT,+0.0,+0.0,4.2,+0.00,0.00,SLOW,4414.34,4414.34,4414.34,4414.34,0.00,0.00,0.0,BULLISH,0.0,4414.34,4414.34,4414.34,4414.34,47,CLEARED_>=20s,1.0,0.0,0.0,0.0,0.0,0.0,0.0,PASS_<20%,0.00,0.0,NO,STANDBY_VEL_LOW,0,0.00,4590.00,78.36,FALSE,M1_DIRECTION_MISMATCH
2026-09-07 15:36:47.558,1788795407.559,7686,95,215,4414.34,4414.42,8.0,PASS_<=10c,+0.0,FLAT,+0.0,+0.0,4.2,+0.00,0.00,SLOW,4414.34,4414.34,4414.34,4414.34,0.00,0.00,0.0,BULLISH,0.0,4414.34,4414.34,4414.34,4414.34,47,CLEARED_>=20s,1.0,0.0,0.0,0.0,0.0,0.0,0.0,PASS_<20%,0.00,0.0,NO,STANDBY_VEL_LOW,0,0.00,4590.00,78.36,FALSE,M1_DIRECTION_MISMATCH
2026-09-07 15:36:48.059,1788795408.060,7687,96,216,4414.34,4414.42,8.0,PASS_<=10c,+0.0,FLAT,+0.0,+0.0,4.2,+0.00,0.00,SLOW,4414.34,4414.34,4414.34,4414.34,0.00,0.00,0.0,BULLISH,0.0,4414.34,4414.34,4414.34,4414.34,48,CLEARED_>=20s,1.0,0.0,0.0,0.0,0.0,0.0,0.0,PASS_<20%,0.00,0.0,NO,STANDBY_VEL_LOW,0,0.00,4590.00,78.36,FALSE,M1_DIRECTION_MISMATCH
2026-09-07 15:36:48.561,1788795408.561,7688,97,217,4414.34,4414.42,8.0,PASS_<=10c,+0.0,FLAT,+0.0,+0.0,4.2,+0.00,0.00,SLOW,4414.34,4414.34,4414.34,4414.34,0.00,0.00,0.0,BULLISH,0.0,4414.34,4414.34,4414.34,4414.34,48,CLEARED_>=20s,1.0,0.0,0.0,0.0,0.0,0.0,0.0,PASS_<20%,0.00,0.0,NO,STANDBY_VEL_LOW,0,0.00,4590.00,78.36,FALSE,M1_DIRECTION_MISMATCH
2026-09-07 15:36:49.063,1788795409.063,7689,98,218,4414.34,4414.42,8.0,PASS_<=10c,+0.0,FLAT,+0.0,+0.0,4.2,+0.00,0.00,SLOW,4414.34,4414.34,4414.34,4414.34,0.00,0.00,0.0,BULLISH,0.0,4414.34,4414.34,4414.34,4414.34,49,CLEARED_>=20s,1.0,0.0,0.0,0.0,0.0,0.0,0.0,PASS_<20%,0.00,0.0,NO,STANDBY_VEL_LOW,0,0.00,4590.00,78.36,FALSE,M1_DIRECTION_MISMATCH
2026-09-07 15:36:49.566,1788795409.566,7690,99,219,4414.34,4414.42,8.0,PASS_<=10c,+0.0,FLAT,+0.0,+0.0,4.2,+0.00,0.00,SLOW,4414.34,4414.34,4414.34,4414.34,0.00,0.00,0.0,BULLISH,0.0,4414.34,4414.34,4414.34,4414.34,49,CLEARED_>=20s,1.0,0.0,0.0,0.0,0.0,0.0,0.0,PASS_<20%,0.00,0.0,NO,STANDBY_VEL_LOW,0,0.00,4590.00,78.36,FALSE,M1_DIRECTION_MISMATCH
2026-09-07 15:36:50.067,1788795410.068,7691,100,220,4414.34,4414.42,8.0,PASS_<=10c,+0.0,FLAT,+0.0,+0.0,4.2,+0.00,0.00,SLOW,4414.34,4414.34,4414.34,4414.34,0.00,0.00,0.0,BULLISH,0.0,4414.34,4414.34,4414.34,4414.34,50,CLEARED_>=20s,1.0,0.0,0.0,0.0,0.0,0.0,0.0,PASS_<20%,0.00,0.0,NO,STANDBY_VEL_LOW,0,0.00,4590.00,78.36,FALSE,M1_DIRECTION_MISMATCH
2026-09-07 15:36:50.569,1788795410.569,7692,101,221,4414.34,4414.42,8.0,PASS_<=10c,+0.0,FLAT,+0.0,+0.0,4.2,+0.00,0.00,SLOW,4414.34,4414.34,4414.34,4414.34,0.00,0.00,0.0,BULLISH,0.0,4414.34,4414.34,4414.34,4414.34,50,CLEARED_>=20s,1.0,0.0,0.0,0.0,0.0,0.0,0.0,PASS_<20%,0.00,0.0,NO,STANDBY_VEL_LOW,0,0.00,4590.00,78.36,FALSE,M1_DIRECTION_MISMATCH
2026-09-07 15:36:51.071,1788795411.071,7693,102,222,4414.34,4414.42,8.0,PASS_<=10c,+0.0,FLAT,+0.0,+0.0,4.2,+0.00,0.00,SLOW,4414.34,4414.34,4414.34,4414.34,0.00,0.00,0.0,BULLISH,0.0,4414.34,4414.34,4414.34,4414.34,51,CLEARED_>=20s,1.0,0.0,0.0,0.0,0.0,0.0,0.0,PASS_<20%,0.00,0.0,NO,STANDBY_VEL_LOW,0,0.00,4590.00,78.36,FALSE,M1_DIRECTION_MISMATCH
2026-09-07 15:36:51.573,1788795411.574,7694,103,223,4414.34,4414.42,8.0,PASS_<=10c,+0.0,FLAT,+0.0,+0.0,4.2,+0.00,0.00,SLOW,4414.34,4414.34,4414.34,4414.34,0.00,0.00,0.0,BULLISH,0.0,4414.34,4414.34,4414.34,4414.34,51,CLEARED_>=20s,1.0,0.0,0.0,0.0,0.0,0.0,0.0,PASS_<20%,0.00,0.0,NO,STANDBY_VEL_LOW,0,0.00,4590.00,78.36,FALSE,M1_DIRECTION_MISMATCH
2026-09-07 15:36:52.075,1788795412.075,7695,104,224,4414.34,4414.42,8.0,PASS_<=10c,+0.0,FLAT,+0.0,+0.0,4.2,+0.00,0.00,SLOW,4414.34,4414.34,4414.34,4414.34,0.00,0.00,0.0,BULLISH,0.0,4414.34,4414.34,4414.34,4414.34,52,CLEARED_>=20s,1.0,0.0,0.0,0.0,0.0,0.0,0.0,PASS_<20%,0.00,0.0,NO,STANDBY_VEL_LOW,0,0.00,4590.00,78.36,FALSE,M1_DIRECTION_MISMATCH
2026-09-07 15:36:52.577,1788795412.577,7696,105,225,4414.34,4414.42,8.0,PASS_<=10c,+0.0,FLAT,+0.0,+0.0,4.2,+0.00,0.00,SLOW,4414.34,4414.34,4414.34,4414.34,0.00,0.00,0.0,BULLISH,0.0,4414.34,4414.34,4414.34,4414.34,52,CLEARED_>=20s,1.0,0.0,0.0,0.0,0.0,0.0,0.0,PASS_<20%,0.00,0.0,NO,STANDBY_VEL_LOW,0,0.00,4590.00,78.36,FALSE,M1_DIRECTION_MISMATCH
2026-09-07 15:36:53.078,1788795413.079,7697,106,226,4414.34,4414.42,8.0,PASS_<=10c,+0.0,FLAT,+0.0,+0.0,4.2,+0.00,0.00,SLOW,4414.34,4414.34,4414.34,4414.34,0.00,0.00,0.0,BULLISH,0.0,4414.34,4414.34,4414.34,4414.34,53,CLEARED_>=20s,1.0,0.0,0.0,0.0,0.0,0.0,0.0,PASS_<20%,0.00,0.0,NO,STANDBY_VEL_LOW,0,0.00,4590.00,78.36,FALSE,M1_DIRECTION_MISMATCH
2026-09-07 15:36:53.581,1788795413.582,7698,107,227,4414.34,4414.42,8.0,PASS_<=10c,+0.0,FLAT,+0.0,+0.0,4.2,+0.00,0.00,SLOW,4414.34,4414.34,4414.34,4414.34,0.00,0.00,0.0,BULLISH,0.0,4414.34,4414.34,4414.34,4414.34,53,CLEARED_>=20s,1.0,0.0,0.0,0.0,0.0,0.0,0.0,PASS_<20%,0.00,0.0,NO,STANDBY_VEL_LOW,0,0.00,4590.00,78.36,FALSE,M1_DIRECTION_MISMATCH
2026-09-07 15:36:54.082,1788795414.083,7699,108,228,4414.34,4414.42,8.0,PASS_<=10c,+0.0,FLAT,+0.0,+0.0,4.2,+0.00,0.00,SLOW,4414.34,4414.34,4414.34,4414.34,0.00,0.00,0.0,BULLISH,0.0,4414.34,4414.34,4414.34,4414.34,54,CLEARED_>=20s,1.0,0.0,0.0,0.0,0.0,0.0,0.0,PASS_<20%,0.00,0.0,NO,STANDBY_VEL_LOW,0,0.00,4590.00,78.36,FALSE,M1_DIRECTION_MISMATCH
2026-09-07 15:36:54.584,1788795414.584,7700,109,229,4414.34,4414.42,8.0,PASS_<=10c,+0.0,FLAT,+0.0,+0.0,4.2,+0.00,0.00,SLOW,4414.34,4414.34,4414.34,4414.34,0.00,0.00,0.0,BULLISH,0.0,4414.34,4414.34,4414.34,4414.34,54,CLEARED_>=20s,1.0,0.0,0.0,0.0,0.0,0.0,0.0,PASS_<20%,0.00,0.0,NO,STANDBY_VEL_LOW,0,0.00,4590.00,78.36,FALSE,M1_DIRECTION_MISMATCH
2026-09-07 15:36:55.085,1788795415.086,7701,110,230,4414.34,4414.42,8.0,PASS_<=10c,+0.0,FLAT,+0.0,+0.0,4.2,+0.00,0.00,SLOW,4414.34,4414.34,4414.34,4414.34,0.00,0.00,0.0,BULLISH,0.0,4414.34,4414.34,4414.34,4414.34,55,CLEARED_>=20s,1.0,0.0,0.0,0.0,0.0,0.0,0.0,PASS_<20%,0.00,0.0,NO,STANDBY_VEL_LOW,0,0.00,4590.00,78.36,FALSE,M1_DIRECTION_MISMATCH
2026-09-07 15:36:55.587,1788795415.588,7702,111,231,4414.34,4414.42,8.0,PASS_<=10c,+0.0,FLAT,+0.0,+0.0,4.2,+0.00,0.00,SLOW,4414.34,4414.34,4414.34,4414.34,0.00,0.00,0.0,BULLISH,0.0,4414.34,4414.34,4414.34,4414.34,55,CLEARED_>=20s,1.0,0.0,0.0,0.0,0.0,0.0,0.0,PASS_<20%,0.00,0.0,NO,STANDBY_VEL_LOW,0,0.00,4590.00,78.36,FALSE,M1_DIRECTION_MISMATCH
2026-09-07 15:36:56.092,1788795416.092,7703,112,232,4414.34,4414.42,8.0,PASS_<=10c,+0.0,FLAT,+0.0,+0.0,4.2,+0.00,0.00,SLOW,4414.34,4414.34,4414.34,4414.34,0.00,0.00,0.0,BULLISH,0.0,4414.34,4414.34,4414.34,4414.34,56,CLEARED_>=20s,1.0,0.0,0.0,0.0,0.0,0.0,0.0,PASS_<20%,0.00,0.0,NO,STANDBY_VEL_LOW,0,0.00,4590.00,78.36,FALSE,M1_DIRECTION_MISMATCH
2026-09-07 15:36:56.592,1788795416.592,7704,113,233,4414.34,4414.42,8.0,PASS_<=10c,+0.0,FLAT,+0.0,+0.0,4.2,+0.00,0.00,SLOW,4414.34,4414.34,4414.34,4414.34,0.00,0.00,0.0,BULLISH,0.0,4414.34,4414.34,4414.34,4414.34,56,CLEARED_>=20s,1.0,0.0,0.0,0.0,0.0,0.0,0.0,PASS_<20%,0.00,0.0,NO,STANDBY_VEL_LOW,0,0.00,4590.00,78.36,FALSE,M1_DIRECTION_MISMATCH
2026-09-07 15:36:57.093,1788795417.094,7705,114,234,4414.34,4414.42,8.0,PASS_<=10c,+0.0,FLAT,+0.0,+0.0,4.2,+0.00,0.00,SLOW,4414.34,4414.34,4414.34,4414.34,0.00,0.00,0.0,BULLISH,0.0,4414.34,4414.34,4414.34,4414.34,57,CLEARED_>=20s,1.0,0.0,0.0,0.0,0.0,0.0,0.0,PASS_<20%,0.00,0.0,NO,STANDBY_VEL_LOW,0,0.00,4590.00,78.36,FALSE,M1_DIRECTION_MISMATCH
2026-09-07 15:36:57.595,1788795417.596,7706,115,235,4414.34,4414.42,8.0,PASS_<=10c,+0.0,FLAT,+0.0,+0.0,4.2,+0.00,0.00,SLOW,4414.34,4414.34,4414.34,4414.34,0.00,0.00,0.0,BULLISH,0.0,4414.34,4414.34,4414.34,4414.34,57,CLEARED_>=20s,1.0,0.0,0.0,0.0,0.0,0.0,0.0,PASS_<20%,0.00,0.0,NO,STANDBY_VEL_LOW,0,0.00,4590.00,78.36,FALSE,M1_DIRECTION_MISMATCH
2026-09-07 15:36:58.098,1788795418.098,7707,116,236,4414.34,4414.42,8.0,PASS_<=10c,+0.0,FLAT,+0.0,+0.0,4.2,+0.00,0.00,SLOW,4414.34,4414.34,4414.34,4414.34,0.00,0.00,0.0,BULLISH,0.0,4414.34,4414.34,4414.34,4414.34,58,CLEARED_>=20s,1.0,0.0,0.0,0.0,0.0,0.0,0.0,PASS_<20%,0.00,0.0,NO,STANDBY_VEL_LOW,0,0.00,4590.00,78.36,FALSE,M1_DIRECTION_MISMATCH
2026-09-07 15:36:58.599,1788795418.600,7708,117,237,4414.34,4414.42,8.0,PASS_<=10c,+0.0,FLAT,+0.0,+0.0,4.2,+0.00,0.00,SLOW,4414.34,4414.34,4414.34,4414.34,0.00,0.00,0.0,BULLISH,0.0,4414.34,4414.34,4414.34,4414.34,58,CLEARED_>=20s,1.0,0.0,0.0,0.0,0.0,0.0,0.0,PASS_<20%,0.00,0.0,NO,STANDBY_VEL_LOW,0,0.00,4590.00,78.36,FALSE,M1_DIRECTION_MISMATCH
2026-09-07 15:36:59.102,1788795419.102,7709,118,238,4414.34,4414.42,8.0,PASS_<=10c,+0.0,FLAT,+0.0,+0.0,4.2,+0.00,0.00,SLOW,4414.34,4414.34,4414.34,4414.34,0.00,0.00,0.0,BULLISH,0.0,4414.34,4414.34,4414.34,4414.34,59,CLEARED_>=20s,1.0,0.0,0.0,0.0,0.0,0.0,0.0,PASS_<20%,0.00,0.0,NO,STANDBY_VEL_LOW,0,0.00,4590.00,78.36,FALSE,M1_DIRECTION_MISMATCH
2026-09-07 15:36:59.603,1788795419.604,7710,119,239,4414.34,4414.42,8.0,PASS_<=10c,+0.0,FLAT,+0.0,+0.0,4.2,+0.00,0.00,SLOW,4414.34,4414.34,4414.34,4414.34,0.00,0.00,0.0,BULLISH,0.0,4414.34,4414.34,4414.34,4414.34,59,CLEARED_>=20s,1.0,0.0,0.0,0.0,0.0,0.0,0.0,PASS_<20%,0.00,0.0,NO,STANDBY_VEL_LOW,0,0.00,4590.00,78.36,FALSE,M1_DIRECTION_MISMATCH
2026-09-07 15:37:00.112,1788795420.112,7711,1,240,4414.34,4414.42,8.0,PASS_<=10c,+0.0,FLAT,+0.0,+0.0,4.2,+0.00,0.00,SLOW,4414.34,4414.34,4414.34,4414.34,0.00,0.00,0.0,BULLISH,0.0,4414.34,4414.34,4414.34,4414.34,0,ACTIVE_0s,1.0,0.0,0.0,0.0,0.0,0.0,0.0,PASS_<20%,0.00,0.0,NO,STANDBY_VEL_LOW,0,0.00,4590.00,78.36,FALSE,M1_DIRECTION_MISMATCH|OPENING_SHIELD_ACTIVE_0s
2026-09-07 15:37:00.612,1788795420.613,7712,2,241,4414.34,4414.42,8.0,PASS_<=10c,+0.0,FLAT,+0.0,+0.0,4.2,+0.00,0.00,SLOW,4414.34,4414.34,4414.34,4414.34,0.00,0.00,0.0,BULLISH,0.0,4414.34,4414.34,4414.34,4414.34,0,ACTIVE_0s,1.0,0.0,0.0,0.0,0.0,0.0,0.0,PASS_<20%,0.00,0.0,NO,STANDBY_VEL_LOW,0,0.00,4590.00,78.36,FALSE,M1_DIRECTION_MISMATCH|OPENING_SHIELD_ACTIVE_0s
2026-09-07 15:37:01.114,1788795421.114,7713,3,242,4414.34,4414.42,8.0,PASS_<=10c,+0.0,FLAT,+0.0,+0.0,4.2,+0.00,0.00,SLOW,4414.34,4414.34,4414.34,4414.34,0.00,0.00,0.0,BULLISH,0.0,4414.34,4414.34,4414.34,4414.34,1,ACTIVE_1s,1.0,0.0,0.0,0.0,0.0,0.0,0.0,PASS_<20%,0.00,0.0,NO,STANDBY_VEL_LOW,0,0.00,4590.00,78.36,FALSE,M1_DIRECTION_MISMATCH|OPENING_SHIELD_ACTIVE_1s
2026-09-07 15:37:01.616,1788795421.616,7714,4,243,4414.34,4414.42,8.0,PASS_<=10c,+0.0,FLAT,+0.0,+0.0,4.2,+0.00,0.00,SLOW,4414.34,4414.34,4414.34,4414.34,0.00,0.00,0.0,BULLISH,0.0,4414.34,4414.34,4414.34,4414.34,1,ACTIVE_1s,1.0,0.0,0.0,0.0,0.0,0.0,0.0,PASS_<20%,0.00,0.0,NO,STANDBY_VEL_LOW,0,0.00,4590.00,78.36,FALSE,M1_DIRECTION_MISMATCH|OPENING_SHIELD_ACTIVE_1s
2026-09-07 15:37:02.118,1788795422.118,7715,5,244,4414.34,4414.42,8.0,PASS_<=10c,+0.0,FLAT,+0.0,+0.0,4.2,+0.00,0.00,SLOW,4414.34,4414.34,4414.34,4414.34,0.00,0.00,0.0,BULLISH,0.0,4414.34,4414.34,4414.34,4414.34,2,ACTIVE_2s,1.0,0.0,0.0,0.0,0.0,0.0,0.0,PASS_<20%,0.00,0.0,NO,STANDBY_VEL_LOW,0,0.00,4590.00,78.36,FALSE,M1_DIRECTION_MISMATCH|OPENING_SHIELD_ACTIVE_2s
2026-09-07 15:37:02.620,1788795422.620,7716,6,245,4414.34,4414.42,8.0,PASS_<=10c,+0.0,FLAT,+0.0,+0.0,4.2,+0.00,0.00,SLOW,4414.34,4414.34,4414.34,4414.34,0.00,0.00,0.0,BULLISH,0.0,4414.34,4414.34,4414.34,4414.34,2,ACTIVE_2s,1.0,0.0,0.0,0.0,0.0,0.0,0.0,PASS_<20%,0.00,0.0,NO,STANDBY_VEL_LOW,0,0.00,4590.00,78.36,FALSE,M1_DIRECTION_MISMATCH|OPENING_SHIELD_ACTIVE_2s
2026-09-07 15:37:03.122,1788795423.122,7717,7,246,4414.34,4414.42,8.0,PASS_<=10c,+0.0,FLAT,+0.0,+0.0,4.2,+0.00,0.00,SLOW,4414.34,4414.34,4414.34,4414.34,0.00,0.00,0.0,BULLISH,0.0,4414.34,4414.34,4414.34,4414.34,3,ACTIVE_3s,1.0,0.0,0.0,0.0,0.0,0.0,0.0,PASS_<20%,0.00,0.0,NO,STANDBY_VEL_LOW,0,0.00,4590.00,78.36,FALSE,M1_DIRECTION_MISMATCH|OPENING_SHIELD_ACTIVE_3s
2026-09-07 15:37:03.623,1788795423.624,7718,8,247,4414.34,4414.42,8.0,PASS_<=10c,+0.0,FLAT,+0.0,+0.0,4.2,+0.00,0.00,SLOW,4414.34,4414.34,4414.34,4414.34,0.00,0.00,0.0,BULLISH,0.0,4414.34,4414.34,4414.34,4414.34,3,ACTIVE_3s,1.0,0.0,0.0,0.0,0.0,0.0,0.0,PASS_<20%,0.00,0.0,NO,STANDBY_VEL_LOW,0,0.00,4590.00,78.36,FALSE,M1_DIRECTION_MISMATCH|OPENING_SHIELD_ACTIVE_3s
2026-09-07 15:37:04.125,1788795424.126,7719,9,248,4414.34,4414.42,8.0,PASS_<=10c,+0.0,FLAT,+0.0,+0.0,4.2,+0.00,0.00,SLOW,4414.34,4414.34,4414.34,4414.34,0.00,0.00,0.0,BULLISH,0.0,4414.34,4414.34,4414.34,4414.34,4,ACTIVE_4s,1.0,0.0,0.0,0.0,0.0,0.0,0.0,PASS_<20%,0.00,0.0,NO,STANDBY_VEL_LOW,0,0.00,4590.00,78.36,FALSE,M1_DIRECTION_MISMATCH|OPENING_SHIELD_ACTIVE_4s
2026-09-07 15:37:04.626,1788795424.626,7720,10,249,4414.34,4414.42,8.0,PASS_<=10c,+0.0,FLAT,+0.0,+0.0,4.2,+0.00,0.00,SLOW,4414.34,4414.34,4414.34,4414.34,0.00,0.00,0.0,BULLISH,0.0,4414.34,4414.34,4414.34,4414.34,4,ACTIVE_4s,1.0,0.0,0.0,0.0,0.0,0.0,0.0,PASS_<20%,0.00,0.0,NO,STANDBY_VEL_LOW,0,0.00,4590.00,78.36,FALSE,M1_DIRECTION_MISMATCH|OPENING_SHIELD_ACTIVE_4s
2026-09-07 15:37:05.128,1788795425.129,7721,11,250,4414.34,4414.42,8.0,PASS_<=10c,+0.0,FLAT,+0.0,+0.0,4.2,+0.00,0.00,SLOW,4414.34,4414.34,4414.34,4414.34,0.00,0.00,0.0,BULLISH,0.0,4414.34,4414.34,4414.34,4414.34,5,ACTIVE_5s,1.0,0.0,0.0,0.0,0.0,0.0,0.0,PASS_<20%,0.00,0.0,NO,STANDBY_VEL_LOW,0,0.00,4590.00,78.36,FALSE,M1_DIRECTION_MISMATCH|OPENING_SHIELD_ACTIVE_5s
2026-09-07 15:37:05.628,1788795425.629,7722,12,251,4414.34,4414.42,8.0,PASS_<=10c,+0.0,FLAT,+0.0,+0.0,4.2,+0.00,0.00,SLOW,4414.34,4414.34,4414.34,4414.34,0.00,0.00,0.0,BULLISH,0.0,4414.34,4414.34,4414.34,4414.34,5,ACTIVE_5s,1.0,0.0,0.0,0.0,0.0,0.0,0.0,PASS_<20%,0.00,0.0,NO,STANDBY_VEL_LOW,0,0.00,4590.00,78.36,FALSE,M1_DIRECTION_MISMATCH|OPENING_SHIELD_ACTIVE_5s
2026-09-07 15:37:06.131,1788795426.131,7723,13,252,4414.34,4414.42,8.0,PASS_<=10c,+0.0,FLAT,+0.0,+0.0,4.2,+0.00,0.00,SLOW,4414.34,4414.34,4414.34,4414.34,0.00,0.00,0.0,BULLISH,0.0,4414.34,4414.34,4414.34,4414.34,6,ACTIVE_6s,1.0,0.0,0.0,0.0,0.0,0.0,0.0,PASS_<20%,0.00,0.0,NO,STANDBY_VEL_LOW,0,0.00,4590.00,78.36,FALSE,M1_DIRECTION_MISMATCH|OPENING_SHIELD_ACTIVE_6s
2026-09-07 15:37:06.633,1788795426.633,7724,14,253,4414.34,4414.42,8.0,PASS_<=10c,+0.0,FLAT,+0.0,+0.0,4.2,+0.00,0.00,SLOW,4414.34,4414.34,4414.34,4414.34,0.00,0.00,0.0,BULLISH,0.0,4414.34,4414.34,4414.34,4414.34,6,ACTIVE_6s,1.0,0.0,0.0,0.0,0.0,0.0,0.0,PASS_<20%,0.00,0.0,NO,STANDBY_VEL_LOW,0,0.00,4590.00,78.36,FALSE,M1_DIRECTION_MISMATCH|OPENING_SHIELD_ACTIVE_6s
2026-09-07 15:37:07.135,1788795427.135,7725,15,254,4414.34,4414.42,8.0,PASS_<=10c,+0.0,FLAT,+0.0,+0.0,4.2,+0.00,0.00,SLOW,4414.34,4414.34,4414.34,4414.34,0.00,0.00,0.0,BULLISH,0.0,4414.34,4414.34,4414.34,4414.34,7,ACTIVE_7s,1.0,0.0,0.0,0.0,0.0,0.0,0.0,PASS_<20%,0.00,0.0,NO,STANDBY_VEL_LOW,0,0.00,4590.00,78.36,FALSE,M1_DIRECTION_MISMATCH|OPENING_SHIELD_ACTIVE_7s
2026-09-07 15:37:07.636,1788795427.637,7726,16,255,4414.34,4414.42,8.0,PASS_<=10c,+0.0,FLAT,+0.0,+0.0,4.2,+0.00,0.00,SLOW,4414.34,4414.34,4414.34,4414.34,0.00,0.00,0.0,BULLISH,0.0,4414.34,4414.34,4414.34,4414.34,7,ACTIVE_7s,1.0,0.0,0.0,0.0,0.0,0.0,0.0,PASS_<20%,0.00,0.0,NO,STANDBY_VEL_LOW,0,0.00,4590.00,78.36,FALSE,M1_DIRECTION_MISMATCH|OPENING_SHIELD_ACTIVE_7s
2026-09-07 15:37:08.138,1788795428.139,7727,17,256,4414.34,4414.42,8.0,PASS_<=10c,+0.0,FLAT,+0.0,+0.0,4.2,+0.00,0.00,SLOW,4414.34,4414.34,4414.34,4414.34,0.00,0.00,0.0,BULLISH,0.0,4414.34,4414.34,4414.34,4414.34,8,ACTIVE_8s,1.0,0.0,0.0,0.0,0.0,0.0,0.0,PASS_<20%,0.00,0.0,NO,STANDBY_VEL_LOW,0,0.00,4590.00,78.36,FALSE,M1_DIRECTION_MISMATCH|OPENING_SHIELD_ACTIVE_8s
2026-09-07 15:37:08.639,1788795428.640,7728,18,257,4414.34,4414.42,8.0,PASS_<=10c,+0.0,FLAT,+0.0,+0.0,4.2,+0.00,0.00,SLOW,4414.34,4414.34,4414.34,4414.34,0.00,0.00,0.0,BULLISH,0.0,4414.34,4414.34,4414.34,4414.34,8,ACTIVE_8s,1.0,0.0,0.0,0.0,0.0,0.0,0.0,PASS_<20%,0.00,0.0,NO,STANDBY_VEL_LOW,0,0.00,4590.00,78.36,FALSE,M1_DIRECTION_MISMATCH|OPENING_SHIELD_ACTIVE_8s
2026-09-07 15:37:09.141,1788795429.142,7729,19,258,4414.34,4414.42,8.0,PASS_<=10c,+0.0,FLAT,+0.0,+0.0,4.2,+0.00,0.00,SLOW,4414.34,4414.34,4414.34,4414.34,0.00,0.00,0.0,BULLISH,0.0,4414.34,4414.34,4414.34,4414.34,9,ACTIVE_9s,1.0,0.0,0.0,0.0,0.0,0.0,0.0,PASS_<20%,0.00,0.0,NO,STANDBY_VEL_LOW,0,0.00,4590.00,78.36,FALSE,M1_DIRECTION_MISMATCH|OPENING_SHIELD_ACTIVE_9s
2026-09-07 15:37:09.643,1788795429.644,7730,20,259,4414.34,4414.42,8.0,PASS_<=10c,+0.0,FLAT,+0.0,+0.0,4.2,+0.00,0.00,SLOW,4414.34,4414.34,4414.34,4414.34,0.00,0.00,0.0,BULLISH,0.0,4414.34,4414.34,4414.34,4414.34,9,ACTIVE_9s,1.0,0.0,0.0,0.0,0.0,0.0,0.0,PASS_<20%,0.00,0.0,NO,STANDBY_VEL_LOW,0,0.00,4590.00,78.36,FALSE,M1_DIRECTION_MISMATCH|OPENING_SHIELD_ACTIVE_9s
2026-09-07 15:37:10.144,1788795430.145,7731,21,260,4414.34,4414.42,8.0,PASS_<=10c,+0.0,FLAT,+0.0,+0.0,4.2,+0.00,0.00,SLOW,4414.34,4414.34,4414.34,4414.34,0.00,0.00,0.0,BULLISH,0.0,4414.34,4414.34,4414.34,4414.34,10,ACTIVE_10s,1.0,0.0,0.0,0.0,0.0,0.0,0.0,PASS_<20%,0.00,0.0,NO,STANDBY_VEL_LOW,0,0.00,4590.00,78.36,FALSE,M1_DIRECTION_MISMATCH|OPENING_SHIELD_ACTIVE_10s
2026-09-07 15:37:10.646,1788795430.647,7732,22,261,4414.34,4414.42,8.0,PASS_<=10c,+0.0,FLAT,+0.0,+0.0,4.2,+0.00,0.00,SLOW,4414.34,4414.34,4414.34,4414.34,0.00,0.00,0.0,BULLISH,0.0,4414.34,4414.34,4414.34,4414.34,10,ACTIVE_10s,1.0,0.0,0.0,0.0,0.0,0.0,0.0,PASS_<20%,0.00,0.0,NO,STANDBY_VEL_LOW,0,0.00,4590.00,78.36,FALSE,M1_DIRECTION_MISMATCH|OPENING_SHIELD_ACTIVE_10s
2026-09-07 15:37:11.147,1788795431.148,7733,23,262,4414.34,4414.42,8.0,PASS_<=10c,+0.0,FLAT,+0.0,+0.0,4.2,+0.00,0.00,SLOW,4414.34,4414.34,4414.34,4414.34,0.00,0.00,0.0,BULLISH,0.0,4414.34,4414.34,4414.34,4414.34,11,ACTIVE_11s,1.0,0.0,0.0,0.0,0.0,0.0,0.0,PASS_<20%,0.00,0.0,NO,STANDBY_VEL_LOW,0,0.00,4590.00,78.36,FALSE,M1_DIRECTION_MISMATCH|OPENING_SHIELD_ACTIVE_11s
2026-09-07 15:37:11.650,1788795431.651,7734,24,263,4414.34,4414.42,8.0,PASS_<=10c,+0.0,FLAT,+0.0,+0.0,4.2,+0.00,0.00,SLOW,4414.34,4414.34,4414.34,4414.34,0.00,0.00,0.0,BULLISH,0.0,4414.34,4414.34,4414.34,4414.34,11,ACTIVE_11s,1.0,0.0,0.0,0.0,0.0,0.0,0.0,PASS_<20%,0.00,0.0,NO,STANDBY_VEL_LOW,0,0.00,4590.00,78.36,FALSE,M1_DIRECTION_MISMATCH|OPENING_SHIELD_ACTIVE_11s
2026-09-07 15:37:12.152,1788795432.152,7735,25,264,4414.34,4414.42,8.0,PASS_<=10c,+0.0,FLAT,+0.0,+0.0,4.2,+0.00,0.00,SLOW,4414.34,4414.34,4414.34,4414.34,0.00,0.00,0.0,BULLISH,0.0,4414.34,4414.34,4414.34,4414.34,12,ACTIVE_12s,1.0,0.0,0.0,0.0,0.0,0.0,0.0,PASS_<20%,0.00,0.0,NO,STANDBY_VEL_LOW,0,0.00,4590.00,78.36,FALSE,M1_DIRECTION_MISMATCH|OPENING_SHIELD_ACTIVE_12s
2026-09-07 15:37:12.654,1788795432.654,7736,26,265,4414.34,4414.42,8.0,PASS_<=10c,+0.0,FLAT,+0.0,+0.0,4.2,+0.00,0.00,SLOW,4414.34,4414.34,4414.34,4414.34,0.00,0.00,0.0,BULLISH,0.0,4414.34,4414.34,4414.34,4414.34,12,ACTIVE_12s,1.0,0.0,0.0,0.0,0.0,0.0,0.0,PASS_<20%,0.00,0.0,NO,STANDBY_VEL_LOW,0,0.00,4590.00,78.36,FALSE,M1_DIRECTION_MISMATCH|OPENING_SHIELD_ACTIVE_12s
2026-09-07 15:37:13.155,1788795433.155,7737,27,266,4414.34,4414.42,8.0,PASS_<=10c,+0.0,FLAT,+0.0,+0.0,4.2,+0.00,0.00,SLOW,4414.34,4414.34,4414.34,4414.34,0.00,0.00,0.0,BULLISH,0.0,4414.34,4414.34,4414.34,4414.34,13,ACTIVE_13s,1.0,0.0,0.0,0.0,0.0,0.0,0.0,PASS_<20%,0.00,0.0,NO,STANDBY_VEL_LOW,0,0.00,4590.00,78.36,FALSE,M1_DIRECTION_MISMATCH|OPENING_SHIELD_ACTIVE_13s
2026-09-07 15:37:13.657,1788795433.658,7738,28,267,4414.34,4414.42,8.0,PASS_<=10c,+0.0,FLAT,+0.0,+0.0,4.2,+0.00,0.00,SLOW,4414.34,4414.34,4414.34,4414.34,0.00,0.00,0.0,BULLISH,0.0,4414.34,4414.34,4414.34,4414.34,13,ACTIVE_13s,1.0,0.0,0.0,0.0,0.0,0.0,0.0,PASS_<20%,0.00,0.0,NO,STANDBY_VEL_LOW,0,0.00,4590.00,78.36,FALSE,M1_DIRECTION_MISMATCH|OPENING_SHIELD_ACTIVE_13s
2026-09-07 15:37:14.158,1788795434.159,7739,29,268,4414.34,4414.42,8.0,PASS_<=10c,+0.0,FLAT,+0.0,+0.0,4.2,+0.00,0.00,SLOW,4414.34,4414.34,4414.34,4414.34,0.00,0.00,0.0,BULLISH,0.0,4414.34,4414.34,4414.34,4414.34,14,ACTIVE_14s,1.0,0.0,0.0,0.0,0.0,0.0,0.0,PASS_<20%,0.00,0.0,NO,STANDBY_VEL_LOW,0,0.00,4590.00,78.36,FALSE,M1_DIRECTION_MISMATCH|OPENING_SHIELD_ACTIVE_14s
2026-09-07 15:37:14.661,1788795434.661,7740,30,269,4414.34,4414.42,8.0,PASS_<=10c,+0.0,FLAT,+0.0,+0.0,4.2,+0.00,0.00,SLOW,4414.34,4414.34,4414.34,4414.34,0.00,0.00,0.0,BULLISH,0.0,4414.34,4414.34,4414.34,4414.34,14,ACTIVE_14s,1.0,0.0,0.0,0.0,0.0,0.0,0.0,PASS_<20%,0.00,0.0,NO,STANDBY_VEL_LOW,0,0.00,4590.00,78.36,FALSE,M1_DIRECTION_MISMATCH|OPENING_SHIELD_ACTIVE_14s
2026-09-07 15:37:15.163,1788795435.163,7741,31,270,4414.34,4414.42,8.0,PASS_<=10c,+0.0,FLAT,+0.0,+0.0,4.2,+0.00,0.00,SLOW,4414.34,4414.34,4414.34,4414.34,0.00,0.00,0.0,BULLISH,0.0,4414.34,4414.34,4414.34,4414.34,15,ACTIVE_15s,1.0,0.0,0.0,0.0,0.0,0.0,0.0,PASS_<20%,0.00,0.0,NO,STANDBY_VEL_LOW,0,0.00,4590.00,78.36,FALSE,M1_DIRECTION_MISMATCH|OPENING_SHIELD_ACTIVE_15s
2026-09-07 15:37:15.664,1788795435.665,7742,32,271,4414.34,4414.42,8.0,PASS_<=10c,+0.0,FLAT,+0.0,+0.0,4.2,+0.00,0.00,SLOW,4414.34,4414.34,4414.34,4414.34,0.00,0.00,0.0,BULLISH,0.0,4414.34,4414.34,4414.34,4414.34,15,ACTIVE_15s,1.0,0.0,0.0,0.0,0.0,0.0,0.0,PASS_<20%,0.00,0.0,NO,STANDBY_VEL_LOW,0,0.00,4590.00,78.36,FALSE,M1_DIRECTION_MISMATCH|OPENING_SHIELD_ACTIVE_15s
2026-09-07 15:37:16.167,1788795436.167,7743,33,272,4414.34,4414.42,8.0,PASS_<=10c,+0.0,FLAT,+0.0,+0.0,4.2,+0.00,0.00,SLOW,4414.34,4414.34,4414.34,4414.34,0.00,0.00,0.0,BULLISH,0.0,4414.34,4414.34,4414.34,4414.34,16,ACTIVE_16s,1.0,0.0,0.0,0.0,0.0,0.0,0.0,PASS_<20%,0.00,0.0,NO,STANDBY_VEL_LOW,0,0.00,4590.00,78.36,FALSE,M1_DIRECTION_MISMATCH|OPENING_SHIELD_ACTIVE_16s
2026-09-07 15:37:16.668,1788795436.669,7744,34,273,4414.34,4414.42,8.0,PASS_<=10c,+0.0,FLAT,+0.0,+0.0,4.2,+0.00,0.00,SLOW,4414.34,4414.34,4414.34,4414.34,0.00,0.00,0.0,BULLISH,0.0,4414.34,4414.34,4414.34,4414.34,16,ACTIVE_16s,1.0,0.0,0.0,0.0,0.0,0.0,0.0,PASS_<20%,0.00,0.0,NO,STANDBY_VEL_LOW,0,0.00,4590.00,78.36,FALSE,M1_DIRECTION_MISMATCH|OPENING_SHIELD_ACTIVE_16s
2026-09-07 15:37:17.170,1788795437.171,7745,35,274,4414.34,4414.42,8.0,PASS_<=10c,+0.0,FLAT,+0.0,+0.0,4.2,+0.00,0.00,SLOW,4414.34,4414.34,4414.34,4414.34,0.00,0.00,0.0,BULLISH,0.0,4414.34,4414.34,4414.34,4414.34,17,ACTIVE_17s,1.0,0.0,0.0,0.0,0.0,0.0,0.0,PASS_<20%,0.00,0.0,NO,STANDBY_VEL_LOW,0,0.00,4590.00,78.36,FALSE,M1_DIRECTION_MISMATCH|OPENING_SHIELD_ACTIVE_17s
2026-09-07 15:37:17.672,1788795437.672,7746,36,275,4414.34,4414.42,8.0,PASS_<=10c,+0.0,FLAT,+0.0,+0.0,4.2,+0.00,0.00,SLOW,4414.34,4414.34,4414.34,4414.34,0.00,0.00,0.0,BULLISH,0.0,4414.34,4414.34,4414.34,4414.34,17,ACTIVE_17s,1.0,0.0,0.0,0.0,0.0,0.0,0.0,PASS_<20%,0.00,0.0,NO,STANDBY_VEL_LOW,0,0.00,4590.00,78.36,FALSE,M1_DIRECTION_MISMATCH|OPENING_SHIELD_ACTIVE_17s
2026-09-07 15:37:18.174,1788795438.174,7747,37,276,4414.34,4414.42,8.0,PASS_<=10c,+0.0,FLAT,+0.0,+0.0,4.2,+0.00,0.00,SLOW,4414.34,4414.34,4414.34,4414.34,0.00,0.00,0.0,BULLISH,0.0,4414.34,4414.34,4414.34,4414.34,18,ACTIVE_18s,1.0,0.0,0.0,0.0,0.0,0.0,0.0,PASS_<20%,0.00,0.0,NO,STANDBY_VEL_LOW,0,0.00,4590.00,78.36,FALSE,M1_DIRECTION_MISMATCH|OPENING_SHIELD_ACTIVE_18s
2026-09-07 15:37:18.674,1788795438.675,7748,38,277,4414.34,4414.42,8.0,PASS_<=10c,+0.0,FLAT,+0.0,+0.0,4.2,+0.00,0.00,SLOW,4414.34,4414.34,4414.34,4414.34,0.00,0.00,0.0,BULLISH,0.0,4414.34,4414.34,4414.34,4414.34,18,ACTIVE_18s,1.0,0.0,0.0,0.0,0.0,0.0,0.0,PASS_<20%,0.00,0.0,NO,STANDBY_VEL_LOW,0,0.00,4590.00,78.36,FALSE,M1_DIRECTION_MISMATCH|OPENING_SHIELD_ACTIVE_18s
2026-09-07 15:37:19.177,1788795439.178,7749,39,278,4414.34,4414.42,8.0,PASS_<=10c,+0.0,FLAT,+0.0,+0.0,4.2,+0.00,0.00,SLOW,4414.34,4414.34,4414.34,4414.34,0.00,0.00,0.0,BULLISH,0.0,4414.34,4414.34,4414.34,4414.34,19,ACTIVE_19s,1.0,0.0,0.0,0.0,0.0,0.0,0.0,PASS_<20%,0.00,0.0,NO,STANDBY_VEL_LOW,0,0.00,4590.00,78.36,FALSE,M1_DIRECTION_MISMATCH|OPENING_SHIELD_ACTIVE_19s
2026-09-07 15:37:19.678,1788795439.678,7750,40,279,4414.34,4414.42,8.0,PASS_<=10c,+0.0,FLAT,+0.0,+0.0,4.2,+0.00,0.00,SLOW,4414.34,4414.34,4414.34,4414.34,0.00,0.00,0.0,BULLISH,0.0,4414.34,4414.34,4414.34,4414.34,19,ACTIVE_19s,1.0,0.0,0.0,0.0,0.0,0.0,0.0,PASS_<20%,0.00,0.0,NO,STANDBY_VEL_LOW,0,0.00,4590.00,78.36,FALSE,M1_DIRECTION_MISMATCH|OPENING_SHIELD_ACTIVE_19s
2026-09-07 15:37:20.180,1788795440.180,7751,41,280,4414.34,4414.42,8.0,PASS_<=10c,+0.0,FLAT,+0.0,+0.0,4.2,+0.00,0.00,SLOW,4414.34,4414.34,4414.34,4414.34,0.00,0.00,0.0,BULLISH,0.0,4414.34,4414.34,4414.34,4414.34,20,CLEARED_>=20s,1.0,0.0,0.0,0.0,0.0,0.0,0.0,PASS_<20%,0.00,0.0,NO,STANDBY_VEL_LOW,0,0.00,4590.00,78.36,FALSE,M1_DIRECTION_MISMATCH
2026-09-07 15:37:20.681,1788795440.682,7752,42,281,4414.34,4414.42,8.0,PASS_<=10c,+0.0,FLAT,+0.0,+0.0,4.2,+0.00,0.00,SLOW,4414.34,4414.34,4414.34,4414.34,0.00,0.00,0.0,BULLISH,0.0,4414.34,4414.34,4414.34,4414.34,20,CLEARED_>=20s,1.0,0.0,0.0,0.0,0.0,0.0,0.0,PASS_<20%,0.00,0.0,NO,STANDBY_VEL_LOW,0,0.00,4590.00,78.36,FALSE,M1_DIRECTION_MISMATCH
2026-09-07 15:37:21.183,1788795441.183,7753,43,282,4414.34,4414.42,8.0,PASS_<=10c,+0.0,FLAT,+0.0,+0.0,4.2,+0.00,0.00,SLOW,4414.34,4414.34,4414.34,4414.34,0.00,0.00,0.0,BULLISH,0.0,4414.34,4414.34,4414.34,4414.34,21,CLEARED_>=20s,1.0,0.0,0.0,0.0,0.0,0.0,0.0,PASS_<20%,0.00,0.0,NO,STANDBY_VEL_LOW,0,0.00,4590.00,78.36,FALSE,M1_DIRECTION_MISMATCH
2026-09-07 15:37:21.685,1788795441.685,7754,44,283,4414.34,4414.42,8.0,PASS_<=10c,+0.0,FLAT,+0.0,+0.0,4.2,+0.00,0.00,SLOW,4414.34,4414.34,4414.34,4414.34,0.00,0.00,0.0,BULLISH,0.0,4414.34,4414.34,4414.34,4414.34,21,CLEARED_>=20s,1.0,0.0,0.0,0.0,0.0,0.0,0.0,PASS_<20%,0.00,0.0,NO,STANDBY_VEL_LOW,0,0.00,4590.00,78.36,FALSE,M1_DIRECTION_MISMATCH
2026-09-07 15:37:22.186,1788795442.186,7755,45,284,4414.34,4414.42,8.0,PASS_<=10c,+0.0,FLAT,+0.0,+0.0,4.2,+0.00,0.00,SLOW,4414.34,4414.34,4414.34,4414.34,0.00,0.00,0.0,BULLISH,0.0,4414.34,4414.34,4414.34,4414.34,22,CLEARED_>=20s,1.0,0.0,0.0,0.0,0.0,0.0,0.0,PASS_<20%,0.00,0.0,NO,STANDBY_VEL_LOW,0,0.00,4590.00,78.36,FALSE,M1_DIRECTION_MISMATCH
2026-09-07 15:37:22.697,1788795442.697,7756,46,285,4414.34,4414.42,8.0,PASS_<=10c,+0.0,FLAT,+0.0,+0.0,4.2,+0.00,0.00,SLOW,4414.34,4414.34,4414.34,4414.34,0.00,0.00,0.0,BULLISH,0.0,4414.34,4414.34,4414.34,4414.34,22,CLEARED_>=20s,1.0,0.0,0.0,0.0,0.0,0.0,0.0,PASS_<20%,0.00,0.0,NO,STANDBY_VEL_LOW,0,0.00,4590.00,78.36,FALSE,M1_DIRECTION_MISMATCH
2026-09-07 15:37:23.198,1788795443.198,7757,47,286,4414.34,4414.42,8.0,PASS_<=10c,+0.0,FLAT,+0.0,+0.0,4.2,+0.00,0.00,SLOW,4414.34,4414.34,4414.34,4414.34,0.00,0.00,0.0,BULLISH,0.0,4414.34,4414.34,4414.34,4414.34,23,CLEARED_>=20s,1.0,0.0,0.0,0.0,0.0,0.0,0.0,PASS_<20%,0.00,0.0,NO,STANDBY_VEL_LOW,0,0.00,4590.00,78.36,FALSE,M1_DIRECTION_MISMATCH
2026-09-07 15:37:23.699,1788795443.699,7758,48,287,4414.34,4414.42,8.0,PASS_<=10c,+0.0,FLAT,+0.0,+0.0,4.2,+0.00,0.00,SLOW,4414.34,4414.34,4414.34,4414.34,0.00,0.00,0.0,BULLISH,0.0,4414.34,4414.34,4414.34,4414.34,23,CLEARED_>=20s,1.0,0.0,0.0,0.0,0.0,0.0,0.0,PASS_<20%,0.00,0.0,NO,STANDBY_VEL_LOW,0,0.00,4590.00,78.36,FALSE,M1_DIRECTION_MISMATCH
2026-09-07 15:37:24.200,1788795444.200,7759,49,288,4414.34,4414.42,8.0,PASS_<=10c,+0.0,FLAT,+0.0,+0.0,4.2,+0.00,0.00,SLOW,4414.34,4414.34,4414.34,4414.34,0.00,0.00,0.0,BULLISH,0.0,4414.34,4414.34,4414.34,4414.34,24,CLEARED_>=20s,1.0,0.0,0.0,0.0,0.0,0.0,0.0,PASS_<20%,0.00,0.0,NO,STANDBY_VEL_LOW,0,0.00,4590.00,78.36,FALSE,M1_DIRECTION_MISMATCH
2026-09-07 15:37:24.702,1788795444.703,7760,50,289,4414.34,4414.42,8.0,PASS_<=10c,+0.0,FLAT,+0.0,+0.0,4.2,+0.00,0.00,SLOW,4414.34,4414.34,4414.34,4414.34,0.00,0.00,0.0,BULLISH,0.0,4414.34,4414.34,4414.34,4414.34,24,CLEARED_>=20s,1.0,0.0,0.0,0.0,0.0,0.0,0.0,PASS_<20%,0.00,0.0,NO,STANDBY_VEL_LOW,0,0.00,4590.00,78.36,FALSE,M1_DIRECTION_MISMATCH
2026-09-07 15:37:25.203,1788795445.203,7761,51,290,4414.34,4414.42,8.0,PASS_<=10c,+0.0,FLAT,+0.0,+0.0,4.2,+0.00,0.00,SLOW,4414.34,4414.34,4414.34,4414.34,0.00,0.00,0.0,BULLISH,0.0,4414.34,4414.34,4414.34,4414.34,25,CLEARED_>=20s,1.0,0.0,0.0,0.0,0.0,0.0,0.0,PASS_<20%,0.00,0.0,NO,STANDBY_VEL_LOW,0,0.00,4590.00,78.36,FALSE,M1_DIRECTION_MISMATCH
2026-09-07 15:37:25.703,1788795445.704,7762,52,291,4414.34,4414.42,8.0,PASS_<=10c,+0.0,FLAT,+0.0,+0.0,4.2,+0.00,0.00,SLOW,4414.34,4414.34,4414.34,4414.34,0.00,0.00,0.0,BULLISH,0.0,4414.34,4414.34,4414.34,4414.34,25,CLEARED_>=20s,1.0,0.0,0.0,0.0,0.0,0.0,0.0,PASS_<20%,0.00,0.0,NO,STANDBY_VEL_LOW,0,0.00,4590.00,78.36,FALSE,M1_DIRECTION_MISMATCH
2026-09-07 15:37:26.205,1788795446.205,7763,53,292,4414.34,4414.42,8.0,PASS_<=10c,+0.0,FLAT,+0.0,+0.0,4.2,+0.00,0.00,SLOW,4414.34,4414.34,4414.34,4414.34,0.00,0.00,0.0,BULLISH,0.0,4414.34,4414.34,4414.34,4414.34,26,CLEARED_>=20s,1.0,0.0,0.0,0.0,0.0,0.0,0.0,PASS_<20%,0.00,0.0,NO,STANDBY_VEL_LOW,0,0.00,4590.00,78.36,FALSE,M1_DIRECTION_MISMATCH
2026-09-07 15:37:26.708,1788795446.708,7764,54,293,4414.34,4414.42,8.0,PASS_<=10c,+0.0,FLAT,+0.0,+0.0,4.2,+0.00,0.00,SLOW,4414.34,4414.34,4414.34,4414.34,0.00,0.00,0.0,BULLISH,0.0,4414.34,4414.34,4414.34,4414.34,26,CLEARED_>=20s,1.0,0.0,0.0,0.0,0.0,0.0,0.0,PASS_<20%,0.00,0.0,NO,STANDBY_VEL_LOW,0,0.00,4590.00,78.36,FALSE,M1_DIRECTION_MISMATCH
2026-09-07 15:37:27.209,1788795447.209,7765,55,294,4414.34,4414.42,8.0,PASS_<=10c,+0.0,FLAT,+0.0,+0.0,4.2,+0.00,0.00,SLOW,4414.34,4414.34,4414.34,4414.34,0.00,0.00,0.0,BULLISH,0.0,4414.34,4414.34,4414.34,4414.34,27,CLEARED_>=20s,1.0,0.0,0.0,0.0,0.0,0.0,0.0,PASS_<20%,0.00,0.0,NO,STANDBY_VEL_LOW,0,0.00,4590.00,78.36,FALSE,M1_DIRECTION_MISMATCH
2026-09-07 15:37:27.710,1788795447.710,7766,56,295,4414.34,4414.42,8.0,PASS_<=10c,+0.0,FLAT,+0.0,+0.0,4.2,+0.00,0.00,SLOW,4414.34,4414.34,4414.34,4414.34,0.00,0.00,0.0,BULLISH,0.0,4414.34,4414.34,4414.34,4414.34,27,CLEARED_>=20s,1.0,0.0,0.0,0.0,0.0,0.0,0.0,PASS_<20%,0.00,0.0,NO,STANDBY_VEL_LOW,0,0.00,4590.00,78.36,FALSE,M1_DIRECTION_MISMATCH
2026-09-07 15:37:28.211,1788795448.212,7767,57,296,4414.34,4414.42,8.0,PASS_<=10c,+0.0,FLAT,+0.0,+0.0,4.2,+0.00,0.00,SLOW,4414.34,4414.34,4414.34,4414.34,0.00,0.00,0.0,BULLISH,0.0,4414.34,4414.34,4414.34,4414.34,28,CLEARED_>=20s,1.0,0.0,0.0,0.0,0.0,0.0,0.0,PASS_<20%,0.00,0.0,NO,STANDBY_VEL_LOW,0,0.00,4590.00,78.36,FALSE,M1_DIRECTION_MISMATCH
2026-09-07 15:37:28.716,1788795448.717,7768,58,297,4414.34,4414.42,8.0,PASS_<=10c,+0.0,FLAT,+0.0,+0.0,4.2,+0.00,0.00,SLOW,4414.34,4414.34,4414.34,4414.34,0.00,0.00,0.0,BULLISH,0.0,4414.34,4414.34,4414.34,4414.34,28,CLEARED_>=20s,1.0,0.0,0.0,0.0,0.0,0.0,0.0,PASS_<20%,0.00,0.0,NO,STANDBY_VEL_LOW,0,0.00,4590.00,78.36,FALSE,M1_DIRECTION_MISMATCH
2026-09-07 15:37:29.214,1788795449.214,7769,59,298,4414.34,4414.42,8.0,PASS_<=10c,+0.0,FLAT,+0.0,+0.0,4.2,+0.00,0.00,SLOW,4414.34,4414.34,4414.34,4414.34,0.00,0.00,0.0,BULLISH,0.0,4414.34,4414.34,4414.34,4414.34,29,CLEARED_>=20s,1.0,0.0,0.0,0.0,0.0,0.0,0.0,PASS_<20%,0.00,0.0,NO,STANDBY_VEL_LOW,0,0.00,4590.00,78.36,FALSE,M1_DIRECTION_MISMATCH
2026-09-07 15:37:29.715,1788795449.716,7770,60,299,4414.34,4414.42,8.0,PASS_<=10c,+0.0,FLAT,+0.0,+0.0,4.2,+0.00,0.00,SLOW,4414.34,4414.34,4414.34,4414.34,0.00,0.00,0.0,BULLISH,0.0,4414.34,4414.34,4414.34,4414.34,29,CLEARED_>=20s,1.0,0.0,0.0,0.0,0.0,0.0,0.0,PASS_<20%,0.00,0.0,NO,STANDBY_VEL_LOW,0,0.00,4590.00,78.36,FALSE,M1_DIRECTION_MISMATCH
2026-09-07 15:37:30.218,1788795450.218,7771,61,300,4414.34,4414.42,8.0,PASS_<=10c,+0.0,FLAT,+0.0,+0.0,4.2,+0.00,0.00,SLOW,4414.34,4414.34,4414.34,4414.34,0.00,0.00,0.0,BULLISH,0.0,4414.34,4414.34,4414.34,4414.34,30,CLEARED_>=20s,1.0,0.0,0.0,0.0,0.0,0.0,0.0,PASS_<20%,0.00,0.0,NO,STANDBY_VEL_LOW,0,0.00,4590.00,78.36,FALSE,M1_DIRECTION_MISMATCH
2026-09-07 15:37:30.719,1788795450.720,7772,62,301,4414.34,4414.42,8.0,PASS_<=10c,+0.0,FLAT,+0.0,+0.0,4.2,+0.00,0.00,SLOW,4414.34,4414.34,4414.34,4414.34,0.00,0.00,0.0,BULLISH,0.0,4414.34,4414.34,4414.34,4414.34,30,CLEARED_>=20s,1.0,0.0,0.0,0.0,0.0,0.0,0.0,PASS_<20%,0.00,0.0,NO,STANDBY_VEL_LOW,0,0.00,4590.00,78.36,FALSE,M1_DIRECTION_MISMATCH
2026-09-07 15:37:31.221,1788795451.222,7773,63,302,4414.34,4414.42,8.0,PASS_<=10c,+0.0,FLAT,+0.0,+0.0,4.2,+0.00,0.00,SLOW,4414.34,4414.34,4414.34,4414.34,0.00,0.00,0.0,BULLISH,0.0,4414.34,4414.34,4414.34,4414.34,31,CLEARED_>=20s,1.0,0.0,0.0,0.0,0.0,0.0,0.0,PASS_<20%,0.00,0.0,NO,STANDBY_VEL_LOW,0,0.00,4590.00,78.36,FALSE,M1_DIRECTION_MISMATCH
2026-09-07 15:37:31.724,1788795451.725,7774,64,303,4414.34,4414.42,8.0,PASS_<=10c,+0.0,FLAT,+0.0,+0.0,4.2,+0.00,0.00,SLOW,4414.34,4414.34,4414.34,4414.34,0.00,0.00,0.0,BULLISH,0.0,4414.34,4414.34,4414.34,4414.34,31,CLEARED_>=20s,1.0,0.0,0.0,0.0,0.0,0.0,0.0,PASS_<20%,0.00,0.0,NO,STANDBY_VEL_LOW,0,0.00,4590.00,78.36,FALSE,M1_DIRECTION_MISMATCH
2026-09-07 15:37:32.225,1788795452.226,7775,65,304,4414.34,4414.42,8.0,PASS_<=10c,+0.0,FLAT,+0.0,+0.0,4.2,+0.00,0.00,SLOW,4414.34,4414.34,4414.34,4414.34,0.00,0.00,0.0,BULLISH,0.0,4414.34,4414.34,4414.34,4414.34,32,CLEARED_>=20s,1.0,0.0,0.0,0.0,0.0,0.0,0.0,PASS_<20%,0.00,0.0,NO,STANDBY_VEL_LOW,0,0.00,4590.00,78.36,FALSE,M1_DIRECTION_MISMATCH
2026-09-07 15:37:32.727,1788795452.728,7776,66,305,4414.34,4414.42,8.0,PASS_<=10c,+0.0,FLAT,+0.0,+0.0,4.2,+0.00,0.00,SLOW,4414.34,4414.34,4414.34,4414.34,0.00,0.00,0.0,BULLISH,0.0,4414.34,4414.34,4414.34,4414.34,32,CLEARED_>=20s,1.0,0.0,0.0,0.0,0.0,0.0,0.0,PASS_<20%,0.00,0.0,NO,STANDBY_VEL_LOW,0,0.00,4590.00,78.36,FALSE,M1_DIRECTION_MISMATCH
2026-09-07 15:37:33.229,1788795453.230,7777,67,306,4414.34,4414.42,8.0,PASS_<=10c,+0.0,FLAT,+0.0,+0.0,4.2,+0.00,0.00,SLOW,4414.34,4414.34,4414.34,4414.34,0.00,0.00,0.0,BULLISH,0.0,4414.34,4414.34,4414.34,4414.34,33,CLEARED_>=20s,1.0,0.0,0.0,0.0,0.0,0.0,0.0,PASS_<20%,0.00,0.0,NO,STANDBY_VEL_LOW,0,0.00,4590.00,78.36,FALSE,M1_DIRECTION_MISMATCH
2026-09-07 15:37:33.730,1788795453.730,7778,68,307,4414.34,4414.42,8.0,PASS_<=10c,+0.0,FLAT,+0.0,+0.0,4.2,+0.00,0.00,SLOW,4414.34,4414.34,4414.34,4414.34,0.00,0.00,0.0,BULLISH,0.0,4414.34,4414.34,4414.34,4414.34,33,CLEARED_>=20s,1.0,0.0,0.0,0.0,0.0,0.0,0.0,PASS_<20%,0.00,0.0,NO,STANDBY_VEL_LOW,0,0.00,4590.00,78.36,FALSE,M1_DIRECTION_MISMATCH
2026-09-07 15:37:34.232,1788795454.232,7779,69,308,4414.34,4414.42,8.0,PASS_<=10c,+0.0,FLAT,+0.0,+0.0,4.2,+0.00,0.00,SLOW,4414.34,4414.34,4414.34,4414.34,0.00,0.00,0.0,BULLISH,0.0,4414.34,4414.34,4414.34,4414.34,34,CLEARED_>=20s,1.0,0.0,0.0,0.0,0.0,0.0,0.0,PASS_<20%,0.00,0.0,NO,STANDBY_VEL_LOW,0,0.00,4590.00,78.36,FALSE,M1_DIRECTION_MISMATCH
2026-09-07 15:37:34.733,1788795454.734,7780,70,309,4414.34,4414.42,8.0,PASS_<=10c,+0.0,FLAT,+0.0,+0.0,4.2,+0.00,0.00,SLOW,4414.34,4414.34,4414.34,4414.34,0.00,0.00,0.0,BULLISH,0.0,4414.34,4414.34,4414.34,4414.34,34,CLEARED_>=20s,1.0,0.0,0.0,0.0,0.0,0.0,0.0,PASS_<20%,0.00,0.0,NO,STANDBY_VEL_LOW,0,0.00,4590.00,78.36,FALSE,M1_DIRECTION_MISMATCH
2026-09-07 15:37:35.235,1788795455.236,7781,71,310,4414.34,4414.42,8.0,PASS_<=10c,+0.0,FLAT,+0.0,+0.0,4.2,+0.00,0.00,SLOW,4414.34,4414.34,4414.34,4414.34,0.00,0.00,0.0,BULLISH,0.0,4414.34,4414.34,4414.34,4414.34,35,CLEARED_>=20s,1.0,0.0,0.0,0.0,0.0,0.0,0.0,PASS_<20%,0.00,0.0,NO,STANDBY_VEL_LOW,0,0.00,4590.00,78.36,FALSE,M1_DIRECTION_MISMATCH
2026-09-07 15:37:35.738,1788795455.738,7782,72,311,4414.34,4414.42,8.0,PASS_<=10c,+0.0,FLAT,+0.0,+0.0,4.2,+0.00,0.00,SLOW,4414.34,4414.34,4414.34,4414.34,0.00,0.00,0.0,BULLISH,0.0,4414.34,4414.34,4414.34,4414.34,35,CLEARED_>=20s,1.0,0.0,0.0,0.0,0.0,0.0,0.0,PASS_<20%,0.00,0.0,NO,STANDBY_VEL_LOW,0,0.00,4590.00,78.36,FALSE,M1_DIRECTION_MISMATCH
2026-09-07 15:37:36.238,1788795456.239,7783,73,312,4414.34,4414.42,8.0,PASS_<=10c,+0.0,FLAT,+0.0,+0.0,4.2,+0.00,0.00,SLOW,4414.34,4414.34,4414.34,4414.34,0.00,0.00,0.0,BULLISH,0.0,4414.34,4414.34,4414.34,4414.34,36,CLEARED_>=20s,1.0,0.0,0.0,0.0,0.0,0.0,0.0,PASS_<20%,0.00,0.0,NO,STANDBY_VEL_LOW,0,0.00,4590.00,78.36,FALSE,M1_DIRECTION_MISMATCH
2026-09-07 15:37:36.740,1788795456.740,7784,74,313,4414.34,4414.42,8.0,PASS_<=10c,+0.0,FLAT,+0.0,+0.0,4.2,+0.00,0.00,SLOW,4414.34,4414.34,4414.34,4414.34,0.00,0.00,0.0,BULLISH,0.0,4414.34,4414.34,4414.34,4414.34,36,CLEARED_>=20s,1.0,0.0,0.0,0.0,0.0,0.0,0.0,PASS_<20%,0.00,0.0,NO,STANDBY_VEL_LOW,0,0.00,4590.00,78.36,FALSE,M1_DIRECTION_MISMATCH
2026-09-07 15:37:37.242,1788795457.242,7785,75,314,4414.34,4414.42,8.0,PASS_<=10c,+0.0,FLAT,+0.0,+0.0,4.2,+0.00,0.00,SLOW,4414.34,4414.34,4414.34,4414.34,0.00,0.00,0.0,BULLISH,0.0,4414.34,4414.34,4414.34,4414.34,37,CLEARED_>=20s,1.0,0.0,0.0,0.0,0.0,0.0,0.0,PASS_<20%,0.00,0.0,NO,STANDBY_VEL_LOW,0,0.00,4590.00,78.36,FALSE,M1_DIRECTION_MISMATCH
2026-09-07 15:37:37.744,1788795457.744,7786,76,315,4414.34,4414.42,8.0,PASS_<=10c,+0.0,FLAT,+0.0,+0.0,4.2,+0.00,0.00,SLOW,4414.34,4414.34,4414.34,4414.34,0.00,0.00,0.0,BULLISH,0.0,4414.34,4414.34,4414.34,4414.34,37,CLEARED_>=20s,1.0,0.0,0.0,0.0,0.0,0.0,0.0,PASS_<20%,0.00,0.0,NO,STANDBY_VEL_LOW,0,0.00,4590.00,78.36,FALSE,M1_DIRECTION_MISMATCH
2026-09-07 15:37:38.267,1788795458.268,7787,77,316,4414.34,4414.42,8.0,PASS_<=10c,+0.0,FLAT,+0.0,+0.0,4.2,+0.00,0.00,SLOW,4414.34,4414.34,4414.34,4414.34,0.00,0.00,0.0,BULLISH,0.0,4414.34,4414.34,4414.34,4414.34,38,CLEARED_>=20s,1.0,0.0,0.0,0.0,0.0,0.0,0.0,PASS_<20%,0.00,0.0,NO,STANDBY_VEL_LOW,0,0.00,4590.00,78.36,FALSE,M1_DIRECTION_MISMATCH
2026-09-07 15:37:38.769,1788795458.770,7788,78,317,4414.34,4414.42,8.0,PASS_<=10c,+0.0,FLAT,+0.0,+0.0,4.2,+0.00,0.00,SLOW,4414.34,4414.34,4414.34,4414.34,0.00,0.00,0.0,BULLISH,0.0,4414.34,4414.34,4414.34,4414.34,38,CLEARED_>=20s,1.0,0.0,0.0,0.0,0.0,0.0,0.0,PASS_<20%,0.00,0.0,NO,STANDBY_VEL_LOW,0,0.00,4590.00,78.36,FALSE,M1_DIRECTION_MISMATCH
2026-09-07 15:37:39.269,1788795459.270,7789,79,318,4414.34,4414.42,8.0,PASS_<=10c,+0.0,FLAT,+0.0,+0.0,4.2,+0.00,0.00,SLOW,4414.34,4414.34,4414.34,4414.34,0.00,0.00,0.0,BULLISH,0.0,4414.34,4414.34,4414.34,4414.34,39,CLEARED_>=20s,1.0,0.0,0.0,0.0,0.0,0.0,0.0,PASS_<20%,0.00,0.0,NO,STANDBY_VEL_LOW,0,0.00,4590.00,78.36,FALSE,M1_DIRECTION_MISMATCH
2026-09-07 15:37:39.771,1788795459.772,7790,80,319,4414.34,4414.42,8.0,PASS_<=10c,+0.0,FLAT,+0.0,+0.0,4.2,+0.00,0.00,SLOW,4414.34,4414.34,4414.34,4414.34,0.00,0.00,0.0,BULLISH,0.0,4414.34,4414.34,4414.34,4414.34,39,CLEARED_>=20s,1.0,0.0,0.0,0.0,0.0,0.0,0.0,PASS_<20%,0.00,0.0,NO,STANDBY_VEL_LOW,0,0.00,4590.00,78.36,FALSE,M1_DIRECTION_MISMATCH
2026-09-07 15:37:40.273,1788795460.274,7791,81,320,4414.34,4414.42,8.0,PASS_<=10c,+0.0,FLAT,+0.0,+0.0,4.2,+0.00,0.00,SLOW,4414.34,4414.34,4414.34,4414.34,0.00,0.00,0.0,BULLISH,0.0,4414.34,4414.34,4414.34,4414.34,40,CLEARED_>=20s,1.0,0.0,0.0,0.0,0.0,0.0,0.0,PASS_<20%,0.00,0.0,NO,STANDBY_VEL_LOW,0,0.00,4590.00,78.36,FALSE,M1_DIRECTION_MISMATCH
2026-09-07 15:37:40.774,1788795460.775,7792,82,321,4414.34,4414.42,8.0,PASS_<=10c,+0.0,FLAT,+0.0,+0.0,4.2,+0.00,0.00,SLOW,4414.34,4414.34,4414.34,4414.34,0.00,0.00,0.0,BULLISH,0.0,4414.34,4414.34,4414.34,4414.34,40,CLEARED_>=20s,1.0,0.0,0.0,0.0,0.0,0.0,0.0,PASS_<20%,0.00,0.0,NO,STANDBY_VEL_LOW,0,0.00,4590.00,78.36,FALSE,M1_DIRECTION_MISMATCH
2026-09-07 15:37:41.277,1788795461.277,7793,83,322,4414.34,4414.42,8.0,PASS_<=10c,+0.0,FLAT,+0.0,+0.0,4.2,+0.00,0.00,SLOW,4414.34,4414.34,4414.34,4414.34,0.00,0.00,0.0,BULLISH,0.0,4414.34,4414.34,4414.34,4414.34,41,CLEARED_>=20s,1.0,0.0,0.0,0.0,0.0,0.0,0.0,PASS_<20%,0.00,0.0,NO,STANDBY_VEL_LOW,0,0.00,4590.00,78.36,FALSE,M1_DIRECTION_MISMATCH
2026-09-07 15:37:41.779,1788795461.780,7794,84,323,4414.34,4414.42,8.0,PASS_<=10c,+0.0,FLAT,+0.0,+0.0,4.2,+0.00,0.00,SLOW,4414.34,4414.34,4414.34,4414.34,0.00,0.00,0.0,BULLISH,0.0,4414.34,4414.34,4414.34,4414.34,41,CLEARED_>=20s,1.0,0.0,0.0,0.0,0.0,0.0,0.0,PASS_<20%,0.00,0.0,NO,STANDBY_VEL_LOW,0,0.00,4590.00,78.36,FALSE,M1_DIRECTION_MISMATCH
2026-09-07 15:37:42.279,1788795462.280,7795,85,324,4414.34,4414.42,8.0,PASS_<=10c,+0.0,FLAT,+0.0,+0.0,4.2,+0.00,0.00,SLOW,4414.34,4414.34,4414.34,4414.34,0.00,0.00,0.0,BULLISH,0.0,4414.34,4414.34,4414.34,4414.34,42,CLEARED_>=20s,1.0,0.0,0.0,0.0,0.0,0.0,0.0,PASS_<20%,0.00,0.0,NO,STANDBY_VEL_LOW,0,0.00,4590.00,78.36,FALSE,M1_DIRECTION_MISMATCH
2026-09-07 15:37:42.781,1788795462.781,7796,86,325,4414.34,4414.42,8.0,PASS_<=10c,+0.0,FLAT,+0.0,+0.0,4.2,+0.00,0.00,SLOW,4414.34,4414.34,4414.34,4414.34,0.00,0.00,0.0,BULLISH,0.0,4414.34,4414.34,4414.34,4414.34,42,CLEARED_>=20s,1.0,0.0,0.0,0.0,0.0,0.0,0.0,PASS_<20%,0.00,0.0,NO,STANDBY_VEL_LOW,0,0.00,4590.00,78.36,FALSE,M1_DIRECTION_MISMATCH
2026-09-07 15:37:43.282,1788795463.283,7797,87,326,4414.34,4414.42,8.0,PASS_<=10c,+0.0,FLAT,+0.0,+0.0,4.2,+0.00,0.00,SLOW,4414.34,4414.34,4414.34,4414.34,0.00,0.00,0.0,BULLISH,0.0,4414.34,4414.34,4414.34,4414.34,43,CLEARED_>=20s,1.0,0.0,0.0,0.0,0.0,0.0,0.0,PASS_<20%,0.00,0.0,NO,STANDBY_VEL_LOW,0,0.00,4590.00,78.36,FALSE,M1_DIRECTION_MISMATCH
2026-09-07 15:37:43.784,1788795463.784,7798,88,327,4414.34,4414.42,8.0,PASS_<=10c,+0.0,FLAT,+0.0,+0.0,4.2,+0.00,0.00,SLOW,4414.34,4414.34,4414.34,4414.34,0.00,0.00,0.0,BULLISH,0.0,4414.34,4414.34,4414.34,4414.34,43,CLEARED_>=20s,1.0,0.0,0.0,0.0,0.0,0.0,0.0,PASS_<20%,0.00,0.0,NO,STANDBY_VEL_LOW,0,0.00,4590.00,78.36,FALSE,M1_DIRECTION_MISMATCH
2026-09-07 15:37:44.285,1788795464.286,7799,89,328,4414.34,4414.42,8.0,PASS_<=10c,+0.0,FLAT,+0.0,+0.0,4.2,+0.00,0.00,SLOW,4414.34,4414.34,4414.34,4414.34,0.00,0.00,0.0,BULLISH,0.0,4414.34,4414.34,4414.34,4414.34,44,CLEARED_>=20s,1.0,0.0,0.0,0.0,0.0,0.0,0.0,PASS_<20%,0.00,0.0,NO,STANDBY_VEL_LOW,0,0.00,4590.00,78.36,FALSE,M1_DIRECTION_MISMATCH
2026-09-07 15:37:44.791,1788795464.791,7800,90,329,4414.34,4414.42,8.0,PASS_<=10c,+0.0,FLAT,+0.0,+0.0,4.2,+0.00,0.00,SLOW,4414.34,4414.34,4414.34,4414.34,0.00,0.00,0.0,BULLISH,0.0,4414.34,4414.34,4414.34,4414.34,44,CLEARED_>=20s,1.0,0.0,0.0,0.0,0.0,0.0,0.0,PASS_<20%,0.00,0.0,NO,STANDBY_VEL_LOW,0,0.00,4590.00,78.36,FALSE,M1_DIRECTION_MISMATCH
2026-09-07 15:37:45.288,1788795465.289,7801,91,330,4414.34,4414.42,8.0,PASS_<=10c,+0.0,FLAT,+0.0,+0.0,4.2,+0.00,0.00,SLOW,4414.34,4414.34,4414.34,4414.34,0.00,0.00,0.0,BULLISH,0.0,4414.34,4414.34,4414.34,4414.34,45,CLEARED_>=20s,1.0,0.0,0.0,0.0,0.0,0.0,0.0,PASS_<20%,0.00,0.0,NO,STANDBY_VEL_LOW,0,0.00,4590.00,78.36,FALSE,M1_DIRECTION_MISMATCH
2026-09-07 15:37:45.791,1788795465.792,7802,92,331,4414.34,4414.42,8.0,PASS_<=10c,+0.0,FLAT,+0.0,+0.0,4.2,+0.00,0.00,SLOW,4414.34,4414.34,4414.34,4414.34,0.00,0.00,0.0,BULLISH,0.0,4414.34,4414.34,4414.34,4414.34,45,CLEARED_>=20s,1.0,0.0,0.0,0.0,0.0,0.0,0.0,PASS_<20%,0.00,0.0,NO,STANDBY_VEL_LOW,0,0.00,4590.00,78.36,FALSE,M1_DIRECTION_MISMATCH
2026-09-07 15:37:46.293,1788795466.293,7803,93,332,4414.34,4414.42,8.0,PASS_<=10c,+0.0,FLAT,+0.0,+0.0,4.2,+0.00,0.00,SLOW,4414.34,4414.34,4414.34,4414.34,0.00,0.00,0.0,BULLISH,0.0,4414.34,4414.34,4414.34,4414.34,46,CLEARED_>=20s,1.0,0.0,0.0,0.0,0.0,0.0,0.0,PASS_<20%,0.00,0.0,NO,STANDBY_VEL_LOW,0,0.00,4590.00,78.36,FALSE,M1_DIRECTION_MISMATCH
2026-09-07 15:37:46.793,1788795466.794,7804,94,333,4414.34,4414.42,8.0,PASS_<=10c,+0.0,FLAT,+0.0,+0.0,4.2,+0.00,0.00,SLOW,4414.34,4414.34,4414.34,4414.34,0.00,0.00,0.0,BULLISH,0.0,4414.34,4414.34,4414.34,4414.34,46,CLEARED_>=20s,1.0,0.0,0.0,0.0,0.0,0.0,0.0,PASS_<20%,0.00,0.0,NO,STANDBY_VEL_LOW,0,0.00,4590.00,78.36,FALSE,M1_DIRECTION_MISMATCH
2026-09-07 15:37:47.295,1788795467.296,7805,95,334,4414.34,4414.42,8.0,PASS_<=10c,+0.0,FLAT,+0.0,+0.0,4.2,+0.00,0.00,SLOW,4414.34,4414.34,4414.34,4414.34,0.00,0.00,0.0,BULLISH,0.0,4414.34,4414.34,4414.34,4414.34,47,CLEARED_>=20s,1.0,0.0,0.0,0.0,0.0,0.0,0.0,PASS_<20%,0.00,0.0,NO,STANDBY_VEL_LOW,0,0.00,4590.00,78.36,FALSE,M1_DIRECTION_MISMATCH
2026-09-07 15:37:47.796,1788795467.797,7806,96,335,4414.34,4414.42,8.0,PASS_<=10c,+0.0,FLAT,+0.0,+0.0,4.2,+0.00,0.00,SLOW,4414.34,4414.34,4414.34,4414.34,0.00,0.00,0.0,BULLISH,0.0,4414.34,4414.34,4414.34,4414.34,47,CLEARED_>=20s,1.0,0.0,0.0,0.0,0.0,0.0,0.0,PASS_<20%,0.00,0.0,NO,STANDBY_VEL_LOW,0,0.00,4590.00,78.36,FALSE,M1_DIRECTION_MISMATCH
2026-09-07 15:37:48.297,1788795468.298,7807,97,336,4414.34,4414.42,8.0,PASS_<=10c,+0.0,FLAT,+0.0,+0.0,4.2,+0.00,0.00,SLOW,4414.34,4414.34,4414.34,4414.34,0.00,0.00,0.0,BULLISH,0.0,4414.34,4414.34,4414.34,4414.34,48,CLEARED_>=20s,1.0,0.0,0.0,0.0,0.0,0.0,0.0,PASS_<20%,0.00,0.0,NO,STANDBY_VEL_LOW,0,0.00,4590.00,78.36,FALSE,M1_DIRECTION_MISMATCH
2026-09-07 15:37:48.798,1788795468.799,7808,98,337,4414.34,4414.42,8.0,PASS_<=10c,+0.0,FLAT,+0.0,+0.0,4.2,+0.00,0.00,SLOW,4414.34,4414.34,4414.34,4414.34,0.00,0.00,0.0,BULLISH,0.0,4414.34,4414.34,4414.34,4414.34,48,CLEARED_>=20s,1.0,0.0,0.0,0.0,0.0,0.0,0.0,PASS_<20%,0.00,0.0,NO,STANDBY_VEL_LOW,0,0.00,4590.00,78.36,FALSE,M1_DIRECTION_MISMATCH
2026-09-07 15:37:49.300,1788795469.301,7809,99,338,4414.34,4414.42,8.0,PASS_<=10c,+0.0,FLAT,+0.0,+0.0,4.2,+0.00,0.00,SLOW,4414.34,4414.34,4414.34,4414.34,0.00,0.00,0.0,BULLISH,0.0,4414.34,4414.34,4414.34,4414.34,49,CLEARED_>=20s,1.0,0.0,0.0,0.0,0.0,0.0,0.0,PASS_<20%,0.00,0.0,NO,STANDBY_VEL_LOW,0,0.00,4590.00,78.36,FALSE,M1_DIRECTION_MISMATCH
2026-09-07 15:37:49.801,1788795469.801,7810,100,339,4414.34,4414.42,8.0,PASS_<=10c,+0.0,FLAT,+0.0,+0.0,4.2,+0.00,0.00,SLOW,4414.34,4414.34,4414.34,4414.34,0.00,0.00,0.0,BULLISH,0.0,4414.34,4414.34,4414.34,4414.34,49,CLEARED_>=20s,1.0,0.0,0.0,0.0,0.0,0.0,0.0,PASS_<20%,0.00,0.0,NO,STANDBY_VEL_LOW,0,0.00,4590.00,78.36,FALSE,M1_DIRECTION_MISMATCH
2026-09-07 15:37:50.303,1788795470.304,7811,101,340,4414.34,4414.42,8.0,PASS_<=10c,+0.0,FLAT,+0.0,+0.0,4.2,+0.00,0.00,SLOW,4414.34,4414.34,4414.34,4414.34,0.00,0.00,0.0,BULLISH,0.0,4414.34,4414.34,4414.34,4414.34,50,CLEARED_>=20s,1.0,0.0,0.0,0.0,0.0,0.0,0.0,PASS_<20%,0.00,0.0,NO,STANDBY_VEL_LOW,0,0.00,4590.00,78.36,FALSE,M1_DIRECTION_MISMATCH
2026-09-07 15:37:50.806,1788795470.806,7812,102,341,4414.34,4414.42,8.0,PASS_<=10c,+0.0,FLAT,+0.0,+0.0,4.2,+0.00,0.00,SLOW,4414.34,4414.34,4414.34,4414.34,0.00,0.00,0.0,BULLISH,0.0,4414.34,4414.34,4414.34,4414.34,50,CLEARED_>=20s,1.0,0.0,0.0,0.0,0.0,0.0,0.0,PASS_<20%,0.00,0.0,NO,STANDBY_VEL_LOW,0,0.00,4590.00,78.36,FALSE,M1_DIRECTION_MISMATCH
2026-09-07 15:37:51.307,1788795471.308,7813,103,342,4414.34,4414.42,8.0,PASS_<=10c,+0.0,FLAT,+0.0,+0.0,4.2,+0.00,0.00,SLOW,4414.34,4414.34,4414.34,4414.34,0.00,0.00,0.0,BULLISH,0.0,4414.34,4414.34,4414.34,4414.34,51,CLEARED_>=20s,1.0,0.0,0.0,0.0,0.0,0.0,0.0,PASS_<20%,0.00,0.0,NO,STANDBY_VEL_LOW,0,0.00,4590.00,78.36,FALSE,M1_DIRECTION_MISMATCH
2026-09-07 15:37:51.809,1788795471.810,7814,104,343,4414.34,4414.42,8.0,PASS_<=10c,+0.0,FLAT,+0.0,+0.0,4.2,+0.00,0.00,SLOW,4414.34,4414.34,4414.34,4414.34,0.00,0.00,0.0,BULLISH,0.0,4414.34,4414.34,4414.34,4414.34,51,CLEARED_>=20s,1.0,0.0,0.0,0.0,0.0,0.0,0.0,PASS_<20%,0.00,0.0,NO,STANDBY_VEL_LOW,0,0.00,4590.00,78.36,FALSE,M1_DIRECTION_MISMATCH
2026-09-07 15:37:52.311,1788795472.312,7815,105,344,4414.34,4414.42,8.0,PASS_<=10c,+0.0,FLAT,+0.0,+0.0,4.2,+0.00,0.00,SLOW,4414.34,4414.34,4414.34,4414.34,0.00,0.00,0.0,BULLISH,0.0,4414.34,4414.34,4414.34,4414.34,52,CLEARED_>=20s,1.0,0.0,0.0,0.0,0.0,0.0,0.0,PASS_<20%,0.00,0.0,NO,STANDBY_VEL_LOW,0,0.00,4590.00,78.36,FALSE,M1_DIRECTION_MISMATCH
2026-09-07 15:37:52.813,1788795472.814,7816,106,345,4414.34,4414.42,8.0,PASS_<=10c,+0.0,FLAT,+0.0,+0.0,4.2,+0.00,0.00,SLOW,4414.34,4414.34,4414.34,4414.34,0.00,0.00,0.0,BULLISH,0.0,4414.34,4414.34,4414.34,4414.34,52,CLEARED_>=20s,1.0,0.0,0.0,0.0,0.0,0.0,0.0,PASS_<20%,0.00,0.0,NO,STANDBY_VEL_LOW,0,0.00,4590.00,78.36,FALSE,M1_DIRECTION_MISMATCH
2026-09-07 15:37:53.315,1788795473.316,7817,107,346,4414.34,4414.42,8.0,PASS_<=10c,+0.0,FLAT,+0.0,+0.0,4.2,+0.00,0.00,SLOW,4414.34,4414.34,4414.34,4414.34,0.00,0.00,0.0,BULLISH,0.0,4414.34,4414.34,4414.34,4414.34,53,CLEARED_>=20s,1.0,0.0,0.0,0.0,0.0,0.0,0.0,PASS_<20%,0.00,0.0,NO,STANDBY_VEL_LOW,0,0.00,4590.00,78.36,FALSE,M1_DIRECTION_MISMATCH
2026-09-07 15:37:53.817,1788795473.818,7818,108,347,4414.34,4414.42,8.0,PASS_<=10c,+0.0,FLAT,+0.0,+0.0,4.2,+0.00,0.00,SLOW,4414.34,4414.34,4414.34,4414.34,0.00,0.00,0.0,BULLISH,0.0,4414.34,4414.34,4414.34,4414.34,53,CLEARED_>=20s,1.0,0.0,0.0,0.0,0.0,0.0,0.0,PASS_<20%,0.00,0.0,NO,STANDBY_VEL_LOW,0,0.00,4590.00,78.36,FALSE,M1_DIRECTION_MISMATCH
2026-09-07 15:37:54.319,1788795474.320,7819,109,348,4414.34,4414.42,8.0,PASS_<=10c,+0.0,FLAT,+0.0,+0.0,4.2,+0.00,0.00,SLOW,4414.34,4414.34,4414.34,4414.34,0.00,0.00,0.0,BULLISH,0.0,4414.34,4414.34,4414.34,4414.34,54,CLEARED_>=20s,1.0,0.0,0.0,0.0,0.0,0.0,0.0,PASS_<20%,0.00,0.0,NO,STANDBY_VEL_LOW,0,0.00,4590.00,78.36,FALSE,M1_DIRECTION_MISMATCH
2026-09-07 15:37:54.821,1788795474.821,7820,110,349,4414.34,4414.42,8.0,PASS_<=10c,+0.0,FLAT,+0.0,+0.0,4.2,+0.00,0.00,SLOW,4414.34,4414.34,4414.34,4414.34,0.00,0.00,0.0,BULLISH,0.0,4414.34,4414.34,4414.34,4414.34,54,CLEARED_>=20s,1.0,0.0,0.0,0.0,0.0,0.0,0.0,PASS_<20%,0.00,0.0,NO,STANDBY_VEL_LOW,0,0.00,4590.00,78.36,FALSE,M1_DIRECTION_MISMATCH
2026-09-07 15:37:55.322,1788795475.322,7821,111,350,4414.34,4414.42,8.0,PASS_<=10c,+0.0,FLAT,+0.0,+0.0,4.2,+0.00,0.00,SLOW,4414.34,4414.34,4414.34,4414.34,0.00,0.00,0.0,BULLISH,0.0,4414.34,4414.34,4414.34,4414.34,55,CLEARED_>=20s,1.0,0.0,0.0,0.0,0.0,0.0,0.0,PASS_<20%,0.00,0.0,NO,STANDBY_VEL_LOW,0,0.00,4590.00,78.36,FALSE,M1_DIRECTION_MISMATCH
2026-09-07 15:37:55.824,1788795475.825,7822,112,351,4414.34,4414.42,8.0,PASS_<=10c,+0.0,FLAT,+0.0,+0.0,4.2,+0.00,0.00,SLOW,4414.34,4414.34,4414.34,4414.34,0.00,0.00,0.0,BULLISH,0.0,4414.34,4414.34,4414.34,4414.34,55,CLEARED_>=20s,1.0,0.0,0.0,0.0,0.0,0.0,0.0,PASS_<20%,0.00,0.0,NO,STANDBY_VEL_LOW,0,0.00,4590.00,78.36,FALSE,M1_DIRECTION_MISMATCH
2026-09-07 15:37:56.325,1788795476.325,7823,113,352,4414.34,4414.42,8.0,PASS_<=10c,+0.0,FLAT,+0.0,+0.0,4.2,+0.00,0.00,SLOW,4414.34,4414.34,4414.34,4414.34,0.00,0.00,0.0,BULLISH,0.0,4414.34,4414.34,4414.34,4414.34,56,CLEARED_>=20s,1.0,0.0,0.0,0.0,0.0,0.0,0.0,PASS_<20%,0.00,0.0,NO,STANDBY_VEL_LOW,0,0.00,4590.00,78.36,FALSE,M1_DIRECTION_MISMATCH
2026-09-07 15:37:56.827,1788795476.828,7824,114,353,4414.34,4414.42,8.0,PASS_<=10c,+0.0,FLAT,+0.0,+0.0,4.2,+0.00,0.00,SLOW,4414.34,4414.34,4414.34,4414.34,0.00,0.00,0.0,BULLISH,0.0,4414.34,4414.34,4414.34,4414.34,56,CLEARED_>=20s,1.0,0.0,0.0,0.0,0.0,0.0,0.0,PASS_<20%,0.00,0.0,NO,STANDBY_VEL_LOW,0,0.00,4590.00,78.36,FALSE,M1_DIRECTION_MISMATCH
2026-09-07 15:37:57.328,1788795477.328,7825,115,354,4414.34,4414.42,8.0,PASS_<=10c,+0.0,FLAT,+0.0,+0.0,4.2,+0.00,0.00,SLOW,4414.34,4414.34,4414.34,4414.34,0.00,0.00,0.0,BULLISH,0.0,4414.34,4414.34,4414.34,4414.34,57,CLEARED_>=20s,1.0,0.0,0.0,0.0,0.0,0.0,0.0,PASS_<20%,0.00,0.0,NO,STANDBY_VEL_LOW,0,0.00,4590.00,78.36,FALSE,M1_DIRECTION_MISMATCH
2026-09-07 15:37:57.829,1788795477.830,7826,116,355,4414.34,4414.42,8.0,PASS_<=10c,+0.0,FLAT,+0.0,+0.0,4.2,+0.00,0.00,SLOW,4414.34,4414.34,4414.34,4414.34,0.00,0.00,0.0,BULLISH,0.0,4414.34,4414.34,4414.34,4414.34,57,CLEARED_>=20s,1.0,0.0,0.0,0.0,0.0,0.0,0.0,PASS_<20%,0.00,0.0,NO,STANDBY_VEL_LOW,0,0.00,4590.00,78.36,FALSE,M1_DIRECTION_MISMATCH
2026-09-07 15:37:58.330,1788795478.331,7827,117,356,4414.34,4414.42,8.0,PASS_<=10c,+0.0,FLAT,+0.0,+0.0,4.2,+0.00,0.00,SLOW,4414.34,4414.34,4414.34,4414.34,0.00,0.00,0.0,BULLISH,0.0,4414.34,4414.34,4414.34,4414.34,58,CLEARED_>=20s,1.0,0.0,0.0,0.0,0.0,0.0,0.0,PASS_<20%,0.00,0.0,NO,STANDBY_VEL_LOW,0,0.00,4590.00,78.36,FALSE,M1_DIRECTION_MISMATCH
2026-09-07 15:37:58.832,1788795478.833,7828,118,357,4414.34,4414.42,8.0,PASS_<=10c,+0.0,FLAT,+0.0,+0.0,4.2,+0.00,0.00,SLOW,4414.34,4414.34,4414.34,4414.34,0.00,0.00,0.0,BULLISH,0.0,4414.34,4414.34,4414.34,4414.34,58,CLEARED_>=20s,1.0,0.0,0.0,0.0,0.0,0.0,0.0,PASS_<20%,0.00,0.0,NO,STANDBY_VEL_LOW,0,0.00,4590.00,78.36,FALSE,M1_DIRECTION_MISMATCH
2026-09-07 15:37:59.333,1788795479.334,7829,119,358,4414.34,4414.42,8.0,PASS_<=10c,+0.0,FLAT,+0.0,+0.0,4.2,+0.00,0.00,SLOW,4414.34,4414.34,4414.34,4414.34,0.00,0.00,0.0,BULLISH,0.0,4414.34,4414.34,4414.34,4414.34,59,CLEARED_>=20s,1.0,0.0,0.0,0.0,0.0,0.0,0.0,PASS_<20%,0.00,0.0,NO,STANDBY_VEL_LOW,0,0.00,4590.00,78.36,FALSE,M1_DIRECTION_MISMATCH
2026-09-07 15:37:59.835,1788795479.835,7830,120,359,4414.34,4414.42,8.0,PASS_<=10c,+0.0,FLAT,+0.0,+0.0,4.2,+0.00,0.00,SLOW,4414.34,4414.34,4414.34,4414.34,0.00,0.00,0.0,BULLISH,0.0,4414.34,4414.34,4414.34,4414.34,59,CLEARED_>=20s,1.0,0.0,0.0,0.0,0.0,0.0,0.0,PASS_<20%,0.00,0.0,NO,STANDBY_VEL_LOW,0,0.00,4590.00,78.36,FALSE,M1_DIRECTION_MISMATCH
2026-09-07 15:38:00.337,1788795480.338,7831,1,360,4414.34,4414.42,8.0,PASS_<=10c,+0.0,FLAT,+0.0,+0.0,4.2,+0.00,0.00,SLOW,4414.34,4414.34,4414.34,4414.34,0.00,0.00,0.0,BULLISH,0.0,4414.34,4414.34,4414.34,4414.34,0,ACTIVE_0s,1.0,0.0,0.0,0.0,0.0,0.0,0.0,PASS_<20%,0.00,0.0,NO,STANDBY_VEL_LOW,0,0.00,4590.00,78.36,FALSE,M1_DIRECTION_MISMATCH|OPENING_SHIELD_ACTIVE_0s
2026-09-07 15:38:00.839,1788795480.839,7832,2,361,4414.34,4414.42,8.0,PASS_<=10c,+0.0,FLAT,+0.0,+0.0,4.2,+0.00,0.00,SLOW,4414.34,4414.34,4414.34,4414.34,0.00,0.00,0.0,BULLISH,0.0,4414.34,4414.34,4414.34,4414.34,0,ACTIVE_0s,1.0,0.0,0.0,0.0,0.0,0.0,0.0,PASS_<20%,0.00,0.0,NO,STANDBY_VEL_LOW,0,0.00,4590.00,78.36,FALSE,M1_DIRECTION_MISMATCH|OPENING_SHIELD_ACTIVE_0s
2026-09-07 15:38:01.341,1788795481.342,7833,3,362,4414.34,4414.42,8.0,PASS_<=10c,+0.0,FLAT,+0.0,+0.0,4.2,+0.00,0.00,SLOW,4414.34,4414.34,4414.34,4414.34,0.00,0.00,0.0,BULLISH,0.0,4414.34,4414.34,4414.34,4414.34,1,ACTIVE_1s,1.0,0.0,0.0,0.0,0.0,0.0,0.0,PASS_<20%,0.00,0.0,NO,STANDBY_VEL_LOW,0,0.00,4590.00,78.36,FALSE,M1_DIRECTION_MISMATCH|OPENING_SHIELD_ACTIVE_1s
2026-09-07 15:38:01.844,1788795481.845,7834,4,363,4414.34,4414.42,8.0,PASS_<=10c,+0.0,FLAT,+0.0,+0.0,4.2,+0.00,0.00,SLOW,4414.34,4414.34,4414.34,4414.34,0.00,0.00,0.0,BULLISH,0.0,4414.34,4414.34,4414.34,4414.34,1,ACTIVE_1s,1.0,0.0,0.0,0.0,0.0,0.0,0.0,PASS_<20%,0.00,0.0,NO,STANDBY_VEL_LOW,0,0.00,4590.00,78.36,FALSE,M1_DIRECTION_MISMATCH|OPENING_SHIELD_ACTIVE_1s
2026-09-07 15:38:02.345,1788795482.345,7835,5,364,4414.34,4414.42,8.0,PASS_<=10c,+0.0,FLAT,+0.0,+0.0,4.2,+0.00,0.00,SLOW,4414.34,4414.34,4414.34,4414.34,0.00,0.00,0.0,BULLISH,0.0,4414.34,4414.34,4414.34,4414.34,2,ACTIVE_2s,1.0,0.0,0.0,0.0,0.0,0.0,0.0,PASS_<20%,0.00,0.0,NO,STANDBY_VEL_LOW,0,0.00,4590.00,78.36,FALSE,M1_DIRECTION_MISMATCH|OPENING_SHIELD_ACTIVE_2s
2026-09-07 15:38:02.847,1788795482.848,7836,6,365,4414.34,4414.42,8.0,PASS_<=10c,+0.0,FLAT,+0.0,+0.0,4.2,+0.00,0.00,SLOW,4414.34,4414.34,4414.34,4414.34,0.00,0.00,0.0,BULLISH,0.0,4414.34,4414.34,4414.34,4414.34,2,ACTIVE_2s,1.0,0.0,0.0,0.0,0.0,0.0,0.0,PASS_<20%,0.00,0.0,NO,STANDBY_VEL_LOW,0,0.00,4590.00,78.36,FALSE,M1_DIRECTION_MISMATCH|OPENING_SHIELD_ACTIVE_2s
2026-09-07 15:38:03.348,1788795483.348,7837,7,366,4414.34,4414.42,8.0,PASS_<=10c,+0.0,FLAT,+0.0,+0.0,4.2,+0.00,0.00,SLOW,4414.34,4414.34,4414.34,4414.34,0.00,0.00,0.0,BULLISH,0.0,4414.34,4414.34,4414.34,4414.34,3,ACTIVE_3s,1.0,0.0,0.0,0.0,0.0,0.0,0.0,PASS_<20%,0.00,0.0,NO,STANDBY_VEL_LOW,0,0.00,4590.00,78.36,FALSE,M1_DIRECTION_MISMATCH|OPENING_SHIELD_ACTIVE_3s
2026-09-07 15:38:03.850,1788795483.850,7838,8,367,4414.34,4414.42,8.0,PASS_<=10c,+0.0,FLAT,+0.0,+0.0,4.2,+0.00,0.00,SLOW,4414.34,4414.34,4414.34,4414.34,0.00,0.00,0.0,BULLISH,0.0,4414.34,4414.34,4414.34,4414.34,3,ACTIVE_3s,1.0,0.0,0.0,0.0,0.0,0.0,0.0,PASS_<20%,0.00,0.0,NO,STANDBY_VEL_LOW,0,0.00,4590.00,78.36,FALSE,M1_DIRECTION_MISMATCH|OPENING_SHIELD_ACTIVE_3s
2026-09-07 15:38:04.350,1788795484.351,7839,9,368,4414.34,4414.42,8.0,PASS_<=10c,+0.0,FLAT,+0.0,+0.0,4.2,+0.00,0.00,SLOW,4414.34,4414.34,4414.34,4414.34,0.00,0.00,0.0,BULLISH,0.0,4414.34,4414.34,4414.34,4414.34,4,ACTIVE_4s,1.0,0.0,0.0,0.0,0.0,0.0,0.0,PASS_<20%,0.00,0.0,NO,STANDBY_VEL_LOW,0,0.00,4590.00,78.36,FALSE,M1_DIRECTION_MISMATCH|OPENING_SHIELD_ACTIVE_4s
2026-09-07 15:38:04.852,1788795484.853,7840,10,369,4414.34,4414.42,8.0,PASS_<=10c,+0.0,FLAT,+0.0,+0.0,4.2,+0.00,0.00,SLOW,4414.34,4414.34,4414.34,4414.34,0.00,0.00,0.0,BULLISH,0.0,4414.34,4414.34,4414.34,4414.34,4,ACTIVE_4s,1.0,0.0,0.0,0.0,0.0,0.0,0.0,PASS_<20%,0.00,0.0,NO,STANDBY_VEL_LOW,0,0.00,4590.00,78.36,FALSE,M1_DIRECTION_MISMATCH|OPENING_SHIELD_ACTIVE_4s
2026-09-07 15:38:05.353,1788795485.354,7841,11,370,4414.34,4414.42,8.0,PASS_<=10c,+0.0,FLAT,+0.0,+0.0,4.2,+0.00,0.00,SLOW,4414.34,4414.34,4414.34,4414.34,0.00,0.00,0.0,BULLISH,0.0,4414.34,4414.34,4414.34,4414.34,5,ACTIVE_5s,1.0,0.0,0.0,0.0,0.0,0.0,0.0,PASS_<20%,0.00,0.0,NO,STANDBY_VEL_LOW,0,0.00,4590.00,78.36,FALSE,M1_DIRECTION_MISMATCH|OPENING_SHIELD_ACTIVE_5s
2026-09-07 15:38:05.854,1788795485.854,7842,12,371,4414.34,4414.42,8.0,PASS_<=10c,+0.0,FLAT,+0.0,+0.0,4.2,+0.00,0.00,SLOW,4414.34,4414.34,4414.34,4414.34,0.00,0.00,0.0,BULLISH,0.0,4414.34,4414.34,4414.34,4414.34,5,ACTIVE_5s,1.0,0.0,0.0,0.0,0.0,0.0,0.0,PASS_<20%,0.00,0.0,NO,STANDBY_VEL_LOW,0,0.00,4590.00,78.36,FALSE,M1_DIRECTION_MISMATCH|OPENING_SHIELD_ACTIVE_5s
2026-09-07 15:38:06.355,1788795486.355,7843,13,372,4414.34,4414.42,8.0,PASS_<=10c,+0.0,FLAT,+0.0,+0.0,4.2,+0.00,0.00,SLOW,4414.34,4414.34,4414.34,4414.34,0.00,0.00,0.0,BULLISH,0.0,4414.34,4414.34,4414.34,4414.34,6,ACTIVE_6s,1.0,0.0,0.0,0.0,0.0,0.0,0.0,PASS_<20%,0.00,0.0,NO,STANDBY_VEL_LOW,0,0.00,4590.00,78.36,FALSE,M1_DIRECTION_MISMATCH|OPENING_SHIELD_ACTIVE_6s
2026-09-07 15:38:06.856,1788795486.856,7844,14,373,4414.34,4414.42,8.0,PASS_<=10c,+0.0,FLAT,+0.0,+0.0,4.2,+0.00,0.00,SLOW,4414.34,4414.34,4414.34,4414.34,0.00,0.00,0.0,BULLISH,0.0,4414.34,4414.34,4414.34,4414.34,6,ACTIVE_6s,1.0,0.0,0.0,0.0,0.0,0.0,0.0,PASS_<20%,0.00,0.0,NO,STANDBY_VEL_LOW,0,0.00,4590.00,78.36,FALSE,M1_DIRECTION_MISMATCH|OPENING_SHIELD_ACTIVE_6s
2026-09-07 15:38:07.359,1788795487.359,7845,15,374,4414.34,4414.42,8.0,PASS_<=10c,+0.0,FLAT,+0.0,+0.0,4.2,+0.00,0.00,SLOW,4414.34,4414.34,4414.34,4414.34,0.00,0.00,0.0,BULLISH,0.0,4414.34,4414.34,4414.34,4414.34,7,ACTIVE_7s,1.0,0.0,0.0,0.0,0.0,0.0,0.0,PASS_<20%,0.00,0.0,NO,STANDBY_VEL_LOW,0,0.00,4590.00,78.36,FALSE,M1_DIRECTION_MISMATCH|OPENING_SHIELD_ACTIVE_7s
2026-09-07 15:38:07.858,1788795487.859,7846,16,375,4414.34,4414.42,8.0,PASS_<=10c,+0.0,FLAT,+0.0,+0.0,4.2,+0.00,0.00,SLOW,4414.34,4414.34,4414.34,4414.34,0.00,0.00,0.0,BULLISH,0.0,4414.34,4414.34,4414.34,4414.34,7,ACTIVE_7s,1.0,0.0,0.0,0.0,0.0,0.0,0.0,PASS_<20%,0.00,0.0,NO,STANDBY_VEL_LOW,0,0.00,4590.00,78.36,FALSE,M1_DIRECTION_MISMATCH|OPENING_SHIELD_ACTIVE_7s
2026-09-07 15:38:08.359,1788795488.360,7847,17,376,4414.34,4414.42,8.0,PASS_<=10c,+0.0,FLAT,+0.0,+0.0,4.2,+0.00,0.00,SLOW,4414.34,4414.34,4414.34,4414.34,0.00,0.00,0.0,BULLISH,0.0,4414.34,4414.34,4414.34,4414.34,8,ACTIVE_8s,1.0,0.0,0.0,0.0,0.0,0.0,0.0,PASS_<20%,0.00,0.0,NO,STANDBY_VEL_LOW,0,0.00,4590.00,78.36,FALSE,M1_DIRECTION_MISMATCH|OPENING_SHIELD_ACTIVE_8s
2026-09-07 15:38:08.861,1788795488.862,7848,18,377,4414.34,4414.42,8.0,PASS_<=10c,+0.0,FLAT,+0.0,+0.0,4.2,+0.00,0.00,SLOW,4414.34,4414.34,4414.34,4414.34,0.00,0.00,0.0,BULLISH,0.0,4414.34,4414.34,4414.34,4414.34,8,ACTIVE_8s,1.0,0.0,0.0,0.0,0.0,0.0,0.0,PASS_<20%,0.00,0.0,NO,STANDBY_VEL_LOW,0,0.00,4590.00,78.36,FALSE,M1_DIRECTION_MISMATCH|OPENING_SHIELD_ACTIVE_8s
2026-09-07 15:38:09.363,1788795489.364,7849,19,378,4414.34,4414.42,8.0,PASS_<=10c,+0.0,FLAT,+0.0,+0.0,4.2,+0.00,0.00,SLOW,4414.34,4414.34,4414.34,4414.34,0.00,0.00,0.0,BULLISH,0.0,4414.34,4414.34,4414.34,4414.34,9,ACTIVE_9s,1.0,0.0,0.0,0.0,0.0,0.0,0.0,PASS_<20%,0.00,0.0,NO,STANDBY_VEL_LOW,0,0.00,4590.00,78.36,FALSE,M1_DIRECTION_MISMATCH|OPENING_SHIELD_ACTIVE_9s
2026-09-07 15:38:09.865,1788795489.866,7850,20,379,4414.34,4414.42,8.0,PASS_<=10c,+0.0,FLAT,+0.0,+0.0,4.2,+0.00,0.00,SLOW,4414.34,4414.34,4414.34,4414.34,0.00,0.00,0.0,BULLISH,0.0,4414.34,4414.34,4414.34,4414.34,9,ACTIVE_9s,1.0,0.0,0.0,0.0,0.0,0.0,0.0,PASS_<20%,0.00,0.0,NO,STANDBY_VEL_LOW,0,0.00,4590.00,78.36,FALSE,M1_DIRECTION_MISMATCH|OPENING_SHIELD_ACTIVE_9s
2026-09-07 15:38:10.366,1788795490.367,7851,21,380,4414.34,4414.42,8.0,PASS_<=10c,+0.0,FLAT,+0.0,+0.0,4.2,+0.00,0.00,SLOW,4414.34,4414.34,4414.34,4414.34,0.00,0.00,0.0,BULLISH,0.0,4414.34,4414.34,4414.34,4414.34,10,ACTIVE_10s,1.0,0.0,0.0,0.0,0.0,0.0,0.0,PASS_<20%,0.00,0.0,NO,STANDBY_VEL_LOW,0,0.00,4590.00,78.36,FALSE,M1_DIRECTION_MISMATCH|OPENING_SHIELD_ACTIVE_10s
2026-09-07 15:38:10.868,1788795490.868,7852,22,381,4414.34,4414.42,8.0,PASS_<=10c,+0.0,FLAT,+0.0,+0.0,4.2,+0.00,0.00,SLOW,4414.34,4414.34,4414.34,4414.34,0.00,0.00,0.0,BULLISH,0.0,4414.34,4414.34,4414.34,4414.34,10,ACTIVE_10s,1.0,0.0,0.0,0.0,0.0,0.0,0.0,PASS_<20%,0.00,0.0,NO,STANDBY_VEL_LOW,0,0.00,4590.00,78.36,FALSE,M1_DIRECTION_MISMATCH|OPENING_SHIELD_ACTIVE_10s
2026-09-07 15:38:11.369,1788795491.369,7853,23,382,4414.34,4414.42,8.0,PASS_<=10c,+0.0,FLAT,+0.0,+0.0,4.2,+0.00,0.00,SLOW,4414.34,4414.34,4414.34,4414.34,0.00,0.00,0.0,BULLISH,0.0,4414.34,4414.34,4414.34,4414.34,11,ACTIVE_11s,1.0,0.0,0.0,0.0,0.0,0.0,0.0,PASS_<20%,0.00,0.0,NO,STANDBY_VEL_LOW,0,0.00,4590.00,78.36,FALSE,M1_DIRECTION_MISMATCH|OPENING_SHIELD_ACTIVE_11s
2026-09-07 15:38:11.872,1788795491.872,7854,24,383,4414.34,4414.42,8.0,PASS_<=10c,+0.0,FLAT,+0.0,+0.0,4.2,+0.00,0.00,SLOW,4414.34,4414.34,4414.34,4414.34,0.00,0.00,0.0,BULLISH,0.0,4414.34,4414.34,4414.34,4414.34,11,ACTIVE_11s,1.0,0.0,0.0,0.0,0.0,0.0,0.0,PASS_<20%,0.00,0.0,NO,STANDBY_VEL_LOW,0,0.00,4590.00,78.36,FALSE,M1_DIRECTION_MISMATCH|OPENING_SHIELD_ACTIVE_11s
2026-09-07 15:38:12.373,1788795492.373,7855,25,384,4414.34,4414.42,8.0,PASS_<=10c,+0.0,FLAT,+0.0,+0.0,4.2,+0.00,0.00,SLOW,4414.34,4414.34,4414.34,4414.34,0.00,0.00,0.0,BULLISH,0.0,4414.34,4414.34,4414.34,4414.34,12,ACTIVE_12s,1.0,0.0,0.0,0.0,0.0,0.0,0.0,PASS_<20%,0.00,0.0,NO,STANDBY_VEL_LOW,0,0.00,4590.00,78.36,FALSE,M1_DIRECTION_MISMATCH|OPENING_SHIELD_ACTIVE_12s
2026-09-07 15:38:12.898,1788795492.899,7856,26,385,4414.34,4414.42,8.0,PASS_<=10c,+0.0,FLAT,+0.0,+0.0,4.2,+0.00,0.00,SLOW,4414.34,4414.34,4414.34,4414.34,0.00,0.00,0.0,BULLISH,0.0,4414.34,4414.34,4414.34,4414.34,12,ACTIVE_12s,1.0,0.0,0.0,0.0,0.0,0.0,0.0,PASS_<20%,0.00,0.0,NO,STANDBY_VEL_LOW,0,0.00,4590.00,78.36,FALSE,M1_DIRECTION_MISMATCH|OPENING_SHIELD_ACTIVE_12s
2026-09-07 15:38:13.399,1788795493.400,7857,27,386,4414.34,4414.42,8.0,PASS_<=10c,+0.0,FLAT,+0.0,+0.0,4.2,+0.00,0.00,SLOW,4414.34,4414.34,4414.34,4414.34,0.00,0.00,0.0,BULLISH,0.0,4414.34,4414.34,4414.34,4414.34,13,ACTIVE_13s,1.0,0.0,0.0,0.0,0.0,0.0,0.0,PASS_<20%,0.00,0.0,NO,STANDBY_VEL_LOW,0,0.00,4590.00,78.36,FALSE,M1_DIRECTION_MISMATCH|OPENING_SHIELD_ACTIVE_13s
2026-09-07 15:38:13.902,1788795493.902,7858,28,387,4414.34,4414.42,8.0,PASS_<=10c,+0.0,FLAT,+0.0,+0.0,4.2,+0.00,0.00,SLOW,4414.34,4414.34,4414.34,4414.34,0.00,0.00,0.0,BULLISH,0.0,4414.34,4414.34,4414.34,4414.34,13,ACTIVE_13s,1.0,0.0,0.0,0.0,0.0,0.0,0.0,PASS_<20%,0.00,0.0,NO,STANDBY_VEL_LOW,0,0.00,4590.00,78.36,FALSE,M1_DIRECTION_MISMATCH|OPENING_SHIELD_ACTIVE_13s
2026-09-07 15:38:14.403,1788795494.404,7859,29,388,4414.34,4414.42,8.0,PASS_<=10c,+0.0,FLAT,+0.0,+0.0,4.2,+0.00,0.00,SLOW,4414.34,4414.34,4414.34,4414.34,0.00,0.00,0.0,BULLISH,0.0,4414.34,4414.34,4414.34,4414.34,14,ACTIVE_14s,1.0,0.0,0.0,0.0,0.0,0.0,0.0,PASS_<20%,0.00,0.0,NO,STANDBY_VEL_LOW,0,0.00,4590.00,78.36,FALSE,M1_DIRECTION_MISMATCH|OPENING_SHIELD_ACTIVE_14s
2026-09-07 15:38:14.904,1788795494.905,7860,30,389,4414.34,4414.42,8.0,PASS_<=10c,+0.0,FLAT,+0.0,+0.0,4.2,+0.00,0.00,SLOW,4414.34,4414.34,4414.34,4414.34,0.00,0.00,0.0,BULLISH,0.0,4414.34,4414.34,4414.34,4414.34,14,ACTIVE_14s,1.0,0.0,0.0,0.0,0.0,0.0,0.0,PASS_<20%,0.00,0.0,NO,STANDBY_VEL_LOW,0,0.00,4590.00,78.36,FALSE,M1_DIRECTION_MISMATCH|OPENING_SHIELD_ACTIVE_14s
2026-09-07 15:38:15.405,1788795495.406,7861,31,390,4414.34,4414.42,8.0,PASS_<=10c,+0.0,FLAT,+0.0,+0.0,4.2,+0.00,0.00,SLOW,4414.34,4414.34,4414.34,4414.34,0.00,0.00,0.0,BULLISH,0.0,4414.34,4414.34,4414.34,4414.34,15,ACTIVE_15s,1.0,0.0,0.0,0.0,0.0,0.0,0.0,PASS_<20%,0.00,0.0,NO,STANDBY_VEL_LOW,0,0.00,4590.00,78.36,FALSE,M1_DIRECTION_MISMATCH|OPENING_SHIELD_ACTIVE_15s
2026-09-07 15:38:15.907,1788795495.907,7862,32,391,4414.34,4414.42,8.0,PASS_<=10c,+0.0,FLAT,+0.0,+0.0,4.2,+0.00,0.00,SLOW,4414.34,4414.34,4414.34,4414.34,0.00,0.00,0.0,BULLISH,0.0,4414.34,4414.34,4414.34,4414.34,15,ACTIVE_15s,1.0,0.0,0.0,0.0,0.0,0.0,0.0,PASS_<20%,0.00,0.0,NO,STANDBY_VEL_LOW,0,0.00,4590.00,78.36,FALSE,M1_DIRECTION_MISMATCH|OPENING_SHIELD_ACTIVE_15s
2026-09-07 15:38:16.409,1788795496.409,7863,33,392,4414.34,4414.42,8.0,PASS_<=10c,+0.0,FLAT,+0.0,+0.0,4.2,+0.00,0.00,SLOW,4414.34,4414.34,4414.34,4414.34,0.00,0.00,0.0,BULLISH,0.0,4414.34,4414.34,4414.34,4414.34,16,ACTIVE_16s,1.0,0.0,0.0,0.0,0.0,0.0,0.0,PASS_<20%,0.00,0.0,NO,STANDBY_VEL_LOW,0,0.00,4590.00,78.36,FALSE,M1_DIRECTION_MISMATCH|OPENING_SHIELD_ACTIVE_16s
2026-09-07 15:38:16.911,1788795496.911,7864,34,393,4414.34,4414.42,8.0,PASS_<=10c,+0.0,FLAT,+0.0,+0.0,4.2,+0.00,0.00,SLOW,4414.34,4414.34,4414.34,4414.34,0.00,0.00,0.0,BULLISH,0.0,4414.34,4414.34,4414.34,4414.34,16,ACTIVE_16s,1.0,0.0,0.0,0.0,0.0,0.0,0.0,PASS_<20%,0.00,0.0,NO,STANDBY_VEL_LOW,0,0.00,4590.00,78.36,FALSE,M1_DIRECTION_MISMATCH|OPENING_SHIELD_ACTIVE_16s
2026-09-07 15:38:17.412,1788795497.413,7865,35,394,4414.34,4414.42,8.0,PASS_<=10c,+0.0,FLAT,+0.0,+0.0,4.2,+0.00,0.00,SLOW,4414.34,4414.34,4414.34,4414.34,0.00,0.00,0.0,BULLISH,0.0,4414.34,4414.34,4414.34,4414.34,17,ACTIVE_17s,1.0,0.0,0.0,0.0,0.0,0.0,0.0,PASS_<20%,0.00,0.0,NO,STANDBY_VEL_LOW,0,0.00,4590.00,78.36,FALSE,M1_DIRECTION_MISMATCH|OPENING_SHIELD_ACTIVE_17s
2026-09-07 15:38:17.914,1788795497.915,7866,36,395,4414.34,4414.42,8.0,PASS_<=10c,+0.0,FLAT,+0.0,+0.0,4.2,+0.00,0.00,SLOW,4414.34,4414.34,4414.34,4414.34,0.00,0.00,0.0,BULLISH,0.0,4414.34,4414.34,4414.34,4414.34,17,ACTIVE_17s,1.0,0.0,0.0,0.0,0.0,0.0,0.0,PASS_<20%,0.00,0.0,NO,STANDBY_VEL_LOW,0,0.00,4590.00,78.36,FALSE,M1_DIRECTION_MISMATCH|OPENING_SHIELD_ACTIVE_17s
2026-09-07 15:38:18.416,1788795498.416,7867,37,396,4414.34,4414.42,8.0,PASS_<=10c,+0.0,FLAT,+0.0,+0.0,4.2,+0.00,0.00,SLOW,4414.34,4414.34,4414.34,4414.34,0.00,0.00,0.0,BULLISH,0.0,4414.34,4414.34,4414.34,4414.34,18,ACTIVE_18s,1.0,0.0,0.0,0.0,0.0,0.0,0.0,PASS_<20%,0.00,0.0,NO,STANDBY_VEL_LOW,0,0.00,4590.00,78.36,FALSE,M1_DIRECTION_MISMATCH|OPENING_SHIELD_ACTIVE_18s
2026-09-07 15:38:18.918,1788795498.918,7868,38,397,4414.34,4414.42,8.0,PASS_<=10c,+0.0,FLAT,+0.0,+0.0,4.2,+0.00,0.00,SLOW,4414.34,4414.34,4414.34,4414.34,0.00,0.00,0.0,BULLISH,0.0,4414.34,4414.34,4414.34,4414.34,18,ACTIVE_18s,1.0,0.0,0.0,0.0,0.0,0.0,0.0,PASS_<20%,0.00,0.0,NO,STANDBY_VEL_LOW,0,0.00,4590.00,78.36,FALSE,M1_DIRECTION_MISMATCH|OPENING_SHIELD_ACTIVE_18s
2026-09-07 15:38:19.419,1788795499.419,7869,39,398,4414.34,4414.42,8.0,PASS_<=10c,+0.0,FLAT,+0.0,+0.0,4.2,+0.00,0.00,SLOW,4414.34,4414.34,4414.34,4414.34,0.00,0.00,0.0,BULLISH,0.0,4414.34,4414.34,4414.34,4414.34,19,ACTIVE_19s,1.0,0.0,0.0,0.0,0.0,0.0,0.0,PASS_<20%,0.00,0.0,NO,STANDBY_VEL_LOW,0,0.00,4590.00,78.36,FALSE,M1_DIRECTION_MISMATCH|OPENING_SHIELD_ACTIVE_19s
2026-09-07 15:38:19.922,1788795499.922,7870,40,399,4414.34,4414.42,8.0,PASS_<=10c,+0.0,FLAT,+0.0,+0.0,4.2,+0.00,0.00,SLOW,4414.34,4414.34,4414.34,4414.34,0.00,0.00,0.0,BULLISH,0.0,4414.34,4414.34,4414.34,4414.34,19,ACTIVE_19s,1.0,0.0,0.0,0.0,0.0,0.0,0.0,PASS_<20%,0.00,0.0,NO,STANDBY_VEL_LOW,0,0.00,4590.00,78.36,FALSE,M1_DIRECTION_MISMATCH|OPENING_SHIELD_ACTIVE_19s
2026-09-07 15:38:20.423,1788795500.424,7871,41,400,4414.34,4414.42,8.0,PASS_<=10c,+0.0,FLAT,+0.0,+0.0,4.2,+0.00,0.00,SLOW,4414.34,4414.34,4414.34,4414.34,0.00,0.00,0.0,BULLISH,0.0,4414.34,4414.34,4414.34,4414.34,20,CLEARED_>=20s,1.0,0.0,0.0,0.0,0.0,0.0,0.0,PASS_<20%,0.00,0.0,NO,STANDBY_VEL_LOW,0,0.00,4590.00,78.36,FALSE,M1_DIRECTION_MISMATCH
2026-09-07 15:38:20.925,1788795500.926,7872,42,401,4414.34,4414.42,8.0,PASS_<=10c,+0.0,FLAT,+0.0,+0.0,4.2,+0.00,0.00,SLOW,4414.34,4414.34,4414.34,4414.34,0.00,0.00,0.0,BULLISH,0.0,4414.34,4414.34,4414.34,4414.34,20,CLEARED_>=20s,1.0,0.0,0.0,0.0,0.0,0.0,0.0,PASS_<20%,0.00,0.0,NO,STANDBY_VEL_LOW,0,0.00,4590.00,78.36,FALSE,M1_DIRECTION_MISMATCH
2026-09-07 15:38:21.427,1788795501.428,7873,43,402,4414.34,4414.42,8.0,PASS_<=10c,+0.0,FLAT,+0.0,+0.0,4.2,+0.00,0.00,SLOW,4414.34,4414.34,4414.34,4414.34,0.00,0.00,0.0,BULLISH,0.0,4414.34,4414.34,4414.34,4414.34,21,CLEARED_>=20s,1.0,0.0,0.0,0.0,0.0,0.0,0.0,PASS_<20%,0.00,0.0,NO,STANDBY_VEL_LOW,0,0.00,4590.00,78.36,FALSE,M1_DIRECTION_MISMATCH
2026-09-07 15:38:21.928,1788795501.928,7874,44,403,4414.34,4414.42,8.0,PASS_<=10c,+0.0,FLAT,+0.0,+0.0,4.2,+0.00,0.00,SLOW,4414.34,4414.34,4414.34,4414.34,0.00,0.00,0.0,BULLISH,0.0,4414.34,4414.34,4414.34,4414.34,21,CLEARED_>=20s,1.0,0.0,0.0,0.0,0.0,0.0,0.0,PASS_<20%,0.00,0.0,NO,STANDBY_VEL_LOW,0,0.00,4590.00,78.36,FALSE,M1_DIRECTION_MISMATCH
2026-09-07 15:38:22.430,1788795502.431,7875,45,404,4414.34,4414.42,8.0,PASS_<=10c,+0.0,FLAT,+0.0,+0.0,4.2,+0.00,0.00,SLOW,4414.34,4414.34,4414.34,4414.34,0.00,0.00,0.0,BULLISH,0.0,4414.34,4414.34,4414.34,4414.34,22,CLEARED_>=20s,1.0,0.0,0.0,0.0,0.0,0.0,0.0,PASS_<20%,0.00,0.0,NO,STANDBY_VEL_LOW,0,0.00,4590.00,78.36,FALSE,M1_DIRECTION_MISMATCH
2026-09-07 15:38:22.932,1788795502.933,7876,46,405,4414.34,4414.42,8.0,PASS_<=10c,+0.0,FLAT,+0.0,+0.0,4.2,+0.00,0.00,SLOW,4414.34,4414.34,4414.34,4414.34,0.00,0.00,0.0,BULLISH,0.0,4414.34,4414.34,4414.34,4414.34,22,CLEARED_>=20s,1.0,0.0,0.0,0.0,0.0,0.0,0.0,PASS_<20%,0.00,0.0,NO,STANDBY_VEL_LOW,0,0.00,4590.00,78.36,FALSE,M1_DIRECTION_MISMATCH
2026-09-07 15:38:23.434,1788795503.434,7877,47,406,4414.34,4414.42,8.0,PASS_<=10c,+0.0,FLAT,+0.0,+0.0,4.2,+0.00,0.00,SLOW,4414.34,4414.34,4414.34,4414.34,0.00,0.00,0.0,BULLISH,0.0,4414.34,4414.34,4414.34,4414.34,23,CLEARED_>=20s,1.0,0.0,0.0,0.0,0.0,0.0,0.0,PASS_<20%,0.00,0.0,NO,STANDBY_VEL_LOW,0,0.00,4590.00,78.36,FALSE,M1_DIRECTION_MISMATCH
2026-09-07 15:38:23.936,1788795503.937,7878,48,407,4414.34,4414.42,8.0,PASS_<=10c,+0.0,FLAT,+0.0,+0.0,4.2,+0.00,0.00,SLOW,4414.34,4414.34,4414.34,4414.34,0.00,0.00,0.0,BULLISH,0.0,4414.34,4414.34,4414.34,4414.34,23,CLEARED_>=20s,1.0,0.0,0.0,0.0,0.0,0.0,0.0,PASS_<20%,0.00,0.0,NO,STANDBY_VEL_LOW,0,0.00,4590.00,78.36,FALSE,M1_DIRECTION_MISMATCH
2026-09-07 15:38:24.438,1788795504.438,7879,49,408,4414.34,4414.42,8.0,PASS_<=10c,+0.0,FLAT,+0.0,+0.0,4.2,+0.00,0.00,SLOW,4414.34,4414.34,4414.34,4414.34,0.00,0.00,0.0,BULLISH,0.0,4414.34,4414.34,4414.34,4414.34,24,CLEARED_>=20s,1.0,0.0,0.0,0.0,0.0,0.0,0.0,PASS_<20%,0.00,0.0,NO,STANDBY_VEL_LOW,0,0.00,4590.00,78.36,FALSE,M1_DIRECTION_MISMATCH
2026-09-07 15:38:24.939,1788795504.939,7880,50,409,4414.34,4414.42,8.0,PASS_<=10c,+0.0,FLAT,+0.0,+0.0,4.2,+0.00,0.00,SLOW,4414.34,4414.34,4414.34,4414.34,0.00,0.00,0.0,BULLISH,0.0,4414.34,4414.34,4414.34,4414.34,24,CLEARED_>=20s,1.0,0.0,0.0,0.0,0.0,0.0,0.0,PASS_<20%,0.00,0.0,NO,STANDBY_VEL_LOW,0,0.00,4590.00,78.36,FALSE,M1_DIRECTION_MISMATCH
2026-09-07 15:38:25.442,1788795505.442,7881,51,410,4414.34,4414.42,8.0,PASS_<=10c,+0.0,FLAT,+0.0,+0.0,4.2,+0.00,0.00,SLOW,4414.34,4414.34,4414.34,4414.34,0.00,0.00,0.0,BULLISH,0.0,4414.34,4414.34,4414.34,4414.34,25,CLEARED_>=20s,1.0,0.0,0.0,0.0,0.0,0.0,0.0,PASS_<20%,0.00,0.0,NO,STANDBY_VEL_LOW,0,0.00,4590.00,78.36,FALSE,M1_DIRECTION_MISMATCH
2026-09-07 15:38:25.942,1788795505.943,7882,52,411,4414.34,4414.42,8.0,PASS_<=10c,+0.0,FLAT,+0.0,+0.0,4.2,+0.00,0.00,SLOW,4414.34,4414.34,4414.34,4414.34,0.00,0.00,0.0,BULLISH,0.0,4414.34,4414.34,4414.34,4414.34,25,CLEARED_>=20s,1.0,0.0,0.0,0.0,0.0,0.0,0.0,PASS_<20%,0.00,0.0,NO,STANDBY_VEL_LOW,0,0.00,4590.00,78.36,FALSE,M1_DIRECTION_MISMATCH
2026-09-07 15:38:26.443,1788795506.444,7883,53,412,4414.34,4414.42,8.0,PASS_<=10c,+0.0,FLAT,+0.0,+0.0,4.2,+0.00,0.00,SLOW,4414.34,4414.34,4414.34,4414.34,0.00,0.00,0.0,BULLISH,0.0,4414.34,4414.34,4414.34,4414.34,26,CLEARED_>=20s,1.0,0.0,0.0,0.0,0.0,0.0,0.0,PASS_<20%,0.00,0.0,NO,STANDBY_VEL_LOW,0,0.00,4590.00,78.36,FALSE,M1_DIRECTION_MISMATCH
2026-09-07 15:38:26.945,1788795506.946,7884,54,413,4414.34,4414.42,8.0,PASS_<=10c,+0.0,FLAT,+0.0,+0.0,4.2,+0.00,0.00,SLOW,4414.34,4414.34,4414.34,4414.34,0.00,0.00,0.0,BULLISH,0.0,4414.34,4414.34,4414.34,4414.34,26,CLEARED_>=20s,1.0,0.0,0.0,0.0,0.0,0.0,0.0,PASS_<20%,0.00,0.0,NO,STANDBY_VEL_LOW,0,0.00,4590.00,78.36,FALSE,M1_DIRECTION_MISMATCH
2026-09-07 15:38:27.446,1788795507.447,7885,55,414,4414.34,4414.42,8.0,PASS_<=10c,+0.0,FLAT,+0.0,+0.0,4.2,+0.00,0.00,SLOW,4414.34,4414.34,4414.34,4414.34,0.00,0.00,0.0,BULLISH,0.0,4414.34,4414.34,4414.34,4414.34,27,CLEARED_>=20s,1.0,0.0,0.0,0.0,0.0,0.0,0.0,PASS_<20%,0.00,0.0,NO,STANDBY_VEL_LOW,0,0.00,4590.00,78.36,FALSE,M1_DIRECTION_MISMATCH
2026-09-07 15:38:27.948,1788795507.948,7886,56,415,4414.34,4414.42,8.0,PASS_<=10c,+0.0,FLAT,+0.0,+0.0,4.2,+0.00,0.00,SLOW,4414.34,4414.34,4414.34,4414.34,0.00,0.00,0.0,BULLISH,0.0,4414.34,4414.34,4414.34,4414.34,27,CLEARED_>=20s,1.0,0.0,0.0,0.0,0.0,0.0,0.0,PASS_<20%,0.00,0.0,NO,STANDBY_VEL_LOW,0,0.00,4590.00,78.36,FALSE,M1_DIRECTION_MISMATCH
2026-09-07 15:38:28.451,1788795508.451,7887,57,416,4414.34,4414.42,8.0,PASS_<=10c,+0.0,FLAT,+0.0,+0.0,4.2,+0.00,0.00,SLOW,4414.34,4414.34,4414.34,4414.34,0.00,0.00,0.0,BULLISH,0.0,4414.34,4414.34,4414.34,4414.34,28,CLEARED_>=20s,1.0,0.0,0.0,0.0,0.0,0.0,0.0,PASS_<20%,0.00,0.0,NO,STANDBY_VEL_LOW,0,0.00,4590.00,78.36,FALSE,M1_DIRECTION_MISMATCH
2026-09-07 15:38:28.952,1788795508.952,7888,58,417,4414.34,4414.42,8.0,PASS_<=10c,+0.0,FLAT,+0.0,+0.0,4.2,+0.00,0.00,SLOW,4414.34,4414.34,4414.34,4414.34,0.00,0.00,0.0,BULLISH,0.0,4414.34,4414.34,4414.34,4414.34,28,CLEARED_>=20s,1.0,0.0,0.0,0.0,0.0,0.0,0.0,PASS_<20%,0.00,0.0,NO,STANDBY_VEL_LOW,0,0.00,4590.00,78.36,FALSE,M1_DIRECTION_MISMATCH
2026-09-07 15:38:29.453,1788795509.454,7889,59,418,4414.34,4414.42,8.0,PASS_<=10c,+0.0,FLAT,+0.0,+0.0,4.2,+0.00,0.00,SLOW,4414.34,4414.34,4414.34,4414.34,0.00,0.00,0.0,BULLISH,0.0,4414.34,4414.34,4414.34,4414.34,29,CLEARED_>=20s,1.0,0.0,0.0,0.0,0.0,0.0,0.0,PASS_<20%,0.00,0.0,NO,STANDBY_VEL_LOW,0,0.00,4590.00,78.36,FALSE,M1_DIRECTION_MISMATCH
2026-09-07 15:38:29.955,1788795509.956,7890,60,419,4414.34,4414.42,8.0,PASS_<=10c,+0.0,FLAT,+0.0,+0.0,4.2,+0.00,0.00,SLOW,4414.34,4414.34,4414.34,4414.34,0.00,0.00,0.0,BULLISH,0.0,4414.34,4414.34,4414.34,4414.34,29,CLEARED_>=20s,1.0,0.0,0.0,0.0,0.0,0.0,0.0,PASS_<20%,0.00,0.0,NO,STANDBY_VEL_LOW,0,0.00,4590.00,78.36,FALSE,M1_DIRECTION_MISMATCH
2026-09-07 15:38:30.456,1788795510.457,7891,61,420,4414.34,4414.42,8.0,PASS_<=10c,+0.0,FLAT,+0.0,+0.0,4.2,+0.00,0.00,SLOW,4414.34,4414.34,4414.34,4414.34,0.00,0.00,0.0,BULLISH,0.0,4414.34,4414.34,4414.34,4414.34,30,CLEARED_>=20s,1.0,0.0,0.0,0.0,0.0,0.0,0.0,PASS_<20%,0.00,0.0,NO,STANDBY_VEL_LOW,0,0.00,4590.00,78.36,FALSE,M1_DIRECTION_MISMATCH
2026-09-07 15:38:30.958,1788795510.958,7892,62,421,4414.34,4414.42,8.0,PASS_<=10c,+0.0,FLAT,+0.0,+0.0,4.2,+0.00,0.00,SLOW,4414.34,4414.34,4414.34,4414.34,0.00,0.00,0.0,BULLISH,0.0,4414.34,4414.34,4414.34,4414.34,30,CLEARED_>=20s,1.0,0.0,0.0,0.0,0.0,0.0,0.0,PASS_<20%,0.00,0.0,NO,STANDBY_VEL_LOW,0,0.00,4590.00,78.36,FALSE,M1_DIRECTION_MISMATCH
2026-09-07 15:38:31.459,1788795511.460,7893,63,422,4414.34,4414.42,8.0,PASS_<=10c,+0.0,FLAT,+0.0,+0.0,4.2,+0.00,0.00,SLOW,4414.34,4414.34,4414.34,4414.34,0.00,0.00,0.0,BULLISH,0.0,4414.34,4414.34,4414.34,4414.34,31,CLEARED_>=20s,1.0,0.0,0.0,0.0,0.0,0.0,0.0,PASS_<20%,0.00,0.0,NO,STANDBY_VEL_LOW,0,0.00,4590.00,78.36,FALSE,M1_DIRECTION_MISMATCH
2026-09-07 15:38:31.962,1788795511.962,7894,64,423,4414.34,4414.42,8.0,PASS_<=10c,+0.0,FLAT,+0.0,+0.0,4.2,+0.00,0.00,SLOW,4414.34,4414.34,4414.34,4414.34,0.00,0.00,0.0,BULLISH,0.0,4414.34,4414.34,4414.34,4414.34,31,CLEARED_>=20s,1.0,0.0,0.0,0.0,0.0,0.0,0.0,PASS_<20%,0.00,0.0,NO,STANDBY_VEL_LOW,0,0.00,4590.00,78.36,FALSE,M1_DIRECTION_MISMATCH
2026-09-07 15:38:32.464,1788795512.464,7895,65,424,4414.34,4414.42,8.0,PASS_<=10c,+0.0,FLAT,+0.0,+0.0,4.2,+0.00,0.00,SLOW,4414.34,4414.34,4414.34,4414.34,0.00,0.00,0.0,BULLISH,0.0,4414.34,4414.34,4414.34,4414.34,32,CLEARED_>=20s,1.0,0.0,0.0,0.0,0.0,0.0,0.0,PASS_<20%,0.00,0.0,NO,STANDBY_VEL_LOW,0,0.00,4590.00,78.36,FALSE,M1_DIRECTION_MISMATCH
2026-09-07 15:38:32.966,1788795512.966,7896,66,425,4414.34,4414.42,8.0,PASS_<=10c,+0.0,FLAT,+0.0,+0.0,4.2,+0.00,0.00,SLOW,4414.34,4414.34,4414.34,4414.34,0.00,0.00,0.0,BULLISH,0.0,4414.34,4414.34,4414.34,4414.34,32,CLEARED_>=20s,1.0,0.0,0.0,0.0,0.0,0.0,0.0,PASS_<20%,0.00,0.0,NO,STANDBY_VEL_LOW,0,0.00,4590.00,78.36,FALSE,M1_DIRECTION_MISMATCH
2026-09-07 15:38:33.468,1788795513.468,7897,67,426,4414.34,4414.42,8.0,PASS_<=10c,+0.0,FLAT,+0.0,+0.0,4.2,+0.00,0.00,SLOW,4414.34,4414.34,4414.34,4414.34,0.00,0.00,0.0,BULLISH,0.0,4414.34,4414.34,4414.34,4414.34,33,CLEARED_>=20s,1.0,0.0,0.0,0.0,0.0,0.0,0.0,PASS_<20%,0.00,0.0,NO,STANDBY_VEL_LOW,0,0.00,4590.00,78.36,FALSE,M1_DIRECTION_MISMATCH
2026-09-07 15:38:33.969,1788795513.970,7898,68,427,4414.34,4414.42,8.0,PASS_<=10c,+0.0,FLAT,+0.0,+0.0,4.2,+0.00,0.00,SLOW,4414.34,4414.34,4414.34,4414.34,0.00,0.00,0.0,BULLISH,0.0,4414.34,4414.34,4414.34,4414.34,33,CLEARED_>=20s,1.0,0.0,0.0,0.0,0.0,0.0,0.0,PASS_<20%,0.00,0.0,NO,STANDBY_VEL_LOW,0,0.00,4590.00,78.36,FALSE,M1_DIRECTION_MISMATCH
2026-09-07 15:38:34.470,1788795514.471,7899,69,428,4414.34,4414.42,8.0,PASS_<=10c,+0.0,FLAT,+0.0,+0.0,4.2,+0.00,0.00,SLOW,4414.34,4414.34,4414.34,4414.34,0.00,0.00,0.0,BULLISH,0.0,4414.34,4414.34,4414.34,4414.34,34,CLEARED_>=20s,1.0,0.0,0.0,0.0,0.0,0.0,0.0,PASS_<20%,0.00,0.0,NO,STANDBY_VEL_LOW,0,0.00,4590.00,78.36,FALSE,M1_DIRECTION_MISMATCH
2026-09-07 15:38:34.971,1788795514.972,7900,70,429,4414.34,4414.42,8.0,PASS_<=10c,+0.0,FLAT,+0.0,+0.0,4.2,+0.00,0.00,SLOW,4414.34,4414.34,4414.34,4414.34,0.00,0.00,0.0,BULLISH,0.0,4414.34,4414.34,4414.34,4414.34,34,CLEARED_>=20s,1.0,0.0,0.0,0.0,0.0,0.0,0.0,PASS_<20%,0.00,0.0,NO,STANDBY_VEL_LOW,0,0.00,4590.00,78.36,FALSE,M1_DIRECTION_MISMATCH
2026-09-07 15:38:35.472,1788795515.473,7901,71,430,4414.34,4414.42,8.0,PASS_<=10c,+0.0,FLAT,+0.0,+0.0,4.2,+0.00,0.00,SLOW,4414.34,4414.34,4414.34,4414.34,0.00,0.00,0.0,BULLISH,0.0,4414.34,4414.34,4414.34,4414.34,35,CLEARED_>=20s,1.0,0.0,0.0,0.0,0.0,0.0,0.0,PASS_<20%,0.00,0.0,NO,STANDBY_VEL_LOW,0,0.00,4590.00,78.36,FALSE,M1_DIRECTION_MISMATCH
2026-09-07 15:38:35.977,1788795515.977,7902,72,431,4414.34,4414.42,8.0,PASS_<=10c,+0.0,FLAT,+0.0,+0.0,4.2,+0.00,0.00,SLOW,4414.34,4414.34,4414.34,4414.34,0.00,0.00,0.0,BULLISH,0.0,4414.34,4414.34,4414.34,4414.34,35,CLEARED_>=20s,1.0,0.0,0.0,0.0,0.0,0.0,0.0,PASS_<20%,0.00,0.0,NO,STANDBY_VEL_LOW,0,0.00,4590.00,78.36,FALSE,M1_DIRECTION_MISMATCH
2026-09-07 15:38:36.477,1788795516.477,7903,73,432,4414.34,4414.42,8.0,PASS_<=10c,+0.0,FLAT,+0.0,+0.0,4.2,+0.00,0.00,SLOW,4414.34,4414.34,4414.34,4414.34,0.00,0.00,0.0,BULLISH,0.0,4414.34,4414.34,4414.34,4414.34,36,CLEARED_>=20s,1.0,0.0,0.0,0.0,0.0,0.0,0.0,PASS_<20%,0.00,0.0,NO,STANDBY_VEL_LOW,0,0.00,4590.00,78.36,FALSE,M1_DIRECTION_MISMATCH
2026-09-07 15:38:36.978,1788795516.979,7904,74,433,4414.34,4414.42,8.0,PASS_<=10c,+0.0,FLAT,+0.0,+0.0,4.2,+0.00,0.00,SLOW,4414.34,4414.34,4414.34,4414.34,0.00,0.00,0.0,BULLISH,0.0,4414.34,4414.34,4414.34,4414.34,36,CLEARED_>=20s,1.0,0.0,0.0,0.0,0.0,0.0,0.0,PASS_<20%,0.00,0.0,NO,STANDBY_VEL_LOW,0,0.00,4590.00,78.36,FALSE,M1_DIRECTION_MISMATCH
2026-09-07 15:38:37.480,1788795517.480,7905,75,434,4414.34,4414.42,8.0,PASS_<=10c,+0.0,FLAT,+0.0,+0.0,4.2,+0.00,0.00,SLOW,4414.34,4414.34,4414.34,4414.34,0.00,0.00,0.0,BULLISH,0.0,4414.34,4414.34,4414.34,4414.34,37,CLEARED_>=20s,1.0,0.0,0.0,0.0,0.0,0.0,0.0,PASS_<20%,0.00,0.0,NO,STANDBY_VEL_LOW,0,0.00,4590.00,78.36,FALSE,M1_DIRECTION_MISMATCH
2026-09-07 15:38:37.981,1788795517.982,7906,76,435,4414.34,4414.42,8.0,PASS_<=10c,+0.0,FLAT,+0.0,+0.0,4.2,+0.00,0.00,SLOW,4414.34,4414.34,4414.34,4414.34,0.00,0.00,0.0,BULLISH,0.0,4414.34,4414.34,4414.34,4414.34,37,CLEARED_>=20s,1.0,0.0,0.0,0.0,0.0,0.0,0.0,PASS_<20%,0.00,0.0,NO,STANDBY_VEL_LOW,0,0.00,4590.00,78.36,FALSE,M1_DIRECTION_MISMATCH
2026-09-07 15:38:38.482,1788795518.482,7907,77,436,4414.34,4414.42,8.0,PASS_<=10c,+0.0,FLAT,+0.0,+0.0,4.2,+0.00,0.00,SLOW,4414.34,4414.34,4414.34,4414.34,0.00,0.00,0.0,BULLISH,0.0,4414.34,4414.34,4414.34,4414.34,38,CLEARED_>=20s,1.0,0.0,0.0,0.0,0.0,0.0,0.0,PASS_<20%,0.00,0.0,NO,STANDBY_VEL_LOW,0,0.00,4590.00,78.36,FALSE,M1_DIRECTION_MISMATCH
2026-09-07 15:38:38.983,1788795518.984,7908,78,437,4414.34,4414.42,8.0,PASS_<=10c,+0.0,FLAT,+0.0,+0.0,4.2,+0.00,0.00,SLOW,4414.34,4414.34,4414.34,4414.34,0.00,0.00,0.0,BULLISH,0.0,4414.34,4414.34,4414.34,4414.34,38,CLEARED_>=20s,1.0,0.0,0.0,0.0,0.0,0.0,0.0,PASS_<20%,0.00,0.0,NO,STANDBY_VEL_LOW,0,0.00,4590.00,78.36,FALSE,M1_DIRECTION_MISMATCH
2026-09-07 15:38:39.484,1788795519.485,7909,79,438,4414.34,4414.42,8.0,PASS_<=10c,+0.0,FLAT,+0.0,+0.0,4.2,+0.00,0.00,SLOW,4414.34,4414.34,4414.34,4414.34,0.00,0.00,0.0,BULLISH,0.0,4414.34,4414.34,4414.34,4414.34,39,CLEARED_>=20s,1.0,0.0,0.0,0.0,0.0,0.0,0.0,PASS_<20%,0.00,0.0,NO,STANDBY_VEL_LOW,0,0.00,4590.00,78.36,FALSE,M1_DIRECTION_MISMATCH
2026-09-07 15:38:39.986,1788795519.987,7910,80,439,4414.34,4414.42,8.0,PASS_<=10c,+0.0,FLAT,+0.0,+0.0,4.2,+0.00,0.00,SLOW,4414.34,4414.34,4414.34,4414.34,0.00,0.00,0.0,BULLISH,0.0,4414.34,4414.34,4414.34,4414.34,39,CLEARED_>=20s,1.0,0.0,0.0,0.0,0.0,0.0,0.0,PASS_<20%,0.00,0.0,NO,STANDBY_VEL_LOW,0,0.00,4590.00,78.36,FALSE,M1_DIRECTION_MISMATCH
2026-09-07 15:38:40.488,1788795520.489,7911,81,440,4414.34,4414.42,8.0,PASS_<=10c,+0.0,FLAT,+0.0,+0.0,4.2,+0.00,0.00,SLOW,4414.34,4414.34,4414.34,4414.34,0.00,0.00,0.0,BULLISH,0.0,4414.34,4414.34,4414.34,4414.34,40,CLEARED_>=20s,1.0,0.0,0.0,0.0,0.0,0.0,0.0,PASS_<20%,0.00,0.0,NO,STANDBY_VEL_LOW,0,0.00,4590.00,78.36,FALSE,M1_DIRECTION_MISMATCH
2026-09-07 15:38:40.990,1788795520.990,7912,82,441,4414.34,4414.42,8.0,PASS_<=10c,+0.0,FLAT,+0.0,+0.0,4.2,+0.00,0.00,SLOW,4414.34,4414.34,4414.34,4414.34,0.00,0.00,0.0,BULLISH,0.0,4414.34,4414.34,4414.34,4414.34,40,CLEARED_>=20s,1.0,0.0,0.0,0.0,0.0,0.0,0.0,PASS_<20%,0.00,0.0,NO,STANDBY_VEL_LOW,0,0.00,4590.00,78.36,FALSE,M1_DIRECTION_MISMATCH
2026-09-07 15:38:41.492,1788795521.492,7913,83,442,4414.34,4414.42,8.0,PASS_<=10c,+0.0,FLAT,+0.0,+0.0,4.2,+0.00,0.00,SLOW,4414.34,4414.34,4414.34,4414.34,0.00,0.00,0.0,BULLISH,0.0,4414.34,4414.34,4414.34,4414.34,41,CLEARED_>=20s,1.0,0.0,0.0,0.0,0.0,0.0,0.0,PASS_<20%,0.00,0.0,NO,STANDBY_VEL_LOW,0,0.00,4590.00,78.36,FALSE,M1_DIRECTION_MISMATCH
2026-09-07 15:38:41.994,1788795521.995,7914,84,443,4414.34,4414.42,8.0,PASS_<=10c,+0.0,FLAT,+0.0,+0.0,4.2,+0.00,0.00,SLOW,4414.34,4414.34,4414.34,4414.34,0.00,0.00,0.0,BULLISH,0.0,4414.34,4414.34,4414.34,4414.34,41,CLEARED_>=20s,1.0,0.0,0.0,0.0,0.0,0.0,0.0,PASS_<20%,0.00,0.0,NO,STANDBY_VEL_LOW,0,0.00,4590.00,78.36,FALSE,M1_DIRECTION_MISMATCH
2026-09-07 15:38:42.496,1788795522.496,7915,85,444,4414.34,4414.42,8.0,PASS_<=10c,+0.0,FLAT,+0.0,+0.0,4.2,+0.00,0.00,SLOW,4414.34,4414.34,4414.34,4414.34,0.00,0.00,0.0,BULLISH,0.0,4414.34,4414.34,4414.34,4414.34,42,CLEARED_>=20s,1.0,0.0,0.0,0.0,0.0,0.0,0.0,PASS_<20%,0.00,0.0,NO,STANDBY_VEL_LOW,0,0.00,4590.00,78.36,FALSE,M1_DIRECTION_MISMATCH
2026-09-07 15:38:42.998,1788795522.999,7916,86,445,4414.34,4414.42,8.0,PASS_<=10c,+0.0,FLAT,+0.0,+0.0,4.2,+0.00,0.00,SLOW,4414.34,4414.34,4414.34,4414.34,0.00,0.00,0.0,BULLISH,0.0,4414.34,4414.34,4414.34,4414.34,42,CLEARED_>=20s,1.0,0.0,0.0,0.0,0.0,0.0,0.0,PASS_<20%,0.00,0.0,NO,STANDBY_VEL_LOW,0,0.00,4590.00,78.36,FALSE,M1_DIRECTION_MISMATCH
2026-09-07 15:38:43.500,1788795523.501,7917,87,446,4414.34,4414.42,8.0,PASS_<=10c,+0.0,FLAT,+0.0,+0.0,4.2,+0.00,0.00,SLOW,4414.34,4414.34,4414.34,4414.34,0.00,0.00,0.0,BULLISH,0.0,4414.34,4414.34,4414.34,4414.34,43,CLEARED_>=20s,1.0,0.0,0.0,0.0,0.0,0.0,0.0,PASS_<20%,0.00,0.0,NO,STANDBY_VEL_LOW,0,0.00,4590.00,78.36,FALSE,M1_DIRECTION_MISMATCH
2026-09-07 15:38:44.002,1788795524.003,7918,88,447,4414.34,4414.42,8.0,PASS_<=10c,+0.0,FLAT,+0.0,+0.0,4.2,+0.00,0.00,SLOW,4414.34,4414.34,4414.34,4414.34,0.00,0.00,0.0,BULLISH,0.0,4414.34,4414.34,4414.34,4414.34,44,CLEARED_>=20s,1.0,0.0,0.0,0.0,0.0,0.0,0.0,PASS_<20%,0.00,0.0,NO,STANDBY_VEL_LOW,0,0.00,4590.00,78.36,FALSE,M1_DIRECTION_MISMATCH
2026-09-07 15:38:44.504,1788795524.504,7919,89,448,4414.34,4414.42,8.0,PASS_<=10c,+0.0,FLAT,+0.0,+0.0,4.2,+0.00,0.00,SLOW,4414.34,4414.34,4414.34,4414.34,0.00,0.00,0.0,BULLISH,0.0,4414.34,4414.34,4414.34,4414.34,44,CLEARED_>=20s,1.0,0.0,0.0,0.0,0.0,0.0,0.0,PASS_<20%,0.00,0.0,NO,STANDBY_VEL_LOW,0,0.00,4590.00,78.36,FALSE,M1_DIRECTION_MISMATCH
2026-09-07 15:38:45.005,1788795525.006,7920,90,449,4414.34,4414.42,8.0,PASS_<=10c,+0.0,FLAT,+0.0,+0.0,4.2,+0.00,0.00,SLOW,4414.34,4414.34,4414.34,4414.34,0.00,0.00,0.0,BULLISH,0.0,4414.34,4414.34,4414.34,4414.34,45,CLEARED_>=20s,1.0,0.0,0.0,0.0,0.0,0.0,0.0,PASS_<20%,0.00,0.0,NO,STANDBY_VEL_LOW,0,0.00,4590.00,78.36,FALSE,M1_DIRECTION_MISMATCH
2026-09-07 15:38:45.507,1788795525.508,7921,91,450,4414.34,4414.42,8.0,PASS_<=10c,+0.0,FLAT,+0.0,+0.0,4.2,+0.00,0.00,SLOW,4414.34,4414.34,4414.34,4414.34,0.00,0.00,0.0,BULLISH,0.0,4414.34,4414.34,4414.34,4414.34,45,CLEARED_>=20s,1.0,0.0,0.0,0.0,0.0,0.0,0.0,PASS_<20%,0.00,0.0,NO,STANDBY_VEL_LOW,0,0.00,4590.00,78.36,FALSE,M1_DIRECTION_MISMATCH
2026-09-07 15:38:46.009,1788795526.009,7922,92,451,4414.34,4414.42,8.0,PASS_<=10c,+0.0,FLAT,+0.0,+0.0,4.2,+0.00,0.00,SLOW,4414.34,4414.34,4414.34,4414.34,0.00,0.00,0.0,BULLISH,0.0,4414.34,4414.34,4414.34,4414.34,46,CLEARED_>=20s,1.0,0.0,0.0,0.0,0.0,0.0,0.0,PASS_<20%,0.00,0.0,NO,STANDBY_VEL_LOW,0,0.00,4590.00,78.36,FALSE,M1_DIRECTION_MISMATCH
2026-09-07 15:38:46.510,1788795526.510,7923,93,452,4414.34,4414.42,8.0,PASS_<=10c,+0.0,FLAT,+0.0,+0.0,4.2,+0.00,0.00,SLOW,4414.34,4414.34,4414.34,4414.34,0.00,0.00,0.0,BULLISH,0.0,4414.34,4414.34,4414.34,4414.34,46,CLEARED_>=20s,1.0,0.0,0.0,0.0,0.0,0.0,0.0,PASS_<20%,0.00,0.0,NO,STANDBY_VEL_LOW,0,0.00,4590.00,78.36,FALSE,M1_DIRECTION_MISMATCH
2026-09-07 15:38:47.011,1788795527.012,7924,94,453,4414.34,4414.42,8.0,PASS_<=10c,+0.0,FLAT,+0.0,+0.0,4.2,+0.00,0.00,SLOW,4414.34,4414.34,4414.34,4414.34,0.00,0.00,0.0,BULLISH,0.0,4414.34,4414.34,4414.34,4414.34,47,CLEARED_>=20s,1.0,0.0,0.0,0.0,0.0,0.0,0.0,PASS_<20%,0.00,0.0,NO,STANDBY_VEL_LOW,0,0.00,4590.00,78.36,FALSE,M1_DIRECTION_MISMATCH
2026-09-07 15:38:47.513,1788795527.514,7925,95,454,4414.34,4414.42,8.0,PASS_<=10c,+0.0,FLAT,+0.0,+0.0,4.2,+0.00,0.00,SLOW,4414.34,4414.34,4414.34,4414.34,0.00,0.00,0.0,BULLISH,0.0,4414.34,4414.34,4414.34,4414.34,47,CLEARED_>=20s,1.0,0.0,0.0,0.0,0.0,0.0,0.0,PASS_<20%,0.00,0.0,NO,STANDBY_VEL_LOW,0,0.00,4590.00,78.36,FALSE,M1_DIRECTION_MISMATCH
2026-09-07 15:38:48.014,1788795528.015,7926,96,455,4414.34,4414.42,8.0,PASS_<=10c,+0.0,FLAT,+0.0,+0.0,4.2,+0.00,0.00,SLOW,4414.34,4414.34,4414.34,4414.34,0.00,0.00,0.0,BULLISH,0.0,4414.34,4414.34,4414.34,4414.34,48,CLEARED_>=20s,1.0,0.0,0.0,0.0,0.0,0.0,0.0,PASS_<20%,0.00,0.0,NO,STANDBY_VEL_LOW,0,0.00,4590.00,78.36,FALSE,M1_DIRECTION_MISMATCH
2026-09-07 15:38:48.516,1788795528.516,7927,97,456,4414.34,4414.42,8.0,PASS_<=10c,+0.0,FLAT,+0.0,+0.0,4.2,+0.00,0.00,SLOW,4414.34,4414.34,4414.34,4414.34,0.00,0.00,0.0,BULLISH,0.0,4414.34,4414.34,4414.34,4414.34,48,CLEARED_>=20s,1.0,0.0,0.0,0.0,0.0,0.0,0.0,PASS_<20%,0.00,0.0,NO,STANDBY_VEL_LOW,0,0.00,4590.00,78.36,FALSE,M1_DIRECTION_MISMATCH
2026-09-07 15:38:49.017,1788795529.017,7928,98,457,4414.34,4414.42,8.0,PASS_<=10c,+0.0,FLAT,+0.0,+0.0,4.2,+0.00,0.00,SLOW,4414.34,4414.34,4414.34,4414.34,0.00,0.00,0.0,BULLISH,0.0,4414.34,4414.34,4414.34,4414.34,49,CLEARED_>=20s,1.0,0.0,0.0,0.0,0.0,0.0,0.0,PASS_<20%,0.00,0.0,NO,STANDBY_VEL_LOW,0,0.00,4590.00,78.36,FALSE,M1_DIRECTION_MISMATCH
2026-09-07 15:38:49.519,1788795529.519,7929,99,458,4414.34,4414.42,8.0,PASS_<=10c,+0.0,FLAT,+0.0,+0.0,4.2,+0.00,0.00,SLOW,4414.34,4414.34,4414.34,4414.34,0.00,0.00,0.0,BULLISH,0.0,4414.34,4414.34,4414.34,4414.34,49,CLEARED_>=20s,1.0,0.0,0.0,0.0,0.0,0.0,0.0,PASS_<20%,0.00,0.0,NO,STANDBY_VEL_LOW,0,0.00,4590.00,78.36,FALSE,M1_DIRECTION_MISMATCH
2026-09-07 15:38:50.020,1788795530.020,7930,100,459,4414.34,4414.42,8.0,PASS_<=10c,+0.0,FLAT,+0.0,+0.0,4.2,+0.00,0.00,SLOW,4414.34,4414.34,4414.34,4414.34,0.00,0.00,0.0,BULLISH,0.0,4414.34,4414.34,4414.34,4414.34,50,CLEARED_>=20s,1.0,0.0,0.0,0.0,0.0,0.0,0.0,PASS_<20%,0.00,0.0,NO,STANDBY_VEL_LOW,0,0.00,4590.00,78.36,FALSE,M1_DIRECTION_MISMATCH
2026-09-07 15:38:50.522,1788795530.522,7931,101,460,4414.34,4414.42,8.0,PASS_<=10c,+0.0,FLAT,+0.0,+0.0,4.2,+0.00,0.00,SLOW,4414.34,4414.34,4414.34,4414.34,0.00,0.00,0.0,BULLISH,0.0,4414.34,4414.34,4414.34,4414.34,50,CLEARED_>=20s,1.0,0.0,0.0,0.0,0.0,0.0,0.0,PASS_<20%,0.00,0.0,NO,STANDBY_VEL_LOW,0,0.00,4590.00,78.36,FALSE,M1_DIRECTION_MISMATCH
2026-09-07 15:38:51.024,1788795531.024,7932,102,461,4414.34,4414.42,8.0,PASS_<=10c,+0.0,FLAT,+0.0,+0.0,4.2,+0.00,0.00,SLOW,4414.34,4414.34,4414.34,4414.34,0.00,0.00,0.0,BULLISH,0.0,4414.34,4414.34,4414.34,4414.34,51,CLEARED_>=20s,1.0,0.0,0.0,0.0,0.0,0.0,0.0,PASS_<20%,0.00,0.0,NO,STANDBY_VEL_LOW,0,0.00,4590.00,78.36,FALSE,M1_DIRECTION_MISMATCH
2026-09-07 15:38:51.525,1788795531.526,7933,103,462,4414.34,4414.42,8.0,PASS_<=10c,+0.0,FLAT,+0.0,+0.0,4.2,+0.00,0.00,SLOW,4414.34,4414.34,4414.34,4414.34,0.00,0.00,0.0,BULLISH,0.0,4414.34,4414.34,4414.34,4414.34,51,CLEARED_>=20s,1.0,0.0,0.0,0.0,0.0,0.0,0.0,PASS_<20%,0.00,0.0,NO,STANDBY_VEL_LOW,0,0.00,4590.00,78.36,FALSE,M1_DIRECTION_MISMATCH
2026-09-07 15:38:52.027,1788795532.028,7934,104,463,4414.34,4414.42,8.0,PASS_<=10c,+0.0,FLAT,+0.0,+0.0,4.2,+0.00,0.00,SLOW,4414.34,4414.34,4414.34,4414.34,0.00,0.00,0.0,BULLISH,0.0,4414.34,4414.34,4414.34,4414.34,52,CLEARED_>=20s,1.0,0.0,0.0,0.0,0.0,0.0,0.0,PASS_<20%,0.00,0.0,NO,STANDBY_VEL_LOW,0,0.00,4590.00,78.36,FALSE,M1_DIRECTION_MISMATCH
2026-09-07 15:38:52.530,1788795532.530,7935,105,464,4414.34,4414.42,8.0,PASS_<=10c,+0.0,FLAT,+0.0,+0.0,4.2,+0.00,0.00,SLOW,4414.34,4414.34,4414.34,4414.34,0.00,0.00,0.0,BULLISH,0.0,4414.34,4414.34,4414.34,4414.34,52,CLEARED_>=20s,1.0,0.0,0.0,0.0,0.0,0.0,0.0,PASS_<20%,0.00,0.0,NO,STANDBY_VEL_LOW,0,0.00,4590.00,78.36,FALSE,M1_DIRECTION_MISMATCH
2026-09-07 15:38:53.031,1788795533.032,7936,106,465,4414.34,4414.42,8.0,PASS_<=10c,+0.0,FLAT,+0.0,+0.0,4.2,+0.00,0.00,SLOW,4414.34,4414.34,4414.34,4414.34,0.00,0.00,0.0,BULLISH,0.0,4414.34,4414.34,4414.34,4414.34,53,CLEARED_>=20s,1.0,0.0,0.0,0.0,0.0,0.0,0.0,PASS_<20%,0.00,0.0,NO,STANDBY_VEL_LOW,0,0.00,4590.00,78.36,FALSE,M1_DIRECTION_MISMATCH
2026-09-07 15:38:53.532,1788795533.532,7937,107,466,4414.34,4414.42,8.0,PASS_<=10c,+0.0,FLAT,+0.0,+0.0,4.2,+0.00,0.00,SLOW,4414.34,4414.34,4414.34,4414.34,0.00,0.00,0.0,BULLISH,0.0,4414.34,4414.34,4414.34,4414.34,53,CLEARED_>=20s,1.0,0.0,0.0,0.0,0.0,0.0,0.0,PASS_<20%,0.00,0.0,NO,STANDBY_VEL_LOW,0,0.00,4590.00,78.36,FALSE,M1_DIRECTION_MISMATCH
2026-09-07 15:38:54.033,1788795534.034,7938,108,467,4414.34,4414.42,8.0,PASS_<=10c,+0.0,FLAT,+0.0,+0.0,4.2,+0.00,0.00,SLOW,4414.34,4414.34,4414.34,4414.34,0.00,0.00,0.0,BULLISH,0.0,4414.34,4414.34,4414.34,4414.34,54,CLEARED_>=20s,1.0,0.0,0.0,0.0,0.0,0.0,0.0,PASS_<20%,0.00,0.0,NO,STANDBY_VEL_LOW,0,0.00,4590.00,78.36,FALSE,M1_DIRECTION_MISMATCH
2026-09-07 15:38:54.535,1788795534.535,7939,109,468,4414.34,4414.42,8.0,PASS_<=10c,+0.0,FLAT,+0.0,+0.0,4.2,+0.00,0.00,SLOW,4414.34,4414.34,4414.34,4414.34,0.00,0.00,0.0,BULLISH,0.0,4414.34,4414.34,4414.34,4414.34,54,CLEARED_>=20s,1.0,0.0,0.0,0.0,0.0,0.0,0.0,PASS_<20%,0.00,0.0,NO,STANDBY_VEL_LOW,0,0.00,4590.00,78.36,FALSE,M1_DIRECTION_MISMATCH
2026-09-07 15:38:55.037,1788795535.038,7940,110,469,4414.34,4414.42,8.0,PASS_<=10c,+0.0,FLAT,+0.0,+0.0,4.2,+0.00,0.00,SLOW,4414.34,4414.34,4414.34,4414.34,0.00,0.00,0.0,BULLISH,0.0,4414.34,4414.34,4414.34,4414.34,55,CLEARED_>=20s,1.0,0.0,0.0,0.0,0.0,0.0,0.0,PASS_<20%,0.00,0.0,NO,STANDBY_VEL_LOW,0,0.00,4590.00,78.36,FALSE,M1_DIRECTION_MISMATCH
2026-09-07 15:38:55.538,1788795535.539,7941,111,470,4414.34,4414.42,8.0,PASS_<=10c,+0.0,FLAT,+0.0,+0.0,4.2,+0.00,0.00,SLOW,4414.34,4414.34,4414.34,4414.34,0.00,0.00,0.0,BULLISH,0.0,4414.34,4414.34,4414.34,4414.34,55,CLEARED_>=20s,1.0,0.0,0.0,0.0,0.0,0.0,0.0,PASS_<20%,0.00,0.0,NO,STANDBY_VEL_LOW,0,0.00,4590.00,78.36,FALSE,M1_DIRECTION_MISMATCH
2026-09-07 15:38:56.040,1788795536.040,7942,112,471,4414.34,4414.42,8.0,PASS_<=10c,+0.0,FLAT,+0.0,+0.0,4.2,+0.00,0.00,SLOW,4414.34,4414.34,4414.34,4414.34,0.00,0.00,0.0,BULLISH,0.0,4414.34,4414.34,4414.34,4414.34,56,CLEARED_>=20s,1.0,0.0,0.0,0.0,0.0,0.0,0.0,PASS_<20%,0.00,0.0,NO,STANDBY_VEL_LOW,0,0.00,4590.00,78.36,FALSE,M1_DIRECTION_MISMATCH
2026-09-07 15:38:56.542,1788795536.542,7943,113,472,4414.34,4414.42,8.0,PASS_<=10c,+0.0,FLAT,+0.0,+0.0,4.2,+0.00,0.00,SLOW,4414.34,4414.34,4414.34,4414.34,0.00,0.00,0.0,BULLISH,0.0,4414.34,4414.34,4414.34,4414.34,56,CLEARED_>=20s,1.0,0.0,0.0,0.0,0.0,0.0,0.0,PASS_<20%,0.00,0.0,NO,STANDBY_VEL_LOW,0,0.00,4590.00,78.36,FALSE,M1_DIRECTION_MISMATCH
2026-09-07 15:38:57.044,1788795537.044,7944,114,473,4414.34,4414.42,8.0,PASS_<=10c,+0.0,FLAT,+0.0,+0.0,4.2,+0.00,0.00,SLOW,4414.34,4414.34,4414.34,4414.34,0.00,0.00,0.0,BULLISH,0.0,4414.34,4414.34,4414.34,4414.34,57,CLEARED_>=20s,1.0,0.0,0.0,0.0,0.0,0.0,0.0,PASS_<20%,0.00,0.0,NO,STANDBY_VEL_LOW,0,0.00,4590.00,78.36,FALSE,M1_DIRECTION_MISMATCH
2026-09-07 15:38:57.546,1788795537.546,7945,115,474,4414.34,4414.42,8.0,PASS_<=10c,+0.0,FLAT,+0.0,+0.0,4.2,+0.00,0.00,SLOW,4414.34,4414.34,4414.34,4414.34,0.00,0.00,0.0,BULLISH,0.0,4414.34,4414.34,4414.34,4414.34,57,CLEARED_>=20s,1.0,0.0,0.0,0.0,0.0,0.0,0.0,PASS_<20%,0.00,0.0,NO,STANDBY_VEL_LOW,0,0.00,4590.00,78.36,FALSE,M1_DIRECTION_MISMATCH
2026-09-07 15:38:58.047,1788795538.047,7946,116,475,4414.34,4414.42,8.0,PASS_<=10c,+0.0,FLAT,+0.0,+0.0,4.2,+0.00,0.00,SLOW,4414.34,4414.34,4414.34,4414.34,0.00,0.00,0.0,BULLISH,0.0,4414.34,4414.34,4414.34,4414.34,58,CLEARED_>=20s,1.0,0.0,0.0,0.0,0.0,0.0,0.0,PASS_<20%,0.00,0.0,NO,STANDBY_VEL_LOW,0,0.00,4590.00,78.36,FALSE,M1_DIRECTION_MISMATCH
2026-09-07 15:38:58.549,1788795538.549,7947,117,476,4414.34,4414.42,8.0,PASS_<=10c,+0.0,FLAT,+0.0,+0.0,4.2,+0.00,0.00,SLOW,4414.34,4414.34,4414.34,4414.34,0.00,0.00,0.0,BULLISH,0.0,4414.34,4414.34,4414.34,4414.34,58,CLEARED_>=20s,1.0,0.0,0.0,0.0,0.0,0.0,0.0,PASS_<20%,0.00,0.0,NO,STANDBY_VEL_LOW,0,0.00,4590.00,78.36,FALSE,M1_DIRECTION_MISMATCH
2026-09-07 15:38:59.050,1788795539.051,7948,118,477,4414.34,4414.42,8.0,PASS_<=10c,+0.0,FLAT,+0.0,+0.0,4.2,+0.00,0.00,SLOW,4414.34,4414.34,4414.34,4414.34,0.00,0.00,0.0,BULLISH,0.0,4414.34,4414.34,4414.34,4414.34,59,CLEARED_>=20s,1.0,0.0,0.0,0.0,0.0,0.0,0.0,PASS_<20%,0.00,0.0,NO,STANDBY_VEL_LOW,0,0.00,4590.00,78.36,FALSE,M1_DIRECTION_MISMATCH
2026-09-07 15:38:59.553,1788795539.553,7949,119,478,4414.34,4414.42,8.0,PASS_<=10c,+0.0,FLAT,+0.0,+0.0,4.2,+0.00,0.00,SLOW,4414.34,4414.34,4414.34,4414.34,0.00,0.00,0.0,BULLISH,0.0,4414.34,4414.34,4414.34,4414.34,59,CLEARED_>=20s,1.0,0.0,0.0,0.0,0.0,0.0,0.0,PASS_<20%,0.00,0.0,NO,STANDBY_VEL_LOW,0,0.00,4590.00,78.36,FALSE,M1_DIRECTION_MISMATCH
2026-09-07 15:39:00.056,1788795540.057,7950,1,479,4414.34,4414.42,8.0,PASS_<=10c,+0.0,FLAT,+0.0,+0.0,4.2,+0.00,0.00,SLOW,4414.34,4414.34,4414.34,4414.34,0.00,0.00,0.0,BULLISH,0.0,4414.34,4414.34,4414.34,4414.34,0,ACTIVE_0s,1.0,0.0,0.0,0.0,0.0,0.0,0.0,PASS_<20%,0.00,0.0,NO,STANDBY_VEL_LOW,0,0.00,4590.00,78.36,FALSE,M1_DIRECTION_MISMATCH|OPENING_SHIELD_ACTIVE_0s
2026-09-07 15:39:00.556,1788795540.557,7951,2,480,4414.34,4414.42,8.0,PASS_<=10c,+0.0,FLAT,+0.0,+0.0,4.2,+0.00,0.00,SLOW,4414.34,4414.34,4414.34,4414.34,0.00,0.00,0.0,BULLISH,0.0,4414.34,4414.34,4414.34,4414.34,0,ACTIVE_0s,1.0,0.0,0.0,0.0,0.0,0.0,0.0,PASS_<20%,0.00,0.0,NO,STANDBY_VEL_LOW,0,0.00,4590.00,78.36,FALSE,M1_DIRECTION_MISMATCH|OPENING_SHIELD_ACTIVE_0s
2026-09-07 15:39:01.059,1788795541.059,7952,3,481,4414.34,4414.42,8.0,PASS_<=10c,+0.0,FLAT,+0.0,+0.0,4.2,+0.00,0.00,SLOW,4414.34,4414.34,4414.34,4414.34,0.00,0.00,0.0,BULLISH,0.0,4414.34,4414.34,4414.34,4414.34,1,ACTIVE_1s,1.0,0.0,0.0,0.0,0.0,0.0,0.0,PASS_<20%,0.00,0.0,NO,STANDBY_VEL_LOW,0,0.00,4590.00,78.36,FALSE,M1_DIRECTION_MISMATCH|OPENING_SHIELD_ACTIVE_1s
2026-09-07 15:39:01.560,1788795541.561,7953,4,482,4414.34,4414.42,8.0,PASS_<=10c,+0.0,FLAT,+0.0,+0.0,4.2,+0.00,0.00,SLOW,4414.34,4414.34,4414.34,4414.34,0.00,0.00,0.0,BULLISH,0.0,4414.34,4414.34,4414.34,4414.34,1,ACTIVE_1s,1.0,0.0,0.0,0.0,0.0,0.0,0.0,PASS_<20%,0.00,0.0,NO,STANDBY_VEL_LOW,0,0.00,4590.00,78.36,FALSE,M1_DIRECTION_MISMATCH|OPENING_SHIELD_ACTIVE_1s
2026-09-07 15:39:02.062,1788795542.063,7954,5,483,4414.34,4414.42,8.0,PASS_<=10c,+0.0,FLAT,+0.0,+0.0,4.2,+0.00,0.00,SLOW,4414.34,4414.34,4414.34,4414.34,0.00,0.00,0.0,BULLISH,0.0,4414.34,4414.34,4414.34,4414.34,2,ACTIVE_2s,1.0,0.0,0.0,0.0,0.0,0.0,0.0,PASS_<20%,0.00,0.0,NO,STANDBY_VEL_LOW,0,0.00,4590.00,78.36,FALSE,M1_DIRECTION_MISMATCH|OPENING_SHIELD_ACTIVE_2s
2026-09-07 15:39:02.564,1788795542.564,7955,6,484,4414.34,4414.42,8.0,PASS_<=10c,+0.0,FLAT,+0.0,+0.0,4.2,+0.00,0.00,SLOW,4414.34,4414.34,4414.34,4414.34,0.00,0.00,0.0,BULLISH,0.0,4414.34,4414.34,4414.34,4414.34,2,ACTIVE_2s,1.0,0.0,0.0,0.0,0.0,0.0,0.0,PASS_<20%,0.00,0.0,NO,STANDBY_VEL_LOW,0,0.00,4590.00,78.36,FALSE,M1_DIRECTION_MISMATCH|OPENING_SHIELD_ACTIVE_2s
2026-09-07 15:39:03.065,1788795543.066,7956,7,485,4414.34,4414.42,8.0,PASS_<=10c,+0.0,FLAT,+0.0,+0.0,4.2,+0.00,0.00,SLOW,4414.34,4414.34,4414.34,4414.34,0.00,0.00,0.0,BULLISH,0.0,4414.34,4414.34,4414.34,4414.34,3,ACTIVE_3s,1.0,0.0,0.0,0.0,0.0,0.0,0.0,PASS_<20%,0.00,0.0,NO,STANDBY_VEL_LOW,0,0.00,4590.00,78.36,FALSE,M1_DIRECTION_MISMATCH|OPENING_SHIELD_ACTIVE_3s
2026-09-07 15:39:03.568,1788795543.568,7957,8,486,4414.34,4414.42,8.0,PASS_<=10c,+0.0,FLAT,+0.0,+0.0,4.2,+0.00,0.00,SLOW,4414.34,4414.34,4414.34,4414.34,0.00,0.00,0.0,BULLISH,0.0,4414.34,4414.34,4414.34,4414.34,3,ACTIVE_3s,1.0,0.0,0.0,0.0,0.0,0.0,0.0,PASS_<20%,0.00,0.0,NO,STANDBY_VEL_LOW,0,0.00,4590.00,78.36,FALSE,M1_DIRECTION_MISMATCH|OPENING_SHIELD_ACTIVE_3s
2026-09-07 15:39:04.069,1788795544.069,7958,9,487,4414.34,4414.42,8.0,PASS_<=10c,+0.0,FLAT,+0.0,+0.0,4.2,+0.00,0.00,SLOW,4414.34,4414.34,4414.34,4414.34,0.00,0.00,0.0,BULLISH,0.0,4414.34,4414.34,4414.34,4414.34,4,ACTIVE_4s,1.0,0.0,0.0,0.0,0.0,0.0,0.0,PASS_<20%,0.00,0.0,NO,STANDBY_VEL_LOW,0,0.00,4590.00,78.36,FALSE,M1_DIRECTION_MISMATCH|OPENING_SHIELD_ACTIVE_4s
2026-09-07 15:39:04.571,1788795544.571,7959,10,488,4414.34,4414.42,8.0,PASS_<=10c,+0.0,FLAT,+0.0,+0.0,4.2,+0.00,0.00,SLOW,4414.34,4414.34,4414.34,4414.34,0.00,0.00,0.0,BULLISH,0.0,4414.34,4414.34,4414.34,4414.34,4,ACTIVE_4s,1.0,0.0,0.0,0.0,0.0,0.0,0.0,PASS_<20%,0.00,0.0,NO,STANDBY_VEL_LOW,0,0.00,4590.00,78.36,FALSE,M1_DIRECTION_MISMATCH|OPENING_SHIELD_ACTIVE_4s
2026-09-07 15:39:05.071,1788795545.072,7960,11,489,4414.34,4414.42,8.0,PASS_<=10c,+0.0,FLAT,+0.0,+0.0,4.2,+0.00,0.00,SLOW,4414.34,4414.34,4414.34,4414.34,0.00,0.00,0.0,BULLISH,0.0,4414.34,4414.34,4414.34,4414.34,5,ACTIVE_5s,1.0,0.0,0.0,0.0,0.0,0.0,0.0,PASS_<20%,0.00,0.0,NO,STANDBY_VEL_LOW,0,0.00,4590.00,78.36,FALSE,M1_DIRECTION_MISMATCH|OPENING_SHIELD_ACTIVE_5s
2026-09-07 15:39:05.572,1788795545.572,7961,12,490,4414.34,4414.42,8.0,PASS_<=10c,+0.0,FLAT,+0.0,+0.0,4.2,+0.00,0.00,SLOW,4414.34,4414.34,4414.34,4414.34,0.00,0.00,0.0,BULLISH,0.0,4414.34,4414.34,4414.34,4414.34,5,ACTIVE_5s,1.0,0.0,0.0,0.0,0.0,0.0,0.0,PASS_<20%,0.00,0.0,NO,STANDBY_VEL_LOW,0,0.00,4590.00,78.36,FALSE,M1_DIRECTION_MISMATCH|OPENING_SHIELD_ACTIVE_5s
2026-09-07 15:39:06.074,1788795546.074,7962,13,491,4414.34,4414.42,8.0,PASS_<=10c,+0.0,FLAT,+0.0,+0.0,4.2,+0.00,0.00,SLOW,4414.34,4414.34,4414.34,4414.34,0.00,0.00,0.0,BULLISH,0.0,4414.34,4414.34,4414.34,4414.34,6,ACTIVE_6s,1.0,0.0,0.0,0.0,0.0,0.0,0.0,PASS_<20%,0.00,0.0,NO,STANDBY_VEL_LOW,0,0.00,4590.00,78.36,FALSE,M1_DIRECTION_MISMATCH|OPENING_SHIELD_ACTIVE_6s
2026-09-07 15:39:06.577,1788795546.577,7963,14,492,4414.34,4414.42,8.0,PASS_<=10c,+0.0,FLAT,+0.0,+0.0,4.2,+0.00,0.00,SLOW,4414.34,4414.34,4414.34,4414.34,0.00,0.00,0.0,BULLISH,0.0,4414.34,4414.34,4414.34,4414.34,6,ACTIVE_6s,1.0,0.0,0.0,0.0,0.0,0.0,0.0,PASS_<20%,0.00,0.0,NO,STANDBY_VEL_LOW,0,0.00,4590.00,78.36,FALSE,M1_DIRECTION_MISMATCH|OPENING_SHIELD_ACTIVE_6s
2026-09-07 15:39:07.078,1788795547.078,7964,15,493,4414.34,4414.42,8.0,PASS_<=10c,+0.0,FLAT,+0.0,+0.0,4.2,+0.00,0.00,SLOW,4414.34,4414.34,4414.34,4414.34,0.00,0.00,0.0,BULLISH,0.0,4414.34,4414.34,4414.34,4414.34,7,ACTIVE_7s,1.0,0.0,0.0,0.0,0.0,0.0,0.0,PASS_<20%,0.00,0.0,NO,STANDBY_VEL_LOW,0,0.00,4590.00,78.36,FALSE,M1_DIRECTION_MISMATCH|OPENING_SHIELD_ACTIVE_7s
2026-09-07 15:39:07.579,1788795547.580,7965,16,494,4414.34,4414.42,8.0,PASS_<=10c,+0.0,FLAT,+0.0,+0.0,4.2,+0.00,0.00,SLOW,4414.34,4414.34,4414.34,4414.34,0.00,0.00,0.0,BULLISH,0.0,4414.34,4414.34,4414.34,4414.34,7,ACTIVE_7s,1.0,0.0,0.0,0.0,0.0,0.0,0.0,PASS_<20%,0.00,0.0,NO,STANDBY_VEL_LOW,0,0.00,4590.00,78.36,FALSE,M1_DIRECTION_MISMATCH|OPENING_SHIELD_ACTIVE_7s
2026-09-07 15:39:08.082,1788795548.082,7966,17,495,4414.34,4414.42,8.0,PASS_<=10c,+0.0,FLAT,+0.0,+0.0,4.2,+0.00,0.00,SLOW,4414.34,4414.34,4414.34,4414.34,0.00,0.00,0.0,BULLISH,0.0,4414.34,4414.34,4414.34,4414.34,8,ACTIVE_8s,1.0,0.0,0.0,0.0,0.0,0.0,0.0,PASS_<20%,0.00,0.0,NO,STANDBY_VEL_LOW,0,0.00,4590.00,78.36,FALSE,M1_DIRECTION_MISMATCH|OPENING_SHIELD_ACTIVE_8s
2026-09-07 15:39:08.583,1788795548.583,7967,18,496,4414.34,4414.42,8.0,PASS_<=10c,+0.0,FLAT,+0.0,+0.0,4.2,+0.00,0.00,SLOW,4414.34,4414.34,4414.34,4414.34,0.00,0.00,0.0,BULLISH,0.0,4414.34,4414.34,4414.34,4414.34,8,ACTIVE_8s,1.0,0.0,0.0,0.0,0.0,0.0,0.0,PASS_<20%,0.00,0.0,NO,STANDBY_VEL_LOW,0,0.00,4590.00,78.36,FALSE,M1_DIRECTION_MISMATCH|OPENING_SHIELD_ACTIVE_8s
2026-09-07 15:39:09.085,1788795549.085,7968,19,497,4414.34,4414.42,8.0,PASS_<=10c,+0.0,FLAT,+0.0,+0.0,4.2,+0.00,0.00,SLOW,4414.34,4414.34,4414.34,4414.34,0.00,0.00,0.0,BULLISH,0.0,4414.34,4414.34,4414.34,4414.34,9,ACTIVE_9s,1.0,0.0,0.0,0.0,0.0,0.0,0.0,PASS_<20%,0.00,0.0,NO,STANDBY_VEL_LOW,0,0.00,4590.00,78.36,FALSE,M1_DIRECTION_MISMATCH|OPENING_SHIELD_ACTIVE_9s
2026-09-07 15:39:09.586,1788795549.587,7969,20,498,4414.34,4414.42,8.0,PASS_<=10c,+0.0,FLAT,+0.0,+0.0,4.2,+0.00,0.00,SLOW,4414.34,4414.34,4414.34,4414.34,0.00,0.00,0.0,BULLISH,0.0,4414.34,4414.34,4414.34,4414.34,9,ACTIVE_9s,1.0,0.0,0.0,0.0,0.0,0.0,0.0,PASS_<20%,0.00,0.0,NO,STANDBY_VEL_LOW,0,0.00,4590.00,78.36,FALSE,M1_DIRECTION_MISMATCH|OPENING_SHIELD_ACTIVE_9s
2026-09-07 15:39:10.088,1788795550.088,7970,21,499,4414.34,4414.42,8.0,PASS_<=10c,+0.0,FLAT,+0.0,+0.0,4.2,+0.00,0.00,SLOW,4414.34,4414.34,4414.34,4414.34,0.00,0.00,0.0,BULLISH,0.0,4414.34,4414.34,4414.34,4414.34,10,ACTIVE_10s,1.0,0.0,0.0,0.0,0.0,0.0,0.0,PASS_<20%,0.00,0.0,NO,STANDBY_VEL_LOW,0,0.00,4590.00,78.36,FALSE,M1_DIRECTION_MISMATCH|OPENING_SHIELD_ACTIVE_10s
2026-09-07 15:39:10.589,1788795550.590,7971,22,500,4414.34,4414.42,8.0,PASS_<=10c,+0.0,FLAT,+0.0,+0.0,4.2,+0.00,0.00,SLOW,4414.34,4414.34,4414.34,4414.34,0.00,0.00,0.0,BULLISH,0.0,4414.34,4414.34,4414.34,4414.34,10,ACTIVE_10s,1.0,0.0,0.0,0.0,0.0,0.0,0.0,PASS_<20%,0.00,0.0,NO,STANDBY_VEL_LOW,0,0.00,4590.00,78.36,FALSE,M1_DIRECTION_MISMATCH|OPENING_SHIELD_ACTIVE_10s
2026-09-07 15:39:11.092,1788795551.093,7972,23,501,4414.34,4414.42,8.0,PASS_<=10c,+0.0,FLAT,+0.0,+0.0,4.2,+0.00,0.00,SLOW,4414.34,4414.34,4414.34,4414.34,0.00,0.00,0.0,BULLISH,0.0,4414.34,4414.34,4414.34,4414.34,11,ACTIVE_11s,1.0,0.0,0.0,0.0,0.0,0.0,0.0,PASS_<20%,0.00,0.0,NO,STANDBY_VEL_LOW,0,0.00,4590.00,78.36,FALSE,M1_DIRECTION_MISMATCH|OPENING_SHIELD_ACTIVE_11s
2026-09-07 15:39:11.594,1788795551.595,7973,24,502,4414.34,4414.42,8.0,PASS_<=10c,+0.0,FLAT,+0.0,+0.0,4.2,+0.00,0.00,SLOW,4414.34,4414.34,4414.34,4414.34,0.00,0.00,0.0,BULLISH,0.0,4414.34,4414.34,4414.34,4414.34,11,ACTIVE_11s,1.0,0.0,0.0,0.0,0.0,0.0,0.0,PASS_<20%,0.00,0.0,NO,STANDBY_VEL_LOW,0,0.00,4590.00,78.36,FALSE,M1_DIRECTION_MISMATCH|OPENING_SHIELD_ACTIVE_11s
2026-09-07 15:39:12.099,1788795552.100,7974,25,503,4414.34,4414.42,8.0,PASS_<=10c,+0.0,FLAT,+0.0,+0.0,4.2,+0.00,0.00,SLOW,4414.34,4414.34,4414.34,4414.34,0.00,0.00,0.0,BULLISH,0.0,4414.34,4414.34,4414.34,4414.34,12,ACTIVE_12s,1.0,0.0,0.0,0.0,0.0,0.0,0.0,PASS_<20%,0.00,0.0,NO,STANDBY_VEL_LOW,0,0.00,4590.00,78.36,FALSE,M1_DIRECTION_MISMATCH|OPENING_SHIELD_ACTIVE_12s
2026-09-07 15:39:12.597,1788795552.598,7975,26,504,4414.34,4414.42,8.0,PASS_<=10c,+0.0,FLAT,+0.0,+0.0,4.2,+0.00,0.00,SLOW,4414.34,4414.34,4414.34,4414.34,0.00,0.00,0.0,BULLISH,0.0,4414.34,4414.34,4414.34,4414.34,12,ACTIVE_12s,1.0,0.0,0.0,0.0,0.0,0.0,0.0,PASS_<20%,0.00,0.0,NO,STANDBY_VEL_LOW,0,0.00,4590.00,78.36,FALSE,M1_DIRECTION_MISMATCH|OPENING_SHIELD_ACTIVE_12s
2026-09-07 15:39:13.099,1788795553.100,7976,27,505,4414.34,4414.42,8.0,PASS_<=10c,+0.0,FLAT,+0.0,+0.0,4.2,+0.00,0.00,SLOW,4414.34,4414.34,4414.34,4414.34,0.00,0.00,0.0,BULLISH,0.0,4414.34,4414.34,4414.34,4414.34,13,ACTIVE_13s,1.0,0.0,0.0,0.0,0.0,0.0,0.0,PASS_<20%,0.00,0.0,NO,STANDBY_VEL_LOW,0,0.00,4590.00,78.36,FALSE,M1_DIRECTION_MISMATCH|OPENING_SHIELD_ACTIVE_13s
2026-09-07 15:39:13.600,1788795553.601,7977,28,506,4414.34,4414.42,8.0,PASS_<=10c,+0.0,FLAT,+0.0,+0.0,4.2,+0.00,0.00,SLOW,4414.34,4414.34,4414.34,4414.34,0.00,0.00,0.0,BULLISH,0.0,4414.34,4414.34,4414.34,4414.34,13,ACTIVE_13s,1.0,0.0,0.0,0.0,0.0,0.0,0.0,PASS_<20%,0.00,0.0,NO,STANDBY_VEL_LOW,0,0.00,4590.00,78.36,FALSE,M1_DIRECTION_MISMATCH|OPENING_SHIELD_ACTIVE_13s
2026-09-07 15:39:14.102,1788795554.103,7978,29,507,4414.34,4414.42,8.0,PASS_<=10c,+0.0,FLAT,+0.0,+0.0,4.2,+0.00,0.00,SLOW,4414.34,4414.34,4414.34,4414.34,0.00,0.00,0.0,BULLISH,0.0,4414.34,4414.34,4414.34,4414.34,14,ACTIVE_14s,1.0,0.0,0.0,0.0,0.0,0.0,0.0,PASS_<20%,0.00,0.0,NO,STANDBY_VEL_LOW,0,0.00,4590.00,78.36,FALSE,M1_DIRECTION_MISMATCH|OPENING_SHIELD_ACTIVE_14s
2026-09-07 15:39:14.604,1788795554.604,7979,30,508,4414.34,4414.42,8.0,PASS_<=10c,+0.0,FLAT,+0.0,+0.0,4.2,+0.00,0.00,SLOW,4414.34,4414.34,4414.34,4414.34,0.00,0.00,0.0,BULLISH,0.0,4414.34,4414.34,4414.34,4414.34,14,ACTIVE_14s,1.0,0.0,0.0,0.0,0.0,0.0,0.0,PASS_<20%,0.00,0.0,NO,STANDBY_VEL_LOW,0,0.00,4590.00,78.36,FALSE,M1_DIRECTION_MISMATCH|OPENING_SHIELD_ACTIVE_14s
2026-09-07 15:39:15.104,1788795555.105,7980,31,509,4414.34,4414.42,8.0,PASS_<=10c,+0.0,FLAT,+0.0,+0.0,4.2,+0.00,0.00,SLOW,4414.34,4414.34,4414.34,4414.34,0.00,0.00,0.0,BULLISH,0.0,4414.34,4414.34,4414.34,4414.34,15,ACTIVE_15s,1.0,0.0,0.0,0.0,0.0,0.0,0.0,PASS_<20%,0.00,0.0,NO,STANDBY_VEL_LOW,0,0.00,4590.00,78.36,FALSE,M1_DIRECTION_MISMATCH|OPENING_SHIELD_ACTIVE_15s
2026-09-07 15:39:15.606,1788795555.606,7981,32,510,4414.34,4414.42,8.0,PASS_<=10c,+0.0,FLAT,+0.0,+0.0,4.2,+0.00,0.00,SLOW,4414.34,4414.34,4414.34,4414.34,0.00,0.00,0.0,BULLISH,0.0,4414.34,4414.34,4414.34,4414.34,15,ACTIVE_15s,1.0,0.0,0.0,0.0,0.0,0.0,0.0,PASS_<20%,0.00,0.0,NO,STANDBY_VEL_LOW,0,0.00,4590.00,78.36,FALSE,M1_DIRECTION_MISMATCH|OPENING_SHIELD_ACTIVE_15s
2026-09-07 15:39:16.108,1788795556.108,7982,33,511,4414.34,4414.42,8.0,PASS_<=10c,+0.0,FLAT,+0.0,+0.0,4.2,+0.00,0.00,SLOW,4414.34,4414.34,4414.34,4414.34,0.00,0.00,0.0,BULLISH,0.0,4414.34,4414.34,4414.34,4414.34,16,ACTIVE_16s,1.0,0.0,0.0,0.0,0.0,0.0,0.0,PASS_<20%,0.00,0.0,NO,STANDBY_VEL_LOW,0,0.00,4590.00,78.36,FALSE,M1_DIRECTION_MISMATCH|OPENING_SHIELD_ACTIVE_16s
2026-09-07 15:39:16.609,1788795556.610,7983,34,512,4414.34,4414.42,8.0,PASS_<=10c,+0.0,FLAT,+0.0,+0.0,4.2,+0.00,0.00,SLOW,4414.34,4414.34,4414.34,4414.34,0.00,0.00,0.0,BULLISH,0.0,4414.34,4414.34,4414.34,4414.34,16,ACTIVE_16s,1.0,0.0,0.0,0.0,0.0,0.0,0.0,PASS_<20%,0.00,0.0,NO,STANDBY_VEL_LOW,0,0.00,4590.00,78.36,FALSE,M1_DIRECTION_MISMATCH|OPENING_SHIELD_ACTIVE_16s
2026-09-07 15:39:17.111,1788795557.112,7984,35,513,4414.34,4414.42,8.0,PASS_<=10c,+0.0,FLAT,+0.0,+0.0,4.2,+0.00,0.00,SLOW,4414.34,4414.34,4414.34,4414.34,0.00,0.00,0.0,BULLISH,0.0,4414.34,4414.34,4414.34,4414.34,17,ACTIVE_17s,1.0,0.0,0.0,0.0,0.0,0.0,0.0,PASS_<20%,0.00,0.0,NO,STANDBY_VEL_LOW,0,0.00,4590.00,78.36,FALSE,M1_DIRECTION_MISMATCH|OPENING_SHIELD_ACTIVE_17s
2026-09-07 15:39:17.613,1788795557.614,7985,36,514,4414.34,4414.42,8.0,PASS_<=10c,+0.0,FLAT,+0.0,+0.0,4.2,+0.00,0.00,SLOW,4414.34,4414.34,4414.34,4414.34,0.00,0.00,0.0,BULLISH,0.0,4414.34,4414.34,4414.34,4414.34,17,ACTIVE_17s,1.0,0.0,0.0,0.0,0.0,0.0,0.0,PASS_<20%,0.00,0.0,NO,STANDBY_VEL_LOW,0,0.00,4590.00,78.36,FALSE,M1_DIRECTION_MISMATCH|OPENING_SHIELD_ACTIVE_17s
2026-09-07 15:39:18.115,1788795558.116,7986,37,515,4414.34,4414.42,8.0,PASS_<=10c,+0.0,FLAT,+0.0,+0.0,4.2,+0.00,0.00,SLOW,4414.34,4414.34,4414.34,4414.34,0.00,0.00,0.0,BULLISH,0.0,4414.34,4414.34,4414.34,4414.34,18,ACTIVE_18s,1.0,0.0,0.0,0.0,0.0,0.0,0.0,PASS_<20%,0.00,0.0,NO,STANDBY_VEL_LOW,0,0.00,4590.00,78.36,FALSE,M1_DIRECTION_MISMATCH|OPENING_SHIELD_ACTIVE_18s
2026-09-07 15:39:18.616,1788795558.617,7987,38,516,4414.34,4414.42,8.0,PASS_<=10c,+0.0,FLAT,+0.0,+0.0,4.2,+0.00,0.00,SLOW,4414.34,4414.34,4414.34,4414.34,0.00,0.00,0.0,BULLISH,0.0,4414.34,4414.34,4414.34,4414.34,18,ACTIVE_18s,1.0,0.0,0.0,0.0,0.0,0.0,0.0,PASS_<20%,0.00,0.0,NO,STANDBY_VEL_LOW,0,0.00,4590.00,78.36,FALSE,M1_DIRECTION_MISMATCH|OPENING_SHIELD_ACTIVE_18s
2026-09-07 15:39:19.117,1788795559.118,7988,39,517,4414.34,4414.42,8.0,PASS_<=10c,+0.0,FLAT,+0.0,+0.0,4.2,+0.00,0.00,SLOW,4414.34,4414.34,4414.34,4414.34,0.00,0.00,0.0,BULLISH,0.0,4414.34,4414.34,4414.34,4414.34,19,ACTIVE_19s,1.0,0.0,0.0,0.0,0.0,0.0,0.0,PASS_<20%,0.00,0.0,NO,STANDBY_VEL_LOW,0,0.00,4590.00,78.36,FALSE,M1_DIRECTION_MISMATCH|OPENING_SHIELD_ACTIVE_19s
2026-09-07 15:39:19.619,1788795559.620,7989,40,518,4414.34,4414.42,8.0,PASS_<=10c,+0.0,FLAT,+0.0,+0.0,4.2,+0.00,0.00,SLOW,4414.34,4414.34,4414.34,4414.34,0.00,0.00,0.0,BULLISH,0.0,4414.34,4414.34,4414.34,4414.34,19,ACTIVE_19s,1.0,0.0,0.0,0.0,0.0,0.0,0.0,PASS_<20%,0.00,0.0,NO,STANDBY_VEL_LOW,0,0.00,4590.00,78.36,FALSE,M1_DIRECTION_MISMATCH|OPENING_SHIELD_ACTIVE_19s
2026-09-07 15:39:20.121,1788795560.122,7990,41,519,4414.34,4414.42,8.0,PASS_<=10c,+0.0,FLAT,+0.0,+0.0,4.2,+0.00,0.00,SLOW,4414.34,4414.34,4414.34,4414.34,0.00,0.00,0.0,BULLISH,0.0,4414.34,4414.34,4414.34,4414.34,20,CLEARED_>=20s,1.0,0.0,0.0,0.0,0.0,0.0,0.0,PASS_<20%,0.00,0.0,NO,STANDBY_VEL_LOW,0,0.00,4590.00,78.36,FALSE,M1_DIRECTION_MISMATCH
2026-09-07 15:39:20.623,1788795560.623,7991,42,520,4414.34,4414.42,8.0,PASS_<=10c,+0.0,FLAT,+0.0,+0.0,4.2,+0.00,0.00,SLOW,4414.34,4414.34,4414.34,4414.34,0.00,0.00,0.0,BULLISH,0.0,4414.34,4414.34,4414.34,4414.34,20,CLEARED_>=20s,1.0,0.0,0.0,0.0,0.0,0.0,0.0,PASS_<20%,0.00,0.0,NO,STANDBY_VEL_LOW,0,0.00,4590.00,78.36,FALSE,M1_DIRECTION_MISMATCH
2026-09-07 15:39:21.125,1788795561.126,7992,43,521,4414.34,4414.42,8.0,PASS_<=10c,+0.0,FLAT,+0.0,+0.0,4.2,+0.00,0.00,SLOW,4414.34,4414.34,4414.34,4414.34,0.00,0.00,0.0,BULLISH,0.0,4414.34,4414.34,4414.34,4414.34,21,CLEARED_>=20s,1.0,0.0,0.0,0.0,0.0,0.0,0.0,PASS_<20%,0.00,0.0,NO,STANDBY_VEL_LOW,0,0.00,4590.00,78.36,FALSE,M1_DIRECTION_MISMATCH
2026-09-07 15:39:21.628,1788795561.629,7993,44,522,4414.34,4414.42,8.0,PASS_<=10c,+0.0,FLAT,+0.0,+0.0,4.2,+0.00,0.00,SLOW,4414.34,4414.34,4414.34,4414.34,0.00,0.00,0.0,BULLISH,0.0,4414.34,4414.34,4414.34,4414.34,21,CLEARED_>=20s,1.0,0.0,0.0,0.0,0.0,0.0,0.0,PASS_<20%,0.00,0.0,NO,STANDBY_VEL_LOW,0,0.00,4590.00,78.36,FALSE,M1_DIRECTION_MISMATCH
2026-09-07 15:39:22.128,1788795562.129,7994,45,523,4414.34,4414.42,8.0,PASS_<=10c,+0.0,FLAT,+0.0,+0.0,4.2,+0.00,0.00,SLOW,4414.34,4414.34,4414.34,4414.34,0.00,0.00,0.0,BULLISH,0.0,4414.34,4414.34,4414.34,4414.34,22,CLEARED_>=20s,1.0,0.0,0.0,0.0,0.0,0.0,0.0,PASS_<20%,0.00,0.0,NO,STANDBY_VEL_LOW,0,0.00,4590.00,78.36,FALSE,M1_DIRECTION_MISMATCH
2026-09-07 15:39:22.629,1788795562.629,7995,46,524,4414.34,4414.42,8.0,PASS_<=10c,+0.0,FLAT,+0.0,+0.0,4.2,+0.00,0.00,SLOW,4414.34,4414.34,4414.34,4414.34,0.00,0.00,0.0,BULLISH,0.0,4414.34,4414.34,4414.34,4414.34,22,CLEARED_>=20s,1.0,0.0,0.0,0.0,0.0,0.0,0.0,PASS_<20%,0.00,0.0,NO,STANDBY_VEL_LOW,0,0.00,4590.00,78.36,FALSE,M1_DIRECTION_MISMATCH
2026-09-07 15:39:23.130,1788795563.131,7996,47,525,4414.34,4414.42,8.0,PASS_<=10c,+0.0,FLAT,+0.0,+0.0,4.2,+0.00,0.00,SLOW,4414.34,4414.34,4414.34,4414.34,0.00,0.00,0.0,BULLISH,0.0,4414.34,4414.34,4414.34,4414.34,23,CLEARED_>=20s,1.0,0.0,0.0,0.0,0.0,0.0,0.0,PASS_<20%,0.00,0.0,NO,STANDBY_VEL_LOW,0,0.00,4590.00,78.36,FALSE,M1_DIRECTION_MISMATCH
2026-09-07 15:39:23.632,1788795563.632,7997,48,526,4414.34,4414.42,8.0,PASS_<=10c,+0.0,FLAT,+0.0,+0.0,4.2,+0.00,0.00,SLOW,4414.34,4414.34,4414.34,4414.34,0.00,0.00,0.0,BULLISH,0.0,4414.34,4414.34,4414.34,4414.34,23,CLEARED_>=20s,1.0,0.0,0.0,0.0,0.0,0.0,0.0,PASS_<20%,0.00,0.0,NO,STANDBY_VEL_LOW,0,0.00,4590.00,78.36,FALSE,M1_DIRECTION_MISMATCH
2026-09-07 15:39:24.134,1788795564.134,7998,49,527,4414.34,4414.42,8.0,PASS_<=10c,+0.0,FLAT,+0.0,+0.0,4.2,+0.00,0.00,SLOW,4414.34,4414.34,4414.34,4414.34,0.00,0.00,0.0,BULLISH,0.0,4414.34,4414.34,4414.34,4414.34,24,CLEARED_>=20s,1.0,0.0,0.0,0.0,0.0,0.0,0.0,PASS_<20%,0.00,0.0,NO,STANDBY_VEL_LOW,0,0.00,4590.00,78.36,FALSE,M1_DIRECTION_MISMATCH
2026-09-07 15:39:24.635,1788795564.636,7999,50,528,4414.34,4414.42,8.0,PASS_<=10c,+0.0,FLAT,+0.0,+0.0,4.2,+0.00,0.00,SLOW,4414.34,4414.34,4414.34,4414.34,0.00,0.00,0.0,BULLISH,0.0,4414.34,4414.34,4414.34,4414.34,24,CLEARED_>=20s,1.0,0.0,0.0,0.0,0.0,0.0,0.0,PASS_<20%,0.00,0.0,NO,STANDBY_VEL_LOW,0,0.00,4590.00,78.36,FALSE,M1_DIRECTION_MISMATCH
2026-09-07 15:39:25.137,1788795565.137,8000,51,529,4414.34,4414.42,8.0,PASS_<=10c,+0.0,FLAT,+0.0,+0.0,4.2,+0.00,0.00,SLOW,4414.34,4414.34,4414.34,4414.34,0.00,0.00,0.0,BULLISH,0.0,4414.34,4414.34,4414.34,4414.34,25,CLEARED_>=20s,1.0,0.0,0.0,0.0,0.0,0.0,0.0,PASS_<20%,0.00,0.0,NO,STANDBY_VEL_LOW,0,0.00,4590.00,78.36,FALSE,M1_DIRECTION_MISMATCH
2026-09-07 15:39:25.638,1788795565.638,8001,52,530,4414.34,4414.42,8.0,PASS_<=10c,+0.0,FLAT,+0.0,+0.0,4.2,+0.00,0.00,SLOW,4414.34,4414.34,4414.34,4414.34,0.00,0.00,0.0,BULLISH,0.0,4414.34,4414.34,4414.34,4414.34,25,CLEARED_>=20s,1.0,0.0,0.0,0.0,0.0,0.0,0.0,PASS_<20%,0.00,0.0,NO,STANDBY_VEL_LOW,0,0.00,4590.00,78.36,FALSE,M1_DIRECTION_MISMATCH
2026-09-07 15:39:26.140,1788795566.141,8002,53,531,4414.34,4414.42,8.0,PASS_<=10c,+0.0,FLAT,+0.0,+0.0,4.2,+0.00,0.00,SLOW,4414.34,4414.34,4414.34,4414.34,0.00,0.00,0.0,BULLISH,0.0,4414.34,4414.34,4414.34,4414.34,26,CLEARED_>=20s,1.0,0.0,0.0,0.0,0.0,0.0,0.0,PASS_<20%,0.00,0.0,NO,STANDBY_VEL_LOW,0,0.00,4590.00,78.36,FALSE,M1_DIRECTION_MISMATCH
2026-09-07 15:39:26.642,1788795566.642,8003,54,532,4414.34,4414.42,8.0,PASS_<=10c,+0.0,FLAT,+0.0,+0.0,4.2,+0.00,0.00,SLOW,4414.34,4414.34,4414.34,4414.34,0.00,0.00,0.0,BULLISH,0.0,4414.34,4414.34,4414.34,4414.34,26,CLEARED_>=20s,1.0,0.0,0.0,0.0,0.0,0.0,0.0,PASS_<20%,0.00,0.0,NO,STANDBY_VEL_LOW,0,0.00,4590.00,78.36,FALSE,M1_DIRECTION_MISMATCH
2026-09-07 15:39:27.143,1788795567.143,8004,55,533,4414.34,4414.42,8.0,PASS_<=10c,+0.0,FLAT,+0.0,+0.0,4.2,+0.00,0.00,SLOW,4414.34,4414.34,4414.34,4414.34,0.00,0.00,0.0,BULLISH,0.0,4414.34,4414.34,4414.34,4414.34,27,CLEARED_>=20s,1.0,0.0,0.0,0.0,0.0,0.0,0.0,PASS_<20%,0.00,0.0,NO,STANDBY_VEL_LOW,0,0.00,4590.00,78.36,FALSE,M1_DIRECTION_MISMATCH
2026-09-07 15:39:27.644,1788795567.644,8005,56,534,4414.34,4414.42,8.0,PASS_<=10c,+0.0,FLAT,+0.0,+0.0,4.2,+0.00,0.00,SLOW,4414.34,4414.34,4414.34,4414.34,0.00,0.00,0.0,BULLISH,0.0,4414.34,4414.34,4414.34,4414.34,27,CLEARED_>=20s,1.0,0.0,0.0,0.0,0.0,0.0,0.0,PASS_<20%,0.00,0.0,NO,STANDBY_VEL_LOW,0,0.00,4590.00,78.36,FALSE,M1_DIRECTION_MISMATCH
2026-09-07 15:39:28.145,1788795568.146,8006,57,535,4414.34,4414.42,8.0,PASS_<=10c,+0.0,FLAT,+0.0,+0.0,4.2,+0.00,0.00,SLOW,4414.34,4414.34,4414.34,4414.34,0.00,0.00,0.0,BULLISH,0.0,4414.34,4414.34,4414.34,4414.34,28,CLEARED_>=20s,1.0,0.0,0.0,0.0,0.0,0.0,0.0,PASS_<20%,0.00,0.0,NO,STANDBY_VEL_LOW,0,0.00,4590.00,78.36,FALSE,M1_DIRECTION_MISMATCH
2026-09-07 15:39:28.647,1788795568.647,8007,58,536,4414.34,4414.42,8.0,PASS_<=10c,+0.0,FLAT,+0.0,+0.0,4.2,+0.00,0.00,SLOW,4414.34,4414.34,4414.34,4414.34,0.00,0.00,0.0,BULLISH,0.0,4414.34,4414.34,4414.34,4414.34,28,CLEARED_>=20s,1.0,0.0,0.0,0.0,0.0,0.0,0.0,PASS_<20%,0.00,0.0,NO,STANDBY_VEL_LOW,0,0.00,4590.00,78.36,FALSE,M1_DIRECTION_MISMATCH
2026-09-07 15:39:29.148,1788795569.148,8008,59,537,4414.34,4414.42,8.0,PASS_<=10c,+0.0,FLAT,+0.0,+0.0,4.2,+0.00,0.00,SLOW,4414.34,4414.34,4414.34,4414.34,0.00,0.00,0.0,BULLISH,0.0,4414.34,4414.34,4414.34,4414.34,29,CLEARED_>=20s,1.0,0.0,0.0,0.0,0.0,0.0,0.0,PASS_<20%,0.00,0.0,NO,STANDBY_VEL_LOW,0,0.00,4590.00,78.36,FALSE,M1_DIRECTION_MISMATCH
2026-09-07 15:39:29.650,1788795569.650,8009,60,538,4414.34,4414.42,8.0,PASS_<=10c,+0.0,FLAT,+0.0,+0.0,4.2,+0.00,0.00,SLOW,4414.34,4414.34,4414.34,4414.34,0.00,0.00,0.0,BULLISH,0.0,4414.34,4414.34,4414.34,4414.34,29,CLEARED_>=20s,1.0,0.0,0.0,0.0,0.0,0.0,0.0,PASS_<20%,0.00,0.0,NO,STANDBY_VEL_LOW,0,0.00,4590.00,78.36,FALSE,M1_DIRECTION_MISMATCH
2026-09-07 15:39:30.151,1788795570.151,8010,61,539,4414.34,4414.42,8.0,PASS_<=10c,+0.0,FLAT,+0.0,+0.0,4.2,+0.00,0.00,SLOW,4414.34,4414.34,4414.34,4414.34,0.00,0.00,0.0,BULLISH,0.0,4414.34,4414.34,4414.34,4414.34,30,CLEARED_>=20s,1.0,0.0,0.0,0.0,0.0,0.0,0.0,PASS_<20%,0.00,0.0,NO,STANDBY_VEL_LOW,0,0.00,4590.00,78.36,FALSE,M1_DIRECTION_MISMATCH
2026-09-07 15:39:30.652,1788795570.652,8011,62,540,4414.34,4414.42,8.0,PASS_<=10c,+0.0,FLAT,+0.0,+0.0,4.2,+0.00,0.00,SLOW,4414.34,4414.34,4414.34,4414.34,0.00,0.00,0.0,BULLISH,0.0,4414.34,4414.34,4414.34,4414.34,30,CLEARED_>=20s,1.0,0.0,0.0,0.0,0.0,0.0,0.0,PASS_<20%,0.00,0.0,NO,STANDBY_VEL_LOW,0,0.00,4590.00,78.36,FALSE,M1_DIRECTION_MISMATCH
2026-09-07 15:39:31.154,1788795571.154,8012,63,541,4414.34,4414.42,8.0,PASS_<=10c,+0.0,FLAT,+0.0,+0.0,4.2,+0.00,0.00,SLOW,4414.34,4414.34,4414.34,4414.34,0.00,0.00,0.0,BULLISH,0.0,4414.34,4414.34,4414.34,4414.34,31,CLEARED_>=20s,1.0,0.0,0.0,0.0,0.0,0.0,0.0,PASS_<20%,0.00,0.0,NO,STANDBY_VEL_LOW,0,0.00,4590.00,78.36,FALSE,M1_DIRECTION_MISMATCH
2026-09-07 15:39:31.654,1788795571.655,8013,64,542,4414.34,4414.42,8.0,PASS_<=10c,+0.0,FLAT,+0.0,+0.0,4.2,+0.00,0.00,SLOW,4414.34,4414.34,4414.34,4414.34,0.00,0.00,0.0,BULLISH,0.0,4414.34,4414.34,4414.34,4414.34,31,CLEARED_>=20s,1.0,0.0,0.0,0.0,0.0,0.0,0.0,PASS_<20%,0.00,0.0,NO,STANDBY_VEL_LOW,0,0.00,4590.00,78.36,FALSE,M1_DIRECTION_MISMATCH
2026-09-07 15:39:32.156,1788795572.157,8014,65,543,4414.34,4414.42,8.0,PASS_<=10c,+0.0,FLAT,+0.0,+0.0,4.2,+0.00,0.00,SLOW,4414.34,4414.34,4414.34,4414.34,0.00,0.00,0.0,BULLISH,0.0,4414.34,4414.34,4414.34,4414.34,32,CLEARED_>=20s,1.0,0.0,0.0,0.0,0.0,0.0,0.0,PASS_<20%,0.00,0.0,NO,STANDBY_VEL_LOW,0,0.00,4590.00,78.36,FALSE,M1_DIRECTION_MISMATCH
2026-09-07 15:39:32.658,1788795572.659,8015,66,544,4414.34,4414.42,8.0,PASS_<=10c,+0.0,FLAT,+0.0,+0.0,4.2,+0.00,0.00,SLOW,4414.34,4414.34,4414.34,4414.34,0.00,0.00,0.0,BULLISH,0.0,4414.34,4414.34,4414.34,4414.34,32,CLEARED_>=20s,1.0,0.0,0.0,0.0,0.0,0.0,0.0,PASS_<20%,0.00,0.0,NO,STANDBY_VEL_LOW,0,0.00,4590.00,78.36,FALSE,M1_DIRECTION_MISMATCH
2026-09-07 15:39:33.159,1788795573.160,8016,67,545,4414.34,4414.42,8.0,PASS_<=10c,+0.0,FLAT,+0.0,+0.0,4.2,+0.00,0.00,SLOW,4414.34,4414.34,4414.34,4414.34,0.00,0.00,0.0,BULLISH,0.0,4414.34,4414.34,4414.34,4414.34,33,CLEARED_>=20s,1.0,0.0,0.0,0.0,0.0,0.0,0.0,PASS_<20%,0.00,0.0,NO,STANDBY_VEL_LOW,0,0.00,4590.00,78.36,FALSE,M1_DIRECTION_MISMATCH
2026-09-07 15:39:33.661,1788795573.662,8017,68,546,4414.34,4414.42,8.0,PASS_<=10c,+0.0,FLAT,+0.0,+0.0,4.2,+0.00,0.00,SLOW,4414.34,4414.34,4414.34,4414.34,0.00,0.00,0.0,BULLISH,0.0,4414.34,4414.34,4414.34,4414.34,33,CLEARED_>=20s,1.0,0.0,0.0,0.0,0.0,0.0,0.0,PASS_<20%,0.00,0.0,NO,STANDBY_VEL_LOW,0,0.00,4590.00,78.36,FALSE,M1_DIRECTION_MISMATCH
2026-09-07 15:39:34.164,1788795574.164,8018,69,547,4414.34,4414.42,8.0,PASS_<=10c,+0.0,FLAT,+0.0,+0.0,4.2,+0.00,0.00,SLOW,4414.34,4414.34,4414.34,4414.34,0.00,0.00,0.0,BULLISH,0.0,4414.34,4414.34,4414.34,4414.34,34,CLEARED_>=20s,1.0,0.0,0.0,0.0,0.0,0.0,0.0,PASS_<20%,0.00,0.0,NO,STANDBY_VEL_LOW,0,0.00,4590.00,78.36,FALSE,M1_DIRECTION_MISMATCH
2026-09-07 15:39:34.666,1788795574.666,8019,70,548,4414.34,4414.42,8.0,PASS_<=10c,+0.0,FLAT,+0.0,+0.0,4.2,+0.00,0.00,SLOW,4414.34,4414.34,4414.34,4414.34,0.00,0.00,0.0,BULLISH,0.0,4414.34,4414.34,4414.34,4414.34,34,CLEARED_>=20s,1.0,0.0,0.0,0.0,0.0,0.0,0.0,PASS_<20%,0.00,0.0,NO,STANDBY_VEL_LOW,0,0.00,4590.00,78.36,FALSE,M1_DIRECTION_MISMATCH
2026-09-07 15:39:35.167,1788795575.167,8020,71,549,4414.34,4414.42,8.0,PASS_<=10c,+0.0,FLAT,+0.0,+0.0,4.2,+0.00,0.00,SLOW,4414.34,4414.34,4414.34,4414.34,0.00,0.00,0.0,BULLISH,0.0,4414.34,4414.34,4414.34,4414.34,35,CLEARED_>=20s,1.0,0.0,0.0,0.0,0.0,0.0,0.0,PASS_<20%,0.00,0.0,NO,STANDBY_VEL_LOW,0,0.00,4590.00,78.36,FALSE,M1_DIRECTION_MISMATCH
2026-09-07 15:39:35.668,1788795575.669,8021,72,550,4414.34,4414.42,8.0,PASS_<=10c,+0.0,FLAT,+0.0,+0.0,4.2,+0.00,0.00,SLOW,4414.34,4414.34,4414.34,4414.34,0.00,0.00,0.0,BULLISH,0.0,4414.34,4414.34,4414.34,4414.34,35,CLEARED_>=20s,1.0,0.0,0.0,0.0,0.0,0.0,0.0,PASS_<20%,0.00,0.0,NO,STANDBY_VEL_LOW,0,0.00,4590.00,78.36,FALSE,M1_DIRECTION_MISMATCH
2026-09-07 15:39:36.170,1788795576.171,8022,73,551,4414.34,4414.42,8.0,PASS_<=10c,+0.0,FLAT,+0.0,+0.0,4.2,+0.00,0.00,SLOW,4414.34,4414.34,4414.34,4414.34,0.00,0.00,0.0,BULLISH,0.0,4414.34,4414.34,4414.34,4414.34,36,CLEARED_>=20s,1.0,0.0,0.0,0.0,0.0,0.0,0.0,PASS_<20%,0.00,0.0,NO,STANDBY_VEL_LOW,0,0.00,4590.00,78.36,FALSE,M1_DIRECTION_MISMATCH
2026-09-07 15:39:36.671,1788795576.672,8023,74,552,4414.34,4414.42,8.0,PASS_<=10c,+0.0,FLAT,+0.0,+0.0,4.2,+0.00,0.00,SLOW,4414.34,4414.34,4414.34,4414.34,0.00,0.00,0.0,BULLISH,0.0,4414.34,4414.34,4414.34,4414.34,36,CLEARED_>=20s,1.0,0.0,0.0,0.0,0.0,0.0,0.0,PASS_<20%,0.00,0.0,NO,STANDBY_VEL_LOW,0,0.00,4590.00,78.36,FALSE,M1_DIRECTION_MISMATCH
2026-09-07 15:39:37.173,1788795577.174,8024,75,553,4414.34,4414.42,8.0,PASS_<=10c,+0.0,FLAT,+0.0,+0.0,4.2,+0.00,0.00,SLOW,4414.34,4414.34,4414.34,4414.34,0.00,0.00,0.0,BULLISH,0.0,4414.34,4414.34,4414.34,4414.34,37,CLEARED_>=20s,1.0,0.0,0.0,0.0,0.0,0.0,0.0,PASS_<20%,0.00,0.0,NO,STANDBY_VEL_LOW,0,0.00,4590.00,78.36,FALSE,M1_DIRECTION_MISMATCH
2026-09-07 15:39:37.674,1788795577.675,8025,76,554,4414.34,4414.42,8.0,PASS_<=10c,+0.0,FLAT,+0.0,+0.0,4.2,+0.00,0.00,SLOW,4414.34,4414.34,4414.34,4414.34,0.00,0.00,0.0,BULLISH,0.0,4414.34,4414.34,4414.34,4414.34,37,CLEARED_>=20s,1.0,0.0,0.0,0.0,0.0,0.0,0.0,PASS_<20%,0.00,0.0,NO,STANDBY_VEL_LOW,0,0.00,4590.00,78.36,FALSE,M1_DIRECTION_MISMATCH
2026-09-07 15:39:38.177,1788795578.177,8026,77,555,4414.34,4414.42,8.0,PASS_<=10c,+0.0,FLAT,+0.0,+0.0,4.2,+0.00,0.00,SLOW,4414.34,4414.34,4414.34,4414.34,0.00,0.00,0.0,BULLISH,0.0,4414.34,4414.34,4414.34,4414.34,38,CLEARED_>=20s,1.0,0.0,0.0,0.0,0.0,0.0,0.0,PASS_<20%,0.00,0.0,NO,STANDBY_VEL_LOW,0,0.00,4590.00,78.36,FALSE,M1_DIRECTION_MISMATCH
2026-09-07 15:39:38.678,1788795578.679,8027,78,556,4414.34,4414.42,8.0,PASS_<=10c,+0.0,FLAT,+0.0,+0.0,4.2,+0.00,0.00,SLOW,4414.34,4414.34,4414.34,4414.34,0.00,0.00,0.0,BULLISH,0.0,4414.34,4414.34,4414.34,4414.34,38,CLEARED_>=20s,1.0,0.0,0.0,0.0,0.0,0.0,0.0,PASS_<20%,0.00,0.0,NO,STANDBY_VEL_LOW,0,0.00,4590.00,78.36,FALSE,M1_DIRECTION_MISMATCH
2026-09-07 15:39:39.180,1788795579.180,8028,79,557,4414.34,4414.42,8.0,PASS_<=10c,+0.0,FLAT,+0.0,+0.0,4.2,+0.00,0.00,SLOW,4414.34,4414.34,4414.34,4414.34,0.00,0.00,0.0,BULLISH,0.0,4414.34,4414.34,4414.34,4414.34,39,CLEARED_>=20s,1.0,0.0,0.0,0.0,0.0,0.0,0.0,PASS_<20%,0.00,0.0,NO,STANDBY_VEL_LOW,0,0.00,4590.00,78.36,FALSE,M1_DIRECTION_MISMATCH
2026-09-07 15:39:39.681,1788795579.682,8029,80,558,4414.34,4414.42,8.0,PASS_<=10c,+0.0,FLAT,+0.0,+0.0,4.2,+0.00,0.00,SLOW,4414.34,4414.34,4414.34,4414.34,0.00,0.00,0.0,BULLISH,0.0,4414.34,4414.34,4414.34,4414.34,39,CLEARED_>=20s,1.0,0.0,0.0,0.0,0.0,0.0,0.0,PASS_<20%,0.00,0.0,NO,STANDBY_VEL_LOW,0,0.00,4590.00,78.36,FALSE,M1_DIRECTION_MISMATCH
2026-09-07 15:39:40.183,1788795580.183,8030,81,559,4414.34,4414.42,8.0,PASS_<=10c,+0.0,FLAT,+0.0,+0.0,4.2,+0.00,0.00,SLOW,4414.34,4414.34,4414.34,4414.34,0.00,0.00,0.0,BULLISH,0.0,4414.34,4414.34,4414.34,4414.34,40,CLEARED_>=20s,1.0,0.0,0.0,0.0,0.0,0.0,0.0,PASS_<20%,0.00,0.0,NO,STANDBY_VEL_LOW,0,0.00,4590.00,78.36,FALSE,M1_DIRECTION_MISMATCH
2026-09-07 15:39:40.684,1788795580.684,8031,82,560,4414.34,4414.42,8.0,PASS_<=10c,+0.0,FLAT,+0.0,+0.0,4.2,+0.00,0.00,SLOW,4414.34,4414.34,4414.34,4414.34,0.00,0.00,0.0,BULLISH,0.0,4414.34,4414.34,4414.34,4414.34,40,CLEARED_>=20s,1.0,0.0,0.0,0.0,0.0,0.0,0.0,PASS_<20%,0.00,0.0,NO,STANDBY_VEL_LOW,0,0.00,4590.00,78.36,FALSE,M1_DIRECTION_MISMATCH
2026-09-07 15:39:41.186,1788795581.187,8032,83,561,4414.34,4414.42,8.0,PASS_<=10c,+0.0,FLAT,+0.0,+0.0,4.2,+0.00,0.00,SLOW,4414.34,4414.34,4414.34,4414.34,0.00,0.00,0.0,BULLISH,0.0,4414.34,4414.34,4414.34,4414.34,41,CLEARED_>=20s,1.0,0.0,0.0,0.0,0.0,0.0,0.0,PASS_<20%,0.00,0.0,NO,STANDBY_VEL_LOW,0,0.00,4590.00,78.36,FALSE,M1_DIRECTION_MISMATCH
2026-09-07 15:39:41.687,1788795581.687,8033,84,562,4414.34,4414.42,8.0,PASS_<=10c,+0.0,FLAT,+0.0,+0.0,4.2,+0.00,0.00,SLOW,4414.34,4414.34,4414.34,4414.34,0.00,0.00,0.0,BULLISH,0.0,4414.34,4414.34,4414.34,4414.34,41,CLEARED_>=20s,1.0,0.0,0.0,0.0,0.0,0.0,0.0,PASS_<20%,0.00,0.0,NO,STANDBY_VEL_LOW,0,0.00,4590.00,78.36,FALSE,M1_DIRECTION_MISMATCH
2026-09-07 15:39:42.189,1788795582.190,8034,85,563,4414.34,4414.42,8.0,PASS_<=10c,+0.0,FLAT,+0.0,+0.0,4.2,+0.00,0.00,SLOW,4414.34,4414.34,4414.34,4414.34,0.00,0.00,0.0,BULLISH,0.0,4414.34,4414.34,4414.34,4414.34,42,CLEARED_>=20s,1.0,0.0,0.0,0.0,0.0,0.0,0.0,PASS_<20%,0.00,0.0,NO,STANDBY_VEL_LOW,0,0.00,4590.00,78.36,FALSE,M1_DIRECTION_MISMATCH
2026-09-07 15:39:42.691,1788795582.691,8035,86,564,4414.34,4414.42,8.0,PASS_<=10c,+0.0,FLAT,+0.0,+0.0,4.2,+0.00,0.00,SLOW,4414.34,4414.34,4414.34,4414.34,0.00,0.00,0.0,BULLISH,0.0,4414.34,4414.34,4414.34,4414.34,42,CLEARED_>=20s,1.0,0.0,0.0,0.0,0.0,0.0,0.0,PASS_<20%,0.00,0.0,NO,STANDBY_VEL_LOW,0,0.00,4590.00,78.36,FALSE,M1_DIRECTION_MISMATCH
2026-09-07 15:39:43.193,1788795583.193,8036,87,565,4414.34,4414.42,8.0,PASS_<=10c,+0.0,FLAT,+0.0,+0.0,4.2,+0.00,0.00,SLOW,4414.34,4414.34,4414.34,4414.34,0.00,0.00,0.0,BULLISH,0.0,4414.34,4414.34,4414.34,4414.34,43,CLEARED_>=20s,1.0,0.0,0.0,0.0,0.0,0.0,0.0,PASS_<20%,0.00,0.0,NO,STANDBY_VEL_LOW,0,0.00,4590.00,78.36,FALSE,M1_DIRECTION_MISMATCH
2026-09-07 15:39:43.694,1788795583.694,8037,88,566,4414.34,4414.42,8.0,PASS_<=10c,+0.0,FLAT,+0.0,+0.0,4.2,+0.00,0.00,SLOW,4414.34,4414.34,4414.34,4414.34,0.00,0.00,0.0,BULLISH,0.0,4414.34,4414.34,4414.34,4414.34,43,CLEARED_>=20s,1.0,0.0,0.0,0.0,0.0,0.0,0.0,PASS_<20%,0.00,0.0,NO,STANDBY_VEL_LOW,0,0.00,4590.00,78.36,FALSE,M1_DIRECTION_MISMATCH
2026-09-07 15:39:44.195,1788795584.195,8038,89,567,4414.34,4414.42,8.0,PASS_<=10c,+0.0,FLAT,+0.0,+0.0,4.2,+0.00,0.00,SLOW,4414.34,4414.34,4414.34,4414.34,0.00,0.00,0.0,BULLISH,0.0,4414.34,4414.34,4414.34,4414.34,44,CLEARED_>=20s,1.0,0.0,0.0,0.0,0.0,0.0,0.0,PASS_<20%,0.00,0.0,NO,STANDBY_VEL_LOW,0,0.00,4590.00,78.36,FALSE,M1_DIRECTION_MISMATCH
2026-09-07 15:39:44.696,1788795584.697,8039,90,568,4414.34,4414.42,8.0,PASS_<=10c,+0.0,FLAT,+0.0,+0.0,4.2,+0.00,0.00,SLOW,4414.34,4414.34,4414.34,4414.34,0.00,0.00,0.0,BULLISH,0.0,4414.34,4414.34,4414.34,4414.34,44,CLEARED_>=20s,1.0,0.0,0.0,0.0,0.0,0.0,0.0,PASS_<20%,0.00,0.0,NO,STANDBY_VEL_LOW,0,0.00,4590.00,78.36,FALSE,M1_DIRECTION_MISMATCH
2026-09-07 15:39:45.198,1788795585.199,8040,91,569,4414.34,4414.42,8.0,PASS_<=10c,+0.0,FLAT,+0.0,+0.0,4.2,+0.00,0.00,SLOW,4414.34,4414.34,4414.34,4414.34,0.00,0.00,0.0,BULLISH,0.0,4414.34,4414.34,4414.34,4414.34,45,CLEARED_>=20s,1.0,0.0,0.0,0.0,0.0,0.0,0.0,PASS_<20%,0.00,0.0,NO,STANDBY_VEL_LOW,0,0.00,4590.00,78.36,FALSE,M1_DIRECTION_MISMATCH
2026-09-07 15:39:45.699,1788795585.700,8041,92,570,4414.34,4414.42,8.0,PASS_<=10c,+0.0,FLAT,+0.0,+0.0,4.2,+0.00,0.00,SLOW,4414.34,4414.34,4414.34,4414.34,0.00,0.00,0.0,BULLISH,0.0,4414.34,4414.34,4414.34,4414.34,45,CLEARED_>=20s,1.0,0.0,0.0,0.0,0.0,0.0,0.0,PASS_<20%,0.00,0.0,NO,STANDBY_VEL_LOW,0,0.00,4590.00,78.36,FALSE,M1_DIRECTION_MISMATCH
2026-09-07 15:39:46.201,1788795586.201,8042,93,571,4414.34,4414.42,8.0,PASS_<=10c,+0.0,FLAT,+0.0,+0.0,4.2,+0.00,0.00,SLOW,4414.34,4414.34,4414.34,4414.34,0.00,0.00,0.0,BULLISH,0.0,4414.34,4414.34,4414.34,4414.34,46,CLEARED_>=20s,1.0,0.0,0.0,0.0,0.0,0.0,0.0,PASS_<20%,0.00,0.0,NO,STANDBY_VEL_LOW,0,0.00,4590.00,78.36,FALSE,M1_DIRECTION_MISMATCH
2026-09-07 15:39:46.702,1788795586.703,8043,94,572,4414.34,4414.42,8.0,PASS_<=10c,+0.0,FLAT,+0.0,+0.0,4.2,+0.00,0.00,SLOW,4414.34,4414.34,4414.34,4414.34,0.00,0.00,0.0,BULLISH,0.0,4414.34,4414.34,4414.34,4414.34,46,CLEARED_>=20s,1.0,0.0,0.0,0.0,0.0,0.0,0.0,PASS_<20%,0.00,0.0,NO,STANDBY_VEL_LOW,0,0.00,4590.00,78.36,FALSE,M1_DIRECTION_MISMATCH
2026-09-07 15:39:47.205,1788795587.205,8044,95,573,4414.34,4414.42,8.0,PASS_<=10c,+0.0,FLAT,+0.0,+0.0,4.2,+0.00,0.00,SLOW,4414.34,4414.34,4414.34,4414.34,0.00,0.00,0.0,BULLISH,0.0,4414.34,4414.34,4414.34,4414.34,47,CLEARED_>=20s,1.0,0.0,0.0,0.0,0.0,0.0,0.0,PASS_<20%,0.00,0.0,NO,STANDBY_VEL_LOW,0,0.00,4590.00,78.36,FALSE,M1_DIRECTION_MISMATCH
2026-09-07 15:39:47.707,1788795587.707,8045,96,574,4414.34,4414.42,8.0,PASS_<=10c,+0.0,FLAT,+0.0,+0.0,4.2,+0.00,0.00,SLOW,4414.34,4414.34,4414.34,4414.34,0.00,0.00,0.0,BULLISH,0.0,4414.34,4414.34,4414.34,4414.34,47,CLEARED_>=20s,1.0,0.0,0.0,0.0,0.0,0.0,0.0,PASS_<20%,0.00,0.0,NO,STANDBY_VEL_LOW,0,0.00,4590.00,78.36,FALSE,M1_DIRECTION_MISMATCH
2026-09-07 15:39:48.208,1788795588.209,8046,97,575,4414.34,4414.42,8.0,PASS_<=10c,+0.0,FLAT,+0.0,+0.0,4.2,+0.00,0.00,SLOW,4414.34,4414.34,4414.34,4414.34,0.00,0.00,0.0,BULLISH,0.0,4414.34,4414.34,4414.34,4414.34,48,CLEARED_>=20s,1.0,0.0,0.0,0.0,0.0,0.0,0.0,PASS_<20%,0.00,0.0,NO,STANDBY_VEL_LOW,0,0.00,4590.00,78.36,FALSE,M1_DIRECTION_MISMATCH
2026-09-07 15:39:48.711,1788795588.711,8047,98,576,4414.34,4414.42,8.0,PASS_<=10c,+0.0,FLAT,+0.0,+0.0,4.2,+0.00,0.00,SLOW,4414.34,4414.34,4414.34,4414.34,0.00,0.00,0.0,BULLISH,0.0,4414.34,4414.34,4414.34,4414.34,48,CLEARED_>=20s,1.0,0.0,0.0,0.0,0.0,0.0,0.0,PASS_<20%,0.00,0.0,NO,STANDBY_VEL_LOW,0,0.00,4590.00,78.36,FALSE,M1_DIRECTION_MISMATCH
2026-09-07 15:39:49.212,1788795589.212,8048,99,577,4414.34,4414.42,8.0,PASS_<=10c,+0.0,FLAT,+0.0,+0.0,4.2,+0.00,0.00,SLOW,4414.34,4414.34,4414.34,4414.34,0.00,0.00,0.0,BULLISH,0.0,4414.34,4414.34,4414.34,4414.34,49,CLEARED_>=20s,1.0,0.0,0.0,0.0,0.0,0.0,0.0,PASS_<20%,0.00,0.0,NO,STANDBY_VEL_LOW,0,0.00,4590.00,78.36,FALSE,M1_DIRECTION_MISMATCH
2026-09-07 15:39:49.714,1788795589.714,8049,100,578,4414.34,4414.42,8.0,PASS_<=10c,+0.0,FLAT,+0.0,+0.0,4.2,+0.00,0.00,SLOW,4414.34,4414.34,4414.34,4414.34,0.00,0.00,0.0,BULLISH,0.0,4414.34,4414.34,4414.34,4414.34,49,CLEARED_>=20s,1.0,0.0,0.0,0.0,0.0,0.0,0.0,PASS_<20%,0.00,0.0,NO,STANDBY_VEL_LOW,0,0.00,4590.00,78.36,FALSE,M1_DIRECTION_MISMATCH
2026-09-07 15:39:50.216,1788795590.216,8050,101,579,4414.34,4414.42,8.0,PASS_<=10c,+0.0,FLAT,+0.0,+0.0,4.2,+0.00,0.00,SLOW,4414.34,4414.34,4414.34,4414.34,0.00,0.00,0.0,BULLISH,0.0,4414.34,4414.34,4414.34,4414.34,50,CLEARED_>=20s,1.0,0.0,0.0,0.0,0.0,0.0,0.0,PASS_<20%,0.00,0.0,NO,STANDBY_VEL_LOW,0,0.00,4590.00,78.36,FALSE,M1_DIRECTION_MISMATCH
2026-09-07 15:39:50.717,1788795590.718,8051,102,580,4414.34,4414.42,8.0,PASS_<=10c,+0.0,FLAT,+0.0,+0.0,4.2,+0.00,0.00,SLOW,4414.34,4414.34,4414.34,4414.34,0.00,0.00,0.0,BULLISH,0.0,4414.34,4414.34,4414.34,4414.34,50,CLEARED_>=20s,1.0,0.0,0.0,0.0,0.0,0.0,0.0,PASS_<20%,0.00,0.0,NO,STANDBY_VEL_LOW,0,0.00,4590.00,78.36,FALSE,M1_DIRECTION_MISMATCH
2026-09-07 15:39:51.220,1788795591.220,8052,103,581,4414.34,4414.42,8.0,PASS_<=10c,+0.0,FLAT,+0.0,+0.0,4.2,+0.00,0.00,SLOW,4414.34,4414.34,4414.34,4414.34,0.00,0.00,0.0,BULLISH,0.0,4414.34,4414.34,4414.34,4414.34,51,CLEARED_>=20s,1.0,0.0,0.0,0.0,0.0,0.0,0.0,PASS_<20%,0.00,0.0,NO,STANDBY_VEL_LOW,0,0.00,4590.00,78.36,FALSE,M1_DIRECTION_MISMATCH
2026-09-07 15:39:51.722,1788795591.723,8053,104,582,4414.34,4414.42,8.0,PASS_<=10c,+0.0,FLAT,+0.0,+0.0,4.2,+0.00,0.00,SLOW,4414.34,4414.34,4414.34,4414.34,0.00,0.00,0.0,BULLISH,0.0,4414.34,4414.34,4414.34,4414.34,51,CLEARED_>=20s,1.0,0.0,0.0,0.0,0.0,0.0,0.0,PASS_<20%,0.00,0.0,NO,STANDBY_VEL_LOW,0,0.00,4590.00,78.36,FALSE,M1_DIRECTION_MISMATCH
2026-09-07 15:39:52.224,1788795592.224,8054,105,583,4414.34,4414.42,8.0,PASS_<=10c,+0.0,FLAT,+0.0,+0.0,4.2,+0.00,0.00,SLOW,4414.34,4414.34,4414.34,4414.34,0.00,0.00,0.0,BULLISH,0.0,4414.34,4414.34,4414.34,4414.34,52,CLEARED_>=20s,1.0,0.0,0.0,0.0,0.0,0.0,0.0,PASS_<20%,0.00,0.0,NO,STANDBY_VEL_LOW,0,0.00,4590.00,78.36,FALSE,M1_DIRECTION_MISMATCH
2026-09-07 15:39:52.725,1788795592.726,8055,106,584,4414.34,4414.42,8.0,PASS_<=10c,+0.0,FLAT,+0.0,+0.0,4.2,+0.00,0.00,SLOW,4414.34,4414.34,4414.34,4414.34,0.00,0.00,0.0,BULLISH,0.0,4414.34,4414.34,4414.34,4414.34,52,CLEARED_>=20s,1.0,0.0,0.0,0.0,0.0,0.0,0.0,PASS_<20%,0.00,0.0,NO,STANDBY_VEL_LOW,0,0.00,4590.00,78.36,FALSE,M1_DIRECTION_MISMATCH
2026-09-07 15:39:53.227,1788795593.227,8056,107,585,4414.34,4414.42,8.0,PASS_<=10c,+0.0,FLAT,+0.0,+0.0,4.2,+0.00,0.00,SLOW,4414.34,4414.34,4414.34,4414.34,0.00,0.00,0.0,BULLISH,0.0,4414.34,4414.34,4414.34,4414.34,53,CLEARED_>=20s,1.0,0.0,0.0,0.0,0.0,0.0,0.0,PASS_<20%,0.00,0.0,NO,STANDBY_VEL_LOW,0,0.00,4590.00,78.36,FALSE,M1_DIRECTION_MISMATCH
2026-09-07 15:39:53.730,1788795593.730,8057,108,586,4414.34,4414.42,8.0,PASS_<=10c,+0.0,FLAT,+0.0,+0.0,4.2,+0.00,0.00,SLOW,4414.34,4414.34,4414.34,4414.34,0.00,0.00,0.0,BULLISH,0.0,4414.34,4414.34,4414.34,4414.34,53,CLEARED_>=20s,1.0,0.0,0.0,0.0,0.0,0.0,0.0,PASS_<20%,0.00,0.0,NO,STANDBY_VEL_LOW,0,0.00,4590.00,78.36,FALSE,M1_DIRECTION_MISMATCH
2026-09-07 15:39:54.231,1788795594.231,8058,109,587,4414.34,4414.42,8.0,PASS_<=10c,+0.0,FLAT,+0.0,+0.0,4.2,+0.00,0.00,SLOW,4414.34,4414.34,4414.34,4414.34,0.00,0.00,0.0,BULLISH,0.0,4414.34,4414.34,4414.34,4414.34,54,CLEARED_>=20s,1.0,0.0,0.0,0.0,0.0,0.0,0.0,PASS_<20%,0.00,0.0,NO,STANDBY_VEL_LOW,0,0.00,4590.00,78.36,FALSE,M1_DIRECTION_MISMATCH
2026-09-07 15:39:54.732,1788795594.732,8059,110,588,4414.34,4414.42,8.0,PASS_<=10c,+0.0,FLAT,+0.0,+0.0,4.2,+0.00,0.00,SLOW,4414.34,4414.34,4414.34,4414.34,0.00,0.00,0.0,BULLISH,0.0,4414.34,4414.34,4414.34,4414.34,54,CLEARED_>=20s,1.0,0.0,0.0,0.0,0.0,0.0,0.0,PASS_<20%,0.00,0.0,NO,STANDBY_VEL_LOW,0,0.00,4590.00,78.36,FALSE,M1_DIRECTION_MISMATCH
2026-09-07 15:39:55.234,1788795595.234,8060,111,589,4414.34,4414.42,8.0,PASS_<=10c,+0.0,FLAT,+0.0,+0.0,4.2,+0.00,0.00,SLOW,4414.34,4414.34,4414.34,4414.34,0.00,0.00,0.0,BULLISH,0.0,4414.34,4414.34,4414.34,4414.34,55,CLEARED_>=20s,1.0,0.0,0.0,0.0,0.0,0.0,0.0,PASS_<20%,0.00,0.0,NO,STANDBY_VEL_LOW,0,0.00,4590.00,78.36,FALSE,M1_DIRECTION_MISMATCH
2026-09-07 15:39:55.736,1788795595.736,8061,112,590,4414.34,4414.42,8.0,PASS_<=10c,+0.0,FLAT,+0.0,+0.0,4.2,+0.00,0.00,SLOW,4414.34,4414.34,4414.34,4414.34,0.00,0.00,0.0,BULLISH,0.0,4414.34,4414.34,4414.34,4414.34,55,CLEARED_>=20s,1.0,0.0,0.0,0.0,0.0,0.0,0.0,PASS_<20%,0.00,0.0,NO,STANDBY_VEL_LOW,0,0.00,4590.00,78.36,FALSE,M1_DIRECTION_MISMATCH
2026-09-07 15:39:56.238,1788795596.239,8062,113,591,4414.34,4414.42,8.0,PASS_<=10c,+0.0,FLAT,+0.0,+0.0,4.2,+0.00,0.00,SLOW,4414.34,4414.34,4414.34,4414.34,0.00,0.00,0.0,BULLISH,0.0,4414.34,4414.34,4414.34,4414.34,56,CLEARED_>=20s,1.0,0.0,0.0,0.0,0.0,0.0,0.0,PASS_<20%,0.00,0.0,NO,STANDBY_VEL_LOW,0,0.00,4590.00,78.36,FALSE,M1_DIRECTION_MISMATCH
2026-09-07 15:39:56.740,1788795596.740,8063,114,592,4414.34,4414.42,8.0,PASS_<=10c,+0.0,FLAT,+0.0,+0.0,4.2,+0.00,0.00,SLOW,4414.34,4414.34,4414.34,4414.34,0.00,0.00,0.0,BULLISH,0.0,4414.34,4414.34,4414.34,4414.34,56,CLEARED_>=20s,1.0,0.0,0.0,0.0,0.0,0.0,0.0,PASS_<20%,0.00,0.0,NO,STANDBY_VEL_LOW,0,0.00,4590.00,78.36,FALSE,M1_DIRECTION_MISMATCH
2026-09-07 15:39:57.241,1788795597.242,8064,115,593,4414.34,4414.42,8.0,PASS_<=10c,+0.0,FLAT,+0.0,+0.0,4.2,+0.00,0.00,SLOW,4414.34,4414.34,4414.34,4414.34,0.00,0.00,0.0,BULLISH,0.0,4414.34,4414.34,4414.34,4414.34,57,CLEARED_>=20s,1.0,0.0,0.0,0.0,0.0,0.0,0.0,PASS_<20%,0.00,0.0,NO,STANDBY_VEL_LOW,0,0.00,4590.00,78.36,FALSE,M1_DIRECTION_MISMATCH
2026-09-07 15:39:57.742,1788795597.743,8065,116,594,4414.34,4414.42,8.0,PASS_<=10c,+0.0,FLAT,+0.0,+0.0,4.2,+0.00,0.00,SLOW,4414.34,4414.34,4414.34,4414.34,0.00,0.00,0.0,BULLISH,0.0,4414.34,4414.34,4414.34,4414.34,57,CLEARED_>=20s,1.0,0.0,0.0,0.0,0.0,0.0,0.0,PASS_<20%,0.00,0.0,NO,STANDBY_VEL_LOW,0,0.00,4590.00,78.36,FALSE,M1_DIRECTION_MISMATCH
2026-09-07 15:39:58.244,1788795598.244,8066,117,595,4414.34,4414.42,8.0,PASS_<=10c,+0.0,FLAT,+0.0,+0.0,4.2,+0.00,0.00,SLOW,4414.34,4414.34,4414.34,4414.34,0.00,0.00,0.0,BULLISH,0.0,4414.34,4414.34,4414.34,4414.34,58,CLEARED_>=20s,1.0,0.0,0.0,0.0,0.0,0.0,0.0,PASS_<20%,0.00,0.0,NO,STANDBY_VEL_LOW,0,0.00,4590.00,78.36,FALSE,M1_DIRECTION_MISMATCH
2026-09-07 15:39:58.746,1788795598.747,8067,118,596,4414.34,4414.42,8.0,PASS_<=10c,+0.0,FLAT,+0.0,+0.0,4.2,+0.00,0.00,SLOW,4414.34,4414.34,4414.34,4414.34,0.00,0.00,0.0,BULLISH,0.0,4414.34,4414.34,4414.34,4414.34,58,CLEARED_>=20s,1.0,0.0,0.0,0.0,0.0,0.0,0.0,PASS_<20%,0.00,0.0,NO,STANDBY_VEL_LOW,0,0.00,4590.00,78.36,FALSE,M1_DIRECTION_MISMATCH
2026-09-07 15:39:59.247,1788795599.248,8068,119,597,4414.34,4414.42,8.0,PASS_<=10c,+0.0,FLAT,+0.0,+0.0,4.2,+0.00,0.00,SLOW,4414.34,4414.34,4414.34,4414.34,0.00,0.00,0.0,BULLISH,0.0,4414.34,4414.34,4414.34,4414.34,59,CLEARED_>=20s,1.0,0.0,0.0,0.0,0.0,0.0,0.0,PASS_<20%,0.00,0.0,NO,STANDBY_VEL_LOW,0,0.00,4590.00,78.36,FALSE,M1_DIRECTION_MISMATCH
2026-09-07 15:39:59.750,1788795599.750,8069,120,598,4414.34,4414.42,8.0,PASS_<=10c,+0.0,FLAT,+0.0,+0.0,4.2,+0.00,0.00,SLOW,4414.34,4414.34,4414.34,4414.34,0.00,0.00,0.0,BULLISH,0.0,4414.34,4414.34,4414.34,4414.34,59,CLEARED_>=20s,1.0,0.0,0.0,0.0,0.0,0.0,0.0,PASS_<20%,0.00,0.0,NO,STANDBY_VEL_LOW,0,0.00,4590.00,78.36,FALSE,M1_DIRECTION_MISMATCH
2026-09-07 15:40:00.252,1788795600.253,8070,1,1,4414.34,4414.42,8.0,PASS_<=10c,+0.0,FLAT,+0.0,+0.0,4.2,+0.00,0.00,SLOW,4414.34,4414.34,4414.34,4414.34,0.00,0.00,0.0,BULLISH,0.0,4414.34,4414.34,4414.34,4414.34,0,ACTIVE_0s,1.0,0.0,0.0,0.0,0.0,0.0,0.0,PASS_<20%,0.00,0.0,NO,STANDBY_VEL_LOW,0,0.00,4590.00,78.36,FALSE,M1_DIRECTION_MISMATCH|OPENING_SHIELD_ACTIVE_0s
2026-09-07 15:40:00.755,1788795600.755,8071,2,2,4414.34,4414.42,8.0,PASS_<=10c,+0.0,FLAT,+0.0,+0.0,4.2,+0.00,0.00,SLOW,4414.34,4414.34,4414.34,4414.34,0.00,0.00,0.0,BULLISH,0.0,4414.34,4414.34,4414.34,4414.34,0,ACTIVE_0s,1.0,0.0,0.0,0.0,0.0,0.0,0.0,PASS_<20%,0.00,0.0,NO,STANDBY_VEL_LOW,0,0.00,4590.00,78.36,FALSE,M1_DIRECTION_MISMATCH|OPENING_SHIELD_ACTIVE_0s
2026-09-07 15:40:01.256,1788795601.256,8072,3,3,4414.34,4414.42,8.0,PASS_<=10c,+0.0,FLAT,+0.0,+0.0,4.2,+0.00,0.00,SLOW,4414.34,4414.34,4414.34,4414.34,0.00,0.00,0.0,BULLISH,0.0,4414.34,4414.34,4414.34,4414.34,1,ACTIVE_1s,1.0,0.0,0.0,0.0,0.0,0.0,0.0,PASS_<20%,0.00,0.0,NO,STANDBY_VEL_LOW,0,0.00,4590.00,78.36,FALSE,M1_DIRECTION_MISMATCH|OPENING_SHIELD_ACTIVE_1s
2026-09-07 15:40:01.757,1788795601.758,8073,4,4,4414.34,4414.42,8.0,PASS_<=10c,+0.0,FLAT,+0.0,+0.0,4.2,+0.00,0.00,SLOW,4414.34,4414.34,4414.34,4414.34,0.00,0.00,0.0,BULLISH,0.0,4414.34,4414.34,4414.34,4414.34,1,ACTIVE_1s,1.0,0.0,0.0,0.0,0.0,0.0,0.0,PASS_<20%,0.00,0.0,NO,STANDBY_VEL_LOW,0,0.00,4590.00,78.36,FALSE,M1_DIRECTION_MISMATCH|OPENING_SHIELD_ACTIVE_1s
2026-09-07 15:40:02.259,1788795602.259,8074,5,5,4414.34,4414.42,8.0,PASS_<=10c,+0.0,FLAT,+0.0,+0.0,4.2,+0.00,0.00,SLOW,4414.34,4414.34,4414.34,4414.34,0.00,0.00,0.0,BULLISH,0.0,4414.34,4414.34,4414.34,4414.34,2,ACTIVE_2s,1.0,0.0,0.0,0.0,0.0,0.0,0.0,PASS_<20%,0.00,0.0,NO,STANDBY_VEL_LOW,0,0.00,4590.00,78.36,FALSE,M1_DIRECTION_MISMATCH|OPENING_SHIELD_ACTIVE_2s
2026-09-07 15:40:02.761,1788795602.761,8075,6,6,4414.34,4414.42,8.0,PASS_<=10c,+0.0,FLAT,+0.0,+0.0,4.2,+0.00,0.00,SLOW,4414.34,4414.34,4414.34,4414.34,0.00,0.00,0.0,BULLISH,0.0,4414.34,4414.34,4414.34,4414.34,2,ACTIVE_2s,1.0,0.0,0.0,0.0,0.0,0.0,0.0,PASS_<20%,0.00,0.0,NO,STANDBY_VEL_LOW,0,0.00,4590.00,78.36,FALSE,M1_DIRECTION_MISMATCH|OPENING_SHIELD_ACTIVE_2s
2026-09-07 15:40:03.263,1788795603.263,8076,7,7,4414.34,4414.42,8.0,PASS_<=10c,+0.0,FLAT,+0.0,+0.0,4.2,+0.00,0.00,SLOW,4414.34,4414.34,4414.34,4414.34,0.00,0.00,0.0,BULLISH,0.0,4414.34,4414.34,4414.34,4414.34,3,ACTIVE_3s,1.0,0.0,0.0,0.0,0.0,0.0,0.0,PASS_<20%,0.00,0.0,NO,STANDBY_VEL_LOW,0,0.00,4590.00,78.36,FALSE,M1_DIRECTION_MISMATCH|OPENING_SHIELD_ACTIVE_3s
2026-09-07 15:40:03.764,1788795603.764,8077,8,8,4414.34,4414.42,8.0,PASS_<=10c,+0.0,FLAT,+0.0,+0.0,4.2,+0.00,0.00,SLOW,4414.34,4414.34,4414.34,4414.34,0.00,0.00,0.0,BULLISH,0.0,4414.34,4414.34,4414.34,4414.34,3,ACTIVE_3s,1.0,0.0,0.0,0.0,0.0,0.0,0.0,PASS_<20%,0.00,0.0,NO,STANDBY_VEL_LOW,0,0.00,4590.00,78.36,FALSE,M1_DIRECTION_MISMATCH|OPENING_SHIELD_ACTIVE_3s
2026-09-07 15:40:04.265,1788795604.265,8078,9,9,4414.34,4414.42,8.0,PASS_<=10c,+0.0,FLAT,+0.0,+0.0,4.2,+0.00,0.00,SLOW,4414.34,4414.34,4414.34,4414.34,0.00,0.00,0.0,BULLISH,0.0,4414.34,4414.34,4414.34,4414.34,4,ACTIVE_4s,1.0,0.0,0.0,0.0,0.0,0.0,0.0,PASS_<20%,0.00,0.0,NO,STANDBY_VEL_LOW,0,0.00,4590.00,78.36,FALSE,M1_DIRECTION_MISMATCH|OPENING_SHIELD_ACTIVE_4s
2026-09-07 15:40:04.766,1788795604.767,8079,10,10,4414.34,4414.42,8.0,PASS_<=10c,+0.0,FLAT,+0.0,+0.0,4.2,+0.00,0.00,SLOW,4414.34,4414.34,4414.34,4414.34,0.00,0.00,0.0,BULLISH,0.0,4414.34,4414.34,4414.34,4414.34,4,ACTIVE_4s,1.0,0.0,0.0,0.0,0.0,0.0,0.0,PASS_<20%,0.00,0.0,NO,STANDBY_VEL_LOW,0,0.00,4590.00,78.36,FALSE,M1_DIRECTION_MISMATCH|OPENING_SHIELD_ACTIVE_4s
2026-09-07 15:40:05.268,1788795605.269,8080,11,11,4414.34,4414.42,8.0,PASS_<=10c,+0.0,FLAT,+0.0,+0.0,4.2,+0.00,0.00,SLOW,4414.34,4414.34,4414.34,4414.34,0.00,0.00,0.0,BULLISH,0.0,4414.34,4414.34,4414.34,4414.34,5,ACTIVE_5s,1.0,0.0,0.0,0.0,0.0,0.0,0.0,PASS_<20%,0.00,0.0,NO,STANDBY_VEL_LOW,0,0.00,4590.00,78.36,FALSE,M1_DIRECTION_MISMATCH|OPENING_SHIELD_ACTIVE_5s
2026-09-07 15:40:05.770,1788795605.771,8081,12,12,4414.34,4414.42,8.0,PASS_<=10c,+0.0,FLAT,+0.0,+0.0,4.2,+0.00,0.00,SLOW,4414.34,4414.34,4414.34,4414.34,0.00,0.00,0.0,BULLISH,0.0,4414.34,4414.34,4414.34,4414.34,5,ACTIVE_5s,1.0,0.0,0.0,0.0,0.0,0.0,0.0,PASS_<20%,0.00,0.0,NO,STANDBY_VEL_LOW,0,0.00,4590.00,78.36,FALSE,M1_DIRECTION_MISMATCH|OPENING_SHIELD_ACTIVE_5s
2026-09-07 15:40:06.273,1788795606.274,8082,13,13,4414.34,4414.42,8.0,PASS_<=10c,+0.0,FLAT,+0.0,+0.0,4.2,+0.00,0.00,SLOW,4414.34,4414.34,4414.34,4414.34,0.00,0.00,0.0,BULLISH,0.0,4414.34,4414.34,4414.34,4414.34,6,ACTIVE_6s,1.0,0.0,0.0,0.0,0.0,0.0,0.0,PASS_<20%,0.00,0.0,NO,STANDBY_VEL_LOW,0,0.00,4590.00,78.36,FALSE,M1_DIRECTION_MISMATCH|OPENING_SHIELD_ACTIVE_6s
2026-09-07 15:40:06.775,1788795606.775,8083,14,14,4414.34,4414.42,8.0,PASS_<=10c,+0.0,FLAT,+0.0,+0.0,4.2,+0.00,0.00,SLOW,4414.34,4414.34,4414.34,4414.34,0.00,0.00,0.0,BULLISH,0.0,4414.34,4414.34,4414.34,4414.34,6,ACTIVE_6s,1.0,0.0,0.0,0.0,0.0,0.0,0.0,PASS_<20%,0.00,0.0,NO,STANDBY_VEL_LOW,0,0.00,4590.00,78.36,FALSE,M1_DIRECTION_MISMATCH|OPENING_SHIELD_ACTIVE_6s
2026-09-07 15:40:07.277,1788795607.277,8084,15,15,4414.34,4414.42,8.0,PASS_<=10c,+0.0,FLAT,+0.0,+0.0,4.2,+0.00,0.00,SLOW,4414.34,4414.34,4414.34,4414.34,0.00,0.00,0.0,BULLISH,0.0,4414.34,4414.34,4414.34,4414.34,7,ACTIVE_7s,1.0,0.0,0.0,0.0,0.0,0.0,0.0,PASS_<20%,0.00,0.0,NO,STANDBY_VEL_LOW,0,0.00,4590.00,78.36,FALSE,M1_DIRECTION_MISMATCH|OPENING_SHIELD_ACTIVE_7s
2026-09-07 15:40:07.778,1788795607.778,8085,16,16,4414.34,4414.42,8.0,PASS_<=10c,+0.0,FLAT,+0.0,+0.0,4.2,+0.00,0.00,SLOW,4414.34,4414.34,4414.34,4414.34,0.00,0.00,0.0,BULLISH,0.0,4414.34,4414.34,4414.34,4414.34,7,ACTIVE_7s,1.0,0.0,0.0,0.0,0.0,0.0,0.0,PASS_<20%,0.00,0.0,NO,STANDBY_VEL_LOW,0,0.00,4590.00,78.36,FALSE,M1_DIRECTION_MISMATCH|OPENING_SHIELD_ACTIVE_7s
2026-09-07 15:40:08.279,1788795608.279,8086,17,17,4414.34,4414.42,8.0,PASS_<=10c,+0.0,FLAT,+0.0,+0.0,4.2,+0.00,0.00,SLOW,4414.34,4414.34,4414.34,4414.34,0.00,0.00,0.0,BULLISH,0.0,4414.34,4414.34,4414.34,4414.34,8,ACTIVE_8s,1.0,0.0,0.0,0.0,0.0,0.0,0.0,PASS_<20%,0.00,0.0,NO,STANDBY_VEL_LOW,0,0.00,4590.00,78.36,FALSE,M1_DIRECTION_MISMATCH|OPENING_SHIELD_ACTIVE_8s
2026-09-07 15:40:08.782,1788795608.782,8087,18,18,4414.34,4414.42,8.0,PASS_<=10c,+0.0,FLAT,+0.0,+0.0,4.2,+0.00,0.00,SLOW,4414.34,4414.34,4414.34,4414.34,0.00,0.00,0.0,BULLISH,0.0,4414.34,4414.34,4414.34,4414.34,8,ACTIVE_8s,1.0,0.0,0.0,0.0,0.0,0.0,0.0,PASS_<20%,0.00,0.0,NO,STANDBY_VEL_LOW,0,0.00,4590.00,78.36,FALSE,M1_DIRECTION_MISMATCH|OPENING_SHIELD_ACTIVE_8s
2026-09-07 15:40:09.283,1788795609.284,8088,19,19,4414.34,4414.42,8.0,PASS_<=10c,+0.0,FLAT,+0.0,+0.0,4.2,+0.00,0.00,SLOW,4414.34,4414.34,4414.34,4414.34,0.00,0.00,0.0,BULLISH,0.0,4414.34,4414.34,4414.34,4414.34,9,ACTIVE_9s,1.0,0.0,0.0,0.0,0.0,0.0,0.0,PASS_<20%,0.00,0.0,NO,STANDBY_VEL_LOW,0,0.00,4590.00,78.36,FALSE,M1_DIRECTION_MISMATCH|OPENING_SHIELD_ACTIVE_9s
2026-09-07 15:40:09.785,1788795609.786,8089,20,20,4414.34,4414.42,8.0,PASS_<=10c,+0.0,FLAT,+0.0,+0.0,4.2,+0.00,0.00,SLOW,4414.34,4414.34,4414.34,4414.34,0.00,0.00,0.0,BULLISH,0.0,4414.34,4414.34,4414.34,4414.34,9,ACTIVE_9s,1.0,0.0,0.0,0.0,0.0,0.0,0.0,PASS_<20%,0.00,0.0,NO,STANDBY_VEL_LOW,0,0.00,4590.00,78.36,FALSE,M1_DIRECTION_MISMATCH|OPENING_SHIELD_ACTIVE_9s
2026-09-07 15:40:10.287,1788795610.287,8090,21,21,4414.34,4414.42,8.0,PASS_<=10c,+0.0,FLAT,+0.0,+0.0,4.2,+0.00,0.00,SLOW,4414.34,4414.34,4414.34,4414.34,0.00,0.00,0.0,BULLISH,0.0,4414.34,4414.34,4414.34,4414.34,10,ACTIVE_10s,1.0,0.0,0.0,0.0,0.0,0.0,0.0,PASS_<20%,0.00,0.0,NO,STANDBY_VEL_LOW,0,0.00,4590.00,78.36,FALSE,M1_DIRECTION_MISMATCH|OPENING_SHIELD_ACTIVE_10s
2026-09-07 15:40:10.788,1788795610.789,8091,22,22,4414.34,4414.42,8.0,PASS_<=10c,+0.0,FLAT,+0.0,+0.0,4.2,+0.00,0.00,SLOW,4414.34,4414.34,4414.34,4414.34,0.00,0.00,0.0,BULLISH,0.0,4414.34,4414.34,4414.34,4414.34,10,ACTIVE_10s,1.0,0.0,0.0,0.0,0.0,0.0,0.0,PASS_<20%,0.00,0.0,NO,STANDBY_VEL_LOW,0,0.00,4590.00,78.36,FALSE,M1_DIRECTION_MISMATCH|OPENING_SHIELD_ACTIVE_10s
2026-09-07 15:40:11.291,1788795611.291,8092,23,23,4414.34,4414.42,8.0,PASS_<=10c,+0.0,FLAT,+0.0,+0.0,4.2,+0.00,0.00,SLOW,4414.34,4414.34,4414.34,4414.34,0.00,0.00,0.0,BULLISH,0.0,4414.34,4414.34,4414.34,4414.34,11,ACTIVE_11s,1.0,0.0,0.0,0.0,0.0,0.0,0.0,PASS_<20%,0.00,0.0,NO,STANDBY_VEL_LOW,0,0.00,4590.00,78.36,FALSE,M1_DIRECTION_MISMATCH|OPENING_SHIELD_ACTIVE_11s
2026-09-07 15:40:11.792,1788795611.793,8093,24,24,4414.34,4414.42,8.0,PASS_<=10c,+0.0,FLAT,+0.0,+0.0,4.2,+0.00,0.00,SLOW,4414.34,4414.34,4414.34,4414.34,0.00,0.00,0.0,BULLISH,0.0,4414.34,4414.34,4414.34,4414.34,11,ACTIVE_11s,1.0,0.0,0.0,0.0,0.0,0.0,0.0,PASS_<20%,0.00,0.0,NO,STANDBY_VEL_LOW,0,0.00,4590.00,78.36,FALSE,M1_DIRECTION_MISMATCH|OPENING_SHIELD_ACTIVE_11s
2026-09-07 15:40:12.293,1788795612.294,8094,25,25,4414.34,4414.42,8.0,PASS_<=10c,+0.0,FLAT,+0.0,+0.0,4.2,+0.00,0.00,SLOW,4414.34,4414.34,4414.34,4414.34,0.00,0.00,0.0,BULLISH,0.0,4414.34,4414.34,4414.34,4414.34,12,ACTIVE_12s,1.0,0.0,0.0,0.0,0.0,0.0,0.0,PASS_<20%,0.00,0.0,NO,STANDBY_VEL_LOW,0,0.00,4590.00,78.36,FALSE,M1_DIRECTION_MISMATCH|OPENING_SHIELD_ACTIVE_12s
2026-09-07 15:40:12.794,1788795612.795,8095,26,26,4414.34,4414.42,8.0,PASS_<=10c,+0.0,FLAT,+0.0,+0.0,4.2,+0.00,0.00,SLOW,4414.34,4414.34,4414.34,4414.34,0.00,0.00,0.0,BULLISH,0.0,4414.34,4414.34,4414.34,4414.34,12,ACTIVE_12s,1.0,0.0,0.0,0.0,0.0,0.0,0.0,PASS_<20%,0.00,0.0,NO,STANDBY_VEL_LOW,0,0.00,4590.00,78.36,FALSE,M1_DIRECTION_MISMATCH|OPENING_SHIELD_ACTIVE_12s
2026-09-07 15:40:13.296,1788795613.296,8096,27,27,4414.34,4414.42,8.0,PASS_<=10c,+0.0,FLAT,+0.0,+0.0,4.2,+0.00,0.00,SLOW,4414.34,4414.34,4414.34,4414.34,0.00,0.00,0.0,BULLISH,0.0,4414.34,4414.34,4414.34,4414.34,13,ACTIVE_13s,1.0,0.0,0.0,0.0,0.0,0.0,0.0,PASS_<20%,0.00,0.0,NO,STANDBY_VEL_LOW,0,0.00,4590.00,78.36,FALSE,M1_DIRECTION_MISMATCH|OPENING_SHIELD_ACTIVE_13s
2026-09-07 15:40:13.797,1788795613.797,8097,28,28,4414.34,4414.42,8.0,PASS_<=10c,+0.0,FLAT,+0.0,+0.0,4.2,+0.00,0.00,SLOW,4414.34,4414.34,4414.34,4414.34,0.00,0.00,0.0,BULLISH,0.0,4414.34,4414.34,4414.34,4414.34,13,ACTIVE_13s,1.0,0.0,0.0,0.0,0.0,0.0,0.0,PASS_<20%,0.00,0.0,NO,STANDBY_VEL_LOW,0,0.00,4590.00,78.36,FALSE,M1_DIRECTION_MISMATCH|OPENING_SHIELD_ACTIVE_13s
2026-09-07 15:40:14.298,1788795614.299,8098,29,29,4414.34,4414.42,8.0,PASS_<=10c,+0.0,FLAT,+0.0,+0.0,4.2,+0.00,0.00,SLOW,4414.34,4414.34,4414.34,4414.34,0.00,0.00,0.0,BULLISH,0.0,4414.34,4414.34,4414.34,4414.34,14,ACTIVE_14s,1.0,0.0,0.0,0.0,0.0,0.0,0.0,PASS_<20%,0.00,0.0,NO,STANDBY_VEL_LOW,0,0.00,4590.00,78.36,FALSE,M1_DIRECTION_MISMATCH|OPENING_SHIELD_ACTIVE_14s
2026-09-07 15:40:14.801,1788795614.801,8099,30,30,4414.34,4414.42,8.0,PASS_<=10c,+0.0,FLAT,+0.0,+0.0,4.2,+0.00,0.00,SLOW,4414.34,4414.34,4414.34,4414.34,0.00,0.00,0.0,BULLISH,0.0,4414.34,4414.34,4414.34,4414.34,14,ACTIVE_14s,1.0,0.0,0.0,0.0,0.0,0.0,0.0,PASS_<20%,0.00,0.0,NO,STANDBY_VEL_LOW,0,0.00,4590.00,78.36,FALSE,M1_DIRECTION_MISMATCH|OPENING_SHIELD_ACTIVE_14s
2026-09-07 15:40:15.305,1788795615.305,8100,31,31,4414.34,4414.42,8.0,PASS_<=10c,+0.0,FLAT,+0.0,+0.0,4.2,+0.00,0.00,SLOW,4414.34,4414.34,4414.34,4414.34,0.00,0.00,0.0,BULLISH,0.0,4414.34,4414.34,4414.34,4414.34,15,ACTIVE_15s,1.0,0.0,0.0,0.0,0.0,0.0,0.0,PASS_<20%,0.00,0.0,NO,STANDBY_VEL_LOW,0,0.00,4590.00,78.36,FALSE,M1_DIRECTION_MISMATCH|OPENING_SHIELD_ACTIVE_15s
2026-09-07 15:40:15.803,1788795615.803,8101,32,32,4414.34,4414.42,8.0,PASS_<=10c,+0.0,FLAT,+0.0,+0.0,4.2,+0.00,0.00,SLOW,4414.34,4414.34,4414.34,4414.34,0.00,0.00,0.0,BULLISH,0.0,4414.34,4414.34,4414.34,4414.34,15,ACTIVE_15s,1.0,0.0,0.0,0.0,0.0,0.0,0.0,PASS_<20%,0.00,0.0,NO,STANDBY_VEL_LOW,0,0.00,4590.00,78.36,FALSE,M1_DIRECTION_MISMATCH|OPENING_SHIELD_ACTIVE_15s
2026-09-07 15:40:16.306,1788795616.306,8102,33,33,4414.34,4414.42,8.0,PASS_<=10c,+0.0,FLAT,+0.0,+0.0,4.2,+0.00,0.00,SLOW,4414.34,4414.34,4414.34,4414.34,0.00,0.00,0.0,BULLISH,0.0,4414.34,4414.34,4414.34,4414.34,16,ACTIVE_16s,1.0,0.0,0.0,0.0,0.0,0.0,0.0,PASS_<20%,0.00,0.0,NO,STANDBY_VEL_LOW,0,0.00,4590.00,78.36,FALSE,M1_DIRECTION_MISMATCH|OPENING_SHIELD_ACTIVE_16s
2026-09-07 15:40:16.807,1788795616.808,8103,34,34,4414.34,4414.42,8.0,PASS_<=10c,+0.0,FLAT,+0.0,+0.0,4.2,+0.00,0.00,SLOW,4414.34,4414.34,4414.34,4414.34,0.00,0.00,0.0,BULLISH,0.0,4414.34,4414.34,4414.34,4414.34,16,ACTIVE_16s,1.0,0.0,0.0,0.0,0.0,0.0,0.0,PASS_<20%,0.00,0.0,NO,STANDBY_VEL_LOW,0,0.00,4590.00,78.36,FALSE,M1_DIRECTION_MISMATCH|OPENING_SHIELD_ACTIVE_16s
2026-09-07 15:40:17.309,1788795617.310,8104,35,35,4414.34,4414.42,8.0,PASS_<=10c,+0.0,FLAT,+0.0,+0.0,4.2,+0.00,0.00,SLOW,4414.34,4414.34,4414.34,4414.34,0.00,0.00,0.0,BULLISH,0.0,4414.34,4414.34,4414.34,4414.34,17,ACTIVE_17s,1.0,0.0,0.0,0.0,0.0,0.0,0.0,PASS_<20%,0.00,0.0,NO,STANDBY_VEL_LOW,0,0.00,4590.00,78.36,FALSE,M1_DIRECTION_MISMATCH|OPENING_SHIELD_ACTIVE_17s
2026-09-07 15:40:17.811,1788795617.812,8105,36,36,4414.34,4414.42,8.0,PASS_<=10c,+0.0,FLAT,+0.0,+0.0,4.2,+0.00,0.00,SLOW,4414.34,4414.34,4414.34,4414.34,0.00,0.00,0.0,BULLISH,0.0,4414.34,4414.34,4414.34,4414.34,17,ACTIVE_17s,1.0,0.0,0.0,0.0,0.0,0.0,0.0,PASS_<20%,0.00,0.0,NO,STANDBY_VEL_LOW,0,0.00,4590.00,78.36,FALSE,M1_DIRECTION_MISMATCH|OPENING_SHIELD_ACTIVE_17s
2026-09-07 15:40:18.313,1788795618.314,8106,37,37,4414.34,4414.42,8.0,PASS_<=10c,+0.0,FLAT,+0.0,+0.0,4.2,+0.00,0.00,SLOW,4414.34,4414.34,4414.34,4414.34,0.00,0.00,0.0,BULLISH,0.0,4414.34,4414.34,4414.34,4414.34,18,ACTIVE_18s,1.0,0.0,0.0,0.0,0.0,0.0,0.0,PASS_<20%,0.00,0.0,NO,STANDBY_VEL_LOW,0,0.00,4590.00,78.36,FALSE,M1_DIRECTION_MISMATCH|OPENING_SHIELD_ACTIVE_18s
2026-09-07 15:40:18.815,1788795618.816,8107,38,38,4414.34,4414.42,8.0,PASS_<=10c,+0.0,FLAT,+0.0,+0.0,4.2,+0.00,0.00,SLOW,4414.34,4414.34,4414.34,4414.34,0.00,0.00,0.0,BULLISH,0.0,4414.34,4414.34,4414.34,4414.34,18,ACTIVE_18s,1.0,0.0,0.0,0.0,0.0,0.0,0.0,PASS_<20%,0.00,0.0,NO,STANDBY_VEL_LOW,0,0.00,4590.00,78.36,FALSE,M1_DIRECTION_MISMATCH|OPENING_SHIELD_ACTIVE_18s
2026-09-07 15:40:19.317,1788795619.318,8108,39,39,4414.34,4414.42,8.0,PASS_<=10c,+0.0,FLAT,+0.0,+0.0,4.2,+0.00,0.00,SLOW,4414.34,4414.34,4414.34,4414.34,0.00,0.00,0.0,BULLISH,0.0,4414.34,4414.34,4414.34,4414.34,19,ACTIVE_19s,1.0,0.0,0.0,0.0,0.0,0.0,0.0,PASS_<20%,0.00,0.0,NO,STANDBY_VEL_LOW,0,0.00,4590.00,78.36,FALSE,M1_DIRECTION_MISMATCH|OPENING_SHIELD_ACTIVE_19s
2026-09-07 15:40:19.819,1788795619.819,8109,40,40,4414.34,4414.42,8.0,PASS_<=10c,+0.0,FLAT,+0.0,+0.0,4.2,+0.00,0.00,SLOW,4414.34,4414.34,4414.34,4414.34,0.00,0.00,0.0,BULLISH,0.0,4414.34,4414.34,4414.34,4414.34,19,ACTIVE_19s,1.0,0.0,0.0,0.0,0.0,0.0,0.0,PASS_<20%,0.00,0.0,NO,STANDBY_VEL_LOW,0,0.00,4590.00,78.36,FALSE,M1_DIRECTION_MISMATCH|OPENING_SHIELD_ACTIVE_19s
2026-09-07 15:40:20.320,1788795620.321,8110,41,41,4414.34,4414.42,8.0,PASS_<=10c,+0.0,FLAT,+0.0,+0.0,4.2,+0.00,0.00,SLOW,4414.34,4414.34,4414.34,4414.34,0.00,0.00,0.0,BULLISH,0.0,4414.34,4414.34,4414.34,4414.34,20,CLEARED_>=20s,1.0,0.0,0.0,0.0,0.0,0.0,0.0,PASS_<20%,0.00,0.0,NO,STANDBY_VEL_LOW,0,0.00,4590.00,78.36,FALSE,M1_DIRECTION_MISMATCH
2026-09-07 15:40:20.822,1788795620.822,8111,42,42,4414.34,4414.42,8.0,PASS_<=10c,+0.0,FLAT,+0.0,+0.0,4.2,+0.00,0.00,SLOW,4414.34,4414.34,4414.34,4414.34,0.00,0.00,0.0,BULLISH,0.0,4414.34,4414.34,4414.34,4414.34,20,CLEARED_>=20s,1.0,0.0,0.0,0.0,0.0,0.0,0.0,PASS_<20%,0.00,0.0,NO,STANDBY_VEL_LOW,0,0.00,4590.00,78.36,FALSE,M1_DIRECTION_MISMATCH
2026-09-07 15:40:21.323,1788795621.324,8112,43,43,4414.34,4414.42,8.0,PASS_<=10c,+0.0,FLAT,+0.0,+0.0,4.2,+0.00,0.00,SLOW,4414.34,4414.34,4414.34,4414.34,0.00,0.00,0.0,BULLISH,0.0,4414.34,4414.34,4414.34,4414.34,21,CLEARED_>=20s,1.0,0.0,0.0,0.0,0.0,0.0,0.0,PASS_<20%,0.00,0.0,NO,STANDBY_VEL_LOW,0,0.00,4590.00,78.36,FALSE,M1_DIRECTION_MISMATCH
2026-09-07 15:40:21.825,1788795621.826,8113,44,44,4414.34,4414.42,8.0,PASS_<=10c,+0.0,FLAT,+0.0,+0.0,4.2,+0.00,0.00,SLOW,4414.34,4414.34,4414.34,4414.34,0.00,0.00,0.0,BULLISH,0.0,4414.34,4414.34,4414.34,4414.34,21,CLEARED_>=20s,1.0,0.0,0.0,0.0,0.0,0.0,0.0,PASS_<20%,0.00,0.0,NO,STANDBY_VEL_LOW,0,0.00,4590.00,78.36,FALSE,M1_DIRECTION_MISMATCH
2026-09-07 15:40:22.327,1788795622.328,8114,45,45,4414.34,4414.42,8.0,PASS_<=10c,+0.0,FLAT,+0.0,+0.0,4.2,+0.00,0.00,SLOW,4414.34,4414.34,4414.34,4414.34,0.00,0.00,0.0,BULLISH,0.0,4414.34,4414.34,4414.34,4414.34,22,CLEARED_>=20s,1.0,0.0,0.0,0.0,0.0,0.0,0.0,PASS_<20%,0.00,0.0,NO,STANDBY_VEL_LOW,0,0.00,4590.00,78.36,FALSE,M1_DIRECTION_MISMATCH
2026-09-07 15:40:22.829,1788795622.830,8115,46,46,4414.34,4414.42,8.0,PASS_<=10c,+0.0,FLAT,+0.0,+0.0,4.2,+0.00,0.00,SLOW,4414.34,4414.34,4414.34,4414.34,0.00,0.00,0.0,BULLISH,0.0,4414.34,4414.34,4414.34,4414.34,22,CLEARED_>=20s,1.0,0.0,0.0,0.0,0.0,0.0,0.0,PASS_<20%,0.00,0.0,NO,STANDBY_VEL_LOW,0,0.00,4590.00,78.36,FALSE,M1_DIRECTION_MISMATCH
2026-09-07 15:40:23.331,1788795623.332,8116,47,47,4414.34,4414.42,8.0,PASS_<=10c,+0.0,FLAT,+0.0,+0.0,4.2,+0.00,0.00,SLOW,4414.34,4414.34,4414.34,4414.34,0.00,0.00,0.0,BULLISH,0.0,4414.34,4414.34,4414.34,4414.34,23,CLEARED_>=20s,1.0,0.0,0.0,0.0,0.0,0.0,0.0,PASS_<20%,0.00,0.0,NO,STANDBY_VEL_LOW,0,0.00,4590.00,78.36,FALSE,M1_DIRECTION_MISMATCH
2026-09-07 15:40:23.832,1788795623.833,8117,48,48,4414.34,4414.42,8.0,PASS_<=10c,+0.0,FLAT,+0.0,+0.0,4.2,+0.00,0.00,SLOW,4414.34,4414.34,4414.34,4414.34,0.00,0.00,0.0,BULLISH,0.0,4414.34,4414.34,4414.34,4414.34,23,CLEARED_>=20s,1.0,0.0,0.0,0.0,0.0,0.0,0.0,PASS_<20%,0.00,0.0,NO,STANDBY_VEL_LOW,0,0.00,4590.00,78.36,FALSE,M1_DIRECTION_MISMATCH
2026-09-07 15:40:24.334,1788795624.334,8118,49,49,4414.34,4414.42,8.0,PASS_<=10c,+0.0,FLAT,+0.0,+0.0,4.2,+0.00,0.00,SLOW,4414.34,4414.34,4414.34,4414.34,0.00,0.00,0.0,BULLISH,0.0,4414.34,4414.34,4414.34,4414.34,24,CLEARED_>=20s,1.0,0.0,0.0,0.0,0.0,0.0,0.0,PASS_<20%,0.00,0.0,NO,STANDBY_VEL_LOW,0,0.00,4590.00,78.36,FALSE,M1_DIRECTION_MISMATCH
2026-09-07 15:40:24.835,1788795624.835,8119,50,50,4414.34,4414.42,8.0,PASS_<=10c,+0.0,FLAT,+0.0,+0.0,4.2,+0.00,0.00,SLOW,4414.34,4414.34,4414.34,4414.34,0.00,0.00,0.0,BULLISH,0.0,4414.34,4414.34,4414.34,4414.34,24,CLEARED_>=20s,1.0,0.0,0.0,0.0,0.0,0.0,0.0,PASS_<20%,0.00,0.0,NO,STANDBY_VEL_LOW,0,0.00,4590.00,78.36,FALSE,M1_DIRECTION_MISMATCH
2026-09-07 15:40:25.336,1788795625.336,8120,51,51,4414.34,4414.42,8.0,PASS_<=10c,+0.0,FLAT,+0.0,+0.0,4.2,+0.00,0.00,SLOW,4414.34,4414.34,4414.34,4414.34,0.00,0.00,0.0,BULLISH,0.0,4414.34,4414.34,4414.34,4414.34,25,CLEARED_>=20s,1.0,0.0,0.0,0.0,0.0,0.0,0.0,PASS_<20%,0.00,0.0,NO,STANDBY_VEL_LOW,0,0.00,4590.00,78.36,FALSE,M1_DIRECTION_MISMATCH
2026-09-07 15:40:25.837,1788795625.838,8121,52,52,4414.34,4414.42,8.0,PASS_<=10c,+0.0,FLAT,+0.0,+0.0,4.2,+0.00,0.00,SLOW,4414.34,4414.34,4414.34,4414.34,0.00,0.00,0.0,BULLISH,0.0,4414.34,4414.34,4414.34,4414.34,25,CLEARED_>=20s,1.0,0.0,0.0,0.0,0.0,0.0,0.0,PASS_<20%,0.00,0.0,NO,STANDBY_VEL_LOW,0,0.00,4590.00,78.36,FALSE,M1_DIRECTION_MISMATCH
2026-09-07 15:40:26.339,1788795626.339,8122,53,53,4414.34,4414.42,8.0,PASS_<=10c,+0.0,FLAT,+0.0,+0.0,4.2,+0.00,0.00,SLOW,4414.34,4414.34,4414.34,4414.34,0.00,0.00,0.0,BULLISH,0.0,4414.34,4414.34,4414.34,4414.34,26,CLEARED_>=20s,1.0,0.0,0.0,0.0,0.0,0.0,0.0,PASS_<20%,0.00,0.0,NO,STANDBY_VEL_LOW,0,0.00,4590.00,78.36,FALSE,M1_DIRECTION_MISMATCH
2026-09-07 15:40:26.840,1788795626.841,8123,54,54,4414.34,4414.42,8.0,PASS_<=10c,+0.0,FLAT,+0.0,+0.0,4.2,+0.00,0.00,SLOW,4414.34,4414.34,4414.34,4414.34,0.00,0.00,0.0,BULLISH,0.0,4414.34,4414.34,4414.34,4414.34,26,CLEARED_>=20s,1.0,0.0,0.0,0.0,0.0,0.0,0.0,PASS_<20%,0.00,0.0,NO,STANDBY_VEL_LOW,0,0.00,4590.00,78.36,FALSE,M1_DIRECTION_MISMATCH
2026-09-07 15:40:27.342,1788795627.343,8124,55,55,4414.34,4414.42,8.0,PASS_<=10c,+0.0,FLAT,+0.0,+0.0,4.2,+0.00,0.00,SLOW,4414.34,4414.34,4414.34,4414.34,0.00,0.00,0.0,BULLISH,0.0,4414.34,4414.34,4414.34,4414.34,27,CLEARED_>=20s,1.0,0.0,0.0,0.0,0.0,0.0,0.0,PASS_<20%,0.00,0.0,NO,STANDBY_VEL_LOW,0,0.00,4590.00,78.36,FALSE,M1_DIRECTION_MISMATCH
2026-09-07 15:40:27.844,1788795627.845,8125,56,56,4414.34,4414.42,8.0,PASS_<=10c,+0.0,FLAT,+0.0,+0.0,4.2,+0.00,0.00,SLOW,4414.34,4414.34,4414.34,4414.34,0.00,0.00,0.0,BULLISH,0.0,4414.34,4414.34,4414.34,4414.34,27,CLEARED_>=20s,1.0,0.0,0.0,0.0,0.0,0.0,0.0,PASS_<20%,0.00,0.0,NO,STANDBY_VEL_LOW,0,0.00,4590.00,78.36,FALSE,M1_DIRECTION_MISMATCH
2026-09-07 15:40:28.345,1788795628.346,8126,57,57,4414.34,4414.42,8.0,PASS_<=10c,+0.0,FLAT,+0.0,+0.0,4.2,+0.00,0.00,SLOW,4414.34,4414.34,4414.34,4414.34,0.00,0.00,0.0,BULLISH,0.0,4414.34,4414.34,4414.34,4414.34,28,CLEARED_>=20s,1.0,0.0,0.0,0.0,0.0,0.0,0.0,PASS_<20%,0.00,0.0,NO,STANDBY_VEL_LOW,0,0.00,4590.00,78.36,FALSE,M1_DIRECTION_MISMATCH
2026-09-07 15:40:28.847,1788795628.847,8127,58,58,4414.34,4414.42,8.0,PASS_<=10c,+0.0,FLAT,+0.0,+0.0,4.2,+0.00,0.00,SLOW,4414.34,4414.34,4414.34,4414.34,0.00,0.00,0.0,BULLISH,0.0,4414.34,4414.34,4414.34,4414.34,28,CLEARED_>=20s,1.0,0.0,0.0,0.0,0.0,0.0,0.0,PASS_<20%,0.00,0.0,NO,STANDBY_VEL_LOW,0,0.00,4590.00,78.36,FALSE,M1_DIRECTION_MISMATCH
2026-09-07 15:40:29.350,1788795629.350,8128,59,59,4414.34,4414.42,8.0,PASS_<=10c,+0.0,FLAT,+0.0,+0.0,4.2,+0.00,0.00,SLOW,4414.34,4414.34,4414.34,4414.34,0.00,0.00,0.0,BULLISH,0.0,4414.34,4414.34,4414.34,4414.34,29,CLEARED_>=20s,1.0,0.0,0.0,0.0,0.0,0.0,0.0,PASS_<20%,0.00,0.0,NO,STANDBY_VEL_LOW,0,0.00,4590.00,78.36,FALSE,M1_DIRECTION_MISMATCH
2026-09-07 15:40:29.851,1788795629.851,8129,60,60,4414.34,4414.42,8.0,PASS_<=10c,+0.0,FLAT,+0.0,+0.0,4.2,+0.00,0.00,SLOW,4414.34,4414.34,4414.34,4414.34,0.00,0.00,0.0,BULLISH,0.0,4414.34,4414.34,4414.34,4414.34,29,CLEARED_>=20s,1.0,0.0,0.0,0.0,0.0,0.0,0.0,PASS_<20%,0.00,0.0,NO,STANDBY_VEL_LOW,0,0.00,4590.00,78.36,FALSE,M1_DIRECTION_MISMATCH
2026-09-07 15:40:30.353,1788795630.353,8130,61,61,4414.34,4414.42,8.0,PASS_<=10c,+0.0,FLAT,+0.0,+0.0,4.2,+0.00,0.00,SLOW,4414.34,4414.34,4414.34,4414.34,0.00,0.00,0.0,BULLISH,0.0,4414.34,4414.34,4414.34,4414.34,30,CLEARED_>=20s,1.0,0.0,0.0,0.0,0.0,0.0,0.0,PASS_<20%,0.00,0.0,NO,STANDBY_VEL_LOW,0,0.00,4590.00,78.36,FALSE,M1_DIRECTION_MISMATCH
2026-09-07 15:40:30.855,1788795630.856,8131,62,62,4414.34,4414.42,8.0,PASS_<=10c,+0.0,FLAT,+0.0,+0.0,4.2,+0.00,0.00,SLOW,4414.34,4414.34,4414.34,4414.34,0.00,0.00,0.0,BULLISH,0.0,4414.34,4414.34,4414.34,4414.34,30,CLEARED_>=20s,1.0,0.0,0.0,0.0,0.0,0.0,0.0,PASS_<20%,0.00,0.0,NO,STANDBY_VEL_LOW,0,0.00,4590.00,78.36,FALSE,M1_DIRECTION_MISMATCH
2026-09-07 15:40:31.356,1788795631.357,8132,63,63,4414.34,4414.42,8.0,PASS_<=10c,+0.0,FLAT,+0.0,+0.0,4.2,+0.00,0.00,SLOW,4414.34,4414.34,4414.34,4414.34,0.00,0.00,0.0,BULLISH,0.0,4414.34,4414.34,4414.34,4414.34,31,CLEARED_>=20s,1.0,0.0,0.0,0.0,0.0,0.0,0.0,PASS_<20%,0.00,0.0,NO,STANDBY_VEL_LOW,0,0.00,4590.00,78.36,FALSE,M1_DIRECTION_MISMATCH
2026-09-07 15:40:31.858,1788795631.859,8133,64,64,4414.34,4414.42,8.0,PASS_<=10c,+0.0,FLAT,+0.0,+0.0,4.2,+0.00,0.00,SLOW,4414.34,4414.34,4414.34,4414.34,0.00,0.00,0.0,BULLISH,0.0,4414.34,4414.34,4414.34,4414.34,31,CLEARED_>=20s,1.0,0.0,0.0,0.0,0.0,0.0,0.0,PASS_<20%,0.00,0.0,NO,STANDBY_VEL_LOW,0,0.00,4590.00,78.36,FALSE,M1_DIRECTION_MISMATCH
2026-09-07 15:40:32.359,1788795632.360,8134,65,65,4414.34,4414.42,8.0,PASS_<=10c,+0.0,FLAT,+0.0,+0.0,4.2,+0.00,0.00,SLOW,4414.34,4414.34,4414.34,4414.34,0.00,0.00,0.0,BULLISH,0.0,4414.34,4414.34,4414.34,4414.34,32,CLEARED_>=20s,1.0,0.0,0.0,0.0,0.0,0.0,0.0,PASS_<20%,0.00,0.0,NO,STANDBY_VEL_LOW,0,0.00,4590.00,78.36,FALSE,M1_DIRECTION_MISMATCH
2026-09-07 15:40:32.861,1788795632.861,8135,66,66,4414.34,4414.42,8.0,PASS_<=10c,+0.0,FLAT,+0.0,+0.0,4.2,+0.00,0.00,SLOW,4414.34,4414.34,4414.34,4414.34,0.00,0.00,0.0,BULLISH,0.0,4414.34,4414.34,4414.34,4414.34,32,CLEARED_>=20s,1.0,0.0,0.0,0.0,0.0,0.0,0.0,PASS_<20%,0.00,0.0,NO,STANDBY_VEL_LOW,0,0.00,4590.00,78.36,FALSE,M1_DIRECTION_MISMATCH
2026-09-07 15:40:33.363,1788795633.364,8136,67,67,4414.34,4414.42,8.0,PASS_<=10c,+0.0,FLAT,+0.0,+0.0,4.2,+0.00,0.00,SLOW,4414.34,4414.34,4414.34,4414.34,0.00,0.00,0.0,BULLISH,0.0,4414.34,4414.34,4414.34,4414.34,33,CLEARED_>=20s,1.0,0.0,0.0,0.0,0.0,0.0,0.0,PASS_<20%,0.00,0.0,NO,STANDBY_VEL_LOW,0,0.00,4590.00,78.36,FALSE,M1_DIRECTION_MISMATCH
2026-09-07 15:40:33.865,1788795633.865,8137,68,68,4414.34,4414.42,8.0,PASS_<=10c,+0.0,FLAT,+0.0,+0.0,4.2,+0.00,0.00,SLOW,4414.34,4414.34,4414.34,4414.34,0.00,0.00,0.0,BULLISH,0.0,4414.34,4414.34,4414.34,4414.34,33,CLEARED_>=20s,1.0,0.0,0.0,0.0,0.0,0.0,0.0,PASS_<20%,0.00,0.0,NO,STANDBY_VEL_LOW,0,0.00,4590.00,78.36,FALSE,M1_DIRECTION_MISMATCH
2026-09-07 15:40:34.367,1788795634.367,8138,69,69,4414.34,4414.42,8.0,PASS_<=10c,+0.0,FLAT,+0.0,+0.0,4.2,+0.00,0.00,SLOW,4414.34,4414.34,4414.34,4414.34,0.00,0.00,0.0,BULLISH,0.0,4414.34,4414.34,4414.34,4414.34,34,CLEARED_>=20s,1.0,0.0,0.0,0.0,0.0,0.0,0.0,PASS_<20%,0.00,0.0,NO,STANDBY_VEL_LOW,0,0.00,4590.00,78.36,FALSE,M1_DIRECTION_MISMATCH
2026-09-07 15:40:34.868,1788795634.868,8139,70,70,4414.34,4414.42,8.0,PASS_<=10c,+0.0,FLAT,+0.0,+0.0,4.2,+0.00,0.00,SLOW,4414.34,4414.34,4414.34,4414.34,0.00,0.00,0.0,BULLISH,0.0,4414.34,4414.34,4414.34,4414.34,34,CLEARED_>=20s,1.0,0.0,0.0,0.0,0.0,0.0,0.0,PASS_<20%,0.00,0.0,NO,STANDBY_VEL_LOW,0,0.00,4590.00,78.36,FALSE,M1_DIRECTION_MISMATCH
2026-09-07 15:40:35.369,1788795635.369,8140,71,71,4414.34,4414.42,8.0,PASS_<=10c,+0.0,FLAT,+0.0,+0.0,4.2,+0.00,0.00,SLOW,4414.34,4414.34,4414.34,4414.34,0.00,0.00,0.0,BULLISH,0.0,4414.34,4414.34,4414.34,4414.34,35,CLEARED_>=20s,1.0,0.0,0.0,0.0,0.0,0.0,0.0,PASS_<20%,0.00,0.0,NO,STANDBY_VEL_LOW,0,0.00,4590.00,78.36,FALSE,M1_DIRECTION_MISMATCH
2026-09-07 15:40:35.872,1788795635.872,8141,72,72,4414.34,4414.42,8.0,PASS_<=10c,+0.0,FLAT,+0.0,+0.0,4.2,+0.00,0.00,SLOW,4414.34,4414.34,4414.34,4414.34,0.00,0.00,0.0,BULLISH,0.0,4414.34,4414.34,4414.34,4414.34,35,CLEARED_>=20s,1.0,0.0,0.0,0.0,0.0,0.0,0.0,PASS_<20%,0.00,0.0,NO,STANDBY_VEL_LOW,0,0.00,4590.00,78.36,FALSE,M1_DIRECTION_MISMATCH
2026-09-07 15:40:36.373,1788795636.373,8142,73,73,4414.34,4414.42,8.0,PASS_<=10c,+0.0,FLAT,+0.0,+0.0,4.2,+0.00,0.00,SLOW,4414.34,4414.34,4414.34,4414.34,0.00,0.00,0.0,BULLISH,0.0,4414.34,4414.34,4414.34,4414.34,36,CLEARED_>=20s,1.0,0.0,0.0,0.0,0.0,0.0,0.0,PASS_<20%,0.00,0.0,NO,STANDBY_VEL_LOW,0,0.00,4590.00,78.36,FALSE,M1_DIRECTION_MISMATCH
2026-09-07 15:40:36.875,1788795636.875,8143,74,74,4414.34,4414.42,8.0,PASS_<=10c,+0.0,FLAT,+0.0,+0.0,4.2,+0.00,0.00,SLOW,4414.34,4414.34,4414.34,4414.34,0.00,0.00,0.0,BULLISH,0.0,4414.34,4414.34,4414.34,4414.34,36,CLEARED_>=20s,1.0,0.0,0.0,0.0,0.0,0.0,0.0,PASS_<20%,0.00,0.0,NO,STANDBY_VEL_LOW,0,0.00,4590.00,78.36,FALSE,M1_DIRECTION_MISMATCH
2026-09-07 15:40:37.376,1788795637.376,8144,75,75,4414.34,4414.42,8.0,PASS_<=10c,+0.0,FLAT,+0.0,+0.0,4.2,+0.00,0.00,SLOW,4414.34,4414.34,4414.34,4414.34,0.00,0.00,0.0,BULLISH,0.0,4414.34,4414.34,4414.34,4414.34,37,CLEARED_>=20s,1.0,0.0,0.0,0.0,0.0,0.0,0.0,PASS_<20%,0.00,0.0,NO,STANDBY_VEL_LOW,0,0.00,4590.00,78.36,FALSE,M1_DIRECTION_MISMATCH
2026-09-07 15:40:37.878,1788795637.879,8145,76,76,4414.34,4414.42,8.0,PASS_<=10c,+0.0,FLAT,+0.0,+0.0,4.2,+0.00,0.00,SLOW,4414.34,4414.34,4414.34,4414.34,0.00,0.00,0.0,BULLISH,0.0,4414.34,4414.34,4414.34,4414.34,37,CLEARED_>=20s,1.0,0.0,0.0,0.0,0.0,0.0,0.0,PASS_<20%,0.00,0.0,NO,STANDBY_VEL_LOW,0,0.00,4590.00,78.36,FALSE,M1_DIRECTION_MISMATCH
2026-09-07 15:40:38.378,1788795638.379,8146,77,77,4414.34,4414.42,8.0,PASS_<=10c,+0.0,FLAT,+0.0,+0.0,4.2,+0.00,0.00,SLOW,4414.34,4414.34,4414.34,4414.34,0.00,0.00,0.0,BULLISH,0.0,4414.34,4414.34,4414.34,4414.34,38,CLEARED_>=20s,1.0,0.0,0.0,0.0,0.0,0.0,0.0,PASS_<20%,0.00,0.0,NO,STANDBY_VEL_LOW,0,0.00,4590.00,78.36,FALSE,M1_DIRECTION_MISMATCH
2026-09-07 15:40:38.880,1788795638.881,8147,78,78,4414.34,4414.42,8.0,PASS_<=10c,+0.0,FLAT,+0.0,+0.0,4.2,+0.00,0.00,SLOW,4414.34,4414.34,4414.34,4414.34,0.00,0.00,0.0,BULLISH,0.0,4414.34,4414.34,4414.34,4414.34,38,CLEARED_>=20s,1.0,0.0,0.0,0.0,0.0,0.0,0.0,PASS_<20%,0.00,0.0,NO,STANDBY_VEL_LOW,0,0.00,4590.00,78.36,FALSE,M1_DIRECTION_MISMATCH
2026-09-07 15:40:39.382,1788795639.383,8148,79,79,4414.34,4414.42,8.0,PASS_<=10c,+0.0,FLAT,+0.0,+0.0,4.2,+0.00,0.00,SLOW,4414.34,4414.34,4414.34,4414.34,0.00,0.00,0.0,BULLISH,0.0,4414.34,4414.34,4414.34,4414.34,39,CLEARED_>=20s,1.0,0.0,0.0,0.0,0.0,0.0,0.0,PASS_<20%,0.00,0.0,NO,STANDBY_VEL_LOW,0,0.00,4590.00,78.36,FALSE,M1_DIRECTION_MISMATCH
2026-09-07 15:40:39.884,1788795639.884,8149,80,80,4414.34,4414.42,8.0,PASS_<=10c,+0.0,FLAT,+0.0,+0.0,4.2,+0.00,0.00,SLOW,4414.34,4414.34,4414.34,4414.34,0.00,0.00,0.0,BULLISH,0.0,4414.34,4414.34,4414.34,4414.34,39,CLEARED_>=20s,1.0,0.0,0.0,0.0,0.0,0.0,0.0,PASS_<20%,0.00,0.0,NO,STANDBY_VEL_LOW,0,0.00,4590.00,78.36,FALSE,M1_DIRECTION_MISMATCH
2026-09-07 15:40:40.385,1788795640.386,8150,81,81,4414.34,4414.42,8.0,PASS_<=10c,+0.0,FLAT,+0.0,+0.0,4.2,+0.00,0.00,SLOW,4414.34,4414.34,4414.34,4414.34,0.00,0.00,0.0,BULLISH,0.0,4414.34,4414.34,4414.34,4414.34,40,CLEARED_>=20s,1.0,0.0,0.0,0.0,0.0,0.0,0.0,PASS_<20%,0.00,0.0,NO,STANDBY_VEL_LOW,0,0.00,4590.00,78.36,FALSE,M1_DIRECTION_MISMATCH
2026-09-07 15:40:40.889,1788795640.889,8151,82,82,4414.34,4414.42,8.0,PASS_<=10c,+0.0,FLAT,+0.0,+0.0,4.2,+0.00,0.00,SLOW,4414.34,4414.34,4414.34,4414.34,0.00,0.00,0.0,BULLISH,0.0,4414.34,4414.34,4414.34,4414.34,40,CLEARED_>=20s,1.0,0.0,0.0,0.0,0.0,0.0,0.0,PASS_<20%,0.00,0.0,NO,STANDBY_VEL_LOW,0,0.00,4590.00,78.36,FALSE,M1_DIRECTION_MISMATCH
2026-09-07 15:40:41.389,1788795641.390,8152,83,83,4414.34,4414.42,8.0,PASS_<=10c,+0.0,FLAT,+0.0,+0.0,4.2,+0.00,0.00,SLOW,4414.34,4414.34,4414.34,4414.34,0.00,0.00,0.0,BULLISH,0.0,4414.34,4414.34,4414.34,4414.34,41,CLEARED_>=20s,1.0,0.0,0.0,0.0,0.0,0.0,0.0,PASS_<20%,0.00,0.0,NO,STANDBY_VEL_LOW,0,0.00,4590.00,78.36,FALSE,M1_DIRECTION_MISMATCH
2026-09-07 15:40:41.890,1788795641.891,8153,84,84,4414.34,4414.42,8.0,PASS_<=10c,+0.0,FLAT,+0.0,+0.0,4.2,+0.00,0.00,SLOW,4414.34,4414.34,4414.34,4414.34,0.00,0.00,0.0,BULLISH,0.0,4414.34,4414.34,4414.34,4414.34,41,CLEARED_>=20s,1.0,0.0,0.0,0.0,0.0,0.0,0.0,PASS_<20%,0.00,0.0,NO,STANDBY_VEL_LOW,0,0.00,4590.00,78.36,FALSE,M1_DIRECTION_MISMATCH
2026-09-07 15:40:42.391,1788795642.392,8154,85,85,4414.34,4414.42,8.0,PASS_<=10c,+0.0,FLAT,+0.0,+0.0,4.2,+0.00,0.00,SLOW,4414.34,4414.34,4414.34,4414.34,0.00,0.00,0.0,BULLISH,0.0,4414.34,4414.34,4414.34,4414.34,42,CLEARED_>=20s,1.0,0.0,0.0,0.0,0.0,0.0,0.0,PASS_<20%,0.00,0.0,NO,STANDBY_VEL_LOW,0,0.00,4590.00,78.36,FALSE,M1_DIRECTION_MISMATCH
2026-09-07 15:40:42.893,1788795642.893,8155,86,86,4414.34,4414.42,8.0,PASS_<=10c,+0.0,FLAT,+0.0,+0.0,4.2,+0.00,0.00,SLOW,4414.34,4414.34,4414.34,4414.34,0.00,0.00,0.0,BULLISH,0.0,4414.34,4414.34,4414.34,4414.34,42,CLEARED_>=20s,1.0,0.0,0.0,0.0,0.0,0.0,0.0,PASS_<20%,0.00,0.0,NO,STANDBY_VEL_LOW,0,0.00,4590.00,78.36,FALSE,M1_DIRECTION_MISMATCH
2026-09-07 15:40:43.394,1788795643.394,8156,87,87,4414.34,4414.42,8.0,PASS_<=10c,+0.0,FLAT,+0.0,+0.0,4.2,+0.00,0.00,SLOW,4414.34,4414.34,4414.34,4414.34,0.00,0.00,0.0,BULLISH,0.0,4414.34,4414.34,4414.34,4414.34,43,CLEARED_>=20s,1.0,0.0,0.0,0.0,0.0,0.0,0.0,PASS_<20%,0.00,0.0,NO,STANDBY_VEL_LOW,0,0.00,4590.00,78.36,FALSE,M1_DIRECTION_MISMATCH
2026-09-07 15:40:43.895,1788795643.896,8157,88,88,4414.34,4414.42,8.0,PASS_<=10c,+0.0,FLAT,+0.0,+0.0,4.2,+0.00,0.00,SLOW,4414.34,4414.34,4414.34,4414.34,0.00,0.00,0.0,BULLISH,0.0,4414.34,4414.34,4414.34,4414.34,43,CLEARED_>=20s,1.0,0.0,0.0,0.0,0.0,0.0,0.0,PASS_<20%,0.00,0.0,NO,STANDBY_VEL_LOW,0,0.00,4590.00,78.36,FALSE,M1_DIRECTION_MISMATCH
2026-09-07 15:40:44.398,1788795644.398,8158,89,89,4414.34,4414.42,8.0,PASS_<=10c,+0.0,FLAT,+0.0,+0.0,4.2,+0.00,0.00,SLOW,4414.34,4414.34,4414.34,4414.34,0.00,0.00,0.0,BULLISH,0.0,4414.34,4414.34,4414.34,4414.34,44,CLEARED_>=20s,1.0,0.0,0.0,0.0,0.0,0.0,0.0,PASS_<20%,0.00,0.0,NO,STANDBY_VEL_LOW,0,0.00,4590.00,78.36,FALSE,M1_DIRECTION_MISMATCH
2026-09-07 15:40:44.899,1788795644.900,8159,90,90,4414.34,4414.42,8.0,PASS_<=10c,+0.0,FLAT,+0.0,+0.0,4.2,+0.00,0.00,SLOW,4414.34,4414.34,4414.34,4414.34,0.00,0.00,0.0,BULLISH,0.0,4414.34,4414.34,4414.34,4414.34,44,CLEARED_>=20s,1.0,0.0,0.0,0.0,0.0,0.0,0.0,PASS_<20%,0.00,0.0,NO,STANDBY_VEL_LOW,0,0.00,4590.00,78.36,FALSE,M1_DIRECTION_MISMATCH
2026-09-07 15:40:45.401,1788795645.401,8160,91,91,4414.34,4414.42,8.0,PASS_<=10c,+0.0,FLAT,+0.0,+0.0,4.2,+0.00,0.00,SLOW,4414.34,4414.34,4414.34,4414.34,0.00,0.00,0.0,BULLISH,0.0,4414.34,4414.34,4414.34,4414.34,45,CLEARED_>=20s,1.0,0.0,0.0,0.0,0.0,0.0,0.0,PASS_<20%,0.00,0.0,NO,STANDBY_VEL_LOW,0,0.00,4590.00,78.36,FALSE,M1_DIRECTION_MISMATCH
2026-09-07 15:40:45.902,1788795645.903,8161,92,92,4414.34,4414.42,8.0,PASS_<=10c,+0.0,FLAT,+0.0,+0.0,4.2,+0.00,0.00,SLOW,4414.34,4414.34,4414.34,4414.34,0.00,0.00,0.0,BULLISH,0.0,4414.34,4414.34,4414.34,4414.34,45,CLEARED_>=20s,1.0,0.0,0.0,0.0,0.0,0.0,0.0,PASS_<20%,0.00,0.0,NO,STANDBY_VEL_LOW,0,0.00,4590.00,78.36,FALSE,M1_DIRECTION_MISMATCH
2026-09-07 15:40:46.405,1788795646.405,8162,93,93,4414.34,4414.42,8.0,PASS_<=10c,+0.0,FLAT,+0.0,+0.0,4.2,+0.00,0.00,SLOW,4414.34,4414.34,4414.34,4414.34,0.00,0.00,0.0,BULLISH,0.0,4414.34,4414.34,4414.34,4414.34,46,CLEARED_>=20s,1.0,0.0,0.0,0.0,0.0,0.0,0.0,PASS_<20%,0.00,0.0,NO,STANDBY_VEL_LOW,0,0.00,4590.00,78.36,FALSE,M1_DIRECTION_MISMATCH
2026-09-07 15:40:46.910,1788795646.911,8163,94,94,4414.34,4414.42,8.0,PASS_<=10c,+0.0,FLAT,+0.0,+0.0,4.2,+0.00,0.00,SLOW,4414.34,4414.34,4414.34,4414.34,0.00,0.00,0.0,BULLISH,0.0,4414.34,4414.34,4414.34,4414.34,46,CLEARED_>=20s,1.0,0.0,0.0,0.0,0.0,0.0,0.0,PASS_<20%,0.00,0.0,NO,STANDBY_VEL_LOW,0,0.00,4590.00,78.36,FALSE,M1_DIRECTION_MISMATCH
2026-09-07 15:40:47.412,1788795647.412,8164,95,95,4414.34,4414.42,8.0,PASS_<=10c,+0.0,FLAT,+0.0,+0.0,4.2,+0.00,0.00,SLOW,4414.34,4414.34,4414.34,4414.34,0.00,0.00,0.0,BULLISH,0.0,4414.34,4414.34,4414.34,4414.34,47,CLEARED_>=20s,1.0,0.0,0.0,0.0,0.0,0.0,0.0,PASS_<20%,0.00,0.0,NO,STANDBY_VEL_LOW,0,0.00,4590.00,78.36,FALSE,M1_DIRECTION_MISMATCH
2026-09-07 15:40:47.913,1788795647.914,8165,96,96,4414.34,4414.42,8.0,PASS_<=10c,+0.0,FLAT,+0.0,+0.0,4.2,+0.00,0.00,SLOW,4414.34,4414.34,4414.34,4414.34,0.00,0.00,0.0,BULLISH,0.0,4414.34,4414.34,4414.34,4414.34,47,CLEARED_>=20s,1.0,0.0,0.0,0.0,0.0,0.0,0.0,PASS_<20%,0.00,0.0,NO,STANDBY_VEL_LOW,0,0.00,4590.00,78.36,FALSE,M1_DIRECTION_MISMATCH
2026-09-07 15:40:48.415,1788795648.416,8166,97,97,4414.34,4414.42,8.0,PASS_<=10c,+0.0,FLAT,+0.0,+0.0,4.2,+0.00,0.00,SLOW,4414.34,4414.34,4414.34,4414.34,0.00,0.00,0.0,BULLISH,0.0,4414.34,4414.34,4414.34,4414.34,48,CLEARED_>=20s,1.0,0.0,0.0,0.0,0.0,0.0,0.0,PASS_<20%,0.00,0.0,NO,STANDBY_VEL_LOW,0,0.00,4590.00,78.36,FALSE,M1_DIRECTION_MISMATCH
2026-09-07 15:40:48.917,1788795648.918,8167,98,98,4414.34,4414.42,8.0,PASS_<=10c,+0.0,FLAT,+0.0,+0.0,4.2,+0.00,0.00,SLOW,4414.34,4414.34,4414.34,4414.34,0.00,0.00,0.0,BULLISH,0.0,4414.34,4414.34,4414.34,4414.34,48,CLEARED_>=20s,1.0,0.0,0.0,0.0,0.0,0.0,0.0,PASS_<20%,0.00,0.0,NO,STANDBY_VEL_LOW,0,0.00,4590.00,78.36,FALSE,M1_DIRECTION_MISMATCH
2026-09-07 15:40:49.420,1788795649.420,8168,99,99,4414.34,4414.42,8.0,PASS_<=10c,+0.0,FLAT,+0.0,+0.0,4.2,+0.00,0.00,SLOW,4414.34,4414.34,4414.34,4414.34,0.00,0.00,0.0,BULLISH,0.0,4414.34,4414.34,4414.34,4414.34,49,CLEARED_>=20s,1.0,0.0,0.0,0.0,0.0,0.0,0.0,PASS_<20%,0.00,0.0,NO,STANDBY_VEL_LOW,0,0.00,4590.00,78.36,FALSE,M1_DIRECTION_MISMATCH
2026-09-07 15:40:49.922,1788795649.923,8169,100,100,4414.34,4414.42,8.0,PASS_<=10c,+0.0,FLAT,+0.0,+0.0,4.2,+0.00,0.00,SLOW,4414.34,4414.34,4414.34,4414.34,0.00,0.00,0.0,BULLISH,0.0,4414.34,4414.34,4414.34,4414.34,49,CLEARED_>=20s,1.0,0.0,0.0,0.0,0.0,0.0,0.0,PASS_<20%,0.00,0.0,NO,STANDBY_VEL_LOW,0,0.00,4590.00,78.36,FALSE,M1_DIRECTION_MISMATCH
2026-09-07 15:40:50.424,1788795650.425,8170,101,101,4414.34,4414.42,8.0,PASS_<=10c,+0.0,FLAT,+0.0,+0.0,4.2,+0.00,0.00,SLOW,4414.34,4414.34,4414.34,4414.34,0.00,0.00,0.0,BULLISH,0.0,4414.34,4414.34,4414.34,4414.34,50,CLEARED_>=20s,1.0,0.0,0.0,0.0,0.0,0.0,0.0,PASS_<20%,0.00,0.0,NO,STANDBY_VEL_LOW,0,0.00,4590.00,78.36,FALSE,M1_DIRECTION_MISMATCH
2026-09-07 15:40:50.925,1788795650.926,8171,102,102,4414.34,4414.42,8.0,PASS_<=10c,+0.0,FLAT,+0.0,+0.0,4.2,+0.00,0.00,SLOW,4414.34,4414.34,4414.34,4414.34,0.00,0.00,0.0,BULLISH,0.0,4414.34,4414.34,4414.34,4414.34,50,CLEARED_>=20s,1.0,0.0,0.0,0.0,0.0,0.0,0.0,PASS_<20%,0.00,0.0,NO,STANDBY_VEL_LOW,0,0.00,4590.00,78.36,FALSE,M1_DIRECTION_MISMATCH
2026-09-07 15:40:51.427,1788795651.427,8172,103,103,4414.34,4414.42,8.0,PASS_<=10c,+0.0,FLAT,+0.0,+0.0,4.2,+0.00,0.00,SLOW,4414.34,4414.34,4414.34,4414.34,0.00,0.00,0.0,BULLISH,0.0,4414.34,4414.34,4414.34,4414.34,51,CLEARED_>=20s,1.0,0.0,0.0,0.0,0.0,0.0,0.0,PASS_<20%,0.00,0.0,NO,STANDBY_VEL_LOW,0,0.00,4590.00,78.36,FALSE,M1_DIRECTION_MISMATCH
2026-09-07 15:40:51.928,1788795651.929,8173,104,104,4414.34,4414.42,8.0,PASS_<=10c,+0.0,FLAT,+0.0,+0.0,4.2,+0.00,0.00,SLOW,4414.34,4414.34,4414.34,4414.34,0.00,0.00,0.0,BULLISH,0.0,4414.34,4414.34,4414.34,4414.34,51,CLEARED_>=20s,1.0,0.0,0.0,0.0,0.0,0.0,0.0,PASS_<20%,0.00,0.0,NO,STANDBY_VEL_LOW,0,0.00,4590.00,78.36,FALSE,M1_DIRECTION_MISMATCH
2026-09-07 15:40:52.430,1788795652.431,8174,105,105,4414.34,4414.42,8.0,PASS_<=10c,+0.0,FLAT,+0.0,+0.0,4.2,+0.00,0.00,SLOW,4414.34,4414.34,4414.34,4414.34,0.00,0.00,0.0,BULLISH,0.0,4414.34,4414.34,4414.34,4414.34,52,CLEARED_>=20s,1.0,0.0,0.0,0.0,0.0,0.0,0.0,PASS_<20%,0.00,0.0,NO,STANDBY_VEL_LOW,0,0.00,4590.00,78.36,FALSE,M1_DIRECTION_MISMATCH
2026-09-07 15:40:52.932,1788795652.932,8175,106,106,4414.34,4414.42,8.0,PASS_<=10c,+0.0,FLAT,+0.0,+0.0,4.2,+0.00,0.00,SLOW,4414.34,4414.34,4414.34,4414.34,0.00,0.00,0.0,BULLISH,0.0,4414.34,4414.34,4414.34,4414.34,52,CLEARED_>=20s,1.0,0.0,0.0,0.0,0.0,0.0,0.0,PASS_<20%,0.00,0.0,NO,STANDBY_VEL_LOW,0,0.00,4590.00,78.36,FALSE,M1_DIRECTION_MISMATCH
2026-09-07 15:40:53.434,1788795653.435,8176,107,107,4414.34,4414.42,8.0,PASS_<=10c,+0.0,FLAT,+0.0,+0.0,4.2,+0.00,0.00,SLOW,4414.34,4414.34,4414.34,4414.34,0.00,0.00,0.0,BULLISH,0.0,4414.34,4414.34,4414.34,4414.34,53,CLEARED_>=20s,1.0,0.0,0.0,0.0,0.0,0.0,0.0,PASS_<20%,0.00,0.0,NO,STANDBY_VEL_LOW,0,0.00,4590.00,78.36,FALSE,M1_DIRECTION_MISMATCH
2026-09-07 15:40:53.936,1788795653.936,8177,108,108,4414.34,4414.42,8.0,PASS_<=10c,+0.0,FLAT,+0.0,+0.0,4.2,+0.00,0.00,SLOW,4414.34,4414.34,4414.34,4414.34,0.00,0.00,0.0,BULLISH,0.0,4414.34,4414.34,4414.34,4414.34,53,CLEARED_>=20s,1.0,0.0,0.0,0.0,0.0,0.0,0.0,PASS_<20%,0.00,0.0,NO,STANDBY_VEL_LOW,0,0.00,4590.00,78.36,FALSE,M1_DIRECTION_MISMATCH
2026-09-07 15:40:54.437,1788795654.438,8178,109,109,4414.34,4414.42,8.0,PASS_<=10c,+0.0,FLAT,+0.0,+0.0,4.2,+0.00,0.00,SLOW,4414.34,4414.34,4414.34,4414.34,0.00,0.00,0.0,BULLISH,0.0,4414.34,4414.34,4414.34,4414.34,54,CLEARED_>=20s,1.0,0.0,0.0,0.0,0.0,0.0,0.0,PASS_<20%,0.00,0.0,NO,STANDBY_VEL_LOW,0,0.00,4590.00,78.36,FALSE,M1_DIRECTION_MISMATCH
2026-09-07 15:40:54.939,1788795654.939,8179,110,110,4414.34,4414.42,8.0,PASS_<=10c,+0.0,FLAT,+0.0,+0.0,4.2,+0.00,0.00,SLOW,4414.34,4414.34,4414.34,4414.34,0.00,0.00,0.0,BULLISH,0.0,4414.34,4414.34,4414.34,4414.34,54,CLEARED_>=20s,1.0,0.0,0.0,0.0,0.0,0.0,0.0,PASS_<20%,0.00,0.0,NO,STANDBY_VEL_LOW,0,0.00,4590.00,78.36,FALSE,M1_DIRECTION_MISMATCH
2026-09-07 15:40:55.441,1788795655.441,8180,111,111,4414.34,4414.42,8.0,PASS_<=10c,+0.0,FLAT,+0.0,+0.0,4.2,+0.00,0.00,SLOW,4414.34,4414.34,4414.34,4414.34,0.00,0.00,0.0,BULLISH,0.0,4414.34,4414.34,4414.34,4414.34,55,CLEARED_>=20s,1.0,0.0,0.0,0.0,0.0,0.0,0.0,PASS_<20%,0.00,0.0,NO,STANDBY_VEL_LOW,0,0.00,4590.00,78.36,FALSE,M1_DIRECTION_MISMATCH
2026-09-07 15:40:55.942,1788795655.943,8181,112,112,4414.34,4414.42,8.0,PASS_<=10c,+0.0,FLAT,+0.0,+0.0,4.2,+0.00,0.00,SLOW,4414.34,4414.34,4414.34,4414.34,0.00,0.00,0.0,BULLISH,0.0,4414.34,4414.34,4414.34,4414.34,55,CLEARED_>=20s,1.0,0.0,0.0,0.0,0.0,0.0,0.0,PASS_<20%,0.00,0.0,NO,STANDBY_VEL_LOW,0,0.00,4590.00,78.36,FALSE,M1_DIRECTION_MISMATCH
2026-09-07 15:40:56.444,1788795656.444,8182,113,113,4414.34,4414.42,8.0,PASS_<=10c,+0.0,FLAT,+0.0,+0.0,4.2,+0.00,0.00,SLOW,4414.34,4414.34,4414.34,4414.34,0.00,0.00,0.0,BULLISH,0.0,4414.34,4414.34,4414.34,4414.34,56,CLEARED_>=20s,1.0,0.0,0.0,0.0,0.0,0.0,0.0,PASS_<20%,0.00,0.0,NO,STANDBY_VEL_LOW,0,0.00,4590.00,78.36,FALSE,M1_DIRECTION_MISMATCH
2026-09-07 15:40:56.945,1788795656.946,8183,114,114,4414.34,4414.42,8.0,PASS_<=10c,+0.0,FLAT,+0.0,+0.0,4.2,+0.00,0.00,SLOW,4414.34,4414.34,4414.34,4414.34,0.00,0.00,0.0,BULLISH,0.0,4414.34,4414.34,4414.34,4414.34,56,CLEARED_>=20s,1.0,0.0,0.0,0.0,0.0,0.0,0.0,PASS_<20%,0.00,0.0,NO,STANDBY_VEL_LOW,0,0.00,4590.00,78.36,FALSE,M1_DIRECTION_MISMATCH
2026-09-07 15:40:57.447,1788795657.448,8184,115,115,4414.34,4414.42,8.0,PASS_<=10c,+0.0,FLAT,+0.0,+0.0,4.2,+0.00,0.00,SLOW,4414.34,4414.34,4414.34,4414.34,0.00,0.00,0.0,BULLISH,0.0,4414.34,4414.34,4414.34,4414.34,57,CLEARED_>=20s,1.0,0.0,0.0,0.0,0.0,0.0,0.0,PASS_<20%,0.00,0.0,NO,STANDBY_VEL_LOW,0,0.00,4590.00,78.36,FALSE,M1_DIRECTION_MISMATCH
2026-09-07 15:40:57.949,1788795657.949,8185,116,116,4414.34,4414.42,8.0,PASS_<=10c,+0.0,FLAT,+0.0,+0.0,4.2,+0.00,0.00,SLOW,4414.34,4414.34,4414.34,4414.34,0.00,0.00,0.0,BULLISH,0.0,4414.34,4414.34,4414.34,4414.34,57,CLEARED_>=20s,1.0,0.0,0.0,0.0,0.0,0.0,0.0,PASS_<20%,0.00,0.0,NO,STANDBY_VEL_LOW,0,0.00,4590.00,78.36,FALSE,M1_DIRECTION_MISMATCH
2026-09-07 15:40:58.450,1788795658.451,8186,117,117,4414.34,4414.42,8.0,PASS_<=10c,+0.0,FLAT,+0.0,+0.0,4.2,+0.00,0.00,SLOW,4414.34,4414.34,4414.34,4414.34,0.00,0.00,0.0,BULLISH,0.0,4414.34,4414.34,4414.34,4414.34,58,CLEARED_>=20s,1.0,0.0,0.0,0.0,0.0,0.0,0.0,PASS_<20%,0.00,0.0,NO,STANDBY_VEL_LOW,0,0.00,4590.00,78.36,FALSE,M1_DIRECTION_MISMATCH
2026-09-07 15:40:58.951,1788795658.952,8187,118,118,4414.34,4414.42,8.0,PASS_<=10c,+0.0,FLAT,+0.0,+0.0,4.2,+0.00,0.00,SLOW,4414.34,4414.34,4414.34,4414.34,0.00,0.00,0.0,BULLISH,0.0,4414.34,4414.34,4414.34,4414.34,58,CLEARED_>=20s,1.0,0.0,0.0,0.0,0.0,0.0,0.0,PASS_<20%,0.00,0.0,NO,STANDBY_VEL_LOW,0,0.00,4590.00,78.36,FALSE,M1_DIRECTION_MISMATCH
2026-09-07 15:40:59.453,1788795659.454,8188,119,119,4414.34,4414.42,8.0,PASS_<=10c,+0.0,FLAT,+0.0,+0.0,4.2,+0.00,0.00,SLOW,4414.34,4414.34,4414.34,4414.34,0.00,0.00,0.0,BULLISH,0.0,4414.34,4414.34,4414.34,4414.34,59,CLEARED_>=20s,1.0,0.0,0.0,0.0,0.0,0.0,0.0,PASS_<20%,0.00,0.0,NO,STANDBY_VEL_LOW,0,0.00,4590.00,78.36,FALSE,M1_DIRECTION_MISMATCH
2026-09-07 15:40:59.955,1788795659.955,8189,120,120,4414.34,4414.42,8.0,PASS_<=10c,+0.0,FLAT,+0.0,+0.0,4.2,+0.00,0.00,SLOW,4414.34,4414.34,4414.34,4414.34,0.00,0.00,0.0,BULLISH,0.0,4414.34,4414.34,4414.34,4414.34,59,CLEARED_>=20s,1.0,0.0,0.0,0.0,0.0,0.0,0.0,PASS_<20%,0.00,0.0,NO,STANDBY_VEL_LOW,0,0.00,4590.00,78.36,FALSE,M1_DIRECTION_MISMATCH
2026-09-07 15:41:00.456,1788795660.457,8190,1,121,4414.34,4414.42,8.0,PASS_<=10c,+0.0,FLAT,+0.0,+0.0,4.2,+0.00,0.00,SLOW,4414.34,4414.34,4414.34,4414.34,0.00,0.00,0.0,BULLISH,0.0,4414.34,4414.34,4414.34,4414.34,0,ACTIVE_0s,1.0,0.0,0.0,0.0,0.0,0.0,0.0,PASS_<20%,0.00,0.0,NO,STANDBY_VEL_LOW,0,0.00,4590.00,78.36,FALSE,M1_DIRECTION_MISMATCH|OPENING_SHIELD_ACTIVE_0s
2026-09-07 15:41:00.958,1788795660.959,8191,2,122,4414.34,4414.42,8.0,PASS_<=10c,+0.0,FLAT,+0.0,+0.0,4.2,+0.00,0.00,SLOW,4414.34,4414.34,4414.34,4414.34,0.00,0.00,0.0,BULLISH,0.0,4414.34,4414.34,4414.34,4414.34,0,ACTIVE_0s,1.0,0.0,0.0,0.0,0.0,0.0,0.0,PASS_<20%,0.00,0.0,NO,STANDBY_VEL_LOW,0,0.00,4590.00,78.36,FALSE,M1_DIRECTION_MISMATCH|OPENING_SHIELD_ACTIVE_0s
2026-09-07 15:41:01.460,1788795661.460,8192,3,123,4414.34,4414.42,8.0,PASS_<=10c,+0.0,FLAT,+0.0,+0.0,4.2,+0.00,0.00,SLOW,4414.34,4414.34,4414.34,4414.34,0.00,0.00,0.0,BULLISH,0.0,4414.34,4414.34,4414.34,4414.34,1,ACTIVE_1s,1.0,0.0,0.0,0.0,0.0,0.0,0.0,PASS_<20%,0.00,0.0,NO,STANDBY_VEL_LOW,0,0.00,4590.00,78.36,FALSE,M1_DIRECTION_MISMATCH|OPENING_SHIELD_ACTIVE_1s
2026-09-07 15:41:01.961,1788795661.962,8193,4,124,4414.34,4414.42,8.0,PASS_<=10c,+0.0,FLAT,+0.0,+0.0,4.2,+0.00,0.00,SLOW,4414.34,4414.34,4414.34,4414.34,0.00,0.00,0.0,BULLISH,0.0,4414.34,4414.34,4414.34,4414.34,1,ACTIVE_1s,1.0,0.0,0.0,0.0,0.0,0.0,0.0,PASS_<20%,0.00,0.0,NO,STANDBY_VEL_LOW,0,0.00,4590.00,78.36,FALSE,M1_DIRECTION_MISMATCH|OPENING_SHIELD_ACTIVE_1s
2026-09-07 15:41:02.463,1788795662.464,8194,5,125,4414.34,4414.42,8.0,PASS_<=10c,+0.0,FLAT,+0.0,+0.0,4.2,+0.00,0.00,SLOW,4414.34,4414.34,4414.34,4414.34,0.00,0.00,0.0,BULLISH,0.0,4414.34,4414.34,4414.34,4414.34,2,ACTIVE_2s,1.0,0.0,0.0,0.0,0.0,0.0,0.0,PASS_<20%,0.00,0.0,NO,STANDBY_VEL_LOW,0,0.00,4590.00,78.36,FALSE,M1_DIRECTION_MISMATCH|OPENING_SHIELD_ACTIVE_2s
2026-09-07 15:41:02.965,1788795662.965,8195,6,126,4414.34,4414.42,8.0,PASS_<=10c,+0.0,FLAT,+0.0,+0.0,4.2,+0.00,0.00,SLOW,4414.34,4414.34,4414.34,4414.34,0.00,0.00,0.0,BULLISH,0.0,4414.34,4414.34,4414.34,4414.34,2,ACTIVE_2s,1.0,0.0,0.0,0.0,0.0,0.0,0.0,PASS_<20%,0.00,0.0,NO,STANDBY_VEL_LOW,0,0.00,4590.00,78.36,FALSE,M1_DIRECTION_MISMATCH|OPENING_SHIELD_ACTIVE_2s
2026-09-07 15:41:03.467,1788795663.468,8196,7,127,4414.34,4414.42,8.0,PASS_<=10c,+0.0,FLAT,+0.0,+0.0,4.2,+0.00,0.00,SLOW,4414.34,4414.34,4414.34,4414.34,0.00,0.00,0.0,BULLISH,0.0,4414.34,4414.34,4414.34,4414.34,3,ACTIVE_3s,1.0,0.0,0.0,0.0,0.0,0.0,0.0,PASS_<20%,0.00,0.0,NO,STANDBY_VEL_LOW,0,0.00,4590.00,78.36,FALSE,M1_DIRECTION_MISMATCH|OPENING_SHIELD_ACTIVE_3s
2026-09-07 15:41:03.969,1788795663.970,8197,8,128,4414.34,4414.42,8.0,PASS_<=10c,+0.0,FLAT,+0.0,+0.0,4.2,+0.00,0.00,SLOW,4414.34,4414.34,4414.34,4414.34,0.00,0.00,0.0,BULLISH,0.0,4414.34,4414.34,4414.34,4414.34,3,ACTIVE_3s,1.0,0.0,0.0,0.0,0.0,0.0,0.0,PASS_<20%,0.00,0.0,NO,STANDBY_VEL_LOW,0,0.00,4590.00,78.36,FALSE,M1_DIRECTION_MISMATCH|OPENING_SHIELD_ACTIVE_3s
2026-09-07 15:41:04.471,1788795664.472,8198,9,129,4414.34,4414.42,8.0,PASS_<=10c,+0.0,FLAT,+0.0,+0.0,4.2,+0.00,0.00,SLOW,4414.34,4414.34,4414.34,4414.34,0.00,0.00,0.0,BULLISH,0.0,4414.34,4414.34,4414.34,4414.34,4,ACTIVE_4s,1.0,0.0,0.0,0.0,0.0,0.0,0.0,PASS_<20%,0.00,0.0,NO,STANDBY_VEL_LOW,0,0.00,4590.00,78.36,FALSE,M1_DIRECTION_MISMATCH|OPENING_SHIELD_ACTIVE_4s
2026-09-07 15:41:04.973,1788795664.973,8199,10,130,4414.34,4414.42,8.0,PASS_<=10c,+0.0,FLAT,+0.0,+0.0,4.2,+0.00,0.00,SLOW,4414.34,4414.34,4414.34,4414.34,0.00,0.00,0.0,BULLISH,0.0,4414.34,4414.34,4414.34,4414.34,4,ACTIVE_4s,1.0,0.0,0.0,0.0,0.0,0.0,0.0,PASS_<20%,0.00,0.0,NO,STANDBY_VEL_LOW,0,0.00,4590.00,78.36,FALSE,M1_DIRECTION_MISMATCH|OPENING_SHIELD_ACTIVE_4s
2026-09-07 15:41:05.474,1788795665.475,8200,11,131,4414.34,4414.42,8.0,PASS_<=10c,+0.0,FLAT,+0.0,+0.0,4.2,+0.00,0.00,SLOW,4414.34,4414.34,4414.34,4414.34,0.00,0.00,0.0,BULLISH,0.0,4414.34,4414.34,4414.34,4414.34,5,ACTIVE_5s,1.0,0.0,0.0,0.0,0.0,0.0,0.0,PASS_<20%,0.00,0.0,NO,STANDBY_VEL_LOW,0,0.00,4590.00,78.36,FALSE,M1_DIRECTION_MISMATCH|OPENING_SHIELD_ACTIVE_5s
2026-09-07 15:41:05.977,1788795665.977,8201,12,132,4414.34,4414.42,8.0,PASS_<=10c,+0.0,FLAT,+0.0,+0.0,4.2,+0.00,0.00,SLOW,4414.34,4414.34,4414.34,4414.34,0.00,0.00,0.0,BULLISH,0.0,4414.34,4414.34,4414.34,4414.34,5,ACTIVE_5s,1.0,0.0,0.0,0.0,0.0,0.0,0.0,PASS_<20%,0.00,0.0,NO,STANDBY_VEL_LOW,0,0.00,4590.00,78.36,FALSE,M1_DIRECTION_MISMATCH|OPENING_SHIELD_ACTIVE_5s
2026-09-07 15:41:06.478,1788795666.479,8202,13,133,4414.34,4414.42,8.0,PASS_<=10c,+0.0,FLAT,+0.0,+0.0,4.2,+0.00,0.00,SLOW,4414.34,4414.34,4414.34,4414.34,0.00,0.00,0.0,BULLISH,0.0,4414.34,4414.34,4414.34,4414.34,6,ACTIVE_6s,1.0,0.0,0.0,0.0,0.0,0.0,0.0,PASS_<20%,0.00,0.0,NO,STANDBY_VEL_LOW,0,0.00,4590.00,78.36,FALSE,M1_DIRECTION_MISMATCH|OPENING_SHIELD_ACTIVE_6s
2026-09-07 15:41:06.980,1788795666.981,8203,14,134,4414.34,4414.42,8.0,PASS_<=10c,+0.0,FLAT,+0.0,+0.0,4.2,+0.00,0.00,SLOW,4414.34,4414.34,4414.34,4414.34,0.00,0.00,0.0,BULLISH,0.0,4414.34,4414.34,4414.34,4414.34,6,ACTIVE_6s,1.0,0.0,0.0,0.0,0.0,0.0,0.0,PASS_<20%,0.00,0.0,NO,STANDBY_VEL_LOW,0,0.00,4590.00,78.36,FALSE,M1_DIRECTION_MISMATCH|OPENING_SHIELD_ACTIVE_6s
2026-09-07 15:41:07.482,1788795667.482,8204,15,135,4414.34,4414.42,8.0,PASS_<=10c,+0.0,FLAT,+0.0,+0.0,4.2,+0.00,0.00,SLOW,4414.34,4414.34,4414.34,4414.34,0.00,0.00,0.0,BULLISH,0.0,4414.34,4414.34,4414.34,4414.34,7,ACTIVE_7s,1.0,0.0,0.0,0.0,0.0,0.0,0.0,PASS_<20%,0.00,0.0,NO,STANDBY_VEL_LOW,0,0.00,4590.00,78.36,FALSE,M1_DIRECTION_MISMATCH|OPENING_SHIELD_ACTIVE_7s
2026-09-07 15:41:07.983,1788795667.983,8205,16,136,4414.34,4414.42,8.0,PASS_<=10c,+0.0,FLAT,+0.0,+0.0,4.2,+0.00,0.00,SLOW,4414.34,4414.34,4414.34,4414.34,0.00,0.00,0.0,BULLISH,0.0,4414.34,4414.34,4414.34,4414.34,7,ACTIVE_7s,1.0,0.0,0.0,0.0,0.0,0.0,0.0,PASS_<20%,0.00,0.0,NO,STANDBY_VEL_LOW,0,0.00,4590.00,78.36,FALSE,M1_DIRECTION_MISMATCH|OPENING_SHIELD_ACTIVE_7s
2026-09-07 15:41:08.484,1788795668.484,8206,17,137,4414.34,4414.42,8.0,PASS_<=10c,+0.0,FLAT,+0.0,+0.0,4.2,+0.00,0.00,SLOW,4414.34,4414.34,4414.34,4414.34,0.00,0.00,0.0,BULLISH,0.0,4414.34,4414.34,4414.34,4414.34,8,ACTIVE_8s,1.0,0.0,0.0,0.0,0.0,0.0,0.0,PASS_<20%,0.00,0.0,NO,STANDBY_VEL_LOW,0,0.00,4590.00,78.36,FALSE,M1_DIRECTION_MISMATCH|OPENING_SHIELD_ACTIVE_8s
2026-09-07 15:41:08.985,1788795668.986,8207,18,138,4414.34,4414.42,8.0,PASS_<=10c,+0.0,FLAT,+0.0,+0.0,4.2,+0.00,0.00,SLOW,4414.34,4414.34,4414.34,4414.34,0.00,0.00,0.0,BULLISH,0.0,4414.34,4414.34,4414.34,4414.34,8,ACTIVE_8s,1.0,0.0,0.0,0.0,0.0,0.0,0.0,PASS_<20%,0.00,0.0,NO,STANDBY_VEL_LOW,0,0.00,4590.00,78.36,FALSE,M1_DIRECTION_MISMATCH|OPENING_SHIELD_ACTIVE_8s
2026-09-07 15:41:09.487,1788795669.487,8208,19,139,4414.34,4414.42,8.0,PASS_<=10c,+0.0,FLAT,+0.0,+0.0,4.2,+0.00,0.00,SLOW,4414.34,4414.34,4414.34,4414.34,0.00,0.00,0.0,BULLISH,0.0,4414.34,4414.34,4414.34,4414.34,9,ACTIVE_9s,1.0,0.0,0.0,0.0,0.0,0.0,0.0,PASS_<20%,0.00,0.0,NO,STANDBY_VEL_LOW,0,0.00,4590.00,78.36,FALSE,M1_DIRECTION_MISMATCH|OPENING_SHIELD_ACTIVE_9s
2026-09-07 15:41:09.989,1788795669.989,8209,20,140,4414.34,4414.42,8.0,PASS_<=10c,+0.0,FLAT,+0.0,+0.0,4.2,+0.00,0.00,SLOW,4414.34,4414.34,4414.34,4414.34,0.00,0.00,0.0,BULLISH,0.0,4414.34,4414.34,4414.34,4414.34,9,ACTIVE_9s,1.0,0.0,0.0,0.0,0.0,0.0,0.0,PASS_<20%,0.00,0.0,NO,STANDBY_VEL_LOW,0,0.00,4590.00,78.36,FALSE,M1_DIRECTION_MISMATCH|OPENING_SHIELD_ACTIVE_9s
2026-09-07 15:41:10.490,1788795670.491,8210,21,141,4414.34,4414.42,8.0,PASS_<=10c,+0.0,FLAT,+0.0,+0.0,4.2,+0.00,0.00,SLOW,4414.34,4414.34,4414.34,4414.34,0.00,0.00,0.0,BULLISH,0.0,4414.34,4414.34,4414.34,4414.34,10,ACTIVE_10s,1.0,0.0,0.0,0.0,0.0,0.0,0.0,PASS_<20%,0.00,0.0,NO,STANDBY_VEL_LOW,0,0.00,4590.00,78.36,FALSE,M1_DIRECTION_MISMATCH|OPENING_SHIELD_ACTIVE_10s
2026-09-07 15:41:10.992,1788795670.993,8211,22,142,4414.34,4414.42,8.0,PASS_<=10c,+0.0,FLAT,+0.0,+0.0,4.2,+0.00,0.00,SLOW,4414.34,4414.34,4414.34,4414.34,0.00,0.00,0.0,BULLISH,0.0,4414.34,4414.34,4414.34,4414.34,10,ACTIVE_10s,1.0,0.0,0.0,0.0,0.0,0.0,0.0,PASS_<20%,0.00,0.0,NO,STANDBY_VEL_LOW,0,0.00,4590.00,78.36,FALSE,M1_DIRECTION_MISMATCH|OPENING_SHIELD_ACTIVE_10s
2026-09-07 15:41:11.494,1788795671.494,8212,23,143,4414.34,4414.42,8.0,PASS_<=10c,+0.0,FLAT,+0.0,+0.0,4.2,+0.00,0.00,SLOW,4414.34,4414.34,4414.34,4414.34,0.00,0.00,0.0,BULLISH,0.0,4414.34,4414.34,4414.34,4414.34,11,ACTIVE_11s,1.0,0.0,0.0,0.0,0.0,0.0,0.0,PASS_<20%,0.00,0.0,NO,STANDBY_VEL_LOW,0,0.00,4590.00,78.36,FALSE,M1_DIRECTION_MISMATCH|OPENING_SHIELD_ACTIVE_11s
2026-09-07 15:41:11.995,1788795671.996,8213,24,144,4414.34,4414.42,8.0,PASS_<=10c,+0.0,FLAT,+0.0,+0.0,4.2,+0.00,0.00,SLOW,4414.34,4414.34,4414.34,4414.34,0.00,0.00,0.0,BULLISH,0.0,4414.34,4414.34,4414.34,4414.34,11,ACTIVE_11s,1.0,0.0,0.0,0.0,0.0,0.0,0.0,PASS_<20%,0.00,0.0,NO,STANDBY_VEL_LOW,0,0.00,4590.00,78.36,FALSE,M1_DIRECTION_MISMATCH|OPENING_SHIELD_ACTIVE_11s
2026-09-07 15:41:12.497,1788795672.497,8214,25,145,4414.34,4414.42,8.0,PASS_<=10c,+0.0,FLAT,+0.0,+0.0,4.2,+0.00,0.00,SLOW,4414.34,4414.34,4414.34,4414.34,0.00,0.00,0.0,BULLISH,0.0,4414.34,4414.34,4414.34,4414.34,12,ACTIVE_12s,1.0,0.0,0.0,0.0,0.0,0.0,0.0,PASS_<20%,0.00,0.0,NO,STANDBY_VEL_LOW,0,0.00,4590.00,78.36,FALSE,M1_DIRECTION_MISMATCH|OPENING_SHIELD_ACTIVE_12s
2026-09-07 15:41:12.999,1788795672.999,8215,26,146,4414.34,4414.42,8.0,PASS_<=10c,+0.0,FLAT,+0.0,+0.0,4.2,+0.00,0.00,SLOW,4414.34,4414.34,4414.34,4414.34,0.00,0.00,0.0,BULLISH,0.0,4414.34,4414.34,4414.34,4414.34,12,ACTIVE_12s,1.0,0.0,0.0,0.0,0.0,0.0,0.0,PASS_<20%,0.00,0.0,NO,STANDBY_VEL_LOW,0,0.00,4590.00,78.36,FALSE,M1_DIRECTION_MISMATCH|OPENING_SHIELD_ACTIVE_12s
2026-09-07 15:41:13.501,1788795673.502,8216,27,147,4414.34,4414.42,8.0,PASS_<=10c,+0.0,FLAT,+0.0,+0.0,4.2,+0.00,0.00,SLOW,4414.34,4414.34,4414.34,4414.34,0.00,0.00,0.0,BULLISH,0.0,4414.34,4414.34,4414.34,4414.34,13,ACTIVE_13s,1.0,0.0,0.0,0.0,0.0,0.0,0.0,PASS_<20%,0.00,0.0,NO,STANDBY_VEL_LOW,0,0.00,4590.00,78.36,FALSE,M1_DIRECTION_MISMATCH|OPENING_SHIELD_ACTIVE_13s
2026-09-07 15:41:14.002,1788795674.002,8217,28,148,4414.34,4414.42,8.0,PASS_<=10c,+0.0,FLAT,+0.0,+0.0,4.2,+0.00,0.00,SLOW,4414.34,4414.34,4414.34,4414.34,0.00,0.00,0.0,BULLISH,0.0,4414.34,4414.34,4414.34,4414.34,14,ACTIVE_14s,1.0,0.0,0.0,0.0,0.0,0.0,0.0,PASS_<20%,0.00,0.0,NO,STANDBY_VEL_LOW,0,0.00,4590.00,78.36,FALSE,M1_DIRECTION_MISMATCH|OPENING_SHIELD_ACTIVE_14s
2026-09-07 15:41:14.504,1788795674.505,8218,29,149,4414.34,4414.42,8.0,PASS_<=10c,+0.0,FLAT,+0.0,+0.0,4.2,+0.00,0.00,SLOW,4414.34,4414.34,4414.34,4414.34,0.00,0.00,0.0,BULLISH,0.0,4414.34,4414.34,4414.34,4414.34,14,ACTIVE_14s,1.0,0.0,0.0,0.0,0.0,0.0,0.0,PASS_<20%,0.00,0.0,NO,STANDBY_VEL_LOW,0,0.00,4590.00,78.36,FALSE,M1_DIRECTION_MISMATCH|OPENING_SHIELD_ACTIVE_14s
2026-09-07 15:41:15.008,1788795675.008,8219,30,150,4414.34,4414.42,8.0,PASS_<=10c,+0.0,FLAT,+0.0,+0.0,4.2,+0.00,0.00,SLOW,4414.34,4414.34,4414.34,4414.34,0.00,0.00,0.0,BULLISH,0.0,4414.34,4414.34,4414.34,4414.34,15,ACTIVE_15s,1.0,0.0,0.0,0.0,0.0,0.0,0.0,PASS_<20%,0.00,0.0,NO,STANDBY_VEL_LOW,0,0.00,4590.00,78.36,FALSE,M1_DIRECTION_MISMATCH|OPENING_SHIELD_ACTIVE_15s
2026-09-07 15:41:15.509,1788795675.509,8220,31,151,4414.34,4414.42,8.0,PASS_<=10c,+0.0,FLAT,+0.0,+0.0,4.2,+0.00,0.00,SLOW,4414.34,4414.34,4414.34,4414.34,0.00,0.00,0.0,BULLISH,0.0,4414.34,4414.34,4414.34,4414.34,15,ACTIVE_15s,1.0,0.0,0.0,0.0,0.0,0.0,0.0,PASS_<20%,0.00,0.0,NO,STANDBY_VEL_LOW,0,0.00,4590.00,78.36,FALSE,M1_DIRECTION_MISMATCH|OPENING_SHIELD_ACTIVE_15s
2026-09-07 15:41:16.010,1788795676.010,8221,32,152,4414.34,4414.42,8.0,PASS_<=10c,+0.0,FLAT,+0.0,+0.0,4.2,+0.00,0.00,SLOW,4414.34,4414.34,4414.34,4414.34,0.00,0.00,0.0,BULLISH,0.0,4414.34,4414.34,4414.34,4414.34,16,ACTIVE_16s,1.0,0.0,0.0,0.0,0.0,0.0,0.0,PASS_<20%,0.00,0.0,NO,STANDBY_VEL_LOW,0,0.00,4590.00,78.36,FALSE,M1_DIRECTION_MISMATCH|OPENING_SHIELD_ACTIVE_16s
2026-09-07 15:41:16.512,1788795676.512,8222,33,153,4414.34,4414.42,8.0,PASS_<=10c,+0.0,FLAT,+0.0,+0.0,4.2,+0.00,0.00,SLOW,4414.34,4414.34,4414.34,4414.34,0.00,0.00,0.0,BULLISH,0.0,4414.34,4414.34,4414.34,4414.34,16,ACTIVE_16s,1.0,0.0,0.0,0.0,0.0,0.0,0.0,PASS_<20%,0.00,0.0,NO,STANDBY_VEL_LOW,0,0.00,4590.00,78.36,FALSE,M1_DIRECTION_MISMATCH|OPENING_SHIELD_ACTIVE_16s
2026-09-07 15:41:17.014,1788795677.015,8223,34,154,4414.34,4414.42,8.0,PASS_<=10c,+0.0,FLAT,+0.0,+0.0,4.2,+0.00,0.00,SLOW,4414.34,4414.34,4414.34,4414.34,0.00,0.00,0.0,BULLISH,0.0,4414.34,4414.34,4414.34,4414.34,17,ACTIVE_17s,1.0,0.0,0.0,0.0,0.0,0.0,0.0,PASS_<20%,0.00,0.0,NO,STANDBY_VEL_LOW,0,0.00,4590.00,78.36,FALSE,M1_DIRECTION_MISMATCH|OPENING_SHIELD_ACTIVE_17s
2026-09-07 15:41:17.516,1788795677.516,8224,35,155,4414.34,4414.42,8.0,PASS_<=10c,+0.0,FLAT,+0.0,+0.0,4.2,+0.00,0.00,SLOW,4414.34,4414.34,4414.34,4414.34,0.00,0.00,0.0,BULLISH,0.0,4414.34,4414.34,4414.34,4414.34,17,ACTIVE_17s,1.0,0.0,0.0,0.0,0.0,0.0,0.0,PASS_<20%,0.00,0.0,NO,STANDBY_VEL_LOW,0,0.00,4590.00,78.36,FALSE,M1_DIRECTION_MISMATCH|OPENING_SHIELD_ACTIVE_17s
2026-09-07 15:41:18.017,1788795678.017,8225,36,156,4414.34,4414.42,8.0,PASS_<=10c,+0.0,FLAT,+0.0,+0.0,4.2,+0.00,0.00,SLOW,4414.34,4414.34,4414.34,4414.34,0.00,0.00,0.0,BULLISH,0.0,4414.34,4414.34,4414.34,4414.34,18,ACTIVE_18s,1.0,0.0,0.0,0.0,0.0,0.0,0.0,PASS_<20%,0.00,0.0,NO,STANDBY_VEL_LOW,0,0.00,4590.00,78.36,FALSE,M1_DIRECTION_MISMATCH|OPENING_SHIELD_ACTIVE_18s
2026-09-07 15:41:18.518,1788795678.519,8226,37,157,4414.34,4414.42,8.0,PASS_<=10c,+0.0,FLAT,+0.0,+0.0,4.2,+0.00,0.00,SLOW,4414.34,4414.34,4414.34,4414.34,0.00,0.00,0.0,BULLISH,0.0,4414.34,4414.34,4414.34,4414.34,18,ACTIVE_18s,1.0,0.0,0.0,0.0,0.0,0.0,0.0,PASS_<20%,0.00,0.0,NO,STANDBY_VEL_LOW,0,0.00,4590.00,78.36,FALSE,M1_DIRECTION_MISMATCH|OPENING_SHIELD_ACTIVE_18s
2026-09-07 15:41:19.019,1788795679.020,8227,38,158,4414.34,4414.42,8.0,PASS_<=10c,+0.0,FLAT,+0.0,+0.0,4.2,+0.00,0.00,SLOW,4414.34,4414.34,4414.34,4414.34,0.00,0.00,0.0,BULLISH,0.0,4414.34,4414.34,4414.34,4414.34,19,ACTIVE_19s,1.0,0.0,0.0,0.0,0.0,0.0,0.0,PASS_<20%,0.00,0.0,NO,STANDBY_VEL_LOW,0,0.00,4590.00,78.36,FALSE,M1_DIRECTION_MISMATCH|OPENING_SHIELD_ACTIVE_19s
2026-09-07 15:41:19.520,1788795679.521,8228,39,159,4414.34,4414.42,8.0,PASS_<=10c,+0.0,FLAT,+0.0,+0.0,4.2,+0.00,0.00,SLOW,4414.34,4414.34,4414.34,4414.34,0.00,0.00,0.0,BULLISH,0.0,4414.34,4414.34,4414.34,4414.34,19,ACTIVE_19s,1.0,0.0,0.0,0.0,0.0,0.0,0.0,PASS_<20%,0.00,0.0,NO,STANDBY_VEL_LOW,0,0.00,4590.00,78.36,FALSE,M1_DIRECTION_MISMATCH|OPENING_SHIELD_ACTIVE_19s
2026-09-07 15:41:20.021,1788795680.021,8229,40,160,4414.34,4414.42,8.0,PASS_<=10c,+0.0,FLAT,+0.0,+0.0,4.2,+0.00,0.00,SLOW,4414.34,4414.34,4414.34,4414.34,0.00,0.00,0.0,BULLISH,0.0,4414.34,4414.34,4414.34,4414.34,20,CLEARED_>=20s,1.0,0.0,0.0,0.0,0.0,0.0,0.0,PASS_<20%,0.00,0.0,NO,STANDBY_VEL_LOW,0,0.00,4590.00,78.36,FALSE,M1_DIRECTION_MISMATCH
2026-09-07 15:41:20.522,1788795680.523,8230,41,161,4414.34,4414.42,8.0,PASS_<=10c,+0.0,FLAT,+0.0,+0.0,4.2,+0.00,0.00,SLOW,4414.34,4414.34,4414.34,4414.34,0.00,0.00,0.0,BULLISH,0.0,4414.34,4414.34,4414.34,4414.34,20,CLEARED_>=20s,1.0,0.0,0.0,0.0,0.0,0.0,0.0,PASS_<20%,0.00,0.0,NO,STANDBY_VEL_LOW,0,0.00,4590.00,78.36,FALSE,M1_DIRECTION_MISMATCH
2026-09-07 15:41:21.025,1788795681.025,8231,42,162,4414.34,4414.42,8.0,PASS_<=10c,+0.0,FLAT,+0.0,+0.0,4.2,+0.00,0.00,SLOW,4414.34,4414.34,4414.34,4414.34,0.00,0.00,0.0,BULLISH,0.0,4414.34,4414.34,4414.34,4414.34,21,CLEARED_>=20s,1.0,0.0,0.0,0.0,0.0,0.0,0.0,PASS_<20%,0.00,0.0,NO,STANDBY_VEL_LOW,0,0.00,4590.00,78.36,FALSE,M1_DIRECTION_MISMATCH
2026-09-07 15:41:21.527,1788795681.527,8232,43,163,4414.34,4414.42,8.0,PASS_<=10c,+0.0,FLAT,+0.0,+0.0,4.2,+0.00,0.00,SLOW,4414.34,4414.34,4414.34,4414.34,0.00,0.00,0.0,BULLISH,0.0,4414.34,4414.34,4414.34,4414.34,21,CLEARED_>=20s,1.0,0.0,0.0,0.0,0.0,0.0,0.0,PASS_<20%,0.00,0.0,NO,STANDBY_VEL_LOW,0,0.00,4590.00,78.36,FALSE,M1_DIRECTION_MISMATCH
2026-09-07 15:41:22.029,1788795682.029,8233,44,164,4414.34,4414.42,8.0,PASS_<=10c,+0.0,FLAT,+0.0,+0.0,4.2,+0.00,0.00,SLOW,4414.34,4414.34,4414.34,4414.34,0.00,0.00,0.0,BULLISH,0.0,4414.34,4414.34,4414.34,4414.34,22,CLEARED_>=20s,1.0,0.0,0.0,0.0,0.0,0.0,0.0,PASS_<20%,0.00,0.0,NO,STANDBY_VEL_LOW,0,0.00,4590.00,78.36,FALSE,M1_DIRECTION_MISMATCH
2026-09-07 15:41:22.530,1788795682.531,8234,45,165,4414.34,4414.42,8.0,PASS_<=10c,+0.0,FLAT,+0.0,+0.0,4.2,+0.00,0.00,SLOW,4414.34,4414.34,4414.34,4414.34,0.00,0.00,0.0,BULLISH,0.0,4414.34,4414.34,4414.34,4414.34,22,CLEARED_>=20s,1.0,0.0,0.0,0.0,0.0,0.0,0.0,PASS_<20%,0.00,0.0,NO,STANDBY_VEL_LOW,0,0.00,4590.00,78.36,FALSE,M1_DIRECTION_MISMATCH
2026-09-07 15:41:23.032,1788795683.033,8235,46,166,4414.34,4414.42,8.0,PASS_<=10c,+0.0,FLAT,+0.0,+0.0,4.2,+0.00,0.00,SLOW,4414.34,4414.34,4414.34,4414.34,0.00,0.00,0.0,BULLISH,0.0,4414.34,4414.34,4414.34,4414.34,23,CLEARED_>=20s,1.0,0.0,0.0,0.0,0.0,0.0,0.0,PASS_<20%,0.00,0.0,NO,STANDBY_VEL_LOW,0,0.00,4590.00,78.36,FALSE,M1_DIRECTION_MISMATCH
2026-09-07 15:41:23.534,1788795683.534,8236,47,167,4414.34,4414.42,8.0,PASS_<=10c,+0.0,FLAT,+0.0,+0.0,4.2,+0.00,0.00,SLOW,4414.34,4414.34,4414.34,4414.34,0.00,0.00,0.0,BULLISH,0.0,4414.34,4414.34,4414.34,4414.34,23,CLEARED_>=20s,1.0,0.0,0.0,0.0,0.0,0.0,0.0,PASS_<20%,0.00,0.0,NO,STANDBY_VEL_LOW,0,0.00,4590.00,78.36,FALSE,M1_DIRECTION_MISMATCH
2026-09-07 15:41:24.036,1788795684.036,8237,48,168,4414.34,4414.42,8.0,PASS_<=10c,+0.0,FLAT,+0.0,+0.0,4.2,+0.00,0.00,SLOW,4414.34,4414.34,4414.34,4414.34,0.00,0.00,0.0,BULLISH,0.0,4414.34,4414.34,4414.34,4414.34,24,CLEARED_>=20s,1.0,0.0,0.0,0.0,0.0,0.0,0.0,PASS_<20%,0.00,0.0,NO,STANDBY_VEL_LOW,0,0.00,4590.00,78.36,FALSE,M1_DIRECTION_MISMATCH
2026-09-07 15:41:24.537,1788795684.537,8238,49,169,4414.34,4414.42,8.0,PASS_<=10c,+0.0,FLAT,+0.0,+0.0,4.2,+0.00,0.00,SLOW,4414.34,4414.34,4414.34,4414.34,0.00,0.00,0.0,BULLISH,0.0,4414.34,4414.34,4414.34,4414.34,24,CLEARED_>=20s,1.0,0.0,0.0,0.0,0.0,0.0,0.0,PASS_<20%,0.00,0.0,NO,STANDBY_VEL_LOW,0,0.00,4590.00,78.36,FALSE,M1_DIRECTION_MISMATCH
2026-09-07 15:41:25.038,1788795685.039,8239,50,170,4414.34,4414.42,8.0,PASS_<=10c,+0.0,FLAT,+0.0,+0.0,4.2,+0.00,0.00,SLOW,4414.34,4414.34,4414.34,4414.34,0.00,0.00,0.0,BULLISH,0.0,4414.34,4414.34,4414.34,4414.34,25,CLEARED_>=20s,1.0,0.0,0.0,0.0,0.0,0.0,0.0,PASS_<20%,0.00,0.0,NO,STANDBY_VEL_LOW,0,0.00,4590.00,78.36,FALSE,M1_DIRECTION_MISMATCH
2026-09-07 15:41:25.539,1788795685.540,8240,51,171,4414.34,4414.42,8.0,PASS_<=10c,+0.0,FLAT,+0.0,+0.0,4.2,+0.00,0.00,SLOW,4414.34,4414.34,4414.34,4414.34,0.00,0.00,0.0,BULLISH,0.0,4414.34,4414.34,4414.34,4414.34,25,CLEARED_>=20s,1.0,0.0,0.0,0.0,0.0,0.0,0.0,PASS_<20%,0.00,0.0,NO,STANDBY_VEL_LOW,0,0.00,4590.00,78.36,FALSE,M1_DIRECTION_MISMATCH
2026-09-07 15:41:26.041,1788795686.042,8241,52,172,4414.34,4414.42,8.0,PASS_<=10c,+0.0,FLAT,+0.0,+0.0,4.2,+0.00,0.00,SLOW,4414.34,4414.34,4414.34,4414.34,0.00,0.00,0.0,BULLISH,0.0,4414.34,4414.34,4414.34,4414.34,26,CLEARED_>=20s,1.0,0.0,0.0,0.0,0.0,0.0,0.0,PASS_<20%,0.00,0.0,NO,STANDBY_VEL_LOW,0,0.00,4590.00,78.36,FALSE,M1_DIRECTION_MISMATCH
2026-09-07 15:41:26.544,1788795686.544,8242,53,173,4414.34,4414.42,8.0,PASS_<=10c,+0.0,FLAT,+0.0,+0.0,4.2,+0.00,0.00,SLOW,4414.34,4414.34,4414.34,4414.34,0.00,0.00,0.0,BULLISH,0.0,4414.34,4414.34,4414.34,4414.34,26,CLEARED_>=20s,1.0,0.0,0.0,0.0,0.0,0.0,0.0,PASS_<20%,0.00,0.0,NO,STANDBY_VEL_LOW,0,0.00,4590.00,78.36,FALSE,M1_DIRECTION_MISMATCH
2026-09-07 15:41:27.046,1788795687.046,8243,54,174,4414.34,4414.42,8.0,PASS_<=10c,+0.0,FLAT,+0.0,+0.0,4.2,+0.00,0.00,SLOW,4414.34,4414.34,4414.34,4414.34,0.00,0.00,0.0,BULLISH,0.0,4414.34,4414.34,4414.34,4414.34,27,CLEARED_>=20s,1.0,0.0,0.0,0.0,0.0,0.0,0.0,PASS_<20%,0.00,0.0,NO,STANDBY_VEL_LOW,0,0.00,4590.00,78.36,FALSE,M1_DIRECTION_MISMATCH
2026-09-07 15:41:27.547,1788795687.548,8244,55,175,4414.34,4414.42,8.0,PASS_<=10c,+0.0,FLAT,+0.0,+0.0,4.2,+0.00,0.00,SLOW,4414.34,4414.34,4414.34,4414.34,0.00,0.00,0.0,BULLISH,0.0,4414.34,4414.34,4414.34,4414.34,27,CLEARED_>=20s,1.0,0.0,0.0,0.0,0.0,0.0,0.0,PASS_<20%,0.00,0.0,NO,STANDBY_VEL_LOW,0,0.00,4590.00,78.36,FALSE,M1_DIRECTION_MISMATCH
2026-09-07 15:41:28.048,1788795688.049,8245,56,176,4414.34,4414.42,8.0,PASS_<=10c,+0.0,FLAT,+0.0,+0.0,4.2,+0.00,0.00,SLOW,4414.34,4414.34,4414.34,4414.34,0.00,0.00,0.0,BULLISH,0.0,4414.34,4414.34,4414.34,4414.34,28,CLEARED_>=20s,1.0,0.0,0.0,0.0,0.0,0.0,0.0,PASS_<20%,0.00,0.0,NO,STANDBY_VEL_LOW,0,0.00,4590.00,78.36,FALSE,M1_DIRECTION_MISMATCH
2026-09-07 15:41:28.549,1788795688.550,8246,57,177,4414.34,4414.42,8.0,PASS_<=10c,+0.0,FLAT,+0.0,+0.0,4.2,+0.00,0.00,SLOW,4414.34,4414.34,4414.34,4414.34,0.00,0.00,0.0,BULLISH,0.0,4414.34,4414.34,4414.34,4414.34,28,CLEARED_>=20s,1.0,0.0,0.0,0.0,0.0,0.0,0.0,PASS_<20%,0.00,0.0,NO,STANDBY_VEL_LOW,0,0.00,4590.00,78.36,FALSE,M1_DIRECTION_MISMATCH
2026-09-07 15:41:29.050,1788795689.051,8247,58,178,4414.34,4414.42,8.0,PASS_<=10c,+0.0,FLAT,+0.0,+0.0,4.2,+0.00,0.00,SLOW,4414.34,4414.34,4414.34,4414.34,0.00,0.00,0.0,BULLISH,0.0,4414.34,4414.34,4414.34,4414.34,29,CLEARED_>=20s,1.0,0.0,0.0,0.0,0.0,0.0,0.0,PASS_<20%,0.00,0.0,NO,STANDBY_VEL_LOW,0,0.00,4590.00,78.36,FALSE,M1_DIRECTION_MISMATCH
2026-09-07 15:41:29.551,1788795689.551,8248,59,179,4414.34,4414.42,8.0,PASS_<=10c,+0.0,FLAT,+0.0,+0.0,4.2,+0.00,0.00,SLOW,4414.34,4414.34,4414.34,4414.34,0.00,0.00,0.0,BULLISH,0.0,4414.34,4414.34,4414.34,4414.34,29,CLEARED_>=20s,1.0,0.0,0.0,0.0,0.0,0.0,0.0,PASS_<20%,0.00,0.0,NO,STANDBY_VEL_LOW,0,0.00,4590.00,78.36,FALSE,M1_DIRECTION_MISMATCH
2026-09-07 15:41:30.053,1788795690.053,8249,60,180,4414.34,4414.42,8.0,PASS_<=10c,+0.0,FLAT,+0.0,+0.0,4.2,+0.00,0.00,SLOW,4414.34,4414.34,4414.34,4414.34,0.00,0.00,0.0,BULLISH,0.0,4414.34,4414.34,4414.34,4414.34,30,CLEARED_>=20s,1.0,0.0,0.0,0.0,0.0,0.0,0.0,PASS_<20%,0.00,0.0,NO,STANDBY_VEL_LOW,0,0.00,4590.00,78.36,FALSE,M1_DIRECTION_MISMATCH
2026-09-07 15:41:30.557,1788795690.557,8250,61,181,4414.34,4414.42,8.0,PASS_<=10c,+0.0,FLAT,+0.0,+0.0,4.2,+0.00,0.00,SLOW,4414.34,4414.34,4414.34,4414.34,0.00,0.00,0.0,BULLISH,0.0,4414.34,4414.34,4414.34,4414.34,30,CLEARED_>=20s,1.0,0.0,0.0,0.0,0.0,0.0,0.0,PASS_<20%,0.00,0.0,NO,STANDBY_VEL_LOW,0,0.00,4590.00,78.36,FALSE,M1_DIRECTION_MISMATCH
2026-09-07 15:41:31.055,1788795691.056,8251,62,182,4414.34,4414.42,8.0,PASS_<=10c,+0.0,FLAT,+0.0,+0.0,4.2,+0.00,0.00,SLOW,4414.34,4414.34,4414.34,4414.34,0.00,0.00,0.0,BULLISH,0.0,4414.34,4414.34,4414.34,4414.34,31,CLEARED_>=20s,1.0,0.0,0.0,0.0,0.0,0.0,0.0,PASS_<20%,0.00,0.0,NO,STANDBY_VEL_LOW,0,0.00,4590.00,78.36,FALSE,M1_DIRECTION_MISMATCH
2026-09-07 15:41:31.557,1788795691.557,8252,63,183,4414.34,4414.42,8.0,PASS_<=10c,+0.0,FLAT,+0.0,+0.0,4.2,+0.00,0.00,SLOW,4414.34,4414.34,4414.34,4414.34,0.00,0.00,0.0,BULLISH,0.0,4414.34,4414.34,4414.34,4414.34,31,CLEARED_>=20s,1.0,0.0,0.0,0.0,0.0,0.0,0.0,PASS_<20%,0.00,0.0,NO,STANDBY_VEL_LOW,0,0.00,4590.00,78.36,FALSE,M1_DIRECTION_MISMATCH
2026-09-07 15:41:32.058,1788795692.059,8253,64,184,4414.34,4414.42,8.0,PASS_<=10c,+0.0,FLAT,+0.0,+0.0,4.2,+0.00,0.00,SLOW,4414.34,4414.34,4414.34,4414.34,0.00,0.00,0.0,BULLISH,0.0,4414.34,4414.34,4414.34,4414.34,32,CLEARED_>=20s,1.0,0.0,0.0,0.0,0.0,0.0,0.0,PASS_<20%,0.00,0.0,NO,STANDBY_VEL_LOW,0,0.00,4590.00,78.36,FALSE,M1_DIRECTION_MISMATCH
2026-09-07 15:41:32.560,1788795692.561,8254,65,185,4414.34,4414.42,8.0,PASS_<=10c,+0.0,FLAT,+0.0,+0.0,4.2,+0.00,0.00,SLOW,4414.34,4414.34,4414.34,4414.34,0.00,0.00,0.0,BULLISH,0.0,4414.34,4414.34,4414.34,4414.34,32,CLEARED_>=20s,1.0,0.0,0.0,0.0,0.0,0.0,0.0,PASS_<20%,0.00,0.0,NO,STANDBY_VEL_LOW,0,0.00,4590.00,78.36,FALSE,M1_DIRECTION_MISMATCH
2026-09-07 15:41:33.061,1788795693.062,8255,66,186,4414.34,4414.42,8.0,PASS_<=10c,+0.0,FLAT,+0.0,+0.0,4.2,+0.00,0.00,SLOW,4414.34,4414.34,4414.34,4414.34,0.00,0.00,0.0,BULLISH,0.0,4414.34,4414.34,4414.34,4414.34,33,CLEARED_>=20s,1.0,0.0,0.0,0.0,0.0,0.0,0.0,PASS_<20%,0.00,0.0,NO,STANDBY_VEL_LOW,0,0.00,4590.00,78.36,FALSE,M1_DIRECTION_MISMATCH
2026-09-07 15:41:33.561,1788795693.562,8256,67,187,4414.34,4414.42,8.0,PASS_<=10c,+0.0,FLAT,+0.0,+0.0,4.2,+0.00,0.00,SLOW,4414.34,4414.34,4414.34,4414.34,0.00,0.00,0.0,BULLISH,0.0,4414.34,4414.34,4414.34,4414.34,33,CLEARED_>=20s,1.0,0.0,0.0,0.0,0.0,0.0,0.0,PASS_<20%,0.00,0.0,NO,STANDBY_VEL_LOW,0,0.00,4590.00,78.36,FALSE,M1_DIRECTION_MISMATCH
2026-09-07 15:41:34.063,1788795694.064,8257,68,188,4414.34,4414.42,8.0,PASS_<=10c,+0.0,FLAT,+0.0,+0.0,4.2,+0.00,0.00,SLOW,4414.34,4414.34,4414.34,4414.34,0.00,0.00,0.0,BULLISH,0.0,4414.34,4414.34,4414.34,4414.34,34,CLEARED_>=20s,1.0,0.0,0.0,0.0,0.0,0.0,0.0,PASS_<20%,0.00,0.0,NO,STANDBY_VEL_LOW,0,0.00,4590.00,78.36,FALSE,M1_DIRECTION_MISMATCH
2026-09-07 15:41:34.565,1788795694.565,8258,69,189,4414.34,4414.42,8.0,PASS_<=10c,+0.0,FLAT,+0.0,+0.0,4.2,+0.00,0.00,SLOW,4414.34,4414.34,4414.34,4414.34,0.00,0.00,0.0,BULLISH,0.0,4414.34,4414.34,4414.34,4414.34,34,CLEARED_>=20s,1.0,0.0,0.0,0.0,0.0,0.0,0.0,PASS_<20%,0.00,0.0,NO,STANDBY_VEL_LOW,0,0.00,4590.00,78.36,FALSE,M1_DIRECTION_MISMATCH
2026-09-07 15:41:35.066,1788795695.066,8259,70,190,4414.34,4414.42,8.0,PASS_<=10c,+0.0,FLAT,+0.0,+0.0,4.2,+0.00,0.00,SLOW,4414.34,4414.34,4414.34,4414.34,0.00,0.00,0.0,BULLISH,0.0,4414.34,4414.34,4414.34,4414.34,35,CLEARED_>=20s,1.0,0.0,0.0,0.0,0.0,0.0,0.0,PASS_<20%,0.00,0.0,NO,STANDBY_VEL_LOW,0,0.00,4590.00,78.36,FALSE,M1_DIRECTION_MISMATCH
2026-09-07 15:41:35.568,1788795695.569,8260,71,191,4414.34,4414.42,8.0,PASS_<=10c,+0.0,FLAT,+0.0,+0.0,4.2,+0.00,0.00,SLOW,4414.34,4414.34,4414.34,4414.34,0.00,0.00,0.0,BULLISH,0.0,4414.34,4414.34,4414.34,4414.34,35,CLEARED_>=20s,1.0,0.0,0.0,0.0,0.0,0.0,0.0,PASS_<20%,0.00,0.0,NO,STANDBY_VEL_LOW,0,0.00,4590.00,78.36,FALSE,M1_DIRECTION_MISMATCH
2026-09-07 15:41:36.069,1788795696.069,8261,72,192,4414.34,4414.42,8.0,PASS_<=10c,+0.0,FLAT,+0.0,+0.0,4.2,+0.00,0.00,SLOW,4414.34,4414.34,4414.34,4414.34,0.00,0.00,0.0,BULLISH,0.0,4414.34,4414.34,4414.34,4414.34,36,CLEARED_>=20s,1.0,0.0,0.0,0.0,0.0,0.0,0.0,PASS_<20%,0.00,0.0,NO,STANDBY_VEL_LOW,0,0.00,4590.00,78.36,FALSE,M1_DIRECTION_MISMATCH
2026-09-07 15:41:36.570,1788795696.571,8262,73,193,4414.34,4414.42,8.0,PASS_<=10c,+0.0,FLAT,+0.0,+0.0,4.2,+0.00,0.00,SLOW,4414.34,4414.34,4414.34,4414.34,0.00,0.00,0.0,BULLISH,0.0,4414.34,4414.34,4414.34,4414.34,36,CLEARED_>=20s,1.0,0.0,0.0,0.0,0.0,0.0,0.0,PASS_<20%,0.00,0.0,NO,STANDBY_VEL_LOW,0,0.00,4590.00,78.36,FALSE,M1_DIRECTION_MISMATCH
2026-09-07 15:41:37.070,1788795697.071,8263,74,194,4414.34,4414.42,8.0,PASS_<=10c,+0.0,FLAT,+0.0,+0.0,4.2,+0.00,0.00,SLOW,4414.34,4414.34,4414.34,4414.34,0.00,0.00,0.0,BULLISH,0.0,4414.34,4414.34,4414.34,4414.34,37,CLEARED_>=20s,1.0,0.0,0.0,0.0,0.0,0.0,0.0,PASS_<20%,0.00,0.0,NO,STANDBY_VEL_LOW,0,0.00,4590.00,78.36,FALSE,M1_DIRECTION_MISMATCH
2026-09-07 15:41:37.572,1788795697.573,8264,75,195,4414.34,4414.42,8.0,PASS_<=10c,+0.0,FLAT,+0.0,+0.0,4.2,+0.00,0.00,SLOW,4414.34,4414.34,4414.34,4414.34,0.00,0.00,0.0,BULLISH,0.0,4414.34,4414.34,4414.34,4414.34,37,CLEARED_>=20s,1.0,0.0,0.0,0.0,0.0,0.0,0.0,PASS_<20%,0.00,0.0,NO,STANDBY_VEL_LOW,0,0.00,4590.00,78.36,FALSE,M1_DIRECTION_MISMATCH
2026-09-07 15:41:38.074,1788795698.075,8265,76,196,4414.34,4414.42,8.0,PASS_<=10c,+0.0,FLAT,+0.0,+0.0,4.2,+0.00,0.00,SLOW,4414.34,4414.34,4414.34,4414.34,0.00,0.00,0.0,BULLISH,0.0,4414.34,4414.34,4414.34,4414.34,38,CLEARED_>=20s,1.0,0.0,0.0,0.0,0.0,0.0,0.0,PASS_<20%,0.00,0.0,NO,STANDBY_VEL_LOW,0,0.00,4590.00,78.36,FALSE,M1_DIRECTION_MISMATCH
2026-09-07 15:41:38.576,1788795698.577,8266,77,197,4414.34,4414.42,8.0,PASS_<=10c,+0.0,FLAT,+0.0,+0.0,4.2,+0.00,0.00,SLOW,4414.34,4414.34,4414.34,4414.34,0.00,0.00,0.0,BULLISH,0.0,4414.34,4414.34,4414.34,4414.34,38,CLEARED_>=20s,1.0,0.0,0.0,0.0,0.0,0.0,0.0,PASS_<20%,0.00,0.0,NO,STANDBY_VEL_LOW,0,0.00,4590.00,78.36,FALSE,M1_DIRECTION_MISMATCH
2026-09-07 15:41:39.076,1788795699.076,8267,78,198,4414.34,4414.42,8.0,PASS_<=10c,+0.0,FLAT,+0.0,+0.0,4.2,+0.00,0.00,SLOW,4414.34,4414.34,4414.34,4414.34,0.00,0.00,0.0,BULLISH,0.0,4414.34,4414.34,4414.34,4414.34,39,CLEARED_>=20s,1.0,0.0,0.0,0.0,0.0,0.0,0.0,PASS_<20%,0.00,0.0,NO,STANDBY_VEL_LOW,0,0.00,4590.00,78.36,FALSE,M1_DIRECTION_MISMATCH
2026-09-07 15:41:39.578,1788795699.578,8268,79,199,4414.34,4414.42,8.0,PASS_<=10c,+0.0,FLAT,+0.0,+0.0,4.2,+0.00,0.00,SLOW,4414.34,4414.34,4414.34,4414.34,0.00,0.00,0.0,BULLISH,0.0,4414.34,4414.34,4414.34,4414.34,39,CLEARED_>=20s,1.0,0.0,0.0,0.0,0.0,0.0,0.0,PASS_<20%,0.00,0.0,NO,STANDBY_VEL_LOW,0,0.00,4590.00,78.36,FALSE,M1_DIRECTION_MISMATCH
2026-09-07 15:41:40.079,1788795700.079,8269,80,200,4414.34,4414.42,8.0,PASS_<=10c,+0.0,FLAT,+0.0,+0.0,4.2,+0.00,0.00,SLOW,4414.34,4414.34,4414.34,4414.34,0.00,0.00,0.0,BULLISH,0.0,4414.34,4414.34,4414.34,4414.34,40,CLEARED_>=20s,1.0,0.0,0.0,0.0,0.0,0.0,0.0,PASS_<20%,0.00,0.0,NO,STANDBY_VEL_LOW,0,0.00,4590.00,78.36,FALSE,M1_DIRECTION_MISMATCH
2026-09-07 15:41:40.580,1788795700.581,8270,81,201,4414.34,4414.42,8.0,PASS_<=10c,+0.0,FLAT,+0.0,+0.0,4.2,+0.00,0.00,SLOW,4414.34,4414.34,4414.34,4414.34,0.00,0.00,0.0,BULLISH,0.0,4414.34,4414.34,4414.34,4414.34,40,CLEARED_>=20s,1.0,0.0,0.0,0.0,0.0,0.0,0.0,PASS_<20%,0.00,0.0,NO,STANDBY_VEL_LOW,0,0.00,4590.00,78.36,FALSE,M1_DIRECTION_MISMATCH
2026-09-07 15:41:41.081,1788795701.081,8271,82,202,4414.34,4414.42,8.0,PASS_<=10c,+0.0,FLAT,+0.0,+0.0,4.2,+0.00,0.00,SLOW,4414.34,4414.34,4414.34,4414.34,0.00,0.00,0.0,BULLISH,0.0,4414.34,4414.34,4414.34,4414.34,41,CLEARED_>=20s,1.0,0.0,0.0,0.0,0.0,0.0,0.0,PASS_<20%,0.00,0.0,NO,STANDBY_VEL_LOW,0,0.00,4590.00,78.36,FALSE,M1_DIRECTION_MISMATCH
2026-09-07 15:41:41.583,1788795701.583,8272,83,203,4414.34,4414.42,8.0,PASS_<=10c,+0.0,FLAT,+0.0,+0.0,4.2,+0.00,0.00,SLOW,4414.34,4414.34,4414.34,4414.34,0.00,0.00,0.0,BULLISH,0.0,4414.34,4414.34,4414.34,4414.34,41,CLEARED_>=20s,1.0,0.0,0.0,0.0,0.0,0.0,0.0,PASS_<20%,0.00,0.0,NO,STANDBY_VEL_LOW,0,0.00,4590.00,78.36,FALSE,M1_DIRECTION_MISMATCH
2026-09-07 15:41:42.085,1788795702.085,8273,84,204,4414.34,4414.42,8.0,PASS_<=10c,+0.0,FLAT,+0.0,+0.0,4.2,+0.00,0.00,SLOW,4414.34,4414.34,4414.34,4414.34,0.00,0.00,0.0,BULLISH,0.0,4414.34,4414.34,4414.34,4414.34,42,CLEARED_>=20s,1.0,0.0,0.0,0.0,0.0,0.0,0.0,PASS_<20%,0.00,0.0,NO,STANDBY_VEL_LOW,0,0.00,4590.00,78.36,FALSE,M1_DIRECTION_MISMATCH
2026-09-07 15:41:42.586,1788795702.587,8274,85,205,4414.34,4414.42,8.0,PASS_<=10c,+0.0,FLAT,+0.0,+0.0,4.2,+0.00,0.00,SLOW,4414.34,4414.34,4414.34,4414.34,0.00,0.00,0.0,BULLISH,0.0,4414.34,4414.34,4414.34,4414.34,42,CLEARED_>=20s,1.0,0.0,0.0,0.0,0.0,0.0,0.0,PASS_<20%,0.00,0.0,NO,STANDBY_VEL_LOW,0,0.00,4590.00,78.36,FALSE,M1_DIRECTION_MISMATCH
2026-09-07 15:41:43.088,1788795703.088,8275,86,206,4414.34,4414.42,8.0,PASS_<=10c,+0.0,FLAT,+0.0,+0.0,4.2,+0.00,0.00,SLOW,4414.34,4414.34,4414.34,4414.34,0.00,0.00,0.0,BULLISH,0.0,4414.34,4414.34,4414.34,4414.34,43,CLEARED_>=20s,1.0,0.0,0.0,0.0,0.0,0.0,0.0,PASS_<20%,0.00,0.0,NO,STANDBY_VEL_LOW,0,0.00,4590.00,78.36,FALSE,M1_DIRECTION_MISMATCH
2026-09-07 15:41:43.590,1788795703.590,8276,87,207,4414.34,4414.42,8.0,PASS_<=10c,+0.0,FLAT,+0.0,+0.0,4.2,+0.00,0.00,SLOW,4414.34,4414.34,4414.34,4414.34,0.00,0.00,0.0,BULLISH,0.0,4414.34,4414.34,4414.34,4414.34,43,CLEARED_>=20s,1.0,0.0,0.0,0.0,0.0,0.0,0.0,PASS_<20%,0.00,0.0,NO,STANDBY_VEL_LOW,0,0.00,4590.00,78.36,FALSE,M1_DIRECTION_MISMATCH
2026-09-07 15:41:44.091,1788795704.091,8277,88,208,4414.34,4414.42,8.0,PASS_<=10c,+0.0,FLAT,+0.0,+0.0,4.2,+0.00,0.00,SLOW,4414.34,4414.34,4414.34,4414.34,0.00,0.00,0.0,BULLISH,0.0,4414.34,4414.34,4414.34,4414.34,44,CLEARED_>=20s,1.0,0.0,0.0,0.0,0.0,0.0,0.0,PASS_<20%,0.00,0.0,NO,STANDBY_VEL_LOW,0,0.00,4590.00,78.36,FALSE,M1_DIRECTION_MISMATCH
2026-09-07 15:41:44.592,1788795704.593,8278,89,209,4414.34,4414.42,8.0,PASS_<=10c,+0.0,FLAT,+0.0,+0.0,4.2,+0.00,0.00,SLOW,4414.34,4414.34,4414.34,4414.34,0.00,0.00,0.0,BULLISH,0.0,4414.34,4414.34,4414.34,4414.34,44,CLEARED_>=20s,1.0,0.0,0.0,0.0,0.0,0.0,0.0,PASS_<20%,0.00,0.0,NO,STANDBY_VEL_LOW,0,0.00,4590.00,78.36,FALSE,M1_DIRECTION_MISMATCH
2026-09-07 15:41:45.094,1788795705.095,8279,90,210,4414.34,4414.42,8.0,PASS_<=10c,+0.0,FLAT,+0.0,+0.0,4.2,+0.00,0.00,SLOW,4414.34,4414.34,4414.34,4414.34,0.00,0.00,0.0,BULLISH,0.0,4414.34,4414.34,4414.34,4414.34,45,CLEARED_>=20s,1.0,0.0,0.0,0.0,0.0,0.0,0.0,PASS_<20%,0.00,0.0,NO,STANDBY_VEL_LOW,0,0.00,4590.00,78.36,FALSE,M1_DIRECTION_MISMATCH
2026-09-07 15:41:45.597,1788795705.598,8280,91,211,4414.34,4414.42,8.0,PASS_<=10c,+0.0,FLAT,+0.0,+0.0,4.2,+0.00,0.00,SLOW,4414.34,4414.34,4414.34,4414.34,0.00,0.00,0.0,BULLISH,0.0,4414.34,4414.34,4414.34,4414.34,45,CLEARED_>=20s,1.0,0.0,0.0,0.0,0.0,0.0,0.0,PASS_<20%,0.00,0.0,NO,STANDBY_VEL_LOW,0,0.00,4590.00,78.36,FALSE,M1_DIRECTION_MISMATCH
2026-09-07 15:41:46.098,1788795706.099,8281,92,212,4414.34,4414.42,8.0,PASS_<=10c,+0.0,FLAT,+0.0,+0.0,4.2,+0.00,0.00,SLOW,4414.34,4414.34,4414.34,4414.34,0.00,0.00,0.0,BULLISH,0.0,4414.34,4414.34,4414.34,4414.34,46,CLEARED_>=20s,1.0,0.0,0.0,0.0,0.0,0.0,0.0,PASS_<20%,0.00,0.0,NO,STANDBY_VEL_LOW,0,0.00,4590.00,78.36,FALSE,M1_DIRECTION_MISMATCH
2026-09-07 15:41:46.601,1788795706.602,8282,93,213,4414.34,4414.42,8.0,PASS_<=10c,+0.0,FLAT,+0.0,+0.0,4.2,+0.00,0.00,SLOW,4414.34,4414.34,4414.34,4414.34,0.00,0.00,0.0,BULLISH,0.0,4414.34,4414.34,4414.34,4414.34,46,CLEARED_>=20s,1.0,0.0,0.0,0.0,0.0,0.0,0.0,PASS_<20%,0.00,0.0,NO,STANDBY_VEL_LOW,0,0.00,4590.00,78.36,FALSE,M1_DIRECTION_MISMATCH
2026-09-07 15:41:47.103,1788795707.103,8283,94,214,4414.34,4414.42,8.0,PASS_<=10c,+0.0,FLAT,+0.0,+0.0,4.2,+0.00,0.00,SLOW,4414.34,4414.34,4414.34,4414.34,0.00,0.00,0.0,BULLISH,0.0,4414.34,4414.34,4414.34,4414.34,47,CLEARED_>=20s,1.0,0.0,0.0,0.0,0.0,0.0,0.0,PASS_<20%,0.00,0.0,NO,STANDBY_VEL_LOW,0,0.00,4590.00,78.36,FALSE,M1_DIRECTION_MISMATCH
2026-09-07 15:41:47.605,1788795707.605,8284,95,215,4414.34,4414.42,8.0,PASS_<=10c,+0.0,FLAT,+0.0,+0.0,4.2,+0.00,0.00,SLOW,4414.34,4414.34,4414.34,4414.34,0.00,0.00,0.0,BULLISH,0.0,4414.34,4414.34,4414.34,4414.34,47,CLEARED_>=20s,1.0,0.0,0.0,0.0,0.0,0.0,0.0,PASS_<20%,0.00,0.0,NO,STANDBY_VEL_LOW,0,0.00,4590.00,78.36,FALSE,M1_DIRECTION_MISMATCH
2026-09-07 15:41:48.106,1788795708.106,8285,96,216,4414.34,4414.42,8.0,PASS_<=10c,+0.0,FLAT,+0.0,+0.0,4.2,+0.00,0.00,SLOW,4414.34,4414.34,4414.34,4414.34,0.00,0.00,0.0,BULLISH,0.0,4414.34,4414.34,4414.34,4414.34,48,CLEARED_>=20s,1.0,0.0,0.0,0.0,0.0,0.0,0.0,PASS_<20%,0.00,0.0,NO,STANDBY_VEL_LOW,0,0.00,4590.00,78.36,FALSE,M1_DIRECTION_MISMATCH
2026-09-07 15:41:48.607,1788795708.608,8286,97,217,4414.34,4414.42,8.0,PASS_<=10c,+0.0,FLAT,+0.0,+0.0,4.2,+0.00,0.00,SLOW,4414.34,4414.34,4414.34,4414.34,0.00,0.00,0.0,BULLISH,0.0,4414.34,4414.34,4414.34,4414.34,48,CLEARED_>=20s,1.0,0.0,0.0,0.0,0.0,0.0,0.0,PASS_<20%,0.00,0.0,NO,STANDBY_VEL_LOW,0,0.00,4590.00,78.36,FALSE,M1_DIRECTION_MISMATCH
2026-09-07 15:41:49.109,1788795709.109,8287,98,218,4414.34,4414.42,8.0,PASS_<=10c,+0.0,FLAT,+0.0,+0.0,4.2,+0.00,0.00,SLOW,4414.34,4414.34,4414.34,4414.34,0.00,0.00,0.0,BULLISH,0.0,4414.34,4414.34,4414.34,4414.34,49,CLEARED_>=20s,1.0,0.0,0.0,0.0,0.0,0.0,0.0,PASS_<20%,0.00,0.0,NO,STANDBY_VEL_LOW,0,0.00,4590.00,78.36,FALSE,M1_DIRECTION_MISMATCH
2026-09-07 15:41:49.610,1788795709.610,8288,99,219,4414.34,4414.42,8.0,PASS_<=10c,+0.0,FLAT,+0.0,+0.0,4.2,+0.00,0.00,SLOW,4414.34,4414.34,4414.34,4414.34,0.00,0.00,0.0,BULLISH,0.0,4414.34,4414.34,4414.34,4414.34,49,CLEARED_>=20s,1.0,0.0,0.0,0.0,0.0,0.0,0.0,PASS_<20%,0.00,0.0,NO,STANDBY_VEL_LOW,0,0.00,4590.00,78.36,FALSE,M1_DIRECTION_MISMATCH
2026-09-07 15:41:50.111,1788795710.112,8289,100,220,4414.34,4414.42,8.0,PASS_<=10c,+0.0,FLAT,+0.0,+0.0,4.2,+0.00,0.00,SLOW,4414.34,4414.34,4414.34,4414.34,0.00,0.00,0.0,BULLISH,0.0,4414.34,4414.34,4414.34,4414.34,50,CLEARED_>=20s,1.0,0.0,0.0,0.0,0.0,0.0,0.0,PASS_<20%,0.00,0.0,NO,STANDBY_VEL_LOW,0,0.00,4590.00,78.36,FALSE,M1_DIRECTION_MISMATCH
2026-09-07 15:41:50.613,1788795710.614,8290,101,221,4414.34,4414.42,8.0,PASS_<=10c,+0.0,FLAT,+0.0,+0.0,4.2,+0.00,0.00,SLOW,4414.34,4414.34,4414.34,4414.34,0.00,0.00,0.0,BULLISH,0.0,4414.34,4414.34,4414.34,4414.34,50,CLEARED_>=20s,1.0,0.0,0.0,0.0,0.0,0.0,0.0,PASS_<20%,0.00,0.0,NO,STANDBY_VEL_LOW,0,0.00,4590.00,78.36,FALSE,M1_DIRECTION_MISMATCH
2026-09-07 15:41:51.116,1788795711.116,8291,102,222,4414.34,4414.42,8.0,PASS_<=10c,+0.0,FLAT,+0.0,+0.0,4.2,+0.00,0.00,SLOW,4414.34,4414.34,4414.34,4414.34,0.00,0.00,0.0,BULLISH,0.0,4414.34,4414.34,4414.34,4414.34,51,CLEARED_>=20s,1.0,0.0,0.0,0.0,0.0,0.0,0.0,PASS_<20%,0.00,0.0,NO,STANDBY_VEL_LOW,0,0.00,4590.00,78.36,FALSE,M1_DIRECTION_MISMATCH
2026-09-07 15:41:51.617,1788795711.618,8292,103,223,4414.34,4414.42,8.0,PASS_<=10c,+0.0,FLAT,+0.0,+0.0,4.2,+0.00,0.00,SLOW,4414.34,4414.34,4414.34,4414.34,0.00,0.00,0.0,BULLISH,0.0,4414.34,4414.34,4414.34,4414.34,51,CLEARED_>=20s,1.0,0.0,0.0,0.0,0.0,0.0,0.0,PASS_<20%,0.00,0.0,NO,STANDBY_VEL_LOW,0,0.00,4590.00,78.36,FALSE,M1_DIRECTION_MISMATCH
2026-09-07 15:41:52.119,1788795712.119,8293,104,224,4414.34,4414.42,8.0,PASS_<=10c,+0.0,FLAT,+0.0,+0.0,4.2,+0.00,0.00,SLOW,4414.34,4414.34,4414.34,4414.34,0.00,0.00,0.0,BULLISH,0.0,4414.34,4414.34,4414.34,4414.34,52,CLEARED_>=20s,1.0,0.0,0.0,0.0,0.0,0.0,0.0,PASS_<20%,0.00,0.0,NO,STANDBY_VEL_LOW,0,0.00,4590.00,78.36,FALSE,M1_DIRECTION_MISMATCH
2026-09-07 15:41:52.620,1788795712.621,8294,105,225,4414.34,4414.42,8.0,PASS_<=10c,+0.0,FLAT,+0.0,+0.0,4.2,+0.00,0.00,SLOW,4414.34,4414.34,4414.34,4414.34,0.00,0.00,0.0,BULLISH,0.0,4414.34,4414.34,4414.34,4414.34,52,CLEARED_>=20s,1.0,0.0,0.0,0.0,0.0,0.0,0.0,PASS_<20%,0.00,0.0,NO,STANDBY_VEL_LOW,0,0.00,4590.00,78.36,FALSE,M1_DIRECTION_MISMATCH
2026-09-07 15:41:53.122,1788795713.122,8295,106,226,4414.34,4414.42,8.0,PASS_<=10c,+0.0,FLAT,+0.0,+0.0,4.2,+0.00,0.00,SLOW,4414.34,4414.34,4414.34,4414.34,0.00,0.00,0.0,BULLISH,0.0,4414.34,4414.34,4414.34,4414.34,53,CLEARED_>=20s,1.0,0.0,0.0,0.0,0.0,0.0,0.0,PASS_<20%,0.00,0.0,NO,STANDBY_VEL_LOW,0,0.00,4590.00,78.36,FALSE,M1_DIRECTION_MISMATCH
2026-09-07 15:41:53.623,1788795713.623,8296,107,227,4414.34,4414.42,8.0,PASS_<=10c,+0.0,FLAT,+0.0,+0.0,4.2,+0.00,0.00,SLOW,4414.34,4414.34,4414.34,4414.34,0.00,0.00,0.0,BULLISH,0.0,4414.34,4414.34,4414.34,4414.34,53,CLEARED_>=20s,1.0,0.0,0.0,0.0,0.0,0.0,0.0,PASS_<20%,0.00,0.0,NO,STANDBY_VEL_LOW,0,0.00,4590.00,78.36,FALSE,M1_DIRECTION_MISMATCH
2026-09-07 15:41:54.124,1788795714.124,8297,108,228,4414.34,4414.42,8.0,PASS_<=10c,+0.0,FLAT,+0.0,+0.0,4.2,+0.00,0.00,SLOW,4414.34,4414.34,4414.34,4414.34,0.00,0.00,0.0,BULLISH,0.0,4414.34,4414.34,4414.34,4414.34,54,CLEARED_>=20s,1.0,0.0,0.0,0.0,0.0,0.0,0.0,PASS_<20%,0.00,0.0,NO,STANDBY_VEL_LOW,0,0.00,4590.00,78.36,FALSE,M1_DIRECTION_MISMATCH
2026-09-07 15:41:54.625,1788795714.625,8298,109,229,4414.34,4414.42,8.0,PASS_<=10c,+0.0,FLAT,+0.0,+0.0,4.2,+0.00,0.00,SLOW,4414.34,4414.34,4414.34,4414.34,0.00,0.00,0.0,BULLISH,0.0,4414.34,4414.34,4414.34,4414.34,54,CLEARED_>=20s,1.0,0.0,0.0,0.0,0.0,0.0,0.0,PASS_<20%,0.00,0.0,NO,STANDBY_VEL_LOW,0,0.00,4590.00,78.36,FALSE,M1_DIRECTION_MISMATCH
2026-09-07 15:41:55.126,1788795715.126,8299,110,230,4414.34,4414.42,8.0,PASS_<=10c,+0.0,FLAT,+0.0,+0.0,4.2,+0.00,0.00,SLOW,4414.34,4414.34,4414.34,4414.34,0.00,0.00,0.0,BULLISH,0.0,4414.34,4414.34,4414.34,4414.34,55,CLEARED_>=20s,1.0,0.0,0.0,0.0,0.0,0.0,0.0,PASS_<20%,0.00,0.0,NO,STANDBY_VEL_LOW,0,0.00,4590.00,78.36,FALSE,M1_DIRECTION_MISMATCH
2026-09-07 15:41:55.628,1788795715.629,8300,111,231,4414.34,4414.42,8.0,PASS_<=10c,+0.0,FLAT,+0.0,+0.0,4.2,+0.00,0.00,SLOW,4414.34,4414.34,4414.34,4414.34,0.00,0.00,0.0,BULLISH,0.0,4414.34,4414.34,4414.34,4414.34,55,CLEARED_>=20s,1.0,0.0,0.0,0.0,0.0,0.0,0.0,PASS_<20%,0.00,0.0,NO,STANDBY_VEL_LOW,0,0.00,4590.00,78.36,FALSE,M1_DIRECTION_MISMATCH
2026-09-07 15:41:56.130,1788795716.130,8301,112,232,4414.34,4414.42,8.0,PASS_<=10c,+0.0,FLAT,+0.0,+0.0,4.2,+0.00,0.00,SLOW,4414.34,4414.34,4414.34,4414.34,0.00,0.00,0.0,BULLISH,0.0,4414.34,4414.34,4414.34,4414.34,56,CLEARED_>=20s,1.0,0.0,0.0,0.0,0.0,0.0,0.0,PASS_<20%,0.00,0.0,NO,STANDBY_VEL_LOW,0,0.00,4590.00,78.36,FALSE,M1_DIRECTION_MISMATCH
2026-09-07 15:41:56.631,1788795716.631,8302,113,233,4414.34,4414.42,8.0,PASS_<=10c,+0.0,FLAT,+0.0,+0.0,4.2,+0.00,0.00,SLOW,4414.34,4414.34,4414.34,4414.34,0.00,0.00,0.0,BULLISH,0.0,4414.34,4414.34,4414.34,4414.34,56,CLEARED_>=20s,1.0,0.0,0.0,0.0,0.0,0.0,0.0,PASS_<20%,0.00,0.0,NO,STANDBY_VEL_LOW,0,0.00,4590.00,78.36,FALSE,M1_DIRECTION_MISMATCH
2026-09-07 15:41:57.132,1788795717.132,8303,114,234,4414.34,4414.42,8.0,PASS_<=10c,+0.0,FLAT,+0.0,+0.0,4.2,+0.00,0.00,SLOW,4414.34,4414.34,4414.34,4414.34,0.00,0.00,0.0,BULLISH,0.0,4414.34,4414.34,4414.34,4414.34,57,CLEARED_>=20s,1.0,0.0,0.0,0.0,0.0,0.0,0.0,PASS_<20%,0.00,0.0,NO,STANDBY_VEL_LOW,0,0.00,4590.00,78.36,FALSE,M1_DIRECTION_MISMATCH
2026-09-07 15:41:57.633,1788795717.634,8304,115,235,4414.34,4414.42,8.0,PASS_<=10c,+0.0,FLAT,+0.0,+0.0,4.2,+0.00,0.00,SLOW,4414.34,4414.34,4414.34,4414.34,0.00,0.00,0.0,BULLISH,0.0,4414.34,4414.34,4414.34,4414.34,57,CLEARED_>=20s,1.0,0.0,0.0,0.0,0.0,0.0,0.0,PASS_<20%,0.00,0.0,NO,STANDBY_VEL_LOW,0,0.00,4590.00,78.36,FALSE,M1_DIRECTION_MISMATCH
2026-09-07 15:41:58.135,1788795718.136,8305,116,236,4414.34,4414.42,8.0,PASS_<=10c,+0.0,FLAT,+0.0,+0.0,4.2,+0.00,0.00,SLOW,4414.34,4414.34,4414.34,4414.34,0.00,0.00,0.0,BULLISH,0.0,4414.34,4414.34,4414.34,4414.34,58,CLEARED_>=20s,1.0,0.0,0.0,0.0,0.0,0.0,0.0,PASS_<20%,0.00,0.0,NO,STANDBY_VEL_LOW,0,0.00,4590.00,78.36,FALSE,M1_DIRECTION_MISMATCH
2026-09-07 15:41:58.637,1788795718.638,8306,117,237,4414.34,4414.42,8.0,PASS_<=10c,+0.0,FLAT,+0.0,+0.0,4.2,+0.00,0.00,SLOW,4414.34,4414.34,4414.34,4414.34,0.00,0.00,0.0,BULLISH,0.0,4414.34,4414.34,4414.34,4414.34,58,CLEARED_>=20s,1.0,0.0,0.0,0.0,0.0,0.0,0.0,PASS_<20%,0.00,0.0,NO,STANDBY_VEL_LOW,0,0.00,4590.00,78.36,FALSE,M1_DIRECTION_MISMATCH
2026-09-07 15:41:59.139,1788795719.140,8307,118,238,4414.34,4414.42,8.0,PASS_<=10c,+0.0,FLAT,+0.0,+0.0,4.2,+0.00,0.00,SLOW,4414.34,4414.34,4414.34,4414.34,0.00,0.00,0.0,BULLISH,0.0,4414.34,4414.34,4414.34,4414.34,59,CLEARED_>=20s,1.0,0.0,0.0,0.0,0.0,0.0,0.0,PASS_<20%,0.00,0.0,NO,STANDBY_VEL_LOW,0,0.00,4590.00,78.36,FALSE,M1_DIRECTION_MISMATCH
2026-09-07 15:41:59.641,1788795719.642,8308,119,239,4414.34,4414.42,8.0,PASS_<=10c,+0.0,FLAT,+0.0,+0.0,4.2,+0.00,0.00,SLOW,4414.34,4414.34,4414.34,4414.34,0.00,0.00,0.0,BULLISH,0.0,4414.34,4414.34,4414.34,4414.34,59,CLEARED_>=20s,1.0,0.0,0.0,0.0,0.0,0.0,0.0,PASS_<20%,0.00,0.0,NO,STANDBY_VEL_LOW,0,0.00,4590.00,78.36,FALSE,M1_DIRECTION_MISMATCH
2026-09-07 15:42:00.143,1788795720.143,8309,1,240,4414.34,4414.42,8.0,PASS_<=10c,+0.0,FLAT,+0.0,+0.0,4.2,+0.00,0.00,SLOW,4414.34,4414.34,4414.34,4414.34,0.00,0.00,0.0,BULLISH,0.0,4414.34,4414.34,4414.34,4414.34,0,ACTIVE_0s,1.0,0.0,0.0,0.0,0.0,0.0,0.0,PASS_<20%,0.00,0.0,NO,STANDBY_VEL_LOW,0,0.00,4590.00,78.36,FALSE,M1_DIRECTION_MISMATCH|OPENING_SHIELD_ACTIVE_0s
2026-09-07 15:42:00.645,1788795720.645,8310,2,241,4414.34,4414.42,8.0,PASS_<=10c,+0.0,FLAT,+0.0,+0.0,4.2,+0.00,0.00,SLOW,4414.34,4414.34,4414.34,4414.34,0.00,0.00,0.0,BULLISH,0.0,4414.34,4414.34,4414.34,4414.34,0,ACTIVE_0s,1.0,0.0,0.0,0.0,0.0,0.0,0.0,PASS_<20%,0.00,0.0,NO,STANDBY_VEL_LOW,0,0.00,4590.00,78.36,FALSE,M1_DIRECTION_MISMATCH|OPENING_SHIELD_ACTIVE_0s
2026-09-07 15:42:01.147,1788795721.147,8311,3,242,4414.34,4414.42,8.0,PASS_<=10c,+0.0,FLAT,+0.0,+0.0,4.2,+0.00,0.00,SLOW,4414.34,4414.34,4414.34,4414.34,0.00,0.00,0.0,BULLISH,0.0,4414.34,4414.34,4414.34,4414.34,1,ACTIVE_1s,1.0,0.0,0.0,0.0,0.0,0.0,0.0,PASS_<20%,0.00,0.0,NO,STANDBY_VEL_LOW,0,0.00,4590.00,78.36,FALSE,M1_DIRECTION_MISMATCH|OPENING_SHIELD_ACTIVE_1s
2026-09-07 15:42:01.648,1788795721.649,8312,4,243,4414.34,4414.42,8.0,PASS_<=10c,+0.0,FLAT,+0.0,+0.0,4.2,+0.00,0.00,SLOW,4414.34,4414.34,4414.34,4414.34,0.00,0.00,0.0,BULLISH,0.0,4414.34,4414.34,4414.34,4414.34,1,ACTIVE_1s,1.0,0.0,0.0,0.0,0.0,0.0,0.0,PASS_<20%,0.00,0.0,NO,STANDBY_VEL_LOW,0,0.00,4590.00,78.36,FALSE,M1_DIRECTION_MISMATCH|OPENING_SHIELD_ACTIVE_1s
2026-09-07 15:42:02.151,1788795722.151,8313,5,244,4414.34,4414.42,8.0,PASS_<=10c,+0.0,FLAT,+0.0,+0.0,4.2,+0.00,0.00,SLOW,4414.34,4414.34,4414.34,4414.34,0.00,0.00,0.0,BULLISH,0.0,4414.34,4414.34,4414.34,4414.34,2,ACTIVE_2s,1.0,0.0,0.0,0.0,0.0,0.0,0.0,PASS_<20%,0.00,0.0,NO,STANDBY_VEL_LOW,0,0.00,4590.00,78.36,FALSE,M1_DIRECTION_MISMATCH|OPENING_SHIELD_ACTIVE_2s
2026-09-07 15:42:02.653,1788795722.654,8314,6,245,4414.34,4414.42,8.0,PASS_<=10c,+0.0,FLAT,+0.0,+0.0,4.2,+0.00,0.00,SLOW,4414.34,4414.34,4414.34,4414.34,0.00,0.00,0.0,BULLISH,0.0,4414.34,4414.34,4414.34,4414.34,2,ACTIVE_2s,1.0,0.0,0.0,0.0,0.0,0.0,0.0,PASS_<20%,0.00,0.0,NO,STANDBY_VEL_LOW,0,0.00,4590.00,78.36,FALSE,M1_DIRECTION_MISMATCH|OPENING_SHIELD_ACTIVE_2s
2026-09-07 15:42:03.154,1788795723.155,8315,7,246,4414.34,4414.42,8.0,PASS_<=10c,+0.0,FLAT,+0.0,+0.0,4.2,+0.00,0.00,SLOW,4414.34,4414.34,4414.34,4414.34,0.00,0.00,0.0,BULLISH,0.0,4414.34,4414.34,4414.34,4414.34,3,ACTIVE_3s,1.0,0.0,0.0,0.0,0.0,0.0,0.0,PASS_<20%,0.00,0.0,NO,STANDBY_VEL_LOW,0,0.00,4590.00,78.36,FALSE,M1_DIRECTION_MISMATCH|OPENING_SHIELD_ACTIVE_3s
2026-09-07 15:42:03.655,1788795723.656,8316,8,247,4414.34,4414.42,8.0,PASS_<=10c,+0.0,FLAT,+0.0,+0.0,4.2,+0.00,0.00,SLOW,4414.34,4414.34,4414.34,4414.34,0.00,0.00,0.0,BULLISH,0.0,4414.34,4414.34,4414.34,4414.34,3,ACTIVE_3s,1.0,0.0,0.0,0.0,0.0,0.0,0.0,PASS_<20%,0.00,0.0,NO,STANDBY_VEL_LOW,0,0.00,4590.00,78.36,FALSE,M1_DIRECTION_MISMATCH|OPENING_SHIELD_ACTIVE_3s
2026-09-07 15:42:04.157,1788795724.158,8317,9,248,4414.34,4414.42,8.0,PASS_<=10c,+0.0,FLAT,+0.0,+0.0,4.2,+0.00,0.00,SLOW,4414.34,4414.34,4414.34,4414.34,0.00,0.00,0.0,BULLISH,0.0,4414.34,4414.34,4414.34,4414.34,4,ACTIVE_4s,1.0,0.0,0.0,0.0,0.0,0.0,0.0,PASS_<20%,0.00,0.0,NO,STANDBY_VEL_LOW,0,0.00,4590.00,78.36,FALSE,M1_DIRECTION_MISMATCH|OPENING_SHIELD_ACTIVE_4s
2026-09-07 15:42:04.659,1788795724.660,8318,10,249,4414.34,4414.42,8.0,PASS_<=10c,+0.0,FLAT,+0.0,+0.0,4.2,+0.00,0.00,SLOW,4414.34,4414.34,4414.34,4414.34,0.00,0.00,0.0,BULLISH,0.0,4414.34,4414.34,4414.34,4414.34,4,ACTIVE_4s,1.0,0.0,0.0,0.0,0.0,0.0,0.0,PASS_<20%,0.00,0.0,NO,STANDBY_VEL_LOW,0,0.00,4590.00,78.36,FALSE,M1_DIRECTION_MISMATCH|OPENING_SHIELD_ACTIVE_4s
2026-09-07 15:42:05.161,1788795725.161,8319,11,250,4414.34,4414.42,8.0,PASS_<=10c,+0.0,FLAT,+0.0,+0.0,4.2,+0.00,0.00,SLOW,4414.34,4414.34,4414.34,4414.34,0.00,0.00,0.0,BULLISH,0.0,4414.34,4414.34,4414.34,4414.34,5,ACTIVE_5s,1.0,0.0,0.0,0.0,0.0,0.0,0.0,PASS_<20%,0.00,0.0,NO,STANDBY_VEL_LOW,0,0.00,4590.00,78.36,FALSE,M1_DIRECTION_MISMATCH|OPENING_SHIELD_ACTIVE_5s
2026-09-07 15:42:05.663,1788795725.664,8320,12,251,4414.34,4414.42,8.0,PASS_<=10c,+0.0,FLAT,+0.0,+0.0,4.2,+0.00,0.00,SLOW,4414.34,4414.34,4414.34,4414.34,0.00,0.00,0.0,BULLISH,0.0,4414.34,4414.34,4414.34,4414.34,5,ACTIVE_5s,1.0,0.0,0.0,0.0,0.0,0.0,0.0,PASS_<20%,0.00,0.0,NO,STANDBY_VEL_LOW,0,0.00,4590.00,78.36,FALSE,M1_DIRECTION_MISMATCH|OPENING_SHIELD_ACTIVE_5s
2026-09-07 15:42:06.165,1788795726.165,8321,13,252,4414.34,4414.42,8.0,PASS_<=10c,+0.0,FLAT,+0.0,+0.0,4.2,+0.00,0.00,SLOW,4414.34,4414.34,4414.34,4414.34,0.00,0.00,0.0,BULLISH,0.0,4414.34,4414.34,4414.34,4414.34,6,ACTIVE_6s,1.0,0.0,0.0,0.0,0.0,0.0,0.0,PASS_<20%,0.00,0.0,NO,STANDBY_VEL_LOW,0,0.00,4590.00,78.36,FALSE,M1_DIRECTION_MISMATCH|OPENING_SHIELD_ACTIVE_6s
2026-09-07 15:42:06.666,1788795726.666,8322,14,253,4414.34,4414.42,8.0,PASS_<=10c,+0.0,FLAT,+0.0,+0.0,4.2,+0.00,0.00,SLOW,4414.34,4414.34,4414.34,4414.34,0.00,0.00,0.0,BULLISH,0.0,4414.34,4414.34,4414.34,4414.34,6,ACTIVE_6s,1.0,0.0,0.0,0.0,0.0,0.0,0.0,PASS_<20%,0.00,0.0,NO,STANDBY_VEL_LOW,0,0.00,4590.00,78.36,FALSE,M1_DIRECTION_MISMATCH|OPENING_SHIELD_ACTIVE_6s
2026-09-07 15:42:07.168,1788795727.169,8323,15,254,4414.34,4414.42,8.0,PASS_<=10c,+0.0,FLAT,+0.0,+0.0,4.2,+0.00,0.00,SLOW,4414.34,4414.34,4414.34,4414.34,0.00,0.00,0.0,BULLISH,0.0,4414.34,4414.34,4414.34,4414.34,7,ACTIVE_7s,1.0,0.0,0.0,0.0,0.0,0.0,0.0,PASS_<20%,0.00,0.0,NO,STANDBY_VEL_LOW,0,0.00,4590.00,78.36,FALSE,M1_DIRECTION_MISMATCH|OPENING_SHIELD_ACTIVE_7s
2026-09-07 15:42:07.668,1788795727.669,8324,16,255,4414.34,4414.42,8.0,PASS_<=10c,+0.0,FLAT,+0.0,+0.0,4.2,+0.00,0.00,SLOW,4414.34,4414.34,4414.34,4414.34,0.00,0.00,0.0,BULLISH,0.0,4414.34,4414.34,4414.34,4414.34,7,ACTIVE_7s,1.0,0.0,0.0,0.0,0.0,0.0,0.0,PASS_<20%,0.00,0.0,NO,STANDBY_VEL_LOW,0,0.00,4590.00,78.36,FALSE,M1_DIRECTION_MISMATCH|OPENING_SHIELD_ACTIVE_7s
2026-09-07 15:42:08.169,1788795728.170,8325,17,256,4414.34,4414.42,8.0,PASS_<=10c,+0.0,FLAT,+0.0,+0.0,4.2,+0.00,0.00,SLOW,4414.34,4414.34,4414.34,4414.34,0.00,0.00,0.0,BULLISH,0.0,4414.34,4414.34,4414.34,4414.34,8,ACTIVE_8s,1.0,0.0,0.0,0.0,0.0,0.0,0.0,PASS_<20%,0.00,0.0,NO,STANDBY_VEL_LOW,0,0.00,4590.00,78.36,FALSE,M1_DIRECTION_MISMATCH|OPENING_SHIELD_ACTIVE_8s
2026-09-07 15:42:08.671,1788795728.671,8326,18,257,4414.34,4414.42,8.0,PASS_<=10c,+0.0,FLAT,+0.0,+0.0,4.2,+0.00,0.00,SLOW,4414.34,4414.34,4414.34,4414.34,0.00,0.00,0.0,BULLISH,0.0,4414.34,4414.34,4414.34,4414.34,8,ACTIVE_8s,1.0,0.0,0.0,0.0,0.0,0.0,0.0,PASS_<20%,0.00,0.0,NO,STANDBY_VEL_LOW,0,0.00,4590.00,78.36,FALSE,M1_DIRECTION_MISMATCH|OPENING_SHIELD_ACTIVE_8s
2026-09-07 15:42:09.172,1788795729.173,8327,19,258,4414.34,4414.42,8.0,PASS_<=10c,+0.0,FLAT,+0.0,+0.0,4.2,+0.00,0.00,SLOW,4414.34,4414.34,4414.34,4414.34,0.00,0.00,0.0,BULLISH,0.0,4414.34,4414.34,4414.34,4414.34,9,ACTIVE_9s,1.0,0.0,0.0,0.0,0.0,0.0,0.0,PASS_<20%,0.00,0.0,NO,STANDBY_VEL_LOW,0,0.00,4590.00,78.36,FALSE,M1_DIRECTION_MISMATCH|OPENING_SHIELD_ACTIVE_9s
2026-09-07 15:42:09.673,1788795729.674,8328,20,259,4414.34,4414.42,8.0,PASS_<=10c,+0.0,FLAT,+0.0,+0.0,4.2,+0.00,0.00,SLOW,4414.34,4414.34,4414.34,4414.34,0.00,0.00,0.0,BULLISH,0.0,4414.34,4414.34,4414.34,4414.34,9,ACTIVE_9s,1.0,0.0,0.0,0.0,0.0,0.0,0.0,PASS_<20%,0.00,0.0,NO,STANDBY_VEL_LOW,0,0.00,4590.00,78.36,FALSE,M1_DIRECTION_MISMATCH|OPENING_SHIELD_ACTIVE_9s
2026-09-07 15:42:10.175,1788795730.176,8329,21,260,4414.34,4414.42,8.0,PASS_<=10c,+0.0,FLAT,+0.0,+0.0,4.2,+0.00,0.00,SLOW,4414.34,4414.34,4414.34,4414.34,0.00,0.00,0.0,BULLISH,0.0,4414.34,4414.34,4414.34,4414.34,10,ACTIVE_10s,1.0,0.0,0.0,0.0,0.0,0.0,0.0,PASS_<20%,0.00,0.0,NO,STANDBY_VEL_LOW,0,0.00,4590.00,78.36,FALSE,M1_DIRECTION_MISMATCH|OPENING_SHIELD_ACTIVE_10s
2026-09-07 15:42:10.677,1788795730.678,8330,22,261,4414.34,4414.42,8.0,PASS_<=10c,+0.0,FLAT,+0.0,+0.0,4.2,+0.00,0.00,SLOW,4414.34,4414.34,4414.34,4414.34,0.00,0.00,0.0,BULLISH,0.0,4414.34,4414.34,4414.34,4414.34,10,ACTIVE_10s,1.0,0.0,0.0,0.0,0.0,0.0,0.0,PASS_<20%,0.00,0.0,NO,STANDBY_VEL_LOW,0,0.00,4590.00,78.36,FALSE,M1_DIRECTION_MISMATCH|OPENING_SHIELD_ACTIVE_10s
2026-09-07 15:42:11.179,1788795731.179,8331,23,262,4414.34,4414.42,8.0,PASS_<=10c,+0.0,FLAT,+0.0,+0.0,4.2,+0.00,0.00,SLOW,4414.34,4414.34,4414.34,4414.34,0.00,0.00,0.0,BULLISH,0.0,4414.34,4414.34,4414.34,4414.34,11,ACTIVE_11s,1.0,0.0,0.0,0.0,0.0,0.0,0.0,PASS_<20%,0.00,0.0,NO,STANDBY_VEL_LOW,0,0.00,4590.00,78.36,FALSE,M1_DIRECTION_MISMATCH|OPENING_SHIELD_ACTIVE_11s
2026-09-07 15:42:11.681,1788795731.681,8332,24,263,4414.34,4414.42,8.0,PASS_<=10c,+0.0,FLAT,+0.0,+0.0,4.2,+0.00,0.00,SLOW,4414.34,4414.34,4414.34,4414.34,0.00,0.00,0.0,BULLISH,0.0,4414.34,4414.34,4414.34,4414.34,11,ACTIVE_11s,1.0,0.0,0.0,0.0,0.0,0.0,0.0,PASS_<20%,0.00,0.0,NO,STANDBY_VEL_LOW,0,0.00,4590.00,78.36,FALSE,M1_DIRECTION_MISMATCH|OPENING_SHIELD_ACTIVE_11s
2026-09-07 15:42:12.182,1788795732.183,8333,25,264,4414.34,4414.42,8.0,PASS_<=10c,+0.0,FLAT,+0.0,+0.0,4.2,+0.00,0.00,SLOW,4414.34,4414.34,4414.34,4414.34,0.00,0.00,0.0,BULLISH,0.0,4414.34,4414.34,4414.34,4414.34,12,ACTIVE_12s,1.0,0.0,0.0,0.0,0.0,0.0,0.0,PASS_<20%,0.00,0.0,NO,STANDBY_VEL_LOW,0,0.00,4590.00,78.36,FALSE,M1_DIRECTION_MISMATCH|OPENING_SHIELD_ACTIVE_12s
2026-09-07 15:42:12.684,1788795732.685,8334,26,265,4414.34,4414.42,8.0,PASS_<=10c,+0.0,FLAT,+0.0,+0.0,4.2,+0.00,0.00,SLOW,4414.34,4414.34,4414.34,4414.34,0.00,0.00,0.0,BULLISH,0.0,4414.34,4414.34,4414.34,4414.34,12,ACTIVE_12s,1.0,0.0,0.0,0.0,0.0,0.0,0.0,PASS_<20%,0.00,0.0,NO,STANDBY_VEL_LOW,0,0.00,4590.00,78.36,FALSE,M1_DIRECTION_MISMATCH|OPENING_SHIELD_ACTIVE_12s
2026-09-07 15:42:13.186,1788795733.187,8335,27,266,4414.34,4414.42,8.0,PASS_<=10c,+0.0,FLAT,+0.0,+0.0,4.2,+0.00,0.00,SLOW,4414.34,4414.34,4414.34,4414.34,0.00,0.00,0.0,BULLISH,0.0,4414.34,4414.34,4414.34,4414.34,13,ACTIVE_13s,1.0,0.0,0.0,0.0,0.0,0.0,0.0,PASS_<20%,0.00,0.0,NO,STANDBY_VEL_LOW,0,0.00,4590.00,78.36,FALSE,M1_DIRECTION_MISMATCH|OPENING_SHIELD_ACTIVE_13s
2026-09-07 15:42:13.688,1788795733.689,8336,28,267,4414.34,4414.42,8.0,PASS_<=10c,+0.0,FLAT,+0.0,+0.0,4.2,+0.00,0.00,SLOW,4414.34,4414.34,4414.34,4414.34,0.00,0.00,0.0,BULLISH,0.0,4414.34,4414.34,4414.34,4414.34,13,ACTIVE_13s,1.0,0.0,0.0,0.0,0.0,0.0,0.0,PASS_<20%,0.00,0.0,NO,STANDBY_VEL_LOW,0,0.00,4590.00,78.36,FALSE,M1_DIRECTION_MISMATCH|OPENING_SHIELD_ACTIVE_13s
2026-09-07 15:42:14.190,1788795734.190,8337,29,268,4414.34,4414.42,8.0,PASS_<=10c,+0.0,FLAT,+0.0,+0.0,4.2,+0.00,0.00,SLOW,4414.34,4414.34,4414.34,4414.34,0.00,0.00,0.0,BULLISH,0.0,4414.34,4414.34,4414.34,4414.34,14,ACTIVE_14s,1.0,0.0,0.0,0.0,0.0,0.0,0.0,PASS_<20%,0.00,0.0,NO,STANDBY_VEL_LOW,0,0.00,4590.00,78.36,FALSE,M1_DIRECTION_MISMATCH|OPENING_SHIELD_ACTIVE_14s
2026-09-07 15:42:14.691,1788795734.692,8338,30,269,4414.34,4414.42,8.0,PASS_<=10c,+0.0,FLAT,+0.0,+0.0,4.2,+0.00,0.00,SLOW,4414.34,4414.34,4414.34,4414.34,0.00,0.00,0.0,BULLISH,0.0,4414.34,4414.34,4414.34,4414.34,14,ACTIVE_14s,1.0,0.0,0.0,0.0,0.0,0.0,0.0,PASS_<20%,0.00,0.0,NO,STANDBY_VEL_LOW,0,0.00,4590.00,78.36,FALSE,M1_DIRECTION_MISMATCH|OPENING_SHIELD_ACTIVE_14s
2026-09-07 15:42:15.193,1788795735.193,8339,31,270,4414.34,4414.42,8.0,PASS_<=10c,+0.0,FLAT,+0.0,+0.0,4.2,+0.00,0.00,SLOW,4414.34,4414.34,4414.34,4414.34,0.00,0.00,0.0,BULLISH,0.0,4414.34,4414.34,4414.34,4414.34,15,ACTIVE_15s,1.0,0.0,0.0,0.0,0.0,0.0,0.0,PASS_<20%,0.00,0.0,NO,STANDBY_VEL_LOW,0,0.00,4590.00,78.36,FALSE,M1_DIRECTION_MISMATCH|OPENING_SHIELD_ACTIVE_15s
2026-09-07 15:42:15.694,1788795735.694,8340,32,271,4414.34,4414.42,8.0,PASS_<=10c,+0.0,FLAT,+0.0,+0.0,4.2,+0.00,0.00,SLOW,4414.34,4414.34,4414.34,4414.34,0.00,0.00,0.0,BULLISH,0.0,4414.34,4414.34,4414.34,4414.34,15,ACTIVE_15s,1.0,0.0,0.0,0.0,0.0,0.0,0.0,PASS_<20%,0.00,0.0,NO,STANDBY_VEL_LOW,0,0.00,4590.00,78.36,FALSE,M1_DIRECTION_MISMATCH|OPENING_SHIELD_ACTIVE_15s
2026-09-07 15:42:16.195,1788795736.196,8341,33,272,4414.34,4414.42,8.0,PASS_<=10c,+0.0,FLAT,+0.0,+0.0,4.2,+0.00,0.00,SLOW,4414.34,4414.34,4414.34,4414.34,0.00,0.00,0.0,BULLISH,0.0,4414.34,4414.34,4414.34,4414.34,16,ACTIVE_16s,1.0,0.0,0.0,0.0,0.0,0.0,0.0,PASS_<20%,0.00,0.0,NO,STANDBY_VEL_LOW,0,0.00,4590.00,78.36,FALSE,M1_DIRECTION_MISMATCH|OPENING_SHIELD_ACTIVE_16s
2026-09-07 15:42:16.696,1788795736.697,8342,34,273,4414.34,4414.42,8.0,PASS_<=10c,+0.0,FLAT,+0.0,+0.0,4.2,+0.00,0.00,SLOW,4414.34,4414.34,4414.34,4414.34,0.00,0.00,0.0,BULLISH,0.0,4414.34,4414.34,4414.34,4414.34,16,ACTIVE_16s,1.0,0.0,0.0,0.0,0.0,0.0,0.0,PASS_<20%,0.00,0.0,NO,STANDBY_VEL_LOW,0,0.00,4590.00,78.36,FALSE,M1_DIRECTION_MISMATCH|OPENING_SHIELD_ACTIVE_16s
2026-09-07 15:42:17.198,1788795737.199,8343,35,274,4414.34,4414.42,8.0,PASS_<=10c,+0.0,FLAT,+0.0,+0.0,4.2,+0.00,0.00,SLOW,4414.34,4414.34,4414.34,4414.34,0.00,0.00,0.0,BULLISH,0.0,4414.34,4414.34,4414.34,4414.34,17,ACTIVE_17s,1.0,0.0,0.0,0.0,0.0,0.0,0.0,PASS_<20%,0.00,0.0,NO,STANDBY_VEL_LOW,0,0.00,4590.00,78.36,FALSE,M1_DIRECTION_MISMATCH|OPENING_SHIELD_ACTIVE_17s
2026-09-07 15:42:17.700,1788795737.700,8344,36,275,4414.34,4414.42,8.0,PASS_<=10c,+0.0,FLAT,+0.0,+0.0,4.2,+0.00,0.00,SLOW,4414.34,4414.34,4414.34,4414.34,0.00,0.00,0.0,BULLISH,0.0,4414.34,4414.34,4414.34,4414.34,17,ACTIVE_17s,1.0,0.0,0.0,0.0,0.0,0.0,0.0,PASS_<20%,0.00,0.0,NO,STANDBY_VEL_LOW,0,0.00,4590.00,78.36,FALSE,M1_DIRECTION_MISMATCH|OPENING_SHIELD_ACTIVE_17s
2026-09-07 15:42:18.200,1788795738.201,8345,37,276,4414.34,4414.42,8.0,PASS_<=10c,+0.0,FLAT,+0.0,+0.0,4.2,+0.00,0.00,SLOW,4414.34,4414.34,4414.34,4414.34,0.00,0.00,0.0,BULLISH,0.0,4414.34,4414.34,4414.34,4414.34,18,ACTIVE_18s,1.0,0.0,0.0,0.0,0.0,0.0,0.0,PASS_<20%,0.00,0.0,NO,STANDBY_VEL_LOW,0,0.00,4590.00,78.36,FALSE,M1_DIRECTION_MISMATCH|OPENING_SHIELD_ACTIVE_18s
2026-09-07 15:42:18.701,1788795738.702,8346,38,277,4414.34,4414.42,8.0,PASS_<=10c,+0.0,FLAT,+0.0,+0.0,4.2,+0.00,0.00,SLOW,4414.34,4414.34,4414.34,4414.34,0.00,0.00,0.0,BULLISH,0.0,4414.34,4414.34,4414.34,4414.34,18,ACTIVE_18s,1.0,0.0,0.0,0.0,0.0,0.0,0.0,PASS_<20%,0.00,0.0,NO,STANDBY_VEL_LOW,0,0.00,4590.00,78.36,FALSE,M1_DIRECTION_MISMATCH|OPENING_SHIELD_ACTIVE_18s
2026-09-07 15:42:19.202,1788795739.203,8347,39,278,4414.34,4414.42,8.0,PASS_<=10c,+0.0,FLAT,+0.0,+0.0,4.2,+0.00,0.00,SLOW,4414.34,4414.34,4414.34,4414.34,0.00,0.00,0.0,BULLISH,0.0,4414.34,4414.34,4414.34,4414.34,19,ACTIVE_19s,1.0,0.0,0.0,0.0,0.0,0.0,0.0,PASS_<20%,0.00,0.0,NO,STANDBY_VEL_LOW,0,0.00,4590.00,78.36,FALSE,M1_DIRECTION_MISMATCH|OPENING_SHIELD_ACTIVE_19s
2026-09-07 15:42:19.704,1788795739.704,8348,40,279,4414.34,4414.42,8.0,PASS_<=10c,+0.0,FLAT,+0.0,+0.0,4.2,+0.00,0.00,SLOW,4414.34,4414.34,4414.34,4414.34,0.00,0.00,0.0,BULLISH,0.0,4414.34,4414.34,4414.34,4414.34,19,ACTIVE_19s,1.0,0.0,0.0,0.0,0.0,0.0,0.0,PASS_<20%,0.00,0.0,NO,STANDBY_VEL_LOW,0,0.00,4590.00,78.36,FALSE,M1_DIRECTION_MISMATCH|OPENING_SHIELD_ACTIVE_19s
2026-09-07 15:42:20.205,1788795740.206,8349,41,280,4414.34,4414.42,8.0,PASS_<=10c,+0.0,FLAT,+0.0,+0.0,4.2,+0.00,0.00,SLOW,4414.34,4414.34,4414.34,4414.34,0.00,0.00,0.0,BULLISH,0.0,4414.34,4414.34,4414.34,4414.34,20,CLEARED_>=20s,1.0,0.0,0.0,0.0,0.0,0.0,0.0,PASS_<20%,0.00,0.0,NO,STANDBY_VEL_LOW,0,0.00,4590.00,78.36,FALSE,M1_DIRECTION_MISMATCH
2026-09-07 15:42:20.707,1788795740.707,8350,42,281,4414.34,4414.42,8.0,PASS_<=10c,+0.0,FLAT,+0.0,+0.0,4.2,+0.00,0.00,SLOW,4414.34,4414.34,4414.34,4414.34,0.00,0.00,0.0,BULLISH,0.0,4414.34,4414.34,4414.34,4414.34,20,CLEARED_>=20s,1.0,0.0,0.0,0.0,0.0,0.0,0.0,PASS_<20%,0.00,0.0,NO,STANDBY_VEL_LOW,0,0.00,4590.00,78.36,FALSE,M1_DIRECTION_MISMATCH
2026-09-07 15:42:21.208,1788795741.209,8351,43,282,4414.34,4414.42,8.0,PASS_<=10c,+0.0,FLAT,+0.0,+0.0,4.2,+0.00,0.00,SLOW,4414.34,4414.34,4414.34,4414.34,0.00,0.00,0.0,BULLISH,0.0,4414.34,4414.34,4414.34,4414.34,21,CLEARED_>=20s,1.0,0.0,0.0,0.0,0.0,0.0,0.0,PASS_<20%,0.00,0.0,NO,STANDBY_VEL_LOW,0,0.00,4590.00,78.36,FALSE,M1_DIRECTION_MISMATCH
2026-09-07 15:42:21.710,1788795741.711,8352,44,283,4414.34,4414.42,8.0,PASS_<=10c,+0.0,FLAT,+0.0,+0.0,4.2,+0.00,0.00,SLOW,4414.34,4414.34,4414.34,4414.34,0.00,0.00,0.0,BULLISH,0.0,4414.34,4414.34,4414.34,4414.34,21,CLEARED_>=20s,1.0,0.0,0.0,0.0,0.0,0.0,0.0,PASS_<20%,0.00,0.0,NO,STANDBY_VEL_LOW,0,0.00,4590.00,78.36,FALSE,M1_DIRECTION_MISMATCH
2026-09-07 15:42:22.212,1788795742.213,8353,45,284,4414.34,4414.42,8.0,PASS_<=10c,+0.0,FLAT,+0.0,+0.0,4.2,+0.00,0.00,SLOW,4414.34,4414.34,4414.34,4414.34,0.00,0.00,0.0,BULLISH,0.0,4414.34,4414.34,4414.34,4414.34,22,CLEARED_>=20s,1.0,0.0,0.0,0.0,0.0,0.0,0.0,PASS_<20%,0.00,0.0,NO,STANDBY_VEL_LOW,0,0.00,4590.00,78.36,FALSE,M1_DIRECTION_MISMATCH
2026-09-07 15:42:22.714,1788795742.715,8354,46,285,4414.34,4414.42,8.0,PASS_<=10c,+0.0,FLAT,+0.0,+0.0,4.2,+0.00,0.00,SLOW,4414.34,4414.34,4414.34,4414.34,0.00,0.00,0.0,BULLISH,0.0,4414.34,4414.34,4414.34,4414.34,22,CLEARED_>=20s,1.0,0.0,0.0,0.0,0.0,0.0,0.0,PASS_<20%,0.00,0.0,NO,STANDBY_VEL_LOW,0,0.00,4590.00,78.36,FALSE,M1_DIRECTION_MISMATCH
2026-09-07 15:42:23.216,1788795743.216,8355,47,286,4414.34,4414.42,8.0,PASS_<=10c,+0.0,FLAT,+0.0,+0.0,4.2,+0.00,0.00,SLOW,4414.34,4414.34,4414.34,4414.34,0.00,0.00,0.0,BULLISH,0.0,4414.34,4414.34,4414.34,4414.34,23,CLEARED_>=20s,1.0,0.0,0.0,0.0,0.0,0.0,0.0,PASS_<20%,0.00,0.0,NO,STANDBY_VEL_LOW,0,0.00,4590.00,78.36,FALSE,M1_DIRECTION_MISMATCH
2026-09-07 15:42:23.718,1788795743.719,8356,48,287,4414.34,4414.42,8.0,PASS_<=10c,+0.0,FLAT,+0.0,+0.0,4.2,+0.00,0.00,SLOW,4414.34,4414.34,4414.34,4414.34,0.00,0.00,0.0,BULLISH,0.0,4414.34,4414.34,4414.34,4414.34,23,CLEARED_>=20s,1.0,0.0,0.0,0.0,0.0,0.0,0.0,PASS_<20%,0.00,0.0,NO,STANDBY_VEL_LOW,0,0.00,4590.00,78.36,FALSE,M1_DIRECTION_MISMATCH
2026-09-07 15:42:24.221,1788795744.222,8357,49,288,4414.34,4414.42,8.0,PASS_<=10c,+0.0,FLAT,+0.0,+0.0,4.2,+0.00,0.00,SLOW,4414.34,4414.34,4414.34,4414.34,0.00,0.00,0.0,BULLISH,0.0,4414.34,4414.34,4414.34,4414.34,24,CLEARED_>=20s,1.0,0.0,0.0,0.0,0.0,0.0,0.0,PASS_<20%,0.00,0.0,NO,STANDBY_VEL_LOW,0,0.00,4590.00,78.36,FALSE,M1_DIRECTION_MISMATCH
2026-09-07 15:42:24.722,1788795744.723,8358,50,289,4414.34,4414.42,8.0,PASS_<=10c,+0.0,FLAT,+0.0,+0.0,4.2,+0.00,0.00,SLOW,4414.34,4414.34,4414.34,4414.34,0.00,0.00,0.0,BULLISH,0.0,4414.34,4414.34,4414.34,4414.34,24,CLEARED_>=20s,1.0,0.0,0.0,0.0,0.0,0.0,0.0,PASS_<20%,0.00,0.0,NO,STANDBY_VEL_LOW,0,0.00,4590.00,78.36,FALSE,M1_DIRECTION_MISMATCH
2026-09-07 15:42:25.224,1788795745.225,8359,51,290,4414.34,4414.42,8.0,PASS_<=10c,+0.0,FLAT,+0.0,+0.0,4.2,+0.00,0.00,SLOW,4414.34,4414.34,4414.34,4414.34,0.00,0.00,0.0,BULLISH,0.0,4414.34,4414.34,4414.34,4414.34,25,CLEARED_>=20s,1.0,0.0,0.0,0.0,0.0,0.0,0.0,PASS_<20%,0.00,0.0,NO,STANDBY_VEL_LOW,0,0.00,4590.00,78.36,FALSE,M1_DIRECTION_MISMATCH
2026-09-07 15:42:25.726,1788795745.727,8360,52,291,4414.34,4414.42,8.0,PASS_<=10c,+0.0,FLAT,+0.0,+0.0,4.2,+0.00,0.00,SLOW,4414.34,4414.34,4414.34,4414.34,0.00,0.00,0.0,BULLISH,0.0,4414.34,4414.34,4414.34,4414.34,25,CLEARED_>=20s,1.0,0.0,0.0,0.0,0.0,0.0,0.0,PASS_<20%,0.00,0.0,NO,STANDBY_VEL_LOW,0,0.00,4590.00,78.36,FALSE,M1_DIRECTION_MISMATCH
2026-09-07 15:42:26.228,1788795746.228,8361,53,292,4414.34,4414.42,8.0,PASS_<=10c,+0.0,FLAT,+0.0,+0.0,4.2,+0.00,0.00,SLOW,4414.34,4414.34,4414.34,4414.34,0.00,0.00,0.0,BULLISH,0.0,4414.34,4414.34,4414.34,4414.34,26,CLEARED_>=20s,1.0,0.0,0.0,0.0,0.0,0.0,0.0,PASS_<20%,0.00,0.0,NO,STANDBY_VEL_LOW,0,0.00,4590.00,78.36,FALSE,M1_DIRECTION_MISMATCH
2026-09-07 15:42:26.729,1788795746.730,8362,54,293,4414.34,4414.42,8.0,PASS_<=10c,+0.0,FLAT,+0.0,+0.0,4.2,+0.00,0.00,SLOW,4414.34,4414.34,4414.34,4414.34,0.00,0.00,0.0,BULLISH,0.0,4414.34,4414.34,4414.34,4414.34,26,CLEARED_>=20s,1.0,0.0,0.0,0.0,0.0,0.0,0.0,PASS_<20%,0.00,0.0,NO,STANDBY_VEL_LOW,0,0.00,4590.00,78.36,FALSE,M1_DIRECTION_MISMATCH
2026-09-07 15:42:27.231,1788795747.232,8363,55,294,4414.34,4414.42,8.0,PASS_<=10c,+0.0,FLAT,+0.0,+0.0,4.2,+0.00,0.00,SLOW,4414.34,4414.34,4414.34,4414.34,0.00,0.00,0.0,BULLISH,0.0,4414.34,4414.34,4414.34,4414.34,27,CLEARED_>=20s,1.0,0.0,0.0,0.0,0.0,0.0,0.0,PASS_<20%,0.00,0.0,NO,STANDBY_VEL_LOW,0,0.00,4590.00,78.36,FALSE,M1_DIRECTION_MISMATCH
2026-09-07 15:42:27.733,1788795747.733,8364,56,295,4414.34,4414.42,8.0,PASS_<=10c,+0.0,FLAT,+0.0,+0.0,4.2,+0.00,0.00,SLOW,4414.34,4414.34,4414.34,4414.34,0.00,0.00,0.0,BULLISH,0.0,4414.34,4414.34,4414.34,4414.34,27,CLEARED_>=20s,1.0,0.0,0.0,0.0,0.0,0.0,0.0,PASS_<20%,0.00,0.0,NO,STANDBY_VEL_LOW,0,0.00,4590.00,78.36,FALSE,M1_DIRECTION_MISMATCH
2026-09-07 15:42:28.242,1788795748.242,8365,57,296,4414.34,4414.42,8.0,PASS_<=10c,+0.0,FLAT,+0.0,+0.0,4.2,+0.00,0.00,SLOW,4414.34,4414.34,4414.34,4414.34,0.00,0.00,0.0,BULLISH,0.0,4414.34,4414.34,4414.34,4414.34,28,CLEARED_>=20s,1.0,0.0,0.0,0.0,0.0,0.0,0.0,PASS_<20%,0.00,0.0,NO,STANDBY_VEL_LOW,0,0.00,4590.00,78.36,FALSE,M1_DIRECTION_MISMATCH
2026-09-07 15:42:28.743,1788795748.743,8366,58,297,4414.34,4414.42,8.0,PASS_<=10c,+0.0,FLAT,+0.0,+0.0,4.2,+0.00,0.00,SLOW,4414.34,4414.34,4414.34,4414.34,0.00,0.00,0.0,BULLISH,0.0,4414.34,4414.34,4414.34,4414.34,28,CLEARED_>=20s,1.0,0.0,0.0,0.0,0.0,0.0,0.0,PASS_<20%,0.00,0.0,NO,STANDBY_VEL_LOW,0,0.00,4590.00,78.36,FALSE,M1_DIRECTION_MISMATCH
2026-09-07 15:42:29.244,1788795749.245,8367,59,298,4414.34,4414.42,8.0,PASS_<=10c,+0.0,FLAT,+0.0,+0.0,4.2,+0.00,0.00,SLOW,4414.34,4414.34,4414.34,4414.34,0.00,0.00,0.0,BULLISH,0.0,4414.34,4414.34,4414.34,4414.34,29,CLEARED_>=20s,1.0,0.0,0.0,0.0,0.0,0.0,0.0,PASS_<20%,0.00,0.0,NO,STANDBY_VEL_LOW,0,0.00,4590.00,78.36,FALSE,M1_DIRECTION_MISMATCH
2026-09-07 15:42:29.746,1788795749.746,8368,60,299,4414.34,4414.42,8.0,PASS_<=10c,+0.0,FLAT,+0.0,+0.0,4.2,+0.00,0.00,SLOW,4414.34,4414.34,4414.34,4414.34,0.00,0.00,0.0,BULLISH,0.0,4414.34,4414.34,4414.34,4414.34,29,CLEARED_>=20s,1.0,0.0,0.0,0.0,0.0,0.0,0.0,PASS_<20%,0.00,0.0,NO,STANDBY_VEL_LOW,0,0.00,4590.00,78.36,FALSE,M1_DIRECTION_MISMATCH
2026-09-07 15:42:30.248,1788795750.248,8369,61,300,4414.34,4414.42,8.0,PASS_<=10c,+0.0,FLAT,+0.0,+0.0,4.2,+0.00,0.00,SLOW,4414.34,4414.34,4414.34,4414.34,0.00,0.00,0.0,BULLISH,0.0,4414.34,4414.34,4414.34,4414.34,30,CLEARED_>=20s,1.0,0.0,0.0,0.0,0.0,0.0,0.0,PASS_<20%,0.00,0.0,NO,STANDBY_VEL_LOW,0,0.00,4590.00,78.36,FALSE,M1_DIRECTION_MISMATCH
2026-09-07 15:42:30.750,1788795750.751,8370,62,301,4414.34,4414.42,8.0,PASS_<=10c,+0.0,FLAT,+0.0,+0.0,4.2,+0.00,0.00,SLOW,4414.34,4414.34,4414.34,4414.34,0.00,0.00,0.0,BULLISH,0.0,4414.34,4414.34,4414.34,4414.34,30,CLEARED_>=20s,1.0,0.0,0.0,0.0,0.0,0.0,0.0,PASS_<20%,0.00,0.0,NO,STANDBY_VEL_LOW,0,0.00,4590.00,78.36,FALSE,M1_DIRECTION_MISMATCH
2026-09-07 15:42:31.252,1788795751.252,8371,63,302,4414.34,4414.42,8.0,PASS_<=10c,+0.0,FLAT,+0.0,+0.0,4.2,+0.00,0.00,SLOW,4414.34,4414.34,4414.34,4414.34,0.00,0.00,0.0,BULLISH,0.0,4414.34,4414.34,4414.34,4414.34,31,CLEARED_>=20s,1.0,0.0,0.0,0.0,0.0,0.0,0.0,PASS_<20%,0.00,0.0,NO,STANDBY_VEL_LOW,0,0.00,4590.00,78.36,FALSE,M1_DIRECTION_MISMATCH
2026-09-07 15:42:31.754,1788795751.754,8372,64,303,4414.34,4414.42,8.0,PASS_<=10c,+0.0,FLAT,+0.0,+0.0,4.2,+0.00,0.00,SLOW,4414.34,4414.34,4414.34,4414.34,0.00,0.00,0.0,BULLISH,0.0,4414.34,4414.34,4414.34,4414.34,31,CLEARED_>=20s,1.0,0.0,0.0,0.0,0.0,0.0,0.0,PASS_<20%,0.00,0.0,NO,STANDBY_VEL_LOW,0,0.00,4590.00,78.36,FALSE,M1_DIRECTION_MISMATCH
2026-09-07 15:42:32.256,1788795752.257,8373,65,304,4414.34,4414.42,8.0,PASS_<=10c,+0.0,FLAT,+0.0,+0.0,4.2,+0.00,0.00,SLOW,4414.34,4414.34,4414.34,4414.34,0.00,0.00,0.0,BULLISH,0.0,4414.34,4414.34,4414.34,4414.34,32,CLEARED_>=20s,1.0,0.0,0.0,0.0,0.0,0.0,0.0,PASS_<20%,0.00,0.0,NO,STANDBY_VEL_LOW,0,0.00,4590.00,78.36,FALSE,M1_DIRECTION_MISMATCH
2026-09-07 15:42:32.758,1788795752.759,8374,66,305,4414.34,4414.42,8.0,PASS_<=10c,+0.0,FLAT,+0.0,+0.0,4.2,+0.00,0.00,SLOW,4414.34,4414.34,4414.34,4414.34,0.00,0.00,0.0,BULLISH,0.0,4414.34,4414.34,4414.34,4414.34,32,CLEARED_>=20s,1.0,0.0,0.0,0.0,0.0,0.0,0.0,PASS_<20%,0.00,0.0,NO,STANDBY_VEL_LOW,0,0.00,4590.00,78.36,FALSE,M1_DIRECTION_MISMATCH
2026-09-07 15:42:33.260,1788795753.261,8375,67,306,4414.34,4414.42,8.0,PASS_<=10c,+0.0,FLAT,+0.0,+0.0,4.2,+0.00,0.00,SLOW,4414.34,4414.34,4414.34,4414.34,0.00,0.00,0.0,BULLISH,0.0,4414.34,4414.34,4414.34,4414.34,33,CLEARED_>=20s,1.0,0.0,0.0,0.0,0.0,0.0,0.0,PASS_<20%,0.00,0.0,NO,STANDBY_VEL_LOW,0,0.00,4590.00,78.36,FALSE,M1_DIRECTION_MISMATCH
2026-09-07 15:42:33.762,1788795753.762,8376,68,307,4414.34,4414.42,8.0,PASS_<=10c,+0.0,FLAT,+0.0,+0.0,4.2,+0.00,0.00,SLOW,4414.34,4414.34,4414.34,4414.34,0.00,0.00,0.0,BULLISH,0.0,4414.34,4414.34,4414.34,4414.34,33,CLEARED_>=20s,1.0,0.0,0.0,0.0,0.0,0.0,0.0,PASS_<20%,0.00,0.0,NO,STANDBY_VEL_LOW,0,0.00,4590.00,78.36,FALSE,M1_DIRECTION_MISMATCH
2026-09-07 15:42:34.264,1788795754.265,8377,69,308,4414.34,4414.42,8.0,PASS_<=10c,+0.0,FLAT,+0.0,+0.0,4.2,+0.00,0.00,SLOW,4414.34,4414.34,4414.34,4414.34,0.00,0.00,0.0,BULLISH,0.0,4414.34,4414.34,4414.34,4414.34,34,CLEARED_>=20s,1.0,0.0,0.0,0.0,0.0,0.0,0.0,PASS_<20%,0.00,0.0,NO,STANDBY_VEL_LOW,0,0.00,4590.00,78.36,FALSE,M1_DIRECTION_MISMATCH
2026-09-07 15:42:34.765,1788795754.766,8378,70,309,4414.34,4414.42,8.0,PASS_<=10c,+0.0,FLAT,+0.0,+0.0,4.2,+0.00,0.00,SLOW,4414.34,4414.34,4414.34,4414.34,0.00,0.00,0.0,BULLISH,0.0,4414.34,4414.34,4414.34,4414.34,34,CLEARED_>=20s,1.0,0.0,0.0,0.0,0.0,0.0,0.0,PASS_<20%,0.00,0.0,NO,STANDBY_VEL_LOW,0,0.00,4590.00,78.36,FALSE,M1_DIRECTION_MISMATCH
2026-09-07 15:42:35.267,1788795755.268,8379,71,310,4414.34,4414.42,8.0,PASS_<=10c,+0.0,FLAT,+0.0,+0.0,4.2,+0.00,0.00,SLOW,4414.34,4414.34,4414.34,4414.34,0.00,0.00,0.0,BULLISH,0.0,4414.34,4414.34,4414.34,4414.34,35,CLEARED_>=20s,1.0,0.0,0.0,0.0,0.0,0.0,0.0,PASS_<20%,0.00,0.0,NO,STANDBY_VEL_LOW,0,0.00,4590.00,78.36,FALSE,M1_DIRECTION_MISMATCH
2026-09-07 15:42:35.769,1788795755.769,8380,72,311,4414.34,4414.42,8.0,PASS_<=10c,+0.0,FLAT,+0.0,+0.0,4.2,+0.00,0.00,SLOW,4414.34,4414.34,4414.34,4414.34,0.00,0.00,0.0,BULLISH,0.0,4414.34,4414.34,4414.34,4414.34,35,CLEARED_>=20s,1.0,0.0,0.0,0.0,0.0,0.0,0.0,PASS_<20%,0.00,0.0,NO,STANDBY_VEL_LOW,0,0.00,4590.00,78.36,FALSE,M1_DIRECTION_MISMATCH
2026-09-07 15:42:36.270,1788795756.271,8381,73,312,4414.34,4414.42,8.0,PASS_<=10c,+0.0,FLAT,+0.0,+0.0,4.2,+0.00,0.00,SLOW,4414.34,4414.34,4414.34,4414.34,0.00,0.00,0.0,BULLISH,0.0,4414.34,4414.34,4414.34,4414.34,36,CLEARED_>=20s,1.0,0.0,0.0,0.0,0.0,0.0,0.0,PASS_<20%,0.00,0.0,NO,STANDBY_VEL_LOW,0,0.00,4590.00,78.36,FALSE,M1_DIRECTION_MISMATCH
2026-09-07 15:42:36.772,1788795756.773,8382,74,313,4414.34,4414.42,8.0,PASS_<=10c,+0.0,FLAT,+0.0,+0.0,4.2,+0.00,0.00,SLOW,4414.34,4414.34,4414.34,4414.34,0.00,0.00,0.0,BULLISH,0.0,4414.34,4414.34,4414.34,4414.34,36,CLEARED_>=20s,1.0,0.0,0.0,0.0,0.0,0.0,0.0,PASS_<20%,0.00,0.0,NO,STANDBY_VEL_LOW,0,0.00,4590.00,78.36,FALSE,M1_DIRECTION_MISMATCH
2026-09-07 15:42:37.274,1788795757.274,8383,75,314,4414.34,4414.42,8.0,PASS_<=10c,+0.0,FLAT,+0.0,+0.0,4.2,+0.00,0.00,SLOW,4414.34,4414.34,4414.34,4414.34,0.00,0.00,0.0,BULLISH,0.0,4414.34,4414.34,4414.34,4414.34,37,CLEARED_>=20s,1.0,0.0,0.0,0.0,0.0,0.0,0.0,PASS_<20%,0.00,0.0,NO,STANDBY_VEL_LOW,0,0.00,4590.00,78.36,FALSE,M1_DIRECTION_MISMATCH
2026-09-07 15:42:37.775,1788795757.775,8384,76,315,4414.34,4414.42,8.0,PASS_<=10c,+0.0,FLAT,+0.0,+0.0,4.2,+0.00,0.00,SLOW,4414.34,4414.34,4414.34,4414.34,0.00,0.00,0.0,BULLISH,0.0,4414.34,4414.34,4414.34,4414.34,37,CLEARED_>=20s,1.0,0.0,0.0,0.0,0.0,0.0,0.0,PASS_<20%,0.00,0.0,NO,STANDBY_VEL_LOW,0,0.00,4590.00,78.36,FALSE,M1_DIRECTION_MISMATCH
2026-09-07 15:42:38.277,1788795758.278,8385,77,316,4414.34,4414.42,8.0,PASS_<=10c,+0.0,FLAT,+0.0,+0.0,4.2,+0.00,0.00,SLOW,4414.34,4414.34,4414.34,4414.34,0.00,0.00,0.0,BULLISH,0.0,4414.34,4414.34,4414.34,4414.34,38,CLEARED_>=20s,1.0,0.0,0.0,0.0,0.0,0.0,0.0,PASS_<20%,0.00,0.0,NO,STANDBY_VEL_LOW,0,0.00,4590.00,78.36,FALSE,M1_DIRECTION_MISMATCH
2026-09-07 15:42:38.778,1788795758.779,8386,78,317,4414.34,4414.42,8.0,PASS_<=10c,+0.0,FLAT,+0.0,+0.0,4.2,+0.00,0.00,SLOW,4414.34,4414.34,4414.34,4414.34,0.00,0.00,0.0,BULLISH,0.0,4414.34,4414.34,4414.34,4414.34,38,CLEARED_>=20s,1.0,0.0,0.0,0.0,0.0,0.0,0.0,PASS_<20%,0.00,0.0,NO,STANDBY_VEL_LOW,0,0.00,4590.00,78.36,FALSE,M1_DIRECTION_MISMATCH
2026-09-07 15:42:39.282,1788795759.282,8387,79,318,4414.34,4414.42,8.0,PASS_<=10c,+0.0,FLAT,+0.0,+0.0,4.2,+0.00,0.00,SLOW,4414.34,4414.34,4414.34,4414.34,0.00,0.00,0.0,BULLISH,0.0,4414.34,4414.34,4414.34,4414.34,39,CLEARED_>=20s,1.0,0.0,0.0,0.0,0.0,0.0,0.0,PASS_<20%,0.00,0.0,NO,STANDBY_VEL_LOW,0,0.00,4590.00,78.36,FALSE,M1_DIRECTION_MISMATCH
2026-09-07 15:42:39.782,1788795759.783,8388,80,319,4414.34,4414.42,8.0,PASS_<=10c,+0.0,FLAT,+0.0,+0.0,4.2,+0.00,0.00,SLOW,4414.34,4414.34,4414.34,4414.34,0.00,0.00,0.0,BULLISH,0.0,4414.34,4414.34,4414.34,4414.34,39,CLEARED_>=20s,1.0,0.0,0.0,0.0,0.0,0.0,0.0,PASS_<20%,0.00,0.0,NO,STANDBY_VEL_LOW,0,0.00,4590.00,78.36,FALSE,M1_DIRECTION_MISMATCH
2026-09-07 15:42:40.285,1788795760.285,8389,81,320,4414.34,4414.42,8.0,PASS_<=10c,+0.0,FLAT,+0.0,+0.0,4.2,+0.00,0.00,SLOW,4414.34,4414.34,4414.34,4414.34,0.00,0.00,0.0,BULLISH,0.0,4414.34,4414.34,4414.34,4414.34,40,CLEARED_>=20s,1.0,0.0,0.0,0.0,0.0,0.0,0.0,PASS_<20%,0.00,0.0,NO,STANDBY_VEL_LOW,0,0.00,4590.00,78.36,FALSE,M1_DIRECTION_MISMATCH
2026-09-07 15:42:40.786,1788795760.787,8390,82,321,4414.34,4414.42,8.0,PASS_<=10c,+0.0,FLAT,+0.0,+0.0,4.2,+0.00,0.00,SLOW,4414.34,4414.34,4414.34,4414.34,0.00,0.00,0.0,BULLISH,0.0,4414.34,4414.34,4414.34,4414.34,40,CLEARED_>=20s,1.0,0.0,0.0,0.0,0.0,0.0,0.0,PASS_<20%,0.00,0.0,NO,STANDBY_VEL_LOW,0,0.00,4590.00,78.36,FALSE,M1_DIRECTION_MISMATCH
2026-09-07 15:42:41.288,1788795761.288,8391,83,322,4414.34,4414.42,8.0,PASS_<=10c,+0.0,FLAT,+0.0,+0.0,4.2,+0.00,0.00,SLOW,4414.34,4414.34,4414.34,4414.34,0.00,0.00,0.0,BULLISH,0.0,4414.34,4414.34,4414.34,4414.34,41,CLEARED_>=20s,1.0,0.0,0.0,0.0,0.0,0.0,0.0,PASS_<20%,0.00,0.0,NO,STANDBY_VEL_LOW,0,0.00,4590.00,78.36,FALSE,M1_DIRECTION_MISMATCH
2026-09-07 15:42:41.790,1788795761.790,8392,84,323,4414.34,4414.42,8.0,PASS_<=10c,+0.0,FLAT,+0.0,+0.0,4.2,+0.00,0.00,SLOW,4414.34,4414.34,4414.34,4414.34,0.00,0.00,0.0,BULLISH,0.0,4414.34,4414.34,4414.34,4414.34,41,CLEARED_>=20s,1.0,0.0,0.0,0.0,0.0,0.0,0.0,PASS_<20%,0.00,0.0,NO,STANDBY_VEL_LOW,0,0.00,4590.00,78.36,FALSE,M1_DIRECTION_MISMATCH
2026-09-07 15:42:42.291,1788795762.292,8393,85,324,4414.34,4414.42,8.0,PASS_<=10c,+0.0,FLAT,+0.0,+0.0,4.2,+0.00,0.00,SLOW,4414.34,4414.34,4414.34,4414.34,0.00,0.00,0.0,BULLISH,0.0,4414.34,4414.34,4414.34,4414.34,42,CLEARED_>=20s,1.0,0.0,0.0,0.0,0.0,0.0,0.0,PASS_<20%,0.00,0.0,NO,STANDBY_VEL_LOW,0,0.00,4590.00,78.36,FALSE,M1_DIRECTION_MISMATCH
2026-09-07 15:42:42.793,1788795762.793,8394,86,325,4414.34,4414.42,8.0,PASS_<=10c,+0.0,FLAT,+0.0,+0.0,4.2,+0.00,0.00,SLOW,4414.34,4414.34,4414.34,4414.34,0.00,0.00,0.0,BULLISH,0.0,4414.34,4414.34,4414.34,4414.34,42,CLEARED_>=20s,1.0,0.0,0.0,0.0,0.0,0.0,0.0,PASS_<20%,0.00,0.0,NO,STANDBY_VEL_LOW,0,0.00,4590.00,78.36,FALSE,M1_DIRECTION_MISMATCH
2026-09-07 15:42:43.295,1788795763.295,8395,87,326,4414.34,4414.42,8.0,PASS_<=10c,+0.0,FLAT,+0.0,+0.0,4.2,+0.00,0.00,SLOW,4414.34,4414.34,4414.34,4414.34,0.00,0.00,0.0,BULLISH,0.0,4414.34,4414.34,4414.34,4414.34,43,CLEARED_>=20s,1.0,0.0,0.0,0.0,0.0,0.0,0.0,PASS_<20%,0.00,0.0,NO,STANDBY_VEL_LOW,0,0.00,4590.00,78.36,FALSE,M1_DIRECTION_MISMATCH
2026-09-07 15:42:43.796,1788795763.797,8396,88,327,4414.34,4414.42,8.0,PASS_<=10c,+0.0,FLAT,+0.0,+0.0,4.2,+0.00,0.00,SLOW,4414.34,4414.34,4414.34,4414.34,0.00,0.00,0.0,BULLISH,0.0,4414.34,4414.34,4414.34,4414.34,43,CLEARED_>=20s,1.0,0.0,0.0,0.0,0.0,0.0,0.0,PASS_<20%,0.00,0.0,NO,STANDBY_VEL_LOW,0,0.00,4590.00,78.36,FALSE,M1_DIRECTION_MISMATCH
2026-09-07 15:42:44.298,1788795764.299,8397,89,328,4414.34,4414.42,8.0,PASS_<=10c,+0.0,FLAT,+0.0,+0.0,4.2,+0.00,0.00,SLOW,4414.34,4414.34,4414.34,4414.34,0.00,0.00,0.0,BULLISH,0.0,4414.34,4414.34,4414.34,4414.34,44,CLEARED_>=20s,1.0,0.0,0.0,0.0,0.0,0.0,0.0,PASS_<20%,0.00,0.0,NO,STANDBY_VEL_LOW,0,0.00,4590.00,78.36,FALSE,M1_DIRECTION_MISMATCH
2026-09-07 15:42:44.800,1788795764.801,8398,90,329,4414.34,4414.42,8.0,PASS_<=10c,+0.0,FLAT,+0.0,+0.0,4.2,+0.00,0.00,SLOW,4414.34,4414.34,4414.34,4414.34,0.00,0.00,0.0,BULLISH,0.0,4414.34,4414.34,4414.34,4414.34,44,CLEARED_>=20s,1.0,0.0,0.0,0.0,0.0,0.0,0.0,PASS_<20%,0.00,0.0,NO,STANDBY_VEL_LOW,0,0.00,4590.00,78.36,FALSE,M1_DIRECTION_MISMATCH
2026-09-07 15:42:45.300,1788795765.301,8399,91,330,4414.34,4414.42,8.0,PASS_<=10c,+0.0,FLAT,+0.0,+0.0,4.2,+0.00,0.00,SLOW,4414.34,4414.34,4414.34,4414.34,0.00,0.00,0.0,BULLISH,0.0,4414.34,4414.34,4414.34,4414.34,45,CLEARED_>=20s,1.0,0.0,0.0,0.0,0.0,0.0,0.0,PASS_<20%,0.00,0.0,NO,STANDBY_VEL_LOW,0,0.00,4590.00,78.36,FALSE,M1_DIRECTION_MISMATCH
2026-09-07 15:42:45.805,1788795765.805,8400,92,331,4414.34,4414.42,8.0,PASS_<=10c,+0.0,FLAT,+0.0,+0.0,4.2,+0.00,0.00,SLOW,4414.34,4414.34,4414.34,4414.34,0.00,0.00,0.0,BULLISH,0.0,4414.34,4414.34,4414.34,4414.34,45,CLEARED_>=20s,1.0,0.0,0.0,0.0,0.0,0.0,0.0,PASS_<20%,0.00,0.0,NO,STANDBY_VEL_LOW,0,0.00,4590.00,78.36,FALSE,M1_DIRECTION_MISMATCH
2026-09-07 15:42:46.304,1788795766.304,8401,93,332,4414.34,4414.42,8.0,PASS_<=10c,+0.0,FLAT,+0.0,+0.0,4.2,+0.00,0.00,SLOW,4414.34,4414.34,4414.34,4414.34,0.00,0.00,0.0,BULLISH,0.0,4414.34,4414.34,4414.34,4414.34,46,CLEARED_>=20s,1.0,0.0,0.0,0.0,0.0,0.0,0.0,PASS_<20%,0.00,0.0,NO,STANDBY_VEL_LOW,0,0.00,4590.00,78.36,FALSE,M1_DIRECTION_MISMATCH
2026-09-07 15:42:46.805,1788795766.805,8402,94,333,4414.34,4414.42,8.0,PASS_<=10c,+0.0,FLAT,+0.0,+0.0,4.2,+0.00,0.00,SLOW,4414.34,4414.34,4414.34,4414.34,0.00,0.00,0.0,BULLISH,0.0,4414.34,4414.34,4414.34,4414.34,46,CLEARED_>=20s,1.0,0.0,0.0,0.0,0.0,0.0,0.0,PASS_<20%,0.00,0.0,NO,STANDBY_VEL_LOW,0,0.00,4590.00,78.36,FALSE,M1_DIRECTION_MISMATCH
2026-09-07 15:42:47.306,1788795767.307,8403,95,334,4414.34,4414.42,8.0,PASS_<=10c,+0.0,FLAT,+0.0,+0.0,4.2,+0.00,0.00,SLOW,4414.34,4414.34,4414.34,4414.34,0.00,0.00,0.0,BULLISH,0.0,4414.34,4414.34,4414.34,4414.34,47,CLEARED_>=20s,1.0,0.0,0.0,0.0,0.0,0.0,0.0,PASS_<20%,0.00,0.0,NO,STANDBY_VEL_LOW,0,0.00,4590.00,78.36,FALSE,M1_DIRECTION_MISMATCH
2026-09-07 15:42:47.809,1788795767.809,8404,96,335,4414.34,4414.42,8.0,PASS_<=10c,+0.0,FLAT,+0.0,+0.0,4.2,+0.00,0.00,SLOW,4414.34,4414.34,4414.34,4414.34,0.00,0.00,0.0,BULLISH,0.0,4414.34,4414.34,4414.34,4414.34,47,CLEARED_>=20s,1.0,0.0,0.0,0.0,0.0,0.0,0.0,PASS_<20%,0.00,0.0,NO,STANDBY_VEL_LOW,0,0.00,4590.00,78.36,FALSE,M1_DIRECTION_MISMATCH
2026-09-07 15:42:48.311,1788795768.311,8405,97,336,4414.34,4414.42,8.0,PASS_<=10c,+0.0,FLAT,+0.0,+0.0,4.2,+0.00,0.00,SLOW,4414.34,4414.34,4414.34,4414.34,0.00,0.00,0.0,BULLISH,0.0,4414.34,4414.34,4414.34,4414.34,48,CLEARED_>=20s,1.0,0.0,0.0,0.0,0.0,0.0,0.0,PASS_<20%,0.00,0.0,NO,STANDBY_VEL_LOW,0,0.00,4590.00,78.36,FALSE,M1_DIRECTION_MISMATCH
2026-09-07 15:42:48.813,1788795768.813,8406,98,337,4414.34,4414.42,8.0,PASS_<=10c,+0.0,FLAT,+0.0,+0.0,4.2,+0.00,0.00,SLOW,4414.34,4414.34,4414.34,4414.34,0.00,0.00,0.0,BULLISH,0.0,4414.34,4414.34,4414.34,4414.34,48,CLEARED_>=20s,1.0,0.0,0.0,0.0,0.0,0.0,0.0,PASS_<20%,0.00,0.0,NO,STANDBY_VEL_LOW,0,0.00,4590.00,78.36,FALSE,M1_DIRECTION_MISMATCH
2026-09-07 15:42:49.314,1788795769.315,8407,99,338,4414.34,4414.42,8.0,PASS_<=10c,+0.0,FLAT,+0.0,+0.0,4.2,+0.00,0.00,SLOW,4414.34,4414.34,4414.34,4414.34,0.00,0.00,0.0,BULLISH,0.0,4414.34,4414.34,4414.34,4414.34,49,CLEARED_>=20s,1.0,0.0,0.0,0.0,0.0,0.0,0.0,PASS_<20%,0.00,0.0,NO,STANDBY_VEL_LOW,0,0.00,4590.00,78.36,FALSE,M1_DIRECTION_MISMATCH
2026-09-07 15:42:49.816,1788795769.817,8408,100,339,4414.34,4414.42,8.0,PASS_<=10c,+0.0,FLAT,+0.0,+0.0,4.2,+0.00,0.00,SLOW,4414.34,4414.34,4414.34,4414.34,0.00,0.00,0.0,BULLISH,0.0,4414.34,4414.34,4414.34,4414.34,49,CLEARED_>=20s,1.0,0.0,0.0,0.0,0.0,0.0,0.0,PASS_<20%,0.00,0.0,NO,STANDBY_VEL_LOW,0,0.00,4590.00,78.36,FALSE,M1_DIRECTION_MISMATCH
2026-09-07 15:42:50.318,1788795770.319,8409,101,340,4414.34,4414.42,8.0,PASS_<=10c,+0.0,FLAT,+0.0,+0.0,4.2,+0.00,0.00,SLOW,4414.34,4414.34,4414.34,4414.34,0.00,0.00,0.0,BULLISH,0.0,4414.34,4414.34,4414.34,4414.34,50,CLEARED_>=20s,1.0,0.0,0.0,0.0,0.0,0.0,0.0,PASS_<20%,0.00,0.0,NO,STANDBY_VEL_LOW,0,0.00,4590.00,78.36,FALSE,M1_DIRECTION_MISMATCH
2026-09-07 15:42:50.821,1788795770.821,8410,102,341,4414.34,4414.42,8.0,PASS_<=10c,+0.0,FLAT,+0.0,+0.0,4.2,+0.00,0.00,SLOW,4414.34,4414.34,4414.34,4414.34,0.00,0.00,0.0,BULLISH,0.0,4414.34,4414.34,4414.34,4414.34,50,CLEARED_>=20s,1.0,0.0,0.0,0.0,0.0,0.0,0.0,PASS_<20%,0.00,0.0,NO,STANDBY_VEL_LOW,0,0.00,4590.00,78.36,FALSE,M1_DIRECTION_MISMATCH
2026-09-07 15:42:51.323,1788795771.324,8411,103,342,4414.34,4414.42,8.0,PASS_<=10c,+0.0,FLAT,+0.0,+0.0,4.2,+0.00,0.00,SLOW,4414.34,4414.34,4414.34,4414.34,0.00,0.00,0.0,BULLISH,0.0,4414.34,4414.34,4414.34,4414.34,51,CLEARED_>=20s,1.0,0.0,0.0,0.0,0.0,0.0,0.0,PASS_<20%,0.00,0.0,NO,STANDBY_VEL_LOW,0,0.00,4590.00,78.36,FALSE,M1_DIRECTION_MISMATCH
2026-09-07 15:42:51.823,1788795771.824,8412,104,343,4414.34,4414.42,8.0,PASS_<=10c,+0.0,FLAT,+0.0,+0.0,4.2,+0.00,0.00,SLOW,4414.34,4414.34,4414.34,4414.34,0.00,0.00,0.0,BULLISH,0.0,4414.34,4414.34,4414.34,4414.34,51,CLEARED_>=20s,1.0,0.0,0.0,0.0,0.0,0.0,0.0,PASS_<20%,0.00,0.0,NO,STANDBY_VEL_LOW,0,0.00,4590.00,78.36,FALSE,M1_DIRECTION_MISMATCH
2026-09-07 15:42:52.325,1788795772.326,8413,105,344,4414.34,4414.42,8.0,PASS_<=10c,+0.0,FLAT,+0.0,+0.0,4.2,+0.00,0.00,SLOW,4414.34,4414.34,4414.34,4414.34,0.00,0.00,0.0,BULLISH,0.0,4414.34,4414.34,4414.34,4414.34,52,CLEARED_>=20s,1.0,0.0,0.0,0.0,0.0,0.0,0.0,PASS_<20%,0.00,0.0,NO,STANDBY_VEL_LOW,0,0.00,4590.00,78.36,FALSE,M1_DIRECTION_MISMATCH
2026-09-07 15:42:52.826,1788795772.827,8414,106,345,4414.34,4414.42,8.0,PASS_<=10c,+0.0,FLAT,+0.0,+0.0,4.2,+0.00,0.00,SLOW,4414.34,4414.34,4414.34,4414.34,0.00,0.00,0.0,BULLISH,0.0,4414.34,4414.34,4414.34,4414.34,52,CLEARED_>=20s,1.0,0.0,0.0,0.0,0.0,0.0,0.0,PASS_<20%,0.00,0.0,NO,STANDBY_VEL_LOW,0,0.00,4590.00,78.36,FALSE,M1_DIRECTION_MISMATCH
2026-09-07 15:42:53.329,1788795773.329,8415,107,346,4414.34,4414.42,8.0,PASS_<=10c,+0.0,FLAT,+0.0,+0.0,4.2,+0.00,0.00,SLOW,4414.34,4414.34,4414.34,4414.34,0.00,0.00,0.0,BULLISH,0.0,4414.34,4414.34,4414.34,4414.34,53,CLEARED_>=20s,1.0,0.0,0.0,0.0,0.0,0.0,0.0,PASS_<20%,0.00,0.0,NO,STANDBY_VEL_LOW,0,0.00,4590.00,78.36,FALSE,M1_DIRECTION_MISMATCH
2026-09-07 15:42:53.830,1788795773.830,8416,108,347,4414.34,4414.42,8.0,PASS_<=10c,+0.0,FLAT,+0.0,+0.0,4.2,+0.00,0.00,SLOW,4414.34,4414.34,4414.34,4414.34,0.00,0.00,0.0,BULLISH,0.0,4414.34,4414.34,4414.34,4414.34,53,CLEARED_>=20s,1.0,0.0,0.0,0.0,0.0,0.0,0.0,PASS_<20%,0.00,0.0,NO,STANDBY_VEL_LOW,0,0.00,4590.00,78.36,FALSE,M1_DIRECTION_MISMATCH
2026-09-07 15:42:54.331,1788795774.332,8417,109,348,4414.34,4414.42,8.0,PASS_<=10c,+0.0,FLAT,+0.0,+0.0,4.2,+0.00,0.00,SLOW,4414.34,4414.34,4414.34,4414.34,0.00,0.00,0.0,BULLISH,0.0,4414.34,4414.34,4414.34,4414.34,54,CLEARED_>=20s,1.0,0.0,0.0,0.0,0.0,0.0,0.0,PASS_<20%,0.00,0.0,NO,STANDBY_VEL_LOW,0,0.00,4590.00,78.36,FALSE,M1_DIRECTION_MISMATCH
2026-09-07 15:42:54.834,1788795774.834,8418,110,349,4414.34,4414.42,8.0,PASS_<=10c,+0.0,FLAT,+0.0,+0.0,4.2,+0.00,0.00,SLOW,4414.34,4414.34,4414.34,4414.34,0.00,0.00,0.0,BULLISH,0.0,4414.34,4414.34,4414.34,4414.34,54,CLEARED_>=20s,1.0,0.0,0.0,0.0,0.0,0.0,0.0,PASS_<20%,0.00,0.0,NO,STANDBY_VEL_LOW,0,0.00,4590.00,78.36,FALSE,M1_DIRECTION_MISMATCH
2026-09-07 15:42:55.336,1788795775.336,8419,111,350,4414.34,4414.42,8.0,PASS_<=10c,+0.0,FLAT,+0.0,+0.0,4.2,+0.00,0.00,SLOW,4414.34,4414.34,4414.34,4414.34,0.00,0.00,0.0,BULLISH,0.0,4414.34,4414.34,4414.34,4414.34,55,CLEARED_>=20s,1.0,0.0,0.0,0.0,0.0,0.0,0.0,PASS_<20%,0.00,0.0,NO,STANDBY_VEL_LOW,0,0.00,4590.00,78.36,FALSE,M1_DIRECTION_MISMATCH
2026-09-07 15:42:55.838,1788795775.838,8420,112,351,4414.34,4414.42,8.0,PASS_<=10c,+0.0,FLAT,+0.0,+0.0,4.2,+0.00,0.00,SLOW,4414.34,4414.34,4414.34,4414.34,0.00,0.00,0.0,BULLISH,0.0,4414.34,4414.34,4414.34,4414.34,55,CLEARED_>=20s,1.0,0.0,0.0,0.0,0.0,0.0,0.0,PASS_<20%,0.00,0.0,NO,STANDBY_VEL_LOW,0,0.00,4590.00,78.36,FALSE,M1_DIRECTION_MISMATCH
2026-09-07 15:42:56.340,1788795776.340,8421,113,352,4414.34,4414.42,8.0,PASS_<=10c,+0.0,FLAT,+0.0,+0.0,4.2,+0.00,0.00,SLOW,4414.34,4414.34,4414.34,4414.34,0.00,0.00,0.0,BULLISH,0.0,4414.34,4414.34,4414.34,4414.34,56,CLEARED_>=20s,1.0,0.0,0.0,0.0,0.0,0.0,0.0,PASS_<20%,0.00,0.0,NO,STANDBY_VEL_LOW,0,0.00,4590.00,78.36,FALSE,M1_DIRECTION_MISMATCH
2026-09-07 15:42:56.841,1788795776.842,8422,114,353,4414.34,4414.42,8.0,PASS_<=10c,+0.0,FLAT,+0.0,+0.0,4.2,+0.00,0.00,SLOW,4414.34,4414.34,4414.34,4414.34,0.00,0.00,0.0,BULLISH,0.0,4414.34,4414.34,4414.34,4414.34,56,CLEARED_>=20s,1.0,0.0,0.0,0.0,0.0,0.0,0.0,PASS_<20%,0.00,0.0,NO,STANDBY_VEL_LOW,0,0.00,4590.00,78.36,FALSE,M1_DIRECTION_MISMATCH
2026-09-07 15:42:57.343,1788795777.343,8423,115,354,4414.34,4414.42,8.0,PASS_<=10c,+0.0,FLAT,+0.0,+0.0,4.2,+0.00,0.00,SLOW,4414.34,4414.34,4414.34,4414.34,0.00,0.00,0.0,BULLISH,0.0,4414.34,4414.34,4414.34,4414.34,57,CLEARED_>=20s,1.0,0.0,0.0,0.0,0.0,0.0,0.0,PASS_<20%,0.00,0.0,NO,STANDBY_VEL_LOW,0,0.00,4590.00,78.36,FALSE,M1_DIRECTION_MISMATCH
2026-09-07 15:42:57.845,1788795777.845,8424,116,355,4414.34,4414.42,8.0,PASS_<=10c,+0.0,FLAT,+0.0,+0.0,4.2,+0.00,0.00,SLOW,4414.34,4414.34,4414.34,4414.34,0.00,0.00,0.0,BULLISH,0.0,4414.34,4414.34,4414.34,4414.34,57,CLEARED_>=20s,1.0,0.0,0.0,0.0,0.0,0.0,0.0,PASS_<20%,0.00,0.0,NO,STANDBY_VEL_LOW,0,0.00,4590.00,78.36,FALSE,M1_DIRECTION_MISMATCH
2026-09-07 15:42:58.347,1788795778.348,8425,117,356,4414.34,4414.42,8.0,PASS_<=10c,+0.0,FLAT,+0.0,+0.0,4.2,+0.00,0.00,SLOW,4414.34,4414.34,4414.34,4414.34,0.00,0.00,0.0,BULLISH,0.0,4414.34,4414.34,4414.34,4414.34,58,CLEARED_>=20s,1.0,0.0,0.0,0.0,0.0,0.0,0.0,PASS_<20%,0.00,0.0,NO,STANDBY_VEL_LOW,0,0.00,4590.00,78.36,FALSE,M1_DIRECTION_MISMATCH
2026-09-07 15:42:58.851,1788795778.852,8426,118,357,4414.34,4414.42,8.0,PASS_<=10c,+0.0,FLAT,+0.0,+0.0,4.2,+0.00,0.00,SLOW,4414.34,4414.34,4414.34,4414.34,0.00,0.00,0.0,BULLISH,0.0,4414.34,4414.34,4414.34,4414.34,58,CLEARED_>=20s,1.0,0.0,0.0,0.0,0.0,0.0,0.0,PASS_<20%,0.00,0.0,NO,STANDBY_VEL_LOW,0,0.00,4590.00,78.36,FALSE,M1_DIRECTION_MISMATCH
2026-09-07 15:42:59.351,1788795779.352,8427,119,358,4414.34,4414.42,8.0,PASS_<=10c,+0.0,FLAT,+0.0,+0.0,4.2,+0.00,0.00,SLOW,4414.34,4414.34,4414.34,4414.34,0.00,0.00,0.0,BULLISH,0.0,4414.34,4414.34,4414.34,4414.34,59,CLEARED_>=20s,1.0,0.0,0.0,0.0,0.0,0.0,0.0,PASS_<20%,0.00,0.0,NO,STANDBY_VEL_LOW,0,0.00,4590.00,78.36,FALSE,M1_DIRECTION_MISMATCH
2026-09-07 15:42:59.853,1788795779.853,8428,120,359,4414.34,4414.42,8.0,PASS_<=10c,+0.0,FLAT,+0.0,+0.0,4.2,+0.00,0.00,SLOW,4414.34,4414.34,4414.34,4414.34,0.00,0.00,0.0,BULLISH,0.0,4414.34,4414.34,4414.34,4414.34,59,CLEARED_>=20s,1.0,0.0,0.0,0.0,0.0,0.0,0.0,PASS_<20%,0.00,0.0,NO,STANDBY_VEL_LOW,0,0.00,4590.00,78.36,FALSE,M1_DIRECTION_MISMATCH
2026-09-07 15:43:00.354,1788795780.355,8429,1,360,4414.34,4414.42,8.0,PASS_<=10c,+0.0,FLAT,+0.0,+0.0,4.2,+0.00,0.00,SLOW,4414.34,4414.34,4414.34,4414.34,0.00,0.00,0.0,BULLISH,0.0,4414.34,4414.34,4414.34,4414.34,0,ACTIVE_0s,1.0,0.0,0.0,0.0,0.0,0.0,0.0,PASS_<20%,0.00,0.0,NO,STANDBY_VEL_LOW,0,0.00,4590.00,78.36,FALSE,M1_DIRECTION_MISMATCH|OPENING_SHIELD_ACTIVE_0s
2026-09-07 15:43:00.857,1788795780.857,8430,2,361,4414.34,4414.42,8.0,PASS_<=10c,+0.0,FLAT,+0.0,+0.0,4.2,+0.00,0.00,SLOW,4414.34,4414.34,4414.34,4414.34,0.00,0.00,0.0,BULLISH,0.0,4414.34,4414.34,4414.34,4414.34,0,ACTIVE_0s,1.0,0.0,0.0,0.0,0.0,0.0,0.0,PASS_<20%,0.00,0.0,NO,STANDBY_VEL_LOW,0,0.00,4590.00,78.36,FALSE,M1_DIRECTION_MISMATCH|OPENING_SHIELD_ACTIVE_0s
2026-09-07 15:43:01.358,1788795781.358,8431,3,362,4414.34,4414.42,8.0,PASS_<=10c,+0.0,FLAT,+0.0,+0.0,4.2,+0.00,0.00,SLOW,4414.34,4414.34,4414.34,4414.34,0.00,0.00,0.0,BULLISH,0.0,4414.34,4414.34,4414.34,4414.34,1,ACTIVE_1s,1.0,0.0,0.0,0.0,0.0,0.0,0.0,PASS_<20%,0.00,0.0,NO,STANDBY_VEL_LOW,0,0.00,4590.00,78.36,FALSE,M1_DIRECTION_MISMATCH|OPENING_SHIELD_ACTIVE_1s
2026-09-07 15:43:01.859,1788795781.860,8432,4,363,4414.34,4414.42,8.0,PASS_<=10c,+0.0,FLAT,+0.0,+0.0,4.2,+0.00,0.00,SLOW,4414.34,4414.34,4414.34,4414.34,0.00,0.00,0.0,BULLISH,0.0,4414.34,4414.34,4414.34,4414.34,1,ACTIVE_1s,1.0,0.0,0.0,0.0,0.0,0.0,0.0,PASS_<20%,0.00,0.0,NO,STANDBY_VEL_LOW,0,0.00,4590.00,78.36,FALSE,M1_DIRECTION_MISMATCH|OPENING_SHIELD_ACTIVE_1s
2026-09-07 15:43:02.361,1788795782.361,8433,5,364,4414.34,4414.42,8.0,PASS_<=10c,+0.0,FLAT,+0.0,+0.0,4.2,+0.00,0.00,SLOW,4414.34,4414.34,4414.34,4414.34,0.00,0.00,0.0,BULLISH,0.0,4414.34,4414.34,4414.34,4414.34,2,ACTIVE_2s,1.0,0.0,0.0,0.0,0.0,0.0,0.0,PASS_<20%,0.00,0.0,NO,STANDBY_VEL_LOW,0,0.00,4590.00,78.36,FALSE,M1_DIRECTION_MISMATCH|OPENING_SHIELD_ACTIVE_2s
2026-09-07 15:43:02.862,1788795782.863,8434,6,365,4414.34,4414.42,8.0,PASS_<=10c,+0.0,FLAT,+0.0,+0.0,4.2,+0.00,0.00,SLOW,4414.34,4414.34,4414.34,4414.34,0.00,0.00,0.0,BULLISH,0.0,4414.34,4414.34,4414.34,4414.34,2,ACTIVE_2s,1.0,0.0,0.0,0.0,0.0,0.0,0.0,PASS_<20%,0.00,0.0,NO,STANDBY_VEL_LOW,0,0.00,4590.00,78.36,FALSE,M1_DIRECTION_MISMATCH|OPENING_SHIELD_ACTIVE_2s
2026-09-07 15:43:03.364,1788795783.365,8435,7,366,4414.34,4414.42,8.0,PASS_<=10c,+0.0,FLAT,+0.0,+0.0,4.2,+0.00,0.00,SLOW,4414.34,4414.34,4414.34,4414.34,0.00,0.00,0.0,BULLISH,0.0,4414.34,4414.34,4414.34,4414.34,3,ACTIVE_3s,1.0,0.0,0.0,0.0,0.0,0.0,0.0,PASS_<20%,0.00,0.0,NO,STANDBY_VEL_LOW,0,0.00,4590.00,78.36,FALSE,M1_DIRECTION_MISMATCH|OPENING_SHIELD_ACTIVE_3s
2026-09-07 15:43:03.866,1788795783.866,8436,8,367,4414.34,4414.42,8.0,PASS_<=10c,+0.0,FLAT,+0.0,+0.0,4.2,+0.00,0.00,SLOW,4414.34,4414.34,4414.34,4414.34,0.00,0.00,0.0,BULLISH,0.0,4414.34,4414.34,4414.34,4414.34,3,ACTIVE_3s,1.0,0.0,0.0,0.0,0.0,0.0,0.0,PASS_<20%,0.00,0.0,NO,STANDBY_VEL_LOW,0,0.00,4590.00,78.36,FALSE,M1_DIRECTION_MISMATCH|OPENING_SHIELD_ACTIVE_3s
2026-09-07 15:43:04.368,1788795784.368,8437,9,368,4414.34,4414.42,8.0,PASS_<=10c,+0.0,FLAT,+0.0,+0.0,4.2,+0.00,0.00,SLOW,4414.34,4414.34,4414.34,4414.34,0.00,0.00,0.0,BULLISH,0.0,4414.34,4414.34,4414.34,4414.34,4,ACTIVE_4s,1.0,0.0,0.0,0.0,0.0,0.0,0.0,PASS_<20%,0.00,0.0,NO,STANDBY_VEL_LOW,0,0.00,4590.00,78.36,FALSE,M1_DIRECTION_MISMATCH|OPENING_SHIELD_ACTIVE_4s
2026-09-07 15:43:04.870,1788795784.870,8438,10,369,4414.34,4414.42,8.0,PASS_<=10c,+0.0,FLAT,+0.0,+0.0,4.2,+0.00,0.00,SLOW,4414.34,4414.34,4414.34,4414.34,0.00,0.00,0.0,BULLISH,0.0,4414.34,4414.34,4414.34,4414.34,4,ACTIVE_4s,1.0,0.0,0.0,0.0,0.0,0.0,0.0,PASS_<20%,0.00,0.0,NO,STANDBY_VEL_LOW,0,0.00,4590.00,78.36,FALSE,M1_DIRECTION_MISMATCH|OPENING_SHIELD_ACTIVE_4s
2026-09-07 15:43:05.371,1788795785.371,8439,11,370,4414.34,4414.42,8.0,PASS_<=10c,+0.0,FLAT,+0.0,+0.0,4.2,+0.00,0.00,SLOW,4414.34,4414.34,4414.34,4414.34,0.00,0.00,0.0,BULLISH,0.0,4414.34,4414.34,4414.34,4414.34,5,ACTIVE_5s,1.0,0.0,0.0,0.0,0.0,0.0,0.0,PASS_<20%,0.00,0.0,NO,STANDBY_VEL_LOW,0,0.00,4590.00,78.36,FALSE,M1_DIRECTION_MISMATCH|OPENING_SHIELD_ACTIVE_5s
2026-09-07 15:43:05.872,1788795785.873,8440,12,371,4414.34,4414.42,8.0,PASS_<=10c,+0.0,FLAT,+0.0,+0.0,4.2,+0.00,0.00,SLOW,4414.34,4414.34,4414.34,4414.34,0.00,0.00,0.0,BULLISH,0.0,4414.34,4414.34,4414.34,4414.34,5,ACTIVE_5s,1.0,0.0,0.0,0.0,0.0,0.0,0.0,PASS_<20%,0.00,0.0,NO,STANDBY_VEL_LOW,0,0.00,4590.00,78.36,FALSE,M1_DIRECTION_MISMATCH|OPENING_SHIELD_ACTIVE_5s
2026-09-07 15:43:06.373,1788795786.374,8441,13,372,4414.34,4414.42,8.0,PASS_<=10c,+0.0,FLAT,+0.0,+0.0,4.2,+0.00,0.00,SLOW,4414.34,4414.34,4414.34,4414.34,0.00,0.00,0.0,BULLISH,0.0,4414.34,4414.34,4414.34,4414.34,6,ACTIVE_6s,1.0,0.0,0.0,0.0,0.0,0.0,0.0,PASS_<20%,0.00,0.0,NO,STANDBY_VEL_LOW,0,0.00,4590.00,78.36,FALSE,M1_DIRECTION_MISMATCH|OPENING_SHIELD_ACTIVE_6s
2026-09-07 15:43:06.876,1788795786.876,8442,14,373,4414.34,4414.42,8.0,PASS_<=10c,+0.0,FLAT,+0.0,+0.0,4.2,+0.00,0.00,SLOW,4414.34,4414.34,4414.34,4414.34,0.00,0.00,0.0,BULLISH,0.0,4414.34,4414.34,4414.34,4414.34,6,ACTIVE_6s,1.0,0.0,0.0,0.0,0.0,0.0,0.0,PASS_<20%,0.00,0.0,NO,STANDBY_VEL_LOW,0,0.00,4590.00,78.36,FALSE,M1_DIRECTION_MISMATCH|OPENING_SHIELD_ACTIVE_6s
2026-09-07 15:43:07.378,1788795787.379,8443,15,374,4414.34,4414.42,8.0,PASS_<=10c,+0.0,FLAT,+0.0,+0.0,4.2,+0.00,0.00,SLOW,4414.34,4414.34,4414.34,4414.34,0.00,0.00,0.0,BULLISH,0.0,4414.34,4414.34,4414.34,4414.34,7,ACTIVE_7s,1.0,0.0,0.0,0.0,0.0,0.0,0.0,PASS_<20%,0.00,0.0,NO,STANDBY_VEL_LOW,0,0.00,4590.00,78.36,FALSE,M1_DIRECTION_MISMATCH|OPENING_SHIELD_ACTIVE_7s
2026-09-07 15:43:07.880,1788795787.881,8444,16,375,4414.34,4414.42,8.0,PASS_<=10c,+0.0,FLAT,+0.0,+0.0,4.2,+0.00,0.00,SLOW,4414.34,4414.34,4414.34,4414.34,0.00,0.00,0.0,BULLISH,0.0,4414.34,4414.34,4414.34,4414.34,7,ACTIVE_7s,1.0,0.0,0.0,0.0,0.0,0.0,0.0,PASS_<20%,0.00,0.0,NO,STANDBY_VEL_LOW,0,0.00,4590.00,78.36,FALSE,M1_DIRECTION_MISMATCH|OPENING_SHIELD_ACTIVE_7s
2026-09-07 15:43:08.381,1788795788.382,8445,17,376,4414.34,4414.42,8.0,PASS_<=10c,+0.0,FLAT,+0.0,+0.0,4.2,+0.00,0.00,SLOW,4414.34,4414.34,4414.34,4414.34,0.00,0.00,0.0,BULLISH,0.0,4414.34,4414.34,4414.34,4414.34,8,ACTIVE_8s,1.0,0.0,0.0,0.0,0.0,0.0,0.0,PASS_<20%,0.00,0.0,NO,STANDBY_VEL_LOW,0,0.00,4590.00,78.36,FALSE,M1_DIRECTION_MISMATCH|OPENING_SHIELD_ACTIVE_8s
2026-09-07 15:43:08.883,1788795788.884,8446,18,377,4414.34,4414.42,8.0,PASS_<=10c,+0.0,FLAT,+0.0,+0.0,4.2,+0.00,0.00,SLOW,4414.34,4414.34,4414.34,4414.34,0.00,0.00,0.0,BULLISH,0.0,4414.34,4414.34,4414.34,4414.34,8,ACTIVE_8s,1.0,0.0,0.0,0.0,0.0,0.0,0.0,PASS_<20%,0.00,0.0,NO,STANDBY_VEL_LOW,0,0.00,4590.00,78.36,FALSE,M1_DIRECTION_MISMATCH|OPENING_SHIELD_ACTIVE_8s
2026-09-07 15:43:09.385,1788795789.385,8447,19,378,4414.34,4414.42,8.0,PASS_<=10c,+0.0,FLAT,+0.0,+0.0,4.2,+0.00,0.00,SLOW,4414.34,4414.34,4414.34,4414.34,0.00,0.00,0.0,BULLISH,0.0,4414.34,4414.34,4414.34,4414.34,9,ACTIVE_9s,1.0,0.0,0.0,0.0,0.0,0.0,0.0,PASS_<20%,0.00,0.0,NO,STANDBY_VEL_LOW,0,0.00,4590.00,78.36,FALSE,M1_DIRECTION_MISMATCH|OPENING_SHIELD_ACTIVE_9s
2026-09-07 15:43:09.886,1788795789.887,8448,20,379,4414.34,4414.42,8.0,PASS_<=10c,+0.0,FLAT,+0.0,+0.0,4.2,+0.00,0.00,SLOW,4414.34,4414.34,4414.34,4414.34,0.00,0.00,0.0,BULLISH,0.0,4414.34,4414.34,4414.34,4414.34,9,ACTIVE_9s,1.0,0.0,0.0,0.0,0.0,0.0,0.0,PASS_<20%,0.00,0.0,NO,STANDBY_VEL_LOW,0,0.00,4590.00,78.36,FALSE,M1_DIRECTION_MISMATCH|OPENING_SHIELD_ACTIVE_9s
2026-09-07 15:43:10.388,1788795790.388,8449,21,380,4414.34,4414.42,8.0,PASS_<=10c,+0.0,FLAT,+0.0,+0.0,4.2,+0.00,0.00,SLOW,4414.34,4414.34,4414.34,4414.34,0.00,0.00,0.0,BULLISH,0.0,4414.34,4414.34,4414.34,4414.34,10,ACTIVE_10s,1.0,0.0,0.0,0.0,0.0,0.0,0.0,PASS_<20%,0.00,0.0,NO,STANDBY_VEL_LOW,0,0.00,4590.00,78.36,FALSE,M1_DIRECTION_MISMATCH|OPENING_SHIELD_ACTIVE_10s
2026-09-07 15:43:10.889,1788795790.890,8450,22,381,4414.34,4414.42,8.0,PASS_<=10c,+0.0,FLAT,+0.0,+0.0,4.2,+0.00,0.00,SLOW,4414.34,4414.34,4414.34,4414.34,0.00,0.00,0.0,BULLISH,0.0,4414.34,4414.34,4414.34,4414.34,10,ACTIVE_10s,1.0,0.0,0.0,0.0,0.0,0.0,0.0,PASS_<20%,0.00,0.0,NO,STANDBY_VEL_LOW,0,0.00,4590.00,78.36,FALSE,M1_DIRECTION_MISMATCH|OPENING_SHIELD_ACTIVE_10s
2026-09-07 15:43:11.391,1788795791.391,8451,23,382,4414.34,4414.42,8.0,PASS_<=10c,+0.0,FLAT,+0.0,+0.0,4.2,+0.00,0.00,SLOW,4414.34,4414.34,4414.34,4414.34,0.00,0.00,0.0,BULLISH,0.0,4414.34,4414.34,4414.34,4414.34,11,ACTIVE_11s,1.0,0.0,0.0,0.0,0.0,0.0,0.0,PASS_<20%,0.00,0.0,NO,STANDBY_VEL_LOW,0,0.00,4590.00,78.36,FALSE,M1_DIRECTION_MISMATCH|OPENING_SHIELD_ACTIVE_11s
2026-09-07 15:43:11.893,1788795791.894,8452,24,383,4414.34,4414.42,8.0,PASS_<=10c,+0.0,FLAT,+0.0,+0.0,4.2,+0.00,0.00,SLOW,4414.34,4414.34,4414.34,4414.34,0.00,0.00,0.0,BULLISH,0.0,4414.34,4414.34,4414.34,4414.34,11,ACTIVE_11s,1.0,0.0,0.0,0.0,0.0,0.0,0.0,PASS_<20%,0.00,0.0,NO,STANDBY_VEL_LOW,0,0.00,4590.00,78.36,FALSE,M1_DIRECTION_MISMATCH|OPENING_SHIELD_ACTIVE_11s
2026-09-07 15:43:12.394,1788795792.395,8453,25,384,4414.34,4414.42,8.0,PASS_<=10c,+0.0,FLAT,+0.0,+0.0,4.2,+0.00,0.00,SLOW,4414.34,4414.34,4414.34,4414.34,0.00,0.00,0.0,BULLISH,0.0,4414.34,4414.34,4414.34,4414.34,12,ACTIVE_12s,1.0,0.0,0.0,0.0,0.0,0.0,0.0,PASS_<20%,0.00,0.0,NO,STANDBY_VEL_LOW,0,0.00,4590.00,78.36,FALSE,M1_DIRECTION_MISMATCH|OPENING_SHIELD_ACTIVE_12s
2026-09-07 15:43:12.896,1788795792.897,8454,26,385,4414.34,4414.42,8.0,PASS_<=10c,+0.0,FLAT,+0.0,+0.0,4.2,+0.00,0.00,SLOW,4414.34,4414.34,4414.34,4414.34,0.00,0.00,0.0,BULLISH,0.0,4414.34,4414.34,4414.34,4414.34,12,ACTIVE_12s,1.0,0.0,0.0,0.0,0.0,0.0,0.0,PASS_<20%,0.00,0.0,NO,STANDBY_VEL_LOW,0,0.00,4590.00,78.36,FALSE,M1_DIRECTION_MISMATCH|OPENING_SHIELD_ACTIVE_12s
2026-09-07 15:43:13.398,1788795793.399,8455,27,386,4414.34,4414.42,8.0,PASS_<=10c,+0.0,FLAT,+0.0,+0.0,4.2,+0.00,0.00,SLOW,4414.34,4414.34,4414.34,4414.34,0.00,0.00,0.0,BULLISH,0.0,4414.34,4414.34,4414.34,4414.34,13,ACTIVE_13s,1.0,0.0,0.0,0.0,0.0,0.0,0.0,PASS_<20%,0.00,0.0,NO,STANDBY_VEL_LOW,0,0.00,4590.00,78.36,FALSE,M1_DIRECTION_MISMATCH|OPENING_SHIELD_ACTIVE_13s
2026-09-07 15:43:13.901,1788795793.901,8456,28,387,4414.34,4414.42,8.0,PASS_<=10c,+0.0,FLAT,+0.0,+0.0,4.2,+0.00,0.00,SLOW,4414.34,4414.34,4414.34,4414.34,0.00,0.00,0.0,BULLISH,0.0,4414.34,4414.34,4414.34,4414.34,13,ACTIVE_13s,1.0,0.0,0.0,0.0,0.0,0.0,0.0,PASS_<20%,0.00,0.0,NO,STANDBY_VEL_LOW,0,0.00,4590.00,78.36,FALSE,M1_DIRECTION_MISMATCH|OPENING_SHIELD_ACTIVE_13s
2026-09-07 15:43:14.401,1788795794.402,8457,29,388,4414.34,4414.42,8.0,PASS_<=10c,+0.0,FLAT,+0.0,+0.0,4.2,+0.00,0.00,SLOW,4414.34,4414.34,4414.34,4414.34,0.00,0.00,0.0,BULLISH,0.0,4414.34,4414.34,4414.34,4414.34,14,ACTIVE_14s,1.0,0.0,0.0,0.0,0.0,0.0,0.0,PASS_<20%,0.00,0.0,NO,STANDBY_VEL_LOW,0,0.00,4590.00,78.36,FALSE,M1_DIRECTION_MISMATCH|OPENING_SHIELD_ACTIVE_14s
2026-09-07 15:43:14.903,1788795794.904,8458,30,389,4414.34,4414.42,8.0,PASS_<=10c,+0.0,FLAT,+0.0,+0.0,4.2,+0.00,0.00,SLOW,4414.34,4414.34,4414.34,4414.34,0.00,0.00,0.0,BULLISH,0.0,4414.34,4414.34,4414.34,4414.34,14,ACTIVE_14s,1.0,0.0,0.0,0.0,0.0,0.0,0.0,PASS_<20%,0.00,0.0,NO,STANDBY_VEL_LOW,0,0.00,4590.00,78.36,FALSE,M1_DIRECTION_MISMATCH|OPENING_SHIELD_ACTIVE_14s
2026-09-07 15:43:15.405,1788795795.405,8459,31,390,4414.34,4414.42,8.0,PASS_<=10c,+0.0,FLAT,+0.0,+0.0,4.2,+0.00,0.00,SLOW,4414.34,4414.34,4414.34,4414.34,0.00,0.00,0.0,BULLISH,0.0,4414.34,4414.34,4414.34,4414.34,15,ACTIVE_15s,1.0,0.0,0.0,0.0,0.0,0.0,0.0,PASS_<20%,0.00,0.0,NO,STANDBY_VEL_LOW,0,0.00,4590.00,78.36,FALSE,M1_DIRECTION_MISMATCH|OPENING_SHIELD_ACTIVE_15s
2026-09-07 15:43:15.907,1788795795.907,8460,32,391,4414.34,4414.42,8.0,PASS_<=10c,+0.0,FLAT,+0.0,+0.0,4.2,+0.00,0.00,SLOW,4414.34,4414.34,4414.34,4414.34,0.00,0.00,0.0,BULLISH,0.0,4414.34,4414.34,4414.34,4414.34,15,ACTIVE_15s,1.0,0.0,0.0,0.0,0.0,0.0,0.0,PASS_<20%,0.00,0.0,NO,STANDBY_VEL_LOW,0,0.00,4590.00,78.36,FALSE,M1_DIRECTION_MISMATCH|OPENING_SHIELD_ACTIVE_15s
2026-09-07 15:43:16.408,1788795796.409,8461,33,392,4414.34,4414.42,8.0,PASS_<=10c,+0.0,FLAT,+0.0,+0.0,4.2,+0.00,0.00,SLOW,4414.34,4414.34,4414.34,4414.34,0.00,0.00,0.0,BULLISH,0.0,4414.34,4414.34,4414.34,4414.34,16,ACTIVE_16s,1.0,0.0,0.0,0.0,0.0,0.0,0.0,PASS_<20%,0.00,0.0,NO,STANDBY_VEL_LOW,0,0.00,4590.00,78.36,FALSE,M1_DIRECTION_MISMATCH|OPENING_SHIELD_ACTIVE_16s
2026-09-07 15:43:16.910,1788795796.911,8462,34,393,4414.34,4414.42,8.0,PASS_<=10c,+0.0,FLAT,+0.0,+0.0,4.2,+0.00,0.00,SLOW,4414.34,4414.34,4414.34,4414.34,0.00,0.00,0.0,BULLISH,0.0,4414.34,4414.34,4414.34,4414.34,16,ACTIVE_16s,1.0,0.0,0.0,0.0,0.0,0.0,0.0,PASS_<20%,0.00,0.0,NO,STANDBY_VEL_LOW,0,0.00,4590.00,78.36,FALSE,M1_DIRECTION_MISMATCH|OPENING_SHIELD_ACTIVE_16s
2026-09-07 15:43:17.412,1788795797.412,8463,35,394,4414.34,4414.42,8.0,PASS_<=10c,+0.0,FLAT,+0.0,+0.0,4.2,+0.00,0.00,SLOW,4414.34,4414.34,4414.34,4414.34,0.00,0.00,0.0,BULLISH,0.0,4414.34,4414.34,4414.34,4414.34,17,ACTIVE_17s,1.0,0.0,0.0,0.0,0.0,0.0,0.0,PASS_<20%,0.00,0.0,NO,STANDBY_VEL_LOW,0,0.00,4590.00,78.36,FALSE,M1_DIRECTION_MISMATCH|OPENING_SHIELD_ACTIVE_17s
2026-09-07 15:43:17.913,1788795797.914,8464,36,395,4414.34,4414.42,8.0,PASS_<=10c,+0.0,FLAT,+0.0,+0.0,4.2,+0.00,0.00,SLOW,4414.34,4414.34,4414.34,4414.34,0.00,0.00,0.0,BULLISH,0.0,4414.34,4414.34,4414.34,4414.34,17,ACTIVE_17s,1.0,0.0,0.0,0.0,0.0,0.0,0.0,PASS_<20%,0.00,0.0,NO,STANDBY_VEL_LOW,0,0.00,4590.00,78.36,FALSE,M1_DIRECTION_MISMATCH|OPENING_SHIELD_ACTIVE_17s
2026-09-07 15:43:18.415,1788795798.415,8465,37,396,4414.34,4414.42,8.0,PASS_<=10c,+0.0,FLAT,+0.0,+0.0,4.2,+0.00,0.00,SLOW,4414.34,4414.34,4414.34,4414.34,0.00,0.00,0.0,BULLISH,0.0,4414.34,4414.34,4414.34,4414.34,18,ACTIVE_18s,1.0,0.0,0.0,0.0,0.0,0.0,0.0,PASS_<20%,0.00,0.0,NO,STANDBY_VEL_LOW,0,0.00,4590.00,78.36,FALSE,M1_DIRECTION_MISMATCH|OPENING_SHIELD_ACTIVE_18s
2026-09-07 15:43:18.916,1788795798.917,8466,38,397,4414.34,4414.42,8.0,PASS_<=10c,+0.0,FLAT,+0.0,+0.0,4.2,+0.00,0.00,SLOW,4414.34,4414.34,4414.34,4414.34,0.00,0.00,0.0,BULLISH,0.0,4414.34,4414.34,4414.34,4414.34,18,ACTIVE_18s,1.0,0.0,0.0,0.0,0.0,0.0,0.0,PASS_<20%,0.00,0.0,NO,STANDBY_VEL_LOW,0,0.00,4590.00,78.36,FALSE,M1_DIRECTION_MISMATCH|OPENING_SHIELD_ACTIVE_18s
2026-09-07 15:43:19.417,1788795799.418,8467,39,398,4414.34,4414.42,8.0,PASS_<=10c,+0.0,FLAT,+0.0,+0.0,4.2,+0.00,0.00,SLOW,4414.34,4414.34,4414.34,4414.34,0.00,0.00,0.0,BULLISH,0.0,4414.34,4414.34,4414.34,4414.34,19,ACTIVE_19s,1.0,0.0,0.0,0.0,0.0,0.0,0.0,PASS_<20%,0.00,0.0,NO,STANDBY_VEL_LOW,0,0.00,4590.00,78.36,FALSE,M1_DIRECTION_MISMATCH|OPENING_SHIELD_ACTIVE_19s
2026-09-07 15:43:19.920,1788795799.920,8468,40,399,4414.34,4414.42,8.0,PASS_<=10c,+0.0,FLAT,+0.0,+0.0,4.2,+0.00,0.00,SLOW,4414.34,4414.34,4414.34,4414.34,0.00,0.00,0.0,BULLISH,0.0,4414.34,4414.34,4414.34,4414.34,19,ACTIVE_19s,1.0,0.0,0.0,0.0,0.0,0.0,0.0,PASS_<20%,0.00,0.0,NO,STANDBY_VEL_LOW,0,0.00,4590.00,78.36,FALSE,M1_DIRECTION_MISMATCH|OPENING_SHIELD_ACTIVE_19s
2026-09-07 15:43:20.419,1788795800.420,8469,41,400,4414.34,4414.42,8.0,PASS_<=10c,+0.0,FLAT,+0.0,+0.0,4.2,+0.00,0.00,SLOW,4414.34,4414.34,4414.34,4414.34,0.00,0.00,0.0,BULLISH,0.0,4414.34,4414.34,4414.34,4414.34,20,CLEARED_>=20s,1.0,0.0,0.0,0.0,0.0,0.0,0.0,PASS_<20%,0.00,0.0,NO,STANDBY_VEL_LOW,0,0.00,4590.00,78.36,FALSE,M1_DIRECTION_MISMATCH
2026-09-07 15:43:20.920,1788795800.921,8470,42,401,4414.34,4414.42,8.0,PASS_<=10c,+0.0,FLAT,+0.0,+0.0,4.2,+0.00,0.00,SLOW,4414.34,4414.34,4414.34,4414.34,0.00,0.00,0.0,BULLISH,0.0,4414.34,4414.34,4414.34,4414.34,20,CLEARED_>=20s,1.0,0.0,0.0,0.0,0.0,0.0,0.0,PASS_<20%,0.00,0.0,NO,STANDBY_VEL_LOW,0,0.00,4590.00,78.36,FALSE,M1_DIRECTION_MISMATCH
2026-09-07 15:43:21.422,1788795801.422,8471,43,402,4414.34,4414.42,8.0,PASS_<=10c,+0.0,FLAT,+0.0,+0.0,4.2,+0.00,0.00,SLOW,4414.34,4414.34,4414.34,4414.34,0.00,0.00,0.0,BULLISH,0.0,4414.34,4414.34,4414.34,4414.34,21,CLEARED_>=20s,1.0,0.0,0.0,0.0,0.0,0.0,0.0,PASS_<20%,0.00,0.0,NO,STANDBY_VEL_LOW,0,0.00,4590.00,78.36,FALSE,M1_DIRECTION_MISMATCH
2026-09-07 15:43:21.924,1788795801.924,8472,44,403,4414.34,4414.42,8.0,PASS_<=10c,+0.0,FLAT,+0.0,+0.0,4.2,+0.00,0.00,SLOW,4414.34,4414.34,4414.34,4414.34,0.00,0.00,0.0,BULLISH,0.0,4414.34,4414.34,4414.34,4414.34,21,CLEARED_>=20s,1.0,0.0,0.0,0.0,0.0,0.0,0.0,PASS_<20%,0.00,0.0,NO,STANDBY_VEL_LOW,0,0.00,4590.00,78.36,FALSE,M1_DIRECTION_MISMATCH
2026-09-07 15:43:22.425,1788795802.426,8473,45,404,4414.34,4414.42,8.0,PASS_<=10c,+0.0,FLAT,+0.0,+0.0,4.2,+0.00,0.00,SLOW,4414.34,4414.34,4414.34,4414.34,0.00,0.00,0.0,BULLISH,0.0,4414.34,4414.34,4414.34,4414.34,22,CLEARED_>=20s,1.0,0.0,0.0,0.0,0.0,0.0,0.0,PASS_<20%,0.00,0.0,NO,STANDBY_VEL_LOW,0,0.00,4590.00,78.36,FALSE,M1_DIRECTION_MISMATCH
2026-09-07 15:43:22.927,1788795802.928,8474,46,405,4414.34,4414.42,8.0,PASS_<=10c,+0.0,FLAT,+0.0,+0.0,4.2,+0.00,0.00,SLOW,4414.34,4414.34,4414.34,4414.34,0.00,0.00,0.0,BULLISH,0.0,4414.34,4414.34,4414.34,4414.34,22,CLEARED_>=20s,1.0,0.0,0.0,0.0,0.0,0.0,0.0,PASS_<20%,0.00,0.0,NO,STANDBY_VEL_LOW,0,0.00,4590.00,78.36,FALSE,M1_DIRECTION_MISMATCH
2026-09-07 15:43:23.430,1788795803.430,8475,47,406,4414.34,4414.42,8.0,PASS_<=10c,+0.0,FLAT,+0.0,+0.0,4.2,+0.00,0.00,SLOW,4414.34,4414.34,4414.34,4414.34,0.00,0.00,0.0,BULLISH,0.0,4414.34,4414.34,4414.34,4414.34,23,CLEARED_>=20s,1.0,0.0,0.0,0.0,0.0,0.0,0.0,PASS_<20%,0.00,0.0,NO,STANDBY_VEL_LOW,0,0.00,4590.00,78.36,FALSE,M1_DIRECTION_MISMATCH
2026-09-07 15:43:23.931,1788795803.931,8476,48,407,4414.34,4414.42,8.0,PASS_<=10c,+0.0,FLAT,+0.0,+0.0,4.2,+0.00,0.00,SLOW,4414.34,4414.34,4414.34,4414.34,0.00,0.00,0.0,BULLISH,0.0,4414.34,4414.34,4414.34,4414.34,23,CLEARED_>=20s,1.0,0.0,0.0,0.0,0.0,0.0,0.0,PASS_<20%,0.00,0.0,NO,STANDBY_VEL_LOW,0,0.00,4590.00,78.36,FALSE,M1_DIRECTION_MISMATCH
2026-09-07 15:43:24.432,1788795804.432,8477,49,408,4414.34,4414.42,8.0,PASS_<=10c,+0.0,FLAT,+0.0,+0.0,4.2,+0.00,0.00,SLOW,4414.34,4414.34,4414.34,4414.34,0.00,0.00,0.0,BULLISH,0.0,4414.34,4414.34,4414.34,4414.34,24,CLEARED_>=20s,1.0,0.0,0.0,0.0,0.0,0.0,0.0,PASS_<20%,0.00,0.0,NO,STANDBY_VEL_LOW,0,0.00,4590.00,78.36,FALSE,M1_DIRECTION_MISMATCH
2026-09-07 15:43:24.933,1788795804.934,8478,50,409,4414.34,4414.42,8.0,PASS_<=10c,+0.0,FLAT,+0.0,+0.0,4.2,+0.00,0.00,SLOW,4414.34,4414.34,4414.34,4414.34,0.00,0.00,0.0,BULLISH,0.0,4414.34,4414.34,4414.34,4414.34,24,CLEARED_>=20s,1.0,0.0,0.0,0.0,0.0,0.0,0.0,PASS_<20%,0.00,0.0,NO,STANDBY_VEL_LOW,0,0.00,4590.00,78.36,FALSE,M1_DIRECTION_MISMATCH
2026-09-07 15:43:25.435,1788795805.436,8479,51,410,4414.34,4414.42,8.0,PASS_<=10c,+0.0,FLAT,+0.0,+0.0,4.2,+0.00,0.00,SLOW,4414.34,4414.34,4414.34,4414.34,0.00,0.00,0.0,BULLISH,0.0,4414.34,4414.34,4414.34,4414.34,25,CLEARED_>=20s,1.0,0.0,0.0,0.0,0.0,0.0,0.0,PASS_<20%,0.00,0.0,NO,STANDBY_VEL_LOW,0,0.00,4590.00,78.36,FALSE,M1_DIRECTION_MISMATCH
2026-09-07 15:43:25.939,1788795805.939,8480,52,411,4414.34,4414.42,8.0,PASS_<=10c,+0.0,FLAT,+0.0,+0.0,4.2,+0.00,0.00,SLOW,4414.34,4414.34,4414.34,4414.34,0.00,0.00,0.0,BULLISH,0.0,4414.34,4414.34,4414.34,4414.34,25,CLEARED_>=20s,1.0,0.0,0.0,0.0,0.0,0.0,0.0,PASS_<20%,0.00,0.0,NO,STANDBY_VEL_LOW,0,0.00,4590.00,78.36,FALSE,M1_DIRECTION_MISMATCH
2026-09-07 15:43:26.439,1788795806.439,8481,53,412,4414.34,4414.42,8.0,PASS_<=10c,+0.0,FLAT,+0.0,+0.0,4.2,+0.00,0.00,SLOW,4414.34,4414.34,4414.34,4414.34,0.00,0.00,0.0,BULLISH,0.0,4414.34,4414.34,4414.34,4414.34,26,CLEARED_>=20s,1.0,0.0,0.0,0.0,0.0,0.0,0.0,PASS_<20%,0.00,0.0,NO,STANDBY_VEL_LOW,0,0.00,4590.00,78.36,FALSE,M1_DIRECTION_MISMATCH
2026-09-07 15:43:26.941,1788795806.941,8482,54,413,4414.34,4414.42,8.0,PASS_<=10c,+0.0,FLAT,+0.0,+0.0,4.2,+0.00,0.00,SLOW,4414.34,4414.34,4414.34,4414.34,0.00,0.00,0.0,BULLISH,0.0,4414.34,4414.34,4414.34,4414.34,26,CLEARED_>=20s,1.0,0.0,0.0,0.0,0.0,0.0,0.0,PASS_<20%,0.00,0.0,NO,STANDBY_VEL_LOW,0,0.00,4590.00,78.36,FALSE,M1_DIRECTION_MISMATCH
2026-09-07 15:43:27.443,1788795807.443,8483,55,414,4414.34,4414.42,8.0,PASS_<=10c,+0.0,FLAT,+0.0,+0.0,4.2,+0.00,0.00,SLOW,4414.34,4414.34,4414.34,4414.34,0.00,0.00,0.0,BULLISH,0.0,4414.34,4414.34,4414.34,4414.34,27,CLEARED_>=20s,1.0,0.0,0.0,0.0,0.0,0.0,0.0,PASS_<20%,0.00,0.0,NO,STANDBY_VEL_LOW,0,0.00,4590.00,78.36,FALSE,M1_DIRECTION_MISMATCH
2026-09-07 15:43:27.945,1788795807.945,8484,56,415,4414.34,4414.42,8.0,PASS_<=10c,+0.0,FLAT,+0.0,+0.0,4.2,+0.00,0.00,SLOW,4414.34,4414.34,4414.34,4414.34,0.00,0.00,0.0,BULLISH,0.0,4414.34,4414.34,4414.34,4414.34,27,CLEARED_>=20s,1.0,0.0,0.0,0.0,0.0,0.0,0.0,PASS_<20%,0.00,0.0,NO,STANDBY_VEL_LOW,0,0.00,4590.00,78.36,FALSE,M1_DIRECTION_MISMATCH
2026-09-07 15:43:28.445,1788795808.446,8485,57,416,4414.34,4414.42,8.0,PASS_<=10c,+0.0,FLAT,+0.0,+0.0,4.2,+0.00,0.00,SLOW,4414.34,4414.34,4414.34,4414.34,0.00,0.00,0.0,BULLISH,0.0,4414.34,4414.34,4414.34,4414.34,28,CLEARED_>=20s,1.0,0.0,0.0,0.0,0.0,0.0,0.0,PASS_<20%,0.00,0.0,NO,STANDBY_VEL_LOW,0,0.00,4590.00,78.36,FALSE,M1_DIRECTION_MISMATCH
2026-09-07 15:43:28.948,1788795808.949,8486,58,417,4414.34,4414.42,8.0,PASS_<=10c,+0.0,FLAT,+0.0,+0.0,4.2,+0.00,0.00,SLOW,4414.34,4414.34,4414.34,4414.34,0.00,0.00,0.0,BULLISH,0.0,4414.34,4414.34,4414.34,4414.34,28,CLEARED_>=20s,1.0,0.0,0.0,0.0,0.0,0.0,0.0,PASS_<20%,0.00,0.0,NO,STANDBY_VEL_LOW,0,0.00,4590.00,78.36,FALSE,M1_DIRECTION_MISMATCH
2026-09-07 15:43:29.448,1788795809.449,8487,59,418,4414.34,4414.42,8.0,PASS_<=10c,+0.0,FLAT,+0.0,+0.0,4.2,+0.00,0.00,SLOW,4414.34,4414.34,4414.34,4414.34,0.00,0.00,0.0,BULLISH,0.0,4414.34,4414.34,4414.34,4414.34,29,CLEARED_>=20s,1.0,0.0,0.0,0.0,0.0,0.0,0.0,PASS_<20%,0.00,0.0,NO,STANDBY_VEL_LOW,0,0.00,4590.00,78.36,FALSE,M1_DIRECTION_MISMATCH
2026-09-07 15:43:29.950,1788795809.951,8488,60,419,4414.34,4414.42,8.0,PASS_<=10c,+0.0,FLAT,+0.0,+0.0,4.2,+0.00,0.00,SLOW,4414.34,4414.34,4414.34,4414.34,0.00,0.00,0.0,BULLISH,0.0,4414.34,4414.34,4414.34,4414.34,29,CLEARED_>=20s,1.0,0.0,0.0,0.0,0.0,0.0,0.0,PASS_<20%,0.00,0.0,NO,STANDBY_VEL_LOW,0,0.00,4590.00,78.36,FALSE,M1_DIRECTION_MISMATCH
2026-09-07 15:43:30.451,1788795810.452,8489,61,420,4414.34,4414.42,8.0,PASS_<=10c,+0.0,FLAT,+0.0,+0.0,4.2,+0.00,0.00,SLOW,4414.34,4414.34,4414.34,4414.34,0.00,0.00,0.0,BULLISH,0.0,4414.34,4414.34,4414.34,4414.34,30,CLEARED_>=20s,1.0,0.0,0.0,0.0,0.0,0.0,0.0,PASS_<20%,0.00,0.0,NO,STANDBY_VEL_LOW,0,0.00,4590.00,78.36,FALSE,M1_DIRECTION_MISMATCH
2026-09-07 15:43:30.953,1788795810.954,8490,62,421,4414.34,4414.42,8.0,PASS_<=10c,+0.0,FLAT,+0.0,+0.0,4.2,+0.00,0.00,SLOW,4414.34,4414.34,4414.34,4414.34,0.00,0.00,0.0,BULLISH,0.0,4414.34,4414.34,4414.34,4414.34,30,CLEARED_>=20s,1.0,0.0,0.0,0.0,0.0,0.0,0.0,PASS_<20%,0.00,0.0,NO,STANDBY_VEL_LOW,0,0.00,4590.00,78.36,FALSE,M1_DIRECTION_MISMATCH
2026-09-07 15:43:31.454,1788795811.455,8491,63,422,4414.34,4414.42,8.0,PASS_<=10c,+0.0,FLAT,+0.0,+0.0,4.2,+0.00,0.00,SLOW,4414.34,4414.34,4414.34,4414.34,0.00,0.00,0.0,BULLISH,0.0,4414.34,4414.34,4414.34,4414.34,31,CLEARED_>=20s,1.0,0.0,0.0,0.0,0.0,0.0,0.0,PASS_<20%,0.00,0.0,NO,STANDBY_VEL_LOW,0,0.00,4590.00,78.36,FALSE,M1_DIRECTION_MISMATCH
2026-09-07 15:43:31.956,1788795811.957,8492,64,423,4414.34,4414.42,8.0,PASS_<=10c,+0.0,FLAT,+0.0,+0.0,4.2,+0.00,0.00,SLOW,4414.34,4414.34,4414.34,4414.34,0.00,0.00,0.0,BULLISH,0.0,4414.34,4414.34,4414.34,4414.34,31,CLEARED_>=20s,1.0,0.0,0.0,0.0,0.0,0.0,0.0,PASS_<20%,0.00,0.0,NO,STANDBY_VEL_LOW,0,0.00,4590.00,78.36,FALSE,M1_DIRECTION_MISMATCH
2026-09-07 15:43:32.458,1788795812.459,8493,65,424,4414.34,4414.42,8.0,PASS_<=10c,+0.0,FLAT,+0.0,+0.0,4.2,+0.00,0.00,SLOW,4414.34,4414.34,4414.34,4414.34,0.00,0.00,0.0,BULLISH,0.0,4414.34,4414.34,4414.34,4414.34,32,CLEARED_>=20s,1.0,0.0,0.0,0.0,0.0,0.0,0.0,PASS_<20%,0.00,0.0,NO,STANDBY_VEL_LOW,0,0.00,4590.00,78.36,FALSE,M1_DIRECTION_MISMATCH
2026-09-07 15:43:32.959,1788795812.960,8494,66,425,4414.34,4414.42,8.0,PASS_<=10c,+0.0,FLAT,+0.0,+0.0,4.2,+0.00,0.00,SLOW,4414.34,4414.34,4414.34,4414.34,0.00,0.00,0.0,BULLISH,0.0,4414.34,4414.34,4414.34,4414.34,32,CLEARED_>=20s,1.0,0.0,0.0,0.0,0.0,0.0,0.0,PASS_<20%,0.00,0.0,NO,STANDBY_VEL_LOW,0,0.00,4590.00,78.36,FALSE,M1_DIRECTION_MISMATCH
2026-09-07 15:43:33.462,1788795813.463,8495,67,426,4414.34,4414.42,8.0,PASS_<=10c,+0.0,FLAT,+0.0,+0.0,4.2,+0.00,0.00,SLOW,4414.34,4414.34,4414.34,4414.34,0.00,0.00,0.0,BULLISH,0.0,4414.34,4414.34,4414.34,4414.34,33,CLEARED_>=20s,1.0,0.0,0.0,0.0,0.0,0.0,0.0,PASS_<20%,0.00,0.0,NO,STANDBY_VEL_LOW,0,0.00,4590.00,78.36,FALSE,M1_DIRECTION_MISMATCH
2026-09-07 15:43:33.964,1788795813.965,8496,68,427,4414.34,4414.42,8.0,PASS_<=10c,+0.0,FLAT,+0.0,+0.0,4.2,+0.00,0.00,SLOW,4414.34,4414.34,4414.34,4414.34,0.00,0.00,0.0,BULLISH,0.0,4414.34,4414.34,4414.34,4414.34,33,CLEARED_>=20s,1.0,0.0,0.0,0.0,0.0,0.0,0.0,PASS_<20%,0.00,0.0,NO,STANDBY_VEL_LOW,0,0.00,4590.00,78.36,FALSE,M1_DIRECTION_MISMATCH
2026-09-07 15:43:34.466,1788795814.467,8497,69,428,4414.34,4414.42,8.0,PASS_<=10c,+0.0,FLAT,+0.0,+0.0,4.2,+0.00,0.00,SLOW,4414.34,4414.34,4414.34,4414.34,0.00,0.00,0.0,BULLISH,0.0,4414.34,4414.34,4414.34,4414.34,34,CLEARED_>=20s,1.0,0.0,0.0,0.0,0.0,0.0,0.0,PASS_<20%,0.00,0.0,NO,STANDBY_VEL_LOW,0,0.00,4590.00,78.36,FALSE,M1_DIRECTION_MISMATCH
2026-09-07 15:43:34.968,1788795814.969,8498,70,429,4414.34,4414.42,8.0,PASS_<=10c,+0.0,FLAT,+0.0,+0.0,4.2,+0.00,0.00,SLOW,4414.34,4414.34,4414.34,4414.34,0.00,0.00,0.0,BULLISH,0.0,4414.34,4414.34,4414.34,4414.34,34,CLEARED_>=20s,1.0,0.0,0.0,0.0,0.0,0.0,0.0,PASS_<20%,0.00,0.0,NO,STANDBY_VEL_LOW,0,0.00,4590.00,78.36,FALSE,M1_DIRECTION_MISMATCH
2026-09-07 15:43:35.470,1788795815.471,8499,71,430,4414.34,4414.42,8.0,PASS_<=10c,+0.0,FLAT,+0.0,+0.0,4.2,+0.00,0.00,SLOW,4414.34,4414.34,4414.34,4414.34,0.00,0.00,0.0,BULLISH,0.0,4414.34,4414.34,4414.34,4414.34,35,CLEARED_>=20s,1.0,0.0,0.0,0.0,0.0,0.0,0.0,PASS_<20%,0.00,0.0,NO,STANDBY_VEL_LOW,0,0.00,4590.00,78.36,FALSE,M1_DIRECTION_MISMATCH
2026-09-07 15:43:35.973,1788795815.973,8500,72,431,4414.34,4414.42,8.0,PASS_<=10c,+0.0,FLAT,+0.0,+0.0,4.2,+0.00,0.00,SLOW,4414.34,4414.34,4414.34,4414.34,0.00,0.00,0.0,BULLISH,0.0,4414.34,4414.34,4414.34,4414.34,35,CLEARED_>=20s,1.0,0.0,0.0,0.0,0.0,0.0,0.0,PASS_<20%,0.00,0.0,NO,STANDBY_VEL_LOW,0,0.00,4590.00,78.36,FALSE,M1_DIRECTION_MISMATCH
2026-09-07 15:43:36.474,1788795816.475,8501,73,432,4414.34,4414.42,8.0,PASS_<=10c,+0.0,FLAT,+0.0,+0.0,4.2,+0.00,0.00,SLOW,4414.34,4414.34,4414.34,4414.34,0.00,0.00,0.0,BULLISH,0.0,4414.34,4414.34,4414.34,4414.34,36,CLEARED_>=20s,1.0,0.0,0.0,0.0,0.0,0.0,0.0,PASS_<20%,0.00,0.0,NO,STANDBY_VEL_LOW,0,0.00,4590.00,78.36,FALSE,M1_DIRECTION_MISMATCH
2026-09-07 15:43:36.975,1788795816.976,8502,74,433,4414.34,4414.42,8.0,PASS_<=10c,+0.0,FLAT,+0.0,+0.0,4.2,+0.00,0.00,SLOW,4414.34,4414.34,4414.34,4414.34,0.00,0.00,0.0,BULLISH,0.0,4414.34,4414.34,4414.34,4414.34,36,CLEARED_>=20s,1.0,0.0,0.0,0.0,0.0,0.0,0.0,PASS_<20%,0.00,0.0,NO,STANDBY_VEL_LOW,0,0.00,4590.00,78.36,FALSE,M1_DIRECTION_MISMATCH
2026-09-07 15:43:37.477,1788795817.478,8503,75,434,4414.34,4414.42,8.0,PASS_<=10c,+0.0,FLAT,+0.0,+0.0,4.2,+0.00,0.00,SLOW,4414.34,4414.34,4414.34,4414.34,0.00,0.00,0.0,BULLISH,0.0,4414.34,4414.34,4414.34,4414.34,37,CLEARED_>=20s,1.0,0.0,0.0,0.0,0.0,0.0,0.0,PASS_<20%,0.00,0.0,NO,STANDBY_VEL_LOW,0,0.00,4590.00,78.36,FALSE,M1_DIRECTION_MISMATCH
2026-09-07 15:43:37.979,1788795817.979,8504,76,435,4414.34,4414.42,8.0,PASS_<=10c,+0.0,FLAT,+0.0,+0.0,4.2,+0.00,0.00,SLOW,4414.34,4414.34,4414.34,4414.34,0.00,0.00,0.0,BULLISH,0.0,4414.34,4414.34,4414.34,4414.34,37,CLEARED_>=20s,1.0,0.0,0.0,0.0,0.0,0.0,0.0,PASS_<20%,0.00,0.0,NO,STANDBY_VEL_LOW,0,0.00,4590.00,78.36,FALSE,M1_DIRECTION_MISMATCH
2026-09-07 15:43:38.480,1788795818.481,8505,77,436,4414.34,4414.42,8.0,PASS_<=10c,+0.0,FLAT,+0.0,+0.0,4.2,+0.00,0.00,SLOW,4414.34,4414.34,4414.34,4414.34,0.00,0.00,0.0,BULLISH,0.0,4414.34,4414.34,4414.34,4414.34,38,CLEARED_>=20s,1.0,0.0,0.0,0.0,0.0,0.0,0.0,PASS_<20%,0.00,0.0,NO,STANDBY_VEL_LOW,0,0.00,4590.00,78.36,FALSE,M1_DIRECTION_MISMATCH
2026-09-07 15:43:38.982,1788795818.982,8506,78,437,4414.34,4414.42,8.0,PASS_<=10c,+0.0,FLAT,+0.0,+0.0,4.2,+0.00,0.00,SLOW,4414.34,4414.34,4414.34,4414.34,0.00,0.00,0.0,BULLISH,0.0,4414.34,4414.34,4414.34,4414.34,38,CLEARED_>=20s,1.0,0.0,0.0,0.0,0.0,0.0,0.0,PASS_<20%,0.00,0.0,NO,STANDBY_VEL_LOW,0,0.00,4590.00,78.36,FALSE,M1_DIRECTION_MISMATCH
2026-09-07 15:43:39.483,1788795819.484,8507,79,438,4414.34,4414.42,8.0,PASS_<=10c,+0.0,FLAT,+0.0,+0.0,4.2,+0.00,0.00,SLOW,4414.34,4414.34,4414.34,4414.34,0.00,0.00,0.0,BULLISH,0.0,4414.34,4414.34,4414.34,4414.34,39,CLEARED_>=20s,1.0,0.0,0.0,0.0,0.0,0.0,0.0,PASS_<20%,0.00,0.0,NO,STANDBY_VEL_LOW,0,0.00,4590.00,78.36,FALSE,M1_DIRECTION_MISMATCH
2026-09-07 15:43:39.984,1788795819.985,8508,80,439,4414.34,4414.42,8.0,PASS_<=10c,+0.0,FLAT,+0.0,+0.0,4.2,+0.00,0.00,SLOW,4414.34,4414.34,4414.34,4414.34,0.00,0.00,0.0,BULLISH,0.0,4414.34,4414.34,4414.34,4414.34,39,CLEARED_>=20s,1.0,0.0,0.0,0.0,0.0,0.0,0.0,PASS_<20%,0.00,0.0,NO,STANDBY_VEL_LOW,0,0.00,4590.00,78.36,FALSE,M1_DIRECTION_MISMATCH
2026-09-07 15:43:40.487,1788795820.488,8509,81,440,4414.34,4414.42,8.0,PASS_<=10c,+0.0,FLAT,+0.0,+0.0,4.2,+0.00,0.00,SLOW,4414.34,4414.34,4414.34,4414.34,0.00,0.00,0.0,BULLISH,0.0,4414.34,4414.34,4414.34,4414.34,40,CLEARED_>=20s,1.0,0.0,0.0,0.0,0.0,0.0,0.0,PASS_<20%,0.00,0.0,NO,STANDBY_VEL_LOW,0,0.00,4590.00,78.36,FALSE,M1_DIRECTION_MISMATCH
2026-09-07 15:43:40.989,1788795820.990,8510,82,441,4414.34,4414.42,8.0,PASS_<=10c,+0.0,FLAT,+0.0,+0.0,4.2,+0.00,0.00,SLOW,4414.34,4414.34,4414.34,4414.34,0.00,0.00,0.0,BULLISH,0.0,4414.34,4414.34,4414.34,4414.34,40,CLEARED_>=20s,1.0,0.0,0.0,0.0,0.0,0.0,0.0,PASS_<20%,0.00,0.0,NO,STANDBY_VEL_LOW,0,0.00,4590.00,78.36,FALSE,M1_DIRECTION_MISMATCH
2026-09-07 15:43:41.491,1788795821.492,8511,83,442,4414.34,4414.42,8.0,PASS_<=10c,+0.0,FLAT,+0.0,+0.0,4.2,+0.00,0.00,SLOW,4414.34,4414.34,4414.34,4414.34,0.00,0.00,0.0,BULLISH,0.0,4414.34,4414.34,4414.34,4414.34,41,CLEARED_>=20s,1.0,0.0,0.0,0.0,0.0,0.0,0.0,PASS_<20%,0.00,0.0,NO,STANDBY_VEL_LOW,0,0.00,4590.00,78.36,FALSE,M1_DIRECTION_MISMATCH
2026-09-07 15:43:41.993,1788795821.994,8512,84,443,4414.34,4414.42,8.0,PASS_<=10c,+0.0,FLAT,+0.0,+0.0,4.2,+0.00,0.00,SLOW,4414.34,4414.34,4414.34,4414.34,0.00,0.00,0.0,BULLISH,0.0,4414.34,4414.34,4414.34,4414.34,41,CLEARED_>=20s,1.0,0.0,0.0,0.0,0.0,0.0,0.0,PASS_<20%,0.00,0.0,NO,STANDBY_VEL_LOW,0,0.00,4590.00,78.36,FALSE,M1_DIRECTION_MISMATCH
2026-09-07 15:43:42.495,1788795822.495,8513,85,444,4414.34,4414.42,8.0,PASS_<=10c,+0.0,FLAT,+0.0,+0.0,4.2,+0.00,0.00,SLOW,4414.34,4414.34,4414.34,4414.34,0.00,0.00,0.0,BULLISH,0.0,4414.34,4414.34,4414.34,4414.34,42,CLEARED_>=20s,1.0,0.0,0.0,0.0,0.0,0.0,0.0,PASS_<20%,0.00,0.0,NO,STANDBY_VEL_LOW,0,0.00,4590.00,78.36,FALSE,M1_DIRECTION_MISMATCH
2026-09-07 15:43:42.995,1788795822.996,8514,86,445,4414.34,4414.42,8.0,PASS_<=10c,+0.0,FLAT,+0.0,+0.0,4.2,+0.00,0.00,SLOW,4414.34,4414.34,4414.34,4414.34,0.00,0.00,0.0,BULLISH,0.0,4414.34,4414.34,4414.34,4414.34,42,CLEARED_>=20s,1.0,0.0,0.0,0.0,0.0,0.0,0.0,PASS_<20%,0.00,0.0,NO,STANDBY_VEL_LOW,0,0.00,4590.00,78.36,FALSE,M1_DIRECTION_MISMATCH
2026-09-07 15:43:43.499,1788795823.499,8515,87,446,4414.34,4414.42,8.0,PASS_<=10c,+0.0,FLAT,+0.0,+0.0,4.2,+0.00,0.00,SLOW,4414.34,4414.34,4414.34,4414.34,0.00,0.00,0.0,BULLISH,0.0,4414.34,4414.34,4414.34,4414.34,43,CLEARED_>=20s,1.0,0.0,0.0,0.0,0.0,0.0,0.0,PASS_<20%,0.00,0.0,NO,STANDBY_VEL_LOW,0,0.00,4590.00,78.36,FALSE,M1_DIRECTION_MISMATCH
2026-09-07 15:43:44.000,1788795824.001,8516,88,447,4414.34,4414.42,8.0,PASS_<=10c,+0.0,FLAT,+0.0,+0.0,4.2,+0.00,0.00,SLOW,4414.34,4414.34,4414.34,4414.34,0.00,0.00,0.0,BULLISH,0.0,4414.34,4414.34,4414.34,4414.34,44,CLEARED_>=20s,1.0,0.0,0.0,0.0,0.0,0.0,0.0,PASS_<20%,0.00,0.0,NO,STANDBY_VEL_LOW,0,0.00,4590.00,78.36,FALSE,M1_DIRECTION_MISMATCH
2026-09-07 15:43:44.501,1788795824.502,8517,89,448,4414.34,4414.42,8.0,PASS_<=10c,+0.0,FLAT,+0.0,+0.0,4.2,+0.00,0.00,SLOW,4414.34,4414.34,4414.34,4414.34,0.00,0.00,0.0,BULLISH,0.0,4414.34,4414.34,4414.34,4414.34,44,CLEARED_>=20s,1.0,0.0,0.0,0.0,0.0,0.0,0.0,PASS_<20%,0.00,0.0,NO,STANDBY_VEL_LOW,0,0.00,4590.00,78.36,FALSE,M1_DIRECTION_MISMATCH
2026-09-07 15:43:45.002,1788795825.003,8518,90,449,4414.34,4414.42,8.0,PASS_<=10c,+0.0,FLAT,+0.0,+0.0,4.2,+0.00,0.00,SLOW,4414.34,4414.34,4414.34,4414.34,0.00,0.00,0.0,BULLISH,0.0,4414.34,4414.34,4414.34,4414.34,45,CLEARED_>=20s,1.0,0.0,0.0,0.0,0.0,0.0,0.0,PASS_<20%,0.00,0.0,NO,STANDBY_VEL_LOW,0,0.00,4590.00,78.36,FALSE,M1_DIRECTION_MISMATCH
2026-09-07 15:43:45.505,1788795825.505,8519,91,450,4414.34,4414.42,8.0,PASS_<=10c,+0.0,FLAT,+0.0,+0.0,4.2,+0.00,0.00,SLOW,4414.34,4414.34,4414.34,4414.34,0.00,0.00,0.0,BULLISH,0.0,4414.34,4414.34,4414.34,4414.34,45,CLEARED_>=20s,1.0,0.0,0.0,0.0,0.0,0.0,0.0,PASS_<20%,0.00,0.0,NO,STANDBY_VEL_LOW,0,0.00,4590.00,78.36,FALSE,M1_DIRECTION_MISMATCH
2026-09-07 15:43:46.006,1788795826.007,8520,92,451,4414.34,4414.42,8.0,PASS_<=10c,+0.0,FLAT,+0.0,+0.0,4.2,+0.00,0.00,SLOW,4414.34,4414.34,4414.34,4414.34,0.00,0.00,0.0,BULLISH,0.0,4414.34,4414.34,4414.34,4414.34,46,CLEARED_>=20s,1.0,0.0,0.0,0.0,0.0,0.0,0.0,PASS_<20%,0.00,0.0,NO,STANDBY_VEL_LOW,0,0.00,4590.00,78.36,FALSE,M1_DIRECTION_MISMATCH
2026-09-07 15:43:46.509,1788795826.509,8521,93,452,4414.34,4414.42,8.0,PASS_<=10c,+0.0,FLAT,+0.0,+0.0,4.2,+0.00,0.00,SLOW,4414.34,4414.34,4414.34,4414.34,0.00,0.00,0.0,BULLISH,0.0,4414.34,4414.34,4414.34,4414.34,46,CLEARED_>=20s,1.0,0.0,0.0,0.0,0.0,0.0,0.0,PASS_<20%,0.00,0.0,NO,STANDBY_VEL_LOW,0,0.00,4590.00,78.36,FALSE,M1_DIRECTION_MISMATCH
2026-09-07 15:43:47.011,1788795827.012,8522,94,453,4414.34,4414.42,8.0,PASS_<=10c,+0.0,FLAT,+0.0,+0.0,4.2,+0.00,0.00,SLOW,4414.34,4414.34,4414.34,4414.34,0.00,0.00,0.0,BULLISH,0.0,4414.34,4414.34,4414.34,4414.34,47,CLEARED_>=20s,1.0,0.0,0.0,0.0,0.0,0.0,0.0,PASS_<20%,0.00,0.0,NO,STANDBY_VEL_LOW,0,0.00,4590.00,78.36,FALSE,M1_DIRECTION_MISMATCH
2026-09-07 15:43:47.512,1788795827.513,8523,95,454,4414.34,4414.42,8.0,PASS_<=10c,+0.0,FLAT,+0.0,+0.0,4.2,+0.00,0.00,SLOW,4414.34,4414.34,4414.34,4414.34,0.00,0.00,0.0,BULLISH,0.0,4414.34,4414.34,4414.34,4414.34,47,CLEARED_>=20s,1.0,0.0,0.0,0.0,0.0,0.0,0.0,PASS_<20%,0.00,0.0,NO,STANDBY_VEL_LOW,0,0.00,4590.00,78.36,FALSE,M1_DIRECTION_MISMATCH
2026-09-07 15:43:48.013,1788795828.014,8524,96,455,4414.34,4414.42,8.0,PASS_<=10c,+0.0,FLAT,+0.0,+0.0,4.2,+0.00,0.00,SLOW,4414.34,4414.34,4414.34,4414.34,0.00,0.00,0.0,BULLISH,0.0,4414.34,4414.34,4414.34,4414.34,48,CLEARED_>=20s,1.0,0.0,0.0,0.0,0.0,0.0,0.0,PASS_<20%,0.00,0.0,NO,STANDBY_VEL_LOW,0,0.00,4590.00,78.36,FALSE,M1_DIRECTION_MISMATCH
2026-09-07 15:43:48.515,1788795828.516,8525,97,456,4414.34,4414.42,8.0,PASS_<=10c,+0.0,FLAT,+0.0,+0.0,4.2,+0.00,0.00,SLOW,4414.34,4414.34,4414.34,4414.34,0.00,0.00,0.0,BULLISH,0.0,4414.34,4414.34,4414.34,4414.34,48,CLEARED_>=20s,1.0,0.0,0.0,0.0,0.0,0.0,0.0,PASS_<20%,0.00,0.0,NO,STANDBY_VEL_LOW,0,0.00,4590.00,78.36,FALSE,M1_DIRECTION_MISMATCH
2026-09-07 15:43:49.018,1788795829.018,8526,98,457,4414.34,4414.42,8.0,PASS_<=10c,+0.0,FLAT,+0.0,+0.0,4.2,+0.00,0.00,SLOW,4414.34,4414.34,4414.34,4414.34,0.00,0.00,0.0,BULLISH,0.0,4414.34,4414.34,4414.34,4414.34,49,CLEARED_>=20s,1.0,0.0,0.0,0.0,0.0,0.0,0.0,PASS_<20%,0.00,0.0,NO,STANDBY_VEL_LOW,0,0.00,4590.00,78.36,FALSE,M1_DIRECTION_MISMATCH
2026-09-07 15:43:49.519,1788795829.519,8527,99,458,4414.34,4414.42,8.0,PASS_<=10c,+0.0,FLAT,+0.0,+0.0,4.2,+0.00,0.00,SLOW,4414.34,4414.34,4414.34,4414.34,0.00,0.00,0.0,BULLISH,0.0,4414.34,4414.34,4414.34,4414.34,49,CLEARED_>=20s,1.0,0.0,0.0,0.0,0.0,0.0,0.0,PASS_<20%,0.00,0.0,NO,STANDBY_VEL_LOW,0,0.00,4590.00,78.36,FALSE,M1_DIRECTION_MISMATCH
2026-09-07 15:43:50.020,1788795830.021,8528,100,459,4414.34,4414.42,8.0,PASS_<=10c,+0.0,FLAT,+0.0,+0.0,4.2,+0.00,0.00,SLOW,4414.34,4414.34,4414.34,4414.34,0.00,0.00,0.0,BULLISH,0.0,4414.34,4414.34,4414.34,4414.34,50,CLEARED_>=20s,1.0,0.0,0.0,0.0,0.0,0.0,0.0,PASS_<20%,0.00,0.0,NO,STANDBY_VEL_LOW,0,0.00,4590.00,78.36,FALSE,M1_DIRECTION_MISMATCH
2026-09-07 15:43:50.522,1788795830.522,8529,101,460,4414.34,4414.42,8.0,PASS_<=10c,+0.0,FLAT,+0.0,+0.0,4.2,+0.00,0.00,SLOW,4414.34,4414.34,4414.34,4414.34,0.00,0.00,0.0,BULLISH,0.0,4414.34,4414.34,4414.34,4414.34,50,CLEARED_>=20s,1.0,0.0,0.0,0.0,0.0,0.0,0.0,PASS_<20%,0.00,0.0,NO,STANDBY_VEL_LOW,0,0.00,4590.00,78.36,FALSE,M1_DIRECTION_MISMATCH
2026-09-07 15:43:51.024,1788795831.025,8530,102,461,4414.34,4414.42,8.0,PASS_<=10c,+0.0,FLAT,+0.0,+0.0,4.2,+0.00,0.00,SLOW,4414.34,4414.34,4414.34,4414.34,0.00,0.00,0.0,BULLISH,0.0,4414.34,4414.34,4414.34,4414.34,51,CLEARED_>=20s,1.0,0.0,0.0,0.0,0.0,0.0,0.0,PASS_<20%,0.00,0.0,NO,STANDBY_VEL_LOW,0,0.00,4590.00,78.36,FALSE,M1_DIRECTION_MISMATCH
2026-09-07 15:43:51.526,1788795831.526,8531,103,462,4414.34,4414.42,8.0,PASS_<=10c,+0.0,FLAT,+0.0,+0.0,4.2,+0.00,0.00,SLOW,4414.34,4414.34,4414.34,4414.34,0.00,0.00,0.0,BULLISH,0.0,4414.34,4414.34,4414.34,4414.34,51,CLEARED_>=20s,1.0,0.0,0.0,0.0,0.0,0.0,0.0,PASS_<20%,0.00,0.0,NO,STANDBY_VEL_LOW,0,0.00,4590.00,78.36,FALSE,M1_DIRECTION_MISMATCH
2026-09-07 15:43:52.028,1788795832.028,8532,104,463,4414.34,4414.42,8.0,PASS_<=10c,+0.0,FLAT,+0.0,+0.0,4.2,+0.00,0.00,SLOW,4414.34,4414.34,4414.34,4414.34,0.00,0.00,0.0,BULLISH,0.0,4414.34,4414.34,4414.34,4414.34,52,CLEARED_>=20s,1.0,0.0,0.0,0.0,0.0,0.0,0.0,PASS_<20%,0.00,0.0,NO,STANDBY_VEL_LOW,0,0.00,4590.00,78.36,FALSE,M1_DIRECTION_MISMATCH
2026-09-07 15:43:52.529,1788795832.530,8533,105,464,4414.34,4414.42,8.0,PASS_<=10c,+0.0,FLAT,+0.0,+0.0,4.2,+0.00,0.00,SLOW,4414.34,4414.34,4414.34,4414.34,0.00,0.00,0.0,BULLISH,0.0,4414.34,4414.34,4414.34,4414.34,52,CLEARED_>=20s,1.0,0.0,0.0,0.0,0.0,0.0,0.0,PASS_<20%,0.00,0.0,NO,STANDBY_VEL_LOW,0,0.00,4590.00,78.36,FALSE,M1_DIRECTION_MISMATCH
2026-09-07 15:43:53.031,1788795833.032,8534,106,465,4414.34,4414.42,8.0,PASS_<=10c,+0.0,FLAT,+0.0,+0.0,4.2,+0.00,0.00,SLOW,4414.34,4414.34,4414.34,4414.34,0.00,0.00,0.0,BULLISH,0.0,4414.34,4414.34,4414.34,4414.34,53,CLEARED_>=20s,1.0,0.0,0.0,0.0,0.0,0.0,0.0,PASS_<20%,0.00,0.0,NO,STANDBY_VEL_LOW,0,0.00,4590.00,78.36,FALSE,M1_DIRECTION_MISMATCH
2026-09-07 15:43:53.533,1788795833.533,8535,107,466,4414.34,4414.42,8.0,PASS_<=10c,+0.0,FLAT,+0.0,+0.0,4.2,+0.00,0.00,SLOW,4414.34,4414.34,4414.34,4414.34,0.00,0.00,0.0,BULLISH,0.0,4414.34,4414.34,4414.34,4414.34,53,CLEARED_>=20s,1.0,0.0,0.0,0.0,0.0,0.0,0.0,PASS_<20%,0.00,0.0,NO,STANDBY_VEL_LOW,0,0.00,4590.00,78.36,FALSE,M1_DIRECTION_MISMATCH
2026-09-07 15:43:54.035,1788795834.035,8536,108,467,4414.34,4414.42,8.0,PASS_<=10c,+0.0,FLAT,+0.0,+0.0,4.2,+0.00,0.00,SLOW,4414.34,4414.34,4414.34,4414.34,0.00,0.00,0.0,BULLISH,0.0,4414.34,4414.34,4414.34,4414.34,54,CLEARED_>=20s,1.0,0.0,0.0,0.0,0.0,0.0,0.0,PASS_<20%,0.00,0.0,NO,STANDBY_VEL_LOW,0,0.00,4590.00,78.36,FALSE,M1_DIRECTION_MISMATCH
2026-09-07 15:43:54.537,1788795834.537,8537,109,468,4414.34,4414.42,8.0,PASS_<=10c,+0.0,FLAT,+0.0,+0.0,4.2,+0.00,0.00,SLOW,4414.34,4414.34,4414.34,4414.34,0.00,0.00,0.0,BULLISH,0.0,4414.34,4414.34,4414.34,4414.34,54,CLEARED_>=20s,1.0,0.0,0.0,0.0,0.0,0.0,0.0,PASS_<20%,0.00,0.0,NO,STANDBY_VEL_LOW,0,0.00,4590.00,78.36,FALSE,M1_DIRECTION_MISMATCH
2026-09-07 15:43:55.039,1788795835.039,8538,110,469,4414.34,4414.42,8.0,PASS_<=10c,+0.0,FLAT,+0.0,+0.0,4.2,+0.00,0.00,SLOW,4414.34,4414.34,4414.34,4414.34,0.00,0.00,0.0,BULLISH,0.0,4414.34,4414.34,4414.34,4414.34,55,CLEARED_>=20s,1.0,0.0,0.0,0.0,0.0,0.0,0.0,PASS_<20%,0.00,0.0,NO,STANDBY_VEL_LOW,0,0.00,4590.00,78.36,FALSE,M1_DIRECTION_MISMATCH
2026-09-07 15:43:55.541,1788795835.541,8539,111,470,4414.34,4414.42,8.0,PASS_<=10c,+0.0,FLAT,+0.0,+0.0,4.2,+0.00,0.00,SLOW,4414.34,4414.34,4414.34,4414.34,0.00,0.00,0.0,BULLISH,0.0,4414.34,4414.34,4414.34,4414.34,55,CLEARED_>=20s,1.0,0.0,0.0,0.0,0.0,0.0,0.0,PASS_<20%,0.00,0.0,NO,STANDBY_VEL_LOW,0,0.00,4590.00,78.36,FALSE,M1_DIRECTION_MISMATCH
2026-09-07 15:43:56.042,1788795836.043,8540,112,471,4414.34,4414.42,8.0,PASS_<=10c,+0.0,FLAT,+0.0,+0.0,4.2,+0.00,0.00,SLOW,4414.34,4414.34,4414.34,4414.34,0.00,0.00,0.0,BULLISH,0.0,4414.34,4414.34,4414.34,4414.34,56,CLEARED_>=20s,1.0,0.0,0.0,0.0,0.0,0.0,0.0,PASS_<20%,0.00,0.0,NO,STANDBY_VEL_LOW,0,0.00,4590.00,78.36,FALSE,M1_DIRECTION_MISMATCH
2026-09-07 15:43:56.544,1788795836.544,8541,113,472,4414.34,4414.42,8.0,PASS_<=10c,+0.0,FLAT,+0.0,+0.0,4.2,+0.00,0.00,SLOW,4414.34,4414.34,4414.34,4414.34,0.00,0.00,0.0,BULLISH,0.0,4414.34,4414.34,4414.34,4414.34,56,CLEARED_>=20s,1.0,0.0,0.0,0.0,0.0,0.0,0.0,PASS_<20%,0.00,0.0,NO,STANDBY_VEL_LOW,0,0.00,4590.00,78.36,FALSE,M1_DIRECTION_MISMATCH
2026-09-07 15:43:57.045,1788795837.045,8542,114,473,4414.34,4414.42,8.0,PASS_<=10c,+0.0,FLAT,+0.0,+0.0,4.2,+0.00,0.00,SLOW,4414.34,4414.34,4414.34,4414.34,0.00,0.00,0.0,BULLISH,0.0,4414.34,4414.34,4414.34,4414.34,57,CLEARED_>=20s,1.0,0.0,0.0,0.0,0.0,0.0,0.0,PASS_<20%,0.00,0.0,NO,STANDBY_VEL_LOW,0,0.00,4590.00,78.36,FALSE,M1_DIRECTION_MISMATCH
2026-09-07 15:43:57.546,1788795837.547,8543,115,474,4414.34,4414.42,8.0,PASS_<=10c,+0.0,FLAT,+0.0,+0.0,4.2,+0.00,0.00,SLOW,4414.34,4414.34,4414.34,4414.34,0.00,0.00,0.0,BULLISH,0.0,4414.34,4414.34,4414.34,4414.34,57,CLEARED_>=20s,1.0,0.0,0.0,0.0,0.0,0.0,0.0,PASS_<20%,0.00,0.0,NO,STANDBY_VEL_LOW,0,0.00,4590.00,78.36,FALSE,M1_DIRECTION_MISMATCH
2026-09-07 15:43:58.047,1788795838.048,8544,116,475,4414.34,4414.42,8.0,PASS_<=10c,+0.0,FLAT,+0.0,+0.0,4.2,+0.00,0.00,SLOW,4414.34,4414.34,4414.34,4414.34,0.00,0.00,0.0,BULLISH,0.0,4414.34,4414.34,4414.34,4414.34,58,CLEARED_>=20s,1.0,0.0,0.0,0.0,0.0,0.0,0.0,PASS_<20%,0.00,0.0,NO,STANDBY_VEL_LOW,0,0.00,4590.00,78.36,FALSE,M1_DIRECTION_MISMATCH
2026-09-07 15:43:58.548,1788795838.549,8545,117,476,4414.34,4414.42,8.0,PASS_<=10c,+0.0,FLAT,+0.0,+0.0,4.2,+0.00,0.00,SLOW,4414.34,4414.34,4414.34,4414.34,0.00,0.00,0.0,BULLISH,0.0,4414.34,4414.34,4414.34,4414.34,58,CLEARED_>=20s,1.0,0.0,0.0,0.0,0.0,0.0,0.0,PASS_<20%,0.00,0.0,NO,STANDBY_VEL_LOW,0,0.00,4590.00,78.36,FALSE,M1_DIRECTION_MISMATCH
2026-09-07 15:43:59.051,1788795839.051,8546,118,477,4414.34,4414.42,8.0,PASS_<=10c,+0.0,FLAT,+0.0,+0.0,4.2,+0.00,0.00,SLOW,4414.34,4414.34,4414.34,4414.34,0.00,0.00,0.0,BULLISH,0.0,4414.34,4414.34,4414.34,4414.34,59,CLEARED_>=20s,1.0,0.0,0.0,0.0,0.0,0.0,0.0,PASS_<20%,0.00,0.0,NO,STANDBY_VEL_LOW,0,0.00,4590.00,78.36,FALSE,M1_DIRECTION_MISMATCH
2026-09-07 15:43:59.554,1788795839.554,8547,119,478,4414.34,4414.42,8.0,PASS_<=10c,+0.0,FLAT,+0.0,+0.0,4.2,+0.00,0.00,SLOW,4414.34,4414.34,4414.34,4414.34,0.00,0.00,0.0,BULLISH,0.0,4414.34,4414.34,4414.34,4414.34,59,CLEARED_>=20s,1.0,0.0,0.0,0.0,0.0,0.0,0.0,PASS_<20%,0.00,0.0,NO,STANDBY_VEL_LOW,0,0.00,4590.00,78.36,FALSE,M1_DIRECTION_MISMATCH
2026-09-07 15:44:00.054,1788795840.054,8548,1,479,4414.34,4414.42,8.0,PASS_<=10c,+0.0,FLAT,+0.0,+0.0,4.2,+0.00,0.00,SLOW,4414.34,4414.34,4414.34,4414.34,0.00,0.00,0.0,BULLISH,0.0,4414.34,4414.34,4414.34,4414.34,0,ACTIVE_0s,1.0,0.0,0.0,0.0,0.0,0.0,0.0,PASS_<20%,0.00,0.0,NO,STANDBY_VEL_LOW,0,0.00,4590.00,78.36,FALSE,M1_DIRECTION_MISMATCH|OPENING_SHIELD_ACTIVE_0s
2026-09-07 15:44:00.556,1788795840.557,8549,2,480,4414.34,4414.42,8.0,PASS_<=10c,+0.0,FLAT,+0.0,+0.0,4.2,+0.00,0.00,SLOW,4414.34,4414.34,4414.34,4414.34,0.00,0.00,0.0,BULLISH,0.0,4414.34,4414.34,4414.34,4414.34,0,ACTIVE_0s,1.0,0.0,0.0,0.0,0.0,0.0,0.0,PASS_<20%,0.00,0.0,NO,STANDBY_VEL_LOW,0,0.00,4590.00,78.36,FALSE,M1_DIRECTION_MISMATCH|OPENING_SHIELD_ACTIVE_0s
2026-09-07 15:44:01.061,1788795841.062,8550,3,481,4414.34,4414.42,8.0,PASS_<=10c,+0.0,FLAT,+0.0,+0.0,4.2,+0.00,0.00,SLOW,4414.34,4414.34,4414.34,4414.34,0.00,0.00,0.0,BULLISH,0.0,4414.34,4414.34,4414.34,4414.34,1,ACTIVE_1s,1.0,0.0,0.0,0.0,0.0,0.0,0.0,PASS_<20%,0.00,0.0,NO,STANDBY_VEL_LOW,0,0.00,4590.00,78.36,FALSE,M1_DIRECTION_MISMATCH|OPENING_SHIELD_ACTIVE_1s
2026-09-07 15:44:01.560,1788795841.560,8551,4,482,4414.34,4414.42,8.0,PASS_<=10c,+0.0,FLAT,+0.0,+0.0,4.2,+0.00,0.00,SLOW,4414.34,4414.34,4414.34,4414.34,0.00,0.00,0.0,BULLISH,0.0,4414.34,4414.34,4414.34,4414.34,1,ACTIVE_1s,1.0,0.0,0.0,0.0,0.0,0.0,0.0,PASS_<20%,0.00,0.0,NO,STANDBY_VEL_LOW,0,0.00,4590.00,78.36,FALSE,M1_DIRECTION_MISMATCH|OPENING_SHIELD_ACTIVE_1s
2026-09-07 15:44:02.061,1788795842.062,8552,5,483,4414.34,4414.42,8.0,PASS_<=10c,+0.0,FLAT,+0.0,+0.0,4.2,+0.00,0.00,SLOW,4414.34,4414.34,4414.34,4414.34,0.00,0.00,0.0,BULLISH,0.0,4414.34,4414.34,4414.34,4414.34,2,ACTIVE_2s,1.0,0.0,0.0,0.0,0.0,0.0,0.0,PASS_<20%,0.00,0.0,NO,STANDBY_VEL_LOW,0,0.00,4590.00,78.36,FALSE,M1_DIRECTION_MISMATCH|OPENING_SHIELD_ACTIVE_2s
2026-09-07 15:44:02.563,1788795842.564,8553,6,484,4414.34,4414.42,8.0,PASS_<=10c,+0.0,FLAT,+0.0,+0.0,4.2,+0.00,0.00,SLOW,4414.34,4414.34,4414.34,4414.34,0.00,0.00,0.0,BULLISH,0.0,4414.34,4414.34,4414.34,4414.34,2,ACTIVE_2s,1.0,0.0,0.0,0.0,0.0,0.0,0.0,PASS_<20%,0.00,0.0,NO,STANDBY_VEL_LOW,0,0.00,4590.00,78.36,FALSE,M1_DIRECTION_MISMATCH|OPENING_SHIELD_ACTIVE_2s
2026-09-07 15:44:03.064,1788795843.065,8554,7,485,4414.34,4414.42,8.0,PASS_<=10c,+0.0,FLAT,+0.0,+0.0,4.2,+0.00,0.00,SLOW,4414.34,4414.34,4414.34,4414.34,0.00,0.00,0.0,BULLISH,0.0,4414.34,4414.34,4414.34,4414.34,3,ACTIVE_3s,1.0,0.0,0.0,0.0,0.0,0.0,0.0,PASS_<20%,0.00,0.0,NO,STANDBY_VEL_LOW,0,0.00,4590.00,78.36,FALSE,M1_DIRECTION_MISMATCH|OPENING_SHIELD_ACTIVE_3s
2026-09-07 15:44:03.566,1788795843.566,8555,8,486,4414.34,4414.42,8.0,PASS_<=10c,+0.0,FLAT,+0.0,+0.0,4.2,+0.00,0.00,SLOW,4414.34,4414.34,4414.34,4414.34,0.00,0.00,0.0,BULLISH,0.0,4414.34,4414.34,4414.34,4414.34,3,ACTIVE_3s,1.0,0.0,0.0,0.0,0.0,0.0,0.0,PASS_<20%,0.00,0.0,NO,STANDBY_VEL_LOW,0,0.00,4590.00,78.36,FALSE,M1_DIRECTION_MISMATCH|OPENING_SHIELD_ACTIVE_3s
2026-09-07 15:44:04.068,1788795844.069,8556,9,487,4414.34,4414.42,8.0,PASS_<=10c,+0.0,FLAT,+0.0,+0.0,4.2,+0.00,0.00,SLOW,4414.34,4414.34,4414.34,4414.34,0.00,0.00,0.0,BULLISH,0.0,4414.34,4414.34,4414.34,4414.34,4,ACTIVE_4s,1.0,0.0,0.0,0.0,0.0,0.0,0.0,PASS_<20%,0.00,0.0,NO,STANDBY_VEL_LOW,0,0.00,4590.00,78.36,FALSE,M1_DIRECTION_MISMATCH|OPENING_SHIELD_ACTIVE_4s
2026-09-07 15:44:04.571,1788795844.572,8557,10,488,4414.34,4414.42,8.0,PASS_<=10c,+0.0,FLAT,+0.0,+0.0,4.2,+0.00,0.00,SLOW,4414.34,4414.34,4414.34,4414.34,0.00,0.00,0.0,BULLISH,0.0,4414.34,4414.34,4414.34,4414.34,4,ACTIVE_4s,1.0,0.0,0.0,0.0,0.0,0.0,0.0,PASS_<20%,0.00,0.0,NO,STANDBY_VEL_LOW,0,0.00,4590.00,78.36,FALSE,M1_DIRECTION_MISMATCH|OPENING_SHIELD_ACTIVE_4s
2026-09-07 15:44:05.077,1788795845.077,8558,11,489,4414.34,4414.42,8.0,PASS_<=10c,+0.0,FLAT,+0.0,+0.0,4.2,+0.00,0.00,SLOW,4414.34,4414.34,4414.34,4414.34,0.00,0.00,0.0,BULLISH,0.0,4414.34,4414.34,4414.34,4414.34,5,ACTIVE_5s,1.0,0.0,0.0,0.0,0.0,0.0,0.0,PASS_<20%,0.00,0.0,NO,STANDBY_VEL_LOW,0,0.00,4590.00,78.36,FALSE,M1_DIRECTION_MISMATCH|OPENING_SHIELD_ACTIVE_5s
2026-09-07 15:44:05.577,1788795845.577,8559,12,490,4414.34,4414.42,8.0,PASS_<=10c,+0.0,FLAT,+0.0,+0.0,4.2,+0.00,0.00,SLOW,4414.34,4414.34,4414.34,4414.34,0.00,0.00,0.0,BULLISH,0.0,4414.34,4414.34,4414.34,4414.34,5,ACTIVE_5s,1.0,0.0,0.0,0.0,0.0,0.0,0.0,PASS_<20%,0.00,0.0,NO,STANDBY_VEL_LOW,0,0.00,4590.00,78.36,FALSE,M1_DIRECTION_MISMATCH|OPENING_SHIELD_ACTIVE_5s
2026-09-07 15:44:06.078,1788795846.078,8560,13,491,4414.34,4414.42,8.0,PASS_<=10c,+0.0,FLAT,+0.0,+0.0,4.2,+0.00,0.00,SLOW,4414.34,4414.34,4414.34,4414.34,0.00,0.00,0.0,BULLISH,0.0,4414.34,4414.34,4414.34,4414.34,6,ACTIVE_6s,1.0,0.0,0.0,0.0,0.0,0.0,0.0,PASS_<20%,0.00,0.0,NO,STANDBY_VEL_LOW,0,0.00,4590.00,78.36,FALSE,M1_DIRECTION_MISMATCH|OPENING_SHIELD_ACTIVE_6s
2026-09-07 15:44:06.579,1788795846.580,8561,14,492,4414.34,4414.42,8.0,PASS_<=10c,+0.0,FLAT,+0.0,+0.0,4.2,+0.00,0.00,SLOW,4414.34,4414.34,4414.34,4414.34,0.00,0.00,0.0,BULLISH,0.0,4414.34,4414.34,4414.34,4414.34,6,ACTIVE_6s,1.0,0.0,0.0,0.0,0.0,0.0,0.0,PASS_<20%,0.00,0.0,NO,STANDBY_VEL_LOW,0,0.00,4590.00,78.36,FALSE,M1_DIRECTION_MISMATCH|OPENING_SHIELD_ACTIVE_6s
2026-09-07 15:44:07.082,1788795847.082,8562,15,493,4414.34,4414.42,8.0,PASS_<=10c,+0.0,FLAT,+0.0,+0.0,4.2,+0.00,0.00,SLOW,4414.34,4414.34,4414.34,4414.34,0.00,0.00,0.0,BULLISH,0.0,4414.34,4414.34,4414.34,4414.34,7,ACTIVE_7s,1.0,0.0,0.0,0.0,0.0,0.0,0.0,PASS_<20%,0.00,0.0,NO,STANDBY_VEL_LOW,0,0.00,4590.00,78.36,FALSE,M1_DIRECTION_MISMATCH|OPENING_SHIELD_ACTIVE_7s
2026-09-07 15:44:07.584,1788795847.585,8563,16,494,4414.34,4414.42,8.0,PASS_<=10c,+0.0,FLAT,+0.0,+0.0,4.2,+0.00,0.00,SLOW,4414.34,4414.34,4414.34,4414.34,0.00,0.00,0.0,BULLISH,0.0,4414.34,4414.34,4414.34,4414.34,7,ACTIVE_7s,1.0,0.0,0.0,0.0,0.0,0.0,0.0,PASS_<20%,0.00,0.0,NO,STANDBY_VEL_LOW,0,0.00,4590.00,78.36,FALSE,M1_DIRECTION_MISMATCH|OPENING_SHIELD_ACTIVE_7s
2026-09-07 15:44:08.087,1788795848.088,8564,17,495,4414.34,4414.42,8.0,PASS_<=10c,+0.0,FLAT,+0.0,+0.0,4.2,+0.00,0.00,SLOW,4414.34,4414.34,4414.34,4414.34,0.00,0.00,0.0,BULLISH,0.0,4414.34,4414.34,4414.34,4414.34,8,ACTIVE_8s,1.0,0.0,0.0,0.0,0.0,0.0,0.0,PASS_<20%,0.00,0.0,NO,STANDBY_VEL_LOW,0,0.00,4590.00,78.36,FALSE,M1_DIRECTION_MISMATCH|OPENING_SHIELD_ACTIVE_8s
2026-09-07 15:44:08.588,1788795848.588,8565,18,496,4414.34,4414.42,8.0,PASS_<=10c,+0.0,FLAT,+0.0,+0.0,4.2,+0.00,0.00,SLOW,4414.34,4414.34,4414.34,4414.34,0.00,0.00,0.0,BULLISH,0.0,4414.34,4414.34,4414.34,4414.34,8,ACTIVE_8s,1.0,0.0,0.0,0.0,0.0,0.0,0.0,PASS_<20%,0.00,0.0,NO,STANDBY_VEL_LOW,0,0.00,4590.00,78.36,FALSE,M1_DIRECTION_MISMATCH|OPENING_SHIELD_ACTIVE_8s
2026-09-07 15:44:09.090,1788795849.090,8566,19,497,4414.34,4414.42,8.0,PASS_<=10c,+0.0,FLAT,+0.0,+0.0,4.2,+0.00,0.00,SLOW,4414.34,4414.34,4414.34,4414.34,0.00,0.00,0.0,BULLISH,0.0,4414.34,4414.34,4414.34,4414.34,9,ACTIVE_9s,1.0,0.0,0.0,0.0,0.0,0.0,0.0,PASS_<20%,0.00,0.0,NO,STANDBY_VEL_LOW,0,0.00,4590.00,78.36,FALSE,M1_DIRECTION_MISMATCH|OPENING_SHIELD_ACTIVE_9s
2026-09-07 15:44:09.591,1788795849.592,8567,20,498,4414.34,4414.42,8.0,PASS_<=10c,+0.0,FLAT,+0.0,+0.0,4.2,+0.00,0.00,SLOW,4414.34,4414.34,4414.34,4414.34,0.00,0.00,0.0,BULLISH,0.0,4414.34,4414.34,4414.34,4414.34,9,ACTIVE_9s,1.0,0.0,0.0,0.0,0.0,0.0,0.0,PASS_<20%,0.00,0.0,NO,STANDBY_VEL_LOW,0,0.00,4590.00,78.36,FALSE,M1_DIRECTION_MISMATCH|OPENING_SHIELD_ACTIVE_9s
2026-09-07 15:44:10.094,1788795850.094,8568,21,499,4414.34,4414.42,8.0,PASS_<=10c,+0.0,FLAT,+0.0,+0.0,4.2,+0.00,0.00,SLOW,4414.34,4414.34,4414.34,4414.34,0.00,0.00,0.0,BULLISH,0.0,4414.34,4414.34,4414.34,4414.34,10,ACTIVE_10s,1.0,0.0,0.0,0.0,0.0,0.0,0.0,PASS_<20%,0.00,0.0,NO,STANDBY_VEL_LOW,0,0.00,4590.00,78.36,FALSE,M1_DIRECTION_MISMATCH|OPENING_SHIELD_ACTIVE_10s
2026-09-07 15:44:10.595,1788795850.595,8569,22,500,4414.34,4414.42,8.0,PASS_<=10c,+0.0,FLAT,+0.0,+0.0,4.2,+0.00,0.00,SLOW,4414.34,4414.34,4414.34,4414.34,0.00,0.00,0.0,BULLISH,0.0,4414.34,4414.34,4414.34,4414.34,10,ACTIVE_10s,1.0,0.0,0.0,0.0,0.0,0.0,0.0,PASS_<20%,0.00,0.0,NO,STANDBY_VEL_LOW,0,0.00,4590.00,78.36,FALSE,M1_DIRECTION_MISMATCH|OPENING_SHIELD_ACTIVE_10s
2026-09-07 15:44:11.097,1788795851.098,8570,23,501,4414.34,4414.42,8.0,PASS_<=10c,+0.0,FLAT,+0.0,+0.0,4.2,+0.00,0.00,SLOW,4414.34,4414.34,4414.34,4414.34,0.00,0.00,0.0,BULLISH,0.0,4414.34,4414.34,4414.34,4414.34,11,ACTIVE_11s,1.0,0.0,0.0,0.0,0.0,0.0,0.0,PASS_<20%,0.00,0.0,NO,STANDBY_VEL_LOW,0,0.00,4590.00,78.36,FALSE,M1_DIRECTION_MISMATCH|OPENING_SHIELD_ACTIVE_11s
2026-09-07 15:44:11.599,1788795851.600,8571,24,502,4414.34,4414.42,8.0,PASS_<=10c,+0.0,FLAT,+0.0,+0.0,4.2,+0.00,0.00,SLOW,4414.34,4414.34,4414.34,4414.34,0.00,0.00,0.0,BULLISH,0.0,4414.34,4414.34,4414.34,4414.34,11,ACTIVE_11s,1.0,0.0,0.0,0.0,0.0,0.0,0.0,PASS_<20%,0.00,0.0,NO,STANDBY_VEL_LOW,0,0.00,4590.00,78.36,FALSE,M1_DIRECTION_MISMATCH|OPENING_SHIELD_ACTIVE_11s
2026-09-07 15:44:12.102,1788795852.103,8572,25,503,4414.34,4414.42,8.0,PASS_<=10c,+0.0,FLAT,+0.0,+0.0,4.2,+0.00,0.00,SLOW,4414.34,4414.34,4414.34,4414.34,0.00,0.00,0.0,BULLISH,0.0,4414.34,4414.34,4414.34,4414.34,12,ACTIVE_12s,1.0,0.0,0.0,0.0,0.0,0.0,0.0,PASS_<20%,0.00,0.0,NO,STANDBY_VEL_LOW,0,0.00,4590.00,78.36,FALSE,M1_DIRECTION_MISMATCH|OPENING_SHIELD_ACTIVE_12s
2026-09-07 15:44:12.603,1788795852.604,8573,26,504,4414.34,4414.42,8.0,PASS_<=10c,+0.0,FLAT,+0.0,+0.0,4.2,+0.00,0.00,SLOW,4414.34,4414.34,4414.34,4414.34,0.00,0.00,0.0,BULLISH,0.0,4414.34,4414.34,4414.34,4414.34,12,ACTIVE_12s,1.0,0.0,0.0,0.0,0.0,0.0,0.0,PASS_<20%,0.00,0.0,NO,STANDBY_VEL_LOW,0,0.00,4590.00,78.36,FALSE,M1_DIRECTION_MISMATCH|OPENING_SHIELD_ACTIVE_12s
2026-09-07 15:44:13.104,1788795853.105,8574,27,505,4414.34,4414.42,8.0,PASS_<=10c,+0.0,FLAT,+0.0,+0.0,4.2,+0.00,0.00,SLOW,4414.34,4414.34,4414.34,4414.34,0.00,0.00,0.0,BULLISH,0.0,4414.34,4414.34,4414.34,4414.34,13,ACTIVE_13s,1.0,0.0,0.0,0.0,0.0,0.0,0.0,PASS_<20%,0.00,0.0,NO,STANDBY_VEL_LOW,0,0.00,4590.00,78.36,FALSE,M1_DIRECTION_MISMATCH|OPENING_SHIELD_ACTIVE_13s
2026-09-07 15:44:13.607,1788795853.607,8575,28,506,4414.34,4414.42,8.0,PASS_<=10c,+0.0,FLAT,+0.0,+0.0,4.2,+0.00,0.00,SLOW,4414.34,4414.34,4414.34,4414.34,0.00,0.00,0.0,BULLISH,0.0,4414.34,4414.34,4414.34,4414.34,13,ACTIVE_13s,1.0,0.0,0.0,0.0,0.0,0.0,0.0,PASS_<20%,0.00,0.0,NO,STANDBY_VEL_LOW,0,0.00,4590.00,78.36,FALSE,M1_DIRECTION_MISMATCH|OPENING_SHIELD_ACTIVE_13s
2026-09-07 15:44:14.108,1788795854.108,8576,29,507,4414.34,4414.42,8.0,PASS_<=10c,+0.0,FLAT,+0.0,+0.0,4.2,+0.00,0.00,SLOW,4414.34,4414.34,4414.34,4414.34,0.00,0.00,0.0,BULLISH,0.0,4414.34,4414.34,4414.34,4414.34,14,ACTIVE_14s,1.0,0.0,0.0,0.0,0.0,0.0,0.0,PASS_<20%,0.00,0.0,NO,STANDBY_VEL_LOW,0,0.00,4590.00,78.36,FALSE,M1_DIRECTION_MISMATCH|OPENING_SHIELD_ACTIVE_14s
2026-09-07 15:44:14.610,1788795854.610,8577,30,508,4414.34,4414.42,8.0,PASS_<=10c,+0.0,FLAT,+0.0,+0.0,4.2,+0.00,0.00,SLOW,4414.34,4414.34,4414.34,4414.34,0.00,0.00,0.0,BULLISH,0.0,4414.34,4414.34,4414.34,4414.34,14,ACTIVE_14s,1.0,0.0,0.0,0.0,0.0,0.0,0.0,PASS_<20%,0.00,0.0,NO,STANDBY_VEL_LOW,0,0.00,4590.00,78.36,FALSE,M1_DIRECTION_MISMATCH|OPENING_SHIELD_ACTIVE_14s
2026-09-07 15:44:15.111,1788795855.112,8578,31,509,4414.34,4414.42,8.0,PASS_<=10c,+0.0,FLAT,+0.0,+0.0,4.2,+0.00,0.00,SLOW,4414.34,4414.34,4414.34,4414.34,0.00,0.00,0.0,BULLISH,0.0,4414.34,4414.34,4414.34,4414.34,15,ACTIVE_15s,1.0,0.0,0.0,0.0,0.0,0.0,0.0,PASS_<20%,0.00,0.0,NO,STANDBY_VEL_LOW,0,0.00,4590.00,78.36,FALSE,M1_DIRECTION_MISMATCH|OPENING_SHIELD_ACTIVE_15s
2026-09-07 15:44:15.613,1788795855.614,8579,32,510,4414.34,4414.42,8.0,PASS_<=10c,+0.0,FLAT,+0.0,+0.0,4.2,+0.00,0.00,SLOW,4414.34,4414.34,4414.34,4414.34,0.00,0.00,0.0,BULLISH,0.0,4414.34,4414.34,4414.34,4414.34,15,ACTIVE_15s,1.0,0.0,0.0,0.0,0.0,0.0,0.0,PASS_<20%,0.00,0.0,NO,STANDBY_VEL_LOW,0,0.00,4590.00,78.36,FALSE,M1_DIRECTION_MISMATCH|OPENING_SHIELD_ACTIVE_15s
2026-09-07 15:44:16.115,1788795856.115,8580,33,511,4414.34,4414.42,8.0,PASS_<=10c,+0.0,FLAT,+0.0,+0.0,4.2,+0.00,0.00,SLOW,4414.34,4414.34,4414.34,4414.34,0.00,0.00,0.0,BULLISH,0.0,4414.34,4414.34,4414.34,4414.34,16,ACTIVE_16s,1.0,0.0,0.0,0.0,0.0,0.0,0.0,PASS_<20%,0.00,0.0,NO,STANDBY_VEL_LOW,0,0.00,4590.00,78.36,FALSE,M1_DIRECTION_MISMATCH|OPENING_SHIELD_ACTIVE_16s
2026-09-07 15:44:16.616,1788795856.616,8581,34,512,4414.34,4414.42,8.0,PASS_<=10c,+0.0,FLAT,+0.0,+0.0,4.2,+0.00,0.00,SLOW,4414.34,4414.34,4414.34,4414.34,0.00,0.00,0.0,BULLISH,0.0,4414.34,4414.34,4414.34,4414.34,16,ACTIVE_16s,1.0,0.0,0.0,0.0,0.0,0.0,0.0,PASS_<20%,0.00,0.0,NO,STANDBY_VEL_LOW,0,0.00,4590.00,78.36,FALSE,M1_DIRECTION_MISMATCH|OPENING_SHIELD_ACTIVE_16s
2026-09-07 15:44:17.117,1788795857.118,8582,35,513,4414.34,4414.42,8.0,PASS_<=10c,+0.0,FLAT,+0.0,+0.0,4.2,+0.00,0.00,SLOW,4414.34,4414.34,4414.34,4414.34,0.00,0.00,0.0,BULLISH,0.0,4414.34,4414.34,4414.34,4414.34,17,ACTIVE_17s,1.0,0.0,0.0,0.0,0.0,0.0,0.0,PASS_<20%,0.00,0.0,NO,STANDBY_VEL_LOW,0,0.00,4590.00,78.36,FALSE,M1_DIRECTION_MISMATCH|OPENING_SHIELD_ACTIVE_17s
2026-09-07 15:44:17.619,1788795857.619,8583,36,514,4414.34,4414.42,8.0,PASS_<=10c,+0.0,FLAT,+0.0,+0.0,4.2,+0.00,0.00,SLOW,4414.34,4414.34,4414.34,4414.34,0.00,0.00,0.0,BULLISH,0.0,4414.34,4414.34,4414.34,4414.34,17,ACTIVE_17s,1.0,0.0,0.0,0.0,0.0,0.0,0.0,PASS_<20%,0.00,0.0,NO,STANDBY_VEL_LOW,0,0.00,4590.00,78.36,FALSE,M1_DIRECTION_MISMATCH|OPENING_SHIELD_ACTIVE_17s
2026-09-07 15:44:18.121,1788795858.122,8584,37,515,4414.34,4414.42,8.0,PASS_<=10c,+0.0,FLAT,+0.0,+0.0,4.2,+0.00,0.00,SLOW,4414.34,4414.34,4414.34,4414.34,0.00,0.00,0.0,BULLISH,0.0,4414.34,4414.34,4414.34,4414.34,18,ACTIVE_18s,1.0,0.0,0.0,0.0,0.0,0.0,0.0,PASS_<20%,0.00,0.0,NO,STANDBY_VEL_LOW,0,0.00,4590.00,78.36,FALSE,M1_DIRECTION_MISMATCH|OPENING_SHIELD_ACTIVE_18s
2026-09-07 15:44:18.623,1788795858.623,8585,38,516,4414.34,4414.42,8.0,PASS_<=10c,+0.0,FLAT,+0.0,+0.0,4.2,+0.00,0.00,SLOW,4414.34,4414.34,4414.34,4414.34,0.00,0.00,0.0,BULLISH,0.0,4414.34,4414.34,4414.34,4414.34,18,ACTIVE_18s,1.0,0.0,0.0,0.0,0.0,0.0,0.0,PASS_<20%,0.00,0.0,NO,STANDBY_VEL_LOW,0,0.00,4590.00,78.36,FALSE,M1_DIRECTION_MISMATCH|OPENING_SHIELD_ACTIVE_18s
2026-09-07 15:44:19.125,1788795859.125,8586,39,517,4414.34,4414.42,8.0,PASS_<=10c,+0.0,FLAT,+0.0,+0.0,4.2,+0.00,0.00,SLOW,4414.34,4414.34,4414.34,4414.34,0.00,0.00,0.0,BULLISH,0.0,4414.34,4414.34,4414.34,4414.34,19,ACTIVE_19s,1.0,0.0,0.0,0.0,0.0,0.0,0.0,PASS_<20%,0.00,0.0,NO,STANDBY_VEL_LOW,0,0.00,4590.00,78.36,FALSE,M1_DIRECTION_MISMATCH|OPENING_SHIELD_ACTIVE_19s
2026-09-07 15:44:19.625,1788795859.626,8587,40,518,4414.34,4414.42,8.0,PASS_<=10c,+0.0,FLAT,+0.0,+0.0,4.2,+0.00,0.00,SLOW,4414.34,4414.34,4414.34,4414.34,0.00,0.00,0.0,BULLISH,0.0,4414.34,4414.34,4414.34,4414.34,19,ACTIVE_19s,1.0,0.0,0.0,0.0,0.0,0.0,0.0,PASS_<20%,0.00,0.0,NO,STANDBY_VEL_LOW,0,0.00,4590.00,78.36,FALSE,M1_DIRECTION_MISMATCH|OPENING_SHIELD_ACTIVE_19s
2026-09-07 15:44:20.127,1788795860.127,8588,41,519,4414.34,4414.42,8.0,PASS_<=10c,+0.0,FLAT,+0.0,+0.0,4.2,+0.00,0.00,SLOW,4414.34,4414.34,4414.34,4414.34,0.00,0.00,0.0,BULLISH,0.0,4414.34,4414.34,4414.34,4414.34,20,CLEARED_>=20s,1.0,0.0,0.0,0.0,0.0,0.0,0.0,PASS_<20%,0.00,0.0,NO,STANDBY_VEL_LOW,0,0.00,4590.00,78.36,FALSE,M1_DIRECTION_MISMATCH
2026-09-07 15:44:20.630,1788795860.630,8589,42,520,4414.34,4414.42,8.0,PASS_<=10c,+0.0,FLAT,+0.0,+0.0,4.2,+0.00,0.00,SLOW,4414.34,4414.34,4414.34,4414.34,0.00,0.00,0.0,BULLISH,0.0,4414.34,4414.34,4414.34,4414.34,20,CLEARED_>=20s,1.0,0.0,0.0,0.0,0.0,0.0,0.0,PASS_<20%,0.00,0.0,NO,STANDBY_VEL_LOW,0,0.00,4590.00,78.36,FALSE,M1_DIRECTION_MISMATCH
2026-09-07 15:44:21.131,1788795861.131,8590,43,521,4414.34,4414.42,8.0,PASS_<=10c,+0.0,FLAT,+0.0,+0.0,4.2,+0.00,0.00,SLOW,4414.34,4414.34,4414.34,4414.34,0.00,0.00,0.0,BULLISH,0.0,4414.34,4414.34,4414.34,4414.34,21,CLEARED_>=20s,1.0,0.0,0.0,0.0,0.0,0.0,0.0,PASS_<20%,0.00,0.0,NO,STANDBY_VEL_LOW,0,0.00,4590.00,78.36,FALSE,M1_DIRECTION_MISMATCH
2026-09-07 15:44:21.634,1788795861.634,8591,44,522,4414.34,4414.42,8.0,PASS_<=10c,+0.0,FLAT,+0.0,+0.0,4.2,+0.00,0.00,SLOW,4414.34,4414.34,4414.34,4414.34,0.00,0.00,0.0,BULLISH,0.0,4414.34,4414.34,4414.34,4414.34,21,CLEARED_>=20s,1.0,0.0,0.0,0.0,0.0,0.0,0.0,PASS_<20%,0.00,0.0,NO,STANDBY_VEL_LOW,0,0.00,4590.00,78.36,FALSE,M1_DIRECTION_MISMATCH
2026-09-07 15:44:22.133,1788795862.134,8592,45,523,4414.34,4414.42,8.0,PASS_<=10c,+0.0,FLAT,+0.0,+0.0,4.2,+0.00,0.00,SLOW,4414.34,4414.34,4414.34,4414.34,0.00,0.00,0.0,BULLISH,0.0,4414.34,4414.34,4414.34,4414.34,22,CLEARED_>=20s,1.0,0.0,0.0,0.0,0.0,0.0,0.0,PASS_<20%,0.00,0.0,NO,STANDBY_VEL_LOW,0,0.00,4590.00,78.36,FALSE,M1_DIRECTION_MISMATCH
2026-09-07 15:44:22.636,1788795862.636,8593,46,524,4414.34,4414.42,8.0,PASS_<=10c,+0.0,FLAT,+0.0,+0.0,4.2,+0.00,0.00,SLOW,4414.34,4414.34,4414.34,4414.34,0.00,0.00,0.0,BULLISH,0.0,4414.34,4414.34,4414.34,4414.34,22,CLEARED_>=20s,1.0,0.0,0.0,0.0,0.0,0.0,0.0,PASS_<20%,0.00,0.0,NO,STANDBY_VEL_LOW,0,0.00,4590.00,78.36,FALSE,M1_DIRECTION_MISMATCH
2026-09-07 15:44:23.137,1788795863.138,8594,47,525,4414.34,4414.42,8.0,PASS_<=10c,+0.0,FLAT,+0.0,+0.0,4.2,+0.00,0.00,SLOW,4414.34,4414.34,4414.34,4414.34,0.00,0.00,0.0,BULLISH,0.0,4414.34,4414.34,4414.34,4414.34,23,CLEARED_>=20s,1.0,0.0,0.0,0.0,0.0,0.0,0.0,PASS_<20%,0.00,0.0,NO,STANDBY_VEL_LOW,0,0.00,4590.00,78.36,FALSE,M1_DIRECTION_MISMATCH
2026-09-07 15:44:23.639,1788795863.639,8595,48,526,4414.34,4414.42,8.0,PASS_<=10c,+0.0,FLAT,+0.0,+0.0,4.2,+0.00,0.00,SLOW,4414.34,4414.34,4414.34,4414.34,0.00,0.00,0.0,BULLISH,0.0,4414.34,4414.34,4414.34,4414.34,23,CLEARED_>=20s,1.0,0.0,0.0,0.0,0.0,0.0,0.0,PASS_<20%,0.00,0.0,NO,STANDBY_VEL_LOW,0,0.00,4590.00,78.36,FALSE,M1_DIRECTION_MISMATCH
2026-09-07 15:44:24.140,1788795864.141,8596,49,527,4414.34,4414.42,8.0,PASS_<=10c,+0.0,FLAT,+0.0,+0.0,4.2,+0.00,0.00,SLOW,4414.34,4414.34,4414.34,4414.34,0.00,0.00,0.0,BULLISH,0.0,4414.34,4414.34,4414.34,4414.34,24,CLEARED_>=20s,1.0,0.0,0.0,0.0,0.0,0.0,0.0,PASS_<20%,0.00,0.0,NO,STANDBY_VEL_LOW,0,0.00,4590.00,78.36,FALSE,M1_DIRECTION_MISMATCH
2026-09-07 15:44:24.642,1788795864.642,8597,50,528,4414.34,4414.42,8.0,PASS_<=10c,+0.0,FLAT,+0.0,+0.0,4.2,+0.00,0.00,SLOW,4414.34,4414.34,4414.34,4414.34,0.00,0.00,0.0,BULLISH,0.0,4414.34,4414.34,4414.34,4414.34,24,CLEARED_>=20s,1.0,0.0,0.0,0.0,0.0,0.0,0.0,PASS_<20%,0.00,0.0,NO,STANDBY_VEL_LOW,0,0.00,4590.00,78.36,FALSE,M1_DIRECTION_MISMATCH
2026-09-07 15:44:25.143,1788795865.143,8598,51,529,4414.34,4414.42,8.0,PASS_<=10c,+0.0,FLAT,+0.0,+0.0,4.2,+0.00,0.00,SLOW,4414.34,4414.34,4414.34,4414.34,0.00,0.00,0.0,BULLISH,0.0,4414.34,4414.34,4414.34,4414.34,25,CLEARED_>=20s,1.0,0.0,0.0,0.0,0.0,0.0,0.0,PASS_<20%,0.00,0.0,NO,STANDBY_VEL_LOW,0,0.00,4590.00,78.36,FALSE,M1_DIRECTION_MISMATCH
2026-09-07 15:44:25.645,1788795865.645,8599,52,530,4414.34,4414.42,8.0,PASS_<=10c,+0.0,FLAT,+0.0,+0.0,4.2,+0.00,0.00,SLOW,4414.34,4414.34,4414.34,4414.34,0.00,0.00,0.0,BULLISH,0.0,4414.34,4414.34,4414.34,4414.34,25,CLEARED_>=20s,1.0,0.0,0.0,0.0,0.0,0.0,0.0,PASS_<20%,0.00,0.0,NO,STANDBY_VEL_LOW,0,0.00,4590.00,78.36,FALSE,M1_DIRECTION_MISMATCH
2026-09-07 15:44:26.146,1788795866.147,8600,53,531,4414.34,4414.42,8.0,PASS_<=10c,+0.0,FLAT,+0.0,+0.0,4.2,+0.00,0.00,SLOW,4414.34,4414.34,4414.34,4414.34,0.00,0.00,0.0,BULLISH,0.0,4414.34,4414.34,4414.34,4414.34,26,CLEARED_>=20s,1.0,0.0,0.0,0.0,0.0,0.0,0.0,PASS_<20%,0.00,0.0,NO,STANDBY_VEL_LOW,0,0.00,4590.00,78.36,FALSE,M1_DIRECTION_MISMATCH
2026-09-07 15:44:26.649,1788795866.650,8601,54,532,4414.34,4414.42,8.0,PASS_<=10c,+0.0,FLAT,+0.0,+0.0,4.2,+0.00,0.00,SLOW,4414.34,4414.34,4414.34,4414.34,0.00,0.00,0.0,BULLISH,0.0,4414.34,4414.34,4414.34,4414.34,26,CLEARED_>=20s,1.0,0.0,0.0,0.0,0.0,0.0,0.0,PASS_<20%,0.00,0.0,NO,STANDBY_VEL_LOW,0,0.00,4590.00,78.36,FALSE,M1_DIRECTION_MISMATCH
2026-09-07 15:44:27.151,1788795867.152,8602,55,533,4414.34,4414.42,8.0,PASS_<=10c,+0.0,FLAT,+0.0,+0.0,4.2,+0.00,0.00,SLOW,4414.34,4414.34,4414.34,4414.34,0.00,0.00,0.0,BULLISH,0.0,4414.34,4414.34,4414.34,4414.34,27,CLEARED_>=20s,1.0,0.0,0.0,0.0,0.0,0.0,0.0,PASS_<20%,0.00,0.0,NO,STANDBY_VEL_LOW,0,0.00,4590.00,78.36,FALSE,M1_DIRECTION_MISMATCH
2026-09-07 15:44:27.653,1788795867.653,8603,56,534,4414.34,4414.42,8.0,PASS_<=10c,+0.0,FLAT,+0.0,+0.0,4.2,+0.00,0.00,SLOW,4414.34,4414.34,4414.34,4414.34,0.00,0.00,0.0,BULLISH,0.0,4414.34,4414.34,4414.34,4414.34,27,CLEARED_>=20s,1.0,0.0,0.0,0.0,0.0,0.0,0.0,PASS_<20%,0.00,0.0,NO,STANDBY_VEL_LOW,0,0.00,4590.00,78.36,FALSE,M1_DIRECTION_MISMATCH
2026-09-07 15:44:28.155,1788795868.155,8604,57,535,4414.34,4414.42,8.0,PASS_<=10c,+0.0,FLAT,+0.0,+0.0,4.2,+0.00,0.00,SLOW,4414.34,4414.34,4414.34,4414.34,0.00,0.00,0.0,BULLISH,0.0,4414.34,4414.34,4414.34,4414.34,28,CLEARED_>=20s,1.0,0.0,0.0,0.0,0.0,0.0,0.0,PASS_<20%,0.00,0.0,NO,STANDBY_VEL_LOW,0,0.00,4590.00,78.36,FALSE,M1_DIRECTION_MISMATCH
2026-09-07 15:44:28.656,1788795868.657,8605,58,536,4414.34,4414.42,8.0,PASS_<=10c,+0.0,FLAT,+0.0,+0.0,4.2,+0.00,0.00,SLOW,4414.34,4414.34,4414.34,4414.34,0.00,0.00,0.0,BULLISH,0.0,4414.34,4414.34,4414.34,4414.34,28,CLEARED_>=20s,1.0,0.0,0.0,0.0,0.0,0.0,0.0,PASS_<20%,0.00,0.0,NO,STANDBY_VEL_LOW,0,0.00,4590.00,78.36,FALSE,M1_DIRECTION_MISMATCH
2026-09-07 15:44:29.158,1788795869.159,8606,59,537,4414.34,4414.42,8.0,PASS_<=10c,+0.0,FLAT,+0.0,+0.0,4.2,+0.00,0.00,SLOW,4414.34,4414.34,4414.34,4414.34,0.00,0.00,0.0,BULLISH,0.0,4414.34,4414.34,4414.34,4414.34,29,CLEARED_>=20s,1.0,0.0,0.0,0.0,0.0,0.0,0.0,PASS_<20%,0.00,0.0,NO,STANDBY_VEL_LOW,0,0.00,4590.00,78.36,FALSE,M1_DIRECTION_MISMATCH
2026-09-07 15:44:29.659,1788795869.660,8607,60,538,4414.34,4414.42,8.0,PASS_<=10c,+0.0,FLAT,+0.0,+0.0,4.2,+0.00,0.00,SLOW,4414.34,4414.34,4414.34,4414.34,0.00,0.00,0.0,BULLISH,0.0,4414.34,4414.34,4414.34,4414.34,29,CLEARED_>=20s,1.0,0.0,0.0,0.0,0.0,0.0,0.0,PASS_<20%,0.00,0.0,NO,STANDBY_VEL_LOW,0,0.00,4590.00,78.36,FALSE,M1_DIRECTION_MISMATCH
2026-09-07 15:44:30.162,1788795870.162,8608,61,539,4414.34,4414.42,8.0,PASS_<=10c,+0.0,FLAT,+0.0,+0.0,4.2,+0.00,0.00,SLOW,4414.34,4414.34,4414.34,4414.34,0.00,0.00,0.0,BULLISH,0.0,4414.34,4414.34,4414.34,4414.34,30,CLEARED_>=20s,1.0,0.0,0.0,0.0,0.0,0.0,0.0,PASS_<20%,0.00,0.0,NO,STANDBY_VEL_LOW,0,0.00,4590.00,78.36,FALSE,M1_DIRECTION_MISMATCH
2026-09-07 15:44:30.664,1788795870.665,8609,62,540,4414.34,4414.42,8.0,PASS_<=10c,+0.0,FLAT,+0.0,+0.0,4.2,+0.00,0.00,SLOW,4414.34,4414.34,4414.34,4414.34,0.00,0.00,0.0,BULLISH,0.0,4414.34,4414.34,4414.34,4414.34,30,CLEARED_>=20s,1.0,0.0,0.0,0.0,0.0,0.0,0.0,PASS_<20%,0.00,0.0,NO,STANDBY_VEL_LOW,0,0.00,4590.00,78.36,FALSE,M1_DIRECTION_MISMATCH
2026-09-07 15:44:31.164,1788795871.165,8610,63,541,4414.34,4414.42,8.0,PASS_<=10c,+0.0,FLAT,+0.0,+0.0,4.2,+0.00,0.00,SLOW,4414.34,4414.34,4414.34,4414.34,0.00,0.00,0.0,BULLISH,0.0,4414.34,4414.34,4414.34,4414.34,31,CLEARED_>=20s,1.0,0.0,0.0,0.0,0.0,0.0,0.0,PASS_<20%,0.00,0.0,NO,STANDBY_VEL_LOW,0,0.00,4590.00,78.36,FALSE,M1_DIRECTION_MISMATCH
2026-09-07 15:44:31.666,1788795871.666,8611,64,542,4414.34,4414.42,8.0,PASS_<=10c,+0.0,FLAT,+0.0,+0.0,4.2,+0.00,0.00,SLOW,4414.34,4414.34,4414.34,4414.34,0.00,0.00,0.0,BULLISH,0.0,4414.34,4414.34,4414.34,4414.34,31,CLEARED_>=20s,1.0,0.0,0.0,0.0,0.0,0.0,0.0,PASS_<20%,0.00,0.0,NO,STANDBY_VEL_LOW,0,0.00,4590.00,78.36,FALSE,M1_DIRECTION_MISMATCH
2026-09-07 15:44:32.168,1788795872.168,8612,65,543,4414.34,4414.42,8.0,PASS_<=10c,+0.0,FLAT,+0.0,+0.0,4.2,+0.00,0.00,SLOW,4414.34,4414.34,4414.34,4414.34,0.00,0.00,0.0,BULLISH,0.0,4414.34,4414.34,4414.34,4414.34,32,CLEARED_>=20s,1.0,0.0,0.0,0.0,0.0,0.0,0.0,PASS_<20%,0.00,0.0,NO,STANDBY_VEL_LOW,0,0.00,4590.00,78.36,FALSE,M1_DIRECTION_MISMATCH
2026-09-07 15:44:32.670,1788795872.670,8613,66,544,4414.34,4414.42,8.0,PASS_<=10c,+0.0,FLAT,+0.0,+0.0,4.2,+0.00,0.00,SLOW,4414.34,4414.34,4414.34,4414.34,0.00,0.00,0.0,BULLISH,0.0,4414.34,4414.34,4414.34,4414.34,32,CLEARED_>=20s,1.0,0.0,0.0,0.0,0.0,0.0,0.0,PASS_<20%,0.00,0.0,NO,STANDBY_VEL_LOW,0,0.00,4590.00,78.36,FALSE,M1_DIRECTION_MISMATCH
2026-09-07 15:44:33.169,1788795873.170,8614,67,545,4414.34,4414.42,8.0,PASS_<=10c,+0.0,FLAT,+0.0,+0.0,4.2,+0.00,0.00,SLOW,4414.34,4414.34,4414.34,4414.34,0.00,0.00,0.0,BULLISH,0.0,4414.34,4414.34,4414.34,4414.34,33,CLEARED_>=20s,1.0,0.0,0.0,0.0,0.0,0.0,0.0,PASS_<20%,0.00,0.0,NO,STANDBY_VEL_LOW,0,0.00,4590.00,78.36,FALSE,M1_DIRECTION_MISMATCH
2026-09-07 15:44:33.671,1788795873.671,8615,68,546,4414.34,4414.42,8.0,PASS_<=10c,+0.0,FLAT,+0.0,+0.0,4.2,+0.00,0.00,SLOW,4414.34,4414.34,4414.34,4414.34,0.00,0.00,0.0,BULLISH,0.0,4414.34,4414.34,4414.34,4414.34,33,CLEARED_>=20s,1.0,0.0,0.0,0.0,0.0,0.0,0.0,PASS_<20%,0.00,0.0,NO,STANDBY_VEL_LOW,0,0.00,4590.00,78.36,FALSE,M1_DIRECTION_MISMATCH
2026-09-07 15:44:34.171,1788795874.172,8616,69,547,4414.34,4414.42,8.0,PASS_<=10c,+0.0,FLAT,+0.0,+0.0,4.2,+0.00,0.00,SLOW,4414.34,4414.34,4414.34,4414.34,0.00,0.00,0.0,BULLISH,0.0,4414.34,4414.34,4414.34,4414.34,34,CLEARED_>=20s,1.0,0.0,0.0,0.0,0.0,0.0,0.0,PASS_<20%,0.00,0.0,NO,STANDBY_VEL_LOW,0,0.00,4590.00,78.36,FALSE,M1_DIRECTION_MISMATCH
2026-09-07 15:44:34.672,1788795874.672,8617,70,548,4414.34,4414.42,8.0,PASS_<=10c,+0.0,FLAT,+0.0,+0.0,4.2,+0.00,0.00,SLOW,4414.34,4414.34,4414.34,4414.34,0.00,0.00,0.0,BULLISH,0.0,4414.34,4414.34,4414.34,4414.34,34,CLEARED_>=20s,1.0,0.0,0.0,0.0,0.0,0.0,0.0,PASS_<20%,0.00,0.0,NO,STANDBY_VEL_LOW,0,0.00,4590.00,78.36,FALSE,M1_DIRECTION_MISMATCH
2026-09-07 15:44:35.175,1788795875.175,8618,71,549,4414.34,4414.42,8.0,PASS_<=10c,+0.0,FLAT,+0.0,+0.0,4.2,+0.00,0.00,SLOW,4414.34,4414.34,4414.34,4414.34,0.00,0.00,0.0,BULLISH,0.0,4414.34,4414.34,4414.34,4414.34,35,CLEARED_>=20s,1.0,0.0,0.0,0.0,0.0,0.0,0.0,PASS_<20%,0.00,0.0,NO,STANDBY_VEL_LOW,0,0.00,4590.00,78.36,FALSE,M1_DIRECTION_MISMATCH
2026-09-07 15:44:35.676,1788795875.677,8619,72,550,4414.34,4414.42,8.0,PASS_<=10c,+0.0,FLAT,+0.0,+0.0,4.2,+0.00,0.00,SLOW,4414.34,4414.34,4414.34,4414.34,0.00,0.00,0.0,BULLISH,0.0,4414.34,4414.34,4414.34,4414.34,35,CLEARED_>=20s,1.0,0.0,0.0,0.0,0.0,0.0,0.0,PASS_<20%,0.00,0.0,NO,STANDBY_VEL_LOW,0,0.00,4590.00,78.36,FALSE,M1_DIRECTION_MISMATCH
2026-09-07 15:44:36.178,1788795876.179,8620,73,551,4414.34,4414.42,8.0,PASS_<=10c,+0.0,FLAT,+0.0,+0.0,4.2,+0.00,0.00,SLOW,4414.34,4414.34,4414.34,4414.34,0.00,0.00,0.0,BULLISH,0.0,4414.34,4414.34,4414.34,4414.34,36,CLEARED_>=20s,1.0,0.0,0.0,0.0,0.0,0.0,0.0,PASS_<20%,0.00,0.0,NO,STANDBY_VEL_LOW,0,0.00,4590.00,78.36,FALSE,M1_DIRECTION_MISMATCH
2026-09-07 15:44:36.680,1788795876.681,8621,74,552,4414.34,4414.42,8.0,PASS_<=10c,+0.0,FLAT,+0.0,+0.0,4.2,+0.00,0.00,SLOW,4414.34,4414.34,4414.34,4414.34,0.00,0.00,0.0,BULLISH,0.0,4414.34,4414.34,4414.34,4414.34,36,CLEARED_>=20s,1.0,0.0,0.0,0.0,0.0,0.0,0.0,PASS_<20%,0.00,0.0,NO,STANDBY_VEL_LOW,0,0.00,4590.00,78.36,FALSE,M1_DIRECTION_MISMATCH
2026-09-07 15:44:37.181,1788795877.182,8622,75,553,4414.34,4414.42,8.0,PASS_<=10c,+0.0,FLAT,+0.0,+0.0,4.2,+0.00,0.00,SLOW,4414.34,4414.34,4414.34,4414.34,0.00,0.00,0.0,BULLISH,0.0,4414.34,4414.34,4414.34,4414.34,37,CLEARED_>=20s,1.0,0.0,0.0,0.0,0.0,0.0,0.0,PASS_<20%,0.00,0.0,NO,STANDBY_VEL_LOW,0,0.00,4590.00,78.36,FALSE,M1_DIRECTION_MISMATCH
2026-09-07 15:44:37.683,1788795877.683,8623,76,554,4414.34,4414.42,8.0,PASS_<=10c,+0.0,FLAT,+0.0,+0.0,4.2,+0.00,0.00,SLOW,4414.34,4414.34,4414.34,4414.34,0.00,0.00,0.0,BULLISH,0.0,4414.34,4414.34,4414.34,4414.34,37,CLEARED_>=20s,1.0,0.0,0.0,0.0,0.0,0.0,0.0,PASS_<20%,0.00,0.0,NO,STANDBY_VEL_LOW,0,0.00,4590.00,78.36,FALSE,M1_DIRECTION_MISMATCH
2026-09-07 15:44:38.185,1788795878.186,8624,77,555,4414.34,4414.42,8.0,PASS_<=10c,+0.0,FLAT,+0.0,+0.0,4.2,+0.00,0.00,SLOW,4414.34,4414.34,4414.34,4414.34,0.00,0.00,0.0,BULLISH,0.0,4414.34,4414.34,4414.34,4414.34,38,CLEARED_>=20s,1.0,0.0,0.0,0.0,0.0,0.0,0.0,PASS_<20%,0.00,0.0,NO,STANDBY_VEL_LOW,0,0.00,4590.00,78.36,FALSE,M1_DIRECTION_MISMATCH
2026-09-07 15:44:38.687,1788795878.687,8625,78,556,4414.34,4414.42,8.0,PASS_<=10c,+0.0,FLAT,+0.0,+0.0,4.2,+0.00,0.00,SLOW,4414.34,4414.34,4414.34,4414.34,0.00,0.00,0.0,BULLISH,0.0,4414.34,4414.34,4414.34,4414.34,38,CLEARED_>=20s,1.0,0.0,0.0,0.0,0.0,0.0,0.0,PASS_<20%,0.00,0.0,NO,STANDBY_VEL_LOW,0,0.00,4590.00,78.36,FALSE,M1_DIRECTION_MISMATCH
2026-09-07 15:44:39.188,1788795879.189,8626,79,557,4414.34,4414.42,8.0,PASS_<=10c,+0.0,FLAT,+0.0,+0.0,4.2,+0.00,0.00,SLOW,4414.34,4414.34,4414.34,4414.34,0.00,0.00,0.0,BULLISH,0.0,4414.34,4414.34,4414.34,4414.34,39,CLEARED_>=20s,1.0,0.0,0.0,0.0,0.0,0.0,0.0,PASS_<20%,0.00,0.0,NO,STANDBY_VEL_LOW,0,0.00,4590.00,78.36,FALSE,M1_DIRECTION_MISMATCH
2026-09-07 15:44:39.689,1788795879.690,8627,80,558,4414.34,4414.42,8.0,PASS_<=10c,+0.0,FLAT,+0.0,+0.0,4.2,+0.00,0.00,SLOW,4414.34,4414.34,4414.34,4414.34,0.00,0.00,0.0,BULLISH,0.0,4414.34,4414.34,4414.34,4414.34,39,CLEARED_>=20s,1.0,0.0,0.0,0.0,0.0,0.0,0.0,PASS_<20%,0.00,0.0,NO,STANDBY_VEL_LOW,0,0.00,4590.00,78.36,FALSE,M1_DIRECTION_MISMATCH
2026-09-07 15:44:40.192,1788795880.192,8628,81,559,4414.34,4414.42,8.0,PASS_<=10c,+0.0,FLAT,+0.0,+0.0,4.2,+0.00,0.00,SLOW,4414.34,4414.34,4414.34,4414.34,0.00,0.00,0.0,BULLISH,0.0,4414.34,4414.34,4414.34,4414.34,40,CLEARED_>=20s,1.0,0.0,0.0,0.0,0.0,0.0,0.0,PASS_<20%,0.00,0.0,NO,STANDBY_VEL_LOW,0,0.00,4590.00,78.36,FALSE,M1_DIRECTION_MISMATCH
2026-09-07 15:44:40.694,1788795880.695,8629,82,560,4414.34,4414.42,8.0,PASS_<=10c,+0.0,FLAT,+0.0,+0.0,4.2,+0.00,0.00,SLOW,4414.34,4414.34,4414.34,4414.34,0.00,0.00,0.0,BULLISH,0.0,4414.34,4414.34,4414.34,4414.34,40,CLEARED_>=20s,1.0,0.0,0.0,0.0,0.0,0.0,0.0,PASS_<20%,0.00,0.0,NO,STANDBY_VEL_LOW,0,0.00,4590.00,78.36,FALSE,M1_DIRECTION_MISMATCH
2026-09-07 15:44:41.195,1788795881.196,8630,83,561,4414.34,4414.42,8.0,PASS_<=10c,+0.0,FLAT,+0.0,+0.0,4.2,+0.00,0.00,SLOW,4414.34,4414.34,4414.34,4414.34,0.00,0.00,0.0,BULLISH,0.0,4414.34,4414.34,4414.34,4414.34,41,CLEARED_>=20s,1.0,0.0,0.0,0.0,0.0,0.0,0.0,PASS_<20%,0.00,0.0,NO,STANDBY_VEL_LOW,0,0.00,4590.00,78.36,FALSE,M1_DIRECTION_MISMATCH
2026-09-07 15:44:41.697,1788795881.698,8631,84,562,4414.34,4414.42,8.0,PASS_<=10c,+0.0,FLAT,+0.0,+0.0,4.2,+0.00,0.00,SLOW,4414.34,4414.34,4414.34,4414.34,0.00,0.00,0.0,BULLISH,0.0,4414.34,4414.34,4414.34,4414.34,41,CLEARED_>=20s,1.0,0.0,0.0,0.0,0.0,0.0,0.0,PASS_<20%,0.00,0.0,NO,STANDBY_VEL_LOW,0,0.00,4590.00,78.36,FALSE,M1_DIRECTION_MISMATCH
2026-09-07 15:44:42.198,1788795882.199,8632,85,563,4414.34,4414.42,8.0,PASS_<=10c,+0.0,FLAT,+0.0,+0.0,4.2,+0.00,0.00,SLOW,4414.34,4414.34,4414.34,4414.34,0.00,0.00,0.0,BULLISH,0.0,4414.34,4414.34,4414.34,4414.34,42,CLEARED_>=20s,1.0,0.0,0.0,0.0,0.0,0.0,0.0,PASS_<20%,0.00,0.0,NO,STANDBY_VEL_LOW,0,0.00,4590.00,78.36,FALSE,M1_DIRECTION_MISMATCH
2026-09-07 15:44:42.700,1788795882.700,8633,86,564,4414.34,4414.42,8.0,PASS_<=10c,+0.0,FLAT,+0.0,+0.0,4.2,+0.00,0.00,SLOW,4414.34,4414.34,4414.34,4414.34,0.00,0.00,0.0,BULLISH,0.0,4414.34,4414.34,4414.34,4414.34,42,CLEARED_>=20s,1.0,0.0,0.0,0.0,0.0,0.0,0.0,PASS_<20%,0.00,0.0,NO,STANDBY_VEL_LOW,0,0.00,4590.00,78.36,FALSE,M1_DIRECTION_MISMATCH
2026-09-07 15:44:43.201,1788795883.202,8634,87,565,4414.34,4414.42,8.0,PASS_<=10c,+0.0,FLAT,+0.0,+0.0,4.2,+0.00,0.00,SLOW,4414.34,4414.34,4414.34,4414.34,0.00,0.00,0.0,BULLISH,0.0,4414.34,4414.34,4414.34,4414.34,43,CLEARED_>=20s,1.0,0.0,0.0,0.0,0.0,0.0,0.0,PASS_<20%,0.00,0.0,NO,STANDBY_VEL_LOW,0,0.00,4590.00,78.36,FALSE,M1_DIRECTION_MISMATCH
2026-09-07 15:44:43.702,1788795883.702,8635,88,566,4414.34,4414.42,8.0,PASS_<=10c,+0.0,FLAT,+0.0,+0.0,4.2,+0.00,0.00,SLOW,4414.34,4414.34,4414.34,4414.34,0.00,0.00,0.0,BULLISH,0.0,4414.34,4414.34,4414.34,4414.34,43,CLEARED_>=20s,1.0,0.0,0.0,0.0,0.0,0.0,0.0,PASS_<20%,0.00,0.0,NO,STANDBY_VEL_LOW,0,0.00,4590.00,78.36,FALSE,M1_DIRECTION_MISMATCH
2026-09-07 15:44:44.204,1788795884.205,8636,89,567,4414.34,4414.42,8.0,PASS_<=10c,+0.0,FLAT,+0.0,+0.0,4.2,+0.00,0.00,SLOW,4414.34,4414.34,4414.34,4414.34,0.00,0.00,0.0,BULLISH,0.0,4414.34,4414.34,4414.34,4414.34,44,CLEARED_>=20s,1.0,0.0,0.0,0.0,0.0,0.0,0.0,PASS_<20%,0.00,0.0,NO,STANDBY_VEL_LOW,0,0.00,4590.00,78.36,FALSE,M1_DIRECTION_MISMATCH
2026-09-07 15:44:44.705,1788795884.706,8637,90,568,4414.34,4414.42,8.0,PASS_<=10c,+0.0,FLAT,+0.0,+0.0,4.2,+0.00,0.00,SLOW,4414.34,4414.34,4414.34,4414.34,0.00,0.00,0.0,BULLISH,0.0,4414.34,4414.34,4414.34,4414.34,44,CLEARED_>=20s,1.0,0.0,0.0,0.0,0.0,0.0,0.0,PASS_<20%,0.00,0.0,NO,STANDBY_VEL_LOW,0,0.00,4590.00,78.36,FALSE,M1_DIRECTION_MISMATCH
2026-09-07 15:44:45.207,1788795885.208,8638,91,569,4414.34,4414.42,8.0,PASS_<=10c,+0.0,FLAT,+0.0,+0.0,4.2,+0.00,0.00,SLOW,4414.34,4414.34,4414.34,4414.34,0.00,0.00,0.0,BULLISH,0.0,4414.34,4414.34,4414.34,4414.34,45,CLEARED_>=20s,1.0,0.0,0.0,0.0,0.0,0.0,0.0,PASS_<20%,0.00,0.0,NO,STANDBY_VEL_LOW,0,0.00,4590.00,78.36,FALSE,M1_DIRECTION_MISMATCH
2026-09-07 15:44:45.709,1788795885.710,8639,92,570,4414.34,4414.42,8.0,PASS_<=10c,+0.0,FLAT,+0.0,+0.0,4.2,+0.00,0.00,SLOW,4414.34,4414.34,4414.34,4414.34,0.00,0.00,0.0,BULLISH,0.0,4414.34,4414.34,4414.34,4414.34,45,CLEARED_>=20s,1.0,0.0,0.0,0.0,0.0,0.0,0.0,PASS_<20%,0.00,0.0,NO,STANDBY_VEL_LOW,0,0.00,4590.00,78.36,FALSE,M1_DIRECTION_MISMATCH
2026-09-07 15:44:46.210,1788795886.211,8640,93,571,4414.34,4414.42,8.0,PASS_<=10c,+0.0,FLAT,+0.0,+0.0,4.2,+0.00,0.00,SLOW,4414.34,4414.34,4414.34,4414.34,0.00,0.00,0.0,BULLISH,0.0,4414.34,4414.34,4414.34,4414.34,46,CLEARED_>=20s,1.0,0.0,0.0,0.0,0.0,0.0,0.0,PASS_<20%,0.00,0.0,NO,STANDBY_VEL_LOW,0,0.00,4590.00,78.36,FALSE,M1_DIRECTION_MISMATCH
2026-09-07 15:44:46.712,1788795886.713,8641,94,572,4414.34,4414.42,8.0,PASS_<=10c,+0.0,FLAT,+0.0,+0.0,4.2,+0.00,0.00,SLOW,4414.34,4414.34,4414.34,4414.34,0.00,0.00,0.0,BULLISH,0.0,4414.34,4414.34,4414.34,4414.34,46,CLEARED_>=20s,1.0,0.0,0.0,0.0,0.0,0.0,0.0,PASS_<20%,0.00,0.0,NO,STANDBY_VEL_LOW,0,0.00,4590.00,78.36,FALSE,M1_DIRECTION_MISMATCH
2026-09-07 15:44:47.215,1788795887.215,8642,95,573,4414.34,4414.42,8.0,PASS_<=10c,+0.0,FLAT,+0.0,+0.0,4.2,+0.00,0.00,SLOW,4414.34,4414.34,4414.34,4414.34,0.00,0.00,0.0,BULLISH,0.0,4414.34,4414.34,4414.34,4414.34,47,CLEARED_>=20s,1.0,0.0,0.0,0.0,0.0,0.0,0.0,PASS_<20%,0.00,0.0,NO,STANDBY_VEL_LOW,0,0.00,4590.00,78.36,FALSE,M1_DIRECTION_MISMATCH
2026-09-07 15:44:47.717,1788795887.717,8643,96,574,4414.34,4414.42,8.0,PASS_<=10c,+0.0,FLAT,+0.0,+0.0,4.2,+0.00,0.00,SLOW,4414.34,4414.34,4414.34,4414.34,0.00,0.00,0.0,BULLISH,0.0,4414.34,4414.34,4414.34,4414.34,47,CLEARED_>=20s,1.0,0.0,0.0,0.0,0.0,0.0,0.0,PASS_<20%,0.00,0.0,NO,STANDBY_VEL_LOW,0,0.00,4590.00,78.36,FALSE,M1_DIRECTION_MISMATCH
2026-09-07 15:44:48.219,1788795888.220,8644,97,575,4414.34,4414.42,8.0,PASS_<=10c,+0.0,FLAT,+0.0,+0.0,4.2,+0.00,0.00,SLOW,4414.34,4414.34,4414.34,4414.34,0.00,0.00,0.0,BULLISH,0.0,4414.34,4414.34,4414.34,4414.34,48,CLEARED_>=20s,1.0,0.0,0.0,0.0,0.0,0.0,0.0,PASS_<20%,0.00,0.0,NO,STANDBY_VEL_LOW,0,0.00,4590.00,78.36,FALSE,M1_DIRECTION_MISMATCH
2026-09-07 15:44:48.721,1788795888.721,8645,98,576,4414.34,4414.42,8.0,PASS_<=10c,+0.0,FLAT,+0.0,+0.0,4.2,+0.00,0.00,SLOW,4414.34,4414.34,4414.34,4414.34,0.00,0.00,0.0,BULLISH,0.0,4414.34,4414.34,4414.34,4414.34,48,CLEARED_>=20s,1.0,0.0,0.0,0.0,0.0,0.0,0.0,PASS_<20%,0.00,0.0,NO,STANDBY_VEL_LOW,0,0.00,4590.00,78.36,FALSE,M1_DIRECTION_MISMATCH
2026-09-07 15:44:49.224,1788795889.224,8646,99,577,4414.34,4414.42,8.0,PASS_<=10c,+0.0,FLAT,+0.0,+0.0,4.2,+0.00,0.00,SLOW,4414.34,4414.34,4414.34,4414.34,0.00,0.00,0.0,BULLISH,0.0,4414.34,4414.34,4414.34,4414.34,49,CLEARED_>=20s,1.0,0.0,0.0,0.0,0.0,0.0,0.0,PASS_<20%,0.00,0.0,NO,STANDBY_VEL_LOW,0,0.00,4590.00,78.36,FALSE,M1_DIRECTION_MISMATCH
2026-09-07 15:44:49.725,1788795889.726,8647,100,578,4414.34,4414.42,8.0,PASS_<=10c,+0.0,FLAT,+0.0,+0.0,4.2,+0.00,0.00,SLOW,4414.34,4414.34,4414.34,4414.34,0.00,0.00,0.0,BULLISH,0.0,4414.34,4414.34,4414.34,4414.34,49,CLEARED_>=20s,1.0,0.0,0.0,0.0,0.0,0.0,0.0,PASS_<20%,0.00,0.0,NO,STANDBY_VEL_LOW,0,0.00,4590.00,78.36,FALSE,M1_DIRECTION_MISMATCH
2026-09-07 15:44:50.227,1788795890.228,8648,101,579,4414.34,4414.42,8.0,PASS_<=10c,+0.0,FLAT,+0.0,+0.0,4.2,+0.00,0.00,SLOW,4414.34,4414.34,4414.34,4414.34,0.00,0.00,0.0,BULLISH,0.0,4414.34,4414.34,4414.34,4414.34,50,CLEARED_>=20s,1.0,0.0,0.0,0.0,0.0,0.0,0.0,PASS_<20%,0.00,0.0,NO,STANDBY_VEL_LOW,0,0.00,4590.00,78.36,FALSE,M1_DIRECTION_MISMATCH
2026-09-07 15:44:50.729,1788795890.730,8649,102,580,4414.34,4414.42,8.0,PASS_<=10c,+0.0,FLAT,+0.0,+0.0,4.2,+0.00,0.00,SLOW,4414.34,4414.34,4414.34,4414.34,0.00,0.00,0.0,BULLISH,0.0,4414.34,4414.34,4414.34,4414.34,50,CLEARED_>=20s,1.0,0.0,0.0,0.0,0.0,0.0,0.0,PASS_<20%,0.00,0.0,NO,STANDBY_VEL_LOW,0,0.00,4590.00,78.36,FALSE,M1_DIRECTION_MISMATCH
2026-09-07 15:44:51.231,1788795891.232,8650,103,581,4414.34,4414.42,8.0,PASS_<=10c,+0.0,FLAT,+0.0,+0.0,4.2,+0.00,0.00,SLOW,4414.34,4414.34,4414.34,4414.34,0.00,0.00,0.0,BULLISH,0.0,4414.34,4414.34,4414.34,4414.34,51,CLEARED_>=20s,1.0,0.0,0.0,0.0,0.0,0.0,0.0,PASS_<20%,0.00,0.0,NO,STANDBY_VEL_LOW,0,0.00,4590.00,78.36,FALSE,M1_DIRECTION_MISMATCH
2026-09-07 15:44:51.733,1788795891.734,8651,104,582,4414.34,4414.42,8.0,PASS_<=10c,+0.0,FLAT,+0.0,+0.0,4.2,+0.00,0.00,SLOW,4414.34,4414.34,4414.34,4414.34,0.00,0.00,0.0,BULLISH,0.0,4414.34,4414.34,4414.34,4414.34,51,CLEARED_>=20s,1.0,0.0,0.0,0.0,0.0,0.0,0.0,PASS_<20%,0.00,0.0,NO,STANDBY_VEL_LOW,0,0.00,4590.00,78.36,FALSE,M1_DIRECTION_MISMATCH
2026-09-07 15:44:52.235,1788795892.235,8652,105,583,4414.34,4414.42,8.0,PASS_<=10c,+0.0,FLAT,+0.0,+0.0,4.2,+0.00,0.00,SLOW,4414.34,4414.34,4414.34,4414.34,0.00,0.00,0.0,BULLISH,0.0,4414.34,4414.34,4414.34,4414.34,52,CLEARED_>=20s,1.0,0.0,0.0,0.0,0.0,0.0,0.0,PASS_<20%,0.00,0.0,NO,STANDBY_VEL_LOW,0,0.00,4590.00,78.36,FALSE,M1_DIRECTION_MISMATCH
2026-09-07 15:44:52.736,1788795892.737,8653,106,584,4414.34,4414.42,8.0,PASS_<=10c,+0.0,FLAT,+0.0,+0.0,4.2,+0.00,0.00,SLOW,4414.34,4414.34,4414.34,4414.34,0.00,0.00,0.0,BULLISH,0.0,4414.34,4414.34,4414.34,4414.34,52,CLEARED_>=20s,1.0,0.0,0.0,0.0,0.0,0.0,0.0,PASS_<20%,0.00,0.0,NO,STANDBY_VEL_LOW,0,0.00,4590.00,78.36,FALSE,M1_DIRECTION_MISMATCH
2026-09-07 15:44:53.238,1788795893.238,8654,107,585,4414.34,4414.42,8.0,PASS_<=10c,+0.0,FLAT,+0.0,+0.0,4.2,+0.00,0.00,SLOW,4414.34,4414.34,4414.34,4414.34,0.00,0.00,0.0,BULLISH,0.0,4414.34,4414.34,4414.34,4414.34,53,CLEARED_>=20s,1.0,0.0,0.0,0.0,0.0,0.0,0.0,PASS_<20%,0.00,0.0,NO,STANDBY_VEL_LOW,0,0.00,4590.00,78.36,FALSE,M1_DIRECTION_MISMATCH
2026-09-07 15:44:53.739,1788795893.740,8655,108,586,4414.34,4414.42,8.0,PASS_<=10c,+0.0,FLAT,+0.0,+0.0,4.2,+0.00,0.00,SLOW,4414.34,4414.34,4414.34,4414.34,0.00,0.00,0.0,BULLISH,0.0,4414.34,4414.34,4414.34,4414.34,53,CLEARED_>=20s,1.0,0.0,0.0,0.0,0.0,0.0,0.0,PASS_<20%,0.00,0.0,NO,STANDBY_VEL_LOW,0,0.00,4590.00,78.36,FALSE,M1_DIRECTION_MISMATCH
2026-09-07 15:44:54.241,1788795894.242,8656,109,587,4414.34,4414.42,8.0,PASS_<=10c,+0.0,FLAT,+0.0,+0.0,4.2,+0.00,0.00,SLOW,4414.34,4414.34,4414.34,4414.34,0.00,0.00,0.0,BULLISH,0.0,4414.34,4414.34,4414.34,4414.34,54,CLEARED_>=20s,1.0,0.0,0.0,0.0,0.0,0.0,0.0,PASS_<20%,0.00,0.0,NO,STANDBY_VEL_LOW,0,0.00,4590.00,78.36,FALSE,M1_DIRECTION_MISMATCH
2026-09-07 15:44:54.743,1788795894.744,8657,110,588,4414.34,4414.42,8.0,PASS_<=10c,+0.0,FLAT,+0.0,+0.0,4.2,+0.00,0.00,SLOW,4414.34,4414.34,4414.34,4414.34,0.00,0.00,0.0,BULLISH,0.0,4414.34,4414.34,4414.34,4414.34,54,CLEARED_>=20s,1.0,0.0,0.0,0.0,0.0,0.0,0.0,PASS_<20%,0.00,0.0,NO,STANDBY_VEL_LOW,0,0.00,4590.00,78.36,FALSE,M1_DIRECTION_MISMATCH
2026-09-07 15:44:55.245,1788795895.245,8658,111,589,4414.34,4414.42,8.0,PASS_<=10c,+0.0,FLAT,+0.0,+0.0,4.2,+0.00,0.00,SLOW,4414.34,4414.34,4414.34,4414.34,0.00,0.00,0.0,BULLISH,0.0,4414.34,4414.34,4414.34,4414.34,55,CLEARED_>=20s,1.0,0.0,0.0,0.0,0.0,0.0,0.0,PASS_<20%,0.00,0.0,NO,STANDBY_VEL_LOW,0,0.00,4590.00,78.36,FALSE,M1_DIRECTION_MISMATCH
2026-09-07 15:44:55.746,1788795895.747,8659,112,590,4414.34,4414.42,8.0,PASS_<=10c,+0.0,FLAT,+0.0,+0.0,4.2,+0.00,0.00,SLOW,4414.34,4414.34,4414.34,4414.34,0.00,0.00,0.0,BULLISH,0.0,4414.34,4414.34,4414.34,4414.34,55,CLEARED_>=20s,1.0,0.0,0.0,0.0,0.0,0.0,0.0,PASS_<20%,0.00,0.0,NO,STANDBY_VEL_LOW,0,0.00,4590.00,78.36,FALSE,M1_DIRECTION_MISMATCH
2026-09-07 15:44:56.248,1788795896.249,8660,113,591,4414.34,4414.42,8.0,PASS_<=10c,+0.0,FLAT,+0.0,+0.0,4.2,+0.00,0.00,SLOW,4414.34,4414.34,4414.34,4414.34,0.00,0.00,0.0,BULLISH,0.0,4414.34,4414.34,4414.34,4414.34,56,CLEARED_>=20s,1.0,0.0,0.0,0.0,0.0,0.0,0.0,PASS_<20%,0.00,0.0,NO,STANDBY_VEL_LOW,0,0.00,4590.00,78.36,FALSE,M1_DIRECTION_MISMATCH
2026-09-07 15:44:56.750,1788795896.750,8661,114,592,4414.34,4414.42,8.0,PASS_<=10c,+0.0,FLAT,+0.0,+0.0,4.2,+0.00,0.00,SLOW,4414.34,4414.34,4414.34,4414.34,0.00,0.00,0.0,BULLISH,0.0,4414.34,4414.34,4414.34,4414.34,56,CLEARED_>=20s,1.0,0.0,0.0,0.0,0.0,0.0,0.0,PASS_<20%,0.00,0.0,NO,STANDBY_VEL_LOW,0,0.00,4590.00,78.36,FALSE,M1_DIRECTION_MISMATCH
2026-09-07 15:44:57.252,1788795897.253,8662,115,593,4414.34,4414.42,8.0,PASS_<=10c,+0.0,FLAT,+0.0,+0.0,4.2,+0.00,0.00,SLOW,4414.34,4414.34,4414.34,4414.34,0.00,0.00,0.0,BULLISH,0.0,4414.34,4414.34,4414.34,4414.34,57,CLEARED_>=20s,1.0,0.0,0.0,0.0,0.0,0.0,0.0,PASS_<20%,0.00,0.0,NO,STANDBY_VEL_LOW,0,0.00,4590.00,78.36,FALSE,M1_DIRECTION_MISMATCH
2026-09-07 15:44:57.754,1788795897.755,8663,116,594,4414.34,4414.42,8.0,PASS_<=10c,+0.0,FLAT,+0.0,+0.0,4.2,+0.00,0.00,SLOW,4414.34,4414.34,4414.34,4414.34,0.00,0.00,0.0,BULLISH,0.0,4414.34,4414.34,4414.34,4414.34,57,CLEARED_>=20s,1.0,0.0,0.0,0.0,0.0,0.0,0.0,PASS_<20%,0.00,0.0,NO,STANDBY_VEL_LOW,0,0.00,4590.00,78.36,FALSE,M1_DIRECTION_MISMATCH
2026-09-07 15:44:58.257,1788795898.257,8664,117,595,4414.34,4414.42,8.0,PASS_<=10c,+0.0,FLAT,+0.0,+0.0,4.2,+0.00,0.00,SLOW,4414.34,4414.34,4414.34,4414.34,0.00,0.00,0.0,BULLISH,0.0,4414.34,4414.34,4414.34,4414.34,58,CLEARED_>=20s,1.0,0.0,0.0,0.0,0.0,0.0,0.0,PASS_<20%,0.00,0.0,NO,STANDBY_VEL_LOW,0,0.00,4590.00,78.36,FALSE,M1_DIRECTION_MISMATCH
2026-09-07 15:44:58.759,1788795898.759,8665,118,596,4414.34,4414.42,8.0,PASS_<=10c,+0.0,FLAT,+0.0,+0.0,4.2,+0.00,0.00,SLOW,4414.34,4414.34,4414.34,4414.34,0.00,0.00,0.0,BULLISH,0.0,4414.34,4414.34,4414.34,4414.34,58,CLEARED_>=20s,1.0,0.0,0.0,0.0,0.0,0.0,0.0,PASS_<20%,0.00,0.0,NO,STANDBY_VEL_LOW,0,0.00,4590.00,78.36,FALSE,M1_DIRECTION_MISMATCH
2026-09-07 15:44:59.260,1788795899.261,8666,119,597,4414.34,4414.42,8.0,PASS_<=10c,+0.0,FLAT,+0.0,+0.0,4.2,+0.00,0.00,SLOW,4414.34,4414.34,4414.34,4414.34,0.00,0.00,0.0,BULLISH,0.0,4414.34,4414.34,4414.34,4414.34,59,CLEARED_>=20s,1.0,0.0,0.0,0.0,0.0,0.0,0.0,PASS_<20%,0.00,0.0,NO,STANDBY_VEL_LOW,0,0.00,4590.00,78.36,FALSE,M1_DIRECTION_MISMATCH
2026-09-07 15:44:59.761,1788795899.762,8667,120,598,4414.34,4414.42,8.0,PASS_<=10c,+0.0,FLAT,+0.0,+0.0,4.2,+0.00,0.00,SLOW,4414.34,4414.34,4414.34,4414.34,0.00,0.00,0.0,BULLISH,0.0,4414.34,4414.34,4414.34,4414.34,59,CLEARED_>=20s,1.0,0.0,0.0,0.0,0.0,0.0,0.0,PASS_<20%,0.00,0.0,NO,STANDBY_VEL_LOW,0,0.00,4590.00,78.36,FALSE,M1_DIRECTION_MISMATCH
2026-09-07 15:45:00.263,1788795900.263,8668,1,1,4414.34,4414.42,8.0,PASS_<=10c,+0.0,FLAT,+0.0,+0.0,4.2,+0.00,0.00,SLOW,4414.34,4414.34,4414.34,4414.34,0.00,0.00,0.0,BULLISH,0.0,4414.34,4414.34,4414.34,4414.34,0,ACTIVE_0s,1.0,0.0,0.0,0.0,0.0,0.0,0.0,PASS_<20%,0.00,0.0,NO,STANDBY_VEL_LOW,0,0.00,4590.00,78.36,FALSE,M1_DIRECTION_MISMATCH|OPENING_SHIELD_ACTIVE_0s
2026-09-07 15:45:00.764,1788795900.765,8669,2,2,4414.34,4414.42,8.0,PASS_<=10c,+0.0,FLAT,+0.0,+0.0,4.2,+0.00,0.00,SLOW,4414.34,4414.34,4414.34,4414.34,0.00,0.00,0.0,BULLISH,0.0,4414.34,4414.34,4414.34,4414.34,0,ACTIVE_0s,1.0,0.0,0.0,0.0,0.0,0.0,0.0,PASS_<20%,0.00,0.0,NO,STANDBY_VEL_LOW,0,0.00,4590.00,78.36,FALSE,M1_DIRECTION_MISMATCH|OPENING_SHIELD_ACTIVE_0s
2026-09-07 15:45:01.266,1788795901.267,8670,3,3,4414.34,4414.42,8.0,PASS_<=10c,+0.0,FLAT,+0.0,+0.0,4.2,+0.00,0.00,SLOW,4414.34,4414.34,4414.34,4414.34,0.00,0.00,0.0,BULLISH,0.0,4414.34,4414.34,4414.34,4414.34,1,ACTIVE_1s,1.0,0.0,0.0,0.0,0.0,0.0,0.0,PASS_<20%,0.00,0.0,NO,STANDBY_VEL_LOW,0,0.00,4590.00,78.36,FALSE,M1_DIRECTION_MISMATCH|OPENING_SHIELD_ACTIVE_1s
2026-09-07 15:45:01.768,1788795901.768,8671,4,4,4414.34,4414.42,8.0,PASS_<=10c,+0.0,FLAT,+0.0,+0.0,4.2,+0.00,0.00,SLOW,4414.34,4414.34,4414.34,4414.34,0.00,0.00,0.0,BULLISH,0.0,4414.34,4414.34,4414.34,4414.34,1,ACTIVE_1s,1.0,0.0,0.0,0.0,0.0,0.0,0.0,PASS_<20%,0.00,0.0,NO,STANDBY_VEL_LOW,0,0.00,4590.00,78.36,FALSE,M1_DIRECTION_MISMATCH|OPENING_SHIELD_ACTIVE_1s
2026-09-07 15:45:02.269,1788795902.269,8672,5,5,4414.34,4414.42,8.0,PASS_<=10c,+0.0,FLAT,+0.0,+0.0,4.2,+0.00,0.00,SLOW,4414.34,4414.34,4414.34,4414.34,0.00,0.00,0.0,BULLISH,0.0,4414.34,4414.34,4414.34,4414.34,2,ACTIVE_2s,1.0,0.0,0.0,0.0,0.0,0.0,0.0,PASS_<20%,0.00,0.0,NO,STANDBY_VEL_LOW,0,0.00,4590.00,78.36,FALSE,M1_DIRECTION_MISMATCH|OPENING_SHIELD_ACTIVE_2s
2026-09-07 15:45:02.770,1788795902.771,8673,6,6,4414.34,4414.42,8.0,PASS_<=10c,+0.0,FLAT,+0.0,+0.0,4.2,+0.00,0.00,SLOW,4414.34,4414.34,4414.34,4414.34,0.00,0.00,0.0,BULLISH,0.0,4414.34,4414.34,4414.34,4414.34,2,ACTIVE_2s,1.0,0.0,0.0,0.0,0.0,0.0,0.0,PASS_<20%,0.00,0.0,NO,STANDBY_VEL_LOW,0,0.00,4590.00,78.36,FALSE,M1_DIRECTION_MISMATCH|OPENING_SHIELD_ACTIVE_2s
2026-09-07 15:45:03.272,1788795903.272,8674,7,7,4414.34,4414.42,8.0,PASS_<=10c,+0.0,FLAT,+0.0,+0.0,4.2,+0.00,0.00,SLOW,4414.34,4414.34,4414.34,4414.34,0.00,0.00,0.0,BULLISH,0.0,4414.34,4414.34,4414.34,4414.34,3,ACTIVE_3s,1.0,0.0,0.0,0.0,0.0,0.0,0.0,PASS_<20%,0.00,0.0,NO,STANDBY_VEL_LOW,0,0.00,4590.00,78.36,FALSE,M1_DIRECTION_MISMATCH|OPENING_SHIELD_ACTIVE_3s
2026-09-07 15:45:03.774,1788795903.774,8675,8,8,4414.34,4414.42,8.0,PASS_<=10c,+0.0,FLAT,+0.0,+0.0,4.2,+0.00,0.00,SLOW,4414.34,4414.34,4414.34,4414.34,0.00,0.00,0.0,BULLISH,0.0,4414.34,4414.34,4414.34,4414.34,3,ACTIVE_3s,1.0,0.0,0.0,0.0,0.0,0.0,0.0,PASS_<20%,0.00,0.0,NO,STANDBY_VEL_LOW,0,0.00,4590.00,78.36,FALSE,M1_DIRECTION_MISMATCH|OPENING_SHIELD_ACTIVE_3s
2026-09-07 15:45:04.275,1788795904.275,8676,9,9,4414.34,4414.42,8.0,PASS_<=10c,+0.0,FLAT,+0.0,+0.0,4.2,+0.00,0.00,SLOW,4414.34,4414.34,4414.34,4414.34,0.00,0.00,0.0,BULLISH,0.0,4414.34,4414.34,4414.34,4414.34,4,ACTIVE_4s,1.0,0.0,0.0,0.0,0.0,0.0,0.0,PASS_<20%,0.00,0.0,NO,STANDBY_VEL_LOW,0,0.00,4590.00,78.36,FALSE,M1_DIRECTION_MISMATCH|OPENING_SHIELD_ACTIVE_4s
2026-09-07 15:45:04.776,1788795904.777,8677,10,10,4414.34,4414.42,8.0,PASS_<=10c,+0.0,FLAT,+0.0,+0.0,4.2,+0.00,0.00,SLOW,4414.34,4414.34,4414.34,4414.34,0.00,0.00,0.0,BULLISH,0.0,4414.34,4414.34,4414.34,4414.34,4,ACTIVE_4s,1.0,0.0,0.0,0.0,0.0,0.0,0.0,PASS_<20%,0.00,0.0,NO,STANDBY_VEL_LOW,0,0.00,4590.00,78.36,FALSE,M1_DIRECTION_MISMATCH|OPENING_SHIELD_ACTIVE_4s
2026-09-07 15:45:05.278,1788795905.278,8678,11,11,4414.34,4414.42,8.0,PASS_<=10c,+0.0,FLAT,+0.0,+0.0,4.2,+0.00,0.00,SLOW,4414.34,4414.34,4414.34,4414.34,0.00,0.00,0.0,BULLISH,0.0,4414.34,4414.34,4414.34,4414.34,5,ACTIVE_5s,1.0,0.0,0.0,0.0,0.0,0.0,0.0,PASS_<20%,0.00,0.0,NO,STANDBY_VEL_LOW,0,0.00,4590.00,78.36,FALSE,M1_DIRECTION_MISMATCH|OPENING_SHIELD_ACTIVE_5s
2026-09-07 15:45:05.781,1788795905.782,8679,12,12,4414.34,4414.42,8.0,PASS_<=10c,+0.0,FLAT,+0.0,+0.0,4.2,+0.00,0.00,SLOW,4414.34,4414.34,4414.34,4414.34,0.00,0.00,0.0,BULLISH,0.0,4414.34,4414.34,4414.34,4414.34,5,ACTIVE_5s,1.0,0.0,0.0,0.0,0.0,0.0,0.0,PASS_<20%,0.00,0.0,NO,STANDBY_VEL_LOW,0,0.00,4590.00,78.36,FALSE,M1_DIRECTION_MISMATCH|OPENING_SHIELD_ACTIVE_5s
2026-09-07 15:45:06.281,1788795906.281,8680,13,13,4414.34,4414.42,8.0,PASS_<=10c,+0.0,FLAT,+0.0,+0.0,4.2,+0.00,0.00,SLOW,4414.34,4414.34,4414.34,4414.34,0.00,0.00,0.0,BULLISH,0.0,4414.34,4414.34,4414.34,4414.34,6,ACTIVE_6s,1.0,0.0,0.0,0.0,0.0,0.0,0.0,PASS_<20%,0.00,0.0,NO,STANDBY_VEL_LOW,0,0.00,4590.00,78.36,FALSE,M1_DIRECTION_MISMATCH|OPENING_SHIELD_ACTIVE_6s
2026-09-07 15:45:06.782,1788795906.783,8681,14,14,4414.34,4414.42,8.0,PASS_<=10c,+0.0,FLAT,+0.0,+0.0,4.2,+0.00,0.00,SLOW,4414.34,4414.34,4414.34,4414.34,0.00,0.00,0.0,BULLISH,0.0,4414.34,4414.34,4414.34,4414.34,6,ACTIVE_6s,1.0,0.0,0.0,0.0,0.0,0.0,0.0,PASS_<20%,0.00,0.0,NO,STANDBY_VEL_LOW,0,0.00,4590.00,78.36,FALSE,M1_DIRECTION_MISMATCH|OPENING_SHIELD_ACTIVE_6s
2026-09-07 15:45:07.284,1788795907.285,8682,15,15,4414.34,4414.42,8.0,PASS_<=10c,+0.0,FLAT,+0.0,+0.0,4.2,+0.00,0.00,SLOW,4414.34,4414.34,4414.34,4414.34,0.00,0.00,0.0,BULLISH,0.0,4414.34,4414.34,4414.34,4414.34,7,ACTIVE_7s,1.0,0.0,0.0,0.0,0.0,0.0,0.0,PASS_<20%,0.00,0.0,NO,STANDBY_VEL_LOW,0,0.00,4590.00,78.36,FALSE,M1_DIRECTION_MISMATCH|OPENING_SHIELD_ACTIVE_7s
2026-09-07 15:45:07.786,1788795907.787,8683,16,16,4414.34,4414.42,8.0,PASS_<=10c,+0.0,FLAT,+0.0,+0.0,4.2,+0.00,0.00,SLOW,4414.34,4414.34,4414.34,4414.34,0.00,0.00,0.0,BULLISH,0.0,4414.34,4414.34,4414.34,4414.34,7,ACTIVE_7s,1.0,0.0,0.0,0.0,0.0,0.0,0.0,PASS_<20%,0.00,0.0,NO,STANDBY_VEL_LOW,0,0.00,4590.00,78.36,FALSE,M1_DIRECTION_MISMATCH|OPENING_SHIELD_ACTIVE_7s
2026-09-07 15:45:08.289,1788795908.289,8684,17,17,4414.34,4414.42,8.0,PASS_<=10c,+0.0,FLAT,+0.0,+0.0,4.2,+0.00,0.00,SLOW,4414.34,4414.34,4414.34,4414.34,0.00,0.00,0.0,BULLISH,0.0,4414.34,4414.34,4414.34,4414.34,8,ACTIVE_8s,1.0,0.0,0.0,0.0,0.0,0.0,0.0,PASS_<20%,0.00,0.0,NO,STANDBY_VEL_LOW,0,0.00,4590.00,78.36,FALSE,M1_DIRECTION_MISMATCH|OPENING_SHIELD_ACTIVE_8s
2026-09-07 15:45:08.790,1788795908.791,8685,18,18,4414.34,4414.42,8.0,PASS_<=10c,+0.0,FLAT,+0.0,+0.0,4.2,+0.00,0.00,SLOW,4414.34,4414.34,4414.34,4414.34,0.00,0.00,0.0,BULLISH,0.0,4414.34,4414.34,4414.34,4414.34,8,ACTIVE_8s,1.0,0.0,0.0,0.0,0.0,0.0,0.0,PASS_<20%,0.00,0.0,NO,STANDBY_VEL_LOW,0,0.00,4590.00,78.36,FALSE,M1_DIRECTION_MISMATCH|OPENING_SHIELD_ACTIVE_8s
2026-09-07 15:45:09.291,1788795909.291,8686,19,19,4414.34,4414.42,8.0,PASS_<=10c,+0.0,FLAT,+0.0,+0.0,4.2,+0.00,0.00,SLOW,4414.34,4414.34,4414.34,4414.34,0.00,0.00,0.0,BULLISH,0.0,4414.34,4414.34,4414.34,4414.34,9,ACTIVE_9s,1.0,0.0,0.0,0.0,0.0,0.0,0.0,PASS_<20%,0.00,0.0,NO,STANDBY_VEL_LOW,0,0.00,4590.00,78.36,FALSE,M1_DIRECTION_MISMATCH|OPENING_SHIELD_ACTIVE_9s
2026-09-07 15:45:09.792,1788795909.792,8687,20,20,4414.34,4414.42,8.0,PASS_<=10c,+0.0,FLAT,+0.0,+0.0,4.2,+0.00,0.00,SLOW,4414.34,4414.34,4414.34,4414.34,0.00,0.00,0.0,BULLISH,0.0,4414.34,4414.34,4414.34,4414.34,9,ACTIVE_9s,1.0,0.0,0.0,0.0,0.0,0.0,0.0,PASS_<20%,0.00,0.0,NO,STANDBY_VEL_LOW,0,0.00,4590.00,78.36,FALSE,M1_DIRECTION_MISMATCH|OPENING_SHIELD_ACTIVE_9s
2026-09-07 15:45:10.294,1788795910.295,8688,21,21,4414.34,4414.42,8.0,PASS_<=10c,+0.0,FLAT,+0.0,+0.0,4.2,+0.00,0.00,SLOW,4414.34,4414.34,4414.34,4414.34,0.00,0.00,0.0,BULLISH,0.0,4414.34,4414.34,4414.34,4414.34,10,ACTIVE_10s,1.0,0.0,0.0,0.0,0.0,0.0,0.0,PASS_<20%,0.00,0.0,NO,STANDBY_VEL_LOW,0,0.00,4590.00,78.36,FALSE,M1_DIRECTION_MISMATCH|OPENING_SHIELD_ACTIVE_10s
2026-09-07 15:45:10.795,1788795910.796,8689,22,22,4414.34,4414.42,8.0,PASS_<=10c,+0.0,FLAT,+0.0,+0.0,4.2,+0.00,0.00,SLOW,4414.34,4414.34,4414.34,4414.34,0.00,0.00,0.0,BULLISH,0.0,4414.34,4414.34,4414.34,4414.34,10,ACTIVE_10s,1.0,0.0,0.0,0.0,0.0,0.0,0.0,PASS_<20%,0.00,0.0,NO,STANDBY_VEL_LOW,0,0.00,4590.00,78.36,FALSE,M1_DIRECTION_MISMATCH|OPENING_SHIELD_ACTIVE_10s
2026-09-07 15:45:11.297,1788795911.297,8690,23,23,4414.34,4414.42,8.0,PASS_<=10c,+0.0,FLAT,+0.0,+0.0,4.2,+0.00,0.00,SLOW,4414.34,4414.34,4414.34,4414.34,0.00,0.00,0.0,BULLISH,0.0,4414.34,4414.34,4414.34,4414.34,11,ACTIVE_11s,1.0,0.0,0.0,0.0,0.0,0.0,0.0,PASS_<20%,0.00,0.0,NO,STANDBY_VEL_LOW,0,0.00,4590.00,78.36,FALSE,M1_DIRECTION_MISMATCH|OPENING_SHIELD_ACTIVE_11s
2026-09-07 15:45:11.798,1788795911.799,8691,24,24,4414.34,4414.42,8.0,PASS_<=10c,+0.0,FLAT,+0.0,+0.0,4.2,+0.00,0.00,SLOW,4414.34,4414.34,4414.34,4414.34,0.00,0.00,0.0,BULLISH,0.0,4414.34,4414.34,4414.34,4414.34,11,ACTIVE_11s,1.0,0.0,0.0,0.0,0.0,0.0,0.0,PASS_<20%,0.00,0.0,NO,STANDBY_VEL_LOW,0,0.00,4590.00,78.36,FALSE,M1_DIRECTION_MISMATCH|OPENING_SHIELD_ACTIVE_11s
2026-09-07 15:45:12.300,1788795912.300,8692,25,25,4414.34,4414.42,8.0,PASS_<=10c,+0.0,FLAT,+0.0,+0.0,4.2,+0.00,0.00,SLOW,4414.34,4414.34,4414.34,4414.34,0.00,0.00,0.0,BULLISH,0.0,4414.34,4414.34,4414.34,4414.34,12,ACTIVE_12s,1.0,0.0,0.0,0.0,0.0,0.0,0.0,PASS_<20%,0.00,0.0,NO,STANDBY_VEL_LOW,0,0.00,4590.00,78.36,FALSE,M1_DIRECTION_MISMATCH|OPENING_SHIELD_ACTIVE_12s
2026-09-07 15:45:12.801,1788795912.802,8693,26,26,4414.34,4414.42,8.0,PASS_<=10c,+0.0,FLAT,+0.0,+0.0,4.2,+0.00,0.00,SLOW,4414.34,4414.34,4414.34,4414.34,0.00,0.00,0.0,BULLISH,0.0,4414.34,4414.34,4414.34,4414.34,12,ACTIVE_12s,1.0,0.0,0.0,0.0,0.0,0.0,0.0,PASS_<20%,0.00,0.0,NO,STANDBY_VEL_LOW,0,0.00,4590.00,78.36,FALSE,M1_DIRECTION_MISMATCH|OPENING_SHIELD_ACTIVE_12s
2026-09-07 15:45:13.303,1788795913.303,8694,27,27,4414.34,4414.42,8.0,PASS_<=10c,+0.0,FLAT,+0.0,+0.0,4.2,+0.00,0.00,SLOW,4414.34,4414.34,4414.34,4414.34,0.00,0.00,0.0,BULLISH,0.0,4414.34,4414.34,4414.34,4414.34,13,ACTIVE_13s,1.0,0.0,0.0,0.0,0.0,0.0,0.0,PASS_<20%,0.00,0.0,NO,STANDBY_VEL_LOW,0,0.00,4590.00,78.36,FALSE,M1_DIRECTION_MISMATCH|OPENING_SHIELD_ACTIVE_13s
2026-09-07 15:45:13.805,1788795913.805,8695,28,28,4414.34,4414.42,8.0,PASS_<=10c,+0.0,FLAT,+0.0,+0.0,4.2,+0.00,0.00,SLOW,4414.34,4414.34,4414.34,4414.34,0.00,0.00,0.0,BULLISH,0.0,4414.34,4414.34,4414.34,4414.34,13,ACTIVE_13s,1.0,0.0,0.0,0.0,0.0,0.0,0.0,PASS_<20%,0.00,0.0,NO,STANDBY_VEL_LOW,0,0.00,4590.00,78.36,FALSE,M1_DIRECTION_MISMATCH|OPENING_SHIELD_ACTIVE_13s
2026-09-07 15:45:14.306,1788795914.307,8696,29,29,4414.34,4414.42,8.0,PASS_<=10c,+0.0,FLAT,+0.0,+0.0,4.2,+0.00,0.00,SLOW,4414.34,4414.34,4414.34,4414.34,0.00,0.00,0.0,BULLISH,0.0,4414.34,4414.34,4414.34,4414.34,14,ACTIVE_14s,1.0,0.0,0.0,0.0,0.0,0.0,0.0,PASS_<20%,0.00,0.0,NO,STANDBY_VEL_LOW,0,0.00,4590.00,78.36,FALSE,M1_DIRECTION_MISMATCH|OPENING_SHIELD_ACTIVE_14s
2026-09-07 15:45:14.809,1788795914.810,8697,30,30,4414.34,4414.42,8.0,PASS_<=10c,+0.0,FLAT,+0.0,+0.0,4.2,+0.00,0.00,SLOW,4414.34,4414.34,4414.34,4414.34,0.00,0.00,0.0,BULLISH,0.0,4414.34,4414.34,4414.34,4414.34,14,ACTIVE_14s,1.0,0.0,0.0,0.0,0.0,0.0,0.0,PASS_<20%,0.00,0.0,NO,STANDBY_VEL_LOW,0,0.00,4590.00,78.36,FALSE,M1_DIRECTION_MISMATCH|OPENING_SHIELD_ACTIVE_14s
2026-09-07 15:45:15.311,1788795915.311,8698,31,31,4414.34,4414.42,8.0,PASS_<=10c,+0.0,FLAT,+0.0,+0.0,4.2,+0.00,0.00,SLOW,4414.34,4414.34,4414.34,4414.34,0.00,0.00,0.0,BULLISH,0.0,4414.34,4414.34,4414.34,4414.34,15,ACTIVE_15s,1.0,0.0,0.0,0.0,0.0,0.0,0.0,PASS_<20%,0.00,0.0,NO,STANDBY_VEL_LOW,0,0.00,4590.00,78.36,FALSE,M1_DIRECTION_MISMATCH|OPENING_SHIELD_ACTIVE_15s
2026-09-07 15:45:15.813,1788795915.813,8699,32,32,4414.34,4414.42,8.0,PASS_<=10c,+0.0,FLAT,+0.0,+0.0,4.2,+0.00,0.00,SLOW,4414.34,4414.34,4414.34,4414.34,0.00,0.00,0.0,BULLISH,0.0,4414.34,4414.34,4414.34,4414.34,15,ACTIVE_15s,1.0,0.0,0.0,0.0,0.0,0.0,0.0,PASS_<20%,0.00,0.0,NO,STANDBY_VEL_LOW,0,0.00,4590.00,78.36,FALSE,M1_DIRECTION_MISMATCH|OPENING_SHIELD_ACTIVE_15s
2026-09-07 15:45:16.318,1788795916.318,8700,33,33,4414.34,4414.42,8.0,PASS_<=10c,+0.0,FLAT,+0.0,+0.0,4.2,+0.00,0.00,SLOW,4414.34,4414.34,4414.34,4414.34,0.00,0.00,0.0,BULLISH,0.0,4414.34,4414.34,4414.34,4414.34,16,ACTIVE_16s,1.0,0.0,0.0,0.0,0.0,0.0,0.0,PASS_<20%,0.00,0.0,NO,STANDBY_VEL_LOW,0,0.00,4590.00,78.36,FALSE,M1_DIRECTION_MISMATCH|OPENING_SHIELD_ACTIVE_16s
2026-09-07 15:45:16.816,1788795916.816,8701,34,34,4414.34,4414.42,8.0,PASS_<=10c,+0.0,FLAT,+0.0,+0.0,4.2,+0.00,0.00,SLOW,4414.34,4414.34,4414.34,4414.34,0.00,0.00,0.0,BULLISH,0.0,4414.34,4414.34,4414.34,4414.34,16,ACTIVE_16s,1.0,0.0,0.0,0.0,0.0,0.0,0.0,PASS_<20%,0.00,0.0,NO,STANDBY_VEL_LOW,0,0.00,4590.00,78.36,FALSE,M1_DIRECTION_MISMATCH|OPENING_SHIELD_ACTIVE_16s
2026-09-07 15:45:17.318,1788795917.319,8702,35,35,4414.34,4414.42,8.0,PASS_<=10c,+0.0,FLAT,+0.0,+0.0,4.2,+0.00,0.00,SLOW,4414.34,4414.34,4414.34,4414.34,0.00,0.00,0.0,BULLISH,0.0,4414.34,4414.34,4414.34,4414.34,17,ACTIVE_17s,1.0,0.0,0.0,0.0,0.0,0.0,0.0,PASS_<20%,0.00,0.0,NO,STANDBY_VEL_LOW,0,0.00,4590.00,78.36,FALSE,M1_DIRECTION_MISMATCH|OPENING_SHIELD_ACTIVE_17s
2026-09-07 15:45:17.821,1788795917.822,8703,36,36,4414.34,4414.42,8.0,PASS_<=10c,+0.0,FLAT,+0.0,+0.0,4.2,+0.00,0.00,SLOW,4414.34,4414.34,4414.34,4414.34,0.00,0.00,0.0,BULLISH,0.0,4414.34,4414.34,4414.34,4414.34,17,ACTIVE_17s,1.0,0.0,0.0,0.0,0.0,0.0,0.0,PASS_<20%,0.00,0.0,NO,STANDBY_VEL_LOW,0,0.00,4590.00,78.36,FALSE,M1_DIRECTION_MISMATCH|OPENING_SHIELD_ACTIVE_17s
2026-09-07 15:45:18.322,1788795918.323,8704,37,37,4414.34,4414.42,8.0,PASS_<=10c,+0.0,FLAT,+0.0,+0.0,4.2,+0.00,0.00,SLOW,4414.34,4414.34,4414.34,4414.34,0.00,0.00,0.0,BULLISH,0.0,4414.34,4414.34,4414.34,4414.34,18,ACTIVE_18s,1.0,0.0,0.0,0.0,0.0,0.0,0.0,PASS_<20%,0.00,0.0,NO,STANDBY_VEL_LOW,0,0.00,4590.00,78.36,FALSE,M1_DIRECTION_MISMATCH|OPENING_SHIELD_ACTIVE_18s
2026-09-07 15:45:18.823,1788795918.824,8705,38,38,4414.34,4414.42,8.0,PASS_<=10c,+0.0,FLAT,+0.0,+0.0,4.2,+0.00,0.00,SLOW,4414.34,4414.34,4414.34,4414.34,0.00,0.00,0.0,BULLISH,0.0,4414.34,4414.34,4414.34,4414.34,18,ACTIVE_18s,1.0,0.0,0.0,0.0,0.0,0.0,0.0,PASS_<20%,0.00,0.0,NO,STANDBY_VEL_LOW,0,0.00,4590.00,78.36,FALSE,M1_DIRECTION_MISMATCH|OPENING_SHIELD_ACTIVE_18s
2026-09-07 15:45:19.326,1788795919.327,8706,39,39,4414.34,4414.42,8.0,PASS_<=10c,+0.0,FLAT,+0.0,+0.0,4.2,+0.00,0.00,SLOW,4414.34,4414.34,4414.34,4414.34,0.00,0.00,0.0,BULLISH,0.0,4414.34,4414.34,4414.34,4414.34,19,ACTIVE_19s,1.0,0.0,0.0,0.0,0.0,0.0,0.0,PASS_<20%,0.00,0.0,NO,STANDBY_VEL_LOW,0,0.00,4590.00,78.36,FALSE,M1_DIRECTION_MISMATCH|OPENING_SHIELD_ACTIVE_19s
2026-09-07 15:45:19.828,1788795919.828,8707,40,40,4414.34,4414.42,8.0,PASS_<=10c,+0.0,FLAT,+0.0,+0.0,4.2,+0.00,0.00,SLOW,4414.34,4414.34,4414.34,4414.34,0.00,0.00,0.0,BULLISH,0.0,4414.34,4414.34,4414.34,4414.34,19,ACTIVE_19s,1.0,0.0,0.0,0.0,0.0,0.0,0.0,PASS_<20%,0.00,0.0,NO,STANDBY_VEL_LOW,0,0.00,4590.00,78.36,FALSE,M1_DIRECTION_MISMATCH|OPENING_SHIELD_ACTIVE_19s
2026-09-07 15:45:20.330,1788795920.331,8708,41,41,4414.34,4414.42,8.0,PASS_<=10c,+0.0,FLAT,+0.0,+0.0,4.2,+0.00,0.00,SLOW,4414.34,4414.34,4414.34,4414.34,0.00,0.00,0.0,BULLISH,0.0,4414.34,4414.34,4414.34,4414.34,20,CLEARED_>=20s,1.0,0.0,0.0,0.0,0.0,0.0,0.0,PASS_<20%,0.00,0.0,NO,STANDBY_VEL_LOW,0,0.00,4590.00,78.36,FALSE,M1_DIRECTION_MISMATCH
2026-09-07 15:45:20.832,1788795920.833,8709,42,42,4414.34,4414.42,8.0,PASS_<=10c,+0.0,FLAT,+0.0,+0.0,4.2,+0.00,0.00,SLOW,4414.34,4414.34,4414.34,4414.34,0.00,0.00,0.0,BULLISH,0.0,4414.34,4414.34,4414.34,4414.34,20,CLEARED_>=20s,1.0,0.0,0.0,0.0,0.0,0.0,0.0,PASS_<20%,0.00,0.0,NO,STANDBY_VEL_LOW,0,0.00,4590.00,78.36,FALSE,M1_DIRECTION_MISMATCH
2026-09-07 15:45:21.334,1788795921.335,8710,43,43,4414.34,4414.42,8.0,PASS_<=10c,+0.0,FLAT,+0.0,+0.0,4.2,+0.00,0.00,SLOW,4414.34,4414.34,4414.34,4414.34,0.00,0.00,0.0,BULLISH,0.0,4414.34,4414.34,4414.34,4414.34,21,CLEARED_>=20s,1.0,0.0,0.0,0.0,0.0,0.0,0.0,PASS_<20%,0.00,0.0,NO,STANDBY_VEL_LOW,0,0.00,4590.00,78.36,FALSE,M1_DIRECTION_MISMATCH
2026-09-07 15:45:21.836,1788795921.837,8711,44,44,4414.34,4414.42,8.0,PASS_<=10c,+0.0,FLAT,+0.0,+0.0,4.2,+0.00,0.00,SLOW,4414.34,4414.34,4414.34,4414.34,0.00,0.00,0.0,BULLISH,0.0,4414.34,4414.34,4414.34,4414.34,21,CLEARED_>=20s,1.0,0.0,0.0,0.0,0.0,0.0,0.0,PASS_<20%,0.00,0.0,NO,STANDBY_VEL_LOW,0,0.00,4590.00,78.36,FALSE,M1_DIRECTION_MISMATCH
2026-09-07 15:45:22.338,1788795922.338,8712,45,45,4414.34,4414.42,8.0,PASS_<=10c,+0.0,FLAT,+0.0,+0.0,4.2,+0.00,0.00,SLOW,4414.34,4414.34,4414.34,4414.34,0.00,0.00,0.0,BULLISH,0.0,4414.34,4414.34,4414.34,4414.34,22,CLEARED_>=20s,1.0,0.0,0.0,0.0,0.0,0.0,0.0,PASS_<20%,0.00,0.0,NO,STANDBY_VEL_LOW,0,0.00,4590.00,78.36,FALSE,M1_DIRECTION_MISMATCH
2026-09-07 15:45:22.840,1788795922.840,8713,46,46,4414.34,4414.42,8.0,PASS_<=10c,+0.0,FLAT,+0.0,+0.0,4.2,+0.00,0.00,SLOW,4414.34,4414.34,4414.34,4414.34,0.00,0.00,0.0,BULLISH,0.0,4414.34,4414.34,4414.34,4414.34,22,CLEARED_>=20s,1.0,0.0,0.0,0.0,0.0,0.0,0.0,PASS_<20%,0.00,0.0,NO,STANDBY_VEL_LOW,0,0.00,4590.00,78.36,FALSE,M1_DIRECTION_MISMATCH
2026-09-07 15:45:23.341,1788795923.342,8714,47,47,4414.34,4414.42,8.0,PASS_<=10c,+0.0,FLAT,+0.0,+0.0,4.2,+0.00,0.00,SLOW,4414.34,4414.34,4414.34,4414.34,0.00,0.00,0.0,BULLISH,0.0,4414.34,4414.34,4414.34,4414.34,23,CLEARED_>=20s,1.0,0.0,0.0,0.0,0.0,0.0,0.0,PASS_<20%,0.00,0.0,NO,STANDBY_VEL_LOW,0,0.00,4590.00,78.36,FALSE,M1_DIRECTION_MISMATCH
2026-09-07 15:45:23.842,1788795923.843,8715,48,48,4414.34,4414.42,8.0,PASS_<=10c,+0.0,FLAT,+0.0,+0.0,4.2,+0.00,0.00,SLOW,4414.34,4414.34,4414.34,4414.34,0.00,0.00,0.0,BULLISH,0.0,4414.34,4414.34,4414.34,4414.34,23,CLEARED_>=20s,1.0,0.0,0.0,0.0,0.0,0.0,0.0,PASS_<20%,0.00,0.0,NO,STANDBY_VEL_LOW,0,0.00,4590.00,78.36,FALSE,M1_DIRECTION_MISMATCH
2026-09-07 15:45:24.344,1788795924.345,8716,49,49,4414.34,4414.42,8.0,PASS_<=10c,+0.0,FLAT,+0.0,+0.0,4.2,+0.00,0.00,SLOW,4414.34,4414.34,4414.34,4414.34,0.00,0.00,0.0,BULLISH,0.0,4414.34,4414.34,4414.34,4414.34,24,CLEARED_>=20s,1.0,0.0,0.0,0.0,0.0,0.0,0.0,PASS_<20%,0.00,0.0,NO,STANDBY_VEL_LOW,0,0.00,4590.00,78.36,FALSE,M1_DIRECTION_MISMATCH
2026-09-07 15:45:24.846,1788795924.847,8717,50,50,4414.34,4414.42,8.0,PASS_<=10c,+0.0,FLAT,+0.0,+0.0,4.2,+0.00,0.00,SLOW,4414.34,4414.34,4414.34,4414.34,0.00,0.00,0.0,BULLISH,0.0,4414.34,4414.34,4414.34,4414.34,24,CLEARED_>=20s,1.0,0.0,0.0,0.0,0.0,0.0,0.0,PASS_<20%,0.00,0.0,NO,STANDBY_VEL_LOW,0,0.00,4590.00,78.36,FALSE,M1_DIRECTION_MISMATCH
2026-09-07 15:45:25.348,1788795925.349,8718,51,51,4414.34,4414.42,8.0,PASS_<=10c,+0.0,FLAT,+0.0,+0.0,4.2,+0.00,0.00,SLOW,4414.34,4414.34,4414.34,4414.34,0.00,0.00,0.0,BULLISH,0.0,4414.34,4414.34,4414.34,4414.34,25,CLEARED_>=20s,1.0,0.0,0.0,0.0,0.0,0.0,0.0,PASS_<20%,0.00,0.0,NO,STANDBY_VEL_LOW,0,0.00,4590.00,78.36,FALSE,M1_DIRECTION_MISMATCH
2026-09-07 15:45:25.849,1788795925.849,8719,52,52,4414.34,4414.42,8.0,PASS_<=10c,+0.0,FLAT,+0.0,+0.0,4.2,+0.00,0.00,SLOW,4414.34,4414.34,4414.34,4414.34,0.00,0.00,0.0,BULLISH,0.0,4414.34,4414.34,4414.34,4414.34,25,CLEARED_>=20s,1.0,0.0,0.0,0.0,0.0,0.0,0.0,PASS_<20%,0.00,0.0,NO,STANDBY_VEL_LOW,0,0.00,4590.00,78.36,FALSE,M1_DIRECTION_MISMATCH
2026-09-07 15:45:26.351,1788795926.351,8720,53,53,4414.34,4414.42,8.0,PASS_<=10c,+0.0,FLAT,+0.0,+0.0,4.2,+0.00,0.00,SLOW,4414.34,4414.34,4414.34,4414.34,0.00,0.00,0.0,BULLISH,0.0,4414.34,4414.34,4414.34,4414.34,26,CLEARED_>=20s,1.0,0.0,0.0,0.0,0.0,0.0,0.0,PASS_<20%,0.00,0.0,NO,STANDBY_VEL_LOW,0,0.00,4590.00,78.36,FALSE,M1_DIRECTION_MISMATCH
2026-09-07 15:45:26.853,1788795926.854,8721,54,54,4414.34,4414.42,8.0,PASS_<=10c,+0.0,FLAT,+0.0,+0.0,4.2,+0.00,0.00,SLOW,4414.34,4414.34,4414.34,4414.34,0.00,0.00,0.0,BULLISH,0.0,4414.34,4414.34,4414.34,4414.34,26,CLEARED_>=20s,1.0,0.0,0.0,0.0,0.0,0.0,0.0,PASS_<20%,0.00,0.0,NO,STANDBY_VEL_LOW,0,0.00,4590.00,78.36,FALSE,M1_DIRECTION_MISMATCH
2026-09-07 15:45:27.355,1788795927.355,8722,55,55,4414.34,4414.42,8.0,PASS_<=10c,+0.0,FLAT,+0.0,+0.0,4.2,+0.00,0.00,SLOW,4414.34,4414.34,4414.34,4414.34,0.00,0.00,0.0,BULLISH,0.0,4414.34,4414.34,4414.34,4414.34,27,CLEARED_>=20s,1.0,0.0,0.0,0.0,0.0,0.0,0.0,PASS_<20%,0.00,0.0,NO,STANDBY_VEL_LOW,0,0.00,4590.00,78.36,FALSE,M1_DIRECTION_MISMATCH
2026-09-07 15:45:27.857,1788795927.857,8723,56,56,4414.34,4414.42,8.0,PASS_<=10c,+0.0,FLAT,+0.0,+0.0,4.2,+0.00,0.00,SLOW,4414.34,4414.34,4414.34,4414.34,0.00,0.00,0.0,BULLISH,0.0,4414.34,4414.34,4414.34,4414.34,27,CLEARED_>=20s,1.0,0.0,0.0,0.0,0.0,0.0,0.0,PASS_<20%,0.00,0.0,NO,STANDBY_VEL_LOW,0,0.00,4590.00,78.36,FALSE,M1_DIRECTION_MISMATCH
2026-09-07 15:45:28.359,1788795928.359,8724,57,57,4414.34,4414.42,8.0,PASS_<=10c,+0.0,FLAT,+0.0,+0.0,4.2,+0.00,0.00,SLOW,4414.34,4414.34,4414.34,4414.34,0.00,0.00,0.0,BULLISH,0.0,4414.34,4414.34,4414.34,4414.34,28,CLEARED_>=20s,1.0,0.0,0.0,0.0,0.0,0.0,0.0,PASS_<20%,0.00,0.0,NO,STANDBY_VEL_LOW,0,0.00,4590.00,78.36,FALSE,M1_DIRECTION_MISMATCH
2026-09-07 15:45:28.861,1788795928.861,8725,58,58,4414.34,4414.42,8.0,PASS_<=10c,+0.0,FLAT,+0.0,+0.0,4.2,+0.00,0.00,SLOW,4414.34,4414.34,4414.34,4414.34,0.00,0.00,0.0,BULLISH,0.0,4414.34,4414.34,4414.34,4414.34,28,CLEARED_>=20s,1.0,0.0,0.0,0.0,0.0,0.0,0.0,PASS_<20%,0.00,0.0,NO,STANDBY_VEL_LOW,0,0.00,4590.00,78.36,FALSE,M1_DIRECTION_MISMATCH
2026-09-07 15:45:29.376,1788795929.376,8726,59,59,4414.34,4414.42,8.0,PASS_<=10c,+0.0,FLAT,+0.0,+0.0,4.2,+0.00,0.00,SLOW,4414.34,4414.34,4414.34,4414.34,0.00,0.00,0.0,BULLISH,0.0,4414.34,4414.34,4414.34,4414.34,29,CLEARED_>=20s,1.0,0.0,0.0,0.0,0.0,0.0,0.0,PASS_<20%,0.00,0.0,NO,STANDBY_VEL_LOW,0,0.00,4590.00,78.36,FALSE,M1_DIRECTION_MISMATCH
2026-09-07 15:45:29.878,1788795929.878,8727,60,60,4414.34,4414.42,8.0,PASS_<=10c,+0.0,FLAT,+0.0,+0.0,4.2,+0.00,0.00,SLOW,4414.34,4414.34,4414.34,4414.34,0.00,0.00,0.0,BULLISH,0.0,4414.34,4414.34,4414.34,4414.34,29,CLEARED_>=20s,1.0,0.0,0.0,0.0,0.0,0.0,0.0,PASS_<20%,0.00,0.0,NO,STANDBY_VEL_LOW,0,0.00,4590.00,78.36,FALSE,M1_DIRECTION_MISMATCH
2026-09-07 15:45:30.378,1788795930.379,8728,61,61,4414.34,4414.42,8.0,PASS_<=10c,+0.0,FLAT,+0.0,+0.0,4.2,+0.00,0.00,SLOW,4414.34,4414.34,4414.34,4414.34,0.00,0.00,0.0,BULLISH,0.0,4414.34,4414.34,4414.34,4414.34,30,CLEARED_>=20s,1.0,0.0,0.0,0.0,0.0,0.0,0.0,PASS_<20%,0.00,0.0,NO,STANDBY_VEL_LOW,0,0.00,4590.00,78.36,FALSE,M1_DIRECTION_MISMATCH
2026-09-07 15:45:30.881,1788795930.881,8729,62,62,4414.34,4414.42,8.0,PASS_<=10c,+0.0,FLAT,+0.0,+0.0,4.2,+0.00,0.00,SLOW,4414.34,4414.34,4414.34,4414.34,0.00,0.00,0.0,BULLISH,0.0,4414.34,4414.34,4414.34,4414.34,30,CLEARED_>=20s,1.0,0.0,0.0,0.0,0.0,0.0,0.0,PASS_<20%,0.00,0.0,NO,STANDBY_VEL_LOW,0,0.00,4590.00,78.36,FALSE,M1_DIRECTION_MISMATCH
2026-09-07 15:45:31.382,1788795931.383,8730,63,63,4414.34,4414.42,8.0,PASS_<=10c,+0.0,FLAT,+0.0,+0.0,4.2,+0.00,0.00,SLOW,4414.34,4414.34,4414.34,4414.34,0.00,0.00,0.0,BULLISH,0.0,4414.34,4414.34,4414.34,4414.34,31,CLEARED_>=20s,1.0,0.0,0.0,0.0,0.0,0.0,0.0,PASS_<20%,0.00,0.0,NO,STANDBY_VEL_LOW,0,0.00,4590.00,78.36,FALSE,M1_DIRECTION_MISMATCH
2026-09-07 15:45:31.883,1788795931.884,8731,64,64,4414.34,4414.42,8.0,PASS_<=10c,+0.0,FLAT,+0.0,+0.0,4.2,+0.00,0.00,SLOW,4414.34,4414.34,4414.34,4414.34,0.00,0.00,0.0,BULLISH,0.0,4414.34,4414.34,4414.34,4414.34,31,CLEARED_>=20s,1.0,0.0,0.0,0.0,0.0,0.0,0.0,PASS_<20%,0.00,0.0,NO,STANDBY_VEL_LOW,0,0.00,4590.00,78.36,FALSE,M1_DIRECTION_MISMATCH
2026-09-07 15:45:32.385,1788795932.386,8732,65,65,4414.34,4414.42,8.0,PASS_<=10c,+0.0,FLAT,+0.0,+0.0,4.2,+0.00,0.00,SLOW,4414.34,4414.34,4414.34,4414.34,0.00,0.00,0.0,BULLISH,0.0,4414.34,4414.34,4414.34,4414.34,32,CLEARED_>=20s,1.0,0.0,0.0,0.0,0.0,0.0,0.0,PASS_<20%,0.00,0.0,NO,STANDBY_VEL_LOW,0,0.00,4590.00,78.36,FALSE,M1_DIRECTION_MISMATCH
2026-09-07 15:45:32.887,1788795932.888,8733,66,66,4414.34,4414.42,8.0,PASS_<=10c,+0.0,FLAT,+0.0,+0.0,4.2,+0.00,0.00,SLOW,4414.34,4414.34,4414.34,4414.34,0.00,0.00,0.0,BULLISH,0.0,4414.34,4414.34,4414.34,4414.34,32,CLEARED_>=20s,1.0,0.0,0.0,0.0,0.0,0.0,0.0,PASS_<20%,0.00,0.0,NO,STANDBY_VEL_LOW,0,0.00,4590.00,78.36,FALSE,M1_DIRECTION_MISMATCH
2026-09-07 15:45:33.389,1788795933.390,8734,67,67,4414.34,4414.42,8.0,PASS_<=10c,+0.0,FLAT,+0.0,+0.0,4.2,+0.00,0.00,SLOW,4414.34,4414.34,4414.34,4414.34,0.00,0.00,0.0,BULLISH,0.0,4414.34,4414.34,4414.34,4414.34,33,CLEARED_>=20s,1.0,0.0,0.0,0.0,0.0,0.0,0.0,PASS_<20%,0.00,0.0,NO,STANDBY_VEL_LOW,0,0.00,4590.00,78.36,FALSE,M1_DIRECTION_MISMATCH
2026-09-07 15:45:33.891,1788795933.891,8735,68,68,4414.34,4414.42,8.0,PASS_<=10c,+0.0,FLAT,+0.0,+0.0,4.2,+0.00,0.00,SLOW,4414.34,4414.34,4414.34,4414.34,0.00,0.00,0.0,BULLISH,0.0,4414.34,4414.34,4414.34,4414.34,33,CLEARED_>=20s,1.0,0.0,0.0,0.0,0.0,0.0,0.0,PASS_<20%,0.00,0.0,NO,STANDBY_VEL_LOW,0,0.00,4590.00,78.36,FALSE,M1_DIRECTION_MISMATCH
2026-09-07 15:45:34.393,1788795934.393,8736,69,69,4414.34,4414.42,8.0,PASS_<=10c,+0.0,FLAT,+0.0,+0.0,4.2,+0.00,0.00,SLOW,4414.34,4414.34,4414.34,4414.34,0.00,0.00,0.0,BULLISH,0.0,4414.34,4414.34,4414.34,4414.34,34,CLEARED_>=20s,1.0,0.0,0.0,0.0,0.0,0.0,0.0,PASS_<20%,0.00,0.0,NO,STANDBY_VEL_LOW,0,0.00,4590.00,78.36,FALSE,M1_DIRECTION_MISMATCH
2026-09-07 15:45:34.894,1788795934.894,8737,70,70,4414.34,4414.42,8.0,PASS_<=10c,+0.0,FLAT,+0.0,+0.0,4.2,+0.00,0.00,SLOW,4414.34,4414.34,4414.34,4414.34,0.00,0.00,0.0,BULLISH,0.0,4414.34,4414.34,4414.34,4414.34,34,CLEARED_>=20s,1.0,0.0,0.0,0.0,0.0,0.0,0.0,PASS_<20%,0.00,0.0,NO,STANDBY_VEL_LOW,0,0.00,4590.00,78.36,FALSE,M1_DIRECTION_MISMATCH
2026-09-07 15:45:35.397,1788795935.397,8738,71,71,4414.34,4414.42,8.0,PASS_<=10c,+0.0,FLAT,+0.0,+0.0,4.2,+0.00,0.00,SLOW,4414.34,4414.34,4414.34,4414.34,0.00,0.00,0.0,BULLISH,0.0,4414.34,4414.34,4414.34,4414.34,35,CLEARED_>=20s,1.0,0.0,0.0,0.0,0.0,0.0,0.0,PASS_<20%,0.00,0.0,NO,STANDBY_VEL_LOW,0,0.00,4590.00,78.36,FALSE,M1_DIRECTION_MISMATCH
2026-09-07 15:45:35.898,1788795935.898,8739,72,72,4414.34,4414.42,8.0,PASS_<=10c,+0.0,FLAT,+0.0,+0.0,4.2,+0.00,0.00,SLOW,4414.34,4414.34,4414.34,4414.34,0.00,0.00,0.0,BULLISH,0.0,4414.34,4414.34,4414.34,4414.34,35,CLEARED_>=20s,1.0,0.0,0.0,0.0,0.0,0.0,0.0,PASS_<20%,0.00,0.0,NO,STANDBY_VEL_LOW,0,0.00,4590.00,78.36,FALSE,M1_DIRECTION_MISMATCH
2026-09-07 15:45:36.399,1788795936.400,8740,73,73,4414.34,4414.42,8.0,PASS_<=10c,+0.0,FLAT,+0.0,+0.0,4.2,+0.00,0.00,SLOW,4414.34,4414.34,4414.34,4414.34,0.00,0.00,0.0,BULLISH,0.0,4414.34,4414.34,4414.34,4414.34,36,CLEARED_>=20s,1.0,0.0,0.0,0.0,0.0,0.0,0.0,PASS_<20%,0.00,0.0,NO,STANDBY_VEL_LOW,0,0.00,4590.00,78.36,FALSE,M1_DIRECTION_MISMATCH
2026-09-07 15:45:36.901,1788795936.902,8741,74,74,4414.34,4414.42,8.0,PASS_<=10c,+0.0,FLAT,+0.0,+0.0,4.2,+0.00,0.00,SLOW,4414.34,4414.34,4414.34,4414.34,0.00,0.00,0.0,BULLISH,0.0,4414.34,4414.34,4414.34,4414.34,36,CLEARED_>=20s,1.0,0.0,0.0,0.0,0.0,0.0,0.0,PASS_<20%,0.00,0.0,NO,STANDBY_VEL_LOW,0,0.00,4590.00,78.36,FALSE,M1_DIRECTION_MISMATCH
2026-09-07 15:45:37.403,1788795937.404,8742,75,75,4414.34,4414.42,8.0,PASS_<=10c,+0.0,FLAT,+0.0,+0.0,4.2,+0.00,0.00,SLOW,4414.34,4414.34,4414.34,4414.34,0.00,0.00,0.0,BULLISH,0.0,4414.34,4414.34,4414.34,4414.34,37,CLEARED_>=20s,1.0,0.0,0.0,0.0,0.0,0.0,0.0,PASS_<20%,0.00,0.0,NO,STANDBY_VEL_LOW,0,0.00,4590.00,78.36,FALSE,M1_DIRECTION_MISMATCH
2026-09-07 15:45:37.905,1788795937.905,8743,76,76,4414.34,4414.42,8.0,PASS_<=10c,+0.0,FLAT,+0.0,+0.0,4.2,+0.00,0.00,SLOW,4414.34,4414.34,4414.34,4414.34,0.00,0.00,0.0,BULLISH,0.0,4414.34,4414.34,4414.34,4414.34,37,CLEARED_>=20s,1.0,0.0,0.0,0.0,0.0,0.0,0.0,PASS_<20%,0.00,0.0,NO,STANDBY_VEL_LOW,0,0.00,4590.00,78.36,FALSE,M1_DIRECTION_MISMATCH
2026-09-07 15:45:38.407,1788795938.407,8744,77,77,4414.34,4414.42,8.0,PASS_<=10c,+0.0,FLAT,+0.0,+0.0,4.2,+0.00,0.00,SLOW,4414.34,4414.34,4414.34,4414.34,0.00,0.00,0.0,BULLISH,0.0,4414.34,4414.34,4414.34,4414.34,38,CLEARED_>=20s,1.0,0.0,0.0,0.0,0.0,0.0,0.0,PASS_<20%,0.00,0.0,NO,STANDBY_VEL_LOW,0,0.00,4590.00,78.36,FALSE,M1_DIRECTION_MISMATCH
2026-09-07 15:45:38.909,1788795938.909,8745,78,78,4414.34,4414.42,8.0,PASS_<=10c,+0.0,FLAT,+0.0,+0.0,4.2,+0.00,0.00,SLOW,4414.34,4414.34,4414.34,4414.34,0.00,0.00,0.0,BULLISH,0.0,4414.34,4414.34,4414.34,4414.34,38,CLEARED_>=20s,1.0,0.0,0.0,0.0,0.0,0.0,0.0,PASS_<20%,0.00,0.0,NO,STANDBY_VEL_LOW,0,0.00,4590.00,78.36,FALSE,M1_DIRECTION_MISMATCH
2026-09-07 15:45:39.410,1788795939.411,8746,79,79,4414.34,4414.42,8.0,PASS_<=10c,+0.0,FLAT,+0.0,+0.0,4.2,+0.00,0.00,SLOW,4414.34,4414.34,4414.34,4414.34,0.00,0.00,0.0,BULLISH,0.0,4414.34,4414.34,4414.34,4414.34,39,CLEARED_>=20s,1.0,0.0,0.0,0.0,0.0,0.0,0.0,PASS_<20%,0.00,0.0,NO,STANDBY_VEL_LOW,0,0.00,4590.00,78.36,FALSE,M1_DIRECTION_MISMATCH
2026-09-07 15:45:39.912,1788795939.912,8747,80,80,4414.34,4414.42,8.0,PASS_<=10c,+0.0,FLAT,+0.0,+0.0,4.2,+0.00,0.00,SLOW,4414.34,4414.34,4414.34,4414.34,0.00,0.00,0.0,BULLISH,0.0,4414.34,4414.34,4414.34,4414.34,39,CLEARED_>=20s,1.0,0.0,0.0,0.0,0.0,0.0,0.0,PASS_<20%,0.00,0.0,NO,STANDBY_VEL_LOW,0,0.00,4590.00,78.36,FALSE,M1_DIRECTION_MISMATCH
2026-09-07 15:45:40.413,1788795940.413,8748,81,81,4414.34,4414.42,8.0,PASS_<=10c,+0.0,FLAT,+0.0,+0.0,4.2,+0.00,0.00,SLOW,4414.34,4414.34,4414.34,4414.34,0.00,0.00,0.0,BULLISH,0.0,4414.34,4414.34,4414.34,4414.34,40,CLEARED_>=20s,1.0,0.0,0.0,0.0,0.0,0.0,0.0,PASS_<20%,0.00,0.0,NO,STANDBY_VEL_LOW,0,0.00,4590.00,78.36,FALSE,M1_DIRECTION_MISMATCH
2026-09-07 15:45:40.915,1788795940.915,8749,82,82,4414.34,4414.42,8.0,PASS_<=10c,+0.0,FLAT,+0.0,+0.0,4.2,+0.00,0.00,SLOW,4414.34,4414.34,4414.34,4414.34,0.00,0.00,0.0,BULLISH,0.0,4414.34,4414.34,4414.34,4414.34,40,CLEARED_>=20s,1.0,0.0,0.0,0.0,0.0,0.0,0.0,PASS_<20%,0.00,0.0,NO,STANDBY_VEL_LOW,0,0.00,4590.00,78.36,FALSE,M1_DIRECTION_MISMATCH
2026-09-07 15:45:41.416,1788795941.416,8750,83,83,4414.34,4414.42,8.0,PASS_<=10c,+0.0,FLAT,+0.0,+0.0,4.2,+0.00,0.00,SLOW,4414.34,4414.34,4414.34,4414.34,0.00,0.00,0.0,BULLISH,0.0,4414.34,4414.34,4414.34,4414.34,41,CLEARED_>=20s,1.0,0.0,0.0,0.0,0.0,0.0,0.0,PASS_<20%,0.00,0.0,NO,STANDBY_VEL_LOW,0,0.00,4590.00,78.36,FALSE,M1_DIRECTION_MISMATCH
2026-09-07 15:45:41.917,1788795941.918,8751,84,84,4414.34,4414.42,8.0,PASS_<=10c,+0.0,FLAT,+0.0,+0.0,4.2,+0.00,0.00,SLOW,4414.34,4414.34,4414.34,4414.34,0.00,0.00,0.0,BULLISH,0.0,4414.34,4414.34,4414.34,4414.34,41,CLEARED_>=20s,1.0,0.0,0.0,0.0,0.0,0.0,0.0,PASS_<20%,0.00,0.0,NO,STANDBY_VEL_LOW,0,0.00,4590.00,78.36,FALSE,M1_DIRECTION_MISMATCH
2026-09-07 15:45:42.419,1788795942.419,8752,85,85,4414.34,4414.42,8.0,PASS_<=10c,+0.0,FLAT,+0.0,+0.0,4.2,+0.00,0.00,SLOW,4414.34,4414.34,4414.34,4414.34,0.00,0.00,0.0,BULLISH,0.0,4414.34,4414.34,4414.34,4414.34,42,CLEARED_>=20s,1.0,0.0,0.0,0.0,0.0,0.0,0.0,PASS_<20%,0.00,0.0,NO,STANDBY_VEL_LOW,0,0.00,4590.00,78.36,FALSE,M1_DIRECTION_MISMATCH
2026-09-07 15:45:42.921,1788795942.922,8753,86,86,4414.34,4414.42,8.0,PASS_<=10c,+0.0,FLAT,+0.0,+0.0,4.2,+0.00,0.00,SLOW,4414.34,4414.34,4414.34,4414.34,0.00,0.00,0.0,BULLISH,0.0,4414.34,4414.34,4414.34,4414.34,42,CLEARED_>=20s,1.0,0.0,0.0,0.0,0.0,0.0,0.0,PASS_<20%,0.00,0.0,NO,STANDBY_VEL_LOW,0,0.00,4590.00,78.36,FALSE,M1_DIRECTION_MISMATCH
2026-09-07 15:45:43.423,1788795943.423,8754,87,87,4414.34,4414.42,8.0,PASS_<=10c,+0.0,FLAT,+0.0,+0.0,4.2,+0.00,0.00,SLOW,4414.34,4414.34,4414.34,4414.34,0.00,0.00,0.0,BULLISH,0.0,4414.34,4414.34,4414.34,4414.34,43,CLEARED_>=20s,1.0,0.0,0.0,0.0,0.0,0.0,0.0,PASS_<20%,0.00,0.0,NO,STANDBY_VEL_LOW,0,0.00,4590.00,78.36,FALSE,M1_DIRECTION_MISMATCH
2026-09-07 15:45:43.926,1788795943.926,8755,88,88,4414.34,4414.42,8.0,PASS_<=10c,+0.0,FLAT,+0.0,+0.0,4.2,+0.00,0.00,SLOW,4414.34,4414.34,4414.34,4414.34,0.00,0.00,0.0,BULLISH,0.0,4414.34,4414.34,4414.34,4414.34,43,CLEARED_>=20s,1.0,0.0,0.0,0.0,0.0,0.0,0.0,PASS_<20%,0.00,0.0,NO,STANDBY_VEL_LOW,0,0.00,4590.00,78.36,FALSE,M1_DIRECTION_MISMATCH
2026-09-07 15:45:44.426,1788795944.427,8756,89,89,4414.34,4414.42,8.0,PASS_<=10c,+0.0,FLAT,+0.0,+0.0,4.2,+0.00,0.00,SLOW,4414.34,4414.34,4414.34,4414.34,0.00,0.00,0.0,BULLISH,0.0,4414.34,4414.34,4414.34,4414.34,44,CLEARED_>=20s,1.0,0.0,0.0,0.0,0.0,0.0,0.0,PASS_<20%,0.00,0.0,NO,STANDBY_VEL_LOW,0,0.00,4590.00,78.36,FALSE,M1_DIRECTION_MISMATCH
2026-09-07 15:45:44.928,1788795944.928,8757,90,90,4414.34,4414.42,8.0,PASS_<=10c,+0.0,FLAT,+0.0,+0.0,4.2,+0.00,0.00,SLOW,4414.34,4414.34,4414.34,4414.34,0.00,0.00,0.0,BULLISH,0.0,4414.34,4414.34,4414.34,4414.34,44,CLEARED_>=20s,1.0,0.0,0.0,0.0,0.0,0.0,0.0,PASS_<20%,0.00,0.0,NO,STANDBY_VEL_LOW,0,0.00,4590.00,78.36,FALSE,M1_DIRECTION_MISMATCH
2026-09-07 15:45:45.430,1788795945.430,8758,91,91,4414.34,4414.42,8.0,PASS_<=10c,+0.0,FLAT,+0.0,+0.0,4.2,+0.00,0.00,SLOW,4414.34,4414.34,4414.34,4414.34,0.00,0.00,0.0,BULLISH,0.0,4414.34,4414.34,4414.34,4414.34,45,CLEARED_>=20s,1.0,0.0,0.0,0.0,0.0,0.0,0.0,PASS_<20%,0.00,0.0,NO,STANDBY_VEL_LOW,0,0.00,4590.00,78.36,FALSE,M1_DIRECTION_MISMATCH
2026-09-07 15:45:45.932,1788795945.932,8759,92,92,4414.34,4414.42,8.0,PASS_<=10c,+0.0,FLAT,+0.0,+0.0,4.2,+0.00,0.00,SLOW,4414.34,4414.34,4414.34,4414.34,0.00,0.00,0.0,BULLISH,0.0,4414.34,4414.34,4414.34,4414.34,45,CLEARED_>=20s,1.0,0.0,0.0,0.0,0.0,0.0,0.0,PASS_<20%,0.00,0.0,NO,STANDBY_VEL_LOW,0,0.00,4590.00,78.36,FALSE,M1_DIRECTION_MISMATCH
2026-09-07 15:45:46.434,1788795946.435,8760,93,93,4414.34,4414.42,8.0,PASS_<=10c,+0.0,FLAT,+0.0,+0.0,4.2,+0.00,0.00,SLOW,4414.34,4414.34,4414.34,4414.34,0.00,0.00,0.0,BULLISH,0.0,4414.34,4414.34,4414.34,4414.34,46,CLEARED_>=20s,1.0,0.0,0.0,0.0,0.0,0.0,0.0,PASS_<20%,0.00,0.0,NO,STANDBY_VEL_LOW,0,0.00,4590.00,78.36,FALSE,M1_DIRECTION_MISMATCH
2026-09-07 15:45:46.936,1788795946.937,8761,94,94,4414.34,4414.42,8.0,PASS_<=10c,+0.0,FLAT,+0.0,+0.0,4.2,+0.00,0.00,SLOW,4414.34,4414.34,4414.34,4414.34,0.00,0.00,0.0,BULLISH,0.0,4414.34,4414.34,4414.34,4414.34,46,CLEARED_>=20s,1.0,0.0,0.0,0.0,0.0,0.0,0.0,PASS_<20%,0.00,0.0,NO,STANDBY_VEL_LOW,0,0.00,4590.00,78.36,FALSE,M1_DIRECTION_MISMATCH
2026-09-07 15:45:47.439,1788795947.439,8762,95,95,4414.34,4414.42,8.0,PASS_<=10c,+0.0,FLAT,+0.0,+0.0,4.2,+0.00,0.00,SLOW,4414.34,4414.34,4414.34,4414.34,0.00,0.00,0.0,BULLISH,0.0,4414.34,4414.34,4414.34,4414.34,47,CLEARED_>=20s,1.0,0.0,0.0,0.0,0.0,0.0,0.0,PASS_<20%,0.00,0.0,NO,STANDBY_VEL_LOW,0,0.00,4590.00,78.36,FALSE,M1_DIRECTION_MISMATCH
2026-09-07 15:45:47.940,1788795947.941,8763,96,96,4414.34,4414.42,8.0,PASS_<=10c,+0.0,FLAT,+0.0,+0.0,4.2,+0.00,0.00,SLOW,4414.34,4414.34,4414.34,4414.34,0.00,0.00,0.0,BULLISH,0.0,4414.34,4414.34,4414.34,4414.34,47,CLEARED_>=20s,1.0,0.0,0.0,0.0,0.0,0.0,0.0,PASS_<20%,0.00,0.0,NO,STANDBY_VEL_LOW,0,0.00,4590.00,78.36,FALSE,M1_DIRECTION_MISMATCH
2026-09-07 15:45:48.442,1788795948.443,8764,97,97,4414.34,4414.42,8.0,PASS_<=10c,+0.0,FLAT,+0.0,+0.0,4.2,+0.00,0.00,SLOW,4414.34,4414.34,4414.34,4414.34,0.00,0.00,0.0,BULLISH,0.0,4414.34,4414.34,4414.34,4414.34,48,CLEARED_>=20s,1.0,0.0,0.0,0.0,0.0,0.0,0.0,PASS_<20%,0.00,0.0,NO,STANDBY_VEL_LOW,0,0.00,4590.00,78.36,FALSE,M1_DIRECTION_MISMATCH
2026-09-07 15:45:48.944,1788795948.944,8765,98,98,4414.34,4414.42,8.0,PASS_<=10c,+0.0,FLAT,+0.0,+0.0,4.2,+0.00,0.00,SLOW,4414.34,4414.34,4414.34,4414.34,0.00,0.00,0.0,BULLISH,0.0,4414.34,4414.34,4414.34,4414.34,48,CLEARED_>=20s,1.0,0.0,0.0,0.0,0.0,0.0,0.0,PASS_<20%,0.00,0.0,NO,STANDBY_VEL_LOW,0,0.00,4590.00,78.36,FALSE,M1_DIRECTION_MISMATCH
2026-09-07 15:45:49.446,1788795949.446,8766,99,99,4414.34,4414.42,8.0,PASS_<=10c,+0.0,FLAT,+0.0,+0.0,4.2,+0.00,0.00,SLOW,4414.34,4414.34,4414.34,4414.34,0.00,0.00,0.0,BULLISH,0.0,4414.34,4414.34,4414.34,4414.34,49,CLEARED_>=20s,1.0,0.0,0.0,0.0,0.0,0.0,0.0,PASS_<20%,0.00,0.0,NO,STANDBY_VEL_LOW,0,0.00,4590.00,78.36,FALSE,M1_DIRECTION_MISMATCH
2026-09-07 15:45:49.947,1788795949.948,8767,100,100,4414.34,4414.42,8.0,PASS_<=10c,+0.0,FLAT,+0.0,+0.0,4.2,+0.00,0.00,SLOW,4414.34,4414.34,4414.34,4414.34,0.00,0.00,0.0,BULLISH,0.0,4414.34,4414.34,4414.34,4414.34,49,CLEARED_>=20s,1.0,0.0,0.0,0.0,0.0,0.0,0.0,PASS_<20%,0.00,0.0,NO,STANDBY_VEL_LOW,0,0.00,4590.00,78.36,FALSE,M1_DIRECTION_MISMATCH
2026-09-07 15:45:50.449,1788795950.450,8768,101,101,4414.34,4414.42,8.0,PASS_<=10c,+0.0,FLAT,+0.0,+0.0,4.2,+0.00,0.00,SLOW,4414.34,4414.34,4414.34,4414.34,0.00,0.00,0.0,BULLISH,0.0,4414.34,4414.34,4414.34,4414.34,50,CLEARED_>=20s,1.0,0.0,0.0,0.0,0.0,0.0,0.0,PASS_<20%,0.00,0.0,NO,STANDBY_VEL_LOW,0,0.00,4590.00,78.36,FALSE,M1_DIRECTION_MISMATCH
2026-09-07 15:45:50.950,1788795950.951,8769,102,102,4414.34,4414.42,8.0,PASS_<=10c,+0.0,FLAT,+0.0,+0.0,4.2,+0.00,0.00,SLOW,4414.34,4414.34,4414.34,4414.34,0.00,0.00,0.0,BULLISH,0.0,4414.34,4414.34,4414.34,4414.34,50,CLEARED_>=20s,1.0,0.0,0.0,0.0,0.0,0.0,0.0,PASS_<20%,0.00,0.0,NO,STANDBY_VEL_LOW,0,0.00,4590.00,78.36,FALSE,M1_DIRECTION_MISMATCH
2026-09-07 15:45:51.452,1788795951.453,8770,103,103,4414.34,4414.42,8.0,PASS_<=10c,+0.0,FLAT,+0.0,+0.0,4.2,+0.00,0.00,SLOW,4414.34,4414.34,4414.34,4414.34,0.00,0.00,0.0,BULLISH,0.0,4414.34,4414.34,4414.34,4414.34,51,CLEARED_>=20s,1.0,0.0,0.0,0.0,0.0,0.0,0.0,PASS_<20%,0.00,0.0,NO,STANDBY_VEL_LOW,0,0.00,4590.00,78.36,FALSE,M1_DIRECTION_MISMATCH
2026-09-07 15:45:51.954,1788795951.954,8771,104,104,4414.34,4414.42,8.0,PASS_<=10c,+0.0,FLAT,+0.0,+0.0,4.2,+0.00,0.00,SLOW,4414.34,4414.34,4414.34,4414.34,0.00,0.00,0.0,BULLISH,0.0,4414.34,4414.34,4414.34,4414.34,51,CLEARED_>=20s,1.0,0.0,0.0,0.0,0.0,0.0,0.0,PASS_<20%,0.00,0.0,NO,STANDBY_VEL_LOW,0,0.00,4590.00,78.36,FALSE,M1_DIRECTION_MISMATCH
2026-09-07 15:45:52.456,1788795952.456,8772,105,105,4414.34,4414.42,8.0,PASS_<=10c,+0.0,FLAT,+0.0,+0.0,4.2,+0.00,0.00,SLOW,4414.34,4414.34,4414.34,4414.34,0.00,0.00,0.0,BULLISH,0.0,4414.34,4414.34,4414.34,4414.34,52,CLEARED_>=20s,1.0,0.0,0.0,0.0,0.0,0.0,0.0,PASS_<20%,0.00,0.0,NO,STANDBY_VEL_LOW,0,0.00,4590.00,78.36,FALSE,M1_DIRECTION_MISMATCH
2026-09-07 15:45:52.958,1788795952.958,8773,106,106,4414.34,4414.42,8.0,PASS_<=10c,+0.0,FLAT,+0.0,+0.0,4.2,+0.00,0.00,SLOW,4414.34,4414.34,4414.34,4414.34,0.00,0.00,0.0,BULLISH,0.0,4414.34,4414.34,4414.34,4414.34,52,CLEARED_>=20s,1.0,0.0,0.0,0.0,0.0,0.0,0.0,PASS_<20%,0.00,0.0,NO,STANDBY_VEL_LOW,0,0.00,4590.00,78.36,FALSE,M1_DIRECTION_MISMATCH
2026-09-07 15:45:53.460,1788795953.460,8774,107,107,4414.34,4414.42,8.0,PASS_<=10c,+0.0,FLAT,+0.0,+0.0,4.2,+0.00,0.00,SLOW,4414.34,4414.34,4414.34,4414.34,0.00,0.00,0.0,BULLISH,0.0,4414.34,4414.34,4414.34,4414.34,53,CLEARED_>=20s,1.0,0.0,0.0,0.0,0.0,0.0,0.0,PASS_<20%,0.00,0.0,NO,STANDBY_VEL_LOW,0,0.00,4590.00,78.36,FALSE,M1_DIRECTION_MISMATCH
2026-09-07 15:45:53.962,1788795953.962,8775,108,108,4414.34,4414.42,8.0,PASS_<=10c,+0.0,FLAT,+0.0,+0.0,4.2,+0.00,0.00,SLOW,4414.34,4414.34,4414.34,4414.34,0.00,0.00,0.0,BULLISH,0.0,4414.34,4414.34,4414.34,4414.34,53,CLEARED_>=20s,1.0,0.0,0.0,0.0,0.0,0.0,0.0,PASS_<20%,0.00,0.0,NO,STANDBY_VEL_LOW,0,0.00,4590.00,78.36,FALSE,M1_DIRECTION_MISMATCH
2026-09-07 15:45:54.464,1788795954.464,8776,109,109,4414.34,4414.42,8.0,PASS_<=10c,+0.0,FLAT,+0.0,+0.0,4.2,+0.00,0.00,SLOW,4414.34,4414.34,4414.34,4414.34,0.00,0.00,0.0,BULLISH,0.0,4414.34,4414.34,4414.34,4414.34,54,CLEARED_>=20s,1.0,0.0,0.0,0.0,0.0,0.0,0.0,PASS_<20%,0.00,0.0,NO,STANDBY_VEL_LOW,0,0.00,4590.00,78.36,FALSE,M1_DIRECTION_MISMATCH
2026-09-07 15:45:54.965,1788795954.966,8777,110,110,4414.34,4414.42,8.0,PASS_<=10c,+0.0,FLAT,+0.0,+0.0,4.2,+0.00,0.00,SLOW,4414.34,4414.34,4414.34,4414.34,0.00,0.00,0.0,BULLISH,0.0,4414.34,4414.34,4414.34,4414.34,54,CLEARED_>=20s,1.0,0.0,0.0,0.0,0.0,0.0,0.0,PASS_<20%,0.00,0.0,NO,STANDBY_VEL_LOW,0,0.00,4590.00,78.36,FALSE,M1_DIRECTION_MISMATCH
2026-09-07 15:45:55.467,1788795955.468,8778,111,111,4414.34,4414.42,8.0,PASS_<=10c,+0.0,FLAT,+0.0,+0.0,4.2,+0.00,0.00,SLOW,4414.34,4414.34,4414.34,4414.34,0.00,0.00,0.0,BULLISH,0.0,4414.34,4414.34,4414.34,4414.34,55,CLEARED_>=20s,1.0,0.0,0.0,0.0,0.0,0.0,0.0,PASS_<20%,0.00,0.0,NO,STANDBY_VEL_LOW,0,0.00,4590.00,78.36,FALSE,M1_DIRECTION_MISMATCH
2026-09-07 15:45:55.969,1788795955.970,8779,112,112,4414.34,4414.42,8.0,PASS_<=10c,+0.0,FLAT,+0.0,+0.0,4.2,+0.00,0.00,SLOW,4414.34,4414.34,4414.34,4414.34,0.00,0.00,0.0,BULLISH,0.0,4414.34,4414.34,4414.34,4414.34,55,CLEARED_>=20s,1.0,0.0,0.0,0.0,0.0,0.0,0.0,PASS_<20%,0.00,0.0,NO,STANDBY_VEL_LOW,0,0.00,4590.00,78.36,FALSE,M1_DIRECTION_MISMATCH
2026-09-07 15:45:56.471,1788795956.471,8780,113,113,4414.34,4414.42,8.0,PASS_<=10c,+0.0,FLAT,+0.0,+0.0,4.2,+0.00,0.00,SLOW,4414.34,4414.34,4414.34,4414.34,0.00,0.00,0.0,BULLISH,0.0,4414.34,4414.34,4414.34,4414.34,56,CLEARED_>=20s,1.0,0.0,0.0,0.0,0.0,0.0,0.0,PASS_<20%,0.00,0.0,NO,STANDBY_VEL_LOW,0,0.00,4590.00,78.36,FALSE,M1_DIRECTION_MISMATCH
2026-09-07 15:45:56.972,1788795956.972,8781,114,114,4414.34,4414.42,8.0,PASS_<=10c,+0.0,FLAT,+0.0,+0.0,4.2,+0.00,0.00,SLOW,4414.34,4414.34,4414.34,4414.34,0.00,0.00,0.0,BULLISH,0.0,4414.34,4414.34,4414.34,4414.34,56,CLEARED_>=20s,1.0,0.0,0.0,0.0,0.0,0.0,0.0,PASS_<20%,0.00,0.0,NO,STANDBY_VEL_LOW,0,0.00,4590.00,78.36,FALSE,M1_DIRECTION_MISMATCH
2026-09-07 15:45:57.474,1788795957.474,8782,115,115,4414.34,4414.42,8.0,PASS_<=10c,+0.0,FLAT,+0.0,+0.0,4.2,+0.00,0.00,SLOW,4414.34,4414.34,4414.34,4414.34,0.00,0.00,0.0,BULLISH,0.0,4414.34,4414.34,4414.34,4414.34,57,CLEARED_>=20s,1.0,0.0,0.0,0.0,0.0,0.0,0.0,PASS_<20%,0.00,0.0,NO,STANDBY_VEL_LOW,0,0.00,4590.00,78.36,FALSE,M1_DIRECTION_MISMATCH
2026-09-07 15:45:57.976,1788795957.976,8783,116,116,4414.34,4414.42,8.0,PASS_<=10c,+0.0,FLAT,+0.0,+0.0,4.2,+0.00,0.00,SLOW,4414.34,4414.34,4414.34,4414.34,0.00,0.00,0.0,BULLISH,0.0,4414.34,4414.34,4414.34,4414.34,57,CLEARED_>=20s,1.0,0.0,0.0,0.0,0.0,0.0,0.0,PASS_<20%,0.00,0.0,NO,STANDBY_VEL_LOW,0,0.00,4590.00,78.36,FALSE,M1_DIRECTION_MISMATCH
2026-09-07 15:45:58.477,1788795958.478,8784,117,117,4414.34,4414.42,8.0,PASS_<=10c,+0.0,FLAT,+0.0,+0.0,4.2,+0.00,0.00,SLOW,4414.34,4414.34,4414.34,4414.34,0.00,0.00,0.0,BULLISH,0.0,4414.34,4414.34,4414.34,4414.34,58,CLEARED_>=20s,1.0,0.0,0.0,0.0,0.0,0.0,0.0,PASS_<20%,0.00,0.0,NO,STANDBY_VEL_LOW,0,0.00,4590.00,78.36,FALSE,M1_DIRECTION_MISMATCH
2026-09-07 15:45:58.978,1788795958.978,8785,118,118,4414.34,4414.42,8.0,PASS_<=10c,+0.0,FLAT,+0.0,+0.0,4.2,+0.00,0.00,SLOW,4414.34,4414.34,4414.34,4414.34,0.00,0.00,0.0,BULLISH,0.0,4414.34,4414.34,4414.34,4414.34,58,CLEARED_>=20s,1.0,0.0,0.0,0.0,0.0,0.0,0.0,PASS_<20%,0.00,0.0,NO,STANDBY_VEL_LOW,0,0.00,4590.00,78.36,FALSE,M1_DIRECTION_MISMATCH
2026-09-07 15:45:59.480,1788795959.480,8786,119,119,4414.34,4414.42,8.0,PASS_<=10c,+0.0,FLAT,+0.0,+0.0,4.2,+0.00,0.00,SLOW,4414.34,4414.34,4414.34,4414.34,0.00,0.00,0.0,BULLISH,0.0,4414.34,4414.34,4414.34,4414.34,59,CLEARED_>=20s,1.0,0.0,0.0,0.0,0.0,0.0,0.0,PASS_<20%,0.00,0.0,NO,STANDBY_VEL_LOW,0,0.00,4590.00,78.36,FALSE,M1_DIRECTION_MISMATCH
2026-09-07 15:45:59.981,1788795959.982,8787,120,120,4414.34,4414.42,8.0,PASS_<=10c,+0.0,FLAT,+0.0,+0.0,4.2,+0.00,0.00,SLOW,4414.34,4414.34,4414.34,4414.34,0.00,0.00,0.0,BULLISH,0.0,4414.34,4414.34,4414.34,4414.34,59,CLEARED_>=20s,1.0,0.0,0.0,0.0,0.0,0.0,0.0,PASS_<20%,0.00,0.0,NO,STANDBY_VEL_LOW,0,0.00,4590.00,78.36,FALSE,M1_DIRECTION_MISMATCH
2026-09-07 15:46:00.483,1788795960.483,8788,1,121,4414.34,4414.42,8.0,PASS_<=10c,+0.0,FLAT,+0.0,+0.0,4.2,+0.00,0.00,SLOW,4414.34,4414.34,4414.34,4414.34,0.00,0.00,0.0,BULLISH,0.0,4414.34,4414.34,4414.34,4414.34,0,ACTIVE_0s,1.0,0.0,0.0,0.0,0.0,0.0,0.0,PASS_<20%,0.00,0.0,NO,STANDBY_VEL_LOW,0,0.00,4590.00,78.36,FALSE,M1_DIRECTION_MISMATCH|OPENING_SHIELD_ACTIVE_0s
2026-09-07 15:46:00.984,1788795960.984,8789,2,122,4414.34,4414.42,8.0,PASS_<=10c,+0.0,FLAT,+0.0,+0.0,4.2,+0.00,0.00,SLOW,4414.34,4414.34,4414.34,4414.34,0.00,0.00,0.0,BULLISH,0.0,4414.34,4414.34,4414.34,4414.34,0,ACTIVE_0s,1.0,0.0,0.0,0.0,0.0,0.0,0.0,PASS_<20%,0.00,0.0,NO,STANDBY_VEL_LOW,0,0.00,4590.00,78.36,FALSE,M1_DIRECTION_MISMATCH|OPENING_SHIELD_ACTIVE_0s
2026-09-07 15:46:01.486,1788795961.486,8790,3,123,4414.34,4414.42,8.0,PASS_<=10c,+0.0,FLAT,+0.0,+0.0,4.2,+0.00,0.00,SLOW,4414.34,4414.34,4414.34,4414.34,0.00,0.00,0.0,BULLISH,0.0,4414.34,4414.34,4414.34,4414.34,1,ACTIVE_1s,1.0,0.0,0.0,0.0,0.0,0.0,0.0,PASS_<20%,0.00,0.0,NO,STANDBY_VEL_LOW,0,0.00,4590.00,78.36,FALSE,M1_DIRECTION_MISMATCH|OPENING_SHIELD_ACTIVE_1s
2026-09-07 15:46:01.987,1788795961.988,8791,4,124,4414.34,4414.42,8.0,PASS_<=10c,+0.0,FLAT,+0.0,+0.0,4.2,+0.00,0.00,SLOW,4414.34,4414.34,4414.34,4414.34,0.00,0.00,0.0,BULLISH,0.0,4414.34,4414.34,4414.34,4414.34,1,ACTIVE_1s,1.0,0.0,0.0,0.0,0.0,0.0,0.0,PASS_<20%,0.00,0.0,NO,STANDBY_VEL_LOW,0,0.00,4590.00,78.36,FALSE,M1_DIRECTION_MISMATCH|OPENING_SHIELD_ACTIVE_1s
2026-09-07 15:46:02.489,1788795962.490,8792,5,125,4414.34,4414.42,8.0,PASS_<=10c,+0.0,FLAT,+0.0,+0.0,4.2,+0.00,0.00,SLOW,4414.34,4414.34,4414.34,4414.34,0.00,0.00,0.0,BULLISH,0.0,4414.34,4414.34,4414.34,4414.34,2,ACTIVE_2s,1.0,0.0,0.0,0.0,0.0,0.0,0.0,PASS_<20%,0.00,0.0,NO,STANDBY_VEL_LOW,0,0.00,4590.00,78.36,FALSE,M1_DIRECTION_MISMATCH|OPENING_SHIELD_ACTIVE_2s
2026-09-07 15:46:02.991,1788795962.992,8793,6,126,4414.34,4414.42,8.0,PASS_<=10c,+0.0,FLAT,+0.0,+0.0,4.2,+0.00,0.00,SLOW,4414.34,4414.34,4414.34,4414.34,0.00,0.00,0.0,BULLISH,0.0,4414.34,4414.34,4414.34,4414.34,2,ACTIVE_2s,1.0,0.0,0.0,0.0,0.0,0.0,0.0,PASS_<20%,0.00,0.0,NO,STANDBY_VEL_LOW,0,0.00,4590.00,78.36,FALSE,M1_DIRECTION_MISMATCH|OPENING_SHIELD_ACTIVE_2s
2026-09-07 15:46:03.492,1788795963.493,8794,7,127,4414.34,4414.42,8.0,PASS_<=10c,+0.0,FLAT,+0.0,+0.0,4.2,+0.00,0.00,SLOW,4414.34,4414.34,4414.34,4414.34,0.00,0.00,0.0,BULLISH,0.0,4414.34,4414.34,4414.34,4414.34,3,ACTIVE_3s,1.0,0.0,0.0,0.0,0.0,0.0,0.0,PASS_<20%,0.00,0.0,NO,STANDBY_VEL_LOW,0,0.00,4590.00,78.36,FALSE,M1_DIRECTION_MISMATCH|OPENING_SHIELD_ACTIVE_3s
2026-09-07 15:46:03.995,1788795963.995,8795,8,128,4414.34,4414.42,8.0,PASS_<=10c,+0.0,FLAT,+0.0,+0.0,4.2,+0.00,0.00,SLOW,4414.34,4414.34,4414.34,4414.34,0.00,0.00,0.0,BULLISH,0.0,4414.34,4414.34,4414.34,4414.34,3,ACTIVE_3s,1.0,0.0,0.0,0.0,0.0,0.0,0.0,PASS_<20%,0.00,0.0,NO,STANDBY_VEL_LOW,0,0.00,4590.00,78.36,FALSE,M1_DIRECTION_MISMATCH|OPENING_SHIELD_ACTIVE_3s
2026-09-07 15:46:04.495,1788795964.496,8796,9,129,4414.34,4414.42,8.0,PASS_<=10c,+0.0,FLAT,+0.0,+0.0,4.2,+0.00,0.00,SLOW,4414.34,4414.34,4414.34,4414.34,0.00,0.00,0.0,BULLISH,0.0,4414.34,4414.34,4414.34,4414.34,4,ACTIVE_4s,1.0,0.0,0.0,0.0,0.0,0.0,0.0,PASS_<20%,0.00,0.0,NO,STANDBY_VEL_LOW,0,0.00,4590.00,78.36,FALSE,M1_DIRECTION_MISMATCH|OPENING_SHIELD_ACTIVE_4s
2026-09-07 15:46:04.998,1788795964.998,8797,10,130,4414.34,4414.42,8.0,PASS_<=10c,+0.0,FLAT,+0.0,+0.0,4.2,+0.00,0.00,SLOW,4414.34,4414.34,4414.34,4414.34,0.00,0.00,0.0,BULLISH,0.0,4414.34,4414.34,4414.34,4414.34,4,ACTIVE_4s,1.0,0.0,0.0,0.0,0.0,0.0,0.0,PASS_<20%,0.00,0.0,NO,STANDBY_VEL_LOW,0,0.00,4590.00,78.36,FALSE,M1_DIRECTION_MISMATCH|OPENING_SHIELD_ACTIVE_4s
2026-09-07 15:46:05.499,1788795965.500,8798,11,131,4414.34,4414.42,8.0,PASS_<=10c,+0.0,FLAT,+0.0,+0.0,4.2,+0.00,0.00,SLOW,4414.34,4414.34,4414.34,4414.34,0.00,0.00,0.0,BULLISH,0.0,4414.34,4414.34,4414.34,4414.34,5,ACTIVE_5s,1.0,0.0,0.0,0.0,0.0,0.0,0.0,PASS_<20%,0.00,0.0,NO,STANDBY_VEL_LOW,0,0.00,4590.00,78.36,FALSE,M1_DIRECTION_MISMATCH|OPENING_SHIELD_ACTIVE_5s
2026-09-07 15:46:06.001,1788795966.002,8799,12,132,4414.34,4414.42,8.0,PASS_<=10c,+0.0,FLAT,+0.0,+0.0,4.2,+0.00,0.00,SLOW,4414.34,4414.34,4414.34,4414.34,0.00,0.00,0.0,BULLISH,0.0,4414.34,4414.34,4414.34,4414.34,6,ACTIVE_6s,1.0,0.0,0.0,0.0,0.0,0.0,0.0,PASS_<20%,0.00,0.0,NO,STANDBY_VEL_LOW,0,0.00,4590.00,78.36,FALSE,M1_DIRECTION_MISMATCH|OPENING_SHIELD_ACTIVE_6s
2026-09-07 15:46:06.504,1788795966.504,8800,13,133,4414.34,4414.42,8.0,PASS_<=10c,+0.0,FLAT,+0.0,+0.0,4.2,+0.00,0.00,SLOW,4414.34,4414.34,4414.34,4414.34,0.00,0.00,0.0,BULLISH,0.0,4414.34,4414.34,4414.34,4414.34,6,ACTIVE_6s,1.0,0.0,0.0,0.0,0.0,0.0,0.0,PASS_<20%,0.00,0.0,NO,STANDBY_VEL_LOW,0,0.00,4590.00,78.36,FALSE,M1_DIRECTION_MISMATCH|OPENING_SHIELD_ACTIVE_6s
2026-09-07 15:46:07.005,1788795967.006,8801,14,134,4414.34,4414.42,8.0,PASS_<=10c,+0.0,FLAT,+0.0,+0.0,4.2,+0.00,0.00,SLOW,4414.34,4414.34,4414.34,4414.34,0.00,0.00,0.0,BULLISH,0.0,4414.34,4414.34,4414.34,4414.34,7,ACTIVE_7s,1.0,0.0,0.0,0.0,0.0,0.0,0.0,PASS_<20%,0.00,0.0,NO,STANDBY_VEL_LOW,0,0.00,4590.00,78.36,FALSE,M1_DIRECTION_MISMATCH|OPENING_SHIELD_ACTIVE_7s
2026-09-07 15:46:07.507,1788795967.507,8802,15,135,4414.34,4414.42,8.0,PASS_<=10c,+0.0,FLAT,+0.0,+0.0,4.2,+0.00,0.00,SLOW,4414.34,4414.34,4414.34,4414.34,0.00,0.00,0.0,BULLISH,0.0,4414.34,4414.34,4414.34,4414.34,7,ACTIVE_7s,1.0,0.0,0.0,0.0,0.0,0.0,0.0,PASS_<20%,0.00,0.0,NO,STANDBY_VEL_LOW,0,0.00,4590.00,78.36,FALSE,M1_DIRECTION_MISMATCH|OPENING_SHIELD_ACTIVE_7s
2026-09-07 15:46:08.009,1788795968.009,8803,16,136,4414.34,4414.42,8.0,PASS_<=10c,+0.0,FLAT,+0.0,+0.0,4.2,+0.00,0.00,SLOW,4414.34,4414.34,4414.34,4414.34,0.00,0.00,0.0,BULLISH,0.0,4414.34,4414.34,4414.34,4414.34,8,ACTIVE_8s,1.0,0.0,0.0,0.0,0.0,0.0,0.0,PASS_<20%,0.00,0.0,NO,STANDBY_VEL_LOW,0,0.00,4590.00,78.36,FALSE,M1_DIRECTION_MISMATCH|OPENING_SHIELD_ACTIVE_8s
2026-09-07 15:46:08.510,1788795968.511,8804,17,137,4414.34,4414.42,8.0,PASS_<=10c,+0.0,FLAT,+0.0,+0.0,4.2,+0.00,0.00,SLOW,4414.34,4414.34,4414.34,4414.34,0.00,0.00,0.0,BULLISH,0.0,4414.34,4414.34,4414.34,4414.34,8,ACTIVE_8s,1.0,0.0,0.0,0.0,0.0,0.0,0.0,PASS_<20%,0.00,0.0,NO,STANDBY_VEL_LOW,0,0.00,4590.00,78.36,FALSE,M1_DIRECTION_MISMATCH|OPENING_SHIELD_ACTIVE_8s
2026-09-07 15:46:09.011,1788795969.012,8805,18,138,4414.34,4414.42,8.0,PASS_<=10c,+0.0,FLAT,+0.0,+0.0,4.2,+0.00,0.00,SLOW,4414.34,4414.34,4414.34,4414.34,0.00,0.00,0.0,BULLISH,0.0,4414.34,4414.34,4414.34,4414.34,9,ACTIVE_9s,1.0,0.0,0.0,0.0,0.0,0.0,0.0,PASS_<20%,0.00,0.0,NO,STANDBY_VEL_LOW,0,0.00,4590.00,78.36,FALSE,M1_DIRECTION_MISMATCH|OPENING_SHIELD_ACTIVE_9s
2026-09-07 15:46:09.513,1788795969.513,8806,19,139,4414.34,4414.42,8.0,PASS_<=10c,+0.0,FLAT,+0.0,+0.0,4.2,+0.00,0.00,SLOW,4414.34,4414.34,4414.34,4414.34,0.00,0.00,0.0,BULLISH,0.0,4414.34,4414.34,4414.34,4414.34,9,ACTIVE_9s,1.0,0.0,0.0,0.0,0.0,0.0,0.0,PASS_<20%,0.00,0.0,NO,STANDBY_VEL_LOW,0,0.00,4590.00,78.36,FALSE,M1_DIRECTION_MISMATCH|OPENING_SHIELD_ACTIVE_9s
2026-09-07 15:46:10.015,1788795970.015,8807,20,140,4414.34,4414.42,8.0,PASS_<=10c,+0.0,FLAT,+0.0,+0.0,4.2,+0.00,0.00,SLOW,4414.34,4414.34,4414.34,4414.34,0.00,0.00,0.0,BULLISH,0.0,4414.34,4414.34,4414.34,4414.34,10,ACTIVE_10s,1.0,0.0,0.0,0.0,0.0,0.0,0.0,PASS_<20%,0.00,0.0,NO,STANDBY_VEL_LOW,0,0.00,4590.00,78.36,FALSE,M1_DIRECTION_MISMATCH|OPENING_SHIELD_ACTIVE_10s
2026-09-07 15:46:10.517,1788795970.517,8808,21,141,4414.34,4414.42,8.0,PASS_<=10c,+0.0,FLAT,+0.0,+0.0,4.2,+0.00,0.00,SLOW,4414.34,4414.34,4414.34,4414.34,0.00,0.00,0.0,BULLISH,0.0,4414.34,4414.34,4414.34,4414.34,10,ACTIVE_10s,1.0,0.0,0.0,0.0,0.0,0.0,0.0,PASS_<20%,0.00,0.0,NO,STANDBY_VEL_LOW,0,0.00,4590.00,78.36,FALSE,M1_DIRECTION_MISMATCH|OPENING_SHIELD_ACTIVE_10s
2026-09-07 15:46:11.018,1788795971.018,8809,22,142,4414.34,4414.42,8.0,PASS_<=10c,+0.0,FLAT,+0.0,+0.0,4.2,+0.00,0.00,SLOW,4414.34,4414.34,4414.34,4414.34,0.00,0.00,0.0,BULLISH,0.0,4414.34,4414.34,4414.34,4414.34,11,ACTIVE_11s,1.0,0.0,0.0,0.0,0.0,0.0,0.0,PASS_<20%,0.00,0.0,NO,STANDBY_VEL_LOW,0,0.00,4590.00,78.36,FALSE,M1_DIRECTION_MISMATCH|OPENING_SHIELD_ACTIVE_11s
2026-09-07 15:46:11.520,1788795971.520,8810,23,143,4414.34,4414.42,8.0,PASS_<=10c,+0.0,FLAT,+0.0,+0.0,4.2,+0.00,0.00,SLOW,4414.34,4414.34,4414.34,4414.34,0.00,0.00,0.0,BULLISH,0.0,4414.34,4414.34,4414.34,4414.34,11,ACTIVE_11s,1.0,0.0,0.0,0.0,0.0,0.0,0.0,PASS_<20%,0.00,0.0,NO,STANDBY_VEL_LOW,0,0.00,4590.00,78.36,FALSE,M1_DIRECTION_MISMATCH|OPENING_SHIELD_ACTIVE_11s
2026-09-07 15:46:12.021,1788795972.022,8811,24,144,4414.34,4414.42,8.0,PASS_<=10c,+0.0,FLAT,+0.0,+0.0,4.2,+0.00,0.00,SLOW,4414.34,4414.34,4414.34,4414.34,0.00,0.00,0.0,BULLISH,0.0,4414.34,4414.34,4414.34,4414.34,12,ACTIVE_12s,1.0,0.0,0.0,0.0,0.0,0.0,0.0,PASS_<20%,0.00,0.0,NO,STANDBY_VEL_LOW,0,0.00,4590.00,78.36,FALSE,M1_DIRECTION_MISMATCH|OPENING_SHIELD_ACTIVE_12s
2026-09-07 15:46:12.522,1788795972.523,8812,25,145,4414.34,4414.42,8.0,PASS_<=10c,+0.0,FLAT,+0.0,+0.0,4.2,+0.00,0.00,SLOW,4414.34,4414.34,4414.34,4414.34,0.00,0.00,0.0,BULLISH,0.0,4414.34,4414.34,4414.34,4414.34,12,ACTIVE_12s,1.0,0.0,0.0,0.0,0.0,0.0,0.0,PASS_<20%,0.00,0.0,NO,STANDBY_VEL_LOW,0,0.00,4590.00,78.36,FALSE,M1_DIRECTION_MISMATCH|OPENING_SHIELD_ACTIVE_12s
2026-09-07 15:46:13.024,1788795973.024,8813,26,146,4414.34,4414.42,8.0,PASS_<=10c,+0.0,FLAT,+0.0,+0.0,4.2,+0.00,0.00,SLOW,4414.34,4414.34,4414.34,4414.34,0.00,0.00,0.0,BULLISH,0.0,4414.34,4414.34,4414.34,4414.34,13,ACTIVE_13s,1.0,0.0,0.0,0.0,0.0,0.0,0.0,PASS_<20%,0.00,0.0,NO,STANDBY_VEL_LOW,0,0.00,4590.00,78.36,FALSE,M1_DIRECTION_MISMATCH|OPENING_SHIELD_ACTIVE_13s
2026-09-07 15:46:13.526,1788795973.526,8814,27,147,4414.34,4414.42,8.0,PASS_<=10c,+0.0,FLAT,+0.0,+0.0,4.2,+0.00,0.00,SLOW,4414.34,4414.34,4414.34,4414.34,0.00,0.00,0.0,BULLISH,0.0,4414.34,4414.34,4414.34,4414.34,13,ACTIVE_13s,1.0,0.0,0.0,0.0,0.0,0.0,0.0,PASS_<20%,0.00,0.0,NO,STANDBY_VEL_LOW,0,0.00,4590.00,78.36,FALSE,M1_DIRECTION_MISMATCH|OPENING_SHIELD_ACTIVE_13s
2026-09-07 15:46:14.030,1788795974.031,8815,28,148,4414.34,4414.42,8.0,PASS_<=10c,+0.0,FLAT,+0.0,+0.0,4.2,+0.00,0.00,SLOW,4414.34,4414.34,4414.34,4414.34,0.00,0.00,0.0,BULLISH,0.0,4414.34,4414.34,4414.34,4414.34,14,ACTIVE_14s,1.0,0.0,0.0,0.0,0.0,0.0,0.0,PASS_<20%,0.00,0.0,NO,STANDBY_VEL_LOW,0,0.00,4590.00,78.36,FALSE,M1_DIRECTION_MISMATCH|OPENING_SHIELD_ACTIVE_14s
2026-09-07 15:46:14.530,1788795974.531,8816,29,149,4414.34,4414.42,8.0,PASS_<=10c,+0.0,FLAT,+0.0,+0.0,4.2,+0.00,0.00,SLOW,4414.34,4414.34,4414.34,4414.34,0.00,0.00,0.0,BULLISH,0.0,4414.34,4414.34,4414.34,4414.34,14,ACTIVE_14s,1.0,0.0,0.0,0.0,0.0,0.0,0.0,PASS_<20%,0.00,0.0,NO,STANDBY_VEL_LOW,0,0.00,4590.00,78.36,FALSE,M1_DIRECTION_MISMATCH|OPENING_SHIELD_ACTIVE_14s
2026-09-07 15:46:15.033,1788795975.034,8817,30,150,4414.34,4414.42,8.0,PASS_<=10c,+0.0,FLAT,+0.0,+0.0,4.2,+0.00,0.00,SLOW,4414.34,4414.34,4414.34,4414.34,0.00,0.00,0.0,BULLISH,0.0,4414.34,4414.34,4414.34,4414.34,15,ACTIVE_15s,1.0,0.0,0.0,0.0,0.0,0.0,0.0,PASS_<20%,0.00,0.0,NO,STANDBY_VEL_LOW,0,0.00,4590.00,78.36,FALSE,M1_DIRECTION_MISMATCH|OPENING_SHIELD_ACTIVE_15s
2026-09-07 15:46:15.536,1788795975.536,8818,31,151,4414.34,4414.42,8.0,PASS_<=10c,+0.0,FLAT,+0.0,+0.0,4.2,+0.00,0.00,SLOW,4414.34,4414.34,4414.34,4414.34,0.00,0.00,0.0,BULLISH,0.0,4414.34,4414.34,4414.34,4414.34,15,ACTIVE_15s,1.0,0.0,0.0,0.0,0.0,0.0,0.0,PASS_<20%,0.00,0.0,NO,STANDBY_VEL_LOW,0,0.00,4590.00,78.36,FALSE,M1_DIRECTION_MISMATCH|OPENING_SHIELD_ACTIVE_15s
2026-09-07 15:46:16.054,1788795976.055,8819,32,152,4414.34,4414.42,8.0,PASS_<=10c,+0.0,FLAT,+0.0,+0.0,4.2,+0.00,0.00,SLOW,4414.34,4414.34,4414.34,4414.34,0.00,0.00,0.0,BULLISH,0.0,4414.34,4414.34,4414.34,4414.34,16,ACTIVE_16s,1.0,0.0,0.0,0.0,0.0,0.0,0.0,PASS_<20%,0.00,0.0,NO,STANDBY_VEL_LOW,0,0.00,4590.00,78.36,FALSE,M1_DIRECTION_MISMATCH|OPENING_SHIELD_ACTIVE_16s
2026-09-07 15:46:16.556,1788795976.557,8820,33,153,4414.34,4414.42,8.0,PASS_<=10c,+0.0,FLAT,+0.0,+0.0,4.2,+0.00,0.00,SLOW,4414.34,4414.34,4414.34,4414.34,0.00,0.00,0.0,BULLISH,0.0,4414.34,4414.34,4414.34,4414.34,16,ACTIVE_16s,1.0,0.0,0.0,0.0,0.0,0.0,0.0,PASS_<20%,0.00,0.0,NO,STANDBY_VEL_LOW,0,0.00,4590.00,78.36,FALSE,M1_DIRECTION_MISMATCH|OPENING_SHIELD_ACTIVE_16s
2026-09-07 15:46:17.057,1788795977.058,8821,34,154,4414.34,4414.42,8.0,PASS_<=10c,+0.0,FLAT,+0.0,+0.0,4.2,+0.00,0.00,SLOW,4414.34,4414.34,4414.34,4414.34,0.00,0.00,0.0,BULLISH,0.0,4414.34,4414.34,4414.34,4414.34,17,ACTIVE_17s,1.0,0.0,0.0,0.0,0.0,0.0,0.0,PASS_<20%,0.00,0.0,NO,STANDBY_VEL_LOW,0,0.00,4590.00,78.36,FALSE,M1_DIRECTION_MISMATCH|OPENING_SHIELD_ACTIVE_17s
2026-09-07 15:46:17.559,1788795977.559,8822,35,155,4414.34,4414.42,8.0,PASS_<=10c,+0.0,FLAT,+0.0,+0.0,4.2,+0.00,0.00,SLOW,4414.34,4414.34,4414.34,4414.34,0.00,0.00,0.0,BULLISH,0.0,4414.34,4414.34,4414.34,4414.34,17,ACTIVE_17s,1.0,0.0,0.0,0.0,0.0,0.0,0.0,PASS_<20%,0.00,0.0,NO,STANDBY_VEL_LOW,0,0.00,4590.00,78.36,FALSE,M1_DIRECTION_MISMATCH|OPENING_SHIELD_ACTIVE_17s
2026-09-07 15:46:18.060,1788795978.060,8823,36,156,4414.34,4414.42,8.0,PASS_<=10c,+0.0,FLAT,+0.0,+0.0,4.2,+0.00,0.00,SLOW,4414.34,4414.34,4414.34,4414.34,0.00,0.00,0.0,BULLISH,0.0,4414.34,4414.34,4414.34,4414.34,18,ACTIVE_18s,1.0,0.0,0.0,0.0,0.0,0.0,0.0,PASS_<20%,0.00,0.0,NO,STANDBY_VEL_LOW,0,0.00,4590.00,78.36,FALSE,M1_DIRECTION_MISMATCH|OPENING_SHIELD_ACTIVE_18s
2026-09-07 15:46:18.561,1788795978.562,8824,37,157,4414.34,4414.42,8.0,PASS_<=10c,+0.0,FLAT,+0.0,+0.0,4.2,+0.00,0.00,SLOW,4414.34,4414.34,4414.34,4414.34,0.00,0.00,0.0,BULLISH,0.0,4414.34,4414.34,4414.34,4414.34,18,ACTIVE_18s,1.0,0.0,0.0,0.0,0.0,0.0,0.0,PASS_<20%,0.00,0.0,NO,STANDBY_VEL_LOW,0,0.00,4590.00,78.36,FALSE,M1_DIRECTION_MISMATCH|OPENING_SHIELD_ACTIVE_18s
2026-09-07 15:46:19.063,1788795979.063,8825,38,158,4414.34,4414.42,8.0,PASS_<=10c,+0.0,FLAT,+0.0,+0.0,4.2,+0.00,0.00,SLOW,4414.34,4414.34,4414.34,4414.34,0.00,0.00,0.0,BULLISH,0.0,4414.34,4414.34,4414.34,4414.34,19,ACTIVE_19s,1.0,0.0,0.0,0.0,0.0,0.0,0.0,PASS_<20%,0.00,0.0,NO,STANDBY_VEL_LOW,0,0.00,4590.00,78.36,FALSE,M1_DIRECTION_MISMATCH|OPENING_SHIELD_ACTIVE_19s
2026-09-07 15:46:19.566,1788795979.566,8826,39,159,4414.34,4414.42,8.0,PASS_<=10c,+0.0,FLAT,+0.0,+0.0,4.2,+0.00,0.00,SLOW,4414.34,4414.34,4414.34,4414.34,0.00,0.00,0.0,BULLISH,0.0,4414.34,4414.34,4414.34,4414.34,19,ACTIVE_19s,1.0,0.0,0.0,0.0,0.0,0.0,0.0,PASS_<20%,0.00,0.0,NO,STANDBY_VEL_LOW,0,0.00,4590.00,78.36,FALSE,M1_DIRECTION_MISMATCH|OPENING_SHIELD_ACTIVE_19s
2026-09-07 15:46:20.068,1788795980.069,8827,40,160,4414.34,4414.42,8.0,PASS_<=10c,+0.0,FLAT,+0.0,+0.0,4.2,+0.00,0.00,SLOW,4414.34,4414.34,4414.34,4414.34,0.00,0.00,0.0,BULLISH,0.0,4414.34,4414.34,4414.34,4414.34,20,CLEARED_>=20s,1.0,0.0,0.0,0.0,0.0,0.0,0.0,PASS_<20%,0.00,0.0,NO,STANDBY_VEL_LOW,0,0.00,4590.00,78.36,FALSE,M1_DIRECTION_MISMATCH
2026-09-07 15:46:20.569,1788795980.570,8828,41,161,4414.34,4414.42,8.0,PASS_<=10c,+0.0,FLAT,+0.0,+0.0,4.2,+0.00,0.00,SLOW,4414.34,4414.34,4414.34,4414.34,0.00,0.00,0.0,BULLISH,0.0,4414.34,4414.34,4414.34,4414.34,20,CLEARED_>=20s,1.0,0.0,0.0,0.0,0.0,0.0,0.0,PASS_<20%,0.00,0.0,NO,STANDBY_VEL_LOW,0,0.00,4590.00,78.36,FALSE,M1_DIRECTION_MISMATCH
2026-09-07 15:46:21.071,1788795981.072,8829,42,162,4414.34,4414.42,8.0,PASS_<=10c,+0.0,FLAT,+0.0,+0.0,4.2,+0.00,0.00,SLOW,4414.34,4414.34,4414.34,4414.34,0.00,0.00,0.0,BULLISH,0.0,4414.34,4414.34,4414.34,4414.34,21,CLEARED_>=20s,1.0,0.0,0.0,0.0,0.0,0.0,0.0,PASS_<20%,0.00,0.0,NO,STANDBY_VEL_LOW,0,0.00,4590.00,78.36,FALSE,M1_DIRECTION_MISMATCH
2026-09-07 15:46:21.573,1788795981.574,8830,43,163,4414.34,4414.42,8.0,PASS_<=10c,+0.0,FLAT,+0.0,+0.0,4.2,+0.00,0.00,SLOW,4414.34,4414.34,4414.34,4414.34,0.00,0.00,0.0,BULLISH,0.0,4414.34,4414.34,4414.34,4414.34,21,CLEARED_>=20s,1.0,0.0,0.0,0.0,0.0,0.0,0.0,PASS_<20%,0.00,0.0,NO,STANDBY_VEL_LOW,0,0.00,4590.00,78.36,FALSE,M1_DIRECTION_MISMATCH
2026-09-07 15:46:22.074,1788795982.075,8831,44,164,4414.34,4414.42,8.0,PASS_<=10c,+0.0,FLAT,+0.0,+0.0,4.2,+0.00,0.00,SLOW,4414.34,4414.34,4414.34,4414.34,0.00,0.00,0.0,BULLISH,0.0,4414.34,4414.34,4414.34,4414.34,22,CLEARED_>=20s,1.0,0.0,0.0,0.0,0.0,0.0,0.0,PASS_<20%,0.00,0.0,NO,STANDBY_VEL_LOW,0,0.00,4590.00,78.36,FALSE,M1_DIRECTION_MISMATCH
2026-09-07 15:46:22.576,1788795982.577,8832,45,165,4414.34,4414.42,8.0,PASS_<=10c,+0.0,FLAT,+0.0,+0.0,4.2,+0.00,0.00,SLOW,4414.34,4414.34,4414.34,4414.34,0.00,0.00,0.0,BULLISH,0.0,4414.34,4414.34,4414.34,4414.34,22,CLEARED_>=20s,1.0,0.0,0.0,0.0,0.0,0.0,0.0,PASS_<20%,0.00,0.0,NO,STANDBY_VEL_LOW,0,0.00,4590.00,78.36,FALSE,M1_DIRECTION_MISMATCH
2026-09-07 15:46:23.077,1788795983.077,8833,46,166,4414.34,4414.42,8.0,PASS_<=10c,+0.0,FLAT,+0.0,+0.0,4.2,+0.00,0.00,SLOW,4414.34,4414.34,4414.34,4414.34,0.00,0.00,0.0,BULLISH,0.0,4414.34,4414.34,4414.34,4414.34,23,CLEARED_>=20s,1.0,0.0,0.0,0.0,0.0,0.0,0.0,PASS_<20%,0.00,0.0,NO,STANDBY_VEL_LOW,0,0.00,4590.00,78.36,FALSE,M1_DIRECTION_MISMATCH
2026-09-07 15:46:23.578,1788795983.579,8834,47,167,4414.34,4414.42,8.0,PASS_<=10c,+0.0,FLAT,+0.0,+0.0,4.2,+0.00,0.00,SLOW,4414.34,4414.34,4414.34,4414.34,0.00,0.00,0.0,BULLISH,0.0,4414.34,4414.34,4414.34,4414.34,23,CLEARED_>=20s,1.0,0.0,0.0,0.0,0.0,0.0,0.0,PASS_<20%,0.00,0.0,NO,STANDBY_VEL_LOW,0,0.00,4590.00,78.36,FALSE,M1_DIRECTION_MISMATCH
2026-09-07 15:46:24.080,1788795984.080,8835,48,168,4414.34,4414.42,8.0,PASS_<=10c,+0.0,FLAT,+0.0,+0.0,4.2,+0.00,0.00,SLOW,4414.34,4414.34,4414.34,4414.34,0.00,0.00,0.0,BULLISH,0.0,4414.34,4414.34,4414.34,4414.34,24,CLEARED_>=20s,1.0,0.0,0.0,0.0,0.0,0.0,0.0,PASS_<20%,0.00,0.0,NO,STANDBY_VEL_LOW,0,0.00,4590.00,78.36,FALSE,M1_DIRECTION_MISMATCH
2026-09-07 15:46:24.583,1788795984.584,8836,49,169,4414.34,4414.42,8.0,PASS_<=10c,+0.0,FLAT,+0.0,+0.0,4.2,+0.00,0.00,SLOW,4414.34,4414.34,4414.34,4414.34,0.00,0.00,0.0,BULLISH,0.0,4414.34,4414.34,4414.34,4414.34,24,CLEARED_>=20s,1.0,0.0,0.0,0.0,0.0,0.0,0.0,PASS_<20%,0.00,0.0,NO,STANDBY_VEL_LOW,0,0.00,4590.00,78.36,FALSE,M1_DIRECTION_MISMATCH
2026-09-07 15:46:25.084,1788795985.085,8837,50,170,4414.34,4414.42,8.0,PASS_<=10c,+0.0,FLAT,+0.0,+0.0,4.2,+0.00,0.00,SLOW,4414.34,4414.34,4414.34,4414.34,0.00,0.00,0.0,BULLISH,0.0,4414.34,4414.34,4414.34,4414.34,25,CLEARED_>=20s,1.0,0.0,0.0,0.0,0.0,0.0,0.0,PASS_<20%,0.00,0.0,NO,STANDBY_VEL_LOW,0,0.00,4590.00,78.36,FALSE,M1_DIRECTION_MISMATCH
2026-09-07 15:46:25.586,1788795985.587,8838,51,171,4414.34,4414.42,8.0,PASS_<=10c,+0.0,FLAT,+0.0,+0.0,4.2,+0.00,0.00,SLOW,4414.34,4414.34,4414.34,4414.34,0.00,0.00,0.0,BULLISH,0.0,4414.34,4414.34,4414.34,4414.34,25,CLEARED_>=20s,1.0,0.0,0.0,0.0,0.0,0.0,0.0,PASS_<20%,0.00,0.0,NO,STANDBY_VEL_LOW,0,0.00,4590.00,78.36,FALSE,M1_DIRECTION_MISMATCH
2026-09-07 15:46:26.088,1788795986.088,8839,52,172,4414.34,4414.42,8.0,PASS_<=10c,+0.0,FLAT,+0.0,+0.0,4.2,+0.00,0.00,SLOW,4414.34,4414.34,4414.34,4414.34,0.00,0.00,0.0,BULLISH,0.0,4414.34,4414.34,4414.34,4414.34,26,CLEARED_>=20s,1.0,0.0,0.0,0.0,0.0,0.0,0.0,PASS_<20%,0.00,0.0,NO,STANDBY_VEL_LOW,0,0.00,4590.00,78.36,FALSE,M1_DIRECTION_MISMATCH
2026-09-07 15:46:26.589,1788795986.590,8840,53,173,4414.34,4414.42,8.0,PASS_<=10c,+0.0,FLAT,+0.0,+0.0,4.2,+0.00,0.00,SLOW,4414.34,4414.34,4414.34,4414.34,0.00,0.00,0.0,BULLISH,0.0,4414.34,4414.34,4414.34,4414.34,26,CLEARED_>=20s,1.0,0.0,0.0,0.0,0.0,0.0,0.0,PASS_<20%,0.00,0.0,NO,STANDBY_VEL_LOW,0,0.00,4590.00,78.36,FALSE,M1_DIRECTION_MISMATCH
2026-09-07 15:46:27.092,1788795987.093,8841,54,174,4414.34,4414.42,8.0,PASS_<=10c,+0.0,FLAT,+0.0,+0.0,4.2,+0.00,0.00,SLOW,4414.34,4414.34,4414.34,4414.34,0.00,0.00,0.0,BULLISH,0.0,4414.34,4414.34,4414.34,4414.34,27,CLEARED_>=20s,1.0,0.0,0.0,0.0,0.0,0.0,0.0,PASS_<20%,0.00,0.0,NO,STANDBY_VEL_LOW,0,0.00,4590.00,78.36,FALSE,M1_DIRECTION_MISMATCH
2026-09-07 15:46:27.593,1788795987.594,8842,55,175,4414.34,4414.42,8.0,PASS_<=10c,+0.0,FLAT,+0.0,+0.0,4.2,+0.00,0.00,SLOW,4414.34,4414.34,4414.34,4414.34,0.00,0.00,0.0,BULLISH,0.0,4414.34,4414.34,4414.34,4414.34,27,CLEARED_>=20s,1.0,0.0,0.0,0.0,0.0,0.0,0.0,PASS_<20%,0.00,0.0,NO,STANDBY_VEL_LOW,0,0.00,4590.00,78.36,FALSE,M1_DIRECTION_MISMATCH
2026-09-07 15:46:28.094,1788795988.094,8843,56,176,4414.34,4414.42,8.0,PASS_<=10c,+0.0,FLAT,+0.0,+0.0,4.2,+0.00,0.00,SLOW,4414.34,4414.34,4414.34,4414.34,0.00,0.00,0.0,BULLISH,0.0,4414.34,4414.34,4414.34,4414.34,28,CLEARED_>=20s,1.0,0.0,0.0,0.0,0.0,0.0,0.0,PASS_<20%,0.00,0.0,NO,STANDBY_VEL_LOW,0,0.00,4590.00,78.36,FALSE,M1_DIRECTION_MISMATCH
2026-09-07 15:46:28.596,1788795988.596,8844,57,177,4414.34,4414.42,8.0,PASS_<=10c,+0.0,FLAT,+0.0,+0.0,4.2,+0.00,0.00,SLOW,4414.34,4414.34,4414.34,4414.34,0.00,0.00,0.0,BULLISH,0.0,4414.34,4414.34,4414.34,4414.34,28,CLEARED_>=20s,1.0,0.0,0.0,0.0,0.0,0.0,0.0,PASS_<20%,0.00,0.0,NO,STANDBY_VEL_LOW,0,0.00,4590.00,78.36,FALSE,M1_DIRECTION_MISMATCH
2026-09-07 15:46:29.097,1788795989.097,8845,58,178,4414.34,4414.42,8.0,PASS_<=10c,+0.0,FLAT,+0.0,+0.0,4.2,+0.00,0.00,SLOW,4414.34,4414.34,4414.34,4414.34,0.00,0.00,0.0,BULLISH,0.0,4414.34,4414.34,4414.34,4414.34,29,CLEARED_>=20s,1.0,0.0,0.0,0.0,0.0,0.0,0.0,PASS_<20%,0.00,0.0,NO,STANDBY_VEL_LOW,0,0.00,4590.00,78.36,FALSE,M1_DIRECTION_MISMATCH
2026-09-07 15:46:29.599,1788795989.599,8846,59,179,4414.34,4414.42,8.0,PASS_<=10c,+0.0,FLAT,+0.0,+0.0,4.2,+0.00,0.00,SLOW,4414.34,4414.34,4414.34,4414.34,0.00,0.00,0.0,BULLISH,0.0,4414.34,4414.34,4414.34,4414.34,29,CLEARED_>=20s,1.0,0.0,0.0,0.0,0.0,0.0,0.0,PASS_<20%,0.00,0.0,NO,STANDBY_VEL_LOW,0,0.00,4590.00,78.36,FALSE,M1_DIRECTION_MISMATCH
2026-09-07 15:46:30.100,1788795990.101,8847,60,180,4414.34,4414.42,8.0,PASS_<=10c,+0.0,FLAT,+0.0,+0.0,4.2,+0.00,0.00,SLOW,4414.34,4414.34,4414.34,4414.34,0.00,0.00,0.0,BULLISH,0.0,4414.34,4414.34,4414.34,4414.34,30,CLEARED_>=20s,1.0,0.0,0.0,0.0,0.0,0.0,0.0,PASS_<20%,0.00,0.0,NO,STANDBY_VEL_LOW,0,0.00,4590.00,78.36,FALSE,M1_DIRECTION_MISMATCH
2026-09-07 15:46:30.601,1788795990.602,8848,61,181,4414.34,4414.42,8.0,PASS_<=10c,+0.0,FLAT,+0.0,+0.0,4.2,+0.00,0.00,SLOW,4414.34,4414.34,4414.34,4414.34,0.00,0.00,0.0,BULLISH,0.0,4414.34,4414.34,4414.34,4414.34,30,CLEARED_>=20s,1.0,0.0,0.0,0.0,0.0,0.0,0.0,PASS_<20%,0.00,0.0,NO,STANDBY_VEL_LOW,0,0.00,4590.00,78.36,FALSE,M1_DIRECTION_MISMATCH
2026-09-07 15:46:31.103,1788795991.104,8849,62,182,4414.34,4414.42,8.0,PASS_<=10c,+0.0,FLAT,+0.0,+0.0,4.2,+0.00,0.00,SLOW,4414.34,4414.34,4414.34,4414.34,0.00,0.00,0.0,BULLISH,0.0,4414.34,4414.34,4414.34,4414.34,31,CLEARED_>=20s,1.0,0.0,0.0,0.0,0.0,0.0,0.0,PASS_<20%,0.00,0.0,NO,STANDBY_VEL_LOW,0,0.00,4590.00,78.36,FALSE,M1_DIRECTION_MISMATCH
2026-09-07 15:46:31.607,1788795991.607,8850,63,183,4414.34,4414.42,8.0,PASS_<=10c,+0.0,FLAT,+0.0,+0.0,4.2,+0.00,0.00,SLOW,4414.34,4414.34,4414.34,4414.34,0.00,0.00,0.0,BULLISH,0.0,4414.34,4414.34,4414.34,4414.34,31,CLEARED_>=20s,1.0,0.0,0.0,0.0,0.0,0.0,0.0,PASS_<20%,0.00,0.0,NO,STANDBY_VEL_LOW,0,0.00,4590.00,78.36,FALSE,M1_DIRECTION_MISMATCH
2026-09-07 15:46:32.106,1788795992.106,8851,64,184,4414.34,4414.42,8.0,PASS_<=10c,+0.0,FLAT,+0.0,+0.0,4.2,+0.00,0.00,SLOW,4414.34,4414.34,4414.34,4414.34,0.00,0.00,0.0,BULLISH,0.0,4414.34,4414.34,4414.34,4414.34,32,CLEARED_>=20s,1.0,0.0,0.0,0.0,0.0,0.0,0.0,PASS_<20%,0.00,0.0,NO,STANDBY_VEL_LOW,0,0.00,4590.00,78.36,FALSE,M1_DIRECTION_MISMATCH
2026-09-07 15:46:32.607,1788795992.608,8852,65,185,4414.34,4414.42,8.0,PASS_<=10c,+0.0,FLAT,+0.0,+0.0,4.2,+0.00,0.00,SLOW,4414.34,4414.34,4414.34,4414.34,0.00,0.00,0.0,BULLISH,0.0,4414.34,4414.34,4414.34,4414.34,32,CLEARED_>=20s,1.0,0.0,0.0,0.0,0.0,0.0,0.0,PASS_<20%,0.00,0.0,NO,STANDBY_VEL_LOW,0,0.00,4590.00,78.36,FALSE,M1_DIRECTION_MISMATCH
2026-09-07 15:46:33.108,1788795993.109,8853,66,186,4414.34,4414.42,8.0,PASS_<=10c,+0.0,FLAT,+0.0,+0.0,4.2,+0.00,0.00,SLOW,4414.34,4414.34,4414.34,4414.34,0.00,0.00,0.0,BULLISH,0.0,4414.34,4414.34,4414.34,4414.34,33,CLEARED_>=20s,1.0,0.0,0.0,0.0,0.0,0.0,0.0,PASS_<20%,0.00,0.0,NO,STANDBY_VEL_LOW,0,0.00,4590.00,78.36,FALSE,M1_DIRECTION_MISMATCH
2026-09-07 15:46:33.609,1788795993.610,8854,67,187,4414.34,4414.42,8.0,PASS_<=10c,+0.0,FLAT,+0.0,+0.0,4.2,+0.00,0.00,SLOW,4414.34,4414.34,4414.34,4414.34,0.00,0.00,0.0,BULLISH,0.0,4414.34,4414.34,4414.34,4414.34,33,CLEARED_>=20s,1.0,0.0,0.0,0.0,0.0,0.0,0.0,PASS_<20%,0.00,0.0,NO,STANDBY_VEL_LOW,0,0.00,4590.00,78.36,FALSE,M1_DIRECTION_MISMATCH
2026-09-07 15:46:34.111,1788795994.111,8855,68,188,4414.34,4414.42,8.0,PASS_<=10c,+0.0,FLAT,+0.0,+0.0,4.2,+0.00,0.00,SLOW,4414.34,4414.34,4414.34,4414.34,0.00,0.00,0.0,BULLISH,0.0,4414.34,4414.34,4414.34,4414.34,34,CLEARED_>=20s,1.0,0.0,0.0,0.0,0.0,0.0,0.0,PASS_<20%,0.00,0.0,NO,STANDBY_VEL_LOW,0,0.00,4590.00,78.36,FALSE,M1_DIRECTION_MISMATCH
2026-09-07 15:46:34.612,1788795994.613,8856,69,189,4414.34,4414.42,8.0,PASS_<=10c,+0.0,FLAT,+0.0,+0.0,4.2,+0.00,0.00,SLOW,4414.34,4414.34,4414.34,4414.34,0.00,0.00,0.0,BULLISH,0.0,4414.34,4414.34,4414.34,4414.34,34,CLEARED_>=20s,1.0,0.0,0.0,0.0,0.0,0.0,0.0,PASS_<20%,0.00,0.0,NO,STANDBY_VEL_LOW,0,0.00,4590.00,78.36,FALSE,M1_DIRECTION_MISMATCH
2026-09-07 15:46:35.114,1788795995.114,8857,70,190,4414.34,4414.42,8.0,PASS_<=10c,+0.0,FLAT,+0.0,+0.0,4.2,+0.00,0.00,SLOW,4414.34,4414.34,4414.34,4414.34,0.00,0.00,0.0,BULLISH,0.0,4414.34,4414.34,4414.34,4414.34,35,CLEARED_>=20s,1.0,0.0,0.0,0.0,0.0,0.0,0.0,PASS_<20%,0.00,0.0,NO,STANDBY_VEL_LOW,0,0.00,4590.00,78.36,FALSE,M1_DIRECTION_MISMATCH
2026-09-07 15:46:35.617,1788795995.617,8858,71,191,4414.34,4414.42,8.0,PASS_<=10c,+0.0,FLAT,+0.0,+0.0,4.2,+0.00,0.00,SLOW,4414.34,4414.34,4414.34,4414.34,0.00,0.00,0.0,BULLISH,0.0,4414.34,4414.34,4414.34,4414.34,35,CLEARED_>=20s,1.0,0.0,0.0,0.0,0.0,0.0,0.0,PASS_<20%,0.00,0.0,NO,STANDBY_VEL_LOW,0,0.00,4590.00,78.36,FALSE,M1_DIRECTION_MISMATCH
2026-09-07 15:46:36.117,1788795996.118,8859,72,192,4414.34,4414.42,8.0,PASS_<=10c,+0.0,FLAT,+0.0,+0.0,4.2,+0.00,0.00,SLOW,4414.34,4414.34,4414.34,4414.34,0.00,0.00,0.0,BULLISH,0.0,4414.34,4414.34,4414.34,4414.34,36,CLEARED_>=20s,1.0,0.0,0.0,0.0,0.0,0.0,0.0,PASS_<20%,0.00,0.0,NO,STANDBY_VEL_LOW,0,0.00,4590.00,78.36,FALSE,M1_DIRECTION_MISMATCH
2026-09-07 15:46:36.619,1788795996.620,8860,73,193,4414.34,4414.42,8.0,PASS_<=10c,+0.0,FLAT,+0.0,+0.0,4.2,+0.00,0.00,SLOW,4414.34,4414.34,4414.34,4414.34,0.00,0.00,0.0,BULLISH,0.0,4414.34,4414.34,4414.34,4414.34,36,CLEARED_>=20s,1.0,0.0,0.0,0.0,0.0,0.0,0.0,PASS_<20%,0.00,0.0,NO,STANDBY_VEL_LOW,0,0.00,4590.00,78.36,FALSE,M1_DIRECTION_MISMATCH
2026-09-07 15:46:37.121,1788795997.121,8861,74,194,4414.34,4414.42,8.0,PASS_<=10c,+0.0,FLAT,+0.0,+0.0,4.2,+0.00,0.00,SLOW,4414.34,4414.34,4414.34,4414.34,0.00,0.00,0.0,BULLISH,0.0,4414.34,4414.34,4414.34,4414.34,37,CLEARED_>=20s,1.0,0.0,0.0,0.0,0.0,0.0,0.0,PASS_<20%,0.00,0.0,NO,STANDBY_VEL_LOW,0,0.00,4590.00,78.36,FALSE,M1_DIRECTION_MISMATCH
2026-09-07 15:46:37.623,1788795997.623,8862,75,195,4414.34,4414.42,8.0,PASS_<=10c,+0.0,FLAT,+0.0,+0.0,4.2,+0.00,0.00,SLOW,4414.34,4414.34,4414.34,4414.34,0.00,0.00,0.0,BULLISH,0.0,4414.34,4414.34,4414.34,4414.34,37,CLEARED_>=20s,1.0,0.0,0.0,0.0,0.0,0.0,0.0,PASS_<20%,0.00,0.0,NO,STANDBY_VEL_LOW,0,0.00,4590.00,78.36,FALSE,M1_DIRECTION_MISMATCH
2026-09-07 15:46:38.124,1788795998.124,8863,76,196,4414.34,4414.42,8.0,PASS_<=10c,+0.0,FLAT,+0.0,+0.0,4.2,+0.00,0.00,SLOW,4414.34,4414.34,4414.34,4414.34,0.00,0.00,0.0,BULLISH,0.0,4414.34,4414.34,4414.34,4414.34,38,CLEARED_>=20s,1.0,0.0,0.0,0.0,0.0,0.0,0.0,PASS_<20%,0.00,0.0,NO,STANDBY_VEL_LOW,0,0.00,4590.00,78.36,FALSE,M1_DIRECTION_MISMATCH
2026-09-07 15:46:38.626,1788795998.626,8864,77,197,4414.34,4414.42,8.0,PASS_<=10c,+0.0,FLAT,+0.0,+0.0,4.2,+0.00,0.00,SLOW,4414.34,4414.34,4414.34,4414.34,0.00,0.00,0.0,BULLISH,0.0,4414.34,4414.34,4414.34,4414.34,38,CLEARED_>=20s,1.0,0.0,0.0,0.0,0.0,0.0,0.0,PASS_<20%,0.00,0.0,NO,STANDBY_VEL_LOW,0,0.00,4590.00,78.36,FALSE,M1_DIRECTION_MISMATCH
2026-09-07 15:46:39.128,1788795999.129,8865,78,198,4414.34,4414.42,8.0,PASS_<=10c,+0.0,FLAT,+0.0,+0.0,4.2,+0.00,0.00,SLOW,4414.34,4414.34,4414.34,4414.34,0.00,0.00,0.0,BULLISH,0.0,4414.34,4414.34,4414.34,4414.34,39,CLEARED_>=20s,1.0,0.0,0.0,0.0,0.0,0.0,0.0,PASS_<20%,0.00,0.0,NO,STANDBY_VEL_LOW,0,0.00,4590.00,78.36,FALSE,M1_DIRECTION_MISMATCH
2026-09-07 15:46:39.630,1788795999.630,8866,79,199,4414.34,4414.42,8.0,PASS_<=10c,+0.0,FLAT,+0.0,+0.0,4.2,+0.00,0.00,SLOW,4414.34,4414.34,4414.34,4414.34,0.00,0.00,0.0,BULLISH,0.0,4414.34,4414.34,4414.34,4414.34,39,CLEARED_>=20s,1.0,0.0,0.0,0.0,0.0,0.0,0.0,PASS_<20%,0.00,0.0,NO,STANDBY_VEL_LOW,0,0.00,4590.00,78.36,FALSE,M1_DIRECTION_MISMATCH
2026-09-07 15:46:40.131,1788796000.132,8867,80,200,4414.34,4414.42,8.0,PASS_<=10c,+0.0,FLAT,+0.0,+0.0,4.2,+0.00,0.00,SLOW,4414.34,4414.34,4414.34,4414.34,0.00,0.00,0.0,BULLISH,0.0,4414.34,4414.34,4414.34,4414.34,40,CLEARED_>=20s,1.0,0.0,0.0,0.0,0.0,0.0,0.0,PASS_<20%,0.00,0.0,NO,STANDBY_VEL_LOW,0,0.00,4590.00,78.36,FALSE,M1_DIRECTION_MISMATCH
2026-09-07 15:46:40.633,1788796000.633,8868,81,201,4414.34,4414.42,8.0,PASS_<=10c,+0.0,FLAT,+0.0,+0.0,4.2,+0.00,0.00,SLOW,4414.34,4414.34,4414.34,4414.34,0.00,0.00,0.0,BULLISH,0.0,4414.34,4414.34,4414.34,4414.34,40,CLEARED_>=20s,1.0,0.0,0.0,0.0,0.0,0.0,0.0,PASS_<20%,0.00,0.0,NO,STANDBY_VEL_LOW,0,0.00,4590.00,78.36,FALSE,M1_DIRECTION_MISMATCH
2026-09-07 15:46:41.134,1788796001.134,8869,82,202,4414.34,4414.42,8.0,PASS_<=10c,+0.0,FLAT,+0.0,+0.0,4.2,+0.00,0.00,SLOW,4414.34,4414.34,4414.34,4414.34,0.00,0.00,0.0,BULLISH,0.0,4414.34,4414.34,4414.34,4414.34,41,CLEARED_>=20s,1.0,0.0,0.0,0.0,0.0,0.0,0.0,PASS_<20%,0.00,0.0,NO,STANDBY_VEL_LOW,0,0.00,4590.00,78.36,FALSE,M1_DIRECTION_MISMATCH
2026-09-07 15:46:41.636,1788796001.636,8870,83,203,4414.34,4414.42,8.0,PASS_<=10c,+0.0,FLAT,+0.0,+0.0,4.2,+0.00,0.00,SLOW,4414.34,4414.34,4414.34,4414.34,0.00,0.00,0.0,BULLISH,0.0,4414.34,4414.34,4414.34,4414.34,41,CLEARED_>=20s,1.0,0.0,0.0,0.0,0.0,0.0,0.0,PASS_<20%,0.00,0.0,NO,STANDBY_VEL_LOW,0,0.00,4590.00,78.36,FALSE,M1_DIRECTION_MISMATCH
2026-09-07 15:46:42.138,1788796002.139,8871,84,204,4414.34,4414.42,8.0,PASS_<=10c,+0.0,FLAT,+0.0,+0.0,4.2,+0.00,0.00,SLOW,4414.34,4414.34,4414.34,4414.34,0.00,0.00,0.0,BULLISH,0.0,4414.34,4414.34,4414.34,4414.34,42,CLEARED_>=20s,1.0,0.0,0.0,0.0,0.0,0.0,0.0,PASS_<20%,0.00,0.0,NO,STANDBY_VEL_LOW,0,0.00,4590.00,78.36,FALSE,M1_DIRECTION_MISMATCH
2026-09-07 15:46:42.642,1788796002.642,8872,85,205,4414.34,4414.42,8.0,PASS_<=10c,+0.0,FLAT,+0.0,+0.0,4.2,+0.00,0.00,SLOW,4414.34,4414.34,4414.34,4414.34,0.00,0.00,0.0,BULLISH,0.0,4414.34,4414.34,4414.34,4414.34,42,CLEARED_>=20s,1.0,0.0,0.0,0.0,0.0,0.0,0.0,PASS_<20%,0.00,0.0,NO,STANDBY_VEL_LOW,0,0.00,4590.00,78.36,FALSE,M1_DIRECTION_MISMATCH
2026-09-07 15:46:43.141,1788796003.142,8873,86,206,4414.34,4414.42,8.0,PASS_<=10c,+0.0,FLAT,+0.0,+0.0,4.2,+0.00,0.00,SLOW,4414.34,4414.34,4414.34,4414.34,0.00,0.00,0.0,BULLISH,0.0,4414.34,4414.34,4414.34,4414.34,43,CLEARED_>=20s,1.0,0.0,0.0,0.0,0.0,0.0,0.0,PASS_<20%,0.00,0.0,NO,STANDBY_VEL_LOW,0,0.00,4590.00,78.36,FALSE,M1_DIRECTION_MISMATCH
2026-09-07 15:46:43.644,1788796003.644,8874,87,207,4414.34,4414.42,8.0,PASS_<=10c,+0.0,FLAT,+0.0,+0.0,4.2,+0.00,0.00,SLOW,4414.34,4414.34,4414.34,4414.34,0.00,0.00,0.0,BULLISH,0.0,4414.34,4414.34,4414.34,4414.34,43,CLEARED_>=20s,1.0,0.0,0.0,0.0,0.0,0.0,0.0,PASS_<20%,0.00,0.0,NO,STANDBY_VEL_LOW,0,0.00,4590.00,78.36,FALSE,M1_DIRECTION_MISMATCH
2026-09-07 15:46:44.146,1788796004.146,8875,88,208,4414.34,4414.42,8.0,PASS_<=10c,+0.0,FLAT,+0.0,+0.0,4.2,+0.00,0.00,SLOW,4414.34,4414.34,4414.34,4414.34,0.00,0.00,0.0,BULLISH,0.0,4414.34,4414.34,4414.34,4414.34,44,CLEARED_>=20s,1.0,0.0,0.0,0.0,0.0,0.0,0.0,PASS_<20%,0.00,0.0,NO,STANDBY_VEL_LOW,0,0.00,4590.00,78.36,FALSE,M1_DIRECTION_MISMATCH
2026-09-07 15:46:44.647,1788796004.647,8876,89,209,4414.34,4414.42,8.0,PASS_<=10c,+0.0,FLAT,+0.0,+0.0,4.2,+0.00,0.00,SLOW,4414.34,4414.34,4414.34,4414.34,0.00,0.00,0.0,BULLISH,0.0,4414.34,4414.34,4414.34,4414.34,44,CLEARED_>=20s,1.0,0.0,0.0,0.0,0.0,0.0,0.0,PASS_<20%,0.00,0.0,NO,STANDBY_VEL_LOW,0,0.00,4590.00,78.36,FALSE,M1_DIRECTION_MISMATCH
2026-09-07 15:46:45.149,1788796005.149,8877,90,210,4414.34,4414.42,8.0,PASS_<=10c,+0.0,FLAT,+0.0,+0.0,4.2,+0.00,0.00,SLOW,4414.34,4414.34,4414.34,4414.34,0.00,0.00,0.0,BULLISH,0.0,4414.34,4414.34,4414.34,4414.34,45,CLEARED_>=20s,1.0,0.0,0.0,0.0,0.0,0.0,0.0,PASS_<20%,0.00,0.0,NO,STANDBY_VEL_LOW,0,0.00,4590.00,78.36,FALSE,M1_DIRECTION_MISMATCH
2026-09-07 15:46:45.651,1788796005.651,8878,91,211,4414.34,4414.42,8.0,PASS_<=10c,+0.0,FLAT,+0.0,+0.0,4.2,+0.00,0.00,SLOW,4414.34,4414.34,4414.34,4414.34,0.00,0.00,0.0,BULLISH,0.0,4414.34,4414.34,4414.34,4414.34,45,CLEARED_>=20s,1.0,0.0,0.0,0.0,0.0,0.0,0.0,PASS_<20%,0.00,0.0,NO,STANDBY_VEL_LOW,0,0.00,4590.00,78.36,FALSE,M1_DIRECTION_MISMATCH
2026-09-07 15:46:46.153,1788796006.153,8879,92,212,4414.34,4414.42,8.0,PASS_<=10c,+0.0,FLAT,+0.0,+0.0,4.2,+0.00,0.00,SLOW,4414.34,4414.34,4414.34,4414.34,0.00,0.00,0.0,BULLISH,0.0,4414.34,4414.34,4414.34,4414.34,46,CLEARED_>=20s,1.0,0.0,0.0,0.0,0.0,0.0,0.0,PASS_<20%,0.00,0.0,NO,STANDBY_VEL_LOW,0,0.00,4590.00,78.36,FALSE,M1_DIRECTION_MISMATCH
2026-09-07 15:46:46.655,1788796006.656,8880,93,213,4414.34,4414.42,8.0,PASS_<=10c,+0.0,FLAT,+0.0,+0.0,4.2,+0.00,0.00,SLOW,4414.34,4414.34,4414.34,4414.34,0.00,0.00,0.0,BULLISH,0.0,4414.34,4414.34,4414.34,4414.34,46,CLEARED_>=20s,1.0,0.0,0.0,0.0,0.0,0.0,0.0,PASS_<20%,0.00,0.0,NO,STANDBY_VEL_LOW,0,0.00,4590.00,78.36,FALSE,M1_DIRECTION_MISMATCH
2026-09-07 15:46:47.156,1788796007.157,8881,94,214,4414.34,4414.42,8.0,PASS_<=10c,+0.0,FLAT,+0.0,+0.0,4.2,+0.00,0.00,SLOW,4414.34,4414.34,4414.34,4414.34,0.00,0.00,0.0,BULLISH,0.0,4414.34,4414.34,4414.34,4414.34,47,CLEARED_>=20s,1.0,0.0,0.0,0.0,0.0,0.0,0.0,PASS_<20%,0.00,0.0,NO,STANDBY_VEL_LOW,0,0.00,4590.00,78.36,FALSE,M1_DIRECTION_MISMATCH
2026-09-07 15:46:47.657,1788796007.657,8882,95,215,4414.34,4414.42,8.0,PASS_<=10c,+0.0,FLAT,+0.0,+0.0,4.2,+0.00,0.00,SLOW,4414.34,4414.34,4414.34,4414.34,0.00,0.00,0.0,BULLISH,0.0,4414.34,4414.34,4414.34,4414.34,47,CLEARED_>=20s,1.0,0.0,0.0,0.0,0.0,0.0,0.0,PASS_<20%,0.00,0.0,NO,STANDBY_VEL_LOW,0,0.00,4590.00,78.36,FALSE,M1_DIRECTION_MISMATCH
2026-09-07 15:46:48.158,1788796008.158,8883,96,216,4414.34,4414.42,8.0,PASS_<=10c,+0.0,FLAT,+0.0,+0.0,4.2,+0.00,0.00,SLOW,4414.34,4414.34,4414.34,4414.34,0.00,0.00,0.0,BULLISH,0.0,4414.34,4414.34,4414.34,4414.34,48,CLEARED_>=20s,1.0,0.0,0.0,0.0,0.0,0.0,0.0,PASS_<20%,0.00,0.0,NO,STANDBY_VEL_LOW,0,0.00,4590.00,78.36,FALSE,M1_DIRECTION_MISMATCH
2026-09-07 15:46:48.660,1788796008.660,8884,97,217,4414.34,4414.42,8.0,PASS_<=10c,+0.0,FLAT,+0.0,+0.0,4.2,+0.00,0.00,SLOW,4414.34,4414.34,4414.34,4414.34,0.00,0.00,0.0,BULLISH,0.0,4414.34,4414.34,4414.34,4414.34,48,CLEARED_>=20s,1.0,0.0,0.0,0.0,0.0,0.0,0.0,PASS_<20%,0.00,0.0,NO,STANDBY_VEL_LOW,0,0.00,4590.00,78.36,FALSE,M1_DIRECTION_MISMATCH
2026-09-07 15:46:49.162,1788796009.162,8885,98,218,4414.34,4414.42,8.0,PASS_<=10c,+0.0,FLAT,+0.0,+0.0,4.2,+0.00,0.00,SLOW,4414.34,4414.34,4414.34,4414.34,0.00,0.00,0.0,BULLISH,0.0,4414.34,4414.34,4414.34,4414.34,49,CLEARED_>=20s,1.0,0.0,0.0,0.0,0.0,0.0,0.0,PASS_<20%,0.00,0.0,NO,STANDBY_VEL_LOW,0,0.00,4590.00,78.36,FALSE,M1_DIRECTION_MISMATCH
2026-09-07 15:46:49.664,1788796009.664,8886,99,219,4414.34,4414.42,8.0,PASS_<=10c,+0.0,FLAT,+0.0,+0.0,4.2,+0.00,0.00,SLOW,4414.34,4414.34,4414.34,4414.34,0.00,0.00,0.0,BULLISH,0.0,4414.34,4414.34,4414.34,4414.34,49,CLEARED_>=20s,1.0,0.0,0.0,0.0,0.0,0.0,0.0,PASS_<20%,0.00,0.0,NO,STANDBY_VEL_LOW,0,0.00,4590.00,78.36,FALSE,M1_DIRECTION_MISMATCH
2026-09-07 15:46:50.165,1788796010.165,8887,100,220,4414.34,4414.42,8.0,PASS_<=10c,+0.0,FLAT,+0.0,+0.0,4.2,+0.00,0.00,SLOW,4414.34,4414.34,4414.34,4414.34,0.00,0.00,0.0,BULLISH,0.0,4414.34,4414.34,4414.34,4414.34,50,CLEARED_>=20s,1.0,0.0,0.0,0.0,0.0,0.0,0.0,PASS_<20%,0.00,0.0,NO,STANDBY_VEL_LOW,0,0.00,4590.00,78.36,FALSE,M1_DIRECTION_MISMATCH
2026-09-07 15:46:50.667,1788796010.668,8888,101,221,4414.34,4414.42,8.0,PASS_<=10c,+0.0,FLAT,+0.0,+0.0,4.2,+0.00,0.00,SLOW,4414.34,4414.34,4414.34,4414.34,0.00,0.00,0.0,BULLISH,0.0,4414.34,4414.34,4414.34,4414.34,50,CLEARED_>=20s,1.0,0.0,0.0,0.0,0.0,0.0,0.0,PASS_<20%,0.00,0.0,NO,STANDBY_VEL_LOW,0,0.00,4590.00,78.36,FALSE,M1_DIRECTION_MISMATCH
2026-09-07 15:46:51.169,1788796011.169,8889,102,222,4414.34,4414.42,8.0,PASS_<=10c,+0.0,FLAT,+0.0,+0.0,4.2,+0.00,0.00,SLOW,4414.34,4414.34,4414.34,4414.34,0.00,0.00,0.0,BULLISH,0.0,4414.34,4414.34,4414.34,4414.34,51,CLEARED_>=20s,1.0,0.0,0.0,0.0,0.0,0.0,0.0,PASS_<20%,0.00,0.0,NO,STANDBY_VEL_LOW,0,0.00,4590.00,78.36,FALSE,M1_DIRECTION_MISMATCH
2026-09-07 15:46:51.670,1788796011.671,8890,103,223,4414.34,4414.42,8.0,PASS_<=10c,+0.0,FLAT,+0.0,+0.0,4.2,+0.00,0.00,SLOW,4414.34,4414.34,4414.34,4414.34,0.00,0.00,0.0,BULLISH,0.0,4414.34,4414.34,4414.34,4414.34,51,CLEARED_>=20s,1.0,0.0,0.0,0.0,0.0,0.0,0.0,PASS_<20%,0.00,0.0,NO,STANDBY_VEL_LOW,0,0.00,4590.00,78.36,FALSE,M1_DIRECTION_MISMATCH
2026-09-07 15:46:52.171,1788796012.172,8891,104,224,4414.34,4414.42,8.0,PASS_<=10c,+0.0,FLAT,+0.0,+0.0,4.2,+0.00,0.00,SLOW,4414.34,4414.34,4414.34,4414.34,0.00,0.00,0.0,BULLISH,0.0,4414.34,4414.34,4414.34,4414.34,52,CLEARED_>=20s,1.0,0.0,0.0,0.0,0.0,0.0,0.0,PASS_<20%,0.00,0.0,NO,STANDBY_VEL_LOW,0,0.00,4590.00,78.36,FALSE,M1_DIRECTION_MISMATCH
2026-09-07 15:46:52.672,1788796012.673,8892,105,225,4414.34,4414.42,8.0,PASS_<=10c,+0.0,FLAT,+0.0,+0.0,4.2,+0.00,0.00,SLOW,4414.34,4414.34,4414.34,4414.34,0.00,0.00,0.0,BULLISH,0.0,4414.34,4414.34,4414.34,4414.34,52,CLEARED_>=20s,1.0,0.0,0.0,0.0,0.0,0.0,0.0,PASS_<20%,0.00,0.0,NO,STANDBY_VEL_LOW,0,0.00,4590.00,78.36,FALSE,M1_DIRECTION_MISMATCH
2026-09-07 15:46:53.176,1788796013.176,8893,106,226,4414.34,4414.42,8.0,PASS_<=10c,+0.0,FLAT,+0.0,+0.0,4.2,+0.00,0.00,SLOW,4414.34,4414.34,4414.34,4414.34,0.00,0.00,0.0,BULLISH,0.0,4414.34,4414.34,4414.34,4414.34,53,CLEARED_>=20s,1.0,0.0,0.0,0.0,0.0,0.0,0.0,PASS_<20%,0.00,0.0,NO,STANDBY_VEL_LOW,0,0.00,4590.00,78.36,FALSE,M1_DIRECTION_MISMATCH
2026-09-07 15:46:53.678,1788796013.678,8894,107,227,4414.34,4414.42,8.0,PASS_<=10c,+0.0,FLAT,+0.0,+0.0,4.2,+0.00,0.00,SLOW,4414.34,4414.34,4414.34,4414.34,0.00,0.00,0.0,BULLISH,0.0,4414.34,4414.34,4414.34,4414.34,53,CLEARED_>=20s,1.0,0.0,0.0,0.0,0.0,0.0,0.0,PASS_<20%,0.00,0.0,NO,STANDBY_VEL_LOW,0,0.00,4590.00,78.36,FALSE,M1_DIRECTION_MISMATCH
2026-09-07 15:46:54.179,1788796014.180,8895,108,228,4414.34,4414.42,8.0,PASS_<=10c,+0.0,FLAT,+0.0,+0.0,4.2,+0.00,0.00,SLOW,4414.34,4414.34,4414.34,4414.34,0.00,0.00,0.0,BULLISH,0.0,4414.34,4414.34,4414.34,4414.34,54,CLEARED_>=20s,1.0,0.0,0.0,0.0,0.0,0.0,0.0,PASS_<20%,0.00,0.0,NO,STANDBY_VEL_LOW,0,0.00,4590.00,78.36,FALSE,M1_DIRECTION_MISMATCH
2026-09-07 15:46:54.681,1788796014.681,8896,109,229,4414.34,4414.42,8.0,PASS_<=10c,+0.0,FLAT,+0.0,+0.0,4.2,+0.00,0.00,SLOW,4414.34,4414.34,4414.34,4414.34,0.00,0.00,0.0,BULLISH,0.0,4414.34,4414.34,4414.34,4414.34,54,CLEARED_>=20s,1.0,0.0,0.0,0.0,0.0,0.0,0.0,PASS_<20%,0.00,0.0,NO,STANDBY_VEL_LOW,0,0.00,4590.00,78.36,FALSE,M1_DIRECTION_MISMATCH
2026-09-07 15:46:55.183,1788796015.184,8897,110,230,4414.34,4414.42,8.0,PASS_<=10c,+0.0,FLAT,+0.0,+0.0,4.2,+0.00,0.00,SLOW,4414.34,4414.34,4414.34,4414.34,0.00,0.00,0.0,BULLISH,0.0,4414.34,4414.34,4414.34,4414.34,55,CLEARED_>=20s,1.0,0.0,0.0,0.0,0.0,0.0,0.0,PASS_<20%,0.00,0.0,NO,STANDBY_VEL_LOW,0,0.00,4590.00,78.36,FALSE,M1_DIRECTION_MISMATCH
2026-09-07 15:46:55.685,1788796015.686,8898,111,231,4414.34,4414.42,8.0,PASS_<=10c,+0.0,FLAT,+0.0,+0.0,4.2,+0.00,0.00,SLOW,4414.34,4414.34,4414.34,4414.34,0.00,0.00,0.0,BULLISH,0.0,4414.34,4414.34,4414.34,4414.34,55,CLEARED_>=20s,1.0,0.0,0.0,0.0,0.0,0.0,0.0,PASS_<20%,0.00,0.0,NO,STANDBY_VEL_LOW,0,0.00,4590.00,78.36,FALSE,M1_DIRECTION_MISMATCH
2026-09-07 15:46:56.187,1788796016.187,8899,112,232,4414.34,4414.42,8.0,PASS_<=10c,+0.0,FLAT,+0.0,+0.0,4.2,+0.00,0.00,SLOW,4414.34,4414.34,4414.34,4414.34,0.00,0.00,0.0,BULLISH,0.0,4414.34,4414.34,4414.34,4414.34,56,CLEARED_>=20s,1.0,0.0,0.0,0.0,0.0,0.0,0.0,PASS_<20%,0.00,0.0,NO,STANDBY_VEL_LOW,0,0.00,4590.00,78.36,FALSE,M1_DIRECTION_MISMATCH
2026-09-07 15:46:56.690,1788796016.690,8900,113,233,4414.34,4414.42,8.0,PASS_<=10c,+0.0,FLAT,+0.0,+0.0,4.2,+0.00,0.00,SLOW,4414.34,4414.34,4414.34,4414.34,0.00,0.00,0.0,BULLISH,0.0,4414.34,4414.34,4414.34,4414.34,56,CLEARED_>=20s,1.0,0.0,0.0,0.0,0.0,0.0,0.0,PASS_<20%,0.00,0.0,NO,STANDBY_VEL_LOW,0,0.00,4590.00,78.36,FALSE,M1_DIRECTION_MISMATCH
2026-09-07 15:46:57.191,1788796017.191,8901,114,234,4414.34,4414.42,8.0,PASS_<=10c,+0.0,FLAT,+0.0,+0.0,4.2,+0.00,0.00,SLOW,4414.34,4414.34,4414.34,4414.34,0.00,0.00,0.0,BULLISH,0.0,4414.34,4414.34,4414.34,4414.34,57,CLEARED_>=20s,1.0,0.0,0.0,0.0,0.0,0.0,0.0,PASS_<20%,0.00,0.0,NO,STANDBY_VEL_LOW,0,0.00,4590.00,78.36,FALSE,M1_DIRECTION_MISMATCH
2026-09-07 15:46:57.692,1788796017.693,8902,115,235,4414.34,4414.42,8.0,PASS_<=10c,+0.0,FLAT,+0.0,+0.0,4.2,+0.00,0.00,SLOW,4414.34,4414.34,4414.34,4414.34,0.00,0.00,0.0,BULLISH,0.0,4414.34,4414.34,4414.34,4414.34,57,CLEARED_>=20s,1.0,0.0,0.0,0.0,0.0,0.0,0.0,PASS_<20%,0.00,0.0,NO,STANDBY_VEL_LOW,0,0.00,4590.00,78.36,FALSE,M1_DIRECTION_MISMATCH
2026-09-07 15:46:58.194,1788796018.195,8903,116,236,4414.34,4414.42,8.0,PASS_<=10c,+0.0,FLAT,+0.0,+0.0,4.2,+0.00,0.00,SLOW,4414.34,4414.34,4414.34,4414.34,0.00,0.00,0.0,BULLISH,0.0,4414.34,4414.34,4414.34,4414.34,58,CLEARED_>=20s,1.0,0.0,0.0,0.0,0.0,0.0,0.0,PASS_<20%,0.00,0.0,NO,STANDBY_VEL_LOW,0,0.00,4590.00,78.36,FALSE,M1_DIRECTION_MISMATCH
2026-09-07 15:46:58.695,1788796018.696,8904,117,237,4414.34,4414.42,8.0,PASS_<=10c,+0.0,FLAT,+0.0,+0.0,4.2,+0.00,0.00,SLOW,4414.34,4414.34,4414.34,4414.34,0.00,0.00,0.0,BULLISH,0.0,4414.34,4414.34,4414.34,4414.34,58,CLEARED_>=20s,1.0,0.0,0.0,0.0,0.0,0.0,0.0,PASS_<20%,0.00,0.0,NO,STANDBY_VEL_LOW,0,0.00,4590.00,78.36,FALSE,M1_DIRECTION_MISMATCH
2026-09-07 15:46:59.197,1788796019.198,8905,118,238,4414.34,4414.42,8.0,PASS_<=10c,+0.0,FLAT,+0.0,+0.0,4.2,+0.00,0.00,SLOW,4414.34,4414.34,4414.34,4414.34,0.00,0.00,0.0,BULLISH,0.0,4414.34,4414.34,4414.34,4414.34,59,CLEARED_>=20s,1.0,0.0,0.0,0.0,0.0,0.0,0.0,PASS_<20%,0.00,0.0,NO,STANDBY_VEL_LOW,0,0.00,4590.00,78.36,FALSE,M1_DIRECTION_MISMATCH
2026-09-07 15:46:59.699,1788796019.700,8906,119,239,4414.34,4414.42,8.0,PASS_<=10c,+0.0,FLAT,+0.0,+0.0,4.2,+0.00,0.00,SLOW,4414.34,4414.34,4414.34,4414.34,0.00,0.00,0.0,BULLISH,0.0,4414.34,4414.34,4414.34,4414.34,59,CLEARED_>=20s,1.0,0.0,0.0,0.0,0.0,0.0,0.0,PASS_<20%,0.00,0.0,NO,STANDBY_VEL_LOW,0,0.00,4590.00,78.36,FALSE,M1_DIRECTION_MISMATCH
2026-09-07 15:47:00.201,1788796020.201,8907,1,240,4414.34,4414.42,8.0,PASS_<=10c,+0.0,FLAT,+0.0,+0.0,4.2,+0.00,0.00,SLOW,4414.34,4414.34,4414.34,4414.34,0.00,0.00,0.0,BULLISH,0.0,4414.34,4414.34,4414.34,4414.34,0,ACTIVE_0s,1.0,0.0,0.0,0.0,0.0,0.0,0.0,PASS_<20%,0.00,0.0,NO,STANDBY_VEL_LOW,0,0.00,4590.00,78.36,FALSE,M1_DIRECTION_MISMATCH|OPENING_SHIELD_ACTIVE_0s
2026-09-07 15:47:00.724,1788796020.724,8908,2,241,4414.34,4414.42,8.0,PASS_<=10c,+0.0,FLAT,+0.0,+0.0,4.2,+0.00,0.00,SLOW,4414.34,4414.34,4414.34,4414.34,0.00,0.00,0.0,BULLISH,0.0,4414.34,4414.34,4414.34,4414.34,0,ACTIVE_0s,1.0,0.0,0.0,0.0,0.0,0.0,0.0,PASS_<20%,0.00,0.0,NO,STANDBY_VEL_LOW,0,0.00,4590.00,78.36,FALSE,M1_DIRECTION_MISMATCH|OPENING_SHIELD_ACTIVE_0s
2026-09-07 15:47:01.222,1788796021.223,8909,3,242,4414.34,4414.42,8.0,PASS_<=10c,+0.0,FLAT,+0.0,+0.0,4.2,+0.00,0.00,SLOW,4414.34,4414.34,4414.34,4414.34,0.00,0.00,0.0,BULLISH,0.0,4414.34,4414.34,4414.34,4414.34,1,ACTIVE_1s,1.0,0.0,0.0,0.0,0.0,0.0,0.0,PASS_<20%,0.00,0.0,NO,STANDBY_VEL_LOW,0,0.00,4590.00,78.36,FALSE,M1_DIRECTION_MISMATCH|OPENING_SHIELD_ACTIVE_1s
2026-09-07 15:47:01.727,1788796021.728,8910,4,243,4414.34,4414.42,8.0,PASS_<=10c,+0.0,FLAT,+0.0,+0.0,4.2,+0.00,0.00,SLOW,4414.34,4414.34,4414.34,4414.34,0.00,0.00,0.0,BULLISH,0.0,4414.34,4414.34,4414.34,4414.34,1,ACTIVE_1s,1.0,0.0,0.0,0.0,0.0,0.0,0.0,PASS_<20%,0.00,0.0,NO,STANDBY_VEL_LOW,0,0.00,4590.00,78.36,FALSE,M1_DIRECTION_MISMATCH|OPENING_SHIELD_ACTIVE_1s
2026-09-07 15:47:02.228,1788796022.228,8911,5,244,4414.34,4414.42,8.0,PASS_<=10c,+0.0,FLAT,+0.0,+0.0,4.2,+0.00,0.00,SLOW,4414.34,4414.34,4414.34,4414.34,0.00,0.00,0.0,BULLISH,0.0,4414.34,4414.34,4414.34,4414.34,2,ACTIVE_2s,1.0,0.0,0.0,0.0,0.0,0.0,0.0,PASS_<20%,0.00,0.0,NO,STANDBY_VEL_LOW,0,0.00,4590.00,78.36,FALSE,M1_DIRECTION_MISMATCH|OPENING_SHIELD_ACTIVE_2s
2026-09-07 15:47:02.730,1788796022.730,8912,6,245,4414.34,4414.42,8.0,PASS_<=10c,+0.0,FLAT,+0.0,+0.0,4.2,+0.00,0.00,SLOW,4414.34,4414.34,4414.34,4414.34,0.00,0.00,0.0,BULLISH,0.0,4414.34,4414.34,4414.34,4414.34,2,ACTIVE_2s,1.0,0.0,0.0,0.0,0.0,0.0,0.0,PASS_<20%,0.00,0.0,NO,STANDBY_VEL_LOW,0,0.00,4590.00,78.36,FALSE,M1_DIRECTION_MISMATCH|OPENING_SHIELD_ACTIVE_2s
2026-09-07 15:47:03.232,1788796023.232,8913,7,246,4414.34,4414.42,8.0,PASS_<=10c,+0.0,FLAT,+0.0,+0.0,4.2,+0.00,0.00,SLOW,4414.34,4414.34,4414.34,4414.34,0.00,0.00,0.0,BULLISH,0.0,4414.34,4414.34,4414.34,4414.34,3,ACTIVE_3s,1.0,0.0,0.0,0.0,0.0,0.0,0.0,PASS_<20%,0.00,0.0,NO,STANDBY_VEL_LOW,0,0.00,4590.00,78.36,FALSE,M1_DIRECTION_MISMATCH|OPENING_SHIELD_ACTIVE_3s
2026-09-07 15:47:03.733,1788796023.734,8914,8,247,4414.34,4414.42,8.0,PASS_<=10c,+0.0,FLAT,+0.0,+0.0,4.2,+0.00,0.00,SLOW,4414.34,4414.34,4414.34,4414.34,0.00,0.00,0.0,BULLISH,0.0,4414.34,4414.34,4414.34,4414.34,3,ACTIVE_3s,1.0,0.0,0.0,0.0,0.0,0.0,0.0,PASS_<20%,0.00,0.0,NO,STANDBY_VEL_LOW,0,0.00,4590.00,78.36,FALSE,M1_DIRECTION_MISMATCH|OPENING_SHIELD_ACTIVE_3s
2026-09-07 15:47:04.234,1788796024.235,8915,9,248,4414.34,4414.42,8.0,PASS_<=10c,+0.0,FLAT,+0.0,+0.0,4.2,+0.00,0.00,SLOW,4414.34,4414.34,4414.34,4414.34,0.00,0.00,0.0,BULLISH,0.0,4414.34,4414.34,4414.34,4414.34,4,ACTIVE_4s,1.0,0.0,0.0,0.0,0.0,0.0,0.0,PASS_<20%,0.00,0.0,NO,STANDBY_VEL_LOW,0,0.00,4590.00,78.36,FALSE,M1_DIRECTION_MISMATCH|OPENING_SHIELD_ACTIVE_4s
2026-09-07 15:47:04.736,1788796024.737,8916,10,249,4414.34,4414.42,8.0,PASS_<=10c,+0.0,FLAT,+0.0,+0.0,4.2,+0.00,0.00,SLOW,4414.34,4414.34,4414.34,4414.34,0.00,0.00,0.0,BULLISH,0.0,4414.34,4414.34,4414.34,4414.34,4,ACTIVE_4s,1.0,0.0,0.0,0.0,0.0,0.0,0.0,PASS_<20%,0.00,0.0,NO,STANDBY_VEL_LOW,0,0.00,4590.00,78.36,FALSE,M1_DIRECTION_MISMATCH|OPENING_SHIELD_ACTIVE_4s
2026-09-07 15:47:05.237,1788796025.238,8917,11,250,4414.34,4414.42,8.0,PASS_<=10c,+0.0,FLAT,+0.0,+0.0,4.2,+0.00,0.00,SLOW,4414.34,4414.34,4414.34,4414.34,0.00,0.00,0.0,BULLISH,0.0,4414.34,4414.34,4414.34,4414.34,5,ACTIVE_5s,1.0,0.0,0.0,0.0,0.0,0.0,0.0,PASS_<20%,0.00,0.0,NO,STANDBY_VEL_LOW,0,0.00,4590.00,78.36,FALSE,M1_DIRECTION_MISMATCH|OPENING_SHIELD_ACTIVE_5s
2026-09-07 15:47:05.739,1788796025.739,8918,12,251,4414.34,4414.42,8.0,PASS_<=10c,+0.0,FLAT,+0.0,+0.0,4.2,+0.00,0.00,SLOW,4414.34,4414.34,4414.34,4414.34,0.00,0.00,0.0,BULLISH,0.0,4414.34,4414.34,4414.34,4414.34,5,ACTIVE_5s,1.0,0.0,0.0,0.0,0.0,0.0,0.0,PASS_<20%,0.00,0.0,NO,STANDBY_VEL_LOW,0,0.00,4590.00,78.36,FALSE,M1_DIRECTION_MISMATCH|OPENING_SHIELD_ACTIVE_5s
2026-09-07 15:47:06.241,1788796026.241,8919,13,252,4414.34,4414.42,8.0,PASS_<=10c,+0.0,FLAT,+0.0,+0.0,4.2,+0.00,0.00,SLOW,4414.34,4414.34,4414.34,4414.34,0.00,0.00,0.0,BULLISH,0.0,4414.34,4414.34,4414.34,4414.34,6,ACTIVE_6s,1.0,0.0,0.0,0.0,0.0,0.0,0.0,PASS_<20%,0.00,0.0,NO,STANDBY_VEL_LOW,0,0.00,4590.00,78.36,FALSE,M1_DIRECTION_MISMATCH|OPENING_SHIELD_ACTIVE_6s
2026-09-07 15:47:06.742,1788796026.742,8920,14,253,4414.34,4414.42,8.0,PASS_<=10c,+0.0,FLAT,+0.0,+0.0,4.2,+0.00,0.00,SLOW,4414.34,4414.34,4414.34,4414.34,0.00,0.00,0.0,BULLISH,0.0,4414.34,4414.34,4414.34,4414.34,6,ACTIVE_6s,1.0,0.0,0.0,0.0,0.0,0.0,0.0,PASS_<20%,0.00,0.0,NO,STANDBY_VEL_LOW,0,0.00,4590.00,78.36,FALSE,M1_DIRECTION_MISMATCH|OPENING_SHIELD_ACTIVE_6s
2026-09-07 15:47:07.244,1788796027.244,8921,15,254,4414.34,4414.42,8.0,PASS_<=10c,+0.0,FLAT,+0.0,+0.0,4.2,+0.00,0.00,SLOW,4414.34,4414.34,4414.34,4414.34,0.00,0.00,0.0,BULLISH,0.0,4414.34,4414.34,4414.34,4414.34,7,ACTIVE_7s,1.0,0.0,0.0,0.0,0.0,0.0,0.0,PASS_<20%,0.00,0.0,NO,STANDBY_VEL_LOW,0,0.00,4590.00,78.36,FALSE,M1_DIRECTION_MISMATCH|OPENING_SHIELD_ACTIVE_7s
2026-09-07 15:47:07.745,1788796027.746,8922,16,255,4414.34,4414.42,8.0,PASS_<=10c,+0.0,FLAT,+0.0,+0.0,4.2,+0.00,0.00,SLOW,4414.34,4414.34,4414.34,4414.34,0.00,0.00,0.0,BULLISH,0.0,4414.34,4414.34,4414.34,4414.34,7,ACTIVE_7s,1.0,0.0,0.0,0.0,0.0,0.0,0.0,PASS_<20%,0.00,0.0,NO,STANDBY_VEL_LOW,0,0.00,4590.00,78.36,FALSE,M1_DIRECTION_MISMATCH|OPENING_SHIELD_ACTIVE_7s
2026-09-07 15:47:08.248,1788796028.249,8923,17,256,4414.34,4414.42,8.0,PASS_<=10c,+0.0,FLAT,+0.0,+0.0,4.2,+0.00,0.00,SLOW,4414.34,4414.34,4414.34,4414.34,0.00,0.00,0.0,BULLISH,0.0,4414.34,4414.34,4414.34,4414.34,8,ACTIVE_8s,1.0,0.0,0.0,0.0,0.0,0.0,0.0,PASS_<20%,0.00,0.0,NO,STANDBY_VEL_LOW,0,0.00,4590.00,78.36,FALSE,M1_DIRECTION_MISMATCH|OPENING_SHIELD_ACTIVE_8s
2026-09-07 15:47:08.749,1788796028.749,8924,18,257,4414.34,4414.42,8.0,PASS_<=10c,+0.0,FLAT,+0.0,+0.0,4.2,+0.00,0.00,SLOW,4414.34,4414.34,4414.34,4414.34,0.00,0.00,0.0,BULLISH,0.0,4414.34,4414.34,4414.34,4414.34,8,ACTIVE_8s,1.0,0.0,0.0,0.0,0.0,0.0,0.0,PASS_<20%,0.00,0.0,NO,STANDBY_VEL_LOW,0,0.00,4590.00,78.36,FALSE,M1_DIRECTION_MISMATCH|OPENING_SHIELD_ACTIVE_8s
2026-09-07 15:47:09.252,1788796029.252,8925,19,258,4414.34,4414.42,8.0,PASS_<=10c,+0.0,FLAT,+0.0,+0.0,4.2,+0.00,0.00,SLOW,4414.34,4414.34,4414.34,4414.34,0.00,0.00,0.0,BULLISH,0.0,4414.34,4414.34,4414.34,4414.34,9,ACTIVE_9s,1.0,0.0,0.0,0.0,0.0,0.0,0.0,PASS_<20%,0.00,0.0,NO,STANDBY_VEL_LOW,0,0.00,4590.00,78.36,FALSE,M1_DIRECTION_MISMATCH|OPENING_SHIELD_ACTIVE_9s
2026-09-07 15:47:09.752,1788796029.753,8926,20,259,4414.34,4414.42,8.0,PASS_<=10c,+0.0,FLAT,+0.0,+0.0,4.2,+0.00,0.00,SLOW,4414.34,4414.34,4414.34,4414.34,0.00,0.00,0.0,BULLISH,0.0,4414.34,4414.34,4414.34,4414.34,9,ACTIVE_9s,1.0,0.0,0.0,0.0,0.0,0.0,0.0,PASS_<20%,0.00,0.0,NO,STANDBY_VEL_LOW,0,0.00,4590.00,78.36,FALSE,M1_DIRECTION_MISMATCH|OPENING_SHIELD_ACTIVE_9s
2026-09-07 15:47:10.253,1788796030.254,8927,21,260,4414.34,4414.42,8.0,PASS_<=10c,+0.0,FLAT,+0.0,+0.0,4.2,+0.00,0.00,SLOW,4414.34,4414.34,4414.34,4414.34,0.00,0.00,0.0,BULLISH,0.0,4414.34,4414.34,4414.34,4414.34,10,ACTIVE_10s,1.0,0.0,0.0,0.0,0.0,0.0,0.0,PASS_<20%,0.00,0.0,NO,STANDBY_VEL_LOW,0,0.00,4590.00,78.36,FALSE,M1_DIRECTION_MISMATCH|OPENING_SHIELD_ACTIVE_10s
2026-09-07 15:47:10.755,1788796030.756,8928,22,261,4414.34,4414.42,8.0,PASS_<=10c,+0.0,FLAT,+0.0,+0.0,4.2,+0.00,0.00,SLOW,4414.34,4414.34,4414.34,4414.34,0.00,0.00,0.0,BULLISH,0.0,4414.34,4414.34,4414.34,4414.34,10,ACTIVE_10s,1.0,0.0,0.0,0.0,0.0,0.0,0.0,PASS_<20%,0.00,0.0,NO,STANDBY_VEL_LOW,0,0.00,4590.00,78.36,FALSE,M1_DIRECTION_MISMATCH|OPENING_SHIELD_ACTIVE_10s
2026-09-07 15:47:11.258,1788796031.258,8929,23,262,4414.34,4414.42,8.0,PASS_<=10c,+0.0,FLAT,+0.0,+0.0,4.2,+0.00,0.00,SLOW,4414.34,4414.34,4414.34,4414.34,0.00,0.00,0.0,BULLISH,0.0,4414.34,4414.34,4414.34,4414.34,11,ACTIVE_11s,1.0,0.0,0.0,0.0,0.0,0.0,0.0,PASS_<20%,0.00,0.0,NO,STANDBY_VEL_LOW,0,0.00,4590.00,78.36,FALSE,M1_DIRECTION_MISMATCH|OPENING_SHIELD_ACTIVE_11s
2026-09-07 15:47:11.760,1788796031.760,8930,24,263,4414.34,4414.42,8.0,PASS_<=10c,+0.0,FLAT,+0.0,+0.0,4.2,+0.00,0.00,SLOW,4414.34,4414.34,4414.34,4414.34,0.00,0.00,0.0,BULLISH,0.0,4414.34,4414.34,4414.34,4414.34,11,ACTIVE_11s,1.0,0.0,0.0,0.0,0.0,0.0,0.0,PASS_<20%,0.00,0.0,NO,STANDBY_VEL_LOW,0,0.00,4590.00,78.36,FALSE,M1_DIRECTION_MISMATCH|OPENING_SHIELD_ACTIVE_11s
2026-09-07 15:47:12.260,1788796032.261,8931,25,264,4414.34,4414.42,8.0,PASS_<=10c,+0.0,FLAT,+0.0,+0.0,4.2,+0.00,0.00,SLOW,4414.34,4414.34,4414.34,4414.34,0.00,0.00,0.0,BULLISH,0.0,4414.34,4414.34,4414.34,4414.34,12,ACTIVE_12s,1.0,0.0,0.0,0.0,0.0,0.0,0.0,PASS_<20%,0.00,0.0,NO,STANDBY_VEL_LOW,0,0.00,4590.00,78.36,FALSE,M1_DIRECTION_MISMATCH|OPENING_SHIELD_ACTIVE_12s
2026-09-07 15:47:12.762,1788796032.762,8932,26,265,4414.34,4414.42,8.0,PASS_<=10c,+0.0,FLAT,+0.0,+0.0,4.2,+0.00,0.00,SLOW,4414.34,4414.34,4414.34,4414.34,0.00,0.00,0.0,BULLISH,0.0,4414.34,4414.34,4414.34,4414.34,12,ACTIVE_12s,1.0,0.0,0.0,0.0,0.0,0.0,0.0,PASS_<20%,0.00,0.0,NO,STANDBY_VEL_LOW,0,0.00,4590.00,78.36,FALSE,M1_DIRECTION_MISMATCH|OPENING_SHIELD_ACTIVE_12s
2026-09-07 15:47:13.264,1788796033.264,8933,27,266,4414.34,4414.42,8.0,PASS_<=10c,+0.0,FLAT,+0.0,+0.0,4.2,+0.00,0.00,SLOW,4414.34,4414.34,4414.34,4414.34,0.00,0.00,0.0,BULLISH,0.0,4414.34,4414.34,4414.34,4414.34,13,ACTIVE_13s,1.0,0.0,0.0,0.0,0.0,0.0,0.0,PASS_<20%,0.00,0.0,NO,STANDBY_VEL_LOW,0,0.00,4590.00,78.36,FALSE,M1_DIRECTION_MISMATCH|OPENING_SHIELD_ACTIVE_13s
2026-09-07 15:47:13.766,1788796033.766,8934,28,267,4414.34,4414.42,8.0,PASS_<=10c,+0.0,FLAT,+0.0,+0.0,4.2,+0.00,0.00,SLOW,4414.34,4414.34,4414.34,4414.34,0.00,0.00,0.0,BULLISH,0.0,4414.34,4414.34,4414.34,4414.34,13,ACTIVE_13s,1.0,0.0,0.0,0.0,0.0,0.0,0.0,PASS_<20%,0.00,0.0,NO,STANDBY_VEL_LOW,0,0.00,4590.00,78.36,FALSE,M1_DIRECTION_MISMATCH|OPENING_SHIELD_ACTIVE_13s
2026-09-07 15:47:14.267,1788796034.268,8935,29,268,4414.34,4414.42,8.0,PASS_<=10c,+0.0,FLAT,+0.0,+0.0,4.2,+0.00,0.00,SLOW,4414.34,4414.34,4414.34,4414.34,0.00,0.00,0.0,BULLISH,0.0,4414.34,4414.34,4414.34,4414.34,14,ACTIVE_14s,1.0,0.0,0.0,0.0,0.0,0.0,0.0,PASS_<20%,0.00,0.0,NO,STANDBY_VEL_LOW,0,0.00,4590.00,78.36,FALSE,M1_DIRECTION_MISMATCH|OPENING_SHIELD_ACTIVE_14s
2026-09-07 15:47:14.769,1788796034.769,8936,30,269,4414.34,4414.42,8.0,PASS_<=10c,+0.0,FLAT,+0.0,+0.0,4.2,+0.00,0.00,SLOW,4414.34,4414.34,4414.34,4414.34,0.00,0.00,0.0,BULLISH,0.0,4414.34,4414.34,4414.34,4414.34,14,ACTIVE_14s,1.0,0.0,0.0,0.0,0.0,0.0,0.0,PASS_<20%,0.00,0.0,NO,STANDBY_VEL_LOW,0,0.00,4590.00,78.36,FALSE,M1_DIRECTION_MISMATCH|OPENING_SHIELD_ACTIVE_14s
2026-09-07 15:47:15.271,1788796035.272,8937,31,270,4414.34,4414.42,8.0,PASS_<=10c,+0.0,FLAT,+0.0,+0.0,4.2,+0.00,0.00,SLOW,4414.34,4414.34,4414.34,4414.34,0.00,0.00,0.0,BULLISH,0.0,4414.34,4414.34,4414.34,4414.34,15,ACTIVE_15s,1.0,0.0,0.0,0.0,0.0,0.0,0.0,PASS_<20%,0.00,0.0,NO,STANDBY_VEL_LOW,0,0.00,4590.00,78.36,FALSE,M1_DIRECTION_MISMATCH|OPENING_SHIELD_ACTIVE_15s
2026-09-07 15:47:15.772,1788796035.772,8938,32,271,4414.34,4414.42,8.0,PASS_<=10c,+0.0,FLAT,+0.0,+0.0,4.2,+0.00,0.00,SLOW,4414.34,4414.34,4414.34,4414.34,0.00,0.00,0.0,BULLISH,0.0,4414.34,4414.34,4414.34,4414.34,15,ACTIVE_15s,1.0,0.0,0.0,0.0,0.0,0.0,0.0,PASS_<20%,0.00,0.0,NO,STANDBY_VEL_LOW,0,0.00,4590.00,78.36,FALSE,M1_DIRECTION_MISMATCH|OPENING_SHIELD_ACTIVE_15s
2026-09-07 15:47:16.274,1788796036.274,8939,33,272,4414.34,4414.42,8.0,PASS_<=10c,+0.0,FLAT,+0.0,+0.0,4.2,+0.00,0.00,SLOW,4414.34,4414.34,4414.34,4414.34,0.00,0.00,0.0,BULLISH,0.0,4414.34,4414.34,4414.34,4414.34,16,ACTIVE_16s,1.0,0.0,0.0,0.0,0.0,0.0,0.0,PASS_<20%,0.00,0.0,NO,STANDBY_VEL_LOW,0,0.00,4590.00,78.36,FALSE,M1_DIRECTION_MISMATCH|OPENING_SHIELD_ACTIVE_16s
2026-09-07 15:47:16.777,1788796036.777,8940,34,273,4414.34,4414.42,8.0,PASS_<=10c,+0.0,FLAT,+0.0,+0.0,4.2,+0.00,0.00,SLOW,4414.34,4414.34,4414.34,4414.34,0.00,0.00,0.0,BULLISH,0.0,4414.34,4414.34,4414.34,4414.34,16,ACTIVE_16s,1.0,0.0,0.0,0.0,0.0,0.0,0.0,PASS_<20%,0.00,0.0,NO,STANDBY_VEL_LOW,0,0.00,4590.00,78.36,FALSE,M1_DIRECTION_MISMATCH|OPENING_SHIELD_ACTIVE_16s
2026-09-07 15:47:17.279,1788796037.279,8941,35,274,4414.34,4414.42,8.0,PASS_<=10c,+0.0,FLAT,+0.0,+0.0,4.2,+0.00,0.00,SLOW,4414.34,4414.34,4414.34,4414.34,0.00,0.00,0.0,BULLISH,0.0,4414.34,4414.34,4414.34,4414.34,17,ACTIVE_17s,1.0,0.0,0.0,0.0,0.0,0.0,0.0,PASS_<20%,0.00,0.0,NO,STANDBY_VEL_LOW,0,0.00,4590.00,78.36,FALSE,M1_DIRECTION_MISMATCH|OPENING_SHIELD_ACTIVE_17s
2026-09-07 15:47:17.781,1788796037.782,8942,36,275,4414.34,4414.42,8.0,PASS_<=10c,+0.0,FLAT,+0.0,+0.0,4.2,+0.00,0.00,SLOW,4414.34,4414.34,4414.34,4414.34,0.00,0.00,0.0,BULLISH,0.0,4414.34,4414.34,4414.34,4414.34,17,ACTIVE_17s,1.0,0.0,0.0,0.0,0.0,0.0,0.0,PASS_<20%,0.00,0.0,NO,STANDBY_VEL_LOW,0,0.00,4590.00,78.36,FALSE,M1_DIRECTION_MISMATCH|OPENING_SHIELD_ACTIVE_17s
2026-09-07 15:47:18.283,1788796038.284,8943,37,276,4414.34,4414.42,8.0,PASS_<=10c,+0.0,FLAT,+0.0,+0.0,4.2,+0.00,0.00,SLOW,4414.34,4414.34,4414.34,4414.34,0.00,0.00,0.0,BULLISH,0.0,4414.34,4414.34,4414.34,4414.34,18,ACTIVE_18s,1.0,0.0,0.0,0.0,0.0,0.0,0.0,PASS_<20%,0.00,0.0,NO,STANDBY_VEL_LOW,0,0.00,4590.00,78.36,FALSE,M1_DIRECTION_MISMATCH|OPENING_SHIELD_ACTIVE_18s
2026-09-07 15:47:18.785,1788796038.785,8944,38,277,4414.34,4414.42,8.0,PASS_<=10c,+0.0,FLAT,+0.0,+0.0,4.2,+0.00,0.00,SLOW,4414.34,4414.34,4414.34,4414.34,0.00,0.00,0.0,BULLISH,0.0,4414.34,4414.34,4414.34,4414.34,18,ACTIVE_18s,1.0,0.0,0.0,0.0,0.0,0.0,0.0,PASS_<20%,0.00,0.0,NO,STANDBY_VEL_LOW,0,0.00,4590.00,78.36,FALSE,M1_DIRECTION_MISMATCH|OPENING_SHIELD_ACTIVE_18s
2026-09-07 15:47:19.286,1788796039.287,8945,39,278,4414.34,4414.42,8.0,PASS_<=10c,+0.0,FLAT,+0.0,+0.0,4.2,+0.00,0.00,SLOW,4414.34,4414.34,4414.34,4414.34,0.00,0.00,0.0,BULLISH,0.0,4414.34,4414.34,4414.34,4414.34,19,ACTIVE_19s,1.0,0.0,0.0,0.0,0.0,0.0,0.0,PASS_<20%,0.00,0.0,NO,STANDBY_VEL_LOW,0,0.00,4590.00,78.36,FALSE,M1_DIRECTION_MISMATCH|OPENING_SHIELD_ACTIVE_19s
2026-09-07 15:47:19.788,1788796039.788,8946,40,279,4414.34,4414.42,8.0,PASS_<=10c,+0.0,FLAT,+0.0,+0.0,4.2,+0.00,0.00,SLOW,4414.34,4414.34,4414.34,4414.34,0.00,0.00,0.0,BULLISH,0.0,4414.34,4414.34,4414.34,4414.34,19,ACTIVE_19s,1.0,0.0,0.0,0.0,0.0,0.0,0.0,PASS_<20%,0.00,0.0,NO,STANDBY_VEL_LOW,0,0.00,4590.00,78.36,FALSE,M1_DIRECTION_MISMATCH|OPENING_SHIELD_ACTIVE_19s
2026-09-07 15:47:20.289,1788796040.290,8947,41,280,4414.34,4414.42,8.0,PASS_<=10c,+0.0,FLAT,+0.0,+0.0,4.2,+0.00,0.00,SLOW,4414.34,4414.34,4414.34,4414.34,0.00,0.00,0.0,BULLISH,0.0,4414.34,4414.34,4414.34,4414.34,20,CLEARED_>=20s,1.0,0.0,0.0,0.0,0.0,0.0,0.0,PASS_<20%,0.00,0.0,NO,STANDBY_VEL_LOW,0,0.00,4590.00,78.36,FALSE,M1_DIRECTION_MISMATCH
2026-09-07 15:47:20.791,1788796040.791,8948,42,281,4414.34,4414.42,8.0,PASS_<=10c,+0.0,FLAT,+0.0,+0.0,4.2,+0.00,0.00,SLOW,4414.34,4414.34,4414.34,4414.34,0.00,0.00,0.0,BULLISH,0.0,4414.34,4414.34,4414.34,4414.34,20,CLEARED_>=20s,1.0,0.0,0.0,0.0,0.0,0.0,0.0,PASS_<20%,0.00,0.0,NO,STANDBY_VEL_LOW,0,0.00,4590.00,78.36,FALSE,M1_DIRECTION_MISMATCH
2026-09-07 15:47:21.292,1788796041.292,8949,43,282,4414.34,4414.42,8.0,PASS_<=10c,+0.0,FLAT,+0.0,+0.0,4.2,+0.00,0.00,SLOW,4414.34,4414.34,4414.34,4414.34,0.00,0.00,0.0,BULLISH,0.0,4414.34,4414.34,4414.34,4414.34,21,CLEARED_>=20s,1.0,0.0,0.0,0.0,0.0,0.0,0.0,PASS_<20%,0.00,0.0,NO,STANDBY_VEL_LOW,0,0.00,4590.00,78.36,FALSE,M1_DIRECTION_MISMATCH
2026-09-07 15:47:21.793,1788796041.793,8950,44,283,4414.34,4414.42,8.0,PASS_<=10c,+0.0,FLAT,+0.0,+0.0,4.2,+0.00,0.00,SLOW,4414.34,4414.34,4414.34,4414.34,0.00,0.00,0.0,BULLISH,0.0,4414.34,4414.34,4414.34,4414.34,21,CLEARED_>=20s,1.0,0.0,0.0,0.0,0.0,0.0,0.0,PASS_<20%,0.00,0.0,NO,STANDBY_VEL_LOW,0,0.00,4590.00,78.36,FALSE,M1_DIRECTION_MISMATCH
2026-09-07 15:47:22.294,1788796042.294,8951,45,284,4414.34,4414.42,8.0,PASS_<=10c,+0.0,FLAT,+0.0,+0.0,4.2,+0.00,0.00,SLOW,4414.34,4414.34,4414.34,4414.34,0.00,0.00,0.0,BULLISH,0.0,4414.34,4414.34,4414.34,4414.34,22,CLEARED_>=20s,1.0,0.0,0.0,0.0,0.0,0.0,0.0,PASS_<20%,0.00,0.0,NO,STANDBY_VEL_LOW,0,0.00,4590.00,78.36,FALSE,M1_DIRECTION_MISMATCH
2026-09-07 15:47:22.796,1788796042.797,8952,46,285,4414.34,4414.42,8.0,PASS_<=10c,+0.0,FLAT,+0.0,+0.0,4.2,+0.00,0.00,SLOW,4414.34,4414.34,4414.34,4414.34,0.00,0.00,0.0,BULLISH,0.0,4414.34,4414.34,4414.34,4414.34,22,CLEARED_>=20s,1.0,0.0,0.0,0.0,0.0,0.0,0.0,PASS_<20%,0.00,0.0,NO,STANDBY_VEL_LOW,0,0.00,4590.00,78.36,FALSE,M1_DIRECTION_MISMATCH
2026-09-07 15:47:23.298,1788796043.299,8953,47,286,4414.34,4414.42,8.0,PASS_<=10c,+0.0,FLAT,+0.0,+0.0,4.2,+0.00,0.00,SLOW,4414.34,4414.34,4414.34,4414.34,0.00,0.00,0.0,BULLISH,0.0,4414.34,4414.34,4414.34,4414.34,23,CLEARED_>=20s,1.0,0.0,0.0,0.0,0.0,0.0,0.0,PASS_<20%,0.00,0.0,NO,STANDBY_VEL_LOW,0,0.00,4590.00,78.36,FALSE,M1_DIRECTION_MISMATCH
2026-09-07 15:47:23.800,1788796043.800,8954,48,287,4414.34,4414.42,8.0,PASS_<=10c,+0.0,FLAT,+0.0,+0.0,4.2,+0.00,0.00,SLOW,4414.34,4414.34,4414.34,4414.34,0.00,0.00,0.0,BULLISH,0.0,4414.34,4414.34,4414.34,4414.34,23,CLEARED_>=20s,1.0,0.0,0.0,0.0,0.0,0.0,0.0,PASS_<20%,0.00,0.0,NO,STANDBY_VEL_LOW,0,0.00,4590.00,78.36,FALSE,M1_DIRECTION_MISMATCH
2026-09-07 15:47:24.301,1788796044.302,8955,49,288,4414.34,4414.42,8.0,PASS_<=10c,+0.0,FLAT,+0.0,+0.0,4.2,+0.00,0.00,SLOW,4414.34,4414.34,4414.34,4414.34,0.00,0.00,0.0,BULLISH,0.0,4414.34,4414.34,4414.34,4414.34,24,CLEARED_>=20s,1.0,0.0,0.0,0.0,0.0,0.0,0.0,PASS_<20%,0.00,0.0,NO,STANDBY_VEL_LOW,0,0.00,4590.00,78.36,FALSE,M1_DIRECTION_MISMATCH
2026-09-07 15:47:24.803,1788796044.803,8956,50,289,4414.34,4414.42,8.0,PASS_<=10c,+0.0,FLAT,+0.0,+0.0,4.2,+0.00,0.00,SLOW,4414.34,4414.34,4414.34,4414.34,0.00,0.00,0.0,BULLISH,0.0,4414.34,4414.34,4414.34,4414.34,24,CLEARED_>=20s,1.0,0.0,0.0,0.0,0.0,0.0,0.0,PASS_<20%,0.00,0.0,NO,STANDBY_VEL_LOW,0,0.00,4590.00,78.36,FALSE,M1_DIRECTION_MISMATCH
2026-09-07 15:47:25.305,1788796045.305,8957,51,290,4414.34,4414.42,8.0,PASS_<=10c,+0.0,FLAT,+0.0,+0.0,4.2,+0.00,0.00,SLOW,4414.34,4414.34,4414.34,4414.34,0.00,0.00,0.0,BULLISH,0.0,4414.34,4414.34,4414.34,4414.34,25,CLEARED_>=20s,1.0,0.0,0.0,0.0,0.0,0.0,0.0,PASS_<20%,0.00,0.0,NO,STANDBY_VEL_LOW,0,0.00,4590.00,78.36,FALSE,M1_DIRECTION_MISMATCH
2026-09-07 15:47:25.807,1788796045.807,8958,52,291,4414.34,4414.42,8.0,PASS_<=10c,+0.0,FLAT,+0.0,+0.0,4.2,+0.00,0.00,SLOW,4414.34,4414.34,4414.34,4414.34,0.00,0.00,0.0,BULLISH,0.0,4414.34,4414.34,4414.34,4414.34,25,CLEARED_>=20s,1.0,0.0,0.0,0.0,0.0,0.0,0.0,PASS_<20%,0.00,0.0,NO,STANDBY_VEL_LOW,0,0.00,4590.00,78.36,FALSE,M1_DIRECTION_MISMATCH
2026-09-07 15:47:26.308,1788796046.309,8959,53,292,4414.34,4414.42,8.0,PASS_<=10c,+0.0,FLAT,+0.0,+0.0,4.2,+0.00,0.00,SLOW,4414.34,4414.34,4414.34,4414.34,0.00,0.00,0.0,BULLISH,0.0,4414.34,4414.34,4414.34,4414.34,26,CLEARED_>=20s,1.0,0.0,0.0,0.0,0.0,0.0,0.0,PASS_<20%,0.00,0.0,NO,STANDBY_VEL_LOW,0,0.00,4590.00,78.36,FALSE,M1_DIRECTION_MISMATCH
2026-09-07 15:47:26.809,1788796046.810,8960,54,293,4414.34,4414.42,8.0,PASS_<=10c,+0.0,FLAT,+0.0,+0.0,4.2,+0.00,0.00,SLOW,4414.34,4414.34,4414.34,4414.34,0.00,0.00,0.0,BULLISH,0.0,4414.34,4414.34,4414.34,4414.34,26,CLEARED_>=20s,1.0,0.0,0.0,0.0,0.0,0.0,0.0,PASS_<20%,0.00,0.0,NO,STANDBY_VEL_LOW,0,0.00,4590.00,78.36,FALSE,M1_DIRECTION_MISMATCH
2026-09-07 15:47:27.311,1788796047.312,8961,55,294,4414.34,4414.42,8.0,PASS_<=10c,+0.0,FLAT,+0.0,+0.0,4.2,+0.00,0.00,SLOW,4414.34,4414.34,4414.34,4414.34,0.00,0.00,0.0,BULLISH,0.0,4414.34,4414.34,4414.34,4414.34,27,CLEARED_>=20s,1.0,0.0,0.0,0.0,0.0,0.0,0.0,PASS_<20%,0.00,0.0,NO,STANDBY_VEL_LOW,0,0.00,4590.00,78.36,FALSE,M1_DIRECTION_MISMATCH
2026-09-07 15:47:27.813,1788796047.813,8962,56,295,4414.34,4414.42,8.0,PASS_<=10c,+0.0,FLAT,+0.0,+0.0,4.2,+0.00,0.00,SLOW,4414.34,4414.34,4414.34,4414.34,0.00,0.00,0.0,BULLISH,0.0,4414.34,4414.34,4414.34,4414.34,27,CLEARED_>=20s,1.0,0.0,0.0,0.0,0.0,0.0,0.0,PASS_<20%,0.00,0.0,NO,STANDBY_VEL_LOW,0,0.00,4590.00,78.36,FALSE,M1_DIRECTION_MISMATCH
2026-09-07 15:47:28.315,1788796048.315,8963,57,296,4414.34,4414.42,8.0,PASS_<=10c,+0.0,FLAT,+0.0,+0.0,4.2,+0.00,0.00,SLOW,4414.34,4414.34,4414.34,4414.34,0.00,0.00,0.0,BULLISH,0.0,4414.34,4414.34,4414.34,4414.34,28,CLEARED_>=20s,1.0,0.0,0.0,0.0,0.0,0.0,0.0,PASS_<20%,0.00,0.0,NO,STANDBY_VEL_LOW,0,0.00,4590.00,78.36,FALSE,M1_DIRECTION_MISMATCH
2026-09-07 15:47:28.816,1788796048.817,8964,58,297,4414.34,4414.42,8.0,PASS_<=10c,+0.0,FLAT,+0.0,+0.0,4.2,+0.00,0.00,SLOW,4414.34,4414.34,4414.34,4414.34,0.00,0.00,0.0,BULLISH,0.0,4414.34,4414.34,4414.34,4414.34,28,CLEARED_>=20s,1.0,0.0,0.0,0.0,0.0,0.0,0.0,PASS_<20%,0.00,0.0,NO,STANDBY_VEL_LOW,0,0.00,4590.00,78.36,FALSE,M1_DIRECTION_MISMATCH
2026-09-07 15:47:29.318,1788796049.319,8965,59,298,4414.34,4414.42,8.0,PASS_<=10c,+0.0,FLAT,+0.0,+0.0,4.2,+0.00,0.00,SLOW,4414.34,4414.34,4414.34,4414.34,0.00,0.00,0.0,BULLISH,0.0,4414.34,4414.34,4414.34,4414.34,29,CLEARED_>=20s,1.0,0.0,0.0,0.0,0.0,0.0,0.0,PASS_<20%,0.00,0.0,NO,STANDBY_VEL_LOW,0,0.00,4590.00,78.36,FALSE,M1_DIRECTION_MISMATCH
2026-09-07 15:47:29.819,1788796049.820,8966,60,299,4414.34,4414.42,8.0,PASS_<=10c,+0.0,FLAT,+0.0,+0.0,4.2,+0.00,0.00,SLOW,4414.34,4414.34,4414.34,4414.34,0.00,0.00,0.0,BULLISH,0.0,4414.34,4414.34,4414.34,4414.34,29,CLEARED_>=20s,1.0,0.0,0.0,0.0,0.0,0.0,0.0,PASS_<20%,0.00,0.0,NO,STANDBY_VEL_LOW,0,0.00,4590.00,78.36,FALSE,M1_DIRECTION_MISMATCH
2026-09-07 15:47:30.320,1788796050.320,8967,61,300,4414.34,4414.42,8.0,PASS_<=10c,+0.0,FLAT,+0.0,+0.0,4.2,+0.00,0.00,SLOW,4414.34,4414.34,4414.34,4414.34,0.00,0.00,0.0,BULLISH,0.0,4414.34,4414.34,4414.34,4414.34,30,CLEARED_>=20s,1.0,0.0,0.0,0.0,0.0,0.0,0.0,PASS_<20%,0.00,0.0,NO,STANDBY_VEL_LOW,0,0.00,4590.00,78.36,FALSE,M1_DIRECTION_MISMATCH
2026-09-07 15:47:30.822,1788796050.823,8968,62,301,4414.34,4414.42,8.0,PASS_<=10c,+0.0,FLAT,+0.0,+0.0,4.2,+0.00,0.00,SLOW,4414.34,4414.34,4414.34,4414.34,0.00,0.00,0.0,BULLISH,0.0,4414.34,4414.34,4414.34,4414.34,30,CLEARED_>=20s,1.0,0.0,0.0,0.0,0.0,0.0,0.0,PASS_<20%,0.00,0.0,NO,STANDBY_VEL_LOW,0,0.00,4590.00,78.36,FALSE,M1_DIRECTION_MISMATCH
2026-09-07 15:47:31.323,1788796051.324,8969,63,302,4414.34,4414.42,8.0,PASS_<=10c,+0.0,FLAT,+0.0,+0.0,4.2,+0.00,0.00,SLOW,4414.34,4414.34,4414.34,4414.34,0.00,0.00,0.0,BULLISH,0.0,4414.34,4414.34,4414.34,4414.34,31,CLEARED_>=20s,1.0,0.0,0.0,0.0,0.0,0.0,0.0,PASS_<20%,0.00,0.0,NO,STANDBY_VEL_LOW,0,0.00,4590.00,78.36,FALSE,M1_DIRECTION_MISMATCH
2026-09-07 15:47:31.825,1788796051.826,8970,64,303,4414.34,4414.42,8.0,PASS_<=10c,+0.0,FLAT,+0.0,+0.0,4.2,+0.00,0.00,SLOW,4414.34,4414.34,4414.34,4414.34,0.00,0.00,0.0,BULLISH,0.0,4414.34,4414.34,4414.34,4414.34,31,CLEARED_>=20s,1.0,0.0,0.0,0.0,0.0,0.0,0.0,PASS_<20%,0.00,0.0,NO,STANDBY_VEL_LOW,0,0.00,4590.00,78.36,FALSE,M1_DIRECTION_MISMATCH
2026-09-07 15:47:32.327,1788796052.328,8971,65,304,4414.34,4414.42,8.0,PASS_<=10c,+0.0,FLAT,+0.0,+0.0,4.2,+0.00,0.00,SLOW,4414.34,4414.34,4414.34,4414.34,0.00,0.00,0.0,BULLISH,0.0,4414.34,4414.34,4414.34,4414.34,32,CLEARED_>=20s,1.0,0.0,0.0,0.0,0.0,0.0,0.0,PASS_<20%,0.00,0.0,NO,STANDBY_VEL_LOW,0,0.00,4590.00,78.36,FALSE,M1_DIRECTION_MISMATCH
2026-09-07 15:47:32.829,1788796052.829,8972,66,305,4414.34,4414.42,8.0,PASS_<=10c,+0.0,FLAT,+0.0,+0.0,4.2,+0.00,0.00,SLOW,4414.34,4414.34,4414.34,4414.34,0.00,0.00,0.0,BULLISH,0.0,4414.34,4414.34,4414.34,4414.34,32,CLEARED_>=20s,1.0,0.0,0.0,0.0,0.0,0.0,0.0,PASS_<20%,0.00,0.0,NO,STANDBY_VEL_LOW,0,0.00,4590.00,78.36,FALSE,M1_DIRECTION_MISMATCH
2026-09-07 15:47:33.330,1788796053.330,8973,67,306,4414.34,4414.42,8.0,PASS_<=10c,+0.0,FLAT,+0.0,+0.0,4.2,+0.00,0.00,SLOW,4414.34,4414.34,4414.34,4414.34,0.00,0.00,0.0,BULLISH,0.0,4414.34,4414.34,4414.34,4414.34,33,CLEARED_>=20s,1.0,0.0,0.0,0.0,0.0,0.0,0.0,PASS_<20%,0.00,0.0,NO,STANDBY_VEL_LOW,0,0.00,4590.00,78.36,FALSE,M1_DIRECTION_MISMATCH
2026-09-07 15:47:33.831,1788796053.832,8974,68,307,4414.34,4414.42,8.0,PASS_<=10c,+0.0,FLAT,+0.0,+0.0,4.2,+0.00,0.00,SLOW,4414.34,4414.34,4414.34,4414.34,0.00,0.00,0.0,BULLISH,0.0,4414.34,4414.34,4414.34,4414.34,33,CLEARED_>=20s,1.0,0.0,0.0,0.0,0.0,0.0,0.0,PASS_<20%,0.00,0.0,NO,STANDBY_VEL_LOW,0,0.00,4590.00,78.36,FALSE,M1_DIRECTION_MISMATCH
2026-09-07 15:47:34.333,1788796054.334,8975,69,308,4414.34,4414.42,8.0,PASS_<=10c,+0.0,FLAT,+0.0,+0.0,4.2,+0.00,0.00,SLOW,4414.34,4414.34,4414.34,4414.34,0.00,0.00,0.0,BULLISH,0.0,4414.34,4414.34,4414.34,4414.34,34,CLEARED_>=20s,1.0,0.0,0.0,0.0,0.0,0.0,0.0,PASS_<20%,0.00,0.0,NO,STANDBY_VEL_LOW,0,0.00,4590.00,78.36,FALSE,M1_DIRECTION_MISMATCH
2026-09-07 15:47:34.835,1788796054.835,8976,70,309,4414.34,4414.42,8.0,PASS_<=10c,+0.0,FLAT,+0.0,+0.0,4.2,+0.00,0.00,SLOW,4414.34,4414.34,4414.34,4414.34,0.00,0.00,0.0,BULLISH,0.0,4414.34,4414.34,4414.34,4414.34,34,CLEARED_>=20s,1.0,0.0,0.0,0.0,0.0,0.0,0.0,PASS_<20%,0.00,0.0,NO,STANDBY_VEL_LOW,0,0.00,4590.00,78.36,FALSE,M1_DIRECTION_MISMATCH
2026-09-07 15:47:35.336,1788796055.337,8977,71,310,4414.34,4414.42,8.0,PASS_<=10c,+0.0,FLAT,+0.0,+0.0,4.2,+0.00,0.00,SLOW,4414.34,4414.34,4414.34,4414.34,0.00,0.00,0.0,BULLISH,0.0,4414.34,4414.34,4414.34,4414.34,35,CLEARED_>=20s,1.0,0.0,0.0,0.0,0.0,0.0,0.0,PASS_<20%,0.00,0.0,NO,STANDBY_VEL_LOW,0,0.00,4590.00,78.36,FALSE,M1_DIRECTION_MISMATCH
2026-09-07 15:47:35.839,1788796055.840,8978,72,311,4414.34,4414.42,8.0,PASS_<=10c,+0.0,FLAT,+0.0,+0.0,4.2,+0.00,0.00,SLOW,4414.34,4414.34,4414.34,4414.34,0.00,0.00,0.0,BULLISH,0.0,4414.34,4414.34,4414.34,4414.34,35,CLEARED_>=20s,1.0,0.0,0.0,0.0,0.0,0.0,0.0,PASS_<20%,0.00,0.0,NO,STANDBY_VEL_LOW,0,0.00,4590.00,78.36,FALSE,M1_DIRECTION_MISMATCH
2026-09-07 15:47:36.342,1788796056.343,8979,73,312,4414.34,4414.42,8.0,PASS_<=10c,+0.0,FLAT,+0.0,+0.0,4.2,+0.00,0.00,SLOW,4414.34,4414.34,4414.34,4414.34,0.00,0.00,0.0,BULLISH,0.0,4414.34,4414.34,4414.34,4414.34,36,CLEARED_>=20s,1.0,0.0,0.0,0.0,0.0,0.0,0.0,PASS_<20%,0.00,0.0,NO,STANDBY_VEL_LOW,0,0.00,4590.00,78.36,FALSE,M1_DIRECTION_MISMATCH
2026-09-07 15:47:36.844,1788796056.845,8980,74,313,4414.34,4414.42,8.0,PASS_<=10c,+0.0,FLAT,+0.0,+0.0,4.2,+0.00,0.00,SLOW,4414.34,4414.34,4414.34,4414.34,0.00,0.00,0.0,BULLISH,0.0,4414.34,4414.34,4414.34,4414.34,36,CLEARED_>=20s,1.0,0.0,0.0,0.0,0.0,0.0,0.0,PASS_<20%,0.00,0.0,NO,STANDBY_VEL_LOW,0,0.00,4590.00,78.36,FALSE,M1_DIRECTION_MISMATCH
2026-09-07 15:47:37.345,1788796057.346,8981,75,314,4414.34,4414.42,8.0,PASS_<=10c,+0.0,FLAT,+0.0,+0.0,4.2,+0.00,0.00,SLOW,4414.34,4414.34,4414.34,4414.34,0.00,0.00,0.0,BULLISH,0.0,4414.34,4414.34,4414.34,4414.34,37,CLEARED_>=20s,1.0,0.0,0.0,0.0,0.0,0.0,0.0,PASS_<20%,0.00,0.0,NO,STANDBY_VEL_LOW,0,0.00,4590.00,78.36,FALSE,M1_DIRECTION_MISMATCH
2026-09-07 15:47:37.847,1788796057.847,8982,76,315,4414.34,4414.42,8.0,PASS_<=10c,+0.0,FLAT,+0.0,+0.0,4.2,+0.00,0.00,SLOW,4414.34,4414.34,4414.34,4414.34,0.00,0.00,0.0,BULLISH,0.0,4414.34,4414.34,4414.34,4414.34,37,CLEARED_>=20s,1.0,0.0,0.0,0.0,0.0,0.0,0.0,PASS_<20%,0.00,0.0,NO,STANDBY_VEL_LOW,0,0.00,4590.00,78.36,FALSE,M1_DIRECTION_MISMATCH
2026-09-07 15:47:38.349,1788796058.350,8983,77,316,4414.34,4414.42,8.0,PASS_<=10c,+0.0,FLAT,+0.0,+0.0,4.2,+0.00,0.00,SLOW,4414.34,4414.34,4414.34,4414.34,0.00,0.00,0.0,BULLISH,0.0,4414.34,4414.34,4414.34,4414.34,38,CLEARED_>=20s,1.0,0.0,0.0,0.0,0.0,0.0,0.0,PASS_<20%,0.00,0.0,NO,STANDBY_VEL_LOW,0,0.00,4590.00,78.36,FALSE,M1_DIRECTION_MISMATCH
2026-09-07 15:47:38.851,1788796058.851,8984,78,317,4414.34,4414.42,8.0,PASS_<=10c,+0.0,FLAT,+0.0,+0.0,4.2,+0.00,0.00,SLOW,4414.34,4414.34,4414.34,4414.34,0.00,0.00,0.0,BULLISH,0.0,4414.34,4414.34,4414.34,4414.34,38,CLEARED_>=20s,1.0,0.0,0.0,0.0,0.0,0.0,0.0,PASS_<20%,0.00,0.0,NO,STANDBY_VEL_LOW,0,0.00,4590.00,78.36,FALSE,M1_DIRECTION_MISMATCH
2026-09-07 15:47:39.352,1788796059.353,8985,79,318,4414.34,4414.42,8.0,PASS_<=10c,+0.0,FLAT,+0.0,+0.0,4.2,+0.00,0.00,SLOW,4414.34,4414.34,4414.34,4414.34,0.00,0.00,0.0,BULLISH,0.0,4414.34,4414.34,4414.34,4414.34,39,CLEARED_>=20s,1.0,0.0,0.0,0.0,0.0,0.0,0.0,PASS_<20%,0.00,0.0,NO,STANDBY_VEL_LOW,0,0.00,4590.00,78.36,FALSE,M1_DIRECTION_MISMATCH
2026-09-07 15:47:39.855,1788796059.855,8986,80,319,4414.34,4414.42,8.0,PASS_<=10c,+0.0,FLAT,+0.0,+0.0,4.2,+0.00,0.00,SLOW,4414.34,4414.34,4414.34,4414.34,0.00,0.00,0.0,BULLISH,0.0,4414.34,4414.34,4414.34,4414.34,39,CLEARED_>=20s,1.0,0.0,0.0,0.0,0.0,0.0,0.0,PASS_<20%,0.00,0.0,NO,STANDBY_VEL_LOW,0,0.00,4590.00,78.36,FALSE,M1_DIRECTION_MISMATCH
2026-09-07 15:47:40.356,1788796060.356,8987,81,320,4414.34,4414.42,8.0,PASS_<=10c,+0.0,FLAT,+0.0,+0.0,4.2,+0.00,0.00,SLOW,4414.34,4414.34,4414.34,4414.34,0.00,0.00,0.0,BULLISH,0.0,4414.34,4414.34,4414.34,4414.34,40,CLEARED_>=20s,1.0,0.0,0.0,0.0,0.0,0.0,0.0,PASS_<20%,0.00,0.0,NO,STANDBY_VEL_LOW,0,0.00,4590.00,78.36,FALSE,M1_DIRECTION_MISMATCH
2026-09-07 15:47:40.857,1788796060.858,8988,82,321,4414.34,4414.42,8.0,PASS_<=10c,+0.0,FLAT,+0.0,+0.0,4.2,+0.00,0.00,SLOW,4414.34,4414.34,4414.34,4414.34,0.00,0.00,0.0,BULLISH,0.0,4414.34,4414.34,4414.34,4414.34,40,CLEARED_>=20s,1.0,0.0,0.0,0.0,0.0,0.0,0.0,PASS_<20%,0.00,0.0,NO,STANDBY_VEL_LOW,0,0.00,4590.00,78.36,FALSE,M1_DIRECTION_MISMATCH
2026-09-07 15:47:41.358,1788796061.359,8989,83,322,4414.34,4414.42,8.0,PASS_<=10c,+0.0,FLAT,+0.0,+0.0,4.2,+0.00,0.00,SLOW,4414.34,4414.34,4414.34,4414.34,0.00,0.00,0.0,BULLISH,0.0,4414.34,4414.34,4414.34,4414.34,41,CLEARED_>=20s,1.0,0.0,0.0,0.0,0.0,0.0,0.0,PASS_<20%,0.00,0.0,NO,STANDBY_VEL_LOW,0,0.00,4590.00,78.36,FALSE,M1_DIRECTION_MISMATCH
2026-09-07 15:47:41.860,1788796061.860,8990,84,323,4414.34,4414.42,8.0,PASS_<=10c,+0.0,FLAT,+0.0,+0.0,4.2,+0.00,0.00,SLOW,4414.34,4414.34,4414.34,4414.34,0.00,0.00,0.0,BULLISH,0.0,4414.34,4414.34,4414.34,4414.34,41,CLEARED_>=20s,1.0,0.0,0.0,0.0,0.0,0.0,0.0,PASS_<20%,0.00,0.0,NO,STANDBY_VEL_LOW,0,0.00,4590.00,78.36,FALSE,M1_DIRECTION_MISMATCH
2026-09-07 15:47:42.362,1788796062.362,8991,85,324,4414.34,4414.42,8.0,PASS_<=10c,+0.0,FLAT,+0.0,+0.0,4.2,+0.00,0.00,SLOW,4414.34,4414.34,4414.34,4414.34,0.00,0.00,0.0,BULLISH,0.0,4414.34,4414.34,4414.34,4414.34,42,CLEARED_>=20s,1.0,0.0,0.0,0.0,0.0,0.0,0.0,PASS_<20%,0.00,0.0,NO,STANDBY_VEL_LOW,0,0.00,4590.00,78.36,FALSE,M1_DIRECTION_MISMATCH
2026-09-07 15:47:42.864,1788796062.865,8992,86,325,4414.34,4414.42,8.0,PASS_<=10c,+0.0,FLAT,+0.0,+0.0,4.2,+0.00,0.00,SLOW,4414.34,4414.34,4414.34,4414.34,0.00,0.00,0.0,BULLISH,0.0,4414.34,4414.34,4414.34,4414.34,42,CLEARED_>=20s,1.0,0.0,0.0,0.0,0.0,0.0,0.0,PASS_<20%,0.00,0.0,NO,STANDBY_VEL_LOW,0,0.00,4590.00,78.36,FALSE,M1_DIRECTION_MISMATCH
2026-09-07 15:47:43.365,1788796063.365,8993,87,326,4414.34,4414.42,8.0,PASS_<=10c,+0.0,FLAT,+0.0,+0.0,4.2,+0.00,0.00,SLOW,4414.34,4414.34,4414.34,4414.34,0.00,0.00,0.0,BULLISH,0.0,4414.34,4414.34,4414.34,4414.34,43,CLEARED_>=20s,1.0,0.0,0.0,0.0,0.0,0.0,0.0,PASS_<20%,0.00,0.0,NO,STANDBY_VEL_LOW,0,0.00,4590.00,78.36,FALSE,M1_DIRECTION_MISMATCH
2026-09-07 15:47:43.867,1788796063.868,8994,88,327,4414.34,4414.42,8.0,PASS_<=10c,+0.0,FLAT,+0.0,+0.0,4.2,+0.00,0.00,SLOW,4414.34,4414.34,4414.34,4414.34,0.00,0.00,0.0,BULLISH,0.0,4414.34,4414.34,4414.34,4414.34,43,CLEARED_>=20s,1.0,0.0,0.0,0.0,0.0,0.0,0.0,PASS_<20%,0.00,0.0,NO,STANDBY_VEL_LOW,0,0.00,4590.00,78.36,FALSE,M1_DIRECTION_MISMATCH
2026-09-07 15:47:44.368,1788796064.369,8995,89,328,4414.34,4414.42,8.0,PASS_<=10c,+0.0,FLAT,+0.0,+0.0,4.2,+0.00,0.00,SLOW,4414.34,4414.34,4414.34,4414.34,0.00,0.00,0.0,BULLISH,0.0,4414.34,4414.34,4414.34,4414.34,44,CLEARED_>=20s,1.0,0.0,0.0,0.0,0.0,0.0,0.0,PASS_<20%,0.00,0.0,NO,STANDBY_VEL_LOW,0,0.00,4590.00,78.36,FALSE,M1_DIRECTION_MISMATCH
2026-09-07 15:47:44.870,1788796064.870,8996,90,329,4414.34,4414.42,8.0,PASS_<=10c,+0.0,FLAT,+0.0,+0.0,4.2,+0.00,0.00,SLOW,4414.34,4414.34,4414.34,4414.34,0.00,0.00,0.0,BULLISH,0.0,4414.34,4414.34,4414.34,4414.34,44,CLEARED_>=20s,1.0,0.0,0.0,0.0,0.0,0.0,0.0,PASS_<20%,0.00,0.0,NO,STANDBY_VEL_LOW,0,0.00,4590.00,78.36,FALSE,M1_DIRECTION_MISMATCH
2026-09-07 15:47:45.371,1788796065.371,8997,91,330,4414.34,4414.42,8.0,PASS_<=10c,+0.0,FLAT,+0.0,+0.0,4.2,+0.00,0.00,SLOW,4414.34,4414.34,4414.34,4414.34,0.00,0.00,0.0,BULLISH,0.0,4414.34,4414.34,4414.34,4414.34,45,CLEARED_>=20s,1.0,0.0,0.0,0.0,0.0,0.0,0.0,PASS_<20%,0.00,0.0,NO,STANDBY_VEL_LOW,0,0.00,4590.00,78.36,FALSE,M1_DIRECTION_MISMATCH
2026-09-07 15:47:45.873,1788796065.874,8998,92,331,4414.34,4414.42,8.0,PASS_<=10c,+0.0,FLAT,+0.0,+0.0,4.2,+0.00,0.00,SLOW,4414.34,4414.34,4414.34,4414.34,0.00,0.00,0.0,BULLISH,0.0,4414.34,4414.34,4414.34,4414.34,45,CLEARED_>=20s,1.0,0.0,0.0,0.0,0.0,0.0,0.0,PASS_<20%,0.00,0.0,NO,STANDBY_VEL_LOW,0,0.00,4590.00,78.36,FALSE,M1_DIRECTION_MISMATCH
2026-09-07 15:47:46.374,1788796066.374,8999,93,332,4414.34,4414.42,8.0,PASS_<=10c,+0.0,FLAT,+0.0,+0.0,4.2,+0.00,0.00,SLOW,4414.34,4414.34,4414.34,4414.34,0.00,0.00,0.0,BULLISH,0.0,4414.34,4414.34,4414.34,4414.34,46,CLEARED_>=20s,1.0,0.0,0.0,0.0,0.0,0.0,0.0,PASS_<20%,0.00,0.0,NO,STANDBY_VEL_LOW,0,0.00,4590.00,78.36,FALSE,M1_DIRECTION_MISMATCH
2026-09-07 15:47:46.877,1788796066.878,9000,94,333,4414.34,4414.42,8.0,PASS_<=10c,+0.0,FLAT,+0.0,+0.0,4.2,+0.00,0.00,SLOW,4414.34,4414.34,4414.34,4414.34,0.00,0.00,0.0,BULLISH,0.0,4414.34,4414.34,4414.34,4414.34,46,CLEARED_>=20s,1.0,0.0,0.0,0.0,0.0,0.0,0.0,PASS_<20%,0.00,0.0,NO,STANDBY_VEL_LOW,0,0.00,4590.00,78.36,FALSE,M1_DIRECTION_MISMATCH
2026-09-07 15:47:47.376,1788796067.377,9001,95,334,4414.34,4414.42,8.0,PASS_<=10c,+0.0,FLAT,+0.0,+0.0,4.2,+0.00,0.00,SLOW,4414.34,4414.34,4414.34,4414.34,0.00,0.00,0.0,BULLISH,0.0,4414.34,4414.34,4414.34,4414.34,47,CLEARED_>=20s,1.0,0.0,0.0,0.0,0.0,0.0,0.0,PASS_<20%,0.00,0.0,NO,STANDBY_VEL_LOW,0,0.00,4590.00,78.36,FALSE,M1_DIRECTION_MISMATCH
2026-09-07 15:47:47.877,1788796067.878,9002,96,335,4414.34,4414.42,8.0,PASS_<=10c,+0.0,FLAT,+0.0,+0.0,4.2,+0.00,0.00,SLOW,4414.34,4414.34,4414.34,4414.34,0.00,0.00,0.0,BULLISH,0.0,4414.34,4414.34,4414.34,4414.34,47,CLEARED_>=20s,1.0,0.0,0.0,0.0,0.0,0.0,0.0,PASS_<20%,0.00,0.0,NO,STANDBY_VEL_LOW,0,0.00,4590.00,78.36,FALSE,M1_DIRECTION_MISMATCH
2026-09-07 15:47:48.379,1788796068.380,9003,97,336,4414.34,4414.42,8.0,PASS_<=10c,+0.0,FLAT,+0.0,+0.0,4.2,+0.00,0.00,SLOW,4414.34,4414.34,4414.34,4414.34,0.00,0.00,0.0,BULLISH,0.0,4414.34,4414.34,4414.34,4414.34,48,CLEARED_>=20s,1.0,0.0,0.0,0.0,0.0,0.0,0.0,PASS_<20%,0.00,0.0,NO,STANDBY_VEL_LOW,0,0.00,4590.00,78.36,FALSE,M1_DIRECTION_MISMATCH
2026-09-07 15:47:48.881,1788796068.882,9004,98,337,4414.34,4414.42,8.0,PASS_<=10c,+0.0,FLAT,+0.0,+0.0,4.2,+0.00,0.00,SLOW,4414.34,4414.34,4414.34,4414.34,0.00,0.00,0.0,BULLISH,0.0,4414.34,4414.34,4414.34,4414.34,48,CLEARED_>=20s,1.0,0.0,0.0,0.0,0.0,0.0,0.0,PASS_<20%,0.00,0.0,NO,STANDBY_VEL_LOW,0,0.00,4590.00,78.36,FALSE,M1_DIRECTION_MISMATCH
2026-09-07 15:47:49.382,1788796069.383,9005,99,338,4414.34,4414.42,8.0,PASS_<=10c,+0.0,FLAT,+0.0,+0.0,4.2,+0.00,0.00,SLOW,4414.34,4414.34,4414.34,4414.34,0.00,0.00,0.0,BULLISH,0.0,4414.34,4414.34,4414.34,4414.34,49,CLEARED_>=20s,1.0,0.0,0.0,0.0,0.0,0.0,0.0,PASS_<20%,0.00,0.0,NO,STANDBY_VEL_LOW,0,0.00,4590.00,78.36,FALSE,M1_DIRECTION_MISMATCH
2026-09-07 15:47:49.884,1788796069.884,9006,100,339,4414.34,4414.42,8.0,PASS_<=10c,+0.0,FLAT,+0.0,+0.0,4.2,+0.00,0.00,SLOW,4414.34,4414.34,4414.34,4414.34,0.00,0.00,0.0,BULLISH,0.0,4414.34,4414.34,4414.34,4414.34,49,CLEARED_>=20s,1.0,0.0,0.0,0.0,0.0,0.0,0.0,PASS_<20%,0.00,0.0,NO,STANDBY_VEL_LOW,0,0.00,4590.00,78.36,FALSE,M1_DIRECTION_MISMATCH
2026-09-07 15:47:50.386,1788796070.386,9007,101,340,4414.34,4414.42,8.0,PASS_<=10c,+0.0,FLAT,+0.0,+0.0,4.2,+0.00,0.00,SLOW,4414.34,4414.34,4414.34,4414.34,0.00,0.00,0.0,BULLISH,0.0,4414.34,4414.34,4414.34,4414.34,50,CLEARED_>=20s,1.0,0.0,0.0,0.0,0.0,0.0,0.0,PASS_<20%,0.00,0.0,NO,STANDBY_VEL_LOW,0,0.00,4590.00,78.36,FALSE,M1_DIRECTION_MISMATCH
2026-09-07 15:47:50.888,1788796070.888,9008,102,341,4414.34,4414.42,8.0,PASS_<=10c,+0.0,FLAT,+0.0,+0.0,4.2,+0.00,0.00,SLOW,4414.34,4414.34,4414.34,4414.34,0.00,0.00,0.0,BULLISH,0.0,4414.34,4414.34,4414.34,4414.34,50,CLEARED_>=20s,1.0,0.0,0.0,0.0,0.0,0.0,0.0,PASS_<20%,0.00,0.0,NO,STANDBY_VEL_LOW,0,0.00,4590.00,78.36,FALSE,M1_DIRECTION_MISMATCH
2026-09-07 15:47:51.389,1788796071.390,9009,103,342,4414.34,4414.42,8.0,PASS_<=10c,+0.0,FLAT,+0.0,+0.0,4.2,+0.00,0.00,SLOW,4414.34,4414.34,4414.34,4414.34,0.00,0.00,0.0,BULLISH,0.0,4414.34,4414.34,4414.34,4414.34,51,CLEARED_>=20s,1.0,0.0,0.0,0.0,0.0,0.0,0.0,PASS_<20%,0.00,0.0,NO,STANDBY_VEL_LOW,0,0.00,4590.00,78.36,FALSE,M1_DIRECTION_MISMATCH
2026-09-07 15:47:51.891,1788796071.891,9010,104,343,4414.34,4414.42,8.0,PASS_<=10c,+0.0,FLAT,+0.0,+0.0,4.2,+0.00,0.00,SLOW,4414.34,4414.34,4414.34,4414.34,0.00,0.00,0.0,BULLISH,0.0,4414.34,4414.34,4414.34,4414.34,51,CLEARED_>=20s,1.0,0.0,0.0,0.0,0.0,0.0,0.0,PASS_<20%,0.00,0.0,NO,STANDBY_VEL_LOW,0,0.00,4590.00,78.36,FALSE,M1_DIRECTION_MISMATCH
2026-09-07 15:47:52.392,1788796072.392,9011,105,344,4414.34,4414.42,8.0,PASS_<=10c,+0.0,FLAT,+0.0,+0.0,4.2,+0.00,0.00,SLOW,4414.34,4414.34,4414.34,4414.34,0.00,0.00,0.0,BULLISH,0.0,4414.34,4414.34,4414.34,4414.34,52,CLEARED_>=20s,1.0,0.0,0.0,0.0,0.0,0.0,0.0,PASS_<20%,0.00,0.0,NO,STANDBY_VEL_LOW,0,0.00,4590.00,78.36,FALSE,M1_DIRECTION_MISMATCH
2026-09-07 15:47:52.894,1788796072.895,9012,106,345,4414.34,4414.42,8.0,PASS_<=10c,+0.0,FLAT,+0.0,+0.0,4.2,+0.00,0.00,SLOW,4414.34,4414.34,4414.34,4414.34,0.00,0.00,0.0,BULLISH,0.0,4414.34,4414.34,4414.34,4414.34,52,CLEARED_>=20s,1.0,0.0,0.0,0.0,0.0,0.0,0.0,PASS_<20%,0.00,0.0,NO,STANDBY_VEL_LOW,0,0.00,4590.00,78.36,FALSE,M1_DIRECTION_MISMATCH
2026-09-07 15:47:53.396,1788796073.396,9013,107,346,4414.34,4414.42,8.0,PASS_<=10c,+0.0,FLAT,+0.0,+0.0,4.2,+0.00,0.00,SLOW,4414.34,4414.34,4414.34,4414.34,0.00,0.00,0.0,BULLISH,0.0,4414.34,4414.34,4414.34,4414.34,53,CLEARED_>=20s,1.0,0.0,0.0,0.0,0.0,0.0,0.0,PASS_<20%,0.00,0.0,NO,STANDBY_VEL_LOW,0,0.00,4590.00,78.36,FALSE,M1_DIRECTION_MISMATCH
2026-09-07 15:47:53.898,1788796073.899,9014,108,347,4414.34,4414.42,8.0,PASS_<=10c,+0.0,FLAT,+0.0,+0.0,4.2,+0.00,0.00,SLOW,4414.34,4414.34,4414.34,4414.34,0.00,0.00,0.0,BULLISH,0.0,4414.34,4414.34,4414.34,4414.34,53,CLEARED_>=20s,1.0,0.0,0.0,0.0,0.0,0.0,0.0,PASS_<20%,0.00,0.0,NO,STANDBY_VEL_LOW,0,0.00,4590.00,78.36,FALSE,M1_DIRECTION_MISMATCH
2026-09-07 15:47:54.400,1788796074.401,9015,109,348,4414.34,4414.42,8.0,PASS_<=10c,+0.0,FLAT,+0.0,+0.0,4.2,+0.00,0.00,SLOW,4414.34,4414.34,4414.34,4414.34,0.00,0.00,0.0,BULLISH,0.0,4414.34,4414.34,4414.34,4414.34,54,CLEARED_>=20s,1.0,0.0,0.0,0.0,0.0,0.0,0.0,PASS_<20%,0.00,0.0,NO,STANDBY_VEL_LOW,0,0.00,4590.00,78.36,FALSE,M1_DIRECTION_MISMATCH
2026-09-07 15:47:54.901,1788796074.902,9016,110,349,4414.34,4414.42,8.0,PASS_<=10c,+0.0,FLAT,+0.0,+0.0,4.2,+0.00,0.00,SLOW,4414.34,4414.34,4414.34,4414.34,0.00,0.00,0.0,BULLISH,0.0,4414.34,4414.34,4414.34,4414.34,54,CLEARED_>=20s,1.0,0.0,0.0,0.0,0.0,0.0,0.0,PASS_<20%,0.00,0.0,NO,STANDBY_VEL_LOW,0,0.00,4590.00,78.36,FALSE,M1_DIRECTION_MISMATCH
2026-09-07 15:47:55.404,1788796075.405,9017,111,350,4414.34,4414.42,8.0,PASS_<=10c,+0.0,FLAT,+0.0,+0.0,4.2,+0.00,0.00,SLOW,4414.34,4414.34,4414.34,4414.34,0.00,0.00,0.0,BULLISH,0.0,4414.34,4414.34,4414.34,4414.34,55,CLEARED_>=20s,1.0,0.0,0.0,0.0,0.0,0.0,0.0,PASS_<20%,0.00,0.0,NO,STANDBY_VEL_LOW,0,0.00,4590.00,78.36,FALSE,M1_DIRECTION_MISMATCH
2026-09-07 15:47:55.905,1788796075.906,9018,112,351,4414.34,4414.42,8.0,PASS_<=10c,+0.0,FLAT,+0.0,+0.0,4.2,+0.00,0.00,SLOW,4414.34,4414.34,4414.34,4414.34,0.00,0.00,0.0,BULLISH,0.0,4414.34,4414.34,4414.34,4414.34,55,CLEARED_>=20s,1.0,0.0,0.0,0.0,0.0,0.0,0.0,PASS_<20%,0.00,0.0,NO,STANDBY_VEL_LOW,0,0.00,4590.00,78.36,FALSE,M1_DIRECTION_MISMATCH
2026-09-07 15:47:56.407,1788796076.407,9019,113,352,4414.34,4414.42,8.0,PASS_<=10c,+0.0,FLAT,+0.0,+0.0,4.2,+0.00,0.00,SLOW,4414.34,4414.34,4414.34,4414.34,0.00,0.00,0.0,BULLISH,0.0,4414.34,4414.34,4414.34,4414.34,56,CLEARED_>=20s,1.0,0.0,0.0,0.0,0.0,0.0,0.0,PASS_<20%,0.00,0.0,NO,STANDBY_VEL_LOW,0,0.00,4590.00,78.36,FALSE,M1_DIRECTION_MISMATCH
2026-09-07 15:47:56.909,1788796076.910,9020,114,353,4414.34,4414.42,8.0,PASS_<=10c,+0.0,FLAT,+0.0,+0.0,4.2,+0.00,0.00,SLOW,4414.34,4414.34,4414.34,4414.34,0.00,0.00,0.0,BULLISH,0.0,4414.34,4414.34,4414.34,4414.34,56,CLEARED_>=20s,1.0,0.0,0.0,0.0,0.0,0.0,0.0,PASS_<20%,0.00,0.0,NO,STANDBY_VEL_LOW,0,0.00,4590.00,78.36,FALSE,M1_DIRECTION_MISMATCH
2026-09-07 15:47:57.411,1788796077.412,9021,115,354,4414.34,4414.42,8.0,PASS_<=10c,+0.0,FLAT,+0.0,+0.0,4.2,+0.00,0.00,SLOW,4414.34,4414.34,4414.34,4414.34,0.00,0.00,0.0,BULLISH,0.0,4414.34,4414.34,4414.34,4414.34,57,CLEARED_>=20s,1.0,0.0,0.0,0.0,0.0,0.0,0.0,PASS_<20%,0.00,0.0,NO,STANDBY_VEL_LOW,0,0.00,4590.00,78.36,FALSE,M1_DIRECTION_MISMATCH
2026-09-07 15:47:57.914,1788796077.914,9022,116,355,4414.34,4414.42,8.0,PASS_<=10c,+0.0,FLAT,+0.0,+0.0,4.2,+0.00,0.00,SLOW,4414.34,4414.34,4414.34,4414.34,0.00,0.00,0.0,BULLISH,0.0,4414.34,4414.34,4414.34,4414.34,57,CLEARED_>=20s,1.0,0.0,0.0,0.0,0.0,0.0,0.0,PASS_<20%,0.00,0.0,NO,STANDBY_VEL_LOW,0,0.00,4590.00,78.36,FALSE,M1_DIRECTION_MISMATCH
2026-09-07 15:47:58.415,1788796078.416,9023,117,356,4414.34,4414.42,8.0,PASS_<=10c,+0.0,FLAT,+0.0,+0.0,4.2,+0.00,0.00,SLOW,4414.34,4414.34,4414.34,4414.34,0.00,0.00,0.0,BULLISH,0.0,4414.34,4414.34,4414.34,4414.34,58,CLEARED_>=20s,1.0,0.0,0.0,0.0,0.0,0.0,0.0,PASS_<20%,0.00,0.0,NO,STANDBY_VEL_LOW,0,0.00,4590.00,78.36,FALSE,M1_DIRECTION_MISMATCH
2026-09-07 15:47:58.916,1788796078.917,9024,118,357,4414.34,4414.42,8.0,PASS_<=10c,+0.0,FLAT,+0.0,+0.0,4.2,+0.00,0.00,SLOW,4414.34,4414.34,4414.34,4414.34,0.00,0.00,0.0,BULLISH,0.0,4414.34,4414.34,4414.34,4414.34,58,CLEARED_>=20s,1.0,0.0,0.0,0.0,0.0,0.0,0.0,PASS_<20%,0.00,0.0,NO,STANDBY_VEL_LOW,0,0.00,4590.00,78.36,FALSE,M1_DIRECTION_MISMATCH
2026-09-07 15:47:59.418,1788796079.418,9025,119,358,4414.34,4414.42,8.0,PASS_<=10c,+0.0,FLAT,+0.0,+0.0,4.2,+0.00,0.00,SLOW,4414.34,4414.34,4414.34,4414.34,0.00,0.00,0.0,BULLISH,0.0,4414.34,4414.34,4414.34,4414.34,59,CLEARED_>=20s,1.0,0.0,0.0,0.0,0.0,0.0,0.0,PASS_<20%,0.00,0.0,NO,STANDBY_VEL_LOW,0,0.00,4590.00,78.36,FALSE,M1_DIRECTION_MISMATCH
2026-09-07 15:47:59.920,1788796079.920,9026,120,359,4414.34,4414.42,8.0,PASS_<=10c,+0.0,FLAT,+0.0,+0.0,4.2,+0.00,0.00,SLOW,4414.34,4414.34,4414.34,4414.34,0.00,0.00,0.0,BULLISH,0.0,4414.34,4414.34,4414.34,4414.34,59,CLEARED_>=20s,1.0,0.0,0.0,0.0,0.0,0.0,0.0,PASS_<20%,0.00,0.0,NO,STANDBY_VEL_LOW,0,0.00,4590.00,78.36,FALSE,M1_DIRECTION_MISMATCH
2026-09-07 15:48:00.420,1788796080.421,9027,1,360,4414.34,4414.42,8.0,PASS_<=10c,+0.0,FLAT,+0.0,+0.0,4.2,+0.00,0.00,SLOW,4414.34,4414.34,4414.34,4414.34,0.00,0.00,0.0,BULLISH,0.0,4414.34,4414.34,4414.34,4414.34,0,ACTIVE_0s,1.0,0.0,0.0,0.0,0.0,0.0,0.0,PASS_<20%,0.00,0.0,NO,STANDBY_VEL_LOW,0,0.00,4590.00,78.36,FALSE,M1_DIRECTION_MISMATCH|OPENING_SHIELD_ACTIVE_0s
2026-09-07 15:48:00.922,1788796080.922,9028,2,361,4414.34,4414.42,8.0,PASS_<=10c,+0.0,FLAT,+0.0,+0.0,4.2,+0.00,0.00,SLOW,4414.34,4414.34,4414.34,4414.34,0.00,0.00,0.0,BULLISH,0.0,4414.34,4414.34,4414.34,4414.34,0,ACTIVE_0s,1.0,0.0,0.0,0.0,0.0,0.0,0.0,PASS_<20%,0.00,0.0,NO,STANDBY_VEL_LOW,0,0.00,4590.00,78.36,FALSE,M1_DIRECTION_MISMATCH|OPENING_SHIELD_ACTIVE_0s
2026-09-07 15:48:01.423,1788796081.423,9029,3,362,4414.34,4414.42,8.0,PASS_<=10c,+0.0,FLAT,+0.0,+0.0,4.2,+0.00,0.00,SLOW,4414.34,4414.34,4414.34,4414.34,0.00,0.00,0.0,BULLISH,0.0,4414.34,4414.34,4414.34,4414.34,1,ACTIVE_1s,1.0,0.0,0.0,0.0,0.0,0.0,0.0,PASS_<20%,0.00,0.0,NO,STANDBY_VEL_LOW,0,0.00,4590.00,78.36,FALSE,M1_DIRECTION_MISMATCH|OPENING_SHIELD_ACTIVE_1s
2026-09-07 15:48:01.924,1788796081.924,9030,4,363,4414.34,4414.42,8.0,PASS_<=10c,+0.0,FLAT,+0.0,+0.0,4.2,+0.00,0.00,SLOW,4414.34,4414.34,4414.34,4414.34,0.00,0.00,0.0,BULLISH,0.0,4414.34,4414.34,4414.34,4414.34,1,ACTIVE_1s,1.0,0.0,0.0,0.0,0.0,0.0,0.0,PASS_<20%,0.00,0.0,NO,STANDBY_VEL_LOW,0,0.00,4590.00,78.36,FALSE,M1_DIRECTION_MISMATCH|OPENING_SHIELD_ACTIVE_1s
2026-09-07 15:48:02.425,1788796082.426,9031,5,364,4414.34,4414.42,8.0,PASS_<=10c,+0.0,FLAT,+0.0,+0.0,4.2,+0.00,0.00,SLOW,4414.34,4414.34,4414.34,4414.34,0.00,0.00,0.0,BULLISH,0.0,4414.34,4414.34,4414.34,4414.34,2,ACTIVE_2s,1.0,0.0,0.0,0.0,0.0,0.0,0.0,PASS_<20%,0.00,0.0,NO,STANDBY_VEL_LOW,0,0.00,4590.00,78.36,FALSE,M1_DIRECTION_MISMATCH|OPENING_SHIELD_ACTIVE_2s
2026-09-07 15:48:02.927,1788796082.928,9032,6,365,4414.34,4414.42,8.0,PASS_<=10c,+0.0,FLAT,+0.0,+0.0,4.2,+0.00,0.00,SLOW,4414.34,4414.34,4414.34,4414.34,0.00,0.00,0.0,BULLISH,0.0,4414.34,4414.34,4414.34,4414.34,2,ACTIVE_2s,1.0,0.0,0.0,0.0,0.0,0.0,0.0,PASS_<20%,0.00,0.0,NO,STANDBY_VEL_LOW,0,0.00,4590.00,78.36,FALSE,M1_DIRECTION_MISMATCH|OPENING_SHIELD_ACTIVE_2s
2026-09-07 15:48:03.428,1788796083.429,9033,7,366,4414.34,4414.42,8.0,PASS_<=10c,+0.0,FLAT,+0.0,+0.0,4.2,+0.00,0.00,SLOW,4414.34,4414.34,4414.34,4414.34,0.00,0.00,0.0,BULLISH,0.0,4414.34,4414.34,4414.34,4414.34,3,ACTIVE_3s,1.0,0.0,0.0,0.0,0.0,0.0,0.0,PASS_<20%,0.00,0.0,NO,STANDBY_VEL_LOW,0,0.00,4590.00,78.36,FALSE,M1_DIRECTION_MISMATCH|OPENING_SHIELD_ACTIVE_3s
2026-09-07 15:48:03.930,1788796083.931,9034,8,367,4414.34,4414.42,8.0,PASS_<=10c,+0.0,FLAT,+0.0,+0.0,4.2,+0.00,0.00,SLOW,4414.34,4414.34,4414.34,4414.34,0.00,0.00,0.0,BULLISH,0.0,4414.34,4414.34,4414.34,4414.34,3,ACTIVE_3s,1.0,0.0,0.0,0.0,0.0,0.0,0.0,PASS_<20%,0.00,0.0,NO,STANDBY_VEL_LOW,0,0.00,4590.00,78.36,FALSE,M1_DIRECTION_MISMATCH|OPENING_SHIELD_ACTIVE_3s
2026-09-07 15:48:04.432,1788796084.432,9035,9,368,4414.34,4414.42,8.0,PASS_<=10c,+0.0,FLAT,+0.0,+0.0,4.2,+0.00,0.00,SLOW,4414.34,4414.34,4414.34,4414.34,0.00,0.00,0.0,BULLISH,0.0,4414.34,4414.34,4414.34,4414.34,4,ACTIVE_4s,1.0,0.0,0.0,0.0,0.0,0.0,0.0,PASS_<20%,0.00,0.0,NO,STANDBY_VEL_LOW,0,0.00,4590.00,78.36,FALSE,M1_DIRECTION_MISMATCH|OPENING_SHIELD_ACTIVE_4s
2026-09-07 15:48:04.933,1788796084.934,9036,10,369,4414.34,4414.42,8.0,PASS_<=10c,+0.0,FLAT,+0.0,+0.0,4.2,+0.00,0.00,SLOW,4414.34,4414.34,4414.34,4414.34,0.00,0.00,0.0,BULLISH,0.0,4414.34,4414.34,4414.34,4414.34,4,ACTIVE_4s,1.0,0.0,0.0,0.0,0.0,0.0,0.0,PASS_<20%,0.00,0.0,NO,STANDBY_VEL_LOW,0,0.00,4590.00,78.36,FALSE,M1_DIRECTION_MISMATCH|OPENING_SHIELD_ACTIVE_4s
2026-09-07 15:48:05.434,1788796085.435,9037,11,370,4414.34,4414.42,8.0,PASS_<=10c,+0.0,FLAT,+0.0,+0.0,4.2,+0.00,0.00,SLOW,4414.34,4414.34,4414.34,4414.34,0.00,0.00,0.0,BULLISH,0.0,4414.34,4414.34,4414.34,4414.34,5,ACTIVE_5s,1.0,0.0,0.0,0.0,0.0,0.0,0.0,PASS_<20%,0.00,0.0,NO,STANDBY_VEL_LOW,0,0.00,4590.00,78.36,FALSE,M1_DIRECTION_MISMATCH|OPENING_SHIELD_ACTIVE_5s
2026-09-07 15:48:05.935,1788796085.936,9038,12,371,4414.34,4414.42,8.0,PASS_<=10c,+0.0,FLAT,+0.0,+0.0,4.2,+0.00,0.00,SLOW,4414.34,4414.34,4414.34,4414.34,0.00,0.00,0.0,BULLISH,0.0,4414.34,4414.34,4414.34,4414.34,5,ACTIVE_5s,1.0,0.0,0.0,0.0,0.0,0.0,0.0,PASS_<20%,0.00,0.0,NO,STANDBY_VEL_LOW,0,0.00,4590.00,78.36,FALSE,M1_DIRECTION_MISMATCH|OPENING_SHIELD_ACTIVE_5s
2026-09-07 15:48:06.436,1788796086.437,9039,13,372,4414.34,4414.42,8.0,PASS_<=10c,+0.0,FLAT,+0.0,+0.0,4.2,+0.00,0.00,SLOW,4414.34,4414.34,4414.34,4414.34,0.00,0.00,0.0,BULLISH,0.0,4414.34,4414.34,4414.34,4414.34,6,ACTIVE_6s,1.0,0.0,0.0,0.0,0.0,0.0,0.0,PASS_<20%,0.00,0.0,NO,STANDBY_VEL_LOW,0,0.00,4590.00,78.36,FALSE,M1_DIRECTION_MISMATCH|OPENING_SHIELD_ACTIVE_6s
2026-09-07 15:48:06.938,1788796086.938,9040,14,373,4414.34,4414.42,8.0,PASS_<=10c,+0.0,FLAT,+0.0,+0.0,4.2,+0.00,0.00,SLOW,4414.34,4414.34,4414.34,4414.34,0.00,0.00,0.0,BULLISH,0.0,4414.34,4414.34,4414.34,4414.34,6,ACTIVE_6s,1.0,0.0,0.0,0.0,0.0,0.0,0.0,PASS_<20%,0.00,0.0,NO,STANDBY_VEL_LOW,0,0.00,4590.00,78.36,FALSE,M1_DIRECTION_MISMATCH|OPENING_SHIELD_ACTIVE_6s
2026-09-07 15:48:07.440,1788796087.440,9041,15,374,4414.34,4414.42,8.0,PASS_<=10c,+0.0,FLAT,+0.0,+0.0,4.2,+0.00,0.00,SLOW,4414.34,4414.34,4414.34,4414.34,0.00,0.00,0.0,BULLISH,0.0,4414.34,4414.34,4414.34,4414.34,7,ACTIVE_7s,1.0,0.0,0.0,0.0,0.0,0.0,0.0,PASS_<20%,0.00,0.0,NO,STANDBY_VEL_LOW,0,0.00,4590.00,78.36,FALSE,M1_DIRECTION_MISMATCH|OPENING_SHIELD_ACTIVE_7s
2026-09-07 15:48:07.942,1788796087.942,9042,16,375,4414.34,4414.42,8.0,PASS_<=10c,+0.0,FLAT,+0.0,+0.0,4.2,+0.00,0.00,SLOW,4414.34,4414.34,4414.34,4414.34,0.00,0.00,0.0,BULLISH,0.0,4414.34,4414.34,4414.34,4414.34,7,ACTIVE_7s,1.0,0.0,0.0,0.0,0.0,0.0,0.0,PASS_<20%,0.00,0.0,NO,STANDBY_VEL_LOW,0,0.00,4590.00,78.36,FALSE,M1_DIRECTION_MISMATCH|OPENING_SHIELD_ACTIVE_7s
2026-09-07 15:48:08.443,1788796088.443,9043,17,376,4414.34,4414.42,8.0,PASS_<=10c,+0.0,FLAT,+0.0,+0.0,4.2,+0.00,0.00,SLOW,4414.34,4414.34,4414.34,4414.34,0.00,0.00,0.0,BULLISH,0.0,4414.34,4414.34,4414.34,4414.34,8,ACTIVE_8s,1.0,0.0,0.0,0.0,0.0,0.0,0.0,PASS_<20%,0.00,0.0,NO,STANDBY_VEL_LOW,0,0.00,4590.00,78.36,FALSE,M1_DIRECTION_MISMATCH|OPENING_SHIELD_ACTIVE_8s
2026-09-07 15:48:08.944,1788796088.944,9044,18,377,4414.34,4414.42,8.0,PASS_<=10c,+0.0,FLAT,+0.0,+0.0,4.2,+0.00,0.00,SLOW,4414.34,4414.34,4414.34,4414.34,0.00,0.00,0.0,BULLISH,0.0,4414.34,4414.34,4414.34,4414.34,8,ACTIVE_8s,1.0,0.0,0.0,0.0,0.0,0.0,0.0,PASS_<20%,0.00,0.0,NO,STANDBY_VEL_LOW,0,0.00,4590.00,78.36,FALSE,M1_DIRECTION_MISMATCH|OPENING_SHIELD_ACTIVE_8s
2026-09-07 15:48:09.447,1788796089.447,9045,19,378,4414.34,4414.42,8.0,PASS_<=10c,+0.0,FLAT,+0.0,+0.0,4.2,+0.00,0.00,SLOW,4414.34,4414.34,4414.34,4414.34,0.00,0.00,0.0,BULLISH,0.0,4414.34,4414.34,4414.34,4414.34,9,ACTIVE_9s,1.0,0.0,0.0,0.0,0.0,0.0,0.0,PASS_<20%,0.00,0.0,NO,STANDBY_VEL_LOW,0,0.00,4590.00,78.36,FALSE,M1_DIRECTION_MISMATCH|OPENING_SHIELD_ACTIVE_9s
2026-09-07 15:48:09.947,1788796089.948,9046,20,379,4414.34,4414.42,8.0,PASS_<=10c,+0.0,FLAT,+0.0,+0.0,4.2,+0.00,0.00,SLOW,4414.34,4414.34,4414.34,4414.34,0.00,0.00,0.0,BULLISH,0.0,4414.34,4414.34,4414.34,4414.34,9,ACTIVE_9s,1.0,0.0,0.0,0.0,0.0,0.0,0.0,PASS_<20%,0.00,0.0,NO,STANDBY_VEL_LOW,0,0.00,4590.00,78.36,FALSE,M1_DIRECTION_MISMATCH|OPENING_SHIELD_ACTIVE_9s
2026-09-07 15:48:10.449,1788796090.449,9047,21,380,4414.34,4414.42,8.0,PASS_<=10c,+0.0,FLAT,+0.0,+0.0,4.2,+0.00,0.00,SLOW,4414.34,4414.34,4414.34,4414.34,0.00,0.00,0.0,BULLISH,0.0,4414.34,4414.34,4414.34,4414.34,10,ACTIVE_10s,1.0,0.0,0.0,0.0,0.0,0.0,0.0,PASS_<20%,0.00,0.0,NO,STANDBY_VEL_LOW,0,0.00,4590.00,78.36,FALSE,M1_DIRECTION_MISMATCH|OPENING_SHIELD_ACTIVE_10s
2026-09-07 15:48:10.950,1788796090.950,9048,22,381,4414.34,4414.42,8.0,PASS_<=10c,+0.0,FLAT,+0.0,+0.0,4.2,+0.00,0.00,SLOW,4414.34,4414.34,4414.34,4414.34,0.00,0.00,0.0,BULLISH,0.0,4414.34,4414.34,4414.34,4414.34,10,ACTIVE_10s,1.0,0.0,0.0,0.0,0.0,0.0,0.0,PASS_<20%,0.00,0.0,NO,STANDBY_VEL_LOW,0,0.00,4590.00,78.36,FALSE,M1_DIRECTION_MISMATCH|OPENING_SHIELD_ACTIVE_10s
2026-09-07 15:48:11.451,1788796091.452,9049,23,382,4414.34,4414.42,8.0,PASS_<=10c,+0.0,FLAT,+0.0,+0.0,4.2,+0.00,0.00,SLOW,4414.34,4414.34,4414.34,4414.34,0.00,0.00,0.0,BULLISH,0.0,4414.34,4414.34,4414.34,4414.34,11,ACTIVE_11s,1.0,0.0,0.0,0.0,0.0,0.0,0.0,PASS_<20%,0.00,0.0,NO,STANDBY_VEL_LOW,0,0.00,4590.00,78.36,FALSE,M1_DIRECTION_MISMATCH|OPENING_SHIELD_ACTIVE_11s
2026-09-07 15:48:11.952,1788796091.953,9050,24,383,4414.34,4414.42,8.0,PASS_<=10c,+0.0,FLAT,+0.0,+0.0,4.2,+0.00,0.00,SLOW,4414.34,4414.34,4414.34,4414.34,0.00,0.00,0.0,BULLISH,0.0,4414.34,4414.34,4414.34,4414.34,11,ACTIVE_11s,1.0,0.0,0.0,0.0,0.0,0.0,0.0,PASS_<20%,0.00,0.0,NO,STANDBY_VEL_LOW,0,0.00,4590.00,78.36,FALSE,M1_DIRECTION_MISMATCH|OPENING_SHIELD_ACTIVE_11s
2026-09-07 15:48:12.455,1788796092.456,9051,25,384,4414.34,4414.42,8.0,PASS_<=10c,+0.0,FLAT,+0.0,+0.0,4.2,+0.00,0.00,SLOW,4414.34,4414.34,4414.34,4414.34,0.00,0.00,0.0,BULLISH,0.0,4414.34,4414.34,4414.34,4414.34,12,ACTIVE_12s,1.0,0.0,0.0,0.0,0.0,0.0,0.0,PASS_<20%,0.00,0.0,NO,STANDBY_VEL_LOW,0,0.00,4590.00,78.36,FALSE,M1_DIRECTION_MISMATCH|OPENING_SHIELD_ACTIVE_12s
2026-09-07 15:48:12.957,1788796092.957,9052,26,385,4414.34,4414.42,8.0,PASS_<=10c,+0.0,FLAT,+0.0,+0.0,4.2,+0.00,0.00,SLOW,4414.34,4414.34,4414.34,4414.34,0.00,0.00,0.0,BULLISH,0.0,4414.34,4414.34,4414.34,4414.34,12,ACTIVE_12s,1.0,0.0,0.0,0.0,0.0,0.0,0.0,PASS_<20%,0.00,0.0,NO,STANDBY_VEL_LOW,0,0.00,4590.00,78.36,FALSE,M1_DIRECTION_MISMATCH|OPENING_SHIELD_ACTIVE_12s
2026-09-07 15:48:13.459,1788796093.459,9053,27,386,4414.34,4414.42,8.0,PASS_<=10c,+0.0,FLAT,+0.0,+0.0,4.2,+0.00,0.00,SLOW,4414.34,4414.34,4414.34,4414.34,0.00,0.00,0.0,BULLISH,0.0,4414.34,4414.34,4414.34,4414.34,13,ACTIVE_13s,1.0,0.0,0.0,0.0,0.0,0.0,0.0,PASS_<20%,0.00,0.0,NO,STANDBY_VEL_LOW,0,0.00,4590.00,78.36,FALSE,M1_DIRECTION_MISMATCH|OPENING_SHIELD_ACTIVE_13s
2026-09-07 15:48:13.960,1788796093.960,9054,28,387,4414.34,4414.42,8.0,PASS_<=10c,+0.0,FLAT,+0.0,+0.0,4.2,+0.00,0.00,SLOW,4414.34,4414.34,4414.34,4414.34,0.00,0.00,0.0,BULLISH,0.0,4414.34,4414.34,4414.34,4414.34,13,ACTIVE_13s,1.0,0.0,0.0,0.0,0.0,0.0,0.0,PASS_<20%,0.00,0.0,NO,STANDBY_VEL_LOW,0,0.00,4590.00,78.36,FALSE,M1_DIRECTION_MISMATCH|OPENING_SHIELD_ACTIVE_13s
2026-09-07 15:48:14.462,1788796094.463,9055,29,388,4414.34,4414.42,8.0,PASS_<=10c,+0.0,FLAT,+0.0,+0.0,4.2,+0.00,0.00,SLOW,4414.34,4414.34,4414.34,4414.34,0.00,0.00,0.0,BULLISH,0.0,4414.34,4414.34,4414.34,4414.34,14,ACTIVE_14s,1.0,0.0,0.0,0.0,0.0,0.0,0.0,PASS_<20%,0.00,0.0,NO,STANDBY_VEL_LOW,0,0.00,4590.00,78.36,FALSE,M1_DIRECTION_MISMATCH|OPENING_SHIELD_ACTIVE_14s
2026-09-07 15:48:14.963,1788796094.964,9056,30,389,4414.34,4414.42,8.0,PASS_<=10c,+0.0,FLAT,+0.0,+0.0,4.2,+0.00,0.00,SLOW,4414.34,4414.34,4414.34,4414.34,0.00,0.00,0.0,BULLISH,0.0,4414.34,4414.34,4414.34,4414.34,14,ACTIVE_14s,1.0,0.0,0.0,0.0,0.0,0.0,0.0,PASS_<20%,0.00,0.0,NO,STANDBY_VEL_LOW,0,0.00,4590.00,78.36,FALSE,M1_DIRECTION_MISMATCH|OPENING_SHIELD_ACTIVE_14s
2026-09-07 15:48:15.466,1788796095.466,9057,31,390,4414.34,4414.42,8.0,PASS_<=10c,+0.0,FLAT,+0.0,+0.0,4.2,+0.00,0.00,SLOW,4414.34,4414.34,4414.34,4414.34,0.00,0.00,0.0,BULLISH,0.0,4414.34,4414.34,4414.34,4414.34,15,ACTIVE_15s,1.0,0.0,0.0,0.0,0.0,0.0,0.0,PASS_<20%,0.00,0.0,NO,STANDBY_VEL_LOW,0,0.00,4590.00,78.36,FALSE,M1_DIRECTION_MISMATCH|OPENING_SHIELD_ACTIVE_15s
2026-09-07 15:48:15.966,1788796095.967,9058,32,391,4414.34,4414.42,8.0,PASS_<=10c,+0.0,FLAT,+0.0,+0.0,4.2,+0.00,0.00,SLOW,4414.34,4414.34,4414.34,4414.34,0.00,0.00,0.0,BULLISH,0.0,4414.34,4414.34,4414.34,4414.34,15,ACTIVE_15s,1.0,0.0,0.0,0.0,0.0,0.0,0.0,PASS_<20%,0.00,0.0,NO,STANDBY_VEL_LOW,0,0.00,4590.00,78.36,FALSE,M1_DIRECTION_MISMATCH|OPENING_SHIELD_ACTIVE_15s
2026-09-07 15:48:16.469,1788796096.469,9059,33,392,4414.34,4414.42,8.0,PASS_<=10c,+0.0,FLAT,+0.0,+0.0,4.2,+0.00,0.00,SLOW,4414.34,4414.34,4414.34,4414.34,0.00,0.00,0.0,BULLISH,0.0,4414.34,4414.34,4414.34,4414.34,16,ACTIVE_16s,1.0,0.0,0.0,0.0,0.0,0.0,0.0,PASS_<20%,0.00,0.0,NO,STANDBY_VEL_LOW,0,0.00,4590.00,78.36,FALSE,M1_DIRECTION_MISMATCH|OPENING_SHIELD_ACTIVE_16s
2026-09-07 15:48:16.969,1788796096.970,9060,34,393,4414.34,4414.42,8.0,PASS_<=10c,+0.0,FLAT,+0.0,+0.0,4.2,+0.00,0.00,SLOW,4414.34,4414.34,4414.34,4414.34,0.00,0.00,0.0,BULLISH,0.0,4414.34,4414.34,4414.34,4414.34,16,ACTIVE_16s,1.0,0.0,0.0,0.0,0.0,0.0,0.0,PASS_<20%,0.00,0.0,NO,STANDBY_VEL_LOW,0,0.00,4590.00,78.36,FALSE,M1_DIRECTION_MISMATCH|OPENING_SHIELD_ACTIVE_16s
2026-09-07 15:48:17.472,1788796097.472,9061,35,394,4414.34,4414.42,8.0,PASS_<=10c,+0.0,FLAT,+0.0,+0.0,4.2,+0.00,0.00,SLOW,4414.34,4414.34,4414.34,4414.34,0.00,0.00,0.0,BULLISH,0.0,4414.34,4414.34,4414.34,4414.34,17,ACTIVE_17s,1.0,0.0,0.0,0.0,0.0,0.0,0.0,PASS_<20%,0.00,0.0,NO,STANDBY_VEL_LOW,0,0.00,4590.00,78.36,FALSE,M1_DIRECTION_MISMATCH|OPENING_SHIELD_ACTIVE_17s
2026-09-07 15:48:17.974,1788796097.974,9062,36,395,4414.34,4414.42,8.0,PASS_<=10c,+0.0,FLAT,+0.0,+0.0,4.2,+0.00,0.00,SLOW,4414.34,4414.34,4414.34,4414.34,0.00,0.00,0.0,BULLISH,0.0,4414.34,4414.34,4414.34,4414.34,17,ACTIVE_17s,1.0,0.0,0.0,0.0,0.0,0.0,0.0,PASS_<20%,0.00,0.0,NO,STANDBY_VEL_LOW,0,0.00,4590.00,78.36,FALSE,M1_DIRECTION_MISMATCH|OPENING_SHIELD_ACTIVE_17s
2026-09-07 15:48:18.476,1788796098.476,9063,37,396,4414.34,4414.42,8.0,PASS_<=10c,+0.0,FLAT,+0.0,+0.0,4.2,+0.00,0.00,SLOW,4414.34,4414.34,4414.34,4414.34,0.00,0.00,0.0,BULLISH,0.0,4414.34,4414.34,4414.34,4414.34,18,ACTIVE_18s,1.0,0.0,0.0,0.0,0.0,0.0,0.0,PASS_<20%,0.00,0.0,NO,STANDBY_VEL_LOW,0,0.00,4590.00,78.36,FALSE,M1_DIRECTION_MISMATCH|OPENING_SHIELD_ACTIVE_18s
2026-09-07 15:48:18.978,1788796098.978,9064,38,397,4414.34,4414.42,8.0,PASS_<=10c,+0.0,FLAT,+0.0,+0.0,4.2,+0.00,0.00,SLOW,4414.34,4414.34,4414.34,4414.34,0.00,0.00,0.0,BULLISH,0.0,4414.34,4414.34,4414.34,4414.34,18,ACTIVE_18s,1.0,0.0,0.0,0.0,0.0,0.0,0.0,PASS_<20%,0.00,0.0,NO,STANDBY_VEL_LOW,0,0.00,4590.00,78.36,FALSE,M1_DIRECTION_MISMATCH|OPENING_SHIELD_ACTIVE_18s
2026-09-07 15:48:19.480,1788796099.481,9065,39,398,4414.34,4414.42,8.0,PASS_<=10c,+0.0,FLAT,+0.0,+0.0,4.2,+0.00,0.00,SLOW,4414.34,4414.34,4414.34,4414.34,0.00,0.00,0.0,BULLISH,0.0,4414.34,4414.34,4414.34,4414.34,19,ACTIVE_19s,1.0,0.0,0.0,0.0,0.0,0.0,0.0,PASS_<20%,0.00,0.0,NO,STANDBY_VEL_LOW,0,0.00,4590.00,78.36,FALSE,M1_DIRECTION_MISMATCH|OPENING_SHIELD_ACTIVE_19s
2026-09-07 15:48:19.982,1788796099.982,9066,40,399,4414.34,4414.42,8.0,PASS_<=10c,+0.0,FLAT,+0.0,+0.0,4.2,+0.00,0.00,SLOW,4414.34,4414.34,4414.34,4414.34,0.00,0.00,0.0,BULLISH,0.0,4414.34,4414.34,4414.34,4414.34,19,ACTIVE_19s,1.0,0.0,0.0,0.0,0.0,0.0,0.0,PASS_<20%,0.00,0.0,NO,STANDBY_VEL_LOW,0,0.00,4590.00,78.36,FALSE,M1_DIRECTION_MISMATCH|OPENING_SHIELD_ACTIVE_19s
2026-09-07 15:48:20.482,1788796100.482,9067,41,400,4414.34,4414.42,8.0,PASS_<=10c,+0.0,FLAT,+0.0,+0.0,4.2,+0.00,0.00,SLOW,4414.34,4414.34,4414.34,4414.34,0.00,0.00,0.0,BULLISH,0.0,4414.34,4414.34,4414.34,4414.34,20,CLEARED_>=20s,1.0,0.0,0.0,0.0,0.0,0.0,0.0,PASS_<20%,0.00,0.0,NO,STANDBY_VEL_LOW,0,0.00,4590.00,78.36,FALSE,M1_DIRECTION_MISMATCH
2026-09-07 15:48:20.984,1788796100.984,9068,42,401,4414.34,4414.42,8.0,PASS_<=10c,+0.0,FLAT,+0.0,+0.0,4.2,+0.00,0.00,SLOW,4414.34,4414.34,4414.34,4414.34,0.00,0.00,0.0,BULLISH,0.0,4414.34,4414.34,4414.34,4414.34,20,CLEARED_>=20s,1.0,0.0,0.0,0.0,0.0,0.0,0.0,PASS_<20%,0.00,0.0,NO,STANDBY_VEL_LOW,0,0.00,4590.00,78.36,FALSE,M1_DIRECTION_MISMATCH
2026-09-07 15:48:21.496,1788796101.496,9069,43,402,4414.34,4414.42,8.0,PASS_<=10c,+0.0,FLAT,+0.0,+0.0,4.2,+0.00,0.00,SLOW,4414.34,4414.34,4414.34,4414.34,0.00,0.00,0.0,BULLISH,0.0,4414.34,4414.34,4414.34,4414.34,21,CLEARED_>=20s,1.0,0.0,0.0,0.0,0.0,0.0,0.0,PASS_<20%,0.00,0.0,NO,STANDBY_VEL_LOW,0,0.00,4590.00,78.36,FALSE,M1_DIRECTION_MISMATCH
2026-09-07 15:48:21.996,1788796101.996,9070,44,403,4414.34,4414.42,8.0,PASS_<=10c,+0.0,FLAT,+0.0,+0.0,4.2,+0.00,0.00,SLOW,4414.34,4414.34,4414.34,4414.34,0.00,0.00,0.0,BULLISH,0.0,4414.34,4414.34,4414.34,4414.34,21,CLEARED_>=20s,1.0,0.0,0.0,0.0,0.0,0.0,0.0,PASS_<20%,0.00,0.0,NO,STANDBY_VEL_LOW,0,0.00,4590.00,78.36,FALSE,M1_DIRECTION_MISMATCH
2026-09-07 15:48:22.498,1788796102.498,9071,45,404,4414.34,4414.42,8.0,PASS_<=10c,+0.0,FLAT,+0.0,+0.0,4.2,+0.00,0.00,SLOW,4414.34,4414.34,4414.34,4414.34,0.00,0.00,0.0,BULLISH,0.0,4414.34,4414.34,4414.34,4414.34,22,CLEARED_>=20s,1.0,0.0,0.0,0.0,0.0,0.0,0.0,PASS_<20%,0.00,0.0,NO,STANDBY_VEL_LOW,0,0.00,4590.00,78.36,FALSE,M1_DIRECTION_MISMATCH
2026-09-07 15:48:22.999,1788796102.999,9072,46,405,4414.34,4414.42,8.0,PASS_<=10c,+0.0,FLAT,+0.0,+0.0,4.2,+0.00,0.00,SLOW,4414.34,4414.34,4414.34,4414.34,0.00,0.00,0.0,BULLISH,0.0,4414.34,4414.34,4414.34,4414.34,22,CLEARED_>=20s,1.0,0.0,0.0,0.0,0.0,0.0,0.0,PASS_<20%,0.00,0.0,NO,STANDBY_VEL_LOW,0,0.00,4590.00,78.36,FALSE,M1_DIRECTION_MISMATCH
2026-09-07 15:48:23.500,1788796103.501,9073,47,406,4414.34,4414.42,8.0,PASS_<=10c,+0.0,FLAT,+0.0,+0.0,4.2,+0.00,0.00,SLOW,4414.34,4414.34,4414.34,4414.34,0.00,0.00,0.0,BULLISH,0.0,4414.34,4414.34,4414.34,4414.34,23,CLEARED_>=20s,1.0,0.0,0.0,0.0,0.0,0.0,0.0,PASS_<20%,0.00,0.0,NO,STANDBY_VEL_LOW,0,0.00,4590.00,78.36,FALSE,M1_DIRECTION_MISMATCH
2026-09-07 15:48:24.002,1788796104.003,9074,48,407,4414.34,4414.42,8.0,PASS_<=10c,+0.0,FLAT,+0.0,+0.0,4.2,+0.00,0.00,SLOW,4414.34,4414.34,4414.34,4414.34,0.00,0.00,0.0,BULLISH,0.0,4414.34,4414.34,4414.34,4414.34,24,CLEARED_>=20s,1.0,0.0,0.0,0.0,0.0,0.0,0.0,PASS_<20%,0.00,0.0,NO,STANDBY_VEL_LOW,0,0.00,4590.00,78.36,FALSE,M1_DIRECTION_MISMATCH
2026-09-07 15:48:24.504,1788796104.505,9075,49,408,4414.34,4414.42,8.0,PASS_<=10c,+0.0,FLAT,+0.0,+0.0,4.2,+0.00,0.00,SLOW,4414.34,4414.34,4414.34,4414.34,0.00,0.00,0.0,BULLISH,0.0,4414.34,4414.34,4414.34,4414.34,24,CLEARED_>=20s,1.0,0.0,0.0,0.0,0.0,0.0,0.0,PASS_<20%,0.00,0.0,NO,STANDBY_VEL_LOW,0,0.00,4590.00,78.36,FALSE,M1_DIRECTION_MISMATCH
2026-09-07 15:48:25.005,1788796105.006,9076,50,409,4414.34,4414.42,8.0,PASS_<=10c,+0.0,FLAT,+0.0,+0.0,4.2,+0.00,0.00,SLOW,4414.34,4414.34,4414.34,4414.34,0.00,0.00,0.0,BULLISH,0.0,4414.34,4414.34,4414.34,4414.34,25,CLEARED_>=20s,1.0,0.0,0.0,0.0,0.0,0.0,0.0,PASS_<20%,0.00,0.0,NO,STANDBY_VEL_LOW,0,0.00,4590.00,78.36,FALSE,M1_DIRECTION_MISMATCH
2026-09-07 15:48:25.508,1788796105.508,9077,51,410,4414.34,4414.42,8.0,PASS_<=10c,+0.0,FLAT,+0.0,+0.0,4.2,+0.00,0.00,SLOW,4414.34,4414.34,4414.34,4414.34,0.00,0.00,0.0,BULLISH,0.0,4414.34,4414.34,4414.34,4414.34,25,CLEARED_>=20s,1.0,0.0,0.0,0.0,0.0,0.0,0.0,PASS_<20%,0.00,0.0,NO,STANDBY_VEL_LOW,0,0.00,4590.00,78.36,FALSE,M1_DIRECTION_MISMATCH
2026-09-07 15:48:26.008,1788796106.009,9078,52,411,4414.34,4414.42,8.0,PASS_<=10c,+0.0,FLAT,+0.0,+0.0,4.2,+0.00,0.00,SLOW,4414.34,4414.34,4414.34,4414.34,0.00,0.00,0.0,BULLISH,0.0,4414.34,4414.34,4414.34,4414.34,26,CLEARED_>=20s,1.0,0.0,0.0,0.0,0.0,0.0,0.0,PASS_<20%,0.00,0.0,NO,STANDBY_VEL_LOW,0,0.00,4590.00,78.36,FALSE,M1_DIRECTION_MISMATCH
2026-09-07 15:48:26.510,1788796106.510,9079,53,412,4414.34,4414.42,8.0,PASS_<=10c,+0.0,FLAT,+0.0,+0.0,4.2,+0.00,0.00,SLOW,4414.34,4414.34,4414.34,4414.34,0.00,0.00,0.0,BULLISH,0.0,4414.34,4414.34,4414.34,4414.34,26,CLEARED_>=20s,1.0,0.0,0.0,0.0,0.0,0.0,0.0,PASS_<20%,0.00,0.0,NO,STANDBY_VEL_LOW,0,0.00,4590.00,78.36,FALSE,M1_DIRECTION_MISMATCH
2026-09-07 15:48:27.012,1788796107.012,9080,54,413,4414.34,4414.42,8.0,PASS_<=10c,+0.0,FLAT,+0.0,+0.0,4.2,+0.00,0.00,SLOW,4414.34,4414.34,4414.34,4414.34,0.00,0.00,0.0,BULLISH,0.0,4414.34,4414.34,4414.34,4414.34,27,CLEARED_>=20s,1.0,0.0,0.0,0.0,0.0,0.0,0.0,PASS_<20%,0.00,0.0,NO,STANDBY_VEL_LOW,0,0.00,4590.00,78.36,FALSE,M1_DIRECTION_MISMATCH
2026-09-07 15:48:27.515,1788796107.515,9081,55,414,4414.34,4414.42,8.0,PASS_<=10c,+0.0,FLAT,+0.0,+0.0,4.2,+0.00,0.00,SLOW,4414.34,4414.34,4414.34,4414.34,0.00,0.00,0.0,BULLISH,0.0,4414.34,4414.34,4414.34,4414.34,27,CLEARED_>=20s,1.0,0.0,0.0,0.0,0.0,0.0,0.0,PASS_<20%,0.00,0.0,NO,STANDBY_VEL_LOW,0,0.00,4590.00,78.36,FALSE,M1_DIRECTION_MISMATCH
2026-09-07 15:48:28.016,1788796108.016,9082,56,415,4414.34,4414.42,8.0,PASS_<=10c,+0.0,FLAT,+0.0,+0.0,4.2,+0.00,0.00,SLOW,4414.34,4414.34,4414.34,4414.34,0.00,0.00,0.0,BULLISH,0.0,4414.34,4414.34,4414.34,4414.34,28,CLEARED_>=20s,1.0,0.0,0.0,0.0,0.0,0.0,0.0,PASS_<20%,0.00,0.0,NO,STANDBY_VEL_LOW,0,0.00,4590.00,78.36,FALSE,M1_DIRECTION_MISMATCH
2026-09-07 15:48:28.518,1788796108.518,9083,57,416,4414.34,4414.42,8.0,PASS_<=10c,+0.0,FLAT,+0.0,+0.0,4.2,+0.00,0.00,SLOW,4414.34,4414.34,4414.34,4414.34,0.00,0.00,0.0,BULLISH,0.0,4414.34,4414.34,4414.34,4414.34,28,CLEARED_>=20s,1.0,0.0,0.0,0.0,0.0,0.0,0.0,PASS_<20%,0.00,0.0,NO,STANDBY_VEL_LOW,0,0.00,4590.00,78.36,FALSE,M1_DIRECTION_MISMATCH
2026-09-07 15:48:29.019,1788796109.020,9084,58,417,4414.34,4414.42,8.0,PASS_<=10c,+0.0,FLAT,+0.0,+0.0,4.2,+0.00,0.00,SLOW,4414.34,4414.34,4414.34,4414.34,0.00,0.00,0.0,BULLISH,0.0,4414.34,4414.34,4414.34,4414.34,29,CLEARED_>=20s,1.0,0.0,0.0,0.0,0.0,0.0,0.0,PASS_<20%,0.00,0.0,NO,STANDBY_VEL_LOW,0,0.00,4590.00,78.36,FALSE,M1_DIRECTION_MISMATCH
2026-09-07 15:48:29.539,1788796109.539,9085,59,418,4414.34,4414.42,8.0,PASS_<=10c,+0.0,FLAT,+0.0,+0.0,4.2,+0.00,0.00,SLOW,4414.34,4414.34,4414.34,4414.34,0.00,0.00,0.0,BULLISH,0.0,4414.34,4414.34,4414.34,4414.34,29,CLEARED_>=20s,1.0,0.0,0.0,0.0,0.0,0.0,0.0,PASS_<20%,0.00,0.0,NO,STANDBY_VEL_LOW,0,0.00,4590.00,78.36,FALSE,M1_DIRECTION_MISMATCH
2026-09-07 15:48:30.038,1788796110.038,9086,60,419,4414.34,4414.42,8.0,PASS_<=10c,+0.0,FLAT,+0.0,+0.0,4.2,+0.00,0.00,SLOW,4414.34,4414.34,4414.34,4414.34,0.00,0.00,0.0,BULLISH,0.0,4414.34,4414.34,4414.34,4414.34,30,CLEARED_>=20s,1.0,0.0,0.0,0.0,0.0,0.0,0.0,PASS_<20%,0.00,0.0,NO,STANDBY_VEL_LOW,0,0.00,4590.00,78.36,FALSE,M1_DIRECTION_MISMATCH
2026-09-07 15:48:30.539,1788796110.540,9087,61,420,4414.34,4414.42,8.0,PASS_<=10c,+0.0,FLAT,+0.0,+0.0,4.2,+0.00,0.00,SLOW,4414.34,4414.34,4414.34,4414.34,0.00,0.00,0.0,BULLISH,0.0,4414.34,4414.34,4414.34,4414.34,30,CLEARED_>=20s,1.0,0.0,0.0,0.0,0.0,0.0,0.0,PASS_<20%,0.00,0.0,NO,STANDBY_VEL_LOW,0,0.00,4590.00,78.36,FALSE,M1_DIRECTION_MISMATCH
2026-09-07 15:48:31.041,1788796111.042,9088,62,421,4414.34,4414.42,8.0,PASS_<=10c,+0.0,FLAT,+0.0,+0.0,4.2,+0.00,0.00,SLOW,4414.34,4414.34,4414.34,4414.34,0.00,0.00,0.0,BULLISH,0.0,4414.34,4414.34,4414.34,4414.34,31,CLEARED_>=20s,1.0,0.0,0.0,0.0,0.0,0.0,0.0,PASS_<20%,0.00,0.0,NO,STANDBY_VEL_LOW,0,0.00,4590.00,78.36,FALSE,M1_DIRECTION_MISMATCH
2026-09-07 15:48:31.543,1788796111.543,9089,63,422,4414.34,4414.42,8.0,PASS_<=10c,+0.0,FLAT,+0.0,+0.0,4.2,+0.00,0.00,SLOW,4414.34,4414.34,4414.34,4414.34,0.00,0.00,0.0,BULLISH,0.0,4414.34,4414.34,4414.34,4414.34,31,CLEARED_>=20s,1.0,0.0,0.0,0.0,0.0,0.0,0.0,PASS_<20%,0.00,0.0,NO,STANDBY_VEL_LOW,0,0.00,4590.00,78.36,FALSE,M1_DIRECTION_MISMATCH
2026-09-07 15:48:32.045,1788796112.045,9090,64,423,4414.34,4414.42,8.0,PASS_<=10c,+0.0,FLAT,+0.0,+0.0,4.2,+0.00,0.00,SLOW,4414.34,4414.34,4414.34,4414.34,0.00,0.00,0.0,BULLISH,0.0,4414.34,4414.34,4414.34,4414.34,32,CLEARED_>=20s,1.0,0.0,0.0,0.0,0.0,0.0,0.0,PASS_<20%,0.00,0.0,NO,STANDBY_VEL_LOW,0,0.00,4590.00,78.36,FALSE,M1_DIRECTION_MISMATCH
2026-09-07 15:48:32.546,1788796112.547,9091,65,424,4414.34,4414.42,8.0,PASS_<=10c,+0.0,FLAT,+0.0,+0.0,4.2,+0.00,0.00,SLOW,4414.34,4414.34,4414.34,4414.34,0.00,0.00,0.0,BULLISH,0.0,4414.34,4414.34,4414.34,4414.34,32,CLEARED_>=20s,1.0,0.0,0.0,0.0,0.0,0.0,0.0,PASS_<20%,0.00,0.0,NO,STANDBY_VEL_LOW,0,0.00,4590.00,78.36,FALSE,M1_DIRECTION_MISMATCH
2026-09-07 15:48:33.048,1788796113.048,9092,66,425,4414.34,4414.42,8.0,PASS_<=10c,+0.0,FLAT,+0.0,+0.0,4.2,+0.00,0.00,SLOW,4414.34,4414.34,4414.34,4414.34,0.00,0.00,0.0,BULLISH,0.0,4414.34,4414.34,4414.34,4414.34,33,CLEARED_>=20s,1.0,0.0,0.0,0.0,0.0,0.0,0.0,PASS_<20%,0.00,0.0,NO,STANDBY_VEL_LOW,0,0.00,4590.00,78.36,FALSE,M1_DIRECTION_MISMATCH
2026-09-07 15:48:33.549,1788796113.549,9093,67,426,4414.34,4414.42,8.0,PASS_<=10c,+0.0,FLAT,+0.0,+0.0,4.2,+0.00,0.00,SLOW,4414.34,4414.34,4414.34,4414.34,0.00,0.00,0.0,BULLISH,0.0,4414.34,4414.34,4414.34,4414.34,33,CLEARED_>=20s,1.0,0.0,0.0,0.0,0.0,0.0,0.0,PASS_<20%,0.00,0.0,NO,STANDBY_VEL_LOW,0,0.00,4590.00,78.36,FALSE,M1_DIRECTION_MISMATCH
2026-09-07 15:48:34.063,1788796114.064,9094,68,427,4414.34,4414.42,8.0,PASS_<=10c,+0.0,FLAT,+0.0,+0.0,4.2,+0.00,0.00,SLOW,4414.34,4414.34,4414.34,4414.34,0.00,0.00,0.0,BULLISH,0.0,4414.34,4414.34,4414.34,4414.34,34,CLEARED_>=20s,1.0,0.0,0.0,0.0,0.0,0.0,0.0,PASS_<20%,0.00,0.0,NO,STANDBY_VEL_LOW,0,0.00,4590.00,78.36,FALSE,M1_DIRECTION_MISMATCH
2026-09-07 15:48:34.565,1788796114.566,9095,69,428,4414.34,4414.42,8.0,PASS_<=10c,+0.0,FLAT,+0.0,+0.0,4.2,+0.00,0.00,SLOW,4414.34,4414.34,4414.34,4414.34,0.00,0.00,0.0,BULLISH,0.0,4414.34,4414.34,4414.34,4414.34,34,CLEARED_>=20s,1.0,0.0,0.0,0.0,0.0,0.0,0.0,PASS_<20%,0.00,0.0,NO,STANDBY_VEL_LOW,0,0.00,4590.00,78.36,FALSE,M1_DIRECTION_MISMATCH
2026-09-07 15:48:35.067,1788796115.067,9096,70,429,4414.34,4414.42,8.0,PASS_<=10c,+0.0,FLAT,+0.0,+0.0,4.2,+0.00,0.00,SLOW,4414.34,4414.34,4414.34,4414.34,0.00,0.00,0.0,BULLISH,0.0,4414.34,4414.34,4414.34,4414.34,35,CLEARED_>=20s,1.0,0.0,0.0,0.0,0.0,0.0,0.0,PASS_<20%,0.00,0.0,NO,STANDBY_VEL_LOW,0,0.00,4590.00,78.36,FALSE,M1_DIRECTION_MISMATCH
2026-09-07 15:48:35.569,1788796115.569,9097,71,430,4414.34,4414.42,8.0,PASS_<=10c,+0.0,FLAT,+0.0,+0.0,4.2,+0.00,0.00,SLOW,4414.34,4414.34,4414.34,4414.34,0.00,0.00,0.0,BULLISH,0.0,4414.34,4414.34,4414.34,4414.34,35,CLEARED_>=20s,1.0,0.0,0.0,0.0,0.0,0.0,0.0,PASS_<20%,0.00,0.0,NO,STANDBY_VEL_LOW,0,0.00,4590.00,78.36,FALSE,M1_DIRECTION_MISMATCH
2026-09-07 15:48:36.071,1788796116.071,9098,72,431,4414.34,4414.42,8.0,PASS_<=10c,+0.0,FLAT,+0.0,+0.0,4.2,+0.00,0.00,SLOW,4414.34,4414.34,4414.34,4414.34,0.00,0.00,0.0,BULLISH,0.0,4414.34,4414.34,4414.34,4414.34,36,CLEARED_>=20s,1.0,0.0,0.0,0.0,0.0,0.0,0.0,PASS_<20%,0.00,0.0,NO,STANDBY_VEL_LOW,0,0.00,4590.00,78.36,FALSE,M1_DIRECTION_MISMATCH
2026-09-07 15:48:36.572,1788796116.572,9099,73,432,4414.34,4414.42,8.0,PASS_<=10c,+0.0,FLAT,+0.0,+0.0,4.2,+0.00,0.00,SLOW,4414.34,4414.34,4414.34,4414.34,0.00,0.00,0.0,BULLISH,0.0,4414.34,4414.34,4414.34,4414.34,36,CLEARED_>=20s,1.0,0.0,0.0,0.0,0.0,0.0,0.0,PASS_<20%,0.00,0.0,NO,STANDBY_VEL_LOW,0,0.00,4590.00,78.36,FALSE,M1_DIRECTION_MISMATCH
2026-09-07 15:48:37.074,1788796117.074,9100,74,433,4414.34,4414.42,8.0,PASS_<=10c,+0.0,FLAT,+0.0,+0.0,4.2,+0.00,0.00,SLOW,4414.34,4414.34,4414.34,4414.34,0.00,0.00,0.0,BULLISH,0.0,4414.34,4414.34,4414.34,4414.34,37,CLEARED_>=20s,1.0,0.0,0.0,0.0,0.0,0.0,0.0,PASS_<20%,0.00,0.0,NO,STANDBY_VEL_LOW,0,0.00,4590.00,78.36,FALSE,M1_DIRECTION_MISMATCH
2026-09-07 15:48:37.575,1788796117.576,9101,75,434,4414.34,4414.42,8.0,PASS_<=10c,+0.0,FLAT,+0.0,+0.0,4.2,+0.00,0.00,SLOW,4414.34,4414.34,4414.34,4414.34,0.00,0.00,0.0,BULLISH,0.0,4414.34,4414.34,4414.34,4414.34,37,CLEARED_>=20s,1.0,0.0,0.0,0.0,0.0,0.0,0.0,PASS_<20%,0.00,0.0,NO,STANDBY_VEL_LOW,0,0.00,4590.00,78.36,FALSE,M1_DIRECTION_MISMATCH
2026-09-07 15:48:38.087,1788796118.088,9102,76,435,4414.34,4414.42,8.0,PASS_<=10c,+0.0,FLAT,+0.0,+0.0,4.2,+0.00,0.00,SLOW,4414.34,4414.34,4414.34,4414.34,0.00,0.00,0.0,BULLISH,0.0,4414.34,4414.34,4414.34,4414.34,38,CLEARED_>=20s,1.0,0.0,0.0,0.0,0.0,0.0,0.0,PASS_<20%,0.00,0.0,NO,STANDBY_VEL_LOW,0,0.00,4590.00,78.36,FALSE,M1_DIRECTION_MISMATCH
2026-09-07 15:48:38.578,1788796118.578,9103,77,436,4414.34,4414.42,8.0,PASS_<=10c,+0.0,FLAT,+0.0,+0.0,4.2,+0.00,0.00,SLOW,4414.34,4414.34,4414.34,4414.34,0.00,0.00,0.0,BULLISH,0.0,4414.34,4414.34,4414.34,4414.34,38,CLEARED_>=20s,1.0,0.0,0.0,0.0,0.0,0.0,0.0,PASS_<20%,0.00,0.0,NO,STANDBY_VEL_LOW,0,0.00,4590.00,78.36,FALSE,M1_DIRECTION_MISMATCH
2026-09-07 15:48:39.079,1788796119.079,9104,78,437,4414.34,4414.42,8.0,PASS_<=10c,+0.0,FLAT,+0.0,+0.0,4.2,+0.00,0.00,SLOW,4414.34,4414.34,4414.34,4414.34,0.00,0.00,0.0,BULLISH,0.0,4414.34,4414.34,4414.34,4414.34,39,CLEARED_>=20s,1.0,0.0,0.0,0.0,0.0,0.0,0.0,PASS_<20%,0.00,0.0,NO,STANDBY_VEL_LOW,0,0.00,4590.00,78.36,FALSE,M1_DIRECTION_MISMATCH
2026-09-07 15:48:39.580,1788796119.581,9105,79,438,4414.34,4414.42,8.0,PASS_<=10c,+0.0,FLAT,+0.0,+0.0,4.2,+0.00,0.00,SLOW,4414.34,4414.34,4414.34,4414.34,0.00,0.00,0.0,BULLISH,0.0,4414.34,4414.34,4414.34,4414.34,39,CLEARED_>=20s,1.0,0.0,0.0,0.0,0.0,0.0,0.0,PASS_<20%,0.00,0.0,NO,STANDBY_VEL_LOW,0,0.00,4590.00,78.36,FALSE,M1_DIRECTION_MISMATCH
2026-09-07 15:48:40.083,1788796120.084,9106,80,439,4414.34,4414.42,8.0,PASS_<=10c,+0.0,FLAT,+0.0,+0.0,4.2,+0.00,0.00,SLOW,4414.34,4414.34,4414.34,4414.34,0.00,0.00,0.0,BULLISH,0.0,4414.34,4414.34,4414.34,4414.34,40,CLEARED_>=20s,1.0,0.0,0.0,0.0,0.0,0.0,0.0,PASS_<20%,0.00,0.0,NO,STANDBY_VEL_LOW,0,0.00,4590.00,78.36,FALSE,M1_DIRECTION_MISMATCH
2026-09-07 15:48:40.584,1788796120.584,9107,81,440,4414.34,4414.42,8.0,PASS_<=10c,+0.0,FLAT,+0.0,+0.0,4.2,+0.00,0.00,SLOW,4414.34,4414.34,4414.34,4414.34,0.00,0.00,0.0,BULLISH,0.0,4414.34,4414.34,4414.34,4414.34,40,CLEARED_>=20s,1.0,0.0,0.0,0.0,0.0,0.0,0.0,PASS_<20%,0.00,0.0,NO,STANDBY_VEL_LOW,0,0.00,4590.00,78.36,FALSE,M1_DIRECTION_MISMATCH
2026-09-07 15:48:41.086,1788796121.086,9108,82,441,4414.34,4414.42,8.0,PASS_<=10c,+0.0,FLAT,+0.0,+0.0,4.2,+0.00,0.00,SLOW,4414.34,4414.34,4414.34,4414.34,0.00,0.00,0.0,BULLISH,0.0,4414.34,4414.34,4414.34,4414.34,41,CLEARED_>=20s,1.0,0.0,0.0,0.0,0.0,0.0,0.0,PASS_<20%,0.00,0.0,NO,STANDBY_VEL_LOW,0,0.00,4590.00,78.36,FALSE,M1_DIRECTION_MISMATCH
2026-09-07 15:48:41.588,1788796121.588,9109,83,442,4414.34,4414.42,8.0,PASS_<=10c,+0.0,FLAT,+0.0,+0.0,4.2,+0.00,0.00,SLOW,4414.34,4414.34,4414.34,4414.34,0.00,0.00,0.0,BULLISH,0.0,4414.34,4414.34,4414.34,4414.34,41,CLEARED_>=20s,1.0,0.0,0.0,0.0,0.0,0.0,0.0,PASS_<20%,0.00,0.0,NO,STANDBY_VEL_LOW,0,0.00,4590.00,78.36,FALSE,M1_DIRECTION_MISMATCH
2026-09-07 15:48:42.088,1788796122.088,9110,84,443,4414.34,4414.42,8.0,PASS_<=10c,+0.0,FLAT,+0.0,+0.0,4.2,+0.00,0.00,SLOW,4414.34,4414.34,4414.34,4414.34,0.00,0.00,0.0,BULLISH,0.0,4414.34,4414.34,4414.34,4414.34,42,CLEARED_>=20s,1.0,0.0,0.0,0.0,0.0,0.0,0.0,PASS_<20%,0.00,0.0,NO,STANDBY_VEL_LOW,0,0.00,4590.00,78.36,FALSE,M1_DIRECTION_MISMATCH
2026-09-07 15:48:42.589,1788796122.590,9111,85,444,4414.34,4414.42,8.0,PASS_<=10c,+0.0,FLAT,+0.0,+0.0,4.2,+0.00,0.00,SLOW,4414.34,4414.34,4414.34,4414.34,0.00,0.00,0.0,BULLISH,0.0,4414.34,4414.34,4414.34,4414.34,42,CLEARED_>=20s,1.0,0.0,0.0,0.0,0.0,0.0,0.0,PASS_<20%,0.00,0.0,NO,STANDBY_VEL_LOW,0,0.00,4590.00,78.36,FALSE,M1_DIRECTION_MISMATCH
2026-09-07 15:48:43.092,1788796123.092,9112,86,445,4414.34,4414.42,8.0,PASS_<=10c,+0.0,FLAT,+0.0,+0.0,4.2,+0.00,0.00,SLOW,4414.34,4414.34,4414.34,4414.34,0.00,0.00,0.0,BULLISH,0.0,4414.34,4414.34,4414.34,4414.34,43,CLEARED_>=20s,1.0,0.0,0.0,0.0,0.0,0.0,0.0,PASS_<20%,0.00,0.0,NO,STANDBY_VEL_LOW,0,0.00,4590.00,78.36,FALSE,M1_DIRECTION_MISMATCH
2026-09-07 15:48:43.593,1788796123.594,9113,87,446,4414.34,4414.42,8.0,PASS_<=10c,+0.0,FLAT,+0.0,+0.0,4.2,+0.00,0.00,SLOW,4414.34,4414.34,4414.34,4414.34,0.00,0.00,0.0,BULLISH,0.0,4414.34,4414.34,4414.34,4414.34,43,CLEARED_>=20s,1.0,0.0,0.0,0.0,0.0,0.0,0.0,PASS_<20%,0.00,0.0,NO,STANDBY_VEL_LOW,0,0.00,4590.00,78.36,FALSE,M1_DIRECTION_MISMATCH
2026-09-07 15:48:44.095,1788796124.095,9114,88,447,4414.34,4414.42,8.0,PASS_<=10c,+0.0,FLAT,+0.0,+0.0,4.2,+0.00,0.00,SLOW,4414.34,4414.34,4414.34,4414.34,0.00,0.00,0.0,BULLISH,0.0,4414.34,4414.34,4414.34,4414.34,44,CLEARED_>=20s,1.0,0.0,0.0,0.0,0.0,0.0,0.0,PASS_<20%,0.00,0.0,NO,STANDBY_VEL_LOW,0,0.00,4590.00,78.36,FALSE,M1_DIRECTION_MISMATCH
2026-09-07 15:48:44.596,1788796124.596,9115,89,448,4414.34,4414.42,8.0,PASS_<=10c,+0.0,FLAT,+0.0,+0.0,4.2,+0.00,0.00,SLOW,4414.34,4414.34,4414.34,4414.34,0.00,0.00,0.0,BULLISH,0.0,4414.34,4414.34,4414.34,4414.34,44,CLEARED_>=20s,1.0,0.0,0.0,0.0,0.0,0.0,0.0,PASS_<20%,0.00,0.0,NO,STANDBY_VEL_LOW,0,0.00,4590.00,78.36,FALSE,M1_DIRECTION_MISMATCH
2026-09-07 15:48:45.097,1788796125.098,9116,90,449,4414.34,4414.42,8.0,PASS_<=10c,+0.0,FLAT,+0.0,+0.0,4.2,+0.00,0.00,SLOW,4414.34,4414.34,4414.34,4414.34,0.00,0.00,0.0,BULLISH,0.0,4414.34,4414.34,4414.34,4414.34,45,CLEARED_>=20s,1.0,0.0,0.0,0.0,0.0,0.0,0.0,PASS_<20%,0.00,0.0,NO,STANDBY_VEL_LOW,0,0.00,4590.00,78.36,FALSE,M1_DIRECTION_MISMATCH
2026-09-07 15:48:45.599,1788796125.599,9117,91,450,4414.34,4414.42,8.0,PASS_<=10c,+0.0,FLAT,+0.0,+0.0,4.2,+0.00,0.00,SLOW,4414.34,4414.34,4414.34,4414.34,0.00,0.00,0.0,BULLISH,0.0,4414.34,4414.34,4414.34,4414.34,45,CLEARED_>=20s,1.0,0.0,0.0,0.0,0.0,0.0,0.0,PASS_<20%,0.00,0.0,NO,STANDBY_VEL_LOW,0,0.00,4590.00,78.36,FALSE,M1_DIRECTION_MISMATCH
2026-09-07 15:48:46.101,1788796126.101,9118,92,451,4414.34,4414.42,8.0,PASS_<=10c,+0.0,FLAT,+0.0,+0.0,4.2,+0.00,0.00,SLOW,4414.34,4414.34,4414.34,4414.34,0.00,0.00,0.0,BULLISH,0.0,4414.34,4414.34,4414.34,4414.34,46,CLEARED_>=20s,1.0,0.0,0.0,0.0,0.0,0.0,0.0,PASS_<20%,0.00,0.0,NO,STANDBY_VEL_LOW,0,0.00,4590.00,78.36,FALSE,M1_DIRECTION_MISMATCH
2026-09-07 15:48:46.601,1788796126.602,9119,93,452,4414.34,4414.42,8.0,PASS_<=10c,+0.0,FLAT,+0.0,+0.0,4.2,+0.00,0.00,SLOW,4414.34,4414.34,4414.34,4414.34,0.00,0.00,0.0,BULLISH,0.0,4414.34,4414.34,4414.34,4414.34,46,CLEARED_>=20s,1.0,0.0,0.0,0.0,0.0,0.0,0.0,PASS_<20%,0.00,0.0,NO,STANDBY_VEL_LOW,0,0.00,4590.00,78.36,FALSE,M1_DIRECTION_MISMATCH
2026-09-07 15:48:47.102,1788796127.103,9120,94,453,4414.34,4414.42,8.0,PASS_<=10c,+0.0,FLAT,+0.0,+0.0,4.2,+0.00,0.00,SLOW,4414.34,4414.34,4414.34,4414.34,0.00,0.00,0.0,BULLISH,0.0,4414.34,4414.34,4414.34,4414.34,47,CLEARED_>=20s,1.0,0.0,0.0,0.0,0.0,0.0,0.0,PASS_<20%,0.00,0.0,NO,STANDBY_VEL_LOW,0,0.00,4590.00,78.36,FALSE,M1_DIRECTION_MISMATCH
2026-09-07 15:48:47.605,1788796127.605,9121,95,454,4414.34,4414.42,8.0,PASS_<=10c,+0.0,FLAT,+0.0,+0.0,4.2,+0.00,0.00,SLOW,4414.34,4414.34,4414.34,4414.34,0.00,0.00,0.0,BULLISH,0.0,4414.34,4414.34,4414.34,4414.34,47,CLEARED_>=20s,1.0,0.0,0.0,0.0,0.0,0.0,0.0,PASS_<20%,0.00,0.0,NO,STANDBY_VEL_LOW,0,0.00,4590.00,78.36,FALSE,M1_DIRECTION_MISMATCH
2026-09-07 15:48:48.107,1788796128.107,9122,96,455,4414.34,4414.42,8.0,PASS_<=10c,+0.0,FLAT,+0.0,+0.0,4.2,+0.00,0.00,SLOW,4414.34,4414.34,4414.34,4414.34,0.00,0.00,0.0,BULLISH,0.0,4414.34,4414.34,4414.34,4414.34,48,CLEARED_>=20s,1.0,0.0,0.0,0.0,0.0,0.0,0.0,PASS_<20%,0.00,0.0,NO,STANDBY_VEL_LOW,0,0.00,4590.00,78.36,FALSE,M1_DIRECTION_MISMATCH
2026-09-07 15:48:48.607,1788796128.608,9123,97,456,4414.34,4414.42,8.0,PASS_<=10c,+0.0,FLAT,+0.0,+0.0,4.2,+0.00,0.00,SLOW,4414.34,4414.34,4414.34,4414.34,0.00,0.00,0.0,BULLISH,0.0,4414.34,4414.34,4414.34,4414.34,48,CLEARED_>=20s,1.0,0.0,0.0,0.0,0.0,0.0,0.0,PASS_<20%,0.00,0.0,NO,STANDBY_VEL_LOW,0,0.00,4590.00,78.36,FALSE,M1_DIRECTION_MISMATCH
2026-09-07 15:48:49.109,1788796129.110,9124,98,457,4414.34,4414.42,8.0,PASS_<=10c,+0.0,FLAT,+0.0,+0.0,4.2,+0.00,0.00,SLOW,4414.34,4414.34,4414.34,4414.34,0.00,0.00,0.0,BULLISH,0.0,4414.34,4414.34,4414.34,4414.34,49,CLEARED_>=20s,1.0,0.0,0.0,0.0,0.0,0.0,0.0,PASS_<20%,0.00,0.0,NO,STANDBY_VEL_LOW,0,0.00,4590.00,78.36,FALSE,M1_DIRECTION_MISMATCH
2026-09-07 15:48:49.610,1788796129.611,9125,99,458,4414.34,4414.42,8.0,PASS_<=10c,+0.0,FLAT,+0.0,+0.0,4.2,+0.00,0.00,SLOW,4414.34,4414.34,4414.34,4414.34,0.00,0.00,0.0,BULLISH,0.0,4414.34,4414.34,4414.34,4414.34,49,CLEARED_>=20s,1.0,0.0,0.0,0.0,0.0,0.0,0.0,PASS_<20%,0.00,0.0,NO,STANDBY_VEL_LOW,0,0.00,4590.00,78.36,FALSE,M1_DIRECTION_MISMATCH
2026-09-07 15:48:50.112,1788796130.113,9126,100,459,4414.34,4414.42,8.0,PASS_<=10c,+0.0,FLAT,+0.0,+0.0,4.2,+0.00,0.00,SLOW,4414.34,4414.34,4414.34,4414.34,0.00,0.00,0.0,BULLISH,0.0,4414.34,4414.34,4414.34,4414.34,50,CLEARED_>=20s,1.0,0.0,0.0,0.0,0.0,0.0,0.0,PASS_<20%,0.00,0.0,NO,STANDBY_VEL_LOW,0,0.00,4590.00,78.36,FALSE,M1_DIRECTION_MISMATCH
2026-09-07 15:48:50.614,1788796130.615,9127,101,460,4414.34,4414.42,8.0,PASS_<=10c,+0.0,FLAT,+0.0,+0.0,4.2,+0.00,0.00,SLOW,4414.34,4414.34,4414.34,4414.34,0.00,0.00,0.0,BULLISH,0.0,4414.34,4414.34,4414.34,4414.34,50,CLEARED_>=20s,1.0,0.0,0.0,0.0,0.0,0.0,0.0,PASS_<20%,0.00,0.0,NO,STANDBY_VEL_LOW,0,0.00,4590.00,78.36,FALSE,M1_DIRECTION_MISMATCH
2026-09-07 15:48:51.115,1788796131.116,9128,102,461,4414.34,4414.42,8.0,PASS_<=10c,+0.0,FLAT,+0.0,+0.0,4.2,+0.00,0.00,SLOW,4414.34,4414.34,4414.34,4414.34,0.00,0.00,0.0,BULLISH,0.0,4414.34,4414.34,4414.34,4414.34,51,CLEARED_>=20s,1.0,0.0,0.0,0.0,0.0,0.0,0.0,PASS_<20%,0.00,0.0,NO,STANDBY_VEL_LOW,0,0.00,4590.00,78.36,FALSE,M1_DIRECTION_MISMATCH
2026-09-07 15:48:51.616,1788796131.617,9129,103,462,4414.34,4414.42,8.0,PASS_<=10c,+0.0,FLAT,+0.0,+0.0,4.2,+0.00,0.00,SLOW,4414.34,4414.34,4414.34,4414.34,0.00,0.00,0.0,BULLISH,0.0,4414.34,4414.34,4414.34,4414.34,51,CLEARED_>=20s,1.0,0.0,0.0,0.0,0.0,0.0,0.0,PASS_<20%,0.00,0.0,NO,STANDBY_VEL_LOW,0,0.00,4590.00,78.36,FALSE,M1_DIRECTION_MISMATCH
2026-09-07 15:48:52.118,1788796132.119,9130,104,463,4414.34,4414.42,8.0,PASS_<=10c,+0.0,FLAT,+0.0,+0.0,4.2,+0.00,0.00,SLOW,4414.34,4414.34,4414.34,4414.34,0.00,0.00,0.0,BULLISH,0.0,4414.34,4414.34,4414.34,4414.34,52,CLEARED_>=20s,1.0,0.0,0.0,0.0,0.0,0.0,0.0,PASS_<20%,0.00,0.0,NO,STANDBY_VEL_LOW,0,0.00,4590.00,78.36,FALSE,M1_DIRECTION_MISMATCH
2026-09-07 15:48:52.620,1788796132.621,9131,105,464,4414.34,4414.42,8.0,PASS_<=10c,+0.0,FLAT,+0.0,+0.0,4.2,+0.00,0.00,SLOW,4414.34,4414.34,4414.34,4414.34,0.00,0.00,0.0,BULLISH,0.0,4414.34,4414.34,4414.34,4414.34,52,CLEARED_>=20s,1.0,0.0,0.0,0.0,0.0,0.0,0.0,PASS_<20%,0.00,0.0,NO,STANDBY_VEL_LOW,0,0.00,4590.00,78.36,FALSE,M1_DIRECTION_MISMATCH
2026-09-07 15:48:53.122,1788796133.122,9132,106,465,4414.34,4414.42,8.0,PASS_<=10c,+0.0,FLAT,+0.0,+0.0,4.2,+0.00,0.00,SLOW,4414.34,4414.34,4414.34,4414.34,0.00,0.00,0.0,BULLISH,0.0,4414.34,4414.34,4414.34,4414.34,53,CLEARED_>=20s,1.0,0.0,0.0,0.0,0.0,0.0,0.0,PASS_<20%,0.00,0.0,NO,STANDBY_VEL_LOW,0,0.00,4590.00,78.36,FALSE,M1_DIRECTION_MISMATCH
2026-09-07 15:48:53.624,1788796133.624,9133,107,466,4414.34,4414.42,8.0,PASS_<=10c,+0.0,FLAT,+0.0,+0.0,4.2,+0.00,0.00,SLOW,4414.34,4414.34,4414.34,4414.34,0.00,0.00,0.0,BULLISH,0.0,4414.34,4414.34,4414.34,4414.34,53,CLEARED_>=20s,1.0,0.0,0.0,0.0,0.0,0.0,0.0,PASS_<20%,0.00,0.0,NO,STANDBY_VEL_LOW,0,0.00,4590.00,78.36,FALSE,M1_DIRECTION_MISMATCH
2026-09-07 15:48:54.126,1788796134.126,9134,108,467,4414.34,4414.42,8.0,PASS_<=10c,+0.0,FLAT,+0.0,+0.0,4.2,+0.00,0.00,SLOW,4414.34,4414.34,4414.34,4414.34,0.00,0.00,0.0,BULLISH,0.0,4414.34,4414.34,4414.34,4414.34,54,CLEARED_>=20s,1.0,0.0,0.0,0.0,0.0,0.0,0.0,PASS_<20%,0.00,0.0,NO,STANDBY_VEL_LOW,0,0.00,4590.00,78.36,FALSE,M1_DIRECTION_MISMATCH
2026-09-07 15:48:54.627,1788796134.628,9135,109,468,4414.34,4414.42,8.0,PASS_<=10c,+0.0,FLAT,+0.0,+0.0,4.2,+0.00,0.00,SLOW,4414.34,4414.34,4414.34,4414.34,0.00,0.00,0.0,BULLISH,0.0,4414.34,4414.34,4414.34,4414.34,54,CLEARED_>=20s,1.0,0.0,0.0,0.0,0.0,0.0,0.0,PASS_<20%,0.00,0.0,NO,STANDBY_VEL_LOW,0,0.00,4590.00,78.36,FALSE,M1_DIRECTION_MISMATCH
2026-09-07 15:48:55.130,1788796135.131,9136,110,469,4414.34,4414.42,8.0,PASS_<=10c,+0.0,FLAT,+0.0,+0.0,4.2,+0.00,0.00,SLOW,4414.34,4414.34,4414.34,4414.34,0.00,0.00,0.0,BULLISH,0.0,4414.34,4414.34,4414.34,4414.34,55,CLEARED_>=20s,1.0,0.0,0.0,0.0,0.0,0.0,0.0,PASS_<20%,0.00,0.0,NO,STANDBY_VEL_LOW,0,0.00,4590.00,78.36,FALSE,M1_DIRECTION_MISMATCH
2026-09-07 15:48:55.631,1788796135.632,9137,111,470,4414.34,4414.42,8.0,PASS_<=10c,+0.0,FLAT,+0.0,+0.0,4.2,+0.00,0.00,SLOW,4414.34,4414.34,4414.34,4414.34,0.00,0.00,0.0,BULLISH,0.0,4414.34,4414.34,4414.34,4414.34,55,CLEARED_>=20s,1.0,0.0,0.0,0.0,0.0,0.0,0.0,PASS_<20%,0.00,0.0,NO,STANDBY_VEL_LOW,0,0.00,4590.00,78.36,FALSE,M1_DIRECTION_MISMATCH
2026-09-07 15:48:56.133,1788796136.134,9138,112,471,4414.34,4414.42,8.0,PASS_<=10c,+0.0,FLAT,+0.0,+0.0,4.2,+0.00,0.00,SLOW,4414.34,4414.34,4414.34,4414.34,0.00,0.00,0.0,BULLISH,0.0,4414.34,4414.34,4414.34,4414.34,56,CLEARED_>=20s,1.0,0.0,0.0,0.0,0.0,0.0,0.0,PASS_<20%,0.00,0.0,NO,STANDBY_VEL_LOW,0,0.00,4590.00,78.36,FALSE,M1_DIRECTION_MISMATCH
2026-09-07 15:48:56.634,1788796136.635,9139,113,472,4414.34,4414.42,8.0,PASS_<=10c,+0.0,FLAT,+0.0,+0.0,4.2,+0.00,0.00,SLOW,4414.34,4414.34,4414.34,4414.34,0.00,0.00,0.0,BULLISH,0.0,4414.34,4414.34,4414.34,4414.34,56,CLEARED_>=20s,1.0,0.0,0.0,0.0,0.0,0.0,0.0,PASS_<20%,0.00,0.0,NO,STANDBY_VEL_LOW,0,0.00,4590.00,78.36,FALSE,M1_DIRECTION_MISMATCH
2026-09-07 15:48:57.136,1788796137.136,9140,114,473,4414.34,4414.42,8.0,PASS_<=10c,+0.0,FLAT,+0.0,+0.0,4.2,+0.00,0.00,SLOW,4414.34,4414.34,4414.34,4414.34,0.00,0.00,0.0,BULLISH,0.0,4414.34,4414.34,4414.34,4414.34,57,CLEARED_>=20s,1.0,0.0,0.0,0.0,0.0,0.0,0.0,PASS_<20%,0.00,0.0,NO,STANDBY_VEL_LOW,0,0.00,4590.00,78.36,FALSE,M1_DIRECTION_MISMATCH
2026-09-07 15:48:57.637,1788796137.638,9141,115,474,4414.34,4414.42,8.0,PASS_<=10c,+0.0,FLAT,+0.0,+0.0,4.2,+0.00,0.00,SLOW,4414.34,4414.34,4414.34,4414.34,0.00,0.00,0.0,BULLISH,0.0,4414.34,4414.34,4414.34,4414.34,57,CLEARED_>=20s,1.0,0.0,0.0,0.0,0.0,0.0,0.0,PASS_<20%,0.00,0.0,NO,STANDBY_VEL_LOW,0,0.00,4590.00,78.36,FALSE,M1_DIRECTION_MISMATCH
2026-09-07 15:48:58.139,1788796138.139,9142,116,475,4414.34,4414.42,8.0,PASS_<=10c,+0.0,FLAT,+0.0,+0.0,4.2,+0.00,0.00,SLOW,4414.34,4414.34,4414.34,4414.34,0.00,0.00,0.0,BULLISH,0.0,4414.34,4414.34,4414.34,4414.34,58,CLEARED_>=20s,1.0,0.0,0.0,0.0,0.0,0.0,0.0,PASS_<20%,0.00,0.0,NO,STANDBY_VEL_LOW,0,0.00,4590.00,78.36,FALSE,M1_DIRECTION_MISMATCH
2026-09-07 15:48:58.640,1788796138.640,9143,117,476,4414.34,4414.42,8.0,PASS_<=10c,+0.0,FLAT,+0.0,+0.0,4.2,+0.00,0.00,SLOW,4414.34,4414.34,4414.34,4414.34,0.00,0.00,0.0,BULLISH,0.0,4414.34,4414.34,4414.34,4414.34,58,CLEARED_>=20s,1.0,0.0,0.0,0.0,0.0,0.0,0.0,PASS_<20%,0.00,0.0,NO,STANDBY_VEL_LOW,0,0.00,4590.00,78.36,FALSE,M1_DIRECTION_MISMATCH
2026-09-07 15:48:59.141,1788796139.142,9144,118,477,4414.34,4414.42,8.0,PASS_<=10c,+0.0,FLAT,+0.0,+0.0,4.2,+0.00,0.00,SLOW,4414.34,4414.34,4414.34,4414.34,0.00,0.00,0.0,BULLISH,0.0,4414.34,4414.34,4414.34,4414.34,59,CLEARED_>=20s,1.0,0.0,0.0,0.0,0.0,0.0,0.0,PASS_<20%,0.00,0.0,NO,STANDBY_VEL_LOW,0,0.00,4590.00,78.36,FALSE,M1_DIRECTION_MISMATCH
2026-09-07 15:48:59.642,1788796139.643,9145,119,478,4414.34,4414.42,8.0,PASS_<=10c,+0.0,FLAT,+0.0,+0.0,4.2,+0.00,0.00,SLOW,4414.34,4414.34,4414.34,4414.34,0.00,0.00,0.0,BULLISH,0.0,4414.34,4414.34,4414.34,4414.34,59,CLEARED_>=20s,1.0,0.0,0.0,0.0,0.0,0.0,0.0,PASS_<20%,0.00,0.0,NO,STANDBY_VEL_LOW,0,0.00,4590.00,78.36,FALSE,M1_DIRECTION_MISMATCH
2026-09-07 15:49:00.145,1788796140.146,9146,1,479,4414.34,4414.42,8.0,PASS_<=10c,+0.0,FLAT,+0.0,+0.0,4.2,+0.00,0.00,SLOW,4414.34,4414.34,4414.34,4414.34,0.00,0.00,0.0,BULLISH,0.0,4414.34,4414.34,4414.34,4414.34,0,ACTIVE_0s,1.0,0.0,0.0,0.0,0.0,0.0,0.0,PASS_<20%,0.00,0.0,NO,STANDBY_VEL_LOW,0,0.00,4590.00,78.36,FALSE,M1_DIRECTION_MISMATCH|OPENING_SHIELD_ACTIVE_0s
2026-09-07 15:49:00.646,1788796140.647,9147,2,480,4414.34,4414.42,8.0,PASS_<=10c,+0.0,FLAT,+0.0,+0.0,4.2,+0.00,0.00,SLOW,4414.34,4414.34,4414.34,4414.34,0.00,0.00,0.0,BULLISH,0.0,4414.34,4414.34,4414.34,4414.34,0,ACTIVE_0s,1.0,0.0,0.0,0.0,0.0,0.0,0.0,PASS_<20%,0.00,0.0,NO,STANDBY_VEL_LOW,0,0.00,4590.00,78.36,FALSE,M1_DIRECTION_MISMATCH|OPENING_SHIELD_ACTIVE_0s
2026-09-07 15:49:01.148,1788796141.148,9148,3,481,4414.34,4414.42,8.0,PASS_<=10c,+0.0,FLAT,+0.0,+0.0,4.2,+0.00,0.00,SLOW,4414.34,4414.34,4414.34,4414.34,0.00,0.00,0.0,BULLISH,0.0,4414.34,4414.34,4414.34,4414.34,1,ACTIVE_1s,1.0,0.0,0.0,0.0,0.0,0.0,0.0,PASS_<20%,0.00,0.0,NO,STANDBY_VEL_LOW,0,0.00,4590.00,78.36,FALSE,M1_DIRECTION_MISMATCH|OPENING_SHIELD_ACTIVE_1s
2026-09-07 15:49:01.649,1788796141.650,9149,4,482,4414.34,4414.42,8.0,PASS_<=10c,+0.0,FLAT,+0.0,+0.0,4.2,+0.00,0.00,SLOW,4414.34,4414.34,4414.34,4414.34,0.00,0.00,0.0,BULLISH,0.0,4414.34,4414.34,4414.34,4414.34,1,ACTIVE_1s,1.0,0.0,0.0,0.0,0.0,0.0,0.0,PASS_<20%,0.00,0.0,NO,STANDBY_VEL_LOW,0,0.00,4590.00,78.36,FALSE,M1_DIRECTION_MISMATCH|OPENING_SHIELD_ACTIVE_1s
2026-09-07 15:49:02.154,1788796142.155,9150,5,483,4414.34,4414.42,8.0,PASS_<=10c,+0.0,FLAT,+0.0,+0.0,4.2,+0.00,0.00,SLOW,4414.34,4414.34,4414.34,4414.34,0.00,0.00,0.0,BULLISH,0.0,4414.34,4414.34,4414.34,4414.34,2,ACTIVE_2s,1.0,0.0,0.0,0.0,0.0,0.0,0.0,PASS_<20%,0.00,0.0,NO,STANDBY_VEL_LOW,0,0.00,4590.00,78.36,FALSE,M1_DIRECTION_MISMATCH|OPENING_SHIELD_ACTIVE_2s
2026-09-07 15:49:02.655,1788796142.655,9151,6,484,4414.34,4414.42,8.0,PASS_<=10c,+0.0,FLAT,+0.0,+0.0,4.2,+0.00,0.00,SLOW,4414.34,4414.34,4414.34,4414.34,0.00,0.00,0.0,BULLISH,0.0,4414.34,4414.34,4414.34,4414.34,2,ACTIVE_2s,1.0,0.0,0.0,0.0,0.0,0.0,0.0,PASS_<20%,0.00,0.0,NO,STANDBY_VEL_LOW,0,0.00,4590.00,78.36,FALSE,M1_DIRECTION_MISMATCH|OPENING_SHIELD_ACTIVE_2s
2026-09-07 15:49:03.156,1788796143.157,9152,7,485,4414.34,4414.42,8.0,PASS_<=10c,+0.0,FLAT,+0.0,+0.0,4.2,+0.00,0.00,SLOW,4414.34,4414.34,4414.34,4414.34,0.00,0.00,0.0,BULLISH,0.0,4414.34,4414.34,4414.34,4414.34,3,ACTIVE_3s,1.0,0.0,0.0,0.0,0.0,0.0,0.0,PASS_<20%,0.00,0.0,NO,STANDBY_VEL_LOW,0,0.00,4590.00,78.36,FALSE,M1_DIRECTION_MISMATCH|OPENING_SHIELD_ACTIVE_3s
2026-09-07 15:49:03.659,1788796143.660,9153,8,486,4414.34,4414.42,8.0,PASS_<=10c,+0.0,FLAT,+0.0,+0.0,4.2,+0.00,0.00,SLOW,4414.34,4414.34,4414.34,4414.34,0.00,0.00,0.0,BULLISH,0.0,4414.34,4414.34,4414.34,4414.34,3,ACTIVE_3s,1.0,0.0,0.0,0.0,0.0,0.0,0.0,PASS_<20%,0.00,0.0,NO,STANDBY_VEL_LOW,0,0.00,4590.00,78.36,FALSE,M1_DIRECTION_MISMATCH|OPENING_SHIELD_ACTIVE_3s
2026-09-07 15:49:04.160,1788796144.160,9154,9,487,4414.34,4414.42,8.0,PASS_<=10c,+0.0,FLAT,+0.0,+0.0,4.2,+0.00,0.00,SLOW,4414.34,4414.34,4414.34,4414.34,0.00,0.00,0.0,BULLISH,0.0,4414.34,4414.34,4414.34,4414.34,4,ACTIVE_4s,1.0,0.0,0.0,0.0,0.0,0.0,0.0,PASS_<20%,0.00,0.0,NO,STANDBY_VEL_LOW,0,0.00,4590.00,78.36,FALSE,M1_DIRECTION_MISMATCH|OPENING_SHIELD_ACTIVE_4s
2026-09-07 15:49:04.662,1788796144.663,9155,10,488,4414.34,4414.42,8.0,PASS_<=10c,+0.0,FLAT,+0.0,+0.0,4.2,+0.00,0.00,SLOW,4414.34,4414.34,4414.34,4414.34,0.00,0.00,0.0,BULLISH,0.0,4414.34,4414.34,4414.34,4414.34,4,ACTIVE_4s,1.0,0.0,0.0,0.0,0.0,0.0,0.0,PASS_<20%,0.00,0.0,NO,STANDBY_VEL_LOW,0,0.00,4590.00,78.36,FALSE,M1_DIRECTION_MISMATCH|OPENING_SHIELD_ACTIVE_4s
2026-09-07 15:49:05.164,1788796145.165,9156,11,489,4414.34,4414.42,8.0,PASS_<=10c,+0.0,FLAT,+0.0,+0.0,4.2,+0.00,0.00,SLOW,4414.34,4414.34,4414.34,4414.34,0.00,0.00,0.0,BULLISH,0.0,4414.34,4414.34,4414.34,4414.34,5,ACTIVE_5s,1.0,0.0,0.0,0.0,0.0,0.0,0.0,PASS_<20%,0.00,0.0,NO,STANDBY_VEL_LOW,0,0.00,4590.00,78.36,FALSE,M1_DIRECTION_MISMATCH|OPENING_SHIELD_ACTIVE_5s
2026-09-07 15:49:05.665,1788796145.666,9157,12,490,4414.34,4414.42,8.0,PASS_<=10c,+0.0,FLAT,+0.0,+0.0,4.2,+0.00,0.00,SLOW,4414.34,4414.34,4414.34,4414.34,0.00,0.00,0.0,BULLISH,0.0,4414.34,4414.34,4414.34,4414.34,5,ACTIVE_5s,1.0,0.0,0.0,0.0,0.0,0.0,0.0,PASS_<20%,0.00,0.0,NO,STANDBY_VEL_LOW,0,0.00,4590.00,78.36,FALSE,M1_DIRECTION_MISMATCH|OPENING_SHIELD_ACTIVE_5s
2026-09-07 15:49:06.168,1788796146.168,9158,13,491,4414.34,4414.42,8.0,PASS_<=10c,+0.0,FLAT,+0.0,+0.0,4.2,+0.00,0.00,SLOW,4414.34,4414.34,4414.34,4414.34,0.00,0.00,0.0,BULLISH,0.0,4414.34,4414.34,4414.34,4414.34,6,ACTIVE_6s,1.0,0.0,0.0,0.0,0.0,0.0,0.0,PASS_<20%,0.00,0.0,NO,STANDBY_VEL_LOW,0,0.00,4590.00,78.36,FALSE,M1_DIRECTION_MISMATCH|OPENING_SHIELD_ACTIVE_6s
2026-09-07 15:49:06.669,1788796146.669,9159,14,492,4414.34,4414.42,8.0,PASS_<=10c,+0.0,FLAT,+0.0,+0.0,4.2,+0.00,0.00,SLOW,4414.34,4414.34,4414.34,4414.34,0.00,0.00,0.0,BULLISH,0.0,4414.34,4414.34,4414.34,4414.34,6,ACTIVE_6s,1.0,0.0,0.0,0.0,0.0,0.0,0.0,PASS_<20%,0.00,0.0,NO,STANDBY_VEL_LOW,0,0.00,4590.00,78.36,FALSE,M1_DIRECTION_MISMATCH|OPENING_SHIELD_ACTIVE_6s
2026-09-07 15:49:07.170,1788796147.171,9160,15,493,4414.34,4414.42,8.0,PASS_<=10c,+0.0,FLAT,+0.0,+0.0,4.2,+0.00,0.00,SLOW,4414.34,4414.34,4414.34,4414.34,0.00,0.00,0.0,BULLISH,0.0,4414.34,4414.34,4414.34,4414.34,7,ACTIVE_7s,1.0,0.0,0.0,0.0,0.0,0.0,0.0,PASS_<20%,0.00,0.0,NO,STANDBY_VEL_LOW,0,0.00,4590.00,78.36,FALSE,M1_DIRECTION_MISMATCH|OPENING_SHIELD_ACTIVE_7s
2026-09-07 15:49:07.673,1788796147.674,9161,16,494,4414.34,4414.42,8.0,PASS_<=10c,+0.0,FLAT,+0.0,+0.0,4.2,+0.00,0.00,SLOW,4414.34,4414.34,4414.34,4414.34,0.00,0.00,0.0,BULLISH,0.0,4414.34,4414.34,4414.34,4414.34,7,ACTIVE_7s,1.0,0.0,0.0,0.0,0.0,0.0,0.0,PASS_<20%,0.00,0.0,NO,STANDBY_VEL_LOW,0,0.00,4590.00,78.36,FALSE,M1_DIRECTION_MISMATCH|OPENING_SHIELD_ACTIVE_7s
2026-09-07 15:49:08.174,1788796148.175,9162,17,495,4414.34,4414.42,8.0,PASS_<=10c,+0.0,FLAT,+0.0,+0.0,4.2,+0.00,0.00,SLOW,4414.34,4414.34,4414.34,4414.34,0.00,0.00,0.0,BULLISH,0.0,4414.34,4414.34,4414.34,4414.34,8,ACTIVE_8s,1.0,0.0,0.0,0.0,0.0,0.0,0.0,PASS_<20%,0.00,0.0,NO,STANDBY_VEL_LOW,0,0.00,4590.00,78.36,FALSE,M1_DIRECTION_MISMATCH|OPENING_SHIELD_ACTIVE_8s
2026-09-07 15:49:08.675,1788796148.676,9163,18,496,4414.34,4414.42,8.0,PASS_<=10c,+0.0,FLAT,+0.0,+0.0,4.2,+0.00,0.00,SLOW,4414.34,4414.34,4414.34,4414.34,0.00,0.00,0.0,BULLISH,0.0,4414.34,4414.34,4414.34,4414.34,8,ACTIVE_8s,1.0,0.0,0.0,0.0,0.0,0.0,0.0,PASS_<20%,0.00,0.0,NO,STANDBY_VEL_LOW,0,0.00,4590.00,78.36,FALSE,M1_DIRECTION_MISMATCH|OPENING_SHIELD_ACTIVE_8s
2026-09-07 15:49:09.177,1788796149.178,9164,19,497,4414.34,4414.42,8.0,PASS_<=10c,+0.0,FLAT,+0.0,+0.0,4.2,+0.00,0.00,SLOW,4414.34,4414.34,4414.34,4414.34,0.00,0.00,0.0,BULLISH,0.0,4414.34,4414.34,4414.34,4414.34,9,ACTIVE_9s,1.0,0.0,0.0,0.0,0.0,0.0,0.0,PASS_<20%,0.00,0.0,NO,STANDBY_VEL_LOW,0,0.00,4590.00,78.36,FALSE,M1_DIRECTION_MISMATCH|OPENING_SHIELD_ACTIVE_9s
2026-09-07 15:49:09.679,1788796149.680,9165,20,498,4414.34,4414.42,8.0,PASS_<=10c,+0.0,FLAT,+0.0,+0.0,4.2,+0.00,0.00,SLOW,4414.34,4414.34,4414.34,4414.34,0.00,0.00,0.0,BULLISH,0.0,4414.34,4414.34,4414.34,4414.34,9,ACTIVE_9s,1.0,0.0,0.0,0.0,0.0,0.0,0.0,PASS_<20%,0.00,0.0,NO,STANDBY_VEL_LOW,0,0.00,4590.00,78.36,FALSE,M1_DIRECTION_MISMATCH|OPENING_SHIELD_ACTIVE_9s
2026-09-07 15:49:10.181,1788796150.182,9166,21,499,4414.34,4414.42,8.0,PASS_<=10c,+0.0,FLAT,+0.0,+0.0,4.2,+0.00,0.00,SLOW,4414.34,4414.34,4414.34,4414.34,0.00,0.00,0.0,BULLISH,0.0,4414.34,4414.34,4414.34,4414.34,10,ACTIVE_10s,1.0,0.0,0.0,0.0,0.0,0.0,0.0,PASS_<20%,0.00,0.0,NO,STANDBY_VEL_LOW,0,0.00,4590.00,78.36,FALSE,M1_DIRECTION_MISMATCH|OPENING_SHIELD_ACTIVE_10s
2026-09-07 15:49:10.683,1788796150.684,9167,22,500,4414.34,4414.42,8.0,PASS_<=10c,+0.0,FLAT,+0.0,+0.0,4.2,+0.00,0.00,SLOW,4414.34,4414.34,4414.34,4414.34,0.00,0.00,0.0,BULLISH,0.0,4414.34,4414.34,4414.34,4414.34,10,ACTIVE_10s,1.0,0.0,0.0,0.0,0.0,0.0,0.0,PASS_<20%,0.00,0.0,NO,STANDBY_VEL_LOW,0,0.00,4590.00,78.36,FALSE,M1_DIRECTION_MISMATCH|OPENING_SHIELD_ACTIVE_10s
2026-09-07 15:49:11.185,1788796151.185,9168,23,501,4414.34,4414.42,8.0,PASS_<=10c,+0.0,FLAT,+0.0,+0.0,4.2,+0.00,0.00,SLOW,4414.34,4414.34,4414.34,4414.34,0.00,0.00,0.0,BULLISH,0.0,4414.34,4414.34,4414.34,4414.34,11,ACTIVE_11s,1.0,0.0,0.0,0.0,0.0,0.0,0.0,PASS_<20%,0.00,0.0,NO,STANDBY_VEL_LOW,0,0.00,4590.00,78.36,FALSE,M1_DIRECTION_MISMATCH|OPENING_SHIELD_ACTIVE_11s
2026-09-07 15:49:11.687,1788796151.688,9169,24,502,4414.34,4414.42,8.0,PASS_<=10c,+0.0,FLAT,+0.0,+0.0,4.2,+0.00,0.00,SLOW,4414.34,4414.34,4414.34,4414.34,0.00,0.00,0.0,BULLISH,0.0,4414.34,4414.34,4414.34,4414.34,11,ACTIVE_11s,1.0,0.0,0.0,0.0,0.0,0.0,0.0,PASS_<20%,0.00,0.0,NO,STANDBY_VEL_LOW,0,0.00,4590.00,78.36,FALSE,M1_DIRECTION_MISMATCH|OPENING_SHIELD_ACTIVE_11s
2026-09-07 15:49:12.189,1788796152.190,9170,25,503,4414.34,4414.42,8.0,PASS_<=10c,+0.0,FLAT,+0.0,+0.0,4.2,+0.00,0.00,SLOW,4414.34,4414.34,4414.34,4414.34,0.00,0.00,0.0,BULLISH,0.0,4414.34,4414.34,4414.34,4414.34,12,ACTIVE_12s,1.0,0.0,0.0,0.0,0.0,0.0,0.0,PASS_<20%,0.00,0.0,NO,STANDBY_VEL_LOW,0,0.00,4590.00,78.36,FALSE,M1_DIRECTION_MISMATCH|OPENING_SHIELD_ACTIVE_12s
2026-09-07 15:49:12.690,1788796152.691,9171,26,504,4414.34,4414.42,8.0,PASS_<=10c,+0.0,FLAT,+0.0,+0.0,4.2,+0.00,0.00,SLOW,4414.34,4414.34,4414.34,4414.34,0.00,0.00,0.0,BULLISH,0.0,4414.34,4414.34,4414.34,4414.34,12,ACTIVE_12s,1.0,0.0,0.0,0.0,0.0,0.0,0.0,PASS_<20%,0.00,0.0,NO,STANDBY_VEL_LOW,0,0.00,4590.00,78.36,FALSE,M1_DIRECTION_MISMATCH|OPENING_SHIELD_ACTIVE_12s
2026-09-07 15:49:13.193,1788796153.194,9172,27,505,4414.34,4414.42,8.0,PASS_<=10c,+0.0,FLAT,+0.0,+0.0,4.2,+0.00,0.00,SLOW,4414.34,4414.34,4414.34,4414.34,0.00,0.00,0.0,BULLISH,0.0,4414.34,4414.34,4414.34,4414.34,13,ACTIVE_13s,1.0,0.0,0.0,0.0,0.0,0.0,0.0,PASS_<20%,0.00,0.0,NO,STANDBY_VEL_LOW,0,0.00,4590.00,78.36,FALSE,M1_DIRECTION_MISMATCH|OPENING_SHIELD_ACTIVE_13s
2026-09-07 15:49:13.693,1788796153.694,9173,28,506,4414.34,4414.42,8.0,PASS_<=10c,+0.0,FLAT,+0.0,+0.0,4.2,+0.00,0.00,SLOW,4414.34,4414.34,4414.34,4414.34,0.00,0.00,0.0,BULLISH,0.0,4414.34,4414.34,4414.34,4414.34,13,ACTIVE_13s,1.0,0.0,0.0,0.0,0.0,0.0,0.0,PASS_<20%,0.00,0.0,NO,STANDBY_VEL_LOW,0,0.00,4590.00,78.36,FALSE,M1_DIRECTION_MISMATCH|OPENING_SHIELD_ACTIVE_13s
2026-09-07 15:49:14.195,1788796154.196,9174,29,507,4414.34,4414.42,8.0,PASS_<=10c,+0.0,FLAT,+0.0,+0.0,4.2,+0.00,0.00,SLOW,4414.34,4414.34,4414.34,4414.34,0.00,0.00,0.0,BULLISH,0.0,4414.34,4414.34,4414.34,4414.34,14,ACTIVE_14s,1.0,0.0,0.0,0.0,0.0,0.0,0.0,PASS_<20%,0.00,0.0,NO,STANDBY_VEL_LOW,0,0.00,4590.00,78.36,FALSE,M1_DIRECTION_MISMATCH|OPENING_SHIELD_ACTIVE_14s
2026-09-07 15:49:14.697,1788796154.697,9175,30,508,4414.34,4414.42,8.0,PASS_<=10c,+0.0,FLAT,+0.0,+0.0,4.2,+0.00,0.00,SLOW,4414.34,4414.34,4414.34,4414.34,0.00,0.00,0.0,BULLISH,0.0,4414.34,4414.34,4414.34,4414.34,14,ACTIVE_14s,1.0,0.0,0.0,0.0,0.0,0.0,0.0,PASS_<20%,0.00,0.0,NO,STANDBY_VEL_LOW,0,0.00,4590.00,78.36,FALSE,M1_DIRECTION_MISMATCH|OPENING_SHIELD_ACTIVE_14s
2026-09-07 15:49:15.198,1788796155.199,9176,31,509,4414.34,4414.42,8.0,PASS_<=10c,+0.0,FLAT,+0.0,+0.0,4.2,+0.00,0.00,SLOW,4414.34,4414.34,4414.34,4414.34,0.00,0.00,0.0,BULLISH,0.0,4414.34,4414.34,4414.34,4414.34,15,ACTIVE_15s,1.0,0.0,0.0,0.0,0.0,0.0,0.0,PASS_<20%,0.00,0.0,NO,STANDBY_VEL_LOW,0,0.00,4590.00,78.36,FALSE,M1_DIRECTION_MISMATCH|OPENING_SHIELD_ACTIVE_15s
2026-09-07 15:49:15.699,1788796155.699,9177,32,510,4414.34,4414.42,8.0,PASS_<=10c,+0.0,FLAT,+0.0,+0.0,4.2,+0.00,0.00,SLOW,4414.34,4414.34,4414.34,4414.34,0.00,0.00,0.0,BULLISH,0.0,4414.34,4414.34,4414.34,4414.34,15,ACTIVE_15s,1.0,0.0,0.0,0.0,0.0,0.0,0.0,PASS_<20%,0.00,0.0,NO,STANDBY_VEL_LOW,0,0.00,4590.00,78.36,FALSE,M1_DIRECTION_MISMATCH|OPENING_SHIELD_ACTIVE_15s
2026-09-07 15:49:16.200,1788796156.201,9178,33,511,4414.34,4414.42,8.0,PASS_<=10c,+0.0,FLAT,+0.0,+0.0,4.2,+0.00,0.00,SLOW,4414.34,4414.34,4414.34,4414.34,0.00,0.00,0.0,BULLISH,0.0,4414.34,4414.34,4414.34,4414.34,16,ACTIVE_16s,1.0,0.0,0.0,0.0,0.0,0.0,0.0,PASS_<20%,0.00,0.0,NO,STANDBY_VEL_LOW,0,0.00,4590.00,78.36,FALSE,M1_DIRECTION_MISMATCH|OPENING_SHIELD_ACTIVE_16s
2026-09-07 15:49:16.702,1788796156.703,9179,34,512,4414.34,4414.42,8.0,PASS_<=10c,+0.0,FLAT,+0.0,+0.0,4.2,+0.00,0.00,SLOW,4414.34,4414.34,4414.34,4414.34,0.00,0.00,0.0,BULLISH,0.0,4414.34,4414.34,4414.34,4414.34,16,ACTIVE_16s,1.0,0.0,0.0,0.0,0.0,0.0,0.0,PASS_<20%,0.00,0.0,NO,STANDBY_VEL_LOW,0,0.00,4590.00,78.36,FALSE,M1_DIRECTION_MISMATCH|OPENING_SHIELD_ACTIVE_16s
2026-09-07 15:49:17.204,1788796157.204,9180,35,513,4414.34,4414.42,8.0,PASS_<=10c,+0.0,FLAT,+0.0,+0.0,4.2,+0.00,0.00,SLOW,4414.34,4414.34,4414.34,4414.34,0.00,0.00,0.0,BULLISH,0.0,4414.34,4414.34,4414.34,4414.34,17,ACTIVE_17s,1.0,0.0,0.0,0.0,0.0,0.0,0.0,PASS_<20%,0.00,0.0,NO,STANDBY_VEL_LOW,0,0.00,4590.00,78.36,FALSE,M1_DIRECTION_MISMATCH|OPENING_SHIELD_ACTIVE_17s
2026-09-07 15:49:17.706,1788796157.707,9181,36,514,4414.34,4414.42,8.0,PASS_<=10c,+0.0,FLAT,+0.0,+0.0,4.2,+0.00,0.00,SLOW,4414.34,4414.34,4414.34,4414.34,0.00,0.00,0.0,BULLISH,0.0,4414.34,4414.34,4414.34,4414.34,17,ACTIVE_17s,1.0,0.0,0.0,0.0,0.0,0.0,0.0,PASS_<20%,0.00,0.0,NO,STANDBY_VEL_LOW,0,0.00,4590.00,78.36,FALSE,M1_DIRECTION_MISMATCH|OPENING_SHIELD_ACTIVE_17s
2026-09-07 15:49:18.209,1788796158.209,9182,37,515,4414.34,4414.42,8.0,PASS_<=10c,+0.0,FLAT,+0.0,+0.0,4.2,+0.00,0.00,SLOW,4414.34,4414.34,4414.34,4414.34,0.00,0.00,0.0,BULLISH,0.0,4414.34,4414.34,4414.34,4414.34,18,ACTIVE_18s,1.0,0.0,0.0,0.0,0.0,0.0,0.0,PASS_<20%,0.00,0.0,NO,STANDBY_VEL_LOW,0,0.00,4590.00,78.36,FALSE,M1_DIRECTION_MISMATCH|OPENING_SHIELD_ACTIVE_18s
2026-09-07 15:49:18.710,1788796158.710,9183,38,516,4414.34,4414.42,8.0,PASS_<=10c,+0.0,FLAT,+0.0,+0.0,4.2,+0.00,0.00,SLOW,4414.34,4414.34,4414.34,4414.34,0.00,0.00,0.0,BULLISH,0.0,4414.34,4414.34,4414.34,4414.34,18,ACTIVE_18s,1.0,0.0,0.0,0.0,0.0,0.0,0.0,PASS_<20%,0.00,0.0,NO,STANDBY_VEL_LOW,0,0.00,4590.00,78.36,FALSE,M1_DIRECTION_MISMATCH|OPENING_SHIELD_ACTIVE_18s
2026-09-07 15:49:19.212,1788796159.212,9184,39,517,4414.34,4414.42,8.0,PASS_<=10c,+0.0,FLAT,+0.0,+0.0,4.2,+0.00,0.00,SLOW,4414.34,4414.34,4414.34,4414.34,0.00,0.00,0.0,BULLISH,0.0,4414.34,4414.34,4414.34,4414.34,19,ACTIVE_19s,1.0,0.0,0.0,0.0,0.0,0.0,0.0,PASS_<20%,0.00,0.0,NO,STANDBY_VEL_LOW,0,0.00,4590.00,78.36,FALSE,M1_DIRECTION_MISMATCH|OPENING_SHIELD_ACTIVE_19s
2026-09-07 15:49:19.713,1788796159.713,9185,40,518,4414.34,4414.42,8.0,PASS_<=10c,+0.0,FLAT,+0.0,+0.0,4.2,+0.00,0.00,SLOW,4414.34,4414.34,4414.34,4414.34,0.00,0.00,0.0,BULLISH,0.0,4414.34,4414.34,4414.34,4414.34,19,ACTIVE_19s,1.0,0.0,0.0,0.0,0.0,0.0,0.0,PASS_<20%,0.00,0.0,NO,STANDBY_VEL_LOW,0,0.00,4590.00,78.36,FALSE,M1_DIRECTION_MISMATCH|OPENING_SHIELD_ACTIVE_19s
2026-09-07 15:49:20.215,1788796160.215,9186,41,519,4414.34,4414.42,8.0,PASS_<=10c,+0.0,FLAT,+0.0,+0.0,4.2,+0.00,0.00,SLOW,4414.34,4414.34,4414.34,4414.34,0.00,0.00,0.0,BULLISH,0.0,4414.34,4414.34,4414.34,4414.34,20,CLEARED_>=20s,1.0,0.0,0.0,0.0,0.0,0.0,0.0,PASS_<20%,0.00,0.0,NO,STANDBY_VEL_LOW,0,0.00,4590.00,78.36,FALSE,M1_DIRECTION_MISMATCH
2026-09-07 15:49:20.717,1788796160.717,9187,42,520,4414.34,4414.42,8.0,PASS_<=10c,+0.0,FLAT,+0.0,+0.0,4.2,+0.00,0.00,SLOW,4414.34,4414.34,4414.34,4414.34,0.00,0.00,0.0,BULLISH,0.0,4414.34,4414.34,4414.34,4414.34,20,CLEARED_>=20s,1.0,0.0,0.0,0.0,0.0,0.0,0.0,PASS_<20%,0.00,0.0,NO,STANDBY_VEL_LOW,0,0.00,4590.00,78.36,FALSE,M1_DIRECTION_MISMATCH
2026-09-07 15:49:21.219,1788796161.219,9188,43,521,4414.34,4414.42,8.0,PASS_<=10c,+0.0,FLAT,+0.0,+0.0,4.2,+0.00,0.00,SLOW,4414.34,4414.34,4414.34,4414.34,0.00,0.00,0.0,BULLISH,0.0,4414.34,4414.34,4414.34,4414.34,21,CLEARED_>=20s,1.0,0.0,0.0,0.0,0.0,0.0,0.0,PASS_<20%,0.00,0.0,NO,STANDBY_VEL_LOW,0,0.00,4590.00,78.36,FALSE,M1_DIRECTION_MISMATCH
2026-09-07 15:49:21.720,1788796161.721,9189,44,522,4414.34,4414.42,8.0,PASS_<=10c,+0.0,FLAT,+0.0,+0.0,4.2,+0.00,0.00,SLOW,4414.34,4414.34,4414.34,4414.34,0.00,0.00,0.0,BULLISH,0.0,4414.34,4414.34,4414.34,4414.34,21,CLEARED_>=20s,1.0,0.0,0.0,0.0,0.0,0.0,0.0,PASS_<20%,0.00,0.0,NO,STANDBY_VEL_LOW,0,0.00,4590.00,78.36,FALSE,M1_DIRECTION_MISMATCH
2026-09-07 15:49:22.222,1788796162.222,9190,45,523,4414.34,4414.42,8.0,PASS_<=10c,+0.0,FLAT,+0.0,+0.0,4.2,+0.00,0.00,SLOW,4414.34,4414.34,4414.34,4414.34,0.00,0.00,0.0,BULLISH,0.0,4414.34,4414.34,4414.34,4414.34,22,CLEARED_>=20s,1.0,0.0,0.0,0.0,0.0,0.0,0.0,PASS_<20%,0.00,0.0,NO,STANDBY_VEL_LOW,0,0.00,4590.00,78.36,FALSE,M1_DIRECTION_MISMATCH
2026-09-07 15:49:22.723,1788796162.724,9191,46,524,4414.34,4414.42,8.0,PASS_<=10c,+0.0,FLAT,+0.0,+0.0,4.2,+0.00,0.00,SLOW,4414.34,4414.34,4414.34,4414.34,0.00,0.00,0.0,BULLISH,0.0,4414.34,4414.34,4414.34,4414.34,22,CLEARED_>=20s,1.0,0.0,0.0,0.0,0.0,0.0,0.0,PASS_<20%,0.00,0.0,NO,STANDBY_VEL_LOW,0,0.00,4590.00,78.36,FALSE,M1_DIRECTION_MISMATCH
2026-09-07 15:49:23.225,1788796163.225,9192,47,525,4414.34,4414.42,8.0,PASS_<=10c,+0.0,FLAT,+0.0,+0.0,4.2,+0.00,0.00,SLOW,4414.34,4414.34,4414.34,4414.34,0.00,0.00,0.0,BULLISH,0.0,4414.34,4414.34,4414.34,4414.34,23,CLEARED_>=20s,1.0,0.0,0.0,0.0,0.0,0.0,0.0,PASS_<20%,0.00,0.0,NO,STANDBY_VEL_LOW,0,0.00,4590.00,78.36,FALSE,M1_DIRECTION_MISMATCH
2026-09-07 15:49:23.726,1788796163.727,9193,48,526,4414.34,4414.42,8.0,PASS_<=10c,+0.0,FLAT,+0.0,+0.0,4.2,+0.00,0.00,SLOW,4414.34,4414.34,4414.34,4414.34,0.00,0.00,0.0,BULLISH,0.0,4414.34,4414.34,4414.34,4414.34,23,CLEARED_>=20s,1.0,0.0,0.0,0.0,0.0,0.0,0.0,PASS_<20%,0.00,0.0,NO,STANDBY_VEL_LOW,0,0.00,4590.00,78.36,FALSE,M1_DIRECTION_MISMATCH
2026-09-07 15:49:24.227,1788796164.228,9194,49,527,4414.34,4414.42,8.0,PASS_<=10c,+0.0,FLAT,+0.0,+0.0,4.2,+0.00,0.00,SLOW,4414.34,4414.34,4414.34,4414.34,0.00,0.00,0.0,BULLISH,0.0,4414.34,4414.34,4414.34,4414.34,24,CLEARED_>=20s,1.0,0.0,0.0,0.0,0.0,0.0,0.0,PASS_<20%,0.00,0.0,NO,STANDBY_VEL_LOW,0,0.00,4590.00,78.36,FALSE,M1_DIRECTION_MISMATCH
2026-09-07 15:49:24.728,1788796164.729,9195,50,528,4414.34,4414.42,8.0,PASS_<=10c,+0.0,FLAT,+0.0,+0.0,4.2,+0.00,0.00,SLOW,4414.34,4414.34,4414.34,4414.34,0.00,0.00,0.0,BULLISH,0.0,4414.34,4414.34,4414.34,4414.34,24,CLEARED_>=20s,1.0,0.0,0.0,0.0,0.0,0.0,0.0,PASS_<20%,0.00,0.0,NO,STANDBY_VEL_LOW,0,0.00,4590.00,78.36,FALSE,M1_DIRECTION_MISMATCH
2026-09-07 15:49:25.230,1788796165.230,9196,51,529,4414.34,4414.42,8.0,PASS_<=10c,+0.0,FLAT,+0.0,+0.0,4.2,+0.00,0.00,SLOW,4414.34,4414.34,4414.34,4414.34,0.00,0.00,0.0,BULLISH,0.0,4414.34,4414.34,4414.34,4414.34,25,CLEARED_>=20s,1.0,0.0,0.0,0.0,0.0,0.0,0.0,PASS_<20%,0.00,0.0,NO,STANDBY_VEL_LOW,0,0.00,4590.00,78.36,FALSE,M1_DIRECTION_MISMATCH
2026-09-07 15:49:25.731,1788796165.731,9197,52,530,4414.34,4414.42,8.0,PASS_<=10c,+0.0,FLAT,+0.0,+0.0,4.2,+0.00,0.00,SLOW,4414.34,4414.34,4414.34,4414.34,0.00,0.00,0.0,BULLISH,0.0,4414.34,4414.34,4414.34,4414.34,25,CLEARED_>=20s,1.0,0.0,0.0,0.0,0.0,0.0,0.0,PASS_<20%,0.00,0.0,NO,STANDBY_VEL_LOW,0,0.00,4590.00,78.36,FALSE,M1_DIRECTION_MISMATCH
2026-09-07 15:49:26.233,1788796166.234,9198,53,531,4414.34,4414.42,8.0,PASS_<=10c,+0.0,FLAT,+0.0,+0.0,4.2,+0.00,0.00,SLOW,4414.34,4414.34,4414.34,4414.34,0.00,0.00,0.0,BULLISH,0.0,4414.34,4414.34,4414.34,4414.34,26,CLEARED_>=20s,1.0,0.0,0.0,0.0,0.0,0.0,0.0,PASS_<20%,0.00,0.0,NO,STANDBY_VEL_LOW,0,0.00,4590.00,78.36,FALSE,M1_DIRECTION_MISMATCH
2026-09-07 15:49:26.736,1788796166.737,9199,54,532,4414.34,4414.42,8.0,PASS_<=10c,+0.0,FLAT,+0.0,+0.0,4.2,+0.00,0.00,SLOW,4414.34,4414.34,4414.34,4414.34,0.00,0.00,0.0,BULLISH,0.0,4414.34,4414.34,4414.34,4414.34,26,CLEARED_>=20s,1.0,0.0,0.0,0.0,0.0,0.0,0.0,PASS_<20%,0.00,0.0,NO,STANDBY_VEL_LOW,0,0.00,4590.00,78.36,FALSE,M1_DIRECTION_MISMATCH
2026-09-07 15:49:27.238,1788796167.238,9200,55,533,4414.34,4414.42,8.0,PASS_<=10c,+0.0,FLAT,+0.0,+0.0,4.2,+0.00,0.00,SLOW,4414.34,4414.34,4414.34,4414.34,0.00,0.00,0.0,BULLISH,0.0,4414.34,4414.34,4414.34,4414.34,27,CLEARED_>=20s,1.0,0.0,0.0,0.0,0.0,0.0,0.0,PASS_<20%,0.00,0.0,NO,STANDBY_VEL_LOW,0,0.00,4590.00,78.36,FALSE,M1_DIRECTION_MISMATCH
2026-09-07 15:49:27.740,1788796167.740,9201,56,534,4414.34,4414.42,8.0,PASS_<=10c,+0.0,FLAT,+0.0,+0.0,4.2,+0.00,0.00,SLOW,4414.34,4414.34,4414.34,4414.34,0.00,0.00,0.0,BULLISH,0.0,4414.34,4414.34,4414.34,4414.34,27,CLEARED_>=20s,1.0,0.0,0.0,0.0,0.0,0.0,0.0,PASS_<20%,0.00,0.0,NO,STANDBY_VEL_LOW,0,0.00,4590.00,78.36,FALSE,M1_DIRECTION_MISMATCH
2026-09-07 15:49:28.242,1788796168.243,9202,57,535,4414.34,4414.42,8.0,PASS_<=10c,+0.0,FLAT,+0.0,+0.0,4.2,+0.00,0.00,SLOW,4414.34,4414.34,4414.34,4414.34,0.00,0.00,0.0,BULLISH,0.0,4414.34,4414.34,4414.34,4414.34,28,CLEARED_>=20s,1.0,0.0,0.0,0.0,0.0,0.0,0.0,PASS_<20%,0.00,0.0,NO,STANDBY_VEL_LOW,0,0.00,4590.00,78.36,FALSE,M1_DIRECTION_MISMATCH
2026-09-07 15:49:28.745,1788796168.746,9203,58,536,4414.34,4414.42,8.0,PASS_<=10c,+0.0,FLAT,+0.0,+0.0,4.2,+0.00,0.00,SLOW,4414.34,4414.34,4414.34,4414.34,0.00,0.00,0.0,BULLISH,0.0,4414.34,4414.34,4414.34,4414.34,28,CLEARED_>=20s,1.0,0.0,0.0,0.0,0.0,0.0,0.0,PASS_<20%,0.00,0.0,NO,STANDBY_VEL_LOW,0,0.00,4590.00,78.36,FALSE,M1_DIRECTION_MISMATCH
2026-09-07 15:49:29.247,1788796169.247,9204,59,537,4414.34,4414.42,8.0,PASS_<=10c,+0.0,FLAT,+0.0,+0.0,4.2,+0.00,0.00,SLOW,4414.34,4414.34,4414.34,4414.34,0.00,0.00,0.0,BULLISH,0.0,4414.34,4414.34,4414.34,4414.34,29,CLEARED_>=20s,1.0,0.0,0.0,0.0,0.0,0.0,0.0,PASS_<20%,0.00,0.0,NO,STANDBY_VEL_LOW,0,0.00,4590.00,78.36,FALSE,M1_DIRECTION_MISMATCH
2026-09-07 15:49:29.749,1788796169.749,9205,60,538,4414.34,4414.42,8.0,PASS_<=10c,+0.0,FLAT,+0.0,+0.0,4.2,+0.00,0.00,SLOW,4414.34,4414.34,4414.34,4414.34,0.00,0.00,0.0,BULLISH,0.0,4414.34,4414.34,4414.34,4414.34,29,CLEARED_>=20s,1.0,0.0,0.0,0.0,0.0,0.0,0.0,PASS_<20%,0.00,0.0,NO,STANDBY_VEL_LOW,0,0.00,4590.00,78.36,FALSE,M1_DIRECTION_MISMATCH
2026-09-07 15:49:30.251,1788796170.251,9206,61,539,4414.34,4414.42,8.0,PASS_<=10c,+0.0,FLAT,+0.0,+0.0,4.2,+0.00,0.00,SLOW,4414.34,4414.34,4414.34,4414.34,0.00,0.00,0.0,BULLISH,0.0,4414.34,4414.34,4414.34,4414.34,30,CLEARED_>=20s,1.0,0.0,0.0,0.0,0.0,0.0,0.0,PASS_<20%,0.00,0.0,NO,STANDBY_VEL_LOW,0,0.00,4590.00,78.36,FALSE,M1_DIRECTION_MISMATCH
2026-09-07 15:49:30.752,1788796170.752,9207,62,540,4414.34,4414.42,8.0,PASS_<=10c,+0.0,FLAT,+0.0,+0.0,4.2,+0.00,0.00,SLOW,4414.34,4414.34,4414.34,4414.34,0.00,0.00,0.0,BULLISH,0.0,4414.34,4414.34,4414.34,4414.34,30,CLEARED_>=20s,1.0,0.0,0.0,0.0,0.0,0.0,0.0,PASS_<20%,0.00,0.0,NO,STANDBY_VEL_LOW,0,0.00,4590.00,78.36,FALSE,M1_DIRECTION_MISMATCH
2026-09-07 15:49:31.254,1788796171.255,9208,63,541,4414.34,4414.42,8.0,PASS_<=10c,+0.0,FLAT,+0.0,+0.0,4.2,+0.00,0.00,SLOW,4414.34,4414.34,4414.34,4414.34,0.00,0.00,0.0,BULLISH,0.0,4414.34,4414.34,4414.34,4414.34,31,CLEARED_>=20s,1.0,0.0,0.0,0.0,0.0,0.0,0.0,PASS_<20%,0.00,0.0,NO,STANDBY_VEL_LOW,0,0.00,4590.00,78.36,FALSE,M1_DIRECTION_MISMATCH
2026-09-07 15:49:31.755,1788796171.756,9209,64,542,4414.34,4414.42,8.0,PASS_<=10c,+0.0,FLAT,+0.0,+0.0,4.2,+0.00,0.00,SLOW,4414.34,4414.34,4414.34,4414.34,0.00,0.00,0.0,BULLISH,0.0,4414.34,4414.34,4414.34,4414.34,31,CLEARED_>=20s,1.0,0.0,0.0,0.0,0.0,0.0,0.0,PASS_<20%,0.00,0.0,NO,STANDBY_VEL_LOW,0,0.00,4590.00,78.36,FALSE,M1_DIRECTION_MISMATCH
2026-09-07 15:49:32.257,1788796172.258,9210,65,543,4414.34,4414.42,8.0,PASS_<=10c,+0.0,FLAT,+0.0,+0.0,4.2,+0.00,0.00,SLOW,4414.34,4414.34,4414.34,4414.34,0.00,0.00,0.0,BULLISH,0.0,4414.34,4414.34,4414.34,4414.34,32,CLEARED_>=20s,1.0,0.0,0.0,0.0,0.0,0.0,0.0,PASS_<20%,0.00,0.0,NO,STANDBY_VEL_LOW,0,0.00,4590.00,78.36,FALSE,M1_DIRECTION_MISMATCH
2026-09-07 15:49:32.758,1788796172.759,9211,66,544,4414.34,4414.42,8.0,PASS_<=10c,+0.0,FLAT,+0.0,+0.0,4.2,+0.00,0.00,SLOW,4414.34,4414.34,4414.34,4414.34,0.00,0.00,0.0,BULLISH,0.0,4414.34,4414.34,4414.34,4414.34,32,CLEARED_>=20s,1.0,0.0,0.0,0.0,0.0,0.0,0.0,PASS_<20%,0.00,0.0,NO,STANDBY_VEL_LOW,0,0.00,4590.00,78.36,FALSE,M1_DIRECTION_MISMATCH
2026-09-07 15:49:33.261,1788796173.261,9212,67,545,4414.34,4414.42,8.0,PASS_<=10c,+0.0,FLAT,+0.0,+0.0,4.2,+0.00,0.00,SLOW,4414.34,4414.34,4414.34,4414.34,0.00,0.00,0.0,BULLISH,0.0,4414.34,4414.34,4414.34,4414.34,33,CLEARED_>=20s,1.0,0.0,0.0,0.0,0.0,0.0,0.0,PASS_<20%,0.00,0.0,NO,STANDBY_VEL_LOW,0,0.00,4590.00,78.36,FALSE,M1_DIRECTION_MISMATCH
2026-09-07 15:49:33.762,1788796173.762,9213,68,546,4414.34,4414.42,8.0,PASS_<=10c,+0.0,FLAT,+0.0,+0.0,4.2,+0.00,0.00,SLOW,4414.34,4414.34,4414.34,4414.34,0.00,0.00,0.0,BULLISH,0.0,4414.34,4414.34,4414.34,4414.34,33,CLEARED_>=20s,1.0,0.0,0.0,0.0,0.0,0.0,0.0,PASS_<20%,0.00,0.0,NO,STANDBY_VEL_LOW,0,0.00,4590.00,78.36,FALSE,M1_DIRECTION_MISMATCH
2026-09-07 15:49:34.264,1788796174.264,9214,69,547,4414.34,4414.42,8.0,PASS_<=10c,+0.0,FLAT,+0.0,+0.0,4.2,+0.00,0.00,SLOW,4414.34,4414.34,4414.34,4414.34,0.00,0.00,0.0,BULLISH,0.0,4414.34,4414.34,4414.34,4414.34,34,CLEARED_>=20s,1.0,0.0,0.0,0.0,0.0,0.0,0.0,PASS_<20%,0.00,0.0,NO,STANDBY_VEL_LOW,0,0.00,4590.00,78.36,FALSE,M1_DIRECTION_MISMATCH
2026-09-07 15:49:34.765,1788796174.766,9215,70,548,4414.34,4414.42,8.0,PASS_<=10c,+0.0,FLAT,+0.0,+0.0,4.2,+0.00,0.00,SLOW,4414.34,4414.34,4414.34,4414.34,0.00,0.00,0.0,BULLISH,0.0,4414.34,4414.34,4414.34,4414.34,34,CLEARED_>=20s,1.0,0.0,0.0,0.0,0.0,0.0,0.0,PASS_<20%,0.00,0.0,NO,STANDBY_VEL_LOW,0,0.00,4590.00,78.36,FALSE,M1_DIRECTION_MISMATCH
2026-09-07 15:49:35.267,1788796175.268,9216,71,549,4414.34,4414.42,8.0,PASS_<=10c,+0.0,FLAT,+0.0,+0.0,4.2,+0.00,0.00,SLOW,4414.34,4414.34,4414.34,4414.34,0.00,0.00,0.0,BULLISH,0.0,4414.34,4414.34,4414.34,4414.34,35,CLEARED_>=20s,1.0,0.0,0.0,0.0,0.0,0.0,0.0,PASS_<20%,0.00,0.0,NO,STANDBY_VEL_LOW,0,0.00,4590.00,78.36,FALSE,M1_DIRECTION_MISMATCH
2026-09-07 15:49:35.770,1788796175.770,9217,72,550,4414.34,4414.42,8.0,PASS_<=10c,+0.0,FLAT,+0.0,+0.0,4.2,+0.00,0.00,SLOW,4414.34,4414.34,4414.34,4414.34,0.00,0.00,0.0,BULLISH,0.0,4414.34,4414.34,4414.34,4414.34,35,CLEARED_>=20s,1.0,0.0,0.0,0.0,0.0,0.0,0.0,PASS_<20%,0.00,0.0,NO,STANDBY_VEL_LOW,0,0.00,4590.00,78.36,FALSE,M1_DIRECTION_MISMATCH
2026-09-07 15:49:36.271,1788796176.271,9218,73,551,4414.34,4414.42,8.0,PASS_<=10c,+0.0,FLAT,+0.0,+0.0,4.2,+0.00,0.00,SLOW,4414.34,4414.34,4414.34,4414.34,0.00,0.00,0.0,BULLISH,0.0,4414.34,4414.34,4414.34,4414.34,36,CLEARED_>=20s,1.0,0.0,0.0,0.0,0.0,0.0,0.0,PASS_<20%,0.00,0.0,NO,STANDBY_VEL_LOW,0,0.00,4590.00,78.36,FALSE,M1_DIRECTION_MISMATCH
2026-09-07 15:49:36.773,1788796176.773,9219,74,552,4414.34,4414.42,8.0,PASS_<=10c,+0.0,FLAT,+0.0,+0.0,4.2,+0.00,0.00,SLOW,4414.34,4414.34,4414.34,4414.34,0.00,0.00,0.0,BULLISH,0.0,4414.34,4414.34,4414.34,4414.34,36,CLEARED_>=20s,1.0,0.0,0.0,0.0,0.0,0.0,0.0,PASS_<20%,0.00,0.0,NO,STANDBY_VEL_LOW,0,0.00,4590.00,78.36,FALSE,M1_DIRECTION_MISMATCH
2026-09-07 15:49:37.279,1788796177.279,9220,75,553,4414.34,4414.42,8.0,PASS_<=10c,+0.0,FLAT,+0.0,+0.0,4.2,+0.00,0.00,SLOW,4414.34,4414.34,4414.34,4414.34,0.00,0.00,0.0,BULLISH,0.0,4414.34,4414.34,4414.34,4414.34,37,CLEARED_>=20s,1.0,0.0,0.0,0.0,0.0,0.0,0.0,PASS_<20%,0.00,0.0,NO,STANDBY_VEL_LOW,0,0.00,4590.00,78.36,FALSE,M1_DIRECTION_MISMATCH
2026-09-07 15:49:37.777,1788796177.777,9221,76,554,4414.34,4414.42,8.0,PASS_<=10c,+0.0,FLAT,+0.0,+0.0,4.2,+0.00,0.00,SLOW,4414.34,4414.34,4414.34,4414.34,0.00,0.00,0.0,BULLISH,0.0,4414.34,4414.34,4414.34,4414.34,37,CLEARED_>=20s,1.0,0.0,0.0,0.0,0.0,0.0,0.0,PASS_<20%,0.00,0.0,NO,STANDBY_VEL_LOW,0,0.00,4590.00,78.36,FALSE,M1_DIRECTION_MISMATCH
2026-09-07 15:49:38.278,1788796178.278,9222,77,555,4414.34,4414.42,8.0,PASS_<=10c,+0.0,FLAT,+0.0,+0.0,4.2,+0.00,0.00,SLOW,4414.34,4414.34,4414.34,4414.34,0.00,0.00,0.0,BULLISH,0.0,4414.34,4414.34,4414.34,4414.34,38,CLEARED_>=20s,1.0,0.0,0.0,0.0,0.0,0.0,0.0,PASS_<20%,0.00,0.0,NO,STANDBY_VEL_LOW,0,0.00,4590.00,78.36,FALSE,M1_DIRECTION_MISMATCH
2026-09-07 15:49:38.780,1788796178.780,9223,78,556,4414.34,4414.42,8.0,PASS_<=10c,+0.0,FLAT,+0.0,+0.0,4.2,+0.00,0.00,SLOW,4414.34,4414.34,4414.34,4414.34,0.00,0.00,0.0,BULLISH,0.0,4414.34,4414.34,4414.34,4414.34,38,CLEARED_>=20s,1.0,0.0,0.0,0.0,0.0,0.0,0.0,PASS_<20%,0.00,0.0,NO,STANDBY_VEL_LOW,0,0.00,4590.00,78.36,FALSE,M1_DIRECTION_MISMATCH
2026-09-07 15:49:39.280,1788796179.280,9224,79,557,4414.34,4414.42,8.0,PASS_<=10c,+0.0,FLAT,+0.0,+0.0,4.2,+0.00,0.00,SLOW,4414.34,4414.34,4414.34,4414.34,0.00,0.00,0.0,BULLISH,0.0,4414.34,4414.34,4414.34,4414.34,39,CLEARED_>=20s,1.0,0.0,0.0,0.0,0.0,0.0,0.0,PASS_<20%,0.00,0.0,NO,STANDBY_VEL_LOW,0,0.00,4590.00,78.36,FALSE,M1_DIRECTION_MISMATCH
2026-09-07 15:49:39.781,1788796179.782,9225,80,558,4414.34,4414.42,8.0,PASS_<=10c,+0.0,FLAT,+0.0,+0.0,4.2,+0.00,0.00,SLOW,4414.34,4414.34,4414.34,4414.34,0.00,0.00,0.0,BULLISH,0.0,4414.34,4414.34,4414.34,4414.34,39,CLEARED_>=20s,1.0,0.0,0.0,0.0,0.0,0.0,0.0,PASS_<20%,0.00,0.0,NO,STANDBY_VEL_LOW,0,0.00,4590.00,78.36,FALSE,M1_DIRECTION_MISMATCH
2026-09-07 15:49:40.284,1788796180.284,9226,81,559,4414.34,4414.42,8.0,PASS_<=10c,+0.0,FLAT,+0.0,+0.0,4.2,+0.00,0.00,SLOW,4414.34,4414.34,4414.34,4414.34,0.00,0.00,0.0,BULLISH,0.0,4414.34,4414.34,4414.34,4414.34,40,CLEARED_>=20s,1.0,0.0,0.0,0.0,0.0,0.0,0.0,PASS_<20%,0.00,0.0,NO,STANDBY_VEL_LOW,0,0.00,4590.00,78.36,FALSE,M1_DIRECTION_MISMATCH
2026-09-07 15:49:40.785,1788796180.785,9227,82,560,4414.34,4414.42,8.0,PASS_<=10c,+0.0,FLAT,+0.0,+0.0,4.2,+0.00,0.00,SLOW,4414.34,4414.34,4414.34,4414.34,0.00,0.00,0.0,BULLISH,0.0,4414.34,4414.34,4414.34,4414.34,40,CLEARED_>=20s,1.0,0.0,0.0,0.0,0.0,0.0,0.0,PASS_<20%,0.00,0.0,NO,STANDBY_VEL_LOW,0,0.00,4590.00,78.36,FALSE,M1_DIRECTION_MISMATCH
2026-09-07 15:49:41.286,1788796181.287,9228,83,561,4414.34,4414.42,8.0,PASS_<=10c,+0.0,FLAT,+0.0,+0.0,4.2,+0.00,0.00,SLOW,4414.34,4414.34,4414.34,4414.34,0.00,0.00,0.0,BULLISH,0.0,4414.34,4414.34,4414.34,4414.34,41,CLEARED_>=20s,1.0,0.0,0.0,0.0,0.0,0.0,0.0,PASS_<20%,0.00,0.0,NO,STANDBY_VEL_LOW,0,0.00,4590.00,78.36,FALSE,M1_DIRECTION_MISMATCH
2026-09-07 15:49:41.788,1788796181.788,9229,84,562,4414.34,4414.42,8.0,PASS_<=10c,+0.0,FLAT,+0.0,+0.0,4.2,+0.00,0.00,SLOW,4414.34,4414.34,4414.34,4414.34,0.00,0.00,0.0,BULLISH,0.0,4414.34,4414.34,4414.34,4414.34,41,CLEARED_>=20s,1.0,0.0,0.0,0.0,0.0,0.0,0.0,PASS_<20%,0.00,0.0,NO,STANDBY_VEL_LOW,0,0.00,4590.00,78.36,FALSE,M1_DIRECTION_MISMATCH
2026-09-07 15:49:42.290,1788796182.290,9230,85,563,4414.34,4414.42,8.0,PASS_<=10c,+0.0,FLAT,+0.0,+0.0,4.2,+0.00,0.00,SLOW,4414.34,4414.34,4414.34,4414.34,0.00,0.00,0.0,BULLISH,0.0,4414.34,4414.34,4414.34,4414.34,42,CLEARED_>=20s,1.0,0.0,0.0,0.0,0.0,0.0,0.0,PASS_<20%,0.00,0.0,NO,STANDBY_VEL_LOW,0,0.00,4590.00,78.36,FALSE,M1_DIRECTION_MISMATCH
2026-09-07 15:49:42.791,1788796182.791,9231,86,564,4414.34,4414.42,8.0,PASS_<=10c,+0.0,FLAT,+0.0,+0.0,4.2,+0.00,0.00,SLOW,4414.34,4414.34,4414.34,4414.34,0.00,0.00,0.0,BULLISH,0.0,4414.34,4414.34,4414.34,4414.34,42,CLEARED_>=20s,1.0,0.0,0.0,0.0,0.0,0.0,0.0,PASS_<20%,0.00,0.0,NO,STANDBY_VEL_LOW,0,0.00,4590.00,78.36,FALSE,M1_DIRECTION_MISMATCH
2026-09-07 15:49:43.293,1788796183.293,9232,87,565,4414.34,4414.42,8.0,PASS_<=10c,+0.0,FLAT,+0.0,+0.0,4.2,+0.00,0.00,SLOW,4414.34,4414.34,4414.34,4414.34,0.00,0.00,0.0,BULLISH,0.0,4414.34,4414.34,4414.34,4414.34,43,CLEARED_>=20s,1.0,0.0,0.0,0.0,0.0,0.0,0.0,PASS_<20%,0.00,0.0,NO,STANDBY_VEL_LOW,0,0.00,4590.00,78.36,FALSE,M1_DIRECTION_MISMATCH
2026-09-07 15:49:43.793,1788796183.794,9233,88,566,4414.34,4414.42,8.0,PASS_<=10c,+0.0,FLAT,+0.0,+0.0,4.2,+0.00,0.00,SLOW,4414.34,4414.34,4414.34,4414.34,0.00,0.00,0.0,BULLISH,0.0,4414.34,4414.34,4414.34,4414.34,43,CLEARED_>=20s,1.0,0.0,0.0,0.0,0.0,0.0,0.0,PASS_<20%,0.00,0.0,NO,STANDBY_VEL_LOW,0,0.00,4590.00,78.36,FALSE,M1_DIRECTION_MISMATCH
2026-09-07 15:49:44.295,1788796184.296,9234,89,567,4414.34,4414.42,8.0,PASS_<=10c,+0.0,FLAT,+0.0,+0.0,4.2,+0.00,0.00,SLOW,4414.34,4414.34,4414.34,4414.34,0.00,0.00,0.0,BULLISH,0.0,4414.34,4414.34,4414.34,4414.34,44,CLEARED_>=20s,1.0,0.0,0.0,0.0,0.0,0.0,0.0,PASS_<20%,0.00,0.0,NO,STANDBY_VEL_LOW,0,0.00,4590.00,78.36,FALSE,M1_DIRECTION_MISMATCH
2026-09-07 15:49:44.798,1788796184.798,9235,90,568,4414.34,4414.42,8.0,PASS_<=10c,+0.0,FLAT,+0.0,+0.0,4.2,+0.00,0.00,SLOW,4414.34,4414.34,4414.34,4414.34,0.00,0.00,0.0,BULLISH,0.0,4414.34,4414.34,4414.34,4414.34,44,CLEARED_>=20s,1.0,0.0,0.0,0.0,0.0,0.0,0.0,PASS_<20%,0.00,0.0,NO,STANDBY_VEL_LOW,0,0.00,4590.00,78.36,FALSE,M1_DIRECTION_MISMATCH
2026-09-07 15:49:45.300,1788796185.300,9236,91,569,4414.34,4414.42,8.0,PASS_<=10c,+0.0,FLAT,+0.0,+0.0,4.2,+0.00,0.00,SLOW,4414.34,4414.34,4414.34,4414.34,0.00,0.00,0.0,BULLISH,0.0,4414.34,4414.34,4414.34,4414.34,45,CLEARED_>=20s,1.0,0.0,0.0,0.0,0.0,0.0,0.0,PASS_<20%,0.00,0.0,NO,STANDBY_VEL_LOW,0,0.00,4590.00,78.36,FALSE,M1_DIRECTION_MISMATCH
2026-09-07 15:49:45.802,1788796185.802,9237,92,570,4414.34,4414.42,8.0,PASS_<=10c,+0.0,FLAT,+0.0,+0.0,4.2,+0.00,0.00,SLOW,4414.34,4414.34,4414.34,4414.34,0.00,0.00,0.0,BULLISH,0.0,4414.34,4414.34,4414.34,4414.34,45,CLEARED_>=20s,1.0,0.0,0.0,0.0,0.0,0.0,0.0,PASS_<20%,0.00,0.0,NO,STANDBY_VEL_LOW,0,0.00,4590.00,78.36,FALSE,M1_DIRECTION_MISMATCH
2026-09-07 15:49:46.304,1788796186.304,9238,93,571,4414.34,4414.42,8.0,PASS_<=10c,+0.0,FLAT,+0.0,+0.0,4.2,+0.00,0.00,SLOW,4414.34,4414.34,4414.34,4414.34,0.00,0.00,0.0,BULLISH,0.0,4414.34,4414.34,4414.34,4414.34,46,CLEARED_>=20s,1.0,0.0,0.0,0.0,0.0,0.0,0.0,PASS_<20%,0.00,0.0,NO,STANDBY_VEL_LOW,0,0.00,4590.00,78.36,FALSE,M1_DIRECTION_MISMATCH
2026-09-07 15:49:46.806,1788796186.806,9239,94,572,4414.34,4414.42,8.0,PASS_<=10c,+0.0,FLAT,+0.0,+0.0,4.2,+0.00,0.00,SLOW,4414.34,4414.34,4414.34,4414.34,0.00,0.00,0.0,BULLISH,0.0,4414.34,4414.34,4414.34,4414.34,46,CLEARED_>=20s,1.0,0.0,0.0,0.0,0.0,0.0,0.0,PASS_<20%,0.00,0.0,NO,STANDBY_VEL_LOW,0,0.00,4590.00,78.36,FALSE,M1_DIRECTION_MISMATCH
2026-09-07 15:49:47.308,1788796187.309,9240,95,573,4414.34,4414.42,8.0,PASS_<=10c,+0.0,FLAT,+0.0,+0.0,4.2,+0.00,0.00,SLOW,4414.34,4414.34,4414.34,4414.34,0.00,0.00,0.0,BULLISH,0.0,4414.34,4414.34,4414.34,4414.34,47,CLEARED_>=20s,1.0,0.0,0.0,0.0,0.0,0.0,0.0,PASS_<20%,0.00,0.0,NO,STANDBY_VEL_LOW,0,0.00,4590.00,78.36,FALSE,M1_DIRECTION_MISMATCH
2026-09-07 15:49:47.809,1788796187.810,9241,96,574,4414.34,4414.42,8.0,PASS_<=10c,+0.0,FLAT,+0.0,+0.0,4.2,+0.00,0.00,SLOW,4414.34,4414.34,4414.34,4414.34,0.00,0.00,0.0,BULLISH,0.0,4414.34,4414.34,4414.34,4414.34,47,CLEARED_>=20s,1.0,0.0,0.0,0.0,0.0,0.0,0.0,PASS_<20%,0.00,0.0,NO,STANDBY_VEL_LOW,0,0.00,4590.00,78.36,FALSE,M1_DIRECTION_MISMATCH
2026-09-07 15:49:48.310,1788796188.311,9242,97,575,4414.34,4414.42,8.0,PASS_<=10c,+0.0,FLAT,+0.0,+0.0,4.2,+0.00,0.00,SLOW,4414.34,4414.34,4414.34,4414.34,0.00,0.00,0.0,BULLISH,0.0,4414.34,4414.34,4414.34,4414.34,48,CLEARED_>=20s,1.0,0.0,0.0,0.0,0.0,0.0,0.0,PASS_<20%,0.00,0.0,NO,STANDBY_VEL_LOW,0,0.00,4590.00,78.36,FALSE,M1_DIRECTION_MISMATCH
2026-09-07 15:49:48.812,1788796188.812,9243,98,576,4414.34,4414.42,8.0,PASS_<=10c,+0.0,FLAT,+0.0,+0.0,4.2,+0.00,0.00,SLOW,4414.34,4414.34,4414.34,4414.34,0.00,0.00,0.0,BULLISH,0.0,4414.34,4414.34,4414.34,4414.34,48,CLEARED_>=20s,1.0,0.0,0.0,0.0,0.0,0.0,0.0,PASS_<20%,0.00,0.0,NO,STANDBY_VEL_LOW,0,0.00,4590.00,78.36,FALSE,M1_DIRECTION_MISMATCH
2026-09-07 15:49:49.314,1788796189.314,9244,99,577,4414.34,4414.42,8.0,PASS_<=10c,+0.0,FLAT,+0.0,+0.0,4.2,+0.00,0.00,SLOW,4414.34,4414.34,4414.34,4414.34,0.00,0.00,0.0,BULLISH,0.0,4414.34,4414.34,4414.34,4414.34,49,CLEARED_>=20s,1.0,0.0,0.0,0.0,0.0,0.0,0.0,PASS_<20%,0.00,0.0,NO,STANDBY_VEL_LOW,0,0.00,4590.00,78.36,FALSE,M1_DIRECTION_MISMATCH
2026-09-07 15:49:49.815,1788796189.816,9245,100,578,4414.34,4414.42,8.0,PASS_<=10c,+0.0,FLAT,+0.0,+0.0,4.2,+0.00,0.00,SLOW,4414.34,4414.34,4414.34,4414.34,0.00,0.00,0.0,BULLISH,0.0,4414.34,4414.34,4414.34,4414.34,49,CLEARED_>=20s,1.0,0.0,0.0,0.0,0.0,0.0,0.0,PASS_<20%,0.00,0.0,NO,STANDBY_VEL_LOW,0,0.00,4590.00,78.36,FALSE,M1_DIRECTION_MISMATCH
2026-09-07 15:49:50.318,1788796190.318,9246,101,579,4414.34,4414.42,8.0,PASS_<=10c,+0.0,FLAT,+0.0,+0.0,4.2,+0.00,0.00,SLOW,4414.34,4414.34,4414.34,4414.34,0.00,0.00,0.0,BULLISH,0.0,4414.34,4414.34,4414.34,4414.34,50,CLEARED_>=20s,1.0,0.0,0.0,0.0,0.0,0.0,0.0,PASS_<20%,0.00,0.0,NO,STANDBY_VEL_LOW,0,0.00,4590.00,78.36,FALSE,M1_DIRECTION_MISMATCH
2026-09-07 15:49:50.821,1788796190.821,9247,102,580,4414.34,4414.42,8.0,PASS_<=10c,+0.0,FLAT,+0.0,+0.0,4.2,+0.00,0.00,SLOW,4414.34,4414.34,4414.34,4414.34,0.00,0.00,0.0,BULLISH,0.0,4414.34,4414.34,4414.34,4414.34,50,CLEARED_>=20s,1.0,0.0,0.0,0.0,0.0,0.0,0.0,PASS_<20%,0.00,0.0,NO,STANDBY_VEL_LOW,0,0.00,4590.00,78.36,FALSE,M1_DIRECTION_MISMATCH
2026-09-07 15:49:51.322,1788796191.322,9248,103,581,4414.34,4414.42,8.0,PASS_<=10c,+0.0,FLAT,+0.0,+0.0,4.2,+0.00,0.00,SLOW,4414.34,4414.34,4414.34,4414.34,0.00,0.00,0.0,BULLISH,0.0,4414.34,4414.34,4414.34,4414.34,51,CLEARED_>=20s,1.0,0.0,0.0,0.0,0.0,0.0,0.0,PASS_<20%,0.00,0.0,NO,STANDBY_VEL_LOW,0,0.00,4590.00,78.36,FALSE,M1_DIRECTION_MISMATCH
2026-09-07 15:49:51.837,1788796191.838,9249,104,582,4414.34,4414.42,8.0,PASS_<=10c,+0.0,FLAT,+0.0,+0.0,4.2,+0.00,0.00,SLOW,4414.34,4414.34,4414.34,4414.34,0.00,0.00,0.0,BULLISH,0.0,4414.34,4414.34,4414.34,4414.34,51,CLEARED_>=20s,1.0,0.0,0.0,0.0,0.0,0.0,0.0,PASS_<20%,0.00,0.0,NO,STANDBY_VEL_LOW,0,0.00,4590.00,78.36,FALSE,M1_DIRECTION_MISMATCH
2026-09-07 15:49:52.338,1788796192.339,9250,105,583,4414.34,4414.42,8.0,PASS_<=10c,+0.0,FLAT,+0.0,+0.0,4.2,+0.00,0.00,SLOW,4414.34,4414.34,4414.34,4414.34,0.00,0.00,0.0,BULLISH,0.0,4414.34,4414.34,4414.34,4414.34,52,CLEARED_>=20s,1.0,0.0,0.0,0.0,0.0,0.0,0.0,PASS_<20%,0.00,0.0,NO,STANDBY_VEL_LOW,0,0.00,4590.00,78.36,FALSE,M1_DIRECTION_MISMATCH
2026-09-07 15:49:52.840,1788796192.840,9251,106,584,4414.34,4414.42,8.0,PASS_<=10c,+0.0,FLAT,+0.0,+0.0,4.2,+0.00,0.00,SLOW,4414.34,4414.34,4414.34,4414.34,0.00,0.00,0.0,BULLISH,0.0,4414.34,4414.34,4414.34,4414.34,52,CLEARED_>=20s,1.0,0.0,0.0,0.0,0.0,0.0,0.0,PASS_<20%,0.00,0.0,NO,STANDBY_VEL_LOW,0,0.00,4590.00,78.36,FALSE,M1_DIRECTION_MISMATCH
2026-09-07 15:49:53.342,1788796193.343,9252,107,585,4414.34,4414.42,8.0,PASS_<=10c,+0.0,FLAT,+0.0,+0.0,4.2,+0.00,0.00,SLOW,4414.34,4414.34,4414.34,4414.34,0.00,0.00,0.0,BULLISH,0.0,4414.34,4414.34,4414.34,4414.34,53,CLEARED_>=20s,1.0,0.0,0.0,0.0,0.0,0.0,0.0,PASS_<20%,0.00,0.0,NO,STANDBY_VEL_LOW,0,0.00,4590.00,78.36,FALSE,M1_DIRECTION_MISMATCH
2026-09-07 15:49:53.843,1788796193.843,9253,108,586,4414.34,4414.42,8.0,PASS_<=10c,+0.0,FLAT,+0.0,+0.0,4.2,+0.00,0.00,SLOW,4414.34,4414.34,4414.34,4414.34,0.00,0.00,0.0,BULLISH,0.0,4414.34,4414.34,4414.34,4414.34,53,CLEARED_>=20s,1.0,0.0,0.0,0.0,0.0,0.0,0.0,PASS_<20%,0.00,0.0,NO,STANDBY_VEL_LOW,0,0.00,4590.00,78.36,FALSE,M1_DIRECTION_MISMATCH
2026-09-07 15:49:54.344,1788796194.345,9254,109,587,4414.34,4414.42,8.0,PASS_<=10c,+0.0,FLAT,+0.0,+0.0,4.2,+0.00,0.00,SLOW,4414.34,4414.34,4414.34,4414.34,0.00,0.00,0.0,BULLISH,0.0,4414.34,4414.34,4414.34,4414.34,54,CLEARED_>=20s,1.0,0.0,0.0,0.0,0.0,0.0,0.0,PASS_<20%,0.00,0.0,NO,STANDBY_VEL_LOW,0,0.00,4590.00,78.36,FALSE,M1_DIRECTION_MISMATCH
2026-09-07 15:49:54.846,1788796194.846,9255,110,588,4414.34,4414.42,8.0,PASS_<=10c,+0.0,FLAT,+0.0,+0.0,4.2,+0.00,0.00,SLOW,4414.34,4414.34,4414.34,4414.34,0.00,0.00,0.0,BULLISH,0.0,4414.34,4414.34,4414.34,4414.34,54,CLEARED_>=20s,1.0,0.0,0.0,0.0,0.0,0.0,0.0,PASS_<20%,0.00,0.0,NO,STANDBY_VEL_LOW,0,0.00,4590.00,78.36,FALSE,M1_DIRECTION_MISMATCH
2026-09-07 15:49:55.347,1788796195.348,9256,111,589,4414.34,4414.42,8.0,PASS_<=10c,+0.0,FLAT,+0.0,+0.0,4.2,+0.00,0.00,SLOW,4414.34,4414.34,4414.34,4414.34,0.00,0.00,0.0,BULLISH,0.0,4414.34,4414.34,4414.34,4414.34,55,CLEARED_>=20s,1.0,0.0,0.0,0.0,0.0,0.0,0.0,PASS_<20%,0.00,0.0,NO,STANDBY_VEL_LOW,0,0.00,4590.00,78.36,FALSE,M1_DIRECTION_MISMATCH
2026-09-07 15:49:55.849,1788796195.850,9257,112,590,4414.34,4414.42,8.0,PASS_<=10c,+0.0,FLAT,+0.0,+0.0,4.2,+0.00,0.00,SLOW,4414.34,4414.34,4414.34,4414.34,0.00,0.00,0.0,BULLISH,0.0,4414.34,4414.34,4414.34,4414.34,55,CLEARED_>=20s,1.0,0.0,0.0,0.0,0.0,0.0,0.0,PASS_<20%,0.00,0.0,NO,STANDBY_VEL_LOW,0,0.00,4590.00,78.36,FALSE,M1_DIRECTION_MISMATCH
2026-09-07 15:49:56.350,1788796196.351,9258,113,591,4414.34,4414.42,8.0,PASS_<=10c,+0.0,FLAT,+0.0,+0.0,4.2,+0.00,0.00,SLOW,4414.34,4414.34,4414.34,4414.34,0.00,0.00,0.0,BULLISH,0.0,4414.34,4414.34,4414.34,4414.34,56,CLEARED_>=20s,1.0,0.0,0.0,0.0,0.0,0.0,0.0,PASS_<20%,0.00,0.0,NO,STANDBY_VEL_LOW,0,0.00,4590.00,78.36,FALSE,M1_DIRECTION_MISMATCH
2026-09-07 15:49:56.853,1788796196.853,9259,114,592,4414.34,4414.42,8.0,PASS_<=10c,+0.0,FLAT,+0.0,+0.0,4.2,+0.00,0.00,SLOW,4414.34,4414.34,4414.34,4414.34,0.00,0.00,0.0,BULLISH,0.0,4414.34,4414.34,4414.34,4414.34,56,CLEARED_>=20s,1.0,0.0,0.0,0.0,0.0,0.0,0.0,PASS_<20%,0.00,0.0,NO,STANDBY_VEL_LOW,0,0.00,4590.00,78.36,FALSE,M1_DIRECTION_MISMATCH
2026-09-07 15:49:57.354,1788796197.355,9260,115,593,4414.34,4414.42,8.0,PASS_<=10c,+0.0,FLAT,+0.0,+0.0,4.2,+0.00,0.00,SLOW,4414.34,4414.34,4414.34,4414.34,0.00,0.00,0.0,BULLISH,0.0,4414.34,4414.34,4414.34,4414.34,57,CLEARED_>=20s,1.0,0.0,0.0,0.0,0.0,0.0,0.0,PASS_<20%,0.00,0.0,NO,STANDBY_VEL_LOW,0,0.00,4590.00,78.36,FALSE,M1_DIRECTION_MISMATCH
2026-09-07 15:49:57.856,1788796197.857,9261,116,594,4414.34,4414.42,8.0,PASS_<=10c,+0.0,FLAT,+0.0,+0.0,4.2,+0.00,0.00,SLOW,4414.34,4414.34,4414.34,4414.34,0.00,0.00,0.0,BULLISH,0.0,4414.34,4414.34,4414.34,4414.34,57,CLEARED_>=20s,1.0,0.0,0.0,0.0,0.0,0.0,0.0,PASS_<20%,0.00,0.0,NO,STANDBY_VEL_LOW,0,0.00,4590.00,78.36,FALSE,M1_DIRECTION_MISMATCH
2026-09-07 15:49:58.358,1788796198.358,9262,117,595,4414.34,4414.42,8.0,PASS_<=10c,+0.0,FLAT,+0.0,+0.0,4.2,+0.00,0.00,SLOW,4414.34,4414.34,4414.34,4414.34,0.00,0.00,0.0,BULLISH,0.0,4414.34,4414.34,4414.34,4414.34,58,CLEARED_>=20s,1.0,0.0,0.0,0.0,0.0,0.0,0.0,PASS_<20%,0.00,0.0,NO,STANDBY_VEL_LOW,0,0.00,4590.00,78.36,FALSE,M1_DIRECTION_MISMATCH
2026-09-07 15:49:58.860,1788796198.860,9263,118,596,4414.34,4414.42,8.0,PASS_<=10c,+0.0,FLAT,+0.0,+0.0,4.2,+0.00,0.00,SLOW,4414.34,4414.34,4414.34,4414.34,0.00,0.00,0.0,BULLISH,0.0,4414.34,4414.34,4414.34,4414.34,58,CLEARED_>=20s,1.0,0.0,0.0,0.0,0.0,0.0,0.0,PASS_<20%,0.00,0.0,NO,STANDBY_VEL_LOW,0,0.00,4590.00,78.36,FALSE,M1_DIRECTION_MISMATCH
2026-09-07 15:49:59.361,1788796199.361,9264,119,597,4414.34,4414.42,8.0,PASS_<=10c,+0.0,FLAT,+0.0,+0.0,4.2,+0.00,0.00,SLOW,4414.34,4414.34,4414.34,4414.34,0.00,0.00,0.0,BULLISH,0.0,4414.34,4414.34,4414.34,4414.34,59,CLEARED_>=20s,1.0,0.0,0.0,0.0,0.0,0.0,0.0,PASS_<20%,0.00,0.0,NO,STANDBY_VEL_LOW,0,0.00,4590.00,78.36,FALSE,M1_DIRECTION_MISMATCH
2026-09-07 15:49:59.862,1788796199.863,9265,120,598,4414.34,4414.42,8.0,PASS_<=10c,+0.0,FLAT,+0.0,+0.0,4.2,+0.00,0.00,SLOW,4414.34,4414.34,4414.34,4414.34,0.00,0.00,0.0,BULLISH,0.0,4414.34,4414.34,4414.34,4414.34,59,CLEARED_>=20s,1.0,0.0,0.0,0.0,0.0,0.0,0.0,PASS_<20%,0.00,0.0,NO,STANDBY_VEL_LOW,0,0.00,4590.00,78.36,FALSE,M1_DIRECTION_MISMATCH
2026-09-07 15:50:00.365,1788796200.365,9266,1,1,4414.34,4414.42,8.0,PASS_<=10c,+0.0,FLAT,+0.0,+0.0,4.2,+0.00,0.00,SLOW,4414.34,4414.34,4414.34,4414.34,0.00,0.00,0.0,BULLISH,0.0,4414.34,4414.34,4414.34,4414.34,0,ACTIVE_0s,1.0,0.0,0.0,0.0,0.0,0.0,0.0,PASS_<20%,0.00,0.0,NO,STANDBY_VEL_LOW,0,0.00,4590.00,78.36,FALSE,M1_DIRECTION_MISMATCH|OPENING_SHIELD_ACTIVE_0s
2026-09-07 15:50:00.867,1788796200.868,9267,2,2,4414.34,4414.42,8.0,PASS_<=10c,+0.0,FLAT,+0.0,+0.0,4.2,+0.00,0.00,SLOW,4414.34,4414.34,4414.34,4414.34,0.00,0.00,0.0,BULLISH,0.0,4414.34,4414.34,4414.34,4414.34,0,ACTIVE_0s,1.0,0.0,0.0,0.0,0.0,0.0,0.0,PASS_<20%,0.00,0.0,NO,STANDBY_VEL_LOW,0,0.00,4590.00,78.36,FALSE,M1_DIRECTION_MISMATCH|OPENING_SHIELD_ACTIVE_0s
2026-09-07 15:50:01.368,1788796201.368,9268,3,3,4414.34,4414.42,8.0,PASS_<=10c,+0.0,FLAT,+0.0,+0.0,4.2,+0.00,0.00,SLOW,4414.34,4414.34,4414.34,4414.34,0.00,0.00,0.0,BULLISH,0.0,4414.34,4414.34,4414.34,4414.34,1,ACTIVE_1s,1.0,0.0,0.0,0.0,0.0,0.0,0.0,PASS_<20%,0.00,0.0,NO,STANDBY_VEL_LOW,0,0.00,4590.00,78.36,FALSE,M1_DIRECTION_MISMATCH|OPENING_SHIELD_ACTIVE_1s
2026-09-07 15:50:01.870,1788796201.870,9269,4,4,4414.34,4414.42,8.0,PASS_<=10c,+0.0,FLAT,+0.0,+0.0,4.2,+0.00,0.00,SLOW,4414.34,4414.34,4414.34,4414.34,0.00,0.00,0.0,BULLISH,0.0,4414.34,4414.34,4414.34,4414.34,1,ACTIVE_1s,1.0,0.0,0.0,0.0,0.0,0.0,0.0,PASS_<20%,0.00,0.0,NO,STANDBY_VEL_LOW,0,0.00,4590.00,78.36,FALSE,M1_DIRECTION_MISMATCH|OPENING_SHIELD_ACTIVE_1s
2026-09-07 15:50:02.371,1788796202.372,9270,5,5,4414.34,4414.42,8.0,PASS_<=10c,+0.0,FLAT,+0.0,+0.0,4.2,+0.00,0.00,SLOW,4414.34,4414.34,4414.34,4414.34,0.00,0.00,0.0,BULLISH,0.0,4414.34,4414.34,4414.34,4414.34,2,ACTIVE_2s,1.0,0.0,0.0,0.0,0.0,0.0,0.0,PASS_<20%,0.00,0.0,NO,STANDBY_VEL_LOW,0,0.00,4590.00,78.36,FALSE,M1_DIRECTION_MISMATCH|OPENING_SHIELD_ACTIVE_2s
2026-09-07 15:50:02.873,1788796202.873,9271,6,6,4414.34,4414.42,8.0,PASS_<=10c,+0.0,FLAT,+0.0,+0.0,4.2,+0.00,0.00,SLOW,4414.34,4414.34,4414.34,4414.34,0.00,0.00,0.0,BULLISH,0.0,4414.34,4414.34,4414.34,4414.34,2,ACTIVE_2s,1.0,0.0,0.0,0.0,0.0,0.0,0.0,PASS_<20%,0.00,0.0,NO,STANDBY_VEL_LOW,0,0.00,4590.00,78.36,FALSE,M1_DIRECTION_MISMATCH|OPENING_SHIELD_ACTIVE_2s
2026-09-07 15:50:03.375,1788796203.376,9272,7,7,4414.34,4414.42,8.0,PASS_<=10c,+0.0,FLAT,+0.0,+0.0,4.2,+0.00,0.00,SLOW,4414.34,4414.34,4414.34,4414.34,0.00,0.00,0.0,BULLISH,0.0,4414.34,4414.34,4414.34,4414.34,3,ACTIVE_3s,1.0,0.0,0.0,0.0,0.0,0.0,0.0,PASS_<20%,0.00,0.0,NO,STANDBY_VEL_LOW,0,0.00,4590.00,78.36,FALSE,M1_DIRECTION_MISMATCH|OPENING_SHIELD_ACTIVE_3s
2026-09-07 15:50:03.877,1788796203.878,9273,8,8,4414.34,4414.42,8.0,PASS_<=10c,+0.0,FLAT,+0.0,+0.0,4.2,+0.00,0.00,SLOW,4414.34,4414.34,4414.34,4414.34,0.00,0.00,0.0,BULLISH,0.0,4414.34,4414.34,4414.34,4414.34,3,ACTIVE_3s,1.0,0.0,0.0,0.0,0.0,0.0,0.0,PASS_<20%,0.00,0.0,NO,STANDBY_VEL_LOW,0,0.00,4590.00,78.36,FALSE,M1_DIRECTION_MISMATCH|OPENING_SHIELD_ACTIVE_3s
2026-09-07 15:50:04.379,1788796204.379,9274,9,9,4414.34,4414.42,8.0,PASS_<=10c,+0.0,FLAT,+0.0,+0.0,4.2,+0.00,0.00,SLOW,4414.34,4414.34,4414.34,4414.34,0.00,0.00,0.0,BULLISH,0.0,4414.34,4414.34,4414.34,4414.34,4,ACTIVE_4s,1.0,0.0,0.0,0.0,0.0,0.0,0.0,PASS_<20%,0.00,0.0,NO,STANDBY_VEL_LOW,0,0.00,4590.00,78.36,FALSE,M1_DIRECTION_MISMATCH|OPENING_SHIELD_ACTIVE_4s
2026-09-07 15:50:04.880,1788796204.881,9275,10,10,4414.34,4414.42,8.0,PASS_<=10c,+0.0,FLAT,+0.0,+0.0,4.2,+0.00,0.00,SLOW,4414.34,4414.34,4414.34,4414.34,0.00,0.00,0.0,BULLISH,0.0,4414.34,4414.34,4414.34,4414.34,4,ACTIVE_4s,1.0,0.0,0.0,0.0,0.0,0.0,0.0,PASS_<20%,0.00,0.0,NO,STANDBY_VEL_LOW,0,0.00,4590.00,78.36,FALSE,M1_DIRECTION_MISMATCH|OPENING_SHIELD_ACTIVE_4s
2026-09-07 15:50:05.381,1788796205.382,9276,11,11,4414.34,4414.42,8.0,PASS_<=10c,+0.0,FLAT,+0.0,+0.0,4.2,+0.00,0.00,SLOW,4414.34,4414.34,4414.34,4414.34,0.00,0.00,0.0,BULLISH,0.0,4414.34,4414.34,4414.34,4414.34,5,ACTIVE_5s,1.0,0.0,0.0,0.0,0.0,0.0,0.0,PASS_<20%,0.00,0.0,NO,STANDBY_VEL_LOW,0,0.00,4590.00,78.36,FALSE,M1_DIRECTION_MISMATCH|OPENING_SHIELD_ACTIVE_5s
2026-09-07 15:50:05.882,1788796205.883,9277,12,12,4414.34,4414.42,8.0,PASS_<=10c,+0.0,FLAT,+0.0,+0.0,4.2,+0.00,0.00,SLOW,4414.34,4414.34,4414.34,4414.34,0.00,0.00,0.0,BULLISH,0.0,4414.34,4414.34,4414.34,4414.34,5,ACTIVE_5s,1.0,0.0,0.0,0.0,0.0,0.0,0.0,PASS_<20%,0.00,0.0,NO,STANDBY_VEL_LOW,0,0.00,4590.00,78.36,FALSE,M1_DIRECTION_MISMATCH|OPENING_SHIELD_ACTIVE_5s
2026-09-07 15:50:06.385,1788796206.385,9278,13,13,4414.34,4414.42,8.0,PASS_<=10c,+0.0,FLAT,+0.0,+0.0,4.2,+0.00,0.00,SLOW,4414.34,4414.34,4414.34,4414.34,0.00,0.00,0.0,BULLISH,0.0,4414.34,4414.34,4414.34,4414.34,6,ACTIVE_6s,1.0,0.0,0.0,0.0,0.0,0.0,0.0,PASS_<20%,0.00,0.0,NO,STANDBY_VEL_LOW,0,0.00,4590.00,78.36,FALSE,M1_DIRECTION_MISMATCH|OPENING_SHIELD_ACTIVE_6s
2026-09-07 15:50:06.886,1788796206.887,9279,14,14,4414.34,4414.42,8.0,PASS_<=10c,+0.0,FLAT,+0.0,+0.0,4.2,+0.00,0.00,SLOW,4414.34,4414.34,4414.34,4414.34,0.00,0.00,0.0,BULLISH,0.0,4414.34,4414.34,4414.34,4414.34,6,ACTIVE_6s,1.0,0.0,0.0,0.0,0.0,0.0,0.0,PASS_<20%,0.00,0.0,NO,STANDBY_VEL_LOW,0,0.00,4590.00,78.36,FALSE,M1_DIRECTION_MISMATCH|OPENING_SHIELD_ACTIVE_6s
2026-09-07 15:50:07.388,1788796207.389,9280,15,15,4414.34,4414.42,8.0,PASS_<=10c,+0.0,FLAT,+0.0,+0.0,4.2,+0.00,0.00,SLOW,4414.34,4414.34,4414.34,4414.34,0.00,0.00,0.0,BULLISH,0.0,4414.34,4414.34,4414.34,4414.34,7,ACTIVE_7s,1.0,0.0,0.0,0.0,0.0,0.0,0.0,PASS_<20%,0.00,0.0,NO,STANDBY_VEL_LOW,0,0.00,4590.00,78.36,FALSE,M1_DIRECTION_MISMATCH|OPENING_SHIELD_ACTIVE_7s
2026-09-07 15:50:07.890,1788796207.891,9281,16,16,4414.34,4414.42,8.0,PASS_<=10c,+0.0,FLAT,+0.0,+0.0,4.2,+0.00,0.00,SLOW,4414.34,4414.34,4414.34,4414.34,0.00,0.00,0.0,BULLISH,0.0,4414.34,4414.34,4414.34,4414.34,7,ACTIVE_7s,1.0,0.0,0.0,0.0,0.0,0.0,0.0,PASS_<20%,0.00,0.0,NO,STANDBY_VEL_LOW,0,0.00,4590.00,78.36,FALSE,M1_DIRECTION_MISMATCH|OPENING_SHIELD_ACTIVE_7s
2026-09-07 15:50:08.392,1788796208.393,9282,17,17,4414.34,4414.42,8.0,PASS_<=10c,+0.0,FLAT,+0.0,+0.0,4.2,+0.00,0.00,SLOW,4414.34,4414.34,4414.34,4414.34,0.00,0.00,0.0,BULLISH,0.0,4414.34,4414.34,4414.34,4414.34,8,ACTIVE_8s,1.0,0.0,0.0,0.0,0.0,0.0,0.0,PASS_<20%,0.00,0.0,NO,STANDBY_VEL_LOW,0,0.00,4590.00,78.36,FALSE,M1_DIRECTION_MISMATCH|OPENING_SHIELD_ACTIVE_8s
2026-09-07 15:50:08.894,1788796208.895,9283,18,18,4414.34,4414.42,8.0,PASS_<=10c,+0.0,FLAT,+0.0,+0.0,4.2,+0.00,0.00,SLOW,4414.34,4414.34,4414.34,4414.34,0.00,0.00,0.0,BULLISH,0.0,4414.34,4414.34,4414.34,4414.34,8,ACTIVE_8s,1.0,0.0,0.0,0.0,0.0,0.0,0.0,PASS_<20%,0.00,0.0,NO,STANDBY_VEL_LOW,0,0.00,4590.00,78.36,FALSE,M1_DIRECTION_MISMATCH|OPENING_SHIELD_ACTIVE_8s
2026-09-07 15:50:09.395,1788796209.396,9284,19,19,4414.34,4414.42,8.0,PASS_<=10c,+0.0,FLAT,+0.0,+0.0,4.2,+0.00,0.00,SLOW,4414.34,4414.34,4414.34,4414.34,0.00,0.00,0.0,BULLISH,0.0,4414.34,4414.34,4414.34,4414.34,9,ACTIVE_9s,1.0,0.0,0.0,0.0,0.0,0.0,0.0,PASS_<20%,0.00,0.0,NO,STANDBY_VEL_LOW,0,0.00,4590.00,78.36,FALSE,M1_DIRECTION_MISMATCH|OPENING_SHIELD_ACTIVE_9s
2026-09-07 15:50:09.898,1788796209.898,9285,20,20,4414.34,4414.42,8.0,PASS_<=10c,+0.0,FLAT,+0.0,+0.0,4.2,+0.00,0.00,SLOW,4414.34,4414.34,4414.34,4414.34,0.00,0.00,0.0,BULLISH,0.0,4414.34,4414.34,4414.34,4414.34,9,ACTIVE_9s,1.0,0.0,0.0,0.0,0.0,0.0,0.0,PASS_<20%,0.00,0.0,NO,STANDBY_VEL_LOW,0,0.00,4590.00,78.36,FALSE,M1_DIRECTION_MISMATCH|OPENING_SHIELD_ACTIVE_9s
2026-09-07 15:50:10.400,1788796210.400,9286,21,21,4414.34,4414.42,8.0,PASS_<=10c,+0.0,FLAT,+0.0,+0.0,4.2,+0.00,0.00,SLOW,4414.34,4414.34,4414.34,4414.34,0.00,0.00,0.0,BULLISH,0.0,4414.34,4414.34,4414.34,4414.34,10,ACTIVE_10s,1.0,0.0,0.0,0.0,0.0,0.0,0.0,PASS_<20%,0.00,0.0,NO,STANDBY_VEL_LOW,0,0.00,4590.00,78.36,FALSE,M1_DIRECTION_MISMATCH|OPENING_SHIELD_ACTIVE_10s
2026-09-07 15:50:10.902,1788796210.902,9287,22,22,4414.34,4414.42,8.0,PASS_<=10c,+0.0,FLAT,+0.0,+0.0,4.2,+0.00,0.00,SLOW,4414.34,4414.34,4414.34,4414.34,0.00,0.00,0.0,BULLISH,0.0,4414.34,4414.34,4414.34,4414.34,10,ACTIVE_10s,1.0,0.0,0.0,0.0,0.0,0.0,0.0,PASS_<20%,0.00,0.0,NO,STANDBY_VEL_LOW,0,0.00,4590.00,78.36,FALSE,M1_DIRECTION_MISMATCH|OPENING_SHIELD_ACTIVE_10s
2026-09-07 15:50:11.404,1788796211.405,9288,23,23,4414.34,4414.42,8.0,PASS_<=10c,+0.0,FLAT,+0.0,+0.0,4.2,+0.00,0.00,SLOW,4414.34,4414.34,4414.34,4414.34,0.00,0.00,0.0,BULLISH,0.0,4414.34,4414.34,4414.34,4414.34,11,ACTIVE_11s,1.0,0.0,0.0,0.0,0.0,0.0,0.0,PASS_<20%,0.00,0.0,NO,STANDBY_VEL_LOW,0,0.00,4590.00,78.36,FALSE,M1_DIRECTION_MISMATCH|OPENING_SHIELD_ACTIVE_11s
2026-09-07 15:50:11.906,1788796211.907,9289,24,24,4414.34,4414.42,8.0,PASS_<=10c,+0.0,FLAT,+0.0,+0.0,4.2,+0.00,0.00,SLOW,4414.34,4414.34,4414.34,4414.34,0.00,0.00,0.0,BULLISH,0.0,4414.34,4414.34,4414.34,4414.34,11,ACTIVE_11s,1.0,0.0,0.0,0.0,0.0,0.0,0.0,PASS_<20%,0.00,0.0,NO,STANDBY_VEL_LOW,0,0.00,4590.00,78.36,FALSE,M1_DIRECTION_MISMATCH|OPENING_SHIELD_ACTIVE_11s
2026-09-07 15:50:12.408,1788796212.408,9290,25,25,4414.34,4414.42,8.0,PASS_<=10c,+0.0,FLAT,+0.0,+0.0,4.2,+0.00,0.00,SLOW,4414.34,4414.34,4414.34,4414.34,0.00,0.00,0.0,BULLISH,0.0,4414.34,4414.34,4414.34,4414.34,12,ACTIVE_12s,1.0,0.0,0.0,0.0,0.0,0.0,0.0,PASS_<20%,0.00,0.0,NO,STANDBY_VEL_LOW,0,0.00,4590.00,78.36,FALSE,M1_DIRECTION_MISMATCH|OPENING_SHIELD_ACTIVE_12s
2026-09-07 15:50:12.910,1788796212.910,9291,26,26,4414.34,4414.42,8.0,PASS_<=10c,+0.0,FLAT,+0.0,+0.0,4.2,+0.00,0.00,SLOW,4414.34,4414.34,4414.34,4414.34,0.00,0.00,0.0,BULLISH,0.0,4414.34,4414.34,4414.34,4414.34,12,ACTIVE_12s,1.0,0.0,0.0,0.0,0.0,0.0,0.0,PASS_<20%,0.00,0.0,NO,STANDBY_VEL_LOW,0,0.00,4590.00,78.36,FALSE,M1_DIRECTION_MISMATCH|OPENING_SHIELD_ACTIVE_12s
2026-09-07 15:50:13.412,1788796213.412,9292,27,27,4414.34,4414.42,8.0,PASS_<=10c,+0.0,FLAT,+0.0,+0.0,4.2,+0.00,0.00,SLOW,4414.34,4414.34,4414.34,4414.34,0.00,0.00,0.0,BULLISH,0.0,4414.34,4414.34,4414.34,4414.34,13,ACTIVE_13s,1.0,0.0,0.0,0.0,0.0,0.0,0.0,PASS_<20%,0.00,0.0,NO,STANDBY_VEL_LOW,0,0.00,4590.00,78.36,FALSE,M1_DIRECTION_MISMATCH|OPENING_SHIELD_ACTIVE_13s
2026-09-07 15:50:13.913,1788796213.913,9293,28,28,4414.34,4414.42,8.0,PASS_<=10c,+0.0,FLAT,+0.0,+0.0,4.2,+0.00,0.00,SLOW,4414.34,4414.34,4414.34,4414.34,0.00,0.00,0.0,BULLISH,0.0,4414.34,4414.34,4414.34,4414.34,13,ACTIVE_13s,1.0,0.0,0.0,0.0,0.0,0.0,0.0,PASS_<20%,0.00,0.0,NO,STANDBY_VEL_LOW,0,0.00,4590.00,78.36,FALSE,M1_DIRECTION_MISMATCH|OPENING_SHIELD_ACTIVE_13s
2026-09-07 15:50:14.414,1788796214.415,9294,29,29,4414.34,4414.42,8.0,PASS_<=10c,+0.0,FLAT,+0.0,+0.0,4.2,+0.00,0.00,SLOW,4414.34,4414.34,4414.34,4414.34,0.00,0.00,0.0,BULLISH,0.0,4414.34,4414.34,4414.34,4414.34,14,ACTIVE_14s,1.0,0.0,0.0,0.0,0.0,0.0,0.0,PASS_<20%,0.00,0.0,NO,STANDBY_VEL_LOW,0,0.00,4590.00,78.36,FALSE,M1_DIRECTION_MISMATCH|OPENING_SHIELD_ACTIVE_14s
2026-09-07 15:50:14.916,1788796214.917,9295,30,30,4414.34,4414.42,8.0,PASS_<=10c,+0.0,FLAT,+0.0,+0.0,4.2,+0.00,0.00,SLOW,4414.34,4414.34,4414.34,4414.34,0.00,0.00,0.0,BULLISH,0.0,4414.34,4414.34,4414.34,4414.34,14,ACTIVE_14s,1.0,0.0,0.0,0.0,0.0,0.0,0.0,PASS_<20%,0.00,0.0,NO,STANDBY_VEL_LOW,0,0.00,4590.00,78.36,FALSE,M1_DIRECTION_MISMATCH|OPENING_SHIELD_ACTIVE_14s
2026-09-07 15:50:15.419,1788796215.419,9296,31,31,4414.34,4414.42,8.0,PASS_<=10c,+0.0,FLAT,+0.0,+0.0,4.2,+0.00,0.00,SLOW,4414.34,4414.34,4414.34,4414.34,0.00,0.00,0.0,BULLISH,0.0,4414.34,4414.34,4414.34,4414.34,15,ACTIVE_15s,1.0,0.0,0.0,0.0,0.0,0.0,0.0,PASS_<20%,0.00,0.0,NO,STANDBY_VEL_LOW,0,0.00,4590.00,78.36,FALSE,M1_DIRECTION_MISMATCH|OPENING_SHIELD_ACTIVE_15s
2026-09-07 15:50:15.919,1788796215.919,9297,32,32,4414.34,4414.42,8.0,PASS_<=10c,+0.0,FLAT,+0.0,+0.0,4.2,+0.00,0.00,SLOW,4414.34,4414.34,4414.34,4414.34,0.00,0.00,0.0,BULLISH,0.0,4414.34,4414.34,4414.34,4414.34,15,ACTIVE_15s,1.0,0.0,0.0,0.0,0.0,0.0,0.0,PASS_<20%,0.00,0.0,NO,STANDBY_VEL_LOW,0,0.00,4590.00,78.36,FALSE,M1_DIRECTION_MISMATCH|OPENING_SHIELD_ACTIVE_15s
2026-09-07 15:50:16.421,1788796216.421,9298,33,33,4414.34,4414.42,8.0,PASS_<=10c,+0.0,FLAT,+0.0,+0.0,4.2,+0.00,0.00,SLOW,4414.34,4414.34,4414.34,4414.34,0.00,0.00,0.0,BULLISH,0.0,4414.34,4414.34,4414.34,4414.34,16,ACTIVE_16s,1.0,0.0,0.0,0.0,0.0,0.0,0.0,PASS_<20%,0.00,0.0,NO,STANDBY_VEL_LOW,0,0.00,4590.00,78.36,FALSE,M1_DIRECTION_MISMATCH|OPENING_SHIELD_ACTIVE_16s
2026-09-07 15:50:16.922,1788796216.922,9299,34,34,4414.34,4414.42,8.0,PASS_<=10c,+0.0,FLAT,+0.0,+0.0,4.2,+0.00,0.00,SLOW,4414.34,4414.34,4414.34,4414.34,0.00,0.00,0.0,BULLISH,0.0,4414.34,4414.34,4414.34,4414.34,16,ACTIVE_16s,1.0,0.0,0.0,0.0,0.0,0.0,0.0,PASS_<20%,0.00,0.0,NO,STANDBY_VEL_LOW,0,0.00,4590.00,78.36,FALSE,M1_DIRECTION_MISMATCH|OPENING_SHIELD_ACTIVE_16s
2026-09-07 15:50:17.426,1788796217.427,9300,35,35,4414.34,4414.42,8.0,PASS_<=10c,+0.0,FLAT,+0.0,+0.0,4.2,+0.00,0.00,SLOW,4414.34,4414.34,4414.34,4414.34,0.00,0.00,0.0,BULLISH,0.0,4414.34,4414.34,4414.34,4414.34,17,ACTIVE_17s,1.0,0.0,0.0,0.0,0.0,0.0,0.0,PASS_<20%,0.00,0.0,NO,STANDBY_VEL_LOW,0,0.00,4590.00,78.36,FALSE,M1_DIRECTION_MISMATCH|OPENING_SHIELD_ACTIVE_17s
2026-09-07 15:50:17.925,1788796217.926,9301,36,36,4414.34,4414.42,8.0,PASS_<=10c,+0.0,FLAT,+0.0,+0.0,4.2,+0.00,0.00,SLOW,4414.34,4414.34,4414.34,4414.34,0.00,0.00,0.0,BULLISH,0.0,4414.34,4414.34,4414.34,4414.34,17,ACTIVE_17s,1.0,0.0,0.0,0.0,0.0,0.0,0.0,PASS_<20%,0.00,0.0,NO,STANDBY_VEL_LOW,0,0.00,4590.00,78.36,FALSE,M1_DIRECTION_MISMATCH|OPENING_SHIELD_ACTIVE_17s
2026-09-07 15:50:18.427,1788796218.428,9302,37,37,4414.34,4414.42,8.0,PASS_<=10c,+0.0,FLAT,+0.0,+0.0,4.2,+0.00,0.00,SLOW,4414.34,4414.34,4414.34,4414.34,0.00,0.00,0.0,BULLISH,0.0,4414.34,4414.34,4414.34,4414.34,18,ACTIVE_18s,1.0,0.0,0.0,0.0,0.0,0.0,0.0,PASS_<20%,0.00,0.0,NO,STANDBY_VEL_LOW,0,0.00,4590.00,78.36,FALSE,M1_DIRECTION_MISMATCH|OPENING_SHIELD_ACTIVE_18s
2026-09-07 15:50:18.929,1788796218.930,9303,38,38,4414.34,4414.42,8.0,PASS_<=10c,+0.0,FLAT,+0.0,+0.0,4.2,+0.00,0.00,SLOW,4414.34,4414.34,4414.34,4414.34,0.00,0.00,0.0,BULLISH,0.0,4414.34,4414.34,4414.34,4414.34,18,ACTIVE_18s,1.0,0.0,0.0,0.0,0.0,0.0,0.0,PASS_<20%,0.00,0.0,NO,STANDBY_VEL_LOW,0,0.00,4590.00,78.36,FALSE,M1_DIRECTION_MISMATCH|OPENING_SHIELD_ACTIVE_18s
2026-09-07 15:50:19.431,1788796219.432,9304,39,39,4414.34,4414.42,8.0,PASS_<=10c,+0.0,FLAT,+0.0,+0.0,4.2,+0.00,0.00,SLOW,4414.34,4414.34,4414.34,4414.34,0.00,0.00,0.0,BULLISH,0.0,4414.34,4414.34,4414.34,4414.34,19,ACTIVE_19s,1.0,0.0,0.0,0.0,0.0,0.0,0.0,PASS_<20%,0.00,0.0,NO,STANDBY_VEL_LOW,0,0.00,4590.00,78.36,FALSE,M1_DIRECTION_MISMATCH|OPENING_SHIELD_ACTIVE_19s
2026-09-07 15:50:19.932,1788796219.933,9305,40,40,4414.34,4414.42,8.0,PASS_<=10c,+0.0,FLAT,+0.0,+0.0,4.2,+0.00,0.00,SLOW,4414.34,4414.34,4414.34,4414.34,0.00,0.00,0.0,BULLISH,0.0,4414.34,4414.34,4414.34,4414.34,19,ACTIVE_19s,1.0,0.0,0.0,0.0,0.0,0.0,0.0,PASS_<20%,0.00,0.0,NO,STANDBY_VEL_LOW,0,0.00,4590.00,78.36,FALSE,M1_DIRECTION_MISMATCH|OPENING_SHIELD_ACTIVE_19s
2026-09-07 15:50:20.434,1788796220.434,9306,41,41,4414.34,4414.42,8.0,PASS_<=10c,+0.0,FLAT,+0.0,+0.0,4.2,+0.00,0.00,SLOW,4414.34,4414.34,4414.34,4414.34,0.00,0.00,0.0,BULLISH,0.0,4414.34,4414.34,4414.34,4414.34,20,CLEARED_>=20s,1.0,0.0,0.0,0.0,0.0,0.0,0.0,PASS_<20%,0.00,0.0,NO,STANDBY_VEL_LOW,0,0.00,4590.00,78.36,FALSE,M1_DIRECTION_MISMATCH
2026-09-07 15:50:20.935,1788796220.936,9307,42,42,4414.34,4414.42,8.0,PASS_<=10c,+0.0,FLAT,+0.0,+0.0,4.2,+0.00,0.00,SLOW,4414.34,4414.34,4414.34,4414.34,0.00,0.00,0.0,BULLISH,0.0,4414.34,4414.34,4414.34,4414.34,20,CLEARED_>=20s,1.0,0.0,0.0,0.0,0.0,0.0,0.0,PASS_<20%,0.00,0.0,NO,STANDBY_VEL_LOW,0,0.00,4590.00,78.36,FALSE,M1_DIRECTION_MISMATCH
2026-09-07 15:50:21.437,1788796221.437,9308,43,43,4414.34,4414.42,8.0,PASS_<=10c,+0.0,FLAT,+0.0,+0.0,4.2,+0.00,0.00,SLOW,4414.34,4414.34,4414.34,4414.34,0.00,0.00,0.0,BULLISH,0.0,4414.34,4414.34,4414.34,4414.34,21,CLEARED_>=20s,1.0,0.0,0.0,0.0,0.0,0.0,0.0,PASS_<20%,0.00,0.0,NO,STANDBY_VEL_LOW,0,0.00,4590.00,78.36,FALSE,M1_DIRECTION_MISMATCH
2026-09-07 15:50:21.939,1788796221.939,9309,44,44,4414.34,4414.42,8.0,PASS_<=10c,+0.0,FLAT,+0.0,+0.0,4.2,+0.00,0.00,SLOW,4414.34,4414.34,4414.34,4414.34,0.00,0.00,0.0,BULLISH,0.0,4414.34,4414.34,4414.34,4414.34,21,CLEARED_>=20s,1.0,0.0,0.0,0.0,0.0,0.0,0.0,PASS_<20%,0.00,0.0,NO,STANDBY_VEL_LOW,0,0.00,4590.00,78.36,FALSE,M1_DIRECTION_MISMATCH
2026-09-07 15:50:22.441,1788796222.441,9310,45,45,4414.34,4414.42,8.0,PASS_<=10c,+0.0,FLAT,+0.0,+0.0,4.2,+0.00,0.00,SLOW,4414.34,4414.34,4414.34,4414.34,0.00,0.00,0.0,BULLISH,0.0,4414.34,4414.34,4414.34,4414.34,22,CLEARED_>=20s,1.0,0.0,0.0,0.0,0.0,0.0,0.0,PASS_<20%,0.00,0.0,NO,STANDBY_VEL_LOW,0,0.00,4590.00,78.36,FALSE,M1_DIRECTION_MISMATCH
2026-09-07 15:50:22.943,1788796222.944,9311,46,46,4414.34,4414.42,8.0,PASS_<=10c,+0.0,FLAT,+0.0,+0.0,4.2,+0.00,0.00,SLOW,4414.34,4414.34,4414.34,4414.34,0.00,0.00,0.0,BULLISH,0.0,4414.34,4414.34,4414.34,4414.34,22,CLEARED_>=20s,1.0,0.0,0.0,0.0,0.0,0.0,0.0,PASS_<20%,0.00,0.0,NO,STANDBY_VEL_LOW,0,0.00,4590.00,78.36,FALSE,M1_DIRECTION_MISMATCH
2026-09-07 15:50:23.444,1788796223.445,9312,47,47,4414.34,4414.42,8.0,PASS_<=10c,+0.0,FLAT,+0.0,+0.0,4.2,+0.00,0.00,SLOW,4414.34,4414.34,4414.34,4414.34,0.00,0.00,0.0,BULLISH,0.0,4414.34,4414.34,4414.34,4414.34,23,CLEARED_>=20s,1.0,0.0,0.0,0.0,0.0,0.0,0.0,PASS_<20%,0.00,0.0,NO,STANDBY_VEL_LOW,0,0.00,4590.00,78.36,FALSE,M1_DIRECTION_MISMATCH
2026-09-07 15:50:23.947,1788796223.947,9313,48,48,4414.34,4414.42,8.0,PASS_<=10c,+0.0,FLAT,+0.0,+0.0,4.2,+0.00,0.00,SLOW,4414.34,4414.34,4414.34,4414.34,0.00,0.00,0.0,BULLISH,0.0,4414.34,4414.34,4414.34,4414.34,23,CLEARED_>=20s,1.0,0.0,0.0,0.0,0.0,0.0,0.0,PASS_<20%,0.00,0.0,NO,STANDBY_VEL_LOW,0,0.00,4590.00,78.36,FALSE,M1_DIRECTION_MISMATCH
2026-09-07 15:50:24.448,1788796224.449,9314,49,49,4414.34,4414.42,8.0,PASS_<=10c,+0.0,FLAT,+0.0,+0.0,4.2,+0.00,0.00,SLOW,4414.34,4414.34,4414.34,4414.34,0.00,0.00,0.0,BULLISH,0.0,4414.34,4414.34,4414.34,4414.34,24,CLEARED_>=20s,1.0,0.0,0.0,0.0,0.0,0.0,0.0,PASS_<20%,0.00,0.0,NO,STANDBY_VEL_LOW,0,0.00,4590.00,78.36,FALSE,M1_DIRECTION_MISMATCH
2026-09-07 15:50:24.950,1788796224.951,9315,50,50,4414.34,4414.42,8.0,PASS_<=10c,+0.0,FLAT,+0.0,+0.0,4.2,+0.00,0.00,SLOW,4414.34,4414.34,4414.34,4414.34,0.00,0.00,0.0,BULLISH,0.0,4414.34,4414.34,4414.34,4414.34,24,CLEARED_>=20s,1.0,0.0,0.0,0.0,0.0,0.0,0.0,PASS_<20%,0.00,0.0,NO,STANDBY_VEL_LOW,0,0.00,4590.00,78.36,FALSE,M1_DIRECTION_MISMATCH
2026-09-07 15:50:25.452,1788796225.452,9316,51,51,4414.34,4414.42,8.0,PASS_<=10c,+0.0,FLAT,+0.0,+0.0,4.2,+0.00,0.00,SLOW,4414.34,4414.34,4414.34,4414.34,0.00,0.00,0.0,BULLISH,0.0,4414.34,4414.34,4414.34,4414.34,25,CLEARED_>=20s,1.0,0.0,0.0,0.0,0.0,0.0,0.0,PASS_<20%,0.00,0.0,NO,STANDBY_VEL_LOW,0,0.00,4590.00,78.36,FALSE,M1_DIRECTION_MISMATCH
2026-09-07 15:50:25.953,1788796225.953,9317,52,52,4414.34,4414.42,8.0,PASS_<=10c,+0.0,FLAT,+0.0,+0.0,4.2,+0.00,0.00,SLOW,4414.34,4414.34,4414.34,4414.34,0.00,0.00,0.0,BULLISH,0.0,4414.34,4414.34,4414.34,4414.34,25,CLEARED_>=20s,1.0,0.0,0.0,0.0,0.0,0.0,0.0,PASS_<20%,0.00,0.0,NO,STANDBY_VEL_LOW,0,0.00,4590.00,78.36,FALSE,M1_DIRECTION_MISMATCH
2026-09-07 15:50:26.455,1788796226.456,9318,53,53,4414.34,4414.42,8.0,PASS_<=10c,+0.0,FLAT,+0.0,+0.0,4.2,+0.00,0.00,SLOW,4414.34,4414.34,4414.34,4414.34,0.00,0.00,0.0,BULLISH,0.0,4414.34,4414.34,4414.34,4414.34,26,CLEARED_>=20s,1.0,0.0,0.0,0.0,0.0,0.0,0.0,PASS_<20%,0.00,0.0,NO,STANDBY_VEL_LOW,0,0.00,4590.00,78.36,FALSE,M1_DIRECTION_MISMATCH
2026-09-07 15:50:26.956,1788796226.956,9319,54,54,4414.34,4414.42,8.0,PASS_<=10c,+0.0,FLAT,+0.0,+0.0,4.2,+0.00,0.00,SLOW,4414.34,4414.34,4414.34,4414.34,0.00,0.00,0.0,BULLISH,0.0,4414.34,4414.34,4414.34,4414.34,26,CLEARED_>=20s,1.0,0.0,0.0,0.0,0.0,0.0,0.0,PASS_<20%,0.00,0.0,NO,STANDBY_VEL_LOW,0,0.00,4590.00,78.36,FALSE,M1_DIRECTION_MISMATCH
2026-09-07 15:50:27.459,1788796227.459,9320,55,55,4414.34,4414.42,8.0,PASS_<=10c,+0.0,FLAT,+0.0,+0.0,4.2,+0.00,0.00,SLOW,4414.34,4414.34,4414.34,4414.34,0.00,0.00,0.0,BULLISH,0.0,4414.34,4414.34,4414.34,4414.34,27,CLEARED_>=20s,1.0,0.0,0.0,0.0,0.0,0.0,0.0,PASS_<20%,0.00,0.0,NO,STANDBY_VEL_LOW,0,0.00,4590.00,78.36,FALSE,M1_DIRECTION_MISMATCH
2026-09-07 15:50:27.960,1788796227.961,9321,56,56,4414.34,4414.42,8.0,PASS_<=10c,+0.0,FLAT,+0.0,+0.0,4.2,+0.00,0.00,SLOW,4414.34,4414.34,4414.34,4414.34,0.00,0.00,0.0,BULLISH,0.0,4414.34,4414.34,4414.34,4414.34,27,CLEARED_>=20s,1.0,0.0,0.0,0.0,0.0,0.0,0.0,PASS_<20%,0.00,0.0,NO,STANDBY_VEL_LOW,0,0.00,4590.00,78.36,FALSE,M1_DIRECTION_MISMATCH
2026-09-07 15:50:28.464,1788796228.464,9322,57,57,4414.34,4414.42,8.0,PASS_<=10c,+0.0,FLAT,+0.0,+0.0,4.2,+0.00,0.00,SLOW,4414.34,4414.34,4414.34,4414.34,0.00,0.00,0.0,BULLISH,0.0,4414.34,4414.34,4414.34,4414.34,28,CLEARED_>=20s,1.0,0.0,0.0,0.0,0.0,0.0,0.0,PASS_<20%,0.00,0.0,NO,STANDBY_VEL_LOW,0,0.00,4590.00,78.36,FALSE,M1_DIRECTION_MISMATCH
2026-09-07 15:50:28.964,1788796228.965,9323,58,58,4414.34,4414.42,8.0,PASS_<=10c,+0.0,FLAT,+0.0,+0.0,4.2,+0.00,0.00,SLOW,4414.34,4414.34,4414.34,4414.34,0.00,0.00,0.0,BULLISH,0.0,4414.34,4414.34,4414.34,4414.34,28,CLEARED_>=20s,1.0,0.0,0.0,0.0,0.0,0.0,0.0,PASS_<20%,0.00,0.0,NO,STANDBY_VEL_LOW,0,0.00,4590.00,78.36,FALSE,M1_DIRECTION_MISMATCH
2026-09-07 15:50:29.466,1788796229.467,9324,59,59,4414.34,4414.42,8.0,PASS_<=10c,+0.0,FLAT,+0.0,+0.0,4.2,+0.00,0.00,SLOW,4414.34,4414.34,4414.34,4414.34,0.00,0.00,0.0,BULLISH,0.0,4414.34,4414.34,4414.34,4414.34,29,CLEARED_>=20s,1.0,0.0,0.0,0.0,0.0,0.0,0.0,PASS_<20%,0.00,0.0,NO,STANDBY_VEL_LOW,0,0.00,4590.00,78.36,FALSE,M1_DIRECTION_MISMATCH
2026-09-07 15:50:29.967,1788796229.968,9325,60,60,4414.34,4414.42,8.0,PASS_<=10c,+0.0,FLAT,+0.0,+0.0,4.2,+0.00,0.00,SLOW,4414.34,4414.34,4414.34,4414.34,0.00,0.00,0.0,BULLISH,0.0,4414.34,4414.34,4414.34,4414.34,29,CLEARED_>=20s,1.0,0.0,0.0,0.0,0.0,0.0,0.0,PASS_<20%,0.00,0.0,NO,STANDBY_VEL_LOW,0,0.00,4590.00,78.36,FALSE,M1_DIRECTION_MISMATCH
2026-09-07 15:50:30.468,1788796230.469,9326,61,61,4414.34,4414.42,8.0,PASS_<=10c,+0.0,FLAT,+0.0,+0.0,4.2,+0.00,0.00,SLOW,4414.34,4414.34,4414.34,4414.34,0.00,0.00,0.0,BULLISH,0.0,4414.34,4414.34,4414.34,4414.34,30,CLEARED_>=20s,1.0,0.0,0.0,0.0,0.0,0.0,0.0,PASS_<20%,0.00,0.0,NO,STANDBY_VEL_LOW,0,0.00,4590.00,78.36,FALSE,M1_DIRECTION_MISMATCH
2026-09-07 15:50:30.970,1788796230.971,9327,62,62,4414.34,4414.42,8.0,PASS_<=10c,+0.0,FLAT,+0.0,+0.0,4.2,+0.00,0.00,SLOW,4414.34,4414.34,4414.34,4414.34,0.00,0.00,0.0,BULLISH,0.0,4414.34,4414.34,4414.34,4414.34,30,CLEARED_>=20s,1.0,0.0,0.0,0.0,0.0,0.0,0.0,PASS_<20%,0.00,0.0,NO,STANDBY_VEL_LOW,0,0.00,4590.00,78.36,FALSE,M1_DIRECTION_MISMATCH
2026-09-07 15:50:31.472,1788796231.473,9328,63,63,4414.34,4414.42,8.0,PASS_<=10c,+0.0,FLAT,+0.0,+0.0,4.2,+0.00,0.00,SLOW,4414.34,4414.34,4414.34,4414.34,0.00,0.00,0.0,BULLISH,0.0,4414.34,4414.34,4414.34,4414.34,31,CLEARED_>=20s,1.0,0.0,0.0,0.0,0.0,0.0,0.0,PASS_<20%,0.00,0.0,NO,STANDBY_VEL_LOW,0,0.00,4590.00,78.36,FALSE,M1_DIRECTION_MISMATCH
2026-09-07 15:50:31.974,1788796231.974,9329,64,64,4414.34,4414.42,8.0,PASS_<=10c,+0.0,FLAT,+0.0,+0.0,4.2,+0.00,0.00,SLOW,4414.34,4414.34,4414.34,4414.34,0.00,0.00,0.0,BULLISH,0.0,4414.34,4414.34,4414.34,4414.34,31,CLEARED_>=20s,1.0,0.0,0.0,0.0,0.0,0.0,0.0,PASS_<20%,0.00,0.0,NO,STANDBY_VEL_LOW,0,0.00,4590.00,78.36,FALSE,M1_DIRECTION_MISMATCH
2026-09-07 15:50:32.475,1788796232.476,9330,65,65,4414.34,4414.42,8.0,PASS_<=10c,+0.0,FLAT,+0.0,+0.0,4.2,+0.00,0.00,SLOW,4414.34,4414.34,4414.34,4414.34,0.00,0.00,0.0,BULLISH,0.0,4414.34,4414.34,4414.34,4414.34,32,CLEARED_>=20s,1.0,0.0,0.0,0.0,0.0,0.0,0.0,PASS_<20%,0.00,0.0,NO,STANDBY_VEL_LOW,0,0.00,4590.00,78.36,FALSE,M1_DIRECTION_MISMATCH
2026-09-07 15:50:32.978,1788796232.978,9331,66,66,4414.34,4414.42,8.0,PASS_<=10c,+0.0,FLAT,+0.0,+0.0,4.2,+0.00,0.00,SLOW,4414.34,4414.34,4414.34,4414.34,0.00,0.00,0.0,BULLISH,0.0,4414.34,4414.34,4414.34,4414.34,32,CLEARED_>=20s,1.0,0.0,0.0,0.0,0.0,0.0,0.0,PASS_<20%,0.00,0.0,NO,STANDBY_VEL_LOW,0,0.00,4590.00,78.36,FALSE,M1_DIRECTION_MISMATCH
2026-09-07 15:50:33.480,1788796233.480,9332,67,67,4414.34,4414.42,8.0,PASS_<=10c,+0.0,FLAT,+0.0,+0.0,4.2,+0.00,0.00,SLOW,4414.34,4414.34,4414.34,4414.34,0.00,0.00,0.0,BULLISH,0.0,4414.34,4414.34,4414.34,4414.34,33,CLEARED_>=20s,1.0,0.0,0.0,0.0,0.0,0.0,0.0,PASS_<20%,0.00,0.0,NO,STANDBY_VEL_LOW,0,0.00,4590.00,78.36,FALSE,M1_DIRECTION_MISMATCH
2026-09-07 15:50:33.980,1788796233.981,9333,68,68,4414.34,4414.42,8.0,PASS_<=10c,+0.0,FLAT,+0.0,+0.0,4.2,+0.00,0.00,SLOW,4414.34,4414.34,4414.34,4414.34,0.00,0.00,0.0,BULLISH,0.0,4414.34,4414.34,4414.34,4414.34,33,CLEARED_>=20s,1.0,0.0,0.0,0.0,0.0,0.0,0.0,PASS_<20%,0.00,0.0,NO,STANDBY_VEL_LOW,0,0.00,4590.00,78.36,FALSE,M1_DIRECTION_MISMATCH
2026-09-07 15:50:34.482,1788796234.482,9334,69,69,4414.34,4414.42,8.0,PASS_<=10c,+0.0,FLAT,+0.0,+0.0,4.2,+0.00,0.00,SLOW,4414.34,4414.34,4414.34,4414.34,0.00,0.00,0.0,BULLISH,0.0,4414.34,4414.34,4414.34,4414.34,34,CLEARED_>=20s,1.0,0.0,0.0,0.0,0.0,0.0,0.0,PASS_<20%,0.00,0.0,NO,STANDBY_VEL_LOW,0,0.00,4590.00,78.36,FALSE,M1_DIRECTION_MISMATCH
2026-09-07 15:50:34.983,1788796234.983,9335,70,70,4414.34,4414.42,8.0,PASS_<=10c,+0.0,FLAT,+0.0,+0.0,4.2,+0.00,0.00,SLOW,4414.34,4414.34,4414.34,4414.34,0.00,0.00,0.0,BULLISH,0.0,4414.34,4414.34,4414.34,4414.34,34,CLEARED_>=20s,1.0,0.0,0.0,0.0,0.0,0.0,0.0,PASS_<20%,0.00,0.0,NO,STANDBY_VEL_LOW,0,0.00,4590.00,78.36,FALSE,M1_DIRECTION_MISMATCH
2026-09-07 15:50:35.484,1788796235.485,9336,71,71,4414.34,4414.42,8.0,PASS_<=10c,+0.0,FLAT,+0.0,+0.0,4.2,+0.00,0.00,SLOW,4414.34,4414.34,4414.34,4414.34,0.00,0.00,0.0,BULLISH,0.0,4414.34,4414.34,4414.34,4414.34,35,CLEARED_>=20s,1.0,0.0,0.0,0.0,0.0,0.0,0.0,PASS_<20%,0.00,0.0,NO,STANDBY_VEL_LOW,0,0.00,4590.00,78.36,FALSE,M1_DIRECTION_MISMATCH
2026-09-07 15:50:35.986,1788796235.987,9337,72,72,4414.34,4414.42,8.0,PASS_<=10c,+0.0,FLAT,+0.0,+0.0,4.2,+0.00,0.00,SLOW,4414.34,4414.34,4414.34,4414.34,0.00,0.00,0.0,BULLISH,0.0,4414.34,4414.34,4414.34,4414.34,35,CLEARED_>=20s,1.0,0.0,0.0,0.0,0.0,0.0,0.0,PASS_<20%,0.00,0.0,NO,STANDBY_VEL_LOW,0,0.00,4590.00,78.36,FALSE,M1_DIRECTION_MISMATCH
2026-09-07 15:50:36.487,1788796236.488,9338,73,73,4414.34,4414.42,8.0,PASS_<=10c,+0.0,FLAT,+0.0,+0.0,4.2,+0.00,0.00,SLOW,4414.34,4414.34,4414.34,4414.34,0.00,0.00,0.0,BULLISH,0.0,4414.34,4414.34,4414.34,4414.34,36,CLEARED_>=20s,1.0,0.0,0.0,0.0,0.0,0.0,0.0,PASS_<20%,0.00,0.0,NO,STANDBY_VEL_LOW,0,0.00,4590.00,78.36,FALSE,M1_DIRECTION_MISMATCH
2026-09-07 15:50:36.990,1788796236.990,9339,74,74,4414.34,4414.42,8.0,PASS_<=10c,+0.0,FLAT,+0.0,+0.0,4.2,+0.00,0.00,SLOW,4414.34,4414.34,4414.34,4414.34,0.00,0.00,0.0,BULLISH,0.0,4414.34,4414.34,4414.34,4414.34,36,CLEARED_>=20s,1.0,0.0,0.0,0.0,0.0,0.0,0.0,PASS_<20%,0.00,0.0,NO,STANDBY_VEL_LOW,0,0.00,4590.00,78.36,FALSE,M1_DIRECTION_MISMATCH
2026-09-07 15:50:37.492,1788796237.493,9340,75,75,4414.34,4414.42,8.0,PASS_<=10c,+0.0,FLAT,+0.0,+0.0,4.2,+0.00,0.00,SLOW,4414.34,4414.34,4414.34,4414.34,0.00,0.00,0.0,BULLISH,0.0,4414.34,4414.34,4414.34,4414.34,37,CLEARED_>=20s,1.0,0.0,0.0,0.0,0.0,0.0,0.0,PASS_<20%,0.00,0.0,NO,STANDBY_VEL_LOW,0,0.00,4590.00,78.36,FALSE,M1_DIRECTION_MISMATCH
2026-09-07 15:50:37.994,1788796237.995,9341,76,76,4414.34,4414.42,8.0,PASS_<=10c,+0.0,FLAT,+0.0,+0.0,4.2,+0.00,0.00,SLOW,4414.34,4414.34,4414.34,4414.34,0.00,0.00,0.0,BULLISH,0.0,4414.34,4414.34,4414.34,4414.34,37,CLEARED_>=20s,1.0,0.0,0.0,0.0,0.0,0.0,0.0,PASS_<20%,0.00,0.0,NO,STANDBY_VEL_LOW,0,0.00,4590.00,78.36,FALSE,M1_DIRECTION_MISMATCH
2026-09-07 15:50:38.496,1788796238.497,9342,77,77,4414.34,4414.42,8.0,PASS_<=10c,+0.0,FLAT,+0.0,+0.0,4.2,+0.00,0.00,SLOW,4414.34,4414.34,4414.34,4414.34,0.00,0.00,0.0,BULLISH,0.0,4414.34,4414.34,4414.34,4414.34,38,CLEARED_>=20s,1.0,0.0,0.0,0.0,0.0,0.0,0.0,PASS_<20%,0.00,0.0,NO,STANDBY_VEL_LOW,0,0.00,4590.00,78.36,FALSE,M1_DIRECTION_MISMATCH
2026-09-07 15:50:38.998,1788796238.998,9343,78,78,4414.34,4414.42,8.0,PASS_<=10c,+0.0,FLAT,+0.0,+0.0,4.2,+0.00,0.00,SLOW,4414.34,4414.34,4414.34,4414.34,0.00,0.00,0.0,BULLISH,0.0,4414.34,4414.34,4414.34,4414.34,38,CLEARED_>=20s,1.0,0.0,0.0,0.0,0.0,0.0,0.0,PASS_<20%,0.00,0.0,NO,STANDBY_VEL_LOW,0,0.00,4590.00,78.36,FALSE,M1_DIRECTION_MISMATCH
2026-09-07 15:50:39.501,1788796239.501,9344,79,79,4414.34,4414.42,8.0,PASS_<=10c,+0.0,FLAT,+0.0,+0.0,4.2,+0.00,0.00,SLOW,4414.34,4414.34,4414.34,4414.34,0.00,0.00,0.0,BULLISH,0.0,4414.34,4414.34,4414.34,4414.34,39,CLEARED_>=20s,1.0,0.0,0.0,0.0,0.0,0.0,0.0,PASS_<20%,0.00,0.0,NO,STANDBY_VEL_LOW,0,0.00,4590.00,78.36,FALSE,M1_DIRECTION_MISMATCH
2026-09-07 15:50:40.002,1788796240.003,9345,80,80,4414.34,4414.42,8.0,PASS_<=10c,+0.0,FLAT,+0.0,+0.0,4.2,+0.00,0.00,SLOW,4414.34,4414.34,4414.34,4414.34,0.00,0.00,0.0,BULLISH,0.0,4414.34,4414.34,4414.34,4414.34,40,CLEARED_>=20s,1.0,0.0,0.0,0.0,0.0,0.0,0.0,PASS_<20%,0.00,0.0,NO,STANDBY_VEL_LOW,0,0.00,4590.00,78.36,FALSE,M1_DIRECTION_MISMATCH
2026-09-07 15:50:40.503,1788796240.503,9346,81,81,4414.34,4414.42,8.0,PASS_<=10c,+0.0,FLAT,+0.0,+0.0,4.2,+0.00,0.00,SLOW,4414.34,4414.34,4414.34,4414.34,0.00,0.00,0.0,BULLISH,0.0,4414.34,4414.34,4414.34,4414.34,40,CLEARED_>=20s,1.0,0.0,0.0,0.0,0.0,0.0,0.0,PASS_<20%,0.00,0.0,NO,STANDBY_VEL_LOW,0,0.00,4590.00,78.36,FALSE,M1_DIRECTION_MISMATCH
2026-09-07 15:50:41.004,1788796241.005,9347,82,82,4414.34,4414.42,8.0,PASS_<=10c,+0.0,FLAT,+0.0,+0.0,4.2,+0.00,0.00,SLOW,4414.34,4414.34,4414.34,4414.34,0.00,0.00,0.0,BULLISH,0.0,4414.34,4414.34,4414.34,4414.34,41,CLEARED_>=20s,1.0,0.0,0.0,0.0,0.0,0.0,0.0,PASS_<20%,0.00,0.0,NO,STANDBY_VEL_LOW,0,0.00,4590.00,78.36,FALSE,M1_DIRECTION_MISMATCH
2026-09-07 15:50:41.506,1788796241.506,9348,83,83,4414.34,4414.42,8.0,PASS_<=10c,+0.0,FLAT,+0.0,+0.0,4.2,+0.00,0.00,SLOW,4414.34,4414.34,4414.34,4414.34,0.00,0.00,0.0,BULLISH,0.0,4414.34,4414.34,4414.34,4414.34,41,CLEARED_>=20s,1.0,0.0,0.0,0.0,0.0,0.0,0.0,PASS_<20%,0.00,0.0,NO,STANDBY_VEL_LOW,0,0.00,4590.00,78.36,FALSE,M1_DIRECTION_MISMATCH
2026-09-07 15:50:42.009,1788796242.009,9349,84,84,4414.34,4414.42,8.0,PASS_<=10c,+0.0,FLAT,+0.0,+0.0,4.2,+0.00,0.00,SLOW,4414.34,4414.34,4414.34,4414.34,0.00,0.00,0.0,BULLISH,0.0,4414.34,4414.34,4414.34,4414.34,42,CLEARED_>=20s,1.0,0.0,0.0,0.0,0.0,0.0,0.0,PASS_<20%,0.00,0.0,NO,STANDBY_VEL_LOW,0,0.00,4590.00,78.36,FALSE,M1_DIRECTION_MISMATCH
2026-09-07 15:50:42.509,1788796242.510,9350,85,85,4414.34,4414.42,8.0,PASS_<=10c,+0.0,FLAT,+0.0,+0.0,4.2,+0.00,0.00,SLOW,4414.34,4414.34,4414.34,4414.34,0.00,0.00,0.0,BULLISH,0.0,4414.34,4414.34,4414.34,4414.34,42,CLEARED_>=20s,1.0,0.0,0.0,0.0,0.0,0.0,0.0,PASS_<20%,0.00,0.0,NO,STANDBY_VEL_LOW,0,0.00,4590.00,78.36,FALSE,M1_DIRECTION_MISMATCH
2026-09-07 15:50:43.010,1788796243.011,9351,86,86,4414.34,4414.42,8.0,PASS_<=10c,+0.0,FLAT,+0.0,+0.0,4.2,+0.00,0.00,SLOW,4414.34,4414.34,4414.34,4414.34,0.00,0.00,0.0,BULLISH,0.0,4414.34,4414.34,4414.34,4414.34,43,CLEARED_>=20s,1.0,0.0,0.0,0.0,0.0,0.0,0.0,PASS_<20%,0.00,0.0,NO,STANDBY_VEL_LOW,0,0.00,4590.00,78.36,FALSE,M1_DIRECTION_MISMATCH
2026-09-07 15:50:43.514,1788796243.514,9352,87,87,4414.34,4414.42,8.0,PASS_<=10c,+0.0,FLAT,+0.0,+0.0,4.2,+0.00,0.00,SLOW,4414.34,4414.34,4414.34,4414.34,0.00,0.00,0.0,BULLISH,0.0,4414.34,4414.34,4414.34,4414.34,43,CLEARED_>=20s,1.0,0.0,0.0,0.0,0.0,0.0,0.0,PASS_<20%,0.00,0.0,NO,STANDBY_VEL_LOW,0,0.00,4590.00,78.36,FALSE,M1_DIRECTION_MISMATCH
2026-09-07 15:50:44.015,1788796244.016,9353,88,88,4414.34,4414.42,8.0,PASS_<=10c,+0.0,FLAT,+0.0,+0.0,4.2,+0.00,0.00,SLOW,4414.34,4414.34,4414.34,4414.34,0.00,0.00,0.0,BULLISH,0.0,4414.34,4414.34,4414.34,4414.34,44,CLEARED_>=20s,1.0,0.0,0.0,0.0,0.0,0.0,0.0,PASS_<20%,0.00,0.0,NO,STANDBY_VEL_LOW,0,0.00,4590.00,78.36,FALSE,M1_DIRECTION_MISMATCH
2026-09-07 15:50:44.517,1788796244.517,9354,89,89,4414.34,4414.42,8.0,PASS_<=10c,+0.0,FLAT,+0.0,+0.0,4.2,+0.00,0.00,SLOW,4414.34,4414.34,4414.34,4414.34,0.00,0.00,0.0,BULLISH,0.0,4414.34,4414.34,4414.34,4414.34,44,CLEARED_>=20s,1.0,0.0,0.0,0.0,0.0,0.0,0.0,PASS_<20%,0.00,0.0,NO,STANDBY_VEL_LOW,0,0.00,4590.00,78.36,FALSE,M1_DIRECTION_MISMATCH
2026-09-07 15:50:45.018,1788796245.018,9355,90,90,4414.34,4414.42,8.0,PASS_<=10c,+0.0,FLAT,+0.0,+0.0,4.2,+0.00,0.00,SLOW,4414.34,4414.34,4414.34,4414.34,0.00,0.00,0.0,BULLISH,0.0,4414.34,4414.34,4414.34,4414.34,45,CLEARED_>=20s,1.0,0.0,0.0,0.0,0.0,0.0,0.0,PASS_<20%,0.00,0.0,NO,STANDBY_VEL_LOW,0,0.00,4590.00,78.36,FALSE,M1_DIRECTION_MISMATCH
2026-09-07 15:50:45.520,1788796245.521,9356,91,91,4414.34,4414.42,8.0,PASS_<=10c,+0.0,FLAT,+0.0,+0.0,4.2,+0.00,0.00,SLOW,4414.34,4414.34,4414.34,4414.34,0.00,0.00,0.0,BULLISH,0.0,4414.34,4414.34,4414.34,4414.34,45,CLEARED_>=20s,1.0,0.0,0.0,0.0,0.0,0.0,0.0,PASS_<20%,0.00,0.0,NO,STANDBY_VEL_LOW,0,0.00,4590.00,78.36,FALSE,M1_DIRECTION_MISMATCH
2026-09-07 15:50:46.021,1788796246.022,9357,92,92,4414.34,4414.42,8.0,PASS_<=10c,+0.0,FLAT,+0.0,+0.0,4.2,+0.00,0.00,SLOW,4414.34,4414.34,4414.34,4414.34,0.00,0.00,0.0,BULLISH,0.0,4414.34,4414.34,4414.34,4414.34,46,CLEARED_>=20s,1.0,0.0,0.0,0.0,0.0,0.0,0.0,PASS_<20%,0.00,0.0,NO,STANDBY_VEL_LOW,0,0.00,4590.00,78.36,FALSE,M1_DIRECTION_MISMATCH
2026-09-07 15:50:46.523,1788796246.523,9358,93,93,4414.34,4414.42,8.0,PASS_<=10c,+0.0,FLAT,+0.0,+0.0,4.2,+0.00,0.00,SLOW,4414.34,4414.34,4414.34,4414.34,0.00,0.00,0.0,BULLISH,0.0,4414.34,4414.34,4414.34,4414.34,46,CLEARED_>=20s,1.0,0.0,0.0,0.0,0.0,0.0,0.0,PASS_<20%,0.00,0.0,NO,STANDBY_VEL_LOW,0,0.00,4590.00,78.36,FALSE,M1_DIRECTION_MISMATCH
2026-09-07 15:50:47.024,1788796247.025,9359,94,94,4414.34,4414.42,8.0,PASS_<=10c,+0.0,FLAT,+0.0,+0.0,4.2,+0.00,0.00,SLOW,4414.34,4414.34,4414.34,4414.34,0.00,0.00,0.0,BULLISH,0.0,4414.34,4414.34,4414.34,4414.34,47,CLEARED_>=20s,1.0,0.0,0.0,0.0,0.0,0.0,0.0,PASS_<20%,0.00,0.0,NO,STANDBY_VEL_LOW,0,0.00,4590.00,78.36,FALSE,M1_DIRECTION_MISMATCH
2026-09-07 15:50:47.526,1788796247.527,9360,95,95,4414.34,4414.42,8.0,PASS_<=10c,+0.0,FLAT,+0.0,+0.0,4.2,+0.00,0.00,SLOW,4414.34,4414.34,4414.34,4414.34,0.00,0.00,0.0,BULLISH,0.0,4414.34,4414.34,4414.34,4414.34,47,CLEARED_>=20s,1.0,0.0,0.0,0.0,0.0,0.0,0.0,PASS_<20%,0.00,0.0,NO,STANDBY_VEL_LOW,0,0.00,4590.00,78.36,FALSE,M1_DIRECTION_MISMATCH
2026-09-07 15:50:48.029,1788796248.029,9361,96,96,4414.34,4414.42,8.0,PASS_<=10c,+0.0,FLAT,+0.0,+0.0,4.2,+0.00,0.00,SLOW,4414.34,4414.34,4414.34,4414.34,0.00,0.00,0.0,BULLISH,0.0,4414.34,4414.34,4414.34,4414.34,48,CLEARED_>=20s,1.0,0.0,0.0,0.0,0.0,0.0,0.0,PASS_<20%,0.00,0.0,NO,STANDBY_VEL_LOW,0,0.00,4590.00,78.36,FALSE,M1_DIRECTION_MISMATCH
2026-09-07 15:50:48.530,1788796248.531,9362,97,97,4414.34,4414.42,8.0,PASS_<=10c,+0.0,FLAT,+0.0,+0.0,4.2,+0.00,0.00,SLOW,4414.34,4414.34,4414.34,4414.34,0.00,0.00,0.0,BULLISH,0.0,4414.34,4414.34,4414.34,4414.34,48,CLEARED_>=20s,1.0,0.0,0.0,0.0,0.0,0.0,0.0,PASS_<20%,0.00,0.0,NO,STANDBY_VEL_LOW,0,0.00,4590.00,78.36,FALSE,M1_DIRECTION_MISMATCH
2026-09-07 15:50:49.032,1788796249.032,9363,98,98,4414.34,4414.42,8.0,PASS_<=10c,+0.0,FLAT,+0.0,+0.0,4.2,+0.00,0.00,SLOW,4414.34,4414.34,4414.34,4414.34,0.00,0.00,0.0,BULLISH,0.0,4414.34,4414.34,4414.34,4414.34,49,CLEARED_>=20s,1.0,0.0,0.0,0.0,0.0,0.0,0.0,PASS_<20%,0.00,0.0,NO,STANDBY_VEL_LOW,0,0.00,4590.00,78.36,FALSE,M1_DIRECTION_MISMATCH
2026-09-07 15:50:49.534,1788796249.534,9364,99,99,4414.34,4414.42,8.0,PASS_<=10c,+0.0,FLAT,+0.0,+0.0,4.2,+0.00,0.00,SLOW,4414.34,4414.34,4414.34,4414.34,0.00,0.00,0.0,BULLISH,0.0,4414.34,4414.34,4414.34,4414.34,49,CLEARED_>=20s,1.0,0.0,0.0,0.0,0.0,0.0,0.0,PASS_<20%,0.00,0.0,NO,STANDBY_VEL_LOW,0,0.00,4590.00,78.36,FALSE,M1_DIRECTION_MISMATCH
2026-09-07 15:50:50.036,1788796250.036,9365,100,100,4414.34,4414.42,8.0,PASS_<=10c,+0.0,FLAT,+0.0,+0.0,4.2,+0.00,0.00,SLOW,4414.34,4414.34,4414.34,4414.34,0.00,0.00,0.0,BULLISH,0.0,4414.34,4414.34,4414.34,4414.34,50,CLEARED_>=20s,1.0,0.0,0.0,0.0,0.0,0.0,0.0,PASS_<20%,0.00,0.0,NO,STANDBY_VEL_LOW,0,0.00,4590.00,78.36,FALSE,M1_DIRECTION_MISMATCH
2026-09-07 15:50:50.538,1788796250.538,9366,101,101,4414.34,4414.42,8.0,PASS_<=10c,+0.0,FLAT,+0.0,+0.0,4.2,+0.00,0.00,SLOW,4414.34,4414.34,4414.34,4414.34,0.00,0.00,0.0,BULLISH,0.0,4414.34,4414.34,4414.34,4414.34,50,CLEARED_>=20s,1.0,0.0,0.0,0.0,0.0,0.0,0.0,PASS_<20%,0.00,0.0,NO,STANDBY_VEL_LOW,0,0.00,4590.00,78.36,FALSE,M1_DIRECTION_MISMATCH
2026-09-07 15:50:51.039,1788796251.039,9367,102,102,4414.34,4414.42,8.0,PASS_<=10c,+0.0,FLAT,+0.0,+0.0,4.2,+0.00,0.00,SLOW,4414.34,4414.34,4414.34,4414.34,0.00,0.00,0.0,BULLISH,0.0,4414.34,4414.34,4414.34,4414.34,51,CLEARED_>=20s,1.0,0.0,0.0,0.0,0.0,0.0,0.0,PASS_<20%,0.00,0.0,NO,STANDBY_VEL_LOW,0,0.00,4590.00,78.36,FALSE,M1_DIRECTION_MISMATCH
2026-09-07 15:50:51.540,1788796251.541,9368,103,103,4414.34,4414.42,8.0,PASS_<=10c,+0.0,FLAT,+0.0,+0.0,4.2,+0.00,0.00,SLOW,4414.34,4414.34,4414.34,4414.34,0.00,0.00,0.0,BULLISH,0.0,4414.34,4414.34,4414.34,4414.34,51,CLEARED_>=20s,1.0,0.0,0.0,0.0,0.0,0.0,0.0,PASS_<20%,0.00,0.0,NO,STANDBY_VEL_LOW,0,0.00,4590.00,78.36,FALSE,M1_DIRECTION_MISMATCH
2026-09-07 15:50:52.042,1788796252.042,9369,104,104,4414.34,4414.42,8.0,PASS_<=10c,+0.0,FLAT,+0.0,+0.0,4.2,+0.00,0.00,SLOW,4414.34,4414.34,4414.34,4414.34,0.00,0.00,0.0,BULLISH,0.0,4414.34,4414.34,4414.34,4414.34,52,CLEARED_>=20s,1.0,0.0,0.0,0.0,0.0,0.0,0.0,PASS_<20%,0.00,0.0,NO,STANDBY_VEL_LOW,0,0.00,4590.00,78.36,FALSE,M1_DIRECTION_MISMATCH
2026-09-07 15:50:52.544,1788796252.544,9370,105,105,4414.34,4414.42,8.0,PASS_<=10c,+0.0,FLAT,+0.0,+0.0,4.2,+0.00,0.00,SLOW,4414.34,4414.34,4414.34,4414.34,0.00,0.00,0.0,BULLISH,0.0,4414.34,4414.34,4414.34,4414.34,52,CLEARED_>=20s,1.0,0.0,0.0,0.0,0.0,0.0,0.0,PASS_<20%,0.00,0.0,NO,STANDBY_VEL_LOW,0,0.00,4590.00,78.36,FALSE,M1_DIRECTION_MISMATCH
2026-09-07 15:50:53.046,1788796253.047,9371,106,106,4414.34,4414.42,8.0,PASS_<=10c,+0.0,FLAT,+0.0,+0.0,4.2,+0.00,0.00,SLOW,4414.34,4414.34,4414.34,4414.34,0.00,0.00,0.0,BULLISH,0.0,4414.34,4414.34,4414.34,4414.34,53,CLEARED_>=20s,1.0,0.0,0.0,0.0,0.0,0.0,0.0,PASS_<20%,0.00,0.0,NO,STANDBY_VEL_LOW,0,0.00,4590.00,78.36,FALSE,M1_DIRECTION_MISMATCH
2026-09-07 15:50:53.547,1788796253.548,9372,107,107,4414.34,4414.42,8.0,PASS_<=10c,+0.0,FLAT,+0.0,+0.0,4.2,+0.00,0.00,SLOW,4414.34,4414.34,4414.34,4414.34,0.00,0.00,0.0,BULLISH,0.0,4414.34,4414.34,4414.34,4414.34,53,CLEARED_>=20s,1.0,0.0,0.0,0.0,0.0,0.0,0.0,PASS_<20%,0.00,0.0,NO,STANDBY_VEL_LOW,0,0.00,4590.00,78.36,FALSE,M1_DIRECTION_MISMATCH
2026-09-07 15:50:54.049,1788796254.049,9373,108,108,4414.34,4414.42,8.0,PASS_<=10c,+0.0,FLAT,+0.0,+0.0,4.2,+0.00,0.00,SLOW,4414.34,4414.34,4414.34,4414.34,0.00,0.00,0.0,BULLISH,0.0,4414.34,4414.34,4414.34,4414.34,54,CLEARED_>=20s,1.0,0.0,0.0,0.0,0.0,0.0,0.0,PASS_<20%,0.00,0.0,NO,STANDBY_VEL_LOW,0,0.00,4590.00,78.36,FALSE,M1_DIRECTION_MISMATCH
2026-09-07 15:50:54.550,1788796254.550,9374,109,109,4414.34,4414.42,8.0,PASS_<=10c,+0.0,FLAT,+0.0,+0.0,4.2,+0.00,0.00,SLOW,4414.34,4414.34,4414.34,4414.34,0.00,0.00,0.0,BULLISH,0.0,4414.34,4414.34,4414.34,4414.34,54,CLEARED_>=20s,1.0,0.0,0.0,0.0,0.0,0.0,0.0,PASS_<20%,0.00,0.0,NO,STANDBY_VEL_LOW,0,0.00,4590.00,78.36,FALSE,M1_DIRECTION_MISMATCH
2026-09-07 15:50:55.051,1788796255.051,9375,110,110,4414.34,4414.42,8.0,PASS_<=10c,+0.0,FLAT,+0.0,+0.0,4.2,+0.00,0.00,SLOW,4414.34,4414.34,4414.34,4414.34,0.00,0.00,0.0,BULLISH,0.0,4414.34,4414.34,4414.34,4414.34,55,CLEARED_>=20s,1.0,0.0,0.0,0.0,0.0,0.0,0.0,PASS_<20%,0.00,0.0,NO,STANDBY_VEL_LOW,0,0.00,4590.00,78.36,FALSE,M1_DIRECTION_MISMATCH
2026-09-07 15:50:55.552,1788796255.553,9376,111,111,4414.34,4414.42,8.0,PASS_<=10c,+0.0,FLAT,+0.0,+0.0,4.2,+0.00,0.00,SLOW,4414.34,4414.34,4414.34,4414.34,0.00,0.00,0.0,BULLISH,0.0,4414.34,4414.34,4414.34,4414.34,55,CLEARED_>=20s,1.0,0.0,0.0,0.0,0.0,0.0,0.0,PASS_<20%,0.00,0.0,NO,STANDBY_VEL_LOW,0,0.00,4590.00,78.36,FALSE,M1_DIRECTION_MISMATCH
2026-09-07 15:50:56.054,1788796256.055,9377,112,112,4414.34,4414.42,8.0,PASS_<=10c,+0.0,FLAT,+0.0,+0.0,4.2,+0.00,0.00,SLOW,4414.34,4414.34,4414.34,4414.34,0.00,0.00,0.0,BULLISH,0.0,4414.34,4414.34,4414.34,4414.34,56,CLEARED_>=20s,1.0,0.0,0.0,0.0,0.0,0.0,0.0,PASS_<20%,0.00,0.0,NO,STANDBY_VEL_LOW,0,0.00,4590.00,78.36,FALSE,M1_DIRECTION_MISMATCH
2026-09-07 15:50:56.556,1788796256.556,9378,113,113,4414.34,4414.42,8.0,PASS_<=10c,+0.0,FLAT,+0.0,+0.0,4.2,+0.00,0.00,SLOW,4414.34,4414.34,4414.34,4414.34,0.00,0.00,0.0,BULLISH,0.0,4414.34,4414.34,4414.34,4414.34,56,CLEARED_>=20s,1.0,0.0,0.0,0.0,0.0,0.0,0.0,PASS_<20%,0.00,0.0,NO,STANDBY_VEL_LOW,0,0.00,4590.00,78.36,FALSE,M1_DIRECTION_MISMATCH
2026-09-07 15:50:57.058,1788796257.058,9379,114,114,4414.34,4414.42,8.0,PASS_<=10c,+0.0,FLAT,+0.0,+0.0,4.2,+0.00,0.00,SLOW,4414.34,4414.34,4414.34,4414.34,0.00,0.00,0.0,BULLISH,0.0,4414.34,4414.34,4414.34,4414.34,57,CLEARED_>=20s,1.0,0.0,0.0,0.0,0.0,0.0,0.0,PASS_<20%,0.00,0.0,NO,STANDBY_VEL_LOW,0,0.00,4590.00,78.36,FALSE,M1_DIRECTION_MISMATCH
2026-09-07 15:50:57.560,1788796257.560,9380,115,115,4414.34,4414.42,8.0,PASS_<=10c,+0.0,FLAT,+0.0,+0.0,4.2,+0.00,0.00,SLOW,4414.34,4414.34,4414.34,4414.34,0.00,0.00,0.0,BULLISH,0.0,4414.34,4414.34,4414.34,4414.34,57,CLEARED_>=20s,1.0,0.0,0.0,0.0,0.0,0.0,0.0,PASS_<20%,0.00,0.0,NO,STANDBY_VEL_LOW,0,0.00,4590.00,78.36,FALSE,M1_DIRECTION_MISMATCH
2026-09-07 15:50:58.061,1788796258.062,9381,116,116,4414.34,4414.42,8.0,PASS_<=10c,+0.0,FLAT,+0.0,+0.0,4.2,+0.00,0.00,SLOW,4414.34,4414.34,4414.34,4414.34,0.00,0.00,0.0,BULLISH,0.0,4414.34,4414.34,4414.34,4414.34,58,CLEARED_>=20s,1.0,0.0,0.0,0.0,0.0,0.0,0.0,PASS_<20%,0.00,0.0,NO,STANDBY_VEL_LOW,0,0.00,4590.00,78.36,FALSE,M1_DIRECTION_MISMATCH
2026-09-07 15:50:58.563,1788796258.563,9382,117,117,4414.34,4414.42,8.0,PASS_<=10c,+0.0,FLAT,+0.0,+0.0,4.2,+0.00,0.00,SLOW,4414.34,4414.34,4414.34,4414.34,0.00,0.00,0.0,BULLISH,0.0,4414.34,4414.34,4414.34,4414.34,58,CLEARED_>=20s,1.0,0.0,0.0,0.0,0.0,0.0,0.0,PASS_<20%,0.00,0.0,NO,STANDBY_VEL_LOW,0,0.00,4590.00,78.36,FALSE,M1_DIRECTION_MISMATCH
2026-09-07 15:50:59.064,1788796259.064,9383,118,118,4414.34,4414.42,8.0,PASS_<=10c,+0.0,FLAT,+0.0,+0.0,4.2,+0.00,0.00,SLOW,4414.34,4414.34,4414.34,4414.34,0.00,0.00,0.0,BULLISH,0.0,4414.34,4414.34,4414.34,4414.34,59,CLEARED_>=20s,1.0,0.0,0.0,0.0,0.0,0.0,0.0,PASS_<20%,0.00,0.0,NO,STANDBY_VEL_LOW,0,0.00,4590.00,78.36,FALSE,M1_DIRECTION_MISMATCH
2026-09-07 15:50:59.565,1788796259.566,9384,119,119,4414.34,4414.42,8.0,PASS_<=10c,+0.0,FLAT,+0.0,+0.0,4.2,+0.00,0.00,SLOW,4414.34,4414.34,4414.34,4414.34,0.00,0.00,0.0,BULLISH,0.0,4414.34,4414.34,4414.34,4414.34,59,CLEARED_>=20s,1.0,0.0,0.0,0.0,0.0,0.0,0.0,PASS_<20%,0.00,0.0,NO,STANDBY_VEL_LOW,0,0.00,4590.00,78.36,FALSE,M1_DIRECTION_MISMATCH
2026-09-07 15:51:00.067,1788796260.068,9385,1,120,4414.34,4414.42,8.0,PASS_<=10c,+0.0,FLAT,+0.0,+0.0,4.2,+0.00,0.00,SLOW,4414.34,4414.34,4414.34,4414.34,0.00,0.00,0.0,BULLISH,0.0,4414.34,4414.34,4414.34,4414.34,0,ACTIVE_0s,1.0,0.0,0.0,0.0,0.0,0.0,0.0,PASS_<20%,0.00,0.0,NO,STANDBY_VEL_LOW,0,0.00,4590.00,78.36,FALSE,M1_DIRECTION_MISMATCH|OPENING_SHIELD_ACTIVE_0s
2026-09-07 15:51:00.568,1788796260.569,9386,2,121,4414.34,4414.42,8.0,PASS_<=10c,+0.0,FLAT,+0.0,+0.0,4.2,+0.00,0.00,SLOW,4414.34,4414.34,4414.34,4414.34,0.00,0.00,0.0,BULLISH,0.0,4414.34,4414.34,4414.34,4414.34,0,ACTIVE_0s,1.0,0.0,0.0,0.0,0.0,0.0,0.0,PASS_<20%,0.00,0.0,NO,STANDBY_VEL_LOW,0,0.00,4590.00,78.36,FALSE,M1_DIRECTION_MISMATCH|OPENING_SHIELD_ACTIVE_0s
2026-09-07 15:51:01.071,1788796261.071,9387,3,122,4414.34,4414.42,8.0,PASS_<=10c,+0.0,FLAT,+0.0,+0.0,4.2,+0.00,0.00,SLOW,4414.34,4414.34,4414.34,4414.34,0.00,0.00,0.0,BULLISH,0.0,4414.34,4414.34,4414.34,4414.34,1,ACTIVE_1s,1.0,0.0,0.0,0.0,0.0,0.0,0.0,PASS_<20%,0.00,0.0,NO,STANDBY_VEL_LOW,0,0.00,4590.00,78.36,FALSE,M1_DIRECTION_MISMATCH|OPENING_SHIELD_ACTIVE_1s
2026-09-07 15:51:01.574,1788796261.574,9388,4,123,4414.34,4414.42,8.0,PASS_<=10c,+0.0,FLAT,+0.0,+0.0,4.2,+0.00,0.00,SLOW,4414.34,4414.34,4414.34,4414.34,0.00,0.00,0.0,BULLISH,0.0,4414.34,4414.34,4414.34,4414.34,1,ACTIVE_1s,1.0,0.0,0.0,0.0,0.0,0.0,0.0,PASS_<20%,0.00,0.0,NO,STANDBY_VEL_LOW,0,0.00,4590.00,78.36,FALSE,M1_DIRECTION_MISMATCH|OPENING_SHIELD_ACTIVE_1s
2026-09-07 15:51:02.075,1788796262.076,9389,5,124,4414.34,4414.42,8.0,PASS_<=10c,+0.0,FLAT,+0.0,+0.0,4.2,+0.00,0.00,SLOW,4414.34,4414.34,4414.34,4414.34,0.00,0.00,0.0,BULLISH,0.0,4414.34,4414.34,4414.34,4414.34,2,ACTIVE_2s,1.0,0.0,0.0,0.0,0.0,0.0,0.0,PASS_<20%,0.00,0.0,NO,STANDBY_VEL_LOW,0,0.00,4590.00,78.36,FALSE,M1_DIRECTION_MISMATCH|OPENING_SHIELD_ACTIVE_2s
2026-09-07 15:51:02.577,1788796262.577,9390,6,125,4414.34,4414.42,8.0,PASS_<=10c,+0.0,FLAT,+0.0,+0.0,4.2,+0.00,0.00,SLOW,4414.34,4414.34,4414.34,4414.34,0.00,0.00,0.0,BULLISH,0.0,4414.34,4414.34,4414.34,4414.34,2,ACTIVE_2s,1.0,0.0,0.0,0.0,0.0,0.0,0.0,PASS_<20%,0.00,0.0,NO,STANDBY_VEL_LOW,0,0.00,4590.00,78.36,FALSE,M1_DIRECTION_MISMATCH|OPENING_SHIELD_ACTIVE_2s
2026-09-07 15:51:03.078,1788796263.078,9391,7,126,4414.34,4414.42,8.0,PASS_<=10c,+0.0,FLAT,+0.0,+0.0,4.2,+0.00,0.00,SLOW,4414.34,4414.34,4414.34,4414.34,0.00,0.00,0.0,BULLISH,0.0,4414.34,4414.34,4414.34,4414.34,3,ACTIVE_3s,1.0,0.0,0.0,0.0,0.0,0.0,0.0,PASS_<20%,0.00,0.0,NO,STANDBY_VEL_LOW,0,0.00,4590.00,78.36,FALSE,M1_DIRECTION_MISMATCH|OPENING_SHIELD_ACTIVE_3s
2026-09-07 15:51:03.580,1788796263.580,9392,8,127,4414.34,4414.42,8.0,PASS_<=10c,+0.0,FLAT,+0.0,+0.0,4.2,+0.00,0.00,SLOW,4414.34,4414.34,4414.34,4414.34,0.00,0.00,0.0,BULLISH,0.0,4414.34,4414.34,4414.34,4414.34,3,ACTIVE_3s,1.0,0.0,0.0,0.0,0.0,0.0,0.0,PASS_<20%,0.00,0.0,NO,STANDBY_VEL_LOW,0,0.00,4590.00,78.36,FALSE,M1_DIRECTION_MISMATCH|OPENING_SHIELD_ACTIVE_3s
2026-09-07 15:51:04.082,1788796264.083,9393,9,128,4414.34,4414.42,8.0,PASS_<=10c,+0.0,FLAT,+0.0,+0.0,4.2,+0.00,0.00,SLOW,4414.34,4414.34,4414.34,4414.34,0.00,0.00,0.0,BULLISH,0.0,4414.34,4414.34,4414.34,4414.34,4,ACTIVE_4s,1.0,0.0,0.0,0.0,0.0,0.0,0.0,PASS_<20%,0.00,0.0,NO,STANDBY_VEL_LOW,0,0.00,4590.00,78.36,FALSE,M1_DIRECTION_MISMATCH|OPENING_SHIELD_ACTIVE_4s
2026-09-07 15:51:04.584,1788796264.584,9394,10,129,4414.34,4414.42,8.0,PASS_<=10c,+0.0,FLAT,+0.0,+0.0,4.2,+0.00,0.00,SLOW,4414.34,4414.34,4414.34,4414.34,0.00,0.00,0.0,BULLISH,0.0,4414.34,4414.34,4414.34,4414.34,4,ACTIVE_4s,1.0,0.0,0.0,0.0,0.0,0.0,0.0,PASS_<20%,0.00,0.0,NO,STANDBY_VEL_LOW,0,0.00,4590.00,78.36,FALSE,M1_DIRECTION_MISMATCH|OPENING_SHIELD_ACTIVE_4s
2026-09-07 15:51:05.085,1788796265.086,9395,11,130,4414.34,4414.42,8.0,PASS_<=10c,+0.0,FLAT,+0.0,+0.0,4.2,+0.00,0.00,SLOW,4414.34,4414.34,4414.34,4414.34,0.00,0.00,0.0,BULLISH,0.0,4414.34,4414.34,4414.34,4414.34,5,ACTIVE_5s,1.0,0.0,0.0,0.0,0.0,0.0,0.0,PASS_<20%,0.00,0.0,NO,STANDBY_VEL_LOW,0,0.00,4590.00,78.36,FALSE,M1_DIRECTION_MISMATCH|OPENING_SHIELD_ACTIVE_5s
2026-09-07 15:51:05.588,1788796265.588,9396,12,131,4414.34,4414.42,8.0,PASS_<=10c,+0.0,FLAT,+0.0,+0.0,4.2,+0.00,0.00,SLOW,4414.34,4414.34,4414.34,4414.34,0.00,0.00,0.0,BULLISH,0.0,4414.34,4414.34,4414.34,4414.34,5,ACTIVE_5s,1.0,0.0,0.0,0.0,0.0,0.0,0.0,PASS_<20%,0.00,0.0,NO,STANDBY_VEL_LOW,0,0.00,4590.00,78.36,FALSE,M1_DIRECTION_MISMATCH|OPENING_SHIELD_ACTIVE_5s
2026-09-07 15:51:06.090,1788796266.090,9397,13,132,4414.34,4414.42,8.0,PASS_<=10c,+0.0,FLAT,+0.0,+0.0,4.2,+0.00,0.00,SLOW,4414.34,4414.34,4414.34,4414.34,0.00,0.00,0.0,BULLISH,0.0,4414.34,4414.34,4414.34,4414.34,6,ACTIVE_6s,1.0,0.0,0.0,0.0,0.0,0.0,0.0,PASS_<20%,0.00,0.0,NO,STANDBY_VEL_LOW,0,0.00,4590.00,78.36,FALSE,M1_DIRECTION_MISMATCH|OPENING_SHIELD_ACTIVE_6s
2026-09-07 15:51:06.591,1788796266.592,9398,14,133,4414.34,4414.42,8.0,PASS_<=10c,+0.0,FLAT,+0.0,+0.0,4.2,+0.00,0.00,SLOW,4414.34,4414.34,4414.34,4414.34,0.00,0.00,0.0,BULLISH,0.0,4414.34,4414.34,4414.34,4414.34,6,ACTIVE_6s,1.0,0.0,0.0,0.0,0.0,0.0,0.0,PASS_<20%,0.00,0.0,NO,STANDBY_VEL_LOW,0,0.00,4590.00,78.36,FALSE,M1_DIRECTION_MISMATCH|OPENING_SHIELD_ACTIVE_6s
2026-09-07 15:51:07.093,1788796267.094,9399,15,134,4414.34,4414.42,8.0,PASS_<=10c,+0.0,FLAT,+0.0,+0.0,4.2,+0.00,0.00,SLOW,4414.34,4414.34,4414.34,4414.34,0.00,0.00,0.0,BULLISH,0.0,4414.34,4414.34,4414.34,4414.34,7,ACTIVE_7s,1.0,0.0,0.0,0.0,0.0,0.0,0.0,PASS_<20%,0.00,0.0,NO,STANDBY_VEL_LOW,0,0.00,4590.00,78.36,FALSE,M1_DIRECTION_MISMATCH|OPENING_SHIELD_ACTIVE_7s
2026-09-07 15:51:07.595,1788796267.595,9400,16,135,4414.34,4414.42,8.0,PASS_<=10c,+0.0,FLAT,+0.0,+0.0,4.2,+0.00,0.00,SLOW,4414.34,4414.34,4414.34,4414.34,0.00,0.00,0.0,BULLISH,0.0,4414.34,4414.34,4414.34,4414.34,7,ACTIVE_7s,1.0,0.0,0.0,0.0,0.0,0.0,0.0,PASS_<20%,0.00,0.0,NO,STANDBY_VEL_LOW,0,0.00,4590.00,78.36,FALSE,M1_DIRECTION_MISMATCH|OPENING_SHIELD_ACTIVE_7s
2026-09-07 15:51:08.097,1788796268.098,9401,17,136,4414.34,4414.42,8.0,PASS_<=10c,+0.0,FLAT,+0.0,+0.0,4.2,+0.00,0.00,SLOW,4414.34,4414.34,4414.34,4414.34,0.00,0.00,0.0,BULLISH,0.0,4414.34,4414.34,4414.34,4414.34,8,ACTIVE_8s,1.0,0.0,0.0,0.0,0.0,0.0,0.0,PASS_<20%,0.00,0.0,NO,STANDBY_VEL_LOW,0,0.00,4590.00,78.36,FALSE,M1_DIRECTION_MISMATCH|OPENING_SHIELD_ACTIVE_8s
2026-09-07 15:51:08.599,1788796268.599,9402,18,137,4414.34,4414.42,8.0,PASS_<=10c,+0.0,FLAT,+0.0,+0.0,4.2,+0.00,0.00,SLOW,4414.34,4414.34,4414.34,4414.34,0.00,0.00,0.0,BULLISH,0.0,4414.34,4414.34,4414.34,4414.34,8,ACTIVE_8s,1.0,0.0,0.0,0.0,0.0,0.0,0.0,PASS_<20%,0.00,0.0,NO,STANDBY_VEL_LOW,0,0.00,4590.00,78.36,FALSE,M1_DIRECTION_MISMATCH|OPENING_SHIELD_ACTIVE_8s
2026-09-07 15:51:09.100,1788796269.100,9403,19,138,4414.34,4414.42,8.0,PASS_<=10c,+0.0,FLAT,+0.0,+0.0,4.2,+0.00,0.00,SLOW,4414.34,4414.34,4414.34,4414.34,0.00,0.00,0.0,BULLISH,0.0,4414.34,4414.34,4414.34,4414.34,9,ACTIVE_9s,1.0,0.0,0.0,0.0,0.0,0.0,0.0,PASS_<20%,0.00,0.0,NO,STANDBY_VEL_LOW,0,0.00,4590.00,78.36,FALSE,M1_DIRECTION_MISMATCH|OPENING_SHIELD_ACTIVE_9s
2026-09-07 15:51:09.601,1788796269.602,9404,20,139,4414.34,4414.42,8.0,PASS_<=10c,+0.0,FLAT,+0.0,+0.0,4.2,+0.00,0.00,SLOW,4414.34,4414.34,4414.34,4414.34,0.00,0.00,0.0,BULLISH,0.0,4414.34,4414.34,4414.34,4414.34,9,ACTIVE_9s,1.0,0.0,0.0,0.0,0.0,0.0,0.0,PASS_<20%,0.00,0.0,NO,STANDBY_VEL_LOW,0,0.00,4590.00,78.36,FALSE,M1_DIRECTION_MISMATCH|OPENING_SHIELD_ACTIVE_9s
2026-09-07 15:51:10.103,1788796270.104,9405,21,140,4414.34,4414.42,8.0,PASS_<=10c,+0.0,FLAT,+0.0,+0.0,4.2,+0.00,0.00,SLOW,4414.34,4414.34,4414.34,4414.34,0.00,0.00,0.0,BULLISH,0.0,4414.34,4414.34,4414.34,4414.34,10,ACTIVE_10s,1.0,0.0,0.0,0.0,0.0,0.0,0.0,PASS_<20%,0.00,0.0,NO,STANDBY_VEL_LOW,0,0.00,4590.00,78.36,FALSE,M1_DIRECTION_MISMATCH|OPENING_SHIELD_ACTIVE_10s
2026-09-07 15:51:10.606,1788796270.606,9406,22,141,4414.34,4414.42,8.0,PASS_<=10c,+0.0,FLAT,+0.0,+0.0,4.2,+0.00,0.00,SLOW,4414.34,4414.34,4414.34,4414.34,0.00,0.00,0.0,BULLISH,0.0,4414.34,4414.34,4414.34,4414.34,10,ACTIVE_10s,1.0,0.0,0.0,0.0,0.0,0.0,0.0,PASS_<20%,0.00,0.0,NO,STANDBY_VEL_LOW,0,0.00,4590.00,78.36,FALSE,M1_DIRECTION_MISMATCH|OPENING_SHIELD_ACTIVE_10s
2026-09-07 15:51:11.107,1788796271.107,9407,23,142,4414.34,4414.42,8.0,PASS_<=10c,+0.0,FLAT,+0.0,+0.0,4.2,+0.00,0.00,SLOW,4414.34,4414.34,4414.34,4414.34,0.00,0.00,0.0,BULLISH,0.0,4414.34,4414.34,4414.34,4414.34,11,ACTIVE_11s,1.0,0.0,0.0,0.0,0.0,0.0,0.0,PASS_<20%,0.00,0.0,NO,STANDBY_VEL_LOW,0,0.00,4590.00,78.36,FALSE,M1_DIRECTION_MISMATCH|OPENING_SHIELD_ACTIVE_11s
2026-09-07 15:51:11.609,1788796271.609,9408,24,143,4414.34,4414.42,8.0,PASS_<=10c,+0.0,FLAT,+0.0,+0.0,4.2,+0.00,0.00,SLOW,4414.34,4414.34,4414.34,4414.34,0.00,0.00,0.0,BULLISH,0.0,4414.34,4414.34,4414.34,4414.34,11,ACTIVE_11s,1.0,0.0,0.0,0.0,0.0,0.0,0.0,PASS_<20%,0.00,0.0,NO,STANDBY_VEL_LOW,0,0.00,4590.00,78.36,FALSE,M1_DIRECTION_MISMATCH|OPENING_SHIELD_ACTIVE_11s
2026-09-07 15:51:12.110,1788796272.111,9409,25,144,4414.34,4414.42,8.0,PASS_<=10c,+0.0,FLAT,+0.0,+0.0,4.2,+0.00,0.00,SLOW,4414.34,4414.34,4414.34,4414.34,0.00,0.00,0.0,BULLISH,0.0,4414.34,4414.34,4414.34,4414.34,12,ACTIVE_12s,1.0,0.0,0.0,0.0,0.0,0.0,0.0,PASS_<20%,0.00,0.0,NO,STANDBY_VEL_LOW,0,0.00,4590.00,78.36,FALSE,M1_DIRECTION_MISMATCH|OPENING_SHIELD_ACTIVE_12s
2026-09-07 15:51:12.612,1788796272.612,9410,26,145,4414.34,4414.42,8.0,PASS_<=10c,+0.0,FLAT,+0.0,+0.0,4.2,+0.00,0.00,SLOW,4414.34,4414.34,4414.34,4414.34,0.00,0.00,0.0,BULLISH,0.0,4414.34,4414.34,4414.34,4414.34,12,ACTIVE_12s,1.0,0.0,0.0,0.0,0.0,0.0,0.0,PASS_<20%,0.00,0.0,NO,STANDBY_VEL_LOW,0,0.00,4590.00,78.36,FALSE,M1_DIRECTION_MISMATCH|OPENING_SHIELD_ACTIVE_12s
2026-09-07 15:51:13.114,1788796273.114,9411,27,146,4414.34,4414.42,8.0,PASS_<=10c,+0.0,FLAT,+0.0,+0.0,4.2,+0.00,0.00,SLOW,4414.34,4414.34,4414.34,4414.34,0.00,0.00,0.0,BULLISH,0.0,4414.34,4414.34,4414.34,4414.34,13,ACTIVE_13s,1.0,0.0,0.0,0.0,0.0,0.0,0.0,PASS_<20%,0.00,0.0,NO,STANDBY_VEL_LOW,0,0.00,4590.00,78.36,FALSE,M1_DIRECTION_MISMATCH|OPENING_SHIELD_ACTIVE_13s
2026-09-07 15:51:13.615,1788796273.616,9412,28,147,4414.34,4414.42,8.0,PASS_<=10c,+0.0,FLAT,+0.0,+0.0,4.2,+0.00,0.00,SLOW,4414.34,4414.34,4414.34,4414.34,0.00,0.00,0.0,BULLISH,0.0,4414.34,4414.34,4414.34,4414.34,13,ACTIVE_13s,1.0,0.0,0.0,0.0,0.0,0.0,0.0,PASS_<20%,0.00,0.0,NO,STANDBY_VEL_LOW,0,0.00,4590.00,78.36,FALSE,M1_DIRECTION_MISMATCH|OPENING_SHIELD_ACTIVE_13s
2026-09-07 15:51:14.117,1788796274.117,9413,29,148,4414.34,4414.42,8.0,PASS_<=10c,+0.0,FLAT,+0.0,+0.0,4.2,+0.00,0.00,SLOW,4414.34,4414.34,4414.34,4414.34,0.00,0.00,0.0,BULLISH,0.0,4414.34,4414.34,4414.34,4414.34,14,ACTIVE_14s,1.0,0.0,0.0,0.0,0.0,0.0,0.0,PASS_<20%,0.00,0.0,NO,STANDBY_VEL_LOW,0,0.00,4590.00,78.36,FALSE,M1_DIRECTION_MISMATCH|OPENING_SHIELD_ACTIVE_14s
2026-09-07 15:51:14.619,1788796274.619,9414,30,149,4414.34,4414.42,8.0,PASS_<=10c,+0.0,FLAT,+0.0,+0.0,4.2,+0.00,0.00,SLOW,4414.34,4414.34,4414.34,4414.34,0.00,0.00,0.0,BULLISH,0.0,4414.34,4414.34,4414.34,4414.34,14,ACTIVE_14s,1.0,0.0,0.0,0.0,0.0,0.0,0.0,PASS_<20%,0.00,0.0,NO,STANDBY_VEL_LOW,0,0.00,4590.00,78.36,FALSE,M1_DIRECTION_MISMATCH|OPENING_SHIELD_ACTIVE_14s
2026-09-07 15:51:15.120,1788796275.121,9415,31,150,4414.34,4414.42,8.0,PASS_<=10c,+0.0,FLAT,+0.0,+0.0,4.2,+0.00,0.00,SLOW,4414.34,4414.34,4414.34,4414.34,0.00,0.00,0.0,BULLISH,0.0,4414.34,4414.34,4414.34,4414.34,15,ACTIVE_15s,1.0,0.0,0.0,0.0,0.0,0.0,0.0,PASS_<20%,0.00,0.0,NO,STANDBY_VEL_LOW,0,0.00,4590.00,78.36,FALSE,M1_DIRECTION_MISMATCH|OPENING_SHIELD_ACTIVE_15s
2026-09-07 15:51:15.621,1788796275.622,9416,32,151,4414.34,4414.42,8.0,PASS_<=10c,+0.0,FLAT,+0.0,+0.0,4.2,+0.00,0.00,SLOW,4414.34,4414.34,4414.34,4414.34,0.00,0.00,0.0,BULLISH,0.0,4414.34,4414.34,4414.34,4414.34,15,ACTIVE_15s,1.0,0.0,0.0,0.0,0.0,0.0,0.0,PASS_<20%,0.00,0.0,NO,STANDBY_VEL_LOW,0,0.00,4590.00,78.36,FALSE,M1_DIRECTION_MISMATCH|OPENING_SHIELD_ACTIVE_15s
2026-09-07 15:51:16.123,1788796276.123,9417,33,152,4414.34,4414.42,8.0,PASS_<=10c,+0.0,FLAT,+0.0,+0.0,4.2,+0.00,0.00,SLOW,4414.34,4414.34,4414.34,4414.34,0.00,0.00,0.0,BULLISH,0.0,4414.34,4414.34,4414.34,4414.34,16,ACTIVE_16s,1.0,0.0,0.0,0.0,0.0,0.0,0.0,PASS_<20%,0.00,0.0,NO,STANDBY_VEL_LOW,0,0.00,4590.00,78.36,FALSE,M1_DIRECTION_MISMATCH|OPENING_SHIELD_ACTIVE_16s
2026-09-07 15:51:16.624,1788796276.624,9418,34,153,4414.34,4414.42,8.0,PASS_<=10c,+0.0,FLAT,+0.0,+0.0,4.2,+0.00,0.00,SLOW,4414.34,4414.34,4414.34,4414.34,0.00,0.00,0.0,BULLISH,0.0,4414.34,4414.34,4414.34,4414.34,16,ACTIVE_16s,1.0,0.0,0.0,0.0,0.0,0.0,0.0,PASS_<20%,0.00,0.0,NO,STANDBY_VEL_LOW,0,0.00,4590.00,78.36,FALSE,M1_DIRECTION_MISMATCH|OPENING_SHIELD_ACTIVE_16s
2026-09-07 15:51:17.126,1788796277.126,9419,35,154,4414.34,4414.42,8.0,PASS_<=10c,+0.0,FLAT,+0.0,+0.0,4.2,+0.00,0.00,SLOW,4414.34,4414.34,4414.34,4414.34,0.00,0.00,0.0,BULLISH,0.0,4414.34,4414.34,4414.34,4414.34,17,ACTIVE_17s,1.0,0.0,0.0,0.0,0.0,0.0,0.0,PASS_<20%,0.00,0.0,NO,STANDBY_VEL_LOW,0,0.00,4590.00,78.36,FALSE,M1_DIRECTION_MISMATCH|OPENING_SHIELD_ACTIVE_17s
2026-09-07 15:51:17.627,1788796277.628,9420,36,155,4414.34,4414.42,8.0,PASS_<=10c,+0.0,FLAT,+0.0,+0.0,4.2,+0.00,0.00,SLOW,4414.34,4414.34,4414.34,4414.34,0.00,0.00,0.0,BULLISH,0.0,4414.34,4414.34,4414.34,4414.34,17,ACTIVE_17s,1.0,0.0,0.0,0.0,0.0,0.0,0.0,PASS_<20%,0.00,0.0,NO,STANDBY_VEL_LOW,0,0.00,4590.00,78.36,FALSE,M1_DIRECTION_MISMATCH|OPENING_SHIELD_ACTIVE_17s
2026-09-07 15:51:18.129,1788796278.129,9421,37,156,4414.34,4414.42,8.0,PASS_<=10c,+0.0,FLAT,+0.0,+0.0,4.2,+0.00,0.00,SLOW,4414.34,4414.34,4414.34,4414.34,0.00,0.00,0.0,BULLISH,0.0,4414.34,4414.34,4414.34,4414.34,18,ACTIVE_18s,1.0,0.0,0.0,0.0,0.0,0.0,0.0,PASS_<20%,0.00,0.0,NO,STANDBY_VEL_LOW,0,0.00,4590.00,78.36,FALSE,M1_DIRECTION_MISMATCH|OPENING_SHIELD_ACTIVE_18s
2026-09-07 15:51:18.630,1788796278.630,9422,38,157,4414.34,4414.42,8.0,PASS_<=10c,+0.0,FLAT,+0.0,+0.0,4.2,+0.00,0.00,SLOW,4414.34,4414.34,4414.34,4414.34,0.00,0.00,0.0,BULLISH,0.0,4414.34,4414.34,4414.34,4414.34,18,ACTIVE_18s,1.0,0.0,0.0,0.0,0.0,0.0,0.0,PASS_<20%,0.00,0.0,NO,STANDBY_VEL_LOW,0,0.00,4590.00,78.36,FALSE,M1_DIRECTION_MISMATCH|OPENING_SHIELD_ACTIVE_18s
2026-09-07 15:51:19.131,1788796279.132,9423,39,158,4414.34,4414.42,8.0,PASS_<=10c,+0.0,FLAT,+0.0,+0.0,4.2,+0.00,0.00,SLOW,4414.34,4414.34,4414.34,4414.34,0.00,0.00,0.0,BULLISH,0.0,4414.34,4414.34,4414.34,4414.34,19,ACTIVE_19s,1.0,0.0,0.0,0.0,0.0,0.0,0.0,PASS_<20%,0.00,0.0,NO,STANDBY_VEL_LOW,0,0.00,4590.00,78.36,FALSE,M1_DIRECTION_MISMATCH|OPENING_SHIELD_ACTIVE_19s
2026-09-07 15:51:19.631,1788796279.632,9424,40,159,4414.34,4414.42,8.0,PASS_<=10c,+0.0,FLAT,+0.0,+0.0,4.2,+0.00,0.00,SLOW,4414.34,4414.34,4414.34,4414.34,0.00,0.00,0.0,BULLISH,0.0,4414.34,4414.34,4414.34,4414.34,19,ACTIVE_19s,1.0,0.0,0.0,0.0,0.0,0.0,0.0,PASS_<20%,0.00,0.0,NO,STANDBY_VEL_LOW,0,0.00,4590.00,78.36,FALSE,M1_DIRECTION_MISMATCH|OPENING_SHIELD_ACTIVE_19s
2026-09-07 15:51:20.133,1788796280.134,9425,41,160,4414.34,4414.42,8.0,PASS_<=10c,+0.0,FLAT,+0.0,+0.0,4.2,+0.00,0.00,SLOW,4414.34,4414.34,4414.34,4414.34,0.00,0.00,0.0,BULLISH,0.0,4414.34,4414.34,4414.34,4414.34,20,CLEARED_>=20s,1.0,0.0,0.0,0.0,0.0,0.0,0.0,PASS_<20%,0.00,0.0,NO,STANDBY_VEL_LOW,0,0.00,4590.00,78.36,FALSE,M1_DIRECTION_MISMATCH
2026-09-07 15:51:20.637,1788796280.638,9426,42,161,4414.34,4414.42,8.0,PASS_<=10c,+0.0,FLAT,+0.0,+0.0,4.2,+0.00,0.00,SLOW,4414.34,4414.34,4414.34,4414.34,0.00,0.00,0.0,BULLISH,0.0,4414.34,4414.34,4414.34,4414.34,20,CLEARED_>=20s,1.0,0.0,0.0,0.0,0.0,0.0,0.0,PASS_<20%,0.00,0.0,NO,STANDBY_VEL_LOW,0,0.00,4590.00,78.36,FALSE,M1_DIRECTION_MISMATCH
2026-09-07 15:51:21.138,1788796281.138,9427,43,162,4414.34,4414.42,8.0,PASS_<=10c,+0.0,FLAT,+0.0,+0.0,4.2,+0.00,0.00,SLOW,4414.34,4414.34,4414.34,4414.34,0.00,0.00,0.0,BULLISH,0.0,4414.34,4414.34,4414.34,4414.34,21,CLEARED_>=20s,1.0,0.0,0.0,0.0,0.0,0.0,0.0,PASS_<20%,0.00,0.0,NO,STANDBY_VEL_LOW,0,0.00,4590.00,78.36,FALSE,M1_DIRECTION_MISMATCH
2026-09-07 15:51:21.639,1788796281.640,9428,44,163,4414.34,4414.42,8.0,PASS_<=10c,+0.0,FLAT,+0.0,+0.0,4.2,+0.00,0.00,SLOW,4414.34,4414.34,4414.34,4414.34,0.00,0.00,0.0,BULLISH,0.0,4414.34,4414.34,4414.34,4414.34,21,CLEARED_>=20s,1.0,0.0,0.0,0.0,0.0,0.0,0.0,PASS_<20%,0.00,0.0,NO,STANDBY_VEL_LOW,0,0.00,4590.00,78.36,FALSE,M1_DIRECTION_MISMATCH
2026-09-07 15:51:22.140,1788796282.140,9429,45,164,4414.34,4414.42,8.0,PASS_<=10c,+0.0,FLAT,+0.0,+0.0,4.2,+0.00,0.00,SLOW,4414.34,4414.34,4414.34,4414.34,0.00,0.00,0.0,BULLISH,0.0,4414.34,4414.34,4414.34,4414.34,22,CLEARED_>=20s,1.0,0.0,0.0,0.0,0.0,0.0,0.0,PASS_<20%,0.00,0.0,NO,STANDBY_VEL_LOW,0,0.00,4590.00,78.36,FALSE,M1_DIRECTION_MISMATCH
2026-09-07 15:51:22.641,1788796282.642,9430,46,165,4414.34,4414.42,8.0,PASS_<=10c,+0.0,FLAT,+0.0,+0.0,4.2,+0.00,0.00,SLOW,4414.34,4414.34,4414.34,4414.34,0.00,0.00,0.0,BULLISH,0.0,4414.34,4414.34,4414.34,4414.34,22,CLEARED_>=20s,1.0,0.0,0.0,0.0,0.0,0.0,0.0,PASS_<20%,0.00,0.0,NO,STANDBY_VEL_LOW,0,0.00,4590.00,78.36,FALSE,M1_DIRECTION_MISMATCH
2026-09-07 15:51:23.144,1788796283.144,9431,47,166,4414.34,4414.42,8.0,PASS_<=10c,+0.0,FLAT,+0.0,+0.0,4.2,+0.00,0.00,SLOW,4414.34,4414.34,4414.34,4414.34,0.00,0.00,0.0,BULLISH,0.0,4414.34,4414.34,4414.34,4414.34,23,CLEARED_>=20s,1.0,0.0,0.0,0.0,0.0,0.0,0.0,PASS_<20%,0.00,0.0,NO,STANDBY_VEL_LOW,0,0.00,4590.00,78.36,FALSE,M1_DIRECTION_MISMATCH
2026-09-07 15:51:23.645,1788796283.646,9432,48,167,4414.34,4414.42,8.0,PASS_<=10c,+0.0,FLAT,+0.0,+0.0,4.2,+0.00,0.00,SLOW,4414.34,4414.34,4414.34,4414.34,0.00,0.00,0.0,BULLISH,0.0,4414.34,4414.34,4414.34,4414.34,23,CLEARED_>=20s,1.0,0.0,0.0,0.0,0.0,0.0,0.0,PASS_<20%,0.00,0.0,NO,STANDBY_VEL_LOW,0,0.00,4590.00,78.36,FALSE,M1_DIRECTION_MISMATCH
2026-09-07 15:51:24.147,1788796284.147,9433,49,168,4414.34,4414.42,8.0,PASS_<=10c,+0.0,FLAT,+0.0,+0.0,4.2,+0.00,0.00,SLOW,4414.34,4414.34,4414.34,4414.34,0.00,0.00,0.0,BULLISH,0.0,4414.34,4414.34,4414.34,4414.34,24,CLEARED_>=20s,1.0,0.0,0.0,0.0,0.0,0.0,0.0,PASS_<20%,0.00,0.0,NO,STANDBY_VEL_LOW,0,0.00,4590.00,78.36,FALSE,M1_DIRECTION_MISMATCH
2026-09-07 15:51:24.648,1788796284.649,9434,50,169,4414.34,4414.42,8.0,PASS_<=10c,+0.0,FLAT,+0.0,+0.0,4.2,+0.00,0.00,SLOW,4414.34,4414.34,4414.34,4414.34,0.00,0.00,0.0,BULLISH,0.0,4414.34,4414.34,4414.34,4414.34,24,CLEARED_>=20s,1.0,0.0,0.0,0.0,0.0,0.0,0.0,PASS_<20%,0.00,0.0,NO,STANDBY_VEL_LOW,0,0.00,4590.00,78.36,FALSE,M1_DIRECTION_MISMATCH
2026-09-07 15:51:25.150,1788796285.150,9435,51,170,4414.34,4414.42,8.0,PASS_<=10c,+0.0,FLAT,+0.0,+0.0,4.2,+0.00,0.00,SLOW,4414.34,4414.34,4414.34,4414.34,0.00,0.00,0.0,BULLISH,0.0,4414.34,4414.34,4414.34,4414.34,25,CLEARED_>=20s,1.0,0.0,0.0,0.0,0.0,0.0,0.0,PASS_<20%,0.00,0.0,NO,STANDBY_VEL_LOW,0,0.00,4590.00,78.36,FALSE,M1_DIRECTION_MISMATCH
2026-09-07 15:51:25.651,1788796285.652,9436,52,171,4414.34,4414.42,8.0,PASS_<=10c,+0.0,FLAT,+0.0,+0.0,4.2,+0.00,0.00,SLOW,4414.34,4414.34,4414.34,4414.34,0.00,0.00,0.0,BULLISH,0.0,4414.34,4414.34,4414.34,4414.34,25,CLEARED_>=20s,1.0,0.0,0.0,0.0,0.0,0.0,0.0,PASS_<20%,0.00,0.0,NO,STANDBY_VEL_LOW,0,0.00,4590.00,78.36,FALSE,M1_DIRECTION_MISMATCH
2026-09-07 15:51:26.153,1788796286.153,9437,53,172,4414.34,4414.42,8.0,PASS_<=10c,+0.0,FLAT,+0.0,+0.0,4.2,+0.00,0.00,SLOW,4414.34,4414.34,4414.34,4414.34,0.00,0.00,0.0,BULLISH,0.0,4414.34,4414.34,4414.34,4414.34,26,CLEARED_>=20s,1.0,0.0,0.0,0.0,0.0,0.0,0.0,PASS_<20%,0.00,0.0,NO,STANDBY_VEL_LOW,0,0.00,4590.00,78.36,FALSE,M1_DIRECTION_MISMATCH
2026-09-07 15:51:26.655,1788796286.655,9438,54,173,4414.34,4414.42,8.0,PASS_<=10c,+0.0,FLAT,+0.0,+0.0,4.2,+0.00,0.00,SLOW,4414.34,4414.34,4414.34,4414.34,0.00,0.00,0.0,BULLISH,0.0,4414.34,4414.34,4414.34,4414.34,26,CLEARED_>=20s,1.0,0.0,0.0,0.0,0.0,0.0,0.0,PASS_<20%,0.00,0.0,NO,STANDBY_VEL_LOW,0,0.00,4590.00,78.36,FALSE,M1_DIRECTION_MISMATCH
2026-09-07 15:51:27.156,1788796287.157,9439,55,174,4414.34,4414.42,8.0,PASS_<=10c,+0.0,FLAT,+0.0,+0.0,4.2,+0.00,0.00,SLOW,4414.34,4414.34,4414.34,4414.34,0.00,0.00,0.0,BULLISH,0.0,4414.34,4414.34,4414.34,4414.34,27,CLEARED_>=20s,1.0,0.0,0.0,0.0,0.0,0.0,0.0,PASS_<20%,0.00,0.0,NO,STANDBY_VEL_LOW,0,0.00,4590.00,78.36,FALSE,M1_DIRECTION_MISMATCH
2026-09-07 15:51:27.658,1788796287.659,9440,56,175,4414.34,4414.42,8.0,PASS_<=10c,+0.0,FLAT,+0.0,+0.0,4.2,+0.00,0.00,SLOW,4414.34,4414.34,4414.34,4414.34,0.00,0.00,0.0,BULLISH,0.0,4414.34,4414.34,4414.34,4414.34,27,CLEARED_>=20s,1.0,0.0,0.0,0.0,0.0,0.0,0.0,PASS_<20%,0.00,0.0,NO,STANDBY_VEL_LOW,0,0.00,4590.00,78.36,FALSE,M1_DIRECTION_MISMATCH
2026-09-07 15:51:28.160,1788796288.160,9441,57,176,4414.34,4414.42,8.0,PASS_<=10c,+0.0,FLAT,+0.0,+0.0,4.2,+0.00,0.00,SLOW,4414.34,4414.34,4414.34,4414.34,0.00,0.00,0.0,BULLISH,0.0,4414.34,4414.34,4414.34,4414.34,28,CLEARED_>=20s,1.0,0.0,0.0,0.0,0.0,0.0,0.0,PASS_<20%,0.00,0.0,NO,STANDBY_VEL_LOW,0,0.00,4590.00,78.36,FALSE,M1_DIRECTION_MISMATCH
2026-09-07 15:51:28.662,1788796288.662,9442,58,177,4414.34,4414.42,8.0,PASS_<=10c,+0.0,FLAT,+0.0,+0.0,4.2,+0.00,0.00,SLOW,4414.34,4414.34,4414.34,4414.34,0.00,0.00,0.0,BULLISH,0.0,4414.34,4414.34,4414.34,4414.34,28,CLEARED_>=20s,1.0,0.0,0.0,0.0,0.0,0.0,0.0,PASS_<20%,0.00,0.0,NO,STANDBY_VEL_LOW,0,0.00,4590.00,78.36,FALSE,M1_DIRECTION_MISMATCH
2026-09-07 15:51:29.163,1788796289.163,9443,59,178,4414.34,4414.42,8.0,PASS_<=10c,+0.0,FLAT,+0.0,+0.0,4.2,+0.00,0.00,SLOW,4414.34,4414.34,4414.34,4414.34,0.00,0.00,0.0,BULLISH,0.0,4414.34,4414.34,4414.34,4414.34,29,CLEARED_>=20s,1.0,0.0,0.0,0.0,0.0,0.0,0.0,PASS_<20%,0.00,0.0,NO,STANDBY_VEL_LOW,0,0.00,4590.00,78.36,FALSE,M1_DIRECTION_MISMATCH
2026-09-07 15:51:29.664,1788796289.665,9444,60,179,4414.34,4414.42,8.0,PASS_<=10c,+0.0,FLAT,+0.0,+0.0,4.2,+0.00,0.00,SLOW,4414.34,4414.34,4414.34,4414.34,0.00,0.00,0.0,BULLISH,0.0,4414.34,4414.34,4414.34,4414.34,29,CLEARED_>=20s,1.0,0.0,0.0,0.0,0.0,0.0,0.0,PASS_<20%,0.00,0.0,NO,STANDBY_VEL_LOW,0,0.00,4590.00,78.36,FALSE,M1_DIRECTION_MISMATCH
2026-09-07 15:51:30.166,1788796290.166,9445,61,180,4414.34,4414.42,8.0,PASS_<=10c,+0.0,FLAT,+0.0,+0.0,4.2,+0.00,0.00,SLOW,4414.34,4414.34,4414.34,4414.34,0.00,0.00,0.0,BULLISH,0.0,4414.34,4414.34,4414.34,4414.34,30,CLEARED_>=20s,1.0,0.0,0.0,0.0,0.0,0.0,0.0,PASS_<20%,0.00,0.0,NO,STANDBY_VEL_LOW,0,0.00,4590.00,78.36,FALSE,M1_DIRECTION_MISMATCH
2026-09-07 15:51:30.668,1788796290.668,9446,62,181,4414.34,4414.42,8.0,PASS_<=10c,+0.0,FLAT,+0.0,+0.0,4.2,+0.00,0.00,SLOW,4414.34,4414.34,4414.34,4414.34,0.00,0.00,0.0,BULLISH,0.0,4414.34,4414.34,4414.34,4414.34,30,CLEARED_>=20s,1.0,0.0,0.0,0.0,0.0,0.0,0.0,PASS_<20%,0.00,0.0,NO,STANDBY_VEL_LOW,0,0.00,4590.00,78.36,FALSE,M1_DIRECTION_MISMATCH
2026-09-07 15:51:31.169,1788796291.169,9447,63,182,4414.34,4414.42,8.0,PASS_<=10c,+0.0,FLAT,+0.0,+0.0,4.2,+0.00,0.00,SLOW,4414.34,4414.34,4414.34,4414.34,0.00,0.00,0.0,BULLISH,0.0,4414.34,4414.34,4414.34,4414.34,31,CLEARED_>=20s,1.0,0.0,0.0,0.0,0.0,0.0,0.0,PASS_<20%,0.00,0.0,NO,STANDBY_VEL_LOW,0,0.00,4590.00,78.36,FALSE,M1_DIRECTION_MISMATCH
2026-09-07 15:51:31.669,1788796291.670,9448,64,183,4414.34,4414.42,8.0,PASS_<=10c,+0.0,FLAT,+0.0,+0.0,4.2,+0.00,0.00,SLOW,4414.34,4414.34,4414.34,4414.34,0.00,0.00,0.0,BULLISH,0.0,4414.34,4414.34,4414.34,4414.34,31,CLEARED_>=20s,1.0,0.0,0.0,0.0,0.0,0.0,0.0,PASS_<20%,0.00,0.0,NO,STANDBY_VEL_LOW,0,0.00,4590.00,78.36,FALSE,M1_DIRECTION_MISMATCH
2026-09-07 15:51:32.171,1788796292.171,9449,65,184,4414.34,4414.42,8.0,PASS_<=10c,+0.0,FLAT,+0.0,+0.0,4.2,+0.00,0.00,SLOW,4414.34,4414.34,4414.34,4414.34,0.00,0.00,0.0,BULLISH,0.0,4414.34,4414.34,4414.34,4414.34,32,CLEARED_>=20s,1.0,0.0,0.0,0.0,0.0,0.0,0.0,PASS_<20%,0.00,0.0,NO,STANDBY_VEL_LOW,0,0.00,4590.00,78.36,FALSE,M1_DIRECTION_MISMATCH
2026-09-07 15:51:32.675,1788796292.676,9450,66,185,4414.34,4414.42,8.0,PASS_<=10c,+0.0,FLAT,+0.0,+0.0,4.2,+0.00,0.00,SLOW,4414.34,4414.34,4414.34,4414.34,0.00,0.00,0.0,BULLISH,0.0,4414.34,4414.34,4414.34,4414.34,32,CLEARED_>=20s,1.0,0.0,0.0,0.0,0.0,0.0,0.0,PASS_<20%,0.00,0.0,NO,STANDBY_VEL_LOW,0,0.00,4590.00,78.36,FALSE,M1_DIRECTION_MISMATCH
2026-09-07 15:51:33.174,1788796293.175,9451,67,186,4414.34,4414.42,8.0,PASS_<=10c,+0.0,FLAT,+0.0,+0.0,4.2,+0.00,0.00,SLOW,4414.34,4414.34,4414.34,4414.34,0.00,0.00,0.0,BULLISH,0.0,4414.34,4414.34,4414.34,4414.34,33,CLEARED_>=20s,1.0,0.0,0.0,0.0,0.0,0.0,0.0,PASS_<20%,0.00,0.0,NO,STANDBY_VEL_LOW,0,0.00,4590.00,78.36,FALSE,M1_DIRECTION_MISMATCH
2026-09-07 15:51:33.676,1788796293.676,9452,68,187,4414.34,4414.42,8.0,PASS_<=10c,+0.0,FLAT,+0.0,+0.0,4.2,+0.00,0.00,SLOW,4414.34,4414.34,4414.34,4414.34,0.00,0.00,0.0,BULLISH,0.0,4414.34,4414.34,4414.34,4414.34,33,CLEARED_>=20s,1.0,0.0,0.0,0.0,0.0,0.0,0.0,PASS_<20%,0.00,0.0,NO,STANDBY_VEL_LOW,0,0.00,4590.00,78.36,FALSE,M1_DIRECTION_MISMATCH
2026-09-07 15:51:34.177,1788796294.178,9453,69,188,4414.34,4414.42,8.0,PASS_<=10c,+0.0,FLAT,+0.0,+0.0,4.2,+0.00,0.00,SLOW,4414.34,4414.34,4414.34,4414.34,0.00,0.00,0.0,BULLISH,0.0,4414.34,4414.34,4414.34,4414.34,34,CLEARED_>=20s,1.0,0.0,0.0,0.0,0.0,0.0,0.0,PASS_<20%,0.00,0.0,NO,STANDBY_VEL_LOW,0,0.00,4590.00,78.36,FALSE,M1_DIRECTION_MISMATCH
2026-09-07 15:51:34.679,1788796294.680,9454,70,189,4414.34,4414.42,8.0,PASS_<=10c,+0.0,FLAT,+0.0,+0.0,4.2,+0.00,0.00,SLOW,4414.34,4414.34,4414.34,4414.34,0.00,0.00,0.0,BULLISH,0.0,4414.34,4414.34,4414.34,4414.34,34,CLEARED_>=20s,1.0,0.0,0.0,0.0,0.0,0.0,0.0,PASS_<20%,0.00,0.0,NO,STANDBY_VEL_LOW,0,0.00,4590.00,78.36,FALSE,M1_DIRECTION_MISMATCH
2026-09-07 15:51:35.181,1788796295.182,9455,71,190,4414.34,4414.42,8.0,PASS_<=10c,+0.0,FLAT,+0.0,+0.0,4.2,+0.00,0.00,SLOW,4414.34,4414.34,4414.34,4414.34,0.00,0.00,0.0,BULLISH,0.0,4414.34,4414.34,4414.34,4414.34,35,CLEARED_>=20s,1.0,0.0,0.0,0.0,0.0,0.0,0.0,PASS_<20%,0.00,0.0,NO,STANDBY_VEL_LOW,0,0.00,4590.00,78.36,FALSE,M1_DIRECTION_MISMATCH
2026-09-07 15:51:35.683,1788796295.684,9456,72,191,4414.34,4414.42,8.0,PASS_<=10c,+0.0,FLAT,+0.0,+0.0,4.2,+0.00,0.00,SLOW,4414.34,4414.34,4414.34,4414.34,0.00,0.00,0.0,BULLISH,0.0,4414.34,4414.34,4414.34,4414.34,35,CLEARED_>=20s,1.0,0.0,0.0,0.0,0.0,0.0,0.0,PASS_<20%,0.00,0.0,NO,STANDBY_VEL_LOW,0,0.00,4590.00,78.36,FALSE,M1_DIRECTION_MISMATCH
2026-09-07 15:51:36.195,1788796296.196,9457,73,192,4414.34,4414.42,8.0,PASS_<=10c,+0.0,FLAT,+0.0,+0.0,4.2,+0.00,0.00,SLOW,4414.34,4414.34,4414.34,4414.34,0.00,0.00,0.0,BULLISH,0.0,4414.34,4414.34,4414.34,4414.34,36,CLEARED_>=20s,1.0,0.0,0.0,0.0,0.0,0.0,0.0,PASS_<20%,0.00,0.0,NO,STANDBY_VEL_LOW,0,0.00,4590.00,78.36,FALSE,M1_DIRECTION_MISMATCH
2026-09-07 15:51:36.687,1788796296.688,9458,74,193,4414.34,4414.42,8.0,PASS_<=10c,+0.0,FLAT,+0.0,+0.0,4.2,+0.00,0.00,SLOW,4414.34,4414.34,4414.34,4414.34,0.00,0.00,0.0,BULLISH,0.0,4414.34,4414.34,4414.34,4414.34,36,CLEARED_>=20s,1.0,0.0,0.0,0.0,0.0,0.0,0.0,PASS_<20%,0.00,0.0,NO,STANDBY_VEL_LOW,0,0.00,4590.00,78.36,FALSE,M1_DIRECTION_MISMATCH
2026-09-07 15:51:37.189,1788796297.190,9459,75,194,4414.34,4414.42,8.0,PASS_<=10c,+0.0,FLAT,+0.0,+0.0,4.2,+0.00,0.00,SLOW,4414.34,4414.34,4414.34,4414.34,0.00,0.00,0.0,BULLISH,0.0,4414.34,4414.34,4414.34,4414.34,37,CLEARED_>=20s,1.0,0.0,0.0,0.0,0.0,0.0,0.0,PASS_<20%,0.00,0.0,NO,STANDBY_VEL_LOW,0,0.00,4590.00,78.36,FALSE,M1_DIRECTION_MISMATCH
2026-09-07 15:51:37.690,1788796297.691,9460,76,195,4414.34,4414.42,8.0,PASS_<=10c,+0.0,FLAT,+0.0,+0.0,4.2,+0.00,0.00,SLOW,4414.34,4414.34,4414.34,4414.34,0.00,0.00,0.0,BULLISH,0.0,4414.34,4414.34,4414.34,4414.34,37,CLEARED_>=20s,1.0,0.0,0.0,0.0,0.0,0.0,0.0,PASS_<20%,0.00,0.0,NO,STANDBY_VEL_LOW,0,0.00,4590.00,78.36,FALSE,M1_DIRECTION_MISMATCH
2026-09-07 15:51:38.192,1788796298.193,9461,77,196,4414.34,4414.42,8.0,PASS_<=10c,+0.0,FLAT,+0.0,+0.0,4.2,+0.00,0.00,SLOW,4414.34,4414.34,4414.34,4414.34,0.00,0.00,0.0,BULLISH,0.0,4414.34,4414.34,4414.34,4414.34,38,CLEARED_>=20s,1.0,0.0,0.0,0.0,0.0,0.0,0.0,PASS_<20%,0.00,0.0,NO,STANDBY_VEL_LOW,0,0.00,4590.00,78.36,FALSE,M1_DIRECTION_MISMATCH
2026-09-07 15:51:38.695,1788796298.695,9462,78,197,4414.34,4414.42,8.0,PASS_<=10c,+0.0,FLAT,+0.0,+0.0,4.2,+0.00,0.00,SLOW,4414.34,4414.34,4414.34,4414.34,0.00,0.00,0.0,BULLISH,0.0,4414.34,4414.34,4414.34,4414.34,38,CLEARED_>=20s,1.0,0.0,0.0,0.0,0.0,0.0,0.0,PASS_<20%,0.00,0.0,NO,STANDBY_VEL_LOW,0,0.00,4590.00,78.36,FALSE,M1_DIRECTION_MISMATCH
2026-09-07 15:51:39.197,1788796299.198,9463,79,198,4414.34,4414.42,8.0,PASS_<=10c,+0.0,FLAT,+0.0,+0.0,4.2,+0.00,0.00,SLOW,4414.34,4414.34,4414.34,4414.34,0.00,0.00,0.0,BULLISH,0.0,4414.34,4414.34,4414.34,4414.34,39,CLEARED_>=20s,1.0,0.0,0.0,0.0,0.0,0.0,0.0,PASS_<20%,0.00,0.0,NO,STANDBY_VEL_LOW,0,0.00,4590.00,78.36,FALSE,M1_DIRECTION_MISMATCH
2026-09-07 15:51:39.699,1788796299.699,9464,80,199,4414.34,4414.42,8.0,PASS_<=10c,+0.0,FLAT,+0.0,+0.0,4.2,+0.00,0.00,SLOW,4414.34,4414.34,4414.34,4414.34,0.00,0.00,0.0,BULLISH,0.0,4414.34,4414.34,4414.34,4414.34,39,CLEARED_>=20s,1.0,0.0,0.0,0.0,0.0,0.0,0.0,PASS_<20%,0.00,0.0,NO,STANDBY_VEL_LOW,0,0.00,4590.00,78.36,FALSE,M1_DIRECTION_MISMATCH
2026-09-07 15:51:40.200,1788796300.201,9465,81,200,4414.34,4414.42,8.0,PASS_<=10c,+0.0,FLAT,+0.0,+0.0,4.2,+0.00,0.00,SLOW,4414.34,4414.34,4414.34,4414.34,0.00,0.00,0.0,BULLISH,0.0,4414.34,4414.34,4414.34,4414.34,40,CLEARED_>=20s,1.0,0.0,0.0,0.0,0.0,0.0,0.0,PASS_<20%,0.00,0.0,NO,STANDBY_VEL_LOW,0,0.00,4590.00,78.36,FALSE,M1_DIRECTION_MISMATCH
2026-09-07 15:51:40.702,1788796300.703,9466,82,201,4414.34,4414.42,8.0,PASS_<=10c,+0.0,FLAT,+0.0,+0.0,4.2,+0.00,0.00,SLOW,4414.34,4414.34,4414.34,4414.34,0.00,0.00,0.0,BULLISH,0.0,4414.34,4414.34,4414.34,4414.34,40,CLEARED_>=20s,1.0,0.0,0.0,0.0,0.0,0.0,0.0,PASS_<20%,0.00,0.0,NO,STANDBY_VEL_LOW,0,0.00,4590.00,78.36,FALSE,M1_DIRECTION_MISMATCH
2026-09-07 15:51:41.204,1788796301.204,9467,83,202,4414.34,4414.42,8.0,PASS_<=10c,+0.0,FLAT,+0.0,+0.0,4.2,+0.00,0.00,SLOW,4414.34,4414.34,4414.34,4414.34,0.00,0.00,0.0,BULLISH,0.0,4414.34,4414.34,4414.34,4414.34,41,CLEARED_>=20s,1.0,0.0,0.0,0.0,0.0,0.0,0.0,PASS_<20%,0.00,0.0,NO,STANDBY_VEL_LOW,0,0.00,4590.00,78.36,FALSE,M1_DIRECTION_MISMATCH
2026-09-07 15:51:41.705,1788796301.706,9468,84,203,4414.34,4414.42,8.0,PASS_<=10c,+0.0,FLAT,+0.0,+0.0,4.2,+0.00,0.00,SLOW,4414.34,4414.34,4414.34,4414.34,0.00,0.00,0.0,BULLISH,0.0,4414.34,4414.34,4414.34,4414.34,41,CLEARED_>=20s,1.0,0.0,0.0,0.0,0.0,0.0,0.0,PASS_<20%,0.00,0.0,NO,STANDBY_VEL_LOW,0,0.00,4590.00,78.36,FALSE,M1_DIRECTION_MISMATCH
2026-09-07 15:51:42.207,1788796302.208,9469,85,204,4414.34,4414.42,8.0,PASS_<=10c,+0.0,FLAT,+0.0,+0.0,4.2,+0.00,0.00,SLOW,4414.34,4414.34,4414.34,4414.34,0.00,0.00,0.0,BULLISH,0.0,4414.34,4414.34,4414.34,4414.34,42,CLEARED_>=20s,1.0,0.0,0.0,0.0,0.0,0.0,0.0,PASS_<20%,0.00,0.0,NO,STANDBY_VEL_LOW,0,0.00,4590.00,78.36,FALSE,M1_DIRECTION_MISMATCH
2026-09-07 15:51:42.709,1788796302.710,9470,86,205,4414.34,4414.42,8.0,PASS_<=10c,+0.0,FLAT,+0.0,+0.0,4.2,+0.00,0.00,SLOW,4414.34,4414.34,4414.34,4414.34,0.00,0.00,0.0,BULLISH,0.0,4414.34,4414.34,4414.34,4414.34,42,CLEARED_>=20s,1.0,0.0,0.0,0.0,0.0,0.0,0.0,PASS_<20%,0.00,0.0,NO,STANDBY_VEL_LOW,0,0.00,4590.00,78.36,FALSE,M1_DIRECTION_MISMATCH
2026-09-07 15:51:43.211,1788796303.211,9471,87,206,4414.34,4414.42,8.0,PASS_<=10c,+0.0,FLAT,+0.0,+0.0,4.2,+0.00,0.00,SLOW,4414.34,4414.34,4414.34,4414.34,0.00,0.00,0.0,BULLISH,0.0,4414.34,4414.34,4414.34,4414.34,43,CLEARED_>=20s,1.0,0.0,0.0,0.0,0.0,0.0,0.0,PASS_<20%,0.00,0.0,NO,STANDBY_VEL_LOW,0,0.00,4590.00,78.36,FALSE,M1_DIRECTION_MISMATCH
2026-09-07 15:51:43.713,1788796303.713,9472,88,207,4414.34,4414.42,8.0,PASS_<=10c,+0.0,FLAT,+0.0,+0.0,4.2,+0.00,0.00,SLOW,4414.34,4414.34,4414.34,4414.34,0.00,0.00,0.0,BULLISH,0.0,4414.34,4414.34,4414.34,4414.34,43,CLEARED_>=20s,1.0,0.0,0.0,0.0,0.0,0.0,0.0,PASS_<20%,0.00,0.0,NO,STANDBY_VEL_LOW,0,0.00,4590.00,78.36,FALSE,M1_DIRECTION_MISMATCH
2026-09-07 15:51:44.214,1788796304.215,9473,89,208,4414.34,4414.42,8.0,PASS_<=10c,+0.0,FLAT,+0.0,+0.0,4.2,+0.00,0.00,SLOW,4414.34,4414.34,4414.34,4414.34,0.00,0.00,0.0,BULLISH,0.0,4414.34,4414.34,4414.34,4414.34,44,CLEARED_>=20s,1.0,0.0,0.0,0.0,0.0,0.0,0.0,PASS_<20%,0.00,0.0,NO,STANDBY_VEL_LOW,0,0.00,4590.00,78.36,FALSE,M1_DIRECTION_MISMATCH
2026-09-07 15:51:44.715,1788796304.716,9474,90,209,4414.34,4414.42,8.0,PASS_<=10c,+0.0,FLAT,+0.0,+0.0,4.2,+0.00,0.00,SLOW,4414.34,4414.34,4414.34,4414.34,0.00,0.00,0.0,BULLISH,0.0,4414.34,4414.34,4414.34,4414.34,44,CLEARED_>=20s,1.0,0.0,0.0,0.0,0.0,0.0,0.0,PASS_<20%,0.00,0.0,NO,STANDBY_VEL_LOW,0,0.00,4590.00,78.36,FALSE,M1_DIRECTION_MISMATCH
2026-09-07 15:51:45.218,1788796305.219,9475,91,210,4414.34,4414.42,8.0,PASS_<=10c,+0.0,FLAT,+0.0,+0.0,4.2,+0.00,0.00,SLOW,4414.34,4414.34,4414.34,4414.34,0.00,0.00,0.0,BULLISH,0.0,4414.34,4414.34,4414.34,4414.34,45,CLEARED_>=20s,1.0,0.0,0.0,0.0,0.0,0.0,0.0,PASS_<20%,0.00,0.0,NO,STANDBY_VEL_LOW,0,0.00,4590.00,78.36,FALSE,M1_DIRECTION_MISMATCH
2026-09-07 15:51:45.718,1788796305.719,9476,92,211,4414.34,4414.42,8.0,PASS_<=10c,+0.0,FLAT,+0.0,+0.0,4.2,+0.00,0.00,SLOW,4414.34,4414.34,4414.34,4414.34,0.00,0.00,0.0,BULLISH,0.0,4414.34,4414.34,4414.34,4414.34,45,CLEARED_>=20s,1.0,0.0,0.0,0.0,0.0,0.0,0.0,PASS_<20%,0.00,0.0,NO,STANDBY_VEL_LOW,0,0.00,4590.00,78.36,FALSE,M1_DIRECTION_MISMATCH
2026-09-07 15:51:46.220,1788796306.221,9477,93,212,4414.34,4414.42,8.0,PASS_<=10c,+0.0,FLAT,+0.0,+0.0,4.2,+0.00,0.00,SLOW,4414.34,4414.34,4414.34,4414.34,0.00,0.00,0.0,BULLISH,0.0,4414.34,4414.34,4414.34,4414.34,46,CLEARED_>=20s,1.0,0.0,0.0,0.0,0.0,0.0,0.0,PASS_<20%,0.00,0.0,NO,STANDBY_VEL_LOW,0,0.00,4590.00,78.36,FALSE,M1_DIRECTION_MISMATCH
2026-09-07 15:51:46.722,1788796306.723,9478,94,213,4414.34,4414.42,8.0,PASS_<=10c,+0.0,FLAT,+0.0,+0.0,4.2,+0.00,0.00,SLOW,4414.34,4414.34,4414.34,4414.34,0.00,0.00,0.0,BULLISH,0.0,4414.34,4414.34,4414.34,4414.34,46,CLEARED_>=20s,1.0,0.0,0.0,0.0,0.0,0.0,0.0,PASS_<20%,0.00,0.0,NO,STANDBY_VEL_LOW,0,0.00,4590.00,78.36,FALSE,M1_DIRECTION_MISMATCH
2026-09-07 15:51:47.224,1788796307.224,9479,95,214,4414.34,4414.42,8.0,PASS_<=10c,+0.0,FLAT,+0.0,+0.0,4.2,+0.00,0.00,SLOW,4414.34,4414.34,4414.34,4414.34,0.00,0.00,0.0,BULLISH,0.0,4414.34,4414.34,4414.34,4414.34,47,CLEARED_>=20s,1.0,0.0,0.0,0.0,0.0,0.0,0.0,PASS_<20%,0.00,0.0,NO,STANDBY_VEL_LOW,0,0.00,4590.00,78.36,FALSE,M1_DIRECTION_MISMATCH
2026-09-07 15:51:47.724,1788796307.725,9480,96,215,4414.34,4414.42,8.0,PASS_<=10c,+0.0,FLAT,+0.0,+0.0,4.2,+0.00,0.00,SLOW,4414.34,4414.34,4414.34,4414.34,0.00,0.00,0.0,BULLISH,0.0,4414.34,4414.34,4414.34,4414.34,47,CLEARED_>=20s,1.0,0.0,0.0,0.0,0.0,0.0,0.0,PASS_<20%,0.00,0.0,NO,STANDBY_VEL_LOW,0,0.00,4590.00,78.36,FALSE,M1_DIRECTION_MISMATCH
2026-09-07 15:51:48.226,1788796308.227,9481,97,216,4414.34,4414.42,8.0,PASS_<=10c,+0.0,FLAT,+0.0,+0.0,4.2,+0.00,0.00,SLOW,4414.34,4414.34,4414.34,4414.34,0.00,0.00,0.0,BULLISH,0.0,4414.34,4414.34,4414.34,4414.34,48,CLEARED_>=20s,1.0,0.0,0.0,0.0,0.0,0.0,0.0,PASS_<20%,0.00,0.0,NO,STANDBY_VEL_LOW,0,0.00,4590.00,78.36,FALSE,M1_DIRECTION_MISMATCH
2026-09-07 15:51:48.729,1788796308.730,9482,98,217,4414.34,4414.42,8.0,PASS_<=10c,+0.0,FLAT,+0.0,+0.0,4.2,+0.00,0.00,SLOW,4414.34,4414.34,4414.34,4414.34,0.00,0.00,0.0,BULLISH,0.0,4414.34,4414.34,4414.34,4414.34,48,CLEARED_>=20s,1.0,0.0,0.0,0.0,0.0,0.0,0.0,PASS_<20%,0.00,0.0,NO,STANDBY_VEL_LOW,0,0.00,4590.00,78.36,FALSE,M1_DIRECTION_MISMATCH
2026-09-07 15:51:49.231,1788796309.231,9483,99,218,4414.34,4414.42,8.0,PASS_<=10c,+0.0,FLAT,+0.0,+0.0,4.2,+0.00,0.00,SLOW,4414.34,4414.34,4414.34,4414.34,0.00,0.00,0.0,BULLISH,0.0,4414.34,4414.34,4414.34,4414.34,49,CLEARED_>=20s,1.0,0.0,0.0,0.0,0.0,0.0,0.0,PASS_<20%,0.00,0.0,NO,STANDBY_VEL_LOW,0,0.00,4590.00,78.36,FALSE,M1_DIRECTION_MISMATCH
2026-09-07 15:51:49.732,1788796309.733,9484,100,219,4414.34,4414.42,8.0,PASS_<=10c,+0.0,FLAT,+0.0,+0.0,4.2,+0.00,0.00,SLOW,4414.34,4414.34,4414.34,4414.34,0.00,0.00,0.0,BULLISH,0.0,4414.34,4414.34,4414.34,4414.34,49,CLEARED_>=20s,1.0,0.0,0.0,0.0,0.0,0.0,0.0,PASS_<20%,0.00,0.0,NO,STANDBY_VEL_LOW,0,0.00,4590.00,78.36,FALSE,M1_DIRECTION_MISMATCH
2026-09-07 15:51:50.233,1788796310.234,9485,101,220,4414.34,4414.42,8.0,PASS_<=10c,+0.0,FLAT,+0.0,+0.0,4.2,+0.00,0.00,SLOW,4414.34,4414.34,4414.34,4414.34,0.00,0.00,0.0,BULLISH,0.0,4414.34,4414.34,4414.34,4414.34,50,CLEARED_>=20s,1.0,0.0,0.0,0.0,0.0,0.0,0.0,PASS_<20%,0.00,0.0,NO,STANDBY_VEL_LOW,0,0.00,4590.00,78.36,FALSE,M1_DIRECTION_MISMATCH
2026-09-07 15:51:50.735,1788796310.735,9486,102,221,4414.34,4414.42,8.0,PASS_<=10c,+0.0,FLAT,+0.0,+0.0,4.2,+0.00,0.00,SLOW,4414.34,4414.34,4414.34,4414.34,0.00,0.00,0.0,BULLISH,0.0,4414.34,4414.34,4414.34,4414.34,50,CLEARED_>=20s,1.0,0.0,0.0,0.0,0.0,0.0,0.0,PASS_<20%,0.00,0.0,NO,STANDBY_VEL_LOW,0,0.00,4590.00,78.36,FALSE,M1_DIRECTION_MISMATCH
2026-09-07 15:51:51.236,1788796311.237,9487,103,222,4414.34,4414.42,8.0,PASS_<=10c,+0.0,FLAT,+0.0,+0.0,4.2,+0.00,0.00,SLOW,4414.34,4414.34,4414.34,4414.34,0.00,0.00,0.0,BULLISH,0.0,4414.34,4414.34,4414.34,4414.34,51,CLEARED_>=20s,1.0,0.0,0.0,0.0,0.0,0.0,0.0,PASS_<20%,0.00,0.0,NO,STANDBY_VEL_LOW,0,0.00,4590.00,78.36,FALSE,M1_DIRECTION_MISMATCH
2026-09-07 15:51:51.739,1788796311.739,9488,104,223,4414.34,4414.42,8.0,PASS_<=10c,+0.0,FLAT,+0.0,+0.0,4.2,+0.00,0.00,SLOW,4414.34,4414.34,4414.34,4414.34,0.00,0.00,0.0,BULLISH,0.0,4414.34,4414.34,4414.34,4414.34,51,CLEARED_>=20s,1.0,0.0,0.0,0.0,0.0,0.0,0.0,PASS_<20%,0.00,0.0,NO,STANDBY_VEL_LOW,0,0.00,4590.00,78.36,FALSE,M1_DIRECTION_MISMATCH
2026-09-07 15:51:52.239,1788796312.240,9489,105,224,4414.34,4414.42,8.0,PASS_<=10c,+0.0,FLAT,+0.0,+0.0,4.2,+0.00,0.00,SLOW,4414.34,4414.34,4414.34,4414.34,0.00,0.00,0.0,BULLISH,0.0,4414.34,4414.34,4414.34,4414.34,52,CLEARED_>=20s,1.0,0.0,0.0,0.0,0.0,0.0,0.0,PASS_<20%,0.00,0.0,NO,STANDBY_VEL_LOW,0,0.00,4590.00,78.36,FALSE,M1_DIRECTION_MISMATCH
2026-09-07 15:51:52.741,1788796312.742,9490,106,225,4414.34,4414.42,8.0,PASS_<=10c,+0.0,FLAT,+0.0,+0.0,4.2,+0.00,0.00,SLOW,4414.34,4414.34,4414.34,4414.34,0.00,0.00,0.0,BULLISH,0.0,4414.34,4414.34,4414.34,4414.34,52,CLEARED_>=20s,1.0,0.0,0.0,0.0,0.0,0.0,0.0,PASS_<20%,0.00,0.0,NO,STANDBY_VEL_LOW,0,0.00,4590.00,78.36,FALSE,M1_DIRECTION_MISMATCH
2026-09-07 15:51:53.243,1788796313.244,9491,107,226,4414.34,4414.42,8.0,PASS_<=10c,+0.0,FLAT,+0.0,+0.0,4.2,+0.00,0.00,SLOW,4414.34,4414.34,4414.34,4414.34,0.00,0.00,0.0,BULLISH,0.0,4414.34,4414.34,4414.34,4414.34,53,CLEARED_>=20s,1.0,0.0,0.0,0.0,0.0,0.0,0.0,PASS_<20%,0.00,0.0,NO,STANDBY_VEL_LOW,0,0.00,4590.00,78.36,FALSE,M1_DIRECTION_MISMATCH
2026-09-07 15:51:53.746,1788796313.746,9492,108,227,4414.34,4414.42,8.0,PASS_<=10c,+0.0,FLAT,+0.0,+0.0,4.2,+0.00,0.00,SLOW,4414.34,4414.34,4414.34,4414.34,0.00,0.00,0.0,BULLISH,0.0,4414.34,4414.34,4414.34,4414.34,53,CLEARED_>=20s,1.0,0.0,0.0,0.0,0.0,0.0,0.0,PASS_<20%,0.00,0.0,NO,STANDBY_VEL_LOW,0,0.00,4590.00,78.36,FALSE,M1_DIRECTION_MISMATCH
2026-09-07 15:51:54.247,1788796314.248,9493,109,228,4414.34,4414.42,8.0,PASS_<=10c,+0.0,FLAT,+0.0,+0.0,4.2,+0.00,0.00,SLOW,4414.34,4414.34,4414.34,4414.34,0.00,0.00,0.0,BULLISH,0.0,4414.34,4414.34,4414.34,4414.34,54,CLEARED_>=20s,1.0,0.0,0.0,0.0,0.0,0.0,0.0,PASS_<20%,0.00,0.0,NO,STANDBY_VEL_LOW,0,0.00,4590.00,78.36,FALSE,M1_DIRECTION_MISMATCH
2026-09-07 15:51:54.749,1788796314.749,9494,110,229,4414.34,4414.42,8.0,PASS_<=10c,+0.0,FLAT,+0.0,+0.0,4.2,+0.00,0.00,SLOW,4414.34,4414.34,4414.34,4414.34,0.00,0.00,0.0,BULLISH,0.0,4414.34,4414.34,4414.34,4414.34,54,CLEARED_>=20s,1.0,0.0,0.0,0.0,0.0,0.0,0.0,PASS_<20%,0.00,0.0,NO,STANDBY_VEL_LOW,0,0.00,4590.00,78.36,FALSE,M1_DIRECTION_MISMATCH
2026-09-07 15:51:55.251,1788796315.251,9495,111,230,4414.34,4414.42,8.0,PASS_<=10c,+0.0,FLAT,+0.0,+0.0,4.2,+0.00,0.00,SLOW,4414.34,4414.34,4414.34,4414.34,0.00,0.00,0.0,BULLISH,0.0,4414.34,4414.34,4414.34,4414.34,55,CLEARED_>=20s,1.0,0.0,0.0,0.0,0.0,0.0,0.0,PASS_<20%,0.00,0.0,NO,STANDBY_VEL_LOW,0,0.00,4590.00,78.36,FALSE,M1_DIRECTION_MISMATCH
2026-09-07 15:51:55.752,1788796315.753,9496,112,231,4414.34,4414.42,8.0,PASS_<=10c,+0.0,FLAT,+0.0,+0.0,4.2,+0.00,0.00,SLOW,4414.34,4414.34,4414.34,4414.34,0.00,0.00,0.0,BULLISH,0.0,4414.34,4414.34,4414.34,4414.34,55,CLEARED_>=20s,1.0,0.0,0.0,0.0,0.0,0.0,0.0,PASS_<20%,0.00,0.0,NO,STANDBY_VEL_LOW,0,0.00,4590.00,78.36,FALSE,M1_DIRECTION_MISMATCH
2026-09-07 15:51:56.254,1788796316.254,9497,113,232,4414.34,4414.42,8.0,PASS_<=10c,+0.0,FLAT,+0.0,+0.0,4.2,+0.00,0.00,SLOW,4414.34,4414.34,4414.34,4414.34,0.00,0.00,0.0,BULLISH,0.0,4414.34,4414.34,4414.34,4414.34,56,CLEARED_>=20s,1.0,0.0,0.0,0.0,0.0,0.0,0.0,PASS_<20%,0.00,0.0,NO,STANDBY_VEL_LOW,0,0.00,4590.00,78.36,FALSE,M1_DIRECTION_MISMATCH
2026-09-07 15:51:56.756,1788796316.757,9498,114,233,4414.34,4414.42,8.0,PASS_<=10c,+0.0,FLAT,+0.0,+0.0,4.2,+0.00,0.00,SLOW,4414.34,4414.34,4414.34,4414.34,0.00,0.00,0.0,BULLISH,0.0,4414.34,4414.34,4414.34,4414.34,56,CLEARED_>=20s,1.0,0.0,0.0,0.0,0.0,0.0,0.0,PASS_<20%,0.00,0.0,NO,STANDBY_VEL_LOW,0,0.00,4590.00,78.36,FALSE,M1_DIRECTION_MISMATCH
2026-09-07 15:51:57.257,1788796317.258,9499,115,234,4414.34,4414.42,8.0,PASS_<=10c,+0.0,FLAT,+0.0,+0.0,4.2,+0.00,0.00,SLOW,4414.34,4414.34,4414.34,4414.34,0.00,0.00,0.0,BULLISH,0.0,4414.34,4414.34,4414.34,4414.34,57,CLEARED_>=20s,1.0,0.0,0.0,0.0,0.0,0.0,0.0,PASS_<20%,0.00,0.0,NO,STANDBY_VEL_LOW,0,0.00,4590.00,78.36,FALSE,M1_DIRECTION_MISMATCH
2026-09-07 15:51:57.758,1788796317.759,9500,116,235,4414.34,4414.42,8.0,PASS_<=10c,+0.0,FLAT,+0.0,+0.0,4.2,+0.00,0.00,SLOW,4414.34,4414.34,4414.34,4414.34,0.00,0.00,0.0,BULLISH,0.0,4414.34,4414.34,4414.34,4414.34,57,CLEARED_>=20s,1.0,0.0,0.0,0.0,0.0,0.0,0.0,PASS_<20%,0.00,0.0,NO,STANDBY_VEL_LOW,0,0.00,4590.00,78.36,FALSE,M1_DIRECTION_MISMATCH
2026-09-07 15:51:58.260,1788796318.260,9501,117,236,4414.34,4414.42,8.0,PASS_<=10c,+0.0,FLAT,+0.0,+0.0,4.2,+0.00,0.00,SLOW,4414.34,4414.34,4414.34,4414.34,0.00,0.00,0.0,BULLISH,0.0,4414.34,4414.34,4414.34,4414.34,58,CLEARED_>=20s,1.0,0.0,0.0,0.0,0.0,0.0,0.0,PASS_<20%,0.00,0.0,NO,STANDBY_VEL_LOW,0,0.00,4590.00,78.36,FALSE,M1_DIRECTION_MISMATCH
2026-09-07 15:51:58.761,1788796318.761,9502,118,237,4414.34,4414.42,8.0,PASS_<=10c,+0.0,FLAT,+0.0,+0.0,4.2,+0.00,0.00,SLOW,4414.34,4414.34,4414.34,4414.34,0.00,0.00,0.0,BULLISH,0.0,4414.34,4414.34,4414.34,4414.34,58,CLEARED_>=20s,1.0,0.0,0.0,0.0,0.0,0.0,0.0,PASS_<20%,0.00,0.0,NO,STANDBY_VEL_LOW,0,0.00,4590.00,78.36,FALSE,M1_DIRECTION_MISMATCH
2026-09-07 15:51:59.263,1788796319.263,9503,119,238,4414.34,4414.42,8.0,PASS_<=10c,+0.0,FLAT,+0.0,+0.0,4.2,+0.00,0.00,SLOW,4414.34,4414.34,4414.34,4414.34,0.00,0.00,0.0,BULLISH,0.0,4414.34,4414.34,4414.34,4414.34,59,CLEARED_>=20s,1.0,0.0,0.0,0.0,0.0,0.0,0.0,PASS_<20%,0.00,0.0,NO,STANDBY_VEL_LOW,0,0.00,4590.00,78.36,FALSE,M1_DIRECTION_MISMATCH
2026-09-07 15:51:59.765,1788796319.765,9504,120,239,4414.34,4414.42,8.0,PASS_<=10c,+0.0,FLAT,+0.0,+0.0,4.2,+0.00,0.00,SLOW,4414.34,4414.34,4414.34,4414.34,0.00,0.00,0.0,BULLISH,0.0,4414.34,4414.34,4414.34,4414.34,59,CLEARED_>=20s,1.0,0.0,0.0,0.0,0.0,0.0,0.0,PASS_<20%,0.00,0.0,NO,STANDBY_VEL_LOW,0,0.00,4590.00,78.36,FALSE,M1_DIRECTION_MISMATCH
2026-09-07 15:52:00.267,1788796320.267,9505,1,240,4414.34,4414.42,8.0,PASS_<=10c,+0.0,FLAT,+0.0,+0.0,4.2,+0.00,0.00,SLOW,4414.34,4414.34,4414.34,4414.34,0.00,0.00,0.0,BULLISH,0.0,4414.34,4414.34,4414.34,4414.34,0,ACTIVE_0s,1.0,0.0,0.0,0.0,0.0,0.0,0.0,PASS_<20%,0.00,0.0,NO,STANDBY_VEL_LOW,0,0.00,4590.00,78.36,FALSE,M1_DIRECTION_MISMATCH|OPENING_SHIELD_ACTIVE_0s
2026-09-07 15:52:00.767,1788796320.768,9506,2,241,4414.34,4414.42,8.0,PASS_<=10c,+0.0,FLAT,+0.0,+0.0,4.2,+0.00,0.00,SLOW,4414.34,4414.34,4414.34,4414.34,0.00,0.00,0.0,BULLISH,0.0,4414.34,4414.34,4414.34,4414.34,0,ACTIVE_0s,1.0,0.0,0.0,0.0,0.0,0.0,0.0,PASS_<20%,0.00,0.0,NO,STANDBY_VEL_LOW,0,0.00,4590.00,78.36,FALSE,M1_DIRECTION_MISMATCH|OPENING_SHIELD_ACTIVE_0s
2026-09-07 15:52:01.270,1788796321.270,9507,3,242,4414.34,4414.42,8.0,PASS_<=10c,+0.0,FLAT,+0.0,+0.0,4.2,+0.00,0.00,SLOW,4414.34,4414.34,4414.34,4414.34,0.00,0.00,0.0,BULLISH,0.0,4414.34,4414.34,4414.34,4414.34,1,ACTIVE_1s,1.0,0.0,0.0,0.0,0.0,0.0,0.0,PASS_<20%,0.00,0.0,NO,STANDBY_VEL_LOW,0,0.00,4590.00,78.36,FALSE,M1_DIRECTION_MISMATCH|OPENING_SHIELD_ACTIVE_1s
2026-09-07 15:52:01.772,1788796321.773,9508,4,243,4414.34,4414.42,8.0,PASS_<=10c,+0.0,FLAT,+0.0,+0.0,4.2,+0.00,0.00,SLOW,4414.34,4414.34,4414.34,4414.34,0.00,0.00,0.0,BULLISH,0.0,4414.34,4414.34,4414.34,4414.34,1,ACTIVE_1s,1.0,0.0,0.0,0.0,0.0,0.0,0.0,PASS_<20%,0.00,0.0,NO,STANDBY_VEL_LOW,0,0.00,4590.00,78.36,FALSE,M1_DIRECTION_MISMATCH|OPENING_SHIELD_ACTIVE_1s
2026-09-07 15:52:02.274,1788796322.274,9509,5,244,4414.34,4414.42,8.0,PASS_<=10c,+0.0,FLAT,+0.0,+0.0,4.2,+0.00,0.00,SLOW,4414.34,4414.34,4414.34,4414.34,0.00,0.00,0.0,BULLISH,0.0,4414.34,4414.34,4414.34,4414.34,2,ACTIVE_2s,1.0,0.0,0.0,0.0,0.0,0.0,0.0,PASS_<20%,0.00,0.0,NO,STANDBY_VEL_LOW,0,0.00,4590.00,78.36,FALSE,M1_DIRECTION_MISMATCH|OPENING_SHIELD_ACTIVE_2s
2026-09-07 15:52:02.776,1788796322.776,9510,6,245,4414.34,4414.42,8.0,PASS_<=10c,+0.0,FLAT,+0.0,+0.0,4.2,+0.00,0.00,SLOW,4414.34,4414.34,4414.34,4414.34,0.00,0.00,0.0,BULLISH,0.0,4414.34,4414.34,4414.34,4414.34,2,ACTIVE_2s,1.0,0.0,0.0,0.0,0.0,0.0,0.0,PASS_<20%,0.00,0.0,NO,STANDBY_VEL_LOW,0,0.00,4590.00,78.36,FALSE,M1_DIRECTION_MISMATCH|OPENING_SHIELD_ACTIVE_2s
2026-09-07 15:52:03.278,1788796323.279,9511,7,246,4414.34,4414.42,8.0,PASS_<=10c,+0.0,FLAT,+0.0,+0.0,4.2,+0.00,0.00,SLOW,4414.34,4414.34,4414.34,4414.34,0.00,0.00,0.0,BULLISH,0.0,4414.34,4414.34,4414.34,4414.34,3,ACTIVE_3s,1.0,0.0,0.0,0.0,0.0,0.0,0.0,PASS_<20%,0.00,0.0,NO,STANDBY_VEL_LOW,0,0.00,4590.00,78.36,FALSE,M1_DIRECTION_MISMATCH|OPENING_SHIELD_ACTIVE_3s
2026-09-07 15:52:03.780,1788796323.781,9512,8,247,4414.34,4414.42,8.0,PASS_<=10c,+0.0,FLAT,+0.0,+0.0,4.2,+0.00,0.00,SLOW,4414.34,4414.34,4414.34,4414.34,0.00,0.00,0.0,BULLISH,0.0,4414.34,4414.34,4414.34,4414.34,3,ACTIVE_3s,1.0,0.0,0.0,0.0,0.0,0.0,0.0,PASS_<20%,0.00,0.0,NO,STANDBY_VEL_LOW,0,0.00,4590.00,78.36,FALSE,M1_DIRECTION_MISMATCH|OPENING_SHIELD_ACTIVE_3s
2026-09-07 15:52:04.282,1788796324.283,9513,9,248,4414.34,4414.42,8.0,PASS_<=10c,+0.0,FLAT,+0.0,+0.0,4.2,+0.00,0.00,SLOW,4414.34,4414.34,4414.34,4414.34,0.00,0.00,0.0,BULLISH,0.0,4414.34,4414.34,4414.34,4414.34,4,ACTIVE_4s,1.0,0.0,0.0,0.0,0.0,0.0,0.0,PASS_<20%,0.00,0.0,NO,STANDBY_VEL_LOW,0,0.00,4590.00,78.36,FALSE,M1_DIRECTION_MISMATCH|OPENING_SHIELD_ACTIVE_4s
2026-09-07 15:52:04.784,1788796324.785,9514,10,249,4414.34,4414.42,8.0,PASS_<=10c,+0.0,FLAT,+0.0,+0.0,4.2,+0.00,0.00,SLOW,4414.34,4414.34,4414.34,4414.34,0.00,0.00,0.0,BULLISH,0.0,4414.34,4414.34,4414.34,4414.34,4,ACTIVE_4s,1.0,0.0,0.0,0.0,0.0,0.0,0.0,PASS_<20%,0.00,0.0,NO,STANDBY_VEL_LOW,0,0.00,4590.00,78.36,FALSE,M1_DIRECTION_MISMATCH|OPENING_SHIELD_ACTIVE_4s
2026-09-07 15:52:05.286,1788796325.286,9515,11,250,4414.34,4414.42,8.0,PASS_<=10c,+0.0,FLAT,+0.0,+0.0,4.2,+0.00,0.00,SLOW,4414.34,4414.34,4414.34,4414.34,0.00,0.00,0.0,BULLISH,0.0,4414.34,4414.34,4414.34,4414.34,5,ACTIVE_5s,1.0,0.0,0.0,0.0,0.0,0.0,0.0,PASS_<20%,0.00,0.0,NO,STANDBY_VEL_LOW,0,0.00,4590.00,78.36,FALSE,M1_DIRECTION_MISMATCH|OPENING_SHIELD_ACTIVE_5s
2026-09-07 15:52:05.788,1788796325.788,9516,12,251,4414.34,4414.42,8.0,PASS_<=10c,+0.0,FLAT,+0.0,+0.0,4.2,+0.00,0.00,SLOW,4414.34,4414.34,4414.34,4414.34,0.00,0.00,0.0,BULLISH,0.0,4414.34,4414.34,4414.34,4414.34,5,ACTIVE_5s,1.0,0.0,0.0,0.0,0.0,0.0,0.0,PASS_<20%,0.00,0.0,NO,STANDBY_VEL_LOW,0,0.00,4590.00,78.36,FALSE,M1_DIRECTION_MISMATCH|OPENING_SHIELD_ACTIVE_5s
2026-09-07 15:52:06.289,1788796326.289,9517,13,252,4414.34,4414.42,8.0,PASS_<=10c,+0.0,FLAT,+0.0,+0.0,4.2,+0.00,0.00,SLOW,4414.34,4414.34,4414.34,4414.34,0.00,0.00,0.0,BULLISH,0.0,4414.34,4414.34,4414.34,4414.34,6,ACTIVE_6s,1.0,0.0,0.0,0.0,0.0,0.0,0.0,PASS_<20%,0.00,0.0,NO,STANDBY_VEL_LOW,0,0.00,4590.00,78.36,FALSE,M1_DIRECTION_MISMATCH|OPENING_SHIELD_ACTIVE_6s
2026-09-07 15:52:06.790,1788796326.791,9518,14,253,4414.34,4414.42,8.0,PASS_<=10c,+0.0,FLAT,+0.0,+0.0,4.2,+0.00,0.00,SLOW,4414.34,4414.34,4414.34,4414.34,0.00,0.00,0.0,BULLISH,0.0,4414.34,4414.34,4414.34,4414.34,6,ACTIVE_6s,1.0,0.0,0.0,0.0,0.0,0.0,0.0,PASS_<20%,0.00,0.0,NO,STANDBY_VEL_LOW,0,0.00,4590.00,78.36,FALSE,M1_DIRECTION_MISMATCH|OPENING_SHIELD_ACTIVE_6s
2026-09-07 15:52:07.291,1788796327.292,9519,15,254,4414.34,4414.42,8.0,PASS_<=10c,+0.0,FLAT,+0.0,+0.0,4.2,+0.00,0.00,SLOW,4414.34,4414.34,4414.34,4414.34,0.00,0.00,0.0,BULLISH,0.0,4414.34,4414.34,4414.34,4414.34,7,ACTIVE_7s,1.0,0.0,0.0,0.0,0.0,0.0,0.0,PASS_<20%,0.00,0.0,NO,STANDBY_VEL_LOW,0,0.00,4590.00,78.36,FALSE,M1_DIRECTION_MISMATCH|OPENING_SHIELD_ACTIVE_7s
2026-09-07 15:52:07.793,1788796327.794,9520,16,255,4414.34,4414.42,8.0,PASS_<=10c,+0.0,FLAT,+0.0,+0.0,4.2,+0.00,0.00,SLOW,4414.34,4414.34,4414.34,4414.34,0.00,0.00,0.0,BULLISH,0.0,4414.34,4414.34,4414.34,4414.34,7,ACTIVE_7s,1.0,0.0,0.0,0.0,0.0,0.0,0.0,PASS_<20%,0.00,0.0,NO,STANDBY_VEL_LOW,0,0.00,4590.00,78.36,FALSE,M1_DIRECTION_MISMATCH|OPENING_SHIELD_ACTIVE_7s
2026-09-07 15:52:08.295,1788796328.295,9521,17,256,4414.34,4414.42,8.0,PASS_<=10c,+0.0,FLAT,+0.0,+0.0,4.2,+0.00,0.00,SLOW,4414.34,4414.34,4414.34,4414.34,0.00,0.00,0.0,BULLISH,0.0,4414.34,4414.34,4414.34,4414.34,8,ACTIVE_8s,1.0,0.0,0.0,0.0,0.0,0.0,0.0,PASS_<20%,0.00,0.0,NO,STANDBY_VEL_LOW,0,0.00,4590.00,78.36,FALSE,M1_DIRECTION_MISMATCH|OPENING_SHIELD_ACTIVE_8s
2026-09-07 15:52:08.796,1788796328.797,9522,18,257,4414.34,4414.42,8.0,PASS_<=10c,+0.0,FLAT,+0.0,+0.0,4.2,+0.00,0.00,SLOW,4414.34,4414.34,4414.34,4414.34,0.00,0.00,0.0,BULLISH,0.0,4414.34,4414.34,4414.34,4414.34,8,ACTIVE_8s,1.0,0.0,0.0,0.0,0.0,0.0,0.0,PASS_<20%,0.00,0.0,NO,STANDBY_VEL_LOW,0,0.00,4590.00,78.36,FALSE,M1_DIRECTION_MISMATCH|OPENING_SHIELD_ACTIVE_8s
2026-09-07 15:52:09.297,1788796329.298,9523,19,258,4414.34,4414.42,8.0,PASS_<=10c,+0.0,FLAT,+0.0,+0.0,4.2,+0.00,0.00,SLOW,4414.34,4414.34,4414.34,4414.34,0.00,0.00,0.0,BULLISH,0.0,4414.34,4414.34,4414.34,4414.34,9,ACTIVE_9s,1.0,0.0,0.0,0.0,0.0,0.0,0.0,PASS_<20%,0.00,0.0,NO,STANDBY_VEL_LOW,0,0.00,4590.00,78.36,FALSE,M1_DIRECTION_MISMATCH|OPENING_SHIELD_ACTIVE_9s
2026-09-07 15:52:09.799,1788796329.800,9524,20,259,4414.34,4414.42,8.0,PASS_<=10c,+0.0,FLAT,+0.0,+0.0,4.2,+0.00,0.00,SLOW,4414.34,4414.34,4414.34,4414.34,0.00,0.00,0.0,BULLISH,0.0,4414.34,4414.34,4414.34,4414.34,9,ACTIVE_9s,1.0,0.0,0.0,0.0,0.0,0.0,0.0,PASS_<20%,0.00,0.0,NO,STANDBY_VEL_LOW,0,0.00,4590.00,78.36,FALSE,M1_DIRECTION_MISMATCH|OPENING_SHIELD_ACTIVE_9s
2026-09-07 15:52:10.301,1788796330.302,9525,21,260,4414.34,4414.42,8.0,PASS_<=10c,+0.0,FLAT,+0.0,+0.0,4.2,+0.00,0.00,SLOW,4414.34,4414.34,4414.34,4414.34,0.00,0.00,0.0,BULLISH,0.0,4414.34,4414.34,4414.34,4414.34,10,ACTIVE_10s,1.0,0.0,0.0,0.0,0.0,0.0,0.0,PASS_<20%,0.00,0.0,NO,STANDBY_VEL_LOW,0,0.00,4590.00,78.36,FALSE,M1_DIRECTION_MISMATCH|OPENING_SHIELD_ACTIVE_10s
2026-09-07 15:52:10.803,1788796330.804,9526,22,261,4414.34,4414.42,8.0,PASS_<=10c,+0.0,FLAT,+0.0,+0.0,4.2,+0.00,0.00,SLOW,4414.34,4414.34,4414.34,4414.34,0.00,0.00,0.0,BULLISH,0.0,4414.34,4414.34,4414.34,4414.34,10,ACTIVE_10s,1.0,0.0,0.0,0.0,0.0,0.0,0.0,PASS_<20%,0.00,0.0,NO,STANDBY_VEL_LOW,0,0.00,4590.00,78.36,FALSE,M1_DIRECTION_MISMATCH|OPENING_SHIELD_ACTIVE_10s
2026-09-07 15:52:11.305,1788796331.305,9527,23,262,4414.34,4414.42,8.0,PASS_<=10c,+0.0,FLAT,+0.0,+0.0,4.2,+0.00,0.00,SLOW,4414.34,4414.34,4414.34,4414.34,0.00,0.00,0.0,BULLISH,0.0,4414.34,4414.34,4414.34,4414.34,11,ACTIVE_11s,1.0,0.0,0.0,0.0,0.0,0.0,0.0,PASS_<20%,0.00,0.0,NO,STANDBY_VEL_LOW,0,0.00,4590.00,78.36,FALSE,M1_DIRECTION_MISMATCH|OPENING_SHIELD_ACTIVE_11s
2026-09-07 15:52:11.806,1788796331.807,9528,24,263,4414.34,4414.42,8.0,PASS_<=10c,+0.0,FLAT,+0.0,+0.0,4.2,+0.00,0.00,SLOW,4414.34,4414.34,4414.34,4414.34,0.00,0.00,0.0,BULLISH,0.0,4414.34,4414.34,4414.34,4414.34,11,ACTIVE_11s,1.0,0.0,0.0,0.0,0.0,0.0,0.0,PASS_<20%,0.00,0.0,NO,STANDBY_VEL_LOW,0,0.00,4590.00,78.36,FALSE,M1_DIRECTION_MISMATCH|OPENING_SHIELD_ACTIVE_11s
2026-09-07 15:52:12.308,1788796332.309,9529,25,264,4414.34,4414.42,8.0,PASS_<=10c,+0.0,FLAT,+0.0,+0.0,4.2,+0.00,0.00,SLOW,4414.34,4414.34,4414.34,4414.34,0.00,0.00,0.0,BULLISH,0.0,4414.34,4414.34,4414.34,4414.34,12,ACTIVE_12s,1.0,0.0,0.0,0.0,0.0,0.0,0.0,PASS_<20%,0.00,0.0,NO,STANDBY_VEL_LOW,0,0.00,4590.00,78.36,FALSE,M1_DIRECTION_MISMATCH|OPENING_SHIELD_ACTIVE_12s
2026-09-07 15:52:12.811,1788796332.812,9530,26,265,4414.34,4414.42,8.0,PASS_<=10c,+0.0,FLAT,+0.0,+0.0,4.2,+0.00,0.00,SLOW,4414.34,4414.34,4414.34,4414.34,0.00,0.00,0.0,BULLISH,0.0,4414.34,4414.34,4414.34,4414.34,12,ACTIVE_12s,1.0,0.0,0.0,0.0,0.0,0.0,0.0,PASS_<20%,0.00,0.0,NO,STANDBY_VEL_LOW,0,0.00,4590.00,78.36,FALSE,M1_DIRECTION_MISMATCH|OPENING_SHIELD_ACTIVE_12s
2026-09-07 15:52:13.312,1788796333.313,9531,27,266,4414.34,4414.42,8.0,PASS_<=10c,+0.0,FLAT,+0.0,+0.0,4.2,+0.00,0.00,SLOW,4414.34,4414.34,4414.34,4414.34,0.00,0.00,0.0,BULLISH,0.0,4414.34,4414.34,4414.34,4414.34,13,ACTIVE_13s,1.0,0.0,0.0,0.0,0.0,0.0,0.0,PASS_<20%,0.00,0.0,NO,STANDBY_VEL_LOW,0,0.00,4590.00,78.36,FALSE,M1_DIRECTION_MISMATCH|OPENING_SHIELD_ACTIVE_13s
2026-09-07 15:52:13.814,1788796333.815,9532,28,267,4414.34,4414.42,8.0,PASS_<=10c,+0.0,FLAT,+0.0,+0.0,4.2,+0.00,0.00,SLOW,4414.34,4414.34,4414.34,4414.34,0.00,0.00,0.0,BULLISH,0.0,4414.34,4414.34,4414.34,4414.34,13,ACTIVE_13s,1.0,0.0,0.0,0.0,0.0,0.0,0.0,PASS_<20%,0.00,0.0,NO,STANDBY_VEL_LOW,0,0.00,4590.00,78.36,FALSE,M1_DIRECTION_MISMATCH|OPENING_SHIELD_ACTIVE_13s
2026-09-07 15:52:14.316,1788796334.316,9533,29,268,4414.34,4414.42,8.0,PASS_<=10c,+0.0,FLAT,+0.0,+0.0,4.2,+0.00,0.00,SLOW,4414.34,4414.34,4414.34,4414.34,0.00,0.00,0.0,BULLISH,0.0,4414.34,4414.34,4414.34,4414.34,14,ACTIVE_14s,1.0,0.0,0.0,0.0,0.0,0.0,0.0,PASS_<20%,0.00,0.0,NO,STANDBY_VEL_LOW,0,0.00,4590.00,78.36,FALSE,M1_DIRECTION_MISMATCH|OPENING_SHIELD_ACTIVE_14s
2026-09-07 15:52:14.817,1788796334.817,9534,30,269,4414.34,4414.42,8.0,PASS_<=10c,+0.0,FLAT,+0.0,+0.0,4.2,+0.00,0.00,SLOW,4414.34,4414.34,4414.34,4414.34,0.00,0.00,0.0,BULLISH,0.0,4414.34,4414.34,4414.34,4414.34,14,ACTIVE_14s,1.0,0.0,0.0,0.0,0.0,0.0,0.0,PASS_<20%,0.00,0.0,NO,STANDBY_VEL_LOW,0,0.00,4590.00,78.36,FALSE,M1_DIRECTION_MISMATCH|OPENING_SHIELD_ACTIVE_14s
2026-09-07 15:52:15.319,1788796335.319,9535,31,270,4414.34,4414.42,8.0,PASS_<=10c,+0.0,FLAT,+0.0,+0.0,4.2,+0.00,0.00,SLOW,4414.34,4414.34,4414.34,4414.34,0.00,0.00,0.0,BULLISH,0.0,4414.34,4414.34,4414.34,4414.34,15,ACTIVE_15s,1.0,0.0,0.0,0.0,0.0,0.0,0.0,PASS_<20%,0.00,0.0,NO,STANDBY_VEL_LOW,0,0.00,4590.00,78.36,FALSE,M1_DIRECTION_MISMATCH|OPENING_SHIELD_ACTIVE_15s
2026-09-07 15:52:15.821,1788796335.822,9536,32,271,4414.34,4414.42,8.0,PASS_<=10c,+0.0,FLAT,+0.0,+0.0,4.2,+0.00,0.00,SLOW,4414.34,4414.34,4414.34,4414.34,0.00,0.00,0.0,BULLISH,0.0,4414.34,4414.34,4414.34,4414.34,15,ACTIVE_15s,1.0,0.0,0.0,0.0,0.0,0.0,0.0,PASS_<20%,0.00,0.0,NO,STANDBY_VEL_LOW,0,0.00,4590.00,78.36,FALSE,M1_DIRECTION_MISMATCH|OPENING_SHIELD_ACTIVE_15s
2026-09-07 15:52:16.323,1788796336.323,9537,33,272,4414.34,4414.42,8.0,PASS_<=10c,+0.0,FLAT,+0.0,+0.0,4.2,+0.00,0.00,SLOW,4414.34,4414.34,4414.34,4414.34,0.00,0.00,0.0,BULLISH,0.0,4414.34,4414.34,4414.34,4414.34,16,ACTIVE_16s,1.0,0.0,0.0,0.0,0.0,0.0,0.0,PASS_<20%,0.00,0.0,NO,STANDBY_VEL_LOW,0,0.00,4590.00,78.36,FALSE,M1_DIRECTION_MISMATCH|OPENING_SHIELD_ACTIVE_16s
2026-09-07 15:52:16.825,1788796336.826,9538,34,273,4414.34,4414.42,8.0,PASS_<=10c,+0.0,FLAT,+0.0,+0.0,4.2,+0.00,0.00,SLOW,4414.34,4414.34,4414.34,4414.34,0.00,0.00,0.0,BULLISH,0.0,4414.34,4414.34,4414.34,4414.34,16,ACTIVE_16s,1.0,0.0,0.0,0.0,0.0,0.0,0.0,PASS_<20%,0.00,0.0,NO,STANDBY_VEL_LOW,0,0.00,4590.00,78.36,FALSE,M1_DIRECTION_MISMATCH|OPENING_SHIELD_ACTIVE_16s
2026-09-07 15:52:17.326,1788796337.327,9539,35,274,4414.34,4414.42,8.0,PASS_<=10c,+0.0,FLAT,+0.0,+0.0,4.2,+0.00,0.00,SLOW,4414.34,4414.34,4414.34,4414.34,0.00,0.00,0.0,BULLISH,0.0,4414.34,4414.34,4414.34,4414.34,17,ACTIVE_17s,1.0,0.0,0.0,0.0,0.0,0.0,0.0,PASS_<20%,0.00,0.0,NO,STANDBY_VEL_LOW,0,0.00,4590.00,78.36,FALSE,M1_DIRECTION_MISMATCH|OPENING_SHIELD_ACTIVE_17s
2026-09-07 15:52:17.827,1788796337.828,9540,36,275,4414.34,4414.42,8.0,PASS_<=10c,+0.0,FLAT,+0.0,+0.0,4.2,+0.00,0.00,SLOW,4414.34,4414.34,4414.34,4414.34,0.00,0.00,0.0,BULLISH,0.0,4414.34,4414.34,4414.34,4414.34,17,ACTIVE_17s,1.0,0.0,0.0,0.0,0.0,0.0,0.0,PASS_<20%,0.00,0.0,NO,STANDBY_VEL_LOW,0,0.00,4590.00,78.36,FALSE,M1_DIRECTION_MISMATCH|OPENING_SHIELD_ACTIVE_17s
2026-09-07 15:52:18.329,1788796338.330,9541,37,276,4414.34,4414.42,8.0,PASS_<=10c,+0.0,FLAT,+0.0,+0.0,4.2,+0.00,0.00,SLOW,4414.34,4414.34,4414.34,4414.34,0.00,0.00,0.0,BULLISH,0.0,4414.34,4414.34,4414.34,4414.34,18,ACTIVE_18s,1.0,0.0,0.0,0.0,0.0,0.0,0.0,PASS_<20%,0.00,0.0,NO,STANDBY_VEL_LOW,0,0.00,4590.00,78.36,FALSE,M1_DIRECTION_MISMATCH|OPENING_SHIELD_ACTIVE_18s
2026-09-07 15:52:18.830,1788796338.831,9542,38,277,4414.34,4414.42,8.0,PASS_<=10c,+0.0,FLAT,+0.0,+0.0,4.2,+0.00,0.00,SLOW,4414.34,4414.34,4414.34,4414.34,0.00,0.00,0.0,BULLISH,0.0,4414.34,4414.34,4414.34,4414.34,18,ACTIVE_18s,1.0,0.0,0.0,0.0,0.0,0.0,0.0,PASS_<20%,0.00,0.0,NO,STANDBY_VEL_LOW,0,0.00,4590.00,78.36,FALSE,M1_DIRECTION_MISMATCH|OPENING_SHIELD_ACTIVE_18s
2026-09-07 15:52:19.332,1788796339.332,9543,39,278,4414.34,4414.42,8.0,PASS_<=10c,+0.0,FLAT,+0.0,+0.0,4.2,+0.00,0.00,SLOW,4414.34,4414.34,4414.34,4414.34,0.00,0.00,0.0,BULLISH,0.0,4414.34,4414.34,4414.34,4414.34,19,ACTIVE_19s,1.0,0.0,0.0,0.0,0.0,0.0,0.0,PASS_<20%,0.00,0.0,NO,STANDBY_VEL_LOW,0,0.00,4590.00,78.36,FALSE,M1_DIRECTION_MISMATCH|OPENING_SHIELD_ACTIVE_19s
2026-09-07 15:52:19.834,1788796339.835,9544,40,279,4414.34,4414.42,8.0,PASS_<=10c,+0.0,FLAT,+0.0,+0.0,4.2,+0.00,0.00,SLOW,4414.34,4414.34,4414.34,4414.34,0.00,0.00,0.0,BULLISH,0.0,4414.34,4414.34,4414.34,4414.34,19,ACTIVE_19s,1.0,0.0,0.0,0.0,0.0,0.0,0.0,PASS_<20%,0.00,0.0,NO,STANDBY_VEL_LOW,0,0.00,4590.00,78.36,FALSE,M1_DIRECTION_MISMATCH|OPENING_SHIELD_ACTIVE_19s
2026-09-07 15:52:20.336,1788796340.336,9545,41,280,4414.34,4414.42,8.0,PASS_<=10c,+0.0,FLAT,+0.0,+0.0,4.2,+0.00,0.00,SLOW,4414.34,4414.34,4414.34,4414.34,0.00,0.00,0.0,BULLISH,0.0,4414.34,4414.34,4414.34,4414.34,20,CLEARED_>=20s,1.0,0.0,0.0,0.0,0.0,0.0,0.0,PASS_<20%,0.00,0.0,NO,STANDBY_VEL_LOW,0,0.00,4590.00,78.36,FALSE,M1_DIRECTION_MISMATCH
2026-09-07 15:52:20.838,1788796340.839,9546,42,281,4414.34,4414.42,8.0,PASS_<=10c,+0.0,FLAT,+0.0,+0.0,4.2,+0.00,0.00,SLOW,4414.34,4414.34,4414.34,4414.34,0.00,0.00,0.0,BULLISH,0.0,4414.34,4414.34,4414.34,4414.34,20,CLEARED_>=20s,1.0,0.0,0.0,0.0,0.0,0.0,0.0,PASS_<20%,0.00,0.0,NO,STANDBY_VEL_LOW,0,0.00,4590.00,78.36,FALSE,M1_DIRECTION_MISMATCH
2026-09-07 15:52:21.340,1788796341.341,9547,43,282,4414.34,4414.42,8.0,PASS_<=10c,+0.0,FLAT,+0.0,+0.0,4.2,+0.00,0.00,SLOW,4414.34,4414.34,4414.34,4414.34,0.00,0.00,0.0,BULLISH,0.0,4414.34,4414.34,4414.34,4414.34,21,CLEARED_>=20s,1.0,0.0,0.0,0.0,0.0,0.0,0.0,PASS_<20%,0.00,0.0,NO,STANDBY_VEL_LOW,0,0.00,4590.00,78.36,FALSE,M1_DIRECTION_MISMATCH
2026-09-07 15:52:21.842,1788796341.842,9548,44,283,4414.34,4414.42,8.0,PASS_<=10c,+0.0,FLAT,+0.0,+0.0,4.2,+0.00,0.00,SLOW,4414.34,4414.34,4414.34,4414.34,0.00,0.00,0.0,BULLISH,0.0,4414.34,4414.34,4414.34,4414.34,21,CLEARED_>=20s,1.0,0.0,0.0,0.0,0.0,0.0,0.0,PASS_<20%,0.00,0.0,NO,STANDBY_VEL_LOW,0,0.00,4590.00,78.36,FALSE,M1_DIRECTION_MISMATCH
2026-09-07 15:52:22.343,1788796342.344,9549,45,284,4414.34,4414.42,8.0,PASS_<=10c,+0.0,FLAT,+0.0,+0.0,4.2,+0.00,0.00,SLOW,4414.34,4414.34,4414.34,4414.34,0.00,0.00,0.0,BULLISH,0.0,4414.34,4414.34,4414.34,4414.34,22,CLEARED_>=20s,1.0,0.0,0.0,0.0,0.0,0.0,0.0,PASS_<20%,0.00,0.0,NO,STANDBY_VEL_LOW,0,0.00,4590.00,78.36,FALSE,M1_DIRECTION_MISMATCH
2026-09-07 15:52:22.845,1788796342.846,9550,46,285,4414.34,4414.42,8.0,PASS_<=10c,+0.0,FLAT,+0.0,+0.0,4.2,+0.00,0.00,SLOW,4414.34,4414.34,4414.34,4414.34,0.00,0.00,0.0,BULLISH,0.0,4414.34,4414.34,4414.34,4414.34,22,CLEARED_>=20s,1.0,0.0,0.0,0.0,0.0,0.0,0.0,PASS_<20%,0.00,0.0,NO,STANDBY_VEL_LOW,0,0.00,4590.00,78.36,FALSE,M1_DIRECTION_MISMATCH
2026-09-07 15:52:23.347,1788796343.348,9551,47,286,4414.34,4414.42,8.0,PASS_<=10c,+0.0,FLAT,+0.0,+0.0,4.2,+0.00,0.00,SLOW,4414.34,4414.34,4414.34,4414.34,0.00,0.00,0.0,BULLISH,0.0,4414.34,4414.34,4414.34,4414.34,23,CLEARED_>=20s,1.0,0.0,0.0,0.0,0.0,0.0,0.0,PASS_<20%,0.00,0.0,NO,STANDBY_VEL_LOW,0,0.00,4590.00,78.36,FALSE,M1_DIRECTION_MISMATCH
2026-09-07 15:52:23.849,1788796343.849,9552,48,287,4414.34,4414.42,8.0,PASS_<=10c,+0.0,FLAT,+0.0,+0.0,4.2,+0.00,0.00,SLOW,4414.34,4414.34,4414.34,4414.34,0.00,0.00,0.0,BULLISH,0.0,4414.34,4414.34,4414.34,4414.34,23,CLEARED_>=20s,1.0,0.0,0.0,0.0,0.0,0.0,0.0,PASS_<20%,0.00,0.0,NO,STANDBY_VEL_LOW,0,0.00,4590.00,78.36,FALSE,M1_DIRECTION_MISMATCH
2026-09-07 15:52:24.351,1788796344.351,9553,49,288,4414.34,4414.42,8.0,PASS_<=10c,+0.0,FLAT,+0.0,+0.0,4.2,+0.00,0.00,SLOW,4414.34,4414.34,4414.34,4414.34,0.00,0.00,0.0,BULLISH,0.0,4414.34,4414.34,4414.34,4414.34,24,CLEARED_>=20s,1.0,0.0,0.0,0.0,0.0,0.0,0.0,PASS_<20%,0.00,0.0,NO,STANDBY_VEL_LOW,0,0.00,4590.00,78.36,FALSE,M1_DIRECTION_MISMATCH
2026-09-07 15:52:24.853,1788796344.853,9554,50,289,4414.34,4414.42,8.0,PASS_<=10c,+0.0,FLAT,+0.0,+0.0,4.2,+0.00,0.00,SLOW,4414.34,4414.34,4414.34,4414.34,0.00,0.00,0.0,BULLISH,0.0,4414.34,4414.34,4414.34,4414.34,24,CLEARED_>=20s,1.0,0.0,0.0,0.0,0.0,0.0,0.0,PASS_<20%,0.00,0.0,NO,STANDBY_VEL_LOW,0,0.00,4590.00,78.36,FALSE,M1_DIRECTION_MISMATCH
2026-09-07 15:52:25.356,1788796345.356,9555,51,290,4414.34,4414.42,8.0,PASS_<=10c,+0.0,FLAT,+0.0,+0.0,4.2,+0.00,0.00,SLOW,4414.34,4414.34,4414.34,4414.34,0.00,0.00,0.0,BULLISH,0.0,4414.34,4414.34,4414.34,4414.34,25,CLEARED_>=20s,1.0,0.0,0.0,0.0,0.0,0.0,0.0,PASS_<20%,0.00,0.0,NO,STANDBY_VEL_LOW,0,0.00,4590.00,78.36,FALSE,M1_DIRECTION_MISMATCH
2026-09-07 15:52:25.878,1788796345.878,9556,52,291,4414.34,4414.42,8.0,PASS_<=10c,+0.0,FLAT,+0.0,+0.0,4.2,+0.00,0.00,SLOW,4414.34,4414.34,4414.34,4414.34,0.00,0.00,0.0,BULLISH,0.0,4414.34,4414.34,4414.34,4414.34,25,CLEARED_>=20s,1.0,0.0,0.0,0.0,0.0,0.0,0.0,PASS_<20%,0.00,0.0,NO,STANDBY_VEL_LOW,0,0.00,4590.00,78.36,FALSE,M1_DIRECTION_MISMATCH
2026-09-07 15:52:26.379,1788796346.379,9557,53,292,4414.34,4414.42,8.0,PASS_<=10c,+0.0,FLAT,+0.0,+0.0,4.2,+0.00,0.00,SLOW,4414.34,4414.34,4414.34,4414.34,0.00,0.00,0.0,BULLISH,0.0,4414.34,4414.34,4414.34,4414.34,26,CLEARED_>=20s,1.0,0.0,0.0,0.0,0.0,0.0,0.0,PASS_<20%,0.00,0.0,NO,STANDBY_VEL_LOW,0,0.00,4590.00,78.36,FALSE,M1_DIRECTION_MISMATCH
2026-09-07 15:52:26.880,1788796346.881,9558,54,293,4414.34,4414.42,8.0,PASS_<=10c,+0.0,FLAT,+0.0,+0.0,4.2,+0.00,0.00,SLOW,4414.34,4414.34,4414.34,4414.34,0.00,0.00,0.0,BULLISH,0.0,4414.34,4414.34,4414.34,4414.34,26,CLEARED_>=20s,1.0,0.0,0.0,0.0,0.0,0.0,0.0,PASS_<20%,0.00,0.0,NO,STANDBY_VEL_LOW,0,0.00,4590.00,78.36,FALSE,M1_DIRECTION_MISMATCH
2026-09-07 15:52:27.382,1788796347.382,9559,55,294,4414.34,4414.42,8.0,PASS_<=10c,+0.0,FLAT,+0.0,+0.0,4.2,+0.00,0.00,SLOW,4414.34,4414.34,4414.34,4414.34,0.00,0.00,0.0,BULLISH,0.0,4414.34,4414.34,4414.34,4414.34,27,CLEARED_>=20s,1.0,0.0,0.0,0.0,0.0,0.0,0.0,PASS_<20%,0.00,0.0,NO,STANDBY_VEL_LOW,0,0.00,4590.00,78.36,FALSE,M1_DIRECTION_MISMATCH
2026-09-07 15:52:27.883,1788796347.883,9560,56,295,4414.34,4414.42,8.0,PASS_<=10c,+0.0,FLAT,+0.0,+0.0,4.2,+0.00,0.00,SLOW,4414.34,4414.34,4414.34,4414.34,0.00,0.00,0.0,BULLISH,0.0,4414.34,4414.34,4414.34,4414.34,27,CLEARED_>=20s,1.0,0.0,0.0,0.0,0.0,0.0,0.0,PASS_<20%,0.00,0.0,NO,STANDBY_VEL_LOW,0,0.00,4590.00,78.36,FALSE,M1_DIRECTION_MISMATCH
2026-09-07 15:52:28.384,1788796348.384,9561,57,296,4414.34,4414.42,8.0,PASS_<=10c,+0.0,FLAT,+0.0,+0.0,4.2,+0.00,0.00,SLOW,4414.34,4414.34,4414.34,4414.34,0.00,0.00,0.0,BULLISH,0.0,4414.34,4414.34,4414.34,4414.34,28,CLEARED_>=20s,1.0,0.0,0.0,0.0,0.0,0.0,0.0,PASS_<20%,0.00,0.0,NO,STANDBY_VEL_LOW,0,0.00,4590.00,78.36,FALSE,M1_DIRECTION_MISMATCH
2026-09-07 15:52:28.886,1788796348.886,9562,58,297,4414.34,4414.42,8.0,PASS_<=10c,+0.0,FLAT,+0.0,+0.0,4.2,+0.00,0.00,SLOW,4414.34,4414.34,4414.34,4414.34,0.00,0.00,0.0,BULLISH,0.0,4414.34,4414.34,4414.34,4414.34,28,CLEARED_>=20s,1.0,0.0,0.0,0.0,0.0,0.0,0.0,PASS_<20%,0.00,0.0,NO,STANDBY_VEL_LOW,0,0.00,4590.00,78.36,FALSE,M1_DIRECTION_MISMATCH
2026-09-07 15:52:29.388,1788796349.388,9563,59,298,4414.34,4414.42,8.0,PASS_<=10c,+0.0,FLAT,+0.0,+0.0,4.2,+0.00,0.00,SLOW,4414.34,4414.34,4414.34,4414.34,0.00,0.00,0.0,BULLISH,0.0,4414.34,4414.34,4414.34,4414.34,29,CLEARED_>=20s,1.0,0.0,0.0,0.0,0.0,0.0,0.0,PASS_<20%,0.00,0.0,NO,STANDBY_VEL_LOW,0,0.00,4590.00,78.36,FALSE,M1_DIRECTION_MISMATCH
2026-09-07 15:52:29.890,1788796349.890,9564,60,299,4414.34,4414.42,8.0,PASS_<=10c,+0.0,FLAT,+0.0,+0.0,4.2,+0.00,0.00,SLOW,4414.34,4414.34,4414.34,4414.34,0.00,0.00,0.0,BULLISH,0.0,4414.34,4414.34,4414.34,4414.34,29,CLEARED_>=20s,1.0,0.0,0.0,0.0,0.0,0.0,0.0,PASS_<20%,0.00,0.0,NO,STANDBY_VEL_LOW,0,0.00,4590.00,78.36,FALSE,M1_DIRECTION_MISMATCH
2026-09-07 15:52:30.401,1788796350.401,9565,61,300,4414.34,4414.42,8.0,PASS_<=10c,+0.0,FLAT,+0.0,+0.0,4.2,+0.00,0.00,SLOW,4414.34,4414.34,4414.34,4414.34,0.00,0.00,0.0,BULLISH,0.0,4414.34,4414.34,4414.34,4414.34,30,CLEARED_>=20s,1.0,0.0,0.0,0.0,0.0,0.0,0.0,PASS_<20%,0.00,0.0,NO,STANDBY_VEL_LOW,0,0.00,4590.00,78.36,FALSE,M1_DIRECTION_MISMATCH
2026-09-07 15:52:30.892,1788796350.893,9566,62,301,4414.34,4414.42,8.0,PASS_<=10c,+0.0,FLAT,+0.0,+0.0,4.2,+0.00,0.00,SLOW,4414.34,4414.34,4414.34,4414.34,0.00,0.00,0.0,BULLISH,0.0,4414.34,4414.34,4414.34,4414.34,30,CLEARED_>=20s,1.0,0.0,0.0,0.0,0.0,0.0,0.0,PASS_<20%,0.00,0.0,NO,STANDBY_VEL_LOW,0,0.00,4590.00,78.36,FALSE,M1_DIRECTION_MISMATCH
2026-09-07 15:52:31.394,1788796351.395,9567,63,302,4414.34,4414.42,8.0,PASS_<=10c,+0.0,FLAT,+0.0,+0.0,4.2,+0.00,0.00,SLOW,4414.34,4414.34,4414.34,4414.34,0.00,0.00,0.0,BULLISH,0.0,4414.34,4414.34,4414.34,4414.34,31,CLEARED_>=20s,1.0,0.0,0.0,0.0,0.0,0.0,0.0,PASS_<20%,0.00,0.0,NO,STANDBY_VEL_LOW,0,0.00,4590.00,78.36,FALSE,M1_DIRECTION_MISMATCH
2026-09-07 15:52:31.902,1788796351.902,9568,64,303,4414.34,4414.42,8.0,PASS_<=10c,+0.0,FLAT,+0.0,+0.0,4.2,+0.00,0.00,SLOW,4414.34,4414.34,4414.34,4414.34,0.00,0.00,0.0,BULLISH,0.0,4414.34,4414.34,4414.34,4414.34,31,CLEARED_>=20s,1.0,0.0,0.0,0.0,0.0,0.0,0.0,PASS_<20%,0.00,0.0,NO,STANDBY_VEL_LOW,0,0.00,4590.00,78.36,FALSE,M1_DIRECTION_MISMATCH
2026-09-07 15:52:32.403,1788796352.403,9569,65,304,4414.34,4414.42,8.0,PASS_<=10c,+0.0,FLAT,+0.0,+0.0,4.2,+0.00,0.00,SLOW,4414.34,4414.34,4414.34,4414.34,0.00,0.00,0.0,BULLISH,0.0,4414.34,4414.34,4414.34,4414.34,32,CLEARED_>=20s,1.0,0.0,0.0,0.0,0.0,0.0,0.0,PASS_<20%,0.00,0.0,NO,STANDBY_VEL_LOW,0,0.00,4590.00,78.36,FALSE,M1_DIRECTION_MISMATCH
2026-09-07 15:52:32.904,1788796352.905,9570,66,305,4414.34,4414.42,8.0,PASS_<=10c,+0.0,FLAT,+0.0,+0.0,4.2,+0.00,0.00,SLOW,4414.34,4414.34,4414.34,4414.34,0.00,0.00,0.0,BULLISH,0.0,4414.34,4414.34,4414.34,4414.34,32,CLEARED_>=20s,1.0,0.0,0.0,0.0,0.0,0.0,0.0,PASS_<20%,0.00,0.0,NO,STANDBY_VEL_LOW,0,0.00,4590.00,78.36,FALSE,M1_DIRECTION_MISMATCH
2026-09-07 15:52:33.406,1788796353.407,9571,67,306,4414.34,4414.42,8.0,PASS_<=10c,+0.0,FLAT,+0.0,+0.0,4.2,+0.00,0.00,SLOW,4414.34,4414.34,4414.34,4414.34,0.00,0.00,0.0,BULLISH,0.0,4414.34,4414.34,4414.34,4414.34,33,CLEARED_>=20s,1.0,0.0,0.0,0.0,0.0,0.0,0.0,PASS_<20%,0.00,0.0,NO,STANDBY_VEL_LOW,0,0.00,4590.00,78.36,FALSE,M1_DIRECTION_MISMATCH
2026-09-07 15:52:33.908,1788796353.908,9572,68,307,4414.34,4414.42,8.0,PASS_<=10c,+0.0,FLAT,+0.0,+0.0,4.2,+0.00,0.00,SLOW,4414.34,4414.34,4414.34,4414.34,0.00,0.00,0.0,BULLISH,0.0,4414.34,4414.34,4414.34,4414.34,33,CLEARED_>=20s,1.0,0.0,0.0,0.0,0.0,0.0,0.0,PASS_<20%,0.00,0.0,NO,STANDBY_VEL_LOW,0,0.00,4590.00,78.36,FALSE,M1_DIRECTION_MISMATCH
2026-09-07 15:52:34.409,1788796354.410,9573,69,308,4414.34,4414.42,8.0,PASS_<=10c,+0.0,FLAT,+0.0,+0.0,4.2,+0.00,0.00,SLOW,4414.34,4414.34,4414.34,4414.34,0.00,0.00,0.0,BULLISH,0.0,4414.34,4414.34,4414.34,4414.34,34,CLEARED_>=20s,1.0,0.0,0.0,0.0,0.0,0.0,0.0,PASS_<20%,0.00,0.0,NO,STANDBY_VEL_LOW,0,0.00,4590.00,78.36,FALSE,M1_DIRECTION_MISMATCH
2026-09-07 15:52:34.911,1788796354.911,9574,70,309,4414.34,4414.42,8.0,PASS_<=10c,+0.0,FLAT,+0.0,+0.0,4.2,+0.00,0.00,SLOW,4414.34,4414.34,4414.34,4414.34,0.00,0.00,0.0,BULLISH,0.0,4414.34,4414.34,4414.34,4414.34,34,CLEARED_>=20s,1.0,0.0,0.0,0.0,0.0,0.0,0.0,PASS_<20%,0.00,0.0,NO,STANDBY_VEL_LOW,0,0.00,4590.00,78.36,FALSE,M1_DIRECTION_MISMATCH
2026-09-07 15:52:35.412,1788796355.412,9575,71,310,4414.34,4414.42,8.0,PASS_<=10c,+0.0,FLAT,+0.0,+0.0,4.2,+0.00,0.00,SLOW,4414.34,4414.34,4414.34,4414.34,0.00,0.00,0.0,BULLISH,0.0,4414.34,4414.34,4414.34,4414.34,35,CLEARED_>=20s,1.0,0.0,0.0,0.0,0.0,0.0,0.0,PASS_<20%,0.00,0.0,NO,STANDBY_VEL_LOW,0,0.00,4590.00,78.36,FALSE,M1_DIRECTION_MISMATCH
2026-09-07 15:52:35.913,1788796355.914,9576,72,311,4414.34,4414.42,8.0,PASS_<=10c,+0.0,FLAT,+0.0,+0.0,4.2,+0.00,0.00,SLOW,4414.34,4414.34,4414.34,4414.34,0.00,0.00,0.0,BULLISH,0.0,4414.34,4414.34,4414.34,4414.34,35,CLEARED_>=20s,1.0,0.0,0.0,0.0,0.0,0.0,0.0,PASS_<20%,0.00,0.0,NO,STANDBY_VEL_LOW,0,0.00,4590.00,78.36,FALSE,M1_DIRECTION_MISMATCH
2026-09-07 15:52:36.416,1788796356.416,9577,73,312,4414.34,4414.42,8.0,PASS_<=10c,+0.0,FLAT,+0.0,+0.0,4.2,+0.00,0.00,SLOW,4414.34,4414.34,4414.34,4414.34,0.00,0.00,0.0,BULLISH,0.0,4414.34,4414.34,4414.34,4414.34,36,CLEARED_>=20s,1.0,0.0,0.0,0.0,0.0,0.0,0.0,PASS_<20%,0.00,0.0,NO,STANDBY_VEL_LOW,0,0.00,4590.00,78.36,FALSE,M1_DIRECTION_MISMATCH
2026-09-07 15:52:36.919,1788796356.919,9578,74,313,4414.34,4414.42,8.0,PASS_<=10c,+0.0,FLAT,+0.0,+0.0,4.2,+0.00,0.00,SLOW,4414.34,4414.34,4414.34,4414.34,0.00,0.00,0.0,BULLISH,0.0,4414.34,4414.34,4414.34,4414.34,36,CLEARED_>=20s,1.0,0.0,0.0,0.0,0.0,0.0,0.0,PASS_<20%,0.00,0.0,NO,STANDBY_VEL_LOW,0,0.00,4590.00,78.36,FALSE,M1_DIRECTION_MISMATCH
2026-09-07 15:52:37.419,1788796357.419,9579,75,314,4414.34,4414.42,8.0,PASS_<=10c,+0.0,FLAT,+0.0,+0.0,4.2,+0.00,0.00,SLOW,4414.34,4414.34,4414.34,4414.34,0.00,0.00,0.0,BULLISH,0.0,4414.34,4414.34,4414.34,4414.34,37,CLEARED_>=20s,1.0,0.0,0.0,0.0,0.0,0.0,0.0,PASS_<20%,0.00,0.0,NO,STANDBY_VEL_LOW,0,0.00,4590.00,78.36,FALSE,M1_DIRECTION_MISMATCH
2026-09-07 15:52:37.920,1788796357.920,9580,76,315,4414.34,4414.42,8.0,PASS_<=10c,+0.0,FLAT,+0.0,+0.0,4.2,+0.00,0.00,SLOW,4414.34,4414.34,4414.34,4414.34,0.00,0.00,0.0,BULLISH,0.0,4414.34,4414.34,4414.34,4414.34,37,CLEARED_>=20s,1.0,0.0,0.0,0.0,0.0,0.0,0.0,PASS_<20%,0.00,0.0,NO,STANDBY_VEL_LOW,0,0.00,4590.00,78.36,FALSE,M1_DIRECTION_MISMATCH
2026-09-07 15:52:38.421,1788796358.422,9581,77,316,4414.34,4414.42,8.0,PASS_<=10c,+0.0,FLAT,+0.0,+0.0,4.2,+0.00,0.00,SLOW,4414.34,4414.34,4414.34,4414.34,0.00,0.00,0.0,BULLISH,0.0,4414.34,4414.34,4414.34,4414.34,38,CLEARED_>=20s,1.0,0.0,0.0,0.0,0.0,0.0,0.0,PASS_<20%,0.00,0.0,NO,STANDBY_VEL_LOW,0,0.00,4590.00,78.36,FALSE,M1_DIRECTION_MISMATCH
2026-09-07 15:52:38.923,1788796358.923,9582,78,317,4414.34,4414.42,8.0,PASS_<=10c,+0.0,FLAT,+0.0,+0.0,4.2,+0.00,0.00,SLOW,4414.34,4414.34,4414.34,4414.34,0.00,0.00,0.0,BULLISH,0.0,4414.34,4414.34,4414.34,4414.34,38,CLEARED_>=20s,1.0,0.0,0.0,0.0,0.0,0.0,0.0,PASS_<20%,0.00,0.0,NO,STANDBY_VEL_LOW,0,0.00,4590.00,78.36,FALSE,M1_DIRECTION_MISMATCH
2026-09-07 15:52:39.424,1788796359.425,9583,79,318,4414.34,4414.42,8.0,PASS_<=10c,+0.0,FLAT,+0.0,+0.0,4.2,+0.00,0.00,SLOW,4414.34,4414.34,4414.34,4414.34,0.00,0.00,0.0,BULLISH,0.0,4414.34,4414.34,4414.34,4414.34,39,CLEARED_>=20s,1.0,0.0,0.0,0.0,0.0,0.0,0.0,PASS_<20%,0.00,0.0,NO,STANDBY_VEL_LOW,0,0.00,4590.00,78.36,FALSE,M1_DIRECTION_MISMATCH
2026-09-07 15:52:39.926,1788796359.926,9584,80,319,4414.34,4414.42,8.0,PASS_<=10c,+0.0,FLAT,+0.0,+0.0,4.2,+0.00,0.00,SLOW,4414.34,4414.34,4414.34,4414.34,0.00,0.00,0.0,BULLISH,0.0,4414.34,4414.34,4414.34,4414.34,39,CLEARED_>=20s,1.0,0.0,0.0,0.0,0.0,0.0,0.0,PASS_<20%,0.00,0.0,NO,STANDBY_VEL_LOW,0,0.00,4590.00,78.36,FALSE,M1_DIRECTION_MISMATCH
2026-09-07 15:52:40.428,1788796360.428,9585,81,320,4414.34,4414.42,8.0,PASS_<=10c,+0.0,FLAT,+0.0,+0.0,4.2,+0.00,0.00,SLOW,4414.34,4414.34,4414.34,4414.34,0.00,0.00,0.0,BULLISH,0.0,4414.34,4414.34,4414.34,4414.34,40,CLEARED_>=20s,1.0,0.0,0.0,0.0,0.0,0.0,0.0,PASS_<20%,0.00,0.0,NO,STANDBY_VEL_LOW,0,0.00,4590.00,78.36,FALSE,M1_DIRECTION_MISMATCH
2026-09-07 15:52:40.929,1788796360.930,9586,82,321,4414.34,4414.42,8.0,PASS_<=10c,+0.0,FLAT,+0.0,+0.0,4.2,+0.00,0.00,SLOW,4414.34,4414.34,4414.34,4414.34,0.00,0.00,0.0,BULLISH,0.0,4414.34,4414.34,4414.34,4414.34,40,CLEARED_>=20s,1.0,0.0,0.0,0.0,0.0,0.0,0.0,PASS_<20%,0.00,0.0,NO,STANDBY_VEL_LOW,0,0.00,4590.00,78.36,FALSE,M1_DIRECTION_MISMATCH
2026-09-07 15:52:41.431,1788796361.431,9587,83,322,4414.34,4414.42,8.0,PASS_<=10c,+0.0,FLAT,+0.0,+0.0,4.2,+0.00,0.00,SLOW,4414.34,4414.34,4414.34,4414.34,0.00,0.00,0.0,BULLISH,0.0,4414.34,4414.34,4414.34,4414.34,41,CLEARED_>=20s,1.0,0.0,0.0,0.0,0.0,0.0,0.0,PASS_<20%,0.00,0.0,NO,STANDBY_VEL_LOW,0,0.00,4590.00,78.36,FALSE,M1_DIRECTION_MISMATCH
2026-09-07 15:52:41.933,1788796361.933,9588,84,323,4414.34,4414.42,8.0,PASS_<=10c,+0.0,FLAT,+0.0,+0.0,4.2,+0.00,0.00,SLOW,4414.34,4414.34,4414.34,4414.34,0.00,0.00,0.0,BULLISH,0.0,4414.34,4414.34,4414.34,4414.34,41,CLEARED_>=20s,1.0,0.0,0.0,0.0,0.0,0.0,0.0,PASS_<20%,0.00,0.0,NO,STANDBY_VEL_LOW,0,0.00,4590.00,78.36,FALSE,M1_DIRECTION_MISMATCH
2026-09-07 15:52:42.434,1788796362.434,9589,85,324,4414.34,4414.42,8.0,PASS_<=10c,+0.0,FLAT,+0.0,+0.0,4.2,+0.00,0.00,SLOW,4414.34,4414.34,4414.34,4414.34,0.00,0.00,0.0,BULLISH,0.0,4414.34,4414.34,4414.34,4414.34,42,CLEARED_>=20s,1.0,0.0,0.0,0.0,0.0,0.0,0.0,PASS_<20%,0.00,0.0,NO,STANDBY_VEL_LOW,0,0.00,4590.00,78.36,FALSE,M1_DIRECTION_MISMATCH
2026-09-07 15:52:42.936,1788796362.937,9590,86,325,4414.34,4414.42,8.0,PASS_<=10c,+0.0,FLAT,+0.0,+0.0,4.2,+0.00,0.00,SLOW,4414.34,4414.34,4414.34,4414.34,0.00,0.00,0.0,BULLISH,0.0,4414.34,4414.34,4414.34,4414.34,42,CLEARED_>=20s,1.0,0.0,0.0,0.0,0.0,0.0,0.0,PASS_<20%,0.00,0.0,NO,STANDBY_VEL_LOW,0,0.00,4590.00,78.36,FALSE,M1_DIRECTION_MISMATCH
2026-09-07 15:52:43.439,1788796363.439,9591,87,326,4414.34,4414.42,8.0,PASS_<=10c,+0.0,FLAT,+0.0,+0.0,4.2,+0.00,0.00,SLOW,4414.34,4414.34,4414.34,4414.34,0.00,0.00,0.0,BULLISH,0.0,4414.34,4414.34,4414.34,4414.34,43,CLEARED_>=20s,1.0,0.0,0.0,0.0,0.0,0.0,0.0,PASS_<20%,0.00,0.0,NO,STANDBY_VEL_LOW,0,0.00,4590.00,78.36,FALSE,M1_DIRECTION_MISMATCH
2026-09-07 15:52:43.940,1788796363.941,9592,88,327,4414.34,4414.42,8.0,PASS_<=10c,+0.0,FLAT,+0.0,+0.0,4.2,+0.00,0.00,SLOW,4414.34,4414.34,4414.34,4414.34,0.00,0.00,0.0,BULLISH,0.0,4414.34,4414.34,4414.34,4414.34,43,CLEARED_>=20s,1.0,0.0,0.0,0.0,0.0,0.0,0.0,PASS_<20%,0.00,0.0,NO,STANDBY_VEL_LOW,0,0.00,4590.00,78.36,FALSE,M1_DIRECTION_MISMATCH
2026-09-07 15:52:44.442,1788796364.443,9593,89,328,4414.34,4414.42,8.0,PASS_<=10c,+0.0,FLAT,+0.0,+0.0,4.2,+0.00,0.00,SLOW,4414.34,4414.34,4414.34,4414.34,0.00,0.00,0.0,BULLISH,0.0,4414.34,4414.34,4414.34,4414.34,44,CLEARED_>=20s,1.0,0.0,0.0,0.0,0.0,0.0,0.0,PASS_<20%,0.00,0.0,NO,STANDBY_VEL_LOW,0,0.00,4590.00,78.36,FALSE,M1_DIRECTION_MISMATCH
2026-09-07 15:52:44.943,1788796364.944,9594,90,329,4414.34,4414.42,8.0,PASS_<=10c,+0.0,FLAT,+0.0,+0.0,4.2,+0.00,0.00,SLOW,4414.34,4414.34,4414.34,4414.34,0.00,0.00,0.0,BULLISH,0.0,4414.34,4414.34,4414.34,4414.34,44,CLEARED_>=20s,1.0,0.0,0.0,0.0,0.0,0.0,0.0,PASS_<20%,0.00,0.0,NO,STANDBY_VEL_LOW,0,0.00,4590.00,78.36,FALSE,M1_DIRECTION_MISMATCH
2026-09-07 15:52:45.445,1788796365.446,9595,91,330,4414.34,4414.42,8.0,PASS_<=10c,+0.0,FLAT,+0.0,+0.0,4.2,+0.00,0.00,SLOW,4414.34,4414.34,4414.34,4414.34,0.00,0.00,0.0,BULLISH,0.0,4414.34,4414.34,4414.34,4414.34,45,CLEARED_>=20s,1.0,0.0,0.0,0.0,0.0,0.0,0.0,PASS_<20%,0.00,0.0,NO,STANDBY_VEL_LOW,0,0.00,4590.00,78.36,FALSE,M1_DIRECTION_MISMATCH
2026-09-07 15:52:45.946,1788796365.946,9596,92,331,4414.34,4414.42,8.0,PASS_<=10c,+0.0,FLAT,+0.0,+0.0,4.2,+0.00,0.00,SLOW,4414.34,4414.34,4414.34,4414.34,0.00,0.00,0.0,BULLISH,0.0,4414.34,4414.34,4414.34,4414.34,45,CLEARED_>=20s,1.0,0.0,0.0,0.0,0.0,0.0,0.0,PASS_<20%,0.00,0.0,NO,STANDBY_VEL_LOW,0,0.00,4590.00,78.36,FALSE,M1_DIRECTION_MISMATCH
2026-09-07 15:52:46.448,1788796366.448,9597,93,332,4414.34,4414.42,8.0,PASS_<=10c,+0.0,FLAT,+0.0,+0.0,4.2,+0.00,0.00,SLOW,4414.34,4414.34,4414.34,4414.34,0.00,0.00,0.0,BULLISH,0.0,4414.34,4414.34,4414.34,4414.34,46,CLEARED_>=20s,1.0,0.0,0.0,0.0,0.0,0.0,0.0,PASS_<20%,0.00,0.0,NO,STANDBY_VEL_LOW,0,0.00,4590.00,78.36,FALSE,M1_DIRECTION_MISMATCH
2026-09-07 15:52:46.949,1788796366.949,9598,94,333,4414.34,4414.42,8.0,PASS_<=10c,+0.0,FLAT,+0.0,+0.0,4.2,+0.00,0.00,SLOW,4414.34,4414.34,4414.34,4414.34,0.00,0.00,0.0,BULLISH,0.0,4414.34,4414.34,4414.34,4414.34,46,CLEARED_>=20s,1.0,0.0,0.0,0.0,0.0,0.0,0.0,PASS_<20%,0.00,0.0,NO,STANDBY_VEL_LOW,0,0.00,4590.00,78.36,FALSE,M1_DIRECTION_MISMATCH
2026-09-07 15:52:47.450,1788796367.450,9599,95,334,4414.34,4414.42,8.0,PASS_<=10c,+0.0,FLAT,+0.0,+0.0,4.2,+0.00,0.00,SLOW,4414.34,4414.34,4414.34,4414.34,0.00,0.00,0.0,BULLISH,0.0,4414.34,4414.34,4414.34,4414.34,47,CLEARED_>=20s,1.0,0.0,0.0,0.0,0.0,0.0,0.0,PASS_<20%,0.00,0.0,NO,STANDBY_VEL_LOW,0,0.00,4590.00,78.36,FALSE,M1_DIRECTION_MISMATCH
2026-09-07 15:52:47.954,1788796367.954,9600,96,335,4414.34,4414.42,8.0,PASS_<=10c,+0.0,FLAT,+0.0,+0.0,4.2,+0.00,0.00,SLOW,4414.34,4414.34,4414.34,4414.34,0.00,0.00,0.0,BULLISH,0.0,4414.34,4414.34,4414.34,4414.34,47,CLEARED_>=20s,1.0,0.0,0.0,0.0,0.0,0.0,0.0,PASS_<20%,0.00,0.0,NO,STANDBY_VEL_LOW,0,0.00,4590.00,78.36,FALSE,M1_DIRECTION_MISMATCH
2026-09-07 15:52:48.454,1788796368.454,9601,97,336,4414.34,4414.42,8.0,PASS_<=10c,+0.0,FLAT,+0.0,+0.0,4.2,+0.00,0.00,SLOW,4414.34,4414.34,4414.34,4414.34,0.00,0.00,0.0,BULLISH,0.0,4414.34,4414.34,4414.34,4414.34,48,CLEARED_>=20s,1.0,0.0,0.0,0.0,0.0,0.0,0.0,PASS_<20%,0.00,0.0,NO,STANDBY_VEL_LOW,0,0.00,4590.00,78.36,FALSE,M1_DIRECTION_MISMATCH
2026-09-07 15:52:48.955,1788796368.955,9602,98,337,4414.34,4414.42,8.0,PASS_<=10c,+0.0,FLAT,+0.0,+0.0,4.2,+0.00,0.00,SLOW,4414.34,4414.34,4414.34,4414.34,0.00,0.00,0.0,BULLISH,0.0,4414.34,4414.34,4414.34,4414.34,48,CLEARED_>=20s,1.0,0.0,0.0,0.0,0.0,0.0,0.0,PASS_<20%,0.00,0.0,NO,STANDBY_VEL_LOW,0,0.00,4590.00,78.36,FALSE,M1_DIRECTION_MISMATCH
2026-09-07 15:52:49.457,1788796369.457,9603,99,338,4414.34,4414.42,8.0,PASS_<=10c,+0.0,FLAT,+0.0,+0.0,4.2,+0.00,0.00,SLOW,4414.34,4414.34,4414.34,4414.34,0.00,0.00,0.0,BULLISH,0.0,4414.34,4414.34,4414.34,4414.34,49,CLEARED_>=20s,1.0,0.0,0.0,0.0,0.0,0.0,0.0,PASS_<20%,0.00,0.0,NO,STANDBY_VEL_LOW,0,0.00,4590.00,78.36,FALSE,M1_DIRECTION_MISMATCH
2026-09-07 15:52:49.958,1788796369.958,9604,100,339,4414.34,4414.42,8.0,PASS_<=10c,+0.0,FLAT,+0.0,+0.0,4.2,+0.00,0.00,SLOW,4414.34,4414.34,4414.34,4414.34,0.00,0.00,0.0,BULLISH,0.0,4414.34,4414.34,4414.34,4414.34,49,CLEARED_>=20s,1.0,0.0,0.0,0.0,0.0,0.0,0.0,PASS_<20%,0.00,0.0,NO,STANDBY_VEL_LOW,0,0.00,4590.00,78.36,FALSE,M1_DIRECTION_MISMATCH
2026-09-07 15:52:50.460,1788796370.461,9605,101,340,4414.34,4414.42,8.0,PASS_<=10c,+0.0,FLAT,+0.0,+0.0,4.2,+0.00,0.00,SLOW,4414.34,4414.34,4414.34,4414.34,0.00,0.00,0.0,BULLISH,0.0,4414.34,4414.34,4414.34,4414.34,50,CLEARED_>=20s,1.0,0.0,0.0,0.0,0.0,0.0,0.0,PASS_<20%,0.00,0.0,NO,STANDBY_VEL_LOW,0,0.00,4590.00,78.36,FALSE,M1_DIRECTION_MISMATCH
2026-09-07 15:52:50.961,1788796370.962,9606,102,341,4414.34,4414.42,8.0,PASS_<=10c,+0.0,FLAT,+0.0,+0.0,4.2,+0.00,0.00,SLOW,4414.34,4414.34,4414.34,4414.34,0.00,0.00,0.0,BULLISH,0.0,4414.34,4414.34,4414.34,4414.34,50,CLEARED_>=20s,1.0,0.0,0.0,0.0,0.0,0.0,0.0,PASS_<20%,0.00,0.0,NO,STANDBY_VEL_LOW,0,0.00,4590.00,78.36,FALSE,M1_DIRECTION_MISMATCH
2026-09-07 15:52:51.463,1788796371.463,9607,103,342,4414.34,4414.42,8.0,PASS_<=10c,+0.0,FLAT,+0.0,+0.0,4.2,+0.00,0.00,SLOW,4414.34,4414.34,4414.34,4414.34,0.00,0.00,0.0,BULLISH,0.0,4414.34,4414.34,4414.34,4414.34,51,CLEARED_>=20s,1.0,0.0,0.0,0.0,0.0,0.0,0.0,PASS_<20%,0.00,0.0,NO,STANDBY_VEL_LOW,0,0.00,4590.00,78.36,FALSE,M1_DIRECTION_MISMATCH
2026-09-07 15:52:51.964,1788796371.965,9608,104,343,4414.34,4414.42,8.0,PASS_<=10c,+0.0,FLAT,+0.0,+0.0,4.2,+0.00,0.00,SLOW,4414.34,4414.34,4414.34,4414.34,0.00,0.00,0.0,BULLISH,0.0,4414.34,4414.34,4414.34,4414.34,51,CLEARED_>=20s,1.0,0.0,0.0,0.0,0.0,0.0,0.0,PASS_<20%,0.00,0.0,NO,STANDBY_VEL_LOW,0,0.00,4590.00,78.36,FALSE,M1_DIRECTION_MISMATCH
2026-09-07 15:52:52.466,1788796372.466,9609,105,344,4414.34,4414.42,8.0,PASS_<=10c,+0.0,FLAT,+0.0,+0.0,4.2,+0.00,0.00,SLOW,4414.34,4414.34,4414.34,4414.34,0.00,0.00,0.0,BULLISH,0.0,4414.34,4414.34,4414.34,4414.34,52,CLEARED_>=20s,1.0,0.0,0.0,0.0,0.0,0.0,0.0,PASS_<20%,0.00,0.0,NO,STANDBY_VEL_LOW,0,0.00,4590.00,78.36,FALSE,M1_DIRECTION_MISMATCH
2026-09-07 15:52:52.967,1788796372.968,9610,106,345,4414.34,4414.42,8.0,PASS_<=10c,+0.0,FLAT,+0.0,+0.0,4.2,+0.00,0.00,SLOW,4414.34,4414.34,4414.34,4414.34,0.00,0.00,0.0,BULLISH,0.0,4414.34,4414.34,4414.34,4414.34,52,CLEARED_>=20s,1.0,0.0,0.0,0.0,0.0,0.0,0.0,PASS_<20%,0.00,0.0,NO,STANDBY_VEL_LOW,0,0.00,4590.00,78.36,FALSE,M1_DIRECTION_MISMATCH
2026-09-07 15:52:53.469,1788796373.469,9611,107,346,4414.34,4414.42,8.0,PASS_<=10c,+0.0,FLAT,+0.0,+0.0,4.2,+0.00,0.00,SLOW,4414.34,4414.34,4414.34,4414.34,0.00,0.00,0.0,BULLISH,0.0,4414.34,4414.34,4414.34,4414.34,53,CLEARED_>=20s,1.0,0.0,0.0,0.0,0.0,0.0,0.0,PASS_<20%,0.00,0.0,NO,STANDBY_VEL_LOW,0,0.00,4590.00,78.36,FALSE,M1_DIRECTION_MISMATCH
2026-09-07 15:52:53.970,1788796373.970,9612,108,347,4414.34,4414.42,8.0,PASS_<=10c,+0.0,FLAT,+0.0,+0.0,4.2,+0.00,0.00,SLOW,4414.34,4414.34,4414.34,4414.34,0.00,0.00,0.0,BULLISH,0.0,4414.34,4414.34,4414.34,4414.34,53,CLEARED_>=20s,1.0,0.0,0.0,0.0,0.0,0.0,0.0,PASS_<20%,0.00,0.0,NO,STANDBY_VEL_LOW,0,0.00,4590.00,78.36,FALSE,M1_DIRECTION_MISMATCH
2026-09-07 15:52:54.472,1788796374.473,9613,109,348,4414.34,4414.42,8.0,PASS_<=10c,+0.0,FLAT,+0.0,+0.0,4.2,+0.00,0.00,SLOW,4414.34,4414.34,4414.34,4414.34,0.00,0.00,0.0,BULLISH,0.0,4414.34,4414.34,4414.34,4414.34,54,CLEARED_>=20s,1.0,0.0,0.0,0.0,0.0,0.0,0.0,PASS_<20%,0.00,0.0,NO,STANDBY_VEL_LOW,0,0.00,4590.00,78.36,FALSE,M1_DIRECTION_MISMATCH
2026-09-07 15:52:54.973,1788796374.974,9614,110,349,4414.34,4414.42,8.0,PASS_<=10c,+0.0,FLAT,+0.0,+0.0,4.2,+0.00,0.00,SLOW,4414.34,4414.34,4414.34,4414.34,0.00,0.00,0.0,BULLISH,0.0,4414.34,4414.34,4414.34,4414.34,54,CLEARED_>=20s,1.0,0.0,0.0,0.0,0.0,0.0,0.0,PASS_<20%,0.00,0.0,NO,STANDBY_VEL_LOW,0,0.00,4590.00,78.36,FALSE,M1_DIRECTION_MISMATCH
2026-09-07 15:52:55.475,1788796375.476,9615,111,350,4414.34,4414.42,8.0,PASS_<=10c,+0.0,FLAT,+0.0,+0.0,4.2,+0.00,0.00,SLOW,4414.34,4414.34,4414.34,4414.34,0.00,0.00,0.0,BULLISH,0.0,4414.34,4414.34,4414.34,4414.34,55,CLEARED_>=20s,1.0,0.0,0.0,0.0,0.0,0.0,0.0,PASS_<20%,0.00,0.0,NO,STANDBY_VEL_LOW,0,0.00,4590.00,78.36,FALSE,M1_DIRECTION_MISMATCH
2026-09-07 15:52:55.977,1788796375.977,9616,112,351,4414.34,4414.42,8.0,PASS_<=10c,+0.0,FLAT,+0.0,+0.0,4.2,+0.00,0.00,SLOW,4414.34,4414.34,4414.34,4414.34,0.00,0.00,0.0,BULLISH,0.0,4414.34,4414.34,4414.34,4414.34,55,CLEARED_>=20s,1.0,0.0,0.0,0.0,0.0,0.0,0.0,PASS_<20%,0.00,0.0,NO,STANDBY_VEL_LOW,0,0.00,4590.00,78.36,FALSE,M1_DIRECTION_MISMATCH
2026-09-07 15:52:56.479,1788796376.480,9617,113,352,4414.34,4414.42,8.0,PASS_<=10c,+0.0,FLAT,+0.0,+0.0,4.2,+0.00,0.00,SLOW,4414.34,4414.34,4414.34,4414.34,0.00,0.00,0.0,BULLISH,0.0,4414.34,4414.34,4414.34,4414.34,56,CLEARED_>=20s,1.0,0.0,0.0,0.0,0.0,0.0,0.0,PASS_<20%,0.00,0.0,NO,STANDBY_VEL_LOW,0,0.00,4590.00,78.36,FALSE,M1_DIRECTION_MISMATCH
2026-09-07 15:52:56.980,1788796376.980,9618,114,353,4414.34,4414.42,8.0,PASS_<=10c,+0.0,FLAT,+0.0,+0.0,4.2,+0.00,0.00,SLOW,4414.34,4414.34,4414.34,4414.34,0.00,0.00,0.0,BULLISH,0.0,4414.34,4414.34,4414.34,4414.34,56,CLEARED_>=20s,1.0,0.0,0.0,0.0,0.0,0.0,0.0,PASS_<20%,0.00,0.0,NO,STANDBY_VEL_LOW,0,0.00,4590.00,78.36,FALSE,M1_DIRECTION_MISMATCH
2026-09-07 15:52:57.482,1788796377.482,9619,115,354,4414.34,4414.42,8.0,PASS_<=10c,+0.0,FLAT,+0.0,+0.0,4.2,+0.00,0.00,SLOW,4414.34,4414.34,4414.34,4414.34,0.00,0.00,0.0,BULLISH,0.0,4414.34,4414.34,4414.34,4414.34,57,CLEARED_>=20s,1.0,0.0,0.0,0.0,0.0,0.0,0.0,PASS_<20%,0.00,0.0,NO,STANDBY_VEL_LOW,0,0.00,4590.00,78.36,FALSE,M1_DIRECTION_MISMATCH
2026-09-07 15:52:57.983,1788796377.984,9620,116,355,4414.34,4414.42,8.0,PASS_<=10c,+0.0,FLAT,+0.0,+0.0,4.2,+0.00,0.00,SLOW,4414.34,4414.34,4414.34,4414.34,0.00,0.00,0.0,BULLISH,0.0,4414.34,4414.34,4414.34,4414.34,57,CLEARED_>=20s,1.0,0.0,0.0,0.0,0.0,0.0,0.0,PASS_<20%,0.00,0.0,NO,STANDBY_VEL_LOW,0,0.00,4590.00,78.36,FALSE,M1_DIRECTION_MISMATCH
2026-09-07 15:52:58.484,1788796378.484,9621,117,356,4414.34,4414.42,8.0,PASS_<=10c,+0.0,FLAT,+0.0,+0.0,4.2,+0.00,0.00,SLOW,4414.34,4414.34,4414.34,4414.34,0.00,0.00,0.0,BULLISH,0.0,4414.34,4414.34,4414.34,4414.34,58,CLEARED_>=20s,1.0,0.0,0.0,0.0,0.0,0.0,0.0,PASS_<20%,0.00,0.0,NO,STANDBY_VEL_LOW,0,0.00,4590.00,78.36,FALSE,M1_DIRECTION_MISMATCH
2026-09-07 15:52:58.985,1788796378.986,9622,118,357,4414.34,4414.42,8.0,PASS_<=10c,+0.0,FLAT,+0.0,+0.0,4.2,+0.00,0.00,SLOW,4414.34,4414.34,4414.34,4414.34,0.00,0.00,0.0,BULLISH,0.0,4414.34,4414.34,4414.34,4414.34,58,CLEARED_>=20s,1.0,0.0,0.0,0.0,0.0,0.0,0.0,PASS_<20%,0.00,0.0,NO,STANDBY_VEL_LOW,0,0.00,4590.00,78.36,FALSE,M1_DIRECTION_MISMATCH
2026-09-07 15:52:59.487,1788796379.487,9623,119,358,4414.34,4414.42,8.0,PASS_<=10c,+0.0,FLAT,+0.0,+0.0,4.2,+0.00,0.00,SLOW,4414.34,4414.34,4414.34,4414.34,0.00,0.00,0.0,BULLISH,0.0,4414.34,4414.34,4414.34,4414.34,59,CLEARED_>=20s,1.0,0.0,0.0,0.0,0.0,0.0,0.0,PASS_<20%,0.00,0.0,NO,STANDBY_VEL_LOW,0,0.00,4590.00,78.36,FALSE,M1_DIRECTION_MISMATCH
2026-09-07 15:52:59.988,1788796379.989,9624,120,359,4414.34,4414.42,8.0,PASS_<=10c,+0.0,FLAT,+0.0,+0.0,4.2,+0.00,0.00,SLOW,4414.34,4414.34,4414.34,4414.34,0.00,0.00,0.0,BULLISH,0.0,4414.34,4414.34,4414.34,4414.34,59,CLEARED_>=20s,1.0,0.0,0.0,0.0,0.0,0.0,0.0,PASS_<20%,0.00,0.0,NO,STANDBY_VEL_LOW,0,0.00,4590.00,78.36,FALSE,M1_DIRECTION_MISMATCH
2026-09-07 15:53:00.490,1788796380.491,9625,1,360,4414.34,4414.42,8.0,PASS_<=10c,+0.0,FLAT,+0.0,+0.0,4.2,+0.00,0.00,SLOW,4414.34,4414.34,4414.34,4414.34,0.00,0.00,0.0,BULLISH,0.0,4414.34,4414.34,4414.34,4414.34,0,ACTIVE_0s,1.0,0.0,0.0,0.0,0.0,0.0,0.0,PASS_<20%,0.00,0.0,NO,STANDBY_VEL_LOW,0,0.00,4590.00,78.36,FALSE,M1_DIRECTION_MISMATCH|OPENING_SHIELD_ACTIVE_0s
2026-09-07 15:53:00.992,1788796380.993,9626,2,361,4414.34,4414.42,8.0,PASS_<=10c,+0.0,FLAT,+0.0,+0.0,4.2,+0.00,0.00,SLOW,4414.34,4414.34,4414.34,4414.34,0.00,0.00,0.0,BULLISH,0.0,4414.34,4414.34,4414.34,4414.34,0,ACTIVE_0s,1.0,0.0,0.0,0.0,0.0,0.0,0.0,PASS_<20%,0.00,0.0,NO,STANDBY_VEL_LOW,0,0.00,4590.00,78.36,FALSE,M1_DIRECTION_MISMATCH|OPENING_SHIELD_ACTIVE_0s
2026-09-07 15:53:01.494,1788796381.494,9627,3,362,4414.34,4414.42,8.0,PASS_<=10c,+0.0,FLAT,+0.0,+0.0,4.2,+0.00,0.00,SLOW,4414.34,4414.34,4414.34,4414.34,0.00,0.00,0.0,BULLISH,0.0,4414.34,4414.34,4414.34,4414.34,1,ACTIVE_1s,1.0,0.0,0.0,0.0,0.0,0.0,0.0,PASS_<20%,0.00,0.0,NO,STANDBY_VEL_LOW,0,0.00,4590.00,78.36,FALSE,M1_DIRECTION_MISMATCH|OPENING_SHIELD_ACTIVE_1s
2026-09-07 15:53:01.996,1788796381.997,9628,4,363,4414.34,4414.42,8.0,PASS_<=10c,+0.0,FLAT,+0.0,+0.0,4.2,+0.00,0.00,SLOW,4414.34,4414.34,4414.34,4414.34,0.00,0.00,0.0,BULLISH,0.0,4414.34,4414.34,4414.34,4414.34,1,ACTIVE_1s,1.0,0.0,0.0,0.0,0.0,0.0,0.0,PASS_<20%,0.00,0.0,NO,STANDBY_VEL_LOW,0,0.00,4590.00,78.36,FALSE,M1_DIRECTION_MISMATCH|OPENING_SHIELD_ACTIVE_1s
2026-09-07 15:53:02.498,1788796382.499,9629,5,364,4414.34,4414.42,8.0,PASS_<=10c,+0.0,FLAT,+0.0,+0.0,4.2,+0.00,0.00,SLOW,4414.34,4414.34,4414.34,4414.34,0.00,0.00,0.0,BULLISH,0.0,4414.34,4414.34,4414.34,4414.34,2,ACTIVE_2s,1.0,0.0,0.0,0.0,0.0,0.0,0.0,PASS_<20%,0.00,0.0,NO,STANDBY_VEL_LOW,0,0.00,4590.00,78.36,FALSE,M1_DIRECTION_MISMATCH|OPENING_SHIELD_ACTIVE_2s
2026-09-07 15:53:03.000,1788796383.000,9630,6,365,4414.34,4414.42,8.0,PASS_<=10c,+0.0,FLAT,+0.0,+0.0,4.2,+0.00,0.00,SLOW,4414.34,4414.34,4414.34,4414.34,0.00,0.00,0.0,BULLISH,0.0,4414.34,4414.34,4414.34,4414.34,3,ACTIVE_3s,1.0,0.0,0.0,0.0,0.0,0.0,0.0,PASS_<20%,0.00,0.0,NO,STANDBY_VEL_LOW,0,0.00,4590.00,78.36,FALSE,M1_DIRECTION_MISMATCH|OPENING_SHIELD_ACTIVE_2s
2026-09-07 15:53:03.501,1788796383.502,9631,7,366,4414.34,4414.42,8.0,PASS_<=10c,+0.0,FLAT,+0.0,+0.0,4.2,+0.00,0.00,SLOW,4414.34,4414.34,4414.34,4414.34,0.00,0.00,0.0,BULLISH,0.0,4414.34,4414.34,4414.34,4414.34,3,ACTIVE_3s,1.0,0.0,0.0,0.0,0.0,0.0,0.0,PASS_<20%,0.00,0.0,NO,STANDBY_VEL_LOW,0,0.00,4590.00,78.36,FALSE,M1_DIRECTION_MISMATCH|OPENING_SHIELD_ACTIVE_3s
2026-09-07 15:53:04.004,1788796384.004,9632,8,367,4414.34,4414.42,8.0,PASS_<=10c,+0.0,FLAT,+0.0,+0.0,4.2,+0.00,0.00,SLOW,4414.34,4414.34,4414.34,4414.34,0.00,0.00,0.0,BULLISH,0.0,4414.34,4414.34,4414.34,4414.34,4,ACTIVE_4s,1.0,0.0,0.0,0.0,0.0,0.0,0.0,PASS_<20%,0.00,0.0,NO,STANDBY_VEL_LOW,0,0.00,4590.00,78.36,FALSE,M1_DIRECTION_MISMATCH|OPENING_SHIELD_ACTIVE_4s
2026-09-07 15:53:04.506,1788796384.506,9633,9,368,4414.34,4414.42,8.0,PASS_<=10c,+0.0,FLAT,+0.0,+0.0,4.2,+0.00,0.00,SLOW,4414.34,4414.34,4414.34,4414.34,0.00,0.00,0.0,BULLISH,0.0,4414.34,4414.34,4414.34,4414.34,4,ACTIVE_4s,1.0,0.0,0.0,0.0,0.0,0.0,0.0,PASS_<20%,0.00,0.0,NO,STANDBY_VEL_LOW,0,0.00,4590.00,78.36,FALSE,M1_DIRECTION_MISMATCH|OPENING_SHIELD_ACTIVE_4s
2026-09-07 15:53:05.007,1788796385.008,9634,10,369,4414.34,4414.42,8.0,PASS_<=10c,+0.0,FLAT,+0.0,+0.0,4.2,+0.00,0.00,SLOW,4414.34,4414.34,4414.34,4414.34,0.00,0.00,0.0,BULLISH,0.0,4414.34,4414.34,4414.34,4414.34,5,ACTIVE_5s,1.0,0.0,0.0,0.0,0.0,0.0,0.0,PASS_<20%,0.00,0.0,NO,STANDBY_VEL_LOW,0,0.00,4590.00,78.36,FALSE,M1_DIRECTION_MISMATCH|OPENING_SHIELD_ACTIVE_5s
2026-09-07 15:53:05.508,1788796385.509,9635,11,370,4414.34,4414.42,8.0,PASS_<=10c,+0.0,FLAT,+0.0,+0.0,4.2,+0.00,0.00,SLOW,4414.34,4414.34,4414.34,4414.34,0.00,0.00,0.0,BULLISH,0.0,4414.34,4414.34,4414.34,4414.34,5,ACTIVE_5s,1.0,0.0,0.0,0.0,0.0,0.0,0.0,PASS_<20%,0.00,0.0,NO,STANDBY_VEL_LOW,0,0.00,4590.00,78.36,FALSE,M1_DIRECTION_MISMATCH|OPENING_SHIELD_ACTIVE_5s
2026-09-07 15:53:06.009,1788796386.010,9636,12,371,4414.34,4414.42,8.0,PASS_<=10c,+0.0,FLAT,+0.0,+0.0,4.2,+0.00,0.00,SLOW,4414.34,4414.34,4414.34,4414.34,0.00,0.00,0.0,BULLISH,0.0,4414.34,4414.34,4414.34,4414.34,6,ACTIVE_6s,1.0,0.0,0.0,0.0,0.0,0.0,0.0,PASS_<20%,0.00,0.0,NO,STANDBY_VEL_LOW,0,0.00,4590.00,78.36,FALSE,M1_DIRECTION_MISMATCH|OPENING_SHIELD_ACTIVE_6s
2026-09-07 15:53:06.511,1788796386.512,9637,13,372,4414.34,4414.42,8.0,PASS_<=10c,+0.0,FLAT,+0.0,+0.0,4.2,+0.00,0.00,SLOW,4414.34,4414.34,4414.34,4414.34,0.00,0.00,0.0,BULLISH,0.0,4414.34,4414.34,4414.34,4414.34,6,ACTIVE_6s,1.0,0.0,0.0,0.0,0.0,0.0,0.0,PASS_<20%,0.00,0.0,NO,STANDBY_VEL_LOW,0,0.00,4590.00,78.36,FALSE,M1_DIRECTION_MISMATCH|OPENING_SHIELD_ACTIVE_6s
2026-09-07 15:53:07.013,1788796387.014,9638,14,373,4414.34,4414.42,8.0,PASS_<=10c,+0.0,FLAT,+0.0,+0.0,4.2,+0.00,0.00,SLOW,4414.34,4414.34,4414.34,4414.34,0.00,0.00,0.0,BULLISH,0.0,4414.34,4414.34,4414.34,4414.34,7,ACTIVE_7s,1.0,0.0,0.0,0.0,0.0,0.0,0.0,PASS_<20%,0.00,0.0,NO,STANDBY_VEL_LOW,0,0.00,4590.00,78.36,FALSE,M1_DIRECTION_MISMATCH|OPENING_SHIELD_ACTIVE_7s
2026-09-07 15:53:07.515,1788796387.516,9639,15,374,4414.34,4414.42,8.0,PASS_<=10c,+0.0,FLAT,+0.0,+0.0,4.2,+0.00,0.00,SLOW,4414.34,4414.34,4414.34,4414.34,0.00,0.00,0.0,BULLISH,0.0,4414.34,4414.34,4414.34,4414.34,7,ACTIVE_7s,1.0,0.0,0.0,0.0,0.0,0.0,0.0,PASS_<20%,0.00,0.0,NO,STANDBY_VEL_LOW,0,0.00,4590.00,78.36,FALSE,M1_DIRECTION_MISMATCH|OPENING_SHIELD_ACTIVE_7s
2026-09-07 15:53:08.016,1788796388.017,9640,16,375,4414.34,4414.42,8.0,PASS_<=10c,+0.0,FLAT,+0.0,+0.0,4.2,+0.00,0.00,SLOW,4414.34,4414.34,4414.34,4414.34,0.00,0.00,0.0,BULLISH,0.0,4414.34,4414.34,4414.34,4414.34,8,ACTIVE_8s,1.0,0.0,0.0,0.0,0.0,0.0,0.0,PASS_<20%,0.00,0.0,NO,STANDBY_VEL_LOW,0,0.00,4590.00,78.36,FALSE,M1_DIRECTION_MISMATCH|OPENING_SHIELD_ACTIVE_8s
2026-09-07 15:53:08.518,1788796388.519,9641,17,376,4414.34,4414.42,8.0,PASS_<=10c,+0.0,FLAT,+0.0,+0.0,4.2,+0.00,0.00,SLOW,4414.34,4414.34,4414.34,4414.34,0.00,0.00,0.0,BULLISH,0.0,4414.34,4414.34,4414.34,4414.34,8,ACTIVE_8s,1.0,0.0,0.0,0.0,0.0,0.0,0.0,PASS_<20%,0.00,0.0,NO,STANDBY_VEL_LOW,0,0.00,4590.00,78.36,FALSE,M1_DIRECTION_MISMATCH|OPENING_SHIELD_ACTIVE_8s
2026-09-07 15:53:09.019,1788796389.019,9642,18,377,4414.34,4414.42,8.0,PASS_<=10c,+0.0,FLAT,+0.0,+0.0,4.2,+0.00,0.00,SLOW,4414.34,4414.34,4414.34,4414.34,0.00,0.00,0.0,BULLISH,0.0,4414.34,4414.34,4414.34,4414.34,9,ACTIVE_9s,1.0,0.0,0.0,0.0,0.0,0.0,0.0,PASS_<20%,0.00,0.0,NO,STANDBY_VEL_LOW,0,0.00,4590.00,78.36,FALSE,M1_DIRECTION_MISMATCH|OPENING_SHIELD_ACTIVE_9s
2026-09-07 15:53:09.520,1788796389.521,9643,19,378,4414.34,4414.42,8.0,PASS_<=10c,+0.0,FLAT,+0.0,+0.0,4.2,+0.00,0.00,SLOW,4414.34,4414.34,4414.34,4414.34,0.00,0.00,0.0,BULLISH,0.0,4414.34,4414.34,4414.34,4414.34,9,ACTIVE_9s,1.0,0.0,0.0,0.0,0.0,0.0,0.0,PASS_<20%,0.00,0.0,NO,STANDBY_VEL_LOW,0,0.00,4590.00,78.36,FALSE,M1_DIRECTION_MISMATCH|OPENING_SHIELD_ACTIVE_9s
2026-09-07 15:53:10.022,1788796390.022,9644,20,379,4414.34,4414.42,8.0,PASS_<=10c,+0.0,FLAT,+0.0,+0.0,4.2,+0.00,0.00,SLOW,4414.34,4414.34,4414.34,4414.34,0.00,0.00,0.0,BULLISH,0.0,4414.34,4414.34,4414.34,4414.34,10,ACTIVE_10s,1.0,0.0,0.0,0.0,0.0,0.0,0.0,PASS_<20%,0.00,0.0,NO,STANDBY_VEL_LOW,0,0.00,4590.00,78.36,FALSE,M1_DIRECTION_MISMATCH|OPENING_SHIELD_ACTIVE_10s
2026-09-07 15:53:10.523,1788796390.524,9645,21,380,4414.34,4414.42,8.0,PASS_<=10c,+0.0,FLAT,+0.0,+0.0,4.2,+0.00,0.00,SLOW,4414.34,4414.34,4414.34,4414.34,0.00,0.00,0.0,BULLISH,0.0,4414.34,4414.34,4414.34,4414.34,10,ACTIVE_10s,1.0,0.0,0.0,0.0,0.0,0.0,0.0,PASS_<20%,0.00,0.0,NO,STANDBY_VEL_LOW,0,0.00,4590.00,78.36,FALSE,M1_DIRECTION_MISMATCH|OPENING_SHIELD_ACTIVE_10s
2026-09-07 15:53:11.025,1788796391.026,9646,22,381,4414.34,4414.42,8.0,PASS_<=10c,+0.0,FLAT,+0.0,+0.0,4.2,+0.00,0.00,SLOW,4414.34,4414.34,4414.34,4414.34,0.00,0.00,0.0,BULLISH,0.0,4414.34,4414.34,4414.34,4414.34,11,ACTIVE_11s,1.0,0.0,0.0,0.0,0.0,0.0,0.0,PASS_<20%,0.00,0.0,NO,STANDBY_VEL_LOW,0,0.00,4590.00,78.36,FALSE,M1_DIRECTION_MISMATCH|OPENING_SHIELD_ACTIVE_11s
2026-09-07 15:53:11.527,1788796391.528,9647,23,382,4414.34,4414.42,8.0,PASS_<=10c,+0.0,FLAT,+0.0,+0.0,4.2,+0.00,0.00,SLOW,4414.34,4414.34,4414.34,4414.34,0.00,0.00,0.0,BULLISH,0.0,4414.34,4414.34,4414.34,4414.34,11,ACTIVE_11s,1.0,0.0,0.0,0.0,0.0,0.0,0.0,PASS_<20%,0.00,0.0,NO,STANDBY_VEL_LOW,0,0.00,4590.00,78.36,FALSE,M1_DIRECTION_MISMATCH|OPENING_SHIELD_ACTIVE_11s
2026-09-07 15:53:12.029,1788796392.030,9648,24,383,4414.34,4414.42,8.0,PASS_<=10c,+0.0,FLAT,+0.0,+0.0,4.2,+0.00,0.00,SLOW,4414.34,4414.34,4414.34,4414.34,0.00,0.00,0.0,BULLISH,0.0,4414.34,4414.34,4414.34,4414.34,12,ACTIVE_12s,1.0,0.0,0.0,0.0,0.0,0.0,0.0,PASS_<20%,0.00,0.0,NO,STANDBY_VEL_LOW,0,0.00,4590.00,78.36,FALSE,M1_DIRECTION_MISMATCH|OPENING_SHIELD_ACTIVE_12s
2026-09-07 15:53:12.531,1788796392.531,9649,25,384,4414.34,4414.42,8.0,PASS_<=10c,+0.0,FLAT,+0.0,+0.0,4.2,+0.00,0.00,SLOW,4414.34,4414.34,4414.34,4414.34,0.00,0.00,0.0,BULLISH,0.0,4414.34,4414.34,4414.34,4414.34,12,ACTIVE_12s,1.0,0.0,0.0,0.0,0.0,0.0,0.0,PASS_<20%,0.00,0.0,NO,STANDBY_VEL_LOW,0,0.00,4590.00,78.36,FALSE,M1_DIRECTION_MISMATCH|OPENING_SHIELD_ACTIVE_12s
2026-09-07 15:53:13.033,1788796393.033,9650,26,385,4414.34,4414.42,8.0,PASS_<=10c,+0.0,FLAT,+0.0,+0.0,4.2,+0.00,0.00,SLOW,4414.34,4414.34,4414.34,4414.34,0.00,0.00,0.0,BULLISH,0.0,4414.34,4414.34,4414.34,4414.34,13,ACTIVE_13s,1.0,0.0,0.0,0.0,0.0,0.0,0.0,PASS_<20%,0.00,0.0,NO,STANDBY_VEL_LOW,0,0.00,4590.00,78.36,FALSE,M1_DIRECTION_MISMATCH|OPENING_SHIELD_ACTIVE_13s
2026-09-07 15:53:13.536,1788796393.536,9651,27,386,4414.34,4414.42,8.0,PASS_<=10c,+0.0,FLAT,+0.0,+0.0,4.2,+0.00,0.00,SLOW,4414.34,4414.34,4414.34,4414.34,0.00,0.00,0.0,BULLISH,0.0,4414.34,4414.34,4414.34,4414.34,13,ACTIVE_13s,1.0,0.0,0.0,0.0,0.0,0.0,0.0,PASS_<20%,0.00,0.0,NO,STANDBY_VEL_LOW,0,0.00,4590.00,78.36,FALSE,M1_DIRECTION_MISMATCH|OPENING_SHIELD_ACTIVE_13s
2026-09-07 15:53:14.037,1788796394.037,9652,28,387,4414.34,4414.42,8.0,PASS_<=10c,+0.0,FLAT,+0.0,+0.0,4.2,+0.00,0.00,SLOW,4414.34,4414.34,4414.34,4414.34,0.00,0.00,0.0,BULLISH,0.0,4414.34,4414.34,4414.34,4414.34,14,ACTIVE_14s,1.0,0.0,0.0,0.0,0.0,0.0,0.0,PASS_<20%,0.00,0.0,NO,STANDBY_VEL_LOW,0,0.00,4590.00,78.36,FALSE,M1_DIRECTION_MISMATCH|OPENING_SHIELD_ACTIVE_14s
2026-09-07 15:53:14.539,1788796394.539,9653,29,388,4414.34,4414.42,8.0,PASS_<=10c,+0.0,FLAT,+0.0,+0.0,4.2,+0.00,0.00,SLOW,4414.34,4414.34,4414.34,4414.34,0.00,0.00,0.0,BULLISH,0.0,4414.34,4414.34,4414.34,4414.34,14,ACTIVE_14s,1.0,0.0,0.0,0.0,0.0,0.0,0.0,PASS_<20%,0.00,0.0,NO,STANDBY_VEL_LOW,0,0.00,4590.00,78.36,FALSE,M1_DIRECTION_MISMATCH|OPENING_SHIELD_ACTIVE_14s
2026-09-07 15:53:15.041,1788796395.041,9654,30,389,4414.34,4414.42,8.0,PASS_<=10c,+0.0,FLAT,+0.0,+0.0,4.2,+0.00,0.00,SLOW,4414.34,4414.34,4414.34,4414.34,0.00,0.00,0.0,BULLISH,0.0,4414.34,4414.34,4414.34,4414.34,15,ACTIVE_15s,1.0,0.0,0.0,0.0,0.0,0.0,0.0,PASS_<20%,0.00,0.0,NO,STANDBY_VEL_LOW,0,0.00,4590.00,78.36,FALSE,M1_DIRECTION_MISMATCH|OPENING_SHIELD_ACTIVE_15s
2026-09-07 15:53:15.542,1788796395.542,9655,31,390,4414.34,4414.42,8.0,PASS_<=10c,+0.0,FLAT,+0.0,+0.0,4.2,+0.00,0.00,SLOW,4414.34,4414.34,4414.34,4414.34,0.00,0.00,0.0,BULLISH,0.0,4414.34,4414.34,4414.34,4414.34,15,ACTIVE_15s,1.0,0.0,0.0,0.0,0.0,0.0,0.0,PASS_<20%,0.00,0.0,NO,STANDBY_VEL_LOW,0,0.00,4590.00,78.36,FALSE,M1_DIRECTION_MISMATCH|OPENING_SHIELD_ACTIVE_15s
2026-09-07 15:53:16.043,1788796396.043,9656,32,391,4414.34,4414.42,8.0,PASS_<=10c,+0.0,FLAT,+0.0,+0.0,4.2,+0.00,0.00,SLOW,4414.34,4414.34,4414.34,4414.34,0.00,0.00,0.0,BULLISH,0.0,4414.34,4414.34,4414.34,4414.34,16,ACTIVE_16s,1.0,0.0,0.0,0.0,0.0,0.0,0.0,PASS_<20%,0.00,0.0,NO,STANDBY_VEL_LOW,0,0.00,4590.00,78.36,FALSE,M1_DIRECTION_MISMATCH|OPENING_SHIELD_ACTIVE_16s
2026-09-07 15:53:16.544,1788796396.545,9657,33,392,4414.34,4414.42,8.0,PASS_<=10c,+0.0,FLAT,+0.0,+0.0,4.2,+0.00,0.00,SLOW,4414.34,4414.34,4414.34,4414.34,0.00,0.00,0.0,BULLISH,0.0,4414.34,4414.34,4414.34,4414.34,16,ACTIVE_16s,1.0,0.0,0.0,0.0,0.0,0.0,0.0,PASS_<20%,0.00,0.0,NO,STANDBY_VEL_LOW,0,0.00,4590.00,78.36,FALSE,M1_DIRECTION_MISMATCH|OPENING_SHIELD_ACTIVE_16s
2026-09-07 15:53:17.046,1788796397.047,9658,34,393,4414.34,4414.42,8.0,PASS_<=10c,+0.0,FLAT,+0.0,+0.0,4.2,+0.00,0.00,SLOW,4414.34,4414.34,4414.34,4414.34,0.00,0.00,0.0,BULLISH,0.0,4414.34,4414.34,4414.34,4414.34,17,ACTIVE_17s,1.0,0.0,0.0,0.0,0.0,0.0,0.0,PASS_<20%,0.00,0.0,NO,STANDBY_VEL_LOW,0,0.00,4590.00,78.36,FALSE,M1_DIRECTION_MISMATCH|OPENING_SHIELD_ACTIVE_17s
2026-09-07 15:53:17.549,1788796397.549,9659,35,394,4414.34,4414.42,8.0,PASS_<=10c,+0.0,FLAT,+0.0,+0.0,4.2,+0.00,0.00,SLOW,4414.34,4414.34,4414.34,4414.34,0.00,0.00,0.0,BULLISH,0.0,4414.34,4414.34,4414.34,4414.34,17,ACTIVE_17s,1.0,0.0,0.0,0.0,0.0,0.0,0.0,PASS_<20%,0.00,0.0,NO,STANDBY_VEL_LOW,0,0.00,4590.00,78.36,FALSE,M1_DIRECTION_MISMATCH|OPENING_SHIELD_ACTIVE_17s
2026-09-07 15:53:18.050,1788796398.051,9660,36,395,4414.34,4414.42,8.0,PASS_<=10c,+0.0,FLAT,+0.0,+0.0,4.2,+0.00,0.00,SLOW,4414.34,4414.34,4414.34,4414.34,0.00,0.00,0.0,BULLISH,0.0,4414.34,4414.34,4414.34,4414.34,18,ACTIVE_18s,1.0,0.0,0.0,0.0,0.0,0.0,0.0,PASS_<20%,0.00,0.0,NO,STANDBY_VEL_LOW,0,0.00,4590.00,78.36,FALSE,M1_DIRECTION_MISMATCH|OPENING_SHIELD_ACTIVE_18s
2026-09-07 15:53:18.551,1788796398.552,9661,37,396,4414.34,4414.42,8.0,PASS_<=10c,+0.0,FLAT,+0.0,+0.0,4.2,+0.00,0.00,SLOW,4414.34,4414.34,4414.34,4414.34,0.00,0.00,0.0,BULLISH,0.0,4414.34,4414.34,4414.34,4414.34,18,ACTIVE_18s,1.0,0.0,0.0,0.0,0.0,0.0,0.0,PASS_<20%,0.00,0.0,NO,STANDBY_VEL_LOW,0,0.00,4590.00,78.36,FALSE,M1_DIRECTION_MISMATCH|OPENING_SHIELD_ACTIVE_18s
2026-09-07 15:53:19.052,1788796399.053,9662,38,397,4414.34,4414.42,8.0,PASS_<=10c,+0.0,FLAT,+0.0,+0.0,4.2,+0.00,0.00,SLOW,4414.34,4414.34,4414.34,4414.34,0.00,0.00,0.0,BULLISH,0.0,4414.34,4414.34,4414.34,4414.34,19,ACTIVE_19s,1.0,0.0,0.0,0.0,0.0,0.0,0.0,PASS_<20%,0.00,0.0,NO,STANDBY_VEL_LOW,0,0.00,4590.00,78.36,FALSE,M1_DIRECTION_MISMATCH|OPENING_SHIELD_ACTIVE_19s
2026-09-07 15:53:19.555,1788796399.555,9663,39,398,4414.34,4414.42,8.0,PASS_<=10c,+0.0,FLAT,+0.0,+0.0,4.2,+0.00,0.00,SLOW,4414.34,4414.34,4414.34,4414.34,0.00,0.00,0.0,BULLISH,0.0,4414.34,4414.34,4414.34,4414.34,19,ACTIVE_19s,1.0,0.0,0.0,0.0,0.0,0.0,0.0,PASS_<20%,0.00,0.0,NO,STANDBY_VEL_LOW,0,0.00,4590.00,78.36,FALSE,M1_DIRECTION_MISMATCH|OPENING_SHIELD_ACTIVE_19s
2026-09-07 15:53:20.057,1788796400.057,9664,40,399,4414.34,4414.42,8.0,PASS_<=10c,+0.0,FLAT,+0.0,+0.0,4.2,+0.00,0.00,SLOW,4414.34,4414.34,4414.34,4414.34,0.00,0.00,0.0,BULLISH,0.0,4414.34,4414.34,4414.34,4414.34,20,CLEARED_>=20s,1.0,0.0,0.0,0.0,0.0,0.0,0.0,PASS_<20%,0.00,0.0,NO,STANDBY_VEL_LOW,0,0.00,4590.00,78.36,FALSE,M1_DIRECTION_MISMATCH
2026-09-07 15:53:20.558,1788796400.559,9665,41,400,4414.34,4414.42,8.0,PASS_<=10c,+0.0,FLAT,+0.0,+0.0,4.2,+0.00,0.00,SLOW,4414.34,4414.34,4414.34,4414.34,0.00,0.00,0.0,BULLISH,0.0,4414.34,4414.34,4414.34,4414.34,20,CLEARED_>=20s,1.0,0.0,0.0,0.0,0.0,0.0,0.0,PASS_<20%,0.00,0.0,NO,STANDBY_VEL_LOW,0,0.00,4590.00,78.36,FALSE,M1_DIRECTION_MISMATCH
2026-09-07 15:53:21.060,1788796401.061,9666,42,401,4414.34,4414.42,8.0,PASS_<=10c,+0.0,FLAT,+0.0,+0.0,4.2,+0.00,0.00,SLOW,4414.34,4414.34,4414.34,4414.34,0.00,0.00,0.0,BULLISH,0.0,4414.34,4414.34,4414.34,4414.34,21,CLEARED_>=20s,1.0,0.0,0.0,0.0,0.0,0.0,0.0,PASS_<20%,0.00,0.0,NO,STANDBY_VEL_LOW,0,0.00,4590.00,78.36,FALSE,M1_DIRECTION_MISMATCH
2026-09-07 15:53:21.563,1788796401.563,9667,43,402,4414.34,4414.42,8.0,PASS_<=10c,+0.0,FLAT,+0.0,+0.0,4.2,+0.00,0.00,SLOW,4414.34,4414.34,4414.34,4414.34,0.00,0.00,0.0,BULLISH,0.0,4414.34,4414.34,4414.34,4414.34,21,CLEARED_>=20s,1.0,0.0,0.0,0.0,0.0,0.0,0.0,PASS_<20%,0.00,0.0,NO,STANDBY_VEL_LOW,0,0.00,4590.00,78.36,FALSE,M1_DIRECTION_MISMATCH
2026-09-07 15:53:22.065,1788796402.065,9668,44,403,4414.34,4414.42,8.0,PASS_<=10c,+0.0,FLAT,+0.0,+0.0,4.2,+0.00,0.00,SLOW,4414.34,4414.34,4414.34,4414.34,0.00,0.00,0.0,BULLISH,0.0,4414.34,4414.34,4414.34,4414.34,22,CLEARED_>=20s,1.0,0.0,0.0,0.0,0.0,0.0,0.0,PASS_<20%,0.00,0.0,NO,STANDBY_VEL_LOW,0,0.00,4590.00,78.36,FALSE,M1_DIRECTION_MISMATCH
2026-09-07 15:53:22.567,1788796402.568,9669,45,404,4414.34,4414.42,8.0,PASS_<=10c,+0.0,FLAT,+0.0,+0.0,4.2,+0.00,0.00,SLOW,4414.34,4414.34,4414.34,4414.34,0.00,0.00,0.0,BULLISH,0.0,4414.34,4414.34,4414.34,4414.34,22,CLEARED_>=20s,1.0,0.0,0.0,0.0,0.0,0.0,0.0,PASS_<20%,0.00,0.0,NO,STANDBY_VEL_LOW,0,0.00,4590.00,78.36,FALSE,M1_DIRECTION_MISMATCH
2026-09-07 15:53:23.068,1788796403.069,9670,46,405,4414.34,4414.42,8.0,PASS_<=10c,+0.0,FLAT,+0.0,+0.0,4.2,+0.00,0.00,SLOW,4414.34,4414.34,4414.34,4414.34,0.00,0.00,0.0,BULLISH,0.0,4414.34,4414.34,4414.34,4414.34,23,CLEARED_>=20s,1.0,0.0,0.0,0.0,0.0,0.0,0.0,PASS_<20%,0.00,0.0,NO,STANDBY_VEL_LOW,0,0.00,4590.00,78.36,FALSE,M1_DIRECTION_MISMATCH
2026-09-07 15:53:23.570,1788796403.570,9671,47,406,4414.34,4414.42,8.0,PASS_<=10c,+0.0,FLAT,+0.0,+0.0,4.2,+0.00,0.00,SLOW,4414.34,4414.34,4414.34,4414.34,0.00,0.00,0.0,BULLISH,0.0,4414.34,4414.34,4414.34,4414.34,23,CLEARED_>=20s,1.0,0.0,0.0,0.0,0.0,0.0,0.0,PASS_<20%,0.00,0.0,NO,STANDBY_VEL_LOW,0,0.00,4590.00,78.36,FALSE,M1_DIRECTION_MISMATCH
2026-09-07 15:53:24.071,1788796404.072,9672,48,407,4414.34,4414.42,8.0,PASS_<=10c,+0.0,FLAT,+0.0,+0.0,4.2,+0.00,0.00,SLOW,4414.34,4414.34,4414.34,4414.34,0.00,0.00,0.0,BULLISH,0.0,4414.34,4414.34,4414.34,4414.34,24,CLEARED_>=20s,1.0,0.0,0.0,0.0,0.0,0.0,0.0,PASS_<20%,0.00,0.0,NO,STANDBY_VEL_LOW,0,0.00,4590.00,78.36,FALSE,M1_DIRECTION_MISMATCH
2026-09-07 15:53:24.573,1788796404.573,9673,49,408,4414.34,4414.42,8.0,PASS_<=10c,+0.0,FLAT,+0.0,+0.0,4.2,+0.00,0.00,SLOW,4414.34,4414.34,4414.34,4414.34,0.00,0.00,0.0,BULLISH,0.0,4414.34,4414.34,4414.34,4414.34,24,CLEARED_>=20s,1.0,0.0,0.0,0.0,0.0,0.0,0.0,PASS_<20%,0.00,0.0,NO,STANDBY_VEL_LOW,0,0.00,4590.00,78.36,FALSE,M1_DIRECTION_MISMATCH
2026-09-07 15:53:25.073,1788796405.074,9674,50,409,4414.34,4414.42,8.0,PASS_<=10c,+0.0,FLAT,+0.0,+0.0,4.2,+0.00,0.00,SLOW,4414.34,4414.34,4414.34,4414.34,0.00,0.00,0.0,BULLISH,0.0,4414.34,4414.34,4414.34,4414.34,25,CLEARED_>=20s,1.0,0.0,0.0,0.0,0.0,0.0,0.0,PASS_<20%,0.00,0.0,NO,STANDBY_VEL_LOW,0,0.00,4590.00,78.36,FALSE,M1_DIRECTION_MISMATCH
2026-09-07 15:53:25.577,1788796405.577,9675,51,410,4414.34,4414.42,8.0,PASS_<=10c,+0.0,FLAT,+0.0,+0.0,4.2,+0.00,0.00,SLOW,4414.34,4414.34,4414.34,4414.34,0.00,0.00,0.0,BULLISH,0.0,4414.34,4414.34,4414.34,4414.34,25,CLEARED_>=20s,1.0,0.0,0.0,0.0,0.0,0.0,0.0,PASS_<20%,0.00,0.0,NO,STANDBY_VEL_LOW,0,0.00,4590.00,78.36,FALSE,M1_DIRECTION_MISMATCH
2026-09-07 15:53:26.077,1788796406.078,9676,52,411,4414.34,4414.42,8.0,PASS_<=10c,+0.0,FLAT,+0.0,+0.0,4.2,+0.00,0.00,SLOW,4414.34,4414.34,4414.34,4414.34,0.00,0.00,0.0,BULLISH,0.0,4414.34,4414.34,4414.34,4414.34,26,CLEARED_>=20s,1.0,0.0,0.0,0.0,0.0,0.0,0.0,PASS_<20%,0.00,0.0,NO,STANDBY_VEL_LOW,0,0.00,4590.00,78.36,FALSE,M1_DIRECTION_MISMATCH
2026-09-07 15:53:26.580,1788796406.580,9677,53,412,4414.34,4414.42,8.0,PASS_<=10c,+0.0,FLAT,+0.0,+0.0,4.2,+0.00,0.00,SLOW,4414.34,4414.34,4414.34,4414.34,0.00,0.00,0.0,BULLISH,0.0,4414.34,4414.34,4414.34,4414.34,26,CLEARED_>=20s,1.0,0.0,0.0,0.0,0.0,0.0,0.0,PASS_<20%,0.00,0.0,NO,STANDBY_VEL_LOW,0,0.00,4590.00,78.36,FALSE,M1_DIRECTION_MISMATCH
2026-09-07 15:53:27.081,1788796407.082,9678,54,413,4414.34,4414.42,8.0,PASS_<=10c,+0.0,FLAT,+0.0,+0.0,4.2,+0.00,0.00,SLOW,4414.34,4414.34,4414.34,4414.34,0.00,0.00,0.0,BULLISH,0.0,4414.34,4414.34,4414.34,4414.34,27,CLEARED_>=20s,1.0,0.0,0.0,0.0,0.0,0.0,0.0,PASS_<20%,0.00,0.0,NO,STANDBY_VEL_LOW,0,0.00,4590.00,78.36,FALSE,M1_DIRECTION_MISMATCH
2026-09-07 15:53:27.583,1788796407.583,9679,55,414,4414.34,4414.42,8.0,PASS_<=10c,+0.0,FLAT,+0.0,+0.0,4.2,+0.00,0.00,SLOW,4414.34,4414.34,4414.34,4414.34,0.00,0.00,0.0,BULLISH,0.0,4414.34,4414.34,4414.34,4414.34,27,CLEARED_>=20s,1.0,0.0,0.0,0.0,0.0,0.0,0.0,PASS_<20%,0.00,0.0,NO,STANDBY_VEL_LOW,0,0.00,4590.00,78.36,FALSE,M1_DIRECTION_MISMATCH
2026-09-07 15:53:28.085,1788796408.086,9680,56,415,4414.34,4414.42,8.0,PASS_<=10c,+0.0,FLAT,+0.0,+0.0,4.2,+0.00,0.00,SLOW,4414.34,4414.34,4414.34,4414.34,0.00,0.00,0.0,BULLISH,0.0,4414.34,4414.34,4414.34,4414.34,28,CLEARED_>=20s,1.0,0.0,0.0,0.0,0.0,0.0,0.0,PASS_<20%,0.00,0.0,NO,STANDBY_VEL_LOW,0,0.00,4590.00,78.36,FALSE,M1_DIRECTION_MISMATCH
2026-09-07 15:53:28.586,1788796408.587,9681,57,416,4414.34,4414.42,8.0,PASS_<=10c,+0.0,FLAT,+0.0,+0.0,4.2,+0.00,0.00,SLOW,4414.34,4414.34,4414.34,4414.34,0.00,0.00,0.0,BULLISH,0.0,4414.34,4414.34,4414.34,4414.34,28,CLEARED_>=20s,1.0,0.0,0.0,0.0,0.0,0.0,0.0,PASS_<20%,0.00,0.0,NO,STANDBY_VEL_LOW,0,0.00,4590.00,78.36,FALSE,M1_DIRECTION_MISMATCH
2026-09-07 15:53:29.088,1788796409.088,9682,58,417,4414.34,4414.42,8.0,PASS_<=10c,+0.0,FLAT,+0.0,+0.0,4.2,+0.00,0.00,SLOW,4414.34,4414.34,4414.34,4414.34,0.00,0.00,0.0,BULLISH,0.0,4414.34,4414.34,4414.34,4414.34,29,CLEARED_>=20s,1.0,0.0,0.0,0.0,0.0,0.0,0.0,PASS_<20%,0.00,0.0,NO,STANDBY_VEL_LOW,0,0.00,4590.00,78.36,FALSE,M1_DIRECTION_MISMATCH
2026-09-07 15:53:29.589,1788796409.590,9683,59,418,4414.34,4414.42,8.0,PASS_<=10c,+0.0,FLAT,+0.0,+0.0,4.2,+0.00,0.00,SLOW,4414.34,4414.34,4414.34,4414.34,0.00,0.00,0.0,BULLISH,0.0,4414.34,4414.34,4414.34,4414.34,29,CLEARED_>=20s,1.0,0.0,0.0,0.0,0.0,0.0,0.0,PASS_<20%,0.00,0.0,NO,STANDBY_VEL_LOW,0,0.00,4590.00,78.36,FALSE,M1_DIRECTION_MISMATCH
2026-09-07 15:53:30.090,1788796410.091,9684,60,419,4414.34,4414.42,8.0,PASS_<=10c,+0.0,FLAT,+0.0,+0.0,4.2,+0.00,0.00,SLOW,4414.34,4414.34,4414.34,4414.34,0.00,0.00,0.0,BULLISH,0.0,4414.34,4414.34,4414.34,4414.34,30,CLEARED_>=20s,1.0,0.0,0.0,0.0,0.0,0.0,0.0,PASS_<20%,0.00,0.0,NO,STANDBY_VEL_LOW,0,0.00,4590.00,78.36,FALSE,M1_DIRECTION_MISMATCH
2026-09-07 15:53:30.592,1788796410.593,9685,61,420,4414.34,4414.42,8.0,PASS_<=10c,+0.0,FLAT,+0.0,+0.0,4.2,+0.00,0.00,SLOW,4414.34,4414.34,4414.34,4414.34,0.00,0.00,0.0,BULLISH,0.0,4414.34,4414.34,4414.34,4414.34,30,CLEARED_>=20s,1.0,0.0,0.0,0.0,0.0,0.0,0.0,PASS_<20%,0.00,0.0,NO,STANDBY_VEL_LOW,0,0.00,4590.00,78.36,FALSE,M1_DIRECTION_MISMATCH
2026-09-07 15:53:31.094,1788796411.095,9686,62,421,4414.34,4414.42,8.0,PASS_<=10c,+0.0,FLAT,+0.0,+0.0,4.2,+0.00,0.00,SLOW,4414.34,4414.34,4414.34,4414.34,0.00,0.00,0.0,BULLISH,0.0,4414.34,4414.34,4414.34,4414.34,31,CLEARED_>=20s,1.0,0.0,0.0,0.0,0.0,0.0,0.0,PASS_<20%,0.00,0.0,NO,STANDBY_VEL_LOW,0,0.00,4590.00,78.36,FALSE,M1_DIRECTION_MISMATCH
2026-09-07 15:53:31.596,1788796411.596,9687,63,422,4414.34,4414.42,8.0,PASS_<=10c,+0.0,FLAT,+0.0,+0.0,4.2,+0.00,0.00,SLOW,4414.34,4414.34,4414.34,4414.34,0.00,0.00,0.0,BULLISH,0.0,4414.34,4414.34,4414.34,4414.34,31,CLEARED_>=20s,1.0,0.0,0.0,0.0,0.0,0.0,0.0,PASS_<20%,0.00,0.0,NO,STANDBY_VEL_LOW,0,0.00,4590.00,78.36,FALSE,M1_DIRECTION_MISMATCH
2026-09-07 15:53:32.098,1788796412.099,9688,64,423,4414.34,4414.42,8.0,PASS_<=10c,+0.0,FLAT,+0.0,+0.0,4.2,+0.00,0.00,SLOW,4414.34,4414.34,4414.34,4414.34,0.00,0.00,0.0,BULLISH,0.0,4414.34,4414.34,4414.34,4414.34,32,CLEARED_>=20s,1.0,0.0,0.0,0.0,0.0,0.0,0.0,PASS_<20%,0.00,0.0,NO,STANDBY_VEL_LOW,0,0.00,4590.00,78.36,FALSE,M1_DIRECTION_MISMATCH
2026-09-07 15:53:32.599,1788796412.600,9689,65,424,4414.34,4414.42,8.0,PASS_<=10c,+0.0,FLAT,+0.0,+0.0,4.2,+0.00,0.00,SLOW,4414.34,4414.34,4414.34,4414.34,0.00,0.00,0.0,BULLISH,0.0,4414.34,4414.34,4414.34,4414.34,32,CLEARED_>=20s,1.0,0.0,0.0,0.0,0.0,0.0,0.0,PASS_<20%,0.00,0.0,NO,STANDBY_VEL_LOW,0,0.00,4590.00,78.36,FALSE,M1_DIRECTION_MISMATCH
2026-09-07 15:53:33.101,1788796413.102,9690,66,425,4414.34,4414.42,8.0,PASS_<=10c,+0.0,FLAT,+0.0,+0.0,4.2,+0.00,0.00,SLOW,4414.34,4414.34,4414.34,4414.34,0.00,0.00,0.0,BULLISH,0.0,4414.34,4414.34,4414.34,4414.34,33,CLEARED_>=20s,1.0,0.0,0.0,0.0,0.0,0.0,0.0,PASS_<20%,0.00,0.0,NO,STANDBY_VEL_LOW,0,0.00,4590.00,78.36,FALSE,M1_DIRECTION_MISMATCH
2026-09-07 15:53:33.602,1788796413.603,9691,67,426,4414.34,4414.42,8.0,PASS_<=10c,+0.0,FLAT,+0.0,+0.0,4.2,+0.00,0.00,SLOW,4414.34,4414.34,4414.34,4414.34,0.00,0.00,0.0,BULLISH,0.0,4414.34,4414.34,4414.34,4414.34,33,CLEARED_>=20s,1.0,0.0,0.0,0.0,0.0,0.0,0.0,PASS_<20%,0.00,0.0,NO,STANDBY_VEL_LOW,0,0.00,4590.00,78.36,FALSE,M1_DIRECTION_MISMATCH
2026-09-07 15:53:34.104,1788796414.104,9692,68,427,4414.34,4414.42,8.0,PASS_<=10c,+0.0,FLAT,+0.0,+0.0,4.2,+0.00,0.00,SLOW,4414.34,4414.34,4414.34,4414.34,0.00,0.00,0.0,BULLISH,0.0,4414.34,4414.34,4414.34,4414.34,34,CLEARED_>=20s,1.0,0.0,0.0,0.0,0.0,0.0,0.0,PASS_<20%,0.00,0.0,NO,STANDBY_VEL_LOW,0,0.00,4590.00,78.36,FALSE,M1_DIRECTION_MISMATCH
2026-09-07 15:53:34.605,1788796414.606,9693,69,428,4414.34,4414.42,8.0,PASS_<=10c,+0.0,FLAT,+0.0,+0.0,4.2,+0.00,0.00,SLOW,4414.34,4414.34,4414.34,4414.34,0.00,0.00,0.0,BULLISH,0.0,4414.34,4414.34,4414.34,4414.34,34,CLEARED_>=20s,1.0,0.0,0.0,0.0,0.0,0.0,0.0,PASS_<20%,0.00,0.0,NO,STANDBY_VEL_LOW,0,0.00,4590.00,78.36,FALSE,M1_DIRECTION_MISMATCH
2026-09-07 15:53:35.108,1788796415.109,9694,70,429,4414.34,4414.42,8.0,PASS_<=10c,+0.0,FLAT,+0.0,+0.0,4.2,+0.00,0.00,SLOW,4414.34,4414.34,4414.34,4414.34,0.00,0.00,0.0,BULLISH,0.0,4414.34,4414.34,4414.34,4414.34,35,CLEARED_>=20s,1.0,0.0,0.0,0.0,0.0,0.0,0.0,PASS_<20%,0.00,0.0,NO,STANDBY_VEL_LOW,0,0.00,4590.00,78.36,FALSE,M1_DIRECTION_MISMATCH
2026-09-07 15:53:35.610,1788796415.610,9695,71,430,4414.34,4414.42,8.0,PASS_<=10c,+0.0,FLAT,+0.0,+0.0,4.2,+0.00,0.00,SLOW,4414.34,4414.34,4414.34,4414.34,0.00,0.00,0.0,BULLISH,0.0,4414.34,4414.34,4414.34,4414.34,35,CLEARED_>=20s,1.0,0.0,0.0,0.0,0.0,0.0,0.0,PASS_<20%,0.00,0.0,NO,STANDBY_VEL_LOW,0,0.00,4590.00,78.36,FALSE,M1_DIRECTION_MISMATCH
2026-09-07 15:53:36.112,1788796416.112,9696,72,431,4414.34,4414.42,8.0,PASS_<=10c,+0.0,FLAT,+0.0,+0.0,4.2,+0.00,0.00,SLOW,4414.34,4414.34,4414.34,4414.34,0.00,0.00,0.0,BULLISH,0.0,4414.34,4414.34,4414.34,4414.34,36,CLEARED_>=20s,1.0,0.0,0.0,0.0,0.0,0.0,0.0,PASS_<20%,0.00,0.0,NO,STANDBY_VEL_LOW,0,0.00,4590.00,78.36,FALSE,M1_DIRECTION_MISMATCH
2026-09-07 15:53:36.614,1788796416.614,9697,73,432,4414.34,4414.42,8.0,PASS_<=10c,+0.0,FLAT,+0.0,+0.0,4.2,+0.00,0.00,SLOW,4414.34,4414.34,4414.34,4414.34,0.00,0.00,0.0,BULLISH,0.0,4414.34,4414.34,4414.34,4414.34,36,CLEARED_>=20s,1.0,0.0,0.0,0.0,0.0,0.0,0.0,PASS_<20%,0.00,0.0,NO,STANDBY_VEL_LOW,0,0.00,4590.00,78.36,FALSE,M1_DIRECTION_MISMATCH
2026-09-07 15:53:37.116,1788796417.116,9698,74,433,4414.34,4414.42,8.0,PASS_<=10c,+0.0,FLAT,+0.0,+0.0,4.2,+0.00,0.00,SLOW,4414.34,4414.34,4414.34,4414.34,0.00,0.00,0.0,BULLISH,0.0,4414.34,4414.34,4414.34,4414.34,37,CLEARED_>=20s,1.0,0.0,0.0,0.0,0.0,0.0,0.0,PASS_<20%,0.00,0.0,NO,STANDBY_VEL_LOW,0,0.00,4590.00,78.36,FALSE,M1_DIRECTION_MISMATCH
2026-09-07 15:53:37.619,1788796417.619,9699,75,434,4414.34,4414.42,8.0,PASS_<=10c,+0.0,FLAT,+0.0,+0.0,4.2,+0.00,0.00,SLOW,4414.34,4414.34,4414.34,4414.34,0.00,0.00,0.0,BULLISH,0.0,4414.34,4414.34,4414.34,4414.34,37,CLEARED_>=20s,1.0,0.0,0.0,0.0,0.0,0.0,0.0,PASS_<20%,0.00,0.0,NO,STANDBY_VEL_LOW,0,0.00,4590.00,78.36,FALSE,M1_DIRECTION_MISMATCH
2026-09-07 15:53:38.120,1788796418.120,9700,76,435,4414.34,4414.42,8.0,PASS_<=10c,+0.0,FLAT,+0.0,+0.0,4.2,+0.00,0.00,SLOW,4414.34,4414.34,4414.34,4414.34,0.00,0.00,0.0,BULLISH,0.0,4414.34,4414.34,4414.34,4414.34,38,CLEARED_>=20s,1.0,0.0,0.0,0.0,0.0,0.0,0.0,PASS_<20%,0.00,0.0,NO,STANDBY_VEL_LOW,0,0.00,4590.00,78.36,FALSE,M1_DIRECTION_MISMATCH
2026-09-07 15:53:38.620,1788796418.621,9701,77,436,4414.34,4414.42,8.0,PASS_<=10c,+0.0,FLAT,+0.0,+0.0,4.2,+0.00,0.00,SLOW,4414.34,4414.34,4414.34,4414.34,0.00,0.00,0.0,BULLISH,0.0,4414.34,4414.34,4414.34,4414.34,38,CLEARED_>=20s,1.0,0.0,0.0,0.0,0.0,0.0,0.0,PASS_<20%,0.00,0.0,NO,STANDBY_VEL_LOW,0,0.00,4590.00,78.36,FALSE,M1_DIRECTION_MISMATCH
2026-09-07 15:53:39.122,1788796419.122,9702,78,437,4414.34,4414.42,8.0,PASS_<=10c,+0.0,FLAT,+0.0,+0.0,4.2,+0.00,0.00,SLOW,4414.34,4414.34,4414.34,4414.34,0.00,0.00,0.0,BULLISH,0.0,4414.34,4414.34,4414.34,4414.34,39,CLEARED_>=20s,1.0,0.0,0.0,0.0,0.0,0.0,0.0,PASS_<20%,0.00,0.0,NO,STANDBY_VEL_LOW,0,0.00,4590.00,78.36,FALSE,M1_DIRECTION_MISMATCH
2026-09-07 15:53:39.624,1788796419.625,9703,79,438,4414.34,4414.42,8.0,PASS_<=10c,+0.0,FLAT,+0.0,+0.0,4.2,+0.00,0.00,SLOW,4414.34,4414.34,4414.34,4414.34,0.00,0.00,0.0,BULLISH,0.0,4414.34,4414.34,4414.34,4414.34,39,CLEARED_>=20s,1.0,0.0,0.0,0.0,0.0,0.0,0.0,PASS_<20%,0.00,0.0,NO,STANDBY_VEL_LOW,0,0.00,4590.00,78.36,FALSE,M1_DIRECTION_MISMATCH
2026-09-07 15:53:40.126,1788796420.126,9704,80,439,4414.34,4414.42,8.0,PASS_<=10c,+0.0,FLAT,+0.0,+0.0,4.2,+0.00,0.00,SLOW,4414.34,4414.34,4414.34,4414.34,0.00,0.00,0.0,BULLISH,0.0,4414.34,4414.34,4414.34,4414.34,40,CLEARED_>=20s,1.0,0.0,0.0,0.0,0.0,0.0,0.0,PASS_<20%,0.00,0.0,NO,STANDBY_VEL_LOW,0,0.00,4590.00,78.36,FALSE,M1_DIRECTION_MISMATCH
2026-09-07 15:53:40.627,1788796420.627,9705,81,440,4414.34,4414.42,8.0,PASS_<=10c,+0.0,FLAT,+0.0,+0.0,4.2,+0.00,0.00,SLOW,4414.34,4414.34,4414.34,4414.34,0.00,0.00,0.0,BULLISH,0.0,4414.34,4414.34,4414.34,4414.34,40,CLEARED_>=20s,1.0,0.0,0.0,0.0,0.0,0.0,0.0,PASS_<20%,0.00,0.0,NO,STANDBY_VEL_LOW,0,0.00,4590.00,78.36,FALSE,M1_DIRECTION_MISMATCH
2026-09-07 15:53:41.128,1788796421.129,9706,82,441,4414.34,4414.42,8.0,PASS_<=10c,+0.0,FLAT,+0.0,+0.0,4.2,+0.00,0.00,SLOW,4414.34,4414.34,4414.34,4414.34,0.00,0.00,0.0,BULLISH,0.0,4414.34,4414.34,4414.34,4414.34,41,CLEARED_>=20s,1.0,0.0,0.0,0.0,0.0,0.0,0.0,PASS_<20%,0.00,0.0,NO,STANDBY_VEL_LOW,0,0.00,4590.00,78.36,FALSE,M1_DIRECTION_MISMATCH
2026-09-07 15:53:41.630,1788796421.630,9707,83,442,4414.34,4414.42,8.0,PASS_<=10c,+0.0,FLAT,+0.0,+0.0,4.2,+0.00,0.00,SLOW,4414.34,4414.34,4414.34,4414.34,0.00,0.00,0.0,BULLISH,0.0,4414.34,4414.34,4414.34,4414.34,41,CLEARED_>=20s,1.0,0.0,0.0,0.0,0.0,0.0,0.0,PASS_<20%,0.00,0.0,NO,STANDBY_VEL_LOW,0,0.00,4590.00,78.36,FALSE,M1_DIRECTION_MISMATCH
2026-09-07 15:53:42.131,1788796422.131,9708,84,443,4414.34,4414.42,8.0,PASS_<=10c,+0.0,FLAT,+0.0,+0.0,4.2,+0.00,0.00,SLOW,4414.34,4414.34,4414.34,4414.34,0.00,0.00,0.0,BULLISH,0.0,4414.34,4414.34,4414.34,4414.34,42,CLEARED_>=20s,1.0,0.0,0.0,0.0,0.0,0.0,0.0,PASS_<20%,0.00,0.0,NO,STANDBY_VEL_LOW,0,0.00,4590.00,78.36,FALSE,M1_DIRECTION_MISMATCH
2026-09-07 15:53:42.632,1788796422.633,9709,85,444,4414.34,4414.42,8.0,PASS_<=10c,+0.0,FLAT,+0.0,+0.0,4.2,+0.00,0.00,SLOW,4414.34,4414.34,4414.34,4414.34,0.00,0.00,0.0,BULLISH,0.0,4414.34,4414.34,4414.34,4414.34,42,CLEARED_>=20s,1.0,0.0,0.0,0.0,0.0,0.0,0.0,PASS_<20%,0.00,0.0,NO,STANDBY_VEL_LOW,0,0.00,4590.00,78.36,FALSE,M1_DIRECTION_MISMATCH
2026-09-07 15:53:43.134,1788796423.135,9710,86,445,4414.34,4414.42,8.0,PASS_<=10c,+0.0,FLAT,+0.0,+0.0,4.2,+0.00,0.00,SLOW,4414.34,4414.34,4414.34,4414.34,0.00,0.00,0.0,BULLISH,0.0,4414.34,4414.34,4414.34,4414.34,43,CLEARED_>=20s,1.0,0.0,0.0,0.0,0.0,0.0,0.0,PASS_<20%,0.00,0.0,NO,STANDBY_VEL_LOW,0,0.00,4590.00,78.36,FALSE,M1_DIRECTION_MISMATCH
2026-09-07 15:53:43.635,1788796423.636,9711,87,446,4414.34,4414.42,8.0,PASS_<=10c,+0.0,FLAT,+0.0,+0.0,4.2,+0.00,0.00,SLOW,4414.34,4414.34,4414.34,4414.34,0.00,0.00,0.0,BULLISH,0.0,4414.34,4414.34,4414.34,4414.34,43,CLEARED_>=20s,1.0,0.0,0.0,0.0,0.0,0.0,0.0,PASS_<20%,0.00,0.0,NO,STANDBY_VEL_LOW,0,0.00,4590.00,78.36,FALSE,M1_DIRECTION_MISMATCH
2026-09-07 15:53:44.137,1788796424.137,9712,88,447,4414.34,4414.42,8.0,PASS_<=10c,+0.0,FLAT,+0.0,+0.0,4.2,+0.00,0.00,SLOW,4414.34,4414.34,4414.34,4414.34,0.00,0.00,0.0,BULLISH,0.0,4414.34,4414.34,4414.34,4414.34,44,CLEARED_>=20s,1.0,0.0,0.0,0.0,0.0,0.0,0.0,PASS_<20%,0.00,0.0,NO,STANDBY_VEL_LOW,0,0.00,4590.00,78.36,FALSE,M1_DIRECTION_MISMATCH
2026-09-07 15:53:44.638,1788796424.638,9713,89,448,4414.34,4414.42,8.0,PASS_<=10c,+0.0,FLAT,+0.0,+0.0,4.2,+0.00,0.00,SLOW,4414.34,4414.34,4414.34,4414.34,0.00,0.00,0.0,BULLISH,0.0,4414.34,4414.34,4414.34,4414.34,44,CLEARED_>=20s,1.0,0.0,0.0,0.0,0.0,0.0,0.0,PASS_<20%,0.00,0.0,NO,STANDBY_VEL_LOW,0,0.00,4590.00,78.36,FALSE,M1_DIRECTION_MISMATCH
2026-09-07 15:53:45.139,1788796425.140,9714,90,449,4414.34,4414.42,8.0,PASS_<=10c,+0.0,FLAT,+0.0,+0.0,4.2,+0.00,0.00,SLOW,4414.34,4414.34,4414.34,4414.34,0.00,0.00,0.0,BULLISH,0.0,4414.34,4414.34,4414.34,4414.34,45,CLEARED_>=20s,1.0,0.0,0.0,0.0,0.0,0.0,0.0,PASS_<20%,0.00,0.0,NO,STANDBY_VEL_LOW,0,0.00,4590.00,78.36,FALSE,M1_DIRECTION_MISMATCH
2026-09-07 15:53:45.641,1788796425.642,9715,91,450,4414.34,4414.42,8.0,PASS_<=10c,+0.0,FLAT,+0.0,+0.0,4.2,+0.00,0.00,SLOW,4414.34,4414.34,4414.34,4414.34,0.00,0.00,0.0,BULLISH,0.0,4414.34,4414.34,4414.34,4414.34,45,CLEARED_>=20s,1.0,0.0,0.0,0.0,0.0,0.0,0.0,PASS_<20%,0.00,0.0,NO,STANDBY_VEL_LOW,0,0.00,4590.00,78.36,FALSE,M1_DIRECTION_MISMATCH
2026-09-07 15:53:46.144,1788796426.144,9716,92,451,4414.34,4414.42,8.0,PASS_<=10c,+0.0,FLAT,+0.0,+0.0,4.2,+0.00,0.00,SLOW,4414.34,4414.34,4414.34,4414.34,0.00,0.00,0.0,BULLISH,0.0,4414.34,4414.34,4414.34,4414.34,46,CLEARED_>=20s,1.0,0.0,0.0,0.0,0.0,0.0,0.0,PASS_<20%,0.00,0.0,NO,STANDBY_VEL_LOW,0,0.00,4590.00,78.36,FALSE,M1_DIRECTION_MISMATCH
2026-09-07 15:53:46.645,1788796426.646,9717,93,452,4414.34,4414.42,8.0,PASS_<=10c,+0.0,FLAT,+0.0,+0.0,4.2,+0.00,0.00,SLOW,4414.34,4414.34,4414.34,4414.34,0.00,0.00,0.0,BULLISH,0.0,4414.34,4414.34,4414.34,4414.34,46,CLEARED_>=20s,1.0,0.0,0.0,0.0,0.0,0.0,0.0,PASS_<20%,0.00,0.0,NO,STANDBY_VEL_LOW,0,0.00,4590.00,78.36,FALSE,M1_DIRECTION_MISMATCH
2026-09-07 15:53:47.147,1788796427.147,9718,94,453,4414.34,4414.42,8.0,PASS_<=10c,+0.0,FLAT,+0.0,+0.0,4.2,+0.00,0.00,SLOW,4414.34,4414.34,4414.34,4414.34,0.00,0.00,0.0,BULLISH,0.0,4414.34,4414.34,4414.34,4414.34,47,CLEARED_>=20s,1.0,0.0,0.0,0.0,0.0,0.0,0.0,PASS_<20%,0.00,0.0,NO,STANDBY_VEL_LOW,0,0.00,4590.00,78.36,FALSE,M1_DIRECTION_MISMATCH
2026-09-07 15:53:47.649,1788796427.649,9719,95,454,4414.34,4414.42,8.0,PASS_<=10c,+0.0,FLAT,+0.0,+0.0,4.2,+0.00,0.00,SLOW,4414.34,4414.34,4414.34,4414.34,0.00,0.00,0.0,BULLISH,0.0,4414.34,4414.34,4414.34,4414.34,47,CLEARED_>=20s,1.0,0.0,0.0,0.0,0.0,0.0,0.0,PASS_<20%,0.00,0.0,NO,STANDBY_VEL_LOW,0,0.00,4590.00,78.36,FALSE,M1_DIRECTION_MISMATCH
2026-09-07 15:53:48.151,1788796428.152,9720,96,455,4414.34,4414.42,8.0,PASS_<=10c,+0.0,FLAT,+0.0,+0.0,4.2,+0.00,0.00,SLOW,4414.34,4414.34,4414.34,4414.34,0.00,0.00,0.0,BULLISH,0.0,4414.34,4414.34,4414.34,4414.34,48,CLEARED_>=20s,1.0,0.0,0.0,0.0,0.0,0.0,0.0,PASS_<20%,0.00,0.0,NO,STANDBY_VEL_LOW,0,0.00,4590.00,78.36,FALSE,M1_DIRECTION_MISMATCH
2026-09-07 15:53:48.653,1788796428.653,9721,97,456,4414.34,4414.42,8.0,PASS_<=10c,+0.0,FLAT,+0.0,+0.0,4.2,+0.00,0.00,SLOW,4414.34,4414.34,4414.34,4414.34,0.00,0.00,0.0,BULLISH,0.0,4414.34,4414.34,4414.34,4414.34,48,CLEARED_>=20s,1.0,0.0,0.0,0.0,0.0,0.0,0.0,PASS_<20%,0.00,0.0,NO,STANDBY_VEL_LOW,0,0.00,4590.00,78.36,FALSE,M1_DIRECTION_MISMATCH
2026-09-07 15:53:49.154,1788796429.154,9722,98,457,4414.34,4414.42,8.0,PASS_<=10c,+0.0,FLAT,+0.0,+0.0,4.2,+0.00,0.00,SLOW,4414.34,4414.34,4414.34,4414.34,0.00,0.00,0.0,BULLISH,0.0,4414.34,4414.34,4414.34,4414.34,49,CLEARED_>=20s,1.0,0.0,0.0,0.0,0.0,0.0,0.0,PASS_<20%,0.00,0.0,NO,STANDBY_VEL_LOW,0,0.00,4590.00,78.36,FALSE,M1_DIRECTION_MISMATCH
2026-09-07 15:53:49.656,1788796429.656,9723,99,458,4414.34,4414.42,8.0,PASS_<=10c,+0.0,FLAT,+0.0,+0.0,4.2,+0.00,0.00,SLOW,4414.34,4414.34,4414.34,4414.34,0.00,0.00,0.0,BULLISH,0.0,4414.34,4414.34,4414.34,4414.34,49,CLEARED_>=20s,1.0,0.0,0.0,0.0,0.0,0.0,0.0,PASS_<20%,0.00,0.0,NO,STANDBY_VEL_LOW,0,0.00,4590.00,78.36,FALSE,M1_DIRECTION_MISMATCH
2026-09-07 15:53:50.158,1788796430.159,9724,100,459,4414.34,4414.42,8.0,PASS_<=10c,+0.0,FLAT,+0.0,+0.0,4.2,+0.00,0.00,SLOW,4414.34,4414.34,4414.34,4414.34,0.00,0.00,0.0,BULLISH,0.0,4414.34,4414.34,4414.34,4414.34,50,CLEARED_>=20s,1.0,0.0,0.0,0.0,0.0,0.0,0.0,PASS_<20%,0.00,0.0,NO,STANDBY_VEL_LOW,0,0.00,4590.00,78.36,FALSE,M1_DIRECTION_MISMATCH
2026-09-07 15:53:50.659,1788796430.660,9725,101,460,4414.34,4414.42,8.0,PASS_<=10c,+0.0,FLAT,+0.0,+0.0,4.2,+0.00,0.00,SLOW,4414.34,4414.34,4414.34,4414.34,0.00,0.00,0.0,BULLISH,0.0,4414.34,4414.34,4414.34,4414.34,50,CLEARED_>=20s,1.0,0.0,0.0,0.0,0.0,0.0,0.0,PASS_<20%,0.00,0.0,NO,STANDBY_VEL_LOW,0,0.00,4590.00,78.36,FALSE,M1_DIRECTION_MISMATCH
2026-09-07 15:53:51.162,1788796431.162,9726,102,461,4414.34,4414.42,8.0,PASS_<=10c,+0.0,FLAT,+0.0,+0.0,4.2,+0.00,0.00,SLOW,4414.34,4414.34,4414.34,4414.34,0.00,0.00,0.0,BULLISH,0.0,4414.34,4414.34,4414.34,4414.34,51,CLEARED_>=20s,1.0,0.0,0.0,0.0,0.0,0.0,0.0,PASS_<20%,0.00,0.0,NO,STANDBY_VEL_LOW,0,0.00,4590.00,78.36,FALSE,M1_DIRECTION_MISMATCH
2026-09-07 15:53:51.664,1788796431.664,9727,103,462,4414.34,4414.42,8.0,PASS_<=10c,+0.0,FLAT,+0.0,+0.0,4.2,+0.00,0.00,SLOW,4414.34,4414.34,4414.34,4414.34,0.00,0.00,0.0,BULLISH,0.0,4414.34,4414.34,4414.34,4414.34,51,CLEARED_>=20s,1.0,0.0,0.0,0.0,0.0,0.0,0.0,PASS_<20%,0.00,0.0,NO,STANDBY_VEL_LOW,0,0.00,4590.00,78.36,FALSE,M1_DIRECTION_MISMATCH
2026-09-07 15:53:52.165,1788796432.166,9728,104,463,4414.34,4414.42,8.0,PASS_<=10c,+0.0,FLAT,+0.0,+0.0,4.2,+0.00,0.00,SLOW,4414.34,4414.34,4414.34,4414.34,0.00,0.00,0.0,BULLISH,0.0,4414.34,4414.34,4414.34,4414.34,52,CLEARED_>=20s,1.0,0.0,0.0,0.0,0.0,0.0,0.0,PASS_<20%,0.00,0.0,NO,STANDBY_VEL_LOW,0,0.00,4590.00,78.36,FALSE,M1_DIRECTION_MISMATCH
2026-09-07 15:53:52.667,1788796432.667,9729,105,464,4414.34,4414.42,8.0,PASS_<=10c,+0.0,FLAT,+0.0,+0.0,4.2,+0.00,0.00,SLOW,4414.34,4414.34,4414.34,4414.34,0.00,0.00,0.0,BULLISH,0.0,4414.34,4414.34,4414.34,4414.34,52,CLEARED_>=20s,1.0,0.0,0.0,0.0,0.0,0.0,0.0,PASS_<20%,0.00,0.0,NO,STANDBY_VEL_LOW,0,0.00,4590.00,78.36,FALSE,M1_DIRECTION_MISMATCH
2026-09-07 15:53:53.169,1788796433.169,9730,106,465,4414.34,4414.42,8.0,PASS_<=10c,+0.0,FLAT,+0.0,+0.0,4.2,+0.00,0.00,SLOW,4414.34,4414.34,4414.34,4414.34,0.00,0.00,0.0,BULLISH,0.0,4414.34,4414.34,4414.34,4414.34,53,CLEARED_>=20s,1.0,0.0,0.0,0.0,0.0,0.0,0.0,PASS_<20%,0.00,0.0,NO,STANDBY_VEL_LOW,0,0.00,4590.00,78.36,FALSE,M1_DIRECTION_MISMATCH
2026-09-07 15:53:53.670,1788796433.670,9731,107,466,4414.34,4414.42,8.0,PASS_<=10c,+0.0,FLAT,+0.0,+0.0,4.2,+0.00,0.00,SLOW,4414.34,4414.34,4414.34,4414.34,0.00,0.00,0.0,BULLISH,0.0,4414.34,4414.34,4414.34,4414.34,53,CLEARED_>=20s,1.0,0.0,0.0,0.0,0.0,0.0,0.0,PASS_<20%,0.00,0.0,NO,STANDBY_VEL_LOW,0,0.00,4590.00,78.36,FALSE,M1_DIRECTION_MISMATCH
2026-09-07 15:53:54.172,1788796434.173,9732,108,467,4414.34,4414.42,8.0,PASS_<=10c,+0.0,FLAT,+0.0,+0.0,4.2,+0.00,0.00,SLOW,4414.34,4414.34,4414.34,4414.34,0.00,0.00,0.0,BULLISH,0.0,4414.34,4414.34,4414.34,4414.34,54,CLEARED_>=20s,1.0,0.0,0.0,0.0,0.0,0.0,0.0,PASS_<20%,0.00,0.0,NO,STANDBY_VEL_LOW,0,0.00,4590.00,78.36,FALSE,M1_DIRECTION_MISMATCH
2026-09-07 15:53:54.674,1788796434.674,9733,109,468,4414.34,4414.42,8.0,PASS_<=10c,+0.0,FLAT,+0.0,+0.0,4.2,+0.00,0.00,SLOW,4414.34,4414.34,4414.34,4414.34,0.00,0.00,0.0,BULLISH,0.0,4414.34,4414.34,4414.34,4414.34,54,CLEARED_>=20s,1.0,0.0,0.0,0.0,0.0,0.0,0.0,PASS_<20%,0.00,0.0,NO,STANDBY_VEL_LOW,0,0.00,4590.00,78.36,FALSE,M1_DIRECTION_MISMATCH
2026-09-07 15:53:55.175,1788796435.176,9734,110,469,4414.34,4414.42,8.0,PASS_<=10c,+0.0,FLAT,+0.0,+0.0,4.2,+0.00,0.00,SLOW,4414.34,4414.34,4414.34,4414.34,0.00,0.00,0.0,BULLISH,0.0,4414.34,4414.34,4414.34,4414.34,55,CLEARED_>=20s,1.0,0.0,0.0,0.0,0.0,0.0,0.0,PASS_<20%,0.00,0.0,NO,STANDBY_VEL_LOW,0,0.00,4590.00,78.36,FALSE,M1_DIRECTION_MISMATCH
2026-09-07 15:53:55.677,1788796435.678,9735,111,470,4414.34,4414.42,8.0,PASS_<=10c,+0.0,FLAT,+0.0,+0.0,4.2,+0.00,0.00,SLOW,4414.34,4414.34,4414.34,4414.34,0.00,0.00,0.0,BULLISH,0.0,4414.34,4414.34,4414.34,4414.34,55,CLEARED_>=20s,1.0,0.0,0.0,0.0,0.0,0.0,0.0,PASS_<20%,0.00,0.0,NO,STANDBY_VEL_LOW,0,0.00,4590.00,78.36,FALSE,M1_DIRECTION_MISMATCH
2026-09-07 15:53:56.179,1788796436.180,9736,112,471,4414.34,4414.42,8.0,PASS_<=10c,+0.0,FLAT,+0.0,+0.0,4.2,+0.00,0.00,SLOW,4414.34,4414.34,4414.34,4414.34,0.00,0.00,0.0,BULLISH,0.0,4414.34,4414.34,4414.34,4414.34,56,CLEARED_>=20s,1.0,0.0,0.0,0.0,0.0,0.0,0.0,PASS_<20%,0.00,0.0,NO,STANDBY_VEL_LOW,0,0.00,4590.00,78.36,FALSE,M1_DIRECTION_MISMATCH
2026-09-07 15:53:56.680,1788796436.681,9737,113,472,4414.34,4414.42,8.0,PASS_<=10c,+0.0,FLAT,+0.0,+0.0,4.2,+0.00,0.00,SLOW,4414.34,4414.34,4414.34,4414.34,0.00,0.00,0.0,BULLISH,0.0,4414.34,4414.34,4414.34,4414.34,56,CLEARED_>=20s,1.0,0.0,0.0,0.0,0.0,0.0,0.0,PASS_<20%,0.00,0.0,NO,STANDBY_VEL_LOW,0,0.00,4590.00,78.36,FALSE,M1_DIRECTION_MISMATCH
2026-09-07 15:53:57.182,1788796437.182,9738,114,473,4414.34,4414.42,8.0,PASS_<=10c,+0.0,FLAT,+0.0,+0.0,4.2,+0.00,0.00,SLOW,4414.34,4414.34,4414.34,4414.34,0.00,0.00,0.0,BULLISH,0.0,4414.34,4414.34,4414.34,4414.34,57,CLEARED_>=20s,1.0,0.0,0.0,0.0,0.0,0.0,0.0,PASS_<20%,0.00,0.0,NO,STANDBY_VEL_LOW,0,0.00,4590.00,78.36,FALSE,M1_DIRECTION_MISMATCH
2026-09-07 15:53:57.683,1788796437.683,9739,115,474,4414.34,4414.42,8.0,PASS_<=10c,+0.0,FLAT,+0.0,+0.0,4.2,+0.00,0.00,SLOW,4414.34,4414.34,4414.34,4414.34,0.00,0.00,0.0,BULLISH,0.0,4414.34,4414.34,4414.34,4414.34,57,CLEARED_>=20s,1.0,0.0,0.0,0.0,0.0,0.0,0.0,PASS_<20%,0.00,0.0,NO,STANDBY_VEL_LOW,0,0.00,4590.00,78.36,FALSE,M1_DIRECTION_MISMATCH
2026-09-07 15:53:58.185,1788796438.186,9740,116,475,4414.34,4414.42,8.0,PASS_<=10c,+0.0,FLAT,+0.0,+0.0,4.2,+0.00,0.00,SLOW,4414.34,4414.34,4414.34,4414.34,0.00,0.00,0.0,BULLISH,0.0,4414.34,4414.34,4414.34,4414.34,58,CLEARED_>=20s,1.0,0.0,0.0,0.0,0.0,0.0,0.0,PASS_<20%,0.00,0.0,NO,STANDBY_VEL_LOW,0,0.00,4590.00,78.36,FALSE,M1_DIRECTION_MISMATCH
2026-09-07 15:53:58.687,1788796438.687,9741,117,476,4414.34,4414.42,8.0,PASS_<=10c,+0.0,FLAT,+0.0,+0.0,4.2,+0.00,0.00,SLOW,4414.34,4414.34,4414.34,4414.34,0.00,0.00,0.0,BULLISH,0.0,4414.34,4414.34,4414.34,4414.34,58,CLEARED_>=20s,1.0,0.0,0.0,0.0,0.0,0.0,0.0,PASS_<20%,0.00,0.0,NO,STANDBY_VEL_LOW,0,0.00,4590.00,78.36,FALSE,M1_DIRECTION_MISMATCH
2026-09-07 15:53:59.188,1788796439.189,9742,118,477,4414.34,4414.42,8.0,PASS_<=10c,+0.0,FLAT,+0.0,+0.0,4.2,+0.00,0.00,SLOW,4414.34,4414.34,4414.34,4414.34,0.00,0.00,0.0,BULLISH,0.0,4414.34,4414.34,4414.34,4414.34,59,CLEARED_>=20s,1.0,0.0,0.0,0.0,0.0,0.0,0.0,PASS_<20%,0.00,0.0,NO,STANDBY_VEL_LOW,0,0.00,4590.00,78.36,FALSE,M1_DIRECTION_MISMATCH
2026-09-07 15:53:59.691,1788796439.691,9743,119,478,4414.34,4414.42,8.0,PASS_<=10c,+0.0,FLAT,+0.0,+0.0,4.2,+0.00,0.00,SLOW,4414.34,4414.34,4414.34,4414.34,0.00,0.00,0.0,BULLISH,0.0,4414.34,4414.34,4414.34,4414.34,59,CLEARED_>=20s,1.0,0.0,0.0,0.0,0.0,0.0,0.0,PASS_<20%,0.00,0.0,NO,STANDBY_VEL_LOW,0,0.00,4590.00,78.36,FALSE,M1_DIRECTION_MISMATCH
2026-09-07 15:54:00.193,1788796440.193,9744,1,479,4414.34,4414.42,8.0,PASS_<=10c,+0.0,FLAT,+0.0,+0.0,4.2,+0.00,0.00,SLOW,4414.34,4414.34,4414.34,4414.34,0.00,0.00,0.0,BULLISH,0.0,4414.34,4414.34,4414.34,4414.34,0,ACTIVE_0s,1.0,0.0,0.0,0.0,0.0,0.0,0.0,PASS_<20%,0.00,0.0,NO,STANDBY_VEL_LOW,0,0.00,4590.00,78.36,FALSE,M1_DIRECTION_MISMATCH|OPENING_SHIELD_ACTIVE_0s
2026-09-07 15:54:00.696,1788796440.696,9745,2,480,4414.34,4414.42,8.0,PASS_<=10c,+0.0,FLAT,+0.0,+0.0,4.2,+0.00,0.00,SLOW,4414.34,4414.34,4414.34,4414.34,0.00,0.00,0.0,BULLISH,0.0,4414.34,4414.34,4414.34,4414.34,0,ACTIVE_0s,1.0,0.0,0.0,0.0,0.0,0.0,0.0,PASS_<20%,0.00,0.0,NO,STANDBY_VEL_LOW,0,0.00,4590.00,78.36,FALSE,M1_DIRECTION_MISMATCH|OPENING_SHIELD_ACTIVE_0s
2026-09-07 15:54:01.197,1788796441.198,9746,3,481,4414.34,4414.42,8.0,PASS_<=10c,+0.0,FLAT,+0.0,+0.0,4.2,+0.00,0.00,SLOW,4414.34,4414.34,4414.34,4414.34,0.00,0.00,0.0,BULLISH,0.0,4414.34,4414.34,4414.34,4414.34,1,ACTIVE_1s,1.0,0.0,0.0,0.0,0.0,0.0,0.0,PASS_<20%,0.00,0.0,NO,STANDBY_VEL_LOW,0,0.00,4590.00,78.36,FALSE,M1_DIRECTION_MISMATCH|OPENING_SHIELD_ACTIVE_1s
2026-09-07 15:54:01.700,1788796441.700,9747,4,482,4414.34,4414.42,8.0,PASS_<=10c,+0.0,FLAT,+0.0,+0.0,4.2,+0.00,0.00,SLOW,4414.34,4414.34,4414.34,4414.34,0.00,0.00,0.0,BULLISH,0.0,4414.34,4414.34,4414.34,4414.34,1,ACTIVE_1s,1.0,0.0,0.0,0.0,0.0,0.0,0.0,PASS_<20%,0.00,0.0,NO,STANDBY_VEL_LOW,0,0.00,4590.00,78.36,FALSE,M1_DIRECTION_MISMATCH|OPENING_SHIELD_ACTIVE_1s
2026-09-07 15:54:02.200,1788796442.200,9748,5,483,4414.34,4414.42,8.0,PASS_<=10c,+0.0,FLAT,+0.0,+0.0,4.2,+0.00,0.00,SLOW,4414.34,4414.34,4414.34,4414.34,0.00,0.00,0.0,BULLISH,0.0,4414.34,4414.34,4414.34,4414.34,2,ACTIVE_2s,1.0,0.0,0.0,0.0,0.0,0.0,0.0,PASS_<20%,0.00,0.0,NO,STANDBY_VEL_LOW,0,0.00,4590.00,78.36,FALSE,M1_DIRECTION_MISMATCH|OPENING_SHIELD_ACTIVE_2s
2026-09-07 15:54:02.701,1788796442.702,9749,6,484,4414.34,4414.42,8.0,PASS_<=10c,+0.0,FLAT,+0.0,+0.0,4.2,+0.00,0.00,SLOW,4414.34,4414.34,4414.34,4414.34,0.00,0.00,0.0,BULLISH,0.0,4414.34,4414.34,4414.34,4414.34,2,ACTIVE_2s,1.0,0.0,0.0,0.0,0.0,0.0,0.0,PASS_<20%,0.00,0.0,NO,STANDBY_VEL_LOW,0,0.00,4590.00,78.36,FALSE,M1_DIRECTION_MISMATCH|OPENING_SHIELD_ACTIVE_2s
2026-09-07 15:54:03.206,1788796443.206,9750,7,485,4414.34,4414.42,8.0,PASS_<=10c,+0.0,FLAT,+0.0,+0.0,4.2,+0.00,0.00,SLOW,4414.34,4414.34,4414.34,4414.34,0.00,0.00,0.0,BULLISH,0.0,4414.34,4414.34,4414.34,4414.34,3,ACTIVE_3s,1.0,0.0,0.0,0.0,0.0,0.0,0.0,PASS_<20%,0.00,0.0,NO,STANDBY_VEL_LOW,0,0.00,4590.00,78.36,FALSE,M1_DIRECTION_MISMATCH|OPENING_SHIELD_ACTIVE_3s
2026-09-07 15:54:03.704,1788796443.704,9751,8,486,4414.34,4414.42,8.0,PASS_<=10c,+0.0,FLAT,+0.0,+0.0,4.2,+0.00,0.00,SLOW,4414.34,4414.34,4414.34,4414.34,0.00,0.00,0.0,BULLISH,0.0,4414.34,4414.34,4414.34,4414.34,3,ACTIVE_3s,1.0,0.0,0.0,0.0,0.0,0.0,0.0,PASS_<20%,0.00,0.0,NO,STANDBY_VEL_LOW,0,0.00,4590.00,78.36,FALSE,M1_DIRECTION_MISMATCH|OPENING_SHIELD_ACTIVE_3s
2026-09-07 15:54:04.205,1788796444.206,9752,9,487,4414.34,4414.42,8.0,PASS_<=10c,+0.0,FLAT,+0.0,+0.0,4.2,+0.00,0.00,SLOW,4414.34,4414.34,4414.34,4414.34,0.00,0.00,0.0,BULLISH,0.0,4414.34,4414.34,4414.34,4414.34,4,ACTIVE_4s,1.0,0.0,0.0,0.0,0.0,0.0,0.0,PASS_<20%,0.00,0.0,NO,STANDBY_VEL_LOW,0,0.00,4590.00,78.36,FALSE,M1_DIRECTION_MISMATCH|OPENING_SHIELD_ACTIVE_4s
2026-09-07 15:54:04.707,1788796444.707,9753,10,488,4414.34,4414.42,8.0,PASS_<=10c,+0.0,FLAT,+0.0,+0.0,4.2,+0.00,0.00,SLOW,4414.34,4414.34,4414.34,4414.34,0.00,0.00,0.0,BULLISH,0.0,4414.34,4414.34,4414.34,4414.34,4,ACTIVE_4s,1.0,0.0,0.0,0.0,0.0,0.0,0.0,PASS_<20%,0.00,0.0,NO,STANDBY_VEL_LOW,0,0.00,4590.00,78.36,FALSE,M1_DIRECTION_MISMATCH|OPENING_SHIELD_ACTIVE_4s
2026-09-07 15:54:05.208,1788796445.208,9754,11,489,4414.34,4414.42,8.0,PASS_<=10c,+0.0,FLAT,+0.0,+0.0,4.2,+0.00,0.00,SLOW,4414.34,4414.34,4414.34,4414.34,0.00,0.00,0.0,BULLISH,0.0,4414.34,4414.34,4414.34,4414.34,5,ACTIVE_5s,1.0,0.0,0.0,0.0,0.0,0.0,0.0,PASS_<20%,0.00,0.0,NO,STANDBY_VEL_LOW,0,0.00,4590.00,78.36,FALSE,M1_DIRECTION_MISMATCH|OPENING_SHIELD_ACTIVE_5s
2026-09-07 15:54:05.709,1788796445.710,9755,12,490,4414.34,4414.42,8.0,PASS_<=10c,+0.0,FLAT,+0.0,+0.0,4.2,+0.00,0.00,SLOW,4414.34,4414.34,4414.34,4414.34,0.00,0.00,0.0,BULLISH,0.0,4414.34,4414.34,4414.34,4414.34,5,ACTIVE_5s,1.0,0.0,0.0,0.0,0.0,0.0,0.0,PASS_<20%,0.00,0.0,NO,STANDBY_VEL_LOW,0,0.00,4590.00,78.36,FALSE,M1_DIRECTION_MISMATCH|OPENING_SHIELD_ACTIVE_5s
2026-09-07 15:54:06.211,1788796446.212,9756,13,491,4414.34,4414.42,8.0,PASS_<=10c,+0.0,FLAT,+0.0,+0.0,4.2,+0.00,0.00,SLOW,4414.34,4414.34,4414.34,4414.34,0.00,0.00,0.0,BULLISH,0.0,4414.34,4414.34,4414.34,4414.34,6,ACTIVE_6s,1.0,0.0,0.0,0.0,0.0,0.0,0.0,PASS_<20%,0.00,0.0,NO,STANDBY_VEL_LOW,0,0.00,4590.00,78.36,FALSE,M1_DIRECTION_MISMATCH|OPENING_SHIELD_ACTIVE_6s
2026-09-07 15:54:06.713,1788796446.714,9757,14,492,4414.34,4414.42,8.0,PASS_<=10c,+0.0,FLAT,+0.0,+0.0,4.2,+0.00,0.00,SLOW,4414.34,4414.34,4414.34,4414.34,0.00,0.00,0.0,BULLISH,0.0,4414.34,4414.34,4414.34,4414.34,6,ACTIVE_6s,1.0,0.0,0.0,0.0,0.0,0.0,0.0,PASS_<20%,0.00,0.0,NO,STANDBY_VEL_LOW,0,0.00,4590.00,78.36,FALSE,M1_DIRECTION_MISMATCH|OPENING_SHIELD_ACTIVE_6s
2026-09-07 15:54:07.214,1788796447.214,9758,15,493,4414.34,4414.42,8.0,PASS_<=10c,+0.0,FLAT,+0.0,+0.0,4.2,+0.00,0.00,SLOW,4414.34,4414.34,4414.34,4414.34,0.00,0.00,0.0,BULLISH,0.0,4414.34,4414.34,4414.34,4414.34,7,ACTIVE_7s,1.0,0.0,0.0,0.0,0.0,0.0,0.0,PASS_<20%,0.00,0.0,NO,STANDBY_VEL_LOW,0,0.00,4590.00,78.36,FALSE,M1_DIRECTION_MISMATCH|OPENING_SHIELD_ACTIVE_7s
2026-09-07 15:54:07.716,1788796447.717,9759,16,494,4414.34,4414.42,8.0,PASS_<=10c,+0.0,FLAT,+0.0,+0.0,4.2,+0.00,0.00,SLOW,4414.34,4414.34,4414.34,4414.34,0.00,0.00,0.0,BULLISH,0.0,4414.34,4414.34,4414.34,4414.34,7,ACTIVE_7s,1.0,0.0,0.0,0.0,0.0,0.0,0.0,PASS_<20%,0.00,0.0,NO,STANDBY_VEL_LOW,0,0.00,4590.00,78.36,FALSE,M1_DIRECTION_MISMATCH|OPENING_SHIELD_ACTIVE_7s
2026-09-07 15:54:08.219,1788796448.219,9760,17,495,4414.34,4414.42,8.0,PASS_<=10c,+0.0,FLAT,+0.0,+0.0,4.2,+0.00,0.00,SLOW,4414.34,4414.34,4414.34,4414.34,0.00,0.00,0.0,BULLISH,0.0,4414.34,4414.34,4414.34,4414.34,8,ACTIVE_8s,1.0,0.0,0.0,0.0,0.0,0.0,0.0,PASS_<20%,0.00,0.0,NO,STANDBY_VEL_LOW,0,0.00,4590.00,78.36,FALSE,M1_DIRECTION_MISMATCH|OPENING_SHIELD_ACTIVE_8s
2026-09-07 15:54:08.720,1788796448.721,9761,18,496,4414.34,4414.42,8.0,PASS_<=10c,+0.0,FLAT,+0.0,+0.0,4.2,+0.00,0.00,SLOW,4414.34,4414.34,4414.34,4414.34,0.00,0.00,0.0,BULLISH,0.0,4414.34,4414.34,4414.34,4414.34,8,ACTIVE_8s,1.0,0.0,0.0,0.0,0.0,0.0,0.0,PASS_<20%,0.00,0.0,NO,STANDBY_VEL_LOW,0,0.00,4590.00,78.36,FALSE,M1_DIRECTION_MISMATCH|OPENING_SHIELD_ACTIVE_8s
2026-09-07 15:54:09.222,1788796449.223,9762,19,497,4414.34,4414.42,8.0,PASS_<=10c,+0.0,FLAT,+0.0,+0.0,4.2,+0.00,0.00,SLOW,4414.34,4414.34,4414.34,4414.34,0.00,0.00,0.0,BULLISH,0.0,4414.34,4414.34,4414.34,4414.34,9,ACTIVE_9s,1.0,0.0,0.0,0.0,0.0,0.0,0.0,PASS_<20%,0.00,0.0,NO,STANDBY_VEL_LOW,0,0.00,4590.00,78.36,FALSE,M1_DIRECTION_MISMATCH|OPENING_SHIELD_ACTIVE_9s
2026-09-07 15:54:09.724,1788796449.724,9763,20,498,4414.34,4414.42,8.0,PASS_<=10c,+0.0,FLAT,+0.0,+0.0,4.2,+0.00,0.00,SLOW,4414.34,4414.34,4414.34,4414.34,0.00,0.00,0.0,BULLISH,0.0,4414.34,4414.34,4414.34,4414.34,9,ACTIVE_9s,1.0,0.0,0.0,0.0,0.0,0.0,0.0,PASS_<20%,0.00,0.0,NO,STANDBY_VEL_LOW,0,0.00,4590.00,78.36,FALSE,M1_DIRECTION_MISMATCH|OPENING_SHIELD_ACTIVE_9s
2026-09-07 15:54:10.225,1788796450.225,9764,21,499,4414.34,4414.42,8.0,PASS_<=10c,+0.0,FLAT,+0.0,+0.0,4.2,+0.00,0.00,SLOW,4414.34,4414.34,4414.34,4414.34,0.00,0.00,0.0,BULLISH,0.0,4414.34,4414.34,4414.34,4414.34,10,ACTIVE_10s,1.0,0.0,0.0,0.0,0.0,0.0,0.0,PASS_<20%,0.00,0.0,NO,STANDBY_VEL_LOW,0,0.00,4590.00,78.36,FALSE,M1_DIRECTION_MISMATCH|OPENING_SHIELD_ACTIVE_10s
2026-09-07 15:54:10.726,1788796450.726,9765,22,500,4414.34,4414.42,8.0,PASS_<=10c,+0.0,FLAT,+0.0,+0.0,4.2,+0.00,0.00,SLOW,4414.34,4414.34,4414.34,4414.34,0.00,0.00,0.0,BULLISH,0.0,4414.34,4414.34,4414.34,4414.34,10,ACTIVE_10s,1.0,0.0,0.0,0.0,0.0,0.0,0.0,PASS_<20%,0.00,0.0,NO,STANDBY_VEL_LOW,0,0.00,4590.00,78.36,FALSE,M1_DIRECTION_MISMATCH|OPENING_SHIELD_ACTIVE_10s
2026-09-07 15:54:11.228,1788796451.229,9766,23,501,4414.34,4414.42,8.0,PASS_<=10c,+0.0,FLAT,+0.0,+0.0,4.2,+0.00,0.00,SLOW,4414.34,4414.34,4414.34,4414.34,0.00,0.00,0.0,BULLISH,0.0,4414.34,4414.34,4414.34,4414.34,11,ACTIVE_11s,1.0,0.0,0.0,0.0,0.0,0.0,0.0,PASS_<20%,0.00,0.0,NO,STANDBY_VEL_LOW,0,0.00,4590.00,78.36,FALSE,M1_DIRECTION_MISMATCH|OPENING_SHIELD_ACTIVE_11s
2026-09-07 15:54:11.731,1788796451.731,9767,24,502,4414.34,4414.42,8.0,PASS_<=10c,+0.0,FLAT,+0.0,+0.0,4.2,+0.00,0.00,SLOW,4414.34,4414.34,4414.34,4414.34,0.00,0.00,0.0,BULLISH,0.0,4414.34,4414.34,4414.34,4414.34,11,ACTIVE_11s,1.0,0.0,0.0,0.0,0.0,0.0,0.0,PASS_<20%,0.00,0.0,NO,STANDBY_VEL_LOW,0,0.00,4590.00,78.36,FALSE,M1_DIRECTION_MISMATCH|OPENING_SHIELD_ACTIVE_11s
2026-09-07 15:54:12.232,1788796452.233,9768,25,503,4414.34,4414.42,8.0,PASS_<=10c,+0.0,FLAT,+0.0,+0.0,4.2,+0.00,0.00,SLOW,4414.34,4414.34,4414.34,4414.34,0.00,0.00,0.0,BULLISH,0.0,4414.34,4414.34,4414.34,4414.34,12,ACTIVE_12s,1.0,0.0,0.0,0.0,0.0,0.0,0.0,PASS_<20%,0.00,0.0,NO,STANDBY_VEL_LOW,0,0.00,4590.00,78.36,FALSE,M1_DIRECTION_MISMATCH|OPENING_SHIELD_ACTIVE_12s
2026-09-07 15:54:12.734,1788796452.734,9769,26,504,4414.34,4414.42,8.0,PASS_<=10c,+0.0,FLAT,+0.0,+0.0,4.2,+0.00,0.00,SLOW,4414.34,4414.34,4414.34,4414.34,0.00,0.00,0.0,BULLISH,0.0,4414.34,4414.34,4414.34,4414.34,12,ACTIVE_12s,1.0,0.0,0.0,0.0,0.0,0.0,0.0,PASS_<20%,0.00,0.0,NO,STANDBY_VEL_LOW,0,0.00,4590.00,78.36,FALSE,M1_DIRECTION_MISMATCH|OPENING_SHIELD_ACTIVE_12s
2026-09-07 15:54:13.235,1788796453.236,9770,27,505,4414.34,4414.42,8.0,PASS_<=10c,+0.0,FLAT,+0.0,+0.0,4.2,+0.00,0.00,SLOW,4414.34,4414.34,4414.34,4414.34,0.00,0.00,0.0,BULLISH,0.0,4414.34,4414.34,4414.34,4414.34,13,ACTIVE_13s,1.0,0.0,0.0,0.0,0.0,0.0,0.0,PASS_<20%,0.00,0.0,NO,STANDBY_VEL_LOW,0,0.00,4590.00,78.36,FALSE,M1_DIRECTION_MISMATCH|OPENING_SHIELD_ACTIVE_13s
2026-09-07 15:54:13.737,1788796453.737,9771,28,506,4414.34,4414.42,8.0,PASS_<=10c,+0.0,FLAT,+0.0,+0.0,4.2,+0.00,0.00,SLOW,4414.34,4414.34,4414.34,4414.34,0.00,0.00,0.0,BULLISH,0.0,4414.34,4414.34,4414.34,4414.34,13,ACTIVE_13s,1.0,0.0,0.0,0.0,0.0,0.0,0.0,PASS_<20%,0.00,0.0,NO,STANDBY_VEL_LOW,0,0.00,4590.00,78.36,FALSE,M1_DIRECTION_MISMATCH|OPENING_SHIELD_ACTIVE_13s
2026-09-07 15:54:14.238,1788796454.239,9772,29,507,4414.34,4414.42,8.0,PASS_<=10c,+0.0,FLAT,+0.0,+0.0,4.2,+0.00,0.00,SLOW,4414.34,4414.34,4414.34,4414.34,0.00,0.00,0.0,BULLISH,0.0,4414.34,4414.34,4414.34,4414.34,14,ACTIVE_14s,1.0,0.0,0.0,0.0,0.0,0.0,0.0,PASS_<20%,0.00,0.0,NO,STANDBY_VEL_LOW,0,0.00,4590.00,78.36,FALSE,M1_DIRECTION_MISMATCH|OPENING_SHIELD_ACTIVE_14s
2026-09-07 15:54:14.740,1788796454.740,9773,30,508,4414.34,4414.42,8.0,PASS_<=10c,+0.0,FLAT,+0.0,+0.0,4.2,+0.00,0.00,SLOW,4414.34,4414.34,4414.34,4414.34,0.00,0.00,0.0,BULLISH,0.0,4414.34,4414.34,4414.34,4414.34,14,ACTIVE_14s,1.0,0.0,0.0,0.0,0.0,0.0,0.0,PASS_<20%,0.00,0.0,NO,STANDBY_VEL_LOW,0,0.00,4590.00,78.36,FALSE,M1_DIRECTION_MISMATCH|OPENING_SHIELD_ACTIVE_14s
2026-09-07 15:54:15.241,1788796455.242,9774,31,509,4414.34,4414.42,8.0,PASS_<=10c,+0.0,FLAT,+0.0,+0.0,4.2,+0.00,0.00,SLOW,4414.34,4414.34,4414.34,4414.34,0.00,0.00,0.0,BULLISH,0.0,4414.34,4414.34,4414.34,4414.34,15,ACTIVE_15s,1.0,0.0,0.0,0.0,0.0,0.0,0.0,PASS_<20%,0.00,0.0,NO,STANDBY_VEL_LOW,0,0.00,4590.00,78.36,FALSE,M1_DIRECTION_MISMATCH|OPENING_SHIELD_ACTIVE_15s
2026-09-07 15:54:15.744,1788796455.744,9775,32,510,4414.34,4414.42,8.0,PASS_<=10c,+0.0,FLAT,+0.0,+0.0,4.2,+0.00,0.00,SLOW,4414.34,4414.34,4414.34,4414.34,0.00,0.00,0.0,BULLISH,0.0,4414.34,4414.34,4414.34,4414.34,15,ACTIVE_15s,1.0,0.0,0.0,0.0,0.0,0.0,0.0,PASS_<20%,0.00,0.0,NO,STANDBY_VEL_LOW,0,0.00,4590.00,78.36,FALSE,M1_DIRECTION_MISMATCH|OPENING_SHIELD_ACTIVE_15s
2026-09-07 15:54:16.246,1788796456.247,9776,33,511,4414.34,4414.42,8.0,PASS_<=10c,+0.0,FLAT,+0.0,+0.0,4.2,+0.00,0.00,SLOW,4414.34,4414.34,4414.34,4414.34,0.00,0.00,0.0,BULLISH,0.0,4414.34,4414.34,4414.34,4414.34,16,ACTIVE_16s,1.0,0.0,0.0,0.0,0.0,0.0,0.0,PASS_<20%,0.00,0.0,NO,STANDBY_VEL_LOW,0,0.00,4590.00,78.36,FALSE,M1_DIRECTION_MISMATCH|OPENING_SHIELD_ACTIVE_16s
2026-09-07 15:54:16.748,1788796456.749,9777,34,512,4414.34,4414.42,8.0,PASS_<=10c,+0.0,FLAT,+0.0,+0.0,4.2,+0.00,0.00,SLOW,4414.34,4414.34,4414.34,4414.34,0.00,0.00,0.0,BULLISH,0.0,4414.34,4414.34,4414.34,4414.34,16,ACTIVE_16s,1.0,0.0,0.0,0.0,0.0,0.0,0.0,PASS_<20%,0.00,0.0,NO,STANDBY_VEL_LOW,0,0.00,4590.00,78.36,FALSE,M1_DIRECTION_MISMATCH|OPENING_SHIELD_ACTIVE_16s
2026-09-07 15:54:17.250,1788796457.251,9778,35,513,4414.34,4414.42,8.0,PASS_<=10c,+0.0,FLAT,+0.0,+0.0,4.2,+0.00,0.00,SLOW,4414.34,4414.34,4414.34,4414.34,0.00,0.00,0.0,BULLISH,0.0,4414.34,4414.34,4414.34,4414.34,17,ACTIVE_17s,1.0,0.0,0.0,0.0,0.0,0.0,0.0,PASS_<20%,0.00,0.0,NO,STANDBY_VEL_LOW,0,0.00,4590.00,78.36,FALSE,M1_DIRECTION_MISMATCH|OPENING_SHIELD_ACTIVE_17s
2026-09-07 15:54:17.753,1788796457.753,9779,36,514,4414.34,4414.42,8.0,PASS_<=10c,+0.0,FLAT,+0.0,+0.0,4.2,+0.00,0.00,SLOW,4414.34,4414.34,4414.34,4414.34,0.00,0.00,0.0,BULLISH,0.0,4414.34,4414.34,4414.34,4414.34,17,ACTIVE_17s,1.0,0.0,0.0,0.0,0.0,0.0,0.0,PASS_<20%,0.00,0.0,NO,STANDBY_VEL_LOW,0,0.00,4590.00,78.36,FALSE,M1_DIRECTION_MISMATCH|OPENING_SHIELD_ACTIVE_17s
2026-09-07 15:54:18.253,1788796458.254,9780,37,515,4414.34,4414.42,8.0,PASS_<=10c,+0.0,FLAT,+0.0,+0.0,4.2,+0.00,0.00,SLOW,4414.34,4414.34,4414.34,4414.34,0.00,0.00,0.0,BULLISH,0.0,4414.34,4414.34,4414.34,4414.34,18,ACTIVE_18s,1.0,0.0,0.0,0.0,0.0,0.0,0.0,PASS_<20%,0.00,0.0,NO,STANDBY_VEL_LOW,0,0.00,4590.00,78.36,FALSE,M1_DIRECTION_MISMATCH|OPENING_SHIELD_ACTIVE_18s
2026-09-07 15:54:18.755,1788796458.756,9781,38,516,4414.34,4414.42,8.0,PASS_<=10c,+0.0,FLAT,+0.0,+0.0,4.2,+0.00,0.00,SLOW,4414.34,4414.34,4414.34,4414.34,0.00,0.00,0.0,BULLISH,0.0,4414.34,4414.34,4414.34,4414.34,18,ACTIVE_18s,1.0,0.0,0.0,0.0,0.0,0.0,0.0,PASS_<20%,0.00,0.0,NO,STANDBY_VEL_LOW,0,0.00,4590.00,78.36,FALSE,M1_DIRECTION_MISMATCH|OPENING_SHIELD_ACTIVE_18s
2026-09-07 15:54:19.257,1788796459.257,9782,39,517,4414.34,4414.42,8.0,PASS_<=10c,+0.0,FLAT,+0.0,+0.0,4.2,+0.00,0.00,SLOW,4414.34,4414.34,4414.34,4414.34,0.00,0.00,0.0,BULLISH,0.0,4414.34,4414.34,4414.34,4414.34,19,ACTIVE_19s,1.0,0.0,0.0,0.0,0.0,0.0,0.0,PASS_<20%,0.00,0.0,NO,STANDBY_VEL_LOW,0,0.00,4590.00,78.36,FALSE,M1_DIRECTION_MISMATCH|OPENING_SHIELD_ACTIVE_19s
2026-09-07 15:54:19.758,1788796459.759,9783,40,518,4414.34,4414.42,8.0,PASS_<=10c,+0.0,FLAT,+0.0,+0.0,4.2,+0.00,0.00,SLOW,4414.34,4414.34,4414.34,4414.34,0.00,0.00,0.0,BULLISH,0.0,4414.34,4414.34,4414.34,4414.34,19,ACTIVE_19s,1.0,0.0,0.0,0.0,0.0,0.0,0.0,PASS_<20%,0.00,0.0,NO,STANDBY_VEL_LOW,0,0.00,4590.00,78.36,FALSE,M1_DIRECTION_MISMATCH|OPENING_SHIELD_ACTIVE_19s
2026-09-07 15:54:20.260,1788796460.260,9784,41,519,4414.34,4414.42,8.0,PASS_<=10c,+0.0,FLAT,+0.0,+0.0,4.2,+0.00,0.00,SLOW,4414.34,4414.34,4414.34,4414.34,0.00,0.00,0.0,BULLISH,0.0,4414.34,4414.34,4414.34,4414.34,20,CLEARED_>=20s,1.0,0.0,0.0,0.0,0.0,0.0,0.0,PASS_<20%,0.00,0.0,NO,STANDBY_VEL_LOW,0,0.00,4590.00,78.36,FALSE,M1_DIRECTION_MISMATCH
2026-09-07 15:54:20.761,1788796460.761,9785,42,520,4414.34,4414.42,8.0,PASS_<=10c,+0.0,FLAT,+0.0,+0.0,4.2,+0.00,0.00,SLOW,4414.34,4414.34,4414.34,4414.34,0.00,0.00,0.0,BULLISH,0.0,4414.34,4414.34,4414.34,4414.34,20,CLEARED_>=20s,1.0,0.0,0.0,0.0,0.0,0.0,0.0,PASS_<20%,0.00,0.0,NO,STANDBY_VEL_LOW,0,0.00,4590.00,78.36,FALSE,M1_DIRECTION_MISMATCH
2026-09-07 15:54:21.262,1788796461.263,9786,43,521,4414.34,4414.42,8.0,PASS_<=10c,+0.0,FLAT,+0.0,+0.0,4.2,+0.00,0.00,SLOW,4414.34,4414.34,4414.34,4414.34,0.00,0.00,0.0,BULLISH,0.0,4414.34,4414.34,4414.34,4414.34,21,CLEARED_>=20s,1.0,0.0,0.0,0.0,0.0,0.0,0.0,PASS_<20%,0.00,0.0,NO,STANDBY_VEL_LOW,0,0.00,4590.00,78.36,FALSE,M1_DIRECTION_MISMATCH
2026-09-07 15:54:21.764,1788796461.765,9787,44,522,4414.34,4414.42,8.0,PASS_<=10c,+0.0,FLAT,+0.0,+0.0,4.2,+0.00,0.00,SLOW,4414.34,4414.34,4414.34,4414.34,0.00,0.00,0.0,BULLISH,0.0,4414.34,4414.34,4414.34,4414.34,21,CLEARED_>=20s,1.0,0.0,0.0,0.0,0.0,0.0,0.0,PASS_<20%,0.00,0.0,NO,STANDBY_VEL_LOW,0,0.00,4590.00,78.36,FALSE,M1_DIRECTION_MISMATCH
2026-09-07 15:54:22.266,1788796462.266,9788,45,523,4414.34,4414.42,8.0,PASS_<=10c,+0.0,FLAT,+0.0,+0.0,4.2,+0.00,0.00,SLOW,4414.34,4414.34,4414.34,4414.34,0.00,0.00,0.0,BULLISH,0.0,4414.34,4414.34,4414.34,4414.34,22,CLEARED_>=20s,1.0,0.0,0.0,0.0,0.0,0.0,0.0,PASS_<20%,0.00,0.0,NO,STANDBY_VEL_LOW,0,0.00,4590.00,78.36,FALSE,M1_DIRECTION_MISMATCH
2026-09-07 15:54:22.768,1788796462.769,9789,46,524,4414.34,4414.42,8.0,PASS_<=10c,+0.0,FLAT,+0.0,+0.0,4.2,+0.00,0.00,SLOW,4414.34,4414.34,4414.34,4414.34,0.00,0.00,0.0,BULLISH,0.0,4414.34,4414.34,4414.34,4414.34,22,CLEARED_>=20s,1.0,0.0,0.0,0.0,0.0,0.0,0.0,PASS_<20%,0.00,0.0,NO,STANDBY_VEL_LOW,0,0.00,4590.00,78.36,FALSE,M1_DIRECTION_MISMATCH
2026-09-07 15:54:23.269,1788796463.269,9790,47,525,4414.34,4414.42,8.0,PASS_<=10c,+0.0,FLAT,+0.0,+0.0,4.2,+0.00,0.00,SLOW,4414.34,4414.34,4414.34,4414.34,0.00,0.00,0.0,BULLISH,0.0,4414.34,4414.34,4414.34,4414.34,23,CLEARED_>=20s,1.0,0.0,0.0,0.0,0.0,0.0,0.0,PASS_<20%,0.00,0.0,NO,STANDBY_VEL_LOW,0,0.00,4590.00,78.36,FALSE,M1_DIRECTION_MISMATCH
2026-09-07 15:54:23.770,1788796463.771,9791,48,526,4414.34,4414.42,8.0,PASS_<=10c,+0.0,FLAT,+0.0,+0.0,4.2,+0.00,0.00,SLOW,4414.34,4414.34,4414.34,4414.34,0.00,0.00,0.0,BULLISH,0.0,4414.34,4414.34,4414.34,4414.34,23,CLEARED_>=20s,1.0,0.0,0.0,0.0,0.0,0.0,0.0,PASS_<20%,0.00,0.0,NO,STANDBY_VEL_LOW,0,0.00,4590.00,78.36,FALSE,M1_DIRECTION_MISMATCH
2026-09-07 15:54:24.272,1788796464.273,9792,49,527,4414.34,4414.42,8.0,PASS_<=10c,+0.0,FLAT,+0.0,+0.0,4.2,+0.00,0.00,SLOW,4414.34,4414.34,4414.34,4414.34,0.00,0.00,0.0,BULLISH,0.0,4414.34,4414.34,4414.34,4414.34,24,CLEARED_>=20s,1.0,0.0,0.0,0.0,0.0,0.0,0.0,PASS_<20%,0.00,0.0,NO,STANDBY_VEL_LOW,0,0.00,4590.00,78.36,FALSE,M1_DIRECTION_MISMATCH
2026-09-07 15:54:24.774,1788796464.774,9793,50,528,4414.34,4414.42,8.0,PASS_<=10c,+0.0,FLAT,+0.0,+0.0,4.2,+0.00,0.00,SLOW,4414.34,4414.34,4414.34,4414.34,0.00,0.00,0.0,BULLISH,0.0,4414.34,4414.34,4414.34,4414.34,24,CLEARED_>=20s,1.0,0.0,0.0,0.0,0.0,0.0,0.0,PASS_<20%,0.00,0.0,NO,STANDBY_VEL_LOW,0,0.00,4590.00,78.36,FALSE,M1_DIRECTION_MISMATCH
2026-09-07 15:54:25.276,1788796465.276,9794,51,529,4414.34,4414.42,8.0,PASS_<=10c,+0.0,FLAT,+0.0,+0.0,4.2,+0.00,0.00,SLOW,4414.34,4414.34,4414.34,4414.34,0.00,0.00,0.0,BULLISH,0.0,4414.34,4414.34,4414.34,4414.34,25,CLEARED_>=20s,1.0,0.0,0.0,0.0,0.0,0.0,0.0,PASS_<20%,0.00,0.0,NO,STANDBY_VEL_LOW,0,0.00,4590.00,78.36,FALSE,M1_DIRECTION_MISMATCH
2026-09-07 15:54:25.777,1788796465.777,9795,52,530,4414.34,4414.42,8.0,PASS_<=10c,+0.0,FLAT,+0.0,+0.0,4.2,+0.00,0.00,SLOW,4414.34,4414.34,4414.34,4414.34,0.00,0.00,0.0,BULLISH,0.0,4414.34,4414.34,4414.34,4414.34,25,CLEARED_>=20s,1.0,0.0,0.0,0.0,0.0,0.0,0.0,PASS_<20%,0.00,0.0,NO,STANDBY_VEL_LOW,0,0.00,4590.00,78.36,FALSE,M1_DIRECTION_MISMATCH
2026-09-07 15:54:26.278,1788796466.278,9796,53,531,4414.34,4414.42,8.0,PASS_<=10c,+0.0,FLAT,+0.0,+0.0,4.2,+0.00,0.00,SLOW,4414.34,4414.34,4414.34,4414.34,0.00,0.00,0.0,BULLISH,0.0,4414.34,4414.34,4414.34,4414.34,26,CLEARED_>=20s,1.0,0.0,0.0,0.0,0.0,0.0,0.0,PASS_<20%,0.00,0.0,NO,STANDBY_VEL_LOW,0,0.00,4590.00,78.36,FALSE,M1_DIRECTION_MISMATCH
2026-09-07 15:54:26.779,1788796466.780,9797,54,532,4414.34,4414.42,8.0,PASS_<=10c,+0.0,FLAT,+0.0,+0.0,4.2,+0.00,0.00,SLOW,4414.34,4414.34,4414.34,4414.34,0.00,0.00,0.0,BULLISH,0.0,4414.34,4414.34,4414.34,4414.34,26,CLEARED_>=20s,1.0,0.0,0.0,0.0,0.0,0.0,0.0,PASS_<20%,0.00,0.0,NO,STANDBY_VEL_LOW,0,0.00,4590.00,78.36,FALSE,M1_DIRECTION_MISMATCH
2026-09-07 15:54:27.281,1788796467.282,9798,55,533,4414.34,4414.42,8.0,PASS_<=10c,+0.0,FLAT,+0.0,+0.0,4.2,+0.00,0.00,SLOW,4414.34,4414.34,4414.34,4414.34,0.00,0.00,0.0,BULLISH,0.0,4414.34,4414.34,4414.34,4414.34,27,CLEARED_>=20s,1.0,0.0,0.0,0.0,0.0,0.0,0.0,PASS_<20%,0.00,0.0,NO,STANDBY_VEL_LOW,0,0.00,4590.00,78.36,FALSE,M1_DIRECTION_MISMATCH
2026-09-07 15:54:27.783,1788796467.784,9799,56,534,4414.34,4414.42,8.0,PASS_<=10c,+0.0,FLAT,+0.0,+0.0,4.2,+0.00,0.00,SLOW,4414.34,4414.34,4414.34,4414.34,0.00,0.00,0.0,BULLISH,0.0,4414.34,4414.34,4414.34,4414.34,27,CLEARED_>=20s,1.0,0.0,0.0,0.0,0.0,0.0,0.0,PASS_<20%,0.00,0.0,NO,STANDBY_VEL_LOW,0,0.00,4590.00,78.36,FALSE,M1_DIRECTION_MISMATCH
2026-09-07 15:54:28.286,1788796468.287,9800,57,535,4414.34,4414.42,8.0,PASS_<=10c,+0.0,FLAT,+0.0,+0.0,4.2,+0.00,0.00,SLOW,4414.34,4414.34,4414.34,4414.34,0.00,0.00,0.0,BULLISH,0.0,4414.34,4414.34,4414.34,4414.34,28,CLEARED_>=20s,1.0,0.0,0.0,0.0,0.0,0.0,0.0,PASS_<20%,0.00,0.0,NO,STANDBY_VEL_LOW,0,0.00,4590.00,78.36,FALSE,M1_DIRECTION_MISMATCH
2026-09-07 15:54:28.786,1788796468.787,9801,58,536,4414.34,4414.42,8.0,PASS_<=10c,+0.0,FLAT,+0.0,+0.0,4.2,+0.00,0.00,SLOW,4414.34,4414.34,4414.34,4414.34,0.00,0.00,0.0,BULLISH,0.0,4414.34,4414.34,4414.34,4414.34,28,CLEARED_>=20s,1.0,0.0,0.0,0.0,0.0,0.0,0.0,PASS_<20%,0.00,0.0,NO,STANDBY_VEL_LOW,0,0.00,4590.00,78.36,FALSE,M1_DIRECTION_MISMATCH
2026-09-07 15:54:29.289,1788796469.289,9802,59,537,4414.34,4414.42,8.0,PASS_<=10c,+0.0,FLAT,+0.0,+0.0,4.2,+0.00,0.00,SLOW,4414.34,4414.34,4414.34,4414.34,0.00,0.00,0.0,BULLISH,0.0,4414.34,4414.34,4414.34,4414.34,29,CLEARED_>=20s,1.0,0.0,0.0,0.0,0.0,0.0,0.0,PASS_<20%,0.00,0.0,NO,STANDBY_VEL_LOW,0,0.00,4590.00,78.36,FALSE,M1_DIRECTION_MISMATCH
2026-09-07 15:54:29.789,1788796469.789,9803,60,538,4414.34,4414.42,8.0,PASS_<=10c,+0.0,FLAT,+0.0,+0.0,4.2,+0.00,0.00,SLOW,4414.34,4414.34,4414.34,4414.34,0.00,0.00,0.0,BULLISH,0.0,4414.34,4414.34,4414.34,4414.34,29,CLEARED_>=20s,1.0,0.0,0.0,0.0,0.0,0.0,0.0,PASS_<20%,0.00,0.0,NO,STANDBY_VEL_LOW,0,0.00,4590.00,78.36,FALSE,M1_DIRECTION_MISMATCH
2026-09-07 15:54:30.290,1788796470.291,9804,61,539,4414.34,4414.42,8.0,PASS_<=10c,+0.0,FLAT,+0.0,+0.0,4.2,+0.00,0.00,SLOW,4414.34,4414.34,4414.34,4414.34,0.00,0.00,0.0,BULLISH,0.0,4414.34,4414.34,4414.34,4414.34,30,CLEARED_>=20s,1.0,0.0,0.0,0.0,0.0,0.0,0.0,PASS_<20%,0.00,0.0,NO,STANDBY_VEL_LOW,0,0.00,4590.00,78.36,FALSE,M1_DIRECTION_MISMATCH
2026-09-07 15:54:30.792,1788796470.792,9805,62,540,4414.34,4414.42,8.0,PASS_<=10c,+0.0,FLAT,+0.0,+0.0,4.2,+0.00,0.00,SLOW,4414.34,4414.34,4414.34,4414.34,0.00,0.00,0.0,BULLISH,0.0,4414.34,4414.34,4414.34,4414.34,30,CLEARED_>=20s,1.0,0.0,0.0,0.0,0.0,0.0,0.0,PASS_<20%,0.00,0.0,NO,STANDBY_VEL_LOW,0,0.00,4590.00,78.36,FALSE,M1_DIRECTION_MISMATCH
2026-09-07 15:54:31.293,1788796471.293,9806,63,541,4414.34,4414.42,8.0,PASS_<=10c,+0.0,FLAT,+0.0,+0.0,4.2,+0.00,0.00,SLOW,4414.34,4414.34,4414.34,4414.34,0.00,0.00,0.0,BULLISH,0.0,4414.34,4414.34,4414.34,4414.34,31,CLEARED_>=20s,1.0,0.0,0.0,0.0,0.0,0.0,0.0,PASS_<20%,0.00,0.0,NO,STANDBY_VEL_LOW,0,0.00,4590.00,78.36,FALSE,M1_DIRECTION_MISMATCH
2026-09-07 15:54:31.794,1788796471.795,9807,64,542,4414.34,4414.42,8.0,PASS_<=10c,+0.0,FLAT,+0.0,+0.0,4.2,+0.00,0.00,SLOW,4414.34,4414.34,4414.34,4414.34,0.00,0.00,0.0,BULLISH,0.0,4414.34,4414.34,4414.34,4414.34,31,CLEARED_>=20s,1.0,0.0,0.0,0.0,0.0,0.0,0.0,PASS_<20%,0.00,0.0,NO,STANDBY_VEL_LOW,0,0.00,4590.00,78.36,FALSE,M1_DIRECTION_MISMATCH
2026-09-07 15:54:32.295,1788796472.296,9808,65,543,4414.34,4414.42,8.0,PASS_<=10c,+0.0,FLAT,+0.0,+0.0,4.2,+0.00,0.00,SLOW,4414.34,4414.34,4414.34,4414.34,0.00,0.00,0.0,BULLISH,0.0,4414.34,4414.34,4414.34,4414.34,32,CLEARED_>=20s,1.0,0.0,0.0,0.0,0.0,0.0,0.0,PASS_<20%,0.00,0.0,NO,STANDBY_VEL_LOW,0,0.00,4590.00,78.36,FALSE,M1_DIRECTION_MISMATCH
2026-09-07 15:54:32.797,1788796472.797,9809,66,544,4414.34,4414.42,8.0,PASS_<=10c,+0.0,FLAT,+0.0,+0.0,4.2,+0.00,0.00,SLOW,4414.34,4414.34,4414.34,4414.34,0.00,0.00,0.0,BULLISH,0.0,4414.34,4414.34,4414.34,4414.34,32,CLEARED_>=20s,1.0,0.0,0.0,0.0,0.0,0.0,0.0,PASS_<20%,0.00,0.0,NO,STANDBY_VEL_LOW,0,0.00,4590.00,78.36,FALSE,M1_DIRECTION_MISMATCH
2026-09-07 15:54:33.299,1788796473.300,9810,67,545,4414.34,4414.42,8.0,PASS_<=10c,+0.0,FLAT,+0.0,+0.0,4.2,+0.00,0.00,SLOW,4414.34,4414.34,4414.34,4414.34,0.00,0.00,0.0,BULLISH,0.0,4414.34,4414.34,4414.34,4414.34,33,CLEARED_>=20s,1.0,0.0,0.0,0.0,0.0,0.0,0.0,PASS_<20%,0.00,0.0,NO,STANDBY_VEL_LOW,0,0.00,4590.00,78.36,FALSE,M1_DIRECTION_MISMATCH
2026-09-07 15:54:33.801,1788796473.801,9811,68,546,4414.34,4414.42,8.0,PASS_<=10c,+0.0,FLAT,+0.0,+0.0,4.2,+0.00,0.00,SLOW,4414.34,4414.34,4414.34,4414.34,0.00,0.00,0.0,BULLISH,0.0,4414.34,4414.34,4414.34,4414.34,33,CLEARED_>=20s,1.0,0.0,0.0,0.0,0.0,0.0,0.0,PASS_<20%,0.00,0.0,NO,STANDBY_VEL_LOW,0,0.00,4590.00,78.36,FALSE,M1_DIRECTION_MISMATCH
2026-09-07 15:54:34.302,1788796474.303,9812,69,547,4414.34,4414.42,8.0,PASS_<=10c,+0.0,FLAT,+0.0,+0.0,4.2,+0.00,0.00,SLOW,4414.34,4414.34,4414.34,4414.34,0.00,0.00,0.0,BULLISH,0.0,4414.34,4414.34,4414.34,4414.34,34,CLEARED_>=20s,1.0,0.0,0.0,0.0,0.0,0.0,0.0,PASS_<20%,0.00,0.0,NO,STANDBY_VEL_LOW,0,0.00,4590.00,78.36,FALSE,M1_DIRECTION_MISMATCH
2026-09-07 15:54:34.804,1788796474.805,9813,70,548,4414.34,4414.42,8.0,PASS_<=10c,+0.0,FLAT,+0.0,+0.0,4.2,+0.00,0.00,SLOW,4414.34,4414.34,4414.34,4414.34,0.00,0.00,0.0,BULLISH,0.0,4414.34,4414.34,4414.34,4414.34,34,CLEARED_>=20s,1.0,0.0,0.0,0.0,0.0,0.0,0.0,PASS_<20%,0.00,0.0,NO,STANDBY_VEL_LOW,0,0.00,4590.00,78.36,FALSE,M1_DIRECTION_MISMATCH
2026-09-07 15:54:35.305,1788796475.306,9814,71,549,4414.34,4414.42,8.0,PASS_<=10c,+0.0,FLAT,+0.0,+0.0,4.2,+0.00,0.00,SLOW,4414.34,4414.34,4414.34,4414.34,0.00,0.00,0.0,BULLISH,0.0,4414.34,4414.34,4414.34,4414.34,35,CLEARED_>=20s,1.0,0.0,0.0,0.0,0.0,0.0,0.0,PASS_<20%,0.00,0.0,NO,STANDBY_VEL_LOW,0,0.00,4590.00,78.36,FALSE,M1_DIRECTION_MISMATCH
2026-09-07 15:54:35.807,1788796475.807,9815,72,550,4414.34,4414.42,8.0,PASS_<=10c,+0.0,FLAT,+0.0,+0.0,4.2,+0.00,0.00,SLOW,4414.34,4414.34,4414.34,4414.34,0.00,0.00,0.0,BULLISH,0.0,4414.34,4414.34,4414.34,4414.34,35,CLEARED_>=20s,1.0,0.0,0.0,0.0,0.0,0.0,0.0,PASS_<20%,0.00,0.0,NO,STANDBY_VEL_LOW,0,0.00,4590.00,78.36,FALSE,M1_DIRECTION_MISMATCH
2026-09-07 15:54:36.310,1788796476.310,9816,73,551,4414.34,4414.42,8.0,PASS_<=10c,+0.0,FLAT,+0.0,+0.0,4.2,+0.00,0.00,SLOW,4414.34,4414.34,4414.34,4414.34,0.00,0.00,0.0,BULLISH,0.0,4414.34,4414.34,4414.34,4414.34,36,CLEARED_>=20s,1.0,0.0,0.0,0.0,0.0,0.0,0.0,PASS_<20%,0.00,0.0,NO,STANDBY_VEL_LOW,0,0.00,4590.00,78.36,FALSE,M1_DIRECTION_MISMATCH
2026-09-07 15:54:36.812,1788796476.813,9817,74,552,4414.34,4414.42,8.0,PASS_<=10c,+0.0,FLAT,+0.0,+0.0,4.2,+0.00,0.00,SLOW,4414.34,4414.34,4414.34,4414.34,0.00,0.00,0.0,BULLISH,0.0,4414.34,4414.34,4414.34,4414.34,36,CLEARED_>=20s,1.0,0.0,0.0,0.0,0.0,0.0,0.0,PASS_<20%,0.00,0.0,NO,STANDBY_VEL_LOW,0,0.00,4590.00,78.36,FALSE,M1_DIRECTION_MISMATCH
2026-09-07 15:54:37.313,1788796477.314,9818,75,553,4414.34,4414.42,8.0,PASS_<=10c,+0.0,FLAT,+0.0,+0.0,4.2,+0.00,0.00,SLOW,4414.34,4414.34,4414.34,4414.34,0.00,0.00,0.0,BULLISH,0.0,4414.34,4414.34,4414.34,4414.34,37,CLEARED_>=20s,1.0,0.0,0.0,0.0,0.0,0.0,0.0,PASS_<20%,0.00,0.0,NO,STANDBY_VEL_LOW,0,0.00,4590.00,78.36,FALSE,M1_DIRECTION_MISMATCH
2026-09-07 15:54:37.815,1788796477.816,9819,76,554,4414.34,4414.42,8.0,PASS_<=10c,+0.0,FLAT,+0.0,+0.0,4.2,+0.00,0.00,SLOW,4414.34,4414.34,4414.34,4414.34,0.00,0.00,0.0,BULLISH,0.0,4414.34,4414.34,4414.34,4414.34,37,CLEARED_>=20s,1.0,0.0,0.0,0.0,0.0,0.0,0.0,PASS_<20%,0.00,0.0,NO,STANDBY_VEL_LOW,0,0.00,4590.00,78.36,FALSE,M1_DIRECTION_MISMATCH
2026-09-07 15:54:38.317,1788796478.318,9820,77,555,4414.34,4414.42,8.0,PASS_<=10c,+0.0,FLAT,+0.0,+0.0,4.2,+0.00,0.00,SLOW,4414.34,4414.34,4414.34,4414.34,0.00,0.00,0.0,BULLISH,0.0,4414.34,4414.34,4414.34,4414.34,38,CLEARED_>=20s,1.0,0.0,0.0,0.0,0.0,0.0,0.0,PASS_<20%,0.00,0.0,NO,STANDBY_VEL_LOW,0,0.00,4590.00,78.36,FALSE,M1_DIRECTION_MISMATCH
2026-09-07 15:54:38.820,1788796478.821,9821,78,556,4414.34,4414.42,8.0,PASS_<=10c,+0.0,FLAT,+0.0,+0.0,4.2,+0.00,0.00,SLOW,4414.34,4414.34,4414.34,4414.34,0.00,0.00,0.0,BULLISH,0.0,4414.34,4414.34,4414.34,4414.34,38,CLEARED_>=20s,1.0,0.0,0.0,0.0,0.0,0.0,0.0,PASS_<20%,0.00,0.0,NO,STANDBY_VEL_LOW,0,0.00,4590.00,78.36,FALSE,M1_DIRECTION_MISMATCH
2026-09-07 15:54:39.321,1788796479.321,9822,79,557,4414.34,4414.42,8.0,PASS_<=10c,+0.0,FLAT,+0.0,+0.0,4.2,+0.00,0.00,SLOW,4414.34,4414.34,4414.34,4414.34,0.00,0.00,0.0,BULLISH,0.0,4414.34,4414.34,4414.34,4414.34,39,CLEARED_>=20s,1.0,0.0,0.0,0.0,0.0,0.0,0.0,PASS_<20%,0.00,0.0,NO,STANDBY_VEL_LOW,0,0.00,4590.00,78.36,FALSE,M1_DIRECTION_MISMATCH
2026-09-07 15:54:39.822,1788796479.823,9823,80,558,4414.34,4414.42,8.0,PASS_<=10c,+0.0,FLAT,+0.0,+0.0,4.2,+0.00,0.00,SLOW,4414.34,4414.34,4414.34,4414.34,0.00,0.00,0.0,BULLISH,0.0,4414.34,4414.34,4414.34,4414.34,39,CLEARED_>=20s,1.0,0.0,0.0,0.0,0.0,0.0,0.0,PASS_<20%,0.00,0.0,NO,STANDBY_VEL_LOW,0,0.00,4590.00,78.36,FALSE,M1_DIRECTION_MISMATCH
2026-09-07 15:54:40.324,1788796480.325,9824,81,559,4414.34,4414.42,8.0,PASS_<=10c,+0.0,FLAT,+0.0,+0.0,4.2,+0.00,0.00,SLOW,4414.34,4414.34,4414.34,4414.34,0.00,0.00,0.0,BULLISH,0.0,4414.34,4414.34,4414.34,4414.34,40,CLEARED_>=20s,1.0,0.0,0.0,0.0,0.0,0.0,0.0,PASS_<20%,0.00,0.0,NO,STANDBY_VEL_LOW,0,0.00,4590.00,78.36,FALSE,M1_DIRECTION_MISMATCH
2026-09-07 15:54:40.826,1788796480.826,9825,82,560,4414.34,4414.42,8.0,PASS_<=10c,+0.0,FLAT,+0.0,+0.0,4.2,+0.00,0.00,SLOW,4414.34,4414.34,4414.34,4414.34,0.00,0.00,0.0,BULLISH,0.0,4414.34,4414.34,4414.34,4414.34,40,CLEARED_>=20s,1.0,0.0,0.0,0.0,0.0,0.0,0.0,PASS_<20%,0.00,0.0,NO,STANDBY_VEL_LOW,0,0.00,4590.00,78.36,FALSE,M1_DIRECTION_MISMATCH
2026-09-07 15:54:41.328,1788796481.328,9826,83,561,4414.34,4414.42,8.0,PASS_<=10c,+0.0,FLAT,+0.0,+0.0,4.2,+0.00,0.00,SLOW,4414.34,4414.34,4414.34,4414.34,0.00,0.00,0.0,BULLISH,0.0,4414.34,4414.34,4414.34,4414.34,41,CLEARED_>=20s,1.0,0.0,0.0,0.0,0.0,0.0,0.0,PASS_<20%,0.00,0.0,NO,STANDBY_VEL_LOW,0,0.00,4590.00,78.36,FALSE,M1_DIRECTION_MISMATCH
2026-09-07 15:54:41.829,1788796481.830,9827,84,562,4414.34,4414.42,8.0,PASS_<=10c,+0.0,FLAT,+0.0,+0.0,4.2,+0.00,0.00,SLOW,4414.34,4414.34,4414.34,4414.34,0.00,0.00,0.0,BULLISH,0.0,4414.34,4414.34,4414.34,4414.34,41,CLEARED_>=20s,1.0,0.0,0.0,0.0,0.0,0.0,0.0,PASS_<20%,0.00,0.0,NO,STANDBY_VEL_LOW,0,0.00,4590.00,78.36,FALSE,M1_DIRECTION_MISMATCH
2026-09-07 15:54:42.332,1788796482.332,9828,85,563,4414.34,4414.42,8.0,PASS_<=10c,+0.0,FLAT,+0.0,+0.0,4.2,+0.00,0.00,SLOW,4414.34,4414.34,4414.34,4414.34,0.00,0.00,0.0,BULLISH,0.0,4414.34,4414.34,4414.34,4414.34,42,CLEARED_>=20s,1.0,0.0,0.0,0.0,0.0,0.0,0.0,PASS_<20%,0.00,0.0,NO,STANDBY_VEL_LOW,0,0.00,4590.00,78.36,FALSE,M1_DIRECTION_MISMATCH
2026-09-07 15:54:42.833,1788796482.834,9829,86,564,4414.34,4414.42,8.0,PASS_<=10c,+0.0,FLAT,+0.0,+0.0,4.2,+0.00,0.00,SLOW,4414.34,4414.34,4414.34,4414.34,0.00,0.00,0.0,BULLISH,0.0,4414.34,4414.34,4414.34,4414.34,42,CLEARED_>=20s,1.0,0.0,0.0,0.0,0.0,0.0,0.0,PASS_<20%,0.00,0.0,NO,STANDBY_VEL_LOW,0,0.00,4590.00,78.36,FALSE,M1_DIRECTION_MISMATCH
2026-09-07 15:54:43.335,1788796483.336,9830,87,565,4414.34,4414.42,8.0,PASS_<=10c,+0.0,FLAT,+0.0,+0.0,4.2,+0.00,0.00,SLOW,4414.34,4414.34,4414.34,4414.34,0.00,0.00,0.0,BULLISH,0.0,4414.34,4414.34,4414.34,4414.34,43,CLEARED_>=20s,1.0,0.0,0.0,0.0,0.0,0.0,0.0,PASS_<20%,0.00,0.0,NO,STANDBY_VEL_LOW,0,0.00,4590.00,78.36,FALSE,M1_DIRECTION_MISMATCH
2026-09-07 15:54:43.836,1788796483.837,9831,88,566,4414.34,4414.42,8.0,PASS_<=10c,+0.0,FLAT,+0.0,+0.0,4.2,+0.00,0.00,SLOW,4414.34,4414.34,4414.34,4414.34,0.00,0.00,0.0,BULLISH,0.0,4414.34,4414.34,4414.34,4414.34,43,CLEARED_>=20s,1.0,0.0,0.0,0.0,0.0,0.0,0.0,PASS_<20%,0.00,0.0,NO,STANDBY_VEL_LOW,0,0.00,4590.00,78.36,FALSE,M1_DIRECTION_MISMATCH
2026-09-07 15:54:44.339,1788796484.339,9832,89,567,4414.34,4414.42,8.0,PASS_<=10c,+0.0,FLAT,+0.0,+0.0,4.2,+0.00,0.00,SLOW,4414.34,4414.34,4414.34,4414.34,0.00,0.00,0.0,BULLISH,0.0,4414.34,4414.34,4414.34,4414.34,44,CLEARED_>=20s,1.0,0.0,0.0,0.0,0.0,0.0,0.0,PASS_<20%,0.00,0.0,NO,STANDBY_VEL_LOW,0,0.00,4590.00,78.36,FALSE,M1_DIRECTION_MISMATCH
2026-09-07 15:54:44.840,1788796484.841,9833,90,568,4414.34,4414.42,8.0,PASS_<=10c,+0.0,FLAT,+0.0,+0.0,4.2,+0.00,0.00,SLOW,4414.34,4414.34,4414.34,4414.34,0.00,0.00,0.0,BULLISH,0.0,4414.34,4414.34,4414.34,4414.34,44,CLEARED_>=20s,1.0,0.0,0.0,0.0,0.0,0.0,0.0,PASS_<20%,0.00,0.0,NO,STANDBY_VEL_LOW,0,0.00,4590.00,78.36,FALSE,M1_DIRECTION_MISMATCH
2026-09-07 15:54:45.342,1788796485.342,9834,91,569,4414.34,4414.42,8.0,PASS_<=10c,+0.0,FLAT,+0.0,+0.0,4.2,+0.00,0.00,SLOW,4414.34,4414.34,4414.34,4414.34,0.00,0.00,0.0,BULLISH,0.0,4414.34,4414.34,4414.34,4414.34,45,CLEARED_>=20s,1.0,0.0,0.0,0.0,0.0,0.0,0.0,PASS_<20%,0.00,0.0,NO,STANDBY_VEL_LOW,0,0.00,4590.00,78.36,FALSE,M1_DIRECTION_MISMATCH
2026-09-07 15:54:45.844,1788796485.844,9835,92,570,4414.34,4414.42,8.0,PASS_<=10c,+0.0,FLAT,+0.0,+0.0,4.2,+0.00,0.00,SLOW,4414.34,4414.34,4414.34,4414.34,0.00,0.00,0.0,BULLISH,0.0,4414.34,4414.34,4414.34,4414.34,45,CLEARED_>=20s,1.0,0.0,0.0,0.0,0.0,0.0,0.0,PASS_<20%,0.00,0.0,NO,STANDBY_VEL_LOW,0,0.00,4590.00,78.36,FALSE,M1_DIRECTION_MISMATCH
2026-09-07 15:54:46.345,1788796486.346,9836,93,571,4414.34,4414.42,8.0,PASS_<=10c,+0.0,FLAT,+0.0,+0.0,4.2,+0.00,0.00,SLOW,4414.34,4414.34,4414.34,4414.34,0.00,0.00,0.0,BULLISH,0.0,4414.34,4414.34,4414.34,4414.34,46,CLEARED_>=20s,1.0,0.0,0.0,0.0,0.0,0.0,0.0,PASS_<20%,0.00,0.0,NO,STANDBY_VEL_LOW,0,0.00,4590.00,78.36,FALSE,M1_DIRECTION_MISMATCH
2026-09-07 15:54:46.846,1788796486.847,9837,94,572,4414.34,4414.42,8.0,PASS_<=10c,+0.0,FLAT,+0.0,+0.0,4.2,+0.00,0.00,SLOW,4414.34,4414.34,4414.34,4414.34,0.00,0.00,0.0,BULLISH,0.0,4414.34,4414.34,4414.34,4414.34,46,CLEARED_>=20s,1.0,0.0,0.0,0.0,0.0,0.0,0.0,PASS_<20%,0.00,0.0,NO,STANDBY_VEL_LOW,0,0.00,4590.00,78.36,FALSE,M1_DIRECTION_MISMATCH
2026-09-07 15:54:47.348,1788796487.348,9838,95,573,4414.34,4414.42,8.0,PASS_<=10c,+0.0,FLAT,+0.0,+0.0,4.2,+0.00,0.00,SLOW,4414.34,4414.34,4414.34,4414.34,0.00,0.00,0.0,BULLISH,0.0,4414.34,4414.34,4414.34,4414.34,47,CLEARED_>=20s,1.0,0.0,0.0,0.0,0.0,0.0,0.0,PASS_<20%,0.00,0.0,NO,STANDBY_VEL_LOW,0,0.00,4590.00,78.36,FALSE,M1_DIRECTION_MISMATCH
2026-09-07 15:54:47.850,1788796487.851,9839,96,574,4414.34,4414.42,8.0,PASS_<=10c,+0.0,FLAT,+0.0,+0.0,4.2,+0.00,0.00,SLOW,4414.34,4414.34,4414.34,4414.34,0.00,0.00,0.0,BULLISH,0.0,4414.34,4414.34,4414.34,4414.34,47,CLEARED_>=20s,1.0,0.0,0.0,0.0,0.0,0.0,0.0,PASS_<20%,0.00,0.0,NO,STANDBY_VEL_LOW,0,0.00,4590.00,78.36,FALSE,M1_DIRECTION_MISMATCH
2026-09-07 15:54:48.352,1788796488.352,9840,97,575,4414.34,4414.42,8.0,PASS_<=10c,+0.0,FLAT,+0.0,+0.0,4.2,+0.00,0.00,SLOW,4414.34,4414.34,4414.34,4414.34,0.00,0.00,0.0,BULLISH,0.0,4414.34,4414.34,4414.34,4414.34,48,CLEARED_>=20s,1.0,0.0,0.0,0.0,0.0,0.0,0.0,PASS_<20%,0.00,0.0,NO,STANDBY_VEL_LOW,0,0.00,4590.00,78.36,FALSE,M1_DIRECTION_MISMATCH
2026-09-07 15:54:48.853,1788796488.854,9841,98,576,4414.34,4414.42,8.0,PASS_<=10c,+0.0,FLAT,+0.0,+0.0,4.2,+0.00,0.00,SLOW,4414.34,4414.34,4414.34,4414.34,0.00,0.00,0.0,BULLISH,0.0,4414.34,4414.34,4414.34,4414.34,48,CLEARED_>=20s,1.0,0.0,0.0,0.0,0.0,0.0,0.0,PASS_<20%,0.00,0.0,NO,STANDBY_VEL_LOW,0,0.00,4590.00,78.36,FALSE,M1_DIRECTION_MISMATCH
2026-09-07 15:54:49.355,1788796489.355,9842,99,577,4414.34,4414.42,8.0,PASS_<=10c,+0.0,FLAT,+0.0,+0.0,4.2,+0.00,0.00,SLOW,4414.34,4414.34,4414.34,4414.34,0.00,0.00,0.0,BULLISH,0.0,4414.34,4414.34,4414.34,4414.34,49,CLEARED_>=20s,1.0,0.0,0.0,0.0,0.0,0.0,0.0,PASS_<20%,0.00,0.0,NO,STANDBY_VEL_LOW,0,0.00,4590.00,78.36,FALSE,M1_DIRECTION_MISMATCH
2026-09-07 15:54:49.857,1788796489.857,9843,100,578,4414.34,4414.42,8.0,PASS_<=10c,+0.0,FLAT,+0.0,+0.0,4.2,+0.00,0.00,SLOW,4414.34,4414.34,4414.34,4414.34,0.00,0.00,0.0,BULLISH,0.0,4414.34,4414.34,4414.34,4414.34,49,CLEARED_>=20s,1.0,0.0,0.0,0.0,0.0,0.0,0.0,PASS_<20%,0.00,0.0,NO,STANDBY_VEL_LOW,0,0.00,4590.00,78.36,FALSE,M1_DIRECTION_MISMATCH
2026-09-07 15:54:50.359,1788796490.359,9844,101,579,4414.34,4414.42,8.0,PASS_<=10c,+0.0,FLAT,+0.0,+0.0,4.2,+0.00,0.00,SLOW,4414.34,4414.34,4414.34,4414.34,0.00,0.00,0.0,BULLISH,0.0,4414.34,4414.34,4414.34,4414.34,50,CLEARED_>=20s,1.0,0.0,0.0,0.0,0.0,0.0,0.0,PASS_<20%,0.00,0.0,NO,STANDBY_VEL_LOW,0,0.00,4590.00,78.36,FALSE,M1_DIRECTION_MISMATCH
2026-09-07 15:54:50.860,1788796490.861,9845,102,580,4414.34,4414.42,8.0,PASS_<=10c,+0.0,FLAT,+0.0,+0.0,4.2,+0.00,0.00,SLOW,4414.34,4414.34,4414.34,4414.34,0.00,0.00,0.0,BULLISH,0.0,4414.34,4414.34,4414.34,4414.34,50,CLEARED_>=20s,1.0,0.0,0.0,0.0,0.0,0.0,0.0,PASS_<20%,0.00,0.0,NO,STANDBY_VEL_LOW,0,0.00,4590.00,78.36,FALSE,M1_DIRECTION_MISMATCH
2026-09-07 15:54:51.362,1788796491.363,9846,103,581,4414.34,4414.42,8.0,PASS_<=10c,+0.0,FLAT,+0.0,+0.0,4.2,+0.00,0.00,SLOW,4414.34,4414.34,4414.34,4414.34,0.00,0.00,0.0,BULLISH,0.0,4414.34,4414.34,4414.34,4414.34,51,CLEARED_>=20s,1.0,0.0,0.0,0.0,0.0,0.0,0.0,PASS_<20%,0.00,0.0,NO,STANDBY_VEL_LOW,0,0.00,4590.00,78.36,FALSE,M1_DIRECTION_MISMATCH
2026-09-07 15:54:51.864,1788796491.865,9847,104,582,4414.34,4414.42,8.0,PASS_<=10c,+0.0,FLAT,+0.0,+0.0,4.2,+0.00,0.00,SLOW,4414.34,4414.34,4414.34,4414.34,0.00,0.00,0.0,BULLISH,0.0,4414.34,4414.34,4414.34,4414.34,51,CLEARED_>=20s,1.0,0.0,0.0,0.0,0.0,0.0,0.0,PASS_<20%,0.00,0.0,NO,STANDBY_VEL_LOW,0,0.00,4590.00,78.36,FALSE,M1_DIRECTION_MISMATCH
2026-09-07 15:54:52.366,1788796492.367,9848,105,583,4414.34,4414.42,8.0,PASS_<=10c,+0.0,FLAT,+0.0,+0.0,4.2,+0.00,0.00,SLOW,4414.34,4414.34,4414.34,4414.34,0.00,0.00,0.0,BULLISH,0.0,4414.34,4414.34,4414.34,4414.34,52,CLEARED_>=20s,1.0,0.0,0.0,0.0,0.0,0.0,0.0,PASS_<20%,0.00,0.0,NO,STANDBY_VEL_LOW,0,0.00,4590.00,78.36,FALSE,M1_DIRECTION_MISMATCH
2026-09-07 15:54:52.868,1788796492.869,9849,106,584,4414.34,4414.42,8.0,PASS_<=10c,+0.0,FLAT,+0.0,+0.0,4.2,+0.00,0.00,SLOW,4414.34,4414.34,4414.34,4414.34,0.00,0.00,0.0,BULLISH,0.0,4414.34,4414.34,4414.34,4414.34,52,CLEARED_>=20s,1.0,0.0,0.0,0.0,0.0,0.0,0.0,PASS_<20%,0.00,0.0,NO,STANDBY_VEL_LOW,0,0.00,4590.00,78.36,FALSE,M1_DIRECTION_MISMATCH
2026-09-07 15:54:53.370,1788796493.370,9850,107,585,4414.34,4414.42,8.0,PASS_<=10c,+0.0,FLAT,+0.0,+0.0,4.2,+0.00,0.00,SLOW,4414.34,4414.34,4414.34,4414.34,0.00,0.00,0.0,BULLISH,0.0,4414.34,4414.34,4414.34,4414.34,53,CLEARED_>=20s,1.0,0.0,0.0,0.0,0.0,0.0,0.0,PASS_<20%,0.00,0.0,NO,STANDBY_VEL_LOW,0,0.00,4590.00,78.36,FALSE,M1_DIRECTION_MISMATCH
2026-09-07 15:54:53.872,1788796493.872,9851,108,586,4414.34,4414.42,8.0,PASS_<=10c,+0.0,FLAT,+0.0,+0.0,4.2,+0.00,0.00,SLOW,4414.34,4414.34,4414.34,4414.34,0.00,0.00,0.0,BULLISH,0.0,4414.34,4414.34,4414.34,4414.34,53,CLEARED_>=20s,1.0,0.0,0.0,0.0,0.0,0.0,0.0,PASS_<20%,0.00,0.0,NO,STANDBY_VEL_LOW,0,0.00,4590.00,78.36,FALSE,M1_DIRECTION_MISMATCH
2026-09-07 15:54:54.373,1788796494.374,9852,109,587,4414.34,4414.42,8.0,PASS_<=10c,+0.0,FLAT,+0.0,+0.0,4.2,+0.00,0.00,SLOW,4414.34,4414.34,4414.34,4414.34,0.00,0.00,0.0,BULLISH,0.0,4414.34,4414.34,4414.34,4414.34,54,CLEARED_>=20s,1.0,0.0,0.0,0.0,0.0,0.0,0.0,PASS_<20%,0.00,0.0,NO,STANDBY_VEL_LOW,0,0.00,4590.00,78.36,FALSE,M1_DIRECTION_MISMATCH
2026-09-07 15:54:54.875,1788796494.876,9853,110,588,4414.34,4414.42,8.0,PASS_<=10c,+0.0,FLAT,+0.0,+0.0,4.2,+0.00,0.00,SLOW,4414.34,4414.34,4414.34,4414.34,0.00,0.00,0.0,BULLISH,0.0,4414.34,4414.34,4414.34,4414.34,54,CLEARED_>=20s,1.0,0.0,0.0,0.0,0.0,0.0,0.0,PASS_<20%,0.00,0.0,NO,STANDBY_VEL_LOW,0,0.00,4590.00,78.36,FALSE,M1_DIRECTION_MISMATCH
2026-09-07 15:54:55.377,1788796495.378,9854,111,589,4414.34,4414.42,8.0,PASS_<=10c,+0.0,FLAT,+0.0,+0.0,4.2,+0.00,0.00,SLOW,4414.34,4414.34,4414.34,4414.34,0.00,0.00,0.0,BULLISH,0.0,4414.34,4414.34,4414.34,4414.34,55,CLEARED_>=20s,1.0,0.0,0.0,0.0,0.0,0.0,0.0,PASS_<20%,0.00,0.0,NO,STANDBY_VEL_LOW,0,0.00,4590.00,78.36,FALSE,M1_DIRECTION_MISMATCH
2026-09-07 15:54:55.879,1788796495.879,9855,112,590,4414.34,4414.42,8.0,PASS_<=10c,+0.0,FLAT,+0.0,+0.0,4.2,+0.00,0.00,SLOW,4414.34,4414.34,4414.34,4414.34,0.00,0.00,0.0,BULLISH,0.0,4414.34,4414.34,4414.34,4414.34,55,CLEARED_>=20s,1.0,0.0,0.0,0.0,0.0,0.0,0.0,PASS_<20%,0.00,0.0,NO,STANDBY_VEL_LOW,0,0.00,4590.00,78.36,FALSE,M1_DIRECTION_MISMATCH
2026-09-07 15:54:56.380,1788796496.381,9856,113,591,4414.34,4414.42,8.0,PASS_<=10c,+0.0,FLAT,+0.0,+0.0,4.2,+0.00,0.00,SLOW,4414.34,4414.34,4414.34,4414.34,0.00,0.00,0.0,BULLISH,0.0,4414.34,4414.34,4414.34,4414.34,56,CLEARED_>=20s,1.0,0.0,0.0,0.0,0.0,0.0,0.0,PASS_<20%,0.00,0.0,NO,STANDBY_VEL_LOW,0,0.00,4590.00,78.36,FALSE,M1_DIRECTION_MISMATCH
2026-09-07 15:54:56.882,1788796496.883,9857,114,592,4414.34,4414.42,8.0,PASS_<=10c,+0.0,FLAT,+0.0,+0.0,4.2,+0.00,0.00,SLOW,4414.34,4414.34,4414.34,4414.34,0.00,0.00,0.0,BULLISH,0.0,4414.34,4414.34,4414.34,4414.34,56,CLEARED_>=20s,1.0,0.0,0.0,0.0,0.0,0.0,0.0,PASS_<20%,0.00,0.0,NO,STANDBY_VEL_LOW,0,0.00,4590.00,78.36,FALSE,M1_DIRECTION_MISMATCH
2026-09-07 15:54:57.384,1788796497.384,9858,115,593,4414.34,4414.42,8.0,PASS_<=10c,+0.0,FLAT,+0.0,+0.0,4.2,+0.00,0.00,SLOW,4414.34,4414.34,4414.34,4414.34,0.00,0.00,0.0,BULLISH,0.0,4414.34,4414.34,4414.34,4414.34,57,CLEARED_>=20s,1.0,0.0,0.0,0.0,0.0,0.0,0.0,PASS_<20%,0.00,0.0,NO,STANDBY_VEL_LOW,0,0.00,4590.00,78.36,FALSE,M1_DIRECTION_MISMATCH
2026-09-07 15:54:57.885,1788796497.886,9859,116,594,4414.34,4414.42,8.0,PASS_<=10c,+0.0,FLAT,+0.0,+0.0,4.2,+0.00,0.00,SLOW,4414.34,4414.34,4414.34,4414.34,0.00,0.00,0.0,BULLISH,0.0,4414.34,4414.34,4414.34,4414.34,57,CLEARED_>=20s,1.0,0.0,0.0,0.0,0.0,0.0,0.0,PASS_<20%,0.00,0.0,NO,STANDBY_VEL_LOW,0,0.00,4590.00,78.36,FALSE,M1_DIRECTION_MISMATCH
2026-09-07 15:54:58.387,1788796498.387,9860,117,595,4414.34,4414.42,8.0,PASS_<=10c,+0.0,FLAT,+0.0,+0.0,4.2,+0.00,0.00,SLOW,4414.34,4414.34,4414.34,4414.34,0.00,0.00,0.0,BULLISH,0.0,4414.34,4414.34,4414.34,4414.34,58,CLEARED_>=20s,1.0,0.0,0.0,0.0,0.0,0.0,0.0,PASS_<20%,0.00,0.0,NO,STANDBY_VEL_LOW,0,0.00,4590.00,78.36,FALSE,M1_DIRECTION_MISMATCH
2026-09-07 15:54:58.888,1788796498.889,9861,118,596,4414.34,4414.42,8.0,PASS_<=10c,+0.0,FLAT,+0.0,+0.0,4.2,+0.00,0.00,SLOW,4414.34,4414.34,4414.34,4414.34,0.00,0.00,0.0,BULLISH,0.0,4414.34,4414.34,4414.34,4414.34,58,CLEARED_>=20s,1.0,0.0,0.0,0.0,0.0,0.0,0.0,PASS_<20%,0.00,0.0,NO,STANDBY_VEL_LOW,0,0.00,4590.00,78.36,FALSE,M1_DIRECTION_MISMATCH
2026-09-07 15:54:59.389,1788796499.390,9862,119,597,4414.34,4414.42,8.0,PASS_<=10c,+0.0,FLAT,+0.0,+0.0,4.2,+0.00,0.00,SLOW,4414.34,4414.34,4414.34,4414.34,0.00,0.00,0.0,BULLISH,0.0,4414.34,4414.34,4414.34,4414.34,59,CLEARED_>=20s,1.0,0.0,0.0,0.0,0.0,0.0,0.0,PASS_<20%,0.00,0.0,NO,STANDBY_VEL_LOW,0,0.00,4590.00,78.36,FALSE,M1_DIRECTION_MISMATCH
2026-09-07 15:54:59.892,1788796499.892,9863,120,598,4414.34,4414.42,8.0,PASS_<=10c,+0.0,FLAT,+0.0,+0.0,4.2,+0.00,0.00,SLOW,4414.34,4414.34,4414.34,4414.34,0.00,0.00,0.0,BULLISH,0.0,4414.34,4414.34,4414.34,4414.34,59,CLEARED_>=20s,1.0,0.0,0.0,0.0,0.0,0.0,0.0,PASS_<20%,0.00,0.0,NO,STANDBY_VEL_LOW,0,0.00,4590.00,78.36,FALSE,M1_DIRECTION_MISMATCH
2026-09-07 15:55:00.394,1788796500.395,9864,1,1,4414.34,4414.42,8.0,PASS_<=10c,+0.0,FLAT,+0.0,+0.0,4.2,+0.00,0.00,SLOW,4414.34,4414.34,4414.34,4414.34,0.00,0.00,0.0,BULLISH,0.0,4414.34,4414.34,4414.34,4414.34,0,ACTIVE_0s,1.0,0.0,0.0,0.0,0.0,0.0,0.0,PASS_<20%,0.00,0.0,NO,STANDBY_VEL_LOW,0,0.00,4590.00,78.36,FALSE,M1_DIRECTION_MISMATCH|OPENING_SHIELD_ACTIVE_0s
2026-09-07 15:55:00.896,1788796500.896,9865,2,2,4414.34,4414.42,8.0,PASS_<=10c,+0.0,FLAT,+0.0,+0.0,4.2,+0.00,0.00,SLOW,4414.34,4414.34,4414.34,4414.34,0.00,0.00,0.0,BULLISH,0.0,4414.34,4414.34,4414.34,4414.34,0,ACTIVE_0s,1.0,0.0,0.0,0.0,0.0,0.0,0.0,PASS_<20%,0.00,0.0,NO,STANDBY_VEL_LOW,0,0.00,4590.00,78.36,FALSE,M1_DIRECTION_MISMATCH|OPENING_SHIELD_ACTIVE_0s
2026-09-07 15:55:01.397,1788796501.398,9866,3,3,4414.34,4414.42,8.0,PASS_<=10c,+0.0,FLAT,+0.0,+0.0,4.2,+0.00,0.00,SLOW,4414.34,4414.34,4414.34,4414.34,0.00,0.00,0.0,BULLISH,0.0,4414.34,4414.34,4414.34,4414.34,1,ACTIVE_1s,1.0,0.0,0.0,0.0,0.0,0.0,0.0,PASS_<20%,0.00,0.0,NO,STANDBY_VEL_LOW,0,0.00,4590.00,78.36,FALSE,M1_DIRECTION_MISMATCH|OPENING_SHIELD_ACTIVE_1s
2026-09-07 15:55:01.899,1788796501.899,9867,4,4,4414.34,4414.42,8.0,PASS_<=10c,+0.0,FLAT,+0.0,+0.0,4.2,+0.00,0.00,SLOW,4414.34,4414.34,4414.34,4414.34,0.00,0.00,0.0,BULLISH,0.0,4414.34,4414.34,4414.34,4414.34,1,ACTIVE_1s,1.0,0.0,0.0,0.0,0.0,0.0,0.0,PASS_<20%,0.00,0.0,NO,STANDBY_VEL_LOW,0,0.00,4590.00,78.36,FALSE,M1_DIRECTION_MISMATCH|OPENING_SHIELD_ACTIVE_1s
2026-09-07 15:55:02.400,1788796502.401,9868,5,5,4414.34,4414.42,8.0,PASS_<=10c,+0.0,FLAT,+0.0,+0.0,4.2,+0.00,0.00,SLOW,4414.34,4414.34,4414.34,4414.34,0.00,0.00,0.0,BULLISH,0.0,4414.34,4414.34,4414.34,4414.34,2,ACTIVE_2s,1.0,0.0,0.0,0.0,0.0,0.0,0.0,PASS_<20%,0.00,0.0,NO,STANDBY_VEL_LOW,0,0.00,4590.00,78.36,FALSE,M1_DIRECTION_MISMATCH|OPENING_SHIELD_ACTIVE_2s
2026-09-07 15:55:02.903,1788796502.903,9869,6,6,4414.34,4414.42,8.0,PASS_<=10c,+0.0,FLAT,+0.0,+0.0,4.2,+0.00,0.00,SLOW,4414.34,4414.34,4414.34,4414.34,0.00,0.00,0.0,BULLISH,0.0,4414.34,4414.34,4414.34,4414.34,2,ACTIVE_2s,1.0,0.0,0.0,0.0,0.0,0.0,0.0,PASS_<20%,0.00,0.0,NO,STANDBY_VEL_LOW,0,0.00,4590.00,78.36,FALSE,M1_DIRECTION_MISMATCH|OPENING_SHIELD_ACTIVE_2s
2026-09-07 15:55:03.404,1788796503.404,9870,7,7,4414.34,4414.42,8.0,PASS_<=10c,+0.0,FLAT,+0.0,+0.0,4.2,+0.00,0.00,SLOW,4414.34,4414.34,4414.34,4414.34,0.00,0.00,0.0,BULLISH,0.0,4414.34,4414.34,4414.34,4414.34,3,ACTIVE_3s,1.0,0.0,0.0,0.0,0.0,0.0,0.0,PASS_<20%,0.00,0.0,NO,STANDBY_VEL_LOW,0,0.00,4590.00,78.36,FALSE,M1_DIRECTION_MISMATCH|OPENING_SHIELD_ACTIVE_3s
2026-09-07 15:55:03.906,1788796503.906,9871,8,8,4414.34,4414.42,8.0,PASS_<=10c,+0.0,FLAT,+0.0,+0.0,4.2,+0.00,0.00,SLOW,4414.34,4414.34,4414.34,4414.34,0.00,0.00,0.0,BULLISH,0.0,4414.34,4414.34,4414.34,4414.34,3,ACTIVE_3s,1.0,0.0,0.0,0.0,0.0,0.0,0.0,PASS_<20%,0.00,0.0,NO,STANDBY_VEL_LOW,0,0.00,4590.00,78.36,FALSE,M1_DIRECTION_MISMATCH|OPENING_SHIELD_ACTIVE_3s
2026-09-07 15:55:04.407,1788796504.408,9872,9,9,4414.34,4414.42,8.0,PASS_<=10c,+0.0,FLAT,+0.0,+0.0,4.2,+0.00,0.00,SLOW,4414.34,4414.34,4414.34,4414.34,0.00,0.00,0.0,BULLISH,0.0,4414.34,4414.34,4414.34,4414.34,4,ACTIVE_4s,1.0,0.0,0.0,0.0,0.0,0.0,0.0,PASS_<20%,0.00,0.0,NO,STANDBY_VEL_LOW,0,0.00,4590.00,78.36,FALSE,M1_DIRECTION_MISMATCH|OPENING_SHIELD_ACTIVE_4s
2026-09-07 15:55:04.909,1788796504.909,9873,10,10,4414.34,4414.42,8.0,PASS_<=10c,+0.0,FLAT,+0.0,+0.0,4.2,+0.00,0.00,SLOW,4414.34,4414.34,4414.34,4414.34,0.00,0.00,0.0,BULLISH,0.0,4414.34,4414.34,4414.34,4414.34,4,ACTIVE_4s,1.0,0.0,0.0,0.0,0.0,0.0,0.0,PASS_<20%,0.00,0.0,NO,STANDBY_VEL_LOW,0,0.00,4590.00,78.36,FALSE,M1_DIRECTION_MISMATCH|OPENING_SHIELD_ACTIVE_4s
2026-09-07 15:55:05.410,1788796505.411,9874,11,11,4414.34,4414.42,8.0,PASS_<=10c,+0.0,FLAT,+0.0,+0.0,4.2,+0.00,0.00,SLOW,4414.34,4414.34,4414.34,4414.34,0.00,0.00,0.0,BULLISH,0.0,4414.34,4414.34,4414.34,4414.34,5,ACTIVE_5s,1.0,0.0,0.0,0.0,0.0,0.0,0.0,PASS_<20%,0.00,0.0,NO,STANDBY_VEL_LOW,0,0.00,4590.00,78.36,FALSE,M1_DIRECTION_MISMATCH|OPENING_SHIELD_ACTIVE_5s
2026-09-07 15:55:05.913,1788796505.913,9875,12,12,4414.34,4414.42,8.0,PASS_<=10c,+0.0,FLAT,+0.0,+0.0,4.2,+0.00,0.00,SLOW,4414.34,4414.34,4414.34,4414.34,0.00,0.00,0.0,BULLISH,0.0,4414.34,4414.34,4414.34,4414.34,5,ACTIVE_5s,1.0,0.0,0.0,0.0,0.0,0.0,0.0,PASS_<20%,0.00,0.0,NO,STANDBY_VEL_LOW,0,0.00,4590.00,78.36,FALSE,M1_DIRECTION_MISMATCH|OPENING_SHIELD_ACTIVE_5s
2026-09-07 15:55:06.414,1788796506.415,9876,13,13,4414.34,4414.42,8.0,PASS_<=10c,+0.0,FLAT,+0.0,+0.0,4.2,+0.00,0.00,SLOW,4414.34,4414.34,4414.34,4414.34,0.00,0.00,0.0,BULLISH,0.0,4414.34,4414.34,4414.34,4414.34,6,ACTIVE_6s,1.0,0.0,0.0,0.0,0.0,0.0,0.0,PASS_<20%,0.00,0.0,NO,STANDBY_VEL_LOW,0,0.00,4590.00,78.36,FALSE,M1_DIRECTION_MISMATCH|OPENING_SHIELD_ACTIVE_6s
2026-09-07 15:55:06.916,1788796506.916,9877,14,14,4414.34,4414.42,8.0,PASS_<=10c,+0.0,FLAT,+0.0,+0.0,4.2,+0.00,0.00,SLOW,4414.34,4414.34,4414.34,4414.34,0.00,0.00,0.0,BULLISH,0.0,4414.34,4414.34,4414.34,4414.34,6,ACTIVE_6s,1.0,0.0,0.0,0.0,0.0,0.0,0.0,PASS_<20%,0.00,0.0,NO,STANDBY_VEL_LOW,0,0.00,4590.00,78.36,FALSE,M1_DIRECTION_MISMATCH|OPENING_SHIELD_ACTIVE_6s
2026-09-07 15:55:07.417,1788796507.417,9878,15,15,4414.34,4414.42,8.0,PASS_<=10c,+0.0,FLAT,+0.0,+0.0,4.2,+0.00,0.00,SLOW,4414.34,4414.34,4414.34,4414.34,0.00,0.00,0.0,BULLISH,0.0,4414.34,4414.34,4414.34,4414.34,7,ACTIVE_7s,1.0,0.0,0.0,0.0,0.0,0.0,0.0,PASS_<20%,0.00,0.0,NO,STANDBY_VEL_LOW,0,0.00,4590.00,78.36,FALSE,M1_DIRECTION_MISMATCH|OPENING_SHIELD_ACTIVE_7s
2026-09-07 15:55:07.919,1788796507.919,9879,16,16,4414.34,4414.42,8.0,PASS_<=10c,+0.0,FLAT,+0.0,+0.0,4.2,+0.00,0.00,SLOW,4414.34,4414.34,4414.34,4414.34,0.00,0.00,0.0,BULLISH,0.0,4414.34,4414.34,4414.34,4414.34,7,ACTIVE_7s,1.0,0.0,0.0,0.0,0.0,0.0,0.0,PASS_<20%,0.00,0.0,NO,STANDBY_VEL_LOW,0,0.00,4590.00,78.36,FALSE,M1_DIRECTION_MISMATCH|OPENING_SHIELD_ACTIVE_7s
2026-09-07 15:55:08.420,1788796508.421,9880,17,17,4414.34,4414.42,8.0,PASS_<=10c,+0.0,FLAT,+0.0,+0.0,4.2,+0.00,0.00,SLOW,4414.34,4414.34,4414.34,4414.34,0.00,0.00,0.0,BULLISH,0.0,4414.34,4414.34,4414.34,4414.34,8,ACTIVE_8s,1.0,0.0,0.0,0.0,0.0,0.0,0.0,PASS_<20%,0.00,0.0,NO,STANDBY_VEL_LOW,0,0.00,4590.00,78.36,FALSE,M1_DIRECTION_MISMATCH|OPENING_SHIELD_ACTIVE_8s
2026-09-07 15:55:08.920,1788796508.921,9881,18,18,4414.34,4414.42,8.0,PASS_<=10c,+0.0,FLAT,+0.0,+0.0,4.2,+0.00,0.00,SLOW,4414.34,4414.34,4414.34,4414.34,0.00,0.00,0.0,BULLISH,0.0,4414.34,4414.34,4414.34,4414.34,8,ACTIVE_8s,1.0,0.0,0.0,0.0,0.0,0.0,0.0,PASS_<20%,0.00,0.0,NO,STANDBY_VEL_LOW,0,0.00,4590.00,78.36,FALSE,M1_DIRECTION_MISMATCH|OPENING_SHIELD_ACTIVE_8s
2026-09-07 15:55:09.421,1788796509.422,9882,19,19,4414.34,4414.42,8.0,PASS_<=10c,+0.0,FLAT,+0.0,+0.0,4.2,+0.00,0.00,SLOW,4414.34,4414.34,4414.34,4414.34,0.00,0.00,0.0,BULLISH,0.0,4414.34,4414.34,4414.34,4414.34,9,ACTIVE_9s,1.0,0.0,0.0,0.0,0.0,0.0,0.0,PASS_<20%,0.00,0.0,NO,STANDBY_VEL_LOW,0,0.00,4590.00,78.36,FALSE,M1_DIRECTION_MISMATCH|OPENING_SHIELD_ACTIVE_9s
2026-09-07 15:55:09.922,1788796509.923,9883,20,20,4414.34,4414.42,8.0,PASS_<=10c,+0.0,FLAT,+0.0,+0.0,4.2,+0.00,0.00,SLOW,4414.34,4414.34,4414.34,4414.34,0.00,0.00,0.0,BULLISH,0.0,4414.34,4414.34,4414.34,4414.34,9,ACTIVE_9s,1.0,0.0,0.0,0.0,0.0,0.0,0.0,PASS_<20%,0.00,0.0,NO,STANDBY_VEL_LOW,0,0.00,4590.00,78.36,FALSE,M1_DIRECTION_MISMATCH|OPENING_SHIELD_ACTIVE_9s
2026-09-07 15:55:10.423,1788796510.424,9884,21,21,4414.34,4414.42,8.0,PASS_<=10c,+0.0,FLAT,+0.0,+0.0,4.2,+0.00,0.00,SLOW,4414.34,4414.34,4414.34,4414.34,0.00,0.00,0.0,BULLISH,0.0,4414.34,4414.34,4414.34,4414.34,10,ACTIVE_10s,1.0,0.0,0.0,0.0,0.0,0.0,0.0,PASS_<20%,0.00,0.0,NO,STANDBY_VEL_LOW,0,0.00,4590.00,78.36,FALSE,M1_DIRECTION_MISMATCH|OPENING_SHIELD_ACTIVE_10s
2026-09-07 15:55:10.924,1788796510.925,9885,22,22,4414.34,4414.42,8.0,PASS_<=10c,+0.0,FLAT,+0.0,+0.0,4.2,+0.00,0.00,SLOW,4414.34,4414.34,4414.34,4414.34,0.00,0.00,0.0,BULLISH,0.0,4414.34,4414.34,4414.34,4414.34,10,ACTIVE_10s,1.0,0.0,0.0,0.0,0.0,0.0,0.0,PASS_<20%,0.00,0.0,NO,STANDBY_VEL_LOW,0,0.00,4590.00,78.36,FALSE,M1_DIRECTION_MISMATCH|OPENING_SHIELD_ACTIVE_10s
2026-09-07 15:55:11.426,1788796511.426,9886,23,23,4414.34,4414.42,8.0,PASS_<=10c,+0.0,FLAT,+0.0,+0.0,4.2,+0.00,0.00,SLOW,4414.34,4414.34,4414.34,4414.34,0.00,0.00,0.0,BULLISH,0.0,4414.34,4414.34,4414.34,4414.34,11,ACTIVE_11s,1.0,0.0,0.0,0.0,0.0,0.0,0.0,PASS_<20%,0.00,0.0,NO,STANDBY_VEL_LOW,0,0.00,4590.00,78.36,FALSE,M1_DIRECTION_MISMATCH|OPENING_SHIELD_ACTIVE_11s
2026-09-07 15:55:11.928,1788796511.928,9887,24,24,4414.34,4414.42,8.0,PASS_<=10c,+0.0,FLAT,+0.0,+0.0,4.2,+0.00,0.00,SLOW,4414.34,4414.34,4414.34,4414.34,0.00,0.00,0.0,BULLISH,0.0,4414.34,4414.34,4414.34,4414.34,11,ACTIVE_11s,1.0,0.0,0.0,0.0,0.0,0.0,0.0,PASS_<20%,0.00,0.0,NO,STANDBY_VEL_LOW,0,0.00,4590.00,78.36,FALSE,M1_DIRECTION_MISMATCH|OPENING_SHIELD_ACTIVE_11s
2026-09-07 15:55:12.429,1788796512.430,9888,25,25,4414.34,4414.42,8.0,PASS_<=10c,+0.0,FLAT,+0.0,+0.0,4.2,+0.00,0.00,SLOW,4414.34,4414.34,4414.34,4414.34,0.00,0.00,0.0,BULLISH,0.0,4414.34,4414.34,4414.34,4414.34,12,ACTIVE_12s,1.0,0.0,0.0,0.0,0.0,0.0,0.0,PASS_<20%,0.00,0.0,NO,STANDBY_VEL_LOW,0,0.00,4590.00,78.36,FALSE,M1_DIRECTION_MISMATCH|OPENING_SHIELD_ACTIVE_12s
2026-09-07 15:55:12.930,1788796512.931,9889,26,26,4414.34,4414.42,8.0,PASS_<=10c,+0.0,FLAT,+0.0,+0.0,4.2,+0.00,0.00,SLOW,4414.34,4414.34,4414.34,4414.34,0.00,0.00,0.0,BULLISH,0.0,4414.34,4414.34,4414.34,4414.34,12,ACTIVE_12s,1.0,0.0,0.0,0.0,0.0,0.0,0.0,PASS_<20%,0.00,0.0,NO,STANDBY_VEL_LOW,0,0.00,4590.00,78.36,FALSE,M1_DIRECTION_MISMATCH|OPENING_SHIELD_ACTIVE_12s
2026-09-07 15:55:13.432,1788796513.433,9890,27,27,4414.34,4414.42,8.0,PASS_<=10c,+0.0,FLAT,+0.0,+0.0,4.2,+0.00,0.00,SLOW,4414.34,4414.34,4414.34,4414.34,0.00,0.00,0.0,BULLISH,0.0,4414.34,4414.34,4414.34,4414.34,13,ACTIVE_13s,1.0,0.0,0.0,0.0,0.0,0.0,0.0,PASS_<20%,0.00,0.0,NO,STANDBY_VEL_LOW,0,0.00,4590.00,78.36,FALSE,M1_DIRECTION_MISMATCH|OPENING_SHIELD_ACTIVE_13s
2026-09-07 15:55:13.934,1788796513.935,9891,28,28,4414.34,4414.42,8.0,PASS_<=10c,+0.0,FLAT,+0.0,+0.0,4.2,+0.00,0.00,SLOW,4414.34,4414.34,4414.34,4414.34,0.00,0.00,0.0,BULLISH,0.0,4414.34,4414.34,4414.34,4414.34,13,ACTIVE_13s,1.0,0.0,0.0,0.0,0.0,0.0,0.0,PASS_<20%,0.00,0.0,NO,STANDBY_VEL_LOW,0,0.00,4590.00,78.36,FALSE,M1_DIRECTION_MISMATCH|OPENING_SHIELD_ACTIVE_13s
2026-09-07 15:55:14.435,1788796514.436,9892,29,29,4414.34,4414.42,8.0,PASS_<=10c,+0.0,FLAT,+0.0,+0.0,4.2,+0.00,0.00,SLOW,4414.34,4414.34,4414.34,4414.34,0.00,0.00,0.0,BULLISH,0.0,4414.34,4414.34,4414.34,4414.34,14,ACTIVE_14s,1.0,0.0,0.0,0.0,0.0,0.0,0.0,PASS_<20%,0.00,0.0,NO,STANDBY_VEL_LOW,0,0.00,4590.00,78.36,FALSE,M1_DIRECTION_MISMATCH|OPENING_SHIELD_ACTIVE_14s
2026-09-07 15:55:14.937,1788796514.937,9893,30,30,4414.34,4414.42,8.0,PASS_<=10c,+0.0,FLAT,+0.0,+0.0,4.2,+0.00,0.00,SLOW,4414.34,4414.34,4414.34,4414.34,0.00,0.00,0.0,BULLISH,0.0,4414.34,4414.34,4414.34,4414.34,14,ACTIVE_14s,1.0,0.0,0.0,0.0,0.0,0.0,0.0,PASS_<20%,0.00,0.0,NO,STANDBY_VEL_LOW,0,0.00,4590.00,78.36,FALSE,M1_DIRECTION_MISMATCH|OPENING_SHIELD_ACTIVE_14s
2026-09-07 15:55:15.438,1788796515.439,9894,31,31,4414.34,4414.42,8.0,PASS_<=10c,+0.0,FLAT,+0.0,+0.0,4.2,+0.00,0.00,SLOW,4414.34,4414.34,4414.34,4414.34,0.00,0.00,0.0,BULLISH,0.0,4414.34,4414.34,4414.34,4414.34,15,ACTIVE_15s,1.0,0.0,0.0,0.0,0.0,0.0,0.0,PASS_<20%,0.00,0.0,NO,STANDBY_VEL_LOW,0,0.00,4590.00,78.36,FALSE,M1_DIRECTION_MISMATCH|OPENING_SHIELD_ACTIVE_15s
2026-09-07 15:55:15.939,1788796515.940,9895,32,32,4414.34,4414.42,8.0,PASS_<=10c,+0.0,FLAT,+0.0,+0.0,4.2,+0.00,0.00,SLOW,4414.34,4414.34,4414.34,4414.34,0.00,0.00,0.0,BULLISH,0.0,4414.34,4414.34,4414.34,4414.34,15,ACTIVE_15s,1.0,0.0,0.0,0.0,0.0,0.0,0.0,PASS_<20%,0.00,0.0,NO,STANDBY_VEL_LOW,0,0.00,4590.00,78.36,FALSE,M1_DIRECTION_MISMATCH|OPENING_SHIELD_ACTIVE_15s
2026-09-07 15:55:16.442,1788796516.443,9896,33,33,4414.34,4414.42,8.0,PASS_<=10c,+0.0,FLAT,+0.0,+0.0,4.2,+0.00,0.00,SLOW,4414.34,4414.34,4414.34,4414.34,0.00,0.00,0.0,BULLISH,0.0,4414.34,4414.34,4414.34,4414.34,16,ACTIVE_16s,1.0,0.0,0.0,0.0,0.0,0.0,0.0,PASS_<20%,0.00,0.0,NO,STANDBY_VEL_LOW,0,0.00,4590.00,78.36,FALSE,M1_DIRECTION_MISMATCH|OPENING_SHIELD_ACTIVE_16s
2026-09-07 15:55:16.943,1788796516.943,9897,34,34,4414.34,4414.42,8.0,PASS_<=10c,+0.0,FLAT,+0.0,+0.0,4.2,+0.00,0.00,SLOW,4414.34,4414.34,4414.34,4414.34,0.00,0.00,0.0,BULLISH,0.0,4414.34,4414.34,4414.34,4414.34,16,ACTIVE_16s,1.0,0.0,0.0,0.0,0.0,0.0,0.0,PASS_<20%,0.00,0.0,NO,STANDBY_VEL_LOW,0,0.00,4590.00,78.36,FALSE,M1_DIRECTION_MISMATCH|OPENING_SHIELD_ACTIVE_16s
2026-09-07 15:55:17.444,1788796517.445,9898,35,35,4414.34,4414.42,8.0,PASS_<=10c,+0.0,FLAT,+0.0,+0.0,4.2,+0.00,0.00,SLOW,4414.34,4414.34,4414.34,4414.34,0.00,0.00,0.0,BULLISH,0.0,4414.34,4414.34,4414.34,4414.34,17,ACTIVE_17s,1.0,0.0,0.0,0.0,0.0,0.0,0.0,PASS_<20%,0.00,0.0,NO,STANDBY_VEL_LOW,0,0.00,4590.00,78.36,FALSE,M1_DIRECTION_MISMATCH|OPENING_SHIELD_ACTIVE_17s
2026-09-07 15:55:17.945,1788796517.946,9899,36,36,4414.34,4414.42,8.0,PASS_<=10c,+0.0,FLAT,+0.0,+0.0,4.2,+0.00,0.00,SLOW,4414.34,4414.34,4414.34,4414.34,0.00,0.00,0.0,BULLISH,0.0,4414.34,4414.34,4414.34,4414.34,17,ACTIVE_17s,1.0,0.0,0.0,0.0,0.0,0.0,0.0,PASS_<20%,0.00,0.0,NO,STANDBY_VEL_LOW,0,0.00,4590.00,78.36,FALSE,M1_DIRECTION_MISMATCH|OPENING_SHIELD_ACTIVE_17s
2026-09-07 15:55:18.449,1788796518.450,9900,37,37,4414.34,4414.42,8.0,PASS_<=10c,+0.0,FLAT,+0.0,+0.0,4.2,+0.00,0.00,SLOW,4414.34,4414.34,4414.34,4414.34,0.00,0.00,0.0,BULLISH,0.0,4414.34,4414.34,4414.34,4414.34,18,ACTIVE_18s,1.0,0.0,0.0,0.0,0.0,0.0,0.0,PASS_<20%,0.00,0.0,NO,STANDBY_VEL_LOW,0,0.00,4590.00,78.36,FALSE,M1_DIRECTION_MISMATCH|OPENING_SHIELD_ACTIVE_18s
2026-09-07 15:55:18.948,1788796518.949,9901,38,38,4414.34,4414.42,8.0,PASS_<=10c,+0.0,FLAT,+0.0,+0.0,4.2,+0.00,0.00,SLOW,4414.34,4414.34,4414.34,4414.34,0.00,0.00,0.0,BULLISH,0.0,4414.34,4414.34,4414.34,4414.34,18,ACTIVE_18s,1.0,0.0,0.0,0.0,0.0,0.0,0.0,PASS_<20%,0.00,0.0,NO,STANDBY_VEL_LOW,0,0.00,4590.00,78.36,FALSE,M1_DIRECTION_MISMATCH|OPENING_SHIELD_ACTIVE_18s
2026-09-07 15:55:19.450,1788796519.450,9902,39,39,4414.34,4414.42,8.0,PASS_<=10c,+0.0,FLAT,+0.0,+0.0,4.2,+0.00,0.00,SLOW,4414.34,4414.34,4414.34,4414.34,0.00,0.00,0.0,BULLISH,0.0,4414.34,4414.34,4414.34,4414.34,19,ACTIVE_19s,1.0,0.0,0.0,0.0,0.0,0.0,0.0,PASS_<20%,0.00,0.0,NO,STANDBY_VEL_LOW,0,0.00,4590.00,78.36,FALSE,M1_DIRECTION_MISMATCH|OPENING_SHIELD_ACTIVE_19s
2026-09-07 15:55:19.951,1788796519.952,9903,40,40,4414.34,4414.42,8.0,PASS_<=10c,+0.0,FLAT,+0.0,+0.0,4.2,+0.00,0.00,SLOW,4414.34,4414.34,4414.34,4414.34,0.00,0.00,0.0,BULLISH,0.0,4414.34,4414.34,4414.34,4414.34,19,ACTIVE_19s,1.0,0.0,0.0,0.0,0.0,0.0,0.0,PASS_<20%,0.00,0.0,NO,STANDBY_VEL_LOW,0,0.00,4590.00,78.36,FALSE,M1_DIRECTION_MISMATCH|OPENING_SHIELD_ACTIVE_19s
2026-09-07 15:55:20.453,1788796520.453,9904,41,41,4414.34,4414.42,8.0,PASS_<=10c,+0.0,FLAT,+0.0,+0.0,4.2,+0.00,0.00,SLOW,4414.34,4414.34,4414.34,4414.34,0.00,0.00,0.0,BULLISH,0.0,4414.34,4414.34,4414.34,4414.34,20,CLEARED_>=20s,1.0,0.0,0.0,0.0,0.0,0.0,0.0,PASS_<20%,0.00,0.0,NO,STANDBY_VEL_LOW,0,0.00,4590.00,78.36,FALSE,M1_DIRECTION_MISMATCH
2026-09-07 15:55:20.954,1788796520.955,9905,42,42,4414.34,4414.42,8.0,PASS_<=10c,+0.0,FLAT,+0.0,+0.0,4.2,+0.00,0.00,SLOW,4414.34,4414.34,4414.34,4414.34,0.00,0.00,0.0,BULLISH,0.0,4414.34,4414.34,4414.34,4414.34,20,CLEARED_>=20s,1.0,0.0,0.0,0.0,0.0,0.0,0.0,PASS_<20%,0.00,0.0,NO,STANDBY_VEL_LOW,0,0.00,4590.00,78.36,FALSE,M1_DIRECTION_MISMATCH
2026-09-07 15:55:21.455,1788796521.456,9906,43,43,4414.34,4414.42,8.0,PASS_<=10c,+0.0,FLAT,+0.0,+0.0,4.2,+0.00,0.00,SLOW,4414.34,4414.34,4414.34,4414.34,0.00,0.00,0.0,BULLISH,0.0,4414.34,4414.34,4414.34,4414.34,21,CLEARED_>=20s,1.0,0.0,0.0,0.0,0.0,0.0,0.0,PASS_<20%,0.00,0.0,NO,STANDBY_VEL_LOW,0,0.00,4590.00,78.36,FALSE,M1_DIRECTION_MISMATCH
2026-09-07 15:55:21.957,1788796521.958,9907,44,44,4414.34,4414.42,8.0,PASS_<=10c,+0.0,FLAT,+0.0,+0.0,4.2,+0.00,0.00,SLOW,4414.34,4414.34,4414.34,4414.34,0.00,0.00,0.0,BULLISH,0.0,4414.34,4414.34,4414.34,4414.34,21,CLEARED_>=20s,1.0,0.0,0.0,0.0,0.0,0.0,0.0,PASS_<20%,0.00,0.0,NO,STANDBY_VEL_LOW,0,0.00,4590.00,78.36,FALSE,M1_DIRECTION_MISMATCH
2026-09-07 15:55:22.459,1788796522.459,9908,45,45,4414.34,4414.42,8.0,PASS_<=10c,+0.0,FLAT,+0.0,+0.0,4.2,+0.00,0.00,SLOW,4414.34,4414.34,4414.34,4414.34,0.00,0.00,0.0,BULLISH,0.0,4414.34,4414.34,4414.34,4414.34,22,CLEARED_>=20s,1.0,0.0,0.0,0.0,0.0,0.0,0.0,PASS_<20%,0.00,0.0,NO,STANDBY_VEL_LOW,0,0.00,4590.00,78.36,FALSE,M1_DIRECTION_MISMATCH
2026-09-07 15:55:22.961,1788796522.962,9909,46,46,4414.34,4414.42,8.0,PASS_<=10c,+0.0,FLAT,+0.0,+0.0,4.2,+0.00,0.00,SLOW,4414.34,4414.34,4414.34,4414.34,0.00,0.00,0.0,BULLISH,0.0,4414.34,4414.34,4414.34,4414.34,22,CLEARED_>=20s,1.0,0.0,0.0,0.0,0.0,0.0,0.0,PASS_<20%,0.00,0.0,NO,STANDBY_VEL_LOW,0,0.00,4590.00,78.36,FALSE,M1_DIRECTION_MISMATCH
2026-09-07 15:55:23.463,1788796523.464,9910,47,47,4414.34,4414.42,8.0,PASS_<=10c,+0.0,FLAT,+0.0,+0.0,4.2,+0.00,0.00,SLOW,4414.34,4414.34,4414.34,4414.34,0.00,0.00,0.0,BULLISH,0.0,4414.34,4414.34,4414.34,4414.34,23,CLEARED_>=20s,1.0,0.0,0.0,0.0,0.0,0.0,0.0,PASS_<20%,0.00,0.0,NO,STANDBY_VEL_LOW,0,0.00,4590.00,78.36,FALSE,M1_DIRECTION_MISMATCH
2026-09-07 15:55:23.966,1788796523.966,9911,48,48,4414.34,4414.42,8.0,PASS_<=10c,+0.0,FLAT,+0.0,+0.0,4.2,+0.00,0.00,SLOW,4414.34,4414.34,4414.34,4414.34,0.00,0.00,0.0,BULLISH,0.0,4414.34,4414.34,4414.34,4414.34,23,CLEARED_>=20s,1.0,0.0,0.0,0.0,0.0,0.0,0.0,PASS_<20%,0.00,0.0,NO,STANDBY_VEL_LOW,0,0.00,4590.00,78.36,FALSE,M1_DIRECTION_MISMATCH
2026-09-07 15:55:24.468,1788796524.469,9912,49,49,4414.34,4414.42,8.0,PASS_<=10c,+0.0,FLAT,+0.0,+0.0,4.2,+0.00,0.00,SLOW,4414.34,4414.34,4414.34,4414.34,0.00,0.00,0.0,BULLISH,0.0,4414.34,4414.34,4414.34,4414.34,24,CLEARED_>=20s,1.0,0.0,0.0,0.0,0.0,0.0,0.0,PASS_<20%,0.00,0.0,NO,STANDBY_VEL_LOW,0,0.00,4590.00,78.36,FALSE,M1_DIRECTION_MISMATCH
2026-09-07 15:55:24.969,1788796524.970,9913,50,50,4414.34,4414.42,8.0,PASS_<=10c,+0.0,FLAT,+0.0,+0.0,4.2,+0.00,0.00,SLOW,4414.34,4414.34,4414.34,4414.34,0.00,0.00,0.0,BULLISH,0.0,4414.34,4414.34,4414.34,4414.34,24,CLEARED_>=20s,1.0,0.0,0.0,0.0,0.0,0.0,0.0,PASS_<20%,0.00,0.0,NO,STANDBY_VEL_LOW,0,0.00,4590.00,78.36,FALSE,M1_DIRECTION_MISMATCH
2026-09-07 15:55:25.470,1788796525.471,9914,51,51,4414.34,4414.42,8.0,PASS_<=10c,+0.0,FLAT,+0.0,+0.0,4.2,+0.00,0.00,SLOW,4414.34,4414.34,4414.34,4414.34,0.00,0.00,0.0,BULLISH,0.0,4414.34,4414.34,4414.34,4414.34,25,CLEARED_>=20s,1.0,0.0,0.0,0.0,0.0,0.0,0.0,PASS_<20%,0.00,0.0,NO,STANDBY_VEL_LOW,0,0.00,4590.00,78.36,FALSE,M1_DIRECTION_MISMATCH
2026-09-07 15:55:25.972,1788796525.972,9915,52,52,4414.34,4414.42,8.0,PASS_<=10c,+0.0,FLAT,+0.0,+0.0,4.2,+0.00,0.00,SLOW,4414.34,4414.34,4414.34,4414.34,0.00,0.00,0.0,BULLISH,0.0,4414.34,4414.34,4414.34,4414.34,25,CLEARED_>=20s,1.0,0.0,0.0,0.0,0.0,0.0,0.0,PASS_<20%,0.00,0.0,NO,STANDBY_VEL_LOW,0,0.00,4590.00,78.36,FALSE,M1_DIRECTION_MISMATCH
2026-09-07 15:55:26.473,1788796526.474,9916,53,53,4414.34,4414.42,8.0,PASS_<=10c,+0.0,FLAT,+0.0,+0.0,4.2,+0.00,0.00,SLOW,4414.34,4414.34,4414.34,4414.34,0.00,0.00,0.0,BULLISH,0.0,4414.34,4414.34,4414.34,4414.34,26,CLEARED_>=20s,1.0,0.0,0.0,0.0,0.0,0.0,0.0,PASS_<20%,0.00,0.0,NO,STANDBY_VEL_LOW,0,0.00,4590.00,78.36,FALSE,M1_DIRECTION_MISMATCH
2026-09-07 15:55:26.974,1788796526.974,9917,54,54,4414.34,4414.42,8.0,PASS_<=10c,+0.0,FLAT,+0.0,+0.0,4.2,+0.00,0.00,SLOW,4414.34,4414.34,4414.34,4414.34,0.00,0.00,0.0,BULLISH,0.0,4414.34,4414.34,4414.34,4414.34,26,CLEARED_>=20s,1.0,0.0,0.0,0.0,0.0,0.0,0.0,PASS_<20%,0.00,0.0,NO,STANDBY_VEL_LOW,0,0.00,4590.00,78.36,FALSE,M1_DIRECTION_MISMATCH
2026-09-07 15:55:27.475,1788796527.476,9918,55,55,4414.34,4414.42,8.0,PASS_<=10c,+0.0,FLAT,+0.0,+0.0,4.2,+0.00,0.00,SLOW,4414.34,4414.34,4414.34,4414.34,0.00,0.00,0.0,BULLISH,0.0,4414.34,4414.34,4414.34,4414.34,27,CLEARED_>=20s,1.0,0.0,0.0,0.0,0.0,0.0,0.0,PASS_<20%,0.00,0.0,NO,STANDBY_VEL_LOW,0,0.00,4590.00,78.36,FALSE,M1_DIRECTION_MISMATCH
2026-09-07 15:55:27.977,1788796527.978,9919,56,56,4414.34,4414.42,8.0,PASS_<=10c,+0.0,FLAT,+0.0,+0.0,4.2,+0.00,0.00,SLOW,4414.34,4414.34,4414.34,4414.34,0.00,0.00,0.0,BULLISH,0.0,4414.34,4414.34,4414.34,4414.34,27,CLEARED_>=20s,1.0,0.0,0.0,0.0,0.0,0.0,0.0,PASS_<20%,0.00,0.0,NO,STANDBY_VEL_LOW,0,0.00,4590.00,78.36,FALSE,M1_DIRECTION_MISMATCH
2026-09-07 15:55:28.479,1788796528.479,9920,57,57,4414.34,4414.42,8.0,PASS_<=10c,+0.0,FLAT,+0.0,+0.0,4.2,+0.00,0.00,SLOW,4414.34,4414.34,4414.34,4414.34,0.00,0.00,0.0,BULLISH,0.0,4414.34,4414.34,4414.34,4414.34,28,CLEARED_>=20s,1.0,0.0,0.0,0.0,0.0,0.0,0.0,PASS_<20%,0.00,0.0,NO,STANDBY_VEL_LOW,0,0.00,4590.00,78.36,FALSE,M1_DIRECTION_MISMATCH
2026-09-07 15:55:28.980,1788796528.981,9921,58,58,4414.34,4414.42,8.0,PASS_<=10c,+0.0,FLAT,+0.0,+0.0,4.2,+0.00,0.00,SLOW,4414.34,4414.34,4414.34,4414.34,0.00,0.00,0.0,BULLISH,0.0,4414.34,4414.34,4414.34,4414.34,28,CLEARED_>=20s,1.0,0.0,0.0,0.0,0.0,0.0,0.0,PASS_<20%,0.00,0.0,NO,STANDBY_VEL_LOW,0,0.00,4590.00,78.36,FALSE,M1_DIRECTION_MISMATCH
2026-09-07 15:55:29.481,1788796529.482,9922,59,59,4414.34,4414.42,8.0,PASS_<=10c,+0.0,FLAT,+0.0,+0.0,4.2,+0.00,0.00,SLOW,4414.34,4414.34,4414.34,4414.34,0.00,0.00,0.0,BULLISH,0.0,4414.34,4414.34,4414.34,4414.34,29,CLEARED_>=20s,1.0,0.0,0.0,0.0,0.0,0.0,0.0,PASS_<20%,0.00,0.0,NO,STANDBY_VEL_LOW,0,0.00,4590.00,78.36,FALSE,M1_DIRECTION_MISMATCH
2026-09-07 15:55:29.983,1788796529.983,9923,60,60,4414.34,4414.42,8.0,PASS_<=10c,+0.0,FLAT,+0.0,+0.0,4.2,+0.00,0.00,SLOW,4414.34,4414.34,4414.34,4414.34,0.00,0.00,0.0,BULLISH,0.0,4414.34,4414.34,4414.34,4414.34,29,CLEARED_>=20s,1.0,0.0,0.0,0.0,0.0,0.0,0.0,PASS_<20%,0.00,0.0,NO,STANDBY_VEL_LOW,0,0.00,4590.00,78.36,FALSE,M1_DIRECTION_MISMATCH
2026-09-07 15:55:30.483,1788796530.484,9924,61,61,4414.34,4414.42,8.0,PASS_<=10c,+0.0,FLAT,+0.0,+0.0,4.2,+0.00,0.00,SLOW,4414.34,4414.34,4414.34,4414.34,0.00,0.00,0.0,BULLISH,0.0,4414.34,4414.34,4414.34,4414.34,30,CLEARED_>=20s,1.0,0.0,0.0,0.0,0.0,0.0,0.0,PASS_<20%,0.00,0.0,NO,STANDBY_VEL_LOW,0,0.00,4590.00,78.36,FALSE,M1_DIRECTION_MISMATCH
2026-09-07 15:55:30.985,1788796530.985,9925,62,62,4414.34,4414.42,8.0,PASS_<=10c,+0.0,FLAT,+0.0,+0.0,4.2,+0.00,0.00,SLOW,4414.34,4414.34,4414.34,4414.34,0.00,0.00,0.0,BULLISH,0.0,4414.34,4414.34,4414.34,4414.34,30,CLEARED_>=20s,1.0,0.0,0.0,0.0,0.0,0.0,0.0,PASS_<20%,0.00,0.0,NO,STANDBY_VEL_LOW,0,0.00,4590.00,78.36,FALSE,M1_DIRECTION_MISMATCH
2026-09-07 15:55:31.486,1788796531.487,9926,63,63,4414.34,4414.42,8.0,PASS_<=10c,+0.0,FLAT,+0.0,+0.0,4.2,+0.00,0.00,SLOW,4414.34,4414.34,4414.34,4414.34,0.00,0.00,0.0,BULLISH,0.0,4414.34,4414.34,4414.34,4414.34,31,CLEARED_>=20s,1.0,0.0,0.0,0.0,0.0,0.0,0.0,PASS_<20%,0.00,0.0,NO,STANDBY_VEL_LOW,0,0.00,4590.00,78.36,FALSE,M1_DIRECTION_MISMATCH
2026-09-07 15:55:31.988,1788796531.988,9927,64,64,4414.34,4414.42,8.0,PASS_<=10c,+0.0,FLAT,+0.0,+0.0,4.2,+0.00,0.00,SLOW,4414.34,4414.34,4414.34,4414.34,0.00,0.00,0.0,BULLISH,0.0,4414.34,4414.34,4414.34,4414.34,31,CLEARED_>=20s,1.0,0.0,0.0,0.0,0.0,0.0,0.0,PASS_<20%,0.00,0.0,NO,STANDBY_VEL_LOW,0,0.00,4590.00,78.36,FALSE,M1_DIRECTION_MISMATCH
2026-09-07 15:55:32.490,1788796532.491,9928,65,65,4414.34,4414.42,8.0,PASS_<=10c,+0.0,FLAT,+0.0,+0.0,4.2,+0.00,0.00,SLOW,4414.34,4414.34,4414.34,4414.34,0.00,0.00,0.0,BULLISH,0.0,4414.34,4414.34,4414.34,4414.34,32,CLEARED_>=20s,1.0,0.0,0.0,0.0,0.0,0.0,0.0,PASS_<20%,0.00,0.0,NO,STANDBY_VEL_LOW,0,0.00,4590.00,78.36,FALSE,M1_DIRECTION_MISMATCH
2026-09-07 15:55:32.992,1788796532.993,9929,66,66,4414.34,4414.42,8.0,PASS_<=10c,+0.0,FLAT,+0.0,+0.0,4.2,+0.00,0.00,SLOW,4414.34,4414.34,4414.34,4414.34,0.00,0.00,0.0,BULLISH,0.0,4414.34,4414.34,4414.34,4414.34,32,CLEARED_>=20s,1.0,0.0,0.0,0.0,0.0,0.0,0.0,PASS_<20%,0.00,0.0,NO,STANDBY_VEL_LOW,0,0.00,4590.00,78.36,FALSE,M1_DIRECTION_MISMATCH
2026-09-07 15:55:33.494,1788796533.495,9930,67,67,4414.34,4414.42,8.0,PASS_<=10c,+0.0,FLAT,+0.0,+0.0,4.2,+0.00,0.00,SLOW,4414.34,4414.34,4414.34,4414.34,0.00,0.00,0.0,BULLISH,0.0,4414.34,4414.34,4414.34,4414.34,33,CLEARED_>=20s,1.0,0.0,0.0,0.0,0.0,0.0,0.0,PASS_<20%,0.00,0.0,NO,STANDBY_VEL_LOW,0,0.00,4590.00,78.36,FALSE,M1_DIRECTION_MISMATCH
2026-09-07 15:55:33.996,1788796533.997,9931,68,68,4414.34,4414.42,8.0,PASS_<=10c,+0.0,FLAT,+0.0,+0.0,4.2,+0.00,0.00,SLOW,4414.34,4414.34,4414.34,4414.34,0.00,0.00,0.0,BULLISH,0.0,4414.34,4414.34,4414.34,4414.34,33,CLEARED_>=20s,1.0,0.0,0.0,0.0,0.0,0.0,0.0,PASS_<20%,0.00,0.0,NO,STANDBY_VEL_LOW,0,0.00,4590.00,78.36,FALSE,M1_DIRECTION_MISMATCH
2026-09-07 15:55:34.498,1788796534.499,9932,69,69,4414.34,4414.42,8.0,PASS_<=10c,+0.0,FLAT,+0.0,+0.0,4.2,+0.00,0.00,SLOW,4414.34,4414.34,4414.34,4414.34,0.00,0.00,0.0,BULLISH,0.0,4414.34,4414.34,4414.34,4414.34,34,CLEARED_>=20s,1.0,0.0,0.0,0.0,0.0,0.0,0.0,PASS_<20%,0.00,0.0,NO,STANDBY_VEL_LOW,0,0.00,4590.00,78.36,FALSE,M1_DIRECTION_MISMATCH
2026-09-07 15:55:35.000,1788796535.000,9933,70,70,4414.34,4414.42,8.0,PASS_<=10c,+0.0,FLAT,+0.0,+0.0,4.2,+0.00,0.00,SLOW,4414.34,4414.34,4414.34,4414.34,0.00,0.00,0.0,BULLISH,0.0,4414.34,4414.34,4414.34,4414.34,35,CLEARED_>=20s,1.0,0.0,0.0,0.0,0.0,0.0,0.0,PASS_<20%,0.00,0.0,NO,STANDBY_VEL_LOW,0,0.00,4590.00,78.36,FALSE,M1_DIRECTION_MISMATCH
2026-09-07 15:55:35.501,1788796535.502,9934,71,71,4414.34,4414.42,8.0,PASS_<=10c,+0.0,FLAT,+0.0,+0.0,4.2,+0.00,0.00,SLOW,4414.34,4414.34,4414.34,4414.34,0.00,0.00,0.0,BULLISH,0.0,4414.34,4414.34,4414.34,4414.34,35,CLEARED_>=20s,1.0,0.0,0.0,0.0,0.0,0.0,0.0,PASS_<20%,0.00,0.0,NO,STANDBY_VEL_LOW,0,0.00,4590.00,78.36,FALSE,M1_DIRECTION_MISMATCH
2026-09-07 15:55:36.003,1788796536.004,9935,72,72,4414.34,4414.42,8.0,PASS_<=10c,+0.0,FLAT,+0.0,+0.0,4.2,+0.00,0.00,SLOW,4414.34,4414.34,4414.34,4414.34,0.00,0.00,0.0,BULLISH,0.0,4414.34,4414.34,4414.34,4414.34,36,CLEARED_>=20s,1.0,0.0,0.0,0.0,0.0,0.0,0.0,PASS_<20%,0.00,0.0,NO,STANDBY_VEL_LOW,0,0.00,4590.00,78.36,FALSE,M1_DIRECTION_MISMATCH
2026-09-07 15:55:36.504,1788796536.505,9936,73,73,4414.34,4414.42,8.0,PASS_<=10c,+0.0,FLAT,+0.0,+0.0,4.2,+0.00,0.00,SLOW,4414.34,4414.34,4414.34,4414.34,0.00,0.00,0.0,BULLISH,0.0,4414.34,4414.34,4414.34,4414.34,36,CLEARED_>=20s,1.0,0.0,0.0,0.0,0.0,0.0,0.0,PASS_<20%,0.00,0.0,NO,STANDBY_VEL_LOW,0,0.00,4590.00,78.36,FALSE,M1_DIRECTION_MISMATCH
2026-09-07 15:55:37.005,1788796537.006,9937,74,74,4414.34,4414.42,8.0,PASS_<=10c,+0.0,FLAT,+0.0,+0.0,4.2,+0.00,0.00,SLOW,4414.34,4414.34,4414.34,4414.34,0.00,0.00,0.0,BULLISH,0.0,4414.34,4414.34,4414.34,4414.34,37,CLEARED_>=20s,1.0,0.0,0.0,0.0,0.0,0.0,0.0,PASS_<20%,0.00,0.0,NO,STANDBY_VEL_LOW,0,0.00,4590.00,78.36,FALSE,M1_DIRECTION_MISMATCH
2026-09-07 15:55:37.506,1788796537.507,9938,75,75,4414.34,4414.42,8.0,PASS_<=10c,+0.0,FLAT,+0.0,+0.0,4.2,+0.00,0.00,SLOW,4414.34,4414.34,4414.34,4414.34,0.00,0.00,0.0,BULLISH,0.0,4414.34,4414.34,4414.34,4414.34,37,CLEARED_>=20s,1.0,0.0,0.0,0.0,0.0,0.0,0.0,PASS_<20%,0.00,0.0,NO,STANDBY_VEL_LOW,0,0.00,4590.00,78.36,FALSE,M1_DIRECTION_MISMATCH
2026-09-07 15:55:38.007,1788796538.008,9939,76,76,4414.34,4414.42,8.0,PASS_<=10c,+0.0,FLAT,+0.0,+0.0,4.2,+0.00,0.00,SLOW,4414.34,4414.34,4414.34,4414.34,0.00,0.00,0.0,BULLISH,0.0,4414.34,4414.34,4414.34,4414.34,38,CLEARED_>=20s,1.0,0.0,0.0,0.0,0.0,0.0,0.0,PASS_<20%,0.00,0.0,NO,STANDBY_VEL_LOW,0,0.00,4590.00,78.36,FALSE,M1_DIRECTION_MISMATCH
2026-09-07 15:55:38.509,1788796538.509,9940,77,77,4414.34,4414.42,8.0,PASS_<=10c,+0.0,FLAT,+0.0,+0.0,4.2,+0.00,0.00,SLOW,4414.34,4414.34,4414.34,4414.34,0.00,0.00,0.0,BULLISH,0.0,4414.34,4414.34,4414.34,4414.34,38,CLEARED_>=20s,1.0,0.0,0.0,0.0,0.0,0.0,0.0,PASS_<20%,0.00,0.0,NO,STANDBY_VEL_LOW,0,0.00,4590.00,78.36,FALSE,M1_DIRECTION_MISMATCH
2026-09-07 15:55:39.010,1788796539.011,9941,78,78,4414.34,4414.42,8.0,PASS_<=10c,+0.0,FLAT,+0.0,+0.0,4.2,+0.00,0.00,SLOW,4414.34,4414.34,4414.34,4414.34,0.00,0.00,0.0,BULLISH,0.0,4414.34,4414.34,4414.34,4414.34,39,CLEARED_>=20s,1.0,0.0,0.0,0.0,0.0,0.0,0.0,PASS_<20%,0.00,0.0,NO,STANDBY_VEL_LOW,0,0.00,4590.00,78.36,FALSE,M1_DIRECTION_MISMATCH
2026-09-07 15:55:39.512,1788796539.513,9942,79,79,4414.34,4414.42,8.0,PASS_<=10c,+0.0,FLAT,+0.0,+0.0,4.2,+0.00,0.00,SLOW,4414.34,4414.34,4414.34,4414.34,0.00,0.00,0.0,BULLISH,0.0,4414.34,4414.34,4414.34,4414.34,39,CLEARED_>=20s,1.0,0.0,0.0,0.0,0.0,0.0,0.0,PASS_<20%,0.00,0.0,NO,STANDBY_VEL_LOW,0,0.00,4590.00,78.36,FALSE,M1_DIRECTION_MISMATCH
2026-09-07 15:55:40.014,1788796540.014,9943,80,80,4414.34,4414.42,8.0,PASS_<=10c,+0.0,FLAT,+0.0,+0.0,4.2,+0.00,0.00,SLOW,4414.34,4414.34,4414.34,4414.34,0.00,0.00,0.0,BULLISH,0.0,4414.34,4414.34,4414.34,4414.34,40,CLEARED_>=20s,1.0,0.0,0.0,0.0,0.0,0.0,0.0,PASS_<20%,0.00,0.0,NO,STANDBY_VEL_LOW,0,0.00,4590.00,78.36,FALSE,M1_DIRECTION_MISMATCH
2026-09-07 15:55:40.516,1788796540.517,9944,81,81,4414.34,4414.42,8.0,PASS_<=10c,+0.0,FLAT,+0.0,+0.0,4.2,+0.00,0.00,SLOW,4414.34,4414.34,4414.34,4414.34,0.00,0.00,0.0,BULLISH,0.0,4414.34,4414.34,4414.34,4414.34,40,CLEARED_>=20s,1.0,0.0,0.0,0.0,0.0,0.0,0.0,PASS_<20%,0.00,0.0,NO,STANDBY_VEL_LOW,0,0.00,4590.00,78.36,FALSE,M1_DIRECTION_MISMATCH
2026-09-07 15:55:41.017,1788796541.018,9945,82,82,4414.34,4414.42,8.0,PASS_<=10c,+0.0,FLAT,+0.0,+0.0,4.2,+0.00,0.00,SLOW,4414.34,4414.34,4414.34,4414.34,0.00,0.00,0.0,BULLISH,0.0,4414.34,4414.34,4414.34,4414.34,41,CLEARED_>=20s,1.0,0.0,0.0,0.0,0.0,0.0,0.0,PASS_<20%,0.00,0.0,NO,STANDBY_VEL_LOW,0,0.00,4590.00,78.36,FALSE,M1_DIRECTION_MISMATCH
2026-09-07 15:55:41.518,1788796541.519,9946,83,83,4414.34,4414.42,8.0,PASS_<=10c,+0.0,FLAT,+0.0,+0.0,4.2,+0.00,0.00,SLOW,4414.34,4414.34,4414.34,4414.34,0.00,0.00,0.0,BULLISH,0.0,4414.34,4414.34,4414.34,4414.34,41,CLEARED_>=20s,1.0,0.0,0.0,0.0,0.0,0.0,0.0,PASS_<20%,0.00,0.0,NO,STANDBY_VEL_LOW,0,0.00,4590.00,78.36,FALSE,M1_DIRECTION_MISMATCH
2026-09-07 15:55:42.020,1788796542.021,9947,84,84,4414.34,4414.42,8.0,PASS_<=10c,+0.0,FLAT,+0.0,+0.0,4.2,+0.00,0.00,SLOW,4414.34,4414.34,4414.34,4414.34,0.00,0.00,0.0,BULLISH,0.0,4414.34,4414.34,4414.34,4414.34,42,CLEARED_>=20s,1.0,0.0,0.0,0.0,0.0,0.0,0.0,PASS_<20%,0.00,0.0,NO,STANDBY_VEL_LOW,0,0.00,4590.00,78.36,FALSE,M1_DIRECTION_MISMATCH
2026-09-07 15:55:42.523,1788796542.523,9948,85,85,4414.34,4414.42,8.0,PASS_<=10c,+0.0,FLAT,+0.0,+0.0,4.2,+0.00,0.00,SLOW,4414.34,4414.34,4414.34,4414.34,0.00,0.00,0.0,BULLISH,0.0,4414.34,4414.34,4414.34,4414.34,42,CLEARED_>=20s,1.0,0.0,0.0,0.0,0.0,0.0,0.0,PASS_<20%,0.00,0.0,NO,STANDBY_VEL_LOW,0,0.00,4590.00,78.36,FALSE,M1_DIRECTION_MISMATCH
2026-09-07 15:55:43.024,1788796543.025,9949,86,86,4414.34,4414.42,8.0,PASS_<=10c,+0.0,FLAT,+0.0,+0.0,4.2,+0.00,0.00,SLOW,4414.34,4414.34,4414.34,4414.34,0.00,0.00,0.0,BULLISH,0.0,4414.34,4414.34,4414.34,4414.34,43,CLEARED_>=20s,1.0,0.0,0.0,0.0,0.0,0.0,0.0,PASS_<20%,0.00,0.0,NO,STANDBY_VEL_LOW,0,0.00,4590.00,78.36,FALSE,M1_DIRECTION_MISMATCH
2026-09-07 15:55:43.526,1788796543.526,9950,87,87,4414.34,4414.42,8.0,PASS_<=10c,+0.0,FLAT,+0.0,+0.0,4.2,+0.00,0.00,SLOW,4414.34,4414.34,4414.34,4414.34,0.00,0.00,0.0,BULLISH,0.0,4414.34,4414.34,4414.34,4414.34,43,CLEARED_>=20s,1.0,0.0,0.0,0.0,0.0,0.0,0.0,PASS_<20%,0.00,0.0,NO,STANDBY_VEL_LOW,0,0.00,4590.00,78.36,FALSE,M1_DIRECTION_MISMATCH
2026-09-07 15:55:44.028,1788796544.028,9951,88,88,4414.34,4414.42,8.0,PASS_<=10c,+0.0,FLAT,+0.0,+0.0,4.2,+0.00,0.00,SLOW,4414.34,4414.34,4414.34,4414.34,0.00,0.00,0.0,BULLISH,0.0,4414.34,4414.34,4414.34,4414.34,44,CLEARED_>=20s,1.0,0.0,0.0,0.0,0.0,0.0,0.0,PASS_<20%,0.00,0.0,NO,STANDBY_VEL_LOW,0,0.00,4590.00,78.36,FALSE,M1_DIRECTION_MISMATCH
2026-09-07 15:55:44.529,1788796544.530,9952,89,89,4414.34,4414.42,8.0,PASS_<=10c,+0.0,FLAT,+0.0,+0.0,4.2,+0.00,0.00,SLOW,4414.34,4414.34,4414.34,4414.34,0.00,0.00,0.0,BULLISH,0.0,4414.34,4414.34,4414.34,4414.34,44,CLEARED_>=20s,1.0,0.0,0.0,0.0,0.0,0.0,0.0,PASS_<20%,0.00,0.0,NO,STANDBY_VEL_LOW,0,0.00,4590.00,78.36,FALSE,M1_DIRECTION_MISMATCH
2026-09-07 15:55:45.031,1788796545.031,9953,90,90,4414.34,4414.42,8.0,PASS_<=10c,+0.0,FLAT,+0.0,+0.0,4.2,+0.00,0.00,SLOW,4414.34,4414.34,4414.34,4414.34,0.00,0.00,0.0,BULLISH,0.0,4414.34,4414.34,4414.34,4414.34,45,CLEARED_>=20s,1.0,0.0,0.0,0.0,0.0,0.0,0.0,PASS_<20%,0.00,0.0,NO,STANDBY_VEL_LOW,0,0.00,4590.00,78.36,FALSE,M1_DIRECTION_MISMATCH
2026-09-07 15:55:45.532,1788796545.532,9954,91,91,4414.34,4414.42,8.0,PASS_<=10c,+0.0,FLAT,+0.0,+0.0,4.2,+0.00,0.00,SLOW,4414.34,4414.34,4414.34,4414.34,0.00,0.00,0.0,BULLISH,0.0,4414.34,4414.34,4414.34,4414.34,45,CLEARED_>=20s,1.0,0.0,0.0,0.0,0.0,0.0,0.0,PASS_<20%,0.00,0.0,NO,STANDBY_VEL_LOW,0,0.00,4590.00,78.36,FALSE,M1_DIRECTION_MISMATCH
2026-09-07 15:55:46.033,1788796546.033,9955,92,92,4414.34,4414.42,8.0,PASS_<=10c,+0.0,FLAT,+0.0,+0.0,4.2,+0.00,0.00,SLOW,4414.34,4414.34,4414.34,4414.34,0.00,0.00,0.0,BULLISH,0.0,4414.34,4414.34,4414.34,4414.34,46,CLEARED_>=20s,1.0,0.0,0.0,0.0,0.0,0.0,0.0,PASS_<20%,0.00,0.0,NO,STANDBY_VEL_LOW,0,0.00,4590.00,78.36,FALSE,M1_DIRECTION_MISMATCH
2026-09-07 15:55:46.534,1788796546.535,9956,93,93,4414.34,4414.42,8.0,PASS_<=10c,+0.0,FLAT,+0.0,+0.0,4.2,+0.00,0.00,SLOW,4414.34,4414.34,4414.34,4414.34,0.00,0.00,0.0,BULLISH,0.0,4414.34,4414.34,4414.34,4414.34,46,CLEARED_>=20s,1.0,0.0,0.0,0.0,0.0,0.0,0.0,PASS_<20%,0.00,0.0,NO,STANDBY_VEL_LOW,0,0.00,4590.00,78.36,FALSE,M1_DIRECTION_MISMATCH
2026-09-07 15:55:47.036,1788796547.036,9957,94,94,4414.34,4414.42,8.0,PASS_<=10c,+0.0,FLAT,+0.0,+0.0,4.2,+0.00,0.00,SLOW,4414.34,4414.34,4414.34,4414.34,0.00,0.00,0.0,BULLISH,0.0,4414.34,4414.34,4414.34,4414.34,47,CLEARED_>=20s,1.0,0.0,0.0,0.0,0.0,0.0,0.0,PASS_<20%,0.00,0.0,NO,STANDBY_VEL_LOW,0,0.00,4590.00,78.36,FALSE,M1_DIRECTION_MISMATCH
2026-09-07 15:55:47.537,1788796547.538,9958,95,95,4414.34,4414.42,8.0,PASS_<=10c,+0.0,FLAT,+0.0,+0.0,4.2,+0.00,0.00,SLOW,4414.34,4414.34,4414.34,4414.34,0.00,0.00,0.0,BULLISH,0.0,4414.34,4414.34,4414.34,4414.34,47,CLEARED_>=20s,1.0,0.0,0.0,0.0,0.0,0.0,0.0,PASS_<20%,0.00,0.0,NO,STANDBY_VEL_LOW,0,0.00,4590.00,78.36,FALSE,M1_DIRECTION_MISMATCH
2026-09-07 15:55:48.039,1788796548.039,9959,96,96,4414.34,4414.42,8.0,PASS_<=10c,+0.0,FLAT,+0.0,+0.0,4.2,+0.00,0.00,SLOW,4414.34,4414.34,4414.34,4414.34,0.00,0.00,0.0,BULLISH,0.0,4414.34,4414.34,4414.34,4414.34,48,CLEARED_>=20s,1.0,0.0,0.0,0.0,0.0,0.0,0.0,PASS_<20%,0.00,0.0,NO,STANDBY_VEL_LOW,0,0.00,4590.00,78.36,FALSE,M1_DIRECTION_MISMATCH
2026-09-07 15:55:48.540,1788796548.540,9960,97,97,4414.34,4414.42,8.0,PASS_<=10c,+0.0,FLAT,+0.0,+0.0,4.2,+0.00,0.00,SLOW,4414.34,4414.34,4414.34,4414.34,0.00,0.00,0.0,BULLISH,0.0,4414.34,4414.34,4414.34,4414.34,48,CLEARED_>=20s,1.0,0.0,0.0,0.0,0.0,0.0,0.0,PASS_<20%,0.00,0.0,NO,STANDBY_VEL_LOW,0,0.00,4590.00,78.36,FALSE,M1_DIRECTION_MISMATCH
2026-09-07 15:55:49.041,1788796549.041,9961,98,98,4414.34,4414.42,8.0,PASS_<=10c,+0.0,FLAT,+0.0,+0.0,4.2,+0.00,0.00,SLOW,4414.34,4414.34,4414.34,4414.34,0.00,0.00,0.0,BULLISH,0.0,4414.34,4414.34,4414.34,4414.34,49,CLEARED_>=20s,1.0,0.0,0.0,0.0,0.0,0.0,0.0,PASS_<20%,0.00,0.0,NO,STANDBY_VEL_LOW,0,0.00,4590.00,78.36,FALSE,M1_DIRECTION_MISMATCH
2026-09-07 15:55:49.542,1788796549.542,9962,99,99,4414.34,4414.42,8.0,PASS_<=10c,+0.0,FLAT,+0.0,+0.0,4.2,+0.00,0.00,SLOW,4414.34,4414.34,4414.34,4414.34,0.00,0.00,0.0,BULLISH,0.0,4414.34,4414.34,4414.34,4414.34,49,CLEARED_>=20s,1.0,0.0,0.0,0.0,0.0,0.0,0.0,PASS_<20%,0.00,0.0,NO,STANDBY_VEL_LOW,0,0.00,4590.00,78.36,FALSE,M1_DIRECTION_MISMATCH
2026-09-07 15:55:50.043,1788796550.044,9963,100,100,4414.34,4414.42,8.0,PASS_<=10c,+0.0,FLAT,+0.0,+0.0,4.2,+0.00,0.00,SLOW,4414.34,4414.34,4414.34,4414.34,0.00,0.00,0.0,BULLISH,0.0,4414.34,4414.34,4414.34,4414.34,50,CLEARED_>=20s,1.0,0.0,0.0,0.0,0.0,0.0,0.0,PASS_<20%,0.00,0.0,NO,STANDBY_VEL_LOW,0,0.00,4590.00,78.36,FALSE,M1_DIRECTION_MISMATCH
2026-09-07 15:55:50.544,1788796550.545,9964,101,101,4414.34,4414.42,8.0,PASS_<=10c,+0.0,FLAT,+0.0,+0.0,4.2,+0.00,0.00,SLOW,4414.34,4414.34,4414.34,4414.34,0.00,0.00,0.0,BULLISH,0.0,4414.34,4414.34,4414.34,4414.34,50,CLEARED_>=20s,1.0,0.0,0.0,0.0,0.0,0.0,0.0,PASS_<20%,0.00,0.0,NO,STANDBY_VEL_LOW,0,0.00,4590.00,78.36,FALSE,M1_DIRECTION_MISMATCH
2026-09-07 15:55:51.045,1788796551.046,9965,102,102,4414.34,4414.42,8.0,PASS_<=10c,+0.0,FLAT,+0.0,+0.0,4.2,+0.00,0.00,SLOW,4414.34,4414.34,4414.34,4414.34,0.00,0.00,0.0,BULLISH,0.0,4414.34,4414.34,4414.34,4414.34,51,CLEARED_>=20s,1.0,0.0,0.0,0.0,0.0,0.0,0.0,PASS_<20%,0.00,0.0,NO,STANDBY_VEL_LOW,0,0.00,4590.00,78.36,FALSE,M1_DIRECTION_MISMATCH
2026-09-07 15:55:51.547,1788796551.547,9966,103,103,4414.34,4414.42,8.0,PASS_<=10c,+0.0,FLAT,+0.0,+0.0,4.2,+0.00,0.00,SLOW,4414.34,4414.34,4414.34,4414.34,0.00,0.00,0.0,BULLISH,0.0,4414.34,4414.34,4414.34,4414.34,51,CLEARED_>=20s,1.0,0.0,0.0,0.0,0.0,0.0,0.0,PASS_<20%,0.00,0.0,NO,STANDBY_VEL_LOW,0,0.00,4590.00,78.36,FALSE,M1_DIRECTION_MISMATCH
2026-09-07 15:55:52.049,1788796552.050,9967,104,104,4414.34,4414.42,8.0,PASS_<=10c,+0.0,FLAT,+0.0,+0.0,4.2,+0.00,0.00,SLOW,4414.34,4414.34,4414.34,4414.34,0.00,0.00,0.0,BULLISH,0.0,4414.34,4414.34,4414.34,4414.34,52,CLEARED_>=20s,1.0,0.0,0.0,0.0,0.0,0.0,0.0,PASS_<20%,0.00,0.0,NO,STANDBY_VEL_LOW,0,0.00,4590.00,78.36,FALSE,M1_DIRECTION_MISMATCH
2026-09-07 15:55:52.551,1788796552.551,9968,105,105,4414.34,4414.42,8.0,PASS_<=10c,+0.0,FLAT,+0.0,+0.0,4.2,+0.00,0.00,SLOW,4414.34,4414.34,4414.34,4414.34,0.00,0.00,0.0,BULLISH,0.0,4414.34,4414.34,4414.34,4414.34,52,CLEARED_>=20s,1.0,0.0,0.0,0.0,0.0,0.0,0.0,PASS_<20%,0.00,0.0,NO,STANDBY_VEL_LOW,0,0.00,4590.00,78.36,FALSE,M1_DIRECTION_MISMATCH
2026-09-07 15:55:53.052,1788796553.052,9969,106,106,4414.34,4414.42,8.0,PASS_<=10c,+0.0,FLAT,+0.0,+0.0,4.2,+0.00,0.00,SLOW,4414.34,4414.34,4414.34,4414.34,0.00,0.00,0.0,BULLISH,0.0,4414.34,4414.34,4414.34,4414.34,53,CLEARED_>=20s,1.0,0.0,0.0,0.0,0.0,0.0,0.0,PASS_<20%,0.00,0.0,NO,STANDBY_VEL_LOW,0,0.00,4590.00,78.36,FALSE,M1_DIRECTION_MISMATCH
2026-09-07 15:55:53.553,1788796553.554,9970,107,107,4414.34,4414.42,8.0,PASS_<=10c,+0.0,FLAT,+0.0,+0.0,4.2,+0.00,0.00,SLOW,4414.34,4414.34,4414.34,4414.34,0.00,0.00,0.0,BULLISH,0.0,4414.34,4414.34,4414.34,4414.34,53,CLEARED_>=20s,1.0,0.0,0.0,0.0,0.0,0.0,0.0,PASS_<20%,0.00,0.0,NO,STANDBY_VEL_LOW,0,0.00,4590.00,78.36,FALSE,M1_DIRECTION_MISMATCH
2026-09-07 15:55:54.054,1788796554.055,9971,108,108,4414.34,4414.42,8.0,PASS_<=10c,+0.0,FLAT,+0.0,+0.0,4.2,+0.00,0.00,SLOW,4414.34,4414.34,4414.34,4414.34,0.00,0.00,0.0,BULLISH,0.0,4414.34,4414.34,4414.34,4414.34,54,CLEARED_>=20s,1.0,0.0,0.0,0.0,0.0,0.0,0.0,PASS_<20%,0.00,0.0,NO,STANDBY_VEL_LOW,0,0.00,4590.00,78.36,FALSE,M1_DIRECTION_MISMATCH
2026-09-07 15:55:54.556,1788796554.556,9972,109,109,4414.34,4414.42,8.0,PASS_<=10c,+0.0,FLAT,+0.0,+0.0,4.2,+0.00,0.00,SLOW,4414.34,4414.34,4414.34,4414.34,0.00,0.00,0.0,BULLISH,0.0,4414.34,4414.34,4414.34,4414.34,54,CLEARED_>=20s,1.0,0.0,0.0,0.0,0.0,0.0,0.0,PASS_<20%,0.00,0.0,NO,STANDBY_VEL_LOW,0,0.00,4590.00,78.36,FALSE,M1_DIRECTION_MISMATCH
2026-09-07 15:55:55.058,1788796555.059,9973,110,110,4414.34,4414.42,8.0,PASS_<=10c,+0.0,FLAT,+0.0,+0.0,4.2,+0.00,0.00,SLOW,4414.34,4414.34,4414.34,4414.34,0.00,0.00,0.0,BULLISH,0.0,4414.34,4414.34,4414.34,4414.34,55,CLEARED_>=20s,1.0,0.0,0.0,0.0,0.0,0.0,0.0,PASS_<20%,0.00,0.0,NO,STANDBY_VEL_LOW,0,0.00,4590.00,78.36,FALSE,M1_DIRECTION_MISMATCH
2026-09-07 15:55:55.559,1788796555.560,9974,111,111,4414.34,4414.42,8.0,PASS_<=10c,+0.0,FLAT,+0.0,+0.0,4.2,+0.00,0.00,SLOW,4414.34,4414.34,4414.34,4414.34,0.00,0.00,0.0,BULLISH,0.0,4414.34,4414.34,4414.34,4414.34,55,CLEARED_>=20s,1.0,0.0,0.0,0.0,0.0,0.0,0.0,PASS_<20%,0.00,0.0,NO,STANDBY_VEL_LOW,0,0.00,4590.00,78.36,FALSE,M1_DIRECTION_MISMATCH
2026-09-07 15:55:56.061,1788796556.062,9975,112,112,4414.34,4414.42,8.0,PASS_<=10c,+0.0,FLAT,+0.0,+0.0,4.2,+0.00,0.00,SLOW,4414.34,4414.34,4414.34,4414.34,0.00,0.00,0.0,BULLISH,0.0,4414.34,4414.34,4414.34,4414.34,56,CLEARED_>=20s,1.0,0.0,0.0,0.0,0.0,0.0,0.0,PASS_<20%,0.00,0.0,NO,STANDBY_VEL_LOW,0,0.00,4590.00,78.36,FALSE,M1_DIRECTION_MISMATCH
2026-09-07 15:55:56.562,1788796556.563,9976,113,113,4414.34,4414.42,8.0,PASS_<=10c,+0.0,FLAT,+0.0,+0.0,4.2,+0.00,0.00,SLOW,4414.34,4414.34,4414.34,4414.34,0.00,0.00,0.0,BULLISH,0.0,4414.34,4414.34,4414.34,4414.34,56,CLEARED_>=20s,1.0,0.0,0.0,0.0,0.0,0.0,0.0,PASS_<20%,0.00,0.0,NO,STANDBY_VEL_LOW,0,0.00,4590.00,78.36,FALSE,M1_DIRECTION_MISMATCH
2026-09-07 15:55:57.063,1788796557.064,9977,114,114,4414.34,4414.42,8.0,PASS_<=10c,+0.0,FLAT,+0.0,+0.0,4.2,+0.00,0.00,SLOW,4414.34,4414.34,4414.34,4414.34,0.00,0.00,0.0,BULLISH,0.0,4414.34,4414.34,4414.34,4414.34,57,CLEARED_>=20s,1.0,0.0,0.0,0.0,0.0,0.0,0.0,PASS_<20%,0.00,0.0,NO,STANDBY_VEL_LOW,0,0.00,4590.00,78.36,FALSE,M1_DIRECTION_MISMATCH
2026-09-07 15:55:57.565,1788796557.565,9978,115,115,4414.34,4414.42,8.0,PASS_<=10c,+0.0,FLAT,+0.0,+0.0,4.2,+0.00,0.00,SLOW,4414.34,4414.34,4414.34,4414.34,0.00,0.00,0.0,BULLISH,0.0,4414.34,4414.34,4414.34,4414.34,57,CLEARED_>=20s,1.0,0.0,0.0,0.0,0.0,0.0,0.0,PASS_<20%,0.00,0.0,NO,STANDBY_VEL_LOW,0,0.00,4590.00,78.36,FALSE,M1_DIRECTION_MISMATCH
2026-09-07 15:55:58.067,1788796558.068,9979,116,116,4414.34,4414.42,8.0,PASS_<=10c,+0.0,FLAT,+0.0,+0.0,4.2,+0.00,0.00,SLOW,4414.34,4414.34,4414.34,4414.34,0.00,0.00,0.0,BULLISH,0.0,4414.34,4414.34,4414.34,4414.34,58,CLEARED_>=20s,1.0,0.0,0.0,0.0,0.0,0.0,0.0,PASS_<20%,0.00,0.0,NO,STANDBY_VEL_LOW,0,0.00,4590.00,78.36,FALSE,M1_DIRECTION_MISMATCH
2026-09-07 15:55:58.569,1788796558.570,9980,117,117,4414.34,4414.42,8.0,PASS_<=10c,+0.0,FLAT,+0.0,+0.0,4.2,+0.00,0.00,SLOW,4414.34,4414.34,4414.34,4414.34,0.00,0.00,0.0,BULLISH,0.0,4414.34,4414.34,4414.34,4414.34,58,CLEARED_>=20s,1.0,0.0,0.0,0.0,0.0,0.0,0.0,PASS_<20%,0.00,0.0,NO,STANDBY_VEL_LOW,0,0.00,4590.00,78.36,FALSE,M1_DIRECTION_MISMATCH
2026-09-07 15:55:59.070,1788796559.071,9981,118,118,4414.34,4414.42,8.0,PASS_<=10c,+0.0,FLAT,+0.0,+0.0,4.2,+0.00,0.00,SLOW,4414.34,4414.34,4414.34,4414.34,0.00,0.00,0.0,BULLISH,0.0,4414.34,4414.34,4414.34,4414.34,59,CLEARED_>=20s,1.0,0.0,0.0,0.0,0.0,0.0,0.0,PASS_<20%,0.00,0.0,NO,STANDBY_VEL_LOW,0,0.00,4590.00,78.36,FALSE,M1_DIRECTION_MISMATCH
2026-09-07 15:55:59.571,1788796559.571,9982,119,119,4414.34,4414.42,8.0,PASS_<=10c,+0.0,FLAT,+0.0,+0.0,4.2,+0.00,0.00,SLOW,4414.34,4414.34,4414.34,4414.34,0.00,0.00,0.0,BULLISH,0.0,4414.34,4414.34,4414.34,4414.34,59,CLEARED_>=20s,1.0,0.0,0.0,0.0,0.0,0.0,0.0,PASS_<20%,0.00,0.0,NO,STANDBY_VEL_LOW,0,0.00,4590.00,78.36,FALSE,M1_DIRECTION_MISMATCH
2026-09-07 15:56:00.073,1788796560.074,9983,1,120,4414.34,4414.42,8.0,PASS_<=10c,+0.0,FLAT,+0.0,+0.0,4.2,+0.00,0.00,SLOW,4414.34,4414.34,4414.34,4414.34,0.00,0.00,0.0,BULLISH,0.0,4414.34,4414.34,4414.34,4414.34,0,ACTIVE_0s,1.0,0.0,0.0,0.0,0.0,0.0,0.0,PASS_<20%,0.00,0.0,NO,STANDBY_VEL_LOW,0,0.00,4590.00,78.36,FALSE,M1_DIRECTION_MISMATCH|OPENING_SHIELD_ACTIVE_0s
2026-09-07 15:56:00.576,1788796560.576,9984,2,121,4414.34,4414.42,8.0,PASS_<=10c,+0.0,FLAT,+0.0,+0.0,4.2,+0.00,0.00,SLOW,4414.34,4414.34,4414.34,4414.34,0.00,0.00,0.0,BULLISH,0.0,4414.34,4414.34,4414.34,4414.34,0,ACTIVE_0s,1.0,0.0,0.0,0.0,0.0,0.0,0.0,PASS_<20%,0.00,0.0,NO,STANDBY_VEL_LOW,0,0.00,4590.00,78.36,FALSE,M1_DIRECTION_MISMATCH|OPENING_SHIELD_ACTIVE_0s
2026-09-07 15:56:01.077,1788796561.077,9985,3,122,4414.34,4414.42,8.0,PASS_<=10c,+0.0,FLAT,+0.0,+0.0,4.2,+0.00,0.00,SLOW,4414.34,4414.34,4414.34,4414.34,0.00,0.00,0.0,BULLISH,0.0,4414.34,4414.34,4414.34,4414.34,1,ACTIVE_1s,1.0,0.0,0.0,0.0,0.0,0.0,0.0,PASS_<20%,0.00,0.0,NO,STANDBY_VEL_LOW,0,0.00,4590.00,78.36,FALSE,M1_DIRECTION_MISMATCH|OPENING_SHIELD_ACTIVE_1s
2026-09-07 15:56:01.579,1788796561.579,9986,4,123,4414.34,4414.42,8.0,PASS_<=10c,+0.0,FLAT,+0.0,+0.0,4.2,+0.00,0.00,SLOW,4414.34,4414.34,4414.34,4414.34,0.00,0.00,0.0,BULLISH,0.0,4414.34,4414.34,4414.34,4414.34,1,ACTIVE_1s,1.0,0.0,0.0,0.0,0.0,0.0,0.0,PASS_<20%,0.00,0.0,NO,STANDBY_VEL_LOW,0,0.00,4590.00,78.36,FALSE,M1_DIRECTION_MISMATCH|OPENING_SHIELD_ACTIVE_1s
2026-09-07 15:56:02.080,1788796562.081,9987,5,124,4414.34,4414.42,8.0,PASS_<=10c,+0.0,FLAT,+0.0,+0.0,4.2,+0.00,0.00,SLOW,4414.34,4414.34,4414.34,4414.34,0.00,0.00,0.0,BULLISH,0.0,4414.34,4414.34,4414.34,4414.34,2,ACTIVE_2s,1.0,0.0,0.0,0.0,0.0,0.0,0.0,PASS_<20%,0.00,0.0,NO,STANDBY_VEL_LOW,0,0.00,4590.00,78.36,FALSE,M1_DIRECTION_MISMATCH|OPENING_SHIELD_ACTIVE_2s
2026-09-07 15:56:02.583,1788796562.583,9988,6,125,4414.34,4414.42,8.0,PASS_<=10c,+0.0,FLAT,+0.0,+0.0,4.2,+0.00,0.00,SLOW,4414.34,4414.34,4414.34,4414.34,0.00,0.00,0.0,BULLISH,0.0,4414.34,4414.34,4414.34,4414.34,2,ACTIVE_2s,1.0,0.0,0.0,0.0,0.0,0.0,0.0,PASS_<20%,0.00,0.0,NO,STANDBY_VEL_LOW,0,0.00,4590.00,78.36,FALSE,M1_DIRECTION_MISMATCH|OPENING_SHIELD_ACTIVE_2s
2026-09-07 15:56:03.084,1788796563.085,9989,7,126,4414.34,4414.42,8.0,PASS_<=10c,+0.0,FLAT,+0.0,+0.0,4.2,+0.00,0.00,SLOW,4414.34,4414.34,4414.34,4414.34,0.00,0.00,0.0,BULLISH,0.0,4414.34,4414.34,4414.34,4414.34,3,ACTIVE_3s,1.0,0.0,0.0,0.0,0.0,0.0,0.0,PASS_<20%,0.00,0.0,NO,STANDBY_VEL_LOW,0,0.00,4590.00,78.36,FALSE,M1_DIRECTION_MISMATCH|OPENING_SHIELD_ACTIVE_3s
2026-09-07 15:56:03.587,1788796563.587,9990,8,127,4414.34,4414.42,8.0,PASS_<=10c,+0.0,FLAT,+0.0,+0.0,4.2,+0.00,0.00,SLOW,4414.34,4414.34,4414.34,4414.34,0.00,0.00,0.0,BULLISH,0.0,4414.34,4414.34,4414.34,4414.34,3,ACTIVE_3s,1.0,0.0,0.0,0.0,0.0,0.0,0.0,PASS_<20%,0.00,0.0,NO,STANDBY_VEL_LOW,0,0.00,4590.00,78.36,FALSE,M1_DIRECTION_MISMATCH|OPENING_SHIELD_ACTIVE_3s
2026-09-07 15:56:04.087,1788796564.088,9991,9,128,4414.34,4414.42,8.0,PASS_<=10c,+0.0,FLAT,+0.0,+0.0,4.2,+0.00,0.00,SLOW,4414.34,4414.34,4414.34,4414.34,0.00,0.00,0.0,BULLISH,0.0,4414.34,4414.34,4414.34,4414.34,4,ACTIVE_4s,1.0,0.0,0.0,0.0,0.0,0.0,0.0,PASS_<20%,0.00,0.0,NO,STANDBY_VEL_LOW,0,0.00,4590.00,78.36,FALSE,M1_DIRECTION_MISMATCH|OPENING_SHIELD_ACTIVE_4s
2026-09-07 15:56:04.589,1788796564.590,9992,10,129,4414.34,4414.42,8.0,PASS_<=10c,+0.0,FLAT,+0.0,+0.0,4.2,+0.00,0.00,SLOW,4414.34,4414.34,4414.34,4414.34,0.00,0.00,0.0,BULLISH,0.0,4414.34,4414.34,4414.34,4414.34,4,ACTIVE_4s,1.0,0.0,0.0,0.0,0.0,0.0,0.0,PASS_<20%,0.00,0.0,NO,STANDBY_VEL_LOW,0,0.00,4590.00,78.36,FALSE,M1_DIRECTION_MISMATCH|OPENING_SHIELD_ACTIVE_4s
2026-09-07 15:56:05.091,1788796565.092,9993,11,130,4414.34,4414.42,8.0,PASS_<=10c,+0.0,FLAT,+0.0,+0.0,4.2,+0.00,0.00,SLOW,4414.34,4414.34,4414.34,4414.34,0.00,0.00,0.0,BULLISH,0.0,4414.34,4414.34,4414.34,4414.34,5,ACTIVE_5s,1.0,0.0,0.0,0.0,0.0,0.0,0.0,PASS_<20%,0.00,0.0,NO,STANDBY_VEL_LOW,0,0.00,4590.00,78.36,FALSE,M1_DIRECTION_MISMATCH|OPENING_SHIELD_ACTIVE_5s
2026-09-07 15:56:05.593,1788796565.593,9994,12,131,4414.34,4414.42,8.0,PASS_<=10c,+0.0,FLAT,+0.0,+0.0,4.2,+0.00,0.00,SLOW,4414.34,4414.34,4414.34,4414.34,0.00,0.00,0.0,BULLISH,0.0,4414.34,4414.34,4414.34,4414.34,5,ACTIVE_5s,1.0,0.0,0.0,0.0,0.0,0.0,0.0,PASS_<20%,0.00,0.0,NO,STANDBY_VEL_LOW,0,0.00,4590.00,78.36,FALSE,M1_DIRECTION_MISMATCH|OPENING_SHIELD_ACTIVE_5s
2026-09-07 15:56:06.094,1788796566.094,9995,13,132,4414.34,4414.42,8.0,PASS_<=10c,+0.0,FLAT,+0.0,+0.0,4.2,+0.00,0.00,SLOW,4414.34,4414.34,4414.34,4414.34,0.00,0.00,0.0,BULLISH,0.0,4414.34,4414.34,4414.34,4414.34,6,ACTIVE_6s,1.0,0.0,0.0,0.0,0.0,0.0,0.0,PASS_<20%,0.00,0.0,NO,STANDBY_VEL_LOW,0,0.00,4590.00,78.36,FALSE,M1_DIRECTION_MISMATCH|OPENING_SHIELD_ACTIVE_6s
2026-09-07 15:56:06.595,1788796566.596,9996,14,133,4414.34,4414.42,8.0,PASS_<=10c,+0.0,FLAT,+0.0,+0.0,4.2,+0.00,0.00,SLOW,4414.34,4414.34,4414.34,4414.34,0.00,0.00,0.0,BULLISH,0.0,4414.34,4414.34,4414.34,4414.34,6,ACTIVE_6s,1.0,0.0,0.0,0.0,0.0,0.0,0.0,PASS_<20%,0.00,0.0,NO,STANDBY_VEL_LOW,0,0.00,4590.00,78.36,FALSE,M1_DIRECTION_MISMATCH|OPENING_SHIELD_ACTIVE_6s
2026-09-07 15:56:07.097,1788796567.098,9997,15,134,4414.34,4414.42,8.0,PASS_<=10c,+0.0,FLAT,+0.0,+0.0,4.2,+0.00,0.00,SLOW,4414.34,4414.34,4414.34,4414.34,0.00,0.00,0.0,BULLISH,0.0,4414.34,4414.34,4414.34,4414.34,7,ACTIVE_7s,1.0,0.0,0.0,0.0,0.0,0.0,0.0,PASS_<20%,0.00,0.0,NO,STANDBY_VEL_LOW,0,0.00,4590.00,78.36,FALSE,M1_DIRECTION_MISMATCH|OPENING_SHIELD_ACTIVE_7s
2026-09-07 15:56:07.599,1788796567.599,9998,16,135,4414.34,4414.42,8.0,PASS_<=10c,+0.0,FLAT,+0.0,+0.0,4.2,+0.00,0.00,SLOW,4414.34,4414.34,4414.34,4414.34,0.00,0.00,0.0,BULLISH,0.0,4414.34,4414.34,4414.34,4414.34,7,ACTIVE_7s,1.0,0.0,0.0,0.0,0.0,0.0,0.0,PASS_<20%,0.00,0.0,NO,STANDBY_VEL_LOW,0,0.00,4590.00,78.36,FALSE,M1_DIRECTION_MISMATCH|OPENING_SHIELD_ACTIVE_7s
2026-09-07 15:56:08.100,1788796568.100,9999,17,136,4414.34,4414.42,8.0,PASS_<=10c,+0.0,FLAT,+0.0,+0.0,4.2,+0.00,0.00,SLOW,4414.34,4414.34,4414.34,4414.34,0.00,0.00,0.0,BULLISH,0.0,4414.34,4414.34,4414.34,4414.34,8,ACTIVE_8s,1.0,0.0,0.0,0.0,0.0,0.0,0.0,PASS_<20%,0.00,0.0,NO,STANDBY_VEL_LOW,0,0.00,4590.00,78.36,FALSE,M1_DIRECTION_MISMATCH|OPENING_SHIELD_ACTIVE_8s
2026-09-07 15:56:08.602,1788796568.602,10000,18,137,4414.34,4414.42,8.0,PASS_<=10c,+0.0,FLAT,+0.0,+0.0,4.2,+0.00,0.00,SLOW,4414.34,4414.34,4414.34,4414.34,0.00,0.00,0.0,BULLISH,0.0,4414.34,4414.34,4414.34,4414.34,8,ACTIVE_8s,1.0,0.0,0.0,0.0,0.0,0.0,0.0,PASS_<20%,0.00,0.0,NO,STANDBY_VEL_LOW,0,0.00,4590.00,78.36,FALSE,M1_DIRECTION_MISMATCH|OPENING_SHIELD_ACTIVE_8s
2026-09-07 15:56:09.102,1788796569.103,10001,19,138,4414.34,4414.42,8.0,PASS_<=10c,+0.0,FLAT,+0.0,+0.0,4.2,+0.00,0.00,SLOW,4414.34,4414.34,4414.34,4414.34,0.00,0.00,0.0,BULLISH,0.0,4414.34,4414.34,4414.34,4414.34,9,ACTIVE_9s,1.0,0.0,0.0,0.0,0.0,0.0,0.0,PASS_<20%,0.00,0.0,NO,STANDBY_VEL_LOW,0,0.00,4590.00,78.36,FALSE,M1_DIRECTION_MISMATCH|OPENING_SHIELD_ACTIVE_9s
2026-09-07 15:56:09.606,1788796569.606,10002,20,139,4414.34,4414.42,8.0,PASS_<=10c,+0.0,FLAT,+0.0,+0.0,4.2,+0.00,0.00,SLOW,4414.34,4414.34,4414.34,4414.34,0.00,0.00,0.0,BULLISH,0.0,4414.34,4414.34,4414.34,4414.34,9,ACTIVE_9s,1.0,0.0,0.0,0.0,0.0,0.0,0.0,PASS_<20%,0.00,0.0,NO,STANDBY_VEL_LOW,0,0.00,4590.00,78.36,FALSE,M1_DIRECTION_MISMATCH|OPENING_SHIELD_ACTIVE_9s
2026-09-07 15:56:10.107,1788796570.108,10003,21,140,4414.34,4414.42,8.0,PASS_<=10c,+0.0,FLAT,+0.0,+0.0,4.2,+0.00,0.00,SLOW,4414.34,4414.34,4414.34,4414.34,0.00,0.00,0.0,BULLISH,0.0,4414.34,4414.34,4414.34,4414.34,10,ACTIVE_10s,1.0,0.0,0.0,0.0,0.0,0.0,0.0,PASS_<20%,0.00,0.0,NO,STANDBY_VEL_LOW,0,0.00,4590.00,78.36,FALSE,M1_DIRECTION_MISMATCH|OPENING_SHIELD_ACTIVE_10s
2026-09-07 15:56:10.609,1788796570.609,10004,22,141,4414.34,4414.42,8.0,PASS_<=10c,+0.0,FLAT,+0.0,+0.0,4.2,+0.00,0.00,SLOW,4414.34,4414.34,4414.34,4414.34,0.00,0.00,0.0,BULLISH,0.0,4414.34,4414.34,4414.34,4414.34,10,ACTIVE_10s,1.0,0.0,0.0,0.0,0.0,0.0,0.0,PASS_<20%,0.00,0.0,NO,STANDBY_VEL_LOW,0,0.00,4590.00,78.36,FALSE,M1_DIRECTION_MISMATCH|OPENING_SHIELD_ACTIVE_10s
2026-09-07 15:56:11.111,1788796571.111,10005,23,142,4414.34,4414.42,8.0,PASS_<=10c,+0.0,FLAT,+0.0,+0.0,4.2,+0.00,0.00,SLOW,4414.34,4414.34,4414.34,4414.34,0.00,0.00,0.0,BULLISH,0.0,4414.34,4414.34,4414.34,4414.34,11,ACTIVE_11s,1.0,0.0,0.0,0.0,0.0,0.0,0.0,PASS_<20%,0.00,0.0,NO,STANDBY_VEL_LOW,0,0.00,4590.00,78.36,FALSE,M1_DIRECTION_MISMATCH|OPENING_SHIELD_ACTIVE_11s
2026-09-07 15:56:11.612,1788796571.612,10006,24,143,4414.34,4414.42,8.0,PASS_<=10c,+0.0,FLAT,+0.0,+0.0,4.2,+0.00,0.00,SLOW,4414.34,4414.34,4414.34,4414.34,0.00,0.00,0.0,BULLISH,0.0,4414.34,4414.34,4414.34,4414.34,11,ACTIVE_11s,1.0,0.0,0.0,0.0,0.0,0.0,0.0,PASS_<20%,0.00,0.0,NO,STANDBY_VEL_LOW,0,0.00,4590.00,78.36,FALSE,M1_DIRECTION_MISMATCH|OPENING_SHIELD_ACTIVE_11s
2026-09-07 15:56:12.114,1788796572.114,10007,25,144,4414.34,4414.42,8.0,PASS_<=10c,+0.0,FLAT,+0.0,+0.0,4.2,+0.00,0.00,SLOW,4414.34,4414.34,4414.34,4414.34,0.00,0.00,0.0,BULLISH,0.0,4414.34,4414.34,4414.34,4414.34,12,ACTIVE_12s,1.0,0.0,0.0,0.0,0.0,0.0,0.0,PASS_<20%,0.00,0.0,NO,STANDBY_VEL_LOW,0,0.00,4590.00,78.36,FALSE,M1_DIRECTION_MISMATCH|OPENING_SHIELD_ACTIVE_12s
2026-09-07 15:56:12.616,1788796572.616,10008,26,145,4414.34,4414.42,8.0,PASS_<=10c,+0.0,FLAT,+0.0,+0.0,4.2,+0.00,0.00,SLOW,4414.34,4414.34,4414.34,4414.34,0.00,0.00,0.0,BULLISH,0.0,4414.34,4414.34,4414.34,4414.34,12,ACTIVE_12s,1.0,0.0,0.0,0.0,0.0,0.0,0.0,PASS_<20%,0.00,0.0,NO,STANDBY_VEL_LOW,0,0.00,4590.00,78.36,FALSE,M1_DIRECTION_MISMATCH|OPENING_SHIELD_ACTIVE_12s
2026-09-07 15:56:13.118,1788796573.118,10009,27,146,4414.34,4414.42,8.0,PASS_<=10c,+0.0,FLAT,+0.0,+0.0,4.2,+0.00,0.00,SLOW,4414.34,4414.34,4414.34,4414.34,0.00,0.00,0.0,BULLISH,0.0,4414.34,4414.34,4414.34,4414.34,13,ACTIVE_13s,1.0,0.0,0.0,0.0,0.0,0.0,0.0,PASS_<20%,0.00,0.0,NO,STANDBY_VEL_LOW,0,0.00,4590.00,78.36,FALSE,M1_DIRECTION_MISMATCH|OPENING_SHIELD_ACTIVE_13s
2026-09-07 15:56:13.619,1788796573.619,10010,28,147,4414.34,4414.42,8.0,PASS_<=10c,+0.0,FLAT,+0.0,+0.0,4.2,+0.00,0.00,SLOW,4414.34,4414.34,4414.34,4414.34,0.00,0.00,0.0,BULLISH,0.0,4414.34,4414.34,4414.34,4414.34,13,ACTIVE_13s,1.0,0.0,0.0,0.0,0.0,0.0,0.0,PASS_<20%,0.00,0.0,NO,STANDBY_VEL_LOW,0,0.00,4590.00,78.36,FALSE,M1_DIRECTION_MISMATCH|OPENING_SHIELD_ACTIVE_13s
2026-09-07 15:56:14.122,1788796574.122,10011,29,148,4414.34,4414.42,8.0,PASS_<=10c,+0.0,FLAT,+0.0,+0.0,4.2,+0.00,0.00,SLOW,4414.34,4414.34,4414.34,4414.34,0.00,0.00,0.0,BULLISH,0.0,4414.34,4414.34,4414.34,4414.34,14,ACTIVE_14s,1.0,0.0,0.0,0.0,0.0,0.0,0.0,PASS_<20%,0.00,0.0,NO,STANDBY_VEL_LOW,0,0.00,4590.00,78.36,FALSE,M1_DIRECTION_MISMATCH|OPENING_SHIELD_ACTIVE_14s
2026-09-07 15:56:14.623,1788796574.624,10012,30,149,4414.34,4414.42,8.0,PASS_<=10c,+0.0,FLAT,+0.0,+0.0,4.2,+0.00,0.00,SLOW,4414.34,4414.34,4414.34,4414.34,0.00,0.00,0.0,BULLISH,0.0,4414.34,4414.34,4414.34,4414.34,14,ACTIVE_14s,1.0,0.0,0.0,0.0,0.0,0.0,0.0,PASS_<20%,0.00,0.0,NO,STANDBY_VEL_LOW,0,0.00,4590.00,78.36,FALSE,M1_DIRECTION_MISMATCH|OPENING_SHIELD_ACTIVE_14s
2026-09-07 15:56:15.124,1788796575.125,10013,31,150,4414.34,4414.42,8.0,PASS_<=10c,+0.0,FLAT,+0.0,+0.0,4.2,+0.00,0.00,SLOW,4414.34,4414.34,4414.34,4414.34,0.00,0.00,0.0,BULLISH,0.0,4414.34,4414.34,4414.34,4414.34,15,ACTIVE_15s,1.0,0.0,0.0,0.0,0.0,0.0,0.0,PASS_<20%,0.00,0.0,NO,STANDBY_VEL_LOW,0,0.00,4590.00,78.36,FALSE,M1_DIRECTION_MISMATCH|OPENING_SHIELD_ACTIVE_15s
2026-09-07 15:56:15.625,1788796575.625,10014,32,151,4414.34,4414.42,8.0,PASS_<=10c,+0.0,FLAT,+0.0,+0.0,4.2,+0.00,0.00,SLOW,4414.34,4414.34,4414.34,4414.34,0.00,0.00,0.0,BULLISH,0.0,4414.34,4414.34,4414.34,4414.34,15,ACTIVE_15s,1.0,0.0,0.0,0.0,0.0,0.0,0.0,PASS_<20%,0.00,0.0,NO,STANDBY_VEL_LOW,0,0.00,4590.00,78.36,FALSE,M1_DIRECTION_MISMATCH|OPENING_SHIELD_ACTIVE_15s
2026-09-07 15:56:16.127,1788796576.127,10015,33,152,4414.34,4414.42,8.0,PASS_<=10c,+0.0,FLAT,+0.0,+0.0,4.2,+0.00,0.00,SLOW,4414.34,4414.34,4414.34,4414.34,0.00,0.00,0.0,BULLISH,0.0,4414.34,4414.34,4414.34,4414.34,16,ACTIVE_16s,1.0,0.0,0.0,0.0,0.0,0.0,0.0,PASS_<20%,0.00,0.0,NO,STANDBY_VEL_LOW,0,0.00,4590.00,78.36,FALSE,M1_DIRECTION_MISMATCH|OPENING_SHIELD_ACTIVE_16s
2026-09-07 15:56:16.628,1788796576.629,10016,34,153,4414.34,4414.42,8.0,PASS_<=10c,+0.0,FLAT,+0.0,+0.0,4.2,+0.00,0.00,SLOW,4414.34,4414.34,4414.34,4414.34,0.00,0.00,0.0,BULLISH,0.0,4414.34,4414.34,4414.34,4414.34,16,ACTIVE_16s,1.0,0.0,0.0,0.0,0.0,0.0,0.0,PASS_<20%,0.00,0.0,NO,STANDBY_VEL_LOW,0,0.00,4590.00,78.36,FALSE,M1_DIRECTION_MISMATCH|OPENING_SHIELD_ACTIVE_16s
2026-09-07 15:56:17.130,1788796577.130,10017,35,154,4414.34,4414.42,8.0,PASS_<=10c,+0.0,FLAT,+0.0,+0.0,4.2,+0.00,0.00,SLOW,4414.34,4414.34,4414.34,4414.34,0.00,0.00,0.0,BULLISH,0.0,4414.34,4414.34,4414.34,4414.34,17,ACTIVE_17s,1.0,0.0,0.0,0.0,0.0,0.0,0.0,PASS_<20%,0.00,0.0,NO,STANDBY_VEL_LOW,0,0.00,4590.00,78.36,FALSE,M1_DIRECTION_MISMATCH|OPENING_SHIELD_ACTIVE_17s
2026-09-07 15:56:17.631,1788796577.631,10018,36,155,4414.34,4414.42,8.0,PASS_<=10c,+0.0,FLAT,+0.0,+0.0,4.2,+0.00,0.00,SLOW,4414.34,4414.34,4414.34,4414.34,0.00,0.00,0.0,BULLISH,0.0,4414.34,4414.34,4414.34,4414.34,17,ACTIVE_17s,1.0,0.0,0.0,0.0,0.0,0.0,0.0,PASS_<20%,0.00,0.0,NO,STANDBY_VEL_LOW,0,0.00,4590.00,78.36,FALSE,M1_DIRECTION_MISMATCH|OPENING_SHIELD_ACTIVE_17s
2026-09-07 15:56:18.132,1788796578.133,10019,37,156,4414.34,4414.42,8.0,PASS_<=10c,+0.0,FLAT,+0.0,+0.0,4.2,+0.00,0.00,SLOW,4414.34,4414.34,4414.34,4414.34,0.00,0.00,0.0,BULLISH,0.0,4414.34,4414.34,4414.34,4414.34,18,ACTIVE_18s,1.0,0.0,0.0,0.0,0.0,0.0,0.0,PASS_<20%,0.00,0.0,NO,STANDBY_VEL_LOW,0,0.00,4590.00,78.36,FALSE,M1_DIRECTION_MISMATCH|OPENING_SHIELD_ACTIVE_18s
2026-09-07 15:56:18.634,1788796578.634,10020,38,157,4414.34,4414.42,8.0,PASS_<=10c,+0.0,FLAT,+0.0,+0.0,4.2,+0.00,0.00,SLOW,4414.34,4414.34,4414.34,4414.34,0.00,0.00,0.0,BULLISH,0.0,4414.34,4414.34,4414.34,4414.34,18,ACTIVE_18s,1.0,0.0,0.0,0.0,0.0,0.0,0.0,PASS_<20%,0.00,0.0,NO,STANDBY_VEL_LOW,0,0.00,4590.00,78.36,FALSE,M1_DIRECTION_MISMATCH|OPENING_SHIELD_ACTIVE_18s
2026-09-07 15:56:19.135,1788796579.136,10021,39,158,4414.34,4414.42,8.0,PASS_<=10c,+0.0,FLAT,+0.0,+0.0,4.2,+0.00,0.00,SLOW,4414.34,4414.34,4414.34,4414.34,0.00,0.00,0.0,BULLISH,0.0,4414.34,4414.34,4414.34,4414.34,19,ACTIVE_19s,1.0,0.0,0.0,0.0,0.0,0.0,0.0,PASS_<20%,0.00,0.0,NO,STANDBY_VEL_LOW,0,0.00,4590.00,78.36,FALSE,M1_DIRECTION_MISMATCH|OPENING_SHIELD_ACTIVE_19s
2026-09-07 15:56:19.638,1788796579.639,10022,40,159,4414.34,4414.42,8.0,PASS_<=10c,+0.0,FLAT,+0.0,+0.0,4.2,+0.00,0.00,SLOW,4414.34,4414.34,4414.34,4414.34,0.00,0.00,0.0,BULLISH,0.0,4414.34,4414.34,4414.34,4414.34,19,ACTIVE_19s,1.0,0.0,0.0,0.0,0.0,0.0,0.0,PASS_<20%,0.00,0.0,NO,STANDBY_VEL_LOW,0,0.00,4590.00,78.36,FALSE,M1_DIRECTION_MISMATCH|OPENING_SHIELD_ACTIVE_19s
2026-09-07 15:56:20.141,1788796580.141,10023,41,160,4414.34,4414.42,8.0,PASS_<=10c,+0.0,FLAT,+0.0,+0.0,4.2,+0.00,0.00,SLOW,4414.34,4414.34,4414.34,4414.34,0.00,0.00,0.0,BULLISH,0.0,4414.34,4414.34,4414.34,4414.34,20,CLEARED_>=20s,1.0,0.0,0.0,0.0,0.0,0.0,0.0,PASS_<20%,0.00,0.0,NO,STANDBY_VEL_LOW,0,0.00,4590.00,78.36,FALSE,M1_DIRECTION_MISMATCH
2026-09-07 15:56:20.643,1788796580.643,10024,42,161,4414.34,4414.42,8.0,PASS_<=10c,+0.0,FLAT,+0.0,+0.0,4.2,+0.00,0.00,SLOW,4414.34,4414.34,4414.34,4414.34,0.00,0.00,0.0,BULLISH,0.0,4414.34,4414.34,4414.34,4414.34,20,CLEARED_>=20s,1.0,0.0,0.0,0.0,0.0,0.0,0.0,PASS_<20%,0.00,0.0,NO,STANDBY_VEL_LOW,0,0.00,4590.00,78.36,FALSE,M1_DIRECTION_MISMATCH
2026-09-07 15:56:21.144,1788796581.145,10025,43,162,4414.34,4414.42,8.0,PASS_<=10c,+0.0,FLAT,+0.0,+0.0,4.2,+0.00,0.00,SLOW,4414.34,4414.34,4414.34,4414.34,0.00,0.00,0.0,BULLISH,0.0,4414.34,4414.34,4414.34,4414.34,21,CLEARED_>=20s,1.0,0.0,0.0,0.0,0.0,0.0,0.0,PASS_<20%,0.00,0.0,NO,STANDBY_VEL_LOW,0,0.00,4590.00,78.36,FALSE,M1_DIRECTION_MISMATCH
2026-09-07 15:56:21.647,1788796581.647,10026,44,163,4414.34,4414.42,8.0,PASS_<=10c,+0.0,FLAT,+0.0,+0.0,4.2,+0.00,0.00,SLOW,4414.34,4414.34,4414.34,4414.34,0.00,0.00,0.0,BULLISH,0.0,4414.34,4414.34,4414.34,4414.34,21,CLEARED_>=20s,1.0,0.0,0.0,0.0,0.0,0.0,0.0,PASS_<20%,0.00,0.0,NO,STANDBY_VEL_LOW,0,0.00,4590.00,78.36,FALSE,M1_DIRECTION_MISMATCH
2026-09-07 15:56:22.149,1788796582.149,10027,45,164,4414.34,4414.42,8.0,PASS_<=10c,+0.0,FLAT,+0.0,+0.0,4.2,+0.00,0.00,SLOW,4414.34,4414.34,4414.34,4414.34,0.00,0.00,0.0,BULLISH,0.0,4414.34,4414.34,4414.34,4414.34,22,CLEARED_>=20s,1.0,0.0,0.0,0.0,0.0,0.0,0.0,PASS_<20%,0.00,0.0,NO,STANDBY_VEL_LOW,0,0.00,4590.00,78.36,FALSE,M1_DIRECTION_MISMATCH
2026-09-07 15:56:22.651,1788796582.652,10028,46,165,4414.34,4414.42,8.0,PASS_<=10c,+0.0,FLAT,+0.0,+0.0,4.2,+0.00,0.00,SLOW,4414.34,4414.34,4414.34,4414.34,0.00,0.00,0.0,BULLISH,0.0,4414.34,4414.34,4414.34,4414.34,22,CLEARED_>=20s,1.0,0.0,0.0,0.0,0.0,0.0,0.0,PASS_<20%,0.00,0.0,NO,STANDBY_VEL_LOW,0,0.00,4590.00,78.36,FALSE,M1_DIRECTION_MISMATCH
2026-09-07 15:56:23.153,1788796583.154,10029,47,166,4414.34,4414.42,8.0,PASS_<=10c,+0.0,FLAT,+0.0,+0.0,4.2,+0.00,0.00,SLOW,4414.34,4414.34,4414.34,4414.34,0.00,0.00,0.0,BULLISH,0.0,4414.34,4414.34,4414.34,4414.34,23,CLEARED_>=20s,1.0,0.0,0.0,0.0,0.0,0.0,0.0,PASS_<20%,0.00,0.0,NO,STANDBY_VEL_LOW,0,0.00,4590.00,78.36,FALSE,M1_DIRECTION_MISMATCH
2026-09-07 15:56:23.655,1788796583.656,10030,48,167,4414.34,4414.42,8.0,PASS_<=10c,+0.0,FLAT,+0.0,+0.0,4.2,+0.00,0.00,SLOW,4414.34,4414.34,4414.34,4414.34,0.00,0.00,0.0,BULLISH,0.0,4414.34,4414.34,4414.34,4414.34,23,CLEARED_>=20s,1.0,0.0,0.0,0.0,0.0,0.0,0.0,PASS_<20%,0.00,0.0,NO,STANDBY_VEL_LOW,0,0.00,4590.00,78.36,FALSE,M1_DIRECTION_MISMATCH
2026-09-07 15:56:24.171,1788796584.172,10031,49,168,4414.34,4414.42,8.0,PASS_<=10c,+0.0,FLAT,+0.0,+0.0,4.2,+0.00,0.00,SLOW,4414.34,4414.34,4414.34,4414.34,0.00,0.00,0.0,BULLISH,0.0,4414.34,4414.34,4414.34,4414.34,24,CLEARED_>=20s,1.0,0.0,0.0,0.0,0.0,0.0,0.0,PASS_<20%,0.00,0.0,NO,STANDBY_VEL_LOW,0,0.00,4590.00,78.36,FALSE,M1_DIRECTION_MISMATCH
2026-09-07 15:56:24.665,1788796584.666,10032,50,169,4414.34,4414.42,8.0,PASS_<=10c,+0.0,FLAT,+0.0,+0.0,4.2,+0.00,0.00,SLOW,4414.34,4414.34,4414.34,4414.34,0.00,0.00,0.0,BULLISH,0.0,4414.34,4414.34,4414.34,4414.34,24,CLEARED_>=20s,1.0,0.0,0.0,0.0,0.0,0.0,0.0,PASS_<20%,0.00,0.0,NO,STANDBY_VEL_LOW,0,0.00,4590.00,78.36,FALSE,M1_DIRECTION_MISMATCH
2026-09-07 15:56:25.167,1788796585.167,10033,51,170,4414.34,4414.42,8.0,PASS_<=10c,+0.0,FLAT,+0.0,+0.0,4.2,+0.00,0.00,SLOW,4414.34,4414.34,4414.34,4414.34,0.00,0.00,0.0,BULLISH,0.0,4414.34,4414.34,4414.34,4414.34,25,CLEARED_>=20s,1.0,0.0,0.0,0.0,0.0,0.0,0.0,PASS_<20%,0.00,0.0,NO,STANDBY_VEL_LOW,0,0.00,4590.00,78.36,FALSE,M1_DIRECTION_MISMATCH
2026-09-07 15:56:25.668,1788796585.668,10034,52,171,4414.34,4414.42,8.0,PASS_<=10c,+0.0,FLAT,+0.0,+0.0,4.2,+0.00,0.00,SLOW,4414.34,4414.34,4414.34,4414.34,0.00,0.00,0.0,BULLISH,0.0,4414.34,4414.34,4414.34,4414.34,25,CLEARED_>=20s,1.0,0.0,0.0,0.0,0.0,0.0,0.0,PASS_<20%,0.00,0.0,NO,STANDBY_VEL_LOW,0,0.00,4590.00,78.36,FALSE,M1_DIRECTION_MISMATCH
2026-09-07 15:56:26.169,1788796586.170,10035,53,172,4414.34,4414.42,8.0,PASS_<=10c,+0.0,FLAT,+0.0,+0.0,4.2,+0.00,0.00,SLOW,4414.34,4414.34,4414.34,4414.34,0.00,0.00,0.0,BULLISH,0.0,4414.34,4414.34,4414.34,4414.34,26,CLEARED_>=20s,1.0,0.0,0.0,0.0,0.0,0.0,0.0,PASS_<20%,0.00,0.0,NO,STANDBY_VEL_LOW,0,0.00,4590.00,78.36,FALSE,M1_DIRECTION_MISMATCH
2026-09-07 15:56:26.670,1788796586.670,10036,54,173,4414.34,4414.42,8.0,PASS_<=10c,+0.0,FLAT,+0.0,+0.0,4.2,+0.00,0.00,SLOW,4414.34,4414.34,4414.34,4414.34,0.00,0.00,0.0,BULLISH,0.0,4414.34,4414.34,4414.34,4414.34,26,CLEARED_>=20s,1.0,0.0,0.0,0.0,0.0,0.0,0.0,PASS_<20%,0.00,0.0,NO,STANDBY_VEL_LOW,0,0.00,4590.00,78.36,FALSE,M1_DIRECTION_MISMATCH
2026-09-07 15:56:27.172,1788796587.172,10037,55,174,4414.34,4414.42,8.0,PASS_<=10c,+0.0,FLAT,+0.0,+0.0,4.2,+0.00,0.00,SLOW,4414.34,4414.34,4414.34,4414.34,0.00,0.00,0.0,BULLISH,0.0,4414.34,4414.34,4414.34,4414.34,27,CLEARED_>=20s,1.0,0.0,0.0,0.0,0.0,0.0,0.0,PASS_<20%,0.00,0.0,NO,STANDBY_VEL_LOW,0,0.00,4590.00,78.36,FALSE,M1_DIRECTION_MISMATCH
2026-09-07 15:56:27.673,1788796587.673,10038,56,175,4414.34,4414.42,8.0,PASS_<=10c,+0.0,FLAT,+0.0,+0.0,4.2,+0.00,0.00,SLOW,4414.34,4414.34,4414.34,4414.34,0.00,0.00,0.0,BULLISH,0.0,4414.34,4414.34,4414.34,4414.34,27,CLEARED_>=20s,1.0,0.0,0.0,0.0,0.0,0.0,0.0,PASS_<20%,0.00,0.0,NO,STANDBY_VEL_LOW,0,0.00,4590.00,78.36,FALSE,M1_DIRECTION_MISMATCH
2026-09-07 15:56:28.174,1788796588.175,10039,57,176,4414.34,4414.42,8.0,PASS_<=10c,+0.0,FLAT,+0.0,+0.0,4.2,+0.00,0.00,SLOW,4414.34,4414.34,4414.34,4414.34,0.00,0.00,0.0,BULLISH,0.0,4414.34,4414.34,4414.34,4414.34,28,CLEARED_>=20s,1.0,0.0,0.0,0.0,0.0,0.0,0.0,PASS_<20%,0.00,0.0,NO,STANDBY_VEL_LOW,0,0.00,4590.00,78.36,FALSE,M1_DIRECTION_MISMATCH
2026-09-07 15:56:28.676,1788796588.676,10040,58,177,4414.34,4414.42,8.0,PASS_<=10c,+0.0,FLAT,+0.0,+0.0,4.2,+0.00,0.00,SLOW,4414.34,4414.34,4414.34,4414.34,0.00,0.00,0.0,BULLISH,0.0,4414.34,4414.34,4414.34,4414.34,28,CLEARED_>=20s,1.0,0.0,0.0,0.0,0.0,0.0,0.0,PASS_<20%,0.00,0.0,NO,STANDBY_VEL_LOW,0,0.00,4590.00,78.36,FALSE,M1_DIRECTION_MISMATCH
2026-09-07 15:56:29.177,1788796589.177,10041,59,178,4414.34,4414.42,8.0,PASS_<=10c,+0.0,FLAT,+0.0,+0.0,4.2,+0.00,0.00,SLOW,4414.34,4414.34,4414.34,4414.34,0.00,0.00,0.0,BULLISH,0.0,4414.34,4414.34,4414.34,4414.34,29,CLEARED_>=20s,1.0,0.0,0.0,0.0,0.0,0.0,0.0,PASS_<20%,0.00,0.0,NO,STANDBY_VEL_LOW,0,0.00,4590.00,78.36,FALSE,M1_DIRECTION_MISMATCH
2026-09-07 15:56:29.678,1788796589.679,10042,60,179,4414.34,4414.42,8.0,PASS_<=10c,+0.0,FLAT,+0.0,+0.0,4.2,+0.00,0.00,SLOW,4414.34,4414.34,4414.34,4414.34,0.00,0.00,0.0,BULLISH,0.0,4414.34,4414.34,4414.34,4414.34,29,CLEARED_>=20s,1.0,0.0,0.0,0.0,0.0,0.0,0.0,PASS_<20%,0.00,0.0,NO,STANDBY_VEL_LOW,0,0.00,4590.00,78.36,FALSE,M1_DIRECTION_MISMATCH
2026-09-07 15:56:30.179,1788796590.180,10043,61,180,4414.34,4414.42,8.0,PASS_<=10c,+0.0,FLAT,+0.0,+0.0,4.2,+0.00,0.00,SLOW,4414.34,4414.34,4414.34,4414.34,0.00,0.00,0.0,BULLISH,0.0,4414.34,4414.34,4414.34,4414.34,30,CLEARED_>=20s,1.0,0.0,0.0,0.0,0.0,0.0,0.0,PASS_<20%,0.00,0.0,NO,STANDBY_VEL_LOW,0,0.00,4590.00,78.36,FALSE,M1_DIRECTION_MISMATCH
2026-09-07 15:56:30.680,1788796590.681,10044,62,181,4414.34,4414.42,8.0,PASS_<=10c,+0.0,FLAT,+0.0,+0.0,4.2,+0.00,0.00,SLOW,4414.34,4414.34,4414.34,4414.34,0.00,0.00,0.0,BULLISH,0.0,4414.34,4414.34,4414.34,4414.34,30,CLEARED_>=20s,1.0,0.0,0.0,0.0,0.0,0.0,0.0,PASS_<20%,0.00,0.0,NO,STANDBY_VEL_LOW,0,0.00,4590.00,78.36,FALSE,M1_DIRECTION_MISMATCH
2026-09-07 15:56:31.184,1788796591.185,10045,63,182,4414.34,4414.42,8.0,PASS_<=10c,+0.0,FLAT,+0.0,+0.0,4.2,+0.00,0.00,SLOW,4414.34,4414.34,4414.34,4414.34,0.00,0.00,0.0,BULLISH,0.0,4414.34,4414.34,4414.34,4414.34,31,CLEARED_>=20s,1.0,0.0,0.0,0.0,0.0,0.0,0.0,PASS_<20%,0.00,0.0,NO,STANDBY_VEL_LOW,0,0.00,4590.00,78.36,FALSE,M1_DIRECTION_MISMATCH
2026-09-07 15:56:31.685,1788796591.685,10046,64,183,4414.34,4414.42,8.0,PASS_<=10c,+0.0,FLAT,+0.0,+0.0,4.2,+0.00,0.00,SLOW,4414.34,4414.34,4414.34,4414.34,0.00,0.00,0.0,BULLISH,0.0,4414.34,4414.34,4414.34,4414.34,31,CLEARED_>=20s,1.0,0.0,0.0,0.0,0.0,0.0,0.0,PASS_<20%,0.00,0.0,NO,STANDBY_VEL_LOW,0,0.00,4590.00,78.36,FALSE,M1_DIRECTION_MISMATCH
2026-09-07 15:56:32.186,1788796592.186,10047,65,184,4414.34,4414.42,8.0,PASS_<=10c,+0.0,FLAT,+0.0,+0.0,4.2,+0.00,0.00,SLOW,4414.34,4414.34,4414.34,4414.34,0.00,0.00,0.0,BULLISH,0.0,4414.34,4414.34,4414.34,4414.34,32,CLEARED_>=20s,1.0,0.0,0.0,0.0,0.0,0.0,0.0,PASS_<20%,0.00,0.0,NO,STANDBY_VEL_LOW,0,0.00,4590.00,78.36,FALSE,M1_DIRECTION_MISMATCH
2026-09-07 15:56:32.688,1788796592.688,10048,66,185,4414.34,4414.42,8.0,PASS_<=10c,+0.0,FLAT,+0.0,+0.0,4.2,+0.00,0.00,SLOW,4414.34,4414.34,4414.34,4414.34,0.00,0.00,0.0,BULLISH,0.0,4414.34,4414.34,4414.34,4414.34,32,CLEARED_>=20s,1.0,0.0,0.0,0.0,0.0,0.0,0.0,PASS_<20%,0.00,0.0,NO,STANDBY_VEL_LOW,0,0.00,4590.00,78.36,FALSE,M1_DIRECTION_MISMATCH
2026-09-07 15:56:33.189,1788796593.190,10049,67,186,4414.34,4414.42,8.0,PASS_<=10c,+0.0,FLAT,+0.0,+0.0,4.2,+0.00,0.00,SLOW,4414.34,4414.34,4414.34,4414.34,0.00,0.00,0.0,BULLISH,0.0,4414.34,4414.34,4414.34,4414.34,33,CLEARED_>=20s,1.0,0.0,0.0,0.0,0.0,0.0,0.0,PASS_<20%,0.00,0.0,NO,STANDBY_VEL_LOW,0,0.00,4590.00,78.36,FALSE,M1_DIRECTION_MISMATCH
2026-09-07 15:56:33.694,1788796593.694,10050,68,187,4414.34,4414.42,8.0,PASS_<=10c,+0.0,FLAT,+0.0,+0.0,4.2,+0.00,0.00,SLOW,4414.34,4414.34,4414.34,4414.34,0.00,0.00,0.0,BULLISH,0.0,4414.34,4414.34,4414.34,4414.34,33,CLEARED_>=20s,1.0,0.0,0.0,0.0,0.0,0.0,0.0,PASS_<20%,0.00,0.0,NO,STANDBY_VEL_LOW,0,0.00,4590.00,78.36,FALSE,M1_DIRECTION_MISMATCH
2026-09-07 15:56:34.194,1788796594.194,10051,69,188,4414.34,4414.42,8.0,PASS_<=10c,+0.0,FLAT,+0.0,+0.0,4.2,+0.00,0.00,SLOW,4414.34,4414.34,4414.34,4414.34,0.00,0.00,0.0,BULLISH,0.0,4414.34,4414.34,4414.34,4414.34,34,CLEARED_>=20s,1.0,0.0,0.0,0.0,0.0,0.0,0.0,PASS_<20%,0.00,0.0,NO,STANDBY_VEL_LOW,0,0.00,4590.00,78.36,FALSE,M1_DIRECTION_MISMATCH
2026-09-07 15:56:34.695,1788796594.696,10052,70,189,4414.34,4414.42,8.0,PASS_<=10c,+0.0,FLAT,+0.0,+0.0,4.2,+0.00,0.00,SLOW,4414.34,4414.34,4414.34,4414.34,0.00,0.00,0.0,BULLISH,0.0,4414.34,4414.34,4414.34,4414.34,34,CLEARED_>=20s,1.0,0.0,0.0,0.0,0.0,0.0,0.0,PASS_<20%,0.00,0.0,NO,STANDBY_VEL_LOW,0,0.00,4590.00,78.36,FALSE,M1_DIRECTION_MISMATCH
2026-09-07 15:56:35.196,1788796595.197,10053,71,190,4414.34,4414.42,8.0,PASS_<=10c,+0.0,FLAT,+0.0,+0.0,4.2,+0.00,0.00,SLOW,4414.34,4414.34,4414.34,4414.34,0.00,0.00,0.0,BULLISH,0.0,4414.34,4414.34,4414.34,4414.34,35,CLEARED_>=20s,1.0,0.0,0.0,0.0,0.0,0.0,0.0,PASS_<20%,0.00,0.0,NO,STANDBY_VEL_LOW,0,0.00,4590.00,78.36,FALSE,M1_DIRECTION_MISMATCH
2026-09-07 15:56:35.698,1788796595.699,10054,72,191,4414.34,4414.42,8.0,PASS_<=10c,+0.0,FLAT,+0.0,+0.0,4.2,+0.00,0.00,SLOW,4414.34,4414.34,4414.34,4414.34,0.00,0.00,0.0,BULLISH,0.0,4414.34,4414.34,4414.34,4414.34,35,CLEARED_>=20s,1.0,0.0,0.0,0.0,0.0,0.0,0.0,PASS_<20%,0.00,0.0,NO,STANDBY_VEL_LOW,0,0.00,4590.00,78.36,FALSE,M1_DIRECTION_MISMATCH
2026-09-07 15:56:36.199,1788796596.199,10055,73,192,4414.34,4414.42,8.0,PASS_<=10c,+0.0,FLAT,+0.0,+0.0,4.2,+0.00,0.00,SLOW,4414.34,4414.34,4414.34,4414.34,0.00,0.00,0.0,BULLISH,0.0,4414.34,4414.34,4414.34,4414.34,36,CLEARED_>=20s,1.0,0.0,0.0,0.0,0.0,0.0,0.0,PASS_<20%,0.00,0.0,NO,STANDBY_VEL_LOW,0,0.00,4590.00,78.36,FALSE,M1_DIRECTION_MISMATCH
2026-09-07 15:56:36.701,1788796596.701,10056,74,193,4414.34,4414.42,8.0,PASS_<=10c,+0.0,FLAT,+0.0,+0.0,4.2,+0.00,0.00,SLOW,4414.34,4414.34,4414.34,4414.34,0.00,0.00,0.0,BULLISH,0.0,4414.34,4414.34,4414.34,4414.34,36,CLEARED_>=20s,1.0,0.0,0.0,0.0,0.0,0.0,0.0,PASS_<20%,0.00,0.0,NO,STANDBY_VEL_LOW,0,0.00,4590.00,78.36,FALSE,M1_DIRECTION_MISMATCH
2026-09-07 15:56:37.203,1788796597.203,10057,75,194,4414.34,4414.42,8.0,PASS_<=10c,+0.0,FLAT,+0.0,+0.0,4.2,+0.00,0.00,SLOW,4414.34,4414.34,4414.34,4414.34,0.00,0.00,0.0,BULLISH,0.0,4414.34,4414.34,4414.34,4414.34,37,CLEARED_>=20s,1.0,0.0,0.0,0.0,0.0,0.0,0.0,PASS_<20%,0.00,0.0,NO,STANDBY_VEL_LOW,0,0.00,4590.00,78.36,FALSE,M1_DIRECTION_MISMATCH
2026-09-07 15:56:37.704,1788796597.705,10058,76,195,4414.34,4414.42,8.0,PASS_<=10c,+0.0,FLAT,+0.0,+0.0,4.2,+0.00,0.00,SLOW,4414.34,4414.34,4414.34,4414.34,0.00,0.00,0.0,BULLISH,0.0,4414.34,4414.34,4414.34,4414.34,37,CLEARED_>=20s,1.0,0.0,0.0,0.0,0.0,0.0,0.0,PASS_<20%,0.00,0.0,NO,STANDBY_VEL_LOW,0,0.00,4590.00,78.36,FALSE,M1_DIRECTION_MISMATCH
2026-09-07 15:56:38.206,1788796598.207,10059,77,196,4414.34,4414.42,8.0,PASS_<=10c,+0.0,FLAT,+0.0,+0.0,4.2,+0.00,0.00,SLOW,4414.34,4414.34,4414.34,4414.34,0.00,0.00,0.0,BULLISH,0.0,4414.34,4414.34,4414.34,4414.34,38,CLEARED_>=20s,1.0,0.0,0.0,0.0,0.0,0.0,0.0,PASS_<20%,0.00,0.0,NO,STANDBY_VEL_LOW,0,0.00,4590.00,78.36,FALSE,M1_DIRECTION_MISMATCH
2026-09-07 15:56:38.707,1788796598.707,10060,78,197,4414.34,4414.42,8.0,PASS_<=10c,+0.0,FLAT,+0.0,+0.0,4.2,+0.00,0.00,SLOW,4414.34,4414.34,4414.34,4414.34,0.00,0.00,0.0,BULLISH,0.0,4414.34,4414.34,4414.34,4414.34,38,CLEARED_>=20s,1.0,0.0,0.0,0.0,0.0,0.0,0.0,PASS_<20%,0.00,0.0,NO,STANDBY_VEL_LOW,0,0.00,4590.00,78.36,FALSE,M1_DIRECTION_MISMATCH
2026-09-07 15:56:39.209,1788796599.210,10061,79,198,4414.34,4414.42,8.0,PASS_<=10c,+0.0,FLAT,+0.0,+0.0,4.2,+0.00,0.00,SLOW,4414.34,4414.34,4414.34,4414.34,0.00,0.00,0.0,BULLISH,0.0,4414.34,4414.34,4414.34,4414.34,39,CLEARED_>=20s,1.0,0.0,0.0,0.0,0.0,0.0,0.0,PASS_<20%,0.00,0.0,NO,STANDBY_VEL_LOW,0,0.00,4590.00,78.36,FALSE,M1_DIRECTION_MISMATCH
2026-09-07 15:56:39.711,1788796599.711,10062,80,199,4414.34,4414.42,8.0,PASS_<=10c,+0.0,FLAT,+0.0,+0.0,4.2,+0.00,0.00,SLOW,4414.34,4414.34,4414.34,4414.34,0.00,0.00,0.0,BULLISH,0.0,4414.34,4414.34,4414.34,4414.34,39,CLEARED_>=20s,1.0,0.0,0.0,0.0,0.0,0.0,0.0,PASS_<20%,0.00,0.0,NO,STANDBY_VEL_LOW,0,0.00,4590.00,78.36,FALSE,M1_DIRECTION_MISMATCH
2026-09-07 15:56:40.213,1788796600.213,10063,81,200,4414.34,4414.42,8.0,PASS_<=10c,+0.0,FLAT,+0.0,+0.0,4.2,+0.00,0.00,SLOW,4414.34,4414.34,4414.34,4414.34,0.00,0.00,0.0,BULLISH,0.0,4414.34,4414.34,4414.34,4414.34,40,CLEARED_>=20s,1.0,0.0,0.0,0.0,0.0,0.0,0.0,PASS_<20%,0.00,0.0,NO,STANDBY_VEL_LOW,0,0.00,4590.00,78.36,FALSE,M1_DIRECTION_MISMATCH
2026-09-07 15:56:40.716,1788796600.716,10064,82,201,4414.34,4414.42,8.0,PASS_<=10c,+0.0,FLAT,+0.0,+0.0,4.2,+0.00,0.00,SLOW,4414.34,4414.34,4414.34,4414.34,0.00,0.00,0.0,BULLISH,0.0,4414.34,4414.34,4414.34,4414.34,40,CLEARED_>=20s,1.0,0.0,0.0,0.0,0.0,0.0,0.0,PASS_<20%,0.00,0.0,NO,STANDBY_VEL_LOW,0,0.00,4590.00,78.36,FALSE,M1_DIRECTION_MISMATCH
2026-09-07 15:56:41.219,1788796601.219,10065,83,202,4414.34,4414.42,8.0,PASS_<=10c,+0.0,FLAT,+0.0,+0.0,4.2,+0.00,0.00,SLOW,4414.34,4414.34,4414.34,4414.34,0.00,0.00,0.0,BULLISH,0.0,4414.34,4414.34,4414.34,4414.34,41,CLEARED_>=20s,1.0,0.0,0.0,0.0,0.0,0.0,0.0,PASS_<20%,0.00,0.0,NO,STANDBY_VEL_LOW,0,0.00,4590.00,78.36,FALSE,M1_DIRECTION_MISMATCH
2026-09-07 15:56:41.719,1788796601.719,10066,84,203,4414.34,4414.42,8.0,PASS_<=10c,+0.0,FLAT,+0.0,+0.0,4.2,+0.00,0.00,SLOW,4414.34,4414.34,4414.34,4414.34,0.00,0.00,0.0,BULLISH,0.0,4414.34,4414.34,4414.34,4414.34,41,CLEARED_>=20s,1.0,0.0,0.0,0.0,0.0,0.0,0.0,PASS_<20%,0.00,0.0,NO,STANDBY_VEL_LOW,0,0.00,4590.00,78.36,FALSE,M1_DIRECTION_MISMATCH
2026-09-07 15:56:42.222,1788796602.222,10067,85,204,4414.34,4414.42,8.0,PASS_<=10c,+0.0,FLAT,+0.0,+0.0,4.2,+0.00,0.00,SLOW,4414.34,4414.34,4414.34,4414.34,0.00,0.00,0.0,BULLISH,0.0,4414.34,4414.34,4414.34,4414.34,42,CLEARED_>=20s,1.0,0.0,0.0,0.0,0.0,0.0,0.0,PASS_<20%,0.00,0.0,NO,STANDBY_VEL_LOW,0,0.00,4590.00,78.36,FALSE,M1_DIRECTION_MISMATCH
2026-09-07 15:56:42.722,1788796602.722,10068,86,205,4414.34,4414.42,8.0,PASS_<=10c,+0.0,FLAT,+0.0,+0.0,4.2,+0.00,0.00,SLOW,4414.34,4414.34,4414.34,4414.34,0.00,0.00,0.0,BULLISH,0.0,4414.34,4414.34,4414.34,4414.34,42,CLEARED_>=20s,1.0,0.0,0.0,0.0,0.0,0.0,0.0,PASS_<20%,0.00,0.0,NO,STANDBY_VEL_LOW,0,0.00,4590.00,78.36,FALSE,M1_DIRECTION_MISMATCH
2026-09-07 15:56:43.224,1788796603.224,10069,87,206,4414.34,4414.42,8.0,PASS_<=10c,+0.0,FLAT,+0.0,+0.0,4.2,+0.00,0.00,SLOW,4414.34,4414.34,4414.34,4414.34,0.00,0.00,0.0,BULLISH,0.0,4414.34,4414.34,4414.34,4414.34,43,CLEARED_>=20s,1.0,0.0,0.0,0.0,0.0,0.0,0.0,PASS_<20%,0.00,0.0,NO,STANDBY_VEL_LOW,0,0.00,4590.00,78.36,FALSE,M1_DIRECTION_MISMATCH
2026-09-07 15:56:43.725,1788796603.725,10070,88,207,4414.34,4414.42,8.0,PASS_<=10c,+0.0,FLAT,+0.0,+0.0,4.2,+0.00,0.00,SLOW,4414.34,4414.34,4414.34,4414.34,0.00,0.00,0.0,BULLISH,0.0,4414.34,4414.34,4414.34,4414.34,43,CLEARED_>=20s,1.0,0.0,0.0,0.0,0.0,0.0,0.0,PASS_<20%,0.00,0.0,NO,STANDBY_VEL_LOW,0,0.00,4590.00,78.36,FALSE,M1_DIRECTION_MISMATCH
2026-09-07 15:56:44.226,1788796604.226,10071,89,208,4414.34,4414.42,8.0,PASS_<=10c,+0.0,FLAT,+0.0,+0.0,4.2,+0.00,0.00,SLOW,4414.34,4414.34,4414.34,4414.34,0.00,0.00,0.0,BULLISH,0.0,4414.34,4414.34,4414.34,4414.34,44,CLEARED_>=20s,1.0,0.0,0.0,0.0,0.0,0.0,0.0,PASS_<20%,0.00,0.0,NO,STANDBY_VEL_LOW,0,0.00,4590.00,78.36,FALSE,M1_DIRECTION_MISMATCH
2026-09-07 15:56:44.727,1788796604.728,10072,90,209,4414.34,4414.42,8.0,PASS_<=10c,+0.0,FLAT,+0.0,+0.0,4.2,+0.00,0.00,SLOW,4414.34,4414.34,4414.34,4414.34,0.00,0.00,0.0,BULLISH,0.0,4414.34,4414.34,4414.34,4414.34,44,CLEARED_>=20s,1.0,0.0,0.0,0.0,0.0,0.0,0.0,PASS_<20%,0.00,0.0,NO,STANDBY_VEL_LOW,0,0.00,4590.00,78.36,FALSE,M1_DIRECTION_MISMATCH
2026-09-07 15:56:45.230,1788796605.230,10073,91,210,4414.34,4414.42,8.0,PASS_<=10c,+0.0,FLAT,+0.0,+0.0,4.2,+0.00,0.00,SLOW,4414.34,4414.34,4414.34,4414.34,0.00,0.00,0.0,BULLISH,0.0,4414.34,4414.34,4414.34,4414.34,45,CLEARED_>=20s,1.0,0.0,0.0,0.0,0.0,0.0,0.0,PASS_<20%,0.00,0.0,NO,STANDBY_VEL_LOW,0,0.00,4590.00,78.36,FALSE,M1_DIRECTION_MISMATCH
2026-09-07 15:56:45.731,1788796605.732,10074,92,211,4414.34,4414.42,8.0,PASS_<=10c,+0.0,FLAT,+0.0,+0.0,4.2,+0.00,0.00,SLOW,4414.34,4414.34,4414.34,4414.34,0.00,0.00,0.0,BULLISH,0.0,4414.34,4414.34,4414.34,4414.34,45,CLEARED_>=20s,1.0,0.0,0.0,0.0,0.0,0.0,0.0,PASS_<20%,0.00,0.0,NO,STANDBY_VEL_LOW,0,0.00,4590.00,78.36,FALSE,M1_DIRECTION_MISMATCH
2026-09-07 15:56:46.233,1788796606.234,10075,93,212,4414.34,4414.42,8.0,PASS_<=10c,+0.0,FLAT,+0.0,+0.0,4.2,+0.00,0.00,SLOW,4414.34,4414.34,4414.34,4414.34,0.00,0.00,0.0,BULLISH,0.0,4414.34,4414.34,4414.34,4414.34,46,CLEARED_>=20s,1.0,0.0,0.0,0.0,0.0,0.0,0.0,PASS_<20%,0.00,0.0,NO,STANDBY_VEL_LOW,0,0.00,4590.00,78.36,FALSE,M1_DIRECTION_MISMATCH
2026-09-07 15:56:46.735,1788796606.736,10076,94,213,4414.34,4414.42,8.0,PASS_<=10c,+0.0,FLAT,+0.0,+0.0,4.2,+0.00,0.00,SLOW,4414.34,4414.34,4414.34,4414.34,0.00,0.00,0.0,BULLISH,0.0,4414.34,4414.34,4414.34,4414.34,46,CLEARED_>=20s,1.0,0.0,0.0,0.0,0.0,0.0,0.0,PASS_<20%,0.00,0.0,NO,STANDBY_VEL_LOW,0,0.00,4590.00,78.36,FALSE,M1_DIRECTION_MISMATCH
2026-09-07 15:56:47.237,1788796607.237,10077,95,214,4414.34,4414.42,8.0,PASS_<=10c,+0.0,FLAT,+0.0,+0.0,4.2,+0.00,0.00,SLOW,4414.34,4414.34,4414.34,4414.34,0.00,0.00,0.0,BULLISH,0.0,4414.34,4414.34,4414.34,4414.34,47,CLEARED_>=20s,1.0,0.0,0.0,0.0,0.0,0.0,0.0,PASS_<20%,0.00,0.0,NO,STANDBY_VEL_LOW,0,0.00,4590.00,78.36,FALSE,M1_DIRECTION_MISMATCH
2026-09-07 15:56:47.738,1788796607.739,10078,96,215,4414.34,4414.42,8.0,PASS_<=10c,+0.0,FLAT,+0.0,+0.0,4.2,+0.00,0.00,SLOW,4414.34,4414.34,4414.34,4414.34,0.00,0.00,0.0,BULLISH,0.0,4414.34,4414.34,4414.34,4414.34,47,CLEARED_>=20s,1.0,0.0,0.0,0.0,0.0,0.0,0.0,PASS_<20%,0.00,0.0,NO,STANDBY_VEL_LOW,0,0.00,4590.00,78.36,FALSE,M1_DIRECTION_MISMATCH
2026-09-07 15:56:48.239,1788796608.239,10079,97,216,4414.34,4414.42,8.0,PASS_<=10c,+0.0,FLAT,+0.0,+0.0,4.2,+0.00,0.00,SLOW,4414.34,4414.34,4414.34,4414.34,0.00,0.00,0.0,BULLISH,0.0,4414.34,4414.34,4414.34,4414.34,48,CLEARED_>=20s,1.0,0.0,0.0,0.0,0.0,0.0,0.0,PASS_<20%,0.00,0.0,NO,STANDBY_VEL_LOW,0,0.00,4590.00,78.36,FALSE,M1_DIRECTION_MISMATCH
2026-09-07 15:56:48.741,1788796608.742,10080,98,217,4414.34,4414.42,8.0,PASS_<=10c,+0.0,FLAT,+0.0,+0.0,4.2,+0.00,0.00,SLOW,4414.34,4414.34,4414.34,4414.34,0.00,0.00,0.0,BULLISH,0.0,4414.34,4414.34,4414.34,4414.34,48,CLEARED_>=20s,1.0,0.0,0.0,0.0,0.0,0.0,0.0,PASS_<20%,0.00,0.0,NO,STANDBY_VEL_LOW,0,0.00,4590.00,78.36,FALSE,M1_DIRECTION_MISMATCH
2026-09-07 15:56:49.243,1788796609.243,10081,99,218,4414.34,4414.42,8.0,PASS_<=10c,+0.0,FLAT,+0.0,+0.0,4.2,+0.00,0.00,SLOW,4414.34,4414.34,4414.34,4414.34,0.00,0.00,0.0,BULLISH,0.0,4414.34,4414.34,4414.34,4414.34,49,CLEARED_>=20s,1.0,0.0,0.0,0.0,0.0,0.0,0.0,PASS_<20%,0.00,0.0,NO,STANDBY_VEL_LOW,0,0.00,4590.00,78.36,FALSE,M1_DIRECTION_MISMATCH
2026-09-07 15:56:49.745,1788796609.746,10082,100,219,4414.34,4414.42,8.0,PASS_<=10c,+0.0,FLAT,+0.0,+0.0,4.2,+0.00,0.00,SLOW,4414.34,4414.34,4414.34,4414.34,0.00,0.00,0.0,BULLISH,0.0,4414.34,4414.34,4414.34,4414.34,49,CLEARED_>=20s,1.0,0.0,0.0,0.0,0.0,0.0,0.0,PASS_<20%,0.00,0.0,NO,STANDBY_VEL_LOW,0,0.00,4590.00,78.36,FALSE,M1_DIRECTION_MISMATCH
2026-09-07 15:56:50.247,1788796610.247,10083,101,220,4414.34,4414.42,8.0,PASS_<=10c,+0.0,FLAT,+0.0,+0.0,4.2,+0.00,0.00,SLOW,4414.34,4414.34,4414.34,4414.34,0.00,0.00,0.0,BULLISH,0.0,4414.34,4414.34,4414.34,4414.34,50,CLEARED_>=20s,1.0,0.0,0.0,0.0,0.0,0.0,0.0,PASS_<20%,0.00,0.0,NO,STANDBY_VEL_LOW,0,0.00,4590.00,78.36,FALSE,M1_DIRECTION_MISMATCH
2026-09-07 15:56:50.749,1788796610.749,10084,102,221,4414.34,4414.42,8.0,PASS_<=10c,+0.0,FLAT,+0.0,+0.0,4.2,+0.00,0.00,SLOW,4414.34,4414.34,4414.34,4414.34,0.00,0.00,0.0,BULLISH,0.0,4414.34,4414.34,4414.34,4414.34,50,CLEARED_>=20s,1.0,0.0,0.0,0.0,0.0,0.0,0.0,PASS_<20%,0.00,0.0,NO,STANDBY_VEL_LOW,0,0.00,4590.00,78.36,FALSE,M1_DIRECTION_MISMATCH
2026-09-07 15:56:51.251,1788796611.252,10085,103,222,4414.34,4414.42,8.0,PASS_<=10c,+0.0,FLAT,+0.0,+0.0,4.2,+0.00,0.00,SLOW,4414.34,4414.34,4414.34,4414.34,0.00,0.00,0.0,BULLISH,0.0,4414.34,4414.34,4414.34,4414.34,51,CLEARED_>=20s,1.0,0.0,0.0,0.0,0.0,0.0,0.0,PASS_<20%,0.00,0.0,NO,STANDBY_VEL_LOW,0,0.00,4590.00,78.36,FALSE,M1_DIRECTION_MISMATCH
2026-09-07 15:56:51.753,1788796611.754,10086,104,223,4414.34,4414.42,8.0,PASS_<=10c,+0.0,FLAT,+0.0,+0.0,4.2,+0.00,0.00,SLOW,4414.34,4414.34,4414.34,4414.34,0.00,0.00,0.0,BULLISH,0.0,4414.34,4414.34,4414.34,4414.34,51,CLEARED_>=20s,1.0,0.0,0.0,0.0,0.0,0.0,0.0,PASS_<20%,0.00,0.0,NO,STANDBY_VEL_LOW,0,0.00,4590.00,78.36,FALSE,M1_DIRECTION_MISMATCH
2026-09-07 15:56:52.255,1788796612.256,10087,105,224,4414.34,4414.42,8.0,PASS_<=10c,+0.0,FLAT,+0.0,+0.0,4.2,+0.00,0.00,SLOW,4414.34,4414.34,4414.34,4414.34,0.00,0.00,0.0,BULLISH,0.0,4414.34,4414.34,4414.34,4414.34,52,CLEARED_>=20s,1.0,0.0,0.0,0.0,0.0,0.0,0.0,PASS_<20%,0.00,0.0,NO,STANDBY_VEL_LOW,0,0.00,4590.00,78.36,FALSE,M1_DIRECTION_MISMATCH
2026-09-07 15:56:52.756,1788796612.757,10088,106,225,4414.34,4414.42,8.0,PASS_<=10c,+0.0,FLAT,+0.0,+0.0,4.2,+0.00,0.00,SLOW,4414.34,4414.34,4414.34,4414.34,0.00,0.00,0.0,BULLISH,0.0,4414.34,4414.34,4414.34,4414.34,52,CLEARED_>=20s,1.0,0.0,0.0,0.0,0.0,0.0,0.0,PASS_<20%,0.00,0.0,NO,STANDBY_VEL_LOW,0,0.00,4590.00,78.36,FALSE,M1_DIRECTION_MISMATCH
2026-09-07 15:56:53.259,1788796613.259,10089,107,226,4414.34,4414.42,8.0,PASS_<=10c,+0.0,FLAT,+0.0,+0.0,4.2,+0.00,0.00,SLOW,4414.34,4414.34,4414.34,4414.34,0.00,0.00,0.0,BULLISH,0.0,4414.34,4414.34,4414.34,4414.34,53,CLEARED_>=20s,1.0,0.0,0.0,0.0,0.0,0.0,0.0,PASS_<20%,0.00,0.0,NO,STANDBY_VEL_LOW,0,0.00,4590.00,78.36,FALSE,M1_DIRECTION_MISMATCH
2026-09-07 15:56:53.760,1788796613.761,10090,108,227,4414.34,4414.42,8.0,PASS_<=10c,+0.0,FLAT,+0.0,+0.0,4.2,+0.00,0.00,SLOW,4414.34,4414.34,4414.34,4414.34,0.00,0.00,0.0,BULLISH,0.0,4414.34,4414.34,4414.34,4414.34,53,CLEARED_>=20s,1.0,0.0,0.0,0.0,0.0,0.0,0.0,PASS_<20%,0.00,0.0,NO,STANDBY_VEL_LOW,0,0.00,4590.00,78.36,FALSE,M1_DIRECTION_MISMATCH
2026-09-07 15:56:54.262,1788796614.262,10091,109,228,4414.34,4414.42,8.0,PASS_<=10c,+0.0,FLAT,+0.0,+0.0,4.2,+0.00,0.00,SLOW,4414.34,4414.34,4414.34,4414.34,0.00,0.00,0.0,BULLISH,0.0,4414.34,4414.34,4414.34,4414.34,54,CLEARED_>=20s,1.0,0.0,0.0,0.0,0.0,0.0,0.0,PASS_<20%,0.00,0.0,NO,STANDBY_VEL_LOW,0,0.00,4590.00,78.36,FALSE,M1_DIRECTION_MISMATCH
2026-09-07 15:56:54.764,1788796614.764,10092,110,229,4414.34,4414.42,8.0,PASS_<=10c,+0.0,FLAT,+0.0,+0.0,4.2,+0.00,0.00,SLOW,4414.34,4414.34,4414.34,4414.34,0.00,0.00,0.0,BULLISH,0.0,4414.34,4414.34,4414.34,4414.34,54,CLEARED_>=20s,1.0,0.0,0.0,0.0,0.0,0.0,0.0,PASS_<20%,0.00,0.0,NO,STANDBY_VEL_LOW,0,0.00,4590.00,78.36,FALSE,M1_DIRECTION_MISMATCH
2026-09-07 15:56:55.265,1788796615.266,10093,111,230,4414.34,4414.42,8.0,PASS_<=10c,+0.0,FLAT,+0.0,+0.0,4.2,+0.00,0.00,SLOW,4414.34,4414.34,4414.34,4414.34,0.00,0.00,0.0,BULLISH,0.0,4414.34,4414.34,4414.34,4414.34,55,CLEARED_>=20s,1.0,0.0,0.0,0.0,0.0,0.0,0.0,PASS_<20%,0.00,0.0,NO,STANDBY_VEL_LOW,0,0.00,4590.00,78.36,FALSE,M1_DIRECTION_MISMATCH
2026-09-07 15:56:55.767,1788796615.767,10094,112,231,4414.34,4414.42,8.0,PASS_<=10c,+0.0,FLAT,+0.0,+0.0,4.2,+0.00,0.00,SLOW,4414.34,4414.34,4414.34,4414.34,0.00,0.00,0.0,BULLISH,0.0,4414.34,4414.34,4414.34,4414.34,55,CLEARED_>=20s,1.0,0.0,0.0,0.0,0.0,0.0,0.0,PASS_<20%,0.00,0.0,NO,STANDBY_VEL_LOW,0,0.00,4590.00,78.36,FALSE,M1_DIRECTION_MISMATCH
2026-09-07 15:56:56.269,1788796616.269,10095,113,232,4414.34,4414.42,8.0,PASS_<=10c,+0.0,FLAT,+0.0,+0.0,4.2,+0.00,0.00,SLOW,4414.34,4414.34,4414.34,4414.34,0.00,0.00,0.0,BULLISH,0.0,4414.34,4414.34,4414.34,4414.34,56,CLEARED_>=20s,1.0,0.0,0.0,0.0,0.0,0.0,0.0,PASS_<20%,0.00,0.0,NO,STANDBY_VEL_LOW,0,0.00,4590.00,78.36,FALSE,M1_DIRECTION_MISMATCH
2026-09-07 15:56:56.770,1788796616.771,10096,114,233,4414.34,4414.42,8.0,PASS_<=10c,+0.0,FLAT,+0.0,+0.0,4.2,+0.00,0.00,SLOW,4414.34,4414.34,4414.34,4414.34,0.00,0.00,0.0,BULLISH,0.0,4414.34,4414.34,4414.34,4414.34,56,CLEARED_>=20s,1.0,0.0,0.0,0.0,0.0,0.0,0.0,PASS_<20%,0.00,0.0,NO,STANDBY_VEL_LOW,0,0.00,4590.00,78.36,FALSE,M1_DIRECTION_MISMATCH
2026-09-07 15:56:57.271,1788796617.272,10097,115,234,4414.34,4414.42,8.0,PASS_<=10c,+0.0,FLAT,+0.0,+0.0,4.2,+0.00,0.00,SLOW,4414.34,4414.34,4414.34,4414.34,0.00,0.00,0.0,BULLISH,0.0,4414.34,4414.34,4414.34,4414.34,57,CLEARED_>=20s,1.0,0.0,0.0,0.0,0.0,0.0,0.0,PASS_<20%,0.00,0.0,NO,STANDBY_VEL_LOW,0,0.00,4590.00,78.36,FALSE,M1_DIRECTION_MISMATCH
2026-09-07 15:56:57.772,1788796617.772,10098,116,235,4414.34,4414.42,8.0,PASS_<=10c,+0.0,FLAT,+0.0,+0.0,4.2,+0.00,0.00,SLOW,4414.34,4414.34,4414.34,4414.34,0.00,0.00,0.0,BULLISH,0.0,4414.34,4414.34,4414.34,4414.34,57,CLEARED_>=20s,1.0,0.0,0.0,0.0,0.0,0.0,0.0,PASS_<20%,0.00,0.0,NO,STANDBY_VEL_LOW,0,0.00,4590.00,78.36,FALSE,M1_DIRECTION_MISMATCH
2026-09-07 15:56:58.274,1788796618.274,10099,117,236,4414.34,4414.42,8.0,PASS_<=10c,+0.0,FLAT,+0.0,+0.0,4.2,+0.00,0.00,SLOW,4414.34,4414.34,4414.34,4414.34,0.00,0.00,0.0,BULLISH,0.0,4414.34,4414.34,4414.34,4414.34,58,CLEARED_>=20s,1.0,0.0,0.0,0.0,0.0,0.0,0.0,PASS_<20%,0.00,0.0,NO,STANDBY_VEL_LOW,0,0.00,4590.00,78.36,FALSE,M1_DIRECTION_MISMATCH
2026-09-07 15:56:58.776,1788796618.776,10100,118,237,4414.34,4414.42,8.0,PASS_<=10c,+0.0,FLAT,+0.0,+0.0,4.2,+0.00,0.00,SLOW,4414.34,4414.34,4414.34,4414.34,0.00,0.00,0.0,BULLISH,0.0,4414.34,4414.34,4414.34,4414.34,58,CLEARED_>=20s,1.0,0.0,0.0,0.0,0.0,0.0,0.0,PASS_<20%,0.00,0.0,NO,STANDBY_VEL_LOW,0,0.00,4590.00,78.36,FALSE,M1_DIRECTION_MISMATCH
2026-09-07 15:56:59.278,1788796619.278,10101,119,238,4414.34,4414.42,8.0,PASS_<=10c,+0.0,FLAT,+0.0,+0.0,4.2,+0.00,0.00,SLOW,4414.34,4414.34,4414.34,4414.34,0.00,0.00,0.0,BULLISH,0.0,4414.34,4414.34,4414.34,4414.34,59,CLEARED_>=20s,1.0,0.0,0.0,0.0,0.0,0.0,0.0,PASS_<20%,0.00,0.0,NO,STANDBY_VEL_LOW,0,0.00,4590.00,78.36,FALSE,M1_DIRECTION_MISMATCH
2026-09-07 15:56:59.779,1788796619.779,10102,120,239,4414.34,4414.42,8.0,PASS_<=10c,+0.0,FLAT,+0.0,+0.0,4.2,+0.00,0.00,SLOW,4414.34,4414.34,4414.34,4414.34,0.00,0.00,0.0,BULLISH,0.0,4414.34,4414.34,4414.34,4414.34,59,CLEARED_>=20s,1.0,0.0,0.0,0.0,0.0,0.0,0.0,PASS_<20%,0.00,0.0,NO,STANDBY_VEL_LOW,0,0.00,4590.00,78.36,FALSE,M1_DIRECTION_MISMATCH
2026-09-07 15:57:00.279,1788796620.280,10103,1,240,4414.34,4414.42,8.0,PASS_<=10c,+0.0,FLAT,+0.0,+0.0,4.2,+0.00,0.00,SLOW,4414.34,4414.34,4414.34,4414.34,0.00,0.00,0.0,BULLISH,0.0,4414.34,4414.34,4414.34,4414.34,0,ACTIVE_0s,1.0,0.0,0.0,0.0,0.0,0.0,0.0,PASS_<20%,0.00,0.0,NO,STANDBY_VEL_LOW,0,0.00,4590.00,78.36,FALSE,M1_DIRECTION_MISMATCH|OPENING_SHIELD_ACTIVE_0s
2026-09-07 15:57:00.782,1788796620.782,10104,2,241,4414.34,4414.42,8.0,PASS_<=10c,+0.0,FLAT,+0.0,+0.0,4.2,+0.00,0.00,SLOW,4414.34,4414.34,4414.34,4414.34,0.00,0.00,0.0,BULLISH,0.0,4414.34,4414.34,4414.34,4414.34,0,ACTIVE_0s,1.0,0.0,0.0,0.0,0.0,0.0,0.0,PASS_<20%,0.00,0.0,NO,STANDBY_VEL_LOW,0,0.00,4590.00,78.36,FALSE,M1_DIRECTION_MISMATCH|OPENING_SHIELD_ACTIVE_0s
2026-09-07 15:57:01.284,1788796621.284,10105,3,242,4414.34,4414.42,8.0,PASS_<=10c,+0.0,FLAT,+0.0,+0.0,4.2,+0.00,0.00,SLOW,4414.34,4414.34,4414.34,4414.34,0.00,0.00,0.0,BULLISH,0.0,4414.34,4414.34,4414.34,4414.34,1,ACTIVE_1s,1.0,0.0,0.0,0.0,0.0,0.0,0.0,PASS_<20%,0.00,0.0,NO,STANDBY_VEL_LOW,0,0.00,4590.00,78.36,FALSE,M1_DIRECTION_MISMATCH|OPENING_SHIELD_ACTIVE_1s
2026-09-07 15:57:01.785,1788796621.786,10106,4,243,4414.34,4414.42,8.0,PASS_<=10c,+0.0,FLAT,+0.0,+0.0,4.2,+0.00,0.00,SLOW,4414.34,4414.34,4414.34,4414.34,0.00,0.00,0.0,BULLISH,0.0,4414.34,4414.34,4414.34,4414.34,1,ACTIVE_1s,1.0,0.0,0.0,0.0,0.0,0.0,0.0,PASS_<20%,0.00,0.0,NO,STANDBY_VEL_LOW,0,0.00,4590.00,78.36,FALSE,M1_DIRECTION_MISMATCH|OPENING_SHIELD_ACTIVE_1s
2026-09-07 15:57:02.286,1788796622.286,10107,5,244,4414.34,4414.42,8.0,PASS_<=10c,+0.0,FLAT,+0.0,+0.0,4.2,+0.00,0.00,SLOW,4414.34,4414.34,4414.34,4414.34,0.00,0.00,0.0,BULLISH,0.0,4414.34,4414.34,4414.34,4414.34,2,ACTIVE_2s,1.0,0.0,0.0,0.0,0.0,0.0,0.0,PASS_<20%,0.00,0.0,NO,STANDBY_VEL_LOW,0,0.00,4590.00,78.36,FALSE,M1_DIRECTION_MISMATCH|OPENING_SHIELD_ACTIVE_2s
2026-09-07 15:57:02.789,1788796622.789,10108,6,245,4414.34,4414.42,8.0,PASS_<=10c,+0.0,FLAT,+0.0,+0.0,4.2,+0.00,0.00,SLOW,4414.34,4414.34,4414.34,4414.34,0.00,0.00,0.0,BULLISH,0.0,4414.34,4414.34,4414.34,4414.34,2,ACTIVE_2s,1.0,0.0,0.0,0.0,0.0,0.0,0.0,PASS_<20%,0.00,0.0,NO,STANDBY_VEL_LOW,0,0.00,4590.00,78.36,FALSE,M1_DIRECTION_MISMATCH|OPENING_SHIELD_ACTIVE_2s
2026-09-07 15:57:03.289,1788796623.290,10109,7,246,4414.34,4414.42,8.0,PASS_<=10c,+0.0,FLAT,+0.0,+0.0,4.2,+0.00,0.00,SLOW,4414.34,4414.34,4414.34,4414.34,0.00,0.00,0.0,BULLISH,0.0,4414.34,4414.34,4414.34,4414.34,3,ACTIVE_3s,1.0,0.0,0.0,0.0,0.0,0.0,0.0,PASS_<20%,0.00,0.0,NO,STANDBY_VEL_LOW,0,0.00,4590.00,78.36,FALSE,M1_DIRECTION_MISMATCH|OPENING_SHIELD_ACTIVE_3s
2026-09-07 15:57:03.790,1788796623.791,10110,8,247,4414.34,4414.42,8.0,PASS_<=10c,+0.0,FLAT,+0.0,+0.0,4.2,+0.00,0.00,SLOW,4414.34,4414.34,4414.34,4414.34,0.00,0.00,0.0,BULLISH,0.0,4414.34,4414.34,4414.34,4414.34,3,ACTIVE_3s,1.0,0.0,0.0,0.0,0.0,0.0,0.0,PASS_<20%,0.00,0.0,NO,STANDBY_VEL_LOW,0,0.00,4590.00,78.36,FALSE,M1_DIRECTION_MISMATCH|OPENING_SHIELD_ACTIVE_3s
2026-09-07 15:57:04.292,1788796624.292,10111,9,248,4414.34,4414.42,8.0,PASS_<=10c,+0.0,FLAT,+0.0,+0.0,4.2,+0.00,0.00,SLOW,4414.34,4414.34,4414.34,4414.34,0.00,0.00,0.0,BULLISH,0.0,4414.34,4414.34,4414.34,4414.34,4,ACTIVE_4s,1.0,0.0,0.0,0.0,0.0,0.0,0.0,PASS_<20%,0.00,0.0,NO,STANDBY_VEL_LOW,0,0.00,4590.00,78.36,FALSE,M1_DIRECTION_MISMATCH|OPENING_SHIELD_ACTIVE_4s
2026-09-07 15:57:04.793,1788796624.794,10112,10,249,4414.34,4414.42,8.0,PASS_<=10c,+0.0,FLAT,+0.0,+0.0,4.2,+0.00,0.00,SLOW,4414.34,4414.34,4414.34,4414.34,0.00,0.00,0.0,BULLISH,0.0,4414.34,4414.34,4414.34,4414.34,4,ACTIVE_4s,1.0,0.0,0.0,0.0,0.0,0.0,0.0,PASS_<20%,0.00,0.0,NO,STANDBY_VEL_LOW,0,0.00,4590.00,78.36,FALSE,M1_DIRECTION_MISMATCH|OPENING_SHIELD_ACTIVE_4s
2026-09-07 15:57:05.294,1788796625.295,10113,11,250,4414.34,4414.42,8.0,PASS_<=10c,+0.0,FLAT,+0.0,+0.0,4.2,+0.00,0.00,SLOW,4414.34,4414.34,4414.34,4414.34,0.00,0.00,0.0,BULLISH,0.0,4414.34,4414.34,4414.34,4414.34,5,ACTIVE_5s,1.0,0.0,0.0,0.0,0.0,0.0,0.0,PASS_<20%,0.00,0.0,NO,STANDBY_VEL_LOW,0,0.00,4590.00,78.36,FALSE,M1_DIRECTION_MISMATCH|OPENING_SHIELD_ACTIVE_5s
2026-09-07 15:57:05.795,1788796625.796,10114,12,251,4414.34,4414.42,8.0,PASS_<=10c,+0.0,FLAT,+0.0,+0.0,4.2,+0.00,0.00,SLOW,4414.34,4414.34,4414.34,4414.34,0.00,0.00,0.0,BULLISH,0.0,4414.34,4414.34,4414.34,4414.34,5,ACTIVE_5s,1.0,0.0,0.0,0.0,0.0,0.0,0.0,PASS_<20%,0.00,0.0,NO,STANDBY_VEL_LOW,0,0.00,4590.00,78.36,FALSE,M1_DIRECTION_MISMATCH|OPENING_SHIELD_ACTIVE_5s
2026-09-07 15:57:06.297,1788796626.298,10115,13,252,4414.34,4414.42,8.0,PASS_<=10c,+0.0,FLAT,+0.0,+0.0,4.2,+0.00,0.00,SLOW,4414.34,4414.34,4414.34,4414.34,0.00,0.00,0.0,BULLISH,0.0,4414.34,4414.34,4414.34,4414.34,6,ACTIVE_6s,1.0,0.0,0.0,0.0,0.0,0.0,0.0,PASS_<20%,0.00,0.0,NO,STANDBY_VEL_LOW,0,0.00,4590.00,78.36,FALSE,M1_DIRECTION_MISMATCH|OPENING_SHIELD_ACTIVE_6s
2026-09-07 15:57:06.799,1788796626.799,10116,14,253,4414.34,4414.42,8.0,PASS_<=10c,+0.0,FLAT,+0.0,+0.0,4.2,+0.00,0.00,SLOW,4414.34,4414.34,4414.34,4414.34,0.00,0.00,0.0,BULLISH,0.0,4414.34,4414.34,4414.34,4414.34,6,ACTIVE_6s,1.0,0.0,0.0,0.0,0.0,0.0,0.0,PASS_<20%,0.00,0.0,NO,STANDBY_VEL_LOW,0,0.00,4590.00,78.36,FALSE,M1_DIRECTION_MISMATCH|OPENING_SHIELD_ACTIVE_6s
2026-09-07 15:57:07.300,1788796627.300,10117,15,254,4414.34,4414.42,8.0,PASS_<=10c,+0.0,FLAT,+0.0,+0.0,4.2,+0.00,0.00,SLOW,4414.34,4414.34,4414.34,4414.34,0.00,0.00,0.0,BULLISH,0.0,4414.34,4414.34,4414.34,4414.34,7,ACTIVE_7s,1.0,0.0,0.0,0.0,0.0,0.0,0.0,PASS_<20%,0.00,0.0,NO,STANDBY_VEL_LOW,0,0.00,4590.00,78.36,FALSE,M1_DIRECTION_MISMATCH|OPENING_SHIELD_ACTIVE_7s
2026-09-07 15:57:07.802,1788796627.802,10118,16,255,4414.34,4414.42,8.0,PASS_<=10c,+0.0,FLAT,+0.0,+0.0,4.2,+0.00,0.00,SLOW,4414.34,4414.34,4414.34,4414.34,0.00,0.00,0.0,BULLISH,0.0,4414.34,4414.34,4414.34,4414.34,7,ACTIVE_7s,1.0,0.0,0.0,0.0,0.0,0.0,0.0,PASS_<20%,0.00,0.0,NO,STANDBY_VEL_LOW,0,0.00,4590.00,78.36,FALSE,M1_DIRECTION_MISMATCH|OPENING_SHIELD_ACTIVE_7s
2026-09-07 15:57:08.303,1788796628.303,10119,17,256,4414.34,4414.42,8.0,PASS_<=10c,+0.0,FLAT,+0.0,+0.0,4.2,+0.00,0.00,SLOW,4414.34,4414.34,4414.34,4414.34,0.00,0.00,0.0,BULLISH,0.0,4414.34,4414.34,4414.34,4414.34,8,ACTIVE_8s,1.0,0.0,0.0,0.0,0.0,0.0,0.0,PASS_<20%,0.00,0.0,NO,STANDBY_VEL_LOW,0,0.00,4590.00,78.36,FALSE,M1_DIRECTION_MISMATCH|OPENING_SHIELD_ACTIVE_8s
2026-09-07 15:57:08.805,1788796628.805,10120,18,257,4414.34,4414.42,8.0,PASS_<=10c,+0.0,FLAT,+0.0,+0.0,4.2,+0.00,0.00,SLOW,4414.34,4414.34,4414.34,4414.34,0.00,0.00,0.0,BULLISH,0.0,4414.34,4414.34,4414.34,4414.34,8,ACTIVE_8s,1.0,0.0,0.0,0.0,0.0,0.0,0.0,PASS_<20%,0.00,0.0,NO,STANDBY_VEL_LOW,0,0.00,4590.00,78.36,FALSE,M1_DIRECTION_MISMATCH|OPENING_SHIELD_ACTIVE_8s
2026-09-07 15:57:09.306,1788796629.307,10121,19,258,4414.34,4414.42,8.0,PASS_<=10c,+0.0,FLAT,+0.0,+0.0,4.2,+0.00,0.00,SLOW,4414.34,4414.34,4414.34,4414.34,0.00,0.00,0.0,BULLISH,0.0,4414.34,4414.34,4414.34,4414.34,9,ACTIVE_9s,1.0,0.0,0.0,0.0,0.0,0.0,0.0,PASS_<20%,0.00,0.0,NO,STANDBY_VEL_LOW,0,0.00,4590.00,78.36,FALSE,M1_DIRECTION_MISMATCH|OPENING_SHIELD_ACTIVE_9s
2026-09-07 15:57:09.808,1788796629.809,10122,20,259,4414.34,4414.42,8.0,PASS_<=10c,+0.0,FLAT,+0.0,+0.0,4.2,+0.00,0.00,SLOW,4414.34,4414.34,4414.34,4414.34,0.00,0.00,0.0,BULLISH,0.0,4414.34,4414.34,4414.34,4414.34,9,ACTIVE_9s,1.0,0.0,0.0,0.0,0.0,0.0,0.0,PASS_<20%,0.00,0.0,NO,STANDBY_VEL_LOW,0,0.00,4590.00,78.36,FALSE,M1_DIRECTION_MISMATCH|OPENING_SHIELD_ACTIVE_9s
2026-09-07 15:57:10.309,1788796630.309,10123,21,260,4414.34,4414.42,8.0,PASS_<=10c,+0.0,FLAT,+0.0,+0.0,4.2,+0.00,0.00,SLOW,4414.34,4414.34,4414.34,4414.34,0.00,0.00,0.0,BULLISH,0.0,4414.34,4414.34,4414.34,4414.34,10,ACTIVE_10s,1.0,0.0,0.0,0.0,0.0,0.0,0.0,PASS_<20%,0.00,0.0,NO,STANDBY_VEL_LOW,0,0.00,4590.00,78.36,FALSE,M1_DIRECTION_MISMATCH|OPENING_SHIELD_ACTIVE_10s
2026-09-07 15:57:10.811,1788796630.812,10124,22,261,4414.34,4414.42,8.0,PASS_<=10c,+0.0,FLAT,+0.0,+0.0,4.2,+0.00,0.00,SLOW,4414.34,4414.34,4414.34,4414.34,0.00,0.00,0.0,BULLISH,0.0,4414.34,4414.34,4414.34,4414.34,10,ACTIVE_10s,1.0,0.0,0.0,0.0,0.0,0.0,0.0,PASS_<20%,0.00,0.0,NO,STANDBY_VEL_LOW,0,0.00,4590.00,78.36,FALSE,M1_DIRECTION_MISMATCH|OPENING_SHIELD_ACTIVE_10s
2026-09-07 15:57:11.313,1788796631.314,10125,23,262,4414.34,4414.42,8.0,PASS_<=10c,+0.0,FLAT,+0.0,+0.0,4.2,+0.00,0.00,SLOW,4414.34,4414.34,4414.34,4414.34,0.00,0.00,0.0,BULLISH,0.0,4414.34,4414.34,4414.34,4414.34,11,ACTIVE_11s,1.0,0.0,0.0,0.0,0.0,0.0,0.0,PASS_<20%,0.00,0.0,NO,STANDBY_VEL_LOW,0,0.00,4590.00,78.36,FALSE,M1_DIRECTION_MISMATCH|OPENING_SHIELD_ACTIVE_11s
2026-09-07 15:57:11.814,1788796631.815,10126,24,263,4414.34,4414.42,8.0,PASS_<=10c,+0.0,FLAT,+0.0,+0.0,4.2,+0.00,0.00,SLOW,4414.34,4414.34,4414.34,4414.34,0.00,0.00,0.0,BULLISH,0.0,4414.34,4414.34,4414.34,4414.34,11,ACTIVE_11s,1.0,0.0,0.0,0.0,0.0,0.0,0.0,PASS_<20%,0.00,0.0,NO,STANDBY_VEL_LOW,0,0.00,4590.00,78.36,FALSE,M1_DIRECTION_MISMATCH|OPENING_SHIELD_ACTIVE_11s
2026-09-07 15:57:12.332,1788796632.332,10127,25,264,4414.34,4414.42,8.0,PASS_<=10c,+0.0,FLAT,+0.0,+0.0,4.2,+0.00,0.00,SLOW,4414.34,4414.34,4414.34,4414.34,0.00,0.00,0.0,BULLISH,0.0,4414.34,4414.34,4414.34,4414.34,12,ACTIVE_12s,1.0,0.0,0.0,0.0,0.0,0.0,0.0,PASS_<20%,0.00,0.0,NO,STANDBY_VEL_LOW,0,0.00,4590.00,78.36,FALSE,M1_DIRECTION_MISMATCH|OPENING_SHIELD_ACTIVE_12s
2026-09-07 15:57:12.833,1788796632.833,10128,26,265,4414.34,4414.42,8.0,PASS_<=10c,+0.0,FLAT,+0.0,+0.0,4.2,+0.00,0.00,SLOW,4414.34,4414.34,4414.34,4414.34,0.00,0.00,0.0,BULLISH,0.0,4414.34,4414.34,4414.34,4414.34,12,ACTIVE_12s,1.0,0.0,0.0,0.0,0.0,0.0,0.0,PASS_<20%,0.00,0.0,NO,STANDBY_VEL_LOW,0,0.00,4590.00,78.36,FALSE,M1_DIRECTION_MISMATCH|OPENING_SHIELD_ACTIVE_12s
2026-09-07 15:57:13.335,1788796633.335,10129,27,266,4414.34,4414.42,8.0,PASS_<=10c,+0.0,FLAT,+0.0,+0.0,4.2,+0.00,0.00,SLOW,4414.34,4414.34,4414.34,4414.34,0.00,0.00,0.0,BULLISH,0.0,4414.34,4414.34,4414.34,4414.34,13,ACTIVE_13s,1.0,0.0,0.0,0.0,0.0,0.0,0.0,PASS_<20%,0.00,0.0,NO,STANDBY_VEL_LOW,0,0.00,4590.00,78.36,FALSE,M1_DIRECTION_MISMATCH|OPENING_SHIELD_ACTIVE_13s
2026-09-07 15:57:13.836,1788796633.837,10130,28,267,4414.34,4414.42,8.0,PASS_<=10c,+0.0,FLAT,+0.0,+0.0,4.2,+0.00,0.00,SLOW,4414.34,4414.34,4414.34,4414.34,0.00,0.00,0.0,BULLISH,0.0,4414.34,4414.34,4414.34,4414.34,13,ACTIVE_13s,1.0,0.0,0.0,0.0,0.0,0.0,0.0,PASS_<20%,0.00,0.0,NO,STANDBY_VEL_LOW,0,0.00,4590.00,78.36,FALSE,M1_DIRECTION_MISMATCH|OPENING_SHIELD_ACTIVE_13s
2026-09-07 15:57:14.339,1788796634.340,10131,29,268,4414.34,4414.42,8.0,PASS_<=10c,+0.0,FLAT,+0.0,+0.0,4.2,+0.00,0.00,SLOW,4414.34,4414.34,4414.34,4414.34,0.00,0.00,0.0,BULLISH,0.0,4414.34,4414.34,4414.34,4414.34,14,ACTIVE_14s,1.0,0.0,0.0,0.0,0.0,0.0,0.0,PASS_<20%,0.00,0.0,NO,STANDBY_VEL_LOW,0,0.00,4590.00,78.36,FALSE,M1_DIRECTION_MISMATCH|OPENING_SHIELD_ACTIVE_14s
2026-09-07 15:57:14.841,1788796634.842,10132,30,269,4414.34,4414.42,8.0,PASS_<=10c,+0.0,FLAT,+0.0,+0.0,4.2,+0.00,0.00,SLOW,4414.34,4414.34,4414.34,4414.34,0.00,0.00,0.0,BULLISH,0.0,4414.34,4414.34,4414.34,4414.34,14,ACTIVE_14s,1.0,0.0,0.0,0.0,0.0,0.0,0.0,PASS_<20%,0.00,0.0,NO,STANDBY_VEL_LOW,0,0.00,4590.00,78.36,FALSE,M1_DIRECTION_MISMATCH|OPENING_SHIELD_ACTIVE_14s
2026-09-07 15:57:15.343,1788796635.343,10133,31,270,4414.34,4414.42,8.0,PASS_<=10c,+0.0,FLAT,+0.0,+0.0,4.2,+0.00,0.00,SLOW,4414.34,4414.34,4414.34,4414.34,0.00,0.00,0.0,BULLISH,0.0,4414.34,4414.34,4414.34,4414.34,15,ACTIVE_15s,1.0,0.0,0.0,0.0,0.0,0.0,0.0,PASS_<20%,0.00,0.0,NO,STANDBY_VEL_LOW,0,0.00,4590.00,78.36,FALSE,M1_DIRECTION_MISMATCH|OPENING_SHIELD_ACTIVE_15s
2026-09-07 15:57:15.845,1788796635.845,10134,32,271,4414.34,4414.42,8.0,PASS_<=10c,+0.0,FLAT,+0.0,+0.0,4.2,+0.00,0.00,SLOW,4414.34,4414.34,4414.34,4414.34,0.00,0.00,0.0,BULLISH,0.0,4414.34,4414.34,4414.34,4414.34,15,ACTIVE_15s,1.0,0.0,0.0,0.0,0.0,0.0,0.0,PASS_<20%,0.00,0.0,NO,STANDBY_VEL_LOW,0,0.00,4590.00,78.36,FALSE,M1_DIRECTION_MISMATCH|OPENING_SHIELD_ACTIVE_15s
2026-09-07 15:57:16.346,1788796636.346,10135,33,272,4414.34,4414.42,8.0,PASS_<=10c,+0.0,FLAT,+0.0,+0.0,4.2,+0.00,0.00,SLOW,4414.34,4414.34,4414.34,4414.34,0.00,0.00,0.0,BULLISH,0.0,4414.34,4414.34,4414.34,4414.34,16,ACTIVE_16s,1.0,0.0,0.0,0.0,0.0,0.0,0.0,PASS_<20%,0.00,0.0,NO,STANDBY_VEL_LOW,0,0.00,4590.00,78.36,FALSE,M1_DIRECTION_MISMATCH|OPENING_SHIELD_ACTIVE_16s
2026-09-07 15:57:16.848,1788796636.849,10136,34,273,4414.34,4414.42,8.0,PASS_<=10c,+0.0,FLAT,+0.0,+0.0,4.2,+0.00,0.00,SLOW,4414.34,4414.34,4414.34,4414.34,0.00,0.00,0.0,BULLISH,0.0,4414.34,4414.34,4414.34,4414.34,16,ACTIVE_16s,1.0,0.0,0.0,0.0,0.0,0.0,0.0,PASS_<20%,0.00,0.0,NO,STANDBY_VEL_LOW,0,0.00,4590.00,78.36,FALSE,M1_DIRECTION_MISMATCH|OPENING_SHIELD_ACTIVE_16s
2026-09-07 15:57:17.350,1788796637.350,10137,35,274,4414.34,4414.42,8.0,PASS_<=10c,+0.0,FLAT,+0.0,+0.0,4.2,+0.00,0.00,SLOW,4414.34,4414.34,4414.34,4414.34,0.00,0.00,0.0,BULLISH,0.0,4414.34,4414.34,4414.34,4414.34,17,ACTIVE_17s,1.0,0.0,0.0,0.0,0.0,0.0,0.0,PASS_<20%,0.00,0.0,NO,STANDBY_VEL_LOW,0,0.00,4590.00,78.36,FALSE,M1_DIRECTION_MISMATCH|OPENING_SHIELD_ACTIVE_17s
2026-09-07 15:57:17.850,1788796637.851,10138,36,275,4414.34,4414.42,8.0,PASS_<=10c,+0.0,FLAT,+0.0,+0.0,4.2,+0.00,0.00,SLOW,4414.34,4414.34,4414.34,4414.34,0.00,0.00,0.0,BULLISH,0.0,4414.34,4414.34,4414.34,4414.34,17,ACTIVE_17s,1.0,0.0,0.0,0.0,0.0,0.0,0.0,PASS_<20%,0.00,0.0,NO,STANDBY_VEL_LOW,0,0.00,4590.00,78.36,FALSE,M1_DIRECTION_MISMATCH|OPENING_SHIELD_ACTIVE_17s
2026-09-07 15:57:18.351,1788796638.352,10139,37,276,4414.34,4414.42,8.0,PASS_<=10c,+0.0,FLAT,+0.0,+0.0,4.2,+0.00,0.00,SLOW,4414.34,4414.34,4414.34,4414.34,0.00,0.00,0.0,BULLISH,0.0,4414.34,4414.34,4414.34,4414.34,18,ACTIVE_18s,1.0,0.0,0.0,0.0,0.0,0.0,0.0,PASS_<20%,0.00,0.0,NO,STANDBY_VEL_LOW,0,0.00,4590.00,78.36,FALSE,M1_DIRECTION_MISMATCH|OPENING_SHIELD_ACTIVE_18s
2026-09-07 15:57:18.852,1788796638.853,10140,38,277,4414.34,4414.42,8.0,PASS_<=10c,+0.0,FLAT,+0.0,+0.0,4.2,+0.00,0.00,SLOW,4414.34,4414.34,4414.34,4414.34,0.00,0.00,0.0,BULLISH,0.0,4414.34,4414.34,4414.34,4414.34,18,ACTIVE_18s,1.0,0.0,0.0,0.0,0.0,0.0,0.0,PASS_<20%,0.00,0.0,NO,STANDBY_VEL_LOW,0,0.00,4590.00,78.36,FALSE,M1_DIRECTION_MISMATCH|OPENING_SHIELD_ACTIVE_18s
2026-09-07 15:57:19.355,1788796639.355,10141,39,278,4414.34,4414.42,8.0,PASS_<=10c,+0.0,FLAT,+0.0,+0.0,4.2,+0.00,0.00,SLOW,4414.34,4414.34,4414.34,4414.34,0.00,0.00,0.0,BULLISH,0.0,4414.34,4414.34,4414.34,4414.34,19,ACTIVE_19s,1.0,0.0,0.0,0.0,0.0,0.0,0.0,PASS_<20%,0.00,0.0,NO,STANDBY_VEL_LOW,0,0.00,4590.00,78.36,FALSE,M1_DIRECTION_MISMATCH|OPENING_SHIELD_ACTIVE_19s
2026-09-07 15:57:19.857,1788796639.858,10142,40,279,4414.34,4414.42,8.0,PASS_<=10c,+0.0,FLAT,+0.0,+0.0,4.2,+0.00,0.00,SLOW,4414.34,4414.34,4414.34,4414.34,0.00,0.00,0.0,BULLISH,0.0,4414.34,4414.34,4414.34,4414.34,19,ACTIVE_19s,1.0,0.0,0.0,0.0,0.0,0.0,0.0,PASS_<20%,0.00,0.0,NO,STANDBY_VEL_LOW,0,0.00,4590.00,78.36,FALSE,M1_DIRECTION_MISMATCH|OPENING_SHIELD_ACTIVE_19s
2026-09-07 15:57:20.358,1788796640.358,10143,41,280,4414.34,4414.42,8.0,PASS_<=10c,+0.0,FLAT,+0.0,+0.0,4.2,+0.00,0.00,SLOW,4414.34,4414.34,4414.34,4414.34,0.00,0.00,0.0,BULLISH,0.0,4414.34,4414.34,4414.34,4414.34,20,CLEARED_>=20s,1.0,0.0,0.0,0.0,0.0,0.0,0.0,PASS_<20%,0.00,0.0,NO,STANDBY_VEL_LOW,0,0.00,4590.00,78.36,FALSE,M1_DIRECTION_MISMATCH
2026-09-07 15:57:20.858,1788796640.859,10144,42,281,4414.34,4414.42,8.0,PASS_<=10c,+0.0,FLAT,+0.0,+0.0,4.2,+0.00,0.00,SLOW,4414.34,4414.34,4414.34,4414.34,0.00,0.00,0.0,BULLISH,0.0,4414.34,4414.34,4414.34,4414.34,20,CLEARED_>=20s,1.0,0.0,0.0,0.0,0.0,0.0,0.0,PASS_<20%,0.00,0.0,NO,STANDBY_VEL_LOW,0,0.00,4590.00,78.36,FALSE,M1_DIRECTION_MISMATCH
2026-09-07 15:57:21.360,1788796641.361,10145,43,282,4414.34,4414.42,8.0,PASS_<=10c,+0.0,FLAT,+0.0,+0.0,4.2,+0.00,0.00,SLOW,4414.34,4414.34,4414.34,4414.34,0.00,0.00,0.0,BULLISH,0.0,4414.34,4414.34,4414.34,4414.34,21,CLEARED_>=20s,1.0,0.0,0.0,0.0,0.0,0.0,0.0,PASS_<20%,0.00,0.0,NO,STANDBY_VEL_LOW,0,0.00,4590.00,78.36,FALSE,M1_DIRECTION_MISMATCH
2026-09-07 15:57:21.861,1788796641.862,10146,44,283,4414.34,4414.42,8.0,PASS_<=10c,+0.0,FLAT,+0.0,+0.0,4.2,+0.00,0.00,SLOW,4414.34,4414.34,4414.34,4414.34,0.00,0.00,0.0,BULLISH,0.0,4414.34,4414.34,4414.34,4414.34,21,CLEARED_>=20s,1.0,0.0,0.0,0.0,0.0,0.0,0.0,PASS_<20%,0.00,0.0,NO,STANDBY_VEL_LOW,0,0.00,4590.00,78.36,FALSE,M1_DIRECTION_MISMATCH
2026-09-07 15:57:22.363,1788796642.363,10147,45,284,4414.34,4414.42,8.0,PASS_<=10c,+0.0,FLAT,+0.0,+0.0,4.2,+0.00,0.00,SLOW,4414.34,4414.34,4414.34,4414.34,0.00,0.00,0.0,BULLISH,0.0,4414.34,4414.34,4414.34,4414.34,22,CLEARED_>=20s,1.0,0.0,0.0,0.0,0.0,0.0,0.0,PASS_<20%,0.00,0.0,NO,STANDBY_VEL_LOW,0,0.00,4590.00,78.36,FALSE,M1_DIRECTION_MISMATCH
2026-09-07 15:57:22.864,1788796642.865,10148,46,285,4414.34,4414.42,8.0,PASS_<=10c,+0.0,FLAT,+0.0,+0.0,4.2,+0.00,0.00,SLOW,4414.34,4414.34,4414.34,4414.34,0.00,0.00,0.0,BULLISH,0.0,4414.34,4414.34,4414.34,4414.34,22,CLEARED_>=20s,1.0,0.0,0.0,0.0,0.0,0.0,0.0,PASS_<20%,0.00,0.0,NO,STANDBY_VEL_LOW,0,0.00,4590.00,78.36,FALSE,M1_DIRECTION_MISMATCH
2026-09-07 15:57:23.366,1788796643.367,10149,47,286,4414.34,4414.42,8.0,PASS_<=10c,+0.0,FLAT,+0.0,+0.0,4.2,+0.00,0.00,SLOW,4414.34,4414.34,4414.34,4414.34,0.00,0.00,0.0,BULLISH,0.0,4414.34,4414.34,4414.34,4414.34,23,CLEARED_>=20s,1.0,0.0,0.0,0.0,0.0,0.0,0.0,PASS_<20%,0.00,0.0,NO,STANDBY_VEL_LOW,0,0.00,4590.00,78.36,FALSE,M1_DIRECTION_MISMATCH
2026-09-07 15:57:23.868,1788796643.869,10150,48,287,4414.34,4414.42,8.0,PASS_<=10c,+0.0,FLAT,+0.0,+0.0,4.2,+0.00,0.00,SLOW,4414.34,4414.34,4414.34,4414.34,0.00,0.00,0.0,BULLISH,0.0,4414.34,4414.34,4414.34,4414.34,23,CLEARED_>=20s,1.0,0.0,0.0,0.0,0.0,0.0,0.0,PASS_<20%,0.00,0.0,NO,STANDBY_VEL_LOW,0,0.00,4590.00,78.36,FALSE,M1_DIRECTION_MISMATCH
2026-09-07 15:57:24.372,1788796644.372,10151,49,288,4414.34,4414.42,8.0,PASS_<=10c,+0.0,FLAT,+0.0,+0.0,4.2,+0.00,0.00,SLOW,4414.34,4414.34,4414.34,4414.34,0.00,0.00,0.0,BULLISH,0.0,4414.34,4414.34,4414.34,4414.34,24,CLEARED_>=20s,1.0,0.0,0.0,0.0,0.0,0.0,0.0,PASS_<20%,0.00,0.0,NO,STANDBY_VEL_LOW,0,0.00,4590.00,78.36,FALSE,M1_DIRECTION_MISMATCH
2026-09-07 15:57:24.871,1788796644.871,10152,50,289,4414.34,4414.42,8.0,PASS_<=10c,+0.0,FLAT,+0.0,+0.0,4.2,+0.00,0.00,SLOW,4414.34,4414.34,4414.34,4414.34,0.00,0.00,0.0,BULLISH,0.0,4414.34,4414.34,4414.34,4414.34,24,CLEARED_>=20s,1.0,0.0,0.0,0.0,0.0,0.0,0.0,PASS_<20%,0.00,0.0,NO,STANDBY_VEL_LOW,0,0.00,4590.00,78.36,FALSE,M1_DIRECTION_MISMATCH
2026-09-07 15:57:25.372,1788796645.373,10153,51,290,4414.34,4414.42,8.0,PASS_<=10c,+0.0,FLAT,+0.0,+0.0,4.2,+0.00,0.00,SLOW,4414.34,4414.34,4414.34,4414.34,0.00,0.00,0.0,BULLISH,0.0,4414.34,4414.34,4414.34,4414.34,25,CLEARED_>=20s,1.0,0.0,0.0,0.0,0.0,0.0,0.0,PASS_<20%,0.00,0.0,NO,STANDBY_VEL_LOW,0,0.00,4590.00,78.36,FALSE,M1_DIRECTION_MISMATCH
2026-09-07 15:57:25.875,1788796645.875,10154,52,291,4414.34,4414.42,8.0,PASS_<=10c,+0.0,FLAT,+0.0,+0.0,4.2,+0.00,0.00,SLOW,4414.34,4414.34,4414.34,4414.34,0.00,0.00,0.0,BULLISH,0.0,4414.34,4414.34,4414.34,4414.34,25,CLEARED_>=20s,1.0,0.0,0.0,0.0,0.0,0.0,0.0,PASS_<20%,0.00,0.0,NO,STANDBY_VEL_LOW,0,0.00,4590.00,78.36,FALSE,M1_DIRECTION_MISMATCH
2026-09-07 15:57:26.374,1788796646.375,10155,53,292,4414.34,4414.42,8.0,PASS_<=10c,+0.0,FLAT,+0.0,+0.0,4.2,+0.00,0.00,SLOW,4414.34,4414.34,4414.34,4414.34,0.00,0.00,0.0,BULLISH,0.0,4414.34,4414.34,4414.34,4414.34,26,CLEARED_>=20s,1.0,0.0,0.0,0.0,0.0,0.0,0.0,PASS_<20%,0.00,0.0,NO,STANDBY_VEL_LOW,0,0.00,4590.00,78.36,FALSE,M1_DIRECTION_MISMATCH
2026-09-07 15:57:26.876,1788796646.876,10156,54,293,4414.34,4414.42,8.0,PASS_<=10c,+0.0,FLAT,+0.0,+0.0,4.2,+0.00,0.00,SLOW,4414.34,4414.34,4414.34,4414.34,0.00,0.00,0.0,BULLISH,0.0,4414.34,4414.34,4414.34,4414.34,26,CLEARED_>=20s,1.0,0.0,0.0,0.0,0.0,0.0,0.0,PASS_<20%,0.00,0.0,NO,STANDBY_VEL_LOW,0,0.00,4590.00,78.36,FALSE,M1_DIRECTION_MISMATCH
2026-09-07 15:57:27.378,1788796647.379,10157,55,294,4414.34,4414.42,8.0,PASS_<=10c,+0.0,FLAT,+0.0,+0.0,4.2,+0.00,0.00,SLOW,4414.34,4414.34,4414.34,4414.34,0.00,0.00,0.0,BULLISH,0.0,4414.34,4414.34,4414.34,4414.34,27,CLEARED_>=20s,1.0,0.0,0.0,0.0,0.0,0.0,0.0,PASS_<20%,0.00,0.0,NO,STANDBY_VEL_LOW,0,0.00,4590.00,78.36,FALSE,M1_DIRECTION_MISMATCH
2026-09-07 15:57:27.880,1788796647.880,10158,56,295,4414.34,4414.42,8.0,PASS_<=10c,+0.0,FLAT,+0.0,+0.0,4.2,+0.00,0.00,SLOW,4414.34,4414.34,4414.34,4414.34,0.00,0.00,0.0,BULLISH,0.0,4414.34,4414.34,4414.34,4414.34,27,CLEARED_>=20s,1.0,0.0,0.0,0.0,0.0,0.0,0.0,PASS_<20%,0.00,0.0,NO,STANDBY_VEL_LOW,0,0.00,4590.00,78.36,FALSE,M1_DIRECTION_MISMATCH
2026-09-07 15:57:28.380,1788796648.381,10159,57,296,4414.34,4414.42,8.0,PASS_<=10c,+0.0,FLAT,+0.0,+0.0,4.2,+0.00,0.00,SLOW,4414.34,4414.34,4414.34,4414.34,0.00,0.00,0.0,BULLISH,0.0,4414.34,4414.34,4414.34,4414.34,28,CLEARED_>=20s,1.0,0.0,0.0,0.0,0.0,0.0,0.0,PASS_<20%,0.00,0.0,NO,STANDBY_VEL_LOW,0,0.00,4590.00,78.36,FALSE,M1_DIRECTION_MISMATCH
2026-09-07 15:57:28.881,1788796648.882,10160,58,297,4414.34,4414.42,8.0,PASS_<=10c,+0.0,FLAT,+0.0,+0.0,4.2,+0.00,0.00,SLOW,4414.34,4414.34,4414.34,4414.34,0.00,0.00,0.0,BULLISH,0.0,4414.34,4414.34,4414.34,4414.34,28,CLEARED_>=20s,1.0,0.0,0.0,0.0,0.0,0.0,0.0,PASS_<20%,0.00,0.0,NO,STANDBY_VEL_LOW,0,0.00,4590.00,78.36,FALSE,M1_DIRECTION_MISMATCH
2026-09-07 15:57:29.385,1788796649.385,10161,59,298,4414.34,4414.42,8.0,PASS_<=10c,+0.0,FLAT,+0.0,+0.0,4.2,+0.00,0.00,SLOW,4414.34,4414.34,4414.34,4414.34,0.00,0.00,0.0,BULLISH,0.0,4414.34,4414.34,4414.34,4414.34,29,CLEARED_>=20s,1.0,0.0,0.0,0.0,0.0,0.0,0.0,PASS_<20%,0.00,0.0,NO,STANDBY_VEL_LOW,0,0.00,4590.00,78.36,FALSE,M1_DIRECTION_MISMATCH
2026-09-07 15:57:29.885,1788796649.885,10162,60,299,4414.34,4414.42,8.0,PASS_<=10c,+0.0,FLAT,+0.0,+0.0,4.2,+0.00,0.00,SLOW,4414.34,4414.34,4414.34,4414.34,0.00,0.00,0.0,BULLISH,0.0,4414.34,4414.34,4414.34,4414.34,29,CLEARED_>=20s,1.0,0.0,0.0,0.0,0.0,0.0,0.0,PASS_<20%,0.00,0.0,NO,STANDBY_VEL_LOW,0,0.00,4590.00,78.36,FALSE,M1_DIRECTION_MISMATCH
2026-09-07 15:57:30.387,1788796650.388,10163,61,300,4414.34,4414.42,8.0,PASS_<=10c,+0.0,FLAT,+0.0,+0.0,4.2,+0.00,0.00,SLOW,4414.34,4414.34,4414.34,4414.34,0.00,0.00,0.0,BULLISH,0.0,4414.34,4414.34,4414.34,4414.34,30,CLEARED_>=20s,1.0,0.0,0.0,0.0,0.0,0.0,0.0,PASS_<20%,0.00,0.0,NO,STANDBY_VEL_LOW,0,0.00,4590.00,78.36,FALSE,M1_DIRECTION_MISMATCH
2026-09-07 15:57:30.889,1788796650.890,10164,62,301,4414.34,4414.42,8.0,PASS_<=10c,+0.0,FLAT,+0.0,+0.0,4.2,+0.00,0.00,SLOW,4414.34,4414.34,4414.34,4414.34,0.00,0.00,0.0,BULLISH,0.0,4414.34,4414.34,4414.34,4414.34,30,CLEARED_>=20s,1.0,0.0,0.0,0.0,0.0,0.0,0.0,PASS_<20%,0.00,0.0,NO,STANDBY_VEL_LOW,0,0.00,4590.00,78.36,FALSE,M1_DIRECTION_MISMATCH
2026-09-07 15:57:31.390,1788796651.391,10165,63,302,4414.34,4414.42,8.0,PASS_<=10c,+0.0,FLAT,+0.0,+0.0,4.2,+0.00,0.00,SLOW,4414.34,4414.34,4414.34,4414.34,0.00,0.00,0.0,BULLISH,0.0,4414.34,4414.34,4414.34,4414.34,31,CLEARED_>=20s,1.0,0.0,0.0,0.0,0.0,0.0,0.0,PASS_<20%,0.00,0.0,NO,STANDBY_VEL_LOW,0,0.00,4590.00,78.36,FALSE,M1_DIRECTION_MISMATCH
2026-09-07 15:57:31.892,1788796651.892,10166,64,303,4414.34,4414.42,8.0,PASS_<=10c,+0.0,FLAT,+0.0,+0.0,4.2,+0.00,0.00,SLOW,4414.34,4414.34,4414.34,4414.34,0.00,0.00,0.0,BULLISH,0.0,4414.34,4414.34,4414.34,4414.34,31,CLEARED_>=20s,1.0,0.0,0.0,0.0,0.0,0.0,0.0,PASS_<20%,0.00,0.0,NO,STANDBY_VEL_LOW,0,0.00,4590.00,78.36,FALSE,M1_DIRECTION_MISMATCH
2026-09-07 15:57:32.393,1788796652.393,10167,65,304,4414.34,4414.42,8.0,PASS_<=10c,+0.0,FLAT,+0.0,+0.0,4.2,+0.00,0.00,SLOW,4414.34,4414.34,4414.34,4414.34,0.00,0.00,0.0,BULLISH,0.0,4414.34,4414.34,4414.34,4414.34,32,CLEARED_>=20s,1.0,0.0,0.0,0.0,0.0,0.0,0.0,PASS_<20%,0.00,0.0,NO,STANDBY_VEL_LOW,0,0.00,4590.00,78.36,FALSE,M1_DIRECTION_MISMATCH
2026-09-07 15:57:32.894,1788796652.894,10168,66,305,4414.34,4414.42,8.0,PASS_<=10c,+0.0,FLAT,+0.0,+0.0,4.2,+0.00,0.00,SLOW,4414.34,4414.34,4414.34,4414.34,0.00,0.00,0.0,BULLISH,0.0,4414.34,4414.34,4414.34,4414.34,32,CLEARED_>=20s,1.0,0.0,0.0,0.0,0.0,0.0,0.0,PASS_<20%,0.00,0.0,NO,STANDBY_VEL_LOW,0,0.00,4590.00,78.36,FALSE,M1_DIRECTION_MISMATCH
2026-09-07 15:57:33.396,1788796653.396,10169,67,306,4414.34,4414.42,8.0,PASS_<=10c,+0.0,FLAT,+0.0,+0.0,4.2,+0.00,0.00,SLOW,4414.34,4414.34,4414.34,4414.34,0.00,0.00,0.0,BULLISH,0.0,4414.34,4414.34,4414.34,4414.34,33,CLEARED_>=20s,1.0,0.0,0.0,0.0,0.0,0.0,0.0,PASS_<20%,0.00,0.0,NO,STANDBY_VEL_LOW,0,0.00,4590.00,78.36,FALSE,M1_DIRECTION_MISMATCH
2026-09-07 15:57:33.899,1788796653.899,10170,68,307,4414.34,4414.42,8.0,PASS_<=10c,+0.0,FLAT,+0.0,+0.0,4.2,+0.00,0.00,SLOW,4414.34,4414.34,4414.34,4414.34,0.00,0.00,0.0,BULLISH,0.0,4414.34,4414.34,4414.34,4414.34,33,CLEARED_>=20s,1.0,0.0,0.0,0.0,0.0,0.0,0.0,PASS_<20%,0.00,0.0,NO,STANDBY_VEL_LOW,0,0.00,4590.00,78.36,FALSE,M1_DIRECTION_MISMATCH
2026-09-07 15:57:34.400,1788796654.401,10171,69,308,4414.34,4414.42,8.0,PASS_<=10c,+0.0,FLAT,+0.0,+0.0,4.2,+0.00,0.00,SLOW,4414.34,4414.34,4414.34,4414.34,0.00,0.00,0.0,BULLISH,0.0,4414.34,4414.34,4414.34,4414.34,34,CLEARED_>=20s,1.0,0.0,0.0,0.0,0.0,0.0,0.0,PASS_<20%,0.00,0.0,NO,STANDBY_VEL_LOW,0,0.00,4590.00,78.36,FALSE,M1_DIRECTION_MISMATCH
2026-09-07 15:57:34.901,1788796654.902,10172,70,309,4414.34,4414.42,8.0,PASS_<=10c,+0.0,FLAT,+0.0,+0.0,4.2,+0.00,0.00,SLOW,4414.34,4414.34,4414.34,4414.34,0.00,0.00,0.0,BULLISH,0.0,4414.34,4414.34,4414.34,4414.34,34,CLEARED_>=20s,1.0,0.0,0.0,0.0,0.0,0.0,0.0,PASS_<20%,0.00,0.0,NO,STANDBY_VEL_LOW,0,0.00,4590.00,78.36,FALSE,M1_DIRECTION_MISMATCH
2026-09-07 15:57:35.403,1788796655.403,10173,71,310,4414.34,4414.42,8.0,PASS_<=10c,+0.0,FLAT,+0.0,+0.0,4.2,+0.00,0.00,SLOW,4414.34,4414.34,4414.34,4414.34,0.00,0.00,0.0,BULLISH,0.0,4414.34,4414.34,4414.34,4414.34,35,CLEARED_>=20s,1.0,0.0,0.0,0.0,0.0,0.0,0.0,PASS_<20%,0.00,0.0,NO,STANDBY_VEL_LOW,0,0.00,4590.00,78.36,FALSE,M1_DIRECTION_MISMATCH
2026-09-07 15:57:35.906,1788796655.906,10174,72,311,4414.34,4414.42,8.0,PASS_<=10c,+0.0,FLAT,+0.0,+0.0,4.2,+0.00,0.00,SLOW,4414.34,4414.34,4414.34,4414.34,0.00,0.00,0.0,BULLISH,0.0,4414.34,4414.34,4414.34,4414.34,35,CLEARED_>=20s,1.0,0.0,0.0,0.0,0.0,0.0,0.0,PASS_<20%,0.00,0.0,NO,STANDBY_VEL_LOW,0,0.00,4590.00,78.36,FALSE,M1_DIRECTION_MISMATCH
2026-09-07 15:57:36.408,1788796656.408,10175,73,312,4414.34,4414.42,8.0,PASS_<=10c,+0.0,FLAT,+0.0,+0.0,4.2,+0.00,0.00,SLOW,4414.34,4414.34,4414.34,4414.34,0.00,0.00,0.0,BULLISH,0.0,4414.34,4414.34,4414.34,4414.34,36,CLEARED_>=20s,1.0,0.0,0.0,0.0,0.0,0.0,0.0,PASS_<20%,0.00,0.0,NO,STANDBY_VEL_LOW,0,0.00,4590.00,78.36,FALSE,M1_DIRECTION_MISMATCH
2026-09-07 15:57:36.909,1788796656.910,10176,74,313,4414.34,4414.42,8.0,PASS_<=10c,+0.0,FLAT,+0.0,+0.0,4.2,+0.00,0.00,SLOW,4414.34,4414.34,4414.34,4414.34,0.00,0.00,0.0,BULLISH,0.0,4414.34,4414.34,4414.34,4414.34,36,CLEARED_>=20s,1.0,0.0,0.0,0.0,0.0,0.0,0.0,PASS_<20%,0.00,0.0,NO,STANDBY_VEL_LOW,0,0.00,4590.00,78.36,FALSE,M1_DIRECTION_MISMATCH
2026-09-07 15:57:37.411,1788796657.412,10177,75,314,4414.34,4414.42,8.0,PASS_<=10c,+0.0,FLAT,+0.0,+0.0,4.2,+0.00,0.00,SLOW,4414.34,4414.34,4414.34,4414.34,0.00,0.00,0.0,BULLISH,0.0,4414.34,4414.34,4414.34,4414.34,37,CLEARED_>=20s,1.0,0.0,0.0,0.0,0.0,0.0,0.0,PASS_<20%,0.00,0.0,NO,STANDBY_VEL_LOW,0,0.00,4590.00,78.36,FALSE,M1_DIRECTION_MISMATCH
2026-09-07 15:57:37.912,1788796657.912,10178,76,315,4414.34,4414.42,8.0,PASS_<=10c,+0.0,FLAT,+0.0,+0.0,4.2,+0.00,0.00,SLOW,4414.34,4414.34,4414.34,4414.34,0.00,0.00,0.0,BULLISH,0.0,4414.34,4414.34,4414.34,4414.34,37,CLEARED_>=20s,1.0,0.0,0.0,0.0,0.0,0.0,0.0,PASS_<20%,0.00,0.0,NO,STANDBY_VEL_LOW,0,0.00,4590.00,78.36,FALSE,M1_DIRECTION_MISMATCH
2026-09-07 15:57:38.414,1788796658.414,10179,77,316,4414.34,4414.42,8.0,PASS_<=10c,+0.0,FLAT,+0.0,+0.0,4.2,+0.00,0.00,SLOW,4414.34,4414.34,4414.34,4414.34,0.00,0.00,0.0,BULLISH,0.0,4414.34,4414.34,4414.34,4414.34,38,CLEARED_>=20s,1.0,0.0,0.0,0.0,0.0,0.0,0.0,PASS_<20%,0.00,0.0,NO,STANDBY_VEL_LOW,0,0.00,4590.00,78.36,FALSE,M1_DIRECTION_MISMATCH
2026-09-07 15:57:38.915,1788796658.916,10180,78,317,4414.34,4414.42,8.0,PASS_<=10c,+0.0,FLAT,+0.0,+0.0,4.2,+0.00,0.00,SLOW,4414.34,4414.34,4414.34,4414.34,0.00,0.00,0.0,BULLISH,0.0,4414.34,4414.34,4414.34,4414.34,38,CLEARED_>=20s,1.0,0.0,0.0,0.0,0.0,0.0,0.0,PASS_<20%,0.00,0.0,NO,STANDBY_VEL_LOW,0,0.00,4590.00,78.36,FALSE,M1_DIRECTION_MISMATCH
2026-09-07 15:57:39.417,1788796659.417,10181,79,318,4414.34,4414.42,8.0,PASS_<=10c,+0.0,FLAT,+0.0,+0.0,4.2,+0.00,0.00,SLOW,4414.34,4414.34,4414.34,4414.34,0.00,0.00,0.0,BULLISH,0.0,4414.34,4414.34,4414.34,4414.34,39,CLEARED_>=20s,1.0,0.0,0.0,0.0,0.0,0.0,0.0,PASS_<20%,0.00,0.0,NO,STANDBY_VEL_LOW,0,0.00,4590.00,78.36,FALSE,M1_DIRECTION_MISMATCH
2026-09-07 15:57:39.918,1788796659.919,10182,80,319,4414.34,4414.42,8.0,PASS_<=10c,+0.0,FLAT,+0.0,+0.0,4.2,+0.00,0.00,SLOW,4414.34,4414.34,4414.34,4414.34,0.00,0.00,0.0,BULLISH,0.0,4414.34,4414.34,4414.34,4414.34,39,CLEARED_>=20s,1.0,0.0,0.0,0.0,0.0,0.0,0.0,PASS_<20%,0.00,0.0,NO,STANDBY_VEL_LOW,0,0.00,4590.00,78.36,FALSE,M1_DIRECTION_MISMATCH
2026-09-07 15:57:40.419,1788796660.419,10183,81,320,4414.34,4414.42,8.0,PASS_<=10c,+0.0,FLAT,+0.0,+0.0,4.2,+0.00,0.00,SLOW,4414.34,4414.34,4414.34,4414.34,0.00,0.00,0.0,BULLISH,0.0,4414.34,4414.34,4414.34,4414.34,40,CLEARED_>=20s,1.0,0.0,0.0,0.0,0.0,0.0,0.0,PASS_<20%,0.00,0.0,NO,STANDBY_VEL_LOW,0,0.00,4590.00,78.36,FALSE,M1_DIRECTION_MISMATCH
2026-09-07 15:57:40.920,1788796660.920,10184,82,321,4414.34,4414.42,8.0,PASS_<=10c,+0.0,FLAT,+0.0,+0.0,4.2,+0.00,0.00,SLOW,4414.34,4414.34,4414.34,4414.34,0.00,0.00,0.0,BULLISH,0.0,4414.34,4414.34,4414.34,4414.34,40,CLEARED_>=20s,1.0,0.0,0.0,0.0,0.0,0.0,0.0,PASS_<20%,0.00,0.0,NO,STANDBY_VEL_LOW,0,0.00,4590.00,78.36,FALSE,M1_DIRECTION_MISMATCH
2026-09-07 15:57:41.421,1788796661.421,10185,83,322,4414.34,4414.42,8.0,PASS_<=10c,+0.0,FLAT,+0.0,+0.0,4.2,+0.00,0.00,SLOW,4414.34,4414.34,4414.34,4414.34,0.00,0.00,0.0,BULLISH,0.0,4414.34,4414.34,4414.34,4414.34,41,CLEARED_>=20s,1.0,0.0,0.0,0.0,0.0,0.0,0.0,PASS_<20%,0.00,0.0,NO,STANDBY_VEL_LOW,0,0.00,4590.00,78.36,FALSE,M1_DIRECTION_MISMATCH
2026-09-07 15:57:41.922,1788796661.922,10186,84,323,4414.34,4414.42,8.0,PASS_<=10c,+0.0,FLAT,+0.0,+0.0,4.2,+0.00,0.00,SLOW,4414.34,4414.34,4414.34,4414.34,0.00,0.00,0.0,BULLISH,0.0,4414.34,4414.34,4414.34,4414.34,41,CLEARED_>=20s,1.0,0.0,0.0,0.0,0.0,0.0,0.0,PASS_<20%,0.00,0.0,NO,STANDBY_VEL_LOW,0,0.00,4590.00,78.36,FALSE,M1_DIRECTION_MISMATCH
2026-09-07 15:57:42.424,1788796662.424,10187,85,324,4414.34,4414.42,8.0,PASS_<=10c,+0.0,FLAT,+0.0,+0.0,4.2,+0.00,0.00,SLOW,4414.34,4414.34,4414.34,4414.34,0.00,0.00,0.0,BULLISH,0.0,4414.34,4414.34,4414.34,4414.34,42,CLEARED_>=20s,1.0,0.0,0.0,0.0,0.0,0.0,0.0,PASS_<20%,0.00,0.0,NO,STANDBY_VEL_LOW,0,0.00,4590.00,78.36,FALSE,M1_DIRECTION_MISMATCH
2026-09-07 15:57:42.925,1788796662.926,10188,86,325,4414.34,4414.42,8.0,PASS_<=10c,+0.0,FLAT,+0.0,+0.0,4.2,+0.00,0.00,SLOW,4414.34,4414.34,4414.34,4414.34,0.00,0.00,0.0,BULLISH,0.0,4414.34,4414.34,4414.34,4414.34,42,CLEARED_>=20s,1.0,0.0,0.0,0.0,0.0,0.0,0.0,PASS_<20%,0.00,0.0,NO,STANDBY_VEL_LOW,0,0.00,4590.00,78.36,FALSE,M1_DIRECTION_MISMATCH
2026-09-07 15:57:43.428,1788796663.429,10189,87,326,4414.34,4414.42,8.0,PASS_<=10c,+0.0,FLAT,+0.0,+0.0,4.2,+0.00,0.00,SLOW,4414.34,4414.34,4414.34,4414.34,0.00,0.00,0.0,BULLISH,0.0,4414.34,4414.34,4414.34,4414.34,43,CLEARED_>=20s,1.0,0.0,0.0,0.0,0.0,0.0,0.0,PASS_<20%,0.00,0.0,NO,STANDBY_VEL_LOW,0,0.00,4590.00,78.36,FALSE,M1_DIRECTION_MISMATCH
2026-09-07 15:57:43.929,1788796663.929,10190,88,327,4414.34,4414.42,8.0,PASS_<=10c,+0.0,FLAT,+0.0,+0.0,4.2,+0.00,0.00,SLOW,4414.34,4414.34,4414.34,4414.34,0.00,0.00,0.0,BULLISH,0.0,4414.34,4414.34,4414.34,4414.34,43,CLEARED_>=20s,1.0,0.0,0.0,0.0,0.0,0.0,0.0,PASS_<20%,0.00,0.0,NO,STANDBY_VEL_LOW,0,0.00,4590.00,78.36,FALSE,M1_DIRECTION_MISMATCH
2026-09-07 15:57:44.431,1788796664.431,10191,89,328,4414.34,4414.42,8.0,PASS_<=10c,+0.0,FLAT,+0.0,+0.0,4.2,+0.00,0.00,SLOW,4414.34,4414.34,4414.34,4414.34,0.00,0.00,0.0,BULLISH,0.0,4414.34,4414.34,4414.34,4414.34,44,CLEARED_>=20s,1.0,0.0,0.0,0.0,0.0,0.0,0.0,PASS_<20%,0.00,0.0,NO,STANDBY_VEL_LOW,0,0.00,4590.00,78.36,FALSE,M1_DIRECTION_MISMATCH
2026-09-07 15:57:44.931,1788796664.932,10192,90,329,4414.34,4414.42,8.0,PASS_<=10c,+0.0,FLAT,+0.0,+0.0,4.2,+0.00,0.00,SLOW,4414.34,4414.34,4414.34,4414.34,0.00,0.00,0.0,BULLISH,0.0,4414.34,4414.34,4414.34,4414.34,44,CLEARED_>=20s,1.0,0.0,0.0,0.0,0.0,0.0,0.0,PASS_<20%,0.00,0.0,NO,STANDBY_VEL_LOW,0,0.00,4590.00,78.36,FALSE,M1_DIRECTION_MISMATCH
2026-09-07 15:57:45.434,1788796665.435,10193,91,330,4414.34,4414.42,8.0,PASS_<=10c,+0.0,FLAT,+0.0,+0.0,4.2,+0.00,0.00,SLOW,4414.34,4414.34,4414.34,4414.34,0.00,0.00,0.0,BULLISH,0.0,4414.34,4414.34,4414.34,4414.34,45,CLEARED_>=20s,1.0,0.0,0.0,0.0,0.0,0.0,0.0,PASS_<20%,0.00,0.0,NO,STANDBY_VEL_LOW,0,0.00,4590.00,78.36,FALSE,M1_DIRECTION_MISMATCH
2026-09-07 15:57:45.936,1788796665.937,10194,92,331,4414.34,4414.42,8.0,PASS_<=10c,+0.0,FLAT,+0.0,+0.0,4.2,+0.00,0.00,SLOW,4414.34,4414.34,4414.34,4414.34,0.00,0.00,0.0,BULLISH,0.0,4414.34,4414.34,4414.34,4414.34,45,CLEARED_>=20s,1.0,0.0,0.0,0.0,0.0,0.0,0.0,PASS_<20%,0.00,0.0,NO,STANDBY_VEL_LOW,0,0.00,4590.00,78.36,FALSE,M1_DIRECTION_MISMATCH
2026-09-07 15:57:46.438,1788796666.438,10195,93,332,4414.34,4414.42,8.0,PASS_<=10c,+0.0,FLAT,+0.0,+0.0,4.2,+0.00,0.00,SLOW,4414.34,4414.34,4414.34,4414.34,0.00,0.00,0.0,BULLISH,0.0,4414.34,4414.34,4414.34,4414.34,46,CLEARED_>=20s,1.0,0.0,0.0,0.0,0.0,0.0,0.0,PASS_<20%,0.00,0.0,NO,STANDBY_VEL_LOW,0,0.00,4590.00,78.36,FALSE,M1_DIRECTION_MISMATCH
2026-09-07 15:57:46.939,1788796666.939,10196,94,333,4414.34,4414.42,8.0,PASS_<=10c,+0.0,FLAT,+0.0,+0.0,4.2,+0.00,0.00,SLOW,4414.34,4414.34,4414.34,4414.34,0.00,0.00,0.0,BULLISH,0.0,4414.34,4414.34,4414.34,4414.34,46,CLEARED_>=20s,1.0,0.0,0.0,0.0,0.0,0.0,0.0,PASS_<20%,0.00,0.0,NO,STANDBY_VEL_LOW,0,0.00,4590.00,78.36,FALSE,M1_DIRECTION_MISMATCH
2026-09-07 15:57:47.441,1788796667.442,10197,95,334,4414.34,4414.42,8.0,PASS_<=10c,+0.0,FLAT,+0.0,+0.0,4.2,+0.00,0.00,SLOW,4414.34,4414.34,4414.34,4414.34,0.00,0.00,0.0,BULLISH,0.0,4414.34,4414.34,4414.34,4414.34,47,CLEARED_>=20s,1.0,0.0,0.0,0.0,0.0,0.0,0.0,PASS_<20%,0.00,0.0,NO,STANDBY_VEL_LOW,0,0.00,4590.00,78.36,FALSE,M1_DIRECTION_MISMATCH
2026-09-07 15:57:47.942,1788796667.943,10198,96,335,4414.34,4414.42,8.0,PASS_<=10c,+0.0,FLAT,+0.0,+0.0,4.2,+0.00,0.00,SLOW,4414.34,4414.34,4414.34,4414.34,0.00,0.00,0.0,BULLISH,0.0,4414.34,4414.34,4414.34,4414.34,47,CLEARED_>=20s,1.0,0.0,0.0,0.0,0.0,0.0,0.0,PASS_<20%,0.00,0.0,NO,STANDBY_VEL_LOW,0,0.00,4590.00,78.36,FALSE,M1_DIRECTION_MISMATCH
2026-09-07 15:57:48.444,1788796668.444,10199,97,336,4414.34,4414.42,8.0,PASS_<=10c,+0.0,FLAT,+0.0,+0.0,4.2,+0.00,0.00,SLOW,4414.34,4414.34,4414.34,4414.34,0.00,0.00,0.0,BULLISH,0.0,4414.34,4414.34,4414.34,4414.34,48,CLEARED_>=20s,1.0,0.0,0.0,0.0,0.0,0.0,0.0,PASS_<20%,0.00,0.0,NO,STANDBY_VEL_LOW,0,0.00,4590.00,78.36,FALSE,M1_DIRECTION_MISMATCH
2026-09-07 15:57:48.948,1788796668.948,10200,98,337,4414.34,4414.42,8.0,PASS_<=10c,+0.0,FLAT,+0.0,+0.0,4.2,+0.00,0.00,SLOW,4414.34,4414.34,4414.34,4414.34,0.00,0.00,0.0,BULLISH,0.0,4414.34,4414.34,4414.34,4414.34,48,CLEARED_>=20s,1.0,0.0,0.0,0.0,0.0,0.0,0.0,PASS_<20%,0.00,0.0,NO,STANDBY_VEL_LOW,0,0.00,4590.00,78.36,FALSE,M1_DIRECTION_MISMATCH
2026-09-07 15:57:49.447,1788796669.447,10201,99,338,4414.34,4414.42,8.0,PASS_<=10c,+0.0,FLAT,+0.0,+0.0,4.2,+0.00,0.00,SLOW,4414.34,4414.34,4414.34,4414.34,0.00,0.00,0.0,BULLISH,0.0,4414.34,4414.34,4414.34,4414.34,49,CLEARED_>=20s,1.0,0.0,0.0,0.0,0.0,0.0,0.0,PASS_<20%,0.00,0.0,NO,STANDBY_VEL_LOW,0,0.00,4590.00,78.36,FALSE,M1_DIRECTION_MISMATCH
2026-09-07 15:57:49.948,1788796669.948,10202,100,339,4414.34,4414.42,8.0,PASS_<=10c,+0.0,FLAT,+0.0,+0.0,4.2,+0.00,0.00,SLOW,4414.34,4414.34,4414.34,4414.34,0.00,0.00,0.0,BULLISH,0.0,4414.34,4414.34,4414.34,4414.34,49,CLEARED_>=20s,1.0,0.0,0.0,0.0,0.0,0.0,0.0,PASS_<20%,0.00,0.0,NO,STANDBY_VEL_LOW,0,0.00,4590.00,78.36,FALSE,M1_DIRECTION_MISMATCH
2026-09-07 15:57:50.449,1788796670.449,10203,101,340,4414.34,4414.42,8.0,PASS_<=10c,+0.0,FLAT,+0.0,+0.0,4.2,+0.00,0.00,SLOW,4414.34,4414.34,4414.34,4414.34,0.00,0.00,0.0,BULLISH,0.0,4414.34,4414.34,4414.34,4414.34,50,CLEARED_>=20s,1.0,0.0,0.0,0.0,0.0,0.0,0.0,PASS_<20%,0.00,0.0,NO,STANDBY_VEL_LOW,0,0.00,4590.00,78.36,FALSE,M1_DIRECTION_MISMATCH
2026-09-07 15:57:50.951,1788796670.951,10204,102,341,4414.34,4414.42,8.0,PASS_<=10c,+0.0,FLAT,+0.0,+0.0,4.2,+0.00,0.00,SLOW,4414.34,4414.34,4414.34,4414.34,0.00,0.00,0.0,BULLISH,0.0,4414.34,4414.34,4414.34,4414.34,50,CLEARED_>=20s,1.0,0.0,0.0,0.0,0.0,0.0,0.0,PASS_<20%,0.00,0.0,NO,STANDBY_VEL_LOW,0,0.00,4590.00,78.36,FALSE,M1_DIRECTION_MISMATCH
2026-09-07 15:57:51.453,1788796671.453,10205,103,342,4414.34,4414.42,8.0,PASS_<=10c,+0.0,FLAT,+0.0,+0.0,4.2,+0.00,0.00,SLOW,4414.34,4414.34,4414.34,4414.34,0.00,0.00,0.0,BULLISH,0.0,4414.34,4414.34,4414.34,4414.34,51,CLEARED_>=20s,1.0,0.0,0.0,0.0,0.0,0.0,0.0,PASS_<20%,0.00,0.0,NO,STANDBY_VEL_LOW,0,0.00,4590.00,78.36,FALSE,M1_DIRECTION_MISMATCH
2026-09-07 15:57:51.954,1788796671.955,10206,104,343,4414.34,4414.42,8.0,PASS_<=10c,+0.0,FLAT,+0.0,+0.0,4.2,+0.00,0.00,SLOW,4414.34,4414.34,4414.34,4414.34,0.00,0.00,0.0,BULLISH,0.0,4414.34,4414.34,4414.34,4414.34,51,CLEARED_>=20s,1.0,0.0,0.0,0.0,0.0,0.0,0.0,PASS_<20%,0.00,0.0,NO,STANDBY_VEL_LOW,0,0.00,4590.00,78.36,FALSE,M1_DIRECTION_MISMATCH
2026-09-07 15:57:52.456,1788796672.456,10207,105,344,4414.34,4414.42,8.0,PASS_<=10c,+0.0,FLAT,+0.0,+0.0,4.2,+0.00,0.00,SLOW,4414.34,4414.34,4414.34,4414.34,0.00,0.00,0.0,BULLISH,0.0,4414.34,4414.34,4414.34,4414.34,52,CLEARED_>=20s,1.0,0.0,0.0,0.0,0.0,0.0,0.0,PASS_<20%,0.00,0.0,NO,STANDBY_VEL_LOW,0,0.00,4590.00,78.36,FALSE,M1_DIRECTION_MISMATCH
2026-09-07 15:57:52.956,1788796672.957,10208,106,345,4414.34,4414.42,8.0,PASS_<=10c,+0.0,FLAT,+0.0,+0.0,4.2,+0.00,0.00,SLOW,4414.34,4414.34,4414.34,4414.34,0.00,0.00,0.0,BULLISH,0.0,4414.34,4414.34,4414.34,4414.34,52,CLEARED_>=20s,1.0,0.0,0.0,0.0,0.0,0.0,0.0,PASS_<20%,0.00,0.0,NO,STANDBY_VEL_LOW,0,0.00,4590.00,78.36,FALSE,M1_DIRECTION_MISMATCH
2026-09-07 15:57:53.458,1788796673.458,10209,107,346,4414.34,4414.42,8.0,PASS_<=10c,+0.0,FLAT,+0.0,+0.0,4.2,+0.00,0.00,SLOW,4414.34,4414.34,4414.34,4414.34,0.00,0.00,0.0,BULLISH,0.0,4414.34,4414.34,4414.34,4414.34,53,CLEARED_>=20s,1.0,0.0,0.0,0.0,0.0,0.0,0.0,PASS_<20%,0.00,0.0,NO,STANDBY_VEL_LOW,0,0.00,4590.00,78.36,FALSE,M1_DIRECTION_MISMATCH
2026-09-07 15:57:53.960,1788796673.960,10210,108,347,4414.34,4414.42,8.0,PASS_<=10c,+0.0,FLAT,+0.0,+0.0,4.2,+0.00,0.00,SLOW,4414.34,4414.34,4414.34,4414.34,0.00,0.00,0.0,BULLISH,0.0,4414.34,4414.34,4414.34,4414.34,53,CLEARED_>=20s,1.0,0.0,0.0,0.0,0.0,0.0,0.0,PASS_<20%,0.00,0.0,NO,STANDBY_VEL_LOW,0,0.00,4590.00,78.36,FALSE,M1_DIRECTION_MISMATCH
2026-09-07 15:57:54.461,1788796674.461,10211,109,348,4414.34,4414.42,8.0,PASS_<=10c,+0.0,FLAT,+0.0,+0.0,4.2,+0.00,0.00,SLOW,4414.34,4414.34,4414.34,4414.34,0.00,0.00,0.0,BULLISH,0.0,4414.34,4414.34,4414.34,4414.34,54,CLEARED_>=20s,1.0,0.0,0.0,0.0,0.0,0.0,0.0,PASS_<20%,0.00,0.0,NO,STANDBY_VEL_LOW,0,0.00,4590.00,78.36,FALSE,M1_DIRECTION_MISMATCH
2026-09-07 15:57:54.962,1788796674.963,10212,110,349,4414.34,4414.42,8.0,PASS_<=10c,+0.0,FLAT,+0.0,+0.0,4.2,+0.00,0.00,SLOW,4414.34,4414.34,4414.34,4414.34,0.00,0.00,0.0,BULLISH,0.0,4414.34,4414.34,4414.34,4414.34,54,CLEARED_>=20s,1.0,0.0,0.0,0.0,0.0,0.0,0.0,PASS_<20%,0.00,0.0,NO,STANDBY_VEL_LOW,0,0.00,4590.00,78.36,FALSE,M1_DIRECTION_MISMATCH
2026-09-07 15:57:55.464,1788796675.465,10213,111,350,4414.34,4414.42,8.0,PASS_<=10c,+0.0,FLAT,+0.0,+0.0,4.2,+0.00,0.00,SLOW,4414.34,4414.34,4414.34,4414.34,0.00,0.00,0.0,BULLISH,0.0,4414.34,4414.34,4414.34,4414.34,55,CLEARED_>=20s,1.0,0.0,0.0,0.0,0.0,0.0,0.0,PASS_<20%,0.00,0.0,NO,STANDBY_VEL_LOW,0,0.00,4590.00,78.36,FALSE,M1_DIRECTION_MISMATCH
2026-09-07 15:57:55.966,1788796675.966,10214,112,351,4414.34,4414.42,8.0,PASS_<=10c,+0.0,FLAT,+0.0,+0.0,4.2,+0.00,0.00,SLOW,4414.34,4414.34,4414.34,4414.34,0.00,0.00,0.0,BULLISH,0.0,4414.34,4414.34,4414.34,4414.34,55,CLEARED_>=20s,1.0,0.0,0.0,0.0,0.0,0.0,0.0,PASS_<20%,0.00,0.0,NO,STANDBY_VEL_LOW,0,0.00,4590.00,78.36,FALSE,M1_DIRECTION_MISMATCH
2026-09-07 15:57:56.467,1788796676.468,10215,113,352,4414.34,4414.42,8.0,PASS_<=10c,+0.0,FLAT,+0.0,+0.0,4.2,+0.00,0.00,SLOW,4414.34,4414.34,4414.34,4414.34,0.00,0.00,0.0,BULLISH,0.0,4414.34,4414.34,4414.34,4414.34,56,CLEARED_>=20s,1.0,0.0,0.0,0.0,0.0,0.0,0.0,PASS_<20%,0.00,0.0,NO,STANDBY_VEL_LOW,0,0.00,4590.00,78.36,FALSE,M1_DIRECTION_MISMATCH
2026-09-07 15:57:56.970,1788796676.971,10216,114,353,4414.34,4414.42,8.0,PASS_<=10c,+0.0,FLAT,+0.0,+0.0,4.2,+0.00,0.00,SLOW,4414.34,4414.34,4414.34,4414.34,0.00,0.00,0.0,BULLISH,0.0,4414.34,4414.34,4414.34,4414.34,56,CLEARED_>=20s,1.0,0.0,0.0,0.0,0.0,0.0,0.0,PASS_<20%,0.00,0.0,NO,STANDBY_VEL_LOW,0,0.00,4590.00,78.36,FALSE,M1_DIRECTION_MISMATCH
2026-09-07 15:57:57.471,1788796677.471,10217,115,354,4414.34,4414.42,8.0,PASS_<=10c,+0.0,FLAT,+0.0,+0.0,4.2,+0.00,0.00,SLOW,4414.34,4414.34,4414.34,4414.34,0.00,0.00,0.0,BULLISH,0.0,4414.34,4414.34,4414.34,4414.34,57,CLEARED_>=20s,1.0,0.0,0.0,0.0,0.0,0.0,0.0,PASS_<20%,0.00,0.0,NO,STANDBY_VEL_LOW,0,0.00,4590.00,78.36,FALSE,M1_DIRECTION_MISMATCH
2026-09-07 15:57:57.973,1788796677.974,10218,116,355,4414.34,4414.42,8.0,PASS_<=10c,+0.0,FLAT,+0.0,+0.0,4.2,+0.00,0.00,SLOW,4414.34,4414.34,4414.34,4414.34,0.00,0.00,0.0,BULLISH,0.0,4414.34,4414.34,4414.34,4414.34,57,CLEARED_>=20s,1.0,0.0,0.0,0.0,0.0,0.0,0.0,PASS_<20%,0.00,0.0,NO,STANDBY_VEL_LOW,0,0.00,4590.00,78.36,FALSE,M1_DIRECTION_MISMATCH
2026-09-07 15:57:58.474,1788796678.474,10219,117,356,4414.34,4414.42,8.0,PASS_<=10c,+0.0,FLAT,+0.0,+0.0,4.2,+0.00,0.00,SLOW,4414.34,4414.34,4414.34,4414.34,0.00,0.00,0.0,BULLISH,0.0,4414.34,4414.34,4414.34,4414.34,58,CLEARED_>=20s,1.0,0.0,0.0,0.0,0.0,0.0,0.0,PASS_<20%,0.00,0.0,NO,STANDBY_VEL_LOW,0,0.00,4590.00,78.36,FALSE,M1_DIRECTION_MISMATCH
2026-09-07 15:57:58.975,1788796678.976,10220,118,357,4414.34,4414.42,8.0,PASS_<=10c,+0.0,FLAT,+0.0,+0.0,4.2,+0.00,0.00,SLOW,4414.34,4414.34,4414.34,4414.34,0.00,0.00,0.0,BULLISH,0.0,4414.34,4414.34,4414.34,4414.34,58,CLEARED_>=20s,1.0,0.0,0.0,0.0,0.0,0.0,0.0,PASS_<20%,0.00,0.0,NO,STANDBY_VEL_LOW,0,0.00,4590.00,78.36,FALSE,M1_DIRECTION_MISMATCH
2026-09-07 15:57:59.477,1788796679.478,10221,119,358,4414.34,4414.42,8.0,PASS_<=10c,+0.0,FLAT,+0.0,+0.0,4.2,+0.00,0.00,SLOW,4414.34,4414.34,4414.34,4414.34,0.00,0.00,0.0,BULLISH,0.0,4414.34,4414.34,4414.34,4414.34,59,CLEARED_>=20s,1.0,0.0,0.0,0.0,0.0,0.0,0.0,PASS_<20%,0.00,0.0,NO,STANDBY_VEL_LOW,0,0.00,4590.00,78.36,FALSE,M1_DIRECTION_MISMATCH
2026-09-07 15:57:59.979,1788796679.980,10222,120,359,4414.34,4414.42,8.0,PASS_<=10c,+0.0,FLAT,+0.0,+0.0,4.2,+0.00,0.00,SLOW,4414.34,4414.34,4414.34,4414.34,0.00,0.00,0.0,BULLISH,0.0,4414.34,4414.34,4414.34,4414.34,59,CLEARED_>=20s,1.0,0.0,0.0,0.0,0.0,0.0,0.0,PASS_<20%,0.00,0.0,NO,STANDBY_VEL_LOW,0,0.00,4590.00,78.36,FALSE,M1_DIRECTION_MISMATCH
2026-09-07 15:58:00.480,1788796680.481,10223,1,360,4414.34,4414.42,8.0,PASS_<=10c,+0.0,FLAT,+0.0,+0.0,4.2,+0.00,0.00,SLOW,4414.34,4414.34,4414.34,4414.34,0.00,0.00,0.0,BULLISH,0.0,4414.34,4414.34,4414.34,4414.34,0,ACTIVE_0s,1.0,0.0,0.0,0.0,0.0,0.0,0.0,PASS_<20%,0.00,0.0,NO,STANDBY_VEL_LOW,0,0.00,4590.00,78.36,FALSE,M1_DIRECTION_MISMATCH|OPENING_SHIELD_ACTIVE_0s
2026-09-07 15:58:00.982,1788796680.982,10224,2,361,4414.34,4414.42,8.0,PASS_<=10c,+0.0,FLAT,+0.0,+0.0,4.2,+0.00,0.00,SLOW,4414.34,4414.34,4414.34,4414.34,0.00,0.00,0.0,BULLISH,0.0,4414.34,4414.34,4414.34,4414.34,0,ACTIVE_0s,1.0,0.0,0.0,0.0,0.0,0.0,0.0,PASS_<20%,0.00,0.0,NO,STANDBY_VEL_LOW,0,0.00,4590.00,78.36,FALSE,M1_DIRECTION_MISMATCH|OPENING_SHIELD_ACTIVE_0s
2026-09-07 15:58:01.484,1788796681.484,10225,3,362,4414.34,4414.42,8.0,PASS_<=10c,+0.0,FLAT,+0.0,+0.0,4.2,+0.00,0.00,SLOW,4414.34,4414.34,4414.34,4414.34,0.00,0.00,0.0,BULLISH,0.0,4414.34,4414.34,4414.34,4414.34,1,ACTIVE_1s,1.0,0.0,0.0,0.0,0.0,0.0,0.0,PASS_<20%,0.00,0.0,NO,STANDBY_VEL_LOW,0,0.00,4590.00,78.36,FALSE,M1_DIRECTION_MISMATCH|OPENING_SHIELD_ACTIVE_1s
2026-09-07 15:58:01.984,1788796681.984,10226,4,363,4414.34,4414.42,8.0,PASS_<=10c,+0.0,FLAT,+0.0,+0.0,4.2,+0.00,0.00,SLOW,4414.34,4414.34,4414.34,4414.34,0.00,0.00,0.0,BULLISH,0.0,4414.34,4414.34,4414.34,4414.34,1,ACTIVE_1s,1.0,0.0,0.0,0.0,0.0,0.0,0.0,PASS_<20%,0.00,0.0,NO,STANDBY_VEL_LOW,0,0.00,4590.00,78.36,FALSE,M1_DIRECTION_MISMATCH|OPENING_SHIELD_ACTIVE_1s
2026-09-07 15:58:02.486,1788796682.486,10227,5,364,4414.34,4414.42,8.0,PASS_<=10c,+0.0,FLAT,+0.0,+0.0,4.2,+0.00,0.00,SLOW,4414.34,4414.34,4414.34,4414.34,0.00,0.00,0.0,BULLISH,0.0,4414.34,4414.34,4414.34,4414.34,2,ACTIVE_2s,1.0,0.0,0.0,0.0,0.0,0.0,0.0,PASS_<20%,0.00,0.0,NO,STANDBY_VEL_LOW,0,0.00,4590.00,78.36,FALSE,M1_DIRECTION_MISMATCH|OPENING_SHIELD_ACTIVE_2s
2026-09-07 15:58:02.987,1788796682.987,10228,6,365,4414.34,4414.42,8.0,PASS_<=10c,+0.0,FLAT,+0.0,+0.0,4.2,+0.00,0.00,SLOW,4414.34,4414.34,4414.34,4414.34,0.00,0.00,0.0,BULLISH,0.0,4414.34,4414.34,4414.34,4414.34,2,ACTIVE_2s,1.0,0.0,0.0,0.0,0.0,0.0,0.0,PASS_<20%,0.00,0.0,NO,STANDBY_VEL_LOW,0,0.00,4590.00,78.36,FALSE,M1_DIRECTION_MISMATCH|OPENING_SHIELD_ACTIVE_2s
2026-09-07 15:58:03.489,1788796683.489,10229,7,366,4414.34,4414.42,8.0,PASS_<=10c,+0.0,FLAT,+0.0,+0.0,4.2,+0.00,0.00,SLOW,4414.34,4414.34,4414.34,4414.34,0.00,0.00,0.0,BULLISH,0.0,4414.34,4414.34,4414.34,4414.34,3,ACTIVE_3s,1.0,0.0,0.0,0.0,0.0,0.0,0.0,PASS_<20%,0.00,0.0,NO,STANDBY_VEL_LOW,0,0.00,4590.00,78.36,FALSE,M1_DIRECTION_MISMATCH|OPENING_SHIELD_ACTIVE_3s
2026-09-07 15:58:03.990,1788796683.991,10230,8,367,4414.34,4414.42,8.0,PASS_<=10c,+0.0,FLAT,+0.0,+0.0,4.2,+0.00,0.00,SLOW,4414.34,4414.34,4414.34,4414.34,0.00,0.00,0.0,BULLISH,0.0,4414.34,4414.34,4414.34,4414.34,3,ACTIVE_3s,1.0,0.0,0.0,0.0,0.0,0.0,0.0,PASS_<20%,0.00,0.0,NO,STANDBY_VEL_LOW,0,0.00,4590.00,78.36,FALSE,M1_DIRECTION_MISMATCH|OPENING_SHIELD_ACTIVE_3s
2026-09-07 15:58:04.492,1788796684.492,10231,9,368,4414.34,4414.42,8.0,PASS_<=10c,+0.0,FLAT,+0.0,+0.0,4.2,+0.00,0.00,SLOW,4414.34,4414.34,4414.34,4414.34,0.00,0.00,0.0,BULLISH,0.0,4414.34,4414.34,4414.34,4414.34,4,ACTIVE_4s,1.0,0.0,0.0,0.0,0.0,0.0,0.0,PASS_<20%,0.00,0.0,NO,STANDBY_VEL_LOW,0,0.00,4590.00,78.36,FALSE,M1_DIRECTION_MISMATCH|OPENING_SHIELD_ACTIVE_4s
2026-09-07 15:58:04.993,1788796684.993,10232,10,369,4414.34,4414.42,8.0,PASS_<=10c,+0.0,FLAT,+0.0,+0.0,4.2,+0.00,0.00,SLOW,4414.34,4414.34,4414.34,4414.34,0.00,0.00,0.0,BULLISH,0.0,4414.34,4414.34,4414.34,4414.34,4,ACTIVE_4s,1.0,0.0,0.0,0.0,0.0,0.0,0.0,PASS_<20%,0.00,0.0,NO,STANDBY_VEL_LOW,0,0.00,4590.00,78.36,FALSE,M1_DIRECTION_MISMATCH|OPENING_SHIELD_ACTIVE_4s
2026-09-07 15:58:05.495,1788796685.496,10233,11,370,4414.34,4414.42,8.0,PASS_<=10c,+0.0,FLAT,+0.0,+0.0,4.2,+0.00,0.00,SLOW,4414.34,4414.34,4414.34,4414.34,0.00,0.00,0.0,BULLISH,0.0,4414.34,4414.34,4414.34,4414.34,5,ACTIVE_5s,1.0,0.0,0.0,0.0,0.0,0.0,0.0,PASS_<20%,0.00,0.0,NO,STANDBY_VEL_LOW,0,0.00,4590.00,78.36,FALSE,M1_DIRECTION_MISMATCH|OPENING_SHIELD_ACTIVE_5s
2026-09-07 15:58:05.997,1788796685.998,10234,12,371,4414.34,4414.42,8.0,PASS_<=10c,+0.0,FLAT,+0.0,+0.0,4.2,+0.00,0.00,SLOW,4414.34,4414.34,4414.34,4414.34,0.00,0.00,0.0,BULLISH,0.0,4414.34,4414.34,4414.34,4414.34,5,ACTIVE_5s,1.0,0.0,0.0,0.0,0.0,0.0,0.0,PASS_<20%,0.00,0.0,NO,STANDBY_VEL_LOW,0,0.00,4590.00,78.36,FALSE,M1_DIRECTION_MISMATCH|OPENING_SHIELD_ACTIVE_5s
2026-09-07 15:58:06.500,1788796686.500,10235,13,372,4414.34,4414.42,8.0,PASS_<=10c,+0.0,FLAT,+0.0,+0.0,4.2,+0.00,0.00,SLOW,4414.34,4414.34,4414.34,4414.34,0.00,0.00,0.0,BULLISH,0.0,4414.34,4414.34,4414.34,4414.34,6,ACTIVE_6s,1.0,0.0,0.0,0.0,0.0,0.0,0.0,PASS_<20%,0.00,0.0,NO,STANDBY_VEL_LOW,0,0.00,4590.00,78.36,FALSE,M1_DIRECTION_MISMATCH|OPENING_SHIELD_ACTIVE_6s
2026-09-07 15:58:07.001,1788796687.002,10236,14,373,4414.34,4414.42,8.0,PASS_<=10c,+0.0,FLAT,+0.0,+0.0,4.2,+0.00,0.00,SLOW,4414.34,4414.34,4414.34,4414.34,0.00,0.00,0.0,BULLISH,0.0,4414.34,4414.34,4414.34,4414.34,7,ACTIVE_7s,1.0,0.0,0.0,0.0,0.0,0.0,0.0,PASS_<20%,0.00,0.0,NO,STANDBY_VEL_LOW,0,0.00,4590.00,78.36,FALSE,M1_DIRECTION_MISMATCH|OPENING_SHIELD_ACTIVE_7s
2026-09-07 15:58:07.503,1788796687.504,10237,15,374,4414.34,4414.42,8.0,PASS_<=10c,+0.0,FLAT,+0.0,+0.0,4.2,+0.00,0.00,SLOW,4414.34,4414.34,4414.34,4414.34,0.00,0.00,0.0,BULLISH,0.0,4414.34,4414.34,4414.34,4414.34,7,ACTIVE_7s,1.0,0.0,0.0,0.0,0.0,0.0,0.0,PASS_<20%,0.00,0.0,NO,STANDBY_VEL_LOW,0,0.00,4590.00,78.36,FALSE,M1_DIRECTION_MISMATCH|OPENING_SHIELD_ACTIVE_7s
2026-09-07 15:58:08.006,1788796688.006,10238,16,375,4414.34,4414.42,8.0,PASS_<=10c,+0.0,FLAT,+0.0,+0.0,4.2,+0.00,0.00,SLOW,4414.34,4414.34,4414.34,4414.34,0.00,0.00,0.0,BULLISH,0.0,4414.34,4414.34,4414.34,4414.34,8,ACTIVE_8s,1.0,0.0,0.0,0.0,0.0,0.0,0.0,PASS_<20%,0.00,0.0,NO,STANDBY_VEL_LOW,0,0.00,4590.00,78.36,FALSE,M1_DIRECTION_MISMATCH|OPENING_SHIELD_ACTIVE_8s
2026-09-07 15:58:08.506,1788796688.507,10239,17,376,4414.34,4414.42,8.0,PASS_<=10c,+0.0,FLAT,+0.0,+0.0,4.2,+0.00,0.00,SLOW,4414.34,4414.34,4414.34,4414.34,0.00,0.00,0.0,BULLISH,0.0,4414.34,4414.34,4414.34,4414.34,8,ACTIVE_8s,1.0,0.0,0.0,0.0,0.0,0.0,0.0,PASS_<20%,0.00,0.0,NO,STANDBY_VEL_LOW,0,0.00,4590.00,78.36,FALSE,M1_DIRECTION_MISMATCH|OPENING_SHIELD_ACTIVE_8s
2026-09-07 15:58:09.007,1788796689.007,10240,18,377,4414.34,4414.42,8.0,PASS_<=10c,+0.0,FLAT,+0.0,+0.0,4.2,+0.00,0.00,SLOW,4414.34,4414.34,4414.34,4414.34,0.00,0.00,0.0,BULLISH,0.0,4414.34,4414.34,4414.34,4414.34,9,ACTIVE_9s,1.0,0.0,0.0,0.0,0.0,0.0,0.0,PASS_<20%,0.00,0.0,NO,STANDBY_VEL_LOW,0,0.00,4590.00,78.36,FALSE,M1_DIRECTION_MISMATCH|OPENING_SHIELD_ACTIVE_9s
2026-09-07 15:58:09.509,1788796689.509,10241,19,378,4414.34,4414.42,8.0,PASS_<=10c,+0.0,FLAT,+0.0,+0.0,4.2,+0.00,0.00,SLOW,4414.34,4414.34,4414.34,4414.34,0.00,0.00,0.0,BULLISH,0.0,4414.34,4414.34,4414.34,4414.34,9,ACTIVE_9s,1.0,0.0,0.0,0.0,0.0,0.0,0.0,PASS_<20%,0.00,0.0,NO,STANDBY_VEL_LOW,0,0.00,4590.00,78.36,FALSE,M1_DIRECTION_MISMATCH|OPENING_SHIELD_ACTIVE_9s
2026-09-07 15:58:10.011,1788796690.011,10242,20,379,4414.34,4414.42,8.0,PASS_<=10c,+0.0,FLAT,+0.0,+0.0,4.2,+0.00,0.00,SLOW,4414.34,4414.34,4414.34,4414.34,0.00,0.00,0.0,BULLISH,0.0,4414.34,4414.34,4414.34,4414.34,10,ACTIVE_10s,1.0,0.0,0.0,0.0,0.0,0.0,0.0,PASS_<20%,0.00,0.0,NO,STANDBY_VEL_LOW,0,0.00,4590.00,78.36,FALSE,M1_DIRECTION_MISMATCH|OPENING_SHIELD_ACTIVE_10s
2026-09-07 15:58:10.512,1788796690.513,10243,21,380,4414.34,4414.42,8.0,PASS_<=10c,+0.0,FLAT,+0.0,+0.0,4.2,+0.00,0.00,SLOW,4414.34,4414.34,4414.34,4414.34,0.00,0.00,0.0,BULLISH,0.0,4414.34,4414.34,4414.34,4414.34,10,ACTIVE_10s,1.0,0.0,0.0,0.0,0.0,0.0,0.0,PASS_<20%,0.00,0.0,NO,STANDBY_VEL_LOW,0,0.00,4590.00,78.36,FALSE,M1_DIRECTION_MISMATCH|OPENING_SHIELD_ACTIVE_10s
2026-09-07 15:58:11.014,1788796691.014,10244,22,381,4414.34,4414.42,8.0,PASS_<=10c,+0.0,FLAT,+0.0,+0.0,4.2,+0.00,0.00,SLOW,4414.34,4414.34,4414.34,4414.34,0.00,0.00,0.0,BULLISH,0.0,4414.34,4414.34,4414.34,4414.34,11,ACTIVE_11s,1.0,0.0,0.0,0.0,0.0,0.0,0.0,PASS_<20%,0.00,0.0,NO,STANDBY_VEL_LOW,0,0.00,4590.00,78.36,FALSE,M1_DIRECTION_MISMATCH|OPENING_SHIELD_ACTIVE_11s
2026-09-07 15:58:11.516,1788796691.516,10245,23,382,4414.34,4414.42,8.0,PASS_<=10c,+0.0,FLAT,+0.0,+0.0,4.2,+0.00,0.00,SLOW,4414.34,4414.34,4414.34,4414.34,0.00,0.00,0.0,BULLISH,0.0,4414.34,4414.34,4414.34,4414.34,11,ACTIVE_11s,1.0,0.0,0.0,0.0,0.0,0.0,0.0,PASS_<20%,0.00,0.0,NO,STANDBY_VEL_LOW,0,0.00,4590.00,78.36,FALSE,M1_DIRECTION_MISMATCH|OPENING_SHIELD_ACTIVE_11s
2026-09-07 15:58:12.017,1788796692.017,10246,24,383,4414.34,4414.42,8.0,PASS_<=10c,+0.0,FLAT,+0.0,+0.0,4.2,+0.00,0.00,SLOW,4414.34,4414.34,4414.34,4414.34,0.00,0.00,0.0,BULLISH,0.0,4414.34,4414.34,4414.34,4414.34,12,ACTIVE_12s,1.0,0.0,0.0,0.0,0.0,0.0,0.0,PASS_<20%,0.00,0.0,NO,STANDBY_VEL_LOW,0,0.00,4590.00,78.36,FALSE,M1_DIRECTION_MISMATCH|OPENING_SHIELD_ACTIVE_12s
2026-09-07 15:58:12.518,1788796692.518,10247,25,384,4414.34,4414.42,8.0,PASS_<=10c,+0.0,FLAT,+0.0,+0.0,4.2,+0.00,0.00,SLOW,4414.34,4414.34,4414.34,4414.34,0.00,0.00,0.0,BULLISH,0.0,4414.34,4414.34,4414.34,4414.34,12,ACTIVE_12s,1.0,0.0,0.0,0.0,0.0,0.0,0.0,PASS_<20%,0.00,0.0,NO,STANDBY_VEL_LOW,0,0.00,4590.00,78.36,FALSE,M1_DIRECTION_MISMATCH|OPENING_SHIELD_ACTIVE_12s
2026-09-07 15:58:13.020,1788796693.021,10248,26,385,4414.34,4414.42,8.0,PASS_<=10c,+0.0,FLAT,+0.0,+0.0,4.2,+0.00,0.00,SLOW,4414.34,4414.34,4414.34,4414.34,0.00,0.00,0.0,BULLISH,0.0,4414.34,4414.34,4414.34,4414.34,13,ACTIVE_13s,1.0,0.0,0.0,0.0,0.0,0.0,0.0,PASS_<20%,0.00,0.0,NO,STANDBY_VEL_LOW,0,0.00,4590.00,78.36,FALSE,M1_DIRECTION_MISMATCH|OPENING_SHIELD_ACTIVE_13s
2026-09-07 15:58:13.520,1788796693.521,10249,27,386,4414.34,4414.42,8.0,PASS_<=10c,+0.0,FLAT,+0.0,+0.0,4.2,+0.00,0.00,SLOW,4414.34,4414.34,4414.34,4414.34,0.00,0.00,0.0,BULLISH,0.0,4414.34,4414.34,4414.34,4414.34,13,ACTIVE_13s,1.0,0.0,0.0,0.0,0.0,0.0,0.0,PASS_<20%,0.00,0.0,NO,STANDBY_VEL_LOW,0,0.00,4590.00,78.36,FALSE,M1_DIRECTION_MISMATCH|OPENING_SHIELD_ACTIVE_13s
2026-09-07 15:58:14.023,1788796694.023,10250,28,387,4414.34,4414.42,8.0,PASS_<=10c,+0.0,FLAT,+0.0,+0.0,4.2,+0.00,0.00,SLOW,4414.34,4414.34,4414.34,4414.34,0.00,0.00,0.0,BULLISH,0.0,4414.34,4414.34,4414.34,4414.34,14,ACTIVE_14s,1.0,0.0,0.0,0.0,0.0,0.0,0.0,PASS_<20%,0.00,0.0,NO,STANDBY_VEL_LOW,0,0.00,4590.00,78.36,FALSE,M1_DIRECTION_MISMATCH|OPENING_SHIELD_ACTIVE_14s
2026-09-07 15:58:14.524,1788796694.525,10251,29,388,4414.34,4414.42,8.0,PASS_<=10c,+0.0,FLAT,+0.0,+0.0,4.2,+0.00,0.00,SLOW,4414.34,4414.34,4414.34,4414.34,0.00,0.00,0.0,BULLISH,0.0,4414.34,4414.34,4414.34,4414.34,14,ACTIVE_14s,1.0,0.0,0.0,0.0,0.0,0.0,0.0,PASS_<20%,0.00,0.0,NO,STANDBY_VEL_LOW,0,0.00,4590.00,78.36,FALSE,M1_DIRECTION_MISMATCH|OPENING_SHIELD_ACTIVE_14s
2026-09-07 15:58:15.027,1788796695.027,10252,30,389,4414.34,4414.42,8.0,PASS_<=10c,+0.0,FLAT,+0.0,+0.0,4.2,+0.00,0.00,SLOW,4414.34,4414.34,4414.34,4414.34,0.00,0.00,0.0,BULLISH,0.0,4414.34,4414.34,4414.34,4414.34,15,ACTIVE_15s,1.0,0.0,0.0,0.0,0.0,0.0,0.0,PASS_<20%,0.00,0.0,NO,STANDBY_VEL_LOW,0,0.00,4590.00,78.36,FALSE,M1_DIRECTION_MISMATCH|OPENING_SHIELD_ACTIVE_15s
2026-09-07 15:58:15.529,1788796695.529,10253,31,390,4414.34,4414.42,8.0,PASS_<=10c,+0.0,FLAT,+0.0,+0.0,4.2,+0.00,0.00,SLOW,4414.34,4414.34,4414.34,4414.34,0.00,0.00,0.0,BULLISH,0.0,4414.34,4414.34,4414.34,4414.34,15,ACTIVE_15s,1.0,0.0,0.0,0.0,0.0,0.0,0.0,PASS_<20%,0.00,0.0,NO,STANDBY_VEL_LOW,0,0.00,4590.00,78.36,FALSE,M1_DIRECTION_MISMATCH|OPENING_SHIELD_ACTIVE_15s
2026-09-07 15:58:16.031,1788796696.031,10254,32,391,4414.34,4414.42,8.0,PASS_<=10c,+0.0,FLAT,+0.0,+0.0,4.2,+0.00,0.00,SLOW,4414.34,4414.34,4414.34,4414.34,0.00,0.00,0.0,BULLISH,0.0,4414.34,4414.34,4414.34,4414.34,16,ACTIVE_16s,1.0,0.0,0.0,0.0,0.0,0.0,0.0,PASS_<20%,0.00,0.0,NO,STANDBY_VEL_LOW,0,0.00,4590.00,78.36,FALSE,M1_DIRECTION_MISMATCH|OPENING_SHIELD_ACTIVE_16s
2026-09-07 15:58:16.538,1788796696.538,10255,33,392,4414.34,4414.42,8.0,PASS_<=10c,+0.0,FLAT,+0.0,+0.0,4.2,+0.00,0.00,SLOW,4414.34,4414.34,4414.34,4414.34,0.00,0.00,0.0,BULLISH,0.0,4414.34,4414.34,4414.34,4414.34,16,ACTIVE_16s,1.0,0.0,0.0,0.0,0.0,0.0,0.0,PASS_<20%,0.00,0.0,NO,STANDBY_VEL_LOW,0,0.00,4590.00,78.36,FALSE,M1_DIRECTION_MISMATCH|OPENING_SHIELD_ACTIVE_16s
2026-09-07 15:58:17.036,1788796697.036,10256,34,393,4414.34,4414.42,8.0,PASS_<=10c,+0.0,FLAT,+0.0,+0.0,4.2,+0.00,0.00,SLOW,4414.34,4414.34,4414.34,4414.34,0.00,0.00,0.0,BULLISH,0.0,4414.34,4414.34,4414.34,4414.34,17,ACTIVE_17s,1.0,0.0,0.0,0.0,0.0,0.0,0.0,PASS_<20%,0.00,0.0,NO,STANDBY_VEL_LOW,0,0.00,4590.00,78.36,FALSE,M1_DIRECTION_MISMATCH|OPENING_SHIELD_ACTIVE_17s
2026-09-07 15:58:17.537,1788796697.537,10257,35,394,4414.34,4414.42,8.0,PASS_<=10c,+0.0,FLAT,+0.0,+0.0,4.2,+0.00,0.00,SLOW,4414.34,4414.34,4414.34,4414.34,0.00,0.00,0.0,BULLISH,0.0,4414.34,4414.34,4414.34,4414.34,17,ACTIVE_17s,1.0,0.0,0.0,0.0,0.0,0.0,0.0,PASS_<20%,0.00,0.0,NO,STANDBY_VEL_LOW,0,0.00,4590.00,78.36,FALSE,M1_DIRECTION_MISMATCH|OPENING_SHIELD_ACTIVE_17s
2026-09-07 15:58:18.039,1788796698.039,10258,36,395,4414.34,4414.42,8.0,PASS_<=10c,+0.0,FLAT,+0.0,+0.0,4.2,+0.00,0.00,SLOW,4414.34,4414.34,4414.34,4414.34,0.00,0.00,0.0,BULLISH,0.0,4414.34,4414.34,4414.34,4414.34,18,ACTIVE_18s,1.0,0.0,0.0,0.0,0.0,0.0,0.0,PASS_<20%,0.00,0.0,NO,STANDBY_VEL_LOW,0,0.00,4590.00,78.36,FALSE,M1_DIRECTION_MISMATCH|OPENING_SHIELD_ACTIVE_18s
2026-09-07 15:58:18.540,1788796698.540,10259,37,396,4414.34,4414.42,8.0,PASS_<=10c,+0.0,FLAT,+0.0,+0.0,4.2,+0.00,0.00,SLOW,4414.34,4414.34,4414.34,4414.34,0.00,0.00,0.0,BULLISH,0.0,4414.34,4414.34,4414.34,4414.34,18,ACTIVE_18s,1.0,0.0,0.0,0.0,0.0,0.0,0.0,PASS_<20%,0.00,0.0,NO,STANDBY_VEL_LOW,0,0.00,4590.00,78.36,FALSE,M1_DIRECTION_MISMATCH|OPENING_SHIELD_ACTIVE_18s
2026-09-07 15:58:19.042,1788796699.042,10260,38,397,4414.34,4414.42,8.0,PASS_<=10c,+0.0,FLAT,+0.0,+0.0,4.2,+0.00,0.00,SLOW,4414.34,4414.34,4414.34,4414.34,0.00,0.00,0.0,BULLISH,0.0,4414.34,4414.34,4414.34,4414.34,19,ACTIVE_19s,1.0,0.0,0.0,0.0,0.0,0.0,0.0,PASS_<20%,0.00,0.0,NO,STANDBY_VEL_LOW,0,0.00,4590.00,78.36,FALSE,M1_DIRECTION_MISMATCH|OPENING_SHIELD_ACTIVE_19s
2026-09-07 15:58:19.544,1788796699.544,10261,39,398,4414.34,4414.42,8.0,PASS_<=10c,+0.0,FLAT,+0.0,+0.0,4.2,+0.00,0.00,SLOW,4414.34,4414.34,4414.34,4414.34,0.00,0.00,0.0,BULLISH,0.0,4414.34,4414.34,4414.34,4414.34,19,ACTIVE_19s,1.0,0.0,0.0,0.0,0.0,0.0,0.0,PASS_<20%,0.00,0.0,NO,STANDBY_VEL_LOW,0,0.00,4590.00,78.36,FALSE,M1_DIRECTION_MISMATCH|OPENING_SHIELD_ACTIVE_19s
2026-09-07 15:58:20.046,1788796700.046,10262,40,399,4414.34,4414.42,8.0,PASS_<=10c,+0.0,FLAT,+0.0,+0.0,4.2,+0.00,0.00,SLOW,4414.34,4414.34,4414.34,4414.34,0.00,0.00,0.0,BULLISH,0.0,4414.34,4414.34,4414.34,4414.34,20,CLEARED_>=20s,1.0,0.0,0.0,0.0,0.0,0.0,0.0,PASS_<20%,0.00,0.0,NO,STANDBY_VEL_LOW,0,0.00,4590.00,78.36,FALSE,M1_DIRECTION_MISMATCH
2026-09-07 15:58:20.548,1788796700.548,10263,41,400,4414.34,4414.42,8.0,PASS_<=10c,+0.0,FLAT,+0.0,+0.0,4.2,+0.00,0.00,SLOW,4414.34,4414.34,4414.34,4414.34,0.00,0.00,0.0,BULLISH,0.0,4414.34,4414.34,4414.34,4414.34,20,CLEARED_>=20s,1.0,0.0,0.0,0.0,0.0,0.0,0.0,PASS_<20%,0.00,0.0,NO,STANDBY_VEL_LOW,0,0.00,4590.00,78.36,FALSE,M1_DIRECTION_MISMATCH
2026-09-07 15:58:21.049,1788796701.050,10264,42,401,4414.34,4414.42,8.0,PASS_<=10c,+0.0,FLAT,+0.0,+0.0,4.2,+0.00,0.00,SLOW,4414.34,4414.34,4414.34,4414.34,0.00,0.00,0.0,BULLISH,0.0,4414.34,4414.34,4414.34,4414.34,21,CLEARED_>=20s,1.0,0.0,0.0,0.0,0.0,0.0,0.0,PASS_<20%,0.00,0.0,NO,STANDBY_VEL_LOW,0,0.00,4590.00,78.36,FALSE,M1_DIRECTION_MISMATCH
2026-09-07 15:58:21.550,1788796701.551,10265,43,402,4414.34,4414.42,8.0,PASS_<=10c,+0.0,FLAT,+0.0,+0.0,4.2,+0.00,0.00,SLOW,4414.34,4414.34,4414.34,4414.34,0.00,0.00,0.0,BULLISH,0.0,4414.34,4414.34,4414.34,4414.34,21,CLEARED_>=20s,1.0,0.0,0.0,0.0,0.0,0.0,0.0,PASS_<20%,0.00,0.0,NO,STANDBY_VEL_LOW,0,0.00,4590.00,78.36,FALSE,M1_DIRECTION_MISMATCH
2026-09-07 15:58:22.052,1788796702.052,10266,44,403,4414.34,4414.42,8.0,PASS_<=10c,+0.0,FLAT,+0.0,+0.0,4.2,+0.00,0.00,SLOW,4414.34,4414.34,4414.34,4414.34,0.00,0.00,0.0,BULLISH,0.0,4414.34,4414.34,4414.34,4414.34,22,CLEARED_>=20s,1.0,0.0,0.0,0.0,0.0,0.0,0.0,PASS_<20%,0.00,0.0,NO,STANDBY_VEL_LOW,0,0.00,4590.00,78.36,FALSE,M1_DIRECTION_MISMATCH
2026-09-07 15:58:22.553,1788796702.554,10267,45,404,4414.34,4414.42,8.0,PASS_<=10c,+0.0,FLAT,+0.0,+0.0,4.2,+0.00,0.00,SLOW,4414.34,4414.34,4414.34,4414.34,0.00,0.00,0.0,BULLISH,0.0,4414.34,4414.34,4414.34,4414.34,22,CLEARED_>=20s,1.0,0.0,0.0,0.0,0.0,0.0,0.0,PASS_<20%,0.00,0.0,NO,STANDBY_VEL_LOW,0,0.00,4590.00,78.36,FALSE,M1_DIRECTION_MISMATCH
2026-09-07 15:58:23.055,1788796703.056,10268,46,405,4414.34,4414.42,8.0,PASS_<=10c,+0.0,FLAT,+0.0,+0.0,4.2,+0.00,0.00,SLOW,4414.34,4414.34,4414.34,4414.34,0.00,0.00,0.0,BULLISH,0.0,4414.34,4414.34,4414.34,4414.34,23,CLEARED_>=20s,1.0,0.0,0.0,0.0,0.0,0.0,0.0,PASS_<20%,0.00,0.0,NO,STANDBY_VEL_LOW,0,0.00,4590.00,78.36,FALSE,M1_DIRECTION_MISMATCH
2026-09-07 15:58:23.557,1788796703.557,10269,47,406,4414.34,4414.42,8.0,PASS_<=10c,+0.0,FLAT,+0.0,+0.0,4.2,+0.00,0.00,SLOW,4414.34,4414.34,4414.34,4414.34,0.00,0.00,0.0,BULLISH,0.0,4414.34,4414.34,4414.34,4414.34,23,CLEARED_>=20s,1.0,0.0,0.0,0.0,0.0,0.0,0.0,PASS_<20%,0.00,0.0,NO,STANDBY_VEL_LOW,0,0.00,4590.00,78.36,FALSE,M1_DIRECTION_MISMATCH
2026-09-07 15:58:24.059,1788796704.059,10270,48,407,4414.34,4414.42,8.0,PASS_<=10c,+0.0,FLAT,+0.0,+0.0,4.2,+0.00,0.00,SLOW,4414.34,4414.34,4414.34,4414.34,0.00,0.00,0.0,BULLISH,0.0,4414.34,4414.34,4414.34,4414.34,24,CLEARED_>=20s,1.0,0.0,0.0,0.0,0.0,0.0,0.0,PASS_<20%,0.00,0.0,NO,STANDBY_VEL_LOW,0,0.00,4590.00,78.36,FALSE,M1_DIRECTION_MISMATCH
2026-09-07 15:58:24.561,1788796704.561,10271,49,408,4414.34,4414.42,8.0,PASS_<=10c,+0.0,FLAT,+0.0,+0.0,4.2,+0.00,0.00,SLOW,4414.34,4414.34,4414.34,4414.34,0.00,0.00,0.0,BULLISH,0.0,4414.34,4414.34,4414.34,4414.34,24,CLEARED_>=20s,1.0,0.0,0.0,0.0,0.0,0.0,0.0,PASS_<20%,0.00,0.0,NO,STANDBY_VEL_LOW,0,0.00,4590.00,78.36,FALSE,M1_DIRECTION_MISMATCH
2026-09-07 15:58:25.063,1788796705.064,10272,50,409,4414.34,4414.42,8.0,PASS_<=10c,+0.0,FLAT,+0.0,+0.0,4.2,+0.00,0.00,SLOW,4414.34,4414.34,4414.34,4414.34,0.00,0.00,0.0,BULLISH,0.0,4414.34,4414.34,4414.34,4414.34,25,CLEARED_>=20s,1.0,0.0,0.0,0.0,0.0,0.0,0.0,PASS_<20%,0.00,0.0,NO,STANDBY_VEL_LOW,0,0.00,4590.00,78.36,FALSE,M1_DIRECTION_MISMATCH
2026-09-07 15:58:25.565,1788796705.565,10273,51,410,4414.34,4414.42,8.0,PASS_<=10c,+0.0,FLAT,+0.0,+0.0,4.2,+0.00,0.00,SLOW,4414.34,4414.34,4414.34,4414.34,0.00,0.00,0.0,BULLISH,0.0,4414.34,4414.34,4414.34,4414.34,25,CLEARED_>=20s,1.0,0.0,0.0,0.0,0.0,0.0,0.0,PASS_<20%,0.00,0.0,NO,STANDBY_VEL_LOW,0,0.00,4590.00,78.36,FALSE,M1_DIRECTION_MISMATCH
2026-09-07 15:58:26.067,1788796706.067,10274,52,411,4414.34,4414.42,8.0,PASS_<=10c,+0.0,FLAT,+0.0,+0.0,4.2,+0.00,0.00,SLOW,4414.34,4414.34,4414.34,4414.34,0.00,0.00,0.0,BULLISH,0.0,4414.34,4414.34,4414.34,4414.34,26,CLEARED_>=20s,1.0,0.0,0.0,0.0,0.0,0.0,0.0,PASS_<20%,0.00,0.0,NO,STANDBY_VEL_LOW,0,0.00,4590.00,78.36,FALSE,M1_DIRECTION_MISMATCH
2026-09-07 15:58:26.569,1788796706.570,10275,53,412,4414.34,4414.42,8.0,PASS_<=10c,+0.0,FLAT,+0.0,+0.0,4.2,+0.00,0.00,SLOW,4414.34,4414.34,4414.34,4414.34,0.00,0.00,0.0,BULLISH,0.0,4414.34,4414.34,4414.34,4414.34,26,CLEARED_>=20s,1.0,0.0,0.0,0.0,0.0,0.0,0.0,PASS_<20%,0.00,0.0,NO,STANDBY_VEL_LOW,0,0.00,4590.00,78.36,FALSE,M1_DIRECTION_MISMATCH
2026-09-07 15:58:27.069,1788796707.070,10276,54,413,4414.34,4414.42,8.0,PASS_<=10c,+0.0,FLAT,+0.0,+0.0,4.2,+0.00,0.00,SLOW,4414.34,4414.34,4414.34,4414.34,0.00,0.00,0.0,BULLISH,0.0,4414.34,4414.34,4414.34,4414.34,27,CLEARED_>=20s,1.0,0.0,0.0,0.0,0.0,0.0,0.0,PASS_<20%,0.00,0.0,NO,STANDBY_VEL_LOW,0,0.00,4590.00,78.36,FALSE,M1_DIRECTION_MISMATCH
2026-09-07 15:58:27.571,1788796707.571,10277,55,414,4414.34,4414.42,8.0,PASS_<=10c,+0.0,FLAT,+0.0,+0.0,4.2,+0.00,0.00,SLOW,4414.34,4414.34,4414.34,4414.34,0.00,0.00,0.0,BULLISH,0.0,4414.34,4414.34,4414.34,4414.34,27,CLEARED_>=20s,1.0,0.0,0.0,0.0,0.0,0.0,0.0,PASS_<20%,0.00,0.0,NO,STANDBY_VEL_LOW,0,0.00,4590.00,78.36,FALSE,M1_DIRECTION_MISMATCH
2026-09-07 15:58:28.073,1788796708.073,10278,56,415,4414.34,4414.42,8.0,PASS_<=10c,+0.0,FLAT,+0.0,+0.0,4.2,+0.00,0.00,SLOW,4414.34,4414.34,4414.34,4414.34,0.00,0.00,0.0,BULLISH,0.0,4414.34,4414.34,4414.34,4414.34,28,CLEARED_>=20s,1.0,0.0,0.0,0.0,0.0,0.0,0.0,PASS_<20%,0.00,0.0,NO,STANDBY_VEL_LOW,0,0.00,4590.00,78.36,FALSE,M1_DIRECTION_MISMATCH
2026-09-07 15:58:28.574,1788796708.574,10279,57,416,4414.34,4414.42,8.0,PASS_<=10c,+0.0,FLAT,+0.0,+0.0,4.2,+0.00,0.00,SLOW,4414.34,4414.34,4414.34,4414.34,0.00,0.00,0.0,BULLISH,0.0,4414.34,4414.34,4414.34,4414.34,28,CLEARED_>=20s,1.0,0.0,0.0,0.0,0.0,0.0,0.0,PASS_<20%,0.00,0.0,NO,STANDBY_VEL_LOW,0,0.00,4590.00,78.36,FALSE,M1_DIRECTION_MISMATCH
2026-09-07 15:58:29.075,1788796709.075,10280,58,417,4414.34,4414.42,8.0,PASS_<=10c,+0.0,FLAT,+0.0,+0.0,4.2,+0.00,0.00,SLOW,4414.34,4414.34,4414.34,4414.34,0.00,0.00,0.0,BULLISH,0.0,4414.34,4414.34,4414.34,4414.34,29,CLEARED_>=20s,1.0,0.0,0.0,0.0,0.0,0.0,0.0,PASS_<20%,0.00,0.0,NO,STANDBY_VEL_LOW,0,0.00,4590.00,78.36,FALSE,M1_DIRECTION_MISMATCH
2026-09-07 15:58:29.576,1788796709.577,10281,59,418,4414.34,4414.42,8.0,PASS_<=10c,+0.0,FLAT,+0.0,+0.0,4.2,+0.00,0.00,SLOW,4414.34,4414.34,4414.34,4414.34,0.00,0.00,0.0,BULLISH,0.0,4414.34,4414.34,4414.34,4414.34,29,CLEARED_>=20s,1.0,0.0,0.0,0.0,0.0,0.0,0.0,PASS_<20%,0.00,0.0,NO,STANDBY_VEL_LOW,0,0.00,4590.00,78.36,FALSE,M1_DIRECTION_MISMATCH
2026-09-07 15:58:30.077,1788796710.077,10282,60,419,4414.34,4414.42,8.0,PASS_<=10c,+0.0,FLAT,+0.0,+0.0,4.2,+0.00,0.00,SLOW,4414.34,4414.34,4414.34,4414.34,0.00,0.00,0.0,BULLISH,0.0,4414.34,4414.34,4414.34,4414.34,30,CLEARED_>=20s,1.0,0.0,0.0,0.0,0.0,0.0,0.0,PASS_<20%,0.00,0.0,NO,STANDBY_VEL_LOW,0,0.00,4590.00,78.36,FALSE,M1_DIRECTION_MISMATCH
2026-09-07 15:58:30.578,1788796710.579,10283,61,420,4414.34,4414.42,8.0,PASS_<=10c,+0.0,FLAT,+0.0,+0.0,4.2,+0.00,0.00,SLOW,4414.34,4414.34,4414.34,4414.34,0.00,0.00,0.0,BULLISH,0.0,4414.34,4414.34,4414.34,4414.34,30,CLEARED_>=20s,1.0,0.0,0.0,0.0,0.0,0.0,0.0,PASS_<20%,0.00,0.0,NO,STANDBY_VEL_LOW,0,0.00,4590.00,78.36,FALSE,M1_DIRECTION_MISMATCH
2026-09-07 15:58:31.080,1788796711.081,10284,62,421,4414.34,4414.42,8.0,PASS_<=10c,+0.0,FLAT,+0.0,+0.0,4.2,+0.00,0.00,SLOW,4414.34,4414.34,4414.34,4414.34,0.00,0.00,0.0,BULLISH,0.0,4414.34,4414.34,4414.34,4414.34,31,CLEARED_>=20s,1.0,0.0,0.0,0.0,0.0,0.0,0.0,PASS_<20%,0.00,0.0,NO,STANDBY_VEL_LOW,0,0.00,4590.00,78.36,FALSE,M1_DIRECTION_MISMATCH
2026-09-07 15:58:31.582,1788796711.583,10285,63,422,4414.34,4414.42,8.0,PASS_<=10c,+0.0,FLAT,+0.0,+0.0,4.2,+0.00,0.00,SLOW,4414.34,4414.34,4414.34,4414.34,0.00,0.00,0.0,BULLISH,0.0,4414.34,4414.34,4414.34,4414.34,31,CLEARED_>=20s,1.0,0.0,0.0,0.0,0.0,0.0,0.0,PASS_<20%,0.00,0.0,NO,STANDBY_VEL_LOW,0,0.00,4590.00,78.36,FALSE,M1_DIRECTION_MISMATCH
2026-09-07 15:58:32.084,1788796712.084,10286,64,423,4414.34,4414.42,8.0,PASS_<=10c,+0.0,FLAT,+0.0,+0.0,4.2,+0.00,0.00,SLOW,4414.34,4414.34,4414.34,4414.34,0.00,0.00,0.0,BULLISH,0.0,4414.34,4414.34,4414.34,4414.34,32,CLEARED_>=20s,1.0,0.0,0.0,0.0,0.0,0.0,0.0,PASS_<20%,0.00,0.0,NO,STANDBY_VEL_LOW,0,0.00,4590.00,78.36,FALSE,M1_DIRECTION_MISMATCH
2026-09-07 15:58:32.586,1788796712.586,10287,65,424,4414.34,4414.42,8.0,PASS_<=10c,+0.0,FLAT,+0.0,+0.0,4.2,+0.00,0.00,SLOW,4414.34,4414.34,4414.34,4414.34,0.00,0.00,0.0,BULLISH,0.0,4414.34,4414.34,4414.34,4414.34,32,CLEARED_>=20s,1.0,0.0,0.0,0.0,0.0,0.0,0.0,PASS_<20%,0.00,0.0,NO,STANDBY_VEL_LOW,0,0.00,4590.00,78.36,FALSE,M1_DIRECTION_MISMATCH
2026-09-07 15:58:33.089,1788796713.089,10288,66,425,4414.34,4414.42,8.0,PASS_<=10c,+0.0,FLAT,+0.0,+0.0,4.2,+0.00,0.00,SLOW,4414.34,4414.34,4414.34,4414.34,0.00,0.00,0.0,BULLISH,0.0,4414.34,4414.34,4414.34,4414.34,33,CLEARED_>=20s,1.0,0.0,0.0,0.0,0.0,0.0,0.0,PASS_<20%,0.00,0.0,NO,STANDBY_VEL_LOW,0,0.00,4590.00,78.36,FALSE,M1_DIRECTION_MISMATCH
2026-09-07 15:58:33.590,1788796713.591,10289,67,426,4414.34,4414.42,8.0,PASS_<=10c,+0.0,FLAT,+0.0,+0.0,4.2,+0.00,0.00,SLOW,4414.34,4414.34,4414.34,4414.34,0.00,0.00,0.0,BULLISH,0.0,4414.34,4414.34,4414.34,4414.34,33,CLEARED_>=20s,1.0,0.0,0.0,0.0,0.0,0.0,0.0,PASS_<20%,0.00,0.0,NO,STANDBY_VEL_LOW,0,0.00,4590.00,78.36,FALSE,M1_DIRECTION_MISMATCH
2026-09-07 15:58:34.092,1788796714.092,10290,68,427,4414.34,4414.42,8.0,PASS_<=10c,+0.0,FLAT,+0.0,+0.0,4.2,+0.00,0.00,SLOW,4414.34,4414.34,4414.34,4414.34,0.00,0.00,0.0,BULLISH,0.0,4414.34,4414.34,4414.34,4414.34,34,CLEARED_>=20s,1.0,0.0,0.0,0.0,0.0,0.0,0.0,PASS_<20%,0.00,0.0,NO,STANDBY_VEL_LOW,0,0.00,4590.00,78.36,FALSE,M1_DIRECTION_MISMATCH
2026-09-07 15:58:34.594,1788796714.594,10291,69,428,4414.34,4414.42,8.0,PASS_<=10c,+0.0,FLAT,+0.0,+0.0,4.2,+0.00,0.00,SLOW,4414.34,4414.34,4414.34,4414.34,0.00,0.00,0.0,BULLISH,0.0,4414.34,4414.34,4414.34,4414.34,34,CLEARED_>=20s,1.0,0.0,0.0,0.0,0.0,0.0,0.0,PASS_<20%,0.00,0.0,NO,STANDBY_VEL_LOW,0,0.00,4590.00,78.36,FALSE,M1_DIRECTION_MISMATCH
2026-09-07 15:58:35.095,1788796715.096,10292,70,429,4414.34,4414.42,8.0,PASS_<=10c,+0.0,FLAT,+0.0,+0.0,4.2,+0.00,0.00,SLOW,4414.34,4414.34,4414.34,4414.34,0.00,0.00,0.0,BULLISH,0.0,4414.34,4414.34,4414.34,4414.34,35,CLEARED_>=20s,1.0,0.0,0.0,0.0,0.0,0.0,0.0,PASS_<20%,0.00,0.0,NO,STANDBY_VEL_LOW,0,0.00,4590.00,78.36,FALSE,M1_DIRECTION_MISMATCH
2026-09-07 15:58:35.597,1788796715.598,10293,71,430,4414.34,4414.42,8.0,PASS_<=10c,+0.0,FLAT,+0.0,+0.0,4.2,+0.00,0.00,SLOW,4414.34,4414.34,4414.34,4414.34,0.00,0.00,0.0,BULLISH,0.0,4414.34,4414.34,4414.34,4414.34,35,CLEARED_>=20s,1.0,0.0,0.0,0.0,0.0,0.0,0.0,PASS_<20%,0.00,0.0,NO,STANDBY_VEL_LOW,0,0.00,4590.00,78.36,FALSE,M1_DIRECTION_MISMATCH
2026-09-07 15:58:36.099,1788796716.100,10294,72,431,4414.34,4414.42,8.0,PASS_<=10c,+0.0,FLAT,+0.0,+0.0,4.2,+0.00,0.00,SLOW,4414.34,4414.34,4414.34,4414.34,0.00,0.00,0.0,BULLISH,0.0,4414.34,4414.34,4414.34,4414.34,36,CLEARED_>=20s,1.0,0.0,0.0,0.0,0.0,0.0,0.0,PASS_<20%,0.00,0.0,NO,STANDBY_VEL_LOW,0,0.00,4590.00,78.36,FALSE,M1_DIRECTION_MISMATCH
2026-09-07 15:58:36.600,1788796716.601,10295,73,432,4414.34,4414.42,8.0,PASS_<=10c,+0.0,FLAT,+0.0,+0.0,4.2,+0.00,0.00,SLOW,4414.34,4414.34,4414.34,4414.34,0.00,0.00,0.0,BULLISH,0.0,4414.34,4414.34,4414.34,4414.34,36,CLEARED_>=20s,1.0,0.0,0.0,0.0,0.0,0.0,0.0,PASS_<20%,0.00,0.0,NO,STANDBY_VEL_LOW,0,0.00,4590.00,78.36,FALSE,M1_DIRECTION_MISMATCH
2026-09-07 15:58:37.102,1788796717.102,10296,74,433,4414.34,4414.42,8.0,PASS_<=10c,+0.0,FLAT,+0.0,+0.0,4.2,+0.00,0.00,SLOW,4414.34,4414.34,4414.34,4414.34,0.00,0.00,0.0,BULLISH,0.0,4414.34,4414.34,4414.34,4414.34,37,CLEARED_>=20s,1.0,0.0,0.0,0.0,0.0,0.0,0.0,PASS_<20%,0.00,0.0,NO,STANDBY_VEL_LOW,0,0.00,4590.00,78.36,FALSE,M1_DIRECTION_MISMATCH
2026-09-07 15:58:37.604,1788796717.605,10297,75,434,4414.34,4414.42,8.0,PASS_<=10c,+0.0,FLAT,+0.0,+0.0,4.2,+0.00,0.00,SLOW,4414.34,4414.34,4414.34,4414.34,0.00,0.00,0.0,BULLISH,0.0,4414.34,4414.34,4414.34,4414.34,37,CLEARED_>=20s,1.0,0.0,0.0,0.0,0.0,0.0,0.0,PASS_<20%,0.00,0.0,NO,STANDBY_VEL_LOW,0,0.00,4590.00,78.36,FALSE,M1_DIRECTION_MISMATCH
2026-09-07 15:58:38.105,1788796718.106,10298,76,435,4414.34,4414.42,8.0,PASS_<=10c,+0.0,FLAT,+0.0,+0.0,4.2,+0.00,0.00,SLOW,4414.34,4414.34,4414.34,4414.34,0.00,0.00,0.0,BULLISH,0.0,4414.34,4414.34,4414.34,4414.34,38,CLEARED_>=20s,1.0,0.0,0.0,0.0,0.0,0.0,0.0,PASS_<20%,0.00,0.0,NO,STANDBY_VEL_LOW,0,0.00,4590.00,78.36,FALSE,M1_DIRECTION_MISMATCH
2026-09-07 15:58:38.606,1788796718.606,10299,77,436,4414.34,4414.42,8.0,PASS_<=10c,+0.0,FLAT,+0.0,+0.0,4.2,+0.00,0.00,SLOW,4414.34,4414.34,4414.34,4414.34,0.00,0.00,0.0,BULLISH,0.0,4414.34,4414.34,4414.34,4414.34,38,CLEARED_>=20s,1.0,0.0,0.0,0.0,0.0,0.0,0.0,PASS_<20%,0.00,0.0,NO,STANDBY_VEL_LOW,0,0.00,4590.00,78.36,FALSE,M1_DIRECTION_MISMATCH
2026-09-07 15:58:39.107,1788796719.108,10300,78,437,4414.34,4414.42,8.0,PASS_<=10c,+0.0,FLAT,+0.0,+0.0,4.2,+0.00,0.00,SLOW,4414.34,4414.34,4414.34,4414.34,0.00,0.00,0.0,BULLISH,0.0,4414.34,4414.34,4414.34,4414.34,39,CLEARED_>=20s,1.0,0.0,0.0,0.0,0.0,0.0,0.0,PASS_<20%,0.00,0.0,NO,STANDBY_VEL_LOW,0,0.00,4590.00,78.36,FALSE,M1_DIRECTION_MISMATCH
2026-09-07 15:58:39.609,1788796719.610,10301,79,438,4414.34,4414.42,8.0,PASS_<=10c,+0.0,FLAT,+0.0,+0.0,4.2,+0.00,0.00,SLOW,4414.34,4414.34,4414.34,4414.34,0.00,0.00,0.0,BULLISH,0.0,4414.34,4414.34,4414.34,4414.34,39,CLEARED_>=20s,1.0,0.0,0.0,0.0,0.0,0.0,0.0,PASS_<20%,0.00,0.0,NO,STANDBY_VEL_LOW,0,0.00,4590.00,78.36,FALSE,M1_DIRECTION_MISMATCH
2026-09-07 15:58:40.111,1788796720.111,10302,80,439,4414.34,4414.42,8.0,PASS_<=10c,+0.0,FLAT,+0.0,+0.0,4.2,+0.00,0.00,SLOW,4414.34,4414.34,4414.34,4414.34,0.00,0.00,0.0,BULLISH,0.0,4414.34,4414.34,4414.34,4414.34,40,CLEARED_>=20s,1.0,0.0,0.0,0.0,0.0,0.0,0.0,PASS_<20%,0.00,0.0,NO,STANDBY_VEL_LOW,0,0.00,4590.00,78.36,FALSE,M1_DIRECTION_MISMATCH
2026-09-07 15:58:40.612,1788796720.613,10303,81,440,4414.34,4414.42,8.0,PASS_<=10c,+0.0,FLAT,+0.0,+0.0,4.2,+0.00,0.00,SLOW,4414.34,4414.34,4414.34,4414.34,0.00,0.00,0.0,BULLISH,0.0,4414.34,4414.34,4414.34,4414.34,40,CLEARED_>=20s,1.0,0.0,0.0,0.0,0.0,0.0,0.0,PASS_<20%,0.00,0.0,NO,STANDBY_VEL_LOW,0,0.00,4590.00,78.36,FALSE,M1_DIRECTION_MISMATCH
2026-09-07 15:58:41.114,1788796721.114,10304,82,441,4414.34,4414.42,8.0,PASS_<=10c,+0.0,FLAT,+0.0,+0.0,4.2,+0.00,0.00,SLOW,4414.34,4414.34,4414.34,4414.34,0.00,0.00,0.0,BULLISH,0.0,4414.34,4414.34,4414.34,4414.34,41,CLEARED_>=20s,1.0,0.0,0.0,0.0,0.0,0.0,0.0,PASS_<20%,0.00,0.0,NO,STANDBY_VEL_LOW,0,0.00,4590.00,78.36,FALSE,M1_DIRECTION_MISMATCH
2026-09-07 15:58:41.614,1788796721.615,10305,83,442,4414.34,4414.42,8.0,PASS_<=10c,+0.0,FLAT,+0.0,+0.0,4.2,+0.00,0.00,SLOW,4414.34,4414.34,4414.34,4414.34,0.00,0.00,0.0,BULLISH,0.0,4414.34,4414.34,4414.34,4414.34,41,CLEARED_>=20s,1.0,0.0,0.0,0.0,0.0,0.0,0.0,PASS_<20%,0.00,0.0,NO,STANDBY_VEL_LOW,0,0.00,4590.00,78.36,FALSE,M1_DIRECTION_MISMATCH
2026-09-07 15:58:42.117,1788796722.117,10306,84,443,4414.34,4414.42,8.0,PASS_<=10c,+0.0,FLAT,+0.0,+0.0,4.2,+0.00,0.00,SLOW,4414.34,4414.34,4414.34,4414.34,0.00,0.00,0.0,BULLISH,0.0,4414.34,4414.34,4414.34,4414.34,42,CLEARED_>=20s,1.0,0.0,0.0,0.0,0.0,0.0,0.0,PASS_<20%,0.00,0.0,NO,STANDBY_VEL_LOW,0,0.00,4590.00,78.36,FALSE,M1_DIRECTION_MISMATCH
2026-09-07 15:58:42.619,1788796722.619,10307,85,444,4414.34,4414.42,8.0,PASS_<=10c,+0.0,FLAT,+0.0,+0.0,4.2,+0.00,0.00,SLOW,4414.34,4414.34,4414.34,4414.34,0.00,0.00,0.0,BULLISH,0.0,4414.34,4414.34,4414.34,4414.34,42,CLEARED_>=20s,1.0,0.0,0.0,0.0,0.0,0.0,0.0,PASS_<20%,0.00,0.0,NO,STANDBY_VEL_LOW,0,0.00,4590.00,78.36,FALSE,M1_DIRECTION_MISMATCH
2026-09-07 15:58:43.121,1788796723.121,10308,86,445,4414.34,4414.42,8.0,PASS_<=10c,+0.0,FLAT,+0.0,+0.0,4.2,+0.00,0.00,SLOW,4414.34,4414.34,4414.34,4414.34,0.00,0.00,0.0,BULLISH,0.0,4414.34,4414.34,4414.34,4414.34,43,CLEARED_>=20s,1.0,0.0,0.0,0.0,0.0,0.0,0.0,PASS_<20%,0.00,0.0,NO,STANDBY_VEL_LOW,0,0.00,4590.00,78.36,FALSE,M1_DIRECTION_MISMATCH
2026-09-07 15:58:43.622,1788796723.623,10309,87,446,4414.34,4414.42,8.0,PASS_<=10c,+0.0,FLAT,+0.0,+0.0,4.2,+0.00,0.00,SLOW,4414.34,4414.34,4414.34,4414.34,0.00,0.00,0.0,BULLISH,0.0,4414.34,4414.34,4414.34,4414.34,43,CLEARED_>=20s,1.0,0.0,0.0,0.0,0.0,0.0,0.0,PASS_<20%,0.00,0.0,NO,STANDBY_VEL_LOW,0,0.00,4590.00,78.36,FALSE,M1_DIRECTION_MISMATCH
2026-09-07 15:58:44.123,1788796724.124,10310,88,447,4414.34,4414.42,8.0,PASS_<=10c,+0.0,FLAT,+0.0,+0.0,4.2,+0.00,0.00,SLOW,4414.34,4414.34,4414.34,4414.34,0.00,0.00,0.0,BULLISH,0.0,4414.34,4414.34,4414.34,4414.34,44,CLEARED_>=20s,1.0,0.0,0.0,0.0,0.0,0.0,0.0,PASS_<20%,0.00,0.0,NO,STANDBY_VEL_LOW,0,0.00,4590.00,78.36,FALSE,M1_DIRECTION_MISMATCH
2026-09-07 15:58:44.625,1788796724.626,10311,89,448,4414.34,4414.42,8.0,PASS_<=10c,+0.0,FLAT,+0.0,+0.0,4.2,+0.00,0.00,SLOW,4414.34,4414.34,4414.34,4414.34,0.00,0.00,0.0,BULLISH,0.0,4414.34,4414.34,4414.34,4414.34,44,CLEARED_>=20s,1.0,0.0,0.0,0.0,0.0,0.0,0.0,PASS_<20%,0.00,0.0,NO,STANDBY_VEL_LOW,0,0.00,4590.00,78.36,FALSE,M1_DIRECTION_MISMATCH
2026-09-07 15:58:45.128,1788796725.129,10312,90,449,4414.34,4414.42,8.0,PASS_<=10c,+0.0,FLAT,+0.0,+0.0,4.2,+0.00,0.00,SLOW,4414.34,4414.34,4414.34,4414.34,0.00,0.00,0.0,BULLISH,0.0,4414.34,4414.34,4414.34,4414.34,45,CLEARED_>=20s,1.0,0.0,0.0,0.0,0.0,0.0,0.0,PASS_<20%,0.00,0.0,NO,STANDBY_VEL_LOW,0,0.00,4590.00,78.36,FALSE,M1_DIRECTION_MISMATCH
2026-09-07 15:58:45.630,1788796725.631,10313,91,450,4414.34,4414.42,8.0,PASS_<=10c,+0.0,FLAT,+0.0,+0.0,4.2,+0.00,0.00,SLOW,4414.34,4414.34,4414.34,4414.34,0.00,0.00,0.0,BULLISH,0.0,4414.34,4414.34,4414.34,4414.34,45,CLEARED_>=20s,1.0,0.0,0.0,0.0,0.0,0.0,0.0,PASS_<20%,0.00,0.0,NO,STANDBY_VEL_LOW,0,0.00,4590.00,78.36,FALSE,M1_DIRECTION_MISMATCH
2026-09-07 15:58:46.130,1788796726.131,10314,92,451,4414.34,4414.42,8.0,PASS_<=10c,+0.0,FLAT,+0.0,+0.0,4.2,+0.00,0.00,SLOW,4414.34,4414.34,4414.34,4414.34,0.00,0.00,0.0,BULLISH,0.0,4414.34,4414.34,4414.34,4414.34,46,CLEARED_>=20s,1.0,0.0,0.0,0.0,0.0,0.0,0.0,PASS_<20%,0.00,0.0,NO,STANDBY_VEL_LOW,0,0.00,4590.00,78.36,FALSE,M1_DIRECTION_MISMATCH
2026-09-07 15:58:46.632,1788796726.632,10315,93,452,4414.34,4414.42,8.0,PASS_<=10c,+0.0,FLAT,+0.0,+0.0,4.2,+0.00,0.00,SLOW,4414.34,4414.34,4414.34,4414.34,0.00,0.00,0.0,BULLISH,0.0,4414.34,4414.34,4414.34,4414.34,46,CLEARED_>=20s,1.0,0.0,0.0,0.0,0.0,0.0,0.0,PASS_<20%,0.00,0.0,NO,STANDBY_VEL_LOW,0,0.00,4590.00,78.36,FALSE,M1_DIRECTION_MISMATCH
2026-09-07 15:58:47.134,1788796727.135,10316,94,453,4414.34,4414.42,8.0,PASS_<=10c,+0.0,FLAT,+0.0,+0.0,4.2,+0.00,0.00,SLOW,4414.34,4414.34,4414.34,4414.34,0.00,0.00,0.0,BULLISH,0.0,4414.34,4414.34,4414.34,4414.34,47,CLEARED_>=20s,1.0,0.0,0.0,0.0,0.0,0.0,0.0,PASS_<20%,0.00,0.0,NO,STANDBY_VEL_LOW,0,0.00,4590.00,78.36,FALSE,M1_DIRECTION_MISMATCH
2026-09-07 15:58:47.635,1788796727.636,10317,95,454,4414.34,4414.42,8.0,PASS_<=10c,+0.0,FLAT,+0.0,+0.0,4.2,+0.00,0.00,SLOW,4414.34,4414.34,4414.34,4414.34,0.00,0.00,0.0,BULLISH,0.0,4414.34,4414.34,4414.34,4414.34,47,CLEARED_>=20s,1.0,0.0,0.0,0.0,0.0,0.0,0.0,PASS_<20%,0.00,0.0,NO,STANDBY_VEL_LOW,0,0.00,4590.00,78.36,FALSE,M1_DIRECTION_MISMATCH
2026-09-07 15:58:48.136,1788796728.137,10318,96,455,4414.34,4414.42,8.0,PASS_<=10c,+0.0,FLAT,+0.0,+0.0,4.2,+0.00,0.00,SLOW,4414.34,4414.34,4414.34,4414.34,0.00,0.00,0.0,BULLISH,0.0,4414.34,4414.34,4414.34,4414.34,48,CLEARED_>=20s,1.0,0.0,0.0,0.0,0.0,0.0,0.0,PASS_<20%,0.00,0.0,NO,STANDBY_VEL_LOW,0,0.00,4590.00,78.36,FALSE,M1_DIRECTION_MISMATCH
2026-09-07 15:58:48.638,1788796728.638,10319,97,456,4414.34,4414.42,8.0,PASS_<=10c,+0.0,FLAT,+0.0,+0.0,4.2,+0.00,0.00,SLOW,4414.34,4414.34,4414.34,4414.34,0.00,0.00,0.0,BULLISH,0.0,4414.34,4414.34,4414.34,4414.34,48,CLEARED_>=20s,1.0,0.0,0.0,0.0,0.0,0.0,0.0,PASS_<20%,0.00,0.0,NO,STANDBY_VEL_LOW,0,0.00,4590.00,78.36,FALSE,M1_DIRECTION_MISMATCH
2026-09-07 15:58:49.138,1788796729.139,10320,98,457,4414.34,4414.42,8.0,PASS_<=10c,+0.0,FLAT,+0.0,+0.0,4.2,+0.00,0.00,SLOW,4414.34,4414.34,4414.34,4414.34,0.00,0.00,0.0,BULLISH,0.0,4414.34,4414.34,4414.34,4414.34,49,CLEARED_>=20s,1.0,0.0,0.0,0.0,0.0,0.0,0.0,PASS_<20%,0.00,0.0,NO,STANDBY_VEL_LOW,0,0.00,4590.00,78.36,FALSE,M1_DIRECTION_MISMATCH
2026-09-07 15:58:49.640,1788796729.641,10321,99,458,4414.34,4414.42,8.0,PASS_<=10c,+0.0,FLAT,+0.0,+0.0,4.2,+0.00,0.00,SLOW,4414.34,4414.34,4414.34,4414.34,0.00,0.00,0.0,BULLISH,0.0,4414.34,4414.34,4414.34,4414.34,49,CLEARED_>=20s,1.0,0.0,0.0,0.0,0.0,0.0,0.0,PASS_<20%,0.00,0.0,NO,STANDBY_VEL_LOW,0,0.00,4590.00,78.36,FALSE,M1_DIRECTION_MISMATCH
2026-09-07 15:58:50.142,1788796730.142,10322,100,459,4414.34,4414.42,8.0,PASS_<=10c,+0.0,FLAT,+0.0,+0.0,4.2,+0.00,0.00,SLOW,4414.34,4414.34,4414.34,4414.34,0.00,0.00,0.0,BULLISH,0.0,4414.34,4414.34,4414.34,4414.34,50,CLEARED_>=20s,1.0,0.0,0.0,0.0,0.0,0.0,0.0,PASS_<20%,0.00,0.0,NO,STANDBY_VEL_LOW,0,0.00,4590.00,78.36,FALSE,M1_DIRECTION_MISMATCH
2026-09-07 15:58:50.644,1788796730.644,10323,101,460,4414.34,4414.42,8.0,PASS_<=10c,+0.0,FLAT,+0.0,+0.0,4.2,+0.00,0.00,SLOW,4414.34,4414.34,4414.34,4414.34,0.00,0.00,0.0,BULLISH,0.0,4414.34,4414.34,4414.34,4414.34,50,CLEARED_>=20s,1.0,0.0,0.0,0.0,0.0,0.0,0.0,PASS_<20%,0.00,0.0,NO,STANDBY_VEL_LOW,0,0.00,4590.00,78.36,FALSE,M1_DIRECTION_MISMATCH
2026-09-07 15:58:51.145,1788796731.146,10324,102,461,4414.34,4414.42,8.0,PASS_<=10c,+0.0,FLAT,+0.0,+0.0,4.2,+0.00,0.00,SLOW,4414.34,4414.34,4414.34,4414.34,0.00,0.00,0.0,BULLISH,0.0,4414.34,4414.34,4414.34,4414.34,51,CLEARED_>=20s,1.0,0.0,0.0,0.0,0.0,0.0,0.0,PASS_<20%,0.00,0.0,NO,STANDBY_VEL_LOW,0,0.00,4590.00,78.36,FALSE,M1_DIRECTION_MISMATCH
2026-09-07 15:58:51.648,1788796731.648,10325,103,462,4414.34,4414.42,8.0,PASS_<=10c,+0.0,FLAT,+0.0,+0.0,4.2,+0.00,0.00,SLOW,4414.34,4414.34,4414.34,4414.34,0.00,0.00,0.0,BULLISH,0.0,4414.34,4414.34,4414.34,4414.34,51,CLEARED_>=20s,1.0,0.0,0.0,0.0,0.0,0.0,0.0,PASS_<20%,0.00,0.0,NO,STANDBY_VEL_LOW,0,0.00,4590.00,78.36,FALSE,M1_DIRECTION_MISMATCH
2026-09-07 15:58:52.149,1788796732.150,10326,104,463,4414.34,4414.42,8.0,PASS_<=10c,+0.0,FLAT,+0.0,+0.0,4.2,+0.00,0.00,SLOW,4414.34,4414.34,4414.34,4414.34,0.00,0.00,0.0,BULLISH,0.0,4414.34,4414.34,4414.34,4414.34,52,CLEARED_>=20s,1.0,0.0,0.0,0.0,0.0,0.0,0.0,PASS_<20%,0.00,0.0,NO,STANDBY_VEL_LOW,0,0.00,4590.00,78.36,FALSE,M1_DIRECTION_MISMATCH
2026-09-07 15:58:52.651,1788796732.652,10327,105,464,4414.34,4414.42,8.0,PASS_<=10c,+0.0,FLAT,+0.0,+0.0,4.2,+0.00,0.00,SLOW,4414.34,4414.34,4414.34,4414.34,0.00,0.00,0.0,BULLISH,0.0,4414.34,4414.34,4414.34,4414.34,52,CLEARED_>=20s,1.0,0.0,0.0,0.0,0.0,0.0,0.0,PASS_<20%,0.00,0.0,NO,STANDBY_VEL_LOW,0,0.00,4590.00,78.36,FALSE,M1_DIRECTION_MISMATCH
2026-09-07 15:58:53.154,1788796733.154,10328,106,465,4414.34,4414.42,8.0,PASS_<=10c,+0.0,FLAT,+0.0,+0.0,4.2,+0.00,0.00,SLOW,4414.34,4414.34,4414.34,4414.34,0.00,0.00,0.0,BULLISH,0.0,4414.34,4414.34,4414.34,4414.34,53,CLEARED_>=20s,1.0,0.0,0.0,0.0,0.0,0.0,0.0,PASS_<20%,0.00,0.0,NO,STANDBY_VEL_LOW,0,0.00,4590.00,78.36,FALSE,M1_DIRECTION_MISMATCH
2026-09-07 15:58:53.655,1788796733.656,10329,107,466,4414.34,4414.42,8.0,PASS_<=10c,+0.0,FLAT,+0.0,+0.0,4.2,+0.00,0.00,SLOW,4414.34,4414.34,4414.34,4414.34,0.00,0.00,0.0,BULLISH,0.0,4414.34,4414.34,4414.34,4414.34,53,CLEARED_>=20s,1.0,0.0,0.0,0.0,0.0,0.0,0.0,PASS_<20%,0.00,0.0,NO,STANDBY_VEL_LOW,0,0.00,4590.00,78.36,FALSE,M1_DIRECTION_MISMATCH
2026-09-07 15:58:54.157,1788796734.158,10330,108,467,4414.34,4414.42,8.0,PASS_<=10c,+0.0,FLAT,+0.0,+0.0,4.2,+0.00,0.00,SLOW,4414.34,4414.34,4414.34,4414.34,0.00,0.00,0.0,BULLISH,0.0,4414.34,4414.34,4414.34,4414.34,54,CLEARED_>=20s,1.0,0.0,0.0,0.0,0.0,0.0,0.0,PASS_<20%,0.00,0.0,NO,STANDBY_VEL_LOW,0,0.00,4590.00,78.36,FALSE,M1_DIRECTION_MISMATCH
2026-09-07 15:58:54.659,1788796734.660,10331,109,468,4414.34,4414.42,8.0,PASS_<=10c,+0.0,FLAT,+0.0,+0.0,4.2,+0.00,0.00,SLOW,4414.34,4414.34,4414.34,4414.34,0.00,0.00,0.0,BULLISH,0.0,4414.34,4414.34,4414.34,4414.34,54,CLEARED_>=20s,1.0,0.0,0.0,0.0,0.0,0.0,0.0,PASS_<20%,0.00,0.0,NO,STANDBY_VEL_LOW,0,0.00,4590.00,78.36,FALSE,M1_DIRECTION_MISMATCH
2026-09-07 15:58:55.162,1788796735.162,10332,110,469,4414.34,4414.42,8.0,PASS_<=10c,+0.0,FLAT,+0.0,+0.0,4.2,+0.00,0.00,SLOW,4414.34,4414.34,4414.34,4414.34,0.00,0.00,0.0,BULLISH,0.0,4414.34,4414.34,4414.34,4414.34,55,CLEARED_>=20s,1.0,0.0,0.0,0.0,0.0,0.0,0.0,PASS_<20%,0.00,0.0,NO,STANDBY_VEL_LOW,0,0.00,4590.00,78.36,FALSE,M1_DIRECTION_MISMATCH
2026-09-07 15:58:55.663,1788796735.664,10333,111,470,4414.34,4414.42,8.0,PASS_<=10c,+0.0,FLAT,+0.0,+0.0,4.2,+0.00,0.00,SLOW,4414.34,4414.34,4414.34,4414.34,0.00,0.00,0.0,BULLISH,0.0,4414.34,4414.34,4414.34,4414.34,55,CLEARED_>=20s,1.0,0.0,0.0,0.0,0.0,0.0,0.0,PASS_<20%,0.00,0.0,NO,STANDBY_VEL_LOW,0,0.00,4590.00,78.36,FALSE,M1_DIRECTION_MISMATCH
2026-09-07 15:58:56.165,1788796736.166,10334,112,471,4414.34,4414.42,8.0,PASS_<=10c,+0.0,FLAT,+0.0,+0.0,4.2,+0.00,0.00,SLOW,4414.34,4414.34,4414.34,4414.34,0.00,0.00,0.0,BULLISH,0.0,4414.34,4414.34,4414.34,4414.34,56,CLEARED_>=20s,1.0,0.0,0.0,0.0,0.0,0.0,0.0,PASS_<20%,0.00,0.0,NO,STANDBY_VEL_LOW,0,0.00,4590.00,78.36,FALSE,M1_DIRECTION_MISMATCH
2026-09-07 15:58:56.666,1788796736.667,10335,113,472,4414.34,4414.42,8.0,PASS_<=10c,+0.0,FLAT,+0.0,+0.0,4.2,+0.00,0.00,SLOW,4414.34,4414.34,4414.34,4414.34,0.00,0.00,0.0,BULLISH,0.0,4414.34,4414.34,4414.34,4414.34,56,CLEARED_>=20s,1.0,0.0,0.0,0.0,0.0,0.0,0.0,PASS_<20%,0.00,0.0,NO,STANDBY_VEL_LOW,0,0.00,4590.00,78.36,FALSE,M1_DIRECTION_MISMATCH
2026-09-07 15:58:57.168,1788796737.169,10336,114,473,4414.34,4414.42,8.0,PASS_<=10c,+0.0,FLAT,+0.0,+0.0,4.2,+0.00,0.00,SLOW,4414.34,4414.34,4414.34,4414.34,0.00,0.00,0.0,BULLISH,0.0,4414.34,4414.34,4414.34,4414.34,57,CLEARED_>=20s,1.0,0.0,0.0,0.0,0.0,0.0,0.0,PASS_<20%,0.00,0.0,NO,STANDBY_VEL_LOW,0,0.00,4590.00,78.36,FALSE,M1_DIRECTION_MISMATCH
2026-09-07 15:58:57.669,1788796737.669,10337,115,474,4414.34,4414.42,8.0,PASS_<=10c,+0.0,FLAT,+0.0,+0.0,4.2,+0.00,0.00,SLOW,4414.34,4414.34,4414.34,4414.34,0.00,0.00,0.0,BULLISH,0.0,4414.34,4414.34,4414.34,4414.34,57,CLEARED_>=20s,1.0,0.0,0.0,0.0,0.0,0.0,0.0,PASS_<20%,0.00,0.0,NO,STANDBY_VEL_LOW,0,0.00,4590.00,78.36,FALSE,M1_DIRECTION_MISMATCH
2026-09-07 15:58:58.170,1788796738.171,10338,116,475,4414.34,4414.42,8.0,PASS_<=10c,+0.0,FLAT,+0.0,+0.0,4.2,+0.00,0.00,SLOW,4414.34,4414.34,4414.34,4414.34,0.00,0.00,0.0,BULLISH,0.0,4414.34,4414.34,4414.34,4414.34,58,CLEARED_>=20s,1.0,0.0,0.0,0.0,0.0,0.0,0.0,PASS_<20%,0.00,0.0,NO,STANDBY_VEL_LOW,0,0.00,4590.00,78.36,FALSE,M1_DIRECTION_MISMATCH
2026-09-07 15:58:58.672,1788796738.673,10339,117,476,4414.34,4414.42,8.0,PASS_<=10c,+0.0,FLAT,+0.0,+0.0,4.2,+0.00,0.00,SLOW,4414.34,4414.34,4414.34,4414.34,0.00,0.00,0.0,BULLISH,0.0,4414.34,4414.34,4414.34,4414.34,58,CLEARED_>=20s,1.0,0.0,0.0,0.0,0.0,0.0,0.0,PASS_<20%,0.00,0.0,NO,STANDBY_VEL_LOW,0,0.00,4590.00,78.36,FALSE,M1_DIRECTION_MISMATCH
2026-09-07 15:58:59.174,1788796739.175,10340,118,477,4414.34,4414.42,8.0,PASS_<=10c,+0.0,FLAT,+0.0,+0.0,4.2,+0.00,0.00,SLOW,4414.34,4414.34,4414.34,4414.34,0.00,0.00,0.0,BULLISH,0.0,4414.34,4414.34,4414.34,4414.34,59,CLEARED_>=20s,1.0,0.0,0.0,0.0,0.0,0.0,0.0,PASS_<20%,0.00,0.0,NO,STANDBY_VEL_LOW,0,0.00,4590.00,78.36,FALSE,M1_DIRECTION_MISMATCH
2026-09-07 15:58:59.676,1788796739.677,10341,119,478,4414.34,4414.42,8.0,PASS_<=10c,+0.0,FLAT,+0.0,+0.0,4.2,+0.00,0.00,SLOW,4414.34,4414.34,4414.34,4414.34,0.00,0.00,0.0,BULLISH,0.0,4414.34,4414.34,4414.34,4414.34,59,CLEARED_>=20s,1.0,0.0,0.0,0.0,0.0,0.0,0.0,PASS_<20%,0.00,0.0,NO,STANDBY_VEL_LOW,0,0.00,4590.00,78.36,FALSE,M1_DIRECTION_MISMATCH
2026-09-07 15:59:00.179,1788796740.180,10342,1,479,4414.34,4414.42,8.0,PASS_<=10c,+0.0,FLAT,+0.0,+0.0,4.2,+0.00,0.00,SLOW,4414.34,4414.34,4414.34,4414.34,0.00,0.00,0.0,BULLISH,0.0,4414.34,4414.34,4414.34,4414.34,0,ACTIVE_0s,1.0,0.0,0.0,0.0,0.0,0.0,0.0,PASS_<20%,0.00,0.0,NO,STANDBY_VEL_LOW,0,0.00,4590.00,78.36,FALSE,M1_DIRECTION_MISMATCH|OPENING_SHIELD_ACTIVE_0s
2026-09-07 15:59:00.680,1788796740.681,10343,2,480,4414.34,4414.42,8.0,PASS_<=10c,+0.0,FLAT,+0.0,+0.0,4.2,+0.00,0.00,SLOW,4414.34,4414.34,4414.34,4414.34,0.00,0.00,0.0,BULLISH,0.0,4414.34,4414.34,4414.34,4414.34,0,ACTIVE_0s,1.0,0.0,0.0,0.0,0.0,0.0,0.0,PASS_<20%,0.00,0.0,NO,STANDBY_VEL_LOW,0,0.00,4590.00,78.36,FALSE,M1_DIRECTION_MISMATCH|OPENING_SHIELD_ACTIVE_0s
2026-09-07 15:59:01.182,1788796741.182,10344,3,481,4414.34,4414.42,8.0,PASS_<=10c,+0.0,FLAT,+0.0,+0.0,4.2,+0.00,0.00,SLOW,4414.34,4414.34,4414.34,4414.34,0.00,0.00,0.0,BULLISH,0.0,4414.34,4414.34,4414.34,4414.34,1,ACTIVE_1s,1.0,0.0,0.0,0.0,0.0,0.0,0.0,PASS_<20%,0.00,0.0,NO,STANDBY_VEL_LOW,0,0.00,4590.00,78.36,FALSE,M1_DIRECTION_MISMATCH|OPENING_SHIELD_ACTIVE_1s
2026-09-07 15:59:01.683,1788796741.684,10345,4,482,4414.34,4414.42,8.0,PASS_<=10c,+0.0,FLAT,+0.0,+0.0,4.2,+0.00,0.00,SLOW,4414.34,4414.34,4414.34,4414.34,0.00,0.00,0.0,BULLISH,0.0,4414.34,4414.34,4414.34,4414.34,1,ACTIVE_1s,1.0,0.0,0.0,0.0,0.0,0.0,0.0,PASS_<20%,0.00,0.0,NO,STANDBY_VEL_LOW,0,0.00,4590.00,78.36,FALSE,M1_DIRECTION_MISMATCH|OPENING_SHIELD_ACTIVE_1s
2026-09-07 15:59:02.185,1788796742.185,10346,5,483,4414.34,4414.42,8.0,PASS_<=10c,+0.0,FLAT,+0.0,+0.0,4.2,+0.00,0.00,SLOW,4414.34,4414.34,4414.34,4414.34,0.00,0.00,0.0,BULLISH,0.0,4414.34,4414.34,4414.34,4414.34,2,ACTIVE_2s,1.0,0.0,0.0,0.0,0.0,0.0,0.0,PASS_<20%,0.00,0.0,NO,STANDBY_VEL_LOW,0,0.00,4590.00,78.36,FALSE,M1_DIRECTION_MISMATCH|OPENING_SHIELD_ACTIVE_2s
2026-09-07 15:59:02.687,1788796742.687,10347,6,484,4414.34,4414.42,8.0,PASS_<=10c,+0.0,FLAT,+0.0,+0.0,4.2,+0.00,0.00,SLOW,4414.34,4414.34,4414.34,4414.34,0.00,0.00,0.0,BULLISH,0.0,4414.34,4414.34,4414.34,4414.34,2,ACTIVE_2s,1.0,0.0,0.0,0.0,0.0,0.0,0.0,PASS_<20%,0.00,0.0,NO,STANDBY_VEL_LOW,0,0.00,4590.00,78.36,FALSE,M1_DIRECTION_MISMATCH|OPENING_SHIELD_ACTIVE_2s
2026-09-07 15:59:03.191,1788796743.191,10348,7,485,4414.34,4414.42,8.0,PASS_<=10c,+0.0,FLAT,+0.0,+0.0,4.2,+0.00,0.00,SLOW,4414.34,4414.34,4414.34,4414.34,0.00,0.00,0.0,BULLISH,0.0,4414.34,4414.34,4414.34,4414.34,3,ACTIVE_3s,1.0,0.0,0.0,0.0,0.0,0.0,0.0,PASS_<20%,0.00,0.0,NO,STANDBY_VEL_LOW,0,0.00,4590.00,78.36,FALSE,M1_DIRECTION_MISMATCH|OPENING_SHIELD_ACTIVE_3s
2026-09-07 15:59:03.692,1788796743.692,10349,8,486,4414.34,4414.42,8.0,PASS_<=10c,+0.0,FLAT,+0.0,+0.0,4.2,+0.00,0.00,SLOW,4414.34,4414.34,4414.34,4414.34,0.00,0.00,0.0,BULLISH,0.0,4414.34,4414.34,4414.34,4414.34,3,ACTIVE_3s,1.0,0.0,0.0,0.0,0.0,0.0,0.0,PASS_<20%,0.00,0.0,NO,STANDBY_VEL_LOW,0,0.00,4590.00,78.36,FALSE,M1_DIRECTION_MISMATCH|OPENING_SHIELD_ACTIVE_3s
2026-09-07 15:59:04.197,1788796744.197,10350,9,487,4414.34,4414.42,8.0,PASS_<=10c,+0.0,FLAT,+0.0,+0.0,4.2,+0.00,0.00,SLOW,4414.34,4414.34,4414.34,4414.34,0.00,0.00,0.0,BULLISH,0.0,4414.34,4414.34,4414.34,4414.34,4,ACTIVE_4s,1.0,0.0,0.0,0.0,0.0,0.0,0.0,PASS_<20%,0.00,0.0,NO,STANDBY_VEL_LOW,0,0.00,4590.00,78.36,FALSE,M1_DIRECTION_MISMATCH|OPENING_SHIELD_ACTIVE_4s
2026-09-07 15:59:04.695,1788796744.695,10351,10,488,4414.34,4414.42,8.0,PASS_<=10c,+0.0,FLAT,+0.0,+0.0,4.2,+0.00,0.00,SLOW,4414.34,4414.34,4414.34,4414.34,0.00,0.00,0.0,BULLISH,0.0,4414.34,4414.34,4414.34,4414.34,4,ACTIVE_4s,1.0,0.0,0.0,0.0,0.0,0.0,0.0,PASS_<20%,0.00,0.0,NO,STANDBY_VEL_LOW,0,0.00,4590.00,78.36,FALSE,M1_DIRECTION_MISMATCH|OPENING_SHIELD_ACTIVE_4s
2026-09-07 15:59:05.196,1788796745.197,10352,11,489,4414.34,4414.42,8.0,PASS_<=10c,+0.0,FLAT,+0.0,+0.0,4.2,+0.00,0.00,SLOW,4414.34,4414.34,4414.34,4414.34,0.00,0.00,0.0,BULLISH,0.0,4414.34,4414.34,4414.34,4414.34,5,ACTIVE_5s,1.0,0.0,0.0,0.0,0.0,0.0,0.0,PASS_<20%,0.00,0.0,NO,STANDBY_VEL_LOW,0,0.00,4590.00,78.36,FALSE,M1_DIRECTION_MISMATCH|OPENING_SHIELD_ACTIVE_5s
2026-09-07 15:59:05.698,1788796745.699,10353,12,490,4414.34,4414.42,8.0,PASS_<=10c,+0.0,FLAT,+0.0,+0.0,4.2,+0.00,0.00,SLOW,4414.34,4414.34,4414.34,4414.34,0.00,0.00,0.0,BULLISH,0.0,4414.34,4414.34,4414.34,4414.34,5,ACTIVE_5s,1.0,0.0,0.0,0.0,0.0,0.0,0.0,PASS_<20%,0.00,0.0,NO,STANDBY_VEL_LOW,0,0.00,4590.00,78.36,FALSE,M1_DIRECTION_MISMATCH|OPENING_SHIELD_ACTIVE_5s
2026-09-07 15:59:06.200,1788796746.201,10354,13,491,4414.34,4414.42,8.0,PASS_<=10c,+0.0,FLAT,+0.0,+0.0,4.2,+0.00,0.00,SLOW,4414.34,4414.34,4414.34,4414.34,0.00,0.00,0.0,BULLISH,0.0,4414.34,4414.34,4414.34,4414.34,6,ACTIVE_6s,1.0,0.0,0.0,0.0,0.0,0.0,0.0,PASS_<20%,0.00,0.0,NO,STANDBY_VEL_LOW,0,0.00,4590.00,78.36,FALSE,M1_DIRECTION_MISMATCH|OPENING_SHIELD_ACTIVE_6s
2026-09-07 15:59:06.702,1788796746.702,10355,14,492,4414.34,4414.42,8.0,PASS_<=10c,+0.0,FLAT,+0.0,+0.0,4.2,+0.00,0.00,SLOW,4414.34,4414.34,4414.34,4414.34,0.00,0.00,0.0,BULLISH,0.0,4414.34,4414.34,4414.34,4414.34,6,ACTIVE_6s,1.0,0.0,0.0,0.0,0.0,0.0,0.0,PASS_<20%,0.00,0.0,NO,STANDBY_VEL_LOW,0,0.00,4590.00,78.36,FALSE,M1_DIRECTION_MISMATCH|OPENING_SHIELD_ACTIVE_6s
2026-09-07 15:59:07.203,1788796747.203,10356,15,493,4414.34,4414.42,8.0,PASS_<=10c,+0.0,FLAT,+0.0,+0.0,4.2,+0.00,0.00,SLOW,4414.34,4414.34,4414.34,4414.34,0.00,0.00,0.0,BULLISH,0.0,4414.34,4414.34,4414.34,4414.34,7,ACTIVE_7s,1.0,0.0,0.0,0.0,0.0,0.0,0.0,PASS_<20%,0.00,0.0,NO,STANDBY_VEL_LOW,0,0.00,4590.00,78.36,FALSE,M1_DIRECTION_MISMATCH|OPENING_SHIELD_ACTIVE_7s
2026-09-07 15:59:07.704,1788796747.705,10357,16,494,4414.34,4414.42,8.0,PASS_<=10c,+0.0,FLAT,+0.0,+0.0,4.2,+0.00,0.00,SLOW,4414.34,4414.34,4414.34,4414.34,0.00,0.00,0.0,BULLISH,0.0,4414.34,4414.34,4414.34,4414.34,7,ACTIVE_7s,1.0,0.0,0.0,0.0,0.0,0.0,0.0,PASS_<20%,0.00,0.0,NO,STANDBY_VEL_LOW,0,0.00,4590.00,78.36,FALSE,M1_DIRECTION_MISMATCH|OPENING_SHIELD_ACTIVE_7s
2026-09-07 15:59:08.206,1788796748.206,10358,17,495,4414.34,4414.42,8.0,PASS_<=10c,+0.0,FLAT,+0.0,+0.0,4.2,+0.00,0.00,SLOW,4414.34,4414.34,4414.34,4414.34,0.00,0.00,0.0,BULLISH,0.0,4414.34,4414.34,4414.34,4414.34,8,ACTIVE_8s,1.0,0.0,0.0,0.0,0.0,0.0,0.0,PASS_<20%,0.00,0.0,NO,STANDBY_VEL_LOW,0,0.00,4590.00,78.36,FALSE,M1_DIRECTION_MISMATCH|OPENING_SHIELD_ACTIVE_8s
2026-09-07 15:59:08.709,1788796748.710,10359,18,496,4414.34,4414.42,8.0,PASS_<=10c,+0.0,FLAT,+0.0,+0.0,4.2,+0.00,0.00,SLOW,4414.34,4414.34,4414.34,4414.34,0.00,0.00,0.0,BULLISH,0.0,4414.34,4414.34,4414.34,4414.34,8,ACTIVE_8s,1.0,0.0,0.0,0.0,0.0,0.0,0.0,PASS_<20%,0.00,0.0,NO,STANDBY_VEL_LOW,0,0.00,4590.00,78.36,FALSE,M1_DIRECTION_MISMATCH|OPENING_SHIELD_ACTIVE_8s
2026-09-07 15:59:09.209,1788796749.210,10360,19,497,4414.34,4414.42,8.0,PASS_<=10c,+0.0,FLAT,+0.0,+0.0,4.2,+0.00,0.00,SLOW,4414.34,4414.34,4414.34,4414.34,0.00,0.00,0.0,BULLISH,0.0,4414.34,4414.34,4414.34,4414.34,9,ACTIVE_9s,1.0,0.0,0.0,0.0,0.0,0.0,0.0,PASS_<20%,0.00,0.0,NO,STANDBY_VEL_LOW,0,0.00,4590.00,78.36,FALSE,M1_DIRECTION_MISMATCH|OPENING_SHIELD_ACTIVE_9s
2026-09-07 15:59:09.711,1788796749.711,10361,20,498,4414.34,4414.42,8.0,PASS_<=10c,+0.0,FLAT,+0.0,+0.0,4.2,+0.00,0.00,SLOW,4414.34,4414.34,4414.34,4414.34,0.00,0.00,0.0,BULLISH,0.0,4414.34,4414.34,4414.34,4414.34,9,ACTIVE_9s,1.0,0.0,0.0,0.0,0.0,0.0,0.0,PASS_<20%,0.00,0.0,NO,STANDBY_VEL_LOW,0,0.00,4590.00,78.36,FALSE,M1_DIRECTION_MISMATCH|OPENING_SHIELD_ACTIVE_9s
2026-09-07 15:59:10.212,1788796750.212,10362,21,499,4414.34,4414.42,8.0,PASS_<=10c,+0.0,FLAT,+0.0,+0.0,4.2,+0.00,0.00,SLOW,4414.34,4414.34,4414.34,4414.34,0.00,0.00,0.0,BULLISH,0.0,4414.34,4414.34,4414.34,4414.34,10,ACTIVE_10s,1.0,0.0,0.0,0.0,0.0,0.0,0.0,PASS_<20%,0.00,0.0,NO,STANDBY_VEL_LOW,0,0.00,4590.00,78.36,FALSE,M1_DIRECTION_MISMATCH|OPENING_SHIELD_ACTIVE_10s
2026-09-07 15:59:10.713,1788796750.714,10363,22,500,4414.34,4414.42,8.0,PASS_<=10c,+0.0,FLAT,+0.0,+0.0,4.2,+0.00,0.00,SLOW,4414.34,4414.34,4414.34,4414.34,0.00,0.00,0.0,BULLISH,0.0,4414.34,4414.34,4414.34,4414.34,10,ACTIVE_10s,1.0,0.0,0.0,0.0,0.0,0.0,0.0,PASS_<20%,0.00,0.0,NO,STANDBY_VEL_LOW,0,0.00,4590.00,78.36,FALSE,M1_DIRECTION_MISMATCH|OPENING_SHIELD_ACTIVE_10s
2026-09-07 15:59:11.215,1788796751.215,10364,23,501,4414.34,4414.42,8.0,PASS_<=10c,+0.0,FLAT,+0.0,+0.0,4.2,+0.00,0.00,SLOW,4414.34,4414.34,4414.34,4414.34,0.00,0.00,0.0,BULLISH,0.0,4414.34,4414.34,4414.34,4414.34,11,ACTIVE_11s,1.0,0.0,0.0,0.0,0.0,0.0,0.0,PASS_<20%,0.00,0.0,NO,STANDBY_VEL_LOW,0,0.00,4590.00,78.36,FALSE,M1_DIRECTION_MISMATCH|OPENING_SHIELD_ACTIVE_11s
2026-09-07 15:59:11.717,1788796751.717,10365,24,502,4414.34,4414.42,8.0,PASS_<=10c,+0.0,FLAT,+0.0,+0.0,4.2,+0.00,0.00,SLOW,4414.34,4414.34,4414.34,4414.34,0.00,0.00,0.0,BULLISH,0.0,4414.34,4414.34,4414.34,4414.34,11,ACTIVE_11s,1.0,0.0,0.0,0.0,0.0,0.0,0.0,PASS_<20%,0.00,0.0,NO,STANDBY_VEL_LOW,0,0.00,4590.00,78.36,FALSE,M1_DIRECTION_MISMATCH|OPENING_SHIELD_ACTIVE_11s
2026-09-07 15:59:12.218,1788796752.219,10366,25,503,4414.34,4414.42,8.0,PASS_<=10c,+0.0,FLAT,+0.0,+0.0,4.2,+0.00,0.00,SLOW,4414.34,4414.34,4414.34,4414.34,0.00,0.00,0.0,BULLISH,0.0,4414.34,4414.34,4414.34,4414.34,12,ACTIVE_12s,1.0,0.0,0.0,0.0,0.0,0.0,0.0,PASS_<20%,0.00,0.0,NO,STANDBY_VEL_LOW,0,0.00,4590.00,78.36,FALSE,M1_DIRECTION_MISMATCH|OPENING_SHIELD_ACTIVE_12s
2026-09-07 15:59:12.719,1788796752.720,10367,26,504,4414.34,4414.42,8.0,PASS_<=10c,+0.0,FLAT,+0.0,+0.0,4.2,+0.00,0.00,SLOW,4414.34,4414.34,4414.34,4414.34,0.00,0.00,0.0,BULLISH,0.0,4414.34,4414.34,4414.34,4414.34,12,ACTIVE_12s,1.0,0.0,0.0,0.0,0.0,0.0,0.0,PASS_<20%,0.00,0.0,NO,STANDBY_VEL_LOW,0,0.00,4590.00,78.36,FALSE,M1_DIRECTION_MISMATCH|OPENING_SHIELD_ACTIVE_12s
2026-09-07 15:59:13.220,1788796753.221,10368,27,505,4414.34,4414.42,8.0,PASS_<=10c,+0.0,FLAT,+0.0,+0.0,4.2,+0.00,0.00,SLOW,4414.34,4414.34,4414.34,4414.34,0.00,0.00,0.0,BULLISH,0.0,4414.34,4414.34,4414.34,4414.34,13,ACTIVE_13s,1.0,0.0,0.0,0.0,0.0,0.0,0.0,PASS_<20%,0.00,0.0,NO,STANDBY_VEL_LOW,0,0.00,4590.00,78.36,FALSE,M1_DIRECTION_MISMATCH|OPENING_SHIELD_ACTIVE_13s
2026-09-07 15:59:13.722,1788796753.723,10369,28,506,4414.34,4414.42,8.0,PASS_<=10c,+0.0,FLAT,+0.0,+0.0,4.2,+0.00,0.00,SLOW,4414.34,4414.34,4414.34,4414.34,0.00,0.00,0.0,BULLISH,0.0,4414.34,4414.34,4414.34,4414.34,13,ACTIVE_13s,1.0,0.0,0.0,0.0,0.0,0.0,0.0,PASS_<20%,0.00,0.0,NO,STANDBY_VEL_LOW,0,0.00,4590.00,78.36,FALSE,M1_DIRECTION_MISMATCH|OPENING_SHIELD_ACTIVE_13s
2026-09-07 15:59:14.224,1788796754.224,10370,29,507,4414.34,4414.42,8.0,PASS_<=10c,+0.0,FLAT,+0.0,+0.0,4.2,+0.00,0.00,SLOW,4414.34,4414.34,4414.34,4414.34,0.00,0.00,0.0,BULLISH,0.0,4414.34,4414.34,4414.34,4414.34,14,ACTIVE_14s,1.0,0.0,0.0,0.0,0.0,0.0,0.0,PASS_<20%,0.00,0.0,NO,STANDBY_VEL_LOW,0,0.00,4590.00,78.36,FALSE,M1_DIRECTION_MISMATCH|OPENING_SHIELD_ACTIVE_14s
2026-09-07 15:59:14.726,1788796754.727,10371,30,508,4414.34,4414.42,8.0,PASS_<=10c,+0.0,FLAT,+0.0,+0.0,4.2,+0.00,0.00,SLOW,4414.34,4414.34,4414.34,4414.34,0.00,0.00,0.0,BULLISH,0.0,4414.34,4414.34,4414.34,4414.34,14,ACTIVE_14s,1.0,0.0,0.0,0.0,0.0,0.0,0.0,PASS_<20%,0.00,0.0,NO,STANDBY_VEL_LOW,0,0.00,4590.00,78.36,FALSE,M1_DIRECTION_MISMATCH|OPENING_SHIELD_ACTIVE_14s
2026-09-07 15:59:15.228,1788796755.229,10372,31,509,4414.34,4414.42,8.0,PASS_<=10c,+0.0,FLAT,+0.0,+0.0,4.2,+0.00,0.00,SLOW,4414.34,4414.34,4414.34,4414.34,0.00,0.00,0.0,BULLISH,0.0,4414.34,4414.34,4414.34,4414.34,15,ACTIVE_15s,1.0,0.0,0.0,0.0,0.0,0.0,0.0,PASS_<20%,0.00,0.0,NO,STANDBY_VEL_LOW,0,0.00,4590.00,78.36,FALSE,M1_DIRECTION_MISMATCH|OPENING_SHIELD_ACTIVE_15s
2026-09-07 15:59:15.730,1788796755.731,10373,32,510,4414.34,4414.42,8.0,PASS_<=10c,+0.0,FLAT,+0.0,+0.0,4.2,+0.00,0.00,SLOW,4414.34,4414.34,4414.34,4414.34,0.00,0.00,0.0,BULLISH,0.0,4414.34,4414.34,4414.34,4414.34,15,ACTIVE_15s,1.0,0.0,0.0,0.0,0.0,0.0,0.0,PASS_<20%,0.00,0.0,NO,STANDBY_VEL_LOW,0,0.00,4590.00,78.36,FALSE,M1_DIRECTION_MISMATCH|OPENING_SHIELD_ACTIVE_15s
2026-09-07 15:59:16.232,1788796756.233,10374,33,511,4414.34,4414.42,8.0,PASS_<=10c,+0.0,FLAT,+0.0,+0.0,4.2,+0.00,0.00,SLOW,4414.34,4414.34,4414.34,4414.34,0.00,0.00,0.0,BULLISH,0.0,4414.34,4414.34,4414.34,4414.34,16,ACTIVE_16s,1.0,0.0,0.0,0.0,0.0,0.0,0.0,PASS_<20%,0.00,0.0,NO,STANDBY_VEL_LOW,0,0.00,4590.00,78.36,FALSE,M1_DIRECTION_MISMATCH|OPENING_SHIELD_ACTIVE_16s
2026-09-07 15:59:16.734,1788796756.735,10375,34,512,4414.34,4414.42,8.0,PASS_<=10c,+0.0,FLAT,+0.0,+0.0,4.2,+0.00,0.00,SLOW,4414.34,4414.34,4414.34,4414.34,0.00,0.00,0.0,BULLISH,0.0,4414.34,4414.34,4414.34,4414.34,16,ACTIVE_16s,1.0,0.0,0.0,0.0,0.0,0.0,0.0,PASS_<20%,0.00,0.0,NO,STANDBY_VEL_LOW,0,0.00,4590.00,78.36,FALSE,M1_DIRECTION_MISMATCH|OPENING_SHIELD_ACTIVE_16s
2026-09-07 15:59:17.236,1788796757.237,10376,35,513,4414.34,4414.42,8.0,PASS_<=10c,+0.0,FLAT,+0.0,+0.0,4.2,+0.00,0.00,SLOW,4414.34,4414.34,4414.34,4414.34,0.00,0.00,0.0,BULLISH,0.0,4414.34,4414.34,4414.34,4414.34,17,ACTIVE_17s,1.0,0.0,0.0,0.0,0.0,0.0,0.0,PASS_<20%,0.00,0.0,NO,STANDBY_VEL_LOW,0,0.00,4590.00,78.36,FALSE,M1_DIRECTION_MISMATCH|OPENING_SHIELD_ACTIVE_17s
2026-09-07 15:59:17.738,1788796757.739,10377,36,514,4414.34,4414.42,8.0,PASS_<=10c,+0.0,FLAT,+0.0,+0.0,4.2,+0.00,0.00,SLOW,4414.34,4414.34,4414.34,4414.34,0.00,0.00,0.0,BULLISH,0.0,4414.34,4414.34,4414.34,4414.34,17,ACTIVE_17s,1.0,0.0,0.0,0.0,0.0,0.0,0.0,PASS_<20%,0.00,0.0,NO,STANDBY_VEL_LOW,0,0.00,4590.00,78.36,FALSE,M1_DIRECTION_MISMATCH|OPENING_SHIELD_ACTIVE_17s
2026-09-07 15:59:18.240,1788796758.240,10378,37,515,4414.34,4414.42,8.0,PASS_<=10c,+0.0,FLAT,+0.0,+0.0,4.2,+0.00,0.00,SLOW,4414.34,4414.34,4414.34,4414.34,0.00,0.00,0.0,BULLISH,0.0,4414.34,4414.34,4414.34,4414.34,18,ACTIVE_18s,1.0,0.0,0.0,0.0,0.0,0.0,0.0,PASS_<20%,0.00,0.0,NO,STANDBY_VEL_LOW,0,0.00,4590.00,78.36,FALSE,M1_DIRECTION_MISMATCH|OPENING_SHIELD_ACTIVE_18s
2026-09-07 15:59:18.741,1788796758.742,10379,38,516,4414.34,4414.42,8.0,PASS_<=10c,+0.0,FLAT,+0.0,+0.0,4.2,+0.00,0.00,SLOW,4414.34,4414.34,4414.34,4414.34,0.00,0.00,0.0,BULLISH,0.0,4414.34,4414.34,4414.34,4414.34,18,ACTIVE_18s,1.0,0.0,0.0,0.0,0.0,0.0,0.0,PASS_<20%,0.00,0.0,NO,STANDBY_VEL_LOW,0,0.00,4590.00,78.36,FALSE,M1_DIRECTION_MISMATCH|OPENING_SHIELD_ACTIVE_18s
2026-09-07 15:59:19.243,1788796759.243,10380,39,517,4414.34,4414.42,8.0,PASS_<=10c,+0.0,FLAT,+0.0,+0.0,4.2,+0.00,0.00,SLOW,4414.34,4414.34,4414.34,4414.34,0.00,0.00,0.0,BULLISH,0.0,4414.34,4414.34,4414.34,4414.34,19,ACTIVE_19s,1.0,0.0,0.0,0.0,0.0,0.0,0.0,PASS_<20%,0.00,0.0,NO,STANDBY_VEL_LOW,0,0.00,4590.00,78.36,FALSE,M1_DIRECTION_MISMATCH|OPENING_SHIELD_ACTIVE_19s
2026-09-07 15:59:19.744,1788796759.745,10381,40,518,4414.34,4414.42,8.0,PASS_<=10c,+0.0,FLAT,+0.0,+0.0,4.2,+0.00,0.00,SLOW,4414.34,4414.34,4414.34,4414.34,0.00,0.00,0.0,BULLISH,0.0,4414.34,4414.34,4414.34,4414.34,19,ACTIVE_19s,1.0,0.0,0.0,0.0,0.0,0.0,0.0,PASS_<20%,0.00,0.0,NO,STANDBY_VEL_LOW,0,0.00,4590.00,78.36,FALSE,M1_DIRECTION_MISMATCH|OPENING_SHIELD_ACTIVE_19s
2026-09-07 15:59:20.246,1788796760.246,10382,41,519,4414.34,4414.42,8.0,PASS_<=10c,+0.0,FLAT,+0.0,+0.0,4.2,+0.00,0.00,SLOW,4414.34,4414.34,4414.34,4414.34,0.00,0.00,0.0,BULLISH,0.0,4414.34,4414.34,4414.34,4414.34,20,CLEARED_>=20s,1.0,0.0,0.0,0.0,0.0,0.0,0.0,PASS_<20%,0.00,0.0,NO,STANDBY_VEL_LOW,0,0.00,4590.00,78.36,FALSE,M1_DIRECTION_MISMATCH
2026-09-07 15:59:20.747,1788796760.747,10383,42,520,4414.34,4414.42,8.0,PASS_<=10c,+0.0,FLAT,+0.0,+0.0,4.2,+0.00,0.00,SLOW,4414.34,4414.34,4414.34,4414.34,0.00,0.00,0.0,BULLISH,0.0,4414.34,4414.34,4414.34,4414.34,20,CLEARED_>=20s,1.0,0.0,0.0,0.0,0.0,0.0,0.0,PASS_<20%,0.00,0.0,NO,STANDBY_VEL_LOW,0,0.00,4590.00,78.36,FALSE,M1_DIRECTION_MISMATCH
2026-09-07 15:59:21.249,1788796761.249,10384,43,521,4414.34,4414.42,8.0,PASS_<=10c,+0.0,FLAT,+0.0,+0.0,4.2,+0.00,0.00,SLOW,4414.34,4414.34,4414.34,4414.34,0.00,0.00,0.0,BULLISH,0.0,4414.34,4414.34,4414.34,4414.34,21,CLEARED_>=20s,1.0,0.0,0.0,0.0,0.0,0.0,0.0,PASS_<20%,0.00,0.0,NO,STANDBY_VEL_LOW,0,0.00,4590.00,78.36,FALSE,M1_DIRECTION_MISMATCH
2026-09-07 15:59:21.750,1788796761.751,10385,44,522,4414.34,4414.42,8.0,PASS_<=10c,+0.0,FLAT,+0.0,+0.0,4.2,+0.00,0.00,SLOW,4414.34,4414.34,4414.34,4414.34,0.00,0.00,0.0,BULLISH,0.0,4414.34,4414.34,4414.34,4414.34,21,CLEARED_>=20s,1.0,0.0,0.0,0.0,0.0,0.0,0.0,PASS_<20%,0.00,0.0,NO,STANDBY_VEL_LOW,0,0.00,4590.00,78.36,FALSE,M1_DIRECTION_MISMATCH
2026-09-07 15:59:22.252,1788796762.253,10386,45,523,4414.34,4414.42,8.0,PASS_<=10c,+0.0,FLAT,+0.0,+0.0,4.2,+0.00,0.00,SLOW,4414.34,4414.34,4414.34,4414.34,0.00,0.00,0.0,BULLISH,0.0,4414.34,4414.34,4414.34,4414.34,22,CLEARED_>=20s,1.0,0.0,0.0,0.0,0.0,0.0,0.0,PASS_<20%,0.00,0.0,NO,STANDBY_VEL_LOW,0,0.00,4590.00,78.36,FALSE,M1_DIRECTION_MISMATCH
2026-09-07 15:59:22.754,1788796762.754,10387,46,524,4414.34,4414.42,8.0,PASS_<=10c,+0.0,FLAT,+0.0,+0.0,4.2,+0.00,0.00,SLOW,4414.34,4414.34,4414.34,4414.34,0.00,0.00,0.0,BULLISH,0.0,4414.34,4414.34,4414.34,4414.34,22,CLEARED_>=20s,1.0,0.0,0.0,0.0,0.0,0.0,0.0,PASS_<20%,0.00,0.0,NO,STANDBY_VEL_LOW,0,0.00,4590.00,78.36,FALSE,M1_DIRECTION_MISMATCH
2026-09-07 15:59:23.256,1788796763.256,10388,47,525,4414.34,4414.42,8.0,PASS_<=10c,+0.0,FLAT,+0.0,+0.0,4.2,+0.00,0.00,SLOW,4414.34,4414.34,4414.34,4414.34,0.00,0.00,0.0,BULLISH,0.0,4414.34,4414.34,4414.34,4414.34,23,CLEARED_>=20s,1.0,0.0,0.0,0.0,0.0,0.0,0.0,PASS_<20%,0.00,0.0,NO,STANDBY_VEL_LOW,0,0.00,4590.00,78.36,FALSE,M1_DIRECTION_MISMATCH
2026-09-07 15:59:23.757,1788796763.758,10389,48,526,4414.34,4414.42,8.0,PASS_<=10c,+0.0,FLAT,+0.0,+0.0,4.2,+0.00,0.00,SLOW,4414.34,4414.34,4414.34,4414.34,0.00,0.00,0.0,BULLISH,0.0,4414.34,4414.34,4414.34,4414.34,23,CLEARED_>=20s,1.0,0.0,0.0,0.0,0.0,0.0,0.0,PASS_<20%,0.00,0.0,NO,STANDBY_VEL_LOW,0,0.00,4590.00,78.36,FALSE,M1_DIRECTION_MISMATCH
2026-09-07 15:59:24.258,1788796764.258,10390,49,527,4414.34,4414.42,8.0,PASS_<=10c,+0.0,FLAT,+0.0,+0.0,4.2,+0.00,0.00,SLOW,4414.34,4414.34,4414.34,4414.34,0.00,0.00,0.0,BULLISH,0.0,4414.34,4414.34,4414.34,4414.34,24,CLEARED_>=20s,1.0,0.0,0.0,0.0,0.0,0.0,0.0,PASS_<20%,0.00,0.0,NO,STANDBY_VEL_LOW,0,0.00,4590.00,78.36,FALSE,M1_DIRECTION_MISMATCH
2026-09-07 15:59:24.760,1788796764.760,10391,50,528,4414.34,4414.42,8.0,PASS_<=10c,+0.0,FLAT,+0.0,+0.0,4.2,+0.00,0.00,SLOW,4414.34,4414.34,4414.34,4414.34,0.00,0.00,0.0,BULLISH,0.0,4414.34,4414.34,4414.34,4414.34,24,CLEARED_>=20s,1.0,0.0,0.0,0.0,0.0,0.0,0.0,PASS_<20%,0.00,0.0,NO,STANDBY_VEL_LOW,0,0.00,4590.00,78.36,FALSE,M1_DIRECTION_MISMATCH
2026-09-07 15:59:25.262,1788796765.262,10392,51,529,4414.34,4414.42,8.0,PASS_<=10c,+0.0,FLAT,+0.0,+0.0,4.2,+0.00,0.00,SLOW,4414.34,4414.34,4414.34,4414.34,0.00,0.00,0.0,BULLISH,0.0,4414.34,4414.34,4414.34,4414.34,25,CLEARED_>=20s,1.0,0.0,0.0,0.0,0.0,0.0,0.0,PASS_<20%,0.00,0.0,NO,STANDBY_VEL_LOW,0,0.00,4590.00,78.36,FALSE,M1_DIRECTION_MISMATCH
2026-09-07 15:59:25.764,1788796765.765,10393,52,530,4414.34,4414.42,8.0,PASS_<=10c,+0.0,FLAT,+0.0,+0.0,4.2,+0.00,0.00,SLOW,4414.34,4414.34,4414.34,4414.34,0.00,0.00,0.0,BULLISH,0.0,4414.34,4414.34,4414.34,4414.34,25,CLEARED_>=20s,1.0,0.0,0.0,0.0,0.0,0.0,0.0,PASS_<20%,0.00,0.0,NO,STANDBY_VEL_LOW,0,0.00,4590.00,78.36,FALSE,M1_DIRECTION_MISMATCH
2026-09-07 15:59:26.266,1788796766.267,10394,53,531,4414.34,4414.42,8.0,PASS_<=10c,+0.0,FLAT,+0.0,+0.0,4.2,+0.00,0.00,SLOW,4414.34,4414.34,4414.34,4414.34,0.00,0.00,0.0,BULLISH,0.0,4414.34,4414.34,4414.34,4414.34,26,CLEARED_>=20s,1.0,0.0,0.0,0.0,0.0,0.0,0.0,PASS_<20%,0.00,0.0,NO,STANDBY_VEL_LOW,0,0.00,4590.00,78.36,FALSE,M1_DIRECTION_MISMATCH
2026-09-07 15:59:26.768,1788796766.768,10395,54,532,4414.34,4414.42,8.0,PASS_<=10c,+0.0,FLAT,+0.0,+0.0,4.2,+0.00,0.00,SLOW,4414.34,4414.34,4414.34,4414.34,0.00,0.00,0.0,BULLISH,0.0,4414.34,4414.34,4414.34,4414.34,26,CLEARED_>=20s,1.0,0.0,0.0,0.0,0.0,0.0,0.0,PASS_<20%,0.00,0.0,NO,STANDBY_VEL_LOW,0,0.00,4590.00,78.36,FALSE,M1_DIRECTION_MISMATCH
2026-09-07 15:59:27.270,1788796767.270,10396,55,533,4414.34,4414.42,8.0,PASS_<=10c,+0.0,FLAT,+0.0,+0.0,4.2,+0.00,0.00,SLOW,4414.34,4414.34,4414.34,4414.34,0.00,0.00,0.0,BULLISH,0.0,4414.34,4414.34,4414.34,4414.34,27,CLEARED_>=20s,1.0,0.0,0.0,0.0,0.0,0.0,0.0,PASS_<20%,0.00,0.0,NO,STANDBY_VEL_LOW,0,0.00,4590.00,78.36,FALSE,M1_DIRECTION_MISMATCH
2026-09-07 15:59:27.772,1788796767.772,10397,56,534,4414.34,4414.42,8.0,PASS_<=10c,+0.0,FLAT,+0.0,+0.0,4.2,+0.00,0.00,SLOW,4414.34,4414.34,4414.34,4414.34,0.00,0.00,0.0,BULLISH,0.0,4414.34,4414.34,4414.34,4414.34,27,CLEARED_>=20s,1.0,0.0,0.0,0.0,0.0,0.0,0.0,PASS_<20%,0.00,0.0,NO,STANDBY_VEL_LOW,0,0.00,4590.00,78.36,FALSE,M1_DIRECTION_MISMATCH
2026-09-07 15:59:28.274,1788796768.274,10398,57,535,4414.34,4414.42,8.0,PASS_<=10c,+0.0,FLAT,+0.0,+0.0,4.2,+0.00,0.00,SLOW,4414.34,4414.34,4414.34,4414.34,0.00,0.00,0.0,BULLISH,0.0,4414.34,4414.34,4414.34,4414.34,28,CLEARED_>=20s,1.0,0.0,0.0,0.0,0.0,0.0,0.0,PASS_<20%,0.00,0.0,NO,STANDBY_VEL_LOW,0,0.00,4590.00,78.36,FALSE,M1_DIRECTION_MISMATCH
2026-09-07 15:59:28.775,1788796768.776,10399,58,536,4414.34,4414.42,8.0,PASS_<=10c,+0.0,FLAT,+0.0,+0.0,4.2,+0.00,0.00,SLOW,4414.34,4414.34,4414.34,4414.34,0.00,0.00,0.0,BULLISH,0.0,4414.34,4414.34,4414.34,4414.34,28,CLEARED_>=20s,1.0,0.0,0.0,0.0,0.0,0.0,0.0,PASS_<20%,0.00,0.0,NO,STANDBY_VEL_LOW,0,0.00,4590.00,78.36,FALSE,M1_DIRECTION_MISMATCH
2026-09-07 15:59:29.278,1788796769.279,10400,59,537,4414.34,4414.42,8.0,PASS_<=10c,+0.0,FLAT,+0.0,+0.0,4.2,+0.00,0.00,SLOW,4414.34,4414.34,4414.34,4414.34,0.00,0.00,0.0,BULLISH,0.0,4414.34,4414.34,4414.34,4414.34,29,CLEARED_>=20s,1.0,0.0,0.0,0.0,0.0,0.0,0.0,PASS_<20%,0.00,0.0,NO,STANDBY_VEL_LOW,0,0.00,4590.00,78.36,FALSE,M1_DIRECTION_MISMATCH
2026-09-07 15:59:29.780,1788796769.781,10401,60,538,4414.34,4414.42,8.0,PASS_<=10c,+0.0,FLAT,+0.0,+0.0,4.2,+0.00,0.00,SLOW,4414.34,4414.34,4414.34,4414.34,0.00,0.00,0.0,BULLISH,0.0,4414.34,4414.34,4414.34,4414.34,29,CLEARED_>=20s,1.0,0.0,0.0,0.0,0.0,0.0,0.0,PASS_<20%,0.00,0.0,NO,STANDBY_VEL_LOW,0,0.00,4590.00,78.36,FALSE,M1_DIRECTION_MISMATCH
2026-09-07 15:59:30.282,1788796770.282,10402,61,539,4414.34,4414.42,8.0,PASS_<=10c,+0.0,FLAT,+0.0,+0.0,4.2,+0.00,0.00,SLOW,4414.34,4414.34,4414.34,4414.34,0.00,0.00,0.0,BULLISH,0.0,4414.34,4414.34,4414.34,4414.34,30,CLEARED_>=20s,1.0,0.0,0.0,0.0,0.0,0.0,0.0,PASS_<20%,0.00,0.0,NO,STANDBY_VEL_LOW,0,0.00,4590.00,78.36,FALSE,M1_DIRECTION_MISMATCH
2026-09-07 15:59:30.784,1788796770.784,10403,62,540,4414.34,4414.42,8.0,PASS_<=10c,+0.0,FLAT,+0.0,+0.0,4.2,+0.00,0.00,SLOW,4414.34,4414.34,4414.34,4414.34,0.00,0.00,0.0,BULLISH,0.0,4414.34,4414.34,4414.34,4414.34,30,CLEARED_>=20s,1.0,0.0,0.0,0.0,0.0,0.0,0.0,PASS_<20%,0.00,0.0,NO,STANDBY_VEL_LOW,0,0.00,4590.00,78.36,FALSE,M1_DIRECTION_MISMATCH
2026-09-07 15:59:31.286,1788796771.286,10404,63,541,4414.34,4414.42,8.0,PASS_<=10c,+0.0,FLAT,+0.0,+0.0,4.2,+0.00,0.00,SLOW,4414.34,4414.34,4414.34,4414.34,0.00,0.00,0.0,BULLISH,0.0,4414.34,4414.34,4414.34,4414.34,31,CLEARED_>=20s,1.0,0.0,0.0,0.0,0.0,0.0,0.0,PASS_<20%,0.00,0.0,NO,STANDBY_VEL_LOW,0,0.00,4590.00,78.36,FALSE,M1_DIRECTION_MISMATCH
2026-09-07 15:59:31.787,1788796771.787,10405,64,542,4414.34,4414.42,8.0,PASS_<=10c,+0.0,FLAT,+0.0,+0.0,4.2,+0.00,0.00,SLOW,4414.34,4414.34,4414.34,4414.34,0.00,0.00,0.0,BULLISH,0.0,4414.34,4414.34,4414.34,4414.34,31,CLEARED_>=20s,1.0,0.0,0.0,0.0,0.0,0.0,0.0,PASS_<20%,0.00,0.0,NO,STANDBY_VEL_LOW,0,0.00,4590.00,78.36,FALSE,M1_DIRECTION_MISMATCH
2026-09-07 15:59:32.288,1788796772.288,10406,65,543,4414.34,4414.42,8.0,PASS_<=10c,+0.0,FLAT,+0.0,+0.0,4.2,+0.00,0.00,SLOW,4414.34,4414.34,4414.34,4414.34,0.00,0.00,0.0,BULLISH,0.0,4414.34,4414.34,4414.34,4414.34,32,CLEARED_>=20s,1.0,0.0,0.0,0.0,0.0,0.0,0.0,PASS_<20%,0.00,0.0,NO,STANDBY_VEL_LOW,0,0.00,4590.00,78.36,FALSE,M1_DIRECTION_MISMATCH
2026-09-07 15:59:32.790,1788796772.790,10407,66,544,4414.34,4414.42,8.0,PASS_<=10c,+0.0,FLAT,+0.0,+0.0,4.2,+0.00,0.00,SLOW,4414.34,4414.34,4414.34,4414.34,0.00,0.00,0.0,BULLISH,0.0,4414.34,4414.34,4414.34,4414.34,32,CLEARED_>=20s,1.0,0.0,0.0,0.0,0.0,0.0,0.0,PASS_<20%,0.00,0.0,NO,STANDBY_VEL_LOW,0,0.00,4590.00,78.36,FALSE,M1_DIRECTION_MISMATCH
2026-09-07 15:59:33.292,1788796773.292,10408,67,545,4414.34,4414.42,8.0,PASS_<=10c,+0.0,FLAT,+0.0,+0.0,4.2,+0.00,0.00,SLOW,4414.34,4414.34,4414.34,4414.34,0.00,0.00,0.0,BULLISH,0.0,4414.34,4414.34,4414.34,4414.34,33,CLEARED_>=20s,1.0,0.0,0.0,0.0,0.0,0.0,0.0,PASS_<20%,0.00,0.0,NO,STANDBY_VEL_LOW,0,0.00,4590.00,78.36,FALSE,M1_DIRECTION_MISMATCH
2026-09-07 15:59:33.793,1788796773.794,10409,68,546,4414.34,4414.42,8.0,PASS_<=10c,+0.0,FLAT,+0.0,+0.0,4.2,+0.00,0.00,SLOW,4414.34,4414.34,4414.34,4414.34,0.00,0.00,0.0,BULLISH,0.0,4414.34,4414.34,4414.34,4414.34,33,CLEARED_>=20s,1.0,0.0,0.0,0.0,0.0,0.0,0.0,PASS_<20%,0.00,0.0,NO,STANDBY_VEL_LOW,0,0.00,4590.00,78.36,FALSE,M1_DIRECTION_MISMATCH
2026-09-07 15:59:34.295,1788796774.295,10410,69,547,4414.34,4414.42,8.0,PASS_<=10c,+0.0,FLAT,+0.0,+0.0,4.2,+0.00,0.00,SLOW,4414.34,4414.34,4414.34,4414.34,0.00,0.00,0.0,BULLISH,0.0,4414.34,4414.34,4414.34,4414.34,34,CLEARED_>=20s,1.0,0.0,0.0,0.0,0.0,0.0,0.0,PASS_<20%,0.00,0.0,NO,STANDBY_VEL_LOW,0,0.00,4590.00,78.36,FALSE,M1_DIRECTION_MISMATCH
2026-09-07 15:59:34.796,1788796774.796,10411,70,548,4414.34,4414.42,8.0,PASS_<=10c,+0.0,FLAT,+0.0,+0.0,4.2,+0.00,0.00,SLOW,4414.34,4414.34,4414.34,4414.34,0.00,0.00,0.0,BULLISH,0.0,4414.34,4414.34,4414.34,4414.34,34,CLEARED_>=20s,1.0,0.0,0.0,0.0,0.0,0.0,0.0,PASS_<20%,0.00,0.0,NO,STANDBY_VEL_LOW,0,0.00,4590.00,78.36,FALSE,M1_DIRECTION_MISMATCH
2026-09-07 15:59:35.298,1788796775.298,10412,71,549,4414.34,4414.42,8.0,PASS_<=10c,+0.0,FLAT,+0.0,+0.0,4.2,+0.00,0.00,SLOW,4414.34,4414.34,4414.34,4414.34,0.00,0.00,0.0,BULLISH,0.0,4414.34,4414.34,4414.34,4414.34,35,CLEARED_>=20s,1.0,0.0,0.0,0.0,0.0,0.0,0.0,PASS_<20%,0.00,0.0,NO,STANDBY_VEL_LOW,0,0.00,4590.00,78.36,FALSE,M1_DIRECTION_MISMATCH
2026-09-07 15:59:35.800,1788796775.800,10413,72,550,4414.34,4414.42,8.0,PASS_<=10c,+0.0,FLAT,+0.0,+0.0,4.2,+0.00,0.00,SLOW,4414.34,4414.34,4414.34,4414.34,0.00,0.00,0.0,BULLISH,0.0,4414.34,4414.34,4414.34,4414.34,35,CLEARED_>=20s,1.0,0.0,0.0,0.0,0.0,0.0,0.0,PASS_<20%,0.00,0.0,NO,STANDBY_VEL_LOW,0,0.00,4590.00,78.36,FALSE,M1_DIRECTION_MISMATCH
2026-09-07 15:59:36.301,1788796776.302,10414,73,551,4414.34,4414.42,8.0,PASS_<=10c,+0.0,FLAT,+0.0,+0.0,4.2,+0.00,0.00,SLOW,4414.34,4414.34,4414.34,4414.34,0.00,0.00,0.0,BULLISH,0.0,4414.34,4414.34,4414.34,4414.34,36,CLEARED_>=20s,1.0,0.0,0.0,0.0,0.0,0.0,0.0,PASS_<20%,0.00,0.0,NO,STANDBY_VEL_LOW,0,0.00,4590.00,78.36,FALSE,M1_DIRECTION_MISMATCH
2026-09-07 15:59:36.803,1788796776.804,10415,74,552,4414.34,4414.42,8.0,PASS_<=10c,+0.0,FLAT,+0.0,+0.0,4.2,+0.00,0.00,SLOW,4414.34,4414.34,4414.34,4414.34,0.00,0.00,0.0,BULLISH,0.0,4414.34,4414.34,4414.34,4414.34,36,CLEARED_>=20s,1.0,0.0,0.0,0.0,0.0,0.0,0.0,PASS_<20%,0.00,0.0,NO,STANDBY_VEL_LOW,0,0.00,4590.00,78.36,FALSE,M1_DIRECTION_MISMATCH
2026-09-07 15:59:37.305,1788796777.305,10416,75,553,4414.34,4414.42,8.0,PASS_<=10c,+0.0,FLAT,+0.0,+0.0,4.2,+0.00,0.00,SLOW,4414.34,4414.34,4414.34,4414.34,0.00,0.00,0.0,BULLISH,0.0,4414.34,4414.34,4414.34,4414.34,37,CLEARED_>=20s,1.0,0.0,0.0,0.0,0.0,0.0,0.0,PASS_<20%,0.00,0.0,NO,STANDBY_VEL_LOW,0,0.00,4590.00,78.36,FALSE,M1_DIRECTION_MISMATCH
2026-09-07 15:59:37.807,1788796777.807,10417,76,554,4414.34,4414.42,8.0,PASS_<=10c,+0.0,FLAT,+0.0,+0.0,4.2,+0.00,0.00,SLOW,4414.34,4414.34,4414.34,4414.34,0.00,0.00,0.0,BULLISH,0.0,4414.34,4414.34,4414.34,4414.34,37,CLEARED_>=20s,1.0,0.0,0.0,0.0,0.0,0.0,0.0,PASS_<20%,0.00,0.0,NO,STANDBY_VEL_LOW,0,0.00,4590.00,78.36,FALSE,M1_DIRECTION_MISMATCH
2026-09-07 15:59:38.310,1788796778.310,10418,77,555,4414.34,4414.42,8.0,PASS_<=10c,+0.0,FLAT,+0.0,+0.0,4.2,+0.00,0.00,SLOW,4414.34,4414.34,4414.34,4414.34,0.00,0.00,0.0,BULLISH,0.0,4414.34,4414.34,4414.34,4414.34,38,CLEARED_>=20s,1.0,0.0,0.0,0.0,0.0,0.0,0.0,PASS_<20%,0.00,0.0,NO,STANDBY_VEL_LOW,0,0.00,4590.00,78.36,FALSE,M1_DIRECTION_MISMATCH
2026-09-07 15:59:38.811,1788796778.811,10419,78,556,4414.34,4414.42,8.0,PASS_<=10c,+0.0,FLAT,+0.0,+0.0,4.2,+0.00,0.00,SLOW,4414.34,4414.34,4414.34,4414.34,0.00,0.00,0.0,BULLISH,0.0,4414.34,4414.34,4414.34,4414.34,38,CLEARED_>=20s,1.0,0.0,0.0,0.0,0.0,0.0,0.0,PASS_<20%,0.00,0.0,NO,STANDBY_VEL_LOW,0,0.00,4590.00,78.36,FALSE,M1_DIRECTION_MISMATCH
2026-09-07 15:59:39.312,1788796779.313,10420,79,557,4414.34,4414.42,8.0,PASS_<=10c,+0.0,FLAT,+0.0,+0.0,4.2,+0.00,0.00,SLOW,4414.34,4414.34,4414.34,4414.34,0.00,0.00,0.0,BULLISH,0.0,4414.34,4414.34,4414.34,4414.34,39,CLEARED_>=20s,1.0,0.0,0.0,0.0,0.0,0.0,0.0,PASS_<20%,0.00,0.0,NO,STANDBY_VEL_LOW,0,0.00,4590.00,78.36,FALSE,M1_DIRECTION_MISMATCH
2026-09-07 15:59:39.814,1788796779.814,10421,80,558,4414.34,4414.42,8.0,PASS_<=10c,+0.0,FLAT,+0.0,+0.0,4.2,+0.00,0.00,SLOW,4414.34,4414.34,4414.34,4414.34,0.00,0.00,0.0,BULLISH,0.0,4414.34,4414.34,4414.34,4414.34,39,CLEARED_>=20s,1.0,0.0,0.0,0.0,0.0,0.0,0.0,PASS_<20%,0.00,0.0,NO,STANDBY_VEL_LOW,0,0.00,4590.00,78.36,FALSE,M1_DIRECTION_MISMATCH
2026-09-07 15:59:40.316,1788796780.316,10422,81,559,4414.34,4414.42,8.0,PASS_<=10c,+0.0,FLAT,+0.0,+0.0,4.2,+0.00,0.00,SLOW,4414.34,4414.34,4414.34,4414.34,0.00,0.00,0.0,BULLISH,0.0,4414.34,4414.34,4414.34,4414.34,40,CLEARED_>=20s,1.0,0.0,0.0,0.0,0.0,0.0,0.0,PASS_<20%,0.00,0.0,NO,STANDBY_VEL_LOW,0,0.00,4590.00,78.36,FALSE,M1_DIRECTION_MISMATCH
2026-09-07 15:59:40.817,1788796780.818,10423,82,560,4414.34,4414.42,8.0,PASS_<=10c,+0.0,FLAT,+0.0,+0.0,4.2,+0.00,0.00,SLOW,4414.34,4414.34,4414.34,4414.34,0.00,0.00,0.0,BULLISH,0.0,4414.34,4414.34,4414.34,4414.34,40,CLEARED_>=20s,1.0,0.0,0.0,0.0,0.0,0.0,0.0,PASS_<20%,0.00,0.0,NO,STANDBY_VEL_LOW,0,0.00,4590.00,78.36,FALSE,M1_DIRECTION_MISMATCH
2026-09-07 15:59:41.319,1788796781.319,10424,83,561,4414.34,4414.42,8.0,PASS_<=10c,+0.0,FLAT,+0.0,+0.0,4.2,+0.00,0.00,SLOW,4414.34,4414.34,4414.34,4414.34,0.00,0.00,0.0,BULLISH,0.0,4414.34,4414.34,4414.34,4414.34,41,CLEARED_>=20s,1.0,0.0,0.0,0.0,0.0,0.0,0.0,PASS_<20%,0.00,0.0,NO,STANDBY_VEL_LOW,0,0.00,4590.00,78.36,FALSE,M1_DIRECTION_MISMATCH
2026-09-07 15:59:41.820,1788796781.820,10425,84,562,4414.34,4414.42,8.0,PASS_<=10c,+0.0,FLAT,+0.0,+0.0,4.2,+0.00,0.00,SLOW,4414.34,4414.34,4414.34,4414.34,0.00,0.00,0.0,BULLISH,0.0,4414.34,4414.34,4414.34,4414.34,41,CLEARED_>=20s,1.0,0.0,0.0,0.0,0.0,0.0,0.0,PASS_<20%,0.00,0.0,NO,STANDBY_VEL_LOW,0,0.00,4590.00,78.36,FALSE,M1_DIRECTION_MISMATCH
2026-09-07 15:59:42.322,1788796782.322,10426,85,563,4414.34,4414.42,8.0,PASS_<=10c,+0.0,FLAT,+0.0,+0.0,4.2,+0.00,0.00,SLOW,4414.34,4414.34,4414.34,4414.34,0.00,0.00,0.0,BULLISH,0.0,4414.34,4414.34,4414.34,4414.34,42,CLEARED_>=20s,1.0,0.0,0.0,0.0,0.0,0.0,0.0,PASS_<20%,0.00,0.0,NO,STANDBY_VEL_LOW,0,0.00,4590.00,78.36,FALSE,M1_DIRECTION_MISMATCH
2026-09-07 15:59:42.823,1788796782.824,10427,86,564,4414.34,4414.42,8.0,PASS_<=10c,+0.0,FLAT,+0.0,+0.0,4.2,+0.00,0.00,SLOW,4414.34,4414.34,4414.34,4414.34,0.00,0.00,0.0,BULLISH,0.0,4414.34,4414.34,4414.34,4414.34,42,CLEARED_>=20s,1.0,0.0,0.0,0.0,0.0,0.0,0.0,PASS_<20%,0.00,0.0,NO,STANDBY_VEL_LOW,0,0.00,4590.00,78.36,FALSE,M1_DIRECTION_MISMATCH
2026-09-07 15:59:43.326,1788796783.326,10428,87,565,4414.34,4414.42,8.0,PASS_<=10c,+0.0,FLAT,+0.0,+0.0,4.2,+0.00,0.00,SLOW,4414.34,4414.34,4414.34,4414.34,0.00,0.00,0.0,BULLISH,0.0,4414.34,4414.34,4414.34,4414.34,43,CLEARED_>=20s,1.0,0.0,0.0,0.0,0.0,0.0,0.0,PASS_<20%,0.00,0.0,NO,STANDBY_VEL_LOW,0,0.00,4590.00,78.36,FALSE,M1_DIRECTION_MISMATCH
2026-09-07 15:59:43.828,1788796783.828,10429,88,566,4414.34,4414.42,8.0,PASS_<=10c,+0.0,FLAT,+0.0,+0.0,4.2,+0.00,0.00,SLOW,4414.34,4414.34,4414.34,4414.34,0.00,0.00,0.0,BULLISH,0.0,4414.34,4414.34,4414.34,4414.34,43,CLEARED_>=20s,1.0,0.0,0.0,0.0,0.0,0.0,0.0,PASS_<20%,0.00,0.0,NO,STANDBY_VEL_LOW,0,0.00,4590.00,78.36,FALSE,M1_DIRECTION_MISMATCH
2026-09-07 15:59:44.329,1788796784.330,10430,89,567,4414.34,4414.42,8.0,PASS_<=10c,+0.0,FLAT,+0.0,+0.0,4.2,+0.00,0.00,SLOW,4414.34,4414.34,4414.34,4414.34,0.00,0.00,0.0,BULLISH,0.0,4414.34,4414.34,4414.34,4414.34,44,CLEARED_>=20s,1.0,0.0,0.0,0.0,0.0,0.0,0.0,PASS_<20%,0.00,0.0,NO,STANDBY_VEL_LOW,0,0.00,4590.00,78.36,FALSE,M1_DIRECTION_MISMATCH
2026-09-07 15:59:44.830,1788796784.831,10431,90,568,4414.34,4414.42,8.0,PASS_<=10c,+0.0,FLAT,+0.0,+0.0,4.2,+0.00,0.00,SLOW,4414.34,4414.34,4414.34,4414.34,0.00,0.00,0.0,BULLISH,0.0,4414.34,4414.34,4414.34,4414.34,44,CLEARED_>=20s,1.0,0.0,0.0,0.0,0.0,0.0,0.0,PASS_<20%,0.00,0.0,NO,STANDBY_VEL_LOW,0,0.00,4590.00,78.36,FALSE,M1_DIRECTION_MISMATCH
2026-09-07 15:59:45.331,1788796785.332,10432,91,569,4414.34,4414.42,8.0,PASS_<=10c,+0.0,FLAT,+0.0,+0.0,4.2,+0.00,0.00,SLOW,4414.34,4414.34,4414.34,4414.34,0.00,0.00,0.0,BULLISH,0.0,4414.34,4414.34,4414.34,4414.34,45,CLEARED_>=20s,1.0,0.0,0.0,0.0,0.0,0.0,0.0,PASS_<20%,0.00,0.0,NO,STANDBY_VEL_LOW,0,0.00,4590.00,78.36,FALSE,M1_DIRECTION_MISMATCH
2026-09-07 15:59:45.833,1788796785.833,10433,92,570,4414.34,4414.42,8.0,PASS_<=10c,+0.0,FLAT,+0.0,+0.0,4.2,+0.00,0.00,SLOW,4414.34,4414.34,4414.34,4414.34,0.00,0.00,0.0,BULLISH,0.0,4414.34,4414.34,4414.34,4414.34,45,CLEARED_>=20s,1.0,0.0,0.0,0.0,0.0,0.0,0.0,PASS_<20%,0.00,0.0,NO,STANDBY_VEL_LOW,0,0.00,4590.00,78.36,FALSE,M1_DIRECTION_MISMATCH
2026-09-07 15:59:46.335,1788796786.335,10434,93,571,4414.34,4414.42,8.0,PASS_<=10c,+0.0,FLAT,+0.0,+0.0,4.2,+0.00,0.00,SLOW,4414.34,4414.34,4414.34,4414.34,0.00,0.00,0.0,BULLISH,0.0,4414.34,4414.34,4414.34,4414.34,46,CLEARED_>=20s,1.0,0.0,0.0,0.0,0.0,0.0,0.0,PASS_<20%,0.00,0.0,NO,STANDBY_VEL_LOW,0,0.00,4590.00,78.36,FALSE,M1_DIRECTION_MISMATCH
2026-09-07 15:59:46.836,1788796786.837,10435,94,572,4414.34,4414.42,8.0,PASS_<=10c,+0.0,FLAT,+0.0,+0.0,4.2,+0.00,0.00,SLOW,4414.34,4414.34,4414.34,4414.34,0.00,0.00,0.0,BULLISH,0.0,4414.34,4414.34,4414.34,4414.34,46,CLEARED_>=20s,1.0,0.0,0.0,0.0,0.0,0.0,0.0,PASS_<20%,0.00,0.0,NO,STANDBY_VEL_LOW,0,0.00,4590.00,78.36,FALSE,M1_DIRECTION_MISMATCH
2026-09-07 15:59:47.339,1788796787.339,10436,95,573,4414.34,4414.42,8.0,PASS_<=10c,+0.0,FLAT,+0.0,+0.0,4.2,+0.00,0.00,SLOW,4414.34,4414.34,4414.34,4414.34,0.00,0.00,0.0,BULLISH,0.0,4414.34,4414.34,4414.34,4414.34,47,CLEARED_>=20s,1.0,0.0,0.0,0.0,0.0,0.0,0.0,PASS_<20%,0.00,0.0,NO,STANDBY_VEL_LOW,0,0.00,4590.00,78.36,FALSE,M1_DIRECTION_MISMATCH
2026-09-07 15:59:47.840,1788796787.841,10437,96,574,4414.34,4414.42,8.0,PASS_<=10c,+0.0,FLAT,+0.0,+0.0,4.2,+0.00,0.00,SLOW,4414.34,4414.34,4414.34,4414.34,0.00,0.00,0.0,BULLISH,0.0,4414.34,4414.34,4414.34,4414.34,47,CLEARED_>=20s,1.0,0.0,0.0,0.0,0.0,0.0,0.0,PASS_<20%,0.00,0.0,NO,STANDBY_VEL_LOW,0,0.00,4590.00,78.36,FALSE,M1_DIRECTION_MISMATCH
2026-09-07 15:59:48.343,1788796788.343,10438,97,575,4414.34,4414.42,8.0,PASS_<=10c,+0.0,FLAT,+0.0,+0.0,4.2,+0.00,0.00,SLOW,4414.34,4414.34,4414.34,4414.34,0.00,0.00,0.0,BULLISH,0.0,4414.34,4414.34,4414.34,4414.34,48,CLEARED_>=20s,1.0,0.0,0.0,0.0,0.0,0.0,0.0,PASS_<20%,0.00,0.0,NO,STANDBY_VEL_LOW,0,0.00,4590.00,78.36,FALSE,M1_DIRECTION_MISMATCH
2026-09-07 15:59:48.844,1788796788.844,10439,98,576,4414.34,4414.42,8.0,PASS_<=10c,+0.0,FLAT,+0.0,+0.0,4.2,+0.00,0.00,SLOW,4414.34,4414.34,4414.34,4414.34,0.00,0.00,0.0,BULLISH,0.0,4414.34,4414.34,4414.34,4414.34,48,CLEARED_>=20s,1.0,0.0,0.0,0.0,0.0,0.0,0.0,PASS_<20%,0.00,0.0,NO,STANDBY_VEL_LOW,0,0.00,4590.00,78.36,FALSE,M1_DIRECTION_MISMATCH
2026-09-07 15:59:49.345,1788796789.346,10440,99,577,4414.34,4414.42,8.0,PASS_<=10c,+0.0,FLAT,+0.0,+0.0,4.2,+0.00,0.00,SLOW,4414.34,4414.34,4414.34,4414.34,0.00,0.00,0.0,BULLISH,0.0,4414.34,4414.34,4414.34,4414.34,49,CLEARED_>=20s,1.0,0.0,0.0,0.0,0.0,0.0,0.0,PASS_<20%,0.00,0.0,NO,STANDBY_VEL_LOW,0,0.00,4590.00,78.36,FALSE,M1_DIRECTION_MISMATCH
2026-09-07 15:59:49.848,1788796789.848,10441,100,578,4414.34,4414.42,8.0,PASS_<=10c,+0.0,FLAT,+0.0,+0.0,4.2,+0.00,0.00,SLOW,4414.34,4414.34,4414.34,4414.34,0.00,0.00,0.0,BULLISH,0.0,4414.34,4414.34,4414.34,4414.34,49,CLEARED_>=20s,1.0,0.0,0.0,0.0,0.0,0.0,0.0,PASS_<20%,0.00,0.0,NO,STANDBY_VEL_LOW,0,0.00,4590.00,78.36,FALSE,M1_DIRECTION_MISMATCH
2026-09-07 15:59:50.351,1788796790.351,10442,101,579,4414.34,4414.42,8.0,PASS_<=10c,+0.0,FLAT,+0.0,+0.0,4.2,+0.00,0.00,SLOW,4414.34,4414.34,4414.34,4414.34,0.00,0.00,0.0,BULLISH,0.0,4414.34,4414.34,4414.34,4414.34,50,CLEARED_>=20s,1.0,0.0,0.0,0.0,0.0,0.0,0.0,PASS_<20%,0.00,0.0,NO,STANDBY_VEL_LOW,0,0.00,4590.00,78.36,FALSE,M1_DIRECTION_MISMATCH
2026-09-07 15:59:50.852,1788796790.852,10443,102,580,4414.34,4414.42,8.0,PASS_<=10c,+0.0,FLAT,+0.0,+0.0,4.2,+0.00,0.00,SLOW,4414.34,4414.34,4414.34,4414.34,0.00,0.00,0.0,BULLISH,0.0,4414.34,4414.34,4414.34,4414.34,50,CLEARED_>=20s,1.0,0.0,0.0,0.0,0.0,0.0,0.0,PASS_<20%,0.00,0.0,NO,STANDBY_VEL_LOW,0,0.00,4590.00,78.36,FALSE,M1_DIRECTION_MISMATCH
2026-09-07 15:59:51.353,1788796791.354,10444,103,581,4414.34,4414.42,8.0,PASS_<=10c,+0.0,FLAT,+0.0,+0.0,4.2,+0.00,0.00,SLOW,4414.34,4414.34,4414.34,4414.34,0.00,0.00,0.0,BULLISH,0.0,4414.34,4414.34,4414.34,4414.34,51,CLEARED_>=20s,1.0,0.0,0.0,0.0,0.0,0.0,0.0,PASS_<20%,0.00,0.0,NO,STANDBY_VEL_LOW,0,0.00,4590.00,78.36,FALSE,M1_DIRECTION_MISMATCH
2026-09-07 15:59:51.855,1788796791.856,10445,104,582,4414.34,4414.42,8.0,PASS_<=10c,+0.0,FLAT,+0.0,+0.0,4.2,+0.00,0.00,SLOW,4414.34,4414.34,4414.34,4414.34,0.00,0.00,0.0,BULLISH,0.0,4414.34,4414.34,4414.34,4414.34,51,CLEARED_>=20s,1.0,0.0,0.0,0.0,0.0,0.0,0.0,PASS_<20%,0.00,0.0,NO,STANDBY_VEL_LOW,0,0.00,4590.00,78.36,FALSE,M1_DIRECTION_MISMATCH
2026-09-07 15:59:52.357,1788796792.357,10446,105,583,4414.34,4414.42,8.0,PASS_<=10c,+0.0,FLAT,+0.0,+0.0,4.2,+0.00,0.00,SLOW,4414.34,4414.34,4414.34,4414.34,0.00,0.00,0.0,BULLISH,0.0,4414.34,4414.34,4414.34,4414.34,52,CLEARED_>=20s,1.0,0.0,0.0,0.0,0.0,0.0,0.0,PASS_<20%,0.00,0.0,NO,STANDBY_VEL_LOW,0,0.00,4590.00,78.36,FALSE,M1_DIRECTION_MISMATCH
2026-09-07 15:59:52.858,1788796792.859,10447,106,584,4414.34,4414.42,8.0,PASS_<=10c,+0.0,FLAT,+0.0,+0.0,4.2,+0.00,0.00,SLOW,4414.34,4414.34,4414.34,4414.34,0.00,0.00,0.0,BULLISH,0.0,4414.34,4414.34,4414.34,4414.34,52,CLEARED_>=20s,1.0,0.0,0.0,0.0,0.0,0.0,0.0,PASS_<20%,0.00,0.0,NO,STANDBY_VEL_LOW,0,0.00,4590.00,78.36,FALSE,M1_DIRECTION_MISMATCH
2026-09-07 15:59:53.359,1788796793.359,10448,107,585,4414.34,4414.42,8.0,PASS_<=10c,+0.0,FLAT,+0.0,+0.0,4.2,+0.00,0.00,SLOW,4414.34,4414.34,4414.34,4414.34,0.00,0.00,0.0,BULLISH,0.0,4414.34,4414.34,4414.34,4414.34,53,CLEARED_>=20s,1.0,0.0,0.0,0.0,0.0,0.0,0.0,PASS_<20%,0.00,0.0,NO,STANDBY_VEL_LOW,0,0.00,4590.00,78.36,FALSE,M1_DIRECTION_MISMATCH
2026-09-07 15:59:53.860,1788796793.861,10449,108,586,4414.34,4414.42,8.0,PASS_<=10c,+0.0,FLAT,+0.0,+0.0,4.2,+0.00,0.00,SLOW,4414.34,4414.34,4414.34,4414.34,0.00,0.00,0.0,BULLISH,0.0,4414.34,4414.34,4414.34,4414.34,53,CLEARED_>=20s,1.0,0.0,0.0,0.0,0.0,0.0,0.0,PASS_<20%,0.00,0.0,NO,STANDBY_VEL_LOW,0,0.00,4590.00,78.36,FALSE,M1_DIRECTION_MISMATCH
2026-09-07 15:59:54.362,1788796794.362,10450,109,587,4414.34,4414.42,8.0,PASS_<=10c,+0.0,FLAT,+0.0,+0.0,4.2,+0.00,0.00,SLOW,4414.34,4414.34,4414.34,4414.34,0.00,0.00,0.0,BULLISH,0.0,4414.34,4414.34,4414.34,4414.34,54,CLEARED_>=20s,1.0,0.0,0.0,0.0,0.0,0.0,0.0,PASS_<20%,0.00,0.0,NO,STANDBY_VEL_LOW,0,0.00,4590.00,78.36,FALSE,M1_DIRECTION_MISMATCH
2026-09-07 15:59:54.863,1788796794.864,10451,110,588,4414.34,4414.42,8.0,PASS_<=10c,+0.0,FLAT,+0.0,+0.0,4.2,+0.00,0.00,SLOW,4414.34,4414.34,4414.34,4414.34,0.00,0.00,0.0,BULLISH,0.0,4414.34,4414.34,4414.34,4414.34,54,CLEARED_>=20s,1.0,0.0,0.0,0.0,0.0,0.0,0.0,PASS_<20%,0.00,0.0,NO,STANDBY_VEL_LOW,0,0.00,4590.00,78.36,FALSE,M1_DIRECTION_MISMATCH
2026-09-07 15:59:55.365,1788796795.366,10452,111,589,4414.34,4414.42,8.0,PASS_<=10c,+0.0,FLAT,+0.0,+0.0,4.2,+0.00,0.00,SLOW,4414.34,4414.34,4414.34,4414.34,0.00,0.00,0.0,BULLISH,0.0,4414.34,4414.34,4414.34,4414.34,55,CLEARED_>=20s,1.0,0.0,0.0,0.0,0.0,0.0,0.0,PASS_<20%,0.00,0.0,NO,STANDBY_VEL_LOW,0,0.00,4590.00,78.36,FALSE,M1_DIRECTION_MISMATCH
2026-09-07 15:59:55.866,1788796795.867,10453,112,590,4414.34,4414.42,8.0,PASS_<=10c,+0.0,FLAT,+0.0,+0.0,4.2,+0.00,0.00,SLOW,4414.34,4414.34,4414.34,4414.34,0.00,0.00,0.0,BULLISH,0.0,4414.34,4414.34,4414.34,4414.34,55,CLEARED_>=20s,1.0,0.0,0.0,0.0,0.0,0.0,0.0,PASS_<20%,0.00,0.0,NO,STANDBY_VEL_LOW,0,0.00,4590.00,78.36,FALSE,M1_DIRECTION_MISMATCH
2026-09-07 15:59:56.368,1788796796.368,10454,113,591,4414.34,4414.42,8.0,PASS_<=10c,+0.0,FLAT,+0.0,+0.0,4.2,+0.00,0.00,SLOW,4414.34,4414.34,4414.34,4414.34,0.00,0.00,0.0,BULLISH,0.0,4414.34,4414.34,4414.34,4414.34,56,CLEARED_>=20s,1.0,0.0,0.0,0.0,0.0,0.0,0.0,PASS_<20%,0.00,0.0,NO,STANDBY_VEL_LOW,0,0.00,4590.00,78.36,FALSE,M1_DIRECTION_MISMATCH
2026-09-07 15:59:56.870,1788796796.870,10455,114,592,4414.34,4414.42,8.0,PASS_<=10c,+0.0,FLAT,+0.0,+0.0,4.2,+0.00,0.00,SLOW,4414.34,4414.34,4414.34,4414.34,0.00,0.00,0.0,BULLISH,0.0,4414.34,4414.34,4414.34,4414.34,56,CLEARED_>=20s,1.0,0.0,0.0,0.0,0.0,0.0,0.0,PASS_<20%,0.00,0.0,NO,STANDBY_VEL_LOW,0,0.00,4590.00,78.36,FALSE,M1_DIRECTION_MISMATCH
2026-09-07 15:59:57.371,1788796797.372,10456,115,593,4414.34,4414.42,8.0,PASS_<=10c,+0.0,FLAT,+0.0,+0.0,4.2,+0.00,0.00,SLOW,4414.34,4414.34,4414.34,4414.34,0.00,0.00,0.0,BULLISH,0.0,4414.34,4414.34,4414.34,4414.34,57,CLEARED_>=20s,1.0,0.0,0.0,0.0,0.0,0.0,0.0,PASS_<20%,0.00,0.0,NO,STANDBY_VEL_LOW,0,0.00,4590.00,78.36,FALSE,M1_DIRECTION_MISMATCH
2026-09-07 15:59:57.873,1788796797.873,10457,116,594,4414.34,4414.42,8.0,PASS_<=10c,+0.0,FLAT,+0.0,+0.0,4.2,+0.00,0.00,SLOW,4414.34,4414.34,4414.34,4414.34,0.00,0.00,0.0,BULLISH,0.0,4414.34,4414.34,4414.34,4414.34,57,CLEARED_>=20s,1.0,0.0,0.0,0.0,0.0,0.0,0.0,PASS_<20%,0.00,0.0,NO,STANDBY_VEL_LOW,0,0.00,4590.00,78.36,FALSE,M1_DIRECTION_MISMATCH
2026-09-07 15:59:58.374,1788796798.375,10458,117,595,4414.34,4414.42,8.0,PASS_<=10c,+0.0,FLAT,+0.0,+0.0,4.2,+0.00,0.00,SLOW,4414.34,4414.34,4414.34,4414.34,0.00,0.00,0.0,BULLISH,0.0,4414.34,4414.34,4414.34,4414.34,58,CLEARED_>=20s,1.0,0.0,0.0,0.0,0.0,0.0,0.0,PASS_<20%,0.00,0.0,NO,STANDBY_VEL_LOW,0,0.00,4590.00,78.36,FALSE,M1_DIRECTION_MISMATCH
2026-09-07 15:59:58.877,1788796798.877,10459,118,596,4414.34,4414.42,8.0,PASS_<=10c,+0.0,FLAT,+0.0,+0.0,4.2,+0.00,0.00,SLOW,4414.34,4414.34,4414.34,4414.34,0.00,0.00,0.0,BULLISH,0.0,4414.34,4414.34,4414.34,4414.34,58,CLEARED_>=20s,1.0,0.0,0.0,0.0,0.0,0.0,0.0,PASS_<20%,0.00,0.0,NO,STANDBY_VEL_LOW,0,0.00,4590.00,78.36,FALSE,M1_DIRECTION_MISMATCH
2026-09-07 15:59:59.378,1788796799.379,10460,119,597,4414.34,4414.42,8.0,PASS_<=10c,+0.0,FLAT,+0.0,+0.0,4.2,+0.00,0.00,SLOW,4414.34,4414.34,4414.34,4414.34,0.00,0.00,0.0,BULLISH,0.0,4414.34,4414.34,4414.34,4414.34,59,CLEARED_>=20s,1.0,0.0,0.0,0.0,0.0,0.0,0.0,PASS_<20%,0.00,0.0,NO,STANDBY_VEL_LOW,0,0.00,4590.00,78.36,FALSE,M1_DIRECTION_MISMATCH
2026-09-07 15:59:59.879,1788796799.880,10461,120,598,4414.34,4414.42,8.0,PASS_<=10c,+0.0,FLAT,+0.0,+0.0,4.2,+0.00,0.00,SLOW,4414.34,4414.34,4414.34,4414.34,0.00,0.00,0.0,BULLISH,0.0,4414.34,4414.34,4414.34,4414.34,59,CLEARED_>=20s,1.0,0.0,0.0,0.0,0.0,0.0,0.0,PASS_<20%,0.00,0.0,NO,STANDBY_VEL_LOW,0,0.00,4590.00,78.36,FALSE,M1_DIRECTION_MISMATCH
2026-09-07 16:00:00.381,1788796800.381,10462,1,1,4414.34,4414.42,8.0,PASS_<=10c,+0.0,FLAT,+0.0,+0.0,4.2,+0.00,0.00,SLOW,4414.34,4414.34,4414.34,4414.34,0.00,0.00,0.0,BULLISH,0.0,4414.34,4414.34,4414.34,4414.34,0,ACTIVE_0s,1.0,0.0,0.0,0.0,0.0,0.0,0.0,PASS_<20%,0.00,0.0,NO,STANDBY_VEL_LOW,0,0.00,4590.00,78.36,FALSE,M1_DIRECTION_MISMATCH|OPENING_SHIELD_ACTIVE_0s
2026-09-07 16:00:00.882,1788796800.883,10463,2,2,4414.34,4414.42,8.0,PASS_<=10c,+0.0,FLAT,+0.0,+0.0,4.2,+0.00,0.00,SLOW,4414.34,4414.34,4414.34,4414.34,0.00,0.00,0.0,BULLISH,0.0,4414.34,4414.34,4414.34,4414.34,0,ACTIVE_0s,1.0,0.0,0.0,0.0,0.0,0.0,0.0,PASS_<20%,0.00,0.0,NO,STANDBY_VEL_LOW,0,0.00,4590.00,78.36,FALSE,M1_DIRECTION_MISMATCH|OPENING_SHIELD_ACTIVE_0s
2026-09-07 16:00:01.384,1788796801.385,10464,3,3,4414.34,4414.42,8.0,PASS_<=10c,+0.0,FLAT,+0.0,+0.0,4.2,+0.00,0.00,SLOW,4414.34,4414.34,4414.34,4414.34,0.00,0.00,0.0,BULLISH,0.0,4414.34,4414.34,4414.34,4414.34,1,ACTIVE_1s,1.0,0.0,0.0,0.0,0.0,0.0,0.0,PASS_<20%,0.00,0.0,NO,STANDBY_VEL_LOW,0,0.00,4590.00,78.36,FALSE,M1_DIRECTION_MISMATCH|OPENING_SHIELD_ACTIVE_1s
2026-09-07 16:00:01.887,1788796801.887,10465,4,4,4414.34,4414.42,8.0,PASS_<=10c,+0.0,FLAT,+0.0,+0.0,4.2,+0.00,0.00,SLOW,4414.34,4414.34,4414.34,4414.34,0.00,0.00,0.0,BULLISH,0.0,4414.34,4414.34,4414.34,4414.34,1,ACTIVE_1s,1.0,0.0,0.0,0.0,0.0,0.0,0.0,PASS_<20%,0.00,0.0,NO,STANDBY_VEL_LOW,0,0.00,4590.00,78.36,FALSE,M1_DIRECTION_MISMATCH|OPENING_SHIELD_ACTIVE_1s
2026-09-07 16:00:02.388,1788796802.389,10466,5,5,4414.34,4414.42,8.0,PASS_<=10c,+0.0,FLAT,+0.0,+0.0,4.2,+0.00,0.00,SLOW,4414.34,4414.34,4414.34,4414.34,0.00,0.00,0.0,BULLISH,0.0,4414.34,4414.34,4414.34,4414.34,2,ACTIVE_2s,1.0,0.0,0.0,0.0,0.0,0.0,0.0,PASS_<20%,0.00,0.0,NO,STANDBY_VEL_LOW,0,0.00,4590.00,78.36,FALSE,M1_DIRECTION_MISMATCH|OPENING_SHIELD_ACTIVE_2s
2026-09-07 16:00:02.889,1788796802.890,10467,6,6,4414.34,4414.42,8.0,PASS_<=10c,+0.0,FLAT,+0.0,+0.0,4.2,+0.00,0.00,SLOW,4414.34,4414.34,4414.34,4414.34,0.00,0.00,0.0,BULLISH,0.0,4414.34,4414.34,4414.34,4414.34,2,ACTIVE_2s,1.0,0.0,0.0,0.0,0.0,0.0,0.0,PASS_<20%,0.00,0.0,NO,STANDBY_VEL_LOW,0,0.00,4590.00,78.36,FALSE,M1_DIRECTION_MISMATCH|OPENING_SHIELD_ACTIVE_2s
2026-09-07 16:00:03.391,1788796803.391,10468,7,7,4414.34,4414.42,8.0,PASS_<=10c,+0.0,FLAT,+0.0,+0.0,4.2,+0.00,0.00,SLOW,4414.34,4414.34,4414.34,4414.34,0.00,0.00,0.0,BULLISH,0.0,4414.34,4414.34,4414.34,4414.34,3,ACTIVE_3s,1.0,0.0,0.0,0.0,0.0,0.0,0.0,PASS_<20%,0.00,0.0,NO,STANDBY_VEL_LOW,0,0.00,4590.00,78.36,FALSE,M1_DIRECTION_MISMATCH|OPENING_SHIELD_ACTIVE_3s
2026-09-07 16:00:03.894,1788796803.894,10469,8,8,4414.34,4414.42,8.0,PASS_<=10c,+0.0,FLAT,+0.0,+0.0,4.2,+0.00,0.00,SLOW,4414.34,4414.34,4414.34,4414.34,0.00,0.00,0.0,BULLISH,0.0,4414.34,4414.34,4414.34,4414.34,3,ACTIVE_3s,1.0,0.0,0.0,0.0,0.0,0.0,0.0,PASS_<20%,0.00,0.0,NO,STANDBY_VEL_LOW,0,0.00,4590.00,78.36,FALSE,M1_DIRECTION_MISMATCH|OPENING_SHIELD_ACTIVE_3s
2026-09-07 16:00:04.395,1788796804.396,10470,9,9,4414.34,4414.42,8.0,PASS_<=10c,+0.0,FLAT,+0.0,+0.0,4.2,+0.00,0.00,SLOW,4414.34,4414.34,4414.34,4414.34,0.00,0.00,0.0,BULLISH,0.0,4414.34,4414.34,4414.34,4414.34,4,ACTIVE_4s,1.0,0.0,0.0,0.0,0.0,0.0,0.0,PASS_<20%,0.00,0.0,NO,STANDBY_VEL_LOW,0,0.00,4590.00,78.36,FALSE,M1_DIRECTION_MISMATCH|OPENING_SHIELD_ACTIVE_4s
2026-09-07 16:00:04.898,1788796804.898,10471,10,10,4414.34,4414.42,8.0,PASS_<=10c,+0.0,FLAT,+0.0,+0.0,4.2,+0.00,0.00,SLOW,4414.34,4414.34,4414.34,4414.34,0.00,0.00,0.0,BULLISH,0.0,4414.34,4414.34,4414.34,4414.34,4,ACTIVE_4s,1.0,0.0,0.0,0.0,0.0,0.0,0.0,PASS_<20%,0.00,0.0,NO,STANDBY_VEL_LOW,0,0.00,4590.00,78.36,FALSE,M1_DIRECTION_MISMATCH|OPENING_SHIELD_ACTIVE_4s
2026-09-07 16:00:05.399,1788796805.400,10472,11,11,4414.34,4414.42,8.0,PASS_<=10c,+0.0,FLAT,+0.0,+0.0,4.2,+0.00,0.00,SLOW,4414.34,4414.34,4414.34,4414.34,0.00,0.00,0.0,BULLISH,0.0,4414.34,4414.34,4414.34,4414.34,5,ACTIVE_5s,1.0,0.0,0.0,0.0,0.0,0.0,0.0,PASS_<20%,0.00,0.0,NO,STANDBY_VEL_LOW,0,0.00,4590.00,78.36,FALSE,M1_DIRECTION_MISMATCH|OPENING_SHIELD_ACTIVE_5s
2026-09-07 16:00:05.901,1788796805.901,10473,12,12,4414.34,4414.42,8.0,PASS_<=10c,+0.0,FLAT,+0.0,+0.0,4.2,+0.00,0.00,SLOW,4414.34,4414.34,4414.34,4414.34,0.00,0.00,0.0,BULLISH,0.0,4414.34,4414.34,4414.34,4414.34,5,ACTIVE_5s,1.0,0.0,0.0,0.0,0.0,0.0,0.0,PASS_<20%,0.00,0.0,NO,STANDBY_VEL_LOW,0,0.00,4590.00,78.36,FALSE,M1_DIRECTION_MISMATCH|OPENING_SHIELD_ACTIVE_5s
2026-09-07 16:00:06.403,1788796806.403,10474,13,13,4414.34,4414.42,8.0,PASS_<=10c,+0.0,FLAT,+0.0,+0.0,4.2,+0.00,0.00,SLOW,4414.34,4414.34,4414.34,4414.34,0.00,0.00,0.0,BULLISH,0.0,4414.34,4414.34,4414.34,4414.34,6,ACTIVE_6s,1.0,0.0,0.0,0.0,0.0,0.0,0.0,PASS_<20%,0.00,0.0,NO,STANDBY_VEL_LOW,0,0.00,4590.00,78.36,FALSE,M1_DIRECTION_MISMATCH|OPENING_SHIELD_ACTIVE_6s
2026-09-07 16:00:06.905,1788796806.906,10475,14,14,4414.34,4414.42,8.0,PASS_<=10c,+0.0,FLAT,+0.0,+0.0,4.2,+0.00,0.00,SLOW,4414.34,4414.34,4414.34,4414.34,0.00,0.00,0.0,BULLISH,0.0,4414.34,4414.34,4414.34,4414.34,6,ACTIVE_6s,1.0,0.0,0.0,0.0,0.0,0.0,0.0,PASS_<20%,0.00,0.0,NO,STANDBY_VEL_LOW,0,0.00,4590.00,78.36,FALSE,M1_DIRECTION_MISMATCH|OPENING_SHIELD_ACTIVE_6s
2026-09-07 16:00:07.410,1788796807.411,10476,15,15,4414.34,4414.42,8.0,PASS_<=10c,+0.0,FLAT,+0.0,+0.0,4.2,+0.00,0.00,SLOW,4414.34,4414.34,4414.34,4414.34,0.00,0.00,0.0,BULLISH,0.0,4414.34,4414.34,4414.34,4414.34,7,ACTIVE_7s,1.0,0.0,0.0,0.0,0.0,0.0,0.0,PASS_<20%,0.00,0.0,NO,STANDBY_VEL_LOW,0,0.00,4590.00,78.36,FALSE,M1_DIRECTION_MISMATCH|OPENING_SHIELD_ACTIVE_7s
2026-09-07 16:00:07.911,1788796807.912,10477,16,16,4414.34,4414.42,8.0,PASS_<=10c,+0.0,FLAT,+0.0,+0.0,4.2,+0.00,0.00,SLOW,4414.34,4414.34,4414.34,4414.34,0.00,0.00,0.0,BULLISH,0.0,4414.34,4414.34,4414.34,4414.34,7,ACTIVE_7s,1.0,0.0,0.0,0.0,0.0,0.0,0.0,PASS_<20%,0.00,0.0,NO,STANDBY_VEL_LOW,0,0.00,4590.00,78.36,FALSE,M1_DIRECTION_MISMATCH|OPENING_SHIELD_ACTIVE_7s
2026-09-07 16:00:08.413,1788796808.413,10478,17,17,4414.34,4414.42,8.0,PASS_<=10c,+0.0,FLAT,+0.0,+0.0,4.2,+0.00,0.00,SLOW,4414.34,4414.34,4414.34,4414.34,0.00,0.00,0.0,BULLISH,0.0,4414.34,4414.34,4414.34,4414.34,8,ACTIVE_8s,1.0,0.0,0.0,0.0,0.0,0.0,0.0,PASS_<20%,0.00,0.0,NO,STANDBY_VEL_LOW,0,0.00,4590.00,78.36,FALSE,M1_DIRECTION_MISMATCH|OPENING_SHIELD_ACTIVE_8s
2026-09-07 16:00:08.915,1788796808.915,10479,18,18,4414.34,4414.42,8.0,PASS_<=10c,+0.0,FLAT,+0.0,+0.0,4.2,+0.00,0.00,SLOW,4414.34,4414.34,4414.34,4414.34,0.00,0.00,0.0,BULLISH,0.0,4414.34,4414.34,4414.34,4414.34,8,ACTIVE_8s,1.0,0.0,0.0,0.0,0.0,0.0,0.0,PASS_<20%,0.00,0.0,NO,STANDBY_VEL_LOW,0,0.00,4590.00,78.36,FALSE,M1_DIRECTION_MISMATCH|OPENING_SHIELD_ACTIVE_8s
2026-09-07 16:00:09.415,1788796809.416,10480,19,19,4414.34,4414.42,8.0,PASS_<=10c,+0.0,FLAT,+0.0,+0.0,4.2,+0.00,0.00,SLOW,4414.34,4414.34,4414.34,4414.34,0.00,0.00,0.0,BULLISH,0.0,4414.34,4414.34,4414.34,4414.34,9,ACTIVE_9s,1.0,0.0,0.0,0.0,0.0,0.0,0.0,PASS_<20%,0.00,0.0,NO,STANDBY_VEL_LOW,0,0.00,4590.00,78.36,FALSE,M1_DIRECTION_MISMATCH|OPENING_SHIELD_ACTIVE_9s
2026-09-07 16:00:09.917,1788796809.917,10481,20,20,4414.34,4414.42,8.0,PASS_<=10c,+0.0,FLAT,+0.0,+0.0,4.2,+0.00,0.00,SLOW,4414.34,4414.34,4414.34,4414.34,0.00,0.00,0.0,BULLISH,0.0,4414.34,4414.34,4414.34,4414.34,9,ACTIVE_9s,1.0,0.0,0.0,0.0,0.0,0.0,0.0,PASS_<20%,0.00,0.0,NO,STANDBY_VEL_LOW,0,0.00,4590.00,78.36,FALSE,M1_DIRECTION_MISMATCH|OPENING_SHIELD_ACTIVE_9s
2026-09-07 16:00:10.419,1788796810.419,10482,21,21,4414.34,4414.42,8.0,PASS_<=10c,+0.0,FLAT,+0.0,+0.0,4.2,+0.00,0.00,SLOW,4414.34,4414.34,4414.34,4414.34,0.00,0.00,0.0,BULLISH,0.0,4414.34,4414.34,4414.34,4414.34,10,ACTIVE_10s,1.0,0.0,0.0,0.0,0.0,0.0,0.0,PASS_<20%,0.00,0.0,NO,STANDBY_VEL_LOW,0,0.00,4590.00,78.36,FALSE,M1_DIRECTION_MISMATCH|OPENING_SHIELD_ACTIVE_10s
2026-09-07 16:00:10.920,1788796810.920,10483,22,22,4414.34,4414.42,8.0,PASS_<=10c,+0.0,FLAT,+0.0,+0.0,4.2,+0.00,0.00,SLOW,4414.34,4414.34,4414.34,4414.34,0.00,0.00,0.0,BULLISH,0.0,4414.34,4414.34,4414.34,4414.34,10,ACTIVE_10s,1.0,0.0,0.0,0.0,0.0,0.0,0.0,PASS_<20%,0.00,0.0,NO,STANDBY_VEL_LOW,0,0.00,4590.00,78.36,FALSE,M1_DIRECTION_MISMATCH|OPENING_SHIELD_ACTIVE_10s
2026-09-07 16:00:11.421,1788796811.422,10484,23,23,4414.34,4414.42,8.0,PASS_<=10c,+0.0,FLAT,+0.0,+0.0,4.2,+0.00,0.00,SLOW,4414.34,4414.34,4414.34,4414.34,0.00,0.00,0.0,BULLISH,0.0,4414.34,4414.34,4414.34,4414.34,11,ACTIVE_11s,1.0,0.0,0.0,0.0,0.0,0.0,0.0,PASS_<20%,0.00,0.0,NO,STANDBY_VEL_LOW,0,0.00,4590.00,78.36,FALSE,M1_DIRECTION_MISMATCH|OPENING_SHIELD_ACTIVE_11s
2026-09-07 16:00:11.922,1788796811.922,10485,24,24,4414.34,4414.42,8.0,PASS_<=10c,+0.0,FLAT,+0.0,+0.0,4.2,+0.00,0.00,SLOW,4414.34,4414.34,4414.34,4414.34,0.00,0.00,0.0,BULLISH,0.0,4414.34,4414.34,4414.34,4414.34,11,ACTIVE_11s,1.0,0.0,0.0,0.0,0.0,0.0,0.0,PASS_<20%,0.00,0.0,NO,STANDBY_VEL_LOW,0,0.00,4590.00,78.36,FALSE,M1_DIRECTION_MISMATCH|OPENING_SHIELD_ACTIVE_11s
2026-09-07 16:00:12.423,1788796812.424,10486,25,25,4414.34,4414.42,8.0,PASS_<=10c,+0.0,FLAT,+0.0,+0.0,4.2,+0.00,0.00,SLOW,4414.34,4414.34,4414.34,4414.34,0.00,0.00,0.0,BULLISH,0.0,4414.34,4414.34,4414.34,4414.34,12,ACTIVE_12s,1.0,0.0,0.0,0.0,0.0,0.0,0.0,PASS_<20%,0.00,0.0,NO,STANDBY_VEL_LOW,0,0.00,4590.00,78.36,FALSE,M1_DIRECTION_MISMATCH|OPENING_SHIELD_ACTIVE_12s
2026-09-07 16:00:12.924,1788796812.925,10487,26,26,4414.34,4414.42,8.0,PASS_<=10c,+0.0,FLAT,+0.0,+0.0,4.2,+0.00,0.00,SLOW,4414.34,4414.34,4414.34,4414.34,0.00,0.00,0.0,BULLISH,0.0,4414.34,4414.34,4414.34,4414.34,12,ACTIVE_12s,1.0,0.0,0.0,0.0,0.0,0.0,0.0,PASS_<20%,0.00,0.0,NO,STANDBY_VEL_LOW,0,0.00,4590.00,78.36,FALSE,M1_DIRECTION_MISMATCH|OPENING_SHIELD_ACTIVE_12s
2026-09-07 16:00:13.426,1788796813.427,10488,27,27,4414.34,4414.42,8.0,PASS_<=10c,+0.0,FLAT,+0.0,+0.0,4.2,+0.00,0.00,SLOW,4414.34,4414.34,4414.34,4414.34,0.00,0.00,0.0,BULLISH,0.0,4414.34,4414.34,4414.34,4414.34,13,ACTIVE_13s,1.0,0.0,0.0,0.0,0.0,0.0,0.0,PASS_<20%,0.00,0.0,NO,STANDBY_VEL_LOW,0,0.00,4590.00,78.36,FALSE,M1_DIRECTION_MISMATCH|OPENING_SHIELD_ACTIVE_13s
2026-09-07 16:00:13.928,1788796813.929,10489,28,28,4414.34,4414.42,8.0,PASS_<=10c,+0.0,FLAT,+0.0,+0.0,4.2,+0.00,0.00,SLOW,4414.34,4414.34,4414.34,4414.34,0.00,0.00,0.0,BULLISH,0.0,4414.34,4414.34,4414.34,4414.34,13,ACTIVE_13s,1.0,0.0,0.0,0.0,0.0,0.0,0.0,PASS_<20%,0.00,0.0,NO,STANDBY_VEL_LOW,0,0.00,4590.00,78.36,FALSE,M1_DIRECTION_MISMATCH|OPENING_SHIELD_ACTIVE_13s
2026-09-07 16:00:14.429,1788796814.430,10490,29,29,4414.34,4414.42,8.0,PASS_<=10c,+0.0,FLAT,+0.0,+0.0,4.2,+0.00,0.00,SLOW,4414.34,4414.34,4414.34,4414.34,0.00,0.00,0.0,BULLISH,0.0,4414.34,4414.34,4414.34,4414.34,14,ACTIVE_14s,1.0,0.0,0.0,0.0,0.0,0.0,0.0,PASS_<20%,0.00,0.0,NO,STANDBY_VEL_LOW,0,0.00,4590.00,78.36,FALSE,M1_DIRECTION_MISMATCH|OPENING_SHIELD_ACTIVE_14s
2026-09-07 16:00:14.931,1788796814.931,10491,30,30,4414.34,4414.42,8.0,PASS_<=10c,+0.0,FLAT,+0.0,+0.0,4.2,+0.00,0.00,SLOW,4414.34,4414.34,4414.34,4414.34,0.00,0.00,0.0,BULLISH,0.0,4414.34,4414.34,4414.34,4414.34,14,ACTIVE_14s,1.0,0.0,0.0,0.0,0.0,0.0,0.0,PASS_<20%,0.00,0.0,NO,STANDBY_VEL_LOW,0,0.00,4590.00,78.36,FALSE,M1_DIRECTION_MISMATCH|OPENING_SHIELD_ACTIVE_14s
2026-09-07 16:00:15.432,1788796815.432,10492,31,31,4414.34,4414.42,8.0,PASS_<=10c,+0.0,FLAT,+0.0,+0.0,4.2,+0.00,0.00,SLOW,4414.34,4414.34,4414.34,4414.34,0.00,0.00,0.0,BULLISH,0.0,4414.34,4414.34,4414.34,4414.34,15,ACTIVE_15s,1.0,0.0,0.0,0.0,0.0,0.0,0.0,PASS_<20%,0.00,0.0,NO,STANDBY_VEL_LOW,0,0.00,4590.00,78.36,FALSE,M1_DIRECTION_MISMATCH|OPENING_SHIELD_ACTIVE_15s
2026-09-07 16:00:15.934,1788796815.934,10493,32,32,4414.34,4414.42,8.0,PASS_<=10c,+0.0,FLAT,+0.0,+0.0,4.2,+0.00,0.00,SLOW,4414.34,4414.34,4414.34,4414.34,0.00,0.00,0.0,BULLISH,0.0,4414.34,4414.34,4414.34,4414.34,15,ACTIVE_15s,1.0,0.0,0.0,0.0,0.0,0.0,0.0,PASS_<20%,0.00,0.0,NO,STANDBY_VEL_LOW,0,0.00,4590.00,78.36,FALSE,M1_DIRECTION_MISMATCH|OPENING_SHIELD_ACTIVE_15s
2026-09-07 16:00:16.436,1788796816.436,10494,33,33,4414.34,4414.42,8.0,PASS_<=10c,+0.0,FLAT,+0.0,+0.0,4.2,+0.00,0.00,SLOW,4414.34,4414.34,4414.34,4414.34,0.00,0.00,0.0,BULLISH,0.0,4414.34,4414.34,4414.34,4414.34,16,ACTIVE_16s,1.0,0.0,0.0,0.0,0.0,0.0,0.0,PASS_<20%,0.00,0.0,NO,STANDBY_VEL_LOW,0,0.00,4590.00,78.36,FALSE,M1_DIRECTION_MISMATCH|OPENING_SHIELD_ACTIVE_16s
2026-09-07 16:00:16.937,1788796816.937,10495,34,34,4414.34,4414.42,8.0,PASS_<=10c,+0.0,FLAT,+0.0,+0.0,4.2,+0.00,0.00,SLOW,4414.34,4414.34,4414.34,4414.34,0.00,0.00,0.0,BULLISH,0.0,4414.34,4414.34,4414.34,4414.34,16,ACTIVE_16s,1.0,0.0,0.0,0.0,0.0,0.0,0.0,PASS_<20%,0.00,0.0,NO,STANDBY_VEL_LOW,0,0.00,4590.00,78.36,FALSE,M1_DIRECTION_MISMATCH|OPENING_SHIELD_ACTIVE_16s
2026-09-07 16:00:17.438,1788796817.439,10496,35,35,4414.34,4414.42,8.0,PASS_<=10c,+0.0,FLAT,+0.0,+0.0,4.2,+0.00,0.00,SLOW,4414.34,4414.34,4414.34,4414.34,0.00,0.00,0.0,BULLISH,0.0,4414.34,4414.34,4414.34,4414.34,17,ACTIVE_17s,1.0,0.0,0.0,0.0,0.0,0.0,0.0,PASS_<20%,0.00,0.0,NO,STANDBY_VEL_LOW,0,0.00,4590.00,78.36,FALSE,M1_DIRECTION_MISMATCH|OPENING_SHIELD_ACTIVE_17s
2026-09-07 16:00:17.940,1788796817.941,10497,36,36,4414.34,4414.42,8.0,PASS_<=10c,+0.0,FLAT,+0.0,+0.0,4.2,+0.00,0.00,SLOW,4414.34,4414.34,4414.34,4414.34,0.00,0.00,0.0,BULLISH,0.0,4414.34,4414.34,4414.34,4414.34,17,ACTIVE_17s,1.0,0.0,0.0,0.0,0.0,0.0,0.0,PASS_<20%,0.00,0.0,NO,STANDBY_VEL_LOW,0,0.00,4590.00,78.36,FALSE,M1_DIRECTION_MISMATCH|OPENING_SHIELD_ACTIVE_17s
2026-09-07 16:00:18.442,1788796818.443,10498,37,37,4414.34,4414.42,8.0,PASS_<=10c,+0.0,FLAT,+0.0,+0.0,4.2,+0.00,0.00,SLOW,4414.34,4414.34,4414.34,4414.34,0.00,0.00,0.0,BULLISH,0.0,4414.34,4414.34,4414.34,4414.34,18,ACTIVE_18s,1.0,0.0,0.0,0.0,0.0,0.0,0.0,PASS_<20%,0.00,0.0,NO,STANDBY_VEL_LOW,0,0.00,4590.00,78.36,FALSE,M1_DIRECTION_MISMATCH|OPENING_SHIELD_ACTIVE_18s
2026-09-07 16:00:18.943,1788796818.944,10499,38,38,4414.34,4414.42,8.0,PASS_<=10c,+0.0,FLAT,+0.0,+0.0,4.2,+0.00,0.00,SLOW,4414.34,4414.34,4414.34,4414.34,0.00,0.00,0.0,BULLISH,0.0,4414.34,4414.34,4414.34,4414.34,18,ACTIVE_18s,1.0,0.0,0.0,0.0,0.0,0.0,0.0,PASS_<20%,0.00,0.0,NO,STANDBY_VEL_LOW,0,0.00,4590.00,78.36,FALSE,M1_DIRECTION_MISMATCH|OPENING_SHIELD_ACTIVE_18s
2026-09-07 16:00:19.450,1788796819.450,10500,39,39,4414.34,4414.42,8.0,PASS_<=10c,+0.0,FLAT,+0.0,+0.0,4.2,+0.00,0.00,SLOW,4414.34,4414.34,4414.34,4414.34,0.00,0.00,0.0,BULLISH,0.0,4414.34,4414.34,4414.34,4414.34,19,ACTIVE_19s,1.0,0.0,0.0,0.0,0.0,0.0,0.0,PASS_<20%,0.00,0.0,NO,STANDBY_VEL_LOW,0,0.00,4590.00,78.36,FALSE,M1_DIRECTION_MISMATCH|OPENING_SHIELD_ACTIVE_19s
2026-09-07 16:00:19.946,1788796819.947,10501,40,40,4414.34,4414.42,8.0,PASS_<=10c,+0.0,FLAT,+0.0,+0.0,4.2,+0.00,0.00,SLOW,4414.34,4414.34,4414.34,4414.34,0.00,0.00,0.0,BULLISH,0.0,4414.34,4414.34,4414.34,4414.34,19,ACTIVE_19s,1.0,0.0,0.0,0.0,0.0,0.0,0.0,PASS_<20%,0.00,0.0,NO,STANDBY_VEL_LOW,0,0.00,4590.00,78.36,FALSE,M1_DIRECTION_MISMATCH|OPENING_SHIELD_ACTIVE_19s
2026-09-07 16:00:20.448,1788796820.449,10502,41,41,4414.34,4414.42,8.0,PASS_<=10c,+0.0,FLAT,+0.0,+0.0,4.2,+0.00,0.00,SLOW,4414.34,4414.34,4414.34,4414.34,0.00,0.00,0.0,BULLISH,0.0,4414.34,4414.34,4414.34,4414.34,20,CLEARED_>=20s,1.0,0.0,0.0,0.0,0.0,0.0,0.0,PASS_<20%,0.00,0.0,NO,STANDBY_VEL_LOW,0,0.00,4590.00,78.36,FALSE,M1_DIRECTION_MISMATCH
2026-09-07 16:00:20.950,1788796820.950,10503,42,42,4414.34,4414.42,8.0,PASS_<=10c,+0.0,FLAT,+0.0,+0.0,4.2,+0.00,0.00,SLOW,4414.34,4414.34,4414.34,4414.34,0.00,0.00,0.0,BULLISH,0.0,4414.34,4414.34,4414.34,4414.34,20,CLEARED_>=20s,1.0,0.0,0.0,0.0,0.0,0.0,0.0,PASS_<20%,0.00,0.0,NO,STANDBY_VEL_LOW,0,0.00,4590.00,78.36,FALSE,M1_DIRECTION_MISMATCH
2026-09-07 16:00:21.451,1788796821.452,10504,43,43,4414.34,4414.42,8.0,PASS_<=10c,+0.0,FLAT,+0.0,+0.0,4.2,+0.00,0.00,SLOW,4414.34,4414.34,4414.34,4414.34,0.00,0.00,0.0,BULLISH,0.0,4414.34,4414.34,4414.34,4414.34,21,CLEARED_>=20s,1.0,0.0,0.0,0.0,0.0,0.0,0.0,PASS_<20%,0.00,0.0,NO,STANDBY_VEL_LOW,0,0.00,4590.00,78.36,FALSE,M1_DIRECTION_MISMATCH
2026-09-07 16:00:21.953,1788796821.953,10505,44,44,4414.34,4414.42,8.0,PASS_<=10c,+0.0,FLAT,+0.0,+0.0,4.2,+0.00,0.00,SLOW,4414.34,4414.34,4414.34,4414.34,0.00,0.00,0.0,BULLISH,0.0,4414.34,4414.34,4414.34,4414.34,21,CLEARED_>=20s,1.0,0.0,0.0,0.0,0.0,0.0,0.0,PASS_<20%,0.00,0.0,NO,STANDBY_VEL_LOW,0,0.00,4590.00,78.36,FALSE,M1_DIRECTION_MISMATCH
2026-09-07 16:00:22.455,1788796822.455,10506,45,45,4414.34,4414.42,8.0,PASS_<=10c,+0.0,FLAT,+0.0,+0.0,4.2,+0.00,0.00,SLOW,4414.34,4414.34,4414.34,4414.34,0.00,0.00,0.0,BULLISH,0.0,4414.34,4414.34,4414.34,4414.34,22,CLEARED_>=20s,1.0,0.0,0.0,0.0,0.0,0.0,0.0,PASS_<20%,0.00,0.0,NO,STANDBY_VEL_LOW,0,0.00,4590.00,78.36,FALSE,M1_DIRECTION_MISMATCH
2026-09-07 16:00:22.956,1788796822.957,10507,46,46,4414.34,4414.42,8.0,PASS_<=10c,+0.0,FLAT,+0.0,+0.0,4.2,+0.00,0.00,SLOW,4414.34,4414.34,4414.34,4414.34,0.00,0.00,0.0,BULLISH,0.0,4414.34,4414.34,4414.34,4414.34,22,CLEARED_>=20s,1.0,0.0,0.0,0.0,0.0,0.0,0.0,PASS_<20%,0.00,0.0,NO,STANDBY_VEL_LOW,0,0.00,4590.00,78.36,FALSE,M1_DIRECTION_MISMATCH
2026-09-07 16:00:23.458,1788796823.459,10508,47,47,4414.34,4414.42,8.0,PASS_<=10c,+0.0,FLAT,+0.0,+0.0,4.2,+0.00,0.00,SLOW,4414.34,4414.34,4414.34,4414.34,0.00,0.00,0.0,BULLISH,0.0,4414.34,4414.34,4414.34,4414.34,23,CLEARED_>=20s,1.0,0.0,0.0,0.0,0.0,0.0,0.0,PASS_<20%,0.00,0.0,NO,STANDBY_VEL_LOW,0,0.00,4590.00,78.36,FALSE,M1_DIRECTION_MISMATCH
2026-09-07 16:00:23.960,1788796823.960,10509,48,48,4414.34,4414.42,8.0,PASS_<=10c,+0.0,FLAT,+0.0,+0.0,4.2,+0.00,0.00,SLOW,4414.34,4414.34,4414.34,4414.34,0.00,0.00,0.0,BULLISH,0.0,4414.34,4414.34,4414.34,4414.34,23,CLEARED_>=20s,1.0,0.0,0.0,0.0,0.0,0.0,0.0,PASS_<20%,0.00,0.0,NO,STANDBY_VEL_LOW,0,0.00,4590.00,78.36,FALSE,M1_DIRECTION_MISMATCH
2026-09-07 16:00:24.462,1788796824.463,10510,49,49,4414.34,4414.42,8.0,PASS_<=10c,+0.0,FLAT,+0.0,+0.0,4.2,+0.00,0.00,SLOW,4414.34,4414.34,4414.34,4414.34,0.00,0.00,0.0,BULLISH,0.0,4414.34,4414.34,4414.34,4414.34,24,CLEARED_>=20s,1.0,0.0,0.0,0.0,0.0,0.0,0.0,PASS_<20%,0.00,0.0,NO,STANDBY_VEL_LOW,0,0.00,4590.00,78.36,FALSE,M1_DIRECTION_MISMATCH
2026-09-07 16:00:24.963,1788796824.964,10511,50,50,4414.34,4414.42,8.0,PASS_<=10c,+0.0,FLAT,+0.0,+0.0,4.2,+0.00,0.00,SLOW,4414.34,4414.34,4414.34,4414.34,0.00,0.00,0.0,BULLISH,0.0,4414.34,4414.34,4414.34,4414.34,24,CLEARED_>=20s,1.0,0.0,0.0,0.0,0.0,0.0,0.0,PASS_<20%,0.00,0.0,NO,STANDBY_VEL_LOW,0,0.00,4590.00,78.36,FALSE,M1_DIRECTION_MISMATCH
2026-09-07 16:00:25.465,1788796825.465,10512,51,51,4414.34,4414.42,8.0,PASS_<=10c,+0.0,FLAT,+0.0,+0.0,4.2,+0.00,0.00,SLOW,4414.34,4414.34,4414.34,4414.34,0.00,0.00,0.0,BULLISH,0.0,4414.34,4414.34,4414.34,4414.34,25,CLEARED_>=20s,1.0,0.0,0.0,0.0,0.0,0.0,0.0,PASS_<20%,0.00,0.0,NO,STANDBY_VEL_LOW,0,0.00,4590.00,78.36,FALSE,M1_DIRECTION_MISMATCH
2026-09-07 16:00:25.968,1788796825.968,10513,52,52,4414.34,4414.42,8.0,PASS_<=10c,+0.0,FLAT,+0.0,+0.0,4.2,+0.00,0.00,SLOW,4414.34,4414.34,4414.34,4414.34,0.00,0.00,0.0,BULLISH,0.0,4414.34,4414.34,4414.34,4414.34,25,CLEARED_>=20s,1.0,0.0,0.0,0.0,0.0,0.0,0.0,PASS_<20%,0.00,0.0,NO,STANDBY_VEL_LOW,0,0.00,4590.00,78.36,FALSE,M1_DIRECTION_MISMATCH
2026-09-07 16:00:26.468,1788796826.469,10514,53,53,4414.34,4414.42,8.0,PASS_<=10c,+0.0,FLAT,+0.0,+0.0,4.2,+0.00,0.00,SLOW,4414.34,4414.34,4414.34,4414.34,0.00,0.00,0.0,BULLISH,0.0,4414.34,4414.34,4414.34,4414.34,26,CLEARED_>=20s,1.0,0.0,0.0,0.0,0.0,0.0,0.0,PASS_<20%,0.00,0.0,NO,STANDBY_VEL_LOW,0,0.00,4590.00,78.36,FALSE,M1_DIRECTION_MISMATCH
2026-09-07 16:00:26.970,1788796826.970,10515,54,54,4414.34,4414.42,8.0,PASS_<=10c,+0.0,FLAT,+0.0,+0.0,4.2,+0.00,0.00,SLOW,4414.34,4414.34,4414.34,4414.34,0.00,0.00,0.0,BULLISH,0.0,4414.34,4414.34,4414.34,4414.34,26,CLEARED_>=20s,1.0,0.0,0.0,0.0,0.0,0.0,0.0,PASS_<20%,0.00,0.0,NO,STANDBY_VEL_LOW,0,0.00,4590.00,78.36,FALSE,M1_DIRECTION_MISMATCH
2026-09-07 16:00:27.473,1788796827.473,10516,55,55,4414.34,4414.42,8.0,PASS_<=10c,+0.0,FLAT,+0.0,+0.0,4.2,+0.00,0.00,SLOW,4414.34,4414.34,4414.34,4414.34,0.00,0.00,0.0,BULLISH,0.0,4414.34,4414.34,4414.34,4414.34,27,CLEARED_>=20s,1.0,0.0,0.0,0.0,0.0,0.0,0.0,PASS_<20%,0.00,0.0,NO,STANDBY_VEL_LOW,0,0.00,4590.00,78.36,FALSE,M1_DIRECTION_MISMATCH
2026-09-07 16:00:27.975,1788796827.976,10517,56,56,4414.34,4414.42,8.0,PASS_<=10c,+0.0,FLAT,+0.0,+0.0,4.2,+0.00,0.00,SLOW,4414.34,4414.34,4414.34,4414.34,0.00,0.00,0.0,BULLISH,0.0,4414.34,4414.34,4414.34,4414.34,27,CLEARED_>=20s,1.0,0.0,0.0,0.0,0.0,0.0,0.0,PASS_<20%,0.00,0.0,NO,STANDBY_VEL_LOW,0,0.00,4590.00,78.36,FALSE,M1_DIRECTION_MISMATCH
2026-09-07 16:00:28.476,1788796828.476,10518,57,57,4414.34,4414.42,8.0,PASS_<=10c,+0.0,FLAT,+0.0,+0.0,4.2,+0.00,0.00,SLOW,4414.34,4414.34,4414.34,4414.34,0.00,0.00,0.0,BULLISH,0.0,4414.34,4414.34,4414.34,4414.34,28,CLEARED_>=20s,1.0,0.0,0.0,0.0,0.0,0.0,0.0,PASS_<20%,0.00,0.0,NO,STANDBY_VEL_LOW,0,0.00,4590.00,78.36,FALSE,M1_DIRECTION_MISMATCH
2026-09-07 16:00:28.977,1788796828.978,10519,58,58,4414.34,4414.42,8.0,PASS_<=10c,+0.0,FLAT,+0.0,+0.0,4.2,+0.00,0.00,SLOW,4414.34,4414.34,4414.34,4414.34,0.00,0.00,0.0,BULLISH,0.0,4414.34,4414.34,4414.34,4414.34,28,CLEARED_>=20s,1.0,0.0,0.0,0.0,0.0,0.0,0.0,PASS_<20%,0.00,0.0,NO,STANDBY_VEL_LOW,0,0.00,4590.00,78.36,FALSE,M1_DIRECTION_MISMATCH
2026-09-07 16:00:29.479,1788796829.480,10520,59,59,4414.34,4414.42,8.0,PASS_<=10c,+0.0,FLAT,+0.0,+0.0,4.2,+0.00,0.00,SLOW,4414.34,4414.34,4414.34,4414.34,0.00,0.00,0.0,BULLISH,0.0,4414.34,4414.34,4414.34,4414.34,29,CLEARED_>=20s,1.0,0.0,0.0,0.0,0.0,0.0,0.0,PASS_<20%,0.00,0.0,NO,STANDBY_VEL_LOW,0,0.00,4590.00,78.36,FALSE,M1_DIRECTION_MISMATCH
2026-09-07 16:00:29.981,1788796829.981,10521,60,60,4414.34,4414.42,8.0,PASS_<=10c,+0.0,FLAT,+0.0,+0.0,4.2,+0.00,0.00,SLOW,4414.34,4414.34,4414.34,4414.34,0.00,0.00,0.0,BULLISH,0.0,4414.34,4414.34,4414.34,4414.34,29,CLEARED_>=20s,1.0,0.0,0.0,0.0,0.0,0.0,0.0,PASS_<20%,0.00,0.0,NO,STANDBY_VEL_LOW,0,0.00,4590.00,78.36,FALSE,M1_DIRECTION_MISMATCH
2026-09-07 16:00:30.482,1788796830.483,10522,61,61,4414.34,4414.42,8.0,PASS_<=10c,+0.0,FLAT,+0.0,+0.0,4.2,+0.00,0.00,SLOW,4414.34,4414.34,4414.34,4414.34,0.00,0.00,0.0,BULLISH,0.0,4414.34,4414.34,4414.34,4414.34,30,CLEARED_>=20s,1.0,0.0,0.0,0.0,0.0,0.0,0.0,PASS_<20%,0.00,0.0,NO,STANDBY_VEL_LOW,0,0.00,4590.00,78.36,FALSE,M1_DIRECTION_MISMATCH
2026-09-07 16:00:30.984,1788796830.985,10523,62,62,4414.34,4414.42,8.0,PASS_<=10c,+0.0,FLAT,+0.0,+0.0,4.2,+0.00,0.00,SLOW,4414.34,4414.34,4414.34,4414.34,0.00,0.00,0.0,BULLISH,0.0,4414.34,4414.34,4414.34,4414.34,30,CLEARED_>=20s,1.0,0.0,0.0,0.0,0.0,0.0,0.0,PASS_<20%,0.00,0.0,NO,STANDBY_VEL_LOW,0,0.00,4590.00,78.36,FALSE,M1_DIRECTION_MISMATCH
2026-09-07 16:00:31.486,1788796831.486,10524,63,63,4414.34,4414.42,8.0,PASS_<=10c,+0.0,FLAT,+0.0,+0.0,4.2,+0.00,0.00,SLOW,4414.34,4414.34,4414.34,4414.34,0.00,0.00,0.0,BULLISH,0.0,4414.34,4414.34,4414.34,4414.34,31,CLEARED_>=20s,1.0,0.0,0.0,0.0,0.0,0.0,0.0,PASS_<20%,0.00,0.0,NO,STANDBY_VEL_LOW,0,0.00,4590.00,78.36,FALSE,M1_DIRECTION_MISMATCH
2026-09-07 16:00:31.987,1788796831.987,10525,64,64,4414.34,4414.42,8.0,PASS_<=10c,+0.0,FLAT,+0.0,+0.0,4.2,+0.00,0.00,SLOW,4414.34,4414.34,4414.34,4414.34,0.00,0.00,0.0,BULLISH,0.0,4414.34,4414.34,4414.34,4414.34,31,CLEARED_>=20s,1.0,0.0,0.0,0.0,0.0,0.0,0.0,PASS_<20%,0.00,0.0,NO,STANDBY_VEL_LOW,0,0.00,4590.00,78.36,FALSE,M1_DIRECTION_MISMATCH
2026-09-07 16:00:32.489,1788796832.489,10526,65,65,4414.34,4414.42,8.0,PASS_<=10c,+0.0,FLAT,+0.0,+0.0,4.2,+0.00,0.00,SLOW,4414.34,4414.34,4414.34,4414.34,0.00,0.00,0.0,BULLISH,0.0,4414.34,4414.34,4414.34,4414.34,32,CLEARED_>=20s,1.0,0.0,0.0,0.0,0.0,0.0,0.0,PASS_<20%,0.00,0.0,NO,STANDBY_VEL_LOW,0,0.00,4590.00,78.36,FALSE,M1_DIRECTION_MISMATCH
2026-09-07 16:00:32.989,1788796832.989,10527,66,66,4414.34,4414.42,8.0,PASS_<=10c,+0.0,FLAT,+0.0,+0.0,4.2,+0.00,0.00,SLOW,4414.34,4414.34,4414.34,4414.34,0.00,0.00,0.0,BULLISH,0.0,4414.34,4414.34,4414.34,4414.34,32,CLEARED_>=20s,1.0,0.0,0.0,0.0,0.0,0.0,0.0,PASS_<20%,0.00,0.0,NO,STANDBY_VEL_LOW,0,0.00,4590.00,78.36,FALSE,M1_DIRECTION_MISMATCH
2026-09-07 16:00:33.490,1788796833.491,10528,67,67,4414.34,4414.42,8.0,PASS_<=10c,+0.0,FLAT,+0.0,+0.0,4.2,+0.00,0.00,SLOW,4414.34,4414.34,4414.34,4414.34,0.00,0.00,0.0,BULLISH,0.0,4414.34,4414.34,4414.34,4414.34,33,CLEARED_>=20s,1.0,0.0,0.0,0.0,0.0,0.0,0.0,PASS_<20%,0.00,0.0,NO,STANDBY_VEL_LOW,0,0.00,4590.00,78.36,FALSE,M1_DIRECTION_MISMATCH
2026-09-07 16:00:33.992,1788796833.993,10529,68,68,4414.34,4414.42,8.0,PASS_<=10c,+0.0,FLAT,+0.0,+0.0,4.2,+0.00,0.00,SLOW,4414.34,4414.34,4414.34,4414.34,0.00,0.00,0.0,BULLISH,0.0,4414.34,4414.34,4414.34,4414.34,33,CLEARED_>=20s,1.0,0.0,0.0,0.0,0.0,0.0,0.0,PASS_<20%,0.00,0.0,NO,STANDBY_VEL_LOW,0,0.00,4590.00,78.36,FALSE,M1_DIRECTION_MISMATCH
2026-09-07 16:00:34.495,1788796834.495,10530,69,69,4414.34,4414.42,8.0,PASS_<=10c,+0.0,FLAT,+0.0,+0.0,4.2,+0.00,0.00,SLOW,4414.34,4414.34,4414.34,4414.34,0.00,0.00,0.0,BULLISH,0.0,4414.34,4414.34,4414.34,4414.34,34,CLEARED_>=20s,1.0,0.0,0.0,0.0,0.0,0.0,0.0,PASS_<20%,0.00,0.0,NO,STANDBY_VEL_LOW,0,0.00,4590.00,78.36,FALSE,M1_DIRECTION_MISMATCH
2026-09-07 16:00:34.997,1788796834.997,10531,70,70,4414.34,4414.42,8.0,PASS_<=10c,+0.0,FLAT,+0.0,+0.0,4.2,+0.00,0.00,SLOW,4414.34,4414.34,4414.34,4414.34,0.00,0.00,0.0,BULLISH,0.0,4414.34,4414.34,4414.34,4414.34,34,CLEARED_>=20s,1.0,0.0,0.0,0.0,0.0,0.0,0.0,PASS_<20%,0.00,0.0,NO,STANDBY_VEL_LOW,0,0.00,4590.00,78.36,FALSE,M1_DIRECTION_MISMATCH
2026-09-07 16:00:35.498,1788796835.499,10532,71,71,4414.34,4414.42,8.0,PASS_<=10c,+0.0,FLAT,+0.0,+0.0,4.2,+0.00,0.00,SLOW,4414.34,4414.34,4414.34,4414.34,0.00,0.00,0.0,BULLISH,0.0,4414.34,4414.34,4414.34,4414.34,35,CLEARED_>=20s,1.0,0.0,0.0,0.0,0.0,0.0,0.0,PASS_<20%,0.00,0.0,NO,STANDBY_VEL_LOW,0,0.00,4590.00,78.36,FALSE,M1_DIRECTION_MISMATCH
2026-09-07 16:00:36.000,1788796836.001,10533,72,72,4414.34,4414.42,8.0,PASS_<=10c,+0.0,FLAT,+0.0,+0.0,4.2,+0.00,0.00,SLOW,4414.34,4414.34,4414.34,4414.34,0.00,0.00,0.0,BULLISH,0.0,4414.34,4414.34,4414.34,4414.34,36,CLEARED_>=20s,1.0,0.0,0.0,0.0,0.0,0.0,0.0,PASS_<20%,0.00,0.0,NO,STANDBY_VEL_LOW,0,0.00,4590.00,78.36,FALSE,M1_DIRECTION_MISMATCH
2026-09-07 16:00:36.502,1788796836.503,10534,73,73,4414.34,4414.42,8.0,PASS_<=10c,+0.0,FLAT,+0.0,+0.0,4.2,+0.00,0.00,SLOW,4414.34,4414.34,4414.34,4414.34,0.00,0.00,0.0,BULLISH,0.0,4414.34,4414.34,4414.34,4414.34,36,CLEARED_>=20s,1.0,0.0,0.0,0.0,0.0,0.0,0.0,PASS_<20%,0.00,0.0,NO,STANDBY_VEL_LOW,0,0.00,4590.00,78.36,FALSE,M1_DIRECTION_MISMATCH
2026-09-07 16:00:37.003,1788796837.003,10535,74,74,4414.34,4414.42,8.0,PASS_<=10c,+0.0,FLAT,+0.0,+0.0,4.2,+0.00,0.00,SLOW,4414.34,4414.34,4414.34,4414.34,0.00,0.00,0.0,BULLISH,0.0,4414.34,4414.34,4414.34,4414.34,37,CLEARED_>=20s,1.0,0.0,0.0,0.0,0.0,0.0,0.0,PASS_<20%,0.00,0.0,NO,STANDBY_VEL_LOW,0,0.00,4590.00,78.36,FALSE,M1_DIRECTION_MISMATCH
2026-09-07 16:00:37.506,1788796837.506,10536,75,75,4414.34,4414.42,8.0,PASS_<=10c,+0.0,FLAT,+0.0,+0.0,4.2,+0.00,0.00,SLOW,4414.34,4414.34,4414.34,4414.34,0.00,0.00,0.0,BULLISH,0.0,4414.34,4414.34,4414.34,4414.34,37,CLEARED_>=20s,1.0,0.0,0.0,0.0,0.0,0.0,0.0,PASS_<20%,0.00,0.0,NO,STANDBY_VEL_LOW,0,0.00,4590.00,78.36,FALSE,M1_DIRECTION_MISMATCH
2026-09-07 16:00:38.005,1788796838.005,10537,76,76,4414.34,4414.42,8.0,PASS_<=10c,+0.0,FLAT,+0.0,+0.0,4.2,+0.00,0.00,SLOW,4414.34,4414.34,4414.34,4414.34,0.00,0.00,0.0,BULLISH,0.0,4414.34,4414.34,4414.34,4414.34,38,CLEARED_>=20s,1.0,0.0,0.0,0.0,0.0,0.0,0.0,PASS_<20%,0.00,0.0,NO,STANDBY_VEL_LOW,0,0.00,4590.00,78.36,FALSE,M1_DIRECTION_MISMATCH
2026-09-07 16:00:38.506,1788796838.507,10538,77,77,4414.34,4414.42,8.0,PASS_<=10c,+0.0,FLAT,+0.0,+0.0,4.2,+0.00,0.00,SLOW,4414.34,4414.34,4414.34,4414.34,0.00,0.00,0.0,BULLISH,0.0,4414.34,4414.34,4414.34,4414.34,38,CLEARED_>=20s,1.0,0.0,0.0,0.0,0.0,0.0,0.0,PASS_<20%,0.00,0.0,NO,STANDBY_VEL_LOW,0,0.00,4590.00,78.36,FALSE,M1_DIRECTION_MISMATCH
2026-09-07 16:00:39.007,1788796839.008,10539,78,78,4414.34,4414.42,8.0,PASS_<=10c,+0.0,FLAT,+0.0,+0.0,4.2,+0.00,0.00,SLOW,4414.34,4414.34,4414.34,4414.34,0.00,0.00,0.0,BULLISH,0.0,4414.34,4414.34,4414.34,4414.34,39,CLEARED_>=20s,1.0,0.0,0.0,0.0,0.0,0.0,0.0,PASS_<20%,0.00,0.0,NO,STANDBY_VEL_LOW,0,0.00,4590.00,78.36,FALSE,M1_DIRECTION_MISMATCH
2026-09-07 16:00:39.510,1788796839.510,10540,79,79,4414.34,4414.42,8.0,PASS_<=10c,+0.0,FLAT,+0.0,+0.0,4.2,+0.00,0.00,SLOW,4414.34,4414.34,4414.34,4414.34,0.00,0.00,0.0,BULLISH,0.0,4414.34,4414.34,4414.34,4414.34,39,CLEARED_>=20s,1.0,0.0,0.0,0.0,0.0,0.0,0.0,PASS_<20%,0.00,0.0,NO,STANDBY_VEL_LOW,0,0.00,4590.00,78.36,FALSE,M1_DIRECTION_MISMATCH
2026-09-07 16:00:40.011,1788796840.012,10541,80,80,4414.34,4414.42,8.0,PASS_<=10c,+0.0,FLAT,+0.0,+0.0,4.2,+0.00,0.00,SLOW,4414.34,4414.34,4414.34,4414.34,0.00,0.00,0.0,BULLISH,0.0,4414.34,4414.34,4414.34,4414.34,40,CLEARED_>=20s,1.0,0.0,0.0,0.0,0.0,0.0,0.0,PASS_<20%,0.00,0.0,NO,STANDBY_VEL_LOW,0,0.00,4590.00,78.36,FALSE,M1_DIRECTION_MISMATCH
2026-09-07 16:00:40.512,1788796840.513,10542,81,81,4414.34,4414.42,8.0,PASS_<=10c,+0.0,FLAT,+0.0,+0.0,4.2,+0.00,0.00,SLOW,4414.34,4414.34,4414.34,4414.34,0.00,0.00,0.0,BULLISH,0.0,4414.34,4414.34,4414.34,4414.34,40,CLEARED_>=20s,1.0,0.0,0.0,0.0,0.0,0.0,0.0,PASS_<20%,0.00,0.0,NO,STANDBY_VEL_LOW,0,0.00,4590.00,78.36,FALSE,M1_DIRECTION_MISMATCH
2026-09-07 16:00:41.013,1788796841.014,10543,82,82,4414.34,4414.42,8.0,PASS_<=10c,+0.0,FLAT,+0.0,+0.0,4.2,+0.00,0.00,SLOW,4414.34,4414.34,4414.34,4414.34,0.00,0.00,0.0,BULLISH,0.0,4414.34,4414.34,4414.34,4414.34,41,CLEARED_>=20s,1.0,0.0,0.0,0.0,0.0,0.0,0.0,PASS_<20%,0.00,0.0,NO,STANDBY_VEL_LOW,0,0.00,4590.00,78.36,FALSE,M1_DIRECTION_MISMATCH
2026-09-07 16:00:41.515,1788796841.516,10544,83,83,4414.34,4414.42,8.0,PASS_<=10c,+0.0,FLAT,+0.0,+0.0,4.2,+0.00,0.00,SLOW,4414.34,4414.34,4414.34,4414.34,0.00,0.00,0.0,BULLISH,0.0,4414.34,4414.34,4414.34,4414.34,41,CLEARED_>=20s,1.0,0.0,0.0,0.0,0.0,0.0,0.0,PASS_<20%,0.00,0.0,NO,STANDBY_VEL_LOW,0,0.00,4590.00,78.36,FALSE,M1_DIRECTION_MISMATCH
2026-09-07 16:00:42.017,1788796842.018,10545,84,84,4414.34,4414.42,8.0,PASS_<=10c,+0.0,FLAT,+0.0,+0.0,4.2,+0.00,0.00,SLOW,4414.34,4414.34,4414.34,4414.34,0.00,0.00,0.0,BULLISH,0.0,4414.34,4414.34,4414.34,4414.34,42,CLEARED_>=20s,1.0,0.0,0.0,0.0,0.0,0.0,0.0,PASS_<20%,0.00,0.0,NO,STANDBY_VEL_LOW,0,0.00,4590.00,78.36,FALSE,M1_DIRECTION_MISMATCH
2026-09-07 16:00:42.519,1788796842.519,10546,85,85,4414.34,4414.42,8.0,PASS_<=10c,+0.0,FLAT,+0.0,+0.0,4.2,+0.00,0.00,SLOW,4414.34,4414.34,4414.34,4414.34,0.00,0.00,0.0,BULLISH,0.0,4414.34,4414.34,4414.34,4414.34,42,CLEARED_>=20s,1.0,0.0,0.0,0.0,0.0,0.0,0.0,PASS_<20%,0.00,0.0,NO,STANDBY_VEL_LOW,0,0.00,4590.00,78.36,FALSE,M1_DIRECTION_MISMATCH
2026-09-07 16:00:43.021,1788796843.021,10547,86,86,4414.34,4414.42,8.0,PASS_<=10c,+0.0,FLAT,+0.0,+0.0,4.2,+0.00,0.00,SLOW,4414.34,4414.34,4414.34,4414.34,0.00,0.00,0.0,BULLISH,0.0,4414.34,4414.34,4414.34,4414.34,43,CLEARED_>=20s,1.0,0.0,0.0,0.0,0.0,0.0,0.0,PASS_<20%,0.00,0.0,NO,STANDBY_VEL_LOW,0,0.00,4590.00,78.36,FALSE,M1_DIRECTION_MISMATCH
2026-09-07 16:00:43.522,1788796843.522,10548,87,87,4414.34,4414.42,8.0,PASS_<=10c,+0.0,FLAT,+0.0,+0.0,4.2,+0.00,0.00,SLOW,4414.34,4414.34,4414.34,4414.34,0.00,0.00,0.0,BULLISH,0.0,4414.34,4414.34,4414.34,4414.34,43,CLEARED_>=20s,1.0,0.0,0.0,0.0,0.0,0.0,0.0,PASS_<20%,0.00,0.0,NO,STANDBY_VEL_LOW,0,0.00,4590.00,78.36,FALSE,M1_DIRECTION_MISMATCH
2026-09-07 16:00:44.023,1788796844.024,10549,88,88,4414.34,4414.42,8.0,PASS_<=10c,+0.0,FLAT,+0.0,+0.0,4.2,+0.00,0.00,SLOW,4414.34,4414.34,4414.34,4414.34,0.00,0.00,0.0,BULLISH,0.0,4414.34,4414.34,4414.34,4414.34,44,CLEARED_>=20s,1.0,0.0,0.0,0.0,0.0,0.0,0.0,PASS_<20%,0.00,0.0,NO,STANDBY_VEL_LOW,0,0.00,4590.00,78.36,FALSE,M1_DIRECTION_MISMATCH
2026-09-07 16:00:44.525,1788796844.526,10550,89,89,4414.34,4414.42,8.0,PASS_<=10c,+0.0,FLAT,+0.0,+0.0,4.2,+0.00,0.00,SLOW,4414.34,4414.34,4414.34,4414.34,0.00,0.00,0.0,BULLISH,0.0,4414.34,4414.34,4414.34,4414.34,44,CLEARED_>=20s,1.0,0.0,0.0,0.0,0.0,0.0,0.0,PASS_<20%,0.00,0.0,NO,STANDBY_VEL_LOW,0,0.00,4590.00,78.36,FALSE,M1_DIRECTION_MISMATCH
2026-09-07 16:00:45.026,1788796845.027,10551,90,90,4414.34,4414.42,8.0,PASS_<=10c,+0.0,FLAT,+0.0,+0.0,4.2,+0.00,0.00,SLOW,4414.34,4414.34,4414.34,4414.34,0.00,0.00,0.0,BULLISH,0.0,4414.34,4414.34,4414.34,4414.34,45,CLEARED_>=20s,1.0,0.0,0.0,0.0,0.0,0.0,0.0,PASS_<20%,0.00,0.0,NO,STANDBY_VEL_LOW,0,0.00,4590.00,78.36,FALSE,M1_DIRECTION_MISMATCH
2026-09-07 16:00:45.528,1788796845.529,10552,91,91,4414.34,4414.42,8.0,PASS_<=10c,+0.0,FLAT,+0.0,+0.0,4.2,+0.00,0.00,SLOW,4414.34,4414.34,4414.34,4414.34,0.00,0.00,0.0,BULLISH,0.0,4414.34,4414.34,4414.34,4414.34,45,CLEARED_>=20s,1.0,0.0,0.0,0.0,0.0,0.0,0.0,PASS_<20%,0.00,0.0,NO,STANDBY_VEL_LOW,0,0.00,4590.00,78.36,FALSE,M1_DIRECTION_MISMATCH
2026-09-07 16:00:46.031,1788796846.031,10553,92,92,4414.34,4414.42,8.0,PASS_<=10c,+0.0,FLAT,+0.0,+0.0,4.2,+0.00,0.00,SLOW,4414.34,4414.34,4414.34,4414.34,0.00,0.00,0.0,BULLISH,0.0,4414.34,4414.34,4414.34,4414.34,46,CLEARED_>=20s,1.0,0.0,0.0,0.0,0.0,0.0,0.0,PASS_<20%,0.00,0.0,NO,STANDBY_VEL_LOW,0,0.00,4590.00,78.36,FALSE,M1_DIRECTION_MISMATCH
2026-09-07 16:00:46.532,1788796846.532,10554,93,93,4414.34,4414.42,8.0,PASS_<=10c,+0.0,FLAT,+0.0,+0.0,4.2,+0.00,0.00,SLOW,4414.34,4414.34,4414.34,4414.34,0.00,0.00,0.0,BULLISH,0.0,4414.34,4414.34,4414.34,4414.34,46,CLEARED_>=20s,1.0,0.0,0.0,0.0,0.0,0.0,0.0,PASS_<20%,0.00,0.0,NO,STANDBY_VEL_LOW,0,0.00,4590.00,78.36,FALSE,M1_DIRECTION_MISMATCH
2026-09-07 16:00:47.033,1788796847.034,10555,94,94,4414.34,4414.42,8.0,PASS_<=10c,+0.0,FLAT,+0.0,+0.0,4.2,+0.00,0.00,SLOW,4414.34,4414.34,4414.34,4414.34,0.00,0.00,0.0,BULLISH,0.0,4414.34,4414.34,4414.34,4414.34,47,CLEARED_>=20s,1.0,0.0,0.0,0.0,0.0,0.0,0.0,PASS_<20%,0.00,0.0,NO,STANDBY_VEL_LOW,0,0.00,4590.00,78.36,FALSE,M1_DIRECTION_MISMATCH
2026-09-07 16:00:47.536,1788796847.536,10556,95,95,4414.34,4414.42,8.0,PASS_<=10c,+0.0,FLAT,+0.0,+0.0,4.2,+0.00,0.00,SLOW,4414.34,4414.34,4414.34,4414.34,0.00,0.00,0.0,BULLISH,0.0,4414.34,4414.34,4414.34,4414.34,47,CLEARED_>=20s,1.0,0.0,0.0,0.0,0.0,0.0,0.0,PASS_<20%,0.00,0.0,NO,STANDBY_VEL_LOW,0,0.00,4590.00,78.36,FALSE,M1_DIRECTION_MISMATCH
2026-09-07 16:00:48.037,1788796848.038,10557,96,96,4414.34,4414.42,8.0,PASS_<=10c,+0.0,FLAT,+0.0,+0.0,4.2,+0.00,0.00,SLOW,4414.34,4414.34,4414.34,4414.34,0.00,0.00,0.0,BULLISH,0.0,4414.34,4414.34,4414.34,4414.34,48,CLEARED_>=20s,1.0,0.0,0.0,0.0,0.0,0.0,0.0,PASS_<20%,0.00,0.0,NO,STANDBY_VEL_LOW,0,0.00,4590.00,78.36,FALSE,M1_DIRECTION_MISMATCH
2026-09-07 16:00:48.539,1788796848.539,10558,97,97,4414.34,4414.42,8.0,PASS_<=10c,+0.0,FLAT,+0.0,+0.0,4.2,+0.00,0.00,SLOW,4414.34,4414.34,4414.34,4414.34,0.00,0.00,0.0,BULLISH,0.0,4414.34,4414.34,4414.34,4414.34,48,CLEARED_>=20s,1.0,0.0,0.0,0.0,0.0,0.0,0.0,PASS_<20%,0.00,0.0,NO,STANDBY_VEL_LOW,0,0.00,4590.00,78.36,FALSE,M1_DIRECTION_MISMATCH
2026-09-07 16:00:49.041,1788796849.042,10559,98,98,4414.34,4414.42,8.0,PASS_<=10c,+0.0,FLAT,+0.0,+0.0,4.2,+0.00,0.00,SLOW,4414.34,4414.34,4414.34,4414.34,0.00,0.00,0.0,BULLISH,0.0,4414.34,4414.34,4414.34,4414.34,49,CLEARED_>=20s,1.0,0.0,0.0,0.0,0.0,0.0,0.0,PASS_<20%,0.00,0.0,NO,STANDBY_VEL_LOW,0,0.00,4590.00,78.36,FALSE,M1_DIRECTION_MISMATCH
2026-09-07 16:00:49.544,1788796849.544,10560,99,99,4414.34,4414.42,8.0,PASS_<=10c,+0.0,FLAT,+0.0,+0.0,4.2,+0.00,0.00,SLOW,4414.34,4414.34,4414.34,4414.34,0.00,0.00,0.0,BULLISH,0.0,4414.34,4414.34,4414.34,4414.34,49,CLEARED_>=20s,1.0,0.0,0.0,0.0,0.0,0.0,0.0,PASS_<20%,0.00,0.0,NO,STANDBY_VEL_LOW,0,0.00,4590.00,78.36,FALSE,M1_DIRECTION_MISMATCH
2026-09-07 16:00:50.046,1788796850.046,10561,100,100,4414.34,4414.42,8.0,PASS_<=10c,+0.0,FLAT,+0.0,+0.0,4.2,+0.00,0.00,SLOW,4414.34,4414.34,4414.34,4414.34,0.00,0.00,0.0,BULLISH,0.0,4414.34,4414.34,4414.34,4414.34,50,CLEARED_>=20s,1.0,0.0,0.0,0.0,0.0,0.0,0.0,PASS_<20%,0.00,0.0,NO,STANDBY_VEL_LOW,0,0.00,4590.00,78.36,FALSE,M1_DIRECTION_MISMATCH
2026-09-07 16:00:50.547,1788796850.547,10562,101,101,4414.34,4414.42,8.0,PASS_<=10c,+0.0,FLAT,+0.0,+0.0,4.2,+0.00,0.00,SLOW,4414.34,4414.34,4414.34,4414.34,0.00,0.00,0.0,BULLISH,0.0,4414.34,4414.34,4414.34,4414.34,50,CLEARED_>=20s,1.0,0.0,0.0,0.0,0.0,0.0,0.0,PASS_<20%,0.00,0.0,NO,STANDBY_VEL_LOW,0,0.00,4590.00,78.36,FALSE,M1_DIRECTION_MISMATCH
2026-09-07 16:00:51.048,1788796851.049,10563,102,102,4414.34,4414.42,8.0,PASS_<=10c,+0.0,FLAT,+0.0,+0.0,4.2,+0.00,0.00,SLOW,4414.34,4414.34,4414.34,4414.34,0.00,0.00,0.0,BULLISH,0.0,4414.34,4414.34,4414.34,4414.34,51,CLEARED_>=20s,1.0,0.0,0.0,0.0,0.0,0.0,0.0,PASS_<20%,0.00,0.0,NO,STANDBY_VEL_LOW,0,0.00,4590.00,78.36,FALSE,M1_DIRECTION_MISMATCH
2026-09-07 16:00:51.550,1788796851.550,10564,103,103,4414.34,4414.42,8.0,PASS_<=10c,+0.0,FLAT,+0.0,+0.0,4.2,+0.00,0.00,SLOW,4414.34,4414.34,4414.34,4414.34,0.00,0.00,0.0,BULLISH,0.0,4414.34,4414.34,4414.34,4414.34,51,CLEARED_>=20s,1.0,0.0,0.0,0.0,0.0,0.0,0.0,PASS_<20%,0.00,0.0,NO,STANDBY_VEL_LOW,0,0.00,4590.00,78.36,FALSE,M1_DIRECTION_MISMATCH
2026-09-07 16:00:52.053,1788796852.054,10565,104,104,4414.34,4414.42,8.0,PASS_<=10c,+0.0,FLAT,+0.0,+0.0,4.2,+0.00,0.00,SLOW,4414.34,4414.34,4414.34,4414.34,0.00,0.00,0.0,BULLISH,0.0,4414.34,4414.34,4414.34,4414.34,52,CLEARED_>=20s,1.0,0.0,0.0,0.0,0.0,0.0,0.0,PASS_<20%,0.00,0.0,NO,STANDBY_VEL_LOW,0,0.00,4590.00,78.36,FALSE,M1_DIRECTION_MISMATCH
2026-09-07 16:00:52.554,1788796852.554,10566,105,105,4414.34,4414.42,8.0,PASS_<=10c,+0.0,FLAT,+0.0,+0.0,4.2,+0.00,0.00,SLOW,4414.34,4414.34,4414.34,4414.34,0.00,0.00,0.0,BULLISH,0.0,4414.34,4414.34,4414.34,4414.34,52,CLEARED_>=20s,1.0,0.0,0.0,0.0,0.0,0.0,0.0,PASS_<20%,0.00,0.0,NO,STANDBY_VEL_LOW,0,0.00,4590.00,78.36,FALSE,M1_DIRECTION_MISMATCH
2026-09-07 16:00:53.056,1788796853.056,10567,106,106,4414.34,4414.42,8.0,PASS_<=10c,+0.0,FLAT,+0.0,+0.0,4.2,+0.00,0.00,SLOW,4414.34,4414.34,4414.34,4414.34,0.00,0.00,0.0,BULLISH,0.0,4414.34,4414.34,4414.34,4414.34,53,CLEARED_>=20s,1.0,0.0,0.0,0.0,0.0,0.0,0.0,PASS_<20%,0.00,0.0,NO,STANDBY_VEL_LOW,0,0.00,4590.00,78.36,FALSE,M1_DIRECTION_MISMATCH
2026-09-07 16:00:53.557,1788796853.558,10568,107,107,4414.34,4414.42,8.0,PASS_<=10c,+0.0,FLAT,+0.0,+0.0,4.2,+0.00,0.00,SLOW,4414.34,4414.34,4414.34,4414.34,0.00,0.00,0.0,BULLISH,0.0,4414.34,4414.34,4414.34,4414.34,53,CLEARED_>=20s,1.0,0.0,0.0,0.0,0.0,0.0,0.0,PASS_<20%,0.00,0.0,NO,STANDBY_VEL_LOW,0,0.00,4590.00,78.36,FALSE,M1_DIRECTION_MISMATCH
2026-09-07 16:00:54.059,1788796854.059,10569,108,108,4414.34,4414.42,8.0,PASS_<=10c,+0.0,FLAT,+0.0,+0.0,4.2,+0.00,0.00,SLOW,4414.34,4414.34,4414.34,4414.34,0.00,0.00,0.0,BULLISH,0.0,4414.34,4414.34,4414.34,4414.34,54,CLEARED_>=20s,1.0,0.0,0.0,0.0,0.0,0.0,0.0,PASS_<20%,0.00,0.0,NO,STANDBY_VEL_LOW,0,0.00,4590.00,78.36,FALSE,M1_DIRECTION_MISMATCH
2026-09-07 16:00:54.560,1788796854.561,10570,109,109,4414.34,4414.42,8.0,PASS_<=10c,+0.0,FLAT,+0.0,+0.0,4.2,+0.00,0.00,SLOW,4414.34,4414.34,4414.34,4414.34,0.00,0.00,0.0,BULLISH,0.0,4414.34,4414.34,4414.34,4414.34,54,CLEARED_>=20s,1.0,0.0,0.0,0.0,0.0,0.0,0.0,PASS_<20%,0.00,0.0,NO,STANDBY_VEL_LOW,0,0.00,4590.00,78.36,FALSE,M1_DIRECTION_MISMATCH
2026-09-07 16:00:55.062,1788796855.062,10571,110,110,4414.34,4414.42,8.0,PASS_<=10c,+0.0,FLAT,+0.0,+0.0,4.2,+0.00,0.00,SLOW,4414.34,4414.34,4414.34,4414.34,0.00,0.00,0.0,BULLISH,0.0,4414.34,4414.34,4414.34,4414.34,55,CLEARED_>=20s,1.0,0.0,0.0,0.0,0.0,0.0,0.0,PASS_<20%,0.00,0.0,NO,STANDBY_VEL_LOW,0,0.00,4590.00,78.36,FALSE,M1_DIRECTION_MISMATCH
2026-09-07 16:00:55.564,1788796855.564,10572,111,111,4414.34,4414.42,8.0,PASS_<=10c,+0.0,FLAT,+0.0,+0.0,4.2,+0.00,0.00,SLOW,4414.34,4414.34,4414.34,4414.34,0.00,0.00,0.0,BULLISH,0.0,4414.34,4414.34,4414.34,4414.34,55,CLEARED_>=20s,1.0,0.0,0.0,0.0,0.0,0.0,0.0,PASS_<20%,0.00,0.0,NO,STANDBY_VEL_LOW,0,0.00,4590.00,78.36,FALSE,M1_DIRECTION_MISMATCH
2026-09-07 16:00:56.066,1788796856.066,10573,112,112,4414.34,4414.42,8.0,PASS_<=10c,+0.0,FLAT,+0.0,+0.0,4.2,+0.00,0.00,SLOW,4414.34,4414.34,4414.34,4414.34,0.00,0.00,0.0,BULLISH,0.0,4414.34,4414.34,4414.34,4414.34,56,CLEARED_>=20s,1.0,0.0,0.0,0.0,0.0,0.0,0.0,PASS_<20%,0.00,0.0,NO,STANDBY_VEL_LOW,0,0.00,4590.00,78.36,FALSE,M1_DIRECTION_MISMATCH
2026-09-07 16:00:56.568,1788796856.568,10574,113,113,4414.34,4414.42,8.0,PASS_<=10c,+0.0,FLAT,+0.0,+0.0,4.2,+0.00,0.00,SLOW,4414.34,4414.34,4414.34,4414.34,0.00,0.00,0.0,BULLISH,0.0,4414.34,4414.34,4414.34,4414.34,56,CLEARED_>=20s,1.0,0.0,0.0,0.0,0.0,0.0,0.0,PASS_<20%,0.00,0.0,NO,STANDBY_VEL_LOW,0,0.00,4590.00,78.36,FALSE,M1_DIRECTION_MISMATCH
2026-09-07 16:00:57.070,1788796857.070,10575,114,114,4414.34,4414.42,8.0,PASS_<=10c,+0.0,FLAT,+0.0,+0.0,4.2,+0.00,0.00,SLOW,4414.34,4414.34,4414.34,4414.34,0.00,0.00,0.0,BULLISH,0.0,4414.34,4414.34,4414.34,4414.34,57,CLEARED_>=20s,1.0,0.0,0.0,0.0,0.0,0.0,0.0,PASS_<20%,0.00,0.0,NO,STANDBY_VEL_LOW,0,0.00,4590.00,78.36,FALSE,M1_DIRECTION_MISMATCH
2026-09-07 16:00:57.572,1788796857.573,10576,115,115,4414.34,4414.42,8.0,PASS_<=10c,+0.0,FLAT,+0.0,+0.0,4.2,+0.00,0.00,SLOW,4414.34,4414.34,4414.34,4414.34,0.00,0.00,0.0,BULLISH,0.0,4414.34,4414.34,4414.34,4414.34,57,CLEARED_>=20s,1.0,0.0,0.0,0.0,0.0,0.0,0.0,PASS_<20%,0.00,0.0,NO,STANDBY_VEL_LOW,0,0.00,4590.00,78.36,FALSE,M1_DIRECTION_MISMATCH
2026-09-07 16:00:58.074,1788796858.075,10577,116,116,4414.34,4414.42,8.0,PASS_<=10c,+0.0,FLAT,+0.0,+0.0,4.2,+0.00,0.00,SLOW,4414.34,4414.34,4414.34,4414.34,0.00,0.00,0.0,BULLISH,0.0,4414.34,4414.34,4414.34,4414.34,58,CLEARED_>=20s,1.0,0.0,0.0,0.0,0.0,0.0,0.0,PASS_<20%,0.00,0.0,NO,STANDBY_VEL_LOW,0,0.00,4590.00,78.36,FALSE,M1_DIRECTION_MISMATCH
2026-09-07 16:00:58.576,1788796858.576,10578,117,117,4414.34,4414.42,8.0,PASS_<=10c,+0.0,FLAT,+0.0,+0.0,4.2,+0.00,0.00,SLOW,4414.34,4414.34,4414.34,4414.34,0.00,0.00,0.0,BULLISH,0.0,4414.34,4414.34,4414.34,4414.34,58,CLEARED_>=20s,1.0,0.0,0.0,0.0,0.0,0.0,0.0,PASS_<20%,0.00,0.0,NO,STANDBY_VEL_LOW,0,0.00,4590.00,78.36,FALSE,M1_DIRECTION_MISMATCH
2026-09-07 16:00:59.077,1788796859.077,10579,118,118,4414.34,4414.42,8.0,PASS_<=10c,+0.0,FLAT,+0.0,+0.0,4.2,+0.00,0.00,SLOW,4414.34,4414.34,4414.34,4414.34,0.00,0.00,0.0,BULLISH,0.0,4414.34,4414.34,4414.34,4414.34,59,CLEARED_>=20s,1.0,0.0,0.0,0.0,0.0,0.0,0.0,PASS_<20%,0.00,0.0,NO,STANDBY_VEL_LOW,0,0.00,4590.00,78.36,FALSE,M1_DIRECTION_MISMATCH
2026-09-07 16:00:59.579,1788796859.579,10580,119,119,4414.34,4414.42,8.0,PASS_<=10c,+0.0,FLAT,+0.0,+0.0,4.2,+0.00,0.00,SLOW,4414.34,4414.34,4414.34,4414.34,0.00,0.00,0.0,BULLISH,0.0,4414.34,4414.34,4414.34,4414.34,59,CLEARED_>=20s,1.0,0.0,0.0,0.0,0.0,0.0,0.0,PASS_<20%,0.00,0.0,NO,STANDBY_VEL_LOW,0,0.00,4590.00,78.36,FALSE,M1_DIRECTION_MISMATCH
2026-09-07 16:01:00.080,1788796860.081,10581,1,120,4414.34,4414.42,8.0,PASS_<=10c,+0.0,FLAT,+0.0,+0.0,4.2,+0.00,0.00,SLOW,4414.34,4414.34,4414.34,4414.34,0.00,0.00,0.0,BULLISH,0.0,4414.34,4414.34,4414.34,4414.34,0,ACTIVE_0s,1.0,0.0,0.0,0.0,0.0,0.0,0.0,PASS_<20%,0.00,0.0,NO,STANDBY_VEL_LOW,0,0.00,4590.00,78.36,FALSE,M1_DIRECTION_MISMATCH|OPENING_SHIELD_ACTIVE_0s
2026-09-07 16:01:00.582,1788796860.583,10582,2,121,4414.34,4414.42,8.0,PASS_<=10c,+0.0,FLAT,+0.0,+0.0,4.2,+0.00,0.00,SLOW,4414.34,4414.34,4414.34,4414.34,0.00,0.00,0.0,BULLISH,0.0,4414.34,4414.34,4414.34,4414.34,0,ACTIVE_0s,1.0,0.0,0.0,0.0,0.0,0.0,0.0,PASS_<20%,0.00,0.0,NO,STANDBY_VEL_LOW,0,0.00,4590.00,78.36,FALSE,M1_DIRECTION_MISMATCH|OPENING_SHIELD_ACTIVE_0s
2026-09-07 16:01:01.083,1788796861.084,10583,3,122,4414.34,4414.42,8.0,PASS_<=10c,+0.0,FLAT,+0.0,+0.0,4.2,+0.00,0.00,SLOW,4414.34,4414.34,4414.34,4414.34,0.00,0.00,0.0,BULLISH,0.0,4414.34,4414.34,4414.34,4414.34,1,ACTIVE_1s,1.0,0.0,0.0,0.0,0.0,0.0,0.0,PASS_<20%,0.00,0.0,NO,STANDBY_VEL_LOW,0,0.00,4590.00,78.36,FALSE,M1_DIRECTION_MISMATCH|OPENING_SHIELD_ACTIVE_1s
2026-09-07 16:01:01.585,1788796861.585,10584,4,123,4414.34,4414.42,8.0,PASS_<=10c,+0.0,FLAT,+0.0,+0.0,4.2,+0.00,0.00,SLOW,4414.34,4414.34,4414.34,4414.34,0.00,0.00,0.0,BULLISH,0.0,4414.34,4414.34,4414.34,4414.34,1,ACTIVE_1s,1.0,0.0,0.0,0.0,0.0,0.0,0.0,PASS_<20%,0.00,0.0,NO,STANDBY_VEL_LOW,0,0.00,4590.00,78.36,FALSE,M1_DIRECTION_MISMATCH|OPENING_SHIELD_ACTIVE_1s
2026-09-07 16:01:02.086,1788796862.087,10585,5,124,4414.34,4414.42,8.0,PASS_<=10c,+0.0,FLAT,+0.0,+0.0,4.2,+0.00,0.00,SLOW,4414.34,4414.34,4414.34,4414.34,0.00,0.00,0.0,BULLISH,0.0,4414.34,4414.34,4414.34,4414.34,2,ACTIVE_2s,1.0,0.0,0.0,0.0,0.0,0.0,0.0,PASS_<20%,0.00,0.0,NO,STANDBY_VEL_LOW,0,0.00,4590.00,78.36,FALSE,M1_DIRECTION_MISMATCH|OPENING_SHIELD_ACTIVE_2s
2026-09-07 16:01:02.588,1788796862.588,10586,6,125,4414.34,4414.42,8.0,PASS_<=10c,+0.0,FLAT,+0.0,+0.0,4.2,+0.00,0.00,SLOW,4414.34,4414.34,4414.34,4414.34,0.00,0.00,0.0,BULLISH,0.0,4414.34,4414.34,4414.34,4414.34,2,ACTIVE_2s,1.0,0.0,0.0,0.0,0.0,0.0,0.0,PASS_<20%,0.00,0.0,NO,STANDBY_VEL_LOW,0,0.00,4590.00,78.36,FALSE,M1_DIRECTION_MISMATCH|OPENING_SHIELD_ACTIVE_2s
2026-09-07 16:01:03.090,1788796863.090,10587,7,126,4414.34,4414.42,8.0,PASS_<=10c,+0.0,FLAT,+0.0,+0.0,4.2,+0.00,0.00,SLOW,4414.34,4414.34,4414.34,4414.34,0.00,0.00,0.0,BULLISH,0.0,4414.34,4414.34,4414.34,4414.34,3,ACTIVE_3s,1.0,0.0,0.0,0.0,0.0,0.0,0.0,PASS_<20%,0.00,0.0,NO,STANDBY_VEL_LOW,0,0.00,4590.00,78.36,FALSE,M1_DIRECTION_MISMATCH|OPENING_SHIELD_ACTIVE_3s
2026-09-07 16:01:03.591,1788796863.591,10588,8,127,4414.34,4414.42,8.0,PASS_<=10c,+0.0,FLAT,+0.0,+0.0,4.2,+0.00,0.00,SLOW,4414.34,4414.34,4414.34,4414.34,0.00,0.00,0.0,BULLISH,0.0,4414.34,4414.34,4414.34,4414.34,3,ACTIVE_3s,1.0,0.0,0.0,0.0,0.0,0.0,0.0,PASS_<20%,0.00,0.0,NO,STANDBY_VEL_LOW,0,0.00,4590.00,78.36,FALSE,M1_DIRECTION_MISMATCH|OPENING_SHIELD_ACTIVE_3s
2026-09-07 16:01:04.093,1788796864.093,10589,9,128,4414.34,4414.42,8.0,PASS_<=10c,+0.0,FLAT,+0.0,+0.0,4.2,+0.00,0.00,SLOW,4414.34,4414.34,4414.34,4414.34,0.00,0.00,0.0,BULLISH,0.0,4414.34,4414.34,4414.34,4414.34,4,ACTIVE_4s,1.0,0.0,0.0,0.0,0.0,0.0,0.0,PASS_<20%,0.00,0.0,NO,STANDBY_VEL_LOW,0,0.00,4590.00,78.36,FALSE,M1_DIRECTION_MISMATCH|OPENING_SHIELD_ACTIVE_4s
2026-09-07 16:01:04.595,1788796864.595,10590,10,129,4414.34,4414.42,8.0,PASS_<=10c,+0.0,FLAT,+0.0,+0.0,4.2,+0.00,0.00,SLOW,4414.34,4414.34,4414.34,4414.34,0.00,0.00,0.0,BULLISH,0.0,4414.34,4414.34,4414.34,4414.34,4,ACTIVE_4s,1.0,0.0,0.0,0.0,0.0,0.0,0.0,PASS_<20%,0.00,0.0,NO,STANDBY_VEL_LOW,0,0.00,4590.00,78.36,FALSE,M1_DIRECTION_MISMATCH|OPENING_SHIELD_ACTIVE_4s
2026-09-07 16:01:05.098,1788796865.099,10591,11,130,4414.34,4414.42,8.0,PASS_<=10c,+0.0,FLAT,+0.0,+0.0,4.2,+0.00,0.00,SLOW,4414.34,4414.34,4414.34,4414.34,0.00,0.00,0.0,BULLISH,0.0,4414.34,4414.34,4414.34,4414.34,5,ACTIVE_5s,1.0,0.0,0.0,0.0,0.0,0.0,0.0,PASS_<20%,0.00,0.0,NO,STANDBY_VEL_LOW,0,0.00,4590.00,78.36,FALSE,M1_DIRECTION_MISMATCH|OPENING_SHIELD_ACTIVE_5s
2026-09-07 16:01:05.600,1788796865.600,10592,12,131,4414.34,4414.42,8.0,PASS_<=10c,+0.0,FLAT,+0.0,+0.0,4.2,+0.00,0.00,SLOW,4414.34,4414.34,4414.34,4414.34,0.00,0.00,0.0,BULLISH,0.0,4414.34,4414.34,4414.34,4414.34,5,ACTIVE_5s,1.0,0.0,0.0,0.0,0.0,0.0,0.0,PASS_<20%,0.00,0.0,NO,STANDBY_VEL_LOW,0,0.00,4590.00,78.36,FALSE,M1_DIRECTION_MISMATCH|OPENING_SHIELD_ACTIVE_5s
2026-09-07 16:01:06.101,1788796866.101,10593,13,132,4414.34,4414.42,8.0,PASS_<=10c,+0.0,FLAT,+0.0,+0.0,4.2,+0.00,0.00,SLOW,4414.34,4414.34,4414.34,4414.34,0.00,0.00,0.0,BULLISH,0.0,4414.34,4414.34,4414.34,4414.34,6,ACTIVE_6s,1.0,0.0,0.0,0.0,0.0,0.0,0.0,PASS_<20%,0.00,0.0,NO,STANDBY_VEL_LOW,0,0.00,4590.00,78.36,FALSE,M1_DIRECTION_MISMATCH|OPENING_SHIELD_ACTIVE_6s
2026-09-07 16:01:06.602,1788796866.603,10594,14,133,4414.34,4414.42,8.0,PASS_<=10c,+0.0,FLAT,+0.0,+0.0,4.2,+0.00,0.00,SLOW,4414.34,4414.34,4414.34,4414.34,0.00,0.00,0.0,BULLISH,0.0,4414.34,4414.34,4414.34,4414.34,6,ACTIVE_6s,1.0,0.0,0.0,0.0,0.0,0.0,0.0,PASS_<20%,0.00,0.0,NO,STANDBY_VEL_LOW,0,0.00,4590.00,78.36,FALSE,M1_DIRECTION_MISMATCH|OPENING_SHIELD_ACTIVE_6s
2026-09-07 16:01:07.104,1788796867.105,10595,15,134,4414.34,4414.42,8.0,PASS_<=10c,+0.0,FLAT,+0.0,+0.0,4.2,+0.00,0.00,SLOW,4414.34,4414.34,4414.34,4414.34,0.00,0.00,0.0,BULLISH,0.0,4414.34,4414.34,4414.34,4414.34,7,ACTIVE_7s,1.0,0.0,0.0,0.0,0.0,0.0,0.0,PASS_<20%,0.00,0.0,NO,STANDBY_VEL_LOW,0,0.00,4590.00,78.36,FALSE,M1_DIRECTION_MISMATCH|OPENING_SHIELD_ACTIVE_7s
2026-09-07 16:01:07.607,1788796867.607,10596,16,135,4414.34,4414.42,8.0,PASS_<=10c,+0.0,FLAT,+0.0,+0.0,4.2,+0.00,0.00,SLOW,4414.34,4414.34,4414.34,4414.34,0.00,0.00,0.0,BULLISH,0.0,4414.34,4414.34,4414.34,4414.34,7,ACTIVE_7s,1.0,0.0,0.0,0.0,0.0,0.0,0.0,PASS_<20%,0.00,0.0,NO,STANDBY_VEL_LOW,0,0.00,4590.00,78.36,FALSE,M1_DIRECTION_MISMATCH|OPENING_SHIELD_ACTIVE_7s
2026-09-07 16:01:08.109,1788796868.109,10597,17,136,4414.34,4414.42,8.0,PASS_<=10c,+0.0,FLAT,+0.0,+0.0,4.2,+0.00,0.00,SLOW,4414.34,4414.34,4414.34,4414.34,0.00,0.00,0.0,BULLISH,0.0,4414.34,4414.34,4414.34,4414.34,8,ACTIVE_8s,1.0,0.0,0.0,0.0,0.0,0.0,0.0,PASS_<20%,0.00,0.0,NO,STANDBY_VEL_LOW,0,0.00,4590.00,78.36,FALSE,M1_DIRECTION_MISMATCH|OPENING_SHIELD_ACTIVE_8s
2026-09-07 16:01:08.612,1788796868.612,10598,18,137,4414.34,4414.42,8.0,PASS_<=10c,+0.0,FLAT,+0.0,+0.0,4.2,+0.00,0.00,SLOW,4414.34,4414.34,4414.34,4414.34,0.00,0.00,0.0,BULLISH,0.0,4414.34,4414.34,4414.34,4414.34,8,ACTIVE_8s,1.0,0.0,0.0,0.0,0.0,0.0,0.0,PASS_<20%,0.00,0.0,NO,STANDBY_VEL_LOW,0,0.00,4590.00,78.36,FALSE,M1_DIRECTION_MISMATCH|OPENING_SHIELD_ACTIVE_8s
2026-09-07 16:01:09.113,1788796869.113,10599,19,138,4414.34,4414.42,8.0,PASS_<=10c,+0.0,FLAT,+0.0,+0.0,4.2,+0.00,0.00,SLOW,4414.34,4414.34,4414.34,4414.34,0.00,0.00,0.0,BULLISH,0.0,4414.34,4414.34,4414.34,4414.34,9,ACTIVE_9s,1.0,0.0,0.0,0.0,0.0,0.0,0.0,PASS_<20%,0.00,0.0,NO,STANDBY_VEL_LOW,0,0.00,4590.00,78.36,FALSE,M1_DIRECTION_MISMATCH|OPENING_SHIELD_ACTIVE_9s
2026-09-07 16:01:09.616,1788796869.616,10600,20,139,4414.34,4414.42,8.0,PASS_<=10c,+0.0,FLAT,+0.0,+0.0,4.2,+0.00,0.00,SLOW,4414.34,4414.34,4414.34,4414.34,0.00,0.00,0.0,BULLISH,0.0,4414.34,4414.34,4414.34,4414.34,9,ACTIVE_9s,1.0,0.0,0.0,0.0,0.0,0.0,0.0,PASS_<20%,0.00,0.0,NO,STANDBY_VEL_LOW,0,0.00,4590.00,78.36,FALSE,M1_DIRECTION_MISMATCH|OPENING_SHIELD_ACTIVE_9s
2026-09-07 16:01:10.116,1788796870.117,10601,21,140,4414.34,4414.42,8.0,PASS_<=10c,+0.0,FLAT,+0.0,+0.0,4.2,+0.00,0.00,SLOW,4414.34,4414.34,4414.34,4414.34,0.00,0.00,0.0,BULLISH,0.0,4414.34,4414.34,4414.34,4414.34,10,ACTIVE_10s,1.0,0.0,0.0,0.0,0.0,0.0,0.0,PASS_<20%,0.00,0.0,NO,STANDBY_VEL_LOW,0,0.00,4590.00,78.36,FALSE,M1_DIRECTION_MISMATCH|OPENING_SHIELD_ACTIVE_10s
2026-09-07 16:01:10.618,1788796870.619,10602,22,141,4414.34,4414.42,8.0,PASS_<=10c,+0.0,FLAT,+0.0,+0.0,4.2,+0.00,0.00,SLOW,4414.34,4414.34,4414.34,4414.34,0.00,0.00,0.0,BULLISH,0.0,4414.34,4414.34,4414.34,4414.34,10,ACTIVE_10s,1.0,0.0,0.0,0.0,0.0,0.0,0.0,PASS_<20%,0.00,0.0,NO,STANDBY_VEL_LOW,0,0.00,4590.00,78.36,FALSE,M1_DIRECTION_MISMATCH|OPENING_SHIELD_ACTIVE_10s
2026-09-07 16:01:11.121,1788796871.121,10603,23,142,4414.34,4414.42,8.0,PASS_<=10c,+0.0,FLAT,+0.0,+0.0,4.2,+0.00,0.00,SLOW,4414.34,4414.34,4414.34,4414.34,0.00,0.00,0.0,BULLISH,0.0,4414.34,4414.34,4414.34,4414.34,11,ACTIVE_11s,1.0,0.0,0.0,0.0,0.0,0.0,0.0,PASS_<20%,0.00,0.0,NO,STANDBY_VEL_LOW,0,0.00,4590.00,78.36,FALSE,M1_DIRECTION_MISMATCH|OPENING_SHIELD_ACTIVE_11s
2026-09-07 16:01:11.623,1788796871.624,10604,24,143,4414.34,4414.42,8.0,PASS_<=10c,+0.0,FLAT,+0.0,+0.0,4.2,+0.00,0.00,SLOW,4414.34,4414.34,4414.34,4414.34,0.00,0.00,0.0,BULLISH,0.0,4414.34,4414.34,4414.34,4414.34,11,ACTIVE_11s,1.0,0.0,0.0,0.0,0.0,0.0,0.0,PASS_<20%,0.00,0.0,NO,STANDBY_VEL_LOW,0,0.00,4590.00,78.36,FALSE,M1_DIRECTION_MISMATCH|OPENING_SHIELD_ACTIVE_11s
2026-09-07 16:01:12.124,1788796872.125,10605,25,144,4414.34,4414.42,8.0,PASS_<=10c,+0.0,FLAT,+0.0,+0.0,4.2,+0.00,0.00,SLOW,4414.34,4414.34,4414.34,4414.34,0.00,0.00,0.0,BULLISH,0.0,4414.34,4414.34,4414.34,4414.34,12,ACTIVE_12s,1.0,0.0,0.0,0.0,0.0,0.0,0.0,PASS_<20%,0.00,0.0,NO,STANDBY_VEL_LOW,0,0.00,4590.00,78.36,FALSE,M1_DIRECTION_MISMATCH|OPENING_SHIELD_ACTIVE_12s
2026-09-07 16:01:12.627,1788796872.627,10606,26,145,4414.34,4414.42,8.0,PASS_<=10c,+0.0,FLAT,+0.0,+0.0,4.2,+0.00,0.00,SLOW,4414.34,4414.34,4414.34,4414.34,0.00,0.00,0.0,BULLISH,0.0,4414.34,4414.34,4414.34,4414.34,12,ACTIVE_12s,1.0,0.0,0.0,0.0,0.0,0.0,0.0,PASS_<20%,0.00,0.0,NO,STANDBY_VEL_LOW,0,0.00,4590.00,78.36,FALSE,M1_DIRECTION_MISMATCH|OPENING_SHIELD_ACTIVE_12s
2026-09-07 16:01:13.128,1788796873.129,10607,27,146,4414.34,4414.42,8.0,PASS_<=10c,+0.0,FLAT,+0.0,+0.0,4.2,+0.00,0.00,SLOW,4414.34,4414.34,4414.34,4414.34,0.00,0.00,0.0,BULLISH,0.0,4414.34,4414.34,4414.34,4414.34,13,ACTIVE_13s,1.0,0.0,0.0,0.0,0.0,0.0,0.0,PASS_<20%,0.00,0.0,NO,STANDBY_VEL_LOW,0,0.00,4590.00,78.36,FALSE,M1_DIRECTION_MISMATCH|OPENING_SHIELD_ACTIVE_13s
2026-09-07 16:01:13.630,1788796873.630,10608,28,147,4414.34,4414.42,8.0,PASS_<=10c,+0.0,FLAT,+0.0,+0.0,4.2,+0.00,0.00,SLOW,4414.34,4414.34,4414.34,4414.34,0.00,0.00,0.0,BULLISH,0.0,4414.34,4414.34,4414.34,4414.34,13,ACTIVE_13s,1.0,0.0,0.0,0.0,0.0,0.0,0.0,PASS_<20%,0.00,0.0,NO,STANDBY_VEL_LOW,0,0.00,4590.00,78.36,FALSE,M1_DIRECTION_MISMATCH|OPENING_SHIELD_ACTIVE_13s
2026-09-07 16:01:14.133,1788796874.134,10609,29,148,4414.34,4414.42,8.0,PASS_<=10c,+0.0,FLAT,+0.0,+0.0,4.2,+0.00,0.00,SLOW,4414.34,4414.34,4414.34,4414.34,0.00,0.00,0.0,BULLISH,0.0,4414.34,4414.34,4414.34,4414.34,14,ACTIVE_14s,1.0,0.0,0.0,0.0,0.0,0.0,0.0,PASS_<20%,0.00,0.0,NO,STANDBY_VEL_LOW,0,0.00,4590.00,78.36,FALSE,M1_DIRECTION_MISMATCH|OPENING_SHIELD_ACTIVE_14s
2026-09-07 16:01:14.634,1788796874.634,10610,30,149,4414.34,4414.42,8.0,PASS_<=10c,+0.0,FLAT,+0.0,+0.0,4.2,+0.00,0.00,SLOW,4414.34,4414.34,4414.34,4414.34,0.00,0.00,0.0,BULLISH,0.0,4414.34,4414.34,4414.34,4414.34,14,ACTIVE_14s,1.0,0.0,0.0,0.0,0.0,0.0,0.0,PASS_<20%,0.00,0.0,NO,STANDBY_VEL_LOW,0,0.00,4590.00,78.36,FALSE,M1_DIRECTION_MISMATCH|OPENING_SHIELD_ACTIVE_14s
2026-09-07 16:01:15.135,1788796875.136,10611,31,150,4414.34,4414.42,8.0,PASS_<=10c,+0.0,FLAT,+0.0,+0.0,4.2,+0.00,0.00,SLOW,4414.34,4414.34,4414.34,4414.34,0.00,0.00,0.0,BULLISH,0.0,4414.34,4414.34,4414.34,4414.34,15,ACTIVE_15s,1.0,0.0,0.0,0.0,0.0,0.0,0.0,PASS_<20%,0.00,0.0,NO,STANDBY_VEL_LOW,0,0.00,4590.00,78.36,FALSE,M1_DIRECTION_MISMATCH|OPENING_SHIELD_ACTIVE_15s
2026-09-07 16:01:15.637,1788796875.637,10612,32,151,4414.34,4414.42,8.0,PASS_<=10c,+0.0,FLAT,+0.0,+0.0,4.2,+0.00,0.00,SLOW,4414.34,4414.34,4414.34,4414.34,0.00,0.00,0.0,BULLISH,0.0,4414.34,4414.34,4414.34,4414.34,15,ACTIVE_15s,1.0,0.0,0.0,0.0,0.0,0.0,0.0,PASS_<20%,0.00,0.0,NO,STANDBY_VEL_LOW,0,0.00,4590.00,78.36,FALSE,M1_DIRECTION_MISMATCH|OPENING_SHIELD_ACTIVE_15s
2026-09-07 16:01:16.139,1788796876.139,10613,33,152,4414.34,4414.42,8.0,PASS_<=10c,+0.0,FLAT,+0.0,+0.0,4.2,+0.00,0.00,SLOW,4414.34,4414.34,4414.34,4414.34,0.00,0.00,0.0,BULLISH,0.0,4414.34,4414.34,4414.34,4414.34,16,ACTIVE_16s,1.0,0.0,0.0,0.0,0.0,0.0,0.0,PASS_<20%,0.00,0.0,NO,STANDBY_VEL_LOW,0,0.00,4590.00,78.36,FALSE,M1_DIRECTION_MISMATCH|OPENING_SHIELD_ACTIVE_16s
2026-09-07 16:01:16.645,1788796876.646,10614,34,153,4414.34,4414.42,8.0,PASS_<=10c,+0.0,FLAT,+0.0,+0.0,4.2,+0.00,0.00,SLOW,4414.34,4414.34,4414.34,4414.34,0.00,0.00,0.0,BULLISH,0.0,4414.34,4414.34,4414.34,4414.34,16,ACTIVE_16s,1.0,0.0,0.0,0.0,0.0,0.0,0.0,PASS_<20%,0.00,0.0,NO,STANDBY_VEL_LOW,0,0.00,4590.00,78.36,FALSE,M1_DIRECTION_MISMATCH|OPENING_SHIELD_ACTIVE_16s
2026-09-07 16:01:17.146,1788796877.146,10615,35,154,4414.34,4414.42,8.0,PASS_<=10c,+0.0,FLAT,+0.0,+0.0,4.2,+0.00,0.00,SLOW,4414.34,4414.34,4414.34,4414.34,0.00,0.00,0.0,BULLISH,0.0,4414.34,4414.34,4414.34,4414.34,17,ACTIVE_17s,1.0,0.0,0.0,0.0,0.0,0.0,0.0,PASS_<20%,0.00,0.0,NO,STANDBY_VEL_LOW,0,0.00,4590.00,78.36,FALSE,M1_DIRECTION_MISMATCH|OPENING_SHIELD_ACTIVE_17s
2026-09-07 16:01:17.648,1788796877.648,10616,36,155,4414.34,4414.42,8.0,PASS_<=10c,+0.0,FLAT,+0.0,+0.0,4.2,+0.00,0.00,SLOW,4414.34,4414.34,4414.34,4414.34,0.00,0.00,0.0,BULLISH,0.0,4414.34,4414.34,4414.34,4414.34,17,ACTIVE_17s,1.0,0.0,0.0,0.0,0.0,0.0,0.0,PASS_<20%,0.00,0.0,NO,STANDBY_VEL_LOW,0,0.00,4590.00,78.36,FALSE,M1_DIRECTION_MISMATCH|OPENING_SHIELD_ACTIVE_17s
2026-09-07 16:01:18.150,1788796878.150,10617,37,156,4414.34,4414.42,8.0,PASS_<=10c,+0.0,FLAT,+0.0,+0.0,4.2,+0.00,0.00,SLOW,4414.34,4414.34,4414.34,4414.34,0.00,0.00,0.0,BULLISH,0.0,4414.34,4414.34,4414.34,4414.34,18,ACTIVE_18s,1.0,0.0,0.0,0.0,0.0,0.0,0.0,PASS_<20%,0.00,0.0,NO,STANDBY_VEL_LOW,0,0.00,4590.00,78.36,FALSE,M1_DIRECTION_MISMATCH|OPENING_SHIELD_ACTIVE_18s
2026-09-07 16:01:18.651,1788796878.651,10618,38,157,4414.34,4414.42,8.0,PASS_<=10c,+0.0,FLAT,+0.0,+0.0,4.2,+0.00,0.00,SLOW,4414.34,4414.34,4414.34,4414.34,0.00,0.00,0.0,BULLISH,0.0,4414.34,4414.34,4414.34,4414.34,18,ACTIVE_18s,1.0,0.0,0.0,0.0,0.0,0.0,0.0,PASS_<20%,0.00,0.0,NO,STANDBY_VEL_LOW,0,0.00,4590.00,78.36,FALSE,M1_DIRECTION_MISMATCH|OPENING_SHIELD_ACTIVE_18s
2026-09-07 16:01:19.154,1788796879.154,10619,39,158,4414.34,4414.42,8.0,PASS_<=10c,+0.0,FLAT,+0.0,+0.0,4.2,+0.00,0.00,SLOW,4414.34,4414.34,4414.34,4414.34,0.00,0.00,0.0,BULLISH,0.0,4414.34,4414.34,4414.34,4414.34,19,ACTIVE_19s,1.0,0.0,0.0,0.0,0.0,0.0,0.0,PASS_<20%,0.00,0.0,NO,STANDBY_VEL_LOW,0,0.00,4590.00,78.36,FALSE,M1_DIRECTION_MISMATCH|OPENING_SHIELD_ACTIVE_19s
2026-09-07 16:01:19.655,1788796879.656,10620,40,159,4414.34,4414.42,8.0,PASS_<=10c,+0.0,FLAT,+0.0,+0.0,4.2,+0.00,0.00,SLOW,4414.34,4414.34,4414.34,4414.34,0.00,0.00,0.0,BULLISH,0.0,4414.34,4414.34,4414.34,4414.34,19,ACTIVE_19s,1.0,0.0,0.0,0.0,0.0,0.0,0.0,PASS_<20%,0.00,0.0,NO,STANDBY_VEL_LOW,0,0.00,4590.00,78.36,FALSE,M1_DIRECTION_MISMATCH|OPENING_SHIELD_ACTIVE_19s
2026-09-07 16:01:20.157,1788796880.157,10621,41,160,4414.34,4414.42,8.0,PASS_<=10c,+0.0,FLAT,+0.0,+0.0,4.2,+0.00,0.00,SLOW,4414.34,4414.34,4414.34,4414.34,0.00,0.00,0.0,BULLISH,0.0,4414.34,4414.34,4414.34,4414.34,20,CLEARED_>=20s,1.0,0.0,0.0,0.0,0.0,0.0,0.0,PASS_<20%,0.00,0.0,NO,STANDBY_VEL_LOW,0,0.00,4590.00,78.36,FALSE,M1_DIRECTION_MISMATCH
2026-09-07 16:01:20.659,1788796880.659,10622,42,161,4414.34,4414.42,8.0,PASS_<=10c,+0.0,FLAT,+0.0,+0.0,4.2,+0.00,0.00,SLOW,4414.34,4414.34,4414.34,4414.34,0.00,0.00,0.0,BULLISH,0.0,4414.34,4414.34,4414.34,4414.34,20,CLEARED_>=20s,1.0,0.0,0.0,0.0,0.0,0.0,0.0,PASS_<20%,0.00,0.0,NO,STANDBY_VEL_LOW,0,0.00,4590.00,78.36,FALSE,M1_DIRECTION_MISMATCH
2026-09-07 16:01:21.161,1788796881.161,10623,43,162,4414.34,4414.42,8.0,PASS_<=10c,+0.0,FLAT,+0.0,+0.0,4.2,+0.00,0.00,SLOW,4414.34,4414.34,4414.34,4414.34,0.00,0.00,0.0,BULLISH,0.0,4414.34,4414.34,4414.34,4414.34,21,CLEARED_>=20s,1.0,0.0,0.0,0.0,0.0,0.0,0.0,PASS_<20%,0.00,0.0,NO,STANDBY_VEL_LOW,0,0.00,4590.00,78.36,FALSE,M1_DIRECTION_MISMATCH
2026-09-07 16:01:21.661,1788796881.661,10624,44,163,4414.34,4414.42,8.0,PASS_<=10c,+0.0,FLAT,+0.0,+0.0,4.2,+0.00,0.00,SLOW,4414.34,4414.34,4414.34,4414.34,0.00,0.00,0.0,BULLISH,0.0,4414.34,4414.34,4414.34,4414.34,21,CLEARED_>=20s,1.0,0.0,0.0,0.0,0.0,0.0,0.0,PASS_<20%,0.00,0.0,NO,STANDBY_VEL_LOW,0,0.00,4590.00,78.36,FALSE,M1_DIRECTION_MISMATCH
2026-09-07 16:01:22.163,1788796882.164,10625,45,164,4414.34,4414.42,8.0,PASS_<=10c,+0.0,FLAT,+0.0,+0.0,4.2,+0.00,0.00,SLOW,4414.34,4414.34,4414.34,4414.34,0.00,0.00,0.0,BULLISH,0.0,4414.34,4414.34,4414.34,4414.34,22,CLEARED_>=20s,1.0,0.0,0.0,0.0,0.0,0.0,0.0,PASS_<20%,0.00,0.0,NO,STANDBY_VEL_LOW,0,0.00,4590.00,78.36,FALSE,M1_DIRECTION_MISMATCH
2026-09-07 16:01:22.665,1788796882.665,10626,46,165,4414.34,4414.42,8.0,PASS_<=10c,+0.0,FLAT,+0.0,+0.0,4.2,+0.00,0.00,SLOW,4414.34,4414.34,4414.34,4414.34,0.00,0.00,0.0,BULLISH,0.0,4414.34,4414.34,4414.34,4414.34,22,CLEARED_>=20s,1.0,0.0,0.0,0.0,0.0,0.0,0.0,PASS_<20%,0.00,0.0,NO,STANDBY_VEL_LOW,0,0.00,4590.00,78.36,FALSE,M1_DIRECTION_MISMATCH
2026-09-07 16:01:23.166,1788796883.167,10627,47,166,4414.34,4414.42,8.0,PASS_<=10c,+0.0,FLAT,+0.0,+0.0,4.2,+0.00,0.00,SLOW,4414.34,4414.34,4414.34,4414.34,0.00,0.00,0.0,BULLISH,0.0,4414.34,4414.34,4414.34,4414.34,23,CLEARED_>=20s,1.0,0.0,0.0,0.0,0.0,0.0,0.0,PASS_<20%,0.00,0.0,NO,STANDBY_VEL_LOW,0,0.00,4590.00,78.36,FALSE,M1_DIRECTION_MISMATCH
2026-09-07 16:01:23.668,1788796883.668,10628,48,167,4414.34,4414.42,8.0,PASS_<=10c,+0.0,FLAT,+0.0,+0.0,4.2,+0.00,0.00,SLOW,4414.34,4414.34,4414.34,4414.34,0.00,0.00,0.0,BULLISH,0.0,4414.34,4414.34,4414.34,4414.34,23,CLEARED_>=20s,1.0,0.0,0.0,0.0,0.0,0.0,0.0,PASS_<20%,0.00,0.0,NO,STANDBY_VEL_LOW,0,0.00,4590.00,78.36,FALSE,M1_DIRECTION_MISMATCH
2026-09-07 16:01:24.170,1788796884.170,10629,49,168,4414.34,4414.42,8.0,PASS_<=10c,+0.0,FLAT,+0.0,+0.0,4.2,+0.00,0.00,SLOW,4414.34,4414.34,4414.34,4414.34,0.00,0.00,0.0,BULLISH,0.0,4414.34,4414.34,4414.34,4414.34,24,CLEARED_>=20s,1.0,0.0,0.0,0.0,0.0,0.0,0.0,PASS_<20%,0.00,0.0,NO,STANDBY_VEL_LOW,0,0.00,4590.00,78.36,FALSE,M1_DIRECTION_MISMATCH
2026-09-07 16:01:24.670,1788796884.670,10630,50,169,4414.34,4414.42,8.0,PASS_<=10c,+0.0,FLAT,+0.0,+0.0,4.2,+0.00,0.00,SLOW,4414.34,4414.34,4414.34,4414.34,0.00,0.00,0.0,BULLISH,0.0,4414.34,4414.34,4414.34,4414.34,24,CLEARED_>=20s,1.0,0.0,0.0,0.0,0.0,0.0,0.0,PASS_<20%,0.00,0.0,NO,STANDBY_VEL_LOW,0,0.00,4590.00,78.36,FALSE,M1_DIRECTION_MISMATCH
2026-09-07 16:01:25.172,1788796885.173,10631,51,170,4414.34,4414.42,8.0,PASS_<=10c,+0.0,FLAT,+0.0,+0.0,4.2,+0.00,0.00,SLOW,4414.34,4414.34,4414.34,4414.34,0.00,0.00,0.0,BULLISH,0.0,4414.34,4414.34,4414.34,4414.34,25,CLEARED_>=20s,1.0,0.0,0.0,0.0,0.0,0.0,0.0,PASS_<20%,0.00,0.0,NO,STANDBY_VEL_LOW,0,0.00,4590.00,78.36,FALSE,M1_DIRECTION_MISMATCH
2026-09-07 16:01:25.674,1788796885.674,10632,52,171,4414.34,4414.42,8.0,PASS_<=10c,+0.0,FLAT,+0.0,+0.0,4.2,+0.00,0.00,SLOW,4414.34,4414.34,4414.34,4414.34,0.00,0.00,0.0,BULLISH,0.0,4414.34,4414.34,4414.34,4414.34,25,CLEARED_>=20s,1.0,0.0,0.0,0.0,0.0,0.0,0.0,PASS_<20%,0.00,0.0,NO,STANDBY_VEL_LOW,0,0.00,4590.00,78.36,FALSE,M1_DIRECTION_MISMATCH
2026-09-07 16:01:26.176,1788796886.177,10633,53,172,4414.34,4414.42,8.0,PASS_<=10c,+0.0,FLAT,+0.0,+0.0,4.2,+0.00,0.00,SLOW,4414.34,4414.34,4414.34,4414.34,0.00,0.00,0.0,BULLISH,0.0,4414.34,4414.34,4414.34,4414.34,26,CLEARED_>=20s,1.0,0.0,0.0,0.0,0.0,0.0,0.0,PASS_<20%,0.00,0.0,NO,STANDBY_VEL_LOW,0,0.00,4590.00,78.36,FALSE,M1_DIRECTION_MISMATCH
2026-09-07 16:01:26.678,1788796886.678,10634,54,173,4414.34,4414.42,8.0,PASS_<=10c,+0.0,FLAT,+0.0,+0.0,4.2,+0.00,0.00,SLOW,4414.34,4414.34,4414.34,4414.34,0.00,0.00,0.0,BULLISH,0.0,4414.34,4414.34,4414.34,4414.34,26,CLEARED_>=20s,1.0,0.0,0.0,0.0,0.0,0.0,0.0,PASS_<20%,0.00,0.0,NO,STANDBY_VEL_LOW,0,0.00,4590.00,78.36,FALSE,M1_DIRECTION_MISMATCH
2026-09-07 16:01:27.181,1788796887.181,10635,55,174,4414.34,4414.42,8.0,PASS_<=10c,+0.0,FLAT,+0.0,+0.0,4.2,+0.00,0.00,SLOW,4414.34,4414.34,4414.34,4414.34,0.00,0.00,0.0,BULLISH,0.0,4414.34,4414.34,4414.34,4414.34,27,CLEARED_>=20s,1.0,0.0,0.0,0.0,0.0,0.0,0.0,PASS_<20%,0.00,0.0,NO,STANDBY_VEL_LOW,0,0.00,4590.00,78.36,FALSE,M1_DIRECTION_MISMATCH
2026-09-07 16:01:27.683,1788796887.683,10636,56,175,4414.34,4414.42,8.0,PASS_<=10c,+0.0,FLAT,+0.0,+0.0,4.2,+0.00,0.00,SLOW,4414.34,4414.34,4414.34,4414.34,0.00,0.00,0.0,BULLISH,0.0,4414.34,4414.34,4414.34,4414.34,27,CLEARED_>=20s,1.0,0.0,0.0,0.0,0.0,0.0,0.0,PASS_<20%,0.00,0.0,NO,STANDBY_VEL_LOW,0,0.00,4590.00,78.36,FALSE,M1_DIRECTION_MISMATCH
2026-09-07 16:01:28.184,1788796888.185,10637,57,176,4414.34,4414.42,8.0,PASS_<=10c,+0.0,FLAT,+0.0,+0.0,4.2,+0.00,0.00,SLOW,4414.34,4414.34,4414.34,4414.34,0.00,0.00,0.0,BULLISH,0.0,4414.34,4414.34,4414.34,4414.34,28,CLEARED_>=20s,1.0,0.0,0.0,0.0,0.0,0.0,0.0,PASS_<20%,0.00,0.0,NO,STANDBY_VEL_LOW,0,0.00,4590.00,78.36,FALSE,M1_DIRECTION_MISMATCH
2026-09-07 16:01:28.687,1788796888.687,10638,58,177,4414.34,4414.42,8.0,PASS_<=10c,+0.0,FLAT,+0.0,+0.0,4.2,+0.00,0.00,SLOW,4414.34,4414.34,4414.34,4414.34,0.00,0.00,0.0,BULLISH,0.0,4414.34,4414.34,4414.34,4414.34,28,CLEARED_>=20s,1.0,0.0,0.0,0.0,0.0,0.0,0.0,PASS_<20%,0.00,0.0,NO,STANDBY_VEL_LOW,0,0.00,4590.00,78.36,FALSE,M1_DIRECTION_MISMATCH
2026-09-07 16:01:29.188,1788796889.189,10639,59,178,4414.34,4414.42,8.0,PASS_<=10c,+0.0,FLAT,+0.0,+0.0,4.2,+0.00,0.00,SLOW,4414.34,4414.34,4414.34,4414.34,0.00,0.00,0.0,BULLISH,0.0,4414.34,4414.34,4414.34,4414.34,29,CLEARED_>=20s,1.0,0.0,0.0,0.0,0.0,0.0,0.0,PASS_<20%,0.00,0.0,NO,STANDBY_VEL_LOW,0,0.00,4590.00,78.36,FALSE,M1_DIRECTION_MISMATCH
2026-09-07 16:01:29.690,1788796889.691,10640,60,179,4414.34,4414.42,8.0,PASS_<=10c,+0.0,FLAT,+0.0,+0.0,4.2,+0.00,0.00,SLOW,4414.34,4414.34,4414.34,4414.34,0.00,0.00,0.0,BULLISH,0.0,4414.34,4414.34,4414.34,4414.34,29,CLEARED_>=20s,1.0,0.0,0.0,0.0,0.0,0.0,0.0,PASS_<20%,0.00,0.0,NO,STANDBY_VEL_LOW,0,0.00,4590.00,78.36,FALSE,M1_DIRECTION_MISMATCH
2026-09-07 16:01:30.192,1788796890.192,10641,61,180,4414.34,4414.42,8.0,PASS_<=10c,+0.0,FLAT,+0.0,+0.0,4.2,+0.00,0.00,SLOW,4414.34,4414.34,4414.34,4414.34,0.00,0.00,0.0,BULLISH,0.0,4414.34,4414.34,4414.34,4414.34,30,CLEARED_>=20s,1.0,0.0,0.0,0.0,0.0,0.0,0.0,PASS_<20%,0.00,0.0,NO,STANDBY_VEL_LOW,0,0.00,4590.00,78.36,FALSE,M1_DIRECTION_MISMATCH
2026-09-07 16:01:30.693,1788796890.694,10642,62,181,4414.34,4414.42,8.0,PASS_<=10c,+0.0,FLAT,+0.0,+0.0,4.2,+0.00,0.00,SLOW,4414.34,4414.34,4414.34,4414.34,0.00,0.00,0.0,BULLISH,0.0,4414.34,4414.34,4414.34,4414.34,30,CLEARED_>=20s,1.0,0.0,0.0,0.0,0.0,0.0,0.0,PASS_<20%,0.00,0.0,NO,STANDBY_VEL_LOW,0,0.00,4590.00,78.36,FALSE,M1_DIRECTION_MISMATCH
2026-09-07 16:01:31.193,1788796891.194,10643,63,182,4414.34,4414.42,8.0,PASS_<=10c,+0.0,FLAT,+0.0,+0.0,4.2,+0.00,0.00,SLOW,4414.34,4414.34,4414.34,4414.34,0.00,0.00,0.0,BULLISH,0.0,4414.34,4414.34,4414.34,4414.34,31,CLEARED_>=20s,1.0,0.0,0.0,0.0,0.0,0.0,0.0,PASS_<20%,0.00,0.0,NO,STANDBY_VEL_LOW,0,0.00,4590.00,78.36,FALSE,M1_DIRECTION_MISMATCH
2026-09-07 16:01:31.694,1788796891.694,10644,64,183,4414.34,4414.42,8.0,PASS_<=10c,+0.0,FLAT,+0.0,+0.0,4.2,+0.00,0.00,SLOW,4414.34,4414.34,4414.34,4414.34,0.00,0.00,0.0,BULLISH,0.0,4414.34,4414.34,4414.34,4414.34,31,CLEARED_>=20s,1.0,0.0,0.0,0.0,0.0,0.0,0.0,PASS_<20%,0.00,0.0,NO,STANDBY_VEL_LOW,0,0.00,4590.00,78.36,FALSE,M1_DIRECTION_MISMATCH
2026-09-07 16:01:32.196,1788796892.196,10645,65,184,4414.34,4414.42,8.0,PASS_<=10c,+0.0,FLAT,+0.0,+0.0,4.2,+0.00,0.00,SLOW,4414.34,4414.34,4414.34,4414.34,0.00,0.00,0.0,BULLISH,0.0,4414.34,4414.34,4414.34,4414.34,32,CLEARED_>=20s,1.0,0.0,0.0,0.0,0.0,0.0,0.0,PASS_<20%,0.00,0.0,NO,STANDBY_VEL_LOW,0,0.00,4590.00,78.36,FALSE,M1_DIRECTION_MISMATCH
2026-09-07 16:01:32.698,1788796892.698,10646,66,185,4414.34,4414.42,8.0,PASS_<=10c,+0.0,FLAT,+0.0,+0.0,4.2,+0.00,0.00,SLOW,4414.34,4414.34,4414.34,4414.34,0.00,0.00,0.0,BULLISH,0.0,4414.34,4414.34,4414.34,4414.34,32,CLEARED_>=20s,1.0,0.0,0.0,0.0,0.0,0.0,0.0,PASS_<20%,0.00,0.0,NO,STANDBY_VEL_LOW,0,0.00,4590.00,78.36,FALSE,M1_DIRECTION_MISMATCH
2026-09-07 16:01:33.200,1788796893.200,10647,67,186,4414.34,4414.42,8.0,PASS_<=10c,+0.0,FLAT,+0.0,+0.0,4.2,+0.00,0.00,SLOW,4414.34,4414.34,4414.34,4414.34,0.00,0.00,0.0,BULLISH,0.0,4414.34,4414.34,4414.34,4414.34,33,CLEARED_>=20s,1.0,0.0,0.0,0.0,0.0,0.0,0.0,PASS_<20%,0.00,0.0,NO,STANDBY_VEL_LOW,0,0.00,4590.00,78.36,FALSE,M1_DIRECTION_MISMATCH
2026-09-07 16:01:33.702,1788796893.703,10648,68,187,4414.34,4414.42,8.0,PASS_<=10c,+0.0,FLAT,+0.0,+0.0,4.2,+0.00,0.00,SLOW,4414.34,4414.34,4414.34,4414.34,0.00,0.00,0.0,BULLISH,0.0,4414.34,4414.34,4414.34,4414.34,33,CLEARED_>=20s,1.0,0.0,0.0,0.0,0.0,0.0,0.0,PASS_<20%,0.00,0.0,NO,STANDBY_VEL_LOW,0,0.00,4590.00,78.36,FALSE,M1_DIRECTION_MISMATCH
2026-09-07 16:01:34.204,1788796894.204,10649,69,188,4414.34,4414.42,8.0,PASS_<=10c,+0.0,FLAT,+0.0,+0.0,4.2,+0.00,0.00,SLOW,4414.34,4414.34,4414.34,4414.34,0.00,0.00,0.0,BULLISH,0.0,4414.34,4414.34,4414.34,4414.34,34,CLEARED_>=20s,1.0,0.0,0.0,0.0,0.0,0.0,0.0,PASS_<20%,0.00,0.0,NO,STANDBY_VEL_LOW,0,0.00,4590.00,78.36,FALSE,M1_DIRECTION_MISMATCH
2026-09-07 16:01:34.707,1788796894.708,10650,70,189,4414.34,4414.42,8.0,PASS_<=10c,+0.0,FLAT,+0.0,+0.0,4.2,+0.00,0.00,SLOW,4414.34,4414.34,4414.34,4414.34,0.00,0.00,0.0,BULLISH,0.0,4414.34,4414.34,4414.34,4414.34,34,CLEARED_>=20s,1.0,0.0,0.0,0.0,0.0,0.0,0.0,PASS_<20%,0.00,0.0,NO,STANDBY_VEL_LOW,0,0.00,4590.00,78.36,FALSE,M1_DIRECTION_MISMATCH
2026-09-07 16:01:35.207,1788796895.208,10651,71,190,4414.34,4414.42,8.0,PASS_<=10c,+0.0,FLAT,+0.0,+0.0,4.2,+0.00,0.00,SLOW,4414.34,4414.34,4414.34,4414.34,0.00,0.00,0.0,BULLISH,0.0,4414.34,4414.34,4414.34,4414.34,35,CLEARED_>=20s,1.0,0.0,0.0,0.0,0.0,0.0,0.0,PASS_<20%,0.00,0.0,NO,STANDBY_VEL_LOW,0,0.00,4590.00,78.36,FALSE,M1_DIRECTION_MISMATCH
2026-09-07 16:01:35.709,1788796895.709,10652,72,191,4414.34,4414.42,8.0,PASS_<=10c,+0.0,FLAT,+0.0,+0.0,4.2,+0.00,0.00,SLOW,4414.34,4414.34,4414.34,4414.34,0.00,0.00,0.0,BULLISH,0.0,4414.34,4414.34,4414.34,4414.34,35,CLEARED_>=20s,1.0,0.0,0.0,0.0,0.0,0.0,0.0,PASS_<20%,0.00,0.0,NO,STANDBY_VEL_LOW,0,0.00,4590.00,78.36,FALSE,M1_DIRECTION_MISMATCH
2026-09-07 16:01:36.210,1788796896.211,10653,73,192,4414.34,4414.42,8.0,PASS_<=10c,+0.0,FLAT,+0.0,+0.0,4.2,+0.00,0.00,SLOW,4414.34,4414.34,4414.34,4414.34,0.00,0.00,0.0,BULLISH,0.0,4414.34,4414.34,4414.34,4414.34,36,CLEARED_>=20s,1.0,0.0,0.0,0.0,0.0,0.0,0.0,PASS_<20%,0.00,0.0,NO,STANDBY_VEL_LOW,0,0.00,4590.00,78.36,FALSE,M1_DIRECTION_MISMATCH
2026-09-07 16:01:36.713,1788796896.713,10654,74,193,4414.34,4414.42,8.0,PASS_<=10c,+0.0,FLAT,+0.0,+0.0,4.2,+0.00,0.00,SLOW,4414.34,4414.34,4414.34,4414.34,0.00,0.00,0.0,BULLISH,0.0,4414.34,4414.34,4414.34,4414.34,36,CLEARED_>=20s,1.0,0.0,0.0,0.0,0.0,0.0,0.0,PASS_<20%,0.00,0.0,NO,STANDBY_VEL_LOW,0,0.00,4590.00,78.36,FALSE,M1_DIRECTION_MISMATCH
2026-09-07 16:01:37.214,1788796897.215,10655,75,194,4414.34,4414.42,8.0,PASS_<=10c,+0.0,FLAT,+0.0,+0.0,4.2,+0.00,0.00,SLOW,4414.34,4414.34,4414.34,4414.34,0.00,0.00,0.0,BULLISH,0.0,4414.34,4414.34,4414.34,4414.34,37,CLEARED_>=20s,1.0,0.0,0.0,0.0,0.0,0.0,0.0,PASS_<20%,0.00,0.0,NO,STANDBY_VEL_LOW,0,0.00,4590.00,78.36,FALSE,M1_DIRECTION_MISMATCH
2026-09-07 16:01:37.716,1788796897.717,10656,76,195,4414.34,4414.42,8.0,PASS_<=10c,+0.0,FLAT,+0.0,+0.0,4.2,+0.00,0.00,SLOW,4414.34,4414.34,4414.34,4414.34,0.00,0.00,0.0,BULLISH,0.0,4414.34,4414.34,4414.34,4414.34,37,CLEARED_>=20s,1.0,0.0,0.0,0.0,0.0,0.0,0.0,PASS_<20%,0.00,0.0,NO,STANDBY_VEL_LOW,0,0.00,4590.00,78.36,FALSE,M1_DIRECTION_MISMATCH
2026-09-07 16:01:38.218,1788796898.219,10657,77,196,4414.34,4414.42,8.0,PASS_<=10c,+0.0,FLAT,+0.0,+0.0,4.2,+0.00,0.00,SLOW,4414.34,4414.34,4414.34,4414.34,0.00,0.00,0.0,BULLISH,0.0,4414.34,4414.34,4414.34,4414.34,38,CLEARED_>=20s,1.0,0.0,0.0,0.0,0.0,0.0,0.0,PASS_<20%,0.00,0.0,NO,STANDBY_VEL_LOW,0,0.00,4590.00,78.36,FALSE,M1_DIRECTION_MISMATCH
2026-09-07 16:01:38.720,1788796898.721,10658,78,197,4414.34,4414.42,8.0,PASS_<=10c,+0.0,FLAT,+0.0,+0.0,4.2,+0.00,0.00,SLOW,4414.34,4414.34,4414.34,4414.34,0.00,0.00,0.0,BULLISH,0.0,4414.34,4414.34,4414.34,4414.34,38,CLEARED_>=20s,1.0,0.0,0.0,0.0,0.0,0.0,0.0,PASS_<20%,0.00,0.0,NO,STANDBY_VEL_LOW,0,0.00,4590.00,78.36,FALSE,M1_DIRECTION_MISMATCH
2026-09-07 16:01:39.222,1788796899.222,10659,79,198,4414.34,4414.42,8.0,PASS_<=10c,+0.0,FLAT,+0.0,+0.0,4.2,+0.00,0.00,SLOW,4414.34,4414.34,4414.34,4414.34,0.00,0.00,0.0,BULLISH,0.0,4414.34,4414.34,4414.34,4414.34,39,CLEARED_>=20s,1.0,0.0,0.0,0.0,0.0,0.0,0.0,PASS_<20%,0.00,0.0,NO,STANDBY_VEL_LOW,0,0.00,4590.00,78.36,FALSE,M1_DIRECTION_MISMATCH
2026-09-07 16:01:39.724,1788796899.725,10660,80,199,4414.34,4414.42,8.0,PASS_<=10c,+0.0,FLAT,+0.0,+0.0,4.2,+0.00,0.00,SLOW,4414.34,4414.34,4414.34,4414.34,0.00,0.00,0.0,BULLISH,0.0,4414.34,4414.34,4414.34,4414.34,39,CLEARED_>=20s,1.0,0.0,0.0,0.0,0.0,0.0,0.0,PASS_<20%,0.00,0.0,NO,STANDBY_VEL_LOW,0,0.00,4590.00,78.36,FALSE,M1_DIRECTION_MISMATCH
2026-09-07 16:01:40.227,1788796900.228,10661,81,200,4414.34,4414.42,8.0,PASS_<=10c,+0.0,FLAT,+0.0,+0.0,4.2,+0.00,0.00,SLOW,4414.34,4414.34,4414.34,4414.34,0.00,0.00,0.0,BULLISH,0.0,4414.34,4414.34,4414.34,4414.34,40,CLEARED_>=20s,1.0,0.0,0.0,0.0,0.0,0.0,0.0,PASS_<20%,0.00,0.0,NO,STANDBY_VEL_LOW,0,0.00,4590.00,78.36,FALSE,M1_DIRECTION_MISMATCH
2026-09-07 16:01:40.729,1788796900.729,10662,82,201,4414.34,4414.42,8.0,PASS_<=10c,+0.0,FLAT,+0.0,+0.0,4.2,+0.00,0.00,SLOW,4414.34,4414.34,4414.34,4414.34,0.00,0.00,0.0,BULLISH,0.0,4414.34,4414.34,4414.34,4414.34,40,CLEARED_>=20s,1.0,0.0,0.0,0.0,0.0,0.0,0.0,PASS_<20%,0.00,0.0,NO,STANDBY_VEL_LOW,0,0.00,4590.00,78.36,FALSE,M1_DIRECTION_MISMATCH
2026-09-07 16:01:41.231,1788796901.231,10663,83,202,4414.34,4414.42,8.0,PASS_<=10c,+0.0,FLAT,+0.0,+0.0,4.2,+0.00,0.00,SLOW,4414.34,4414.34,4414.34,4414.34,0.00,0.00,0.0,BULLISH,0.0,4414.34,4414.34,4414.34,4414.34,41,CLEARED_>=20s,1.0,0.0,0.0,0.0,0.0,0.0,0.0,PASS_<20%,0.00,0.0,NO,STANDBY_VEL_LOW,0,0.00,4590.00,78.36,FALSE,M1_DIRECTION_MISMATCH
2026-09-07 16:01:41.732,1788796901.733,10664,84,203,4414.34,4414.42,8.0,PASS_<=10c,+0.0,FLAT,+0.0,+0.0,4.2,+0.00,0.00,SLOW,4414.34,4414.34,4414.34,4414.34,0.00,0.00,0.0,BULLISH,0.0,4414.34,4414.34,4414.34,4414.34,41,CLEARED_>=20s,1.0,0.0,0.0,0.0,0.0,0.0,0.0,PASS_<20%,0.00,0.0,NO,STANDBY_VEL_LOW,0,0.00,4590.00,78.36,FALSE,M1_DIRECTION_MISMATCH
2026-09-07 16:01:42.234,1788796902.235,10665,85,204,4414.34,4414.42,8.0,PASS_<=10c,+0.0,FLAT,+0.0,+0.0,4.2,+0.00,0.00,SLOW,4414.34,4414.34,4414.34,4414.34,0.00,0.00,0.0,BULLISH,0.0,4414.34,4414.34,4414.34,4414.34,42,CLEARED_>=20s,1.0,0.0,0.0,0.0,0.0,0.0,0.0,PASS_<20%,0.00,0.0,NO,STANDBY_VEL_LOW,0,0.00,4590.00,78.36,FALSE,M1_DIRECTION_MISMATCH
2026-09-07 16:01:42.737,1788796902.738,10666,86,205,4414.34,4414.42,8.0,PASS_<=10c,+0.0,FLAT,+0.0,+0.0,4.2,+0.00,0.00,SLOW,4414.34,4414.34,4414.34,4414.34,0.00,0.00,0.0,BULLISH,0.0,4414.34,4414.34,4414.34,4414.34,42,CLEARED_>=20s,1.0,0.0,0.0,0.0,0.0,0.0,0.0,PASS_<20%,0.00,0.0,NO,STANDBY_VEL_LOW,0,0.00,4590.00,78.36,FALSE,M1_DIRECTION_MISMATCH
2026-09-07 16:01:43.238,1788796903.239,10667,87,206,4414.34,4414.42,8.0,PASS_<=10c,+0.0,FLAT,+0.0,+0.0,4.2,+0.00,0.00,SLOW,4414.34,4414.34,4414.34,4414.34,0.00,0.00,0.0,BULLISH,0.0,4414.34,4414.34,4414.34,4414.34,43,CLEARED_>=20s,1.0,0.0,0.0,0.0,0.0,0.0,0.0,PASS_<20%,0.00,0.0,NO,STANDBY_VEL_LOW,0,0.00,4590.00,78.36,FALSE,M1_DIRECTION_MISMATCH
2026-09-07 16:01:43.740,1788796903.741,10668,88,207,4414.34,4414.42,8.0,PASS_<=10c,+0.0,FLAT,+0.0,+0.0,4.2,+0.00,0.00,SLOW,4414.34,4414.34,4414.34,4414.34,0.00,0.00,0.0,BULLISH,0.0,4414.34,4414.34,4414.34,4414.34,43,CLEARED_>=20s,1.0,0.0,0.0,0.0,0.0,0.0,0.0,PASS_<20%,0.00,0.0,NO,STANDBY_VEL_LOW,0,0.00,4590.00,78.36,FALSE,M1_DIRECTION_MISMATCH
2026-09-07 16:01:44.242,1788796904.242,10669,89,208,4414.34,4414.42,8.0,PASS_<=10c,+0.0,FLAT,+0.0,+0.0,4.2,+0.00,0.00,SLOW,4414.34,4414.34,4414.34,4414.34,0.00,0.00,0.0,BULLISH,0.0,4414.34,4414.34,4414.34,4414.34,44,CLEARED_>=20s,1.0,0.0,0.0,0.0,0.0,0.0,0.0,PASS_<20%,0.00,0.0,NO,STANDBY_VEL_LOW,0,0.00,4590.00,78.36,FALSE,M1_DIRECTION_MISMATCH
2026-09-07 16:01:44.743,1788796904.744,10670,90,209,4414.34,4414.42,8.0,PASS_<=10c,+0.0,FLAT,+0.0,+0.0,4.2,+0.00,0.00,SLOW,4414.34,4414.34,4414.34,4414.34,0.00,0.00,0.0,BULLISH,0.0,4414.34,4414.34,4414.34,4414.34,44,CLEARED_>=20s,1.0,0.0,0.0,0.0,0.0,0.0,0.0,PASS_<20%,0.00,0.0,NO,STANDBY_VEL_LOW,0,0.00,4590.00,78.36,FALSE,M1_DIRECTION_MISMATCH
2026-09-07 16:01:45.246,1788796905.246,10671,91,210,4414.34,4414.42,8.0,PASS_<=10c,+0.0,FLAT,+0.0,+0.0,4.2,+0.00,0.00,SLOW,4414.34,4414.34,4414.34,4414.34,0.00,0.00,0.0,BULLISH,0.0,4414.34,4414.34,4414.34,4414.34,45,CLEARED_>=20s,1.0,0.0,0.0,0.0,0.0,0.0,0.0,PASS_<20%,0.00,0.0,NO,STANDBY_VEL_LOW,0,0.00,4590.00,78.36,FALSE,M1_DIRECTION_MISMATCH
2026-09-07 16:01:45.747,1788796905.747,10672,92,211,4414.34,4414.42,8.0,PASS_<=10c,+0.0,FLAT,+0.0,+0.0,4.2,+0.00,0.00,SLOW,4414.34,4414.34,4414.34,4414.34,0.00,0.00,0.0,BULLISH,0.0,4414.34,4414.34,4414.34,4414.34,45,CLEARED_>=20s,1.0,0.0,0.0,0.0,0.0,0.0,0.0,PASS_<20%,0.00,0.0,NO,STANDBY_VEL_LOW,0,0.00,4590.00,78.36,FALSE,M1_DIRECTION_MISMATCH
2026-09-07 16:01:46.248,1788796906.249,10673,93,212,4414.34,4414.42,8.0,PASS_<=10c,+0.0,FLAT,+0.0,+0.0,4.2,+0.00,0.00,SLOW,4414.34,4414.34,4414.34,4414.34,0.00,0.00,0.0,BULLISH,0.0,4414.34,4414.34,4414.34,4414.34,46,CLEARED_>=20s,1.0,0.0,0.0,0.0,0.0,0.0,0.0,PASS_<20%,0.00,0.0,NO,STANDBY_VEL_LOW,0,0.00,4590.00,78.36,FALSE,M1_DIRECTION_MISMATCH
2026-09-07 16:01:46.750,1788796906.751,10674,94,213,4414.34,4414.42,8.0,PASS_<=10c,+0.0,FLAT,+0.0,+0.0,4.2,+0.00,0.00,SLOW,4414.34,4414.34,4414.34,4414.34,0.00,0.00,0.0,BULLISH,0.0,4414.34,4414.34,4414.34,4414.34,46,CLEARED_>=20s,1.0,0.0,0.0,0.0,0.0,0.0,0.0,PASS_<20%,0.00,0.0,NO,STANDBY_VEL_LOW,0,0.00,4590.00,78.36,FALSE,M1_DIRECTION_MISMATCH
2026-09-07 16:01:47.252,1788796907.252,10675,95,214,4414.34,4414.42,8.0,PASS_<=10c,+0.0,FLAT,+0.0,+0.0,4.2,+0.00,0.00,SLOW,4414.34,4414.34,4414.34,4414.34,0.00,0.00,0.0,BULLISH,0.0,4414.34,4414.34,4414.34,4414.34,47,CLEARED_>=20s,1.0,0.0,0.0,0.0,0.0,0.0,0.0,PASS_<20%,0.00,0.0,NO,STANDBY_VEL_LOW,0,0.00,4590.00,78.36,FALSE,M1_DIRECTION_MISMATCH
2026-09-07 16:01:47.754,1788796907.755,10676,96,215,4414.34,4414.42,8.0,PASS_<=10c,+0.0,FLAT,+0.0,+0.0,4.2,+0.00,0.00,SLOW,4414.34,4414.34,4414.34,4414.34,0.00,0.00,0.0,BULLISH,0.0,4414.34,4414.34,4414.34,4414.34,47,CLEARED_>=20s,1.0,0.0,0.0,0.0,0.0,0.0,0.0,PASS_<20%,0.00,0.0,NO,STANDBY_VEL_LOW,0,0.00,4590.00,78.36,FALSE,M1_DIRECTION_MISMATCH
2026-09-07 16:01:48.255,1788796908.256,10677,97,216,4414.34,4414.42,8.0,PASS_<=10c,+0.0,FLAT,+0.0,+0.0,4.2,+0.00,0.00,SLOW,4414.34,4414.34,4414.34,4414.34,0.00,0.00,0.0,BULLISH,0.0,4414.34,4414.34,4414.34,4414.34,48,CLEARED_>=20s,1.0,0.0,0.0,0.0,0.0,0.0,0.0,PASS_<20%,0.00,0.0,NO,STANDBY_VEL_LOW,0,0.00,4590.00,78.36,FALSE,M1_DIRECTION_MISMATCH
2026-09-07 16:01:48.757,1788796908.757,10678,98,217,4414.34,4414.42,8.0,PASS_<=10c,+0.0,FLAT,+0.0,+0.0,4.2,+0.00,0.00,SLOW,4414.34,4414.34,4414.34,4414.34,0.00,0.00,0.0,BULLISH,0.0,4414.34,4414.34,4414.34,4414.34,48,CLEARED_>=20s,1.0,0.0,0.0,0.0,0.0,0.0,0.0,PASS_<20%,0.00,0.0,NO,STANDBY_VEL_LOW,0,0.00,4590.00,78.36,FALSE,M1_DIRECTION_MISMATCH
2026-09-07 16:01:49.258,1788796909.258,10679,99,218,4414.34,4414.42,8.0,PASS_<=10c,+0.0,FLAT,+0.0,+0.0,4.2,+0.00,0.00,SLOW,4414.34,4414.34,4414.34,4414.34,0.00,0.00,0.0,BULLISH,0.0,4414.34,4414.34,4414.34,4414.34,49,CLEARED_>=20s,1.0,0.0,0.0,0.0,0.0,0.0,0.0,PASS_<20%,0.00,0.0,NO,STANDBY_VEL_LOW,0,0.00,4590.00,78.36,FALSE,M1_DIRECTION_MISMATCH
2026-09-07 16:01:49.760,1788796909.760,10680,100,219,4414.34,4414.42,8.0,PASS_<=10c,+0.0,FLAT,+0.0,+0.0,4.2,+0.00,0.00,SLOW,4414.34,4414.34,4414.34,4414.34,0.00,0.00,0.0,BULLISH,0.0,4414.34,4414.34,4414.34,4414.34,49,CLEARED_>=20s,1.0,0.0,0.0,0.0,0.0,0.0,0.0,PASS_<20%,0.00,0.0,NO,STANDBY_VEL_LOW,0,0.00,4590.00,78.36,FALSE,M1_DIRECTION_MISMATCH
2026-09-07 16:01:50.262,1788796910.262,10681,101,220,4414.34,4414.42,8.0,PASS_<=10c,+0.0,FLAT,+0.0,+0.0,4.2,+0.00,0.00,SLOW,4414.34,4414.34,4414.34,4414.34,0.00,0.00,0.0,BULLISH,0.0,4414.34,4414.34,4414.34,4414.34,50,CLEARED_>=20s,1.0,0.0,0.0,0.0,0.0,0.0,0.0,PASS_<20%,0.00,0.0,NO,STANDBY_VEL_LOW,0,0.00,4590.00,78.36,FALSE,M1_DIRECTION_MISMATCH
2026-09-07 16:01:50.764,1788796910.764,10682,102,221,4414.34,4414.42,8.0,PASS_<=10c,+0.0,FLAT,+0.0,+0.0,4.2,+0.00,0.00,SLOW,4414.34,4414.34,4414.34,4414.34,0.00,0.00,0.0,BULLISH,0.0,4414.34,4414.34,4414.34,4414.34,50,CLEARED_>=20s,1.0,0.0,0.0,0.0,0.0,0.0,0.0,PASS_<20%,0.00,0.0,NO,STANDBY_VEL_LOW,0,0.00,4590.00,78.36,FALSE,M1_DIRECTION_MISMATCH
2026-09-07 16:01:51.266,1788796911.267,10683,103,222,4414.34,4414.42,8.0,PASS_<=10c,+0.0,FLAT,+0.0,+0.0,4.2,+0.00,0.00,SLOW,4414.34,4414.34,4414.34,4414.34,0.00,0.00,0.0,BULLISH,0.0,4414.34,4414.34,4414.34,4414.34,51,CLEARED_>=20s,1.0,0.0,0.0,0.0,0.0,0.0,0.0,PASS_<20%,0.00,0.0,NO,STANDBY_VEL_LOW,0,0.00,4590.00,78.36,FALSE,M1_DIRECTION_MISMATCH
2026-09-07 16:01:51.768,1788796911.769,10684,104,223,4414.34,4414.42,8.0,PASS_<=10c,+0.0,FLAT,+0.0,+0.0,4.2,+0.00,0.00,SLOW,4414.34,4414.34,4414.34,4414.34,0.00,0.00,0.0,BULLISH,0.0,4414.34,4414.34,4414.34,4414.34,51,CLEARED_>=20s,1.0,0.0,0.0,0.0,0.0,0.0,0.0,PASS_<20%,0.00,0.0,NO,STANDBY_VEL_LOW,0,0.00,4590.00,78.36,FALSE,M1_DIRECTION_MISMATCH
2026-09-07 16:01:52.270,1788796912.271,10685,105,224,4414.34,4414.42,8.0,PASS_<=10c,+0.0,FLAT,+0.0,+0.0,4.2,+0.00,0.00,SLOW,4414.34,4414.34,4414.34,4414.34,0.00,0.00,0.0,BULLISH,0.0,4414.34,4414.34,4414.34,4414.34,52,CLEARED_>=20s,1.0,0.0,0.0,0.0,0.0,0.0,0.0,PASS_<20%,0.00,0.0,NO,STANDBY_VEL_LOW,0,0.00,4590.00,78.36,FALSE,M1_DIRECTION_MISMATCH
2026-09-07 16:01:52.786,1788796912.786,10686,106,225,4414.34,4414.42,8.0,PASS_<=10c,+0.0,FLAT,+0.0,+0.0,4.2,+0.00,0.00,SLOW,4414.34,4414.34,4414.34,4414.34,0.00,0.00,0.0,BULLISH,0.0,4414.34,4414.34,4414.34,4414.34,52,CLEARED_>=20s,1.0,0.0,0.0,0.0,0.0,0.0,0.0,PASS_<20%,0.00,0.0,NO,STANDBY_VEL_LOW,0,0.00,4590.00,78.36,FALSE,M1_DIRECTION_MISMATCH
2026-09-07 16:01:53.287,1788796913.287,10687,107,226,4414.34,4414.42,8.0,PASS_<=10c,+0.0,FLAT,+0.0,+0.0,4.2,+0.00,0.00,SLOW,4414.34,4414.34,4414.34,4414.34,0.00,0.00,0.0,BULLISH,0.0,4414.34,4414.34,4414.34,4414.34,53,CLEARED_>=20s,1.0,0.0,0.0,0.0,0.0,0.0,0.0,PASS_<20%,0.00,0.0,NO,STANDBY_VEL_LOW,0,0.00,4590.00,78.36,FALSE,M1_DIRECTION_MISMATCH
2026-09-07 16:01:53.788,1788796913.788,10688,108,227,4414.34,4414.42,8.0,PASS_<=10c,+0.0,FLAT,+0.0,+0.0,4.2,+0.00,0.00,SLOW,4414.34,4414.34,4414.34,4414.34,0.00,0.00,0.0,BULLISH,0.0,4414.34,4414.34,4414.34,4414.34,53,CLEARED_>=20s,1.0,0.0,0.0,0.0,0.0,0.0,0.0,PASS_<20%,0.00,0.0,NO,STANDBY_VEL_LOW,0,0.00,4590.00,78.36,FALSE,M1_DIRECTION_MISMATCH
2026-09-07 16:01:54.290,1788796914.291,10689,109,228,4414.34,4414.42,8.0,PASS_<=10c,+0.0,FLAT,+0.0,+0.0,4.2,+0.00,0.00,SLOW,4414.34,4414.34,4414.34,4414.34,0.00,0.00,0.0,BULLISH,0.0,4414.34,4414.34,4414.34,4414.34,54,CLEARED_>=20s,1.0,0.0,0.0,0.0,0.0,0.0,0.0,PASS_<20%,0.00,0.0,NO,STANDBY_VEL_LOW,0,0.00,4590.00,78.36,FALSE,M1_DIRECTION_MISMATCH
2026-09-07 16:01:54.792,1788796914.792,10690,110,229,4414.34,4414.42,8.0,PASS_<=10c,+0.0,FLAT,+0.0,+0.0,4.2,+0.00,0.00,SLOW,4414.34,4414.34,4414.34,4414.34,0.00,0.00,0.0,BULLISH,0.0,4414.34,4414.34,4414.34,4414.34,54,CLEARED_>=20s,1.0,0.0,0.0,0.0,0.0,0.0,0.0,PASS_<20%,0.00,0.0,NO,STANDBY_VEL_LOW,0,0.00,4590.00,78.36,FALSE,M1_DIRECTION_MISMATCH
2026-09-07 16:01:55.293,1788796915.294,10691,111,230,4414.34,4414.42,8.0,PASS_<=10c,+0.0,FLAT,+0.0,+0.0,4.2,+0.00,0.00,SLOW,4414.34,4414.34,4414.34,4414.34,0.00,0.00,0.0,BULLISH,0.0,4414.34,4414.34,4414.34,4414.34,55,CLEARED_>=20s,1.0,0.0,0.0,0.0,0.0,0.0,0.0,PASS_<20%,0.00,0.0,NO,STANDBY_VEL_LOW,0,0.00,4590.00,78.36,FALSE,M1_DIRECTION_MISMATCH
2026-09-07 16:01:55.795,1788796915.795,10692,112,231,4414.34,4414.42,8.0,PASS_<=10c,+0.0,FLAT,+0.0,+0.0,4.2,+0.00,0.00,SLOW,4414.34,4414.34,4414.34,4414.34,0.00,0.00,0.0,BULLISH,0.0,4414.34,4414.34,4414.34,4414.34,55,CLEARED_>=20s,1.0,0.0,0.0,0.0,0.0,0.0,0.0,PASS_<20%,0.00,0.0,NO,STANDBY_VEL_LOW,0,0.00,4590.00,78.36,FALSE,M1_DIRECTION_MISMATCH
2026-09-07 16:01:56.297,1788796916.297,10693,113,232,4414.34,4414.42,8.0,PASS_<=10c,+0.0,FLAT,+0.0,+0.0,4.2,+0.00,0.00,SLOW,4414.34,4414.34,4414.34,4414.34,0.00,0.00,0.0,BULLISH,0.0,4414.34,4414.34,4414.34,4414.34,56,CLEARED_>=20s,1.0,0.0,0.0,0.0,0.0,0.0,0.0,PASS_<20%,0.00,0.0,NO,STANDBY_VEL_LOW,0,0.00,4590.00,78.36,FALSE,M1_DIRECTION_MISMATCH
2026-09-07 16:01:56.798,1788796916.799,10694,114,233,4414.34,4414.42,8.0,PASS_<=10c,+0.0,FLAT,+0.0,+0.0,4.2,+0.00,0.00,SLOW,4414.34,4414.34,4414.34,4414.34,0.00,0.00,0.0,BULLISH,0.0,4414.34,4414.34,4414.34,4414.34,56,CLEARED_>=20s,1.0,0.0,0.0,0.0,0.0,0.0,0.0,PASS_<20%,0.00,0.0,NO,STANDBY_VEL_LOW,0,0.00,4590.00,78.36,FALSE,M1_DIRECTION_MISMATCH
2026-09-07 16:01:57.300,1788796917.300,10695,115,234,4414.34,4414.42,8.0,PASS_<=10c,+0.0,FLAT,+0.0,+0.0,4.2,+0.00,0.00,SLOW,4414.34,4414.34,4414.34,4414.34,0.00,0.00,0.0,BULLISH,0.0,4414.34,4414.34,4414.34,4414.34,57,CLEARED_>=20s,1.0,0.0,0.0,0.0,0.0,0.0,0.0,PASS_<20%,0.00,0.0,NO,STANDBY_VEL_LOW,0,0.00,4590.00,78.36,FALSE,M1_DIRECTION_MISMATCH
2026-09-07 16:01:57.802,1788796917.802,10696,116,235,4414.34,4414.42,8.0,PASS_<=10c,+0.0,FLAT,+0.0,+0.0,4.2,+0.00,0.00,SLOW,4414.34,4414.34,4414.34,4414.34,0.00,0.00,0.0,BULLISH,0.0,4414.34,4414.34,4414.34,4414.34,57,CLEARED_>=20s,1.0,0.0,0.0,0.0,0.0,0.0,0.0,PASS_<20%,0.00,0.0,NO,STANDBY_VEL_LOW,0,0.00,4590.00,78.36,FALSE,M1_DIRECTION_MISMATCH
2026-09-07 16:01:58.303,1788796918.304,10697,117,236,4414.34,4414.42,8.0,PASS_<=10c,+0.0,FLAT,+0.0,+0.0,4.2,+0.00,0.00,SLOW,4414.34,4414.34,4414.34,4414.34,0.00,0.00,0.0,BULLISH,0.0,4414.34,4414.34,4414.34,4414.34,58,CLEARED_>=20s,1.0,0.0,0.0,0.0,0.0,0.0,0.0,PASS_<20%,0.00,0.0,NO,STANDBY_VEL_LOW,0,0.00,4590.00,78.36,FALSE,M1_DIRECTION_MISMATCH
2026-09-07 16:01:58.806,1788796918.806,10698,118,237,4414.34,4414.42,8.0,PASS_<=10c,+0.0,FLAT,+0.0,+0.0,4.2,+0.00,0.00,SLOW,4414.34,4414.34,4414.34,4414.34,0.00,0.00,0.0,BULLISH,0.0,4414.34,4414.34,4414.34,4414.34,58,CLEARED_>=20s,1.0,0.0,0.0,0.0,0.0,0.0,0.0,PASS_<20%,0.00,0.0,NO,STANDBY_VEL_LOW,0,0.00,4590.00,78.36,FALSE,M1_DIRECTION_MISMATCH
2026-09-07 16:01:59.306,1788796919.306,10699,119,238,4414.34,4414.42,8.0,PASS_<=10c,+0.0,FLAT,+0.0,+0.0,4.2,+0.00,0.00,SLOW,4414.34,4414.34,4414.34,4414.34,0.00,0.00,0.0,BULLISH,0.0,4414.34,4414.34,4414.34,4414.34,59,CLEARED_>=20s,1.0,0.0,0.0,0.0,0.0,0.0,0.0,PASS_<20%,0.00,0.0,NO,STANDBY_VEL_LOW,0,0.00,4590.00,78.36,FALSE,M1_DIRECTION_MISMATCH
2026-09-07 16:01:59.808,1788796919.809,10700,120,239,4414.34,4414.42,8.0,PASS_<=10c,+0.0,FLAT,+0.0,+0.0,4.2,+0.00,0.00,SLOW,4414.34,4414.34,4414.34,4414.34,0.00,0.00,0.0,BULLISH,0.0,4414.34,4414.34,4414.34,4414.34,59,CLEARED_>=20s,1.0,0.0,0.0,0.0,0.0,0.0,0.0,PASS_<20%,0.00,0.0,NO,STANDBY_VEL_LOW,0,0.00,4590.00,78.36,FALSE,M1_DIRECTION_MISMATCH
2026-09-07 16:02:00.310,1788796920.311,10701,1,240,4414.34,4414.42,8.0,PASS_<=10c,+0.0,FLAT,+0.0,+0.0,4.2,+0.00,0.00,SLOW,4414.34,4414.34,4414.34,4414.34,0.00,0.00,0.0,BULLISH,0.0,4414.34,4414.34,4414.34,4414.34,0,ACTIVE_0s,1.0,0.0,0.0,0.0,0.0,0.0,0.0,PASS_<20%,0.00,0.0,NO,STANDBY_VEL_LOW,0,0.00,4590.00,78.36,FALSE,M1_DIRECTION_MISMATCH|OPENING_SHIELD_ACTIVE_0s
2026-09-07 16:02:00.812,1788796920.813,10702,2,241,4414.34,4414.42,8.0,PASS_<=10c,+0.0,FLAT,+0.0,+0.0,4.2,+0.00,0.00,SLOW,4414.34,4414.34,4414.34,4414.34,0.00,0.00,0.0,BULLISH,0.0,4414.34,4414.34,4414.34,4414.34,0,ACTIVE_0s,1.0,0.0,0.0,0.0,0.0,0.0,0.0,PASS_<20%,0.00,0.0,NO,STANDBY_VEL_LOW,0,0.00,4590.00,78.36,FALSE,M1_DIRECTION_MISMATCH|OPENING_SHIELD_ACTIVE_0s
2026-09-07 16:02:01.314,1788796921.315,10703,3,242,4414.34,4414.42,8.0,PASS_<=10c,+0.0,FLAT,+0.0,+0.0,4.2,+0.00,0.00,SLOW,4414.34,4414.34,4414.34,4414.34,0.00,0.00,0.0,BULLISH,0.0,4414.34,4414.34,4414.34,4414.34,1,ACTIVE_1s,1.0,0.0,0.0,0.0,0.0,0.0,0.0,PASS_<20%,0.00,0.0,NO,STANDBY_VEL_LOW,0,0.00,4590.00,78.36,FALSE,M1_DIRECTION_MISMATCH|OPENING_SHIELD_ACTIVE_1s
2026-09-07 16:02:01.817,1788796921.818,10704,4,243,4414.34,4414.42,8.0,PASS_<=10c,+0.0,FLAT,+0.0,+0.0,4.2,+0.00,0.00,SLOW,4414.34,4414.34,4414.34,4414.34,0.00,0.00,0.0,BULLISH,0.0,4414.34,4414.34,4414.34,4414.34,1,ACTIVE_1s,1.0,0.0,0.0,0.0,0.0,0.0,0.0,PASS_<20%,0.00,0.0,NO,STANDBY_VEL_LOW,0,0.00,4590.00,78.36,FALSE,M1_DIRECTION_MISMATCH|OPENING_SHIELD_ACTIVE_1s
2026-09-07 16:02:02.319,1788796922.320,10705,5,244,4414.34,4414.42,8.0,PASS_<=10c,+0.0,FLAT,+0.0,+0.0,4.2,+0.00,0.00,SLOW,4414.34,4414.34,4414.34,4414.34,0.00,0.00,0.0,BULLISH,0.0,4414.34,4414.34,4414.34,4414.34,2,ACTIVE_2s,1.0,0.0,0.0,0.0,0.0,0.0,0.0,PASS_<20%,0.00,0.0,NO,STANDBY_VEL_LOW,0,0.00,4590.00,78.36,FALSE,M1_DIRECTION_MISMATCH|OPENING_SHIELD_ACTIVE_2s
2026-09-07 16:02:02.820,1788796922.821,10706,6,245,4414.34,4414.42,8.0,PASS_<=10c,+0.0,FLAT,+0.0,+0.0,4.2,+0.00,0.00,SLOW,4414.34,4414.34,4414.34,4414.34,0.00,0.00,0.0,BULLISH,0.0,4414.34,4414.34,4414.34,4414.34,2,ACTIVE_2s,1.0,0.0,0.0,0.0,0.0,0.0,0.0,PASS_<20%,0.00,0.0,NO,STANDBY_VEL_LOW,0,0.00,4590.00,78.36,FALSE,M1_DIRECTION_MISMATCH|OPENING_SHIELD_ACTIVE_2s
2026-09-07 16:02:03.321,1788796923.322,10707,7,246,4414.34,4414.42,8.0,PASS_<=10c,+0.0,FLAT,+0.0,+0.0,4.2,+0.00,0.00,SLOW,4414.34,4414.34,4414.34,4414.34,0.00,0.00,0.0,BULLISH,0.0,4414.34,4414.34,4414.34,4414.34,3,ACTIVE_3s,1.0,0.0,0.0,0.0,0.0,0.0,0.0,PASS_<20%,0.00,0.0,NO,STANDBY_VEL_LOW,0,0.00,4590.00,78.36,FALSE,M1_DIRECTION_MISMATCH|OPENING_SHIELD_ACTIVE_3s
2026-09-07 16:02:03.823,1788796923.824,10708,8,247,4414.34,4414.42,8.0,PASS_<=10c,+0.0,FLAT,+0.0,+0.0,4.2,+0.00,0.00,SLOW,4414.34,4414.34,4414.34,4414.34,0.00,0.00,0.0,BULLISH,0.0,4414.34,4414.34,4414.34,4414.34,3,ACTIVE_3s,1.0,0.0,0.0,0.0,0.0,0.0,0.0,PASS_<20%,0.00,0.0,NO,STANDBY_VEL_LOW,0,0.00,4590.00,78.36,FALSE,M1_DIRECTION_MISMATCH|OPENING_SHIELD_ACTIVE_3s
2026-09-07 16:02:04.325,1788796924.325,10709,9,248,4414.34,4414.42,8.0,PASS_<=10c,+0.0,FLAT,+0.0,+0.0,4.2,+0.00,0.00,SLOW,4414.34,4414.34,4414.34,4414.34,0.00,0.00,0.0,BULLISH,0.0,4414.34,4414.34,4414.34,4414.34,4,ACTIVE_4s,1.0,0.0,0.0,0.0,0.0,0.0,0.0,PASS_<20%,0.00,0.0,NO,STANDBY_VEL_LOW,0,0.00,4590.00,78.36,FALSE,M1_DIRECTION_MISMATCH|OPENING_SHIELD_ACTIVE_4s
2026-09-07 16:02:04.826,1788796924.827,10710,10,249,4414.34,4414.42,8.0,PASS_<=10c,+0.0,FLAT,+0.0,+0.0,4.2,+0.00,0.00,SLOW,4414.34,4414.34,4414.34,4414.34,0.00,0.00,0.0,BULLISH,0.0,4414.34,4414.34,4414.34,4414.34,4,ACTIVE_4s,1.0,0.0,0.0,0.0,0.0,0.0,0.0,PASS_<20%,0.00,0.0,NO,STANDBY_VEL_LOW,0,0.00,4590.00,78.36,FALSE,M1_DIRECTION_MISMATCH|OPENING_SHIELD_ACTIVE_4s
2026-09-07 16:02:05.328,1788796925.329,10711,11,250,4414.34,4414.42,8.0,PASS_<=10c,+0.0,FLAT,+0.0,+0.0,4.2,+0.00,0.00,SLOW,4414.34,4414.34,4414.34,4414.34,0.00,0.00,0.0,BULLISH,0.0,4414.34,4414.34,4414.34,4414.34,5,ACTIVE_5s,1.0,0.0,0.0,0.0,0.0,0.0,0.0,PASS_<20%,0.00,0.0,NO,STANDBY_VEL_LOW,0,0.00,4590.00,78.36,FALSE,M1_DIRECTION_MISMATCH|OPENING_SHIELD_ACTIVE_5s
2026-09-07 16:02:05.831,1788796925.831,10712,12,251,4414.34,4414.42,8.0,PASS_<=10c,+0.0,FLAT,+0.0,+0.0,4.2,+0.00,0.00,SLOW,4414.34,4414.34,4414.34,4414.34,0.00,0.00,0.0,BULLISH,0.0,4414.34,4414.34,4414.34,4414.34,5,ACTIVE_5s,1.0,0.0,0.0,0.0,0.0,0.0,0.0,PASS_<20%,0.00,0.0,NO,STANDBY_VEL_LOW,0,0.00,4590.00,78.36,FALSE,M1_DIRECTION_MISMATCH|OPENING_SHIELD_ACTIVE_5s
2026-09-07 16:02:06.332,1788796926.333,10713,13,252,4414.34,4414.42,8.0,PASS_<=10c,+0.0,FLAT,+0.0,+0.0,4.2,+0.00,0.00,SLOW,4414.34,4414.34,4414.34,4414.34,0.00,0.00,0.0,BULLISH,0.0,4414.34,4414.34,4414.34,4414.34,6,ACTIVE_6s,1.0,0.0,0.0,0.0,0.0,0.0,0.0,PASS_<20%,0.00,0.0,NO,STANDBY_VEL_LOW,0,0.00,4590.00,78.36,FALSE,M1_DIRECTION_MISMATCH|OPENING_SHIELD_ACTIVE_6s
2026-09-07 16:02:06.834,1788796926.834,10714,14,253,4414.34,4414.42,8.0,PASS_<=10c,+0.0,FLAT,+0.0,+0.0,4.2,+0.00,0.00,SLOW,4414.34,4414.34,4414.34,4414.34,0.00,0.00,0.0,BULLISH,0.0,4414.34,4414.34,4414.34,4414.34,6,ACTIVE_6s,1.0,0.0,0.0,0.0,0.0,0.0,0.0,PASS_<20%,0.00,0.0,NO,STANDBY_VEL_LOW,0,0.00,4590.00,78.36,FALSE,M1_DIRECTION_MISMATCH|OPENING_SHIELD_ACTIVE_6s
2026-09-07 16:02:07.336,1788796927.336,10715,15,254,4414.34,4414.42,8.0,PASS_<=10c,+0.0,FLAT,+0.0,+0.0,4.2,+0.00,0.00,SLOW,4414.34,4414.34,4414.34,4414.34,0.00,0.00,0.0,BULLISH,0.0,4414.34,4414.34,4414.34,4414.34,7,ACTIVE_7s,1.0,0.0,0.0,0.0,0.0,0.0,0.0,PASS_<20%,0.00,0.0,NO,STANDBY_VEL_LOW,0,0.00,4590.00,78.36,FALSE,M1_DIRECTION_MISMATCH|OPENING_SHIELD_ACTIVE_7s
2026-09-07 16:02:07.837,1788796927.837,10716,16,255,4414.34,4414.42,8.0,PASS_<=10c,+0.0,FLAT,+0.0,+0.0,4.2,+0.00,0.00,SLOW,4414.34,4414.34,4414.34,4414.34,0.00,0.00,0.0,BULLISH,0.0,4414.34,4414.34,4414.34,4414.34,7,ACTIVE_7s,1.0,0.0,0.0,0.0,0.0,0.0,0.0,PASS_<20%,0.00,0.0,NO,STANDBY_VEL_LOW,0,0.00,4590.00,78.36,FALSE,M1_DIRECTION_MISMATCH|OPENING_SHIELD_ACTIVE_7s
2026-09-07 16:02:08.338,1788796928.339,10717,17,256,4414.34,4414.42,8.0,PASS_<=10c,+0.0,FLAT,+0.0,+0.0,4.2,+0.00,0.00,SLOW,4414.34,4414.34,4414.34,4414.34,0.00,0.00,0.0,BULLISH,0.0,4414.34,4414.34,4414.34,4414.34,8,ACTIVE_8s,1.0,0.0,0.0,0.0,0.0,0.0,0.0,PASS_<20%,0.00,0.0,NO,STANDBY_VEL_LOW,0,0.00,4590.00,78.36,FALSE,M1_DIRECTION_MISMATCH|OPENING_SHIELD_ACTIVE_8s
2026-09-07 16:02:08.840,1788796928.840,10718,18,257,4414.34,4414.42,8.0,PASS_<=10c,+0.0,FLAT,+0.0,+0.0,4.2,+0.00,0.00,SLOW,4414.34,4414.34,4414.34,4414.34,0.00,0.00,0.0,BULLISH,0.0,4414.34,4414.34,4414.34,4414.34,8,ACTIVE_8s,1.0,0.0,0.0,0.0,0.0,0.0,0.0,PASS_<20%,0.00,0.0,NO,STANDBY_VEL_LOW,0,0.00,4590.00,78.36,FALSE,M1_DIRECTION_MISMATCH|OPENING_SHIELD_ACTIVE_8s
2026-09-07 16:02:09.342,1788796929.342,10719,19,258,4414.34,4414.42,8.0,PASS_<=10c,+0.0,FLAT,+0.0,+0.0,4.2,+0.00,0.00,SLOW,4414.34,4414.34,4414.34,4414.34,0.00,0.00,0.0,BULLISH,0.0,4414.34,4414.34,4414.34,4414.34,9,ACTIVE_9s,1.0,0.0,0.0,0.0,0.0,0.0,0.0,PASS_<20%,0.00,0.0,NO,STANDBY_VEL_LOW,0,0.00,4590.00,78.36,FALSE,M1_DIRECTION_MISMATCH|OPENING_SHIELD_ACTIVE_9s
2026-09-07 16:02:09.843,1788796929.844,10720,20,259,4414.34,4414.42,8.0,PASS_<=10c,+0.0,FLAT,+0.0,+0.0,4.2,+0.00,0.00,SLOW,4414.34,4414.34,4414.34,4414.34,0.00,0.00,0.0,BULLISH,0.0,4414.34,4414.34,4414.34,4414.34,9,ACTIVE_9s,1.0,0.0,0.0,0.0,0.0,0.0,0.0,PASS_<20%,0.00,0.0,NO,STANDBY_VEL_LOW,0,0.00,4590.00,78.36,FALSE,M1_DIRECTION_MISMATCH|OPENING_SHIELD_ACTIVE_9s
2026-09-07 16:02:10.345,1788796930.346,10721,21,260,4414.34,4414.42,8.0,PASS_<=10c,+0.0,FLAT,+0.0,+0.0,4.2,+0.00,0.00,SLOW,4414.34,4414.34,4414.34,4414.34,0.00,0.00,0.0,BULLISH,0.0,4414.34,4414.34,4414.34,4414.34,10,ACTIVE_10s,1.0,0.0,0.0,0.0,0.0,0.0,0.0,PASS_<20%,0.00,0.0,NO,STANDBY_VEL_LOW,0,0.00,4590.00,78.36,FALSE,M1_DIRECTION_MISMATCH|OPENING_SHIELD_ACTIVE_10s
2026-09-07 16:02:10.847,1788796930.847,10722,22,261,4414.34,4414.42,8.0,PASS_<=10c,+0.0,FLAT,+0.0,+0.0,4.2,+0.00,0.00,SLOW,4414.34,4414.34,4414.34,4414.34,0.00,0.00,0.0,BULLISH,0.0,4414.34,4414.34,4414.34,4414.34,10,ACTIVE_10s,1.0,0.0,0.0,0.0,0.0,0.0,0.0,PASS_<20%,0.00,0.0,NO,STANDBY_VEL_LOW,0,0.00,4590.00,78.36,FALSE,M1_DIRECTION_MISMATCH|OPENING_SHIELD_ACTIVE_10s
2026-09-07 16:02:11.350,1788796931.351,10723,23,262,4414.34,4414.42,8.0,PASS_<=10c,+0.0,FLAT,+0.0,+0.0,4.2,+0.00,0.00,SLOW,4414.34,4414.34,4414.34,4414.34,0.00,0.00,0.0,BULLISH,0.0,4414.34,4414.34,4414.34,4414.34,11,ACTIVE_11s,1.0,0.0,0.0,0.0,0.0,0.0,0.0,PASS_<20%,0.00,0.0,NO,STANDBY_VEL_LOW,0,0.00,4590.00,78.36,FALSE,M1_DIRECTION_MISMATCH|OPENING_SHIELD_ACTIVE_11s
2026-09-07 16:02:11.850,1788796931.851,10724,24,263,4414.34,4414.42,8.0,PASS_<=10c,+0.0,FLAT,+0.0,+0.0,4.2,+0.00,0.00,SLOW,4414.34,4414.34,4414.34,4414.34,0.00,0.00,0.0,BULLISH,0.0,4414.34,4414.34,4414.34,4414.34,11,ACTIVE_11s,1.0,0.0,0.0,0.0,0.0,0.0,0.0,PASS_<20%,0.00,0.0,NO,STANDBY_VEL_LOW,0,0.00,4590.00,78.36,FALSE,M1_DIRECTION_MISMATCH|OPENING_SHIELD_ACTIVE_11s
2026-09-07 16:02:12.352,1788796932.352,10725,25,264,4414.34,4414.42,8.0,PASS_<=10c,+0.0,FLAT,+0.0,+0.0,4.2,+0.00,0.00,SLOW,4414.34,4414.34,4414.34,4414.34,0.00,0.00,0.0,BULLISH,0.0,4414.34,4414.34,4414.34,4414.34,12,ACTIVE_12s,1.0,0.0,0.0,0.0,0.0,0.0,0.0,PASS_<20%,0.00,0.0,NO,STANDBY_VEL_LOW,0,0.00,4590.00,78.36,FALSE,M1_DIRECTION_MISMATCH|OPENING_SHIELD_ACTIVE_12s
2026-09-07 16:02:12.852,1788796932.853,10726,26,265,4414.34,4414.42,8.0,PASS_<=10c,+0.0,FLAT,+0.0,+0.0,4.2,+0.00,0.00,SLOW,4414.34,4414.34,4414.34,4414.34,0.00,0.00,0.0,BULLISH,0.0,4414.34,4414.34,4414.34,4414.34,12,ACTIVE_12s,1.0,0.0,0.0,0.0,0.0,0.0,0.0,PASS_<20%,0.00,0.0,NO,STANDBY_VEL_LOW,0,0.00,4590.00,78.36,FALSE,M1_DIRECTION_MISMATCH|OPENING_SHIELD_ACTIVE_12s
2026-09-07 16:02:13.355,1788796933.355,10727,27,266,4414.34,4414.42,8.0,PASS_<=10c,+0.0,FLAT,+0.0,+0.0,4.2,+0.00,0.00,SLOW,4414.34,4414.34,4414.34,4414.34,0.00,0.00,0.0,BULLISH,0.0,4414.34,4414.34,4414.34,4414.34,13,ACTIVE_13s,1.0,0.0,0.0,0.0,0.0,0.0,0.0,PASS_<20%,0.00,0.0,NO,STANDBY_VEL_LOW,0,0.00,4590.00,78.36,FALSE,M1_DIRECTION_MISMATCH|OPENING_SHIELD_ACTIVE_13s
2026-09-07 16:02:13.856,1788796933.856,10728,28,267,4414.34,4414.42,8.0,PASS_<=10c,+0.0,FLAT,+0.0,+0.0,4.2,+0.00,0.00,SLOW,4414.34,4414.34,4414.34,4414.34,0.00,0.00,0.0,BULLISH,0.0,4414.34,4414.34,4414.34,4414.34,13,ACTIVE_13s,1.0,0.0,0.0,0.0,0.0,0.0,0.0,PASS_<20%,0.00,0.0,NO,STANDBY_VEL_LOW,0,0.00,4590.00,78.36,FALSE,M1_DIRECTION_MISMATCH|OPENING_SHIELD_ACTIVE_13s
2026-09-07 16:02:14.357,1788796934.358,10729,29,268,4414.34,4414.42,8.0,PASS_<=10c,+0.0,FLAT,+0.0,+0.0,4.2,+0.00,0.00,SLOW,4414.34,4414.34,4414.34,4414.34,0.00,0.00,0.0,BULLISH,0.0,4414.34,4414.34,4414.34,4414.34,14,ACTIVE_14s,1.0,0.0,0.0,0.0,0.0,0.0,0.0,PASS_<20%,0.00,0.0,NO,STANDBY_VEL_LOW,0,0.00,4590.00,78.36,FALSE,M1_DIRECTION_MISMATCH|OPENING_SHIELD_ACTIVE_14s
2026-09-07 16:02:14.859,1788796934.860,10730,30,269,4414.34,4414.42,8.0,PASS_<=10c,+0.0,FLAT,+0.0,+0.0,4.2,+0.00,0.00,SLOW,4414.34,4414.34,4414.34,4414.34,0.00,0.00,0.0,BULLISH,0.0,4414.34,4414.34,4414.34,4414.34,14,ACTIVE_14s,1.0,0.0,0.0,0.0,0.0,0.0,0.0,PASS_<20%,0.00,0.0,NO,STANDBY_VEL_LOW,0,0.00,4590.00,78.36,FALSE,M1_DIRECTION_MISMATCH|OPENING_SHIELD_ACTIVE_14s
2026-09-07 16:02:15.360,1788796935.361,10731,31,270,4414.34,4414.42,8.0,PASS_<=10c,+0.0,FLAT,+0.0,+0.0,4.2,+0.00,0.00,SLOW,4414.34,4414.34,4414.34,4414.34,0.00,0.00,0.0,BULLISH,0.0,4414.34,4414.34,4414.34,4414.34,15,ACTIVE_15s,1.0,0.0,0.0,0.0,0.0,0.0,0.0,PASS_<20%,0.00,0.0,NO,STANDBY_VEL_LOW,0,0.00,4590.00,78.36,FALSE,M1_DIRECTION_MISMATCH|OPENING_SHIELD_ACTIVE_15s
2026-09-07 16:02:15.862,1788796935.863,10732,32,271,4414.34,4414.42,8.0,PASS_<=10c,+0.0,FLAT,+0.0,+0.0,4.2,+0.00,0.00,SLOW,4414.34,4414.34,4414.34,4414.34,0.00,0.00,0.0,BULLISH,0.0,4414.34,4414.34,4414.34,4414.34,15,ACTIVE_15s,1.0,0.0,0.0,0.0,0.0,0.0,0.0,PASS_<20%,0.00,0.0,NO,STANDBY_VEL_LOW,0,0.00,4590.00,78.36,FALSE,M1_DIRECTION_MISMATCH|OPENING_SHIELD_ACTIVE_15s
2026-09-07 16:02:16.363,1788796936.364,10733,33,272,4414.34,4414.42,8.0,PASS_<=10c,+0.0,FLAT,+0.0,+0.0,4.2,+0.00,0.00,SLOW,4414.34,4414.34,4414.34,4414.34,0.00,0.00,0.0,BULLISH,0.0,4414.34,4414.34,4414.34,4414.34,16,ACTIVE_16s,1.0,0.0,0.0,0.0,0.0,0.0,0.0,PASS_<20%,0.00,0.0,NO,STANDBY_VEL_LOW,0,0.00,4590.00,78.36,FALSE,M1_DIRECTION_MISMATCH|OPENING_SHIELD_ACTIVE_16s
2026-09-07 16:02:16.865,1788796936.866,10734,34,273,4414.34,4414.42,8.0,PASS_<=10c,+0.0,FLAT,+0.0,+0.0,4.2,+0.00,0.00,SLOW,4414.34,4414.34,4414.34,4414.34,0.00,0.00,0.0,BULLISH,0.0,4414.34,4414.34,4414.34,4414.34,16,ACTIVE_16s,1.0,0.0,0.0,0.0,0.0,0.0,0.0,PASS_<20%,0.00,0.0,NO,STANDBY_VEL_LOW,0,0.00,4590.00,78.36,FALSE,M1_DIRECTION_MISMATCH|OPENING_SHIELD_ACTIVE_16s
2026-09-07 16:02:17.367,1788796937.368,10735,35,274,4414.34,4414.42,8.0,PASS_<=10c,+0.0,FLAT,+0.0,+0.0,4.2,+0.00,0.00,SLOW,4414.34,4414.34,4414.34,4414.34,0.00,0.00,0.0,BULLISH,0.0,4414.34,4414.34,4414.34,4414.34,17,ACTIVE_17s,1.0,0.0,0.0,0.0,0.0,0.0,0.0,PASS_<20%,0.00,0.0,NO,STANDBY_VEL_LOW,0,0.00,4590.00,78.36,FALSE,M1_DIRECTION_MISMATCH|OPENING_SHIELD_ACTIVE_17s
2026-09-07 16:02:17.869,1788796937.869,10736,36,275,4414.34,4414.42,8.0,PASS_<=10c,+0.0,FLAT,+0.0,+0.0,4.2,+0.00,0.00,SLOW,4414.34,4414.34,4414.34,4414.34,0.00,0.00,0.0,BULLISH,0.0,4414.34,4414.34,4414.34,4414.34,17,ACTIVE_17s,1.0,0.0,0.0,0.0,0.0,0.0,0.0,PASS_<20%,0.00,0.0,NO,STANDBY_VEL_LOW,0,0.00,4590.00,78.36,FALSE,M1_DIRECTION_MISMATCH|OPENING_SHIELD_ACTIVE_17s
2026-09-07 16:02:18.370,1788796938.371,10737,37,276,4414.34,4414.42,8.0,PASS_<=10c,+0.0,FLAT,+0.0,+0.0,4.2,+0.00,0.00,SLOW,4414.34,4414.34,4414.34,4414.34,0.00,0.00,0.0,BULLISH,0.0,4414.34,4414.34,4414.34,4414.34,18,ACTIVE_18s,1.0,0.0,0.0,0.0,0.0,0.0,0.0,PASS_<20%,0.00,0.0,NO,STANDBY_VEL_LOW,0,0.00,4590.00,78.36,FALSE,M1_DIRECTION_MISMATCH|OPENING_SHIELD_ACTIVE_18s
2026-09-07 16:02:18.872,1788796938.873,10738,38,277,4414.34,4414.42,8.0,PASS_<=10c,+0.0,FLAT,+0.0,+0.0,4.2,+0.00,0.00,SLOW,4414.34,4414.34,4414.34,4414.34,0.00,0.00,0.0,BULLISH,0.0,4414.34,4414.34,4414.34,4414.34,18,ACTIVE_18s,1.0,0.0,0.0,0.0,0.0,0.0,0.0,PASS_<20%,0.00,0.0,NO,STANDBY_VEL_LOW,0,0.00,4590.00,78.36,FALSE,M1_DIRECTION_MISMATCH|OPENING_SHIELD_ACTIVE_18s
2026-09-07 16:02:19.374,1788796939.375,10739,39,278,4414.34,4414.42,8.0,PASS_<=10c,+0.0,FLAT,+0.0,+0.0,4.2,+0.00,0.00,SLOW,4414.34,4414.34,4414.34,4414.34,0.00,0.00,0.0,BULLISH,0.0,4414.34,4414.34,4414.34,4414.34,19,ACTIVE_19s,1.0,0.0,0.0,0.0,0.0,0.0,0.0,PASS_<20%,0.00,0.0,NO,STANDBY_VEL_LOW,0,0.00,4590.00,78.36,FALSE,M1_DIRECTION_MISMATCH|OPENING_SHIELD_ACTIVE_19s
2026-09-07 16:02:19.876,1788796939.876,10740,40,279,4414.34,4414.42,8.0,PASS_<=10c,+0.0,FLAT,+0.0,+0.0,4.2,+0.00,0.00,SLOW,4414.34,4414.34,4414.34,4414.34,0.00,0.00,0.0,BULLISH,0.0,4414.34,4414.34,4414.34,4414.34,19,ACTIVE_19s,1.0,0.0,0.0,0.0,0.0,0.0,0.0,PASS_<20%,0.00,0.0,NO,STANDBY_VEL_LOW,0,0.00,4590.00,78.36,FALSE,M1_DIRECTION_MISMATCH|OPENING_SHIELD_ACTIVE_19s
2026-09-07 16:02:20.378,1788796940.378,10741,41,280,4414.34,4414.42,8.0,PASS_<=10c,+0.0,FLAT,+0.0,+0.0,4.2,+0.00,0.00,SLOW,4414.34,4414.34,4414.34,4414.34,0.00,0.00,0.0,BULLISH,0.0,4414.34,4414.34,4414.34,4414.34,20,CLEARED_>=20s,1.0,0.0,0.0,0.0,0.0,0.0,0.0,PASS_<20%,0.00,0.0,NO,STANDBY_VEL_LOW,0,0.00,4590.00,78.36,FALSE,M1_DIRECTION_MISMATCH
2026-09-07 16:02:20.880,1788796940.880,10742,42,281,4414.34,4414.42,8.0,PASS_<=10c,+0.0,FLAT,+0.0,+0.0,4.2,+0.00,0.00,SLOW,4414.34,4414.34,4414.34,4414.34,0.00,0.00,0.0,BULLISH,0.0,4414.34,4414.34,4414.34,4414.34,20,CLEARED_>=20s,1.0,0.0,0.0,0.0,0.0,0.0,0.0,PASS_<20%,0.00,0.0,NO,STANDBY_VEL_LOW,0,0.00,4590.00,78.36,FALSE,M1_DIRECTION_MISMATCH
2026-09-07 16:02:21.381,1788796941.382,10743,43,282,4414.34,4414.42,8.0,PASS_<=10c,+0.0,FLAT,+0.0,+0.0,4.2,+0.00,0.00,SLOW,4414.34,4414.34,4414.34,4414.34,0.00,0.00,0.0,BULLISH,0.0,4414.34,4414.34,4414.34,4414.34,21,CLEARED_>=20s,1.0,0.0,0.0,0.0,0.0,0.0,0.0,PASS_<20%,0.00,0.0,NO,STANDBY_VEL_LOW,0,0.00,4590.00,78.36,FALSE,M1_DIRECTION_MISMATCH
2026-09-07 16:02:21.883,1788796941.884,10744,44,283,4414.34,4414.42,8.0,PASS_<=10c,+0.0,FLAT,+0.0,+0.0,4.2,+0.00,0.00,SLOW,4414.34,4414.34,4414.34,4414.34,0.00,0.00,0.0,BULLISH,0.0,4414.34,4414.34,4414.34,4414.34,21,CLEARED_>=20s,1.0,0.0,0.0,0.0,0.0,0.0,0.0,PASS_<20%,0.00,0.0,NO,STANDBY_VEL_LOW,0,0.00,4590.00,78.36,FALSE,M1_DIRECTION_MISMATCH
2026-09-07 16:02:22.385,1788796942.386,10745,45,284,4414.34,4414.42,8.0,PASS_<=10c,+0.0,FLAT,+0.0,+0.0,4.2,+0.00,0.00,SLOW,4414.34,4414.34,4414.34,4414.34,0.00,0.00,0.0,BULLISH,0.0,4414.34,4414.34,4414.34,4414.34,22,CLEARED_>=20s,1.0,0.0,0.0,0.0,0.0,0.0,0.0,PASS_<20%,0.00,0.0,NO,STANDBY_VEL_LOW,0,0.00,4590.00,78.36,FALSE,M1_DIRECTION_MISMATCH
2026-09-07 16:02:22.887,1788796942.888,10746,46,285,4414.34,4414.42,8.0,PASS_<=10c,+0.0,FLAT,+0.0,+0.0,4.2,+0.00,0.00,SLOW,4414.34,4414.34,4414.34,4414.34,0.00,0.00,0.0,BULLISH,0.0,4414.34,4414.34,4414.34,4414.34,22,CLEARED_>=20s,1.0,0.0,0.0,0.0,0.0,0.0,0.0,PASS_<20%,0.00,0.0,NO,STANDBY_VEL_LOW,0,0.00,4590.00,78.36,FALSE,M1_DIRECTION_MISMATCH
2026-09-07 16:02:23.390,1788796943.390,10747,47,286,4414.34,4414.42,8.0,PASS_<=10c,+0.0,FLAT,+0.0,+0.0,4.2,+0.00,0.00,SLOW,4414.34,4414.34,4414.34,4414.34,0.00,0.00,0.0,BULLISH,0.0,4414.34,4414.34,4414.34,4414.34,23,CLEARED_>=20s,1.0,0.0,0.0,0.0,0.0,0.0,0.0,PASS_<20%,0.00,0.0,NO,STANDBY_VEL_LOW,0,0.00,4590.00,78.36,FALSE,M1_DIRECTION_MISMATCH
2026-09-07 16:02:23.891,1788796943.891,10748,48,287,4414.34,4414.42,8.0,PASS_<=10c,+0.0,FLAT,+0.0,+0.0,4.2,+0.00,0.00,SLOW,4414.34,4414.34,4414.34,4414.34,0.00,0.00,0.0,BULLISH,0.0,4414.34,4414.34,4414.34,4414.34,23,CLEARED_>=20s,1.0,0.0,0.0,0.0,0.0,0.0,0.0,PASS_<20%,0.00,0.0,NO,STANDBY_VEL_LOW,0,0.00,4590.00,78.36,FALSE,M1_DIRECTION_MISMATCH
2026-09-07 16:02:24.392,1788796944.392,10749,49,288,4414.34,4414.42,8.0,PASS_<=10c,+0.0,FLAT,+0.0,+0.0,4.2,+0.00,0.00,SLOW,4414.34,4414.34,4414.34,4414.34,0.00,0.00,0.0,BULLISH,0.0,4414.34,4414.34,4414.34,4414.34,24,CLEARED_>=20s,1.0,0.0,0.0,0.0,0.0,0.0,0.0,PASS_<20%,0.00,0.0,NO,STANDBY_VEL_LOW,0,0.00,4590.00,78.36,FALSE,M1_DIRECTION_MISMATCH
2026-09-07 16:02:24.893,1788796944.894,10750,50,289,4414.34,4414.42,8.0,PASS_<=10c,+0.0,FLAT,+0.0,+0.0,4.2,+0.00,0.00,SLOW,4414.34,4414.34,4414.34,4414.34,0.00,0.00,0.0,BULLISH,0.0,4414.34,4414.34,4414.34,4414.34,24,CLEARED_>=20s,1.0,0.0,0.0,0.0,0.0,0.0,0.0,PASS_<20%,0.00,0.0,NO,STANDBY_VEL_LOW,0,0.00,4590.00,78.36,FALSE,M1_DIRECTION_MISMATCH
2026-09-07 16:02:25.395,1788796945.395,10751,51,290,4414.34,4414.42,8.0,PASS_<=10c,+0.0,FLAT,+0.0,+0.0,4.2,+0.00,0.00,SLOW,4414.34,4414.34,4414.34,4414.34,0.00,0.00,0.0,BULLISH,0.0,4414.34,4414.34,4414.34,4414.34,25,CLEARED_>=20s,1.0,0.0,0.0,0.0,0.0,0.0,0.0,PASS_<20%,0.00,0.0,NO,STANDBY_VEL_LOW,0,0.00,4590.00,78.36,FALSE,M1_DIRECTION_MISMATCH
2026-09-07 16:02:25.896,1788796945.897,10752,52,291,4414.34,4414.42,8.0,PASS_<=10c,+0.0,FLAT,+0.0,+0.0,4.2,+0.00,0.00,SLOW,4414.34,4414.34,4414.34,4414.34,0.00,0.00,0.0,BULLISH,0.0,4414.34,4414.34,4414.34,4414.34,25,CLEARED_>=20s,1.0,0.0,0.0,0.0,0.0,0.0,0.0,PASS_<20%,0.00,0.0,NO,STANDBY_VEL_LOW,0,0.00,4590.00,78.36,FALSE,M1_DIRECTION_MISMATCH
2026-09-07 16:02:26.398,1788796946.398,10753,53,292,4414.34,4414.42,8.0,PASS_<=10c,+0.0,FLAT,+0.0,+0.0,4.2,+0.00,0.00,SLOW,4414.34,4414.34,4414.34,4414.34,0.00,0.00,0.0,BULLISH,0.0,4414.34,4414.34,4414.34,4414.34,26,CLEARED_>=20s,1.0,0.0,0.0,0.0,0.0,0.0,0.0,PASS_<20%,0.00,0.0,NO,STANDBY_VEL_LOW,0,0.00,4590.00,78.36,FALSE,M1_DIRECTION_MISMATCH
2026-09-07 16:02:26.900,1788796946.900,10754,54,293,4414.34,4414.42,8.0,PASS_<=10c,+0.0,FLAT,+0.0,+0.0,4.2,+0.00,0.00,SLOW,4414.34,4414.34,4414.34,4414.34,0.00,0.00,0.0,BULLISH,0.0,4414.34,4414.34,4414.34,4414.34,26,CLEARED_>=20s,1.0,0.0,0.0,0.0,0.0,0.0,0.0,PASS_<20%,0.00,0.0,NO,STANDBY_VEL_LOW,0,0.00,4590.00,78.36,FALSE,M1_DIRECTION_MISMATCH
2026-09-07 16:02:27.401,1788796947.401,10755,55,294,4414.34,4414.42,8.0,PASS_<=10c,+0.0,FLAT,+0.0,+0.0,4.2,+0.00,0.00,SLOW,4414.34,4414.34,4414.34,4414.34,0.00,0.00,0.0,BULLISH,0.0,4414.34,4414.34,4414.34,4414.34,27,CLEARED_>=20s,1.0,0.0,0.0,0.0,0.0,0.0,0.0,PASS_<20%,0.00,0.0,NO,STANDBY_VEL_LOW,0,0.00,4590.00,78.36,FALSE,M1_DIRECTION_MISMATCH
2026-09-07 16:02:27.903,1788796947.903,10756,56,295,4414.34,4414.42,8.0,PASS_<=10c,+0.0,FLAT,+0.0,+0.0,4.2,+0.00,0.00,SLOW,4414.34,4414.34,4414.34,4414.34,0.00,0.00,0.0,BULLISH,0.0,4414.34,4414.34,4414.34,4414.34,27,CLEARED_>=20s,1.0,0.0,0.0,0.0,0.0,0.0,0.0,PASS_<20%,0.00,0.0,NO,STANDBY_VEL_LOW,0,0.00,4590.00,78.36,FALSE,M1_DIRECTION_MISMATCH
2026-09-07 16:02:28.405,1788796948.406,10757,57,296,4414.34,4414.42,8.0,PASS_<=10c,+0.0,FLAT,+0.0,+0.0,4.2,+0.00,0.00,SLOW,4414.34,4414.34,4414.34,4414.34,0.00,0.00,0.0,BULLISH,0.0,4414.34,4414.34,4414.34,4414.34,28,CLEARED_>=20s,1.0,0.0,0.0,0.0,0.0,0.0,0.0,PASS_<20%,0.00,0.0,NO,STANDBY_VEL_LOW,0,0.00,4590.00,78.36,FALSE,M1_DIRECTION_MISMATCH
2026-09-07 16:02:28.907,1788796948.907,10758,58,297,4414.34,4414.42,8.0,PASS_<=10c,+0.0,FLAT,+0.0,+0.0,4.2,+0.00,0.00,SLOW,4414.34,4414.34,4414.34,4414.34,0.00,0.00,0.0,BULLISH,0.0,4414.34,4414.34,4414.34,4414.34,28,CLEARED_>=20s,1.0,0.0,0.0,0.0,0.0,0.0,0.0,PASS_<20%,0.00,0.0,NO,STANDBY_VEL_LOW,0,0.00,4590.00,78.36,FALSE,M1_DIRECTION_MISMATCH
2026-09-07 16:02:29.409,1788796949.409,10759,59,298,4414.34,4414.42,8.0,PASS_<=10c,+0.0,FLAT,+0.0,+0.0,4.2,+0.00,0.00,SLOW,4414.34,4414.34,4414.34,4414.34,0.00,0.00,0.0,BULLISH,0.0,4414.34,4414.34,4414.34,4414.34,29,CLEARED_>=20s,1.0,0.0,0.0,0.0,0.0,0.0,0.0,PASS_<20%,0.00,0.0,NO,STANDBY_VEL_LOW,0,0.00,4590.00,78.36,FALSE,M1_DIRECTION_MISMATCH
2026-09-07 16:02:29.911,1788796949.911,10760,60,299,4414.34,4414.42,8.0,PASS_<=10c,+0.0,FLAT,+0.0,+0.0,4.2,+0.00,0.00,SLOW,4414.34,4414.34,4414.34,4414.34,0.00,0.00,0.0,BULLISH,0.0,4414.34,4414.34,4414.34,4414.34,29,CLEARED_>=20s,1.0,0.0,0.0,0.0,0.0,0.0,0.0,PASS_<20%,0.00,0.0,NO,STANDBY_VEL_LOW,0,0.00,4590.00,78.36,FALSE,M1_DIRECTION_MISMATCH
2026-09-07 16:02:30.412,1788796950.413,10761,61,300,4414.34,4414.42,8.0,PASS_<=10c,+0.0,FLAT,+0.0,+0.0,4.2,+0.00,0.00,SLOW,4414.34,4414.34,4414.34,4414.34,0.00,0.00,0.0,BULLISH,0.0,4414.34,4414.34,4414.34,4414.34,30,CLEARED_>=20s,1.0,0.0,0.0,0.0,0.0,0.0,0.0,PASS_<20%,0.00,0.0,NO,STANDBY_VEL_LOW,0,0.00,4590.00,78.36,FALSE,M1_DIRECTION_MISMATCH
2026-09-07 16:02:30.914,1788796950.914,10762,62,301,4414.34,4414.42,8.0,PASS_<=10c,+0.0,FLAT,+0.0,+0.0,4.2,+0.00,0.00,SLOW,4414.34,4414.34,4414.34,4414.34,0.00,0.00,0.0,BULLISH,0.0,4414.34,4414.34,4414.34,4414.34,30,CLEARED_>=20s,1.0,0.0,0.0,0.0,0.0,0.0,0.0,PASS_<20%,0.00,0.0,NO,STANDBY_VEL_LOW,0,0.00,4590.00,78.36,FALSE,M1_DIRECTION_MISMATCH
2026-09-07 16:02:31.415,1788796951.416,10763,63,302,4414.34,4414.42,8.0,PASS_<=10c,+0.0,FLAT,+0.0,+0.0,4.2,+0.00,0.00,SLOW,4414.34,4414.34,4414.34,4414.34,0.00,0.00,0.0,BULLISH,0.0,4414.34,4414.34,4414.34,4414.34,31,CLEARED_>=20s,1.0,0.0,0.0,0.0,0.0,0.0,0.0,PASS_<20%,0.00,0.0,NO,STANDBY_VEL_LOW,0,0.00,4590.00,78.36,FALSE,M1_DIRECTION_MISMATCH
2026-09-07 16:02:31.917,1788796951.917,10764,64,303,4414.34,4414.42,8.0,PASS_<=10c,+0.0,FLAT,+0.0,+0.0,4.2,+0.00,0.00,SLOW,4414.34,4414.34,4414.34,4414.34,0.00,0.00,0.0,BULLISH,0.0,4414.34,4414.34,4414.34,4414.34,31,CLEARED_>=20s,1.0,0.0,0.0,0.0,0.0,0.0,0.0,PASS_<20%,0.00,0.0,NO,STANDBY_VEL_LOW,0,0.00,4590.00,78.36,FALSE,M1_DIRECTION_MISMATCH
2026-09-07 16:02:32.420,1788796952.420,10765,65,304,4414.34,4414.42,8.0,PASS_<=10c,+0.0,FLAT,+0.0,+0.0,4.2,+0.00,0.00,SLOW,4414.34,4414.34,4414.34,4414.34,0.00,0.00,0.0,BULLISH,0.0,4414.34,4414.34,4414.34,4414.34,32,CLEARED_>=20s,1.0,0.0,0.0,0.0,0.0,0.0,0.0,PASS_<20%,0.00,0.0,NO,STANDBY_VEL_LOW,0,0.00,4590.00,78.36,FALSE,M1_DIRECTION_MISMATCH
2026-09-07 16:02:32.920,1788796952.921,10766,66,305,4414.34,4414.42,8.0,PASS_<=10c,+0.0,FLAT,+0.0,+0.0,4.2,+0.00,0.00,SLOW,4414.34,4414.34,4414.34,4414.34,0.00,0.00,0.0,BULLISH,0.0,4414.34,4414.34,4414.34,4414.34,32,CLEARED_>=20s,1.0,0.0,0.0,0.0,0.0,0.0,0.0,PASS_<20%,0.00,0.0,NO,STANDBY_VEL_LOW,0,0.00,4590.00,78.36,FALSE,M1_DIRECTION_MISMATCH
2026-09-07 16:02:33.422,1788796953.423,10767,67,306,4414.34,4414.42,8.0,PASS_<=10c,+0.0,FLAT,+0.0,+0.0,4.2,+0.00,0.00,SLOW,4414.34,4414.34,4414.34,4414.34,0.00,0.00,0.0,BULLISH,0.0,4414.34,4414.34,4414.34,4414.34,33,CLEARED_>=20s,1.0,0.0,0.0,0.0,0.0,0.0,0.0,PASS_<20%,0.00,0.0,NO,STANDBY_VEL_LOW,0,0.00,4590.00,78.36,FALSE,M1_DIRECTION_MISMATCH
2026-09-07 16:02:33.925,1788796953.925,10768,68,307,4414.34,4414.42,8.0,PASS_<=10c,+0.0,FLAT,+0.0,+0.0,4.2,+0.00,0.00,SLOW,4414.34,4414.34,4414.34,4414.34,0.00,0.00,0.0,BULLISH,0.0,4414.34,4414.34,4414.34,4414.34,33,CLEARED_>=20s,1.0,0.0,0.0,0.0,0.0,0.0,0.0,PASS_<20%,0.00,0.0,NO,STANDBY_VEL_LOW,0,0.00,4590.00,78.36,FALSE,M1_DIRECTION_MISMATCH
2026-09-07 16:02:34.426,1788796954.427,10769,69,308,4414.34,4414.42,8.0,PASS_<=10c,+0.0,FLAT,+0.0,+0.0,4.2,+0.00,0.00,SLOW,4414.34,4414.34,4414.34,4414.34,0.00,0.00,0.0,BULLISH,0.0,4414.34,4414.34,4414.34,4414.34,34,CLEARED_>=20s,1.0,0.0,0.0,0.0,0.0,0.0,0.0,PASS_<20%,0.00,0.0,NO,STANDBY_VEL_LOW,0,0.00,4590.00,78.36,FALSE,M1_DIRECTION_MISMATCH
2026-09-07 16:02:34.929,1788796954.929,10770,70,309,4414.34,4414.42,8.0,PASS_<=10c,+0.0,FLAT,+0.0,+0.0,4.2,+0.00,0.00,SLOW,4414.34,4414.34,4414.34,4414.34,0.00,0.00,0.0,BULLISH,0.0,4414.34,4414.34,4414.34,4414.34,34,CLEARED_>=20s,1.0,0.0,0.0,0.0,0.0,0.0,0.0,PASS_<20%,0.00,0.0,NO,STANDBY_VEL_LOW,0,0.00,4590.00,78.36,FALSE,M1_DIRECTION_MISMATCH
2026-09-07 16:02:35.431,1788796955.431,10771,71,310,4414.34,4414.42,8.0,PASS_<=10c,+0.0,FLAT,+0.0,+0.0,4.2,+0.00,0.00,SLOW,4414.34,4414.34,4414.34,4414.34,0.00,0.00,0.0,BULLISH,0.0,4414.34,4414.34,4414.34,4414.34,35,CLEARED_>=20s,1.0,0.0,0.0,0.0,0.0,0.0,0.0,PASS_<20%,0.00,0.0,NO,STANDBY_VEL_LOW,0,0.00,4590.00,78.36,FALSE,M1_DIRECTION_MISMATCH
2026-09-07 16:02:35.933,1788796955.933,10772,72,311,4414.34,4414.42,8.0,PASS_<=10c,+0.0,FLAT,+0.0,+0.0,4.2,+0.00,0.00,SLOW,4414.34,4414.34,4414.34,4414.34,0.00,0.00,0.0,BULLISH,0.0,4414.34,4414.34,4414.34,4414.34,35,CLEARED_>=20s,1.0,0.0,0.0,0.0,0.0,0.0,0.0,PASS_<20%,0.00,0.0,NO,STANDBY_VEL_LOW,0,0.00,4590.00,78.36,FALSE,M1_DIRECTION_MISMATCH
2026-09-07 16:02:36.434,1788796956.435,10773,73,312,4414.34,4414.42,8.0,PASS_<=10c,+0.0,FLAT,+0.0,+0.0,4.2,+0.00,0.00,SLOW,4414.34,4414.34,4414.34,4414.34,0.00,0.00,0.0,BULLISH,0.0,4414.34,4414.34,4414.34,4414.34,36,CLEARED_>=20s,1.0,0.0,0.0,0.0,0.0,0.0,0.0,PASS_<20%,0.00,0.0,NO,STANDBY_VEL_LOW,0,0.00,4590.00,78.36,FALSE,M1_DIRECTION_MISMATCH
2026-09-07 16:02:36.936,1788796956.936,10774,74,313,4414.34,4414.42,8.0,PASS_<=10c,+0.0,FLAT,+0.0,+0.0,4.2,+0.00,0.00,SLOW,4414.34,4414.34,4414.34,4414.34,0.00,0.00,0.0,BULLISH,0.0,4414.34,4414.34,4414.34,4414.34,36,CLEARED_>=20s,1.0,0.0,0.0,0.0,0.0,0.0,0.0,PASS_<20%,0.00,0.0,NO,STANDBY_VEL_LOW,0,0.00,4590.00,78.36,FALSE,M1_DIRECTION_MISMATCH
2026-09-07 16:02:37.437,1788796957.437,10775,75,314,4414.34,4414.42,8.0,PASS_<=10c,+0.0,FLAT,+0.0,+0.0,4.2,+0.00,0.00,SLOW,4414.34,4414.34,4414.34,4414.34,0.00,0.00,0.0,BULLISH,0.0,4414.34,4414.34,4414.34,4414.34,37,CLEARED_>=20s,1.0,0.0,0.0,0.0,0.0,0.0,0.0,PASS_<20%,0.00,0.0,NO,STANDBY_VEL_LOW,0,0.00,4590.00,78.36,FALSE,M1_DIRECTION_MISMATCH
2026-09-07 16:02:37.939,1788796957.939,10776,76,315,4414.34,4414.42,8.0,PASS_<=10c,+0.0,FLAT,+0.0,+0.0,4.2,+0.00,0.00,SLOW,4414.34,4414.34,4414.34,4414.34,0.00,0.00,0.0,BULLISH,0.0,4414.34,4414.34,4414.34,4414.34,37,CLEARED_>=20s,1.0,0.0,0.0,0.0,0.0,0.0,0.0,PASS_<20%,0.00,0.0,NO,STANDBY_VEL_LOW,0,0.00,4590.00,78.36,FALSE,M1_DIRECTION_MISMATCH
2026-09-07 16:02:38.442,1788796958.442,10777,77,316,4414.34,4414.42,8.0,PASS_<=10c,+0.0,FLAT,+0.0,+0.0,4.2,+0.00,0.00,SLOW,4414.34,4414.34,4414.34,4414.34,0.00,0.00,0.0,BULLISH,0.0,4414.34,4414.34,4414.34,4414.34,38,CLEARED_>=20s,1.0,0.0,0.0,0.0,0.0,0.0,0.0,PASS_<20%,0.00,0.0,NO,STANDBY_VEL_LOW,0,0.00,4590.00,78.36,FALSE,M1_DIRECTION_MISMATCH
2026-09-07 16:02:38.942,1788796958.942,10778,78,317,4414.34,4414.42,8.0,PASS_<=10c,+0.0,FLAT,+0.0,+0.0,4.2,+0.00,0.00,SLOW,4414.34,4414.34,4414.34,4414.34,0.00,0.00,0.0,BULLISH,0.0,4414.34,4414.34,4414.34,4414.34,38,CLEARED_>=20s,1.0,0.0,0.0,0.0,0.0,0.0,0.0,PASS_<20%,0.00,0.0,NO,STANDBY_VEL_LOW,0,0.00,4590.00,78.36,FALSE,M1_DIRECTION_MISMATCH
2026-09-07 16:02:39.444,1788796959.444,10779,79,318,4414.34,4414.42,8.0,PASS_<=10c,+0.0,FLAT,+0.0,+0.0,4.2,+0.00,0.00,SLOW,4414.34,4414.34,4414.34,4414.34,0.00,0.00,0.0,BULLISH,0.0,4414.34,4414.34,4414.34,4414.34,39,CLEARED_>=20s,1.0,0.0,0.0,0.0,0.0,0.0,0.0,PASS_<20%,0.00,0.0,NO,STANDBY_VEL_LOW,0,0.00,4590.00,78.36,FALSE,M1_DIRECTION_MISMATCH
2026-09-07 16:02:39.945,1788796959.945,10780,80,319,4414.34,4414.42,8.0,PASS_<=10c,+0.0,FLAT,+0.0,+0.0,4.2,+0.00,0.00,SLOW,4414.34,4414.34,4414.34,4414.34,0.00,0.00,0.0,BULLISH,0.0,4414.34,4414.34,4414.34,4414.34,39,CLEARED_>=20s,1.0,0.0,0.0,0.0,0.0,0.0,0.0,PASS_<20%,0.00,0.0,NO,STANDBY_VEL_LOW,0,0.00,4590.00,78.36,FALSE,M1_DIRECTION_MISMATCH
2026-09-07 16:02:40.447,1788796960.447,10781,81,320,4414.34,4414.42,8.0,PASS_<=10c,+0.0,FLAT,+0.0,+0.0,4.2,+0.00,0.00,SLOW,4414.34,4414.34,4414.34,4414.34,0.00,0.00,0.0,BULLISH,0.0,4414.34,4414.34,4414.34,4414.34,40,CLEARED_>=20s,1.0,0.0,0.0,0.0,0.0,0.0,0.0,PASS_<20%,0.00,0.0,NO,STANDBY_VEL_LOW,0,0.00,4590.00,78.36,FALSE,M1_DIRECTION_MISMATCH
2026-09-07 16:02:40.948,1788796960.948,10782,82,321,4414.34,4414.42,8.0,PASS_<=10c,+0.0,FLAT,+0.0,+0.0,4.2,+0.00,0.00,SLOW,4414.34,4414.34,4414.34,4414.34,0.00,0.00,0.0,BULLISH,0.0,4414.34,4414.34,4414.34,4414.34,40,CLEARED_>=20s,1.0,0.0,0.0,0.0,0.0,0.0,0.0,PASS_<20%,0.00,0.0,NO,STANDBY_VEL_LOW,0,0.00,4590.00,78.36,FALSE,M1_DIRECTION_MISMATCH
2026-09-07 16:02:41.449,1788796961.450,10783,83,322,4414.34,4414.42,8.0,PASS_<=10c,+0.0,FLAT,+0.0,+0.0,4.2,+0.00,0.00,SLOW,4414.34,4414.34,4414.34,4414.34,0.00,0.00,0.0,BULLISH,0.0,4414.34,4414.34,4414.34,4414.34,41,CLEARED_>=20s,1.0,0.0,0.0,0.0,0.0,0.0,0.0,PASS_<20%,0.00,0.0,NO,STANDBY_VEL_LOW,0,0.00,4590.00,78.36,FALSE,M1_DIRECTION_MISMATCH
2026-09-07 16:02:41.951,1788796961.952,10784,84,323,4414.34,4414.42,8.0,PASS_<=10c,+0.0,FLAT,+0.0,+0.0,4.2,+0.00,0.00,SLOW,4414.34,4414.34,4414.34,4414.34,0.00,0.00,0.0,BULLISH,0.0,4414.34,4414.34,4414.34,4414.34,41,CLEARED_>=20s,1.0,0.0,0.0,0.0,0.0,0.0,0.0,PASS_<20%,0.00,0.0,NO,STANDBY_VEL_LOW,0,0.00,4590.00,78.36,FALSE,M1_DIRECTION_MISMATCH
2026-09-07 16:02:42.453,1788796962.453,10785,85,324,4414.34,4414.42,8.0,PASS_<=10c,+0.0,FLAT,+0.0,+0.0,4.2,+0.00,0.00,SLOW,4414.34,4414.34,4414.34,4414.34,0.00,0.00,0.0,BULLISH,0.0,4414.34,4414.34,4414.34,4414.34,42,CLEARED_>=20s,1.0,0.0,0.0,0.0,0.0,0.0,0.0,PASS_<20%,0.00,0.0,NO,STANDBY_VEL_LOW,0,0.00,4590.00,78.36,FALSE,M1_DIRECTION_MISMATCH
2026-09-07 16:02:42.954,1788796962.955,10786,86,325,4414.34,4414.42,8.0,PASS_<=10c,+0.0,FLAT,+0.0,+0.0,4.2,+0.00,0.00,SLOW,4414.34,4414.34,4414.34,4414.34,0.00,0.00,0.0,BULLISH,0.0,4414.34,4414.34,4414.34,4414.34,42,CLEARED_>=20s,1.0,0.0,0.0,0.0,0.0,0.0,0.0,PASS_<20%,0.00,0.0,NO,STANDBY_VEL_LOW,0,0.00,4590.00,78.36,FALSE,M1_DIRECTION_MISMATCH
2026-09-07 16:02:43.457,1788796963.457,10787,87,326,4414.34,4414.42,8.0,PASS_<=10c,+0.0,FLAT,+0.0,+0.0,4.2,+0.00,0.00,SLOW,4414.34,4414.34,4414.34,4414.34,0.00,0.00,0.0,BULLISH,0.0,4414.34,4414.34,4414.34,4414.34,43,CLEARED_>=20s,1.0,0.0,0.0,0.0,0.0,0.0,0.0,PASS_<20%,0.00,0.0,NO,STANDBY_VEL_LOW,0,0.00,4590.00,78.36,FALSE,M1_DIRECTION_MISMATCH
2026-09-07 16:02:43.958,1788796963.958,10788,88,327,4414.34,4414.42,8.0,PASS_<=10c,+0.0,FLAT,+0.0,+0.0,4.2,+0.00,0.00,SLOW,4414.34,4414.34,4414.34,4414.34,0.00,0.00,0.0,BULLISH,0.0,4414.34,4414.34,4414.34,4414.34,43,CLEARED_>=20s,1.0,0.0,0.0,0.0,0.0,0.0,0.0,PASS_<20%,0.00,0.0,NO,STANDBY_VEL_LOW,0,0.00,4590.00,78.36,FALSE,M1_DIRECTION_MISMATCH
2026-09-07 16:02:44.459,1788796964.460,10789,89,328,4414.34,4414.42,8.0,PASS_<=10c,+0.0,FLAT,+0.0,+0.0,4.2,+0.00,0.00,SLOW,4414.34,4414.34,4414.34,4414.34,0.00,0.00,0.0,BULLISH,0.0,4414.34,4414.34,4414.34,4414.34,44,CLEARED_>=20s,1.0,0.0,0.0,0.0,0.0,0.0,0.0,PASS_<20%,0.00,0.0,NO,STANDBY_VEL_LOW,0,0.00,4590.00,78.36,FALSE,M1_DIRECTION_MISMATCH
2026-09-07 16:02:44.961,1788796964.961,10790,90,329,4414.34,4414.42,8.0,PASS_<=10c,+0.0,FLAT,+0.0,+0.0,4.2,+0.00,0.00,SLOW,4414.34,4414.34,4414.34,4414.34,0.00,0.00,0.0,BULLISH,0.0,4414.34,4414.34,4414.34,4414.34,44,CLEARED_>=20s,1.0,0.0,0.0,0.0,0.0,0.0,0.0,PASS_<20%,0.00,0.0,NO,STANDBY_VEL_LOW,0,0.00,4590.00,78.36,FALSE,M1_DIRECTION_MISMATCH
2026-09-07 16:02:45.462,1788796965.462,10791,91,330,4414.34,4414.42,8.0,PASS_<=10c,+0.0,FLAT,+0.0,+0.0,4.2,+0.00,0.00,SLOW,4414.34,4414.34,4414.34,4414.34,0.00,0.00,0.0,BULLISH,0.0,4414.34,4414.34,4414.34,4414.34,45,CLEARED_>=20s,1.0,0.0,0.0,0.0,0.0,0.0,0.0,PASS_<20%,0.00,0.0,NO,STANDBY_VEL_LOW,0,0.00,4590.00,78.36,FALSE,M1_DIRECTION_MISMATCH
2026-09-07 16:02:45.963,1788796965.964,10792,92,331,4414.34,4414.42,8.0,PASS_<=10c,+0.0,FLAT,+0.0,+0.0,4.2,+0.00,0.00,SLOW,4414.34,4414.34,4414.34,4414.34,0.00,0.00,0.0,BULLISH,0.0,4414.34,4414.34,4414.34,4414.34,45,CLEARED_>=20s,1.0,0.0,0.0,0.0,0.0,0.0,0.0,PASS_<20%,0.00,0.0,NO,STANDBY_VEL_LOW,0,0.00,4590.00,78.36,FALSE,M1_DIRECTION_MISMATCH
2026-09-07 16:02:46.465,1788796966.466,10793,93,332,4414.34,4414.42,8.0,PASS_<=10c,+0.0,FLAT,+0.0,+0.0,4.2,+0.00,0.00,SLOW,4414.34,4414.34,4414.34,4414.34,0.00,0.00,0.0,BULLISH,0.0,4414.34,4414.34,4414.34,4414.34,46,CLEARED_>=20s,1.0,0.0,0.0,0.0,0.0,0.0,0.0,PASS_<20%,0.00,0.0,NO,STANDBY_VEL_LOW,0,0.00,4590.00,78.36,FALSE,M1_DIRECTION_MISMATCH
2026-09-07 16:02:46.966,1788796966.967,10794,94,333,4414.34,4414.42,8.0,PASS_<=10c,+0.0,FLAT,+0.0,+0.0,4.2,+0.00,0.00,SLOW,4414.34,4414.34,4414.34,4414.34,0.00,0.00,0.0,BULLISH,0.0,4414.34,4414.34,4414.34,4414.34,46,CLEARED_>=20s,1.0,0.0,0.0,0.0,0.0,0.0,0.0,PASS_<20%,0.00,0.0,NO,STANDBY_VEL_LOW,0,0.00,4590.00,78.36,FALSE,M1_DIRECTION_MISMATCH
2026-09-07 16:02:47.467,1788796967.468,10795,95,334,4414.34,4414.42,8.0,PASS_<=10c,+0.0,FLAT,+0.0,+0.0,4.2,+0.00,0.00,SLOW,4414.34,4414.34,4414.34,4414.34,0.00,0.00,0.0,BULLISH,0.0,4414.34,4414.34,4414.34,4414.34,47,CLEARED_>=20s,1.0,0.0,0.0,0.0,0.0,0.0,0.0,PASS_<20%,0.00,0.0,NO,STANDBY_VEL_LOW,0,0.00,4590.00,78.36,FALSE,M1_DIRECTION_MISMATCH
2026-09-07 16:02:47.969,1788796967.969,10796,96,335,4414.34,4414.42,8.0,PASS_<=10c,+0.0,FLAT,+0.0,+0.0,4.2,+0.00,0.00,SLOW,4414.34,4414.34,4414.34,4414.34,0.00,0.00,0.0,BULLISH,0.0,4414.34,4414.34,4414.34,4414.34,47,CLEARED_>=20s,1.0,0.0,0.0,0.0,0.0,0.0,0.0,PASS_<20%,0.00,0.0,NO,STANDBY_VEL_LOW,0,0.00,4590.00,78.36,FALSE,M1_DIRECTION_MISMATCH
2026-09-07 16:02:48.470,1788796968.470,10797,97,336,4414.34,4414.42,8.0,PASS_<=10c,+0.0,FLAT,+0.0,+0.0,4.2,+0.00,0.00,SLOW,4414.34,4414.34,4414.34,4414.34,0.00,0.00,0.0,BULLISH,0.0,4414.34,4414.34,4414.34,4414.34,48,CLEARED_>=20s,1.0,0.0,0.0,0.0,0.0,0.0,0.0,PASS_<20%,0.00,0.0,NO,STANDBY_VEL_LOW,0,0.00,4590.00,78.36,FALSE,M1_DIRECTION_MISMATCH
2026-09-07 16:02:48.972,1788796968.972,10798,98,337,4414.34,4414.42,8.0,PASS_<=10c,+0.0,FLAT,+0.0,+0.0,4.2,+0.00,0.00,SLOW,4414.34,4414.34,4414.34,4414.34,0.00,0.00,0.0,BULLISH,0.0,4414.34,4414.34,4414.34,4414.34,48,CLEARED_>=20s,1.0,0.0,0.0,0.0,0.0,0.0,0.0,PASS_<20%,0.00,0.0,NO,STANDBY_VEL_LOW,0,0.00,4590.00,78.36,FALSE,M1_DIRECTION_MISMATCH
2026-09-07 16:02:49.474,1788796969.474,10799,99,338,4414.34,4414.42,8.0,PASS_<=10c,+0.0,FLAT,+0.0,+0.0,4.2,+0.00,0.00,SLOW,4414.34,4414.34,4414.34,4414.34,0.00,0.00,0.0,BULLISH,0.0,4414.34,4414.34,4414.34,4414.34,49,CLEARED_>=20s,1.0,0.0,0.0,0.0,0.0,0.0,0.0,PASS_<20%,0.00,0.0,NO,STANDBY_VEL_LOW,0,0.00,4590.00,78.36,FALSE,M1_DIRECTION_MISMATCH
2026-09-07 16:02:49.979,1788796969.979,10800,100,339,4414.34,4414.42,8.0,PASS_<=10c,+0.0,FLAT,+0.0,+0.0,4.2,+0.00,0.00,SLOW,4414.34,4414.34,4414.34,4414.34,0.00,0.00,0.0,BULLISH,0.0,4414.34,4414.34,4414.34,4414.34,49,CLEARED_>=20s,1.0,0.0,0.0,0.0,0.0,0.0,0.0,PASS_<20%,0.00,0.0,NO,STANDBY_VEL_LOW,0,0.00,4590.00,78.36,FALSE,M1_DIRECTION_MISMATCH
2026-09-07 16:02:50.478,1788796970.478,10801,101,340,4414.34,4414.42,8.0,PASS_<=10c,+0.0,FLAT,+0.0,+0.0,4.2,+0.00,0.00,SLOW,4414.34,4414.34,4414.34,4414.34,0.00,0.00,0.0,BULLISH,0.0,4414.34,4414.34,4414.34,4414.34,50,CLEARED_>=20s,1.0,0.0,0.0,0.0,0.0,0.0,0.0,PASS_<20%,0.00,0.0,NO,STANDBY_VEL_LOW,0,0.00,4590.00,78.36,FALSE,M1_DIRECTION_MISMATCH
2026-09-07 16:02:50.979,1788796970.979,10802,102,341,4414.34,4414.42,8.0,PASS_<=10c,+0.0,FLAT,+0.0,+0.0,4.2,+0.00,0.00,SLOW,4414.34,4414.34,4414.34,4414.34,0.00,0.00,0.0,BULLISH,0.0,4414.34,4414.34,4414.34,4414.34,50,CLEARED_>=20s,1.0,0.0,0.0,0.0,0.0,0.0,0.0,PASS_<20%,0.00,0.0,NO,STANDBY_VEL_LOW,0,0.00,4590.00,78.36,FALSE,M1_DIRECTION_MISMATCH
2026-09-07 16:02:51.481,1788796971.482,10803,103,342,4414.34,4414.42,8.0,PASS_<=10c,+0.0,FLAT,+0.0,+0.0,4.2,+0.00,0.00,SLOW,4414.34,4414.34,4414.34,4414.34,0.00,0.00,0.0,BULLISH,0.0,4414.34,4414.34,4414.34,4414.34,51,CLEARED_>=20s,1.0,0.0,0.0,0.0,0.0,0.0,0.0,PASS_<20%,0.00,0.0,NO,STANDBY_VEL_LOW,0,0.00,4590.00,78.36,FALSE,M1_DIRECTION_MISMATCH
2026-09-07 16:02:51.983,1788796971.984,10804,104,343,4414.34,4414.42,8.0,PASS_<=10c,+0.0,FLAT,+0.0,+0.0,4.2,+0.00,0.00,SLOW,4414.34,4414.34,4414.34,4414.34,0.00,0.00,0.0,BULLISH,0.0,4414.34,4414.34,4414.34,4414.34,51,CLEARED_>=20s,1.0,0.0,0.0,0.0,0.0,0.0,0.0,PASS_<20%,0.00,0.0,NO,STANDBY_VEL_LOW,0,0.00,4590.00,78.36,FALSE,M1_DIRECTION_MISMATCH
2026-09-07 16:02:52.485,1788796972.485,10805,105,344,4414.34,4414.42,8.0,PASS_<=10c,+0.0,FLAT,+0.0,+0.0,4.2,+0.00,0.00,SLOW,4414.34,4414.34,4414.34,4414.34,0.00,0.00,0.0,BULLISH,0.0,4414.34,4414.34,4414.34,4414.34,52,CLEARED_>=20s,1.0,0.0,0.0,0.0,0.0,0.0,0.0,PASS_<20%,0.00,0.0,NO,STANDBY_VEL_LOW,0,0.00,4590.00,78.36,FALSE,M1_DIRECTION_MISMATCH
2026-09-07 16:02:52.986,1788796972.987,10806,106,345,4414.34,4414.42,8.0,PASS_<=10c,+0.0,FLAT,+0.0,+0.0,4.2,+0.00,0.00,SLOW,4414.34,4414.34,4414.34,4414.34,0.00,0.00,0.0,BULLISH,0.0,4414.34,4414.34,4414.34,4414.34,52,CLEARED_>=20s,1.0,0.0,0.0,0.0,0.0,0.0,0.0,PASS_<20%,0.00,0.0,NO,STANDBY_VEL_LOW,0,0.00,4590.00,78.36,FALSE,M1_DIRECTION_MISMATCH
2026-09-07 16:02:53.487,1788796973.488,10807,107,346,4414.34,4414.42,8.0,PASS_<=10c,+0.0,FLAT,+0.0,+0.0,4.2,+0.00,0.00,SLOW,4414.34,4414.34,4414.34,4414.34,0.00,0.00,0.0,BULLISH,0.0,4414.34,4414.34,4414.34,4414.34,53,CLEARED_>=20s,1.0,0.0,0.0,0.0,0.0,0.0,0.0,PASS_<20%,0.00,0.0,NO,STANDBY_VEL_LOW,0,0.00,4590.00,78.36,FALSE,M1_DIRECTION_MISMATCH
2026-09-07 16:02:53.989,1788796973.989,10808,108,347,4414.34,4414.42,8.0,PASS_<=10c,+0.0,FLAT,+0.0,+0.0,4.2,+0.00,0.00,SLOW,4414.34,4414.34,4414.34,4414.34,0.00,0.00,0.0,BULLISH,0.0,4414.34,4414.34,4414.34,4414.34,53,CLEARED_>=20s,1.0,0.0,0.0,0.0,0.0,0.0,0.0,PASS_<20%,0.00,0.0,NO,STANDBY_VEL_LOW,0,0.00,4590.00,78.36,FALSE,M1_DIRECTION_MISMATCH
2026-09-07 16:02:54.490,1788796974.491,10809,109,348,4414.34,4414.42,8.0,PASS_<=10c,+0.0,FLAT,+0.0,+0.0,4.2,+0.00,0.00,SLOW,4414.34,4414.34,4414.34,4414.34,0.00,0.00,0.0,BULLISH,0.0,4414.34,4414.34,4414.34,4414.34,54,CLEARED_>=20s,1.0,0.0,0.0,0.0,0.0,0.0,0.0,PASS_<20%,0.00,0.0,NO,STANDBY_VEL_LOW,0,0.00,4590.00,78.36,FALSE,M1_DIRECTION_MISMATCH
2026-09-07 16:02:54.992,1788796974.993,10810,110,349,4414.34,4414.42,8.0,PASS_<=10c,+0.0,FLAT,+0.0,+0.0,4.2,+0.00,0.00,SLOW,4414.34,4414.34,4414.34,4414.34,0.00,0.00,0.0,BULLISH,0.0,4414.34,4414.34,4414.34,4414.34,54,CLEARED_>=20s,1.0,0.0,0.0,0.0,0.0,0.0,0.0,PASS_<20%,0.00,0.0,NO,STANDBY_VEL_LOW,0,0.00,4590.00,78.36,FALSE,M1_DIRECTION_MISMATCH
2026-09-07 16:02:55.493,1788796975.494,10811,111,350,4414.34,4414.42,8.0,PASS_<=10c,+0.0,FLAT,+0.0,+0.0,4.2,+0.00,0.00,SLOW,4414.34,4414.34,4414.34,4414.34,0.00,0.00,0.0,BULLISH,0.0,4414.34,4414.34,4414.34,4414.34,55,CLEARED_>=20s,1.0,0.0,0.0,0.0,0.0,0.0,0.0,PASS_<20%,0.00,0.0,NO,STANDBY_VEL_LOW,0,0.00,4590.00,78.36,FALSE,M1_DIRECTION_MISMATCH
2026-09-07 16:02:55.996,1788796975.996,10812,112,351,4414.34,4414.42,8.0,PASS_<=10c,+0.0,FLAT,+0.0,+0.0,4.2,+0.00,0.00,SLOW,4414.34,4414.34,4414.34,4414.34,0.00,0.00,0.0,BULLISH,0.0,4414.34,4414.34,4414.34,4414.34,55,CLEARED_>=20s,1.0,0.0,0.0,0.0,0.0,0.0,0.0,PASS_<20%,0.00,0.0,NO,STANDBY_VEL_LOW,0,0.00,4590.00,78.36,FALSE,M1_DIRECTION_MISMATCH
2026-09-07 16:02:56.498,1788796976.498,10813,113,352,4414.34,4414.42,8.0,PASS_<=10c,+0.0,FLAT,+0.0,+0.0,4.2,+0.00,0.00,SLOW,4414.34,4414.34,4414.34,4414.34,0.00,0.00,0.0,BULLISH,0.0,4414.34,4414.34,4414.34,4414.34,56,CLEARED_>=20s,1.0,0.0,0.0,0.0,0.0,0.0,0.0,PASS_<20%,0.00,0.0,NO,STANDBY_VEL_LOW,0,0.00,4590.00,78.36,FALSE,M1_DIRECTION_MISMATCH
2026-09-07 16:02:56.999,1788796977.000,10814,114,353,4414.34,4414.42,8.0,PASS_<=10c,+0.0,FLAT,+0.0,+0.0,4.2,+0.00,0.00,SLOW,4414.34,4414.34,4414.34,4414.34,0.00,0.00,0.0,BULLISH,0.0,4414.34,4414.34,4414.34,4414.34,56,CLEARED_>=20s,1.0,0.0,0.0,0.0,0.0,0.0,0.0,PASS_<20%,0.00,0.0,NO,STANDBY_VEL_LOW,0,0.00,4590.00,78.36,FALSE,M1_DIRECTION_MISMATCH
2026-09-07 16:02:57.500,1788796977.500,10815,115,354,4414.34,4414.42,8.0,PASS_<=10c,+0.0,FLAT,+0.0,+0.0,4.2,+0.00,0.00,SLOW,4414.34,4414.34,4414.34,4414.34,0.00,0.00,0.0,BULLISH,0.0,4414.34,4414.34,4414.34,4414.34,57,CLEARED_>=20s,1.0,0.0,0.0,0.0,0.0,0.0,0.0,PASS_<20%,0.00,0.0,NO,STANDBY_VEL_LOW,0,0.00,4590.00,78.36,FALSE,M1_DIRECTION_MISMATCH
2026-09-07 16:02:58.001,1788796978.002,10816,116,355,4414.34,4414.42,8.0,PASS_<=10c,+0.0,FLAT,+0.0,+0.0,4.2,+0.00,0.00,SLOW,4414.34,4414.34,4414.34,4414.34,0.00,0.00,0.0,BULLISH,0.0,4414.34,4414.34,4414.34,4414.34,58,CLEARED_>=20s,1.0,0.0,0.0,0.0,0.0,0.0,0.0,PASS_<20%,0.00,0.0,NO,STANDBY_VEL_LOW,0,0.00,4590.00,78.36,FALSE,M1_DIRECTION_MISMATCH
2026-09-07 16:02:58.503,1788796978.504,10817,117,356,4414.34,4414.42,8.0,PASS_<=10c,+0.0,FLAT,+0.0,+0.0,4.2,+0.00,0.00,SLOW,4414.34,4414.34,4414.34,4414.34,0.00,0.00,0.0,BULLISH,0.0,4414.34,4414.34,4414.34,4414.34,58,CLEARED_>=20s,1.0,0.0,0.0,0.0,0.0,0.0,0.0,PASS_<20%,0.00,0.0,NO,STANDBY_VEL_LOW,0,0.00,4590.00,78.36,FALSE,M1_DIRECTION_MISMATCH
2026-09-07 16:02:59.005,1788796979.006,10818,118,357,4414.34,4414.42,8.0,PASS_<=10c,+0.0,FLAT,+0.0,+0.0,4.2,+0.00,0.00,SLOW,4414.34,4414.34,4414.34,4414.34,0.00,0.00,0.0,BULLISH,0.0,4414.34,4414.34,4414.34,4414.34,59,CLEARED_>=20s,1.0,0.0,0.0,0.0,0.0,0.0,0.0,PASS_<20%,0.00,0.0,NO,STANDBY_VEL_LOW,0,0.00,4590.00,78.36,FALSE,M1_DIRECTION_MISMATCH
2026-09-07 16:02:59.506,1788796979.507,10819,119,358,4414.34,4414.42,8.0,PASS_<=10c,+0.0,FLAT,+0.0,+0.0,4.2,+0.00,0.00,SLOW,4414.34,4414.34,4414.34,4414.34,0.00,0.00,0.0,BULLISH,0.0,4414.34,4414.34,4414.34,4414.34,59,CLEARED_>=20s,1.0,0.0,0.0,0.0,0.0,0.0,0.0,PASS_<20%,0.00,0.0,NO,STANDBY_VEL_LOW,0,0.00,4590.00,78.36,FALSE,M1_DIRECTION_MISMATCH
2026-09-07 16:03:00.007,1788796980.008,10820,1,359,4414.34,4414.42,8.0,PASS_<=10c,+0.0,FLAT,+0.0,+0.0,4.2,+0.00,0.00,SLOW,4414.34,4414.34,4414.34,4414.34,0.00,0.00,0.0,BULLISH,0.0,4414.34,4414.34,4414.34,4414.34,0,ACTIVE_0s,1.0,0.0,0.0,0.0,0.0,0.0,0.0,PASS_<20%,0.00,0.0,NO,STANDBY_VEL_LOW,0,0.00,4590.00,78.36,FALSE,M1_DIRECTION_MISMATCH|OPENING_SHIELD_ACTIVE_0s
2026-09-07 16:03:00.509,1788796980.509,10821,2,360,4414.34,4414.42,8.0,PASS_<=10c,+0.0,FLAT,+0.0,+0.0,4.2,+0.00,0.00,SLOW,4414.34,4414.34,4414.34,4414.34,0.00,0.00,0.0,BULLISH,0.0,4414.34,4414.34,4414.34,4414.34,0,ACTIVE_0s,1.0,0.0,0.0,0.0,0.0,0.0,0.0,PASS_<20%,0.00,0.0,NO,STANDBY_VEL_LOW,0,0.00,4590.00,78.36,FALSE,M1_DIRECTION_MISMATCH|OPENING_SHIELD_ACTIVE_0s
2026-09-07 16:03:01.010,1788796981.010,10822,3,361,4414.34,4414.42,8.0,PASS_<=10c,+0.0,FLAT,+0.0,+0.0,4.2,+0.00,0.00,SLOW,4414.34,4414.34,4414.34,4414.34,0.00,0.00,0.0,BULLISH,0.0,4414.34,4414.34,4414.34,4414.34,1,ACTIVE_1s,1.0,0.0,0.0,0.0,0.0,0.0,0.0,PASS_<20%,0.00,0.0,NO,STANDBY_VEL_LOW,0,0.00,4590.00,78.36,FALSE,M1_DIRECTION_MISMATCH|OPENING_SHIELD_ACTIVE_1s
2026-09-07 16:03:01.513,1788796981.513,10823,4,362,4414.34,4414.42,8.0,PASS_<=10c,+0.0,FLAT,+0.0,+0.0,4.2,+0.00,0.00,SLOW,4414.34,4414.34,4414.34,4414.34,0.00,0.00,0.0,BULLISH,0.0,4414.34,4414.34,4414.34,4414.34,1,ACTIVE_1s,1.0,0.0,0.0,0.0,0.0,0.0,0.0,PASS_<20%,0.00,0.0,NO,STANDBY_VEL_LOW,0,0.00,4590.00,78.36,FALSE,M1_DIRECTION_MISMATCH|OPENING_SHIELD_ACTIVE_1s
2026-09-07 16:03:02.012,1788796982.013,10824,5,363,4414.34,4414.42,8.0,PASS_<=10c,+0.0,FLAT,+0.0,+0.0,4.2,+0.00,0.00,SLOW,4414.34,4414.34,4414.34,4414.34,0.00,0.00,0.0,BULLISH,0.0,4414.34,4414.34,4414.34,4414.34,2,ACTIVE_2s,1.0,0.0,0.0,0.0,0.0,0.0,0.0,PASS_<20%,0.00,0.0,NO,STANDBY_VEL_LOW,0,0.00,4590.00,78.36,FALSE,M1_DIRECTION_MISMATCH|OPENING_SHIELD_ACTIVE_2s
2026-09-07 16:03:02.514,1788796982.515,10825,6,364,4414.34,4414.42,8.0,PASS_<=10c,+0.0,FLAT,+0.0,+0.0,4.2,+0.00,0.00,SLOW,4414.34,4414.34,4414.34,4414.34,0.00,0.00,0.0,BULLISH,0.0,4414.34,4414.34,4414.34,4414.34,2,ACTIVE_2s,1.0,0.0,0.0,0.0,0.0,0.0,0.0,PASS_<20%,0.00,0.0,NO,STANDBY_VEL_LOW,0,0.00,4590.00,78.36,FALSE,M1_DIRECTION_MISMATCH|OPENING_SHIELD_ACTIVE_2s
2026-09-07 16:03:03.016,1788796983.017,10826,7,365,4414.34,4414.42,8.0,PASS_<=10c,+0.0,FLAT,+0.0,+0.0,4.2,+0.00,0.00,SLOW,4414.34,4414.34,4414.34,4414.34,0.00,0.00,0.0,BULLISH,0.0,4414.34,4414.34,4414.34,4414.34,3,ACTIVE_3s,1.0,0.0,0.0,0.0,0.0,0.0,0.0,PASS_<20%,0.00,0.0,NO,STANDBY_VEL_LOW,0,0.00,4590.00,78.36,FALSE,M1_DIRECTION_MISMATCH|OPENING_SHIELD_ACTIVE_3s
2026-09-07 16:03:03.520,1788796983.520,10827,8,366,4414.34,4414.42,8.0,PASS_<=10c,+0.0,FLAT,+0.0,+0.0,4.2,+0.00,0.00,SLOW,4414.34,4414.34,4414.34,4414.34,0.00,0.00,0.0,BULLISH,0.0,4414.34,4414.34,4414.34,4414.34,3,ACTIVE_3s,1.0,0.0,0.0,0.0,0.0,0.0,0.0,PASS_<20%,0.00,0.0,NO,STANDBY_VEL_LOW,0,0.00,4590.00,78.36,FALSE,M1_DIRECTION_MISMATCH|OPENING_SHIELD_ACTIVE_3s
2026-09-07 16:03:04.020,1788796984.021,10828,9,367,4414.34,4414.42,8.0,PASS_<=10c,+0.0,FLAT,+0.0,+0.0,4.2,+0.00,0.00,SLOW,4414.34,4414.34,4414.34,4414.34,0.00,0.00,0.0,BULLISH,0.0,4414.34,4414.34,4414.34,4414.34,4,ACTIVE_4s,1.0,0.0,0.0,0.0,0.0,0.0,0.0,PASS_<20%,0.00,0.0,NO,STANDBY_VEL_LOW,0,0.00,4590.00,78.36,FALSE,M1_DIRECTION_MISMATCH|OPENING_SHIELD_ACTIVE_4s
2026-09-07 16:03:04.522,1788796984.522,10829,10,368,4414.34,4414.42,8.0,PASS_<=10c,+0.0,FLAT,+0.0,+0.0,4.2,+0.00,0.00,SLOW,4414.34,4414.34,4414.34,4414.34,0.00,0.00,0.0,BULLISH,0.0,4414.34,4414.34,4414.34,4414.34,4,ACTIVE_4s,1.0,0.0,0.0,0.0,0.0,0.0,0.0,PASS_<20%,0.00,0.0,NO,STANDBY_VEL_LOW,0,0.00,4590.00,78.36,FALSE,M1_DIRECTION_MISMATCH|OPENING_SHIELD_ACTIVE_4s
2026-09-07 16:03:05.024,1788796985.025,10830,11,369,4414.34,4414.42,8.0,PASS_<=10c,+0.0,FLAT,+0.0,+0.0,4.2,+0.00,0.00,SLOW,4414.34,4414.34,4414.34,4414.34,0.00,0.00,0.0,BULLISH,0.0,4414.34,4414.34,4414.34,4414.34,5,ACTIVE_5s,1.0,0.0,0.0,0.0,0.0,0.0,0.0,PASS_<20%,0.00,0.0,NO,STANDBY_VEL_LOW,0,0.00,4590.00,78.36,FALSE,M1_DIRECTION_MISMATCH|OPENING_SHIELD_ACTIVE_5s
2026-09-07 16:03:05.526,1788796985.527,10831,12,370,4414.34,4414.42,8.0,PASS_<=10c,+0.0,FLAT,+0.0,+0.0,4.2,+0.00,0.00,SLOW,4414.34,4414.34,4414.34,4414.34,0.00,0.00,0.0,BULLISH,0.0,4414.34,4414.34,4414.34,4414.34,5,ACTIVE_5s,1.0,0.0,0.0,0.0,0.0,0.0,0.0,PASS_<20%,0.00,0.0,NO,STANDBY_VEL_LOW,0,0.00,4590.00,78.36,FALSE,M1_DIRECTION_MISMATCH|OPENING_SHIELD_ACTIVE_5s
2026-09-07 16:03:06.028,1788796986.028,10832,13,371,4414.34,4414.42,8.0,PASS_<=10c,+0.0,FLAT,+0.0,+0.0,4.2,+0.00,0.00,SLOW,4414.34,4414.34,4414.34,4414.34,0.00,0.00,0.0,BULLISH,0.0,4414.34,4414.34,4414.34,4414.34,6,ACTIVE_6s,1.0,0.0,0.0,0.0,0.0,0.0,0.0,PASS_<20%,0.00,0.0,NO,STANDBY_VEL_LOW,0,0.00,4590.00,78.36,FALSE,M1_DIRECTION_MISMATCH|OPENING_SHIELD_ACTIVE_6s
2026-09-07 16:03:06.529,1788796986.530,10833,14,372,4414.34,4414.42,8.0,PASS_<=10c,+0.0,FLAT,+0.0,+0.0,4.2,+0.00,0.00,SLOW,4414.34,4414.34,4414.34,4414.34,0.00,0.00,0.0,BULLISH,0.0,4414.34,4414.34,4414.34,4414.34,6,ACTIVE_6s,1.0,0.0,0.0,0.0,0.0,0.0,0.0,PASS_<20%,0.00,0.0,NO,STANDBY_VEL_LOW,0,0.00,4590.00,78.36,FALSE,M1_DIRECTION_MISMATCH|OPENING_SHIELD_ACTIVE_6s
2026-09-07 16:03:07.031,1788796987.032,10834,15,373,4414.34,4414.42,8.0,PASS_<=10c,+0.0,FLAT,+0.0,+0.0,4.2,+0.00,0.00,SLOW,4414.34,4414.34,4414.34,4414.34,0.00,0.00,0.0,BULLISH,0.0,4414.34,4414.34,4414.34,4414.34,7,ACTIVE_7s,1.0,0.0,0.0,0.0,0.0,0.0,0.0,PASS_<20%,0.00,0.0,NO,STANDBY_VEL_LOW,0,0.00,4590.00,78.36,FALSE,M1_DIRECTION_MISMATCH|OPENING_SHIELD_ACTIVE_7s
2026-09-07 16:03:07.533,1788796987.534,10835,16,374,4414.34,4414.42,8.0,PASS_<=10c,+0.0,FLAT,+0.0,+0.0,4.2,+0.00,0.00,SLOW,4414.34,4414.34,4414.34,4414.34,0.00,0.00,0.0,BULLISH,0.0,4414.34,4414.34,4414.34,4414.34,7,ACTIVE_7s,1.0,0.0,0.0,0.0,0.0,0.0,0.0,PASS_<20%,0.00,0.0,NO,STANDBY_VEL_LOW,0,0.00,4590.00,78.36,FALSE,M1_DIRECTION_MISMATCH|OPENING_SHIELD_ACTIVE_7s
2026-09-07 16:03:08.034,1788796988.035,10836,17,375,4414.34,4414.42,8.0,PASS_<=10c,+0.0,FLAT,+0.0,+0.0,4.2,+0.00,0.00,SLOW,4414.34,4414.34,4414.34,4414.34,0.00,0.00,0.0,BULLISH,0.0,4414.34,4414.34,4414.34,4414.34,8,ACTIVE_8s,1.0,0.0,0.0,0.0,0.0,0.0,0.0,PASS_<20%,0.00,0.0,NO,STANDBY_VEL_LOW,0,0.00,4590.00,78.36,FALSE,M1_DIRECTION_MISMATCH|OPENING_SHIELD_ACTIVE_8s
2026-09-07 16:03:08.536,1788796988.537,10837,18,376,4414.34,4414.42,8.0,PASS_<=10c,+0.0,FLAT,+0.0,+0.0,4.2,+0.00,0.00,SLOW,4414.34,4414.34,4414.34,4414.34,0.00,0.00,0.0,BULLISH,0.0,4414.34,4414.34,4414.34,4414.34,8,ACTIVE_8s,1.0,0.0,0.0,0.0,0.0,0.0,0.0,PASS_<20%,0.00,0.0,NO,STANDBY_VEL_LOW,0,0.00,4590.00,78.36,FALSE,M1_DIRECTION_MISMATCH|OPENING_SHIELD_ACTIVE_8s
2026-09-07 16:03:09.037,1788796989.038,10838,19,377,4414.34,4414.42,8.0,PASS_<=10c,+0.0,FLAT,+0.0,+0.0,4.2,+0.00,0.00,SLOW,4414.34,4414.34,4414.34,4414.34,0.00,0.00,0.0,BULLISH,0.0,4414.34,4414.34,4414.34,4414.34,9,ACTIVE_9s,1.0,0.0,0.0,0.0,0.0,0.0,0.0,PASS_<20%,0.00,0.0,NO,STANDBY_VEL_LOW,0,0.00,4590.00,78.36,FALSE,M1_DIRECTION_MISMATCH|OPENING_SHIELD_ACTIVE_9s
2026-09-07 16:03:09.539,1788796989.540,10839,20,378,4414.34,4414.42,8.0,PASS_<=10c,+0.0,FLAT,+0.0,+0.0,4.2,+0.00,0.00,SLOW,4414.34,4414.34,4414.34,4414.34,0.00,0.00,0.0,BULLISH,0.0,4414.34,4414.34,4414.34,4414.34,9,ACTIVE_9s,1.0,0.0,0.0,0.0,0.0,0.0,0.0,PASS_<20%,0.00,0.0,NO,STANDBY_VEL_LOW,0,0.00,4590.00,78.36,FALSE,M1_DIRECTION_MISMATCH|OPENING_SHIELD_ACTIVE_9s
2026-09-07 16:03:10.041,1788796990.042,10840,21,379,4414.34,4414.42,8.0,PASS_<=10c,+0.0,FLAT,+0.0,+0.0,4.2,+0.00,0.00,SLOW,4414.34,4414.34,4414.34,4414.34,0.00,0.00,0.0,BULLISH,0.0,4414.34,4414.34,4414.34,4414.34,10,ACTIVE_10s,1.0,0.0,0.0,0.0,0.0,0.0,0.0,PASS_<20%,0.00,0.0,NO,STANDBY_VEL_LOW,0,0.00,4590.00,78.36,FALSE,M1_DIRECTION_MISMATCH|OPENING_SHIELD_ACTIVE_10s
2026-09-07 16:03:10.544,1788796990.544,10841,22,380,4414.34,4414.42,8.0,PASS_<=10c,+0.0,FLAT,+0.0,+0.0,4.2,+0.00,0.00,SLOW,4414.34,4414.34,4414.34,4414.34,0.00,0.00,0.0,BULLISH,0.0,4414.34,4414.34,4414.34,4414.34,10,ACTIVE_10s,1.0,0.0,0.0,0.0,0.0,0.0,0.0,PASS_<20%,0.00,0.0,NO,STANDBY_VEL_LOW,0,0.00,4590.00,78.36,FALSE,M1_DIRECTION_MISMATCH|OPENING_SHIELD_ACTIVE_10s
2026-09-07 16:03:11.044,1788796991.045,10842,23,381,4414.34,4414.42,8.0,PASS_<=10c,+0.0,FLAT,+0.0,+0.0,4.2,+0.00,0.00,SLOW,4414.34,4414.34,4414.34,4414.34,0.00,0.00,0.0,BULLISH,0.0,4414.34,4414.34,4414.34,4414.34,11,ACTIVE_11s,1.0,0.0,0.0,0.0,0.0,0.0,0.0,PASS_<20%,0.00,0.0,NO,STANDBY_VEL_LOW,0,0.00,4590.00,78.36,FALSE,M1_DIRECTION_MISMATCH|OPENING_SHIELD_ACTIVE_11s
2026-09-07 16:03:11.546,1788796991.546,10843,24,382,4414.34,4414.42,8.0,PASS_<=10c,+0.0,FLAT,+0.0,+0.0,4.2,+0.00,0.00,SLOW,4414.34,4414.34,4414.34,4414.34,0.00,0.00,0.0,BULLISH,0.0,4414.34,4414.34,4414.34,4414.34,11,ACTIVE_11s,1.0,0.0,0.0,0.0,0.0,0.0,0.0,PASS_<20%,0.00,0.0,NO,STANDBY_VEL_LOW,0,0.00,4590.00,78.36,FALSE,M1_DIRECTION_MISMATCH|OPENING_SHIELD_ACTIVE_11s
2026-09-07 16:03:12.047,1788796992.048,10844,25,383,4414.34,4414.42,8.0,PASS_<=10c,+0.0,FLAT,+0.0,+0.0,4.2,+0.00,0.00,SLOW,4414.34,4414.34,4414.34,4414.34,0.00,0.00,0.0,BULLISH,0.0,4414.34,4414.34,4414.34,4414.34,12,ACTIVE_12s,1.0,0.0,0.0,0.0,0.0,0.0,0.0,PASS_<20%,0.00,0.0,NO,STANDBY_VEL_LOW,0,0.00,4590.00,78.36,FALSE,M1_DIRECTION_MISMATCH|OPENING_SHIELD_ACTIVE_12s
2026-09-07 16:03:12.549,1788796992.550,10845,26,384,4414.34,4414.42,8.0,PASS_<=10c,+0.0,FLAT,+0.0,+0.0,4.2,+0.00,0.00,SLOW,4414.34,4414.34,4414.34,4414.34,0.00,0.00,0.0,BULLISH,0.0,4414.34,4414.34,4414.34,4414.34,12,ACTIVE_12s,1.0,0.0,0.0,0.0,0.0,0.0,0.0,PASS_<20%,0.00,0.0,NO,STANDBY_VEL_LOW,0,0.00,4590.00,78.36,FALSE,M1_DIRECTION_MISMATCH|OPENING_SHIELD_ACTIVE_12s
2026-09-07 16:03:13.050,1788796993.051,10846,27,385,4414.34,4414.42,8.0,PASS_<=10c,+0.0,FLAT,+0.0,+0.0,4.2,+0.00,0.00,SLOW,4414.34,4414.34,4414.34,4414.34,0.00,0.00,0.0,BULLISH,0.0,4414.34,4414.34,4414.34,4414.34,13,ACTIVE_13s,1.0,0.0,0.0,0.0,0.0,0.0,0.0,PASS_<20%,0.00,0.0,NO,STANDBY_VEL_LOW,0,0.00,4590.00,78.36,FALSE,M1_DIRECTION_MISMATCH|OPENING_SHIELD_ACTIVE_13s
2026-09-07 16:03:13.552,1788796993.552,10847,28,386,4414.34,4414.42,8.0,PASS_<=10c,+0.0,FLAT,+0.0,+0.0,4.2,+0.00,0.00,SLOW,4414.34,4414.34,4414.34,4414.34,0.00,0.00,0.0,BULLISH,0.0,4414.34,4414.34,4414.34,4414.34,13,ACTIVE_13s,1.0,0.0,0.0,0.0,0.0,0.0,0.0,PASS_<20%,0.00,0.0,NO,STANDBY_VEL_LOW,0,0.00,4590.00,78.36,FALSE,M1_DIRECTION_MISMATCH|OPENING_SHIELD_ACTIVE_13s
2026-09-07 16:03:14.054,1788796994.055,10848,29,387,4414.34,4414.42,8.0,PASS_<=10c,+0.0,FLAT,+0.0,+0.0,4.2,+0.00,0.00,SLOW,4414.34,4414.34,4414.34,4414.34,0.00,0.00,0.0,BULLISH,0.0,4414.34,4414.34,4414.34,4414.34,14,ACTIVE_14s,1.0,0.0,0.0,0.0,0.0,0.0,0.0,PASS_<20%,0.00,0.0,NO,STANDBY_VEL_LOW,0,0.00,4590.00,78.36,FALSE,M1_DIRECTION_MISMATCH|OPENING_SHIELD_ACTIVE_14s
2026-09-07 16:03:14.556,1788796994.556,10849,30,388,4414.34,4414.42,8.0,PASS_<=10c,+0.0,FLAT,+0.0,+0.0,4.2,+0.00,0.00,SLOW,4414.34,4414.34,4414.34,4414.34,0.00,0.00,0.0,BULLISH,0.0,4414.34,4414.34,4414.34,4414.34,14,ACTIVE_14s,1.0,0.0,0.0,0.0,0.0,0.0,0.0,PASS_<20%,0.00,0.0,NO,STANDBY_VEL_LOW,0,0.00,4590.00,78.36,FALSE,M1_DIRECTION_MISMATCH|OPENING_SHIELD_ACTIVE_14s
2026-09-07 16:03:15.057,1788796995.058,10850,31,389,4414.34,4414.42,8.0,PASS_<=10c,+0.0,FLAT,+0.0,+0.0,4.2,+0.00,0.00,SLOW,4414.34,4414.34,4414.34,4414.34,0.00,0.00,0.0,BULLISH,0.0,4414.34,4414.34,4414.34,4414.34,15,ACTIVE_15s,1.0,0.0,0.0,0.0,0.0,0.0,0.0,PASS_<20%,0.00,0.0,NO,STANDBY_VEL_LOW,0,0.00,4590.00,78.36,FALSE,M1_DIRECTION_MISMATCH|OPENING_SHIELD_ACTIVE_15s
2026-09-07 16:03:15.559,1788796995.560,10851,32,390,4414.34,4414.42,8.0,PASS_<=10c,+0.0,FLAT,+0.0,+0.0,4.2,+0.00,0.00,SLOW,4414.34,4414.34,4414.34,4414.34,0.00,0.00,0.0,BULLISH,0.0,4414.34,4414.34,4414.34,4414.34,15,ACTIVE_15s,1.0,0.0,0.0,0.0,0.0,0.0,0.0,PASS_<20%,0.00,0.0,NO,STANDBY_VEL_LOW,0,0.00,4590.00,78.36,FALSE,M1_DIRECTION_MISMATCH|OPENING_SHIELD_ACTIVE_15s
2026-09-07 16:03:16.061,1788796996.061,10852,33,391,4414.34,4414.42,8.0,PASS_<=10c,+0.0,FLAT,+0.0,+0.0,4.2,+0.00,0.00,SLOW,4414.34,4414.34,4414.34,4414.34,0.00,0.00,0.0,BULLISH,0.0,4414.34,4414.34,4414.34,4414.34,16,ACTIVE_16s,1.0,0.0,0.0,0.0,0.0,0.0,0.0,PASS_<20%,0.00,0.0,NO,STANDBY_VEL_LOW,0,0.00,4590.00,78.36,FALSE,M1_DIRECTION_MISMATCH|OPENING_SHIELD_ACTIVE_16s
2026-09-07 16:03:16.563,1788796996.563,10853,34,392,4414.34,4414.42,8.0,PASS_<=10c,+0.0,FLAT,+0.0,+0.0,4.2,+0.00,0.00,SLOW,4414.34,4414.34,4414.34,4414.34,0.00,0.00,0.0,BULLISH,0.0,4414.34,4414.34,4414.34,4414.34,16,ACTIVE_16s,1.0,0.0,0.0,0.0,0.0,0.0,0.0,PASS_<20%,0.00,0.0,NO,STANDBY_VEL_LOW,0,0.00,4590.00,78.36,FALSE,M1_DIRECTION_MISMATCH|OPENING_SHIELD_ACTIVE_16s
2026-09-07 16:03:17.066,1788796997.066,10854,35,393,4414.34,4414.42,8.0,PASS_<=10c,+0.0,FLAT,+0.0,+0.0,4.2,+0.00,0.00,SLOW,4414.34,4414.34,4414.34,4414.34,0.00,0.00,0.0,BULLISH,0.0,4414.34,4414.34,4414.34,4414.34,17,ACTIVE_17s,1.0,0.0,0.0,0.0,0.0,0.0,0.0,PASS_<20%,0.00,0.0,NO,STANDBY_VEL_LOW,0,0.00,4590.00,78.36,FALSE,M1_DIRECTION_MISMATCH|OPENING_SHIELD_ACTIVE_17s
2026-09-07 16:03:17.567,1788796997.567,10855,36,394,4414.34,4414.42,8.0,PASS_<=10c,+0.0,FLAT,+0.0,+0.0,4.2,+0.00,0.00,SLOW,4414.34,4414.34,4414.34,4414.34,0.00,0.00,0.0,BULLISH,0.0,4414.34,4414.34,4414.34,4414.34,17,ACTIVE_17s,1.0,0.0,0.0,0.0,0.0,0.0,0.0,PASS_<20%,0.00,0.0,NO,STANDBY_VEL_LOW,0,0.00,4590.00,78.36,FALSE,M1_DIRECTION_MISMATCH|OPENING_SHIELD_ACTIVE_17s
2026-09-07 16:03:18.068,1788796998.068,10856,37,395,4414.34,4414.42,8.0,PASS_<=10c,+0.0,FLAT,+0.0,+0.0,4.2,+0.00,0.00,SLOW,4414.34,4414.34,4414.34,4414.34,0.00,0.00,0.0,BULLISH,0.0,4414.34,4414.34,4414.34,4414.34,18,ACTIVE_18s,1.0,0.0,0.0,0.0,0.0,0.0,0.0,PASS_<20%,0.00,0.0,NO,STANDBY_VEL_LOW,0,0.00,4590.00,78.36,FALSE,M1_DIRECTION_MISMATCH|OPENING_SHIELD_ACTIVE_18s
2026-09-07 16:03:18.568,1788796998.569,10857,38,396,4414.34,4414.42,8.0,PASS_<=10c,+0.0,FLAT,+0.0,+0.0,4.2,+0.00,0.00,SLOW,4414.34,4414.34,4414.34,4414.34,0.00,0.00,0.0,BULLISH,0.0,4414.34,4414.34,4414.34,4414.34,18,ACTIVE_18s,1.0,0.0,0.0,0.0,0.0,0.0,0.0,PASS_<20%,0.00,0.0,NO,STANDBY_VEL_LOW,0,0.00,4590.00,78.36,FALSE,M1_DIRECTION_MISMATCH|OPENING_SHIELD_ACTIVE_18s
2026-09-07 16:03:19.071,1788796999.072,10858,39,397,4414.34,4414.42,8.0,PASS_<=10c,+0.0,FLAT,+0.0,+0.0,4.2,+0.00,0.00,SLOW,4414.34,4414.34,4414.34,4414.34,0.00,0.00,0.0,BULLISH,0.0,4414.34,4414.34,4414.34,4414.34,19,ACTIVE_19s,1.0,0.0,0.0,0.0,0.0,0.0,0.0,PASS_<20%,0.00,0.0,NO,STANDBY_VEL_LOW,0,0.00,4590.00,78.36,FALSE,M1_DIRECTION_MISMATCH|OPENING_SHIELD_ACTIVE_19s
2026-09-07 16:03:19.574,1788796999.574,10859,40,398,4414.34,4414.42,8.0,PASS_<=10c,+0.0,FLAT,+0.0,+0.0,4.2,+0.00,0.00,SLOW,4414.34,4414.34,4414.34,4414.34,0.00,0.00,0.0,BULLISH,0.0,4414.34,4414.34,4414.34,4414.34,19,ACTIVE_19s,1.0,0.0,0.0,0.0,0.0,0.0,0.0,PASS_<20%,0.00,0.0,NO,STANDBY_VEL_LOW,0,0.00,4590.00,78.36,FALSE,M1_DIRECTION_MISMATCH|OPENING_SHIELD_ACTIVE_19s
2026-09-07 16:03:20.074,1788797000.075,10860,41,399,4414.34,4414.42,8.0,PASS_<=10c,+0.0,FLAT,+0.0,+0.0,4.2,+0.00,0.00,SLOW,4414.34,4414.34,4414.34,4414.34,0.00,0.00,0.0,BULLISH,0.0,4414.34,4414.34,4414.34,4414.34,20,CLEARED_>=20s,1.0,0.0,0.0,0.0,0.0,0.0,0.0,PASS_<20%,0.00,0.0,NO,STANDBY_VEL_LOW,0,0.00,4590.00,78.36,FALSE,M1_DIRECTION_MISMATCH
2026-09-07 16:03:20.577,1788797000.578,10861,42,400,4414.34,4414.42,8.0,PASS_<=10c,+0.0,FLAT,+0.0,+0.0,4.2,+0.00,0.00,SLOW,4414.34,4414.34,4414.34,4414.34,0.00,0.00,0.0,BULLISH,0.0,4414.34,4414.34,4414.34,4414.34,20,CLEARED_>=20s,1.0,0.0,0.0,0.0,0.0,0.0,0.0,PASS_<20%,0.00,0.0,NO,STANDBY_VEL_LOW,0,0.00,4590.00,78.36,FALSE,M1_DIRECTION_MISMATCH
2026-09-07 16:03:21.078,1788797001.078,10862,43,401,4414.34,4414.42,8.0,PASS_<=10c,+0.0,FLAT,+0.0,+0.0,4.2,+0.00,0.00,SLOW,4414.34,4414.34,4414.34,4414.34,0.00,0.00,0.0,BULLISH,0.0,4414.34,4414.34,4414.34,4414.34,21,CLEARED_>=20s,1.0,0.0,0.0,0.0,0.0,0.0,0.0,PASS_<20%,0.00,0.0,NO,STANDBY_VEL_LOW,0,0.00,4590.00,78.36,FALSE,M1_DIRECTION_MISMATCH
2026-09-07 16:03:21.580,1788797001.580,10863,44,402,4414.34,4414.42,8.0,PASS_<=10c,+0.0,FLAT,+0.0,+0.0,4.2,+0.00,0.00,SLOW,4414.34,4414.34,4414.34,4414.34,0.00,0.00,0.0,BULLISH,0.0,4414.34,4414.34,4414.34,4414.34,21,CLEARED_>=20s,1.0,0.0,0.0,0.0,0.0,0.0,0.0,PASS_<20%,0.00,0.0,NO,STANDBY_VEL_LOW,0,0.00,4590.00,78.36,FALSE,M1_DIRECTION_MISMATCH
2026-09-07 16:03:22.081,1788797002.081,10864,45,403,4414.34,4414.42,8.0,PASS_<=10c,+0.0,FLAT,+0.0,+0.0,4.2,+0.00,0.00,SLOW,4414.34,4414.34,4414.34,4414.34,0.00,0.00,0.0,BULLISH,0.0,4414.34,4414.34,4414.34,4414.34,22,CLEARED_>=20s,1.0,0.0,0.0,0.0,0.0,0.0,0.0,PASS_<20%,0.00,0.0,NO,STANDBY_VEL_LOW,0,0.00,4590.00,78.36,FALSE,M1_DIRECTION_MISMATCH
2026-09-07 16:03:22.583,1788797002.584,10865,46,404,4414.34,4414.42,8.0,PASS_<=10c,+0.0,FLAT,+0.0,+0.0,4.2,+0.00,0.00,SLOW,4414.34,4414.34,4414.34,4414.34,0.00,0.00,0.0,BULLISH,0.0,4414.34,4414.34,4414.34,4414.34,22,CLEARED_>=20s,1.0,0.0,0.0,0.0,0.0,0.0,0.0,PASS_<20%,0.00,0.0,NO,STANDBY_VEL_LOW,0,0.00,4590.00,78.36,FALSE,M1_DIRECTION_MISMATCH
2026-09-07 16:03:23.084,1788797003.085,10866,47,405,4414.34,4414.42,8.0,PASS_<=10c,+0.0,FLAT,+0.0,+0.0,4.2,+0.00,0.00,SLOW,4414.34,4414.34,4414.34,4414.34,0.00,0.00,0.0,BULLISH,0.0,4414.34,4414.34,4414.34,4414.34,23,CLEARED_>=20s,1.0,0.0,0.0,0.0,0.0,0.0,0.0,PASS_<20%,0.00,0.0,NO,STANDBY_VEL_LOW,0,0.00,4590.00,78.36,FALSE,M1_DIRECTION_MISMATCH
2026-09-07 16:03:23.586,1788797003.587,10867,48,406,4414.34,4414.42,8.0,PASS_<=10c,+0.0,FLAT,+0.0,+0.0,4.2,+0.00,0.00,SLOW,4414.34,4414.34,4414.34,4414.34,0.00,0.00,0.0,BULLISH,0.0,4414.34,4414.34,4414.34,4414.34,23,CLEARED_>=20s,1.0,0.0,0.0,0.0,0.0,0.0,0.0,PASS_<20%,0.00,0.0,NO,STANDBY_VEL_LOW,0,0.00,4590.00,78.36,FALSE,M1_DIRECTION_MISMATCH
2026-09-07 16:03:24.088,1788797004.088,10868,49,407,4414.34,4414.42,8.0,PASS_<=10c,+0.0,FLAT,+0.0,+0.0,4.2,+0.00,0.00,SLOW,4414.34,4414.34,4414.34,4414.34,0.00,0.00,0.0,BULLISH,0.0,4414.34,4414.34,4414.34,4414.34,24,CLEARED_>=20s,1.0,0.0,0.0,0.0,0.0,0.0,0.0,PASS_<20%,0.00,0.0,NO,STANDBY_VEL_LOW,0,0.00,4590.00,78.36,FALSE,M1_DIRECTION_MISMATCH
2026-09-07 16:03:24.589,1788797004.590,10869,50,408,4414.34,4414.42,8.0,PASS_<=10c,+0.0,FLAT,+0.0,+0.0,4.2,+0.00,0.00,SLOW,4414.34,4414.34,4414.34,4414.34,0.00,0.00,0.0,BULLISH,0.0,4414.34,4414.34,4414.34,4414.34,24,CLEARED_>=20s,1.0,0.0,0.0,0.0,0.0,0.0,0.0,PASS_<20%,0.00,0.0,NO,STANDBY_VEL_LOW,0,0.00,4590.00,78.36,FALSE,M1_DIRECTION_MISMATCH
2026-09-07 16:03:25.091,1788797005.092,10870,51,409,4414.34,4414.42,8.0,PASS_<=10c,+0.0,FLAT,+0.0,+0.0,4.2,+0.00,0.00,SLOW,4414.34,4414.34,4414.34,4414.34,0.00,0.00,0.0,BULLISH,0.0,4414.34,4414.34,4414.34,4414.34,25,CLEARED_>=20s,1.0,0.0,0.0,0.0,0.0,0.0,0.0,PASS_<20%,0.00,0.0,NO,STANDBY_VEL_LOW,0,0.00,4590.00,78.36,FALSE,M1_DIRECTION_MISMATCH
2026-09-07 16:03:25.594,1788797005.595,10871,52,410,4414.34,4414.42,8.0,PASS_<=10c,+0.0,FLAT,+0.0,+0.0,4.2,+0.00,0.00,SLOW,4414.34,4414.34,4414.34,4414.34,0.00,0.00,0.0,BULLISH,0.0,4414.34,4414.34,4414.34,4414.34,25,CLEARED_>=20s,1.0,0.0,0.0,0.0,0.0,0.0,0.0,PASS_<20%,0.00,0.0,NO,STANDBY_VEL_LOW,0,0.00,4590.00,78.36,FALSE,M1_DIRECTION_MISMATCH
2026-09-07 16:03:26.096,1788797006.097,10872,53,411,4414.34,4414.42,8.0,PASS_<=10c,+0.0,FLAT,+0.0,+0.0,4.2,+0.00,0.00,SLOW,4414.34,4414.34,4414.34,4414.34,0.00,0.00,0.0,BULLISH,0.0,4414.34,4414.34,4414.34,4414.34,26,CLEARED_>=20s,1.0,0.0,0.0,0.0,0.0,0.0,0.0,PASS_<20%,0.00,0.0,NO,STANDBY_VEL_LOW,0,0.00,4590.00,78.36,FALSE,M1_DIRECTION_MISMATCH
2026-09-07 16:03:26.598,1788797006.599,10873,54,412,4414.34,4414.42,8.0,PASS_<=10c,+0.0,FLAT,+0.0,+0.0,4.2,+0.00,0.00,SLOW,4414.34,4414.34,4414.34,4414.34,0.00,0.00,0.0,BULLISH,0.0,4414.34,4414.34,4414.34,4414.34,26,CLEARED_>=20s,1.0,0.0,0.0,0.0,0.0,0.0,0.0,PASS_<20%,0.00,0.0,NO,STANDBY_VEL_LOW,0,0.00,4590.00,78.36,FALSE,M1_DIRECTION_MISMATCH
2026-09-07 16:03:27.100,1788797007.100,10874,55,413,4414.34,4414.42,8.0,PASS_<=10c,+0.0,FLAT,+0.0,+0.0,4.2,+0.00,0.00,SLOW,4414.34,4414.34,4414.34,4414.34,0.00,0.00,0.0,BULLISH,0.0,4414.34,4414.34,4414.34,4414.34,27,CLEARED_>=20s,1.0,0.0,0.0,0.0,0.0,0.0,0.0,PASS_<20%,0.00,0.0,NO,STANDBY_VEL_LOW,0,0.00,4590.00,78.36,FALSE,M1_DIRECTION_MISMATCH
2026-09-07 16:03:27.601,1788797007.602,10875,56,414,4414.34,4414.42,8.0,PASS_<=10c,+0.0,FLAT,+0.0,+0.0,4.2,+0.00,0.00,SLOW,4414.34,4414.34,4414.34,4414.34,0.00,0.00,0.0,BULLISH,0.0,4414.34,4414.34,4414.34,4414.34,27,CLEARED_>=20s,1.0,0.0,0.0,0.0,0.0,0.0,0.0,PASS_<20%,0.00,0.0,NO,STANDBY_VEL_LOW,0,0.00,4590.00,78.36,FALSE,M1_DIRECTION_MISMATCH
2026-09-07 16:03:28.103,1788797008.103,10876,57,415,4414.34,4414.42,8.0,PASS_<=10c,+0.0,FLAT,+0.0,+0.0,4.2,+0.00,0.00,SLOW,4414.34,4414.34,4414.34,4414.34,0.00,0.00,0.0,BULLISH,0.0,4414.34,4414.34,4414.34,4414.34,28,CLEARED_>=20s,1.0,0.0,0.0,0.0,0.0,0.0,0.0,PASS_<20%,0.00,0.0,NO,STANDBY_VEL_LOW,0,0.00,4590.00,78.36,FALSE,M1_DIRECTION_MISMATCH
2026-09-07 16:03:28.604,1788797008.605,10877,58,416,4414.34,4414.42,8.0,PASS_<=10c,+0.0,FLAT,+0.0,+0.0,4.2,+0.00,0.00,SLOW,4414.34,4414.34,4414.34,4414.34,0.00,0.00,0.0,BULLISH,0.0,4414.34,4414.34,4414.34,4414.34,28,CLEARED_>=20s,1.0,0.0,0.0,0.0,0.0,0.0,0.0,PASS_<20%,0.00,0.0,NO,STANDBY_VEL_LOW,0,0.00,4590.00,78.36,FALSE,M1_DIRECTION_MISMATCH
2026-09-07 16:03:29.105,1788797009.106,10878,59,417,4414.34,4414.42,8.0,PASS_<=10c,+0.0,FLAT,+0.0,+0.0,4.2,+0.00,0.00,SLOW,4414.34,4414.34,4414.34,4414.34,0.00,0.00,0.0,BULLISH,0.0,4414.34,4414.34,4414.34,4414.34,29,CLEARED_>=20s,1.0,0.0,0.0,0.0,0.0,0.0,0.0,PASS_<20%,0.00,0.0,NO,STANDBY_VEL_LOW,0,0.00,4590.00,78.36,FALSE,M1_DIRECTION_MISMATCH
2026-09-07 16:03:29.608,1788797009.608,10879,60,418,4414.34,4414.42,8.0,PASS_<=10c,+0.0,FLAT,+0.0,+0.0,4.2,+0.00,0.00,SLOW,4414.34,4414.34,4414.34,4414.34,0.00,0.00,0.0,BULLISH,0.0,4414.34,4414.34,4414.34,4414.34,29,CLEARED_>=20s,1.0,0.0,0.0,0.0,0.0,0.0,0.0,PASS_<20%,0.00,0.0,NO,STANDBY_VEL_LOW,0,0.00,4590.00,78.36,FALSE,M1_DIRECTION_MISMATCH
2026-09-07 16:03:30.109,1788797010.109,10880,61,419,4414.34,4414.42,8.0,PASS_<=10c,+0.0,FLAT,+0.0,+0.0,4.2,+0.00,0.00,SLOW,4414.34,4414.34,4414.34,4414.34,0.00,0.00,0.0,BULLISH,0.0,4414.34,4414.34,4414.34,4414.34,30,CLEARED_>=20s,1.0,0.0,0.0,0.0,0.0,0.0,0.0,PASS_<20%,0.00,0.0,NO,STANDBY_VEL_LOW,0,0.00,4590.00,78.36,FALSE,M1_DIRECTION_MISMATCH
2026-09-07 16:03:30.610,1788797010.611,10881,62,420,4414.34,4414.42,8.0,PASS_<=10c,+0.0,FLAT,+0.0,+0.0,4.2,+0.00,0.00,SLOW,4414.34,4414.34,4414.34,4414.34,0.00,0.00,0.0,BULLISH,0.0,4414.34,4414.34,4414.34,4414.34,30,CLEARED_>=20s,1.0,0.0,0.0,0.0,0.0,0.0,0.0,PASS_<20%,0.00,0.0,NO,STANDBY_VEL_LOW,0,0.00,4590.00,78.36,FALSE,M1_DIRECTION_MISMATCH
2026-09-07 16:03:31.111,1788797011.112,10882,63,421,4414.34,4414.42,8.0,PASS_<=10c,+0.0,FLAT,+0.0,+0.0,4.2,+0.00,0.00,SLOW,4414.34,4414.34,4414.34,4414.34,0.00,0.00,0.0,BULLISH,0.0,4414.34,4414.34,4414.34,4414.34,31,CLEARED_>=20s,1.0,0.0,0.0,0.0,0.0,0.0,0.0,PASS_<20%,0.00,0.0,NO,STANDBY_VEL_LOW,0,0.00,4590.00,78.36,FALSE,M1_DIRECTION_MISMATCH
2026-09-07 16:03:31.612,1788797011.612,10883,64,422,4414.34,4414.42,8.0,PASS_<=10c,+0.0,FLAT,+0.0,+0.0,4.2,+0.00,0.00,SLOW,4414.34,4414.34,4414.34,4414.34,0.00,0.00,0.0,BULLISH,0.0,4414.34,4414.34,4414.34,4414.34,31,CLEARED_>=20s,1.0,0.0,0.0,0.0,0.0,0.0,0.0,PASS_<20%,0.00,0.0,NO,STANDBY_VEL_LOW,0,0.00,4590.00,78.36,FALSE,M1_DIRECTION_MISMATCH
2026-09-07 16:03:32.113,1788797012.114,10884,65,423,4414.34,4414.42,8.0,PASS_<=10c,+0.0,FLAT,+0.0,+0.0,4.2,+0.00,0.00,SLOW,4414.34,4414.34,4414.34,4414.34,0.00,0.00,0.0,BULLISH,0.0,4414.34,4414.34,4414.34,4414.34,32,CLEARED_>=20s,1.0,0.0,0.0,0.0,0.0,0.0,0.0,PASS_<20%,0.00,0.0,NO,STANDBY_VEL_LOW,0,0.00,4590.00,78.36,FALSE,M1_DIRECTION_MISMATCH
2026-09-07 16:03:32.615,1788797012.615,10885,66,424,4414.34,4414.42,8.0,PASS_<=10c,+0.0,FLAT,+0.0,+0.0,4.2,+0.00,0.00,SLOW,4414.34,4414.34,4414.34,4414.34,0.00,0.00,0.0,BULLISH,0.0,4414.34,4414.34,4414.34,4414.34,32,CLEARED_>=20s,1.0,0.0,0.0,0.0,0.0,0.0,0.0,PASS_<20%,0.00,0.0,NO,STANDBY_VEL_LOW,0,0.00,4590.00,78.36,FALSE,M1_DIRECTION_MISMATCH
2026-09-07 16:03:33.117,1788797013.118,10886,67,425,4414.34,4414.42,8.0,PASS_<=10c,+0.0,FLAT,+0.0,+0.0,4.2,+0.00,0.00,SLOW,4414.34,4414.34,4414.34,4414.34,0.00,0.00,0.0,BULLISH,0.0,4414.34,4414.34,4414.34,4414.34,33,CLEARED_>=20s,1.0,0.0,0.0,0.0,0.0,0.0,0.0,PASS_<20%,0.00,0.0,NO,STANDBY_VEL_LOW,0,0.00,4590.00,78.36,FALSE,M1_DIRECTION_MISMATCH
2026-09-07 16:03:33.619,1788797013.619,10887,68,426,4414.34,4414.42,8.0,PASS_<=10c,+0.0,FLAT,+0.0,+0.0,4.2,+0.00,0.00,SLOW,4414.34,4414.34,4414.34,4414.34,0.00,0.00,0.0,BULLISH,0.0,4414.34,4414.34,4414.34,4414.34,33,CLEARED_>=20s,1.0,0.0,0.0,0.0,0.0,0.0,0.0,PASS_<20%,0.00,0.0,NO,STANDBY_VEL_LOW,0,0.00,4590.00,78.36,FALSE,M1_DIRECTION_MISMATCH
2026-09-07 16:03:34.122,1788797014.122,10888,69,427,4414.34,4414.42,8.0,PASS_<=10c,+0.0,FLAT,+0.0,+0.0,4.2,+0.00,0.00,SLOW,4414.34,4414.34,4414.34,4414.34,0.00,0.00,0.0,BULLISH,0.0,4414.34,4414.34,4414.34,4414.34,34,CLEARED_>=20s,1.0,0.0,0.0,0.0,0.0,0.0,0.0,PASS_<20%,0.00,0.0,NO,STANDBY_VEL_LOW,0,0.00,4590.00,78.36,FALSE,M1_DIRECTION_MISMATCH
2026-09-07 16:03:34.623,1788797014.624,10889,70,428,4414.34,4414.42,8.0,PASS_<=10c,+0.0,FLAT,+0.0,+0.0,4.2,+0.00,0.00,SLOW,4414.34,4414.34,4414.34,4414.34,0.00,0.00,0.0,BULLISH,0.0,4414.34,4414.34,4414.34,4414.34,34,CLEARED_>=20s,1.0,0.0,0.0,0.0,0.0,0.0,0.0,PASS_<20%,0.00,0.0,NO,STANDBY_VEL_LOW,0,0.00,4590.00,78.36,FALSE,M1_DIRECTION_MISMATCH
2026-09-07 16:03:35.125,1788797015.125,10890,71,429,4414.34,4414.42,8.0,PASS_<=10c,+0.0,FLAT,+0.0,+0.0,4.2,+0.00,0.00,SLOW,4414.34,4414.34,4414.34,4414.34,0.00,0.00,0.0,BULLISH,0.0,4414.34,4414.34,4414.34,4414.34,35,CLEARED_>=20s,1.0,0.0,0.0,0.0,0.0,0.0,0.0,PASS_<20%,0.00,0.0,NO,STANDBY_VEL_LOW,0,0.00,4590.00,78.36,FALSE,M1_DIRECTION_MISMATCH
2026-09-07 16:03:35.627,1788797015.627,10891,72,430,4414.34,4414.42,8.0,PASS_<=10c,+0.0,FLAT,+0.0,+0.0,4.2,+0.00,0.00,SLOW,4414.34,4414.34,4414.34,4414.34,0.00,0.00,0.0,BULLISH,0.0,4414.34,4414.34,4414.34,4414.34,35,CLEARED_>=20s,1.0,0.0,0.0,0.0,0.0,0.0,0.0,PASS_<20%,0.00,0.0,NO,STANDBY_VEL_LOW,0,0.00,4590.00,78.36,FALSE,M1_DIRECTION_MISMATCH
2026-09-07 16:03:36.128,1788797016.129,10892,73,431,4414.34,4414.42,8.0,PASS_<=10c,+0.0,FLAT,+0.0,+0.0,4.2,+0.00,0.00,SLOW,4414.34,4414.34,4414.34,4414.34,0.00,0.00,0.0,BULLISH,0.0,4414.34,4414.34,4414.34,4414.34,36,CLEARED_>=20s,1.0,0.0,0.0,0.0,0.0,0.0,0.0,PASS_<20%,0.00,0.0,NO,STANDBY_VEL_LOW,0,0.00,4590.00,78.36,FALSE,M1_DIRECTION_MISMATCH
2026-09-07 16:03:36.630,1788797016.630,10893,74,432,4414.34,4414.42,8.0,PASS_<=10c,+0.0,FLAT,+0.0,+0.0,4.2,+0.00,0.00,SLOW,4414.34,4414.34,4414.34,4414.34,0.00,0.00,0.0,BULLISH,0.0,4414.34,4414.34,4414.34,4414.34,36,CLEARED_>=20s,1.0,0.0,0.0,0.0,0.0,0.0,0.0,PASS_<20%,0.00,0.0,NO,STANDBY_VEL_LOW,0,0.00,4590.00,78.36,FALSE,M1_DIRECTION_MISMATCH
2026-09-07 16:03:37.131,1788797017.132,10894,75,433,4414.34,4414.42,8.0,PASS_<=10c,+0.0,FLAT,+0.0,+0.0,4.2,+0.00,0.00,SLOW,4414.34,4414.34,4414.34,4414.34,0.00,0.00,0.0,BULLISH,0.0,4414.34,4414.34,4414.34,4414.34,37,CLEARED_>=20s,1.0,0.0,0.0,0.0,0.0,0.0,0.0,PASS_<20%,0.00,0.0,NO,STANDBY_VEL_LOW,0,0.00,4590.00,78.36,FALSE,M1_DIRECTION_MISMATCH
2026-09-07 16:03:37.634,1788797017.634,10895,76,434,4414.34,4414.42,8.0,PASS_<=10c,+0.0,FLAT,+0.0,+0.0,4.2,+0.00,0.00,SLOW,4414.34,4414.34,4414.34,4414.34,0.00,0.00,0.0,BULLISH,0.0,4414.34,4414.34,4414.34,4414.34,37,CLEARED_>=20s,1.0,0.0,0.0,0.0,0.0,0.0,0.0,PASS_<20%,0.00,0.0,NO,STANDBY_VEL_LOW,0,0.00,4590.00,78.36,FALSE,M1_DIRECTION_MISMATCH
2026-09-07 16:03:38.135,1788797018.136,10896,77,435,4414.34,4414.42,8.0,PASS_<=10c,+0.0,FLAT,+0.0,+0.0,4.2,+0.00,0.00,SLOW,4414.34,4414.34,4414.34,4414.34,0.00,0.00,0.0,BULLISH,0.0,4414.34,4414.34,4414.34,4414.34,38,CLEARED_>=20s,1.0,0.0,0.0,0.0,0.0,0.0,0.0,PASS_<20%,0.00,0.0,NO,STANDBY_VEL_LOW,0,0.00,4590.00,78.36,FALSE,M1_DIRECTION_MISMATCH
2026-09-07 16:03:38.636,1788797018.637,10897,78,436,4414.34,4414.42,8.0,PASS_<=10c,+0.0,FLAT,+0.0,+0.0,4.2,+0.00,0.00,SLOW,4414.34,4414.34,4414.34,4414.34,0.00,0.00,0.0,BULLISH,0.0,4414.34,4414.34,4414.34,4414.34,38,CLEARED_>=20s,1.0,0.0,0.0,0.0,0.0,0.0,0.0,PASS_<20%,0.00,0.0,NO,STANDBY_VEL_LOW,0,0.00,4590.00,78.36,FALSE,M1_DIRECTION_MISMATCH
2026-09-07 16:03:39.139,1788797019.139,10898,79,437,4414.34,4414.42,8.0,PASS_<=10c,+0.0,FLAT,+0.0,+0.0,4.2,+0.00,0.00,SLOW,4414.34,4414.34,4414.34,4414.34,0.00,0.00,0.0,BULLISH,0.0,4414.34,4414.34,4414.34,4414.34,39,CLEARED_>=20s,1.0,0.0,0.0,0.0,0.0,0.0,0.0,PASS_<20%,0.00,0.0,NO,STANDBY_VEL_LOW,0,0.00,4590.00,78.36,FALSE,M1_DIRECTION_MISMATCH
2026-09-07 16:03:39.640,1788797019.641,10899,80,438,4414.34,4414.42,8.0,PASS_<=10c,+0.0,FLAT,+0.0,+0.0,4.2,+0.00,0.00,SLOW,4414.34,4414.34,4414.34,4414.34,0.00,0.00,0.0,BULLISH,0.0,4414.34,4414.34,4414.34,4414.34,39,CLEARED_>=20s,1.0,0.0,0.0,0.0,0.0,0.0,0.0,PASS_<20%,0.00,0.0,NO,STANDBY_VEL_LOW,0,0.00,4590.00,78.36,FALSE,M1_DIRECTION_MISMATCH
2026-09-07 16:03:40.142,1788797020.142,10900,81,439,4414.34,4414.42,8.0,PASS_<=10c,+0.0,FLAT,+0.0,+0.0,4.2,+0.00,0.00,SLOW,4414.34,4414.34,4414.34,4414.34,0.00,0.00,0.0,BULLISH,0.0,4414.34,4414.34,4414.34,4414.34,40,CLEARED_>=20s,1.0,0.0,0.0,0.0,0.0,0.0,0.0,PASS_<20%,0.00,0.0,NO,STANDBY_VEL_LOW,0,0.00,4590.00,78.36,FALSE,M1_DIRECTION_MISMATCH
2026-09-07 16:03:40.644,1788797020.644,10901,82,440,4414.34,4414.42,8.0,PASS_<=10c,+0.0,FLAT,+0.0,+0.0,4.2,+0.00,0.00,SLOW,4414.34,4414.34,4414.34,4414.34,0.00,0.00,0.0,BULLISH,0.0,4414.34,4414.34,4414.34,4414.34,40,CLEARED_>=20s,1.0,0.0,0.0,0.0,0.0,0.0,0.0,PASS_<20%,0.00,0.0,NO,STANDBY_VEL_LOW,0,0.00,4590.00,78.36,FALSE,M1_DIRECTION_MISMATCH
2026-09-07 16:03:41.146,1788797021.146,10902,83,441,4414.34,4414.42,8.0,PASS_<=10c,+0.0,FLAT,+0.0,+0.0,4.2,+0.00,0.00,SLOW,4414.34,4414.34,4414.34,4414.34,0.00,0.00,0.0,BULLISH,0.0,4414.34,4414.34,4414.34,4414.34,41,CLEARED_>=20s,1.0,0.0,0.0,0.0,0.0,0.0,0.0,PASS_<20%,0.00,0.0,NO,STANDBY_VEL_LOW,0,0.00,4590.00,78.36,FALSE,M1_DIRECTION_MISMATCH
2026-09-07 16:03:41.648,1788797021.649,10903,84,442,4414.34,4414.42,8.0,PASS_<=10c,+0.0,FLAT,+0.0,+0.0,4.2,+0.00,0.00,SLOW,4414.34,4414.34,4414.34,4414.34,0.00,0.00,0.0,BULLISH,0.0,4414.34,4414.34,4414.34,4414.34,41,CLEARED_>=20s,1.0,0.0,0.0,0.0,0.0,0.0,0.0,PASS_<20%,0.00,0.0,NO,STANDBY_VEL_LOW,0,0.00,4590.00,78.36,FALSE,M1_DIRECTION_MISMATCH
2026-09-07 16:03:42.150,1788797022.150,10904,85,443,4414.34,4414.42,8.0,PASS_<=10c,+0.0,FLAT,+0.0,+0.0,4.2,+0.00,0.00,SLOW,4414.34,4414.34,4414.34,4414.34,0.00,0.00,0.0,BULLISH,0.0,4414.34,4414.34,4414.34,4414.34,42,CLEARED_>=20s,1.0,0.0,0.0,0.0,0.0,0.0,0.0,PASS_<20%,0.00,0.0,NO,STANDBY_VEL_LOW,0,0.00,4590.00,78.36,FALSE,M1_DIRECTION_MISMATCH
2026-09-07 16:03:42.652,1788797022.652,10905,86,444,4414.34,4414.42,8.0,PASS_<=10c,+0.0,FLAT,+0.0,+0.0,4.2,+0.00,0.00,SLOW,4414.34,4414.34,4414.34,4414.34,0.00,0.00,0.0,BULLISH,0.0,4414.34,4414.34,4414.34,4414.34,42,CLEARED_>=20s,1.0,0.0,0.0,0.0,0.0,0.0,0.0,PASS_<20%,0.00,0.0,NO,STANDBY_VEL_LOW,0,0.00,4590.00,78.36,FALSE,M1_DIRECTION_MISMATCH
2026-09-07 16:03:43.154,1788797023.155,10906,87,445,4414.34,4414.42,8.0,PASS_<=10c,+0.0,FLAT,+0.0,+0.0,4.2,+0.00,0.00,SLOW,4414.34,4414.34,4414.34,4414.34,0.00,0.00,0.0,BULLISH,0.0,4414.34,4414.34,4414.34,4414.34,43,CLEARED_>=20s,1.0,0.0,0.0,0.0,0.0,0.0,0.0,PASS_<20%,0.00,0.0,NO,STANDBY_VEL_LOW,0,0.00,4590.00,78.36,FALSE,M1_DIRECTION_MISMATCH
2026-09-07 16:03:43.656,1788797023.657,10907,88,446,4414.34,4414.42,8.0,PASS_<=10c,+0.0,FLAT,+0.0,+0.0,4.2,+0.00,0.00,SLOW,4414.34,4414.34,4414.34,4414.34,0.00,0.00,0.0,BULLISH,0.0,4414.34,4414.34,4414.34,4414.34,43,CLEARED_>=20s,1.0,0.0,0.0,0.0,0.0,0.0,0.0,PASS_<20%,0.00,0.0,NO,STANDBY_VEL_LOW,0,0.00,4590.00,78.36,FALSE,M1_DIRECTION_MISMATCH
2026-09-07 16:03:44.158,1788797024.158,10908,89,447,4414.34,4414.42,8.0,PASS_<=10c,+0.0,FLAT,+0.0,+0.0,4.2,+0.00,0.00,SLOW,4414.34,4414.34,4414.34,4414.34,0.00,0.00,0.0,BULLISH,0.0,4414.34,4414.34,4414.34,4414.34,44,CLEARED_>=20s,1.0,0.0,0.0,0.0,0.0,0.0,0.0,PASS_<20%,0.00,0.0,NO,STANDBY_VEL_LOW,0,0.00,4590.00,78.36,FALSE,M1_DIRECTION_MISMATCH
2026-09-07 16:03:44.660,1788797024.660,10909,90,448,4414.34,4414.42,8.0,PASS_<=10c,+0.0,FLAT,+0.0,+0.0,4.2,+0.00,0.00,SLOW,4414.34,4414.34,4414.34,4414.34,0.00,0.00,0.0,BULLISH,0.0,4414.34,4414.34,4414.34,4414.34,44,CLEARED_>=20s,1.0,0.0,0.0,0.0,0.0,0.0,0.0,PASS_<20%,0.00,0.0,NO,STANDBY_VEL_LOW,0,0.00,4590.00,78.36,FALSE,M1_DIRECTION_MISMATCH
2026-09-07 16:03:45.162,1788797025.163,10910,91,449,4414.34,4414.42,8.0,PASS_<=10c,+0.0,FLAT,+0.0,+0.0,4.2,+0.00,0.00,SLOW,4414.34,4414.34,4414.34,4414.34,0.00,0.00,0.0,BULLISH,0.0,4414.34,4414.34,4414.34,4414.34,45,CLEARED_>=20s,1.0,0.0,0.0,0.0,0.0,0.0,0.0,PASS_<20%,0.00,0.0,NO,STANDBY_VEL_LOW,0,0.00,4590.00,78.36,FALSE,M1_DIRECTION_MISMATCH
2026-09-07 16:03:45.664,1788797025.664,10911,92,450,4414.34,4414.42,8.0,PASS_<=10c,+0.0,FLAT,+0.0,+0.0,4.2,+0.00,0.00,SLOW,4414.34,4414.34,4414.34,4414.34,0.00,0.00,0.0,BULLISH,0.0,4414.34,4414.34,4414.34,4414.34,45,CLEARED_>=20s,1.0,0.0,0.0,0.0,0.0,0.0,0.0,PASS_<20%,0.00,0.0,NO,STANDBY_VEL_LOW,0,0.00,4590.00,78.36,FALSE,M1_DIRECTION_MISMATCH
2026-09-07 16:03:46.166,1788797026.167,10912,93,451,4414.34,4414.42,8.0,PASS_<=10c,+0.0,FLAT,+0.0,+0.0,4.2,+0.00,0.00,SLOW,4414.34,4414.34,4414.34,4414.34,0.00,0.00,0.0,BULLISH,0.0,4414.34,4414.34,4414.34,4414.34,46,CLEARED_>=20s,1.0,0.0,0.0,0.0,0.0,0.0,0.0,PASS_<20%,0.00,0.0,NO,STANDBY_VEL_LOW,0,0.00,4590.00,78.36,FALSE,M1_DIRECTION_MISMATCH
2026-09-07 16:03:46.668,1788797026.668,10913,94,452,4414.34,4414.42,8.0,PASS_<=10c,+0.0,FLAT,+0.0,+0.0,4.2,+0.00,0.00,SLOW,4414.34,4414.34,4414.34,4414.34,0.00,0.00,0.0,BULLISH,0.0,4414.34,4414.34,4414.34,4414.34,46,CLEARED_>=20s,1.0,0.0,0.0,0.0,0.0,0.0,0.0,PASS_<20%,0.00,0.0,NO,STANDBY_VEL_LOW,0,0.00,4590.00,78.36,FALSE,M1_DIRECTION_MISMATCH
2026-09-07 16:03:47.169,1788797027.170,10914,95,453,4414.34,4414.42,8.0,PASS_<=10c,+0.0,FLAT,+0.0,+0.0,4.2,+0.00,0.00,SLOW,4414.34,4414.34,4414.34,4414.34,0.00,0.00,0.0,BULLISH,0.0,4414.34,4414.34,4414.34,4414.34,47,CLEARED_>=20s,1.0,0.0,0.0,0.0,0.0,0.0,0.0,PASS_<20%,0.00,0.0,NO,STANDBY_VEL_LOW,0,0.00,4590.00,78.36,FALSE,M1_DIRECTION_MISMATCH
2026-09-07 16:03:47.671,1788797027.671,10915,96,454,4414.34,4414.42,8.0,PASS_<=10c,+0.0,FLAT,+0.0,+0.0,4.2,+0.00,0.00,SLOW,4414.34,4414.34,4414.34,4414.34,0.00,0.00,0.0,BULLISH,0.0,4414.34,4414.34,4414.34,4414.34,47,CLEARED_>=20s,1.0,0.0,0.0,0.0,0.0,0.0,0.0,PASS_<20%,0.00,0.0,NO,STANDBY_VEL_LOW,0,0.00,4590.00,78.36,FALSE,M1_DIRECTION_MISMATCH
2026-09-07 16:03:48.172,1788797028.173,10916,97,455,4414.34,4414.42,8.0,PASS_<=10c,+0.0,FLAT,+0.0,+0.0,4.2,+0.00,0.00,SLOW,4414.34,4414.34,4414.34,4414.34,0.00,0.00,0.0,BULLISH,0.0,4414.34,4414.34,4414.34,4414.34,48,CLEARED_>=20s,1.0,0.0,0.0,0.0,0.0,0.0,0.0,PASS_<20%,0.00,0.0,NO,STANDBY_VEL_LOW,0,0.00,4590.00,78.36,FALSE,M1_DIRECTION_MISMATCH
2026-09-07 16:03:48.674,1788797028.674,10917,98,456,4414.34,4414.42,8.0,PASS_<=10c,+0.0,FLAT,+0.0,+0.0,4.2,+0.00,0.00,SLOW,4414.34,4414.34,4414.34,4414.34,0.00,0.00,0.0,BULLISH,0.0,4414.34,4414.34,4414.34,4414.34,48,CLEARED_>=20s,1.0,0.0,0.0,0.0,0.0,0.0,0.0,PASS_<20%,0.00,0.0,NO,STANDBY_VEL_LOW,0,0.00,4590.00,78.36,FALSE,M1_DIRECTION_MISMATCH
2026-09-07 16:03:49.175,1788797029.176,10918,99,457,4414.34,4414.42,8.0,PASS_<=10c,+0.0,FLAT,+0.0,+0.0,4.2,+0.00,0.00,SLOW,4414.34,4414.34,4414.34,4414.34,0.00,0.00,0.0,BULLISH,0.0,4414.34,4414.34,4414.34,4414.34,49,CLEARED_>=20s,1.0,0.0,0.0,0.0,0.0,0.0,0.0,PASS_<20%,0.00,0.0,NO,STANDBY_VEL_LOW,0,0.00,4590.00,78.36,FALSE,M1_DIRECTION_MISMATCH
2026-09-07 16:03:49.678,1788797029.678,10919,100,458,4414.34,4414.42,8.0,PASS_<=10c,+0.0,FLAT,+0.0,+0.0,4.2,+0.00,0.00,SLOW,4414.34,4414.34,4414.34,4414.34,0.00,0.00,0.0,BULLISH,0.0,4414.34,4414.34,4414.34,4414.34,49,CLEARED_>=20s,1.0,0.0,0.0,0.0,0.0,0.0,0.0,PASS_<20%,0.00,0.0,NO,STANDBY_VEL_LOW,0,0.00,4590.00,78.36,FALSE,M1_DIRECTION_MISMATCH
2026-09-07 16:03:50.179,1788797030.180,10920,101,459,4414.34,4414.42,8.0,PASS_<=10c,+0.0,FLAT,+0.0,+0.0,4.2,+0.00,0.00,SLOW,4414.34,4414.34,4414.34,4414.34,0.00,0.00,0.0,BULLISH,0.0,4414.34,4414.34,4414.34,4414.34,50,CLEARED_>=20s,1.0,0.0,0.0,0.0,0.0,0.0,0.0,PASS_<20%,0.00,0.0,NO,STANDBY_VEL_LOW,0,0.00,4590.00,78.36,FALSE,M1_DIRECTION_MISMATCH
2026-09-07 16:03:50.680,1788797030.681,10921,102,460,4414.34,4414.42,8.0,PASS_<=10c,+0.0,FLAT,+0.0,+0.0,4.2,+0.00,0.00,SLOW,4414.34,4414.34,4414.34,4414.34,0.00,0.00,0.0,BULLISH,0.0,4414.34,4414.34,4414.34,4414.34,50,CLEARED_>=20s,1.0,0.0,0.0,0.0,0.0,0.0,0.0,PASS_<20%,0.00,0.0,NO,STANDBY_VEL_LOW,0,0.00,4590.00,78.36,FALSE,M1_DIRECTION_MISMATCH
2026-09-07 16:03:51.182,1788797031.182,10922,103,461,4414.34,4414.42,8.0,PASS_<=10c,+0.0,FLAT,+0.0,+0.0,4.2,+0.00,0.00,SLOW,4414.34,4414.34,4414.34,4414.34,0.00,0.00,0.0,BULLISH,0.0,4414.34,4414.34,4414.34,4414.34,51,CLEARED_>=20s,1.0,0.0,0.0,0.0,0.0,0.0,0.0,PASS_<20%,0.00,0.0,NO,STANDBY_VEL_LOW,0,0.00,4590.00,78.36,FALSE,M1_DIRECTION_MISMATCH
2026-09-07 16:03:51.683,1788797031.684,10923,104,462,4414.34,4414.42,8.0,PASS_<=10c,+0.0,FLAT,+0.0,+0.0,4.2,+0.00,0.00,SLOW,4414.34,4414.34,4414.34,4414.34,0.00,0.00,0.0,BULLISH,0.0,4414.34,4414.34,4414.34,4414.34,51,CLEARED_>=20s,1.0,0.0,0.0,0.0,0.0,0.0,0.0,PASS_<20%,0.00,0.0,NO,STANDBY_VEL_LOW,0,0.00,4590.00,78.36,FALSE,M1_DIRECTION_MISMATCH
2026-09-07 16:03:52.185,1788797032.186,10924,105,463,4414.34,4414.42,8.0,PASS_<=10c,+0.0,FLAT,+0.0,+0.0,4.2,+0.00,0.00,SLOW,4414.34,4414.34,4414.34,4414.34,0.00,0.00,0.0,BULLISH,0.0,4414.34,4414.34,4414.34,4414.34,52,CLEARED_>=20s,1.0,0.0,0.0,0.0,0.0,0.0,0.0,PASS_<20%,0.00,0.0,NO,STANDBY_VEL_LOW,0,0.00,4590.00,78.36,FALSE,M1_DIRECTION_MISMATCH
2026-09-07 16:03:52.686,1788797032.686,10925,106,464,4414.34,4414.42,8.0,PASS_<=10c,+0.0,FLAT,+0.0,+0.0,4.2,+0.00,0.00,SLOW,4414.34,4414.34,4414.34,4414.34,0.00,0.00,0.0,BULLISH,0.0,4414.34,4414.34,4414.34,4414.34,52,CLEARED_>=20s,1.0,0.0,0.0,0.0,0.0,0.0,0.0,PASS_<20%,0.00,0.0,NO,STANDBY_VEL_LOW,0,0.00,4590.00,78.36,FALSE,M1_DIRECTION_MISMATCH
2026-09-07 16:03:53.188,1788797033.188,10926,107,465,4414.34,4414.42,8.0,PASS_<=10c,+0.0,FLAT,+0.0,+0.0,4.2,+0.00,0.00,SLOW,4414.34,4414.34,4414.34,4414.34,0.00,0.00,0.0,BULLISH,0.0,4414.34,4414.34,4414.34,4414.34,53,CLEARED_>=20s,1.0,0.0,0.0,0.0,0.0,0.0,0.0,PASS_<20%,0.00,0.0,NO,STANDBY_VEL_LOW,0,0.00,4590.00,78.36,FALSE,M1_DIRECTION_MISMATCH
2026-09-07 16:03:53.690,1788797033.690,10927,108,466,4414.34,4414.42,8.0,PASS_<=10c,+0.0,FLAT,+0.0,+0.0,4.2,+0.00,0.00,SLOW,4414.34,4414.34,4414.34,4414.34,0.00,0.00,0.0,BULLISH,0.0,4414.34,4414.34,4414.34,4414.34,53,CLEARED_>=20s,1.0,0.0,0.0,0.0,0.0,0.0,0.0,PASS_<20%,0.00,0.0,NO,STANDBY_VEL_LOW,0,0.00,4590.00,78.36,FALSE,M1_DIRECTION_MISMATCH
2026-09-07 16:03:54.193,1788797034.193,10928,109,467,4414.34,4414.42,8.0,PASS_<=10c,+0.0,FLAT,+0.0,+0.0,4.2,+0.00,0.00,SLOW,4414.34,4414.34,4414.34,4414.34,0.00,0.00,0.0,BULLISH,0.0,4414.34,4414.34,4414.34,4414.34,54,CLEARED_>=20s,1.0,0.0,0.0,0.0,0.0,0.0,0.0,PASS_<20%,0.00,0.0,NO,STANDBY_VEL_LOW,0,0.00,4590.00,78.36,FALSE,M1_DIRECTION_MISMATCH
2026-09-07 16:03:54.693,1788797034.693,10929,110,468,4414.34,4414.42,8.0,PASS_<=10c,+0.0,FLAT,+0.0,+0.0,4.2,+0.00,0.00,SLOW,4414.34,4414.34,4414.34,4414.34,0.00,0.00,0.0,BULLISH,0.0,4414.34,4414.34,4414.34,4414.34,54,CLEARED_>=20s,1.0,0.0,0.0,0.0,0.0,0.0,0.0,PASS_<20%,0.00,0.0,NO,STANDBY_VEL_LOW,0,0.00,4590.00,78.36,FALSE,M1_DIRECTION_MISMATCH
2026-09-07 16:03:55.194,1788797035.194,10930,111,469,4414.34,4414.42,8.0,PASS_<=10c,+0.0,FLAT,+0.0,+0.0,4.2,+0.00,0.00,SLOW,4414.34,4414.34,4414.34,4414.34,0.00,0.00,0.0,BULLISH,0.0,4414.34,4414.34,4414.34,4414.34,55,CLEARED_>=20s,1.0,0.0,0.0,0.0,0.0,0.0,0.0,PASS_<20%,0.00,0.0,NO,STANDBY_VEL_LOW,0,0.00,4590.00,78.36,FALSE,M1_DIRECTION_MISMATCH
2026-09-07 16:03:55.696,1788797035.697,10931,112,470,4414.34,4414.42,8.0,PASS_<=10c,+0.0,FLAT,+0.0,+0.0,4.2,+0.00,0.00,SLOW,4414.34,4414.34,4414.34,4414.34,0.00,0.00,0.0,BULLISH,0.0,4414.34,4414.34,4414.34,4414.34,55,CLEARED_>=20s,1.0,0.0,0.0,0.0,0.0,0.0,0.0,PASS_<20%,0.00,0.0,NO,STANDBY_VEL_LOW,0,0.00,4590.00,78.36,FALSE,M1_DIRECTION_MISMATCH
2026-09-07 16:03:56.197,1788797036.198,10932,113,471,4414.34,4414.42,8.0,PASS_<=10c,+0.0,FLAT,+0.0,+0.0,4.2,+0.00,0.00,SLOW,4414.34,4414.34,4414.34,4414.34,0.00,0.00,0.0,BULLISH,0.0,4414.34,4414.34,4414.34,4414.34,56,CLEARED_>=20s,1.0,0.0,0.0,0.0,0.0,0.0,0.0,PASS_<20%,0.00,0.0,NO,STANDBY_VEL_LOW,0,0.00,4590.00,78.36,FALSE,M1_DIRECTION_MISMATCH
2026-09-07 16:03:56.699,1788797036.699,10933,114,472,4414.34,4414.42,8.0,PASS_<=10c,+0.0,FLAT,+0.0,+0.0,4.2,+0.00,0.00,SLOW,4414.34,4414.34,4414.34,4414.34,0.00,0.00,0.0,BULLISH,0.0,4414.34,4414.34,4414.34,4414.34,56,CLEARED_>=20s,1.0,0.0,0.0,0.0,0.0,0.0,0.0,PASS_<20%,0.00,0.0,NO,STANDBY_VEL_LOW,0,0.00,4590.00,78.36,FALSE,M1_DIRECTION_MISMATCH
2026-09-07 16:03:57.201,1788797037.201,10934,115,473,4414.34,4414.42,8.0,PASS_<=10c,+0.0,FLAT,+0.0,+0.0,4.2,+0.00,0.00,SLOW,4414.34,4414.34,4414.34,4414.34,0.00,0.00,0.0,BULLISH,0.0,4414.34,4414.34,4414.34,4414.34,57,CLEARED_>=20s,1.0,0.0,0.0,0.0,0.0,0.0,0.0,PASS_<20%,0.00,0.0,NO,STANDBY_VEL_LOW,0,0.00,4590.00,78.36,FALSE,M1_DIRECTION_MISMATCH
2026-09-07 16:03:57.703,1788797037.703,10935,116,474,4414.34,4414.42,8.0,PASS_<=10c,+0.0,FLAT,+0.0,+0.0,4.2,+0.00,0.00,SLOW,4414.34,4414.34,4414.34,4414.34,0.00,0.00,0.0,BULLISH,0.0,4414.34,4414.34,4414.34,4414.34,57,CLEARED_>=20s,1.0,0.0,0.0,0.0,0.0,0.0,0.0,PASS_<20%,0.00,0.0,NO,STANDBY_VEL_LOW,0,0.00,4590.00,78.36,FALSE,M1_DIRECTION_MISMATCH
2026-09-07 16:03:58.204,1788797038.204,10936,117,475,4414.34,4414.42,8.0,PASS_<=10c,+0.0,FLAT,+0.0,+0.0,4.2,+0.00,0.00,SLOW,4414.34,4414.34,4414.34,4414.34,0.00,0.00,0.0,BULLISH,0.0,4414.34,4414.34,4414.34,4414.34,58,CLEARED_>=20s,1.0,0.0,0.0,0.0,0.0,0.0,0.0,PASS_<20%,0.00,0.0,NO,STANDBY_VEL_LOW,0,0.00,4590.00,78.36,FALSE,M1_DIRECTION_MISMATCH
2026-09-07 16:03:58.706,1788797038.707,10937,118,476,4414.34,4414.42,8.0,PASS_<=10c,+0.0,FLAT,+0.0,+0.0,4.2,+0.00,0.00,SLOW,4414.34,4414.34,4414.34,4414.34,0.00,0.00,0.0,BULLISH,0.0,4414.34,4414.34,4414.34,4414.34,58,CLEARED_>=20s,1.0,0.0,0.0,0.0,0.0,0.0,0.0,PASS_<20%,0.00,0.0,NO,STANDBY_VEL_LOW,0,0.00,4590.00,78.36,FALSE,M1_DIRECTION_MISMATCH
2026-09-07 16:03:59.208,1788797039.208,10938,119,477,4414.34,4414.42,8.0,PASS_<=10c,+0.0,FLAT,+0.0,+0.0,4.2,+0.00,0.00,SLOW,4414.34,4414.34,4414.34,4414.34,0.00,0.00,0.0,BULLISH,0.0,4414.34,4414.34,4414.34,4414.34,59,CLEARED_>=20s,1.0,0.0,0.0,0.0,0.0,0.0,0.0,PASS_<20%,0.00,0.0,NO,STANDBY_VEL_LOW,0,0.00,4590.00,78.36,FALSE,M1_DIRECTION_MISMATCH
2026-09-07 16:03:59.709,1788797039.710,10939,120,478,4414.34,4414.42,8.0,PASS_<=10c,+0.0,FLAT,+0.0,+0.0,4.2,+0.00,0.00,SLOW,4414.34,4414.34,4414.34,4414.34,0.00,0.00,0.0,BULLISH,0.0,4414.34,4414.34,4414.34,4414.34,59,CLEARED_>=20s,1.0,0.0,0.0,0.0,0.0,0.0,0.0,PASS_<20%,0.00,0.0,NO,STANDBY_VEL_LOW,0,0.00,4590.00,78.36,FALSE,M1_DIRECTION_MISMATCH
2026-09-07 16:04:00.212,1788797040.213,10940,1,479,4414.34,4414.42,8.0,PASS_<=10c,+0.0,FLAT,+0.0,+0.0,4.2,+0.00,0.00,SLOW,4414.34,4414.34,4414.34,4414.34,0.00,0.00,0.0,BULLISH,0.0,4414.34,4414.34,4414.34,4414.34,0,ACTIVE_0s,1.0,0.0,0.0,0.0,0.0,0.0,0.0,PASS_<20%,0.00,0.0,NO,STANDBY_VEL_LOW,0,0.00,4590.00,78.36,FALSE,M1_DIRECTION_MISMATCH|OPENING_SHIELD_ACTIVE_0s
2026-09-07 16:04:00.720,1788797040.720,10941,2,480,4414.34,4414.42,8.0,PASS_<=10c,+0.0,FLAT,+0.0,+0.0,4.2,+0.00,0.00,SLOW,4414.34,4414.34,4414.34,4414.34,0.00,0.00,0.0,BULLISH,0.0,4414.34,4414.34,4414.34,4414.34,0,ACTIVE_0s,1.0,0.0,0.0,0.0,0.0,0.0,0.0,PASS_<20%,0.00,0.0,NO,STANDBY_VEL_LOW,0,0.00,4590.00,78.36,FALSE,M1_DIRECTION_MISMATCH|OPENING_SHIELD_ACTIVE_0s
2026-09-07 16:04:01.216,1788797041.217,10942,3,481,4414.34,4414.42,8.0,PASS_<=10c,+0.0,FLAT,+0.0,+0.0,4.2,+0.00,0.00,SLOW,4414.34,4414.34,4414.34,4414.34,0.00,0.00,0.0,BULLISH,0.0,4414.34,4414.34,4414.34,4414.34,1,ACTIVE_1s,1.0,0.0,0.0,0.0,0.0,0.0,0.0,PASS_<20%,0.00,0.0,NO,STANDBY_VEL_LOW,0,0.00,4590.00,78.36,FALSE,M1_DIRECTION_MISMATCH|OPENING_SHIELD_ACTIVE_1s
2026-09-07 16:04:01.718,1788797041.719,10943,4,482,4414.34,4414.42,8.0,PASS_<=10c,+0.0,FLAT,+0.0,+0.0,4.2,+0.00,0.00,SLOW,4414.34,4414.34,4414.34,4414.34,0.00,0.00,0.0,BULLISH,0.0,4414.34,4414.34,4414.34,4414.34,1,ACTIVE_1s,1.0,0.0,0.0,0.0,0.0,0.0,0.0,PASS_<20%,0.00,0.0,NO,STANDBY_VEL_LOW,0,0.00,4590.00,78.36,FALSE,M1_DIRECTION_MISMATCH|OPENING_SHIELD_ACTIVE_1s
2026-09-07 16:04:02.220,1788797042.220,10944,5,483,4414.34,4414.42,8.0,PASS_<=10c,+0.0,FLAT,+0.0,+0.0,4.2,+0.00,0.00,SLOW,4414.34,4414.34,4414.34,4414.34,0.00,0.00,0.0,BULLISH,0.0,4414.34,4414.34,4414.34,4414.34,2,ACTIVE_2s,1.0,0.0,0.0,0.0,0.0,0.0,0.0,PASS_<20%,0.00,0.0,NO,STANDBY_VEL_LOW,0,0.00,4590.00,78.36,FALSE,M1_DIRECTION_MISMATCH|OPENING_SHIELD_ACTIVE_2s
2026-09-07 16:04:02.722,1788797042.722,10945,6,484,4414.34,4414.42,8.0,PASS_<=10c,+0.0,FLAT,+0.0,+0.0,4.2,+0.00,0.00,SLOW,4414.34,4414.34,4414.34,4414.34,0.00,0.00,0.0,BULLISH,0.0,4414.34,4414.34,4414.34,4414.34,2,ACTIVE_2s,1.0,0.0,0.0,0.0,0.0,0.0,0.0,PASS_<20%,0.00,0.0,NO,STANDBY_VEL_LOW,0,0.00,4590.00,78.36,FALSE,M1_DIRECTION_MISMATCH|OPENING_SHIELD_ACTIVE_2s
2026-09-07 16:04:03.223,1788797043.224,10946,7,485,4414.34,4414.42,8.0,PASS_<=10c,+0.0,FLAT,+0.0,+0.0,4.2,+0.00,0.00,SLOW,4414.34,4414.34,4414.34,4414.34,0.00,0.00,0.0,BULLISH,0.0,4414.34,4414.34,4414.34,4414.34,3,ACTIVE_3s,1.0,0.0,0.0,0.0,0.0,0.0,0.0,PASS_<20%,0.00,0.0,NO,STANDBY_VEL_LOW,0,0.00,4590.00,78.36,FALSE,M1_DIRECTION_MISMATCH|OPENING_SHIELD_ACTIVE_3s
2026-09-07 16:04:03.725,1788797043.725,10947,8,486,4414.34,4414.42,8.0,PASS_<=10c,+0.0,FLAT,+0.0,+0.0,4.2,+0.00,0.00,SLOW,4414.34,4414.34,4414.34,4414.34,0.00,0.00,0.0,BULLISH,0.0,4414.34,4414.34,4414.34,4414.34,3,ACTIVE_3s,1.0,0.0,0.0,0.0,0.0,0.0,0.0,PASS_<20%,0.00,0.0,NO,STANDBY_VEL_LOW,0,0.00,4590.00,78.36,FALSE,M1_DIRECTION_MISMATCH|OPENING_SHIELD_ACTIVE_3s
2026-09-07 16:04:04.226,1788797044.226,10948,9,487,4414.34,4414.42,8.0,PASS_<=10c,+0.0,FLAT,+0.0,+0.0,4.2,+0.00,0.00,SLOW,4414.34,4414.34,4414.34,4414.34,0.00,0.00,0.0,BULLISH,0.0,4414.34,4414.34,4414.34,4414.34,4,ACTIVE_4s,1.0,0.0,0.0,0.0,0.0,0.0,0.0,PASS_<20%,0.00,0.0,NO,STANDBY_VEL_LOW,0,0.00,4590.00,78.36,FALSE,M1_DIRECTION_MISMATCH|OPENING_SHIELD_ACTIVE_4s
2026-09-07 16:04:04.728,1788797044.729,10949,10,488,4414.34,4414.42,8.0,PASS_<=10c,+0.0,FLAT,+0.0,+0.0,4.2,+0.00,0.00,SLOW,4414.34,4414.34,4414.34,4414.34,0.00,0.00,0.0,BULLISH,0.0,4414.34,4414.34,4414.34,4414.34,4,ACTIVE_4s,1.0,0.0,0.0,0.0,0.0,0.0,0.0,PASS_<20%,0.00,0.0,NO,STANDBY_VEL_LOW,0,0.00,4590.00,78.36,FALSE,M1_DIRECTION_MISMATCH|OPENING_SHIELD_ACTIVE_4s
2026-09-07 16:04:05.231,1788797045.232,10950,11,489,4414.34,4414.42,8.0,PASS_<=10c,+0.0,FLAT,+0.0,+0.0,4.2,+0.00,0.00,SLOW,4414.34,4414.34,4414.34,4414.34,0.00,0.00,0.0,BULLISH,0.0,4414.34,4414.34,4414.34,4414.34,5,ACTIVE_5s,1.0,0.0,0.0,0.0,0.0,0.0,0.0,PASS_<20%,0.00,0.0,NO,STANDBY_VEL_LOW,0,0.00,4590.00,78.36,FALSE,M1_DIRECTION_MISMATCH|OPENING_SHIELD_ACTIVE_5s
2026-09-07 16:04:05.731,1788797045.731,10951,12,490,4414.34,4414.42,8.0,PASS_<=10c,+0.0,FLAT,+0.0,+0.0,4.2,+0.00,0.00,SLOW,4414.34,4414.34,4414.34,4414.34,0.00,0.00,0.0,BULLISH,0.0,4414.34,4414.34,4414.34,4414.34,5,ACTIVE_5s,1.0,0.0,0.0,0.0,0.0,0.0,0.0,PASS_<20%,0.00,0.0,NO,STANDBY_VEL_LOW,0,0.00,4590.00,78.36,FALSE,M1_DIRECTION_MISMATCH|OPENING_SHIELD_ACTIVE_5s
2026-09-07 16:04:06.233,1788797046.233,10952,13,491,4414.34,4414.42,8.0,PASS_<=10c,+0.0,FLAT,+0.0,+0.0,4.2,+0.00,0.00,SLOW,4414.34,4414.34,4414.34,4414.34,0.00,0.00,0.0,BULLISH,0.0,4414.34,4414.34,4414.34,4414.34,6,ACTIVE_6s,1.0,0.0,0.0,0.0,0.0,0.0,0.0,PASS_<20%,0.00,0.0,NO,STANDBY_VEL_LOW,0,0.00,4590.00,78.36,FALSE,M1_DIRECTION_MISMATCH|OPENING_SHIELD_ACTIVE_6s
2026-09-07 16:04:06.735,1788797046.735,10953,14,492,4414.34,4414.42,8.0,PASS_<=10c,+0.0,FLAT,+0.0,+0.0,4.2,+0.00,0.00,SLOW,4414.34,4414.34,4414.34,4414.34,0.00,0.00,0.0,BULLISH,0.0,4414.34,4414.34,4414.34,4414.34,6,ACTIVE_6s,1.0,0.0,0.0,0.0,0.0,0.0,0.0,PASS_<20%,0.00,0.0,NO,STANDBY_VEL_LOW,0,0.00,4590.00,78.36,FALSE,M1_DIRECTION_MISMATCH|OPENING_SHIELD_ACTIVE_6s
2026-09-07 16:04:07.237,1788797047.237,10954,15,493,4414.34,4414.42,8.0,PASS_<=10c,+0.0,FLAT,+0.0,+0.0,4.2,+0.00,0.00,SLOW,4414.34,4414.34,4414.34,4414.34,0.00,0.00,0.0,BULLISH,0.0,4414.34,4414.34,4414.34,4414.34,7,ACTIVE_7s,1.0,0.0,0.0,0.0,0.0,0.0,0.0,PASS_<20%,0.00,0.0,NO,STANDBY_VEL_LOW,0,0.00,4590.00,78.36,FALSE,M1_DIRECTION_MISMATCH|OPENING_SHIELD_ACTIVE_7s
2026-09-07 16:04:07.738,1788797047.738,10955,16,494,4414.34,4414.42,8.0,PASS_<=10c,+0.0,FLAT,+0.0,+0.0,4.2,+0.00,0.00,SLOW,4414.34,4414.34,4414.34,4414.34,0.00,0.00,0.0,BULLISH,0.0,4414.34,4414.34,4414.34,4414.34,7,ACTIVE_7s,1.0,0.0,0.0,0.0,0.0,0.0,0.0,PASS_<20%,0.00,0.0,NO,STANDBY_VEL_LOW,0,0.00,4590.00,78.36,FALSE,M1_DIRECTION_MISMATCH|OPENING_SHIELD_ACTIVE_7s
2026-09-07 16:04:08.240,1788797048.240,10956,17,495,4414.34,4414.42,8.0,PASS_<=10c,+0.0,FLAT,+0.0,+0.0,4.2,+0.00,0.00,SLOW,4414.34,4414.34,4414.34,4414.34,0.00,0.00,0.0,BULLISH,0.0,4414.34,4414.34,4414.34,4414.34,8,ACTIVE_8s,1.0,0.0,0.0,0.0,0.0,0.0,0.0,PASS_<20%,0.00,0.0,NO,STANDBY_VEL_LOW,0,0.00,4590.00,78.36,FALSE,M1_DIRECTION_MISMATCH|OPENING_SHIELD_ACTIVE_8s
2026-09-07 16:04:08.741,1788797048.741,10957,18,496,4414.34,4414.42,8.0,PASS_<=10c,+0.0,FLAT,+0.0,+0.0,4.2,+0.00,0.00,SLOW,4414.34,4414.34,4414.34,4414.34,0.00,0.00,0.0,BULLISH,0.0,4414.34,4414.34,4414.34,4414.34,8,ACTIVE_8s,1.0,0.0,0.0,0.0,0.0,0.0,0.0,PASS_<20%,0.00,0.0,NO,STANDBY_VEL_LOW,0,0.00,4590.00,78.36,FALSE,M1_DIRECTION_MISMATCH|OPENING_SHIELD_ACTIVE_8s
2026-09-07 16:04:09.243,1788797049.243,10958,19,497,4414.34,4414.42,8.0,PASS_<=10c,+0.0,FLAT,+0.0,+0.0,4.2,+0.00,0.00,SLOW,4414.34,4414.34,4414.34,4414.34,0.00,0.00,0.0,BULLISH,0.0,4414.34,4414.34,4414.34,4414.34,9,ACTIVE_9s,1.0,0.0,0.0,0.0,0.0,0.0,0.0,PASS_<20%,0.00,0.0,NO,STANDBY_VEL_LOW,0,0.00,4590.00,78.36,FALSE,M1_DIRECTION_MISMATCH|OPENING_SHIELD_ACTIVE_9s
2026-09-07 16:04:09.744,1788797049.745,10959,20,498,4414.34,4414.42,8.0,PASS_<=10c,+0.0,FLAT,+0.0,+0.0,4.2,+0.00,0.00,SLOW,4414.34,4414.34,4414.34,4414.34,0.00,0.00,0.0,BULLISH,0.0,4414.34,4414.34,4414.34,4414.34,9,ACTIVE_9s,1.0,0.0,0.0,0.0,0.0,0.0,0.0,PASS_<20%,0.00,0.0,NO,STANDBY_VEL_LOW,0,0.00,4590.00,78.36,FALSE,M1_DIRECTION_MISMATCH|OPENING_SHIELD_ACTIVE_9s
2026-09-07 16:04:10.246,1788797050.247,10960,21,499,4414.34,4414.42,8.0,PASS_<=10c,+0.0,FLAT,+0.0,+0.0,4.2,+0.00,0.00,SLOW,4414.34,4414.34,4414.34,4414.34,0.00,0.00,0.0,BULLISH,0.0,4414.34,4414.34,4414.34,4414.34,10,ACTIVE_10s,1.0,0.0,0.0,0.0,0.0,0.0,0.0,PASS_<20%,0.00,0.0,NO,STANDBY_VEL_LOW,0,0.00,4590.00,78.36,FALSE,M1_DIRECTION_MISMATCH|OPENING_SHIELD_ACTIVE_10s
2026-09-07 16:04:10.749,1788797050.749,10961,22,500,4414.34,4414.42,8.0,PASS_<=10c,+0.0,FLAT,+0.0,+0.0,4.2,+0.00,0.00,SLOW,4414.34,4414.34,4414.34,4414.34,0.00,0.00,0.0,BULLISH,0.0,4414.34,4414.34,4414.34,4414.34,10,ACTIVE_10s,1.0,0.0,0.0,0.0,0.0,0.0,0.0,PASS_<20%,0.00,0.0,NO,STANDBY_VEL_LOW,0,0.00,4590.00,78.36,FALSE,M1_DIRECTION_MISMATCH|OPENING_SHIELD_ACTIVE_10s
2026-09-07 16:04:11.250,1788797051.251,10962,23,501,4414.34,4414.42,8.0,PASS_<=10c,+0.0,FLAT,+0.0,+0.0,4.2,+0.00,0.00,SLOW,4414.34,4414.34,4414.34,4414.34,0.00,0.00,0.0,BULLISH,0.0,4414.34,4414.34,4414.34,4414.34,11,ACTIVE_11s,1.0,0.0,0.0,0.0,0.0,0.0,0.0,PASS_<20%,0.00,0.0,NO,STANDBY_VEL_LOW,0,0.00,4590.00,78.36,FALSE,M1_DIRECTION_MISMATCH|OPENING_SHIELD_ACTIVE_11s
2026-09-07 16:04:11.753,1788797051.753,10963,24,502,4414.34,4414.42,8.0,PASS_<=10c,+0.0,FLAT,+0.0,+0.0,4.2,+0.00,0.00,SLOW,4414.34,4414.34,4414.34,4414.34,0.00,0.00,0.0,BULLISH,0.0,4414.34,4414.34,4414.34,4414.34,11,ACTIVE_11s,1.0,0.0,0.0,0.0,0.0,0.0,0.0,PASS_<20%,0.00,0.0,NO,STANDBY_VEL_LOW,0,0.00,4590.00,78.36,FALSE,M1_DIRECTION_MISMATCH|OPENING_SHIELD_ACTIVE_11s
2026-09-07 16:04:12.254,1788797052.254,10964,25,503,4414.34,4414.42,8.0,PASS_<=10c,+0.0,FLAT,+0.0,+0.0,4.2,+0.00,0.00,SLOW,4414.34,4414.34,4414.34,4414.34,0.00,0.00,0.0,BULLISH,0.0,4414.34,4414.34,4414.34,4414.34,12,ACTIVE_12s,1.0,0.0,0.0,0.0,0.0,0.0,0.0,PASS_<20%,0.00,0.0,NO,STANDBY_VEL_LOW,0,0.00,4590.00,78.36,FALSE,M1_DIRECTION_MISMATCH|OPENING_SHIELD_ACTIVE_12s
2026-09-07 16:04:12.755,1788797052.755,10965,26,504,4414.34,4414.42,8.0,PASS_<=10c,+0.0,FLAT,+0.0,+0.0,4.2,+0.00,0.00,SLOW,4414.34,4414.34,4414.34,4414.34,0.00,0.00,0.0,BULLISH,0.0,4414.34,4414.34,4414.34,4414.34,12,ACTIVE_12s,1.0,0.0,0.0,0.0,0.0,0.0,0.0,PASS_<20%,0.00,0.0,NO,STANDBY_VEL_LOW,0,0.00,4590.00,78.36,FALSE,M1_DIRECTION_MISMATCH|OPENING_SHIELD_ACTIVE_12s
2026-09-07 16:04:13.256,1788797053.257,10966,27,505,4414.34,4414.42,8.0,PASS_<=10c,+0.0,FLAT,+0.0,+0.0,4.2,+0.00,0.00,SLOW,4414.34,4414.34,4414.34,4414.34,0.00,0.00,0.0,BULLISH,0.0,4414.34,4414.34,4414.34,4414.34,13,ACTIVE_13s,1.0,0.0,0.0,0.0,0.0,0.0,0.0,PASS_<20%,0.00,0.0,NO,STANDBY_VEL_LOW,0,0.00,4590.00,78.36,FALSE,M1_DIRECTION_MISMATCH|OPENING_SHIELD_ACTIVE_13s
2026-09-07 16:04:13.757,1788797053.758,10967,28,506,4414.34,4414.42,8.0,PASS_<=10c,+0.0,FLAT,+0.0,+0.0,4.2,+0.00,0.00,SLOW,4414.34,4414.34,4414.34,4414.34,0.00,0.00,0.0,BULLISH,0.0,4414.34,4414.34,4414.34,4414.34,13,ACTIVE_13s,1.0,0.0,0.0,0.0,0.0,0.0,0.0,PASS_<20%,0.00,0.0,NO,STANDBY_VEL_LOW,0,0.00,4590.00,78.36,FALSE,M1_DIRECTION_MISMATCH|OPENING_SHIELD_ACTIVE_13s
2026-09-07 16:04:14.259,1788797054.260,10968,29,507,4414.34,4414.42,8.0,PASS_<=10c,+0.0,FLAT,+0.0,+0.0,4.2,+0.00,0.00,SLOW,4414.34,4414.34,4414.34,4414.34,0.00,0.00,0.0,BULLISH,0.0,4414.34,4414.34,4414.34,4414.34,14,ACTIVE_14s,1.0,0.0,0.0,0.0,0.0,0.0,0.0,PASS_<20%,0.00,0.0,NO,STANDBY_VEL_LOW,0,0.00,4590.00,78.36,FALSE,M1_DIRECTION_MISMATCH|OPENING_SHIELD_ACTIVE_14s
2026-09-07 16:04:14.761,1788797054.761,10969,30,508,4414.34,4414.42,8.0,PASS_<=10c,+0.0,FLAT,+0.0,+0.0,4.2,+0.00,0.00,SLOW,4414.34,4414.34,4414.34,4414.34,0.00,0.00,0.0,BULLISH,0.0,4414.34,4414.34,4414.34,4414.34,14,ACTIVE_14s,1.0,0.0,0.0,0.0,0.0,0.0,0.0,PASS_<20%,0.00,0.0,NO,STANDBY_VEL_LOW,0,0.00,4590.00,78.36,FALSE,M1_DIRECTION_MISMATCH|OPENING_SHIELD_ACTIVE_14s
2026-09-07 16:04:15.262,1788797055.263,10970,31,509,4414.34,4414.42,8.0,PASS_<=10c,+0.0,FLAT,+0.0,+0.0,4.2,+0.00,0.00,SLOW,4414.34,4414.34,4414.34,4414.34,0.00,0.00,0.0,BULLISH,0.0,4414.34,4414.34,4414.34,4414.34,15,ACTIVE_15s,1.0,0.0,0.0,0.0,0.0,0.0,0.0,PASS_<20%,0.00,0.0,NO,STANDBY_VEL_LOW,0,0.00,4590.00,78.36,FALSE,M1_DIRECTION_MISMATCH|OPENING_SHIELD_ACTIVE_15s
2026-09-07 16:04:15.764,1788797055.765,10971,32,510,4414.34,4414.42,8.0,PASS_<=10c,+0.0,FLAT,+0.0,+0.0,4.2,+0.00,0.00,SLOW,4414.34,4414.34,4414.34,4414.34,0.00,0.00,0.0,BULLISH,0.0,4414.34,4414.34,4414.34,4414.34,15,ACTIVE_15s,1.0,0.0,0.0,0.0,0.0,0.0,0.0,PASS_<20%,0.00,0.0,NO,STANDBY_VEL_LOW,0,0.00,4590.00,78.36,FALSE,M1_DIRECTION_MISMATCH|OPENING_SHIELD_ACTIVE_15s
2026-09-07 16:04:16.266,1788797056.267,10972,33,511,4414.34,4414.42,8.0,PASS_<=10c,+0.0,FLAT,+0.0,+0.0,4.2,+0.00,0.00,SLOW,4414.34,4414.34,4414.34,4414.34,0.00,0.00,0.0,BULLISH,0.0,4414.34,4414.34,4414.34,4414.34,16,ACTIVE_16s,1.0,0.0,0.0,0.0,0.0,0.0,0.0,PASS_<20%,0.00,0.0,NO,STANDBY_VEL_LOW,0,0.00,4590.00,78.36,FALSE,M1_DIRECTION_MISMATCH|OPENING_SHIELD_ACTIVE_16s
2026-09-07 16:04:16.769,1788797056.769,10973,34,512,4414.34,4414.42,8.0,PASS_<=10c,+0.0,FLAT,+0.0,+0.0,4.2,+0.00,0.00,SLOW,4414.34,4414.34,4414.34,4414.34,0.00,0.00,0.0,BULLISH,0.0,4414.34,4414.34,4414.34,4414.34,16,ACTIVE_16s,1.0,0.0,0.0,0.0,0.0,0.0,0.0,PASS_<20%,0.00,0.0,NO,STANDBY_VEL_LOW,0,0.00,4590.00,78.36,FALSE,M1_DIRECTION_MISMATCH|OPENING_SHIELD_ACTIVE_16s
2026-09-07 16:04:17.270,1788797057.271,10974,35,513,4414.34,4414.42,8.0,PASS_<=10c,+0.0,FLAT,+0.0,+0.0,4.2,+0.00,0.00,SLOW,4414.34,4414.34,4414.34,4414.34,0.00,0.00,0.0,BULLISH,0.0,4414.34,4414.34,4414.34,4414.34,17,ACTIVE_17s,1.0,0.0,0.0,0.0,0.0,0.0,0.0,PASS_<20%,0.00,0.0,NO,STANDBY_VEL_LOW,0,0.00,4590.00,78.36,FALSE,M1_DIRECTION_MISMATCH|OPENING_SHIELD_ACTIVE_17s
2026-09-07 16:04:17.772,1788797057.773,10975,36,514,4414.34,4414.42,8.0,PASS_<=10c,+0.0,FLAT,+0.0,+0.0,4.2,+0.00,0.00,SLOW,4414.34,4414.34,4414.34,4414.34,0.00,0.00,0.0,BULLISH,0.0,4414.34,4414.34,4414.34,4414.34,17,ACTIVE_17s,1.0,0.0,0.0,0.0,0.0,0.0,0.0,PASS_<20%,0.00,0.0,NO,STANDBY_VEL_LOW,0,0.00,4590.00,78.36,FALSE,M1_DIRECTION_MISMATCH|OPENING_SHIELD_ACTIVE_17s
2026-09-07 16:04:18.274,1788797058.275,10976,37,515,4414.34,4414.42,8.0,PASS_<=10c,+0.0,FLAT,+0.0,+0.0,4.2,+0.00,0.00,SLOW,4414.34,4414.34,4414.34,4414.34,0.00,0.00,0.0,BULLISH,0.0,4414.34,4414.34,4414.34,4414.34,18,ACTIVE_18s,1.0,0.0,0.0,0.0,0.0,0.0,0.0,PASS_<20%,0.00,0.0,NO,STANDBY_VEL_LOW,0,0.00,4590.00,78.36,FALSE,M1_DIRECTION_MISMATCH|OPENING_SHIELD_ACTIVE_18s
2026-09-07 16:04:18.777,1788797058.777,10977,38,516,4414.34,4414.42,8.0,PASS_<=10c,+0.0,FLAT,+0.0,+0.0,4.2,+0.00,0.00,SLOW,4414.34,4414.34,4414.34,4414.34,0.00,0.00,0.0,BULLISH,0.0,4414.34,4414.34,4414.34,4414.34,18,ACTIVE_18s,1.0,0.0,0.0,0.0,0.0,0.0,0.0,PASS_<20%,0.00,0.0,NO,STANDBY_VEL_LOW,0,0.00,4590.00,78.36,FALSE,M1_DIRECTION_MISMATCH|OPENING_SHIELD_ACTIVE_18s
2026-09-07 16:04:19.278,1788797059.279,10978,39,517,4414.34,4414.42,8.0,PASS_<=10c,+0.0,FLAT,+0.0,+0.0,4.2,+0.00,0.00,SLOW,4414.34,4414.34,4414.34,4414.34,0.00,0.00,0.0,BULLISH,0.0,4414.34,4414.34,4414.34,4414.34,19,ACTIVE_19s,1.0,0.0,0.0,0.0,0.0,0.0,0.0,PASS_<20%,0.00,0.0,NO,STANDBY_VEL_LOW,0,0.00,4590.00,78.36,FALSE,M1_DIRECTION_MISMATCH|OPENING_SHIELD_ACTIVE_19s
2026-09-07 16:04:19.780,1788797059.781,10979,40,518,4414.34,4414.42,8.0,PASS_<=10c,+0.0,FLAT,+0.0,+0.0,4.2,+0.00,0.00,SLOW,4414.34,4414.34,4414.34,4414.34,0.00,0.00,0.0,BULLISH,0.0,4414.34,4414.34,4414.34,4414.34,19,ACTIVE_19s,1.0,0.0,0.0,0.0,0.0,0.0,0.0,PASS_<20%,0.00,0.0,NO,STANDBY_VEL_LOW,0,0.00,4590.00,78.36,FALSE,M1_DIRECTION_MISMATCH|OPENING_SHIELD_ACTIVE_19s
2026-09-07 16:04:20.281,1788797060.282,10980,41,519,4414.34,4414.42,8.0,PASS_<=10c,+0.0,FLAT,+0.0,+0.0,4.2,+0.00,0.00,SLOW,4414.34,4414.34,4414.34,4414.34,0.00,0.00,0.0,BULLISH,0.0,4414.34,4414.34,4414.34,4414.34,20,CLEARED_>=20s,1.0,0.0,0.0,0.0,0.0,0.0,0.0,PASS_<20%,0.00,0.0,NO,STANDBY_VEL_LOW,0,0.00,4590.00,78.36,FALSE,M1_DIRECTION_MISMATCH
2026-09-07 16:04:20.783,1788797060.784,10981,42,520,4414.34,4414.42,8.0,PASS_<=10c,+0.0,FLAT,+0.0,+0.0,4.2,+0.00,0.00,SLOW,4414.34,4414.34,4414.34,4414.34,0.00,0.00,0.0,BULLISH,0.0,4414.34,4414.34,4414.34,4414.34,20,CLEARED_>=20s,1.0,0.0,0.0,0.0,0.0,0.0,0.0,PASS_<20%,0.00,0.0,NO,STANDBY_VEL_LOW,0,0.00,4590.00,78.36,FALSE,M1_DIRECTION_MISMATCH
2026-09-07 16:04:21.287,1788797061.287,10982,43,521,4414.34,4414.42,8.0,PASS_<=10c,+0.0,FLAT,+0.0,+0.0,4.2,+0.00,0.00,SLOW,4414.34,4414.34,4414.34,4414.34,0.00,0.00,0.0,BULLISH,0.0,4414.34,4414.34,4414.34,4414.34,21,CLEARED_>=20s,1.0,0.0,0.0,0.0,0.0,0.0,0.0,PASS_<20%,0.00,0.0,NO,STANDBY_VEL_LOW,0,0.00,4590.00,78.36,FALSE,M1_DIRECTION_MISMATCH
2026-09-07 16:04:21.787,1788797061.788,10983,44,522,4414.34,4414.42,8.0,PASS_<=10c,+0.0,FLAT,+0.0,+0.0,4.2,+0.00,0.00,SLOW,4414.34,4414.34,4414.34,4414.34,0.00,0.00,0.0,BULLISH,0.0,4414.34,4414.34,4414.34,4414.34,21,CLEARED_>=20s,1.0,0.0,0.0,0.0,0.0,0.0,0.0,PASS_<20%,0.00,0.0,NO,STANDBY_VEL_LOW,0,0.00,4590.00,78.36,FALSE,M1_DIRECTION_MISMATCH
2026-09-07 16:04:22.289,1788797062.290,10984,45,523,4414.34,4414.42,8.0,PASS_<=10c,+0.0,FLAT,+0.0,+0.0,4.2,+0.00,0.00,SLOW,4414.34,4414.34,4414.34,4414.34,0.00,0.00,0.0,BULLISH,0.0,4414.34,4414.34,4414.34,4414.34,22,CLEARED_>=20s,1.0,0.0,0.0,0.0,0.0,0.0,0.0,PASS_<20%,0.00,0.0,NO,STANDBY_VEL_LOW,0,0.00,4590.00,78.36,FALSE,M1_DIRECTION_MISMATCH
2026-09-07 16:04:22.792,1788797062.792,10985,46,524,4414.34,4414.42,8.0,PASS_<=10c,+0.0,FLAT,+0.0,+0.0,4.2,+0.00,0.00,SLOW,4414.34,4414.34,4414.34,4414.34,0.00,0.00,0.0,BULLISH,0.0,4414.34,4414.34,4414.34,4414.34,22,CLEARED_>=20s,1.0,0.0,0.0,0.0,0.0,0.0,0.0,PASS_<20%,0.00,0.0,NO,STANDBY_VEL_LOW,0,0.00,4590.00,78.36,FALSE,M1_DIRECTION_MISMATCH
2026-09-07 16:04:23.292,1788797063.293,10986,47,525,4414.34,4414.42,8.0,PASS_<=10c,+0.0,FLAT,+0.0,+0.0,4.2,+0.00,0.00,SLOW,4414.34,4414.34,4414.34,4414.34,0.00,0.00,0.0,BULLISH,0.0,4414.34,4414.34,4414.34,4414.34,23,CLEARED_>=20s,1.0,0.0,0.0,0.0,0.0,0.0,0.0,PASS_<20%,0.00,0.0,NO,STANDBY_VEL_LOW,0,0.00,4590.00,78.36,FALSE,M1_DIRECTION_MISMATCH
2026-09-07 16:04:23.793,1788797063.794,10987,48,526,4414.34,4414.42,8.0,PASS_<=10c,+0.0,FLAT,+0.0,+0.0,4.2,+0.00,0.00,SLOW,4414.34,4414.34,4414.34,4414.34,0.00,0.00,0.0,BULLISH,0.0,4414.34,4414.34,4414.34,4414.34,23,CLEARED_>=20s,1.0,0.0,0.0,0.0,0.0,0.0,0.0,PASS_<20%,0.00,0.0,NO,STANDBY_VEL_LOW,0,0.00,4590.00,78.36,FALSE,M1_DIRECTION_MISMATCH
2026-09-07 16:04:24.296,1788797064.296,10988,49,527,4414.34,4414.42,8.0,PASS_<=10c,+0.0,FLAT,+0.0,+0.0,4.2,+0.00,0.00,SLOW,4414.34,4414.34,4414.34,4414.34,0.00,0.00,0.0,BULLISH,0.0,4414.34,4414.34,4414.34,4414.34,24,CLEARED_>=20s,1.0,0.0,0.0,0.0,0.0,0.0,0.0,PASS_<20%,0.00,0.0,NO,STANDBY_VEL_LOW,0,0.00,4590.00,78.36,FALSE,M1_DIRECTION_MISMATCH
2026-09-07 16:04:24.797,1788797064.798,10989,50,528,4414.34,4414.42,8.0,PASS_<=10c,+0.0,FLAT,+0.0,+0.0,4.2,+0.00,0.00,SLOW,4414.34,4414.34,4414.34,4414.34,0.00,0.00,0.0,BULLISH,0.0,4414.34,4414.34,4414.34,4414.34,24,CLEARED_>=20s,1.0,0.0,0.0,0.0,0.0,0.0,0.0,PASS_<20%,0.00,0.0,NO,STANDBY_VEL_LOW,0,0.00,4590.00,78.36,FALSE,M1_DIRECTION_MISMATCH
2026-09-07 16:04:25.298,1788797065.299,10990,51,529,4414.34,4414.42,8.0,PASS_<=10c,+0.0,FLAT,+0.0,+0.0,4.2,+0.00,0.00,SLOW,4414.34,4414.34,4414.34,4414.34,0.00,0.00,0.0,BULLISH,0.0,4414.34,4414.34,4414.34,4414.34,25,CLEARED_>=20s,1.0,0.0,0.0,0.0,0.0,0.0,0.0,PASS_<20%,0.00,0.0,NO,STANDBY_VEL_LOW,0,0.00,4590.00,78.36,FALSE,M1_DIRECTION_MISMATCH
2026-09-07 16:04:25.800,1788797065.801,10991,52,530,4414.34,4414.42,8.0,PASS_<=10c,+0.0,FLAT,+0.0,+0.0,4.2,+0.00,0.00,SLOW,4414.34,4414.34,4414.34,4414.34,0.00,0.00,0.0,BULLISH,0.0,4414.34,4414.34,4414.34,4414.34,25,CLEARED_>=20s,1.0,0.0,0.0,0.0,0.0,0.0,0.0,PASS_<20%,0.00,0.0,NO,STANDBY_VEL_LOW,0,0.00,4590.00,78.36,FALSE,M1_DIRECTION_MISMATCH
2026-09-07 16:04:26.302,1788797066.302,10992,53,531,4414.34,4414.42,8.0,PASS_<=10c,+0.0,FLAT,+0.0,+0.0,4.2,+0.00,0.00,SLOW,4414.34,4414.34,4414.34,4414.34,0.00,0.00,0.0,BULLISH,0.0,4414.34,4414.34,4414.34,4414.34,26,CLEARED_>=20s,1.0,0.0,0.0,0.0,0.0,0.0,0.0,PASS_<20%,0.00,0.0,NO,STANDBY_VEL_LOW,0,0.00,4590.00,78.36,FALSE,M1_DIRECTION_MISMATCH
2026-09-07 16:04:26.804,1788797066.804,10993,54,532,4414.34,4414.42,8.0,PASS_<=10c,+0.0,FLAT,+0.0,+0.0,4.2,+0.00,0.00,SLOW,4414.34,4414.34,4414.34,4414.34,0.00,0.00,0.0,BULLISH,0.0,4414.34,4414.34,4414.34,4414.34,26,CLEARED_>=20s,1.0,0.0,0.0,0.0,0.0,0.0,0.0,PASS_<20%,0.00,0.0,NO,STANDBY_VEL_LOW,0,0.00,4590.00,78.36,FALSE,M1_DIRECTION_MISMATCH
2026-09-07 16:04:27.304,1788797067.305,10994,55,533,4414.34,4414.42,8.0,PASS_<=10c,+0.0,FLAT,+0.0,+0.0,4.2,+0.00,0.00,SLOW,4414.34,4414.34,4414.34,4414.34,0.00,0.00,0.0,BULLISH,0.0,4414.34,4414.34,4414.34,4414.34,27,CLEARED_>=20s,1.0,0.0,0.0,0.0,0.0,0.0,0.0,PASS_<20%,0.00,0.0,NO,STANDBY_VEL_LOW,0,0.00,4590.00,78.36,FALSE,M1_DIRECTION_MISMATCH
2026-09-07 16:04:27.806,1788797067.806,10995,56,534,4414.34,4414.42,8.0,PASS_<=10c,+0.0,FLAT,+0.0,+0.0,4.2,+0.00,0.00,SLOW,4414.34,4414.34,4414.34,4414.34,0.00,0.00,0.0,BULLISH,0.0,4414.34,4414.34,4414.34,4414.34,27,CLEARED_>=20s,1.0,0.0,0.0,0.0,0.0,0.0,0.0,PASS_<20%,0.00,0.0,NO,STANDBY_VEL_LOW,0,0.00,4590.00,78.36,FALSE,M1_DIRECTION_MISMATCH
2026-09-07 16:04:28.308,1788797068.308,10996,57,535,4414.34,4414.42,8.0,PASS_<=10c,+0.0,FLAT,+0.0,+0.0,4.2,+0.00,0.00,SLOW,4414.34,4414.34,4414.34,4414.34,0.00,0.00,0.0,BULLISH,0.0,4414.34,4414.34,4414.34,4414.34,28,CLEARED_>=20s,1.0,0.0,0.0,0.0,0.0,0.0,0.0,PASS_<20%,0.00,0.0,NO,STANDBY_VEL_LOW,0,0.00,4590.00,78.36,FALSE,M1_DIRECTION_MISMATCH
2026-09-07 16:04:28.809,1788797068.810,10997,58,536,4414.34,4414.42,8.0,PASS_<=10c,+0.0,FLAT,+0.0,+0.0,4.2,+0.00,0.00,SLOW,4414.34,4414.34,4414.34,4414.34,0.00,0.00,0.0,BULLISH,0.0,4414.34,4414.34,4414.34,4414.34,28,CLEARED_>=20s,1.0,0.0,0.0,0.0,0.0,0.0,0.0,PASS_<20%,0.00,0.0,NO,STANDBY_VEL_LOW,0,0.00,4590.00,78.36,FALSE,M1_DIRECTION_MISMATCH
2026-09-07 16:04:29.311,1788797069.312,10998,59,537,4414.34,4414.42,8.0,PASS_<=10c,+0.0,FLAT,+0.0,+0.0,4.2,+0.00,0.00,SLOW,4414.34,4414.34,4414.34,4414.34,0.00,0.00,0.0,BULLISH,0.0,4414.34,4414.34,4414.34,4414.34,29,CLEARED_>=20s,1.0,0.0,0.0,0.0,0.0,0.0,0.0,PASS_<20%,0.00,0.0,NO,STANDBY_VEL_LOW,0,0.00,4590.00,78.36,FALSE,M1_DIRECTION_MISMATCH
2026-09-07 16:04:29.813,1788797069.814,10999,60,538,4414.34,4414.42,8.0,PASS_<=10c,+0.0,FLAT,+0.0,+0.0,4.2,+0.00,0.00,SLOW,4414.34,4414.34,4414.34,4414.34,0.00,0.00,0.0,BULLISH,0.0,4414.34,4414.34,4414.34,4414.34,29,CLEARED_>=20s,1.0,0.0,0.0,0.0,0.0,0.0,0.0,PASS_<20%,0.00,0.0,NO,STANDBY_VEL_LOW,0,0.00,4590.00,78.36,FALSE,M1_DIRECTION_MISMATCH
2026-09-07 16:04:30.315,1788797070.316,11000,61,539,4414.34,4414.42,8.0,PASS_<=10c,+0.0,FLAT,+0.0,+0.0,4.2,+0.00,0.00,SLOW,4414.34,4414.34,4414.34,4414.34,0.00,0.00,0.0,BULLISH,0.0,4414.34,4414.34,4414.34,4414.34,30,CLEARED_>=20s,1.0,0.0,0.0,0.0,0.0,0.0,0.0,PASS_<20%,0.00,0.0,NO,STANDBY_VEL_LOW,0,0.00,4590.00,78.36,FALSE,M1_DIRECTION_MISMATCH
2026-09-07 16:04:30.817,1788797070.817,11001,62,540,4414.34,4414.42,8.0,PASS_<=10c,+0.0,FLAT,+0.0,+0.0,4.2,+0.00,0.00,SLOW,4414.34,4414.34,4414.34,4414.34,0.00,0.00,0.0,BULLISH,0.0,4414.34,4414.34,4414.34,4414.34,30,CLEARED_>=20s,1.0,0.0,0.0,0.0,0.0,0.0,0.0,PASS_<20%,0.00,0.0,NO,STANDBY_VEL_LOW,0,0.00,4590.00,78.36,FALSE,M1_DIRECTION_MISMATCH
2026-09-07 16:04:31.320,1788797071.320,11002,63,541,4414.34,4414.42,8.0,PASS_<=10c,+0.0,FLAT,+0.0,+0.0,4.2,+0.00,0.00,SLOW,4414.34,4414.34,4414.34,4414.34,0.00,0.00,0.0,BULLISH,0.0,4414.34,4414.34,4414.34,4414.34,31,CLEARED_>=20s,1.0,0.0,0.0,0.0,0.0,0.0,0.0,PASS_<20%,0.00,0.0,NO,STANDBY_VEL_LOW,0,0.00,4590.00,78.36,FALSE,M1_DIRECTION_MISMATCH
2026-09-07 16:04:31.821,1788797071.822,11003,64,542,4414.34,4414.42,8.0,PASS_<=10c,+0.0,FLAT,+0.0,+0.0,4.2,+0.00,0.00,SLOW,4414.34,4414.34,4414.34,4414.34,0.00,0.00,0.0,BULLISH,0.0,4414.34,4414.34,4414.34,4414.34,31,CLEARED_>=20s,1.0,0.0,0.0,0.0,0.0,0.0,0.0,PASS_<20%,0.00,0.0,NO,STANDBY_VEL_LOW,0,0.00,4590.00,78.36,FALSE,M1_DIRECTION_MISMATCH
2026-09-07 16:04:32.322,1788797072.323,11004,65,543,4414.34,4414.42,8.0,PASS_<=10c,+0.0,FLAT,+0.0,+0.0,4.2,+0.00,0.00,SLOW,4414.34,4414.34,4414.34,4414.34,0.00,0.00,0.0,BULLISH,0.0,4414.34,4414.34,4414.34,4414.34,32,CLEARED_>=20s,1.0,0.0,0.0,0.0,0.0,0.0,0.0,PASS_<20%,0.00,0.0,NO,STANDBY_VEL_LOW,0,0.00,4590.00,78.36,FALSE,M1_DIRECTION_MISMATCH
2026-09-07 16:04:32.823,1788797072.824,11005,66,544,4414.34,4414.42,8.0,PASS_<=10c,+0.0,FLAT,+0.0,+0.0,4.2,+0.00,0.00,SLOW,4414.34,4414.34,4414.34,4414.34,0.00,0.00,0.0,BULLISH,0.0,4414.34,4414.34,4414.34,4414.34,32,CLEARED_>=20s,1.0,0.0,0.0,0.0,0.0,0.0,0.0,PASS_<20%,0.00,0.0,NO,STANDBY_VEL_LOW,0,0.00,4590.00,78.36,FALSE,M1_DIRECTION_MISMATCH
2026-09-07 16:04:33.325,1788797073.326,11006,67,545,4414.34,4414.42,8.0,PASS_<=10c,+0.0,FLAT,+0.0,+0.0,4.2,+0.00,0.00,SLOW,4414.34,4414.34,4414.34,4414.34,0.00,0.00,0.0,BULLISH,0.0,4414.34,4414.34,4414.34,4414.34,33,CLEARED_>=20s,1.0,0.0,0.0,0.0,0.0,0.0,0.0,PASS_<20%,0.00,0.0,NO,STANDBY_VEL_LOW,0,0.00,4590.00,78.36,FALSE,M1_DIRECTION_MISMATCH
2026-09-07 16:04:33.826,1788797073.827,11007,68,546,4414.34,4414.42,8.0,PASS_<=10c,+0.0,FLAT,+0.0,+0.0,4.2,+0.00,0.00,SLOW,4414.34,4414.34,4414.34,4414.34,0.00,0.00,0.0,BULLISH,0.0,4414.34,4414.34,4414.34,4414.34,33,CLEARED_>=20s,1.0,0.0,0.0,0.0,0.0,0.0,0.0,PASS_<20%,0.00,0.0,NO,STANDBY_VEL_LOW,0,0.00,4590.00,78.36,FALSE,M1_DIRECTION_MISMATCH
2026-09-07 16:04:34.328,1788797074.328,11008,69,547,4414.34,4414.42,8.0,PASS_<=10c,+0.0,FLAT,+0.0,+0.0,4.2,+0.00,0.00,SLOW,4414.34,4414.34,4414.34,4414.34,0.00,0.00,0.0,BULLISH,0.0,4414.34,4414.34,4414.34,4414.34,34,CLEARED_>=20s,1.0,0.0,0.0,0.0,0.0,0.0,0.0,PASS_<20%,0.00,0.0,NO,STANDBY_VEL_LOW,0,0.00,4590.00,78.36,FALSE,M1_DIRECTION_MISMATCH
2026-09-07 16:04:34.829,1788797074.830,11009,70,548,4414.34,4414.42,8.0,PASS_<=10c,+0.0,FLAT,+0.0,+0.0,4.2,+0.00,0.00,SLOW,4414.34,4414.34,4414.34,4414.34,0.00,0.00,0.0,BULLISH,0.0,4414.34,4414.34,4414.34,4414.34,34,CLEARED_>=20s,1.0,0.0,0.0,0.0,0.0,0.0,0.0,PASS_<20%,0.00,0.0,NO,STANDBY_VEL_LOW,0,0.00,4590.00,78.36,FALSE,M1_DIRECTION_MISMATCH
2026-09-07 16:04:35.330,1788797075.331,11010,71,549,4414.34,4414.42,8.0,PASS_<=10c,+0.0,FLAT,+0.0,+0.0,4.2,+0.00,0.00,SLOW,4414.34,4414.34,4414.34,4414.34,0.00,0.00,0.0,BULLISH,0.0,4414.34,4414.34,4414.34,4414.34,35,CLEARED_>=20s,1.0,0.0,0.0,0.0,0.0,0.0,0.0,PASS_<20%,0.00,0.0,NO,STANDBY_VEL_LOW,0,0.00,4590.00,78.36,FALSE,M1_DIRECTION_MISMATCH
2026-09-07 16:04:35.832,1788797075.832,11011,72,550,4414.34,4414.42,8.0,PASS_<=10c,+0.0,FLAT,+0.0,+0.0,4.2,+0.00,0.00,SLOW,4414.34,4414.34,4414.34,4414.34,0.00,0.00,0.0,BULLISH,0.0,4414.34,4414.34,4414.34,4414.34,35,CLEARED_>=20s,1.0,0.0,0.0,0.0,0.0,0.0,0.0,PASS_<20%,0.00,0.0,NO,STANDBY_VEL_LOW,0,0.00,4590.00,78.36,FALSE,M1_DIRECTION_MISMATCH
2026-09-07 16:04:36.333,1788797076.334,11012,73,551,4414.34,4414.42,8.0,PASS_<=10c,+0.0,FLAT,+0.0,+0.0,4.2,+0.00,0.00,SLOW,4414.34,4414.34,4414.34,4414.34,0.00,0.00,0.0,BULLISH,0.0,4414.34,4414.34,4414.34,4414.34,36,CLEARED_>=20s,1.0,0.0,0.0,0.0,0.0,0.0,0.0,PASS_<20%,0.00,0.0,NO,STANDBY_VEL_LOW,0,0.00,4590.00,78.36,FALSE,M1_DIRECTION_MISMATCH
2026-09-07 16:04:36.835,1788797076.835,11013,74,552,4414.34,4414.42,8.0,PASS_<=10c,+0.0,FLAT,+0.0,+0.0,4.2,+0.00,0.00,SLOW,4414.34,4414.34,4414.34,4414.34,0.00,0.00,0.0,BULLISH,0.0,4414.34,4414.34,4414.34,4414.34,36,CLEARED_>=20s,1.0,0.0,0.0,0.0,0.0,0.0,0.0,PASS_<20%,0.00,0.0,NO,STANDBY_VEL_LOW,0,0.00,4590.00,78.36,FALSE,M1_DIRECTION_MISMATCH
2026-09-07 16:04:37.337,1788797077.337,11014,75,553,4414.34,4414.42,8.0,PASS_<=10c,+0.0,FLAT,+0.0,+0.0,4.2,+0.00,0.00,SLOW,4414.34,4414.34,4414.34,4414.34,0.00,0.00,0.0,BULLISH,0.0,4414.34,4414.34,4414.34,4414.34,37,CLEARED_>=20s,1.0,0.0,0.0,0.0,0.0,0.0,0.0,PASS_<20%,0.00,0.0,NO,STANDBY_VEL_LOW,0,0.00,4590.00,78.36,FALSE,M1_DIRECTION_MISMATCH
2026-09-07 16:04:37.838,1788797077.838,11015,76,554,4414.34,4414.42,8.0,PASS_<=10c,+0.0,FLAT,+0.0,+0.0,4.2,+0.00,0.00,SLOW,4414.34,4414.34,4414.34,4414.34,0.00,0.00,0.0,BULLISH,0.0,4414.34,4414.34,4414.34,4414.34,37,CLEARED_>=20s,1.0,0.0,0.0,0.0,0.0,0.0,0.0,PASS_<20%,0.00,0.0,NO,STANDBY_VEL_LOW,0,0.00,4590.00,78.36,FALSE,M1_DIRECTION_MISMATCH
2026-09-07 16:04:38.340,1788797078.341,11016,77,555,4414.34,4414.42,8.0,PASS_<=10c,+0.0,FLAT,+0.0,+0.0,4.2,+0.00,0.00,SLOW,4414.34,4414.34,4414.34,4414.34,0.00,0.00,0.0,BULLISH,0.0,4414.34,4414.34,4414.34,4414.34,38,CLEARED_>=20s,1.0,0.0,0.0,0.0,0.0,0.0,0.0,PASS_<20%,0.00,0.0,NO,STANDBY_VEL_LOW,0,0.00,4590.00,78.36,FALSE,M1_DIRECTION_MISMATCH
2026-09-07 16:04:38.842,1788797078.842,11017,78,556,4414.34,4414.42,8.0,PASS_<=10c,+0.0,FLAT,+0.0,+0.0,4.2,+0.00,0.00,SLOW,4414.34,4414.34,4414.34,4414.34,0.00,0.00,0.0,BULLISH,0.0,4414.34,4414.34,4414.34,4414.34,38,CLEARED_>=20s,1.0,0.0,0.0,0.0,0.0,0.0,0.0,PASS_<20%,0.00,0.0,NO,STANDBY_VEL_LOW,0,0.00,4590.00,78.36,FALSE,M1_DIRECTION_MISMATCH
2026-09-07 16:04:39.344,1788797079.345,11018,79,557,4414.34,4414.42,8.0,PASS_<=10c,+0.0,FLAT,+0.0,+0.0,4.2,+0.00,0.00,SLOW,4414.34,4414.34,4414.34,4414.34,0.00,0.00,0.0,BULLISH,0.0,4414.34,4414.34,4414.34,4414.34,39,CLEARED_>=20s,1.0,0.0,0.0,0.0,0.0,0.0,0.0,PASS_<20%,0.00,0.0,NO,STANDBY_VEL_LOW,0,0.00,4590.00,78.36,FALSE,M1_DIRECTION_MISMATCH
2026-09-07 16:04:39.846,1788797079.846,11019,80,558,4414.34,4414.42,8.0,PASS_<=10c,+0.0,FLAT,+0.0,+0.0,4.2,+0.00,0.00,SLOW,4414.34,4414.34,4414.34,4414.34,0.00,0.00,0.0,BULLISH,0.0,4414.34,4414.34,4414.34,4414.34,39,CLEARED_>=20s,1.0,0.0,0.0,0.0,0.0,0.0,0.0,PASS_<20%,0.00,0.0,NO,STANDBY_VEL_LOW,0,0.00,4590.00,78.36,FALSE,M1_DIRECTION_MISMATCH
2026-09-07 16:04:40.347,1788797080.348,11020,81,559,4414.34,4414.42,8.0,PASS_<=10c,+0.0,FLAT,+0.0,+0.0,4.2,+0.00,0.00,SLOW,4414.34,4414.34,4414.34,4414.34,0.00,0.00,0.0,BULLISH,0.0,4414.34,4414.34,4414.34,4414.34,40,CLEARED_>=20s,1.0,0.0,0.0,0.0,0.0,0.0,0.0,PASS_<20%,0.00,0.0,NO,STANDBY_VEL_LOW,0,0.00,4590.00,78.36,FALSE,M1_DIRECTION_MISMATCH
2026-09-07 16:04:40.849,1788797080.849,11021,82,560,4414.34,4414.42,8.0,PASS_<=10c,+0.0,FLAT,+0.0,+0.0,4.2,+0.00,0.00,SLOW,4414.34,4414.34,4414.34,4414.34,0.00,0.00,0.0,BULLISH,0.0,4414.34,4414.34,4414.34,4414.34,40,CLEARED_>=20s,1.0,0.0,0.0,0.0,0.0,0.0,0.0,PASS_<20%,0.00,0.0,NO,STANDBY_VEL_LOW,0,0.00,4590.00,78.36,FALSE,M1_DIRECTION_MISMATCH
2026-09-07 16:04:41.351,1788797081.351,11022,83,561,4414.34,4414.42,8.0,PASS_<=10c,+0.0,FLAT,+0.0,+0.0,4.2,+0.00,0.00,SLOW,4414.34,4414.34,4414.34,4414.34,0.00,0.00,0.0,BULLISH,0.0,4414.34,4414.34,4414.34,4414.34,41,CLEARED_>=20s,1.0,0.0,0.0,0.0,0.0,0.0,0.0,PASS_<20%,0.00,0.0,NO,STANDBY_VEL_LOW,0,0.00,4590.00,78.36,FALSE,M1_DIRECTION_MISMATCH
2026-09-07 16:04:41.853,1788797081.854,11023,84,562,4414.34,4414.42,8.0,PASS_<=10c,+0.0,FLAT,+0.0,+0.0,4.2,+0.00,0.00,SLOW,4414.34,4414.34,4414.34,4414.34,0.00,0.00,0.0,BULLISH,0.0,4414.34,4414.34,4414.34,4414.34,41,CLEARED_>=20s,1.0,0.0,0.0,0.0,0.0,0.0,0.0,PASS_<20%,0.00,0.0,NO,STANDBY_VEL_LOW,0,0.00,4590.00,78.36,FALSE,M1_DIRECTION_MISMATCH
2026-09-07 16:04:42.355,1788797082.355,11024,85,563,4414.34,4414.42,8.0,PASS_<=10c,+0.0,FLAT,+0.0,+0.0,4.2,+0.00,0.00,SLOW,4414.34,4414.34,4414.34,4414.34,0.00,0.00,0.0,BULLISH,0.0,4414.34,4414.34,4414.34,4414.34,42,CLEARED_>=20s,1.0,0.0,0.0,0.0,0.0,0.0,0.0,PASS_<20%,0.00,0.0,NO,STANDBY_VEL_LOW,0,0.00,4590.00,78.36,FALSE,M1_DIRECTION_MISMATCH
2026-09-07 16:04:42.857,1788797082.858,11025,86,564,4414.34,4414.42,8.0,PASS_<=10c,+0.0,FLAT,+0.0,+0.0,4.2,+0.00,0.00,SLOW,4414.34,4414.34,4414.34,4414.34,0.00,0.00,0.0,BULLISH,0.0,4414.34,4414.34,4414.34,4414.34,42,CLEARED_>=20s,1.0,0.0,0.0,0.0,0.0,0.0,0.0,PASS_<20%,0.00,0.0,NO,STANDBY_VEL_LOW,0,0.00,4590.00,78.36,FALSE,M1_DIRECTION_MISMATCH
2026-09-07 16:04:43.359,1788797083.360,11026,87,565,4414.34,4414.42,8.0,PASS_<=10c,+0.0,FLAT,+0.0,+0.0,4.2,+0.00,0.00,SLOW,4414.34,4414.34,4414.34,4414.34,0.00,0.00,0.0,BULLISH,0.0,4414.34,4414.34,4414.34,4414.34,43,CLEARED_>=20s,1.0,0.0,0.0,0.0,0.0,0.0,0.0,PASS_<20%,0.00,0.0,NO,STANDBY_VEL_LOW,0,0.00,4590.00,78.36,FALSE,M1_DIRECTION_MISMATCH
2026-09-07 16:04:43.862,1788797083.862,11027,88,566,4414.34,4414.42,8.0,PASS_<=10c,+0.0,FLAT,+0.0,+0.0,4.2,+0.00,0.00,SLOW,4414.34,4414.34,4414.34,4414.34,0.00,0.00,0.0,BULLISH,0.0,4414.34,4414.34,4414.34,4414.34,43,CLEARED_>=20s,1.0,0.0,0.0,0.0,0.0,0.0,0.0,PASS_<20%,0.00,0.0,NO,STANDBY_VEL_LOW,0,0.00,4590.00,78.36,FALSE,M1_DIRECTION_MISMATCH
2026-09-07 16:04:44.362,1788797084.362,11028,89,567,4414.34,4414.42,8.0,PASS_<=10c,+0.0,FLAT,+0.0,+0.0,4.2,+0.00,0.00,SLOW,4414.34,4414.34,4414.34,4414.34,0.00,0.00,0.0,BULLISH,0.0,4414.34,4414.34,4414.34,4414.34,44,CLEARED_>=20s,1.0,0.0,0.0,0.0,0.0,0.0,0.0,PASS_<20%,0.00,0.0,NO,STANDBY_VEL_LOW,0,0.00,4590.00,78.36,FALSE,M1_DIRECTION_MISMATCH
2026-09-07 16:04:44.863,1788797084.864,11029,90,568,4414.34,4414.42,8.0,PASS_<=10c,+0.0,FLAT,+0.0,+0.0,4.2,+0.00,0.00,SLOW,4414.34,4414.34,4414.34,4414.34,0.00,0.00,0.0,BULLISH,0.0,4414.34,4414.34,4414.34,4414.34,44,CLEARED_>=20s,1.0,0.0,0.0,0.0,0.0,0.0,0.0,PASS_<20%,0.00,0.0,NO,STANDBY_VEL_LOW,0,0.00,4590.00,78.36,FALSE,M1_DIRECTION_MISMATCH
2026-09-07 16:04:45.365,1788797085.365,11030,91,569,4414.34,4414.42,8.0,PASS_<=10c,+0.0,FLAT,+0.0,+0.0,4.2,+0.00,0.00,SLOW,4414.34,4414.34,4414.34,4414.34,0.00,0.00,0.0,BULLISH,0.0,4414.34,4414.34,4414.34,4414.34,45,CLEARED_>=20s,1.0,0.0,0.0,0.0,0.0,0.0,0.0,PASS_<20%,0.00,0.0,NO,STANDBY_VEL_LOW,0,0.00,4590.00,78.36,FALSE,M1_DIRECTION_MISMATCH
2026-09-07 16:04:45.867,1788797085.868,11031,92,570,4414.34,4414.42,8.0,PASS_<=10c,+0.0,FLAT,+0.0,+0.0,4.2,+0.00,0.00,SLOW,4414.34,4414.34,4414.34,4414.34,0.00,0.00,0.0,BULLISH,0.0,4414.34,4414.34,4414.34,4414.34,45,CLEARED_>=20s,1.0,0.0,0.0,0.0,0.0,0.0,0.0,PASS_<20%,0.00,0.0,NO,STANDBY_VEL_LOW,0,0.00,4590.00,78.36,FALSE,M1_DIRECTION_MISMATCH
2026-09-07 16:04:46.368,1788797086.369,11032,93,571,4414.34,4414.42,8.0,PASS_<=10c,+0.0,FLAT,+0.0,+0.0,4.2,+0.00,0.00,SLOW,4414.34,4414.34,4414.34,4414.34,0.00,0.00,0.0,BULLISH,0.0,4414.34,4414.34,4414.34,4414.34,46,CLEARED_>=20s,1.0,0.0,0.0,0.0,0.0,0.0,0.0,PASS_<20%,0.00,0.0,NO,STANDBY_VEL_LOW,0,0.00,4590.00,78.36,FALSE,M1_DIRECTION_MISMATCH
2026-09-07 16:04:46.869,1788797086.870,11033,94,572,4414.34,4414.42,8.0,PASS_<=10c,+0.0,FLAT,+0.0,+0.0,4.2,+0.00,0.00,SLOW,4414.34,4414.34,4414.34,4414.34,0.00,0.00,0.0,BULLISH,0.0,4414.34,4414.34,4414.34,4414.34,46,CLEARED_>=20s,1.0,0.0,0.0,0.0,0.0,0.0,0.0,PASS_<20%,0.00,0.0,NO,STANDBY_VEL_LOW,0,0.00,4590.00,78.36,FALSE,M1_DIRECTION_MISMATCH
2026-09-07 16:04:47.371,1788797087.371,11034,95,573,4414.34,4414.42,8.0,PASS_<=10c,+0.0,FLAT,+0.0,+0.0,4.2,+0.00,0.00,SLOW,4414.34,4414.34,4414.34,4414.34,0.00,0.00,0.0,BULLISH,0.0,4414.34,4414.34,4414.34,4414.34,47,CLEARED_>=20s,1.0,0.0,0.0,0.0,0.0,0.0,0.0,PASS_<20%,0.00,0.0,NO,STANDBY_VEL_LOW,0,0.00,4590.00,78.36,FALSE,M1_DIRECTION_MISMATCH
2026-09-07 16:04:47.873,1788797087.873,11035,96,574,4414.34,4414.42,8.0,PASS_<=10c,+0.0,FLAT,+0.0,+0.0,4.2,+0.00,0.00,SLOW,4414.34,4414.34,4414.34,4414.34,0.00,0.00,0.0,BULLISH,0.0,4414.34,4414.34,4414.34,4414.34,47,CLEARED_>=20s,1.0,0.0,0.0,0.0,0.0,0.0,0.0,PASS_<20%,0.00,0.0,NO,STANDBY_VEL_LOW,0,0.00,4590.00,78.36,FALSE,M1_DIRECTION_MISMATCH
2026-09-07 16:04:48.373,1788797088.374,11036,97,575,4414.34,4414.42,8.0,PASS_<=10c,+0.0,FLAT,+0.0,+0.0,4.2,+0.00,0.00,SLOW,4414.34,4414.34,4414.34,4414.34,0.00,0.00,0.0,BULLISH,0.0,4414.34,4414.34,4414.34,4414.34,48,CLEARED_>=20s,1.0,0.0,0.0,0.0,0.0,0.0,0.0,PASS_<20%,0.00,0.0,NO,STANDBY_VEL_LOW,0,0.00,4590.00,78.36,FALSE,M1_DIRECTION_MISMATCH
2026-09-07 16:04:48.875,1788797088.875,11037,98,576,4414.34,4414.42,8.0,PASS_<=10c,+0.0,FLAT,+0.0,+0.0,4.2,+0.00,0.00,SLOW,4414.34,4414.34,4414.34,4414.34,0.00,0.00,0.0,BULLISH,0.0,4414.34,4414.34,4414.34,4414.34,48,CLEARED_>=20s,1.0,0.0,0.0,0.0,0.0,0.0,0.0,PASS_<20%,0.00,0.0,NO,STANDBY_VEL_LOW,0,0.00,4590.00,78.36,FALSE,M1_DIRECTION_MISMATCH
2026-09-07 16:04:49.376,1788797089.377,11038,99,577,4414.34,4414.42,8.0,PASS_<=10c,+0.0,FLAT,+0.0,+0.0,4.2,+0.00,0.00,SLOW,4414.34,4414.34,4414.34,4414.34,0.00,0.00,0.0,BULLISH,0.0,4414.34,4414.34,4414.34,4414.34,49,CLEARED_>=20s,1.0,0.0,0.0,0.0,0.0,0.0,0.0,PASS_<20%,0.00,0.0,NO,STANDBY_VEL_LOW,0,0.00,4590.00,78.36,FALSE,M1_DIRECTION_MISMATCH
2026-09-07 16:04:49.877,1788797089.878,11039,100,578,4414.34,4414.42,8.0,PASS_<=10c,+0.0,FLAT,+0.0,+0.0,4.2,+0.00,0.00,SLOW,4414.34,4414.34,4414.34,4414.34,0.00,0.00,0.0,BULLISH,0.0,4414.34,4414.34,4414.34,4414.34,49,CLEARED_>=20s,1.0,0.0,0.0,0.0,0.0,0.0,0.0,PASS_<20%,0.00,0.0,NO,STANDBY_VEL_LOW,0,0.00,4590.00,78.36,FALSE,M1_DIRECTION_MISMATCH
2026-09-07 16:04:50.378,1788797090.379,11040,101,579,4414.34,4414.42,8.0,PASS_<=10c,+0.0,FLAT,+0.0,+0.0,4.2,+0.00,0.00,SLOW,4414.34,4414.34,4414.34,4414.34,0.00,0.00,0.0,BULLISH,0.0,4414.34,4414.34,4414.34,4414.34,50,CLEARED_>=20s,1.0,0.0,0.0,0.0,0.0,0.0,0.0,PASS_<20%,0.00,0.0,NO,STANDBY_VEL_LOW,0,0.00,4590.00,78.36,FALSE,M1_DIRECTION_MISMATCH
2026-09-07 16:04:50.880,1788797090.881,11041,102,580,4414.34,4414.42,8.0,PASS_<=10c,+0.0,FLAT,+0.0,+0.0,4.2,+0.00,0.00,SLOW,4414.34,4414.34,4414.34,4414.34,0.00,0.00,0.0,BULLISH,0.0,4414.34,4414.34,4414.34,4414.34,50,CLEARED_>=20s,1.0,0.0,0.0,0.0,0.0,0.0,0.0,PASS_<20%,0.00,0.0,NO,STANDBY_VEL_LOW,0,0.00,4590.00,78.36,FALSE,M1_DIRECTION_MISMATCH
2026-09-07 16:04:51.382,1788797091.383,11042,103,581,4414.34,4414.42,8.0,PASS_<=10c,+0.0,FLAT,+0.0,+0.0,4.2,+0.00,0.00,SLOW,4414.34,4414.34,4414.34,4414.34,0.00,0.00,0.0,BULLISH,0.0,4414.34,4414.34,4414.34,4414.34,51,CLEARED_>=20s,1.0,0.0,0.0,0.0,0.0,0.0,0.0,PASS_<20%,0.00,0.0,NO,STANDBY_VEL_LOW,0,0.00,4590.00,78.36,FALSE,M1_DIRECTION_MISMATCH
2026-09-07 16:04:51.884,1788797091.885,11043,104,582,4414.34,4414.42,8.0,PASS_<=10c,+0.0,FLAT,+0.0,+0.0,4.2,+0.00,0.00,SLOW,4414.34,4414.34,4414.34,4414.34,0.00,0.00,0.0,BULLISH,0.0,4414.34,4414.34,4414.34,4414.34,51,CLEARED_>=20s,1.0,0.0,0.0,0.0,0.0,0.0,0.0,PASS_<20%,0.00,0.0,NO,STANDBY_VEL_LOW,0,0.00,4590.00,78.36,FALSE,M1_DIRECTION_MISMATCH
2026-09-07 16:04:52.386,1788797092.387,11044,105,583,4414.34,4414.42,8.0,PASS_<=10c,+0.0,FLAT,+0.0,+0.0,4.2,+0.00,0.00,SLOW,4414.34,4414.34,4414.34,4414.34,0.00,0.00,0.0,BULLISH,0.0,4414.34,4414.34,4414.34,4414.34,52,CLEARED_>=20s,1.0,0.0,0.0,0.0,0.0,0.0,0.0,PASS_<20%,0.00,0.0,NO,STANDBY_VEL_LOW,0,0.00,4590.00,78.36,FALSE,M1_DIRECTION_MISMATCH
2026-09-07 16:04:52.887,1788797092.888,11045,106,584,4414.34,4414.42,8.0,PASS_<=10c,+0.0,FLAT,+0.0,+0.0,4.2,+0.00,0.00,SLOW,4414.34,4414.34,4414.34,4414.34,0.00,0.00,0.0,BULLISH,0.0,4414.34,4414.34,4414.34,4414.34,52,CLEARED_>=20s,1.0,0.0,0.0,0.0,0.0,0.0,0.0,PASS_<20%,0.00,0.0,NO,STANDBY_VEL_LOW,0,0.00,4590.00,78.36,FALSE,M1_DIRECTION_MISMATCH
2026-09-07 16:04:53.389,1788797093.390,11046,107,585,4414.34,4414.42,8.0,PASS_<=10c,+0.0,FLAT,+0.0,+0.0,4.2,+0.00,0.00,SLOW,4414.34,4414.34,4414.34,4414.34,0.00,0.00,0.0,BULLISH,0.0,4414.34,4414.34,4414.34,4414.34,53,CLEARED_>=20s,1.0,0.0,0.0,0.0,0.0,0.0,0.0,PASS_<20%,0.00,0.0,NO,STANDBY_VEL_LOW,0,0.00,4590.00,78.36,FALSE,M1_DIRECTION_MISMATCH
2026-09-07 16:04:53.891,1788797093.891,11047,108,586,4414.34,4414.42,8.0,PASS_<=10c,+0.0,FLAT,+0.0,+0.0,4.2,+0.00,0.00,SLOW,4414.34,4414.34,4414.34,4414.34,0.00,0.00,0.0,BULLISH,0.0,4414.34,4414.34,4414.34,4414.34,53,CLEARED_>=20s,1.0,0.0,0.0,0.0,0.0,0.0,0.0,PASS_<20%,0.00,0.0,NO,STANDBY_VEL_LOW,0,0.00,4590.00,78.36,FALSE,M1_DIRECTION_MISMATCH
2026-09-07 16:04:54.393,1788797094.393,11048,109,587,4414.34,4414.42,8.0,PASS_<=10c,+0.0,FLAT,+0.0,+0.0,4.2,+0.00,0.00,SLOW,4414.34,4414.34,4414.34,4414.34,0.00,0.00,0.0,BULLISH,0.0,4414.34,4414.34,4414.34,4414.34,54,CLEARED_>=20s,1.0,0.0,0.0,0.0,0.0,0.0,0.0,PASS_<20%,0.00,0.0,NO,STANDBY_VEL_LOW,0,0.00,4590.00,78.36,FALSE,M1_DIRECTION_MISMATCH
2026-09-07 16:04:54.893,1788797094.894,11049,110,588,4414.34,4414.42,8.0,PASS_<=10c,+0.0,FLAT,+0.0,+0.0,4.2,+0.00,0.00,SLOW,4414.34,4414.34,4414.34,4414.34,0.00,0.00,0.0,BULLISH,0.0,4414.34,4414.34,4414.34,4414.34,54,CLEARED_>=20s,1.0,0.0,0.0,0.0,0.0,0.0,0.0,PASS_<20%,0.00,0.0,NO,STANDBY_VEL_LOW,0,0.00,4590.00,78.36,FALSE,M1_DIRECTION_MISMATCH
2026-09-07 16:04:55.395,1788797095.395,11050,111,589,4414.34,4414.42,8.0,PASS_<=10c,+0.0,FLAT,+0.0,+0.0,4.2,+0.00,0.00,SLOW,4414.34,4414.34,4414.34,4414.34,0.00,0.00,0.0,BULLISH,0.0,4414.34,4414.34,4414.34,4414.34,55,CLEARED_>=20s,1.0,0.0,0.0,0.0,0.0,0.0,0.0,PASS_<20%,0.00,0.0,NO,STANDBY_VEL_LOW,0,0.00,4590.00,78.36,FALSE,M1_DIRECTION_MISMATCH
2026-09-07 16:04:55.896,1788797095.897,11051,112,590,4414.34,4414.42,8.0,PASS_<=10c,+0.0,FLAT,+0.0,+0.0,4.2,+0.00,0.00,SLOW,4414.34,4414.34,4414.34,4414.34,0.00,0.00,0.0,BULLISH,0.0,4414.34,4414.34,4414.34,4414.34,55,CLEARED_>=20s,1.0,0.0,0.0,0.0,0.0,0.0,0.0,PASS_<20%,0.00,0.0,NO,STANDBY_VEL_LOW,0,0.00,4590.00,78.36,FALSE,M1_DIRECTION_MISMATCH
2026-09-07 16:04:56.398,1788797096.399,11052,113,591,4414.34,4414.42,8.0,PASS_<=10c,+0.0,FLAT,+0.0,+0.0,4.2,+0.00,0.00,SLOW,4414.34,4414.34,4414.34,4414.34,0.00,0.00,0.0,BULLISH,0.0,4414.34,4414.34,4414.34,4414.34,56,CLEARED_>=20s,1.0,0.0,0.0,0.0,0.0,0.0,0.0,PASS_<20%,0.00,0.0,NO,STANDBY_VEL_LOW,0,0.00,4590.00,78.36,FALSE,M1_DIRECTION_MISMATCH
2026-09-07 16:04:56.900,1788797096.900,11053,114,592,4414.34,4414.42,8.0,PASS_<=10c,+0.0,FLAT,+0.0,+0.0,4.2,+0.00,0.00,SLOW,4414.34,4414.34,4414.34,4414.34,0.00,0.00,0.0,BULLISH,0.0,4414.34,4414.34,4414.34,4414.34,56,CLEARED_>=20s,1.0,0.0,0.0,0.0,0.0,0.0,0.0,PASS_<20%,0.00,0.0,NO,STANDBY_VEL_LOW,0,0.00,4590.00,78.36,FALSE,M1_DIRECTION_MISMATCH
2026-09-07 16:04:57.401,1788797097.401,11054,115,593,4414.34,4414.42,8.0,PASS_<=10c,+0.0,FLAT,+0.0,+0.0,4.2,+0.00,0.00,SLOW,4414.34,4414.34,4414.34,4414.34,0.00,0.00,0.0,BULLISH,0.0,4414.34,4414.34,4414.34,4414.34,57,CLEARED_>=20s,1.0,0.0,0.0,0.0,0.0,0.0,0.0,PASS_<20%,0.00,0.0,NO,STANDBY_VEL_LOW,0,0.00,4590.00,78.36,FALSE,M1_DIRECTION_MISMATCH
2026-09-07 16:04:57.902,1788797097.903,11055,116,594,4414.34,4414.42,8.0,PASS_<=10c,+0.0,FLAT,+0.0,+0.0,4.2,+0.00,0.00,SLOW,4414.34,4414.34,4414.34,4414.34,0.00,0.00,0.0,BULLISH,0.0,4414.34,4414.34,4414.34,4414.34,57,CLEARED_>=20s,1.0,0.0,0.0,0.0,0.0,0.0,0.0,PASS_<20%,0.00,0.0,NO,STANDBY_VEL_LOW,0,0.00,4590.00,78.36,FALSE,M1_DIRECTION_MISMATCH
2026-09-07 16:04:58.405,1788797098.406,11056,117,595,4414.34,4414.42,8.0,PASS_<=10c,+0.0,FLAT,+0.0,+0.0,4.2,+0.00,0.00,SLOW,4414.34,4414.34,4414.34,4414.34,0.00,0.00,0.0,BULLISH,0.0,4414.34,4414.34,4414.34,4414.34,58,CLEARED_>=20s,1.0,0.0,0.0,0.0,0.0,0.0,0.0,PASS_<20%,0.00,0.0,NO,STANDBY_VEL_LOW,0,0.00,4590.00,78.36,FALSE,M1_DIRECTION_MISMATCH
2026-09-07 16:04:58.907,1788797098.907,11057,118,596,4414.34,4414.42,8.0,PASS_<=10c,+0.0,FLAT,+0.0,+0.0,4.2,+0.00,0.00,SLOW,4414.34,4414.34,4414.34,4414.34,0.00,0.00,0.0,BULLISH,0.0,4414.34,4414.34,4414.34,4414.34,58,CLEARED_>=20s,1.0,0.0,0.0,0.0,0.0,0.0,0.0,PASS_<20%,0.00,0.0,NO,STANDBY_VEL_LOW,0,0.00,4590.00,78.36,FALSE,M1_DIRECTION_MISMATCH
2026-09-07 16:04:59.408,1788797099.409,11058,119,597,4414.34,4414.42,8.0,PASS_<=10c,+0.0,FLAT,+0.0,+0.0,4.2,+0.00,0.00,SLOW,4414.34,4414.34,4414.34,4414.34,0.00,0.00,0.0,BULLISH,0.0,4414.34,4414.34,4414.34,4414.34,59,CLEARED_>=20s,1.0,0.0,0.0,0.0,0.0,0.0,0.0,PASS_<20%,0.00,0.0,NO,STANDBY_VEL_LOW,0,0.00,4590.00,78.36,FALSE,M1_DIRECTION_MISMATCH
2026-09-07 16:04:59.911,1788797099.911,11059,120,598,4414.34,4414.42,8.0,PASS_<=10c,+0.0,FLAT,+0.0,+0.0,4.2,+0.00,0.00,SLOW,4414.34,4414.34,4414.34,4414.34,0.00,0.00,0.0,BULLISH,0.0,4414.34,4414.34,4414.34,4414.34,59,CLEARED_>=20s,1.0,0.0,0.0,0.0,0.0,0.0,0.0,PASS_<20%,0.00,0.0,NO,STANDBY_VEL_LOW,0,0.00,4590.00,78.36,FALSE,M1_DIRECTION_MISMATCH
2026-09-07 16:05:00.413,1788797100.413,11060,1,1,4414.34,4414.42,8.0,PASS_<=10c,+0.0,FLAT,+0.0,+0.0,4.2,+0.00,0.00,SLOW,4414.34,4414.34,4414.34,4414.34,0.00,0.00,0.0,BULLISH,0.0,4414.34,4414.34,4414.34,4414.34,0,ACTIVE_0s,1.0,0.0,0.0,0.0,0.0,0.0,0.0,PASS_<20%,0.00,0.0,NO,STANDBY_VEL_LOW,0,0.00,4590.00,78.36,FALSE,M1_DIRECTION_MISMATCH|OPENING_SHIELD_ACTIVE_0s
2026-09-07 16:05:00.915,1788797100.915,11061,2,2,4414.34,4414.42,8.0,PASS_<=10c,+0.0,FLAT,+0.0,+0.0,4.2,+0.00,0.00,SLOW,4414.34,4414.34,4414.34,4414.34,0.00,0.00,0.0,BULLISH,0.0,4414.34,4414.34,4414.34,4414.34,0,ACTIVE_0s,1.0,0.0,0.0,0.0,0.0,0.0,0.0,PASS_<20%,0.00,0.0,NO,STANDBY_VEL_LOW,0,0.00,4590.00,78.36,FALSE,M1_DIRECTION_MISMATCH|OPENING_SHIELD_ACTIVE_0s
2026-09-07 16:05:01.417,1788797101.417,11062,3,3,4414.34,4414.42,8.0,PASS_<=10c,+0.0,FLAT,+0.0,+0.0,4.2,+0.00,0.00,SLOW,4414.34,4414.34,4414.34,4414.34,0.00,0.00,0.0,BULLISH,0.0,4414.34,4414.34,4414.34,4414.34,1,ACTIVE_1s,1.0,0.0,0.0,0.0,0.0,0.0,0.0,PASS_<20%,0.00,0.0,NO,STANDBY_VEL_LOW,0,0.00,4590.00,78.36,FALSE,M1_DIRECTION_MISMATCH|OPENING_SHIELD_ACTIVE_1s
2026-09-07 16:05:01.919,1788797101.919,11063,4,4,4414.34,4414.42,8.0,PASS_<=10c,+0.0,FLAT,+0.0,+0.0,4.2,+0.00,0.00,SLOW,4414.34,4414.34,4414.34,4414.34,0.00,0.00,0.0,BULLISH,0.0,4414.34,4414.34,4414.34,4414.34,1,ACTIVE_1s,1.0,0.0,0.0,0.0,0.0,0.0,0.0,PASS_<20%,0.00,0.0,NO,STANDBY_VEL_LOW,0,0.00,4590.00,78.36,FALSE,M1_DIRECTION_MISMATCH|OPENING_SHIELD_ACTIVE_1s
2026-09-07 16:05:02.420,1788797102.421,11064,5,5,4414.34,4414.42,8.0,PASS_<=10c,+0.0,FLAT,+0.0,+0.0,4.2,+0.00,0.00,SLOW,4414.34,4414.34,4414.34,4414.34,0.00,0.00,0.0,BULLISH,0.0,4414.34,4414.34,4414.34,4414.34,2,ACTIVE_2s,1.0,0.0,0.0,0.0,0.0,0.0,0.0,PASS_<20%,0.00,0.0,NO,STANDBY_VEL_LOW,0,0.00,4590.00,78.36,FALSE,M1_DIRECTION_MISMATCH|OPENING_SHIELD_ACTIVE_2s
2026-09-07 16:05:02.921,1788797102.922,11065,6,6,4414.34,4414.42,8.0,PASS_<=10c,+0.0,FLAT,+0.0,+0.0,4.2,+0.00,0.00,SLOW,4414.34,4414.34,4414.34,4414.34,0.00,0.00,0.0,BULLISH,0.0,4414.34,4414.34,4414.34,4414.34,2,ACTIVE_2s,1.0,0.0,0.0,0.0,0.0,0.0,0.0,PASS_<20%,0.00,0.0,NO,STANDBY_VEL_LOW,0,0.00,4590.00,78.36,FALSE,M1_DIRECTION_MISMATCH|OPENING_SHIELD_ACTIVE_2s
2026-09-07 16:05:03.423,1788797103.424,11066,7,7,4414.34,4414.42,8.0,PASS_<=10c,+0.0,FLAT,+0.0,+0.0,4.2,+0.00,0.00,SLOW,4414.34,4414.34,4414.34,4414.34,0.00,0.00,0.0,BULLISH,0.0,4414.34,4414.34,4414.34,4414.34,3,ACTIVE_3s,1.0,0.0,0.0,0.0,0.0,0.0,0.0,PASS_<20%,0.00,0.0,NO,STANDBY_VEL_LOW,0,0.00,4590.00,78.36,FALSE,M1_DIRECTION_MISMATCH|OPENING_SHIELD_ACTIVE_3s
2026-09-07 16:05:03.925,1788797103.925,11067,8,8,4414.34,4414.42,8.0,PASS_<=10c,+0.0,FLAT,+0.0,+0.0,4.2,+0.00,0.00,SLOW,4414.34,4414.34,4414.34,4414.34,0.00,0.00,0.0,BULLISH,0.0,4414.34,4414.34,4414.34,4414.34,3,ACTIVE_3s,1.0,0.0,0.0,0.0,0.0,0.0,0.0,PASS_<20%,0.00,0.0,NO,STANDBY_VEL_LOW,0,0.00,4590.00,78.36,FALSE,M1_DIRECTION_MISMATCH|OPENING_SHIELD_ACTIVE_3s
2026-09-07 16:05:04.426,1788797104.427,11068,9,9,4414.34,4414.42,8.0,PASS_<=10c,+0.0,FLAT,+0.0,+0.0,4.2,+0.00,0.00,SLOW,4414.34,4414.34,4414.34,4414.34,0.00,0.00,0.0,BULLISH,0.0,4414.34,4414.34,4414.34,4414.34,4,ACTIVE_4s,1.0,0.0,0.0,0.0,0.0,0.0,0.0,PASS_<20%,0.00,0.0,NO,STANDBY_VEL_LOW,0,0.00,4590.00,78.36,FALSE,M1_DIRECTION_MISMATCH|OPENING_SHIELD_ACTIVE_4s
2026-09-07 16:05:04.928,1788797104.928,11069,10,10,4414.34,4414.42,8.0,PASS_<=10c,+0.0,FLAT,+0.0,+0.0,4.2,+0.00,0.00,SLOW,4414.34,4414.34,4414.34,4414.34,0.00,0.00,0.0,BULLISH,0.0,4414.34,4414.34,4414.34,4414.34,4,ACTIVE_4s,1.0,0.0,0.0,0.0,0.0,0.0,0.0,PASS_<20%,0.00,0.0,NO,STANDBY_VEL_LOW,0,0.00,4590.00,78.36,FALSE,M1_DIRECTION_MISMATCH|OPENING_SHIELD_ACTIVE_4s
2026-09-07 16:05:05.429,1788797105.429,11070,11,11,4414.34,4414.42,8.0,PASS_<=10c,+0.0,FLAT,+0.0,+0.0,4.2,+0.00,0.00,SLOW,4414.34,4414.34,4414.34,4414.34,0.00,0.00,0.0,BULLISH,0.0,4414.34,4414.34,4414.34,4414.34,5,ACTIVE_5s,1.0,0.0,0.0,0.0,0.0,0.0,0.0,PASS_<20%,0.00,0.0,NO,STANDBY_VEL_LOW,0,0.00,4590.00,78.36,FALSE,M1_DIRECTION_MISMATCH|OPENING_SHIELD_ACTIVE_5s
2026-09-07 16:05:05.930,1788797105.931,11071,12,12,4414.34,4414.42,8.0,PASS_<=10c,+0.0,FLAT,+0.0,+0.0,4.2,+0.00,0.00,SLOW,4414.34,4414.34,4414.34,4414.34,0.00,0.00,0.0,BULLISH,0.0,4414.34,4414.34,4414.34,4414.34,5,ACTIVE_5s,1.0,0.0,0.0,0.0,0.0,0.0,0.0,PASS_<20%,0.00,0.0,NO,STANDBY_VEL_LOW,0,0.00,4590.00,78.36,FALSE,M1_DIRECTION_MISMATCH|OPENING_SHIELD_ACTIVE_5s
2026-09-07 16:05:06.431,1788797106.432,11072,13,13,4414.34,4414.42,8.0,PASS_<=10c,+0.0,FLAT,+0.0,+0.0,4.2,+0.00,0.00,SLOW,4414.34,4414.34,4414.34,4414.34,0.00,0.00,0.0,BULLISH,0.0,4414.34,4414.34,4414.34,4414.34,6,ACTIVE_6s,1.0,0.0,0.0,0.0,0.0,0.0,0.0,PASS_<20%,0.00,0.0,NO,STANDBY_VEL_LOW,0,0.00,4590.00,78.36,FALSE,M1_DIRECTION_MISMATCH|OPENING_SHIELD_ACTIVE_6s
2026-09-07 16:05:06.943,1788797106.943,11073,14,14,4414.34,4414.42,8.0,PASS_<=10c,+0.0,FLAT,+0.0,+0.0,4.2,+0.00,0.00,SLOW,4414.34,4414.34,4414.34,4414.34,0.00,0.00,0.0,BULLISH,0.0,4414.34,4414.34,4414.34,4414.34,6,ACTIVE_6s,1.0,0.0,0.0,0.0,0.0,0.0,0.0,PASS_<20%,0.00,0.0,NO,STANDBY_VEL_LOW,0,0.00,4590.00,78.36,FALSE,M1_DIRECTION_MISMATCH|OPENING_SHIELD_ACTIVE_6s
2026-09-07 16:05:07.437,1788797107.437,11074,15,15,4414.34,4414.42,8.0,PASS_<=10c,+0.0,FLAT,+0.0,+0.0,4.2,+0.00,0.00,SLOW,4414.34,4414.34,4414.34,4414.34,0.00,0.00,0.0,BULLISH,0.0,4414.34,4414.34,4414.34,4414.34,7,ACTIVE_7s,1.0,0.0,0.0,0.0,0.0,0.0,0.0,PASS_<20%,0.00,0.0,NO,STANDBY_VEL_LOW,0,0.00,4590.00,78.36,FALSE,M1_DIRECTION_MISMATCH|OPENING_SHIELD_ACTIVE_7s
2026-09-07 16:05:07.938,1788797107.939,11075,16,16,4414.34,4414.42,8.0,PASS_<=10c,+0.0,FLAT,+0.0,+0.0,4.2,+0.00,0.00,SLOW,4414.34,4414.34,4414.34,4414.34,0.00,0.00,0.0,BULLISH,0.0,4414.34,4414.34,4414.34,4414.34,7,ACTIVE_7s,1.0,0.0,0.0,0.0,0.0,0.0,0.0,PASS_<20%,0.00,0.0,NO,STANDBY_VEL_LOW,0,0.00,4590.00,78.36,FALSE,M1_DIRECTION_MISMATCH|OPENING_SHIELD_ACTIVE_7s
2026-09-07 16:05:08.439,1788797108.440,11076,17,17,4414.34,4414.42,8.0,PASS_<=10c,+0.0,FLAT,+0.0,+0.0,4.2,+0.00,0.00,SLOW,4414.34,4414.34,4414.34,4414.34,0.00,0.00,0.0,BULLISH,0.0,4414.34,4414.34,4414.34,4414.34,8,ACTIVE_8s,1.0,0.0,0.0,0.0,0.0,0.0,0.0,PASS_<20%,0.00,0.0,NO,STANDBY_VEL_LOW,0,0.00,4590.00,78.36,FALSE,M1_DIRECTION_MISMATCH|OPENING_SHIELD_ACTIVE_8s
2026-09-07 16:05:08.941,1788797108.941,11077,18,18,4414.34,4414.42,8.0,PASS_<=10c,+0.0,FLAT,+0.0,+0.0,4.2,+0.00,0.00,SLOW,4414.34,4414.34,4414.34,4414.34,0.00,0.00,0.0,BULLISH,0.0,4414.34,4414.34,4414.34,4414.34,8,ACTIVE_8s,1.0,0.0,0.0,0.0,0.0,0.0,0.0,PASS_<20%,0.00,0.0,NO,STANDBY_VEL_LOW,0,0.00,4590.00,78.36,FALSE,M1_DIRECTION_MISMATCH|OPENING_SHIELD_ACTIVE_8s
2026-09-07 16:05:09.442,1788797109.443,11078,19,19,4414.34,4414.42,8.0,PASS_<=10c,+0.0,FLAT,+0.0,+0.0,4.2,+0.00,0.00,SLOW,4414.34,4414.34,4414.34,4414.34,0.00,0.00,0.0,BULLISH,0.0,4414.34,4414.34,4414.34,4414.34,9,ACTIVE_9s,1.0,0.0,0.0,0.0,0.0,0.0,0.0,PASS_<20%,0.00,0.0,NO,STANDBY_VEL_LOW,0,0.00,4590.00,78.36,FALSE,M1_DIRECTION_MISMATCH|OPENING_SHIELD_ACTIVE_9s
2026-09-07 16:05:09.943,1788797109.944,11079,20,20,4414.34,4414.42,8.0,PASS_<=10c,+0.0,FLAT,+0.0,+0.0,4.2,+0.00,0.00,SLOW,4414.34,4414.34,4414.34,4414.34,0.00,0.00,0.0,BULLISH,0.0,4414.34,4414.34,4414.34,4414.34,9,ACTIVE_9s,1.0,0.0,0.0,0.0,0.0,0.0,0.0,PASS_<20%,0.00,0.0,NO,STANDBY_VEL_LOW,0,0.00,4590.00,78.36,FALSE,M1_DIRECTION_MISMATCH|OPENING_SHIELD_ACTIVE_9s
2026-09-07 16:05:10.450,1788797110.451,11080,21,21,4414.34,4414.42,8.0,PASS_<=10c,+0.0,FLAT,+0.0,+0.0,4.2,+0.00,0.00,SLOW,4414.34,4414.34,4414.34,4414.34,0.00,0.00,0.0,BULLISH,0.0,4414.34,4414.34,4414.34,4414.34,10,ACTIVE_10s,1.0,0.0,0.0,0.0,0.0,0.0,0.0,PASS_<20%,0.00,0.0,NO,STANDBY_VEL_LOW,0,0.00,4590.00,78.36,FALSE,M1_DIRECTION_MISMATCH|OPENING_SHIELD_ACTIVE_10s
2026-09-07 16:05:10.947,1788797110.948,11081,22,22,4414.34,4414.42,8.0,PASS_<=10c,+0.0,FLAT,+0.0,+0.0,4.2,+0.00,0.00,SLOW,4414.34,4414.34,4414.34,4414.34,0.00,0.00,0.0,BULLISH,0.0,4414.34,4414.34,4414.34,4414.34,10,ACTIVE_10s,1.0,0.0,0.0,0.0,0.0,0.0,0.0,PASS_<20%,0.00,0.0,NO,STANDBY_VEL_LOW,0,0.00,4590.00,78.36,FALSE,M1_DIRECTION_MISMATCH|OPENING_SHIELD_ACTIVE_10s
2026-09-07 16:05:11.448,1788797111.448,11082,23,23,4414.34,4414.42,8.0,PASS_<=10c,+0.0,FLAT,+0.0,+0.0,4.2,+0.00,0.00,SLOW,4414.34,4414.34,4414.34,4414.34,0.00,0.00,0.0,BULLISH,0.0,4414.34,4414.34,4414.34,4414.34,11,ACTIVE_11s,1.0,0.0,0.0,0.0,0.0,0.0,0.0,PASS_<20%,0.00,0.0,NO,STANDBY_VEL_LOW,0,0.00,4590.00,78.36,FALSE,M1_DIRECTION_MISMATCH|OPENING_SHIELD_ACTIVE_11s
2026-09-07 16:05:11.948,1788797111.949,11083,24,24,4414.34,4414.42,8.0,PASS_<=10c,+0.0,FLAT,+0.0,+0.0,4.2,+0.00,0.00,SLOW,4414.34,4414.34,4414.34,4414.34,0.00,0.00,0.0,BULLISH,0.0,4414.34,4414.34,4414.34,4414.34,11,ACTIVE_11s,1.0,0.0,0.0,0.0,0.0,0.0,0.0,PASS_<20%,0.00,0.0,NO,STANDBY_VEL_LOW,0,0.00,4590.00,78.36,FALSE,M1_DIRECTION_MISMATCH|OPENING_SHIELD_ACTIVE_11s
2026-09-07 16:05:12.449,1788797112.450,11084,25,25,4414.34,4414.42,8.0,PASS_<=10c,+0.0,FLAT,+0.0,+0.0,4.2,+0.00,0.00,SLOW,4414.34,4414.34,4414.34,4414.34,0.00,0.00,0.0,BULLISH,0.0,4414.34,4414.34,4414.34,4414.34,12,ACTIVE_12s,1.0,0.0,0.0,0.0,0.0,0.0,0.0,PASS_<20%,0.00,0.0,NO,STANDBY_VEL_LOW,0,0.00,4590.00,78.36,FALSE,M1_DIRECTION_MISMATCH|OPENING_SHIELD_ACTIVE_12s
2026-09-07 16:05:12.951,1788797112.951,11085,26,26,4414.34,4414.42,8.0,PASS_<=10c,+0.0,FLAT,+0.0,+0.0,4.2,+0.00,0.00,SLOW,4414.34,4414.34,4414.34,4414.34,0.00,0.00,0.0,BULLISH,0.0,4414.34,4414.34,4414.34,4414.34,12,ACTIVE_12s,1.0,0.0,0.0,0.0,0.0,0.0,0.0,PASS_<20%,0.00,0.0,NO,STANDBY_VEL_LOW,0,0.00,4590.00,78.36,FALSE,M1_DIRECTION_MISMATCH|OPENING_SHIELD_ACTIVE_12s
2026-09-07 16:05:13.452,1788797113.453,11086,27,27,4414.34,4414.42,8.0,PASS_<=10c,+0.0,FLAT,+0.0,+0.0,4.2,+0.00,0.00,SLOW,4414.34,4414.34,4414.34,4414.34,0.00,0.00,0.0,BULLISH,0.0,4414.34,4414.34,4414.34,4414.34,13,ACTIVE_13s,1.0,0.0,0.0,0.0,0.0,0.0,0.0,PASS_<20%,0.00,0.0,NO,STANDBY_VEL_LOW,0,0.00,4590.00,78.36,FALSE,M1_DIRECTION_MISMATCH|OPENING_SHIELD_ACTIVE_13s
2026-09-07 16:05:13.953,1788797113.954,11087,28,28,4414.34,4414.42,8.0,PASS_<=10c,+0.0,FLAT,+0.0,+0.0,4.2,+0.00,0.00,SLOW,4414.34,4414.34,4414.34,4414.34,0.00,0.00,0.0,BULLISH,0.0,4414.34,4414.34,4414.34,4414.34,13,ACTIVE_13s,1.0,0.0,0.0,0.0,0.0,0.0,0.0,PASS_<20%,0.00,0.0,NO,STANDBY_VEL_LOW,0,0.00,4590.00,78.36,FALSE,M1_DIRECTION_MISMATCH|OPENING_SHIELD_ACTIVE_13s
2026-09-07 16:05:14.455,1788797114.455,11088,29,29,4414.34,4414.42,8.0,PASS_<=10c,+0.0,FLAT,+0.0,+0.0,4.2,+0.00,0.00,SLOW,4414.34,4414.34,4414.34,4414.34,0.00,0.00,0.0,BULLISH,0.0,4414.34,4414.34,4414.34,4414.34,14,ACTIVE_14s,1.0,0.0,0.0,0.0,0.0,0.0,0.0,PASS_<20%,0.00,0.0,NO,STANDBY_VEL_LOW,0,0.00,4590.00,78.36,FALSE,M1_DIRECTION_MISMATCH|OPENING_SHIELD_ACTIVE_14s
2026-09-07 16:05:14.956,1788797114.956,11089,30,30,4414.34,4414.42,8.0,PASS_<=10c,+0.0,FLAT,+0.0,+0.0,4.2,+0.00,0.00,SLOW,4414.34,4414.34,4414.34,4414.34,0.00,0.00,0.0,BULLISH,0.0,4414.34,4414.34,4414.34,4414.34,14,ACTIVE_14s,1.0,0.0,0.0,0.0,0.0,0.0,0.0,PASS_<20%,0.00,0.0,NO,STANDBY_VEL_LOW,0,0.00,4590.00,78.36,FALSE,M1_DIRECTION_MISMATCH|OPENING_SHIELD_ACTIVE_14s
2026-09-07 16:05:15.457,1788797115.458,11090,31,31,4414.34,4414.42,8.0,PASS_<=10c,+0.0,FLAT,+0.0,+0.0,4.2,+0.00,0.00,SLOW,4414.34,4414.34,4414.34,4414.34,0.00,0.00,0.0,BULLISH,0.0,4414.34,4414.34,4414.34,4414.34,15,ACTIVE_15s,1.0,0.0,0.0,0.0,0.0,0.0,0.0,PASS_<20%,0.00,0.0,NO,STANDBY_VEL_LOW,0,0.00,4590.00,78.36,FALSE,M1_DIRECTION_MISMATCH|OPENING_SHIELD_ACTIVE_15s
2026-09-07 16:05:15.958,1788797115.959,11091,32,32,4414.34,4414.42,8.0,PASS_<=10c,+0.0,FLAT,+0.0,+0.0,4.2,+0.00,0.00,SLOW,4414.34,4414.34,4414.34,4414.34,0.00,0.00,0.0,BULLISH,0.0,4414.34,4414.34,4414.34,4414.34,15,ACTIVE_15s,1.0,0.0,0.0,0.0,0.0,0.0,0.0,PASS_<20%,0.00,0.0,NO,STANDBY_VEL_LOW,0,0.00,4590.00,78.36,FALSE,M1_DIRECTION_MISMATCH|OPENING_SHIELD_ACTIVE_15s
2026-09-07 16:05:16.459,1788797116.460,11092,33,33,4414.34,4414.42,8.0,PASS_<=10c,+0.0,FLAT,+0.0,+0.0,4.2,+0.00,0.00,SLOW,4414.34,4414.34,4414.34,4414.34,0.00,0.00,0.0,BULLISH,0.0,4414.34,4414.34,4414.34,4414.34,16,ACTIVE_16s,1.0,0.0,0.0,0.0,0.0,0.0,0.0,PASS_<20%,0.00,0.0,NO,STANDBY_VEL_LOW,0,0.00,4590.00,78.36,FALSE,M1_DIRECTION_MISMATCH|OPENING_SHIELD_ACTIVE_16s
2026-09-07 16:05:16.961,1788797116.962,11093,34,34,4414.34,4414.42,8.0,PASS_<=10c,+0.0,FLAT,+0.0,+0.0,4.2,+0.00,0.00,SLOW,4414.34,4414.34,4414.34,4414.34,0.00,0.00,0.0,BULLISH,0.0,4414.34,4414.34,4414.34,4414.34,16,ACTIVE_16s,1.0,0.0,0.0,0.0,0.0,0.0,0.0,PASS_<20%,0.00,0.0,NO,STANDBY_VEL_LOW,0,0.00,4590.00,78.36,FALSE,M1_DIRECTION_MISMATCH|OPENING_SHIELD_ACTIVE_16s
2026-09-07 16:05:17.464,1788797117.464,11094,35,35,4414.34,4414.42,8.0,PASS_<=10c,+0.0,FLAT,+0.0,+0.0,4.2,+0.00,0.00,SLOW,4414.34,4414.34,4414.34,4414.34,0.00,0.00,0.0,BULLISH,0.0,4414.34,4414.34,4414.34,4414.34,17,ACTIVE_17s,1.0,0.0,0.0,0.0,0.0,0.0,0.0,PASS_<20%,0.00,0.0,NO,STANDBY_VEL_LOW,0,0.00,4590.00,78.36,FALSE,M1_DIRECTION_MISMATCH|OPENING_SHIELD_ACTIVE_17s
2026-09-07 16:05:17.965,1788797117.966,11095,36,36,4414.34,4414.42,8.0,PASS_<=10c,+0.0,FLAT,+0.0,+0.0,4.2,+0.00,0.00,SLOW,4414.34,4414.34,4414.34,4414.34,0.00,0.00,0.0,BULLISH,0.0,4414.34,4414.34,4414.34,4414.34,17,ACTIVE_17s,1.0,0.0,0.0,0.0,0.0,0.0,0.0,PASS_<20%,0.00,0.0,NO,STANDBY_VEL_LOW,0,0.00,4590.00,78.36,FALSE,M1_DIRECTION_MISMATCH|OPENING_SHIELD_ACTIVE_17s
2026-09-07 16:05:18.465,1788797118.466,11096,37,37,4414.34,4414.42,8.0,PASS_<=10c,+0.0,FLAT,+0.0,+0.0,4.2,+0.00,0.00,SLOW,4414.34,4414.34,4414.34,4414.34,0.00,0.00,0.0,BULLISH,0.0,4414.34,4414.34,4414.34,4414.34,18,ACTIVE_18s,1.0,0.0,0.0,0.0,0.0,0.0,0.0,PASS_<20%,0.00,0.0,NO,STANDBY_VEL_LOW,0,0.00,4590.00,78.36,FALSE,M1_DIRECTION_MISMATCH|OPENING_SHIELD_ACTIVE_18s
2026-09-07 16:05:18.967,1788797118.968,11097,38,38,4414.34,4414.42,8.0,PASS_<=10c,+0.0,FLAT,+0.0,+0.0,4.2,+0.00,0.00,SLOW,4414.34,4414.34,4414.34,4414.34,0.00,0.00,0.0,BULLISH,0.0,4414.34,4414.34,4414.34,4414.34,18,ACTIVE_18s,1.0,0.0,0.0,0.0,0.0,0.0,0.0,PASS_<20%,0.00,0.0,NO,STANDBY_VEL_LOW,0,0.00,4590.00,78.36,FALSE,M1_DIRECTION_MISMATCH|OPENING_SHIELD_ACTIVE_18s
2026-09-07 16:05:19.468,1788797119.469,11098,39,39,4414.34,4414.42,8.0,PASS_<=10c,+0.0,FLAT,+0.0,+0.0,4.2,+0.00,0.00,SLOW,4414.34,4414.34,4414.34,4414.34,0.00,0.00,0.0,BULLISH,0.0,4414.34,4414.34,4414.34,4414.34,19,ACTIVE_19s,1.0,0.0,0.0,0.0,0.0,0.0,0.0,PASS_<20%,0.00,0.0,NO,STANDBY_VEL_LOW,0,0.00,4590.00,78.36,FALSE,M1_DIRECTION_MISMATCH|OPENING_SHIELD_ACTIVE_19s
2026-09-07 16:05:19.970,1788797119.971,11099,40,40,4414.34,4414.42,8.0,PASS_<=10c,+0.0,FLAT,+0.0,+0.0,4.2,+0.00,0.00,SLOW,4414.34,4414.34,4414.34,4414.34,0.00,0.00,0.0,BULLISH,0.0,4414.34,4414.34,4414.34,4414.34,19,ACTIVE_19s,1.0,0.0,0.0,0.0,0.0,0.0,0.0,PASS_<20%,0.00,0.0,NO,STANDBY_VEL_LOW,0,0.00,4590.00,78.36,FALSE,M1_DIRECTION_MISMATCH|OPENING_SHIELD_ACTIVE_19s
2026-09-07 16:05:20.476,1788797120.477,11100,41,41,4414.34,4414.42,8.0,PASS_<=10c,+0.0,FLAT,+0.0,+0.0,4.2,+0.00,0.00,SLOW,4414.34,4414.34,4414.34,4414.34,0.00,0.00,0.0,BULLISH,0.0,4414.34,4414.34,4414.34,4414.34,20,CLEARED_>=20s,1.0,0.0,0.0,0.0,0.0,0.0,0.0,PASS_<20%,0.00,0.0,NO,STANDBY_VEL_LOW,0,0.00,4590.00,78.36,FALSE,M1_DIRECTION_MISMATCH
2026-09-07 16:05:20.974,1788797120.975,11101,42,42,4414.34,4414.42,8.0,PASS_<=10c,+0.0,FLAT,+0.0,+0.0,4.2,+0.00,0.00,SLOW,4414.34,4414.34,4414.34,4414.34,0.00,0.00,0.0,BULLISH,0.0,4414.34,4414.34,4414.34,4414.34,20,CLEARED_>=20s,1.0,0.0,0.0,0.0,0.0,0.0,0.0,PASS_<20%,0.00,0.0,NO,STANDBY_VEL_LOW,0,0.00,4590.00,78.36,FALSE,M1_DIRECTION_MISMATCH
2026-09-07 16:05:21.475,1788797121.475,11102,43,43,4414.34,4414.42,8.0,PASS_<=10c,+0.0,FLAT,+0.0,+0.0,4.2,+0.00,0.00,SLOW,4414.34,4414.34,4414.34,4414.34,0.00,0.00,0.0,BULLISH,0.0,4414.34,4414.34,4414.34,4414.34,21,CLEARED_>=20s,1.0,0.0,0.0,0.0,0.0,0.0,0.0,PASS_<20%,0.00,0.0,NO,STANDBY_VEL_LOW,0,0.00,4590.00,78.36,FALSE,M1_DIRECTION_MISMATCH
2026-09-07 16:05:21.976,1788797121.977,11103,44,44,4414.34,4414.42,8.0,PASS_<=10c,+0.0,FLAT,+0.0,+0.0,4.2,+0.00,0.00,SLOW,4414.34,4414.34,4414.34,4414.34,0.00,0.00,0.0,BULLISH,0.0,4414.34,4414.34,4414.34,4414.34,21,CLEARED_>=20s,1.0,0.0,0.0,0.0,0.0,0.0,0.0,PASS_<20%,0.00,0.0,NO,STANDBY_VEL_LOW,0,0.00,4590.00,78.36,FALSE,M1_DIRECTION_MISMATCH
2026-09-07 16:05:22.479,1788797122.479,11104,45,45,4414.34,4414.42,8.0,PASS_<=10c,+0.0,FLAT,+0.0,+0.0,4.2,+0.00,0.00,SLOW,4414.34,4414.34,4414.34,4414.34,0.00,0.00,0.0,BULLISH,0.0,4414.34,4414.34,4414.34,4414.34,22,CLEARED_>=20s,1.0,0.0,0.0,0.0,0.0,0.0,0.0,PASS_<20%,0.00,0.0,NO,STANDBY_VEL_LOW,0,0.00,4590.00,78.36,FALSE,M1_DIRECTION_MISMATCH
2026-09-07 16:05:22.979,1788797122.979,11105,46,46,4414.34,4414.42,8.0,PASS_<=10c,+0.0,FLAT,+0.0,+0.0,4.2,+0.00,0.00,SLOW,4414.34,4414.34,4414.34,4414.34,0.00,0.00,0.0,BULLISH,0.0,4414.34,4414.34,4414.34,4414.34,22,CLEARED_>=20s,1.0,0.0,0.0,0.0,0.0,0.0,0.0,PASS_<20%,0.00,0.0,NO,STANDBY_VEL_LOW,0,0.00,4590.00,78.36,FALSE,M1_DIRECTION_MISMATCH
2026-09-07 16:05:23.479,1788797123.480,11106,47,47,4414.34,4414.42,8.0,PASS_<=10c,+0.0,FLAT,+0.0,+0.0,4.2,+0.00,0.00,SLOW,4414.34,4414.34,4414.34,4414.34,0.00,0.00,0.0,BULLISH,0.0,4414.34,4414.34,4414.34,4414.34,23,CLEARED_>=20s,1.0,0.0,0.0,0.0,0.0,0.0,0.0,PASS_<20%,0.00,0.0,NO,STANDBY_VEL_LOW,0,0.00,4590.00,78.36,FALSE,M1_DIRECTION_MISMATCH
2026-09-07 16:05:23.982,1788797123.983,11107,48,48,4414.34,4414.42,8.0,PASS_<=10c,+0.0,FLAT,+0.0,+0.0,4.2,+0.00,0.00,SLOW,4414.34,4414.34,4414.34,4414.34,0.00,0.00,0.0,BULLISH,0.0,4414.34,4414.34,4414.34,4414.34,23,CLEARED_>=20s,1.0,0.0,0.0,0.0,0.0,0.0,0.0,PASS_<20%,0.00,0.0,NO,STANDBY_VEL_LOW,0,0.00,4590.00,78.36,FALSE,M1_DIRECTION_MISMATCH
2026-09-07 16:05:24.483,1788797124.484,11108,49,49,4414.34,4414.42,8.0,PASS_<=10c,+0.0,FLAT,+0.0,+0.0,4.2,+0.00,0.00,SLOW,4414.34,4414.34,4414.34,4414.34,0.00,0.00,0.0,BULLISH,0.0,4414.34,4414.34,4414.34,4414.34,24,CLEARED_>=20s,1.0,0.0,0.0,0.0,0.0,0.0,0.0,PASS_<20%,0.00,0.0,NO,STANDBY_VEL_LOW,0,0.00,4590.00,78.36,FALSE,M1_DIRECTION_MISMATCH
2026-09-07 16:05:24.984,1788797124.985,11109,50,50,4414.34,4414.42,8.0,PASS_<=10c,+0.0,FLAT,+0.0,+0.0,4.2,+0.00,0.00,SLOW,4414.34,4414.34,4414.34,4414.34,0.00,0.00,0.0,BULLISH,0.0,4414.34,4414.34,4414.34,4414.34,24,CLEARED_>=20s,1.0,0.0,0.0,0.0,0.0,0.0,0.0,PASS_<20%,0.00,0.0,NO,STANDBY_VEL_LOW,0,0.00,4590.00,78.36,FALSE,M1_DIRECTION_MISMATCH
2026-09-07 16:05:25.486,1788797125.486,11110,51,51,4414.34,4414.42,8.0,PASS_<=10c,+0.0,FLAT,+0.0,+0.0,4.2,+0.00,0.00,SLOW,4414.34,4414.34,4414.34,4414.34,0.00,0.00,0.0,BULLISH,0.0,4414.34,4414.34,4414.34,4414.34,25,CLEARED_>=20s,1.0,0.0,0.0,0.0,0.0,0.0,0.0,PASS_<20%,0.00,0.0,NO,STANDBY_VEL_LOW,0,0.00,4590.00,78.36,FALSE,M1_DIRECTION_MISMATCH
2026-09-07 16:05:25.988,1788797125.988,11111,52,52,4414.34,4414.42,8.0,PASS_<=10c,+0.0,FLAT,+0.0,+0.0,4.2,+0.00,0.00,SLOW,4414.34,4414.34,4414.34,4414.34,0.00,0.00,0.0,BULLISH,0.0,4414.34,4414.34,4414.34,4414.34,25,CLEARED_>=20s,1.0,0.0,0.0,0.0,0.0,0.0,0.0,PASS_<20%,0.00,0.0,NO,STANDBY_VEL_LOW,0,0.00,4590.00,78.36,FALSE,M1_DIRECTION_MISMATCH
2026-09-07 16:05:26.491,1788797126.491,11112,53,53,4414.34,4414.42,8.0,PASS_<=10c,+0.0,FLAT,+0.0,+0.0,4.2,+0.00,0.00,SLOW,4414.34,4414.34,4414.34,4414.34,0.00,0.00,0.0,BULLISH,0.0,4414.34,4414.34,4414.34,4414.34,26,CLEARED_>=20s,1.0,0.0,0.0,0.0,0.0,0.0,0.0,PASS_<20%,0.00,0.0,NO,STANDBY_VEL_LOW,0,0.00,4590.00,78.36,FALSE,M1_DIRECTION_MISMATCH
2026-09-07 16:05:26.991,1788797126.992,11113,54,54,4414.34,4414.42,8.0,PASS_<=10c,+0.0,FLAT,+0.0,+0.0,4.2,+0.00,0.00,SLOW,4414.34,4414.34,4414.34,4414.34,0.00,0.00,0.0,BULLISH,0.0,4414.34,4414.34,4414.34,4414.34,26,CLEARED_>=20s,1.0,0.0,0.0,0.0,0.0,0.0,0.0,PASS_<20%,0.00,0.0,NO,STANDBY_VEL_LOW,0,0.00,4590.00,78.36,FALSE,M1_DIRECTION_MISMATCH
2026-09-07 16:05:27.494,1788797127.494,11114,55,55,4414.34,4414.42,8.0,PASS_<=10c,+0.0,FLAT,+0.0,+0.0,4.2,+0.00,0.00,SLOW,4414.34,4414.34,4414.34,4414.34,0.00,0.00,0.0,BULLISH,0.0,4414.34,4414.34,4414.34,4414.34,27,CLEARED_>=20s,1.0,0.0,0.0,0.0,0.0,0.0,0.0,PASS_<20%,0.00,0.0,NO,STANDBY_VEL_LOW,0,0.00,4590.00,78.36,FALSE,M1_DIRECTION_MISMATCH
2026-09-07 16:05:27.996,1788797127.996,11115,56,56,4414.34,4414.42,8.0,PASS_<=10c,+0.0,FLAT,+0.0,+0.0,4.2,+0.00,0.00,SLOW,4414.34,4414.34,4414.34,4414.34,0.00,0.00,0.0,BULLISH,0.0,4414.34,4414.34,4414.34,4414.34,27,CLEARED_>=20s,1.0,0.0,0.0,0.0,0.0,0.0,0.0,PASS_<20%,0.00,0.0,NO,STANDBY_VEL_LOW,0,0.00,4590.00,78.36,FALSE,M1_DIRECTION_MISMATCH
2026-09-07 16:05:28.498,1788797128.498,11116,57,57,4414.34,4414.42,8.0,PASS_<=10c,+0.0,FLAT,+0.0,+0.0,4.2,+0.00,0.00,SLOW,4414.34,4414.34,4414.34,4414.34,0.00,0.00,0.0,BULLISH,0.0,4414.34,4414.34,4414.34,4414.34,28,CLEARED_>=20s,1.0,0.0,0.0,0.0,0.0,0.0,0.0,PASS_<20%,0.00,0.0,NO,STANDBY_VEL_LOW,0,0.00,4590.00,78.36,FALSE,M1_DIRECTION_MISMATCH
2026-09-07 16:05:28.999,1788797129.000,11117,58,58,4414.34,4414.42,8.0,PASS_<=10c,+0.0,FLAT,+0.0,+0.0,4.2,+0.00,0.00,SLOW,4414.34,4414.34,4414.34,4414.34,0.00,0.00,0.0,BULLISH,0.0,4414.34,4414.34,4414.34,4414.34,28,CLEARED_>=20s,1.0,0.0,0.0,0.0,0.0,0.0,0.0,PASS_<20%,0.00,0.0,NO,STANDBY_VEL_LOW,0,0.00,4590.00,78.36,FALSE,M1_DIRECTION_MISMATCH
2026-09-07 16:05:29.501,1788797129.502,11118,59,59,4414.34,4414.42,8.0,PASS_<=10c,+0.0,FLAT,+0.0,+0.0,4.2,+0.00,0.00,SLOW,4414.34,4414.34,4414.34,4414.34,0.00,0.00,0.0,BULLISH,0.0,4414.34,4414.34,4414.34,4414.34,29,CLEARED_>=20s,1.0,0.0,0.0,0.0,0.0,0.0,0.0,PASS_<20%,0.00,0.0,NO,STANDBY_VEL_LOW,0,0.00,4590.00,78.36,FALSE,M1_DIRECTION_MISMATCH
2026-09-07 16:05:30.002,1788797130.002,11119,60,60,4414.34,4414.42,8.0,PASS_<=10c,+0.0,FLAT,+0.0,+0.0,4.2,+0.00,0.00,SLOW,4414.34,4414.34,4414.34,4414.34,0.00,0.00,0.0,BULLISH,0.0,4414.34,4414.34,4414.34,4414.34,30,CLEARED_>=20s,1.0,0.0,0.0,0.0,0.0,0.0,0.0,PASS_<20%,0.00,0.0,NO,STANDBY_VEL_LOW,0,0.00,4590.00,78.36,FALSE,M1_DIRECTION_MISMATCH
2026-09-07 16:05:30.503,1788797130.504,11120,61,61,4414.34,4414.42,8.0,PASS_<=10c,+0.0,FLAT,+0.0,+0.0,4.2,+0.00,0.00,SLOW,4414.34,4414.34,4414.34,4414.34,0.00,0.00,0.0,BULLISH,0.0,4414.34,4414.34,4414.34,4414.34,30,CLEARED_>=20s,1.0,0.0,0.0,0.0,0.0,0.0,0.0,PASS_<20%,0.00,0.0,NO,STANDBY_VEL_LOW,0,0.00,4590.00,78.36,FALSE,M1_DIRECTION_MISMATCH
2026-09-07 16:05:31.005,1788797131.006,11121,62,62,4414.34,4414.42,8.0,PASS_<=10c,+0.0,FLAT,+0.0,+0.0,4.2,+0.00,0.00,SLOW,4414.34,4414.34,4414.34,4414.34,0.00,0.00,0.0,BULLISH,0.0,4414.34,4414.34,4414.34,4414.34,31,CLEARED_>=20s,1.0,0.0,0.0,0.0,0.0,0.0,0.0,PASS_<20%,0.00,0.0,NO,STANDBY_VEL_LOW,0,0.00,4590.00,78.36,FALSE,M1_DIRECTION_MISMATCH
2026-09-07 16:05:31.507,1788797131.507,11122,63,63,4414.34,4414.42,8.0,PASS_<=10c,+0.0,FLAT,+0.0,+0.0,4.2,+0.00,0.00,SLOW,4414.34,4414.34,4414.34,4414.34,0.00,0.00,0.0,BULLISH,0.0,4414.34,4414.34,4414.34,4414.34,31,CLEARED_>=20s,1.0,0.0,0.0,0.0,0.0,0.0,0.0,PASS_<20%,0.00,0.0,NO,STANDBY_VEL_LOW,0,0.00,4590.00,78.36,FALSE,M1_DIRECTION_MISMATCH
2026-09-07 16:05:32.008,1788797132.008,11123,64,64,4414.34,4414.42,8.0,PASS_<=10c,+0.0,FLAT,+0.0,+0.0,4.2,+0.00,0.00,SLOW,4414.34,4414.34,4414.34,4414.34,0.00,0.00,0.0,BULLISH,0.0,4414.34,4414.34,4414.34,4414.34,32,CLEARED_>=20s,1.0,0.0,0.0,0.0,0.0,0.0,0.0,PASS_<20%,0.00,0.0,NO,STANDBY_VEL_LOW,0,0.00,4590.00,78.36,FALSE,M1_DIRECTION_MISMATCH
2026-09-07 16:05:32.511,1788797132.512,11124,65,65,4414.34,4414.42,8.0,PASS_<=10c,+0.0,FLAT,+0.0,+0.0,4.2,+0.00,0.00,SLOW,4414.34,4414.34,4414.34,4414.34,0.00,0.00,0.0,BULLISH,0.0,4414.34,4414.34,4414.34,4414.34,32,CLEARED_>=20s,1.0,0.0,0.0,0.0,0.0,0.0,0.0,PASS_<20%,0.00,0.0,NO,STANDBY_VEL_LOW,0,0.00,4590.00,78.36,FALSE,M1_DIRECTION_MISMATCH
2026-09-07 16:05:33.011,1788797133.012,11125,66,66,4414.34,4414.42,8.0,PASS_<=10c,+0.0,FLAT,+0.0,+0.0,4.2,+0.00,0.00,SLOW,4414.34,4414.34,4414.34,4414.34,0.00,0.00,0.0,BULLISH,0.0,4414.34,4414.34,4414.34,4414.34,33,CLEARED_>=20s,1.0,0.0,0.0,0.0,0.0,0.0,0.0,PASS_<20%,0.00,0.0,NO,STANDBY_VEL_LOW,0,0.00,4590.00,78.36,FALSE,M1_DIRECTION_MISMATCH
2026-09-07 16:05:33.513,1788797133.513,11126,67,67,4414.34,4414.42,8.0,PASS_<=10c,+0.0,FLAT,+0.0,+0.0,4.2,+0.00,0.00,SLOW,4414.34,4414.34,4414.34,4414.34,0.00,0.00,0.0,BULLISH,0.0,4414.34,4414.34,4414.34,4414.34,33,CLEARED_>=20s,1.0,0.0,0.0,0.0,0.0,0.0,0.0,PASS_<20%,0.00,0.0,NO,STANDBY_VEL_LOW,0,0.00,4590.00,78.36,FALSE,M1_DIRECTION_MISMATCH
2026-09-07 16:05:34.015,1788797134.016,11127,68,68,4414.34,4414.42,8.0,PASS_<=10c,+0.0,FLAT,+0.0,+0.0,4.2,+0.00,0.00,SLOW,4414.34,4414.34,4414.34,4414.34,0.00,0.00,0.0,BULLISH,0.0,4414.34,4414.34,4414.34,4414.34,34,CLEARED_>=20s,1.0,0.0,0.0,0.0,0.0,0.0,0.0,PASS_<20%,0.00,0.0,NO,STANDBY_VEL_LOW,0,0.00,4590.00,78.36,FALSE,M1_DIRECTION_MISMATCH
2026-09-07 16:05:34.516,1788797134.517,11128,69,69,4414.34,4414.42,8.0,PASS_<=10c,+0.0,FLAT,+0.0,+0.0,4.2,+0.00,0.00,SLOW,4414.34,4414.34,4414.34,4414.34,0.00,0.00,0.0,BULLISH,0.0,4414.34,4414.34,4414.34,4414.34,34,CLEARED_>=20s,1.0,0.0,0.0,0.0,0.0,0.0,0.0,PASS_<20%,0.00,0.0,NO,STANDBY_VEL_LOW,0,0.00,4590.00,78.36,FALSE,M1_DIRECTION_MISMATCH
2026-09-07 16:05:35.018,1788797135.018,11129,70,70,4414.34,4414.42,8.0,PASS_<=10c,+0.0,FLAT,+0.0,+0.0,4.2,+0.00,0.00,SLOW,4414.34,4414.34,4414.34,4414.34,0.00,0.00,0.0,BULLISH,0.0,4414.34,4414.34,4414.34,4414.34,35,CLEARED_>=20s,1.0,0.0,0.0,0.0,0.0,0.0,0.0,PASS_<20%,0.00,0.0,NO,STANDBY_VEL_LOW,0,0.00,4590.00,78.36,FALSE,M1_DIRECTION_MISMATCH
2026-09-07 16:05:35.519,1788797135.519,11130,71,71,4414.34,4414.42,8.0,PASS_<=10c,+0.0,FLAT,+0.0,+0.0,4.2,+0.00,0.00,SLOW,4414.34,4414.34,4414.34,4414.34,0.00,0.00,0.0,BULLISH,0.0,4414.34,4414.34,4414.34,4414.34,35,CLEARED_>=20s,1.0,0.0,0.0,0.0,0.0,0.0,0.0,PASS_<20%,0.00,0.0,NO,STANDBY_VEL_LOW,0,0.00,4590.00,78.36,FALSE,M1_DIRECTION_MISMATCH
2026-09-07 16:05:36.021,1788797136.021,11131,72,72,4414.34,4414.42,8.0,PASS_<=10c,+0.0,FLAT,+0.0,+0.0,4.2,+0.00,0.00,SLOW,4414.34,4414.34,4414.34,4414.34,0.00,0.00,0.0,BULLISH,0.0,4414.34,4414.34,4414.34,4414.34,36,CLEARED_>=20s,1.0,0.0,0.0,0.0,0.0,0.0,0.0,PASS_<20%,0.00,0.0,NO,STANDBY_VEL_LOW,0,0.00,4590.00,78.36,FALSE,M1_DIRECTION_MISMATCH
2026-09-07 16:05:36.522,1788797136.523,11132,73,73,4414.34,4414.42,8.0,PASS_<=10c,+0.0,FLAT,+0.0,+0.0,4.2,+0.00,0.00,SLOW,4414.34,4414.34,4414.34,4414.34,0.00,0.00,0.0,BULLISH,0.0,4414.34,4414.34,4414.34,4414.34,36,CLEARED_>=20s,1.0,0.0,0.0,0.0,0.0,0.0,0.0,PASS_<20%,0.00,0.0,NO,STANDBY_VEL_LOW,0,0.00,4590.00,78.36,FALSE,M1_DIRECTION_MISMATCH
2026-09-07 16:05:37.023,1788797137.024,11133,74,74,4414.34,4414.42,8.0,PASS_<=10c,+0.0,FLAT,+0.0,+0.0,4.2,+0.00,0.00,SLOW,4414.34,4414.34,4414.34,4414.34,0.00,0.00,0.0,BULLISH,0.0,4414.34,4414.34,4414.34,4414.34,37,CLEARED_>=20s,1.0,0.0,0.0,0.0,0.0,0.0,0.0,PASS_<20%,0.00,0.0,NO,STANDBY_VEL_LOW,0,0.00,4590.00,78.36,FALSE,M1_DIRECTION_MISMATCH
2026-09-07 16:05:37.524,1788797137.525,11134,75,75,4414.34,4414.42,8.0,PASS_<=10c,+0.0,FLAT,+0.0,+0.0,4.2,+0.00,0.00,SLOW,4414.34,4414.34,4414.34,4414.34,0.00,0.00,0.0,BULLISH,0.0,4414.34,4414.34,4414.34,4414.34,37,CLEARED_>=20s,1.0,0.0,0.0,0.0,0.0,0.0,0.0,PASS_<20%,0.00,0.0,NO,STANDBY_VEL_LOW,0,0.00,4590.00,78.36,FALSE,M1_DIRECTION_MISMATCH
2026-09-07 16:05:38.026,1788797138.026,11135,76,76,4414.34,4414.42,8.0,PASS_<=10c,+0.0,FLAT,+0.0,+0.0,4.2,+0.00,0.00,SLOW,4414.34,4414.34,4414.34,4414.34,0.00,0.00,0.0,BULLISH,0.0,4414.34,4414.34,4414.34,4414.34,38,CLEARED_>=20s,1.0,0.0,0.0,0.0,0.0,0.0,0.0,PASS_<20%,0.00,0.0,NO,STANDBY_VEL_LOW,0,0.00,4590.00,78.36,FALSE,M1_DIRECTION_MISMATCH
2026-09-07 16:05:38.528,1788797138.528,11136,77,77,4414.34,4414.42,8.0,PASS_<=10c,+0.0,FLAT,+0.0,+0.0,4.2,+0.00,0.00,SLOW,4414.34,4414.34,4414.34,4414.34,0.00,0.00,0.0,BULLISH,0.0,4414.34,4414.34,4414.34,4414.34,38,CLEARED_>=20s,1.0,0.0,0.0,0.0,0.0,0.0,0.0,PASS_<20%,0.00,0.0,NO,STANDBY_VEL_LOW,0,0.00,4590.00,78.36,FALSE,M1_DIRECTION_MISMATCH
2026-09-07 16:05:39.029,1788797139.030,11137,78,78,4414.34,4414.42,8.0,PASS_<=10c,+0.0,FLAT,+0.0,+0.0,4.2,+0.00,0.00,SLOW,4414.34,4414.34,4414.34,4414.34,0.00,0.00,0.0,BULLISH,0.0,4414.34,4414.34,4414.34,4414.34,39,CLEARED_>=20s,1.0,0.0,0.0,0.0,0.0,0.0,0.0,PASS_<20%,0.00,0.0,NO,STANDBY_VEL_LOW,0,0.00,4590.00,78.36,FALSE,M1_DIRECTION_MISMATCH
2026-09-07 16:05:39.531,1788797139.532,11138,79,79,4414.34,4414.42,8.0,PASS_<=10c,+0.0,FLAT,+0.0,+0.0,4.2,+0.00,0.00,SLOW,4414.34,4414.34,4414.34,4414.34,0.00,0.00,0.0,BULLISH,0.0,4414.34,4414.34,4414.34,4414.34,39,CLEARED_>=20s,1.0,0.0,0.0,0.0,0.0,0.0,0.0,PASS_<20%,0.00,0.0,NO,STANDBY_VEL_LOW,0,0.00,4590.00,78.36,FALSE,M1_DIRECTION_MISMATCH
2026-09-07 16:05:40.033,1788797140.033,11139,80,80,4414.34,4414.42,8.0,PASS_<=10c,+0.0,FLAT,+0.0,+0.0,4.2,+0.00,0.00,SLOW,4414.34,4414.34,4414.34,4414.34,0.00,0.00,0.0,BULLISH,0.0,4414.34,4414.34,4414.34,4414.34,40,CLEARED_>=20s,1.0,0.0,0.0,0.0,0.0,0.0,0.0,PASS_<20%,0.00,0.0,NO,STANDBY_VEL_LOW,0,0.00,4590.00,78.36,FALSE,M1_DIRECTION_MISMATCH
2026-09-07 16:05:40.534,1788797140.534,11140,81,81,4414.34,4414.42,8.0,PASS_<=10c,+0.0,FLAT,+0.0,+0.0,4.2,+0.00,0.00,SLOW,4414.34,4414.34,4414.34,4414.34,0.00,0.00,0.0,BULLISH,0.0,4414.34,4414.34,4414.34,4414.34,40,CLEARED_>=20s,1.0,0.0,0.0,0.0,0.0,0.0,0.0,PASS_<20%,0.00,0.0,NO,STANDBY_VEL_LOW,0,0.00,4590.00,78.36,FALSE,M1_DIRECTION_MISMATCH
2026-09-07 16:05:41.035,1788797141.036,11141,82,82,4414.34,4414.42,8.0,PASS_<=10c,+0.0,FLAT,+0.0,+0.0,4.2,+0.00,0.00,SLOW,4414.34,4414.34,4414.34,4414.34,0.00,0.00,0.0,BULLISH,0.0,4414.34,4414.34,4414.34,4414.34,41,CLEARED_>=20s,1.0,0.0,0.0,0.0,0.0,0.0,0.0,PASS_<20%,0.00,0.0,NO,STANDBY_VEL_LOW,0,0.00,4590.00,78.36,FALSE,M1_DIRECTION_MISMATCH
2026-09-07 16:05:41.537,1788797141.538,11142,83,83,4414.34,4414.42,8.0,PASS_<=10c,+0.0,FLAT,+0.0,+0.0,4.2,+0.00,0.00,SLOW,4414.34,4414.34,4414.34,4414.34,0.00,0.00,0.0,BULLISH,0.0,4414.34,4414.34,4414.34,4414.34,41,CLEARED_>=20s,1.0,0.0,0.0,0.0,0.0,0.0,0.0,PASS_<20%,0.00,0.0,NO,STANDBY_VEL_LOW,0,0.00,4590.00,78.36,FALSE,M1_DIRECTION_MISMATCH
2026-09-07 16:05:42.039,1788797142.040,11143,84,84,4414.34,4414.42,8.0,PASS_<=10c,+0.0,FLAT,+0.0,+0.0,4.2,+0.00,0.00,SLOW,4414.34,4414.34,4414.34,4414.34,0.00,0.00,0.0,BULLISH,0.0,4414.34,4414.34,4414.34,4414.34,42,CLEARED_>=20s,1.0,0.0,0.0,0.0,0.0,0.0,0.0,PASS_<20%,0.00,0.0,NO,STANDBY_VEL_LOW,0,0.00,4590.00,78.36,FALSE,M1_DIRECTION_MISMATCH
2026-09-07 16:05:42.540,1788797142.541,11144,85,85,4414.34,4414.42,8.0,PASS_<=10c,+0.0,FLAT,+0.0,+0.0,4.2,+0.00,0.00,SLOW,4414.34,4414.34,4414.34,4414.34,0.00,0.00,0.0,BULLISH,0.0,4414.34,4414.34,4414.34,4414.34,42,CLEARED_>=20s,1.0,0.0,0.0,0.0,0.0,0.0,0.0,PASS_<20%,0.00,0.0,NO,STANDBY_VEL_LOW,0,0.00,4590.00,78.36,FALSE,M1_DIRECTION_MISMATCH
2026-09-07 16:05:43.041,1788797143.042,11145,86,86,4414.34,4414.42,8.0,PASS_<=10c,+0.0,FLAT,+0.0,+0.0,4.2,+0.00,0.00,SLOW,4414.34,4414.34,4414.34,4414.34,0.00,0.00,0.0,BULLISH,0.0,4414.34,4414.34,4414.34,4414.34,43,CLEARED_>=20s,1.0,0.0,0.0,0.0,0.0,0.0,0.0,PASS_<20%,0.00,0.0,NO,STANDBY_VEL_LOW,0,0.00,4590.00,78.36,FALSE,M1_DIRECTION_MISMATCH
2026-09-07 16:05:43.543,1788797143.544,11146,87,87,4414.34,4414.42,8.0,PASS_<=10c,+0.0,FLAT,+0.0,+0.0,4.2,+0.00,0.00,SLOW,4414.34,4414.34,4414.34,4414.34,0.00,0.00,0.0,BULLISH,0.0,4414.34,4414.34,4414.34,4414.34,43,CLEARED_>=20s,1.0,0.0,0.0,0.0,0.0,0.0,0.0,PASS_<20%,0.00,0.0,NO,STANDBY_VEL_LOW,0,0.00,4590.00,78.36,FALSE,M1_DIRECTION_MISMATCH
2026-09-07 16:05:44.044,1788797144.045,11147,88,88,4414.34,4414.42,8.0,PASS_<=10c,+0.0,FLAT,+0.0,+0.0,4.2,+0.00,0.00,SLOW,4414.34,4414.34,4414.34,4414.34,0.00,0.00,0.0,BULLISH,0.0,4414.34,4414.34,4414.34,4414.34,44,CLEARED_>=20s,1.0,0.0,0.0,0.0,0.0,0.0,0.0,PASS_<20%,0.00,0.0,NO,STANDBY_VEL_LOW,0,0.00,4590.00,78.36,FALSE,M1_DIRECTION_MISMATCH
2026-09-07 16:05:44.545,1788797144.546,11148,89,89,4414.34,4414.42,8.0,PASS_<=10c,+0.0,FLAT,+0.0,+0.0,4.2,+0.00,0.00,SLOW,4414.34,4414.34,4414.34,4414.34,0.00,0.00,0.0,BULLISH,0.0,4414.34,4414.34,4414.34,4414.34,44,CLEARED_>=20s,1.0,0.0,0.0,0.0,0.0,0.0,0.0,PASS_<20%,0.00,0.0,NO,STANDBY_VEL_LOW,0,0.00,4590.00,78.36,FALSE,M1_DIRECTION_MISMATCH
2026-09-07 16:05:45.048,1788797145.048,11149,90,90,4414.34,4414.42,8.0,PASS_<=10c,+0.0,FLAT,+0.0,+0.0,4.2,+0.00,0.00,SLOW,4414.34,4414.34,4414.34,4414.34,0.00,0.00,0.0,BULLISH,0.0,4414.34,4414.34,4414.34,4414.34,45,CLEARED_>=20s,1.0,0.0,0.0,0.0,0.0,0.0,0.0,PASS_<20%,0.00,0.0,NO,STANDBY_VEL_LOW,0,0.00,4590.00,78.36,FALSE,M1_DIRECTION_MISMATCH
2026-09-07 16:05:45.549,1788797145.550,11150,91,91,4414.34,4414.42,8.0,PASS_<=10c,+0.0,FLAT,+0.0,+0.0,4.2,+0.00,0.00,SLOW,4414.34,4414.34,4414.34,4414.34,0.00,0.00,0.0,BULLISH,0.0,4414.34,4414.34,4414.34,4414.34,45,CLEARED_>=20s,1.0,0.0,0.0,0.0,0.0,0.0,0.0,PASS_<20%,0.00,0.0,NO,STANDBY_VEL_LOW,0,0.00,4590.00,78.36,FALSE,M1_DIRECTION_MISMATCH
2026-09-07 16:05:46.051,1788797146.051,11151,92,92,4414.34,4414.42,8.0,PASS_<=10c,+0.0,FLAT,+0.0,+0.0,4.2,+0.00,0.00,SLOW,4414.34,4414.34,4414.34,4414.34,0.00,0.00,0.0,BULLISH,0.0,4414.34,4414.34,4414.34,4414.34,46,CLEARED_>=20s,1.0,0.0,0.0,0.0,0.0,0.0,0.0,PASS_<20%,0.00,0.0,NO,STANDBY_VEL_LOW,0,0.00,4590.00,78.36,FALSE,M1_DIRECTION_MISMATCH
2026-09-07 16:05:46.553,1788797146.554,11152,93,93,4414.34,4414.42,8.0,PASS_<=10c,+0.0,FLAT,+0.0,+0.0,4.2,+0.00,0.00,SLOW,4414.34,4414.34,4414.34,4414.34,0.00,0.00,0.0,BULLISH,0.0,4414.34,4414.34,4414.34,4414.34,46,CLEARED_>=20s,1.0,0.0,0.0,0.0,0.0,0.0,0.0,PASS_<20%,0.00,0.0,NO,STANDBY_VEL_LOW,0,0.00,4590.00,78.36,FALSE,M1_DIRECTION_MISMATCH
2026-09-07 16:05:47.055,1788797147.055,11153,94,94,4414.34,4414.42,8.0,PASS_<=10c,+0.0,FLAT,+0.0,+0.0,4.2,+0.00,0.00,SLOW,4414.34,4414.34,4414.34,4414.34,0.00,0.00,0.0,BULLISH,0.0,4414.34,4414.34,4414.34,4414.34,47,CLEARED_>=20s,1.0,0.0,0.0,0.0,0.0,0.0,0.0,PASS_<20%,0.00,0.0,NO,STANDBY_VEL_LOW,0,0.00,4590.00,78.36,FALSE,M1_DIRECTION_MISMATCH
2026-09-07 16:05:47.555,1788797147.556,11154,95,95,4414.34,4414.42,8.0,PASS_<=10c,+0.0,FLAT,+0.0,+0.0,4.2,+0.00,0.00,SLOW,4414.34,4414.34,4414.34,4414.34,0.00,0.00,0.0,BULLISH,0.0,4414.34,4414.34,4414.34,4414.34,47,CLEARED_>=20s,1.0,0.0,0.0,0.0,0.0,0.0,0.0,PASS_<20%,0.00,0.0,NO,STANDBY_VEL_LOW,0,0.00,4590.00,78.36,FALSE,M1_DIRECTION_MISMATCH
2026-09-07 16:05:48.057,1788797148.057,11155,96,96,4414.34,4414.42,8.0,PASS_<=10c,+0.0,FLAT,+0.0,+0.0,4.2,+0.00,0.00,SLOW,4414.34,4414.34,4414.34,4414.34,0.00,0.00,0.0,BULLISH,0.0,4414.34,4414.34,4414.34,4414.34,48,CLEARED_>=20s,1.0,0.0,0.0,0.0,0.0,0.0,0.0,PASS_<20%,0.00,0.0,NO,STANDBY_VEL_LOW,0,0.00,4590.00,78.36,FALSE,M1_DIRECTION_MISMATCH
2026-09-07 16:05:48.558,1788797148.559,11156,97,97,4414.34,4414.42,8.0,PASS_<=10c,+0.0,FLAT,+0.0,+0.0,4.2,+0.00,0.00,SLOW,4414.34,4414.34,4414.34,4414.34,0.00,0.00,0.0,BULLISH,0.0,4414.34,4414.34,4414.34,4414.34,48,CLEARED_>=20s,1.0,0.0,0.0,0.0,0.0,0.0,0.0,PASS_<20%,0.00,0.0,NO,STANDBY_VEL_LOW,0,0.00,4590.00,78.36,FALSE,M1_DIRECTION_MISMATCH
2026-09-07 16:05:49.060,1788797149.060,11157,98,98,4414.34,4414.42,8.0,PASS_<=10c,+0.0,FLAT,+0.0,+0.0,4.2,+0.00,0.00,SLOW,4414.34,4414.34,4414.34,4414.34,0.00,0.00,0.0,BULLISH,0.0,4414.34,4414.34,4414.34,4414.34,49,CLEARED_>=20s,1.0,0.0,0.0,0.0,0.0,0.0,0.0,PASS_<20%,0.00,0.0,NO,STANDBY_VEL_LOW,0,0.00,4590.00,78.36,FALSE,M1_DIRECTION_MISMATCH
2026-09-07 16:05:49.561,1788797149.561,11158,99,99,4414.34,4414.42,8.0,PASS_<=10c,+0.0,FLAT,+0.0,+0.0,4.2,+0.00,0.00,SLOW,4414.34,4414.34,4414.34,4414.34,0.00,0.00,0.0,BULLISH,0.0,4414.34,4414.34,4414.34,4414.34,49,CLEARED_>=20s,1.0,0.0,0.0,0.0,0.0,0.0,0.0,PASS_<20%,0.00,0.0,NO,STANDBY_VEL_LOW,0,0.00,4590.00,78.36,FALSE,M1_DIRECTION_MISMATCH
2026-09-07 16:05:50.062,1788797150.062,11159,100,100,4414.34,4414.42,8.0,PASS_<=10c,+0.0,FLAT,+0.0,+0.0,4.2,+0.00,0.00,SLOW,4414.34,4414.34,4414.34,4414.34,0.00,0.00,0.0,BULLISH,0.0,4414.34,4414.34,4414.34,4414.34,50,CLEARED_>=20s,1.0,0.0,0.0,0.0,0.0,0.0,0.0,PASS_<20%,0.00,0.0,NO,STANDBY_VEL_LOW,0,0.00,4590.00,78.36,FALSE,M1_DIRECTION_MISMATCH
2026-09-07 16:05:50.563,1788797150.563,11160,101,101,4414.34,4414.42,8.0,PASS_<=10c,+0.0,FLAT,+0.0,+0.0,4.2,+0.00,0.00,SLOW,4414.34,4414.34,4414.34,4414.34,0.00,0.00,0.0,BULLISH,0.0,4414.34,4414.34,4414.34,4414.34,50,CLEARED_>=20s,1.0,0.0,0.0,0.0,0.0,0.0,0.0,PASS_<20%,0.00,0.0,NO,STANDBY_VEL_LOW,0,0.00,4590.00,78.36,FALSE,M1_DIRECTION_MISMATCH
2026-09-07 16:05:51.065,1788797151.066,11161,102,102,4414.34,4414.42,8.0,PASS_<=10c,+0.0,FLAT,+0.0,+0.0,4.2,+0.00,0.00,SLOW,4414.34,4414.34,4414.34,4414.34,0.00,0.00,0.0,BULLISH,0.0,4414.34,4414.34,4414.34,4414.34,51,CLEARED_>=20s,1.0,0.0,0.0,0.0,0.0,0.0,0.0,PASS_<20%,0.00,0.0,NO,STANDBY_VEL_LOW,0,0.00,4590.00,78.36,FALSE,M1_DIRECTION_MISMATCH
2026-09-07 16:05:51.567,1788797151.567,11162,103,103,4414.34,4414.42,8.0,PASS_<=10c,+0.0,FLAT,+0.0,+0.0,4.2,+0.00,0.00,SLOW,4414.34,4414.34,4414.34,4414.34,0.00,0.00,0.0,BULLISH,0.0,4414.34,4414.34,4414.34,4414.34,51,CLEARED_>=20s,1.0,0.0,0.0,0.0,0.0,0.0,0.0,PASS_<20%,0.00,0.0,NO,STANDBY_VEL_LOW,0,0.00,4590.00,78.36,FALSE,M1_DIRECTION_MISMATCH
2026-09-07 16:05:52.068,1788797152.069,11163,104,104,4414.34,4414.42,8.0,PASS_<=10c,+0.0,FLAT,+0.0,+0.0,4.2,+0.00,0.00,SLOW,4414.34,4414.34,4414.34,4414.34,0.00,0.00,0.0,BULLISH,0.0,4414.34,4414.34,4414.34,4414.34,52,CLEARED_>=20s,1.0,0.0,0.0,0.0,0.0,0.0,0.0,PASS_<20%,0.00,0.0,NO,STANDBY_VEL_LOW,0,0.00,4590.00,78.36,FALSE,M1_DIRECTION_MISMATCH
2026-09-07 16:05:52.570,1788797152.571,11164,105,105,4414.34,4414.42,8.0,PASS_<=10c,+0.0,FLAT,+0.0,+0.0,4.2,+0.00,0.00,SLOW,4414.34,4414.34,4414.34,4414.34,0.00,0.00,0.0,BULLISH,0.0,4414.34,4414.34,4414.34,4414.34,52,CLEARED_>=20s,1.0,0.0,0.0,0.0,0.0,0.0,0.0,PASS_<20%,0.00,0.0,NO,STANDBY_VEL_LOW,0,0.00,4590.00,78.36,FALSE,M1_DIRECTION_MISMATCH
2026-09-07 16:05:53.070,1788797153.071,11165,106,106,4414.34,4414.42,8.0,PASS_<=10c,+0.0,FLAT,+0.0,+0.0,4.2,+0.00,0.00,SLOW,4414.34,4414.34,4414.34,4414.34,0.00,0.00,0.0,BULLISH,0.0,4414.34,4414.34,4414.34,4414.34,53,CLEARED_>=20s,1.0,0.0,0.0,0.0,0.0,0.0,0.0,PASS_<20%,0.00,0.0,NO,STANDBY_VEL_LOW,0,0.00,4590.00,78.36,FALSE,M1_DIRECTION_MISMATCH
2026-09-07 16:05:53.573,1788797153.573,11166,107,107,4414.34,4414.42,8.0,PASS_<=10c,+0.0,FLAT,+0.0,+0.0,4.2,+0.00,0.00,SLOW,4414.34,4414.34,4414.34,4414.34,0.00,0.00,0.0,BULLISH,0.0,4414.34,4414.34,4414.34,4414.34,53,CLEARED_>=20s,1.0,0.0,0.0,0.0,0.0,0.0,0.0,PASS_<20%,0.00,0.0,NO,STANDBY_VEL_LOW,0,0.00,4590.00,78.36,FALSE,M1_DIRECTION_MISMATCH
2026-09-07 16:05:54.074,1788797154.074,11167,108,108,4414.34,4414.42,8.0,PASS_<=10c,+0.0,FLAT,+0.0,+0.0,4.2,+0.00,0.00,SLOW,4414.34,4414.34,4414.34,4414.34,0.00,0.00,0.0,BULLISH,0.0,4414.34,4414.34,4414.34,4414.34,54,CLEARED_>=20s,1.0,0.0,0.0,0.0,0.0,0.0,0.0,PASS_<20%,0.00,0.0,NO,STANDBY_VEL_LOW,0,0.00,4590.00,78.36,FALSE,M1_DIRECTION_MISMATCH
2026-09-07 16:05:54.575,1788797154.575,11168,109,109,4414.34,4414.42,8.0,PASS_<=10c,+0.0,FLAT,+0.0,+0.0,4.2,+0.00,0.00,SLOW,4414.34,4414.34,4414.34,4414.34,0.00,0.00,0.0,BULLISH,0.0,4414.34,4414.34,4414.34,4414.34,54,CLEARED_>=20s,1.0,0.0,0.0,0.0,0.0,0.0,0.0,PASS_<20%,0.00,0.0,NO,STANDBY_VEL_LOW,0,0.00,4590.00,78.36,FALSE,M1_DIRECTION_MISMATCH
2026-09-07 16:05:55.076,1788797155.076,11169,110,110,4414.34,4414.42,8.0,PASS_<=10c,+0.0,FLAT,+0.0,+0.0,4.2,+0.00,0.00,SLOW,4414.34,4414.34,4414.34,4414.34,0.00,0.00,0.0,BULLISH,0.0,4414.34,4414.34,4414.34,4414.34,55,CLEARED_>=20s,1.0,0.0,0.0,0.0,0.0,0.0,0.0,PASS_<20%,0.00,0.0,NO,STANDBY_VEL_LOW,0,0.00,4590.00,78.36,FALSE,M1_DIRECTION_MISMATCH
2026-09-07 16:05:55.578,1788797155.578,11170,111,111,4414.34,4414.42,8.0,PASS_<=10c,+0.0,FLAT,+0.0,+0.0,4.2,+0.00,0.00,SLOW,4414.34,4414.34,4414.34,4414.34,0.00,0.00,0.0,BULLISH,0.0,4414.34,4414.34,4414.34,4414.34,55,CLEARED_>=20s,1.0,0.0,0.0,0.0,0.0,0.0,0.0,PASS_<20%,0.00,0.0,NO,STANDBY_VEL_LOW,0,0.00,4590.00,78.36,FALSE,M1_DIRECTION_MISMATCH
2026-09-07 16:05:56.080,1788797156.080,11171,112,112,4414.34,4414.42,8.0,PASS_<=10c,+0.0,FLAT,+0.0,+0.0,4.2,+0.00,0.00,SLOW,4414.34,4414.34,4414.34,4414.34,0.00,0.00,0.0,BULLISH,0.0,4414.34,4414.34,4414.34,4414.34,56,CLEARED_>=20s,1.0,0.0,0.0,0.0,0.0,0.0,0.0,PASS_<20%,0.00,0.0,NO,STANDBY_VEL_LOW,0,0.00,4590.00,78.36,FALSE,M1_DIRECTION_MISMATCH
2026-09-07 16:05:56.587,1788797156.588,11172,113,113,4414.34,4414.42,8.0,PASS_<=10c,+0.0,FLAT,+0.0,+0.0,4.2,+0.00,0.00,SLOW,4414.34,4414.34,4414.34,4414.34,0.00,0.00,0.0,BULLISH,0.0,4414.34,4414.34,4414.34,4414.34,56,CLEARED_>=20s,1.0,0.0,0.0,0.0,0.0,0.0,0.0,PASS_<20%,0.00,0.0,NO,STANDBY_VEL_LOW,0,0.00,4590.00,78.36,FALSE,M1_DIRECTION_MISMATCH
2026-09-07 16:05:57.082,1788797157.083,11173,114,114,4414.34,4414.42,8.0,PASS_<=10c,+0.0,FLAT,+0.0,+0.0,4.2,+0.00,0.00,SLOW,4414.34,4414.34,4414.34,4414.34,0.00,0.00,0.0,BULLISH,0.0,4414.34,4414.34,4414.34,4414.34,57,CLEARED_>=20s,1.0,0.0,0.0,0.0,0.0,0.0,0.0,PASS_<20%,0.00,0.0,NO,STANDBY_VEL_LOW,0,0.00,4590.00,78.36,FALSE,M1_DIRECTION_MISMATCH
2026-09-07 16:05:57.584,1788797157.585,11174,115,115,4414.34,4414.42,8.0,PASS_<=10c,+0.0,FLAT,+0.0,+0.0,4.2,+0.00,0.00,SLOW,4414.34,4414.34,4414.34,4414.34,0.00,0.00,0.0,BULLISH,0.0,4414.34,4414.34,4414.34,4414.34,57,CLEARED_>=20s,1.0,0.0,0.0,0.0,0.0,0.0,0.0,PASS_<20%,0.00,0.0,NO,STANDBY_VEL_LOW,0,0.00,4590.00,78.36,FALSE,M1_DIRECTION_MISMATCH
2026-09-07 16:05:58.085,1788797158.086,11175,116,116,4414.34,4414.42,8.0,PASS_<=10c,+0.0,FLAT,+0.0,+0.0,4.2,+0.00,0.00,SLOW,4414.34,4414.34,4414.34,4414.34,0.00,0.00,0.0,BULLISH,0.0,4414.34,4414.34,4414.34,4414.34,58,CLEARED_>=20s,1.0,0.0,0.0,0.0,0.0,0.0,0.0,PASS_<20%,0.00,0.0,NO,STANDBY_VEL_LOW,0,0.00,4590.00,78.36,FALSE,M1_DIRECTION_MISMATCH
2026-09-07 16:05:58.587,1788797158.587,11176,117,117,4414.34,4414.42,8.0,PASS_<=10c,+0.0,FLAT,+0.0,+0.0,4.2,+0.00,0.00,SLOW,4414.34,4414.34,4414.34,4414.34,0.00,0.00,0.0,BULLISH,0.0,4414.34,4414.34,4414.34,4414.34,58,CLEARED_>=20s,1.0,0.0,0.0,0.0,0.0,0.0,0.0,PASS_<20%,0.00,0.0,NO,STANDBY_VEL_LOW,0,0.00,4590.00,78.36,FALSE,M1_DIRECTION_MISMATCH
2026-09-07 16:05:59.089,1788797159.089,11177,118,118,4414.34,4414.42,8.0,PASS_<=10c,+0.0,FLAT,+0.0,+0.0,4.2,+0.00,0.00,SLOW,4414.34,4414.34,4414.34,4414.34,0.00,0.00,0.0,BULLISH,0.0,4414.34,4414.34,4414.34,4414.34,59,CLEARED_>=20s,1.0,0.0,0.0,0.0,0.0,0.0,0.0,PASS_<20%,0.00,0.0,NO,STANDBY_VEL_LOW,0,0.00,4590.00,78.36,FALSE,M1_DIRECTION_MISMATCH
2026-09-07 16:05:59.591,1788797159.591,11178,119,119,4414.34,4414.42,8.0,PASS_<=10c,+0.0,FLAT,+0.0,+0.0,4.2,+0.00,0.00,SLOW,4414.34,4414.34,4414.34,4414.34,0.00,0.00,0.0,BULLISH,0.0,4414.34,4414.34,4414.34,4414.34,59,CLEARED_>=20s,1.0,0.0,0.0,0.0,0.0,0.0,0.0,PASS_<20%,0.00,0.0,NO,STANDBY_VEL_LOW,0,0.00,4590.00,78.36,FALSE,M1_DIRECTION_MISMATCH
2026-09-07 16:06:00.091,1788797160.092,11179,1,120,4414.34,4414.42,8.0,PASS_<=10c,+0.0,FLAT,+0.0,+0.0,4.2,+0.00,0.00,SLOW,4414.34,4414.34,4414.34,4414.34,0.00,0.00,0.0,BULLISH,0.0,4414.34,4414.34,4414.34,4414.34,0,ACTIVE_0s,1.0,0.0,0.0,0.0,0.0,0.0,0.0,PASS_<20%,0.00,0.0,NO,STANDBY_VEL_LOW,0,0.00,4590.00,78.36,FALSE,M1_DIRECTION_MISMATCH|OPENING_SHIELD_ACTIVE_0s
2026-09-07 16:06:00.593,1788797160.593,11180,2,121,4414.34,4414.42,8.0,PASS_<=10c,+0.0,FLAT,+0.0,+0.0,4.2,+0.00,0.00,SLOW,4414.34,4414.34,4414.34,4414.34,0.00,0.00,0.0,BULLISH,0.0,4414.34,4414.34,4414.34,4414.34,0,ACTIVE_0s,1.0,0.0,0.0,0.0,0.0,0.0,0.0,PASS_<20%,0.00,0.0,NO,STANDBY_VEL_LOW,0,0.00,4590.00,78.36,FALSE,M1_DIRECTION_MISMATCH|OPENING_SHIELD_ACTIVE_0s
2026-09-07 16:06:01.095,1788797161.095,11181,3,122,4414.34,4414.42,8.0,PASS_<=10c,+0.0,FLAT,+0.0,+0.0,4.2,+0.00,0.00,SLOW,4414.34,4414.34,4414.34,4414.34,0.00,0.00,0.0,BULLISH,0.0,4414.34,4414.34,4414.34,4414.34,1,ACTIVE_1s,1.0,0.0,0.0,0.0,0.0,0.0,0.0,PASS_<20%,0.00,0.0,NO,STANDBY_VEL_LOW,0,0.00,4590.00,78.36,FALSE,M1_DIRECTION_MISMATCH|OPENING_SHIELD_ACTIVE_1s
2026-09-07 16:06:01.596,1788797161.597,11182,4,123,4414.34,4414.42,8.0,PASS_<=10c,+0.0,FLAT,+0.0,+0.0,4.2,+0.00,0.00,SLOW,4414.34,4414.34,4414.34,4414.34,0.00,0.00,0.0,BULLISH,0.0,4414.34,4414.34,4414.34,4414.34,1,ACTIVE_1s,1.0,0.0,0.0,0.0,0.0,0.0,0.0,PASS_<20%,0.00,0.0,NO,STANDBY_VEL_LOW,0,0.00,4590.00,78.36,FALSE,M1_DIRECTION_MISMATCH|OPENING_SHIELD_ACTIVE_1s
2026-09-07 16:06:02.099,1788797162.100,11183,5,124,4414.34,4414.42,8.0,PASS_<=10c,+0.0,FLAT,+0.0,+0.0,4.2,+0.00,0.00,SLOW,4414.34,4414.34,4414.34,4414.34,0.00,0.00,0.0,BULLISH,0.0,4414.34,4414.34,4414.34,4414.34,2,ACTIVE_2s,1.0,0.0,0.0,0.0,0.0,0.0,0.0,PASS_<20%,0.00,0.0,NO,STANDBY_VEL_LOW,0,0.00,4590.00,78.36,FALSE,M1_DIRECTION_MISMATCH|OPENING_SHIELD_ACTIVE_2s
2026-09-07 16:06:02.603,1788797162.604,11184,6,125,4414.34,4414.42,8.0,PASS_<=10c,+0.0,FLAT,+0.0,+0.0,4.2,+0.00,0.00,SLOW,4414.34,4414.34,4414.34,4414.34,0.00,0.00,0.0,BULLISH,0.0,4414.34,4414.34,4414.34,4414.34,2,ACTIVE_2s,1.0,0.0,0.0,0.0,0.0,0.0,0.0,PASS_<20%,0.00,0.0,NO,STANDBY_VEL_LOW,0,0.00,4590.00,78.36,FALSE,M1_DIRECTION_MISMATCH|OPENING_SHIELD_ACTIVE_2s
2026-09-07 16:06:03.101,1788797163.101,11185,7,126,4414.34,4414.42,8.0,PASS_<=10c,+0.0,FLAT,+0.0,+0.0,4.2,+0.00,0.00,SLOW,4414.34,4414.34,4414.34,4414.34,0.00,0.00,0.0,BULLISH,0.0,4414.34,4414.34,4414.34,4414.34,3,ACTIVE_3s,1.0,0.0,0.0,0.0,0.0,0.0,0.0,PASS_<20%,0.00,0.0,NO,STANDBY_VEL_LOW,0,0.00,4590.00,78.36,FALSE,M1_DIRECTION_MISMATCH|OPENING_SHIELD_ACTIVE_3s
2026-09-07 16:06:03.601,1788797163.602,11186,8,127,4414.34,4414.42,8.0,PASS_<=10c,+0.0,FLAT,+0.0,+0.0,4.2,+0.00,0.00,SLOW,4414.34,4414.34,4414.34,4414.34,0.00,0.00,0.0,BULLISH,0.0,4414.34,4414.34,4414.34,4414.34,3,ACTIVE_3s,1.0,0.0,0.0,0.0,0.0,0.0,0.0,PASS_<20%,0.00,0.0,NO,STANDBY_VEL_LOW,0,0.00,4590.00,78.36,FALSE,M1_DIRECTION_MISMATCH|OPENING_SHIELD_ACTIVE_3s
2026-09-07 16:06:04.103,1788797164.104,11187,9,128,4414.34,4414.42,8.0,PASS_<=10c,+0.0,FLAT,+0.0,+0.0,4.2,+0.00,0.00,SLOW,4414.34,4414.34,4414.34,4414.34,0.00,0.00,0.0,BULLISH,0.0,4414.34,4414.34,4414.34,4414.34,4,ACTIVE_4s,1.0,0.0,0.0,0.0,0.0,0.0,0.0,PASS_<20%,0.00,0.0,NO,STANDBY_VEL_LOW,0,0.00,4590.00,78.36,FALSE,M1_DIRECTION_MISMATCH|OPENING_SHIELD_ACTIVE_4s
2026-09-07 16:06:04.605,1788797164.606,11188,10,129,4414.34,4414.42,8.0,PASS_<=10c,+0.0,FLAT,+0.0,+0.0,4.2,+0.00,0.00,SLOW,4414.34,4414.34,4414.34,4414.34,0.00,0.00,0.0,BULLISH,0.0,4414.34,4414.34,4414.34,4414.34,4,ACTIVE_4s,1.0,0.0,0.0,0.0,0.0,0.0,0.0,PASS_<20%,0.00,0.0,NO,STANDBY_VEL_LOW,0,0.00,4590.00,78.36,FALSE,M1_DIRECTION_MISMATCH|OPENING_SHIELD_ACTIVE_4s
2026-09-07 16:06:05.106,1788797165.106,11189,11,130,4414.34,4414.42,8.0,PASS_<=10c,+0.0,FLAT,+0.0,+0.0,4.2,+0.00,0.00,SLOW,4414.34,4414.34,4414.34,4414.34,0.00,0.00,0.0,BULLISH,0.0,4414.34,4414.34,4414.34,4414.34,5,ACTIVE_5s,1.0,0.0,0.0,0.0,0.0,0.0,0.0,PASS_<20%,0.00,0.0,NO,STANDBY_VEL_LOW,0,0.00,4590.00,78.36,FALSE,M1_DIRECTION_MISMATCH|OPENING_SHIELD_ACTIVE_5s
2026-09-07 16:06:05.608,1788797165.608,11190,12,131,4414.34,4414.42,8.0,PASS_<=10c,+0.0,FLAT,+0.0,+0.0,4.2,+0.00,0.00,SLOW,4414.34,4414.34,4414.34,4414.34,0.00,0.00,0.0,BULLISH,0.0,4414.34,4414.34,4414.34,4414.34,5,ACTIVE_5s,1.0,0.0,0.0,0.0,0.0,0.0,0.0,PASS_<20%,0.00,0.0,NO,STANDBY_VEL_LOW,0,0.00,4590.00,78.36,FALSE,M1_DIRECTION_MISMATCH|OPENING_SHIELD_ACTIVE_5s
2026-09-07 16:06:06.109,1788797166.109,11191,13,132,4414.34,4414.42,8.0,PASS_<=10c,+0.0,FLAT,+0.0,+0.0,4.2,+0.00,0.00,SLOW,4414.34,4414.34,4414.34,4414.34,0.00,0.00,0.0,BULLISH,0.0,4414.34,4414.34,4414.34,4414.34,6,ACTIVE_6s,1.0,0.0,0.0,0.0,0.0,0.0,0.0,PASS_<20%,0.00,0.0,NO,STANDBY_VEL_LOW,0,0.00,4590.00,78.36,FALSE,M1_DIRECTION_MISMATCH|OPENING_SHIELD_ACTIVE_6s
2026-09-07 16:06:06.610,1788797166.611,11192,14,133,4414.34,4414.42,8.0,PASS_<=10c,+0.0,FLAT,+0.0,+0.0,4.2,+0.00,0.00,SLOW,4414.34,4414.34,4414.34,4414.34,0.00,0.00,0.0,BULLISH,0.0,4414.34,4414.34,4414.34,4414.34,6,ACTIVE_6s,1.0,0.0,0.0,0.0,0.0,0.0,0.0,PASS_<20%,0.00,0.0,NO,STANDBY_VEL_LOW,0,0.00,4590.00,78.36,FALSE,M1_DIRECTION_MISMATCH|OPENING_SHIELD_ACTIVE_6s
2026-09-07 16:06:07.112,1788797167.113,11193,15,134,4414.34,4414.42,8.0,PASS_<=10c,+0.0,FLAT,+0.0,+0.0,4.2,+0.00,0.00,SLOW,4414.34,4414.34,4414.34,4414.34,0.00,0.00,0.0,BULLISH,0.0,4414.34,4414.34,4414.34,4414.34,7,ACTIVE_7s,1.0,0.0,0.0,0.0,0.0,0.0,0.0,PASS_<20%,0.00,0.0,NO,STANDBY_VEL_LOW,0,0.00,4590.00,78.36,FALSE,M1_DIRECTION_MISMATCH|OPENING_SHIELD_ACTIVE_7s
2026-09-07 16:06:07.613,1788797167.614,11194,16,135,4414.34,4414.42,8.0,PASS_<=10c,+0.0,FLAT,+0.0,+0.0,4.2,+0.00,0.00,SLOW,4414.34,4414.34,4414.34,4414.34,0.00,0.00,0.0,BULLISH,0.0,4414.34,4414.34,4414.34,4414.34,7,ACTIVE_7s,1.0,0.0,0.0,0.0,0.0,0.0,0.0,PASS_<20%,0.00,0.0,NO,STANDBY_VEL_LOW,0,0.00,4590.00,78.36,FALSE,M1_DIRECTION_MISMATCH|OPENING_SHIELD_ACTIVE_7s
2026-09-07 16:06:08.114,1788797168.114,11195,17,136,4414.34,4414.42,8.0,PASS_<=10c,+0.0,FLAT,+0.0,+0.0,4.2,+0.00,0.00,SLOW,4414.34,4414.34,4414.34,4414.34,0.00,0.00,0.0,BULLISH,0.0,4414.34,4414.34,4414.34,4414.34,8,ACTIVE_8s,1.0,0.0,0.0,0.0,0.0,0.0,0.0,PASS_<20%,0.00,0.0,NO,STANDBY_VEL_LOW,0,0.00,4590.00,78.36,FALSE,M1_DIRECTION_MISMATCH|OPENING_SHIELD_ACTIVE_8s
2026-09-07 16:06:08.617,1788797168.617,11196,18,137,4414.34,4414.42,8.0,PASS_<=10c,+0.0,FLAT,+0.0,+0.0,4.2,+0.00,0.00,SLOW,4414.34,4414.34,4414.34,4414.34,0.00,0.00,0.0,BULLISH,0.0,4414.34,4414.34,4414.34,4414.34,8,ACTIVE_8s,1.0,0.0,0.0,0.0,0.0,0.0,0.0,PASS_<20%,0.00,0.0,NO,STANDBY_VEL_LOW,0,0.00,4590.00,78.36,FALSE,M1_DIRECTION_MISMATCH|OPENING_SHIELD_ACTIVE_8s
2026-09-07 16:06:09.117,1788797169.117,11197,19,138,4414.34,4414.42,8.0,PASS_<=10c,+0.0,FLAT,+0.0,+0.0,4.2,+0.00,0.00,SLOW,4414.34,4414.34,4414.34,4414.34,0.00,0.00,0.0,BULLISH,0.0,4414.34,4414.34,4414.34,4414.34,9,ACTIVE_9s,1.0,0.0,0.0,0.0,0.0,0.0,0.0,PASS_<20%,0.00,0.0,NO,STANDBY_VEL_LOW,0,0.00,4590.00,78.36,FALSE,M1_DIRECTION_MISMATCH|OPENING_SHIELD_ACTIVE_9s
2026-09-07 16:06:09.618,1788797169.619,11198,20,139,4414.34,4414.42,8.0,PASS_<=10c,+0.0,FLAT,+0.0,+0.0,4.2,+0.00,0.00,SLOW,4414.34,4414.34,4414.34,4414.34,0.00,0.00,0.0,BULLISH,0.0,4414.34,4414.34,4414.34,4414.34,9,ACTIVE_9s,1.0,0.0,0.0,0.0,0.0,0.0,0.0,PASS_<20%,0.00,0.0,NO,STANDBY_VEL_LOW,0,0.00,4590.00,78.36,FALSE,M1_DIRECTION_MISMATCH|OPENING_SHIELD_ACTIVE_9s
2026-09-07 16:06:10.120,1788797170.120,11199,21,140,4414.34,4414.42,8.0,PASS_<=10c,+0.0,FLAT,+0.0,+0.0,4.2,+0.00,0.00,SLOW,4414.34,4414.34,4414.34,4414.34,0.00,0.00,0.0,BULLISH,0.0,4414.34,4414.34,4414.34,4414.34,10,ACTIVE_10s,1.0,0.0,0.0,0.0,0.0,0.0,0.0,PASS_<20%,0.00,0.0,NO,STANDBY_VEL_LOW,0,0.00,4590.00,78.36,FALSE,M1_DIRECTION_MISMATCH|OPENING_SHIELD_ACTIVE_10s
2026-09-07 16:06:10.622,1788797170.622,11200,22,141,4414.34,4414.42,8.0,PASS_<=10c,+0.0,FLAT,+0.0,+0.0,4.2,+0.00,0.00,SLOW,4414.34,4414.34,4414.34,4414.34,0.00,0.00,0.0,BULLISH,0.0,4414.34,4414.34,4414.34,4414.34,10,ACTIVE_10s,1.0,0.0,0.0,0.0,0.0,0.0,0.0,PASS_<20%,0.00,0.0,NO,STANDBY_VEL_LOW,0,0.00,4590.00,78.36,FALSE,M1_DIRECTION_MISMATCH|OPENING_SHIELD_ACTIVE_10s
2026-09-07 16:06:11.123,1788797171.124,11201,23,142,4414.34,4414.42,8.0,PASS_<=10c,+0.0,FLAT,+0.0,+0.0,4.2,+0.00,0.00,SLOW,4414.34,4414.34,4414.34,4414.34,0.00,0.00,0.0,BULLISH,0.0,4414.34,4414.34,4414.34,4414.34,11,ACTIVE_11s,1.0,0.0,0.0,0.0,0.0,0.0,0.0,PASS_<20%,0.00,0.0,NO,STANDBY_VEL_LOW,0,0.00,4590.00,78.36,FALSE,M1_DIRECTION_MISMATCH|OPENING_SHIELD_ACTIVE_11s
2026-09-07 16:06:11.625,1788797171.626,11202,24,143,4414.34,4414.42,8.0,PASS_<=10c,+0.0,FLAT,+0.0,+0.0,4.2,+0.00,0.00,SLOW,4414.34,4414.34,4414.34,4414.34,0.00,0.00,0.0,BULLISH,0.0,4414.34,4414.34,4414.34,4414.34,11,ACTIVE_11s,1.0,0.0,0.0,0.0,0.0,0.0,0.0,PASS_<20%,0.00,0.0,NO,STANDBY_VEL_LOW,0,0.00,4590.00,78.36,FALSE,M1_DIRECTION_MISMATCH|OPENING_SHIELD_ACTIVE_11s
2026-09-07 16:06:12.127,1788797172.128,11203,25,144,4414.34,4414.42,8.0,PASS_<=10c,+0.0,FLAT,+0.0,+0.0,4.2,+0.00,0.00,SLOW,4414.34,4414.34,4414.34,4414.34,0.00,0.00,0.0,BULLISH,0.0,4414.34,4414.34,4414.34,4414.34,12,ACTIVE_12s,1.0,0.0,0.0,0.0,0.0,0.0,0.0,PASS_<20%,0.00,0.0,NO,STANDBY_VEL_LOW,0,0.00,4590.00,78.36,FALSE,M1_DIRECTION_MISMATCH|OPENING_SHIELD_ACTIVE_12s
2026-09-07 16:06:12.630,1788797172.631,11204,26,145,4414.34,4414.42,8.0,PASS_<=10c,+0.0,FLAT,+0.0,+0.0,4.2,+0.00,0.00,SLOW,4414.34,4414.34,4414.34,4414.34,0.00,0.00,0.0,BULLISH,0.0,4414.34,4414.34,4414.34,4414.34,12,ACTIVE_12s,1.0,0.0,0.0,0.0,0.0,0.0,0.0,PASS_<20%,0.00,0.0,NO,STANDBY_VEL_LOW,0,0.00,4590.00,78.36,FALSE,M1_DIRECTION_MISMATCH|OPENING_SHIELD_ACTIVE_12s
2026-09-07 16:06:13.132,1788797173.132,11205,27,146,4414.34,4414.42,8.0,PASS_<=10c,+0.0,FLAT,+0.0,+0.0,4.2,+0.00,0.00,SLOW,4414.34,4414.34,4414.34,4414.34,0.00,0.00,0.0,BULLISH,0.0,4414.34,4414.34,4414.34,4414.34,13,ACTIVE_13s,1.0,0.0,0.0,0.0,0.0,0.0,0.0,PASS_<20%,0.00,0.0,NO,STANDBY_VEL_LOW,0,0.00,4590.00,78.36,FALSE,M1_DIRECTION_MISMATCH|OPENING_SHIELD_ACTIVE_13s
2026-09-07 16:06:13.634,1788797173.635,11206,28,147,4414.34,4414.42,8.0,PASS_<=10c,+0.0,FLAT,+0.0,+0.0,4.2,+0.00,0.00,SLOW,4414.34,4414.34,4414.34,4414.34,0.00,0.00,0.0,BULLISH,0.0,4414.34,4414.34,4414.34,4414.34,13,ACTIVE_13s,1.0,0.0,0.0,0.0,0.0,0.0,0.0,PASS_<20%,0.00,0.0,NO,STANDBY_VEL_LOW,0,0.00,4590.00,78.36,FALSE,M1_DIRECTION_MISMATCH|OPENING_SHIELD_ACTIVE_13s
2026-09-07 16:06:14.136,1788797174.137,11207,29,148,4414.34,4414.42,8.0,PASS_<=10c,+0.0,FLAT,+0.0,+0.0,4.2,+0.00,0.00,SLOW,4414.34,4414.34,4414.34,4414.34,0.00,0.00,0.0,BULLISH,0.0,4414.34,4414.34,4414.34,4414.34,14,ACTIVE_14s,1.0,0.0,0.0,0.0,0.0,0.0,0.0,PASS_<20%,0.00,0.0,NO,STANDBY_VEL_LOW,0,0.00,4590.00,78.36,FALSE,M1_DIRECTION_MISMATCH|OPENING_SHIELD_ACTIVE_14s
2026-09-07 16:06:14.638,1788797174.639,11208,30,149,4414.34,4414.42,8.0,PASS_<=10c,+0.0,FLAT,+0.0,+0.0,4.2,+0.00,0.00,SLOW,4414.34,4414.34,4414.34,4414.34,0.00,0.00,0.0,BULLISH,0.0,4414.34,4414.34,4414.34,4414.34,14,ACTIVE_14s,1.0,0.0,0.0,0.0,0.0,0.0,0.0,PASS_<20%,0.00,0.0,NO,STANDBY_VEL_LOW,0,0.00,4590.00,78.36,FALSE,M1_DIRECTION_MISMATCH|OPENING_SHIELD_ACTIVE_14s
2026-09-07 16:06:15.140,1788797175.140,11209,31,150,4414.34,4414.42,8.0,PASS_<=10c,+0.0,FLAT,+0.0,+0.0,4.2,+0.00,0.00,SLOW,4414.34,4414.34,4414.34,4414.34,0.00,0.00,0.0,BULLISH,0.0,4414.34,4414.34,4414.34,4414.34,15,ACTIVE_15s,1.0,0.0,0.0,0.0,0.0,0.0,0.0,PASS_<20%,0.00,0.0,NO,STANDBY_VEL_LOW,0,0.00,4590.00,78.36,FALSE,M1_DIRECTION_MISMATCH|OPENING_SHIELD_ACTIVE_15s
2026-09-07 16:06:15.641,1788797175.642,11210,32,151,4414.34,4414.42,8.0,PASS_<=10c,+0.0,FLAT,+0.0,+0.0,4.2,+0.00,0.00,SLOW,4414.34,4414.34,4414.34,4414.34,0.00,0.00,0.0,BULLISH,0.0,4414.34,4414.34,4414.34,4414.34,15,ACTIVE_15s,1.0,0.0,0.0,0.0,0.0,0.0,0.0,PASS_<20%,0.00,0.0,NO,STANDBY_VEL_LOW,0,0.00,4590.00,78.36,FALSE,M1_DIRECTION_MISMATCH|OPENING_SHIELD_ACTIVE_15s
2026-09-07 16:06:16.142,1788797176.143,11211,33,152,4414.34,4414.42,8.0,PASS_<=10c,+0.0,FLAT,+0.0,+0.0,4.2,+0.00,0.00,SLOW,4414.34,4414.34,4414.34,4414.34,0.00,0.00,0.0,BULLISH,0.0,4414.34,4414.34,4414.34,4414.34,16,ACTIVE_16s,1.0,0.0,0.0,0.0,0.0,0.0,0.0,PASS_<20%,0.00,0.0,NO,STANDBY_VEL_LOW,0,0.00,4590.00,78.36,FALSE,M1_DIRECTION_MISMATCH|OPENING_SHIELD_ACTIVE_16s
2026-09-07 16:06:16.644,1788797176.645,11212,34,153,4414.34,4414.42,8.0,PASS_<=10c,+0.0,FLAT,+0.0,+0.0,4.2,+0.00,0.00,SLOW,4414.34,4414.34,4414.34,4414.34,0.00,0.00,0.0,BULLISH,0.0,4414.34,4414.34,4414.34,4414.34,16,ACTIVE_16s,1.0,0.0,0.0,0.0,0.0,0.0,0.0,PASS_<20%,0.00,0.0,NO,STANDBY_VEL_LOW,0,0.00,4590.00,78.36,FALSE,M1_DIRECTION_MISMATCH|OPENING_SHIELD_ACTIVE_16s
2026-09-07 16:06:17.146,1788797177.147,11213,35,154,4414.34,4414.42,8.0,PASS_<=10c,+0.0,FLAT,+0.0,+0.0,4.2,+0.00,0.00,SLOW,4414.34,4414.34,4414.34,4414.34,0.00,0.00,0.0,BULLISH,0.0,4414.34,4414.34,4414.34,4414.34,17,ACTIVE_17s,1.0,0.0,0.0,0.0,0.0,0.0,0.0,PASS_<20%,0.00,0.0,NO,STANDBY_VEL_LOW,0,0.00,4590.00,78.36,FALSE,M1_DIRECTION_MISMATCH|OPENING_SHIELD_ACTIVE_17s
2026-09-07 16:06:17.649,1788797177.650,11214,36,155,4414.34,4414.42,8.0,PASS_<=10c,+0.0,FLAT,+0.0,+0.0,4.2,+0.00,0.00,SLOW,4414.34,4414.34,4414.34,4414.34,0.00,0.00,0.0,BULLISH,0.0,4414.34,4414.34,4414.34,4414.34,17,ACTIVE_17s,1.0,0.0,0.0,0.0,0.0,0.0,0.0,PASS_<20%,0.00,0.0,NO,STANDBY_VEL_LOW,0,0.00,4590.00,78.36,FALSE,M1_DIRECTION_MISMATCH|OPENING_SHIELD_ACTIVE_17s
2026-09-07 16:06:18.150,1788797178.151,11215,37,156,4414.34,4414.42,8.0,PASS_<=10c,+0.0,FLAT,+0.0,+0.0,4.2,+0.00,0.00,SLOW,4414.34,4414.34,4414.34,4414.34,0.00,0.00,0.0,BULLISH,0.0,4414.34,4414.34,4414.34,4414.34,18,ACTIVE_18s,1.0,0.0,0.0,0.0,0.0,0.0,0.0,PASS_<20%,0.00,0.0,NO,STANDBY_VEL_LOW,0,0.00,4590.00,78.36,FALSE,M1_DIRECTION_MISMATCH|OPENING_SHIELD_ACTIVE_18s
2026-09-07 16:06:18.651,1788797178.652,11216,38,157,4414.34,4414.42,8.0,PASS_<=10c,+0.0,FLAT,+0.0,+0.0,4.2,+0.00,0.00,SLOW,4414.34,4414.34,4414.34,4414.34,0.00,0.00,0.0,BULLISH,0.0,4414.34,4414.34,4414.34,4414.34,18,ACTIVE_18s,1.0,0.0,0.0,0.0,0.0,0.0,0.0,PASS_<20%,0.00,0.0,NO,STANDBY_VEL_LOW,0,0.00,4590.00,78.36,FALSE,M1_DIRECTION_MISMATCH|OPENING_SHIELD_ACTIVE_18s
2026-09-07 16:06:19.153,1788797179.154,11217,39,158,4414.34,4414.42,8.0,PASS_<=10c,+0.0,FLAT,+0.0,+0.0,4.2,+0.00,0.00,SLOW,4414.34,4414.34,4414.34,4414.34,0.00,0.00,0.0,BULLISH,0.0,4414.34,4414.34,4414.34,4414.34,19,ACTIVE_19s,1.0,0.0,0.0,0.0,0.0,0.0,0.0,PASS_<20%,0.00,0.0,NO,STANDBY_VEL_LOW,0,0.00,4590.00,78.36,FALSE,M1_DIRECTION_MISMATCH|OPENING_SHIELD_ACTIVE_19s
2026-09-07 16:06:19.655,1788797179.655,11218,40,159,4414.34,4414.42,8.0,PASS_<=10c,+0.0,FLAT,+0.0,+0.0,4.2,+0.00,0.00,SLOW,4414.34,4414.34,4414.34,4414.34,0.00,0.00,0.0,BULLISH,0.0,4414.34,4414.34,4414.34,4414.34,19,ACTIVE_19s,1.0,0.0,0.0,0.0,0.0,0.0,0.0,PASS_<20%,0.00,0.0,NO,STANDBY_VEL_LOW,0,0.00,4590.00,78.36,FALSE,M1_DIRECTION_MISMATCH|OPENING_SHIELD_ACTIVE_19s
2026-09-07 16:06:20.156,1788797180.157,11219,41,160,4414.34,4414.42,8.0,PASS_<=10c,+0.0,FLAT,+0.0,+0.0,4.2,+0.00,0.00,SLOW,4414.34,4414.34,4414.34,4414.34,0.00,0.00,0.0,BULLISH,0.0,4414.34,4414.34,4414.34,4414.34,20,CLEARED_>=20s,1.0,0.0,0.0,0.0,0.0,0.0,0.0,PASS_<20%,0.00,0.0,NO,STANDBY_VEL_LOW,0,0.00,4590.00,78.36,FALSE,M1_DIRECTION_MISMATCH
2026-09-07 16:06:20.658,1788797180.658,11220,42,161,4414.34,4414.42,8.0,PASS_<=10c,+0.0,FLAT,+0.0,+0.0,4.2,+0.00,0.00,SLOW,4414.34,4414.34,4414.34,4414.34,0.00,0.00,0.0,BULLISH,0.0,4414.34,4414.34,4414.34,4414.34,20,CLEARED_>=20s,1.0,0.0,0.0,0.0,0.0,0.0,0.0,PASS_<20%,0.00,0.0,NO,STANDBY_VEL_LOW,0,0.00,4590.00,78.36,FALSE,M1_DIRECTION_MISMATCH
2026-09-07 16:06:21.161,1788797181.161,11221,43,162,4414.34,4414.42,8.0,PASS_<=10c,+0.0,FLAT,+0.0,+0.0,4.2,+0.00,0.00,SLOW,4414.34,4414.34,4414.34,4414.34,0.00,0.00,0.0,BULLISH,0.0,4414.34,4414.34,4414.34,4414.34,21,CLEARED_>=20s,1.0,0.0,0.0,0.0,0.0,0.0,0.0,PASS_<20%,0.00,0.0,NO,STANDBY_VEL_LOW,0,0.00,4590.00,78.36,FALSE,M1_DIRECTION_MISMATCH
2026-09-07 16:06:21.663,1788797181.664,11222,44,163,4414.34,4414.42,8.0,PASS_<=10c,+0.0,FLAT,+0.0,+0.0,4.2,+0.00,0.00,SLOW,4414.34,4414.34,4414.34,4414.34,0.00,0.00,0.0,BULLISH,0.0,4414.34,4414.34,4414.34,4414.34,21,CLEARED_>=20s,1.0,0.0,0.0,0.0,0.0,0.0,0.0,PASS_<20%,0.00,0.0,NO,STANDBY_VEL_LOW,0,0.00,4590.00,78.36,FALSE,M1_DIRECTION_MISMATCH
2026-09-07 16:06:22.163,1788797182.164,11223,45,164,4414.34,4414.42,8.0,PASS_<=10c,+0.0,FLAT,+0.0,+0.0,4.2,+0.00,0.00,SLOW,4414.34,4414.34,4414.34,4414.34,0.00,0.00,0.0,BULLISH,0.0,4414.34,4414.34,4414.34,4414.34,22,CLEARED_>=20s,1.0,0.0,0.0,0.0,0.0,0.0,0.0,PASS_<20%,0.00,0.0,NO,STANDBY_VEL_LOW,0,0.00,4590.00,78.36,FALSE,M1_DIRECTION_MISMATCH
2026-09-07 16:06:22.665,1788797182.665,11224,46,165,4414.34,4414.42,8.0,PASS_<=10c,+0.0,FLAT,+0.0,+0.0,4.2,+0.00,0.00,SLOW,4414.34,4414.34,4414.34,4414.34,0.00,0.00,0.0,BULLISH,0.0,4414.34,4414.34,4414.34,4414.34,22,CLEARED_>=20s,1.0,0.0,0.0,0.0,0.0,0.0,0.0,PASS_<20%,0.00,0.0,NO,STANDBY_VEL_LOW,0,0.00,4590.00,78.36,FALSE,M1_DIRECTION_MISMATCH
2026-09-07 16:06:23.166,1788797183.167,11225,47,166,4414.34,4414.42,8.0,PASS_<=10c,+0.0,FLAT,+0.0,+0.0,4.2,+0.00,0.00,SLOW,4414.34,4414.34,4414.34,4414.34,0.00,0.00,0.0,BULLISH,0.0,4414.34,4414.34,4414.34,4414.34,23,CLEARED_>=20s,1.0,0.0,0.0,0.0,0.0,0.0,0.0,PASS_<20%,0.00,0.0,NO,STANDBY_VEL_LOW,0,0.00,4590.00,78.36,FALSE,M1_DIRECTION_MISMATCH
2026-09-07 16:06:23.667,1788797183.668,11226,48,167,4414.34,4414.42,8.0,PASS_<=10c,+0.0,FLAT,+0.0,+0.0,4.2,+0.00,0.00,SLOW,4414.34,4414.34,4414.34,4414.34,0.00,0.00,0.0,BULLISH,0.0,4414.34,4414.34,4414.34,4414.34,23,CLEARED_>=20s,1.0,0.0,0.0,0.0,0.0,0.0,0.0,PASS_<20%,0.00,0.0,NO,STANDBY_VEL_LOW,0,0.00,4590.00,78.36,FALSE,M1_DIRECTION_MISMATCH
2026-09-07 16:06:24.169,1788797184.170,11227,49,168,4414.34,4414.42,8.0,PASS_<=10c,+0.0,FLAT,+0.0,+0.0,4.2,+0.00,0.00,SLOW,4414.34,4414.34,4414.34,4414.34,0.00,0.00,0.0,BULLISH,0.0,4414.34,4414.34,4414.34,4414.34,24,CLEARED_>=20s,1.0,0.0,0.0,0.0,0.0,0.0,0.0,PASS_<20%,0.00,0.0,NO,STANDBY_VEL_LOW,0,0.00,4590.00,78.36,FALSE,M1_DIRECTION_MISMATCH
2026-09-07 16:06:24.671,1788797184.671,11228,50,169,4414.34,4414.42,8.0,PASS_<=10c,+0.0,FLAT,+0.0,+0.0,4.2,+0.00,0.00,SLOW,4414.34,4414.34,4414.34,4414.34,0.00,0.00,0.0,BULLISH,0.0,4414.34,4414.34,4414.34,4414.34,24,CLEARED_>=20s,1.0,0.0,0.0,0.0,0.0,0.0,0.0,PASS_<20%,0.00,0.0,NO,STANDBY_VEL_LOW,0,0.00,4590.00,78.36,FALSE,M1_DIRECTION_MISMATCH
2026-09-07 16:06:25.209,1788797185.210,11229,51,170,4414.34,4414.42,8.0,PASS_<=10c,+0.0,FLAT,+0.0,+0.0,4.2,+0.00,0.00,SLOW,4414.34,4414.34,4414.34,4414.34,0.00,0.00,0.0,BULLISH,0.0,4414.34,4414.34,4414.34,4414.34,25,CLEARED_>=20s,1.0,0.0,0.0,0.0,0.0,0.0,0.0,PASS_<20%,0.00,0.0,NO,STANDBY_VEL_LOW,0,0.00,4590.00,78.36,FALSE,M1_DIRECTION_MISMATCH
2026-09-07 16:06:25.699,1788797185.700,11230,52,171,4414.34,4414.42,8.0,PASS_<=10c,+0.0,FLAT,+0.0,+0.0,4.2,+0.00,0.00,SLOW,4414.34,4414.34,4414.34,4414.34,0.00,0.00,0.0,BULLISH,0.0,4414.34,4414.34,4414.34,4414.34,25,CLEARED_>=20s,1.0,0.0,0.0,0.0,0.0,0.0,0.0,PASS_<20%,0.00,0.0,NO,STANDBY_VEL_LOW,0,0.00,4590.00,78.36,FALSE,M1_DIRECTION_MISMATCH
2026-09-07 16:06:26.200,1788797186.201,11231,53,172,4414.34,4414.42,8.0,PASS_<=10c,+0.0,FLAT,+0.0,+0.0,4.2,+0.00,0.00,SLOW,4414.34,4414.34,4414.34,4414.34,0.00,0.00,0.0,BULLISH,0.0,4414.34,4414.34,4414.34,4414.34,26,CLEARED_>=20s,1.0,0.0,0.0,0.0,0.0,0.0,0.0,PASS_<20%,0.00,0.0,NO,STANDBY_VEL_LOW,0,0.00,4590.00,78.36,FALSE,M1_DIRECTION_MISMATCH
2026-09-07 16:06:26.702,1788797186.702,11232,54,173,4414.34,4414.42,8.0,PASS_<=10c,+0.0,FLAT,+0.0,+0.0,4.2,+0.00,0.00,SLOW,4414.34,4414.34,4414.34,4414.34,0.00,0.00,0.0,BULLISH,0.0,4414.34,4414.34,4414.34,4414.34,26,CLEARED_>=20s,1.0,0.0,0.0,0.0,0.0,0.0,0.0,PASS_<20%,0.00,0.0,NO,STANDBY_VEL_LOW,0,0.00,4590.00,78.36,FALSE,M1_DIRECTION_MISMATCH
2026-09-07 16:06:27.204,1788797187.204,11233,55,174,4414.34,4414.42,8.0,PASS_<=10c,+0.0,FLAT,+0.0,+0.0,4.2,+0.00,0.00,SLOW,4414.34,4414.34,4414.34,4414.34,0.00,0.00,0.0,BULLISH,0.0,4414.34,4414.34,4414.34,4414.34,27,CLEARED_>=20s,1.0,0.0,0.0,0.0,0.0,0.0,0.0,PASS_<20%,0.00,0.0,NO,STANDBY_VEL_LOW,0,0.00,4590.00,78.36,FALSE,M1_DIRECTION_MISMATCH
2026-09-07 16:06:27.705,1788797187.705,11234,56,175,4414.34,4414.42,8.0,PASS_<=10c,+0.0,FLAT,+0.0,+0.0,4.2,+0.00,0.00,SLOW,4414.34,4414.34,4414.34,4414.34,0.00,0.00,0.0,BULLISH,0.0,4414.34,4414.34,4414.34,4414.34,27,CLEARED_>=20s,1.0,0.0,0.0,0.0,0.0,0.0,0.0,PASS_<20%,0.00,0.0,NO,STANDBY_VEL_LOW,0,0.00,4590.00,78.36,FALSE,M1_DIRECTION_MISMATCH
2026-09-07 16:06:28.207,1788797188.207,11235,57,176,4414.34,4414.42,8.0,PASS_<=10c,+0.0,FLAT,+0.0,+0.0,4.2,+0.00,0.00,SLOW,4414.34,4414.34,4414.34,4414.34,0.00,0.00,0.0,BULLISH,0.0,4414.34,4414.34,4414.34,4414.34,28,CLEARED_>=20s,1.0,0.0,0.0,0.0,0.0,0.0,0.0,PASS_<20%,0.00,0.0,NO,STANDBY_VEL_LOW,0,0.00,4590.00,78.36,FALSE,M1_DIRECTION_MISMATCH
2026-09-07 16:06:28.708,1788797188.708,11236,58,177,4414.34,4414.42,8.0,PASS_<=10c,+0.0,FLAT,+0.0,+0.0,4.2,+0.00,0.00,SLOW,4414.34,4414.34,4414.34,4414.34,0.00,0.00,0.0,BULLISH,0.0,4414.34,4414.34,4414.34,4414.34,28,CLEARED_>=20s,1.0,0.0,0.0,0.0,0.0,0.0,0.0,PASS_<20%,0.00,0.0,NO,STANDBY_VEL_LOW,0,0.00,4590.00,78.36,FALSE,M1_DIRECTION_MISMATCH
2026-09-07 16:06:29.210,1788797189.210,11237,59,178,4414.34,4414.42,8.0,PASS_<=10c,+0.0,FLAT,+0.0,+0.0,4.2,+0.00,0.00,SLOW,4414.34,4414.34,4414.34,4414.34,0.00,0.00,0.0,BULLISH,0.0,4414.34,4414.34,4414.34,4414.34,29,CLEARED_>=20s,1.0,0.0,0.0,0.0,0.0,0.0,0.0,PASS_<20%,0.00,0.0,NO,STANDBY_VEL_LOW,0,0.00,4590.00,78.36,FALSE,M1_DIRECTION_MISMATCH
2026-09-07 16:06:29.712,1788797189.712,11238,60,179,4414.34,4414.42,8.0,PASS_<=10c,+0.0,FLAT,+0.0,+0.0,4.2,+0.00,0.00,SLOW,4414.34,4414.34,4414.34,4414.34,0.00,0.00,0.0,BULLISH,0.0,4414.34,4414.34,4414.34,4414.34,29,CLEARED_>=20s,1.0,0.0,0.0,0.0,0.0,0.0,0.0,PASS_<20%,0.00,0.0,NO,STANDBY_VEL_LOW,0,0.00,4590.00,78.36,FALSE,M1_DIRECTION_MISMATCH
2026-09-07 16:06:30.213,1788797190.214,11239,61,180,4414.34,4414.42,8.0,PASS_<=10c,+0.0,FLAT,+0.0,+0.0,4.2,+0.00,0.00,SLOW,4414.34,4414.34,4414.34,4414.34,0.00,0.00,0.0,BULLISH,0.0,4414.34,4414.34,4414.34,4414.34,30,CLEARED_>=20s,1.0,0.0,0.0,0.0,0.0,0.0,0.0,PASS_<20%,0.00,0.0,NO,STANDBY_VEL_LOW,0,0.00,4590.00,78.36,FALSE,M1_DIRECTION_MISMATCH
2026-09-07 16:06:30.715,1788797190.715,11240,62,181,4414.34,4414.42,8.0,PASS_<=10c,+0.0,FLAT,+0.0,+0.0,4.2,+0.00,0.00,SLOW,4414.34,4414.34,4414.34,4414.34,0.00,0.00,0.0,BULLISH,0.0,4414.34,4414.34,4414.34,4414.34,30,CLEARED_>=20s,1.0,0.0,0.0,0.0,0.0,0.0,0.0,PASS_<20%,0.00,0.0,NO,STANDBY_VEL_LOW,0,0.00,4590.00,78.36,FALSE,M1_DIRECTION_MISMATCH
2026-09-07 16:06:31.216,1788797191.217,11241,63,182,4414.34,4414.42,8.0,PASS_<=10c,+0.0,FLAT,+0.0,+0.0,4.2,+0.00,0.00,SLOW,4414.34,4414.34,4414.34,4414.34,0.00,0.00,0.0,BULLISH,0.0,4414.34,4414.34,4414.34,4414.34,31,CLEARED_>=20s,1.0,0.0,0.0,0.0,0.0,0.0,0.0,PASS_<20%,0.00,0.0,NO,STANDBY_VEL_LOW,0,0.00,4590.00,78.36,FALSE,M1_DIRECTION_MISMATCH
2026-09-07 16:06:31.717,1788797191.717,11242,64,183,4414.34,4414.42,8.0,PASS_<=10c,+0.0,FLAT,+0.0,+0.0,4.2,+0.00,0.00,SLOW,4414.34,4414.34,4414.34,4414.34,0.00,0.00,0.0,BULLISH,0.0,4414.34,4414.34,4414.34,4414.34,31,CLEARED_>=20s,1.0,0.0,0.0,0.0,0.0,0.0,0.0,PASS_<20%,0.00,0.0,NO,STANDBY_VEL_LOW,0,0.00,4590.00,78.36,FALSE,M1_DIRECTION_MISMATCH
2026-09-07 16:06:32.218,1788797192.218,11243,65,184,4414.34,4414.42,8.0,PASS_<=10c,+0.0,FLAT,+0.0,+0.0,4.2,+0.00,0.00,SLOW,4414.34,4414.34,4414.34,4414.34,0.00,0.00,0.0,BULLISH,0.0,4414.34,4414.34,4414.34,4414.34,32,CLEARED_>=20s,1.0,0.0,0.0,0.0,0.0,0.0,0.0,PASS_<20%,0.00,0.0,NO,STANDBY_VEL_LOW,0,0.00,4590.00,78.36,FALSE,M1_DIRECTION_MISMATCH
2026-09-07 16:06:32.719,1788797192.720,11244,66,185,4414.34,4414.42,8.0,PASS_<=10c,+0.0,FLAT,+0.0,+0.0,4.2,+0.00,0.00,SLOW,4414.34,4414.34,4414.34,4414.34,0.00,0.00,0.0,BULLISH,0.0,4414.34,4414.34,4414.34,4414.34,32,CLEARED_>=20s,1.0,0.0,0.0,0.0,0.0,0.0,0.0,PASS_<20%,0.00,0.0,NO,STANDBY_VEL_LOW,0,0.00,4590.00,78.36,FALSE,M1_DIRECTION_MISMATCH
2026-09-07 16:06:33.221,1788797193.221,11245,67,186,4414.34,4414.42,8.0,PASS_<=10c,+0.0,FLAT,+0.0,+0.0,4.2,+0.00,0.00,SLOW,4414.34,4414.34,4414.34,4414.34,0.00,0.00,0.0,BULLISH,0.0,4414.34,4414.34,4414.34,4414.34,33,CLEARED_>=20s,1.0,0.0,0.0,0.0,0.0,0.0,0.0,PASS_<20%,0.00,0.0,NO,STANDBY_VEL_LOW,0,0.00,4590.00,78.36,FALSE,M1_DIRECTION_MISMATCH
2026-09-07 16:06:33.723,1788797193.724,11246,68,187,4414.34,4414.42,8.0,PASS_<=10c,+0.0,FLAT,+0.0,+0.0,4.2,+0.00,0.00,SLOW,4414.34,4414.34,4414.34,4414.34,0.00,0.00,0.0,BULLISH,0.0,4414.34,4414.34,4414.34,4414.34,33,CLEARED_>=20s,1.0,0.0,0.0,0.0,0.0,0.0,0.0,PASS_<20%,0.00,0.0,NO,STANDBY_VEL_LOW,0,0.00,4590.00,78.36,FALSE,M1_DIRECTION_MISMATCH
2026-09-07 16:06:34.224,1788797194.224,11247,69,188,4414.34,4414.42,8.0,PASS_<=10c,+0.0,FLAT,+0.0,+0.0,4.2,+0.00,0.00,SLOW,4414.34,4414.34,4414.34,4414.34,0.00,0.00,0.0,BULLISH,0.0,4414.34,4414.34,4414.34,4414.34,34,CLEARED_>=20s,1.0,0.0,0.0,0.0,0.0,0.0,0.0,PASS_<20%,0.00,0.0,NO,STANDBY_VEL_LOW,0,0.00,4590.00,78.36,FALSE,M1_DIRECTION_MISMATCH
2026-09-07 16:06:34.725,1788797194.725,11248,70,189,4414.34,4414.42,8.0,PASS_<=10c,+0.0,FLAT,+0.0,+0.0,4.2,+0.00,0.00,SLOW,4414.34,4414.34,4414.34,4414.34,0.00,0.00,0.0,BULLISH,0.0,4414.34,4414.34,4414.34,4414.34,34,CLEARED_>=20s,1.0,0.0,0.0,0.0,0.0,0.0,0.0,PASS_<20%,0.00,0.0,NO,STANDBY_VEL_LOW,0,0.00,4590.00,78.36,FALSE,M1_DIRECTION_MISMATCH
2026-09-07 16:06:35.227,1788797195.228,11249,71,190,4414.34,4414.42,8.0,PASS_<=10c,+0.0,FLAT,+0.0,+0.0,4.2,+0.00,0.00,SLOW,4414.34,4414.34,4414.34,4414.34,0.00,0.00,0.0,BULLISH,0.0,4414.34,4414.34,4414.34,4414.34,35,CLEARED_>=20s,1.0,0.0,0.0,0.0,0.0,0.0,0.0,PASS_<20%,0.00,0.0,NO,STANDBY_VEL_LOW,0,0.00,4590.00,78.36,FALSE,M1_DIRECTION_MISMATCH
2026-09-07 16:06:35.733,1788797195.733,11250,72,191,4414.34,4414.42,8.0,PASS_<=10c,+0.0,FLAT,+0.0,+0.0,4.2,+0.00,0.00,SLOW,4414.34,4414.34,4414.34,4414.34,0.00,0.00,0.0,BULLISH,0.0,4414.34,4414.34,4414.34,4414.34,35,CLEARED_>=20s,1.0,0.0,0.0,0.0,0.0,0.0,0.0,PASS_<20%,0.00,0.0,NO,STANDBY_VEL_LOW,0,0.00,4590.00,78.36,FALSE,M1_DIRECTION_MISMATCH
2026-09-07 16:06:36.232,1788797196.232,11251,73,192,4414.34,4414.42,8.0,PASS_<=10c,+0.0,FLAT,+0.0,+0.0,4.2,+0.00,0.00,SLOW,4414.34,4414.34,4414.34,4414.34,0.00,0.00,0.0,BULLISH,0.0,4414.34,4414.34,4414.34,4414.34,36,CLEARED_>=20s,1.0,0.0,0.0,0.0,0.0,0.0,0.0,PASS_<20%,0.00,0.0,NO,STANDBY_VEL_LOW,0,0.00,4590.00,78.36,FALSE,M1_DIRECTION_MISMATCH
2026-09-07 16:06:36.733,1788797196.733,11252,74,193,4414.34,4414.42,8.0,PASS_<=10c,+0.0,FLAT,+0.0,+0.0,4.2,+0.00,0.00,SLOW,4414.34,4414.34,4414.34,4414.34,0.00,0.00,0.0,BULLISH,0.0,4414.34,4414.34,4414.34,4414.34,36,CLEARED_>=20s,1.0,0.0,0.0,0.0,0.0,0.0,0.0,PASS_<20%,0.00,0.0,NO,STANDBY_VEL_LOW,0,0.00,4590.00,78.36,FALSE,M1_DIRECTION_MISMATCH
2026-09-07 16:06:37.234,1788797197.234,11253,75,194,4414.34,4414.42,8.0,PASS_<=10c,+0.0,FLAT,+0.0,+0.0,4.2,+0.00,0.00,SLOW,4414.34,4414.34,4414.34,4414.34,0.00,0.00,0.0,BULLISH,0.0,4414.34,4414.34,4414.34,4414.34,37,CLEARED_>=20s,1.0,0.0,0.0,0.0,0.0,0.0,0.0,PASS_<20%,0.00,0.0,NO,STANDBY_VEL_LOW,0,0.00,4590.00,78.36,FALSE,M1_DIRECTION_MISMATCH
2026-09-07 16:06:37.736,1788797197.737,11254,76,195,4414.34,4414.42,8.0,PASS_<=10c,+0.0,FLAT,+0.0,+0.0,4.2,+0.00,0.00,SLOW,4414.34,4414.34,4414.34,4414.34,0.00,0.00,0.0,BULLISH,0.0,4414.34,4414.34,4414.34,4414.34,37,CLEARED_>=20s,1.0,0.0,0.0,0.0,0.0,0.0,0.0,PASS_<20%,0.00,0.0,NO,STANDBY_VEL_LOW,0,0.00,4590.00,78.36,FALSE,M1_DIRECTION_MISMATCH
2026-09-07 16:06:38.237,1788797198.237,11255,77,196,4414.34,4414.42,8.0,PASS_<=10c,+0.0,FLAT,+0.0,+0.0,4.2,+0.00,0.00,SLOW,4414.34,4414.34,4414.34,4414.34,0.00,0.00,0.0,BULLISH,0.0,4414.34,4414.34,4414.34,4414.34,38,CLEARED_>=20s,1.0,0.0,0.0,0.0,0.0,0.0,0.0,PASS_<20%,0.00,0.0,NO,STANDBY_VEL_LOW,0,0.00,4590.00,78.36,FALSE,M1_DIRECTION_MISMATCH
2026-09-07 16:06:38.738,1788797198.739,11256,78,197,4414.34,4414.42,8.0,PASS_<=10c,+0.0,FLAT,+0.0,+0.0,4.2,+0.00,0.00,SLOW,4414.34,4414.34,4414.34,4414.34,0.00,0.00,0.0,BULLISH,0.0,4414.34,4414.34,4414.34,4414.34,38,CLEARED_>=20s,1.0,0.0,0.0,0.0,0.0,0.0,0.0,PASS_<20%,0.00,0.0,NO,STANDBY_VEL_LOW,0,0.00,4590.00,78.36,FALSE,M1_DIRECTION_MISMATCH
2026-09-07 16:06:39.239,1788797199.239,11257,79,198,4414.34,4414.42,8.0,PASS_<=10c,+0.0,FLAT,+0.0,+0.0,4.2,+0.00,0.00,SLOW,4414.34,4414.34,4414.34,4414.34,0.00,0.00,0.0,BULLISH,0.0,4414.34,4414.34,4414.34,4414.34,39,CLEARED_>=20s,1.0,0.0,0.0,0.0,0.0,0.0,0.0,PASS_<20%,0.00,0.0,NO,STANDBY_VEL_LOW,0,0.00,4590.00,78.36,FALSE,M1_DIRECTION_MISMATCH
2026-09-07 16:06:39.741,1788797199.741,11258,80,199,4414.34,4414.42,8.0,PASS_<=10c,+0.0,FLAT,+0.0,+0.0,4.2,+0.00,0.00,SLOW,4414.34,4414.34,4414.34,4414.34,0.00,0.00,0.0,BULLISH,0.0,4414.34,4414.34,4414.34,4414.34,39,CLEARED_>=20s,1.0,0.0,0.0,0.0,0.0,0.0,0.0,PASS_<20%,0.00,0.0,NO,STANDBY_VEL_LOW,0,0.00,4590.00,78.36,FALSE,M1_DIRECTION_MISMATCH
2026-09-07 16:06:40.243,1788797200.244,11259,81,200,4414.34,4414.42,8.0,PASS_<=10c,+0.0,FLAT,+0.0,+0.0,4.2,+0.00,0.00,SLOW,4414.34,4414.34,4414.34,4414.34,0.00,0.00,0.0,BULLISH,0.0,4414.34,4414.34,4414.34,4414.34,40,CLEARED_>=20s,1.0,0.0,0.0,0.0,0.0,0.0,0.0,PASS_<20%,0.00,0.0,NO,STANDBY_VEL_LOW,0,0.00,4590.00,78.36,FALSE,M1_DIRECTION_MISMATCH
2026-09-07 16:06:40.744,1788797200.745,11260,82,201,4414.34,4414.42,8.0,PASS_<=10c,+0.0,FLAT,+0.0,+0.0,4.2,+0.00,0.00,SLOW,4414.34,4414.34,4414.34,4414.34,0.00,0.00,0.0,BULLISH,0.0,4414.34,4414.34,4414.34,4414.34,40,CLEARED_>=20s,1.0,0.0,0.0,0.0,0.0,0.0,0.0,PASS_<20%,0.00,0.0,NO,STANDBY_VEL_LOW,0,0.00,4590.00,78.36,FALSE,M1_DIRECTION_MISMATCH
2026-09-07 16:06:41.246,1788797201.247,11261,83,202,4414.34,4414.42,8.0,PASS_<=10c,+0.0,FLAT,+0.0,+0.0,4.2,+0.00,0.00,SLOW,4414.34,4414.34,4414.34,4414.34,0.00,0.00,0.0,BULLISH,0.0,4414.34,4414.34,4414.34,4414.34,41,CLEARED_>=20s,1.0,0.0,0.0,0.0,0.0,0.0,0.0,PASS_<20%,0.00,0.0,NO,STANDBY_VEL_LOW,0,0.00,4590.00,78.36,FALSE,M1_DIRECTION_MISMATCH
2026-09-07 16:06:41.748,1788797201.748,11262,84,203,4414.34,4414.42,8.0,PASS_<=10c,+0.0,FLAT,+0.0,+0.0,4.2,+0.00,0.00,SLOW,4414.34,4414.34,4414.34,4414.34,0.00,0.00,0.0,BULLISH,0.0,4414.34,4414.34,4414.34,4414.34,41,CLEARED_>=20s,1.0,0.0,0.0,0.0,0.0,0.0,0.0,PASS_<20%,0.00,0.0,NO,STANDBY_VEL_LOW,0,0.00,4590.00,78.36,FALSE,M1_DIRECTION_MISMATCH
2026-09-07 16:06:42.249,1788797202.249,11263,85,204,4414.34,4414.42,8.0,PASS_<=10c,+0.0,FLAT,+0.0,+0.0,4.2,+0.00,0.00,SLOW,4414.34,4414.34,4414.34,4414.34,0.00,0.00,0.0,BULLISH,0.0,4414.34,4414.34,4414.34,4414.34,42,CLEARED_>=20s,1.0,0.0,0.0,0.0,0.0,0.0,0.0,PASS_<20%,0.00,0.0,NO,STANDBY_VEL_LOW,0,0.00,4590.00,78.36,FALSE,M1_DIRECTION_MISMATCH
2026-09-07 16:06:42.750,1788797202.750,11264,86,205,4414.34,4414.42,8.0,PASS_<=10c,+0.0,FLAT,+0.0,+0.0,4.2,+0.00,0.00,SLOW,4414.34,4414.34,4414.34,4414.34,0.00,0.00,0.0,BULLISH,0.0,4414.34,4414.34,4414.34,4414.34,42,CLEARED_>=20s,1.0,0.0,0.0,0.0,0.0,0.0,0.0,PASS_<20%,0.00,0.0,NO,STANDBY_VEL_LOW,0,0.00,4590.00,78.36,FALSE,M1_DIRECTION_MISMATCH
2026-09-07 16:06:43.252,1788797203.252,11265,87,206,4414.34,4414.42,8.0,PASS_<=10c,+0.0,FLAT,+0.0,+0.0,4.2,+0.00,0.00,SLOW,4414.34,4414.34,4414.34,4414.34,0.00,0.00,0.0,BULLISH,0.0,4414.34,4414.34,4414.34,4414.34,43,CLEARED_>=20s,1.0,0.0,0.0,0.0,0.0,0.0,0.0,PASS_<20%,0.00,0.0,NO,STANDBY_VEL_LOW,0,0.00,4590.00,78.36,FALSE,M1_DIRECTION_MISMATCH
2026-09-07 16:06:43.754,1788797203.754,11266,88,207,4414.34,4414.42,8.0,PASS_<=10c,+0.0,FLAT,+0.0,+0.0,4.2,+0.00,0.00,SLOW,4414.34,4414.34,4414.34,4414.34,0.00,0.00,0.0,BULLISH,0.0,4414.34,4414.34,4414.34,4414.34,43,CLEARED_>=20s,1.0,0.0,0.0,0.0,0.0,0.0,0.0,PASS_<20%,0.00,0.0,NO,STANDBY_VEL_LOW,0,0.00,4590.00,78.36,FALSE,M1_DIRECTION_MISMATCH
2026-09-07 16:06:44.256,1788797204.256,11267,89,208,4414.34,4414.42,8.0,PASS_<=10c,+0.0,FLAT,+0.0,+0.0,4.2,+0.00,0.00,SLOW,4414.34,4414.34,4414.34,4414.34,0.00,0.00,0.0,BULLISH,0.0,4414.34,4414.34,4414.34,4414.34,44,CLEARED_>=20s,1.0,0.0,0.0,0.0,0.0,0.0,0.0,PASS_<20%,0.00,0.0,NO,STANDBY_VEL_LOW,0,0.00,4590.00,78.36,FALSE,M1_DIRECTION_MISMATCH
2026-09-07 16:06:44.756,1788797204.757,11268,90,209,4414.34,4414.42,8.0,PASS_<=10c,+0.0,FLAT,+0.0,+0.0,4.2,+0.00,0.00,SLOW,4414.34,4414.34,4414.34,4414.34,0.00,0.00,0.0,BULLISH,0.0,4414.34,4414.34,4414.34,4414.34,44,CLEARED_>=20s,1.0,0.0,0.0,0.0,0.0,0.0,0.0,PASS_<20%,0.00,0.0,NO,STANDBY_VEL_LOW,0,0.00,4590.00,78.36,FALSE,M1_DIRECTION_MISMATCH
2026-09-07 16:06:45.258,1788797205.259,11269,91,210,4414.34,4414.42,8.0,PASS_<=10c,+0.0,FLAT,+0.0,+0.0,4.2,+0.00,0.00,SLOW,4414.34,4414.34,4414.34,4414.34,0.00,0.00,0.0,BULLISH,0.0,4414.34,4414.34,4414.34,4414.34,45,CLEARED_>=20s,1.0,0.0,0.0,0.0,0.0,0.0,0.0,PASS_<20%,0.00,0.0,NO,STANDBY_VEL_LOW,0,0.00,4590.00,78.36,FALSE,M1_DIRECTION_MISMATCH
2026-09-07 16:06:45.759,1788797205.759,11270,92,211,4414.34,4414.42,8.0,PASS_<=10c,+0.0,FLAT,+0.0,+0.0,4.2,+0.00,0.00,SLOW,4414.34,4414.34,4414.34,4414.34,0.00,0.00,0.0,BULLISH,0.0,4414.34,4414.34,4414.34,4414.34,45,CLEARED_>=20s,1.0,0.0,0.0,0.0,0.0,0.0,0.0,PASS_<20%,0.00,0.0,NO,STANDBY_VEL_LOW,0,0.00,4590.00,78.36,FALSE,M1_DIRECTION_MISMATCH
2026-09-07 16:06:46.261,1788797206.262,11271,93,212,4414.34,4414.42,8.0,PASS_<=10c,+0.0,FLAT,+0.0,+0.0,4.2,+0.00,0.00,SLOW,4414.34,4414.34,4414.34,4414.34,0.00,0.00,0.0,BULLISH,0.0,4414.34,4414.34,4414.34,4414.34,46,CLEARED_>=20s,1.0,0.0,0.0,0.0,0.0,0.0,0.0,PASS_<20%,0.00,0.0,NO,STANDBY_VEL_LOW,0,0.00,4590.00,78.36,FALSE,M1_DIRECTION_MISMATCH
2026-09-07 16:06:46.763,1788797206.763,11272,94,213,4414.34,4414.42,8.0,PASS_<=10c,+0.0,FLAT,+0.0,+0.0,4.2,+0.00,0.00,SLOW,4414.34,4414.34,4414.34,4414.34,0.00,0.00,0.0,BULLISH,0.0,4414.34,4414.34,4414.34,4414.34,46,CLEARED_>=20s,1.0,0.0,0.0,0.0,0.0,0.0,0.0,PASS_<20%,0.00,0.0,NO,STANDBY_VEL_LOW,0,0.00,4590.00,78.36,FALSE,M1_DIRECTION_MISMATCH
2026-09-07 16:06:47.265,1788797207.265,11273,95,214,4414.34,4414.42,8.0,PASS_<=10c,+0.0,FLAT,+0.0,+0.0,4.2,+0.00,0.00,SLOW,4414.34,4414.34,4414.34,4414.34,0.00,0.00,0.0,BULLISH,0.0,4414.34,4414.34,4414.34,4414.34,47,CLEARED_>=20s,1.0,0.0,0.0,0.0,0.0,0.0,0.0,PASS_<20%,0.00,0.0,NO,STANDBY_VEL_LOW,0,0.00,4590.00,78.36,FALSE,M1_DIRECTION_MISMATCH
2026-09-07 16:06:47.766,1788797207.767,11274,96,215,4414.34,4414.42,8.0,PASS_<=10c,+0.0,FLAT,+0.0,+0.0,4.2,+0.00,0.00,SLOW,4414.34,4414.34,4414.34,4414.34,0.00,0.00,0.0,BULLISH,0.0,4414.34,4414.34,4414.34,4414.34,47,CLEARED_>=20s,1.0,0.0,0.0,0.0,0.0,0.0,0.0,PASS_<20%,0.00,0.0,NO,STANDBY_VEL_LOW,0,0.00,4590.00,78.36,FALSE,M1_DIRECTION_MISMATCH
2026-09-07 16:06:48.268,1788797208.268,11275,97,216,4414.34,4414.42,8.0,PASS_<=10c,+0.0,FLAT,+0.0,+0.0,4.2,+0.00,0.00,SLOW,4414.34,4414.34,4414.34,4414.34,0.00,0.00,0.0,BULLISH,0.0,4414.34,4414.34,4414.34,4414.34,48,CLEARED_>=20s,1.0,0.0,0.0,0.0,0.0,0.0,0.0,PASS_<20%,0.00,0.0,NO,STANDBY_VEL_LOW,0,0.00,4590.00,78.36,FALSE,M1_DIRECTION_MISMATCH
2026-09-07 16:06:48.769,1788797208.769,11276,98,217,4414.34,4414.42,8.0,PASS_<=10c,+0.0,FLAT,+0.0,+0.0,4.2,+0.00,0.00,SLOW,4414.34,4414.34,4414.34,4414.34,0.00,0.00,0.0,BULLISH,0.0,4414.34,4414.34,4414.34,4414.34,48,CLEARED_>=20s,1.0,0.0,0.0,0.0,0.0,0.0,0.0,PASS_<20%,0.00,0.0,NO,STANDBY_VEL_LOW,0,0.00,4590.00,78.36,FALSE,M1_DIRECTION_MISMATCH
2026-09-07 16:06:49.270,1788797209.271,11277,99,218,4414.34,4414.42,8.0,PASS_<=10c,+0.0,FLAT,+0.0,+0.0,4.2,+0.00,0.00,SLOW,4414.34,4414.34,4414.34,4414.34,0.00,0.00,0.0,BULLISH,0.0,4414.34,4414.34,4414.34,4414.34,49,CLEARED_>=20s,1.0,0.0,0.0,0.0,0.0,0.0,0.0,PASS_<20%,0.00,0.0,NO,STANDBY_VEL_LOW,0,0.00,4590.00,78.36,FALSE,M1_DIRECTION_MISMATCH
2026-09-07 16:06:49.772,1788797209.772,11278,100,219,4414.34,4414.42,8.0,PASS_<=10c,+0.0,FLAT,+0.0,+0.0,4.2,+0.00,0.00,SLOW,4414.34,4414.34,4414.34,4414.34,0.00,0.00,0.0,BULLISH,0.0,4414.34,4414.34,4414.34,4414.34,49,CLEARED_>=20s,1.0,0.0,0.0,0.0,0.0,0.0,0.0,PASS_<20%,0.00,0.0,NO,STANDBY_VEL_LOW,0,0.00,4590.00,78.36,FALSE,M1_DIRECTION_MISMATCH
2026-09-07 16:06:50.273,1788797210.274,11279,101,220,4414.34,4414.42,8.0,PASS_<=10c,+0.0,FLAT,+0.0,+0.0,4.2,+0.00,0.00,SLOW,4414.34,4414.34,4414.34,4414.34,0.00,0.00,0.0,BULLISH,0.0,4414.34,4414.34,4414.34,4414.34,50,CLEARED_>=20s,1.0,0.0,0.0,0.0,0.0,0.0,0.0,PASS_<20%,0.00,0.0,NO,STANDBY_VEL_LOW,0,0.00,4590.00,78.36,FALSE,M1_DIRECTION_MISMATCH
2026-09-07 16:06:50.775,1788797210.775,11280,102,221,4414.34,4414.42,8.0,PASS_<=10c,+0.0,FLAT,+0.0,+0.0,4.2,+0.00,0.00,SLOW,4414.34,4414.34,4414.34,4414.34,0.00,0.00,0.0,BULLISH,0.0,4414.34,4414.34,4414.34,4414.34,50,CLEARED_>=20s,1.0,0.0,0.0,0.0,0.0,0.0,0.0,PASS_<20%,0.00,0.0,NO,STANDBY_VEL_LOW,0,0.00,4590.00,78.36,FALSE,M1_DIRECTION_MISMATCH
2026-09-07 16:06:51.276,1788797211.276,11281,103,222,4414.34,4414.42,8.0,PASS_<=10c,+0.0,FLAT,+0.0,+0.0,4.2,+0.00,0.00,SLOW,4414.34,4414.34,4414.34,4414.34,0.00,0.00,0.0,BULLISH,0.0,4414.34,4414.34,4414.34,4414.34,51,CLEARED_>=20s,1.0,0.0,0.0,0.0,0.0,0.0,0.0,PASS_<20%,0.00,0.0,NO,STANDBY_VEL_LOW,0,0.00,4590.00,78.36,FALSE,M1_DIRECTION_MISMATCH
2026-09-07 16:06:51.777,1788797211.778,11282,104,223,4414.34,4414.42,8.0,PASS_<=10c,+0.0,FLAT,+0.0,+0.0,4.2,+0.00,0.00,SLOW,4414.34,4414.34,4414.34,4414.34,0.00,0.00,0.0,BULLISH,0.0,4414.34,4414.34,4414.34,4414.34,51,CLEARED_>=20s,1.0,0.0,0.0,0.0,0.0,0.0,0.0,PASS_<20%,0.00,0.0,NO,STANDBY_VEL_LOW,0,0.00,4590.00,78.36,FALSE,M1_DIRECTION_MISMATCH
2026-09-07 16:06:52.280,1788797212.280,11283,105,224,4414.34,4414.42,8.0,PASS_<=10c,+0.0,FLAT,+0.0,+0.0,4.2,+0.00,0.00,SLOW,4414.34,4414.34,4414.34,4414.34,0.00,0.00,0.0,BULLISH,0.0,4414.34,4414.34,4414.34,4414.34,52,CLEARED_>=20s,1.0,0.0,0.0,0.0,0.0,0.0,0.0,PASS_<20%,0.00,0.0,NO,STANDBY_VEL_LOW,0,0.00,4590.00,78.36,FALSE,M1_DIRECTION_MISMATCH
2026-09-07 16:06:52.782,1788797212.782,11284,106,225,4414.34,4414.42,8.0,PASS_<=10c,+0.0,FLAT,+0.0,+0.0,4.2,+0.00,0.00,SLOW,4414.34,4414.34,4414.34,4414.34,0.00,0.00,0.0,BULLISH,0.0,4414.34,4414.34,4414.34,4414.34,52,CLEARED_>=20s,1.0,0.0,0.0,0.0,0.0,0.0,0.0,PASS_<20%,0.00,0.0,NO,STANDBY_VEL_LOW,0,0.00,4590.00,78.36,FALSE,M1_DIRECTION_MISMATCH
2026-09-07 16:06:53.283,1788797213.284,11285,107,226,4414.34,4414.42,8.0,PASS_<=10c,+0.0,FLAT,+0.0,+0.0,4.2,+0.00,0.00,SLOW,4414.34,4414.34,4414.34,4414.34,0.00,0.00,0.0,BULLISH,0.0,4414.34,4414.34,4414.34,4414.34,53,CLEARED_>=20s,1.0,0.0,0.0,0.0,0.0,0.0,0.0,PASS_<20%,0.00,0.0,NO,STANDBY_VEL_LOW,0,0.00,4590.00,78.36,FALSE,M1_DIRECTION_MISMATCH
2026-09-07 16:06:53.785,1788797213.785,11286,108,227,4414.34,4414.42,8.0,PASS_<=10c,+0.0,FLAT,+0.0,+0.0,4.2,+0.00,0.00,SLOW,4414.34,4414.34,4414.34,4414.34,0.00,0.00,0.0,BULLISH,0.0,4414.34,4414.34,4414.34,4414.34,53,CLEARED_>=20s,1.0,0.0,0.0,0.0,0.0,0.0,0.0,PASS_<20%,0.00,0.0,NO,STANDBY_VEL_LOW,0,0.00,4590.00,78.36,FALSE,M1_DIRECTION_MISMATCH
2026-09-07 16:06:54.287,1788797214.287,11287,109,228,4414.34,4414.42,8.0,PASS_<=10c,+0.0,FLAT,+0.0,+0.0,4.2,+0.00,0.00,SLOW,4414.34,4414.34,4414.34,4414.34,0.00,0.00,0.0,BULLISH,0.0,4414.34,4414.34,4414.34,4414.34,54,CLEARED_>=20s,1.0,0.0,0.0,0.0,0.0,0.0,0.0,PASS_<20%,0.00,0.0,NO,STANDBY_VEL_LOW,0,0.00,4590.00,78.36,FALSE,M1_DIRECTION_MISMATCH
2026-09-07 16:06:54.789,1788797214.789,11288,110,229,4414.34,4414.42,8.0,PASS_<=10c,+0.0,FLAT,+0.0,+0.0,4.2,+0.00,0.00,SLOW,4414.34,4414.34,4414.34,4414.34,0.00,0.00,0.0,BULLISH,0.0,4414.34,4414.34,4414.34,4414.34,54,CLEARED_>=20s,1.0,0.0,0.0,0.0,0.0,0.0,0.0,PASS_<20%,0.00,0.0,NO,STANDBY_VEL_LOW,0,0.00,4590.00,78.36,FALSE,M1_DIRECTION_MISMATCH
2026-09-07 16:06:55.290,1788797215.291,11289,111,230,4414.34,4414.42,8.0,PASS_<=10c,+0.0,FLAT,+0.0,+0.0,4.2,+0.00,0.00,SLOW,4414.34,4414.34,4414.34,4414.34,0.00,0.00,0.0,BULLISH,0.0,4414.34,4414.34,4414.34,4414.34,55,CLEARED_>=20s,1.0,0.0,0.0,0.0,0.0,0.0,0.0,PASS_<20%,0.00,0.0,NO,STANDBY_VEL_LOW,0,0.00,4590.00,78.36,FALSE,M1_DIRECTION_MISMATCH
2026-09-07 16:06:55.793,1788797215.793,11290,112,231,4414.34,4414.42,8.0,PASS_<=10c,+0.0,FLAT,+0.0,+0.0,4.2,+0.00,0.00,SLOW,4414.34,4414.34,4414.34,4414.34,0.00,0.00,0.0,BULLISH,0.0,4414.34,4414.34,4414.34,4414.34,55,CLEARED_>=20s,1.0,0.0,0.0,0.0,0.0,0.0,0.0,PASS_<20%,0.00,0.0,NO,STANDBY_VEL_LOW,0,0.00,4590.00,78.36,FALSE,M1_DIRECTION_MISMATCH
2026-09-07 16:06:56.294,1788797216.294,11291,113,232,4414.34,4414.42,8.0,PASS_<=10c,+0.0,FLAT,+0.0,+0.0,4.2,+0.00,0.00,SLOW,4414.34,4414.34,4414.34,4414.34,0.00,0.00,0.0,BULLISH,0.0,4414.34,4414.34,4414.34,4414.34,56,CLEARED_>=20s,1.0,0.0,0.0,0.0,0.0,0.0,0.0,PASS_<20%,0.00,0.0,NO,STANDBY_VEL_LOW,0,0.00,4590.00,78.36,FALSE,M1_DIRECTION_MISMATCH
2026-09-07 16:06:56.795,1788797216.796,11292,114,233,4414.34,4414.42,8.0,PASS_<=10c,+0.0,FLAT,+0.0,+0.0,4.2,+0.00,0.00,SLOW,4414.34,4414.34,4414.34,4414.34,0.00,0.00,0.0,BULLISH,0.0,4414.34,4414.34,4414.34,4414.34,56,CLEARED_>=20s,1.0,0.0,0.0,0.0,0.0,0.0,0.0,PASS_<20%,0.00,0.0,NO,STANDBY_VEL_LOW,0,0.00,4590.00,78.36,FALSE,M1_DIRECTION_MISMATCH
2026-09-07 16:06:57.297,1788797217.297,11293,115,234,4414.34,4414.42,8.0,PASS_<=10c,+0.0,FLAT,+0.0,+0.0,4.2,+0.00,0.00,SLOW,4414.34,4414.34,4414.34,4414.34,0.00,0.00,0.0,BULLISH,0.0,4414.34,4414.34,4414.34,4414.34,57,CLEARED_>=20s,1.0,0.0,0.0,0.0,0.0,0.0,0.0,PASS_<20%,0.00,0.0,NO,STANDBY_VEL_LOW,0,0.00,4590.00,78.36,FALSE,M1_DIRECTION_MISMATCH
2026-09-07 16:06:57.799,1788797217.800,11294,116,235,4414.34,4414.42,8.0,PASS_<=10c,+0.0,FLAT,+0.0,+0.0,4.2,+0.00,0.00,SLOW,4414.34,4414.34,4414.34,4414.34,0.00,0.00,0.0,BULLISH,0.0,4414.34,4414.34,4414.34,4414.34,57,CLEARED_>=20s,1.0,0.0,0.0,0.0,0.0,0.0,0.0,PASS_<20%,0.00,0.0,NO,STANDBY_VEL_LOW,0,0.00,4590.00,78.36,FALSE,M1_DIRECTION_MISMATCH
2026-09-07 16:06:58.300,1788797218.300,11295,117,236,4414.34,4414.42,8.0,PASS_<=10c,+0.0,FLAT,+0.0,+0.0,4.2,+0.00,0.00,SLOW,4414.34,4414.34,4414.34,4414.34,0.00,0.00,0.0,BULLISH,0.0,4414.34,4414.34,4414.34,4414.34,58,CLEARED_>=20s,1.0,0.0,0.0,0.0,0.0,0.0,0.0,PASS_<20%,0.00,0.0,NO,STANDBY_VEL_LOW,0,0.00,4590.00,78.36,FALSE,M1_DIRECTION_MISMATCH
2026-09-07 16:06:58.801,1788797218.802,11296,118,237,4414.34,4414.42,8.0,PASS_<=10c,+0.0,FLAT,+0.0,+0.0,4.2,+0.00,0.00,SLOW,4414.34,4414.34,4414.34,4414.34,0.00,0.00,0.0,BULLISH,0.0,4414.34,4414.34,4414.34,4414.34,58,CLEARED_>=20s,1.0,0.0,0.0,0.0,0.0,0.0,0.0,PASS_<20%,0.00,0.0,NO,STANDBY_VEL_LOW,0,0.00,4590.00,78.36,FALSE,M1_DIRECTION_MISMATCH
2026-09-07 16:06:59.303,1788797219.303,11297,119,238,4414.34,4414.42,8.0,PASS_<=10c,+0.0,FLAT,+0.0,+0.0,4.2,+0.00,0.00,SLOW,4414.34,4414.34,4414.34,4414.34,0.00,0.00,0.0,BULLISH,0.0,4414.34,4414.34,4414.34,4414.34,59,CLEARED_>=20s,1.0,0.0,0.0,0.0,0.0,0.0,0.0,PASS_<20%,0.00,0.0,NO,STANDBY_VEL_LOW,0,0.00,4590.00,78.36,FALSE,M1_DIRECTION_MISMATCH
2026-09-07 16:06:59.804,1788797219.805,11298,120,239,4414.34,4414.42,8.0,PASS_<=10c,+0.0,FLAT,+0.0,+0.0,4.2,+0.00,0.00,SLOW,4414.34,4414.34,4414.34,4414.34,0.00,0.00,0.0,BULLISH,0.0,4414.34,4414.34,4414.34,4414.34,59,CLEARED_>=20s,1.0,0.0,0.0,0.0,0.0,0.0,0.0,PASS_<20%,0.00,0.0,NO,STANDBY_VEL_LOW,0,0.00,4590.00,78.36,FALSE,M1_DIRECTION_MISMATCH
2026-09-07 16:07:00.307,1788797220.307,11299,1,240,4414.34,4414.42,8.0,PASS_<=10c,+0.0,FLAT,+0.0,+0.0,4.2,+0.00,0.00,SLOW,4414.34,4414.34,4414.34,4414.34,0.00,0.00,0.0,BULLISH,0.0,4414.34,4414.34,4414.34,4414.34,0,ACTIVE_0s,1.0,0.0,0.0,0.0,0.0,0.0,0.0,PASS_<20%,0.00,0.0,NO,STANDBY_VEL_LOW,0,0.00,4590.00,78.36,FALSE,M1_DIRECTION_MISMATCH|OPENING_SHIELD_ACTIVE_0s
2026-09-07 16:07:00.809,1788797220.809,11300,2,241,4414.34,4414.42,8.0,PASS_<=10c,+0.0,FLAT,+0.0,+0.0,4.2,+0.00,0.00,SLOW,4414.34,4414.34,4414.34,4414.34,0.00,0.00,0.0,BULLISH,0.0,4414.34,4414.34,4414.34,4414.34,0,ACTIVE_0s,1.0,0.0,0.0,0.0,0.0,0.0,0.0,PASS_<20%,0.00,0.0,NO,STANDBY_VEL_LOW,0,0.00,4590.00,78.36,FALSE,M1_DIRECTION_MISMATCH|OPENING_SHIELD_ACTIVE_0s
2026-09-07 16:07:01.310,1788797221.311,11301,3,242,4414.34,4414.42,8.0,PASS_<=10c,+0.0,FLAT,+0.0,+0.0,4.2,+0.00,0.00,SLOW,4414.34,4414.34,4414.34,4414.34,0.00,0.00,0.0,BULLISH,0.0,4414.34,4414.34,4414.34,4414.34,1,ACTIVE_1s,1.0,0.0,0.0,0.0,0.0,0.0,0.0,PASS_<20%,0.00,0.0,NO,STANDBY_VEL_LOW,0,0.00,4590.00,78.36,FALSE,M1_DIRECTION_MISMATCH|OPENING_SHIELD_ACTIVE_1s
2026-09-07 16:07:01.812,1788797221.812,11302,4,243,4414.34,4414.42,8.0,PASS_<=10c,+0.0,FLAT,+0.0,+0.0,4.2,+0.00,0.00,SLOW,4414.34,4414.34,4414.34,4414.34,0.00,0.00,0.0,BULLISH,0.0,4414.34,4414.34,4414.34,4414.34,1,ACTIVE_1s,1.0,0.0,0.0,0.0,0.0,0.0,0.0,PASS_<20%,0.00,0.0,NO,STANDBY_VEL_LOW,0,0.00,4590.00,78.36,FALSE,M1_DIRECTION_MISMATCH|OPENING_SHIELD_ACTIVE_1s
2026-09-07 16:07:02.314,1788797222.314,11303,5,244,4414.34,4414.42,8.0,PASS_<=10c,+0.0,FLAT,+0.0,+0.0,4.2,+0.00,0.00,SLOW,4414.34,4414.34,4414.34,4414.34,0.00,0.00,0.0,BULLISH,0.0,4414.34,4414.34,4414.34,4414.34,2,ACTIVE_2s,1.0,0.0,0.0,0.0,0.0,0.0,0.0,PASS_<20%,0.00,0.0,NO,STANDBY_VEL_LOW,0,0.00,4590.00,78.36,FALSE,M1_DIRECTION_MISMATCH|OPENING_SHIELD_ACTIVE_2s
2026-09-07 16:07:02.815,1788797222.815,11304,6,245,4414.34,4414.42,8.0,PASS_<=10c,+0.0,FLAT,+0.0,+0.0,4.2,+0.00,0.00,SLOW,4414.34,4414.34,4414.34,4414.34,0.00,0.00,0.0,BULLISH,0.0,4414.34,4414.34,4414.34,4414.34,2,ACTIVE_2s,1.0,0.0,0.0,0.0,0.0,0.0,0.0,PASS_<20%,0.00,0.0,NO,STANDBY_VEL_LOW,0,0.00,4590.00,78.36,FALSE,M1_DIRECTION_MISMATCH|OPENING_SHIELD_ACTIVE_2s
2026-09-07 16:07:03.317,1788797223.317,11305,7,246,4414.34,4414.42,8.0,PASS_<=10c,+0.0,FLAT,+0.0,+0.0,4.2,+0.00,0.00,SLOW,4414.34,4414.34,4414.34,4414.34,0.00,0.00,0.0,BULLISH,0.0,4414.34,4414.34,4414.34,4414.34,3,ACTIVE_3s,1.0,0.0,0.0,0.0,0.0,0.0,0.0,PASS_<20%,0.00,0.0,NO,STANDBY_VEL_LOW,0,0.00,4590.00,78.36,FALSE,M1_DIRECTION_MISMATCH|OPENING_SHIELD_ACTIVE_3s
2026-09-07 16:07:03.818,1788797223.819,11306,8,247,4414.34,4414.42,8.0,PASS_<=10c,+0.0,FLAT,+0.0,+0.0,4.2,+0.00,0.00,SLOW,4414.34,4414.34,4414.34,4414.34,0.00,0.00,0.0,BULLISH,0.0,4414.34,4414.34,4414.34,4414.34,3,ACTIVE_3s,1.0,0.0,0.0,0.0,0.0,0.0,0.0,PASS_<20%,0.00,0.0,NO,STANDBY_VEL_LOW,0,0.00,4590.00,78.36,FALSE,M1_DIRECTION_MISMATCH|OPENING_SHIELD_ACTIVE_3s
2026-09-07 16:07:04.320,1788797224.320,11307,9,248,4414.34,4414.42,8.0,PASS_<=10c,+0.0,FLAT,+0.0,+0.0,4.2,+0.00,0.00,SLOW,4414.34,4414.34,4414.34,4414.34,0.00,0.00,0.0,BULLISH,0.0,4414.34,4414.34,4414.34,4414.34,4,ACTIVE_4s,1.0,0.0,0.0,0.0,0.0,0.0,0.0,PASS_<20%,0.00,0.0,NO,STANDBY_VEL_LOW,0,0.00,4590.00,78.36,FALSE,M1_DIRECTION_MISMATCH|OPENING_SHIELD_ACTIVE_4s
2026-09-07 16:07:04.821,1788797224.822,11308,10,249,4414.34,4414.42,8.0,PASS_<=10c,+0.0,FLAT,+0.0,+0.0,4.2,+0.00,0.00,SLOW,4414.34,4414.34,4414.34,4414.34,0.00,0.00,0.0,BULLISH,0.0,4414.34,4414.34,4414.34,4414.34,4,ACTIVE_4s,1.0,0.0,0.0,0.0,0.0,0.0,0.0,PASS_<20%,0.00,0.0,NO,STANDBY_VEL_LOW,0,0.00,4590.00,78.36,FALSE,M1_DIRECTION_MISMATCH|OPENING_SHIELD_ACTIVE_4s
2026-09-07 16:07:05.323,1788797225.324,11309,11,250,4414.34,4414.42,8.0,PASS_<=10c,+0.0,FLAT,+0.0,+0.0,4.2,+0.00,0.00,SLOW,4414.34,4414.34,4414.34,4414.34,0.00,0.00,0.0,BULLISH,0.0,4414.34,4414.34,4414.34,4414.34,5,ACTIVE_5s,1.0,0.0,0.0,0.0,0.0,0.0,0.0,PASS_<20%,0.00,0.0,NO,STANDBY_VEL_LOW,0,0.00,4590.00,78.36,FALSE,M1_DIRECTION_MISMATCH|OPENING_SHIELD_ACTIVE_5s
2026-09-07 16:07:05.825,1788797225.825,11310,12,251,4414.34,4414.42,8.0,PASS_<=10c,+0.0,FLAT,+0.0,+0.0,4.2,+0.00,0.00,SLOW,4414.34,4414.34,4414.34,4414.34,0.00,0.00,0.0,BULLISH,0.0,4414.34,4414.34,4414.34,4414.34,5,ACTIVE_5s,1.0,0.0,0.0,0.0,0.0,0.0,0.0,PASS_<20%,0.00,0.0,NO,STANDBY_VEL_LOW,0,0.00,4590.00,78.36,FALSE,M1_DIRECTION_MISMATCH|OPENING_SHIELD_ACTIVE_5s
2026-09-07 16:07:06.325,1788797226.326,11311,13,252,4414.34,4414.42,8.0,PASS_<=10c,+0.0,FLAT,+0.0,+0.0,4.2,+0.00,0.00,SLOW,4414.34,4414.34,4414.34,4414.34,0.00,0.00,0.0,BULLISH,0.0,4414.34,4414.34,4414.34,4414.34,6,ACTIVE_6s,1.0,0.0,0.0,0.0,0.0,0.0,0.0,PASS_<20%,0.00,0.0,NO,STANDBY_VEL_LOW,0,0.00,4590.00,78.36,FALSE,M1_DIRECTION_MISMATCH|OPENING_SHIELD_ACTIVE_6s
2026-09-07 16:07:06.827,1788797226.827,11312,14,253,4414.34,4414.42,8.0,PASS_<=10c,+0.0,FLAT,+0.0,+0.0,4.2,+0.00,0.00,SLOW,4414.34,4414.34,4414.34,4414.34,0.00,0.00,0.0,BULLISH,0.0,4414.34,4414.34,4414.34,4414.34,6,ACTIVE_6s,1.0,0.0,0.0,0.0,0.0,0.0,0.0,PASS_<20%,0.00,0.0,NO,STANDBY_VEL_LOW,0,0.00,4590.00,78.36,FALSE,M1_DIRECTION_MISMATCH|OPENING_SHIELD_ACTIVE_6s
2026-09-07 16:07:07.330,1788797227.330,11313,15,254,4414.34,4414.42,8.0,PASS_<=10c,+0.0,FLAT,+0.0,+0.0,4.2,+0.00,0.00,SLOW,4414.34,4414.34,4414.34,4414.34,0.00,0.00,0.0,BULLISH,0.0,4414.34,4414.34,4414.34,4414.34,7,ACTIVE_7s,1.0,0.0,0.0,0.0,0.0,0.0,0.0,PASS_<20%,0.00,0.0,NO,STANDBY_VEL_LOW,0,0.00,4590.00,78.36,FALSE,M1_DIRECTION_MISMATCH|OPENING_SHIELD_ACTIVE_7s
2026-09-07 16:07:07.830,1788797227.831,11314,16,255,4414.34,4414.42,8.0,PASS_<=10c,+0.0,FLAT,+0.0,+0.0,4.2,+0.00,0.00,SLOW,4414.34,4414.34,4414.34,4414.34,0.00,0.00,0.0,BULLISH,0.0,4414.34,4414.34,4414.34,4414.34,7,ACTIVE_7s,1.0,0.0,0.0,0.0,0.0,0.0,0.0,PASS_<20%,0.00,0.0,NO,STANDBY_VEL_LOW,0,0.00,4590.00,78.36,FALSE,M1_DIRECTION_MISMATCH|OPENING_SHIELD_ACTIVE_7s
2026-09-07 16:07:08.331,1788797228.332,11315,17,256,4414.34,4414.42,8.0,PASS_<=10c,+0.0,FLAT,+0.0,+0.0,4.2,+0.00,0.00,SLOW,4414.34,4414.34,4414.34,4414.34,0.00,0.00,0.0,BULLISH,0.0,4414.34,4414.34,4414.34,4414.34,8,ACTIVE_8s,1.0,0.0,0.0,0.0,0.0,0.0,0.0,PASS_<20%,0.00,0.0,NO,STANDBY_VEL_LOW,0,0.00,4590.00,78.36,FALSE,M1_DIRECTION_MISMATCH|OPENING_SHIELD_ACTIVE_8s
2026-09-07 16:07:08.833,1788797228.833,11316,18,257,4414.34,4414.42,8.0,PASS_<=10c,+0.0,FLAT,+0.0,+0.0,4.2,+0.00,0.00,SLOW,4414.34,4414.34,4414.34,4414.34,0.00,0.00,0.0,BULLISH,0.0,4414.34,4414.34,4414.34,4414.34,8,ACTIVE_8s,1.0,0.0,0.0,0.0,0.0,0.0,0.0,PASS_<20%,0.00,0.0,NO,STANDBY_VEL_LOW,0,0.00,4590.00,78.36,FALSE,M1_DIRECTION_MISMATCH|OPENING_SHIELD_ACTIVE_8s
2026-09-07 16:07:09.334,1788797229.335,11317,19,258,4414.34,4414.42,8.0,PASS_<=10c,+0.0,FLAT,+0.0,+0.0,4.2,+0.00,0.00,SLOW,4414.34,4414.34,4414.34,4414.34,0.00,0.00,0.0,BULLISH,0.0,4414.34,4414.34,4414.34,4414.34,9,ACTIVE_9s,1.0,0.0,0.0,0.0,0.0,0.0,0.0,PASS_<20%,0.00,0.0,NO,STANDBY_VEL_LOW,0,0.00,4590.00,78.36,FALSE,M1_DIRECTION_MISMATCH|OPENING_SHIELD_ACTIVE_9s
2026-09-07 16:07:09.836,1788797229.836,11318,20,259,4414.34,4414.42,8.0,PASS_<=10c,+0.0,FLAT,+0.0,+0.0,4.2,+0.00,0.00,SLOW,4414.34,4414.34,4414.34,4414.34,0.00,0.00,0.0,BULLISH,0.0,4414.34,4414.34,4414.34,4414.34,9,ACTIVE_9s,1.0,0.0,0.0,0.0,0.0,0.0,0.0,PASS_<20%,0.00,0.0,NO,STANDBY_VEL_LOW,0,0.00,4590.00,78.36,FALSE,M1_DIRECTION_MISMATCH|OPENING_SHIELD_ACTIVE_9s
2026-09-07 16:07:10.340,1788797230.340,11319,21,260,4414.34,4414.42,8.0,PASS_<=10c,+0.0,FLAT,+0.0,+0.0,4.2,+0.00,0.00,SLOW,4414.34,4414.34,4414.34,4414.34,0.00,0.00,0.0,BULLISH,0.0,4414.34,4414.34,4414.34,4414.34,10,ACTIVE_10s,1.0,0.0,0.0,0.0,0.0,0.0,0.0,PASS_<20%,0.00,0.0,NO,STANDBY_VEL_LOW,0,0.00,4590.00,78.36,FALSE,M1_DIRECTION_MISMATCH|OPENING_SHIELD_ACTIVE_10s
2026-09-07 16:07:10.840,1788797230.841,11320,22,261,4414.34,4414.42,8.0,PASS_<=10c,+0.0,FLAT,+0.0,+0.0,4.2,+0.00,0.00,SLOW,4414.34,4414.34,4414.34,4414.34,0.00,0.00,0.0,BULLISH,0.0,4414.34,4414.34,4414.34,4414.34,10,ACTIVE_10s,1.0,0.0,0.0,0.0,0.0,0.0,0.0,PASS_<20%,0.00,0.0,NO,STANDBY_VEL_LOW,0,0.00,4590.00,78.36,FALSE,M1_DIRECTION_MISMATCH|OPENING_SHIELD_ACTIVE_10s
2026-09-07 16:07:11.342,1788797231.343,11321,23,262,4414.34,4414.42,8.0,PASS_<=10c,+0.0,FLAT,+0.0,+0.0,4.2,+0.00,0.00,SLOW,4414.34,4414.34,4414.34,4414.34,0.00,0.00,0.0,BULLISH,0.0,4414.34,4414.34,4414.34,4414.34,11,ACTIVE_11s,1.0,0.0,0.0,0.0,0.0,0.0,0.0,PASS_<20%,0.00,0.0,NO,STANDBY_VEL_LOW,0,0.00,4590.00,78.36,FALSE,M1_DIRECTION_MISMATCH|OPENING_SHIELD_ACTIVE_11s
2026-09-07 16:07:11.844,1788797231.845,11322,24,263,4414.34,4414.42,8.0,PASS_<=10c,+0.0,FLAT,+0.0,+0.0,4.2,+0.00,0.00,SLOW,4414.34,4414.34,4414.34,4414.34,0.00,0.00,0.0,BULLISH,0.0,4414.34,4414.34,4414.34,4414.34,11,ACTIVE_11s,1.0,0.0,0.0,0.0,0.0,0.0,0.0,PASS_<20%,0.00,0.0,NO,STANDBY_VEL_LOW,0,0.00,4590.00,78.36,FALSE,M1_DIRECTION_MISMATCH|OPENING_SHIELD_ACTIVE_11s
2026-09-07 16:07:12.345,1788797232.346,11323,25,264,4414.34,4414.42,8.0,PASS_<=10c,+0.0,FLAT,+0.0,+0.0,4.2,+0.00,0.00,SLOW,4414.34,4414.34,4414.34,4414.34,0.00,0.00,0.0,BULLISH,0.0,4414.34,4414.34,4414.34,4414.34,12,ACTIVE_12s,1.0,0.0,0.0,0.0,0.0,0.0,0.0,PASS_<20%,0.00,0.0,NO,STANDBY_VEL_LOW,0,0.00,4590.00,78.36,FALSE,M1_DIRECTION_MISMATCH|OPENING_SHIELD_ACTIVE_12s
2026-09-07 16:07:12.847,1788797232.848,11324,26,265,4414.34,4414.42,8.0,PASS_<=10c,+0.0,FLAT,+0.0,+0.0,4.2,+0.00,0.00,SLOW,4414.34,4414.34,4414.34,4414.34,0.00,0.00,0.0,BULLISH,0.0,4414.34,4414.34,4414.34,4414.34,12,ACTIVE_12s,1.0,0.0,0.0,0.0,0.0,0.0,0.0,PASS_<20%,0.00,0.0,NO,STANDBY_VEL_LOW,0,0.00,4590.00,78.36,FALSE,M1_DIRECTION_MISMATCH|OPENING_SHIELD_ACTIVE_12s
2026-09-07 16:07:13.349,1788797233.350,11325,27,266,4414.34,4414.42,8.0,PASS_<=10c,+0.0,FLAT,+0.0,+0.0,4.2,+0.00,0.00,SLOW,4414.34,4414.34,4414.34,4414.34,0.00,0.00,0.0,BULLISH,0.0,4414.34,4414.34,4414.34,4414.34,13,ACTIVE_13s,1.0,0.0,0.0,0.0,0.0,0.0,0.0,PASS_<20%,0.00,0.0,NO,STANDBY_VEL_LOW,0,0.00,4590.00,78.36,FALSE,M1_DIRECTION_MISMATCH|OPENING_SHIELD_ACTIVE_13s
2026-09-07 16:07:13.850,1788797233.850,11326,28,267,4414.34,4414.42,8.0,PASS_<=10c,+0.0,FLAT,+0.0,+0.0,4.2,+0.00,0.00,SLOW,4414.34,4414.34,4414.34,4414.34,0.00,0.00,0.0,BULLISH,0.0,4414.34,4414.34,4414.34,4414.34,13,ACTIVE_13s,1.0,0.0,0.0,0.0,0.0,0.0,0.0,PASS_<20%,0.00,0.0,NO,STANDBY_VEL_LOW,0,0.00,4590.00,78.36,FALSE,M1_DIRECTION_MISMATCH|OPENING_SHIELD_ACTIVE_13s
2026-09-07 16:07:14.351,1788797234.352,11327,29,268,4414.34,4414.42,8.0,PASS_<=10c,+0.0,FLAT,+0.0,+0.0,4.2,+0.00,0.00,SLOW,4414.34,4414.34,4414.34,4414.34,0.00,0.00,0.0,BULLISH,0.0,4414.34,4414.34,4414.34,4414.34,14,ACTIVE_14s,1.0,0.0,0.0,0.0,0.0,0.0,0.0,PASS_<20%,0.00,0.0,NO,STANDBY_VEL_LOW,0,0.00,4590.00,78.36,FALSE,M1_DIRECTION_MISMATCH|OPENING_SHIELD_ACTIVE_14s
2026-09-07 16:07:14.854,1788797234.854,11328,30,269,4414.34,4414.42,8.0,PASS_<=10c,+0.0,FLAT,+0.0,+0.0,4.2,+0.00,0.00,SLOW,4414.34,4414.34,4414.34,4414.34,0.00,0.00,0.0,BULLISH,0.0,4414.34,4414.34,4414.34,4414.34,14,ACTIVE_14s,1.0,0.0,0.0,0.0,0.0,0.0,0.0,PASS_<20%,0.00,0.0,NO,STANDBY_VEL_LOW,0,0.00,4590.00,78.36,FALSE,M1_DIRECTION_MISMATCH|OPENING_SHIELD_ACTIVE_14s
2026-09-07 16:07:15.354,1788797235.355,11329,31,270,4414.34,4414.42,8.0,PASS_<=10c,+0.0,FLAT,+0.0,+0.0,4.2,+0.00,0.00,SLOW,4414.34,4414.34,4414.34,4414.34,0.00,0.00,0.0,BULLISH,0.0,4414.34,4414.34,4414.34,4414.34,15,ACTIVE_15s,1.0,0.0,0.0,0.0,0.0,0.0,0.0,PASS_<20%,0.00,0.0,NO,STANDBY_VEL_LOW,0,0.00,4590.00,78.36,FALSE,M1_DIRECTION_MISMATCH|OPENING_SHIELD_ACTIVE_15s
2026-09-07 16:07:15.856,1788797235.856,11330,32,271,4414.34,4414.42,8.0,PASS_<=10c,+0.0,FLAT,+0.0,+0.0,4.2,+0.00,0.00,SLOW,4414.34,4414.34,4414.34,4414.34,0.00,0.00,0.0,BULLISH,0.0,4414.34,4414.34,4414.34,4414.34,15,ACTIVE_15s,1.0,0.0,0.0,0.0,0.0,0.0,0.0,PASS_<20%,0.00,0.0,NO,STANDBY_VEL_LOW,0,0.00,4590.00,78.36,FALSE,M1_DIRECTION_MISMATCH|OPENING_SHIELD_ACTIVE_15s
2026-09-07 16:07:16.357,1788797236.357,11331,33,272,4414.34,4414.42,8.0,PASS_<=10c,+0.0,FLAT,+0.0,+0.0,4.2,+0.00,0.00,SLOW,4414.34,4414.34,4414.34,4414.34,0.00,0.00,0.0,BULLISH,0.0,4414.34,4414.34,4414.34,4414.34,16,ACTIVE_16s,1.0,0.0,0.0,0.0,0.0,0.0,0.0,PASS_<20%,0.00,0.0,NO,STANDBY_VEL_LOW,0,0.00,4590.00,78.36,FALSE,M1_DIRECTION_MISMATCH|OPENING_SHIELD_ACTIVE_16s
2026-09-07 16:07:16.859,1788797236.859,11332,34,273,4414.34,4414.42,8.0,PASS_<=10c,+0.0,FLAT,+0.0,+0.0,4.2,+0.00,0.00,SLOW,4414.34,4414.34,4414.34,4414.34,0.00,0.00,0.0,BULLISH,0.0,4414.34,4414.34,4414.34,4414.34,16,ACTIVE_16s,1.0,0.0,0.0,0.0,0.0,0.0,0.0,PASS_<20%,0.00,0.0,NO,STANDBY_VEL_LOW,0,0.00,4590.00,78.36,FALSE,M1_DIRECTION_MISMATCH|OPENING_SHIELD_ACTIVE_16s
2026-09-07 16:07:17.359,1788797237.360,11333,35,274,4414.34,4414.42,8.0,PASS_<=10c,+0.0,FLAT,+0.0,+0.0,4.2,+0.00,0.00,SLOW,4414.34,4414.34,4414.34,4414.34,0.00,0.00,0.0,BULLISH,0.0,4414.34,4414.34,4414.34,4414.34,17,ACTIVE_17s,1.0,0.0,0.0,0.0,0.0,0.0,0.0,PASS_<20%,0.00,0.0,NO,STANDBY_VEL_LOW,0,0.00,4590.00,78.36,FALSE,M1_DIRECTION_MISMATCH|OPENING_SHIELD_ACTIVE_17s
2026-09-07 16:07:17.861,1788797237.862,11334,36,275,4414.34,4414.42,8.0,PASS_<=10c,+0.0,FLAT,+0.0,+0.0,4.2,+0.00,0.00,SLOW,4414.34,4414.34,4414.34,4414.34,0.00,0.00,0.0,BULLISH,0.0,4414.34,4414.34,4414.34,4414.34,17,ACTIVE_17s,1.0,0.0,0.0,0.0,0.0,0.0,0.0,PASS_<20%,0.00,0.0,NO,STANDBY_VEL_LOW,0,0.00,4590.00,78.36,FALSE,M1_DIRECTION_MISMATCH|OPENING_SHIELD_ACTIVE_17s
2026-09-07 16:07:18.363,1788797238.364,11335,37,276,4414.34,4414.42,8.0,PASS_<=10c,+0.0,FLAT,+0.0,+0.0,4.2,+0.00,0.00,SLOW,4414.34,4414.34,4414.34,4414.34,0.00,0.00,0.0,BULLISH,0.0,4414.34,4414.34,4414.34,4414.34,18,ACTIVE_18s,1.0,0.0,0.0,0.0,0.0,0.0,0.0,PASS_<20%,0.00,0.0,NO,STANDBY_VEL_LOW,0,0.00,4590.00,78.36,FALSE,M1_DIRECTION_MISMATCH|OPENING_SHIELD_ACTIVE_18s
2026-09-07 16:07:18.865,1788797238.866,11336,38,277,4414.34,4414.42,8.0,PASS_<=10c,+0.0,FLAT,+0.0,+0.0,4.2,+0.00,0.00,SLOW,4414.34,4414.34,4414.34,4414.34,0.00,0.00,0.0,BULLISH,0.0,4414.34,4414.34,4414.34,4414.34,18,ACTIVE_18s,1.0,0.0,0.0,0.0,0.0,0.0,0.0,PASS_<20%,0.00,0.0,NO,STANDBY_VEL_LOW,0,0.00,4590.00,78.36,FALSE,M1_DIRECTION_MISMATCH|OPENING_SHIELD_ACTIVE_18s
2026-09-07 16:07:19.366,1788797239.367,11337,39,278,4414.34,4414.42,8.0,PASS_<=10c,+0.0,FLAT,+0.0,+0.0,4.2,+0.00,0.00,SLOW,4414.34,4414.34,4414.34,4414.34,0.00,0.00,0.0,BULLISH,0.0,4414.34,4414.34,4414.34,4414.34,19,ACTIVE_19s,1.0,0.0,0.0,0.0,0.0,0.0,0.0,PASS_<20%,0.00,0.0,NO,STANDBY_VEL_LOW,0,0.00,4590.00,78.36,FALSE,M1_DIRECTION_MISMATCH|OPENING_SHIELD_ACTIVE_19s
2026-09-07 16:07:19.868,1788797239.868,11338,40,279,4414.34,4414.42,8.0,PASS_<=10c,+0.0,FLAT,+0.0,+0.0,4.2,+0.00,0.00,SLOW,4414.34,4414.34,4414.34,4414.34,0.00,0.00,0.0,BULLISH,0.0,4414.34,4414.34,4414.34,4414.34,19,ACTIVE_19s,1.0,0.0,0.0,0.0,0.0,0.0,0.0,PASS_<20%,0.00,0.0,NO,STANDBY_VEL_LOW,0,0.00,4590.00,78.36,FALSE,M1_DIRECTION_MISMATCH|OPENING_SHIELD_ACTIVE_19s
2026-09-07 16:07:20.369,1788797240.369,11339,41,280,4414.34,4414.42,8.0,PASS_<=10c,+0.0,FLAT,+0.0,+0.0,4.2,+0.00,0.00,SLOW,4414.34,4414.34,4414.34,4414.34,0.00,0.00,0.0,BULLISH,0.0,4414.34,4414.34,4414.34,4414.34,20,CLEARED_>=20s,1.0,0.0,0.0,0.0,0.0,0.0,0.0,PASS_<20%,0.00,0.0,NO,STANDBY_VEL_LOW,0,0.00,4590.00,78.36,FALSE,M1_DIRECTION_MISMATCH
2026-09-07 16:07:20.871,1788797240.872,11340,42,281,4414.34,4414.42,8.0,PASS_<=10c,+0.0,FLAT,+0.0,+0.0,4.2,+0.00,0.00,SLOW,4414.34,4414.34,4414.34,4414.34,0.00,0.00,0.0,BULLISH,0.0,4414.34,4414.34,4414.34,4414.34,20,CLEARED_>=20s,1.0,0.0,0.0,0.0,0.0,0.0,0.0,PASS_<20%,0.00,0.0,NO,STANDBY_VEL_LOW,0,0.00,4590.00,78.36,FALSE,M1_DIRECTION_MISMATCH
2026-09-07 16:07:21.373,1788797241.373,11341,43,282,4414.34,4414.42,8.0,PASS_<=10c,+0.0,FLAT,+0.0,+0.0,4.2,+0.00,0.00,SLOW,4414.34,4414.34,4414.34,4414.34,0.00,0.00,0.0,BULLISH,0.0,4414.34,4414.34,4414.34,4414.34,21,CLEARED_>=20s,1.0,0.0,0.0,0.0,0.0,0.0,0.0,PASS_<20%,0.00,0.0,NO,STANDBY_VEL_LOW,0,0.00,4590.00,78.36,FALSE,M1_DIRECTION_MISMATCH
2026-09-07 16:07:21.875,1788797241.876,11342,44,283,4414.34,4414.42,8.0,PASS_<=10c,+0.0,FLAT,+0.0,+0.0,4.2,+0.00,0.00,SLOW,4414.34,4414.34,4414.34,4414.34,0.00,0.00,0.0,BULLISH,0.0,4414.34,4414.34,4414.34,4414.34,21,CLEARED_>=20s,1.0,0.0,0.0,0.0,0.0,0.0,0.0,PASS_<20%,0.00,0.0,NO,STANDBY_VEL_LOW,0,0.00,4590.00,78.36,FALSE,M1_DIRECTION_MISMATCH
2026-09-07 16:07:22.377,1788797242.378,11343,45,284,4414.34,4414.42,8.0,PASS_<=10c,+0.0,FLAT,+0.0,+0.0,4.2,+0.00,0.00,SLOW,4414.34,4414.34,4414.34,4414.34,0.00,0.00,0.0,BULLISH,0.0,4414.34,4414.34,4414.34,4414.34,22,CLEARED_>=20s,1.0,0.0,0.0,0.0,0.0,0.0,0.0,PASS_<20%,0.00,0.0,NO,STANDBY_VEL_LOW,0,0.00,4590.00,78.36,FALSE,M1_DIRECTION_MISMATCH
2026-09-07 16:07:22.879,1788797242.880,11344,46,285,4414.34,4414.42,8.0,PASS_<=10c,+0.0,FLAT,+0.0,+0.0,4.2,+0.00,0.00,SLOW,4414.34,4414.34,4414.34,4414.34,0.00,0.00,0.0,BULLISH,0.0,4414.34,4414.34,4414.34,4414.34,22,CLEARED_>=20s,1.0,0.0,0.0,0.0,0.0,0.0,0.0,PASS_<20%,0.00,0.0,NO,STANDBY_VEL_LOW,0,0.00,4590.00,78.36,FALSE,M1_DIRECTION_MISMATCH
2026-09-07 16:07:23.380,1788797243.380,11345,47,286,4414.34,4414.42,8.0,PASS_<=10c,+0.0,FLAT,+0.0,+0.0,4.2,+0.00,0.00,SLOW,4414.34,4414.34,4414.34,4414.34,0.00,0.00,0.0,BULLISH,0.0,4414.34,4414.34,4414.34,4414.34,23,CLEARED_>=20s,1.0,0.0,0.0,0.0,0.0,0.0,0.0,PASS_<20%,0.00,0.0,NO,STANDBY_VEL_LOW,0,0.00,4590.00,78.36,FALSE,M1_DIRECTION_MISMATCH
2026-09-07 16:07:23.881,1788797243.882,11346,48,287,4414.34,4414.42,8.0,PASS_<=10c,+0.0,FLAT,+0.0,+0.0,4.2,+0.00,0.00,SLOW,4414.34,4414.34,4414.34,4414.34,0.00,0.00,0.0,BULLISH,0.0,4414.34,4414.34,4414.34,4414.34,23,CLEARED_>=20s,1.0,0.0,0.0,0.0,0.0,0.0,0.0,PASS_<20%,0.00,0.0,NO,STANDBY_VEL_LOW,0,0.00,4590.00,78.36,FALSE,M1_DIRECTION_MISMATCH
2026-09-07 16:07:24.384,1788797244.385,11347,49,288,4414.34,4414.42,8.0,PASS_<=10c,+0.0,FLAT,+0.0,+0.0,4.2,+0.00,0.00,SLOW,4414.34,4414.34,4414.34,4414.34,0.00,0.00,0.0,BULLISH,0.0,4414.34,4414.34,4414.34,4414.34,24,CLEARED_>=20s,1.0,0.0,0.0,0.0,0.0,0.0,0.0,PASS_<20%,0.00,0.0,NO,STANDBY_VEL_LOW,0,0.00,4590.00,78.36,FALSE,M1_DIRECTION_MISMATCH
2026-09-07 16:07:24.885,1788797244.886,11348,50,289,4414.34,4414.42,8.0,PASS_<=10c,+0.0,FLAT,+0.0,+0.0,4.2,+0.00,0.00,SLOW,4414.34,4414.34,4414.34,4414.34,0.00,0.00,0.0,BULLISH,0.0,4414.34,4414.34,4414.34,4414.34,24,CLEARED_>=20s,1.0,0.0,0.0,0.0,0.0,0.0,0.0,PASS_<20%,0.00,0.0,NO,STANDBY_VEL_LOW,0,0.00,4590.00,78.36,FALSE,M1_DIRECTION_MISMATCH
2026-09-07 16:07:25.388,1788797245.388,11349,51,290,4414.34,4414.42,8.0,PASS_<=10c,+0.0,FLAT,+0.0,+0.0,4.2,+0.00,0.00,SLOW,4414.34,4414.34,4414.34,4414.34,0.00,0.00,0.0,BULLISH,0.0,4414.34,4414.34,4414.34,4414.34,25,CLEARED_>=20s,1.0,0.0,0.0,0.0,0.0,0.0,0.0,PASS_<20%,0.00,0.0,NO,STANDBY_VEL_LOW,0,0.00,4590.00,78.36,FALSE,M1_DIRECTION_MISMATCH
2026-09-07 16:07:25.890,1788797245.890,11350,52,291,4414.34,4414.42,8.0,PASS_<=10c,+0.0,FLAT,+0.0,+0.0,4.2,+0.00,0.00,SLOW,4414.34,4414.34,4414.34,4414.34,0.00,0.00,0.0,BULLISH,0.0,4414.34,4414.34,4414.34,4414.34,25,CLEARED_>=20s,1.0,0.0,0.0,0.0,0.0,0.0,0.0,PASS_<20%,0.00,0.0,NO,STANDBY_VEL_LOW,0,0.00,4590.00,78.36,FALSE,M1_DIRECTION_MISMATCH
2026-09-07 16:07:26.392,1788797246.392,11351,53,292,4414.34,4414.42,8.0,PASS_<=10c,+0.0,FLAT,+0.0,+0.0,4.2,+0.00,0.00,SLOW,4414.34,4414.34,4414.34,4414.34,0.00,0.00,0.0,BULLISH,0.0,4414.34,4414.34,4414.34,4414.34,26,CLEARED_>=20s,1.0,0.0,0.0,0.0,0.0,0.0,0.0,PASS_<20%,0.00,0.0,NO,STANDBY_VEL_LOW,0,0.00,4590.00,78.36,FALSE,M1_DIRECTION_MISMATCH
2026-09-07 16:07:26.893,1788797246.894,11352,54,293,4414.34,4414.42,8.0,PASS_<=10c,+0.0,FLAT,+0.0,+0.0,4.2,+0.00,0.00,SLOW,4414.34,4414.34,4414.34,4414.34,0.00,0.00,0.0,BULLISH,0.0,4414.34,4414.34,4414.34,4414.34,26,CLEARED_>=20s,1.0,0.0,0.0,0.0,0.0,0.0,0.0,PASS_<20%,0.00,0.0,NO,STANDBY_VEL_LOW,0,0.00,4590.00,78.36,FALSE,M1_DIRECTION_MISMATCH
2026-09-07 16:07:27.399,1788797247.399,11353,55,294,4414.34,4414.42,8.0,PASS_<=10c,+0.0,FLAT,+0.0,+0.0,4.2,+0.00,0.00,SLOW,4414.34,4414.34,4414.34,4414.34,0.00,0.00,0.0,BULLISH,0.0,4414.34,4414.34,4414.34,4414.34,27,CLEARED_>=20s,1.0,0.0,0.0,0.0,0.0,0.0,0.0,PASS_<20%,0.00,0.0,NO,STANDBY_VEL_LOW,0,0.00,4590.00,78.36,FALSE,M1_DIRECTION_MISMATCH
2026-09-07 16:07:27.900,1788797247.900,11354,56,295,4414.34,4414.42,8.0,PASS_<=10c,+0.0,FLAT,+0.0,+0.0,4.2,+0.00,0.00,SLOW,4414.34,4414.34,4414.34,4414.34,0.00,0.00,0.0,BULLISH,0.0,4414.34,4414.34,4414.34,4414.34,27,CLEARED_>=20s,1.0,0.0,0.0,0.0,0.0,0.0,0.0,PASS_<20%,0.00,0.0,NO,STANDBY_VEL_LOW,0,0.00,4590.00,78.36,FALSE,M1_DIRECTION_MISMATCH
2026-09-07 16:07:28.401,1788797248.402,11355,57,296,4414.34,4414.42,8.0,PASS_<=10c,+0.0,FLAT,+0.0,+0.0,4.2,+0.00,0.00,SLOW,4414.34,4414.34,4414.34,4414.34,0.00,0.00,0.0,BULLISH,0.0,4414.34,4414.34,4414.34,4414.34,28,CLEARED_>=20s,1.0,0.0,0.0,0.0,0.0,0.0,0.0,PASS_<20%,0.00,0.0,NO,STANDBY_VEL_LOW,0,0.00,4590.00,78.36,FALSE,M1_DIRECTION_MISMATCH
2026-09-07 16:07:28.903,1788797248.904,11356,58,297,4414.34,4414.42,8.0,PASS_<=10c,+0.0,FLAT,+0.0,+0.0,4.2,+0.00,0.00,SLOW,4414.34,4414.34,4414.34,4414.34,0.00,0.00,0.0,BULLISH,0.0,4414.34,4414.34,4414.34,4414.34,28,CLEARED_>=20s,1.0,0.0,0.0,0.0,0.0,0.0,0.0,PASS_<20%,0.00,0.0,NO,STANDBY_VEL_LOW,0,0.00,4590.00,78.36,FALSE,M1_DIRECTION_MISMATCH
2026-09-07 16:07:29.404,1788797249.404,11357,59,298,4414.34,4414.42,8.0,PASS_<=10c,+0.0,FLAT,+0.0,+0.0,4.2,+0.00,0.00,SLOW,4414.34,4414.34,4414.34,4414.34,0.00,0.00,0.0,BULLISH,0.0,4414.34,4414.34,4414.34,4414.34,29,CLEARED_>=20s,1.0,0.0,0.0,0.0,0.0,0.0,0.0,PASS_<20%,0.00,0.0,NO,STANDBY_VEL_LOW,0,0.00,4590.00,78.36,FALSE,M1_DIRECTION_MISMATCH
2026-09-07 16:07:29.906,1788797249.906,11358,60,299,4414.34,4414.42,8.0,PASS_<=10c,+0.0,FLAT,+0.0,+0.0,4.2,+0.00,0.00,SLOW,4414.34,4414.34,4414.34,4414.34,0.00,0.00,0.0,BULLISH,0.0,4414.34,4414.34,4414.34,4414.34,29,CLEARED_>=20s,1.0,0.0,0.0,0.0,0.0,0.0,0.0,PASS_<20%,0.00,0.0,NO,STANDBY_VEL_LOW,0,0.00,4590.00,78.36,FALSE,M1_DIRECTION_MISMATCH
2026-09-07 16:07:30.407,1788797250.408,11359,61,300,4414.34,4414.42,8.0,PASS_<=10c,+0.0,FLAT,+0.0,+0.0,4.2,+0.00,0.00,SLOW,4414.34,4414.34,4414.34,4414.34,0.00,0.00,0.0,BULLISH,0.0,4414.34,4414.34,4414.34,4414.34,30,CLEARED_>=20s,1.0,0.0,0.0,0.0,0.0,0.0,0.0,PASS_<20%,0.00,0.0,NO,STANDBY_VEL_LOW,0,0.00,4590.00,78.36,FALSE,M1_DIRECTION_MISMATCH
2026-09-07 16:07:30.909,1788797250.909,11360,62,301,4414.34,4414.42,8.0,PASS_<=10c,+0.0,FLAT,+0.0,+0.0,4.2,+0.00,0.00,SLOW,4414.34,4414.34,4414.34,4414.34,0.00,0.00,0.0,BULLISH,0.0,4414.34,4414.34,4414.34,4414.34,30,CLEARED_>=20s,1.0,0.0,0.0,0.0,0.0,0.0,0.0,PASS_<20%,0.00,0.0,NO,STANDBY_VEL_LOW,0,0.00,4590.00,78.36,FALSE,M1_DIRECTION_MISMATCH
2026-09-07 16:07:31.411,1788797251.412,11361,63,302,4414.34,4414.42,8.0,PASS_<=10c,+0.0,FLAT,+0.0,+0.0,4.2,+0.00,0.00,SLOW,4414.34,4414.34,4414.34,4414.34,0.00,0.00,0.0,BULLISH,0.0,4414.34,4414.34,4414.34,4414.34,31,CLEARED_>=20s,1.0,0.0,0.0,0.0,0.0,0.0,0.0,PASS_<20%,0.00,0.0,NO,STANDBY_VEL_LOW,0,0.00,4590.00,78.36,FALSE,M1_DIRECTION_MISMATCH
2026-09-07 16:07:31.912,1788797251.913,11362,64,303,4414.34,4414.42,8.0,PASS_<=10c,+0.0,FLAT,+0.0,+0.0,4.2,+0.00,0.00,SLOW,4414.34,4414.34,4414.34,4414.34,0.00,0.00,0.0,BULLISH,0.0,4414.34,4414.34,4414.34,4414.34,31,CLEARED_>=20s,1.0,0.0,0.0,0.0,0.0,0.0,0.0,PASS_<20%,0.00,0.0,NO,STANDBY_VEL_LOW,0,0.00,4590.00,78.36,FALSE,M1_DIRECTION_MISMATCH
2026-09-07 16:07:32.414,1788797252.414,11363,65,304,4414.34,4414.42,8.0,PASS_<=10c,+0.0,FLAT,+0.0,+0.0,4.2,+0.00,0.00,SLOW,4414.34,4414.34,4414.34,4414.34,0.00,0.00,0.0,BULLISH,0.0,4414.34,4414.34,4414.34,4414.34,32,CLEARED_>=20s,1.0,0.0,0.0,0.0,0.0,0.0,0.0,PASS_<20%,0.00,0.0,NO,STANDBY_VEL_LOW,0,0.00,4590.00,78.36,FALSE,M1_DIRECTION_MISMATCH
2026-09-07 16:07:32.915,1788797252.916,11364,66,305,4414.34,4414.42,8.0,PASS_<=10c,+0.0,FLAT,+0.0,+0.0,4.2,+0.00,0.00,SLOW,4414.34,4414.34,4414.34,4414.34,0.00,0.00,0.0,BULLISH,0.0,4414.34,4414.34,4414.34,4414.34,32,CLEARED_>=20s,1.0,0.0,0.0,0.0,0.0,0.0,0.0,PASS_<20%,0.00,0.0,NO,STANDBY_VEL_LOW,0,0.00,4590.00,78.36,FALSE,M1_DIRECTION_MISMATCH
2026-09-07 16:07:33.417,1788797253.417,11365,67,306,4414.34,4414.42,8.0,PASS_<=10c,+0.0,FLAT,+0.0,+0.0,4.2,+0.00,0.00,SLOW,4414.34,4414.34,4414.34,4414.34,0.00,0.00,0.0,BULLISH,0.0,4414.34,4414.34,4414.34,4414.34,33,CLEARED_>=20s,1.0,0.0,0.0,0.0,0.0,0.0,0.0,PASS_<20%,0.00,0.0,NO,STANDBY_VEL_LOW,0,0.00,4590.00,78.36,FALSE,M1_DIRECTION_MISMATCH
2026-09-07 16:07:33.917,1788797253.918,11366,68,307,4414.34,4414.42,8.0,PASS_<=10c,+0.0,FLAT,+0.0,+0.0,4.2,+0.00,0.00,SLOW,4414.34,4414.34,4414.34,4414.34,0.00,0.00,0.0,BULLISH,0.0,4414.34,4414.34,4414.34,4414.34,33,CLEARED_>=20s,1.0,0.0,0.0,0.0,0.0,0.0,0.0,PASS_<20%,0.00,0.0,NO,STANDBY_VEL_LOW,0,0.00,4590.00,78.36,FALSE,M1_DIRECTION_MISMATCH
2026-09-07 16:07:34.419,1788797254.419,11367,69,308,4414.34,4414.42,8.0,PASS_<=10c,+0.0,FLAT,+0.0,+0.0,4.2,+0.00,0.00,SLOW,4414.34,4414.34,4414.34,4414.34,0.00,0.00,0.0,BULLISH,0.0,4414.34,4414.34,4414.34,4414.34,34,CLEARED_>=20s,1.0,0.0,0.0,0.0,0.0,0.0,0.0,PASS_<20%,0.00,0.0,NO,STANDBY_VEL_LOW,0,0.00,4590.00,78.36,FALSE,M1_DIRECTION_MISMATCH
2026-09-07 16:07:34.920,1788797254.921,11368,70,309,4414.34,4414.42,8.0,PASS_<=10c,+0.0,FLAT,+0.0,+0.0,4.2,+0.00,0.00,SLOW,4414.34,4414.34,4414.34,4414.34,0.00,0.00,0.0,BULLISH,0.0,4414.34,4414.34,4414.34,4414.34,34,CLEARED_>=20s,1.0,0.0,0.0,0.0,0.0,0.0,0.0,PASS_<20%,0.00,0.0,NO,STANDBY_VEL_LOW,0,0.00,4590.00,78.36,FALSE,M1_DIRECTION_MISMATCH
2026-09-07 16:07:35.422,1788797255.422,11369,71,310,4414.34,4414.42,8.0,PASS_<=10c,+0.0,FLAT,+0.0,+0.0,4.2,+0.00,0.00,SLOW,4414.34,4414.34,4414.34,4414.34,0.00,0.00,0.0,BULLISH,0.0,4414.34,4414.34,4414.34,4414.34,35,CLEARED_>=20s,1.0,0.0,0.0,0.0,0.0,0.0,0.0,PASS_<20%,0.00,0.0,NO,STANDBY_VEL_LOW,0,0.00,4590.00,78.36,FALSE,M1_DIRECTION_MISMATCH
2026-09-07 16:07:35.923,1788797255.924,11370,72,311,4414.34,4414.42,8.0,PASS_<=10c,+0.0,FLAT,+0.0,+0.0,4.2,+0.00,0.00,SLOW,4414.34,4414.34,4414.34,4414.34,0.00,0.00,0.0,BULLISH,0.0,4414.34,4414.34,4414.34,4414.34,35,CLEARED_>=20s,1.0,0.0,0.0,0.0,0.0,0.0,0.0,PASS_<20%,0.00,0.0,NO,STANDBY_VEL_LOW,0,0.00,4590.00,78.36,FALSE,M1_DIRECTION_MISMATCH
2026-09-07 16:07:36.425,1788797256.426,11371,73,312,4414.34,4414.42,8.0,PASS_<=10c,+0.0,FLAT,+0.0,+0.0,4.2,+0.00,0.00,SLOW,4414.34,4414.34,4414.34,4414.34,0.00,0.00,0.0,BULLISH,0.0,4414.34,4414.34,4414.34,4414.34,36,CLEARED_>=20s,1.0,0.0,0.0,0.0,0.0,0.0,0.0,PASS_<20%,0.00,0.0,NO,STANDBY_VEL_LOW,0,0.00,4590.00,78.36,FALSE,M1_DIRECTION_MISMATCH
2026-09-07 16:07:36.927,1788797256.927,11372,74,313,4414.34,4414.42,8.0,PASS_<=10c,+0.0,FLAT,+0.0,+0.0,4.2,+0.00,0.00,SLOW,4414.34,4414.34,4414.34,4414.34,0.00,0.00,0.0,BULLISH,0.0,4414.34,4414.34,4414.34,4414.34,36,CLEARED_>=20s,1.0,0.0,0.0,0.0,0.0,0.0,0.0,PASS_<20%,0.00,0.0,NO,STANDBY_VEL_LOW,0,0.00,4590.00,78.36,FALSE,M1_DIRECTION_MISMATCH
2026-09-07 16:07:37.429,1788797257.429,11373,75,314,4414.34,4414.42,8.0,PASS_<=10c,+0.0,FLAT,+0.0,+0.0,4.2,+0.00,0.00,SLOW,4414.34,4414.34,4414.34,4414.34,0.00,0.00,0.0,BULLISH,0.0,4414.34,4414.34,4414.34,4414.34,37,CLEARED_>=20s,1.0,0.0,0.0,0.0,0.0,0.0,0.0,PASS_<20%,0.00,0.0,NO,STANDBY_VEL_LOW,0,0.00,4590.00,78.36,FALSE,M1_DIRECTION_MISMATCH
2026-09-07 16:07:37.931,1788797257.932,11374,76,315,4414.34,4414.42,8.0,PASS_<=10c,+0.0,FLAT,+0.0,+0.0,4.2,+0.00,0.00,SLOW,4414.34,4414.34,4414.34,4414.34,0.00,0.00,0.0,BULLISH,0.0,4414.34,4414.34,4414.34,4414.34,37,CLEARED_>=20s,1.0,0.0,0.0,0.0,0.0,0.0,0.0,PASS_<20%,0.00,0.0,NO,STANDBY_VEL_LOW,0,0.00,4590.00,78.36,FALSE,M1_DIRECTION_MISMATCH
2026-09-07 16:07:38.434,1788797258.435,11375,77,316,4414.34,4414.42,8.0,PASS_<=10c,+0.0,FLAT,+0.0,+0.0,4.2,+0.00,0.00,SLOW,4414.34,4414.34,4414.34,4414.34,0.00,0.00,0.0,BULLISH,0.0,4414.34,4414.34,4414.34,4414.34,38,CLEARED_>=20s,1.0,0.0,0.0,0.0,0.0,0.0,0.0,PASS_<20%,0.00,0.0,NO,STANDBY_VEL_LOW,0,0.00,4590.00,78.36,FALSE,M1_DIRECTION_MISMATCH
2026-09-07 16:07:38.935,1788797258.936,11376,78,317,4414.34,4414.42,8.0,PASS_<=10c,+0.0,FLAT,+0.0,+0.0,4.2,+0.00,0.00,SLOW,4414.34,4414.34,4414.34,4414.34,0.00,0.00,0.0,BULLISH,0.0,4414.34,4414.34,4414.34,4414.34,38,CLEARED_>=20s,1.0,0.0,0.0,0.0,0.0,0.0,0.0,PASS_<20%,0.00,0.0,NO,STANDBY_VEL_LOW,0,0.00,4590.00,78.36,FALSE,M1_DIRECTION_MISMATCH
2026-09-07 16:07:39.438,1788797259.438,11377,79,318,4414.34,4414.42,8.0,PASS_<=10c,+0.0,FLAT,+0.0,+0.0,4.2,+0.00,0.00,SLOW,4414.34,4414.34,4414.34,4414.34,0.00,0.00,0.0,BULLISH,0.0,4414.34,4414.34,4414.34,4414.34,39,CLEARED_>=20s,1.0,0.0,0.0,0.0,0.0,0.0,0.0,PASS_<20%,0.00,0.0,NO,STANDBY_VEL_LOW,0,0.00,4590.00,78.36,FALSE,M1_DIRECTION_MISMATCH
2026-09-07 16:07:39.940,1788797259.940,11378,80,319,4414.34,4414.42,8.0,PASS_<=10c,+0.0,FLAT,+0.0,+0.0,4.2,+0.00,0.00,SLOW,4414.34,4414.34,4414.34,4414.34,0.00,0.00,0.0,BULLISH,0.0,4414.34,4414.34,4414.34,4414.34,39,CLEARED_>=20s,1.0,0.0,0.0,0.0,0.0,0.0,0.0,PASS_<20%,0.00,0.0,NO,STANDBY_VEL_LOW,0,0.00,4590.00,78.36,FALSE,M1_DIRECTION_MISMATCH
2026-09-07 16:07:40.441,1788797260.442,11379,81,320,4414.34,4414.42,8.0,PASS_<=10c,+0.0,FLAT,+0.0,+0.0,4.2,+0.00,0.00,SLOW,4414.34,4414.34,4414.34,4414.34,0.00,0.00,0.0,BULLISH,0.0,4414.34,4414.34,4414.34,4414.34,40,CLEARED_>=20s,1.0,0.0,0.0,0.0,0.0,0.0,0.0,PASS_<20%,0.00,0.0,NO,STANDBY_VEL_LOW,0,0.00,4590.00,78.36,FALSE,M1_DIRECTION_MISMATCH
2026-09-07 16:07:40.943,1788797260.943,11380,82,321,4414.34,4414.42,8.0,PASS_<=10c,+0.0,FLAT,+0.0,+0.0,4.2,+0.00,0.00,SLOW,4414.34,4414.34,4414.34,4414.34,0.00,0.00,0.0,BULLISH,0.0,4414.34,4414.34,4414.34,4414.34,40,CLEARED_>=20s,1.0,0.0,0.0,0.0,0.0,0.0,0.0,PASS_<20%,0.00,0.0,NO,STANDBY_VEL_LOW,0,0.00,4590.00,78.36,FALSE,M1_DIRECTION_MISMATCH
2026-09-07 16:07:41.445,1788797261.445,11381,83,322,4414.34,4414.42,8.0,PASS_<=10c,+0.0,FLAT,+0.0,+0.0,4.2,+0.00,0.00,SLOW,4414.34,4414.34,4414.34,4414.34,0.00,0.00,0.0,BULLISH,0.0,4414.34,4414.34,4414.34,4414.34,41,CLEARED_>=20s,1.0,0.0,0.0,0.0,0.0,0.0,0.0,PASS_<20%,0.00,0.0,NO,STANDBY_VEL_LOW,0,0.00,4590.00,78.36,FALSE,M1_DIRECTION_MISMATCH
2026-09-07 16:07:41.946,1788797261.947,11382,84,323,4414.34,4414.42,8.0,PASS_<=10c,+0.0,FLAT,+0.0,+0.0,4.2,+0.00,0.00,SLOW,4414.34,4414.34,4414.34,4414.34,0.00,0.00,0.0,BULLISH,0.0,4414.34,4414.34,4414.34,4414.34,41,CLEARED_>=20s,1.0,0.0,0.0,0.0,0.0,0.0,0.0,PASS_<20%,0.00,0.0,NO,STANDBY_VEL_LOW,0,0.00,4590.00,78.36,FALSE,M1_DIRECTION_MISMATCH
2026-09-07 16:07:42.464,1788797262.464,11383,85,324,4414.34,4414.42,8.0,PASS_<=10c,+0.0,FLAT,+0.0,+0.0,4.2,+0.00,0.00,SLOW,4414.34,4414.34,4414.34,4414.34,0.00,0.00,0.0,BULLISH,0.0,4414.34,4414.34,4414.34,4414.34,42,CLEARED_>=20s,1.0,0.0,0.0,0.0,0.0,0.0,0.0,PASS_<20%,0.00,0.0,NO,STANDBY_VEL_LOW,0,0.00,4590.00,78.36,FALSE,M1_DIRECTION_MISMATCH
2026-09-07 16:07:42.963,1788797262.964,11384,86,325,4414.34,4414.42,8.0,PASS_<=10c,+0.0,FLAT,+0.0,+0.0,4.2,+0.00,0.00,SLOW,4414.34,4414.34,4414.34,4414.34,0.00,0.00,0.0,BULLISH,0.0,4414.34,4414.34,4414.34,4414.34,42,CLEARED_>=20s,1.0,0.0,0.0,0.0,0.0,0.0,0.0,PASS_<20%,0.00,0.0,NO,STANDBY_VEL_LOW,0,0.00,4590.00,78.36,FALSE,M1_DIRECTION_MISMATCH
2026-09-07 16:07:43.464,1788797263.465,11385,87,326,4414.34,4414.42,8.0,PASS_<=10c,+0.0,FLAT,+0.0,+0.0,4.2,+0.00,0.00,SLOW,4414.34,4414.34,4414.34,4414.34,0.00,0.00,0.0,BULLISH,0.0,4414.34,4414.34,4414.34,4414.34,43,CLEARED_>=20s,1.0,0.0,0.0,0.0,0.0,0.0,0.0,PASS_<20%,0.00,0.0,NO,STANDBY_VEL_LOW,0,0.00,4590.00,78.36,FALSE,M1_DIRECTION_MISMATCH
2026-09-07 16:07:43.966,1788797263.966,11386,88,327,4414.34,4414.42,8.0,PASS_<=10c,+0.0,FLAT,+0.0,+0.0,4.2,+0.00,0.00,SLOW,4414.34,4414.34,4414.34,4414.34,0.00,0.00,0.0,BULLISH,0.0,4414.34,4414.34,4414.34,4414.34,43,CLEARED_>=20s,1.0,0.0,0.0,0.0,0.0,0.0,0.0,PASS_<20%,0.00,0.0,NO,STANDBY_VEL_LOW,0,0.00,4590.00,78.36,FALSE,M1_DIRECTION_MISMATCH
2026-09-07 16:07:44.467,1788797264.468,11387,89,328,4414.34,4414.42,8.0,PASS_<=10c,+0.0,FLAT,+0.0,+0.0,4.2,+0.00,0.00,SLOW,4414.34,4414.34,4414.34,4414.34,0.00,0.00,0.0,BULLISH,0.0,4414.34,4414.34,4414.34,4414.34,44,CLEARED_>=20s,1.0,0.0,0.0,0.0,0.0,0.0,0.0,PASS_<20%,0.00,0.0,NO,STANDBY_VEL_LOW,0,0.00,4590.00,78.36,FALSE,M1_DIRECTION_MISMATCH
2026-09-07 16:07:44.969,1788797264.969,11388,90,329,4414.34,4414.42,8.0,PASS_<=10c,+0.0,FLAT,+0.0,+0.0,4.2,+0.00,0.00,SLOW,4414.34,4414.34,4414.34,4414.34,0.00,0.00,0.0,BULLISH,0.0,4414.34,4414.34,4414.34,4414.34,44,CLEARED_>=20s,1.0,0.0,0.0,0.0,0.0,0.0,0.0,PASS_<20%,0.00,0.0,NO,STANDBY_VEL_LOW,0,0.00,4590.00,78.36,FALSE,M1_DIRECTION_MISMATCH
2026-09-07 16:07:45.470,1788797265.471,11389,91,330,4414.34,4414.42,8.0,PASS_<=10c,+0.0,FLAT,+0.0,+0.0,4.2,+0.00,0.00,SLOW,4414.34,4414.34,4414.34,4414.34,0.00,0.00,0.0,BULLISH,0.0,4414.34,4414.34,4414.34,4414.34,45,CLEARED_>=20s,1.0,0.0,0.0,0.0,0.0,0.0,0.0,PASS_<20%,0.00,0.0,NO,STANDBY_VEL_LOW,0,0.00,4590.00,78.36,FALSE,M1_DIRECTION_MISMATCH
2026-09-07 16:07:45.972,1788797265.972,11390,92,331,4414.34,4414.42,8.0,PASS_<=10c,+0.0,FLAT,+0.0,+0.0,4.2,+0.00,0.00,SLOW,4414.34,4414.34,4414.34,4414.34,0.00,0.00,0.0,BULLISH,0.0,4414.34,4414.34,4414.34,4414.34,45,CLEARED_>=20s,1.0,0.0,0.0,0.0,0.0,0.0,0.0,PASS_<20%,0.00,0.0,NO,STANDBY_VEL_LOW,0,0.00,4590.00,78.36,FALSE,M1_DIRECTION_MISMATCH
2026-09-07 16:07:46.475,1788797266.475,11391,93,332,4414.34,4414.42,8.0,PASS_<=10c,+0.0,FLAT,+0.0,+0.0,4.2,+0.00,0.00,SLOW,4414.34,4414.34,4414.34,4414.34,0.00,0.00,0.0,BULLISH,0.0,4414.34,4414.34,4414.34,4414.34,46,CLEARED_>=20s,1.0,0.0,0.0,0.0,0.0,0.0,0.0,PASS_<20%,0.00,0.0,NO,STANDBY_VEL_LOW,0,0.00,4590.00,78.36,FALSE,M1_DIRECTION_MISMATCH
2026-09-07 16:07:46.974,1788797266.975,11392,94,333,4414.34,4414.42,8.0,PASS_<=10c,+0.0,FLAT,+0.0,+0.0,4.2,+0.00,0.00,SLOW,4414.34,4414.34,4414.34,4414.34,0.00,0.00,0.0,BULLISH,0.0,4414.34,4414.34,4414.34,4414.34,46,CLEARED_>=20s,1.0,0.0,0.0,0.0,0.0,0.0,0.0,PASS_<20%,0.00,0.0,NO,STANDBY_VEL_LOW,0,0.00,4590.00,78.36,FALSE,M1_DIRECTION_MISMATCH
2026-09-07 16:07:47.476,1788797267.476,11393,95,334,4414.34,4414.42,8.0,PASS_<=10c,+0.0,FLAT,+0.0,+0.0,4.2,+0.00,0.00,SLOW,4414.34,4414.34,4414.34,4414.34,0.00,0.00,0.0,BULLISH,0.0,4414.34,4414.34,4414.34,4414.34,47,CLEARED_>=20s,1.0,0.0,0.0,0.0,0.0,0.0,0.0,PASS_<20%,0.00,0.0,NO,STANDBY_VEL_LOW,0,0.00,4590.00,78.36,FALSE,M1_DIRECTION_MISMATCH
2026-09-07 16:07:47.977,1788797267.978,11394,96,335,4414.34,4414.42,8.0,PASS_<=10c,+0.0,FLAT,+0.0,+0.0,4.2,+0.00,0.00,SLOW,4414.34,4414.34,4414.34,4414.34,0.00,0.00,0.0,BULLISH,0.0,4414.34,4414.34,4414.34,4414.34,47,CLEARED_>=20s,1.0,0.0,0.0,0.0,0.0,0.0,0.0,PASS_<20%,0.00,0.0,NO,STANDBY_VEL_LOW,0,0.00,4590.00,78.36,FALSE,M1_DIRECTION_MISMATCH
2026-09-07 16:07:48.479,1788797268.480,11395,97,336,4414.34,4414.42,8.0,PASS_<=10c,+0.0,FLAT,+0.0,+0.0,4.2,+0.00,0.00,SLOW,4414.34,4414.34,4414.34,4414.34,0.00,0.00,0.0,BULLISH,0.0,4414.34,4414.34,4414.34,4414.34,48,CLEARED_>=20s,1.0,0.0,0.0,0.0,0.0,0.0,0.0,PASS_<20%,0.00,0.0,NO,STANDBY_VEL_LOW,0,0.00,4590.00,78.36,FALSE,M1_DIRECTION_MISMATCH
2026-09-07 16:07:48.980,1788797268.981,11396,98,337,4414.34,4414.42,8.0,PASS_<=10c,+0.0,FLAT,+0.0,+0.0,4.2,+0.00,0.00,SLOW,4414.34,4414.34,4414.34,4414.34,0.00,0.00,0.0,BULLISH,0.0,4414.34,4414.34,4414.34,4414.34,48,CLEARED_>=20s,1.0,0.0,0.0,0.0,0.0,0.0,0.0,PASS_<20%,0.00,0.0,NO,STANDBY_VEL_LOW,0,0.00,4590.00,78.36,FALSE,M1_DIRECTION_MISMATCH
2026-09-07 16:07:49.483,1788797269.483,11397,99,338,4414.34,4414.42,8.0,PASS_<=10c,+0.0,FLAT,+0.0,+0.0,4.2,+0.00,0.00,SLOW,4414.34,4414.34,4414.34,4414.34,0.00,0.00,0.0,BULLISH,0.0,4414.34,4414.34,4414.34,4414.34,49,CLEARED_>=20s,1.0,0.0,0.0,0.0,0.0,0.0,0.0,PASS_<20%,0.00,0.0,NO,STANDBY_VEL_LOW,0,0.00,4590.00,78.36,FALSE,M1_DIRECTION_MISMATCH
2026-09-07 16:07:49.984,1788797269.985,11398,100,339,4414.34,4414.42,8.0,PASS_<=10c,+0.0,FLAT,+0.0,+0.0,4.2,+0.00,0.00,SLOW,4414.34,4414.34,4414.34,4414.34,0.00,0.00,0.0,BULLISH,0.0,4414.34,4414.34,4414.34,4414.34,49,CLEARED_>=20s,1.0,0.0,0.0,0.0,0.0,0.0,0.0,PASS_<20%,0.00,0.0,NO,STANDBY_VEL_LOW,0,0.00,4590.00,78.36,FALSE,M1_DIRECTION_MISMATCH
2026-09-07 16:07:50.486,1788797270.486,11399,101,340,4414.34,4414.42,8.0,PASS_<=10c,+0.0,FLAT,+0.0,+0.0,4.2,+0.00,0.00,SLOW,4414.34,4414.34,4414.34,4414.34,0.00,0.00,0.0,BULLISH,0.0,4414.34,4414.34,4414.34,4414.34,50,CLEARED_>=20s,1.0,0.0,0.0,0.0,0.0,0.0,0.0,PASS_<20%,0.00,0.0,NO,STANDBY_VEL_LOW,0,0.00,4590.00,78.36,FALSE,M1_DIRECTION_MISMATCH
2026-09-07 16:07:50.990,1788797270.990,11400,102,341,4414.34,4414.42,8.0,PASS_<=10c,+0.0,FLAT,+0.0,+0.0,4.2,+0.00,0.00,SLOW,4414.34,4414.34,4414.34,4414.34,0.00,0.00,0.0,BULLISH,0.0,4414.34,4414.34,4414.34,4414.34,50,CLEARED_>=20s,1.0,0.0,0.0,0.0,0.0,0.0,0.0,PASS_<20%,0.00,0.0,NO,STANDBY_VEL_LOW,0,0.00,4590.00,78.36,FALSE,M1_DIRECTION_MISMATCH
2026-09-07 16:07:51.489,1788797271.490,11401,103,342,4414.34,4414.42,8.0,PASS_<=10c,+0.0,FLAT,+0.0,+0.0,4.2,+0.00,0.00,SLOW,4414.34,4414.34,4414.34,4414.34,0.00,0.00,0.0,BULLISH,0.0,4414.34,4414.34,4414.34,4414.34,51,CLEARED_>=20s,1.0,0.0,0.0,0.0,0.0,0.0,0.0,PASS_<20%,0.00,0.0,NO,STANDBY_VEL_LOW,0,0.00,4590.00,78.36,FALSE,M1_DIRECTION_MISMATCH
2026-09-07 16:07:51.992,1788797271.992,11402,104,343,4414.34,4414.42,8.0,PASS_<=10c,+0.0,FLAT,+0.0,+0.0,4.2,+0.00,0.00,SLOW,4414.34,4414.34,4414.34,4414.34,0.00,0.00,0.0,BULLISH,0.0,4414.34,4414.34,4414.34,4414.34,51,CLEARED_>=20s,1.0,0.0,0.0,0.0,0.0,0.0,0.0,PASS_<20%,0.00,0.0,NO,STANDBY_VEL_LOW,0,0.00,4590.00,78.36,FALSE,M1_DIRECTION_MISMATCH
2026-09-07 16:07:52.494,1788797272.494,11403,105,344,4414.34,4414.42,8.0,PASS_<=10c,+0.0,FLAT,+0.0,+0.0,4.2,+0.00,0.00,SLOW,4414.34,4414.34,4414.34,4414.34,0.00,0.00,0.0,BULLISH,0.0,4414.34,4414.34,4414.34,4414.34,52,CLEARED_>=20s,1.0,0.0,0.0,0.0,0.0,0.0,0.0,PASS_<20%,0.00,0.0,NO,STANDBY_VEL_LOW,0,0.00,4590.00,78.36,FALSE,M1_DIRECTION_MISMATCH
2026-09-07 16:07:52.995,1788797272.995,11404,106,345,4414.34,4414.42,8.0,PASS_<=10c,+0.0,FLAT,+0.0,+0.0,4.2,+0.00,0.00,SLOW,4414.34,4414.34,4414.34,4414.34,0.00,0.00,0.0,BULLISH,0.0,4414.34,4414.34,4414.34,4414.34,52,CLEARED_>=20s,1.0,0.0,0.0,0.0,0.0,0.0,0.0,PASS_<20%,0.00,0.0,NO,STANDBY_VEL_LOW,0,0.00,4590.00,78.36,FALSE,M1_DIRECTION_MISMATCH
2026-09-07 16:07:53.497,1788797273.497,11405,107,346,4414.34,4414.42,8.0,PASS_<=10c,+0.0,FLAT,+0.0,+0.0,4.2,+0.00,0.00,SLOW,4414.34,4414.34,4414.34,4414.34,0.00,0.00,0.0,BULLISH,0.0,4414.34,4414.34,4414.34,4414.34,53,CLEARED_>=20s,1.0,0.0,0.0,0.0,0.0,0.0,0.0,PASS_<20%,0.00,0.0,NO,STANDBY_VEL_LOW,0,0.00,4590.00,78.36,FALSE,M1_DIRECTION_MISMATCH
2026-09-07 16:07:53.999,1788797273.999,11406,108,347,4414.34,4414.42,8.0,PASS_<=10c,+0.0,FLAT,+0.0,+0.0,4.2,+0.00,0.00,SLOW,4414.34,4414.34,4414.34,4414.34,0.00,0.00,0.0,BULLISH,0.0,4414.34,4414.34,4414.34,4414.34,53,CLEARED_>=20s,1.0,0.0,0.0,0.0,0.0,0.0,0.0,PASS_<20%,0.00,0.0,NO,STANDBY_VEL_LOW,0,0.00,4590.00,78.36,FALSE,M1_DIRECTION_MISMATCH
2026-09-07 16:07:54.502,1788797274.502,11407,109,348,4414.34,4414.42,8.0,PASS_<=10c,+0.0,FLAT,+0.0,+0.0,4.2,+0.00,0.00,SLOW,4414.34,4414.34,4414.34,4414.34,0.00,0.00,0.0,BULLISH,0.0,4414.34,4414.34,4414.34,4414.34,54,CLEARED_>=20s,1.0,0.0,0.0,0.0,0.0,0.0,0.0,PASS_<20%,0.00,0.0,NO,STANDBY_VEL_LOW,0,0.00,4590.00,78.36,FALSE,M1_DIRECTION_MISMATCH
2026-09-07 16:07:55.003,1788797275.004,11408,110,349,4414.34,4414.42,8.0,PASS_<=10c,+0.0,FLAT,+0.0,+0.0,4.2,+0.00,0.00,SLOW,4414.34,4414.34,4414.34,4414.34,0.00,0.00,0.0,BULLISH,0.0,4414.34,4414.34,4414.34,4414.34,55,CLEARED_>=20s,1.0,0.0,0.0,0.0,0.0,0.0,0.0,PASS_<20%,0.00,0.0,NO,STANDBY_VEL_LOW,0,0.00,4590.00,78.36,FALSE,M1_DIRECTION_MISMATCH
2026-09-07 16:07:55.505,1788797275.505,11409,111,350,4414.34,4414.42,8.0,PASS_<=10c,+0.0,FLAT,+0.0,+0.0,4.2,+0.00,0.00,SLOW,4414.34,4414.34,4414.34,4414.34,0.00,0.00,0.0,BULLISH,0.0,4414.34,4414.34,4414.34,4414.34,55,CLEARED_>=20s,1.0,0.0,0.0,0.0,0.0,0.0,0.0,PASS_<20%,0.00,0.0,NO,STANDBY_VEL_LOW,0,0.00,4590.00,78.36,FALSE,M1_DIRECTION_MISMATCH
2026-09-07 16:07:56.007,1788797276.008,11410,112,351,4414.34,4414.42,8.0,PASS_<=10c,+0.0,FLAT,+0.0,+0.0,4.2,+0.00,0.00,SLOW,4414.34,4414.34,4414.34,4414.34,0.00,0.00,0.0,BULLISH,0.0,4414.34,4414.34,4414.34,4414.34,56,CLEARED_>=20s,1.0,0.0,0.0,0.0,0.0,0.0,0.0,PASS_<20%,0.00,0.0,NO,STANDBY_VEL_LOW,0,0.00,4590.00,78.36,FALSE,M1_DIRECTION_MISMATCH
2026-09-07 16:07:56.509,1788797276.509,11411,113,352,4414.34,4414.42,8.0,PASS_<=10c,+0.0,FLAT,+0.0,+0.0,4.2,+0.00,0.00,SLOW,4414.34,4414.34,4414.34,4414.34,0.00,0.00,0.0,BULLISH,0.0,4414.34,4414.34,4414.34,4414.34,56,CLEARED_>=20s,1.0,0.0,0.0,0.0,0.0,0.0,0.0,PASS_<20%,0.00,0.0,NO,STANDBY_VEL_LOW,0,0.00,4590.00,78.36,FALSE,M1_DIRECTION_MISMATCH
2026-09-07 16:07:57.012,1788797277.012,11412,114,353,4414.34,4414.42,8.0,PASS_<=10c,+0.0,FLAT,+0.0,+0.0,4.2,+0.00,0.00,SLOW,4414.34,4414.34,4414.34,4414.34,0.00,0.00,0.0,BULLISH,0.0,4414.34,4414.34,4414.34,4414.34,57,CLEARED_>=20s,1.0,0.0,0.0,0.0,0.0,0.0,0.0,PASS_<20%,0.00,0.0,NO,STANDBY_VEL_LOW,0,0.00,4590.00,78.36,FALSE,M1_DIRECTION_MISMATCH
2026-09-07 16:07:57.514,1788797277.514,11413,115,354,4414.34,4414.42,8.0,PASS_<=10c,+0.0,FLAT,+0.0,+0.0,4.2,+0.00,0.00,SLOW,4414.34,4414.34,4414.34,4414.34,0.00,0.00,0.0,BULLISH,0.0,4414.34,4414.34,4414.34,4414.34,57,CLEARED_>=20s,1.0,0.0,0.0,0.0,0.0,0.0,0.0,PASS_<20%,0.00,0.0,NO,STANDBY_VEL_LOW,0,0.00,4590.00,78.36,FALSE,M1_DIRECTION_MISMATCH
2026-09-07 16:07:58.015,1788797278.015,11414,116,355,4414.34,4414.42,8.0,PASS_<=10c,+0.0,FLAT,+0.0,+0.0,4.2,+0.00,0.00,SLOW,4414.34,4414.34,4414.34,4414.34,0.00,0.00,0.0,BULLISH,0.0,4414.34,4414.34,4414.34,4414.34,58,CLEARED_>=20s,1.0,0.0,0.0,0.0,0.0,0.0,0.0,PASS_<20%,0.00,0.0,NO,STANDBY_VEL_LOW,0,0.00,4590.00,78.36,FALSE,M1_DIRECTION_MISMATCH
2026-09-07 16:07:58.517,1788797278.518,11415,117,356,4414.34,4414.42,8.0,PASS_<=10c,+0.0,FLAT,+0.0,+0.0,4.2,+0.00,0.00,SLOW,4414.34,4414.34,4414.34,4414.34,0.00,0.00,0.0,BULLISH,0.0,4414.34,4414.34,4414.34,4414.34,58,CLEARED_>=20s,1.0,0.0,0.0,0.0,0.0,0.0,0.0,PASS_<20%,0.00,0.0,NO,STANDBY_VEL_LOW,0,0.00,4590.00,78.36,FALSE,M1_DIRECTION_MISMATCH
2026-09-07 16:07:59.018,1788797279.019,11416,118,357,4414.34,4414.42,8.0,PASS_<=10c,+0.0,FLAT,+0.0,+0.0,4.2,+0.00,0.00,SLOW,4414.34,4414.34,4414.34,4414.34,0.00,0.00,0.0,BULLISH,0.0,4414.34,4414.34,4414.34,4414.34,59,CLEARED_>=20s,1.0,0.0,0.0,0.0,0.0,0.0,0.0,PASS_<20%,0.00,0.0,NO,STANDBY_VEL_LOW,0,0.00,4590.00,78.36,FALSE,M1_DIRECTION_MISMATCH
2026-09-07 16:07:59.520,1788797279.521,11417,119,358,4414.34,4414.42,8.0,PASS_<=10c,+0.0,FLAT,+0.0,+0.0,4.2,+0.00,0.00,SLOW,4414.34,4414.34,4414.34,4414.34,0.00,0.00,0.0,BULLISH,0.0,4414.34,4414.34,4414.34,4414.34,59,CLEARED_>=20s,1.0,0.0,0.0,0.0,0.0,0.0,0.0,PASS_<20%,0.00,0.0,NO,STANDBY_VEL_LOW,0,0.00,4590.00,78.36,FALSE,M1_DIRECTION_MISMATCH
2026-09-07 16:08:00.023,1788797280.023,11418,1,359,4414.34,4414.42,8.0,PASS_<=10c,+0.0,FLAT,+0.0,+0.0,4.2,+0.00,0.00,SLOW,4414.34,4414.34,4414.34,4414.34,0.00,0.00,0.0,BULLISH,0.0,4414.34,4414.34,4414.34,4414.34,0,ACTIVE_0s,1.0,0.0,0.0,0.0,0.0,0.0,0.0,PASS_<20%,0.00,0.0,NO,STANDBY_VEL_LOW,0,0.00,4590.00,78.36,FALSE,M1_DIRECTION_MISMATCH|OPENING_SHIELD_ACTIVE_0s
2026-09-07 16:08:00.525,1788797280.525,11419,2,360,4414.34,4414.42,8.0,PASS_<=10c,+0.0,FLAT,+0.0,+0.0,4.2,+0.00,0.00,SLOW,4414.34,4414.34,4414.34,4414.34,0.00,0.00,0.0,BULLISH,0.0,4414.34,4414.34,4414.34,4414.34,0,ACTIVE_0s,1.0,0.0,0.0,0.0,0.0,0.0,0.0,PASS_<20%,0.00,0.0,NO,STANDBY_VEL_LOW,0,0.00,4590.00,78.36,FALSE,M1_DIRECTION_MISMATCH|OPENING_SHIELD_ACTIVE_0s
2026-09-07 16:08:01.027,1788797281.027,11420,3,361,4414.34,4414.42,8.0,PASS_<=10c,+0.0,FLAT,+0.0,+0.0,4.2,+0.00,0.00,SLOW,4414.34,4414.34,4414.34,4414.34,0.00,0.00,0.0,BULLISH,0.0,4414.34,4414.34,4414.34,4414.34,1,ACTIVE_1s,1.0,0.0,0.0,0.0,0.0,0.0,0.0,PASS_<20%,0.00,0.0,NO,STANDBY_VEL_LOW,0,0.00,4590.00,78.36,FALSE,M1_DIRECTION_MISMATCH|OPENING_SHIELD_ACTIVE_1s
2026-09-07 16:08:01.528,1788797281.529,11421,4,362,4414.34,4414.42,8.0,PASS_<=10c,+0.0,FLAT,+0.0,+0.0,4.2,+0.00,0.00,SLOW,4414.34,4414.34,4414.34,4414.34,0.00,0.00,0.0,BULLISH,0.0,4414.34,4414.34,4414.34,4414.34,1,ACTIVE_1s,1.0,0.0,0.0,0.0,0.0,0.0,0.0,PASS_<20%,0.00,0.0,NO,STANDBY_VEL_LOW,0,0.00,4590.00,78.36,FALSE,M1_DIRECTION_MISMATCH|OPENING_SHIELD_ACTIVE_1s
2026-09-07 16:08:02.031,1788797282.031,11422,5,363,4414.34,4414.42,8.0,PASS_<=10c,+0.0,FLAT,+0.0,+0.0,4.2,+0.00,0.00,SLOW,4414.34,4414.34,4414.34,4414.34,0.00,0.00,0.0,BULLISH,0.0,4414.34,4414.34,4414.34,4414.34,2,ACTIVE_2s,1.0,0.0,0.0,0.0,0.0,0.0,0.0,PASS_<20%,0.00,0.0,NO,STANDBY_VEL_LOW,0,0.00,4590.00,78.36,FALSE,M1_DIRECTION_MISMATCH|OPENING_SHIELD_ACTIVE_2s
2026-09-07 16:08:02.533,1788797282.533,11423,6,364,4414.34,4414.42,8.0,PASS_<=10c,+0.0,FLAT,+0.0,+0.0,4.2,+0.00,0.00,SLOW,4414.34,4414.34,4414.34,4414.34,0.00,0.00,0.0,BULLISH,0.0,4414.34,4414.34,4414.34,4414.34,2,ACTIVE_2s,1.0,0.0,0.0,0.0,0.0,0.0,0.0,PASS_<20%,0.00,0.0,NO,STANDBY_VEL_LOW,0,0.00,4590.00,78.36,FALSE,M1_DIRECTION_MISMATCH|OPENING_SHIELD_ACTIVE_2s
2026-09-07 16:08:03.035,1788797283.035,11424,7,365,4414.34,4414.42,8.0,PASS_<=10c,+0.0,FLAT,+0.0,+0.0,4.2,+0.00,0.00,SLOW,4414.34,4414.34,4414.34,4414.34,0.00,0.00,0.0,BULLISH,0.0,4414.34,4414.34,4414.34,4414.34,3,ACTIVE_3s,1.0,0.0,0.0,0.0,0.0,0.0,0.0,PASS_<20%,0.00,0.0,NO,STANDBY_VEL_LOW,0,0.00,4590.00,78.36,FALSE,M1_DIRECTION_MISMATCH|OPENING_SHIELD_ACTIVE_3s
2026-09-07 16:08:03.541,1788797283.541,11425,8,366,4414.34,4414.42,8.0,PASS_<=10c,+0.0,FLAT,+0.0,+0.0,4.2,+0.00,0.00,SLOW,4414.34,4414.34,4414.34,4414.34,0.00,0.00,0.0,BULLISH,0.0,4414.34,4414.34,4414.34,4414.34,3,ACTIVE_3s,1.0,0.0,0.0,0.0,0.0,0.0,0.0,PASS_<20%,0.00,0.0,NO,STANDBY_VEL_LOW,0,0.00,4590.00,78.36,FALSE,M1_DIRECTION_MISMATCH|OPENING_SHIELD_ACTIVE_3s
2026-09-07 16:08:04.041,1788797284.042,11426,9,367,4414.34,4414.42,8.0,PASS_<=10c,+0.0,FLAT,+0.0,+0.0,4.2,+0.00,0.00,SLOW,4414.34,4414.34,4414.34,4414.34,0.00,0.00,0.0,BULLISH,0.0,4414.34,4414.34,4414.34,4414.34,4,ACTIVE_4s,1.0,0.0,0.0,0.0,0.0,0.0,0.0,PASS_<20%,0.00,0.0,NO,STANDBY_VEL_LOW,0,0.00,4590.00,78.36,FALSE,M1_DIRECTION_MISMATCH|OPENING_SHIELD_ACTIVE_4s
2026-09-07 16:08:04.543,1788797284.543,11427,10,368,4414.34,4414.42,8.0,PASS_<=10c,+0.0,FLAT,+0.0,+0.0,4.2,+0.00,0.00,SLOW,4414.34,4414.34,4414.34,4414.34,0.00,0.00,0.0,BULLISH,0.0,4414.34,4414.34,4414.34,4414.34,4,ACTIVE_4s,1.0,0.0,0.0,0.0,0.0,0.0,0.0,PASS_<20%,0.00,0.0,NO,STANDBY_VEL_LOW,0,0.00,4590.00,78.36,FALSE,M1_DIRECTION_MISMATCH|OPENING_SHIELD_ACTIVE_4s
2026-09-07 16:08:05.044,1788797285.045,11428,11,369,4414.34,4414.42,8.0,PASS_<=10c,+0.0,FLAT,+0.0,+0.0,4.2,+0.00,0.00,SLOW,4414.34,4414.34,4414.34,4414.34,0.00,0.00,0.0,BULLISH,0.0,4414.34,4414.34,4414.34,4414.34,5,ACTIVE_5s,1.0,0.0,0.0,0.0,0.0,0.0,0.0,PASS_<20%,0.00,0.0,NO,STANDBY_VEL_LOW,0,0.00,4590.00,78.36,FALSE,M1_DIRECTION_MISMATCH|OPENING_SHIELD_ACTIVE_5s
2026-09-07 16:08:05.547,1788797285.547,11429,12,370,4414.34,4414.42,8.0,PASS_<=10c,+0.0,FLAT,+0.0,+0.0,4.2,+0.00,0.00,SLOW,4414.34,4414.34,4414.34,4414.34,0.00,0.00,0.0,BULLISH,0.0,4414.34,4414.34,4414.34,4414.34,5,ACTIVE_5s,1.0,0.0,0.0,0.0,0.0,0.0,0.0,PASS_<20%,0.00,0.0,NO,STANDBY_VEL_LOW,0,0.00,4590.00,78.36,FALSE,M1_DIRECTION_MISMATCH|OPENING_SHIELD_ACTIVE_5s
2026-09-07 16:08:06.048,1788797286.049,11430,13,371,4414.34,4414.42,8.0,PASS_<=10c,+0.0,FLAT,+0.0,+0.0,4.2,+0.00,0.00,SLOW,4414.34,4414.34,4414.34,4414.34,0.00,0.00,0.0,BULLISH,0.0,4414.34,4414.34,4414.34,4414.34,6,ACTIVE_6s,1.0,0.0,0.0,0.0,0.0,0.0,0.0,PASS_<20%,0.00,0.0,NO,STANDBY_VEL_LOW,0,0.00,4590.00,78.36,FALSE,M1_DIRECTION_MISMATCH|OPENING_SHIELD_ACTIVE_6s
2026-09-07 16:08:06.549,1788797286.550,11431,14,372,4414.34,4414.42,8.0,PASS_<=10c,+0.0,FLAT,+0.0,+0.0,4.2,+0.00,0.00,SLOW,4414.34,4414.34,4414.34,4414.34,0.00,0.00,0.0,BULLISH,0.0,4414.34,4414.34,4414.34,4414.34,6,ACTIVE_6s,1.0,0.0,0.0,0.0,0.0,0.0,0.0,PASS_<20%,0.00,0.0,NO,STANDBY_VEL_LOW,0,0.00,4590.00,78.36,FALSE,M1_DIRECTION_MISMATCH|OPENING_SHIELD_ACTIVE_6s
2026-09-07 16:08:07.053,1788797287.053,11432,15,373,4414.34,4414.42,8.0,PASS_<=10c,+0.0,FLAT,+0.0,+0.0,4.2,+0.00,0.00,SLOW,4414.34,4414.34,4414.34,4414.34,0.00,0.00,0.0,BULLISH,0.0,4414.34,4414.34,4414.34,4414.34,7,ACTIVE_7s,1.0,0.0,0.0,0.0,0.0,0.0,0.0,PASS_<20%,0.00,0.0,NO,STANDBY_VEL_LOW,0,0.00,4590.00,78.36,FALSE,M1_DIRECTION_MISMATCH|OPENING_SHIELD_ACTIVE_7s
2026-09-07 16:08:07.553,1788797287.554,11433,16,374,4414.34,4414.42,8.0,PASS_<=10c,+0.0,FLAT,+0.0,+0.0,4.2,+0.00,0.00,SLOW,4414.34,4414.34,4414.34,4414.34,0.00,0.00,0.0,BULLISH,0.0,4414.34,4414.34,4414.34,4414.34,7,ACTIVE_7s,1.0,0.0,0.0,0.0,0.0,0.0,0.0,PASS_<20%,0.00,0.0,NO,STANDBY_VEL_LOW,0,0.00,4590.00,78.36,FALSE,M1_DIRECTION_MISMATCH|OPENING_SHIELD_ACTIVE_7s
2026-09-07 16:08:08.055,1788797288.056,11434,17,375,4414.34,4414.42,8.0,PASS_<=10c,+0.0,FLAT,+0.0,+0.0,4.2,+0.00,0.00,SLOW,4414.34,4414.34,4414.34,4414.34,0.00,0.00,0.0,BULLISH,0.0,4414.34,4414.34,4414.34,4414.34,8,ACTIVE_8s,1.0,0.0,0.0,0.0,0.0,0.0,0.0,PASS_<20%,0.00,0.0,NO,STANDBY_VEL_LOW,0,0.00,4590.00,78.36,FALSE,M1_DIRECTION_MISMATCH|OPENING_SHIELD_ACTIVE_8s
2026-09-07 16:08:08.557,1788797288.557,11435,18,376,4414.34,4414.42,8.0,PASS_<=10c,+0.0,FLAT,+0.0,+0.0,4.2,+0.00,0.00,SLOW,4414.34,4414.34,4414.34,4414.34,0.00,0.00,0.0,BULLISH,0.0,4414.34,4414.34,4414.34,4414.34,8,ACTIVE_8s,1.0,0.0,0.0,0.0,0.0,0.0,0.0,PASS_<20%,0.00,0.0,NO,STANDBY_VEL_LOW,0,0.00,4590.00,78.36,FALSE,M1_DIRECTION_MISMATCH|OPENING_SHIELD_ACTIVE_8s
2026-09-07 16:08:09.058,1788797289.058,11436,19,377,4414.34,4414.42,8.0,PASS_<=10c,+0.0,FLAT,+0.0,+0.0,4.2,+0.00,0.00,SLOW,4414.34,4414.34,4414.34,4414.34,0.00,0.00,0.0,BULLISH,0.0,4414.34,4414.34,4414.34,4414.34,9,ACTIVE_9s,1.0,0.0,0.0,0.0,0.0,0.0,0.0,PASS_<20%,0.00,0.0,NO,STANDBY_VEL_LOW,0,0.00,4590.00,78.36,FALSE,M1_DIRECTION_MISMATCH|OPENING_SHIELD_ACTIVE_9s
2026-09-07 16:08:09.559,1788797289.560,11437,20,378,4414.34,4414.42,8.0,PASS_<=10c,+0.0,FLAT,+0.0,+0.0,4.2,+0.00,0.00,SLOW,4414.34,4414.34,4414.34,4414.34,0.00,0.00,0.0,BULLISH,0.0,4414.34,4414.34,4414.34,4414.34,9,ACTIVE_9s,1.0,0.0,0.0,0.0,0.0,0.0,0.0,PASS_<20%,0.00,0.0,NO,STANDBY_VEL_LOW,0,0.00,4590.00,78.36,FALSE,M1_DIRECTION_MISMATCH|OPENING_SHIELD_ACTIVE_9s
2026-09-07 16:08:10.061,1788797290.061,11438,21,379,4414.34,4414.42,8.0,PASS_<=10c,+0.0,FLAT,+0.0,+0.0,4.2,+0.00,0.00,SLOW,4414.34,4414.34,4414.34,4414.34,0.00,0.00,0.0,BULLISH,0.0,4414.34,4414.34,4414.34,4414.34,10,ACTIVE_10s,1.0,0.0,0.0,0.0,0.0,0.0,0.0,PASS_<20%,0.00,0.0,NO,STANDBY_VEL_LOW,0,0.00,4590.00,78.36,FALSE,M1_DIRECTION_MISMATCH|OPENING_SHIELD_ACTIVE_10s
2026-09-07 16:08:10.563,1788797290.564,11439,22,380,4414.34,4414.42,8.0,PASS_<=10c,+0.0,FLAT,+0.0,+0.0,4.2,+0.00,0.00,SLOW,4414.34,4414.34,4414.34,4414.34,0.00,0.00,0.0,BULLISH,0.0,4414.34,4414.34,4414.34,4414.34,10,ACTIVE_10s,1.0,0.0,0.0,0.0,0.0,0.0,0.0,PASS_<20%,0.00,0.0,NO,STANDBY_VEL_LOW,0,0.00,4590.00,78.36,FALSE,M1_DIRECTION_MISMATCH|OPENING_SHIELD_ACTIVE_10s
2026-09-07 16:08:11.064,1788797291.065,11440,23,381,4414.34,4414.42,8.0,PASS_<=10c,+0.0,FLAT,+0.0,+0.0,4.2,+0.00,0.00,SLOW,4414.34,4414.34,4414.34,4414.34,0.00,0.00,0.0,BULLISH,0.0,4414.34,4414.34,4414.34,4414.34,11,ACTIVE_11s,1.0,0.0,0.0,0.0,0.0,0.0,0.0,PASS_<20%,0.00,0.0,NO,STANDBY_VEL_LOW,0,0.00,4590.00,78.36,FALSE,M1_DIRECTION_MISMATCH|OPENING_SHIELD_ACTIVE_11s
2026-09-07 16:08:11.566,1788797291.566,11441,24,382,4414.34,4414.42,8.0,PASS_<=10c,+0.0,FLAT,+0.0,+0.0,4.2,+0.00,0.00,SLOW,4414.34,4414.34,4414.34,4414.34,0.00,0.00,0.0,BULLISH,0.0,4414.34,4414.34,4414.34,4414.34,11,ACTIVE_11s,1.0,0.0,0.0,0.0,0.0,0.0,0.0,PASS_<20%,0.00,0.0,NO,STANDBY_VEL_LOW,0,0.00,4590.00,78.36,FALSE,M1_DIRECTION_MISMATCH|OPENING_SHIELD_ACTIVE_11s
2026-09-07 16:08:12.067,1788797292.067,11442,25,383,4414.34,4414.42,8.0,PASS_<=10c,+0.0,FLAT,+0.0,+0.0,4.2,+0.00,0.00,SLOW,4414.34,4414.34,4414.34,4414.34,0.00,0.00,0.0,BULLISH,0.0,4414.34,4414.34,4414.34,4414.34,12,ACTIVE_12s,1.0,0.0,0.0,0.0,0.0,0.0,0.0,PASS_<20%,0.00,0.0,NO,STANDBY_VEL_LOW,0,0.00,4590.00,78.36,FALSE,M1_DIRECTION_MISMATCH|OPENING_SHIELD_ACTIVE_12s
2026-09-07 16:08:12.567,1788797292.568,11443,26,384,4414.34,4414.42,8.0,PASS_<=10c,+0.0,FLAT,+0.0,+0.0,4.2,+0.00,0.00,SLOW,4414.34,4414.34,4414.34,4414.34,0.00,0.00,0.0,BULLISH,0.0,4414.34,4414.34,4414.34,4414.34,12,ACTIVE_12s,1.0,0.0,0.0,0.0,0.0,0.0,0.0,PASS_<20%,0.00,0.0,NO,STANDBY_VEL_LOW,0,0.00,4590.00,78.36,FALSE,M1_DIRECTION_MISMATCH|OPENING_SHIELD_ACTIVE_12s
2026-09-07 16:08:13.069,1788797293.069,11444,27,385,4414.34,4414.42,8.0,PASS_<=10c,+0.0,FLAT,+0.0,+0.0,4.2,+0.00,0.00,SLOW,4414.34,4414.34,4414.34,4414.34,0.00,0.00,0.0,BULLISH,0.0,4414.34,4414.34,4414.34,4414.34,13,ACTIVE_13s,1.0,0.0,0.0,0.0,0.0,0.0,0.0,PASS_<20%,0.00,0.0,NO,STANDBY_VEL_LOW,0,0.00,4590.00,78.36,FALSE,M1_DIRECTION_MISMATCH|OPENING_SHIELD_ACTIVE_13s
2026-09-07 16:08:13.570,1788797293.570,11445,28,386,4414.34,4414.42,8.0,PASS_<=10c,+0.0,FLAT,+0.0,+0.0,4.2,+0.00,0.00,SLOW,4414.34,4414.34,4414.34,4414.34,0.00,0.00,0.0,BULLISH,0.0,4414.34,4414.34,4414.34,4414.34,13,ACTIVE_13s,1.0,0.0,0.0,0.0,0.0,0.0,0.0,PASS_<20%,0.00,0.0,NO,STANDBY_VEL_LOW,0,0.00,4590.00,78.36,FALSE,M1_DIRECTION_MISMATCH|OPENING_SHIELD_ACTIVE_13s
2026-09-07 16:08:14.072,1788797294.073,11446,29,387,4414.34,4414.42,8.0,PASS_<=10c,+0.0,FLAT,+0.0,+0.0,4.2,+0.00,0.00,SLOW,4414.34,4414.34,4414.34,4414.34,0.00,0.00,0.0,BULLISH,0.0,4414.34,4414.34,4414.34,4414.34,14,ACTIVE_14s,1.0,0.0,0.0,0.0,0.0,0.0,0.0,PASS_<20%,0.00,0.0,NO,STANDBY_VEL_LOW,0,0.00,4590.00,78.36,FALSE,M1_DIRECTION_MISMATCH|OPENING_SHIELD_ACTIVE_14s
2026-09-07 16:08:14.574,1788797294.574,11447,30,388,4414.34,4414.42,8.0,PASS_<=10c,+0.0,FLAT,+0.0,+0.0,4.2,+0.00,0.00,SLOW,4414.34,4414.34,4414.34,4414.34,0.00,0.00,0.0,BULLISH,0.0,4414.34,4414.34,4414.34,4414.34,14,ACTIVE_14s,1.0,0.0,0.0,0.0,0.0,0.0,0.0,PASS_<20%,0.00,0.0,NO,STANDBY_VEL_LOW,0,0.00,4590.00,78.36,FALSE,M1_DIRECTION_MISMATCH|OPENING_SHIELD_ACTIVE_14s
2026-09-07 16:08:15.075,1788797295.075,11448,31,389,4414.34,4414.42,8.0,PASS_<=10c,+0.0,FLAT,+0.0,+0.0,4.2,+0.00,0.00,SLOW,4414.34,4414.34,4414.34,4414.34,0.00,0.00,0.0,BULLISH,0.0,4414.34,4414.34,4414.34,4414.34,15,ACTIVE_15s,1.0,0.0,0.0,0.0,0.0,0.0,0.0,PASS_<20%,0.00,0.0,NO,STANDBY_VEL_LOW,0,0.00,4590.00,78.36,FALSE,M1_DIRECTION_MISMATCH|OPENING_SHIELD_ACTIVE_15s
2026-09-07 16:08:15.577,1788797295.577,11449,32,390,4414.34,4414.42,8.0,PASS_<=10c,+0.0,FLAT,+0.0,+0.0,4.2,+0.00,0.00,SLOW,4414.34,4414.34,4414.34,4414.34,0.00,0.00,0.0,BULLISH,0.0,4414.34,4414.34,4414.34,4414.34,15,ACTIVE_15s,1.0,0.0,0.0,0.0,0.0,0.0,0.0,PASS_<20%,0.00,0.0,NO,STANDBY_VEL_LOW,0,0.00,4590.00,78.36,FALSE,M1_DIRECTION_MISMATCH|OPENING_SHIELD_ACTIVE_15s
2026-09-07 16:08:16.077,1788797296.077,11450,33,391,4414.34,4414.42,8.0,PASS_<=10c,+0.0,FLAT,+0.0,+0.0,4.2,+0.00,0.00,SLOW,4414.34,4414.34,4414.34,4414.34,0.00,0.00,0.0,BULLISH,0.0,4414.34,4414.34,4414.34,4414.34,16,ACTIVE_16s,1.0,0.0,0.0,0.0,0.0,0.0,0.0,PASS_<20%,0.00,0.0,NO,STANDBY_VEL_LOW,0,0.00,4590.00,78.36,FALSE,M1_DIRECTION_MISMATCH|OPENING_SHIELD_ACTIVE_16s
2026-09-07 16:08:16.580,1788797296.581,11451,34,392,4414.34,4414.42,8.0,PASS_<=10c,+0.0,FLAT,+0.0,+0.0,4.2,+0.00,0.00,SLOW,4414.34,4414.34,4414.34,4414.34,0.00,0.00,0.0,BULLISH,0.0,4414.34,4414.34,4414.34,4414.34,16,ACTIVE_16s,1.0,0.0,0.0,0.0,0.0,0.0,0.0,PASS_<20%,0.00,0.0,NO,STANDBY_VEL_LOW,0,0.00,4590.00,78.36,FALSE,M1_DIRECTION_MISMATCH|OPENING_SHIELD_ACTIVE_16s
2026-09-07 16:08:17.080,1788797297.080,11452,35,393,4414.34,4414.42,8.0,PASS_<=10c,+0.0,FLAT,+0.0,+0.0,4.2,+0.00,0.00,SLOW,4414.34,4414.34,4414.34,4414.34,0.00,0.00,0.0,BULLISH,0.0,4414.34,4414.34,4414.34,4414.34,17,ACTIVE_17s,1.0,0.0,0.0,0.0,0.0,0.0,0.0,PASS_<20%,0.00,0.0,NO,STANDBY_VEL_LOW,0,0.00,4590.00,78.36,FALSE,M1_DIRECTION_MISMATCH|OPENING_SHIELD_ACTIVE_17s
2026-09-07 16:08:17.581,1788797297.581,11453,36,394,4414.34,4414.42,8.0,PASS_<=10c,+0.0,FLAT,+0.0,+0.0,4.2,+0.00,0.00,SLOW,4414.34,4414.34,4414.34,4414.34,0.00,0.00,0.0,BULLISH,0.0,4414.34,4414.34,4414.34,4414.34,17,ACTIVE_17s,1.0,0.0,0.0,0.0,0.0,0.0,0.0,PASS_<20%,0.00,0.0,NO,STANDBY_VEL_LOW,0,0.00,4590.00,78.36,FALSE,M1_DIRECTION_MISMATCH|OPENING_SHIELD_ACTIVE_17s
2026-09-07 16:08:18.082,1788797298.082,11454,37,395,4414.34,4414.42,8.0,PASS_<=10c,+0.0,FLAT,+0.0,+0.0,4.2,+0.00,0.00,SLOW,4414.34,4414.34,4414.34,4414.34,0.00,0.00,0.0,BULLISH,0.0,4414.34,4414.34,4414.34,4414.34,18,ACTIVE_18s,1.0,0.0,0.0,0.0,0.0,0.0,0.0,PASS_<20%,0.00,0.0,NO,STANDBY_VEL_LOW,0,0.00,4590.00,78.36,FALSE,M1_DIRECTION_MISMATCH|OPENING_SHIELD_ACTIVE_18s
2026-09-07 16:08:18.584,1788797298.584,11455,38,396,4414.34,4414.42,8.0,PASS_<=10c,+0.0,FLAT,+0.0,+0.0,4.2,+0.00,0.00,SLOW,4414.34,4414.34,4414.34,4414.34,0.00,0.00,0.0,BULLISH,0.0,4414.34,4414.34,4414.34,4414.34,18,ACTIVE_18s,1.0,0.0,0.0,0.0,0.0,0.0,0.0,PASS_<20%,0.00,0.0,NO,STANDBY_VEL_LOW,0,0.00,4590.00,78.36,FALSE,M1_DIRECTION_MISMATCH|OPENING_SHIELD_ACTIVE_18s
2026-09-07 16:08:19.086,1788797299.086,11456,39,397,4414.34,4414.42,8.0,PASS_<=10c,+0.0,FLAT,+0.0,+0.0,4.2,+0.00,0.00,SLOW,4414.34,4414.34,4414.34,4414.34,0.00,0.00,0.0,BULLISH,0.0,4414.34,4414.34,4414.34,4414.34,19,ACTIVE_19s,1.0,0.0,0.0,0.0,0.0,0.0,0.0,PASS_<20%,0.00,0.0,NO,STANDBY_VEL_LOW,0,0.00,4590.00,78.36,FALSE,M1_DIRECTION_MISMATCH|OPENING_SHIELD_ACTIVE_19s
2026-09-07 16:08:19.588,1788797299.588,11457,40,398,4414.34,4414.42,8.0,PASS_<=10c,+0.0,FLAT,+0.0,+0.0,4.2,+0.00,0.00,SLOW,4414.34,4414.34,4414.34,4414.34,0.00,0.00,0.0,BULLISH,0.0,4414.34,4414.34,4414.34,4414.34,19,ACTIVE_19s,1.0,0.0,0.0,0.0,0.0,0.0,0.0,PASS_<20%,0.00,0.0,NO,STANDBY_VEL_LOW,0,0.00,4590.00,78.36,FALSE,M1_DIRECTION_MISMATCH|OPENING_SHIELD_ACTIVE_19s
2026-09-07 16:08:20.089,1788797300.090,11458,41,399,4414.34,4414.42,8.0,PASS_<=10c,+0.0,FLAT,+0.0,+0.0,4.2,+0.00,0.00,SLOW,4414.34,4414.34,4414.34,4414.34,0.00,0.00,0.0,BULLISH,0.0,4414.34,4414.34,4414.34,4414.34,20,CLEARED_>=20s,1.0,0.0,0.0,0.0,0.0,0.0,0.0,PASS_<20%,0.00,0.0,NO,STANDBY_VEL_LOW,0,0.00,4590.00,78.36,FALSE,M1_DIRECTION_MISMATCH
2026-09-07 16:08:20.590,1788797300.591,11459,42,400,4414.34,4414.42,8.0,PASS_<=10c,+0.0,FLAT,+0.0,+0.0,4.2,+0.00,0.00,SLOW,4414.34,4414.34,4414.34,4414.34,0.00,0.00,0.0,BULLISH,0.0,4414.34,4414.34,4414.34,4414.34,20,CLEARED_>=20s,1.0,0.0,0.0,0.0,0.0,0.0,0.0,PASS_<20%,0.00,0.0,NO,STANDBY_VEL_LOW,0,0.00,4590.00,78.36,FALSE,M1_DIRECTION_MISMATCH
2026-09-07 16:08:21.092,1788797301.093,11460,43,401,4414.34,4414.42,8.0,PASS_<=10c,+0.0,FLAT,+0.0,+0.0,4.2,+0.00,0.00,SLOW,4414.34,4414.34,4414.34,4414.34,0.00,0.00,0.0,BULLISH,0.0,4414.34,4414.34,4414.34,4414.34,21,CLEARED_>=20s,1.0,0.0,0.0,0.0,0.0,0.0,0.0,PASS_<20%,0.00,0.0,NO,STANDBY_VEL_LOW,0,0.00,4590.00,78.36,FALSE,M1_DIRECTION_MISMATCH
2026-09-07 16:08:21.595,1788797301.595,11461,44,402,4414.34,4414.42,8.0,PASS_<=10c,+0.0,FLAT,+0.0,+0.0,4.2,+0.00,0.00,SLOW,4414.34,4414.34,4414.34,4414.34,0.00,0.00,0.0,BULLISH,0.0,4414.34,4414.34,4414.34,4414.34,21,CLEARED_>=20s,1.0,0.0,0.0,0.0,0.0,0.0,0.0,PASS_<20%,0.00,0.0,NO,STANDBY_VEL_LOW,0,0.00,4590.00,78.36,FALSE,M1_DIRECTION_MISMATCH
2026-09-07 16:08:22.096,1788797302.097,11462,45,403,4414.34,4414.42,8.0,PASS_<=10c,+0.0,FLAT,+0.0,+0.0,4.2,+0.00,0.00,SLOW,4414.34,4414.34,4414.34,4414.34,0.00,0.00,0.0,BULLISH,0.0,4414.34,4414.34,4414.34,4414.34,22,CLEARED_>=20s,1.0,0.0,0.0,0.0,0.0,0.0,0.0,PASS_<20%,0.00,0.0,NO,STANDBY_VEL_LOW,0,0.00,4590.00,78.36,FALSE,M1_DIRECTION_MISMATCH
2026-09-07 16:08:22.597,1788797302.598,11463,46,404,4414.34,4414.42,8.0,PASS_<=10c,+0.0,FLAT,+0.0,+0.0,4.2,+0.00,0.00,SLOW,4414.34,4414.34,4414.34,4414.34,0.00,0.00,0.0,BULLISH,0.0,4414.34,4414.34,4414.34,4414.34,22,CLEARED_>=20s,1.0,0.0,0.0,0.0,0.0,0.0,0.0,PASS_<20%,0.00,0.0,NO,STANDBY_VEL_LOW,0,0.00,4590.00,78.36,FALSE,M1_DIRECTION_MISMATCH
2026-09-07 16:08:23.099,1788797303.100,11464,47,405,4414.34,4414.42,8.0,PASS_<=10c,+0.0,FLAT,+0.0,+0.0,4.2,+0.00,0.00,SLOW,4414.34,4414.34,4414.34,4414.34,0.00,0.00,0.0,BULLISH,0.0,4414.34,4414.34,4414.34,4414.34,23,CLEARED_>=20s,1.0,0.0,0.0,0.0,0.0,0.0,0.0,PASS_<20%,0.00,0.0,NO,STANDBY_VEL_LOW,0,0.00,4590.00,78.36,FALSE,M1_DIRECTION_MISMATCH
2026-09-07 16:08:23.601,1788797303.602,11465,48,406,4414.34,4414.42,8.0,PASS_<=10c,+0.0,FLAT,+0.0,+0.0,4.2,+0.00,0.00,SLOW,4414.34,4414.34,4414.34,4414.34,0.00,0.00,0.0,BULLISH,0.0,4414.34,4414.34,4414.34,4414.34,23,CLEARED_>=20s,1.0,0.0,0.0,0.0,0.0,0.0,0.0,PASS_<20%,0.00,0.0,NO,STANDBY_VEL_LOW,0,0.00,4590.00,78.36,FALSE,M1_DIRECTION_MISMATCH
2026-09-07 16:08:24.102,1788797304.103,11466,49,407,4414.34,4414.42,8.0,PASS_<=10c,+0.0,FLAT,+0.0,+0.0,4.2,+0.00,0.00,SLOW,4414.34,4414.34,4414.34,4414.34,0.00,0.00,0.0,BULLISH,0.0,4414.34,4414.34,4414.34,4414.34,24,CLEARED_>=20s,1.0,0.0,0.0,0.0,0.0,0.0,0.0,PASS_<20%,0.00,0.0,NO,STANDBY_VEL_LOW,0,0.00,4590.00,78.36,FALSE,M1_DIRECTION_MISMATCH
2026-09-07 16:08:24.603,1788797304.603,11467,50,408,4414.34,4414.42,8.0,PASS_<=10c,+0.0,FLAT,+0.0,+0.0,4.2,+0.00,0.00,SLOW,4414.34,4414.34,4414.34,4414.34,0.00,0.00,0.0,BULLISH,0.0,4414.34,4414.34,4414.34,4414.34,24,CLEARED_>=20s,1.0,0.0,0.0,0.0,0.0,0.0,0.0,PASS_<20%,0.00,0.0,NO,STANDBY_VEL_LOW,0,0.00,4590.00,78.36,FALSE,M1_DIRECTION_MISMATCH
2026-09-07 16:08:25.104,1788797305.105,11468,51,409,4414.34,4414.42,8.0,PASS_<=10c,+0.0,FLAT,+0.0,+0.0,4.2,+0.00,0.00,SLOW,4414.34,4414.34,4414.34,4414.34,0.00,0.00,0.0,BULLISH,0.0,4414.34,4414.34,4414.34,4414.34,25,CLEARED_>=20s,1.0,0.0,0.0,0.0,0.0,0.0,0.0,PASS_<20%,0.00,0.0,NO,STANDBY_VEL_LOW,0,0.00,4590.00,78.36,FALSE,M1_DIRECTION_MISMATCH
2026-09-07 16:08:25.605,1788797305.605,11469,52,410,4414.34,4414.42,8.0,PASS_<=10c,+0.0,FLAT,+0.0,+0.0,4.2,+0.00,0.00,SLOW,4414.34,4414.34,4414.34,4414.34,0.00,0.00,0.0,BULLISH,0.0,4414.34,4414.34,4414.34,4414.34,25,CLEARED_>=20s,1.0,0.0,0.0,0.0,0.0,0.0,0.0,PASS_<20%,0.00,0.0,NO,STANDBY_VEL_LOW,0,0.00,4590.00,78.36,FALSE,M1_DIRECTION_MISMATCH
2026-09-07 16:08:26.106,1788797306.107,11470,53,411,4414.34,4414.42,8.0,PASS_<=10c,+0.0,FLAT,+0.0,+0.0,4.2,+0.00,0.00,SLOW,4414.34,4414.34,4414.34,4414.34,0.00,0.00,0.0,BULLISH,0.0,4414.34,4414.34,4414.34,4414.34,26,CLEARED_>=20s,1.0,0.0,0.0,0.0,0.0,0.0,0.0,PASS_<20%,0.00,0.0,NO,STANDBY_VEL_LOW,0,0.00,4590.00,78.36,FALSE,M1_DIRECTION_MISMATCH
2026-09-07 16:08:26.608,1788797306.608,11471,54,412,4414.34,4414.42,8.0,PASS_<=10c,+0.0,FLAT,+0.0,+0.0,4.2,+0.00,0.00,SLOW,4414.34,4414.34,4414.34,4414.34,0.00,0.00,0.0,BULLISH,0.0,4414.34,4414.34,4414.34,4414.34,26,CLEARED_>=20s,1.0,0.0,0.0,0.0,0.0,0.0,0.0,PASS_<20%,0.00,0.0,NO,STANDBY_VEL_LOW,0,0.00,4590.00,78.36,FALSE,M1_DIRECTION_MISMATCH
2026-09-07 16:08:27.108,1788797307.109,11472,55,413,4414.34,4414.42,8.0,PASS_<=10c,+0.0,FLAT,+0.0,+0.0,4.2,+0.00,0.00,SLOW,4414.34,4414.34,4414.34,4414.34,0.00,0.00,0.0,BULLISH,0.0,4414.34,4414.34,4414.34,4414.34,27,CLEARED_>=20s,1.0,0.0,0.0,0.0,0.0,0.0,0.0,PASS_<20%,0.00,0.0,NO,STANDBY_VEL_LOW,0,0.00,4590.00,78.36,FALSE,M1_DIRECTION_MISMATCH
2026-09-07 16:08:27.610,1788797307.611,11473,56,414,4414.34,4414.42,8.0,PASS_<=10c,+0.0,FLAT,+0.0,+0.0,4.2,+0.00,0.00,SLOW,4414.34,4414.34,4414.34,4414.34,0.00,0.00,0.0,BULLISH,0.0,4414.34,4414.34,4414.34,4414.34,27,CLEARED_>=20s,1.0,0.0,0.0,0.0,0.0,0.0,0.0,PASS_<20%,0.00,0.0,NO,STANDBY_VEL_LOW,0,0.00,4590.00,78.36,FALSE,M1_DIRECTION_MISMATCH
2026-09-07 16:08:28.111,1788797308.112,11474,57,415,4414.34,4414.42,8.0,PASS_<=10c,+0.0,FLAT,+0.0,+0.0,4.2,+0.00,0.00,SLOW,4414.34,4414.34,4414.34,4414.34,0.00,0.00,0.0,BULLISH,0.0,4414.34,4414.34,4414.34,4414.34,28,CLEARED_>=20s,1.0,0.0,0.0,0.0,0.0,0.0,0.0,PASS_<20%,0.00,0.0,NO,STANDBY_VEL_LOW,0,0.00,4590.00,78.36,FALSE,M1_DIRECTION_MISMATCH
2026-09-07 16:08:28.612,1788797308.613,11475,58,416,4414.34,4414.42,8.0,PASS_<=10c,+0.0,FLAT,+0.0,+0.0,4.2,+0.00,0.00,SLOW,4414.34,4414.34,4414.34,4414.34,0.00,0.00,0.0,BULLISH,0.0,4414.34,4414.34,4414.34,4414.34,28,CLEARED_>=20s,1.0,0.0,0.0,0.0,0.0,0.0,0.0,PASS_<20%,0.00,0.0,NO,STANDBY_VEL_LOW,0,0.00,4590.00,78.36,FALSE,M1_DIRECTION_MISMATCH
2026-09-07 16:08:29.115,1788797309.115,11476,59,417,4414.34,4414.42,8.0,PASS_<=10c,+0.0,FLAT,+0.0,+0.0,4.2,+0.00,0.00,SLOW,4414.34,4414.34,4414.34,4414.34,0.00,0.00,0.0,BULLISH,0.0,4414.34,4414.34,4414.34,4414.34,29,CLEARED_>=20s,1.0,0.0,0.0,0.0,0.0,0.0,0.0,PASS_<20%,0.00,0.0,NO,STANDBY_VEL_LOW,0,0.00,4590.00,78.36,FALSE,M1_DIRECTION_MISMATCH
2026-09-07 16:08:29.616,1788797309.617,11477,60,418,4414.34,4414.42,8.0,PASS_<=10c,+0.0,FLAT,+0.0,+0.0,4.2,+0.00,0.00,SLOW,4414.34,4414.34,4414.34,4414.34,0.00,0.00,0.0,BULLISH,0.0,4414.34,4414.34,4414.34,4414.34,29,CLEARED_>=20s,1.0,0.0,0.0,0.0,0.0,0.0,0.0,PASS_<20%,0.00,0.0,NO,STANDBY_VEL_LOW,0,0.00,4590.00,78.36,FALSE,M1_DIRECTION_MISMATCH
2026-09-07 16:08:30.118,1788797310.119,11478,61,419,4414.34,4414.42,8.0,PASS_<=10c,+0.0,FLAT,+0.0,+0.0,4.2,+0.00,0.00,SLOW,4414.34,4414.34,4414.34,4414.34,0.00,0.00,0.0,BULLISH,0.0,4414.34,4414.34,4414.34,4414.34,30,CLEARED_>=20s,1.0,0.0,0.0,0.0,0.0,0.0,0.0,PASS_<20%,0.00,0.0,NO,STANDBY_VEL_LOW,0,0.00,4590.00,78.36,FALSE,M1_DIRECTION_MISMATCH
2026-09-07 16:08:30.619,1788797310.620,11479,62,420,4414.34,4414.42,8.0,PASS_<=10c,+0.0,FLAT,+0.0,+0.0,4.2,+0.00,0.00,SLOW,4414.34,4414.34,4414.34,4414.34,0.00,0.00,0.0,BULLISH,0.0,4414.34,4414.34,4414.34,4414.34,30,CLEARED_>=20s,1.0,0.0,0.0,0.0,0.0,0.0,0.0,PASS_<20%,0.00,0.0,NO,STANDBY_VEL_LOW,0,0.00,4590.00,78.36,FALSE,M1_DIRECTION_MISMATCH
2026-09-07 16:08:31.120,1788797311.121,11480,63,421,4414.34,4414.42,8.0,PASS_<=10c,+0.0,FLAT,+0.0,+0.0,4.2,+0.00,0.00,SLOW,4414.34,4414.34,4414.34,4414.34,0.00,0.00,0.0,BULLISH,0.0,4414.34,4414.34,4414.34,4414.34,31,CLEARED_>=20s,1.0,0.0,0.0,0.0,0.0,0.0,0.0,PASS_<20%,0.00,0.0,NO,STANDBY_VEL_LOW,0,0.00,4590.00,78.36,FALSE,M1_DIRECTION_MISMATCH
2026-09-07 16:08:31.621,1788797311.622,11481,64,422,4414.34,4414.42,8.0,PASS_<=10c,+0.0,FLAT,+0.0,+0.0,4.2,+0.00,0.00,SLOW,4414.34,4414.34,4414.34,4414.34,0.00,0.00,0.0,BULLISH,0.0,4414.34,4414.34,4414.34,4414.34,31,CLEARED_>=20s,1.0,0.0,0.0,0.0,0.0,0.0,0.0,PASS_<20%,0.00,0.0,NO,STANDBY_VEL_LOW,0,0.00,4590.00,78.36,FALSE,M1_DIRECTION_MISMATCH
2026-09-07 16:08:32.123,1788797312.123,11482,65,423,4414.34,4414.42,8.0,PASS_<=10c,+0.0,FLAT,+0.0,+0.0,4.2,+0.00,0.00,SLOW,4414.34,4414.34,4414.34,4414.34,0.00,0.00,0.0,BULLISH,0.0,4414.34,4414.34,4414.34,4414.34,32,CLEARED_>=20s,1.0,0.0,0.0,0.0,0.0,0.0,0.0,PASS_<20%,0.00,0.0,NO,STANDBY_VEL_LOW,0,0.00,4590.00,78.36,FALSE,M1_DIRECTION_MISMATCH
2026-09-07 16:08:32.624,1788797312.625,11483,66,424,4414.34,4414.42,8.0,PASS_<=10c,+0.0,FLAT,+0.0,+0.0,4.2,+0.00,0.00,SLOW,4414.34,4414.34,4414.34,4414.34,0.00,0.00,0.0,BULLISH,0.0,4414.34,4414.34,4414.34,4414.34,32,CLEARED_>=20s,1.0,0.0,0.0,0.0,0.0,0.0,0.0,PASS_<20%,0.00,0.0,NO,STANDBY_VEL_LOW,0,0.00,4590.00,78.36,FALSE,M1_DIRECTION_MISMATCH
2026-09-07 16:08:33.126,1788797313.127,11484,67,425,4414.34,4414.42,8.0,PASS_<=10c,+0.0,FLAT,+0.0,+0.0,4.2,+0.00,0.00,SLOW,4414.34,4414.34,4414.34,4414.34,0.00,0.00,0.0,BULLISH,0.0,4414.34,4414.34,4414.34,4414.34,33,CLEARED_>=20s,1.0,0.0,0.0,0.0,0.0,0.0,0.0,PASS_<20%,0.00,0.0,NO,STANDBY_VEL_LOW,0,0.00,4590.00,78.36,FALSE,M1_DIRECTION_MISMATCH
2026-09-07 16:08:33.628,1788797313.628,11485,68,426,4414.34,4414.42,8.0,PASS_<=10c,+0.0,FLAT,+0.0,+0.0,4.2,+0.00,0.00,SLOW,4414.34,4414.34,4414.34,4414.34,0.00,0.00,0.0,BULLISH,0.0,4414.34,4414.34,4414.34,4414.34,33,CLEARED_>=20s,1.0,0.0,0.0,0.0,0.0,0.0,0.0,PASS_<20%,0.00,0.0,NO,STANDBY_VEL_LOW,0,0.00,4590.00,78.36,FALSE,M1_DIRECTION_MISMATCH
2026-09-07 16:08:34.128,1788797314.129,11486,69,427,4414.34,4414.42,8.0,PASS_<=10c,+0.0,FLAT,+0.0,+0.0,4.2,+0.00,0.00,SLOW,4414.34,4414.34,4414.34,4414.34,0.00,0.00,0.0,BULLISH,0.0,4414.34,4414.34,4414.34,4414.34,34,CLEARED_>=20s,1.0,0.0,0.0,0.0,0.0,0.0,0.0,PASS_<20%,0.00,0.0,NO,STANDBY_VEL_LOW,0,0.00,4590.00,78.36,FALSE,M1_DIRECTION_MISMATCH
2026-09-07 16:08:34.630,1788797314.631,11487,70,428,4414.34,4414.42,8.0,PASS_<=10c,+0.0,FLAT,+0.0,+0.0,4.2,+0.00,0.00,SLOW,4414.34,4414.34,4414.34,4414.34,0.00,0.00,0.0,BULLISH,0.0,4414.34,4414.34,4414.34,4414.34,34,CLEARED_>=20s,1.0,0.0,0.0,0.0,0.0,0.0,0.0,PASS_<20%,0.00,0.0,NO,STANDBY_VEL_LOW,0,0.00,4590.00,78.36,FALSE,M1_DIRECTION_MISMATCH
2026-09-07 16:08:35.131,1788797315.132,11488,71,429,4414.34,4414.42,8.0,PASS_<=10c,+0.0,FLAT,+0.0,+0.0,4.2,+0.00,0.00,SLOW,4414.34,4414.34,4414.34,4414.34,0.00,0.00,0.0,BULLISH,0.0,4414.34,4414.34,4414.34,4414.34,35,CLEARED_>=20s,1.0,0.0,0.0,0.0,0.0,0.0,0.0,PASS_<20%,0.00,0.0,NO,STANDBY_VEL_LOW,0,0.00,4590.00,78.36,FALSE,M1_DIRECTION_MISMATCH
2026-09-07 16:08:35.634,1788797315.634,11489,72,430,4414.34,4414.42,8.0,PASS_<=10c,+0.0,FLAT,+0.0,+0.0,4.2,+0.00,0.00,SLOW,4414.34,4414.34,4414.34,4414.34,0.00,0.00,0.0,BULLISH,0.0,4414.34,4414.34,4414.34,4414.34,35,CLEARED_>=20s,1.0,0.0,0.0,0.0,0.0,0.0,0.0,PASS_<20%,0.00,0.0,NO,STANDBY_VEL_LOW,0,0.00,4590.00,78.36,FALSE,M1_DIRECTION_MISMATCH
2026-09-07 16:08:36.136,1788797316.136,11490,73,431,4414.34,4414.42,8.0,PASS_<=10c,+0.0,FLAT,+0.0,+0.0,4.2,+0.00,0.00,SLOW,4414.34,4414.34,4414.34,4414.34,0.00,0.00,0.0,BULLISH,0.0,4414.34,4414.34,4414.34,4414.34,36,CLEARED_>=20s,1.0,0.0,0.0,0.0,0.0,0.0,0.0,PASS_<20%,0.00,0.0,NO,STANDBY_VEL_LOW,0,0.00,4590.00,78.36,FALSE,M1_DIRECTION_MISMATCH
2026-09-07 16:08:36.638,1788797316.638,11491,74,432,4414.34,4414.42,8.0,PASS_<=10c,+0.0,FLAT,+0.0,+0.0,4.2,+0.00,0.00,SLOW,4414.34,4414.34,4414.34,4414.34,0.00,0.00,0.0,BULLISH,0.0,4414.34,4414.34,4414.34,4414.34,36,CLEARED_>=20s,1.0,0.0,0.0,0.0,0.0,0.0,0.0,PASS_<20%,0.00,0.0,NO,STANDBY_VEL_LOW,0,0.00,4590.00,78.36,FALSE,M1_DIRECTION_MISMATCH
2026-09-07 16:08:37.140,1788797317.140,11492,75,433,4414.34,4414.42,8.0,PASS_<=10c,+0.0,FLAT,+0.0,+0.0,4.2,+0.00,0.00,SLOW,4414.34,4414.34,4414.34,4414.34,0.00,0.00,0.0,BULLISH,0.0,4414.34,4414.34,4414.34,4414.34,37,CLEARED_>=20s,1.0,0.0,0.0,0.0,0.0,0.0,0.0,PASS_<20%,0.00,0.0,NO,STANDBY_VEL_LOW,0,0.00,4590.00,78.36,FALSE,M1_DIRECTION_MISMATCH
2026-09-07 16:08:37.641,1788797317.642,11493,76,434,4414.34,4414.42,8.0,PASS_<=10c,+0.0,FLAT,+0.0,+0.0,4.2,+0.00,0.00,SLOW,4414.34,4414.34,4414.34,4414.34,0.00,0.00,0.0,BULLISH,0.0,4414.34,4414.34,4414.34,4414.34,37,CLEARED_>=20s,1.0,0.0,0.0,0.0,0.0,0.0,0.0,PASS_<20%,0.00,0.0,NO,STANDBY_VEL_LOW,0,0.00,4590.00,78.36,FALSE,M1_DIRECTION_MISMATCH
2026-09-07 16:08:38.143,1788797318.144,11494,77,435,4414.34,4414.42,8.0,PASS_<=10c,+0.0,FLAT,+0.0,+0.0,4.2,+0.00,0.00,SLOW,4414.34,4414.34,4414.34,4414.34,0.00,0.00,0.0,BULLISH,0.0,4414.34,4414.34,4414.34,4414.34,38,CLEARED_>=20s,1.0,0.0,0.0,0.0,0.0,0.0,0.0,PASS_<20%,0.00,0.0,NO,STANDBY_VEL_LOW,0,0.00,4590.00,78.36,FALSE,M1_DIRECTION_MISMATCH
2026-09-07 16:08:38.645,1788797318.645,11495,78,436,4414.34,4414.42,8.0,PASS_<=10c,+0.0,FLAT,+0.0,+0.0,4.2,+0.00,0.00,SLOW,4414.34,4414.34,4414.34,4414.34,0.00,0.00,0.0,BULLISH,0.0,4414.34,4414.34,4414.34,4414.34,38,CLEARED_>=20s,1.0,0.0,0.0,0.0,0.0,0.0,0.0,PASS_<20%,0.00,0.0,NO,STANDBY_VEL_LOW,0,0.00,4590.00,78.36,FALSE,M1_DIRECTION_MISMATCH
2026-09-07 16:08:39.147,1788797319.148,11496,79,437,4414.34,4414.42,8.0,PASS_<=10c,+0.0,FLAT,+0.0,+0.0,4.2,+0.00,0.00,SLOW,4414.34,4414.34,4414.34,4414.34,0.00,0.00,0.0,BULLISH,0.0,4414.34,4414.34,4414.34,4414.34,39,CLEARED_>=20s,1.0,0.0,0.0,0.0,0.0,0.0,0.0,PASS_<20%,0.00,0.0,NO,STANDBY_VEL_LOW,0,0.00,4590.00,78.36,FALSE,M1_DIRECTION_MISMATCH
2026-09-07 16:08:39.649,1788797319.650,11497,80,438,4414.34,4414.42,8.0,PASS_<=10c,+0.0,FLAT,+0.0,+0.0,4.2,+0.00,0.00,SLOW,4414.34,4414.34,4414.34,4414.34,0.00,0.00,0.0,BULLISH,0.0,4414.34,4414.34,4414.34,4414.34,39,CLEARED_>=20s,1.0,0.0,0.0,0.0,0.0,0.0,0.0,PASS_<20%,0.00,0.0,NO,STANDBY_VEL_LOW,0,0.00,4590.00,78.36,FALSE,M1_DIRECTION_MISMATCH
2026-09-07 16:08:40.151,1788797320.152,11498,81,439,4414.34,4414.42,8.0,PASS_<=10c,+0.0,FLAT,+0.0,+0.0,4.2,+0.00,0.00,SLOW,4414.34,4414.34,4414.34,4414.34,0.00,0.00,0.0,BULLISH,0.0,4414.34,4414.34,4414.34,4414.34,40,CLEARED_>=20s,1.0,0.0,0.0,0.0,0.0,0.0,0.0,PASS_<20%,0.00,0.0,NO,STANDBY_VEL_LOW,0,0.00,4590.00,78.36,FALSE,M1_DIRECTION_MISMATCH
2026-09-07 16:08:40.652,1788797320.653,11499,82,440,4414.34,4414.42,8.0,PASS_<=10c,+0.0,FLAT,+0.0,+0.0,4.2,+0.00,0.00,SLOW,4414.34,4414.34,4414.34,4414.34,0.00,0.00,0.0,BULLISH,0.0,4414.34,4414.34,4414.34,4414.34,40,CLEARED_>=20s,1.0,0.0,0.0,0.0,0.0,0.0,0.0,PASS_<20%,0.00,0.0,NO,STANDBY_VEL_LOW,0,0.00,4590.00,78.36,FALSE,M1_DIRECTION_MISMATCH
2026-09-07 16:08:41.154,1788797321.155,11500,83,441,4414.34,4414.42,8.0,PASS_<=10c,+0.0,FLAT,+0.0,+0.0,4.2,+0.00,0.00,SLOW,4414.34,4414.34,4414.34,4414.34,0.00,0.00,0.0,BULLISH,0.0,4414.34,4414.34,4414.34,4414.34,41,CLEARED_>=20s,1.0,0.0,0.0,0.0,0.0,0.0,0.0,PASS_<20%,0.00,0.0,NO,STANDBY_VEL_LOW,0,0.00,4590.00,78.36,FALSE,M1_DIRECTION_MISMATCH
2026-09-07 16:08:41.657,1788797321.657,11501,84,442,4414.34,4414.42,8.0,PASS_<=10c,+0.0,FLAT,+0.0,+0.0,4.2,+0.00,0.00,SLOW,4414.34,4414.34,4414.34,4414.34,0.00,0.00,0.0,BULLISH,0.0,4414.34,4414.34,4414.34,4414.34,41,CLEARED_>=20s,1.0,0.0,0.0,0.0,0.0,0.0,0.0,PASS_<20%,0.00,0.0,NO,STANDBY_VEL_LOW,0,0.00,4590.00,78.36,FALSE,M1_DIRECTION_MISMATCH
2026-09-07 16:08:42.159,1788797322.159,11502,85,443,4414.34,4414.42,8.0,PASS_<=10c,+0.0,FLAT,+0.0,+0.0,4.2,+0.00,0.00,SLOW,4414.34,4414.34,4414.34,4414.34,0.00,0.00,0.0,BULLISH,0.0,4414.34,4414.34,4414.34,4414.34,42,CLEARED_>=20s,1.0,0.0,0.0,0.0,0.0,0.0,0.0,PASS_<20%,0.00,0.0,NO,STANDBY_VEL_LOW,0,0.00,4590.00,78.36,FALSE,M1_DIRECTION_MISMATCH
2026-09-07 16:08:42.660,1788797322.660,11503,86,444,4414.34,4414.42,8.0,PASS_<=10c,+0.0,FLAT,+0.0,+0.0,4.2,+0.00,0.00,SLOW,4414.34,4414.34,4414.34,4414.34,0.00,0.00,0.0,BULLISH,0.0,4414.34,4414.34,4414.34,4414.34,42,CLEARED_>=20s,1.0,0.0,0.0,0.0,0.0,0.0,0.0,PASS_<20%,0.00,0.0,NO,STANDBY_VEL_LOW,0,0.00,4590.00,78.36,FALSE,M1_DIRECTION_MISMATCH
2026-09-07 16:08:43.162,1788797323.163,11504,87,445,4414.34,4414.42,8.0,PASS_<=10c,+0.0,FLAT,+0.0,+0.0,4.2,+0.00,0.00,SLOW,4414.34,4414.34,4414.34,4414.34,0.00,0.00,0.0,BULLISH,0.0,4414.34,4414.34,4414.34,4414.34,43,CLEARED_>=20s,1.0,0.0,0.0,0.0,0.0,0.0,0.0,PASS_<20%,0.00,0.0,NO,STANDBY_VEL_LOW,0,0.00,4590.00,78.36,FALSE,M1_DIRECTION_MISMATCH
2026-09-07 16:08:43.664,1788797323.664,11505,88,446,4414.34,4414.42,8.0,PASS_<=10c,+0.0,FLAT,+0.0,+0.0,4.2,+0.00,0.00,SLOW,4414.34,4414.34,4414.34,4414.34,0.00,0.00,0.0,BULLISH,0.0,4414.34,4414.34,4414.34,4414.34,43,CLEARED_>=20s,1.0,0.0,0.0,0.0,0.0,0.0,0.0,PASS_<20%,0.00,0.0,NO,STANDBY_VEL_LOW,0,0.00,4590.00,78.36,FALSE,M1_DIRECTION_MISMATCH
2026-09-07 16:08:44.166,1788797324.167,11506,89,447,4414.34,4414.42,8.0,PASS_<=10c,+0.0,FLAT,+0.0,+0.0,4.2,+0.00,0.00,SLOW,4414.34,4414.34,4414.34,4414.34,0.00,0.00,0.0,BULLISH,0.0,4414.34,4414.34,4414.34,4414.34,44,CLEARED_>=20s,1.0,0.0,0.0,0.0,0.0,0.0,0.0,PASS_<20%,0.00,0.0,NO,STANDBY_VEL_LOW,0,0.00,4590.00,78.36,FALSE,M1_DIRECTION_MISMATCH
2026-09-07 16:08:44.669,1788797324.669,11507,90,448,4414.34,4414.42,8.0,PASS_<=10c,+0.0,FLAT,+0.0,+0.0,4.2,+0.00,0.00,SLOW,4414.34,4414.34,4414.34,4414.34,0.00,0.00,0.0,BULLISH,0.0,4414.34,4414.34,4414.34,4414.34,44,CLEARED_>=20s,1.0,0.0,0.0,0.0,0.0,0.0,0.0,PASS_<20%,0.00,0.0,NO,STANDBY_VEL_LOW,0,0.00,4590.00,78.36,FALSE,M1_DIRECTION_MISMATCH
2026-09-07 16:08:45.170,1788797325.170,11508,91,449,4414.34,4414.42,8.0,PASS_<=10c,+0.0,FLAT,+0.0,+0.0,4.2,+0.00,0.00,SLOW,4414.34,4414.34,4414.34,4414.34,0.00,0.00,0.0,BULLISH,0.0,4414.34,4414.34,4414.34,4414.34,45,CLEARED_>=20s,1.0,0.0,0.0,0.0,0.0,0.0,0.0,PASS_<20%,0.00,0.0,NO,STANDBY_VEL_LOW,0,0.00,4590.00,78.36,FALSE,M1_DIRECTION_MISMATCH
2026-09-07 16:08:45.671,1788797325.671,11509,92,450,4414.34,4414.42,8.0,PASS_<=10c,+0.0,FLAT,+0.0,+0.0,4.2,+0.00,0.00,SLOW,4414.34,4414.34,4414.34,4414.34,0.00,0.00,0.0,BULLISH,0.0,4414.34,4414.34,4414.34,4414.34,45,CLEARED_>=20s,1.0,0.0,0.0,0.0,0.0,0.0,0.0,PASS_<20%,0.00,0.0,NO,STANDBY_VEL_LOW,0,0.00,4590.00,78.36,FALSE,M1_DIRECTION_MISMATCH
2026-09-07 16:08:46.172,1788797326.173,11510,93,451,4414.34,4414.42,8.0,PASS_<=10c,+0.0,FLAT,+0.0,+0.0,4.2,+0.00,0.00,SLOW,4414.34,4414.34,4414.34,4414.34,0.00,0.00,0.0,BULLISH,0.0,4414.34,4414.34,4414.34,4414.34,46,CLEARED_>=20s,1.0,0.0,0.0,0.0,0.0,0.0,0.0,PASS_<20%,0.00,0.0,NO,STANDBY_VEL_LOW,0,0.00,4590.00,78.36,FALSE,M1_DIRECTION_MISMATCH
2026-09-07 16:08:46.675,1788797326.676,11511,94,452,4414.34,4414.42,8.0,PASS_<=10c,+0.0,FLAT,+0.0,+0.0,4.2,+0.00,0.00,SLOW,4414.34,4414.34,4414.34,4414.34,0.00,0.00,0.0,BULLISH,0.0,4414.34,4414.34,4414.34,4414.34,46,CLEARED_>=20s,1.0,0.0,0.0,0.0,0.0,0.0,0.0,PASS_<20%,0.00,0.0,NO,STANDBY_VEL_LOW,0,0.00,4590.00,78.36,FALSE,M1_DIRECTION_MISMATCH
2026-09-07 16:08:47.176,1788797327.177,11512,95,453,4414.34,4414.42,8.0,PASS_<=10c,+0.0,FLAT,+0.0,+0.0,4.2,+0.00,0.00,SLOW,4414.34,4414.34,4414.34,4414.34,0.00,0.00,0.0,BULLISH,0.0,4414.34,4414.34,4414.34,4414.34,47,CLEARED_>=20s,1.0,0.0,0.0,0.0,0.0,0.0,0.0,PASS_<20%,0.00,0.0,NO,STANDBY_VEL_LOW,0,0.00,4590.00,78.36,FALSE,M1_DIRECTION_MISMATCH
2026-09-07 16:08:47.677,1788797327.678,11513,96,454,4414.34,4414.42,8.0,PASS_<=10c,+0.0,FLAT,+0.0,+0.0,4.2,+0.00,0.00,SLOW,4414.34,4414.34,4414.34,4414.34,0.00,0.00,0.0,BULLISH,0.0,4414.34,4414.34,4414.34,4414.34,47,CLEARED_>=20s,1.0,0.0,0.0,0.0,0.0,0.0,0.0,PASS_<20%,0.00,0.0,NO,STANDBY_VEL_LOW,0,0.00,4590.00,78.36,FALSE,M1_DIRECTION_MISMATCH
2026-09-07 16:08:48.179,1788797328.180,11514,97,455,4414.34,4414.42,8.0,PASS_<=10c,+0.0,FLAT,+0.0,+0.0,4.2,+0.00,0.00,SLOW,4414.34,4414.34,4414.34,4414.34,0.00,0.00,0.0,BULLISH,0.0,4414.34,4414.34,4414.34,4414.34,48,CLEARED_>=20s,1.0,0.0,0.0,0.0,0.0,0.0,0.0,PASS_<20%,0.00,0.0,NO,STANDBY_VEL_LOW,0,0.00,4590.00,78.36,FALSE,M1_DIRECTION_MISMATCH
2026-09-07 16:08:48.681,1788797328.682,11515,98,456,4414.34,4414.42,8.0,PASS_<=10c,+0.0,FLAT,+0.0,+0.0,4.2,+0.00,0.00,SLOW,4414.34,4414.34,4414.34,4414.34,0.00,0.00,0.0,BULLISH,0.0,4414.34,4414.34,4414.34,4414.34,48,CLEARED_>=20s,1.0,0.0,0.0,0.0,0.0,0.0,0.0,PASS_<20%,0.00,0.0,NO,STANDBY_VEL_LOW,0,0.00,4590.00,78.36,FALSE,M1_DIRECTION_MISMATCH
2026-09-07 16:08:49.184,1788797329.184,11516,99,457,4414.34,4414.42,8.0,PASS_<=10c,+0.0,FLAT,+0.0,+0.0,4.2,+0.00,0.00,SLOW,4414.34,4414.34,4414.34,4414.34,0.00,0.00,0.0,BULLISH,0.0,4414.34,4414.34,4414.34,4414.34,49,CLEARED_>=20s,1.0,0.0,0.0,0.0,0.0,0.0,0.0,PASS_<20%,0.00,0.0,NO,STANDBY_VEL_LOW,0,0.00,4590.00,78.36,FALSE,M1_DIRECTION_MISMATCH
2026-09-07 16:08:49.686,1788797329.687,11517,100,458,4414.34,4414.42,8.0,PASS_<=10c,+0.0,FLAT,+0.0,+0.0,4.2,+0.00,0.00,SLOW,4414.34,4414.34,4414.34,4414.34,0.00,0.00,0.0,BULLISH,0.0,4414.34,4414.34,4414.34,4414.34,49,CLEARED_>=20s,1.0,0.0,0.0,0.0,0.0,0.0,0.0,PASS_<20%,0.00,0.0,NO,STANDBY_VEL_LOW,0,0.00,4590.00,78.36,FALSE,M1_DIRECTION_MISMATCH
2026-09-07 16:08:50.187,1788797330.187,11518,101,459,4414.34,4414.42,8.0,PASS_<=10c,+0.0,FLAT,+0.0,+0.0,4.2,+0.00,0.00,SLOW,4414.34,4414.34,4414.34,4414.34,0.00,0.00,0.0,BULLISH,0.0,4414.34,4414.34,4414.34,4414.34,50,CLEARED_>=20s,1.0,0.0,0.0,0.0,0.0,0.0,0.0,PASS_<20%,0.00,0.0,NO,STANDBY_VEL_LOW,0,0.00,4590.00,78.36,FALSE,M1_DIRECTION_MISMATCH
2026-09-07 16:08:50.689,1788797330.689,11519,102,460,4414.34,4414.42,8.0,PASS_<=10c,+0.0,FLAT,+0.0,+0.0,4.2,+0.00,0.00,SLOW,4414.34,4414.34,4414.34,4414.34,0.00,0.00,0.0,BULLISH,0.0,4414.34,4414.34,4414.34,4414.34,50,CLEARED_>=20s,1.0,0.0,0.0,0.0,0.0,0.0,0.0,PASS_<20%,0.00,0.0,NO,STANDBY_VEL_LOW,0,0.00,4590.00,78.36,FALSE,M1_DIRECTION_MISMATCH
2026-09-07 16:08:51.190,1788797331.191,11520,103,461,4414.34,4414.42,8.0,PASS_<=10c,+0.0,FLAT,+0.0,+0.0,4.2,+0.00,0.00,SLOW,4414.34,4414.34,4414.34,4414.34,0.00,0.00,0.0,BULLISH,0.0,4414.34,4414.34,4414.34,4414.34,51,CLEARED_>=20s,1.0,0.0,0.0,0.0,0.0,0.0,0.0,PASS_<20%,0.00,0.0,NO,STANDBY_VEL_LOW,0,0.00,4590.00,78.36,FALSE,M1_DIRECTION_MISMATCH
2026-09-07 16:08:51.692,1788797331.693,11521,104,462,4414.34,4414.42,8.0,PASS_<=10c,+0.0,FLAT,+0.0,+0.0,4.2,+0.00,0.00,SLOW,4414.34,4414.34,4414.34,4414.34,0.00,0.00,0.0,BULLISH,0.0,4414.34,4414.34,4414.34,4414.34,51,CLEARED_>=20s,1.0,0.0,0.0,0.0,0.0,0.0,0.0,PASS_<20%,0.00,0.0,NO,STANDBY_VEL_LOW,0,0.00,4590.00,78.36,FALSE,M1_DIRECTION_MISMATCH
2026-09-07 16:08:52.192,1788797332.193,11522,105,463,4414.34,4414.42,8.0,PASS_<=10c,+0.0,FLAT,+0.0,+0.0,4.2,+0.00,0.00,SLOW,4414.34,4414.34,4414.34,4414.34,0.00,0.00,0.0,BULLISH,0.0,4414.34,4414.34,4414.34,4414.34,52,CLEARED_>=20s,1.0,0.0,0.0,0.0,0.0,0.0,0.0,PASS_<20%,0.00,0.0,NO,STANDBY_VEL_LOW,0,0.00,4590.00,78.36,FALSE,M1_DIRECTION_MISMATCH
2026-09-07 16:08:52.694,1788797332.694,11523,106,464,4414.34,4414.42,8.0,PASS_<=10c,+0.0,FLAT,+0.0,+0.0,4.2,+0.00,0.00,SLOW,4414.34,4414.34,4414.34,4414.34,0.00,0.00,0.0,BULLISH,0.0,4414.34,4414.34,4414.34,4414.34,52,CLEARED_>=20s,1.0,0.0,0.0,0.0,0.0,0.0,0.0,PASS_<20%,0.00,0.0,NO,STANDBY_VEL_LOW,0,0.00,4590.00,78.36,FALSE,M1_DIRECTION_MISMATCH
2026-09-07 16:08:53.196,1788797333.197,11524,107,465,4414.34,4414.42,8.0,PASS_<=10c,+0.0,FLAT,+0.0,+0.0,4.2,+0.00,0.00,SLOW,4414.34,4414.34,4414.34,4414.34,0.00,0.00,0.0,BULLISH,0.0,4414.34,4414.34,4414.34,4414.34,53,CLEARED_>=20s,1.0,0.0,0.0,0.0,0.0,0.0,0.0,PASS_<20%,0.00,0.0,NO,STANDBY_VEL_LOW,0,0.00,4590.00,78.36,FALSE,M1_DIRECTION_MISMATCH
2026-09-07 16:08:53.696,1788797333.697,11525,108,466,4414.34,4414.42,8.0,PASS_<=10c,+0.0,FLAT,+0.0,+0.0,4.2,+0.00,0.00,SLOW,4414.34,4414.34,4414.34,4414.34,0.00,0.00,0.0,BULLISH,0.0,4414.34,4414.34,4414.34,4414.34,53,CLEARED_>=20s,1.0,0.0,0.0,0.0,0.0,0.0,0.0,PASS_<20%,0.00,0.0,NO,STANDBY_VEL_LOW,0,0.00,4590.00,78.36,FALSE,M1_DIRECTION_MISMATCH
2026-09-07 16:08:54.198,1788797334.199,11526,109,467,4414.34,4414.42,8.0,PASS_<=10c,+0.0,FLAT,+0.0,+0.0,4.2,+0.00,0.00,SLOW,4414.34,4414.34,4414.34,4414.34,0.00,0.00,0.0,BULLISH,0.0,4414.34,4414.34,4414.34,4414.34,54,CLEARED_>=20s,1.0,0.0,0.0,0.0,0.0,0.0,0.0,PASS_<20%,0.00,0.0,NO,STANDBY_VEL_LOW,0,0.00,4590.00,78.36,FALSE,M1_DIRECTION_MISMATCH
2026-09-07 16:08:54.700,1788797334.701,11527,110,468,4414.34,4414.42,8.0,PASS_<=10c,+0.0,FLAT,+0.0,+0.0,4.2,+0.00,0.00,SLOW,4414.34,4414.34,4414.34,4414.34,0.00,0.00,0.0,BULLISH,0.0,4414.34,4414.34,4414.34,4414.34,54,CLEARED_>=20s,1.0,0.0,0.0,0.0,0.0,0.0,0.0,PASS_<20%,0.00,0.0,NO,STANDBY_VEL_LOW,0,0.00,4590.00,78.36,FALSE,M1_DIRECTION_MISMATCH
2026-09-07 16:08:55.202,1788797335.203,11528,111,469,4414.34,4414.42,8.0,PASS_<=10c,+0.0,FLAT,+0.0,+0.0,4.2,+0.00,0.00,SLOW,4414.34,4414.34,4414.34,4414.34,0.00,0.00,0.0,BULLISH,0.0,4414.34,4414.34,4414.34,4414.34,55,CLEARED_>=20s,1.0,0.0,0.0,0.0,0.0,0.0,0.0,PASS_<20%,0.00,0.0,NO,STANDBY_VEL_LOW,0,0.00,4590.00,78.36,FALSE,M1_DIRECTION_MISMATCH
2026-09-07 16:08:55.703,1788797335.704,11529,112,470,4414.34,4414.42,8.0,PASS_<=10c,+0.0,FLAT,+0.0,+0.0,4.2,+0.00,0.00,SLOW,4414.34,4414.34,4414.34,4414.34,0.00,0.00,0.0,BULLISH,0.0,4414.34,4414.34,4414.34,4414.34,55,CLEARED_>=20s,1.0,0.0,0.0,0.0,0.0,0.0,0.0,PASS_<20%,0.00,0.0,NO,STANDBY_VEL_LOW,0,0.00,4590.00,78.36,FALSE,M1_DIRECTION_MISMATCH
2026-09-07 16:08:56.205,1788797336.205,11530,113,471,4414.34,4414.42,8.0,PASS_<=10c,+0.0,FLAT,+0.0,+0.0,4.2,+0.00,0.00,SLOW,4414.34,4414.34,4414.34,4414.34,0.00,0.00,0.0,BULLISH,0.0,4414.34,4414.34,4414.34,4414.34,56,CLEARED_>=20s,1.0,0.0,0.0,0.0,0.0,0.0,0.0,PASS_<20%,0.00,0.0,NO,STANDBY_VEL_LOW,0,0.00,4590.00,78.36,FALSE,M1_DIRECTION_MISMATCH
2026-09-07 16:08:56.707,1788797336.707,11531,114,472,4414.34,4414.42,8.0,PASS_<=10c,+0.0,FLAT,+0.0,+0.0,4.2,+0.00,0.00,SLOW,4414.34,4414.34,4414.34,4414.34,0.00,0.00,0.0,BULLISH,0.0,4414.34,4414.34,4414.34,4414.34,56,CLEARED_>=20s,1.0,0.0,0.0,0.0,0.0,0.0,0.0,PASS_<20%,0.00,0.0,NO,STANDBY_VEL_LOW,0,0.00,4590.00,78.36,FALSE,M1_DIRECTION_MISMATCH
2026-09-07 16:08:57.208,1788797337.208,11532,115,473,4414.34,4414.42,8.0,PASS_<=10c,+0.0,FLAT,+0.0,+0.0,4.2,+0.00,0.00,SLOW,4414.34,4414.34,4414.34,4414.34,0.00,0.00,0.0,BULLISH,0.0,4414.34,4414.34,4414.34,4414.34,57,CLEARED_>=20s,1.0,0.0,0.0,0.0,0.0,0.0,0.0,PASS_<20%,0.00,0.0,NO,STANDBY_VEL_LOW,0,0.00,4590.00,78.36,FALSE,M1_DIRECTION_MISMATCH
2026-09-07 16:08:57.709,1788797337.710,11533,116,474,4414.34,4414.42,8.0,PASS_<=10c,+0.0,FLAT,+0.0,+0.0,4.2,+0.00,0.00,SLOW,4414.34,4414.34,4414.34,4414.34,0.00,0.00,0.0,BULLISH,0.0,4414.34,4414.34,4414.34,4414.34,57,CLEARED_>=20s,1.0,0.0,0.0,0.0,0.0,0.0,0.0,PASS_<20%,0.00,0.0,NO,STANDBY_VEL_LOW,0,0.00,4590.00,78.36,FALSE,M1_DIRECTION_MISMATCH
2026-09-07 16:08:58.210,1788797338.211,11534,117,475,4414.34,4414.42,8.0,PASS_<=10c,+0.0,FLAT,+0.0,+0.0,4.2,+0.00,0.00,SLOW,4414.34,4414.34,4414.34,4414.34,0.00,0.00,0.0,BULLISH,0.0,4414.34,4414.34,4414.34,4414.34,58,CLEARED_>=20s,1.0,0.0,0.0,0.0,0.0,0.0,0.0,PASS_<20%,0.00,0.0,NO,STANDBY_VEL_LOW,0,0.00,4590.00,78.36,FALSE,M1_DIRECTION_MISMATCH
2026-09-07 16:08:58.712,1788797338.712,11535,118,476,4414.34,4414.42,8.0,PASS_<=10c,+0.0,FLAT,+0.0,+0.0,4.2,+0.00,0.00,SLOW,4414.34,4414.34,4414.34,4414.34,0.00,0.00,0.0,BULLISH,0.0,4414.34,4414.34,4414.34,4414.34,58,CLEARED_>=20s,1.0,0.0,0.0,0.0,0.0,0.0,0.0,PASS_<20%,0.00,0.0,NO,STANDBY_VEL_LOW,0,0.00,4590.00,78.36,FALSE,M1_DIRECTION_MISMATCH
2026-09-07 16:08:59.213,1788797339.213,11536,119,477,4414.34,4414.42,8.0,PASS_<=10c,+0.0,FLAT,+0.0,+0.0,4.2,+0.00,0.00,SLOW,4414.34,4414.34,4414.34,4414.34,0.00,0.00,0.0,BULLISH,0.0,4414.34,4414.34,4414.34,4414.34,59,CLEARED_>=20s,1.0,0.0,0.0,0.0,0.0,0.0,0.0,PASS_<20%,0.00,0.0,NO,STANDBY_VEL_LOW,0,0.00,4590.00,78.36,FALSE,M1_DIRECTION_MISMATCH
2026-09-07 16:08:59.715,1788797339.716,11537,120,478,4414.34,4414.42,8.0,PASS_<=10c,+0.0,FLAT,+0.0,+0.0,4.2,+0.00,0.00,SLOW,4414.34,4414.34,4414.34,4414.34,0.00,0.00,0.0,BULLISH,0.0,4414.34,4414.34,4414.34,4414.34,59,CLEARED_>=20s,1.0,0.0,0.0,0.0,0.0,0.0,0.0,PASS_<20%,0.00,0.0,NO,STANDBY_VEL_LOW,0,0.00,4590.00,78.36,FALSE,M1_DIRECTION_MISMATCH
2026-09-07 16:09:00.216,1788797340.217,11538,1,479,4414.34,4414.42,8.0,PASS_<=10c,+0.0,FLAT,+0.0,+0.0,4.2,+0.00,0.00,SLOW,4414.34,4414.34,4414.34,4414.34,0.00,0.00,0.0,BULLISH,0.0,4414.34,4414.34,4414.34,4414.34,0,ACTIVE_0s,1.0,0.0,0.0,0.0,0.0,0.0,0.0,PASS_<20%,0.00,0.0,NO,STANDBY_VEL_LOW,0,0.00,4590.00,78.36,FALSE,M1_DIRECTION_MISMATCH|OPENING_SHIELD_ACTIVE_0s
2026-09-07 16:09:00.717,1788797340.718,11539,2,480,4414.34,4414.42,8.0,PASS_<=10c,+0.0,FLAT,+0.0,+0.0,4.2,+0.00,0.00,SLOW,4414.34,4414.34,4414.34,4414.34,0.00,0.00,0.0,BULLISH,0.0,4414.34,4414.34,4414.34,4414.34,0,ACTIVE_0s,1.0,0.0,0.0,0.0,0.0,0.0,0.0,PASS_<20%,0.00,0.0,NO,STANDBY_VEL_LOW,0,0.00,4590.00,78.36,FALSE,M1_DIRECTION_MISMATCH|OPENING_SHIELD_ACTIVE_0s
2026-09-07 16:09:01.220,1788797341.220,11540,3,481,4414.34,4414.42,8.0,PASS_<=10c,+0.0,FLAT,+0.0,+0.0,4.2,+0.00,0.00,SLOW,4414.34,4414.34,4414.34,4414.34,0.00,0.00,0.0,BULLISH,0.0,4414.34,4414.34,4414.34,4414.34,1,ACTIVE_1s,1.0,0.0,0.0,0.0,0.0,0.0,0.0,PASS_<20%,0.00,0.0,NO,STANDBY_VEL_LOW,0,0.00,4590.00,78.36,FALSE,M1_DIRECTION_MISMATCH|OPENING_SHIELD_ACTIVE_1s
2026-09-07 16:09:01.721,1788797341.722,11541,4,482,4414.34,4414.42,8.0,PASS_<=10c,+0.0,FLAT,+0.0,+0.0,4.2,+0.00,0.00,SLOW,4414.34,4414.34,4414.34,4414.34,0.00,0.00,0.0,BULLISH,0.0,4414.34,4414.34,4414.34,4414.34,1,ACTIVE_1s,1.0,0.0,0.0,0.0,0.0,0.0,0.0,PASS_<20%,0.00,0.0,NO,STANDBY_VEL_LOW,0,0.00,4590.00,78.36,FALSE,M1_DIRECTION_MISMATCH|OPENING_SHIELD_ACTIVE_1s
2026-09-07 16:09:02.223,1788797342.224,11542,5,483,4414.34,4414.42,8.0,PASS_<=10c,+0.0,FLAT,+0.0,+0.0,4.2,+0.00,0.00,SLOW,4414.34,4414.34,4414.34,4414.34,0.00,0.00,0.0,BULLISH,0.0,4414.34,4414.34,4414.34,4414.34,2,ACTIVE_2s,1.0,0.0,0.0,0.0,0.0,0.0,0.0,PASS_<20%,0.00,0.0,NO,STANDBY_VEL_LOW,0,0.00,4590.00,78.36,FALSE,M1_DIRECTION_MISMATCH|OPENING_SHIELD_ACTIVE_2s
2026-09-07 16:09:02.725,1788797342.726,11543,6,484,4414.34,4414.42,8.0,PASS_<=10c,+0.0,FLAT,+0.0,+0.0,4.2,+0.00,0.00,SLOW,4414.34,4414.34,4414.34,4414.34,0.00,0.00,0.0,BULLISH,0.0,4414.34,4414.34,4414.34,4414.34,2,ACTIVE_2s,1.0,0.0,0.0,0.0,0.0,0.0,0.0,PASS_<20%,0.00,0.0,NO,STANDBY_VEL_LOW,0,0.00,4590.00,78.36,FALSE,M1_DIRECTION_MISMATCH|OPENING_SHIELD_ACTIVE_2s
2026-09-07 16:09:03.226,1788797343.226,11544,7,485,4414.34,4414.42,8.0,PASS_<=10c,+0.0,FLAT,+0.0,+0.0,4.2,+0.00,0.00,SLOW,4414.34,4414.34,4414.34,4414.34,0.00,0.00,0.0,BULLISH,0.0,4414.34,4414.34,4414.34,4414.34,3,ACTIVE_3s,1.0,0.0,0.0,0.0,0.0,0.0,0.0,PASS_<20%,0.00,0.0,NO,STANDBY_VEL_LOW,0,0.00,4590.00,78.36,FALSE,M1_DIRECTION_MISMATCH|OPENING_SHIELD_ACTIVE_3s
2026-09-07 16:09:03.729,1788797343.729,11545,8,486,4414.34,4414.42,8.0,PASS_<=10c,+0.0,FLAT,+0.0,+0.0,4.2,+0.00,0.00,SLOW,4414.34,4414.34,4414.34,4414.34,0.00,0.00,0.0,BULLISH,0.0,4414.34,4414.34,4414.34,4414.34,3,ACTIVE_3s,1.0,0.0,0.0,0.0,0.0,0.0,0.0,PASS_<20%,0.00,0.0,NO,STANDBY_VEL_LOW,0,0.00,4590.00,78.36,FALSE,M1_DIRECTION_MISMATCH|OPENING_SHIELD_ACTIVE_3s
2026-09-07 16:09:04.230,1788797344.230,11546,9,487,4414.34,4414.42,8.0,PASS_<=10c,+0.0,FLAT,+0.0,+0.0,4.2,+0.00,0.00,SLOW,4414.34,4414.34,4414.34,4414.34,0.00,0.00,0.0,BULLISH,0.0,4414.34,4414.34,4414.34,4414.34,4,ACTIVE_4s,1.0,0.0,0.0,0.0,0.0,0.0,0.0,PASS_<20%,0.00,0.0,NO,STANDBY_VEL_LOW,0,0.00,4590.00,78.36,FALSE,M1_DIRECTION_MISMATCH|OPENING_SHIELD_ACTIVE_4s
2026-09-07 16:09:04.732,1788797344.733,11547,10,488,4414.34,4414.42,8.0,PASS_<=10c,+0.0,FLAT,+0.0,+0.0,4.2,+0.00,0.00,SLOW,4414.34,4414.34,4414.34,4414.34,0.00,0.00,0.0,BULLISH,0.0,4414.34,4414.34,4414.34,4414.34,4,ACTIVE_4s,1.0,0.0,0.0,0.0,0.0,0.0,0.0,PASS_<20%,0.00,0.0,NO,STANDBY_VEL_LOW,0,0.00,4590.00,78.36,FALSE,M1_DIRECTION_MISMATCH|OPENING_SHIELD_ACTIVE_4s
2026-09-07 16:09:05.234,1788797345.235,11548,11,489,4414.34,4414.42,8.0,PASS_<=10c,+0.0,FLAT,+0.0,+0.0,4.2,+0.00,0.00,SLOW,4414.34,4414.34,4414.34,4414.34,0.00,0.00,0.0,BULLISH,0.0,4414.34,4414.34,4414.34,4414.34,5,ACTIVE_5s,1.0,0.0,0.0,0.0,0.0,0.0,0.0,PASS_<20%,0.00,0.0,NO,STANDBY_VEL_LOW,0,0.00,4590.00,78.36,FALSE,M1_DIRECTION_MISMATCH|OPENING_SHIELD_ACTIVE_5s
2026-09-07 16:09:05.736,1788797345.737,11549,12,490,4414.34,4414.42,8.0,PASS_<=10c,+0.0,FLAT,+0.0,+0.0,4.2,+0.00,0.00,SLOW,4414.34,4414.34,4414.34,4414.34,0.00,0.00,0.0,BULLISH,0.0,4414.34,4414.34,4414.34,4414.34,5,ACTIVE_5s,1.0,0.0,0.0,0.0,0.0,0.0,0.0,PASS_<20%,0.00,0.0,NO,STANDBY_VEL_LOW,0,0.00,4590.00,78.36,FALSE,M1_DIRECTION_MISMATCH|OPENING_SHIELD_ACTIVE_5s
2026-09-07 16:09:06.241,1788797346.242,11550,13,491,4414.34,4414.42,8.0,PASS_<=10c,+0.0,FLAT,+0.0,+0.0,4.2,+0.00,0.00,SLOW,4414.34,4414.34,4414.34,4414.34,0.00,0.00,0.0,BULLISH,0.0,4414.34,4414.34,4414.34,4414.34,6,ACTIVE_6s,1.0,0.0,0.0,0.0,0.0,0.0,0.0,PASS_<20%,0.00,0.0,NO,STANDBY_VEL_LOW,0,0.00,4590.00,78.36,FALSE,M1_DIRECTION_MISMATCH|OPENING_SHIELD_ACTIVE_6s
2026-09-07 16:09:06.740,1788797346.740,11551,14,492,4414.34,4414.42,8.0,PASS_<=10c,+0.0,FLAT,+0.0,+0.0,4.2,+0.00,0.00,SLOW,4414.34,4414.34,4414.34,4414.34,0.00,0.00,0.0,BULLISH,0.0,4414.34,4414.34,4414.34,4414.34,6,ACTIVE_6s,1.0,0.0,0.0,0.0,0.0,0.0,0.0,PASS_<20%,0.00,0.0,NO,STANDBY_VEL_LOW,0,0.00,4590.00,78.36,FALSE,M1_DIRECTION_MISMATCH|OPENING_SHIELD_ACTIVE_6s
2026-09-07 16:09:07.241,1788797347.242,11552,15,493,4414.34,4414.42,8.0,PASS_<=10c,+0.0,FLAT,+0.0,+0.0,4.2,+0.00,0.00,SLOW,4414.34,4414.34,4414.34,4414.34,0.00,0.00,0.0,BULLISH,0.0,4414.34,4414.34,4414.34,4414.34,7,ACTIVE_7s,1.0,0.0,0.0,0.0,0.0,0.0,0.0,PASS_<20%,0.00,0.0,NO,STANDBY_VEL_LOW,0,0.00,4590.00,78.36,FALSE,M1_DIRECTION_MISMATCH|OPENING_SHIELD_ACTIVE_7s
2026-09-07 16:09:07.743,1788797347.744,11553,16,494,4414.34,4414.42,8.0,PASS_<=10c,+0.0,FLAT,+0.0,+0.0,4.2,+0.00,0.00,SLOW,4414.34,4414.34,4414.34,4414.34,0.00,0.00,0.0,BULLISH,0.0,4414.34,4414.34,4414.34,4414.34,7,ACTIVE_7s,1.0,0.0,0.0,0.0,0.0,0.0,0.0,PASS_<20%,0.00,0.0,NO,STANDBY_VEL_LOW,0,0.00,4590.00,78.36,FALSE,M1_DIRECTION_MISMATCH|OPENING_SHIELD_ACTIVE_7s
2026-09-07 16:09:08.246,1788797348.246,11554,17,495,4414.34,4414.42,8.0,PASS_<=10c,+0.0,FLAT,+0.0,+0.0,4.2,+0.00,0.00,SLOW,4414.34,4414.34,4414.34,4414.34,0.00,0.00,0.0,BULLISH,0.0,4414.34,4414.34,4414.34,4414.34,8,ACTIVE_8s,1.0,0.0,0.0,0.0,0.0,0.0,0.0,PASS_<20%,0.00,0.0,NO,STANDBY_VEL_LOW,0,0.00,4590.00,78.36,FALSE,M1_DIRECTION_MISMATCH|OPENING_SHIELD_ACTIVE_8s
2026-09-07 16:09:08.747,1788797348.748,11555,18,496,4414.34,4414.42,8.0,PASS_<=10c,+0.0,FLAT,+0.0,+0.0,4.2,+0.00,0.00,SLOW,4414.34,4414.34,4414.34,4414.34,0.00,0.00,0.0,BULLISH,0.0,4414.34,4414.34,4414.34,4414.34,8,ACTIVE_8s,1.0,0.0,0.0,0.0,0.0,0.0,0.0,PASS_<20%,0.00,0.0,NO,STANDBY_VEL_LOW,0,0.00,4590.00,78.36,FALSE,M1_DIRECTION_MISMATCH|OPENING_SHIELD_ACTIVE_8s
2026-09-07 16:09:09.250,1788797349.250,11556,19,497,4414.34,4414.42,8.0,PASS_<=10c,+0.0,FLAT,+0.0,+0.0,4.2,+0.00,0.00,SLOW,4414.34,4414.34,4414.34,4414.34,0.00,0.00,0.0,BULLISH,0.0,4414.34,4414.34,4414.34,4414.34,9,ACTIVE_9s,1.0,0.0,0.0,0.0,0.0,0.0,0.0,PASS_<20%,0.00,0.0,NO,STANDBY_VEL_LOW,0,0.00,4590.00,78.36,FALSE,M1_DIRECTION_MISMATCH|OPENING_SHIELD_ACTIVE_9s
2026-09-07 16:09:09.751,1788797349.752,11557,20,498,4414.34,4414.42,8.0,PASS_<=10c,+0.0,FLAT,+0.0,+0.0,4.2,+0.00,0.00,SLOW,4414.34,4414.34,4414.34,4414.34,0.00,0.00,0.0,BULLISH,0.0,4414.34,4414.34,4414.34,4414.34,9,ACTIVE_9s,1.0,0.0,0.0,0.0,0.0,0.0,0.0,PASS_<20%,0.00,0.0,NO,STANDBY_VEL_LOW,0,0.00,4590.00,78.36,FALSE,M1_DIRECTION_MISMATCH|OPENING_SHIELD_ACTIVE_9s
2026-09-07 16:09:10.253,1788797350.254,11558,21,499,4414.34,4414.42,8.0,PASS_<=10c,+0.0,FLAT,+0.0,+0.0,4.2,+0.00,0.00,SLOW,4414.34,4414.34,4414.34,4414.34,0.00,0.00,0.0,BULLISH,0.0,4414.34,4414.34,4414.34,4414.34,10,ACTIVE_10s,1.0,0.0,0.0,0.0,0.0,0.0,0.0,PASS_<20%,0.00,0.0,NO,STANDBY_VEL_LOW,0,0.00,4590.00,78.36,FALSE,M1_DIRECTION_MISMATCH|OPENING_SHIELD_ACTIVE_10s
2026-09-07 16:09:10.754,1788797350.755,11559,22,500,4414.34,4414.42,8.0,PASS_<=10c,+0.0,FLAT,+0.0,+0.0,4.2,+0.00,0.00,SLOW,4414.34,4414.34,4414.34,4414.34,0.00,0.00,0.0,BULLISH,0.0,4414.34,4414.34,4414.34,4414.34,10,ACTIVE_10s,1.0,0.0,0.0,0.0,0.0,0.0,0.0,PASS_<20%,0.00,0.0,NO,STANDBY_VEL_LOW,0,0.00,4590.00,78.36,FALSE,M1_DIRECTION_MISMATCH|OPENING_SHIELD_ACTIVE_10s
2026-09-07 16:09:11.256,1788797351.257,11560,23,501,4414.34,4414.42,8.0,PASS_<=10c,+0.0,FLAT,+0.0,+0.0,4.2,+0.00,0.00,SLOW,4414.34,4414.34,4414.34,4414.34,0.00,0.00,0.0,BULLISH,0.0,4414.34,4414.34,4414.34,4414.34,11,ACTIVE_11s,1.0,0.0,0.0,0.0,0.0,0.0,0.0,PASS_<20%,0.00,0.0,NO,STANDBY_VEL_LOW,0,0.00,4590.00,78.36,FALSE,M1_DIRECTION_MISMATCH|OPENING_SHIELD_ACTIVE_11s
2026-09-07 16:09:11.758,1788797351.758,11561,24,502,4414.34,4414.42,8.0,PASS_<=10c,+0.0,FLAT,+0.0,+0.0,4.2,+0.00,0.00,SLOW,4414.34,4414.34,4414.34,4414.34,0.00,0.00,0.0,BULLISH,0.0,4414.34,4414.34,4414.34,4414.34,11,ACTIVE_11s,1.0,0.0,0.0,0.0,0.0,0.0,0.0,PASS_<20%,0.00,0.0,NO,STANDBY_VEL_LOW,0,0.00,4590.00,78.36,FALSE,M1_DIRECTION_MISMATCH|OPENING_SHIELD_ACTIVE_11s
2026-09-07 16:09:12.259,1788797352.260,11562,25,503,4414.34,4414.42,8.0,PASS_<=10c,+0.0,FLAT,+0.0,+0.0,4.2,+0.00,0.00,SLOW,4414.34,4414.34,4414.34,4414.34,0.00,0.00,0.0,BULLISH,0.0,4414.34,4414.34,4414.34,4414.34,12,ACTIVE_12s,1.0,0.0,0.0,0.0,0.0,0.0,0.0,PASS_<20%,0.00,0.0,NO,STANDBY_VEL_LOW,0,0.00,4590.00,78.36,FALSE,M1_DIRECTION_MISMATCH|OPENING_SHIELD_ACTIVE_12s
2026-09-07 16:09:12.761,1788797352.761,11563,26,504,4414.34,4414.42,8.0,PASS_<=10c,+0.0,FLAT,+0.0,+0.0,4.2,+0.00,0.00,SLOW,4414.34,4414.34,4414.34,4414.34,0.00,0.00,0.0,BULLISH,0.0,4414.34,4414.34,4414.34,4414.34,12,ACTIVE_12s,1.0,0.0,0.0,0.0,0.0,0.0,0.0,PASS_<20%,0.00,0.0,NO,STANDBY_VEL_LOW,0,0.00,4590.00,78.36,FALSE,M1_DIRECTION_MISMATCH|OPENING_SHIELD_ACTIVE_12s
2026-09-07 16:09:13.262,1788797353.263,11564,27,505,4414.34,4414.42,8.0,PASS_<=10c,+0.0,FLAT,+0.0,+0.0,4.2,+0.00,0.00,SLOW,4414.34,4414.34,4414.34,4414.34,0.00,0.00,0.0,BULLISH,0.0,4414.34,4414.34,4414.34,4414.34,13,ACTIVE_13s,1.0,0.0,0.0,0.0,0.0,0.0,0.0,PASS_<20%,0.00,0.0,NO,STANDBY_VEL_LOW,0,0.00,4590.00,78.36,FALSE,M1_DIRECTION_MISMATCH|OPENING_SHIELD_ACTIVE_13s
2026-09-07 16:09:13.764,1788797353.764,11565,28,506,4414.34,4414.42,8.0,PASS_<=10c,+0.0,FLAT,+0.0,+0.0,4.2,+0.00,0.00,SLOW,4414.34,4414.34,4414.34,4414.34,0.00,0.00,0.0,BULLISH,0.0,4414.34,4414.34,4414.34,4414.34,13,ACTIVE_13s,1.0,0.0,0.0,0.0,0.0,0.0,0.0,PASS_<20%,0.00,0.0,NO,STANDBY_VEL_LOW,0,0.00,4590.00,78.36,FALSE,M1_DIRECTION_MISMATCH|OPENING_SHIELD_ACTIVE_13s
2026-09-07 16:09:14.266,1788797354.266,11566,29,507,4414.34,4414.42,8.0,PASS_<=10c,+0.0,FLAT,+0.0,+0.0,4.2,+0.00,0.00,SLOW,4414.34,4414.34,4414.34,4414.34,0.00,0.00,0.0,BULLISH,0.0,4414.34,4414.34,4414.34,4414.34,14,ACTIVE_14s,1.0,0.0,0.0,0.0,0.0,0.0,0.0,PASS_<20%,0.00,0.0,NO,STANDBY_VEL_LOW,0,0.00,4590.00,78.36,FALSE,M1_DIRECTION_MISMATCH|OPENING_SHIELD_ACTIVE_14s
2026-09-07 16:09:14.767,1788797354.767,11567,30,508,4414.34,4414.42,8.0,PASS_<=10c,+0.0,FLAT,+0.0,+0.0,4.2,+0.00,0.00,SLOW,4414.34,4414.34,4414.34,4414.34,0.00,0.00,0.0,BULLISH,0.0,4414.34,4414.34,4414.34,4414.34,14,ACTIVE_14s,1.0,0.0,0.0,0.0,0.0,0.0,0.0,PASS_<20%,0.00,0.0,NO,STANDBY_VEL_LOW,0,0.00,4590.00,78.36,FALSE,M1_DIRECTION_MISMATCH|OPENING_SHIELD_ACTIVE_14s
2026-09-07 16:09:15.269,1788797355.270,11568,31,509,4414.34,4414.42,8.0,PASS_<=10c,+0.0,FLAT,+0.0,+0.0,4.2,+0.00,0.00,SLOW,4414.34,4414.34,4414.34,4414.34,0.00,0.00,0.0,BULLISH,0.0,4414.34,4414.34,4414.34,4414.34,15,ACTIVE_15s,1.0,0.0,0.0,0.0,0.0,0.0,0.0,PASS_<20%,0.00,0.0,NO,STANDBY_VEL_LOW,0,0.00,4590.00,78.36,FALSE,M1_DIRECTION_MISMATCH|OPENING_SHIELD_ACTIVE_15s
2026-09-07 16:09:15.771,1788797355.771,11569,32,510,4414.34,4414.42,8.0,PASS_<=10c,+0.0,FLAT,+0.0,+0.0,4.2,+0.00,0.00,SLOW,4414.34,4414.34,4414.34,4414.34,0.00,0.00,0.0,BULLISH,0.0,4414.34,4414.34,4414.34,4414.34,15,ACTIVE_15s,1.0,0.0,0.0,0.0,0.0,0.0,0.0,PASS_<20%,0.00,0.0,NO,STANDBY_VEL_LOW,0,0.00,4590.00,78.36,FALSE,M1_DIRECTION_MISMATCH|OPENING_SHIELD_ACTIVE_15s
2026-09-07 16:09:16.273,1788797356.273,11570,33,511,4414.34,4414.42,8.0,PASS_<=10c,+0.0,FLAT,+0.0,+0.0,4.2,+0.00,0.00,SLOW,4414.34,4414.34,4414.34,4414.34,0.00,0.00,0.0,BULLISH,0.0,4414.34,4414.34,4414.34,4414.34,16,ACTIVE_16s,1.0,0.0,0.0,0.0,0.0,0.0,0.0,PASS_<20%,0.00,0.0,NO,STANDBY_VEL_LOW,0,0.00,4590.00,78.36,FALSE,M1_DIRECTION_MISMATCH|OPENING_SHIELD_ACTIVE_16s
2026-09-07 16:09:16.775,1788797356.775,11571,34,512,4414.34,4414.42,8.0,PASS_<=10c,+0.0,FLAT,+0.0,+0.0,4.2,+0.00,0.00,SLOW,4414.34,4414.34,4414.34,4414.34,0.00,0.00,0.0,BULLISH,0.0,4414.34,4414.34,4414.34,4414.34,16,ACTIVE_16s,1.0,0.0,0.0,0.0,0.0,0.0,0.0,PASS_<20%,0.00,0.0,NO,STANDBY_VEL_LOW,0,0.00,4590.00,78.36,FALSE,M1_DIRECTION_MISMATCH|OPENING_SHIELD_ACTIVE_16s
2026-09-07 16:09:17.277,1788797357.277,11572,35,513,4414.34,4414.42,8.0,PASS_<=10c,+0.0,FLAT,+0.0,+0.0,4.2,+0.00,0.00,SLOW,4414.34,4414.34,4414.34,4414.34,0.00,0.00,0.0,BULLISH,0.0,4414.34,4414.34,4414.34,4414.34,17,ACTIVE_17s,1.0,0.0,0.0,0.0,0.0,0.0,0.0,PASS_<20%,0.00,0.0,NO,STANDBY_VEL_LOW,0,0.00,4590.00,78.36,FALSE,M1_DIRECTION_MISMATCH|OPENING_SHIELD_ACTIVE_17s
2026-09-07 16:09:17.777,1788797357.778,11573,36,514,4414.34,4414.42,8.0,PASS_<=10c,+0.0,FLAT,+0.0,+0.0,4.2,+0.00,0.00,SLOW,4414.34,4414.34,4414.34,4414.34,0.00,0.00,0.0,BULLISH,0.0,4414.34,4414.34,4414.34,4414.34,17,ACTIVE_17s,1.0,0.0,0.0,0.0,0.0,0.0,0.0,PASS_<20%,0.00,0.0,NO,STANDBY_VEL_LOW,0,0.00,4590.00,78.36,FALSE,M1_DIRECTION_MISMATCH|OPENING_SHIELD_ACTIVE_17s
2026-09-07 16:09:18.280,1788797358.280,11574,37,515,4414.34,4414.42,8.0,PASS_<=10c,+0.0,FLAT,+0.0,+0.0,4.2,+0.00,0.00,SLOW,4414.34,4414.34,4414.34,4414.34,0.00,0.00,0.0,BULLISH,0.0,4414.34,4414.34,4414.34,4414.34,18,ACTIVE_18s,1.0,0.0,0.0,0.0,0.0,0.0,0.0,PASS_<20%,0.00,0.0,NO,STANDBY_VEL_LOW,0,0.00,4590.00,78.36,FALSE,M1_DIRECTION_MISMATCH|OPENING_SHIELD_ACTIVE_18s
2026-09-07 16:09:18.781,1788797358.781,11575,38,516,4414.34,4414.42,8.0,PASS_<=10c,+0.0,FLAT,+0.0,+0.0,4.2,+0.00,0.00,SLOW,4414.34,4414.34,4414.34,4414.34,0.00,0.00,0.0,BULLISH,0.0,4414.34,4414.34,4414.34,4414.34,18,ACTIVE_18s,1.0,0.0,0.0,0.0,0.0,0.0,0.0,PASS_<20%,0.00,0.0,NO,STANDBY_VEL_LOW,0,0.00,4590.00,78.36,FALSE,M1_DIRECTION_MISMATCH|OPENING_SHIELD_ACTIVE_18s
2026-09-07 16:09:19.282,1788797359.282,11576,39,517,4414.34,4414.42,8.0,PASS_<=10c,+0.0,FLAT,+0.0,+0.0,4.2,+0.00,0.00,SLOW,4414.34,4414.34,4414.34,4414.34,0.00,0.00,0.0,BULLISH,0.0,4414.34,4414.34,4414.34,4414.34,19,ACTIVE_19s,1.0,0.0,0.0,0.0,0.0,0.0,0.0,PASS_<20%,0.00,0.0,NO,STANDBY_VEL_LOW,0,0.00,4590.00,78.36,FALSE,M1_DIRECTION_MISMATCH|OPENING_SHIELD_ACTIVE_19s
2026-09-07 16:09:19.784,1788797359.785,11577,40,518,4414.34,4414.42,8.0,PASS_<=10c,+0.0,FLAT,+0.0,+0.0,4.2,+0.00,0.00,SLOW,4414.34,4414.34,4414.34,4414.34,0.00,0.00,0.0,BULLISH,0.0,4414.34,4414.34,4414.34,4414.34,19,ACTIVE_19s,1.0,0.0,0.0,0.0,0.0,0.0,0.0,PASS_<20%,0.00,0.0,NO,STANDBY_VEL_LOW,0,0.00,4590.00,78.36,FALSE,M1_DIRECTION_MISMATCH|OPENING_SHIELD_ACTIVE_19s
2026-09-07 16:09:20.286,1788797360.286,11578,41,519,4414.34,4414.42,8.0,PASS_<=10c,+0.0,FLAT,+0.0,+0.0,4.2,+0.00,0.00,SLOW,4414.34,4414.34,4414.34,4414.34,0.00,0.00,0.0,BULLISH,0.0,4414.34,4414.34,4414.34,4414.34,20,CLEARED_>=20s,1.0,0.0,0.0,0.0,0.0,0.0,0.0,PASS_<20%,0.00,0.0,NO,STANDBY_VEL_LOW,0,0.00,4590.00,78.36,FALSE,M1_DIRECTION_MISMATCH
2026-09-07 16:09:20.788,1788797360.788,11579,42,520,4414.34,4414.42,8.0,PASS_<=10c,+0.0,FLAT,+0.0,+0.0,4.2,+0.00,0.00,SLOW,4414.34,4414.34,4414.34,4414.34,0.00,0.00,0.0,BULLISH,0.0,4414.34,4414.34,4414.34,4414.34,20,CLEARED_>=20s,1.0,0.0,0.0,0.0,0.0,0.0,0.0,PASS_<20%,0.00,0.0,NO,STANDBY_VEL_LOW,0,0.00,4590.00,78.36,FALSE,M1_DIRECTION_MISMATCH
2026-09-07 16:09:21.288,1788797361.288,11580,43,521,4414.34,4414.42,8.0,PASS_<=10c,+0.0,FLAT,+0.0,+0.0,4.2,+0.00,0.00,SLOW,4414.34,4414.34,4414.34,4414.34,0.00,0.00,0.0,BULLISH,0.0,4414.34,4414.34,4414.34,4414.34,21,CLEARED_>=20s,1.0,0.0,0.0,0.0,0.0,0.0,0.0,PASS_<20%,0.00,0.0,NO,STANDBY_VEL_LOW,0,0.00,4590.00,78.36,FALSE,M1_DIRECTION_MISMATCH
2026-09-07 16:09:21.789,1788797361.790,11581,44,522,4414.34,4414.42,8.0,PASS_<=10c,+0.0,FLAT,+0.0,+0.0,4.2,+0.00,0.00,SLOW,4414.34,4414.34,4414.34,4414.34,0.00,0.00,0.0,BULLISH,0.0,4414.34,4414.34,4414.34,4414.34,21,CLEARED_>=20s,1.0,0.0,0.0,0.0,0.0,0.0,0.0,PASS_<20%,0.00,0.0,NO,STANDBY_VEL_LOW,0,0.00,4590.00,78.36,FALSE,M1_DIRECTION_MISMATCH
2026-09-07 16:09:22.291,1788797362.291,11582,45,523,4414.34,4414.42,8.0,PASS_<=10c,+0.0,FLAT,+0.0,+0.0,4.2,+0.00,0.00,SLOW,4414.34,4414.34,4414.34,4414.34,0.00,0.00,0.0,BULLISH,0.0,4414.34,4414.34,4414.34,4414.34,22,CLEARED_>=20s,1.0,0.0,0.0,0.0,0.0,0.0,0.0,PASS_<20%,0.00,0.0,NO,STANDBY_VEL_LOW,0,0.00,4590.00,78.36,FALSE,M1_DIRECTION_MISMATCH
2026-09-07 16:09:22.792,1788797362.793,11583,46,524,4414.34,4414.42,8.0,PASS_<=10c,+0.0,FLAT,+0.0,+0.0,4.2,+0.00,0.00,SLOW,4414.34,4414.34,4414.34,4414.34,0.00,0.00,0.0,BULLISH,0.0,4414.34,4414.34,4414.34,4414.34,22,CLEARED_>=20s,1.0,0.0,0.0,0.0,0.0,0.0,0.0,PASS_<20%,0.00,0.0,NO,STANDBY_VEL_LOW,0,0.00,4590.00,78.36,FALSE,M1_DIRECTION_MISMATCH
2026-09-07 16:09:23.293,1788797363.294,11584,47,525,4414.34,4414.42,8.0,PASS_<=10c,+0.0,FLAT,+0.0,+0.0,4.2,+0.00,0.00,SLOW,4414.34,4414.34,4414.34,4414.34,0.00,0.00,0.0,BULLISH,0.0,4414.34,4414.34,4414.34,4414.34,23,CLEARED_>=20s,1.0,0.0,0.0,0.0,0.0,0.0,0.0,PASS_<20%,0.00,0.0,NO,STANDBY_VEL_LOW,0,0.00,4590.00,78.36,FALSE,M1_DIRECTION_MISMATCH
2026-09-07 16:09:23.795,1788797363.795,11585,48,526,4414.34,4414.42,8.0,PASS_<=10c,+0.0,FLAT,+0.0,+0.0,4.2,+0.00,0.00,SLOW,4414.34,4414.34,4414.34,4414.34,0.00,0.00,0.0,BULLISH,0.0,4414.34,4414.34,4414.34,4414.34,23,CLEARED_>=20s,1.0,0.0,0.0,0.0,0.0,0.0,0.0,PASS_<20%,0.00,0.0,NO,STANDBY_VEL_LOW,0,0.00,4590.00,78.36,FALSE,M1_DIRECTION_MISMATCH
2026-09-07 16:09:24.296,1788797364.296,11586,49,527,4414.34,4414.42,8.0,PASS_<=10c,+0.0,FLAT,+0.0,+0.0,4.2,+0.00,0.00,SLOW,4414.34,4414.34,4414.34,4414.34,0.00,0.00,0.0,BULLISH,0.0,4414.34,4414.34,4414.34,4414.34,24,CLEARED_>=20s,1.0,0.0,0.0,0.0,0.0,0.0,0.0,PASS_<20%,0.00,0.0,NO,STANDBY_VEL_LOW,0,0.00,4590.00,78.36,FALSE,M1_DIRECTION_MISMATCH
2026-09-07 16:09:24.797,1788797364.798,11587,50,528,4414.34,4414.42,8.0,PASS_<=10c,+0.0,FLAT,+0.0,+0.0,4.2,+0.00,0.00,SLOW,4414.34,4414.34,4414.34,4414.34,0.00,0.00,0.0,BULLISH,0.0,4414.34,4414.34,4414.34,4414.34,24,CLEARED_>=20s,1.0,0.0,0.0,0.0,0.0,0.0,0.0,PASS_<20%,0.00,0.0,NO,STANDBY_VEL_LOW,0,0.00,4590.00,78.36,FALSE,M1_DIRECTION_MISMATCH
2026-09-07 16:09:25.299,1788797365.299,11588,51,529,4414.34,4414.42,8.0,PASS_<=10c,+0.0,FLAT,+0.0,+0.0,4.2,+0.00,0.00,SLOW,4414.34,4414.34,4414.34,4414.34,0.00,0.00,0.0,BULLISH,0.0,4414.34,4414.34,4414.34,4414.34,25,CLEARED_>=20s,1.0,0.0,0.0,0.0,0.0,0.0,0.0,PASS_<20%,0.00,0.0,NO,STANDBY_VEL_LOW,0,0.00,4590.00,78.36,FALSE,M1_DIRECTION_MISMATCH
2026-09-07 16:09:25.800,1788797365.801,11589,52,530,4414.34,4414.42,8.0,PASS_<=10c,+0.0,FLAT,+0.0,+0.0,4.2,+0.00,0.00,SLOW,4414.34,4414.34,4414.34,4414.34,0.00,0.00,0.0,BULLISH,0.0,4414.34,4414.34,4414.34,4414.34,25,CLEARED_>=20s,1.0,0.0,0.0,0.0,0.0,0.0,0.0,PASS_<20%,0.00,0.0,NO,STANDBY_VEL_LOW,0,0.00,4590.00,78.36,FALSE,M1_DIRECTION_MISMATCH
2026-09-07 16:09:26.303,1788797366.303,11590,53,531,4414.34,4414.42,8.0,PASS_<=10c,+0.0,FLAT,+0.0,+0.0,4.2,+0.00,0.00,SLOW,4414.34,4414.34,4414.34,4414.34,0.00,0.00,0.0,BULLISH,0.0,4414.34,4414.34,4414.34,4414.34,26,CLEARED_>=20s,1.0,0.0,0.0,0.0,0.0,0.0,0.0,PASS_<20%,0.00,0.0,NO,STANDBY_VEL_LOW,0,0.00,4590.00,78.36,FALSE,M1_DIRECTION_MISMATCH
2026-09-07 16:09:26.805,1788797366.806,11591,54,532,4414.34,4414.42,8.0,PASS_<=10c,+0.0,FLAT,+0.0,+0.0,4.2,+0.00,0.00,SLOW,4414.34,4414.34,4414.34,4414.34,0.00,0.00,0.0,BULLISH,0.0,4414.34,4414.34,4414.34,4414.34,26,CLEARED_>=20s,1.0,0.0,0.0,0.0,0.0,0.0,0.0,PASS_<20%,0.00,0.0,NO,STANDBY_VEL_LOW,0,0.00,4590.00,78.36,FALSE,M1_DIRECTION_MISMATCH
2026-09-07 16:09:27.307,1788797367.307,11592,55,533,4414.34,4414.42,8.0,PASS_<=10c,+0.0,FLAT,+0.0,+0.0,4.2,+0.00,0.00,SLOW,4414.34,4414.34,4414.34,4414.34,0.00,0.00,0.0,BULLISH,0.0,4414.34,4414.34,4414.34,4414.34,27,CLEARED_>=20s,1.0,0.0,0.0,0.0,0.0,0.0,0.0,PASS_<20%,0.00,0.0,NO,STANDBY_VEL_LOW,0,0.00,4590.00,78.36,FALSE,M1_DIRECTION_MISMATCH
2026-09-07 16:09:27.808,1788797367.808,11593,56,534,4414.34,4414.42,8.0,PASS_<=10c,+0.0,FLAT,+0.0,+0.0,4.2,+0.00,0.00,SLOW,4414.34,4414.34,4414.34,4414.34,0.00,0.00,0.0,BULLISH,0.0,4414.34,4414.34,4414.34,4414.34,27,CLEARED_>=20s,1.0,0.0,0.0,0.0,0.0,0.0,0.0,PASS_<20%,0.00,0.0,NO,STANDBY_VEL_LOW,0,0.00,4590.00,78.36,FALSE,M1_DIRECTION_MISMATCH
2026-09-07 16:09:28.309,1788797368.310,11594,57,535,4414.34,4414.42,8.0,PASS_<=10c,+0.0,FLAT,+0.0,+0.0,4.2,+0.00,0.00,SLOW,4414.34,4414.34,4414.34,4414.34,0.00,0.00,0.0,BULLISH,0.0,4414.34,4414.34,4414.34,4414.34,28,CLEARED_>=20s,1.0,0.0,0.0,0.0,0.0,0.0,0.0,PASS_<20%,0.00,0.0,NO,STANDBY_VEL_LOW,0,0.00,4590.00,78.36,FALSE,M1_DIRECTION_MISMATCH
2026-09-07 16:09:28.811,1788797368.812,11595,58,536,4414.34,4414.42,8.0,PASS_<=10c,+0.0,FLAT,+0.0,+0.0,4.2,+0.00,0.00,SLOW,4414.34,4414.34,4414.34,4414.34,0.00,0.00,0.0,BULLISH,0.0,4414.34,4414.34,4414.34,4414.34,28,CLEARED_>=20s,1.0,0.0,0.0,0.0,0.0,0.0,0.0,PASS_<20%,0.00,0.0,NO,STANDBY_VEL_LOW,0,0.00,4590.00,78.36,FALSE,M1_DIRECTION_MISMATCH
2026-09-07 16:09:29.312,1788797369.313,11596,59,537,4414.34,4414.42,8.0,PASS_<=10c,+0.0,FLAT,+0.0,+0.0,4.2,+0.00,0.00,SLOW,4414.34,4414.34,4414.34,4414.34,0.00,0.00,0.0,BULLISH,0.0,4414.34,4414.34,4414.34,4414.34,29,CLEARED_>=20s,1.0,0.0,0.0,0.0,0.0,0.0,0.0,PASS_<20%,0.00,0.0,NO,STANDBY_VEL_LOW,0,0.00,4590.00,78.36,FALSE,M1_DIRECTION_MISMATCH
2026-09-07 16:09:29.814,1788797369.814,11597,60,538,4414.34,4414.42,8.0,PASS_<=10c,+0.0,FLAT,+0.0,+0.0,4.2,+0.00,0.00,SLOW,4414.34,4414.34,4414.34,4414.34,0.00,0.00,0.0,BULLISH,0.0,4414.34,4414.34,4414.34,4414.34,29,CLEARED_>=20s,1.0,0.0,0.0,0.0,0.0,0.0,0.0,PASS_<20%,0.00,0.0,NO,STANDBY_VEL_LOW,0,0.00,4590.00,78.36,FALSE,M1_DIRECTION_MISMATCH
2026-09-07 16:09:30.315,1788797370.316,11598,61,539,4414.34,4414.42,8.0,PASS_<=10c,+0.0,FLAT,+0.0,+0.0,4.2,+0.00,0.00,SLOW,4414.34,4414.34,4414.34,4414.34,0.00,0.00,0.0,BULLISH,0.0,4414.34,4414.34,4414.34,4414.34,30,CLEARED_>=20s,1.0,0.0,0.0,0.0,0.0,0.0,0.0,PASS_<20%,0.00,0.0,NO,STANDBY_VEL_LOW,0,0.00,4590.00,78.36,FALSE,M1_DIRECTION_MISMATCH
2026-09-07 16:09:30.816,1788797370.816,11599,62,540,4414.34,4414.42,8.0,PASS_<=10c,+0.0,FLAT,+0.0,+0.0,4.2,+0.00,0.00,SLOW,4414.34,4414.34,4414.34,4414.34,0.00,0.00,0.0,BULLISH,0.0,4414.34,4414.34,4414.34,4414.34,30,CLEARED_>=20s,1.0,0.0,0.0,0.0,0.0,0.0,0.0,PASS_<20%,0.00,0.0,NO,STANDBY_VEL_LOW,0,0.00,4590.00,78.36,FALSE,M1_DIRECTION_MISMATCH
2026-09-07 16:09:31.318,1788797371.318,11600,63,541,4414.34,4414.42,8.0,PASS_<=10c,+0.0,FLAT,+0.0,+0.0,4.2,+0.00,0.00,SLOW,4414.34,4414.34,4414.34,4414.34,0.00,0.00,0.0,BULLISH,0.0,4414.34,4414.34,4414.34,4414.34,31,CLEARED_>=20s,1.0,0.0,0.0,0.0,0.0,0.0,0.0,PASS_<20%,0.00,0.0,NO,STANDBY_VEL_LOW,0,0.00,4590.00,78.36,FALSE,M1_DIRECTION_MISMATCH
2026-09-07 16:09:31.819,1788797371.819,11601,64,542,4414.34,4414.42,8.0,PASS_<=10c,+0.0,FLAT,+0.0,+0.0,4.2,+0.00,0.00,SLOW,4414.34,4414.34,4414.34,4414.34,0.00,0.00,0.0,BULLISH,0.0,4414.34,4414.34,4414.34,4414.34,31,CLEARED_>=20s,1.0,0.0,0.0,0.0,0.0,0.0,0.0,PASS_<20%,0.00,0.0,NO,STANDBY_VEL_LOW,0,0.00,4590.00,78.36,FALSE,M1_DIRECTION_MISMATCH
2026-09-07 16:09:32.319,1788797372.320,11602,65,543,4414.34,4414.42,8.0,PASS_<=10c,+0.0,FLAT,+0.0,+0.0,4.2,+0.00,0.00,SLOW,4414.34,4414.34,4414.34,4414.34,0.00,0.00,0.0,BULLISH,0.0,4414.34,4414.34,4414.34,4414.34,32,CLEARED_>=20s,1.0,0.0,0.0,0.0,0.0,0.0,0.0,PASS_<20%,0.00,0.0,NO,STANDBY_VEL_LOW,0,0.00,4590.00,78.36,FALSE,M1_DIRECTION_MISMATCH
2026-09-07 16:09:32.821,1788797372.822,11603,66,544,4414.34,4414.42,8.0,PASS_<=10c,+0.0,FLAT,+0.0,+0.0,4.2,+0.00,0.00,SLOW,4414.34,4414.34,4414.34,4414.34,0.00,0.00,0.0,BULLISH,0.0,4414.34,4414.34,4414.34,4414.34,32,CLEARED_>=20s,1.0,0.0,0.0,0.0,0.0,0.0,0.0,PASS_<20%,0.00,0.0,NO,STANDBY_VEL_LOW,0,0.00,4590.00,78.36,FALSE,M1_DIRECTION_MISMATCH
2026-09-07 16:09:33.322,1788797373.323,11604,67,545,4414.34,4414.42,8.0,PASS_<=10c,+0.0,FLAT,+0.0,+0.0,4.2,+0.00,0.00,SLOW,4414.34,4414.34,4414.34,4414.34,0.00,0.00,0.0,BULLISH,0.0,4414.34,4414.34,4414.34,4414.34,33,CLEARED_>=20s,1.0,0.0,0.0,0.0,0.0,0.0,0.0,PASS_<20%,0.00,0.0,NO,STANDBY_VEL_LOW,0,0.00,4590.00,78.36,FALSE,M1_DIRECTION_MISMATCH
2026-09-07 16:09:33.824,1788797373.824,11605,68,546,4414.34,4414.42,8.0,PASS_<=10c,+0.0,FLAT,+0.0,+0.0,4.2,+0.00,0.00,SLOW,4414.34,4414.34,4414.34,4414.34,0.00,0.00,0.0,BULLISH,0.0,4414.34,4414.34,4414.34,4414.34,33,CLEARED_>=20s,1.0,0.0,0.0,0.0,0.0,0.0,0.0,PASS_<20%,0.00,0.0,NO,STANDBY_VEL_LOW,0,0.00,4590.00,78.36,FALSE,M1_DIRECTION_MISMATCH
2026-09-07 16:09:34.324,1788797374.325,11606,69,547,4414.34,4414.42,8.0,PASS_<=10c,+0.0,FLAT,+0.0,+0.0,4.2,+0.00,0.00,SLOW,4414.34,4414.34,4414.34,4414.34,0.00,0.00,0.0,BULLISH,0.0,4414.34,4414.34,4414.34,4414.34,34,CLEARED_>=20s,1.0,0.0,0.0,0.0,0.0,0.0,0.0,PASS_<20%,0.00,0.0,NO,STANDBY_VEL_LOW,0,0.00,4590.00,78.36,FALSE,M1_DIRECTION_MISMATCH
2026-09-07 16:09:34.826,1788797374.827,11607,70,548,4414.34,4414.42,8.0,PASS_<=10c,+0.0,FLAT,+0.0,+0.0,4.2,+0.00,0.00,SLOW,4414.34,4414.34,4414.34,4414.34,0.00,0.00,0.0,BULLISH,0.0,4414.34,4414.34,4414.34,4414.34,34,CLEARED_>=20s,1.0,0.0,0.0,0.0,0.0,0.0,0.0,PASS_<20%,0.00,0.0,NO,STANDBY_VEL_LOW,0,0.00,4590.00,78.36,FALSE,M1_DIRECTION_MISMATCH
2026-09-07 16:09:35.327,1788797375.328,11608,71,549,4414.34,4414.42,8.0,PASS_<=10c,+0.0,FLAT,+0.0,+0.0,4.2,+0.00,0.00,SLOW,4414.34,4414.34,4414.34,4414.34,0.00,0.00,0.0,BULLISH,0.0,4414.34,4414.34,4414.34,4414.34,35,CLEARED_>=20s,1.0,0.0,0.0,0.0,0.0,0.0,0.0,PASS_<20%,0.00,0.0,NO,STANDBY_VEL_LOW,0,0.00,4590.00,78.36,FALSE,M1_DIRECTION_MISMATCH
2026-09-07 16:09:35.829,1788797375.829,11609,72,550,4414.34,4414.42,8.0,PASS_<=10c,+0.0,FLAT,+0.0,+0.0,4.2,+0.00,0.00,SLOW,4414.34,4414.34,4414.34,4414.34,0.00,0.00,0.0,BULLISH,0.0,4414.34,4414.34,4414.34,4414.34,35,CLEARED_>=20s,1.0,0.0,0.0,0.0,0.0,0.0,0.0,PASS_<20%,0.00,0.0,NO,STANDBY_VEL_LOW,0,0.00,4590.00,78.36,FALSE,M1_DIRECTION_MISMATCH
2026-09-07 16:09:36.330,1788797376.331,11610,73,551,4414.34,4414.42,8.0,PASS_<=10c,+0.0,FLAT,+0.0,+0.0,4.2,+0.00,0.00,SLOW,4414.34,4414.34,4414.34,4414.34,0.00,0.00,0.0,BULLISH,0.0,4414.34,4414.34,4414.34,4414.34,36,CLEARED_>=20s,1.0,0.0,0.0,0.0,0.0,0.0,0.0,PASS_<20%,0.00,0.0,NO,STANDBY_VEL_LOW,0,0.00,4590.00,78.36,FALSE,M1_DIRECTION_MISMATCH
2026-09-07 16:09:36.832,1788797376.832,11611,74,552,4414.34,4414.42,8.0,PASS_<=10c,+0.0,FLAT,+0.0,+0.0,4.2,+0.00,0.00,SLOW,4414.34,4414.34,4414.34,4414.34,0.00,0.00,0.0,BULLISH,0.0,4414.34,4414.34,4414.34,4414.34,36,CLEARED_>=20s,1.0,0.0,0.0,0.0,0.0,0.0,0.0,PASS_<20%,0.00,0.0,NO,STANDBY_VEL_LOW,0,0.00,4590.00,78.36,FALSE,M1_DIRECTION_MISMATCH
2026-09-07 16:09:37.334,1788797377.334,11612,75,553,4414.34,4414.42,8.0,PASS_<=10c,+0.0,FLAT,+0.0,+0.0,4.2,+0.00,0.00,SLOW,4414.34,4414.34,4414.34,4414.34,0.00,0.00,0.0,BULLISH,0.0,4414.34,4414.34,4414.34,4414.34,37,CLEARED_>=20s,1.0,0.0,0.0,0.0,0.0,0.0,0.0,PASS_<20%,0.00,0.0,NO,STANDBY_VEL_LOW,0,0.00,4590.00,78.36,FALSE,M1_DIRECTION_MISMATCH
2026-09-07 16:09:37.836,1788797377.836,11613,76,554,4414.34,4414.42,8.0,PASS_<=10c,+0.0,FLAT,+0.0,+0.0,4.2,+0.00,0.00,SLOW,4414.34,4414.34,4414.34,4414.34,0.00,0.00,0.0,BULLISH,0.0,4414.34,4414.34,4414.34,4414.34,37,CLEARED_>=20s,1.0,0.0,0.0,0.0,0.0,0.0,0.0,PASS_<20%,0.00,0.0,NO,STANDBY_VEL_LOW,0,0.00,4590.00,78.36,FALSE,M1_DIRECTION_MISMATCH
2026-09-07 16:09:38.337,1788797378.338,11614,77,555,4414.34,4414.42,8.0,PASS_<=10c,+0.0,FLAT,+0.0,+0.0,4.2,+0.00,0.00,SLOW,4414.34,4414.34,4414.34,4414.34,0.00,0.00,0.0,BULLISH,0.0,4414.34,4414.34,4414.34,4414.34,38,CLEARED_>=20s,1.0,0.0,0.0,0.0,0.0,0.0,0.0,PASS_<20%,0.00,0.0,NO,STANDBY_VEL_LOW,0,0.00,4590.00,78.36,FALSE,M1_DIRECTION_MISMATCH
2026-09-07 16:09:38.839,1788797378.839,11615,78,556,4414.34,4414.42,8.0,PASS_<=10c,+0.0,FLAT,+0.0,+0.0,4.2,+0.00,0.00,SLOW,4414.34,4414.34,4414.34,4414.34,0.00,0.00,0.0,BULLISH,0.0,4414.34,4414.34,4414.34,4414.34,38,CLEARED_>=20s,1.0,0.0,0.0,0.0,0.0,0.0,0.0,PASS_<20%,0.00,0.0,NO,STANDBY_VEL_LOW,0,0.00,4590.00,78.36,FALSE,M1_DIRECTION_MISMATCH
2026-09-07 16:09:39.341,1788797379.341,11616,79,557,4414.34,4414.42,8.0,PASS_<=10c,+0.0,FLAT,+0.0,+0.0,4.2,+0.00,0.00,SLOW,4414.34,4414.34,4414.34,4414.34,0.00,0.00,0.0,BULLISH,0.0,4414.34,4414.34,4414.34,4414.34,39,CLEARED_>=20s,1.0,0.0,0.0,0.0,0.0,0.0,0.0,PASS_<20%,0.00,0.0,NO,STANDBY_VEL_LOW,0,0.00,4590.00,78.36,FALSE,M1_DIRECTION_MISMATCH
2026-09-07 16:09:39.842,1788797379.842,11617,80,558,4414.34,4414.42,8.0,PASS_<=10c,+0.0,FLAT,+0.0,+0.0,4.2,+0.00,0.00,SLOW,4414.34,4414.34,4414.34,4414.34,0.00,0.00,0.0,BULLISH,0.0,4414.34,4414.34,4414.34,4414.34,39,CLEARED_>=20s,1.0,0.0,0.0,0.0,0.0,0.0,0.0,PASS_<20%,0.00,0.0,NO,STANDBY_VEL_LOW,0,0.00,4590.00,78.36,FALSE,M1_DIRECTION_MISMATCH
2026-09-07 16:09:40.343,1788797380.344,11618,81,559,4414.34,4414.42,8.0,PASS_<=10c,+0.0,FLAT,+0.0,+0.0,4.2,+0.00,0.00,SLOW,4414.34,4414.34,4414.34,4414.34,0.00,0.00,0.0,BULLISH,0.0,4414.34,4414.34,4414.34,4414.34,40,CLEARED_>=20s,1.0,0.0,0.0,0.0,0.0,0.0,0.0,PASS_<20%,0.00,0.0,NO,STANDBY_VEL_LOW,0,0.00,4590.00,78.36,FALSE,M1_DIRECTION_MISMATCH
2026-09-07 16:09:40.845,1788797380.846,11619,82,560,4414.34,4414.42,8.0,PASS_<=10c,+0.0,FLAT,+0.0,+0.0,4.2,+0.00,0.00,SLOW,4414.34,4414.34,4414.34,4414.34,0.00,0.00,0.0,BULLISH,0.0,4414.34,4414.34,4414.34,4414.34,40,CLEARED_>=20s,1.0,0.0,0.0,0.0,0.0,0.0,0.0,PASS_<20%,0.00,0.0,NO,STANDBY_VEL_LOW,0,0.00,4590.00,78.36,FALSE,M1_DIRECTION_MISMATCH
2026-09-07 16:09:41.347,1788797381.348,11620,83,561,4414.34,4414.42,8.0,PASS_<=10c,+0.0,FLAT,+0.0,+0.0,4.2,+0.00,0.00,SLOW,4414.34,4414.34,4414.34,4414.34,0.00,0.00,0.0,BULLISH,0.0,4414.34,4414.34,4414.34,4414.34,41,CLEARED_>=20s,1.0,0.0,0.0,0.0,0.0,0.0,0.0,PASS_<20%,0.00,0.0,NO,STANDBY_VEL_LOW,0,0.00,4590.00,78.36,FALSE,M1_DIRECTION_MISMATCH
2026-09-07 16:09:41.849,1788797381.850,11621,84,562,4414.34,4414.42,8.0,PASS_<=10c,+0.0,FLAT,+0.0,+0.0,4.2,+0.00,0.00,SLOW,4414.34,4414.34,4414.34,4414.34,0.00,0.00,0.0,BULLISH,0.0,4414.34,4414.34,4414.34,4414.34,41,CLEARED_>=20s,1.0,0.0,0.0,0.0,0.0,0.0,0.0,PASS_<20%,0.00,0.0,NO,STANDBY_VEL_LOW,0,0.00,4590.00,78.36,FALSE,M1_DIRECTION_MISMATCH
2026-09-07 16:09:42.350,1788797382.351,11622,85,563,4414.34,4414.42,8.0,PASS_<=10c,+0.0,FLAT,+0.0,+0.0,4.2,+0.00,0.00,SLOW,4414.34,4414.34,4414.34,4414.34,0.00,0.00,0.0,BULLISH,0.0,4414.34,4414.34,4414.34,4414.34,42,CLEARED_>=20s,1.0,0.0,0.0,0.0,0.0,0.0,0.0,PASS_<20%,0.00,0.0,NO,STANDBY_VEL_LOW,0,0.00,4590.00,78.36,FALSE,M1_DIRECTION_MISMATCH
2026-09-07 16:09:42.853,1788797382.853,11623,86,564,4414.34,4414.42,8.0,PASS_<=10c,+0.0,FLAT,+0.0,+0.0,4.2,+0.00,0.00,SLOW,4414.34,4414.34,4414.34,4414.34,0.00,0.00,0.0,BULLISH,0.0,4414.34,4414.34,4414.34,4414.34,42,CLEARED_>=20s,1.0,0.0,0.0,0.0,0.0,0.0,0.0,PASS_<20%,0.00,0.0,NO,STANDBY_VEL_LOW,0,0.00,4590.00,78.36,FALSE,M1_DIRECTION_MISMATCH
2026-09-07 16:09:43.354,1788797383.355,11624,87,565,4414.34,4414.42,8.0,PASS_<=10c,+0.0,FLAT,+0.0,+0.0,4.2,+0.00,0.00,SLOW,4414.34,4414.34,4414.34,4414.34,0.00,0.00,0.0,BULLISH,0.0,4414.34,4414.34,4414.34,4414.34,43,CLEARED_>=20s,1.0,0.0,0.0,0.0,0.0,0.0,0.0,PASS_<20%,0.00,0.0,NO,STANDBY_VEL_LOW,0,0.00,4590.00,78.36,FALSE,M1_DIRECTION_MISMATCH
2026-09-07 16:09:43.856,1788797383.857,11625,88,566,4414.34,4414.42,8.0,PASS_<=10c,+0.0,FLAT,+0.0,+0.0,4.2,+0.00,0.00,SLOW,4414.34,4414.34,4414.34,4414.34,0.00,0.00,0.0,BULLISH,0.0,4414.34,4414.34,4414.34,4414.34,43,CLEARED_>=20s,1.0,0.0,0.0,0.0,0.0,0.0,0.0,PASS_<20%,0.00,0.0,NO,STANDBY_VEL_LOW,0,0.00,4590.00,78.36,FALSE,M1_DIRECTION_MISMATCH
2026-09-07 16:09:44.358,1788797384.359,11626,89,567,4414.34,4414.42,8.0,PASS_<=10c,+0.0,FLAT,+0.0,+0.0,4.2,+0.00,0.00,SLOW,4414.34,4414.34,4414.34,4414.34,0.00,0.00,0.0,BULLISH,0.0,4414.34,4414.34,4414.34,4414.34,44,CLEARED_>=20s,1.0,0.0,0.0,0.0,0.0,0.0,0.0,PASS_<20%,0.00,0.0,NO,STANDBY_VEL_LOW,0,0.00,4590.00,78.36,FALSE,M1_DIRECTION_MISMATCH
2026-09-07 16:09:44.860,1788797384.860,11627,90,568,4414.34,4414.42,8.0,PASS_<=10c,+0.0,FLAT,+0.0,+0.0,4.2,+0.00,0.00,SLOW,4414.34,4414.34,4414.34,4414.34,0.00,0.00,0.0,BULLISH,0.0,4414.34,4414.34,4414.34,4414.34,44,CLEARED_>=20s,1.0,0.0,0.0,0.0,0.0,0.0,0.0,PASS_<20%,0.00,0.0,NO,STANDBY_VEL_LOW,0,0.00,4590.00,78.36,FALSE,M1_DIRECTION_MISMATCH
2026-09-07 16:09:45.360,1788797385.361,11628,91,569,4414.34,4414.42,8.0,PASS_<=10c,+0.0,FLAT,+0.0,+0.0,4.2,+0.00,0.00,SLOW,4414.34,4414.34,4414.34,4414.34,0.00,0.00,0.0,BULLISH,0.0,4414.34,4414.34,4414.34,4414.34,45,CLEARED_>=20s,1.0,0.0,0.0,0.0,0.0,0.0,0.0,PASS_<20%,0.00,0.0,NO,STANDBY_VEL_LOW,0,0.00,4590.00,78.36,FALSE,M1_DIRECTION_MISMATCH
2026-09-07 16:09:45.862,1788797385.863,11629,92,570,4414.34,4414.42,8.0,PASS_<=10c,+0.0,FLAT,+0.0,+0.0,4.2,+0.00,0.00,SLOW,4414.34,4414.34,4414.34,4414.34,0.00,0.00,0.0,BULLISH,0.0,4414.34,4414.34,4414.34,4414.34,45,CLEARED_>=20s,1.0,0.0,0.0,0.0,0.0,0.0,0.0,PASS_<20%,0.00,0.0,NO,STANDBY_VEL_LOW,0,0.00,4590.00,78.36,FALSE,M1_DIRECTION_MISMATCH
2026-09-07 16:09:46.364,1788797386.365,11630,93,571,4414.34,4414.42,8.0,PASS_<=10c,+0.0,FLAT,+0.0,+0.0,4.2,+0.00,0.00,SLOW,4414.34,4414.34,4414.34,4414.34,0.00,0.00,0.0,BULLISH,0.0,4414.34,4414.34,4414.34,4414.34,46,CLEARED_>=20s,1.0,0.0,0.0,0.0,0.0,0.0,0.0,PASS_<20%,0.00,0.0,NO,STANDBY_VEL_LOW,0,0.00,4590.00,78.36,FALSE,M1_DIRECTION_MISMATCH
2026-09-07 16:09:46.866,1788797386.866,11631,94,572,4414.34,4414.42,8.0,PASS_<=10c,+0.0,FLAT,+0.0,+0.0,4.2,+0.00,0.00,SLOW,4414.34,4414.34,4414.34,4414.34,0.00,0.00,0.0,BULLISH,0.0,4414.34,4414.34,4414.34,4414.34,46,CLEARED_>=20s,1.0,0.0,0.0,0.0,0.0,0.0,0.0,PASS_<20%,0.00,0.0,NO,STANDBY_VEL_LOW,0,0.00,4590.00,78.36,FALSE,M1_DIRECTION_MISMATCH
2026-09-07 16:09:47.368,1788797387.368,11632,95,573,4414.34,4414.42,8.0,PASS_<=10c,+0.0,FLAT,+0.0,+0.0,4.2,+0.00,0.00,SLOW,4414.34,4414.34,4414.34,4414.34,0.00,0.00,0.0,BULLISH,0.0,4414.34,4414.34,4414.34,4414.34,47,CLEARED_>=20s,1.0,0.0,0.0,0.0,0.0,0.0,0.0,PASS_<20%,0.00,0.0,NO,STANDBY_VEL_LOW,0,0.00,4590.00,78.36,FALSE,M1_DIRECTION_MISMATCH
2026-09-07 16:09:47.869,1788797387.869,11633,96,574,4414.34,4414.42,8.0,PASS_<=10c,+0.0,FLAT,+0.0,+0.0,4.2,+0.00,0.00,SLOW,4414.34,4414.34,4414.34,4414.34,0.00,0.00,0.0,BULLISH,0.0,4414.34,4414.34,4414.34,4414.34,47,CLEARED_>=20s,1.0,0.0,0.0,0.0,0.0,0.0,0.0,PASS_<20%,0.00,0.0,NO,STANDBY_VEL_LOW,0,0.00,4590.00,78.36,FALSE,M1_DIRECTION_MISMATCH
2026-09-07 16:09:48.370,1788797388.370,11634,97,575,4414.34,4414.42,8.0,PASS_<=10c,+0.0,FLAT,+0.0,+0.0,4.2,+0.00,0.00,SLOW,4414.34,4414.34,4414.34,4414.34,0.00,0.00,0.0,BULLISH,0.0,4414.34,4414.34,4414.34,4414.34,48,CLEARED_>=20s,1.0,0.0,0.0,0.0,0.0,0.0,0.0,PASS_<20%,0.00,0.0,NO,STANDBY_VEL_LOW,0,0.00,4590.00,78.36,FALSE,M1_DIRECTION_MISMATCH
2026-09-07 16:09:48.873,1788797388.873,11635,98,576,4414.34,4414.42,8.0,PASS_<=10c,+0.0,FLAT,+0.0,+0.0,4.2,+0.00,0.00,SLOW,4414.34,4414.34,4414.34,4414.34,0.00,0.00,0.0,BULLISH,0.0,4414.34,4414.34,4414.34,4414.34,48,CLEARED_>=20s,1.0,0.0,0.0,0.0,0.0,0.0,0.0,PASS_<20%,0.00,0.0,NO,STANDBY_VEL_LOW,0,0.00,4590.00,78.36,FALSE,M1_DIRECTION_MISMATCH
2026-09-07 16:09:49.374,1788797389.375,11636,99,577,4414.34,4414.42,8.0,PASS_<=10c,+0.0,FLAT,+0.0,+0.0,4.2,+0.00,0.00,SLOW,4414.34,4414.34,4414.34,4414.34,0.00,0.00,0.0,BULLISH,0.0,4414.34,4414.34,4414.34,4414.34,49,CLEARED_>=20s,1.0,0.0,0.0,0.0,0.0,0.0,0.0,PASS_<20%,0.00,0.0,NO,STANDBY_VEL_LOW,0,0.00,4590.00,78.36,FALSE,M1_DIRECTION_MISMATCH
2026-09-07 16:09:49.875,1788797389.876,11637,100,578,4414.34,4414.42,8.0,PASS_<=10c,+0.0,FLAT,+0.0,+0.0,4.2,+0.00,0.00,SLOW,4414.34,4414.34,4414.34,4414.34,0.00,0.00,0.0,BULLISH,0.0,4414.34,4414.34,4414.34,4414.34,49,CLEARED_>=20s,1.0,0.0,0.0,0.0,0.0,0.0,0.0,PASS_<20%,0.00,0.0,NO,STANDBY_VEL_LOW,0,0.00,4590.00,78.36,FALSE,M1_DIRECTION_MISMATCH
2026-09-07 16:09:50.377,1788797390.378,11638,101,579,4414.34,4414.42,8.0,PASS_<=10c,+0.0,FLAT,+0.0,+0.0,4.2,+0.00,0.00,SLOW,4414.34,4414.34,4414.34,4414.34,0.00,0.00,0.0,BULLISH,0.0,4414.34,4414.34,4414.34,4414.34,50,CLEARED_>=20s,1.0,0.0,0.0,0.0,0.0,0.0,0.0,PASS_<20%,0.00,0.0,NO,STANDBY_VEL_LOW,0,0.00,4590.00,78.36,FALSE,M1_DIRECTION_MISMATCH
2026-09-07 16:09:50.880,1788797390.880,11639,102,580,4414.34,4414.42,8.0,PASS_<=10c,+0.0,FLAT,+0.0,+0.0,4.2,+0.00,0.00,SLOW,4414.34,4414.34,4414.34,4414.34,0.00,0.00,0.0,BULLISH,0.0,4414.34,4414.34,4414.34,4414.34,50,CLEARED_>=20s,1.0,0.0,0.0,0.0,0.0,0.0,0.0,PASS_<20%,0.00,0.0,NO,STANDBY_VEL_LOW,0,0.00,4590.00,78.36,FALSE,M1_DIRECTION_MISMATCH
2026-09-07 16:09:51.381,1788797391.381,11640,103,581,4414.34,4414.42,8.0,PASS_<=10c,+0.0,FLAT,+0.0,+0.0,4.2,+0.00,0.00,SLOW,4414.34,4414.34,4414.34,4414.34,0.00,0.00,0.0,BULLISH,0.0,4414.34,4414.34,4414.34,4414.34,51,CLEARED_>=20s,1.0,0.0,0.0,0.0,0.0,0.0,0.0,PASS_<20%,0.00,0.0,NO,STANDBY_VEL_LOW,0,0.00,4590.00,78.36,FALSE,M1_DIRECTION_MISMATCH
2026-09-07 16:09:51.883,1788797391.883,11641,104,582,4414.34,4414.42,8.0,PASS_<=10c,+0.0,FLAT,+0.0,+0.0,4.2,+0.00,0.00,SLOW,4414.34,4414.34,4414.34,4414.34,0.00,0.00,0.0,BULLISH,0.0,4414.34,4414.34,4414.34,4414.34,51,CLEARED_>=20s,1.0,0.0,0.0,0.0,0.0,0.0,0.0,PASS_<20%,0.00,0.0,NO,STANDBY_VEL_LOW,0,0.00,4590.00,78.36,FALSE,M1_DIRECTION_MISMATCH
2026-09-07 16:09:52.385,1788797392.385,11642,105,583,4414.34,4414.42,8.0,PASS_<=10c,+0.0,FLAT,+0.0,+0.0,4.2,+0.00,0.00,SLOW,4414.34,4414.34,4414.34,4414.34,0.00,0.00,0.0,BULLISH,0.0,4414.34,4414.34,4414.34,4414.34,52,CLEARED_>=20s,1.0,0.0,0.0,0.0,0.0,0.0,0.0,PASS_<20%,0.00,0.0,NO,STANDBY_VEL_LOW,0,0.00,4590.00,78.36,FALSE,M1_DIRECTION_MISMATCH
2026-09-07 16:09:52.885,1788797392.886,11643,106,584,4414.34,4414.42,8.0,PASS_<=10c,+0.0,FLAT,+0.0,+0.0,4.2,+0.00,0.00,SLOW,4414.34,4414.34,4414.34,4414.34,0.00,0.00,0.0,BULLISH,0.0,4414.34,4414.34,4414.34,4414.34,52,CLEARED_>=20s,1.0,0.0,0.0,0.0,0.0,0.0,0.0,PASS_<20%,0.00,0.0,NO,STANDBY_VEL_LOW,0,0.00,4590.00,78.36,FALSE,M1_DIRECTION_MISMATCH
2026-09-07 16:09:53.387,1788797393.387,11644,107,585,4414.34,4414.42,8.0,PASS_<=10c,+0.0,FLAT,+0.0,+0.0,4.2,+0.00,0.00,SLOW,4414.34,4414.34,4414.34,4414.34,0.00,0.00,0.0,BULLISH,0.0,4414.34,4414.34,4414.34,4414.34,53,CLEARED_>=20s,1.0,0.0,0.0,0.0,0.0,0.0,0.0,PASS_<20%,0.00,0.0,NO,STANDBY_VEL_LOW,0,0.00,4590.00,78.36,FALSE,M1_DIRECTION_MISMATCH
2026-09-07 16:09:53.892,1788797393.892,11645,108,586,4414.34,4414.42,8.0,PASS_<=10c,+0.0,FLAT,+0.0,+0.0,4.2,+0.00,0.00,SLOW,4414.34,4414.34,4414.34,4414.34,0.00,0.00,0.0,BULLISH,0.0,4414.34,4414.34,4414.34,4414.34,53,CLEARED_>=20s,1.0,0.0,0.0,0.0,0.0,0.0,0.0,PASS_<20%,0.00,0.0,NO,STANDBY_VEL_LOW,0,0.00,4590.00,78.36,FALSE,M1_DIRECTION_MISMATCH
2026-09-07 16:09:54.395,1788797394.395,11646,109,587,4414.34,4414.42,8.0,PASS_<=10c,+0.0,FLAT,+0.0,+0.0,4.2,+0.00,0.00,SLOW,4414.34,4414.34,4414.34,4414.34,0.00,0.00,0.0,BULLISH,0.0,4414.34,4414.34,4414.34,4414.34,54,CLEARED_>=20s,1.0,0.0,0.0,0.0,0.0,0.0,0.0,PASS_<20%,0.00,0.0,NO,STANDBY_VEL_LOW,0,0.00,4590.00,78.36,FALSE,M1_DIRECTION_MISMATCH
2026-09-07 16:09:54.893,1788797394.894,11647,110,588,4414.34,4414.42,8.0,PASS_<=10c,+0.0,FLAT,+0.0,+0.0,4.2,+0.00,0.00,SLOW,4414.34,4414.34,4414.34,4414.34,0.00,0.00,0.0,BULLISH,0.0,4414.34,4414.34,4414.34,4414.34,54,CLEARED_>=20s,1.0,0.0,0.0,0.0,0.0,0.0,0.0,PASS_<20%,0.00,0.0,NO,STANDBY_VEL_LOW,0,0.00,4590.00,78.36,FALSE,M1_DIRECTION_MISMATCH
2026-09-07 16:09:55.395,1788797395.396,11648,111,589,4414.34,4414.42,8.0,PASS_<=10c,+0.0,FLAT,+0.0,+0.0,4.2,+0.00,0.00,SLOW,4414.34,4414.34,4414.34,4414.34,0.00,0.00,0.0,BULLISH,0.0,4414.34,4414.34,4414.34,4414.34,55,CLEARED_>=20s,1.0,0.0,0.0,0.0,0.0,0.0,0.0,PASS_<20%,0.00,0.0,NO,STANDBY_VEL_LOW,0,0.00,4590.00,78.36,FALSE,M1_DIRECTION_MISMATCH
2026-09-07 16:09:55.897,1788797395.898,11649,112,590,4414.34,4414.42,8.0,PASS_<=10c,+0.0,FLAT,+0.0,+0.0,4.2,+0.00,0.00,SLOW,4414.34,4414.34,4414.34,4414.34,0.00,0.00,0.0,BULLISH,0.0,4414.34,4414.34,4414.34,4414.34,55,CLEARED_>=20s,1.0,0.0,0.0,0.0,0.0,0.0,0.0,PASS_<20%,0.00,0.0,NO,STANDBY_VEL_LOW,0,0.00,4590.00,78.36,FALSE,M1_DIRECTION_MISMATCH
2026-09-07 16:09:56.399,1788797396.400,11650,113,591,4414.34,4414.42,8.0,PASS_<=10c,+0.0,FLAT,+0.0,+0.0,4.2,+0.00,0.00,SLOW,4414.34,4414.34,4414.34,4414.34,0.00,0.00,0.0,BULLISH,0.0,4414.34,4414.34,4414.34,4414.34,56,CLEARED_>=20s,1.0,0.0,0.0,0.0,0.0,0.0,0.0,PASS_<20%,0.00,0.0,NO,STANDBY_VEL_LOW,0,0.00,4590.00,78.36,FALSE,M1_DIRECTION_MISMATCH
2026-09-07 16:09:56.901,1788797396.901,11651,114,592,4414.34,4414.42,8.0,PASS_<=10c,+0.0,FLAT,+0.0,+0.0,4.2,+0.00,0.00,SLOW,4414.34,4414.34,4414.34,4414.34,0.00,0.00,0.0,BULLISH,0.0,4414.34,4414.34,4414.34,4414.34,56,CLEARED_>=20s,1.0,0.0,0.0,0.0,0.0,0.0,0.0,PASS_<20%,0.00,0.0,NO,STANDBY_VEL_LOW,0,0.00,4590.00,78.36,FALSE,M1_DIRECTION_MISMATCH
2026-09-07 16:09:57.402,1788797397.403,11652,115,593,4414.34,4414.42,8.0,PASS_<=10c,+0.0,FLAT,+0.0,+0.0,4.2,+0.00,0.00,SLOW,4414.34,4414.34,4414.34,4414.34,0.00,0.00,0.0,BULLISH,0.0,4414.34,4414.34,4414.34,4414.34,57,CLEARED_>=20s,1.0,0.0,0.0,0.0,0.0,0.0,0.0,PASS_<20%,0.00,0.0,NO,STANDBY_VEL_LOW,0,0.00,4590.00,78.36,FALSE,M1_DIRECTION_MISMATCH
2026-09-07 16:09:57.905,1788797397.905,11653,116,594,4414.34,4414.42,8.0,PASS_<=10c,+0.0,FLAT,+0.0,+0.0,4.2,+0.00,0.00,SLOW,4414.34,4414.34,4414.34,4414.34,0.00,0.00,0.0,BULLISH,0.0,4414.34,4414.34,4414.34,4414.34,57,CLEARED_>=20s,1.0,0.0,0.0,0.0,0.0,0.0,0.0,PASS_<20%,0.00,0.0,NO,STANDBY_VEL_LOW,0,0.00,4590.00,78.36,FALSE,M1_DIRECTION_MISMATCH
2026-09-07 16:09:58.408,1788797398.408,11654,117,595,4414.34,4414.42,8.0,PASS_<=10c,+0.0,FLAT,+0.0,+0.0,4.2,+0.00,0.00,SLOW,4414.34,4414.34,4414.34,4414.34,0.00,0.00,0.0,BULLISH,0.0,4414.34,4414.34,4414.34,4414.34,58,CLEARED_>=20s,1.0,0.0,0.0,0.0,0.0,0.0,0.0,PASS_<20%,0.00,0.0,NO,STANDBY_VEL_LOW,0,0.00,4590.00,78.36,FALSE,M1_DIRECTION_MISMATCH
2026-09-07 16:09:58.908,1788797398.909,11655,118,596,4414.34,4414.42,8.0,PASS_<=10c,+0.0,FLAT,+0.0,+0.0,4.2,+0.00,0.00,SLOW,4414.34,4414.34,4414.34,4414.34,0.00,0.00,0.0,BULLISH,0.0,4414.34,4414.34,4414.34,4414.34,58,CLEARED_>=20s,1.0,0.0,0.0,0.0,0.0,0.0,0.0,PASS_<20%,0.00,0.0,NO,STANDBY_VEL_LOW,0,0.00,4590.00,78.36,FALSE,M1_DIRECTION_MISMATCH
2026-09-07 16:09:59.411,1788797399.412,11656,119,597,4414.34,4414.42,8.0,PASS_<=10c,+0.0,FLAT,+0.0,+0.0,4.2,+0.00,0.00,SLOW,4414.34,4414.34,4414.34,4414.34,0.00,0.00,0.0,BULLISH,0.0,4414.34,4414.34,4414.34,4414.34,59,CLEARED_>=20s,1.0,0.0,0.0,0.0,0.0,0.0,0.0,PASS_<20%,0.00,0.0,NO,STANDBY_VEL_LOW,0,0.00,4590.00,78.36,FALSE,M1_DIRECTION_MISMATCH
2026-09-07 16:09:59.912,1788797399.913,11657,120,598,4414.34,4414.42,8.0,PASS_<=10c,+0.0,FLAT,+0.0,+0.0,4.2,+0.00,0.00,SLOW,4414.34,4414.34,4414.34,4414.34,0.00,0.00,0.0,BULLISH,0.0,4414.34,4414.34,4414.34,4414.34,59,CLEARED_>=20s,1.0,0.0,0.0,0.0,0.0,0.0,0.0,PASS_<20%,0.00,0.0,NO,STANDBY_VEL_LOW,0,0.00,4590.00,78.36,FALSE,M1_DIRECTION_MISMATCH
2026-09-07 16:10:00.414,1788797400.414,11658,1,1,4414.34,4414.42,8.0,PASS_<=10c,+0.0,FLAT,+0.0,+0.0,4.2,+0.00,0.00,SLOW,4414.34,4414.34,4414.34,4414.34,0.00,0.00,0.0,BULLISH,0.0,4414.34,4414.34,4414.34,4414.34,0,ACTIVE_0s,1.0,0.0,0.0,0.0,0.0,0.0,0.0,PASS_<20%,0.00,0.0,NO,STANDBY_VEL_LOW,0,0.00,4590.00,78.36,FALSE,M1_DIRECTION_MISMATCH|OPENING_SHIELD_ACTIVE_0s
2026-09-07 16:10:00.915,1788797400.915,11659,2,2,4414.34,4414.42,8.0,PASS_<=10c,+0.0,FLAT,+0.0,+0.0,4.2,+0.00,0.00,SLOW,4414.34,4414.34,4414.34,4414.34,0.00,0.00,0.0,BULLISH,0.0,4414.34,4414.34,4414.34,4414.34,0,ACTIVE_0s,1.0,0.0,0.0,0.0,0.0,0.0,0.0,PASS_<20%,0.00,0.0,NO,STANDBY_VEL_LOW,0,0.00,4590.00,78.36,FALSE,M1_DIRECTION_MISMATCH|OPENING_SHIELD_ACTIVE_0s
2026-09-07 16:10:01.416,1788797401.417,11660,3,3,4414.34,4414.42,8.0,PASS_<=10c,+0.0,FLAT,+0.0,+0.0,4.2,+0.00,0.00,SLOW,4414.34,4414.34,4414.34,4414.34,0.00,0.00,0.0,BULLISH,0.0,4414.34,4414.34,4414.34,4414.34,1,ACTIVE_1s,1.0,0.0,0.0,0.0,0.0,0.0,0.0,PASS_<20%,0.00,0.0,NO,STANDBY_VEL_LOW,0,0.00,4590.00,78.36,FALSE,M1_DIRECTION_MISMATCH|OPENING_SHIELD_ACTIVE_1s
2026-09-07 16:10:01.919,1788797401.919,11661,4,4,4414.34,4414.42,8.0,PASS_<=10c,+0.0,FLAT,+0.0,+0.0,4.2,+0.00,0.00,SLOW,4414.34,4414.34,4414.34,4414.34,0.00,0.00,0.0,BULLISH,0.0,4414.34,4414.34,4414.34,4414.34,1,ACTIVE_1s,1.0,0.0,0.0,0.0,0.0,0.0,0.0,PASS_<20%,0.00,0.0,NO,STANDBY_VEL_LOW,0,0.00,4590.00,78.36,FALSE,M1_DIRECTION_MISMATCH|OPENING_SHIELD_ACTIVE_1s
2026-09-07 16:10:02.420,1788797402.421,11662,5,5,4414.34,4414.42,8.0,PASS_<=10c,+0.0,FLAT,+0.0,+0.0,4.2,+0.00,0.00,SLOW,4414.34,4414.34,4414.34,4414.34,0.00,0.00,0.0,BULLISH,0.0,4414.34,4414.34,4414.34,4414.34,2,ACTIVE_2s,1.0,0.0,0.0,0.0,0.0,0.0,0.0,PASS_<20%,0.00,0.0,NO,STANDBY_VEL_LOW,0,0.00,4590.00,78.36,FALSE,M1_DIRECTION_MISMATCH|OPENING_SHIELD_ACTIVE_2s
2026-09-07 16:10:02.922,1788797402.923,11663,6,6,4414.34,4414.42,8.0,PASS_<=10c,+0.0,FLAT,+0.0,+0.0,4.2,+0.00,0.00,SLOW,4414.34,4414.34,4414.34,4414.34,0.00,0.00,0.0,BULLISH,0.0,4414.34,4414.34,4414.34,4414.34,2,ACTIVE_2s,1.0,0.0,0.0,0.0,0.0,0.0,0.0,PASS_<20%,0.00,0.0,NO,STANDBY_VEL_LOW,0,0.00,4590.00,78.36,FALSE,M1_DIRECTION_MISMATCH|OPENING_SHIELD_ACTIVE_2s
2026-09-07 16:10:03.424,1788797403.425,11664,7,7,4414.34,4414.42,8.0,PASS_<=10c,+0.0,FLAT,+0.0,+0.0,4.2,+0.00,0.00,SLOW,4414.34,4414.34,4414.34,4414.34,0.00,0.00,0.0,BULLISH,0.0,4414.34,4414.34,4414.34,4414.34,3,ACTIVE_3s,1.0,0.0,0.0,0.0,0.0,0.0,0.0,PASS_<20%,0.00,0.0,NO,STANDBY_VEL_LOW,0,0.00,4590.00,78.36,FALSE,M1_DIRECTION_MISMATCH|OPENING_SHIELD_ACTIVE_3s
2026-09-07 16:10:03.926,1788797403.926,11665,8,8,4414.34,4414.42,8.0,PASS_<=10c,+0.0,FLAT,+0.0,+0.0,4.2,+0.00,0.00,SLOW,4414.34,4414.34,4414.34,4414.34,0.00,0.00,0.0,BULLISH,0.0,4414.34,4414.34,4414.34,4414.34,3,ACTIVE_3s,1.0,0.0,0.0,0.0,0.0,0.0,0.0,PASS_<20%,0.00,0.0,NO,STANDBY_VEL_LOW,0,0.00,4590.00,78.36,FALSE,M1_DIRECTION_MISMATCH|OPENING_SHIELD_ACTIVE_3s
2026-09-07 16:10:04.427,1788797404.428,11666,9,9,4414.34,4414.42,8.0,PASS_<=10c,+0.0,FLAT,+0.0,+0.0,4.2,+0.00,0.00,SLOW,4414.34,4414.34,4414.34,4414.34,0.00,0.00,0.0,BULLISH,0.0,4414.34,4414.34,4414.34,4414.34,4,ACTIVE_4s,1.0,0.0,0.0,0.0,0.0,0.0,0.0,PASS_<20%,0.00,0.0,NO,STANDBY_VEL_LOW,0,0.00,4590.00,78.36,FALSE,M1_DIRECTION_MISMATCH|OPENING_SHIELD_ACTIVE_4s
2026-09-07 16:10:04.929,1788797404.929,11667,10,10,4414.34,4414.42,8.0,PASS_<=10c,+0.0,FLAT,+0.0,+0.0,4.2,+0.00,0.00,SLOW,4414.34,4414.34,4414.34,4414.34,0.00,0.00,0.0,BULLISH,0.0,4414.34,4414.34,4414.34,4414.34,4,ACTIVE_4s,1.0,0.0,0.0,0.0,0.0,0.0,0.0,PASS_<20%,0.00,0.0,NO,STANDBY_VEL_LOW,0,0.00,4590.00,78.36,FALSE,M1_DIRECTION_MISMATCH|OPENING_SHIELD_ACTIVE_4s
2026-09-07 16:10:05.431,1788797405.431,11668,11,11,4414.34,4414.42,8.0,PASS_<=10c,+0.0,FLAT,+0.0,+0.0,4.2,+0.00,0.00,SLOW,4414.34,4414.34,4414.34,4414.34,0.00,0.00,0.0,BULLISH,0.0,4414.34,4414.34,4414.34,4414.34,5,ACTIVE_5s,1.0,0.0,0.0,0.0,0.0,0.0,0.0,PASS_<20%,0.00,0.0,NO,STANDBY_VEL_LOW,0,0.00,4590.00,78.36,FALSE,M1_DIRECTION_MISMATCH|OPENING_SHIELD_ACTIVE_5s
2026-09-07 16:10:05.932,1788797405.933,11669,12,12,4414.34,4414.42,8.0,PASS_<=10c,+0.0,FLAT,+0.0,+0.0,4.2,+0.00,0.00,SLOW,4414.34,4414.34,4414.34,4414.34,0.00,0.00,0.0,BULLISH,0.0,4414.34,4414.34,4414.34,4414.34,5,ACTIVE_5s,1.0,0.0,0.0,0.0,0.0,0.0,0.0,PASS_<20%,0.00,0.0,NO,STANDBY_VEL_LOW,0,0.00,4590.00,78.36,FALSE,M1_DIRECTION_MISMATCH|OPENING_SHIELD_ACTIVE_5s
2026-09-07 16:10:06.434,1788797406.434,11670,13,13,4414.34,4414.42,8.0,PASS_<=10c,+0.0,FLAT,+0.0,+0.0,4.2,+0.00,0.00,SLOW,4414.34,4414.34,4414.34,4414.34,0.00,0.00,0.0,BULLISH,0.0,4414.34,4414.34,4414.34,4414.34,6,ACTIVE_6s,1.0,0.0,0.0,0.0,0.0,0.0,0.0,PASS_<20%,0.00,0.0,NO,STANDBY_VEL_LOW,0,0.00,4590.00,78.36,FALSE,M1_DIRECTION_MISMATCH|OPENING_SHIELD_ACTIVE_6s
2026-09-07 16:10:06.935,1788797406.936,11671,14,14,4414.34,4414.42,8.0,PASS_<=10c,+0.0,FLAT,+0.0,+0.0,4.2,+0.00,0.00,SLOW,4414.34,4414.34,4414.34,4414.34,0.00,0.00,0.0,BULLISH,0.0,4414.34,4414.34,4414.34,4414.34,6,ACTIVE_6s,1.0,0.0,0.0,0.0,0.0,0.0,0.0,PASS_<20%,0.00,0.0,NO,STANDBY_VEL_LOW,0,0.00,4590.00,78.36,FALSE,M1_DIRECTION_MISMATCH|OPENING_SHIELD_ACTIVE_6s
2026-09-07 16:10:07.438,1788797407.438,11672,15,15,4414.34,4414.42,8.0,PASS_<=10c,+0.0,FLAT,+0.0,+0.0,4.2,+0.00,0.00,SLOW,4414.34,4414.34,4414.34,4414.34,0.00,0.00,0.0,BULLISH,0.0,4414.34,4414.34,4414.34,4414.34,7,ACTIVE_7s,1.0,0.0,0.0,0.0,0.0,0.0,0.0,PASS_<20%,0.00,0.0,NO,STANDBY_VEL_LOW,0,0.00,4590.00,78.36,FALSE,M1_DIRECTION_MISMATCH|OPENING_SHIELD_ACTIVE_7s
2026-09-07 16:10:07.939,1788797407.939,11673,16,16,4414.34,4414.42,8.0,PASS_<=10c,+0.0,FLAT,+0.0,+0.0,4.2,+0.00,0.00,SLOW,4414.34,4414.34,4414.34,4414.34,0.00,0.00,0.0,BULLISH,0.0,4414.34,4414.34,4414.34,4414.34,7,ACTIVE_7s,1.0,0.0,0.0,0.0,0.0,0.0,0.0,PASS_<20%,0.00,0.0,NO,STANDBY_VEL_LOW,0,0.00,4590.00,78.36,FALSE,M1_DIRECTION_MISMATCH|OPENING_SHIELD_ACTIVE_7s
2026-09-07 16:10:08.441,1788797408.442,11674,17,17,4414.34,4414.42,8.0,PASS_<=10c,+0.0,FLAT,+0.0,+0.0,4.2,+0.00,0.00,SLOW,4414.34,4414.34,4414.34,4414.34,0.00,0.00,0.0,BULLISH,0.0,4414.34,4414.34,4414.34,4414.34,8,ACTIVE_8s,1.0,0.0,0.0,0.0,0.0,0.0,0.0,PASS_<20%,0.00,0.0,NO,STANDBY_VEL_LOW,0,0.00,4590.00,78.36,FALSE,M1_DIRECTION_MISMATCH|OPENING_SHIELD_ACTIVE_8s
2026-09-07 16:10:08.941,1788797408.941,11675,18,18,4414.34,4414.42,8.0,PASS_<=10c,+0.0,FLAT,+0.0,+0.0,4.2,+0.00,0.00,SLOW,4414.34,4414.34,4414.34,4414.34,0.00,0.00,0.0,BULLISH,0.0,4414.34,4414.34,4414.34,4414.34,8,ACTIVE_8s,1.0,0.0,0.0,0.0,0.0,0.0,0.0,PASS_<20%,0.00,0.0,NO,STANDBY_VEL_LOW,0,0.00,4590.00,78.36,FALSE,M1_DIRECTION_MISMATCH|OPENING_SHIELD_ACTIVE_8s
2026-09-07 16:10:09.443,1788797409.443,11676,19,19,4414.34,4414.42,8.0,PASS_<=10c,+0.0,FLAT,+0.0,+0.0,4.2,+0.00,0.00,SLOW,4414.34,4414.34,4414.34,4414.34,0.00,0.00,0.0,BULLISH,0.0,4414.34,4414.34,4414.34,4414.34,9,ACTIVE_9s,1.0,0.0,0.0,0.0,0.0,0.0,0.0,PASS_<20%,0.00,0.0,NO,STANDBY_VEL_LOW,0,0.00,4590.00,78.36,FALSE,M1_DIRECTION_MISMATCH|OPENING_SHIELD_ACTIVE_9s
2026-09-07 16:10:09.944,1788797409.944,11677,20,20,4414.34,4414.42,8.0,PASS_<=10c,+0.0,FLAT,+0.0,+0.0,4.2,+0.00,0.00,SLOW,4414.34,4414.34,4414.34,4414.34,0.00,0.00,0.0,BULLISH,0.0,4414.34,4414.34,4414.34,4414.34,9,ACTIVE_9s,1.0,0.0,0.0,0.0,0.0,0.0,0.0,PASS_<20%,0.00,0.0,NO,STANDBY_VEL_LOW,0,0.00,4590.00,78.36,FALSE,M1_DIRECTION_MISMATCH|OPENING_SHIELD_ACTIVE_9s
2026-09-07 16:10:10.473,1788797410.474,11678,21,21,4414.34,4414.42,8.0,PASS_<=10c,+0.0,FLAT,+0.0,+0.0,4.2,+0.00,0.00,SLOW,4414.34,4414.34,4414.34,4414.34,0.00,0.00,0.0,BULLISH,0.0,4414.34,4414.34,4414.34,4414.34,10,ACTIVE_10s,1.0,0.0,0.0,0.0,0.0,0.0,0.0,PASS_<20%,0.00,0.0,NO,STANDBY_VEL_LOW,0,0.00,4590.00,78.36,FALSE,M1_DIRECTION_MISMATCH|OPENING_SHIELD_ACTIVE_10s
2026-09-07 16:10:10.968,1788797410.968,11679,22,22,4414.34,4414.42,8.0,PASS_<=10c,+0.0,FLAT,+0.0,+0.0,4.2,+0.00,0.00,SLOW,4414.34,4414.34,4414.34,4414.34,0.00,0.00,0.0,BULLISH,0.0,4414.34,4414.34,4414.34,4414.34,10,ACTIVE_10s,1.0,0.0,0.0,0.0,0.0,0.0,0.0,PASS_<20%,0.00,0.0,NO,STANDBY_VEL_LOW,0,0.00,4590.00,78.36,FALSE,M1_DIRECTION_MISMATCH|OPENING_SHIELD_ACTIVE_10s
2026-09-07 16:10:11.469,1788797411.470,11680,23,23,4414.34,4414.42,8.0,PASS_<=10c,+0.0,FLAT,+0.0,+0.0,4.2,+0.00,0.00,SLOW,4414.34,4414.34,4414.34,4414.34,0.00,0.00,0.0,BULLISH,0.0,4414.34,4414.34,4414.34,4414.34,11,ACTIVE_11s,1.0,0.0,0.0,0.0,0.0,0.0,0.0,PASS_<20%,0.00,0.0,NO,STANDBY_VEL_LOW,0,0.00,4590.00,78.36,FALSE,M1_DIRECTION_MISMATCH|OPENING_SHIELD_ACTIVE_11s
2026-09-07 16:10:11.970,1788797411.971,11681,24,24,4414.34,4414.42,8.0,PASS_<=10c,+0.0,FLAT,+0.0,+0.0,4.2,+0.00,0.00,SLOW,4414.34,4414.34,4414.34,4414.34,0.00,0.00,0.0,BULLISH,0.0,4414.34,4414.34,4414.34,4414.34,11,ACTIVE_11s,1.0,0.0,0.0,0.0,0.0,0.0,0.0,PASS_<20%,0.00,0.0,NO,STANDBY_VEL_LOW,0,0.00,4590.00,78.36,FALSE,M1_DIRECTION_MISMATCH|OPENING_SHIELD_ACTIVE_11s
2026-09-07 16:10:12.472,1788797412.473,11682,25,25,4414.34,4414.42,8.0,PASS_<=10c,+0.0,FLAT,+0.0,+0.0,4.2,+0.00,0.00,SLOW,4414.34,4414.34,4414.34,4414.34,0.00,0.00,0.0,BULLISH,0.0,4414.34,4414.34,4414.34,4414.34,12,ACTIVE_12s,1.0,0.0,0.0,0.0,0.0,0.0,0.0,PASS_<20%,0.00,0.0,NO,STANDBY_VEL_LOW,0,0.00,4590.00,78.36,FALSE,M1_DIRECTION_MISMATCH|OPENING_SHIELD_ACTIVE_12s
2026-09-07 16:10:12.974,1788797412.975,11683,26,26,4414.34,4414.42,8.0,PASS_<=10c,+0.0,FLAT,+0.0,+0.0,4.2,+0.00,0.00,SLOW,4414.34,4414.34,4414.34,4414.34,0.00,0.00,0.0,BULLISH,0.0,4414.34,4414.34,4414.34,4414.34,12,ACTIVE_12s,1.0,0.0,0.0,0.0,0.0,0.0,0.0,PASS_<20%,0.00,0.0,NO,STANDBY_VEL_LOW,0,0.00,4590.00,78.36,FALSE,M1_DIRECTION_MISMATCH|OPENING_SHIELD_ACTIVE_12s
2026-09-07 16:10:13.476,1788797413.476,11684,27,27,4414.34,4414.42,8.0,PASS_<=10c,+0.0,FLAT,+0.0,+0.0,4.2,+0.00,0.00,SLOW,4414.34,4414.34,4414.34,4414.34,0.00,0.00,0.0,BULLISH,0.0,4414.34,4414.34,4414.34,4414.34,13,ACTIVE_13s,1.0,0.0,0.0,0.0,0.0,0.0,0.0,PASS_<20%,0.00,0.0,NO,STANDBY_VEL_LOW,0,0.00,4590.00,78.36,FALSE,M1_DIRECTION_MISMATCH|OPENING_SHIELD_ACTIVE_13s
2026-09-07 16:10:13.977,1788797413.978,11685,28,28,4414.34,4414.42,8.0,PASS_<=10c,+0.0,FLAT,+0.0,+0.0,4.2,+0.00,0.00,SLOW,4414.34,4414.34,4414.34,4414.34,0.00,0.00,0.0,BULLISH,0.0,4414.34,4414.34,4414.34,4414.34,13,ACTIVE_13s,1.0,0.0,0.0,0.0,0.0,0.0,0.0,PASS_<20%,0.00,0.0,NO,STANDBY_VEL_LOW,0,0.00,4590.00,78.36,FALSE,M1_DIRECTION_MISMATCH|OPENING_SHIELD_ACTIVE_13s
2026-09-07 16:10:14.478,1788797414.479,11686,29,29,4414.34,4414.42,8.0,PASS_<=10c,+0.0,FLAT,+0.0,+0.0,4.2,+0.00,0.00,SLOW,4414.34,4414.34,4414.34,4414.34,0.00,0.00,0.0,BULLISH,0.0,4414.34,4414.34,4414.34,4414.34,14,ACTIVE_14s,1.0,0.0,0.0,0.0,0.0,0.0,0.0,PASS_<20%,0.00,0.0,NO,STANDBY_VEL_LOW,0,0.00,4590.00,78.36,FALSE,M1_DIRECTION_MISMATCH|OPENING_SHIELD_ACTIVE_14s
2026-09-07 16:10:14.979,1788797414.980,11687,30,30,4414.34,4414.42,8.0,PASS_<=10c,+0.0,FLAT,+0.0,+0.0,4.2,+0.00,0.00,SLOW,4414.34,4414.34,4414.34,4414.34,0.00,0.00,0.0,BULLISH,0.0,4414.34,4414.34,4414.34,4414.34,14,ACTIVE_14s,1.0,0.0,0.0,0.0,0.0,0.0,0.0,PASS_<20%,0.00,0.0,NO,STANDBY_VEL_LOW,0,0.00,4590.00,78.36,FALSE,M1_DIRECTION_MISMATCH|OPENING_SHIELD_ACTIVE_14s
2026-09-07 16:10:15.481,1788797415.481,11688,31,31,4414.34,4414.42,8.0,PASS_<=10c,+0.0,FLAT,+0.0,+0.0,4.2,+0.00,0.00,SLOW,4414.34,4414.34,4414.34,4414.34,0.00,0.00,0.0,BULLISH,0.0,4414.34,4414.34,4414.34,4414.34,15,ACTIVE_15s,1.0,0.0,0.0,0.0,0.0,0.0,0.0,PASS_<20%,0.00,0.0,NO,STANDBY_VEL_LOW,0,0.00,4590.00,78.36,FALSE,M1_DIRECTION_MISMATCH|OPENING_SHIELD_ACTIVE_15s
2026-09-07 16:10:15.982,1788797415.983,11689,32,32,4414.34,4414.42,8.0,PASS_<=10c,+0.0,FLAT,+0.0,+0.0,4.2,+0.00,0.00,SLOW,4414.34,4414.34,4414.34,4414.34,0.00,0.00,0.0,BULLISH,0.0,4414.34,4414.34,4414.34,4414.34,15,ACTIVE_15s,1.0,0.0,0.0,0.0,0.0,0.0,0.0,PASS_<20%,0.00,0.0,NO,STANDBY_VEL_LOW,0,0.00,4590.00,78.36,FALSE,M1_DIRECTION_MISMATCH|OPENING_SHIELD_ACTIVE_15s
2026-09-07 16:10:16.484,1788797416.485,11690,33,33,4414.34,4414.42,8.0,PASS_<=10c,+0.0,FLAT,+0.0,+0.0,4.2,+0.00,0.00,SLOW,4414.34,4414.34,4414.34,4414.34,0.00,0.00,0.0,BULLISH,0.0,4414.34,4414.34,4414.34,4414.34,16,ACTIVE_16s,1.0,0.0,0.0,0.0,0.0,0.0,0.0,PASS_<20%,0.00,0.0,NO,STANDBY_VEL_LOW,0,0.00,4590.00,78.36,FALSE,M1_DIRECTION_MISMATCH|OPENING_SHIELD_ACTIVE_16s
2026-09-07 16:10:16.986,1788797416.987,11691,34,34,4414.34,4414.42,8.0,PASS_<=10c,+0.0,FLAT,+0.0,+0.0,4.2,+0.00,0.00,SLOW,4414.34,4414.34,4414.34,4414.34,0.00,0.00,0.0,BULLISH,0.0,4414.34,4414.34,4414.34,4414.34,16,ACTIVE_16s,1.0,0.0,0.0,0.0,0.0,0.0,0.0,PASS_<20%,0.00,0.0,NO,STANDBY_VEL_LOW,0,0.00,4590.00,78.36,FALSE,M1_DIRECTION_MISMATCH|OPENING_SHIELD_ACTIVE_16s
2026-09-07 16:10:17.489,1788797417.489,11692,35,35,4414.34,4414.42,8.0,PASS_<=10c,+0.0,FLAT,+0.0,+0.0,4.2,+0.00,0.00,SLOW,4414.34,4414.34,4414.34,4414.34,0.00,0.00,0.0,BULLISH,0.0,4414.34,4414.34,4414.34,4414.34,17,ACTIVE_17s,1.0,0.0,0.0,0.0,0.0,0.0,0.0,PASS_<20%,0.00,0.0,NO,STANDBY_VEL_LOW,0,0.00,4590.00,78.36,FALSE,M1_DIRECTION_MISMATCH|OPENING_SHIELD_ACTIVE_17s
2026-09-07 16:10:17.990,1788797417.990,11693,36,36,4414.34,4414.42,8.0,PASS_<=10c,+0.0,FLAT,+0.0,+0.0,4.2,+0.00,0.00,SLOW,4414.34,4414.34,4414.34,4414.34,0.00,0.00,0.0,BULLISH,0.0,4414.34,4414.34,4414.34,4414.34,17,ACTIVE_17s,1.0,0.0,0.0,0.0,0.0,0.0,0.0,PASS_<20%,0.00,0.0,NO,STANDBY_VEL_LOW,0,0.00,4590.00,78.36,FALSE,M1_DIRECTION_MISMATCH|OPENING_SHIELD_ACTIVE_17s
2026-09-07 16:10:18.491,1788797418.492,11694,37,37,4414.34,4414.42,8.0,PASS_<=10c,+0.0,FLAT,+0.0,+0.0,4.2,+0.00,0.00,SLOW,4414.34,4414.34,4414.34,4414.34,0.00,0.00,0.0,BULLISH,0.0,4414.34,4414.34,4414.34,4414.34,18,ACTIVE_18s,1.0,0.0,0.0,0.0,0.0,0.0,0.0,PASS_<20%,0.00,0.0,NO,STANDBY_VEL_LOW,0,0.00,4590.00,78.36,FALSE,M1_DIRECTION_MISMATCH|OPENING_SHIELD_ACTIVE_18s
2026-09-07 16:10:18.993,1788797418.994,11695,38,38,4414.34,4414.42,8.0,PASS_<=10c,+0.0,FLAT,+0.0,+0.0,4.2,+0.00,0.00,SLOW,4414.34,4414.34,4414.34,4414.34,0.00,0.00,0.0,BULLISH,0.0,4414.34,4414.34,4414.34,4414.34,18,ACTIVE_18s,1.0,0.0,0.0,0.0,0.0,0.0,0.0,PASS_<20%,0.00,0.0,NO,STANDBY_VEL_LOW,0,0.00,4590.00,78.36,FALSE,M1_DIRECTION_MISMATCH|OPENING_SHIELD_ACTIVE_18s
2026-09-07 16:10:19.495,1788797419.496,11696,39,39,4414.34,4414.42,8.0,PASS_<=10c,+0.0,FLAT,+0.0,+0.0,4.2,+0.00,0.00,SLOW,4414.34,4414.34,4414.34,4414.34,0.00,0.00,0.0,BULLISH,0.0,4414.34,4414.34,4414.34,4414.34,19,ACTIVE_19s,1.0,0.0,0.0,0.0,0.0,0.0,0.0,PASS_<20%,0.00,0.0,NO,STANDBY_VEL_LOW,0,0.00,4590.00,78.36,FALSE,M1_DIRECTION_MISMATCH|OPENING_SHIELD_ACTIVE_19s
2026-09-07 16:10:19.997,1788797419.998,11697,40,40,4414.34,4414.42,8.0,PASS_<=10c,+0.0,FLAT,+0.0,+0.0,4.2,+0.00,0.00,SLOW,4414.34,4414.34,4414.34,4414.34,0.00,0.00,0.0,BULLISH,0.0,4414.34,4414.34,4414.34,4414.34,19,ACTIVE_19s,1.0,0.0,0.0,0.0,0.0,0.0,0.0,PASS_<20%,0.00,0.0,NO,STANDBY_VEL_LOW,0,0.00,4590.00,78.36,FALSE,M1_DIRECTION_MISMATCH|OPENING_SHIELD_ACTIVE_19s
2026-09-07 16:10:20.499,1788797420.499,11698,41,41,4414.34,4414.42,8.0,PASS_<=10c,+0.0,FLAT,+0.0,+0.0,4.2,+0.00,0.00,SLOW,4414.34,4414.34,4414.34,4414.34,0.00,0.00,0.0,BULLISH,0.0,4414.34,4414.34,4414.34,4414.34,20,CLEARED_>=20s,1.0,0.0,0.0,0.0,0.0,0.0,0.0,PASS_<20%,0.00,0.0,NO,STANDBY_VEL_LOW,0,0.00,4590.00,78.36,FALSE,M1_DIRECTION_MISMATCH
2026-09-07 16:10:21.001,1788797421.002,11699,42,42,4414.34,4414.42,8.0,PASS_<=10c,+0.0,FLAT,+0.0,+0.0,4.2,+0.00,0.00,SLOW,4414.34,4414.34,4414.34,4414.34,0.00,0.00,0.0,BULLISH,0.0,4414.34,4414.34,4414.34,4414.34,21,CLEARED_>=20s,1.0,0.0,0.0,0.0,0.0,0.0,0.0,PASS_<20%,0.00,0.0,NO,STANDBY_VEL_LOW,0,0.00,4590.00,78.36,FALSE,M1_DIRECTION_MISMATCH
2026-09-07 16:10:21.505,1788797421.506,11700,43,43,4414.34,4414.42,8.0,PASS_<=10c,+0.0,FLAT,+0.0,+0.0,4.2,+0.00,0.00,SLOW,4414.34,4414.34,4414.34,4414.34,0.00,0.00,0.0,BULLISH,0.0,4414.34,4414.34,4414.34,4414.34,21,CLEARED_>=20s,1.0,0.0,0.0,0.0,0.0,0.0,0.0,PASS_<20%,0.00,0.0,NO,STANDBY_VEL_LOW,0,0.00,4590.00,78.36,FALSE,M1_DIRECTION_MISMATCH
2026-09-07 16:10:22.005,1788797422.006,11701,44,44,4414.34,4414.42,8.0,PASS_<=10c,+0.0,FLAT,+0.0,+0.0,4.2,+0.00,0.00,SLOW,4414.34,4414.34,4414.34,4414.34,0.00,0.00,0.0,BULLISH,0.0,4414.34,4414.34,4414.34,4414.34,22,CLEARED_>=20s,1.0,0.0,0.0,0.0,0.0,0.0,0.0,PASS_<20%,0.00,0.0,NO,STANDBY_VEL_LOW,0,0.00,4590.00,78.36,FALSE,M1_DIRECTION_MISMATCH
2026-09-07 16:10:22.506,1788797422.507,11702,45,45,4414.34,4414.42,8.0,PASS_<=10c,+0.0,FLAT,+0.0,+0.0,4.2,+0.00,0.00,SLOW,4414.34,4414.34,4414.34,4414.34,0.00,0.00,0.0,BULLISH,0.0,4414.34,4414.34,4414.34,4414.34,22,CLEARED_>=20s,1.0,0.0,0.0,0.0,0.0,0.0,0.0,PASS_<20%,0.00,0.0,NO,STANDBY_VEL_LOW,0,0.00,4590.00,78.36,FALSE,M1_DIRECTION_MISMATCH
2026-09-07 16:10:23.007,1788797423.008,11703,46,46,4414.34,4414.42,8.0,PASS_<=10c,+0.0,FLAT,+0.0,+0.0,4.2,+0.00,0.00,SLOW,4414.34,4414.34,4414.34,4414.34,0.00,0.00,0.0,BULLISH,0.0,4414.34,4414.34,4414.34,4414.34,23,CLEARED_>=20s,1.0,0.0,0.0,0.0,0.0,0.0,0.0,PASS_<20%,0.00,0.0,NO,STANDBY_VEL_LOW,0,0.00,4590.00,78.36,FALSE,M1_DIRECTION_MISMATCH
2026-09-07 16:10:23.508,1788797423.509,11704,47,47,4414.34,4414.42,8.0,PASS_<=10c,+0.0,FLAT,+0.0,+0.0,4.2,+0.00,0.00,SLOW,4414.34,4414.34,4414.34,4414.34,0.00,0.00,0.0,BULLISH,0.0,4414.34,4414.34,4414.34,4414.34,23,CLEARED_>=20s,1.0,0.0,0.0,0.0,0.0,0.0,0.0,PASS_<20%,0.00,0.0,NO,STANDBY_VEL_LOW,0,0.00,4590.00,78.36,FALSE,M1_DIRECTION_MISMATCH
2026-09-07 16:10:24.010,1788797424.011,11705,48,48,4414.34,4414.42,8.0,PASS_<=10c,+0.0,FLAT,+0.0,+0.0,4.2,+0.00,0.00,SLOW,4414.34,4414.34,4414.34,4414.34,0.00,0.00,0.0,BULLISH,0.0,4414.34,4414.34,4414.34,4414.34,24,CLEARED_>=20s,1.0,0.0,0.0,0.0,0.0,0.0,0.0,PASS_<20%,0.00,0.0,NO,STANDBY_VEL_LOW,0,0.00,4590.00,78.36,FALSE,M1_DIRECTION_MISMATCH
2026-09-07 16:10:24.512,1788797424.512,11706,49,49,4414.34,4414.42,8.0,PASS_<=10c,+0.0,FLAT,+0.0,+0.0,4.2,+0.00,0.00,SLOW,4414.34,4414.34,4414.34,4414.34,0.00,0.00,0.0,BULLISH,0.0,4414.34,4414.34,4414.34,4414.34,24,CLEARED_>=20s,1.0,0.0,0.0,0.0,0.0,0.0,0.0,PASS_<20%,0.00,0.0,NO,STANDBY_VEL_LOW,0,0.00,4590.00,78.36,FALSE,M1_DIRECTION_MISMATCH
2026-09-07 16:10:25.013,1788797425.014,11707,50,50,4414.34,4414.42,8.0,PASS_<=10c,+0.0,FLAT,+0.0,+0.0,4.2,+0.00,0.00,SLOW,4414.34,4414.34,4414.34,4414.34,0.00,0.00,0.0,BULLISH,0.0,4414.34,4414.34,4414.34,4414.34,25,CLEARED_>=20s,1.0,0.0,0.0,0.0,0.0,0.0,0.0,PASS_<20%,0.00,0.0,NO,STANDBY_VEL_LOW,0,0.00,4590.00,78.36,FALSE,M1_DIRECTION_MISMATCH
2026-09-07 16:10:25.515,1788797425.515,11708,51,51,4414.34,4414.42,8.0,PASS_<=10c,+0.0,FLAT,+0.0,+0.0,4.2,+0.00,0.00,SLOW,4414.34,4414.34,4414.34,4414.34,0.00,0.00,0.0,BULLISH,0.0,4414.34,4414.34,4414.34,4414.34,25,CLEARED_>=20s,1.0,0.0,0.0,0.0,0.0,0.0,0.0,PASS_<20%,0.00,0.0,NO,STANDBY_VEL_LOW,0,0.00,4590.00,78.36,FALSE,M1_DIRECTION_MISMATCH
2026-09-07 16:10:26.016,1788797426.017,11709,52,52,4414.34,4414.42,8.0,PASS_<=10c,+0.0,FLAT,+0.0,+0.0,4.2,+0.00,0.00,SLOW,4414.34,4414.34,4414.34,4414.34,0.00,0.00,0.0,BULLISH,0.0,4414.34,4414.34,4414.34,4414.34,26,CLEARED_>=20s,1.0,0.0,0.0,0.0,0.0,0.0,0.0,PASS_<20%,0.00,0.0,NO,STANDBY_VEL_LOW,0,0.00,4590.00,78.36,FALSE,M1_DIRECTION_MISMATCH
2026-09-07 16:10:26.518,1788797426.518,11710,53,53,4414.34,4414.42,8.0,PASS_<=10c,+0.0,FLAT,+0.0,+0.0,4.2,+0.00,0.00,SLOW,4414.34,4414.34,4414.34,4414.34,0.00,0.00,0.0,BULLISH,0.0,4414.34,4414.34,4414.34,4414.34,26,CLEARED_>=20s,1.0,0.0,0.0,0.0,0.0,0.0,0.0,PASS_<20%,0.00,0.0,NO,STANDBY_VEL_LOW,0,0.00,4590.00,78.36,FALSE,M1_DIRECTION_MISMATCH
2026-09-07 16:10:27.018,1788797427.019,11711,54,54,4414.34,4414.42,8.0,PASS_<=10c,+0.0,FLAT,+0.0,+0.0,4.2,+0.00,0.00,SLOW,4414.34,4414.34,4414.34,4414.34,0.00,0.00,0.0,BULLISH,0.0,4414.34,4414.34,4414.34,4414.34,27,CLEARED_>=20s,1.0,0.0,0.0,0.0,0.0,0.0,0.0,PASS_<20%,0.00,0.0,NO,STANDBY_VEL_LOW,0,0.00,4590.00,78.36,FALSE,M1_DIRECTION_MISMATCH
2026-09-07 16:10:27.520,1788797427.520,11712,55,55,4414.34,4414.42,8.0,PASS_<=10c,+0.0,FLAT,+0.0,+0.0,4.2,+0.00,0.00,SLOW,4414.34,4414.34,4414.34,4414.34,0.00,0.00,0.0,BULLISH,0.0,4414.34,4414.34,4414.34,4414.34,27,CLEARED_>=20s,1.0,0.0,0.0,0.0,0.0,0.0,0.0,PASS_<20%,0.00,0.0,NO,STANDBY_VEL_LOW,0,0.00,4590.00,78.36,FALSE,M1_DIRECTION_MISMATCH
2026-09-07 16:10:28.021,1788797428.021,11713,56,56,4414.34,4414.42,8.0,PASS_<=10c,+0.0,FLAT,+0.0,+0.0,4.2,+0.00,0.00,SLOW,4414.34,4414.34,4414.34,4414.34,0.00,0.00,0.0,BULLISH,0.0,4414.34,4414.34,4414.34,4414.34,28,CLEARED_>=20s,1.0,0.0,0.0,0.0,0.0,0.0,0.0,PASS_<20%,0.00,0.0,NO,STANDBY_VEL_LOW,0,0.00,4590.00,78.36,FALSE,M1_DIRECTION_MISMATCH
2026-09-07 16:10:28.523,1788797428.524,11714,57,57,4414.34,4414.42,8.0,PASS_<=10c,+0.0,FLAT,+0.0,+0.0,4.2,+0.00,0.00,SLOW,4414.34,4414.34,4414.34,4414.34,0.00,0.00,0.0,BULLISH,0.0,4414.34,4414.34,4414.34,4414.34,28,CLEARED_>=20s,1.0,0.0,0.0,0.0,0.0,0.0,0.0,PASS_<20%,0.00,0.0,NO,STANDBY_VEL_LOW,0,0.00,4590.00,78.36,FALSE,M1_DIRECTION_MISMATCH
2026-09-07 16:10:29.024,1788797429.025,11715,58,58,4414.34,4414.42,8.0,PASS_<=10c,+0.0,FLAT,+0.0,+0.0,4.2,+0.00,0.00,SLOW,4414.34,4414.34,4414.34,4414.34,0.00,0.00,0.0,BULLISH,0.0,4414.34,4414.34,4414.34,4414.34,29,CLEARED_>=20s,1.0,0.0,0.0,0.0,0.0,0.0,0.0,PASS_<20%,0.00,0.0,NO,STANDBY_VEL_LOW,0,0.00,4590.00,78.36,FALSE,M1_DIRECTION_MISMATCH
2026-09-07 16:10:29.526,1788797429.526,11716,59,59,4414.34,4414.42,8.0,PASS_<=10c,+0.0,FLAT,+0.0,+0.0,4.2,+0.00,0.00,SLOW,4414.34,4414.34,4414.34,4414.34,0.00,0.00,0.0,BULLISH,0.0,4414.34,4414.34,4414.34,4414.34,29,CLEARED_>=20s,1.0,0.0,0.0,0.0,0.0,0.0,0.0,PASS_<20%,0.00,0.0,NO,STANDBY_VEL_LOW,0,0.00,4590.00,78.36,FALSE,M1_DIRECTION_MISMATCH
2026-09-07 16:10:30.028,1788797430.028,11717,60,60,4414.34,4414.42,8.0,PASS_<=10c,+0.0,FLAT,+0.0,+0.0,4.2,+0.00,0.00,SLOW,4414.34,4414.34,4414.34,4414.34,0.00,0.00,0.0,BULLISH,0.0,4414.34,4414.34,4414.34,4414.34,30,CLEARED_>=20s,1.0,0.0,0.0,0.0,0.0,0.0,0.0,PASS_<20%,0.00,0.0,NO,STANDBY_VEL_LOW,0,0.00,4590.00,78.36,FALSE,M1_DIRECTION_MISMATCH
2026-09-07 16:10:30.530,1788797430.530,11718,61,61,4414.34,4414.42,8.0,PASS_<=10c,+0.0,FLAT,+0.0,+0.0,4.2,+0.00,0.00,SLOW,4414.34,4414.34,4414.34,4414.34,0.00,0.00,0.0,BULLISH,0.0,4414.34,4414.34,4414.34,4414.34,30,CLEARED_>=20s,1.0,0.0,0.0,0.0,0.0,0.0,0.0,PASS_<20%,0.00,0.0,NO,STANDBY_VEL_LOW,0,0.00,4590.00,78.36,FALSE,M1_DIRECTION_MISMATCH
2026-09-07 16:10:31.032,1788797431.033,11719,62,62,4414.34,4414.42,8.0,PASS_<=10c,+0.0,FLAT,+0.0,+0.0,4.2,+0.00,0.00,SLOW,4414.34,4414.34,4414.34,4414.34,0.00,0.00,0.0,BULLISH,0.0,4414.34,4414.34,4414.34,4414.34,31,CLEARED_>=20s,1.0,0.0,0.0,0.0,0.0,0.0,0.0,PASS_<20%,0.00,0.0,NO,STANDBY_VEL_LOW,0,0.00,4590.00,78.36,FALSE,M1_DIRECTION_MISMATCH
2026-09-07 16:10:31.533,1788797431.534,11720,63,63,4414.34,4414.42,8.0,PASS_<=10c,+0.0,FLAT,+0.0,+0.0,4.2,+0.00,0.00,SLOW,4414.34,4414.34,4414.34,4414.34,0.00,0.00,0.0,BULLISH,0.0,4414.34,4414.34,4414.34,4414.34,31,CLEARED_>=20s,1.0,0.0,0.0,0.0,0.0,0.0,0.0,PASS_<20%,0.00,0.0,NO,STANDBY_VEL_LOW,0,0.00,4590.00,78.36,FALSE,M1_DIRECTION_MISMATCH
2026-09-07 16:10:32.035,1788797432.035,11721,64,64,4414.34,4414.42,8.0,PASS_<=10c,+0.0,FLAT,+0.0,+0.0,4.2,+0.00,0.00,SLOW,4414.34,4414.34,4414.34,4414.34,0.00,0.00,0.0,BULLISH,0.0,4414.34,4414.34,4414.34,4414.34,32,CLEARED_>=20s,1.0,0.0,0.0,0.0,0.0,0.0,0.0,PASS_<20%,0.00,0.0,NO,STANDBY_VEL_LOW,0,0.00,4590.00,78.36,FALSE,M1_DIRECTION_MISMATCH
2026-09-07 16:10:32.536,1788797432.536,11722,65,65,4414.34,4414.42,8.0,PASS_<=10c,+0.0,FLAT,+0.0,+0.0,4.2,+0.00,0.00,SLOW,4414.34,4414.34,4414.34,4414.34,0.00,0.00,0.0,BULLISH,0.0,4414.34,4414.34,4414.34,4414.34,32,CLEARED_>=20s,1.0,0.0,0.0,0.0,0.0,0.0,0.0,PASS_<20%,0.00,0.0,NO,STANDBY_VEL_LOW,0,0.00,4590.00,78.36,FALSE,M1_DIRECTION_MISMATCH
2026-09-07 16:10:33.038,1788797433.039,11723,66,66,4414.34,4414.42,8.0,PASS_<=10c,+0.0,FLAT,+0.0,+0.0,4.2,+0.00,0.00,SLOW,4414.34,4414.34,4414.34,4414.34,0.00,0.00,0.0,BULLISH,0.0,4414.34,4414.34,4414.34,4414.34,33,CLEARED_>=20s,1.0,0.0,0.0,0.0,0.0,0.0,0.0,PASS_<20%,0.00,0.0,NO,STANDBY_VEL_LOW,0,0.00,4590.00,78.36,FALSE,M1_DIRECTION_MISMATCH
2026-09-07 16:10:33.541,1788797433.541,11724,67,67,4414.34,4414.42,8.0,PASS_<=10c,+0.0,FLAT,+0.0,+0.0,4.2,+0.00,0.00,SLOW,4414.34,4414.34,4414.34,4414.34,0.00,0.00,0.0,BULLISH,0.0,4414.34,4414.34,4414.34,4414.34,33,CLEARED_>=20s,1.0,0.0,0.0,0.0,0.0,0.0,0.0,PASS_<20%,0.00,0.0,NO,STANDBY_VEL_LOW,0,0.00,4590.00,78.36,FALSE,M1_DIRECTION_MISMATCH
2026-09-07 16:10:34.042,1788797434.042,11725,68,68,4414.34,4414.42,8.0,PASS_<=10c,+0.0,FLAT,+0.0,+0.0,4.2,+0.00,0.00,SLOW,4414.34,4414.34,4414.34,4414.34,0.00,0.00,0.0,BULLISH,0.0,4414.34,4414.34,4414.34,4414.34,34,CLEARED_>=20s,1.0,0.0,0.0,0.0,0.0,0.0,0.0,PASS_<20%,0.00,0.0,NO,STANDBY_VEL_LOW,0,0.00,4590.00,78.36,FALSE,M1_DIRECTION_MISMATCH
2026-09-07 16:10:34.544,1788797434.544,11726,69,69,4414.34,4414.42,8.0,PASS_<=10c,+0.0,FLAT,+0.0,+0.0,4.2,+0.00,0.00,SLOW,4414.34,4414.34,4414.34,4414.34,0.00,0.00,0.0,BULLISH,0.0,4414.34,4414.34,4414.34,4414.34,34,CLEARED_>=20s,1.0,0.0,0.0,0.0,0.0,0.0,0.0,PASS_<20%,0.00,0.0,NO,STANDBY_VEL_LOW,0,0.00,4590.00,78.36,FALSE,M1_DIRECTION_MISMATCH
2026-09-07 16:10:35.045,1788797435.046,11727,70,70,4414.34,4414.42,8.0,PASS_<=10c,+0.0,FLAT,+0.0,+0.0,4.2,+0.00,0.00,SLOW,4414.34,4414.34,4414.34,4414.34,0.00,0.00,0.0,BULLISH,0.0,4414.34,4414.34,4414.34,4414.34,35,CLEARED_>=20s,1.0,0.0,0.0,0.0,0.0,0.0,0.0,PASS_<20%,0.00,0.0,NO,STANDBY_VEL_LOW,0,0.00,4590.00,78.36,FALSE,M1_DIRECTION_MISMATCH
2026-09-07 16:10:35.546,1788797435.547,11728,71,71,4414.34,4414.42,8.0,PASS_<=10c,+0.0,FLAT,+0.0,+0.0,4.2,+0.00,0.00,SLOW,4414.34,4414.34,4414.34,4414.34,0.00,0.00,0.0,BULLISH,0.0,4414.34,4414.34,4414.34,4414.34,35,CLEARED_>=20s,1.0,0.0,0.0,0.0,0.0,0.0,0.0,PASS_<20%,0.00,0.0,NO,STANDBY_VEL_LOW,0,0.00,4590.00,78.36,FALSE,M1_DIRECTION_MISMATCH
2026-09-07 16:10:36.048,1788797436.048,11729,72,72,4414.34,4414.42,8.0,PASS_<=10c,+0.0,FLAT,+0.0,+0.0,4.2,+0.00,0.00,SLOW,4414.34,4414.34,4414.34,4414.34,0.00,0.00,0.0,BULLISH,0.0,4414.34,4414.34,4414.34,4414.34,36,CLEARED_>=20s,1.0,0.0,0.0,0.0,0.0,0.0,0.0,PASS_<20%,0.00,0.0,NO,STANDBY_VEL_LOW,0,0.00,4590.00,78.36,FALSE,M1_DIRECTION_MISMATCH
2026-09-07 16:10:36.550,1788797436.551,11730,73,73,4414.34,4414.42,8.0,PASS_<=10c,+0.0,FLAT,+0.0,+0.0,4.2,+0.00,0.00,SLOW,4414.34,4414.34,4414.34,4414.34,0.00,0.00,0.0,BULLISH,0.0,4414.34,4414.34,4414.34,4414.34,36,CLEARED_>=20s,1.0,0.0,0.0,0.0,0.0,0.0,0.0,PASS_<20%,0.00,0.0,NO,STANDBY_VEL_LOW,0,0.00,4590.00,78.36,FALSE,M1_DIRECTION_MISMATCH
2026-09-07 16:10:37.051,1788797437.052,11731,74,74,4414.34,4414.42,8.0,PASS_<=10c,+0.0,FLAT,+0.0,+0.0,4.2,+0.00,0.00,SLOW,4414.34,4414.34,4414.34,4414.34,0.00,0.00,0.0,BULLISH,0.0,4414.34,4414.34,4414.34,4414.34,37,CLEARED_>=20s,1.0,0.0,0.0,0.0,0.0,0.0,0.0,PASS_<20%,0.00,0.0,NO,STANDBY_VEL_LOW,0,0.00,4590.00,78.36,FALSE,M1_DIRECTION_MISMATCH
2026-09-07 16:10:37.553,1788797437.553,11732,75,75,4414.34,4414.42,8.0,PASS_<=10c,+0.0,FLAT,+0.0,+0.0,4.2,+0.00,0.00,SLOW,4414.34,4414.34,4414.34,4414.34,0.00,0.00,0.0,BULLISH,0.0,4414.34,4414.34,4414.34,4414.34,37,CLEARED_>=20s,1.0,0.0,0.0,0.0,0.0,0.0,0.0,PASS_<20%,0.00,0.0,NO,STANDBY_VEL_LOW,0,0.00,4590.00,78.36,FALSE,M1_DIRECTION_MISMATCH
2026-09-07 16:10:38.055,1788797438.055,11733,76,76,4414.34,4414.42,8.0,PASS_<=10c,+0.0,FLAT,+0.0,+0.0,4.2,+0.00,0.00,SLOW,4414.34,4414.34,4414.34,4414.34,0.00,0.00,0.0,BULLISH,0.0,4414.34,4414.34,4414.34,4414.34,38,CLEARED_>=20s,1.0,0.0,0.0,0.0,0.0,0.0,0.0,PASS_<20%,0.00,0.0,NO,STANDBY_VEL_LOW,0,0.00,4590.00,78.36,FALSE,M1_DIRECTION_MISMATCH
2026-09-07 16:10:38.558,1788797438.559,11734,77,77,4414.34,4414.42,8.0,PASS_<=10c,+0.0,FLAT,+0.0,+0.0,4.2,+0.00,0.00,SLOW,4414.34,4414.34,4414.34,4414.34,0.00,0.00,0.0,BULLISH,0.0,4414.34,4414.34,4414.34,4414.34,38,CLEARED_>=20s,1.0,0.0,0.0,0.0,0.0,0.0,0.0,PASS_<20%,0.00,0.0,NO,STANDBY_VEL_LOW,0,0.00,4590.00,78.36,FALSE,M1_DIRECTION_MISMATCH
2026-09-07 16:10:39.059,1788797439.059,11735,78,78,4414.34,4414.42,8.0,PASS_<=10c,+0.0,FLAT,+0.0,+0.0,4.2,+0.00,0.00,SLOW,4414.34,4414.34,4414.34,4414.34,0.00,0.00,0.0,BULLISH,0.0,4414.34,4414.34,4414.34,4414.34,39,CLEARED_>=20s,1.0,0.0,0.0,0.0,0.0,0.0,0.0,PASS_<20%,0.00,0.0,NO,STANDBY_VEL_LOW,0,0.00,4590.00,78.36,FALSE,M1_DIRECTION_MISMATCH
2026-09-07 16:10:39.561,1788797439.562,11736,79,79,4414.34,4414.42,8.0,PASS_<=10c,+0.0,FLAT,+0.0,+0.0,4.2,+0.00,0.00,SLOW,4414.34,4414.34,4414.34,4414.34,0.00,0.00,0.0,BULLISH,0.0,4414.34,4414.34,4414.34,4414.34,39,CLEARED_>=20s,1.0,0.0,0.0,0.0,0.0,0.0,0.0,PASS_<20%,0.00,0.0,NO,STANDBY_VEL_LOW,0,0.00,4590.00,78.36,FALSE,M1_DIRECTION_MISMATCH
2026-09-07 16:10:40.061,1788797440.062,11737,80,80,4414.34,4414.42,8.0,PASS_<=10c,+0.0,FLAT,+0.0,+0.0,4.2,+0.00,0.00,SLOW,4414.34,4414.34,4414.34,4414.34,0.00,0.00,0.0,BULLISH,0.0,4414.34,4414.34,4414.34,4414.34,40,CLEARED_>=20s,1.0,0.0,0.0,0.0,0.0,0.0,0.0,PASS_<20%,0.00,0.0,NO,STANDBY_VEL_LOW,0,0.00,4590.00,78.36,FALSE,M1_DIRECTION_MISMATCH
2026-09-07 16:10:40.563,1788797440.563,11738,81,81,4414.34,4414.42,8.0,PASS_<=10c,+0.0,FLAT,+0.0,+0.0,4.2,+0.00,0.00,SLOW,4414.34,4414.34,4414.34,4414.34,0.00,0.00,0.0,BULLISH,0.0,4414.34,4414.34,4414.34,4414.34,40,CLEARED_>=20s,1.0,0.0,0.0,0.0,0.0,0.0,0.0,PASS_<20%,0.00,0.0,NO,STANDBY_VEL_LOW,0,0.00,4590.00,78.36,FALSE,M1_DIRECTION_MISMATCH
2026-09-07 16:10:41.065,1788797441.065,11739,82,82,4414.34,4414.42,8.0,PASS_<=10c,+0.0,FLAT,+0.0,+0.0,4.2,+0.00,0.00,SLOW,4414.34,4414.34,4414.34,4414.34,0.00,0.00,0.0,BULLISH,0.0,4414.34,4414.34,4414.34,4414.34,41,CLEARED_>=20s,1.0,0.0,0.0,0.0,0.0,0.0,0.0,PASS_<20%,0.00,0.0,NO,STANDBY_VEL_LOW,0,0.00,4590.00,78.36,FALSE,M1_DIRECTION_MISMATCH
2026-09-07 16:10:41.566,1788797441.566,11740,83,83,4414.34,4414.42,8.0,PASS_<=10c,+0.0,FLAT,+0.0,+0.0,4.2,+0.00,0.00,SLOW,4414.34,4414.34,4414.34,4414.34,0.00,0.00,0.0,BULLISH,0.0,4414.34,4414.34,4414.34,4414.34,41,CLEARED_>=20s,1.0,0.0,0.0,0.0,0.0,0.0,0.0,PASS_<20%,0.00,0.0,NO,STANDBY_VEL_LOW,0,0.00,4590.00,78.36,FALSE,M1_DIRECTION_MISMATCH
2026-09-07 16:10:42.068,1788797442.068,11741,84,84,4414.34,4414.42,8.0,PASS_<=10c,+0.0,FLAT,+0.0,+0.0,4.2,+0.00,0.00,SLOW,4414.34,4414.34,4414.34,4414.34,0.00,0.00,0.0,BULLISH,0.0,4414.34,4414.34,4414.34,4414.34,42,CLEARED_>=20s,1.0,0.0,0.0,0.0,0.0,0.0,0.0,PASS_<20%,0.00,0.0,NO,STANDBY_VEL_LOW,0,0.00,4590.00,78.36,FALSE,M1_DIRECTION_MISMATCH
2026-09-07 16:10:42.569,1788797442.569,11742,85,85,4414.34,4414.42,8.0,PASS_<=10c,+0.0,FLAT,+0.0,+0.0,4.2,+0.00,0.00,SLOW,4414.34,4414.34,4414.34,4414.34,0.00,0.00,0.0,BULLISH,0.0,4414.34,4414.34,4414.34,4414.34,42,CLEARED_>=20s,1.0,0.0,0.0,0.0,0.0,0.0,0.0,PASS_<20%,0.00,0.0,NO,STANDBY_VEL_LOW,0,0.00,4590.00,78.36,FALSE,M1_DIRECTION_MISMATCH
2026-09-07 16:10:43.070,1788797443.071,11743,86,86,4414.34,4414.42,8.0,PASS_<=10c,+0.0,FLAT,+0.0,+0.0,4.2,+0.00,0.00,SLOW,4414.34,4414.34,4414.34,4414.34,0.00,0.00,0.0,BULLISH,0.0,4414.34,4414.34,4414.34,4414.34,43,CLEARED_>=20s,1.0,0.0,0.0,0.0,0.0,0.0,0.0,PASS_<20%,0.00,0.0,NO,STANDBY_VEL_LOW,0,0.00,4590.00,78.36,FALSE,M1_DIRECTION_MISMATCH
2026-09-07 16:10:43.572,1788797443.572,11744,87,87,4414.34,4414.42,8.0,PASS_<=10c,+0.0,FLAT,+0.0,+0.0,4.2,+0.00,0.00,SLOW,4414.34,4414.34,4414.34,4414.34,0.00,0.00,0.0,BULLISH,0.0,4414.34,4414.34,4414.34,4414.34,43,CLEARED_>=20s,1.0,0.0,0.0,0.0,0.0,0.0,0.0,PASS_<20%,0.00,0.0,NO,STANDBY_VEL_LOW,0,0.00,4590.00,78.36,FALSE,M1_DIRECTION_MISMATCH
2026-09-07 16:10:44.073,1788797444.073,11745,88,88,4414.34,4414.42,8.0,PASS_<=10c,+0.0,FLAT,+0.0,+0.0,4.2,+0.00,0.00,SLOW,4414.34,4414.34,4414.34,4414.34,0.00,0.00,0.0,BULLISH,0.0,4414.34,4414.34,4414.34,4414.34,44,CLEARED_>=20s,1.0,0.0,0.0,0.0,0.0,0.0,0.0,PASS_<20%,0.00,0.0,NO,STANDBY_VEL_LOW,0,0.00,4590.00,78.36,FALSE,M1_DIRECTION_MISMATCH
2026-09-07 16:10:44.575,1788797444.576,11746,89,89,4414.34,4414.42,8.0,PASS_<=10c,+0.0,FLAT,+0.0,+0.0,4.2,+0.00,0.00,SLOW,4414.34,4414.34,4414.34,4414.34,0.00,0.00,0.0,BULLISH,0.0,4414.34,4414.34,4414.34,4414.34,44,CLEARED_>=20s,1.0,0.0,0.0,0.0,0.0,0.0,0.0,PASS_<20%,0.00,0.0,NO,STANDBY_VEL_LOW,0,0.00,4590.00,78.36,FALSE,M1_DIRECTION_MISMATCH
2026-09-07 16:10:45.076,1788797445.077,11747,90,90,4414.34,4414.42,8.0,PASS_<=10c,+0.0,FLAT,+0.0,+0.0,4.2,+0.00,0.00,SLOW,4414.34,4414.34,4414.34,4414.34,0.00,0.00,0.0,BULLISH,0.0,4414.34,4414.34,4414.34,4414.34,45,CLEARED_>=20s,1.0,0.0,0.0,0.0,0.0,0.0,0.0,PASS_<20%,0.00,0.0,NO,STANDBY_VEL_LOW,0,0.00,4590.00,78.36,FALSE,M1_DIRECTION_MISMATCH
2026-09-07 16:10:45.577,1788797445.577,11748,91,91,4414.34,4414.42,8.0,PASS_<=10c,+0.0,FLAT,+0.0,+0.0,4.2,+0.00,0.00,SLOW,4414.34,4414.34,4414.34,4414.34,0.00,0.00,0.0,BULLISH,0.0,4414.34,4414.34,4414.34,4414.34,45,CLEARED_>=20s,1.0,0.0,0.0,0.0,0.0,0.0,0.0,PASS_<20%,0.00,0.0,NO,STANDBY_VEL_LOW,0,0.00,4590.00,78.36,FALSE,M1_DIRECTION_MISMATCH
2026-09-07 16:10:46.079,1788797446.079,11749,92,92,4414.34,4414.42,8.0,PASS_<=10c,+0.0,FLAT,+0.0,+0.0,4.2,+0.00,0.00,SLOW,4414.34,4414.34,4414.34,4414.34,0.00,0.00,0.0,BULLISH,0.0,4414.34,4414.34,4414.34,4414.34,46,CLEARED_>=20s,1.0,0.0,0.0,0.0,0.0,0.0,0.0,PASS_<20%,0.00,0.0,NO,STANDBY_VEL_LOW,0,0.00,4590.00,78.36,FALSE,M1_DIRECTION_MISMATCH
2026-09-07 16:10:46.581,1788797446.581,11750,93,93,4414.34,4414.42,8.0,PASS_<=10c,+0.0,FLAT,+0.0,+0.0,4.2,+0.00,0.00,SLOW,4414.34,4414.34,4414.34,4414.34,0.00,0.00,0.0,BULLISH,0.0,4414.34,4414.34,4414.34,4414.34,46,CLEARED_>=20s,1.0,0.0,0.0,0.0,0.0,0.0,0.0,PASS_<20%,0.00,0.0,NO,STANDBY_VEL_LOW,0,0.00,4590.00,78.36,FALSE,M1_DIRECTION_MISMATCH
2026-09-07 16:10:47.081,1788797447.082,11751,94,94,4414.34,4414.42,8.0,PASS_<=10c,+0.0,FLAT,+0.0,+0.0,4.2,+0.00,0.00,SLOW,4414.34,4414.34,4414.34,4414.34,0.00,0.00,0.0,BULLISH,0.0,4414.34,4414.34,4414.34,4414.34,47,CLEARED_>=20s,1.0,0.0,0.0,0.0,0.0,0.0,0.0,PASS_<20%,0.00,0.0,NO,STANDBY_VEL_LOW,0,0.00,4590.00,78.36,FALSE,M1_DIRECTION_MISMATCH
2026-09-07 16:10:47.583,1788797447.584,11752,95,95,4414.34,4414.42,8.0,PASS_<=10c,+0.0,FLAT,+0.0,+0.0,4.2,+0.00,0.00,SLOW,4414.34,4414.34,4414.34,4414.34,0.00,0.00,0.0,BULLISH,0.0,4414.34,4414.34,4414.34,4414.34,47,CLEARED_>=20s,1.0,0.0,0.0,0.0,0.0,0.0,0.0,PASS_<20%,0.00,0.0,NO,STANDBY_VEL_LOW,0,0.00,4590.00,78.36,FALSE,M1_DIRECTION_MISMATCH
2026-09-07 16:10:48.085,1788797448.085,11753,96,96,4414.34,4414.42,8.0,PASS_<=10c,+0.0,FLAT,+0.0,+0.0,4.2,+0.00,0.00,SLOW,4414.34,4414.34,4414.34,4414.34,0.00,0.00,0.0,BULLISH,0.0,4414.34,4414.34,4414.34,4414.34,48,CLEARED_>=20s,1.0,0.0,0.0,0.0,0.0,0.0,0.0,PASS_<20%,0.00,0.0,NO,STANDBY_VEL_LOW,0,0.00,4590.00,78.36,FALSE,M1_DIRECTION_MISMATCH
2026-09-07 16:10:48.587,1788797448.587,11754,97,97,4414.34,4414.42,8.0,PASS_<=10c,+0.0,FLAT,+0.0,+0.0,4.2,+0.00,0.00,SLOW,4414.34,4414.34,4414.34,4414.34,0.00,0.00,0.0,BULLISH,0.0,4414.34,4414.34,4414.34,4414.34,48,CLEARED_>=20s,1.0,0.0,0.0,0.0,0.0,0.0,0.0,PASS_<20%,0.00,0.0,NO,STANDBY_VEL_LOW,0,0.00,4590.00,78.36,FALSE,M1_DIRECTION_MISMATCH
2026-09-07 16:10:49.089,1788797449.089,11755,98,98,4414.34,4414.42,8.0,PASS_<=10c,+0.0,FLAT,+0.0,+0.0,4.2,+0.00,0.00,SLOW,4414.34,4414.34,4414.34,4414.34,0.00,0.00,0.0,BULLISH,0.0,4414.34,4414.34,4414.34,4414.34,49,CLEARED_>=20s,1.0,0.0,0.0,0.0,0.0,0.0,0.0,PASS_<20%,0.00,0.0,NO,STANDBY_VEL_LOW,0,0.00,4590.00,78.36,FALSE,M1_DIRECTION_MISMATCH
2026-09-07 16:10:49.591,1788797449.591,11756,99,99,4414.34,4414.42,8.0,PASS_<=10c,+0.0,FLAT,+0.0,+0.0,4.2,+0.00,0.00,SLOW,4414.34,4414.34,4414.34,4414.34,0.00,0.00,0.0,BULLISH,0.0,4414.34,4414.34,4414.34,4414.34,49,CLEARED_>=20s,1.0,0.0,0.0,0.0,0.0,0.0,0.0,PASS_<20%,0.00,0.0,NO,STANDBY_VEL_LOW,0,0.00,4590.00,78.36,FALSE,M1_DIRECTION_MISMATCH
2026-09-07 16:10:50.092,1788797450.093,11757,100,100,4414.34,4414.42,8.0,PASS_<=10c,+0.0,FLAT,+0.0,+0.0,4.2,+0.00,0.00,SLOW,4414.34,4414.34,4414.34,4414.34,0.00,0.00,0.0,BULLISH,0.0,4414.34,4414.34,4414.34,4414.34,50,CLEARED_>=20s,1.0,0.0,0.0,0.0,0.0,0.0,0.0,PASS_<20%,0.00,0.0,NO,STANDBY_VEL_LOW,0,0.00,4590.00,78.36,FALSE,M1_DIRECTION_MISMATCH
2026-09-07 16:10:50.594,1788797450.594,11758,101,101,4414.34,4414.42,8.0,PASS_<=10c,+0.0,FLAT,+0.0,+0.0,4.2,+0.00,0.00,SLOW,4414.34,4414.34,4414.34,4414.34,0.00,0.00,0.0,BULLISH,0.0,4414.34,4414.34,4414.34,4414.34,50,CLEARED_>=20s,1.0,0.0,0.0,0.0,0.0,0.0,0.0,PASS_<20%,0.00,0.0,NO,STANDBY_VEL_LOW,0,0.00,4590.00,78.36,FALSE,M1_DIRECTION_MISMATCH
2026-09-07 16:10:51.095,1788797451.096,11759,102,102,4414.34,4414.42,8.0,PASS_<=10c,+0.0,FLAT,+0.0,+0.0,4.2,+0.00,0.00,SLOW,4414.34,4414.34,4414.34,4414.34,0.00,0.00,0.0,BULLISH,0.0,4414.34,4414.34,4414.34,4414.34,51,CLEARED_>=20s,1.0,0.0,0.0,0.0,0.0,0.0,0.0,PASS_<20%,0.00,0.0,NO,STANDBY_VEL_LOW,0,0.00,4590.00,78.36,FALSE,M1_DIRECTION_MISMATCH
2026-09-07 16:10:51.597,1788797451.597,11760,103,103,4414.34,4414.42,8.0,PASS_<=10c,+0.0,FLAT,+0.0,+0.0,4.2,+0.00,0.00,SLOW,4414.34,4414.34,4414.34,4414.34,0.00,0.00,0.0,BULLISH,0.0,4414.34,4414.34,4414.34,4414.34,51,CLEARED_>=20s,1.0,0.0,0.0,0.0,0.0,0.0,0.0,PASS_<20%,0.00,0.0,NO,STANDBY_VEL_LOW,0,0.00,4590.00,78.36,FALSE,M1_DIRECTION_MISMATCH
2026-09-07 16:10:52.099,1788797452.099,11761,104,104,4414.34,4414.42,8.0,PASS_<=10c,+0.0,FLAT,+0.0,+0.0,4.2,+0.00,0.00,SLOW,4414.34,4414.34,4414.34,4414.34,0.00,0.00,0.0,BULLISH,0.0,4414.34,4414.34,4414.34,4414.34,52,CLEARED_>=20s,1.0,0.0,0.0,0.0,0.0,0.0,0.0,PASS_<20%,0.00,0.0,NO,STANDBY_VEL_LOW,0,0.00,4590.00,78.36,FALSE,M1_DIRECTION_MISMATCH
2026-09-07 16:10:52.599,1788797452.600,11762,105,105,4414.34,4414.42,8.0,PASS_<=10c,+0.0,FLAT,+0.0,+0.0,4.2,+0.00,0.00,SLOW,4414.34,4414.34,4414.34,4414.34,0.00,0.00,0.0,BULLISH,0.0,4414.34,4414.34,4414.34,4414.34,52,CLEARED_>=20s,1.0,0.0,0.0,0.0,0.0,0.0,0.0,PASS_<20%,0.00,0.0,NO,STANDBY_VEL_LOW,0,0.00,4590.00,78.36,FALSE,M1_DIRECTION_MISMATCH
2026-09-07 16:10:53.102,1788797453.102,11763,106,106,4414.34,4414.42,8.0,PASS_<=10c,+0.0,FLAT,+0.0,+0.0,4.2,+0.00,0.00,SLOW,4414.34,4414.34,4414.34,4414.34,0.00,0.00,0.0,BULLISH,0.0,4414.34,4414.34,4414.34,4414.34,53,CLEARED_>=20s,1.0,0.0,0.0,0.0,0.0,0.0,0.0,PASS_<20%,0.00,0.0,NO,STANDBY_VEL_LOW,0,0.00,4590.00,78.36,FALSE,M1_DIRECTION_MISMATCH
2026-09-07 16:10:53.603,1788797453.604,11764,107,107,4414.34,4414.42,8.0,PASS_<=10c,+0.0,FLAT,+0.0,+0.0,4.2,+0.00,0.00,SLOW,4414.34,4414.34,4414.34,4414.34,0.00,0.00,0.0,BULLISH,0.0,4414.34,4414.34,4414.34,4414.34,53,CLEARED_>=20s,1.0,0.0,0.0,0.0,0.0,0.0,0.0,PASS_<20%,0.00,0.0,NO,STANDBY_VEL_LOW,0,0.00,4590.00,78.36,FALSE,M1_DIRECTION_MISMATCH
2026-09-07 16:10:54.105,1788797454.106,11765,108,108,4414.34,4414.42,8.0,PASS_<=10c,+0.0,FLAT,+0.0,+0.0,4.2,+0.00,0.00,SLOW,4414.34,4414.34,4414.34,4414.34,0.00,0.00,0.0,BULLISH,0.0,4414.34,4414.34,4414.34,4414.34,54,CLEARED_>=20s,1.0,0.0,0.0,0.0,0.0,0.0,0.0,PASS_<20%,0.00,0.0,NO,STANDBY_VEL_LOW,0,0.00,4590.00,78.36,FALSE,M1_DIRECTION_MISMATCH
2026-09-07 16:10:54.607,1788797454.607,11766,109,109,4414.34,4414.42,8.0,PASS_<=10c,+0.0,FLAT,+0.0,+0.0,4.2,+0.00,0.00,SLOW,4414.34,4414.34,4414.34,4414.34,0.00,0.00,0.0,BULLISH,0.0,4414.34,4414.34,4414.34,4414.34,54,CLEARED_>=20s,1.0,0.0,0.0,0.0,0.0,0.0,0.0,PASS_<20%,0.00,0.0,NO,STANDBY_VEL_LOW,0,0.00,4590.00,78.36,FALSE,M1_DIRECTION_MISMATCH
2026-09-07 16:10:55.108,1788797455.109,11767,110,110,4414.34,4414.42,8.0,PASS_<=10c,+0.0,FLAT,+0.0,+0.0,4.2,+0.00,0.00,SLOW,4414.34,4414.34,4414.34,4414.34,0.00,0.00,0.0,BULLISH,0.0,4414.34,4414.34,4414.34,4414.34,55,CLEARED_>=20s,1.0,0.0,0.0,0.0,0.0,0.0,0.0,PASS_<20%,0.00,0.0,NO,STANDBY_VEL_LOW,0,0.00,4590.00,78.36,FALSE,M1_DIRECTION_MISMATCH
2026-09-07 16:10:55.610,1788797455.610,11768,111,111,4414.34,4414.42,8.0,PASS_<=10c,+0.0,FLAT,+0.0,+0.0,4.2,+0.00,0.00,SLOW,4414.34,4414.34,4414.34,4414.34,0.00,0.00,0.0,BULLISH,0.0,4414.34,4414.34,4414.34,4414.34,55,CLEARED_>=20s,1.0,0.0,0.0,0.0,0.0,0.0,0.0,PASS_<20%,0.00,0.0,NO,STANDBY_VEL_LOW,0,0.00,4590.00,78.36,FALSE,M1_DIRECTION_MISMATCH
2026-09-07 16:10:56.112,1788797456.113,11769,112,112,4414.34,4414.42,8.0,PASS_<=10c,+0.0,FLAT,+0.0,+0.0,4.2,+0.00,0.00,SLOW,4414.34,4414.34,4414.34,4414.34,0.00,0.00,0.0,BULLISH,0.0,4414.34,4414.34,4414.34,4414.34,56,CLEARED_>=20s,1.0,0.0,0.0,0.0,0.0,0.0,0.0,PASS_<20%,0.00,0.0,NO,STANDBY_VEL_LOW,0,0.00,4590.00,78.36,FALSE,M1_DIRECTION_MISMATCH
2026-09-07 16:10:56.614,1788797456.615,11770,113,113,4414.34,4414.42,8.0,PASS_<=10c,+0.0,FLAT,+0.0,+0.0,4.2,+0.00,0.00,SLOW,4414.34,4414.34,4414.34,4414.34,0.00,0.00,0.0,BULLISH,0.0,4414.34,4414.34,4414.34,4414.34,56,CLEARED_>=20s,1.0,0.0,0.0,0.0,0.0,0.0,0.0,PASS_<20%,0.00,0.0,NO,STANDBY_VEL_LOW,0,0.00,4590.00,78.36,FALSE,M1_DIRECTION_MISMATCH
2026-09-07 16:10:57.116,1788797457.117,11771,114,114,4414.34,4414.42,8.0,PASS_<=10c,+0.0,FLAT,+0.0,+0.0,4.2,+0.00,0.00,SLOW,4414.34,4414.34,4414.34,4414.34,0.00,0.00,0.0,BULLISH,0.0,4414.34,4414.34,4414.34,4414.34,57,CLEARED_>=20s,1.0,0.0,0.0,0.0,0.0,0.0,0.0,PASS_<20%,0.00,0.0,NO,STANDBY_VEL_LOW,0,0.00,4590.00,78.36,FALSE,M1_DIRECTION_MISMATCH
2026-09-07 16:10:57.619,1788797457.619,11772,115,115,4414.34,4414.42,8.0,PASS_<=10c,+0.0,FLAT,+0.0,+0.0,4.2,+0.00,0.00,SLOW,4414.34,4414.34,4414.34,4414.34,0.00,0.00,0.0,BULLISH,0.0,4414.34,4414.34,4414.34,4414.34,57,CLEARED_>=20s,1.0,0.0,0.0,0.0,0.0,0.0,0.0,PASS_<20%,0.00,0.0,NO,STANDBY_VEL_LOW,0,0.00,4590.00,78.36,FALSE,M1_DIRECTION_MISMATCH
2026-09-07 16:10:58.121,1788797458.121,11773,116,116,4414.34,4414.42,8.0,PASS_<=10c,+0.0,FLAT,+0.0,+0.0,4.2,+0.00,0.00,SLOW,4414.34,4414.34,4414.34,4414.34,0.00,0.00,0.0,BULLISH,0.0,4414.34,4414.34,4414.34,4414.34,58,CLEARED_>=20s,1.0,0.0,0.0,0.0,0.0,0.0,0.0,PASS_<20%,0.00,0.0,NO,STANDBY_VEL_LOW,0,0.00,4590.00,78.36,FALSE,M1_DIRECTION_MISMATCH
2026-09-07 16:10:58.623,1788797458.623,11774,117,117,4414.34,4414.42,8.0,PASS_<=10c,+0.0,FLAT,+0.0,+0.0,4.2,+0.00,0.00,SLOW,4414.34,4414.34,4414.34,4414.34,0.00,0.00,0.0,BULLISH,0.0,4414.34,4414.34,4414.34,4414.34,58,CLEARED_>=20s,1.0,0.0,0.0,0.0,0.0,0.0,0.0,PASS_<20%,0.00,0.0,NO,STANDBY_VEL_LOW,0,0.00,4590.00,78.36,FALSE,M1_DIRECTION_MISMATCH
2026-09-07 16:10:59.125,1788797459.125,11775,118,118,4414.34,4414.42,8.0,PASS_<=10c,+0.0,FLAT,+0.0,+0.0,4.2,+0.00,0.00,SLOW,4414.34,4414.34,4414.34,4414.34,0.00,0.00,0.0,BULLISH,0.0,4414.34,4414.34,4414.34,4414.34,59,CLEARED_>=20s,1.0,0.0,0.0,0.0,0.0,0.0,0.0,PASS_<20%,0.00,0.0,NO,STANDBY_VEL_LOW,0,0.00,4590.00,78.36,FALSE,M1_DIRECTION_MISMATCH
2026-09-07 16:10:59.627,1788797459.627,11776,119,119,4414.34,4414.42,8.0,PASS_<=10c,+0.0,FLAT,+0.0,+0.0,4.2,+0.00,0.00,SLOW,4414.34,4414.34,4414.34,4414.34,0.00,0.00,0.0,BULLISH,0.0,4414.34,4414.34,4414.34,4414.34,59,CLEARED_>=20s,1.0,0.0,0.0,0.0,0.0,0.0,0.0,PASS_<20%,0.00,0.0,NO,STANDBY_VEL_LOW,0,0.00,4590.00,78.36,FALSE,M1_DIRECTION_MISMATCH
2026-09-07 16:11:00.127,1788797460.128,11777,1,120,4414.34,4414.42,8.0,PASS_<=10c,+0.0,FLAT,+0.0,+0.0,4.2,+0.00,0.00,SLOW,4414.34,4414.34,4414.34,4414.34,0.00,0.00,0.0,BULLISH,0.0,4414.34,4414.34,4414.34,4414.34,0,ACTIVE_0s,1.0,0.0,0.0,0.0,0.0,0.0,0.0,PASS_<20%,0.00,0.0,NO,STANDBY_VEL_LOW,0,0.00,4590.00,78.36,FALSE,M1_DIRECTION_MISMATCH|OPENING_SHIELD_ACTIVE_0s
2026-09-07 16:11:00.630,1788797460.630,11778,2,121,4414.34,4414.42,8.0,PASS_<=10c,+0.0,FLAT,+0.0,+0.0,4.2,+0.00,0.00,SLOW,4414.34,4414.34,4414.34,4414.34,0.00,0.00,0.0,BULLISH,0.0,4414.34,4414.34,4414.34,4414.34,0,ACTIVE_0s,1.0,0.0,0.0,0.0,0.0,0.0,0.0,PASS_<20%,0.00,0.0,NO,STANDBY_VEL_LOW,0,0.00,4590.00,78.36,FALSE,M1_DIRECTION_MISMATCH|OPENING_SHIELD_ACTIVE_0s
2026-09-07 16:11:01.131,1788797461.131,11779,3,122,4414.34,4414.42,8.0,PASS_<=10c,+0.0,FLAT,+0.0,+0.0,4.2,+0.00,0.00,SLOW,4414.34,4414.34,4414.34,4414.34,0.00,0.00,0.0,BULLISH,0.0,4414.34,4414.34,4414.34,4414.34,1,ACTIVE_1s,1.0,0.0,0.0,0.0,0.0,0.0,0.0,PASS_<20%,0.00,0.0,NO,STANDBY_VEL_LOW,0,0.00,4590.00,78.36,FALSE,M1_DIRECTION_MISMATCH|OPENING_SHIELD_ACTIVE_1s
2026-09-07 16:11:01.632,1788797461.632,11780,4,123,4414.34,4414.42,8.0,PASS_<=10c,+0.0,FLAT,+0.0,+0.0,4.2,+0.00,0.00,SLOW,4414.34,4414.34,4414.34,4414.34,0.00,0.00,0.0,BULLISH,0.0,4414.34,4414.34,4414.34,4414.34,1,ACTIVE_1s,1.0,0.0,0.0,0.0,0.0,0.0,0.0,PASS_<20%,0.00,0.0,NO,STANDBY_VEL_LOW,0,0.00,4590.00,78.36,FALSE,M1_DIRECTION_MISMATCH|OPENING_SHIELD_ACTIVE_1s
2026-09-07 16:11:02.135,1788797462.135,11781,5,124,4414.34,4414.42,8.0,PASS_<=10c,+0.0,FLAT,+0.0,+0.0,4.2,+0.00,0.00,SLOW,4414.34,4414.34,4414.34,4414.34,0.00,0.00,0.0,BULLISH,0.0,4414.34,4414.34,4414.34,4414.34,2,ACTIVE_2s,1.0,0.0,0.0,0.0,0.0,0.0,0.0,PASS_<20%,0.00,0.0,NO,STANDBY_VEL_LOW,0,0.00,4590.00,78.36,FALSE,M1_DIRECTION_MISMATCH|OPENING_SHIELD_ACTIVE_2s
2026-09-07 16:11:02.636,1788797462.637,11782,6,125,4414.34,4414.42,8.0,PASS_<=10c,+0.0,FLAT,+0.0,+0.0,4.2,+0.00,0.00,SLOW,4414.34,4414.34,4414.34,4414.34,0.00,0.00,0.0,BULLISH,0.0,4414.34,4414.34,4414.34,4414.34,2,ACTIVE_2s,1.0,0.0,0.0,0.0,0.0,0.0,0.0,PASS_<20%,0.00,0.0,NO,STANDBY_VEL_LOW,0,0.00,4590.00,78.36,FALSE,M1_DIRECTION_MISMATCH|OPENING_SHIELD_ACTIVE_2s
2026-09-07 16:11:03.138,1788797463.139,11783,7,126,4414.34,4414.42,8.0,PASS_<=10c,+0.0,FLAT,+0.0,+0.0,4.2,+0.00,0.00,SLOW,4414.34,4414.34,4414.34,4414.34,0.00,0.00,0.0,BULLISH,0.0,4414.34,4414.34,4414.34,4414.34,3,ACTIVE_3s,1.0,0.0,0.0,0.0,0.0,0.0,0.0,PASS_<20%,0.00,0.0,NO,STANDBY_VEL_LOW,0,0.00,4590.00,78.36,FALSE,M1_DIRECTION_MISMATCH|OPENING_SHIELD_ACTIVE_3s
2026-09-07 16:11:03.640,1788797463.640,11784,8,127,4414.34,4414.42,8.0,PASS_<=10c,+0.0,FLAT,+0.0,+0.0,4.2,+0.00,0.00,SLOW,4414.34,4414.34,4414.34,4414.34,0.00,0.00,0.0,BULLISH,0.0,4414.34,4414.34,4414.34,4414.34,3,ACTIVE_3s,1.0,0.0,0.0,0.0,0.0,0.0,0.0,PASS_<20%,0.00,0.0,NO,STANDBY_VEL_LOW,0,0.00,4590.00,78.36,FALSE,M1_DIRECTION_MISMATCH|OPENING_SHIELD_ACTIVE_3s
2026-09-07 16:11:04.141,1788797464.142,11785,9,128,4414.34,4414.42,8.0,PASS_<=10c,+0.0,FLAT,+0.0,+0.0,4.2,+0.00,0.00,SLOW,4414.34,4414.34,4414.34,4414.34,0.00,0.00,0.0,BULLISH,0.0,4414.34,4414.34,4414.34,4414.34,4,ACTIVE_4s,1.0,0.0,0.0,0.0,0.0,0.0,0.0,PASS_<20%,0.00,0.0,NO,STANDBY_VEL_LOW,0,0.00,4590.00,78.36,FALSE,M1_DIRECTION_MISMATCH|OPENING_SHIELD_ACTIVE_4s
2026-09-07 16:11:04.642,1788797464.643,11786,10,129,4414.34,4414.42,8.0,PASS_<=10c,+0.0,FLAT,+0.0,+0.0,4.2,+0.00,0.00,SLOW,4414.34,4414.34,4414.34,4414.34,0.00,0.00,0.0,BULLISH,0.0,4414.34,4414.34,4414.34,4414.34,4,ACTIVE_4s,1.0,0.0,0.0,0.0,0.0,0.0,0.0,PASS_<20%,0.00,0.0,NO,STANDBY_VEL_LOW,0,0.00,4590.00,78.36,FALSE,M1_DIRECTION_MISMATCH|OPENING_SHIELD_ACTIVE_4s
2026-09-07 16:11:05.144,1788797465.145,11787,11,130,4414.34,4414.42,8.0,PASS_<=10c,+0.0,FLAT,+0.0,+0.0,4.2,+0.00,0.00,SLOW,4414.34,4414.34,4414.34,4414.34,0.00,0.00,0.0,BULLISH,0.0,4414.34,4414.34,4414.34,4414.34,5,ACTIVE_5s,1.0,0.0,0.0,0.0,0.0,0.0,0.0,PASS_<20%,0.00,0.0,NO,STANDBY_VEL_LOW,0,0.00,4590.00,78.36,FALSE,M1_DIRECTION_MISMATCH|OPENING_SHIELD_ACTIVE_5s
2026-09-07 16:11:05.646,1788797465.647,11788,12,131,4414.34,4414.42,8.0,PASS_<=10c,+0.0,FLAT,+0.0,+0.0,4.2,+0.00,0.00,SLOW,4414.34,4414.34,4414.34,4414.34,0.00,0.00,0.0,BULLISH,0.0,4414.34,4414.34,4414.34,4414.34,5,ACTIVE_5s,1.0,0.0,0.0,0.0,0.0,0.0,0.0,PASS_<20%,0.00,0.0,NO,STANDBY_VEL_LOW,0,0.00,4590.00,78.36,FALSE,M1_DIRECTION_MISMATCH|OPENING_SHIELD_ACTIVE_5s
2026-09-07 16:11:06.148,1788797466.148,11789,13,132,4414.34,4414.42,8.0,PASS_<=10c,+0.0,FLAT,+0.0,+0.0,4.2,+0.00,0.00,SLOW,4414.34,4414.34,4414.34,4414.34,0.00,0.00,0.0,BULLISH,0.0,4414.34,4414.34,4414.34,4414.34,6,ACTIVE_6s,1.0,0.0,0.0,0.0,0.0,0.0,0.0,PASS_<20%,0.00,0.0,NO,STANDBY_VEL_LOW,0,0.00,4590.00,78.36,FALSE,M1_DIRECTION_MISMATCH|OPENING_SHIELD_ACTIVE_6s
2026-09-07 16:11:06.649,1788797466.650,11790,14,133,4414.34,4414.42,8.0,PASS_<=10c,+0.0,FLAT,+0.0,+0.0,4.2,+0.00,0.00,SLOW,4414.34,4414.34,4414.34,4414.34,0.00,0.00,0.0,BULLISH,0.0,4414.34,4414.34,4414.34,4414.34,6,ACTIVE_6s,1.0,0.0,0.0,0.0,0.0,0.0,0.0,PASS_<20%,0.00,0.0,NO,STANDBY_VEL_LOW,0,0.00,4590.00,78.36,FALSE,M1_DIRECTION_MISMATCH|OPENING_SHIELD_ACTIVE_6s
2026-09-07 16:11:07.151,1788797467.151,11791,15,134,4414.34,4414.42,8.0,PASS_<=10c,+0.0,FLAT,+0.0,+0.0,4.2,+0.00,0.00,SLOW,4414.34,4414.34,4414.34,4414.34,0.00,0.00,0.0,BULLISH,0.0,4414.34,4414.34,4414.34,4414.34,7,ACTIVE_7s,1.0,0.0,0.0,0.0,0.0,0.0,0.0,PASS_<20%,0.00,0.0,NO,STANDBY_VEL_LOW,0,0.00,4590.00,78.36,FALSE,M1_DIRECTION_MISMATCH|OPENING_SHIELD_ACTIVE_7s
2026-09-07 16:11:07.653,1788797467.653,11792,16,135,4414.34,4414.42,8.0,PASS_<=10c,+0.0,FLAT,+0.0,+0.0,4.2,+0.00,0.00,SLOW,4414.34,4414.34,4414.34,4414.34,0.00,0.00,0.0,BULLISH,0.0,4414.34,4414.34,4414.34,4414.34,7,ACTIVE_7s,1.0,0.0,0.0,0.0,0.0,0.0,0.0,PASS_<20%,0.00,0.0,NO,STANDBY_VEL_LOW,0,0.00,4590.00,78.36,FALSE,M1_DIRECTION_MISMATCH|OPENING_SHIELD_ACTIVE_7s
2026-09-07 16:11:08.155,1788797468.155,11793,17,136,4414.34,4414.42,8.0,PASS_<=10c,+0.0,FLAT,+0.0,+0.0,4.2,+0.00,0.00,SLOW,4414.34,4414.34,4414.34,4414.34,0.00,0.00,0.0,BULLISH,0.0,4414.34,4414.34,4414.34,4414.34,8,ACTIVE_8s,1.0,0.0,0.0,0.0,0.0,0.0,0.0,PASS_<20%,0.00,0.0,NO,STANDBY_VEL_LOW,0,0.00,4590.00,78.36,FALSE,M1_DIRECTION_MISMATCH|OPENING_SHIELD_ACTIVE_8s
2026-09-07 16:11:08.657,1788797468.657,11794,18,137,4414.34,4414.42,8.0,PASS_<=10c,+0.0,FLAT,+0.0,+0.0,4.2,+0.00,0.00,SLOW,4414.34,4414.34,4414.34,4414.34,0.00,0.00,0.0,BULLISH,0.0,4414.34,4414.34,4414.34,4414.34,8,ACTIVE_8s,1.0,0.0,0.0,0.0,0.0,0.0,0.0,PASS_<20%,0.00,0.0,NO,STANDBY_VEL_LOW,0,0.00,4590.00,78.36,FALSE,M1_DIRECTION_MISMATCH|OPENING_SHIELD_ACTIVE_8s
2026-09-07 16:11:09.159,1788797469.159,11795,19,138,4414.34,4414.42,8.0,PASS_<=10c,+0.0,FLAT,+0.0,+0.0,4.2,+0.00,0.00,SLOW,4414.34,4414.34,4414.34,4414.34,0.00,0.00,0.0,BULLISH,0.0,4414.34,4414.34,4414.34,4414.34,9,ACTIVE_9s,1.0,0.0,0.0,0.0,0.0,0.0,0.0,PASS_<20%,0.00,0.0,NO,STANDBY_VEL_LOW,0,0.00,4590.00,78.36,FALSE,M1_DIRECTION_MISMATCH|OPENING_SHIELD_ACTIVE_9s
2026-09-07 16:11:09.660,1788797469.661,11796,20,139,4414.34,4414.42,8.0,PASS_<=10c,+0.0,FLAT,+0.0,+0.0,4.2,+0.00,0.00,SLOW,4414.34,4414.34,4414.34,4414.34,0.00,0.00,0.0,BULLISH,0.0,4414.34,4414.34,4414.34,4414.34,9,ACTIVE_9s,1.0,0.0,0.0,0.0,0.0,0.0,0.0,PASS_<20%,0.00,0.0,NO,STANDBY_VEL_LOW,0,0.00,4590.00,78.36,FALSE,M1_DIRECTION_MISMATCH|OPENING_SHIELD_ACTIVE_9s
2026-09-07 16:11:10.162,1788797470.162,11797,21,140,4414.34,4414.42,8.0,PASS_<=10c,+0.0,FLAT,+0.0,+0.0,4.2,+0.00,0.00,SLOW,4414.34,4414.34,4414.34,4414.34,0.00,0.00,0.0,BULLISH,0.0,4414.34,4414.34,4414.34,4414.34,10,ACTIVE_10s,1.0,0.0,0.0,0.0,0.0,0.0,0.0,PASS_<20%,0.00,0.0,NO,STANDBY_VEL_LOW,0,0.00,4590.00,78.36,FALSE,M1_DIRECTION_MISMATCH|OPENING_SHIELD_ACTIVE_10s
2026-09-07 16:11:10.663,1788797470.664,11798,22,141,4414.34,4414.42,8.0,PASS_<=10c,+0.0,FLAT,+0.0,+0.0,4.2,+0.00,0.00,SLOW,4414.34,4414.34,4414.34,4414.34,0.00,0.00,0.0,BULLISH,0.0,4414.34,4414.34,4414.34,4414.34,10,ACTIVE_10s,1.0,0.0,0.0,0.0,0.0,0.0,0.0,PASS_<20%,0.00,0.0,NO,STANDBY_VEL_LOW,0,0.00,4590.00,78.36,FALSE,M1_DIRECTION_MISMATCH|OPENING_SHIELD_ACTIVE_10s
2026-09-07 16:11:11.166,1788797471.166,11799,23,142,4414.34,4414.42,8.0,PASS_<=10c,+0.0,FLAT,+0.0,+0.0,4.2,+0.00,0.00,SLOW,4414.34,4414.34,4414.34,4414.34,0.00,0.00,0.0,BULLISH,0.0,4414.34,4414.34,4414.34,4414.34,11,ACTIVE_11s,1.0,0.0,0.0,0.0,0.0,0.0,0.0,PASS_<20%,0.00,0.0,NO,STANDBY_VEL_LOW,0,0.00,4590.00,78.36,FALSE,M1_DIRECTION_MISMATCH|OPENING_SHIELD_ACTIVE_11s
2026-09-07 16:11:11.668,1788797471.669,11800,24,143,4414.34,4414.42,8.0,PASS_<=10c,+0.0,FLAT,+0.0,+0.0,4.2,+0.00,0.00,SLOW,4414.34,4414.34,4414.34,4414.34,0.00,0.00,0.0,BULLISH,0.0,4414.34,4414.34,4414.34,4414.34,11,ACTIVE_11s,1.0,0.0,0.0,0.0,0.0,0.0,0.0,PASS_<20%,0.00,0.0,NO,STANDBY_VEL_LOW,0,0.00,4590.00,78.36,FALSE,M1_DIRECTION_MISMATCH|OPENING_SHIELD_ACTIVE_11s
2026-09-07 16:11:12.170,1788797472.170,11801,25,144,4414.34,4414.42,8.0,PASS_<=10c,+0.0,FLAT,+0.0,+0.0,4.2,+0.00,0.00,SLOW,4414.34,4414.34,4414.34,4414.34,0.00,0.00,0.0,BULLISH,0.0,4414.34,4414.34,4414.34,4414.34,12,ACTIVE_12s,1.0,0.0,0.0,0.0,0.0,0.0,0.0,PASS_<20%,0.00,0.0,NO,STANDBY_VEL_LOW,0,0.00,4590.00,78.36,FALSE,M1_DIRECTION_MISMATCH|OPENING_SHIELD_ACTIVE_12s
2026-09-07 16:11:12.671,1788797472.672,11802,26,145,4414.34,4414.42,8.0,PASS_<=10c,+0.0,FLAT,+0.0,+0.0,4.2,+0.00,0.00,SLOW,4414.34,4414.34,4414.34,4414.34,0.00,0.00,0.0,BULLISH,0.0,4414.34,4414.34,4414.34,4414.34,12,ACTIVE_12s,1.0,0.0,0.0,0.0,0.0,0.0,0.0,PASS_<20%,0.00,0.0,NO,STANDBY_VEL_LOW,0,0.00,4590.00,78.36,FALSE,M1_DIRECTION_MISMATCH|OPENING_SHIELD_ACTIVE_12s
2026-09-07 16:11:13.172,1788797473.173,11803,27,146,4414.34,4414.42,8.0,PASS_<=10c,+0.0,FLAT,+0.0,+0.0,4.2,+0.00,0.00,SLOW,4414.34,4414.34,4414.34,4414.34,0.00,0.00,0.0,BULLISH,0.0,4414.34,4414.34,4414.34,4414.34,13,ACTIVE_13s,1.0,0.0,0.0,0.0,0.0,0.0,0.0,PASS_<20%,0.00,0.0,NO,STANDBY_VEL_LOW,0,0.00,4590.00,78.36,FALSE,M1_DIRECTION_MISMATCH|OPENING_SHIELD_ACTIVE_13s
2026-09-07 16:11:13.675,1788797473.675,11804,28,147,4414.34,4414.42,8.0,PASS_<=10c,+0.0,FLAT,+0.0,+0.0,4.2,+0.00,0.00,SLOW,4414.34,4414.34,4414.34,4414.34,0.00,0.00,0.0,BULLISH,0.0,4414.34,4414.34,4414.34,4414.34,13,ACTIVE_13s,1.0,0.0,0.0,0.0,0.0,0.0,0.0,PASS_<20%,0.00,0.0,NO,STANDBY_VEL_LOW,0,0.00,4590.00,78.36,FALSE,M1_DIRECTION_MISMATCH|OPENING_SHIELD_ACTIVE_13s
2026-09-07 16:11:14.177,1788797474.177,11805,29,148,4414.34,4414.42,8.0,PASS_<=10c,+0.0,FLAT,+0.0,+0.0,4.2,+0.00,0.00,SLOW,4414.34,4414.34,4414.34,4414.34,0.00,0.00,0.0,BULLISH,0.0,4414.34,4414.34,4414.34,4414.34,14,ACTIVE_14s,1.0,0.0,0.0,0.0,0.0,0.0,0.0,PASS_<20%,0.00,0.0,NO,STANDBY_VEL_LOW,0,0.00,4590.00,78.36,FALSE,M1_DIRECTION_MISMATCH|OPENING_SHIELD_ACTIVE_14s
2026-09-07 16:11:14.679,1788797474.679,11806,30,149,4414.34,4414.42,8.0,PASS_<=10c,+0.0,FLAT,+0.0,+0.0,4.2,+0.00,0.00,SLOW,4414.34,4414.34,4414.34,4414.34,0.00,0.00,0.0,BULLISH,0.0,4414.34,4414.34,4414.34,4414.34,14,ACTIVE_14s,1.0,0.0,0.0,0.0,0.0,0.0,0.0,PASS_<20%,0.00,0.0,NO,STANDBY_VEL_LOW,0,0.00,4590.00,78.36,FALSE,M1_DIRECTION_MISMATCH|OPENING_SHIELD_ACTIVE_14s
2026-09-07 16:11:15.181,1788797475.182,11807,31,150,4414.34,4414.42,8.0,PASS_<=10c,+0.0,FLAT,+0.0,+0.0,4.2,+0.00,0.00,SLOW,4414.34,4414.34,4414.34,4414.34,0.00,0.00,0.0,BULLISH,0.0,4414.34,4414.34,4414.34,4414.34,15,ACTIVE_15s,1.0,0.0,0.0,0.0,0.0,0.0,0.0,PASS_<20%,0.00,0.0,NO,STANDBY_VEL_LOW,0,0.00,4590.00,78.36,FALSE,M1_DIRECTION_MISMATCH|OPENING_SHIELD_ACTIVE_15s
2026-09-07 16:11:15.683,1788797475.684,11808,32,151,4414.34,4414.42,8.0,PASS_<=10c,+0.0,FLAT,+0.0,+0.0,4.2,+0.00,0.00,SLOW,4414.34,4414.34,4414.34,4414.34,0.00,0.00,0.0,BULLISH,0.0,4414.34,4414.34,4414.34,4414.34,15,ACTIVE_15s,1.0,0.0,0.0,0.0,0.0,0.0,0.0,PASS_<20%,0.00,0.0,NO,STANDBY_VEL_LOW,0,0.00,4590.00,78.36,FALSE,M1_DIRECTION_MISMATCH|OPENING_SHIELD_ACTIVE_15s
2026-09-07 16:11:16.184,1788797476.185,11809,33,152,4414.34,4414.42,8.0,PASS_<=10c,+0.0,FLAT,+0.0,+0.0,4.2,+0.00,0.00,SLOW,4414.34,4414.34,4414.34,4414.34,0.00,0.00,0.0,BULLISH,0.0,4414.34,4414.34,4414.34,4414.34,16,ACTIVE_16s,1.0,0.0,0.0,0.0,0.0,0.0,0.0,PASS_<20%,0.00,0.0,NO,STANDBY_VEL_LOW,0,0.00,4590.00,78.36,FALSE,M1_DIRECTION_MISMATCH|OPENING_SHIELD_ACTIVE_16s
2026-09-07 16:11:16.686,1788797476.687,11810,34,153,4414.34,4414.42,8.0,PASS_<=10c,+0.0,FLAT,+0.0,+0.0,4.2,+0.00,0.00,SLOW,4414.34,4414.34,4414.34,4414.34,0.00,0.00,0.0,BULLISH,0.0,4414.34,4414.34,4414.34,4414.34,16,ACTIVE_16s,1.0,0.0,0.0,0.0,0.0,0.0,0.0,PASS_<20%,0.00,0.0,NO,STANDBY_VEL_LOW,0,0.00,4590.00,78.36,FALSE,M1_DIRECTION_MISMATCH|OPENING_SHIELD_ACTIVE_16s
2026-09-07 16:11:17.189,1788797477.189,11811,35,154,4414.34,4414.42,8.0,PASS_<=10c,+0.0,FLAT,+0.0,+0.0,4.2,+0.00,0.00,SLOW,4414.34,4414.34,4414.34,4414.34,0.00,0.00,0.0,BULLISH,0.0,4414.34,4414.34,4414.34,4414.34,17,ACTIVE_17s,1.0,0.0,0.0,0.0,0.0,0.0,0.0,PASS_<20%,0.00,0.0,NO,STANDBY_VEL_LOW,0,0.00,4590.00,78.36,FALSE,M1_DIRECTION_MISMATCH|OPENING_SHIELD_ACTIVE_17s
2026-09-07 16:11:17.690,1788797477.691,11812,36,155,4414.34,4414.42,8.0,PASS_<=10c,+0.0,FLAT,+0.0,+0.0,4.2,+0.00,0.00,SLOW,4414.34,4414.34,4414.34,4414.34,0.00,0.00,0.0,BULLISH,0.0,4414.34,4414.34,4414.34,4414.34,17,ACTIVE_17s,1.0,0.0,0.0,0.0,0.0,0.0,0.0,PASS_<20%,0.00,0.0,NO,STANDBY_VEL_LOW,0,0.00,4590.00,78.36,FALSE,M1_DIRECTION_MISMATCH|OPENING_SHIELD_ACTIVE_17s
2026-09-07 16:11:18.192,1788797478.192,11813,37,156,4414.34,4414.42,8.0,PASS_<=10c,+0.0,FLAT,+0.0,+0.0,4.2,+0.00,0.00,SLOW,4414.34,4414.34,4414.34,4414.34,0.00,0.00,0.0,BULLISH,0.0,4414.34,4414.34,4414.34,4414.34,18,ACTIVE_18s,1.0,0.0,0.0,0.0,0.0,0.0,0.0,PASS_<20%,0.00,0.0,NO,STANDBY_VEL_LOW,0,0.00,4590.00,78.36,FALSE,M1_DIRECTION_MISMATCH|OPENING_SHIELD_ACTIVE_18s
2026-09-07 16:11:18.694,1788797478.694,11814,38,157,4414.34,4414.42,8.0,PASS_<=10c,+0.0,FLAT,+0.0,+0.0,4.2,+0.00,0.00,SLOW,4414.34,4414.34,4414.34,4414.34,0.00,0.00,0.0,BULLISH,0.0,4414.34,4414.34,4414.34,4414.34,18,ACTIVE_18s,1.0,0.0,0.0,0.0,0.0,0.0,0.0,PASS_<20%,0.00,0.0,NO,STANDBY_VEL_LOW,0,0.00,4590.00,78.36,FALSE,M1_DIRECTION_MISMATCH|OPENING_SHIELD_ACTIVE_18s
2026-09-07 16:11:19.195,1788797479.196,11815,39,158,4414.34,4414.42,8.0,PASS_<=10c,+0.0,FLAT,+0.0,+0.0,4.2,+0.00,0.00,SLOW,4414.34,4414.34,4414.34,4414.34,0.00,0.00,0.0,BULLISH,0.0,4414.34,4414.34,4414.34,4414.34,19,ACTIVE_19s,1.0,0.0,0.0,0.0,0.0,0.0,0.0,PASS_<20%,0.00,0.0,NO,STANDBY_VEL_LOW,0,0.00,4590.00,78.36,FALSE,M1_DIRECTION_MISMATCH|OPENING_SHIELD_ACTIVE_19s
2026-09-07 16:11:19.698,1788797479.698,11816,40,159,4414.34,4414.42,8.0,PASS_<=10c,+0.0,FLAT,+0.0,+0.0,4.2,+0.00,0.00,SLOW,4414.34,4414.34,4414.34,4414.34,0.00,0.00,0.0,BULLISH,0.0,4414.34,4414.34,4414.34,4414.34,19,ACTIVE_19s,1.0,0.0,0.0,0.0,0.0,0.0,0.0,PASS_<20%,0.00,0.0,NO,STANDBY_VEL_LOW,0,0.00,4590.00,78.36,FALSE,M1_DIRECTION_MISMATCH|OPENING_SHIELD_ACTIVE_19s
2026-09-07 16:11:20.198,1788797480.199,11817,41,160,4414.34,4414.42,8.0,PASS_<=10c,+0.0,FLAT,+0.0,+0.0,4.2,+0.00,0.00,SLOW,4414.34,4414.34,4414.34,4414.34,0.00,0.00,0.0,BULLISH,0.0,4414.34,4414.34,4414.34,4414.34,20,CLEARED_>=20s,1.0,0.0,0.0,0.0,0.0,0.0,0.0,PASS_<20%,0.00,0.0,NO,STANDBY_VEL_LOW,0,0.00,4590.00,78.36,FALSE,M1_DIRECTION_MISMATCH
2026-09-07 16:11:20.700,1788797480.700,11818,42,161,4414.34,4414.42,8.0,PASS_<=10c,+0.0,FLAT,+0.0,+0.0,4.2,+0.00,0.00,SLOW,4414.34,4414.34,4414.34,4414.34,0.00,0.00,0.0,BULLISH,0.0,4414.34,4414.34,4414.34,4414.34,20,CLEARED_>=20s,1.0,0.0,0.0,0.0,0.0,0.0,0.0,PASS_<20%,0.00,0.0,NO,STANDBY_VEL_LOW,0,0.00,4590.00,78.36,FALSE,M1_DIRECTION_MISMATCH
2026-09-07 16:11:21.201,1788797481.202,11819,43,162,4414.34,4414.42,8.0,PASS_<=10c,+0.0,FLAT,+0.0,+0.0,4.2,+0.00,0.00,SLOW,4414.34,4414.34,4414.34,4414.34,0.00,0.00,0.0,BULLISH,0.0,4414.34,4414.34,4414.34,4414.34,21,CLEARED_>=20s,1.0,0.0,0.0,0.0,0.0,0.0,0.0,PASS_<20%,0.00,0.0,NO,STANDBY_VEL_LOW,0,0.00,4590.00,78.36,FALSE,M1_DIRECTION_MISMATCH
2026-09-07 16:11:21.703,1788797481.703,11820,44,163,4414.34,4414.42,8.0,PASS_<=10c,+0.0,FLAT,+0.0,+0.0,4.2,+0.00,0.00,SLOW,4414.34,4414.34,4414.34,4414.34,0.00,0.00,0.0,BULLISH,0.0,4414.34,4414.34,4414.34,4414.34,21,CLEARED_>=20s,1.0,0.0,0.0,0.0,0.0,0.0,0.0,PASS_<20%,0.00,0.0,NO,STANDBY_VEL_LOW,0,0.00,4590.00,78.36,FALSE,M1_DIRECTION_MISMATCH
2026-09-07 16:11:22.204,1788797482.205,11821,45,164,4414.34,4414.42,8.0,PASS_<=10c,+0.0,FLAT,+0.0,+0.0,4.2,+0.00,0.00,SLOW,4414.34,4414.34,4414.34,4414.34,0.00,0.00,0.0,BULLISH,0.0,4414.34,4414.34,4414.34,4414.34,22,CLEARED_>=20s,1.0,0.0,0.0,0.0,0.0,0.0,0.0,PASS_<20%,0.00,0.0,NO,STANDBY_VEL_LOW,0,0.00,4590.00,78.36,FALSE,M1_DIRECTION_MISMATCH
2026-09-07 16:11:22.707,1788797482.707,11822,46,165,4414.34,4414.42,8.0,PASS_<=10c,+0.0,FLAT,+0.0,+0.0,4.2,+0.00,0.00,SLOW,4414.34,4414.34,4414.34,4414.34,0.00,0.00,0.0,BULLISH,0.0,4414.34,4414.34,4414.34,4414.34,22,CLEARED_>=20s,1.0,0.0,0.0,0.0,0.0,0.0,0.0,PASS_<20%,0.00,0.0,NO,STANDBY_VEL_LOW,0,0.00,4590.00,78.36,FALSE,M1_DIRECTION_MISMATCH
2026-09-07 16:11:23.210,1788797483.210,11823,47,166,4414.34,4414.42,8.0,PASS_<=10c,+0.0,FLAT,+0.0,+0.0,4.2,+0.00,0.00,SLOW,4414.34,4414.34,4414.34,4414.34,0.00,0.00,0.0,BULLISH,0.0,4414.34,4414.34,4414.34,4414.34,23,CLEARED_>=20s,1.0,0.0,0.0,0.0,0.0,0.0,0.0,PASS_<20%,0.00,0.0,NO,STANDBY_VEL_LOW,0,0.00,4590.00,78.36,FALSE,M1_DIRECTION_MISMATCH
2026-09-07 16:11:23.710,1788797483.711,11824,48,167,4414.34,4414.42,8.0,PASS_<=10c,+0.0,FLAT,+0.0,+0.0,4.2,+0.00,0.00,SLOW,4414.34,4414.34,4414.34,4414.34,0.00,0.00,0.0,BULLISH,0.0,4414.34,4414.34,4414.34,4414.34,23,CLEARED_>=20s,1.0,0.0,0.0,0.0,0.0,0.0,0.0,PASS_<20%,0.00,0.0,NO,STANDBY_VEL_LOW,0,0.00,4590.00,78.36,FALSE,M1_DIRECTION_MISMATCH
2026-09-07 16:11:24.212,1788797484.212,11825,49,168,4414.34,4414.42,8.0,PASS_<=10c,+0.0,FLAT,+0.0,+0.0,4.2,+0.00,0.00,SLOW,4414.34,4414.34,4414.34,4414.34,0.00,0.00,0.0,BULLISH,0.0,4414.34,4414.34,4414.34,4414.34,24,CLEARED_>=20s,1.0,0.0,0.0,0.0,0.0,0.0,0.0,PASS_<20%,0.00,0.0,NO,STANDBY_VEL_LOW,0,0.00,4590.00,78.36,FALSE,M1_DIRECTION_MISMATCH
2026-09-07 16:11:24.712,1788797484.713,11826,50,169,4414.34,4414.42,8.0,PASS_<=10c,+0.0,FLAT,+0.0,+0.0,4.2,+0.00,0.00,SLOW,4414.34,4414.34,4414.34,4414.34,0.00,0.00,0.0,BULLISH,0.0,4414.34,4414.34,4414.34,4414.34,24,CLEARED_>=20s,1.0,0.0,0.0,0.0,0.0,0.0,0.0,PASS_<20%,0.00,0.0,NO,STANDBY_VEL_LOW,0,0.00,4590.00,78.36,FALSE,M1_DIRECTION_MISMATCH
2026-09-07 16:11:25.215,1788797485.215,11827,51,170,4414.34,4414.42,8.0,PASS_<=10c,+0.0,FLAT,+0.0,+0.0,4.2,+0.00,0.00,SLOW,4414.34,4414.34,4414.34,4414.34,0.00,0.00,0.0,BULLISH,0.0,4414.34,4414.34,4414.34,4414.34,25,CLEARED_>=20s,1.0,0.0,0.0,0.0,0.0,0.0,0.0,PASS_<20%,0.00,0.0,NO,STANDBY_VEL_LOW,0,0.00,4590.00,78.36,FALSE,M1_DIRECTION_MISMATCH
2026-09-07 16:11:25.717,1788797485.717,11828,52,171,4414.34,4414.42,8.0,PASS_<=10c,+0.0,FLAT,+0.0,+0.0,4.2,+0.00,0.00,SLOW,4414.34,4414.34,4414.34,4414.34,0.00,0.00,0.0,BULLISH,0.0,4414.34,4414.34,4414.34,4414.34,25,CLEARED_>=20s,1.0,0.0,0.0,0.0,0.0,0.0,0.0,PASS_<20%,0.00,0.0,NO,STANDBY_VEL_LOW,0,0.00,4590.00,78.36,FALSE,M1_DIRECTION_MISMATCH
2026-09-07 16:11:26.218,1788797486.219,11829,53,172,4414.34,4414.42,8.0,PASS_<=10c,+0.0,FLAT,+0.0,+0.0,4.2,+0.00,0.00,SLOW,4414.34,4414.34,4414.34,4414.34,0.00,0.00,0.0,BULLISH,0.0,4414.34,4414.34,4414.34,4414.34,26,CLEARED_>=20s,1.0,0.0,0.0,0.0,0.0,0.0,0.0,PASS_<20%,0.00,0.0,NO,STANDBY_VEL_LOW,0,0.00,4590.00,78.36,FALSE,M1_DIRECTION_MISMATCH
2026-09-07 16:11:26.719,1788797486.719,11830,54,173,4414.34,4414.42,8.0,PASS_<=10c,+0.0,FLAT,+0.0,+0.0,4.2,+0.00,0.00,SLOW,4414.34,4414.34,4414.34,4414.34,0.00,0.00,0.0,BULLISH,0.0,4414.34,4414.34,4414.34,4414.34,26,CLEARED_>=20s,1.0,0.0,0.0,0.0,0.0,0.0,0.0,PASS_<20%,0.00,0.0,NO,STANDBY_VEL_LOW,0,0.00,4590.00,78.36,FALSE,M1_DIRECTION_MISMATCH
2026-09-07 16:11:27.220,1788797487.220,11831,55,174,4414.34,4414.42,8.0,PASS_<=10c,+0.0,FLAT,+0.0,+0.0,4.2,+0.00,0.00,SLOW,4414.34,4414.34,4414.34,4414.34,0.00,0.00,0.0,BULLISH,0.0,4414.34,4414.34,4414.34,4414.34,27,CLEARED_>=20s,1.0,0.0,0.0,0.0,0.0,0.0,0.0,PASS_<20%,0.00,0.0,NO,STANDBY_VEL_LOW,0,0.00,4590.00,78.36,FALSE,M1_DIRECTION_MISMATCH
2026-09-07 16:11:27.721,1788797487.722,11832,56,175,4414.34,4414.42,8.0,PASS_<=10c,+0.0,FLAT,+0.0,+0.0,4.2,+0.00,0.00,SLOW,4414.34,4414.34,4414.34,4414.34,0.00,0.00,0.0,BULLISH,0.0,4414.34,4414.34,4414.34,4414.34,27,CLEARED_>=20s,1.0,0.0,0.0,0.0,0.0,0.0,0.0,PASS_<20%,0.00,0.0,NO,STANDBY_VEL_LOW,0,0.00,4590.00,78.36,FALSE,M1_DIRECTION_MISMATCH
2026-09-07 16:11:28.223,1788797488.224,11833,57,176,4414.34,4414.42,8.0,PASS_<=10c,+0.0,FLAT,+0.0,+0.0,4.2,+0.00,0.00,SLOW,4414.34,4414.34,4414.34,4414.34,0.00,0.00,0.0,BULLISH,0.0,4414.34,4414.34,4414.34,4414.34,28,CLEARED_>=20s,1.0,0.0,0.0,0.0,0.0,0.0,0.0,PASS_<20%,0.00,0.0,NO,STANDBY_VEL_LOW,0,0.00,4590.00,78.36,FALSE,M1_DIRECTION_MISMATCH
2026-09-07 16:11:28.725,1788797488.726,11834,58,177,4414.34,4414.42,8.0,PASS_<=10c,+0.0,FLAT,+0.0,+0.0,4.2,+0.00,0.00,SLOW,4414.34,4414.34,4414.34,4414.34,0.00,0.00,0.0,BULLISH,0.0,4414.34,4414.34,4414.34,4414.34,28,CLEARED_>=20s,1.0,0.0,0.0,0.0,0.0,0.0,0.0,PASS_<20%,0.00,0.0,NO,STANDBY_VEL_LOW,0,0.00,4590.00,78.36,FALSE,M1_DIRECTION_MISMATCH
2026-09-07 16:11:29.226,1788797489.227,11835,59,178,4414.34,4414.42,8.0,PASS_<=10c,+0.0,FLAT,+0.0,+0.0,4.2,+0.00,0.00,SLOW,4414.34,4414.34,4414.34,4414.34,0.00,0.00,0.0,BULLISH,0.0,4414.34,4414.34,4414.34,4414.34,29,CLEARED_>=20s,1.0,0.0,0.0,0.0,0.0,0.0,0.0,PASS_<20%,0.00,0.0,NO,STANDBY_VEL_LOW,0,0.00,4590.00,78.36,FALSE,M1_DIRECTION_MISMATCH
2026-09-07 16:11:29.728,1788797489.729,11836,60,179,4414.34,4414.42,8.0,PASS_<=10c,+0.0,FLAT,+0.0,+0.0,4.2,+0.00,0.00,SLOW,4414.34,4414.34,4414.34,4414.34,0.00,0.00,0.0,BULLISH,0.0,4414.34,4414.34,4414.34,4414.34,29,CLEARED_>=20s,1.0,0.0,0.0,0.0,0.0,0.0,0.0,PASS_<20%,0.00,0.0,NO,STANDBY_VEL_LOW,0,0.00,4590.00,78.36,FALSE,M1_DIRECTION_MISMATCH
2026-09-07 16:11:30.230,1788797490.231,11837,61,180,4414.34,4414.42,8.0,PASS_<=10c,+0.0,FLAT,+0.0,+0.0,4.2,+0.00,0.00,SLOW,4414.34,4414.34,4414.34,4414.34,0.00,0.00,0.0,BULLISH,0.0,4414.34,4414.34,4414.34,4414.34,30,CLEARED_>=20s,1.0,0.0,0.0,0.0,0.0,0.0,0.0,PASS_<20%,0.00,0.0,NO,STANDBY_VEL_LOW,0,0.00,4590.00,78.36,FALSE,M1_DIRECTION_MISMATCH
2026-09-07 16:11:30.732,1788797490.732,11838,62,181,4414.34,4414.42,8.0,PASS_<=10c,+0.0,FLAT,+0.0,+0.0,4.2,+0.00,0.00,SLOW,4414.34,4414.34,4414.34,4414.34,0.00,0.00,0.0,BULLISH,0.0,4414.34,4414.34,4414.34,4414.34,30,CLEARED_>=20s,1.0,0.0,0.0,0.0,0.0,0.0,0.0,PASS_<20%,0.00,0.0,NO,STANDBY_VEL_LOW,0,0.00,4590.00,78.36,FALSE,M1_DIRECTION_MISMATCH
2026-09-07 16:11:31.234,1788797491.234,11839,63,182,4414.34,4414.42,8.0,PASS_<=10c,+0.0,FLAT,+0.0,+0.0,4.2,+0.00,0.00,SLOW,4414.34,4414.34,4414.34,4414.34,0.00,0.00,0.0,BULLISH,0.0,4414.34,4414.34,4414.34,4414.34,31,CLEARED_>=20s,1.0,0.0,0.0,0.0,0.0,0.0,0.0,PASS_<20%,0.00,0.0,NO,STANDBY_VEL_LOW,0,0.00,4590.00,78.36,FALSE,M1_DIRECTION_MISMATCH
2026-09-07 16:11:31.735,1788797491.736,11840,64,183,4414.34,4414.42,8.0,PASS_<=10c,+0.0,FLAT,+0.0,+0.0,4.2,+0.00,0.00,SLOW,4414.34,4414.34,4414.34,4414.34,0.00,0.00,0.0,BULLISH,0.0,4414.34,4414.34,4414.34,4414.34,31,CLEARED_>=20s,1.0,0.0,0.0,0.0,0.0,0.0,0.0,PASS_<20%,0.00,0.0,NO,STANDBY_VEL_LOW,0,0.00,4590.00,78.36,FALSE,M1_DIRECTION_MISMATCH
2026-09-07 16:11:32.237,1788797492.237,11841,65,184,4414.34,4414.42,8.0,PASS_<=10c,+0.0,FLAT,+0.0,+0.0,4.2,+0.00,0.00,SLOW,4414.34,4414.34,4414.34,4414.34,0.00,0.00,0.0,BULLISH,0.0,4414.34,4414.34,4414.34,4414.34,32,CLEARED_>=20s,1.0,0.0,0.0,0.0,0.0,0.0,0.0,PASS_<20%,0.00,0.0,NO,STANDBY_VEL_LOW,0,0.00,4590.00,78.36,FALSE,M1_DIRECTION_MISMATCH
2026-09-07 16:11:32.740,1788797492.740,11842,66,185,4414.34,4414.42,8.0,PASS_<=10c,+0.0,FLAT,+0.0,+0.0,4.2,+0.00,0.00,SLOW,4414.34,4414.34,4414.34,4414.34,0.00,0.00,0.0,BULLISH,0.0,4414.34,4414.34,4414.34,4414.34,32,CLEARED_>=20s,1.0,0.0,0.0,0.0,0.0,0.0,0.0,PASS_<20%,0.00,0.0,NO,STANDBY_VEL_LOW,0,0.00,4590.00,78.36,FALSE,M1_DIRECTION_MISMATCH
2026-09-07 16:11:33.240,1788797493.241,11843,67,186,4414.34,4414.42,8.0,PASS_<=10c,+0.0,FLAT,+0.0,+0.0,4.2,+0.00,0.00,SLOW,4414.34,4414.34,4414.34,4414.34,0.00,0.00,0.0,BULLISH,0.0,4414.34,4414.34,4414.34,4414.34,33,CLEARED_>=20s,1.0,0.0,0.0,0.0,0.0,0.0,0.0,PASS_<20%,0.00,0.0,NO,STANDBY_VEL_LOW,0,0.00,4590.00,78.36,FALSE,M1_DIRECTION_MISMATCH
2026-09-07 16:11:33.742,1788797493.743,11844,68,187,4414.34,4414.42,8.0,PASS_<=10c,+0.0,FLAT,+0.0,+0.0,4.2,+0.00,0.00,SLOW,4414.34,4414.34,4414.34,4414.34,0.00,0.00,0.0,BULLISH,0.0,4414.34,4414.34,4414.34,4414.34,33,CLEARED_>=20s,1.0,0.0,0.0,0.0,0.0,0.0,0.0,PASS_<20%,0.00,0.0,NO,STANDBY_VEL_LOW,0,0.00,4590.00,78.36,FALSE,M1_DIRECTION_MISMATCH
2026-09-07 16:11:34.244,1788797494.245,11845,69,188,4414.34,4414.42,8.0,PASS_<=10c,+0.0,FLAT,+0.0,+0.0,4.2,+0.00,0.00,SLOW,4414.34,4414.34,4414.34,4414.34,0.00,0.00,0.0,BULLISH,0.0,4414.34,4414.34,4414.34,4414.34,34,CLEARED_>=20s,1.0,0.0,0.0,0.0,0.0,0.0,0.0,PASS_<20%,0.00,0.0,NO,STANDBY_VEL_LOW,0,0.00,4590.00,78.36,FALSE,M1_DIRECTION_MISMATCH
2026-09-07 16:11:34.746,1788797494.747,11846,70,189,4414.34,4414.42,8.0,PASS_<=10c,+0.0,FLAT,+0.0,+0.0,4.2,+0.00,0.00,SLOW,4414.34,4414.34,4414.34,4414.34,0.00,0.00,0.0,BULLISH,0.0,4414.34,4414.34,4414.34,4414.34,34,CLEARED_>=20s,1.0,0.0,0.0,0.0,0.0,0.0,0.0,PASS_<20%,0.00,0.0,NO,STANDBY_VEL_LOW,0,0.00,4590.00,78.36,FALSE,M1_DIRECTION_MISMATCH
2026-09-07 16:11:35.249,1788797495.249,11847,71,190,4414.34,4414.42,8.0,PASS_<=10c,+0.0,FLAT,+0.0,+0.0,4.2,+0.00,0.00,SLOW,4414.34,4414.34,4414.34,4414.34,0.00,0.00,0.0,BULLISH,0.0,4414.34,4414.34,4414.34,4414.34,35,CLEARED_>=20s,1.0,0.0,0.0,0.0,0.0,0.0,0.0,PASS_<20%,0.00,0.0,NO,STANDBY_VEL_LOW,0,0.00,4590.00,78.36,FALSE,M1_DIRECTION_MISMATCH
2026-09-07 16:11:35.750,1788797495.751,11848,72,191,4414.34,4414.42,8.0,PASS_<=10c,+0.0,FLAT,+0.0,+0.0,4.2,+0.00,0.00,SLOW,4414.34,4414.34,4414.34,4414.34,0.00,0.00,0.0,BULLISH,0.0,4414.34,4414.34,4414.34,4414.34,35,CLEARED_>=20s,1.0,0.0,0.0,0.0,0.0,0.0,0.0,PASS_<20%,0.00,0.0,NO,STANDBY_VEL_LOW,0,0.00,4590.00,78.36,FALSE,M1_DIRECTION_MISMATCH
2026-09-07 16:11:36.253,1788797496.253,11849,73,192,4414.34,4414.42,8.0,PASS_<=10c,+0.0,FLAT,+0.0,+0.0,4.2,+0.00,0.00,SLOW,4414.34,4414.34,4414.34,4414.34,0.00,0.00,0.0,BULLISH,0.0,4414.34,4414.34,4414.34,4414.34,36,CLEARED_>=20s,1.0,0.0,0.0,0.0,0.0,0.0,0.0,PASS_<20%,0.00,0.0,NO,STANDBY_VEL_LOW,0,0.00,4590.00,78.36,FALSE,M1_DIRECTION_MISMATCH
2026-09-07 16:11:36.757,1788797496.758,11850,74,193,4414.34,4414.42,8.0,PASS_<=10c,+0.0,FLAT,+0.0,+0.0,4.2,+0.00,0.00,SLOW,4414.34,4414.34,4414.34,4414.34,0.00,0.00,0.0,BULLISH,0.0,4414.34,4414.34,4414.34,4414.34,36,CLEARED_>=20s,1.0,0.0,0.0,0.0,0.0,0.0,0.0,PASS_<20%,0.00,0.0,NO,STANDBY_VEL_LOW,0,0.00,4590.00,78.36,FALSE,M1_DIRECTION_MISMATCH
2026-09-07 16:11:37.256,1788797497.256,11851,75,194,4414.34,4414.42,8.0,PASS_<=10c,+0.0,FLAT,+0.0,+0.0,4.2,+0.00,0.00,SLOW,4414.34,4414.34,4414.34,4414.34,0.00,0.00,0.0,BULLISH,0.0,4414.34,4414.34,4414.34,4414.34,37,CLEARED_>=20s,1.0,0.0,0.0,0.0,0.0,0.0,0.0,PASS_<20%,0.00,0.0,NO,STANDBY_VEL_LOW,0,0.00,4590.00,78.36,FALSE,M1_DIRECTION_MISMATCH
2026-09-07 16:11:37.758,1788797497.759,11852,76,195,4414.34,4414.42,8.0,PASS_<=10c,+0.0,FLAT,+0.0,+0.0,4.2,+0.00,0.00,SLOW,4414.34,4414.34,4414.34,4414.34,0.00,0.00,0.0,BULLISH,0.0,4414.34,4414.34,4414.34,4414.34,37,CLEARED_>=20s,1.0,0.0,0.0,0.0,0.0,0.0,0.0,PASS_<20%,0.00,0.0,NO,STANDBY_VEL_LOW,0,0.00,4590.00,78.36,FALSE,M1_DIRECTION_MISMATCH
2026-09-07 16:11:38.260,1788797498.260,11853,77,196,4414.34,4414.42,8.0,PASS_<=10c,+0.0,FLAT,+0.0,+0.0,4.2,+0.00,0.00,SLOW,4414.34,4414.34,4414.34,4414.34,0.00,0.00,0.0,BULLISH,0.0,4414.34,4414.34,4414.34,4414.34,38,CLEARED_>=20s,1.0,0.0,0.0,0.0,0.0,0.0,0.0,PASS_<20%,0.00,0.0,NO,STANDBY_VEL_LOW,0,0.00,4590.00,78.36,FALSE,M1_DIRECTION_MISMATCH
2026-09-07 16:11:38.761,1788797498.761,11854,78,197,4414.34,4414.42,8.0,PASS_<=10c,+0.0,FLAT,+0.0,+0.0,4.2,+0.00,0.00,SLOW,4414.34,4414.34,4414.34,4414.34,0.00,0.00,0.0,BULLISH,0.0,4414.34,4414.34,4414.34,4414.34,38,CLEARED_>=20s,1.0,0.0,0.0,0.0,0.0,0.0,0.0,PASS_<20%,0.00,0.0,NO,STANDBY_VEL_LOW,0,0.00,4590.00,78.36,FALSE,M1_DIRECTION_MISMATCH
2026-09-07 16:11:39.263,1788797499.264,11855,79,198,4414.34,4414.42,8.0,PASS_<=10c,+0.0,FLAT,+0.0,+0.0,4.2,+0.00,0.00,SLOW,4414.34,4414.34,4414.34,4414.34,0.00,0.00,0.0,BULLISH,0.0,4414.34,4414.34,4414.34,4414.34,39,CLEARED_>=20s,1.0,0.0,0.0,0.0,0.0,0.0,0.0,PASS_<20%,0.00,0.0,NO,STANDBY_VEL_LOW,0,0.00,4590.00,78.36,FALSE,M1_DIRECTION_MISMATCH
2026-09-07 16:11:39.766,1788797499.766,11856,80,199,4414.34,4414.42,8.0,PASS_<=10c,+0.0,FLAT,+0.0,+0.0,4.2,+0.00,0.00,SLOW,4414.34,4414.34,4414.34,4414.34,0.00,0.00,0.0,BULLISH,0.0,4414.34,4414.34,4414.34,4414.34,39,CLEARED_>=20s,1.0,0.0,0.0,0.0,0.0,0.0,0.0,PASS_<20%,0.00,0.0,NO,STANDBY_VEL_LOW,0,0.00,4590.00,78.36,FALSE,M1_DIRECTION_MISMATCH
2026-09-07 16:11:40.268,1788797500.268,11857,81,200,4414.34,4414.42,8.0,PASS_<=10c,+0.0,FLAT,+0.0,+0.0,4.2,+0.00,0.00,SLOW,4414.34,4414.34,4414.34,4414.34,0.00,0.00,0.0,BULLISH,0.0,4414.34,4414.34,4414.34,4414.34,40,CLEARED_>=20s,1.0,0.0,0.0,0.0,0.0,0.0,0.0,PASS_<20%,0.00,0.0,NO,STANDBY_VEL_LOW,0,0.00,4590.00,78.36,FALSE,M1_DIRECTION_MISMATCH
2026-09-07 16:11:40.770,1788797500.770,11858,82,201,4414.34,4414.42,8.0,PASS_<=10c,+0.0,FLAT,+0.0,+0.0,4.2,+0.00,0.00,SLOW,4414.34,4414.34,4414.34,4414.34,0.00,0.00,0.0,BULLISH,0.0,4414.34,4414.34,4414.34,4414.34,40,CLEARED_>=20s,1.0,0.0,0.0,0.0,0.0,0.0,0.0,PASS_<20%,0.00,0.0,NO,STANDBY_VEL_LOW,0,0.00,4590.00,78.36,FALSE,M1_DIRECTION_MISMATCH
2026-09-07 16:11:41.271,1788797501.272,11859,83,202,4414.34,4414.42,8.0,PASS_<=10c,+0.0,FLAT,+0.0,+0.0,4.2,+0.00,0.00,SLOW,4414.34,4414.34,4414.34,4414.34,0.00,0.00,0.0,BULLISH,0.0,4414.34,4414.34,4414.34,4414.34,41,CLEARED_>=20s,1.0,0.0,0.0,0.0,0.0,0.0,0.0,PASS_<20%,0.00,0.0,NO,STANDBY_VEL_LOW,0,0.00,4590.00,78.36,FALSE,M1_DIRECTION_MISMATCH
2026-09-07 16:11:41.773,1788797501.774,11860,84,203,4414.34,4414.42,8.0,PASS_<=10c,+0.0,FLAT,+0.0,+0.0,4.2,+0.00,0.00,SLOW,4414.34,4414.34,4414.34,4414.34,0.00,0.00,0.0,BULLISH,0.0,4414.34,4414.34,4414.34,4414.34,41,CLEARED_>=20s,1.0,0.0,0.0,0.0,0.0,0.0,0.0,PASS_<20%,0.00,0.0,NO,STANDBY_VEL_LOW,0,0.00,4590.00,78.36,FALSE,M1_DIRECTION_MISMATCH
2026-09-07 16:11:42.274,1788797502.275,11861,85,204,4414.34,4414.42,8.0,PASS_<=10c,+0.0,FLAT,+0.0,+0.0,4.2,+0.00,0.00,SLOW,4414.34,4414.34,4414.34,4414.34,0.00,0.00,0.0,BULLISH,0.0,4414.34,4414.34,4414.34,4414.34,42,CLEARED_>=20s,1.0,0.0,0.0,0.0,0.0,0.0,0.0,PASS_<20%,0.00,0.0,NO,STANDBY_VEL_LOW,0,0.00,4590.00,78.36,FALSE,M1_DIRECTION_MISMATCH
2026-09-07 16:11:42.776,1788797502.776,11862,86,205,4414.34,4414.42,8.0,PASS_<=10c,+0.0,FLAT,+0.0,+0.0,4.2,+0.00,0.00,SLOW,4414.34,4414.34,4414.34,4414.34,0.00,0.00,0.0,BULLISH,0.0,4414.34,4414.34,4414.34,4414.34,42,CLEARED_>=20s,1.0,0.0,0.0,0.0,0.0,0.0,0.0,PASS_<20%,0.00,0.0,NO,STANDBY_VEL_LOW,0,0.00,4590.00,78.36,FALSE,M1_DIRECTION_MISMATCH
2026-09-07 16:11:43.277,1788797503.278,11863,87,206,4414.34,4414.42,8.0,PASS_<=10c,+0.0,FLAT,+0.0,+0.0,4.2,+0.00,0.00,SLOW,4414.34,4414.34,4414.34,4414.34,0.00,0.00,0.0,BULLISH,0.0,4414.34,4414.34,4414.34,4414.34,43,CLEARED_>=20s,1.0,0.0,0.0,0.0,0.0,0.0,0.0,PASS_<20%,0.00,0.0,NO,STANDBY_VEL_LOW,0,0.00,4590.00,78.36,FALSE,M1_DIRECTION_MISMATCH
2026-09-07 16:11:43.780,1788797503.780,11864,88,207,4414.34,4414.42,8.0,PASS_<=10c,+0.0,FLAT,+0.0,+0.0,4.2,+0.00,0.00,SLOW,4414.34,4414.34,4414.34,4414.34,0.00,0.00,0.0,BULLISH,0.0,4414.34,4414.34,4414.34,4414.34,43,CLEARED_>=20s,1.0,0.0,0.0,0.0,0.0,0.0,0.0,PASS_<20%,0.00,0.0,NO,STANDBY_VEL_LOW,0,0.00,4590.00,78.36,FALSE,M1_DIRECTION_MISMATCH
2026-09-07 16:11:44.281,1788797504.282,11865,89,208,4414.34,4414.42,8.0,PASS_<=10c,+0.0,FLAT,+0.0,+0.0,4.2,+0.00,0.00,SLOW,4414.34,4414.34,4414.34,4414.34,0.00,0.00,0.0,BULLISH,0.0,4414.34,4414.34,4414.34,4414.34,44,CLEARED_>=20s,1.0,0.0,0.0,0.0,0.0,0.0,0.0,PASS_<20%,0.00,0.0,NO,STANDBY_VEL_LOW,0,0.00,4590.00,78.36,FALSE,M1_DIRECTION_MISMATCH
2026-09-07 16:11:44.782,1788797504.783,11866,90,209,4414.34,4414.42,8.0,PASS_<=10c,+0.0,FLAT,+0.0,+0.0,4.2,+0.00,0.00,SLOW,4414.34,4414.34,4414.34,4414.34,0.00,0.00,0.0,BULLISH,0.0,4414.34,4414.34,4414.34,4414.34,44,CLEARED_>=20s,1.0,0.0,0.0,0.0,0.0,0.0,0.0,PASS_<20%,0.00,0.0,NO,STANDBY_VEL_LOW,0,0.00,4590.00,78.36,FALSE,M1_DIRECTION_MISMATCH
2026-09-07 16:11:45.284,1788797505.284,11867,91,210,4414.34,4414.42,8.0,PASS_<=10c,+0.0,FLAT,+0.0,+0.0,4.2,+0.00,0.00,SLOW,4414.34,4414.34,4414.34,4414.34,0.00,0.00,0.0,BULLISH,0.0,4414.34,4414.34,4414.34,4414.34,45,CLEARED_>=20s,1.0,0.0,0.0,0.0,0.0,0.0,0.0,PASS_<20%,0.00,0.0,NO,STANDBY_VEL_LOW,0,0.00,4590.00,78.36,FALSE,M1_DIRECTION_MISMATCH
2026-09-07 16:11:45.786,1788797505.787,11868,92,211,4414.34,4414.42,8.0,PASS_<=10c,+0.0,FLAT,+0.0,+0.0,4.2,+0.00,0.00,SLOW,4414.34,4414.34,4414.34,4414.34,0.00,0.00,0.0,BULLISH,0.0,4414.34,4414.34,4414.34,4414.34,45,CLEARED_>=20s,1.0,0.0,0.0,0.0,0.0,0.0,0.0,PASS_<20%,0.00,0.0,NO,STANDBY_VEL_LOW,0,0.00,4590.00,78.36,FALSE,M1_DIRECTION_MISMATCH
2026-09-07 16:11:46.288,1788797506.289,11869,93,212,4414.34,4414.42,8.0,PASS_<=10c,+0.0,FLAT,+0.0,+0.0,4.2,+0.00,0.00,SLOW,4414.34,4414.34,4414.34,4414.34,0.00,0.00,0.0,BULLISH,0.0,4414.34,4414.34,4414.34,4414.34,46,CLEARED_>=20s,1.0,0.0,0.0,0.0,0.0,0.0,0.0,PASS_<20%,0.00,0.0,NO,STANDBY_VEL_LOW,0,0.00,4590.00,78.36,FALSE,M1_DIRECTION_MISMATCH
2026-09-07 16:11:46.789,1788797506.790,11870,94,213,4414.34,4414.42,8.0,PASS_<=10c,+0.0,FLAT,+0.0,+0.0,4.2,+0.00,0.00,SLOW,4414.34,4414.34,4414.34,4414.34,0.00,0.00,0.0,BULLISH,0.0,4414.34,4414.34,4414.34,4414.34,46,CLEARED_>=20s,1.0,0.0,0.0,0.0,0.0,0.0,0.0,PASS_<20%,0.00,0.0,NO,STANDBY_VEL_LOW,0,0.00,4590.00,78.36,FALSE,M1_DIRECTION_MISMATCH
2026-09-07 16:11:47.291,1788797507.291,11871,95,214,4414.34,4414.42,8.0,PASS_<=10c,+0.0,FLAT,+0.0,+0.0,4.2,+0.00,0.00,SLOW,4414.34,4414.34,4414.34,4414.34,0.00,0.00,0.0,BULLISH,0.0,4414.34,4414.34,4414.34,4414.34,47,CLEARED_>=20s,1.0,0.0,0.0,0.0,0.0,0.0,0.0,PASS_<20%,0.00,0.0,NO,STANDBY_VEL_LOW,0,0.00,4590.00,78.36,FALSE,M1_DIRECTION_MISMATCH
2026-09-07 16:11:47.793,1788797507.794,11872,96,215,4414.34,4414.42,8.0,PASS_<=10c,+0.0,FLAT,+0.0,+0.0,4.2,+0.00,0.00,SLOW,4414.34,4414.34,4414.34,4414.34,0.00,0.00,0.0,BULLISH,0.0,4414.34,4414.34,4414.34,4414.34,47,CLEARED_>=20s,1.0,0.0,0.0,0.0,0.0,0.0,0.0,PASS_<20%,0.00,0.0,NO,STANDBY_VEL_LOW,0,0.00,4590.00,78.36,FALSE,M1_DIRECTION_MISMATCH
2026-09-07 16:11:48.294,1788797508.295,11873,97,216,4414.34,4414.42,8.0,PASS_<=10c,+0.0,FLAT,+0.0,+0.0,4.2,+0.00,0.00,SLOW,4414.34,4414.34,4414.34,4414.34,0.00,0.00,0.0,BULLISH,0.0,4414.34,4414.34,4414.34,4414.34,48,CLEARED_>=20s,1.0,0.0,0.0,0.0,0.0,0.0,0.0,PASS_<20%,0.00,0.0,NO,STANDBY_VEL_LOW,0,0.00,4590.00,78.36,FALSE,M1_DIRECTION_MISMATCH
2026-09-07 16:11:48.796,1788797508.796,11874,98,217,4414.34,4414.42,8.0,PASS_<=10c,+0.0,FLAT,+0.0,+0.0,4.2,+0.00,0.00,SLOW,4414.34,4414.34,4414.34,4414.34,0.00,0.00,0.0,BULLISH,0.0,4414.34,4414.34,4414.34,4414.34,48,CLEARED_>=20s,1.0,0.0,0.0,0.0,0.0,0.0,0.0,PASS_<20%,0.00,0.0,NO,STANDBY_VEL_LOW,0,0.00,4590.00,78.36,FALSE,M1_DIRECTION_MISMATCH
2026-09-07 16:11:49.297,1788797509.298,11875,99,218,4414.34,4414.42,8.0,PASS_<=10c,+0.0,FLAT,+0.0,+0.0,4.2,+0.00,0.00,SLOW,4414.34,4414.34,4414.34,4414.34,0.00,0.00,0.0,BULLISH,0.0,4414.34,4414.34,4414.34,4414.34,49,CLEARED_>=20s,1.0,0.0,0.0,0.0,0.0,0.0,0.0,PASS_<20%,0.00,0.0,NO,STANDBY_VEL_LOW,0,0.00,4590.00,78.36,FALSE,M1_DIRECTION_MISMATCH
2026-09-07 16:11:49.799,1788797509.799,11876,100,219,4414.34,4414.42,8.0,PASS_<=10c,+0.0,FLAT,+0.0,+0.0,4.2,+0.00,0.00,SLOW,4414.34,4414.34,4414.34,4414.34,0.00,0.00,0.0,BULLISH,0.0,4414.34,4414.34,4414.34,4414.34,49,CLEARED_>=20s,1.0,0.0,0.0,0.0,0.0,0.0,0.0,PASS_<20%,0.00,0.0,NO,STANDBY_VEL_LOW,0,0.00,4590.00,78.36,FALSE,M1_DIRECTION_MISMATCH
2026-09-07 16:11:50.300,1788797510.301,11877,101,220,4414.34,4414.42,8.0,PASS_<=10c,+0.0,FLAT,+0.0,+0.0,4.2,+0.00,0.00,SLOW,4414.34,4414.34,4414.34,4414.34,0.00,0.00,0.0,BULLISH,0.0,4414.34,4414.34,4414.34,4414.34,50,CLEARED_>=20s,1.0,0.0,0.0,0.0,0.0,0.0,0.0,PASS_<20%,0.00,0.0,NO,STANDBY_VEL_LOW,0,0.00,4590.00,78.36,FALSE,M1_DIRECTION_MISMATCH
2026-09-07 16:11:50.802,1788797510.802,11878,102,221,4414.34,4414.42,8.0,PASS_<=10c,+0.0,FLAT,+0.0,+0.0,4.2,+0.00,0.00,SLOW,4414.34,4414.34,4414.34,4414.34,0.00,0.00,0.0,BULLISH,0.0,4414.34,4414.34,4414.34,4414.34,50,CLEARED_>=20s,1.0,0.0,0.0,0.0,0.0,0.0,0.0,PASS_<20%,0.00,0.0,NO,STANDBY_VEL_LOW,0,0.00,4590.00,78.36,FALSE,M1_DIRECTION_MISMATCH
2026-09-07 16:11:51.304,1788797511.305,11879,103,222,4414.34,4414.42,8.0,PASS_<=10c,+0.0,FLAT,+0.0,+0.0,4.2,+0.00,0.00,SLOW,4414.34,4414.34,4414.34,4414.34,0.00,0.00,0.0,BULLISH,0.0,4414.34,4414.34,4414.34,4414.34,51,CLEARED_>=20s,1.0,0.0,0.0,0.0,0.0,0.0,0.0,PASS_<20%,0.00,0.0,NO,STANDBY_VEL_LOW,0,0.00,4590.00,78.36,FALSE,M1_DIRECTION_MISMATCH
2026-09-07 16:11:51.806,1788797511.807,11880,104,223,4414.34,4414.42,8.0,PASS_<=10c,+0.0,FLAT,+0.0,+0.0,4.2,+0.00,0.00,SLOW,4414.34,4414.34,4414.34,4414.34,0.00,0.00,0.0,BULLISH,0.0,4414.34,4414.34,4414.34,4414.34,51,CLEARED_>=20s,1.0,0.0,0.0,0.0,0.0,0.0,0.0,PASS_<20%,0.00,0.0,NO,STANDBY_VEL_LOW,0,0.00,4590.00,78.36,FALSE,M1_DIRECTION_MISMATCH
2026-09-07 16:11:52.309,1788797512.309,11881,105,224,4414.34,4414.42,8.0,PASS_<=10c,+0.0,FLAT,+0.0,+0.0,4.2,+0.00,0.00,SLOW,4414.34,4414.34,4414.34,4414.34,0.00,0.00,0.0,BULLISH,0.0,4414.34,4414.34,4414.34,4414.34,52,CLEARED_>=20s,1.0,0.0,0.0,0.0,0.0,0.0,0.0,PASS_<20%,0.00,0.0,NO,STANDBY_VEL_LOW,0,0.00,4590.00,78.36,FALSE,M1_DIRECTION_MISMATCH
2026-09-07 16:11:52.811,1788797512.811,11882,106,225,4414.34,4414.42,8.0,PASS_<=10c,+0.0,FLAT,+0.0,+0.0,4.2,+0.00,0.00,SLOW,4414.34,4414.34,4414.34,4414.34,0.00,0.00,0.0,BULLISH,0.0,4414.34,4414.34,4414.34,4414.34,52,CLEARED_>=20s,1.0,0.0,0.0,0.0,0.0,0.0,0.0,PASS_<20%,0.00,0.0,NO,STANDBY_VEL_LOW,0,0.00,4590.00,78.36,FALSE,M1_DIRECTION_MISMATCH
2026-09-07 16:11:53.313,1788797513.313,11883,107,226,4414.34,4414.42,8.0,PASS_<=10c,+0.0,FLAT,+0.0,+0.0,4.2,+0.00,0.00,SLOW,4414.34,4414.34,4414.34,4414.34,0.00,0.00,0.0,BULLISH,0.0,4414.34,4414.34,4414.34,4414.34,53,CLEARED_>=20s,1.0,0.0,0.0,0.0,0.0,0.0,0.0,PASS_<20%,0.00,0.0,NO,STANDBY_VEL_LOW,0,0.00,4590.00,78.36,FALSE,M1_DIRECTION_MISMATCH
2026-09-07 16:11:53.814,1788797513.815,11884,108,227,4414.34,4414.42,8.0,PASS_<=10c,+0.0,FLAT,+0.0,+0.0,4.2,+0.00,0.00,SLOW,4414.34,4414.34,4414.34,4414.34,0.00,0.00,0.0,BULLISH,0.0,4414.34,4414.34,4414.34,4414.34,53,CLEARED_>=20s,1.0,0.0,0.0,0.0,0.0,0.0,0.0,PASS_<20%,0.00,0.0,NO,STANDBY_VEL_LOW,0,0.00,4590.00,78.36,FALSE,M1_DIRECTION_MISMATCH
2026-09-07 16:11:54.316,1788797514.317,11885,109,228,4414.34,4414.42,8.0,PASS_<=10c,+0.0,FLAT,+0.0,+0.0,4.2,+0.00,0.00,SLOW,4414.34,4414.34,4414.34,4414.34,0.00,0.00,0.0,BULLISH,0.0,4414.34,4414.34,4414.34,4414.34,54,CLEARED_>=20s,1.0,0.0,0.0,0.0,0.0,0.0,0.0,PASS_<20%,0.00,0.0,NO,STANDBY_VEL_LOW,0,0.00,4590.00,78.36,FALSE,M1_DIRECTION_MISMATCH
2026-09-07 16:11:54.818,1788797514.818,11886,110,229,4414.34,4414.42,8.0,PASS_<=10c,+0.0,FLAT,+0.0,+0.0,4.2,+0.00,0.00,SLOW,4414.34,4414.34,4414.34,4414.34,0.00,0.00,0.0,BULLISH,0.0,4414.34,4414.34,4414.34,4414.34,54,CLEARED_>=20s,1.0,0.0,0.0,0.0,0.0,0.0,0.0,PASS_<20%,0.00,0.0,NO,STANDBY_VEL_LOW,0,0.00,4590.00,78.36,FALSE,M1_DIRECTION_MISMATCH
2026-09-07 16:11:55.319,1788797515.320,11887,111,230,4414.34,4414.42,8.0,PASS_<=10c,+0.0,FLAT,+0.0,+0.0,4.2,+0.00,0.00,SLOW,4414.34,4414.34,4414.34,4414.34,0.00,0.00,0.0,BULLISH,0.0,4414.34,4414.34,4414.34,4414.34,55,CLEARED_>=20s,1.0,0.0,0.0,0.0,0.0,0.0,0.0,PASS_<20%,0.00,0.0,NO,STANDBY_VEL_LOW,0,0.00,4590.00,78.36,FALSE,M1_DIRECTION_MISMATCH
2026-09-07 16:11:55.821,1788797515.821,11888,112,231,4414.34,4414.42,8.0,PASS_<=10c,+0.0,FLAT,+0.0,+0.0,4.2,+0.00,0.00,SLOW,4414.34,4414.34,4414.34,4414.34,0.00,0.00,0.0,BULLISH,0.0,4414.34,4414.34,4414.34,4414.34,55,CLEARED_>=20s,1.0,0.0,0.0,0.0,0.0,0.0,0.0,PASS_<20%,0.00,0.0,NO,STANDBY_VEL_LOW,0,0.00,4590.00,78.36,FALSE,M1_DIRECTION_MISMATCH
2026-09-07 16:11:56.322,1788797516.322,11889,113,232,4414.34,4414.42,8.0,PASS_<=10c,+0.0,FLAT,+0.0,+0.0,4.2,+0.00,0.00,SLOW,4414.34,4414.34,4414.34,4414.34,0.00,0.00,0.0,BULLISH,0.0,4414.34,4414.34,4414.34,4414.34,56,CLEARED_>=20s,1.0,0.0,0.0,0.0,0.0,0.0,0.0,PASS_<20%,0.00,0.0,NO,STANDBY_VEL_LOW,0,0.00,4590.00,78.36,FALSE,M1_DIRECTION_MISMATCH
2026-09-07 16:11:56.824,1788797516.824,11890,114,233,4414.34,4414.42,8.0,PASS_<=10c,+0.0,FLAT,+0.0,+0.0,4.2,+0.00,0.00,SLOW,4414.34,4414.34,4414.34,4414.34,0.00,0.00,0.0,BULLISH,0.0,4414.34,4414.34,4414.34,4414.34,56,CLEARED_>=20s,1.0,0.0,0.0,0.0,0.0,0.0,0.0,PASS_<20%,0.00,0.0,NO,STANDBY_VEL_LOW,0,0.00,4590.00,78.36,FALSE,M1_DIRECTION_MISMATCH
2026-09-07 16:11:57.324,1788797517.325,11891,115,234,4414.34,4414.42,8.0,PASS_<=10c,+0.0,FLAT,+0.0,+0.0,4.2,+0.00,0.00,SLOW,4414.34,4414.34,4414.34,4414.34,0.00,0.00,0.0,BULLISH,0.0,4414.34,4414.34,4414.34,4414.34,57,CLEARED_>=20s,1.0,0.0,0.0,0.0,0.0,0.0,0.0,PASS_<20%,0.00,0.0,NO,STANDBY_VEL_LOW,0,0.00,4590.00,78.36,FALSE,M1_DIRECTION_MISMATCH
2026-09-07 16:11:57.826,1788797517.827,11892,116,235,4414.34,4414.42,8.0,PASS_<=10c,+0.0,FLAT,+0.0,+0.0,4.2,+0.00,0.00,SLOW,4414.34,4414.34,4414.34,4414.34,0.00,0.00,0.0,BULLISH,0.0,4414.34,4414.34,4414.34,4414.34,57,CLEARED_>=20s,1.0,0.0,0.0,0.0,0.0,0.0,0.0,PASS_<20%,0.00,0.0,NO,STANDBY_VEL_LOW,0,0.00,4590.00,78.36,FALSE,M1_DIRECTION_MISMATCH
2026-09-07 16:11:58.328,1788797518.329,11893,117,236,4414.34,4414.42,8.0,PASS_<=10c,+0.0,FLAT,+0.0,+0.0,4.2,+0.00,0.00,SLOW,4414.34,4414.34,4414.34,4414.34,0.00,0.00,0.0,BULLISH,0.0,4414.34,4414.34,4414.34,4414.34,58,CLEARED_>=20s,1.0,0.0,0.0,0.0,0.0,0.0,0.0,PASS_<20%,0.00,0.0,NO,STANDBY_VEL_LOW,0,0.00,4590.00,78.36,FALSE,M1_DIRECTION_MISMATCH
2026-09-07 16:11:58.829,1788797518.830,11894,118,237,4414.34,4414.42,8.0,PASS_<=10c,+0.0,FLAT,+0.0,+0.0,4.2,+0.00,0.00,SLOW,4414.34,4414.34,4414.34,4414.34,0.00,0.00,0.0,BULLISH,0.0,4414.34,4414.34,4414.34,4414.34,58,CLEARED_>=20s,1.0,0.0,0.0,0.0,0.0,0.0,0.0,PASS_<20%,0.00,0.0,NO,STANDBY_VEL_LOW,0,0.00,4590.00,78.36,FALSE,M1_DIRECTION_MISMATCH
2026-09-07 16:11:59.331,1788797519.331,11895,119,238,4414.34,4414.42,8.0,PASS_<=10c,+0.0,FLAT,+0.0,+0.0,4.2,+0.00,0.00,SLOW,4414.34,4414.34,4414.34,4414.34,0.00,0.00,0.0,BULLISH,0.0,4414.34,4414.34,4414.34,4414.34,59,CLEARED_>=20s,1.0,0.0,0.0,0.0,0.0,0.0,0.0,PASS_<20%,0.00,0.0,NO,STANDBY_VEL_LOW,0,0.00,4590.00,78.36,FALSE,M1_DIRECTION_MISMATCH
2026-09-07 16:11:59.833,1788797519.833,11896,120,239,4414.34,4414.42,8.0,PASS_<=10c,+0.0,FLAT,+0.0,+0.0,4.2,+0.00,0.00,SLOW,4414.34,4414.34,4414.34,4414.34,0.00,0.00,0.0,BULLISH,0.0,4414.34,4414.34,4414.34,4414.34,59,CLEARED_>=20s,1.0,0.0,0.0,0.0,0.0,0.0,0.0,PASS_<20%,0.00,0.0,NO,STANDBY_VEL_LOW,0,0.00,4590.00,78.36,FALSE,M1_DIRECTION_MISMATCH
2026-09-07 16:12:00.335,1788797520.336,11897,1,240,4414.34,4414.42,8.0,PASS_<=10c,+0.0,FLAT,+0.0,+0.0,4.2,+0.00,0.00,SLOW,4414.34,4414.34,4414.34,4414.34,0.00,0.00,0.0,BULLISH,0.0,4414.34,4414.34,4414.34,4414.34,0,ACTIVE_0s,1.0,0.0,0.0,0.0,0.0,0.0,0.0,PASS_<20%,0.00,0.0,NO,STANDBY_VEL_LOW,0,0.00,4590.00,78.36,FALSE,M1_DIRECTION_MISMATCH|OPENING_SHIELD_ACTIVE_0s
2026-09-07 16:12:00.837,1788797520.838,11898,2,241,4414.34,4414.42,8.0,PASS_<=10c,+0.0,FLAT,+0.0,+0.0,4.2,+0.00,0.00,SLOW,4414.34,4414.34,4414.34,4414.34,0.00,0.00,0.0,BULLISH,0.0,4414.34,4414.34,4414.34,4414.34,0,ACTIVE_0s,1.0,0.0,0.0,0.0,0.0,0.0,0.0,PASS_<20%,0.00,0.0,NO,STANDBY_VEL_LOW,0,0.00,4590.00,78.36,FALSE,M1_DIRECTION_MISMATCH|OPENING_SHIELD_ACTIVE_0s
2026-09-07 16:12:01.338,1788797521.338,11899,3,242,4414.34,4414.42,8.0,PASS_<=10c,+0.0,FLAT,+0.0,+0.0,4.2,+0.00,0.00,SLOW,4414.34,4414.34,4414.34,4414.34,0.00,0.00,0.0,BULLISH,0.0,4414.34,4414.34,4414.34,4414.34,1,ACTIVE_1s,1.0,0.0,0.0,0.0,0.0,0.0,0.0,PASS_<20%,0.00,0.0,NO,STANDBY_VEL_LOW,0,0.00,4590.00,78.36,FALSE,M1_DIRECTION_MISMATCH|OPENING_SHIELD_ACTIVE_1s
2026-09-07 16:12:01.840,1788797521.840,11900,4,243,4414.34,4414.42,8.0,PASS_<=10c,+0.0,FLAT,+0.0,+0.0,4.2,+0.00,0.00,SLOW,4414.34,4414.34,4414.34,4414.34,0.00,0.00,0.0,BULLISH,0.0,4414.34,4414.34,4414.34,4414.34,1,ACTIVE_1s,1.0,0.0,0.0,0.0,0.0,0.0,0.0,PASS_<20%,0.00,0.0,NO,STANDBY_VEL_LOW,0,0.00,4590.00,78.36,FALSE,M1_DIRECTION_MISMATCH|OPENING_SHIELD_ACTIVE_1s
2026-09-07 16:12:02.342,1788797522.342,11901,5,244,4414.34,4414.42,8.0,PASS_<=10c,+0.0,FLAT,+0.0,+0.0,4.2,+0.00,0.00,SLOW,4414.34,4414.34,4414.34,4414.34,0.00,0.00,0.0,BULLISH,0.0,4414.34,4414.34,4414.34,4414.34,2,ACTIVE_2s,1.0,0.0,0.0,0.0,0.0,0.0,0.0,PASS_<20%,0.00,0.0,NO,STANDBY_VEL_LOW,0,0.00,4590.00,78.36,FALSE,M1_DIRECTION_MISMATCH|OPENING_SHIELD_ACTIVE_2s
2026-09-07 16:12:02.844,1788797522.844,11902,6,245,4414.34,4414.42,8.0,PASS_<=10c,+0.0,FLAT,+0.0,+0.0,4.2,+0.00,0.00,SLOW,4414.34,4414.34,4414.34,4414.34,0.00,0.00,0.0,BULLISH,0.0,4414.34,4414.34,4414.34,4414.34,2,ACTIVE_2s,1.0,0.0,0.0,0.0,0.0,0.0,0.0,PASS_<20%,0.00,0.0,NO,STANDBY_VEL_LOW,0,0.00,4590.00,78.36,FALSE,M1_DIRECTION_MISMATCH|OPENING_SHIELD_ACTIVE_2s
2026-09-07 16:12:03.345,1788797523.345,11903,7,246,4414.34,4414.42,8.0,PASS_<=10c,+0.0,FLAT,+0.0,+0.0,4.2,+0.00,0.00,SLOW,4414.34,4414.34,4414.34,4414.34,0.00,0.00,0.0,BULLISH,0.0,4414.34,4414.34,4414.34,4414.34,3,ACTIVE_3s,1.0,0.0,0.0,0.0,0.0,0.0,0.0,PASS_<20%,0.00,0.0,NO,STANDBY_VEL_LOW,0,0.00,4590.00,78.36,FALSE,M1_DIRECTION_MISMATCH|OPENING_SHIELD_ACTIVE_3s
2026-09-07 16:12:03.847,1788797523.847,11904,8,247,4414.34,4414.42,8.0,PASS_<=10c,+0.0,FLAT,+0.0,+0.0,4.2,+0.00,0.00,SLOW,4414.34,4414.34,4414.34,4414.34,0.00,0.00,0.0,BULLISH,0.0,4414.34,4414.34,4414.34,4414.34,3,ACTIVE_3s,1.0,0.0,0.0,0.0,0.0,0.0,0.0,PASS_<20%,0.00,0.0,NO,STANDBY_VEL_LOW,0,0.00,4590.00,78.36,FALSE,M1_DIRECTION_MISMATCH|OPENING_SHIELD_ACTIVE_3s
2026-09-07 16:12:04.348,1788797524.349,11905,9,248,4414.34,4414.42,8.0,PASS_<=10c,+0.0,FLAT,+0.0,+0.0,4.2,+0.00,0.00,SLOW,4414.34,4414.34,4414.34,4414.34,0.00,0.00,0.0,BULLISH,0.0,4414.34,4414.34,4414.34,4414.34,4,ACTIVE_4s,1.0,0.0,0.0,0.0,0.0,0.0,0.0,PASS_<20%,0.00,0.0,NO,STANDBY_VEL_LOW,0,0.00,4590.00,78.36,FALSE,M1_DIRECTION_MISMATCH|OPENING_SHIELD_ACTIVE_4s
2026-09-07 16:12:04.850,1788797524.851,11906,10,249,4414.34,4414.42,8.0,PASS_<=10c,+0.0,FLAT,+0.0,+0.0,4.2,+0.00,0.00,SLOW,4414.34,4414.34,4414.34,4414.34,0.00,0.00,0.0,BULLISH,0.0,4414.34,4414.34,4414.34,4414.34,4,ACTIVE_4s,1.0,0.0,0.0,0.0,0.0,0.0,0.0,PASS_<20%,0.00,0.0,NO,STANDBY_VEL_LOW,0,0.00,4590.00,78.36,FALSE,M1_DIRECTION_MISMATCH|OPENING_SHIELD_ACTIVE_4s
2026-09-07 16:12:05.352,1788797525.352,11907,11,250,4414.34,4414.42,8.0,PASS_<=10c,+0.0,FLAT,+0.0,+0.0,4.2,+0.00,0.00,SLOW,4414.34,4414.34,4414.34,4414.34,0.00,0.00,0.0,BULLISH,0.0,4414.34,4414.34,4414.34,4414.34,5,ACTIVE_5s,1.0,0.0,0.0,0.0,0.0,0.0,0.0,PASS_<20%,0.00,0.0,NO,STANDBY_VEL_LOW,0,0.00,4590.00,78.36,FALSE,M1_DIRECTION_MISMATCH|OPENING_SHIELD_ACTIVE_5s
2026-09-07 16:12:05.853,1788797525.853,11908,12,251,4414.34,4414.42,8.0,PASS_<=10c,+0.0,FLAT,+0.0,+0.0,4.2,+0.00,0.00,SLOW,4414.34,4414.34,4414.34,4414.34,0.00,0.00,0.0,BULLISH,0.0,4414.34,4414.34,4414.34,4414.34,5,ACTIVE_5s,1.0,0.0,0.0,0.0,0.0,0.0,0.0,PASS_<20%,0.00,0.0,NO,STANDBY_VEL_LOW,0,0.00,4590.00,78.36,FALSE,M1_DIRECTION_MISMATCH|OPENING_SHIELD_ACTIVE_5s
2026-09-07 16:12:06.354,1788797526.355,11909,13,252,4414.34,4414.42,8.0,PASS_<=10c,+0.0,FLAT,+0.0,+0.0,4.2,+0.00,0.00,SLOW,4414.34,4414.34,4414.34,4414.34,0.00,0.00,0.0,BULLISH,0.0,4414.34,4414.34,4414.34,4414.34,6,ACTIVE_6s,1.0,0.0,0.0,0.0,0.0,0.0,0.0,PASS_<20%,0.00,0.0,NO,STANDBY_VEL_LOW,0,0.00,4590.00,78.36,FALSE,M1_DIRECTION_MISMATCH|OPENING_SHIELD_ACTIVE_6s
2026-09-07 16:12:06.856,1788797526.856,11910,14,253,4414.34,4414.42,8.0,PASS_<=10c,+0.0,FLAT,+0.0,+0.0,4.2,+0.00,0.00,SLOW,4414.34,4414.34,4414.34,4414.34,0.00,0.00,0.0,BULLISH,0.0,4414.34,4414.34,4414.34,4414.34,6,ACTIVE_6s,1.0,0.0,0.0,0.0,0.0,0.0,0.0,PASS_<20%,0.00,0.0,NO,STANDBY_VEL_LOW,0,0.00,4590.00,78.36,FALSE,M1_DIRECTION_MISMATCH|OPENING_SHIELD_ACTIVE_6s
2026-09-07 16:12:07.358,1788797527.358,11911,15,254,4414.34,4414.42,8.0,PASS_<=10c,+0.0,FLAT,+0.0,+0.0,4.2,+0.00,0.00,SLOW,4414.34,4414.34,4414.34,4414.34,0.00,0.00,0.0,BULLISH,0.0,4414.34,4414.34,4414.34,4414.34,7,ACTIVE_7s,1.0,0.0,0.0,0.0,0.0,0.0,0.0,PASS_<20%,0.00,0.0,NO,STANDBY_VEL_LOW,0,0.00,4590.00,78.36,FALSE,M1_DIRECTION_MISMATCH|OPENING_SHIELD_ACTIVE_7s
2026-09-07 16:12:07.860,1788797527.860,11912,16,255,4414.34,4414.42,8.0,PASS_<=10c,+0.0,FLAT,+0.0,+0.0,4.2,+0.00,0.00,SLOW,4414.34,4414.34,4414.34,4414.34,0.00,0.00,0.0,BULLISH,0.0,4414.34,4414.34,4414.34,4414.34,7,ACTIVE_7s,1.0,0.0,0.0,0.0,0.0,0.0,0.0,PASS_<20%,0.00,0.0,NO,STANDBY_VEL_LOW,0,0.00,4590.00,78.36,FALSE,M1_DIRECTION_MISMATCH|OPENING_SHIELD_ACTIVE_7s
2026-09-07 16:12:08.363,1788797528.364,11913,17,256,4414.34,4414.42,8.0,PASS_<=10c,+0.0,FLAT,+0.0,+0.0,4.2,+0.00,0.00,SLOW,4414.34,4414.34,4414.34,4414.34,0.00,0.00,0.0,BULLISH,0.0,4414.34,4414.34,4414.34,4414.34,8,ACTIVE_8s,1.0,0.0,0.0,0.0,0.0,0.0,0.0,PASS_<20%,0.00,0.0,NO,STANDBY_VEL_LOW,0,0.00,4590.00,78.36,FALSE,M1_DIRECTION_MISMATCH|OPENING_SHIELD_ACTIVE_8s
2026-09-07 16:12:08.864,1788797528.864,11914,18,257,4414.34,4414.42,8.0,PASS_<=10c,+0.0,FLAT,+0.0,+0.0,4.2,+0.00,0.00,SLOW,4414.34,4414.34,4414.34,4414.34,0.00,0.00,0.0,BULLISH,0.0,4414.34,4414.34,4414.34,4414.34,8,ACTIVE_8s,1.0,0.0,0.0,0.0,0.0,0.0,0.0,PASS_<20%,0.00,0.0,NO,STANDBY_VEL_LOW,0,0.00,4590.00,78.36,FALSE,M1_DIRECTION_MISMATCH|OPENING_SHIELD_ACTIVE_8s
2026-09-07 16:12:09.365,1788797529.365,11915,19,258,4414.34,4414.42,8.0,PASS_<=10c,+0.0,FLAT,+0.0,+0.0,4.2,+0.00,0.00,SLOW,4414.34,4414.34,4414.34,4414.34,0.00,0.00,0.0,BULLISH,0.0,4414.34,4414.34,4414.34,4414.34,9,ACTIVE_9s,1.0,0.0,0.0,0.0,0.0,0.0,0.0,PASS_<20%,0.00,0.0,NO,STANDBY_VEL_LOW,0,0.00,4590.00,78.36,FALSE,M1_DIRECTION_MISMATCH|OPENING_SHIELD_ACTIVE_9s
2026-09-07 16:12:09.867,1788797529.867,11916,20,259,4414.34,4414.42,8.0,PASS_<=10c,+0.0,FLAT,+0.0,+0.0,4.2,+0.00,0.00,SLOW,4414.34,4414.34,4414.34,4414.34,0.00,0.00,0.0,BULLISH,0.0,4414.34,4414.34,4414.34,4414.34,9,ACTIVE_9s,1.0,0.0,0.0,0.0,0.0,0.0,0.0,PASS_<20%,0.00,0.0,NO,STANDBY_VEL_LOW,0,0.00,4590.00,78.36,FALSE,M1_DIRECTION_MISMATCH|OPENING_SHIELD_ACTIVE_9s
2026-09-07 16:12:10.369,1788797530.369,11917,21,260,4414.34,4414.42,8.0,PASS_<=10c,+0.0,FLAT,+0.0,+0.0,4.2,+0.00,0.00,SLOW,4414.34,4414.34,4414.34,4414.34,0.00,0.00,0.0,BULLISH,0.0,4414.34,4414.34,4414.34,4414.34,10,ACTIVE_10s,1.0,0.0,0.0,0.0,0.0,0.0,0.0,PASS_<20%,0.00,0.0,NO,STANDBY_VEL_LOW,0,0.00,4590.00,78.36,FALSE,M1_DIRECTION_MISMATCH|OPENING_SHIELD_ACTIVE_10s
2026-09-07 16:12:10.870,1788797530.871,11918,22,261,4414.34,4414.42,8.0,PASS_<=10c,+0.0,FLAT,+0.0,+0.0,4.2,+0.00,0.00,SLOW,4414.34,4414.34,4414.34,4414.34,0.00,0.00,0.0,BULLISH,0.0,4414.34,4414.34,4414.34,4414.34,10,ACTIVE_10s,1.0,0.0,0.0,0.0,0.0,0.0,0.0,PASS_<20%,0.00,0.0,NO,STANDBY_VEL_LOW,0,0.00,4590.00,78.36,FALSE,M1_DIRECTION_MISMATCH|OPENING_SHIELD_ACTIVE_10s
2026-09-07 16:12:11.373,1788797531.373,11919,23,262,4414.34,4414.42,8.0,PASS_<=10c,+0.0,FLAT,+0.0,+0.0,4.2,+0.00,0.00,SLOW,4414.34,4414.34,4414.34,4414.34,0.00,0.00,0.0,BULLISH,0.0,4414.34,4414.34,4414.34,4414.34,11,ACTIVE_11s,1.0,0.0,0.0,0.0,0.0,0.0,0.0,PASS_<20%,0.00,0.0,NO,STANDBY_VEL_LOW,0,0.00,4590.00,78.36,FALSE,M1_DIRECTION_MISMATCH|OPENING_SHIELD_ACTIVE_11s
2026-09-07 16:12:11.875,1788797531.875,11920,24,263,4414.34,4414.42,8.0,PASS_<=10c,+0.0,FLAT,+0.0,+0.0,4.2,+0.00,0.00,SLOW,4414.34,4414.34,4414.34,4414.34,0.00,0.00,0.0,BULLISH,0.0,4414.34,4414.34,4414.34,4414.34,11,ACTIVE_11s,1.0,0.0,0.0,0.0,0.0,0.0,0.0,PASS_<20%,0.00,0.0,NO,STANDBY_VEL_LOW,0,0.00,4590.00,78.36,FALSE,M1_DIRECTION_MISMATCH|OPENING_SHIELD_ACTIVE_11s
2026-09-07 16:12:12.376,1788797532.377,11921,25,264,4414.34,4414.42,8.0,PASS_<=10c,+0.0,FLAT,+0.0,+0.0,4.2,+0.00,0.00,SLOW,4414.34,4414.34,4414.34,4414.34,0.00,0.00,0.0,BULLISH,0.0,4414.34,4414.34,4414.34,4414.34,12,ACTIVE_12s,1.0,0.0,0.0,0.0,0.0,0.0,0.0,PASS_<20%,0.00,0.0,NO,STANDBY_VEL_LOW,0,0.00,4590.00,78.36,FALSE,M1_DIRECTION_MISMATCH|OPENING_SHIELD_ACTIVE_12s
2026-09-07 16:12:12.878,1788797532.879,11922,26,265,4414.34,4414.42,8.0,PASS_<=10c,+0.0,FLAT,+0.0,+0.0,4.2,+0.00,0.00,SLOW,4414.34,4414.34,4414.34,4414.34,0.00,0.00,0.0,BULLISH,0.0,4414.34,4414.34,4414.34,4414.34,12,ACTIVE_12s,1.0,0.0,0.0,0.0,0.0,0.0,0.0,PASS_<20%,0.00,0.0,NO,STANDBY_VEL_LOW,0,0.00,4590.00,78.36,FALSE,M1_DIRECTION_MISMATCH|OPENING_SHIELD_ACTIVE_12s
2026-09-07 16:12:13.380,1788797533.381,11923,27,266,4414.34,4414.42,8.0,PASS_<=10c,+0.0,FLAT,+0.0,+0.0,4.2,+0.00,0.00,SLOW,4414.34,4414.34,4414.34,4414.34,0.00,0.00,0.0,BULLISH,0.0,4414.34,4414.34,4414.34,4414.34,13,ACTIVE_13s,1.0,0.0,0.0,0.0,0.0,0.0,0.0,PASS_<20%,0.00,0.0,NO,STANDBY_VEL_LOW,0,0.00,4590.00,78.36,FALSE,M1_DIRECTION_MISMATCH|OPENING_SHIELD_ACTIVE_13s
2026-09-07 16:12:13.881,1788797533.881,11924,28,267,4414.34,4414.42,8.0,PASS_<=10c,+0.0,FLAT,+0.0,+0.0,4.2,+0.00,0.00,SLOW,4414.34,4414.34,4414.34,4414.34,0.00,0.00,0.0,BULLISH,0.0,4414.34,4414.34,4414.34,4414.34,13,ACTIVE_13s,1.0,0.0,0.0,0.0,0.0,0.0,0.0,PASS_<20%,0.00,0.0,NO,STANDBY_VEL_LOW,0,0.00,4590.00,78.36,FALSE,M1_DIRECTION_MISMATCH|OPENING_SHIELD_ACTIVE_13s
2026-09-07 16:12:14.383,1788797534.383,11925,29,268,4414.34,4414.42,8.0,PASS_<=10c,+0.0,FLAT,+0.0,+0.0,4.2,+0.00,0.00,SLOW,4414.34,4414.34,4414.34,4414.34,0.00,0.00,0.0,BULLISH,0.0,4414.34,4414.34,4414.34,4414.34,14,ACTIVE_14s,1.0,0.0,0.0,0.0,0.0,0.0,0.0,PASS_<20%,0.00,0.0,NO,STANDBY_VEL_LOW,0,0.00,4590.00,78.36,FALSE,M1_DIRECTION_MISMATCH|OPENING_SHIELD_ACTIVE_14s
2026-09-07 16:12:14.884,1788797534.885,11926,30,269,4414.34,4414.42,8.0,PASS_<=10c,+0.0,FLAT,+0.0,+0.0,4.2,+0.00,0.00,SLOW,4414.34,4414.34,4414.34,4414.34,0.00,0.00,0.0,BULLISH,0.0,4414.34,4414.34,4414.34,4414.34,14,ACTIVE_14s,1.0,0.0,0.0,0.0,0.0,0.0,0.0,PASS_<20%,0.00,0.0,NO,STANDBY_VEL_LOW,0,0.00,4590.00,78.36,FALSE,M1_DIRECTION_MISMATCH|OPENING_SHIELD_ACTIVE_14s
2026-09-07 16:12:15.386,1788797535.387,11927,31,270,4414.34,4414.42,8.0,PASS_<=10c,+0.0,FLAT,+0.0,+0.0,4.2,+0.00,0.00,SLOW,4414.34,4414.34,4414.34,4414.34,0.00,0.00,0.0,BULLISH,0.0,4414.34,4414.34,4414.34,4414.34,15,ACTIVE_15s,1.0,0.0,0.0,0.0,0.0,0.0,0.0,PASS_<20%,0.00,0.0,NO,STANDBY_VEL_LOW,0,0.00,4590.00,78.36,FALSE,M1_DIRECTION_MISMATCH|OPENING_SHIELD_ACTIVE_15s
2026-09-07 16:12:15.888,1788797535.888,11928,32,271,4414.34,4414.42,8.0,PASS_<=10c,+0.0,FLAT,+0.0,+0.0,4.2,+0.00,0.00,SLOW,4414.34,4414.34,4414.34,4414.34,0.00,0.00,0.0,BULLISH,0.0,4414.34,4414.34,4414.34,4414.34,15,ACTIVE_15s,1.0,0.0,0.0,0.0,0.0,0.0,0.0,PASS_<20%,0.00,0.0,NO,STANDBY_VEL_LOW,0,0.00,4590.00,78.36,FALSE,M1_DIRECTION_MISMATCH|OPENING_SHIELD_ACTIVE_15s
2026-09-07 16:12:16.389,1788797536.390,11929,33,272,4414.34,4414.42,8.0,PASS_<=10c,+0.0,FLAT,+0.0,+0.0,4.2,+0.00,0.00,SLOW,4414.34,4414.34,4414.34,4414.34,0.00,0.00,0.0,BULLISH,0.0,4414.34,4414.34,4414.34,4414.34,16,ACTIVE_16s,1.0,0.0,0.0,0.0,0.0,0.0,0.0,PASS_<20%,0.00,0.0,NO,STANDBY_VEL_LOW,0,0.00,4590.00,78.36,FALSE,M1_DIRECTION_MISMATCH|OPENING_SHIELD_ACTIVE_16s
2026-09-07 16:12:16.891,1788797536.892,11930,34,273,4414.34,4414.42,8.0,PASS_<=10c,+0.0,FLAT,+0.0,+0.0,4.2,+0.00,0.00,SLOW,4414.34,4414.34,4414.34,4414.34,0.00,0.00,0.0,BULLISH,0.0,4414.34,4414.34,4414.34,4414.34,16,ACTIVE_16s,1.0,0.0,0.0,0.0,0.0,0.0,0.0,PASS_<20%,0.00,0.0,NO,STANDBY_VEL_LOW,0,0.00,4590.00,78.36,FALSE,M1_DIRECTION_MISMATCH|OPENING_SHIELD_ACTIVE_16s
2026-09-07 16:12:17.393,1788797537.394,11931,35,274,4414.34,4414.42,8.0,PASS_<=10c,+0.0,FLAT,+0.0,+0.0,4.2,+0.00,0.00,SLOW,4414.34,4414.34,4414.34,4414.34,0.00,0.00,0.0,BULLISH,0.0,4414.34,4414.34,4414.34,4414.34,17,ACTIVE_17s,1.0,0.0,0.0,0.0,0.0,0.0,0.0,PASS_<20%,0.00,0.0,NO,STANDBY_VEL_LOW,0,0.00,4590.00,78.36,FALSE,M1_DIRECTION_MISMATCH|OPENING_SHIELD_ACTIVE_17s
2026-09-07 16:12:17.896,1788797537.896,11932,36,275,4414.34,4414.42,8.0,PASS_<=10c,+0.0,FLAT,+0.0,+0.0,4.2,+0.00,0.00,SLOW,4414.34,4414.34,4414.34,4414.34,0.00,0.00,0.0,BULLISH,0.0,4414.34,4414.34,4414.34,4414.34,17,ACTIVE_17s,1.0,0.0,0.0,0.0,0.0,0.0,0.0,PASS_<20%,0.00,0.0,NO,STANDBY_VEL_LOW,0,0.00,4590.00,78.36,FALSE,M1_DIRECTION_MISMATCH|OPENING_SHIELD_ACTIVE_17s
2026-09-07 16:12:18.398,1788797538.398,11933,37,276,4414.34,4414.42,8.0,PASS_<=10c,+0.0,FLAT,+0.0,+0.0,4.2,+0.00,0.00,SLOW,4414.34,4414.34,4414.34,4414.34,0.00,0.00,0.0,BULLISH,0.0,4414.34,4414.34,4414.34,4414.34,18,ACTIVE_18s,1.0,0.0,0.0,0.0,0.0,0.0,0.0,PASS_<20%,0.00,0.0,NO,STANDBY_VEL_LOW,0,0.00,4590.00,78.36,FALSE,M1_DIRECTION_MISMATCH|OPENING_SHIELD_ACTIVE_18s
2026-09-07 16:12:18.899,1788797538.900,11934,38,277,4414.34,4414.42,8.0,PASS_<=10c,+0.0,FLAT,+0.0,+0.0,4.2,+0.00,0.00,SLOW,4414.34,4414.34,4414.34,4414.34,0.00,0.00,0.0,BULLISH,0.0,4414.34,4414.34,4414.34,4414.34,18,ACTIVE_18s,1.0,0.0,0.0,0.0,0.0,0.0,0.0,PASS_<20%,0.00,0.0,NO,STANDBY_VEL_LOW,0,0.00,4590.00,78.36,FALSE,M1_DIRECTION_MISMATCH|OPENING_SHIELD_ACTIVE_18s
2026-09-07 16:12:19.401,1788797539.401,11935,39,278,4414.34,4414.42,8.0,PASS_<=10c,+0.0,FLAT,+0.0,+0.0,4.2,+0.00,0.00,SLOW,4414.34,4414.34,4414.34,4414.34,0.00,0.00,0.0,BULLISH,0.0,4414.34,4414.34,4414.34,4414.34,19,ACTIVE_19s,1.0,0.0,0.0,0.0,0.0,0.0,0.0,PASS_<20%,0.00,0.0,NO,STANDBY_VEL_LOW,0,0.00,4590.00,78.36,FALSE,M1_DIRECTION_MISMATCH|OPENING_SHIELD_ACTIVE_19s
2026-09-07 16:12:19.903,1788797539.904,11936,40,279,4414.34,4414.42,8.0,PASS_<=10c,+0.0,FLAT,+0.0,+0.0,4.2,+0.00,0.00,SLOW,4414.34,4414.34,4414.34,4414.34,0.00,0.00,0.0,BULLISH,0.0,4414.34,4414.34,4414.34,4414.34,19,ACTIVE_19s,1.0,0.0,0.0,0.0,0.0,0.0,0.0,PASS_<20%,0.00,0.0,NO,STANDBY_VEL_LOW,0,0.00,4590.00,78.36,FALSE,M1_DIRECTION_MISMATCH|OPENING_SHIELD_ACTIVE_19s
2026-09-07 16:12:20.404,1788797540.405,11937,41,280,4414.34,4414.42,8.0,PASS_<=10c,+0.0,FLAT,+0.0,+0.0,4.2,+0.00,0.00,SLOW,4414.34,4414.34,4414.34,4414.34,0.00,0.00,0.0,BULLISH,0.0,4414.34,4414.34,4414.34,4414.34,20,CLEARED_>=20s,1.0,0.0,0.0,0.0,0.0,0.0,0.0,PASS_<20%,0.00,0.0,NO,STANDBY_VEL_LOW,0,0.00,4590.00,78.36,FALSE,M1_DIRECTION_MISMATCH
2026-09-07 16:12:20.905,1788797540.906,11938,42,281,4414.34,4414.42,8.0,PASS_<=10c,+0.0,FLAT,+0.0,+0.0,4.2,+0.00,0.00,SLOW,4414.34,4414.34,4414.34,4414.34,0.00,0.00,0.0,BULLISH,0.0,4414.34,4414.34,4414.34,4414.34,20,CLEARED_>=20s,1.0,0.0,0.0,0.0,0.0,0.0,0.0,PASS_<20%,0.00,0.0,NO,STANDBY_VEL_LOW,0,0.00,4590.00,78.36,FALSE,M1_DIRECTION_MISMATCH
2026-09-07 16:12:21.408,1788797541.408,11939,43,282,4414.34,4414.42,8.0,PASS_<=10c,+0.0,FLAT,+0.0,+0.0,4.2,+0.00,0.00,SLOW,4414.34,4414.34,4414.34,4414.34,0.00,0.00,0.0,BULLISH,0.0,4414.34,4414.34,4414.34,4414.34,21,CLEARED_>=20s,1.0,0.0,0.0,0.0,0.0,0.0,0.0,PASS_<20%,0.00,0.0,NO,STANDBY_VEL_LOW,0,0.00,4590.00,78.36,FALSE,M1_DIRECTION_MISMATCH
2026-09-07 16:12:21.909,1788797541.909,11940,44,283,4414.34,4414.42,8.0,PASS_<=10c,+0.0,FLAT,+0.0,+0.0,4.2,+0.00,0.00,SLOW,4414.34,4414.34,4414.34,4414.34,0.00,0.00,0.0,BULLISH,0.0,4414.34,4414.34,4414.34,4414.34,21,CLEARED_>=20s,1.0,0.0,0.0,0.0,0.0,0.0,0.0,PASS_<20%,0.00,0.0,NO,STANDBY_VEL_LOW,0,0.00,4590.00,78.36,FALSE,M1_DIRECTION_MISMATCH
2026-09-07 16:12:22.411,1788797542.411,11941,45,284,4414.34,4414.42,8.0,PASS_<=10c,+0.0,FLAT,+0.0,+0.0,4.2,+0.00,0.00,SLOW,4414.34,4414.34,4414.34,4414.34,0.00,0.00,0.0,BULLISH,0.0,4414.34,4414.34,4414.34,4414.34,22,CLEARED_>=20s,1.0,0.0,0.0,0.0,0.0,0.0,0.0,PASS_<20%,0.00,0.0,NO,STANDBY_VEL_LOW,0,0.00,4590.00,78.36,FALSE,M1_DIRECTION_MISMATCH
2026-09-07 16:12:22.912,1788797542.913,11942,46,285,4414.34,4414.42,8.0,PASS_<=10c,+0.0,FLAT,+0.0,+0.0,4.2,+0.00,0.00,SLOW,4414.34,4414.34,4414.34,4414.34,0.00,0.00,0.0,BULLISH,0.0,4414.34,4414.34,4414.34,4414.34,22,CLEARED_>=20s,1.0,0.0,0.0,0.0,0.0,0.0,0.0,PASS_<20%,0.00,0.0,NO,STANDBY_VEL_LOW,0,0.00,4590.00,78.36,FALSE,M1_DIRECTION_MISMATCH
2026-09-07 16:12:23.414,1788797543.414,11943,47,286,4414.34,4414.42,8.0,PASS_<=10c,+0.0,FLAT,+0.0,+0.0,4.2,+0.00,0.00,SLOW,4414.34,4414.34,4414.34,4414.34,0.00,0.00,0.0,BULLISH,0.0,4414.34,4414.34,4414.34,4414.34,23,CLEARED_>=20s,1.0,0.0,0.0,0.0,0.0,0.0,0.0,PASS_<20%,0.00,0.0,NO,STANDBY_VEL_LOW,0,0.00,4590.00,78.36,FALSE,M1_DIRECTION_MISMATCH
2026-09-07 16:12:23.915,1788797543.915,11944,48,287,4414.34,4414.42,8.0,PASS_<=10c,+0.0,FLAT,+0.0,+0.0,4.2,+0.00,0.00,SLOW,4414.34,4414.34,4414.34,4414.34,0.00,0.00,0.0,BULLISH,0.0,4414.34,4414.34,4414.34,4414.34,23,CLEARED_>=20s,1.0,0.0,0.0,0.0,0.0,0.0,0.0,PASS_<20%,0.00,0.0,NO,STANDBY_VEL_LOW,0,0.00,4590.00,78.36,FALSE,M1_DIRECTION_MISMATCH
2026-09-07 16:12:24.417,1788797544.417,11945,49,288,4414.34,4414.42,8.0,PASS_<=10c,+0.0,FLAT,+0.0,+0.0,4.2,+0.00,0.00,SLOW,4414.34,4414.34,4414.34,4414.34,0.00,0.00,0.0,BULLISH,0.0,4414.34,4414.34,4414.34,4414.34,24,CLEARED_>=20s,1.0,0.0,0.0,0.0,0.0,0.0,0.0,PASS_<20%,0.00,0.0,NO,STANDBY_VEL_LOW,0,0.00,4590.00,78.36,FALSE,M1_DIRECTION_MISMATCH
2026-09-07 16:12:24.919,1788797544.919,11946,50,289,4414.34,4414.42,8.0,PASS_<=10c,+0.0,FLAT,+0.0,+0.0,4.2,+0.00,0.00,SLOW,4414.34,4414.34,4414.34,4414.34,0.00,0.00,0.0,BULLISH,0.0,4414.34,4414.34,4414.34,4414.34,24,CLEARED_>=20s,1.0,0.0,0.0,0.0,0.0,0.0,0.0,PASS_<20%,0.00,0.0,NO,STANDBY_VEL_LOW,0,0.00,4590.00,78.36,FALSE,M1_DIRECTION_MISMATCH
2026-09-07 16:12:25.420,1788797545.421,11947,51,290,4414.34,4414.42,8.0,PASS_<=10c,+0.0,FLAT,+0.0,+0.0,4.2,+0.00,0.00,SLOW,4414.34,4414.34,4414.34,4414.34,0.00,0.00,0.0,BULLISH,0.0,4414.34,4414.34,4414.34,4414.34,25,CLEARED_>=20s,1.0,0.0,0.0,0.0,0.0,0.0,0.0,PASS_<20%,0.00,0.0,NO,STANDBY_VEL_LOW,0,0.00,4590.00,78.36,FALSE,M1_DIRECTION_MISMATCH
2026-09-07 16:12:25.923,1788797545.923,11948,52,291,4414.34,4414.42,8.0,PASS_<=10c,+0.0,FLAT,+0.0,+0.0,4.2,+0.00,0.00,SLOW,4414.34,4414.34,4414.34,4414.34,0.00,0.00,0.0,BULLISH,0.0,4414.34,4414.34,4414.34,4414.34,25,CLEARED_>=20s,1.0,0.0,0.0,0.0,0.0,0.0,0.0,PASS_<20%,0.00,0.0,NO,STANDBY_VEL_LOW,0,0.00,4590.00,78.36,FALSE,M1_DIRECTION_MISMATCH
2026-09-07 16:12:26.424,1788797546.425,11949,53,292,4414.34,4414.42,8.0,PASS_<=10c,+0.0,FLAT,+0.0,+0.0,4.2,+0.00,0.00,SLOW,4414.34,4414.34,4414.34,4414.34,0.00,0.00,0.0,BULLISH,0.0,4414.34,4414.34,4414.34,4414.34,26,CLEARED_>=20s,1.0,0.0,0.0,0.0,0.0,0.0,0.0,PASS_<20%,0.00,0.0,NO,STANDBY_VEL_LOW,0,0.00,4590.00,78.36,FALSE,M1_DIRECTION_MISMATCH
2026-09-07 16:12:26.925,1788797546.926,11950,54,293,4414.34,4414.42,8.0,PASS_<=10c,+0.0,FLAT,+0.0,+0.0,4.2,+0.00,0.00,SLOW,4414.34,4414.34,4414.34,4414.34,0.00,0.00,0.0,BULLISH,0.0,4414.34,4414.34,4414.34,4414.34,26,CLEARED_>=20s,1.0,0.0,0.0,0.0,0.0,0.0,0.0,PASS_<20%,0.00,0.0,NO,STANDBY_VEL_LOW,0,0.00,4590.00,78.36,FALSE,M1_DIRECTION_MISMATCH
2026-09-07 16:12:27.427,1788797547.427,11951,55,294,4414.34,4414.42,8.0,PASS_<=10c,+0.0,FLAT,+0.0,+0.0,4.2,+0.00,0.00,SLOW,4414.34,4414.34,4414.34,4414.34,0.00,0.00,0.0,BULLISH,0.0,4414.34,4414.34,4414.34,4414.34,27,CLEARED_>=20s,1.0,0.0,0.0,0.0,0.0,0.0,0.0,PASS_<20%,0.00,0.0,NO,STANDBY_VEL_LOW,0,0.00,4590.00,78.36,FALSE,M1_DIRECTION_MISMATCH
2026-09-07 16:12:27.929,1788797547.929,11952,56,295,4414.34,4414.42,8.0,PASS_<=10c,+0.0,FLAT,+0.0,+0.0,4.2,+0.00,0.00,SLOW,4414.34,4414.34,4414.34,4414.34,0.00,0.00,0.0,BULLISH,0.0,4414.34,4414.34,4414.34,4414.34,27,CLEARED_>=20s,1.0,0.0,0.0,0.0,0.0,0.0,0.0,PASS_<20%,0.00,0.0,NO,STANDBY_VEL_LOW,0,0.00,4590.00,78.36,FALSE,M1_DIRECTION_MISMATCH
2026-09-07 16:12:28.430,1788797548.431,11953,57,296,4414.34,4414.42,8.0,PASS_<=10c,+0.0,FLAT,+0.0,+0.0,4.2,+0.00,0.00,SLOW,4414.34,4414.34,4414.34,4414.34,0.00,0.00,0.0,BULLISH,0.0,4414.34,4414.34,4414.34,4414.34,28,CLEARED_>=20s,1.0,0.0,0.0,0.0,0.0,0.0,0.0,PASS_<20%,0.00,0.0,NO,STANDBY_VEL_LOW,0,0.00,4590.00,78.36,FALSE,M1_DIRECTION_MISMATCH
2026-09-07 16:12:28.931,1788797548.932,11954,58,297,4414.34,4414.42,8.0,PASS_<=10c,+0.0,FLAT,+0.0,+0.0,4.2,+0.00,0.00,SLOW,4414.34,4414.34,4414.34,4414.34,0.00,0.00,0.0,BULLISH,0.0,4414.34,4414.34,4414.34,4414.34,28,CLEARED_>=20s,1.0,0.0,0.0,0.0,0.0,0.0,0.0,PASS_<20%,0.00,0.0,NO,STANDBY_VEL_LOW,0,0.00,4590.00,78.36,FALSE,M1_DIRECTION_MISMATCH
2026-09-07 16:12:29.432,1788797549.433,11955,59,298,4414.34,4414.42,8.0,PASS_<=10c,+0.0,FLAT,+0.0,+0.0,4.2,+0.00,0.00,SLOW,4414.34,4414.34,4414.34,4414.34,0.00,0.00,0.0,BULLISH,0.0,4414.34,4414.34,4414.34,4414.34,29,CLEARED_>=20s,1.0,0.0,0.0,0.0,0.0,0.0,0.0,PASS_<20%,0.00,0.0,NO,STANDBY_VEL_LOW,0,0.00,4590.00,78.36,FALSE,M1_DIRECTION_MISMATCH
2026-09-07 16:12:29.934,1788797549.934,11956,60,299,4414.34,4414.42,8.0,PASS_<=10c,+0.0,FLAT,+0.0,+0.0,4.2,+0.00,0.00,SLOW,4414.34,4414.34,4414.34,4414.34,0.00,0.00,0.0,BULLISH,0.0,4414.34,4414.34,4414.34,4414.34,29,CLEARED_>=20s,1.0,0.0,0.0,0.0,0.0,0.0,0.0,PASS_<20%,0.00,0.0,NO,STANDBY_VEL_LOW,0,0.00,4590.00,78.36,FALSE,M1_DIRECTION_MISMATCH
2026-09-07 16:12:30.435,1788797550.436,11957,61,300,4414.34,4414.42,8.0,PASS_<=10c,+0.0,FLAT,+0.0,+0.0,4.2,+0.00,0.00,SLOW,4414.34,4414.34,4414.34,4414.34,0.00,0.00,0.0,BULLISH,0.0,4414.34,4414.34,4414.34,4414.34,30,CLEARED_>=20s,1.0,0.0,0.0,0.0,0.0,0.0,0.0,PASS_<20%,0.00,0.0,NO,STANDBY_VEL_LOW,0,0.00,4590.00,78.36,FALSE,M1_DIRECTION_MISMATCH
2026-09-07 16:12:30.938,1788797550.938,11958,62,301,4414.34,4414.42,8.0,PASS_<=10c,+0.0,FLAT,+0.0,+0.0,4.2,+0.00,0.00,SLOW,4414.34,4414.34,4414.34,4414.34,0.00,0.00,0.0,BULLISH,0.0,4414.34,4414.34,4414.34,4414.34,30,CLEARED_>=20s,1.0,0.0,0.0,0.0,0.0,0.0,0.0,PASS_<20%,0.00,0.0,NO,STANDBY_VEL_LOW,0,0.00,4590.00,78.36,FALSE,M1_DIRECTION_MISMATCH
2026-09-07 16:12:31.439,1788797551.439,11959,63,302,4414.34,4414.42,8.0,PASS_<=10c,+0.0,FLAT,+0.0,+0.0,4.2,+0.00,0.00,SLOW,4414.34,4414.34,4414.34,4414.34,0.00,0.00,0.0,BULLISH,0.0,4414.34,4414.34,4414.34,4414.34,31,CLEARED_>=20s,1.0,0.0,0.0,0.0,0.0,0.0,0.0,PASS_<20%,0.00,0.0,NO,STANDBY_VEL_LOW,0,0.00,4590.00,78.36,FALSE,M1_DIRECTION_MISMATCH
2026-09-07 16:12:31.940,1788797551.940,11960,64,303,4414.34,4414.42,8.0,PASS_<=10c,+0.0,FLAT,+0.0,+0.0,4.2,+0.00,0.00,SLOW,4414.34,4414.34,4414.34,4414.34,0.00,0.00,0.0,BULLISH,0.0,4414.34,4414.34,4414.34,4414.34,31,CLEARED_>=20s,1.0,0.0,0.0,0.0,0.0,0.0,0.0,PASS_<20%,0.00,0.0,NO,STANDBY_VEL_LOW,0,0.00,4590.00,78.36,FALSE,M1_DIRECTION_MISMATCH
2026-09-07 16:12:32.442,1788797552.443,11961,65,304,4414.34,4414.42,8.0,PASS_<=10c,+0.0,FLAT,+0.0,+0.0,4.2,+0.00,0.00,SLOW,4414.34,4414.34,4414.34,4414.34,0.00,0.00,0.0,BULLISH,0.0,4414.34,4414.34,4414.34,4414.34,32,CLEARED_>=20s,1.0,0.0,0.0,0.0,0.0,0.0,0.0,PASS_<20%,0.00,0.0,NO,STANDBY_VEL_LOW,0,0.00,4590.00,78.36,FALSE,M1_DIRECTION_MISMATCH
2026-09-07 16:12:32.945,1788797552.945,11962,66,305,4414.34,4414.42,8.0,PASS_<=10c,+0.0,FLAT,+0.0,+0.0,4.2,+0.00,0.00,SLOW,4414.34,4414.34,4414.34,4414.34,0.00,0.00,0.0,BULLISH,0.0,4414.34,4414.34,4414.34,4414.34,32,CLEARED_>=20s,1.0,0.0,0.0,0.0,0.0,0.0,0.0,PASS_<20%,0.00,0.0,NO,STANDBY_VEL_LOW,0,0.00,4590.00,78.36,FALSE,M1_DIRECTION_MISMATCH
2026-09-07 16:12:33.446,1788797553.446,11963,67,306,4414.34,4414.42,8.0,PASS_<=10c,+0.0,FLAT,+0.0,+0.0,4.2,+0.00,0.00,SLOW,4414.34,4414.34,4414.34,4414.34,0.00,0.00,0.0,BULLISH,0.0,4414.34,4414.34,4414.34,4414.34,33,CLEARED_>=20s,1.0,0.0,0.0,0.0,0.0,0.0,0.0,PASS_<20%,0.00,0.0,NO,STANDBY_VEL_LOW,0,0.00,4590.00,78.36,FALSE,M1_DIRECTION_MISMATCH
2026-09-07 16:12:33.948,1788797553.948,11964,68,307,4414.34,4414.42,8.0,PASS_<=10c,+0.0,FLAT,+0.0,+0.0,4.2,+0.00,0.00,SLOW,4414.34,4414.34,4414.34,4414.34,0.00,0.00,0.0,BULLISH,0.0,4414.34,4414.34,4414.34,4414.34,33,CLEARED_>=20s,1.0,0.0,0.0,0.0,0.0,0.0,0.0,PASS_<20%,0.00,0.0,NO,STANDBY_VEL_LOW,0,0.00,4590.00,78.36,FALSE,M1_DIRECTION_MISMATCH
2026-09-07 16:12:34.450,1788797554.450,11965,69,308,4414.34,4414.42,8.0,PASS_<=10c,+0.0,FLAT,+0.0,+0.0,4.2,+0.00,0.00,SLOW,4414.34,4414.34,4414.34,4414.34,0.00,0.00,0.0,BULLISH,0.0,4414.34,4414.34,4414.34,4414.34,34,CLEARED_>=20s,1.0,0.0,0.0,0.0,0.0,0.0,0.0,PASS_<20%,0.00,0.0,NO,STANDBY_VEL_LOW,0,0.00,4590.00,78.36,FALSE,M1_DIRECTION_MISMATCH
2026-09-07 16:12:34.951,1788797554.952,11966,70,309,4414.34,4414.42,8.0,PASS_<=10c,+0.0,FLAT,+0.0,+0.0,4.2,+0.00,0.00,SLOW,4414.34,4414.34,4414.34,4414.34,0.00,0.00,0.0,BULLISH,0.0,4414.34,4414.34,4414.34,4414.34,34,CLEARED_>=20s,1.0,0.0,0.0,0.0,0.0,0.0,0.0,PASS_<20%,0.00,0.0,NO,STANDBY_VEL_LOW,0,0.00,4590.00,78.36,FALSE,M1_DIRECTION_MISMATCH
2026-09-07 16:12:35.453,1788797555.453,11967,71,310,4414.34,4414.42,8.0,PASS_<=10c,+0.0,FLAT,+0.0,+0.0,4.2,+0.00,0.00,SLOW,4414.34,4414.34,4414.34,4414.34,0.00,0.00,0.0,BULLISH,0.0,4414.34,4414.34,4414.34,4414.34,35,CLEARED_>=20s,1.0,0.0,0.0,0.0,0.0,0.0,0.0,PASS_<20%,0.00,0.0,NO,STANDBY_VEL_LOW,0,0.00,4590.00,78.36,FALSE,M1_DIRECTION_MISMATCH
2026-09-07 16:12:35.955,1788797555.955,11968,72,311,4414.34,4414.42,8.0,PASS_<=10c,+0.0,FLAT,+0.0,+0.0,4.2,+0.00,0.00,SLOW,4414.34,4414.34,4414.34,4414.34,0.00,0.00,0.0,BULLISH,0.0,4414.34,4414.34,4414.34,4414.34,35,CLEARED_>=20s,1.0,0.0,0.0,0.0,0.0,0.0,0.0,PASS_<20%,0.00,0.0,NO,STANDBY_VEL_LOW,0,0.00,4590.00,78.36,FALSE,M1_DIRECTION_MISMATCH
2026-09-07 16:12:36.456,1788797556.457,11969,73,312,4414.34,4414.42,8.0,PASS_<=10c,+0.0,FLAT,+0.0,+0.0,4.2,+0.00,0.00,SLOW,4414.34,4414.34,4414.34,4414.34,0.00,0.00,0.0,BULLISH,0.0,4414.34,4414.34,4414.34,4414.34,36,CLEARED_>=20s,1.0,0.0,0.0,0.0,0.0,0.0,0.0,PASS_<20%,0.00,0.0,NO,STANDBY_VEL_LOW,0,0.00,4590.00,78.36,FALSE,M1_DIRECTION_MISMATCH
2026-09-07 16:12:36.958,1788797556.958,11970,74,313,4414.34,4414.42,8.0,PASS_<=10c,+0.0,FLAT,+0.0,+0.0,4.2,+0.00,0.00,SLOW,4414.34,4414.34,4414.34,4414.34,0.00,0.00,0.0,BULLISH,0.0,4414.34,4414.34,4414.34,4414.34,36,CLEARED_>=20s,1.0,0.0,0.0,0.0,0.0,0.0,0.0,PASS_<20%,0.00,0.0,NO,STANDBY_VEL_LOW,0,0.00,4590.00,78.36,FALSE,M1_DIRECTION_MISMATCH
2026-09-07 16:12:37.460,1788797557.460,11971,75,314,4414.34,4414.42,8.0,PASS_<=10c,+0.0,FLAT,+0.0,+0.0,4.2,+0.00,0.00,SLOW,4414.34,4414.34,4414.34,4414.34,0.00,0.00,0.0,BULLISH,0.0,4414.34,4414.34,4414.34,4414.34,37,CLEARED_>=20s,1.0,0.0,0.0,0.0,0.0,0.0,0.0,PASS_<20%,0.00,0.0,NO,STANDBY_VEL_LOW,0,0.00,4590.00,78.36,FALSE,M1_DIRECTION_MISMATCH
2026-09-07 16:12:37.961,1788797557.961,11972,76,315,4414.34,4414.42,8.0,PASS_<=10c,+0.0,FLAT,+0.0,+0.0,4.2,+0.00,0.00,SLOW,4414.34,4414.34,4414.34,4414.34,0.00,0.00,0.0,BULLISH,0.0,4414.34,4414.34,4414.34,4414.34,37,CLEARED_>=20s,1.0,0.0,0.0,0.0,0.0,0.0,0.0,PASS_<20%,0.00,0.0,NO,STANDBY_VEL_LOW,0,0.00,4590.00,78.36,FALSE,M1_DIRECTION_MISMATCH
2026-09-07 16:12:38.463,1788797558.463,11973,77,316,4414.34,4414.42,8.0,PASS_<=10c,+0.0,FLAT,+0.0,+0.0,4.2,+0.00,0.00,SLOW,4414.34,4414.34,4414.34,4414.34,0.00,0.00,0.0,BULLISH,0.0,4414.34,4414.34,4414.34,4414.34,38,CLEARED_>=20s,1.0,0.0,0.0,0.0,0.0,0.0,0.0,PASS_<20%,0.00,0.0,NO,STANDBY_VEL_LOW,0,0.00,4590.00,78.36,FALSE,M1_DIRECTION_MISMATCH
2026-09-07 16:12:38.964,1788797558.964,11974,78,317,4414.34,4414.42,8.0,PASS_<=10c,+0.0,FLAT,+0.0,+0.0,4.2,+0.00,0.00,SLOW,4414.34,4414.34,4414.34,4414.34,0.00,0.00,0.0,BULLISH,0.0,4414.34,4414.34,4414.34,4414.34,38,CLEARED_>=20s,1.0,0.0,0.0,0.0,0.0,0.0,0.0,PASS_<20%,0.00,0.0,NO,STANDBY_VEL_LOW,0,0.00,4590.00,78.36,FALSE,M1_DIRECTION_MISMATCH
2026-09-07 16:12:39.466,1788797559.467,11975,79,318,4414.34,4414.42,8.0,PASS_<=10c,+0.0,FLAT,+0.0,+0.0,4.2,+0.00,0.00,SLOW,4414.34,4414.34,4414.34,4414.34,0.00,0.00,0.0,BULLISH,0.0,4414.34,4414.34,4414.34,4414.34,39,CLEARED_>=20s,1.0,0.0,0.0,0.0,0.0,0.0,0.0,PASS_<20%,0.00,0.0,NO,STANDBY_VEL_LOW,0,0.00,4590.00,78.36,FALSE,M1_DIRECTION_MISMATCH
2026-09-07 16:12:39.968,1788797559.968,11976,80,319,4414.34,4414.42,8.0,PASS_<=10c,+0.0,FLAT,+0.0,+0.0,4.2,+0.00,0.00,SLOW,4414.34,4414.34,4414.34,4414.34,0.00,0.00,0.0,BULLISH,0.0,4414.34,4414.34,4414.34,4414.34,39,CLEARED_>=20s,1.0,0.0,0.0,0.0,0.0,0.0,0.0,PASS_<20%,0.00,0.0,NO,STANDBY_VEL_LOW,0,0.00,4590.00,78.36,FALSE,M1_DIRECTION_MISMATCH
2026-09-07 16:12:40.469,1788797560.469,11977,81,320,4414.34,4414.42,8.0,PASS_<=10c,+0.0,FLAT,+0.0,+0.0,4.2,+0.00,0.00,SLOW,4414.34,4414.34,4414.34,4414.34,0.00,0.00,0.0,BULLISH,0.0,4414.34,4414.34,4414.34,4414.34,40,CLEARED_>=20s,1.0,0.0,0.0,0.0,0.0,0.0,0.0,PASS_<20%,0.00,0.0,NO,STANDBY_VEL_LOW,0,0.00,4590.00,78.36,FALSE,M1_DIRECTION_MISMATCH
2026-09-07 16:12:40.970,1788797560.971,11978,82,321,4414.34,4414.42,8.0,PASS_<=10c,+0.0,FLAT,+0.0,+0.0,4.2,+0.00,0.00,SLOW,4414.34,4414.34,4414.34,4414.34,0.00,0.00,0.0,BULLISH,0.0,4414.34,4414.34,4414.34,4414.34,40,CLEARED_>=20s,1.0,0.0,0.0,0.0,0.0,0.0,0.0,PASS_<20%,0.00,0.0,NO,STANDBY_VEL_LOW,0,0.00,4590.00,78.36,FALSE,M1_DIRECTION_MISMATCH
2026-09-07 16:12:41.472,1788797561.472,11979,83,322,4414.34,4414.42,8.0,PASS_<=10c,+0.0,FLAT,+0.0,+0.0,4.2,+0.00,0.00,SLOW,4414.34,4414.34,4414.34,4414.34,0.00,0.00,0.0,BULLISH,0.0,4414.34,4414.34,4414.34,4414.34,41,CLEARED_>=20s,1.0,0.0,0.0,0.0,0.0,0.0,0.0,PASS_<20%,0.00,0.0,NO,STANDBY_VEL_LOW,0,0.00,4590.00,78.36,FALSE,M1_DIRECTION_MISMATCH
2026-09-07 16:12:41.973,1788797561.974,11980,84,323,4414.34,4414.42,8.0,PASS_<=10c,+0.0,FLAT,+0.0,+0.0,4.2,+0.00,0.00,SLOW,4414.34,4414.34,4414.34,4414.34,0.00,0.00,0.0,BULLISH,0.0,4414.34,4414.34,4414.34,4414.34,41,CLEARED_>=20s,1.0,0.0,0.0,0.0,0.0,0.0,0.0,PASS_<20%,0.00,0.0,NO,STANDBY_VEL_LOW,0,0.00,4590.00,78.36,FALSE,M1_DIRECTION_MISMATCH
2026-09-07 16:12:42.478,1788797562.479,11981,85,324,4414.34,4414.42,8.0,PASS_<=10c,+0.0,FLAT,+0.0,+0.0,4.2,+0.00,0.00,SLOW,4414.34,4414.34,4414.34,4414.34,0.00,0.00,0.0,BULLISH,0.0,4414.34,4414.34,4414.34,4414.34,42,CLEARED_>=20s,1.0,0.0,0.0,0.0,0.0,0.0,0.0,PASS_<20%,0.00,0.0,NO,STANDBY_VEL_LOW,0,0.00,4590.00,78.36,FALSE,M1_DIRECTION_MISMATCH
2026-09-07 16:12:42.977,1788797562.977,11982,86,325,4414.34,4414.42,8.0,PASS_<=10c,+0.0,FLAT,+0.0,+0.0,4.2,+0.00,0.00,SLOW,4414.34,4414.34,4414.34,4414.34,0.00,0.00,0.0,BULLISH,0.0,4414.34,4414.34,4414.34,4414.34,42,CLEARED_>=20s,1.0,0.0,0.0,0.0,0.0,0.0,0.0,PASS_<20%,0.00,0.0,NO,STANDBY_VEL_LOW,0,0.00,4590.00,78.36,FALSE,M1_DIRECTION_MISMATCH
2026-09-07 16:12:43.481,1788797563.481,11983,87,326,4414.34,4414.42,8.0,PASS_<=10c,+0.0,FLAT,+0.0,+0.0,4.2,+0.00,0.00,SLOW,4414.34,4414.34,4414.34,4414.34,0.00,0.00,0.0,BULLISH,0.0,4414.34,4414.34,4414.34,4414.34,43,CLEARED_>=20s,1.0,0.0,0.0,0.0,0.0,0.0,0.0,PASS_<20%,0.00,0.0,NO,STANDBY_VEL_LOW,0,0.00,4590.00,78.36,FALSE,M1_DIRECTION_MISMATCH
2026-09-07 16:12:43.982,1788797563.982,11984,88,327,4414.34,4414.42,8.0,PASS_<=10c,+0.0,FLAT,+0.0,+0.0,4.2,+0.00,0.00,SLOW,4414.34,4414.34,4414.34,4414.34,0.00,0.00,0.0,BULLISH,0.0,4414.34,4414.34,4414.34,4414.34,43,CLEARED_>=20s,1.0,0.0,0.0,0.0,0.0,0.0,0.0,PASS_<20%,0.00,0.0,NO,STANDBY_VEL_LOW,0,0.00,4590.00,78.36,FALSE,M1_DIRECTION_MISMATCH
2026-09-07 16:12:44.484,1788797564.484,11985,89,328,4414.34,4414.42,8.0,PASS_<=10c,+0.0,FLAT,+0.0,+0.0,4.2,+0.00,0.00,SLOW,4414.34,4414.34,4414.34,4414.34,0.00,0.00,0.0,BULLISH,0.0,4414.34,4414.34,4414.34,4414.34,44,CLEARED_>=20s,1.0,0.0,0.0,0.0,0.0,0.0,0.0,PASS_<20%,0.00,0.0,NO,STANDBY_VEL_LOW,0,0.00,4590.00,78.36,FALSE,M1_DIRECTION_MISMATCH
2026-09-07 16:12:44.985,1788797564.985,11986,90,329,4414.34,4414.42,8.0,PASS_<=10c,+0.0,FLAT,+0.0,+0.0,4.2,+0.00,0.00,SLOW,4414.34,4414.34,4414.34,4414.34,0.00,0.00,0.0,BULLISH,0.0,4414.34,4414.34,4414.34,4414.34,44,CLEARED_>=20s,1.0,0.0,0.0,0.0,0.0,0.0,0.0,PASS_<20%,0.00,0.0,NO,STANDBY_VEL_LOW,0,0.00,4590.00,78.36,FALSE,M1_DIRECTION_MISMATCH
2026-09-07 16:12:45.486,1788797565.487,11987,91,330,4414.34,4414.42,8.0,PASS_<=10c,+0.0,FLAT,+0.0,+0.0,4.2,+0.00,0.00,SLOW,4414.34,4414.34,4414.34,4414.34,0.00,0.00,0.0,BULLISH,0.0,4414.34,4414.34,4414.34,4414.34,45,CLEARED_>=20s,1.0,0.0,0.0,0.0,0.0,0.0,0.0,PASS_<20%,0.00,0.0,NO,STANDBY_VEL_LOW,0,0.00,4590.00,78.36,FALSE,M1_DIRECTION_MISMATCH
2026-09-07 16:12:45.989,1788797565.989,11988,92,331,4414.34,4414.42,8.0,PASS_<=10c,+0.0,FLAT,+0.0,+0.0,4.2,+0.00,0.00,SLOW,4414.34,4414.34,4414.34,4414.34,0.00,0.00,0.0,BULLISH,0.0,4414.34,4414.34,4414.34,4414.34,45,CLEARED_>=20s,1.0,0.0,0.0,0.0,0.0,0.0,0.0,PASS_<20%,0.00,0.0,NO,STANDBY_VEL_LOW,0,0.00,4590.00,78.36,FALSE,M1_DIRECTION_MISMATCH
2026-09-07 16:12:46.490,1788797566.491,11989,93,332,4414.34,4414.42,8.0,PASS_<=10c,+0.0,FLAT,+0.0,+0.0,4.2,+0.00,0.00,SLOW,4414.34,4414.34,4414.34,4414.34,0.00,0.00,0.0,BULLISH,0.0,4414.34,4414.34,4414.34,4414.34,46,CLEARED_>=20s,1.0,0.0,0.0,0.0,0.0,0.0,0.0,PASS_<20%,0.00,0.0,NO,STANDBY_VEL_LOW,0,0.00,4590.00,78.36,FALSE,M1_DIRECTION_MISMATCH
2026-09-07 16:12:46.993,1788797566.993,11990,94,333,4414.34,4414.42,8.0,PASS_<=10c,+0.0,FLAT,+0.0,+0.0,4.2,+0.00,0.00,SLOW,4414.34,4414.34,4414.34,4414.34,0.00,0.00,0.0,BULLISH,0.0,4414.34,4414.34,4414.34,4414.34,46,CLEARED_>=20s,1.0,0.0,0.0,0.0,0.0,0.0,0.0,PASS_<20%,0.00,0.0,NO,STANDBY_VEL_LOW,0,0.00,4590.00,78.36,FALSE,M1_DIRECTION_MISMATCH
2026-09-07 16:12:47.495,1788797567.496,11991,95,334,4414.34,4414.42,8.0,PASS_<=10c,+0.0,FLAT,+0.0,+0.0,4.2,+0.00,0.00,SLOW,4414.34,4414.34,4414.34,4414.34,0.00,0.00,0.0,BULLISH,0.0,4414.34,4414.34,4414.34,4414.34,47,CLEARED_>=20s,1.0,0.0,0.0,0.0,0.0,0.0,0.0,PASS_<20%,0.00,0.0,NO,STANDBY_VEL_LOW,0,0.00,4590.00,78.36,FALSE,M1_DIRECTION_MISMATCH
2026-09-07 16:12:47.996,1788797567.997,11992,96,335,4414.34,4414.42,8.0,PASS_<=10c,+0.0,FLAT,+0.0,+0.0,4.2,+0.00,0.00,SLOW,4414.34,4414.34,4414.34,4414.34,0.00,0.00,0.0,BULLISH,0.0,4414.34,4414.34,4414.34,4414.34,47,CLEARED_>=20s,1.0,0.0,0.0,0.0,0.0,0.0,0.0,PASS_<20%,0.00,0.0,NO,STANDBY_VEL_LOW,0,0.00,4590.00,78.36,FALSE,M1_DIRECTION_MISMATCH
2026-09-07 16:12:48.498,1788797568.498,11993,97,336,4414.34,4414.42,8.0,PASS_<=10c,+0.0,FLAT,+0.0,+0.0,4.2,+0.00,0.00,SLOW,4414.34,4414.34,4414.34,4414.34,0.00,0.00,0.0,BULLISH,0.0,4414.34,4414.34,4414.34,4414.34,48,CLEARED_>=20s,1.0,0.0,0.0,0.0,0.0,0.0,0.0,PASS_<20%,0.00,0.0,NO,STANDBY_VEL_LOW,0,0.00,4590.00,78.36,FALSE,M1_DIRECTION_MISMATCH
2026-09-07 16:12:49.000,1788797569.000,11994,98,337,4414.34,4414.42,8.0,PASS_<=10c,+0.0,FLAT,+0.0,+0.0,4.2,+0.00,0.00,SLOW,4414.34,4414.34,4414.34,4414.34,0.00,0.00,0.0,BULLISH,0.0,4414.34,4414.34,4414.34,4414.34,49,CLEARED_>=20s,1.0,0.0,0.0,0.0,0.0,0.0,0.0,PASS_<20%,0.00,0.0,NO,STANDBY_VEL_LOW,0,0.00,4590.00,78.36,FALSE,M1_DIRECTION_MISMATCH
2026-09-07 16:12:49.502,1788797569.502,11995,99,338,4414.34,4414.42,8.0,PASS_<=10c,+0.0,FLAT,+0.0,+0.0,4.2,+0.00,0.00,SLOW,4414.34,4414.34,4414.34,4414.34,0.00,0.00,0.0,BULLISH,0.0,4414.34,4414.34,4414.34,4414.34,49,CLEARED_>=20s,1.0,0.0,0.0,0.0,0.0,0.0,0.0,PASS_<20%,0.00,0.0,NO,STANDBY_VEL_LOW,0,0.00,4590.00,78.36,FALSE,M1_DIRECTION_MISMATCH
2026-09-07 16:12:50.003,1788797570.004,11996,100,339,4414.34,4414.42,8.0,PASS_<=10c,+0.0,FLAT,+0.0,+0.0,4.2,+0.00,0.00,SLOW,4414.34,4414.34,4414.34,4414.34,0.00,0.00,0.0,BULLISH,0.0,4414.34,4414.34,4414.34,4414.34,50,CLEARED_>=20s,1.0,0.0,0.0,0.0,0.0,0.0,0.0,PASS_<20%,0.00,0.0,NO,STANDBY_VEL_LOW,0,0.00,4590.00,78.36,FALSE,M1_DIRECTION_MISMATCH
2026-09-07 16:12:50.506,1788797570.507,11997,101,340,4414.34,4414.42,8.0,PASS_<=10c,+0.0,FLAT,+0.0,+0.0,4.2,+0.00,0.00,SLOW,4414.34,4414.34,4414.34,4414.34,0.00,0.00,0.0,BULLISH,0.0,4414.34,4414.34,4414.34,4414.34,50,CLEARED_>=20s,1.0,0.0,0.0,0.0,0.0,0.0,0.0,PASS_<20%,0.00,0.0,NO,STANDBY_VEL_LOW,0,0.00,4590.00,78.36,FALSE,M1_DIRECTION_MISMATCH
2026-09-07 16:12:51.007,1788797571.007,11998,102,341,4414.34,4414.42,8.0,PASS_<=10c,+0.0,FLAT,+0.0,+0.0,4.2,+0.00,0.00,SLOW,4414.34,4414.34,4414.34,4414.34,0.00,0.00,0.0,BULLISH,0.0,4414.34,4414.34,4414.34,4414.34,51,CLEARED_>=20s,1.0,0.0,0.0,0.0,0.0,0.0,0.0,PASS_<20%,0.00,0.0,NO,STANDBY_VEL_LOW,0,0.00,4590.00,78.36,FALSE,M1_DIRECTION_MISMATCH
2026-09-07 16:12:51.508,1788797571.509,11999,103,342,4414.34,4414.42,8.0,PASS_<=10c,+0.0,FLAT,+0.0,+0.0,4.2,+0.00,0.00,SLOW,4414.34,4414.34,4414.34,4414.34,0.00,0.00,0.0,BULLISH,0.0,4414.34,4414.34,4414.34,4414.34,51,CLEARED_>=20s,1.0,0.0,0.0,0.0,0.0,0.0,0.0,PASS_<20%,0.00,0.0,NO,STANDBY_VEL_LOW,0,0.00,4590.00,78.36,FALSE,M1_DIRECTION_MISMATCH
2026-09-07 16:12:52.014,1788797572.014,12000,104,343,4414.34,4414.42,8.0,PASS_<=10c,+0.0,FLAT,+0.0,+0.0,4.2,+0.00,0.00,SLOW,4414.34,4414.34,4414.34,4414.34,0.00,0.00,0.0,BULLISH,0.0,4414.34,4414.34,4414.34,4414.34,52,CLEARED_>=20s,1.0,0.0,0.0,0.0,0.0,0.0,0.0,PASS_<20%,0.00,0.0,NO,STANDBY_VEL_LOW,0,0.00,4590.00,78.36,FALSE,M1_DIRECTION_MISMATCH
2026-09-07 16:12:52.513,1788797572.513,12001,105,344,4414.34,4414.42,8.0,PASS_<=10c,+0.0,FLAT,+0.0,+0.0,4.2,+0.00,0.00,SLOW,4414.34,4414.34,4414.34,4414.34,0.00,0.00,0.0,BULLISH,0.0,4414.34,4414.34,4414.34,4414.34,52,CLEARED_>=20s,1.0,0.0,0.0,0.0,0.0,0.0,0.0,PASS_<20%,0.00,0.0,NO,STANDBY_VEL_LOW,0,0.00,4590.00,78.36,FALSE,M1_DIRECTION_MISMATCH
2026-09-07 16:12:53.015,1788797573.015,12002,106,345,4414.34,4414.42,8.0,PASS_<=10c,+0.0,FLAT,+0.0,+0.0,4.2,+0.00,0.00,SLOW,4414.34,4414.34,4414.34,4414.34,0.00,0.00,0.0,BULLISH,0.0,4414.34,4414.34,4414.34,4414.34,53,CLEARED_>=20s,1.0,0.0,0.0,0.0,0.0,0.0,0.0,PASS_<20%,0.00,0.0,NO,STANDBY_VEL_LOW,0,0.00,4590.00,78.36,FALSE,M1_DIRECTION_MISMATCH
2026-09-07 16:12:53.516,1788797573.517,12003,107,346,4414.34,4414.42,8.0,PASS_<=10c,+0.0,FLAT,+0.0,+0.0,4.2,+0.00,0.00,SLOW,4414.34,4414.34,4414.34,4414.34,0.00,0.00,0.0,BULLISH,0.0,4414.34,4414.34,4414.34,4414.34,53,CLEARED_>=20s,1.0,0.0,0.0,0.0,0.0,0.0,0.0,PASS_<20%,0.00,0.0,NO,STANDBY_VEL_LOW,0,0.00,4590.00,78.36,FALSE,M1_DIRECTION_MISMATCH
2026-09-07 16:12:54.018,1788797574.018,12004,108,347,4414.34,4414.42,8.0,PASS_<=10c,+0.0,FLAT,+0.0,+0.0,4.2,+0.00,0.00,SLOW,4414.34,4414.34,4414.34,4414.34,0.00,0.00,0.0,BULLISH,0.0,4414.34,4414.34,4414.34,4414.34,54,CLEARED_>=20s,1.0,0.0,0.0,0.0,0.0,0.0,0.0,PASS_<20%,0.00,0.0,NO,STANDBY_VEL_LOW,0,0.00,4590.00,78.36,FALSE,M1_DIRECTION_MISMATCH
2026-09-07 16:12:54.520,1788797574.520,12005,109,348,4414.34,4414.42,8.0,PASS_<=10c,+0.0,FLAT,+0.0,+0.0,4.2,+0.00,0.00,SLOW,4414.34,4414.34,4414.34,4414.34,0.00,0.00,0.0,BULLISH,0.0,4414.34,4414.34,4414.34,4414.34,54,CLEARED_>=20s,1.0,0.0,0.0,0.0,0.0,0.0,0.0,PASS_<20%,0.00,0.0,NO,STANDBY_VEL_LOW,0,0.00,4590.00,78.36,FALSE,M1_DIRECTION_MISMATCH
2026-09-07 16:12:55.021,1788797575.022,12006,110,349,4414.34,4414.42,8.0,PASS_<=10c,+0.0,FLAT,+0.0,+0.0,4.2,+0.00,0.00,SLOW,4414.34,4414.34,4414.34,4414.34,0.00,0.00,0.0,BULLISH,0.0,4414.34,4414.34,4414.34,4414.34,55,CLEARED_>=20s,1.0,0.0,0.0,0.0,0.0,0.0,0.0,PASS_<20%,0.00,0.0,NO,STANDBY_VEL_LOW,0,0.00,4590.00,78.36,FALSE,M1_DIRECTION_MISMATCH
2026-09-07 16:12:55.523,1788797575.524,12007,111,350,4414.34,4414.42,8.0,PASS_<=10c,+0.0,FLAT,+0.0,+0.0,4.2,+0.00,0.00,SLOW,4414.34,4414.34,4414.34,4414.34,0.00,0.00,0.0,BULLISH,0.0,4414.34,4414.34,4414.34,4414.34,55,CLEARED_>=20s,1.0,0.0,0.0,0.0,0.0,0.0,0.0,PASS_<20%,0.00,0.0,NO,STANDBY_VEL_LOW,0,0.00,4590.00,78.36,FALSE,M1_DIRECTION_MISMATCH
2026-09-07 16:12:56.025,1788797576.025,12008,112,351,4414.34,4414.42,8.0,PASS_<=10c,+0.0,FLAT,+0.0,+0.0,4.2,+0.00,0.00,SLOW,4414.34,4414.34,4414.34,4414.34,0.00,0.00,0.0,BULLISH,0.0,4414.34,4414.34,4414.34,4414.34,56,CLEARED_>=20s,1.0,0.0,0.0,0.0,0.0,0.0,0.0,PASS_<20%,0.00,0.0,NO,STANDBY_VEL_LOW,0,0.00,4590.00,78.36,FALSE,M1_DIRECTION_MISMATCH
2026-09-07 16:12:56.527,1788797576.527,12009,113,352,4414.34,4414.42,8.0,PASS_<=10c,+0.0,FLAT,+0.0,+0.0,4.2,+0.00,0.00,SLOW,4414.34,4414.34,4414.34,4414.34,0.00,0.00,0.0,BULLISH,0.0,4414.34,4414.34,4414.34,4414.34,56,CLEARED_>=20s,1.0,0.0,0.0,0.0,0.0,0.0,0.0,PASS_<20%,0.00,0.0,NO,STANDBY_VEL_LOW,0,0.00,4590.00,78.36,FALSE,M1_DIRECTION_MISMATCH
2026-09-07 16:12:57.029,1788797577.030,12010,114,353,4414.34,4414.42,8.0,PASS_<=10c,+0.0,FLAT,+0.0,+0.0,4.2,+0.00,0.00,SLOW,4414.34,4414.34,4414.34,4414.34,0.00,0.00,0.0,BULLISH,0.0,4414.34,4414.34,4414.34,4414.34,57,CLEARED_>=20s,1.0,0.0,0.0,0.0,0.0,0.0,0.0,PASS_<20%,0.00,0.0,NO,STANDBY_VEL_LOW,0,0.00,4590.00,78.36,FALSE,M1_DIRECTION_MISMATCH
2026-09-07 16:12:57.531,1788797577.532,12011,115,354,4414.34,4414.42,8.0,PASS_<=10c,+0.0,FLAT,+0.0,+0.0,4.2,+0.00,0.00,SLOW,4414.34,4414.34,4414.34,4414.34,0.00,0.00,0.0,BULLISH,0.0,4414.34,4414.34,4414.34,4414.34,57,CLEARED_>=20s,1.0,0.0,0.0,0.0,0.0,0.0,0.0,PASS_<20%,0.00,0.0,NO,STANDBY_VEL_LOW,0,0.00,4590.00,78.36,FALSE,M1_DIRECTION_MISMATCH
2026-09-07 16:12:58.033,1788797578.033,12012,116,355,4414.34,4414.42,8.0,PASS_<=10c,+0.0,FLAT,+0.0,+0.0,4.2,+0.00,0.00,SLOW,4414.34,4414.34,4414.34,4414.34,0.00,0.00,0.0,BULLISH,0.0,4414.34,4414.34,4414.34,4414.34,58,CLEARED_>=20s,1.0,0.0,0.0,0.0,0.0,0.0,0.0,PASS_<20%,0.00,0.0,NO,STANDBY_VEL_LOW,0,0.00,4590.00,78.36,FALSE,M1_DIRECTION_MISMATCH
2026-09-07 16:12:58.534,1788797578.534,12013,117,356,4414.34,4414.42,8.0,PASS_<=10c,+0.0,FLAT,+0.0,+0.0,4.2,+0.00,0.00,SLOW,4414.34,4414.34,4414.34,4414.34,0.00,0.00,0.0,BULLISH,0.0,4414.34,4414.34,4414.34,4414.34,58,CLEARED_>=20s,1.0,0.0,0.0,0.0,0.0,0.0,0.0,PASS_<20%,0.00,0.0,NO,STANDBY_VEL_LOW,0,0.00,4590.00,78.36,FALSE,M1_DIRECTION_MISMATCH
2026-09-07 16:12:59.035,1788797579.036,12014,118,357,4414.34,4414.42,8.0,PASS_<=10c,+0.0,FLAT,+0.0,+0.0,4.2,+0.00,0.00,SLOW,4414.34,4414.34,4414.34,4414.34,0.00,0.00,0.0,BULLISH,0.0,4414.34,4414.34,4414.34,4414.34,59,CLEARED_>=20s,1.0,0.0,0.0,0.0,0.0,0.0,0.0,PASS_<20%,0.00,0.0,NO,STANDBY_VEL_LOW,0,0.00,4590.00,78.36,FALSE,M1_DIRECTION_MISMATCH
2026-09-07 16:12:59.538,1788797579.538,12015,119,358,4414.34,4414.42,8.0,PASS_<=10c,+0.0,FLAT,+0.0,+0.0,4.2,+0.00,0.00,SLOW,4414.34,4414.34,4414.34,4414.34,0.00,0.00,0.0,BULLISH,0.0,4414.34,4414.34,4414.34,4414.34,59,CLEARED_>=20s,1.0,0.0,0.0,0.0,0.0,0.0,0.0,PASS_<20%,0.00,0.0,NO,STANDBY_VEL_LOW,0,0.00,4590.00,78.36,FALSE,M1_DIRECTION_MISMATCH
2026-09-07 16:13:00.038,1788797580.039,12016,1,359,4414.34,4414.42,8.0,PASS_<=10c,+0.0,FLAT,+0.0,+0.0,4.2,+0.00,0.00,SLOW,4414.34,4414.34,4414.34,4414.34,0.00,0.00,0.0,BULLISH,0.0,4414.34,4414.34,4414.34,4414.34,0,ACTIVE_0s,1.0,0.0,0.0,0.0,0.0,0.0,0.0,PASS_<20%,0.00,0.0,NO,STANDBY_VEL_LOW,0,0.00,4590.00,78.36,FALSE,M1_DIRECTION_MISMATCH|OPENING_SHIELD_ACTIVE_0s
2026-09-07 16:13:00.541,1788797580.541,12017,2,360,4414.34,4414.42,8.0,PASS_<=10c,+0.0,FLAT,+0.0,+0.0,4.2,+0.00,0.00,SLOW,4414.34,4414.34,4414.34,4414.34,0.00,0.00,0.0,BULLISH,0.0,4414.34,4414.34,4414.34,4414.34,0,ACTIVE_0s,1.0,0.0,0.0,0.0,0.0,0.0,0.0,PASS_<20%,0.00,0.0,NO,STANDBY_VEL_LOW,0,0.00,4590.00,78.36,FALSE,M1_DIRECTION_MISMATCH|OPENING_SHIELD_ACTIVE_0s
2026-09-07 16:13:01.043,1788797581.043,12018,3,361,4414.34,4414.42,8.0,PASS_<=10c,+0.0,FLAT,+0.0,+0.0,4.2,+0.00,0.00,SLOW,4414.34,4414.34,4414.34,4414.34,0.00,0.00,0.0,BULLISH,0.0,4414.34,4414.34,4414.34,4414.34,1,ACTIVE_1s,1.0,0.0,0.0,0.0,0.0,0.0,0.0,PASS_<20%,0.00,0.0,NO,STANDBY_VEL_LOW,0,0.00,4590.00,78.36,FALSE,M1_DIRECTION_MISMATCH|OPENING_SHIELD_ACTIVE_1s
2026-09-07 16:13:01.543,1788797581.544,12019,4,362,4414.34,4414.42,8.0,PASS_<=10c,+0.0,FLAT,+0.0,+0.0,4.2,+0.00,0.00,SLOW,4414.34,4414.34,4414.34,4414.34,0.00,0.00,0.0,BULLISH,0.0,4414.34,4414.34,4414.34,4414.34,1,ACTIVE_1s,1.0,0.0,0.0,0.0,0.0,0.0,0.0,PASS_<20%,0.00,0.0,NO,STANDBY_VEL_LOW,0,0.00,4590.00,78.36,FALSE,M1_DIRECTION_MISMATCH|OPENING_SHIELD_ACTIVE_1s
2026-09-07 16:13:07.059,1788797587.060,12020,5,363,4414.34,4414.42,8.0,PASS_<=10c,+0.0,FLAT,+0.0,+34.0,3.7,+0.00,0.00,SLOW,4414.00,4415.79,4413.76,4415.75,0.00,0.00,0.0,BULLISH,203.0,4414.34,4414.34,4414.34,4414.34,7,ACTIVE_7s,1.0,0.0,0.0,0.0,0.0,0.0,0.0,PASS_<20%,0.00,0.0,NO,STANDBY_VEL_LOW,0,0.00,4590.00,78.36,FALSE,M1_DIRECTION_MISMATCH|OPENING_SHIELD_ACTIVE_7s
2026-09-07 16:13:17.289,1788797597.289,12021,6,364,4414.34,4414.42,8.0,PASS_<=10c,+0.0,FLAT,+0.0,+34.0,3.0,+0.00,0.00,SLOW,4414.00,4415.79,4413.76,4415.75,0.00,0.00,0.0,BULLISH,203.0,4414.34,4414.34,4414.34,4414.34,17,ACTIVE_17s,1.0,0.0,0.0,0.0,0.0,0.0,0.0,PASS_<20%,0.00,0.0,NO,STANDBY_VEL_LOW,0,0.00,4590.00,78.36,FALSE,M1_DIRECTION_MISMATCH|OPENING_SHIELD_ACTIVE_17s
2026-09-07 16:13:22.307,1788797602.307,12022,7,365,4414.34,4414.42,8.0,PASS_<=10c,+0.0,FLAT,+0.0,+34.0,2.7,+0.00,0.00,SLOW,4414.00,4415.79,4413.76,4415.75,0.00,0.00,0.0,BULLISH,203.0,4414.34,4414.34,4414.34,4414.34,22,CLEARED_>=20s,1.0,0.0,0.0,0.0,0.0,0.0,0.0,PASS_<20%,0.00,0.0,NO,STANDBY_VEL_LOW,0,0.00,4590.00,78.36,FALSE,M1_DIRECTION_MISMATCH
2026-09-07 16:13:22.809,1788797602.809,12023,8,366,4416.58,4416.66,8.0,PASS_<=10c,+224.0,UP,+224.0,+258.0,4.0,+224.00,56.00,SLOW,4414.00,4415.79,4413.76,4415.75,0.00,0.00,0.0,BULLISH,203.0,4414.34,4416.58,4414.34,4416.58,22,CLEARED_>=20s,224.0,224.0,0.0,0.0,0.0,0.0,0.0,PASS_<20%,4414.49,209.0,YES,STANDBY_VEL_LOW,0,0.00,4590.00,78.36,TRUE,READY_TO_FIRE
2026-09-07 16:13:33.593,1788797613.594,12024,9,367,4416.58,4416.66,8.0,PASS_<=10c,+0.0,FLAT,+224.0,+258.0,2.0,+3.74,1.87,SLOW,4414.00,4415.79,4413.76,4415.75,0.00,0.00,0.0,BULLISH,203.0,4414.34,4416.58,4414.34,4416.58,33,CLEARED_>=20s,224.0,224.0,0.0,0.0,0.0,0.0,0.0,PASS_<20%,4414.49,209.0,YES,STANDBY_VEL_LOW,3,3974.97,615.03,78.36,TRUE,READY_TO_FIRE
2026-09-07 16:13:34.168,1788797614.169,12025,10,368,4416.58,4416.66,8.0,PASS_<=10c,+0.0,FLAT,+224.0,+258.0,4.0,+3.74,0.94,SLOW,4414.00,4415.79,4413.76,4415.75,0.00,0.00,0.0,BULLISH,203.0,4414.34,4416.58,4414.34,4416.58,34,CLEARED_>=20s,224.0,224.0,0.0,0.0,0.0,0.0,0.0,PASS_<20%,4414.49,209.0,YES,STANDBY_VEL_LOW,1,1324.97,3265.03,77.22,TRUE,READY_TO_FIRE
2026-09-07 16:13:34.668,1788797614.669,12026,11,369,4416.58,4416.66,8.0,PASS_<=10c,+0.0,FLAT,+224.0,+258.0,4.5,+3.74,0.83,SLOW,4414.00,4415.79,4413.76,4415.75,0.00,0.00,0.0,BULLISH,203.0,4414.34,4416.58,4414.34,4416.58,34,CLEARED_>=20s,224.0,224.0,0.0,0.0,0.0,0.0,0.0,PASS_<20%,4414.49,209.0,YES,STANDBY_VEL_LOW,1,1324.97,3265.03,77.22,TRUE,READY_TO_FIRE
2026-09-07 16:13:45.050,1788797625.051,12027,12,370,4416.58,4416.66,8.0,PASS_<=10c,+0.0,FLAT,+224.0,+258.0,1.4,+3.74,2.67,SLOW,4414.00,4415.79,4413.76,4415.75,0.00,0.00,0.0,BULLISH,203.0,4414.34,4416.58,4414.34,4416.58,45,CLEARED_>=20s,224.0,224.0,0.0,0.0,0.0,0.0,0.0,PASS_<20%,4414.49,209.0,YES,STANDBY_VEL_LOW,1,1324.97,3265.03,77.22,TRUE,READY_TO_FIRE
2026-09-07 16:13:51.068,1788797631.068,12028,13,371,4416.58,4416.66,8.0,PASS_<=10c,+0.0,FLAT,+224.0,+258.0,2.0,+3.75,1.88,SLOW,4414.00,4415.79,4413.76,4415.75,0.00,0.00,0.0,BULLISH,203.0,4414.34,4416.58,4414.34,4416.58,51,CLEARED_>=20s,224.0,224.0,0.0,0.0,0.0,0.0,0.0,PASS_<20%,4414.49,209.0,YES,STANDBY_VEL_LOW,1,1324.97,3265.03,77.22,TRUE,READY_TO_FIRE
2026-09-07 16:13:51.422,1788797631.423,12029,14,372,4416.58,4416.66,8.0,PASS_<=10c,+0.0,FLAT,+224.0,+258.0,3.2,+3.74,1.17,SLOW,4414.00,4415.79,4413.76,4415.75,0.00,0.00,0.0,BULLISH,203.0,4414.34,4416.58,4414.34,4416.58,51,CLEARED_>=20s,224.0,224.0,0.0,0.0,0.0,0.0,0.0,PASS_<20%,4414.49,209.0,YES,STANDBY_VEL_LOW,1,1324.97,3265.03,77.22,TRUE,READY_TO_FIRE
2026-09-07 16:13:51.924,1788797631.924,12030,15,373,4417.01,4417.09,8.0,PASS_<=10c,+43.0,UP,+267.0,+301.0,3.4,+24.45,7.19,SLOW,4414.00,4415.79,4413.76,4415.75,0.00,0.00,0.0,BULLISH,203.0,4414.34,4417.01,4414.34,4417.01,51,CLEARED_>=20s,267.0,267.0,0.0,0.0,0.0,0.0,0.0,PASS_<20%,4414.49,252.0,YES,STANDBY_VEL_LOW,1,1324.97,3265.03,77.22,TRUE,READY_TO_FIRE
2026-09-07 16:13:52.425,1788797632.426,12031,16,374,4417.01,4417.09,8.0,PASS_<=10c,+0.0,FLAT,+267.0,+301.0,3.5,+19.03,5.44,SLOW,4414.00,4415.79,4413.76,4415.75,0.00,0.00,0.0,BULLISH,203.0,4414.34,4417.01,4414.34,4417.01,52,CLEARED_>=20s,267.0,267.0,0.0,0.0,0.0,0.0,0.0,PASS_<20%,4414.49,252.0,YES,STANDBY_VEL_LOW,0,0.00,4590.00,76.65,TRUE,READY_TO_FIRE
2026-09-07 16:13:52.926,1788797632.926,12032,17,375,4417.13,4417.21,8.0,PASS_<=10c,+12.0,UP,+279.0,+313.0,3.6,+19.92,5.53,SLOW,4414.00,4415.79,4413.76,4415.75,0.00,0.00,0.0,BULLISH,203.0,4414.34,4417.13,4414.34,4417.13,52,CLEARED_>=20s,279.0,279.0,0.0,0.0,0.0,0.0,0.0,PASS_<20%,4414.49,264.0,YES,STANDBY_VEL_LOW,0,0.00,4590.00,76.65,TRUE,READY_TO_FIRE
2026-09-07 16:13:53.429,1788797633.429,12033,18,376,4417.20,4417.28,8.0,PASS_<=10c,+7.0,UP,+286.0,+320.0,3.7,+19.00,5.14,SLOW,4414.00,4415.79,4413.76,4415.75,0.00,0.00,0.0,BULLISH,203.0,4414.34,4417.20,4414.34,4417.20,53,CLEARED_>=20s,286.0,286.0,0.0,0.0,0.0,0.0,0.0,PASS_<20%,4414.49,271.0,YES,STANDBY_VEL_LOW,0,0.00,4590.00,76.65,TRUE,READY_TO_FIRE
2026-09-07 16:13:53.931,1788797633.931,12034,19,377,4417.20,4417.28,8.0,PASS_<=10c,+0.0,FLAT,+286.0,+320.0,3.7,+16.47,4.45,SLOW,4414.00,4415.79,4413.76,4415.75,0.00,0.00,0.0,BULLISH,203.0,4414.34,4417.20,4414.34,4417.20,53,CLEARED_>=20s,286.0,286.0,0.0,0.0,0.0,0.0,0.0,PASS_<20%,4414.49,271.0,YES,STANDBY_VEL_LOW,0,0.00,4590.00,76.65,TRUE,READY_TO_FIRE
2026-09-07 16:13:54.433,1788797634.433,12035,20,378,4417.20,4417.28,8.0,PASS_<=10c,+0.0,FLAT,+286.0,+320.0,3.7,+14.53,3.93,SLOW,4414.00,4415.79,4413.76,4415.75,0.00,0.00,0.0,BULLISH,203.0,4414.34,4417.20,4414.34,4417.20,54,CLEARED_>=20s,286.0,286.0,0.0,0.0,0.0,0.0,0.0,PASS_<20%,4414.49,271.0,YES,STANDBY_VEL_LOW,0,0.00,4590.00,76.65,TRUE,READY_TO_FIRE
2026-09-07 16:13:54.934,1788797634.935,12036,21,379,4417.20,4417.28,8.0,PASS_<=10c,+0.0,FLAT,+286.0,+320.0,3.8,+13.00,3.42,SLOW,4414.00,4415.79,4413.76,4415.75,0.00,0.00,0.0,BULLISH,203.0,4414.34,4417.20,4414.34,4417.20,54,CLEARED_>=20s,286.0,286.0,0.0,0.0,0.0,0.0,0.0,PASS_<20%,4414.49,271.0,YES,STANDBY_VEL_LOW,0,0.00,4590.00,76.65,TRUE,READY_TO_FIRE
2026-09-07 16:13:55.436,1788797635.436,12037,22,380,4417.20,4417.28,8.0,PASS_<=10c,+0.0,FLAT,+286.0,+320.0,4.3,+14.19,3.30,SLOW,4414.00,4415.79,4413.76,4415.75,0.00,0.00,0.0,BULLISH,203.0,4414.34,4417.20,4414.34,4417.20,55,CLEARED_>=20s,286.0,286.0,0.0,0.0,0.0,0.0,0.0,PASS_<20%,4414.49,271.0,YES,STANDBY_VEL_LOW,0,0.00,4590.00,76.65,TRUE,READY_TO_FIRE
2026-09-07 16:13:55.937,1788797635.937,12038,23,381,4417.21,4417.29,8.0,PASS_<=10c,+1.0,UP,+287.0,+321.0,4.3,+12.94,3.01,SLOW,4414.00,4415.79,4413.76,4415.75,0.00,0.00,0.0,BULLISH,203.0,4414.34,4417.21,4414.34,4417.21,55,CLEARED_>=20s,287.0,287.0,0.0,0.0,0.0,0.0,0.0,PASS_<20%,4414.49,272.0,YES,STANDBY_VEL_LOW,0,0.00,4590.00,76.65,TRUE,READY_TO_FIRE
2026-09-07 16:13:56.438,1788797636.438,12039,24,382,4417.21,4417.29,8.0,PASS_<=10c,+0.0,FLAT,+287.0,+321.0,4.2,+4.79,1.14,SLOW,4414.00,4415.79,4413.76,4415.75,0.00,0.00,0.0,BULLISH,203.0,4414.34,4417.21,4414.34,4417.21,56,CLEARED_>=20s,287.0,287.0,0.0,0.0,0.0,0.0,0.0,PASS_<20%,4414.49,272.0,YES,STANDBY_VEL_LOW,0,0.00,4590.00,76.65,TRUE,READY_TO_FIRE
2026-09-07 16:13:58.244,1788797638.244,12040,25,383,4417.20,4417.28,8.0,PASS_<=10c,-1.0,DOWN,+286.0,+320.0,3.1,+4.77,1.54,SLOW,4414.00,4415.79,4413.76,4415.75,0.00,0.00,0.0,BULLISH,203.0,4414.34,4417.21,4414.34,4417.20,58,CLEARED_>=20s,287.0,286.0,1.0,0.0,0.3,0.0,0.3,PASS_<20%,4414.49,271.0,YES,STANDBY_VEL_LOW,1,4417.29,172.71,76.65,TRUE,READY_TO_FIRE
2026-09-07 16:13:58.745,1788797638.745,12041,26,384,4417.20,4417.28,8.0,PASS_<=10c,+0.0,FLAT,+286.0,+320.0,3.1,+4.77,1.54,SLOW,4414.00,4415.79,4413.76,4415.75,0.00,0.00,0.0,BULLISH,203.0,4414.34,4417.21,4414.34,4417.20,58,CLEARED_>=20s,287.0,286.0,1.0,0.0,0.3,0.0,0.3,PASS_<20%,4414.49,271.0,YES,STANDBY_VEL_LOW,1,4417.29,172.71,76.65,TRUE,READY_TO_FIRE
2026-09-07 16:13:59.246,1788797639.247,12042,27,385,4417.21,4417.29,8.0,PASS_<=10c,+1.0,UP,+287.0,+321.0,3.1,+4.79,1.55,SLOW,4414.00,4415.79,4413.76,4415.75,0.00,0.00,0.0,BULLISH,203.0,4414.34,4417.21,4414.34,4417.21,59,CLEARED_>=20s,287.0,287.0,0.0,0.0,0.0,0.0,0.0,PASS_<20%,4414.49,272.0,YES,STANDBY_VEL_LOW,1,4417.29,172.71,76.65,TRUE,READY_TO_FIRE
2026-09-07 16:13:59.748,1788797639.749,12043,28,386,4417.09,4417.17,8.0,PASS_<=10c,-12.0,DOWN,+275.0,+309.0,3.1,+4.59,1.48,SLOW,4414.00,4415.79,4413.76,4415.75,0.00,0.00,0.0,BULLISH,203.0,4414.34,4417.21,4414.34,4417.09,59,CLEARED_>=20s,287.0,275.0,12.0,0.0,4.2,0.0,4.2,PASS_<20%,4414.49,260.0,YES,STANDBY_VEL_LOW,1,4417.29,172.71,76.65,TRUE,READY_TO_FIRE
2026-09-07 16:14:00.250,1788797640.251,12044,1,387,4417.09,4417.17,8.0,PASS_<=10c,+0.0,FLAT,+0.0,+309.0,3.1,+4.59,1.48,SLOW,4414.00,4415.79,4413.76,4415.75,0.00,0.00,0.0,BULLISH,203.0,4417.09,4417.09,4417.09,4417.09,0,ACTIVE_0s,1.0,0.0,0.0,0.0,0.0,0.0,0.0,PASS_<20%,0.00,0.0,NO,STANDBY_VEL_LOW,0,0.00,4590.00,74.75,FALSE,M1_DIRECTION_MISMATCH|OPENING_SHIELD_ACTIVE_0s
2026-09-07 16:14:00.753,1788797640.753,12045,2,388,4417.06,4417.14,8.0,PASS_<=10c,-3.0,DOWN,-3.0,+306.0,3.1,+4.54,1.46,SLOW,4414.00,4415.79,4413.76,4415.75,0.00,0.00,0.0,BULLISH,203.0,4417.09,4417.09,4417.06,4417.06,0,ACTIVE_0s,3.0,3.0,0.0,0.0,0.0,0.0,0.0,PASS_<20%,0.00,0.0,NO,STANDBY_VEL_LOW,0,0.00,4590.00,74.75,FALSE,M1_DIRECTION_MISMATCH|OPENING_SHIELD_ACTIVE_0s
2026-09-07 16:14:01.254,1788797641.254,12046,3,389,4417.06,4417.14,8.0,PASS_<=10c,+0.0,FLAT,-3.0,+306.0,3.1,+4.54,1.46,SLOW,4414.00,4415.79,4413.76,4415.75,0.00,0.00,0.0,BULLISH,203.0,4417.09,4417.09,4417.06,4417.06,1,ACTIVE_1s,3.0,3.0,0.0,0.0,0.0,0.0,0.0,PASS_<20%,0.00,0.0,NO,STANDBY_VEL_LOW,0,0.00,4590.00,74.75,FALSE,M1_DIRECTION_MISMATCH|OPENING_SHIELD_ACTIVE_1s
2026-09-07 16:14:01.755,1788797641.755,12047,4,390,4417.09,4417.17,8.0,PASS_<=10c,+3.0,UP,+0.0,+309.0,4.3,+4.59,1.07,SLOW,4414.00,4415.79,4413.76,4415.75,0.00,0.00,0.0,BULLISH,203.0,4417.09,4417.09,4417.06,4417.09,1,ACTIVE_1s,3.0,0.0,0.0,3.0,0.0,100.0,0.0,PASS_<20%,0.00,0.0,NO,STANDBY_VEL_LOW,0,0.00,4590.00,74.75,FALSE,M1_DIRECTION_MISMATCH|OPENING_SHIELD_ACTIVE_1s
2026-09-07 16:14:02.257,1788797642.257,12048,5,391,4417.16,4417.24,8.0,PASS_<=10c,+7.0,UP,+7.0,+316.0,4.2,+5.11,1.22,SLOW,4414.00,4415.79,4413.76,4415.75,0.00,0.00,0.0,BULLISH,203.0,4417.09,4417.16,4417.06,4417.16,2,ACTIVE_2s,10.0,7.0,0.0,3.0,0.0,30.0,0.0,PASS_<20%,4417.24,8.0,NO,STANDBY_VEL_LOW,0,0.00,4590.00,74.75,FALSE,OPENING_SHIELD_ACTIVE_2s
2026-09-07 16:14:02.758,1788797642.759,12049,6,392,4416.97,4417.05,8.0,PASS_<=10c,-19.0,DOWN,-12.0,+297.0,4.2,+4.83,1.15,SLOW,4414.00,4415.79,4413.76,4415.75,0.00,0.00,0.0,BULLISH,203.0,4417.09,4417.16,4416.97,4416.97,2,ACTIVE_2s,19.0,12.0,7.0,0.0,36.8,0.0,36.8,BLOCKED_36.8%,0.00,0.0,NO,STANDBY_VEL_LOW,0,0.00,4590.00,74.75,FALSE,M1_DIRECTION_MISMATCH|OPENING_SHIELD_ACTIVE_2s
2026-09-07 16:14:03.259,1788797643.260,12050,7,393,4416.96,4417.04,8.0,PASS_<=10c,-1.0,DOWN,-13.0,+296.0,4.2,+5.04,1.20,SLOW,4414.00,4415.79,4413.76,4415.75,0.00,0.00,0.0,BULLISH,203.0,4417.09,4417.16,4416.96,4416.96,3,ACTIVE_3s,20.0,13.0,7.0,0.0,35.0,0.0,35.0,BLOCKED_35.0%,0.00,0.0,NO,STANDBY_VEL_LOW,0,0.00,4590.00,74.75,FALSE,M1_DIRECTION_MISMATCH|OPENING_SHIELD_ACTIVE_3s
2026-09-07 16:14:03.761,1788797643.762,12051,8,394,4416.92,4417.00,8.0,PASS_<=10c,-4.0,DOWN,-17.0,+292.0,4.2,+6.09,1.45,SLOW,4414.00,4415.79,4413.76,4415.75,0.00,0.00,0.0,BULLISH,203.0,4417.09,4417.16,4416.92,4416.92,3,ACTIVE_3s,24.0,17.0,7.0,0.0,29.2,0.0,29.2,BLOCKED_29.2%,0.00,0.0,NO,STANDBY_VEL_LOW,0,0.00,4590.00,74.75,FALSE,M1_DIRECTION_MISMATCH|OPENING_SHIELD_ACTIVE_3s
2026-09-07 16:14:04.269,1788797644.269,12052,9,395,4416.92,4417.00,8.0,PASS_<=10c,+0.0,FLAT,-17.0,+292.0,4.2,+4.51,1.07,SLOW,4414.00,4415.79,4413.76,4415.75,0.00,0.00,0.0,BULLISH,203.0,4417.09,4417.16,4416.92,4416.92,4,ACTIVE_4s,24.0,17.0,7.0,0.0,29.2,0.0,29.2,BLOCKED_29.2%,0.00,0.0,NO,STANDBY_VEL_LOW,0,0.00,4590.00,74.75,FALSE,M1_DIRECTION_MISMATCH|OPENING_SHIELD_ACTIVE_4s
2026-09-07 16:14:04.769,1788797644.769,12053,10,396,4416.92,4417.00,8.0,PASS_<=10c,+0.0,FLAT,-17.0,+292.0,4.2,+4.47,1.06,SLOW,4414.00,4415.79,4413.76,4415.75,0.00,0.00,0.0,BULLISH,203.0,4417.09,4417.16,4416.92,4416.92,4,ACTIVE_4s,24.0,17.0,7.0,0.0,29.2,0.0,29.2,BLOCKED_29.2%,0.00,0.0,NO,STANDBY_VEL_LOW,0,0.00,4590.00,74.75,FALSE,M1_DIRECTION_MISMATCH|OPENING_SHIELD_ACTIVE_4s
2026-09-07 16:14:05.269,1788797645.270,12054,11,397,4416.95,4417.03,8.0,PASS_<=10c,+3.0,UP,-14.0,+295.0,4.2,+4.48,1.07,SLOW,4414.00,4415.79,4413.76,4415.75,0.00,0.00,0.0,BULLISH,203.0,4417.09,4417.16,4416.92,4416.95,5,ACTIVE_5s,24.0,14.0,7.0,3.0,29.2,12.5,29.2,BLOCKED_29.2%,0.00,0.0,NO,STANDBY_VEL_LOW,0,0.00,4590.00,74.75,FALSE,M1_DIRECTION_MISMATCH|OPENING_SHIELD_ACTIVE_5s
2026-09-07 16:14:05.771,1788797645.771,12055,12,398,4416.96,4417.04,8.0,PASS_<=10c,+1.0,UP,-13.0,+296.0,4.2,+4.46,1.06,SLOW,4414.00,4415.79,4413.76,4415.75,0.00,0.00,0.0,BULLISH,203.0,4417.09,4417.16,4416.92,4416.96,5,ACTIVE_5s,24.0,13.0,7.0,4.0,29.2,16.7,29.2,BLOCKED_29.2%,0.00,0.0,NO,STANDBY_VEL_LOW,0,0.00,4590.00,74.75,FALSE,M1_DIRECTION_MISMATCH|OPENING_SHIELD_ACTIVE_5s
2026-09-07 16:14:06.272,1788797646.272,12056,13,399,4416.94,4417.02,8.0,PASS_<=10c,-2.0,DOWN,-15.0,+294.0,4.2,+4.39,1.05,SLOW,4414.00,4415.79,4413.76,4415.75,0.00,0.00,0.0,BULLISH,203.0,4417.09,4417.16,4416.92,4416.94,6,ACTIVE_6s,24.0,15.0,7.0,2.0,29.2,8.3,29.2,BLOCKED_29.2%,0.00,0.0,NO,STANDBY_VEL_LOW,0,0.00,4590.00,74.75,FALSE,M1_DIRECTION_MISMATCH|OPENING_SHIELD_ACTIVE_6s
2026-09-07 16:14:06.774,1788797646.775,12057,14,400,4416.94,4417.02,8.0,PASS_<=10c,+0.0,FLAT,-15.0,+294.0,4.2,+4.35,1.04,SLOW,4414.00,4415.79,4413.76,4415.75,0.00,0.00,0.0,BULLISH,203.0,4417.09,4417.16,4416.92,4416.94,6,ACTIVE_6s,24.0,15.0,7.0,2.0,29.2,8.3,29.2,BLOCKED_29.2%,0.00,0.0,NO,STANDBY_VEL_LOW,0,0.00,4590.00,74.75,FALSE,M1_DIRECTION_MISMATCH|OPENING_SHIELD_ACTIVE_6s
2026-09-07 16:14:07.276,1788797647.276,12058,15,401,4416.93,4417.01,8.0,PASS_<=10c,-1.0,DOWN,-16.0,+293.0,4.2,+4.82,1.15,SLOW,4414.00,4415.79,4413.76,4415.75,0.00,0.00,0.0,BULLISH,203.0,4417.09,4417.16,4416.92,4416.93,7,ACTIVE_7s,24.0,16.0,7.0,1.0,29.2,4.2,29.2,BLOCKED_29.2%,0.00,0.0,NO,STANDBY_VEL_LOW,0,0.00,4590.00,74.75,FALSE,M1_DIRECTION_MISMATCH|OPENING_SHIELD_ACTIVE_7s
2026-09-07 16:14:07.776,1788797647.777,12059,16,402,4416.93,4417.01,8.0,PASS_<=10c,+0.0,FLAT,-16.0,+293.0,4.2,+4.66,1.11,SLOW,4414.00,4415.79,4413.76,4415.75,0.00,0.00,0.0,BULLISH,203.0,4417.09,4417.16,4416.92,4416.93,7,ACTIVE_7s,24.0,16.0,7.0,1.0,29.2,4.2,29.2,BLOCKED_29.2%,0.00,0.0,NO,STANDBY_VEL_LOW,0,0.00,4590.00,74.75,FALSE,M1_DIRECTION_MISMATCH|OPENING_SHIELD_ACTIVE_7s
2026-09-07 16:14:08.277,1788797648.278,12060,17,403,4416.93,4417.01,8.0,PASS_<=10c,+0.0,FLAT,-16.0,+293.0,4.2,+4.62,1.10,SLOW,4414.00,4415.79,4413.76,4415.75,0.00,0.00,0.0,BULLISH,203.0,4417.09,4417.16,4416.92,4416.93,8,ACTIVE_8s,24.0,16.0,7.0,1.0,29.2,4.2,29.2,BLOCKED_29.2%,0.00,0.0,NO,STANDBY_VEL_LOW,0,0.00,4590.00,74.75,FALSE,M1_DIRECTION_MISMATCH|OPENING_SHIELD_ACTIVE_8s
2026-09-07 16:14:08.780,1788797648.780,12061,18,404,4416.93,4417.01,8.0,PASS_<=10c,+0.0,FLAT,-16.0,+293.0,4.2,+4.58,1.09,SLOW,4414.00,4415.79,4413.76,4415.75,0.00,0.00,0.0,BULLISH,203.0,4417.09,4417.16,4416.92,4416.93,8,ACTIVE_8s,24.0,16.0,7.0,1.0,29.2,4.2,29.2,BLOCKED_29.2%,0.00,0.0,NO,STANDBY_VEL_LOW,0,0.00,4590.00,74.75,FALSE,M1_DIRECTION_MISMATCH|OPENING_SHIELD_ACTIVE_8s
2026-09-07 16:14:09.280,1788797649.280,12062,19,405,4416.94,4417.02,8.0,PASS_<=10c,+1.0,UP,-15.0,+294.0,4.2,+4.55,1.08,SLOW,4414.00,4415.79,4413.76,4415.75,0.00,0.00,0.0,BULLISH,203.0,4417.09,4417.16,4416.92,4416.94,9,ACTIVE_9s,24.0,15.0,7.0,2.0,29.2,8.3,29.2,BLOCKED_29.2%,0.00,0.0,NO,STANDBY_VEL_LOW,0,0.00,4590.00,74.75,FALSE,M1_DIRECTION_MISMATCH|OPENING_SHIELD_ACTIVE_9s
2026-09-07 16:14:09.781,1788797649.782,12063,20,406,4416.94,4417.02,8.0,PASS_<=10c,+0.0,FLAT,-15.0,+294.0,4.2,+4.51,1.07,SLOW,4414.00,4415.79,4413.76,4415.75,0.00,0.00,0.0,BULLISH,203.0,4417.09,4417.16,4416.92,4416.94,9,ACTIVE_9s,24.0,15.0,7.0,2.0,29.2,8.3,29.2,BLOCKED_29.2%,0.00,0.0,NO,STANDBY_VEL_LOW,0,0.00,4590.00,74.75,FALSE,M1_DIRECTION_MISMATCH|OPENING_SHIELD_ACTIVE_9s
2026-09-07 16:14:10.283,1788797650.284,12064,21,407,4416.95,4417.03,8.0,PASS_<=10c,+1.0,UP,-14.0,+295.0,4.2,+4.49,1.07,SLOW,4414.00,4415.79,4413.76,4415.75,0.00,0.00,0.0,BULLISH,203.0,4417.09,4417.16,4416.92,4416.95,10,ACTIVE_10s,24.0,14.0,7.0,3.0,29.2,12.5,29.2,BLOCKED_29.2%,0.00,0.0,NO,STANDBY_VEL_LOW,0,0.00,4590.00,74.75,FALSE,M1_DIRECTION_MISMATCH|OPENING_SHIELD_ACTIVE_10s
2026-09-07 16:14:10.784,1788797650.785,12065,22,408,4416.94,4417.02,8.0,PASS_<=10c,-1.0,DOWN,-15.0,+294.0,4.2,+4.44,1.06,SLOW,4414.00,4415.79,4413.76,4415.75,0.00,0.00,0.0,BULLISH,203.0,4417.09,4417.16,4416.92,4416.94,10,ACTIVE_10s,24.0,15.0,7.0,2.0,29.2,8.3,29.2,BLOCKED_29.2%,0.00,0.0,NO,STANDBY_VEL_LOW,0,0.00,4590.00,74.75,FALSE,M1_DIRECTION_MISMATCH|OPENING_SHIELD_ACTIVE_10s
2026-09-07 16:14:11.290,1788797651.291,12066,23,409,4416.98,4417.06,8.0,PASS_<=10c,+4.0,UP,-11.0,+298.0,4.2,+4.47,1.06,SLOW,4414.00,4415.79,4413.76,4415.75,0.00,0.00,0.0,BULLISH,203.0,4417.09,4417.16,4416.92,4416.98,11,ACTIVE_11s,24.0,11.0,7.0,6.0,29.2,25.0,29.2,BLOCKED_29.2%,0.00,0.0,NO,STANDBY_VEL_LOW,0,0.00,4590.00,74.75,FALSE,M1_DIRECTION_MISMATCH|OPENING_SHIELD_ACTIVE_11s
2026-09-07 16:14:11.789,1788797651.789,12067,24,410,4417.06,4417.14,8.0,PASS_<=10c,+8.0,UP,-3.0,+306.0,4.2,+4.56,1.09,SLOW,4414.00,4415.79,4413.76,4415.75,0.00,0.00,0.0,BULLISH,203.0,4417.09,4417.16,4416.92,4417.06,11,ACTIVE_11s,24.0,3.0,7.0,14.0,29.2,58.3,29.2,BLOCKED_29.2%,0.00,0.0,NO,STANDBY_VEL_LOW,0,0.00,4590.00,74.75,FALSE,M1_DIRECTION_MISMATCH|OPENING_SHIELD_ACTIVE_11s
2026-09-07 16:14:12.290,1788797652.291,12068,25,411,4417.06,4417.14,8.0,PASS_<=10c,+0.0,FLAT,-3.0,+306.0,4.2,+4.95,1.18,SLOW,4414.00,4415.79,4413.76,4415.75,0.00,0.00,0.0,BULLISH,203.0,4417.09,4417.16,4416.92,4417.06,12,ACTIVE_12s,24.0,3.0,7.0,14.0,29.2,58.3,29.2,BLOCKED_29.2%,0.00,0.0,NO,STANDBY_VEL_LOW,0,0.00,4590.00,74.75,FALSE,M1_DIRECTION_MISMATCH|OPENING_SHIELD_ACTIVE_12s
2026-09-07 16:14:12.792,1788797652.792,12069,26,412,4417.16,4417.24,8.0,PASS_<=10c,+10.0,UP,+7.0,+316.0,4.2,+5.08,1.21,SLOW,4414.00,4415.79,4413.76,4415.75,0.00,0.00,0.0,BULLISH,203.0,4417.09,4417.16,4416.92,4417.16,12,ACTIVE_12s,24.0,7.0,0.0,17.0,0.0,70.8,0.0,PASS_<20%,4417.24,8.0,NO,STANDBY_VEL_LOW,0,0.00,4590.00,74.75,FALSE,OPENING_SHIELD_ACTIVE_12s
2026-09-07 16:14:13.294,1788797653.294,12070,27,413,4417.14,4417.22,8.0,PASS_<=10c,-2.0,DOWN,+5.0,+314.0,4.2,+5.00,1.19,SLOW,4414.00,4415.79,4413.76,4415.75,0.00,0.00,0.0,BULLISH,203.0,4417.09,4417.17,4416.92,4417.14,13,ACTIVE_13s,25.0,5.0,3.0,17.0,12.0,68.0,12.0,PASS_<20%,4417.24,10.0,NO,STANDBY_VEL_LOW,0,0.00,4590.00,74.75,FALSE,OPENING_SHIELD_ACTIVE_13s|PRICE_BELOW_15C_DISPLACEMENT
2026-09-07 16:14:13.795,1788797653.796,12071,28,414,4417.13,4417.21,8.0,PASS_<=10c,-1.0,DOWN,+4.0,+313.0,4.2,+4.94,1.18,SLOW,4414.00,4415.79,4413.76,4415.75,0.00,0.00,0.0,BULLISH,203.0,4417.09,4417.17,4416.92,4417.13,13,ACTIVE_13s,25.0,4.0,4.0,17.0,16.0,68.0,16.0,PASS_<20%,4417.24,11.0,NO,STANDBY_VEL_LOW,0,0.00,4590.00,74.75,FALSE,OPENING_SHIELD_ACTIVE_13s|PRICE_BELOW_15C_DISPLACEMENT
2026-09-07 16:14:14.298,1788797654.299,12072,29,415,4417.11,4417.19,8.0,PASS_<=10c,-2.0,DOWN,+2.0,+311.0,4.2,+4.86,1.16,SLOW,4414.00,4415.79,4413.76,4415.75,0.00,0.00,0.0,BULLISH,203.0,4417.09,4417.17,4416.92,4417.11,14,ACTIVE_14s,25.0,2.0,6.0,17.0,24.0,68.0,24.0,BLOCKED_24.0%,4417.24,13.0,NO,STANDBY_VEL_LOW,0,0.00,4590.00,74.75,FALSE,OPP_WICK_TOO_HIGH_0.24|OPENING_SHIELD_ACTIVE_14s|PRICE_BELOW_15C_DISPLACEMENT
2026-09-07 16:14:14.799,1788797654.800,12073,30,416,4417.00,4417.08,8.0,PASS_<=10c,-11.0,DOWN,-9.0,+300.0,4.2,+4.63,1.10,SLOW,4414.00,4415.79,4413.76,4415.75,0.00,0.00,0.0,BULLISH,203.0,4417.09,4417.17,4416.92,4417.00,14,ACTIVE_14s,25.0,9.0,8.0,8.0,32.0,32.0,32.0,BLOCKED_32.0%,0.00,0.0,NO,STANDBY_VEL_LOW,0,0.00,4590.00,74.75,FALSE,M1_DIRECTION_MISMATCH|OPENING_SHIELD_ACTIVE_14s
2026-09-07 16:14:15.301,1788797655.302,12074,31,417,4416.99,4417.07,8.0,PASS_<=10c,-1.0,DOWN,-10.0,+299.0,4.2,+4.57,1.09,SLOW,4414.00,4415.79,4413.76,4415.75,0.00,0.00,0.0,BULLISH,203.0,4417.09,4417.17,4416.92,4416.99,15,ACTIVE_15s,25.0,10.0,8.0,7.0,32.0,28.0,32.0,BLOCKED_32.0%,0.00,0.0,NO,STANDBY_VEL_LOW,0,0.00,4590.00,74.75,FALSE,M1_DIRECTION_MISMATCH|OPENING_SHIELD_ACTIVE_15s
2026-09-07 16:14:15.803,1788797655.803,12075,32,418,4416.92,4417.00,8.0,PASS_<=10c,-7.0,DOWN,-17.0,+292.0,4.2,+4.41,1.05,SLOW,4414.00,4415.79,4413.76,4415.75,0.00,0.00,0.0,BULLISH,203.0,4417.09,4417.17,4416.92,4416.92,15,ACTIVE_15s,25.0,17.0,8.0,0.0,32.0,0.0,32.0,BLOCKED_32.0%,0.00,0.0,NO,STANDBY_VEL_LOW,0,0.00,4590.00,74.75,FALSE,M1_DIRECTION_MISMATCH|OPENING_SHIELD_ACTIVE_15s
2026-09-07 16:14:16.304,1788797656.304,12076,33,419,4416.90,4416.98,8.0,PASS_<=10c,-2.0,DOWN,-19.0,+290.0,4.2,+4.34,1.03,SLOW,4414.00,4415.79,4413.76,4415.75,0.00,0.00,0.0,BULLISH,203.0,4417.09,4417.17,4416.90,4416.90,16,ACTIVE_16s,27.0,19.0,8.0,0.0,29.6,0.0,29.6,BLOCKED_29.6%,0.00,0.0,NO,STANDBY_VEL_LOW,0,0.00,4590.00,74.75,FALSE,M1_DIRECTION_MISMATCH|OPENING_SHIELD_ACTIVE_16s
2026-09-07 16:14:16.806,1788797656.807,12077,34,420,4416.89,4416.97,8.0,PASS_<=10c,-1.0,DOWN,-20.0,+289.0,4.2,+4.28,1.02,SLOW,4414.00,4415.79,4413.76,4415.75,0.00,0.00,0.0,BULLISH,203.0,4417.09,4417.17,4416.89,4416.89,16,ACTIVE_16s,28.0,20.0,8.0,0.0,28.6,0.0,28.6,BLOCKED_28.6%,0.00,0.0,NO,STANDBY_VEL_LOW,0,0.00,4590.00,74.75,FALSE,M1_DIRECTION_MISMATCH|OPENING_SHIELD_ACTIVE_16s
2026-09-07 16:14:17.307,1788797657.307,12078,35,421,4416.90,4416.98,8.0,PASS_<=10c,+1.0,UP,-19.0,+290.0,4.2,+5.25,1.25,SLOW,4414.00,4415.79,4413.76,4415.75,0.00,0.00,0.0,BULLISH,203.0,4417.09,4417.17,4416.89,4416.90,17,ACTIVE_17s,28.0,19.0,8.0,1.0,28.6,3.6,28.6,BLOCKED_28.6%,0.00,0.0,NO,STANDBY_VEL_LOW,0,0.00,4590.00,74.75,FALSE,M1_DIRECTION_MISMATCH|OPENING_SHIELD_ACTIVE_17s
2026-09-07 16:14:17.809,1788797657.809,12079,36,422,4416.90,4416.98,8.0,PASS_<=10c,+0.0,FLAT,-19.0,+290.0,4.2,+5.67,1.35,SLOW,4414.00,4415.79,4413.76,4415.75,0.00,0.00,0.0,BULLISH,203.0,4417.09,4417.17,4416.89,4416.90,17,ACTIVE_17s,28.0,19.0,8.0,1.0,28.6,3.6,28.6,BLOCKED_28.6%,0.00,0.0,NO,STANDBY_VEL_LOW,0,0.00,4590.00,74.75,FALSE,M1_DIRECTION_MISMATCH|OPENING_SHIELD_ACTIVE_17s
2026-09-07 16:14:18.310,1788797658.311,12080,37,423,4416.45,4416.53,8.0,PASS_<=10c,-45.0,DOWN,-64.0,+245.0,4.2,+14.27,3.40,SLOW,4414.00,4415.79,4413.76,4415.75,0.00,0.00,0.0,BULLISH,203.0,4417.09,4417.17,4416.36,4416.45,18,ACTIVE_18s,81.0,64.0,8.0,9.0,9.9,11.1,9.9,PASS_<20%,0.00,0.0,NO,STANDBY_VEL_LOW,0,0.00,4590.00,74.75,FALSE,M1_DIRECTION_MISMATCH|OPENING_SHIELD_ACTIVE_18s
2026-09-07 16:14:18.811,1788797658.812,12081,38,424,4416.30,4416.38,8.0,PASS_<=10c,-15.0,DOWN,-79.0,+230.0,4.2,+17.42,4.15,SLOW,4414.00,4415.79,4413.76,4415.75,0.00,0.00,0.0,BULLISH,203.0,4417.09,4417.17,4416.30,4416.30,18,ACTIVE_18s,87.0,79.0,8.0,0.0,9.2,0.0,9.2,PASS_<20%,0.00,0.0,NO,STANDBY_VEL_LOW,0,0.00,4590.00,74.75,FALSE,M1_DIRECTION_MISMATCH|OPENING_SHIELD_ACTIVE_18s
2026-09-07 16:14:19.313,1788797659.313,12082,39,425,4416.29,4416.37,8.0,PASS_<=10c,-1.0,DOWN,-80.0,+229.0,4.2,+17.22,4.10,SLOW,4414.00,4415.79,4413.76,4415.75,0.00,0.00,0.0,BULLISH,203.0,4417.09,4417.17,4416.29,4416.29,19,ACTIVE_19s,88.0,80.0,8.0,0.0,9.1,0.0,9.1,PASS_<20%,0.00,0.0,NO,STANDBY_VEL_LOW,0,0.00,4590.00,74.75,FALSE,M1_DIRECTION_MISMATCH|OPENING_SHIELD_ACTIVE_19s
2026-09-07 16:14:19.813,1788797659.814,12083,40,426,4415.67,4415.75,8.0,PASS_<=10c,-62.0,DOWN,-142.0,+167.0,4.2,+27.72,6.60,SLOW,4414.00,4415.79,4413.76,4415.75,0.00,0.00,0.0,BULLISH,203.0,4417.09,4417.17,4415.67,4415.67,19,ACTIVE_19s,150.0,142.0,8.0,0.0,5.3,0.0,5.3,PASS_<20%,0.00,0.0,NO,STANDBY_VEL_LOW,0,0.00,4590.00,74.75,FALSE,M1_DIRECTION_MISMATCH|OPENING_SHIELD_ACTIVE_19s
2026-09-07 16:14:20.315,1788797660.315,12084,41,427,4415.67,4415.75,8.0,PASS_<=10c,+0.0,FLAT,-142.0,+167.0,4.2,+26.67,6.35,SLOW,4414.00,4415.79,4413.76,4415.75,0.00,0.00,0.0,BULLISH,203.0,4417.09,4417.17,4415.67,4415.67,20,CLEARED_>=20s,150.0,142.0,8.0,0.0,5.3,0.0,5.3,PASS_<20%,0.00,0.0,NO,STANDBY_VEL_LOW,0,0.00,4590.00,74.75,FALSE,M1_DIRECTION_MISMATCH
2026-09-07 16:14:20.825,1788797660.825,12085,42,428,4415.66,4415.74,8.0,PASS_<=10c,-1.0,DOWN,-143.0,+166.0,4.2,+26.43,6.29,SLOW,4414.00,4415.79,4413.76,4415.75,0.00,0.00,0.0,BULLISH,203.0,4417.09,4417.17,4415.66,4415.66,20,CLEARED_>=20s,151.0,143.0,8.0,0.0,5.3,0.0,5.3,PASS_<20%,0.00,0.0,NO,STANDBY_VEL_LOW,0,0.00,4590.00,74.75,FALSE,M1_DIRECTION_MISMATCH
2026-09-07 16:14:21.332,1788797661.332,12086,43,429,4415.62,4415.70,8.0,PASS_<=10c,-4.0,DOWN,-147.0,+162.0,4.2,+26.80,6.38,SLOW,4414.00,4415.79,4413.76,4415.75,0.00,0.00,0.0,BULLISH,203.0,4417.09,4417.17,4415.62,4415.62,21,CLEARED_>=20s,155.0,147.0,8.0,0.0,5.2,0.0,5.2,PASS_<20%,0.00,0.0,NO,STANDBY_VEL_LOW,0,0.00,4590.00,74.75,FALSE,M1_DIRECTION_MISMATCH
2026-09-07 16:14:21.844,1788797661.845,12087,44,430,4415.69,4415.77,8.0,PASS_<=10c,+7.0,UP,-140.0,+169.0,4.2,+25.07,5.97,SLOW,4414.00,4415.79,4413.76,4415.75,0.00,0.00,0.0,BULLISH,203.0,4417.09,4417.17,4415.61,4415.69,21,CLEARED_>=20s,156.0,140.0,8.0,8.0,5.1,5.1,5.1,PASS_<20%,0.00,0.0,NO,STANDBY_VEL_LOW,0,0.00,4590.00,74.75,FALSE,M1_DIRECTION_MISMATCH
2026-09-07 16:14:22.350,1788797662.350,12088,45,431,4415.97,4416.05,8.0,PASS_<=10c,+28.0,UP,-112.0,+197.0,4.2,+19.41,4.62,SLOW,4414.00,4415.79,4413.76,4415.75,0.00,0.00,0.0,BULLISH,203.0,4417.09,4417.17,4415.61,4415.97,22,CLEARED_>=20s,156.0,112.0,8.0,36.0,5.1,23.1,5.1,PASS_<20%,0.00,0.0,NO,STANDBY_VEL_LOW,0,0.00,4590.00,74.75,FALSE,M1_DIRECTION_MISMATCH
2026-09-07 16:14:22.852,1788797662.853,12089,46,432,4415.96,4416.04,8.0,PASS_<=10c,-1.0,DOWN,-113.0,+196.0,4.2,+8.35,1.99,SLOW,4414.00,4415.79,4413.76,4415.75,0.00,0.00,0.0,BULLISH,203.0,4417.09,4417.17,4415.61,4415.96,22,CLEARED_>=20s,156.0,113.0,8.0,35.0,5.1,22.4,5.1,PASS_<20%,0.00,0.0,NO,STANDBY_VEL_LOW,0,0.00,4590.00,74.75,FALSE,M1_DIRECTION_MISMATCH
2026-09-07 16:14:23.353,1788797663.354,12090,47,433,4415.91,4415.99,8.0,PASS_<=10c,-5.0,DOWN,-118.0,+191.0,4.2,+8.97,2.14,SLOW,4414.00,4415.79,4413.76,4415.75,0.00,0.00,0.0,BULLISH,203.0,4417.09,4417.17,4415.61,4415.91,23,CLEARED_>=20s,156.0,118.0,8.0,30.0,5.1,19.2,5.1,PASS_<20%,0.00,0.0,NO,STANDBY_VEL_LOW,0,0.00,4590.00,74.75,FALSE,M1_DIRECTION_MISMATCH
2026-09-07 16:14:23.854,1788797663.855,12091,48,434,4415.86,4415.94,8.0,PASS_<=10c,-5.0,DOWN,-123.0,+186.0,4.2,+8.97,2.14,SLOW,4414.00,4415.79,4413.76,4415.75,0.00,0.00,0.0,BULLISH,203.0,4417.09,4417.17,4415.61,4415.86,23,CLEARED_>=20s,156.0,123.0,8.0,25.0,5.1,16.0,5.1,PASS_<20%,0.00,0.0,NO,STANDBY_VEL_LOW,0,0.00,4590.00,74.75,FALSE,M1_DIRECTION_MISMATCH
2026-09-07 16:14:24.355,1788797664.355,12092,49,435,4415.98,4416.06,8.0,PASS_<=10c,+12.0,UP,-111.0,+198.0,4.2,+5.43,1.29,SLOW,4414.00,4415.79,4413.76,4415.75,0.00,0.00,0.0,BULLISH,203.0,4417.09,4417.17,4415.61,4415.98,24,CLEARED_>=20s,156.0,111.0,8.0,37.0,5.1,23.7,5.1,PASS_<20%,0.00,0.0,NO,STANDBY_VEL_LOW,0,0.00,4590.00,74.75,FALSE,M1_DIRECTION_MISMATCH
2026-09-07 16:14:24.856,1788797664.856,12093,50,436,4415.98,4416.06,8.0,PASS_<=10c,+0.0,FLAT,-111.0,+198.0,4.2,+6.05,1.44,SLOW,4414.00,4415.79,4413.76,4415.75,0.00,0.00,0.0,BULLISH,203.0,4417.09,4417.17,4415.61,4415.98,24,CLEARED_>=20s,156.0,111.0,8.0,37.0,5.1,23.7,5.1,PASS_<20%,0.00,0.0,NO,STANDBY_VEL_LOW,0,0.00,4590.00,74.75,FALSE,M1_DIRECTION_MISMATCH
2026-09-07 16:14:25.358,1788797665.358,12094,51,437,4416.00,4416.08,8.0,PASS_<=10c,+2.0,UP,-109.0,+200.0,4.2,+7.09,1.69,SLOW,4414.00,4415.79,4413.76,4415.75,0.00,0.00,0.0,BULLISH,203.0,4417.09,4417.17,4415.61,4416.00,25,CLEARED_>=20s,156.0,109.0,8.0,39.0,5.1,25.0,5.1,PASS_<20%,0.00,0.0,NO,STANDBY_VEL_LOW,0,0.00,4590.00,74.75,FALSE,M1_DIRECTION_MISMATCH
2026-09-07 16:14:25.858,1788797665.859,12095,52,438,4416.00,4416.08,8.0,PASS_<=10c,+0.0,FLAT,-109.0,+200.0,4.2,+7.95,1.89,SLOW,4414.00,4415.79,4413.76,4415.75,0.00,0.00,0.0,BULLISH,203.0,4417.09,4417.17,4415.61,4416.00,25,CLEARED_>=20s,156.0,109.0,8.0,39.0,5.1,25.0,5.1,PASS_<20%,0.00,0.0,NO,STANDBY_VEL_LOW,0,0.00,4590.00,74.75,FALSE,M1_DIRECTION_MISMATCH
2026-09-07 16:14:26.360,1788797666.361,12096,53,439,4416.22,4416.30,8.0,PASS_<=10c,+22.0,UP,-87.0,+222.0,4.2,+12.80,3.05,SLOW,4414.00,4415.79,4413.76,4415.75,0.00,0.00,0.0,BULLISH,203.0,4417.09,4417.17,4415.61,4416.22,26,CLEARED_>=20s,156.0,87.0,8.0,61.0,5.1,39.1,5.1,PASS_<20%,0.00,0.0,NO,STANDBY_VEL_LOW,0,0.00,4590.00,74.75,FALSE,M1_DIRECTION_MISMATCH
2026-09-07 16:14:26.861,1788797666.862,12097,54,440,4416.24,4416.32,8.0,PASS_<=10c,+2.0,UP,-85.0,+224.0,4.2,+5.25,1.25,SLOW,4414.00,4415.79,4413.76,4415.75,0.00,0.00,0.0,BULLISH,203.0,4417.09,4417.17,4415.61,4416.24,26,CLEARED_>=20s,156.0,85.0,8.0,63.0,5.1,40.4,5.1,PASS_<20%,0.00,0.0,NO,STANDBY_VEL_LOW,0,0.00,4590.00,74.75,FALSE,M1_DIRECTION_MISMATCH
2026-09-07 16:14:27.363,1788797667.363,12098,55,441,4416.24,4416.32,8.0,PASS_<=10c,+0.0,FLAT,-85.0,+224.0,4.2,+5.88,1.40,SLOW,4414.00,4415.79,4413.76,4415.75,0.00,0.00,0.0,BULLISH,203.0,4417.09,4417.17,4415.61,4416.24,27,CLEARED_>=20s,156.0,85.0,8.0,63.0,5.1,40.4,5.1,PASS_<20%,0.00,0.0,NO,STANDBY_VEL_LOW,0,0.00,4590.00,74.75,FALSE,M1_DIRECTION_MISMATCH
2026-09-07 16:14:27.863,1788797667.863,12099,56,442,4416.23,4416.31,8.0,PASS_<=10c,-1.0,DOWN,-86.0,+223.0,4.2,+6.72,1.60,SLOW,4414.00,4415.79,4413.76,4415.75,0.00,0.00,0.0,BULLISH,203.0,4417.09,4417.17,4415.61,4416.23,27,CLEARED_>=20s,156.0,86.0,8.0,62.0,5.1,39.7,5.1,PASS_<20%,0.00,0.0,NO,STANDBY_VEL_LOW,0,0.00,4590.00,74.75,FALSE,M1_DIRECTION_MISMATCH
2026-09-07 16:14:28.365,1788797668.366,12100,57,443,4416.20,4416.28,8.0,PASS_<=10c,-3.0,DOWN,-89.0,+220.0,4.2,+6.09,1.45,SLOW,4414.00,4415.79,4413.76,4415.75,0.00,0.00,0.0,BULLISH,203.0,4417.09,4417.17,4415.61,4416.20,28,CLEARED_>=20s,156.0,89.0,8.0,59.0,5.1,37.8,5.1,PASS_<20%,0.00,0.0,NO,STANDBY_VEL_LOW,0,0.00,4590.00,74.75,FALSE,M1_DIRECTION_MISMATCH
2026-09-07 16:14:28.867,1788797668.868,12101,58,444,4416.20,4416.28,8.0,PASS_<=10c,+0.0,FLAT,-89.0,+220.0,4.2,+5.04,1.20,SLOW,4414.00,4415.79,4413.76,4415.75,0.00,0.00,0.0,BULLISH,203.0,4417.09,4417.17,4415.61,4416.20,28,CLEARED_>=20s,156.0,89.0,8.0,59.0,5.1,37.8,5.1,PASS_<20%,0.00,0.0,NO,STANDBY_VEL_LOW,0,0.00,4590.00,74.75,FALSE,M1_DIRECTION_MISMATCH
2026-09-07 16:14:29.369,1788797669.370,12102,59,445,4415.94,4416.02,8.0,PASS_<=10c,-26.0,DOWN,-115.0,+194.0,4.2,+0.84,0.20,SLOW,4414.00,4415.79,4413.76,4415.75,0.00,0.00,0.0,BULLISH,203.0,4417.09,4417.17,4415.61,4415.94,29,CLEARED_>=20s,156.0,115.0,8.0,33.0,5.1,21.2,5.1,PASS_<20%,0.00,0.0,NO,STANDBY_VEL_LOW,0,0.00,4590.00,74.75,FALSE,M1_DIRECTION_MISMATCH
2026-09-07 16:14:29.870,1788797669.871,12103,60,446,4415.90,4415.98,8.0,PASS_<=10c,-4.0,DOWN,-119.0,+190.0,4.2,+1.68,0.40,SLOW,4414.00,4415.79,4413.76,4415.75,0.00,0.00,0.0,BULLISH,203.0,4417.09,4417.17,4415.61,4415.90,29,CLEARED_>=20s,156.0,119.0,8.0,29.0,5.1,18.6,5.1,PASS_<20%,0.00,0.0,NO,STANDBY_VEL_LOW,0,0.00,4590.00,74.75,FALSE,M1_DIRECTION_MISMATCH
2026-09-07 16:14:30.373,1788797670.374,12104,61,447,4415.86,4415.94,8.0,PASS_<=10c,-4.0,DOWN,-123.0,+186.0,4.2,+2.94,0.70,SLOW,4414.00,4415.79,4413.76,4415.75,0.00,0.00,0.0,BULLISH,203.0,4417.09,4417.17,4415.61,4415.86,30,CLEARED_>=20s,156.0,123.0,8.0,25.0,5.1,16.0,5.1,PASS_<20%,0.00,0.0,NO,STANDBY_VEL_LOW,0,0.00,4590.00,74.75,FALSE,M1_DIRECTION_MISMATCH
2026-09-07 16:14:30.876,1788797670.876,12105,62,448,4415.86,4415.94,8.0,PASS_<=10c,+0.0,FLAT,-123.0,+186.0,4.2,+2.94,0.70,SLOW,4414.00,4415.79,4413.76,4415.75,0.00,0.00,0.0,BULLISH,203.0,4417.09,4417.17,4415.61,4415.86,30,CLEARED_>=20s,156.0,123.0,8.0,25.0,5.1,16.0,5.1,PASS_<20%,0.00,0.0,NO,STANDBY_VEL_LOW,0,0.00,4590.00,74.75,FALSE,M1_DIRECTION_MISMATCH
2026-09-07 16:14:31.377,1788797671.378,12106,63,449,4415.85,4415.93,8.0,PASS_<=10c,-1.0,DOWN,-124.0,+185.0,4.2,+7.76,1.85,SLOW,4414.00,4415.79,4413.76,4415.75,0.00,0.00,0.0,BULLISH,203.0,4417.09,4417.17,4415.61,4415.85,31,CLEARED_>=20s,156.0,124.0,8.0,24.0,5.1,15.4,5.1,PASS_<20%,0.00,0.0,NO,STANDBY_VEL_LOW,0,0.00,4590.00,74.75,FALSE,M1_DIRECTION_MISMATCH
2026-09-07 16:14:31.879,1788797671.879,12107,64,450,4415.85,4415.93,8.0,PASS_<=10c,+0.0,FLAT,-124.0,+185.0,4.2,+7.97,1.90,SLOW,4414.00,4415.79,4413.76,4415.75,0.00,0.00,0.0,BULLISH,203.0,4417.09,4417.17,4415.61,4415.85,31,CLEARED_>=20s,156.0,124.0,8.0,24.0,5.1,15.4,5.1,PASS_<20%,0.00,0.0,NO,STANDBY_VEL_LOW,0,0.00,4590.00,74.75,FALSE,M1_DIRECTION_MISMATCH
2026-09-07 16:14:32.380,1788797672.380,12108,65,451,4415.85,4415.93,8.0,PASS_<=10c,+0.0,FLAT,-124.0,+185.0,4.2,+8.18,1.95,SLOW,4414.00,4415.79,4413.76,4415.75,0.00,0.00,0.0,BULLISH,203.0,4417.09,4417.17,4415.61,4415.85,32,CLEARED_>=20s,156.0,124.0,8.0,24.0,5.1,15.4,5.1,PASS_<20%,0.00,0.0,NO,STANDBY_VEL_LOW,0,0.00,4590.00,74.75,FALSE,M1_DIRECTION_MISMATCH
2026-09-07 16:14:32.881,1788797672.881,12109,66,452,4415.91,4415.99,8.0,PASS_<=10c,+6.0,UP,-118.0,+191.0,4.2,+6.08,1.45,SLOW,4414.00,4415.79,4413.76,4415.75,0.00,0.00,0.0,BULLISH,203.0,4417.09,4417.17,4415.61,4415.91,32,CLEARED_>=20s,156.0,118.0,8.0,30.0,5.1,19.2,5.1,PASS_<20%,0.00,0.0,NO,STANDBY_VEL_LOW,0,0.00,4590.00,74.75,FALSE,M1_DIRECTION_MISMATCH
2026-09-07 16:14:33.382,1788797673.383,12110,67,453,4415.96,4416.04,8.0,PASS_<=10c,+5.0,UP,-113.0,+196.0,4.2,+5.04,1.20,SLOW,4414.00,4415.79,4413.76,4415.75,0.00,0.00,0.0,BULLISH,203.0,4417.09,4417.17,4415.61,4415.96,33,CLEARED_>=20s,156.0,113.0,8.0,35.0,5.1,22.4,5.1,PASS_<20%,0.00,0.0,NO,STANDBY_VEL_LOW,0,0.00,4590.00,74.75,FALSE,M1_DIRECTION_MISMATCH
2026-09-07 16:14:33.884,1788797673.885,12111,68,454,4415.96,4416.04,8.0,PASS_<=10c,+0.0,FLAT,-113.0,+196.0,4.2,+0.84,0.20,SLOW,4414.00,4415.79,4413.76,4415.75,0.00,0.00,0.0,BULLISH,203.0,4417.09,4417.17,4415.61,4415.96,33,CLEARED_>=20s,156.0,113.0,8.0,35.0,5.1,22.4,5.1,PASS_<20%,0.00,0.0,NO,STANDBY_VEL_LOW,0,0.00,4590.00,74.75,FALSE,M1_DIRECTION_MISMATCH
2026-09-07 16:14:34.385,1788797674.386,12112,69,455,4415.98,4416.06,8.0,PASS_<=10c,+2.0,UP,-111.0,+198.0,4.2,+1.68,0.40,SLOW,4414.00,4415.79,4413.76,4415.75,0.00,0.00,0.0,BULLISH,203.0,4417.09,4417.17,4415.61,4415.98,34,CLEARED_>=20s,156.0,111.0,8.0,37.0,5.1,23.7,5.1,PASS_<20%,0.00,0.0,NO,STANDBY_VEL_LOW,0,0.00,4590.00,74.75,FALSE,M1_DIRECTION_MISMATCH
2026-09-07 16:14:34.886,1788797674.887,12113,70,456,4415.90,4415.98,8.0,PASS_<=10c,-8.0,DOWN,-119.0,+190.0,4.2,+0.84,0.20,SLOW,4414.00,4415.79,4413.76,4415.75,0.00,0.00,0.0,BULLISH,203.0,4417.09,4417.17,4415.61,4415.90,34,CLEARED_>=20s,156.0,119.0,8.0,29.0,5.1,18.6,5.1,PASS_<20%,0.00,0.0,NO,STANDBY_VEL_LOW,0,0.00,4590.00,74.75,FALSE,M1_DIRECTION_MISMATCH
2026-09-07 16:14:35.386,1788797675.387,12114,71,457,4415.89,4415.97,8.0,PASS_<=10c,-1.0,DOWN,-120.0,+189.0,4.2,+0.63,0.15,SLOW,4414.00,4415.79,4413.76,4415.75,0.00,0.00,0.0,BULLISH,203.0,4417.09,4417.17,4415.61,4415.89,35,CLEARED_>=20s,156.0,120.0,8.0,28.0,5.1,17.9,5.1,PASS_<20%,0.00,0.0,NO,STANDBY_VEL_LOW,0,0.00,4590.00,74.75,FALSE,M1_DIRECTION_MISMATCH
2026-09-07 16:14:35.889,1788797675.889,12115,72,458,4415.87,4415.95,8.0,PASS_<=10c,-2.0,DOWN,-122.0,+187.0,4.2,+0.21,0.05,SLOW,4414.00,4415.79,4413.76,4415.75,0.00,0.00,0.0,BULLISH,203.0,4417.09,4417.17,4415.61,4415.87,35,CLEARED_>=20s,156.0,122.0,8.0,26.0,5.1,16.7,5.1,PASS_<20%,0.00,0.0,NO,STANDBY_VEL_LOW,0,0.00,4590.00,74.75,FALSE,M1_DIRECTION_MISMATCH
2026-09-07 16:14:36.392,1788797676.392,12116,73,459,4415.84,4415.92,8.0,PASS_<=10c,-3.0,DOWN,-125.0,+184.0,4.2,+0.21,0.05,SLOW,4414.00,4415.79,4413.76,4415.75,0.00,0.00,0.0,BULLISH,203.0,4417.09,4417.17,4415.61,4415.84,36,CLEARED_>=20s,156.0,125.0,8.0,23.0,5.1,14.7,5.1,PASS_<20%,0.00,0.0,NO,STANDBY_VEL_LOW,0,0.00,4590.00,74.75,FALSE,M1_DIRECTION_MISMATCH
2026-09-07 16:14:36.892,1788797676.893,12117,74,460,4415.83,4415.91,8.0,PASS_<=10c,-1.0,DOWN,-126.0,+183.0,4.2,+0.42,0.10,SLOW,4414.00,4415.79,4413.76,4415.75,0.00,0.00,0.0,BULLISH,203.0,4417.09,4417.17,4415.61,4415.83,36,CLEARED_>=20s,156.0,126.0,8.0,22.0,5.1,14.1,5.1,PASS_<20%,0.00,0.0,NO,STANDBY_VEL_LOW,0,0.00,4590.00,74.75,FALSE,M1_DIRECTION_MISMATCH
2026-09-07 16:14:37.395,1788797677.395,12118,75,461,4415.82,4415.90,8.0,PASS_<=10c,-1.0,DOWN,-127.0,+182.0,4.2,+1.89,0.45,SLOW,4414.00,4415.79,4413.76,4415.75,0.00,0.00,0.0,BULLISH,203.0,4417.09,4417.17,4415.61,4415.82,37,CLEARED_>=20s,156.0,127.0,8.0,21.0,5.1,13.5,5.1,PASS_<20%,0.00,0.0,NO,STANDBY_VEL_LOW,0,0.00,4590.00,74.75,FALSE,M1_DIRECTION_MISMATCH
2026-09-07 16:14:37.903,1788797677.904,12119,76,462,4415.82,4415.90,8.0,PASS_<=10c,+0.0,FLAT,-127.0,+182.0,4.2,+2.93,0.70,SLOW,4414.00,4415.79,4413.76,4415.75,0.00,0.00,0.0,BULLISH,203.0,4417.09,4417.17,4415.61,4415.82,37,CLEARED_>=20s,156.0,127.0,8.0,21.0,5.1,13.5,5.1,PASS_<20%,0.00,0.0,NO,STANDBY_VEL_LOW,0,0.00,4590.00,74.75,FALSE,M1_DIRECTION_MISMATCH
2026-09-07 16:14:38.405,1788797678.405,12120,77,463,4415.82,4415.90,8.0,PASS_<=10c,+0.0,FLAT,-127.0,+182.0,4.2,+2.93,0.70,SLOW,4414.00,4415.79,4413.76,4415.75,0.00,0.00,0.0,BULLISH,203.0,4417.09,4417.17,4415.61,4415.82,38,CLEARED_>=20s,156.0,127.0,8.0,21.0,5.1,13.5,5.1,PASS_<20%,0.00,0.0,NO,STANDBY_VEL_LOW,0,0.00,4590.00,74.75,FALSE,M1_DIRECTION_MISMATCH
2026-09-07 16:14:38.906,1788797678.907,12121,78,464,4415.82,4415.90,8.0,PASS_<=10c,+0.0,FLAT,-127.0,+182.0,4.2,+2.93,0.70,SLOW,4414.00,4415.79,4413.76,4415.75,0.00,0.00,0.0,BULLISH,203.0,4417.09,4417.17,4415.61,4415.82,38,CLEARED_>=20s,156.0,127.0,8.0,21.0,5.1,13.5,5.1,PASS_<20%,0.00,0.0,NO,STANDBY_VEL_LOW,0,0.00,4590.00,74.75,FALSE,M1_DIRECTION_MISMATCH
2026-09-07 16:14:39.408,1788797679.408,12122,79,465,4415.84,4415.92,8.0,PASS_<=10c,+2.0,UP,-125.0,+184.0,4.2,+1.47,0.35,SLOW,4414.00,4415.79,4413.76,4415.75,0.00,0.00,0.0,BULLISH,203.0,4417.09,4417.17,4415.61,4415.84,39,CLEARED_>=20s,156.0,125.0,8.0,23.0,5.1,14.7,5.1,PASS_<20%,0.00,0.0,NO,STANDBY_VEL_LOW,0,0.00,4590.00,74.75,FALSE,M1_DIRECTION_MISMATCH
2026-09-07 16:14:39.909,1788797679.909,12123,80,466,4415.84,4415.92,8.0,PASS_<=10c,+0.0,FLAT,-125.0,+184.0,4.2,+1.05,0.25,SLOW,4414.00,4415.79,4413.76,4415.75,0.00,0.00,0.0,BULLISH,203.0,4417.09,4417.17,4415.61,4415.84,39,CLEARED_>=20s,156.0,125.0,8.0,23.0,5.1,14.7,5.1,PASS_<20%,0.00,0.0,NO,STANDBY_VEL_LOW,0,0.00,4590.00,74.75,FALSE,M1_DIRECTION_MISMATCH
2026-09-07 16:14:40.411,1788797680.411,12124,81,467,4415.79,4415.87,8.0,PASS_<=10c,-5.0,DOWN,-130.0,+179.0,4.2,+1.89,0.45,SLOW,4414.00,4415.79,4413.76,4415.75,0.00,0.00,0.0,BULLISH,203.0,4417.09,4417.17,4415.61,4415.79,40,CLEARED_>=20s,156.0,130.0,8.0,18.0,5.1,11.5,5.1,PASS_<20%,0.00,0.0,NO,STANDBY_VEL_LOW,0,0.00,4590.00,74.75,FALSE,M1_DIRECTION_MISMATCH
2026-09-07 16:14:40.913,1788797680.913,12125,82,468,4415.78,4415.86,8.0,PASS_<=10c,-1.0,DOWN,-131.0,+178.0,4.2,+1.47,0.35,SLOW,4414.00,4415.79,4413.76,4415.75,0.00,0.00,0.0,BULLISH,203.0,4417.09,4417.17,4415.61,4415.78,40,CLEARED_>=20s,156.0,131.0,8.0,17.0,5.1,10.9,5.1,PASS_<20%,0.00,0.0,NO,STANDBY_VEL_LOW,0,0.00,4590.00,74.75,FALSE,M1_DIRECTION_MISMATCH
2026-09-07 16:14:41.413,1788797681.414,12126,83,469,4415.78,4415.86,8.0,PASS_<=10c,+0.0,FLAT,-131.0,+178.0,4.2,+1.05,0.25,SLOW,4414.00,4415.79,4413.76,4415.75,0.00,0.00,0.0,BULLISH,203.0,4417.09,4417.17,4415.61,4415.78,41,CLEARED_>=20s,156.0,131.0,8.0,17.0,5.1,10.9,5.1,PASS_<20%,0.00,0.0,NO,STANDBY_VEL_LOW,0,0.00,4590.00,74.75,FALSE,M1_DIRECTION_MISMATCH
2026-09-07 16:14:41.914,1788797681.915,12127,84,470,4415.78,4415.86,8.0,PASS_<=10c,+0.0,FLAT,-131.0,+178.0,4.2,+1.05,0.25,SLOW,4414.00,4415.79,4413.76,4415.75,0.00,0.00,0.0,BULLISH,203.0,4417.09,4417.17,4415.61,4415.78,41,CLEARED_>=20s,156.0,131.0,8.0,17.0,5.1,10.9,5.1,PASS_<20%,0.00,0.0,NO,STANDBY_VEL_LOW,0,0.00,4590.00,74.75,FALSE,M1_DIRECTION_MISMATCH
2026-09-07 16:14:42.416,1788797682.416,12128,85,471,4415.87,4415.95,8.0,PASS_<=10c,+9.0,UP,-122.0,+187.0,4.2,+1.05,0.25,SLOW,4414.00,4415.79,4413.76,4415.75,0.00,0.00,0.0,BULLISH,203.0,4417.09,4417.17,4415.61,4415.87,42,CLEARED_>=20s,156.0,122.0,8.0,26.0,5.1,16.7,5.1,PASS_<20%,0.00,0.0,NO,STANDBY_VEL_LOW,0,0.00,4590.00,74.75,FALSE,M1_DIRECTION_MISMATCH
2026-09-07 16:14:42.916,1788797682.917,12129,86,472,4415.85,4415.93,8.0,PASS_<=10c,-2.0,DOWN,-124.0,+185.0,4.2,+0.63,0.15,SLOW,4414.00,4415.79,4413.76,4415.75,0.00,0.00,0.0,BULLISH,203.0,4417.09,4417.17,4415.61,4415.85,42,CLEARED_>=20s,156.0,124.0,8.0,24.0,5.1,15.4,5.1,PASS_<20%,0.00,0.0,NO,STANDBY_VEL_LOW,0,0.00,4590.00,74.75,FALSE,M1_DIRECTION_MISMATCH
2026-09-07 16:14:43.418,1788797683.418,12130,87,473,4415.86,4415.94,8.0,PASS_<=10c,+1.0,UP,-123.0,+186.0,4.2,+0.84,0.20,SLOW,4414.00,4415.79,4413.76,4415.75,0.00,0.00,0.0,BULLISH,203.0,4417.09,4417.17,4415.61,4415.86,43,CLEARED_>=20s,156.0,123.0,8.0,25.0,5.1,16.0,5.1,PASS_<20%,0.00,0.0,NO,STANDBY_VEL_LOW,0,0.00,4590.00,74.75,FALSE,M1_DIRECTION_MISMATCH
2026-09-07 16:14:43.919,1788797683.920,12131,88,474,4415.86,4415.94,8.0,PASS_<=10c,+0.0,FLAT,-123.0,+186.0,4.2,+0.42,0.10,SLOW,4414.00,4415.79,4413.76,4415.75,0.00,0.00,0.0,BULLISH,203.0,4417.09,4417.17,4415.61,4415.86,43,CLEARED_>=20s,156.0,123.0,8.0,25.0,5.1,16.0,5.1,PASS_<20%,0.00,0.0,NO,STANDBY_VEL_LOW,0,0.00,4590.00,74.75,FALSE,M1_DIRECTION_MISMATCH
2026-09-07 16:14:44.420,1788797684.421,12132,89,475,4415.86,4415.94,8.0,PASS_<=10c,+0.0,FLAT,-123.0,+186.0,4.2,+0.42,0.10,SLOW,4414.00,4415.79,4413.76,4415.75,0.00,0.00,0.0,BULLISH,203.0,4417.09,4417.17,4415.61,4415.86,44,CLEARED_>=20s,156.0,123.0,8.0,25.0,5.1,16.0,5.1,PASS_<20%,0.00,0.0,NO,STANDBY_VEL_LOW,0,0.00,4590.00,74.75,FALSE,M1_DIRECTION_MISMATCH
2026-09-07 16:14:44.922,1788797684.923,12133,90,476,4415.79,4415.87,8.0,PASS_<=10c,-7.0,DOWN,-130.0,+179.0,4.2,+0.00,0.00,SLOW,4414.00,4415.79,4413.76,4415.75,0.00,0.00,0.0,BULLISH,203.0,4417.09,4417.17,4415.61,4415.79,44,CLEARED_>=20s,156.0,130.0,8.0,18.0,5.1,11.5,5.1,PASS_<20%,0.00,0.0,NO,STANDBY_VEL_LOW,0,0.00,4590.00,74.75,FALSE,M1_DIRECTION_MISMATCH
2026-09-07 16:14:45.424,1788797685.425,12134,91,477,4415.72,4415.80,8.0,PASS_<=10c,-7.0,DOWN,-137.0,+172.0,4.2,+1.26,0.30,SLOW,4414.00,4415.79,4413.76,4415.75,0.00,0.00,0.0,BULLISH,203.0,4417.09,4417.17,4415.61,4415.72,45,CLEARED_>=20s,156.0,137.0,8.0,11.0,5.1,7.1,5.1,PASS_<20%,0.00,0.0,NO,STANDBY_VEL_LOW,0,0.00,4590.00,74.75,FALSE,M1_DIRECTION_MISMATCH
2026-09-07 16:14:45.925,1788797685.926,12135,92,478,4415.73,4415.81,8.0,PASS_<=10c,+1.0,UP,-136.0,+173.0,4.2,+1.05,0.25,SLOW,4414.00,4415.79,4413.76,4415.75,0.00,0.00,0.0,BULLISH,203.0,4417.09,4417.17,4415.61,4415.73,45,CLEARED_>=20s,156.0,136.0,8.0,12.0,5.1,7.7,5.1,PASS_<20%,0.00,0.0,NO,STANDBY_VEL_LOW,0,0.00,4590.00,74.75,FALSE,M1_DIRECTION_MISMATCH
2026-09-07 16:14:46.427,1788797686.427,12136,93,479,4415.73,4415.81,8.0,PASS_<=10c,+0.0,FLAT,-136.0,+173.0,4.2,+1.05,0.25,SLOW,4414.00,4415.79,4413.76,4415.75,0.00,0.00,0.0,BULLISH,203.0,4417.09,4417.17,4415.61,4415.73,46,CLEARED_>=20s,156.0,136.0,8.0,12.0,5.1,7.7,5.1,PASS_<20%,0.00,0.0,NO,STANDBY_VEL_LOW,0,0.00,4590.00,74.75,FALSE,M1_DIRECTION_MISMATCH
2026-09-07 16:14:46.927,1788797686.928,12137,94,480,4415.74,4415.82,8.0,PASS_<=10c,+1.0,UP,-135.0,+174.0,4.2,+1.68,0.40,SLOW,4414.00,4415.79,4413.76,4415.75,0.00,0.00,0.0,BULLISH,203.0,4417.09,4417.17,4415.61,4415.74,46,CLEARED_>=20s,156.0,135.0,8.0,13.0,5.1,8.3,5.1,PASS_<20%,0.00,0.0,NO,STANDBY_VEL_LOW,0,0.00,4590.00,74.75,FALSE,M1_DIRECTION_MISMATCH
2026-09-07 16:14:47.429,1788797687.429,12138,95,481,4415.74,4415.82,8.0,PASS_<=10c,+0.0,FLAT,-135.0,+174.0,4.2,+2.31,0.55,SLOW,4414.00,4415.79,4413.76,4415.75,0.00,0.00,0.0,BULLISH,203.0,4417.09,4417.17,4415.61,4415.74,47,CLEARED_>=20s,156.0,135.0,8.0,13.0,5.1,8.3,5.1,PASS_<20%,0.00,0.0,NO,STANDBY_VEL_LOW,0,0.00,4590.00,74.75,FALSE,M1_DIRECTION_MISMATCH
2026-09-07 16:14:47.930,1788797687.931,12139,96,482,4415.74,4415.82,8.0,PASS_<=10c,+0.0,FLAT,-135.0,+174.0,4.2,+2.94,0.70,SLOW,4414.00,4415.79,4413.76,4415.75,0.00,0.00,0.0,BULLISH,203.0,4417.09,4417.17,4415.61,4415.74,47,CLEARED_>=20s,156.0,135.0,8.0,13.0,5.1,8.3,5.1,PASS_<20%,0.00,0.0,NO,STANDBY_VEL_LOW,0,0.00,4590.00,74.75,FALSE,M1_DIRECTION_MISMATCH
2026-09-07 16:14:48.432,1788797688.432,12140,97,483,4415.74,4415.82,8.0,PASS_<=10c,+0.0,FLAT,-135.0,+174.0,4.2,+2.52,0.60,SLOW,4414.00,4415.79,4413.76,4415.75,0.00,0.00,0.0,BULLISH,203.0,4417.09,4417.17,4415.61,4415.74,48,CLEARED_>=20s,156.0,135.0,8.0,13.0,5.1,8.3,5.1,PASS_<20%,0.00,0.0,NO,STANDBY_VEL_LOW,0,0.00,4590.00,74.75,FALSE,M1_DIRECTION_MISMATCH
2026-09-07 16:14:48.933,1788797688.933,12141,98,484,4415.74,4415.82,8.0,PASS_<=10c,+0.0,FLAT,-135.0,+174.0,4.2,+2.52,0.60,SLOW,4414.00,4415.79,4413.76,4415.75,0.00,0.00,0.0,BULLISH,203.0,4417.09,4417.17,4415.61,4415.74,48,CLEARED_>=20s,156.0,135.0,8.0,13.0,5.1,8.3,5.1,PASS_<20%,0.00,0.0,NO,STANDBY_VEL_LOW,0,0.00,4590.00,74.75,FALSE,M1_DIRECTION_MISMATCH
2026-09-07 16:14:49.434,1788797689.434,12142,99,485,4415.73,4415.81,8.0,PASS_<=10c,-1.0,DOWN,-136.0,+173.0,4.2,+2.73,0.65,SLOW,4414.00,4415.79,4413.76,4415.75,0.00,0.00,0.0,BULLISH,203.0,4417.09,4417.17,4415.61,4415.73,49,CLEARED_>=20s,156.0,136.0,8.0,12.0,5.1,7.7,5.1,PASS_<20%,0.00,0.0,NO,STANDBY_VEL_LOW,0,0.00,4590.00,74.75,FALSE,M1_DIRECTION_MISMATCH
2026-09-07 16:14:49.934,1788797689.934,12143,100,486,4415.77,4415.85,8.0,PASS_<=10c,+4.0,UP,-132.0,+177.0,4.2,+0.63,0.15,SLOW,4414.00,4415.79,4413.76,4415.75,0.00,0.00,0.0,BULLISH,203.0,4417.09,4417.17,4415.61,4415.77,49,CLEARED_>=20s,156.0,132.0,8.0,16.0,5.1,10.3,5.1,PASS_<20%,0.00,0.0,NO,STANDBY_VEL_LOW,0,0.00,4590.00,74.75,FALSE,M1_DIRECTION_MISMATCH
2026-09-07 16:14:50.436,1788797690.436,12144,101,487,4415.77,4415.85,8.0,PASS_<=10c,+0.0,FLAT,-132.0,+177.0,4.2,+0.84,0.20,SLOW,4414.00,4415.79,4413.76,4415.75,0.00,0.00,0.0,BULLISH,203.0,4417.09,4417.17,4415.61,4415.77,50,CLEARED_>=20s,156.0,132.0,8.0,16.0,5.1,10.3,5.1,PASS_<20%,0.00,0.0,NO,STANDBY_VEL_LOW,0,0.00,4590.00,74.75,FALSE,M1_DIRECTION_MISMATCH
2026-09-07 16:14:50.937,1788797690.938,12145,102,488,4415.77,4415.85,8.0,PASS_<=10c,+0.0,FLAT,-132.0,+177.0,4.2,+0.84,0.20,SLOW,4414.00,4415.79,4413.76,4415.75,0.00,0.00,0.0,BULLISH,203.0,4417.09,4417.17,4415.61,4415.77,50,CLEARED_>=20s,156.0,132.0,8.0,16.0,5.1,10.3,5.1,PASS_<20%,0.00,0.0,NO,STANDBY_VEL_LOW,0,0.00,4590.00,74.75,FALSE,M1_DIRECTION_MISMATCH
2026-09-07 16:14:51.438,1788797691.439,12146,103,489,4415.80,4415.88,8.0,PASS_<=10c,+3.0,UP,-129.0,+180.0,4.2,+1.47,0.35,SLOW,4414.00,4415.79,4413.76,4415.75,0.00,0.00,0.0,BULLISH,203.0,4417.09,4417.17,4415.61,4415.80,51,CLEARED_>=20s,156.0,129.0,8.0,19.0,5.1,12.2,5.1,PASS_<20%,0.00,0.0,NO,STANDBY_VEL_LOW,0,0.00,4590.00,74.75,FALSE,M1_DIRECTION_MISMATCH
2026-09-07 16:14:51.939,1788797691.940,12147,104,490,4415.80,4415.88,8.0,PASS_<=10c,+0.0,FLAT,-129.0,+180.0,4.2,+1.26,0.30,SLOW,4414.00,4415.79,4413.76,4415.75,0.00,0.00,0.0,BULLISH,203.0,4417.09,4417.17,4415.61,4415.80,51,CLEARED_>=20s,156.0,129.0,8.0,19.0,5.1,12.2,5.1,PASS_<20%,0.00,0.0,NO,STANDBY_VEL_LOW,0,0.00,4590.00,74.75,FALSE,M1_DIRECTION_MISMATCH
2026-09-07 16:14:52.440,1788797692.440,12148,105,491,4415.81,4415.89,8.0,PASS_<=10c,+1.0,UP,-128.0,+181.0,4.2,+1.47,0.35,SLOW,4414.00,4415.79,4413.76,4415.75,0.00,0.00,0.0,BULLISH,203.0,4417.09,4417.17,4415.61,4415.81,52,CLEARED_>=20s,156.0,128.0,8.0,20.0,5.1,12.8,5.1,PASS_<20%,0.00,0.0,NO,STANDBY_VEL_LOW,0,0.00,4590.00,74.75,FALSE,M1_DIRECTION_MISMATCH
2026-09-07 16:14:52.941,1788797692.941,12149,106,492,4415.75,4415.83,8.0,PASS_<=10c,-6.0,DOWN,-134.0,+175.0,4.2,+0.21,0.05,SLOW,4414.00,4415.79,4413.76,4415.75,0.00,0.00,0.0,BULLISH,203.0,4417.09,4417.17,4415.61,4415.75,52,CLEARED_>=20s,156.0,134.0,8.0,14.0,5.1,9.0,5.1,PASS_<20%,0.00,0.0,NO,STANDBY_VEL_LOW,0,0.00,4590.00,74.75,FALSE,M1_DIRECTION_MISMATCH
2026-09-07 16:14:53.445,1788797693.445,12150,107,493,4415.50,4415.58,8.0,PASS_<=10c,-25.0,DOWN,-159.0,+150.0,4.2,+5.04,1.20,SLOW,4414.00,4415.79,4413.76,4415.75,0.00,0.00,0.0,BULLISH,203.0,4417.09,4417.17,4415.50,4415.50,53,CLEARED_>=20s,167.0,159.0,8.0,0.0,4.8,0.0,4.8,PASS_<20%,0.00,0.0,NO,STANDBY_VEL_LOW,0,0.00,4590.00,74.75,FALSE,M1_DIRECTION_MISMATCH
2026-09-07 16:14:53.944,1788797693.944,12151,108,494,4415.36,4415.44,8.0,PASS_<=10c,-14.0,DOWN,-173.0,+136.0,4.2,+7.98,1.90,SLOW,4414.00,4415.79,4413.76,4415.75,0.00,0.00,0.0,BULLISH,203.0,4417.09,4417.17,4415.36,4415.36,53,CLEARED_>=20s,181.0,173.0,8.0,0.0,4.4,0.0,4.4,PASS_<20%,0.00,0.0,NO,STANDBY_VEL_LOW,0,0.00,4590.00,74.75,FALSE,M1_DIRECTION_MISMATCH
2026-09-07 16:14:54.445,1788797694.446,12152,109,495,4415.36,4415.44,8.0,PASS_<=10c,+0.0,FLAT,-173.0,+136.0,4.2,+7.98,1.90,SLOW,4414.00,4415.79,4413.76,4415.75,0.00,0.00,0.0,BULLISH,203.0,4417.09,4417.17,4415.36,4415.36,54,CLEARED_>=20s,181.0,173.0,8.0,0.0,4.4,0.0,4.4,PASS_<20%,0.00,0.0,NO,STANDBY_VEL_LOW,0,0.00,4590.00,74.75,FALSE,M1_DIRECTION_MISMATCH
2026-09-07 16:14:54.947,1788797694.947,12153,110,496,4415.36,4415.44,8.0,PASS_<=10c,+0.0,FLAT,-173.0,+136.0,4.2,+8.61,2.05,SLOW,4414.00,4415.79,4413.76,4415.75,0.00,0.00,0.0,BULLISH,203.0,4417.09,4417.17,4415.36,4415.36,54,CLEARED_>=20s,181.0,173.0,8.0,0.0,4.4,0.0,4.4,PASS_<20%,0.00,0.0,NO,STANDBY_VEL_LOW,0,0.00,4590.00,74.75,FALSE,M1_DIRECTION_MISMATCH
2026-09-07 16:14:55.448,1788797695.448,12154,111,497,4415.32,4415.40,8.0,PASS_<=10c,-4.0,DOWN,-177.0,+132.0,4.2,+9.45,2.25,SLOW,4414.00,4415.79,4413.76,4415.75,0.00,0.00,0.0,BULLISH,203.0,4417.09,4417.17,4415.32,4415.32,55,CLEARED_>=20s,185.0,177.0,8.0,0.0,4.3,0.0,4.3,PASS_<20%,0.00,0.0,NO,STANDBY_VEL_LOW,0,0.00,4590.00,74.75,FALSE,M1_DIRECTION_MISMATCH
2026-09-07 16:14:55.949,1788797695.950,12155,112,498,4415.26,4415.34,8.0,PASS_<=10c,-6.0,DOWN,-183.0,+126.0,4.2,+10.71,2.55,SLOW,4414.00,4415.79,4413.76,4415.75,0.00,0.00,0.0,BULLISH,203.0,4417.09,4417.17,4415.26,4415.26,55,CLEARED_>=20s,191.0,183.0,8.0,0.0,4.2,0.0,4.2,PASS_<20%,0.00,0.0,NO,STANDBY_VEL_LOW,0,0.00,4590.00,74.75,FALSE,M1_DIRECTION_MISMATCH
2026-09-07 16:14:56.451,1788797696.451,12156,113,499,4415.26,4415.34,8.0,PASS_<=10c,+0.0,FLAT,-183.0,+126.0,4.2,+11.34,2.70,SLOW,4414.00,4415.79,4413.76,4415.75,0.00,0.00,0.0,BULLISH,203.0,4417.09,4417.17,4415.26,4415.26,56,CLEARED_>=20s,191.0,183.0,8.0,0.0,4.2,0.0,4.2,PASS_<20%,0.00,0.0,NO,STANDBY_VEL_LOW,0,0.00,4590.00,74.75,FALSE,M1_DIRECTION_MISMATCH
2026-09-07 16:14:56.951,1788797696.952,12157,114,500,4415.26,4415.34,8.0,PASS_<=10c,+0.0,FLAT,-183.0,+126.0,4.2,+11.34,2.70,SLOW,4414.00,4415.79,4413.76,4415.75,0.00,0.00,0.0,BULLISH,203.0,4417.09,4417.17,4415.26,4415.26,56,CLEARED_>=20s,191.0,183.0,8.0,0.0,4.2,0.0,4.2,PASS_<20%,0.00,0.0,NO,STANDBY_VEL_LOW,0,0.00,4590.00,74.75,FALSE,M1_DIRECTION_MISMATCH
2026-09-07 16:14:57.452,1788797697.452,12158,115,501,4415.26,4415.34,8.0,PASS_<=10c,+0.0,FLAT,-183.0,+126.0,4.2,+11.55,2.75,SLOW,4414.00,4415.79,4413.76,4415.75,0.00,0.00,0.0,BULLISH,203.0,4417.09,4417.17,4415.26,4415.26,57,CLEARED_>=20s,191.0,183.0,8.0,0.0,4.2,0.0,4.2,PASS_<20%,0.00,0.0,NO,STANDBY_VEL_LOW,0,0.00,4590.00,74.75,FALSE,M1_DIRECTION_MISMATCH
2026-09-07 16:14:57.953,1788797697.953,12159,116,502,4415.26,4415.34,8.0,PASS_<=10c,+0.0,FLAT,-183.0,+126.0,4.2,+9.66,2.30,SLOW,4414.00,4415.79,4413.76,4415.75,0.00,0.00,0.0,BULLISH,203.0,4417.09,4417.17,4415.26,4415.26,57,CLEARED_>=20s,191.0,183.0,8.0,0.0,4.2,0.0,4.2,PASS_<20%,0.00,0.0,NO,STANDBY_VEL_LOW,0,0.00,4590.00,74.75,FALSE,M1_DIRECTION_MISMATCH
2026-09-07 16:14:58.455,1788797698.455,12160,117,503,4415.26,4415.34,8.0,PASS_<=10c,+0.0,FLAT,-183.0,+126.0,4.2,+2.52,0.60,SLOW,4414.00,4415.79,4413.76,4415.75,0.00,0.00,0.0,BULLISH,203.0,4417.09,4417.17,4415.26,4415.26,58,CLEARED_>=20s,191.0,183.0,8.0,0.0,4.2,0.0,4.2,PASS_<20%,0.00,0.0,NO,STANDBY_VEL_LOW,0,0.00,4590.00,74.75,FALSE,M1_DIRECTION_MISMATCH
2026-09-07 16:14:58.956,1788797698.956,12161,118,504,4415.34,4415.42,8.0,PASS_<=10c,+8.0,UP,-175.0,+134.0,4.2,+0.42,0.10,SLOW,4414.00,4415.79,4413.76,4415.75,0.00,0.00,0.0,BULLISH,203.0,4417.09,4417.17,4415.26,4415.34,58,CLEARED_>=20s,191.0,175.0,8.0,8.0,4.2,4.2,4.2,PASS_<20%,0.00,0.0,NO,STANDBY_VEL_LOW,0,0.00,4590.00,74.75,FALSE,M1_DIRECTION_MISMATCH
2026-09-07 16:14:59.458,1788797699.459,12162,119,505,4415.32,4415.40,8.0,PASS_<=10c,-2.0,DOWN,-177.0,+132.0,4.2,+0.84,0.20,SLOW,4414.00,4415.79,4413.76,4415.75,0.00,0.00,0.0,BULLISH,203.0,4417.09,4417.17,4415.26,4415.32,59,CLEARED_>=20s,191.0,177.0,8.0,6.0,4.2,3.1,4.2,PASS_<20%,0.00,0.0,NO,STANDBY_VEL_LOW,0,0.00,4590.00,74.75,FALSE,M1_DIRECTION_MISMATCH
2026-09-07 16:14:59.959,1788797699.960,12163,120,506,4415.31,4415.39,8.0,PASS_<=10c,-1.0,DOWN,-178.0,+131.0,4.2,+0.42,0.10,SLOW,4414.00,4415.79,4413.76,4415.75,0.00,0.00,0.0,BULLISH,203.0,4417.09,4417.17,4415.26,4415.31,59,CLEARED_>=20s,191.0,178.0,8.0,5.0,4.2,2.6,4.2,PASS_<20%,0.00,0.0,NO,STANDBY_VEL_LOW,0,0.00,4590.00,74.75,FALSE,M1_DIRECTION_MISMATCH
2026-09-07 16:15:00.459,1788797700.460,12164,1,1,4415.30,4415.38,8.0,PASS_<=10c,-1.0,DOWN,+0.0,-44.0,4.2,+0.42,0.10,SLOW,4415.74,4417.30,4415.26,4415.31,0.00,0.00,0.0,BULLISH,204.0,4415.30,4415.30,4415.30,4415.30,0,ACTIVE_0s,1.0,0.0,0.0,0.0,0.0,0.0,0.0,PASS_<20%,0.00,0.0,NO,STANDBY_VEL_LOW,0,0.00,4590.00,74.75,FALSE,M1_DIRECTION_MISMATCH|OPENING_SHIELD_ACTIVE_0s
2026-09-07 16:15:00.961,1788797700.961,12165,2,2,4415.30,4415.38,8.0,PASS_<=10c,+0.0,FLAT,+0.0,-44.0,4.2,+0.84,0.20,SLOW,4415.74,4417.30,4415.26,4415.31,0.00,0.00,0.0,BULLISH,204.0,4415.30,4415.30,4415.30,4415.30,0,ACTIVE_0s,1.0,0.0,0.0,0.0,0.0,0.0,0.0,PASS_<20%,0.00,0.0,NO,STANDBY_VEL_LOW,0,0.00,4590.00,74.75,FALSE,M1_DIRECTION_MISMATCH|OPENING_SHIELD_ACTIVE_0s
2026-09-07 16:15:01.462,1788797701.462,12166,3,3,4415.41,4415.49,8.0,PASS_<=10c,+11.0,UP,+11.0,-33.0,4.2,+3.15,0.75,SLOW,4415.74,4417.30,4415.26,4415.31,0.00,0.00,0.0,BULLISH,204.0,4415.30,4415.41,4415.30,4415.41,1,ACTIVE_1s,11.0,11.0,0.0,0.0,0.0,0.0,0.0,PASS_<20%,4415.45,4.0,NO,STANDBY_VEL_LOW,0,0.00,4590.00,74.75,FALSE,OPENING_SHIELD_ACTIVE_1s
2026-09-07 16:15:01.963,1788797701.963,12167,4,4,4415.56,4415.64,8.0,PASS_<=10c,+15.0,UP,+26.0,-18.0,4.2,+6.30,1.50,SLOW,4415.74,4417.30,4415.26,4415.31,0.00,0.00,0.0,BULLISH,204.0,4415.30,4415.56,4415.30,4415.56,1,ACTIVE_1s,26.0,26.0,0.0,0.0,0.0,0.0,0.0,PASS_<20%,4415.45,11.0,NO,STANDBY_VEL_LOW,0,0.00,4590.00,74.75,FALSE,OPENING_SHIELD_ACTIVE_1s
2026-09-07 16:15:02.464,1788797702.465,12168,5,5,4415.57,4415.65,8.0,PASS_<=10c,+1.0,UP,+27.0,-17.0,4.2,+6.51,1.55,SLOW,4415.74,4417.30,4415.26,4415.31,0.00,0.00,0.0,BULLISH,204.0,4415.30,4415.57,4415.30,4415.57,2,ACTIVE_2s,27.0,27.0,0.0,0.0,0.0,0.0,0.0,PASS_<20%,4415.45,12.0,NO,STANDBY_VEL_LOW,0,0.00,4590.00,74.75,FALSE,OPENING_SHIELD_ACTIVE_2s
2026-09-07 16:15:02.966,1788797702.966,12169,6,6,4415.57,4415.65,8.0,PASS_<=10c,+0.0,FLAT,+27.0,-17.0,4.2,+6.51,1.55,SLOW,4415.74,4417.30,4415.26,4415.31,0.00,0.00,0.0,BULLISH,204.0,4415.30,4415.57,4415.30,4415.57,2,ACTIVE_2s,27.0,27.0,0.0,0.0,0.0,0.0,0.0,PASS_<20%,4415.45,12.0,NO,STANDBY_VEL_LOW,0,0.00,4590.00,74.75,FALSE,OPENING_SHIELD_ACTIVE_2s
2026-09-07 16:15:03.468,1788797703.468,12170,7,7,4415.58,4415.66,8.0,PASS_<=10c,+1.0,UP,+28.0,-16.0,4.2,+4.83,1.15,SLOW,4415.74,4417.30,4415.26,4415.31,0.00,0.00,0.0,BULLISH,204.0,4415.30,4415.58,4415.30,4415.58,3,ACTIVE_3s,28.0,28.0,0.0,0.0,0.0,0.0,0.0,PASS_<20%,4415.45,13.0,NO,STANDBY_VEL_LOW,0,0.00,4590.00,74.75,FALSE,OPENING_SHIELD_ACTIVE_3s
2026-09-07 16:15:03.969,1788797703.970,12171,8,8,4415.63,4415.71,8.0,PASS_<=10c,+5.0,UP,+33.0,-11.0,4.2,+6.51,1.55,SLOW,4415.74,4417.30,4415.26,4415.31,0.00,0.00,0.0,BULLISH,204.0,4415.30,4415.63,4415.30,4415.63,3,ACTIVE_3s,33.0,33.0,0.0,0.0,0.0,0.0,0.0,PASS_<20%,4415.45,18.0,NO,STANDBY_VEL_LOW,0,0.00,4590.00,74.75,FALSE,OPENING_SHIELD_ACTIVE_3s
2026-09-07 16:15:04.470,1788797704.471,12172,9,9,4415.65,4415.73,8.0,PASS_<=10c,+2.0,UP,+35.0,-9.0,4.2,+6.93,1.65,SLOW,4415.74,4417.30,4415.26,4415.31,0.00,0.00,0.0,BULLISH,204.0,4415.30,4415.65,4415.30,4415.65,4,ACTIVE_4s,35.0,35.0,0.0,0.0,0.0,0.0,0.0,PASS_<20%,4415.45,20.0,NO,STANDBY_VEL_LOW,0,0.00,4590.00,74.75,FALSE,OPENING_SHIELD_ACTIVE_4s
2026-09-07 16:15:04.972,1788797704.972,12173,10,10,4415.65,4415.73,8.0,PASS_<=10c,+0.0,FLAT,+35.0,-9.0,4.2,+7.35,1.75,SLOW,4415.74,4417.30,4415.26,4415.31,0.00,0.00,0.0,BULLISH,204.0,4415.30,4415.65,4415.30,4415.65,4,ACTIVE_4s,35.0,35.0,0.0,0.0,0.0,0.0,0.0,PASS_<20%,4415.45,20.0,NO,STANDBY_VEL_LOW,0,0.00,4590.00,74.75,FALSE,OPENING_SHIELD_ACTIVE_4s
2026-09-07 16:15:05.473,1788797705.473,12174,11,11,4415.66,4415.74,8.0,PASS_<=10c,+1.0,UP,+36.0,-8.0,4.2,+7.56,1.80,SLOW,4415.74,4417.30,4415.26,4415.31,0.00,0.00,0.0,BULLISH,204.0,4415.30,4415.66,4415.30,4415.66,5,ACTIVE_5s,36.0,36.0,0.0,0.0,0.0,0.0,0.0,PASS_<20%,4415.45,21.0,NO,STANDBY_VEL_LOW,0,0.00,4590.00,74.75,FALSE,OPENING_SHIELD_ACTIVE_5s
2026-09-07 16:15:05.974,1788797705.974,12175,12,12,4415.66,4415.74,8.0,PASS_<=10c,+0.0,FLAT,+36.0,-8.0,4.2,+5.67,1.35,SLOW,4415.74,4417.30,4415.26,4415.31,0.00,0.00,0.0,BULLISH,204.0,4415.30,4415.66,4415.30,4415.66,5,ACTIVE_5s,36.0,36.0,0.0,0.0,0.0,0.0,0.0,PASS_<20%,4415.45,21.0,NO,STANDBY_VEL_LOW,0,0.00,4590.00,74.75,FALSE,OPENING_SHIELD_ACTIVE_5s
2026-09-07 16:15:06.474,1788797706.475,12176,13,13,4415.66,4415.74,8.0,PASS_<=10c,+0.0,FLAT,+36.0,-8.0,4.2,+4.62,1.10,SLOW,4415.74,4417.30,4415.26,4415.31,0.00,0.00,0.0,BULLISH,204.0,4415.30,4415.66,4415.30,4415.66,6,ACTIVE_6s,36.0,36.0,0.0,0.0,0.0,0.0,0.0,PASS_<20%,4415.45,21.0,NO,STANDBY_VEL_LOW,0,0.00,4590.00,74.75,FALSE,OPENING_SHIELD_ACTIVE_6s
2026-09-07 16:15:06.976,1788797706.976,12177,14,14,4415.66,4415.74,8.0,PASS_<=10c,+0.0,FLAT,+36.0,-8.0,4.2,+2.10,0.50,SLOW,4415.74,4417.30,4415.26,4415.31,0.00,0.00,0.0,BULLISH,204.0,4415.30,4415.66,4415.30,4415.66,6,ACTIVE_6s,36.0,36.0,0.0,0.0,0.0,0.0,0.0,PASS_<20%,4415.45,21.0,NO,STANDBY_VEL_LOW,0,0.00,4590.00,74.75,FALSE,OPENING_SHIELD_ACTIVE_6s
2026-09-07 16:15:07.477,1788797707.478,12178,15,15,4415.72,4415.80,8.0,PASS_<=10c,+6.0,UP,+42.0,-2.0,4.2,+3.15,0.75,SLOW,4415.74,4417.30,4415.26,4415.31,0.00,0.00,0.0,BULLISH,204.0,4415.30,4415.72,4415.30,4415.72,7,ACTIVE_7s,42.0,42.0,0.0,0.0,0.0,0.0,0.0,PASS_<20%,4415.45,27.0,NO,STANDBY_VEL_LOW,0,0.00,4590.00,74.75,FALSE,OPENING_SHIELD_ACTIVE_7s
2026-09-07 16:15:07.979,1788797707.980,12179,16,16,4415.73,4415.81,8.0,PASS_<=10c,+1.0,UP,+43.0,-1.0,4.2,+3.36,0.80,SLOW,4415.74,4417.30,4415.26,4415.31,0.00,0.00,0.0,BULLISH,204.0,4415.30,4415.73,4415.30,4415.73,7,ACTIVE_7s,43.0,43.0,0.0,0.0,0.0,0.0,0.0,PASS_<20%,4415.45,28.0,NO,STANDBY_VEL_LOW,0,0.00,4590.00,74.75,FALSE,OPENING_SHIELD_ACTIVE_7s
2026-09-07 16:15:08.480,1788797708.480,12180,17,17,4415.79,4415.87,8.0,PASS_<=10c,+6.0,UP,+49.0,+5.0,4.2,+3.99,0.95,SLOW,4415.74,4417.30,4415.26,4415.31,0.00,0.00,0.0,BULLISH,204.0,4415.30,4415.79,4415.30,4415.79,8,ACTIVE_8s,49.0,49.0,0.0,0.0,0.0,0.0,0.0,PASS_<20%,4415.45,34.0,NO,STANDBY_VEL_LOW,0,0.00,4590.00,74.75,FALSE,OPENING_SHIELD_ACTIVE_8s
2026-09-07 16:15:08.981,1788797708.982,12181,18,18,4415.84,4415.92,8.0,PASS_<=10c,+5.0,UP,+54.0,+10.0,4.2,+4.41,1.05,SLOW,4415.74,4417.30,4415.26,4415.31,0.00,0.00,0.0,BULLISH,204.0,4415.30,4415.84,4415.30,4415.84,8,ACTIVE_8s,54.0,54.0,0.0,0.0,0.0,0.0,0.0,PASS_<20%,4415.45,39.0,NO,STANDBY_VEL_LOW,0,0.00,4590.00,74.75,FALSE,OPENING_SHIELD_ACTIVE_8s
2026-09-07 16:15:09.484,1788797709.484,12182,19,19,4415.84,4415.92,8.0,PASS_<=10c,+0.0,FLAT,+54.0,+10.0,4.2,+3.99,0.95,SLOW,4415.74,4417.30,4415.26,4415.31,0.00,0.00,0.0,BULLISH,204.0,4415.30,4415.84,4415.30,4415.84,9,ACTIVE_9s,54.0,54.0,0.0,0.0,0.0,0.0,0.0,PASS_<20%,4415.45,39.0,NO,STANDBY_VEL_LOW,0,0.00,4590.00,74.75,FALSE,OPENING_SHIELD_ACTIVE_9s
2026-09-07 16:15:09.989,1788797709.990,12183,20,20,4415.83,4415.91,8.0,PASS_<=10c,-1.0,DOWN,+53.0,+9.0,4.2,+3.57,0.85,SLOW,4415.74,4417.30,4415.26,4415.31,0.00,0.00,0.0,BULLISH,204.0,4415.30,4415.84,4415.30,4415.83,9,ACTIVE_9s,54.0,53.0,1.0,0.0,1.9,0.0,1.9,PASS_<20%,4415.45,38.0,NO,STANDBY_VEL_LOW,0,0.00,4590.00,74.75,FALSE,OPENING_SHIELD_ACTIVE_9s
2026-09-07 16:15:10.490,1788797710.490,12184,21,21,4415.83,4415.91,8.0,PASS_<=10c,+0.0,FLAT,+53.0,+9.0,4.2,+3.57,0.85,SLOW,4415.74,4417.30,4415.26,4415.31,0.00,0.00,0.0,BULLISH,204.0,4415.30,4415.84,4415.30,4415.83,10,ACTIVE_10s,54.0,53.0,1.0,0.0,1.9,0.0,1.9,PASS_<20%,4415.45,38.0,NO,STANDBY_VEL_LOW,0,0.00,4590.00,74.75,FALSE,OPENING_SHIELD_ACTIVE_10s
2026-09-07 16:15:10.991,1788797710.991,12185,22,22,4415.84,4415.92,8.0,PASS_<=10c,+1.0,UP,+54.0,+10.0,4.2,+3.78,0.90,SLOW,4415.74,4417.30,4415.26,4415.31,0.00,0.00,0.0,BULLISH,204.0,4415.30,4415.84,4415.30,4415.84,10,ACTIVE_10s,54.0,54.0,0.0,0.0,0.0,0.0,0.0,PASS_<20%,4415.45,39.0,NO,STANDBY_VEL_LOW,0,0.00,4590.00,74.75,FALSE,OPENING_SHIELD_ACTIVE_10s
2026-09-07 16:15:11.493,1788797711.493,12186,23,23,4415.84,4415.92,8.0,PASS_<=10c,+0.0,FLAT,+54.0,+10.0,4.2,+3.78,0.90,SLOW,4415.74,4417.30,4415.26,4415.31,0.00,0.00,0.0,BULLISH,204.0,4415.30,4415.84,4415.30,4415.84,11,ACTIVE_11s,54.0,54.0,0.0,0.0,0.0,0.0,0.0,PASS_<20%,4415.45,39.0,NO,STANDBY_VEL_LOW,0,0.00,4590.00,74.75,FALSE,OPENING_SHIELD_ACTIVE_11s
2026-09-07 16:15:11.994,1788797711.995,12187,24,24,4415.84,4415.92,8.0,PASS_<=10c,+0.0,FLAT,+54.0,+10.0,4.2,+3.78,0.90,SLOW,4415.74,4417.30,4415.26,4415.31,0.00,0.00,0.0,BULLISH,204.0,4415.30,4415.84,4415.30,4415.84,11,ACTIVE_11s,54.0,54.0,0.0,0.0,0.0,0.0,0.0,PASS_<20%,4415.45,39.0,NO,STANDBY_VEL_LOW,0,0.00,4590.00,74.75,FALSE,OPENING_SHIELD_ACTIVE_11s
2026-09-07 16:15:12.496,1788797712.496,12188,25,25,4415.84,4415.92,8.0,PASS_<=10c,+0.0,FLAT,+54.0,+10.0,4.2,+2.73,0.65,SLOW,4415.74,4417.30,4415.26,4415.31,0.00,0.00,0.0,BULLISH,204.0,4415.30,4415.84,4415.30,4415.84,12,ACTIVE_12s,54.0,54.0,0.0,0.0,0.0,0.0,0.0,PASS_<20%,4415.45,39.0,NO,STANDBY_VEL_LOW,0,0.00,4590.00,74.75,FALSE,OPENING_SHIELD_ACTIVE_12s
2026-09-07 16:15:12.998,1788797712.998,12189,26,26,4415.84,4415.92,8.0,PASS_<=10c,+0.0,FLAT,+54.0,+10.0,4.2,+2.31,0.55,SLOW,4415.74,4417.30,4415.26,4415.31,0.00,0.00,0.0,BULLISH,204.0,4415.30,4415.84,4415.30,4415.84,12,ACTIVE_12s,54.0,54.0,0.0,0.0,0.0,0.0,0.0,PASS_<20%,4415.45,39.0,NO,STANDBY_VEL_LOW,0,0.00,4590.00,74.75,FALSE,OPENING_SHIELD_ACTIVE_12s
2026-09-07 16:15:13.499,1788797713.500,12190,27,27,4415.84,4415.92,8.0,PASS_<=10c,+0.0,FLAT,+54.0,+10.0,4.2,+0.84,0.20,SLOW,4415.74,4417.30,4415.26,4415.31,0.00,0.00,0.0,BULLISH,204.0,4415.30,4415.84,4415.30,4415.84,13,ACTIVE_13s,54.0,54.0,0.0,0.0,0.0,0.0,0.0,PASS_<20%,4415.45,39.0,NO,STANDBY_VEL_LOW,0,0.00,4590.00,74.75,FALSE,OPENING_SHIELD_ACTIVE_13s
2026-09-07 16:15:14.001,1788797714.001,12191,28,28,4415.84,4415.92,8.0,PASS_<=10c,+0.0,FLAT,+54.0,+10.0,4.2,+0.00,0.00,SLOW,4415.74,4417.30,4415.26,4415.31,0.00,0.00,0.0,BULLISH,204.0,4415.30,4415.84,4415.30,4415.84,14,ACTIVE_14s,54.0,54.0,0.0,0.0,0.0,0.0,0.0,PASS_<20%,4415.45,39.0,NO,STANDBY_VEL_LOW,0,0.00,4590.00,74.75,FALSE,OPENING_SHIELD_ACTIVE_14s
2026-09-07 16:15:14.502,1788797714.502,12192,29,29,4415.84,4415.92,8.0,PASS_<=10c,+0.0,FLAT,+54.0,+10.0,4.2,+0.21,0.05,SLOW,4415.74,4417.30,4415.26,4415.31,0.00,0.00,0.0,BULLISH,204.0,4415.30,4415.84,4415.30,4415.84,14,ACTIVE_14s,54.0,54.0,0.0,0.0,0.0,0.0,0.0,PASS_<20%,4415.45,39.0,NO,STANDBY_VEL_LOW,0,0.00,4590.00,74.75,FALSE,OPENING_SHIELD_ACTIVE_14s
2026-09-07 16:15:15.005,1788797715.005,12193,30,30,4415.84,4415.92,8.0,PASS_<=10c,+0.0,FLAT,+54.0,+10.0,4.2,+0.21,0.05,SLOW,4415.74,4417.30,4415.26,4415.31,0.00,0.00,0.0,BULLISH,204.0,4415.30,4415.84,4415.30,4415.84,15,ACTIVE_15s,54.0,54.0,0.0,0.0,0.0,0.0,0.0,PASS_<20%,4415.45,39.0,NO,STANDBY_VEL_LOW,0,0.00,4590.00,74.75,FALSE,OPENING_SHIELD_ACTIVE_15s
2026-09-07 16:15:15.506,1788797715.507,12194,31,31,4415.84,4415.92,8.0,PASS_<=10c,+0.0,FLAT,+54.0,+10.0,4.2,+0.00,0.00,SLOW,4415.74,4417.30,4415.26,4415.31,0.00,0.00,0.0,BULLISH,204.0,4415.30,4415.84,4415.30,4415.84,15,ACTIVE_15s,54.0,54.0,0.0,0.0,0.0,0.0,0.0,PASS_<20%,4415.45,39.0,NO,STANDBY_VEL_LOW,0,0.00,4590.00,74.75,FALSE,OPENING_SHIELD_ACTIVE_15s
2026-09-07 16:15:16.008,1788797716.008,12195,32,32,4415.84,4415.92,8.0,PASS_<=10c,+0.0,FLAT,+54.0,+10.0,4.2,+0.00,0.00,SLOW,4415.74,4417.30,4415.26,4415.31,0.00,0.00,0.0,BULLISH,204.0,4415.30,4415.84,4415.30,4415.84,16,ACTIVE_16s,54.0,54.0,0.0,0.0,0.0,0.0,0.0,PASS_<20%,4415.45,39.0,NO,STANDBY_VEL_LOW,0,0.00,4590.00,74.75,FALSE,OPENING_SHIELD_ACTIVE_16s
2026-09-07 16:15:16.509,1788797716.510,12196,33,33,4415.84,4415.92,8.0,PASS_<=10c,+0.0,FLAT,+54.0,+10.0,4.2,+0.00,0.00,SLOW,4415.74,4417.30,4415.26,4415.31,0.00,0.00,0.0,BULLISH,204.0,4415.30,4415.84,4415.30,4415.84,16,ACTIVE_16s,54.0,54.0,0.0,0.0,0.0,0.0,0.0,PASS_<20%,4415.45,39.0,NO,STANDBY_VEL_LOW,0,0.00,4590.00,74.75,FALSE,OPENING_SHIELD_ACTIVE_16s
2026-09-07 16:15:17.010,1788797717.011,12197,34,34,4415.84,4415.92,8.0,PASS_<=10c,+0.0,FLAT,+54.0,+10.0,4.2,+0.00,0.00,SLOW,4415.74,4417.30,4415.26,4415.31,0.00,0.00,0.0,BULLISH,204.0,4415.30,4415.84,4415.30,4415.84,17,ACTIVE_17s,54.0,54.0,0.0,0.0,0.0,0.0,0.0,PASS_<20%,4415.45,39.0,NO,STANDBY_VEL_LOW,0,0.00,4590.00,74.75,FALSE,OPENING_SHIELD_ACTIVE_17s
2026-09-07 16:15:17.512,1788797717.512,12198,35,35,4415.84,4415.92,8.0,PASS_<=10c,+0.0,FLAT,+54.0,+10.0,4.2,+0.00,0.00,SLOW,4415.74,4417.30,4415.26,4415.31,0.00,0.00,0.0,BULLISH,204.0,4415.30,4415.84,4415.30,4415.84,17,ACTIVE_17s,54.0,54.0,0.0,0.0,0.0,0.0,0.0,PASS_<20%,4415.45,39.0,NO,STANDBY_VEL_LOW,0,0.00,4590.00,74.75,FALSE,OPENING_SHIELD_ACTIVE_17s
2026-09-07 16:15:18.013,1788797718.013,12199,36,36,4415.84,4415.92,8.0,PASS_<=10c,+0.0,FLAT,+54.0,+10.0,4.2,+0.00,0.00,SLOW,4415.74,4417.30,4415.26,4415.31,0.00,0.00,0.0,BULLISH,204.0,4415.30,4415.84,4415.30,4415.84,18,ACTIVE_18s,54.0,54.0,0.0,0.0,0.0,0.0,0.0,PASS_<20%,4415.45,39.0,NO,STANDBY_VEL_LOW,0,0.00,4590.00,74.75,FALSE,OPENING_SHIELD_ACTIVE_18s
2026-09-07 16:15:18.514,1788797718.514,12200,37,37,4415.84,4415.92,8.0,PASS_<=10c,+0.0,FLAT,+54.0,+10.0,4.2,+0.00,0.00,SLOW,4415.74,4417.30,4415.26,4415.31,0.00,0.00,0.0,BULLISH,204.0,4415.30,4415.84,4415.30,4415.84,18,ACTIVE_18s,54.0,54.0,0.0,0.0,0.0,0.0,0.0,PASS_<20%,4415.45,39.0,NO,STANDBY_VEL_LOW,0,0.00,4590.00,74.75,FALSE,OPENING_SHIELD_ACTIVE_18s
2026-09-07 16:15:19.016,1788797719.016,12201,38,38,4415.84,4415.92,8.0,PASS_<=10c,+0.0,FLAT,+54.0,+10.0,4.2,+0.00,0.00,SLOW,4415.74,4417.30,4415.26,4415.31,0.00,0.00,0.0,BULLISH,204.0,4415.30,4415.84,4415.30,4415.84,19,ACTIVE_19s,54.0,54.0,0.0,0.0,0.0,0.0,0.0,PASS_<20%,4415.45,39.0,NO,STANDBY_VEL_LOW,0,0.00,4590.00,74.75,FALSE,OPENING_SHIELD_ACTIVE_19s
2026-09-07 16:15:19.517,1788797719.517,12202,39,39,4415.84,4415.92,8.0,PASS_<=10c,+0.0,FLAT,+54.0,+10.0,4.2,+0.00,0.00,SLOW,4415.74,4417.30,4415.26,4415.31,0.00,0.00,0.0,BULLISH,204.0,4415.30,4415.84,4415.30,4415.84,19,ACTIVE_19s,54.0,54.0,0.0,0.0,0.0,0.0,0.0,PASS_<20%,4415.45,39.0,NO,STANDBY_VEL_LOW,0,0.00,4590.00,74.75,FALSE,OPENING_SHIELD_ACTIVE_19s
2026-09-07 16:15:20.018,1788797720.019,12203,40,40,4415.84,4415.92,8.0,PASS_<=10c,+0.0,FLAT,+54.0,+10.0,4.2,+0.25,0.06,SLOW,4415.74,4417.30,4415.26,4415.31,0.00,0.00,0.0,BULLISH,204.0,4415.30,4415.84,4415.30,4415.84,20,CLEARED_>=20s,54.0,54.0,0.0,0.0,0.0,0.0,0.0,PASS_<20%,4415.45,39.0,YES,STANDBY_VEL_LOW,0,0.00,4590.00,74.75,TRUE,READY_TO_FIRE
2026-09-07 16:15:52.882,1788797752.883,12204,41,41,4415.84,4415.92,8.0,PASS_<=10c,+0.0,FLAT,+54.0,+10.0,1.9,+0.15,0.08,SLOW,4415.74,4417.30,4415.30,4415.36,0.00,0.00,0.0,BULLISH,200.0,4415.30,4415.84,4415.30,4415.84,52,CLEARED_>=20s,54.0,54.0,0.0,0.0,0.0,0.0,0.0,PASS_<20%,4415.45,39.0,YES,STANDBY_VEL_LOW,1,4415.92,174.08,74.75,TRUE,READY_TO_FIRE
2026-09-07 16:16:03.114,1788797763.115,12205,1,42,4415.84,4415.92,8.0,PASS_<=10c,+0.0,FLAT,+0.0,+10.0,1.2,+0.45,0.38,SLOW,4415.74,4417.30,4415.30,4415.36,0.00,0.00,0.0,BULLISH,200.0,4415.84,4415.84,4415.84,4415.84,3,ACTIVE_3s,1.0,0.0,0.0,0.0,0.0,0.0,0.0,PASS_<20%,0.00,0.0,NO,STANDBY_VEL_LOW,1,4415.92,174.08,74.75,FALSE,M1_DIRECTION_MISMATCH|OPENING_SHIELD_ACTIVE_3s
2026-09-07 16:16:04.323,1788797764.323,12206,2,43,4415.84,4415.92,8.0,PASS_<=10c,+0.0,FLAT,+0.0,+10.0,2.5,+0.32,0.13,SLOW,4415.74,4417.30,4415.30,4415.36,0.00,0.00,0.0,BULLISH,200.0,4415.84,4415.84,4415.84,4415.84,4,ACTIVE_4s,1.0,0.0,0.0,0.0,0.0,0.0,0.0,PASS_<20%,0.00,0.0,NO,STANDBY_VEL_LOW,1,4415.92,174.08,74.75,FALSE,M1_DIRECTION_MISMATCH|OPENING_SHIELD_ACTIVE_4s
2026-09-07 16:16:04.826,1788797764.826,12207,3,44,4415.41,4415.49,8.0,PASS_<=10c,-43.0,DOWN,-43.0,-33.0,2.9,+25.14,8.67,SLOW,4415.74,4417.30,4415.30,4415.36,0.00,0.00,0.0,BULLISH,200.0,4415.84,4415.84,4415.41,4415.41,4,ACTIVE_4s,43.0,43.0,0.0,0.0,0.0,0.0,0.0,PASS_<20%,0.00,0.0,NO,STANDBY_VEL_LOW,1,4415.92,174.08,74.75,FALSE,M1_DIRECTION_MISMATCH|OPENING_SHIELD_ACTIVE_4s
2026-09-07 16:16:05.327,1788797765.328,12208,4,45,4415.41,4415.49,8.0,PASS_<=10c,+0.0,FLAT,-43.0,-33.0,3.2,+19.43,6.07,SLOW,4415.74,4417.30,4415.30,4415.36,0.00,0.00,0.0,BULLISH,200.0,4415.84,4415.84,4415.41,4415.41,5,ACTIVE_5s,43.0,43.0,0.0,0.0,0.0,0.0,0.0,PASS_<20%,0.00,0.0,NO,STANDBY_VEL_LOW,0,0.00,4590.00,72.85,FALSE,M1_DIRECTION_MISMATCH|OPENING_SHIELD_ACTIVE_5s
2026-09-07 16:16:05.828,1788797765.829,12209,5,46,4415.41,4415.49,8.0,PASS_<=10c,+0.0,FLAT,-43.0,-33.0,3.3,+15.85,4.80,SLOW,4415.74,4417.30,4415.30,4415.36,0.00,0.00,0.0,BULLISH,200.0,4415.84,4415.84,4415.41,4415.41,5,ACTIVE_5s,43.0,43.0,0.0,0.0,0.0,0.0,0.0,PASS_<20%,0.00,0.0,NO,STANDBY_VEL_LOW,0,0.00,4590.00,72.85,FALSE,M1_DIRECTION_MISMATCH|OPENING_SHIELD_ACTIVE_5s
2026-09-07 16:16:06.330,1788797766.330,12210,6,47,4415.39,4415.47,8.0,PASS_<=10c,-2.0,DOWN,-45.0,-35.0,3.4,+14.00,4.12,SLOW,4415.74,4417.30,4415.30,4415.36,0.00,0.00,0.0,BULLISH,200.0,4415.84,4415.84,4415.39,4415.39,6,ACTIVE_6s,45.0,45.0,0.0,0.0,0.0,0.0,0.0,PASS_<20%,0.00,0.0,NO,STANDBY_VEL_LOW,0,0.00,4590.00,72.85,FALSE,M1_DIRECTION_MISMATCH|OPENING_SHIELD_ACTIVE_6s
2026-09-07 16:16:06.832,1788797766.832,12211,7,48,4415.39,4415.47,8.0,PASS_<=10c,+0.0,FLAT,-45.0,-35.0,3.5,+12.11,3.46,SLOW,4415.74,4417.30,4415.30,4415.36,0.00,0.00,0.0,BULLISH,200.0,4415.84,4415.84,4415.39,4415.39,6,ACTIVE_6s,45.0,45.0,0.0,0.0,0.0,0.0,0.0,PASS_<20%,0.00,0.0,NO,STANDBY_VEL_LOW,0,0.00,4590.00,72.85,FALSE,M1_DIRECTION_MISMATCH|OPENING_SHIELD_ACTIVE_6s
2026-09-07 16:16:07.333,1788797767.333,12212,8,49,4415.37,4415.45,8.0,PASS_<=10c,-2.0,DOWN,-47.0,-37.0,3.6,+11.14,3.09,SLOW,4415.74,4417.30,4415.30,4415.36,0.00,0.00,0.0,BULLISH,200.0,4415.84,4415.84,4415.37,4415.37,7,ACTIVE_7s,47.0,47.0,0.0,0.0,0.0,0.0,0.0,PASS_<20%,0.00,0.0,NO,STANDBY_VEL_LOW,0,0.00,4590.00,72.85,FALSE,M1_DIRECTION_MISMATCH|OPENING_SHIELD_ACTIVE_7s
2026-09-07 16:16:07.834,1788797767.834,12213,9,50,4415.37,4415.45,8.0,PASS_<=10c,+0.0,FLAT,-47.0,-37.0,3.6,+9.96,2.77,SLOW,4415.74,4417.30,4415.30,4415.36,0.00,0.00,0.0,BULLISH,200.0,4415.84,4415.84,4415.37,4415.37,7,ACTIVE_7s,47.0,47.0,0.0,0.0,0.0,0.0,0.0,PASS_<20%,0.00,0.0,NO,STANDBY_VEL_LOW,0,0.00,4590.00,72.85,FALSE,M1_DIRECTION_MISMATCH|OPENING_SHIELD_ACTIVE_7s
2026-09-07 16:16:08.336,1788797768.336,12214,10,51,4415.34,4415.42,8.0,PASS_<=10c,-3.0,DOWN,-50.0,-40.0,4.4,+12.15,2.76,SLOW,4415.74,4417.30,4415.30,4415.36,0.00,0.00,0.0,BULLISH,200.0,4415.84,4415.84,4415.34,4415.34,8,ACTIVE_8s,50.0,50.0,0.0,0.0,0.0,0.0,0.0,PASS_<20%,0.00,0.0,NO,STANDBY_VEL_LOW,0,0.00,4590.00,72.85,FALSE,M1_DIRECTION_MISMATCH|OPENING_SHIELD_ACTIVE_8s
2026-09-07 16:16:08.838,1788797768.838,12215,11,52,4415.20,4415.28,8.0,PASS_<=10c,-14.0,DOWN,-64.0,-54.0,4.3,+13.86,3.22,SLOW,4415.74,4417.30,4415.30,4415.36,0.00,0.00,0.0,BULLISH,200.0,4415.84,4415.84,4415.20,4415.20,8,ACTIVE_8s,64.0,64.0,0.0,0.0,0.0,0.0,0.0,PASS_<20%,0.00,0.0,NO,STANDBY_VEL_LOW,0,0.00,4590.00,72.85,FALSE,M1_DIRECTION_MISMATCH|OPENING_SHIELD_ACTIVE_8s
2026-09-07 16:16:09.340,1788797769.340,12216,12,53,4415.16,4415.24,8.0,PASS_<=10c,-4.0,DOWN,-68.0,-58.0,4.2,+6.30,1.50,SLOW,4415.74,4417.30,4415.30,4415.36,0.00,0.00,0.0,BULLISH,200.0,4415.84,4415.84,4415.16,4415.16,9,ACTIVE_9s,68.0,68.0,0.0,0.0,0.0,0.0,0.0,PASS_<20%,0.00,0.0,NO,STANDBY_VEL_LOW,0,0.00,4590.00,72.85,FALSE,M1_DIRECTION_MISMATCH|OPENING_SHIELD_ACTIVE_9s
2026-09-07 16:16:09.841,1788797769.841,12217,13,54,4415.16,4415.24,8.0,PASS_<=10c,+0.0,FLAT,-68.0,-58.0,4.2,+5.25,1.25,SLOW,4415.74,4417.30,4415.30,4415.36,0.00,0.00,0.0,BULLISH,200.0,4415.84,4415.84,4415.16,4415.16,9,ACTIVE_9s,68.0,68.0,0.0,0.0,0.0,0.0,0.0,PASS_<20%,0.00,0.0,NO,STANDBY_VEL_LOW,0,0.00,4590.00,72.85,FALSE,M1_DIRECTION_MISMATCH|OPENING_SHIELD_ACTIVE_9s
2026-09-07 16:16:10.343,1788797770.344,12218,14,55,4415.13,4415.21,8.0,PASS_<=10c,-3.0,DOWN,-71.0,-61.0,4.2,+5.88,1.40,SLOW,4415.74,4417.30,4415.30,4415.36,0.00,0.00,0.0,BULLISH,200.0,4415.84,4415.84,4415.12,4415.13,10,ACTIVE_10s,72.0,71.0,0.0,1.0,0.0,1.4,0.0,PASS_<20%,0.00,0.0,NO,STANDBY_VEL_LOW,0,0.00,4590.00,72.85,FALSE,M1_DIRECTION_MISMATCH|OPENING_SHIELD_ACTIVE_10s
2026-09-07 16:16:10.844,1788797770.845,12219,15,56,4415.16,4415.24,8.0,PASS_<=10c,+3.0,UP,-68.0,-58.0,4.2,+5.25,1.25,SLOW,4415.74,4417.30,4415.30,4415.36,0.00,0.00,0.0,BULLISH,200.0,4415.84,4415.84,4415.12,4415.16,10,ACTIVE_10s,72.0,68.0,0.0,4.0,0.0,5.6,0.0,PASS_<20%,0.00,0.0,NO,STANDBY_VEL_LOW,0,0.00,4590.00,72.85,FALSE,M1_DIRECTION_MISMATCH|OPENING_SHIELD_ACTIVE_10s
2026-09-07 16:16:11.345,1788797771.346,12220,16,57,4415.20,4415.28,8.0,PASS_<=10c,+4.0,UP,-64.0,-54.0,4.2,+3.99,0.95,SLOW,4415.74,4417.30,4415.30,4415.36,0.00,0.00,0.0,BULLISH,200.0,4415.84,4415.84,4415.12,4415.20,11,ACTIVE_11s,72.0,64.0,0.0,8.0,0.0,11.1,0.0,PASS_<20%,0.00,0.0,NO,STANDBY_VEL_LOW,0,0.00,4590.00,72.85,FALSE,M1_DIRECTION_MISMATCH|OPENING_SHIELD_ACTIVE_11s
2026-09-07 16:16:11.848,1788797771.848,12221,17,58,4415.20,4415.28,8.0,PASS_<=10c,+0.0,FLAT,-64.0,-54.0,4.2,+3.57,0.85,SLOW,4415.74,4417.30,4415.30,4415.36,0.00,0.00,0.0,BULLISH,200.0,4415.84,4415.84,4415.12,4415.20,11,ACTIVE_11s,72.0,64.0,0.0,8.0,0.0,11.1,0.0,PASS_<20%,0.00,0.0,NO,STANDBY_VEL_LOW,0,0.00,4590.00,72.85,FALSE,M1_DIRECTION_MISMATCH|OPENING_SHIELD_ACTIVE_11s
2026-09-07 16:16:12.349,1788797772.350,12222,18,59,4415.18,4415.26,8.0,PASS_<=10c,-2.0,DOWN,-66.0,-56.0,4.2,+3.99,0.95,SLOW,4415.74,4417.30,4415.30,4415.36,0.00,0.00,0.0,BULLISH,200.0,4415.84,4415.84,4415.12,4415.18,12,ACTIVE_12s,72.0,66.0,0.0,6.0,0.0,8.3,0.0,PASS_<20%,0.00,0.0,NO,STANDBY_VEL_LOW,0,0.00,4590.00,72.85,FALSE,M1_DIRECTION_MISMATCH|OPENING_SHIELD_ACTIVE_12s
2026-09-07 16:16:12.849,1788797772.850,12223,19,60,4415.20,4415.28,8.0,PASS_<=10c,+2.0,UP,-64.0,-54.0,4.2,+2.94,0.70,SLOW,4415.74,4417.30,4415.30,4415.36,0.00,0.00,0.0,BULLISH,200.0,4415.84,4415.84,4415.12,4415.20,12,ACTIVE_12s,72.0,64.0,0.0,8.0,0.0,11.1,0.0,PASS_<20%,0.00,0.0,NO,STANDBY_VEL_LOW,0,0.00,4590.00,72.85,FALSE,M1_DIRECTION_MISMATCH|OPENING_SHIELD_ACTIVE_12s
2026-09-07 16:16:13.352,1788797773.353,12224,20,61,4415.19,4415.27,8.0,PASS_<=10c,-1.0,DOWN,-65.0,-55.0,4.2,+3.36,0.80,SLOW,4415.74,4417.30,4415.30,4415.36,0.00,0.00,0.0,BULLISH,200.0,4415.84,4415.84,4415.12,4415.19,13,ACTIVE_13s,72.0,65.0,0.0,7.0,0.0,9.7,0.0,PASS_<20%,0.00,0.0,NO,STANDBY_VEL_LOW,0,0.00,4590.00,72.85,FALSE,M1_DIRECTION_MISMATCH|OPENING_SHIELD_ACTIVE_13s
2026-09-07 16:16:13.853,1788797773.854,12225,21,62,4415.18,4415.26,8.0,PASS_<=10c,-1.0,DOWN,-66.0,-56.0,4.2,+0.42,0.10,SLOW,4415.74,4417.30,4415.30,4415.36,0.00,0.00,0.0,BULLISH,200.0,4415.84,4415.84,4415.12,4415.18,13,ACTIVE_13s,72.0,66.0,0.0,6.0,0.0,8.3,0.0,PASS_<20%,0.00,0.0,NO,STANDBY_VEL_LOW,0,0.00,4590.00,72.85,FALSE,M1_DIRECTION_MISMATCH|OPENING_SHIELD_ACTIVE_13s
2026-09-07 16:16:14.355,1788797774.355,12226,22,63,4415.18,4415.26,8.0,PASS_<=10c,+0.0,FLAT,-66.0,-56.0,4.2,+0.42,0.10,SLOW,4415.74,4417.30,4415.30,4415.36,0.00,0.00,0.0,BULLISH,200.0,4415.84,4415.84,4415.12,4415.18,14,ACTIVE_14s,72.0,66.0,0.0,6.0,0.0,8.3,0.0,PASS_<20%,0.00,0.0,NO,STANDBY_VEL_LOW,0,0.00,4590.00,72.85,FALSE,M1_DIRECTION_MISMATCH|OPENING_SHIELD_ACTIVE_14s
2026-09-07 16:16:14.856,1788797774.857,12227,23,64,4415.13,4415.21,8.0,PASS_<=10c,-5.0,DOWN,-71.0,-61.0,4.2,+0.21,0.05,SLOW,4415.74,4417.30,4415.30,4415.36,0.00,0.00,0.0,BULLISH,200.0,4415.84,4415.84,4415.12,4415.13,14,ACTIVE_14s,72.0,71.0,0.0,1.0,0.0,1.4,0.0,PASS_<20%,0.00,0.0,NO,STANDBY_VEL_LOW,0,0.00,4590.00,72.85,FALSE,M1_DIRECTION_MISMATCH|OPENING_SHIELD_ACTIVE_14s
2026-09-07 16:16:15.357,1788797775.358,12228,24,65,4415.13,4415.21,8.0,PASS_<=10c,+0.0,FLAT,-71.0,-61.0,4.2,+0.63,0.15,SLOW,4415.74,4417.30,4415.30,4415.36,0.00,0.00,0.0,BULLISH,200.0,4415.84,4415.84,4415.12,4415.13,15,ACTIVE_15s,72.0,71.0,0.0,1.0,0.0,1.4,0.0,PASS_<20%,0.00,0.0,NO,STANDBY_VEL_LOW,0,0.00,4590.00,72.85,FALSE,M1_DIRECTION_MISMATCH|OPENING_SHIELD_ACTIVE_15s
2026-09-07 16:16:15.859,1788797775.860,12229,25,66,4415.13,4415.21,8.0,PASS_<=10c,+0.0,FLAT,-71.0,-61.0,4.2,+1.26,0.30,SLOW,4415.74,4417.30,4415.30,4415.36,0.00,0.00,0.0,BULLISH,200.0,4415.84,4415.84,4415.12,4415.13,15,ACTIVE_15s,72.0,71.0,0.0,1.0,0.0,1.4,0.0,PASS_<20%,0.00,0.0,NO,STANDBY_VEL_LOW,0,0.00,4590.00,72.85,FALSE,M1_DIRECTION_MISMATCH|OPENING_SHIELD_ACTIVE_15s
2026-09-07 16:16:16.361,1788797776.361,12230,26,67,4415.13,4415.21,8.0,PASS_<=10c,+0.0,FLAT,-71.0,-61.0,4.2,+1.47,0.35,SLOW,4415.74,4417.30,4415.30,4415.36,0.00,0.00,0.0,BULLISH,200.0,4415.84,4415.84,4415.12,4415.13,16,ACTIVE_16s,72.0,71.0,0.0,1.0,0.0,1.4,0.0,PASS_<20%,0.00,0.0,NO,STANDBY_VEL_LOW,0,0.00,4590.00,72.85,FALSE,M1_DIRECTION_MISMATCH|OPENING_SHIELD_ACTIVE_16s
2026-09-07 16:16:16.863,1788797776.863,12231,27,68,4415.12,4415.20,8.0,PASS_<=10c,-1.0,DOWN,-72.0,-62.0,4.2,+1.26,0.30,SLOW,4415.74,4417.30,4415.30,4415.36,0.00,0.00,0.0,BULLISH,200.0,4415.84,4415.84,4415.12,4415.12,16,ACTIVE_16s,72.0,72.0,0.0,0.0,0.0,0.0,0.0,PASS_<20%,0.00,0.0,NO,STANDBY_VEL_LOW,0,0.00,4590.00,72.85,FALSE,M1_DIRECTION_MISMATCH|OPENING_SHIELD_ACTIVE_16s
2026-09-07 16:16:17.365,1788797777.365,12232,28,69,4415.12,4415.20,8.0,PASS_<=10c,+0.0,FLAT,-72.0,-62.0,4.2,+1.26,0.30,SLOW,4415.74,4417.30,4415.30,4415.36,0.00,0.00,0.0,BULLISH,200.0,4415.84,4415.84,4415.12,4415.12,17,ACTIVE_17s,72.0,72.0,0.0,0.0,0.0,0.0,0.0,PASS_<20%,0.00,0.0,NO,STANDBY_VEL_LOW,0,0.00,4590.00,72.85,FALSE,M1_DIRECTION_MISMATCH|OPENING_SHIELD_ACTIVE_17s
2026-09-07 16:16:17.866,1788797777.866,12233,29,70,4415.12,4415.20,8.0,PASS_<=10c,+0.0,FLAT,-72.0,-62.0,4.2,+1.47,0.35,SLOW,4415.74,4417.30,4415.30,4415.36,0.00,0.00,0.0,BULLISH,200.0,4415.84,4415.84,4415.12,4415.12,17,ACTIVE_17s,72.0,72.0,0.0,0.0,0.0,0.0,0.0,PASS_<20%,0.00,0.0,NO,STANDBY_VEL_LOW,0,0.00,4590.00,72.85,FALSE,M1_DIRECTION_MISMATCH|OPENING_SHIELD_ACTIVE_17s
2026-09-07 16:16:18.369,1788797778.370,12234,30,71,4415.12,4415.20,8.0,PASS_<=10c,+0.0,FLAT,-72.0,-62.0,4.2,+1.47,0.35,SLOW,4415.74,4417.30,4415.30,4415.36,0.00,0.00,0.0,BULLISH,200.0,4415.84,4415.84,4415.12,4415.12,18,ACTIVE_18s,72.0,72.0,0.0,0.0,0.0,0.0,0.0,PASS_<20%,0.00,0.0,NO,STANDBY_VEL_LOW,0,0.00,4590.00,72.85,FALSE,M1_DIRECTION_MISMATCH|OPENING_SHIELD_ACTIVE_18s
2026-09-07 16:16:18.871,1788797778.871,12235,31,72,4415.12,4415.20,8.0,PASS_<=10c,+0.0,FLAT,-72.0,-62.0,4.2,+1.26,0.30,SLOW,4415.74,4417.30,4415.30,4415.36,0.00,0.00,0.0,BULLISH,200.0,4415.84,4415.84,4415.12,4415.12,18,ACTIVE_18s,72.0,72.0,0.0,0.0,0.0,0.0,0.0,PASS_<20%,0.00,0.0,NO,STANDBY_VEL_LOW,0,0.00,4590.00,72.85,FALSE,M1_DIRECTION_MISMATCH|OPENING_SHIELD_ACTIVE_18s
2026-09-07 16:16:19.373,1788797779.373,12236,32,73,4415.12,4415.20,8.0,PASS_<=10c,+0.0,FLAT,-72.0,-62.0,4.2,+1.05,0.25,SLOW,4415.74,4417.30,4415.30,4415.36,0.00,0.00,0.0,BULLISH,200.0,4415.84,4415.84,4415.12,4415.12,19,ACTIVE_19s,72.0,72.0,0.0,0.0,0.0,0.0,0.0,PASS_<20%,0.00,0.0,NO,STANDBY_VEL_LOW,0,0.00,4590.00,72.85,FALSE,M1_DIRECTION_MISMATCH|OPENING_SHIELD_ACTIVE_19s
2026-09-07 16:16:19.874,1788797779.874,12237,33,74,4415.12,4415.20,8.0,PASS_<=10c,+0.0,FLAT,-72.0,-62.0,4.2,+0.21,0.05,SLOW,4415.74,4417.30,4415.30,4415.36,0.00,0.00,0.0,BULLISH,200.0,4415.84,4415.84,4415.12,4415.12,19,ACTIVE_19s,72.0,72.0,0.0,0.0,0.0,0.0,0.0,PASS_<20%,0.00,0.0,NO,STANDBY_VEL_LOW,0,0.00,4590.00,72.85,FALSE,M1_DIRECTION_MISMATCH|OPENING_SHIELD_ACTIVE_19s
2026-09-07 16:16:20.375,1788797780.376,12238,34,75,4415.12,4415.20,8.0,PASS_<=10c,+0.0,FLAT,-72.0,-62.0,4.2,+0.21,0.05,SLOW,4415.74,4417.30,4415.30,4415.36,0.00,0.00,0.0,BULLISH,200.0,4415.84,4415.84,4415.12,4415.12,20,CLEARED_>=20s,72.0,72.0,0.0,0.0,0.0,0.0,0.0,PASS_<20%,0.00,0.0,NO,STANDBY_VEL_LOW,0,0.00,4590.00,72.85,FALSE,M1_DIRECTION_MISMATCH
2026-09-07 16:16:20.878,1788797780.879,12239,35,76,4415.12,4415.20,8.0,PASS_<=10c,+0.0,FLAT,-72.0,-62.0,4.2,+0.21,0.05,SLOW,4415.74,4417.30,4415.30,4415.36,0.00,0.00,0.0,BULLISH,200.0,4415.84,4415.84,4415.12,4415.12,20,CLEARED_>=20s,72.0,72.0,0.0,0.0,0.0,0.0,0.0,PASS_<20%,0.00,0.0,NO,STANDBY_VEL_LOW,0,0.00,4590.00,72.85,FALSE,M1_DIRECTION_MISMATCH
2026-09-07 16:16:21.380,1788797781.380,12240,36,77,4415.14,4415.22,8.0,PASS_<=10c,+2.0,UP,-70.0,-60.0,4.2,+0.42,0.10,SLOW,4415.74,4417.30,4415.30,4415.36,0.00,0.00,0.0,BULLISH,200.0,4415.84,4415.84,4415.12,4415.14,21,CLEARED_>=20s,72.0,70.0,0.0,2.0,0.0,2.8,0.0,PASS_<20%,0.00,0.0,NO,STANDBY_VEL_LOW,0,0.00,4590.00,72.85,FALSE,M1_DIRECTION_MISMATCH
2026-09-07 16:16:21.881,1788797781.882,12241,37,78,4415.15,4415.23,8.0,PASS_<=10c,+1.0,UP,-69.0,-59.0,4.2,+0.63,0.15,SLOW,4415.74,4417.30,4415.30,4415.36,0.00,0.00,0.0,BULLISH,200.0,4415.84,4415.84,4415.12,4415.15,21,CLEARED_>=20s,72.0,69.0,0.0,3.0,0.0,4.2,0.0,PASS_<20%,0.00,0.0,NO,STANDBY_VEL_LOW,0,0.00,4590.00,72.85,FALSE,M1_DIRECTION_MISMATCH
2026-09-07 16:16:22.383,1788797782.384,12242,38,79,4415.13,4415.21,8.0,PASS_<=10c,-2.0,DOWN,-71.0,-61.0,4.2,+0.21,0.05,SLOW,4415.74,4417.30,4415.30,4415.36,0.00,0.00,0.0,BULLISH,200.0,4415.84,4415.84,4415.12,4415.13,22,CLEARED_>=20s,72.0,71.0,0.0,1.0,0.0,1.4,0.0,PASS_<20%,0.00,0.0,NO,STANDBY_VEL_LOW,0,0.00,4590.00,72.85,FALSE,M1_DIRECTION_MISMATCH
2026-09-07 16:16:22.884,1788797782.885,12243,39,80,4415.13,4415.21,8.0,PASS_<=10c,+0.0,FLAT,-71.0,-61.0,4.2,+0.21,0.05,SLOW,4415.74,4417.30,4415.30,4415.36,0.00,0.00,0.0,BULLISH,200.0,4415.84,4415.84,4415.12,4415.13,22,CLEARED_>=20s,72.0,71.0,0.0,1.0,0.0,1.4,0.0,PASS_<20%,0.00,0.0,NO,STANDBY_VEL_LOW,0,0.00,4590.00,72.85,FALSE,M1_DIRECTION_MISMATCH
2026-09-07 16:16:23.385,1788797783.386,12244,40,81,4415.13,4415.21,8.0,PASS_<=10c,+0.0,FLAT,-71.0,-61.0,4.2,+0.21,0.05,SLOW,4415.74,4417.30,4415.30,4415.36,0.00,0.00,0.0,BULLISH,200.0,4415.84,4415.84,4415.12,4415.13,23,CLEARED_>=20s,72.0,71.0,0.0,1.0,0.0,1.4,0.0,PASS_<20%,0.00,0.0,NO,STANDBY_VEL_LOW,0,0.00,4590.00,72.85,FALSE,M1_DIRECTION_MISMATCH
2026-09-07 16:16:23.887,1788797783.887,12245,41,82,4415.13,4415.21,8.0,PASS_<=10c,+0.0,FLAT,-71.0,-61.0,4.2,+0.21,0.05,SLOW,4415.74,4417.30,4415.30,4415.36,0.00,0.00,0.0,BULLISH,200.0,4415.84,4415.84,4415.12,4415.13,23,CLEARED_>=20s,72.0,71.0,0.0,1.0,0.0,1.4,0.0,PASS_<20%,0.00,0.0,NO,STANDBY_VEL_LOW,0,0.00,4590.00,72.85,FALSE,M1_DIRECTION_MISMATCH
2026-09-07 16:16:24.387,1788797784.388,12246,42,83,4415.13,4415.21,8.0,PASS_<=10c,+0.0,FLAT,-71.0,-61.0,4.2,+0.21,0.05,SLOW,4415.74,4417.30,4415.30,4415.36,0.00,0.00,0.0,BULLISH,200.0,4415.84,4415.84,4415.12,4415.13,24,CLEARED_>=20s,72.0,71.0,0.0,1.0,0.0,1.4,0.0,PASS_<20%,0.00,0.0,NO,STANDBY_VEL_LOW,0,0.00,4590.00,72.85,FALSE,M1_DIRECTION_MISMATCH
2026-09-07 16:16:24.889,1788797784.889,12247,43,84,4415.13,4415.21,8.0,PASS_<=10c,+0.0,FLAT,-71.0,-61.0,4.2,+0.21,0.05,SLOW,4415.74,4417.30,4415.30,4415.36,0.00,0.00,0.0,BULLISH,200.0,4415.84,4415.84,4415.12,4415.13,24,CLEARED_>=20s,72.0,71.0,0.0,1.0,0.0,1.4,0.0,PASS_<20%,0.00,0.0,NO,STANDBY_VEL_LOW,0,0.00,4590.00,72.85,FALSE,M1_DIRECTION_MISMATCH
2026-09-07 16:16:25.390,1788797785.390,12248,44,85,4415.13,4415.21,8.0,PASS_<=10c,+0.0,FLAT,-71.0,-61.0,4.2,+0.21,0.05,SLOW,4415.74,4417.30,4415.30,4415.36,0.00,0.00,0.0,BULLISH,200.0,4415.84,4415.84,4415.12,4415.13,25,CLEARED_>=20s,72.0,71.0,0.0,1.0,0.0,1.4,0.0,PASS_<20%,0.00,0.0,NO,STANDBY_VEL_LOW,0,0.00,4590.00,72.85,FALSE,M1_DIRECTION_MISMATCH
2026-09-07 16:16:25.891,1788797785.891,12249,45,86,4415.13,4415.21,8.0,PASS_<=10c,+0.0,FLAT,-71.0,-61.0,4.2,+0.21,0.05,SLOW,4415.74,4417.30,4415.30,4415.36,0.00,0.00,0.0,BULLISH,200.0,4415.84,4415.84,4415.12,4415.13,25,CLEARED_>=20s,72.0,71.0,0.0,1.0,0.0,1.4,0.0,PASS_<20%,0.00,0.0,NO,STANDBY_VEL_LOW,0,0.00,4590.00,72.85,FALSE,M1_DIRECTION_MISMATCH
2026-09-07 16:16:26.392,1788797786.393,12250,46,87,4415.13,4415.21,8.0,PASS_<=10c,+0.0,FLAT,-71.0,-61.0,4.2,+0.42,0.10,SLOW,4415.74,4417.30,4415.30,4415.36,0.00,0.00,0.0,BULLISH,200.0,4415.84,4415.84,4415.12,4415.13,26,CLEARED_>=20s,72.0,71.0,0.0,1.0,0.0,1.4,0.0,PASS_<20%,0.00,0.0,NO,STANDBY_VEL_LOW,0,0.00,4590.00,72.85,FALSE,M1_DIRECTION_MISMATCH
2026-09-07 16:16:26.893,1788797786.893,12251,47,88,4415.13,4415.21,8.0,PASS_<=10c,+0.0,FLAT,-71.0,-61.0,4.2,+0.42,0.10,SLOW,4415.74,4417.30,4415.30,4415.36,0.00,0.00,0.0,BULLISH,200.0,4415.84,4415.84,4415.12,4415.13,26,CLEARED_>=20s,72.0,71.0,0.0,1.0,0.0,1.4,0.0,PASS_<20%,0.00,0.0,NO,STANDBY_VEL_LOW,0,0.00,4590.00,72.85,FALSE,M1_DIRECTION_MISMATCH
2026-09-07 16:16:27.396,1788797787.396,12252,48,89,4415.13,4415.21,8.0,PASS_<=10c,+0.0,FLAT,-71.0,-61.0,4.2,+0.00,0.00,SLOW,4415.74,4417.30,4415.30,4415.36,0.00,0.00,0.0,BULLISH,200.0,4415.84,4415.84,4415.12,4415.13,27,CLEARED_>=20s,72.0,71.0,0.0,1.0,0.0,1.4,0.0,PASS_<20%,0.00,0.0,NO,STANDBY_VEL_LOW,0,0.00,4590.00,72.85,FALSE,M1_DIRECTION_MISMATCH
2026-09-07 16:16:27.897,1788797787.897,12253,49,90,4415.13,4415.21,8.0,PASS_<=10c,+0.0,FLAT,-71.0,-61.0,4.2,+0.00,0.00,SLOW,4415.74,4417.30,4415.30,4415.36,0.00,0.00,0.0,BULLISH,200.0,4415.84,4415.84,4415.12,4415.13,27,CLEARED_>=20s,72.0,71.0,0.0,1.0,0.0,1.4,0.0,PASS_<20%,0.00,0.0,NO,STANDBY_VEL_LOW,0,0.00,4590.00,72.85,FALSE,M1_DIRECTION_MISMATCH
2026-09-07 16:16:28.398,1788797788.399,12254,50,91,4415.13,4415.21,8.0,PASS_<=10c,+0.0,FLAT,-71.0,-61.0,4.2,+0.00,0.00,SLOW,4415.74,4417.30,4415.30,4415.36,0.00,0.00,0.0,BULLISH,200.0,4415.84,4415.84,4415.12,4415.13,28,CLEARED_>=20s,72.0,71.0,0.0,1.0,0.0,1.4,0.0,PASS_<20%,0.00,0.0,NO,STANDBY_VEL_LOW,0,0.00,4590.00,72.85,FALSE,M1_DIRECTION_MISMATCH
2026-09-07 16:16:28.900,1788797788.901,12255,51,92,4415.13,4415.21,8.0,PASS_<=10c,+0.0,FLAT,-71.0,-61.0,4.2,+0.00,0.00,SLOW,4415.74,4417.30,4415.30,4415.36,0.00,0.00,0.0,BULLISH,200.0,4415.84,4415.84,4415.12,4415.13,28,CLEARED_>=20s,72.0,71.0,0.0,1.0,0.0,1.4,0.0,PASS_<20%,0.00,0.0,NO,STANDBY_VEL_LOW,0,0.00,4590.00,72.85,FALSE,M1_DIRECTION_MISMATCH
2026-09-07 16:16:29.401,1788797789.402,12256,52,93,4415.13,4415.21,8.0,PASS_<=10c,+0.0,FLAT,-71.0,-61.0,4.2,+0.00,0.00,SLOW,4415.74,4417.30,4415.30,4415.36,0.00,0.00,0.0,BULLISH,200.0,4415.84,4415.84,4415.12,4415.13,29,CLEARED_>=20s,72.0,71.0,0.0,1.0,0.0,1.4,0.0,PASS_<20%,0.00,0.0,NO,STANDBY_VEL_LOW,0,0.00,4590.00,72.85,FALSE,M1_DIRECTION_MISMATCH
2026-09-07 16:16:39.775,1788797799.775,12257,53,94,4415.13,4415.21,8.0,PASS_<=10c,+0.0,FLAT,-71.0,-61.0,2.1,+0.00,0.00,SLOW,4415.74,4417.30,4415.30,4415.36,0.00,0.00,0.0,BULLISH,200.0,4415.84,4415.84,4415.12,4415.13,39,CLEARED_>=20s,72.0,71.0,0.0,1.0,0.0,1.4,0.0,PASS_<20%,0.00,0.0,NO,STANDBY_VEL_LOW,0,0.00,4590.00,72.85,FALSE,M1_DIRECTION_MISMATCH
2026-09-07 16:16:46.194,1788797806.195,12258,54,95,4415.13,4415.21,8.0,PASS_<=10c,+0.0,FLAT,-71.0,-61.0,1.9,+0.00,0.00,SLOW,4415.74,4417.30,4415.30,4415.36,0.00,0.00,0.0,BULLISH,200.0,4415.84,4415.84,4415.12,4415.13,46,CLEARED_>=20s,72.0,71.0,0.0,1.0,0.0,1.4,0.0,PASS_<20%,0.00,0.0,NO,STANDBY_VEL_LOW,0,0.00,4590.00,72.85,FALSE,M1_DIRECTION_MISMATCH
2026-09-07 16:16:46.549,1788797806.550,12259,55,96,4414.61,4414.69,8.0,PASS_<=10c,-52.0,DOWN,-123.0,-113.0,2.4,+31.33,13.05,SLOW,4415.74,4417.30,4415.30,4415.36,0.00,0.00,0.0,BULLISH,200.0,4415.84,4415.84,4414.61,4414.61,46,CLEARED_>=20s,123.0,123.0,0.0,0.0,0.0,0.0,0.0,PASS_<20%,0.00,0.0,NO,STANDBY_VEL_LOW,0,0.00,4590.00,72.85,FALSE,M1_DIRECTION_MISMATCH
2026-09-07 16:16:47.050,1788797807.050,12260,56,97,4414.61,4414.69,8.0,PASS_<=10c,+0.0,FLAT,-123.0,-113.0,2.8,+24.07,8.60,SLOW,4415.74,4417.30,4415.30,4415.36,0.00,0.00,0.0,BULLISH,200.0,4415.84,4415.84,4414.61,4414.61,47,CLEARED_>=20s,123.0,123.0,0.0,0.0,0.0,0.0,0.0,PASS_<20%,0.00,0.0,NO,STANDBY_VEL_LOW,0,0.00,4590.00,72.85,FALSE,M1_DIRECTION_MISMATCH
2026-09-07 16:16:47.551,1788797807.551,12261,57,98,4414.61,4414.69,8.0,PASS_<=10c,+0.0,FLAT,-123.0,-113.0,3.0,+19.54,6.51,SLOW,4415.74,4417.30,4415.30,4415.36,0.00,0.00,0.0,BULLISH,200.0,4415.84,4415.84,4414.61,4414.61,47,CLEARED_>=20s,123.0,123.0,0.0,0.0,0.0,0.0,0.0,PASS_<20%,0.00,0.0,NO,STANDBY_VEL_LOW,0,0.00,4590.00,72.85,FALSE,M1_DIRECTION_MISMATCH
2026-09-07 16:16:48.053,1788797808.053,12262,58,99,4414.61,4414.69,8.0,PASS_<=10c,+0.0,FLAT,-123.0,-113.0,3.2,+16.44,5.14,SLOW,4415.74,4417.30,4415.30,4415.36,0.00,0.00,0.0,BULLISH,200.0,4415.84,4415.84,4414.61,4414.61,48,CLEARED_>=20s,123.0,123.0,0.0,0.0,0.0,0.0,0.0,PASS_<20%,0.00,0.0,NO,STANDBY_VEL_LOW,0,0.00,4590.00,72.85,FALSE,M1_DIRECTION_MISMATCH
2026-09-07 16:16:48.554,1788797808.555,12263,59,100,4414.60,4414.68,8.0,PASS_<=10c,-1.0,DOWN,-124.0,-114.0,3.3,+14.46,4.38,SLOW,4415.74,4417.30,4415.30,4415.36,0.00,0.00,0.0,BULLISH,200.0,4415.84,4415.84,4414.60,4414.60,48,CLEARED_>=20s,124.0,124.0,0.0,0.0,0.0,0.0,0.0,PASS_<20%,0.00,0.0,NO,STANDBY_VEL_LOW,0,0.00,4590.00,72.85,FALSE,M1_DIRECTION_MISMATCH
2026-09-07 16:16:49.055,1788797809.056,12264,60,101,4414.60,4414.68,8.0,PASS_<=10c,+0.0,FLAT,-124.0,-114.0,3.4,+12.72,3.74,SLOW,4415.74,4417.30,4415.30,4415.36,0.00,0.00,0.0,BULLISH,200.0,4415.84,4415.84,4414.60,4414.60,49,CLEARED_>=20s,124.0,124.0,0.0,0.0,0.0,0.0,0.0,PASS_<20%,0.00,0.0,NO,STANDBY_VEL_LOW,0,0.00,4590.00,72.85,FALSE,M1_DIRECTION_MISMATCH
2026-09-07 16:16:49.557,1788797809.557,12265,61,102,4414.57,4414.65,8.0,PASS_<=10c,-3.0,DOWN,-127.0,-117.0,3.4,+12.00,3.53,SLOW,4415.74,4417.30,4415.30,4415.36,0.00,0.00,0.0,BULLISH,200.0,4415.84,4415.84,4414.57,4414.57,49,CLEARED_>=20s,127.0,127.0,0.0,0.0,0.0,0.0,0.0,PASS_<20%,0.00,0.0,NO,STANDBY_VEL_LOW,0,0.00,4590.00,72.85,FALSE,M1_DIRECTION_MISMATCH
2026-09-07 16:16:50.059,1788797810.060,12266,62,103,4414.55,4414.63,8.0,PASS_<=10c,-2.0,DOWN,-129.0,-119.0,4.4,+15.01,3.41,SLOW,4415.74,4417.30,4415.30,4415.36,0.00,0.00,0.0,BULLISH,200.0,4415.84,4415.84,4414.55,4414.55,50,CLEARED_>=20s,129.0,129.0,0.0,0.0,0.0,0.0,0.0,PASS_<20%,0.00,0.0,NO,STANDBY_VEL_LOW,0,0.00,4590.00,72.85,FALSE,M1_DIRECTION_MISMATCH
2026-09-07 16:16:50.559,1788797810.559,12267,63,104,4414.55,4414.63,8.0,PASS_<=10c,+0.0,FLAT,-129.0,-119.0,4.4,+13.29,3.02,SLOW,4415.74,4417.30,4415.30,4415.36,0.00,0.00,0.0,BULLISH,200.0,4415.84,4415.84,4414.55,4414.55,50,CLEARED_>=20s,129.0,129.0,0.0,0.0,0.0,0.0,0.0,PASS_<20%,0.00,0.0,NO,STANDBY_VEL_LOW,0,0.00,4590.00,72.85,FALSE,M1_DIRECTION_MISMATCH
2026-09-07 16:16:51.062,1788797811.062,12268,64,105,4414.53,4414.61,8.0,PASS_<=10c,-2.0,DOWN,-131.0,-121.0,4.3,+12.33,2.87,SLOW,4415.74,4417.30,4415.30,4415.36,0.00,0.00,0.0,BULLISH,200.0,4415.84,4415.84,4414.53,4414.53,51,CLEARED_>=20s,131.0,131.0,0.0,0.0,0.0,0.0,0.0,PASS_<20%,0.00,0.0,NO,STANDBY_VEL_LOW,0,0.00,4590.00,72.85,FALSE,M1_DIRECTION_MISMATCH
2026-09-07 16:16:51.563,1788797811.563,12269,65,106,4414.53,4414.61,8.0,PASS_<=10c,+0.0,FLAT,-131.0,-121.0,4.2,+1.68,0.40,SLOW,4415.74,4417.30,4415.30,4415.36,0.00,0.00,0.0,BULLISH,200.0,4415.84,4415.84,4414.53,4414.53,51,CLEARED_>=20s,131.0,131.0,0.0,0.0,0.0,0.0,0.0,PASS_<20%,0.00,0.0,NO,STANDBY_VEL_LOW,0,0.00,4590.00,72.85,FALSE,M1_DIRECTION_MISMATCH
2026-09-07 16:16:52.063,1788797812.063,12270,66,107,4414.57,4414.65,8.0,PASS_<=10c,+4.0,UP,-127.0,-117.0,4.2,+0.84,0.20,SLOW,4415.74,4417.30,4415.30,4415.36,0.00,0.00,0.0,BULLISH,200.0,4415.84,4415.84,4414.53,4414.57,52,CLEARED_>=20s,131.0,127.0,0.0,4.0,0.0,3.1,0.0,PASS_<20%,0.00,0.0,NO,STANDBY_VEL_LOW,0,0.00,4590.00,72.85,FALSE,M1_DIRECTION_MISMATCH
2026-09-07 16:16:52.564,1788797812.564,12271,67,108,4414.52,4414.60,8.0,PASS_<=10c,-5.0,DOWN,-132.0,-122.0,4.2,+1.89,0.45,SLOW,4415.74,4417.30,4415.30,4415.36,0.00,0.00,0.0,BULLISH,200.0,4415.84,4415.84,4414.52,4414.52,52,CLEARED_>=20s,132.0,132.0,0.0,0.0,0.0,0.0,0.0,PASS_<20%,0.00,0.0,NO,STANDBY_VEL_LOW,0,0.00,4590.00,72.85,FALSE,M1_DIRECTION_MISMATCH
2026-09-07 16:16:53.065,1788797813.066,12272,68,109,4414.49,4414.57,8.0,PASS_<=10c,-3.0,DOWN,-135.0,-125.0,4.2,+2.31,0.55,SLOW,4415.74,4417.30,4415.30,4415.36,0.00,0.00,0.0,BULLISH,200.0,4415.84,4415.84,4414.49,4414.49,53,CLEARED_>=20s,135.0,135.0,0.0,0.0,0.0,0.0,0.0,PASS_<20%,0.00,0.0,NO,STANDBY_VEL_LOW,0,0.00,4590.00,72.85,FALSE,M1_DIRECTION_MISMATCH
2026-09-07 16:16:53.567,1788797813.567,12273,69,110,4414.49,4414.57,8.0,PASS_<=10c,+0.0,FLAT,-135.0,-125.0,4.2,+2.31,0.55,SLOW,4415.74,4417.30,4415.30,4415.36,0.00,0.00,0.0,BULLISH,200.0,4415.84,4415.84,4414.49,4414.49,53,CLEARED_>=20s,135.0,135.0,0.0,0.0,0.0,0.0,0.0,PASS_<20%,0.00,0.0,NO,STANDBY_VEL_LOW,0,0.00,4590.00,72.85,FALSE,M1_DIRECTION_MISMATCH
2026-09-07 16:16:54.067,1788797814.068,12274,70,111,4414.51,4414.59,8.0,PASS_<=10c,+2.0,UP,-133.0,-123.0,4.2,+2.10,0.50,SLOW,4415.74,4417.30,4415.30,4415.36,0.00,0.00,0.0,BULLISH,200.0,4415.84,4415.84,4414.49,4414.51,54,CLEARED_>=20s,135.0,133.0,0.0,2.0,0.0,1.5,0.0,PASS_<20%,0.00,0.0,NO,STANDBY_VEL_LOW,0,0.00,4590.00,72.85,FALSE,M1_DIRECTION_MISMATCH
2026-09-07 16:16:54.569,1788797814.569,12275,71,112,4414.51,4414.59,8.0,PASS_<=10c,+0.0,FLAT,-133.0,-123.0,4.2,+0.84,0.20,SLOW,4415.74,4417.30,4415.30,4415.36,0.00,0.00,0.0,BULLISH,200.0,4415.84,4415.84,4414.49,4414.51,54,CLEARED_>=20s,135.0,133.0,0.0,2.0,0.0,1.5,0.0,PASS_<20%,0.00,0.0,NO,STANDBY_VEL_LOW,0,0.00,4590.00,72.85,FALSE,M1_DIRECTION_MISMATCH
2026-09-07 16:16:55.070,1788797815.070,12276,72,113,4414.53,4414.61,8.0,PASS_<=10c,+2.0,UP,-131.0,-121.0,4.2,+0.42,0.10,SLOW,4415.74,4417.30,4415.30,4415.36,0.00,0.00,0.0,BULLISH,200.0,4415.84,4415.84,4414.49,4414.53,55,CLEARED_>=20s,135.0,131.0,0.0,4.0,0.0,3.0,0.0,PASS_<20%,0.00,0.0,NO,STANDBY_VEL_LOW,0,0.00,4590.00,72.85,FALSE,M1_DIRECTION_MISMATCH
2026-09-07 16:16:55.571,1788797815.571,12277,73,114,4414.53,4414.61,8.0,PASS_<=10c,+0.0,FLAT,-131.0,-121.0,4.2,+0.00,0.00,SLOW,4415.74,4417.30,4415.30,4415.36,0.00,0.00,0.0,BULLISH,200.0,4415.84,4415.84,4414.49,4414.53,55,CLEARED_>=20s,135.0,131.0,0.0,4.0,0.0,3.0,0.0,PASS_<20%,0.00,0.0,NO,STANDBY_VEL_LOW,0,0.00,4590.00,72.85,FALSE,M1_DIRECTION_MISMATCH
2026-09-07 16:16:56.072,1788797816.073,12278,74,115,4414.55,4414.63,8.0,PASS_<=10c,+2.0,UP,-129.0,-119.0,4.2,+0.42,0.10,SLOW,4415.74,4417.30,4415.30,4415.36,0.00,0.00,0.0,BULLISH,200.0,4415.84,4415.84,4414.49,4414.55,56,CLEARED_>=20s,135.0,129.0,0.0,6.0,0.0,4.4,0.0,PASS_<20%,0.00,0.0,NO,STANDBY_VEL_LOW,0,0.00,4590.00,72.85,FALSE,M1_DIRECTION_MISMATCH
2026-09-07 16:16:56.573,1788797816.574,12279,75,116,4414.55,4414.63,8.0,PASS_<=10c,+0.0,FLAT,-129.0,-119.0,4.2,+0.42,0.10,SLOW,4415.74,4417.30,4415.30,4415.36,0.00,0.00,0.0,BULLISH,200.0,4415.84,4415.84,4414.49,4414.55,56,CLEARED_>=20s,135.0,129.0,0.0,6.0,0.0,4.4,0.0,PASS_<20%,0.00,0.0,NO,STANDBY_VEL_LOW,0,0.00,4590.00,72.85,FALSE,M1_DIRECTION_MISMATCH
2026-09-07 16:16:57.075,1788797817.075,12280,76,117,4414.53,4414.61,8.0,PASS_<=10c,-2.0,DOWN,-131.0,-121.0,4.2,+0.84,0.20,SLOW,4415.74,4417.30,4415.30,4415.36,0.00,0.00,0.0,BULLISH,200.0,4415.84,4415.84,4414.49,4414.53,57,CLEARED_>=20s,135.0,131.0,0.0,4.0,0.0,3.0,0.0,PASS_<20%,0.00,0.0,NO,STANDBY_VEL_LOW,0,0.00,4590.00,72.85,FALSE,M1_DIRECTION_MISMATCH
2026-09-07 16:16:57.577,1788797817.578,12281,77,118,4414.55,4414.63,8.0,PASS_<=10c,+2.0,UP,-129.0,-119.0,4.2,+1.26,0.30,SLOW,4415.74,4417.30,4415.30,4415.36,0.00,0.00,0.0,BULLISH,200.0,4415.84,4415.84,4414.49,4414.55,57,CLEARED_>=20s,135.0,129.0,0.0,6.0,0.0,4.4,0.0,PASS_<20%,0.00,0.0,NO,STANDBY_VEL_LOW,0,0.00,4590.00,72.85,FALSE,M1_DIRECTION_MISMATCH
2026-09-07 16:16:58.078,1788797818.079,12282,78,119,4414.56,4414.64,8.0,PASS_<=10c,+1.0,UP,-128.0,-118.0,4.2,+1.47,0.35,SLOW,4415.74,4417.30,4415.30,4415.36,0.00,0.00,0.0,BULLISH,200.0,4415.84,4415.84,4414.49,4414.56,58,CLEARED_>=20s,135.0,128.0,0.0,7.0,0.0,5.2,0.0,PASS_<20%,0.00,0.0,NO,STANDBY_VEL_LOW,0,0.00,4590.00,72.85,FALSE,M1_DIRECTION_MISMATCH
2026-09-07 16:16:58.580,1788797818.580,12283,79,120,4414.63,4414.71,8.0,PASS_<=10c,+7.0,UP,-121.0,-111.0,4.2,+2.94,0.70,SLOW,4415.74,4417.30,4415.30,4415.36,0.00,0.00,0.0,BULLISH,200.0,4415.84,4415.84,4414.49,4414.63,58,CLEARED_>=20s,135.0,121.0,0.0,14.0,0.0,10.4,0.0,PASS_<20%,0.00,0.0,NO,STANDBY_VEL_LOW,0,0.00,4590.00,72.85,FALSE,M1_DIRECTION_MISMATCH
2026-09-07 16:16:59.080,1788797819.081,12284,80,121,4414.73,4414.81,8.0,PASS_<=10c,+10.0,UP,-111.0,-101.0,4.2,+4.62,1.10,SLOW,4415.74,4417.30,4415.30,4415.36,0.00,0.00,0.0,BULLISH,200.0,4415.84,4415.84,4414.49,4414.73,59,CLEARED_>=20s,135.0,111.0,0.0,24.0,0.0,17.8,0.0,PASS_<20%,0.00,0.0,NO,STANDBY_VEL_LOW,0,0.00,4590.00,72.85,FALSE,M1_DIRECTION_MISMATCH
2026-09-07 16:16:59.583,1788797819.583,12285,81,122,4414.75,4414.83,8.0,PASS_<=10c,+2.0,UP,-109.0,-99.0,4.2,+5.04,1.20,SLOW,4415.74,4417.30,4415.30,4415.36,0.00,0.00,0.0,BULLISH,200.0,4415.84,4415.84,4414.49,4414.75,59,CLEARED_>=20s,135.0,109.0,0.0,26.0,0.0,19.3,0.0,PASS_<20%,0.00,0.0,NO,STANDBY_VEL_LOW,0,0.00,4590.00,72.85,FALSE,M1_DIRECTION_MISMATCH
2026-09-07 16:17:00.083,1788797820.083,12286,1,123,4414.71,4414.79,8.0,PASS_<=10c,-4.0,DOWN,+0.0,-103.0,4.2,+3.78,0.90,SLOW,4415.74,4417.30,4415.30,4415.36,0.00,0.00,0.0,BULLISH,200.0,4414.71,4414.71,4414.71,4414.71,0,ACTIVE_0s,1.0,0.0,0.0,0.0,0.0,0.0,0.0,PASS_<20%,0.00,0.0,NO,STANDBY_VEL_LOW,0,0.00,4590.00,72.85,FALSE,M1_DIRECTION_MISMATCH|OPENING_SHIELD_ACTIVE_0s
2026-09-07 16:17:00.584,1788797820.584,12287,2,124,4414.66,4414.74,8.0,PASS_<=10c,-5.0,DOWN,-5.0,-108.0,4.2,+2.10,0.50,SLOW,4415.74,4417.30,4415.30,4415.36,0.00,0.00,0.0,BULLISH,200.0,4414.71,4414.71,4414.66,4414.66,0,ACTIVE_0s,5.0,5.0,0.0,0.0,0.0,0.0,0.0,PASS_<20%,0.00,0.0,NO,STANDBY_VEL_LOW,0,0.00,4590.00,72.85,FALSE,M1_DIRECTION_MISMATCH|OPENING_SHIELD_ACTIVE_0s
2026-09-07 17:05:04.101,1788800704.102,1,1,1,4413.76,4413.84,8.0,PASS_<=10c,+0.0,FLAT,+0.0,-78.0,2.0,+0.00,0.00,SLOW,4414.54,4415.14,4413.54,4413.80,0.00,0.00,0.0,BULLISH,160.0,4413.76,4413.76,4413.76,4413.76,4,ACTIVE_4s,1.0,0.0,0.0,0.0,0.0,0.0,0.0,PASS_<20%,0.00,0.0,NO,STANDBY_VEL_LOW,0,0.00,4590.00,75.66,FALSE,M1_DIRECTION_MISMATCH|OPENING_SHIELD_ACTIVE_4s|VELOCITY_LOW_2.0
2026-09-07 17:05:04.598,1788800704.598,2,2,2,4413.76,4413.84,8.0,PASS_<=10c,+0.0,FLAT,+0.0,-78.0,4.0,+0.00,0.00,SLOW,4414.54,4415.14,4413.54,4413.80,0.00,0.00,0.0,BULLISH,160.0,4413.76,4413.76,4413.76,4413.76,4,ACTIVE_4s,1.0,0.0,0.0,0.0,0.0,0.0,0.0,PASS_<20%,0.00,0.0,NO,STANDBY_VEL_LOW,0,0.00,4590.00,75.66,FALSE,M1_DIRECTION_MISMATCH|OPENING_SHIELD_ACTIVE_4s|VELOCITY_LOW_4.0
2026-09-07 17:05:05.101,1788800705.101,3,3,3,4413.76,4413.84,8.0,PASS_<=10c,+0.0,FLAT,+0.0,-78.0,4.7,+0.00,0.00,SLOW,4414.54,4415.14,4413.54,4413.80,0.00,0.00,0.0,BULLISH,160.0,4413.76,4413.76,4413.76,4413.76,5,ACTIVE_5s,1.0,0.0,0.0,0.0,0.0,0.0,0.0,PASS_<20%,0.00,0.0,NO,STANDBY_VEL_LOW,0,0.00,4590.00,75.66,FALSE,M1_DIRECTION_MISMATCH|OPENING_SHIELD_ACTIVE_5s|VELOCITY_LOW_6.0
2026-09-07 17:05:05.602,1788800705.603,4,4,4,4413.76,4413.84,8.0,PASS_<=10c,+0.0,FLAT,+0.0,-78.0,4.5,+0.00,0.00,SLOW,4414.54,4415.14,4413.54,4413.80,0.00,0.00,0.0,BULLISH,160.0,4413.76,4413.76,4413.76,4413.76,5,ACTIVE_5s,1.0,0.0,0.0,0.0,0.0,0.0,0.0,PASS_<20%,0.00,0.0,NO,STANDBY_VEL_LOW,0,0.00,4590.00,75.66,FALSE,M1_DIRECTION_MISMATCH|OPENING_SHIELD_ACTIVE_5s|VELOCITY_LOW_8.0
2026-09-07 17:05:06.103,1788800706.104,5,5,5,4413.76,4413.84,8.0,PASS_<=10c,+0.0,FLAT,+0.0,-78.0,4.4,+0.00,0.00,SLOW,4414.54,4415.14,4413.54,4413.80,0.00,0.00,0.0,BULLISH,160.0,4413.76,4413.76,4413.76,4413.76,6,ACTIVE_6s,1.0,0.0,0.0,0.0,0.0,0.0,0.0,PASS_<20%,0.00,0.0,NO,STANDBY_VEL_LOW,0,0.00,4590.00,75.66,FALSE,M1_DIRECTION_MISMATCH|OPENING_SHIELD_ACTIVE_6s|VELOCITY_LOW_10.0
2026-09-07 17:05:06.605,1788800706.606,6,6,6,4413.76,4413.84,8.0,PASS_<=10c,+0.0,FLAT,+0.0,-78.0,4.3,+0.00,0.00,SLOW,4414.54,4415.14,4413.54,4413.80,0.00,0.00,0.0,BULLISH,160.0,4413.76,4413.76,4413.76,4413.76,6,ACTIVE_6s,1.0,0.0,0.0,0.0,0.0,0.0,0.0,PASS_<20%,0.00,0.0,NO,STANDBY_VEL_LOW,0,0.00,4590.00,75.66,FALSE,M1_DIRECTION_MISMATCH|OPENING_SHIELD_ACTIVE_6s|VELOCITY_LOW_12.0
2026-09-07 17:05:07.107,1788800707.108,7,7,7,4413.76,4413.84,8.0,PASS_<=10c,+0.0,FLAT,+0.0,-78.0,4.3,+0.00,0.00,SLOW,4414.54,4415.14,4413.54,4413.80,0.00,0.00,0.0,BULLISH,160.0,4413.76,4413.76,4413.76,4413.76,7,ACTIVE_7s,1.0,0.0,0.0,0.0,0.0,0.0,0.0,PASS_<20%,0.00,0.0,NO,STANDBY_VEL_LOW,0,0.00,4590.00,75.66,FALSE,M1_DIRECTION_MISMATCH|OPENING_SHIELD_ACTIVE_7s|VELOCITY_LOW_14.0
2026-09-07 17:05:07.609,1788800707.609,8,8,8,4413.76,4413.84,8.0,PASS_<=10c,+0.0,FLAT,+0.0,-78.0,4.2,+0.00,0.00,SLOW,4414.54,4415.14,4413.54,4413.80,0.00,0.00,0.0,BULLISH,160.0,4413.76,4413.76,4413.76,4413.76,7,ACTIVE_7s,1.0,0.0,0.0,0.0,0.0,0.0,0.0,PASS_<20%,0.00,0.0,NO,STANDBY_VEL_LOW,0,0.00,4590.00,75.66,FALSE,M1_DIRECTION_MISMATCH|OPENING_SHIELD_ACTIVE_7s|VELOCITY_LOW_16.0
2026-09-07 17:05:08.110,1788800708.111,9,9,9,4413.76,4413.84,8.0,PASS_<=10c,+0.0,FLAT,+0.0,-78.0,4.2,+0.00,0.00,SLOW,4414.54,4415.14,4413.54,4413.80,0.00,0.00,0.0,BULLISH,160.0,4413.76,4413.76,4413.76,4413.76,8,ACTIVE_8s,1.0,0.0,0.0,0.0,0.0,0.0,0.0,PASS_<20%,0.00,0.0,NO,STANDBY_VEL_LOW,0,0.00,4590.00,75.66,FALSE,M1_DIRECTION_MISMATCH|OPENING_SHIELD_ACTIVE_8s|VELOCITY_LOW_18.0
2026-09-07 17:05:08.611,1788800708.612,10,10,10,4413.76,4413.84,8.0,PASS_<=10c,+0.0,FLAT,+0.0,-78.0,4.2,+0.00,0.00,SLOW,4414.54,4415.14,4413.54,4413.80,0.00,0.00,0.0,BULLISH,160.0,4413.76,4413.76,4413.76,4413.76,8,ACTIVE_8s,1.0,0.0,0.0,0.0,0.0,0.0,0.0,PASS_<20%,0.00,0.0,NO,STANDBY_VEL_LOW,0,0.00,4590.00,75.66,FALSE,M1_DIRECTION_MISMATCH|OPENING_SHIELD_ACTIVE_8s
2026-09-07 17:05:09.114,1788800709.114,11,11,11,4413.76,4413.84,8.0,PASS_<=10c,+0.0,FLAT,+0.0,-78.0,4.2,+0.00,0.00,SLOW,4414.54,4415.14,4413.54,4413.80,0.00,0.00,0.0,BULLISH,160.0,4413.76,4413.76,4413.76,4413.76,9,ACTIVE_9s,1.0,0.0,0.0,0.0,0.0,0.0,0.0,PASS_<20%,0.00,0.0,NO,STANDBY_VEL_LOW,0,0.00,4590.00,75.66,FALSE,M1_DIRECTION_MISMATCH|OPENING_SHIELD_ACTIVE_9s
2026-09-07 17:05:09.616,1788800709.616,12,12,12,4413.76,4413.84,8.0,PASS_<=10c,+0.0,FLAT,+0.0,-78.0,4.2,+0.00,0.00,SLOW,4414.54,4415.14,4413.54,4413.80,0.00,0.00,0.0,BULLISH,160.0,4413.76,4413.76,4413.76,4413.76,9,ACTIVE_9s,1.0,0.0,0.0,0.0,0.0,0.0,0.0,PASS_<20%,0.00,0.0,NO,STANDBY_VEL_LOW,0,0.00,4590.00,75.66,FALSE,M1_DIRECTION_MISMATCH|OPENING_SHIELD_ACTIVE_9s
2026-09-07 17:05:10.118,1788800710.118,13,13,13,4413.76,4413.84,8.0,PASS_<=10c,+0.0,FLAT,+0.0,-78.0,4.2,+0.00,0.00,SLOW,4414.54,4415.14,4413.54,4413.80,0.00,0.00,0.0,BULLISH,160.0,4413.76,4413.76,4413.76,4413.76,10,ACTIVE_10s,1.0,0.0,0.0,0.0,0.0,0.0,0.0,PASS_<20%,0.00,0.0,NO,STANDBY_VEL_LOW,0,0.00,4590.00,75.66,FALSE,M1_DIRECTION_MISMATCH|OPENING_SHIELD_ACTIVE_10s
2026-09-07 17:05:10.620,1788800710.620,14,14,14,4413.76,4413.84,8.0,PASS_<=10c,+0.0,FLAT,+0.0,-78.0,4.2,+0.00,0.00,SLOW,4414.54,4415.14,4413.54,4413.80,0.00,0.00,0.0,BULLISH,160.0,4413.76,4413.76,4413.76,4413.76,10,ACTIVE_10s,1.0,0.0,0.0,0.0,0.0,0.0,0.0,PASS_<20%,0.00,0.0,NO,STANDBY_VEL_LOW,0,0.00,4590.00,75.66,FALSE,M1_DIRECTION_MISMATCH|OPENING_SHIELD_ACTIVE_10s
2026-09-07 17:05:11.121,1788800711.121,15,15,15,4413.76,4413.84,8.0,PASS_<=10c,+0.0,FLAT,+0.0,-78.0,4.2,+0.00,0.00,SLOW,4414.54,4415.14,4413.54,4413.80,0.00,0.00,0.0,BULLISH,160.0,4413.76,4413.76,4413.76,4413.76,11,ACTIVE_11s,1.0,0.0,0.0,0.0,0.0,0.0,0.0,PASS_<20%,0.00,0.0,NO,STANDBY_VEL_LOW,0,0.00,4590.00,75.66,FALSE,M1_DIRECTION_MISMATCH|OPENING_SHIELD_ACTIVE_11s
2026-09-07 17:05:11.623,1788800711.623,16,16,16,4413.76,4413.84,8.0,PASS_<=10c,+0.0,FLAT,+0.0,-78.0,4.2,+0.00,0.00,SLOW,4414.54,4415.14,4413.54,4413.80,0.00,0.00,0.0,BULLISH,160.0,4413.76,4413.76,4413.76,4413.76,11,ACTIVE_11s,1.0,0.0,0.0,0.0,0.0,0.0,0.0,PASS_<20%,0.00,0.0,NO,STANDBY_VEL_LOW,0,0.00,4590.00,75.66,FALSE,M1_DIRECTION_MISMATCH|OPENING_SHIELD_ACTIVE_11s
2026-09-07 17:05:12.125,1788800712.125,17,17,17,4413.76,4413.84,8.0,PASS_<=10c,+0.0,FLAT,+0.0,-78.0,4.2,+0.00,0.00,SLOW,4414.54,4415.14,4413.54,4413.80,0.00,0.00,0.0,BULLISH,160.0,4413.76,4413.76,4413.76,4413.76,12,ACTIVE_12s,1.0,0.0,0.0,0.0,0.0,0.0,0.0,PASS_<20%,0.00,0.0,NO,STANDBY_VEL_LOW,0,0.00,4590.00,75.66,FALSE,M1_DIRECTION_MISMATCH|OPENING_SHIELD_ACTIVE_12s
2026-09-07 17:05:12.627,1788800712.628,18,18,18,4413.76,4413.84,8.0,PASS_<=10c,+0.0,FLAT,+0.0,-78.0,4.2,+0.00,0.00,SLOW,4414.54,4415.14,4413.54,4413.80,0.00,0.00,0.0,BULLISH,160.0,4413.76,4413.76,4413.76,4413.76,12,ACTIVE_12s,1.0,0.0,0.0,0.0,0.0,0.0,0.0,PASS_<20%,0.00,0.0,NO,STANDBY_VEL_LOW,0,0.00,4590.00,75.66,FALSE,M1_DIRECTION_MISMATCH|OPENING_SHIELD_ACTIVE_12s
2026-09-07 17:05:13.130,1788800713.130,19,19,19,4413.76,4413.84,8.0,PASS_<=10c,+0.0,FLAT,+0.0,-78.0,4.2,+0.00,0.00,SLOW,4414.54,4415.14,4413.54,4413.80,0.00,0.00,0.0,BULLISH,160.0,4413.76,4413.76,4413.76,4413.76,13,ACTIVE_13s,1.0,0.0,0.0,0.0,0.0,0.0,0.0,PASS_<20%,0.00,0.0,NO,STANDBY_VEL_LOW,0,0.00,4590.00,75.66,FALSE,M1_DIRECTION_MISMATCH|OPENING_SHIELD_ACTIVE_13s
2026-09-07 17:05:13.631,1788800713.631,20,20,20,4413.76,4413.84,8.0,PASS_<=10c,+0.0,FLAT,+0.0,-78.0,4.2,+0.00,0.00,SLOW,4414.54,4415.14,4413.54,4413.80,0.00,0.00,0.0,BULLISH,160.0,4413.76,4413.76,4413.76,4413.76,13,ACTIVE_13s,1.0,0.0,0.0,0.0,0.0,0.0,0.0,PASS_<20%,0.00,0.0,NO,STANDBY_VEL_LOW,0,0.00,4590.00,75.66,FALSE,M1_DIRECTION_MISMATCH|OPENING_SHIELD_ACTIVE_13s
2026-09-07 17:05:14.132,1788800714.132,21,21,21,4413.76,4413.84,8.0,PASS_<=10c,+0.0,FLAT,+0.0,-78.0,4.2,+0.00,0.00,SLOW,4414.54,4415.14,4413.54,4413.80,0.00,0.00,0.0,BULLISH,160.0,4413.76,4413.76,4413.76,4413.76,14,ACTIVE_14s,1.0,0.0,0.0,0.0,0.0,0.0,0.0,PASS_<20%,0.00,0.0,NO,STANDBY_VEL_LOW,0,0.00,4590.00,75.66,FALSE,M1_DIRECTION_MISMATCH|OPENING_SHIELD_ACTIVE_14s
2026-09-07 17:05:14.633,1788800714.634,22,22,22,4413.76,4413.84,8.0,PASS_<=10c,+0.0,FLAT,+0.0,-78.0,4.2,+0.00,0.00,SLOW,4414.54,4415.14,4413.54,4413.80,0.00,0.00,0.0,BULLISH,160.0,4413.76,4413.76,4413.76,4413.76,14,ACTIVE_14s,1.0,0.0,0.0,0.0,0.0,0.0,0.0,PASS_<20%,0.00,0.0,NO,STANDBY_VEL_LOW,0,0.00,4590.00,75.66,FALSE,M1_DIRECTION_MISMATCH|OPENING_SHIELD_ACTIVE_14s
2026-09-07 17:05:15.135,1788800715.135,23,23,23,4413.88,4413.96,8.0,PASS_<=10c,+12.0,UP,+12.0,-66.0,4.2,+2.52,0.60,SLOW,4414.54,4415.14,4413.54,4413.80,0.00,0.00,0.0,BULLISH,160.0,4413.76,4413.88,4413.76,4413.88,15,ACTIVE_15s,12.0,12.0,0.0,0.0,0.0,0.0,0.0,PASS_<20%,4413.91,3.0,NO,STANDBY_VEL_LOW,0,0.00,4590.00,75.66,FALSE,OPENING_SHIELD_ACTIVE_15s
2026-09-07 17:05:15.637,1788800715.638,24,24,24,4413.89,4413.97,8.0,PASS_<=10c,+1.0,UP,+13.0,-65.0,4.2,+2.73,0.65,SLOW,4414.54,4415.14,4413.54,4413.80,0.00,0.00,0.0,BULLISH,160.0,4413.76,4413.89,4413.76,4413.89,15,ACTIVE_15s,13.0,13.0,0.0,0.0,0.0,0.0,0.0,PASS_<20%,4413.91,2.0,NO,STANDBY_VEL_LOW,0,0.00,4590.00,75.66,FALSE,OPENING_SHIELD_ACTIVE_15s
2026-09-07 17:05:16.139,1788800716.140,25,25,25,4413.89,4413.97,8.0,PASS_<=10c,+0.0,FLAT,+13.0,-65.0,4.2,+2.73,0.65,SLOW,4414.54,4415.14,4413.54,4413.80,0.00,0.00,0.0,BULLISH,160.0,4413.76,4413.89,4413.76,4413.89,16,ACTIVE_16s,13.0,13.0,0.0,0.0,0.0,0.0,0.0,PASS_<20%,4413.91,2.0,NO,STANDBY_VEL_LOW,0,0.00,4590.00,75.66,FALSE,OPENING_SHIELD_ACTIVE_16s
2026-09-07 17:05:16.642,1788800716.642,26,26,26,4413.89,4413.97,8.0,PASS_<=10c,+0.0,FLAT,+13.0,-65.0,4.2,+2.73,0.65,SLOW,4414.54,4415.14,4413.54,4413.80,0.00,0.00,0.0,BULLISH,160.0,4413.76,4413.89,4413.76,4413.89,16,ACTIVE_16s,13.0,13.0,0.0,0.0,0.0,0.0,0.0,PASS_<20%,4413.91,2.0,NO,STANDBY_VEL_LOW,0,0.00,4590.00,75.66,FALSE,OPENING_SHIELD_ACTIVE_16s
2026-09-07 17:05:17.143,1788800717.144,27,27,27,4413.89,4413.97,8.0,PASS_<=10c,+0.0,FLAT,+13.0,-65.0,4.2,+2.73,0.65,SLOW,4414.54,4415.14,4413.54,4413.80,0.00,0.00,0.0,BULLISH,160.0,4413.76,4413.89,4413.76,4413.89,17,ACTIVE_17s,13.0,13.0,0.0,0.0,0.0,0.0,0.0,PASS_<20%,4413.91,2.0,NO,STANDBY_VEL_LOW,0,0.00,4590.00,75.66,FALSE,OPENING_SHIELD_ACTIVE_17s
2026-09-07 17:05:17.645,1788800717.646,28,28,28,4414.15,4414.23,8.0,PASS_<=10c,+26.0,UP,+39.0,-39.0,4.2,+8.18,1.95,SLOW,4414.54,4415.14,4413.54,4413.80,0.00,0.00,0.0,BULLISH,160.0,4413.76,4414.15,4413.76,4414.15,17,ACTIVE_17s,39.0,39.0,0.0,0.0,0.0,0.0,0.0,PASS_<20%,4413.91,24.0,NO,STANDBY_VEL_LOW,0,0.00,4590.00,75.66,FALSE,OPENING_SHIELD_ACTIVE_17s
2026-09-07 17:05:18.146,1788800718.147,29,29,29,4414.15,4414.23,8.0,PASS_<=10c,+0.0,FLAT,+39.0,-39.0,4.2,+8.18,1.95,SLOW,4414.54,4415.14,4413.54,4413.80,0.00,0.00,0.0,BULLISH,160.0,4413.76,4414.15,4413.76,4414.15,18,ACTIVE_18s,39.0,39.0,0.0,0.0,0.0,0.0,0.0,PASS_<20%,4413.91,24.0,NO,STANDBY_VEL_LOW,0,0.00,4590.00,75.66,FALSE,OPENING_SHIELD_ACTIVE_18s
2026-09-07 17:05:18.648,1788800718.648,30,30,30,4414.14,4414.22,8.0,PASS_<=10c,-1.0,DOWN,+38.0,-40.0,4.2,+7.97,1.90,SLOW,4414.54,4415.14,4413.54,4413.80,0.00,0.00,0.0,BULLISH,160.0,4413.76,4414.15,4413.76,4414.14,18,ACTIVE_18s,39.0,38.0,1.0,0.0,2.6,0.0,2.6,PASS_<20%,4413.91,23.0,NO,STANDBY_VEL_LOW,0,0.00,4590.00,75.66,FALSE,OPENING_SHIELD_ACTIVE_18s
2026-09-07 17:05:19.149,1788800719.150,31,31,31,4414.14,4414.22,8.0,PASS_<=10c,+0.0,FLAT,+38.0,-40.0,4.2,+7.97,1.90,SLOW,4414.54,4415.14,4413.54,4413.80,0.00,0.00,0.0,BULLISH,160.0,4413.76,4414.15,4413.76,4414.14,19,ACTIVE_19s,39.0,38.0,1.0,0.0,2.6,0.0,2.6,PASS_<20%,4413.91,23.0,NO,STANDBY_VEL_LOW,0,0.00,4590.00,75.66,FALSE,OPENING_SHIELD_ACTIVE_19s
2026-09-07 17:05:19.650,1788800719.650,32,32,32,4414.14,4414.22,8.0,PASS_<=10c,+0.0,FLAT,+38.0,-40.0,4.2,+7.97,1.90,SLOW,4414.54,4415.14,4413.54,4413.80,0.00,0.00,0.0,BULLISH,160.0,4413.76,4414.15,4413.76,4414.14,19,ACTIVE_19s,39.0,38.0,1.0,0.0,2.6,0.0,2.6,PASS_<20%,4413.91,23.0,NO,STANDBY_VEL_LOW,0,0.00,4590.00,75.66,FALSE,OPENING_SHIELD_ACTIVE_19s
2026-09-07 17:05:20.152,1788800720.152,33,33,33,4414.14,4414.22,8.0,PASS_<=10c,+0.0,FLAT,+38.0,-40.0,4.2,+5.25,1.25,SLOW,4414.54,4415.14,4413.54,4413.80,0.00,0.00,0.0,BULLISH,160.0,4413.76,4414.15,4413.76,4414.14,20,CLEARED_>=20s,39.0,38.0,1.0,0.0,2.6,0.0,2.6,PASS_<20%,4413.91,23.0,YES,STANDBY_VEL_LOW,0,0.00,4590.00,75.66,TRUE,READY_TO_FIRE
2026-09-07 17:05:20.653,1788800720.653,34,34,34,4414.18,4414.26,8.0,PASS_<=10c,+4.0,UP,+42.0,-36.0,4.2,+6.09,1.45,SLOW,4414.54,4415.14,4413.54,4413.80,0.00,0.00,0.0,BULLISH,160.0,4413.76,4414.18,4413.76,4414.18,20,CLEARED_>=20s,42.0,42.0,0.0,0.0,0.0,0.0,0.0,PASS_<20%,4413.91,27.0,YES,STANDBY_VEL_LOW,1,4414.22,175.78,75.66,TRUE,READY_TO_FIRE
2026-09-07 17:05:21.153,1788800721.154,35,35,35,4414.18,4414.26,8.0,PASS_<=10c,+0.0,FLAT,+42.0,-36.0,4.2,+6.09,1.45,SLOW,4414.54,4415.14,4413.54,4413.80,0.00,0.00,0.0,BULLISH,160.0,4413.76,4414.18,4413.76,4414.18,21,CLEARED_>=20s,42.0,42.0,0.0,0.0,0.0,0.0,0.0,PASS_<20%,4413.91,27.0,YES,STANDBY_VEL_LOW,1,4414.22,175.78,75.66,TRUE,READY_TO_FIRE
2026-09-07 17:05:21.656,1788800721.656,36,36,36,4414.18,4414.26,8.0,PASS_<=10c,+0.0,FLAT,+42.0,-36.0,4.2,+6.09,1.45,SLOW,4414.54,4415.14,4413.54,4413.80,0.00,0.00,0.0,BULLISH,160.0,4413.76,4414.18,4413.76,4414.18,21,CLEARED_>=20s,42.0,42.0,0.0,0.0,0.0,0.0,0.0,PASS_<20%,4413.91,27.0,YES,STANDBY_VEL_LOW,1,4414.22,175.78,75.66,TRUE,READY_TO_FIRE
2026-09-07 17:05:22.159,1788800722.159,37,37,37,4414.19,4414.27,8.0,PASS_<=10c,+1.0,UP,+43.0,-35.0,4.2,+2.35,0.56,SLOW,4414.54,4415.14,4413.54,4413.80,0.00,0.00,0.0,BULLISH,160.0,4413.76,4414.19,4413.76,4414.19,22,CLEARED_>=20s,43.0,43.0,0.0,0.0,0.0,0.0,0.0,PASS_<20%,4413.91,28.0,YES,STANDBY_VEL_LOW,1,4414.22,175.78,75.66,TRUE,READY_TO_FIRE
2026-09-07 17:05:22.661,1788800722.662,38,38,38,4414.27,4414.35,8.0,PASS_<=10c,+8.0,UP,+51.0,-27.0,4.2,+2.71,0.65,SLOW,4414.54,4415.14,4413.54,4413.80,0.00,0.00,0.0,BULLISH,160.0,4413.76,4414.27,4413.76,4414.27,22,CLEARED_>=20s,51.0,51.0,0.0,0.0,0.0,0.0,0.0,PASS_<20%,4413.91,36.0,YES,STANDBY_VEL_LOW,1,4414.22,175.78,75.66,TRUE,READY_TO_FIRE
2026-09-07 17:05:23.163,1788800723.164,39,39,39,4414.29,4414.37,8.0,PASS_<=10c,+2.0,UP,+53.0,-25.0,4.2,+3.15,0.75,SLOW,4414.54,4415.14,4413.54,4413.80,0.00,0.00,0.0,BULLISH,160.0,4413.76,4414.29,4413.76,4414.29,23,CLEARED_>=20s,53.0,53.0,0.0,0.0,0.0,0.0,0.0,PASS_<20%,4413.91,38.0,YES,STANDBY_VEL_LOW,1,4414.22,175.78,75.66,TRUE,READY_TO_FIRE
2026-09-07 17:05:23.666,1788800723.666,40,40,40,4414.30,4414.38,8.0,PASS_<=10c,+1.0,UP,+54.0,-24.0,4.2,+3.36,0.80,SLOW,4414.54,4415.14,4413.54,4413.80,0.00,0.00,0.0,BULLISH,160.0,4413.76,4414.30,4413.76,4414.30,23,CLEARED_>=20s,54.0,54.0,0.0,0.0,0.0,0.0,0.0,PASS_<20%,4413.91,39.0,YES,STANDBY_VEL_LOW,1,4414.22,175.78,75.66,TRUE,READY_TO_FIRE
2026-09-07 17:05:24.168,1788800724.168,41,41,41,4414.30,4414.38,8.0,PASS_<=10c,+0.0,FLAT,+54.0,-24.0,4.2,+3.36,0.80,SLOW,4414.54,4415.14,4413.54,4413.80,0.00,0.00,0.0,BULLISH,160.0,4413.76,4414.30,4413.76,4414.30,24,CLEARED_>=20s,54.0,54.0,0.0,0.0,0.0,0.0,0.0,PASS_<20%,4413.91,39.0,YES,STANDBY_VEL_LOW,1,4414.22,175.78,75.66,TRUE,READY_TO_FIRE
2026-09-07 17:05:24.669,1788800724.670,42,42,42,4414.30,4414.38,8.0,PASS_<=10c,+0.0,FLAT,+54.0,-24.0,4.2,+3.36,0.80,SLOW,4414.54,4415.14,4413.54,4413.80,0.00,0.00,0.0,BULLISH,160.0,4413.76,4414.30,4413.76,4414.30,24,CLEARED_>=20s,54.0,54.0,0.0,0.0,0.0,0.0,0.0,PASS_<20%,4413.91,39.0,YES,STANDBY_VEL_LOW,1,4414.22,175.78,75.66,TRUE,READY_TO_FIRE
2026-09-07 17:05:25.171,1788800725.172,43,43,43,4414.30,4414.38,8.0,PASS_<=10c,+0.0,FLAT,+54.0,-24.0,4.2,+2.53,0.60,SLOW,4414.54,4415.14,4413.54,4413.80,0.00,0.00,0.0,BULLISH,160.0,4413.76,4414.30,4413.76,4414.30,25,CLEARED_>=20s,54.0,54.0,0.0,0.0,0.0,0.0,0.0,PASS_<20%,4413.91,39.0,YES,STANDBY_VEL_LOW,1,4414.22,175.78,75.66,TRUE,READY_TO_FIRE
2026-09-07 17:05:25.672,1788800725.673,44,44,44,4414.30,4414.38,8.0,PASS_<=10c,+0.0,FLAT,+54.0,-24.0,4.2,+2.52,0.60,SLOW,4414.54,4415.14,4413.54,4413.80,0.00,0.00,0.0,BULLISH,160.0,4413.76,4414.30,4413.76,4414.30,25,CLEARED_>=20s,54.0,54.0,0.0,0.0,0.0,0.0,0.0,PASS_<20%,4413.91,39.0,YES,STANDBY_VEL_LOW,1,4414.22,175.78,75.66,TRUE,READY_TO_FIRE
2026-09-07 17:05:26.174,1788800726.174,45,45,45,4414.30,4414.38,8.0,PASS_<=10c,+0.0,FLAT,+54.0,-24.0,4.2,+2.52,0.60,SLOW,4414.54,4415.14,4413.54,4413.80,0.00,0.00,0.0,BULLISH,160.0,4413.76,4414.30,4413.76,4414.30,26,CLEARED_>=20s,54.0,54.0,0.0,0.0,0.0,0.0,0.0,PASS_<20%,4413.91,39.0,YES,STANDBY_VEL_LOW,1,4414.22,175.78,75.66,TRUE,READY_TO_FIRE
2026-09-07 17:05:26.675,1788800726.676,46,46,46,4414.30,4414.38,8.0,PASS_<=10c,+0.0,FLAT,+54.0,-24.0,4.2,+2.36,0.56,SLOW,4414.54,4415.14,4413.54,4413.80,0.00,0.00,0.0,BULLISH,160.0,4413.76,4414.30,4413.76,4414.30,26,CLEARED_>=20s,54.0,54.0,0.0,0.0,0.0,0.0,0.0,PASS_<20%,4413.91,39.0,YES,STANDBY_VEL_LOW,1,4414.22,175.78,75.66,TRUE,READY_TO_FIRE
2026-09-07 17:05:27.178,1788800727.178,47,47,47,4414.29,4414.37,8.0,PASS_<=10c,-1.0,DOWN,+53.0,-25.0,4.2,+2.27,0.54,SLOW,4414.54,4415.14,4413.54,4413.80,0.00,0.00,0.0,BULLISH,160.0,4413.76,4414.30,4413.76,4414.29,27,CLEARED_>=20s,54.0,53.0,1.0,0.0,1.9,0.0,1.9,PASS_<20%,4413.91,38.0,YES,STANDBY_VEL_LOW,1,4414.22,175.78,75.66,TRUE,READY_TO_FIRE
2026-09-07 17:05:27.678,1788800727.679,48,48,48,4414.29,4414.37,8.0,PASS_<=10c,+0.0,FLAT,+53.0,-25.0,4.2,+2.22,0.53,SLOW,4414.54,4415.14,4413.54,4413.80,0.00,0.00,0.0,BULLISH,160.0,4413.76,4414.30,4413.76,4414.29,27,CLEARED_>=20s,54.0,53.0,1.0,0.0,1.9,0.0,1.9,PASS_<20%,4413.91,38.0,YES,STANDBY_VEL_LOW,1,4414.22,175.78,75.66,TRUE,READY_TO_FIRE
2026-09-07 17:05:28.180,1788800728.181,49,49,49,4414.58,4414.66,8.0,PASS_<=10c,+29.0,UP,+82.0,+4.0,4.2,+5.88,1.40,SLOW,4414.54,4415.14,4413.54,4413.80,0.00,0.00,0.0,BULLISH,160.0,4413.76,4414.58,4413.76,4414.58,28,CLEARED_>=20s,82.0,82.0,0.0,0.0,0.0,0.0,0.0,PASS_<20%,4413.91,67.0,YES,STANDBY_VEL_LOW,1,4414.22,175.78,75.66,TRUE,READY_TO_FIRE
2026-09-07 17:05:28.681,1788800728.682,50,50,50,4414.59,4414.67,8.0,PASS_<=10c,+1.0,UP,+83.0,+5.0,4.2,+6.09,1.45,SLOW,4414.54,4415.14,4413.54,4413.80,0.00,0.00,0.0,BULLISH,160.0,4413.76,4414.59,4413.76,4414.59,28,CLEARED_>=20s,83.0,83.0,0.0,0.0,0.0,0.0,0.0,PASS_<20%,4413.91,68.0,YES,STANDBY_VEL_LOW,1,4414.22,175.78,75.66,TRUE,READY_TO_FIRE
2026-09-07 17:05:29.183,1788800729.184,51,51,51,4414.66,4414.74,8.0,PASS_<=10c,+7.0,UP,+90.0,+12.0,4.2,+7.56,1.80,SLOW,4414.54,4415.14,4413.54,4413.80,0.00,0.00,0.0,BULLISH,160.0,4413.76,4414.66,4413.76,4414.66,29,CLEARED_>=20s,90.0,90.0,0.0,0.0,0.0,0.0,0.0,PASS_<20%,4413.91,75.0,YES,STANDBY_VEL_LOW,1,4414.22,175.78,75.66,TRUE,READY_TO_FIRE
2026-09-07 17:05:29.685,1788800729.685,52,52,52,4414.64,4414.72,8.0,PASS_<=10c,-2.0,DOWN,+88.0,+10.0,4.2,+7.14,1.70,SLOW,4414.54,4415.14,4413.54,4413.80,0.00,0.00,0.0,BULLISH,160.0,4413.76,4414.66,4413.76,4414.64,29,CLEARED_>=20s,90.0,88.0,2.0,0.0,2.2,0.0,2.2,PASS_<20%,4413.91,73.0,YES,STANDBY_VEL_LOW,1,4414.22,175.78,75.66,TRUE,READY_TO_FIRE
2026-09-07 17:05:30.186,1788800730.187,53,53,53,4414.64,4414.72,8.0,PASS_<=10c,+0.0,FLAT,+88.0,+10.0,4.2,+7.14,1.70,SLOW,4414.54,4415.14,4413.54,4413.80,0.00,0.00,0.0,BULLISH,160.0,4413.76,4414.66,4413.76,4414.64,30,CLEARED_>=20s,90.0,88.0,2.0,0.0,2.2,0.0,2.2,PASS_<20%,4413.91,73.0,YES,STANDBY_VEL_LOW,1,4414.22,175.78,75.66,TRUE,READY_TO_FIRE
2026-09-07 17:05:30.688,1788800730.688,54,54,54,4414.65,4414.73,8.0,PASS_<=10c,+1.0,UP,+89.0,+11.0,4.2,+7.35,1.75,SLOW,4414.54,4415.14,4413.54,4413.80,0.00,0.00,0.0,BULLISH,160.0,4413.76,4414.66,4413.76,4414.65,30,CLEARED_>=20s,90.0,89.0,1.0,0.0,1.1,0.0,1.1,PASS_<20%,4413.91,74.0,YES,STANDBY_VEL_LOW,1,4414.22,175.78,75.66,TRUE,READY_TO_FIRE
2026-09-07 17:05:31.189,1788800731.190,55,55,55,4414.65,4414.73,8.0,PASS_<=10c,+0.0,FLAT,+89.0,+11.0,4.2,+7.35,1.75,SLOW,4414.54,4415.14,4413.54,4413.80,0.00,0.00,0.0,BULLISH,160.0,4413.76,4414.66,4413.76,4414.65,31,CLEARED_>=20s,90.0,89.0,1.0,0.0,1.1,0.0,1.1,PASS_<20%,4413.91,74.0,YES,STANDBY_VEL_LOW,1,4414.22,175.78,75.66,TRUE,READY_TO_FIRE
2026-09-07 17:05:31.691,1788800731.692,56,56,56,4414.65,4414.73,8.0,PASS_<=10c,+0.0,FLAT,+89.0,+11.0,4.2,+7.56,1.80,SLOW,4414.54,4415.14,4413.54,4413.80,0.00,0.00,0.0,BULLISH,160.0,4413.76,4414.66,4413.76,4414.65,31,CLEARED_>=20s,90.0,89.0,1.0,0.0,1.1,0.0,1.1,PASS_<20%,4413.91,74.0,YES,STANDBY_VEL_LOW,1,4414.22,175.78,75.66,TRUE,READY_TO_FIRE
2026-09-07 17:05:32.193,1788800732.194,57,57,57,4414.65,4414.73,8.0,PASS_<=10c,+0.0,FLAT,+89.0,+11.0,4.2,+7.56,1.80,SLOW,4414.54,4415.14,4413.54,4413.80,0.00,0.00,0.0,BULLISH,160.0,4413.76,4414.66,4413.76,4414.65,32,CLEARED_>=20s,90.0,89.0,1.0,0.0,1.1,0.0,1.1,PASS_<20%,4413.91,74.0,YES,STANDBY_VEL_LOW,1,4414.22,175.78,75.66,TRUE,READY_TO_FIRE
2026-09-07 17:05:32.694,1788800732.695,58,58,58,4414.65,4414.73,8.0,PASS_<=10c,+0.0,FLAT,+89.0,+11.0,4.2,+3.36,0.80,SLOW,4414.54,4415.14,4413.54,4413.80,0.00,0.00,0.0,BULLISH,160.0,4413.76,4414.66,4413.76,4414.65,32,CLEARED_>=20s,90.0,89.0,1.0,0.0,1.1,0.0,1.1,PASS_<20%,4413.91,74.0,YES,STANDBY_VEL_LOW,1,4414.22,175.78,75.66,TRUE,READY_TO_FIRE
2026-09-07 17:05:33.196,1788800733.196,59,59,59,4414.65,4414.73,8.0,PASS_<=10c,+0.0,FLAT,+89.0,+11.0,4.2,+3.03,0.72,SLOW,4414.54,4415.14,4413.54,4413.80,0.00,0.00,0.0,BULLISH,160.0,4413.76,4414.66,4413.76,4414.65,33,CLEARED_>=20s,90.0,89.0,1.0,0.0,1.1,0.0,1.1,PASS_<20%,4413.91,74.0,YES,STANDBY_VEL_LOW,1,4414.22,175.78,75.66,TRUE,READY_TO_FIRE
2026-09-07 17:05:33.698,1788800733.698,60,60,60,4414.65,4414.73,8.0,PASS_<=10c,+0.0,FLAT,+89.0,+11.0,4.2,+2.98,0.71,SLOW,4414.54,4415.14,4413.54,4413.80,0.00,0.00,0.0,BULLISH,160.0,4413.76,4414.66,4413.76,4414.65,33,CLEARED_>=20s,90.0,89.0,1.0,0.0,1.1,0.0,1.1,PASS_<20%,4413.91,74.0,YES,STANDBY_VEL_LOW,1,4414.22,175.78,75.66,TRUE,READY_TO_FIRE
2026-09-07 17:05:34.199,1788800734.200,61,61,61,4414.65,4414.73,8.0,PASS_<=10c,+0.0,FLAT,+89.0,+11.0,4.2,+2.93,0.70,SLOW,4414.54,4415.14,4413.54,4413.80,0.00,0.00,0.0,BULLISH,160.0,4413.76,4414.66,4413.76,4414.65,34,CLEARED_>=20s,90.0,89.0,1.0,0.0,1.1,0.0,1.1,PASS_<20%,4413.91,74.0,YES,STANDBY_VEL_LOW,1,4414.22,175.78,75.66,TRUE,READY_TO_FIRE
2026-09-07 17:05:34.701,1788800734.701,62,62,62,4414.65,4414.73,8.0,PASS_<=10c,+0.0,FLAT,+89.0,+11.0,4.2,+2.88,0.69,SLOW,4414.54,4415.14,4413.54,4413.80,0.00,0.00,0.0,BULLISH,160.0,4413.76,4414.66,4413.76,4414.65,34,CLEARED_>=20s,90.0,89.0,1.0,0.0,1.1,0.0,1.1,PASS_<20%,4413.91,74.0,YES,STANDBY_VEL_LOW,1,4414.22,175.78,75.66,TRUE,READY_TO_FIRE
2026-09-07 17:05:35.202,1788800735.203,63,63,63,4414.65,4414.73,8.0,PASS_<=10c,+0.0,FLAT,+89.0,+11.0,4.2,+2.84,0.68,SLOW,4414.54,4415.14,4413.54,4413.80,0.00,0.00,0.0,BULLISH,160.0,4413.76,4414.66,4413.76,4414.65,35,CLEARED_>=20s,90.0,89.0,1.0,0.0,1.1,0.0,1.1,PASS_<20%,4413.91,74.0,YES,STANDBY_VEL_LOW,1,4414.22,175.78,75.66,TRUE,READY_TO_FIRE
2026-09-07 17:05:35.704,1788800735.704,64,64,64,4414.65,4414.73,8.0,PASS_<=10c,+0.0,FLAT,+89.0,+11.0,4.2,+2.79,0.66,SLOW,4414.54,4415.14,4413.54,4413.80,0.00,0.00,0.0,BULLISH,160.0,4413.76,4414.66,4413.76,4414.65,35,CLEARED_>=20s,90.0,89.0,1.0,0.0,1.1,0.0,1.1,PASS_<20%,4413.91,74.0,YES,STANDBY_VEL_LOW,1,4414.22,175.78,75.66,TRUE,READY_TO_FIRE
2026-09-07 17:05:36.212,1788800736.213,65,65,65,4414.65,4414.73,8.0,PASS_<=10c,+0.0,FLAT,+89.0,+11.0,4.2,+2.75,0.65,SLOW,4414.54,4415.14,4413.54,4413.80,0.00,0.00,0.0,BULLISH,160.0,4413.76,4414.66,4413.76,4414.65,36,CLEARED_>=20s,90.0,89.0,1.0,0.0,1.1,0.0,1.1,PASS_<20%,4413.91,74.0,YES,STANDBY_VEL_LOW,1,4414.22,175.78,75.66,TRUE,READY_TO_FIRE
2026-09-07 17:05:36.714,1788800736.715,66,66,66,4414.65,4414.73,8.0,PASS_<=10c,+0.0,FLAT,+89.0,+11.0,4.2,+2.71,0.65,SLOW,4414.54,4415.14,4413.54,4413.80,0.00,0.00,0.0,BULLISH,160.0,4413.76,4414.66,4413.76,4414.65,36,CLEARED_>=20s,90.0,89.0,1.0,0.0,1.1,0.0,1.1,PASS_<20%,4413.91,74.0,YES,STANDBY_VEL_LOW,1,4414.22,175.78,75.66,TRUE,READY_TO_FIRE
2026-09-07 17:05:37.215,1788800737.215,67,67,67,4414.65,4414.73,8.0,PASS_<=10c,+0.0,FLAT,+89.0,+11.0,4.2,+2.67,0.64,SLOW,4414.54,4415.14,4413.54,4413.80,0.00,0.00,0.0,BULLISH,160.0,4413.76,4414.66,4413.76,4414.65,37,CLEARED_>=20s,90.0,89.0,1.0,0.0,1.1,0.0,1.1,PASS_<20%,4413.91,74.0,YES,STANDBY_VEL_LOW,1,4414.22,175.78,75.66,TRUE,READY_TO_FIRE
2026-09-07 17:05:37.716,1788800737.716,68,68,68,4414.65,4414.73,8.0,PASS_<=10c,+0.0,FLAT,+89.0,+11.0,4.2,+2.63,0.63,SLOW,4414.54,4415.14,4413.54,4413.80,0.00,0.00,0.0,BULLISH,160.0,4413.76,4414.66,4413.76,4414.65,37,CLEARED_>=20s,90.0,89.0,1.0,0.0,1.1,0.0,1.1,PASS_<20%,4413.91,74.0,YES,STANDBY_VEL_LOW,1,4414.22,175.78,75.66,TRUE,READY_TO_FIRE
2026-09-07 17:05:38.217,1788800738.217,69,69,69,4414.65,4414.73,8.0,PASS_<=10c,+0.0,FLAT,+89.0,+11.0,4.2,+2.59,0.62,SLOW,4414.54,4415.14,4413.54,4413.80,0.00,0.00,0.0,BULLISH,160.0,4413.76,4414.66,4413.76,4414.65,38,CLEARED_>=20s,90.0,89.0,1.0,0.0,1.1,0.0,1.1,PASS_<20%,4413.91,74.0,YES,STANDBY_VEL_LOW,1,4414.22,175.78,75.66,TRUE,READY_TO_FIRE
2026-09-07 17:05:48.619,1788800748.619,70,70,70,4414.65,4414.73,8.0,PASS_<=10c,+0.0,FLAT,+89.0,+11.0,3.1,+1.99,0.64,SLOW,4414.54,4415.14,4413.54,4413.80,0.00,0.00,0.0,BULLISH,160.0,4413.76,4414.66,4413.76,4414.65,48,CLEARED_>=20s,90.0,89.0,1.0,0.0,1.1,0.0,1.1,PASS_<20%,4413.91,74.0,YES,STANDBY_VEL_LOW,1,4414.22,175.78,75.66,TRUE,READY_TO_FIRE
2026-09-07 17:05:55.440,1788800755.441,71,71,71,4414.65,4414.73,8.0,PASS_<=10c,+0.0,FLAT,+89.0,+11.0,2.8,+1.72,0.61,SLOW,4414.54,4415.14,4413.54,4413.80,0.00,0.00,0.0,BULLISH,160.0,4413.76,4414.66,4413.76,4414.65,55,CLEARED_>=20s,90.0,89.0,1.0,0.0,1.1,0.0,1.1,PASS_<20%,4413.91,74.0,YES,STANDBY_VEL_LOW,1,4414.22,175.78,75.66,TRUE,READY_TO_FIRE
2026-09-07 17:05:55.796,1788800755.796,72,72,72,4414.28,4414.36,8.0,PASS_<=10c,-37.0,DOWN,+52.0,-26.0,2.8,+17.96,6.41,SLOW,4414.54,4415.14,4413.54,4413.80,0.00,0.00,0.0,BULLISH,160.0,4413.76,4414.66,4413.76,4414.28,55,CLEARED_>=20s,90.0,52.0,38.0,0.0,42.2,0.0,42.2,BLOCKED_42.2%,4413.91,37.0,NO,STANDBY_VEL_LOW,1,4414.22,175.78,75.66,FALSE,OPP_WICK_TOO_HIGH_0.42
2026-09-07 17:05:56.298,1788800756.298,73,73,73,4414.28,4414.36,8.0,PASS_<=10c,+0.0,FLAT,+52.0,-26.0,2.8,+14.44,5.16,SLOW,4414.54,4415.14,4413.54,4413.80,0.00,0.00,0.0,BULLISH,160.0,4413.76,4414.66,4413.76,4414.28,56,CLEARED_>=20s,90.0,52.0,38.0,0.0,42.2,0.0,42.2,BLOCKED_42.2%,4413.91,37.0,NO,STANDBY_VEL_LOW,1,4414.22,175.78,75.66,FALSE,OPP_WICK_TOO_HIGH_0.42
2026-09-07 17:05:56.799,1788800756.800,74,74,74,4414.28,4414.36,8.0,PASS_<=10c,+0.0,FLAT,+52.0,-26.0,2.8,+12.08,4.31,SLOW,4414.54,4415.14,4413.54,4413.80,0.00,0.00,0.0,BULLISH,160.0,4413.76,4414.66,4413.76,4414.28,56,CLEARED_>=20s,90.0,52.0,38.0,0.0,42.2,0.0,42.2,BLOCKED_42.2%,4413.91,37.0,NO,STANDBY_VEL_LOW,1,4414.22,175.78,75.66,FALSE,OPP_WICK_TOO_HIGH_0.42
2026-09-07 17:05:57.300,1788800757.301,75,75,75,4414.28,4414.36,8.0,PASS_<=10c,+0.0,FLAT,+52.0,-26.0,2.8,+10.38,3.71,SLOW,4414.54,4415.14,4413.54,4413.80,0.00,0.00,0.0,BULLISH,160.0,4413.76,4414.66,4413.76,4414.28,57,CLEARED_>=20s,90.0,52.0,38.0,0.0,42.2,0.0,42.2,BLOCKED_42.2%,4413.91,37.0,NO,STANDBY_VEL_LOW,1,4414.22,175.78,75.66,FALSE,OPP_WICK_TOO_HIGH_0.42
2026-09-07 17:05:57.803,1788800757.803,76,76,76,4414.28,4414.36,8.0,PASS_<=10c,+0.0,FLAT,+52.0,-26.0,3.0,+9.10,3.03,SLOW,4414.54,4415.14,4413.54,4413.80,0.00,0.00,0.0,BULLISH,160.0,4413.76,4414.66,4413.76,4414.28,57,CLEARED_>=20s,90.0,52.0,38.0,0.0,42.2,0.0,42.2,BLOCKED_42.2%,4413.91,37.0,NO,STANDBY_VEL_LOW,1,4414.22,175.78,75.66,FALSE,OPP_WICK_TOO_HIGH_0.42
2026-09-07 17:05:58.304,1788800758.305,77,77,77,4414.27,4414.35,8.0,PASS_<=10c,-1.0,DOWN,+51.0,-27.0,3.1,+8.32,2.68,SLOW,4414.54,4415.14,4413.54,4413.80,0.00,0.00,0.0,BULLISH,160.0,4413.76,4414.66,4413.76,4414.27,58,CLEARED_>=20s,90.0,51.0,39.0,0.0,43.3,0.0,43.3,BLOCKED_43.3%,4413.91,36.0,NO,STANDBY_VEL_LOW,1,4414.22,175.78,75.66,FALSE,OPP_WICK_TOO_HIGH_0.43
2026-09-07 17:05:58.806,1788800758.806,78,78,78,4414.27,4414.35,8.0,PASS_<=10c,+0.0,FLAT,+51.0,-27.0,4.5,+11.29,2.51,SLOW,4414.54,4415.14,4413.54,4413.80,0.00,0.00,0.0,BULLISH,160.0,4413.76,4414.66,4413.76,4414.27,58,CLEARED_>=20s,90.0,51.0,39.0,0.0,43.3,0.0,43.3,BLOCKED_43.3%,4413.91,36.0,NO,STANDBY_VEL_LOW,1,4414.22,175.78,75.66,FALSE,OPP_WICK_TOO_HIGH_0.43
2026-09-07 17:05:59.310,1788800759.310,79,79,79,4414.27,4414.35,8.0,PASS_<=10c,+0.0,FLAT,+51.0,-27.0,4.4,+9.82,2.23,SLOW,4414.54,4415.14,4413.54,4413.80,0.00,0.00,0.0,BULLISH,160.0,4413.76,4414.66,4413.76,4414.27,59,CLEARED_>=20s,90.0,51.0,39.0,0.0,43.3,0.0,43.3,BLOCKED_43.3%,4413.91,36.0,NO,STANDBY_VEL_LOW,1,4414.22,175.78,75.66,FALSE,OPP_WICK_TOO_HIGH_0.43
2026-09-07 17:05:59.810,1788800759.811,80,80,80,4414.27,4414.35,8.0,PASS_<=10c,+0.0,FLAT,+51.0,-27.0,4.3,+8.70,2.02,SLOW,4414.54,4415.14,4413.54,4413.80,0.00,0.00,0.0,BULLISH,160.0,4413.76,4414.66,4413.76,4414.27,59,CLEARED_>=20s,90.0,51.0,39.0,0.0,43.3,0.0,43.3,BLOCKED_43.3%,4413.91,36.0,NO,STANDBY_VEL_LOW,1,4414.22,175.78,75.66,FALSE,OPP_WICK_TOO_HIGH_0.43
2026-09-07 17:06:00.311,1788800760.312,81,1,81,4414.11,4414.19,8.0,PASS_<=10c,-16.0,DOWN,-16.0,-43.0,4.3,+11.09,2.58,SLOW,4414.54,4415.14,4413.54,4413.80,0.00,0.00,0.0,BULLISH,160.0,4414.27,4414.27,4414.11,4414.11,0,ACTIVE_0s,16.0,16.0,0.0,0.0,0.0,0.0,0.0,PASS_<20%,0.00,0.0,NO,STANDBY_VEL_LOW,1,4414.22,175.78,75.66,FALSE,M1_DIRECTION_MISMATCH|OPENING_SHIELD_ACTIVE_0s
2026-09-07 17:06:00.814,1788800760.814,82,2,82,4414.12,4414.20,8.0,PASS_<=10c,+1.0,UP,-15.0,-42.0,4.2,+3.36,0.80,SLOW,4414.54,4415.14,4413.54,4413.80,0.00,0.00,0.0,BULLISH,160.0,4414.27,4414.27,4414.11,4414.12,0,ACTIVE_0s,16.0,15.0,0.0,1.0,0.0,6.3,0.0,PASS_<20%,0.00,0.0,NO,STANDBY_VEL_LOW,1,4414.22,175.78,75.66,FALSE,M1_DIRECTION_MISMATCH|OPENING_SHIELD_ACTIVE_0s
2026-09-07 17:06:01.315,1788800761.316,83,3,83,4414.04,4414.12,8.0,PASS_<=10c,-8.0,DOWN,-23.0,-50.0,4.2,+5.04,1.20,SLOW,4414.54,4415.14,4413.54,4413.80,0.00,0.00,0.0,BULLISH,160.0,4414.27,4414.27,4414.04,4414.04,1,ACTIVE_1s,23.0,23.0,0.0,0.0,0.0,0.0,0.0,PASS_<20%,0.00,0.0,NO,STANDBY_VEL_LOW,1,4414.22,175.78,75.66,FALSE,M1_DIRECTION_MISMATCH|OPENING_SHIELD_ACTIVE_1s
2026-09-07 17:06:01.817,1788800761.817,84,4,84,4414.02,4414.10,8.0,PASS_<=10c,-2.0,DOWN,-25.0,-52.0,4.2,+5.45,1.30,SLOW,4414.54,4415.14,4413.54,4413.80,0.00,0.00,0.0,BULLISH,160.0,4414.27,4414.27,4414.02,4414.02,1,ACTIVE_1s,25.0,25.0,0.0,0.0,0.0,0.0,0.0,PASS_<20%,0.00,0.0,NO,STANDBY_VEL_LOW,0,0.00,4590.00,73.76,FALSE,M1_DIRECTION_MISMATCH|OPENING_SHIELD_ACTIVE_1s
2026-09-07 17:06:02.318,1788800762.319,85,5,85,4414.02,4414.10,8.0,PASS_<=10c,+0.0,FLAT,-25.0,-52.0,4.2,+5.45,1.30,SLOW,4414.54,4415.14,4413.54,4413.80,0.00,0.00,0.0,BULLISH,160.0,4414.27,4414.27,4414.02,4414.02,2,ACTIVE_2s,25.0,25.0,0.0,0.0,0.0,0.0,0.0,PASS_<20%,0.00,0.0,NO,STANDBY_VEL_LOW,0,0.00,4590.00,73.76,FALSE,M1_DIRECTION_MISMATCH|OPENING_SHIELD_ACTIVE_2s
2026-09-07 17:06:02.820,1788800762.820,86,6,86,4414.02,4414.10,8.0,PASS_<=10c,+0.0,FLAT,-25.0,-52.0,4.2,+5.25,1.25,SLOW,4414.54,4415.14,4413.54,4413.80,0.00,0.00,0.0,BULLISH,160.0,4414.27,4414.27,4414.02,4414.02,2,ACTIVE_2s,25.0,25.0,0.0,0.0,0.0,0.0,0.0,PASS_<20%,0.00,0.0,NO,STANDBY_VEL_LOW,0,0.00,4590.00,73.76,FALSE,M1_DIRECTION_MISMATCH|OPENING_SHIELD_ACTIVE_2s
2026-09-07 17:06:03.320,1788800763.321,87,7,87,4413.75,4413.83,8.0,PASS_<=10c,-27.0,DOWN,-52.0,-79.0,4.2,+10.91,2.60,SLOW,4414.54,4415.14,4413.54,4413.80,0.00,0.00,0.0,BULLISH,160.0,4414.27,4414.27,4413.75,4413.75,3,ACTIVE_3s,52.0,52.0,0.0,0.0,0.0,0.0,0.0,PASS_<20%,0.00,0.0,NO,STANDBY_VEL_LOW,0,0.00,4590.00,73.76,FALSE,M1_DIRECTION_MISMATCH|OPENING_SHIELD_ACTIVE_3s
2026-09-07 17:06:03.822,1788800763.823,88,8,88,4413.75,4413.83,8.0,PASS_<=10c,+0.0,FLAT,-52.0,-79.0,4.2,+10.91,2.60,SLOW,4414.54,4415.14,4413.54,4413.80,0.00,0.00,0.0,BULLISH,160.0,4414.27,4414.27,4413.75,4413.75,3,ACTIVE_3s,52.0,52.0,0.0,0.0,0.0,0.0,0.0,PASS_<20%,0.00,0.0,NO,STANDBY_VEL_LOW,0,0.00,4590.00,73.76,FALSE,M1_DIRECTION_MISMATCH|OPENING_SHIELD_ACTIVE_3s
2026-09-07 17:06:04.324,1788800764.324,89,9,89,4413.69,4413.77,8.0,PASS_<=10c,-6.0,DOWN,-58.0,-85.0,4.2,+12.18,2.90,SLOW,4414.54,4415.14,4413.54,4413.80,0.00,0.00,0.0,NEUTRAL,160.0,4414.27,4414.27,4413.69,4413.69,4,ACTIVE_4s,58.0,58.0,0.0,0.0,0.0,0.0,0.0,PASS_<20%,0.00,0.0,NO,STANDBY_VEL_LOW,0,0.00,4590.00,73.76,FALSE,M5_TREND_NEUTRAL|M1_DIRECTION_MISMATCH|OPENING_SHIELD_ACTIVE_4s
2026-09-07 17:06:04.824,1788800764.825,90,10,90,4413.69,4413.77,8.0,PASS_<=10c,+0.0,FLAT,-58.0,-85.0,4.2,+12.18,2.90,SLOW,4414.54,4415.14,4413.54,4413.80,0.00,0.00,0.0,NEUTRAL,160.0,4414.27,4414.27,4413.69,4413.69,4,ACTIVE_4s,58.0,58.0,0.0,0.0,0.0,0.0,0.0,PASS_<20%,0.00,0.0,NO,STANDBY_VEL_LOW,0,0.00,4590.00,73.76,FALSE,M5_TREND_NEUTRAL|M1_DIRECTION_MISMATCH|OPENING_SHIELD_ACTIVE_4s
2026-09-07 17:06:05.326,1788800765.326,91,11,91,4413.66,4413.74,8.0,PASS_<=10c,-3.0,DOWN,-61.0,-88.0,4.2,+9.66,2.30,SLOW,4414.54,4415.14,4413.54,4413.80,0.00,0.00,0.0,NEUTRAL,160.0,4414.27,4414.27,4413.66,4413.66,5,ACTIVE_5s,61.0,61.0,0.0,0.0,0.0,0.0,0.0,PASS_<20%,0.00,0.0,NO,STANDBY_VEL_LOW,0,0.00,4590.00,73.76,FALSE,M5_TREND_NEUTRAL|M1_DIRECTION_MISMATCH|OPENING_SHIELD_ACTIVE_5s
2026-09-07 17:06:05.828,1788800765.829,92,12,92,4413.67,4413.75,8.0,PASS_<=10c,+1.0,UP,-60.0,-87.0,4.2,+8.19,1.95,SLOW,4414.54,4415.14,4413.54,4413.80,0.00,0.00,0.0,NEUTRAL,160.0,4414.27,4414.27,4413.66,4413.67,5,ACTIVE_5s,61.0,60.0,0.0,1.0,0.0,1.6,1.6,PASS_<20%,0.00,0.0,NO,STANDBY_VEL_LOW,0,0.00,4590.00,73.76,FALSE,M5_TREND_NEUTRAL|M1_DIRECTION_MISMATCH|OPENING_SHIELD_ACTIVE_5s
2026-09-07 17:06:06.328,1788800766.329,93,13,93,4413.67,4413.75,8.0,PASS_<=10c,+0.0,FLAT,-60.0,-87.0,4.2,+7.35,1.75,SLOW,4414.54,4415.14,4413.54,4413.80,0.00,0.00,0.0,NEUTRAL,160.0,4414.27,4414.27,4413.66,4413.67,6,ACTIVE_6s,61.0,60.0,0.0,1.0,0.0,1.6,1.6,PASS_<20%,0.00,0.0,NO,STANDBY_VEL_LOW,0,0.00,4590.00,73.76,FALSE,M5_TREND_NEUTRAL|M1_DIRECTION_MISMATCH|OPENING_SHIELD_ACTIVE_6s
2026-09-07 17:06:06.829,1788800766.830,94,14,94,4413.67,4413.75,8.0,PASS_<=10c,+0.0,FLAT,-60.0,-87.0,4.2,+7.35,1.75,SLOW,4414.54,4415.14,4413.54,4413.80,0.00,0.00,0.0,NEUTRAL,160.0,4414.27,4414.27,4413.66,4413.67,6,ACTIVE_6s,61.0,60.0,0.0,1.0,0.0,1.6,1.6,PASS_<20%,0.00,0.0,NO,STANDBY_VEL_LOW,0,0.00,4590.00,73.76,FALSE,M5_TREND_NEUTRAL|M1_DIRECTION_MISMATCH|OPENING_SHIELD_ACTIVE_6s
2026-09-07 17:06:07.331,1788800767.331,95,15,95,4413.67,4413.75,8.0,PASS_<=10c,+0.0,FLAT,-60.0,-87.0,4.2,+7.35,1.75,SLOW,4414.54,4415.14,4413.54,4413.80,0.00,0.00,0.0,NEUTRAL,160.0,4414.27,4414.27,4413.66,4413.67,7,ACTIVE_7s,61.0,60.0,0.0,1.0,0.0,1.6,1.6,PASS_<20%,0.00,0.0,NO,STANDBY_VEL_LOW,0,0.00,4590.00,73.76,FALSE,M5_TREND_NEUTRAL|M1_DIRECTION_MISMATCH|OPENING_SHIELD_ACTIVE_7s
2026-09-07 17:06:07.832,1788800767.833,96,16,96,4413.66,4413.74,8.0,PASS_<=10c,-1.0,DOWN,-61.0,-88.0,4.2,+3.36,0.80,SLOW,4414.54,4415.14,4413.54,4413.80,0.00,0.00,0.0,NEUTRAL,160.0,4414.27,4414.27,4413.66,4413.66,7,ACTIVE_7s,61.0,61.0,0.0,0.0,0.0,0.0,0.0,PASS_<20%,0.00,0.0,NO,STANDBY_VEL_LOW,0,0.00,4590.00,73.76,FALSE,M5_TREND_NEUTRAL|M1_DIRECTION_MISMATCH|OPENING_SHIELD_ACTIVE_7s
2026-09-07 17:06:08.333,1788800768.334,97,17,97,4413.66,4413.74,8.0,PASS_<=10c,+0.0,FLAT,-61.0,-88.0,4.2,+1.89,0.45,SLOW,4414.54,4415.14,4413.54,4413.80,0.00,0.00,0.0,NEUTRAL,160.0,4414.27,4414.27,4413.66,4413.66,8,ACTIVE_8s,61.0,61.0,0.0,0.0,0.0,0.0,0.0,PASS_<20%,0.00,0.0,NO,STANDBY_VEL_LOW,0,0.00,4590.00,73.76,FALSE,M5_TREND_NEUTRAL|M1_DIRECTION_MISMATCH|OPENING_SHIELD_ACTIVE_8s
2026-09-07 17:06:08.834,1788800768.835,98,18,98,4413.66,4413.74,8.0,PASS_<=10c,+0.0,FLAT,-61.0,-88.0,4.2,+1.89,0.45,SLOW,4414.54,4415.14,4413.54,4413.80,0.00,0.00,0.0,NEUTRAL,160.0,4414.27,4414.27,4413.66,4413.66,8,ACTIVE_8s,61.0,61.0,0.0,0.0,0.0,0.0,0.0,PASS_<20%,0.00,0.0,NO,STANDBY_VEL_LOW,0,0.00,4590.00,73.76,FALSE,M5_TREND_NEUTRAL|M1_DIRECTION_MISMATCH|OPENING_SHIELD_ACTIVE_8s
2026-09-07 17:06:09.335,1788800769.336,99,19,99,4413.66,4413.74,8.0,PASS_<=10c,+0.0,FLAT,-61.0,-88.0,4.2,+0.63,0.15,SLOW,4414.54,4415.14,4413.54,4413.80,0.00,0.00,0.0,NEUTRAL,160.0,4414.27,4414.27,4413.66,4413.66,9,ACTIVE_9s,61.0,61.0,0.0,0.0,0.0,0.0,0.0,PASS_<20%,0.00,0.0,NO,STANDBY_VEL_LOW,0,0.00,4590.00,73.76,FALSE,M5_TREND_NEUTRAL|M1_DIRECTION_MISMATCH|OPENING_SHIELD_ACTIVE_9s
2026-09-07 17:06:09.837,1788800769.837,100,20,100,4413.66,4413.74,8.0,PASS_<=10c,+0.0,FLAT,-61.0,-88.0,4.2,+0.63,0.15,SLOW,4414.54,4415.14,4413.54,4413.80,0.00,0.00,0.0,NEUTRAL,160.0,4414.27,4414.27,4413.66,4413.66,9,ACTIVE_9s,61.0,61.0,0.0,0.0,0.0,0.0,0.0,PASS_<20%,0.00,0.0,NO,STANDBY_VEL_LOW,0,0.00,4590.00,73.76,FALSE,M5_TREND_NEUTRAL|M1_DIRECTION_MISMATCH|OPENING_SHIELD_ACTIVE_9s
2026-09-07 17:06:10.338,1788800770.339,101,21,101,4413.66,4413.74,8.0,PASS_<=10c,+0.0,FLAT,-61.0,-88.0,4.2,+0.21,0.05,SLOW,4414.54,4415.14,4413.54,4413.80,0.00,0.00,0.0,NEUTRAL,160.0,4414.27,4414.27,4413.66,4413.66,10,ACTIVE_10s,61.0,61.0,0.0,0.0,0.0,0.0,0.0,PASS_<20%,0.00,0.0,NO,STANDBY_VEL_LOW,0,0.00,4590.00,73.76,FALSE,M5_TREND_NEUTRAL|M1_DIRECTION_MISMATCH|OPENING_SHIELD_ACTIVE_10s
2026-09-07 17:06:10.840,1788800770.841,102,22,102,4413.66,4413.74,8.0,PASS_<=10c,+0.0,FLAT,-61.0,-88.0,4.2,+0.21,0.05,SLOW,4414.54,4415.14,4413.54,4413.80,0.00,0.00,0.0,NEUTRAL,160.0,4414.27,4414.27,4413.66,4413.66,10,ACTIVE_10s,61.0,61.0,0.0,0.0,0.0,0.0,0.0,PASS_<20%,0.00,0.0,NO,STANDBY_VEL_LOW,0,0.00,4590.00,73.76,FALSE,M5_TREND_NEUTRAL|M1_DIRECTION_MISMATCH|OPENING_SHIELD_ACTIVE_10s
2026-09-07 17:06:11.342,1788800771.343,103,23,103,4413.66,4413.74,8.0,PASS_<=10c,+0.0,FLAT,-61.0,-88.0,4.2,+0.00,0.00,SLOW,4414.54,4415.14,4413.54,4413.80,0.00,0.00,0.0,NEUTRAL,160.0,4414.27,4414.27,4413.66,4413.66,11,ACTIVE_11s,61.0,61.0,0.0,0.0,0.0,0.0,0.0,PASS_<20%,0.00,0.0,NO,STANDBY_VEL_LOW,0,0.00,4590.00,73.76,FALSE,M5_TREND_NEUTRAL|M1_DIRECTION_MISMATCH|OPENING_SHIELD_ACTIVE_11s
2026-09-07 17:06:11.845,1788800771.846,104,24,104,4413.66,4413.74,8.0,PASS_<=10c,+0.0,FLAT,-61.0,-88.0,4.2,+0.21,0.05,SLOW,4414.54,4415.14,4413.54,4413.80,0.00,0.00,0.0,NEUTRAL,160.0,4414.27,4414.27,4413.66,4413.66,11,ACTIVE_11s,61.0,61.0,0.0,0.0,0.0,0.0,0.0,PASS_<20%,0.00,0.0,NO,STANDBY_VEL_LOW,0,0.00,4590.00,73.76,FALSE,M5_TREND_NEUTRAL|M1_DIRECTION_MISMATCH|OPENING_SHIELD_ACTIVE_11s
2026-09-07 17:06:12.348,1788800772.348,105,25,105,4413.66,4413.74,8.0,PASS_<=10c,+0.0,FLAT,-61.0,-88.0,4.2,+0.21,0.05,SLOW,4414.54,4415.14,4413.54,4413.80,0.00,0.00,0.0,NEUTRAL,160.0,4414.27,4414.27,4413.66,4413.66,12,ACTIVE_12s,61.0,61.0,0.0,0.0,0.0,0.0,0.0,PASS_<20%,0.00,0.0,NO,STANDBY_VEL_LOW,0,0.00,4590.00,73.76,FALSE,M5_TREND_NEUTRAL|M1_DIRECTION_MISMATCH|OPENING_SHIELD_ACTIVE_12s
2026-09-07 17:06:12.848,1788800772.849,106,26,106,4413.66,4413.74,8.0,PASS_<=10c,+0.0,FLAT,-61.0,-88.0,4.2,+0.00,0.00,SLOW,4414.54,4415.14,4413.54,4413.80,0.00,0.00,0.0,NEUTRAL,160.0,4414.27,4414.27,4413.66,4413.66,12,ACTIVE_12s,61.0,61.0,0.0,0.0,0.0,0.0,0.0,PASS_<20%,0.00,0.0,NO,STANDBY_VEL_LOW,0,0.00,4590.00,73.76,FALSE,M5_TREND_NEUTRAL|M1_DIRECTION_MISMATCH|OPENING_SHIELD_ACTIVE_12s
2026-09-07 17:06:13.359,1788800773.360,107,27,107,4413.66,4413.74,8.0,PASS_<=10c,+0.0,FLAT,-61.0,-88.0,4.2,+0.00,0.00,SLOW,4414.54,4415.14,4413.54,4413.80,0.00,0.00,0.0,NEUTRAL,160.0,4414.27,4414.27,4413.66,4413.66,13,ACTIVE_13s,61.0,61.0,0.0,0.0,0.0,0.0,0.0,PASS_<20%,0.00,0.0,NO,STANDBY_VEL_LOW,0,0.00,4590.00,73.76,FALSE,M5_TREND_NEUTRAL|M1_DIRECTION_MISMATCH|OPENING_SHIELD_ACTIVE_13s
2026-09-07 17:06:13.862,1788800773.862,108,28,108,4413.66,4413.74,8.0,PASS_<=10c,+0.0,FLAT,-61.0,-88.0,4.2,+0.00,0.00,SLOW,4414.54,4415.14,4413.54,4413.80,0.00,0.00,0.0,NEUTRAL,160.0,4414.27,4414.27,4413.66,4413.66,13,ACTIVE_13s,61.0,61.0,0.0,0.0,0.0,0.0,0.0,PASS_<20%,0.00,0.0,NO,STANDBY_VEL_LOW,0,0.00,4590.00,73.76,FALSE,M5_TREND_NEUTRAL|M1_DIRECTION_MISMATCH|OPENING_SHIELD_ACTIVE_13s
2026-09-07 17:06:14.363,1788800774.363,109,29,109,4413.66,4413.74,8.0,PASS_<=10c,+0.0,FLAT,-61.0,-88.0,4.2,+0.00,0.00,SLOW,4414.54,4415.14,4413.54,4413.80,0.00,0.00,0.0,NEUTRAL,160.0,4414.27,4414.27,4413.66,4413.66,14,ACTIVE_14s,61.0,61.0,0.0,0.0,0.0,0.0,0.0,PASS_<20%,0.00,0.0,NO,STANDBY_VEL_LOW,0,0.00,4590.00,73.76,FALSE,M5_TREND_NEUTRAL|M1_DIRECTION_MISMATCH|OPENING_SHIELD_ACTIVE_14s
2026-09-07 17:06:14.865,1788800774.865,110,30,110,4413.66,4413.74,8.0,PASS_<=10c,+0.0,FLAT,-61.0,-88.0,4.2,+0.00,0.00,SLOW,4414.54,4415.14,4413.54,4413.80,0.00,0.00,0.0,NEUTRAL,160.0,4414.27,4414.27,4413.66,4413.66,14,ACTIVE_14s,61.0,61.0,0.0,0.0,0.0,0.0,0.0,PASS_<20%,0.00,0.0,NO,STANDBY_VEL_LOW,0,0.00,4590.00,73.76,FALSE,M5_TREND_NEUTRAL|M1_DIRECTION_MISMATCH|OPENING_SHIELD_ACTIVE_14s
2026-09-07 17:06:15.366,1788800775.366,111,31,111,4413.66,4413.74,8.0,PASS_<=10c,+0.0,FLAT,-61.0,-88.0,4.2,+0.00,0.00,SLOW,4414.54,4415.14,4413.54,4413.80,0.00,0.00,0.0,NEUTRAL,160.0,4414.27,4414.27,4413.66,4413.66,15,ACTIVE_15s,61.0,61.0,0.0,0.0,0.0,0.0,0.0,PASS_<20%,0.00,0.0,NO,STANDBY_VEL_LOW,0,0.00,4590.00,73.76,FALSE,M5_TREND_NEUTRAL|M1_DIRECTION_MISMATCH|OPENING_SHIELD_ACTIVE_15s
2026-09-07 17:06:25.743,1788800785.743,112,32,112,4413.66,4413.74,8.0,PASS_<=10c,+0.0,FLAT,-61.0,-88.0,2.3,+0.00,0.00,SLOW,4414.54,4415.14,4413.54,4413.80,0.00,0.00,0.0,NEUTRAL,160.0,4414.27,4414.27,4413.66,4413.66,25,CLEARED_>=20s,61.0,61.0,0.0,0.0,0.0,0.0,0.0,PASS_<20%,0.00,0.0,NO,STANDBY_VEL_LOW,0,0.00,4590.00,73.76,FALSE,M5_TREND_NEUTRAL|M1_DIRECTION_MISMATCH
2026-09-07 17:06:32.564,1788800792.565,113,33,113,4413.66,4413.74,8.0,PASS_<=10c,+0.0,FLAT,-61.0,-88.0,1.9,+0.00,0.00,SLOW,4414.54,4415.14,4413.54,4413.80,0.00,0.00,0.0,NEUTRAL,160.0,4414.27,4414.27,4413.66,4413.66,32,CLEARED_>=20s,61.0,61.0,0.0,0.0,0.0,0.0,0.0,PASS_<20%,0.00,0.0,NO,STANDBY_VEL_LOW,0,0.00,4590.00,73.76,FALSE,M5_TREND_NEUTRAL|M1_DIRECTION_MISMATCH
2026-09-07 17:06:32.920,1788800792.920,114,34,114,4413.00,4413.08,8.0,PASS_<=10c,-66.0,DOWN,-127.0,-154.0,1.9,+32.04,16.86,SLOW,4414.54,4415.14,4413.54,4413.80,0.00,0.00,0.0,NEUTRAL,160.0,4414.27,4414.27,4413.00,4413.00,32,CLEARED_>=20s,127.0,127.0,0.0,0.0,0.0,0.0,0.0,PASS_<20%,0.00,0.0,NO,STANDBY_VEL_LOW,0,0.00,4590.00,73.76,FALSE,M5_TREND_NEUTRAL|M1_DIRECTION_MISMATCH
2026-09-07 17:06:33.421,1788800793.422,115,35,115,4413.00,4413.08,8.0,PASS_<=10c,+0.0,FLAT,-127.0,-154.0,2.3,+25.76,11.20,SLOW,4414.54,4415.14,4413.54,4413.80,0.00,0.00,0.0,NEUTRAL,160.0,4414.27,4414.27,4413.00,4413.00,33,CLEARED_>=20s,127.0,127.0,0.0,0.0,0.0,0.0,0.0,PASS_<20%,0.00,0.0,NO,STANDBY_VEL_LOW,0,0.00,4590.00,73.76,FALSE,M5_TREND_NEUTRAL|M1_DIRECTION_MISMATCH
2026-09-07 17:06:33.923,1788800793.924,116,36,116,4413.00,4413.08,8.0,PASS_<=10c,+0.0,FLAT,-127.0,-154.0,2.6,+21.54,8.28,SLOW,4414.54,4415.14,4413.54,4413.80,0.00,0.00,0.0,NEUTRAL,160.0,4414.27,4414.27,4413.00,4413.00,33,CLEARED_>=20s,127.0,127.0,0.0,0.0,0.0,0.0,0.0,PASS_<20%,0.00,0.0,NO,STANDBY_VEL_LOW,0,0.00,4590.00,73.76,FALSE,M5_TREND_NEUTRAL|M1_DIRECTION_MISMATCH
2026-09-07 17:06:34.424,1788800794.425,117,37,117,4413.00,4413.08,8.0,PASS_<=10c,+0.0,FLAT,-127.0,-154.0,2.8,+18.51,6.61,SLOW,4414.54,4415.14,4413.54,4413.80,0.00,0.00,0.0,NEUTRAL,160.0,4414.27,4414.27,4413.00,4413.00,34,CLEARED_>=20s,127.0,127.0,0.0,0.0,0.0,0.0,0.0,PASS_<20%,0.00,0.0,NO,STANDBY_VEL_LOW,0,0.00,4590.00,73.76,FALSE,M5_TREND_NEUTRAL|M1_DIRECTION_MISMATCH
2026-09-07 17:06:34.926,1788800794.927,118,38,118,4413.00,4413.08,8.0,PASS_<=10c,+0.0,FLAT,-127.0,-154.0,3.0,+16.23,5.41,SLOW,4414.54,4415.14,4413.54,4413.80,0.00,0.00,0.0,NEUTRAL,160.0,4414.27,4414.27,4413.00,4413.00,34,CLEARED_>=20s,127.0,127.0,0.0,0.0,0.0,0.0,0.0,PASS_<20%,0.00,0.0,NO,STANDBY_VEL_LOW,0,0.00,4590.00,73.76,FALSE,M5_TREND_NEUTRAL|M1_DIRECTION_MISMATCH
2026-09-07 17:06:35.427,1788800795.428,119,39,119,4413.00,4413.08,8.0,PASS_<=10c,+0.0,FLAT,-127.0,-154.0,3.1,+14.45,4.66,SLOW,4414.54,4415.14,4413.54,4413.80,0.00,0.00,0.0,NEUTRAL,160.0,4414.27,4414.27,4413.00,4413.00,35,CLEARED_>=20s,127.0,127.0,0.0,0.0,0.0,0.0,0.0,PASS_<20%,0.00,0.0,NO,STANDBY_VEL_LOW,0,0.00,4590.00,73.76,FALSE,M5_TREND_NEUTRAL|M1_DIRECTION_MISMATCH
2026-09-07 17:06:35.929,1788800795.930,120,40,120,4413.00,4413.08,8.0,PASS_<=10c,+0.0,FLAT,-127.0,-154.0,4.5,+19.61,4.36,SLOW,4414.54,4415.14,4413.54,4413.80,0.00,0.00,0.0,NEUTRAL,160.0,4414.27,4414.27,4413.00,4413.00,35,CLEARED_>=20s,127.0,127.0,0.0,0.0,0.0,0.0,0.0,PASS_<20%,0.00,0.0,NO,STANDBY_VEL_LOW,0,0.00,4590.00,73.76,FALSE,M5_TREND_NEUTRAL|M1_DIRECTION_MISMATCH
2026-09-07 17:06:36.430,1788800796.431,121,41,121,4413.00,4413.08,8.0,PASS_<=10c,+0.0,FLAT,-127.0,-154.0,4.4,+17.07,3.88,SLOW,4414.54,4415.14,4413.54,4413.80,0.00,0.00,0.0,NEUTRAL,160.0,4414.27,4414.27,4413.00,4413.00,36,CLEARED_>=20s,127.0,127.0,0.0,0.0,0.0,0.0,0.0,PASS_<20%,0.00,0.0,NO,STANDBY_VEL_LOW,0,0.00,4590.00,73.76,FALSE,M5_TREND_NEUTRAL|M1_DIRECTION_MISMATCH
2026-09-07 17:06:36.931,1788800796.932,122,42,122,4412.91,4412.99,8.0,PASS_<=10c,-9.0,DOWN,-136.0,-163.0,4.4,+17.17,3.90,SLOW,4414.54,4415.14,4413.54,4413.80,0.00,0.00,0.0,NEUTRAL,160.0,4414.27,4414.27,4412.91,4412.91,36,CLEARED_>=20s,136.0,136.0,0.0,0.0,0.0,0.0,0.0,PASS_<20%,0.00,0.0,NO,STANDBY_VEL_LOW,0,0.00,4590.00,73.76,FALSE,M5_TREND_NEUTRAL|M1_DIRECTION_MISMATCH
2026-09-07 17:06:37.450,1788800797.450,123,43,123,4412.91,4412.99,8.0,PASS_<=10c,+0.0,FLAT,-136.0,-163.0,4.3,+15.35,3.57,SLOW,4414.54,4415.14,4413.54,4413.80,0.00,0.00,0.0,NEUTRAL,160.0,4414.27,4414.27,4412.91,4412.91,37,CLEARED_>=20s,136.0,136.0,0.0,0.0,0.0,0.0,0.0,PASS_<20%,0.00,0.0,NO,STANDBY_VEL_LOW,0,0.00,4590.00,73.76,FALSE,M5_TREND_NEUTRAL|M1_DIRECTION_MISMATCH
2026-09-07 17:06:37.952,1788800797.952,124,44,124,4412.89,4412.97,8.0,PASS_<=10c,-2.0,DOWN,-138.0,-165.0,4.2,+2.30,0.55,SLOW,4414.54,4415.14,4413.54,4413.80,0.00,0.00,0.0,NEUTRAL,160.0,4414.27,4414.27,4412.89,4412.89,37,CLEARED_>=20s,138.0,138.0,0.0,0.0,0.0,0.0,0.0,PASS_<20%,0.00,0.0,NO,STANDBY_VEL_LOW,0,0.00,4590.00,73.76,FALSE,M5_TREND_NEUTRAL|M1_DIRECTION_MISMATCH
2026-09-07 17:06:38.454,1788800798.454,125,45,125,4412.89,4412.97,8.0,PASS_<=10c,+0.0,FLAT,-138.0,-165.0,4.2,+2.30,0.55,SLOW,4414.54,4415.14,4413.54,4413.80,0.00,0.00,0.0,NEUTRAL,160.0,4414.27,4414.27,4412.89,4412.89,38,CLEARED_>=20s,138.0,138.0,0.0,0.0,0.0,0.0,0.0,PASS_<20%,0.00,0.0,NO,STANDBY_VEL_LOW,0,0.00,4590.00,73.76,FALSE,M5_TREND_NEUTRAL|M1_DIRECTION_MISMATCH
2026-09-07 17:06:38.954,1788800798.955,126,46,126,4412.89,4412.97,8.0,PASS_<=10c,+0.0,FLAT,-138.0,-165.0,4.2,+2.30,0.55,SLOW,4414.54,4415.14,4413.54,4413.80,0.00,0.00,0.0,NEUTRAL,160.0,4414.27,4414.27,4412.89,4412.89,38,CLEARED_>=20s,138.0,138.0,0.0,0.0,0.0,0.0,0.0,PASS_<20%,0.00,0.0,NO,STANDBY_VEL_LOW,0,0.00,4590.00,73.76,FALSE,M5_TREND_NEUTRAL|M1_DIRECTION_MISMATCH
2026-09-07 17:06:39.456,1788800799.456,127,47,127,4412.87,4412.95,8.0,PASS_<=10c,-2.0,DOWN,-140.0,-167.0,4.2,+2.72,0.65,SLOW,4414.54,4415.14,4413.54,4413.80,0.00,0.00,0.0,NEUTRAL,160.0,4414.27,4414.27,4412.87,4412.87,39,CLEARED_>=20s,140.0,140.0,0.0,0.0,0.0,0.0,0.0,PASS_<20%,0.00,0.0,NO,STANDBY_VEL_LOW,0,0.00,4590.00,73.76,FALSE,M5_TREND_NEUTRAL|M1_DIRECTION_MISMATCH
2026-09-07 17:06:39.958,1788800799.958,128,48,128,4412.85,4412.93,8.0,PASS_<=10c,-2.0,DOWN,-142.0,-169.0,4.2,+3.14,0.75,SLOW,4414.54,4415.14,4413.54,4413.80,0.00,0.00,0.0,NEUTRAL,160.0,4414.27,4414.27,4412.85,4412.85,39,CLEARED_>=20s,142.0,142.0,0.0,0.0,0.0,0.0,0.0,PASS_<20%,0.00,0.0,NO,STANDBY_VEL_LOW,0,0.00,4590.00,73.76,FALSE,M5_TREND_NEUTRAL|M1_DIRECTION_MISMATCH
2026-09-07 17:06:40.460,1788800800.460,129,49,129,4412.85,4412.93,8.0,PASS_<=10c,+0.0,FLAT,-142.0,-169.0,4.2,+3.14,0.75,SLOW,4414.54,4415.14,4413.54,4413.80,0.00,0.00,0.0,NEUTRAL,160.0,4414.27,4414.27,4412.85,4412.85,40,CLEARED_>=20s,142.0,142.0,0.0,0.0,0.0,0.0,0.0,PASS_<20%,0.00,0.0,NO,STANDBY_VEL_LOW,0,0.00,4590.00,73.76,FALSE,M5_TREND_NEUTRAL|M1_DIRECTION_MISMATCH
2026-09-07 17:06:40.961,1788800800.961,130,50,130,4412.85,4412.93,8.0,PASS_<=10c,+0.0,FLAT,-142.0,-169.0,4.2,+3.14,0.75,SLOW,4414.54,4415.14,4413.54,4413.80,0.00,0.00,0.0,NEUTRAL,160.0,4414.27,4414.27,4412.85,4412.85,40,CLEARED_>=20s,142.0,142.0,0.0,0.0,0.0,0.0,0.0,PASS_<20%,0.00,0.0,NO,STANDBY_VEL_LOW,0,0.00,4590.00,73.76,FALSE,M5_TREND_NEUTRAL|M1_DIRECTION_MISMATCH
2026-09-07 17:06:41.462,1788800801.462,131,51,131,4412.85,4412.93,8.0,PASS_<=10c,+0.0,FLAT,-142.0,-169.0,4.2,+1.26,0.30,SLOW,4414.54,4415.14,4413.54,4413.80,0.00,0.00,0.0,NEUTRAL,160.0,4414.27,4414.27,4412.85,4412.85,41,CLEARED_>=20s,142.0,142.0,0.0,0.0,0.0,0.0,0.0,PASS_<20%,0.00,0.0,NO,STANDBY_VEL_LOW,0,0.00,4590.00,73.76,FALSE,M5_TREND_NEUTRAL|M1_DIRECTION_MISMATCH
2026-09-07 17:06:41.963,1788800801.964,132,52,132,4412.85,4412.93,8.0,PASS_<=10c,+0.0,FLAT,-142.0,-169.0,4.2,+1.26,0.30,SLOW,4414.54,4415.14,4413.54,4413.80,0.00,0.00,0.0,NEUTRAL,160.0,4414.27,4414.27,4412.85,4412.85,41,CLEARED_>=20s,142.0,142.0,0.0,0.0,0.0,0.0,0.0,PASS_<20%,0.00,0.0,NO,STANDBY_VEL_LOW,0,0.00,4590.00,73.76,FALSE,M5_TREND_NEUTRAL|M1_DIRECTION_MISMATCH
2026-09-07 17:06:42.465,1788800802.466,133,53,133,4412.85,4412.93,8.0,PASS_<=10c,+0.0,FLAT,-142.0,-169.0,4.2,+0.84,0.20,SLOW,4414.54,4415.14,4413.54,4413.80,0.00,0.00,0.0,NEUTRAL,160.0,4414.27,4414.27,4412.85,4412.85,42,CLEARED_>=20s,142.0,142.0,0.0,0.0,0.0,0.0,0.0,PASS_<20%,0.00,0.0,NO,STANDBY_VEL_LOW,0,0.00,4590.00,73.76,FALSE,M5_TREND_NEUTRAL|M1_DIRECTION_MISMATCH
2026-09-07 17:06:42.967,1788800802.967,134,54,134,4412.85,4412.93,8.0,PASS_<=10c,+0.0,FLAT,-142.0,-169.0,4.2,+0.84,0.20,SLOW,4414.54,4415.14,4413.54,4413.80,0.00,0.00,0.0,NEUTRAL,160.0,4414.27,4414.27,4412.85,4412.85,42,CLEARED_>=20s,142.0,142.0,0.0,0.0,0.0,0.0,0.0,PASS_<20%,0.00,0.0,NO,STANDBY_VEL_LOW,0,0.00,4590.00,73.76,FALSE,M5_TREND_NEUTRAL|M1_DIRECTION_MISMATCH
2026-09-07 17:06:43.468,1788800803.469,135,55,135,4412.85,4412.93,8.0,PASS_<=10c,+0.0,FLAT,-142.0,-169.0,4.2,+0.84,0.20,SLOW,4414.54,4415.14,4413.54,4413.80,0.00,0.00,0.0,NEUTRAL,160.0,4414.27,4414.27,4412.85,4412.85,43,CLEARED_>=20s,142.0,142.0,0.0,0.0,0.0,0.0,0.0,PASS_<20%,0.00,0.0,NO,STANDBY_VEL_LOW,0,0.00,4590.00,73.76,FALSE,M5_TREND_NEUTRAL|M1_DIRECTION_MISMATCH
2026-09-07 17:06:43.970,1788800803.971,136,56,136,4412.85,4412.93,8.0,PASS_<=10c,+0.0,FLAT,-142.0,-169.0,4.2,+0.42,0.10,SLOW,4414.54,4415.14,4413.54,4413.80,0.00,0.00,0.0,NEUTRAL,160.0,4414.27,4414.27,4412.85,4412.85,43,CLEARED_>=20s,142.0,142.0,0.0,0.0,0.0,0.0,0.0,PASS_<20%,0.00,0.0,NO,STANDBY_VEL_LOW,0,0.00,4590.00,73.76,FALSE,M5_TREND_NEUTRAL|M1_DIRECTION_MISMATCH
2026-09-07 17:06:44.472,1788800804.473,137,57,137,4412.85,4412.93,8.0,PASS_<=10c,+0.0,FLAT,-142.0,-169.0,4.2,+0.00,0.00,SLOW,4414.54,4415.14,4413.54,4413.80,0.00,0.00,0.0,NEUTRAL,160.0,4414.27,4414.27,4412.85,4412.85,44,CLEARED_>=20s,142.0,142.0,0.0,0.0,0.0,0.0,0.0,PASS_<20%,0.00,0.0,NO,STANDBY_VEL_LOW,0,0.00,4590.00,73.76,FALSE,M5_TREND_NEUTRAL|M1_DIRECTION_MISMATCH
2026-09-07 17:06:44.975,1788800804.975,138,58,138,4412.85,4412.93,8.0,PASS_<=10c,+0.0,FLAT,-142.0,-169.0,4.2,+0.00,0.00,SLOW,4414.54,4415.14,4413.54,4413.80,0.00,0.00,0.0,NEUTRAL,160.0,4414.27,4414.27,4412.85,4412.85,44,CLEARED_>=20s,142.0,142.0,0.0,0.0,0.0,0.0,0.0,PASS_<20%,0.00,0.0,NO,STANDBY_VEL_LOW,0,0.00,4590.00,73.76,FALSE,M5_TREND_NEUTRAL|M1_DIRECTION_MISMATCH
2026-09-07 17:06:45.478,1788800805.479,139,59,139,4412.85,4412.93,8.0,PASS_<=10c,+0.0,FLAT,-142.0,-169.0,4.2,+0.00,0.00,SLOW,4414.54,4415.14,4413.54,4413.80,0.00,0.00,0.0,NEUTRAL,160.0,4414.27,4414.27,4412.85,4412.85,45,CLEARED_>=20s,142.0,142.0,0.0,0.0,0.0,0.0,0.0,PASS_<20%,0.00,0.0,NO,STANDBY_VEL_LOW,0,0.00,4590.00,73.76,FALSE,M5_TREND_NEUTRAL|M1_DIRECTION_MISMATCH
2026-09-07 17:06:45.979,1788800805.980,140,60,140,4412.85,4412.93,8.0,PASS_<=10c,+0.0,FLAT,-142.0,-169.0,4.2,+0.00,0.00,SLOW,4414.54,4415.14,4413.54,4413.80,0.00,0.00,0.0,NEUTRAL,160.0,4414.27,4414.27,4412.85,4412.85,45,CLEARED_>=20s,142.0,142.0,0.0,0.0,0.0,0.0,0.0,PASS_<20%,0.00,0.0,NO,STANDBY_VEL_LOW,0,0.00,4590.00,73.76,FALSE,M5_TREND_NEUTRAL|M1_DIRECTION_MISMATCH
2026-09-07 17:06:46.481,1788800806.481,141,61,141,4412.85,4412.93,8.0,PASS_<=10c,+0.0,FLAT,-142.0,-169.0,4.2,+0.00,0.00,SLOW,4414.54,4415.14,4413.54,4413.80,0.00,0.00,0.0,NEUTRAL,160.0,4414.27,4414.27,4412.85,4412.85,46,CLEARED_>=20s,142.0,142.0,0.0,0.0,0.0,0.0,0.0,PASS_<20%,0.00,0.0,NO,STANDBY_VEL_LOW,0,0.00,4590.00,73.76,FALSE,M5_TREND_NEUTRAL|M1_DIRECTION_MISMATCH
2026-09-07 17:06:46.983,1788800806.983,142,62,142,4412.85,4412.93,8.0,PASS_<=10c,+0.0,FLAT,-142.0,-169.0,4.2,+0.00,0.00,SLOW,4414.54,4415.14,4413.54,4413.80,0.00,0.00,0.0,NEUTRAL,160.0,4414.27,4414.27,4412.85,4412.85,46,CLEARED_>=20s,142.0,142.0,0.0,0.0,0.0,0.0,0.0,PASS_<20%,0.00,0.0,NO,STANDBY_VEL_LOW,0,0.00,4590.00,73.76,FALSE,M5_TREND_NEUTRAL|M1_DIRECTION_MISMATCH
2026-09-07 17:06:47.485,1788800807.485,143,63,143,4412.85,4412.93,8.0,PASS_<=10c,+0.0,FLAT,-142.0,-169.0,4.2,+0.00,0.00,SLOW,4414.54,4415.14,4413.54,4413.80,0.00,0.00,0.0,NEUTRAL,160.0,4414.27,4414.27,4412.85,4412.85,47,CLEARED_>=20s,142.0,142.0,0.0,0.0,0.0,0.0,0.0,PASS_<20%,0.00,0.0,NO,STANDBY_VEL_LOW,0,0.00,4590.00,73.76,FALSE,M5_TREND_NEUTRAL|M1_DIRECTION_MISMATCH
2026-09-07 17:06:47.986,1788800807.986,144,64,144,4412.85,4412.93,8.0,PASS_<=10c,+0.0,FLAT,-142.0,-169.0,4.2,+0.00,0.00,SLOW,4414.54,4415.14,4413.54,4413.80,0.00,0.00,0.0,NEUTRAL,160.0,4414.27,4414.27,4412.85,4412.85,47,CLEARED_>=20s,142.0,142.0,0.0,0.0,0.0,0.0,0.0,PASS_<20%,0.00,0.0,NO,STANDBY_VEL_LOW,0,0.00,4590.00,73.76,FALSE,M5_TREND_NEUTRAL|M1_DIRECTION_MISMATCH
2026-09-07 17:06:48.488,1788800808.489,145,65,145,4412.85,4412.93,8.0,PASS_<=10c,+0.0,FLAT,-142.0,-169.0,4.2,+0.00,0.00,SLOW,4414.54,4415.14,4413.54,4413.80,0.00,0.00,0.0,NEUTRAL,160.0,4414.27,4414.27,4412.85,4412.85,48,CLEARED_>=20s,142.0,142.0,0.0,0.0,0.0,0.0,0.0,PASS_<20%,0.00,0.0,NO,STANDBY_VEL_LOW,0,0.00,4590.00,73.76,FALSE,M5_TREND_NEUTRAL|M1_DIRECTION_MISMATCH
2026-09-07 17:06:58.869,1788800818.869,146,66,146,4412.85,4412.93,8.0,PASS_<=10c,+0.0,FLAT,-142.0,-169.0,2.3,+0.00,0.00,SLOW,4414.54,4415.14,4413.54,4413.80,0.00,0.00,0.0,NEUTRAL,160.0,4414.27,4414.27,4412.85,4412.85,58,CLEARED_>=20s,142.0,142.0,0.0,0.0,0.0,0.0,0.0,PASS_<20%,0.00,0.0,NO,STANDBY_VEL_LOW,0,0.00,4590.00,73.76,FALSE,M5_TREND_NEUTRAL|M1_DIRECTION_MISMATCH
2026-09-07 17:07:04.487,1788800824.487,147,1,147,4412.85,4412.93,8.0,PASS_<=10c,+0.0,FLAT,+0.0,-169.0,2.0,+0.00,0.00,SLOW,4414.54,4415.14,4413.54,4413.80,0.00,0.00,0.0,NEUTRAL,160.0,4412.85,4412.85,4412.85,4412.85,4,ACTIVE_4s,1.0,0.0,0.0,0.0,0.0,0.0,0.0,PASS_<20%,0.00,0.0,NO,STANDBY_VEL_LOW,0,0.00,4590.00,73.76,FALSE,M5_TREND_NEUTRAL|M1_DIRECTION_MISMATCH|OPENING_SHIELD_ACTIVE_4s
2026-09-07 17:07:04.842,1788800824.843,148,2,148,4412.97,4413.05,8.0,PASS_<=10c,+12.0,UP,+12.0,-157.0,4.0,+12.00,3.00,SLOW,4414.54,4415.14,4413.54,4413.80,0.00,0.00,0.0,NEUTRAL,160.0,4412.85,4412.97,4412.85,4412.97,4,ACTIVE_4s,12.0,12.0,0.0,0.0,0.0,0.0,0.0,PASS_<20%,0.00,0.0,NO,STANDBY_VEL_LOW,0,0.00,4590.00,73.76,FALSE,M5_TREND_NEUTRAL|M1_DIRECTION_MISMATCH|OPENING_SHIELD_ACTIVE_4s
2026-09-07 17:07:05.343,1788800825.344,149,3,149,4412.97,4413.05,8.0,PASS_<=10c,+0.0,FLAT,+12.0,-157.0,4.4,+8.84,2.01,SLOW,4414.54,4415.14,4413.54,4413.80,0.00,0.00,0.0,NEUTRAL,160.0,4412.85,4412.97,4412.85,4412.97,5,ACTIVE_5s,12.0,12.0,0.0,0.0,0.0,0.0,0.0,PASS_<20%,0.00,0.0,NO,STANDBY_VEL_LOW,0,0.00,4590.00,73.76,FALSE,M5_TREND_NEUTRAL|M1_DIRECTION_MISMATCH|OPENING_SHIELD_ACTIVE_5s
2026-09-07 17:07:05.848,1788800825.849,150,4,150,4412.97,4413.05,8.0,PASS_<=10c,+0.0,FLAT,+12.0,-157.0,4.3,+6.45,1.50,SLOW,4414.54,4415.14,4413.54,4413.80,0.00,0.00,0.0,NEUTRAL,160.0,4412.85,4412.97,4412.85,4412.97,5,ACTIVE_5s,12.0,12.0,0.0,0.0,0.0,0.0,0.0,PASS_<20%,0.00,0.0,NO,STANDBY_VEL_LOW,0,0.00,4590.00,73.76,FALSE,M5_TREND_NEUTRAL|M1_DIRECTION_MISMATCH|OPENING_SHIELD_ACTIVE_5s
2026-09-07 17:07:06.347,1788800826.348,151,5,151,4412.97,4413.05,8.0,PASS_<=10c,+0.0,FLAT,+12.0,-157.0,4.2,+5.08,1.21,SLOW,4414.54,4415.14,4413.54,4413.80,0.00,0.00,0.0,NEUTRAL,160.0,4412.85,4412.97,4412.85,4412.97,6,ACTIVE_6s,12.0,12.0,0.0,0.0,0.0,0.0,0.0,PASS_<20%,0.00,0.0,NO,STANDBY_VEL_LOW,0,0.00,4590.00,73.76,FALSE,M5_TREND_NEUTRAL|M1_DIRECTION_MISMATCH|OPENING_SHIELD_ACTIVE_6s
2026-09-07 17:07:06.848,1788800826.849,152,6,152,4412.97,4413.05,8.0,PASS_<=10c,+0.0,FLAT,+12.0,-157.0,4.2,+4.19,1.00,SLOW,4414.54,4415.14,4413.54,4413.80,0.00,0.00,0.0,NEUTRAL,160.0,4412.85,4412.97,4412.85,4412.97,6,ACTIVE_6s,12.0,12.0,0.0,0.0,0.0,0.0,0.0,PASS_<20%,0.00,0.0,NO,STANDBY_VEL_LOW,0,0.00,4590.00,73.76,FALSE,M5_TREND_NEUTRAL|M1_DIRECTION_MISMATCH|OPENING_SHIELD_ACTIVE_6s
2026-09-07 17:07:07.350,1788800827.351,153,7,153,4412.97,4413.05,8.0,PASS_<=10c,+0.0,FLAT,+12.0,-157.0,4.2,+3.57,0.85,SLOW,4414.54,4415.14,4413.54,4413.80,0.00,0.00,0.0,NEUTRAL,160.0,4412.85,4412.97,4412.85,4412.97,7,ACTIVE_7s,12.0,12.0,0.0,0.0,0.0,0.0,0.0,PASS_<20%,0.00,0.0,NO,STANDBY_VEL_LOW,0,0.00,4590.00,73.76,FALSE,M5_TREND_NEUTRAL|M1_DIRECTION_MISMATCH|OPENING_SHIELD_ACTIVE_7s
2026-09-07 17:07:07.852,1788800827.852,154,8,154,4412.97,4413.05,8.0,PASS_<=10c,+0.0,FLAT,+12.0,-157.0,4.1,+3.10,0.76,SLOW,4414.54,4415.14,4413.54,4413.80,0.00,0.00,0.0,NEUTRAL,160.0,4412.85,4412.97,4412.85,4412.97,7,ACTIVE_7s,12.0,12.0,0.0,0.0,0.0,0.0,0.0,PASS_<20%,0.00,0.0,NO,STANDBY_VEL_LOW,0,0.00,4590.00,73.76,FALSE,M5_TREND_NEUTRAL|M1_DIRECTION_MISMATCH|OPENING_SHIELD_ACTIVE_7s
2026-09-07 17:07:08.354,1788800828.354,155,9,155,4412.97,4413.05,8.0,PASS_<=10c,+0.0,FLAT,+12.0,-157.0,4.1,+2.75,0.67,SLOW,4414.54,4415.14,4413.54,4413.80,0.00,0.00,0.0,NEUTRAL,160.0,4412.85,4412.97,4412.85,4412.97,8,ACTIVE_8s,12.0,12.0,0.0,0.0,0.0,0.0,0.0,PASS_<20%,0.00,0.0,NO,STANDBY_VEL_LOW,0,0.00,4590.00,73.76,FALSE,M5_TREND_NEUTRAL|M1_DIRECTION_MISMATCH|OPENING_SHIELD_ACTIVE_8s
2026-09-07 17:07:08.855,1788800828.856,156,10,156,4412.97,4413.05,8.0,PASS_<=10c,+0.0,FLAT,+12.0,-157.0,4.1,+2.46,0.60,SLOW,4414.54,4415.14,4413.54,4413.80,0.00,0.00,0.0,NEUTRAL,160.0,4412.85,4412.97,4412.85,4412.97,8,ACTIVE_8s,12.0,12.0,0.0,0.0,0.0,0.0,0.0,PASS_<20%,0.00,0.0,NO,STANDBY_VEL_LOW,0,0.00,4590.00,73.76,FALSE,M5_TREND_NEUTRAL|M1_DIRECTION_MISMATCH|OPENING_SHIELD_ACTIVE_8s
2026-09-07 17:07:09.357,1788800829.357,157,11,157,4412.97,4413.05,8.0,PASS_<=10c,+0.0,FLAT,+12.0,-157.0,4.3,+2.46,0.57,SLOW,4414.54,4415.14,4413.54,4413.80,0.00,0.00,0.0,NEUTRAL,160.0,4412.85,4412.97,4412.85,4412.97,9,ACTIVE_9s,12.0,12.0,0.0,0.0,0.0,0.0,0.0,PASS_<20%,0.00,0.0,NO,STANDBY_VEL_LOW,0,0.00,4590.00,73.76,FALSE,M5_TREND_NEUTRAL|M1_DIRECTION_MISMATCH|OPENING_SHIELD_ACTIVE_9s
2026-09-07 17:07:09.858,1788800829.859,158,12,158,4412.97,4413.05,8.0,PASS_<=10c,+0.0,FLAT,+12.0,-157.0,4.2,+0.00,0.00,SLOW,4414.54,4415.14,4413.54,4413.80,0.00,0.00,0.0,NEUTRAL,160.0,4412.85,4412.97,4412.85,4412.97,9,ACTIVE_9s,12.0,12.0,0.0,0.0,0.0,0.0,0.0,PASS_<20%,0.00,0.0,NO,STANDBY_VEL_LOW,0,0.00,4590.00,73.76,FALSE,M5_TREND_NEUTRAL|M1_DIRECTION_MISMATCH|OPENING_SHIELD_ACTIVE_9s
2026-09-07 17:07:10.377,1788800830.377,159,13,159,4412.97,4413.05,8.0,PASS_<=10c,+0.0,FLAT,+12.0,-157.0,4.2,+0.00,0.00,SLOW,4414.54,4415.14,4413.54,4413.80,0.00,0.00,0.0,NEUTRAL,160.0,4412.85,4412.97,4412.85,4412.97,10,ACTIVE_10s,12.0,12.0,0.0,0.0,0.0,0.0,0.0,PASS_<20%,0.00,0.0,NO,STANDBY_VEL_LOW,0,0.00,4590.00,73.76,FALSE,M5_TREND_NEUTRAL|M1_DIRECTION_MISMATCH|OPENING_SHIELD_ACTIVE_10s
2026-09-07 17:07:10.879,1788800830.880,160,14,160,4412.97,4413.05,8.0,PASS_<=10c,+0.0,FLAT,+12.0,-157.0,4.2,+0.00,0.00,SLOW,4414.54,4415.14,4413.54,4413.80,0.00,0.00,0.0,NEUTRAL,160.0,4412.85,4412.97,4412.85,4412.97,10,ACTIVE_10s,12.0,12.0,0.0,0.0,0.0,0.0,0.0,PASS_<20%,0.00,0.0,NO,STANDBY_VEL_LOW,0,0.00,4590.00,73.76,FALSE,M5_TREND_NEUTRAL|M1_DIRECTION_MISMATCH|OPENING_SHIELD_ACTIVE_10s
2026-09-07 17:07:11.379,1788800831.379,161,15,161,4412.97,4413.05,8.0,PASS_<=10c,+0.0,FLAT,+12.0,-157.0,4.2,+0.00,0.00,SLOW,4414.54,4415.14,4413.54,4413.80,0.00,0.00,0.0,NEUTRAL,160.0,4412.85,4412.97,4412.85,4412.97,11,ACTIVE_11s,12.0,12.0,0.0,0.0,0.0,0.0,0.0,PASS_<20%,0.00,0.0,NO,STANDBY_VEL_LOW,0,0.00,4590.00,73.76,FALSE,M5_TREND_NEUTRAL|M1_DIRECTION_MISMATCH|OPENING_SHIELD_ACTIVE_11s
2026-09-07 17:07:11.880,1788800831.881,162,16,162,4412.97,4413.05,8.0,PASS_<=10c,+0.0,FLAT,+12.0,-157.0,4.2,+0.00,0.00,SLOW,4414.54,4415.14,4413.54,4413.80,0.00,0.00,0.0,NEUTRAL,160.0,4412.85,4412.97,4412.85,4412.97,11,ACTIVE_11s,12.0,12.0,0.0,0.0,0.0,0.0,0.0,PASS_<20%,0.00,0.0,NO,STANDBY_VEL_LOW,0,0.00,4590.00,73.76,FALSE,M5_TREND_NEUTRAL|M1_DIRECTION_MISMATCH|OPENING_SHIELD_ACTIVE_11s
2026-09-07 17:07:12.382,1788800832.382,163,17,163,4412.97,4413.05,8.0,PASS_<=10c,+0.0,FLAT,+12.0,-157.0,4.2,+0.00,0.00,SLOW,4414.54,4415.14,4413.54,4413.80,0.00,0.00,0.0,NEUTRAL,160.0,4412.85,4412.97,4412.85,4412.97,12,ACTIVE_12s,12.0,12.0,0.0,0.0,0.0,0.0,0.0,PASS_<20%,0.00,0.0,NO,STANDBY_VEL_LOW,0,0.00,4590.00,73.76,FALSE,M5_TREND_NEUTRAL|M1_DIRECTION_MISMATCH|OPENING_SHIELD_ACTIVE_12s
2026-09-07 17:07:22.759,1788800842.760,164,18,164,4412.97,4413.05,8.0,PASS_<=10c,+0.0,FLAT,+12.0,-157.0,1.8,+0.00,0.00,SLOW,4414.54,4415.14,4413.54,4413.80,0.00,0.00,0.0,NEUTRAL,160.0,4412.85,4412.97,4412.85,4412.97,22,CLEARED_>=20s,12.0,12.0,0.0,0.0,0.0,0.0,0.0,PASS_<20%,0.00,0.0,NO,STANDBY_VEL_LOW,0,0.00,4590.00,73.76,FALSE,M5_TREND_NEUTRAL|M1_DIRECTION_MISMATCH
2026-09-07 17:07:29.177,1788800849.178,165,19,165,4412.97,4413.05,8.0,PASS_<=10c,+0.0,FLAT,+12.0,-157.0,1.8,+0.00,0.00,SLOW,4414.54,4415.14,4413.54,4413.80,0.00,0.00,0.0,NEUTRAL,160.0,4412.85,4412.97,4412.85,4412.97,29,CLEARED_>=20s,12.0,12.0,0.0,0.0,0.0,0.0,0.0,PASS_<20%,0.00,0.0,NO,STANDBY_VEL_LOW,0,0.00,4590.00,73.76,FALSE,M5_TREND_NEUTRAL|M1_DIRECTION_MISMATCH
2026-09-07 17:07:29.532,1788800849.533,166,20,166,4412.96,4413.04,8.0,PASS_<=10c,-1.0,DOWN,+11.0,-158.0,2.4,+0.60,0.25,SLOW,4414.54,4415.14,4413.54,4413.80,0.00,0.00,0.0,NEUTRAL,160.0,4412.85,4412.97,4412.85,4412.96,29,CLEARED_>=20s,12.0,11.0,1.0,0.0,8.3,0.0,8.3,PASS_<20%,0.00,0.0,NO,STANDBY_VEL_LOW,0,0.00,4590.00,73.76,FALSE,M5_TREND_NEUTRAL|M1_DIRECTION_MISMATCH
2026-09-07 17:07:30.033,1788800850.034,167,21,167,4412.96,4413.04,8.0,PASS_<=10c,+0.0,FLAT,+11.0,-158.0,2.8,+0.46,0.16,SLOW,4414.54,4415.14,4413.54,4413.80,0.00,0.00,0.0,NEUTRAL,160.0,4412.85,4412.97,4412.85,4412.96,30,CLEARED_>=20s,12.0,11.0,1.0,0.0,8.3,0.0,8.3,PASS_<20%,0.00,0.0,NO,STANDBY_VEL_LOW,0,0.00,4590.00,73.76,FALSE,M5_TREND_NEUTRAL|M1_DIRECTION_MISMATCH
2026-09-07 17:07:30.535,1788800850.536,168,22,168,4412.96,4413.04,8.0,PASS_<=10c,+0.0,FLAT,+11.0,-158.0,3.0,+0.38,0.13,SLOW,4414.54,4415.14,4413.54,4413.80,0.00,0.00,0.0,NEUTRAL,160.0,4412.85,4412.97,4412.85,4412.96,30,CLEARED_>=20s,12.0,11.0,1.0,0.0,8.3,0.0,8.3,PASS_<20%,0.00,0.0,NO,STANDBY_VEL_LOW,0,0.00,4590.00,73.76,FALSE,M5_TREND_NEUTRAL|M1_DIRECTION_MISMATCH
2026-09-07 17:07:31.038,1788800851.039,169,23,169,4412.96,4413.04,8.0,PASS_<=10c,+0.0,FLAT,+11.0,-158.0,3.2,+0.32,0.10,SLOW,4414.54,4415.14,4413.54,4413.80,0.00,0.00,0.0,NEUTRAL,160.0,4412.85,4412.97,4412.85,4412.96,31,CLEARED_>=20s,12.0,11.0,1.0,0.0,8.3,0.0,8.3,PASS_<20%,0.00,0.0,NO,STANDBY_VEL_LOW,0,0.00,4590.00,73.76,FALSE,M5_TREND_NEUTRAL|M1_DIRECTION_MISMATCH
2026-09-07 17:07:31.541,1788800851.541,170,24,170,4412.96,4413.04,8.0,PASS_<=10c,+0.0,FLAT,+11.0,-158.0,3.3,+0.27,0.08,SLOW,4414.54,4415.14,4413.54,4413.80,0.00,0.00,0.0,NEUTRAL,160.0,4412.85,4412.97,4412.85,4412.96,31,CLEARED_>=20s,12.0,11.0,1.0,0.0,8.3,0.0,8.3,PASS_<20%,0.00,0.0,NO,STANDBY_VEL_LOW,0,0.00,4590.00,73.76,FALSE,M5_TREND_NEUTRAL|M1_DIRECTION_MISMATCH
2026-09-07 17:07:32.040,1788800852.041,171,25,171,4412.96,4413.04,8.0,PASS_<=10c,+0.0,FLAT,+11.0,-158.0,3.4,+0.24,0.07,SLOW,4414.54,4415.14,4413.54,4413.80,0.00,0.00,0.0,NEUTRAL,160.0,4412.85,4412.97,4412.85,4412.96,32,CLEARED_>=20s,12.0,11.0,1.0,0.0,8.3,0.0,8.3,PASS_<20%,0.00,0.0,NO,STANDBY_VEL_LOW,0,0.00,4590.00,73.76,FALSE,M5_TREND_NEUTRAL|M1_DIRECTION_MISMATCH
2026-09-07 17:07:32.541,1788800852.542,172,26,172,4412.96,4413.04,8.0,PASS_<=10c,+0.0,FLAT,+11.0,-158.0,3.4,+0.21,0.06,SLOW,4414.54,4415.14,4413.54,4413.80,0.00,0.00,0.0,NEUTRAL,160.0,4412.85,4412.97,4412.85,4412.96,32,CLEARED_>=20s,12.0,11.0,1.0,0.0,8.3,0.0,8.3,PASS_<20%,0.00,0.0,NO,STANDBY_VEL_LOW,0,0.00,4590.00,73.76,FALSE,M5_TREND_NEUTRAL|M1_DIRECTION_MISMATCH
2026-09-07 17:07:33.043,1788800853.044,173,27,173,4412.96,4413.04,8.0,PASS_<=10c,+0.0,FLAT,+11.0,-158.0,4.4,+0.26,0.06,SLOW,4414.54,4415.14,4413.54,4413.80,0.00,0.00,0.0,NEUTRAL,160.0,4412.85,4412.97,4412.85,4412.96,33,CLEARED_>=20s,12.0,11.0,1.0,0.0,8.3,0.0,8.3,PASS_<20%,0.00,0.0,NO,STANDBY_VEL_LOW,0,0.00,4590.00,73.76,FALSE,M5_TREND_NEUTRAL|M1_DIRECTION_MISMATCH
2026-09-07 17:07:33.545,1788800853.545,174,28,174,4412.96,4413.04,8.0,PASS_<=10c,+0.0,FLAT,+11.0,-158.0,4.4,+0.23,0.05,SLOW,4414.54,4415.14,4413.54,4413.80,0.00,0.00,0.0,NEUTRAL,160.0,4412.85,4412.97,4412.85,4412.96,33,CLEARED_>=20s,12.0,11.0,1.0,0.0,8.3,0.0,8.3,PASS_<20%,0.00,0.0,NO,STANDBY_VEL_LOW,0,0.00,4590.00,73.76,FALSE,M5_TREND_NEUTRAL|M1_DIRECTION_MISMATCH
2026-09-07 17:07:34.046,1788800854.046,175,29,175,4412.96,4413.04,8.0,PASS_<=10c,+0.0,FLAT,+11.0,-158.0,4.3,+0.21,0.05,SLOW,4414.54,4415.14,4413.54,4413.80,0.00,0.00,0.0,NEUTRAL,160.0,4412.85,4412.97,4412.85,4412.96,34,CLEARED_>=20s,12.0,11.0,1.0,0.0,8.3,0.0,8.3,PASS_<20%,0.00,0.0,NO,STANDBY_VEL_LOW,0,0.00,4590.00,73.76,FALSE,M5_TREND_NEUTRAL|M1_DIRECTION_MISMATCH
2026-09-07 17:07:34.548,1788800854.548,176,30,176,4412.96,4413.04,8.0,PASS_<=10c,+0.0,FLAT,+11.0,-158.0,4.2,+0.00,0.00,SLOW,4414.54,4415.14,4413.54,4413.80,0.00,0.00,0.0,NEUTRAL,160.0,4412.85,4412.97,4412.85,4412.96,34,CLEARED_>=20s,12.0,11.0,1.0,0.0,8.3,0.0,8.3,PASS_<20%,0.00,0.0,NO,STANDBY_VEL_LOW,0,0.00,4590.00,73.76,FALSE,M5_TREND_NEUTRAL|M1_DIRECTION_MISMATCH
2026-09-07 17:07:35.049,1788800855.049,177,31,177,4412.96,4413.04,8.0,PASS_<=10c,+0.0,FLAT,+11.0,-158.0,4.2,+0.00,0.00,SLOW,4414.54,4415.14,4413.54,4413.80,0.00,0.00,0.0,NEUTRAL,160.0,4412.85,4412.97,4412.85,4412.96,35,CLEARED_>=20s,12.0,11.0,1.0,0.0,8.3,0.0,8.3,PASS_<20%,0.00,0.0,NO,STANDBY_VEL_LOW,0,0.00,4590.00,73.76,FALSE,M5_TREND_NEUTRAL|M1_DIRECTION_MISMATCH
2026-09-07 17:07:35.551,1788800855.551,178,32,178,4412.96,4413.04,8.0,PASS_<=10c,+0.0,FLAT,+11.0,-158.0,4.2,+0.00,0.00,SLOW,4414.54,4415.14,4413.54,4413.80,0.00,0.00,0.0,NEUTRAL,160.0,4412.85,4412.97,4412.85,4412.96,35,CLEARED_>=20s,12.0,11.0,1.0,0.0,8.3,0.0,8.3,PASS_<20%,0.00,0.0,NO,STANDBY_VEL_LOW,0,0.00,4590.00,73.76,FALSE,M5_TREND_NEUTRAL|M1_DIRECTION_MISMATCH
2026-09-07 17:07:36.053,1788800856.054,179,33,179,4412.96,4413.04,8.0,PASS_<=10c,+0.0,FLAT,+11.0,-158.0,4.2,+0.00,0.00,SLOW,4414.54,4415.14,4413.54,4413.80,0.00,0.00,0.0,NEUTRAL,160.0,4412.85,4412.97,4412.85,4412.96,36,CLEARED_>=20s,12.0,11.0,1.0,0.0,8.3,0.0,8.3,PASS_<20%,0.00,0.0,NO,STANDBY_VEL_LOW,0,0.00,4590.00,73.76,FALSE,M5_TREND_NEUTRAL|M1_DIRECTION_MISMATCH
2026-09-07 17:07:36.554,1788800856.554,180,34,180,4412.96,4413.04,8.0,PASS_<=10c,+0.0,FLAT,+11.0,-158.0,4.2,+0.08,0.02,SLOW,4414.54,4415.14,4413.54,4413.80,0.00,0.00,0.0,NEUTRAL,160.0,4412.85,4412.97,4412.85,4412.96,36,CLEARED_>=20s,12.0,11.0,1.0,0.0,8.3,0.0,8.3,PASS_<20%,0.00,0.0,NO,STANDBY_VEL_LOW,0,0.00,4590.00,73.76,FALSE,M5_TREND_NEUTRAL|M1_DIRECTION_MISMATCH
2026-09-07 17:07:37.056,1788800857.056,181,35,181,4412.96,4413.04,8.0,PASS_<=10c,+0.0,FLAT,+11.0,-158.0,4.2,+0.08,0.02,SLOW,4414.54,4415.14,4413.54,4413.80,0.00,0.00,0.0,NEUTRAL,160.0,4412.85,4412.97,4412.85,4412.96,37,CLEARED_>=20s,12.0,11.0,1.0,0.0,8.3,0.0,8.3,PASS_<20%,0.00,0.0,NO,STANDBY_VEL_LOW,0,0.00,4590.00,73.76,FALSE,M5_TREND_NEUTRAL|M1_DIRECTION_MISMATCH
2026-09-07 17:07:47.431,1788800867.431,182,36,182,4412.96,4413.04,8.0,PASS_<=10c,+0.0,FLAT,+11.0,-158.0,1.3,+0.18,0.14,SLOW,4414.54,4415.14,4413.54,4413.80,0.00,0.00,0.0,NEUTRAL,160.0,4412.85,4412.97,4412.85,4412.96,47,CLEARED_>=20s,12.0,11.0,1.0,0.0,8.3,0.0,8.3,PASS_<20%,0.00,0.0,NO,STANDBY_VEL_LOW,0,0.00,4590.00,73.76,FALSE,M5_TREND_NEUTRAL|M1_DIRECTION_MISMATCH
2026-09-07 17:07:53.880,1788800873.881,183,37,183,4412.96,4413.04,8.0,PASS_<=10c,+0.0,FLAT,+11.0,-158.0,1.5,+0.20,0.13,SLOW,4414.54,4415.14,4413.54,4413.80,0.00,0.00,0.0,NEUTRAL,160.0,4412.85,4412.97,4412.85,4412.96,53,CLEARED_>=20s,12.0,11.0,1.0,0.0,8.3,0.0,8.3,PASS_<20%,0.00,0.0,NO,STANDBY_VEL_LOW,0,0.00,4590.00,73.76,FALSE,M5_TREND_NEUTRAL|M1_DIRECTION_MISMATCH
2026-09-07 17:07:54.235,1788800874.236,184,38,184,4412.63,4412.71,8.0,PASS_<=10c,-33.0,DOWN,-22.0,-191.0,2.4,+19.57,8.15,SLOW,4414.54,4415.14,4413.54,4413.80,0.00,0.00,0.0,NEUTRAL,160.0,4412.85,4412.97,4412.63,4412.63,54,CLEARED_>=20s,34.0,22.0,12.0,0.0,35.3,0.0,35.3,BLOCKED_35.3%,0.00,0.0,NO,STANDBY_VEL_LOW,0,0.00,4590.00,73.76,FALSE,M5_TREND_NEUTRAL|M1_DIRECTION_MISMATCH
2026-09-07 17:07:54.737,1788800874.737,185,39,185,4412.66,4412.74,8.0,PASS_<=10c,+3.0,UP,-19.0,-188.0,2.7,+13.71,5.08,SLOW,4414.54,4415.14,4413.54,4413.80,0.00,0.00,0.0,NEUTRAL,160.0,4412.85,4412.97,4412.63,4412.66,54,CLEARED_>=20s,34.0,19.0,12.0,3.0,35.3,8.8,35.3,BLOCKED_35.3%,0.00,0.0,NO,STANDBY_VEL_LOW,0,0.00,4590.00,73.76,FALSE,M5_TREND_NEUTRAL|M1_DIRECTION_MISMATCH
2026-09-07 17:07:55.238,1788800875.239,186,40,186,4412.66,4412.74,8.0,PASS_<=10c,+0.0,FLAT,-19.0,-188.0,3.0,+11.16,3.72,SLOW,4414.54,4415.14,4413.54,4413.80,0.00,0.00,0.0,NEUTRAL,160.0,4412.85,4412.97,4412.63,4412.66,55,CLEARED_>=20s,34.0,19.0,12.0,3.0,35.3,8.8,35.3,BLOCKED_35.3%,0.00,0.0,NO,STANDBY_VEL_LOW,0,0.00,4590.00,73.76,FALSE,M5_TREND_NEUTRAL|M1_DIRECTION_MISMATCH
2026-09-07 17:07:55.740,1788800875.740,187,41,187,4412.66,4412.74,8.0,PASS_<=10c,+0.0,FLAT,-19.0,-188.0,3.1,+9.40,3.03,SLOW,4414.54,4415.14,4413.54,4413.80,0.00,0.00,0.0,NEUTRAL,160.0,4412.85,4412.97,4412.63,4412.66,55,CLEARED_>=20s,34.0,19.0,12.0,3.0,35.3,8.8,35.3,BLOCKED_35.3%,0.00,0.0,NO,STANDBY_VEL_LOW,0,0.00,4590.00,73.76,FALSE,M5_TREND_NEUTRAL|M1_DIRECTION_MISMATCH
2026-09-07 17:07:56.241,1788800876.242,188,42,188,4412.66,4412.74,8.0,PASS_<=10c,+0.0,FLAT,-19.0,-188.0,3.2,+8.12,2.54,SLOW,4414.54,4415.14,4413.54,4413.80,0.00,0.00,0.0,NEUTRAL,160.0,4412.85,4412.97,4412.63,4412.66,56,CLEARED_>=20s,34.0,19.0,12.0,3.0,35.3,8.8,35.3,BLOCKED_35.3%,0.00,0.0,NO,STANDBY_VEL_LOW,0,0.00,4590.00,73.76,FALSE,M5_TREND_NEUTRAL|M1_DIRECTION_MISMATCH
2026-09-07 17:07:56.743,1788800876.743,189,43,189,4412.66,4412.74,8.0,PASS_<=10c,+0.0,FLAT,-19.0,-188.0,3.3,+7.15,2.17,SLOW,4414.54,4415.14,4413.54,4413.80,0.00,0.00,0.0,NEUTRAL,160.0,4412.85,4412.97,4412.63,4412.66,56,CLEARED_>=20s,34.0,19.0,12.0,3.0,35.3,8.8,35.3,BLOCKED_35.3%,0.00,0.0,NO,STANDBY_VEL_LOW,0,0.00,4590.00,73.76,FALSE,M5_TREND_NEUTRAL|M1_DIRECTION_MISMATCH
2026-09-07 17:07:57.245,1788800877.245,190,44,190,4412.66,4412.74,8.0,PASS_<=10c,+0.0,FLAT,-19.0,-188.0,3.4,+6.39,1.88,SLOW,4414.54,4415.14,4413.54,4413.80,0.00,0.00,0.0,NEUTRAL,160.0,4412.85,4412.97,4412.63,4412.66,57,CLEARED_>=20s,34.0,19.0,12.0,3.0,35.3,8.8,35.3,BLOCKED_35.3%,0.00,0.0,NO,STANDBY_VEL_LOW,0,0.00,4590.00,73.76,FALSE,M5_TREND_NEUTRAL|M1_DIRECTION_MISMATCH
2026-09-07 17:07:57.747,1788800877.747,191,45,191,4412.66,4412.74,8.0,PASS_<=10c,+0.0,FLAT,-19.0,-188.0,4.4,+7.76,1.76,SLOW,4414.54,4415.14,4413.54,4413.80,0.00,0.00,0.0,NEUTRAL,160.0,4412.85,4412.97,4412.63,4412.66,57,CLEARED_>=20s,34.0,19.0,12.0,3.0,35.3,8.8,35.3,BLOCKED_35.3%,0.00,0.0,NO,STANDBY_VEL_LOW,0,0.00,4590.00,73.76,FALSE,M5_TREND_NEUTRAL|M1_DIRECTION_MISMATCH
2026-09-07 17:07:58.249,1788800878.250,192,46,192,4412.66,4412.74,8.0,PASS_<=10c,+0.0,FLAT,-19.0,-188.0,4.3,+6.86,1.60,SLOW,4414.54,4415.14,4413.54,4413.80,0.00,0.00,0.0,NEUTRAL,160.0,4412.85,4412.97,4412.63,4412.66,58,CLEARED_>=20s,34.0,19.0,12.0,3.0,35.3,8.8,35.3,BLOCKED_35.3%,0.00,0.0,NO,STANDBY_VEL_LOW,0,0.00,4590.00,73.76,FALSE,M5_TREND_NEUTRAL|M1_DIRECTION_MISMATCH
2026-09-07 17:07:58.753,1788800878.753,193,47,193,4412.66,4412.74,8.0,PASS_<=10c,+0.0,FLAT,-19.0,-188.0,4.3,+6.16,1.43,SLOW,4414.54,4415.14,4413.54,4413.80,0.00,0.00,0.0,NEUTRAL,160.0,4412.85,4412.97,4412.63,4412.66,58,CLEARED_>=20s,34.0,19.0,12.0,3.0,35.3,8.8,35.3,BLOCKED_35.3%,0.00,0.0,NO,STANDBY_VEL_LOW,0,0.00,4590.00,73.76,FALSE,M5_TREND_NEUTRAL|M1_DIRECTION_MISMATCH
2026-09-07 17:07:59.256,1788800879.257,194,48,194,4412.66,4412.74,8.0,PASS_<=10c,+0.0,FLAT,-19.0,-188.0,4.2,+0.63,0.15,SLOW,4414.54,4415.14,4413.54,4413.80,0.00,0.00,0.0,NEUTRAL,160.0,4412.85,4412.97,4412.63,4412.66,59,CLEARED_>=20s,34.0,19.0,12.0,3.0,35.3,8.8,35.3,BLOCKED_35.3%,0.00,0.0,NO,STANDBY_VEL_LOW,0,0.00,4590.00,73.76,FALSE,M5_TREND_NEUTRAL|M1_DIRECTION_MISMATCH
2026-09-07 17:07:59.754,1788800879.755,195,49,195,4412.66,4412.74,8.0,PASS_<=10c,+0.0,FLAT,-19.0,-188.0,4.2,+0.00,0.00,SLOW,4414.54,4415.14,4413.54,4413.80,0.00,0.00,0.0,NEUTRAL,160.0,4412.85,4412.97,4412.63,4412.66,59,CLEARED_>=20s,34.0,19.0,12.0,3.0,35.3,8.8,35.3,BLOCKED_35.3%,0.00,0.0,NO,STANDBY_VEL_LOW,0,0.00,4590.00,73.76,FALSE,M5_TREND_NEUTRAL|M1_DIRECTION_MISMATCH
2026-09-07 17:08:00.258,1788800880.259,196,1,196,4412.69,4412.77,8.0,PASS_<=10c,+3.0,UP,+0.0,-185.0,4.2,+0.63,0.15,SLOW,4414.54,4415.14,4413.54,4413.80,0.00,0.00,0.0,NEUTRAL,160.0,4412.69,4412.69,4412.69,4412.69,0,ACTIVE_0s,1.0,0.0,0.0,0.0,0.0,0.0,0.0,PASS_<20%,0.00,0.0,NO,STANDBY_VEL_LOW,0,0.00,4590.00,73.76,FALSE,M5_TREND_NEUTRAL|M1_DIRECTION_MISMATCH|OPENING_SHIELD_ACTIVE_0s
2026-09-07 17:08:00.759,1788800880.759,197,2,197,4412.69,4412.77,8.0,PASS_<=10c,+0.0,FLAT,+0.0,-185.0,4.2,+0.63,0.15,SLOW,4414.54,4415.14,4413.54,4413.80,0.00,0.00,0.0,NEUTRAL,160.0,4412.69,4412.69,4412.69,4412.69,0,ACTIVE_0s,1.0,0.0,0.0,0.0,0.0,0.0,0.0,PASS_<20%,0.00,0.0,NO,STANDBY_VEL_LOW,0,0.00,4590.00,73.76,FALSE,M5_TREND_NEUTRAL|M1_DIRECTION_MISMATCH|OPENING_SHIELD_ACTIVE_0s
2026-09-07 17:08:01.261,1788800881.261,198,3,198,4412.69,4412.77,8.0,PASS_<=10c,+0.0,FLAT,+0.0,-185.0,4.2,+0.63,0.15,SLOW,4414.54,4415.14,4413.54,4413.80,0.00,0.00,0.0,NEUTRAL,160.0,4412.69,4412.69,4412.69,4412.69,1,ACTIVE_1s,1.0,0.0,0.0,0.0,0.0,0.0,0.0,PASS_<20%,0.00,0.0,NO,STANDBY_VEL_LOW,0,0.00,4590.00,73.76,FALSE,M5_TREND_NEUTRAL|M1_DIRECTION_MISMATCH|OPENING_SHIELD_ACTIVE_1s
2026-09-07 17:08:01.762,1788800881.763,199,4,199,4412.75,4412.83,8.0,PASS_<=10c,+6.0,UP,+6.0,-179.0,4.2,+1.89,0.45,SLOW,4414.54,4415.14,4413.54,4413.80,0.00,0.00,0.0,NEUTRAL,160.0,4412.69,4412.75,4412.69,4412.75,1,ACTIVE_1s,6.0,6.0,0.0,0.0,0.0,0.0,0.0,PASS_<20%,0.00,0.0,NO,STANDBY_VEL_LOW,0,0.00,4590.00,73.76,FALSE,M5_TREND_NEUTRAL|M1_DIRECTION_MISMATCH|OPENING_SHIELD_ACTIVE_1s
2026-09-07 17:08:02.264,1788800882.264,200,5,200,4412.75,4412.83,8.0,PASS_<=10c,+0.0,FLAT,+6.0,-179.0,4.2,+1.89,0.45,SLOW,4414.54,4415.14,4413.54,4413.80,0.00,0.00,0.0,NEUTRAL,160.0,4412.69,4412.75,4412.69,4412.75,2,ACTIVE_2s,6.0,6.0,0.0,0.0,0.0,0.0,0.0,PASS_<20%,0.00,0.0,NO,STANDBY_VEL_LOW,0,0.00,4590.00,73.76,FALSE,M5_TREND_NEUTRAL|M1_DIRECTION_MISMATCH|OPENING_SHIELD_ACTIVE_2s
2026-09-07 17:08:02.765,1788800882.765,201,6,201,4412.75,4412.83,8.0,PASS_<=10c,+0.0,FLAT,+6.0,-179.0,4.2,+1.89,0.45,SLOW,4414.54,4415.14,4413.54,4413.80,0.00,0.00,0.0,NEUTRAL,160.0,4412.69,4412.75,4412.69,4412.75,2,ACTIVE_2s,6.0,6.0,0.0,0.0,0.0,0.0,0.0,PASS_<20%,0.00,0.0,NO,STANDBY_VEL_LOW,0,0.00,4590.00,73.76,FALSE,M5_TREND_NEUTRAL|M1_DIRECTION_MISMATCH|OPENING_SHIELD_ACTIVE_2s
2026-09-07 17:08:03.266,1788800883.266,202,7,202,4412.75,4412.83,8.0,PASS_<=10c,+0.0,FLAT,+6.0,-179.0,4.2,+1.89,0.45,SLOW,4414.54,4415.14,4413.54,4413.80,0.00,0.00,0.0,NEUTRAL,160.0,4412.69,4412.75,4412.69,4412.75,3,ACTIVE_3s,6.0,6.0,0.0,0.0,0.0,0.0,0.0,PASS_<20%,0.00,0.0,NO,STANDBY_VEL_LOW,0,0.00,4590.00,73.76,FALSE,M5_TREND_NEUTRAL|M1_DIRECTION_MISMATCH|OPENING_SHIELD_ACTIVE_3s
2026-09-07 17:08:03.768,1788800883.769,203,8,203,4412.75,4412.83,8.0,PASS_<=10c,+0.0,FLAT,+6.0,-179.0,4.2,+1.89,0.45,SLOW,4414.54,4415.14,4413.54,4413.80,0.00,0.00,0.0,NEUTRAL,160.0,4412.69,4412.75,4412.69,4412.75,3,ACTIVE_3s,6.0,6.0,0.0,0.0,0.0,0.0,0.0,PASS_<20%,0.00,0.0,NO,STANDBY_VEL_LOW,0,0.00,4590.00,73.76,FALSE,M5_TREND_NEUTRAL|M1_DIRECTION_MISMATCH|OPENING_SHIELD_ACTIVE_3s
2026-09-07 17:08:04.269,1788800884.269,204,9,204,4412.75,4412.83,8.0,PASS_<=10c,+0.0,FLAT,+6.0,-179.0,4.2,+1.89,0.45,SLOW,4414.54,4415.14,4413.54,4413.80,0.00,0.00,0.0,NEUTRAL,160.0,4412.69,4412.75,4412.69,4412.75,4,ACTIVE_4s,6.0,6.0,0.0,0.0,0.0,0.0,0.0,PASS_<20%,0.00,0.0,NO,STANDBY_VEL_LOW,0,0.00,4590.00,73.76,FALSE,M5_TREND_NEUTRAL|M1_DIRECTION_MISMATCH|OPENING_SHIELD_ACTIVE_4s
2026-09-07 17:08:04.771,1788800884.771,205,10,205,4412.75,4412.83,8.0,PASS_<=10c,+0.0,FLAT,+6.0,-179.0,4.2,+1.26,0.30,SLOW,4414.54,4415.14,4413.54,4413.80,0.00,0.00,0.0,NEUTRAL,160.0,4412.69,4412.75,4412.69,4412.75,4,ACTIVE_4s,6.0,6.0,0.0,0.0,0.0,0.0,0.0,PASS_<20%,0.00,0.0,NO,STANDBY_VEL_LOW,0,0.00,4590.00,73.76,FALSE,M5_TREND_NEUTRAL|M1_DIRECTION_MISMATCH|OPENING_SHIELD_ACTIVE_4s
2026-09-07 17:08:05.272,1788800885.272,206,11,206,4412.75,4412.83,8.0,PASS_<=10c,+0.0,FLAT,+6.0,-179.0,4.2,+1.26,0.30,SLOW,4414.54,4415.14,4413.54,4413.80,0.00,0.00,0.0,NEUTRAL,160.0,4412.69,4412.75,4412.69,4412.75,5,ACTIVE_5s,6.0,6.0,0.0,0.0,0.0,0.0,0.0,PASS_<20%,0.00,0.0,NO,STANDBY_VEL_LOW,0,0.00,4590.00,73.76,FALSE,M5_TREND_NEUTRAL|M1_DIRECTION_MISMATCH|OPENING_SHIELD_ACTIVE_5s
2026-09-07 17:08:05.775,1788800885.775,207,12,207,4412.73,4412.81,8.0,PASS_<=10c,-2.0,DOWN,+4.0,-181.0,4.2,+0.84,0.20,SLOW,4414.54,4415.14,4413.54,4413.80,0.00,0.00,0.0,NEUTRAL,160.0,4412.69,4412.75,4412.69,4412.73,5,ACTIVE_5s,6.0,4.0,2.0,0.0,33.3,0.0,33.3,BLOCKED_33.3%,0.00,0.0,NO,STANDBY_VEL_LOW,0,0.00,4590.00,73.76,FALSE,M5_TREND_NEUTRAL|M1_DIRECTION_MISMATCH|OPENING_SHIELD_ACTIVE_5s
2026-09-07 17:08:06.276,1788800886.277,208,13,208,4412.73,4412.81,8.0,PASS_<=10c,+0.0,FLAT,+4.0,-181.0,4.2,+0.42,0.10,SLOW,4414.54,4415.14,4413.54,4413.80,0.00,0.00,0.0,NEUTRAL,160.0,4412.69,4412.75,4412.69,4412.73,6,ACTIVE_6s,6.0,4.0,2.0,0.0,33.3,0.0,33.3,BLOCKED_33.3%,0.00,0.0,NO,STANDBY_VEL_LOW,0,0.00,4590.00,73.76,FALSE,M5_TREND_NEUTRAL|M1_DIRECTION_MISMATCH|OPENING_SHIELD_ACTIVE_6s
2026-09-07 17:08:06.778,1788800886.779,209,14,209,4412.72,4412.80,8.0,PASS_<=10c,-1.0,DOWN,+3.0,-182.0,4.2,+0.63,0.15,SLOW,4414.54,4415.14,4413.54,4413.80,0.00,0.00,0.0,NEUTRAL,160.0,4412.69,4412.75,4412.69,4412.72,6,ACTIVE_6s,6.0,3.0,3.0,0.0,50.0,0.0,50.0,BLOCKED_50.0%,0.00,0.0,NO,STANDBY_VEL_LOW,0,0.00,4590.00,73.76,FALSE,M5_TREND_NEUTRAL|M1_DIRECTION_MISMATCH|OPENING_SHIELD_ACTIVE_6s
2026-09-07 17:08:07.279,1788800887.279,210,15,210,4412.72,4412.80,8.0,PASS_<=10c,+0.0,FLAT,+3.0,-182.0,4.2,+0.63,0.15,SLOW,4414.54,4415.14,4413.54,4413.80,0.00,0.00,0.0,NEUTRAL,160.0,4412.69,4412.75,4412.69,4412.72,7,ACTIVE_7s,6.0,3.0,3.0,0.0,50.0,0.0,50.0,BLOCKED_50.0%,0.00,0.0,NO,STANDBY_VEL_LOW,0,0.00,4590.00,73.76,FALSE,M5_TREND_NEUTRAL|M1_DIRECTION_MISMATCH|OPENING_SHIELD_ACTIVE_7s
2026-09-07 17:08:07.780,1788800887.781,211,16,211,4412.72,4412.80,8.0,PASS_<=10c,+0.0,FLAT,+3.0,-182.0,4.2,+0.63,0.15,SLOW,4414.54,4415.14,4413.54,4413.80,0.00,0.00,0.0,NEUTRAL,160.0,4412.69,4412.75,4412.69,4412.72,7,ACTIVE_7s,6.0,3.0,3.0,0.0,50.0,0.0,50.0,BLOCKED_50.0%,0.00,0.0,NO,STANDBY_VEL_LOW,0,0.00,4590.00,73.76,FALSE,M5_TREND_NEUTRAL|M1_DIRECTION_MISMATCH|OPENING_SHIELD_ACTIVE_7s
2026-09-07 17:08:08.281,1788800888.282,212,17,212,4412.79,4412.87,8.0,PASS_<=10c,+7.0,UP,+10.0,-175.0,4.2,+0.84,0.20,SLOW,4414.54,4415.14,4413.54,4413.80,0.00,0.00,0.0,NEUTRAL,160.0,4412.69,4412.79,4412.69,4412.79,8,ACTIVE_8s,10.0,10.0,0.0,0.0,0.0,0.0,0.0,PASS_<20%,0.00,0.0,NO,STANDBY_VEL_LOW,0,0.00,4590.00,73.76,FALSE,M5_TREND_NEUTRAL|M1_DIRECTION_MISMATCH|OPENING_SHIELD_ACTIVE_8s
2026-09-07 17:08:08.783,1788800888.783,213,18,213,4412.80,4412.88,8.0,PASS_<=10c,+1.0,UP,+11.0,-174.0,4.2,+1.05,0.25,SLOW,4414.54,4415.14,4413.54,4413.80,0.00,0.00,0.0,NEUTRAL,160.0,4412.69,4412.80,4412.69,4412.80,8,ACTIVE_8s,11.0,11.0,0.0,0.0,0.0,0.0,0.0,PASS_<20%,0.00,0.0,NO,STANDBY_VEL_LOW,0,0.00,4590.00,73.76,FALSE,M5_TREND_NEUTRAL|M1_DIRECTION_MISMATCH|OPENING_SHIELD_ACTIVE_8s
2026-09-07 17:08:09.284,1788800889.284,214,19,214,4412.80,4412.88,8.0,PASS_<=10c,+0.0,FLAT,+11.0,-174.0,4.2,+1.05,0.25,SLOW,4414.54,4415.14,4413.54,4413.80,0.00,0.00,0.0,NEUTRAL,160.0,4412.69,4412.80,4412.69,4412.80,9,ACTIVE_9s,11.0,11.0,0.0,0.0,0.0,0.0,0.0,PASS_<20%,0.00,0.0,NO,STANDBY_VEL_LOW,0,0.00,4590.00,73.76,FALSE,M5_TREND_NEUTRAL|M1_DIRECTION_MISMATCH|OPENING_SHIELD_ACTIVE_9s
2026-09-07 17:08:09.786,1788800889.786,215,20,215,4412.86,4412.94,8.0,PASS_<=10c,+6.0,UP,+17.0,-168.0,4.2,+2.31,0.55,SLOW,4414.54,4415.14,4413.54,4413.80,0.00,0.00,0.0,NEUTRAL,160.0,4412.69,4412.86,4412.69,4412.86,9,ACTIVE_9s,17.0,17.0,0.0,0.0,0.0,0.0,0.0,PASS_<20%,0.00,0.0,NO,STANDBY_VEL_LOW,0,0.00,4590.00,73.76,FALSE,M5_TREND_NEUTRAL|M1_DIRECTION_MISMATCH|OPENING_SHIELD_ACTIVE_9s
2026-09-07 17:08:10.287,1788800890.288,216,21,216,4412.86,4412.94,8.0,PASS_<=10c,+0.0,FLAT,+17.0,-168.0,4.2,+2.31,0.55,SLOW,4414.54,4415.14,4413.54,4413.80,0.00,0.00,0.0,NEUTRAL,160.0,4412.69,4412.86,4412.69,4412.86,10,ACTIVE_10s,17.0,17.0,0.0,0.0,0.0,0.0,0.0,PASS_<20%,0.00,0.0,NO,STANDBY_VEL_LOW,0,0.00,4590.00,73.76,FALSE,M5_TREND_NEUTRAL|M1_DIRECTION_MISMATCH|OPENING_SHIELD_ACTIVE_10s
2026-09-07 17:08:10.788,1788800890.789,217,22,217,4412.87,4412.95,8.0,PASS_<=10c,+1.0,UP,+18.0,-167.0,4.2,+2.94,0.70,SLOW,4414.54,4415.14,4413.54,4413.80,0.00,0.00,0.0,NEUTRAL,160.0,4412.69,4412.87,4412.69,4412.87,10,ACTIVE_10s,18.0,18.0,0.0,0.0,0.0,0.0,0.0,PASS_<20%,0.00,0.0,NO,STANDBY_VEL_LOW,0,0.00,4590.00,73.76,FALSE,M5_TREND_NEUTRAL|M1_DIRECTION_MISMATCH|OPENING_SHIELD_ACTIVE_10s
2026-09-07 17:08:11.290,1788800891.290,218,23,218,4412.99,4413.07,8.0,PASS_<=10c,+12.0,UP,+30.0,-155.0,4.2,+5.46,1.30,SLOW,4414.54,4415.14,4413.54,4413.80,0.00,0.00,0.0,NEUTRAL,160.0,4412.69,4412.99,4412.69,4412.99,11,ACTIVE_11s,30.0,30.0,0.0,0.0,0.0,0.0,0.0,PASS_<20%,0.00,0.0,NO,STANDBY_VEL_LOW,0,0.00,4590.00,73.76,FALSE,M5_TREND_NEUTRAL|M1_DIRECTION_MISMATCH|OPENING_SHIELD_ACTIVE_11s
2026-09-07 17:08:11.792,1788800891.792,219,24,219,4412.99,4413.07,8.0,PASS_<=10c,+0.0,FLAT,+30.0,-155.0,4.2,+5.67,1.35,SLOW,4414.54,4415.14,4413.54,4413.80,0.00,0.00,0.0,NEUTRAL,160.0,4412.69,4412.99,4412.69,4412.99,11,ACTIVE_11s,30.0,30.0,0.0,0.0,0.0,0.0,0.0,PASS_<20%,0.00,0.0,NO,STANDBY_VEL_LOW,0,0.00,4590.00,73.76,FALSE,M5_TREND_NEUTRAL|M1_DIRECTION_MISMATCH|OPENING_SHIELD_ACTIVE_11s
2026-09-07 17:08:12.293,1788800892.294,220,25,220,4413.01,4413.09,8.0,PASS_<=10c,+2.0,UP,+32.0,-153.0,4.2,+6.09,1.45,SLOW,4414.54,4415.14,4413.54,4413.80,0.00,0.00,0.0,NEUTRAL,160.0,4412.69,4413.01,4412.69,4413.01,12,ACTIVE_12s,32.0,32.0,0.0,0.0,0.0,0.0,0.0,PASS_<20%,0.00,0.0,NO,STANDBY_VEL_LOW,0,0.00,4590.00,73.76,FALSE,M5_TREND_NEUTRAL|M1_DIRECTION_MISMATCH|OPENING_SHIELD_ACTIVE_12s
2026-09-07 17:08:12.794,1788800892.795,221,26,221,4413.01,4413.09,8.0,PASS_<=10c,+0.0,FLAT,+32.0,-153.0,4.2,+5.46,1.30,SLOW,4414.54,4415.14,4413.54,4413.80,0.00,0.00,0.0,NEUTRAL,160.0,4412.69,4413.01,4412.69,4413.01,12,ACTIVE_12s,32.0,32.0,0.0,0.0,0.0,0.0,0.0,PASS_<20%,0.00,0.0,NO,STANDBY_VEL_LOW,0,0.00,4590.00,73.76,FALSE,M5_TREND_NEUTRAL|M1_DIRECTION_MISMATCH|OPENING_SHIELD_ACTIVE_12s
2026-09-07 17:08:13.295,1788800893.296,222,27,222,4413.01,4413.09,8.0,PASS_<=10c,+0.0,FLAT,+32.0,-153.0,4.2,+4.62,1.10,SLOW,4414.54,4415.14,4413.54,4413.80,0.00,0.00,0.0,NEUTRAL,160.0,4412.69,4413.01,4412.69,4413.01,13,ACTIVE_13s,32.0,32.0,0.0,0.0,0.0,0.0,0.0,PASS_<20%,0.00,0.0,NO,STANDBY_VEL_LOW,0,0.00,4590.00,73.76,FALSE,M5_TREND_NEUTRAL|M1_DIRECTION_MISMATCH|OPENING_SHIELD_ACTIVE_13s
2026-09-07 17:08:13.798,1788800893.798,223,28,223,4412.96,4413.04,8.0,PASS_<=10c,-5.0,DOWN,+27.0,-158.0,4.2,+3.36,0.80,SLOW,4414.54,4415.14,4413.54,4413.80,0.00,0.00,0.0,NEUTRAL,160.0,4412.69,4413.01,4412.69,4412.96,13,ACTIVE_13s,32.0,27.0,5.0,0.0,15.6,0.0,15.6,PASS_<20%,0.00,0.0,NO,STANDBY_VEL_LOW,0,0.00,4590.00,73.76,FALSE,M5_TREND_NEUTRAL|M1_DIRECTION_MISMATCH|OPENING_SHIELD_ACTIVE_13s
2026-09-07 17:08:14.298,1788800894.299,224,29,224,4412.96,4413.04,8.0,PASS_<=10c,+0.0,FLAT,+27.0,-158.0,4.2,+3.36,0.80,SLOW,4414.54,4415.14,4413.54,4413.80,0.00,0.00,0.0,NEUTRAL,160.0,4412.69,4413.01,4412.69,4412.96,14,ACTIVE_14s,32.0,27.0,5.0,0.0,15.6,0.0,15.6,PASS_<20%,0.00,0.0,NO,STANDBY_VEL_LOW,0,0.00,4590.00,73.76,FALSE,M5_TREND_NEUTRAL|M1_DIRECTION_MISMATCH|OPENING_SHIELD_ACTIVE_14s
2026-09-07 17:08:14.799,1788800894.800,225,30,225,4412.96,4413.04,8.0,PASS_<=10c,+0.0,FLAT,+27.0,-158.0,4.2,+2.10,0.50,SLOW,4414.54,4415.14,4413.54,4413.80,0.00,0.00,0.0,NEUTRAL,160.0,4412.69,4413.01,4412.69,4412.96,14,ACTIVE_14s,32.0,27.0,5.0,0.0,15.6,0.0,15.6,PASS_<20%,0.00,0.0,NO,STANDBY_VEL_LOW,0,0.00,4590.00,73.76,FALSE,M5_TREND_NEUTRAL|M1_DIRECTION_MISMATCH|OPENING_SHIELD_ACTIVE_14s
2026-09-07 17:08:15.300,1788800895.301,226,31,226,4412.96,4413.04,8.0,PASS_<=10c,+0.0,FLAT,+27.0,-158.0,4.2,+2.10,0.50,SLOW,4414.54,4415.14,4413.54,4413.80,0.00,0.00,0.0,NEUTRAL,160.0,4412.69,4413.01,4412.69,4412.96,15,ACTIVE_15s,32.0,27.0,5.0,0.0,15.6,0.0,15.6,PASS_<20%,0.00,0.0,NO,STANDBY_VEL_LOW,0,0.00,4590.00,73.76,FALSE,M5_TREND_NEUTRAL|M1_DIRECTION_MISMATCH|OPENING_SHIELD_ACTIVE_15s
2026-09-07 17:08:15.802,1788800895.802,227,32,227,4413.12,4413.20,8.0,PASS_<=10c,+16.0,UP,+43.0,-142.0,4.2,+5.25,1.25,SLOW,4414.54,4415.14,4413.54,4413.80,0.00,0.00,0.0,NEUTRAL,160.0,4412.69,4413.12,4412.69,4413.12,15,ACTIVE_15s,43.0,43.0,0.0,0.0,0.0,0.0,0.0,PASS_<20%,0.00,0.0,NO,STANDBY_VEL_LOW,0,0.00,4590.00,73.76,FALSE,M5_TREND_NEUTRAL|M1_DIRECTION_MISMATCH|OPENING_SHIELD_ACTIVE_15s
2026-09-07 17:08:16.304,1788800896.304,228,33,228,4413.12,4413.20,8.0,PASS_<=10c,+0.0,FLAT,+43.0,-142.0,4.2,+2.73,0.65,SLOW,4414.54,4415.14,4413.54,4413.80,0.00,0.00,0.0,NEUTRAL,160.0,4412.69,4413.12,4412.69,4413.12,16,ACTIVE_16s,43.0,43.0,0.0,0.0,0.0,0.0,0.0,PASS_<20%,0.00,0.0,NO,STANDBY_VEL_LOW,0,0.00,4590.00,73.76,FALSE,M5_TREND_NEUTRAL|M1_DIRECTION_MISMATCH|OPENING_SHIELD_ACTIVE_16s
2026-09-07 17:08:16.805,1788800896.805,229,34,229,4413.12,4413.20,8.0,PASS_<=10c,+0.0,FLAT,+43.0,-142.0,4.2,+2.73,0.65,SLOW,4414.54,4415.14,4413.54,4413.80,0.00,0.00,0.0,NEUTRAL,160.0,4412.69,4413.12,4412.69,4413.12,16,ACTIVE_16s,43.0,43.0,0.0,0.0,0.0,0.0,0.0,PASS_<20%,0.00,0.0,NO,STANDBY_VEL_LOW,0,0.00,4590.00,73.76,FALSE,M5_TREND_NEUTRAL|M1_DIRECTION_MISMATCH|OPENING_SHIELD_ACTIVE_16s
2026-09-07 17:08:17.307,1788800897.307,230,35,230,4413.11,4413.19,8.0,PASS_<=10c,-1.0,DOWN,+42.0,-143.0,4.2,+2.10,0.50,SLOW,4414.54,4415.14,4413.54,4413.80,0.00,0.00,0.0,NEUTRAL,160.0,4412.69,4413.12,4412.69,4413.11,17,ACTIVE_17s,43.0,42.0,1.0,0.0,2.3,0.0,2.3,PASS_<20%,0.00,0.0,NO,STANDBY_VEL_LOW,0,0.00,4590.00,73.76,FALSE,M5_TREND_NEUTRAL|M1_DIRECTION_MISMATCH|OPENING_SHIELD_ACTIVE_17s
2026-09-07 17:08:17.809,1788800897.809,231,36,231,4413.11,4413.19,8.0,PASS_<=10c,+0.0,FLAT,+42.0,-143.0,4.2,+2.10,0.50,SLOW,4414.54,4415.14,4413.54,4413.80,0.00,0.00,0.0,NEUTRAL,160.0,4412.69,4413.12,4412.69,4413.11,17,ACTIVE_17s,43.0,42.0,1.0,0.0,2.3,0.0,2.3,PASS_<20%,0.00,0.0,NO,STANDBY_VEL_LOW,0,0.00,4590.00,73.76,FALSE,M5_TREND_NEUTRAL|M1_DIRECTION_MISMATCH|OPENING_SHIELD_ACTIVE_17s
2026-09-07 17:08:18.311,1788800898.311,232,37,232,4413.11,4413.19,8.0,PASS_<=10c,+0.0,FLAT,+42.0,-143.0,4.2,+2.10,0.50,SLOW,4414.54,4415.14,4413.54,4413.80,0.00,0.00,0.0,NEUTRAL,160.0,4412.69,4413.12,4412.69,4413.11,18,ACTIVE_18s,43.0,42.0,1.0,0.0,2.3,0.0,2.3,PASS_<20%,0.00,0.0,NO,STANDBY_VEL_LOW,0,0.00,4590.00,73.76,FALSE,M5_TREND_NEUTRAL|M1_DIRECTION_MISMATCH|OPENING_SHIELD_ACTIVE_18s
2026-09-07 17:08:18.813,1788800898.813,233,38,233,4413.11,4413.19,8.0,PASS_<=10c,+0.0,FLAT,+42.0,-143.0,4.2,+3.15,0.75,SLOW,4414.54,4415.14,4413.54,4413.80,0.00,0.00,0.0,NEUTRAL,160.0,4412.69,4413.12,4412.69,4413.11,18,ACTIVE_18s,43.0,42.0,1.0,0.0,2.3,0.0,2.3,PASS_<20%,0.00,0.0,NO,STANDBY_VEL_LOW,0,0.00,4590.00,73.76,FALSE,M5_TREND_NEUTRAL|M1_DIRECTION_MISMATCH|OPENING_SHIELD_ACTIVE_18s
2026-09-07 17:08:19.315,1788800899.315,234,39,234,4413.11,4413.19,8.0,PASS_<=10c,+0.0,FLAT,+42.0,-143.0,4.2,+3.15,0.75,SLOW,4414.54,4415.14,4413.54,4413.80,0.00,0.00,0.0,NEUTRAL,160.0,4412.69,4413.12,4412.69,4413.11,19,ACTIVE_19s,43.0,42.0,1.0,0.0,2.3,0.0,2.3,PASS_<20%,0.00,0.0,NO,STANDBY_VEL_LOW,0,0.00,4590.00,73.76,FALSE,M5_TREND_NEUTRAL|M1_DIRECTION_MISMATCH|OPENING_SHIELD_ACTIVE_19s
2026-09-07 17:08:19.817,1788800899.817,235,40,235,4413.09,4413.17,8.0,PASS_<=10c,-2.0,DOWN,+40.0,-145.0,4.2,+2.73,0.65,SLOW,4414.54,4415.14,4413.54,4413.80,0.00,0.00,0.0,NEUTRAL,160.0,4412.69,4413.12,4412.69,4413.09,19,ACTIVE_19s,43.0,40.0,3.0,0.0,7.0,0.0,7.0,PASS_<20%,0.00,0.0,NO,STANDBY_VEL_LOW,0,0.00,4590.00,73.76,FALSE,M5_TREND_NEUTRAL|M1_DIRECTION_MISMATCH|OPENING_SHIELD_ACTIVE_19s
2026-09-07 17:08:20.320,1788800900.321,236,41,236,4413.09,4413.17,8.0,PASS_<=10c,+0.0,FLAT,+40.0,-145.0,4.2,+2.73,0.65,SLOW,4414.54,4415.14,4413.54,4413.80,0.00,0.00,0.0,NEUTRAL,160.0,4412.69,4413.12,4412.69,4413.09,20,CLEARED_>=20s,43.0,40.0,3.0,0.0,7.0,0.0,7.0,PASS_<20%,0.00,0.0,NO,STANDBY_VEL_LOW,0,0.00,4590.00,73.76,FALSE,M5_TREND_NEUTRAL|M1_DIRECTION_MISMATCH
2026-09-07 17:08:20.821,1788800900.822,237,42,237,4413.08,4413.16,8.0,PASS_<=10c,-1.0,DOWN,+39.0,-146.0,4.2,+0.84,0.20,SLOW,4414.54,4415.14,4413.54,4413.80,0.00,0.00,0.0,NEUTRAL,160.0,4412.69,4413.12,4412.69,4413.08,20,CLEARED_>=20s,43.0,39.0,4.0,0.0,9.3,0.0,9.3,PASS_<20%,0.00,0.0,NO,STANDBY_VEL_LOW,0,0.00,4590.00,73.76,FALSE,M5_TREND_NEUTRAL|M1_DIRECTION_MISMATCH
2026-09-07 17:08:21.322,1788800901.323,238,43,238,4413.04,4413.12,8.0,PASS_<=10c,-4.0,DOWN,+35.0,-150.0,4.2,+1.68,0.40,SLOW,4414.54,4415.14,4413.54,4413.80,0.00,0.00,0.0,NEUTRAL,160.0,4412.69,4413.12,4412.69,4413.04,21,CLEARED_>=20s,43.0,35.0,8.0,0.0,18.6,0.0,18.6,PASS_<20%,0.00,0.0,NO,STANDBY_VEL_LOW,0,0.00,4590.00,73.76,FALSE,M5_TREND_NEUTRAL|M1_DIRECTION_MISMATCH
2026-09-07 17:08:21.823,1788800901.824,239,44,239,4413.04,4413.12,8.0,PASS_<=10c,+0.0,FLAT,+35.0,-150.0,4.2,+1.68,0.40,SLOW,4414.54,4415.14,4413.54,4413.80,0.00,0.00,0.0,NEUTRAL,160.0,4412.69,4413.12,4412.69,4413.04,21,CLEARED_>=20s,43.0,35.0,8.0,0.0,18.6,0.0,18.6,PASS_<20%,0.00,0.0,NO,STANDBY_VEL_LOW,0,0.00,4590.00,73.76,FALSE,M5_TREND_NEUTRAL|M1_DIRECTION_MISMATCH
2026-09-07 17:08:22.326,1788800902.326,240,45,240,4413.03,4413.11,8.0,PASS_<=10c,-1.0,DOWN,+34.0,-151.0,4.2,+1.68,0.40,SLOW,4414.54,4415.14,4413.54,4413.80,0.00,0.00,0.0,NEUTRAL,160.0,4412.69,4413.12,4412.69,4413.03,22,CLEARED_>=20s,43.0,34.0,9.0,0.0,20.9,0.0,20.9,BLOCKED_20.9%,0.00,0.0,NO,STANDBY_VEL_LOW,0,0.00,4590.00,73.76,FALSE,M5_TREND_NEUTRAL|M1_DIRECTION_MISMATCH
2026-09-07 17:08:22.827,1788800902.827,241,46,241,4413.03,4413.11,8.0,PASS_<=10c,+0.0,FLAT,+34.0,-151.0,4.2,+1.68,0.40,SLOW,4414.54,4415.14,4413.54,4413.80,0.00,0.00,0.0,NEUTRAL,160.0,4412.69,4413.12,4412.69,4413.03,22,CLEARED_>=20s,43.0,34.0,9.0,0.0,20.9,0.0,20.9,BLOCKED_20.9%,0.00,0.0,NO,STANDBY_VEL_LOW,0,0.00,4590.00,73.76,FALSE,M5_TREND_NEUTRAL|M1_DIRECTION_MISMATCH
2026-09-07 17:08:23.327,1788800903.328,242,47,242,4413.07,4413.15,8.0,PASS_<=10c,+4.0,UP,+38.0,-147.0,4.2,+0.84,0.20,SLOW,4414.54,4415.14,4413.54,4413.80,0.00,0.00,0.0,NEUTRAL,160.0,4412.69,4413.12,4412.69,4413.07,23,CLEARED_>=20s,43.0,38.0,5.0,0.0,11.6,0.0,11.6,PASS_<20%,0.00,0.0,NO,STANDBY_VEL_LOW,0,0.00,4590.00,73.76,FALSE,M5_TREND_NEUTRAL|M1_DIRECTION_MISMATCH
2026-09-07 17:08:23.829,1788800903.830,243,48,243,4413.07,4413.15,8.0,PASS_<=10c,+0.0,FLAT,+38.0,-147.0,4.2,+0.84,0.20,SLOW,4414.54,4415.14,4413.54,4413.80,0.00,0.00,0.0,NEUTRAL,160.0,4412.69,4413.12,4412.69,4413.07,23,CLEARED_>=20s,43.0,38.0,5.0,0.0,11.6,0.0,11.6,PASS_<20%,0.00,0.0,NO,STANDBY_VEL_LOW,0,0.00,4590.00,73.76,FALSE,M5_TREND_NEUTRAL|M1_DIRECTION_MISMATCH
2026-09-07 17:08:24.332,1788800904.332,244,49,244,4413.07,4413.15,8.0,PASS_<=10c,+0.0,FLAT,+38.0,-147.0,4.2,+0.63,0.15,SLOW,4414.54,4415.14,4413.54,4413.80,0.00,0.00,0.0,NEUTRAL,160.0,4412.69,4413.12,4412.69,4413.07,24,CLEARED_>=20s,43.0,38.0,5.0,0.0,11.6,0.0,11.6,PASS_<20%,0.00,0.0,NO,STANDBY_VEL_LOW,0,0.00,4590.00,73.76,FALSE,M5_TREND_NEUTRAL|M1_DIRECTION_MISMATCH
2026-09-07 17:08:24.832,1788800904.832,245,50,245,4413.07,4413.15,8.0,PASS_<=10c,+0.0,FLAT,+38.0,-147.0,4.2,+0.42,0.10,SLOW,4414.54,4415.14,4413.54,4413.80,0.00,0.00,0.0,NEUTRAL,160.0,4412.69,4413.12,4412.69,4413.07,24,CLEARED_>=20s,43.0,38.0,5.0,0.0,11.6,0.0,11.6,PASS_<20%,0.00,0.0,NO,STANDBY_VEL_LOW,0,0.00,4590.00,73.76,FALSE,M5_TREND_NEUTRAL|M1_DIRECTION_MISMATCH
2026-09-07 17:08:25.333,1788800905.333,246,51,246,4413.07,4413.15,8.0,PASS_<=10c,+0.0,FLAT,+38.0,-147.0,4.2,+0.21,0.05,SLOW,4414.54,4415.14,4413.54,4413.80,0.00,0.00,0.0,NEUTRAL,160.0,4412.69,4413.12,4412.69,4413.07,25,CLEARED_>=20s,43.0,38.0,5.0,0.0,11.6,0.0,11.6,PASS_<20%,0.00,0.0,NO,STANDBY_VEL_LOW,0,0.00,4590.00,73.76,FALSE,M5_TREND_NEUTRAL|M1_DIRECTION_MISMATCH
2026-09-07 17:08:25.836,1788800905.837,247,52,247,4413.07,4413.15,8.0,PASS_<=10c,+0.0,FLAT,+38.0,-147.0,4.2,+0.63,0.15,SLOW,4414.54,4415.14,4413.54,4413.80,0.00,0.00,0.0,NEUTRAL,160.0,4412.69,4413.12,4412.69,4413.07,25,CLEARED_>=20s,43.0,38.0,5.0,0.0,11.6,0.0,11.6,PASS_<20%,0.00,0.0,NO,STANDBY_VEL_LOW,0,0.00,4590.00,73.76,FALSE,M5_TREND_NEUTRAL|M1_DIRECTION_MISMATCH
2026-09-07 17:08:26.337,1788800906.337,248,53,248,4413.07,4413.15,8.0,PASS_<=10c,+0.0,FLAT,+38.0,-147.0,4.2,+0.63,0.15,SLOW,4414.54,4415.14,4413.54,4413.80,0.00,0.00,0.0,NEUTRAL,160.0,4412.69,4413.12,4412.69,4413.07,26,CLEARED_>=20s,43.0,38.0,5.0,0.0,11.6,0.0,11.6,PASS_<20%,0.00,0.0,NO,STANDBY_VEL_LOW,0,0.00,4590.00,73.76,FALSE,M5_TREND_NEUTRAL|M1_DIRECTION_MISMATCH
2026-09-07 17:08:26.839,1788800906.839,249,54,249,4413.07,4413.15,8.0,PASS_<=10c,+0.0,FLAT,+38.0,-147.0,4.2,+0.63,0.15,SLOW,4414.54,4415.14,4413.54,4413.80,0.00,0.00,0.0,NEUTRAL,160.0,4412.69,4413.12,4412.69,4413.07,26,CLEARED_>=20s,43.0,38.0,5.0,0.0,11.6,0.0,11.6,PASS_<20%,0.00,0.0,NO,STANDBY_VEL_LOW,0,0.00,4590.00,73.76,FALSE,M5_TREND_NEUTRAL|M1_DIRECTION_MISMATCH
2026-09-07 17:08:27.341,1788800907.342,250,55,250,4413.07,4413.15,8.0,PASS_<=10c,+0.0,FLAT,+38.0,-147.0,4.2,+0.84,0.20,SLOW,4414.54,4415.14,4413.54,4413.80,0.00,0.00,0.0,NEUTRAL,160.0,4412.69,4413.12,4412.69,4413.07,27,CLEARED_>=20s,43.0,38.0,5.0,0.0,11.6,0.0,11.6,PASS_<20%,0.00,0.0,NO,STANDBY_VEL_LOW,0,0.00,4590.00,73.76,FALSE,M5_TREND_NEUTRAL|M1_DIRECTION_MISMATCH
2026-09-07 17:08:27.841,1788800907.842,251,56,251,4413.07,4413.15,8.0,PASS_<=10c,+0.0,FLAT,+38.0,-147.0,4.2,+0.21,0.05,SLOW,4414.54,4415.14,4413.54,4413.80,0.00,0.00,0.0,NEUTRAL,160.0,4412.69,4413.12,4412.69,4413.07,27,CLEARED_>=20s,43.0,38.0,5.0,0.0,11.6,0.0,11.6,PASS_<20%,0.00,0.0,NO,STANDBY_VEL_LOW,0,0.00,4590.00,73.76,FALSE,M5_TREND_NEUTRAL|M1_DIRECTION_MISMATCH
2026-09-07 17:08:28.343,1788800908.343,252,57,252,4413.07,4413.15,8.0,PASS_<=10c,+0.0,FLAT,+38.0,-147.0,4.2,+0.17,0.04,SLOW,4414.54,4415.14,4413.54,4413.80,0.00,0.00,0.0,NEUTRAL,160.0,4412.69,4413.12,4412.69,4413.07,28,CLEARED_>=20s,43.0,38.0,5.0,0.0,11.6,0.0,11.6,PASS_<20%,0.00,0.0,NO,STANDBY_VEL_LOW,0,0.00,4590.00,73.76,FALSE,M5_TREND_NEUTRAL|M1_DIRECTION_MISMATCH
2026-09-07 17:08:28.844,1788800908.845,253,58,253,4413.07,4413.15,8.0,PASS_<=10c,+0.0,FLAT,+38.0,-147.0,4.2,+0.17,0.04,SLOW,4414.54,4415.14,4413.54,4413.80,0.00,0.00,0.0,NEUTRAL,160.0,4412.69,4413.12,4412.69,4413.07,28,CLEARED_>=20s,43.0,38.0,5.0,0.0,11.6,0.0,11.6,PASS_<20%,0.00,0.0,NO,STANDBY_VEL_LOW,0,0.00,4590.00,73.76,FALSE,M5_TREND_NEUTRAL|M1_DIRECTION_MISMATCH
2026-09-07 17:08:29.347,1788800909.347,254,59,254,4413.07,4413.15,8.0,PASS_<=10c,+0.0,FLAT,+38.0,-147.0,4.2,+0.18,0.04,SLOW,4414.54,4415.14,4413.54,4413.80,0.00,0.00,0.0,NEUTRAL,160.0,4412.69,4413.12,4412.69,4413.07,29,CLEARED_>=20s,43.0,38.0,5.0,0.0,11.6,0.0,11.6,PASS_<20%,0.00,0.0,NO,STANDBY_VEL_LOW,0,0.00,4590.00,73.76,FALSE,M5_TREND_NEUTRAL|M1_DIRECTION_MISMATCH
2026-09-07 17:08:29.847,1788800909.847,255,60,255,4413.07,4413.15,8.0,PASS_<=10c,+0.0,FLAT,+38.0,-147.0,4.2,+0.18,0.04,SLOW,4414.54,4415.14,4413.54,4413.80,0.00,0.00,0.0,NEUTRAL,160.0,4412.69,4413.12,4412.69,4413.07,29,CLEARED_>=20s,43.0,38.0,5.0,0.0,11.6,0.0,11.6,PASS_<20%,0.00,0.0,NO,STANDBY_VEL_LOW,0,0.00,4590.00,73.76,FALSE,M5_TREND_NEUTRAL|M1_DIRECTION_MISMATCH
2026-09-07 17:08:30.351,1788800910.351,256,61,256,4413.07,4413.15,8.0,PASS_<=10c,+0.0,FLAT,+38.0,-147.0,4.2,+0.18,0.04,SLOW,4414.54,4415.14,4413.54,4413.80,0.00,0.00,0.0,NEUTRAL,160.0,4412.69,4413.12,4412.69,4413.07,30,CLEARED_>=20s,43.0,38.0,5.0,0.0,11.6,0.0,11.6,PASS_<20%,0.00,0.0,NO,STANDBY_VEL_LOW,0,0.00,4590.00,73.76,FALSE,M5_TREND_NEUTRAL|M1_DIRECTION_MISMATCH
2026-09-07 17:08:30.854,1788800910.854,257,62,257,4413.07,4413.15,8.0,PASS_<=10c,+0.0,FLAT,+38.0,-147.0,4.2,+0.18,0.04,SLOW,4414.54,4415.14,4413.54,4413.80,0.00,0.00,0.0,NEUTRAL,160.0,4412.69,4413.12,4412.69,4413.07,30,CLEARED_>=20s,43.0,38.0,5.0,0.0,11.6,0.0,11.6,PASS_<20%,0.00,0.0,NO,STANDBY_VEL_LOW,0,0.00,4590.00,73.76,FALSE,M5_TREND_NEUTRAL|M1_DIRECTION_MISMATCH
2026-09-07 17:08:41.230,1788800921.230,258,63,258,4413.07,4413.15,8.0,PASS_<=10c,+0.0,FLAT,+38.0,-147.0,2.6,+0.19,0.07,SLOW,4414.54,4415.14,4413.54,4413.80,0.00,0.00,0.0,NEUTRAL,160.0,4412.69,4413.12,4412.69,4413.07,41,CLEARED_>=20s,43.0,38.0,5.0,0.0,11.6,0.0,11.6,PASS_<20%,0.00,0.0,NO,STANDBY_VEL_LOW,0,0.00,4590.00,73.76,FALSE,M5_TREND_NEUTRAL|M1_DIRECTION_MISMATCH
2026-09-07 17:08:48.052,1788800928.052,259,64,259,4413.07,4413.15,8.0,PASS_<=10c,+0.0,FLAT,+38.0,-147.0,2.8,+0.20,0.07,SLOW,4414.54,4415.14,4413.54,4413.80,0.00,0.00,0.0,NEUTRAL,160.0,4412.69,4413.12,4412.69,4413.07,48,CLEARED_>=20s,43.0,38.0,5.0,0.0,11.6,0.0,11.6,PASS_<20%,0.00,0.0,NO,STANDBY_VEL_LOW,0,0.00,4590.00,73.76,FALSE,M5_TREND_NEUTRAL|M1_DIRECTION_MISMATCH
2026-09-07 17:08:48.408,1788800928.408,260,65,260,4413.47,4413.55,8.0,PASS_<=10c,+40.0,UP,+78.0,-107.0,2.8,+19.41,6.93,SLOW,4414.54,4415.14,4413.54,4413.80,0.00,0.00,0.0,NEUTRAL,160.0,4412.69,4413.47,4412.69,4413.47,48,CLEARED_>=20s,78.0,78.0,0.0,0.0,0.0,0.0,0.0,PASS_<20%,0.00,0.0,NO,STANDBY_VEL_LOW,0,0.00,4590.00,73.76,FALSE,M5_TREND_NEUTRAL|M1_DIRECTION_MISMATCH
2026-09-07 17:08:48.910,1788800928.911,261,66,261,4413.44,4413.52,8.0,PASS_<=10c,-3.0,DOWN,+75.0,-110.0,2.8,+14.44,5.16,SLOW,4414.54,4415.14,4413.54,4413.80,0.00,0.00,0.0,NEUTRAL,160.0,4412.69,4413.47,4412.69,4413.44,48,CLEARED_>=20s,78.0,75.0,3.0,0.0,3.8,0.0,3.8,PASS_<20%,0.00,0.0,NO,STANDBY_VEL_LOW,0,0.00,4590.00,73.76,FALSE,M5_TREND_NEUTRAL|M1_DIRECTION_MISMATCH
2026-09-07 17:08:49.413,1788800929.414,262,67,262,4413.48,4413.56,8.0,PASS_<=10c,+4.0,UP,+79.0,-106.0,2.8,+13.38,4.78,SLOW,4414.54,4415.14,4413.54,4413.80,0.00,0.00,0.0,NEUTRAL,160.0,4412.69,4413.48,4412.69,4413.48,49,CLEARED_>=20s,79.0,79.0,0.0,0.0,0.0,0.0,0.0,PASS_<20%,0.00,0.0,NO,STANDBY_VEL_LOW,0,0.00,4590.00,73.76,FALSE,M5_TREND_NEUTRAL|M1_DIRECTION_MISMATCH
2026-09-07 17:08:49.914,1788800929.914,263,68,263,4413.51,4413.59,8.0,PASS_<=10c,+3.0,UP,+82.0,-103.0,2.8,+12.34,4.41,SLOW,4414.54,4415.14,4413.54,4413.80,0.00,0.00,0.0,NEUTRAL,160.0,4412.69,4413.51,4412.69,4413.51,49,CLEARED_>=20s,82.0,82.0,0.0,0.0,0.0,0.0,0.0,PASS_<20%,0.00,0.0,NO,STANDBY_VEL_LOW,0,0.00,4590.00,73.76,FALSE,M5_TREND_NEUTRAL|M1_DIRECTION_MISMATCH
2026-09-07 17:08:50.415,1788800930.415,264,69,264,4413.61,4413.69,8.0,PASS_<=10c,+10.0,UP,+92.0,-93.0,2.9,+13.27,4.58,SLOW,4414.54,4415.14,4413.54,4413.80,0.00,0.00,0.0,NEUTRAL,160.0,4412.69,4413.61,4412.69,4413.61,50,CLEARED_>=20s,92.0,92.0,0.0,0.0,0.0,0.0,0.0,PASS_<20%,0.00,0.0,NO,STANDBY_VEL_LOW,0,0.00,4590.00,73.76,FALSE,M5_TREND_NEUTRAL|M1_DIRECTION_MISMATCH
2026-09-07 17:08:50.917,1788800930.917,265,70,265,4413.57,4413.65,8.0,PASS_<=10c,-4.0,DOWN,+88.0,-97.0,3.1,+10.94,3.53,SLOW,4414.54,4415.14,4413.54,4413.80,0.00,0.00,0.0,NEUTRAL,160.0,4412.69,4413.61,4412.69,4413.57,50,CLEARED_>=20s,92.0,88.0,4.0,0.0,4.3,0.0,4.3,PASS_<20%,0.00,0.0,NO,STANDBY_VEL_LOW,0,0.00,4590.00,73.76,FALSE,M5_TREND_NEUTRAL|M1_DIRECTION_MISMATCH
2026-09-07 17:08:51.419,1788800931.420,266,71,266,4413.54,4413.62,8.0,PASS_<=10c,-3.0,DOWN,+85.0,-100.0,4.5,+13.96,3.10,SLOW,4414.54,4415.14,4413.54,4413.80,0.00,0.00,0.0,NEUTRAL,160.0,4412.69,4413.61,4412.69,4413.54,51,CLEARED_>=20s,92.0,85.0,7.0,0.0,7.6,0.0,7.6,PASS_<20%,0.00,0.0,NO,STANDBY_VEL_LOW,0,0.00,4590.00,73.76,FALSE,M5_TREND_NEUTRAL|M1_DIRECTION_MISMATCH
2026-09-07 17:08:51.921,1788800931.922,267,72,267,4413.54,4413.62,8.0,PASS_<=10c,+0.0,FLAT,+85.0,-100.0,4.4,+12.15,2.76,SLOW,4414.54,4415.14,4413.54,4413.80,0.00,0.00,0.0,NEUTRAL,160.0,4412.69,4413.61,4412.69,4413.54,51,CLEARED_>=20s,92.0,85.0,7.0,0.0,7.6,0.0,7.6,PASS_<20%,0.00,0.0,NO,STANDBY_VEL_LOW,0,0.00,4590.00,73.76,FALSE,M5_TREND_NEUTRAL|M1_DIRECTION_MISMATCH
2026-09-07 17:08:52.423,1788800932.424,268,73,268,4413.55,4413.63,8.0,PASS_<=10c,+1.0,UP,+86.0,-99.0,4.3,+10.98,2.55,SLOW,4414.54,4415.14,4413.54,4413.80,0.00,0.00,0.0,NEUTRAL,160.0,4412.69,4413.61,4412.69,4413.55,52,CLEARED_>=20s,92.0,86.0,6.0,0.0,6.5,0.0,6.5,PASS_<20%,0.00,0.0,NO,STANDBY_VEL_LOW,0,0.00,4590.00,73.76,FALSE,M5_TREND_NEUTRAL|M1_DIRECTION_MISMATCH
2026-09-07 17:08:52.925,1788800932.925,269,74,269,4413.55,4413.63,8.0,PASS_<=10c,+0.0,FLAT,+86.0,-99.0,4.3,+9.85,2.29,SLOW,4414.54,4415.14,4413.54,4413.80,0.00,0.00,0.0,NEUTRAL,160.0,4412.69,4413.61,4412.69,4413.55,52,CLEARED_>=20s,92.0,86.0,6.0,0.0,6.5,0.0,6.5,PASS_<20%,0.00,0.0,NO,STANDBY_VEL_LOW,0,0.00,4590.00,73.76,FALSE,M5_TREND_NEUTRAL|M1_DIRECTION_MISMATCH
2026-09-07 17:08:53.426,1788800933.427,270,75,270,4413.55,4413.63,8.0,PASS_<=10c,+0.0,FLAT,+86.0,-99.0,4.2,+1.68,0.40,SLOW,4414.54,4415.14,4413.54,4413.80,0.00,0.00,0.0,NEUTRAL,160.0,4412.69,4413.61,4412.69,4413.55,53,CLEARED_>=20s,92.0,86.0,6.0,0.0,6.5,0.0,6.5,PASS_<20%,0.00,0.0,NO,STANDBY_VEL_LOW,0,0.00,4590.00,73.76,FALSE,M5_TREND_NEUTRAL|M1_DIRECTION_MISMATCH
2026-09-07 17:08:53.928,1788800933.929,271,76,271,4413.54,4413.62,8.0,PASS_<=10c,-1.0,DOWN,+85.0,-100.0,4.2,+1.52,0.36,SLOW,4414.54,4415.14,4413.54,4413.80,0.00,0.00,0.0,NEUTRAL,160.0,4412.69,4413.61,4412.69,4413.54,53,CLEARED_>=20s,92.0,85.0,7.0,0.0,7.6,0.0,7.6,PASS_<20%,0.00,0.0,NO,STANDBY_VEL_LOW,0,0.00,4590.00,73.76,FALSE,M5_TREND_NEUTRAL|M1_DIRECTION_MISMATCH
2026-09-07 17:08:54.430,1788800934.431,272,77,272,4413.55,4413.63,8.0,PASS_<=10c,+1.0,UP,+86.0,-99.0,4.2,+1.68,0.40,SLOW,4414.54,4415.14,4413.54,4413.80,0.00,0.00,0.0,NEUTRAL,160.0,4412.69,4413.61,4412.69,4413.55,54,CLEARED_>=20s,92.0,86.0,6.0,0.0,6.5,0.0,6.5,PASS_<20%,0.00,0.0,NO,STANDBY_VEL_LOW,0,0.00,4590.00,73.76,FALSE,M5_TREND_NEUTRAL|M1_DIRECTION_MISMATCH
2026-09-07 17:08:54.933,1788800934.933,273,78,273,4413.55,4413.63,8.0,PASS_<=10c,+0.0,FLAT,+86.0,-99.0,4.2,+1.48,0.35,SLOW,4414.54,4415.14,4413.54,4413.80,0.00,0.00,0.0,NEUTRAL,160.0,4412.69,4413.61,4412.69,4413.55,54,CLEARED_>=20s,92.0,86.0,6.0,0.0,6.5,0.0,6.5,PASS_<20%,0.00,0.0,NO,STANDBY_VEL_LOW,0,0.00,4590.00,73.76,FALSE,M5_TREND_NEUTRAL|M1_DIRECTION_MISMATCH
2026-09-07 17:08:55.433,1788800935.434,274,79,274,4413.54,4413.62,8.0,PASS_<=10c,-1.0,DOWN,+85.0,-100.0,4.2,+1.47,0.35,SLOW,4414.54,4415.14,4413.54,4413.80,0.00,0.00,0.0,NEUTRAL,160.0,4412.69,4413.61,4412.69,4413.54,55,CLEARED_>=20s,92.0,85.0,7.0,0.0,7.6,0.0,7.6,PASS_<20%,0.00,0.0,NO,STANDBY_VEL_LOW,0,0.00,4590.00,73.76,FALSE,M5_TREND_NEUTRAL|M1_DIRECTION_MISMATCH
2026-09-07 17:08:55.935,1788800935.935,275,80,275,4413.54,4413.62,8.0,PASS_<=10c,+0.0,FLAT,+85.0,-100.0,4.2,+1.47,0.35,SLOW,4414.54,4415.14,4413.54,4413.80,0.00,0.00,0.0,NEUTRAL,160.0,4412.69,4413.61,4412.69,4413.54,55,CLEARED_>=20s,92.0,85.0,7.0,0.0,7.6,0.0,7.6,PASS_<20%,0.00,0.0,NO,STANDBY_VEL_LOW,0,0.00,4590.00,73.76,FALSE,M5_TREND_NEUTRAL|M1_DIRECTION_MISMATCH
2026-09-07 17:08:56.437,1788800936.438,276,81,276,4413.54,4413.62,8.0,PASS_<=10c,+0.0,FLAT,+85.0,-100.0,4.2,+1.47,0.35,SLOW,4414.54,4415.14,4413.54,4413.80,0.00,0.00,0.0,NEUTRAL,160.0,4412.69,4413.61,4412.69,4413.54,56,CLEARED_>=20s,92.0,85.0,7.0,0.0,7.6,0.0,7.6,PASS_<20%,0.00,0.0,NO,STANDBY_VEL_LOW,0,0.00,4590.00,73.76,FALSE,M5_TREND_NEUTRAL|M1_DIRECTION_MISMATCH
2026-09-07 17:08:56.939,1788800936.940,277,82,277,4413.54,4413.62,8.0,PASS_<=10c,+0.0,FLAT,+85.0,-100.0,4.2,+1.47,0.35,SLOW,4414.54,4415.14,4413.54,4413.80,0.00,0.00,0.0,NEUTRAL,160.0,4412.69,4413.61,4412.69,4413.54,56,CLEARED_>=20s,92.0,85.0,7.0,0.0,7.6,0.0,7.6,PASS_<20%,0.00,0.0,NO,STANDBY_VEL_LOW,0,0.00,4590.00,73.76,FALSE,M5_TREND_NEUTRAL|M1_DIRECTION_MISMATCH
2026-09-07 17:08:57.441,1788800937.442,278,83,278,4413.53,4413.61,8.0,PASS_<=10c,-1.0,DOWN,+84.0,-101.0,4.2,+1.45,0.35,SLOW,4414.54,4415.14,4413.54,4413.80,0.00,0.00,0.0,NEUTRAL,160.0,4412.69,4413.61,4412.69,4413.53,57,CLEARED_>=20s,92.0,84.0,8.0,0.0,8.7,0.0,8.7,PASS_<20%,0.00,0.0,NO,STANDBY_VEL_LOW,0,0.00,4590.00,73.76,FALSE,M5_TREND_NEUTRAL|M1_DIRECTION_MISMATCH
2026-09-07 17:08:57.942,1788800937.942,279,84,279,4413.53,4413.61,8.0,PASS_<=10c,+0.0,FLAT,+84.0,-101.0,4.2,+1.45,0.35,SLOW,4414.54,4415.14,4413.54,4413.80,0.00,0.00,0.0,NEUTRAL,160.0,4412.69,4413.61,4412.69,4413.53,57,CLEARED_>=20s,92.0,84.0,8.0,0.0,8.7,0.0,8.7,PASS_<20%,0.00,0.0,NO,STANDBY_VEL_LOW,0,0.00,4590.00,73.76,FALSE,M5_TREND_NEUTRAL|M1_DIRECTION_MISMATCH
2026-09-07 17:08:58.444,1788800938.444,280,85,280,4413.53,4413.61,8.0,PASS_<=10c,+0.0,FLAT,+84.0,-101.0,4.2,+1.45,0.35,SLOW,4414.54,4415.14,4413.54,4413.80,0.00,0.00,0.0,NEUTRAL,160.0,4412.69,4413.61,4412.69,4413.53,58,CLEARED_>=20s,92.0,84.0,8.0,0.0,8.7,0.0,8.7,PASS_<20%,0.00,0.0,NO,STANDBY_VEL_LOW,0,0.00,4590.00,73.76,FALSE,M5_TREND_NEUTRAL|M1_DIRECTION_MISMATCH
2026-09-07 17:08:58.946,1788800938.946,281,86,281,4413.53,4413.61,8.0,PASS_<=10c,+0.0,FLAT,+84.0,-101.0,4.2,+1.45,0.35,SLOW,4414.54,4415.14,4413.54,4413.80,0.00,0.00,0.0,NEUTRAL,160.0,4412.69,4413.61,4412.69,4413.53,58,CLEARED_>=20s,92.0,84.0,8.0,0.0,8.7,0.0,8.7,PASS_<20%,0.00,0.0,NO,STANDBY_VEL_LOW,0,0.00,4590.00,73.76,FALSE,M5_TREND_NEUTRAL|M1_DIRECTION_MISMATCH
2026-09-07 17:08:59.447,1788800939.448,282,87,282,4413.53,4413.61,8.0,PASS_<=10c,+0.0,FLAT,+84.0,-101.0,4.2,+1.45,0.35,SLOW,4414.54,4415.14,4413.54,4413.80,0.00,0.00,0.0,NEUTRAL,160.0,4412.69,4413.61,4412.69,4413.53,59,CLEARED_>=20s,92.0,84.0,8.0,0.0,8.7,0.0,8.7,PASS_<20%,0.00,0.0,NO,STANDBY_VEL_LOW,0,0.00,4590.00,73.76,FALSE,M5_TREND_NEUTRAL|M1_DIRECTION_MISMATCH
2026-09-07 17:08:59.949,1788800939.949,283,88,283,4413.53,4413.61,8.0,PASS_<=10c,+0.0,FLAT,+84.0,-101.0,4.2,+1.40,0.33,SLOW,4414.54,4415.14,4413.54,4413.80,0.00,0.00,0.0,NEUTRAL,160.0,4412.69,4413.61,4412.69,4413.53,59,CLEARED_>=20s,92.0,84.0,8.0,0.0,8.7,0.0,8.7,PASS_<20%,0.00,0.0,NO,STANDBY_VEL_LOW,0,0.00,4590.00,73.76,FALSE,M5_TREND_NEUTRAL|M1_DIRECTION_MISMATCH
2026-09-07 17:09:00.450,1788800940.450,284,1,284,4413.53,4413.61,8.0,PASS_<=10c,+0.0,FLAT,+0.0,-101.0,4.2,+1.40,0.33,SLOW,4414.54,4415.14,4413.54,4413.80,0.00,0.00,0.0,NEUTRAL,160.0,4413.53,4413.53,4413.53,4413.53,0,ACTIVE_0s,1.0,0.0,0.0,0.0,0.0,0.0,0.0,PASS_<20%,0.00,0.0,NO,STANDBY_VEL_LOW,0,0.00,4590.00,73.76,FALSE,M5_TREND_NEUTRAL|M1_DIRECTION_MISMATCH|OPENING_SHIELD_ACTIVE_0s
2026-09-07 17:09:00.951,1788800940.952,285,2,285,4413.53,4413.61,8.0,PASS_<=10c,+0.0,FLAT,+0.0,-101.0,4.2,+1.40,0.33,SLOW,4414.54,4415.14,4413.54,4413.80,0.00,0.00,0.0,NEUTRAL,160.0,4413.53,4413.53,4413.53,4413.53,0,ACTIVE_0s,1.0,0.0,0.0,0.0,0.0,0.0,0.0,PASS_<20%,0.00,0.0,NO,STANDBY_VEL_LOW,0,0.00,4590.00,73.76,FALSE,M5_TREND_NEUTRAL|M1_DIRECTION_MISMATCH|OPENING_SHIELD_ACTIVE_0s
2026-09-07 17:09:01.453,1788800941.453,286,3,286,4413.53,4413.61,8.0,PASS_<=10c,+0.0,FLAT,+0.0,-101.0,4.2,+1.30,0.31,SLOW,4414.54,4415.14,4413.54,4413.80,0.00,0.00,0.0,NEUTRAL,160.0,4413.53,4413.53,4413.53,4413.53,1,ACTIVE_1s,1.0,0.0,0.0,0.0,0.0,0.0,0.0,PASS_<20%,0.00,0.0,NO,STANDBY_VEL_LOW,0,0.00,4590.00,73.76,FALSE,M5_TREND_NEUTRAL|M1_DIRECTION_MISMATCH|OPENING_SHIELD_ACTIVE_1s
2026-09-07 17:09:01.955,1788800941.956,287,4,287,4413.53,4413.61,8.0,PASS_<=10c,+0.0,FLAT,+0.0,-101.0,4.2,+1.30,0.31,SLOW,4414.54,4415.14,4413.54,4413.80,0.00,0.00,0.0,NEUTRAL,160.0,4413.53,4413.53,4413.53,4413.53,1,ACTIVE_1s,1.0,0.0,0.0,0.0,0.0,0.0,0.0,PASS_<20%,0.00,0.0,NO,STANDBY_VEL_LOW,0,0.00,4590.00,73.76,FALSE,M5_TREND_NEUTRAL|M1_DIRECTION_MISMATCH|OPENING_SHIELD_ACTIVE_1s
2026-09-07 17:09:02.456,1788800942.456,288,5,288,4413.53,4413.61,8.0,PASS_<=10c,+0.0,FLAT,+0.0,-101.0,4.2,+1.30,0.31,SLOW,4414.54,4415.14,4413.54,4413.80,0.00,0.00,0.0,NEUTRAL,160.0,4413.53,4413.53,4413.53,4413.53,2,ACTIVE_2s,1.0,0.0,0.0,0.0,0.0,0.0,0.0,PASS_<20%,0.00,0.0,NO,STANDBY_VEL_LOW,0,0.00,4590.00,73.76,FALSE,M5_TREND_NEUTRAL|M1_DIRECTION_MISMATCH|OPENING_SHIELD_ACTIVE_2s
2026-09-07 17:09:02.958,1788800942.958,289,6,289,4413.53,4413.61,8.0,PASS_<=10c,+0.0,FLAT,+0.0,-101.0,4.2,+1.30,0.31,SLOW,4414.54,4415.14,4413.54,4413.80,0.00,0.00,0.0,NEUTRAL,160.0,4413.53,4413.53,4413.53,4413.53,2,ACTIVE_2s,1.0,0.0,0.0,0.0,0.0,0.0,0.0,PASS_<20%,0.00,0.0,NO,STANDBY_VEL_LOW,0,0.00,4590.00,73.76,FALSE,M5_TREND_NEUTRAL|M1_DIRECTION_MISMATCH|OPENING_SHIELD_ACTIVE_2s
2026-09-07 17:09:03.460,1788800943.461,290,7,290,4413.53,4413.61,8.0,PASS_<=10c,+0.0,FLAT,+0.0,-101.0,4.2,+1.30,0.31,SLOW,4414.54,4415.14,4413.54,4413.80,0.00,0.00,0.0,NEUTRAL,160.0,4413.53,4413.53,4413.53,4413.53,3,ACTIVE_3s,1.0,0.0,0.0,0.0,0.0,0.0,0.0,PASS_<20%,0.00,0.0,NO,STANDBY_VEL_LOW,0,0.00,4590.00,73.76,FALSE,M5_TREND_NEUTRAL|M1_DIRECTION_MISMATCH|OPENING_SHIELD_ACTIVE_3s
2026-09-07 17:09:03.962,1788800943.962,291,8,291,4413.53,4413.61,8.0,PASS_<=10c,+0.0,FLAT,+0.0,-101.0,4.2,+1.30,0.31,SLOW,4414.54,4415.14,4413.54,4413.80,0.00,0.00,0.0,NEUTRAL,160.0,4413.53,4413.53,4413.53,4413.53,3,ACTIVE_3s,1.0,0.0,0.0,0.0,0.0,0.0,0.0,PASS_<20%,0.00,0.0,NO,STANDBY_VEL_LOW,0,0.00,4590.00,73.76,FALSE,M5_TREND_NEUTRAL|M1_DIRECTION_MISMATCH|OPENING_SHIELD_ACTIVE_3s
2026-09-07 17:09:04.464,1788800944.465,292,9,292,4413.53,4413.61,8.0,PASS_<=10c,+0.0,FLAT,+0.0,-101.0,4.2,+1.30,0.31,SLOW,4414.54,4415.14,4413.54,4413.80,0.00,0.00,0.0,NEUTRAL,160.0,4413.53,4413.53,4413.53,4413.53,4,ACTIVE_4s,1.0,0.0,0.0,0.0,0.0,0.0,0.0,PASS_<20%,0.00,0.0,NO,STANDBY_VEL_LOW,0,0.00,4590.00,73.76,FALSE,M5_TREND_NEUTRAL|M1_DIRECTION_MISMATCH|OPENING_SHIELD_ACTIVE_4s
2026-09-07 17:09:04.965,1788800944.966,293,10,293,4413.53,4413.61,8.0,PASS_<=10c,+0.0,FLAT,+0.0,-101.0,4.2,+1.30,0.31,SLOW,4414.54,4415.14,4413.54,4413.80,0.00,0.00,0.0,NEUTRAL,160.0,4413.53,4413.53,4413.53,4413.53,4,ACTIVE_4s,1.0,0.0,0.0,0.0,0.0,0.0,0.0,PASS_<20%,0.00,0.0,NO,STANDBY_VEL_LOW,0,0.00,4590.00,73.76,FALSE,M5_TREND_NEUTRAL|M1_DIRECTION_MISMATCH|OPENING_SHIELD_ACTIVE_4s
2026-09-07 17:09:10.479,1788800950.479,294,11,294,4413.53,4413.61,8.0,PASS_<=10c,+0.0,FLAT,+0.0,-101.0,2.6,+1.12,0.43,SLOW,4414.54,4415.14,4413.54,4413.80,0.00,0.00,0.0,NEUTRAL,160.0,4413.53,4413.53,4413.53,4413.53,10,ACTIVE_10s,1.0,0.0,0.0,0.0,0.0,0.0,0.0,PASS_<20%,0.00,0.0,NO,STANDBY_VEL_LOW,0,0.00,4590.00,73.76,FALSE,M5_TREND_NEUTRAL|M1_DIRECTION_MISMATCH|OPENING_SHIELD_ACTIVE_10s
2026-09-07 17:09:20.709,1788800960.709,295,12,295,4413.53,4413.61,8.0,PASS_<=10c,+0.0,FLAT,+0.0,-101.0,2.0,+0.75,0.38,SLOW,4414.54,4415.14,4413.54,4413.80,0.00,0.00,0.0,NEUTRAL,160.0,4413.53,4413.53,4413.53,4413.53,20,CLEARED_>=20s,1.0,0.0,0.0,0.0,0.0,0.0,0.0,PASS_<20%,0.00,0.0,NO,STANDBY_VEL_LOW,0,0.00,4590.00,73.76,FALSE,M5_TREND_NEUTRAL|M1_DIRECTION_MISMATCH
2026-09-07 17:09:22.318,1788800962.319,296,13,296,4413.53,4413.61,8.0,PASS_<=10c,+0.0,FLAT,+0.0,-101.0,1.9,+0.83,0.44,SLOW,4414.54,4415.14,4413.54,4413.80,0.00,0.00,0.0,NEUTRAL,160.0,4413.53,4413.53,4413.53,4413.53,22,CLEARED_>=20s,1.0,0.0,0.0,0.0,0.0,0.0,0.0,PASS_<20%,0.00,0.0,NO,STANDBY_VEL_LOW,0,0.00,4590.00,73.76,FALSE,M5_TREND_NEUTRAL|M1_DIRECTION_MISMATCH
2026-09-07 17:09:22.821,1788800962.822,297,14,297,4413.54,4413.62,8.0,PASS_<=10c,+1.0,UP,+1.0,-100.0,2.4,+0.85,0.35,SLOW,4414.54,4415.14,4413.54,4413.80,0.00,0.00,0.0,NEUTRAL,160.0,4413.53,4413.54,4413.53,4413.54,22,CLEARED_>=20s,1.0,1.0,0.0,0.0,0.0,0.0,0.0,PASS_<20%,0.00,0.0,NO,STANDBY_VEL_LOW,0,0.00,4590.00,73.76,FALSE,M5_TREND_NEUTRAL|M1_DIRECTION_MISMATCH
2026-09-07 17:09:23.322,1788800963.322,298,15,298,4413.54,4413.62,8.0,PASS_<=10c,+0.0,FLAT,+1.0,-100.0,2.7,+0.78,0.29,SLOW,4414.54,4415.14,4413.54,4413.80,0.00,0.00,0.0,NEUTRAL,160.0,4413.53,4413.54,4413.53,4413.54,23,CLEARED_>=20s,1.0,1.0,0.0,0.0,0.0,0.0,0.0,PASS_<20%,0.00,0.0,NO,STANDBY_VEL_LOW,0,0.00,4590.00,73.76,FALSE,M5_TREND_NEUTRAL|M1_DIRECTION_MISMATCH
2026-09-07 17:09:23.822,1788800963.822,299,16,299,4413.54,4413.62,8.0,PASS_<=10c,+0.0,FLAT,+1.0,-100.0,2.9,+0.78,0.27,SLOW,4414.54,4415.14,4413.54,4413.80,0.00,0.00,0.0,NEUTRAL,160.0,4413.53,4413.54,4413.53,4413.54,23,CLEARED_>=20s,1.0,1.0,0.0,0.0,0.0,0.0,0.0,PASS_<20%,0.00,0.0,NO,STANDBY_VEL_LOW,0,0.00,4590.00,73.76,FALSE,M5_TREND_NEUTRAL|M1_DIRECTION_MISMATCH
2026-09-07 17:09:24.353,1788800964.353,300,17,300,4413.54,4413.62,8.0,PASS_<=10c,+0.0,FLAT,+1.0,-100.0,3.0,+0.78,0.26,SLOW,4414.54,4415.14,4413.54,4413.80,0.00,0.00,0.0,NEUTRAL,160.0,4413.53,4413.54,4413.53,4413.54,24,CLEARED_>=20s,1.0,1.0,0.0,0.0,0.0,0.0,0.0,PASS_<20%,0.00,0.0,NO,STANDBY_VEL_LOW,0,0.00,4590.00,73.76,FALSE,M5_TREND_NEUTRAL|M1_DIRECTION_MISMATCH
2026-09-07 17:09:24.829,1788800964.830,301,18,301,4413.54,4413.62,8.0,PASS_<=10c,+0.0,FLAT,+1.0,-100.0,3.2,+0.78,0.24,SLOW,4414.54,4415.14,4413.54,4413.80,0.00,0.00,0.0,NEUTRAL,160.0,4413.53,4413.54,4413.53,4413.54,24,CLEARED_>=20s,1.0,1.0,0.0,0.0,0.0,0.0,0.0,PASS_<20%,0.00,0.0,NO,STANDBY_VEL_LOW,0,0.00,4590.00,73.76,FALSE,M5_TREND_NEUTRAL|M1_DIRECTION_MISMATCH
2026-09-07 17:09:25.338,1788800965.338,302,19,302,4413.54,4413.62,8.0,PASS_<=10c,+0.0,FLAT,+1.0,-100.0,3.2,+0.79,0.25,SLOW,4414.54,4415.14,4413.54,4413.80,0.00,0.00,0.0,NEUTRAL,160.0,4413.53,4413.54,4413.53,4413.54,25,CLEARED_>=20s,1.0,1.0,0.0,0.0,0.0,0.0,0.0,PASS_<20%,0.00,0.0,NO,STANDBY_VEL_LOW,0,0.00,4590.00,73.76,FALSE,M5_TREND_NEUTRAL|M1_DIRECTION_MISMATCH
2026-09-07 17:09:25.835,1788800965.836,303,20,303,4413.54,4413.62,8.0,PASS_<=10c,+0.0,FLAT,+1.0,-100.0,4.4,+0.79,0.18,SLOW,4414.54,4415.14,4413.54,4413.80,0.00,0.00,0.0,NEUTRAL,160.0,4413.53,4413.54,4413.53,4413.54,25,CLEARED_>=20s,1.0,1.0,0.0,0.0,0.0,0.0,0.0,PASS_<20%,0.00,0.0,NO,STANDBY_VEL_LOW,0,0.00,4590.00,73.76,FALSE,M5_TREND_NEUTRAL|M1_DIRECTION_MISMATCH
2026-09-07 17:09:26.338,1788800966.338,304,21,304,4413.54,4413.62,8.0,PASS_<=10c,+0.0,FLAT,+1.0,-100.0,4.4,+0.79,0.18,SLOW,4414.54,4415.14,4413.54,4413.80,0.00,0.00,0.0,NEUTRAL,160.0,4413.53,4413.54,4413.53,4413.54,26,CLEARED_>=20s,1.0,1.0,0.0,0.0,0.0,0.0,0.0,PASS_<20%,0.00,0.0,NO,STANDBY_VEL_LOW,0,0.00,4590.00,73.76,FALSE,M5_TREND_NEUTRAL|M1_DIRECTION_MISMATCH
2026-09-07 17:09:26.841,1788800966.841,305,22,305,4413.54,4413.62,8.0,PASS_<=10c,+0.0,FLAT,+1.0,-100.0,4.3,+0.79,0.18,SLOW,4414.54,4415.14,4413.54,4413.80,0.00,0.00,0.0,NEUTRAL,160.0,4413.53,4413.54,4413.53,4413.54,26,CLEARED_>=20s,1.0,1.0,0.0,0.0,0.0,0.0,0.0,PASS_<20%,0.00,0.0,NO,STANDBY_VEL_LOW,0,0.00,4590.00,73.76,FALSE,M5_TREND_NEUTRAL|M1_DIRECTION_MISMATCH
2026-09-07 17:09:27.341,1788800967.342,306,23,306,4413.32,4413.40,8.0,PASS_<=10c,-22.0,DOWN,-21.0,-122.0,4.2,+4.61,1.10,SLOW,4414.54,4415.14,4413.54,4413.80,0.00,0.00,0.0,NEUTRAL,160.0,4413.53,4413.54,4413.32,4413.32,27,CLEARED_>=20s,22.0,21.0,1.0,0.0,4.5,0.0,4.5,PASS_<20%,0.00,0.0,NO,STANDBY_VEL_LOW,0,0.00,4590.00,73.76,FALSE,M5_TREND_NEUTRAL|M1_DIRECTION_MISMATCH
2026-09-07 17:09:27.843,1788800967.844,307,24,307,4413.30,4413.38,8.0,PASS_<=10c,-2.0,DOWN,-23.0,-124.0,4.2,+5.03,1.20,SLOW,4414.54,4415.14,4413.54,4413.80,0.00,0.00,0.0,NEUTRAL,160.0,4413.53,4413.54,4413.30,4413.30,27,CLEARED_>=20s,24.0,23.0,1.0,0.0,4.2,0.0,4.2,PASS_<20%,0.00,0.0,NO,STANDBY_VEL_LOW,0,0.00,4590.00,73.76,FALSE,M5_TREND_NEUTRAL|M1_DIRECTION_MISMATCH
2026-09-07 17:09:28.346,1788800968.347,308,25,308,4413.25,4413.33,8.0,PASS_<=10c,-5.0,DOWN,-28.0,-129.0,4.2,+6.07,1.45,SLOW,4414.54,4415.14,4413.54,4413.80,0.00,0.00,0.0,NEUTRAL,160.0,4413.53,4413.54,4413.25,4413.25,28,CLEARED_>=20s,29.0,28.0,1.0,0.0,3.4,0.0,3.4,PASS_<20%,0.00,0.0,NO,STANDBY_VEL_LOW,0,0.00,4590.00,73.76,FALSE,M5_TREND_NEUTRAL|M1_DIRECTION_MISMATCH
2026-09-07 17:09:28.847,1788800968.847,309,26,309,4413.25,4413.33,8.0,PASS_<=10c,+0.0,FLAT,-28.0,-129.0,4.2,+6.07,1.45,SLOW,4414.54,4415.14,4413.54,4413.80,0.00,0.00,0.0,NEUTRAL,160.0,4413.53,4413.54,4413.25,4413.25,28,CLEARED_>=20s,29.0,28.0,1.0,0.0,3.4,0.0,3.4,PASS_<20%,0.00,0.0,NO,STANDBY_VEL_LOW,0,0.00,4590.00,73.76,FALSE,M5_TREND_NEUTRAL|M1_DIRECTION_MISMATCH
2026-09-07 17:09:29.348,1788800969.348,310,27,310,4413.25,4413.33,8.0,PASS_<=10c,+0.0,FLAT,-28.0,-129.0,4.2,+6.08,1.45,SLOW,4414.54,4415.14,4413.54,4413.80,0.00,0.00,0.0,NEUTRAL,160.0,4413.53,4413.54,4413.25,4413.25,29,CLEARED_>=20s,29.0,28.0,1.0,0.0,3.4,0.0,3.4,PASS_<20%,0.00,0.0,NO,STANDBY_VEL_LOW,0,0.00,4590.00,73.76,FALSE,M5_TREND_NEUTRAL|M1_DIRECTION_MISMATCH
2026-09-07 17:09:29.850,1788800969.850,311,28,311,4413.25,4413.33,8.0,PASS_<=10c,+0.0,FLAT,-28.0,-129.0,4.2,+6.08,1.45,SLOW,4414.54,4415.14,4413.54,4413.80,0.00,0.00,0.0,NEUTRAL,160.0,4413.53,4413.54,4413.25,4413.25,29,CLEARED_>=20s,29.0,28.0,1.0,0.0,3.4,0.0,3.4,PASS_<20%,0.00,0.0,NO,STANDBY_VEL_LOW,0,0.00,4590.00,73.76,FALSE,M5_TREND_NEUTRAL|M1_DIRECTION_MISMATCH
2026-09-07 17:09:30.350,1788800970.351,312,29,312,4413.25,4413.33,8.0,PASS_<=10c,+0.0,FLAT,-28.0,-129.0,4.2,+6.09,1.45,SLOW,4414.54,4415.14,4413.54,4413.80,0.00,0.00,0.0,NEUTRAL,160.0,4413.53,4413.54,4413.25,4413.25,30,CLEARED_>=20s,29.0,28.0,1.0,0.0,3.4,0.0,3.4,PASS_<20%,0.00,0.0,NO,STANDBY_VEL_LOW,0,0.00,4590.00,73.76,FALSE,M5_TREND_NEUTRAL|M1_DIRECTION_MISMATCH
2026-09-07 17:09:30.852,1788800970.852,313,30,313,4413.11,4413.19,8.0,PASS_<=10c,-14.0,DOWN,-42.0,-143.0,4.2,+9.02,2.15,SLOW,4414.54,4415.14,4413.54,4413.80,0.00,0.00,0.0,NEUTRAL,160.0,4413.53,4413.54,4413.11,4413.11,30,CLEARED_>=20s,43.0,42.0,1.0,0.0,2.3,0.0,2.3,PASS_<20%,0.00,0.0,NO,STANDBY_VEL_LOW,0,0.00,4590.00,73.76,FALSE,M5_TREND_NEUTRAL|M1_DIRECTION_MISMATCH
2026-09-07 17:09:31.355,1788800971.355,314,31,314,4413.12,4413.20,8.0,PASS_<=10c,+1.0,UP,-41.0,-142.0,4.2,+8.81,2.10,SLOW,4414.54,4415.14,4413.54,4413.80,0.00,0.00,0.0,NEUTRAL,160.0,4413.53,4413.54,4413.11,4413.12,31,CLEARED_>=20s,43.0,41.0,1.0,1.0,2.3,2.3,2.3,PASS_<20%,0.00,0.0,NO,STANDBY_VEL_LOW,0,0.00,4590.00,73.76,FALSE,M5_TREND_NEUTRAL|M1_DIRECTION_MISMATCH
2026-09-07 17:09:31.856,1788800971.856,315,32,315,4413.12,4413.20,8.0,PASS_<=10c,+0.0,FLAT,-41.0,-142.0,4.2,+5.25,1.25,SLOW,4414.54,4415.14,4413.54,4413.80,0.00,0.00,0.0,NEUTRAL,160.0,4413.53,4413.54,4413.11,4413.12,31,CLEARED_>=20s,43.0,41.0,1.0,1.0,2.3,2.3,2.3,PASS_<20%,0.00,0.0,NO,STANDBY_VEL_LOW,0,0.00,4590.00,73.76,FALSE,M5_TREND_NEUTRAL|M1_DIRECTION_MISMATCH
2026-09-07 17:09:32.358,1788800972.359,316,33,316,4413.10,4413.18,8.0,PASS_<=10c,-2.0,DOWN,-43.0,-144.0,4.2,+4.20,1.00,SLOW,4414.54,4415.14,4413.54,4413.80,0.00,0.00,0.0,NEUTRAL,160.0,4413.53,4413.54,4413.10,4413.10,32,CLEARED_>=20s,44.0,43.0,1.0,0.0,2.3,0.0,2.3,PASS_<20%,0.00,0.0,NO,STANDBY_VEL_LOW,0,0.00,4590.00,73.76,FALSE,M5_TREND_NEUTRAL|M1_DIRECTION_MISMATCH
2026-09-07 17:09:32.860,1788800972.861,317,34,317,4413.10,4413.18,8.0,PASS_<=10c,+0.0,FLAT,-43.0,-144.0,4.2,+4.20,1.00,SLOW,4414.54,4415.14,4413.54,4413.80,0.00,0.00,0.0,NEUTRAL,160.0,4413.53,4413.54,4413.10,4413.10,32,CLEARED_>=20s,44.0,43.0,1.0,0.0,2.3,0.0,2.3,PASS_<20%,0.00,0.0,NO,STANDBY_VEL_LOW,0,0.00,4590.00,73.76,FALSE,M5_TREND_NEUTRAL|M1_DIRECTION_MISMATCH
2026-09-07 17:09:33.362,1788800973.363,318,35,318,4413.09,4413.17,8.0,PASS_<=10c,-1.0,DOWN,-44.0,-145.0,4.2,+3.36,0.80,SLOW,4414.54,4415.14,4413.54,4413.80,0.00,0.00,0.0,NEUTRAL,160.0,4413.53,4413.54,4413.09,4413.09,33,CLEARED_>=20s,45.0,44.0,1.0,0.0,2.2,0.0,2.2,PASS_<20%,0.00,0.0,NO,STANDBY_VEL_LOW,0,0.00,4590.00,73.76,FALSE,M5_TREND_NEUTRAL|M1_DIRECTION_MISMATCH
2026-09-07 17:09:33.864,1788800973.864,319,36,319,4413.09,4413.17,8.0,PASS_<=10c,+0.0,FLAT,-44.0,-145.0,4.2,+3.36,0.80,SLOW,4414.54,4415.14,4413.54,4413.80,0.00,0.00,0.0,NEUTRAL,160.0,4413.53,4413.54,4413.09,4413.09,33,CLEARED_>=20s,45.0,44.0,1.0,0.0,2.2,0.0,2.2,PASS_<20%,0.00,0.0,NO,STANDBY_VEL_LOW,0,0.00,4590.00,73.76,FALSE,M5_TREND_NEUTRAL|M1_DIRECTION_MISMATCH
2026-09-07 17:09:34.365,1788800974.366,320,37,320,4413.04,4413.12,8.0,PASS_<=10c,-5.0,DOWN,-49.0,-150.0,4.2,+4.41,1.05,SLOW,4414.54,4415.14,4413.54,4413.80,0.00,0.00,0.0,NEUTRAL,160.0,4413.53,4413.54,4413.04,4413.04,34,CLEARED_>=20s,50.0,49.0,1.0,0.0,2.0,0.0,2.0,PASS_<20%,0.00,0.0,NO,STANDBY_VEL_LOW,0,0.00,4590.00,73.76,FALSE,M5_TREND_NEUTRAL|M1_DIRECTION_MISMATCH
2026-09-07 17:09:34.867,1788800974.867,321,38,321,4413.04,4413.12,8.0,PASS_<=10c,+0.0,FLAT,-49.0,-150.0,4.2,+4.41,1.05,SLOW,4414.54,4415.14,4413.54,4413.80,0.00,0.00,0.0,NEUTRAL,160.0,4413.53,4413.54,4413.04,4413.04,34,CLEARED_>=20s,50.0,49.0,1.0,0.0,2.0,0.0,2.0,PASS_<20%,0.00,0.0,NO,STANDBY_VEL_LOW,0,0.00,4590.00,73.76,FALSE,M5_TREND_NEUTRAL|M1_DIRECTION_MISMATCH
2026-09-07 17:09:35.370,1788800975.371,322,39,322,4413.00,4413.08,8.0,PASS_<=10c,-4.0,DOWN,-53.0,-154.0,4.2,+4.61,1.10,SLOW,4414.54,4415.14,4413.54,4413.80,0.00,0.00,0.0,NEUTRAL,160.0,4413.53,4413.54,4413.00,4413.00,35,CLEARED_>=20s,54.0,53.0,1.0,0.0,1.9,0.0,1.9,PASS_<20%,0.00,0.0,NO,STANDBY_VEL_LOW,0,0.00,4590.00,73.76,FALSE,M5_TREND_NEUTRAL|M1_DIRECTION_MISMATCH
2026-09-07 17:09:35.872,1788800975.872,323,40,323,4412.99,4413.07,8.0,PASS_<=10c,-1.0,DOWN,-54.0,-155.0,4.2,+2.73,0.65,SLOW,4414.54,4415.14,4413.54,4413.80,0.00,0.00,0.0,NEUTRAL,160.0,4413.53,4413.54,4412.99,4412.99,35,CLEARED_>=20s,55.0,54.0,1.0,0.0,1.8,0.0,1.8,PASS_<20%,0.00,0.0,NO,STANDBY_VEL_LOW,0,0.00,4590.00,73.76,FALSE,M5_TREND_NEUTRAL|M1_DIRECTION_MISMATCH
2026-09-07 17:09:36.372,1788800976.372,324,41,324,4412.99,4413.07,8.0,PASS_<=10c,+0.0,FLAT,-54.0,-155.0,4.2,+2.73,0.65,SLOW,4414.54,4415.14,4413.54,4413.80,0.00,0.00,0.0,NEUTRAL,160.0,4413.53,4413.54,4412.99,4412.99,36,CLEARED_>=20s,55.0,54.0,1.0,0.0,1.8,0.0,1.8,PASS_<20%,0.00,0.0,NO,STANDBY_VEL_LOW,0,0.00,4590.00,73.76,FALSE,M5_TREND_NEUTRAL|M1_DIRECTION_MISMATCH
2026-09-07 17:09:36.874,1788800976.875,325,42,325,4412.99,4413.07,8.0,PASS_<=10c,+0.0,FLAT,-54.0,-155.0,4.2,+2.31,0.55,SLOW,4414.54,4415.14,4413.54,4413.80,0.00,0.00,0.0,NEUTRAL,160.0,4413.53,4413.54,4412.99,4412.99,36,CLEARED_>=20s,55.0,54.0,1.0,0.0,1.8,0.0,1.8,PASS_<20%,0.00,0.0,NO,STANDBY_VEL_LOW,0,0.00,4590.00,73.76,FALSE,M5_TREND_NEUTRAL|M1_DIRECTION_MISMATCH
2026-09-07 17:09:37.376,1788800977.377,326,43,326,4412.99,4413.07,8.0,PASS_<=10c,+0.0,FLAT,-54.0,-155.0,4.2,+2.31,0.55,SLOW,4414.54,4415.14,4413.54,4413.80,0.00,0.00,0.0,NEUTRAL,160.0,4413.53,4413.54,4412.99,4412.99,37,CLEARED_>=20s,55.0,54.0,1.0,0.0,1.8,0.0,1.8,PASS_<20%,0.00,0.0,NO,STANDBY_VEL_LOW,0,0.00,4590.00,73.76,FALSE,M5_TREND_NEUTRAL|M1_DIRECTION_MISMATCH
2026-09-07 17:09:37.877,1788800977.878,327,44,327,4412.99,4413.07,8.0,PASS_<=10c,+0.0,FLAT,-54.0,-155.0,4.2,+2.31,0.55,SLOW,4414.54,4415.14,4413.54,4413.80,0.00,0.00,0.0,NEUTRAL,160.0,4413.53,4413.54,4412.99,4412.99,37,CLEARED_>=20s,55.0,54.0,1.0,0.0,1.8,0.0,1.8,PASS_<20%,0.00,0.0,NO,STANDBY_VEL_LOW,0,0.00,4590.00,73.76,FALSE,M5_TREND_NEUTRAL|M1_DIRECTION_MISMATCH
2026-09-07 17:09:38.378,1788800978.379,328,45,328,4412.99,4413.07,8.0,PASS_<=10c,+0.0,FLAT,-54.0,-155.0,4.2,+2.10,0.50,SLOW,4414.54,4415.14,4413.54,4413.80,0.00,0.00,0.0,NEUTRAL,160.0,4413.53,4413.54,4412.99,4412.99,38,CLEARED_>=20s,55.0,54.0,1.0,0.0,1.8,0.0,1.8,PASS_<20%,0.00,0.0,NO,STANDBY_VEL_LOW,0,0.00,4590.00,73.76,FALSE,M5_TREND_NEUTRAL|M1_DIRECTION_MISMATCH
2026-09-07 17:09:38.882,1788800978.882,329,46,329,4412.96,4413.04,8.0,PASS_<=10c,-3.0,DOWN,-57.0,-158.0,4.2,+2.73,0.65,SLOW,4414.54,4415.14,4413.54,4413.80,0.00,0.00,0.0,NEUTRAL,160.0,4413.53,4413.54,4412.96,4412.96,38,CLEARED_>=20s,58.0,57.0,1.0,0.0,1.7,0.0,1.7,PASS_<20%,0.00,0.0,NO,STANDBY_VEL_LOW,0,0.00,4590.00,73.76,FALSE,M5_TREND_NEUTRAL|M1_DIRECTION_MISMATCH
2026-09-07 17:09:39.384,1788800979.384,330,47,330,4412.96,4413.04,8.0,PASS_<=10c,+0.0,FLAT,-57.0,-158.0,4.2,+1.68,0.40,SLOW,4414.54,4415.14,4413.54,4413.80,0.00,0.00,0.0,NEUTRAL,160.0,4413.53,4413.54,4412.96,4412.96,39,CLEARED_>=20s,58.0,57.0,1.0,0.0,1.7,0.0,1.7,PASS_<20%,0.00,0.0,NO,STANDBY_VEL_LOW,0,0.00,4590.00,73.76,FALSE,M5_TREND_NEUTRAL|M1_DIRECTION_MISMATCH
2026-09-07 17:09:39.885,1788800979.885,331,48,331,4412.98,4413.06,8.0,PASS_<=10c,+2.0,UP,-55.0,-156.0,4.2,+1.26,0.30,SLOW,4414.54,4415.14,4413.54,4413.80,0.00,0.00,0.0,NEUTRAL,160.0,4413.53,4413.54,4412.96,4412.98,39,CLEARED_>=20s,58.0,55.0,1.0,2.0,1.7,3.4,3.4,PASS_<20%,0.00,0.0,NO,STANDBY_VEL_LOW,0,0.00,4590.00,73.76,FALSE,M5_TREND_NEUTRAL|M1_DIRECTION_MISMATCH
2026-09-07 17:09:40.386,1788800980.387,332,49,332,4412.98,4413.06,8.0,PASS_<=10c,+0.0,FLAT,-55.0,-156.0,4.2,+0.42,0.10,SLOW,4414.54,4415.14,4413.54,4413.80,0.00,0.00,0.0,NEUTRAL,160.0,4413.53,4413.54,4412.96,4412.98,40,CLEARED_>=20s,58.0,55.0,1.0,2.0,1.7,3.4,3.4,PASS_<20%,0.00,0.0,NO,STANDBY_VEL_LOW,0,0.00,4590.00,73.76,FALSE,M5_TREND_NEUTRAL|M1_DIRECTION_MISMATCH
2026-09-07 17:09:40.887,1788800980.888,333,50,333,4412.98,4413.06,8.0,PASS_<=10c,+0.0,FLAT,-55.0,-156.0,4.2,+0.21,0.05,SLOW,4414.54,4415.14,4413.54,4413.80,0.00,0.00,0.0,NEUTRAL,160.0,4413.53,4413.54,4412.96,4412.98,40,CLEARED_>=20s,58.0,55.0,1.0,2.0,1.7,3.4,3.4,PASS_<20%,0.00,0.0,NO,STANDBY_VEL_LOW,0,0.00,4590.00,73.76,FALSE,M5_TREND_NEUTRAL|M1_DIRECTION_MISMATCH
2026-09-07 17:09:41.389,1788800981.389,334,51,334,4412.98,4413.06,8.0,PASS_<=10c,+0.0,FLAT,-55.0,-156.0,4.2,+0.21,0.05,SLOW,4414.54,4415.14,4413.54,4413.80,0.00,0.00,0.0,NEUTRAL,160.0,4413.53,4413.54,4412.96,4412.98,41,CLEARED_>=20s,58.0,55.0,1.0,2.0,1.7,3.4,3.4,PASS_<20%,0.00,0.0,NO,STANDBY_VEL_LOW,0,0.00,4590.00,73.76,FALSE,M5_TREND_NEUTRAL|M1_DIRECTION_MISMATCH
2026-09-07 17:09:41.891,1788800981.891,335,52,335,4412.98,4413.06,8.0,PASS_<=10c,+0.0,FLAT,-55.0,-156.0,4.2,+0.21,0.05,SLOW,4414.54,4415.14,4413.54,4413.80,0.00,0.00,0.0,NEUTRAL,160.0,4413.53,4413.54,4412.96,4412.98,41,CLEARED_>=20s,58.0,55.0,1.0,2.0,1.7,3.4,3.4,PASS_<20%,0.00,0.0,NO,STANDBY_VEL_LOW,0,0.00,4590.00,73.76,FALSE,M5_TREND_NEUTRAL|M1_DIRECTION_MISMATCH
2026-09-07 17:09:42.405,1788800982.405,336,53,336,4412.98,4413.06,8.0,PASS_<=10c,+0.0,FLAT,-55.0,-156.0,4.2,+0.21,0.05,SLOW,4414.54,4415.14,4413.54,4413.80,0.00,0.00,0.0,NEUTRAL,160.0,4413.53,4413.54,4412.96,4412.98,42,CLEARED_>=20s,58.0,55.0,1.0,2.0,1.7,3.4,3.4,PASS_<20%,0.00,0.0,NO,STANDBY_VEL_LOW,0,0.00,4590.00,73.76,FALSE,M5_TREND_NEUTRAL|M1_DIRECTION_MISMATCH
2026-09-07 17:09:42.895,1788800982.896,337,54,337,4412.97,4413.05,8.0,PASS_<=10c,-1.0,DOWN,-56.0,-157.0,4.2,+0.42,0.10,SLOW,4414.54,4415.14,4413.54,4413.80,0.00,0.00,0.0,NEUTRAL,160.0,4413.53,4413.54,4412.96,4412.97,42,CLEARED_>=20s,58.0,56.0,1.0,1.0,1.7,1.7,1.7,PASS_<20%,0.00,0.0,NO,STANDBY_VEL_LOW,0,0.00,4590.00,73.76,FALSE,M5_TREND_NEUTRAL|M1_DIRECTION_MISMATCH
2026-09-07 17:09:43.397,1788800983.398,338,55,338,4412.97,4413.05,8.0,PASS_<=10c,+0.0,FLAT,-56.0,-157.0,4.2,+0.42,0.10,SLOW,4414.54,4415.14,4413.54,4413.80,0.00,0.00,0.0,NEUTRAL,160.0,4413.53,4413.54,4412.96,4412.97,43,CLEARED_>=20s,58.0,56.0,1.0,1.0,1.7,1.7,1.7,PASS_<20%,0.00,0.0,NO,STANDBY_VEL_LOW,0,0.00,4590.00,73.76,FALSE,M5_TREND_NEUTRAL|M1_DIRECTION_MISMATCH
2026-09-07 17:09:43.899,1788800983.899,339,56,339,4412.93,4413.01,8.0,PASS_<=10c,-4.0,DOWN,-60.0,-161.0,4.2,+0.63,0.15,SLOW,4414.54,4415.14,4413.54,4413.80,0.00,0.00,0.0,NEUTRAL,160.0,4413.53,4413.54,4412.93,4412.93,43,CLEARED_>=20s,61.0,60.0,1.0,0.0,1.6,0.0,1.6,PASS_<20%,0.00,0.0,NO,STANDBY_VEL_LOW,0,0.00,4590.00,73.76,FALSE,M5_TREND_NEUTRAL|M1_DIRECTION_MISMATCH
2026-09-07 17:09:44.401,1788800984.401,340,57,340,4413.00,4413.08,8.0,PASS_<=10c,+7.0,UP,-53.0,-154.0,4.2,+0.42,0.10,SLOW,4414.54,4415.14,4413.54,4413.80,0.00,0.00,0.0,NEUTRAL,160.0,4413.53,4413.54,4412.93,4413.00,44,CLEARED_>=20s,61.0,53.0,1.0,7.0,1.6,11.5,11.5,PASS_<20%,0.00,0.0,NO,STANDBY_VEL_LOW,0,0.00,4590.00,73.76,FALSE,M5_TREND_NEUTRAL|M1_DIRECTION_MISMATCH
2026-09-07 17:09:44.903,1788800984.903,341,58,341,4412.90,4412.98,8.0,PASS_<=10c,-10.0,DOWN,-63.0,-164.0,4.2,+1.68,0.40,SLOW,4414.54,4415.14,4413.54,4413.80,0.00,0.00,0.0,NEUTRAL,160.0,4413.53,4413.54,4412.88,4412.90,44,CLEARED_>=20s,66.0,63.0,1.0,2.0,1.5,3.0,3.0,PASS_<20%,0.00,0.0,NO,STANDBY_VEL_LOW,0,0.00,4590.00,73.76,FALSE,M5_TREND_NEUTRAL|M1_DIRECTION_MISMATCH
2026-09-07 17:09:45.406,1788800985.407,342,59,342,4412.90,4412.98,8.0,PASS_<=10c,+0.0,FLAT,-63.0,-164.0,4.2,+1.68,0.40,SLOW,4414.54,4415.14,4413.54,4413.80,0.00,0.00,0.0,NEUTRAL,160.0,4413.53,4413.54,4412.88,4412.90,45,CLEARED_>=20s,66.0,63.0,1.0,2.0,1.5,3.0,3.0,PASS_<20%,0.00,0.0,NO,STANDBY_VEL_LOW,0,0.00,4590.00,73.76,FALSE,M5_TREND_NEUTRAL|M1_DIRECTION_MISMATCH
2026-09-07 17:09:45.907,1788800985.907,343,60,343,4412.90,4412.98,8.0,PASS_<=10c,+0.0,FLAT,-63.0,-164.0,4.2,+1.68,0.40,SLOW,4414.54,4415.14,4413.54,4413.80,0.00,0.00,0.0,NEUTRAL,160.0,4413.53,4413.54,4412.88,4412.90,45,CLEARED_>=20s,66.0,63.0,1.0,2.0,1.5,3.0,3.0,PASS_<20%,0.00,0.0,NO,STANDBY_VEL_LOW,0,0.00,4590.00,73.76,FALSE,M5_TREND_NEUTRAL|M1_DIRECTION_MISMATCH
2026-09-07 17:09:46.408,1788800986.409,344,61,344,4412.90,4412.98,8.0,PASS_<=10c,+0.0,FLAT,-63.0,-164.0,4.2,+1.68,0.40,SLOW,4414.54,4415.14,4413.54,4413.80,0.00,0.00,0.0,NEUTRAL,160.0,4413.53,4413.54,4412.88,4412.90,46,CLEARED_>=20s,66.0,63.0,1.0,2.0,1.5,3.0,3.0,PASS_<20%,0.00,0.0,NO,STANDBY_VEL_LOW,0,0.00,4590.00,73.76,FALSE,M5_TREND_NEUTRAL|M1_DIRECTION_MISMATCH
2026-09-07 17:09:46.910,1788800986.910,345,62,345,4412.90,4412.98,8.0,PASS_<=10c,+0.0,FLAT,-63.0,-164.0,4.2,+1.68,0.40,SLOW,4414.54,4415.14,4413.54,4413.80,0.00,0.00,0.0,NEUTRAL,160.0,4413.53,4413.54,4412.88,4412.90,46,CLEARED_>=20s,66.0,63.0,1.0,2.0,1.5,3.0,3.0,PASS_<20%,0.00,0.0,NO,STANDBY_VEL_LOW,0,0.00,4590.00,73.76,FALSE,M5_TREND_NEUTRAL|M1_DIRECTION_MISMATCH
2026-09-07 17:09:47.412,1788800987.412,346,63,346,4412.90,4412.98,8.0,PASS_<=10c,+0.0,FLAT,-63.0,-164.0,4.2,+1.47,0.35,SLOW,4414.54,4415.14,4413.54,4413.80,0.00,0.00,0.0,NEUTRAL,160.0,4413.53,4413.54,4412.88,4412.90,47,CLEARED_>=20s,66.0,63.0,1.0,2.0,1.5,3.0,3.0,PASS_<20%,0.00,0.0,NO,STANDBY_VEL_LOW,0,0.00,4590.00,73.76,FALSE,M5_TREND_NEUTRAL|M1_DIRECTION_MISMATCH
2026-09-07 17:09:47.913,1788800987.914,347,64,347,4412.90,4412.98,8.0,PASS_<=10c,+0.0,FLAT,-63.0,-164.0,4.2,+1.47,0.35,SLOW,4414.54,4415.14,4413.54,4413.80,0.00,0.00,0.0,NEUTRAL,160.0,4413.53,4413.54,4412.88,4412.90,47,CLEARED_>=20s,66.0,63.0,1.0,2.0,1.5,3.0,3.0,PASS_<20%,0.00,0.0,NO,STANDBY_VEL_LOW,0,0.00,4590.00,73.76,FALSE,M5_TREND_NEUTRAL|M1_DIRECTION_MISMATCH
2026-09-07 17:09:48.414,1788800988.415,348,65,348,4412.90,4412.98,8.0,PASS_<=10c,+0.0,FLAT,-63.0,-164.0,4.2,+1.47,0.35,SLOW,4414.54,4415.14,4413.54,4413.80,0.00,0.00,0.0,NEUTRAL,160.0,4413.53,4413.54,4412.88,4412.90,48,CLEARED_>=20s,66.0,63.0,1.0,2.0,1.5,3.0,3.0,PASS_<20%,0.00,0.0,NO,STANDBY_VEL_LOW,0,0.00,4590.00,73.76,FALSE,M5_TREND_NEUTRAL|M1_DIRECTION_MISMATCH
2026-09-07 17:09:48.917,1788800988.917,349,66,349,4412.90,4412.98,8.0,PASS_<=10c,+0.0,FLAT,-63.0,-164.0,4.2,+2.94,0.70,SLOW,4414.54,4415.14,4413.54,4413.80,0.00,0.00,0.0,NEUTRAL,160.0,4413.53,4413.54,4412.88,4412.90,48,CLEARED_>=20s,66.0,63.0,1.0,2.0,1.5,3.0,3.0,PASS_<20%,0.00,0.0,NO,STANDBY_VEL_LOW,0,0.00,4590.00,73.76,FALSE,M5_TREND_NEUTRAL|M1_DIRECTION_MISMATCH
2026-09-07 17:09:49.417,1788800989.418,350,67,350,4412.90,4412.98,8.0,PASS_<=10c,+0.0,FLAT,-63.0,-164.0,4.2,+0.42,0.10,SLOW,4414.54,4415.14,4413.54,4413.80,0.00,0.00,0.0,NEUTRAL,160.0,4413.53,4413.54,4412.88,4412.90,49,CLEARED_>=20s,66.0,63.0,1.0,2.0,1.5,3.0,3.0,PASS_<20%,0.00,0.0,NO,STANDBY_VEL_LOW,0,0.00,4590.00,73.76,FALSE,M5_TREND_NEUTRAL|M1_DIRECTION_MISMATCH
2026-09-07 17:09:49.919,1788800989.919,351,68,351,4412.90,4412.98,8.0,PASS_<=10c,+0.0,FLAT,-63.0,-164.0,4.2,+0.00,0.00,SLOW,4414.54,4415.14,4413.54,4413.80,0.00,0.00,0.0,NEUTRAL,160.0,4413.53,4413.54,4412.88,4412.90,49,CLEARED_>=20s,66.0,63.0,1.0,2.0,1.5,3.0,3.0,PASS_<20%,0.00,0.0,NO,STANDBY_VEL_LOW,0,0.00,4590.00,73.76,FALSE,M5_TREND_NEUTRAL|M1_DIRECTION_MISMATCH
2026-09-07 17:09:50.420,1788800990.421,352,69,352,4412.90,4412.98,8.0,PASS_<=10c,+0.0,FLAT,-63.0,-164.0,4.2,+0.00,0.00,SLOW,4414.54,4415.14,4413.54,4413.80,0.00,0.00,0.0,NEUTRAL,160.0,4413.53,4413.54,4412.88,4412.90,50,CLEARED_>=20s,66.0,63.0,1.0,2.0,1.5,3.0,3.0,PASS_<20%,0.00,0.0,NO,STANDBY_VEL_LOW,0,0.00,4590.00,73.76,FALSE,M5_TREND_NEUTRAL|M1_DIRECTION_MISMATCH
2026-09-07 17:09:50.922,1788800990.923,353,70,353,4412.90,4412.98,8.0,PASS_<=10c,+0.0,FLAT,-63.0,-164.0,4.2,+0.00,0.00,SLOW,4414.54,4415.14,4413.54,4413.80,0.00,0.00,0.0,NEUTRAL,160.0,4413.53,4413.54,4412.88,4412.90,50,CLEARED_>=20s,66.0,63.0,1.0,2.0,1.5,3.0,3.0,PASS_<20%,0.00,0.0,NO,STANDBY_VEL_LOW,0,0.00,4590.00,73.76,FALSE,M5_TREND_NEUTRAL|M1_DIRECTION_MISMATCH
2026-09-07 17:09:51.424,1788800991.424,354,71,354,4412.90,4412.98,8.0,PASS_<=10c,+0.0,FLAT,-63.0,-164.0,4.2,+0.00,0.00,SLOW,4414.54,4415.14,4413.54,4413.80,0.00,0.00,0.0,NEUTRAL,160.0,4413.53,4413.54,4412.88,4412.90,51,CLEARED_>=20s,66.0,63.0,1.0,2.0,1.5,3.0,3.0,PASS_<20%,0.00,0.0,NO,STANDBY_VEL_LOW,0,0.00,4590.00,73.76,FALSE,M5_TREND_NEUTRAL|M1_DIRECTION_MISMATCH
2026-09-07 17:09:51.925,1788800991.926,355,72,355,4412.90,4412.98,8.0,PASS_<=10c,+0.0,FLAT,-63.0,-164.0,4.2,+0.00,0.00,SLOW,4414.54,4415.14,4413.54,4413.80,0.00,0.00,0.0,NEUTRAL,160.0,4413.53,4413.54,4412.88,4412.90,51,CLEARED_>=20s,66.0,63.0,1.0,2.0,1.5,3.0,3.0,PASS_<20%,0.00,0.0,NO,STANDBY_VEL_LOW,0,0.00,4590.00,73.76,FALSE,M5_TREND_NEUTRAL|M1_DIRECTION_MISMATCH
2026-09-07 17:09:57.439,1788800997.440,356,73,356,4412.90,4412.98,8.0,PASS_<=10c,+0.0,FLAT,-63.0,-164.0,2.6,+0.00,0.00,SLOW,4414.54,4415.14,4413.54,4413.80,0.00,0.00,0.0,NEUTRAL,160.0,4413.53,4413.54,4412.88,4412.90,57,CLEARED_>=20s,66.0,63.0,1.0,2.0,1.5,3.0,3.0,PASS_<20%,0.00,0.0,NO,STANDBY_VEL_LOW,0,0.00,4590.00,73.76,FALSE,M5_TREND_NEUTRAL|M1_DIRECTION_MISMATCH
2026-09-07 17:10:07.686,1788801007.687,357,1,1,4412.90,4412.98,8.0,PASS_<=10c,+0.0,FLAT,+0.0,-90.0,2.2,+0.00,0.00,SLOW,4413.80,4414.70,4412.57,4412.90,0.00,0.00,0.0,NEUTRAL,213.0,4412.90,4412.90,4412.90,4412.90,7,ACTIVE_7s,1.0,0.0,0.0,0.0,0.0,0.0,0.0,PASS_<20%,0.00,0.0,NO,STANDBY_VEL_LOW,0,0.00,4590.00,73.76,FALSE,M5_TREND_NEUTRAL|M1_DIRECTION_MISMATCH|OPENING_SHIELD_ACTIVE_7s
2026-09-07 17:10:09.095,1788801009.096,358,2,2,4412.90,4412.98,8.0,PASS_<=10c,+0.0,FLAT,+0.0,-90.0,2.2,+0.00,0.00,SLOW,4413.80,4414.70,4412.57,4412.90,0.00,0.00,0.0,NEUTRAL,213.0,4412.90,4412.90,4412.90,4412.90,9,ACTIVE_9s,1.0,0.0,0.0,0.0,0.0,0.0,0.0,PASS_<20%,0.00,0.0,NO,STANDBY_VEL_LOW,0,0.00,4590.00,73.76,FALSE,M5_TREND_NEUTRAL|M1_DIRECTION_MISMATCH|OPENING_SHIELD_ACTIVE_9s
2026-09-07 17:10:09.596,1788801009.597,359,3,3,4412.76,4412.84,8.0,PASS_<=10c,-14.0,DOWN,-14.0,-104.0,2.6,+7.33,2.82,SLOW,4413.80,4414.70,4412.57,4412.90,0.00,0.00,0.0,NEUTRAL,213.0,4412.90,4412.90,4412.76,4412.76,9,ACTIVE_9s,14.0,14.0,0.0,0.0,0.0,0.0,0.0,PASS_<20%,0.00,0.0,NO,STANDBY_VEL_LOW,0,0.00,4590.00,73.76,FALSE,M5_TREND_NEUTRAL|M1_DIRECTION_MISMATCH|OPENING_SHIELD_ACTIVE_9s
2026-09-07 17:10:10.097,1788801010.097,360,4,4,4412.76,4412.84,8.0,PASS_<=10c,+0.0,FLAT,-14.0,-104.0,2.9,+5.81,2.00,SLOW,4413.80,4414.70,4412.57,4412.90,0.00,0.00,0.0,NEUTRAL,213.0,4412.90,4412.90,4412.76,4412.76,10,ACTIVE_10s,14.0,14.0,0.0,0.0,0.0,0.0,0.0,PASS_<20%,0.00,0.0,NO,STANDBY_VEL_LOW,0,0.00,4590.00,73.76,FALSE,M5_TREND_NEUTRAL|M1_DIRECTION_MISMATCH|OPENING_SHIELD_ACTIVE_10s
2026-09-07 17:10:10.600,1788801010.600,361,5,5,4412.86,4412.94,8.0,PASS_<=10c,+10.0,UP,-4.0,-94.0,3.1,+1.37,0.44,SLOW,4413.80,4414.70,4412.57,4412.90,0.00,0.00,0.0,NEUTRAL,213.0,4412.90,4412.90,4412.76,4412.86,10,ACTIVE_10s,14.0,4.0,0.0,10.0,0.0,71.4,71.4,BLOCKED_71.4%,0.00,0.0,NO,STANDBY_VEL_LOW,0,0.00,4590.00,73.76,FALSE,M5_TREND_NEUTRAL|M1_DIRECTION_MISMATCH|OPENING_SHIELD_ACTIVE_10s
2026-09-07 17:10:11.100,1788801011.100,362,6,6,4412.82,4412.90,8.0,PASS_<=10c,-4.0,DOWN,-8.0,-98.0,3.2,+2.34,0.73,SLOW,4413.80,4414.70,4412.57,4412.90,0.00,0.00,0.0,NEUTRAL,213.0,4412.90,4412.90,4412.76,4412.82,11,ACTIVE_11s,14.0,8.0,0.0,6.0,0.0,42.9,42.9,BLOCKED_42.9%,0.00,0.0,NO,STANDBY_VEL_LOW,0,0.00,4590.00,73.76,FALSE,M5_TREND_NEUTRAL|M1_DIRECTION_MISMATCH|OPENING_SHIELD_ACTIVE_11s
2026-09-07 17:10:11.601,1788801011.601,363,7,7,4412.82,4412.90,8.0,PASS_<=10c,+0.0,FLAT,-8.0,-98.0,3.3,+2.04,0.62,SLOW,4413.80,4414.70,4412.57,4412.90,0.00,0.00,0.0,NEUTRAL,213.0,4412.90,4412.90,4412.76,4412.82,11,ACTIVE_11s,14.0,8.0,0.0,6.0,0.0,42.9,42.9,BLOCKED_42.9%,0.00,0.0,NO,STANDBY_VEL_LOW,0,0.00,4590.00,73.76,FALSE,M5_TREND_NEUTRAL|M1_DIRECTION_MISMATCH|OPENING_SHIELD_ACTIVE_11s
2026-09-07 17:10:12.103,1788801012.103,364,8,8,4412.79,4412.87,8.0,PASS_<=10c,-3.0,DOWN,-11.0,-101.0,3.4,+2.49,0.73,SLOW,4413.80,4414.70,4412.57,4412.90,0.00,0.00,0.0,NEUTRAL,213.0,4412.90,4412.90,4412.76,4412.79,12,ACTIVE_12s,14.0,11.0,0.0,3.0,0.0,21.4,21.4,BLOCKED_21.4%,0.00,0.0,NO,STANDBY_VEL_LOW,0,0.00,4590.00,73.76,FALSE,M5_TREND_NEUTRAL|M1_DIRECTION_MISMATCH|OPENING_SHIELD_ACTIVE_12s
2026-09-07 17:10:12.603,1788801012.604,365,9,9,4412.79,4412.87,8.0,PASS_<=10c,+0.0,FLAT,-11.0,-101.0,3.5,+2.24,0.64,SLOW,4413.80,4414.70,4412.57,4412.90,0.00,0.00,0.0,NEUTRAL,213.0,4412.90,4412.90,4412.76,4412.79,12,ACTIVE_12s,14.0,11.0,0.0,3.0,0.0,21.4,21.4,BLOCKED_21.4%,0.00,0.0,NO,STANDBY_VEL_LOW,0,0.00,4590.00,73.76,FALSE,M5_TREND_NEUTRAL|M1_DIRECTION_MISMATCH|OPENING_SHIELD_ACTIVE_12s
2026-09-07 17:10:13.105,1788801013.105,366,10,10,4412.78,4412.86,8.0,PASS_<=10c,-1.0,DOWN,-12.0,-102.0,4.4,+2.92,0.66,SLOW,4413.80,4414.70,4412.57,4412.90,0.00,0.00,0.0,NEUTRAL,213.0,4412.90,4412.90,4412.76,4412.78,13,ACTIVE_13s,14.0,12.0,0.0,2.0,0.0,14.3,14.3,PASS_<20%,0.00,0.0,NO,STANDBY_VEL_LOW,0,0.00,4590.00,73.76,FALSE,M5_TREND_NEUTRAL|M1_DIRECTION_MISMATCH|OPENING_SHIELD_ACTIVE_13s
2026-09-07 17:10:13.606,1788801013.606,367,11,11,4412.78,4412.86,8.0,PASS_<=10c,+0.0,FLAT,-12.0,-102.0,4.3,+2.60,0.60,SLOW,4413.80,4414.70,4412.57,4412.90,0.00,0.00,0.0,NEUTRAL,213.0,4412.90,4412.90,4412.76,4412.78,13,ACTIVE_13s,14.0,12.0,0.0,2.0,0.0,14.3,14.3,PASS_<20%,0.00,0.0,NO,STANDBY_VEL_LOW,0,0.00,4590.00,73.76,FALSE,M5_TREND_NEUTRAL|M1_DIRECTION_MISMATCH|OPENING_SHIELD_ACTIVE_13s
2026-09-07 17:10:14.108,1788801014.108,368,12,12,4412.78,4412.86,8.0,PASS_<=10c,+0.0,FLAT,-12.0,-102.0,4.2,+0.42,0.10,SLOW,4413.80,4414.70,4412.57,4412.90,0.00,0.00,0.0,NEUTRAL,213.0,4412.90,4412.90,4412.76,4412.78,14,ACTIVE_14s,14.0,12.0,0.0,2.0,0.0,14.3,14.3,PASS_<20%,0.00,0.0,NO,STANDBY_VEL_LOW,0,0.00,4590.00,73.76,FALSE,M5_TREND_NEUTRAL|M1_DIRECTION_MISMATCH|OPENING_SHIELD_ACTIVE_14s
2026-09-07 17:10:14.609,1788801014.609,369,13,13,4412.79,4412.87,8.0,PASS_<=10c,+1.0,UP,-11.0,-101.0,4.2,+0.63,0.15,SLOW,4413.80,4414.70,4412.57,4412.90,0.00,0.00,0.0,NEUTRAL,213.0,4412.90,4412.90,4412.76,4412.79,14,ACTIVE_14s,14.0,11.0,0.0,3.0,0.0,21.4,21.4,BLOCKED_21.4%,0.00,0.0,NO,STANDBY_VEL_LOW,0,0.00,4590.00,73.76,FALSE,M5_TREND_NEUTRAL|M1_DIRECTION_MISMATCH|OPENING_SHIELD_ACTIVE_14s
2026-09-07 17:10:15.109,1788801015.110,370,14,14,4412.78,4412.86,8.0,PASS_<=10c,-1.0,DOWN,-12.0,-102.0,4.2,+0.42,0.10,SLOW,4413.80,4414.70,4412.57,4412.90,0.00,0.00,0.0,NEUTRAL,213.0,4412.90,4412.90,4412.76,4412.78,15,ACTIVE_15s,14.0,12.0,0.0,2.0,0.0,14.3,14.3,PASS_<20%,0.00,0.0,NO,STANDBY_VEL_LOW,0,0.00,4590.00,73.76,FALSE,M5_TREND_NEUTRAL|M1_DIRECTION_MISMATCH|OPENING_SHIELD_ACTIVE_15s
2026-09-07 17:10:15.612,1788801015.612,371,15,15,4412.78,4412.86,8.0,PASS_<=10c,+0.0,FLAT,-12.0,-102.0,4.2,+0.84,0.20,SLOW,4413.80,4414.70,4412.57,4412.90,0.00,0.00,0.0,NEUTRAL,213.0,4412.90,4412.90,4412.76,4412.78,15,ACTIVE_15s,14.0,12.0,0.0,2.0,0.0,14.3,14.3,PASS_<20%,0.00,0.0,NO,STANDBY_VEL_LOW,0,0.00,4590.00,73.76,FALSE,M5_TREND_NEUTRAL|M1_DIRECTION_MISMATCH|OPENING_SHIELD_ACTIVE_15s
2026-09-07 17:10:16.114,1788801016.115,372,16,16,4412.78,4412.86,8.0,PASS_<=10c,+0.0,FLAT,-12.0,-102.0,4.2,+0.84,0.20,SLOW,4413.80,4414.70,4412.57,4412.90,0.00,0.00,0.0,NEUTRAL,213.0,4412.90,4412.90,4412.76,4412.78,16,ACTIVE_16s,14.0,12.0,0.0,2.0,0.0,14.3,14.3,PASS_<20%,0.00,0.0,NO,STANDBY_VEL_LOW,0,0.00,4590.00,73.76,FALSE,M5_TREND_NEUTRAL|M1_DIRECTION_MISMATCH|OPENING_SHIELD_ACTIVE_16s
2026-09-07 17:10:16.616,1788801016.617,373,17,17,4412.79,4412.87,8.0,PASS_<=10c,+1.0,UP,-11.0,-101.0,4.2,+0.00,0.00,SLOW,4413.80,4414.70,4412.57,4412.90,0.00,0.00,0.0,NEUTRAL,213.0,4412.90,4412.90,4412.76,4412.79,16,ACTIVE_16s,14.0,11.0,0.0,3.0,0.0,21.4,21.4,BLOCKED_21.4%,0.00,0.0,NO,STANDBY_VEL_LOW,0,0.00,4590.00,73.76,FALSE,M5_TREND_NEUTRAL|M1_DIRECTION_MISMATCH|OPENING_SHIELD_ACTIVE_16s
2026-09-07 17:10:17.118,1788801017.118,374,18,18,4412.79,4412.87,8.0,PASS_<=10c,+0.0,FLAT,-11.0,-101.0,4.2,+0.00,0.00,SLOW,4413.80,4414.70,4412.57,4412.90,0.00,0.00,0.0,NEUTRAL,213.0,4412.90,4412.90,4412.76,4412.79,17,ACTIVE_17s,14.0,11.0,0.0,3.0,0.0,21.4,21.4,BLOCKED_21.4%,0.00,0.0,NO,STANDBY_VEL_LOW,0,0.00,4590.00,73.76,FALSE,M5_TREND_NEUTRAL|M1_DIRECTION_MISMATCH|OPENING_SHIELD_ACTIVE_17s
2026-09-07 17:10:17.620,1788801017.621,375,19,19,4412.79,4412.87,8.0,PASS_<=10c,+0.0,FLAT,-11.0,-101.0,4.2,+0.21,0.05,SLOW,4413.80,4414.70,4412.57,4412.90,0.00,0.00,0.0,NEUTRAL,213.0,4412.90,4412.90,4412.76,4412.79,17,ACTIVE_17s,14.0,11.0,0.0,3.0,0.0,21.4,21.4,BLOCKED_21.4%,0.00,0.0,NO,STANDBY_VEL_LOW,0,0.00,4590.00,73.76,FALSE,M5_TREND_NEUTRAL|M1_DIRECTION_MISMATCH|OPENING_SHIELD_ACTIVE_17s
2026-09-07 17:10:18.122,1788801018.123,376,20,20,4412.79,4412.87,8.0,PASS_<=10c,+0.0,FLAT,-11.0,-101.0,4.2,+0.21,0.05,SLOW,4413.80,4414.70,4412.57,4412.90,0.00,0.00,0.0,NEUTRAL,213.0,4412.90,4412.90,4412.76,4412.79,18,ACTIVE_18s,14.0,11.0,0.0,3.0,0.0,21.4,21.4,BLOCKED_21.4%,0.00,0.0,NO,STANDBY_VEL_LOW,0,0.00,4590.00,73.76,FALSE,M5_TREND_NEUTRAL|M1_DIRECTION_MISMATCH|OPENING_SHIELD_ACTIVE_18s
2026-09-07 17:10:18.623,1788801018.624,377,21,21,4412.79,4412.87,8.0,PASS_<=10c,+0.0,FLAT,-11.0,-101.0,4.2,+0.21,0.05,SLOW,4413.80,4414.70,4412.57,4412.90,0.00,0.00,0.0,NEUTRAL,213.0,4412.90,4412.90,4412.76,4412.79,18,ACTIVE_18s,14.0,11.0,0.0,3.0,0.0,21.4,21.4,BLOCKED_21.4%,0.00,0.0,NO,STANDBY_VEL_LOW,0,0.00,4590.00,73.76,FALSE,M5_TREND_NEUTRAL|M1_DIRECTION_MISMATCH|OPENING_SHIELD_ACTIVE_18s
2026-09-07 17:10:19.124,1788801019.124,378,22,22,4412.79,4412.87,8.0,PASS_<=10c,+0.0,FLAT,-11.0,-101.0,4.2,+0.21,0.05,SLOW,4413.80,4414.70,4412.57,4412.90,0.00,0.00,0.0,NEUTRAL,213.0,4412.90,4412.90,4412.76,4412.79,19,ACTIVE_19s,14.0,11.0,0.0,3.0,0.0,21.4,21.4,BLOCKED_21.4%,0.00,0.0,NO,STANDBY_VEL_LOW,0,0.00,4590.00,73.76,FALSE,M5_TREND_NEUTRAL|M1_DIRECTION_MISMATCH|OPENING_SHIELD_ACTIVE_19s
2026-09-07 17:10:19.625,1788801019.626,379,23,23,4412.79,4412.87,8.0,PASS_<=10c,+0.0,FLAT,-11.0,-101.0,4.2,+0.21,0.05,SLOW,4413.80,4414.70,4412.57,4412.90,0.00,0.00,0.0,NEUTRAL,213.0,4412.90,4412.90,4412.76,4412.79,19,ACTIVE_19s,14.0,11.0,0.0,3.0,0.0,21.4,21.4,BLOCKED_21.4%,0.00,0.0,NO,STANDBY_VEL_LOW,0,0.00,4590.00,73.76,FALSE,M5_TREND_NEUTRAL|M1_DIRECTION_MISMATCH|OPENING_SHIELD_ACTIVE_19s
2026-09-07 17:10:20.126,1788801020.127,380,24,24,4412.79,4412.87,8.0,PASS_<=10c,+0.0,FLAT,-11.0,-101.0,4.2,+0.21,0.05,SLOW,4413.80,4414.70,4412.57,4412.90,0.00,0.00,0.0,NEUTRAL,213.0,4412.90,4412.90,4412.76,4412.79,20,CLEARED_>=20s,14.0,11.0,0.0,3.0,0.0,21.4,21.4,BLOCKED_21.4%,0.00,0.0,NO,STANDBY_VEL_LOW,0,0.00,4590.00,73.76,FALSE,M5_TREND_NEUTRAL|M1_DIRECTION_MISMATCH
2026-09-07 17:10:20.628,1788801020.629,381,25,25,4412.79,4412.87,8.0,PASS_<=10c,+0.0,FLAT,-11.0,-101.0,4.2,+0.21,0.05,SLOW,4413.80,4414.70,4412.57,4412.90,0.00,0.00,0.0,NEUTRAL,213.0,4412.90,4412.90,4412.76,4412.79,20,CLEARED_>=20s,14.0,11.0,0.0,3.0,0.0,21.4,21.4,BLOCKED_21.4%,0.00,0.0,NO,STANDBY_VEL_LOW,0,0.00,4590.00,73.76,FALSE,M5_TREND_NEUTRAL|M1_DIRECTION_MISMATCH
2026-09-07 17:10:21.129,1788801021.130,382,26,26,4412.79,4412.87,8.0,PASS_<=10c,+0.0,FLAT,-11.0,-101.0,4.2,+0.00,0.00,SLOW,4413.80,4414.70,4412.57,4412.90,0.00,0.00,0.0,NEUTRAL,213.0,4412.90,4412.90,4412.76,4412.79,21,CLEARED_>=20s,14.0,11.0,0.0,3.0,0.0,21.4,21.4,BLOCKED_21.4%,0.00,0.0,NO,STANDBY_VEL_LOW,0,0.00,4590.00,73.76,FALSE,M5_TREND_NEUTRAL|M1_DIRECTION_MISMATCH
2026-09-07 17:10:21.631,1788801021.631,383,27,27,4412.79,4412.87,8.0,PASS_<=10c,+0.0,FLAT,-11.0,-101.0,4.2,+0.00,0.00,SLOW,4413.80,4414.70,4412.57,4412.90,0.00,0.00,0.0,NEUTRAL,213.0,4412.90,4412.90,4412.76,4412.79,21,CLEARED_>=20s,14.0,11.0,0.0,3.0,0.0,21.4,21.4,BLOCKED_21.4%,0.00,0.0,NO,STANDBY_VEL_LOW,0,0.00,4590.00,73.76,FALSE,M5_TREND_NEUTRAL|M1_DIRECTION_MISMATCH
2026-09-07 17:10:22.134,1788801022.135,384,28,28,4412.79,4412.87,8.0,PASS_<=10c,+0.0,FLAT,-11.0,-101.0,4.2,+0.00,0.00,SLOW,4413.80,4414.70,4412.57,4412.90,0.00,0.00,0.0,NEUTRAL,213.0,4412.90,4412.90,4412.76,4412.79,22,CLEARED_>=20s,14.0,11.0,0.0,3.0,0.0,21.4,21.4,BLOCKED_21.4%,0.00,0.0,NO,STANDBY_VEL_LOW,0,0.00,4590.00,73.76,FALSE,M5_TREND_NEUTRAL|M1_DIRECTION_MISMATCH
2026-09-07 17:10:22.636,1788801022.636,385,29,29,4412.79,4412.87,8.0,PASS_<=10c,+0.0,FLAT,-11.0,-101.0,4.2,+0.00,0.00,SLOW,4413.80,4414.70,4412.57,4412.90,0.00,0.00,0.0,NEUTRAL,213.0,4412.90,4412.90,4412.76,4412.79,22,CLEARED_>=20s,14.0,11.0,0.0,3.0,0.0,21.4,21.4,BLOCKED_21.4%,0.00,0.0,NO,STANDBY_VEL_LOW,0,0.00,4590.00,73.76,FALSE,M5_TREND_NEUTRAL|M1_DIRECTION_MISMATCH
2026-09-07 17:10:23.137,1788801023.138,386,30,30,4412.79,4412.87,8.0,PASS_<=10c,+0.0,FLAT,-11.0,-101.0,4.2,+0.00,0.00,SLOW,4413.80,4414.70,4412.57,4412.90,0.00,0.00,0.0,NEUTRAL,213.0,4412.90,4412.90,4412.76,4412.79,23,CLEARED_>=20s,14.0,11.0,0.0,3.0,0.0,21.4,21.4,BLOCKED_21.4%,0.00,0.0,NO,STANDBY_VEL_LOW,0,0.00,4590.00,73.76,FALSE,M5_TREND_NEUTRAL|M1_DIRECTION_MISMATCH
2026-09-07 17:10:23.639,1788801023.640,387,31,31,4412.79,4412.87,8.0,PASS_<=10c,+0.0,FLAT,-11.0,-101.0,4.2,+0.00,0.00,SLOW,4413.80,4414.70,4412.57,4412.90,0.00,0.00,0.0,NEUTRAL,213.0,4412.90,4412.90,4412.76,4412.79,23,CLEARED_>=20s,14.0,11.0,0.0,3.0,0.0,21.4,21.4,BLOCKED_21.4%,0.00,0.0,NO,STANDBY_VEL_LOW,0,0.00,4590.00,73.76,FALSE,M5_TREND_NEUTRAL|M1_DIRECTION_MISMATCH
2026-09-07 17:10:24.142,1788801024.142,388,32,32,4412.79,4412.87,8.0,PASS_<=10c,+0.0,FLAT,-11.0,-101.0,4.2,+0.21,0.05,SLOW,4413.80,4414.70,4412.57,4412.90,0.00,0.00,0.0,NEUTRAL,213.0,4412.90,4412.90,4412.76,4412.79,24,CLEARED_>=20s,14.0,11.0,0.0,3.0,0.0,21.4,21.4,BLOCKED_21.4%,0.00,0.0,NO,STANDBY_VEL_LOW,0,0.00,4590.00,73.76,FALSE,M5_TREND_NEUTRAL|M1_DIRECTION_MISMATCH
2026-09-07 17:10:24.644,1788801024.644,389,33,33,4412.80,4412.88,8.0,PASS_<=10c,+1.0,UP,-10.0,-100.0,4.2,+0.21,0.05,SLOW,4413.80,4414.70,4412.57,4412.90,0.00,0.00,0.0,NEUTRAL,213.0,4412.90,4412.90,4412.76,4412.80,24,CLEARED_>=20s,14.0,10.0,0.0,4.0,0.0,28.6,28.6,BLOCKED_28.6%,0.00,0.0,NO,STANDBY_VEL_LOW,0,0.00,4590.00,73.76,FALSE,M5_TREND_NEUTRAL|M1_DIRECTION_MISMATCH
2026-09-07 17:10:25.160,1788801025.161,390,34,34,4412.80,4412.88,8.0,PASS_<=10c,+0.0,FLAT,-10.0,-100.0,4.2,+0.21,0.05,SLOW,4413.80,4414.70,4412.57,4412.90,0.00,0.00,0.0,NEUTRAL,213.0,4412.90,4412.90,4412.76,4412.80,25,CLEARED_>=20s,14.0,10.0,0.0,4.0,0.0,28.6,28.6,BLOCKED_28.6%,0.00,0.0,NO,STANDBY_VEL_LOW,0,0.00,4590.00,73.76,FALSE,M5_TREND_NEUTRAL|M1_DIRECTION_MISMATCH
2026-09-07 17:10:25.663,1788801025.664,391,35,35,4412.80,4412.88,8.0,PASS_<=10c,+0.0,FLAT,-10.0,-100.0,4.2,+0.21,0.05,SLOW,4413.80,4414.70,4412.57,4412.90,0.00,0.00,0.0,NEUTRAL,213.0,4412.90,4412.90,4412.76,4412.80,25,CLEARED_>=20s,14.0,10.0,0.0,4.0,0.0,28.6,28.6,BLOCKED_28.6%,0.00,0.0,NO,STANDBY_VEL_LOW,0,0.00,4590.00,73.76,FALSE,M5_TREND_NEUTRAL|M1_DIRECTION_MISMATCH
2026-09-07 17:10:26.165,1788801026.165,392,36,36,4412.79,4412.87,8.0,PASS_<=10c,-1.0,DOWN,-11.0,-101.0,4.2,+0.00,0.00,SLOW,4413.80,4414.70,4412.57,4412.90,0.00,0.00,0.0,NEUTRAL,213.0,4412.90,4412.90,4412.76,4412.79,26,CLEARED_>=20s,14.0,11.0,0.0,3.0,0.0,21.4,21.4,BLOCKED_21.4%,0.00,0.0,NO,STANDBY_VEL_LOW,0,0.00,4590.00,73.76,FALSE,M5_TREND_NEUTRAL|M1_DIRECTION_MISMATCH
2026-09-07 17:10:26.667,1788801026.668,393,37,37,4412.80,4412.88,8.0,PASS_<=10c,+1.0,UP,-10.0,-100.0,4.2,+0.21,0.05,SLOW,4413.80,4414.70,4412.57,4412.90,0.00,0.00,0.0,NEUTRAL,213.0,4412.90,4412.90,4412.76,4412.80,26,CLEARED_>=20s,14.0,10.0,0.0,4.0,0.0,28.6,28.6,BLOCKED_28.6%,0.00,0.0,NO,STANDBY_VEL_LOW,0,0.00,4590.00,73.76,FALSE,M5_TREND_NEUTRAL|M1_DIRECTION_MISMATCH
2026-09-07 17:10:27.169,1788801027.170,394,38,38,4412.79,4412.87,8.0,PASS_<=10c,-1.0,DOWN,-11.0,-101.0,4.2,+0.00,0.00,SLOW,4413.80,4414.70,4412.57,4412.90,0.00,0.00,0.0,NEUTRAL,213.0,4412.90,4412.90,4412.76,4412.79,27,CLEARED_>=20s,14.0,11.0,0.0,3.0,0.0,21.4,21.4,BLOCKED_21.4%,0.00,0.0,NO,STANDBY_VEL_LOW,0,0.00,4590.00,73.76,FALSE,M5_TREND_NEUTRAL|M1_DIRECTION_MISMATCH
2026-09-07 17:10:27.670,1788801027.670,395,39,39,4412.80,4412.88,8.0,PASS_<=10c,+1.0,UP,-10.0,-100.0,4.2,+0.21,0.05,SLOW,4413.80,4414.70,4412.57,4412.90,0.00,0.00,0.0,NEUTRAL,213.0,4412.90,4412.90,4412.76,4412.80,27,CLEARED_>=20s,14.0,10.0,0.0,4.0,0.0,28.6,28.6,BLOCKED_28.6%,0.00,0.0,NO,STANDBY_VEL_LOW,0,0.00,4590.00,73.76,FALSE,M5_TREND_NEUTRAL|M1_DIRECTION_MISMATCH
2026-09-07 17:10:28.171,1788801028.172,396,40,40,4412.80,4412.88,8.0,PASS_<=10c,+0.0,FLAT,-10.0,-100.0,4.2,+0.21,0.05,SLOW,4413.80,4414.70,4412.57,4412.90,0.00,0.00,0.0,NEUTRAL,213.0,4412.90,4412.90,4412.76,4412.80,28,CLEARED_>=20s,14.0,10.0,0.0,4.0,0.0,28.6,28.6,BLOCKED_28.6%,0.00,0.0,NO,STANDBY_VEL_LOW,0,0.00,4590.00,73.76,FALSE,M5_TREND_NEUTRAL|M1_DIRECTION_MISMATCH
2026-09-07 17:10:28.674,1788801028.674,397,41,41,4412.80,4412.88,8.0,PASS_<=10c,+0.0,FLAT,-10.0,-100.0,4.2,+0.21,0.05,SLOW,4413.80,4414.70,4412.57,4412.90,0.00,0.00,0.0,NEUTRAL,213.0,4412.90,4412.90,4412.76,4412.80,28,CLEARED_>=20s,14.0,10.0,0.0,4.0,0.0,28.6,28.6,BLOCKED_28.6%,0.00,0.0,NO,STANDBY_VEL_LOW,0,0.00,4590.00,73.76,FALSE,M5_TREND_NEUTRAL|M1_DIRECTION_MISMATCH
2026-09-07 17:10:29.175,1788801029.176,398,42,42,4412.80,4412.88,8.0,PASS_<=10c,+0.0,FLAT,-10.0,-100.0,4.2,+0.21,0.05,SLOW,4413.80,4414.70,4412.57,4412.90,0.00,0.00,0.0,NEUTRAL,213.0,4412.90,4412.90,4412.76,4412.80,29,CLEARED_>=20s,14.0,10.0,0.0,4.0,0.0,28.6,28.6,BLOCKED_28.6%,0.00,0.0,NO,STANDBY_VEL_LOW,0,0.00,4590.00,73.76,FALSE,M5_TREND_NEUTRAL|M1_DIRECTION_MISMATCH
2026-09-07 17:10:29.678,1788801029.679,399,43,43,4412.91,4412.99,8.0,PASS_<=10c,+11.0,UP,+1.0,-89.0,4.2,+2.31,0.55,SLOW,4413.80,4414.70,4412.57,4412.90,0.00,0.00,0.0,NEUTRAL,213.0,4412.90,4412.91,4412.76,4412.91,29,CLEARED_>=20s,15.0,1.0,0.0,14.0,0.0,93.3,93.3,BLOCKED_93.3%,0.00,0.0,NO,STANDBY_VEL_LOW,0,0.00,4590.00,73.76,FALSE,M5_TREND_NEUTRAL|M1_DIRECTION_MISMATCH
2026-09-07 17:10:30.178,1788801030.179,400,44,44,4412.95,4413.03,8.0,PASS_<=10c,+4.0,UP,+5.0,-85.0,4.2,+3.15,0.75,SLOW,4413.80,4414.70,4412.57,4412.90,0.00,0.00,0.0,NEUTRAL,213.0,4412.90,4412.95,4412.76,4412.95,30,CLEARED_>=20s,19.0,5.0,0.0,14.0,0.0,73.7,73.7,BLOCKED_73.7%,0.00,0.0,NO,STANDBY_VEL_LOW,0,0.00,4590.00,73.76,FALSE,M5_TREND_NEUTRAL|M1_DIRECTION_MISMATCH
2026-09-07 17:10:30.681,1788801030.681,401,45,45,4412.93,4413.01,8.0,PASS_<=10c,-2.0,DOWN,+3.0,-87.0,4.2,+2.73,0.65,SLOW,4413.80,4414.70,4412.57,4412.90,0.00,0.00,0.0,NEUTRAL,213.0,4412.90,4412.95,4412.76,4412.93,30,CLEARED_>=20s,19.0,3.0,2.0,14.0,10.5,73.7,73.7,BLOCKED_73.7%,0.00,0.0,NO,STANDBY_VEL_LOW,0,0.00,4590.00,73.76,FALSE,M5_TREND_NEUTRAL|M1_DIRECTION_MISMATCH
2026-09-07 17:10:31.182,1788801031.183,402,46,46,4412.94,4413.02,8.0,PASS_<=10c,+1.0,UP,+4.0,-86.0,4.2,+3.15,0.75,SLOW,4413.80,4414.70,4412.57,4412.90,0.00,0.00,0.0,NEUTRAL,213.0,4412.90,4412.95,4412.76,4412.94,31,CLEARED_>=20s,19.0,4.0,1.0,14.0,5.3,73.7,73.7,BLOCKED_73.7%,0.00,0.0,NO,STANDBY_VEL_LOW,0,0.00,4590.00,73.76,FALSE,M5_TREND_NEUTRAL|M1_DIRECTION_MISMATCH
2026-09-07 17:10:31.684,1788801031.685,403,47,47,4412.94,4413.02,8.0,PASS_<=10c,+0.0,FLAT,+4.0,-86.0,4.2,+3.15,0.75,SLOW,4413.80,4414.70,4412.57,4412.90,0.00,0.00,0.0,NEUTRAL,213.0,4412.90,4412.95,4412.76,4412.94,31,CLEARED_>=20s,19.0,4.0,1.0,14.0,5.3,73.7,73.7,BLOCKED_73.7%,0.00,0.0,NO,STANDBY_VEL_LOW,0,0.00,4590.00,73.76,FALSE,M5_TREND_NEUTRAL|M1_DIRECTION_MISMATCH
2026-09-07 17:10:32.185,1788801032.186,404,48,48,4412.96,4413.04,8.0,PASS_<=10c,+2.0,UP,+6.0,-84.0,4.2,+3.36,0.80,SLOW,4413.80,4414.70,4412.57,4412.90,0.00,0.00,0.0,NEUTRAL,213.0,4412.90,4412.96,4412.76,4412.96,32,CLEARED_>=20s,20.0,6.0,0.0,14.0,0.0,70.0,70.0,BLOCKED_70.0%,0.00,0.0,NO,STANDBY_VEL_LOW,0,0.00,4590.00,73.76,FALSE,M5_TREND_NEUTRAL|M1_DIRECTION_MISMATCH
2026-09-07 17:10:32.687,1788801032.687,405,49,49,4412.96,4413.04,8.0,PASS_<=10c,+0.0,FLAT,+6.0,-84.0,4.2,+3.36,0.80,SLOW,4413.80,4414.70,4412.57,4412.90,0.00,0.00,0.0,NEUTRAL,213.0,4412.90,4412.96,4412.76,4412.96,32,CLEARED_>=20s,20.0,6.0,0.0,14.0,0.0,70.0,70.0,BLOCKED_70.0%,0.00,0.0,NO,STANDBY_VEL_LOW,0,0.00,4590.00,73.76,FALSE,M5_TREND_NEUTRAL|M1_DIRECTION_MISMATCH
2026-09-07 17:10:33.189,1788801033.190,406,50,50,4412.96,4413.04,8.0,PASS_<=10c,+0.0,FLAT,+6.0,-84.0,4.2,+3.36,0.80,SLOW,4413.80,4414.70,4412.57,4412.90,0.00,0.00,0.0,NEUTRAL,213.0,4412.90,4412.96,4412.76,4412.96,33,CLEARED_>=20s,20.0,6.0,0.0,14.0,0.0,70.0,70.0,BLOCKED_70.0%,0.00,0.0,NO,STANDBY_VEL_LOW,0,0.00,4590.00,73.76,FALSE,M5_TREND_NEUTRAL|M1_DIRECTION_MISMATCH
2026-09-07 17:10:33.691,1788801033.691,407,51,51,4412.96,4413.04,8.0,PASS_<=10c,+0.0,FLAT,+6.0,-84.0,4.2,+3.36,0.80,SLOW,4413.80,4414.70,4412.57,4412.90,0.00,0.00,0.0,NEUTRAL,213.0,4412.90,4412.96,4412.76,4412.96,33,CLEARED_>=20s,20.0,6.0,0.0,14.0,0.0,70.0,70.0,BLOCKED_70.0%,0.00,0.0,NO,STANDBY_VEL_LOW,0,0.00,4590.00,73.76,FALSE,M5_TREND_NEUTRAL|M1_DIRECTION_MISMATCH
2026-09-07 17:10:34.192,1788801034.193,408,52,52,4412.96,4413.04,8.0,PASS_<=10c,+0.0,FLAT,+6.0,-84.0,4.2,+3.36,0.80,SLOW,4413.80,4414.70,4412.57,4412.90,0.00,0.00,0.0,NEUTRAL,213.0,4412.90,4412.96,4412.76,4412.96,34,CLEARED_>=20s,20.0,6.0,0.0,14.0,0.0,70.0,70.0,BLOCKED_70.0%,0.00,0.0,NO,STANDBY_VEL_LOW,0,0.00,4590.00,73.76,FALSE,M5_TREND_NEUTRAL|M1_DIRECTION_MISMATCH
2026-09-07 17:10:34.695,1788801034.695,409,53,53,4412.96,4413.04,8.0,PASS_<=10c,+0.0,FLAT,+6.0,-84.0,4.2,+0.21,0.05,SLOW,4413.80,4414.70,4412.57,4412.90,0.00,0.00,0.0,NEUTRAL,213.0,4412.90,4412.96,4412.76,4412.96,34,CLEARED_>=20s,20.0,6.0,0.0,14.0,0.0,70.0,70.0,BLOCKED_70.0%,0.00,0.0,NO,STANDBY_VEL_LOW,0,0.00,4590.00,73.76,FALSE,M5_TREND_NEUTRAL|M1_DIRECTION_MISMATCH
2026-09-07 17:10:35.196,1788801035.196,410,54,54,4412.96,4413.04,8.0,PASS_<=10c,+0.0,FLAT,+6.0,-84.0,4.2,+0.42,0.10,SLOW,4413.80,4414.70,4412.57,4412.90,0.00,0.00,0.0,NEUTRAL,213.0,4412.90,4412.96,4412.76,4412.96,35,CLEARED_>=20s,20.0,6.0,0.0,14.0,0.0,70.0,70.0,BLOCKED_70.0%,0.00,0.0,NO,STANDBY_VEL_LOW,0,0.00,4590.00,73.76,FALSE,M5_TREND_NEUTRAL|M1_DIRECTION_MISMATCH
2026-09-07 17:10:35.697,1788801035.698,411,55,55,4412.97,4413.05,8.0,PASS_<=10c,+1.0,UP,+7.0,-83.0,4.2,+0.63,0.15,SLOW,4413.80,4414.70,4412.57,4412.90,0.00,0.00,0.0,NEUTRAL,213.0,4412.90,4412.97,4412.76,4412.97,35,CLEARED_>=20s,21.0,7.0,0.0,14.0,0.0,66.7,66.7,BLOCKED_66.7%,0.00,0.0,NO,STANDBY_VEL_LOW,0,0.00,4590.00,73.76,FALSE,M5_TREND_NEUTRAL|M1_DIRECTION_MISMATCH
2026-09-07 17:10:36.199,1788801036.199,412,56,56,4412.97,4413.05,8.0,PASS_<=10c,+0.0,FLAT,+7.0,-83.0,4.2,+0.63,0.15,SLOW,4413.80,4414.70,4412.57,4412.90,0.00,0.00,0.0,NEUTRAL,213.0,4412.90,4412.97,4412.76,4412.97,36,CLEARED_>=20s,21.0,7.0,0.0,14.0,0.0,66.7,66.7,BLOCKED_66.7%,0.00,0.0,NO,STANDBY_VEL_LOW,0,0.00,4590.00,73.76,FALSE,M5_TREND_NEUTRAL|M1_DIRECTION_MISMATCH
2026-09-07 17:10:36.701,1788801036.702,413,57,57,4412.96,4413.04,8.0,PASS_<=10c,-1.0,DOWN,+6.0,-84.0,4.2,+0.00,0.00,SLOW,4413.80,4414.70,4412.57,4412.90,0.00,0.00,0.0,NEUTRAL,213.0,4412.90,4412.97,4412.76,4412.96,36,CLEARED_>=20s,21.0,6.0,1.0,14.0,4.8,66.7,66.7,BLOCKED_66.7%,0.00,0.0,NO,STANDBY_VEL_LOW,0,0.00,4590.00,73.76,FALSE,M5_TREND_NEUTRAL|M1_DIRECTION_MISMATCH
2026-09-07 17:10:37.202,1788801037.203,414,58,58,4412.96,4413.04,8.0,PASS_<=10c,+0.0,FLAT,+6.0,-84.0,4.2,+0.00,0.00,SLOW,4413.80,4414.70,4412.57,4412.90,0.00,0.00,0.0,NEUTRAL,213.0,4412.90,4412.97,4412.76,4412.96,37,CLEARED_>=20s,21.0,6.0,1.0,14.0,4.8,66.7,66.7,BLOCKED_66.7%,0.00,0.0,NO,STANDBY_VEL_LOW,0,0.00,4590.00,73.76,FALSE,M5_TREND_NEUTRAL|M1_DIRECTION_MISMATCH
2026-09-07 17:10:37.704,1788801037.704,415,59,59,4412.96,4413.04,8.0,PASS_<=10c,+0.0,FLAT,+6.0,-84.0,4.2,+0.00,0.00,SLOW,4413.80,4414.70,4412.57,4412.90,0.00,0.00,0.0,NEUTRAL,213.0,4412.90,4412.97,4412.76,4412.96,37,CLEARED_>=20s,21.0,6.0,1.0,14.0,4.8,66.7,66.7,BLOCKED_66.7%,0.00,0.0,NO,STANDBY_VEL_LOW,0,0.00,4590.00,73.76,FALSE,M5_TREND_NEUTRAL|M1_DIRECTION_MISMATCH
2026-09-07 17:10:38.206,1788801038.206,416,60,60,4412.97,4413.05,8.0,PASS_<=10c,+1.0,UP,+7.0,-83.0,4.2,+0.21,0.05,SLOW,4413.80,4414.70,4412.57,4412.90,0.00,0.00,0.0,NEUTRAL,213.0,4412.90,4412.97,4412.76,4412.97,38,CLEARED_>=20s,21.0,7.0,0.0,14.0,0.0,66.7,66.7,BLOCKED_66.7%,0.00,0.0,NO,STANDBY_VEL_LOW,0,0.00,4590.00,73.76,FALSE,M5_TREND_NEUTRAL|M1_DIRECTION_MISMATCH
2026-09-07 17:10:38.708,1788801038.709,417,61,61,4412.96,4413.04,8.0,PASS_<=10c,-1.0,DOWN,+6.0,-84.0,4.2,+0.00,0.00,SLOW,4413.80,4414.70,4412.57,4412.90,0.00,0.00,0.0,NEUTRAL,213.0,4412.90,4412.97,4412.76,4412.96,38,CLEARED_>=20s,21.0,6.0,1.0,14.0,4.8,66.7,66.7,BLOCKED_66.7%,0.00,0.0,NO,STANDBY_VEL_LOW,0,0.00,4590.00,73.76,FALSE,M5_TREND_NEUTRAL|M1_DIRECTION_MISMATCH
2026-09-07 17:10:39.210,1788801039.210,418,62,62,4412.96,4413.04,8.0,PASS_<=10c,+0.0,FLAT,+6.0,-84.0,4.2,+0.00,0.00,SLOW,4413.80,4414.70,4412.57,4412.90,0.00,0.00,0.0,NEUTRAL,213.0,4412.90,4412.97,4412.76,4412.96,39,CLEARED_>=20s,21.0,6.0,1.0,14.0,4.8,66.7,66.7,BLOCKED_66.7%,0.00,0.0,NO,STANDBY_VEL_LOW,0,0.00,4590.00,73.76,FALSE,M5_TREND_NEUTRAL|M1_DIRECTION_MISMATCH
2026-09-07 17:10:39.711,1788801039.712,419,63,63,4412.96,4413.04,8.0,PASS_<=10c,+0.0,FLAT,+6.0,-84.0,4.2,+0.00,0.00,SLOW,4413.80,4414.70,4412.57,4412.90,0.00,0.00,0.0,NEUTRAL,213.0,4412.90,4412.97,4412.76,4412.96,39,CLEARED_>=20s,21.0,6.0,1.0,14.0,4.8,66.7,66.7,BLOCKED_66.7%,0.00,0.0,NO,STANDBY_VEL_LOW,0,0.00,4590.00,73.76,FALSE,M5_TREND_NEUTRAL|M1_DIRECTION_MISMATCH
2026-09-07 17:10:40.213,1788801040.214,420,64,64,4412.96,4413.04,8.0,PASS_<=10c,+0.0,FLAT,+6.0,-84.0,4.2,+0.21,0.05,SLOW,4413.80,4414.70,4412.57,4412.90,0.00,0.00,0.0,NEUTRAL,213.0,4412.90,4412.97,4412.76,4412.96,40,CLEARED_>=20s,21.0,6.0,1.0,14.0,4.8,66.7,66.7,BLOCKED_66.7%,0.00,0.0,NO,STANDBY_VEL_LOW,0,0.00,4590.00,73.76,FALSE,M5_TREND_NEUTRAL|M1_DIRECTION_MISMATCH
2026-09-07 17:10:40.715,1788801040.715,421,65,65,4412.96,4413.04,8.0,PASS_<=10c,+0.0,FLAT,+6.0,-84.0,4.2,+0.21,0.05,SLOW,4413.80,4414.70,4412.57,4412.90,0.00,0.00,0.0,NEUTRAL,213.0,4412.90,4412.97,4412.76,4412.96,40,CLEARED_>=20s,21.0,6.0,1.0,14.0,4.8,66.7,66.7,BLOCKED_66.7%,0.00,0.0,NO,STANDBY_VEL_LOW,0,0.00,4590.00,73.76,FALSE,M5_TREND_NEUTRAL|M1_DIRECTION_MISMATCH
2026-09-07 17:10:41.216,1788801041.216,422,66,66,4412.96,4413.04,8.0,PASS_<=10c,+0.0,FLAT,+6.0,-84.0,4.2,+0.21,0.05,SLOW,4413.80,4414.70,4412.57,4412.90,0.00,0.00,0.0,NEUTRAL,213.0,4412.90,4412.97,4412.76,4412.96,41,CLEARED_>=20s,21.0,6.0,1.0,14.0,4.8,66.7,66.7,BLOCKED_66.7%,0.00,0.0,NO,STANDBY_VEL_LOW,0,0.00,4590.00,73.76,FALSE,M5_TREND_NEUTRAL|M1_DIRECTION_MISMATCH
2026-09-07 17:10:41.718,1788801041.718,423,67,67,4412.96,4413.04,8.0,PASS_<=10c,+0.0,FLAT,+6.0,-84.0,4.2,+0.00,0.00,SLOW,4413.80,4414.70,4412.57,4412.90,0.00,0.00,0.0,NEUTRAL,213.0,4412.90,4412.97,4412.76,4412.96,41,CLEARED_>=20s,21.0,6.0,1.0,14.0,4.8,66.7,66.7,BLOCKED_66.7%,0.00,0.0,NO,STANDBY_VEL_LOW,0,0.00,4590.00,73.76,FALSE,M5_TREND_NEUTRAL|M1_DIRECTION_MISMATCH
2026-09-07 17:10:42.220,1788801042.220,424,68,68,4412.96,4413.04,8.0,PASS_<=10c,+0.0,FLAT,+6.0,-84.0,4.2,+0.00,0.00,SLOW,4413.80,4414.70,4412.57,4412.90,0.00,0.00,0.0,NEUTRAL,213.0,4412.90,4412.97,4412.76,4412.96,42,CLEARED_>=20s,21.0,6.0,1.0,14.0,4.8,66.7,66.7,BLOCKED_66.7%,0.00,0.0,NO,STANDBY_VEL_LOW,0,0.00,4590.00,73.76,FALSE,M5_TREND_NEUTRAL|M1_DIRECTION_MISMATCH
2026-09-07 17:10:42.721,1788801042.721,425,69,69,4412.96,4413.04,8.0,PASS_<=10c,+0.0,FLAT,+6.0,-84.0,4.2,+0.21,0.05,SLOW,4413.80,4414.70,4412.57,4412.90,0.00,0.00,0.0,NEUTRAL,213.0,4412.90,4412.97,4412.76,4412.96,42,CLEARED_>=20s,21.0,6.0,1.0,14.0,4.8,66.7,66.7,BLOCKED_66.7%,0.00,0.0,NO,STANDBY_VEL_LOW,0,0.00,4590.00,73.76,FALSE,M5_TREND_NEUTRAL|M1_DIRECTION_MISMATCH
2026-09-07 17:10:43.223,1788801043.224,426,70,70,4412.96,4413.04,8.0,PASS_<=10c,+0.0,FLAT,+6.0,-84.0,4.2,+0.00,0.00,SLOW,4413.80,4414.70,4412.57,4412.90,0.00,0.00,0.0,NEUTRAL,213.0,4412.90,4412.97,4412.76,4412.96,43,CLEARED_>=20s,21.0,6.0,1.0,14.0,4.8,66.7,66.7,BLOCKED_66.7%,0.00,0.0,NO,STANDBY_VEL_LOW,0,0.00,4590.00,73.76,FALSE,M5_TREND_NEUTRAL|M1_DIRECTION_MISMATCH
2026-09-07 17:10:43.724,1788801043.725,427,71,71,4412.96,4413.04,8.0,PASS_<=10c,+0.0,FLAT,+6.0,-84.0,4.2,+0.05,0.01,SLOW,4413.80,4414.70,4412.57,4412.90,0.00,0.00,0.0,NEUTRAL,213.0,4412.90,4412.97,4412.76,4412.96,43,CLEARED_>=20s,21.0,6.0,1.0,14.0,4.8,66.7,66.7,BLOCKED_66.7%,0.00,0.0,NO,STANDBY_VEL_LOW,0,0.00,4590.00,73.76,FALSE,M5_TREND_NEUTRAL|M1_DIRECTION_MISMATCH
2026-09-07 17:10:44.226,1788801044.227,428,72,72,4412.96,4413.04,8.0,PASS_<=10c,+0.0,FLAT,+6.0,-84.0,4.2,+0.00,0.00,SLOW,4413.80,4414.70,4412.57,4412.90,0.00,0.00,0.0,NEUTRAL,213.0,4412.90,4412.97,4412.76,4412.96,44,CLEARED_>=20s,21.0,6.0,1.0,14.0,4.8,66.7,66.7,BLOCKED_66.7%,0.00,0.0,NO,STANDBY_VEL_LOW,0,0.00,4590.00,73.76,FALSE,M5_TREND_NEUTRAL|M1_DIRECTION_MISMATCH
2026-09-07 17:10:44.729,1788801044.730,429,73,73,4412.96,4413.04,8.0,PASS_<=10c,+0.0,FLAT,+6.0,-84.0,4.2,+0.10,0.02,SLOW,4413.80,4414.70,4412.57,4412.90,0.00,0.00,0.0,NEUTRAL,213.0,4412.90,4412.97,4412.76,4412.96,44,CLEARED_>=20s,21.0,6.0,1.0,14.0,4.8,66.7,66.7,BLOCKED_66.7%,0.00,0.0,NO,STANDBY_VEL_LOW,0,0.00,4590.00,73.76,FALSE,M5_TREND_NEUTRAL|M1_DIRECTION_MISMATCH
2026-09-07 17:10:45.230,1788801045.230,430,74,74,4412.96,4413.04,8.0,PASS_<=10c,+0.0,FLAT,+6.0,-84.0,4.2,+0.10,0.02,SLOW,4413.80,4414.70,4412.57,4412.90,0.00,0.00,0.0,NEUTRAL,213.0,4412.90,4412.97,4412.76,4412.96,45,CLEARED_>=20s,21.0,6.0,1.0,14.0,4.8,66.7,66.7,BLOCKED_66.7%,0.00,0.0,NO,STANDBY_VEL_LOW,0,0.00,4590.00,73.76,FALSE,M5_TREND_NEUTRAL|M1_DIRECTION_MISMATCH
2026-09-07 17:10:45.732,1788801045.732,431,75,75,4412.96,4413.04,8.0,PASS_<=10c,+0.0,FLAT,+6.0,-84.0,4.2,+0.10,0.02,SLOW,4413.80,4414.70,4412.57,4412.90,0.00,0.00,0.0,NEUTRAL,213.0,4412.90,4412.97,4412.76,4412.96,45,CLEARED_>=20s,21.0,6.0,1.0,14.0,4.8,66.7,66.7,BLOCKED_66.7%,0.00,0.0,NO,STANDBY_VEL_LOW,0,0.00,4590.00,73.76,FALSE,M5_TREND_NEUTRAL|M1_DIRECTION_MISMATCH
2026-09-07 17:10:46.234,1788801046.234,432,76,76,4412.96,4413.04,8.0,PASS_<=10c,+0.0,FLAT,+6.0,-84.0,4.2,+0.10,0.02,SLOW,4413.80,4414.70,4412.57,4412.90,0.00,0.00,0.0,NEUTRAL,213.0,4412.90,4412.97,4412.76,4412.96,46,CLEARED_>=20s,21.0,6.0,1.0,14.0,4.8,66.7,66.7,BLOCKED_66.7%,0.00,0.0,NO,STANDBY_VEL_LOW,0,0.00,4590.00,73.76,FALSE,M5_TREND_NEUTRAL|M1_DIRECTION_MISMATCH
2026-09-07 17:10:46.736,1788801046.736,433,77,77,4412.96,4413.04,8.0,PASS_<=10c,+0.0,FLAT,+6.0,-84.0,4.2,+0.10,0.02,SLOW,4413.80,4414.70,4412.57,4412.90,0.00,0.00,0.0,NEUTRAL,213.0,4412.90,4412.97,4412.76,4412.96,46,CLEARED_>=20s,21.0,6.0,1.0,14.0,4.8,66.7,66.7,BLOCKED_66.7%,0.00,0.0,NO,STANDBY_VEL_LOW,0,0.00,4590.00,73.76,FALSE,M5_TREND_NEUTRAL|M1_DIRECTION_MISMATCH
2026-09-07 17:10:47.237,1788801047.238,434,78,78,4412.96,4413.04,8.0,PASS_<=10c,+0.0,FLAT,+6.0,-84.0,4.2,+0.10,0.02,SLOW,4413.80,4414.70,4412.57,4412.90,0.00,0.00,0.0,NEUTRAL,213.0,4412.90,4412.97,4412.76,4412.96,47,CLEARED_>=20s,21.0,6.0,1.0,14.0,4.8,66.7,66.7,BLOCKED_66.7%,0.00,0.0,NO,STANDBY_VEL_LOW,0,0.00,4590.00,73.76,FALSE,M5_TREND_NEUTRAL|M1_DIRECTION_MISMATCH
2026-09-07 17:10:47.740,1788801047.740,435,79,79,4412.96,4413.04,8.0,PASS_<=10c,+0.0,FLAT,+6.0,-84.0,4.2,+0.10,0.02,SLOW,4413.80,4414.70,4412.57,4412.90,0.00,0.00,0.0,NEUTRAL,213.0,4412.90,4412.97,4412.76,4412.96,47,CLEARED_>=20s,21.0,6.0,1.0,14.0,4.8,66.7,66.7,BLOCKED_66.7%,0.00,0.0,NO,STANDBY_VEL_LOW,0,0.00,4590.00,73.76,FALSE,M5_TREND_NEUTRAL|M1_DIRECTION_MISMATCH
2026-09-07 17:10:48.242,1788801048.242,436,80,80,4412.96,4413.04,8.0,PASS_<=10c,+0.0,FLAT,+6.0,-84.0,4.2,+0.10,0.02,SLOW,4413.80,4414.70,4412.57,4412.90,0.00,0.00,0.0,NEUTRAL,213.0,4412.90,4412.97,4412.76,4412.96,48,CLEARED_>=20s,21.0,6.0,1.0,14.0,4.8,66.7,66.7,BLOCKED_66.7%,0.00,0.0,NO,STANDBY_VEL_LOW,0,0.00,4590.00,73.76,FALSE,M5_TREND_NEUTRAL|M1_DIRECTION_MISMATCH
2026-09-07 17:10:48.745,1788801048.745,437,81,81,4412.96,4413.04,8.0,PASS_<=10c,+0.0,FLAT,+6.0,-84.0,4.2,+0.10,0.02,SLOW,4413.80,4414.70,4412.57,4412.90,0.00,0.00,0.0,NEUTRAL,213.0,4412.90,4412.97,4412.76,4412.96,48,CLEARED_>=20s,21.0,6.0,1.0,14.0,4.8,66.7,66.7,BLOCKED_66.7%,0.00,0.0,NO,STANDBY_VEL_LOW,0,0.00,4590.00,73.76,FALSE,M5_TREND_NEUTRAL|M1_DIRECTION_MISMATCH
2026-09-07 17:10:49.246,1788801049.247,438,82,82,4412.96,4413.04,8.0,PASS_<=10c,+0.0,FLAT,+6.0,-84.0,4.2,+0.10,0.02,SLOW,4413.80,4414.70,4412.57,4412.90,0.00,0.00,0.0,NEUTRAL,213.0,4412.90,4412.97,4412.76,4412.96,49,CLEARED_>=20s,21.0,6.0,1.0,14.0,4.8,66.7,66.7,BLOCKED_66.7%,0.00,0.0,NO,STANDBY_VEL_LOW,0,0.00,4590.00,73.76,FALSE,M5_TREND_NEUTRAL|M1_DIRECTION_MISMATCH
2026-09-07 17:10:49.748,1788801049.749,439,83,83,4412.95,4413.03,8.0,PASS_<=10c,-1.0,DOWN,+5.0,-85.0,4.2,+0.21,0.05,SLOW,4413.80,4414.70,4412.57,4412.90,0.00,0.00,0.0,NEUTRAL,213.0,4412.90,4412.97,4412.76,4412.95,49,CLEARED_>=20s,21.0,5.0,2.0,14.0,9.5,66.7,66.7,BLOCKED_66.7%,0.00,0.0,NO,STANDBY_VEL_LOW,0,0.00,4590.00,73.76,FALSE,M5_TREND_NEUTRAL|M1_DIRECTION_MISMATCH
2026-09-07 17:10:50.249,1788801050.250,440,84,84,4412.95,4413.03,8.0,PASS_<=10c,+0.0,FLAT,+5.0,-85.0,4.2,+0.21,0.05,SLOW,4413.80,4414.70,4412.57,4412.90,0.00,0.00,0.0,NEUTRAL,213.0,4412.90,4412.97,4412.76,4412.95,50,CLEARED_>=20s,21.0,5.0,2.0,14.0,9.5,66.7,66.7,BLOCKED_66.7%,0.00,0.0,NO,STANDBY_VEL_LOW,0,0.00,4590.00,73.76,FALSE,M5_TREND_NEUTRAL|M1_DIRECTION_MISMATCH
2026-09-07 17:10:50.752,1788801050.752,441,85,85,4412.95,4413.03,8.0,PASS_<=10c,+0.0,FLAT,+5.0,-85.0,4.2,+0.21,0.05,SLOW,4413.80,4414.70,4412.57,4412.90,0.00,0.00,0.0,NEUTRAL,213.0,4412.90,4412.97,4412.76,4412.95,50,CLEARED_>=20s,21.0,5.0,2.0,14.0,9.5,66.7,66.7,BLOCKED_66.7%,0.00,0.0,NO,STANDBY_VEL_LOW,0,0.00,4590.00,73.76,FALSE,M5_TREND_NEUTRAL|M1_DIRECTION_MISMATCH
2026-09-07 17:10:51.252,1788801051.253,442,86,86,4412.95,4413.03,8.0,PASS_<=10c,+0.0,FLAT,+5.0,-85.0,4.2,+0.21,0.05,SLOW,4413.80,4414.70,4412.57,4412.90,0.00,0.00,0.0,NEUTRAL,213.0,4412.90,4412.97,4412.76,4412.95,51,CLEARED_>=20s,21.0,5.0,2.0,14.0,9.5,66.7,66.7,BLOCKED_66.7%,0.00,0.0,NO,STANDBY_VEL_LOW,0,0.00,4590.00,73.76,FALSE,M5_TREND_NEUTRAL|M1_DIRECTION_MISMATCH
2026-09-07 17:10:51.755,1788801051.755,443,87,87,4412.95,4413.03,8.0,PASS_<=10c,+0.0,FLAT,+5.0,-85.0,4.2,+0.21,0.05,SLOW,4413.80,4414.70,4412.57,4412.90,0.00,0.00,0.0,NEUTRAL,213.0,4412.90,4412.97,4412.76,4412.95,51,CLEARED_>=20s,21.0,5.0,2.0,14.0,9.5,66.7,66.7,BLOCKED_66.7%,0.00,0.0,NO,STANDBY_VEL_LOW,0,0.00,4590.00,73.76,FALSE,M5_TREND_NEUTRAL|M1_DIRECTION_MISMATCH
2026-09-07 17:10:52.256,1788801052.257,444,88,88,4412.95,4413.03,8.0,PASS_<=10c,+0.0,FLAT,+5.0,-85.0,4.2,+0.21,0.05,SLOW,4413.80,4414.70,4412.57,4412.90,0.00,0.00,0.0,NEUTRAL,213.0,4412.90,4412.97,4412.76,4412.95,52,CLEARED_>=20s,21.0,5.0,2.0,14.0,9.5,66.7,66.7,BLOCKED_66.7%,0.00,0.0,NO,STANDBY_VEL_LOW,0,0.00,4590.00,73.76,FALSE,M5_TREND_NEUTRAL|M1_DIRECTION_MISMATCH
2026-09-07 17:10:52.759,1788801052.759,445,89,89,4412.95,4413.03,8.0,PASS_<=10c,+0.0,FLAT,+5.0,-85.0,4.2,+0.21,0.05,SLOW,4413.80,4414.70,4412.57,4412.90,0.00,0.00,0.0,NEUTRAL,213.0,4412.90,4412.97,4412.76,4412.95,52,CLEARED_>=20s,21.0,5.0,2.0,14.0,9.5,66.7,66.7,BLOCKED_66.7%,0.00,0.0,NO,STANDBY_VEL_LOW,0,0.00,4590.00,73.76,FALSE,M5_TREND_NEUTRAL|M1_DIRECTION_MISMATCH
2026-09-07 17:10:53.260,1788801053.260,446,90,90,4412.95,4413.03,8.0,PASS_<=10c,+0.0,FLAT,+5.0,-85.0,4.2,+0.21,0.05,SLOW,4413.80,4414.70,4412.57,4412.90,0.00,0.00,0.0,NEUTRAL,213.0,4412.90,4412.97,4412.76,4412.95,53,CLEARED_>=20s,21.0,5.0,2.0,14.0,9.5,66.7,66.7,BLOCKED_66.7%,0.00,0.0,NO,STANDBY_VEL_LOW,0,0.00,4590.00,73.76,FALSE,M5_TREND_NEUTRAL|M1_DIRECTION_MISMATCH
2026-09-07 17:10:53.762,1788801053.762,447,91,91,4412.95,4413.03,8.0,PASS_<=10c,+0.0,FLAT,+5.0,-85.0,4.2,+0.21,0.05,SLOW,4413.80,4414.70,4412.57,4412.90,0.00,0.00,0.0,NEUTRAL,213.0,4412.90,4412.97,4412.76,4412.95,53,CLEARED_>=20s,21.0,5.0,2.0,14.0,9.5,66.7,66.7,BLOCKED_66.7%,0.00,0.0,NO,STANDBY_VEL_LOW,0,0.00,4590.00,73.76,FALSE,M5_TREND_NEUTRAL|M1_DIRECTION_MISMATCH
2026-09-07 17:10:54.264,1788801054.264,448,92,92,4412.95,4413.03,8.0,PASS_<=10c,+0.0,FLAT,+5.0,-85.0,4.2,+0.09,0.02,SLOW,4413.80,4414.70,4412.57,4412.90,0.00,0.00,0.0,NEUTRAL,213.0,4412.90,4412.97,4412.76,4412.95,54,CLEARED_>=20s,21.0,5.0,2.0,14.0,9.5,66.7,66.7,BLOCKED_66.7%,0.00,0.0,NO,STANDBY_VEL_LOW,0,0.00,4590.00,73.76,FALSE,M5_TREND_NEUTRAL|M1_DIRECTION_MISMATCH
2026-09-07 17:10:54.765,1788801054.766,449,93,93,4412.96,4413.04,8.0,PASS_<=10c,+1.0,UP,+6.0,-84.0,4.2,+0.21,0.05,SLOW,4413.80,4414.70,4412.57,4412.90,0.00,0.00,0.0,NEUTRAL,213.0,4412.90,4412.97,4412.76,4412.96,54,CLEARED_>=20s,21.0,6.0,1.0,14.0,4.8,66.7,66.7,BLOCKED_66.7%,0.00,0.0,NO,STANDBY_VEL_LOW,0,0.00,4590.00,73.76,FALSE,M5_TREND_NEUTRAL|M1_DIRECTION_MISMATCH
2026-09-07 17:10:55.270,1788801055.270,450,94,94,4412.96,4413.04,8.0,PASS_<=10c,+0.0,FLAT,+6.0,-84.0,4.2,+0.21,0.05,SLOW,4413.80,4414.70,4412.57,4412.90,0.00,0.00,0.0,NEUTRAL,213.0,4412.90,4412.97,4412.76,4412.96,55,CLEARED_>=20s,21.0,6.0,1.0,14.0,4.8,66.7,66.7,BLOCKED_66.7%,0.00,0.0,NO,STANDBY_VEL_LOW,0,0.00,4590.00,73.76,FALSE,M5_TREND_NEUTRAL|M1_DIRECTION_MISMATCH
2026-09-07 17:10:55.768,1788801055.769,451,95,95,4412.96,4413.04,8.0,PASS_<=10c,+0.0,FLAT,+6.0,-84.0,4.2,+0.21,0.05,SLOW,4413.80,4414.70,4412.57,4412.90,0.00,0.00,0.0,NEUTRAL,213.0,4412.90,4412.97,4412.76,4412.96,55,CLEARED_>=20s,21.0,6.0,1.0,14.0,4.8,66.7,66.7,BLOCKED_66.7%,0.00,0.0,NO,STANDBY_VEL_LOW,0,0.00,4590.00,73.76,FALSE,M5_TREND_NEUTRAL|M1_DIRECTION_MISMATCH
2026-09-07 17:10:56.270,1788801056.271,452,96,96,4412.96,4413.04,8.0,PASS_<=10c,+0.0,FLAT,+6.0,-84.0,4.2,+0.21,0.05,SLOW,4413.80,4414.70,4412.57,4412.90,0.00,0.00,0.0,NEUTRAL,213.0,4412.90,4412.97,4412.76,4412.96,56,CLEARED_>=20s,21.0,6.0,1.0,14.0,4.8,66.7,66.7,BLOCKED_66.7%,0.00,0.0,NO,STANDBY_VEL_LOW,0,0.00,4590.00,73.76,FALSE,M5_TREND_NEUTRAL|M1_DIRECTION_MISMATCH
2026-09-07 17:10:56.772,1788801056.772,453,97,97,4412.96,4413.04,8.0,PASS_<=10c,+0.0,FLAT,+6.0,-84.0,4.2,+0.21,0.05,SLOW,4413.80,4414.70,4412.57,4412.90,0.00,0.00,0.0,NEUTRAL,213.0,4412.90,4412.97,4412.76,4412.96,56,CLEARED_>=20s,21.0,6.0,1.0,14.0,4.8,66.7,66.7,BLOCKED_66.7%,0.00,0.0,NO,STANDBY_VEL_LOW,0,0.00,4590.00,73.76,FALSE,M5_TREND_NEUTRAL|M1_DIRECTION_MISMATCH
2026-09-07 17:10:57.274,1788801057.274,454,98,98,4412.96,4413.04,8.0,PASS_<=10c,+0.0,FLAT,+6.0,-84.0,4.2,+0.21,0.05,SLOW,4413.80,4414.70,4412.57,4412.90,0.00,0.00,0.0,NEUTRAL,213.0,4412.90,4412.97,4412.76,4412.96,57,CLEARED_>=20s,21.0,6.0,1.0,14.0,4.8,66.7,66.7,BLOCKED_66.7%,0.00,0.0,NO,STANDBY_VEL_LOW,0,0.00,4590.00,73.76,FALSE,M5_TREND_NEUTRAL|M1_DIRECTION_MISMATCH
2026-09-07 17:10:57.775,1788801057.776,455,99,99,4412.96,4413.04,8.0,PASS_<=10c,+0.0,FLAT,+6.0,-84.0,4.2,+0.21,0.05,SLOW,4413.80,4414.70,4412.57,4412.90,0.00,0.00,0.0,NEUTRAL,213.0,4412.90,4412.97,4412.76,4412.96,57,CLEARED_>=20s,21.0,6.0,1.0,14.0,4.8,66.7,66.7,BLOCKED_66.7%,0.00,0.0,NO,STANDBY_VEL_LOW,0,0.00,4590.00,73.76,FALSE,M5_TREND_NEUTRAL|M1_DIRECTION_MISMATCH
2026-09-07 17:10:58.276,1788801058.276,456,100,100,4412.96,4413.04,8.0,PASS_<=10c,+0.0,FLAT,+6.0,-84.0,4.2,+0.21,0.05,SLOW,4413.80,4414.70,4412.57,4412.90,0.00,0.00,0.0,NEUTRAL,213.0,4412.90,4412.97,4412.76,4412.96,58,CLEARED_>=20s,21.0,6.0,1.0,14.0,4.8,66.7,66.7,BLOCKED_66.7%,0.00,0.0,NO,STANDBY_VEL_LOW,0,0.00,4590.00,73.76,FALSE,M5_TREND_NEUTRAL|M1_DIRECTION_MISMATCH
2026-09-07 17:10:58.777,1788801058.778,457,101,101,4412.86,4412.94,8.0,PASS_<=10c,-10.0,DOWN,-4.0,-94.0,4.2,+1.89,0.45,SLOW,4413.80,4414.70,4412.57,4412.90,0.00,0.00,0.0,NEUTRAL,213.0,4412.90,4412.97,4412.76,4412.86,58,CLEARED_>=20s,21.0,4.0,7.0,10.0,33.3,47.6,47.6,BLOCKED_47.6%,0.00,0.0,NO,STANDBY_VEL_LOW,0,0.00,4590.00,73.76,FALSE,M5_TREND_NEUTRAL|M1_DIRECTION_MISMATCH
2026-09-07 17:10:59.280,1788801059.280,458,102,102,4412.85,4412.93,8.0,PASS_<=10c,-1.0,DOWN,-5.0,-95.0,4.2,+2.10,0.50,SLOW,4413.80,4414.70,4412.57,4412.90,0.00,0.00,0.0,NEUTRAL,213.0,4412.90,4412.97,4412.76,4412.85,59,CLEARED_>=20s,21.0,5.0,7.0,9.0,33.3,42.9,42.9,BLOCKED_42.9%,0.00,0.0,NO,STANDBY_VEL_LOW,0,0.00,4590.00,73.76,FALSE,M5_TREND_NEUTRAL|M1_DIRECTION_MISMATCH
2026-09-07 17:10:59.781,1788801059.781,459,103,103,4412.82,4412.90,8.0,PASS_<=10c,-3.0,DOWN,-8.0,-98.0,4.2,+2.94,0.70,SLOW,4413.80,4414.70,4412.57,4412.90,0.00,0.00,0.0,NEUTRAL,213.0,4412.90,4412.97,4412.76,4412.82,59,CLEARED_>=20s,21.0,8.0,7.0,6.0,33.3,28.6,33.3,BLOCKED_33.3%,0.00,0.0,NO,STANDBY_VEL_LOW,0,0.00,4590.00,73.76,FALSE,M5_TREND_NEUTRAL|M1_DIRECTION_MISMATCH
2026-09-07 17:11:00.283,1788801060.284,460,1,104,4412.82,4412.90,8.0,PASS_<=10c,+0.0,FLAT,+0.0,-98.0,4.2,+2.94,0.70,SLOW,4413.80,4414.70,4412.57,4412.90,0.00,0.00,0.0,NEUTRAL,213.0,4412.82,4412.82,4412.82,4412.82,0,ACTIVE_0s,1.0,0.0,0.0,0.0,0.0,0.0,0.0,PASS_<20%,0.00,0.0,NO,STANDBY_VEL_LOW,0,0.00,4590.00,73.76,FALSE,M5_TREND_NEUTRAL|M1_DIRECTION_MISMATCH|OPENING_SHIELD_ACTIVE_0s
2026-09-07 17:11:00.785,1788801060.785,461,2,105,4412.82,4412.90,8.0,PASS_<=10c,+0.0,FLAT,+0.0,-98.0,4.2,+2.94,0.70,SLOW,4413.80,4414.70,4412.57,4412.90,0.00,0.00,0.0,NEUTRAL,213.0,4412.82,4412.82,4412.82,4412.82,0,ACTIVE_0s,1.0,0.0,0.0,0.0,0.0,0.0,0.0,PASS_<20%,0.00,0.0,NO,STANDBY_VEL_LOW,0,0.00,4590.00,73.76,FALSE,M5_TREND_NEUTRAL|M1_DIRECTION_MISMATCH|OPENING_SHIELD_ACTIVE_0s
2026-09-07 17:11:01.286,1788801061.287,462,3,106,4412.82,4412.90,8.0,PASS_<=10c,+0.0,FLAT,+0.0,-98.0,4.2,+2.94,0.70,SLOW,4413.80,4414.70,4412.57,4412.90,0.00,0.00,0.0,NEUTRAL,213.0,4412.82,4412.82,4412.81,4412.82,1,ACTIVE_1s,1.0,0.0,0.0,1.0,0.0,100.0,100.0,BLOCKED_100.0%,0.00,0.0,NO,STANDBY_VEL_LOW,0,0.00,4590.00,73.76,FALSE,M5_TREND_NEUTRAL|M1_DIRECTION_MISMATCH|OPENING_SHIELD_ACTIVE_1s
2026-09-07 17:11:01.789,1788801061.789,463,4,107,4412.82,4412.90,8.0,PASS_<=10c,+0.0,FLAT,+0.0,-98.0,4.2,+2.94,0.70,SLOW,4413.80,4414.70,4412.57,4412.90,0.00,0.00,0.0,NEUTRAL,213.0,4412.82,4412.82,4412.81,4412.82,1,ACTIVE_1s,1.0,0.0,0.0,1.0,0.0,100.0,100.0,BLOCKED_100.0%,0.00,0.0,NO,STANDBY_VEL_LOW,0,0.00,4590.00,73.76,FALSE,M5_TREND_NEUTRAL|M1_DIRECTION_MISMATCH|OPENING_SHIELD_ACTIVE_1s
2026-09-07 17:11:02.290,1788801062.291,464,5,108,4412.82,4412.90,8.0,PASS_<=10c,+0.0,FLAT,+0.0,-98.0,4.2,+2.94,0.70,SLOW,4413.80,4414.70,4412.57,4412.90,0.00,0.00,0.0,NEUTRAL,213.0,4412.82,4412.82,4412.81,4412.82,2,ACTIVE_2s,1.0,0.0,0.0,1.0,0.0,100.0,100.0,BLOCKED_100.0%,0.00,0.0,NO,STANDBY_VEL_LOW,0,0.00,4590.00,73.76,FALSE,M5_TREND_NEUTRAL|M1_DIRECTION_MISMATCH|OPENING_SHIELD_ACTIVE_2s
2026-09-07 17:11:02.792,1788801062.793,465,6,109,4412.82,4412.90,8.0,PASS_<=10c,+0.0,FLAT,+0.0,-98.0,4.2,+2.94,0.70,SLOW,4413.80,4414.70,4412.57,4412.90,0.00,0.00,0.0,NEUTRAL,213.0,4412.82,4412.82,4412.81,4412.82,2,ACTIVE_2s,1.0,0.0,0.0,1.0,0.0,100.0,100.0,BLOCKED_100.0%,0.00,0.0,NO,STANDBY_VEL_LOW,0,0.00,4590.00,73.76,FALSE,M5_TREND_NEUTRAL|M1_DIRECTION_MISMATCH|OPENING_SHIELD_ACTIVE_2s
2026-09-07 17:11:03.293,1788801063.294,466,7,110,4412.82,4412.90,8.0,PASS_<=10c,+0.0,FLAT,+0.0,-98.0,4.2,+2.52,0.60,SLOW,4413.80,4414.70,4412.57,4412.90,0.00,0.00,0.0,NEUTRAL,213.0,4412.82,4412.82,4412.81,4412.82,3,ACTIVE_3s,1.0,0.0,0.0,1.0,0.0,100.0,100.0,BLOCKED_100.0%,0.00,0.0,NO,STANDBY_VEL_LOW,0,0.00,4590.00,73.76,FALSE,M5_TREND_NEUTRAL|M1_DIRECTION_MISMATCH|OPENING_SHIELD_ACTIVE_3s
2026-09-07 17:11:03.795,1788801063.796,467,8,111,4412.82,4412.90,8.0,PASS_<=10c,+0.0,FLAT,+0.0,-98.0,4.2,+0.63,0.15,SLOW,4413.80,4414.70,4412.57,4412.90,0.00,0.00,0.0,NEUTRAL,213.0,4412.82,4412.82,4412.81,4412.82,3,ACTIVE_3s,1.0,0.0,0.0,1.0,0.0,100.0,100.0,BLOCKED_100.0%,0.00,0.0,NO,STANDBY_VEL_LOW,0,0.00,4590.00,73.76,FALSE,M5_TREND_NEUTRAL|M1_DIRECTION_MISMATCH|OPENING_SHIELD_ACTIVE_3s
2026-09-07 17:11:04.296,1788801064.297,468,9,112,4412.82,4412.90,8.0,PASS_<=10c,+0.0,FLAT,+0.0,-98.0,4.2,+0.00,0.00,SLOW,4413.80,4414.70,4412.57,4412.90,0.00,0.00,0.0,NEUTRAL,213.0,4412.82,4412.82,4412.81,4412.82,4,ACTIVE_4s,1.0,0.0,0.0,1.0,0.0,100.0,100.0,BLOCKED_100.0%,0.00,0.0,NO,STANDBY_VEL_LOW,0,0.00,4590.00,73.76,FALSE,M5_TREND_NEUTRAL|M1_DIRECTION_MISMATCH|OPENING_SHIELD_ACTIVE_4s
2026-09-07 17:11:04.797,1788801064.798,469,10,113,4412.81,4412.89,8.0,PASS_<=10c,-1.0,DOWN,-1.0,-99.0,4.2,+0.21,0.05,SLOW,4413.80,4414.70,4412.57,4412.90,0.00,0.00,0.0,NEUTRAL,213.0,4412.82,4412.82,4412.81,4412.81,4,ACTIVE_4s,1.0,1.0,0.0,0.0,0.0,0.0,0.0,PASS_<20%,0.00,0.0,NO,STANDBY_VEL_LOW,0,0.00,4590.00,73.76,FALSE,M5_TREND_NEUTRAL|M1_DIRECTION_MISMATCH|OPENING_SHIELD_ACTIVE_4s
2026-09-07 17:11:05.299,1788801065.300,470,11,114,4412.81,4412.89,8.0,PASS_<=10c,+0.0,FLAT,-1.0,-99.0,4.2,+0.21,0.05,SLOW,4413.80,4414.70,4412.57,4412.90,0.00,0.00,0.0,NEUTRAL,213.0,4412.82,4412.82,4412.81,4412.81,5,ACTIVE_5s,1.0,1.0,0.0,0.0,0.0,0.0,0.0,PASS_<20%,0.00,0.0,NO,STANDBY_VEL_LOW,0,0.00,4590.00,73.76,FALSE,M5_TREND_NEUTRAL|M1_DIRECTION_MISMATCH|OPENING_SHIELD_ACTIVE_5s
2026-09-07 17:11:05.801,1788801065.801,471,12,115,4412.81,4412.89,8.0,PASS_<=10c,+0.0,FLAT,-1.0,-99.0,4.2,+0.00,0.00,SLOW,4413.80,4414.70,4412.57,4412.90,0.00,0.00,0.0,NEUTRAL,213.0,4412.82,4412.82,4412.81,4412.81,5,ACTIVE_5s,1.0,1.0,0.0,0.0,0.0,0.0,0.0,PASS_<20%,0.00,0.0,NO,STANDBY_VEL_LOW,0,0.00,4590.00,73.76,FALSE,M5_TREND_NEUTRAL|M1_DIRECTION_MISMATCH|OPENING_SHIELD_ACTIVE_5s
2026-09-07 17:11:06.302,1788801066.302,472,13,116,4412.81,4412.89,8.0,PASS_<=10c,+0.0,FLAT,-1.0,-99.0,4.2,+0.21,0.05,SLOW,4413.80,4414.70,4412.57,4412.90,0.00,0.00,0.0,NEUTRAL,213.0,4412.82,4412.82,4412.81,4412.81,6,ACTIVE_6s,1.0,1.0,0.0,0.0,0.0,0.0,0.0,PASS_<20%,0.00,0.0,NO,STANDBY_VEL_LOW,0,0.00,4590.00,73.76,FALSE,M5_TREND_NEUTRAL|M1_DIRECTION_MISMATCH|OPENING_SHIELD_ACTIVE_6s
2026-09-07 17:11:06.803,1788801066.804,473,14,117,4412.81,4412.89,8.0,PASS_<=10c,+0.0,FLAT,-1.0,-99.0,4.2,+0.21,0.05,SLOW,4413.80,4414.70,4412.57,4412.90,0.00,0.00,0.0,NEUTRAL,213.0,4412.82,4412.82,4412.81,4412.81,6,ACTIVE_6s,1.0,1.0,0.0,0.0,0.0,0.0,0.0,PASS_<20%,0.00,0.0,NO,STANDBY_VEL_LOW,0,0.00,4590.00,73.76,FALSE,M5_TREND_NEUTRAL|M1_DIRECTION_MISMATCH|OPENING_SHIELD_ACTIVE_6s
2026-09-07 17:11:07.306,1788801067.306,474,15,118,4412.81,4412.89,8.0,PASS_<=10c,+0.0,FLAT,-1.0,-99.0,4.2,+0.21,0.05,SLOW,4413.80,4414.70,4412.57,4412.90,0.00,0.00,0.0,NEUTRAL,213.0,4412.82,4412.82,4412.81,4412.81,7,ACTIVE_7s,1.0,1.0,0.0,0.0,0.0,0.0,0.0,PASS_<20%,0.00,0.0,NO,STANDBY_VEL_LOW,0,0.00,4590.00,73.76,FALSE,M5_TREND_NEUTRAL|M1_DIRECTION_MISMATCH|OPENING_SHIELD_ACTIVE_7s
2026-09-07 17:11:07.807,1788801067.807,475,16,119,4412.79,4412.87,8.0,PASS_<=10c,-2.0,DOWN,-3.0,-101.0,4.2,+0.63,0.15,SLOW,4413.80,4414.70,4412.57,4412.90,0.00,0.00,0.0,NEUTRAL,213.0,4412.82,4412.82,4412.79,4412.79,7,ACTIVE_7s,3.0,3.0,0.0,0.0,0.0,0.0,0.0,PASS_<20%,0.00,0.0,NO,STANDBY_VEL_LOW,0,0.00,4590.00,73.76,FALSE,M5_TREND_NEUTRAL|M1_DIRECTION_MISMATCH|OPENING_SHIELD_ACTIVE_7s
2026-09-07 17:11:08.310,1788801068.311,476,17,120,4412.79,4412.87,8.0,PASS_<=10c,+0.0,FLAT,-3.0,-101.0,4.2,+0.63,0.15,SLOW,4413.80,4414.70,4412.57,4412.90,0.00,0.00,0.0,NEUTRAL,213.0,4412.82,4412.82,4412.79,4412.79,8,ACTIVE_8s,3.0,3.0,0.0,0.0,0.0,0.0,0.0,PASS_<20%,0.00,0.0,NO,STANDBY_VEL_LOW,0,0.00,4590.00,73.76,FALSE,M5_TREND_NEUTRAL|M1_DIRECTION_MISMATCH|OPENING_SHIELD_ACTIVE_8s
2026-09-07 17:11:08.812,1788801068.812,477,18,121,4412.79,4412.87,8.0,PASS_<=10c,+0.0,FLAT,-3.0,-101.0,4.2,+0.63,0.15,SLOW,4413.80,4414.70,4412.57,4412.90,0.00,0.00,0.0,NEUTRAL,213.0,4412.82,4412.82,4412.79,4412.79,8,ACTIVE_8s,3.0,3.0,0.0,0.0,0.0,0.0,0.0,PASS_<20%,0.00,0.0,NO,STANDBY_VEL_LOW,0,0.00,4590.00,73.76,FALSE,M5_TREND_NEUTRAL|M1_DIRECTION_MISMATCH|OPENING_SHIELD_ACTIVE_8s
2026-09-07 17:11:09.315,1788801069.315,478,19,122,4412.79,4412.87,8.0,PASS_<=10c,+0.0,FLAT,-3.0,-101.0,4.2,+0.63,0.15,SLOW,4413.80,4414.70,4412.57,4412.90,0.00,0.00,0.0,NEUTRAL,213.0,4412.82,4412.82,4412.79,4412.79,9,ACTIVE_9s,3.0,3.0,0.0,0.0,0.0,0.0,0.0,PASS_<20%,0.00,0.0,NO,STANDBY_VEL_LOW,0,0.00,4590.00,73.76,FALSE,M5_TREND_NEUTRAL|M1_DIRECTION_MISMATCH|OPENING_SHIELD_ACTIVE_9s
2026-09-07 17:11:09.817,1788801069.817,479,20,123,4412.79,4412.87,8.0,PASS_<=10c,+0.0,FLAT,-3.0,-101.0,4.2,+0.42,0.10,SLOW,4413.80,4414.70,4412.57,4412.90,0.00,0.00,0.0,NEUTRAL,213.0,4412.82,4412.82,4412.79,4412.79,9,ACTIVE_9s,3.0,3.0,0.0,0.0,0.0,0.0,0.0,PASS_<20%,0.00,0.0,NO,STANDBY_VEL_LOW,0,0.00,4590.00,73.76,FALSE,M5_TREND_NEUTRAL|M1_DIRECTION_MISMATCH|OPENING_SHIELD_ACTIVE_9s
2026-09-07 17:11:10.319,1788801070.319,480,21,124,4412.79,4412.87,8.0,PASS_<=10c,+0.0,FLAT,-3.0,-101.0,4.2,+0.42,0.10,SLOW,4413.80,4414.70,4412.57,4412.90,0.00,0.00,0.0,NEUTRAL,213.0,4412.82,4412.82,4412.79,4412.79,10,ACTIVE_10s,3.0,3.0,0.0,0.0,0.0,0.0,0.0,PASS_<20%,0.00,0.0,NO,STANDBY_VEL_LOW,0,0.00,4590.00,73.76,FALSE,M5_TREND_NEUTRAL|M1_DIRECTION_MISMATCH|OPENING_SHIELD_ACTIVE_10s
2026-09-07 17:11:10.819,1788801070.820,481,22,125,4412.79,4412.87,8.0,PASS_<=10c,+0.0,FLAT,-3.0,-101.0,4.2,+0.42,0.10,SLOW,4413.80,4414.70,4412.57,4412.90,0.00,0.00,0.0,NEUTRAL,213.0,4412.82,4412.82,4412.79,4412.79,10,ACTIVE_10s,3.0,3.0,0.0,0.0,0.0,0.0,0.0,PASS_<20%,0.00,0.0,NO,STANDBY_VEL_LOW,0,0.00,4590.00,73.76,FALSE,M5_TREND_NEUTRAL|M1_DIRECTION_MISMATCH|OPENING_SHIELD_ACTIVE_10s
2026-09-07 17:11:11.322,1788801071.322,482,23,126,4412.79,4412.87,8.0,PASS_<=10c,+0.0,FLAT,-3.0,-101.0,4.2,+0.42,0.10,SLOW,4413.80,4414.70,4412.57,4412.90,0.00,0.00,0.0,NEUTRAL,213.0,4412.82,4412.82,4412.79,4412.79,11,ACTIVE_11s,3.0,3.0,0.0,0.0,0.0,0.0,0.0,PASS_<20%,0.00,0.0,NO,STANDBY_VEL_LOW,0,0.00,4590.00,73.76,FALSE,M5_TREND_NEUTRAL|M1_DIRECTION_MISMATCH|OPENING_SHIELD_ACTIVE_11s
2026-09-07 17:11:11.823,1788801071.824,483,24,127,4412.79,4412.87,8.0,PASS_<=10c,+0.0,FLAT,-3.0,-101.0,4.2,+0.42,0.10,SLOW,4413.80,4414.70,4412.57,4412.90,0.00,0.00,0.0,NEUTRAL,213.0,4412.82,4412.82,4412.79,4412.79,11,ACTIVE_11s,3.0,3.0,0.0,0.0,0.0,0.0,0.0,PASS_<20%,0.00,0.0,NO,STANDBY_VEL_LOW,0,0.00,4590.00,73.76,FALSE,M5_TREND_NEUTRAL|M1_DIRECTION_MISMATCH|OPENING_SHIELD_ACTIVE_11s
2026-09-07 17:11:12.325,1788801072.325,484,25,128,4412.79,4412.87,8.0,PASS_<=10c,+0.0,FLAT,-3.0,-101.0,4.2,+0.00,0.00,SLOW,4413.80,4414.70,4412.57,4412.90,0.00,0.00,0.0,NEUTRAL,213.0,4412.82,4412.82,4412.79,4412.79,12,ACTIVE_12s,3.0,3.0,0.0,0.0,0.0,0.0,0.0,PASS_<20%,0.00,0.0,NO,STANDBY_VEL_LOW,0,0.00,4590.00,73.76,FALSE,M5_TREND_NEUTRAL|M1_DIRECTION_MISMATCH|OPENING_SHIELD_ACTIVE_12s
2026-09-07 17:11:12.827,1788801072.827,485,26,129,4412.79,4412.87,8.0,PASS_<=10c,+0.0,FLAT,-3.0,-101.0,4.2,+0.02,0.00,SLOW,4413.80,4414.70,4412.57,4412.90,0.00,0.00,0.0,NEUTRAL,213.0,4412.82,4412.82,4412.79,4412.79,12,ACTIVE_12s,3.0,3.0,0.0,0.0,0.0,0.0,0.0,PASS_<20%,0.00,0.0,NO,STANDBY_VEL_LOW,0,0.00,4590.00,73.76,FALSE,M5_TREND_NEUTRAL|M1_DIRECTION_MISMATCH|OPENING_SHIELD_ACTIVE_12s
2026-09-07 17:11:13.328,1788801073.329,486,27,130,4412.79,4412.87,8.0,PASS_<=10c,+0.0,FLAT,-3.0,-101.0,4.2,+0.02,0.00,SLOW,4413.80,4414.70,4412.57,4413.13,0.00,0.00,0.0,NEUTRAL,213.0,4412.82,4412.82,4412.79,4412.79,13,ACTIVE_13s,3.0,3.0,0.0,0.0,0.0,0.0,0.0,PASS_<20%,0.00,0.0,NO,STANDBY_VEL_LOW,0,0.00,4590.00,73.76,FALSE,M5_TREND_NEUTRAL|M1_DIRECTION_MISMATCH|OPENING_SHIELD_ACTIVE_13s
2026-09-07 17:11:13.830,1788801073.831,487,28,131,4412.79,4412.87,8.0,PASS_<=10c,+0.0,FLAT,-3.0,-101.0,4.2,+0.02,0.00,SLOW,4413.80,4414.70,4412.57,4413.13,0.00,0.00,0.0,NEUTRAL,213.0,4412.82,4412.82,4412.79,4412.79,13,ACTIVE_13s,3.0,3.0,0.0,0.0,0.0,0.0,0.0,PASS_<20%,0.00,0.0,NO,STANDBY_VEL_LOW,0,0.00,4590.00,73.76,FALSE,M5_TREND_NEUTRAL|M1_DIRECTION_MISMATCH|OPENING_SHIELD_ACTIVE_13s
2026-09-07 17:11:14.332,1788801074.332,488,29,132,4412.79,4412.87,8.0,PASS_<=10c,+0.0,FLAT,-3.0,-101.0,4.2,+0.02,0.00,SLOW,4413.80,4414.70,4412.57,4413.13,0.00,0.00,0.0,NEUTRAL,213.0,4412.82,4412.82,4412.79,4412.79,14,ACTIVE_14s,3.0,3.0,0.0,0.0,0.0,0.0,0.0,PASS_<20%,0.00,0.0,NO,STANDBY_VEL_LOW,0,0.00,4590.00,73.76,FALSE,M5_TREND_NEUTRAL|M1_DIRECTION_MISMATCH|OPENING_SHIELD_ACTIVE_14s
2026-09-07 17:11:14.835,1788801074.835,489,30,133,4412.79,4412.87,8.0,PASS_<=10c,+0.0,FLAT,-3.0,-101.0,4.2,+0.02,0.00,SLOW,4413.80,4414.70,4412.57,4413.13,0.00,0.00,0.0,NEUTRAL,213.0,4412.82,4412.82,4412.79,4412.79,14,ACTIVE_14s,3.0,3.0,0.0,0.0,0.0,0.0,0.0,PASS_<20%,0.00,0.0,NO,STANDBY_VEL_LOW,0,0.00,4590.00,73.76,FALSE,M5_TREND_NEUTRAL|M1_DIRECTION_MISMATCH|OPENING_SHIELD_ACTIVE_14s
2026-09-07 17:11:15.337,1788801075.337,490,31,134,4412.79,4412.87,8.0,PASS_<=10c,+0.0,FLAT,-3.0,-101.0,4.2,+0.02,0.00,SLOW,4413.80,4414.70,4412.57,4413.13,0.00,0.00,0.0,NEUTRAL,213.0,4412.82,4412.82,4412.79,4412.79,15,ACTIVE_15s,3.0,3.0,0.0,0.0,0.0,0.0,0.0,PASS_<20%,0.00,0.0,NO,STANDBY_VEL_LOW,0,0.00,4590.00,73.76,FALSE,M5_TREND_NEUTRAL|M1_DIRECTION_MISMATCH|OPENING_SHIELD_ACTIVE_15s
2026-09-07 17:11:25.714,1788801085.715,491,32,135,4412.79,4412.87,8.0,PASS_<=10c,+0.0,FLAT,-3.0,-101.0,3.3,+0.00,0.00,SLOW,4413.80,4414.70,4412.57,4413.13,0.00,0.00,0.0,NEUTRAL,213.0,4412.82,4412.82,4412.79,4412.79,25,CLEARED_>=20s,3.0,3.0,0.0,0.0,0.0,0.0,0.0,PASS_<20%,0.00,0.0,NO,STANDBY_VEL_LOW,0,0.00,4590.00,73.76,FALSE,M5_TREND_NEUTRAL|M1_DIRECTION_MISMATCH
2026-09-07 17:11:31.731,1788801091.732,492,33,136,4412.79,4412.87,8.0,PASS_<=10c,+0.0,FLAT,-3.0,-101.0,3.0,+0.00,0.00,SLOW,4413.80,4414.70,4412.57,4413.13,0.00,0.00,0.0,NEUTRAL,213.0,4412.82,4412.82,4412.79,4412.79,31,CLEARED_>=20s,3.0,3.0,0.0,0.0,0.0,0.0,0.0,PASS_<20%,0.00,0.0,NO,STANDBY_VEL_LOW,0,0.00,4590.00,73.76,FALSE,M5_TREND_NEUTRAL|M1_DIRECTION_MISMATCH
2026-09-07 17:11:32.089,1788801092.090,493,34,137,4412.74,4412.82,8.0,PASS_<=10c,-5.0,DOWN,-8.0,-106.0,3.2,+3.97,1.24,SLOW,4413.80,4414.70,4412.57,4413.13,0.00,0.00,0.0,NEUTRAL,213.0,4412.82,4412.82,4412.74,4412.74,32,CLEARED_>=20s,8.0,8.0,0.0,0.0,0.0,0.0,0.0,PASS_<20%,0.00,0.0,NO,STANDBY_VEL_LOW,0,0.00,4590.00,73.76,FALSE,M5_TREND_NEUTRAL|M1_DIRECTION_MISMATCH
2026-09-07 17:11:32.590,1788801092.591,494,35,138,4412.72,4412.80,8.0,PASS_<=10c,-2.0,DOWN,-10.0,-108.0,3.4,+3.97,1.17,SLOW,4413.80,4414.70,4412.57,4413.13,0.00,0.00,0.0,NEUTRAL,213.0,4412.82,4412.82,4412.72,4412.72,32,CLEARED_>=20s,10.0,10.0,0.0,0.0,0.0,0.0,0.0,PASS_<20%,0.00,0.0,NO,STANDBY_VEL_LOW,0,0.00,4590.00,73.76,FALSE,M5_TREND_NEUTRAL|M1_DIRECTION_MISMATCH
2026-09-07 17:11:33.092,1788801093.093,495,36,139,4412.74,4412.82,8.0,PASS_<=10c,+2.0,UP,-8.0,-106.0,3.5,+2.21,0.63,SLOW,4413.80,4414.70,4412.57,4413.13,0.00,0.00,0.0,NEUTRAL,213.0,4412.82,4412.82,4412.72,4412.74,33,CLEARED_>=20s,10.0,8.0,0.0,2.0,0.0,20.0,20.0,BLOCKED_20.0%,0.00,0.0,NO,STANDBY_VEL_LOW,0,0.00,4590.00,73.76,FALSE,M5_TREND_NEUTRAL|M1_DIRECTION_MISMATCH
2026-09-07 17:11:33.594,1788801093.594,496,37,140,4412.72,4412.80,8.0,PASS_<=10c,-2.0,DOWN,-10.0,-108.0,3.6,+2.53,0.70,SLOW,4413.80,4414.70,4412.57,4413.13,0.00,0.00,0.0,NEUTRAL,213.0,4412.82,4412.82,4412.72,4412.72,33,CLEARED_>=20s,10.0,10.0,0.0,0.0,0.0,0.0,0.0,PASS_<20%,0.00,0.0,NO,STANDBY_VEL_LOW,0,0.00,4590.00,73.76,FALSE,M5_TREND_NEUTRAL|M1_DIRECTION_MISMATCH
2026-09-07 17:11:34.096,1788801094.096,497,38,141,4412.72,4412.80,8.0,PASS_<=10c,+0.0,FLAT,-10.0,-108.0,3.7,+2.14,0.58,SLOW,4413.80,4414.70,4412.57,4413.13,0.00,0.00,0.0,NEUTRAL,213.0,4412.82,4412.82,4412.72,4412.72,34,CLEARED_>=20s,10.0,10.0,0.0,0.0,0.0,0.0,0.0,PASS_<20%,0.00,0.0,NO,STANDBY_VEL_LOW,0,0.00,4590.00,73.76,FALSE,M5_TREND_NEUTRAL|M1_DIRECTION_MISMATCH
2026-09-07 17:11:34.597,1788801094.598,498,39,142,4412.72,4412.80,8.0,PASS_<=10c,+0.0,FLAT,-10.0,-108.0,3.7,+1.86,0.50,SLOW,4413.80,4414.70,4412.57,4413.13,0.00,0.00,0.0,NEUTRAL,213.0,4412.82,4412.82,4412.72,4412.72,34,CLEARED_>=20s,10.0,10.0,0.0,0.0,0.0,0.0,0.0,PASS_<20%,0.00,0.0,NO,STANDBY_VEL_LOW,0,0.00,4590.00,73.76,FALSE,M5_TREND_NEUTRAL|M1_DIRECTION_MISMATCH
2026-09-07 17:11:35.104,1788801095.105,499,40,143,4412.77,4412.85,8.0,PASS_<=10c,+5.0,UP,-5.0,-103.0,3.7,+0.47,0.13,SLOW,4413.80,4414.70,4412.57,4413.13,0.00,0.00,0.0,NEUTRAL,213.0,4412.82,4412.82,4412.72,4412.77,35,CLEARED_>=20s,10.0,5.0,0.0,5.0,0.0,50.0,50.0,BLOCKED_50.0%,0.00,0.0,NO,STANDBY_VEL_LOW,0,0.00,4590.00,73.76,FALSE,M5_TREND_NEUTRAL|M1_DIRECTION_MISMATCH
2026-09-07 17:11:35.599,1788801095.599,500,41,144,4412.77,4412.85,8.0,PASS_<=10c,+0.0,FLAT,-5.0,-103.0,3.8,+0.42,0.11,SLOW,4413.80,4414.70,4412.57,4413.13,0.00,0.00,0.0,NEUTRAL,213.0,4412.82,4412.82,4412.72,4412.77,35,CLEARED_>=20s,10.0,5.0,0.0,5.0,0.0,50.0,50.0,BLOCKED_50.0%,0.00,0.0,NO,STANDBY_VEL_LOW,0,0.00,4590.00,73.76,FALSE,M5_TREND_NEUTRAL|M1_DIRECTION_MISMATCH
2026-09-07 17:11:36.103,1788801096.104,501,42,145,4412.78,4412.86,8.0,PASS_<=10c,+1.0,UP,-4.0,-102.0,4.3,+0.23,0.05,SLOW,4413.80,4414.70,4412.57,4413.13,0.00,0.00,0.0,NEUTRAL,213.0,4412.82,4412.82,4412.72,4412.78,36,CLEARED_>=20s,10.0,4.0,0.0,6.0,0.0,60.0,60.0,BLOCKED_60.0%,0.00,0.0,NO,STANDBY_VEL_LOW,0,0.00,4590.00,73.76,FALSE,M5_TREND_NEUTRAL|M1_DIRECTION_MISMATCH
2026-09-07 17:11:36.603,1788801096.604,502,43,146,4412.78,4412.86,8.0,PASS_<=10c,+0.0,FLAT,-4.0,-102.0,4.3,+0.21,0.05,SLOW,4413.80,4414.70,4412.57,4413.13,0.00,0.00,0.0,NEUTRAL,213.0,4412.82,4412.82,4412.72,4412.78,36,CLEARED_>=20s,10.0,4.0,0.0,6.0,0.0,60.0,60.0,BLOCKED_60.0%,0.00,0.0,NO,STANDBY_VEL_LOW,0,0.00,4590.00,73.76,FALSE,M5_TREND_NEUTRAL|M1_DIRECTION_MISMATCH
2026-09-07 17:11:37.105,1788801097.106,503,44,147,4412.79,4412.87,8.0,PASS_<=10c,+1.0,UP,-3.0,-101.0,4.2,+1.05,0.25,SLOW,4413.80,4414.70,4412.57,4413.13,0.00,0.00,0.0,NEUTRAL,213.0,4412.82,4412.82,4412.72,4412.79,37,CLEARED_>=20s,10.0,3.0,0.0,7.0,0.0,70.0,70.0,BLOCKED_70.0%,0.00,0.0,NO,STANDBY_VEL_LOW,0,0.00,4590.00,73.76,FALSE,M5_TREND_NEUTRAL|M1_DIRECTION_MISMATCH
2026-09-07 17:11:37.607,1788801097.608,504,45,148,4412.79,4412.87,8.0,PASS_<=10c,+0.0,FLAT,-3.0,-101.0,4.2,+1.05,0.25,SLOW,4413.80,4414.70,4412.57,4413.13,0.00,0.00,0.0,NEUTRAL,213.0,4412.82,4412.82,4412.72,4412.79,37,CLEARED_>=20s,10.0,3.0,0.0,7.0,0.0,70.0,70.0,BLOCKED_70.0%,0.00,0.0,NO,STANDBY_VEL_LOW,0,0.00,4590.00,73.76,FALSE,M5_TREND_NEUTRAL|M1_DIRECTION_MISMATCH
2026-09-07 17:11:38.107,1788801098.108,505,46,149,4412.79,4412.87,8.0,PASS_<=10c,+0.0,FLAT,-3.0,-101.0,4.2,+1.47,0.35,SLOW,4413.80,4414.70,4412.57,4413.13,0.00,0.00,0.0,NEUTRAL,213.0,4412.82,4412.82,4412.72,4412.79,38,CLEARED_>=20s,10.0,3.0,0.0,7.0,0.0,70.0,70.0,BLOCKED_70.0%,0.00,0.0,NO,STANDBY_VEL_LOW,0,0.00,4590.00,73.76,FALSE,M5_TREND_NEUTRAL|M1_DIRECTION_MISMATCH
2026-09-07 17:11:38.609,1788801098.609,506,47,150,4412.79,4412.87,8.0,PASS_<=10c,+0.0,FLAT,-3.0,-101.0,4.2,+1.05,0.25,SLOW,4413.80,4414.70,4412.57,4413.13,0.00,0.00,0.0,NEUTRAL,213.0,4412.82,4412.82,4412.72,4412.79,38,CLEARED_>=20s,10.0,3.0,0.0,7.0,0.0,70.0,70.0,BLOCKED_70.0%,0.00,0.0,NO,STANDBY_VEL_LOW,0,0.00,4590.00,73.76,FALSE,M5_TREND_NEUTRAL|M1_DIRECTION_MISMATCH
2026-09-07 17:11:39.111,1788801099.112,507,48,151,4412.79,4412.87,8.0,PASS_<=10c,+0.0,FLAT,-3.0,-101.0,4.2,+1.47,0.35,SLOW,4413.80,4414.70,4412.57,4413.13,0.00,0.00,0.0,NEUTRAL,213.0,4412.82,4412.82,4412.72,4412.79,39,CLEARED_>=20s,10.0,3.0,0.0,7.0,0.0,70.0,70.0,BLOCKED_70.0%,0.00,0.0,NO,STANDBY_VEL_LOW,0,0.00,4590.00,73.76,FALSE,M5_TREND_NEUTRAL|M1_DIRECTION_MISMATCH
2026-09-07 17:11:39.613,1788801099.614,508,49,152,4412.79,4412.87,8.0,PASS_<=10c,+0.0,FLAT,-3.0,-101.0,4.2,+0.42,0.10,SLOW,4413.80,4414.70,4412.57,4413.13,0.00,0.00,0.0,NEUTRAL,213.0,4412.82,4412.82,4412.72,4412.79,39,CLEARED_>=20s,10.0,3.0,0.0,7.0,0.0,70.0,70.0,BLOCKED_70.0%,0.00,0.0,NO,STANDBY_VEL_LOW,0,0.00,4590.00,73.76,FALSE,M5_TREND_NEUTRAL|M1_DIRECTION_MISMATCH
2026-09-07 17:11:40.115,1788801100.116,509,50,153,4412.79,4412.87,8.0,PASS_<=10c,+0.0,FLAT,-3.0,-101.0,4.2,+0.42,0.10,SLOW,4413.80,4414.70,4412.57,4413.13,0.00,0.00,0.0,NEUTRAL,213.0,4412.82,4412.82,4412.72,4412.79,40,CLEARED_>=20s,10.0,3.0,0.0,7.0,0.0,70.0,70.0,BLOCKED_70.0%,0.00,0.0,NO,STANDBY_VEL_LOW,0,0.00,4590.00,73.76,FALSE,M5_TREND_NEUTRAL|M1_DIRECTION_MISMATCH
2026-09-07 17:11:40.617,1788801100.618,510,51,154,4412.79,4412.87,8.0,PASS_<=10c,+0.0,FLAT,-3.0,-101.0,4.2,+0.42,0.10,SLOW,4413.80,4414.70,4412.57,4413.13,0.00,0.00,0.0,NEUTRAL,213.0,4412.82,4412.82,4412.72,4412.79,40,CLEARED_>=20s,10.0,3.0,0.0,7.0,0.0,70.0,70.0,BLOCKED_70.0%,0.00,0.0,NO,STANDBY_VEL_LOW,0,0.00,4590.00,73.76,FALSE,M5_TREND_NEUTRAL|M1_DIRECTION_MISMATCH
2026-09-07 17:11:41.119,1788801101.120,511,52,155,4412.79,4412.87,8.0,PASS_<=10c,+0.0,FLAT,-3.0,-101.0,4.2,+0.21,0.05,SLOW,4413.80,4414.70,4412.57,4413.13,0.00,0.00,0.0,NEUTRAL,213.0,4412.82,4412.82,4412.72,4412.79,41,CLEARED_>=20s,10.0,3.0,0.0,7.0,0.0,70.0,70.0,BLOCKED_70.0%,0.00,0.0,NO,STANDBY_VEL_LOW,0,0.00,4590.00,73.76,FALSE,M5_TREND_NEUTRAL|M1_DIRECTION_MISMATCH
2026-09-07 17:11:41.621,1788801101.622,512,53,156,4412.79,4412.87,8.0,PASS_<=10c,+0.0,FLAT,-3.0,-101.0,4.2,+0.21,0.05,SLOW,4413.80,4414.70,4412.57,4413.13,0.00,0.00,0.0,NEUTRAL,213.0,4412.82,4412.82,4412.72,4412.79,41,CLEARED_>=20s,10.0,3.0,0.0,7.0,0.0,70.0,70.0,BLOCKED_70.0%,0.00,0.0,NO,STANDBY_VEL_LOW,0,0.00,4590.00,73.76,FALSE,M5_TREND_NEUTRAL|M1_DIRECTION_MISMATCH
2026-09-07 17:11:42.123,1788801102.124,513,54,157,4412.79,4412.87,8.0,PASS_<=10c,+0.0,FLAT,-3.0,-101.0,4.2,+0.00,0.00,SLOW,4413.80,4414.70,4412.57,4413.13,0.00,0.00,0.0,NEUTRAL,213.0,4412.82,4412.82,4412.72,4412.79,42,CLEARED_>=20s,10.0,3.0,0.0,7.0,0.0,70.0,70.0,BLOCKED_70.0%,0.00,0.0,NO,STANDBY_VEL_LOW,0,0.00,4590.00,73.76,FALSE,M5_TREND_NEUTRAL|M1_DIRECTION_MISMATCH
2026-09-07 17:11:42.624,1788801102.624,514,55,158,4412.79,4412.87,8.0,PASS_<=10c,+0.0,FLAT,-3.0,-101.0,4.2,+0.00,0.00,SLOW,4413.80,4414.70,4412.57,4413.13,0.00,0.00,0.0,NEUTRAL,213.0,4412.82,4412.82,4412.72,4412.79,42,CLEARED_>=20s,10.0,3.0,0.0,7.0,0.0,70.0,70.0,BLOCKED_70.0%,0.00,0.0,NO,STANDBY_VEL_LOW,0,0.00,4590.00,73.76,FALSE,M5_TREND_NEUTRAL|M1_DIRECTION_MISMATCH
2026-09-07 17:11:43.126,1788801103.126,515,56,159,4412.79,4412.87,8.0,PASS_<=10c,+0.0,FLAT,-3.0,-101.0,4.2,+0.00,0.00,SLOW,4413.80,4414.70,4412.57,4413.13,0.00,0.00,0.0,NEUTRAL,213.0,4412.82,4412.82,4412.72,4412.79,43,CLEARED_>=20s,10.0,3.0,0.0,7.0,0.0,70.0,70.0,BLOCKED_70.0%,0.00,0.0,NO,STANDBY_VEL_LOW,0,0.00,4590.00,73.76,FALSE,M5_TREND_NEUTRAL|M1_DIRECTION_MISMATCH
2026-09-07 17:11:43.634,1788801103.634,516,57,160,4412.79,4412.87,8.0,PASS_<=10c,+0.0,FLAT,-3.0,-101.0,4.2,+0.00,0.00,SLOW,4413.80,4414.70,4412.57,4413.13,0.00,0.00,0.0,NEUTRAL,213.0,4412.82,4412.82,4412.72,4412.79,43,CLEARED_>=20s,10.0,3.0,0.0,7.0,0.0,70.0,70.0,BLOCKED_70.0%,0.00,0.0,NO,STANDBY_VEL_LOW,0,0.00,4590.00,73.76,FALSE,M5_TREND_NEUTRAL|M1_DIRECTION_MISMATCH
2026-09-07 17:11:44.128,1788801104.129,517,58,161,4412.79,4412.87,8.0,PASS_<=10c,+0.0,FLAT,-3.0,-101.0,4.2,+0.00,0.00,SLOW,4413.80,4414.70,4412.57,4413.13,0.00,0.00,0.0,NEUTRAL,213.0,4412.82,4412.82,4412.72,4412.79,44,CLEARED_>=20s,10.0,3.0,0.0,7.0,0.0,70.0,70.0,BLOCKED_70.0%,0.00,0.0,NO,STANDBY_VEL_LOW,0,0.00,4590.00,73.76,FALSE,M5_TREND_NEUTRAL|M1_DIRECTION_MISMATCH
2026-09-07 17:11:44.634,1788801104.635,518,59,162,4412.79,4412.87,8.0,PASS_<=10c,+0.0,FLAT,-3.0,-101.0,4.2,+0.00,0.00,SLOW,4413.80,4414.70,4412.57,4413.13,0.00,0.00,0.0,NEUTRAL,213.0,4412.82,4412.82,4412.72,4412.79,44,CLEARED_>=20s,10.0,3.0,0.0,7.0,0.0,70.0,70.0,BLOCKED_70.0%,0.00,0.0,NO,STANDBY_VEL_LOW,0,0.00,4590.00,73.76,FALSE,M5_TREND_NEUTRAL|M1_DIRECTION_MISMATCH
2026-09-07 17:11:45.136,1788801105.136,519,60,163,4412.79,4412.87,8.0,PASS_<=10c,+0.0,FLAT,-3.0,-101.0,4.2,+0.00,0.00,SLOW,4413.80,4414.70,4412.57,4413.13,0.00,0.00,0.0,NEUTRAL,213.0,4412.82,4412.82,4412.72,4412.79,45,CLEARED_>=20s,10.0,3.0,0.0,7.0,0.0,70.0,70.0,BLOCKED_70.0%,0.00,0.0,NO,STANDBY_VEL_LOW,0,0.00,4590.00,73.76,FALSE,M5_TREND_NEUTRAL|M1_DIRECTION_MISMATCH
2026-09-07 17:11:45.638,1788801105.638,520,61,164,4412.79,4412.87,8.0,PASS_<=10c,+0.0,FLAT,-3.0,-101.0,4.2,+0.00,0.00,SLOW,4413.80,4414.70,4412.57,4413.13,0.00,0.00,0.0,NEUTRAL,213.0,4412.82,4412.82,4412.72,4412.79,45,CLEARED_>=20s,10.0,3.0,0.0,7.0,0.0,70.0,70.0,BLOCKED_70.0%,0.00,0.0,NO,STANDBY_VEL_LOW,0,0.00,4590.00,73.76,FALSE,M5_TREND_NEUTRAL|M1_DIRECTION_MISMATCH
2026-09-07 17:11:46.138,1788801106.138,521,62,165,4412.79,4412.87,8.0,PASS_<=10c,+0.0,FLAT,-3.0,-101.0,4.2,+0.00,0.00,SLOW,4413.80,4414.70,4412.57,4413.13,0.00,0.00,0.0,NEUTRAL,213.0,4412.82,4412.82,4412.72,4412.79,46,CLEARED_>=20s,10.0,3.0,0.0,7.0,0.0,70.0,70.0,BLOCKED_70.0%,0.00,0.0,NO,STANDBY_VEL_LOW,0,0.00,4590.00,73.76,FALSE,M5_TREND_NEUTRAL|M1_DIRECTION_MISMATCH
2026-09-07 17:11:46.639,1788801106.640,522,63,166,4412.79,4412.87,8.0,PASS_<=10c,+0.0,FLAT,-3.0,-101.0,4.2,+0.00,0.00,SLOW,4413.80,4414.70,4412.57,4413.13,0.00,0.00,0.0,NEUTRAL,213.0,4412.82,4412.82,4412.72,4412.79,46,CLEARED_>=20s,10.0,3.0,0.0,7.0,0.0,70.0,70.0,BLOCKED_70.0%,0.00,0.0,NO,STANDBY_VEL_LOW,0,0.00,4590.00,73.76,FALSE,M5_TREND_NEUTRAL|M1_DIRECTION_MISMATCH
2026-09-07 17:11:47.142,1788801107.143,523,64,167,4412.79,4412.87,8.0,PASS_<=10c,+0.0,FLAT,-3.0,-101.0,4.2,+0.00,0.00,SLOW,4413.80,4414.70,4412.57,4413.13,0.00,0.00,0.0,NEUTRAL,213.0,4412.82,4412.82,4412.72,4412.79,47,CLEARED_>=20s,10.0,3.0,0.0,7.0,0.0,70.0,70.0,BLOCKED_70.0%,0.00,0.0,NO,STANDBY_VEL_LOW,0,0.00,4590.00,73.76,FALSE,M5_TREND_NEUTRAL|M1_DIRECTION_MISMATCH
2026-09-07 17:11:47.643,1788801107.643,524,65,168,4412.78,4412.86,8.0,PASS_<=10c,-1.0,DOWN,-4.0,-102.0,4.2,+0.21,0.05,SLOW,4413.80,4414.70,4412.57,4413.13,0.00,0.00,0.0,NEUTRAL,213.0,4412.82,4412.82,4412.72,4412.78,47,CLEARED_>=20s,10.0,4.0,0.0,6.0,0.0,60.0,60.0,BLOCKED_60.0%,0.00,0.0,NO,STANDBY_VEL_LOW,0,0.00,4590.00,73.76,FALSE,M5_TREND_NEUTRAL|M1_DIRECTION_MISMATCH
2026-09-07 17:11:48.145,1788801108.145,525,66,169,4412.79,4412.87,8.0,PASS_<=10c,+1.0,UP,-3.0,-101.0,4.2,+0.00,0.00,SLOW,4413.80,4414.70,4412.57,4413.13,0.00,0.00,0.0,NEUTRAL,213.0,4412.82,4412.82,4412.72,4412.79,48,CLEARED_>=20s,10.0,3.0,0.0,7.0,0.0,70.0,70.0,BLOCKED_70.0%,0.00,0.0,NO,STANDBY_VEL_LOW,0,0.00,4590.00,73.76,FALSE,M5_TREND_NEUTRAL|M1_DIRECTION_MISMATCH
2026-09-07 17:11:48.646,1788801108.647,526,67,170,4412.79,4412.87,8.0,PASS_<=10c,+0.0,FLAT,-3.0,-101.0,4.2,+0.00,0.00,SLOW,4413.80,4414.70,4412.57,4413.13,0.00,0.00,0.0,NEUTRAL,213.0,4412.82,4412.82,4412.72,4412.79,48,CLEARED_>=20s,10.0,3.0,0.0,7.0,0.0,70.0,70.0,BLOCKED_70.0%,0.00,0.0,NO,STANDBY_VEL_LOW,0,0.00,4590.00,73.76,FALSE,M5_TREND_NEUTRAL|M1_DIRECTION_MISMATCH
2026-09-07 17:11:49.148,1788801109.149,527,68,171,4412.79,4412.87,8.0,PASS_<=10c,+0.0,FLAT,-3.0,-101.0,4.2,+0.00,0.00,SLOW,4413.80,4414.70,4412.57,4413.13,0.00,0.00,0.0,NEUTRAL,213.0,4412.82,4412.82,4412.72,4412.79,49,CLEARED_>=20s,10.0,3.0,0.0,7.0,0.0,70.0,70.0,BLOCKED_70.0%,0.00,0.0,NO,STANDBY_VEL_LOW,0,0.00,4590.00,73.76,FALSE,M5_TREND_NEUTRAL|M1_DIRECTION_MISMATCH
2026-09-07 17:11:49.650,1788801109.650,528,69,172,4412.79,4412.87,8.0,PASS_<=10c,+0.0,FLAT,-3.0,-101.0,4.2,+0.00,0.00,SLOW,4413.80,4414.70,4412.57,4413.13,0.00,0.00,0.0,NEUTRAL,213.0,4412.82,4412.82,4412.72,4412.79,49,CLEARED_>=20s,10.0,3.0,0.0,7.0,0.0,70.0,70.0,BLOCKED_70.0%,0.00,0.0,NO,STANDBY_VEL_LOW,0,0.00,4590.00,73.76,FALSE,M5_TREND_NEUTRAL|M1_DIRECTION_MISMATCH
2026-09-07 17:11:50.153,1788801110.153,529,70,173,4412.79,4412.87,8.0,PASS_<=10c,+0.0,FLAT,-3.0,-101.0,4.2,+0.00,0.00,SLOW,4413.80,4414.70,4412.57,4413.13,0.00,0.00,0.0,NEUTRAL,213.0,4412.82,4412.82,4412.72,4412.79,50,CLEARED_>=20s,10.0,3.0,0.0,7.0,0.0,70.0,70.0,BLOCKED_70.0%,0.00,0.0,NO,STANDBY_VEL_LOW,0,0.00,4590.00,73.76,FALSE,M5_TREND_NEUTRAL|M1_DIRECTION_MISMATCH
2026-09-07 17:11:50.654,1788801110.655,530,71,174,4412.79,4412.87,8.0,PASS_<=10c,+0.0,FLAT,-3.0,-101.0,4.2,+0.00,0.00,SLOW,4413.80,4414.70,4412.57,4413.13,0.00,0.00,0.0,NEUTRAL,213.0,4412.82,4412.82,4412.72,4412.79,50,CLEARED_>=20s,10.0,3.0,0.0,7.0,0.0,70.0,70.0,BLOCKED_70.0%,0.00,0.0,NO,STANDBY_VEL_LOW,0,0.00,4590.00,73.76,FALSE,M5_TREND_NEUTRAL|M1_DIRECTION_MISMATCH
2026-09-07 17:11:51.155,1788801111.156,531,72,175,4412.78,4412.86,8.0,PASS_<=10c,-1.0,DOWN,-4.0,-102.0,4.2,+0.21,0.05,SLOW,4413.80,4414.70,4412.57,4413.13,0.00,0.00,0.0,NEUTRAL,213.0,4412.82,4412.82,4412.72,4412.78,51,CLEARED_>=20s,10.0,4.0,0.0,6.0,0.0,60.0,60.0,BLOCKED_60.0%,0.00,0.0,NO,STANDBY_VEL_LOW,0,0.00,4590.00,73.76,FALSE,M5_TREND_NEUTRAL|M1_DIRECTION_MISMATCH
2026-09-07 17:11:51.657,1788801111.657,532,73,176,4412.78,4412.86,8.0,PASS_<=10c,+0.0,FLAT,-4.0,-102.0,4.2,+0.21,0.05,SLOW,4413.80,4414.70,4412.57,4413.13,0.00,0.00,0.0,NEUTRAL,213.0,4412.82,4412.82,4412.72,4412.78,51,CLEARED_>=20s,10.0,4.0,0.0,6.0,0.0,60.0,60.0,BLOCKED_60.0%,0.00,0.0,NO,STANDBY_VEL_LOW,0,0.00,4590.00,73.76,FALSE,M5_TREND_NEUTRAL|M1_DIRECTION_MISMATCH
2026-09-07 17:11:52.159,1788801112.159,533,74,177,4412.79,4412.87,8.0,PASS_<=10c,+1.0,UP,-3.0,-101.0,4.2,+0.00,0.00,SLOW,4413.80,4414.70,4412.57,4413.13,0.00,0.00,0.0,NEUTRAL,213.0,4412.82,4412.82,4412.72,4412.79,52,CLEARED_>=20s,10.0,3.0,0.0,7.0,0.0,70.0,70.0,BLOCKED_70.0%,0.00,0.0,NO,STANDBY_VEL_LOW,0,0.00,4590.00,73.76,FALSE,M5_TREND_NEUTRAL|M1_DIRECTION_MISMATCH
2026-09-07 17:11:52.660,1788801112.661,534,75,178,4412.79,4412.87,8.0,PASS_<=10c,+0.0,FLAT,-3.0,-101.0,4.2,+0.00,0.00,SLOW,4413.80,4414.70,4412.57,4413.13,0.00,0.00,0.0,NEUTRAL,213.0,4412.82,4412.82,4412.72,4412.79,52,CLEARED_>=20s,10.0,3.0,0.0,7.0,0.0,70.0,70.0,BLOCKED_70.0%,0.00,0.0,NO,STANDBY_VEL_LOW,0,0.00,4590.00,73.76,FALSE,M5_TREND_NEUTRAL|M1_DIRECTION_MISMATCH
2026-09-07 17:11:53.161,1788801113.161,535,76,179,4412.79,4412.87,8.0,PASS_<=10c,+0.0,FLAT,-3.0,-101.0,4.2,+0.00,0.00,SLOW,4413.80,4414.70,4412.57,4413.13,0.00,0.00,0.0,NEUTRAL,213.0,4412.82,4412.82,4412.72,4412.79,53,CLEARED_>=20s,10.0,3.0,0.0,7.0,0.0,70.0,70.0,BLOCKED_70.0%,0.00,0.0,NO,STANDBY_VEL_LOW,0,0.00,4590.00,73.76,FALSE,M5_TREND_NEUTRAL|M1_DIRECTION_MISMATCH
2026-09-07 17:11:53.664,1788801113.664,536,77,180,4412.79,4412.87,8.0,PASS_<=10c,+0.0,FLAT,-3.0,-101.0,4.2,+0.00,0.00,SLOW,4413.80,4414.70,4412.57,4413.13,0.00,0.00,0.0,NEUTRAL,213.0,4412.82,4412.82,4412.72,4412.79,53,CLEARED_>=20s,10.0,3.0,0.0,7.0,0.0,70.0,70.0,BLOCKED_70.0%,0.00,0.0,NO,STANDBY_VEL_LOW,0,0.00,4590.00,73.76,FALSE,M5_TREND_NEUTRAL|M1_DIRECTION_MISMATCH
2026-09-07 17:11:54.165,1788801114.166,537,78,181,4412.79,4412.87,8.0,PASS_<=10c,+0.0,FLAT,-3.0,-101.0,4.2,+0.00,0.00,SLOW,4413.80,4414.70,4412.57,4413.13,0.00,0.00,0.0,NEUTRAL,213.0,4412.82,4412.82,4412.72,4412.79,54,CLEARED_>=20s,10.0,3.0,0.0,7.0,0.0,70.0,70.0,BLOCKED_70.0%,0.00,0.0,NO,STANDBY_VEL_LOW,0,0.00,4590.00,73.76,FALSE,M5_TREND_NEUTRAL|M1_DIRECTION_MISMATCH
2026-09-07 17:11:54.666,1788801114.667,538,79,182,4412.79,4412.87,8.0,PASS_<=10c,+0.0,FLAT,-3.0,-101.0,4.2,+0.00,0.00,SLOW,4413.80,4414.70,4412.57,4413.13,0.00,0.00,0.0,NEUTRAL,213.0,4412.82,4412.82,4412.72,4412.79,54,CLEARED_>=20s,10.0,3.0,0.0,7.0,0.0,70.0,70.0,BLOCKED_70.0%,0.00,0.0,NO,STANDBY_VEL_LOW,0,0.00,4590.00,73.76,FALSE,M5_TREND_NEUTRAL|M1_DIRECTION_MISMATCH
2026-09-07 17:11:55.168,1788801115.169,539,80,183,4412.79,4412.87,8.0,PASS_<=10c,+0.0,FLAT,-3.0,-101.0,4.2,+0.00,0.00,SLOW,4413.80,4414.70,4412.57,4413.13,0.00,0.00,0.0,NEUTRAL,213.0,4412.82,4412.82,4412.72,4412.79,55,CLEARED_>=20s,10.0,3.0,0.0,7.0,0.0,70.0,70.0,BLOCKED_70.0%,0.00,0.0,NO,STANDBY_VEL_LOW,0,0.00,4590.00,73.76,FALSE,M5_TREND_NEUTRAL|M1_DIRECTION_MISMATCH
2026-09-07 17:11:55.670,1788801115.670,540,81,184,4412.79,4412.87,8.0,PASS_<=10c,+0.0,FLAT,-3.0,-101.0,4.2,+0.21,0.05,SLOW,4413.80,4414.70,4412.57,4413.13,0.00,0.00,0.0,NEUTRAL,213.0,4412.82,4412.82,4412.72,4412.79,55,CLEARED_>=20s,10.0,3.0,0.0,7.0,0.0,70.0,70.0,BLOCKED_70.0%,0.00,0.0,NO,STANDBY_VEL_LOW,0,0.00,4590.00,73.76,FALSE,M5_TREND_NEUTRAL|M1_DIRECTION_MISMATCH
2026-09-07 17:11:56.171,1788801116.171,541,82,185,4412.79,4412.87,8.0,PASS_<=10c,+0.0,FLAT,-3.0,-101.0,4.2,+0.21,0.05,SLOW,4413.80,4414.70,4412.57,4413.13,0.00,0.00,0.0,NEUTRAL,213.0,4412.82,4412.82,4412.72,4412.79,56,CLEARED_>=20s,10.0,3.0,0.0,7.0,0.0,70.0,70.0,BLOCKED_70.0%,0.00,0.0,NO,STANDBY_VEL_LOW,0,0.00,4590.00,73.76,FALSE,M5_TREND_NEUTRAL|M1_DIRECTION_MISMATCH
2026-09-07 17:11:56.673,1788801116.674,542,83,186,4412.79,4412.87,8.0,PASS_<=10c,+0.0,FLAT,-3.0,-101.0,4.2,+0.21,0.05,SLOW,4413.80,4414.70,4412.57,4413.13,0.00,0.00,0.0,NEUTRAL,213.0,4412.82,4412.82,4412.72,4412.79,56,CLEARED_>=20s,10.0,3.0,0.0,7.0,0.0,70.0,70.0,BLOCKED_70.0%,0.00,0.0,NO,STANDBY_VEL_LOW,0,0.00,4590.00,73.76,FALSE,M5_TREND_NEUTRAL|M1_DIRECTION_MISMATCH
2026-09-07 17:11:57.174,1788801117.175,543,84,187,4412.79,4412.87,8.0,PASS_<=10c,+0.0,FLAT,-3.0,-101.0,4.2,+0.00,0.00,SLOW,4413.80,4414.70,4412.57,4413.13,0.00,0.00,0.0,NEUTRAL,213.0,4412.82,4412.82,4412.72,4412.79,57,CLEARED_>=20s,10.0,3.0,0.0,7.0,0.0,70.0,70.0,BLOCKED_70.0%,0.00,0.0,NO,STANDBY_VEL_LOW,0,0.00,4590.00,73.76,FALSE,M5_TREND_NEUTRAL|M1_DIRECTION_MISMATCH
2026-09-07 17:11:57.676,1788801117.677,544,85,188,4412.79,4412.87,8.0,PASS_<=10c,+0.0,FLAT,-3.0,-101.0,4.2,+0.00,0.00,SLOW,4413.80,4414.70,4412.57,4413.13,0.00,0.00,0.0,NEUTRAL,213.0,4412.82,4412.82,4412.72,4412.79,57,CLEARED_>=20s,10.0,3.0,0.0,7.0,0.0,70.0,70.0,BLOCKED_70.0%,0.00,0.0,NO,STANDBY_VEL_LOW,0,0.00,4590.00,73.76,FALSE,M5_TREND_NEUTRAL|M1_DIRECTION_MISMATCH
2026-09-07 17:11:58.178,1788801118.178,545,86,189,4412.79,4412.87,8.0,PASS_<=10c,+0.0,FLAT,-3.0,-101.0,4.2,+0.00,0.00,SLOW,4413.80,4414.70,4412.57,4413.13,0.00,0.00,0.0,NEUTRAL,213.0,4412.82,4412.82,4412.72,4412.79,58,CLEARED_>=20s,10.0,3.0,0.0,7.0,0.0,70.0,70.0,BLOCKED_70.0%,0.00,0.0,NO,STANDBY_VEL_LOW,0,0.00,4590.00,73.76,FALSE,M5_TREND_NEUTRAL|M1_DIRECTION_MISMATCH
2026-09-07 17:11:58.679,1788801118.680,546,87,190,4412.78,4412.86,8.0,PASS_<=10c,-1.0,DOWN,-4.0,-102.0,4.2,+0.21,0.05,SLOW,4413.80,4414.70,4412.57,4413.13,0.00,0.00,0.0,NEUTRAL,213.0,4412.82,4412.82,4412.72,4412.78,58,CLEARED_>=20s,10.0,4.0,0.0,6.0,0.0,60.0,60.0,BLOCKED_60.0%,0.00,0.0,NO,STANDBY_VEL_LOW,0,0.00,4590.00,73.76,FALSE,M5_TREND_NEUTRAL|M1_DIRECTION_MISMATCH
2026-09-07 17:11:59.181,1788801119.181,547,88,191,4412.79,4412.87,8.0,PASS_<=10c,+1.0,UP,-3.0,-101.0,4.2,+0.00,0.00,SLOW,4413.80,4414.70,4412.57,4413.13,0.00,0.00,0.0,NEUTRAL,213.0,4412.82,4412.82,4412.72,4412.79,59,CLEARED_>=20s,10.0,3.0,0.0,7.0,0.0,70.0,70.0,BLOCKED_70.0%,0.00,0.0,NO,STANDBY_VEL_LOW,0,0.00,4590.00,73.76,FALSE,M5_TREND_NEUTRAL|M1_DIRECTION_MISMATCH
2026-09-07 17:11:59.683,1788801119.684,548,89,192,4412.79,4412.87,8.0,PASS_<=10c,+0.0,FLAT,-3.0,-101.0,4.2,+0.00,0.00,SLOW,4413.80,4414.70,4412.57,4413.13,0.00,0.00,0.0,NEUTRAL,213.0,4412.82,4412.82,4412.72,4412.79,59,CLEARED_>=20s,10.0,3.0,0.0,7.0,0.0,70.0,70.0,BLOCKED_70.0%,0.00,0.0,NO,STANDBY_VEL_LOW,0,0.00,4590.00,73.76,FALSE,M5_TREND_NEUTRAL|M1_DIRECTION_MISMATCH
2026-09-07 17:12:00.185,1788801120.185,549,1,193,4412.79,4412.87,8.0,PASS_<=10c,+0.0,FLAT,+0.0,-101.0,4.2,+0.00,0.00,SLOW,4413.80,4414.70,4412.57,4413.13,0.00,0.00,0.0,NEUTRAL,213.0,4412.79,4412.79,4412.79,4412.79,0,ACTIVE_0s,1.0,0.0,0.0,0.0,0.0,0.0,0.0,PASS_<20%,0.00,0.0,NO,STANDBY_VEL_LOW,0,0.00,4590.00,73.76,FALSE,M5_TREND_NEUTRAL|M1_DIRECTION_MISMATCH|OPENING_SHIELD_ACTIVE_0s
2026-09-07 17:12:00.686,1788801120.687,550,2,194,4412.79,4412.87,8.0,PASS_<=10c,+0.0,FLAT,+0.0,-101.0,4.2,+0.00,0.00,SLOW,4413.80,4414.70,4412.57,4413.13,0.00,0.00,0.0,NEUTRAL,213.0,4412.79,4412.79,4412.79,4412.79,0,ACTIVE_0s,1.0,0.0,0.0,0.0,0.0,0.0,0.0,PASS_<20%,0.00,0.0,NO,STANDBY_VEL_LOW,0,0.00,4590.00,73.76,FALSE,M5_TREND_NEUTRAL|M1_DIRECTION_MISMATCH|OPENING_SHIELD_ACTIVE_0s
2026-09-07 17:12:01.189,1788801121.189,551,3,195,4412.79,4412.87,8.0,PASS_<=10c,+0.0,FLAT,+0.0,-101.0,4.2,+0.00,0.00,SLOW,4413.80,4414.70,4412.57,4413.13,0.00,0.00,0.0,NEUTRAL,213.0,4412.79,4412.79,4412.79,4412.79,1,ACTIVE_1s,1.0,0.0,0.0,0.0,0.0,0.0,0.0,PASS_<20%,0.00,0.0,NO,STANDBY_VEL_LOW,0,0.00,4590.00,73.76,FALSE,M5_TREND_NEUTRAL|M1_DIRECTION_MISMATCH|OPENING_SHIELD_ACTIVE_1s
2026-09-07 17:12:01.690,1788801121.691,552,4,196,4412.79,4412.87,8.0,PASS_<=10c,+0.0,FLAT,+0.0,-101.0,4.2,+0.00,0.00,SLOW,4413.80,4414.70,4412.57,4413.13,0.00,0.00,0.0,NEUTRAL,213.0,4412.79,4412.79,4412.79,4412.79,1,ACTIVE_1s,1.0,0.0,0.0,0.0,0.0,0.0,0.0,PASS_<20%,0.00,0.0,NO,STANDBY_VEL_LOW,0,0.00,4590.00,73.76,FALSE,M5_TREND_NEUTRAL|M1_DIRECTION_MISMATCH|OPENING_SHIELD_ACTIVE_1s
2026-09-07 17:12:02.191,1788801122.192,553,5,197,4412.79,4412.87,8.0,PASS_<=10c,+0.0,FLAT,+0.0,-101.0,4.2,+0.00,0.00,SLOW,4413.80,4414.70,4412.57,4413.13,0.00,0.00,0.0,NEUTRAL,213.0,4412.79,4412.79,4412.79,4412.79,2,ACTIVE_2s,1.0,0.0,0.0,0.0,0.0,0.0,0.0,PASS_<20%,0.00,0.0,NO,STANDBY_VEL_LOW,0,0.00,4590.00,73.76,FALSE,M5_TREND_NEUTRAL|M1_DIRECTION_MISMATCH|OPENING_SHIELD_ACTIVE_2s
2026-09-07 17:12:02.692,1788801122.693,554,6,198,4412.79,4412.87,8.0,PASS_<=10c,+0.0,FLAT,+0.0,-101.0,4.2,+0.00,0.00,SLOW,4413.80,4414.70,4412.57,4413.13,0.00,0.00,0.0,NEUTRAL,213.0,4412.79,4412.79,4412.79,4412.79,2,ACTIVE_2s,1.0,0.0,0.0,0.0,0.0,0.0,0.0,PASS_<20%,0.00,0.0,NO,STANDBY_VEL_LOW,0,0.00,4590.00,73.76,FALSE,M5_TREND_NEUTRAL|M1_DIRECTION_MISMATCH|OPENING_SHIELD_ACTIVE_2s
2026-09-07 17:12:03.193,1788801123.194,555,7,199,4412.79,4412.87,8.0,PASS_<=10c,+0.0,FLAT,+0.0,-101.0,4.2,+0.00,0.00,SLOW,4413.80,4414.70,4412.57,4413.13,0.00,0.00,0.0,NEUTRAL,213.0,4412.79,4412.79,4412.79,4412.79,3,ACTIVE_3s,1.0,0.0,0.0,0.0,0.0,0.0,0.0,PASS_<20%,0.00,0.0,NO,STANDBY_VEL_LOW,0,0.00,4590.00,73.76,FALSE,M5_TREND_NEUTRAL|M1_DIRECTION_MISMATCH|OPENING_SHIELD_ACTIVE_3s
2026-09-07 17:12:03.696,1788801123.696,556,8,200,4412.79,4412.87,8.0,PASS_<=10c,+0.0,FLAT,+0.0,-101.0,4.2,+0.21,0.05,SLOW,4413.80,4414.70,4412.57,4413.13,0.00,0.00,0.0,NEUTRAL,213.0,4412.79,4412.79,4412.79,4412.79,3,ACTIVE_3s,1.0,0.0,0.0,0.0,0.0,0.0,0.0,PASS_<20%,0.00,0.0,NO,STANDBY_VEL_LOW,0,0.00,4590.00,73.76,FALSE,M5_TREND_NEUTRAL|M1_DIRECTION_MISMATCH|OPENING_SHIELD_ACTIVE_3s
2026-09-07 17:12:04.196,1788801124.197,557,9,201,4412.79,4412.87,8.0,PASS_<=10c,+0.0,FLAT,+0.0,-101.0,4.2,+0.00,0.00,SLOW,4413.80,4414.70,4412.57,4413.13,0.00,0.00,0.0,NEUTRAL,213.0,4412.79,4412.79,4412.79,4412.79,4,ACTIVE_4s,1.0,0.0,0.0,0.0,0.0,0.0,0.0,PASS_<20%,0.00,0.0,NO,STANDBY_VEL_LOW,0,0.00,4590.00,73.76,FALSE,M5_TREND_NEUTRAL|M1_DIRECTION_MISMATCH|OPENING_SHIELD_ACTIVE_4s
2026-09-07 17:12:04.698,1788801124.698,558,10,202,4412.79,4412.87,8.0,PASS_<=10c,+0.0,FLAT,+0.0,-101.0,4.2,+0.00,0.00,SLOW,4413.80,4414.70,4412.57,4413.13,0.00,0.00,0.0,NEUTRAL,213.0,4412.79,4412.79,4412.79,4412.79,4,ACTIVE_4s,1.0,0.0,0.0,0.0,0.0,0.0,0.0,PASS_<20%,0.00,0.0,NO,STANDBY_VEL_LOW,0,0.00,4590.00,73.76,FALSE,M5_TREND_NEUTRAL|M1_DIRECTION_MISMATCH|OPENING_SHIELD_ACTIVE_4s
2026-09-07 17:12:05.199,1788801125.199,559,11,203,4412.79,4412.87,8.0,PASS_<=10c,+0.0,FLAT,+0.0,-101.0,4.2,+0.00,0.00,SLOW,4413.80,4414.70,4412.57,4413.13,0.00,0.00,0.0,NEUTRAL,213.0,4412.79,4412.79,4412.79,4412.79,5,ACTIVE_5s,1.0,0.0,0.0,0.0,0.0,0.0,0.0,PASS_<20%,0.00,0.0,NO,STANDBY_VEL_LOW,0,0.00,4590.00,73.76,FALSE,M5_TREND_NEUTRAL|M1_DIRECTION_MISMATCH|OPENING_SHIELD_ACTIVE_5s
2026-09-07 17:12:05.700,1788801125.701,560,12,204,4412.79,4412.87,8.0,PASS_<=10c,+0.0,FLAT,+0.0,-101.0,4.2,+0.00,0.00,SLOW,4413.80,4414.70,4412.57,4413.13,0.00,0.00,0.0,NEUTRAL,213.0,4412.79,4412.79,4412.79,4412.79,5,ACTIVE_5s,1.0,0.0,0.0,0.0,0.0,0.0,0.0,PASS_<20%,0.00,0.0,NO,STANDBY_VEL_LOW,0,0.00,4590.00,73.76,FALSE,M5_TREND_NEUTRAL|M1_DIRECTION_MISMATCH|OPENING_SHIELD_ACTIVE_5s
2026-09-07 17:12:06.202,1788801126.202,561,13,205,4412.79,4412.87,8.0,PASS_<=10c,+0.0,FLAT,+0.0,-101.0,4.2,+0.00,0.00,SLOW,4413.80,4414.70,4412.57,4413.13,0.00,0.00,0.0,NEUTRAL,213.0,4412.79,4412.79,4412.79,4412.79,6,ACTIVE_6s,1.0,0.0,0.0,0.0,0.0,0.0,0.0,PASS_<20%,0.00,0.0,NO,STANDBY_VEL_LOW,0,0.00,4590.00,73.76,FALSE,M5_TREND_NEUTRAL|M1_DIRECTION_MISMATCH|OPENING_SHIELD_ACTIVE_6s
2026-09-07 17:12:06.703,1788801126.703,562,14,206,4412.79,4412.87,8.0,PASS_<=10c,+0.0,FLAT,+0.0,-101.0,4.2,+0.00,0.00,SLOW,4413.80,4414.70,4412.57,4413.13,0.00,0.00,0.0,NEUTRAL,213.0,4412.79,4412.79,4412.79,4412.79,6,ACTIVE_6s,1.0,0.0,0.0,0.0,0.0,0.0,0.0,PASS_<20%,0.00,0.0,NO,STANDBY_VEL_LOW,0,0.00,4590.00,73.76,FALSE,M5_TREND_NEUTRAL|M1_DIRECTION_MISMATCH|OPENING_SHIELD_ACTIVE_6s
2026-09-07 17:12:07.204,1788801127.205,563,15,207,4412.79,4412.87,8.0,PASS_<=10c,+0.0,FLAT,+0.0,-101.0,4.2,+0.00,0.00,SLOW,4413.80,4414.70,4412.57,4413.13,0.00,0.00,0.0,NEUTRAL,213.0,4412.79,4412.79,4412.79,4412.79,7,ACTIVE_7s,1.0,0.0,0.0,0.0,0.0,0.0,0.0,PASS_<20%,0.00,0.0,NO,STANDBY_VEL_LOW,0,0.00,4590.00,73.76,FALSE,M5_TREND_NEUTRAL|M1_DIRECTION_MISMATCH|OPENING_SHIELD_ACTIVE_7s
2026-09-07 17:12:07.706,1788801127.706,564,16,208,4412.79,4412.87,8.0,PASS_<=10c,+0.0,FLAT,+0.0,-101.0,4.2,+0.00,0.00,SLOW,4413.80,4414.70,4412.57,4413.13,0.00,0.00,0.0,NEUTRAL,213.0,4412.79,4412.79,4412.79,4412.79,7,ACTIVE_7s,1.0,0.0,0.0,0.0,0.0,0.0,0.0,PASS_<20%,0.00,0.0,NO,STANDBY_VEL_LOW,0,0.00,4590.00,73.76,FALSE,M5_TREND_NEUTRAL|M1_DIRECTION_MISMATCH|OPENING_SHIELD_ACTIVE_7s
2026-09-07 17:12:08.207,1788801128.207,565,17,209,4412.79,4412.87,8.0,PASS_<=10c,+0.0,FLAT,+0.0,-101.0,4.2,+0.00,0.00,SLOW,4413.80,4414.70,4412.57,4413.13,0.00,0.00,0.0,NEUTRAL,213.0,4412.79,4412.79,4412.79,4412.79,8,ACTIVE_8s,1.0,0.0,0.0,0.0,0.0,0.0,0.0,PASS_<20%,0.00,0.0,NO,STANDBY_VEL_LOW,0,0.00,4590.00,73.76,FALSE,M5_TREND_NEUTRAL|M1_DIRECTION_MISMATCH|OPENING_SHIELD_ACTIVE_8s
2026-09-07 17:12:08.708,1788801128.709,566,18,210,4412.78,4412.86,8.0,PASS_<=10c,-1.0,DOWN,-1.0,-102.0,4.2,+0.21,0.05,SLOW,4413.80,4414.70,4412.57,4413.13,0.00,0.00,0.0,NEUTRAL,213.0,4412.79,4412.79,4412.78,4412.78,8,ACTIVE_8s,1.0,1.0,0.0,0.0,0.0,0.0,0.0,PASS_<20%,0.00,0.0,NO,STANDBY_VEL_LOW,0,0.00,4590.00,73.76,FALSE,M5_TREND_NEUTRAL|M1_DIRECTION_MISMATCH|OPENING_SHIELD_ACTIVE_8s
2026-09-07 17:12:09.210,1788801129.210,567,19,211,4412.86,4412.94,8.0,PASS_<=10c,+8.0,UP,+7.0,-94.0,4.2,+1.47,0.35,SLOW,4413.80,4414.70,4412.57,4413.13,0.00,0.00,0.0,NEUTRAL,213.0,4412.79,4412.86,4412.78,4412.86,9,ACTIVE_9s,8.0,7.0,0.0,1.0,0.0,12.5,12.5,PASS_<20%,0.00,0.0,NO,STANDBY_VEL_LOW,0,0.00,4590.00,73.76,FALSE,M5_TREND_NEUTRAL|M1_DIRECTION_MISMATCH|OPENING_SHIELD_ACTIVE_9s
2026-09-07 17:12:09.712,1788801129.712,568,20,212,4412.90,4412.98,8.0,PASS_<=10c,+4.0,UP,+11.0,-90.0,4.2,+2.31,0.55,SLOW,4413.80,4414.70,4412.57,4413.13,0.00,0.00,0.0,NEUTRAL,213.0,4412.79,4412.90,4412.78,4412.90,9,ACTIVE_9s,12.0,11.0,0.0,1.0,0.0,8.3,8.3,PASS_<20%,0.00,0.0,NO,STANDBY_VEL_LOW,0,0.00,4590.00,73.76,FALSE,M5_TREND_NEUTRAL|M1_DIRECTION_MISMATCH|OPENING_SHIELD_ACTIVE_9s
2026-09-07 17:12:10.214,1788801130.215,569,21,213,4412.90,4412.98,8.0,PASS_<=10c,+0.0,FLAT,+11.0,-90.0,4.2,+2.31,0.55,SLOW,4413.80,4414.70,4412.57,4413.13,0.00,0.00,0.0,NEUTRAL,213.0,4412.79,4412.90,4412.78,4412.90,10,ACTIVE_10s,12.0,11.0,0.0,1.0,0.0,8.3,8.3,PASS_<20%,0.00,0.0,NO,STANDBY_VEL_LOW,0,0.00,4590.00,73.76,FALSE,M5_TREND_NEUTRAL|M1_DIRECTION_MISMATCH|OPENING_SHIELD_ACTIVE_10s
2026-09-07 17:12:10.715,1788801130.715,570,22,214,4412.91,4412.99,8.0,PASS_<=10c,+1.0,UP,+12.0,-89.0,4.2,+2.52,0.60,SLOW,4413.80,4414.70,4412.57,4413.13,0.00,0.00,0.0,NEUTRAL,213.0,4412.79,4412.91,4412.78,4412.91,10,ACTIVE_10s,13.0,12.0,0.0,1.0,0.0,7.7,7.7,PASS_<20%,0.00,0.0,NO,STANDBY_VEL_LOW,0,0.00,4590.00,73.76,FALSE,M5_TREND_NEUTRAL|M1_DIRECTION_MISMATCH|OPENING_SHIELD_ACTIVE_10s
2026-09-07 17:12:11.217,1788801131.218,571,23,215,4412.91,4412.99,8.0,PASS_<=10c,+0.0,FLAT,+12.0,-89.0,4.2,+2.52,0.60,SLOW,4413.80,4414.70,4412.57,4413.13,0.00,0.00,0.0,NEUTRAL,213.0,4412.79,4412.91,4412.78,4412.91,11,ACTIVE_11s,13.0,12.0,0.0,1.0,0.0,7.7,7.7,PASS_<20%,0.00,0.0,NO,STANDBY_VEL_LOW,0,0.00,4590.00,73.76,FALSE,M5_TREND_NEUTRAL|M1_DIRECTION_MISMATCH|OPENING_SHIELD_ACTIVE_11s
2026-09-07 17:12:11.719,1788801131.719,572,24,216,4412.92,4413.00,8.0,PASS_<=10c,+1.0,UP,+13.0,-88.0,4.2,+2.73,0.65,SLOW,4413.80,4414.70,4412.57,4413.13,0.00,0.00,0.0,NEUTRAL,213.0,4412.79,4412.92,4412.78,4412.92,11,ACTIVE_11s,14.0,13.0,0.0,1.0,0.0,7.1,7.1,PASS_<20%,0.00,0.0,NO,STANDBY_VEL_LOW,0,0.00,4590.00,73.76,FALSE,M5_TREND_NEUTRAL|M1_DIRECTION_MISMATCH|OPENING_SHIELD_ACTIVE_11s
2026-09-07 17:12:12.221,1788801132.221,573,25,217,4412.92,4413.00,8.0,PASS_<=10c,+0.0,FLAT,+13.0,-88.0,4.2,+2.73,0.65,SLOW,4413.80,4414.70,4412.57,4413.13,0.00,0.00,0.0,NEUTRAL,213.0,4412.79,4412.92,4412.78,4412.92,12,ACTIVE_12s,14.0,13.0,0.0,1.0,0.0,7.1,7.1,PASS_<20%,0.00,0.0,NO,STANDBY_VEL_LOW,0,0.00,4590.00,73.76,FALSE,M5_TREND_NEUTRAL|M1_DIRECTION_MISMATCH|OPENING_SHIELD_ACTIVE_12s
2026-09-07 17:12:12.722,1788801132.722,574,26,218,4412.91,4412.99,8.0,PASS_<=10c,-1.0,DOWN,+12.0,-89.0,4.2,+2.52,0.60,SLOW,4413.80,4414.70,4412.57,4413.13,0.00,0.00,0.0,NEUTRAL,213.0,4412.79,4412.92,4412.78,4412.91,12,ACTIVE_12s,14.0,12.0,1.0,1.0,7.1,7.1,7.1,PASS_<20%,0.00,0.0,NO,STANDBY_VEL_LOW,0,0.00,4590.00,73.76,FALSE,M5_TREND_NEUTRAL|M1_DIRECTION_MISMATCH|OPENING_SHIELD_ACTIVE_12s
2026-09-07 17:12:13.225,1788801133.226,575,27,219,4412.91,4412.99,8.0,PASS_<=10c,+0.0,FLAT,+12.0,-89.0,4.2,+2.52,0.60,SLOW,4413.80,4414.70,4412.57,4413.13,0.00,0.00,0.0,NEUTRAL,213.0,4412.79,4412.92,4412.78,4412.91,13,ACTIVE_13s,14.0,12.0,1.0,1.0,7.1,7.1,7.1,PASS_<20%,0.00,0.0,NO,STANDBY_VEL_LOW,0,0.00,4590.00,73.76,FALSE,M5_TREND_NEUTRAL|M1_DIRECTION_MISMATCH|OPENING_SHIELD_ACTIVE_13s
2026-09-07 17:12:13.726,1788801133.727,576,28,220,4412.91,4412.99,8.0,PASS_<=10c,+0.0,FLAT,+12.0,-89.0,4.2,+1.05,0.25,SLOW,4413.80,4414.70,4412.57,4413.13,0.00,0.00,0.0,NEUTRAL,213.0,4412.79,4412.92,4412.78,4412.91,13,ACTIVE_13s,14.0,12.0,1.0,1.0,7.1,7.1,7.1,PASS_<20%,0.00,0.0,NO,STANDBY_VEL_LOW,0,0.00,4590.00,73.76,FALSE,M5_TREND_NEUTRAL|M1_DIRECTION_MISMATCH|OPENING_SHIELD_ACTIVE_13s
2026-09-07 17:12:14.228,1788801134.228,577,29,221,4412.91,4412.99,8.0,PASS_<=10c,+0.0,FLAT,+12.0,-89.0,4.2,+0.21,0.05,SLOW,4413.80,4414.70,4412.57,4413.13,0.00,0.00,0.0,NEUTRAL,213.0,4412.79,4412.92,4412.78,4412.91,14,ACTIVE_14s,14.0,12.0,1.0,1.0,7.1,7.1,7.1,PASS_<20%,0.00,0.0,NO,STANDBY_VEL_LOW,0,0.00,4590.00,73.76,FALSE,M5_TREND_NEUTRAL|M1_DIRECTION_MISMATCH|OPENING_SHIELD_ACTIVE_14s
2026-09-07 17:12:14.729,1788801134.729,578,30,222,4412.92,4413.00,8.0,PASS_<=10c,+1.0,UP,+13.0,-88.0,4.2,+0.42,0.10,SLOW,4413.80,4414.70,4412.57,4413.13,0.00,0.00,0.0,NEUTRAL,213.0,4412.79,4412.92,4412.78,4412.92,14,ACTIVE_14s,14.0,13.0,0.0,1.0,0.0,7.1,7.1,PASS_<20%,0.00,0.0,NO,STANDBY_VEL_LOW,0,0.00,4590.00,73.76,FALSE,M5_TREND_NEUTRAL|M1_DIRECTION_MISMATCH|OPENING_SHIELD_ACTIVE_14s
2026-09-07 17:12:15.230,1788801135.231,579,31,223,4412.95,4413.03,8.0,PASS_<=10c,+3.0,UP,+16.0,-85.0,4.2,+0.84,0.20,SLOW,4413.80,4414.70,4412.57,4413.13,0.00,0.00,0.0,NEUTRAL,213.0,4412.79,4412.95,4412.78,4412.95,15,ACTIVE_15s,17.0,16.0,0.0,1.0,0.0,5.9,5.9,PASS_<20%,0.00,0.0,NO,STANDBY_VEL_LOW,0,0.00,4590.00,73.76,FALSE,M5_TREND_NEUTRAL|M1_DIRECTION_MISMATCH|OPENING_SHIELD_ACTIVE_15s
2026-09-07 17:12:15.732,1788801135.733,580,32,224,4412.95,4413.03,8.0,PASS_<=10c,+0.0,FLAT,+16.0,-85.0,4.2,+0.84,0.20,SLOW,4413.80,4414.70,4412.57,4413.13,0.00,0.00,0.0,NEUTRAL,213.0,4412.79,4412.95,4412.78,4412.95,15,ACTIVE_15s,17.0,16.0,0.0,1.0,0.0,5.9,5.9,PASS_<20%,0.00,0.0,NO,STANDBY_VEL_LOW,0,0.00,4590.00,73.76,FALSE,M5_TREND_NEUTRAL|M1_DIRECTION_MISMATCH|OPENING_SHIELD_ACTIVE_15s
2026-09-07 17:12:16.236,1788801136.236,581,33,225,4412.95,4413.03,8.0,PASS_<=10c,+0.0,FLAT,+16.0,-85.0,4.2,+0.63,0.15,SLOW,4413.80,4414.70,4412.57,4413.13,0.00,0.00,0.0,NEUTRAL,213.0,4412.79,4412.95,4412.78,4412.95,16,ACTIVE_16s,17.0,16.0,0.0,1.0,0.0,5.9,5.9,PASS_<20%,0.00,0.0,NO,STANDBY_VEL_LOW,0,0.00,4590.00,73.76,FALSE,M5_TREND_NEUTRAL|M1_DIRECTION_MISMATCH|OPENING_SHIELD_ACTIVE_16s
2026-09-07 17:12:16.736,1788801136.736,582,34,226,4412.95,4413.03,8.0,PASS_<=10c,+0.0,FLAT,+16.0,-85.0,4.2,+0.63,0.15,SLOW,4413.80,4414.70,4412.57,4413.13,0.00,0.00,0.0,NEUTRAL,213.0,4412.79,4412.95,4412.78,4412.95,16,ACTIVE_16s,17.0,16.0,0.0,1.0,0.0,5.9,5.9,PASS_<20%,0.00,0.0,NO,STANDBY_VEL_LOW,0,0.00,4590.00,73.76,FALSE,M5_TREND_NEUTRAL|M1_DIRECTION_MISMATCH|OPENING_SHIELD_ACTIVE_16s
2026-09-07 17:12:17.237,1788801137.237,583,35,227,4412.95,4413.03,8.0,PASS_<=10c,+0.0,FLAT,+16.0,-85.0,4.2,+0.63,0.15,SLOW,4413.80,4414.70,4412.57,4413.13,0.00,0.00,0.0,NEUTRAL,213.0,4412.79,4412.95,4412.78,4412.95,17,ACTIVE_17s,17.0,16.0,0.0,1.0,0.0,5.9,5.9,PASS_<20%,0.00,0.0,NO,STANDBY_VEL_LOW,0,0.00,4590.00,73.76,FALSE,M5_TREND_NEUTRAL|M1_DIRECTION_MISMATCH|OPENING_SHIELD_ACTIVE_17s
2026-09-07 17:12:17.738,1788801137.739,584,36,228,4412.95,4413.03,8.0,PASS_<=10c,+0.0,FLAT,+16.0,-85.0,4.2,+0.84,0.20,SLOW,4413.80,4414.70,4412.57,4413.13,0.00,0.00,0.0,NEUTRAL,213.0,4412.79,4412.95,4412.78,4412.95,17,ACTIVE_17s,17.0,16.0,0.0,1.0,0.0,5.9,5.9,PASS_<20%,0.00,0.0,NO,STANDBY_VEL_LOW,0,0.00,4590.00,73.76,FALSE,M5_TREND_NEUTRAL|M1_DIRECTION_MISMATCH|OPENING_SHIELD_ACTIVE_17s
2026-09-07 17:12:18.239,1788801138.240,585,37,229,4412.95,4413.03,8.0,PASS_<=10c,+0.0,FLAT,+16.0,-85.0,4.2,+0.84,0.20,SLOW,4413.80,4414.70,4412.57,4413.13,0.00,0.00,0.0,NEUTRAL,213.0,4412.79,4412.95,4412.78,4412.95,18,ACTIVE_18s,17.0,16.0,0.0,1.0,0.0,5.9,5.9,PASS_<20%,0.00,0.0,NO,STANDBY_VEL_LOW,0,0.00,4590.00,73.76,FALSE,M5_TREND_NEUTRAL|M1_DIRECTION_MISMATCH|OPENING_SHIELD_ACTIVE_18s
2026-09-07 17:12:18.741,1788801138.742,586,38,230,4412.95,4413.03,8.0,PASS_<=10c,+0.0,FLAT,+16.0,-85.0,4.2,+0.84,0.20,SLOW,4413.80,4414.70,4412.57,4413.13,0.00,0.00,0.0,NEUTRAL,213.0,4412.79,4412.95,4412.78,4412.95,18,ACTIVE_18s,17.0,16.0,0.0,1.0,0.0,5.9,5.9,PASS_<20%,0.00,0.0,NO,STANDBY_VEL_LOW,0,0.00,4590.00,73.76,FALSE,M5_TREND_NEUTRAL|M1_DIRECTION_MISMATCH|OPENING_SHIELD_ACTIVE_18s
2026-09-07 17:12:19.242,1788801139.243,587,39,231,4412.95,4413.03,8.0,PASS_<=10c,+0.0,FLAT,+16.0,-85.0,4.2,+0.63,0.15,SLOW,4413.80,4414.70,4412.57,4413.13,0.00,0.00,0.0,NEUTRAL,213.0,4412.79,4412.95,4412.78,4412.95,19,ACTIVE_19s,17.0,16.0,0.0,1.0,0.0,5.9,5.9,PASS_<20%,0.00,0.0,NO,STANDBY_VEL_LOW,0,0.00,4590.00,73.76,FALSE,M5_TREND_NEUTRAL|M1_DIRECTION_MISMATCH|OPENING_SHIELD_ACTIVE_19s
2026-09-07 17:12:19.745,1788801139.745,588,40,232,4412.95,4413.03,8.0,PASS_<=10c,+0.0,FLAT,+16.0,-85.0,4.2,+0.27,0.06,SLOW,4413.80,4414.70,4412.57,4413.13,0.00,0.00,0.0,NEUTRAL,213.0,4412.79,4412.95,4412.78,4412.95,19,ACTIVE_19s,17.0,16.0,0.0,1.0,0.0,5.9,5.9,PASS_<20%,0.00,0.0,NO,STANDBY_VEL_LOW,0,0.00,4590.00,73.76,FALSE,M5_TREND_NEUTRAL|M1_DIRECTION_MISMATCH|OPENING_SHIELD_ACTIVE_19s
2026-09-07 17:12:20.247,1788801140.247,589,41,233,4412.95,4413.03,8.0,PASS_<=10c,+0.0,FLAT,+16.0,-85.0,4.2,+0.27,0.06,SLOW,4413.80,4414.70,4412.57,4413.13,0.00,0.00,0.0,NEUTRAL,213.0,4412.79,4412.95,4412.78,4412.95,20,CLEARED_>=20s,17.0,16.0,0.0,1.0,0.0,5.9,5.9,PASS_<20%,0.00,0.0,NO,STANDBY_VEL_LOW,0,0.00,4590.00,73.76,FALSE,M5_TREND_NEUTRAL|M1_DIRECTION_MISMATCH
2026-09-07 17:12:20.748,1788801140.749,590,42,234,4412.67,4412.75,8.0,PASS_<=10c,-28.0,DOWN,-12.0,-113.0,4.2,+5.88,1.40,SLOW,4413.80,4414.70,4412.57,4413.13,0.00,0.00,0.0,NEUTRAL,213.0,4412.79,4412.95,4412.67,4412.67,20,CLEARED_>=20s,28.0,12.0,16.0,0.0,57.1,0.0,57.1,BLOCKED_57.1%,0.00,0.0,NO,STANDBY_VEL_LOW,0,0.00,4590.00,73.76,FALSE,M5_TREND_NEUTRAL|M1_DIRECTION_MISMATCH
2026-09-07 17:12:21.250,1788801141.251,591,43,235,4412.67,4412.75,8.0,PASS_<=10c,+0.0,FLAT,-12.0,-113.0,4.2,+5.88,1.40,SLOW,4413.80,4414.70,4412.57,4413.13,0.00,0.00,0.0,NEUTRAL,213.0,4412.79,4412.95,4412.67,4412.67,21,CLEARED_>=20s,28.0,12.0,16.0,0.0,57.1,0.0,57.1,BLOCKED_57.1%,0.00,0.0,NO,STANDBY_VEL_LOW,0,0.00,4590.00,73.76,FALSE,M5_TREND_NEUTRAL|M1_DIRECTION_MISMATCH
2026-09-07 17:12:21.752,1788801141.753,592,44,236,4412.56,4412.64,8.0,PASS_<=10c,-11.0,DOWN,-23.0,-124.0,4.2,+8.18,1.95,SLOW,4413.80,4414.70,4412.57,4413.13,0.00,0.00,0.0,NEUTRAL,213.0,4412.79,4412.95,4412.56,4412.56,21,CLEARED_>=20s,39.0,23.0,16.0,0.0,41.0,0.0,41.0,BLOCKED_41.0%,0.00,0.0,NO,STANDBY_VEL_LOW,0,0.00,4590.00,73.76,FALSE,M5_TREND_NEUTRAL|M1_DIRECTION_MISMATCH
2026-09-07 17:12:22.254,1788801142.254,593,45,237,4412.56,4412.64,8.0,PASS_<=10c,+0.0,FLAT,-23.0,-124.0,4.2,+8.18,1.95,SLOW,4413.80,4414.70,4412.57,4413.13,0.00,0.00,0.0,NEUTRAL,213.0,4412.79,4412.95,4412.56,4412.56,22,CLEARED_>=20s,39.0,23.0,16.0,0.0,41.0,0.0,41.0,BLOCKED_41.0%,0.00,0.0,NO,STANDBY_VEL_LOW,0,0.00,4590.00,73.76,FALSE,M5_TREND_NEUTRAL|M1_DIRECTION_MISMATCH
2026-09-07 17:12:22.757,1788801142.757,594,46,238,4412.53,4412.61,8.0,PASS_<=10c,-3.0,DOWN,-26.0,-127.0,4.2,+8.81,2.10,SLOW,4413.80,4414.70,4412.57,4413.13,0.00,0.00,0.0,NEUTRAL,213.0,4412.79,4412.95,4412.52,4412.53,22,CLEARED_>=20s,43.0,26.0,16.0,1.0,37.2,2.3,37.2,BLOCKED_37.2%,0.00,0.0,NO,STANDBY_VEL_LOW,0,0.00,4590.00,73.76,FALSE,M5_TREND_NEUTRAL|M1_DIRECTION_MISMATCH
2026-09-07 17:12:23.258,1788801143.258,595,47,239,4412.53,4412.61,8.0,PASS_<=10c,+0.0,FLAT,-26.0,-127.0,4.2,+8.81,2.10,SLOW,4413.80,4414.70,4412.57,4413.13,0.00,0.00,0.0,NEUTRAL,213.0,4412.79,4412.95,4412.52,4412.53,23,CLEARED_>=20s,43.0,26.0,16.0,1.0,37.2,2.3,37.2,BLOCKED_37.2%,0.00,0.0,NO,STANDBY_VEL_LOW,0,0.00,4590.00,73.76,FALSE,M5_TREND_NEUTRAL|M1_DIRECTION_MISMATCH
2026-09-07 17:12:23.758,1788801143.759,596,48,240,4412.53,4412.61,8.0,PASS_<=10c,+0.0,FLAT,-26.0,-127.0,4.2,+8.81,2.10,SLOW,4413.80,4414.70,4412.57,4413.13,0.00,0.00,0.0,NEUTRAL,213.0,4412.79,4412.95,4412.52,4412.53,23,CLEARED_>=20s,43.0,26.0,16.0,1.0,37.2,2.3,37.2,BLOCKED_37.2%,0.00,0.0,NO,STANDBY_VEL_LOW,0,0.00,4590.00,73.76,FALSE,M5_TREND_NEUTRAL|M1_DIRECTION_MISMATCH
2026-09-07 17:12:24.261,1788801144.262,597,49,241,4412.55,4412.63,8.0,PASS_<=10c,+2.0,UP,-24.0,-125.0,4.2,+8.39,2.00,SLOW,4413.80,4414.70,4412.57,4413.13,0.00,0.00,0.0,NEUTRAL,213.0,4412.79,4412.95,4412.52,4412.55,24,CLEARED_>=20s,43.0,24.0,16.0,3.0,37.2,7.0,37.2,BLOCKED_37.2%,0.00,0.0,NO,STANDBY_VEL_LOW,0,0.00,4590.00,73.76,FALSE,M5_TREND_NEUTRAL|M1_DIRECTION_MISMATCH
2026-09-07 17:12:24.762,1788801144.762,598,50,242,4412.54,4412.62,8.0,PASS_<=10c,-1.0,DOWN,-25.0,-126.0,4.2,+8.60,2.05,SLOW,4413.80,4414.70,4412.57,4413.13,0.00,0.00,0.0,NEUTRAL,213.0,4412.79,4412.95,4412.52,4412.54,24,CLEARED_>=20s,43.0,25.0,16.0,2.0,37.2,4.7,37.2,BLOCKED_37.2%,0.00,0.0,NO,STANDBY_VEL_LOW,0,0.00,4590.00,73.76,FALSE,M5_TREND_NEUTRAL|M1_DIRECTION_MISMATCH
2026-09-07 17:12:25.264,1788801145.264,599,51,243,4412.41,4412.49,8.0,PASS_<=10c,-13.0,DOWN,-38.0,-139.0,4.2,+11.33,2.70,SLOW,4413.80,4414.70,4412.57,4413.13,0.00,0.00,0.0,NEUTRAL,213.0,4412.79,4412.95,4412.41,4412.41,25,CLEARED_>=20s,54.0,38.0,16.0,0.0,29.6,0.0,29.6,BLOCKED_29.6%,0.00,0.0,NO,STANDBY_VEL_LOW,0,0.00,4590.00,73.76,FALSE,M5_TREND_NEUTRAL|M1_DIRECTION_MISMATCH
2026-09-07 17:12:25.769,1788801145.770,600,52,244,4412.33,4412.41,8.0,PASS_<=10c,-8.0,DOWN,-46.0,-147.0,4.2,+7.13,1.70,SLOW,4413.80,4414.70,4412.57,4413.13,0.00,0.00,0.0,NEUTRAL,213.0,4412.79,4412.95,4412.33,4412.33,25,CLEARED_>=20s,62.0,46.0,16.0,0.0,25.8,0.0,25.8,BLOCKED_25.8%,0.00,0.0,NO,STANDBY_VEL_LOW,0,0.00,4590.00,73.76,FALSE,M5_TREND_NEUTRAL|M1_DIRECTION_MISMATCH
2026-09-07 17:12:26.269,1788801146.269,601,53,245,4412.33,4412.41,8.0,PASS_<=10c,+0.0,FLAT,-46.0,-147.0,4.2,+4.83,1.15,SLOW,4413.80,4414.70,4412.57,4413.13,0.00,0.00,0.0,NEUTRAL,213.0,4412.79,4412.95,4412.33,4412.33,26,CLEARED_>=20s,62.0,46.0,16.0,0.0,25.8,0.0,25.8,BLOCKED_25.8%,0.00,0.0,NO,STANDBY_VEL_LOW,0,0.00,4590.00,73.76,FALSE,M5_TREND_NEUTRAL|M1_DIRECTION_MISMATCH
2026-09-07 17:12:26.771,1788801146.771,602,54,246,4412.33,4412.41,8.0,PASS_<=10c,+0.0,FLAT,-46.0,-147.0,4.2,+4.82,1.15,SLOW,4413.80,4414.70,4412.57,4413.13,0.00,0.00,0.0,NEUTRAL,213.0,4412.79,4412.95,4412.33,4412.33,26,CLEARED_>=20s,62.0,46.0,16.0,0.0,25.8,0.0,25.8,BLOCKED_25.8%,0.00,0.0,NO,STANDBY_VEL_LOW,0,0.00,4590.00,73.76,FALSE,M5_TREND_NEUTRAL|M1_DIRECTION_MISMATCH
2026-09-07 17:12:27.273,1788801147.273,603,55,247,4412.27,4412.35,8.0,PASS_<=10c,-6.0,DOWN,-52.0,-153.0,4.2,+5.24,1.25,SLOW,4413.80,4414.70,4412.57,4413.13,0.00,0.00,0.0,NEUTRAL,213.0,4412.79,4412.95,4412.27,4412.27,27,CLEARED_>=20s,68.0,52.0,16.0,0.0,23.5,0.0,23.5,BLOCKED_23.5%,0.00,0.0,NO,STANDBY_VEL_LOW,0,0.00,4590.00,73.76,FALSE,M5_TREND_NEUTRAL|M1_DIRECTION_MISMATCH
2026-09-07 17:12:27.773,1788801147.774,604,56,248,4412.27,4412.35,8.0,PASS_<=10c,+0.0,FLAT,-52.0,-153.0,4.2,+5.45,1.30,SLOW,4413.80,4414.70,4412.57,4413.13,0.00,0.00,0.0,NEUTRAL,213.0,4412.79,4412.95,4412.27,4412.27,27,CLEARED_>=20s,68.0,52.0,16.0,0.0,23.5,0.0,23.5,BLOCKED_23.5%,0.00,0.0,NO,STANDBY_VEL_LOW,0,0.00,4590.00,73.76,FALSE,M5_TREND_NEUTRAL|M1_DIRECTION_MISMATCH
2026-09-07 17:12:28.275,1788801148.275,605,57,249,4412.27,4412.35,8.0,PASS_<=10c,+0.0,FLAT,-52.0,-153.0,4.2,+5.45,1.30,SLOW,4413.80,4414.70,4412.57,4413.13,0.00,0.00,0.0,NEUTRAL,213.0,4412.79,4412.95,4412.27,4412.27,28,CLEARED_>=20s,68.0,52.0,16.0,0.0,23.5,0.0,23.5,BLOCKED_23.5%,0.00,0.0,NO,STANDBY_VEL_LOW,0,0.00,4590.00,73.76,FALSE,M5_TREND_NEUTRAL|M1_DIRECTION_MISMATCH
2026-09-07 17:12:28.776,1788801148.777,606,58,250,4412.27,4412.35,8.0,PASS_<=10c,+0.0,FLAT,-52.0,-153.0,4.2,+5.87,1.40,SLOW,4413.80,4414.70,4412.57,4413.13,0.00,0.00,0.0,NEUTRAL,213.0,4412.79,4412.95,4412.27,4412.27,28,CLEARED_>=20s,68.0,52.0,16.0,0.0,23.5,0.0,23.5,BLOCKED_23.5%,0.00,0.0,NO,STANDBY_VEL_LOW,0,0.00,4590.00,73.76,FALSE,M5_TREND_NEUTRAL|M1_DIRECTION_MISMATCH
2026-09-07 17:12:29.278,1788801149.279,607,59,251,4412.27,4412.35,8.0,PASS_<=10c,+0.0,FLAT,-52.0,-153.0,4.2,+5.87,1.40,SLOW,4413.80,4414.70,4412.57,4413.13,0.00,0.00,0.0,NEUTRAL,213.0,4412.79,4412.95,4412.27,4412.27,29,CLEARED_>=20s,68.0,52.0,16.0,0.0,23.5,0.0,23.5,BLOCKED_23.5%,0.00,0.0,NO,STANDBY_VEL_LOW,0,0.00,4590.00,73.76,FALSE,M5_TREND_NEUTRAL|M1_DIRECTION_MISMATCH
2026-09-07 17:12:29.780,1788801149.780,608,60,252,4412.27,4412.35,8.0,PASS_<=10c,+0.0,FLAT,-52.0,-153.0,4.2,+3.99,0.95,SLOW,4413.80,4414.70,4412.57,4413.13,0.00,0.00,0.0,NEUTRAL,213.0,4412.79,4412.95,4412.27,4412.27,29,CLEARED_>=20s,68.0,52.0,16.0,0.0,23.5,0.0,23.5,BLOCKED_23.5%,0.00,0.0,NO,STANDBY_VEL_LOW,0,0.00,4590.00,73.76,FALSE,M5_TREND_NEUTRAL|M1_DIRECTION_MISMATCH
2026-09-07 17:12:30.282,1788801150.282,609,61,253,4412.20,4412.28,8.0,PASS_<=10c,-7.0,DOWN,-59.0,-160.0,4.2,+4.41,1.05,SLOW,4413.80,4414.70,4412.57,4413.13,0.00,0.00,0.0,NEUTRAL,213.0,4412.79,4412.95,4412.20,4412.20,30,CLEARED_>=20s,75.0,59.0,16.0,0.0,21.3,0.0,21.3,BLOCKED_21.3%,0.00,0.0,NO,STANDBY_VEL_LOW,0,0.00,4590.00,73.76,FALSE,M5_TREND_NEUTRAL|M1_DIRECTION_MISMATCH
2026-09-07 17:12:30.784,1788801150.784,610,62,254,4412.20,4412.28,8.0,PASS_<=10c,+0.0,FLAT,-59.0,-160.0,4.2,+2.73,0.65,SLOW,4413.80,4414.70,4412.57,4413.13,0.00,0.00,0.0,NEUTRAL,213.0,4412.79,4412.95,4412.20,4412.20,30,CLEARED_>=20s,75.0,59.0,16.0,0.0,21.3,0.0,21.3,BLOCKED_21.3%,0.00,0.0,NO,STANDBY_VEL_LOW,0,0.00,4590.00,73.76,FALSE,M5_TREND_NEUTRAL|M1_DIRECTION_MISMATCH
2026-09-07 17:12:31.286,1788801151.286,611,63,255,4412.21,4412.29,8.0,PASS_<=10c,+1.0,UP,-58.0,-159.0,4.2,+2.52,0.60,SLOW,4413.80,4414.70,4412.57,4413.13,0.00,0.00,0.0,NEUTRAL,213.0,4412.79,4412.95,4412.20,4412.21,31,CLEARED_>=20s,75.0,58.0,16.0,1.0,21.3,1.3,21.3,BLOCKED_21.3%,0.00,0.0,NO,STANDBY_VEL_LOW,0,0.00,4590.00,73.76,FALSE,M5_TREND_NEUTRAL|M1_DIRECTION_MISMATCH
2026-09-07 17:12:31.788,1788801151.788,612,64,256,4412.22,4412.30,8.0,PASS_<=10c,+1.0,UP,-57.0,-158.0,4.2,+2.31,0.55,SLOW,4413.80,4414.70,4412.57,4413.13,0.00,0.00,0.0,NEUTRAL,213.0,4412.79,4412.95,4412.20,4412.22,31,CLEARED_>=20s,75.0,57.0,16.0,2.0,21.3,2.7,21.3,BLOCKED_21.3%,0.00,0.0,NO,STANDBY_VEL_LOW,0,0.00,4590.00,73.76,FALSE,M5_TREND_NEUTRAL|M1_DIRECTION_MISMATCH
2026-09-07 17:12:32.288,1788801152.289,613,65,257,4412.07,4412.15,8.0,PASS_<=10c,-15.0,DOWN,-72.0,-173.0,4.2,+4.20,1.00,SLOW,4413.80,4414.70,4412.57,4413.13,0.00,0.00,0.0,NEUTRAL,213.0,4412.79,4412.95,4412.05,4412.07,32,CLEARED_>=20s,90.0,72.0,16.0,2.0,17.8,2.2,17.8,PASS_<20%,0.00,0.0,NO,STANDBY_VEL_LOW,0,0.00,4590.00,73.76,FALSE,M5_TREND_NEUTRAL|M1_DIRECTION_MISMATCH
2026-09-07 17:12:32.791,1788801152.791,614,66,258,4412.07,4412.15,8.0,PASS_<=10c,+0.0,FLAT,-72.0,-173.0,4.2,+4.20,1.00,SLOW,4413.80,4414.70,4412.57,4413.13,0.00,0.00,0.0,NEUTRAL,213.0,4412.79,4412.95,4412.05,4412.07,32,CLEARED_>=20s,90.0,72.0,16.0,2.0,17.8,2.2,17.8,PASS_<20%,0.00,0.0,NO,STANDBY_VEL_LOW,0,0.00,4590.00,73.76,FALSE,M5_TREND_NEUTRAL|M1_DIRECTION_MISMATCH
2026-09-07 17:12:33.292,1788801153.292,615,67,259,4412.08,4412.16,8.0,PASS_<=10c,+1.0,UP,-71.0,-172.0,4.2,+3.99,0.95,SLOW,4413.80,4414.70,4412.57,4413.13,0.00,0.00,0.0,NEUTRAL,213.0,4412.79,4412.95,4412.05,4412.08,33,CLEARED_>=20s,90.0,71.0,16.0,3.0,17.8,3.3,17.8,PASS_<20%,0.00,0.0,NO,STANDBY_VEL_LOW,0,0.00,4590.00,73.76,FALSE,M5_TREND_NEUTRAL|M1_DIRECTION_MISMATCH
2026-09-07 17:12:33.795,1788801153.795,616,68,260,4412.08,4412.16,8.0,PASS_<=10c,+0.0,FLAT,-71.0,-172.0,4.2,+3.99,0.95,SLOW,4413.80,4414.70,4412.57,4413.13,0.00,0.00,0.0,NEUTRAL,213.0,4412.79,4412.95,4412.05,4412.08,33,CLEARED_>=20s,90.0,71.0,16.0,3.0,17.8,3.3,17.8,PASS_<20%,0.00,0.0,NO,STANDBY_VEL_LOW,0,0.00,4590.00,73.76,FALSE,M5_TREND_NEUTRAL|M1_DIRECTION_MISMATCH
2026-09-07 17:12:34.296,1788801154.296,617,69,261,4412.07,4412.15,8.0,PASS_<=10c,-1.0,DOWN,-72.0,-173.0,4.2,+4.20,1.00,SLOW,4413.80,4414.70,4412.57,4413.13,0.00,0.00,0.0,NEUTRAL,213.0,4412.79,4412.95,4412.05,4412.07,34,CLEARED_>=20s,90.0,72.0,16.0,2.0,17.8,2.2,17.8,PASS_<20%,0.00,0.0,NO,STANDBY_VEL_LOW,0,0.00,4590.00,73.76,FALSE,M5_TREND_NEUTRAL|M1_DIRECTION_MISMATCH
2026-09-07 17:12:34.798,1788801154.798,618,70,262,4412.08,4412.16,8.0,PASS_<=10c,+1.0,UP,-71.0,-172.0,4.2,+3.15,0.75,SLOW,4413.80,4414.70,4412.57,4413.13,0.00,0.00,0.0,NEUTRAL,213.0,4412.79,4412.95,4412.05,4412.08,34,CLEARED_>=20s,90.0,71.0,16.0,3.0,17.8,3.3,17.8,PASS_<20%,0.00,0.0,NO,STANDBY_VEL_LOW,0,0.00,4590.00,73.76,FALSE,M5_TREND_NEUTRAL|M1_DIRECTION_MISMATCH
2026-09-07 17:12:35.299,1788801155.300,619,71,263,4412.07,4412.15,8.0,PASS_<=10c,-1.0,DOWN,-72.0,-173.0,4.2,+2.73,0.65,SLOW,4413.80,4414.70,4412.57,4413.13,0.00,0.00,0.0,NEUTRAL,213.0,4412.79,4412.95,4412.05,4412.07,35,CLEARED_>=20s,90.0,72.0,16.0,2.0,17.8,2.2,17.8,PASS_<20%,0.00,0.0,NO,STANDBY_VEL_LOW,0,0.00,4590.00,73.76,FALSE,M5_TREND_NEUTRAL|M1_DIRECTION_MISMATCH
2026-09-07 17:12:35.801,1788801155.802,620,72,264,4412.08,4412.16,8.0,PASS_<=10c,+1.0,UP,-71.0,-172.0,4.2,+2.52,0.60,SLOW,4413.80,4414.70,4412.57,4413.13,0.00,0.00,0.0,NEUTRAL,213.0,4412.79,4412.95,4412.05,4412.08,35,CLEARED_>=20s,90.0,71.0,16.0,3.0,17.8,3.3,17.8,PASS_<20%,0.00,0.0,NO,STANDBY_VEL_LOW,0,0.00,4590.00,73.76,FALSE,M5_TREND_NEUTRAL|M1_DIRECTION_MISMATCH
2026-09-07 17:12:36.303,1788801156.304,621,73,265,4412.08,4412.16,8.0,PASS_<=10c,+0.0,FLAT,-71.0,-172.0,4.2,+2.94,0.70,SLOW,4413.80,4414.70,4412.57,4413.13,0.00,0.00,0.0,NEUTRAL,213.0,4412.79,4412.95,4412.05,4412.08,36,CLEARED_>=20s,90.0,71.0,16.0,3.0,17.8,3.3,17.8,PASS_<20%,0.00,0.0,NO,STANDBY_VEL_LOW,0,0.00,4590.00,73.76,FALSE,M5_TREND_NEUTRAL|M1_DIRECTION_MISMATCH
2026-09-07 17:12:36.805,1788801156.805,622,74,266,4412.08,4412.16,8.0,PASS_<=10c,+0.0,FLAT,-71.0,-172.0,4.2,+0.63,0.15,SLOW,4413.80,4414.70,4412.57,4413.13,0.00,0.00,0.0,NEUTRAL,213.0,4412.79,4412.95,4412.05,4412.08,36,CLEARED_>=20s,90.0,71.0,16.0,3.0,17.8,3.3,17.8,PASS_<20%,0.00,0.0,NO,STANDBY_VEL_LOW,0,0.00,4590.00,73.76,FALSE,M5_TREND_NEUTRAL|M1_DIRECTION_MISMATCH
2026-09-07 17:12:37.307,1788801157.307,623,75,267,4412.08,4412.16,8.0,PASS_<=10c,+0.0,FLAT,-71.0,-172.0,4.2,+0.21,0.05,SLOW,4413.80,4414.70,4412.57,4413.13,0.00,0.00,0.0,NEUTRAL,213.0,4412.79,4412.95,4412.05,4412.08,37,CLEARED_>=20s,90.0,71.0,16.0,3.0,17.8,3.3,17.8,PASS_<20%,0.00,0.0,NO,STANDBY_VEL_LOW,0,0.00,4590.00,73.76,FALSE,M5_TREND_NEUTRAL|M1_DIRECTION_MISMATCH
2026-09-07 17:12:37.808,1788801157.809,624,76,268,4412.08,4412.16,8.0,PASS_<=10c,+0.0,FLAT,-71.0,-172.0,4.2,+0.00,0.00,SLOW,4413.80,4414.70,4412.57,4413.13,0.00,0.00,0.0,NEUTRAL,213.0,4412.79,4412.95,4412.05,4412.08,37,CLEARED_>=20s,90.0,71.0,16.0,3.0,17.8,3.3,17.8,PASS_<20%,0.00,0.0,NO,STANDBY_VEL_LOW,0,0.00,4590.00,73.76,FALSE,M5_TREND_NEUTRAL|M1_DIRECTION_MISMATCH
2026-09-07 17:12:38.310,1788801158.310,625,77,269,4412.08,4412.16,8.0,PASS_<=10c,+0.0,FLAT,-71.0,-172.0,4.2,+0.00,0.00,SLOW,4413.80,4414.70,4412.57,4413.13,0.00,0.00,0.0,NEUTRAL,213.0,4412.79,4412.95,4412.05,4412.08,38,CLEARED_>=20s,90.0,71.0,16.0,3.0,17.8,3.3,17.8,PASS_<20%,0.00,0.0,NO,STANDBY_VEL_LOW,0,0.00,4590.00,73.76,FALSE,M5_TREND_NEUTRAL|M1_DIRECTION_MISMATCH
2026-09-07 17:12:38.812,1788801158.812,626,78,270,4412.08,4412.16,8.0,PASS_<=10c,+0.0,FLAT,-71.0,-172.0,4.2,+0.21,0.05,SLOW,4413.80,4414.70,4412.57,4413.13,0.00,0.00,0.0,NEUTRAL,213.0,4412.79,4412.95,4412.05,4412.08,38,CLEARED_>=20s,90.0,71.0,16.0,3.0,17.8,3.3,17.8,PASS_<20%,0.00,0.0,NO,STANDBY_VEL_LOW,0,0.00,4590.00,73.76,FALSE,M5_TREND_NEUTRAL|M1_DIRECTION_MISMATCH
2026-09-07 17:12:39.314,1788801159.314,627,79,271,4412.08,4412.16,8.0,PASS_<=10c,+0.0,FLAT,-71.0,-172.0,4.2,+0.00,0.00,SLOW,4413.80,4414.70,4412.57,4413.13,0.00,0.00,0.0,NEUTRAL,213.0,4412.79,4412.95,4412.05,4412.08,39,CLEARED_>=20s,90.0,71.0,16.0,3.0,17.8,3.3,17.8,PASS_<20%,0.00,0.0,NO,STANDBY_VEL_LOW,0,0.00,4590.00,73.76,FALSE,M5_TREND_NEUTRAL|M1_DIRECTION_MISMATCH
2026-09-07 17:12:39.816,1788801159.816,628,80,272,4412.08,4412.16,8.0,PASS_<=10c,+0.0,FLAT,-71.0,-172.0,4.2,+0.21,0.05,SLOW,4413.80,4414.70,4412.57,4413.13,0.00,0.00,0.0,NEUTRAL,213.0,4412.79,4412.95,4412.05,4412.08,39,CLEARED_>=20s,90.0,71.0,16.0,3.0,17.8,3.3,17.8,PASS_<20%,0.00,0.0,NO,STANDBY_VEL_LOW,0,0.00,4590.00,73.76,FALSE,M5_TREND_NEUTRAL|M1_DIRECTION_MISMATCH
2026-09-07 17:12:40.317,1788801160.317,629,81,273,4412.08,4412.16,8.0,PASS_<=10c,+0.0,FLAT,-71.0,-172.0,4.2,+0.00,0.00,SLOW,4413.80,4414.70,4412.57,4413.13,0.00,0.00,0.0,NEUTRAL,213.0,4412.79,4412.95,4412.05,4412.08,40,CLEARED_>=20s,90.0,71.0,16.0,3.0,17.8,3.3,17.8,PASS_<20%,0.00,0.0,NO,STANDBY_VEL_LOW,0,0.00,4590.00,73.76,FALSE,M5_TREND_NEUTRAL|M1_DIRECTION_MISMATCH
2026-09-07 17:12:40.820,1788801160.820,630,82,274,4412.08,4412.16,8.0,PASS_<=10c,+0.0,FLAT,-71.0,-172.0,4.2,+0.00,0.00,SLOW,4413.80,4414.70,4412.57,4413.13,0.00,0.00,0.0,NEUTRAL,213.0,4412.79,4412.95,4412.05,4412.08,40,CLEARED_>=20s,90.0,71.0,16.0,3.0,17.8,3.3,17.8,PASS_<20%,0.00,0.0,NO,STANDBY_VEL_LOW,0,0.00,4590.00,73.76,FALSE,M5_TREND_NEUTRAL|M1_DIRECTION_MISMATCH
2026-09-07 17:12:41.321,1788801161.322,631,83,275,4412.08,4412.16,8.0,PASS_<=10c,+0.0,FLAT,-71.0,-172.0,4.2,+0.00,0.00,SLOW,4413.80,4414.70,4412.57,4413.13,0.00,0.00,0.0,NEUTRAL,213.0,4412.79,4412.95,4412.05,4412.08,41,CLEARED_>=20s,90.0,71.0,16.0,3.0,17.8,3.3,17.8,PASS_<20%,0.00,0.0,NO,STANDBY_VEL_LOW,0,0.00,4590.00,73.76,FALSE,M5_TREND_NEUTRAL|M1_DIRECTION_MISMATCH
2026-09-07 17:12:41.822,1788801161.823,632,84,276,4412.07,4412.15,8.0,PASS_<=10c,-1.0,DOWN,-72.0,-173.0,4.2,+0.21,0.05,SLOW,4413.80,4414.70,4412.57,4413.13,0.00,0.00,0.0,NEUTRAL,213.0,4412.79,4412.95,4412.05,4412.07,41,CLEARED_>=20s,90.0,72.0,16.0,2.0,17.8,2.2,17.8,PASS_<20%,0.00,0.0,NO,STANDBY_VEL_LOW,0,0.00,4590.00,73.76,FALSE,M5_TREND_NEUTRAL|M1_DIRECTION_MISMATCH
2026-09-07 17:12:42.323,1788801162.324,633,85,277,4412.07,4412.15,8.0,PASS_<=10c,+0.0,FLAT,-72.0,-173.0,4.2,+0.21,0.05,SLOW,4413.80,4414.70,4412.57,4413.13,0.00,0.00,0.0,NEUTRAL,213.0,4412.79,4412.95,4412.05,4412.07,42,CLEARED_>=20s,90.0,72.0,16.0,2.0,17.8,2.2,17.8,PASS_<20%,0.00,0.0,NO,STANDBY_VEL_LOW,0,0.00,4590.00,73.76,FALSE,M5_TREND_NEUTRAL|M1_DIRECTION_MISMATCH
2026-09-07 17:12:42.824,1788801162.825,634,86,278,4412.08,4412.16,8.0,PASS_<=10c,+1.0,UP,-71.0,-172.0,4.2,+0.00,0.00,SLOW,4413.80,4414.70,4412.57,4413.13,0.00,0.00,0.0,NEUTRAL,213.0,4412.79,4412.95,4412.05,4412.08,42,CLEARED_>=20s,90.0,71.0,16.0,3.0,17.8,3.3,17.8,PASS_<20%,0.00,0.0,NO,STANDBY_VEL_LOW,0,0.00,4590.00,73.76,FALSE,M5_TREND_NEUTRAL|M1_DIRECTION_MISMATCH
2026-09-07 17:12:43.326,1788801163.326,635,87,279,4412.08,4412.16,8.0,PASS_<=10c,+0.0,FLAT,-71.0,-172.0,4.2,+0.00,0.00,SLOW,4413.80,4414.70,4412.57,4413.13,0.00,0.00,0.0,NEUTRAL,213.0,4412.79,4412.95,4412.05,4412.08,43,CLEARED_>=20s,90.0,71.0,16.0,3.0,17.8,3.3,17.8,PASS_<20%,0.00,0.0,NO,STANDBY_VEL_LOW,0,0.00,4590.00,73.76,FALSE,M5_TREND_NEUTRAL|M1_DIRECTION_MISMATCH
2026-09-07 17:12:43.827,1788801163.828,636,88,280,4412.09,4412.17,8.0,PASS_<=10c,+1.0,UP,-70.0,-171.0,4.2,+0.21,0.05,SLOW,4413.80,4414.70,4412.57,4413.13,0.00,0.00,0.0,NEUTRAL,213.0,4412.79,4412.95,4412.05,4412.09,43,CLEARED_>=20s,90.0,70.0,16.0,4.0,17.8,4.4,17.8,PASS_<20%,0.00,0.0,NO,STANDBY_VEL_LOW,0,0.00,4590.00,73.76,FALSE,M5_TREND_NEUTRAL|M1_DIRECTION_MISMATCH
2026-09-07 17:12:44.329,1788801164.329,637,89,281,4412.09,4412.17,8.0,PASS_<=10c,+0.0,FLAT,-70.0,-171.0,4.2,+0.21,0.05,SLOW,4413.80,4414.70,4412.57,4413.13,0.00,0.00,0.0,NEUTRAL,213.0,4412.79,4412.95,4412.05,4412.09,44,CLEARED_>=20s,90.0,70.0,16.0,4.0,17.8,4.4,17.8,PASS_<20%,0.00,0.0,NO,STANDBY_VEL_LOW,0,0.00,4590.00,73.76,FALSE,M5_TREND_NEUTRAL|M1_DIRECTION_MISMATCH
2026-09-07 17:12:44.831,1788801164.831,638,90,282,4412.09,4412.17,8.0,PASS_<=10c,+0.0,FLAT,-70.0,-171.0,4.2,+0.21,0.05,SLOW,4413.80,4414.70,4412.57,4413.13,0.00,0.00,0.0,NEUTRAL,213.0,4412.79,4412.95,4412.05,4412.09,44,CLEARED_>=20s,90.0,70.0,16.0,4.0,17.8,4.4,17.8,PASS_<20%,0.00,0.0,NO,STANDBY_VEL_LOW,0,0.00,4590.00,73.76,FALSE,M5_TREND_NEUTRAL|M1_DIRECTION_MISMATCH
2026-09-07 17:12:45.333,1788801165.333,639,91,283,4412.09,4412.17,8.0,PASS_<=10c,+0.0,FLAT,-70.0,-171.0,4.2,+0.21,0.05,SLOW,4413.80,4414.70,4412.57,4413.13,0.00,0.00,0.0,NEUTRAL,213.0,4412.79,4412.95,4412.05,4412.09,45,CLEARED_>=20s,90.0,70.0,16.0,4.0,17.8,4.4,17.8,PASS_<20%,0.00,0.0,NO,STANDBY_VEL_LOW,0,0.00,4590.00,73.76,FALSE,M5_TREND_NEUTRAL|M1_DIRECTION_MISMATCH
2026-09-07 17:12:45.835,1788801165.835,640,92,284,4412.08,4412.16,8.0,PASS_<=10c,-1.0,DOWN,-71.0,-172.0,4.2,+0.00,0.00,SLOW,4413.80,4414.70,4412.57,4413.13,0.00,0.00,0.0,NEUTRAL,213.0,4412.79,4412.95,4412.05,4412.08,45,CLEARED_>=20s,90.0,71.0,16.0,3.0,17.8,3.3,17.8,PASS_<20%,0.00,0.0,NO,STANDBY_VEL_LOW,0,0.00,4590.00,73.76,FALSE,M5_TREND_NEUTRAL|M1_DIRECTION_MISMATCH
2026-09-07 17:12:46.336,1788801166.336,641,93,285,4412.08,4412.16,8.0,PASS_<=10c,+0.0,FLAT,-71.0,-172.0,4.2,+0.21,0.05,SLOW,4413.80,4414.70,4412.57,4413.13,0.00,0.00,0.0,NEUTRAL,213.0,4412.79,4412.95,4412.05,4412.08,46,CLEARED_>=20s,90.0,71.0,16.0,3.0,17.8,3.3,17.8,PASS_<20%,0.00,0.0,NO,STANDBY_VEL_LOW,0,0.00,4590.00,73.76,FALSE,M5_TREND_NEUTRAL|M1_DIRECTION_MISMATCH
2026-09-07 17:12:46.838,1788801166.839,642,94,286,4412.08,4412.16,8.0,PASS_<=10c,+0.0,FLAT,-71.0,-172.0,4.2,+0.21,0.05,SLOW,4413.80,4414.70,4412.57,4413.13,0.00,0.00,0.0,NEUTRAL,213.0,4412.79,4412.95,4412.05,4412.08,46,CLEARED_>=20s,90.0,71.0,16.0,3.0,17.8,3.3,17.8,PASS_<20%,0.00,0.0,NO,STANDBY_VEL_LOW,0,0.00,4590.00,73.76,FALSE,M5_TREND_NEUTRAL|M1_DIRECTION_MISMATCH
2026-09-07 17:12:47.339,1788801167.340,643,95,287,4412.08,4412.16,8.0,PASS_<=10c,+0.0,FLAT,-71.0,-172.0,4.2,+0.21,0.05,SLOW,4413.80,4414.70,4412.57,4413.13,0.00,0.00,0.0,NEUTRAL,213.0,4412.79,4412.95,4412.05,4412.08,47,CLEARED_>=20s,90.0,71.0,16.0,3.0,17.8,3.3,17.8,PASS_<20%,0.00,0.0,NO,STANDBY_VEL_LOW,0,0.00,4590.00,73.76,FALSE,M5_TREND_NEUTRAL|M1_DIRECTION_MISMATCH
2026-09-07 17:12:47.841,1788801167.841,644,96,288,4412.08,4412.16,8.0,PASS_<=10c,+0.0,FLAT,-71.0,-172.0,4.2,+0.00,0.00,SLOW,4413.80,4414.70,4412.57,4413.13,0.00,0.00,0.0,NEUTRAL,213.0,4412.79,4412.95,4412.05,4412.08,47,CLEARED_>=20s,90.0,71.0,16.0,3.0,17.8,3.3,17.8,PASS_<20%,0.00,0.0,NO,STANDBY_VEL_LOW,0,0.00,4590.00,73.76,FALSE,M5_TREND_NEUTRAL|M1_DIRECTION_MISMATCH
2026-09-07 17:12:48.342,1788801168.343,645,97,289,4412.08,4412.16,8.0,PASS_<=10c,+0.0,FLAT,-71.0,-172.0,4.2,+0.00,0.00,SLOW,4413.80,4414.70,4412.57,4413.13,0.00,0.00,0.0,NEUTRAL,213.0,4412.79,4412.95,4412.05,4412.08,48,CLEARED_>=20s,90.0,71.0,16.0,3.0,17.8,3.3,17.8,PASS_<20%,0.00,0.0,NO,STANDBY_VEL_LOW,0,0.00,4590.00,73.76,FALSE,M5_TREND_NEUTRAL|M1_DIRECTION_MISMATCH
2026-09-07 17:12:48.844,1788801168.845,646,98,290,4412.08,4412.16,8.0,PASS_<=10c,+0.0,FLAT,-71.0,-172.0,4.2,+0.21,0.05,SLOW,4413.80,4414.70,4412.57,4413.13,0.00,0.00,0.0,NEUTRAL,213.0,4412.79,4412.95,4412.05,4412.08,48,CLEARED_>=20s,90.0,71.0,16.0,3.0,17.8,3.3,17.8,PASS_<20%,0.00,0.0,NO,STANDBY_VEL_LOW,0,0.00,4590.00,73.76,FALSE,M5_TREND_NEUTRAL|M1_DIRECTION_MISMATCH
2026-09-07 17:12:49.347,1788801169.347,647,99,291,4412.08,4412.16,8.0,PASS_<=10c,+0.0,FLAT,-71.0,-172.0,4.2,+0.21,0.05,SLOW,4413.80,4414.70,4412.57,4413.13,0.00,0.00,0.0,NEUTRAL,213.0,4412.79,4412.95,4412.05,4412.08,49,CLEARED_>=20s,90.0,71.0,16.0,3.0,17.8,3.3,17.8,PASS_<20%,0.00,0.0,NO,STANDBY_VEL_LOW,0,0.00,4590.00,73.76,FALSE,M5_TREND_NEUTRAL|M1_DIRECTION_MISMATCH
2026-09-07 17:12:49.848,1788801169.849,648,100,292,4412.08,4412.16,8.0,PASS_<=10c,+0.0,FLAT,-71.0,-172.0,4.2,+0.21,0.05,SLOW,4413.80,4414.70,4412.57,4413.13,0.00,0.00,0.0,NEUTRAL,213.0,4412.79,4412.95,4412.05,4412.08,49,CLEARED_>=20s,90.0,71.0,16.0,3.0,17.8,3.3,17.8,PASS_<20%,0.00,0.0,NO,STANDBY_VEL_LOW,0,0.00,4590.00,73.76,FALSE,M5_TREND_NEUTRAL|M1_DIRECTION_MISMATCH
2026-09-07 17:12:50.350,1788801170.350,649,101,293,4412.08,4412.16,8.0,PASS_<=10c,+0.0,FLAT,-71.0,-172.0,4.2,+0.00,0.00,SLOW,4413.80,4414.70,4412.57,4413.13,0.00,0.00,0.0,NEUTRAL,213.0,4412.79,4412.95,4412.05,4412.08,50,CLEARED_>=20s,90.0,71.0,16.0,3.0,17.8,3.3,17.8,PASS_<20%,0.00,0.0,NO,STANDBY_VEL_LOW,0,0.00,4590.00,73.76,FALSE,M5_TREND_NEUTRAL|M1_DIRECTION_MISMATCH
2026-09-07 17:12:50.851,1788801170.851,650,102,294,4412.09,4412.17,8.0,PASS_<=10c,+1.0,UP,-70.0,-171.0,4.2,+0.21,0.05,SLOW,4413.80,4414.70,4412.57,4413.13,0.00,0.00,0.0,NEUTRAL,213.0,4412.79,4412.95,4412.05,4412.09,50,CLEARED_>=20s,90.0,70.0,16.0,4.0,17.8,4.4,17.8,PASS_<20%,0.00,0.0,NO,STANDBY_VEL_LOW,0,0.00,4590.00,73.76,FALSE,M5_TREND_NEUTRAL|M1_DIRECTION_MISMATCH
2026-09-07 17:12:51.353,1788801171.353,651,103,295,4412.09,4412.17,8.0,PASS_<=10c,+0.0,FLAT,-70.0,-171.0,4.2,+0.21,0.05,SLOW,4413.80,4414.70,4412.57,4413.13,0.00,0.00,0.0,NEUTRAL,213.0,4412.79,4412.95,4412.05,4412.09,51,CLEARED_>=20s,90.0,70.0,16.0,4.0,17.8,4.4,17.8,PASS_<20%,0.00,0.0,NO,STANDBY_VEL_LOW,0,0.00,4590.00,73.76,FALSE,M5_TREND_NEUTRAL|M1_DIRECTION_MISMATCH
2026-09-07 17:12:51.855,1788801171.855,652,104,296,4412.09,4412.17,8.0,PASS_<=10c,+0.0,FLAT,-70.0,-171.0,4.2,+0.21,0.05,SLOW,4413.80,4414.70,4412.57,4413.13,0.00,0.00,0.0,NEUTRAL,213.0,4412.79,4412.95,4412.05,4412.09,51,CLEARED_>=20s,90.0,70.0,16.0,4.0,17.8,4.4,17.8,PASS_<20%,0.00,0.0,NO,STANDBY_VEL_LOW,0,0.00,4590.00,73.76,FALSE,M5_TREND_NEUTRAL|M1_DIRECTION_MISMATCH
2026-09-07 17:12:52.355,1788801172.356,653,105,297,4412.09,4412.17,8.0,PASS_<=10c,+0.0,FLAT,-70.0,-171.0,4.2,+0.21,0.05,SLOW,4413.80,4414.70,4412.57,4413.13,0.00,0.00,0.0,NEUTRAL,213.0,4412.79,4412.95,4412.05,4412.09,52,CLEARED_>=20s,90.0,70.0,16.0,4.0,17.8,4.4,17.8,PASS_<20%,0.00,0.0,NO,STANDBY_VEL_LOW,0,0.00,4590.00,73.76,FALSE,M5_TREND_NEUTRAL|M1_DIRECTION_MISMATCH
2026-09-07 17:12:52.857,1788801172.857,654,106,298,4412.09,4412.17,8.0,PASS_<=10c,+0.0,FLAT,-70.0,-171.0,4.2,+0.21,0.05,SLOW,4413.80,4414.70,4412.57,4413.13,0.00,0.00,0.0,NEUTRAL,213.0,4412.79,4412.95,4412.05,4412.09,52,CLEARED_>=20s,90.0,70.0,16.0,4.0,17.8,4.4,17.8,PASS_<20%,0.00,0.0,NO,STANDBY_VEL_LOW,0,0.00,4590.00,73.76,FALSE,M5_TREND_NEUTRAL|M1_DIRECTION_MISMATCH
2026-09-07 17:12:53.359,1788801173.359,655,107,299,4412.09,4412.17,8.0,PASS_<=10c,+0.0,FLAT,-70.0,-171.0,4.2,+0.21,0.05,SLOW,4413.80,4414.70,4412.57,4413.13,0.00,0.00,0.0,NEUTRAL,213.0,4412.79,4412.95,4412.05,4412.09,53,CLEARED_>=20s,90.0,70.0,16.0,4.0,17.8,4.4,17.8,PASS_<20%,0.00,0.0,NO,STANDBY_VEL_LOW,0,0.00,4590.00,73.76,FALSE,M5_TREND_NEUTRAL|M1_DIRECTION_MISMATCH
2026-09-07 17:12:53.860,1788801173.861,656,108,300,4412.09,4412.17,8.0,PASS_<=10c,+0.0,FLAT,-70.0,-171.0,4.2,+0.21,0.05,SLOW,4413.80,4414.70,4412.57,4413.13,0.00,0.00,0.0,NEUTRAL,213.0,4412.79,4412.95,4412.05,4412.09,53,CLEARED_>=20s,90.0,70.0,16.0,4.0,17.8,4.4,17.8,PASS_<20%,0.00,0.0,NO,STANDBY_VEL_LOW,0,0.00,4590.00,73.76,FALSE,M5_TREND_NEUTRAL|M1_DIRECTION_MISMATCH
2026-09-07 17:12:54.361,1788801174.362,657,109,301,4412.14,4412.22,8.0,PASS_<=10c,+5.0,UP,-65.0,-166.0,4.2,+1.26,0.30,SLOW,4413.80,4414.70,4412.57,4413.13,0.00,0.00,0.0,NEUTRAL,213.0,4412.79,4412.95,4412.05,4412.14,54,CLEARED_>=20s,90.0,65.0,16.0,9.0,17.8,10.0,17.8,PASS_<20%,0.00,0.0,NO,STANDBY_VEL_LOW,0,0.00,4590.00,73.76,FALSE,M5_TREND_NEUTRAL|M1_DIRECTION_MISMATCH
2026-09-07 17:12:54.863,1788801174.864,658,110,302,4412.15,4412.23,8.0,PASS_<=10c,+1.0,UP,-64.0,-165.0,4.2,+1.47,0.35,SLOW,4413.80,4414.70,4412.57,4413.13,0.00,0.00,0.0,NEUTRAL,213.0,4412.79,4412.95,4412.05,4412.15,54,CLEARED_>=20s,90.0,64.0,16.0,10.0,17.8,11.1,17.8,PASS_<20%,0.00,0.0,NO,STANDBY_VEL_LOW,0,0.00,4590.00,73.76,FALSE,M5_TREND_NEUTRAL|M1_DIRECTION_MISMATCH
2026-09-07 17:12:55.365,1788801175.366,659,111,303,4412.18,4412.26,8.0,PASS_<=10c,+3.0,UP,-61.0,-162.0,4.2,+1.89,0.45,SLOW,4413.80,4414.70,4412.57,4413.13,0.00,0.00,0.0,NEUTRAL,213.0,4412.79,4412.95,4412.05,4412.18,55,CLEARED_>=20s,90.0,61.0,16.0,13.0,17.8,14.4,17.8,PASS_<20%,0.00,0.0,NO,STANDBY_VEL_LOW,0,0.00,4590.00,73.76,FALSE,M5_TREND_NEUTRAL|M1_DIRECTION_MISMATCH
2026-09-07 17:12:55.867,1788801175.868,660,112,304,4412.18,4412.26,8.0,PASS_<=10c,+0.0,FLAT,-61.0,-162.0,4.2,+1.89,0.45,SLOW,4413.80,4414.70,4412.57,4413.13,0.00,0.00,0.0,NEUTRAL,213.0,4412.79,4412.95,4412.05,4412.18,55,CLEARED_>=20s,90.0,61.0,16.0,13.0,17.8,14.4,17.8,PASS_<20%,0.00,0.0,NO,STANDBY_VEL_LOW,0,0.00,4590.00,73.76,FALSE,M5_TREND_NEUTRAL|M1_DIRECTION_MISMATCH
2026-09-07 17:12:56.368,1788801176.369,661,113,305,4412.18,4412.26,8.0,PASS_<=10c,+0.0,FLAT,-61.0,-162.0,4.2,+1.89,0.45,SLOW,4413.80,4414.70,4412.57,4413.13,0.00,0.00,0.0,NEUTRAL,213.0,4412.79,4412.95,4412.05,4412.18,56,CLEARED_>=20s,90.0,61.0,16.0,13.0,17.8,14.4,17.8,PASS_<20%,0.00,0.0,NO,STANDBY_VEL_LOW,0,0.00,4590.00,73.76,FALSE,M5_TREND_NEUTRAL|M1_DIRECTION_MISMATCH
2026-09-07 17:12:56.869,1788801176.870,662,114,306,4412.18,4412.26,8.0,PASS_<=10c,+0.0,FLAT,-61.0,-162.0,4.2,+1.89,0.45,SLOW,4413.80,4414.70,4412.57,4413.13,0.00,0.00,0.0,NEUTRAL,213.0,4412.79,4412.95,4412.05,4412.18,56,CLEARED_>=20s,90.0,61.0,16.0,13.0,17.8,14.4,17.8,PASS_<20%,0.00,0.0,NO,STANDBY_VEL_LOW,0,0.00,4590.00,73.76,FALSE,M5_TREND_NEUTRAL|M1_DIRECTION_MISMATCH
2026-09-07 17:12:57.371,1788801177.371,663,115,307,4412.18,4412.26,8.0,PASS_<=10c,+0.0,FLAT,-61.0,-162.0,4.2,+1.89,0.45,SLOW,4413.80,4414.70,4412.57,4413.13,0.00,0.00,0.0,NEUTRAL,213.0,4412.79,4412.95,4412.05,4412.18,57,CLEARED_>=20s,90.0,61.0,16.0,13.0,17.8,14.4,17.8,PASS_<20%,0.00,0.0,NO,STANDBY_VEL_LOW,0,0.00,4590.00,73.76,FALSE,M5_TREND_NEUTRAL|M1_DIRECTION_MISMATCH
2026-09-07 17:12:57.872,1788801177.872,664,116,308,4412.18,4412.26,8.0,PASS_<=10c,+0.0,FLAT,-61.0,-162.0,4.2,+1.89,0.45,SLOW,4413.80,4414.70,4412.57,4413.13,0.00,0.00,0.0,NEUTRAL,213.0,4412.79,4412.95,4412.05,4412.18,57,CLEARED_>=20s,90.0,61.0,16.0,13.0,17.8,14.4,17.8,PASS_<20%,0.00,0.0,NO,STANDBY_VEL_LOW,0,0.00,4590.00,73.76,FALSE,M5_TREND_NEUTRAL|M1_DIRECTION_MISMATCH
2026-09-07 17:12:58.374,1788801178.374,665,117,309,4412.19,4412.27,8.0,PASS_<=10c,+1.0,UP,-60.0,-161.0,4.2,+2.10,0.50,SLOW,4413.80,4414.70,4412.57,4413.13,0.00,0.00,0.0,NEUTRAL,213.0,4412.79,4412.95,4412.05,4412.19,58,CLEARED_>=20s,90.0,60.0,16.0,14.0,17.8,15.6,17.8,PASS_<20%,0.00,0.0,NO,STANDBY_VEL_LOW,0,0.00,4590.00,73.76,FALSE,M5_TREND_NEUTRAL|M1_DIRECTION_MISMATCH
2026-09-07 17:12:58.876,1788801178.876,666,118,310,4412.21,4412.29,8.0,PASS_<=10c,+2.0,UP,-58.0,-159.0,4.2,+2.52,0.60,SLOW,4413.80,4414.70,4412.57,4413.13,0.00,0.00,0.0,NEUTRAL,213.0,4412.79,4412.95,4412.05,4412.21,58,CLEARED_>=20s,90.0,58.0,16.0,16.0,17.8,17.8,17.8,PASS_<20%,0.00,0.0,NO,STANDBY_VEL_LOW,0,0.00,4590.00,73.76,FALSE,M5_TREND_NEUTRAL|M1_DIRECTION_MISMATCH
2026-09-07 17:12:59.378,1788801179.378,667,119,311,4412.20,4412.28,8.0,PASS_<=10c,-1.0,DOWN,-59.0,-160.0,4.2,+1.05,0.25,SLOW,4413.80,4414.70,4412.57,4413.13,0.00,0.00,0.0,NEUTRAL,213.0,4412.79,4412.95,4412.05,4412.20,59,CLEARED_>=20s,90.0,59.0,16.0,15.0,17.8,16.7,17.8,PASS_<20%,0.00,0.0,NO,STANDBY_VEL_LOW,0,0.00,4590.00,73.76,FALSE,M5_TREND_NEUTRAL|M1_DIRECTION_MISMATCH
2026-09-07 17:12:59.881,1788801179.881,668,120,312,4412.20,4412.28,8.0,PASS_<=10c,+0.0,FLAT,-59.0,-160.0,4.2,+1.05,0.25,SLOW,4413.80,4414.70,4412.57,4413.13,0.00,0.00,0.0,NEUTRAL,213.0,4412.79,4412.95,4412.05,4412.20,59,CLEARED_>=20s,90.0,59.0,16.0,15.0,17.8,16.7,17.8,PASS_<20%,0.00,0.0,NO,STANDBY_VEL_LOW,0,0.00,4590.00,73.76,FALSE,M5_TREND_NEUTRAL|M1_DIRECTION_MISMATCH
2026-09-07 17:13:00.390,1788801180.390,669,1,313,4412.22,4412.30,8.0,PASS_<=10c,+2.0,UP,+0.0,-158.0,4.2,+0.84,0.20,SLOW,4413.80,4414.70,4412.57,4413.13,0.00,0.00,0.0,NEUTRAL,213.0,4412.22,4412.22,4412.22,4412.22,0,ACTIVE_0s,1.0,0.0,0.0,0.0,0.0,0.0,0.0,PASS_<20%,0.00,0.0,NO,STANDBY_VEL_LOW,0,0.00,4590.00,73.76,FALSE,M5_TREND_NEUTRAL|M1_DIRECTION_MISMATCH|OPENING_SHIELD_ACTIVE_0s
2026-09-07 17:13:00.891,1788801180.892,670,2,314,4412.22,4412.30,8.0,PASS_<=10c,+0.0,FLAT,+0.0,-158.0,4.2,+0.84,0.20,SLOW,4413.80,4414.70,4412.57,4413.13,0.00,0.00,0.0,NEUTRAL,213.0,4412.22,4412.22,4412.22,4412.22,0,ACTIVE_0s,1.0,0.0,0.0,0.0,0.0,0.0,0.0,PASS_<20%,0.00,0.0,NO,STANDBY_VEL_LOW,0,0.00,4590.00,73.76,FALSE,M5_TREND_NEUTRAL|M1_DIRECTION_MISMATCH|OPENING_SHIELD_ACTIVE_0s
2026-09-07 17:13:01.395,1788801181.396,671,3,315,4412.22,4412.30,8.0,PASS_<=10c,+0.0,FLAT,+0.0,-158.0,4.2,+0.84,0.20,SLOW,4413.80,4414.70,4412.57,4413.13,0.00,0.00,0.0,NEUTRAL,213.0,4412.22,4412.22,4412.22,4412.22,1,ACTIVE_1s,1.0,0.0,0.0,0.0,0.0,0.0,0.0,PASS_<20%,0.00,0.0,NO,STANDBY_VEL_LOW,0,0.00,4590.00,73.76,FALSE,M5_TREND_NEUTRAL|M1_DIRECTION_MISMATCH|OPENING_SHIELD_ACTIVE_1s
2026-09-07 17:13:01.896,1788801181.896,672,4,316,4412.22,4412.30,8.0,PASS_<=10c,+0.0,FLAT,+0.0,-158.0,4.2,+0.84,0.20,SLOW,4413.80,4414.70,4412.57,4413.13,0.00,0.00,0.0,NEUTRAL,213.0,4412.22,4412.22,4412.22,4412.22,1,ACTIVE_1s,1.0,0.0,0.0,0.0,0.0,0.0,0.0,PASS_<20%,0.00,0.0,NO,STANDBY_VEL_LOW,0,0.00,4590.00,73.76,FALSE,M5_TREND_NEUTRAL|M1_DIRECTION_MISMATCH|OPENING_SHIELD_ACTIVE_1s
2026-09-07 17:13:02.397,1788801182.398,673,5,317,4412.23,4412.31,8.0,PASS_<=10c,+1.0,UP,+1.0,-157.0,4.2,+1.05,0.25,SLOW,4413.80,4414.70,4412.57,4413.13,0.00,0.00,0.0,NEUTRAL,213.0,4412.22,4412.23,4412.22,4412.23,2,ACTIVE_2s,1.0,1.0,0.0,0.0,0.0,0.0,0.0,PASS_<20%,0.00,0.0,NO,STANDBY_VEL_LOW,0,0.00,4590.00,73.76,FALSE,M5_TREND_NEUTRAL|M1_DIRECTION_MISMATCH|OPENING_SHIELD_ACTIVE_2s
2026-09-07 17:13:02.900,1788801182.900,674,6,318,4412.23,4412.31,8.0,PASS_<=10c,+0.0,FLAT,+1.0,-157.0,4.2,+0.84,0.20,SLOW,4413.80,4414.70,4412.57,4413.13,0.00,0.00,0.0,NEUTRAL,213.0,4412.22,4412.23,4412.22,4412.23,2,ACTIVE_2s,1.0,1.0,0.0,0.0,0.0,0.0,0.0,PASS_<20%,0.00,0.0,NO,STANDBY_VEL_LOW,0,0.00,4590.00,73.76,FALSE,M5_TREND_NEUTRAL|M1_DIRECTION_MISMATCH|OPENING_SHIELD_ACTIVE_2s
2026-09-07 17:13:03.402,1788801183.402,675,7,319,4412.23,4412.31,8.0,PASS_<=10c,+0.0,FLAT,+1.0,-157.0,4.2,+0.84,0.20,SLOW,4413.80,4414.70,4412.57,4413.13,0.00,0.00,0.0,NEUTRAL,213.0,4412.22,4412.23,4412.22,4412.23,3,ACTIVE_3s,1.0,1.0,0.0,0.0,0.0,0.0,0.0,PASS_<20%,0.00,0.0,NO,STANDBY_VEL_LOW,0,0.00,4590.00,73.76,FALSE,M5_TREND_NEUTRAL|M1_DIRECTION_MISMATCH|OPENING_SHIELD_ACTIVE_3s
2026-09-07 17:13:03.904,1788801183.904,676,8,320,4412.23,4412.31,8.0,PASS_<=10c,+0.0,FLAT,+1.0,-157.0,4.2,+0.00,0.00,SLOW,4413.80,4414.70,4412.57,4413.13,0.00,0.00,0.0,NEUTRAL,213.0,4412.22,4412.23,4412.22,4412.23,3,ACTIVE_3s,1.0,1.0,0.0,0.0,0.0,0.0,0.0,PASS_<20%,0.00,0.0,NO,STANDBY_VEL_LOW,0,0.00,4590.00,73.76,FALSE,M5_TREND_NEUTRAL|M1_DIRECTION_MISMATCH|OPENING_SHIELD_ACTIVE_3s
2026-09-07 17:13:04.406,1788801184.406,677,9,321,4412.23,4412.31,8.0,PASS_<=10c,+0.0,FLAT,+1.0,-157.0,4.2,+0.63,0.15,SLOW,4413.80,4414.70,4412.57,4413.13,0.00,0.00,0.0,NEUTRAL,213.0,4412.22,4412.23,4412.22,4412.23,4,ACTIVE_4s,1.0,1.0,0.0,0.0,0.0,0.0,0.0,PASS_<20%,0.00,0.0,NO,STANDBY_VEL_LOW,0,0.00,4590.00,73.76,FALSE,M5_TREND_NEUTRAL|M1_DIRECTION_MISMATCH|OPENING_SHIELD_ACTIVE_4s
2026-09-07 17:13:04.907,1788801184.908,678,10,322,4412.23,4412.31,8.0,PASS_<=10c,+0.0,FLAT,+1.0,-157.0,4.2,+0.21,0.05,SLOW,4413.80,4414.70,4412.57,4413.13,0.00,0.00,0.0,NEUTRAL,213.0,4412.22,4412.23,4412.22,4412.23,4,ACTIVE_4s,1.0,1.0,0.0,0.0,0.0,0.0,0.0,PASS_<20%,0.00,0.0,NO,STANDBY_VEL_LOW,0,0.00,4590.00,73.76,FALSE,M5_TREND_NEUTRAL|M1_DIRECTION_MISMATCH|OPENING_SHIELD_ACTIVE_4s
2026-09-07 17:13:05.410,1788801185.411,679,11,323,4412.23,4412.31,8.0,PASS_<=10c,+0.0,FLAT,+1.0,-157.0,4.2,+0.21,0.05,SLOW,4413.80,4414.70,4412.57,4413.13,0.00,0.00,0.0,NEUTRAL,213.0,4412.22,4412.23,4412.22,4412.23,5,ACTIVE_5s,1.0,1.0,0.0,0.0,0.0,0.0,0.0,PASS_<20%,0.00,0.0,NO,STANDBY_VEL_LOW,0,0.00,4590.00,73.76,FALSE,M5_TREND_NEUTRAL|M1_DIRECTION_MISMATCH|OPENING_SHIELD_ACTIVE_5s
2026-09-07 17:13:05.911,1788801185.912,680,12,324,4412.23,4412.31,8.0,PASS_<=10c,+0.0,FLAT,+1.0,-157.0,4.2,+0.21,0.05,SLOW,4413.80,4414.70,4412.57,4413.13,0.00,0.00,0.0,NEUTRAL,213.0,4412.22,4412.23,4412.22,4412.23,5,ACTIVE_5s,1.0,1.0,0.0,0.0,0.0,0.0,0.0,PASS_<20%,0.00,0.0,NO,STANDBY_VEL_LOW,0,0.00,4590.00,73.76,FALSE,M5_TREND_NEUTRAL|M1_DIRECTION_MISMATCH|OPENING_SHIELD_ACTIVE_5s
2026-09-07 17:13:06.413,1788801186.414,681,13,325,4412.23,4412.31,8.0,PASS_<=10c,+0.0,FLAT,+1.0,-157.0,4.2,+0.21,0.05,SLOW,4413.80,4414.70,4412.57,4413.13,0.00,0.00,0.0,NEUTRAL,213.0,4412.22,4412.23,4412.22,4412.23,6,ACTIVE_6s,1.0,1.0,0.0,0.0,0.0,0.0,0.0,PASS_<20%,0.00,0.0,NO,STANDBY_VEL_LOW,0,0.00,4590.00,73.76,FALSE,M5_TREND_NEUTRAL|M1_DIRECTION_MISMATCH|OPENING_SHIELD_ACTIVE_6s
2026-09-07 17:13:06.914,1788801186.915,682,14,326,4412.23,4412.31,8.0,PASS_<=10c,+0.0,FLAT,+1.0,-157.0,4.2,+0.00,0.00,SLOW,4413.80,4414.70,4412.57,4413.13,0.00,0.00,0.0,NEUTRAL,213.0,4412.22,4412.23,4412.22,4412.23,6,ACTIVE_6s,1.0,1.0,0.0,0.0,0.0,0.0,0.0,PASS_<20%,0.00,0.0,NO,STANDBY_VEL_LOW,0,0.00,4590.00,73.76,FALSE,M5_TREND_NEUTRAL|M1_DIRECTION_MISMATCH|OPENING_SHIELD_ACTIVE_6s
2026-09-07 17:13:07.416,1788801187.417,683,15,327,4412.23,4412.31,8.0,PASS_<=10c,+0.0,FLAT,+1.0,-157.0,4.2,+0.00,0.00,SLOW,4413.80,4414.70,4412.57,4413.13,0.00,0.00,0.0,NEUTRAL,213.0,4412.22,4412.23,4412.22,4412.23,7,ACTIVE_7s,1.0,1.0,0.0,0.0,0.0,0.0,0.0,PASS_<20%,0.00,0.0,NO,STANDBY_VEL_LOW,0,0.00,4590.00,73.76,FALSE,M5_TREND_NEUTRAL|M1_DIRECTION_MISMATCH|OPENING_SHIELD_ACTIVE_7s
2026-09-07 17:13:07.917,1788801187.918,684,16,328,4412.23,4412.31,8.0,PASS_<=10c,+0.0,FLAT,+1.0,-157.0,4.2,+0.00,0.00,SLOW,4413.80,4414.70,4412.57,4413.13,0.00,0.00,0.0,NEUTRAL,213.0,4412.22,4412.23,4412.22,4412.23,7,ACTIVE_7s,1.0,1.0,0.0,0.0,0.0,0.0,0.0,PASS_<20%,0.00,0.0,NO,STANDBY_VEL_LOW,0,0.00,4590.00,73.76,FALSE,M5_TREND_NEUTRAL|M1_DIRECTION_MISMATCH|OPENING_SHIELD_ACTIVE_7s
2026-09-07 17:13:08.420,1788801188.420,685,17,329,4412.23,4412.31,8.0,PASS_<=10c,+0.0,FLAT,+1.0,-157.0,4.2,+0.00,0.00,SLOW,4413.80,4414.70,4412.57,4413.13,0.00,0.00,0.0,NEUTRAL,213.0,4412.22,4412.23,4412.22,4412.23,8,ACTIVE_8s,1.0,1.0,0.0,0.0,0.0,0.0,0.0,PASS_<20%,0.00,0.0,NO,STANDBY_VEL_LOW,0,0.00,4590.00,73.76,FALSE,M5_TREND_NEUTRAL|M1_DIRECTION_MISMATCH|OPENING_SHIELD_ACTIVE_8s
2026-09-07 17:13:08.922,1788801188.922,686,18,330,4412.23,4412.31,8.0,PASS_<=10c,+0.0,FLAT,+1.0,-157.0,4.2,+0.00,0.00,SLOW,4413.80,4414.70,4412.57,4413.13,0.00,0.00,0.0,NEUTRAL,213.0,4412.22,4412.23,4412.22,4412.23,8,ACTIVE_8s,1.0,1.0,0.0,0.0,0.0,0.0,0.0,PASS_<20%,0.00,0.0,NO,STANDBY_VEL_LOW,0,0.00,4590.00,73.76,FALSE,M5_TREND_NEUTRAL|M1_DIRECTION_MISMATCH|OPENING_SHIELD_ACTIVE_8s
2026-09-07 17:13:09.424,1788801189.425,687,19,331,4412.23,4412.31,8.0,PASS_<=10c,+0.0,FLAT,+1.0,-157.0,4.2,+0.00,0.00,SLOW,4413.80,4414.70,4412.57,4413.13,0.00,0.00,0.0,NEUTRAL,213.0,4412.22,4412.23,4412.22,4412.23,9,ACTIVE_9s,1.0,1.0,0.0,0.0,0.0,0.0,0.0,PASS_<20%,0.00,0.0,NO,STANDBY_VEL_LOW,0,0.00,4590.00,73.76,FALSE,M5_TREND_NEUTRAL|M1_DIRECTION_MISMATCH|OPENING_SHIELD_ACTIVE_9s
2026-09-07 17:13:09.925,1788801189.926,688,20,332,4412.23,4412.31,8.0,PASS_<=10c,+0.0,FLAT,+1.0,-157.0,4.2,+0.00,0.00,SLOW,4413.80,4414.70,4412.57,4413.13,0.00,0.00,0.0,NEUTRAL,213.0,4412.22,4412.23,4412.22,4412.23,9,ACTIVE_9s,1.0,1.0,0.0,0.0,0.0,0.0,0.0,PASS_<20%,0.00,0.0,NO,STANDBY_VEL_LOW,0,0.00,4590.00,73.76,FALSE,M5_TREND_NEUTRAL|M1_DIRECTION_MISMATCH|OPENING_SHIELD_ACTIVE_9s
2026-09-07 17:13:20.303,1788801200.304,689,21,333,4412.23,4412.31,8.0,PASS_<=10c,+0.0,FLAT,+1.0,-157.0,3.3,+0.00,0.00,SLOW,4413.80,4414.70,4412.57,4413.13,0.00,0.00,0.0,NEUTRAL,213.0,4412.22,4412.23,4412.22,4412.23,20,CLEARED_>=20s,1.0,1.0,0.0,0.0,0.0,0.0,0.0,PASS_<20%,0.00,0.0,NO,STANDBY_VEL_LOW,0,0.00,4590.00,73.76,FALSE,M5_TREND_NEUTRAL|M1_DIRECTION_MISMATCH
2026-09-07 17:13:27.124,1788801207.124,690,22,334,4412.23,4412.31,8.0,PASS_<=10c,+0.0,FLAT,+1.0,-157.0,2.9,+0.00,0.00,SLOW,4413.80,4414.70,4412.57,4413.13,0.00,0.00,0.0,NEUTRAL,213.0,4412.22,4412.23,4412.22,4412.23,27,CLEARED_>=20s,1.0,1.0,0.0,0.0,0.0,0.0,0.0,PASS_<20%,0.00,0.0,NO,STANDBY_VEL_LOW,0,0.00,4590.00,73.76,FALSE,M5_TREND_NEUTRAL|M1_DIRECTION_MISMATCH
2026-09-07 17:13:27.479,1788801207.479,691,23,335,4412.41,4412.49,8.0,PASS_<=10c,+18.0,UP,+19.0,-139.0,2.9,+8.74,3.01,SLOW,4413.80,4414.70,4412.57,4413.13,0.00,0.00,0.0,NEUTRAL,213.0,4412.22,4412.41,4412.22,4412.41,27,CLEARED_>=20s,19.0,19.0,0.0,0.0,0.0,0.0,0.0,PASS_<20%,0.00,0.0,NO,STANDBY_VEL_LOW,0,0.00,4590.00,73.76,FALSE,M5_TREND_NEUTRAL|M1_DIRECTION_MISMATCH
2026-09-07 17:13:27.981,1788801207.981,692,24,336,4412.41,4412.49,8.0,PASS_<=10c,+0.0,FLAT,+19.0,-139.0,2.9,+7.03,2.42,SLOW,4413.80,4414.70,4412.57,4413.13,0.00,0.00,0.0,NEUTRAL,213.0,4412.22,4412.41,4412.22,4412.41,27,CLEARED_>=20s,19.0,19.0,0.0,0.0,0.0,0.0,0.0,PASS_<20%,0.00,0.0,NO,STANDBY_VEL_LOW,0,0.00,4590.00,73.76,FALSE,M5_TREND_NEUTRAL|M1_DIRECTION_MISMATCH
2026-09-07 17:13:28.483,1788801208.483,693,25,337,4412.41,4412.49,8.0,PASS_<=10c,+0.0,FLAT,+19.0,-139.0,2.9,+5.88,2.03,SLOW,4413.80,4414.70,4412.57,4413.13,0.00,0.00,0.0,NEUTRAL,213.0,4412.22,4412.41,4412.22,4412.41,28,CLEARED_>=20s,19.0,19.0,0.0,0.0,0.0,0.0,0.0,PASS_<20%,0.00,0.0,NO,STANDBY_VEL_LOW,0,0.00,4590.00,73.76,FALSE,M5_TREND_NEUTRAL|M1_DIRECTION_MISMATCH
2026-09-07 17:13:28.984,1788801208.985,694,26,338,4412.41,4412.49,8.0,PASS_<=10c,+0.0,FLAT,+19.0,-139.0,2.9,+5.05,1.74,SLOW,4413.80,4414.70,4412.57,4413.13,0.00,0.00,0.0,NEUTRAL,213.0,4412.22,4412.41,4412.22,4412.41,28,CLEARED_>=20s,19.0,19.0,0.0,0.0,0.0,0.0,0.0,PASS_<20%,0.00,0.0,NO,STANDBY_VEL_LOW,0,0.00,4590.00,73.76,FALSE,M5_TREND_NEUTRAL|M1_DIRECTION_MISMATCH
2026-09-07 17:13:29.486,1788801209.486,695,27,339,4412.41,4412.49,8.0,PASS_<=10c,+0.0,FLAT,+19.0,-139.0,3.0,+4.43,1.48,SLOW,4413.80,4414.70,4412.57,4413.13,0.00,0.00,0.0,NEUTRAL,213.0,4412.22,4412.41,4412.22,4412.41,29,CLEARED_>=20s,19.0,19.0,0.0,0.0,0.0,0.0,0.0,PASS_<20%,0.00,0.0,NO,STANDBY_VEL_LOW,0,0.00,4590.00,73.76,FALSE,M5_TREND_NEUTRAL|M1_DIRECTION_MISMATCH
2026-09-07 17:13:29.987,1788801209.988,696,28,340,4412.41,4412.49,8.0,PASS_<=10c,+0.0,FLAT,+19.0,-139.0,3.1,+3.94,1.27,SLOW,4413.80,4414.70,4412.57,4413.13,0.00,0.00,0.0,NEUTRAL,213.0,4412.22,4412.41,4412.22,4412.41,29,CLEARED_>=20s,19.0,19.0,0.0,0.0,0.0,0.0,0.0,PASS_<20%,0.00,0.0,NO,STANDBY_VEL_LOW,0,0.00,4590.00,73.76,FALSE,M5_TREND_NEUTRAL|M1_DIRECTION_MISMATCH
2026-09-07 17:13:30.489,1788801210.489,697,29,341,4412.41,4412.49,8.0,PASS_<=10c,+0.0,FLAT,+19.0,-139.0,4.5,+5.35,1.19,SLOW,4413.80,4414.70,4412.57,4413.13,0.00,0.00,0.0,NEUTRAL,213.0,4412.22,4412.41,4412.22,4412.41,30,CLEARED_>=20s,19.0,19.0,0.0,0.0,0.0,0.0,0.0,PASS_<20%,0.00,0.0,NO,STANDBY_VEL_LOW,0,0.00,4590.00,73.76,FALSE,M5_TREND_NEUTRAL|M1_DIRECTION_MISMATCH
2026-09-07 17:13:30.991,1788801210.992,698,30,342,4412.41,4412.49,8.0,PASS_<=10c,+0.0,FLAT,+19.0,-139.0,4.4,+4.65,1.06,SLOW,4413.80,4414.70,4412.57,4413.13,0.00,0.00,0.0,NEUTRAL,213.0,4412.22,4412.41,4412.22,4412.41,30,CLEARED_>=20s,19.0,19.0,0.0,0.0,0.0,0.0,0.0,PASS_<20%,0.00,0.0,NO,STANDBY_VEL_LOW,0,0.00,4590.00,73.76,FALSE,M5_TREND_NEUTRAL|M1_DIRECTION_MISMATCH
2026-09-07 17:13:31.492,1788801211.493,699,31,343,4412.41,4412.49,8.0,PASS_<=10c,+0.0,FLAT,+19.0,-139.0,4.3,+4.12,0.96,SLOW,4413.80,4414.70,4412.57,4413.13,0.00,0.00,0.0,NEUTRAL,213.0,4412.22,4412.41,4412.22,4412.41,31,CLEARED_>=20s,19.0,19.0,0.0,0.0,0.0,0.0,0.0,PASS_<20%,0.00,0.0,NO,STANDBY_VEL_LOW,0,0.00,4590.00,73.76,FALSE,M5_TREND_NEUTRAL|M1_DIRECTION_MISMATCH
2026-09-07 17:13:31.994,1788801211.995,700,32,344,4412.41,4412.49,8.0,PASS_<=10c,+0.0,FLAT,+19.0,-139.0,4.3,+3.70,0.86,SLOW,4413.80,4414.70,4412.57,4413.13,0.00,0.00,0.0,NEUTRAL,213.0,4412.22,4412.41,4412.22,4412.41,31,CLEARED_>=20s,19.0,19.0,0.0,0.0,0.0,0.0,0.0,PASS_<20%,0.00,0.0,NO,STANDBY_VEL_LOW,0,0.00,4590.00,73.76,FALSE,M5_TREND_NEUTRAL|M1_DIRECTION_MISMATCH
2026-09-07 17:13:32.496,1788801212.496,701,33,345,4412.41,4412.49,8.0,PASS_<=10c,+0.0,FLAT,+19.0,-139.0,4.2,+0.57,0.14,SLOW,4413.80,4414.70,4412.57,4413.13,0.00,0.00,0.0,NEUTRAL,213.0,4412.22,4412.41,4412.22,4412.41,32,CLEARED_>=20s,19.0,19.0,0.0,0.0,0.0,0.0,0.0,PASS_<20%,0.00,0.0,NO,STANDBY_VEL_LOW,0,0.00,4590.00,73.76,FALSE,M5_TREND_NEUTRAL|M1_DIRECTION_MISMATCH
2026-09-07 17:13:33.004,1788801213.005,702,34,346,4412.41,4412.49,8.0,PASS_<=10c,+0.0,FLAT,+19.0,-139.0,4.2,+0.55,0.13,SLOW,4413.80,4414.70,4412.57,4413.13,0.00,0.00,0.0,NEUTRAL,213.0,4412.22,4412.41,4412.22,4412.41,33,CLEARED_>=20s,19.0,19.0,0.0,0.0,0.0,0.0,0.0,PASS_<20%,0.00,0.0,NO,STANDBY_VEL_LOW,0,0.00,4590.00,73.76,FALSE,M5_TREND_NEUTRAL|M1_DIRECTION_MISMATCH
2026-09-07 17:13:33.508,1788801213.508,703,35,347,4412.41,4412.49,8.0,PASS_<=10c,+0.0,FLAT,+19.0,-139.0,4.2,+0.55,0.13,SLOW,4413.80,4414.70,4412.57,4413.13,0.00,0.00,0.0,NEUTRAL,213.0,4412.22,4412.41,4412.22,4412.41,33,CLEARED_>=20s,19.0,19.0,0.0,0.0,0.0,0.0,0.0,PASS_<20%,0.00,0.0,NO,STANDBY_VEL_LOW,0,0.00,4590.00,73.76,FALSE,M5_TREND_NEUTRAL|M1_DIRECTION_MISMATCH
2026-09-07 17:13:34.008,1788801214.009,704,36,348,4412.41,4412.49,8.0,PASS_<=10c,+0.0,FLAT,+19.0,-139.0,4.2,+0.57,0.14,SLOW,4413.80,4414.70,4412.57,4413.13,0.00,0.00,0.0,NEUTRAL,213.0,4412.22,4412.41,4412.22,4412.41,34,CLEARED_>=20s,19.0,19.0,0.0,0.0,0.0,0.0,0.0,PASS_<20%,0.00,0.0,NO,STANDBY_VEL_LOW,0,0.00,4590.00,73.76,FALSE,M5_TREND_NEUTRAL|M1_DIRECTION_MISMATCH
2026-09-07 17:13:34.510,1788801214.510,705,37,349,4412.41,4412.49,8.0,PASS_<=10c,+0.0,FLAT,+19.0,-139.0,4.2,+0.55,0.13,SLOW,4413.80,4414.70,4412.57,4413.13,0.00,0.00,0.0,NEUTRAL,213.0,4412.22,4412.41,4412.22,4412.41,34,CLEARED_>=20s,19.0,19.0,0.0,0.0,0.0,0.0,0.0,PASS_<20%,0.00,0.0,NO,STANDBY_VEL_LOW,0,0.00,4590.00,73.76,FALSE,M5_TREND_NEUTRAL|M1_DIRECTION_MISMATCH
2026-09-07 17:13:35.012,1788801215.012,706,38,350,4412.41,4412.49,8.0,PASS_<=10c,+0.0,FLAT,+19.0,-139.0,4.2,+0.57,0.14,SLOW,4413.80,4414.70,4412.57,4413.13,0.00,0.00,0.0,NEUTRAL,213.0,4412.22,4412.41,4412.22,4412.41,35,CLEARED_>=20s,19.0,19.0,0.0,0.0,0.0,0.0,0.0,PASS_<20%,0.00,0.0,NO,STANDBY_VEL_LOW,0,0.00,4590.00,73.76,FALSE,M5_TREND_NEUTRAL|M1_DIRECTION_MISMATCH
2026-09-07 17:13:45.390,1788801225.390,707,39,351,4412.41,4412.49,8.0,PASS_<=10c,+0.0,FLAT,+19.0,-139.0,2.3,+0.55,0.24,SLOW,4413.80,4414.70,4412.57,4413.13,0.00,0.00,0.0,NEUTRAL,213.0,4412.22,4412.41,4412.22,4412.41,45,CLEARED_>=20s,19.0,19.0,0.0,0.0,0.0,0.0,0.0,PASS_<20%,0.00,0.0,NO,STANDBY_VEL_LOW,0,0.00,4590.00,73.76,FALSE,M5_TREND_NEUTRAL|M1_DIRECTION_MISMATCH
2026-09-07 17:13:52.614,1788801232.614,708,40,352,4412.06,4412.14,8.0,PASS_<=10c,-35.0,DOWN,-16.0,-174.0,1.8,+16.61,9.23,SLOW,4413.80,4414.70,4412.57,4413.13,0.00,0.00,0.0,NEUTRAL,213.0,4412.22,4412.41,4412.06,4412.06,52,CLEARED_>=20s,35.0,16.0,19.0,0.0,54.3,0.0,54.3,BLOCKED_54.3%,0.00,0.0,NO,STANDBY_VEL_LOW,0,0.00,4590.00,73.76,FALSE,M5_TREND_NEUTRAL|M1_DIRECTION_MISMATCH
2026-09-07 17:13:52.967,1788801232.968,709,41,353,4412.06,4412.14,8.0,PASS_<=10c,+0.0,FLAT,-16.0,-174.0,1.8,+14.23,7.91,SLOW,4413.80,4414.70,4412.57,4413.13,0.00,0.00,0.0,NEUTRAL,213.0,4412.22,4412.41,4412.06,4412.06,52,CLEARED_>=20s,35.0,16.0,19.0,0.0,54.3,0.0,54.3,BLOCKED_54.3%,0.00,0.0,NO,STANDBY_VEL_LOW,0,0.00,4590.00,73.76,FALSE,M5_TREND_NEUTRAL|M1_DIRECTION_MISMATCH
2026-09-07 17:13:53.470,1788801233.470,710,42,354,4412.06,4412.14,8.0,PASS_<=10c,+0.0,FLAT,-16.0,-174.0,2.0,+11.81,5.91,SLOW,4413.80,4414.70,4412.57,4413.13,0.00,0.00,0.0,NEUTRAL,213.0,4412.22,4412.41,4412.06,4412.06,53,CLEARED_>=20s,35.0,16.0,19.0,0.0,54.3,0.0,54.3,BLOCKED_54.3%,0.00,0.0,NO,STANDBY_VEL_LOW,0,0.00,4590.00,73.76,FALSE,M5_TREND_NEUTRAL|M1_DIRECTION_MISMATCH
2026-09-07 17:13:53.972,1788801233.973,711,43,355,4412.06,4412.14,8.0,PASS_<=10c,+0.0,FLAT,-16.0,-174.0,2.3,+10.10,4.39,SLOW,4413.80,4414.70,4412.57,4413.13,0.00,0.00,0.0,NEUTRAL,213.0,4412.22,4412.41,4412.06,4412.06,53,CLEARED_>=20s,35.0,16.0,19.0,0.0,54.3,0.0,54.3,BLOCKED_54.3%,0.00,0.0,NO,STANDBY_VEL_LOW,0,0.00,4590.00,73.76,FALSE,M5_TREND_NEUTRAL|M1_DIRECTION_MISMATCH
2026-09-07 17:13:54.474,1788801234.474,712,44,356,4412.06,4412.14,8.0,PASS_<=10c,+0.0,FLAT,-16.0,-174.0,2.5,+8.82,3.53,SLOW,4413.80,4414.70,4412.57,4413.13,0.00,0.00,0.0,NEUTRAL,213.0,4412.22,4412.41,4412.06,4412.06,54,CLEARED_>=20s,35.0,16.0,19.0,0.0,54.3,0.0,54.3,BLOCKED_54.3%,0.00,0.0,NO,STANDBY_VEL_LOW,0,0.00,4590.00,73.76,FALSE,M5_TREND_NEUTRAL|M1_DIRECTION_MISMATCH
2026-09-07 17:13:54.974,1788801234.975,713,45,357,4412.06,4412.14,8.0,PASS_<=10c,+0.0,FLAT,-16.0,-174.0,2.7,+7.83,2.90,SLOW,4413.80,4414.70,4412.57,4413.13,0.00,0.00,0.0,NEUTRAL,213.0,4412.22,4412.41,4412.06,4412.06,54,CLEARED_>=20s,35.0,16.0,19.0,0.0,54.3,0.0,54.3,BLOCKED_54.3%,0.00,0.0,NO,STANDBY_VEL_LOW,0,0.00,4590.00,73.76,FALSE,M5_TREND_NEUTRAL|M1_DIRECTION_MISMATCH
2026-09-07 17:13:55.475,1788801235.475,714,46,358,4412.06,4412.14,8.0,PASS_<=10c,+0.0,FLAT,-16.0,-174.0,2.8,+7.05,2.52,SLOW,4413.80,4414.70,4412.57,4413.13,0.00,0.00,0.0,NEUTRAL,213.0,4412.22,4412.41,4412.06,4412.06,55,CLEARED_>=20s,35.0,16.0,19.0,0.0,54.3,0.0,54.3,BLOCKED_54.3%,0.00,0.0,NO,STANDBY_VEL_LOW,0,0.00,4590.00,73.76,FALSE,M5_TREND_NEUTRAL|M1_DIRECTION_MISMATCH
2026-09-07 17:13:55.976,1788801235.976,715,47,359,4412.07,4412.15,8.0,PASS_<=10c,+1.0,UP,-15.0,-173.0,4.5,+0.30,0.07,SLOW,4413.80,4414.70,4412.57,4413.13,0.00,0.00,0.0,NEUTRAL,213.0,4412.22,4412.41,4412.06,4412.07,55,CLEARED_>=20s,35.0,15.0,19.0,1.0,54.3,2.9,54.3,BLOCKED_54.3%,0.00,0.0,NO,STANDBY_VEL_LOW,0,0.00,4590.00,73.76,FALSE,M5_TREND_NEUTRAL|M1_DIRECTION_MISMATCH
2026-09-07 17:13:56.478,1788801236.478,716,48,360,4412.07,4412.15,8.0,PASS_<=10c,+0.0,FLAT,-15.0,-173.0,4.4,+0.26,0.06,SLOW,4413.80,4414.70,4412.57,4413.13,0.00,0.00,0.0,NEUTRAL,213.0,4412.22,4412.41,4412.06,4412.07,56,CLEARED_>=20s,35.0,15.0,19.0,1.0,54.3,2.9,54.3,BLOCKED_54.3%,0.00,0.0,NO,STANDBY_VEL_LOW,0,0.00,4590.00,73.76,FALSE,M5_TREND_NEUTRAL|M1_DIRECTION_MISMATCH
2026-09-07 17:13:56.979,1788801236.979,717,49,361,4412.07,4412.15,8.0,PASS_<=10c,+0.0,FLAT,-15.0,-173.0,4.4,+0.23,0.05,SLOW,4413.80,4414.70,4412.57,4413.13,0.00,0.00,0.0,NEUTRAL,213.0,4412.22,4412.41,4412.06,4412.07,56,CLEARED_>=20s,35.0,15.0,19.0,1.0,54.3,2.9,54.3,BLOCKED_54.3%,0.00,0.0,NO,STANDBY_VEL_LOW,0,0.00,4590.00,73.76,FALSE,M5_TREND_NEUTRAL|M1_DIRECTION_MISMATCH
2026-09-07 17:13:57.480,1788801237.480,718,50,362,4412.07,4412.15,8.0,PASS_<=10c,+0.0,FLAT,-15.0,-173.0,4.3,+0.21,0.05,SLOW,4413.80,4414.70,4412.57,4413.13,0.00,0.00,0.0,NEUTRAL,213.0,4412.22,4412.41,4412.06,4412.07,57,CLEARED_>=20s,35.0,15.0,19.0,1.0,54.3,2.9,54.3,BLOCKED_54.3%,0.00,0.0,NO,STANDBY_VEL_LOW,0,0.00,4590.00,73.76,FALSE,M5_TREND_NEUTRAL|M1_DIRECTION_MISMATCH
2026-09-07 17:13:57.982,1788801237.983,719,51,363,4412.07,4412.15,8.0,PASS_<=10c,+0.0,FLAT,-15.0,-173.0,4.2,+0.21,0.05,SLOW,4413.80,4414.70,4412.57,4413.13,0.00,0.00,0.0,NEUTRAL,213.0,4412.22,4412.41,4412.06,4412.07,57,CLEARED_>=20s,35.0,15.0,19.0,1.0,54.3,2.9,54.3,BLOCKED_54.3%,0.00,0.0,NO,STANDBY_VEL_LOW,0,0.00,4590.00,73.76,FALSE,M5_TREND_NEUTRAL|M1_DIRECTION_MISMATCH
2026-09-07 17:13:58.483,1788801238.484,720,52,364,4412.07,4412.15,8.0,PASS_<=10c,+0.0,FLAT,-15.0,-173.0,4.2,+0.21,0.05,SLOW,4413.80,4414.70,4412.57,4413.13,0.00,0.00,0.0,NEUTRAL,213.0,4412.22,4412.41,4412.06,4412.07,58,CLEARED_>=20s,35.0,15.0,19.0,1.0,54.3,2.9,54.3,BLOCKED_54.3%,0.00,0.0,NO,STANDBY_VEL_LOW,0,0.00,4590.00,73.76,FALSE,M5_TREND_NEUTRAL|M1_DIRECTION_MISMATCH
2026-09-07 17:13:58.985,1788801238.986,721,53,365,4412.07,4412.15,8.0,PASS_<=10c,+0.0,FLAT,-15.0,-173.0,4.2,+0.21,0.05,SLOW,4413.80,4414.70,4412.57,4413.13,0.00,0.00,0.0,NEUTRAL,213.0,4412.22,4412.41,4412.06,4412.07,58,CLEARED_>=20s,35.0,15.0,19.0,1.0,54.3,2.9,54.3,BLOCKED_54.3%,0.00,0.0,NO,STANDBY_VEL_LOW,0,0.00,4590.00,73.76,FALSE,M5_TREND_NEUTRAL|M1_DIRECTION_MISMATCH
2026-09-07 17:13:59.487,1788801239.487,722,54,366,4412.07,4412.15,8.0,PASS_<=10c,+0.0,FLAT,-15.0,-173.0,4.2,+0.21,0.05,SLOW,4413.80,4414.70,4412.57,4413.13,0.00,0.00,0.0,NEUTRAL,213.0,4412.22,4412.41,4412.06,4412.07,59,CLEARED_>=20s,35.0,15.0,19.0,1.0,54.3,2.9,54.3,BLOCKED_54.3%,0.00,0.0,NO,STANDBY_VEL_LOW,0,0.00,4590.00,73.76,FALSE,M5_TREND_NEUTRAL|M1_DIRECTION_MISMATCH
2026-09-07 17:13:59.989,1788801239.990,723,55,367,4412.07,4412.15,8.0,PASS_<=10c,+0.0,FLAT,-15.0,-173.0,4.2,+0.21,0.05,SLOW,4413.80,4414.70,4412.57,4413.13,0.00,0.00,0.0,NEUTRAL,213.0,4412.22,4412.41,4412.06,4412.07,59,CLEARED_>=20s,35.0,15.0,19.0,1.0,54.3,2.9,54.3,BLOCKED_54.3%,0.00,0.0,NO,STANDBY_VEL_LOW,0,0.00,4590.00,73.76,FALSE,M5_TREND_NEUTRAL|M1_DIRECTION_MISMATCH
2026-09-07 17:14:00.490,1788801240.491,724,1,368,4412.07,4412.15,8.0,PASS_<=10c,+0.0,FLAT,+0.0,-173.0,4.2,+0.00,0.00,SLOW,4413.80,4414.70,4412.57,4413.13,0.00,0.00,0.0,NEUTRAL,213.0,4412.07,4412.07,4412.07,4412.07,0,ACTIVE_0s,1.0,0.0,0.0,0.0,0.0,0.0,0.0,PASS_<20%,0.00,0.0,NO,STANDBY_VEL_LOW,0,0.00,4590.00,73.76,FALSE,M5_TREND_NEUTRAL|M1_DIRECTION_MISMATCH|OPENING_SHIELD_ACTIVE_0s
2026-09-07 17:14:10.868,1788801250.869,725,2,369,4412.07,4412.15,8.0,PASS_<=10c,+0.0,FLAT,+0.0,-173.0,1.3,+0.00,0.00,SLOW,4413.80,4414.70,4412.57,4413.13,0.00,0.00,0.0,NEUTRAL,213.0,4412.07,4412.07,4412.07,4412.07,10,ACTIVE_10s,1.0,0.0,0.0,0.0,0.0,0.0,0.0,PASS_<20%,0.00,0.0,NO,STANDBY_VEL_LOW,0,0.00,4590.00,73.76,FALSE,M5_TREND_NEUTRAL|M1_DIRECTION_MISMATCH|OPENING_SHIELD_ACTIVE_10s
2026-09-07 17:14:17.489,1788801257.489,726,3,370,4412.07,4412.15,8.0,PASS_<=10c,+0.0,FLAT,+0.0,-173.0,1.3,+0.00,0.00,SLOW,4413.80,4414.70,4412.57,4413.13,0.00,0.00,0.0,NEUTRAL,213.0,4412.07,4412.07,4412.07,4412.07,17,ACTIVE_17s,1.0,0.0,0.0,0.0,0.0,0.0,0.0,PASS_<20%,0.00,0.0,NO,STANDBY_VEL_LOW,0,0.00,4590.00,73.76,FALSE,M5_TREND_NEUTRAL|M1_DIRECTION_MISMATCH|OPENING_SHIELD_ACTIVE_17s
2026-09-07 17:14:17.845,1788801257.845,727,4,371,4412.10,4412.18,8.0,PASS_<=10c,+3.0,UP,+3.0,-170.0,2.2,+1.61,0.73,SLOW,4413.80,4414.70,4412.57,4413.13,0.00,0.00,0.0,NEUTRAL,213.0,4412.07,4412.10,4412.07,4412.10,17,ACTIVE_17s,3.0,3.0,0.0,0.0,0.0,0.0,0.0,PASS_<20%,0.00,0.0,NO,STANDBY_VEL_LOW,0,0.00,4590.00,73.76,FALSE,M5_TREND_NEUTRAL|M1_DIRECTION_MISMATCH|OPENING_SHIELD_ACTIVE_17s
2026-09-07 17:14:18.346,1788801258.347,728,5,372,4412.10,4412.18,8.0,PASS_<=10c,+0.0,FLAT,+3.0,-170.0,2.5,+1.27,0.51,SLOW,4413.80,4414.70,4412.57,4413.13,0.00,0.00,0.0,NEUTRAL,213.0,4412.07,4412.10,4412.07,4412.10,18,ACTIVE_18s,3.0,3.0,0.0,0.0,0.0,0.0,0.0,PASS_<20%,0.00,0.0,NO,STANDBY_VEL_LOW,0,0.00,4590.00,73.76,FALSE,M5_TREND_NEUTRAL|M1_DIRECTION_MISMATCH|OPENING_SHIELD_ACTIVE_18s
2026-09-07 17:14:18.849,1788801258.850,729,6,373,4412.08,4412.16,8.0,PASS_<=10c,-2.0,DOWN,+1.0,-172.0,2.8,+0.35,0.12,SLOW,4413.80,4414.70,4412.57,4413.13,0.00,0.00,0.0,NEUTRAL,213.0,4412.07,4412.10,4412.07,4412.08,18,ACTIVE_18s,3.0,1.0,2.0,0.0,66.7,0.0,66.7,BLOCKED_66.7%,0.00,0.0,NO,STANDBY_VEL_LOW,0,0.00,4590.00,73.76,FALSE,M5_TREND_NEUTRAL|M1_DIRECTION_MISMATCH|OPENING_SHIELD_ACTIVE_18s
2026-09-07 17:14:19.353,1788801259.354,730,7,374,4412.08,4412.16,8.0,PASS_<=10c,+0.0,FLAT,+1.0,-172.0,3.0,+0.30,0.10,SLOW,4413.80,4414.70,4412.57,4413.13,0.00,0.00,0.0,NEUTRAL,213.0,4412.07,4412.10,4412.07,4412.08,19,ACTIVE_19s,3.0,1.0,2.0,0.0,66.7,0.0,66.7,BLOCKED_66.7%,0.00,0.0,NO,STANDBY_VEL_LOW,0,0.00,4590.00,73.76,FALSE,M5_TREND_NEUTRAL|M1_DIRECTION_MISMATCH|OPENING_SHIELD_ACTIVE_19s
2026-09-07 17:14:19.865,1788801259.865,731,8,375,4412.11,4412.19,8.0,PASS_<=10c,+3.0,UP,+4.0,-169.0,3.1,+1.03,0.33,SLOW,4413.80,4414.70,4412.57,4413.13,0.00,0.00,0.0,NEUTRAL,213.0,4412.07,4412.11,4412.07,4412.11,19,ACTIVE_19s,4.0,4.0,0.0,0.0,0.0,0.0,0.0,PASS_<20%,0.00,0.0,NO,STANDBY_VEL_LOW,0,0.00,4590.00,73.76,FALSE,M5_TREND_NEUTRAL|M1_DIRECTION_MISMATCH|OPENING_SHIELD_ACTIVE_19s
2026-09-07 17:14:20.367,1788801260.367,732,9,376,4412.11,4412.19,8.0,PASS_<=10c,+0.0,FLAT,+4.0,-169.0,3.2,+0.91,0.28,SLOW,4413.80,4414.70,4412.57,4413.13,0.00,0.00,0.0,NEUTRAL,213.0,4412.07,4412.11,4412.07,4412.11,20,CLEARED_>=20s,4.0,4.0,0.0,0.0,0.0,0.0,0.0,PASS_<20%,0.00,0.0,NO,STANDBY_VEL_LOW,0,0.00,4590.00,73.76,FALSE,M5_TREND_NEUTRAL|M1_DIRECTION_MISMATCH
2026-09-07 17:14:20.904,1788801260.905,733,10,377,4412.14,4412.22,8.0,PASS_<=10c,+3.0,UP,+7.0,-166.0,3.3,+1.42,0.43,SLOW,4413.80,4414.70,4412.57,4413.13,0.00,0.00,0.0,NEUTRAL,213.0,4412.07,4412.14,4412.07,4412.14,20,CLEARED_>=20s,7.0,7.0,0.0,0.0,0.0,0.0,0.0,PASS_<20%,0.00,0.0,NO,STANDBY_VEL_LOW,0,0.00,4590.00,73.76,FALSE,M5_TREND_NEUTRAL|M1_DIRECTION_MISMATCH
2026-09-07 17:14:21.408,1788801261.409,734,11,378,4412.14,4412.22,8.0,PASS_<=10c,+0.0,FLAT,+7.0,-166.0,4.3,+1.79,0.42,SLOW,4413.80,4414.70,4412.57,4413.13,0.00,0.00,0.0,NEUTRAL,213.0,4412.07,4412.14,4412.07,4412.14,21,CLEARED_>=20s,7.0,7.0,0.0,0.0,0.0,0.0,0.0,PASS_<20%,0.00,0.0,NO,STANDBY_VEL_LOW,0,0.00,4590.00,73.76,FALSE,M5_TREND_NEUTRAL|M1_DIRECTION_MISMATCH
2026-09-07 17:14:21.907,1788801261.908,735,12,379,4412.14,4412.22,8.0,PASS_<=10c,+0.0,FLAT,+7.0,-166.0,4.3,+1.58,0.37,SLOW,4413.80,4414.70,4412.57,4413.13,0.00,0.00,0.0,NEUTRAL,213.0,4412.07,4412.14,4412.07,4412.14,21,CLEARED_>=20s,7.0,7.0,0.0,0.0,0.0,0.0,0.0,PASS_<20%,0.00,0.0,NO,STANDBY_VEL_LOW,0,0.00,4590.00,73.76,FALSE,M5_TREND_NEUTRAL|M1_DIRECTION_MISMATCH
2026-09-07 17:14:22.409,1788801262.410,736,13,380,4412.14,4412.22,8.0,PASS_<=10c,+0.0,FLAT,+7.0,-166.0,4.3,+1.42,0.33,SLOW,4413.80,4414.70,4412.57,4413.13,0.00,0.00,0.0,NEUTRAL,213.0,4412.07,4412.14,4412.07,4412.14,22,CLEARED_>=20s,7.0,7.0,0.0,0.0,0.0,0.0,0.0,PASS_<20%,0.00,0.0,NO,STANDBY_VEL_LOW,0,0.00,4590.00,73.76,FALSE,M5_TREND_NEUTRAL|M1_DIRECTION_MISMATCH
2026-09-07 17:14:22.911,1788801262.911,737,14,381,4412.14,4412.22,8.0,PASS_<=10c,+0.0,FLAT,+7.0,-166.0,4.2,+0.83,0.20,SLOW,4413.80,4414.70,4412.57,4413.13,0.00,0.00,0.0,NEUTRAL,213.0,4412.07,4412.14,4412.07,4412.14,22,CLEARED_>=20s,7.0,7.0,0.0,0.0,0.0,0.0,0.0,PASS_<20%,0.00,0.0,NO,STANDBY_VEL_LOW,0,0.00,4590.00,73.76,FALSE,M5_TREND_NEUTRAL|M1_DIRECTION_MISMATCH
2026-09-07 17:14:23.413,1788801263.413,738,15,382,4412.14,4412.22,8.0,PASS_<=10c,+0.0,FLAT,+7.0,-166.0,4.2,+0.83,0.20,SLOW,4413.80,4414.70,4412.57,4413.13,0.00,0.00,0.0,NEUTRAL,213.0,4412.07,4412.14,4412.07,4412.14,23,CLEARED_>=20s,7.0,7.0,0.0,0.0,0.0,0.0,0.0,PASS_<20%,0.00,0.0,NO,STANDBY_VEL_LOW,0,0.00,4590.00,73.76,FALSE,M5_TREND_NEUTRAL|M1_DIRECTION_MISMATCH
2026-09-07 17:14:23.915,1788801263.916,739,16,383,4412.14,4412.22,8.0,PASS_<=10c,+0.0,FLAT,+7.0,-166.0,4.2,+1.25,0.30,SLOW,4413.80,4414.70,4412.57,4413.13,0.00,0.00,0.0,NEUTRAL,213.0,4412.07,4412.14,4412.07,4412.14,23,CLEARED_>=20s,7.0,7.0,0.0,0.0,0.0,0.0,0.0,PASS_<20%,0.00,0.0,NO,STANDBY_VEL_LOW,0,0.00,4590.00,73.76,FALSE,M5_TREND_NEUTRAL|M1_DIRECTION_MISMATCH
2026-09-07 17:14:24.417,1788801264.417,740,17,384,4412.14,4412.22,8.0,PASS_<=10c,+0.0,FLAT,+7.0,-166.0,4.2,+1.04,0.25,SLOW,4413.80,4414.70,4412.57,4413.13,0.00,0.00,0.0,NEUTRAL,213.0,4412.07,4412.14,4412.07,4412.14,24,CLEARED_>=20s,7.0,7.0,0.0,0.0,0.0,0.0,0.0,PASS_<20%,0.00,0.0,NO,STANDBY_VEL_LOW,0,0.00,4590.00,73.76,FALSE,M5_TREND_NEUTRAL|M1_DIRECTION_MISMATCH
2026-09-07 17:14:24.918,1788801264.918,741,18,385,4412.14,4412.22,8.0,PASS_<=10c,+0.0,FLAT,+7.0,-166.0,4.2,+0.62,0.15,SLOW,4413.80,4414.70,4412.57,4413.13,0.00,0.00,0.0,NEUTRAL,213.0,4412.07,4412.14,4412.07,4412.14,24,CLEARED_>=20s,7.0,7.0,0.0,0.0,0.0,0.0,0.0,PASS_<20%,0.00,0.0,NO,STANDBY_VEL_LOW,0,0.00,4590.00,73.76,FALSE,M5_TREND_NEUTRAL|M1_DIRECTION_MISMATCH
2026-09-07 17:14:25.419,1788801265.420,742,19,386,4412.14,4412.22,8.0,PASS_<=10c,+0.0,FLAT,+7.0,-166.0,4.2,+0.00,0.00,SLOW,4413.80,4414.70,4412.57,4413.13,0.00,0.00,0.0,NEUTRAL,213.0,4412.07,4412.14,4412.07,4412.14,25,CLEARED_>=20s,7.0,7.0,0.0,0.0,0.0,0.0,0.0,PASS_<20%,0.00,0.0,NO,STANDBY_VEL_LOW,0,0.00,4590.00,73.76,FALSE,M5_TREND_NEUTRAL|M1_DIRECTION_MISMATCH
2026-09-07 17:14:35.798,1788801275.798,743,20,387,4412.14,4412.22,8.0,PASS_<=10c,+0.0,FLAT,+7.0,-166.0,1.3,+0.00,0.00,SLOW,4413.80,4414.70,4412.57,4413.13,0.00,0.00,0.0,NEUTRAL,213.0,4412.07,4412.14,4412.07,4412.14,35,CLEARED_>=20s,7.0,7.0,0.0,0.0,0.0,0.0,0.0,PASS_<20%,0.00,0.0,NO,STANDBY_VEL_LOW,0,0.00,4590.00,73.76,FALSE,M5_TREND_NEUTRAL|M1_DIRECTION_MISMATCH
2026-09-07 17:14:42.434,1788801282.434,744,21,388,4412.14,4412.22,8.0,PASS_<=10c,+0.0,FLAT,+7.0,-166.0,1.3,+0.00,0.00,SLOW,4413.80,4414.70,4412.57,4413.13,0.00,0.00,0.0,NEUTRAL,213.0,4412.07,4412.14,4412.07,4412.14,42,CLEARED_>=20s,7.0,7.0,0.0,0.0,0.0,0.0,0.0,PASS_<20%,0.00,0.0,NO,STANDBY_VEL_LOW,0,0.00,4590.00,73.76,FALSE,M5_TREND_NEUTRAL|M1_DIRECTION_MISMATCH
2026-09-07 17:14:42.789,1788801282.789,745,22,389,4412.35,4412.43,8.0,PASS_<=10c,+21.0,UP,+28.0,-145.0,2.2,+11.30,5.14,SLOW,4413.80,4414.70,4412.57,4413.13,0.00,0.00,0.0,NEUTRAL,213.0,4412.07,4412.35,4412.07,4412.35,42,CLEARED_>=20s,28.0,28.0,0.0,0.0,0.0,0.0,0.0,PASS_<20%,0.00,0.0,NO,STANDBY_VEL_LOW,0,0.00,4590.00,73.76,FALSE,M5_TREND_NEUTRAL|M1_DIRECTION_MISMATCH
2026-09-07 17:14:43.291,1788801283.291,746,23,390,4412.35,4412.43,8.0,PASS_<=10c,+0.0,FLAT,+28.0,-145.0,2.5,+8.90,3.56,SLOW,4413.80,4414.70,4412.57,4413.13,0.00,0.00,0.0,NEUTRAL,213.0,4412.07,4412.35,4412.07,4412.35,43,CLEARED_>=20s,28.0,28.0,0.0,0.0,0.0,0.0,0.0,PASS_<20%,0.00,0.0,NO,STANDBY_VEL_LOW,0,0.00,4590.00,73.76,FALSE,M5_TREND_NEUTRAL|M1_DIRECTION_MISMATCH
2026-09-07 17:14:43.792,1788801283.793,747,24,391,4412.35,4412.43,8.0,PASS_<=10c,+0.0,FLAT,+28.0,-145.0,2.8,+7.34,2.62,SLOW,4413.80,4414.70,4412.57,4413.13,0.00,0.00,0.0,NEUTRAL,213.0,4412.07,4412.35,4412.07,4412.35,43,CLEARED_>=20s,28.0,28.0,0.0,0.0,0.0,0.0,0.0,PASS_<20%,0.00,0.0,NO,STANDBY_VEL_LOW,0,0.00,4590.00,73.76,FALSE,M5_TREND_NEUTRAL|M1_DIRECTION_MISMATCH
2026-09-07 17:14:44.293,1788801284.294,748,25,392,4412.24,4412.32,8.0,PASS_<=10c,-11.0,DOWN,+17.0,-156.0,3.0,+2.97,0.99,SLOW,4413.80,4414.70,4412.57,4413.13,0.00,0.00,0.0,NEUTRAL,213.0,4412.07,4412.35,4412.07,4412.24,44,CLEARED_>=20s,28.0,17.0,11.0,0.0,39.3,0.0,39.3,BLOCKED_39.3%,0.00,0.0,NO,STANDBY_VEL_LOW,0,0.00,4590.00,73.76,FALSE,M5_TREND_NEUTRAL|M1_DIRECTION_MISMATCH
2026-09-07 17:14:44.794,1788801284.795,749,26,393,4412.24,4412.32,8.0,PASS_<=10c,+0.0,FLAT,+17.0,-156.0,3.1,+2.59,0.84,SLOW,4413.80,4414.70,4412.57,4413.13,0.00,0.00,0.0,NEUTRAL,213.0,4412.07,4412.35,4412.07,4412.24,44,CLEARED_>=20s,28.0,17.0,11.0,0.0,39.3,0.0,39.3,BLOCKED_39.3%,0.00,0.0,NO,STANDBY_VEL_LOW,0,0.00,4590.00,73.76,FALSE,M5_TREND_NEUTRAL|M1_DIRECTION_MISMATCH
2026-09-07 17:14:45.299,1788801285.299,750,27,394,4412.16,4412.24,8.0,PASS_<=10c,-8.0,DOWN,+9.0,-164.0,3.2,+0.46,0.14,SLOW,4413.80,4414.70,4412.57,4413.13,0.00,0.00,0.0,NEUTRAL,213.0,4412.07,4412.35,4412.07,4412.16,45,CLEARED_>=20s,28.0,9.0,19.0,0.0,67.9,0.0,67.9,BLOCKED_67.9%,0.00,0.0,NO,STANDBY_VEL_LOW,0,0.00,4590.00,73.76,FALSE,M5_TREND_NEUTRAL|M1_DIRECTION_MISMATCH
2026-09-07 17:14:45.796,1788801285.796,751,28,395,4412.16,4412.24,8.0,PASS_<=10c,+0.0,FLAT,+9.0,-164.0,3.3,+0.41,0.12,SLOW,4413.80,4414.70,4412.57,4413.13,0.00,0.00,0.0,NEUTRAL,213.0,4412.07,4412.35,4412.07,4412.16,45,CLEARED_>=20s,28.0,9.0,19.0,0.0,67.9,0.0,67.9,BLOCKED_67.9%,0.00,0.0,NO,STANDBY_VEL_LOW,0,0.00,4590.00,73.76,FALSE,M5_TREND_NEUTRAL|M1_DIRECTION_MISMATCH
2026-09-07 17:14:46.298,1788801286.298,752,29,396,4412.16,4412.24,8.0,PASS_<=10c,+0.0,FLAT,+9.0,-164.0,4.4,+0.52,0.12,SLOW,4413.80,4414.70,4412.57,4413.13,0.00,0.00,0.0,NEUTRAL,213.0,4412.07,4412.35,4412.07,4412.16,46,CLEARED_>=20s,28.0,9.0,19.0,0.0,67.9,0.0,67.9,BLOCKED_67.9%,0.00,0.0,NO,STANDBY_VEL_LOW,0,0.00,4590.00,73.76,FALSE,M5_TREND_NEUTRAL|M1_DIRECTION_MISMATCH
2026-09-07 17:14:46.800,1788801286.800,753,30,397,4412.16,4412.24,8.0,PASS_<=10c,+0.0,FLAT,+9.0,-164.0,4.4,+0.46,0.10,SLOW,4413.80,4414.70,4412.57,4413.13,0.00,0.00,0.0,NEUTRAL,213.0,4412.07,4412.35,4412.07,4412.16,46,CLEARED_>=20s,28.0,9.0,19.0,0.0,67.9,0.0,67.9,BLOCKED_67.9%,0.00,0.0,NO,STANDBY_VEL_LOW,0,0.00,4590.00,73.76,FALSE,M5_TREND_NEUTRAL|M1_DIRECTION_MISMATCH
2026-09-07 17:14:47.302,1788801287.303,754,31,398,4412.16,4412.24,8.0,PASS_<=10c,+0.0,FLAT,+9.0,-164.0,4.3,+0.41,0.10,SLOW,4413.80,4414.70,4412.57,4413.13,0.00,0.00,0.0,NEUTRAL,213.0,4412.07,4412.35,4412.07,4412.16,47,CLEARED_>=20s,28.0,9.0,19.0,0.0,67.9,0.0,67.9,BLOCKED_67.9%,0.00,0.0,NO,STANDBY_VEL_LOW,0,0.00,4590.00,73.76,FALSE,M5_TREND_NEUTRAL|M1_DIRECTION_MISMATCH
2026-09-07 17:14:47.803,1788801287.804,755,32,399,4412.16,4412.24,8.0,PASS_<=10c,+0.0,FLAT,+9.0,-164.0,4.2,+3.99,0.95,SLOW,4413.80,4414.70,4412.57,4413.13,0.00,0.00,0.0,NEUTRAL,213.0,4412.07,4412.35,4412.07,4412.16,47,CLEARED_>=20s,28.0,9.0,19.0,0.0,67.9,0.0,67.9,BLOCKED_67.9%,0.00,0.0,NO,STANDBY_VEL_LOW,0,0.00,4590.00,73.76,FALSE,M5_TREND_NEUTRAL|M1_DIRECTION_MISMATCH
2026-09-07 17:14:48.305,1788801288.305,756,33,400,4412.16,4412.24,8.0,PASS_<=10c,+0.0,FLAT,+9.0,-164.0,4.2,+3.99,0.95,SLOW,4413.80,4414.70,4412.57,4413.13,0.00,0.00,0.0,NEUTRAL,213.0,4412.07,4412.35,4412.07,4412.16,48,CLEARED_>=20s,28.0,9.0,19.0,0.0,67.9,0.0,67.9,BLOCKED_67.9%,0.00,0.0,NO,STANDBY_VEL_LOW,0,0.00,4590.00,73.76,FALSE,M5_TREND_NEUTRAL|M1_DIRECTION_MISMATCH
2026-09-07 17:14:48.806,1788801288.807,757,34,401,4412.16,4412.24,8.0,PASS_<=10c,+0.0,FLAT,+9.0,-164.0,4.2,+1.68,0.40,SLOW,4413.80,4414.70,4412.57,4413.13,0.00,0.00,0.0,NEUTRAL,213.0,4412.07,4412.35,4412.07,4412.16,48,CLEARED_>=20s,28.0,9.0,19.0,0.0,67.9,0.0,67.9,BLOCKED_67.9%,0.00,0.0,NO,STANDBY_VEL_LOW,0,0.00,4590.00,73.76,FALSE,M5_TREND_NEUTRAL|M1_DIRECTION_MISMATCH
2026-09-07 17:14:49.307,1788801289.307,758,35,402,4412.16,4412.24,8.0,PASS_<=10c,+0.0,FLAT,+9.0,-164.0,4.2,+1.68,0.40,SLOW,4413.80,4414.70,4412.57,4413.13,0.00,0.00,0.0,NEUTRAL,213.0,4412.07,4412.35,4412.07,4412.16,49,CLEARED_>=20s,28.0,9.0,19.0,0.0,67.9,0.0,67.9,BLOCKED_67.9%,0.00,0.0,NO,STANDBY_VEL_LOW,0,0.00,4590.00,73.76,FALSE,M5_TREND_NEUTRAL|M1_DIRECTION_MISMATCH
2026-09-07 17:14:49.809,1788801289.810,759,36,403,4412.16,4412.24,8.0,PASS_<=10c,+0.0,FLAT,+9.0,-164.0,4.2,+0.00,0.00,SLOW,4413.80,4414.70,4412.57,4413.13,0.00,0.00,0.0,NEUTRAL,213.0,4412.07,4412.35,4412.07,4412.16,49,CLEARED_>=20s,28.0,9.0,19.0,0.0,67.9,0.0,67.9,BLOCKED_67.9%,0.00,0.0,NO,STANDBY_VEL_LOW,0,0.00,4590.00,73.76,FALSE,M5_TREND_NEUTRAL|M1_DIRECTION_MISMATCH
2026-09-07 17:14:50.312,1788801290.312,760,37,404,4412.16,4412.24,8.0,PASS_<=10c,+0.0,FLAT,+9.0,-164.0,4.2,+0.00,0.00,SLOW,4413.80,4414.70,4412.57,4413.13,0.00,0.00,0.0,NEUTRAL,213.0,4412.07,4412.35,4412.07,4412.16,50,CLEARED_>=20s,28.0,9.0,19.0,0.0,67.9,0.0,67.9,BLOCKED_67.9%,0.00,0.0,NO,STANDBY_VEL_LOW,0,0.00,4590.00,73.76,FALSE,M5_TREND_NEUTRAL|M1_DIRECTION_MISMATCH
2026-09-07 17:15:00.702,1788801300.702,761,1,1,4412.16,4412.24,8.0,PASS_<=10c,+0.0,FLAT,+0.0,-98.0,1.3,+0.16,0.12,SLOW,4413.14,4413.14,4412.09,4412.16,0.00,0.00,0.0,NEUTRAL,105.0,4412.16,4412.16,4412.16,4412.16,0,ACTIVE_0s,1.0,0.0,0.0,0.0,0.0,0.0,0.0,PASS_<20%,0.00,0.0,NO,STANDBY_VEL_LOW,0,0.00,4590.00,73.76,FALSE,M5_TREND_NEUTRAL|M1_DIRECTION_MISMATCH|OPENING_SHIELD_ACTIVE_0s
2026-09-07 17:15:06.559,1788801306.559,762,2,2,4412.16,4412.24,8.0,PASS_<=10c,+0.0,FLAT,+0.0,-98.0,2.0,+0.16,0.08,SLOW,4413.14,4413.14,4412.09,4412.16,0.00,0.00,0.0,NEUTRAL,105.0,4412.16,4412.16,4412.16,4412.16,6,ACTIVE_6s,1.0,0.0,0.0,0.0,0.0,0.0,0.0,PASS_<20%,0.00,0.0,NO,STANDBY_VEL_LOW,0,0.00,4590.00,73.76,FALSE,M5_TREND_NEUTRAL|M1_DIRECTION_MISMATCH|OPENING_SHIELD_ACTIVE_6s
2026-09-07 17:15:06.914,1788801306.915,763,3,3,4412.45,4412.53,8.0,PASS_<=10c,+29.0,UP,+29.0,-69.0,3.8,+27.28,7.18,SLOW,4413.14,4413.14,4412.09,4412.16,0.00,0.00,0.0,NEUTRAL,105.0,4412.16,4412.45,4412.16,4412.45,6,ACTIVE_6s,29.0,29.0,0.0,0.0,0.0,0.0,0.0,PASS_<20%,0.00,0.0,NO,STANDBY_VEL_LOW,0,0.00,4590.00,73.76,FALSE,M5_TREND_NEUTRAL|M1_DIRECTION_MISMATCH|OPENING_SHIELD_ACTIVE_6s
2026-09-07 17:15:07.417,1788801307.417,764,4,4,4412.43,4412.51,8.0,PASS_<=10c,-2.0,DOWN,+27.0,-71.0,3.8,+17.25,4.54,SLOW,4413.14,4413.14,4412.09,4412.16,0.00,0.00,0.0,NEUTRAL,105.0,4412.16,4412.45,4412.16,4412.43,7,ACTIVE_7s,29.0,27.0,2.0,0.0,6.9,0.0,6.9,PASS_<20%,0.00,0.0,NO,STANDBY_VEL_LOW,0,0.00,4590.00,73.76,FALSE,M5_TREND_NEUTRAL|M1_DIRECTION_MISMATCH|OPENING_SHIELD_ACTIVE_7s
2026-09-07 17:15:07.918,1788801307.919,765,5,5,4412.43,4412.51,8.0,PASS_<=10c,+0.0,FLAT,+27.0,-71.0,3.9,+13.06,3.35,SLOW,4413.14,4413.14,4412.09,4412.16,0.00,0.00,0.0,NEUTRAL,105.0,4412.16,4412.45,4412.16,4412.43,7,ACTIVE_7s,29.0,27.0,2.0,0.0,6.9,0.0,6.9,PASS_<20%,0.00,0.0,NO,STANDBY_VEL_LOW,0,0.00,4590.00,73.76,FALSE,M5_TREND_NEUTRAL|M1_DIRECTION_MISMATCH|OPENING_SHIELD_ACTIVE_7s
2026-09-07 17:15:08.420,1788801308.420,766,6,6,4412.42,4412.50,8.0,PASS_<=10c,-1.0,DOWN,+26.0,-72.0,3.9,+10.12,2.59,SLOW,4413.14,4413.14,4412.09,4412.16,0.00,0.00,0.0,NEUTRAL,105.0,4412.16,4412.45,4412.16,4412.42,8,ACTIVE_8s,29.0,26.0,3.0,0.0,10.3,0.0,10.3,PASS_<20%,0.00,0.0,NO,STANDBY_VEL_LOW,0,0.00,4590.00,73.76,FALSE,M5_TREND_NEUTRAL|M1_DIRECTION_MISMATCH|OPENING_SHIELD_ACTIVE_8s
2026-09-07 17:15:08.921,1788801308.922,767,7,7,4412.42,4412.50,8.0,PASS_<=10c,+0.0,FLAT,+26.0,-72.0,3.9,+8.47,2.17,SLOW,4413.14,4413.14,4412.09,4412.16,0.00,0.00,0.0,NEUTRAL,105.0,4412.16,4412.45,4412.16,4412.42,8,ACTIVE_8s,29.0,26.0,3.0,0.0,10.3,0.0,10.3,PASS_<20%,0.00,0.0,NO,STANDBY_VEL_LOW,0,0.00,4590.00,73.76,FALSE,M5_TREND_NEUTRAL|M1_DIRECTION_MISMATCH|OPENING_SHIELD_ACTIVE_8s
2026-09-07 17:15:09.423,1788801309.424,768,8,8,4412.43,4412.51,8.0,PASS_<=10c,+1.0,UP,+27.0,-71.0,3.9,+7.56,1.94,SLOW,4413.14,4413.14,4412.09,4412.16,0.00,0.00,0.0,NEUTRAL,105.0,4412.16,4412.45,4412.16,4412.43,9,ACTIVE_9s,29.0,27.0,2.0,0.0,6.9,0.0,6.9,PASS_<20%,0.00,0.0,NO,STANDBY_VEL_LOW,0,0.00,4590.00,73.76,FALSE,M5_TREND_NEUTRAL|M1_DIRECTION_MISMATCH|OPENING_SHIELD_ACTIVE_9s
2026-09-07 17:15:09.925,1788801309.926,769,9,9,4412.43,4412.51,8.0,PASS_<=10c,+0.0,FLAT,+27.0,-71.0,3.9,+6.63,1.70,SLOW,4413.14,4413.14,4412.09,4412.16,0.00,0.00,0.0,NEUTRAL,105.0,4412.16,4412.45,4412.16,4412.43,9,ACTIVE_9s,29.0,27.0,2.0,0.0,6.9,0.0,6.9,PASS_<20%,0.00,0.0,NO,STANDBY_VEL_LOW,0,0.00,4590.00,73.76,FALSE,M5_TREND_NEUTRAL|M1_DIRECTION_MISMATCH|OPENING_SHIELD_ACTIVE_9s
2026-09-07 17:15:10.426,1788801310.427,770,10,10,4412.31,4412.39,8.0,PASS_<=10c,-12.0,DOWN,+15.0,-83.0,3.9,+3.28,0.84,SLOW,4413.14,4413.14,4412.09,4412.16,0.00,0.00,0.0,NEUTRAL,105.0,4412.16,4412.45,4412.16,4412.31,10,ACTIVE_10s,29.0,15.0,14.0,0.0,48.3,0.0,48.3,BLOCKED_48.3%,0.00,0.0,NO,STANDBY_VEL_LOW,0,0.00,4590.00,73.76,FALSE,M5_TREND_NEUTRAL|M1_DIRECTION_MISMATCH|OPENING_SHIELD_ACTIVE_10s
2026-09-07 17:15:10.928,1788801310.928,771,11,11,4412.31,4412.39,8.0,PASS_<=10c,+0.0,FLAT,+15.0,-83.0,4.3,+3.43,0.80,SLOW,4413.14,4413.14,4412.09,4412.16,0.00,0.00,0.0,NEUTRAL,105.0,4412.16,4412.45,4412.16,4412.31,10,ACTIVE_10s,29.0,15.0,14.0,0.0,48.3,0.0,48.3,BLOCKED_48.3%,0.00,0.0,NO,STANDBY_VEL_LOW,0,0.00,4590.00,73.76,FALSE,M5_TREND_NEUTRAL|M1_DIRECTION_MISMATCH|OPENING_SHIELD_ACTIVE_10s
2026-09-07 17:15:11.430,1788801311.430,772,12,12,4412.31,4412.39,8.0,PASS_<=10c,+0.0,FLAT,+15.0,-83.0,4.3,+3.08,0.72,SLOW,4413.14,4413.14,4412.09,4412.16,0.00,0.00,0.0,NEUTRAL,105.0,4412.16,4412.45,4412.16,4412.31,11,ACTIVE_11s,29.0,15.0,14.0,0.0,48.3,0.0,48.3,BLOCKED_48.3%,0.00,0.0,NO,STANDBY_VEL_LOW,0,0.00,4590.00,73.76,FALSE,M5_TREND_NEUTRAL|M1_DIRECTION_MISMATCH|OPENING_SHIELD_ACTIVE_11s
2026-09-07 17:15:11.931,1788801311.932,773,13,13,4412.31,4412.39,8.0,PASS_<=10c,+0.0,FLAT,+15.0,-83.0,4.2,+2.52,0.60,SLOW,4413.14,4413.14,4412.09,4412.16,0.00,0.00,0.0,NEUTRAL,105.0,4412.16,4412.45,4412.16,4412.31,11,ACTIVE_11s,29.0,15.0,14.0,0.0,48.3,0.0,48.3,BLOCKED_48.3%,0.00,0.0,NO,STANDBY_VEL_LOW,0,0.00,4590.00,73.76,FALSE,M5_TREND_NEUTRAL|M1_DIRECTION_MISMATCH|OPENING_SHIELD_ACTIVE_11s
2026-09-07 17:15:12.438,1788801312.438,774,14,14,4412.31,4412.39,8.0,PASS_<=10c,+0.0,FLAT,+15.0,-83.0,4.2,+2.52,0.60,SLOW,4413.14,4413.14,4412.09,4412.19,0.00,0.00,0.0,NEUTRAL,105.0,4412.16,4412.45,4412.16,4412.31,12,ACTIVE_12s,29.0,15.0,14.0,0.0,48.3,0.0,48.3,BLOCKED_48.3%,0.00,0.0,NO,STANDBY_VEL_LOW,0,0.00,4590.00,73.76,FALSE,M5_TREND_NEUTRAL|M1_DIRECTION_MISMATCH|OPENING_SHIELD_ACTIVE_12s
2026-09-07 17:15:12.941,1788801312.941,775,15,15,4412.31,4412.39,8.0,PASS_<=10c,+0.0,FLAT,+15.0,-83.0,4.2,+2.31,0.55,SLOW,4413.14,4413.14,4412.09,4412.19,0.00,0.00,0.0,NEUTRAL,105.0,4412.16,4412.45,4412.16,4412.31,12,ACTIVE_12s,29.0,15.0,14.0,0.0,48.3,0.0,48.3,BLOCKED_48.3%,0.00,0.0,NO,STANDBY_VEL_LOW,0,0.00,4590.00,73.76,FALSE,M5_TREND_NEUTRAL|M1_DIRECTION_MISMATCH|OPENING_SHIELD_ACTIVE_12s
2026-09-07 17:15:13.442,1788801313.442,776,16,16,4412.31,4412.39,8.0,PASS_<=10c,+0.0,FLAT,+15.0,-83.0,4.2,+2.31,0.55,SLOW,4413.14,4413.14,4412.09,4412.19,0.00,0.00,0.0,NEUTRAL,105.0,4412.16,4412.45,4412.16,4412.31,13,ACTIVE_13s,29.0,15.0,14.0,0.0,48.3,0.0,48.3,BLOCKED_48.3%,0.00,0.0,NO,STANDBY_VEL_LOW,0,0.00,4590.00,73.76,FALSE,M5_TREND_NEUTRAL|M1_DIRECTION_MISMATCH|OPENING_SHIELD_ACTIVE_13s
2026-09-07 17:15:13.943,1788801313.944,777,17,17,4412.31,4412.39,8.0,PASS_<=10c,+0.0,FLAT,+15.0,-83.0,4.2,+2.73,0.65,SLOW,4413.14,4413.14,4412.09,4412.19,0.00,0.00,0.0,NEUTRAL,105.0,4412.16,4412.45,4412.16,4412.31,13,ACTIVE_13s,29.0,15.0,14.0,0.0,48.3,0.0,48.3,BLOCKED_48.3%,0.00,0.0,NO,STANDBY_VEL_LOW,0,0.00,4590.00,73.76,FALSE,M5_TREND_NEUTRAL|M1_DIRECTION_MISMATCH|OPENING_SHIELD_ACTIVE_13s
2026-09-07 17:15:14.444,1788801314.444,778,18,18,4412.31,4412.39,8.0,PASS_<=10c,+0.0,FLAT,+15.0,-83.0,4.2,+2.52,0.60,SLOW,4413.14,4413.14,4412.09,4412.19,0.00,0.00,0.0,NEUTRAL,105.0,4412.16,4412.45,4412.16,4412.31,14,ACTIVE_14s,29.0,15.0,14.0,0.0,48.3,0.0,48.3,BLOCKED_48.3%,0.00,0.0,NO,STANDBY_VEL_LOW,0,0.00,4590.00,73.76,FALSE,M5_TREND_NEUTRAL|M1_DIRECTION_MISMATCH|OPENING_SHIELD_ACTIVE_14s
2026-09-07 17:15:24.824,1788801324.824,779,19,19,4412.31,4412.39,8.0,PASS_<=10c,+0.0,FLAT,+15.0,-83.0,1.3,+0.28,0.22,SLOW,4413.14,4413.14,4412.09,4412.19,0.00,0.00,0.0,NEUTRAL,105.0,4412.16,4412.45,4412.16,4412.31,24,CLEARED_>=20s,29.0,15.0,14.0,0.0,48.3,0.0,48.3,BLOCKED_48.3%,0.00,0.0,NO,STANDBY_VEL_LOW,0,0.00,4590.00,73.76,FALSE,M5_TREND_NEUTRAL|M1_DIRECTION_MISMATCH
2026-09-07 17:15:31.257,1788801331.257,780,20,20,4412.38,4412.46,8.0,PASS_<=10c,+7.0,UP,+22.0,-76.0,1.5,+5.37,3.58,SLOW,4413.14,4413.14,4412.09,4412.19,0.00,0.00,0.0,NEUTRAL,105.0,4412.16,4412.45,4412.16,4412.38,31,CLEARED_>=20s,29.0,22.0,7.0,0.0,24.1,0.0,24.1,BLOCKED_24.1%,0.00,0.0,NO,STANDBY_VEL_LOW,0,0.00,4590.00,73.76,FALSE,M5_TREND_NEUTRAL|M1_DIRECTION_MISMATCH
2026-09-07 17:15:31.612,1788801331.612,781,21,21,4412.38,4412.46,8.0,PASS_<=10c,+0.0,FLAT,+22.0,-76.0,2.4,+4.22,1.76,SLOW,4413.14,4413.14,4412.09,4412.19,0.00,0.00,0.0,NEUTRAL,105.0,4412.16,4412.45,4412.16,4412.38,31,CLEARED_>=20s,29.0,22.0,7.0,0.0,24.1,0.0,24.1,BLOCKED_24.1%,0.00,0.0,NO,STANDBY_VEL_LOW,0,0.00,4590.00,73.76,FALSE,M5_TREND_NEUTRAL|M1_DIRECTION_MISMATCH
2026-09-07 17:15:32.112,1788801332.113,782,22,22,4412.38,4412.46,8.0,PASS_<=10c,+0.0,FLAT,+22.0,-76.0,2.8,+3.24,1.16,SLOW,4413.14,4413.14,4412.09,4412.19,0.00,0.00,0.0,NEUTRAL,105.0,4412.16,4412.45,4412.16,4412.38,32,CLEARED_>=20s,29.0,22.0,7.0,0.0,24.1,0.0,24.1,BLOCKED_24.1%,0.00,0.0,NO,STANDBY_VEL_LOW,0,0.00,4590.00,73.76,FALSE,M5_TREND_NEUTRAL|M1_DIRECTION_MISMATCH
2026-09-07 17:15:32.614,1788801332.614,783,23,23,4412.38,4412.46,8.0,PASS_<=10c,+0.0,FLAT,+22.0,-76.0,3.0,+2.63,0.88,SLOW,4413.14,4413.14,4412.09,4412.19,0.00,0.00,0.0,NEUTRAL,105.0,4412.16,4412.45,4412.16,4412.38,32,CLEARED_>=20s,29.0,22.0,7.0,0.0,24.1,0.0,24.1,BLOCKED_24.1%,0.00,0.0,NO,STANDBY_VEL_LOW,0,0.00,4590.00,73.76,FALSE,M5_TREND_NEUTRAL|M1_DIRECTION_MISMATCH
2026-09-07 17:15:33.116,1788801333.116,784,24,24,4412.42,4412.50,8.0,PASS_<=10c,+4.0,UP,+26.0,-72.0,3.2,+3.48,1.09,SLOW,4413.14,4413.14,4412.09,4412.19,0.00,0.00,0.0,NEUTRAL,105.0,4412.16,4412.45,4412.16,4412.42,33,CLEARED_>=20s,29.0,26.0,3.0,0.0,10.3,0.0,10.3,PASS_<20%,0.00,0.0,NO,STANDBY_VEL_LOW,0,0.00,4590.00,73.76,FALSE,M5_TREND_NEUTRAL|M1_DIRECTION_MISMATCH
2026-09-07 17:15:33.618,1788801333.619,785,25,25,4412.42,4412.50,8.0,PASS_<=10c,+0.0,FLAT,+26.0,-72.0,3.3,+3.00,0.91,SLOW,4413.14,4413.14,4412.09,4412.19,0.00,0.00,0.0,NEUTRAL,105.0,4412.16,4412.45,4412.16,4412.42,33,CLEARED_>=20s,29.0,26.0,3.0,0.0,10.3,0.0,10.3,PASS_<20%,0.00,0.0,NO,STANDBY_VEL_LOW,0,0.00,4590.00,73.76,FALSE,M5_TREND_NEUTRAL|M1_DIRECTION_MISMATCH
2026-09-07 17:15:34.119,1788801334.120,786,26,26,4412.45,4412.53,8.0,PASS_<=10c,+3.0,UP,+29.0,-69.0,3.4,+3.36,0.99,SLOW,4413.14,4413.14,4412.09,4412.19,0.00,0.00,0.0,NEUTRAL,105.0,4412.16,4412.45,4412.16,4412.45,34,CLEARED_>=20s,29.0,29.0,0.0,0.0,0.0,0.0,0.0,PASS_<20%,0.00,0.0,NO,STANDBY_VEL_LOW,0,0.00,4590.00,73.76,FALSE,M5_TREND_NEUTRAL|M1_DIRECTION_MISMATCH
2026-09-07 17:15:34.621,1788801334.621,787,27,27,4412.45,4412.53,8.0,PASS_<=10c,+0.0,FLAT,+29.0,-69.0,3.4,+3.00,0.88,SLOW,4413.14,4413.14,4412.09,4412.19,0.00,0.00,0.0,NEUTRAL,105.0,4412.16,4412.45,4412.16,4412.45,34,CLEARED_>=20s,29.0,29.0,0.0,0.0,0.0,0.0,0.0,PASS_<20%,0.00,0.0,NO,STANDBY_VEL_LOW,0,0.00,4590.00,73.76,FALSE,M5_TREND_NEUTRAL|M1_DIRECTION_MISMATCH
2026-09-07 17:15:35.122,1788801335.123,788,28,28,4412.45,4412.53,8.0,PASS_<=10c,+0.0,FLAT,+29.0,-69.0,4.4,+1.81,0.41,SLOW,4413.14,4413.14,4412.09,4412.19,0.00,0.00,0.0,NEUTRAL,105.0,4412.16,4412.45,4412.16,4412.45,35,CLEARED_>=20s,29.0,29.0,0.0,0.0,0.0,0.0,0.0,PASS_<20%,0.00,0.0,NO,STANDBY_VEL_LOW,0,0.00,4590.00,73.76,FALSE,M5_TREND_NEUTRAL|M1_DIRECTION_MISMATCH
2026-09-07 17:15:35.624,1788801335.624,789,29,29,4412.45,4412.53,8.0,PASS_<=10c,+0.0,FLAT,+29.0,-69.0,4.3,+1.60,0.37,SLOW,4413.14,4413.14,4412.09,4412.19,0.00,0.00,0.0,NEUTRAL,105.0,4412.16,4412.45,4412.16,4412.45,35,CLEARED_>=20s,29.0,29.0,0.0,0.0,0.0,0.0,0.0,PASS_<20%,0.00,0.0,NO,STANDBY_VEL_LOW,0,0.00,4590.00,73.76,FALSE,M5_TREND_NEUTRAL|M1_DIRECTION_MISMATCH
2026-09-07 17:15:36.125,1788801336.125,790,30,30,4412.45,4412.53,8.0,PASS_<=10c,+0.0,FLAT,+29.0,-69.0,4.3,+1.44,0.33,SLOW,4413.14,4413.14,4412.09,4412.19,0.00,0.00,0.0,NEUTRAL,105.0,4412.16,4412.45,4412.16,4412.45,36,CLEARED_>=20s,29.0,29.0,0.0,0.0,0.0,0.0,0.0,PASS_<20%,0.00,0.0,NO,STANDBY_VEL_LOW,0,0.00,4590.00,73.76,FALSE,M5_TREND_NEUTRAL|M1_DIRECTION_MISMATCH
2026-09-07 17:15:36.626,1788801336.627,791,31,31,4412.45,4412.53,8.0,PASS_<=10c,+0.0,FLAT,+29.0,-69.0,4.2,+1.47,0.35,SLOW,4413.14,4413.14,4412.09,4412.19,0.00,0.00,0.0,NEUTRAL,105.0,4412.16,4412.45,4412.16,4412.45,36,CLEARED_>=20s,29.0,29.0,0.0,0.0,0.0,0.0,0.0,PASS_<20%,0.00,0.0,NO,STANDBY_VEL_LOW,0,0.00,4590.00,73.76,FALSE,M5_TREND_NEUTRAL|M1_DIRECTION_MISMATCH
2026-09-07 17:15:37.130,1788801337.130,792,32,32,4412.45,4412.53,8.0,PASS_<=10c,+0.0,FLAT,+29.0,-69.0,4.2,+1.47,0.35,SLOW,4413.14,4413.14,4412.09,4412.19,0.00,0.00,0.0,NEUTRAL,105.0,4412.16,4412.45,4412.16,4412.45,37,CLEARED_>=20s,29.0,29.0,0.0,0.0,0.0,0.0,0.0,PASS_<20%,0.00,0.0,NO,STANDBY_VEL_LOW,0,0.00,4590.00,73.76,FALSE,M5_TREND_NEUTRAL|M1_DIRECTION_MISMATCH
2026-09-07 17:15:37.631,1788801337.632,793,33,33,4412.45,4412.53,8.0,PASS_<=10c,+0.0,FLAT,+29.0,-69.0,4.2,+0.63,0.15,SLOW,4413.14,4413.14,4412.09,4412.19,0.00,0.00,0.0,NEUTRAL,105.0,4412.16,4412.45,4412.16,4412.45,37,CLEARED_>=20s,29.0,29.0,0.0,0.0,0.0,0.0,0.0,PASS_<20%,0.00,0.0,NO,STANDBY_VEL_LOW,0,0.00,4590.00,73.76,FALSE,M5_TREND_NEUTRAL|M1_DIRECTION_MISMATCH
2026-09-07 17:15:38.132,1788801338.133,794,34,34,4412.45,4412.53,8.0,PASS_<=10c,+0.0,FLAT,+29.0,-69.0,4.2,+0.63,0.15,SLOW,4413.14,4413.14,4412.09,4412.19,0.00,0.00,0.0,NEUTRAL,105.0,4412.16,4412.45,4412.16,4412.45,38,CLEARED_>=20s,29.0,29.0,0.0,0.0,0.0,0.0,0.0,PASS_<20%,0.00,0.0,NO,STANDBY_VEL_LOW,0,0.00,4590.00,73.76,FALSE,M5_TREND_NEUTRAL|M1_DIRECTION_MISMATCH
2026-09-07 17:15:38.634,1788801338.635,795,35,35,4412.45,4412.53,8.0,PASS_<=10c,+0.0,FLAT,+29.0,-69.0,4.2,+0.54,0.13,SLOW,4413.14,4413.14,4412.09,4412.19,0.00,0.00,0.0,NEUTRAL,105.0,4412.16,4412.45,4412.16,4412.45,38,CLEARED_>=20s,29.0,29.0,0.0,0.0,0.0,0.0,0.0,PASS_<20%,0.00,0.0,NO,STANDBY_VEL_LOW,0,0.00,4590.00,73.76,FALSE,M5_TREND_NEUTRAL|M1_DIRECTION_MISMATCH
2026-09-07 17:15:39.136,1788801339.137,796,36,36,4412.45,4412.53,8.0,PASS_<=10c,+0.0,FLAT,+29.0,-69.0,4.2,+0.53,0.13,SLOW,4413.14,4413.14,4412.09,4412.19,0.00,0.00,0.0,NEUTRAL,105.0,4412.16,4412.45,4412.16,4412.45,39,CLEARED_>=20s,29.0,29.0,0.0,0.0,0.0,0.0,0.0,PASS_<20%,0.00,0.0,NO,STANDBY_VEL_LOW,0,0.00,4590.00,73.76,FALSE,M5_TREND_NEUTRAL|M1_DIRECTION_MISMATCH
2026-09-07 17:15:49.537,1788801349.537,797,37,37,4412.45,4412.53,8.0,PASS_<=10c,+0.0,FLAT,+29.0,-69.0,1.3,+0.48,0.37,SLOW,4413.14,4413.14,4412.09,4412.19,0.00,0.00,0.0,NEUTRAL,105.0,4412.16,4412.45,4412.16,4412.45,49,CLEARED_>=20s,29.0,29.0,0.0,0.0,0.0,0.0,0.0,PASS_<20%,0.00,0.0,NO,STANDBY_VEL_LOW,0,0.00,4590.00,73.76,FALSE,M5_TREND_NEUTRAL|M1_DIRECTION_MISMATCH
2026-09-07 17:15:56.022,1788801356.023,798,38,38,4412.45,4412.53,8.0,PASS_<=10c,+0.0,FLAT,+29.0,-69.0,1.5,+0.52,0.35,SLOW,4413.14,4413.14,4412.09,4412.19,0.00,0.00,0.0,NEUTRAL,105.0,4412.16,4412.45,4412.16,4412.45,56,CLEARED_>=20s,29.0,29.0,0.0,0.0,0.0,0.0,0.0,PASS_<20%,0.00,0.0,NO,STANDBY_VEL_LOW,0,0.00,4590.00,73.76,FALSE,M5_TREND_NEUTRAL|M1_DIRECTION_MISMATCH
2026-09-07 17:15:56.377,1788801356.378,799,39,39,4412.26,4412.34,8.0,PASS_<=10c,-19.0,DOWN,+10.0,-88.0,2.4,+11.44,4.77,SLOW,4413.14,4413.14,4412.09,4412.19,0.00,0.00,0.0,NEUTRAL,105.0,4412.16,4412.45,4412.16,4412.26,56,CLEARED_>=20s,29.0,10.0,19.0,0.0,65.5,0.0,65.5,BLOCKED_65.5%,0.00,0.0,NO,STANDBY_VEL_LOW,0,0.00,4590.00,73.76,FALSE,M5_TREND_NEUTRAL|M1_DIRECTION_MISMATCH
2026-09-07 17:15:56.879,1788801356.880,800,40,40,4412.29,4412.37,8.0,PASS_<=10c,+3.0,UP,+13.0,-85.0,2.8,+7.40,2.64,SLOW,4413.14,4413.14,4412.09,4412.19,0.00,0.00,0.0,NEUTRAL,105.0,4412.16,4412.45,4412.16,4412.29,56,CLEARED_>=20s,29.0,13.0,16.0,0.0,55.2,0.0,55.2,BLOCKED_55.2%,0.00,0.0,NO,STANDBY_VEL_LOW,0,0.00,4590.00,73.76,FALSE,M5_TREND_NEUTRAL|M1_DIRECTION_MISMATCH
2026-09-07 17:15:57.382,1788801357.383,801,41,41,4412.29,4412.37,8.0,PASS_<=10c,+0.0,FLAT,+13.0,-85.0,3.0,+6.00,2.00,SLOW,4413.14,4413.14,4412.09,4412.19,0.00,0.00,0.0,NEUTRAL,105.0,4412.16,4412.45,4412.16,4412.29,57,CLEARED_>=20s,29.0,13.0,16.0,0.0,55.2,0.0,55.2,BLOCKED_55.2%,0.00,0.0,NO,STANDBY_VEL_LOW,0,0.00,4590.00,73.76,FALSE,M5_TREND_NEUTRAL|M1_DIRECTION_MISMATCH
2026-09-07 17:15:57.883,1788801357.883,802,42,42,4412.34,4412.42,8.0,PASS_<=10c,+5.0,UP,+18.0,-80.0,3.2,+3.47,1.08,SLOW,4413.14,4413.14,4412.09,4412.19,0.00,0.00,0.0,NEUTRAL,105.0,4412.16,4412.45,4412.16,4412.34,57,CLEARED_>=20s,29.0,18.0,11.0,0.0,37.9,0.0,37.9,BLOCKED_37.9%,0.00,0.0,NO,STANDBY_VEL_LOW,0,0.00,4590.00,73.76,FALSE,M5_TREND_NEUTRAL|M1_DIRECTION_MISMATCH
2026-09-07 17:15:58.384,1788801358.385,803,43,43,4412.34,4412.42,8.0,PASS_<=10c,+0.0,FLAT,+18.0,-80.0,3.3,+3.00,0.91,SLOW,4413.14,4413.14,4412.09,4412.19,0.00,0.00,0.0,NEUTRAL,105.0,4412.16,4412.45,4412.16,4412.34,58,CLEARED_>=20s,29.0,18.0,11.0,0.0,37.9,0.0,37.9,BLOCKED_37.9%,0.00,0.0,NO,STANDBY_VEL_LOW,0,0.00,4590.00,73.76,FALSE,M5_TREND_NEUTRAL|M1_DIRECTION_MISMATCH
2026-09-07 17:15:58.886,1788801358.887,804,44,44,4412.34,4412.42,8.0,PASS_<=10c,+0.0,FLAT,+18.0,-80.0,3.4,+2.64,0.78,SLOW,4413.14,4413.14,4412.09,4412.19,0.00,0.00,0.0,NEUTRAL,105.0,4412.16,4412.45,4412.16,4412.34,58,CLEARED_>=20s,29.0,18.0,11.0,0.0,37.9,0.0,37.9,BLOCKED_37.9%,0.00,0.0,NO,STANDBY_VEL_LOW,0,0.00,4590.00,73.76,FALSE,M5_TREND_NEUTRAL|M1_DIRECTION_MISMATCH
2026-09-07 17:15:59.387,1788801359.388,805,45,45,4412.34,4412.42,8.0,PASS_<=10c,+0.0,FLAT,+18.0,-80.0,3.4,+2.36,0.69,SLOW,4413.14,4413.14,4412.09,4412.19,0.00,0.00,0.0,NEUTRAL,105.0,4412.16,4412.45,4412.16,4412.34,59,CLEARED_>=20s,29.0,18.0,11.0,0.0,37.9,0.0,37.9,BLOCKED_37.9%,0.00,0.0,NO,STANDBY_VEL_LOW,0,0.00,4590.00,73.76,FALSE,M5_TREND_NEUTRAL|M1_DIRECTION_MISMATCH
2026-09-07 17:15:59.888,1788801359.889,806,46,46,4412.35,4412.43,8.0,PASS_<=10c,+1.0,UP,+19.0,-79.0,4.4,+2.59,0.59,SLOW,4413.14,4413.14,4412.09,4412.19,0.00,0.00,0.0,NEUTRAL,105.0,4412.16,4412.45,4412.16,4412.35,59,CLEARED_>=20s,29.0,19.0,10.0,0.0,34.5,0.0,34.5,BLOCKED_34.5%,0.00,0.0,NO,STANDBY_VEL_LOW,0,0.00,4590.00,73.76,FALSE,M5_TREND_NEUTRAL|M1_DIRECTION_MISMATCH
2026-09-07 17:16:00.391,1788801360.391,807,1,47,4412.35,4412.43,8.0,PASS_<=10c,+0.0,FLAT,+0.0,-79.0,4.3,+2.29,0.53,SLOW,4413.14,4413.14,4412.09,4412.19,0.00,0.00,0.0,NEUTRAL,105.0,4412.35,4412.35,4412.35,4412.35,0,ACTIVE_0s,1.0,0.0,0.0,0.0,0.0,0.0,0.0,PASS_<20%,0.00,0.0,NO,STANDBY_VEL_LOW,0,0.00,4590.00,73.76,FALSE,M5_TREND_NEUTRAL|M1_DIRECTION_MISMATCH|OPENING_SHIELD_ACTIVE_0s
2026-09-07 17:16:00.893,1788801360.894,808,2,48,4412.35,4412.43,8.0,PASS_<=10c,+0.0,FLAT,+0.0,-79.0,4.3,+2.05,0.48,SLOW,4413.14,4413.14,4412.09,4412.19,0.00,0.00,0.0,NEUTRAL,105.0,4412.35,4412.35,4412.35,4412.35,0,ACTIVE_0s,1.0,0.0,0.0,0.0,0.0,0.0,0.0,PASS_<20%,0.00,0.0,NO,STANDBY_VEL_LOW,0,0.00,4590.00,73.76,FALSE,M5_TREND_NEUTRAL|M1_DIRECTION_MISMATCH|OPENING_SHIELD_ACTIVE_0s
2026-09-07 17:16:01.395,1788801361.395,809,3,49,4412.35,4412.43,8.0,PASS_<=10c,+0.0,FLAT,+0.0,-79.0,4.2,+1.89,0.45,SLOW,4413.14,4413.14,4412.09,4412.19,0.00,0.00,0.0,NEUTRAL,105.0,4412.35,4412.35,4412.35,4412.35,1,ACTIVE_1s,1.0,0.0,0.0,0.0,0.0,0.0,0.0,PASS_<20%,0.00,0.0,NO,STANDBY_VEL_LOW,0,0.00,4590.00,73.76,FALSE,M5_TREND_NEUTRAL|M1_DIRECTION_MISMATCH|OPENING_SHIELD_ACTIVE_1s
2026-09-07 17:16:01.904,1788801361.905,810,4,50,4412.35,4412.43,8.0,PASS_<=10c,+0.0,FLAT,+0.0,-79.0,4.2,+1.26,0.30,SLOW,4413.14,4413.14,4412.09,4412.19,0.00,0.00,0.0,NEUTRAL,105.0,4412.35,4412.35,4412.35,4412.35,1,ACTIVE_1s,1.0,0.0,0.0,0.0,0.0,0.0,0.0,PASS_<20%,0.00,0.0,NO,STANDBY_VEL_LOW,0,0.00,4590.00,73.76,FALSE,M5_TREND_NEUTRAL|M1_DIRECTION_MISMATCH|OPENING_SHIELD_ACTIVE_1s
2026-09-07 17:16:02.406,1788801362.407,811,5,51,4412.35,4412.43,8.0,PASS_<=10c,+0.0,FLAT,+0.0,-79.0,4.2,+1.05,0.25,SLOW,4413.14,4413.14,4412.09,4412.19,0.00,0.00,0.0,NEUTRAL,105.0,4412.35,4412.35,4412.35,4412.35,2,ACTIVE_2s,1.0,0.0,0.0,0.0,0.0,0.0,0.0,PASS_<20%,0.00,0.0,NO,STANDBY_VEL_LOW,0,0.00,4590.00,73.76,FALSE,M5_TREND_NEUTRAL|M1_DIRECTION_MISMATCH|OPENING_SHIELD_ACTIVE_2s
2026-09-07 17:16:02.907,1788801362.908,812,6,52,4412.35,4412.43,8.0,PASS_<=10c,+0.0,FLAT,+0.0,-79.0,4.2,+0.33,0.08,SLOW,4413.14,4413.14,4412.09,4412.19,0.00,0.00,0.0,NEUTRAL,105.0,4412.35,4412.35,4412.35,4412.35,2,ACTIVE_2s,1.0,0.0,0.0,0.0,0.0,0.0,0.0,PASS_<20%,0.00,0.0,NO,STANDBY_VEL_LOW,0,0.00,4590.00,73.76,FALSE,M5_TREND_NEUTRAL|M1_DIRECTION_MISMATCH|OPENING_SHIELD_ACTIVE_2s
2026-09-07 17:16:03.409,1788801363.409,813,7,53,4412.35,4412.43,8.0,PASS_<=10c,+0.0,FLAT,+0.0,-79.0,4.2,+0.33,0.08,SLOW,4413.14,4413.14,4412.09,4412.19,0.00,0.00,0.0,NEUTRAL,105.0,4412.35,4412.35,4412.35,4412.35,3,ACTIVE_3s,1.0,0.0,0.0,0.0,0.0,0.0,0.0,PASS_<20%,0.00,0.0,NO,STANDBY_VEL_LOW,0,0.00,4590.00,73.76,FALSE,M5_TREND_NEUTRAL|M1_DIRECTION_MISMATCH|OPENING_SHIELD_ACTIVE_3s
2026-09-07 17:16:03.910,1788801363.910,814,8,54,4412.35,4412.43,8.0,PASS_<=10c,+0.0,FLAT,+0.0,-79.0,4.2,+0.33,0.08,SLOW,4413.14,4413.14,4412.09,4412.19,0.00,0.00,0.0,NEUTRAL,105.0,4412.35,4412.35,4412.35,4412.35,3,ACTIVE_3s,1.0,0.0,0.0,0.0,0.0,0.0,0.0,PASS_<20%,0.00,0.0,NO,STANDBY_VEL_LOW,0,0.00,4590.00,73.76,FALSE,M5_TREND_NEUTRAL|M1_DIRECTION_MISMATCH|OPENING_SHIELD_ACTIVE_3s
2026-09-07 17:16:14.292,1788801374.292,815,9,55,4412.35,4412.43,8.0,PASS_<=10c,+0.0,FLAT,+0.0,-79.0,1.3,+0.07,0.05,SLOW,4413.14,4413.14,4412.09,4412.19,0.00,0.00,0.0,NEUTRAL,105.0,4412.35,4412.35,4412.35,4412.35,14,ACTIVE_14s,1.0,0.0,0.0,0.0,0.0,0.0,0.0,PASS_<20%,0.00,0.0,NO,STANDBY_VEL_LOW,0,0.00,4590.00,73.76,FALSE,M5_TREND_NEUTRAL|M1_DIRECTION_MISMATCH|OPENING_SHIELD_ACTIVE_14s
2026-09-07 17:16:21.318,1788801381.318,816,10,56,4412.35,4412.43,8.0,PASS_<=10c,+0.0,FLAT,+0.0,-79.0,1.3,+0.07,0.05,SLOW,4413.14,4413.14,4412.09,4412.19,0.00,0.00,0.0,NEUTRAL,105.0,4412.35,4412.35,4412.35,4412.35,21,CLEARED_>=20s,1.0,0.0,0.0,0.0,0.0,0.0,0.0,PASS_<20%,0.00,0.0,NO,STANDBY_VEL_LOW,0,0.00,4590.00,73.76,FALSE,M5_TREND_NEUTRAL|M1_DIRECTION_MISMATCH
2026-09-07 17:16:21.672,1788801381.672,817,11,57,4412.27,4412.35,8.0,PASS_<=10c,-8.0,DOWN,-8.0,-87.0,1.8,+3.54,1.97,SLOW,4413.14,4413.14,4412.09,4412.19,0.00,0.00,0.0,NEUTRAL,105.0,4412.35,4412.35,4412.27,4412.27,21,CLEARED_>=20s,8.0,8.0,0.0,0.0,0.0,0.0,0.0,PASS_<20%,0.00,0.0,NO,STANDBY_VEL_LOW,0,0.00,4590.00,73.76,FALSE,M5_TREND_NEUTRAL|M1_DIRECTION_MISMATCH
2026-09-07 17:16:22.173,1788801382.174,818,12,58,4412.27,4412.35,8.0,PASS_<=10c,+0.0,FLAT,-8.0,-87.0,2.2,+2.89,1.31,SLOW,4413.14,4413.14,4412.09,4412.19,0.00,0.00,0.0,NEUTRAL,105.0,4412.35,4412.35,4412.27,4412.27,22,CLEARED_>=20s,8.0,8.0,0.0,0.0,0.0,0.0,0.0,PASS_<20%,0.00,0.0,NO,STANDBY_VEL_LOW,0,0.00,4590.00,73.76,FALSE,M5_TREND_NEUTRAL|M1_DIRECTION_MISMATCH
2026-09-07 17:16:22.675,1788801382.676,819,13,59,4412.27,4412.35,8.0,PASS_<=10c,+0.0,FLAT,-8.0,-87.0,2.4,+2.45,1.02,SLOW,4413.14,4413.14,4412.09,4412.19,0.00,0.00,0.0,NEUTRAL,105.0,4412.35,4412.35,4412.27,4412.27,22,CLEARED_>=20s,8.0,8.0,0.0,0.0,0.0,0.0,0.0,PASS_<20%,0.00,0.0,NO,STANDBY_VEL_LOW,0,0.00,4590.00,73.76,FALSE,M5_TREND_NEUTRAL|M1_DIRECTION_MISMATCH
2026-09-07 17:16:23.176,1788801383.177,820,14,60,4412.27,4412.35,8.0,PASS_<=10c,+0.0,FLAT,-8.0,-87.0,2.7,+2.12,0.79,SLOW,4413.14,4413.14,4412.09,4412.19,0.00,0.00,0.0,NEUTRAL,105.0,4412.35,4412.35,4412.27,4412.27,23,CLEARED_>=20s,8.0,8.0,0.0,0.0,0.0,0.0,0.0,PASS_<20%,0.00,0.0,NO,STANDBY_VEL_LOW,0,0.00,4590.00,73.76,FALSE,M5_TREND_NEUTRAL|M1_DIRECTION_MISMATCH
2026-09-07 17:16:23.677,1788801383.678,821,15,61,4412.27,4412.35,8.0,PASS_<=10c,+0.0,FLAT,-8.0,-87.0,2.8,+1.87,0.67,SLOW,4413.14,4413.14,4412.09,4412.19,0.00,0.00,0.0,NEUTRAL,105.0,4412.35,4412.35,4412.27,4412.27,23,CLEARED_>=20s,8.0,8.0,0.0,0.0,0.0,0.0,0.0,PASS_<20%,0.00,0.0,NO,STANDBY_VEL_LOW,0,0.00,4590.00,73.76,FALSE,M5_TREND_NEUTRAL|M1_DIRECTION_MISMATCH
2026-09-07 17:16:24.179,1788801384.180,822,16,62,4412.27,4412.35,8.0,PASS_<=10c,+0.0,FLAT,-8.0,-87.0,2.9,+1.68,0.58,SLOW,4413.14,4413.14,4412.09,4412.19,0.00,0.00,0.0,NEUTRAL,105.0,4412.35,4412.35,4412.27,4412.27,24,CLEARED_>=20s,8.0,8.0,0.0,0.0,0.0,0.0,0.0,PASS_<20%,0.00,0.0,NO,STANDBY_VEL_LOW,0,0.00,4590.00,73.76,FALSE,M5_TREND_NEUTRAL|M1_DIRECTION_MISMATCH
2026-09-07 17:16:24.681,1788801384.681,823,17,63,4412.26,4412.34,8.0,PASS_<=10c,-1.0,DOWN,-9.0,-88.0,4.5,+2.67,0.59,SLOW,4413.14,4413.14,4412.09,4412.19,0.00,0.00,0.0,NEUTRAL,105.0,4412.35,4412.35,4412.26,4412.26,24,CLEARED_>=20s,9.0,9.0,0.0,0.0,0.0,0.0,0.0,PASS_<20%,0.00,0.0,NO,STANDBY_VEL_LOW,0,0.00,4590.00,73.76,FALSE,M5_TREND_NEUTRAL|M1_DIRECTION_MISMATCH
2026-09-07 17:16:25.182,1788801385.183,824,18,64,4412.26,4412.34,8.0,PASS_<=10c,+0.0,FLAT,-9.0,-88.0,4.4,+2.33,0.53,SLOW,4413.14,4413.14,4412.09,4412.19,0.00,0.00,0.0,NEUTRAL,105.0,4412.35,4412.35,4412.26,4412.26,25,CLEARED_>=20s,9.0,9.0,0.0,0.0,0.0,0.0,0.0,PASS_<20%,0.00,0.0,NO,STANDBY_VEL_LOW,0,0.00,4590.00,73.76,FALSE,M5_TREND_NEUTRAL|M1_DIRECTION_MISMATCH
2026-09-07 17:16:25.685,1788801385.685,825,19,65,4412.26,4412.34,8.0,PASS_<=10c,+0.0,FLAT,-9.0,-88.0,4.3,+2.06,0.48,SLOW,4413.14,4413.14,4412.09,4412.19,0.00,0.00,0.0,NEUTRAL,105.0,4412.35,4412.35,4412.26,4412.26,25,CLEARED_>=20s,9.0,9.0,0.0,0.0,0.0,0.0,0.0,PASS_<20%,0.00,0.0,NO,STANDBY_VEL_LOW,0,0.00,4590.00,73.76,FALSE,M5_TREND_NEUTRAL|M1_DIRECTION_MISMATCH
2026-09-07 17:16:26.188,1788801386.188,826,20,66,4412.26,4412.34,8.0,PASS_<=10c,+0.0,FLAT,-9.0,-88.0,4.3,+1.85,0.43,SLOW,4413.14,4413.14,4412.09,4412.19,0.00,0.00,0.0,NEUTRAL,105.0,4412.35,4412.35,4412.26,4412.26,26,CLEARED_>=20s,9.0,9.0,0.0,0.0,0.0,0.0,0.0,PASS_<20%,0.00,0.0,NO,STANDBY_VEL_LOW,0,0.00,4590.00,73.76,FALSE,M5_TREND_NEUTRAL|M1_DIRECTION_MISMATCH
2026-09-07 17:16:26.688,1788801386.688,827,21,67,4412.26,4412.34,8.0,PASS_<=10c,+0.0,FLAT,-9.0,-88.0,4.2,+0.21,0.05,SLOW,4413.14,4413.14,4412.09,4412.19,0.00,0.00,0.0,NEUTRAL,105.0,4412.35,4412.35,4412.26,4412.26,26,CLEARED_>=20s,9.0,9.0,0.0,0.0,0.0,0.0,0.0,PASS_<20%,0.00,0.0,NO,STANDBY_VEL_LOW,0,0.00,4590.00,73.76,FALSE,M5_TREND_NEUTRAL|M1_DIRECTION_MISMATCH
2026-09-07 17:16:27.202,1788801387.203,828,22,68,4412.26,4412.34,8.0,PASS_<=10c,+0.0,FLAT,-9.0,-88.0,4.2,+0.21,0.05,SLOW,4413.14,4413.14,4412.09,4412.19,0.00,0.00,0.0,NEUTRAL,105.0,4412.35,4412.35,4412.26,4412.26,27,CLEARED_>=20s,9.0,9.0,0.0,0.0,0.0,0.0,0.0,PASS_<20%,0.00,0.0,NO,STANDBY_VEL_LOW,0,0.00,4590.00,73.76,FALSE,M5_TREND_NEUTRAL|M1_DIRECTION_MISMATCH
2026-09-07 17:16:27.704,1788801387.704,829,23,69,4412.26,4412.34,8.0,PASS_<=10c,+0.0,FLAT,-9.0,-88.0,4.2,+0.21,0.05,SLOW,4413.14,4413.14,4412.09,4412.19,0.00,0.00,0.0,NEUTRAL,105.0,4412.35,4412.35,4412.26,4412.26,27,CLEARED_>=20s,9.0,9.0,0.0,0.0,0.0,0.0,0.0,PASS_<20%,0.00,0.0,NO,STANDBY_VEL_LOW,0,0.00,4590.00,73.76,FALSE,M5_TREND_NEUTRAL|M1_DIRECTION_MISMATCH
2026-09-07 17:16:28.205,1788801388.205,830,24,70,4412.26,4412.34,8.0,PASS_<=10c,+0.0,FLAT,-9.0,-88.0,4.2,+0.21,0.05,SLOW,4413.14,4413.14,4412.09,4412.19,0.00,0.00,0.0,NEUTRAL,105.0,4412.35,4412.35,4412.26,4412.26,28,CLEARED_>=20s,9.0,9.0,0.0,0.0,0.0,0.0,0.0,PASS_<20%,0.00,0.0,NO,STANDBY_VEL_LOW,0,0.00,4590.00,73.76,FALSE,M5_TREND_NEUTRAL|M1_DIRECTION_MISMATCH
2026-09-07 17:16:28.707,1788801388.707,831,25,71,4412.26,4412.34,8.0,PASS_<=10c,+0.0,FLAT,-9.0,-88.0,4.2,+0.21,0.05,SLOW,4413.14,4413.14,4412.09,4412.19,0.00,0.00,0.0,NEUTRAL,105.0,4412.35,4412.35,4412.26,4412.26,28,CLEARED_>=20s,9.0,9.0,0.0,0.0,0.0,0.0,0.0,PASS_<20%,0.00,0.0,NO,STANDBY_VEL_LOW,0,0.00,4590.00,73.76,FALSE,M5_TREND_NEUTRAL|M1_DIRECTION_MISMATCH
2026-09-07 17:16:29.209,1788801389.209,832,26,72,4412.26,4412.34,8.0,PASS_<=10c,+0.0,FLAT,-9.0,-88.0,4.2,+0.21,0.05,SLOW,4413.14,4413.14,4412.09,4412.19,0.00,0.00,0.0,NEUTRAL,105.0,4412.35,4412.35,4412.26,4412.26,29,CLEARED_>=20s,9.0,9.0,0.0,0.0,0.0,0.0,0.0,PASS_<20%,0.00,0.0,NO,STANDBY_VEL_LOW,0,0.00,4590.00,73.76,FALSE,M5_TREND_NEUTRAL|M1_DIRECTION_MISMATCH
2026-09-07 17:16:39.587,1788801399.587,833,27,73,4412.26,4412.34,8.0,PASS_<=10c,+0.0,FLAT,-9.0,-88.0,1.3,+0.00,0.00,SLOW,4413.14,4413.14,4412.09,4412.19,0.00,0.00,0.0,NEUTRAL,105.0,4412.35,4412.35,4412.26,4412.26,39,CLEARED_>=20s,9.0,9.0,0.0,0.0,0.0,0.0,0.0,PASS_<20%,0.00,0.0,NO,STANDBY_VEL_LOW,0,0.00,4590.00,73.76,FALSE,M5_TREND_NEUTRAL|M1_DIRECTION_MISMATCH
2026-09-07 17:16:46.820,1788801406.820,834,28,74,4412.26,4412.34,8.0,PASS_<=10c,+0.0,FLAT,-9.0,-88.0,1.3,+0.00,0.00,SLOW,4413.14,4413.14,4412.09,4412.19,0.00,0.00,0.0,NEUTRAL,105.0,4412.35,4412.35,4412.26,4412.26,46,CLEARED_>=20s,9.0,9.0,0.0,0.0,0.0,0.0,0.0,PASS_<20%,0.00,0.0,NO,STANDBY_VEL_LOW,0,0.00,4590.00,73.76,FALSE,M5_TREND_NEUTRAL|M1_DIRECTION_MISMATCH
2026-09-07 17:16:47.187,1788801407.187,835,29,75,4412.59,4412.67,8.0,PASS_<=10c,+33.0,UP,+24.0,-55.0,1.6,+13.35,8.34,SLOW,4413.14,4413.14,4412.09,4412.19,0.00,0.00,0.0,NEUTRAL,105.0,4412.35,4412.59,4412.26,4412.59,47,CLEARED_>=20s,33.0,24.0,0.0,9.0,0.0,27.3,27.3,BLOCKED_27.3%,0.00,0.0,NO,STANDBY_VEL_LOW,0,0.00,4590.00,73.76,FALSE,M5_TREND_NEUTRAL|M1_DIRECTION_MISMATCH
2026-09-07 17:16:47.683,1788801407.683,836,30,76,4412.59,4412.67,8.0,PASS_<=10c,+0.0,FLAT,+24.0,-55.0,2.0,+11.10,5.55,SLOW,4413.14,4413.14,4412.09,4412.19,0.00,0.00,0.0,NEUTRAL,105.0,4412.35,4412.59,4412.26,4412.59,47,CLEARED_>=20s,33.0,24.0,0.0,9.0,0.0,27.3,27.3,BLOCKED_27.3%,0.00,0.0,NO,STANDBY_VEL_LOW,0,0.00,4590.00,73.76,FALSE,M5_TREND_NEUTRAL|M1_DIRECTION_MISMATCH
2026-09-07 17:16:48.185,1788801408.185,837,31,77,4412.58,4412.66,8.0,PASS_<=10c,-1.0,DOWN,+23.0,-56.0,2.3,+9.21,4.00,SLOW,4413.14,4413.14,4412.09,4412.19,0.00,0.00,0.0,NEUTRAL,105.0,4412.35,4412.59,4412.26,4412.58,48,CLEARED_>=20s,33.0,23.0,1.0,9.0,3.0,27.3,27.3,BLOCKED_27.3%,0.00,0.0,NO,STANDBY_VEL_LOW,0,0.00,4590.00,73.76,FALSE,M5_TREND_NEUTRAL|M1_DIRECTION_MISMATCH
2026-09-07 17:16:48.686,1788801408.686,838,32,78,4412.58,4412.66,8.0,PASS_<=10c,+0.0,FLAT,+23.0,-56.0,2.5,+8.05,3.22,SLOW,4413.14,4413.14,4412.09,4412.19,0.00,0.00,0.0,NEUTRAL,105.0,4412.35,4412.59,4412.26,4412.58,48,CLEARED_>=20s,33.0,23.0,1.0,9.0,3.0,27.3,27.3,BLOCKED_27.3%,0.00,0.0,NO,STANDBY_VEL_LOW,0,0.00,4590.00,73.76,FALSE,M5_TREND_NEUTRAL|M1_DIRECTION_MISMATCH
2026-09-07 17:16:49.188,1788801409.188,839,33,79,4412.58,4412.66,8.0,PASS_<=10c,+0.0,FLAT,+23.0,-56.0,2.7,+7.14,2.64,SLOW,4413.14,4413.14,4412.09,4412.19,0.00,0.00,0.0,NEUTRAL,105.0,4412.35,4412.59,4412.26,4412.58,49,CLEARED_>=20s,33.0,23.0,1.0,9.0,3.0,27.3,27.3,BLOCKED_27.3%,0.00,0.0,NO,STANDBY_VEL_LOW,0,0.00,4590.00,73.76,FALSE,M5_TREND_NEUTRAL|M1_DIRECTION_MISMATCH
2026-09-07 17:16:49.689,1788801409.689,840,34,80,4412.58,4412.66,8.0,PASS_<=10c,+0.0,FLAT,+23.0,-56.0,2.8,+6.43,2.30,SLOW,4413.14,4413.14,4412.09,4412.19,0.00,0.00,0.0,NEUTRAL,105.0,4412.35,4412.59,4412.26,4412.58,49,CLEARED_>=20s,33.0,23.0,1.0,9.0,3.0,27.3,27.3,BLOCKED_27.3%,0.00,0.0,NO,STANDBY_VEL_LOW,0,0.00,4590.00,73.76,FALSE,M5_TREND_NEUTRAL|M1_DIRECTION_MISMATCH
2026-09-07 17:16:50.191,1788801410.191,841,35,81,4412.58,4412.66,8.0,PASS_<=10c,+0.0,FLAT,+23.0,-56.0,4.4,+9.48,2.15,SLOW,4413.14,4413.14,4412.09,4412.19,0.00,0.00,0.0,NEUTRAL,105.0,4412.35,4412.59,4412.26,4412.58,50,CLEARED_>=20s,33.0,23.0,1.0,9.0,3.0,27.3,27.3,BLOCKED_27.3%,0.00,0.0,NO,STANDBY_VEL_LOW,0,0.00,4590.00,73.76,FALSE,M5_TREND_NEUTRAL|M1_DIRECTION_MISMATCH
2026-09-07 17:16:50.692,1788801410.693,842,36,82,4412.58,4412.66,8.0,PASS_<=10c,+0.0,FLAT,+23.0,-56.0,4.4,+8.26,1.88,SLOW,4413.14,4413.14,4412.09,4412.19,0.00,0.00,0.0,NEUTRAL,105.0,4412.35,4412.59,4412.26,4412.58,50,CLEARED_>=20s,33.0,23.0,1.0,9.0,3.0,27.3,27.3,BLOCKED_27.3%,0.00,0.0,NO,STANDBY_VEL_LOW,0,0.00,4590.00,73.76,FALSE,M5_TREND_NEUTRAL|M1_DIRECTION_MISMATCH
2026-09-07 17:16:51.195,1788801411.195,843,37,83,4412.58,4412.66,8.0,PASS_<=10c,+0.0,FLAT,+23.0,-56.0,4.3,+7.31,1.70,SLOW,4413.14,4413.14,4412.09,4412.19,0.00,0.00,0.0,NEUTRAL,105.0,4412.35,4412.59,4412.26,4412.58,51,CLEARED_>=20s,33.0,23.0,1.0,9.0,3.0,27.3,27.3,BLOCKED_27.3%,0.00,0.0,NO,STANDBY_VEL_LOW,0,0.00,4590.00,73.76,FALSE,M5_TREND_NEUTRAL|M1_DIRECTION_MISMATCH
2026-09-07 17:16:51.696,1788801411.697,844,38,84,4412.58,4412.66,8.0,PASS_<=10c,+0.0,FLAT,+23.0,-56.0,4.3,+6.56,1.53,SLOW,4413.14,4413.14,4412.09,4412.19,0.00,0.00,0.0,NEUTRAL,105.0,4412.35,4412.59,4412.26,4412.58,51,CLEARED_>=20s,33.0,23.0,1.0,9.0,3.0,27.3,27.3,BLOCKED_27.3%,0.00,0.0,NO,STANDBY_VEL_LOW,0,0.00,4590.00,73.76,FALSE,M5_TREND_NEUTRAL|M1_DIRECTION_MISMATCH
2026-09-07 17:16:52.198,1788801412.198,845,39,85,4412.58,4412.66,8.0,PASS_<=10c,+0.0,FLAT,+23.0,-56.0,4.2,+0.23,0.05,SLOW,4413.14,4413.14,4412.09,4412.19,0.00,0.00,0.0,NEUTRAL,105.0,4412.35,4412.59,4412.26,4412.58,52,CLEARED_>=20s,33.0,23.0,1.0,9.0,3.0,27.3,27.3,BLOCKED_27.3%,0.00,0.0,NO,STANDBY_VEL_LOW,0,0.00,4590.00,73.76,FALSE,M5_TREND_NEUTRAL|M1_DIRECTION_MISMATCH
2026-09-07 17:16:52.709,1788801412.709,846,40,86,4412.58,4412.66,8.0,PASS_<=10c,+0.0,FLAT,+23.0,-56.0,4.2,+0.22,0.05,SLOW,4413.14,4413.14,4412.09,4412.19,0.00,0.00,0.0,NEUTRAL,105.0,4412.35,4412.59,4412.26,4412.58,52,CLEARED_>=20s,33.0,23.0,1.0,9.0,3.0,27.3,27.3,BLOCKED_27.3%,0.00,0.0,NO,STANDBY_VEL_LOW,0,0.00,4590.00,73.76,FALSE,M5_TREND_NEUTRAL|M1_DIRECTION_MISMATCH
2026-09-07 17:16:53.212,1788801413.213,847,41,87,4412.58,4412.66,8.0,PASS_<=10c,+0.0,FLAT,+23.0,-56.0,4.2,+0.22,0.05,SLOW,4413.14,4413.14,4412.09,4412.19,0.00,0.00,0.0,NEUTRAL,105.0,4412.35,4412.59,4412.26,4412.58,53,CLEARED_>=20s,33.0,23.0,1.0,9.0,3.0,27.3,27.3,BLOCKED_27.3%,0.00,0.0,NO,STANDBY_VEL_LOW,0,0.00,4590.00,73.76,FALSE,M5_TREND_NEUTRAL|M1_DIRECTION_MISMATCH
2026-09-07 17:16:53.783,1788801413.784,848,42,88,4412.58,4412.66,8.0,PASS_<=10c,+0.0,FLAT,+23.0,-56.0,4.1,+0.22,0.05,SLOW,4413.14,4413.14,4412.09,4412.19,0.00,0.00,0.0,NEUTRAL,105.0,4412.35,4412.59,4412.26,4412.58,53,CLEARED_>=20s,33.0,23.0,1.0,9.0,3.0,27.3,27.3,BLOCKED_27.3%,0.00,0.0,NO,STANDBY_VEL_LOW,0,0.00,4590.00,73.76,FALSE,M5_TREND_NEUTRAL|M1_DIRECTION_MISMATCH
2026-09-07 17:16:54.284,1788801414.284,849,43,89,4412.58,4412.66,8.0,PASS_<=10c,+0.0,FLAT,+23.0,-56.0,4.1,+0.22,0.05,SLOW,4413.14,4413.14,4412.09,4412.19,0.00,0.00,0.0,NEUTRAL,105.0,4412.35,4412.59,4412.26,4412.58,54,CLEARED_>=20s,33.0,23.0,1.0,9.0,3.0,27.3,27.3,BLOCKED_27.3%,0.00,0.0,NO,STANDBY_VEL_LOW,0,0.00,4590.00,73.76,FALSE,M5_TREND_NEUTRAL|M1_DIRECTION_MISMATCH
2026-09-07 17:16:54.786,1788801414.787,850,44,90,4412.58,4412.66,8.0,PASS_<=10c,+0.0,FLAT,+23.0,-56.0,4.1,+0.22,0.05,SLOW,4413.14,4413.14,4412.09,4412.19,0.00,0.00,0.0,NEUTRAL,105.0,4412.35,4412.59,4412.26,4412.58,54,CLEARED_>=20s,33.0,23.0,1.0,9.0,3.0,27.3,27.3,BLOCKED_27.3%,0.00,0.0,NO,STANDBY_VEL_LOW,0,0.00,4590.00,73.76,FALSE,M5_TREND_NEUTRAL|M1_DIRECTION_MISMATCH
2026-09-07 17:17:05.195,1788801425.196,851,1,91,4412.58,4412.66,8.0,PASS_<=10c,+0.0,FLAT,+0.0,-56.0,1.3,+0.41,0.32,SLOW,4413.14,4413.14,4412.09,4412.19,0.00,0.00,0.0,NEUTRAL,105.0,4412.58,4412.58,4412.58,4412.58,5,ACTIVE_5s,1.0,0.0,0.0,0.0,0.0,0.0,0.0,PASS_<20%,0.00,0.0,NO,STANDBY_VEL_LOW,0,0.00,4590.00,73.76,FALSE,M5_TREND_NEUTRAL|M1_DIRECTION_MISMATCH|OPENING_SHIELD_ACTIVE_5s
2026-09-07 17:17:11.616,1788801431.616,852,2,92,4412.58,4412.66,8.0,PASS_<=10c,+0.0,FLAT,+0.0,-56.0,1.5,+0.40,0.27,SLOW,4413.14,4413.14,4412.09,4412.19,0.00,0.00,0.0,NEUTRAL,105.0,4412.58,4412.58,4412.58,4412.58,11,ACTIVE_11s,1.0,0.0,0.0,0.0,0.0,0.0,0.0,PASS_<20%,0.00,0.0,NO,STANDBY_VEL_LOW,0,0.00,4590.00,73.76,FALSE,M5_TREND_NEUTRAL|M1_DIRECTION_MISMATCH|OPENING_SHIELD_ACTIVE_11s
2026-09-07 17:17:12.055,1788801432.056,853,3,93,4412.87,4412.95,8.0,PASS_<=10c,+29.0,UP,+29.0,-27.0,2.3,+16.66,7.24,SLOW,4413.14,4413.14,4412.09,4412.19,0.00,0.00,0.0,NEUTRAL,105.0,4412.58,4412.87,4412.58,4412.87,12,ACTIVE_12s,29.0,29.0,0.0,0.0,0.0,0.0,0.0,PASS_<20%,0.00,0.0,NO,STANDBY_VEL_LOW,0,0.00,4590.00,73.76,FALSE,M5_TREND_NEUTRAL|M1_DIRECTION_MISMATCH|OPENING_SHIELD_ACTIVE_12s
2026-09-07 17:17:12.555,1788801432.556,854,4,94,4412.87,4412.95,8.0,PASS_<=10c,+0.0,FLAT,+29.0,-27.0,2.7,+12.93,4.79,SLOW,4413.14,4413.14,4412.09,4412.19,0.00,0.00,0.0,NEUTRAL,105.0,4412.58,4412.87,4412.58,4412.87,12,ACTIVE_12s,29.0,29.0,0.0,0.0,0.0,0.0,0.0,PASS_<20%,0.00,0.0,NO,STANDBY_VEL_LOW,0,0.00,4590.00,73.76,FALSE,M5_TREND_NEUTRAL|M1_DIRECTION_MISMATCH|OPENING_SHIELD_ACTIVE_12s
2026-09-07 17:17:13.058,1788801433.058,855,5,95,4412.85,4412.93,8.0,PASS_<=10c,-2.0,DOWN,+27.0,-29.0,2.9,+9.83,3.39,SLOW,4413.14,4413.14,4412.09,4412.19,0.00,0.00,0.0,NEUTRAL,105.0,4412.58,4412.87,4412.58,4412.85,13,ACTIVE_13s,29.0,27.0,2.0,0.0,6.9,0.0,6.9,PASS_<20%,0.00,0.0,NO,STANDBY_VEL_LOW,0,0.00,4590.00,73.76,FALSE,M5_TREND_NEUTRAL|M1_DIRECTION_MISMATCH|OPENING_SHIELD_ACTIVE_13s
2026-09-07 17:17:13.560,1788801433.560,856,6,96,4412.85,4412.93,8.0,PASS_<=10c,+0.0,FLAT,+27.0,-29.0,3.1,+8.31,2.68,SLOW,4413.14,4413.14,4412.09,4412.19,0.00,0.00,0.0,NEUTRAL,105.0,4412.58,4412.87,4412.58,4412.85,13,ACTIVE_13s,29.0,27.0,2.0,0.0,6.9,0.0,6.9,PASS_<20%,0.00,0.0,NO,STANDBY_VEL_LOW,0,0.00,4590.00,73.76,FALSE,M5_TREND_NEUTRAL|M1_DIRECTION_MISMATCH|OPENING_SHIELD_ACTIVE_13s
2026-09-07 17:17:14.062,1788801434.062,857,7,97,4412.85,4412.93,8.0,PASS_<=10c,+0.0,FLAT,+27.0,-29.0,3.2,+7.20,2.25,SLOW,4413.14,4413.14,4412.09,4412.19,0.00,0.00,0.0,NEUTRAL,105.0,4412.58,4412.87,4412.58,4412.85,14,ACTIVE_14s,29.0,27.0,2.0,0.0,6.9,0.0,6.9,PASS_<20%,0.00,0.0,NO,STANDBY_VEL_LOW,0,0.00,4590.00,73.76,FALSE,M5_TREND_NEUTRAL|M1_DIRECTION_MISMATCH|OPENING_SHIELD_ACTIVE_14s
2026-09-07 17:17:14.563,1788801434.564,858,8,98,4412.85,4412.93,8.0,PASS_<=10c,+0.0,FLAT,+27.0,-29.0,3.3,+6.35,1.92,SLOW,4413.14,4413.14,4412.09,4412.19,0.00,0.00,0.0,NEUTRAL,105.0,4412.58,4412.87,4412.58,4412.85,14,ACTIVE_14s,29.0,27.0,2.0,0.0,6.9,0.0,6.9,PASS_<20%,0.00,0.0,NO,STANDBY_VEL_LOW,0,0.00,4590.00,73.76,FALSE,M5_TREND_NEUTRAL|M1_DIRECTION_MISMATCH|OPENING_SHIELD_ACTIVE_14s
2026-09-07 17:17:15.065,1788801435.065,859,9,99,4412.84,4412.92,8.0,PASS_<=10c,-1.0,DOWN,+26.0,-30.0,3.4,+5.47,1.61,SLOW,4413.14,4413.14,4412.09,4412.19,0.00,0.00,0.0,NEUTRAL,105.0,4412.58,4412.87,4412.58,4412.84,15,ACTIVE_15s,29.0,26.0,3.0,0.0,10.3,0.0,10.3,PASS_<20%,0.00,0.0,NO,STANDBY_VEL_LOW,0,0.00,4590.00,73.76,FALSE,M5_TREND_NEUTRAL|M1_DIRECTION_MISMATCH|OPENING_SHIELD_ACTIVE_15s
2026-09-07 17:17:15.566,1788801435.567,860,10,100,4412.84,4412.92,8.0,PASS_<=10c,+0.0,FLAT,+26.0,-30.0,4.3,+6.58,1.53,SLOW,4413.14,4413.14,4412.09,4412.19,0.00,0.00,0.0,NEUTRAL,105.0,4412.58,4412.87,4412.58,4412.84,15,ACTIVE_15s,29.0,26.0,3.0,0.0,10.3,0.0,10.3,PASS_<20%,0.00,0.0,NO,STANDBY_VEL_LOW,0,0.00,4590.00,73.76,FALSE,M5_TREND_NEUTRAL|M1_DIRECTION_MISMATCH|OPENING_SHIELD_ACTIVE_15s
2026-09-07 17:17:16.067,1788801436.068,861,11,101,4412.84,4412.92,8.0,PASS_<=10c,+0.0,FLAT,+26.0,-30.0,4.3,+5.84,1.36,SLOW,4413.14,4413.14,4412.09,4412.19,0.00,0.00,0.0,NEUTRAL,105.0,4412.58,4412.87,4412.58,4412.84,16,ACTIVE_16s,29.0,26.0,3.0,0.0,10.3,0.0,10.3,PASS_<20%,0.00,0.0,NO,STANDBY_VEL_LOW,0,0.00,4590.00,73.76,FALSE,M5_TREND_NEUTRAL|M1_DIRECTION_MISMATCH|OPENING_SHIELD_ACTIVE_16s
2026-09-07 17:17:16.570,1788801436.570,862,12,102,4412.84,4412.92,8.0,PASS_<=10c,+0.0,FLAT,+26.0,-30.0,4.2,+5.25,1.25,SLOW,4413.14,4413.14,4412.09,4412.19,0.00,0.00,0.0,NEUTRAL,105.0,4412.58,4412.87,4412.58,4412.84,16,ACTIVE_16s,29.0,26.0,3.0,0.0,10.3,0.0,10.3,PASS_<20%,0.00,0.0,NO,STANDBY_VEL_LOW,0,0.00,4590.00,73.76,FALSE,M5_TREND_NEUTRAL|M1_DIRECTION_MISMATCH|OPENING_SHIELD_ACTIVE_16s
2026-09-07 17:17:17.072,1788801437.073,863,13,103,4412.84,4412.92,8.0,PASS_<=10c,+0.0,FLAT,+26.0,-30.0,4.2,+0.85,0.20,SLOW,4413.14,4413.14,4412.09,4412.19,0.00,0.00,0.0,NEUTRAL,105.0,4412.58,4412.87,4412.58,4412.84,17,ACTIVE_17s,29.0,26.0,3.0,0.0,10.3,0.0,10.3,PASS_<20%,0.00,0.0,NO,STANDBY_VEL_LOW,0,0.00,4590.00,73.76,FALSE,M5_TREND_NEUTRAL|M1_DIRECTION_MISMATCH|OPENING_SHIELD_ACTIVE_17s
2026-09-07 17:17:17.573,1788801437.574,864,14,104,4412.84,4412.92,8.0,PASS_<=10c,+0.0,FLAT,+26.0,-30.0,4.2,+0.84,0.20,SLOW,4413.14,4413.14,4412.09,4412.19,0.00,0.00,0.0,NEUTRAL,105.0,4412.58,4412.87,4412.58,4412.84,17,ACTIVE_17s,29.0,26.0,3.0,0.0,10.3,0.0,10.3,PASS_<20%,0.00,0.0,NO,STANDBY_VEL_LOW,0,0.00,4590.00,73.76,FALSE,M5_TREND_NEUTRAL|M1_DIRECTION_MISMATCH|OPENING_SHIELD_ACTIVE_17s
2026-09-07 17:17:18.076,1788801438.076,865,15,105,4412.84,4412.92,8.0,PASS_<=10c,+0.0,FLAT,+26.0,-30.0,4.2,+0.84,0.20,SLOW,4413.14,4413.14,4412.09,4412.19,0.00,0.00,0.0,NEUTRAL,105.0,4412.58,4412.87,4412.58,4412.84,18,ACTIVE_18s,29.0,26.0,3.0,0.0,10.3,0.0,10.3,PASS_<20%,0.00,0.0,NO,STANDBY_VEL_LOW,0,0.00,4590.00,73.76,FALSE,M5_TREND_NEUTRAL|M1_DIRECTION_MISMATCH|OPENING_SHIELD_ACTIVE_18s
2026-09-07 17:17:18.578,1788801438.578,866,16,106,4412.84,4412.92,8.0,PASS_<=10c,+0.0,FLAT,+26.0,-30.0,4.2,+0.83,0.20,SLOW,4413.14,4413.14,4412.09,4412.19,0.00,0.00,0.0,NEUTRAL,105.0,4412.58,4412.87,4412.58,4412.84,18,ACTIVE_18s,29.0,26.0,3.0,0.0,10.3,0.0,10.3,PASS_<20%,0.00,0.0,NO,STANDBY_VEL_LOW,0,0.00,4590.00,73.76,FALSE,M5_TREND_NEUTRAL|M1_DIRECTION_MISMATCH|OPENING_SHIELD_ACTIVE_18s
2026-09-07 17:17:19.079,1788801439.079,867,17,107,4412.84,4412.92,8.0,PASS_<=10c,+0.0,FLAT,+26.0,-30.0,4.2,+0.82,0.20,SLOW,4413.14,4413.14,4412.09,4412.19,0.00,0.00,0.0,NEUTRAL,105.0,4412.58,4412.87,4412.58,4412.84,19,ACTIVE_19s,29.0,26.0,3.0,0.0,10.3,0.0,10.3,PASS_<20%,0.00,0.0,NO,STANDBY_VEL_LOW,0,0.00,4590.00,73.76,FALSE,M5_TREND_NEUTRAL|M1_DIRECTION_MISMATCH|OPENING_SHIELD_ACTIVE_19s
2026-09-07 17:17:19.581,1788801439.581,868,18,108,4412.84,4412.92,8.0,PASS_<=10c,+0.0,FLAT,+26.0,-30.0,4.2,+0.84,0.20,SLOW,4413.14,4413.14,4412.09,4412.19,0.00,0.00,0.0,NEUTRAL,105.0,4412.58,4412.87,4412.58,4412.84,19,ACTIVE_19s,29.0,26.0,3.0,0.0,10.3,0.0,10.3,PASS_<20%,0.00,0.0,NO,STANDBY_VEL_LOW,0,0.00,4590.00,73.76,FALSE,M5_TREND_NEUTRAL|M1_DIRECTION_MISMATCH|OPENING_SHIELD_ACTIVE_19s
2026-09-07 17:17:29.995,1788801449.996,869,19,109,4412.84,4412.92,8.0,PASS_<=10c,+0.0,FLAT,+26.0,-30.0,1.3,+1.04,0.80,SLOW,4413.14,4413.14,4412.09,4412.19,0.00,0.00,0.0,NEUTRAL,105.0,4412.58,4412.87,4412.58,4412.84,29,CLEARED_>=20s,29.0,26.0,3.0,0.0,10.3,0.0,10.3,PASS_<20%,0.00,0.0,NO,STANDBY_VEL_LOW,0,0.00,4590.00,73.76,FALSE,M5_TREND_NEUTRAL|M1_DIRECTION_MISMATCH
2026-09-07 17:17:36.621,1788801456.622,870,20,110,4412.84,4412.92,8.0,PASS_<=10c,+0.0,FLAT,+26.0,-30.0,1.3,+1.02,0.78,SLOW,4413.14,4413.14,4412.09,4412.19,0.00,0.00,0.0,NEUTRAL,105.0,4412.58,4412.87,4412.58,4412.84,36,CLEARED_>=20s,29.0,26.0,3.0,0.0,10.3,0.0,10.3,PASS_<20%,0.00,0.0,NO,STANDBY_VEL_LOW,0,0.00,4590.00,73.76,FALSE,M5_TREND_NEUTRAL|M1_DIRECTION_MISMATCH
2026-09-07 17:17:36.976,1788801456.977,871,21,111,4413.48,4413.56,8.0,PASS_<=10c,+64.0,UP,+90.0,+34.0,2.2,+34.42,15.65,SLOW,4413.14,4413.14,4412.09,4412.19,0.00,0.00,0.0,BULLISH,105.0,4412.58,4413.48,4412.58,4413.48,36,CLEARED_>=20s,90.0,90.0,0.0,0.0,0.0,0.0,0.0,PASS_<20%,4412.73,75.0,YES,STANDBY_VEL_LOW,0,0.00,4590.00,73.76,TRUE,READY_TO_FIRE
2026-09-07 17:18:00.715,1788801480.716,872,1,112,4413.48,4413.56,8.0,PASS_<=10c,+0.0,FLAT,+0.0,+34.0,1.0,+1.62,1.62,SLOW,4413.14,4413.14,4412.09,4412.19,0.00,0.00,0.0,BULLISH,105.0,4413.48,4413.48,4413.48,4413.48,0,ACTIVE_0s,1.0,0.0,0.0,0.0,0.0,0.0,0.0,PASS_<20%,0.00,0.0,NO,STANDBY_VEL_LOW,3,3972.18,617.82,73.76,FALSE,M1_DIRECTION_MISMATCH|OPENING_SHIELD_ACTIVE_0s
2026-09-07 17:18:01.074,1788801481.074,873,2,113,4413.46,4413.54,8.0,PASS_<=10c,-2.0,DOWN,-2.0,+32.0,3.0,+2.00,0.67,SLOW,4413.14,4413.14,4412.09,4412.19,0.00,0.00,0.0,BULLISH,105.0,4413.48,4413.48,4413.46,4413.46,1,ACTIVE_1s,2.0,2.0,0.0,0.0,0.0,0.0,0.0,PASS_<20%,0.00,0.0,NO,STANDBY_VEL_LOW,1,1324.04,3265.96,72.62,FALSE,M1_DIRECTION_MISMATCH|OPENING_SHIELD_ACTIVE_1s
2026-09-07 17:18:01.576,1788801481.576,874,3,114,4413.46,4413.54,8.0,PASS_<=10c,+0.0,FLAT,-2.0,+32.0,5.0,+2.00,0.40,SLOW,4413.14,4413.14,4412.09,4412.19,0.00,0.00,0.0,BULLISH,105.0,4413.48,4413.48,4413.46,4413.46,1,ACTIVE_1s,2.0,2.0,0.0,0.0,0.0,0.0,0.0,PASS_<20%,0.00,0.0,NO,STANDBY_VEL_LOW,1,1324.04,3265.96,72.62,FALSE,M1_DIRECTION_MISMATCH|OPENING_SHIELD_ACTIVE_1s
2026-09-07 17:18:02.077,1788801482.078,875,4,115,4413.46,4413.54,8.0,PASS_<=10c,+0.0,FLAT,-2.0,+32.0,5.1,+1.55,0.30,SLOW,4413.14,4413.14,4412.09,4412.19,0.00,0.00,0.0,BULLISH,105.0,4413.48,4413.48,4413.46,4413.46,2,ACTIVE_2s,2.0,2.0,0.0,0.0,0.0,0.0,0.0,PASS_<20%,0.00,0.0,NO,STANDBY_VEL_LOW,1,1324.04,3265.96,72.62,FALSE,M1_DIRECTION_MISMATCH|OPENING_SHIELD_ACTIVE_2s
2026-09-07 17:18:02.579,1788801482.579,876,5,116,4413.46,4413.54,8.0,PASS_<=10c,+0.0,FLAT,-2.0,+32.0,4.8,+1.53,0.32,SLOW,4413.14,4413.14,4412.09,4412.19,0.00,0.00,0.0,BULLISH,105.0,4413.48,4413.48,4413.46,4413.46,2,ACTIVE_2s,2.0,2.0,0.0,0.0,0.0,0.0,0.0,PASS_<20%,0.00,0.0,NO,STANDBY_VEL_LOW,1,1324.04,3265.96,72.62,FALSE,M1_DIRECTION_MISMATCH|OPENING_SHIELD_ACTIVE_2s
2026-09-07 17:18:03.080,1788801483.080,877,6,117,4413.46,4413.54,8.0,PASS_<=10c,+0.0,FLAT,-2.0,+32.0,4.7,+1.52,0.32,SLOW,4413.14,4413.14,4412.09,4412.19,0.00,0.00,0.0,BULLISH,105.0,4413.48,4413.48,4413.46,4413.46,3,ACTIVE_3s,2.0,2.0,0.0,0.0,0.0,0.0,0.0,PASS_<20%,0.00,0.0,NO,STANDBY_VEL_LOW,1,1324.04,3265.96,72.62,FALSE,M1_DIRECTION_MISMATCH|OPENING_SHIELD_ACTIVE_3s
2026-09-07 17:18:03.584,1788801483.584,878,7,118,4413.46,4413.54,8.0,PASS_<=10c,+0.0,FLAT,-2.0,+32.0,4.5,+1.51,0.34,SLOW,4413.14,4413.14,4412.09,4412.19,0.00,0.00,0.0,BULLISH,105.0,4413.48,4413.48,4413.46,4413.46,3,ACTIVE_3s,2.0,2.0,0.0,0.0,0.0,0.0,0.0,PASS_<20%,0.00,0.0,NO,STANDBY_VEL_LOW,1,1324.04,3265.96,72.62,FALSE,M1_DIRECTION_MISMATCH|OPENING_SHIELD_ACTIVE_3s
2026-09-07 17:18:04.083,1788801484.083,879,8,119,4413.46,4413.54,8.0,PASS_<=10c,+0.0,FLAT,-2.0,+32.0,4.5,+1.49,0.33,SLOW,4413.14,4413.14,4412.09,4412.19,0.00,0.00,0.0,BULLISH,105.0,4413.48,4413.48,4413.46,4413.46,4,ACTIVE_4s,2.0,2.0,0.0,0.0,0.0,0.0,0.0,PASS_<20%,0.00,0.0,NO,STANDBY_VEL_LOW,1,1324.04,3265.96,72.62,FALSE,M1_DIRECTION_MISMATCH|OPENING_SHIELD_ACTIVE_4s
2026-09-07 17:18:04.644,1788801484.644,880,9,120,4413.46,4413.54,8.0,PASS_<=10c,+0.0,FLAT,-2.0,+32.0,4.4,+1.48,0.34,SLOW,4413.14,4413.14,4412.09,4412.19,0.00,0.00,0.0,BULLISH,105.0,4413.48,4413.48,4413.46,4413.46,4,ACTIVE_4s,2.0,2.0,0.0,0.0,0.0,0.0,0.0,PASS_<20%,0.00,0.0,NO,STANDBY_VEL_LOW,1,1324.04,3265.96,72.62,FALSE,M1_DIRECTION_MISMATCH|OPENING_SHIELD_ACTIVE_4s
2026-09-07 17:18:05.122,1788801485.123,881,10,121,4413.46,4413.54,8.0,PASS_<=10c,+0.0,FLAT,-2.0,+32.0,4.3,+1.47,0.34,SLOW,4413.14,4413.14,4412.09,4412.19,0.00,0.00,0.0,BULLISH,105.0,4413.48,4413.48,4413.46,4413.46,5,ACTIVE_5s,2.0,2.0,0.0,0.0,0.0,0.0,0.0,PASS_<20%,0.00,0.0,NO,STANDBY_VEL_LOW,1,1324.04,3265.96,72.62,FALSE,M1_DIRECTION_MISMATCH|OPENING_SHIELD_ACTIVE_5s
2026-09-07 17:18:05.625,1788801485.625,882,11,122,4413.46,4413.54,8.0,PASS_<=10c,+0.0,FLAT,-2.0,+32.0,4.3,+1.59,0.37,SLOW,4413.14,4413.14,4412.09,4412.19,0.00,0.00,0.0,BULLISH,105.0,4413.48,4413.48,4413.46,4413.46,5,ACTIVE_5s,2.0,2.0,0.0,0.0,0.0,0.0,0.0,PASS_<20%,0.00,0.0,NO,STANDBY_VEL_LOW,1,1324.04,3265.96,72.62,FALSE,M1_DIRECTION_MISMATCH|OPENING_SHIELD_ACTIVE_5s
2026-09-07 17:18:06.125,1788801486.126,883,12,123,4413.46,4413.54,8.0,PASS_<=10c,+0.0,FLAT,-2.0,+32.0,4.2,+1.58,0.38,SLOW,4413.14,4413.14,4412.09,4412.19,0.00,0.00,0.0,BULLISH,105.0,4413.48,4413.48,4413.46,4413.46,6,ACTIVE_6s,2.0,2.0,0.0,0.0,0.0,0.0,0.0,PASS_<20%,0.00,0.0,NO,STANDBY_VEL_LOW,1,1324.04,3265.96,72.62,FALSE,M1_DIRECTION_MISMATCH|OPENING_SHIELD_ACTIVE_6s
2026-09-07 17:18:06.628,1788801486.629,884,13,124,4413.46,4413.54,8.0,PASS_<=10c,+0.0,FLAT,-2.0,+32.0,4.2,+1.56,0.37,SLOW,4413.14,4413.14,4412.09,4412.19,0.00,0.00,0.0,BULLISH,105.0,4413.48,4413.48,4413.46,4413.46,6,ACTIVE_6s,2.0,2.0,0.0,0.0,0.0,0.0,0.0,PASS_<20%,0.00,0.0,NO,STANDBY_VEL_LOW,1,1324.04,3265.96,72.62,FALSE,M1_DIRECTION_MISMATCH|OPENING_SHIELD_ACTIVE_6s
2026-09-07 17:18:07.132,1788801487.132,885,14,125,4413.46,4413.54,8.0,PASS_<=10c,+0.0,FLAT,-2.0,+32.0,4.2,+1.55,0.37,SLOW,4413.14,4413.14,4412.09,4412.19,0.00,0.00,0.0,BULLISH,105.0,4413.48,4413.48,4413.46,4413.46,7,ACTIVE_7s,2.0,2.0,0.0,0.0,0.0,0.0,0.0,PASS_<20%,0.00,0.0,NO,STANDBY_VEL_LOW,1,1324.04,3265.96,72.62,FALSE,M1_DIRECTION_MISMATCH|OPENING_SHIELD_ACTIVE_7s
2026-09-07 17:18:07.632,1788801487.632,886,15,126,4413.46,4413.54,8.0,PASS_<=10c,+0.0,FLAT,-2.0,+32.0,4.2,+1.54,0.37,SLOW,4413.14,4413.14,4412.09,4412.19,0.00,0.00,0.0,BULLISH,105.0,4413.48,4413.48,4413.46,4413.46,7,ACTIVE_7s,2.0,2.0,0.0,0.0,0.0,0.0,0.0,PASS_<20%,0.00,0.0,NO,STANDBY_VEL_LOW,1,1324.04,3265.96,72.62,FALSE,M1_DIRECTION_MISMATCH|OPENING_SHIELD_ACTIVE_7s
2026-09-07 17:18:08.134,1788801488.135,887,16,127,4413.46,4413.54,8.0,PASS_<=10c,+0.0,FLAT,-2.0,+32.0,4.2,+1.52,0.36,SLOW,4413.14,4413.14,4412.09,4412.19,0.00,0.00,0.0,BULLISH,105.0,4413.48,4413.48,4413.46,4413.46,8,ACTIVE_8s,2.0,2.0,0.0,0.0,0.0,0.0,0.0,PASS_<20%,0.00,0.0,NO,STANDBY_VEL_LOW,1,1324.04,3265.96,72.62,FALSE,M1_DIRECTION_MISMATCH|OPENING_SHIELD_ACTIVE_8s
2026-09-07 17:18:08.637,1788801488.637,888,17,128,4413.46,4413.54,8.0,PASS_<=10c,+0.0,FLAT,-2.0,+32.0,4.2,+1.51,0.36,SLOW,4413.14,4413.14,4412.09,4412.19,0.00,0.00,0.0,BULLISH,105.0,4413.48,4413.48,4413.46,4413.46,8,ACTIVE_8s,2.0,2.0,0.0,0.0,0.0,0.0,0.0,PASS_<20%,0.00,0.0,NO,STANDBY_VEL_LOW,1,1324.04,3265.96,72.62,FALSE,M1_DIRECTION_MISMATCH|OPENING_SHIELD_ACTIVE_8s
2026-09-07 17:18:14.191,1788801494.191,889,18,129,4413.46,4413.54,8.0,PASS_<=10c,+0.0,FLAT,-2.0,+32.0,1.1,+1.02,0.93,SLOW,4413.14,4413.14,4412.09,4412.19,0.00,0.00,0.0,BULLISH,105.0,4413.48,4413.48,4413.46,4413.46,14,ACTIVE_14s,2.0,2.0,0.0,0.0,0.0,0.0,0.0,PASS_<20%,0.00,0.0,NO,STANDBY_VEL_LOW,1,1324.04,3265.96,72.62,FALSE,M1_DIRECTION_MISMATCH|OPENING_SHIELD_ACTIVE_14s
2026-09-07 17:18:24.481,1788801504.481,890,19,130,4413.46,4413.54,8.0,PASS_<=10c,+0.0,FLAT,-2.0,+32.0,1.0,+1.04,1.04,SLOW,4413.14,4413.14,4412.09,4412.19,0.00,0.00,0.0,BULLISH,105.0,4413.48,4413.48,4413.46,4413.46,24,CLEARED_>=20s,2.0,2.0,0.0,0.0,0.0,0.0,0.0,PASS_<20%,0.00,0.0,NO,STANDBY_VEL_LOW,1,1324.04,3265.96,72.62,FALSE,M1_DIRECTION_MISMATCH
2026-09-07 17:18:24.885,1788801504.886,891,20,131,4413.46,4413.54,8.0,PASS_<=10c,+0.0,FLAT,-2.0,+32.0,3.0,+1.13,0.38,SLOW,4413.14,4413.14,4412.09,4412.19,0.00,0.00,0.0,BULLISH,105.0,4413.48,4413.48,4413.46,4413.46,24,CLEARED_>=20s,2.0,2.0,0.0,0.0,0.0,0.0,0.0,PASS_<20%,0.00,0.0,NO,STANDBY_VEL_LOW,1,1324.04,3265.96,72.62,FALSE,M1_DIRECTION_MISMATCH
2026-09-07 17:18:25.387,1788801505.388,892,21,132,4413.26,4413.34,8.0,PASS_<=10c,-20.0,DOWN,-22.0,+12.0,5.0,+20.00,4.00,SLOW,4413.14,4413.14,4412.09,4412.19,0.00,0.00,0.0,NEUTRAL,105.0,4413.48,4413.48,4413.26,4413.26,25,CLEARED_>=20s,22.0,22.0,0.0,0.0,0.0,0.0,0.0,PASS_<20%,0.00,0.0,NO,STANDBY_VEL_LOW,1,1324.04,3265.96,72.62,FALSE,M5_TREND_NEUTRAL|M1_DIRECTION_MISMATCH
2026-09-07 17:18:25.888,1788801505.889,893,22,133,4413.26,4413.34,8.0,PASS_<=10c,+0.0,FLAT,-22.0,+12.0,5.0,+14.21,2.84,SLOW,4413.14,4413.14,4412.09,4412.19,0.00,0.00,0.0,NEUTRAL,105.0,4413.48,4413.48,4413.26,4413.26,25,CLEARED_>=20s,22.0,22.0,0.0,0.0,0.0,0.0,0.0,PASS_<20%,0.00,0.0,NO,STANDBY_VEL_LOW,1,1324.04,3265.96,72.62,FALSE,M5_TREND_NEUTRAL|M1_DIRECTION_MISMATCH
2026-09-07 17:18:26.389,1788801506.390,894,23,134,4413.26,4413.34,8.0,PASS_<=10c,+0.0,FLAT,-22.0,+12.0,4.7,+10.48,2.23,SLOW,4413.14,4413.14,4412.09,4412.19,0.00,0.00,0.0,NEUTRAL,105.0,4413.48,4413.48,4413.26,4413.26,26,CLEARED_>=20s,22.0,22.0,0.0,0.0,0.0,0.0,0.0,PASS_<20%,0.00,0.0,NO,STANDBY_VEL_LOW,1,1324.04,3265.96,72.62,FALSE,M5_TREND_NEUTRAL|M1_DIRECTION_MISMATCH
2026-09-07 17:18:26.891,1788801506.891,895,24,135,4413.26,4413.34,8.0,PASS_<=10c,+0.0,FLAT,-22.0,+12.0,4.6,+8.30,1.80,SLOW,4413.14,4413.14,4412.09,4412.19,0.00,0.00,0.0,NEUTRAL,105.0,4413.48,4413.48,4413.26,4413.26,26,CLEARED_>=20s,22.0,22.0,0.0,0.0,0.0,0.0,0.0,PASS_<20%,0.00,0.0,NO,STANDBY_VEL_LOW,1,1324.04,3265.96,72.62,FALSE,M5_TREND_NEUTRAL|M1_DIRECTION_MISMATCH
2026-09-07 17:18:27.393,1788801507.393,896,25,136,4413.26,4413.34,8.0,PASS_<=10c,+0.0,FLAT,-22.0,+12.0,4.5,+6.87,1.53,SLOW,4413.14,4413.14,4412.09,4412.19,0.00,0.00,0.0,NEUTRAL,105.0,4413.48,4413.48,4413.26,4413.26,27,CLEARED_>=20s,22.0,22.0,0.0,0.0,0.0,0.0,0.0,PASS_<20%,0.00,0.0,NO,STANDBY_VEL_LOW,1,1324.04,3265.96,72.62,FALSE,M5_TREND_NEUTRAL|M1_DIRECTION_MISMATCH
2026-09-07 17:18:27.894,1788801507.895,897,26,137,4413.27,4413.35,8.0,PASS_<=10c,+1.0,UP,-21.0,+13.0,4.4,+5.57,1.27,SLOW,4413.14,4413.14,4412.09,4412.19,0.00,0.00,0.0,NEUTRAL,105.0,4413.48,4413.48,4413.26,4413.27,27,CLEARED_>=20s,22.0,21.0,0.0,1.0,0.0,4.5,4.5,PASS_<20%,0.00,0.0,NO,STANDBY_VEL_LOW,1,1324.04,3265.96,72.62,FALSE,M5_TREND_NEUTRAL|M1_DIRECTION_MISMATCH
2026-09-07 17:18:28.396,1788801508.397,898,27,138,4413.27,4413.35,8.0,PASS_<=10c,+0.0,FLAT,-21.0,+13.0,4.3,+4.85,1.13,SLOW,4413.14,4413.14,4412.09,4412.19,0.00,0.00,0.0,NEUTRAL,105.0,4413.48,4413.48,4413.26,4413.27,28,CLEARED_>=20s,22.0,21.0,0.0,1.0,0.0,4.5,4.5,PASS_<20%,0.00,0.0,NO,STANDBY_VEL_LOW,1,1324.04,3265.96,72.62,FALSE,M5_TREND_NEUTRAL|M1_DIRECTION_MISMATCH
2026-09-07 17:18:28.898,1788801508.898,899,28,139,4413.27,4413.35,8.0,PASS_<=10c,+0.0,FLAT,-21.0,+13.0,4.3,+4.30,1.00,SLOW,4413.14,4413.14,4412.09,4412.19,0.00,0.00,0.0,NEUTRAL,105.0,4413.48,4413.48,4413.26,4413.27,28,CLEARED_>=20s,22.0,21.0,0.0,1.0,0.0,4.5,4.5,PASS_<20%,0.00,0.0,NO,STANDBY_VEL_LOW,1,1324.04,3265.96,72.62,FALSE,M5_TREND_NEUTRAL|M1_DIRECTION_MISMATCH
2026-09-07 17:18:29.403,1788801509.404,900,29,140,4413.27,4413.35,8.0,PASS_<=10c,+0.0,FLAT,-21.0,+13.0,4.3,+3.86,0.90,SLOW,4413.14,4413.14,4412.09,4412.19,0.00,0.00,0.0,NEUTRAL,105.0,4413.48,4413.48,4413.26,4413.27,29,CLEARED_>=20s,22.0,21.0,0.0,1.0,0.0,4.5,4.5,PASS_<20%,0.00,0.0,NO,STANDBY_VEL_LOW,1,1324.04,3265.96,72.62,FALSE,M5_TREND_NEUTRAL|M1_DIRECTION_MISMATCH
2026-09-07 17:18:29.900,1788801509.901,901,30,141,4413.27,4413.35,8.0,PASS_<=10c,+0.0,FLAT,-21.0,+13.0,4.2,+0.72,0.17,SLOW,4413.14,4413.14,4412.09,4412.19,0.00,0.00,0.0,NEUTRAL,105.0,4413.48,4413.48,4413.26,4413.27,29,CLEARED_>=20s,22.0,21.0,0.0,1.0,0.0,4.5,4.5,PASS_<20%,0.00,0.0,NO,STANDBY_VEL_LOW,1,1324.04,3265.96,72.62,FALSE,M5_TREND_NEUTRAL|M1_DIRECTION_MISMATCH
2026-09-07 17:18:30.401,1788801510.402,902,31,142,4413.27,4413.35,8.0,PASS_<=10c,+0.0,FLAT,-21.0,+13.0,4.2,+0.78,0.19,SLOW,4413.14,4413.14,4412.09,4412.19,0.00,0.00,0.0,NEUTRAL,105.0,4413.48,4413.48,4413.26,4413.27,30,CLEARED_>=20s,22.0,21.0,0.0,1.0,0.0,4.5,4.5,PASS_<20%,0.00,0.0,NO,STANDBY_VEL_LOW,1,1324.04,3265.96,72.62,FALSE,M5_TREND_NEUTRAL|M1_DIRECTION_MISMATCH
2026-09-07 17:18:30.903,1788801510.903,903,32,143,4413.27,4413.35,8.0,PASS_<=10c,+0.0,FLAT,-21.0,+13.0,4.2,+0.77,0.18,SLOW,4413.14,4413.14,4412.09,4412.19,0.00,0.00,0.0,NEUTRAL,105.0,4413.48,4413.48,4413.26,4413.27,30,CLEARED_>=20s,22.0,21.0,0.0,1.0,0.0,4.5,4.5,PASS_<20%,0.00,0.0,NO,STANDBY_VEL_LOW,1,1324.04,3265.96,72.62,FALSE,M5_TREND_NEUTRAL|M1_DIRECTION_MISMATCH
2026-09-07 17:18:31.405,1788801511.405,904,33,144,4413.27,4413.35,8.0,PASS_<=10c,+0.0,FLAT,-21.0,+13.0,4.2,+0.76,0.18,SLOW,4413.14,4413.14,4412.09,4412.19,0.00,0.00,0.0,NEUTRAL,105.0,4413.48,4413.48,4413.26,4413.27,31,CLEARED_>=20s,22.0,21.0,0.0,1.0,0.0,4.5,4.5,PASS_<20%,0.00,0.0,NO,STANDBY_VEL_LOW,1,1324.04,3265.96,72.62,FALSE,M5_TREND_NEUTRAL|M1_DIRECTION_MISMATCH
2026-09-07 17:18:31.906,1788801511.906,905,34,145,4413.27,4413.35,8.0,PASS_<=10c,+0.0,FLAT,-21.0,+13.0,4.2,+0.76,0.18,SLOW,4413.14,4413.14,4412.09,4412.19,0.00,0.00,0.0,NEUTRAL,105.0,4413.48,4413.48,4413.26,4413.27,31,CLEARED_>=20s,22.0,21.0,0.0,1.0,0.0,4.5,4.5,PASS_<20%,0.00,0.0,NO,STANDBY_VEL_LOW,1,1324.04,3265.96,72.62,FALSE,M5_TREND_NEUTRAL|M1_DIRECTION_MISMATCH
2026-09-07 17:18:32.408,1788801512.408,906,35,146,4413.27,4413.35,8.0,PASS_<=10c,+0.0,FLAT,-21.0,+13.0,4.2,+0.75,0.18,SLOW,4413.14,4413.14,4412.09,4412.19,0.00,0.00,0.0,NEUTRAL,105.0,4413.48,4413.48,4413.26,4413.27,32,CLEARED_>=20s,22.0,21.0,0.0,1.0,0.0,4.5,4.5,PASS_<20%,0.00,0.0,NO,STANDBY_VEL_LOW,1,1324.04,3265.96,72.62,FALSE,M5_TREND_NEUTRAL|M1_DIRECTION_MISMATCH
2026-09-07 17:18:32.909,1788801512.910,907,36,147,4413.27,4413.35,8.0,PASS_<=10c,+0.0,FLAT,-21.0,+13.0,4.2,+0.74,0.18,SLOW,4413.14,4413.14,4412.09,4412.19,0.00,0.00,0.0,NEUTRAL,105.0,4413.48,4413.48,4413.26,4413.27,32,CLEARED_>=20s,22.0,21.0,0.0,1.0,0.0,4.5,4.5,PASS_<20%,0.00,0.0,NO,STANDBY_VEL_LOW,1,1324.04,3265.96,72.62,FALSE,M5_TREND_NEUTRAL|M1_DIRECTION_MISMATCH
2026-09-07 17:18:43.300,1788801523.300,908,37,148,4413.27,4413.35,8.0,PASS_<=10c,+0.0,FLAT,-21.0,+13.0,1.6,+0.00,0.00,SLOW,4413.14,4413.14,4412.09,4412.19,0.00,0.00,0.0,NEUTRAL,105.0,4413.48,4413.48,4413.26,4413.27,43,CLEARED_>=20s,22.0,21.0,0.0,1.0,0.0,4.5,4.5,PASS_<20%,0.00,0.0,NO,STANDBY_VEL_LOW,1,1324.04,3265.96,72.62,FALSE,M5_TREND_NEUTRAL|M1_DIRECTION_MISMATCH
2026-09-07 17:18:48.720,1788801528.721,909,38,149,4413.27,4413.35,8.0,PASS_<=10c,+0.0,FLAT,-21.0,+13.0,2.0,+0.00,0.00,SLOW,4413.14,4413.14,4412.09,4412.19,0.00,0.00,0.0,NEUTRAL,105.0,4413.48,4413.48,4413.26,4413.27,48,CLEARED_>=20s,22.0,21.0,0.0,1.0,0.0,4.5,4.5,PASS_<20%,0.00,0.0,NO,STANDBY_VEL_LOW,1,1324.04,3265.96,72.62,FALSE,M5_TREND_NEUTRAL|M1_DIRECTION_MISMATCH
2026-09-07 17:18:49.077,1788801529.077,910,39,150,4413.39,4413.47,8.0,PASS_<=10c,+12.0,UP,-9.0,+25.0,4.0,+12.00,3.00,SLOW,4413.14,4413.14,4412.09,4412.19,0.00,0.00,0.0,BULLISH,105.0,4413.48,4413.48,4413.26,4413.39,49,CLEARED_>=20s,22.0,9.0,0.0,13.0,0.0,59.1,0.0,PASS_<20%,0.00,0.0,NO,STANDBY_VEL_LOW,1,1324.04,3265.96,72.62,FALSE,M1_DIRECTION_MISMATCH
2026-09-07 17:18:49.579,1788801529.579,911,40,151,4413.39,4413.47,8.0,PASS_<=10c,+0.0,FLAT,-9.0,+25.0,5.2,+10.35,1.99,SLOW,4413.14,4413.14,4412.09,4412.19,0.00,0.00,0.0,BULLISH,105.0,4413.48,4413.48,4413.26,4413.39,49,CLEARED_>=20s,22.0,9.0,0.0,13.0,0.0,59.1,0.0,PASS_<20%,0.00,0.0,NO,STANDBY_VEL_LOW,1,1324.04,3265.96,72.62,FALSE,M1_DIRECTION_MISMATCH
2026-09-07 17:18:50.080,1788801530.081,912,41,152,4413.39,4413.47,8.0,PASS_<=10c,+0.0,FLAT,-9.0,+25.0,4.8,+7.22,1.50,SLOW,4413.14,4413.14,4412.09,4412.19,0.00,0.00,0.0,BULLISH,105.0,4413.48,4413.48,4413.26,4413.39,50,CLEARED_>=20s,22.0,9.0,0.0,13.0,0.0,59.1,0.0,PASS_<20%,0.00,0.0,NO,STANDBY_VEL_LOW,1,1324.04,3265.96,72.62,FALSE,M1_DIRECTION_MISMATCH
2026-09-07 17:18:50.582,1788801530.582,913,42,153,4413.39,4413.47,8.0,PASS_<=10c,+0.0,FLAT,-9.0,+25.0,4.6,+5.55,1.21,SLOW,4413.14,4413.14,4412.09,4412.19,0.00,0.00,0.0,BULLISH,105.0,4413.48,4413.48,4413.26,4413.39,50,CLEARED_>=20s,22.0,9.0,0.0,13.0,0.0,59.1,0.0,PASS_<20%,0.00,0.0,NO,STANDBY_VEL_LOW,1,1324.04,3265.96,72.62,FALSE,M1_DIRECTION_MISMATCH
2026-09-07 17:18:51.084,1788801531.084,914,43,154,4413.39,4413.47,8.0,PASS_<=10c,+0.0,FLAT,-9.0,+25.0,4.5,+4.50,1.00,SLOW,4413.14,4413.14,4412.09,4412.19,0.00,0.00,0.0,BULLISH,105.0,4413.48,4413.48,4413.26,4413.39,51,CLEARED_>=20s,22.0,9.0,0.0,13.0,0.0,59.1,0.0,PASS_<20%,0.00,0.0,NO,STANDBY_VEL_LOW,1,1324.04,3265.96,72.62,FALSE,M1_DIRECTION_MISMATCH
2026-09-07 17:18:51.586,1788801531.586,915,44,155,4413.39,4413.47,8.0,PASS_<=10c,+0.0,FLAT,-9.0,+25.0,4.4,+3.79,0.86,SLOW,4413.14,4413.14,4412.09,4412.19,0.00,0.00,0.0,BULLISH,105.0,4413.48,4413.48,4413.26,4413.39,51,CLEARED_>=20s,22.0,9.0,0.0,13.0,0.0,59.1,0.0,PASS_<20%,0.00,0.0,NO,STANDBY_VEL_LOW,1,1324.04,3265.96,72.62,FALSE,M1_DIRECTION_MISMATCH
2026-09-07 17:18:52.087,1788801532.087,916,45,156,4413.52,4413.60,8.0,PASS_<=10c,+13.0,UP,+4.0,+38.0,4.4,+6.82,1.55,SLOW,4413.14,4413.14,4412.09,4412.19,0.00,0.00,0.0,BULLISH,105.0,4413.48,4413.52,4413.26,4413.52,52,CLEARED_>=20s,26.0,4.0,0.0,22.0,0.0,84.6,0.0,PASS_<20%,4413.63,11.0,NO,STANDBY_VEL_LOW,1,1324.04,3265.96,72.62,FALSE,PRICE_BELOW_15C_DISPLACEMENT
2026-09-07 17:18:52.590,1788801532.591,917,46,157,4413.52,4413.60,8.0,PASS_<=10c,+0.0,FLAT,+4.0,+38.0,4.3,+5.99,1.39,SLOW,4413.14,4413.14,4412.09,4412.19,0.00,0.00,0.0,BULLISH,105.0,4413.48,4413.52,4413.26,4413.52,52,CLEARED_>=20s,26.0,4.0,0.0,22.0,0.0,84.6,0.0,PASS_<20%,4413.63,11.0,NO,STANDBY_VEL_LOW,1,1324.04,3265.96,72.62,FALSE,PRICE_BELOW_15C_DISPLACEMENT
2026-09-07 17:18:53.093,1788801533.093,918,47,158,4413.52,4413.60,8.0,PASS_<=10c,+0.0,FLAT,+4.0,+38.0,4.3,+5.35,1.24,SLOW,4413.14,4413.14,4412.09,4412.19,0.00,0.00,0.0,BULLISH,105.0,4413.48,4413.52,4413.26,4413.52,53,CLEARED_>=20s,26.0,4.0,0.0,22.0,0.0,84.6,0.0,PASS_<20%,4413.63,11.0,NO,STANDBY_VEL_LOW,1,1324.04,3265.96,72.62,FALSE,PRICE_BELOW_15C_DISPLACEMENT
2026-09-07 17:18:53.594,1788801533.595,919,48,159,4413.52,4413.60,8.0,PASS_<=10c,+0.0,FLAT,+4.0,+38.0,4.3,+5.13,1.19,SLOW,4413.14,4413.14,4412.09,4412.19,0.00,0.00,0.0,BULLISH,105.0,4413.48,4413.52,4413.26,4413.52,53,CLEARED_>=20s,26.0,4.0,0.0,22.0,0.0,84.6,0.0,PASS_<20%,4413.63,11.0,NO,STANDBY_VEL_LOW,1,1324.04,3265.96,72.62,FALSE,PRICE_BELOW_15C_DISPLACEMENT
2026-09-07 17:18:54.096,1788801534.096,920,49,160,4413.52,4413.60,8.0,PASS_<=10c,+0.0,FLAT,+4.0,+38.0,4.2,+2.73,0.65,SLOW,4413.14,4413.14,4412.09,4412.19,0.00,0.00,0.0,BULLISH,105.0,4413.48,4413.52,4413.26,4413.52,54,CLEARED_>=20s,26.0,4.0,0.0,22.0,0.0,84.6,0.0,PASS_<20%,4413.63,11.0,NO,STANDBY_VEL_LOW,1,1324.04,3265.96,72.62,FALSE,PRICE_BELOW_15C_DISPLACEMENT
2026-09-07 17:18:54.597,1788801534.598,921,50,161,4413.52,4413.60,8.0,PASS_<=10c,+0.0,FLAT,+4.0,+38.0,4.2,+2.73,0.65,SLOW,4413.14,4413.14,4412.09,4412.19,0.00,0.00,0.0,BULLISH,105.0,4413.48,4413.52,4413.26,4413.52,54,CLEARED_>=20s,26.0,4.0,0.0,22.0,0.0,84.6,0.0,PASS_<20%,4413.63,11.0,NO,STANDBY_VEL_LOW,1,1324.04,3265.96,72.62,FALSE,PRICE_BELOW_15C_DISPLACEMENT
2026-09-07 17:18:55.099,1788801535.100,922,51,162,4413.52,4413.60,8.0,PASS_<=10c,+0.0,FLAT,+4.0,+38.0,4.2,+2.73,0.65,SLOW,4413.14,4413.14,4412.09,4412.19,0.00,0.00,0.0,BULLISH,105.0,4413.48,4413.52,4413.26,4413.52,55,CLEARED_>=20s,26.0,4.0,0.0,22.0,0.0,84.6,0.0,PASS_<20%,4413.63,11.0,NO,STANDBY_VEL_LOW,1,1324.04,3265.96,72.62,FALSE,PRICE_BELOW_15C_DISPLACEMENT
2026-09-07 17:18:55.601,1788801535.601,923,52,163,4413.52,4413.60,8.0,PASS_<=10c,+0.0,FLAT,+4.0,+38.0,4.2,+2.73,0.65,SLOW,4413.14,4413.14,4412.09,4412.19,0.00,0.00,0.0,BULLISH,105.0,4413.48,4413.52,4413.26,4413.52,55,CLEARED_>=20s,26.0,4.0,0.0,22.0,0.0,84.6,0.0,PASS_<20%,4413.63,11.0,NO,STANDBY_VEL_LOW,1,1324.04,3265.96,72.62,FALSE,PRICE_BELOW_15C_DISPLACEMENT
2026-09-07 17:18:56.102,1788801536.103,924,53,164,4413.52,4413.60,8.0,PASS_<=10c,+0.0,FLAT,+4.0,+38.0,4.2,+2.73,0.65,SLOW,4413.14,4413.14,4412.09,4412.19,0.00,0.00,0.0,BULLISH,105.0,4413.48,4413.52,4413.26,4413.52,56,CLEARED_>=20s,26.0,4.0,0.0,22.0,0.0,84.6,0.0,PASS_<20%,4413.63,11.0,NO,STANDBY_VEL_LOW,1,1324.04,3265.96,72.62,FALSE,PRICE_BELOW_15C_DISPLACEMENT
2026-09-07 17:18:56.604,1788801536.604,925,54,165,4413.52,4413.60,8.0,PASS_<=10c,+0.0,FLAT,+4.0,+38.0,4.2,+2.73,0.65,SLOW,4413.14,4413.14,4412.09,4412.19,0.00,0.00,0.0,BULLISH,105.0,4413.48,4413.52,4413.26,4413.52,56,CLEARED_>=20s,26.0,4.0,0.0,22.0,0.0,84.6,0.0,PASS_<20%,4413.63,11.0,NO,STANDBY_VEL_LOW,1,1324.04,3265.96,72.62,FALSE,PRICE_BELOW_15C_DISPLACEMENT
2026-09-07 17:19:06.985,1788801546.985,926,1,166,4413.52,4413.60,8.0,PASS_<=10c,+0.0,FLAT,+0.0,+38.0,1.4,+0.10,0.07,SLOW,4413.14,4413.14,4412.09,4412.19,0.00,0.00,0.0,BULLISH,105.0,4413.52,4413.52,4413.52,4413.52,6,ACTIVE_6s,1.0,0.0,0.0,0.0,0.0,0.0,0.0,PASS_<20%,0.00,0.0,NO,STANDBY_VEL_LOW,1,1324.04,3265.96,72.62,FALSE,M1_DIRECTION_MISMATCH|OPENING_SHIELD_ACTIVE_6s
2026-09-07 17:19:13.807,1788801553.807,927,2,167,4413.52,4413.60,8.0,PASS_<=10c,+0.0,FLAT,+0.0,+38.0,1.3,+0.10,0.08,SLOW,4413.14,4413.14,4412.09,4412.19,0.00,0.00,0.0,BULLISH,105.0,4413.52,4413.52,4413.52,4413.52,13,ACTIVE_13s,1.0,0.0,0.0,0.0,0.0,0.0,0.0,PASS_<20%,0.00,0.0,NO,STANDBY_VEL_LOW,1,1324.04,3265.96,72.62,FALSE,M1_DIRECTION_MISMATCH|OPENING_SHIELD_ACTIVE_13s
2026-09-07 17:19:14.162,1788801554.162,928,3,168,4413.73,4413.81,8.0,PASS_<=10c,+21.0,UP,+21.0,+59.0,1.9,+10.20,5.37,SLOW,4413.14,4413.14,4412.09,4412.19,0.00,0.00,0.0,BULLISH,105.0,4413.52,4413.73,4413.52,4413.73,14,ACTIVE_14s,21.0,21.0,0.0,0.0,0.0,0.0,0.0,PASS_<20%,4413.67,6.0,NO,STANDBY_VEL_LOW,1,1324.04,3265.96,72.62,FALSE,OPENING_SHIELD_ACTIVE_14s
2026-09-07 17:19:14.663,1788801554.663,929,4,169,4413.73,4413.81,8.0,PASS_<=10c,+0.0,FLAT,+21.0,+59.0,2.3,+8.20,3.57,SLOW,4413.14,4413.14,4412.09,4412.19,0.00,0.00,0.0,BULLISH,105.0,4413.52,4413.73,4413.52,4413.73,14,ACTIVE_14s,21.0,21.0,0.0,0.0,0.0,0.0,0.0,PASS_<20%,4413.67,6.0,NO,STANDBY_VEL_LOW,0,0.00,4590.00,72.05,FALSE,OPENING_SHIELD_ACTIVE_14s
2026-09-07 17:19:15.164,1788801555.164,930,5,170,4413.73,4413.81,8.0,PASS_<=10c,+0.0,FLAT,+21.0,+59.0,2.6,+6.86,2.64,SLOW,4413.14,4413.14,4412.09,4412.19,0.00,0.00,0.0,BULLISH,105.0,4413.52,4413.73,4413.52,4413.73,15,ACTIVE_15s,21.0,21.0,0.0,0.0,0.0,0.0,0.0,PASS_<20%,4413.67,6.0,NO,STANDBY_VEL_LOW,0,0.00,4590.00,72.05,FALSE,OPENING_SHIELD_ACTIVE_15s
2026-09-07 17:19:15.666,1788801555.666,931,6,171,4413.73,4413.81,8.0,PASS_<=10c,+0.0,FLAT,+21.0,+59.0,2.8,+5.89,2.10,SLOW,4413.14,4413.14,4412.09,4412.19,0.00,0.00,0.0,BULLISH,105.0,4413.52,4413.73,4413.52,4413.73,15,ACTIVE_15s,21.0,21.0,0.0,0.0,0.0,0.0,0.0,PASS_<20%,4413.67,6.0,NO,STANDBY_VEL_LOW,0,0.00,4590.00,72.05,FALSE,OPENING_SHIELD_ACTIVE_15s
2026-09-07 17:19:16.167,1788801556.168,932,7,172,4413.73,4413.81,8.0,PASS_<=10c,+0.0,FLAT,+21.0,+59.0,3.0,+5.17,1.72,SLOW,4413.14,4413.14,4412.09,4412.19,0.00,0.00,0.0,BULLISH,105.0,4413.52,4413.73,4413.52,4413.73,16,ACTIVE_16s,21.0,21.0,0.0,0.0,0.0,0.0,0.0,PASS_<20%,4413.67,6.0,NO,STANDBY_VEL_LOW,0,0.00,4590.00,72.05,FALSE,OPENING_SHIELD_ACTIVE_16s
2026-09-07 17:19:16.668,1788801556.668,933,8,173,4413.73,4413.81,8.0,PASS_<=10c,+0.0,FLAT,+21.0,+59.0,3.1,+4.60,1.48,SLOW,4413.14,4413.14,4412.09,4412.19,0.00,0.00,0.0,BULLISH,105.0,4413.52,4413.73,4413.52,4413.73,16,ACTIVE_16s,21.0,21.0,0.0,0.0,0.0,0.0,0.0,PASS_<20%,4413.67,6.0,NO,STANDBY_VEL_LOW,0,0.00,4590.00,72.05,FALSE,OPENING_SHIELD_ACTIVE_16s
2026-09-07 17:19:17.168,1788801557.169,934,9,174,4413.73,4413.81,8.0,PASS_<=10c,+0.0,FLAT,+21.0,+59.0,4.5,+6.25,1.39,SLOW,4413.14,4413.14,4412.09,4412.19,0.00,0.00,0.0,BULLISH,105.0,4413.52,4413.73,4413.52,4413.73,17,ACTIVE_17s,21.0,21.0,0.0,0.0,0.0,0.0,0.0,PASS_<20%,4413.67,6.0,NO,STANDBY_VEL_LOW,0,0.00,4590.00,72.05,FALSE,OPENING_SHIELD_ACTIVE_17s
2026-09-07 17:19:17.670,1788801557.670,935,10,175,4413.73,4413.81,8.0,PASS_<=10c,+0.0,FLAT,+21.0,+59.0,4.4,+5.44,1.24,SLOW,4413.14,4413.14,4412.09,4412.19,0.00,0.00,0.0,BULLISH,105.0,4413.52,4413.73,4413.52,4413.73,17,ACTIVE_17s,21.0,21.0,0.0,0.0,0.0,0.0,0.0,PASS_<20%,4413.67,6.0,NO,STANDBY_VEL_LOW,0,0.00,4590.00,72.05,FALSE,OPENING_SHIELD_ACTIVE_17s
2026-09-07 17:19:18.172,1788801558.173,936,11,176,4413.73,4413.81,8.0,PASS_<=10c,+0.0,FLAT,+21.0,+59.0,4.4,+4.81,1.09,SLOW,4413.14,4413.14,4412.09,4412.19,0.00,0.00,0.0,BULLISH,105.0,4413.52,4413.73,4413.52,4413.73,18,ACTIVE_18s,21.0,21.0,0.0,0.0,0.0,0.0,0.0,PASS_<20%,4413.67,6.0,NO,STANDBY_VEL_LOW,0,0.00,4590.00,72.05,FALSE,OPENING_SHIELD_ACTIVE_18s
2026-09-07 17:19:18.676,1788801558.677,937,12,177,4413.73,4413.81,8.0,PASS_<=10c,+0.0,FLAT,+21.0,+59.0,4.3,+4.32,1.00,SLOW,4413.14,4413.14,4412.09,4412.19,0.00,0.00,0.0,BULLISH,105.0,4413.52,4413.73,4413.52,4413.73,18,ACTIVE_18s,21.0,21.0,0.0,0.0,0.0,0.0,0.0,PASS_<20%,4413.67,6.0,NO,STANDBY_VEL_LOW,0,0.00,4590.00,72.05,FALSE,OPENING_SHIELD_ACTIVE_18s
2026-09-07 17:19:19.193,1788801559.193,938,13,178,4413.73,4413.81,8.0,PASS_<=10c,+0.0,FLAT,+21.0,+59.0,4.2,+0.45,0.11,SLOW,4413.14,4413.14,4412.09,4412.19,0.00,0.00,0.0,BULLISH,105.0,4413.52,4413.73,4413.52,4413.73,19,ACTIVE_19s,21.0,21.0,0.0,0.0,0.0,0.0,0.0,PASS_<20%,4413.67,6.0,NO,STANDBY_VEL_LOW,0,0.00,4590.00,72.05,FALSE,OPENING_SHIELD_ACTIVE_19s
2026-09-07 17:19:19.702,1788801559.702,939,14,179,4413.73,4413.81,8.0,PASS_<=10c,+0.0,FLAT,+21.0,+59.0,4.2,+0.49,0.12,SLOW,4413.14,4413.14,4412.09,4412.19,0.00,0.00,0.0,BULLISH,105.0,4413.52,4413.73,4413.52,4413.73,19,ACTIVE_19s,21.0,21.0,0.0,0.0,0.0,0.0,0.0,PASS_<20%,4413.67,6.0,NO,STANDBY_VEL_LOW,0,0.00,4590.00,72.05,FALSE,OPENING_SHIELD_ACTIVE_19s
2026-09-07 17:19:20.198,1788801560.199,940,15,180,4413.73,4413.81,8.0,PASS_<=10c,+0.0,FLAT,+21.0,+59.0,4.2,+0.48,0.11,SLOW,4413.14,4413.14,4412.09,4412.19,0.00,0.00,0.0,BULLISH,105.0,4413.52,4413.73,4413.52,4413.73,20,CLEARED_>=20s,21.0,21.0,0.0,0.0,0.0,0.0,0.0,PASS_<20%,4413.67,6.0,YES,STANDBY_VEL_LOW,0,0.00,4590.00,72.05,TRUE,READY_TO_FIRE
2026-09-07 17:19:33.322,1788801573.322,941,16,181,4413.73,4413.81,8.0,PASS_<=10c,+0.0,FLAT,+21.0,+59.0,1.2,+0.83,0.69,SLOW,4413.14,4413.14,4412.09,4412.19,0.00,0.00,0.0,BULLISH,105.0,4413.52,4413.73,4413.52,4413.73,33,CLEARED_>=20s,21.0,21.0,0.0,0.0,0.0,0.0,0.0,PASS_<20%,4413.67,6.0,YES,STANDBY_VEL_LOW,1,4413.81,176.19,72.05,TRUE,READY_TO_FIRE
2026-09-07 17:19:38.151,1788801578.151,942,17,182,4413.73,4413.81,8.0,PASS_<=10c,+0.0,FLAT,+21.0,+59.0,1.2,+0.77,0.64,SLOW,4413.14,4413.14,4412.09,4412.19,0.00,0.00,0.0,BULLISH,105.0,4413.52,4413.73,4413.52,4413.73,38,CLEARED_>=20s,21.0,21.0,0.0,0.0,0.0,0.0,0.0,PASS_<20%,4413.67,6.0,YES,STANDBY_VEL_LOW,1,4413.81,176.19,72.05,TRUE,READY_TO_FIRE
2026-09-07 17:19:38.649,1788801578.649,943,18,183,4413.74,4413.82,8.0,PASS_<=10c,+1.0,UP,+22.0,+60.0,4.0,+1.00,0.25,SLOW,4413.14,4413.14,4412.09,4412.19,0.00,0.00,0.0,BULLISH,105.0,4413.52,4413.74,4413.52,4413.74,38,CLEARED_>=20s,22.0,22.0,0.0,0.0,0.0,0.0,0.0,PASS_<20%,4413.67,7.0,YES,STANDBY_VEL_LOW,1,4413.81,176.19,72.05,TRUE,READY_TO_FIRE
2026-09-07 17:19:39.150,1788801579.151,944,19,184,4413.74,4413.82,8.0,PASS_<=10c,+0.0,FLAT,+22.0,+60.0,5.4,+0.90,0.17,SLOW,4413.14,4413.14,4412.09,4412.19,0.00,0.00,0.0,BULLISH,105.0,4413.52,4413.74,4413.52,4413.74,39,CLEARED_>=20s,22.0,22.0,0.0,0.0,0.0,0.0,0.0,PASS_<20%,4413.67,7.0,YES,STANDBY_VEL_LOW,1,4413.81,176.19,72.05,TRUE,READY_TO_FIRE
2026-09-07 17:19:39.652,1788801579.653,945,20,185,4413.74,4413.82,8.0,PASS_<=10c,+0.0,FLAT,+22.0,+60.0,5.0,+0.83,0.17,SLOW,4413.14,4413.14,4412.09,4412.19,0.00,0.00,0.0,BULLISH,105.0,4413.52,4413.74,4413.52,4413.74,39,CLEARED_>=20s,22.0,22.0,0.0,0.0,0.0,0.0,0.0,PASS_<20%,4413.67,7.0,YES,STANDBY_VEL_LOW,1,4413.81,176.19,72.05,TRUE,READY_TO_FIRE
2026-09-07 17:19:40.153,1788801580.154,946,21,186,4413.74,4413.82,8.0,PASS_<=10c,+0.0,FLAT,+22.0,+60.0,4.7,+0.83,0.18,SLOW,4413.14,4413.14,4412.09,4412.19,0.00,0.00,0.0,BULLISH,105.0,4413.52,4413.74,4413.52,4413.74,40,CLEARED_>=20s,22.0,22.0,0.0,0.0,0.0,0.0,0.0,PASS_<20%,4413.67,7.0,YES,STANDBY_VEL_LOW,1,4413.81,176.19,72.05,TRUE,READY_TO_FIRE
2026-09-07 17:19:40.655,1788801580.655,947,22,187,4413.74,4413.82,8.0,PASS_<=10c,+0.0,FLAT,+22.0,+60.0,4.6,+0.82,0.18,SLOW,4413.14,4413.14,4412.09,4412.19,0.00,0.00,0.0,BULLISH,105.0,4413.52,4413.74,4413.52,4413.74,40,CLEARED_>=20s,22.0,22.0,0.0,0.0,0.0,0.0,0.0,PASS_<20%,4413.67,7.0,YES,STANDBY_VEL_LOW,1,4413.81,176.19,72.05,TRUE,READY_TO_FIRE
2026-09-07 17:19:41.164,1788801581.165,948,23,188,4413.74,4413.82,8.0,PASS_<=10c,+0.0,FLAT,+22.0,+60.0,4.5,+0.81,0.18,SLOW,4413.14,4413.14,4412.09,4412.19,0.00,0.00,0.0,BULLISH,105.0,4413.52,4413.74,4413.52,4413.74,41,CLEARED_>=20s,22.0,22.0,0.0,0.0,0.0,0.0,0.0,PASS_<20%,4413.67,7.0,YES,STANDBY_VEL_LOW,1,4413.81,176.19,72.05,TRUE,READY_TO_FIRE
2026-09-07 17:19:41.663,1788801581.663,949,24,189,4413.74,4413.82,8.0,PASS_<=10c,+0.0,FLAT,+22.0,+60.0,4.4,+0.81,0.18,SLOW,4413.14,4413.14,4412.09,4412.19,0.00,0.00,0.0,BULLISH,105.0,4413.52,4413.74,4413.52,4413.74,41,CLEARED_>=20s,22.0,22.0,0.0,0.0,0.0,0.0,0.0,PASS_<20%,4413.67,7.0,YES,STANDBY_VEL_LOW,1,4413.81,176.19,72.05,TRUE,READY_TO_FIRE
2026-09-07 17:19:42.166,1788801582.166,950,25,190,4413.74,4413.82,8.0,PASS_<=10c,+0.0,FLAT,+22.0,+60.0,4.4,+0.80,0.18,SLOW,4413.14,4413.14,4412.09,4412.19,0.00,0.00,0.0,BULLISH,105.0,4413.52,4413.74,4413.52,4413.74,42,CLEARED_>=20s,22.0,22.0,0.0,0.0,0.0,0.0,0.0,PASS_<20%,4413.67,7.0,YES,STANDBY_VEL_LOW,1,4413.81,176.19,72.05,TRUE,READY_TO_FIRE
2026-09-07 17:19:42.667,1788801582.668,951,26,191,4413.74,4413.82,8.0,PASS_<=10c,+0.0,FLAT,+22.0,+60.0,4.3,+0.79,0.18,SLOW,4413.14,4413.14,4412.09,4412.19,0.00,0.00,0.0,BULLISH,105.0,4413.52,4413.74,4413.52,4413.74,42,CLEARED_>=20s,22.0,22.0,0.0,0.0,0.0,0.0,0.0,PASS_<20%,4413.67,7.0,YES,STANDBY_VEL_LOW,1,4413.81,176.19,72.05,TRUE,READY_TO_FIRE
2026-09-07 17:19:43.169,1788801583.169,952,27,192,4413.74,4413.82,8.0,PASS_<=10c,+0.0,FLAT,+22.0,+60.0,4.2,+0.79,0.19,SLOW,4413.14,4413.14,4412.09,4412.19,0.00,0.00,0.0,BULLISH,105.0,4413.52,4413.74,4413.52,4413.74,43,CLEARED_>=20s,22.0,22.0,0.0,0.0,0.0,0.0,0.0,PASS_<20%,4413.67,7.0,YES,STANDBY_VEL_LOW,1,4413.81,176.19,72.05,TRUE,READY_TO_FIRE
2026-09-07 17:19:43.670,1788801583.670,953,28,193,4413.74,4413.82,8.0,PASS_<=10c,+0.0,FLAT,+22.0,+60.0,4.2,+0.85,0.20,SLOW,4413.14,4413.14,4412.09,4412.19,0.00,0.00,0.0,BULLISH,105.0,4413.52,4413.74,4413.52,4413.74,43,CLEARED_>=20s,22.0,22.0,0.0,0.0,0.0,0.0,0.0,PASS_<20%,4413.67,7.0,YES,STANDBY_VEL_LOW,1,4413.81,176.19,72.05,TRUE,READY_TO_FIRE
2026-09-07 17:19:44.172,1788801584.172,954,29,194,4413.74,4413.82,8.0,PASS_<=10c,+0.0,FLAT,+22.0,+60.0,4.2,+0.84,0.20,SLOW,4413.14,4413.14,4412.09,4412.19,0.00,0.00,0.0,BULLISH,105.0,4413.52,4413.74,4413.52,4413.74,44,CLEARED_>=20s,22.0,22.0,0.0,0.0,0.0,0.0,0.0,PASS_<20%,4413.67,7.0,YES,STANDBY_VEL_LOW,1,4413.81,176.19,72.05,TRUE,READY_TO_FIRE
2026-09-07 17:19:44.674,1788801584.674,955,30,195,4413.74,4413.82,8.0,PASS_<=10c,+0.0,FLAT,+22.0,+60.0,4.2,+0.84,0.20,SLOW,4413.14,4413.14,4412.09,4412.19,0.00,0.00,0.0,BULLISH,105.0,4413.52,4413.74,4413.52,4413.74,44,CLEARED_>=20s,22.0,22.0,0.0,0.0,0.0,0.0,0.0,PASS_<20%,4413.67,7.0,YES,STANDBY_VEL_LOW,1,4413.81,176.19,72.05,TRUE,READY_TO_FIRE
2026-09-07 17:19:45.176,1788801585.177,956,31,196,4413.74,4413.82,8.0,PASS_<=10c,+0.0,FLAT,+22.0,+60.0,4.2,+0.83,0.20,SLOW,4413.14,4413.14,4412.09,4412.19,0.00,0.00,0.0,BULLISH,105.0,4413.52,4413.74,4413.52,4413.74,45,CLEARED_>=20s,22.0,22.0,0.0,0.0,0.0,0.0,0.0,PASS_<20%,4413.67,7.0,YES,STANDBY_VEL_LOW,1,4413.81,176.19,72.05,TRUE,READY_TO_FIRE
2026-09-07 17:19:45.678,1788801585.678,957,32,197,4413.74,4413.82,8.0,PASS_<=10c,+0.0,FLAT,+22.0,+60.0,4.2,+0.82,0.20,SLOW,4413.14,4413.14,4412.09,4412.19,0.00,0.00,0.0,BULLISH,105.0,4413.52,4413.74,4413.52,4413.74,45,CLEARED_>=20s,22.0,22.0,0.0,0.0,0.0,0.0,0.0,PASS_<20%,4413.67,7.0,YES,STANDBY_VEL_LOW,1,4413.81,176.19,72.05,TRUE,READY_TO_FIRE
2026-09-07 17:19:51.231,1788801591.232,958,33,198,4413.74,4413.82,8.0,PASS_<=10c,+0.0,FLAT,+22.0,+60.0,1.5,+0.58,0.39,SLOW,4413.14,4413.14,4412.09,4412.19,0.00,0.00,0.0,BULLISH,105.0,4413.52,4413.74,4413.52,4413.74,51,CLEARED_>=20s,22.0,22.0,0.0,0.0,0.0,0.0,0.0,PASS_<20%,4413.67,7.0,YES,STANDBY_VEL_LOW,1,4413.81,176.19,72.05,TRUE,READY_TO_FIRE
2026-09-07 17:20:01.540,1788801601.541,959,1,1,4413.74,4413.82,8.0,PASS_<=10c,+0.0,FLAT,+0.0,+155.0,1.1,+0.37,0.34,SLOW,4412.19,4413.81,4412.19,4413.74,0.00,0.00,0.0,BULLISH,162.0,4413.74,4413.74,4413.74,4413.74,1,ACTIVE_1s,1.0,0.0,0.0,0.0,0.0,0.0,0.0,PASS_<20%,0.00,0.0,NO,STANDBY_VEL_LOW,1,4413.81,176.19,72.05,FALSE,M1_DIRECTION_MISMATCH|OPENING_SHIELD_ACTIVE_1s
2026-09-07 17:20:03.552,1788801603.553,960,2,2,4413.10,4413.18,8.0,PASS_<=10c,-64.0,DOWN,-64.0,+91.0,1.5,+31.59,21.06,SLOW,4412.19,4413.81,4412.19,4413.74,0.00,0.00,0.0,NEUTRAL,162.0,4413.74,4413.74,4413.10,4413.10,3,ACTIVE_3s,64.0,64.0,0.0,0.0,0.0,0.0,0.0,PASS_<20%,0.00,0.0,NO,STANDBY_VEL_LOW,1,4413.81,176.19,72.05,FALSE,M5_TREND_NEUTRAL|M1_DIRECTION_MISMATCH|OPENING_SHIELD_ACTIVE_3s
2026-09-07 17:20:04.055,1788801604.055,961,3,3,4413.01,4413.09,8.0,PASS_<=10c,-9.0,DOWN,-73.0,+82.0,2.0,+28.88,14.44,SLOW,4412.19,4413.81,4412.19,4413.74,0.00,0.00,0.0,NEUTRAL,162.0,4413.74,4413.74,4413.01,4413.01,4,ACTIVE_4s,73.0,73.0,0.0,0.0,0.0,0.0,0.0,PASS_<20%,0.00,0.0,NO,STANDBY_VEL_LOW,0,0.00,4590.00,70.15,FALSE,M5_TREND_NEUTRAL|M1_DIRECTION_MISMATCH|OPENING_SHIELD_ACTIVE_4s
2026-09-07 17:20:04.557,1788801604.557,962,4,4,4412.97,4413.05,8.0,PASS_<=10c,-4.0,DOWN,-77.0,+78.0,2.3,+25.41,11.05,SLOW,4412.19,4413.81,4412.19,4413.74,0.00,0.00,0.0,NEUTRAL,162.0,4413.74,4413.74,4412.97,4412.97,4,ACTIVE_4s,77.0,77.0,0.0,0.0,0.0,0.0,0.0,PASS_<20%,0.00,0.0,NO,STANDBY_VEL_LOW,0,0.00,4590.00,70.15,FALSE,M5_TREND_NEUTRAL|M1_DIRECTION_MISMATCH|OPENING_SHIELD_ACTIVE_4s
2026-09-07 17:20:05.058,1788801605.059,963,5,5,4412.97,4413.05,8.0,PASS_<=10c,+0.0,FLAT,-77.0,+78.0,2.5,+21.80,8.72,SLOW,4412.19,4413.81,4412.19,4413.74,0.00,0.00,0.0,NEUTRAL,162.0,4413.74,4413.74,4412.97,4412.97,5,ACTIVE_5s,77.0,77.0,0.0,0.0,0.0,0.0,0.0,PASS_<20%,0.00,0.0,NO,STANDBY_VEL_LOW,0,0.00,4590.00,70.15,FALSE,M5_TREND_NEUTRAL|M1_DIRECTION_MISMATCH|OPENING_SHIELD_ACTIVE_5s
2026-09-07 17:20:05.560,1788801605.560,964,6,6,4412.96,4413.04,8.0,PASS_<=10c,-1.0,DOWN,-78.0,+77.0,2.7,+19.34,7.16,SLOW,4412.19,4413.81,4412.19,4413.74,0.00,0.00,0.0,NEUTRAL,162.0,4413.74,4413.74,4412.96,4412.96,5,ACTIVE_5s,78.0,78.0,0.0,0.0,0.0,0.0,0.0,PASS_<20%,0.00,0.0,NO,STANDBY_VEL_LOW,0,0.00,4590.00,70.15,FALSE,M5_TREND_NEUTRAL|M1_DIRECTION_MISMATCH|OPENING_SHIELD_ACTIVE_5s
2026-09-07 17:20:06.062,1788801606.063,965,7,7,4412.96,4413.04,8.0,PASS_<=10c,+0.0,FLAT,-78.0,+77.0,2.9,+17.20,5.93,SLOW,4412.19,4413.81,4412.19,4413.74,0.00,0.00,0.0,NEUTRAL,162.0,4413.74,4413.74,4412.96,4412.96,6,ACTIVE_6s,78.0,78.0,0.0,0.0,0.0,0.0,0.0,PASS_<20%,0.00,0.0,NO,STANDBY_VEL_LOW,0,0.00,4590.00,70.15,FALSE,M5_TREND_NEUTRAL|M1_DIRECTION_MISMATCH|OPENING_SHIELD_ACTIVE_6s
2026-09-07 17:20:06.563,1788801606.564,966,8,8,4412.96,4413.04,8.0,PASS_<=10c,+0.0,FLAT,-78.0,+77.0,4.5,+25.06,5.57,SLOW,4412.19,4413.81,4412.19,4413.74,0.00,0.00,0.0,NEUTRAL,162.0,4413.74,4413.74,4412.96,4412.96,6,ACTIVE_6s,78.0,78.0,0.0,0.0,0.0,0.0,0.0,PASS_<20%,0.00,0.0,NO,STANDBY_VEL_LOW,0,0.00,4590.00,70.15,FALSE,M5_TREND_NEUTRAL|M1_DIRECTION_MISMATCH|OPENING_SHIELD_ACTIVE_6s
2026-09-07 17:20:07.065,1788801607.066,967,9,9,4412.96,4413.04,8.0,PASS_<=10c,+0.0,FLAT,-78.0,+77.0,4.4,+21.58,4.90,SLOW,4412.19,4413.81,4412.19,4413.74,0.00,0.00,0.0,NEUTRAL,162.0,4413.74,4413.74,4412.96,4412.96,7,ACTIVE_7s,78.0,78.0,0.0,0.0,0.0,0.0,0.0,PASS_<20%,0.00,0.0,NO,STANDBY_VEL_LOW,0,0.00,4590.00,70.15,FALSE,M5_TREND_NEUTRAL|M1_DIRECTION_MISMATCH|OPENING_SHIELD_ACTIVE_7s
2026-09-07 17:20:07.568,1788801607.568,968,10,10,4412.96,4413.04,8.0,PASS_<=10c,+0.0,FLAT,-78.0,+77.0,4.4,+18.95,4.31,SLOW,4412.19,4413.81,4412.19,4413.74,0.00,0.00,0.0,NEUTRAL,162.0,4413.74,4413.74,4412.96,4412.96,7,ACTIVE_7s,78.0,78.0,0.0,0.0,0.0,0.0,0.0,PASS_<20%,0.00,0.0,NO,STANDBY_VEL_LOW,0,0.00,4590.00,70.15,FALSE,M5_TREND_NEUTRAL|M1_DIRECTION_MISMATCH|OPENING_SHIELD_ACTIVE_7s
2026-09-07 17:20:08.069,1788801608.069,969,11,11,4412.96,4413.04,8.0,PASS_<=10c,+0.0,FLAT,-78.0,+77.0,4.3,+16.89,3.93,SLOW,4412.19,4413.81,4412.19,4413.74,0.00,0.00,0.0,NEUTRAL,162.0,4413.74,4413.74,4412.96,4412.96,8,ACTIVE_8s,78.0,78.0,0.0,0.0,0.0,0.0,0.0,PASS_<20%,0.00,0.0,NO,STANDBY_VEL_LOW,0,0.00,4590.00,70.15,FALSE,M5_TREND_NEUTRAL|M1_DIRECTION_MISMATCH|OPENING_SHIELD_ACTIVE_8s
2026-09-07 17:20:08.570,1788801608.570,970,12,12,4412.96,4413.04,8.0,PASS_<=10c,+0.0,FLAT,-78.0,+77.0,4.2,+1.89,0.45,SLOW,4412.19,4413.81,4412.19,4413.74,0.00,0.00,0.0,NEUTRAL,162.0,4413.74,4413.74,4412.96,4412.96,8,ACTIVE_8s,78.0,78.0,0.0,0.0,0.0,0.0,0.0,PASS_<20%,0.00,0.0,NO,STANDBY_VEL_LOW,0,0.00,4590.00,70.15,FALSE,M5_TREND_NEUTRAL|M1_DIRECTION_MISMATCH|OPENING_SHIELD_ACTIVE_8s
2026-09-07 17:20:09.074,1788801609.074,971,13,13,4412.96,4413.04,8.0,PASS_<=10c,+0.0,FLAT,-78.0,+77.0,4.2,+0.63,0.15,SLOW,4412.19,4413.81,4412.19,4413.74,0.00,0.00,0.0,NEUTRAL,162.0,4413.74,4413.74,4412.96,4412.96,9,ACTIVE_9s,78.0,78.0,0.0,0.0,0.0,0.0,0.0,PASS_<20%,0.00,0.0,NO,STANDBY_VEL_LOW,0,0.00,4590.00,70.15,FALSE,M5_TREND_NEUTRAL|M1_DIRECTION_MISMATCH|OPENING_SHIELD_ACTIVE_9s
2026-09-07 17:20:09.606,1788801609.606,972,14,14,4412.96,4413.04,8.0,PASS_<=10c,+0.0,FLAT,-78.0,+77.0,4.2,+0.21,0.05,SLOW,4412.19,4413.81,4412.19,4413.42,0.00,0.00,0.0,NEUTRAL,162.0,4413.74,4413.74,4412.96,4412.96,9,ACTIVE_9s,78.0,78.0,0.0,0.0,0.0,0.0,0.0,PASS_<20%,0.00,0.0,NO,STANDBY_VEL_LOW,0,0.00,4590.00,70.15,FALSE,M5_TREND_NEUTRAL|M1_DIRECTION_MISMATCH|OPENING_SHIELD_ACTIVE_9s
2026-09-07 17:20:10.107,1788801610.107,973,15,15,4412.96,4413.04,8.0,PASS_<=10c,+0.0,FLAT,-78.0,+77.0,4.2,+0.21,0.05,SLOW,4412.19,4413.81,4412.19,4413.42,0.00,0.00,0.0,NEUTRAL,162.0,4413.74,4413.74,4412.96,4412.96,10,ACTIVE_10s,78.0,78.0,0.0,0.0,0.0,0.0,0.0,PASS_<20%,0.00,0.0,NO,STANDBY_VEL_LOW,0,0.00,4590.00,70.15,FALSE,M5_TREND_NEUTRAL|M1_DIRECTION_MISMATCH|OPENING_SHIELD_ACTIVE_10s
2026-09-07 17:20:10.609,1788801610.609,974,16,16,4412.96,4413.04,8.0,PASS_<=10c,+0.0,FLAT,-78.0,+77.0,4.2,+0.00,0.00,SLOW,4412.19,4413.81,4412.19,4413.42,0.00,0.00,0.0,NEUTRAL,162.0,4413.74,4413.74,4412.96,4412.96,10,ACTIVE_10s,78.0,78.0,0.0,0.0,0.0,0.0,0.0,PASS_<20%,0.00,0.0,NO,STANDBY_VEL_LOW,0,0.00,4590.00,70.15,FALSE,M5_TREND_NEUTRAL|M1_DIRECTION_MISMATCH|OPENING_SHIELD_ACTIVE_10s
2026-09-07 17:20:11.111,1788801611.112,975,17,17,4412.96,4413.04,8.0,PASS_<=10c,+0.0,FLAT,-78.0,+77.0,4.2,+0.00,0.00,SLOW,4412.19,4413.81,4412.19,4413.42,0.00,0.00,0.0,NEUTRAL,162.0,4413.74,4413.74,4412.96,4412.96,11,ACTIVE_11s,78.0,78.0,0.0,0.0,0.0,0.0,0.0,PASS_<20%,0.00,0.0,NO,STANDBY_VEL_LOW,0,0.00,4590.00,70.15,FALSE,M5_TREND_NEUTRAL|M1_DIRECTION_MISMATCH|OPENING_SHIELD_ACTIVE_11s
2026-09-07 17:20:16.625,1788801616.626,976,18,18,4412.96,4413.04,8.0,PASS_<=10c,+0.0,FLAT,-78.0,+77.0,1.5,+0.00,0.00,SLOW,4412.19,4413.81,4412.19,4413.42,0.00,0.00,0.0,NEUTRAL,162.0,4413.74,4413.74,4412.96,4412.96,16,ACTIVE_16s,78.0,78.0,0.0,0.0,0.0,0.0,0.0,PASS_<20%,0.00,0.0,NO,STANDBY_VEL_LOW,0,0.00,4590.00,70.15,FALSE,M5_TREND_NEUTRAL|M1_DIRECTION_MISMATCH|OPENING_SHIELD_ACTIVE_16s
2026-09-07 17:20:26.859,1788801626.860,977,19,19,4412.96,4413.04,8.0,PASS_<=10c,+0.0,FLAT,-78.0,+77.0,1.3,+0.00,0.00,SLOW,4412.19,4413.81,4412.19,4413.42,0.00,0.00,0.0,NEUTRAL,162.0,4413.74,4413.74,4412.96,4412.96,26,CLEARED_>=20s,78.0,78.0,0.0,0.0,0.0,0.0,0.0,PASS_<20%,0.00,0.0,NO,STANDBY_VEL_LOW,0,0.00,4590.00,70.15,FALSE,M5_TREND_NEUTRAL|M1_DIRECTION_MISMATCH
2026-09-07 17:20:28.669,1788801628.669,978,20,20,4412.99,4413.07,8.0,PASS_<=10c,+3.0,UP,-75.0,+80.0,1.7,+1.66,0.98,SLOW,4412.19,4413.81,4412.19,4413.42,0.00,0.00,0.0,NEUTRAL,162.0,4413.74,4413.74,4412.96,4412.99,28,CLEARED_>=20s,78.0,75.0,0.0,3.0,0.0,3.8,3.8,PASS_<20%,0.00,0.0,NO,STANDBY_VEL_LOW,0,0.00,4590.00,70.15,FALSE,M5_TREND_NEUTRAL|M1_DIRECTION_MISMATCH
2026-09-07 17:20:29.171,1788801629.171,979,21,21,4412.99,4413.07,8.0,PASS_<=10c,+0.0,FLAT,-75.0,+80.0,2.2,+1.30,0.59,SLOW,4412.19,4413.81,4412.19,4413.42,0.00,0.00,0.0,NEUTRAL,162.0,4413.74,4413.74,4412.96,4412.99,29,CLEARED_>=20s,78.0,75.0,0.0,3.0,0.0,3.8,3.8,PASS_<20%,0.00,0.0,NO,STANDBY_VEL_LOW,0,0.00,4590.00,70.15,FALSE,M5_TREND_NEUTRAL|M1_DIRECTION_MISMATCH
2026-09-07 17:20:29.673,1788801629.673,980,22,22,4413.03,4413.11,8.0,PASS_<=10c,+4.0,UP,-71.0,+84.0,2.5,+2.49,1.00,SLOW,4412.19,4413.81,4412.19,4413.42,0.00,0.00,0.0,NEUTRAL,162.0,4413.74,4413.74,4412.96,4413.03,29,CLEARED_>=20s,78.0,71.0,0.0,7.0,0.0,9.0,9.0,PASS_<20%,0.00,0.0,NO,STANDBY_VEL_LOW,0,0.00,4590.00,70.15,FALSE,M5_TREND_NEUTRAL|M1_DIRECTION_MISMATCH
2026-09-07 17:20:30.260,1788801630.261,981,23,23,4413.03,4413.11,8.0,PASS_<=10c,+0.0,FLAT,-71.0,+84.0,2.6,+2.06,0.79,SLOW,4412.19,4413.81,4412.19,4413.42,0.00,0.00,0.0,NEUTRAL,162.0,4413.74,4413.74,4412.96,4413.03,30,CLEARED_>=20s,78.0,71.0,0.0,7.0,0.0,9.0,9.0,PASS_<20%,0.00,0.0,NO,STANDBY_VEL_LOW,0,0.00,4590.00,70.15,FALSE,M5_TREND_NEUTRAL|M1_DIRECTION_MISMATCH
2026-09-07 17:20:30.829,1788801630.830,982,24,24,4413.03,4413.11,8.0,PASS_<=10c,+0.0,FLAT,-71.0,+84.0,2.8,+1.76,0.63,SLOW,4412.19,4413.81,4412.19,4413.42,0.00,0.00,0.0,NEUTRAL,162.0,4413.74,4413.74,4412.96,4413.03,30,CLEARED_>=20s,78.0,71.0,0.0,7.0,0.0,9.0,9.0,PASS_<20%,0.00,0.0,NO,STANDBY_VEL_LOW,0,0.00,4590.00,70.15,FALSE,M5_TREND_NEUTRAL|M1_DIRECTION_MISMATCH
2026-09-07 17:20:31.332,1788801631.332,983,25,25,4413.03,4413.11,8.0,PASS_<=10c,+0.0,FLAT,-71.0,+84.0,2.9,+1.57,0.54,SLOW,4412.19,4413.81,4412.19,4413.42,0.00,0.00,0.0,NEUTRAL,162.0,4413.74,4413.74,4412.96,4413.03,31,CLEARED_>=20s,78.0,71.0,0.0,7.0,0.0,9.0,9.0,PASS_<20%,0.00,0.0,NO,STANDBY_VEL_LOW,0,0.00,4590.00,70.15,FALSE,M5_TREND_NEUTRAL|M1_DIRECTION_MISMATCH
2026-09-07 17:20:31.835,1788801631.836,984,26,26,4413.03,4413.11,8.0,PASS_<=10c,+0.0,FLAT,-71.0,+84.0,3.0,+1.41,0.47,SLOW,4412.19,4413.81,4412.19,4413.42,0.00,0.00,0.0,NEUTRAL,162.0,4413.74,4413.74,4412.96,4413.03,31,CLEARED_>=20s,78.0,71.0,0.0,7.0,0.0,9.0,9.0,PASS_<20%,0.00,0.0,NO,STANDBY_VEL_LOW,0,0.00,4590.00,70.15,FALSE,M5_TREND_NEUTRAL|M1_DIRECTION_MISMATCH
2026-09-07 17:20:32.336,1788801632.337,985,27,27,4413.03,4413.11,8.0,PASS_<=10c,+0.0,FLAT,-71.0,+84.0,4.2,+1.86,0.44,SLOW,4412.19,4413.81,4412.19,4413.42,0.00,0.00,0.0,NEUTRAL,162.0,4413.74,4413.74,4412.96,4413.03,32,CLEARED_>=20s,78.0,71.0,0.0,7.0,0.0,9.0,9.0,PASS_<20%,0.00,0.0,NO,STANDBY_VEL_LOW,0,0.00,4590.00,70.15,FALSE,M5_TREND_NEUTRAL|M1_DIRECTION_MISMATCH
2026-09-07 17:20:32.838,1788801632.838,986,28,28,4413.03,4413.11,8.0,PASS_<=10c,+0.0,FLAT,-71.0,+84.0,4.2,+1.64,0.39,SLOW,4412.19,4413.81,4412.19,4413.42,0.00,0.00,0.0,NEUTRAL,162.0,4413.74,4413.74,4412.96,4413.03,32,CLEARED_>=20s,78.0,71.0,0.0,7.0,0.0,9.0,9.0,PASS_<20%,0.00,0.0,NO,STANDBY_VEL_LOW,0,0.00,4590.00,70.15,FALSE,M5_TREND_NEUTRAL|M1_DIRECTION_MISMATCH
2026-09-07 17:20:33.340,1788801633.341,987,29,29,4413.03,4413.11,8.0,PASS_<=10c,+0.0,FLAT,-71.0,+84.0,4.2,+1.47,0.35,SLOW,4412.19,4413.81,4412.19,4413.42,0.00,0.00,0.0,NEUTRAL,162.0,4413.74,4413.74,4412.96,4413.03,33,CLEARED_>=20s,78.0,71.0,0.0,7.0,0.0,9.0,9.0,PASS_<20%,0.00,0.0,NO,STANDBY_VEL_LOW,0,0.00,4590.00,70.15,FALSE,M5_TREND_NEUTRAL|M1_DIRECTION_MISMATCH
2026-09-07 17:20:33.842,1788801633.842,988,30,30,4413.03,4413.11,8.0,PASS_<=10c,+0.0,FLAT,-71.0,+84.0,4.1,+0.81,0.20,SLOW,4412.19,4413.81,4412.19,4413.42,0.00,0.00,0.0,NEUTRAL,162.0,4413.74,4413.74,4412.96,4413.03,33,CLEARED_>=20s,78.0,71.0,0.0,7.0,0.0,9.0,9.0,PASS_<20%,0.00,0.0,NO,STANDBY_VEL_LOW,0,0.00,4590.00,70.15,FALSE,M5_TREND_NEUTRAL|M1_DIRECTION_MISMATCH
2026-09-07 17:20:34.345,1788801634.346,989,31,31,4413.03,4413.11,8.0,PASS_<=10c,+0.0,FLAT,-71.0,+84.0,4.1,+0.00,0.00,SLOW,4412.19,4413.81,4412.19,4413.42,0.00,0.00,0.0,NEUTRAL,162.0,4413.74,4413.74,4412.96,4413.03,34,CLEARED_>=20s,78.0,71.0,0.0,7.0,0.0,9.0,9.0,PASS_<20%,0.00,0.0,NO,STANDBY_VEL_LOW,0,0.00,4590.00,70.15,FALSE,M5_TREND_NEUTRAL|M1_DIRECTION_MISMATCH
2026-09-07 17:20:34.846,1788801634.846,990,32,32,4413.03,4413.11,8.0,PASS_<=10c,+0.0,FLAT,-71.0,+84.0,4.1,+0.00,0.00,SLOW,4412.19,4413.81,4412.19,4413.42,0.00,0.00,0.0,NEUTRAL,162.0,4413.74,4413.74,4412.96,4413.03,34,CLEARED_>=20s,78.0,71.0,0.0,7.0,0.0,9.0,9.0,PASS_<20%,0.00,0.0,NO,STANDBY_VEL_LOW,0,0.00,4590.00,70.15,FALSE,M5_TREND_NEUTRAL|M1_DIRECTION_MISMATCH
2026-09-07 17:20:35.347,1788801635.347,991,33,33,4413.03,4413.11,8.0,PASS_<=10c,+0.0,FLAT,-71.0,+84.0,4.2,+0.00,0.00,SLOW,4412.19,4413.81,4412.19,4413.42,0.00,0.00,0.0,NEUTRAL,162.0,4413.74,4413.74,4412.96,4413.03,35,CLEARED_>=20s,78.0,71.0,0.0,7.0,0.0,9.0,9.0,PASS_<20%,0.00,0.0,NO,STANDBY_VEL_LOW,0,0.00,4590.00,70.15,FALSE,M5_TREND_NEUTRAL|M1_DIRECTION_MISMATCH
2026-09-07 17:20:35.850,1788801635.850,992,34,34,4413.03,4413.11,8.0,PASS_<=10c,+0.0,FLAT,-71.0,+84.0,4.2,+0.00,0.00,SLOW,4412.19,4413.81,4412.19,4413.42,0.00,0.00,0.0,NEUTRAL,162.0,4413.74,4413.74,4412.96,4413.03,35,CLEARED_>=20s,78.0,71.0,0.0,7.0,0.0,9.0,9.0,PASS_<20%,0.00,0.0,NO,STANDBY_VEL_LOW,0,0.00,4590.00,70.15,FALSE,M5_TREND_NEUTRAL|M1_DIRECTION_MISMATCH
2026-09-07 17:20:36.350,1788801636.350,993,35,35,4413.03,4413.11,8.0,PASS_<=10c,+0.0,FLAT,-71.0,+84.0,4.2,+0.00,0.00,SLOW,4412.19,4413.81,4412.19,4413.42,0.00,0.00,0.0,NEUTRAL,162.0,4413.74,4413.74,4412.96,4413.03,36,CLEARED_>=20s,78.0,71.0,0.0,7.0,0.0,9.0,9.0,PASS_<20%,0.00,0.0,NO,STANDBY_VEL_LOW,0,0.00,4590.00,70.15,FALSE,M5_TREND_NEUTRAL|M1_DIRECTION_MISMATCH
2026-09-07 17:20:41.866,1788801641.866,994,36,36,4413.03,4413.11,8.0,PASS_<=10c,+0.0,FLAT,-71.0,+84.0,1.5,+0.00,0.00,SLOW,4412.19,4413.81,4412.19,4413.42,0.00,0.00,0.0,NEUTRAL,162.0,4413.74,4413.74,4412.96,4413.03,41,CLEARED_>=20s,78.0,71.0,0.0,7.0,0.0,9.0,9.0,PASS_<20%,0.00,0.0,NO,STANDBY_VEL_LOW,0,0.00,4590.00,70.15,FALSE,M5_TREND_NEUTRAL|M1_DIRECTION_MISMATCH
2026-09-07 17:20:52.130,1788801652.131,995,37,37,4413.03,4413.11,8.0,PASS_<=10c,+0.0,FLAT,-71.0,+84.0,1.3,+0.00,0.00,SLOW,4412.19,4413.81,4412.19,4413.42,0.00,0.00,0.0,NEUTRAL,162.0,4413.74,4413.74,4412.96,4413.03,52,CLEARED_>=20s,78.0,71.0,0.0,7.0,0.0,9.0,9.0,PASS_<20%,0.00,0.0,NO,STANDBY_VEL_LOW,0,0.00,4590.00,70.15,FALSE,M5_TREND_NEUTRAL|M1_DIRECTION_MISMATCH
2026-09-07 17:20:52.937,1788801652.937,996,38,38,4413.03,4413.11,8.0,PASS_<=10c,+0.0,FLAT,-71.0,+84.0,3.0,+0.00,0.00,SLOW,4412.19,4413.81,4412.19,4413.42,0.00,0.00,0.0,NEUTRAL,162.0,4413.74,4413.74,4412.96,4413.03,52,CLEARED_>=20s,78.0,71.0,0.0,7.0,0.0,9.0,9.0,PASS_<20%,0.00,0.0,NO,STANDBY_VEL_LOW,0,0.00,4590.00,70.15,FALSE,M5_TREND_NEUTRAL|M1_DIRECTION_MISMATCH
2026-09-07 17:20:53.440,1788801653.440,997,39,39,4413.21,4413.29,8.0,PASS_<=10c,+18.0,UP,-53.0,+102.0,3.8,+13.76,3.62,SLOW,4412.19,4413.81,4412.19,4413.42,0.00,0.00,0.0,NEUTRAL,162.0,4413.74,4413.74,4412.96,4413.21,53,CLEARED_>=20s,78.0,53.0,0.0,25.0,0.0,32.1,32.1,BLOCKED_32.1%,0.00,0.0,NO,STANDBY_VEL_LOW,0,0.00,4590.00,70.15,FALSE,M5_TREND_NEUTRAL|M1_DIRECTION_MISMATCH
2026-09-07 17:20:53.940,1788801653.940,998,40,40,4413.22,4413.30,8.0,PASS_<=10c,+1.0,UP,-52.0,+103.0,3.9,+10.50,2.69,SLOW,4412.19,4413.81,4412.19,4413.42,0.00,0.00,0.0,NEUTRAL,162.0,4413.74,4413.74,4412.96,4413.22,53,CLEARED_>=20s,78.0,52.0,0.0,26.0,0.0,33.3,33.3,BLOCKED_33.3%,0.00,0.0,NO,STANDBY_VEL_LOW,0,0.00,4590.00,70.15,FALSE,M5_TREND_NEUTRAL|M1_DIRECTION_MISMATCH
2026-09-07 17:20:54.442,1788801654.442,999,41,41,4413.22,4413.30,8.0,PASS_<=10c,+0.0,FLAT,-52.0,+103.0,3.9,+8.22,2.11,SLOW,4412.19,4413.81,4412.19,4413.42,0.00,0.00,0.0,NEUTRAL,162.0,4413.74,4413.74,4412.96,4413.22,54,CLEARED_>=20s,78.0,52.0,0.0,26.0,0.0,33.3,33.3,BLOCKED_33.3%,0.00,0.0,NO,STANDBY_VEL_LOW,0,0.00,4590.00,70.15,FALSE,M5_TREND_NEUTRAL|M1_DIRECTION_MISMATCH
2026-09-07 17:20:54.942,1788801654.943,1000,42,42,4413.21,4413.29,8.0,PASS_<=10c,-1.0,DOWN,-53.0,+102.0,3.9,+6.40,1.64,SLOW,4412.19,4413.81,4412.19,4413.42,0.00,0.00,0.0,NEUTRAL,162.0,4413.74,4413.74,4412.96,4413.21,54,CLEARED_>=20s,78.0,53.0,0.0,25.0,0.0,32.1,32.1,BLOCKED_32.1%,0.00,0.0,NO,STANDBY_VEL_LOW,0,0.00,4590.00,70.15,FALSE,M5_TREND_NEUTRAL|M1_DIRECTION_MISMATCH
2026-09-07 17:20:55.443,1788801655.444,1001,43,43,4413.21,4413.29,8.0,PASS_<=10c,+0.0,FLAT,-53.0,+102.0,3.9,+5.43,1.39,SLOW,4412.19,4413.81,4412.19,4413.42,0.00,0.00,0.0,NEUTRAL,162.0,4413.74,4413.74,4412.96,4413.21,55,CLEARED_>=20s,78.0,53.0,0.0,25.0,0.0,32.1,32.1,BLOCKED_32.1%,0.00,0.0,NO,STANDBY_VEL_LOW,0,0.00,4590.00,70.15,FALSE,M5_TREND_NEUTRAL|M1_DIRECTION_MISMATCH
2026-09-07 17:20:55.945,1788801655.945,1002,44,44,4413.22,4413.30,8.0,PASS_<=10c,+1.0,UP,-52.0,+103.0,3.9,+4.98,1.28,SLOW,4412.19,4413.81,4412.19,4413.42,0.00,0.00,0.0,NEUTRAL,162.0,4413.74,4413.74,4412.96,4413.22,55,CLEARED_>=20s,78.0,52.0,0.0,26.0,0.0,33.3,33.3,BLOCKED_33.3%,0.00,0.0,NO,STANDBY_VEL_LOW,0,0.00,4590.00,70.15,FALSE,M5_TREND_NEUTRAL|M1_DIRECTION_MISMATCH
2026-09-07 17:20:56.446,1788801656.447,1003,45,45,4413.22,4413.30,8.0,PASS_<=10c,+0.0,FLAT,-52.0,+103.0,3.9,+4.40,1.13,SLOW,4412.19,4413.81,4412.19,4413.42,0.00,0.00,0.0,NEUTRAL,162.0,4413.74,4413.74,4412.96,4413.22,56,CLEARED_>=20s,78.0,52.0,0.0,26.0,0.0,33.3,33.3,BLOCKED_33.3%,0.00,0.0,NO,STANDBY_VEL_LOW,0,0.00,4590.00,70.15,FALSE,M5_TREND_NEUTRAL|M1_DIRECTION_MISMATCH
2026-09-07 17:20:56.947,1788801656.947,1004,46,46,4413.22,4413.30,8.0,PASS_<=10c,+0.0,FLAT,-52.0,+103.0,3.9,+3.94,1.01,SLOW,4412.19,4413.81,4412.19,4413.42,0.00,0.00,0.0,NEUTRAL,162.0,4413.74,4413.74,4412.96,4413.22,56,CLEARED_>=20s,78.0,52.0,0.0,26.0,0.0,33.3,33.3,BLOCKED_33.3%,0.00,0.0,NO,STANDBY_VEL_LOW,0,0.00,4590.00,70.15,FALSE,M5_TREND_NEUTRAL|M1_DIRECTION_MISMATCH
2026-09-07 17:20:57.449,1788801657.450,1005,47,47,4413.22,4413.30,8.0,PASS_<=10c,+0.0,FLAT,-52.0,+103.0,4.3,+4.12,0.96,SLOW,4412.19,4413.81,4412.19,4413.42,0.00,0.00,0.0,NEUTRAL,162.0,4413.74,4413.74,4412.96,4413.22,57,CLEARED_>=20s,78.0,52.0,0.0,26.0,0.0,33.3,33.3,BLOCKED_33.3%,0.00,0.0,NO,STANDBY_VEL_LOW,0,0.00,4590.00,70.15,FALSE,M5_TREND_NEUTRAL|M1_DIRECTION_MISMATCH
2026-09-07 17:20:57.954,1788801657.955,1006,48,48,4413.22,4413.30,8.0,PASS_<=10c,+0.0,FLAT,-52.0,+103.0,4.2,+0.21,0.05,SLOW,4412.19,4413.81,4412.19,4413.42,0.00,0.00,0.0,NEUTRAL,162.0,4413.74,4413.74,4412.96,4413.22,57,CLEARED_>=20s,78.0,52.0,0.0,26.0,0.0,33.3,33.3,BLOCKED_33.3%,0.00,0.0,NO,STANDBY_VEL_LOW,0,0.00,4590.00,70.15,FALSE,M5_TREND_NEUTRAL|M1_DIRECTION_MISMATCH
2026-09-07 17:20:58.451,1788801658.452,1007,49,49,4413.22,4413.30,8.0,PASS_<=10c,+0.0,FLAT,-52.0,+103.0,4.2,+0.21,0.05,SLOW,4412.19,4413.81,4412.19,4413.42,0.00,0.00,0.0,NEUTRAL,162.0,4413.74,4413.74,4412.96,4413.22,58,CLEARED_>=20s,78.0,52.0,0.0,26.0,0.0,33.3,33.3,BLOCKED_33.3%,0.00,0.0,NO,STANDBY_VEL_LOW,0,0.00,4590.00,70.15,FALSE,M5_TREND_NEUTRAL|M1_DIRECTION_MISMATCH
2026-09-07 17:20:58.983,1788801658.983,1008,50,50,4413.22,4413.30,8.0,PASS_<=10c,+0.0,FLAT,-52.0,+103.0,4.2,+0.00,0.00,SLOW,4412.19,4413.81,4412.19,4413.42,0.00,0.00,0.0,NEUTRAL,162.0,4413.74,4413.74,4412.96,4413.22,58,CLEARED_>=20s,78.0,52.0,0.0,26.0,0.0,33.3,33.3,BLOCKED_33.3%,0.00,0.0,NO,STANDBY_VEL_LOW,0,0.00,4590.00,70.15,FALSE,M5_TREND_NEUTRAL|M1_DIRECTION_MISMATCH
2026-09-07 17:20:59.484,1788801659.484,1009,51,51,4413.22,4413.30,8.0,PASS_<=10c,+0.0,FLAT,-52.0,+103.0,4.2,+0.00,0.00,SLOW,4412.19,4413.81,4412.19,4413.42,0.00,0.00,0.0,NEUTRAL,162.0,4413.74,4413.74,4412.96,4413.22,59,CLEARED_>=20s,78.0,52.0,0.0,26.0,0.0,33.3,33.3,BLOCKED_33.3%,0.00,0.0,NO,STANDBY_VEL_LOW,0,0.00,4590.00,70.15,FALSE,M5_TREND_NEUTRAL|M1_DIRECTION_MISMATCH
2026-09-07 17:20:59.986,1788801659.986,1010,52,52,4413.22,4413.30,8.0,PASS_<=10c,+0.0,FLAT,-52.0,+103.0,4.2,+0.21,0.05,SLOW,4412.19,4413.81,4412.19,4413.42,0.00,0.00,0.0,NEUTRAL,162.0,4413.74,4413.74,4412.96,4413.22,59,CLEARED_>=20s,78.0,52.0,0.0,26.0,0.0,33.3,33.3,BLOCKED_33.3%,0.00,0.0,NO,STANDBY_VEL_LOW,0,0.00,4590.00,70.15,FALSE,M5_TREND_NEUTRAL|M1_DIRECTION_MISMATCH
2026-09-07 17:21:00.487,1788801660.487,1011,1,53,4413.22,4413.30,8.0,PASS_<=10c,+0.0,FLAT,+0.0,+103.0,4.2,+0.21,0.05,SLOW,4412.19,4413.81,4412.19,4413.42,0.00,0.00,0.0,NEUTRAL,162.0,4413.22,4413.22,4413.22,4413.22,0,ACTIVE_0s,1.0,0.0,0.0,0.0,0.0,0.0,0.0,PASS_<20%,0.00,0.0,NO,STANDBY_VEL_LOW,0,0.00,4590.00,70.15,FALSE,M5_TREND_NEUTRAL|M1_DIRECTION_MISMATCH|OPENING_SHIELD_ACTIVE_0s
2026-09-07 17:21:00.993,1788801660.993,1012,2,54,4413.22,4413.30,8.0,PASS_<=10c,+0.0,FLAT,+0.0,+103.0,4.2,+0.00,0.00,SLOW,4412.19,4413.81,4412.19,4413.42,0.00,0.00,0.0,NEUTRAL,162.0,4413.22,4413.22,4413.22,4413.22,0,ACTIVE_0s,1.0,0.0,0.0,0.0,0.0,0.0,0.0,PASS_<20%,0.00,0.0,NO,STANDBY_VEL_LOW,0,0.00,4590.00,70.15,FALSE,M5_TREND_NEUTRAL|M1_DIRECTION_MISMATCH|OPENING_SHIELD_ACTIVE_0s
2026-09-07 17:21:11.373,1788801671.374,1013,3,55,4413.22,4413.30,8.0,PASS_<=10c,+0.0,FLAT,+0.0,+103.0,1.4,+0.47,0.34,SLOW,4412.19,4413.81,4412.19,4413.42,0.00,0.00,0.0,NEUTRAL,162.0,4413.22,4413.22,4413.22,4413.22,11,ACTIVE_11s,1.0,0.0,0.0,0.0,0.0,0.0,0.0,PASS_<20%,0.00,0.0,NO,STANDBY_VEL_LOW,0,0.00,4590.00,70.15,FALSE,M5_TREND_NEUTRAL|M1_DIRECTION_MISMATCH|OPENING_SHIELD_ACTIVE_11s
2026-09-07 17:21:17.652,1788801677.652,1014,4,56,4413.22,4413.30,8.0,PASS_<=10c,+0.0,FLAT,+0.0,+103.0,1.8,+0.47,0.26,SLOW,4412.19,4413.81,4412.19,4413.42,0.00,0.00,0.0,NEUTRAL,162.0,4413.22,4413.22,4413.22,4413.22,17,ACTIVE_17s,1.0,0.0,0.0,0.0,0.0,0.0,0.0,PASS_<20%,0.00,0.0,NO,STANDBY_VEL_LOW,0,0.00,4590.00,70.15,FALSE,M5_TREND_NEUTRAL|M1_DIRECTION_MISMATCH|OPENING_SHIELD_ACTIVE_17s
2026-09-07 17:21:18.006,1788801678.007,1015,5,57,4413.00,4413.08,8.0,PASS_<=10c,-22.0,DOWN,-22.0,+81.0,2.7,+14.94,5.53,SLOW,4412.19,4413.81,4412.19,4413.42,0.00,0.00,0.0,NEUTRAL,162.0,4413.22,4413.22,4413.00,4413.00,18,ACTIVE_18s,22.0,22.0,0.0,0.0,0.0,0.0,0.0,PASS_<20%,0.00,0.0,NO,STANDBY_VEL_LOW,0,0.00,4590.00,70.15,FALSE,M5_TREND_NEUTRAL|M1_DIRECTION_MISMATCH|OPENING_SHIELD_ACTIVE_18s
2026-09-07 17:21:18.508,1788801678.509,1016,6,58,4413.00,4413.08,8.0,PASS_<=10c,+0.0,FLAT,-22.0,+81.0,3.0,+11.14,3.71,SLOW,4412.19,4413.81,4412.19,4413.42,0.00,0.00,0.0,NEUTRAL,162.0,4413.22,4413.22,4413.00,4413.00,18,ACTIVE_18s,22.0,22.0,0.0,0.0,0.0,0.0,0.0,PASS_<20%,0.00,0.0,NO,STANDBY_VEL_LOW,0,0.00,4590.00,70.15,FALSE,M5_TREND_NEUTRAL|M1_DIRECTION_MISMATCH|OPENING_SHIELD_ACTIVE_18s
2026-09-07 17:21:19.009,1788801679.010,1017,7,59,4413.00,4413.08,8.0,PASS_<=10c,+0.0,FLAT,-22.0,+81.0,3.2,+8.89,2.78,SLOW,4412.19,4413.81,4412.19,4413.42,0.00,0.00,0.0,NEUTRAL,162.0,4413.22,4413.22,4413.00,4413.00,19,ACTIVE_19s,22.0,22.0,0.0,0.0,0.0,0.0,0.0,PASS_<20%,0.00,0.0,NO,STANDBY_VEL_LOW,0,0.00,4590.00,70.15,FALSE,M5_TREND_NEUTRAL|M1_DIRECTION_MISMATCH|OPENING_SHIELD_ACTIVE_19s
2026-09-07 17:21:19.512,1788801679.512,1018,8,60,4413.00,4413.08,8.0,PASS_<=10c,+0.0,FLAT,-22.0,+81.0,3.4,+7.39,2.17,SLOW,4412.19,4413.81,4412.19,4413.42,0.00,0.00,0.0,NEUTRAL,162.0,4413.22,4413.22,4413.00,4413.00,19,ACTIVE_19s,22.0,22.0,0.0,0.0,0.0,0.0,0.0,PASS_<20%,0.00,0.0,NO,STANDBY_VEL_LOW,0,0.00,4590.00,70.15,FALSE,M5_TREND_NEUTRAL|M1_DIRECTION_MISMATCH|OPENING_SHIELD_ACTIVE_19s
2026-09-07 17:21:20.014,1788801680.015,1019,9,61,4413.00,4413.08,8.0,PASS_<=10c,+0.0,FLAT,-22.0,+81.0,3.4,+6.32,1.86,SLOW,4412.19,4413.81,4412.19,4413.42,0.00,0.00,0.0,NEUTRAL,162.0,4413.22,4413.22,4413.00,4413.00,20,CLEARED_>=20s,22.0,22.0,0.0,0.0,0.0,0.0,0.0,PASS_<20%,0.00,0.0,NO,STANDBY_VEL_LOW,0,0.00,4590.00,70.15,FALSE,M5_TREND_NEUTRAL|M1_DIRECTION_MISMATCH
2026-09-07 17:21:20.516,1788801680.516,1020,10,62,4413.00,4413.08,8.0,PASS_<=10c,+0.0,FLAT,-22.0,+81.0,3.5,+5.52,1.58,SLOW,4412.19,4413.81,4412.19,4413.42,0.00,0.00,0.0,NEUTRAL,162.0,4413.22,4413.22,4413.00,4413.00,20,CLEARED_>=20s,22.0,22.0,0.0,0.0,0.0,0.0,0.0,PASS_<20%,0.00,0.0,NO,STANDBY_VEL_LOW,0,0.00,4590.00,70.15,FALSE,M5_TREND_NEUTRAL|M1_DIRECTION_MISMATCH
2026-09-07 17:21:21.017,1788801681.018,1021,11,63,4413.00,4413.08,8.0,PASS_<=10c,+0.0,FLAT,-22.0,+81.0,3.6,+4.91,1.36,SLOW,4412.19,4413.81,4412.19,4413.42,0.00,0.00,0.0,NEUTRAL,162.0,4413.22,4413.22,4413.00,4413.00,21,CLEARED_>=20s,22.0,22.0,0.0,0.0,0.0,0.0,0.0,PASS_<20%,0.00,0.0,NO,STANDBY_VEL_LOW,0,0.00,4590.00,70.15,FALSE,M5_TREND_NEUTRAL|M1_DIRECTION_MISMATCH
2026-09-07 17:21:21.518,1788801681.519,1022,12,64,4413.00,4413.08,8.0,PASS_<=10c,+0.0,FLAT,-22.0,+81.0,3.6,+4.41,1.23,SLOW,4412.19,4413.81,4412.19,4413.42,0.00,0.00,0.0,NEUTRAL,162.0,4413.22,4413.22,4413.00,4413.00,21,CLEARED_>=20s,22.0,22.0,0.0,0.0,0.0,0.0,0.0,PASS_<20%,0.00,0.0,NO,STANDBY_VEL_LOW,0,0.00,4590.00,70.15,FALSE,M5_TREND_NEUTRAL|M1_DIRECTION_MISMATCH
2026-09-07 17:21:22.023,1788801682.024,1023,13,65,4413.00,4413.08,8.0,PASS_<=10c,+0.0,FLAT,-22.0,+81.0,4.3,+5.03,1.17,SLOW,4412.19,4413.81,4412.19,4413.42,0.00,0.00,0.0,NEUTRAL,162.0,4413.22,4413.22,4413.00,4413.00,22,CLEARED_>=20s,22.0,22.0,0.0,0.0,0.0,0.0,0.0,PASS_<20%,0.00,0.0,NO,STANDBY_VEL_LOW,0,0.00,4590.00,70.15,FALSE,M5_TREND_NEUTRAL|M1_DIRECTION_MISMATCH
2026-09-07 17:21:22.526,1788801682.526,1024,14,66,4413.00,4413.08,8.0,PASS_<=10c,+0.0,FLAT,-22.0,+81.0,4.3,+4.51,1.05,SLOW,4412.19,4413.81,4412.19,4413.42,0.00,0.00,0.0,NEUTRAL,162.0,4413.22,4413.22,4413.00,4413.00,22,CLEARED_>=20s,22.0,22.0,0.0,0.0,0.0,0.0,0.0,PASS_<20%,0.00,0.0,NO,STANDBY_VEL_LOW,0,0.00,4590.00,70.15,FALSE,M5_TREND_NEUTRAL|M1_DIRECTION_MISMATCH
2026-09-07 17:21:23.027,1788801683.027,1025,15,67,4413.00,4413.08,8.0,PASS_<=10c,+0.0,FLAT,-22.0,+81.0,4.2,+0.07,0.02,SLOW,4412.19,4413.81,4412.19,4413.42,0.00,0.00,0.0,NEUTRAL,162.0,4413.22,4413.22,4413.00,4413.00,23,CLEARED_>=20s,22.0,22.0,0.0,0.0,0.0,0.0,0.0,PASS_<20%,0.00,0.0,NO,STANDBY_VEL_LOW,0,0.00,4590.00,70.15,FALSE,M5_TREND_NEUTRAL|M1_DIRECTION_MISMATCH
2026-09-07 17:21:23.532,1788801683.532,1026,16,68,4413.00,4413.08,8.0,PASS_<=10c,+0.0,FLAT,-22.0,+81.0,4.2,+0.07,0.02,SLOW,4412.19,4413.81,4412.19,4413.42,0.00,0.00,0.0,NEUTRAL,162.0,4413.22,4413.22,4413.00,4413.00,23,CLEARED_>=20s,22.0,22.0,0.0,0.0,0.0,0.0,0.0,PASS_<20%,0.00,0.0,NO,STANDBY_VEL_LOW,0,0.00,4590.00,70.15,FALSE,M5_TREND_NEUTRAL|M1_DIRECTION_MISMATCH
2026-09-07 17:21:24.036,1788801684.036,1027,17,69,4413.00,4413.08,8.0,PASS_<=10c,+0.0,FLAT,-22.0,+81.0,4.2,+0.07,0.02,SLOW,4412.19,4413.81,4412.19,4413.42,0.00,0.00,0.0,NEUTRAL,162.0,4413.22,4413.22,4413.00,4413.00,24,CLEARED_>=20s,22.0,22.0,0.0,0.0,0.0,0.0,0.0,PASS_<20%,0.00,0.0,NO,STANDBY_VEL_LOW,0,0.00,4590.00,70.15,FALSE,M5_TREND_NEUTRAL|M1_DIRECTION_MISMATCH
2026-09-07 17:21:24.535,1788801684.536,1028,18,70,4413.00,4413.08,8.0,PASS_<=10c,+0.0,FLAT,-22.0,+81.0,4.2,+0.07,0.02,SLOW,4412.19,4413.81,4412.19,4413.42,0.00,0.00,0.0,NEUTRAL,162.0,4413.22,4413.22,4413.00,4413.00,24,CLEARED_>=20s,22.0,22.0,0.0,0.0,0.0,0.0,0.0,PASS_<20%,0.00,0.0,NO,STANDBY_VEL_LOW,0,0.00,4590.00,70.15,FALSE,M5_TREND_NEUTRAL|M1_DIRECTION_MISMATCH
2026-09-07 17:21:25.036,1788801685.037,1029,19,71,4413.00,4413.08,8.0,PASS_<=10c,+0.0,FLAT,-22.0,+81.0,4.2,+0.07,0.02,SLOW,4412.19,4413.81,4412.19,4413.42,0.00,0.00,0.0,NEUTRAL,162.0,4413.22,4413.22,4413.00,4413.00,25,CLEARED_>=20s,22.0,22.0,0.0,0.0,0.0,0.0,0.0,PASS_<20%,0.00,0.0,NO,STANDBY_VEL_LOW,0,0.00,4590.00,70.15,FALSE,M5_TREND_NEUTRAL|M1_DIRECTION_MISMATCH
2026-09-07 17:21:25.539,1788801685.539,1030,20,72,4413.00,4413.08,8.0,PASS_<=10c,+0.0,FLAT,-22.0,+81.0,4.2,+0.07,0.02,SLOW,4412.19,4413.81,4412.19,4413.42,0.00,0.00,0.0,NEUTRAL,162.0,4413.22,4413.22,4413.00,4413.00,25,CLEARED_>=20s,22.0,22.0,0.0,0.0,0.0,0.0,0.0,PASS_<20%,0.00,0.0,NO,STANDBY_VEL_LOW,0,0.00,4590.00,70.15,FALSE,M5_TREND_NEUTRAL|M1_DIRECTION_MISMATCH
2026-09-07 17:21:35.919,1788801695.919,1031,21,73,4413.00,4413.08,8.0,PASS_<=10c,+0.0,FLAT,-22.0,+81.0,1.3,+0.00,0.00,SLOW,4412.19,4413.81,4412.19,4413.42,0.00,0.00,0.0,NEUTRAL,162.0,4413.22,4413.22,4413.00,4413.00,35,CLEARED_>=20s,22.0,22.0,0.0,0.0,0.0,0.0,0.0,PASS_<20%,0.00,0.0,NO,STANDBY_VEL_LOW,0,0.00,4590.00,70.15,FALSE,M5_TREND_NEUTRAL|M1_DIRECTION_MISMATCH
2026-09-07 17:21:42.540,1788801702.541,1032,22,74,4413.00,4413.08,8.0,PASS_<=10c,+0.0,FLAT,-22.0,+81.0,1.4,+0.00,0.00,SLOW,4412.19,4413.81,4412.19,4413.42,0.00,0.00,0.0,NEUTRAL,162.0,4413.22,4413.22,4413.00,4413.00,42,CLEARED_>=20s,22.0,22.0,0.0,0.0,0.0,0.0,0.0,PASS_<20%,0.00,0.0,NO,STANDBY_VEL_LOW,0,0.00,4590.00,70.15,FALSE,M5_TREND_NEUTRAL|M1_DIRECTION_MISMATCH
2026-09-07 17:21:42.894,1788801702.895,1033,23,75,4412.82,4412.90,8.0,PASS_<=10c,-18.0,DOWN,-40.0,+63.0,2.2,+9.68,4.40,SLOW,4412.19,4413.81,4412.19,4413.42,0.00,0.00,0.0,NEUTRAL,162.0,4413.22,4413.22,4412.82,4412.82,42,CLEARED_>=20s,40.0,40.0,0.0,0.0,0.0,0.0,0.0,PASS_<20%,0.00,0.0,NO,STANDBY_VEL_LOW,0,0.00,4590.00,70.15,FALSE,M5_TREND_NEUTRAL|M1_DIRECTION_MISMATCH
2026-09-07 17:21:43.395,1788801703.396,1034,24,76,4412.82,4412.90,8.0,PASS_<=10c,+0.0,FLAT,-40.0,+63.0,2.5,+7.63,3.05,SLOW,4412.19,4413.81,4412.19,4413.42,0.00,0.00,0.0,NEUTRAL,162.0,4413.22,4413.22,4412.82,4412.82,43,CLEARED_>=20s,40.0,40.0,0.0,0.0,0.0,0.0,0.0,PASS_<20%,0.00,0.0,NO,STANDBY_VEL_LOW,0,0.00,4590.00,70.15,FALSE,M5_TREND_NEUTRAL|M1_DIRECTION_MISMATCH
2026-09-07 17:21:43.897,1788801703.897,1035,25,77,4412.82,4412.90,8.0,PASS_<=10c,+0.0,FLAT,-40.0,+63.0,2.8,+6.29,2.25,SLOW,4412.19,4413.81,4412.19,4413.42,0.00,0.00,0.0,NEUTRAL,162.0,4413.22,4413.22,4412.82,4412.82,43,CLEARED_>=20s,40.0,40.0,0.0,0.0,0.0,0.0,0.0,PASS_<20%,0.00,0.0,NO,STANDBY_VEL_LOW,0,0.00,4590.00,70.15,FALSE,M5_TREND_NEUTRAL|M1_DIRECTION_MISMATCH
2026-09-07 17:21:44.399,1788801704.400,1036,26,78,4412.82,4412.90,8.0,PASS_<=10c,+0.0,FLAT,-40.0,+63.0,3.0,+5.35,1.78,SLOW,4412.19,4413.81,4412.19,4413.42,0.00,0.00,0.0,NEUTRAL,162.0,4413.22,4413.22,4412.82,4412.82,44,CLEARED_>=20s,40.0,40.0,0.0,0.0,0.0,0.0,0.0,PASS_<20%,0.00,0.0,NO,STANDBY_VEL_LOW,0,0.00,4590.00,70.15,FALSE,M5_TREND_NEUTRAL|M1_DIRECTION_MISMATCH
2026-09-07 17:21:44.901,1788801704.902,1037,27,79,4412.82,4412.90,8.0,PASS_<=10c,+0.0,FLAT,-40.0,+63.0,3.1,+4.66,1.50,SLOW,4412.19,4413.81,4412.19,4413.42,0.00,0.00,0.0,NEUTRAL,162.0,4413.22,4413.22,4412.82,4412.82,44,CLEARED_>=20s,40.0,40.0,0.0,0.0,0.0,0.0,0.0,PASS_<20%,0.00,0.0,NO,STANDBY_VEL_LOW,0,0.00,4590.00,70.15,FALSE,M5_TREND_NEUTRAL|M1_DIRECTION_MISMATCH
2026-09-07 17:21:45.403,1788801705.404,1038,28,80,4412.82,4412.90,8.0,PASS_<=10c,+0.0,FLAT,-40.0,+63.0,3.2,+4.12,1.29,SLOW,4412.19,4413.81,4412.19,4413.42,0.00,0.00,0.0,NEUTRAL,162.0,4413.22,4413.22,4412.82,4412.82,45,CLEARED_>=20s,40.0,40.0,0.0,0.0,0.0,0.0,0.0,PASS_<20%,0.00,0.0,NO,STANDBY_VEL_LOW,0,0.00,4590.00,70.15,FALSE,M5_TREND_NEUTRAL|M1_DIRECTION_MISMATCH
2026-09-07 17:21:45.905,1788801705.905,1039,29,81,4412.82,4412.90,8.0,PASS_<=10c,+0.0,FLAT,-40.0,+63.0,3.3,+3.70,1.12,SLOW,4412.19,4413.81,4412.19,4413.42,0.00,0.00,0.0,NEUTRAL,162.0,4413.22,4413.22,4412.82,4412.82,45,CLEARED_>=20s,40.0,40.0,0.0,0.0,0.0,0.0,0.0,PASS_<20%,0.00,0.0,NO,STANDBY_VEL_LOW,0,0.00,4590.00,70.15,FALSE,M5_TREND_NEUTRAL|M1_DIRECTION_MISMATCH
2026-09-07 17:21:46.407,1788801706.407,1040,30,82,4412.82,4412.90,8.0,PASS_<=10c,+0.0,FLAT,-40.0,+63.0,4.4,+4.66,1.06,SLOW,4412.19,4413.81,4412.19,4413.42,0.00,0.00,0.0,NEUTRAL,162.0,4413.22,4413.22,4412.82,4412.82,46,CLEARED_>=20s,40.0,40.0,0.0,0.0,0.0,0.0,0.0,PASS_<20%,0.00,0.0,NO,STANDBY_VEL_LOW,0,0.00,4590.00,70.15,FALSE,M5_TREND_NEUTRAL|M1_DIRECTION_MISMATCH
2026-09-07 17:21:46.908,1788801706.909,1041,31,83,4412.82,4412.90,8.0,PASS_<=10c,+0.0,FLAT,-40.0,+63.0,4.3,+4.12,0.96,SLOW,4412.19,4413.81,4412.19,4413.42,0.00,0.00,0.0,NEUTRAL,162.0,4413.22,4413.22,4412.82,4412.82,46,CLEARED_>=20s,40.0,40.0,0.0,0.0,0.0,0.0,0.0,PASS_<20%,0.00,0.0,NO,STANDBY_VEL_LOW,0,0.00,4590.00,70.15,FALSE,M5_TREND_NEUTRAL|M1_DIRECTION_MISMATCH
2026-09-07 17:21:47.411,1788801707.411,1042,32,84,4412.82,4412.90,8.0,PASS_<=10c,+0.0,FLAT,-40.0,+63.0,4.3,+3.70,0.86,SLOW,4412.19,4413.81,4412.19,4413.42,0.00,0.00,0.0,NEUTRAL,162.0,4413.22,4413.22,4412.82,4412.82,47,CLEARED_>=20s,40.0,40.0,0.0,0.0,0.0,0.0,0.0,PASS_<20%,0.00,0.0,NO,STANDBY_VEL_LOW,0,0.00,4590.00,70.15,FALSE,M5_TREND_NEUTRAL|M1_DIRECTION_MISMATCH
2026-09-07 17:21:47.912,1788801707.912,1043,33,85,4412.82,4412.90,8.0,PASS_<=10c,+0.0,FLAT,-40.0,+63.0,4.2,+0.00,0.00,SLOW,4412.19,4413.81,4412.19,4413.42,0.00,0.00,0.0,NEUTRAL,162.0,4413.22,4413.22,4412.82,4412.82,47,CLEARED_>=20s,40.0,40.0,0.0,0.0,0.0,0.0,0.0,PASS_<20%,0.00,0.0,NO,STANDBY_VEL_LOW,0,0.00,4590.00,70.15,FALSE,M5_TREND_NEUTRAL|M1_DIRECTION_MISMATCH
2026-09-07 17:21:48.414,1788801708.415,1044,34,86,4412.82,4412.90,8.0,PASS_<=10c,+0.0,FLAT,-40.0,+63.0,4.2,+0.00,0.00,SLOW,4412.19,4413.81,4412.19,4413.42,0.00,0.00,0.0,NEUTRAL,162.0,4413.22,4413.22,4412.82,4412.82,48,CLEARED_>=20s,40.0,40.0,0.0,0.0,0.0,0.0,0.0,PASS_<20%,0.00,0.0,NO,STANDBY_VEL_LOW,0,0.00,4590.00,70.15,FALSE,M5_TREND_NEUTRAL|M1_DIRECTION_MISMATCH
2026-09-07 17:21:48.915,1788801708.916,1045,35,87,4412.82,4412.90,8.0,PASS_<=10c,+0.0,FLAT,-40.0,+63.0,4.2,+0.00,0.00,SLOW,4412.19,4413.81,4412.19,4413.42,0.00,0.00,0.0,NEUTRAL,162.0,4413.22,4413.22,4412.82,4412.82,48,CLEARED_>=20s,40.0,40.0,0.0,0.0,0.0,0.0,0.0,PASS_<20%,0.00,0.0,NO,STANDBY_VEL_LOW,0,0.00,4590.00,70.15,FALSE,M5_TREND_NEUTRAL|M1_DIRECTION_MISMATCH
2026-09-07 17:21:49.417,1788801709.418,1046,36,88,4412.82,4412.90,8.0,PASS_<=10c,+0.0,FLAT,-40.0,+63.0,4.2,+0.00,0.00,SLOW,4412.19,4413.81,4412.19,4413.42,0.00,0.00,0.0,NEUTRAL,162.0,4413.22,4413.22,4412.82,4412.82,49,CLEARED_>=20s,40.0,40.0,0.0,0.0,0.0,0.0,0.0,PASS_<20%,0.00,0.0,NO,STANDBY_VEL_LOW,0,0.00,4590.00,70.15,FALSE,M5_TREND_NEUTRAL|M1_DIRECTION_MISMATCH
2026-09-07 17:21:49.918,1788801709.919,1047,37,89,4412.82,4412.90,8.0,PASS_<=10c,+0.0,FLAT,-40.0,+63.0,4.2,+0.00,0.00,SLOW,4412.19,4413.81,4412.19,4413.42,0.00,0.00,0.0,NEUTRAL,162.0,4413.22,4413.22,4412.82,4412.82,49,CLEARED_>=20s,40.0,40.0,0.0,0.0,0.0,0.0,0.0,PASS_<20%,0.00,0.0,NO,STANDBY_VEL_LOW,0,0.00,4590.00,70.15,FALSE,M5_TREND_NEUTRAL|M1_DIRECTION_MISMATCH
2026-09-07 17:21:50.420,1788801710.421,1048,38,90,4412.82,4412.90,8.0,PASS_<=10c,+0.0,FLAT,-40.0,+63.0,4.2,+0.00,0.00,SLOW,4412.19,4413.81,4412.19,4413.42,0.00,0.00,0.0,NEUTRAL,162.0,4413.22,4413.22,4412.82,4412.82,50,CLEARED_>=20s,40.0,40.0,0.0,0.0,0.0,0.0,0.0,PASS_<20%,0.00,0.0,NO,STANDBY_VEL_LOW,0,0.00,4590.00,70.15,FALSE,M5_TREND_NEUTRAL|M1_DIRECTION_MISMATCH
2026-09-07 17:22:00.798,1788801720.798,1049,1,91,4412.82,4412.90,8.0,PASS_<=10c,+0.0,FLAT,+0.0,+63.0,1.3,+0.00,0.00,SLOW,4412.19,4413.81,4412.19,4413.42,0.00,0.00,0.0,NEUTRAL,162.0,4412.82,4412.82,4412.82,4412.82,0,ACTIVE_0s,1.0,0.0,0.0,0.0,0.0,0.0,0.0,PASS_<20%,0.00,0.0,NO,STANDBY_VEL_LOW,0,0.00,4590.00,70.15,FALSE,M5_TREND_NEUTRAL|M1_DIRECTION_MISMATCH|OPENING_SHIELD_ACTIVE_0s
2026-09-07 17:22:06.824,1788801726.824,1050,2,92,4412.82,4412.90,8.0,PASS_<=10c,+0.0,FLAT,+0.0,+63.0,2.0,+0.00,0.00,SLOW,4412.19,4413.81,4412.19,4413.42,0.00,0.00,0.0,NEUTRAL,162.0,4412.82,4412.82,4412.82,4412.82,6,ACTIVE_6s,1.0,0.0,0.0,0.0,0.0,0.0,0.0,PASS_<20%,0.00,0.0,NO,STANDBY_VEL_LOW,0,0.00,4590.00,70.15,FALSE,M5_TREND_NEUTRAL|M1_DIRECTION_MISMATCH|OPENING_SHIELD_ACTIVE_6s
2026-09-07 17:22:07.187,1788801727.188,1051,3,93,4412.82,4412.90,8.0,PASS_<=10c,+0.0,FLAT,+0.0,+63.0,3.1,+0.00,0.00,SLOW,4412.19,4413.81,4412.19,4413.42,0.00,0.00,0.0,NEUTRAL,162.0,4412.82,4412.82,4412.82,4412.82,7,ACTIVE_7s,1.0,0.0,0.0,0.0,0.0,0.0,0.0,PASS_<20%,0.00,0.0,NO,STANDBY_VEL_LOW,0,0.00,4590.00,70.15,FALSE,M5_TREND_NEUTRAL|M1_DIRECTION_MISMATCH|OPENING_SHIELD_ACTIVE_7s
2026-09-07 17:22:07.690,1788801727.690,1052,4,94,4412.68,4412.76,8.0,PASS_<=10c,-14.0,DOWN,-14.0,+49.0,3.4,+7.89,2.32,SLOW,4412.19,4413.81,4412.19,4413.42,0.00,0.00,0.0,NEUTRAL,162.0,4412.82,4412.82,4412.68,4412.68,7,ACTIVE_7s,14.0,14.0,0.0,0.0,0.0,0.0,0.0,PASS_<20%,0.00,0.0,NO,STANDBY_VEL_LOW,0,0.00,4590.00,70.15,FALSE,M5_TREND_NEUTRAL|M1_DIRECTION_MISMATCH|OPENING_SHIELD_ACTIVE_7s
2026-09-07 17:22:08.192,1788801728.192,1053,5,95,4412.68,4412.76,8.0,PASS_<=10c,+0.0,FLAT,-14.0,+49.0,3.5,+6.15,1.76,SLOW,4412.19,4413.81,4412.19,4413.42,0.00,0.00,0.0,NEUTRAL,162.0,4412.82,4412.82,4412.68,4412.68,8,ACTIVE_8s,14.0,14.0,0.0,0.0,0.0,0.0,0.0,PASS_<20%,0.00,0.0,NO,STANDBY_VEL_LOW,0,0.00,4590.00,70.15,FALSE,M5_TREND_NEUTRAL|M1_DIRECTION_MISMATCH|OPENING_SHIELD_ACTIVE_8s
2026-09-07 17:22:08.692,1788801728.692,1054,6,96,4412.68,4412.76,8.0,PASS_<=10c,+0.0,FLAT,-14.0,+49.0,3.6,+5.04,1.40,SLOW,4412.19,4413.81,4412.19,4413.42,0.00,0.00,0.0,NEUTRAL,162.0,4412.82,4412.82,4412.68,4412.68,8,ACTIVE_8s,14.0,14.0,0.0,0.0,0.0,0.0,0.0,PASS_<20%,0.00,0.0,NO,STANDBY_VEL_LOW,0,0.00,4590.00,70.15,FALSE,M5_TREND_NEUTRAL|M1_DIRECTION_MISMATCH|OPENING_SHIELD_ACTIVE_8s
2026-09-07 17:22:09.194,1788801729.194,1055,7,97,4412.68,4412.76,8.0,PASS_<=10c,+0.0,FLAT,-14.0,+49.0,3.7,+4.27,1.15,SLOW,4412.19,4413.81,4412.19,4413.42,0.00,0.00,0.0,NEUTRAL,162.0,4412.82,4412.82,4412.68,4412.68,9,ACTIVE_9s,14.0,14.0,0.0,0.0,0.0,0.0,0.0,PASS_<20%,0.00,0.0,NO,STANDBY_VEL_LOW,0,0.00,4590.00,70.15,FALSE,M5_TREND_NEUTRAL|M1_DIRECTION_MISMATCH|OPENING_SHIELD_ACTIVE_9s
2026-09-07 17:22:09.695,1788801729.696,1056,8,98,4412.68,4412.76,8.0,PASS_<=10c,+0.0,FLAT,-14.0,+49.0,3.7,+3.70,1.00,SLOW,4412.19,4413.81,4412.19,4413.42,0.00,0.00,0.0,NEUTRAL,162.0,4412.82,4412.82,4412.68,4412.68,9,ACTIVE_9s,14.0,14.0,0.0,0.0,0.0,0.0,0.0,PASS_<20%,0.00,0.0,NO,STANDBY_VEL_LOW,0,0.00,4590.00,70.15,FALSE,M5_TREND_NEUTRAL|M1_DIRECTION_MISMATCH|OPENING_SHIELD_ACTIVE_9s
2026-09-07 17:22:10.197,1788801730.198,1057,9,99,4412.68,4412.76,8.0,PASS_<=10c,+0.0,FLAT,-14.0,+49.0,3.7,+3.27,0.88,SLOW,4412.19,4413.81,4412.19,4413.42,0.00,0.00,0.0,NEUTRAL,162.0,4412.82,4412.82,4412.68,4412.68,10,ACTIVE_10s,14.0,14.0,0.0,0.0,0.0,0.0,0.0,PASS_<20%,0.00,0.0,NO,STANDBY_VEL_LOW,0,0.00,4590.00,70.15,FALSE,M5_TREND_NEUTRAL|M1_DIRECTION_MISMATCH|OPENING_SHIELD_ACTIVE_10s
2026-09-07 17:22:10.699,1788801730.699,1058,10,100,4412.68,4412.76,8.0,PASS_<=10c,+0.0,FLAT,-14.0,+49.0,3.8,+2.93,0.77,SLOW,4412.19,4413.81,4412.19,4413.42,0.00,0.00,0.0,NEUTRAL,162.0,4412.82,4412.82,4412.68,4412.68,10,ACTIVE_10s,14.0,14.0,0.0,0.0,0.0,0.0,0.0,PASS_<20%,0.00,0.0,NO,STANDBY_VEL_LOW,0,0.00,4590.00,70.15,FALSE,M5_TREND_NEUTRAL|M1_DIRECTION_MISMATCH|OPENING_SHIELD_ACTIVE_10s
2026-09-07 17:22:11.200,1788801731.201,1059,11,101,4412.68,4412.76,8.0,PASS_<=10c,+0.0,FLAT,-14.0,+49.0,4.3,+3.19,0.74,SLOW,4412.19,4413.81,4412.19,4413.42,0.00,0.00,0.0,NEUTRAL,162.0,4412.82,4412.82,4412.68,4412.68,11,ACTIVE_11s,14.0,14.0,0.0,0.0,0.0,0.0,0.0,PASS_<20%,0.00,0.0,NO,STANDBY_VEL_LOW,0,0.00,4590.00,70.15,FALSE,M5_TREND_NEUTRAL|M1_DIRECTION_MISMATCH|OPENING_SHIELD_ACTIVE_11s
2026-09-07 17:22:11.702,1788801731.703,1060,12,102,4412.68,4412.76,8.0,PASS_<=10c,+0.0,FLAT,-14.0,+49.0,4.3,+2.87,0.67,SLOW,4412.19,4413.81,4412.19,4413.42,0.00,0.00,0.0,NEUTRAL,162.0,4412.82,4412.82,4412.68,4412.68,11,ACTIVE_11s,14.0,14.0,0.0,0.0,0.0,0.0,0.0,PASS_<20%,0.00,0.0,NO,STANDBY_VEL_LOW,0,0.00,4590.00,70.15,FALSE,M5_TREND_NEUTRAL|M1_DIRECTION_MISMATCH|OPENING_SHIELD_ACTIVE_11s
2026-09-07 17:22:12.204,1788801732.205,1061,13,103,4412.68,4412.76,8.0,PASS_<=10c,+0.0,FLAT,-14.0,+49.0,4.2,+0.00,0.00,SLOW,4412.19,4413.81,4412.19,4413.42,0.00,0.00,0.0,NEUTRAL,162.0,4412.82,4412.82,4412.68,4412.68,12,ACTIVE_12s,14.0,14.0,0.0,0.0,0.0,0.0,0.0,PASS_<20%,0.00,0.0,NO,STANDBY_VEL_LOW,0,0.00,4590.00,70.15,FALSE,M5_TREND_NEUTRAL|M1_DIRECTION_MISMATCH|OPENING_SHIELD_ACTIVE_12s
2026-09-07 17:22:12.705,1788801732.705,1062,14,104,4412.68,4412.76,8.0,PASS_<=10c,+0.0,FLAT,-14.0,+49.0,4.2,+0.00,0.00,SLOW,4412.19,4413.81,4412.19,4413.42,0.00,0.00,0.0,NEUTRAL,162.0,4412.82,4412.82,4412.68,4412.68,12,ACTIVE_12s,14.0,14.0,0.0,0.0,0.0,0.0,0.0,PASS_<20%,0.00,0.0,NO,STANDBY_VEL_LOW,0,0.00,4590.00,70.15,FALSE,M5_TREND_NEUTRAL|M1_DIRECTION_MISMATCH|OPENING_SHIELD_ACTIVE_12s
2026-09-07 17:22:13.207,1788801733.207,1063,15,105,4412.68,4412.76,8.0,PASS_<=10c,+0.0,FLAT,-14.0,+49.0,4.2,+0.00,0.00,SLOW,4412.19,4413.81,4412.19,4413.42,0.00,0.00,0.0,NEUTRAL,162.0,4412.82,4412.82,4412.68,4412.68,13,ACTIVE_13s,14.0,14.0,0.0,0.0,0.0,0.0,0.0,PASS_<20%,0.00,0.0,NO,STANDBY_VEL_LOW,0,0.00,4590.00,70.15,FALSE,M5_TREND_NEUTRAL|M1_DIRECTION_MISMATCH|OPENING_SHIELD_ACTIVE_13s
2026-09-07 17:22:13.714,1788801733.715,1064,16,106,4412.68,4412.76,8.0,PASS_<=10c,+0.0,FLAT,-14.0,+49.0,4.2,+0.00,0.00,SLOW,4412.19,4413.81,4412.19,4413.42,0.00,0.00,0.0,NEUTRAL,162.0,4412.82,4412.82,4412.68,4412.68,13,ACTIVE_13s,14.0,14.0,0.0,0.0,0.0,0.0,0.0,PASS_<20%,0.00,0.0,NO,STANDBY_VEL_LOW,0,0.00,4590.00,70.15,FALSE,M5_TREND_NEUTRAL|M1_DIRECTION_MISMATCH|OPENING_SHIELD_ACTIVE_13s
2026-09-07 17:22:14.216,1788801734.216,1065,17,107,4412.68,4412.76,8.0,PASS_<=10c,+0.0,FLAT,-14.0,+49.0,4.2,+0.00,0.00,SLOW,4412.19,4413.81,4412.19,4413.42,0.00,0.00,0.0,NEUTRAL,162.0,4412.82,4412.82,4412.68,4412.68,14,ACTIVE_14s,14.0,14.0,0.0,0.0,0.0,0.0,0.0,PASS_<20%,0.00,0.0,NO,STANDBY_VEL_LOW,0,0.00,4590.00,70.15,FALSE,M5_TREND_NEUTRAL|M1_DIRECTION_MISMATCH|OPENING_SHIELD_ACTIVE_14s
2026-09-07 17:22:14.717,1788801734.717,1066,18,108,4412.68,4412.76,8.0,PASS_<=10c,+0.0,FLAT,-14.0,+49.0,4.2,+0.00,0.00,SLOW,4412.19,4413.81,4412.19,4413.42,0.00,0.00,0.0,NEUTRAL,162.0,4412.82,4412.82,4412.68,4412.68,14,ACTIVE_14s,14.0,14.0,0.0,0.0,0.0,0.0,0.0,PASS_<20%,0.00,0.0,NO,STANDBY_VEL_LOW,0,0.00,4590.00,70.15,FALSE,M5_TREND_NEUTRAL|M1_DIRECTION_MISMATCH|OPENING_SHIELD_ACTIVE_14s
2026-09-07 17:22:15.219,1788801735.220,1067,19,109,4412.68,4412.76,8.0,PASS_<=10c,+0.0,FLAT,-14.0,+49.0,4.2,+0.00,0.00,SLOW,4412.19,4413.81,4412.19,4413.42,0.00,0.00,0.0,NEUTRAL,162.0,4412.82,4412.82,4412.68,4412.68,15,ACTIVE_15s,14.0,14.0,0.0,0.0,0.0,0.0,0.0,PASS_<20%,0.00,0.0,NO,STANDBY_VEL_LOW,0,0.00,4590.00,70.15,FALSE,M5_TREND_NEUTRAL|M1_DIRECTION_MISMATCH|OPENING_SHIELD_ACTIVE_15s
2026-09-07 17:22:25.627,1788801745.627,1068,20,110,4412.68,4412.76,8.0,PASS_<=10c,+0.0,FLAT,-14.0,+49.0,1.4,+0.00,0.00,SLOW,4412.19,4413.81,4412.19,4413.42,0.00,0.00,0.0,NEUTRAL,162.0,4412.82,4412.82,4412.68,4412.68,25,CLEARED_>=20s,14.0,14.0,0.0,0.0,0.0,0.0,0.0,PASS_<20%,0.00,0.0,NO,STANDBY_VEL_LOW,0,0.00,4590.00,70.15,FALSE,M5_TREND_NEUTRAL|M1_DIRECTION_MISMATCH
2026-09-07 17:22:32.667,1788801752.667,1069,21,111,4412.68,4412.76,8.0,PASS_<=10c,+0.0,FLAT,-14.0,+49.0,1.4,+0.00,0.00,SLOW,4412.19,4413.81,4412.19,4413.42,0.00,0.00,0.0,NEUTRAL,162.0,4412.82,4412.82,4412.68,4412.68,32,CLEARED_>=20s,14.0,14.0,0.0,0.0,0.0,0.0,0.0,PASS_<20%,0.00,0.0,NO,STANDBY_VEL_LOW,0,0.00,4590.00,70.15,FALSE,M5_TREND_NEUTRAL|M1_DIRECTION_MISMATCH
2026-09-07 17:22:33.023,1788801753.023,1070,22,112,4413.08,4413.16,8.0,PASS_<=10c,+40.0,UP,+26.0,+89.0,1.8,+17.69,9.83,SLOW,4412.19,4413.81,4412.19,4413.42,0.00,0.00,0.0,NEUTRAL,162.0,4412.82,4413.08,4412.68,4413.08,33,CLEARED_>=20s,40.0,26.0,0.0,14.0,0.0,35.0,35.0,BLOCKED_35.0%,0.00,0.0,NO,STANDBY_VEL_LOW,0,0.00,4590.00,70.15,FALSE,M5_TREND_NEUTRAL|M1_DIRECTION_MISMATCH
2026-09-07 17:22:33.525,1788801753.525,1071,23,113,4413.04,4413.12,8.0,PASS_<=10c,-4.0,DOWN,+22.0,+85.0,2.2,+13.03,5.92,SLOW,4412.19,4413.81,4412.19,4413.42,0.00,0.00,0.0,NEUTRAL,162.0,4412.82,4413.08,4412.68,4413.04,33,CLEARED_>=20s,40.0,22.0,4.0,14.0,10.0,35.0,35.0,BLOCKED_35.0%,0.00,0.0,NO,STANDBY_VEL_LOW,0,0.00,4590.00,70.15,FALSE,M5_TREND_NEUTRAL|M1_DIRECTION_MISMATCH
2026-09-07 17:22:34.027,1788801754.028,1072,24,114,4413.04,4413.12,8.0,PASS_<=10c,+0.0,FLAT,+22.0,+85.0,2.4,+11.02,4.59,SLOW,4412.19,4413.81,4412.19,4413.42,0.00,0.00,0.0,NEUTRAL,162.0,4412.82,4413.08,4412.68,4413.04,34,CLEARED_>=20s,40.0,22.0,4.0,14.0,10.0,35.0,35.0,BLOCKED_35.0%,0.00,0.0,NO,STANDBY_VEL_LOW,0,0.00,4590.00,70.15,FALSE,M5_TREND_NEUTRAL|M1_DIRECTION_MISMATCH
2026-09-07 17:22:34.528,1788801754.529,1073,25,115,4413.03,4413.11,8.0,PASS_<=10c,-1.0,DOWN,+21.0,+84.0,2.7,+9.29,3.44,SLOW,4412.19,4413.81,4412.19,4413.42,0.00,0.00,0.0,NEUTRAL,162.0,4412.82,4413.08,4412.68,4413.03,34,CLEARED_>=20s,40.0,21.0,5.0,14.0,12.5,35.0,35.0,BLOCKED_35.0%,0.00,0.0,NO,STANDBY_VEL_LOW,0,0.00,4590.00,70.15,FALSE,M5_TREND_NEUTRAL|M1_DIRECTION_MISMATCH
2026-09-07 17:22:35.030,1788801755.030,1074,26,116,4413.03,4413.11,8.0,PASS_<=10c,+0.0,FLAT,+21.0,+84.0,2.8,+8.20,2.93,SLOW,4412.19,4413.81,4412.19,4413.42,0.00,0.00,0.0,NEUTRAL,162.0,4412.82,4413.08,4412.68,4413.03,35,CLEARED_>=20s,40.0,21.0,5.0,14.0,12.5,35.0,35.0,BLOCKED_35.0%,0.00,0.0,NO,STANDBY_VEL_LOW,0,0.00,4590.00,70.15,FALSE,M5_TREND_NEUTRAL|M1_DIRECTION_MISMATCH
2026-09-07 17:22:35.532,1788801755.533,1075,27,117,4413.03,4413.11,8.0,PASS_<=10c,+0.0,FLAT,+21.0,+84.0,2.9,+7.34,2.53,SLOW,4412.19,4413.81,4412.19,4413.42,0.00,0.00,0.0,NEUTRAL,162.0,4412.82,4413.08,4412.68,4413.03,35,CLEARED_>=20s,40.0,21.0,5.0,14.0,12.5,35.0,35.0,BLOCKED_35.0%,0.00,0.0,NO,STANDBY_VEL_LOW,0,0.00,4590.00,70.15,FALSE,M5_TREND_NEUTRAL|M1_DIRECTION_MISMATCH
2026-09-07 17:22:36.034,1788801756.034,1076,28,118,4413.03,4413.11,8.0,PASS_<=10c,+0.0,FLAT,+21.0,+84.0,4.5,+10.39,2.31,SLOW,4412.19,4413.81,4412.19,4413.42,0.00,0.00,0.0,NEUTRAL,162.0,4412.82,4413.08,4412.68,4413.03,36,CLEARED_>=20s,40.0,21.0,5.0,14.0,12.5,35.0,35.0,BLOCKED_35.0%,0.00,0.0,NO,STANDBY_VEL_LOW,0,0.00,4590.00,70.15,FALSE,M5_TREND_NEUTRAL|M1_DIRECTION_MISMATCH
2026-09-07 17:22:36.536,1788801756.536,1077,29,119,4413.03,4413.11,8.0,PASS_<=10c,+0.0,FLAT,+21.0,+84.0,4.4,+9.05,2.06,SLOW,4412.19,4413.81,4412.19,4413.42,0.00,0.00,0.0,NEUTRAL,162.0,4412.82,4413.08,4412.68,4413.03,36,CLEARED_>=20s,40.0,21.0,5.0,14.0,12.5,35.0,35.0,BLOCKED_35.0%,0.00,0.0,NO,STANDBY_VEL_LOW,0,0.00,4590.00,70.15,FALSE,M5_TREND_NEUTRAL|M1_DIRECTION_MISMATCH
2026-09-07 17:22:37.037,1788801757.038,1078,30,120,4413.03,4413.11,8.0,PASS_<=10c,+0.0,FLAT,+21.0,+84.0,4.3,+8.01,1.86,SLOW,4412.19,4413.81,4412.19,4413.42,0.00,0.00,0.0,NEUTRAL,162.0,4412.82,4413.08,4412.68,4413.03,37,CLEARED_>=20s,40.0,21.0,5.0,14.0,12.5,35.0,35.0,BLOCKED_35.0%,0.00,0.0,NO,STANDBY_VEL_LOW,0,0.00,4590.00,70.15,FALSE,M5_TREND_NEUTRAL|M1_DIRECTION_MISMATCH
2026-09-07 17:22:37.538,1788801757.538,1079,31,121,4413.03,4413.11,8.0,PASS_<=10c,+0.0,FLAT,+21.0,+84.0,4.3,+7.19,1.67,SLOW,4412.19,4413.81,4412.19,4413.42,0.00,0.00,0.0,NEUTRAL,162.0,4412.82,4413.08,4412.68,4413.03,37,CLEARED_>=20s,40.0,21.0,5.0,14.0,12.5,35.0,35.0,BLOCKED_35.0%,0.00,0.0,NO,STANDBY_VEL_LOW,0,0.00,4590.00,70.15,FALSE,M5_TREND_NEUTRAL|M1_DIRECTION_MISMATCH
2026-09-07 17:22:38.047,1788801758.047,1080,32,122,4413.03,4413.11,8.0,PASS_<=10c,+0.0,FLAT,+21.0,+84.0,4.2,+0.42,0.10,SLOW,4412.19,4413.81,4412.19,4413.42,0.00,0.00,0.0,NEUTRAL,162.0,4412.82,4413.08,4412.68,4413.03,38,CLEARED_>=20s,40.0,21.0,5.0,14.0,12.5,35.0,35.0,BLOCKED_35.0%,0.00,0.0,NO,STANDBY_VEL_LOW,0,0.00,4590.00,70.15,FALSE,M5_TREND_NEUTRAL|M1_DIRECTION_MISMATCH
2026-09-07 17:22:38.549,1788801758.549,1081,33,123,4413.03,4413.11,8.0,PASS_<=10c,+0.0,FLAT,+21.0,+84.0,4.2,+0.21,0.05,SLOW,4412.19,4413.81,4412.19,4413.42,0.00,0.00,0.0,NEUTRAL,162.0,4412.82,4413.08,4412.68,4413.03,38,CLEARED_>=20s,40.0,21.0,5.0,14.0,12.5,35.0,35.0,BLOCKED_35.0%,0.00,0.0,NO,STANDBY_VEL_LOW,0,0.00,4590.00,70.15,FALSE,M5_TREND_NEUTRAL|M1_DIRECTION_MISMATCH
2026-09-07 17:22:39.050,1788801759.051,1082,34,124,4413.03,4413.11,8.0,PASS_<=10c,+0.0,FLAT,+21.0,+84.0,4.2,+0.05,0.01,SLOW,4412.19,4413.81,4412.19,4413.42,0.00,0.00,0.0,NEUTRAL,162.0,4412.82,4413.08,4412.68,4413.03,39,CLEARED_>=20s,40.0,21.0,5.0,14.0,12.5,35.0,35.0,BLOCKED_35.0%,0.00,0.0,NO,STANDBY_VEL_LOW,0,0.00,4590.00,70.15,FALSE,M5_TREND_NEUTRAL|M1_DIRECTION_MISMATCH
2026-09-07 17:22:39.551,1788801759.552,1083,35,125,4413.03,4413.11,8.0,PASS_<=10c,+0.0,FLAT,+21.0,+84.0,4.2,+0.05,0.01,SLOW,4412.19,4413.81,4412.19,4413.42,0.00,0.00,0.0,NEUTRAL,162.0,4412.82,4413.08,4412.68,4413.03,39,CLEARED_>=20s,40.0,21.0,5.0,14.0,12.5,35.0,35.0,BLOCKED_35.0%,0.00,0.0,NO,STANDBY_VEL_LOW,0,0.00,4590.00,70.15,FALSE,M5_TREND_NEUTRAL|M1_DIRECTION_MISMATCH
2026-09-07 17:22:40.053,1788801760.053,1084,36,126,4413.03,4413.11,8.0,PASS_<=10c,+0.0,FLAT,+21.0,+84.0,4.2,+0.05,0.01,SLOW,4412.19,4413.81,4412.19,4413.42,0.00,0.00,0.0,NEUTRAL,162.0,4412.82,4413.08,4412.68,4413.03,40,CLEARED_>=20s,40.0,21.0,5.0,14.0,12.5,35.0,35.0,BLOCKED_35.0%,0.00,0.0,NO,STANDBY_VEL_LOW,0,0.00,4590.00,70.15,FALSE,M5_TREND_NEUTRAL|M1_DIRECTION_MISMATCH
2026-09-07 17:22:40.555,1788801760.555,1085,37,127,4413.03,4413.11,8.0,PASS_<=10c,+0.0,FLAT,+21.0,+84.0,4.2,+0.05,0.01,SLOW,4412.19,4413.81,4412.19,4413.42,0.00,0.00,0.0,NEUTRAL,162.0,4412.82,4413.08,4412.68,4413.03,40,CLEARED_>=20s,40.0,21.0,5.0,14.0,12.5,35.0,35.0,BLOCKED_35.0%,0.00,0.0,NO,STANDBY_VEL_LOW,0,0.00,4590.00,70.15,FALSE,M5_TREND_NEUTRAL|M1_DIRECTION_MISMATCH
2026-09-07 17:22:46.070,1788801766.071,1086,38,128,4413.03,4413.11,8.0,PASS_<=10c,+0.0,FLAT,+21.0,+84.0,1.6,+0.35,0.22,SLOW,4412.19,4413.81,4412.19,4413.42,0.00,0.00,0.0,NEUTRAL,162.0,4412.82,4413.08,4412.68,4413.03,46,CLEARED_>=20s,40.0,21.0,5.0,14.0,12.5,35.0,35.0,BLOCKED_35.0%,0.00,0.0,NO,STANDBY_VEL_LOW,0,0.00,4590.00,70.15,FALSE,M5_TREND_NEUTRAL|M1_DIRECTION_MISMATCH
2026-09-07 17:22:56.301,1788801776.302,1087,39,129,4413.03,4413.11,8.0,PASS_<=10c,+0.0,FLAT,+21.0,+84.0,1.4,+0.38,0.27,SLOW,4412.19,4413.81,4412.19,4413.42,0.00,0.00,0.0,NEUTRAL,162.0,4412.82,4413.08,4412.68,4413.03,56,CLEARED_>=20s,40.0,21.0,5.0,14.0,12.5,35.0,35.0,BLOCKED_35.0%,0.00,0.0,NO,STANDBY_VEL_LOW,0,0.00,4590.00,70.15,FALSE,M5_TREND_NEUTRAL|M1_DIRECTION_MISMATCH
2026-09-07 17:22:58.112,1788801778.113,1088,40,130,4413.01,4413.09,8.0,PASS_<=10c,-2.0,DOWN,+19.0,+82.0,1.7,+1.10,0.65,SLOW,4412.19,4413.81,4412.19,4413.42,0.00,0.00,0.0,NEUTRAL,162.0,4412.82,4413.08,4412.68,4413.01,58,CLEARED_>=20s,40.0,19.0,7.0,14.0,17.5,35.0,35.0,BLOCKED_35.0%,0.00,0.0,NO,STANDBY_VEL_LOW,0,0.00,4590.00,70.15,FALSE,M5_TREND_NEUTRAL|M1_DIRECTION_MISMATCH
2026-09-07 17:22:58.615,1788801778.615,1089,41,131,4413.00,4413.08,8.0,PASS_<=10c,-1.0,DOWN,+18.0,+81.0,2.2,+1.30,0.59,SLOW,4412.19,4413.81,4412.19,4413.42,0.00,0.00,0.0,NEUTRAL,162.0,4412.82,4413.08,4412.68,4413.00,58,CLEARED_>=20s,40.0,18.0,8.0,14.0,20.0,35.0,35.0,BLOCKED_35.0%,0.00,0.0,NO,STANDBY_VEL_LOW,0,0.00,4590.00,70.15,FALSE,M5_TREND_NEUTRAL|M1_DIRECTION_MISMATCH
2026-09-07 17:22:59.116,1788801779.117,1090,42,132,4413.00,4413.08,8.0,PASS_<=10c,+0.0,FLAT,+18.0,+81.0,2.5,+1.07,0.43,SLOW,4412.19,4413.81,4412.19,4413.42,0.00,0.00,0.0,NEUTRAL,162.0,4412.82,4413.08,4412.68,4413.00,59,CLEARED_>=20s,40.0,18.0,8.0,14.0,20.0,35.0,35.0,BLOCKED_35.0%,0.00,0.0,NO,STANDBY_VEL_LOW,0,0.00,4590.00,70.15,FALSE,M5_TREND_NEUTRAL|M1_DIRECTION_MISMATCH
2026-09-07 17:22:59.618,1788801779.619,1091,43,133,4413.01,4413.09,8.0,PASS_<=10c,+1.0,UP,+19.0,+82.0,2.7,+0.60,0.22,SLOW,4412.19,4413.81,4412.19,4413.42,0.00,0.00,0.0,NEUTRAL,162.0,4412.82,4413.08,4412.68,4413.01,59,CLEARED_>=20s,40.0,19.0,7.0,14.0,17.5,35.0,35.0,BLOCKED_35.0%,0.00,0.0,NO,STANDBY_VEL_LOW,0,0.00,4590.00,70.15,FALSE,M5_TREND_NEUTRAL|M1_DIRECTION_MISMATCH
2026-09-07 17:23:00.121,1788801780.121,1092,1,134,4412.98,4413.06,8.0,PASS_<=10c,-3.0,DOWN,+0.0,+79.0,2.9,+1.31,0.45,SLOW,4412.19,4413.81,4412.19,4413.42,0.00,0.00,0.0,NEUTRAL,162.0,4412.98,4412.98,4412.98,4412.98,0,ACTIVE_0s,1.0,0.0,0.0,0.0,0.0,0.0,0.0,PASS_<20%,0.00,0.0,NO,STANDBY_VEL_LOW,0,0.00,4590.00,70.15,FALSE,M5_TREND_NEUTRAL|M1_DIRECTION_MISMATCH|OPENING_SHIELD_ACTIVE_0s
2026-09-07 17:23:00.622,1788801780.623,1093,2,135,4413.00,4413.08,8.0,PASS_<=10c,+2.0,UP,+2.0,+81.0,3.0,+0.69,0.23,SLOW,4412.19,4413.81,4412.19,4413.42,0.00,0.00,0.0,NEUTRAL,162.0,4412.98,4413.00,4412.98,4413.00,0,ACTIVE_0s,2.0,2.0,0.0,0.0,0.0,0.0,0.0,PASS_<20%,0.00,0.0,NO,STANDBY_VEL_LOW,0,0.00,4590.00,70.15,FALSE,M5_TREND_NEUTRAL|M1_DIRECTION_MISMATCH|OPENING_SHIELD_ACTIVE_0s
2026-09-07 17:23:01.123,1788801781.124,1094,3,136,4413.00,4413.08,8.0,PASS_<=10c,+0.0,FLAT,+2.0,+81.0,3.1,+0.62,0.20,SLOW,4412.19,4413.81,4412.19,4413.42,0.00,0.00,0.0,NEUTRAL,162.0,4412.98,4413.00,4412.98,4413.00,1,ACTIVE_1s,2.0,2.0,0.0,0.0,0.0,0.0,0.0,PASS_<20%,0.00,0.0,NO,STANDBY_VEL_LOW,0,0.00,4590.00,70.15,FALSE,M5_TREND_NEUTRAL|M1_DIRECTION_MISMATCH|OPENING_SHIELD_ACTIVE_1s
2026-09-07 17:23:01.626,1788801781.626,1095,4,137,4413.04,4413.12,8.0,PASS_<=10c,+4.0,UP,+6.0,+85.0,4.4,+0.83,0.19,SLOW,4412.19,4413.81,4412.19,4413.42,0.00,0.00,0.0,NEUTRAL,162.0,4412.98,4413.04,4412.98,4413.04,1,ACTIVE_1s,6.0,6.0,0.0,0.0,0.0,0.0,0.0,PASS_<20%,0.00,0.0,NO,STANDBY_VEL_LOW,0,0.00,4590.00,70.15,FALSE,M5_TREND_NEUTRAL|M1_DIRECTION_MISMATCH|OPENING_SHIELD_ACTIVE_1s
2026-09-07 17:23:02.129,1788801782.129,1096,5,138,4413.03,4413.11,8.0,PASS_<=10c,-1.0,DOWN,+5.0,+84.0,4.4,+0.49,0.11,SLOW,4412.19,4413.81,4412.19,4413.42,0.00,0.00,0.0,NEUTRAL,162.0,4412.98,4413.04,4412.98,4413.03,2,ACTIVE_2s,6.0,5.0,1.0,0.0,16.7,0.0,16.7,PASS_<20%,0.00,0.0,NO,STANDBY_VEL_LOW,0,0.00,4590.00,70.15,FALSE,M5_TREND_NEUTRAL|M1_DIRECTION_MISMATCH|OPENING_SHIELD_ACTIVE_2s
2026-09-07 17:23:02.629,1788801782.629,1097,6,139,4413.03,4413.11,8.0,PASS_<=10c,+0.0,FLAT,+5.0,+84.0,4.3,+0.43,0.10,SLOW,4412.19,4413.81,4412.19,4413.42,0.00,0.00,0.0,NEUTRAL,162.0,4412.98,4413.04,4412.98,4413.03,2,ACTIVE_2s,6.0,5.0,1.0,0.0,16.7,0.0,16.7,PASS_<20%,0.00,0.0,NO,STANDBY_VEL_LOW,0,0.00,4590.00,70.15,FALSE,M5_TREND_NEUTRAL|M1_DIRECTION_MISMATCH|OPENING_SHIELD_ACTIVE_2s
2026-09-07 17:23:03.131,1788801783.131,1098,7,140,4413.03,4413.11,8.0,PASS_<=10c,+0.0,FLAT,+5.0,+84.0,4.2,+0.42,0.10,SLOW,4412.19,4413.81,4412.19,4413.42,0.00,0.00,0.0,NEUTRAL,162.0,4412.98,4413.04,4412.98,4413.03,3,ACTIVE_3s,6.0,5.0,1.0,0.0,16.7,0.0,16.7,PASS_<20%,0.00,0.0,NO,STANDBY_VEL_LOW,0,0.00,4590.00,70.15,FALSE,M5_TREND_NEUTRAL|M1_DIRECTION_MISMATCH|OPENING_SHIELD_ACTIVE_3s
2026-09-07 17:23:03.631,1788801783.632,1099,8,141,4413.03,4413.11,8.0,PASS_<=10c,+0.0,FLAT,+5.0,+84.0,4.2,+0.63,0.15,SLOW,4412.19,4413.81,4412.19,4413.42,0.00,0.00,0.0,NEUTRAL,162.0,4412.98,4413.04,4412.98,4413.03,3,ACTIVE_3s,6.0,5.0,1.0,0.0,16.7,0.0,16.7,PASS_<20%,0.00,0.0,NO,STANDBY_VEL_LOW,0,0.00,4590.00,70.15,FALSE,M5_TREND_NEUTRAL|M1_DIRECTION_MISMATCH|OPENING_SHIELD_ACTIVE_3s
2026-09-07 17:23:04.175,1788801784.176,1100,9,142,4413.03,4413.11,8.0,PASS_<=10c,+0.0,FLAT,+5.0,+84.0,4.2,+0.62,0.15,SLOW,4412.19,4413.81,4412.19,4413.42,0.00,0.00,0.0,NEUTRAL,162.0,4412.98,4413.04,4412.98,4413.03,4,ACTIVE_4s,6.0,5.0,1.0,0.0,16.7,0.0,16.7,PASS_<20%,0.00,0.0,NO,STANDBY_VEL_LOW,0,0.00,4590.00,70.15,FALSE,M5_TREND_NEUTRAL|M1_DIRECTION_MISMATCH|OPENING_SHIELD_ACTIVE_4s
2026-09-07 17:23:04.678,1788801784.679,1101,10,143,4413.03,4413.11,8.0,PASS_<=10c,+0.0,FLAT,+5.0,+84.0,4.2,+2.29,0.55,SLOW,4412.19,4413.81,4412.19,4413.42,0.00,0.00,0.0,NEUTRAL,162.0,4412.98,4413.04,4412.98,4413.03,4,ACTIVE_4s,6.0,5.0,1.0,0.0,16.7,0.0,16.7,PASS_<20%,0.00,0.0,NO,STANDBY_VEL_LOW,0,0.00,4590.00,70.15,FALSE,M5_TREND_NEUTRAL|M1_DIRECTION_MISMATCH|OPENING_SHIELD_ACTIVE_4s
2026-09-07 17:23:05.180,1788801785.181,1102,11,144,4413.03,4413.11,8.0,PASS_<=10c,+0.0,FLAT,+5.0,+84.0,4.2,+0.62,0.15,SLOW,4412.19,4413.81,4412.19,4413.42,0.00,0.00,0.0,NEUTRAL,162.0,4412.98,4413.04,4412.98,4413.03,5,ACTIVE_5s,6.0,5.0,1.0,0.0,16.7,0.0,16.7,PASS_<20%,0.00,0.0,NO,STANDBY_VEL_LOW,0,0.00,4590.00,70.15,FALSE,M5_TREND_NEUTRAL|M1_DIRECTION_MISMATCH|OPENING_SHIELD_ACTIVE_5s
2026-09-07 17:23:05.682,1788801785.683,1103,12,145,4413.03,4413.11,8.0,PASS_<=10c,+0.0,FLAT,+5.0,+84.0,4.2,+0.62,0.15,SLOW,4412.19,4413.81,4412.19,4413.42,0.00,0.00,0.0,NEUTRAL,162.0,4412.98,4413.04,4412.98,4413.03,5,ACTIVE_5s,6.0,5.0,1.0,0.0,16.7,0.0,16.7,PASS_<20%,0.00,0.0,NO,STANDBY_VEL_LOW,0,0.00,4590.00,70.15,FALSE,M5_TREND_NEUTRAL|M1_DIRECTION_MISMATCH|OPENING_SHIELD_ACTIVE_5s
2026-09-07 17:23:11.199,1788801791.199,1104,13,146,4413.03,4413.11,8.0,PASS_<=10c,+0.0,FLAT,+5.0,+84.0,1.5,+0.58,0.39,SLOW,4412.19,4413.81,4412.19,4413.42,0.00,0.00,0.0,NEUTRAL,162.0,4412.98,4413.04,4412.98,4413.03,11,ACTIVE_11s,6.0,5.0,1.0,0.0,16.7,0.0,16.7,PASS_<20%,0.00,0.0,NO,STANDBY_VEL_LOW,0,0.00,4590.00,70.15,FALSE,M5_TREND_NEUTRAL|M1_DIRECTION_MISMATCH|OPENING_SHIELD_ACTIVE_11s
2026-09-07 17:23:21.442,1788801801.443,1105,14,147,4413.03,4413.11,8.0,PASS_<=10c,+0.0,FLAT,+5.0,+84.0,1.3,+0.63,0.48,SLOW,4412.19,4413.81,4412.19,4413.42,0.00,0.00,0.0,NEUTRAL,162.0,4412.98,4413.04,4412.98,4413.03,21,CLEARED_>=20s,6.0,5.0,1.0,0.0,16.7,0.0,16.7,PASS_<20%,0.00,0.0,NO,STANDBY_VEL_LOW,0,0.00,4590.00,70.15,FALSE,M5_TREND_NEUTRAL|M1_DIRECTION_MISMATCH
2026-09-07 17:23:23.261,1788801803.262,1106,15,148,4412.56,4412.64,8.0,PASS_<=10c,-47.0,DOWN,-42.0,+37.0,1.6,+25.84,16.15,SLOW,4412.19,4413.81,4412.19,4413.42,0.00,0.00,0.0,NEUTRAL,162.0,4412.98,4413.04,4412.56,4412.56,23,CLEARED_>=20s,48.0,42.0,6.0,0.0,12.5,0.0,12.5,PASS_<20%,0.00,0.0,NO,STANDBY_VEL_LOW,0,0.00,4590.00,70.15,FALSE,M5_TREND_NEUTRAL|M1_DIRECTION_MISMATCH
2026-09-07 17:23:23.764,1788801803.764,1107,16,149,4412.49,4412.57,8.0,PASS_<=10c,-7.0,DOWN,-49.0,+30.0,2.2,+23.26,10.57,SLOW,4412.19,4413.81,4412.19,4413.42,0.00,0.00,0.0,NEUTRAL,162.0,4412.98,4413.04,4412.49,4412.49,23,CLEARED_>=20s,55.0,49.0,6.0,0.0,10.9,0.0,10.9,PASS_<20%,0.00,0.0,NO,STANDBY_VEL_LOW,0,0.00,4590.00,70.15,FALSE,M5_TREND_NEUTRAL|M1_DIRECTION_MISMATCH
2026-09-07 17:23:24.266,1788801804.267,1108,17,150,4412.49,4412.57,8.0,PASS_<=10c,+0.0,FLAT,-49.0,+30.0,2.5,+19.12,7.65,SLOW,4412.19,4413.81,4412.19,4413.42,0.00,0.00,0.0,NEUTRAL,162.0,4412.98,4413.04,4412.49,4412.49,24,CLEARED_>=20s,55.0,49.0,6.0,0.0,10.9,0.0,10.9,PASS_<20%,0.00,0.0,NO,STANDBY_VEL_LOW,0,0.00,4590.00,70.15,FALSE,M5_TREND_NEUTRAL|M1_DIRECTION_MISMATCH
2026-09-07 17:23:24.768,1788801804.768,1109,18,151,4412.49,4412.57,8.0,PASS_<=10c,+0.0,FLAT,-49.0,+30.0,2.7,+16.24,6.01,SLOW,4412.19,4413.81,4412.19,4413.42,0.00,0.00,0.0,NEUTRAL,162.0,4412.98,4413.04,4412.49,4412.49,24,CLEARED_>=20s,55.0,49.0,6.0,0.0,10.9,0.0,10.9,PASS_<20%,0.00,0.0,NO,STANDBY_VEL_LOW,0,0.00,4590.00,70.15,FALSE,M5_TREND_NEUTRAL|M1_DIRECTION_MISMATCH
2026-09-07 17:23:25.269,1788801805.270,1110,19,152,4412.48,4412.56,8.0,PASS_<=10c,-1.0,DOWN,-50.0,+29.0,2.9,+14.37,4.96,SLOW,4412.19,4413.81,4412.19,4413.42,0.00,0.00,0.0,NEUTRAL,162.0,4412.98,4413.04,4412.48,4412.48,25,CLEARED_>=20s,56.0,50.0,6.0,0.0,10.7,0.0,10.7,PASS_<20%,0.00,0.0,NO,STANDBY_VEL_LOW,0,0.00,4590.00,70.15,FALSE,M5_TREND_NEUTRAL|M1_DIRECTION_MISMATCH
2026-09-07 17:23:25.772,1788801805.772,1111,20,153,4412.48,4412.56,8.0,PASS_<=10c,+0.0,FLAT,-50.0,+29.0,3.0,+12.70,4.23,SLOW,4412.19,4413.81,4412.19,4413.42,0.00,0.00,0.0,NEUTRAL,162.0,4412.98,4413.04,4412.48,4412.48,25,CLEARED_>=20s,56.0,50.0,6.0,0.0,10.7,0.0,10.7,PASS_<20%,0.00,0.0,NO,STANDBY_VEL_LOW,0,0.00,4590.00,70.15,FALSE,M5_TREND_NEUTRAL|M1_DIRECTION_MISMATCH
2026-09-07 17:23:26.275,1788801806.275,1112,21,154,4412.48,4412.56,8.0,PASS_<=10c,+0.0,FLAT,-50.0,+29.0,3.1,+11.38,3.67,SLOW,4412.19,4413.81,4412.19,4413.42,0.00,0.00,0.0,NEUTRAL,162.0,4412.98,4413.04,4412.48,4412.48,26,CLEARED_>=20s,56.0,50.0,6.0,0.0,10.7,0.0,10.7,PASS_<20%,0.00,0.0,NO,STANDBY_VEL_LOW,0,0.00,4590.00,70.15,FALSE,M5_TREND_NEUTRAL|M1_DIRECTION_MISMATCH
2026-09-07 17:23:26.777,1788801806.778,1113,22,155,4412.37,4412.45,8.0,PASS_<=10c,-11.0,DOWN,-61.0,+18.0,4.4,+18.25,4.15,SLOW,4412.19,4413.81,4412.19,4413.42,0.00,0.00,0.0,NEUTRAL,162.0,4412.98,4413.04,4412.37,4412.37,26,CLEARED_>=20s,67.0,61.0,6.0,0.0,9.0,0.0,9.0,PASS_<20%,0.00,0.0,NO,STANDBY_VEL_LOW,0,0.00,4590.00,70.15,FALSE,M5_TREND_NEUTRAL|M1_DIRECTION_MISMATCH
2026-09-07 17:23:27.280,1788801807.280,1114,23,156,4412.37,4412.45,8.0,PASS_<=10c,+0.0,FLAT,-61.0,+18.0,4.4,+16.02,3.64,SLOW,4412.19,4413.81,4412.19,4413.42,0.00,0.00,0.0,NEUTRAL,162.0,4412.98,4413.04,4412.37,4412.37,27,CLEARED_>=20s,67.0,61.0,6.0,0.0,9.0,0.0,9.0,PASS_<20%,0.00,0.0,NO,STANDBY_VEL_LOW,0,0.00,4590.00,70.15,FALSE,M5_TREND_NEUTRAL|M1_DIRECTION_MISMATCH
2026-09-07 17:23:27.782,1788801807.782,1115,24,157,4412.37,4412.45,8.0,PASS_<=10c,+0.0,FLAT,-61.0,+18.0,4.3,+14.28,3.32,SLOW,4412.19,4413.81,4412.19,4413.42,0.00,0.00,0.0,NEUTRAL,162.0,4412.98,4413.04,4412.37,4412.37,27,CLEARED_>=20s,67.0,61.0,6.0,0.0,9.0,0.0,9.0,PASS_<20%,0.00,0.0,NO,STANDBY_VEL_LOW,0,0.00,4590.00,70.15,FALSE,M5_TREND_NEUTRAL|M1_DIRECTION_MISMATCH
2026-09-07 17:23:28.284,1788801808.284,1116,25,158,4412.37,4412.45,8.0,PASS_<=10c,+0.0,FLAT,-61.0,+18.0,4.2,+2.51,0.60,SLOW,4412.19,4413.81,4412.19,4413.42,0.00,0.00,0.0,NEUTRAL,162.0,4412.98,4413.04,4412.37,4412.37,28,CLEARED_>=20s,67.0,61.0,6.0,0.0,9.0,0.0,9.0,PASS_<20%,0.00,0.0,NO,STANDBY_VEL_LOW,0,0.00,4590.00,70.15,FALSE,M5_TREND_NEUTRAL|M1_DIRECTION_MISMATCH
2026-09-07 17:23:28.792,1788801808.792,1117,26,159,4412.37,4412.45,8.0,PASS_<=10c,+0.0,FLAT,-61.0,+18.0,4.2,+2.51,0.60,SLOW,4412.19,4413.81,4412.19,4413.42,0.00,0.00,0.0,NEUTRAL,162.0,4412.98,4413.04,4412.37,4412.37,28,CLEARED_>=20s,67.0,61.0,6.0,0.0,9.0,0.0,9.0,PASS_<20%,0.00,0.0,NO,STANDBY_VEL_LOW,0,0.00,4590.00,70.15,FALSE,M5_TREND_NEUTRAL|M1_DIRECTION_MISMATCH
2026-09-07 17:23:29.291,1788801809.292,1118,27,160,4412.37,4412.45,8.0,PASS_<=10c,+0.0,FLAT,-61.0,+18.0,4.2,+2.51,0.60,SLOW,4412.19,4413.81,4412.19,4413.42,0.00,0.00,0.0,NEUTRAL,162.0,4412.98,4413.04,4412.37,4412.37,29,CLEARED_>=20s,67.0,61.0,6.0,0.0,9.0,0.0,9.0,PASS_<20%,0.00,0.0,NO,STANDBY_VEL_LOW,0,0.00,4590.00,70.15,FALSE,M5_TREND_NEUTRAL|M1_DIRECTION_MISMATCH
2026-09-07 17:23:29.793,1788801809.793,1119,28,161,4412.37,4412.45,8.0,PASS_<=10c,+0.0,FLAT,-61.0,+18.0,4.2,+2.30,0.55,SLOW,4412.19,4413.81,4412.19,4413.42,0.00,0.00,0.0,NEUTRAL,162.0,4412.98,4413.04,4412.37,4412.37,29,CLEARED_>=20s,67.0,61.0,6.0,0.0,9.0,0.0,9.0,PASS_<20%,0.00,0.0,NO,STANDBY_VEL_LOW,0,0.00,4590.00,70.15,FALSE,M5_TREND_NEUTRAL|M1_DIRECTION_MISMATCH
2026-09-07 17:23:30.294,1788801810.295,1120,29,162,4412.37,4412.45,8.0,PASS_<=10c,+0.0,FLAT,-61.0,+18.0,4.2,+2.30,0.55,SLOW,4412.19,4413.81,4412.19,4413.42,0.00,0.00,0.0,NEUTRAL,162.0,4412.98,4413.04,4412.37,4412.37,30,CLEARED_>=20s,67.0,61.0,6.0,0.0,9.0,0.0,9.0,PASS_<20%,0.00,0.0,NO,STANDBY_VEL_LOW,0,0.00,4590.00,70.15,FALSE,M5_TREND_NEUTRAL|M1_DIRECTION_MISMATCH
2026-09-07 17:23:30.796,1788801810.796,1121,30,163,4412.37,4412.45,8.0,PASS_<=10c,+0.0,FLAT,-61.0,+18.0,4.2,+2.30,0.55,SLOW,4412.19,4413.81,4412.19,4413.42,0.00,0.00,0.0,NEUTRAL,162.0,4412.98,4413.04,4412.37,4412.37,30,CLEARED_>=20s,67.0,61.0,6.0,0.0,9.0,0.0,9.0,PASS_<20%,0.00,0.0,NO,STANDBY_VEL_LOW,0,0.00,4590.00,70.15,FALSE,M5_TREND_NEUTRAL|M1_DIRECTION_MISMATCH
2026-09-07 17:23:36.327,1788801816.328,1122,31,164,4412.37,4412.45,8.0,PASS_<=10c,+0.0,FLAT,-61.0,+18.0,1.5,+0.00,0.00,SLOW,4412.19,4413.81,4412.19,4413.42,0.00,0.00,0.0,NEUTRAL,162.0,4412.98,4413.04,4412.37,4412.37,36,CLEARED_>=20s,67.0,61.0,6.0,0.0,9.0,0.0,9.0,PASS_<20%,0.00,0.0,NO,STANDBY_VEL_LOW,0,0.00,4590.00,70.15,FALSE,M5_TREND_NEUTRAL|M1_DIRECTION_MISMATCH
2026-09-07 17:23:46.560,1788801826.560,1123,32,165,4412.37,4412.45,8.0,PASS_<=10c,+0.0,FLAT,-61.0,+18.0,1.3,+0.00,0.00,SLOW,4412.19,4413.81,4412.19,4413.42,0.00,0.00,0.0,NEUTRAL,162.0,4412.98,4413.04,4412.37,4412.37,46,CLEARED_>=20s,67.0,61.0,6.0,0.0,9.0,0.0,9.0,PASS_<20%,0.00,0.0,NO,STANDBY_VEL_LOW,0,0.00,4590.00,70.15,FALSE,M5_TREND_NEUTRAL|M1_DIRECTION_MISMATCH
2026-09-07 17:23:47.767,1788801827.768,1124,33,166,4412.37,4412.45,8.0,PASS_<=10c,+0.0,FLAT,-61.0,+18.0,2.5,+0.00,0.00,SLOW,4412.19,4413.81,4412.19,4413.42,0.00,0.00,0.0,NEUTRAL,162.0,4412.98,4413.04,4412.37,4412.37,47,CLEARED_>=20s,67.0,61.0,6.0,0.0,9.0,0.0,9.0,PASS_<20%,0.00,0.0,NO,STANDBY_VEL_LOW,0,0.00,4590.00,70.15,FALSE,M5_TREND_NEUTRAL|M1_DIRECTION_MISMATCH
2026-09-07 17:23:48.270,1788801828.271,1125,34,167,4412.44,4412.52,8.0,PASS_<=10c,+7.0,UP,-54.0,+25.0,2.9,+4.09,1.41,SLOW,4412.19,4413.81,4412.19,4413.42,0.00,0.00,0.0,NEUTRAL,162.0,4412.98,4413.04,4412.37,4412.44,48,CLEARED_>=20s,67.0,54.0,6.0,7.0,9.0,10.4,10.4,PASS_<20%,0.00,0.0,NO,STANDBY_VEL_LOW,0,0.00,4590.00,70.15,FALSE,M5_TREND_NEUTRAL|M1_DIRECTION_MISMATCH
2026-09-07 17:23:48.772,1788801828.772,1126,35,168,4412.44,4412.52,8.0,PASS_<=10c,+0.0,FLAT,-54.0,+25.0,3.2,+3.16,0.99,SLOW,4412.19,4413.81,4412.19,4413.42,0.00,0.00,0.0,NEUTRAL,162.0,4412.98,4413.04,4412.37,4412.44,48,CLEARED_>=20s,67.0,54.0,6.0,7.0,9.0,10.4,10.4,PASS_<20%,0.00,0.0,NO,STANDBY_VEL_LOW,0,0.00,4590.00,70.15,FALSE,M5_TREND_NEUTRAL|M1_DIRECTION_MISMATCH
2026-09-07 17:23:49.273,1788801829.274,1127,36,169,4412.44,4412.52,8.0,PASS_<=10c,+0.0,FLAT,-54.0,+25.0,3.3,+2.58,0.78,SLOW,4412.19,4413.81,4412.19,4413.42,0.00,0.00,0.0,NEUTRAL,162.0,4412.98,4413.04,4412.37,4412.44,49,CLEARED_>=20s,67.0,54.0,6.0,7.0,9.0,10.4,10.4,PASS_<20%,0.00,0.0,NO,STANDBY_VEL_LOW,0,0.00,4590.00,70.15,FALSE,M5_TREND_NEUTRAL|M1_DIRECTION_MISMATCH
2026-09-07 17:23:49.775,1788801829.775,1128,37,170,4412.44,4412.52,8.0,PASS_<=10c,+0.0,FLAT,-54.0,+25.0,3.4,+2.18,0.64,SLOW,4412.19,4413.81,4412.19,4413.42,0.00,0.00,0.0,NEUTRAL,162.0,4412.98,4413.04,4412.37,4412.44,49,CLEARED_>=20s,67.0,54.0,6.0,7.0,9.0,10.4,10.4,PASS_<20%,0.00,0.0,NO,STANDBY_VEL_LOW,0,0.00,4590.00,70.15,FALSE,M5_TREND_NEUTRAL|M1_DIRECTION_MISMATCH
2026-09-07 17:23:50.276,1788801830.276,1129,38,171,4412.44,4412.52,8.0,PASS_<=10c,+0.0,FLAT,-54.0,+25.0,3.5,+1.88,0.54,SLOW,4412.19,4413.81,4412.19,4413.42,0.00,0.00,0.0,NEUTRAL,162.0,4412.98,4413.04,4412.37,4412.44,50,CLEARED_>=20s,67.0,54.0,6.0,7.0,9.0,10.4,10.4,PASS_<20%,0.00,0.0,NO,STANDBY_VEL_LOW,0,0.00,4590.00,70.15,FALSE,M5_TREND_NEUTRAL|M1_DIRECTION_MISMATCH
2026-09-07 17:23:50.778,1788801830.778,1130,39,172,4412.44,4412.52,8.0,PASS_<=10c,+0.0,FLAT,-54.0,+25.0,3.6,+1.66,0.46,SLOW,4412.19,4413.81,4412.19,4413.42,0.00,0.00,0.0,NEUTRAL,162.0,4412.98,4413.04,4412.37,4412.44,50,CLEARED_>=20s,67.0,54.0,6.0,7.0,9.0,10.4,10.4,PASS_<20%,0.00,0.0,NO,STANDBY_VEL_LOW,0,0.00,4590.00,70.15,FALSE,M5_TREND_NEUTRAL|M1_DIRECTION_MISMATCH
2026-09-07 17:23:51.279,1788801831.280,1131,40,173,4412.44,4412.52,8.0,PASS_<=10c,+0.0,FLAT,-54.0,+25.0,3.6,+1.48,0.41,SLOW,4412.19,4413.81,4412.19,4413.42,0.00,0.00,0.0,NEUTRAL,162.0,4412.98,4413.04,4412.37,4412.44,51,CLEARED_>=20s,67.0,54.0,6.0,7.0,9.0,10.4,10.4,PASS_<20%,0.00,0.0,NO,STANDBY_VEL_LOW,0,0.00,4590.00,70.15,FALSE,M5_TREND_NEUTRAL|M1_DIRECTION_MISMATCH
2026-09-07 17:23:51.781,1788801831.781,1132,41,174,4412.42,4412.50,8.0,PASS_<=10c,-2.0,DOWN,-56.0,+23.0,4.4,+1.22,0.28,SLOW,4412.19,4413.81,4412.19,4413.42,0.00,0.00,0.0,NEUTRAL,162.0,4412.98,4413.04,4412.37,4412.42,51,CLEARED_>=20s,67.0,56.0,6.0,5.0,9.0,7.5,9.0,PASS_<20%,0.00,0.0,NO,STANDBY_VEL_LOW,0,0.00,4590.00,70.15,FALSE,M5_TREND_NEUTRAL|M1_DIRECTION_MISMATCH
2026-09-07 17:23:52.283,1788801832.283,1133,42,175,4412.42,4412.50,8.0,PASS_<=10c,+0.0,FLAT,-56.0,+23.0,4.3,+1.08,0.25,SLOW,4412.19,4413.81,4412.19,4413.42,0.00,0.00,0.0,NEUTRAL,162.0,4412.98,4413.04,4412.37,4412.42,52,CLEARED_>=20s,67.0,56.0,6.0,5.0,9.0,7.5,9.0,PASS_<20%,0.00,0.0,NO,STANDBY_VEL_LOW,0,0.00,4590.00,70.15,FALSE,M5_TREND_NEUTRAL|M1_DIRECTION_MISMATCH
2026-09-07 17:23:52.783,1788801832.784,1134,43,176,4412.42,4412.50,8.0,PASS_<=10c,+0.0,FLAT,-56.0,+23.0,4.2,+0.42,0.10,SLOW,4412.19,4413.81,4412.19,4413.42,0.00,0.00,0.0,NEUTRAL,162.0,4412.98,4413.04,4412.37,4412.42,52,CLEARED_>=20s,67.0,56.0,6.0,5.0,9.0,7.5,9.0,PASS_<20%,0.00,0.0,NO,STANDBY_VEL_LOW,0,0.00,4590.00,70.15,FALSE,M5_TREND_NEUTRAL|M1_DIRECTION_MISMATCH
2026-09-07 17:23:53.303,1788801833.304,1135,44,177,4412.42,4412.50,8.0,PASS_<=10c,+0.0,FLAT,-56.0,+1536.0,4.2,+0.42,0.10,SLOW,4397.06,4397.70,4395.97,4397.03,0.00,0.00,0.0,BULLISH,173.0,4412.98,4413.04,4412.37,4412.42,53,CLEARED_>=20s,67.0,56.0,6.0,5.0,9.0,7.5,9.0,PASS_<20%,0.00,0.0,NO,STANDBY_VEL_LOW,0,0.00,4590.00,70.15,FALSE,M1_DIRECTION_MISMATCH
2026-09-07 17:23:53.789,1788801833.789,1136,45,178,4412.42,4412.50,8.0,PASS_<=10c,+0.0,FLAT,-56.0,+23.0,4.2,+0.42,0.10,SLOW,4412.19,4413.81,4412.19,4413.42,0.00,0.00,0.0,NEUTRAL,162.0,4412.98,4413.04,4412.37,4412.42,53,CLEARED_>=20s,67.0,56.0,6.0,5.0,9.0,7.5,9.0,PASS_<20%,0.00,0.0,NO,STANDBY_VEL_LOW,0,0.00,4590.00,70.15,FALSE,M5_TREND_NEUTRAL|M1_DIRECTION_MISMATCH
2026-09-07 17:23:54.291,1788801834.292,1137,46,179,4412.42,4412.50,8.0,PASS_<=10c,+0.0,FLAT,-56.0,+23.0,4.2,+0.42,0.10,SLOW,4412.19,4413.81,4412.19,4413.42,0.00,0.00,0.0,NEUTRAL,162.0,4412.98,4413.04,4412.37,4412.42,54,CLEARED_>=20s,67.0,56.0,6.0,5.0,9.0,7.5,9.0,PASS_<20%,0.00,0.0,NO,STANDBY_VEL_LOW,0,0.00,4590.00,70.15,FALSE,M5_TREND_NEUTRAL|M1_DIRECTION_MISMATCH
2026-09-07 17:23:54.792,1788801834.792,1138,47,180,4412.42,4412.50,8.0,PASS_<=10c,+0.0,FLAT,-56.0,+23.0,4.2,+0.42,0.10,SLOW,4412.19,4413.81,4412.19,4413.42,0.00,0.00,0.0,NEUTRAL,162.0,4412.98,4413.04,4412.37,4412.42,54,CLEARED_>=20s,67.0,56.0,6.0,5.0,9.0,7.5,9.0,PASS_<20%,0.00,0.0,NO,STANDBY_VEL_LOW,0,0.00,4590.00,70.15,FALSE,M5_TREND_NEUTRAL|M1_DIRECTION_MISMATCH
2026-09-07 17:23:55.293,1788801835.293,1139,48,181,4412.42,4412.50,8.0,PASS_<=10c,+0.0,FLAT,-56.0,+23.0,4.2,+0.42,0.10,SLOW,4412.19,4413.81,4412.19,4413.42,0.00,0.00,0.0,NEUTRAL,162.0,4412.98,4413.04,4412.37,4412.42,55,CLEARED_>=20s,67.0,56.0,6.0,5.0,9.0,7.5,9.0,PASS_<20%,0.00,0.0,NO,STANDBY_VEL_LOW,0,0.00,4590.00,70.15,FALSE,M5_TREND_NEUTRAL|M1_DIRECTION_MISMATCH
2026-09-07 17:24:00.808,1788801840.808,1140,1,182,4412.42,4412.50,8.0,PASS_<=10c,+0.0,FLAT,+0.0,+23.0,1.6,+0.00,0.00,SLOW,4412.19,4413.81,4412.19,4413.42,0.00,0.00,0.0,NEUTRAL,162.0,4412.42,4412.42,4412.42,4412.42,0,ACTIVE_0s,1.0,0.0,0.0,0.0,0.0,0.0,0.0,PASS_<20%,0.00,0.0,NO,STANDBY_VEL_LOW,0,0.00,4590.00,70.15,FALSE,M5_TREND_NEUTRAL|M1_DIRECTION_MISMATCH|OPENING_SHIELD_ACTIVE_0s
2026-09-07 17:24:11.037,1788801851.037,1141,2,183,4412.42,4412.50,8.0,PASS_<=10c,+0.0,FLAT,+0.0,+23.0,1.3,+0.00,0.00,SLOW,4412.19,4413.81,4412.19,4413.42,0.00,0.00,0.0,NEUTRAL,162.0,4412.42,4412.42,4412.42,4412.42,11,ACTIVE_11s,1.0,0.0,0.0,0.0,0.0,0.0,0.0,PASS_<20%,0.00,0.0,NO,STANDBY_VEL_LOW,0,0.00,4590.00,70.15,FALSE,M5_TREND_NEUTRAL|M1_DIRECTION_MISMATCH|OPENING_SHIELD_ACTIVE_11s
2026-09-07 17:24:12.644,1788801852.645,1142,3,184,4412.53,4412.61,8.0,PASS_<=10c,+11.0,UP,+11.0,+34.0,1.9,+6.84,3.60,SLOW,4412.19,4413.81,4412.19,4413.42,0.00,0.00,0.0,NEUTRAL,162.0,4412.42,4412.53,4412.42,4412.53,12,ACTIVE_12s,11.0,11.0,0.0,0.0,0.0,0.0,0.0,PASS_<20%,0.00,0.0,NO,STANDBY_VEL_LOW,0,0.00,4590.00,70.15,FALSE,M5_TREND_NEUTRAL|M1_DIRECTION_MISMATCH|OPENING_SHIELD_ACTIVE_12s
2026-09-07 17:24:13.146,1788801853.147,1143,4,185,4412.53,4412.61,8.0,PASS_<=10c,+0.0,FLAT,+11.0,+34.0,2.4,+5.22,2.17,SLOW,4412.19,4413.81,4412.19,4413.42,0.00,0.00,0.0,NEUTRAL,162.0,4412.42,4412.53,4412.42,4412.53,13,ACTIVE_13s,11.0,11.0,0.0,0.0,0.0,0.0,0.0,PASS_<20%,0.00,0.0,NO,STANDBY_VEL_LOW,0,0.00,4590.00,70.15,FALSE,M5_TREND_NEUTRAL|M1_DIRECTION_MISMATCH|OPENING_SHIELD_ACTIVE_13s
2026-09-07 17:24:13.647,1788801853.648,1144,5,186,4412.53,4412.61,8.0,PASS_<=10c,+0.0,FLAT,+11.0,+34.0,2.7,+4.21,1.56,SLOW,4412.19,4413.81,4412.19,4413.42,0.00,0.00,0.0,NEUTRAL,162.0,4412.42,4412.53,4412.42,4412.53,13,ACTIVE_13s,11.0,11.0,0.0,0.0,0.0,0.0,0.0,PASS_<20%,0.00,0.0,NO,STANDBY_VEL_LOW,0,0.00,4590.00,70.15,FALSE,M5_TREND_NEUTRAL|M1_DIRECTION_MISMATCH|OPENING_SHIELD_ACTIVE_13s
2026-09-07 17:24:14.149,1788801854.150,1145,6,187,4412.53,4412.61,8.0,PASS_<=10c,+0.0,FLAT,+11.0,+34.0,2.9,+3.53,1.22,SLOW,4412.19,4413.81,4412.19,4413.42,0.00,0.00,0.0,NEUTRAL,162.0,4412.42,4412.53,4412.42,4412.53,14,ACTIVE_14s,11.0,11.0,0.0,0.0,0.0,0.0,0.0,PASS_<20%,0.00,0.0,NO,STANDBY_VEL_LOW,0,0.00,4590.00,70.15,FALSE,M5_TREND_NEUTRAL|M1_DIRECTION_MISMATCH|OPENING_SHIELD_ACTIVE_14s
2026-09-07 17:24:14.652,1788801854.652,1146,7,188,4412.53,4412.61,8.0,PASS_<=10c,+0.0,FLAT,+11.0,+34.0,3.0,+3.04,1.01,SLOW,4412.19,4413.81,4412.19,4413.42,0.00,0.00,0.0,NEUTRAL,162.0,4412.42,4412.53,4412.42,4412.53,14,ACTIVE_14s,11.0,11.0,0.0,0.0,0.0,0.0,0.0,PASS_<20%,0.00,0.0,NO,STANDBY_VEL_LOW,0,0.00,4590.00,70.15,FALSE,M5_TREND_NEUTRAL|M1_DIRECTION_MISMATCH|OPENING_SHIELD_ACTIVE_14s
2026-09-07 17:24:15.153,1788801855.154,1147,8,189,4412.53,4412.61,8.0,PASS_<=10c,+0.0,FLAT,+11.0,+34.0,3.2,+2.67,0.83,SLOW,4412.19,4413.81,4412.19,4413.42,0.00,0.00,0.0,NEUTRAL,162.0,4412.42,4412.53,4412.42,4412.53,15,ACTIVE_15s,11.0,11.0,0.0,0.0,0.0,0.0,0.0,PASS_<20%,0.00,0.0,NO,STANDBY_VEL_LOW,0,0.00,4590.00,70.15,FALSE,M5_TREND_NEUTRAL|M1_DIRECTION_MISMATCH|OPENING_SHIELD_ACTIVE_15s
2026-09-07 17:24:15.654,1788801855.655,1148,9,190,4412.53,4412.61,8.0,PASS_<=10c,+0.0,FLAT,+11.0,+34.0,3.2,+2.38,0.74,SLOW,4412.19,4413.81,4412.19,4413.42,0.00,0.00,0.0,NEUTRAL,162.0,4412.42,4412.53,4412.42,4412.53,15,ACTIVE_15s,11.0,11.0,0.0,0.0,0.0,0.0,0.0,PASS_<20%,0.00,0.0,NO,STANDBY_VEL_LOW,0,0.00,4590.00,70.15,FALSE,M5_TREND_NEUTRAL|M1_DIRECTION_MISMATCH|OPENING_SHIELD_ACTIVE_15s
2026-09-07 17:24:16.156,1788801856.157,1149,10,191,4412.53,4412.61,8.0,PASS_<=10c,+0.0,FLAT,+11.0,+34.0,4.4,+0.00,0.00,SLOW,4412.19,4413.81,4412.19,4413.42,0.00,0.00,0.0,NEUTRAL,162.0,4412.42,4412.53,4412.42,4412.53,16,ACTIVE_16s,11.0,11.0,0.0,0.0,0.0,0.0,0.0,PASS_<20%,0.00,0.0,NO,STANDBY_VEL_LOW,0,0.00,4590.00,70.15,FALSE,M5_TREND_NEUTRAL|M1_DIRECTION_MISMATCH|OPENING_SHIELD_ACTIVE_16s
2026-09-07 17:24:16.659,1788801856.660,1150,11,192,4412.53,4412.61,8.0,PASS_<=10c,+0.0,FLAT,+11.0,+34.0,4.4,+0.00,0.00,SLOW,4412.19,4413.81,4412.19,4413.42,0.00,0.00,0.0,NEUTRAL,162.0,4412.42,4412.53,4412.42,4412.53,16,ACTIVE_16s,11.0,11.0,0.0,0.0,0.0,0.0,0.0,PASS_<20%,0.00,0.0,NO,STANDBY_VEL_LOW,0,0.00,4590.00,70.15,FALSE,M5_TREND_NEUTRAL|M1_DIRECTION_MISMATCH|OPENING_SHIELD_ACTIVE_16s
2026-09-07 17:24:17.161,1788801857.161,1151,12,193,4412.53,4412.61,8.0,PASS_<=10c,+0.0,FLAT,+11.0,+34.0,4.3,+0.00,0.00,SLOW,4412.19,4413.81,4412.19,4413.42,0.00,0.00,0.0,NEUTRAL,162.0,4412.42,4412.53,4412.42,4412.53,17,ACTIVE_17s,11.0,11.0,0.0,0.0,0.0,0.0,0.0,PASS_<20%,0.00,0.0,NO,STANDBY_VEL_LOW,0,0.00,4590.00,70.15,FALSE,M5_TREND_NEUTRAL|M1_DIRECTION_MISMATCH|OPENING_SHIELD_ACTIVE_17s
2026-09-07 17:24:17.663,1788801857.663,1152,13,194,4412.53,4412.61,8.0,PASS_<=10c,+0.0,FLAT,+11.0,+34.0,4.2,+0.00,0.00,SLOW,4412.19,4413.81,4412.19,4413.42,0.00,0.00,0.0,NEUTRAL,162.0,4412.42,4412.53,4412.42,4412.53,17,ACTIVE_17s,11.0,11.0,0.0,0.0,0.0,0.0,0.0,PASS_<20%,0.00,0.0,NO,STANDBY_VEL_LOW,0,0.00,4590.00,70.15,FALSE,M5_TREND_NEUTRAL|M1_DIRECTION_MISMATCH|OPENING_SHIELD_ACTIVE_17s
2026-09-07 17:24:18.165,1788801858.165,1153,14,195,4412.53,4412.61,8.0,PASS_<=10c,+0.0,FLAT,+11.0,+34.0,4.2,+0.00,0.00,SLOW,4412.19,4413.81,4412.19,4413.42,0.00,0.00,0.0,NEUTRAL,162.0,4412.42,4412.53,4412.42,4412.53,18,ACTIVE_18s,11.0,11.0,0.0,0.0,0.0,0.0,0.0,PASS_<20%,0.00,0.0,NO,STANDBY_VEL_LOW,0,0.00,4590.00,70.15,FALSE,M5_TREND_NEUTRAL|M1_DIRECTION_MISMATCH|OPENING_SHIELD_ACTIVE_18s
2026-09-07 17:24:18.666,1788801858.667,1154,15,196,4412.53,4412.61,8.0,PASS_<=10c,+0.0,FLAT,+11.0,+34.0,4.2,+0.00,0.00,SLOW,4412.19,4413.81,4412.19,4413.42,0.00,0.00,0.0,NEUTRAL,162.0,4412.42,4412.53,4412.42,4412.53,18,ACTIVE_18s,11.0,11.0,0.0,0.0,0.0,0.0,0.0,PASS_<20%,0.00,0.0,NO,STANDBY_VEL_LOW,0,0.00,4590.00,70.15,FALSE,M5_TREND_NEUTRAL|M1_DIRECTION_MISMATCH|OPENING_SHIELD_ACTIVE_18s
2026-09-07 17:24:19.168,1788801859.168,1155,16,197,4412.53,4412.61,8.0,PASS_<=10c,+0.0,FLAT,+11.0,+34.0,4.2,+0.00,0.00,SLOW,4412.19,4413.81,4412.19,4413.42,0.00,0.00,0.0,NEUTRAL,162.0,4412.42,4412.53,4412.42,4412.53,19,ACTIVE_19s,11.0,11.0,0.0,0.0,0.0,0.0,0.0,PASS_<20%,0.00,0.0,NO,STANDBY_VEL_LOW,0,0.00,4590.00,70.15,FALSE,M5_TREND_NEUTRAL|M1_DIRECTION_MISMATCH|OPENING_SHIELD_ACTIVE_19s
2026-09-07 17:24:19.669,1788801859.669,1156,17,198,4412.53,4412.61,8.0,PASS_<=10c,+0.0,FLAT,+11.0,+34.0,4.2,+0.00,0.00,SLOW,4412.19,4413.81,4412.19,4413.42,0.00,0.00,0.0,NEUTRAL,162.0,4412.42,4412.53,4412.42,4412.53,19,ACTIVE_19s,11.0,11.0,0.0,0.0,0.0,0.0,0.0,PASS_<20%,0.00,0.0,NO,STANDBY_VEL_LOW,0,0.00,4590.00,70.15,FALSE,M5_TREND_NEUTRAL|M1_DIRECTION_MISMATCH|OPENING_SHIELD_ACTIVE_19s
2026-09-07 17:24:20.171,1788801860.171,1157,18,199,4412.53,4412.61,8.0,PASS_<=10c,+0.0,FLAT,+11.0,+34.0,4.2,+0.00,0.00,SLOW,4412.19,4413.81,4412.19,4413.42,0.00,0.00,0.0,NEUTRAL,162.0,4412.42,4412.53,4412.42,4412.53,20,CLEARED_>=20s,11.0,11.0,0.0,0.0,0.0,0.0,0.0,PASS_<20%,0.00,0.0,NO,STANDBY_VEL_LOW,0,0.00,4590.00,70.15,FALSE,M5_TREND_NEUTRAL|M1_DIRECTION_MISMATCH
2026-09-07 17:24:25.684,1788801865.684,1158,19,200,4412.53,4412.61,8.0,PASS_<=10c,+0.0,FLAT,+11.0,+34.0,1.6,+0.08,0.05,SLOW,4412.19,4413.81,4412.19,4413.42,0.00,0.00,0.0,NEUTRAL,162.0,4412.42,4412.53,4412.42,4412.53,25,CLEARED_>=20s,11.0,11.0,0.0,0.0,0.0,0.0,0.0,PASS_<20%,0.00,0.0,NO,STANDBY_VEL_LOW,0,0.00,4590.00,70.15,FALSE,M5_TREND_NEUTRAL|M1_DIRECTION_MISMATCH
2026-09-07 17:24:35.915,1788801875.915,1159,20,201,4412.53,4412.61,8.0,PASS_<=10c,+0.0,FLAT,+11.0,+34.0,1.3,+0.27,0.21,SLOW,4412.19,4413.81,4412.19,4413.42,0.00,0.00,0.0,NEUTRAL,162.0,4412.42,4412.53,4412.42,4412.53,35,CLEARED_>=20s,11.0,11.0,0.0,0.0,0.0,0.0,0.0,PASS_<20%,0.00,0.0,NO,STANDBY_VEL_LOW,0,0.00,4590.00,70.15,FALSE,M5_TREND_NEUTRAL|M1_DIRECTION_MISMATCH
2026-09-07 17:24:37.524,1788801877.525,1160,21,202,4412.53,4412.61,8.0,PASS_<=10c,+0.0,FLAT,+11.0,+34.0,1.9,+0.29,0.15,SLOW,4412.19,4413.81,4412.19,4413.42,0.00,0.00,0.0,NEUTRAL,162.0,4412.42,4412.53,4412.42,4412.53,37,CLEARED_>=20s,11.0,11.0,0.0,0.0,0.0,0.0,0.0,PASS_<20%,0.00,0.0,NO,STANDBY_VEL_LOW,0,0.00,4590.00,70.15,FALSE,M5_TREND_NEUTRAL|M1_DIRECTION_MISMATCH
2026-09-07 17:24:38.027,1788801878.027,1161,22,203,4412.78,4412.86,8.0,PASS_<=10c,+25.0,UP,+36.0,+59.0,2.4,+11.84,4.93,SLOW,4412.19,4413.81,4412.19,4413.42,0.00,0.00,0.0,NEUTRAL,162.0,4412.42,4412.78,4412.42,4412.78,38,CLEARED_>=20s,36.0,36.0,0.0,0.0,0.0,0.0,0.0,PASS_<20%,0.00,0.0,NO,STANDBY_VEL_LOW,0,0.00,4590.00,70.15,FALSE,M5_TREND_NEUTRAL|M1_DIRECTION_MISMATCH
2026-09-07 17:24:38.529,1788801878.529,1162,23,204,4412.78,4412.86,8.0,PASS_<=10c,+0.0,FLAT,+36.0,+59.0,2.7,+9.56,3.54,SLOW,4412.19,4413.81,4412.19,4413.42,0.00,0.00,0.0,NEUTRAL,162.0,4412.42,4412.78,4412.42,4412.78,38,CLEARED_>=20s,36.0,36.0,0.0,0.0,0.0,0.0,0.0,PASS_<20%,0.00,0.0,NO,STANDBY_VEL_LOW,0,0.00,4590.00,70.15,FALSE,M5_TREND_NEUTRAL|M1_DIRECTION_MISMATCH
2026-09-07 17:24:39.030,1788801879.031,1163,24,205,4412.78,4412.86,8.0,PASS_<=10c,+0.0,FLAT,+36.0,+59.0,2.9,+8.02,2.77,SLOW,4412.19,4413.81,4412.19,4413.42,0.00,0.00,0.0,NEUTRAL,162.0,4412.42,4412.78,4412.42,4412.78,39,CLEARED_>=20s,36.0,36.0,0.0,0.0,0.0,0.0,0.0,PASS_<20%,0.00,0.0,NO,STANDBY_VEL_LOW,0,0.00,4590.00,70.15,FALSE,M5_TREND_NEUTRAL|M1_DIRECTION_MISMATCH
2026-09-07 17:24:39.533,1788801879.533,1164,25,206,4412.78,4412.86,8.0,PASS_<=10c,+0.0,FLAT,+36.0,+59.0,3.0,+6.91,2.30,SLOW,4412.19,4413.81,4412.19,4413.42,0.00,0.00,0.0,NEUTRAL,162.0,4412.42,4412.78,4412.42,4412.78,39,CLEARED_>=20s,36.0,36.0,0.0,0.0,0.0,0.0,0.0,PASS_<20%,0.00,0.0,NO,STANDBY_VEL_LOW,0,0.00,4590.00,70.15,FALSE,M5_TREND_NEUTRAL|M1_DIRECTION_MISMATCH
2026-09-07 17:24:40.034,1788801880.035,1165,26,207,4412.78,4412.86,8.0,PASS_<=10c,+0.0,FLAT,+36.0,+59.0,3.2,+6.07,1.90,SLOW,4412.19,4413.81,4412.19,4413.42,0.00,0.00,0.0,NEUTRAL,162.0,4412.42,4412.78,4412.42,4412.78,40,CLEARED_>=20s,36.0,36.0,0.0,0.0,0.0,0.0,0.0,PASS_<20%,0.00,0.0,NO,STANDBY_VEL_LOW,0,0.00,4590.00,70.15,FALSE,M5_TREND_NEUTRAL|M1_DIRECTION_MISMATCH
2026-09-07 17:24:40.536,1788801880.537,1166,27,208,4412.78,4412.86,8.0,PASS_<=10c,+0.0,FLAT,+36.0,+59.0,3.2,+5.41,1.69,SLOW,4412.19,4413.81,4412.19,4413.42,0.00,0.00,0.0,NEUTRAL,162.0,4412.42,4412.78,4412.42,4412.78,40,CLEARED_>=20s,36.0,36.0,0.0,0.0,0.0,0.0,0.0,PASS_<20%,0.00,0.0,NO,STANDBY_VEL_LOW,0,0.00,4590.00,70.15,FALSE,M5_TREND_NEUTRAL|M1_DIRECTION_MISMATCH
2026-09-07 17:24:41.038,1788801881.038,1167,28,209,4412.78,4412.86,8.0,PASS_<=10c,+0.0,FLAT,+36.0,+59.0,4.4,+6.92,1.57,SLOW,4412.19,4413.81,4412.19,4413.42,0.00,0.00,0.0,NEUTRAL,162.0,4412.42,4412.78,4412.42,4412.78,41,CLEARED_>=20s,36.0,36.0,0.0,0.0,0.0,0.0,0.0,PASS_<20%,0.00,0.0,NO,STANDBY_VEL_LOW,0,0.00,4590.00,70.15,FALSE,M5_TREND_NEUTRAL|M1_DIRECTION_MISMATCH
2026-09-07 17:24:41.539,1788801881.540,1168,29,210,4412.78,4412.86,8.0,PASS_<=10c,+0.0,FLAT,+36.0,+59.0,4.4,+6.07,1.38,SLOW,4412.19,4413.81,4412.19,4413.42,0.00,0.00,0.0,NEUTRAL,162.0,4412.42,4412.78,4412.42,4412.78,41,CLEARED_>=20s,36.0,36.0,0.0,0.0,0.0,0.0,0.0,PASS_<20%,0.00,0.0,NO,STANDBY_VEL_LOW,0,0.00,4590.00,70.15,FALSE,M5_TREND_NEUTRAL|M1_DIRECTION_MISMATCH
2026-09-07 17:24:42.041,1788801882.042,1169,30,211,4412.78,4412.86,8.0,PASS_<=10c,+0.0,FLAT,+36.0,+59.0,4.3,+5.41,1.26,SLOW,4412.19,4413.81,4412.19,4413.42,0.00,0.00,0.0,NEUTRAL,162.0,4412.42,4412.78,4412.42,4412.78,42,CLEARED_>=20s,36.0,36.0,0.0,0.0,0.0,0.0,0.0,PASS_<20%,0.00,0.0,NO,STANDBY_VEL_LOW,0,0.00,4590.00,70.15,FALSE,M5_TREND_NEUTRAL|M1_DIRECTION_MISMATCH
2026-09-07 17:24:42.543,1788801882.543,1170,31,212,4412.78,4412.86,8.0,PASS_<=10c,+0.0,FLAT,+36.0,+59.0,4.2,+0.73,0.17,SLOW,4412.19,4413.81,4412.19,4413.42,0.00,0.00,0.0,NEUTRAL,162.0,4412.42,4412.78,4412.42,4412.78,42,CLEARED_>=20s,36.0,36.0,0.0,0.0,0.0,0.0,0.0,PASS_<20%,0.00,0.0,NO,STANDBY_VEL_LOW,0,0.00,4590.00,70.15,FALSE,M5_TREND_NEUTRAL|M1_DIRECTION_MISMATCH
2026-09-07 17:24:43.045,1788801883.046,1171,32,213,4412.78,4412.86,8.0,PASS_<=10c,+0.0,FLAT,+36.0,+59.0,4.2,+0.73,0.17,SLOW,4412.19,4413.81,4412.19,4413.42,0.00,0.00,0.0,NEUTRAL,162.0,4412.42,4412.78,4412.42,4412.78,43,CLEARED_>=20s,36.0,36.0,0.0,0.0,0.0,0.0,0.0,PASS_<20%,0.00,0.0,NO,STANDBY_VEL_LOW,0,0.00,4590.00,70.15,FALSE,M5_TREND_NEUTRAL|M1_DIRECTION_MISMATCH
2026-09-07 17:24:43.546,1788801883.547,1172,33,214,4412.78,4412.86,8.0,PASS_<=10c,+0.0,FLAT,+36.0,+59.0,4.2,+0.72,0.17,SLOW,4412.19,4413.81,4412.19,4413.42,0.00,0.00,0.0,NEUTRAL,162.0,4412.42,4412.78,4412.42,4412.78,43,CLEARED_>=20s,36.0,36.0,0.0,0.0,0.0,0.0,0.0,PASS_<20%,0.00,0.0,NO,STANDBY_VEL_LOW,0,0.00,4590.00,70.15,FALSE,M5_TREND_NEUTRAL|M1_DIRECTION_MISMATCH
2026-09-07 17:24:44.046,1788801884.047,1173,34,215,4412.78,4412.86,8.0,PASS_<=10c,+0.0,FLAT,+36.0,+59.0,4.2,+0.71,0.17,SLOW,4412.19,4413.81,4412.19,4413.42,0.00,0.00,0.0,NEUTRAL,162.0,4412.42,4412.78,4412.42,4412.78,44,CLEARED_>=20s,36.0,36.0,0.0,0.0,0.0,0.0,0.0,PASS_<20%,0.00,0.0,NO,STANDBY_VEL_LOW,0,0.00,4590.00,70.15,FALSE,M5_TREND_NEUTRAL|M1_DIRECTION_MISMATCH
2026-09-07 17:24:44.548,1788801884.548,1174,35,216,4412.78,4412.86,8.0,PASS_<=10c,+0.0,FLAT,+36.0,+59.0,4.2,+0.71,0.17,SLOW,4412.19,4413.81,4412.19,4413.42,0.00,0.00,0.0,NEUTRAL,162.0,4412.42,4412.78,4412.42,4412.78,44,CLEARED_>=20s,36.0,36.0,0.0,0.0,0.0,0.0,0.0,PASS_<20%,0.00,0.0,NO,STANDBY_VEL_LOW,0,0.00,4590.00,70.15,FALSE,M5_TREND_NEUTRAL|M1_DIRECTION_MISMATCH
2026-09-07 17:24:45.049,1788801885.049,1175,36,217,4412.78,4412.86,8.0,PASS_<=10c,+0.0,FLAT,+36.0,+59.0,4.2,+0.70,0.17,SLOW,4412.19,4413.81,4412.19,4413.42,0.00,0.00,0.0,NEUTRAL,162.0,4412.42,4412.78,4412.42,4412.78,45,CLEARED_>=20s,36.0,36.0,0.0,0.0,0.0,0.0,0.0,PASS_<20%,0.00,0.0,NO,STANDBY_VEL_LOW,0,0.00,4590.00,70.15,FALSE,M5_TREND_NEUTRAL|M1_DIRECTION_MISMATCH
2026-09-07 17:24:50.562,1788801890.562,1176,37,218,4412.78,4412.86,8.0,PASS_<=10c,+0.0,FLAT,+36.0,+59.0,1.6,+0.57,0.36,SLOW,4412.19,4413.81,4412.19,4413.42,0.00,0.00,0.0,NEUTRAL,162.0,4412.42,4412.78,4412.42,4412.78,50,CLEARED_>=20s,36.0,36.0,0.0,0.0,0.0,0.0,0.0,PASS_<20%,0.00,0.0,NO,STANDBY_VEL_LOW,0,0.00,4590.00,70.15,FALSE,M5_TREND_NEUTRAL|M1_DIRECTION_MISMATCH
2026-09-07 17:25:00.805,1788801900.806,1177,1,1,4412.78,4412.86,8.0,PASS_<=10c,+0.0,FLAT,+0.0,-63.0,1.3,+0.60,0.46,SLOW,4413.41,4413.41,4412.31,4412.78,0.00,0.00,0.0,NEUTRAL,110.0,4412.78,4412.78,4412.78,4412.78,0,ACTIVE_0s,1.0,0.0,0.0,0.0,0.0,0.0,0.0,PASS_<20%,0.00,0.0,NO,STANDBY_VEL_LOW,0,0.00,4590.00,70.15,FALSE,M5_TREND_NEUTRAL|M1_DIRECTION_MISMATCH|OPENING_SHIELD_ACTIVE_0s
2026-09-07 17:25:04.422,1788801904.423,1178,2,2,4412.78,4412.86,8.0,PASS_<=10c,+0.0,FLAT,+0.0,-63.0,1.3,+0.62,0.48,SLOW,4413.41,4413.41,4412.31,4412.78,0.00,0.00,0.0,NEUTRAL,110.0,4412.78,4412.78,4412.78,4412.78,4,ACTIVE_4s,1.0,0.0,0.0,0.0,0.0,0.0,0.0,PASS_<20%,0.00,0.0,NO,STANDBY_VEL_LOW,0,0.00,4590.00,70.15,FALSE,M5_TREND_NEUTRAL|M1_DIRECTION_MISMATCH|OPENING_SHIELD_ACTIVE_4s
2026-09-07 17:25:04.924,1788801904.924,1179,3,3,4412.76,4412.84,8.0,PASS_<=10c,-2.0,DOWN,-2.0,-65.0,1.3,+0.58,0.45,SLOW,4413.41,4413.41,4412.31,4412.78,0.00,0.00,0.0,NEUTRAL,110.0,4412.78,4412.78,4412.76,4412.76,4,ACTIVE_4s,2.0,2.0,0.0,0.0,0.0,0.0,0.0,PASS_<20%,0.00,0.0,NO,STANDBY_VEL_LOW,0,0.00,4590.00,70.15,FALSE,M5_TREND_NEUTRAL|M1_DIRECTION_MISMATCH|OPENING_SHIELD_ACTIVE_4s
2026-09-07 17:25:05.426,1788801905.427,1180,4,4,4412.76,4412.84,8.0,PASS_<=10c,+0.0,FLAT,-2.0,-65.0,1.5,+0.57,0.38,SLOW,4413.41,4413.41,4412.31,4412.78,0.00,0.00,0.0,NEUTRAL,110.0,4412.78,4412.78,4412.76,4412.76,5,ACTIVE_5s,2.0,2.0,0.0,0.0,0.0,0.0,0.0,PASS_<20%,0.00,0.0,NO,STANDBY_VEL_LOW,0,0.00,4590.00,70.15,FALSE,M5_TREND_NEUTRAL|M1_DIRECTION_MISMATCH|OPENING_SHIELD_ACTIVE_5s
2026-09-07 17:25:05.928,1788801905.929,1181,5,5,4412.76,4412.84,8.0,PASS_<=10c,+0.0,FLAT,-2.0,-65.0,5.0,+1.24,0.25,SLOW,4413.41,4413.41,4412.31,4412.78,0.00,0.00,0.0,NEUTRAL,110.0,4412.78,4412.78,4412.76,4412.76,5,ACTIVE_5s,2.0,2.0,0.0,0.0,0.0,0.0,0.0,PASS_<20%,0.00,0.0,NO,STANDBY_VEL_LOW,0,0.00,4590.00,70.15,FALSE,M5_TREND_NEUTRAL|M1_DIRECTION_MISMATCH|OPENING_SHIELD_ACTIVE_5s
2026-09-07 17:25:06.430,1788801906.430,1182,6,6,4412.76,4412.84,8.0,PASS_<=10c,+0.0,FLAT,-2.0,-65.0,4.7,+0.95,0.20,SLOW,4413.41,4413.41,4412.31,4412.78,0.00,0.00,0.0,NEUTRAL,110.0,4412.78,4412.78,4412.76,4412.76,6,ACTIVE_6s,2.0,2.0,0.0,0.0,0.0,0.0,0.0,PASS_<20%,0.00,0.0,NO,STANDBY_VEL_LOW,0,0.00,4590.00,70.15,FALSE,M5_TREND_NEUTRAL|M1_DIRECTION_MISMATCH|OPENING_SHIELD_ACTIVE_6s
2026-09-07 17:25:06.931,1788801906.932,1183,7,7,4412.78,4412.86,8.0,PASS_<=10c,+2.0,UP,+0.0,-63.0,4.6,+0.64,0.14,SLOW,4413.41,4413.41,4412.31,4412.78,0.00,0.00,0.0,NEUTRAL,110.0,4412.78,4412.78,4412.76,4412.78,6,ACTIVE_6s,2.0,0.0,0.0,2.0,0.0,100.0,100.0,BLOCKED_100.0%,0.00,0.0,NO,STANDBY_VEL_LOW,0,0.00,4590.00,70.15,FALSE,M5_TREND_NEUTRAL|M1_DIRECTION_MISMATCH|OPENING_SHIELD_ACTIVE_6s
2026-09-07 17:25:07.434,1788801907.435,1184,8,8,4412.78,4412.86,8.0,PASS_<=10c,+0.0,FLAT,+0.0,-63.0,4.5,+0.64,0.14,SLOW,4413.41,4413.41,4412.31,4412.78,0.00,0.00,0.0,NEUTRAL,110.0,4412.78,4412.78,4412.76,4412.78,7,ACTIVE_7s,2.0,0.0,0.0,2.0,0.0,100.0,100.0,BLOCKED_100.0%,0.00,0.0,NO,STANDBY_VEL_LOW,0,0.00,4590.00,70.15,FALSE,M5_TREND_NEUTRAL|M1_DIRECTION_MISMATCH|OPENING_SHIELD_ACTIVE_7s
2026-09-07 17:25:07.936,1788801907.937,1185,9,9,4412.78,4412.86,8.0,PASS_<=10c,+0.0,FLAT,+0.0,-63.0,4.4,+0.63,0.14,SLOW,4413.41,4413.41,4412.31,4412.78,0.00,0.00,0.0,NEUTRAL,110.0,4412.78,4412.78,4412.76,4412.78,7,ACTIVE_7s,2.0,0.0,0.0,2.0,0.0,100.0,100.0,BLOCKED_100.0%,0.00,0.0,NO,STANDBY_VEL_LOW,0,0.00,4590.00,70.15,FALSE,M5_TREND_NEUTRAL|M1_DIRECTION_MISMATCH|OPENING_SHIELD_ACTIVE_7s
2026-09-07 17:25:08.437,1788801908.438,1186,10,10,4412.78,4412.86,8.0,PASS_<=10c,+0.0,FLAT,+0.0,-63.0,4.4,+0.63,0.14,SLOW,4413.41,4413.41,4412.31,4412.78,0.00,0.00,0.0,NEUTRAL,110.0,4412.78,4412.78,4412.76,4412.78,8,ACTIVE_8s,2.0,0.0,0.0,2.0,0.0,100.0,100.0,BLOCKED_100.0%,0.00,0.0,NO,STANDBY_VEL_LOW,0,0.00,4590.00,70.15,FALSE,M5_TREND_NEUTRAL|M1_DIRECTION_MISMATCH|OPENING_SHIELD_ACTIVE_8s
2026-09-07 17:25:08.939,1788801908.940,1187,11,11,4412.78,4412.86,8.0,PASS_<=10c,+0.0,FLAT,+0.0,-63.0,4.3,+0.62,0.14,SLOW,4413.41,4413.41,4412.31,4412.78,0.00,0.00,0.0,NEUTRAL,110.0,4412.78,4412.78,4412.76,4412.78,8,ACTIVE_8s,2.0,0.0,0.0,2.0,0.0,100.0,100.0,BLOCKED_100.0%,0.00,0.0,NO,STANDBY_VEL_LOW,0,0.00,4590.00,70.15,FALSE,M5_TREND_NEUTRAL|M1_DIRECTION_MISMATCH|OPENING_SHIELD_ACTIVE_8s
2026-09-07 17:25:09.441,1788801909.441,1188,12,12,4412.78,4412.86,8.0,PASS_<=10c,+0.0,FLAT,+0.0,-63.0,4.2,+0.62,0.15,SLOW,4413.41,4413.41,4412.31,4412.78,0.00,0.00,0.0,NEUTRAL,110.0,4412.78,4412.78,4412.76,4412.78,9,ACTIVE_9s,2.0,0.0,0.0,2.0,0.0,100.0,100.0,BLOCKED_100.0%,0.00,0.0,NO,STANDBY_VEL_LOW,0,0.00,4590.00,70.15,FALSE,M5_TREND_NEUTRAL|M1_DIRECTION_MISMATCH|OPENING_SHIELD_ACTIVE_9s
2026-09-07 17:25:09.942,1788801909.943,1189,13,13,4412.78,4412.86,8.0,PASS_<=10c,+0.0,FLAT,+0.0,-63.0,4.2,+0.61,0.15,SLOW,4413.41,4413.41,4412.31,4412.78,0.00,0.00,0.0,NEUTRAL,110.0,4412.78,4412.78,4412.76,4412.78,9,ACTIVE_9s,2.0,0.0,0.0,2.0,0.0,100.0,100.0,BLOCKED_100.0%,0.00,0.0,NO,STANDBY_VEL_LOW,0,0.00,4590.00,70.15,FALSE,M5_TREND_NEUTRAL|M1_DIRECTION_MISMATCH|OPENING_SHIELD_ACTIVE_9s
2026-09-07 17:25:10.443,1788801910.444,1190,14,14,4412.78,4412.86,8.0,PASS_<=10c,+0.0,FLAT,+0.0,-63.0,4.2,+0.61,0.15,SLOW,4413.41,4413.41,4412.31,4412.79,0.00,0.00,0.0,NEUTRAL,110.0,4412.78,4412.78,4412.76,4412.78,10,ACTIVE_10s,2.0,0.0,0.0,2.0,0.0,100.0,100.0,BLOCKED_100.0%,0.00,0.0,NO,STANDBY_VEL_LOW,0,0.00,4590.00,70.15,FALSE,M5_TREND_NEUTRAL|M1_DIRECTION_MISMATCH|OPENING_SHIELD_ACTIVE_10s
2026-09-07 17:25:10.946,1788801910.946,1191,15,15,4412.78,4412.86,8.0,PASS_<=10c,+0.0,FLAT,+0.0,-63.0,4.2,+0.60,0.14,SLOW,4413.41,4413.41,4412.31,4412.79,0.00,0.00,0.0,NEUTRAL,110.0,4412.78,4412.78,4412.76,4412.78,10,ACTIVE_10s,2.0,0.0,0.0,2.0,0.0,100.0,100.0,BLOCKED_100.0%,0.00,0.0,NO,STANDBY_VEL_LOW,0,0.00,4590.00,70.15,FALSE,M5_TREND_NEUTRAL|M1_DIRECTION_MISMATCH|OPENING_SHIELD_ACTIVE_10s
2026-09-07 17:25:11.447,1788801911.447,1192,16,16,4412.78,4412.86,8.0,PASS_<=10c,+0.0,FLAT,+0.0,-63.0,4.2,+0.42,0.10,SLOW,4413.41,4413.41,4412.31,4412.79,0.00,0.00,0.0,NEUTRAL,110.0,4412.78,4412.78,4412.76,4412.78,11,ACTIVE_11s,2.0,0.0,0.0,2.0,0.0,100.0,100.0,BLOCKED_100.0%,0.00,0.0,NO,STANDBY_VEL_LOW,0,0.00,4590.00,70.15,FALSE,M5_TREND_NEUTRAL|M1_DIRECTION_MISMATCH|OPENING_SHIELD_ACTIVE_11s
2026-09-07 17:25:11.948,1788801911.949,1193,17,17,4412.78,4412.86,8.0,PASS_<=10c,+0.0,FLAT,+0.0,-63.0,4.2,+0.42,0.10,SLOW,4413.41,4413.41,4412.31,4412.79,0.00,0.00,0.0,NEUTRAL,110.0,4412.78,4412.78,4412.76,4412.78,11,ACTIVE_11s,2.0,0.0,0.0,2.0,0.0,100.0,100.0,BLOCKED_100.0%,0.00,0.0,NO,STANDBY_VEL_LOW,0,0.00,4590.00,70.15,FALSE,M5_TREND_NEUTRAL|M1_DIRECTION_MISMATCH|OPENING_SHIELD_ACTIVE_11s
2026-09-07 17:25:12.450,1788801912.450,1194,18,18,4412.78,4412.86,8.0,PASS_<=10c,+0.0,FLAT,+0.0,-63.0,4.2,+0.42,0.10,SLOW,4413.41,4413.41,4412.31,4412.79,0.00,0.00,0.0,NEUTRAL,110.0,4412.78,4412.78,4412.76,4412.78,12,ACTIVE_12s,2.0,0.0,0.0,2.0,0.0,100.0,100.0,BLOCKED_100.0%,0.00,0.0,NO,STANDBY_VEL_LOW,0,0.00,4590.00,70.15,FALSE,M5_TREND_NEUTRAL|M1_DIRECTION_MISMATCH|OPENING_SHIELD_ACTIVE_12s
2026-09-07 17:25:22.831,1788801922.832,1195,19,19,4412.78,4412.86,8.0,PASS_<=10c,+0.0,FLAT,+0.0,-63.0,1.3,+0.44,0.34,SLOW,4413.41,4413.41,4412.31,4412.79,0.00,0.00,0.0,NEUTRAL,110.0,4412.78,4412.78,4412.76,4412.78,22,CLEARED_>=20s,2.0,0.0,0.0,2.0,0.0,100.0,100.0,BLOCKED_100.0%,0.00,0.0,NO,STANDBY_VEL_LOW,0,0.00,4590.00,70.15,FALSE,M5_TREND_NEUTRAL|M1_DIRECTION_MISMATCH
2026-09-07 17:25:29.450,1788801929.450,1196,20,20,4412.78,4412.86,8.0,PASS_<=10c,+0.0,FLAT,+0.0,-63.0,1.3,+0.43,0.33,SLOW,4413.41,4413.41,4412.31,4412.79,0.00,0.00,0.0,NEUTRAL,110.0,4412.78,4412.78,4412.76,4412.78,29,CLEARED_>=20s,2.0,0.0,0.0,2.0,0.0,100.0,100.0,BLOCKED_100.0%,0.00,0.0,NO,STANDBY_VEL_LOW,0,0.00,4590.00,70.15,FALSE,M5_TREND_NEUTRAL|M1_DIRECTION_MISMATCH
2026-09-07 17:25:29.806,1788801929.807,1197,21,21,4412.76,4412.84,8.0,PASS_<=10c,-2.0,DOWN,-2.0,-65.0,2.2,+1.08,0.49,SLOW,4413.41,4413.41,4412.31,4412.79,0.00,0.00,0.0,NEUTRAL,110.0,4412.78,4412.78,4412.76,4412.76,29,CLEARED_>=20s,2.0,2.0,0.0,0.0,0.0,0.0,0.0,PASS_<20%,0.00,0.0,NO,STANDBY_VEL_LOW,0,0.00,4590.00,70.15,FALSE,M5_TREND_NEUTRAL|M1_DIRECTION_MISMATCH
2026-09-07 17:25:30.306,1788801930.307,1198,22,22,4412.76,4412.84,8.0,PASS_<=10c,+0.0,FLAT,-2.0,-65.0,2.5,+0.85,0.34,SLOW,4413.41,4413.41,4412.31,4412.79,0.00,0.00,0.0,NEUTRAL,110.0,4412.78,4412.78,4412.76,4412.76,30,CLEARED_>=20s,2.0,2.0,0.0,0.0,0.0,0.0,0.0,PASS_<20%,0.00,0.0,NO,STANDBY_VEL_LOW,0,0.00,4590.00,70.15,FALSE,M5_TREND_NEUTRAL|M1_DIRECTION_MISMATCH
2026-09-07 17:25:30.809,1788801930.809,1199,23,23,4412.76,4412.84,8.0,PASS_<=10c,+0.0,FLAT,-2.0,-65.0,2.8,+0.70,0.25,SLOW,4413.41,4413.41,4412.31,4412.79,0.00,0.00,0.0,NEUTRAL,110.0,4412.78,4412.78,4412.76,4412.76,30,CLEARED_>=20s,2.0,2.0,0.0,0.0,0.0,0.0,0.0,PASS_<20%,0.00,0.0,NO,STANDBY_VEL_LOW,0,0.00,4590.00,70.15,FALSE,M5_TREND_NEUTRAL|M1_DIRECTION_MISMATCH
2026-09-07 17:25:31.316,1788801931.316,1200,24,24,4412.76,4412.84,8.0,PASS_<=10c,+0.0,FLAT,-2.0,-65.0,3.0,+0.59,0.20,SLOW,4413.41,4413.41,4412.31,4412.79,0.00,0.00,0.0,NEUTRAL,110.0,4412.78,4412.78,4412.76,4412.76,31,CLEARED_>=20s,2.0,2.0,0.0,0.0,0.0,0.0,0.0,PASS_<20%,0.00,0.0,NO,STANDBY_VEL_LOW,0,0.00,4590.00,70.15,FALSE,M5_TREND_NEUTRAL|M1_DIRECTION_MISMATCH
2026-09-07 17:25:31.812,1788801931.813,1201,25,25,4412.76,4412.84,8.0,PASS_<=10c,+0.0,FLAT,-2.0,-65.0,3.1,+0.52,0.17,SLOW,4413.41,4413.41,4412.31,4412.79,0.00,0.00,0.0,NEUTRAL,110.0,4412.78,4412.78,4412.76,4412.76,31,CLEARED_>=20s,2.0,2.0,0.0,0.0,0.0,0.0,0.0,PASS_<20%,0.00,0.0,NO,STANDBY_VEL_LOW,0,0.00,4590.00,70.15,FALSE,M5_TREND_NEUTRAL|M1_DIRECTION_MISMATCH
2026-09-07 17:25:32.314,1788801932.315,1202,26,26,4412.76,4412.84,8.0,PASS_<=10c,+0.0,FLAT,-2.0,-65.0,3.2,+0.46,0.14,SLOW,4413.41,4413.41,4412.31,4412.79,0.00,0.00,0.0,NEUTRAL,110.0,4412.78,4412.78,4412.76,4412.76,32,CLEARED_>=20s,2.0,2.0,0.0,0.0,0.0,0.0,0.0,PASS_<20%,0.00,0.0,NO,STANDBY_VEL_LOW,0,0.00,4590.00,70.15,FALSE,M5_TREND_NEUTRAL|M1_DIRECTION_MISMATCH
2026-09-07 17:25:32.816,1788801932.816,1203,27,27,4412.76,4412.84,8.0,PASS_<=10c,+0.0,FLAT,-2.0,-65.0,3.3,+0.41,0.12,SLOW,4413.41,4413.41,4412.31,4412.79,0.00,0.00,0.0,NEUTRAL,110.0,4412.78,4412.78,4412.76,4412.76,32,CLEARED_>=20s,2.0,2.0,0.0,0.0,0.0,0.0,0.0,PASS_<20%,0.00,0.0,NO,STANDBY_VEL_LOW,0,0.00,4590.00,70.15,FALSE,M5_TREND_NEUTRAL|M1_DIRECTION_MISMATCH
2026-09-07 17:25:33.317,1788801933.318,1204,28,28,4412.76,4412.84,8.0,PASS_<=10c,+0.0,FLAT,-2.0,-65.0,4.4,+0.52,0.12,SLOW,4413.41,4413.41,4412.31,4412.79,0.00,0.00,0.0,NEUTRAL,110.0,4412.78,4412.78,4412.76,4412.76,33,CLEARED_>=20s,2.0,2.0,0.0,0.0,0.0,0.0,0.0,PASS_<20%,0.00,0.0,NO,STANDBY_VEL_LOW,0,0.00,4590.00,70.15,FALSE,M5_TREND_NEUTRAL|M1_DIRECTION_MISMATCH
2026-09-07 17:25:33.818,1788801933.819,1205,29,29,4412.76,4412.84,8.0,PASS_<=10c,+0.0,FLAT,-2.0,-65.0,4.3,+0.46,0.11,SLOW,4413.41,4413.41,4412.31,4412.79,0.00,0.00,0.0,NEUTRAL,110.0,4412.78,4412.78,4412.76,4412.76,33,CLEARED_>=20s,2.0,2.0,0.0,0.0,0.0,0.0,0.0,PASS_<20%,0.00,0.0,NO,STANDBY_VEL_LOW,0,0.00,4590.00,70.15,FALSE,M5_TREND_NEUTRAL|M1_DIRECTION_MISMATCH
2026-09-07 17:25:34.318,1788801934.319,1206,30,30,4412.76,4412.84,8.0,PASS_<=10c,+0.0,FLAT,-2.0,-65.0,4.3,+0.41,0.10,SLOW,4413.41,4413.41,4412.31,4412.79,0.00,0.00,0.0,NEUTRAL,110.0,4412.78,4412.78,4412.76,4412.76,34,CLEARED_>=20s,2.0,2.0,0.0,0.0,0.0,0.0,0.0,PASS_<20%,0.00,0.0,NO,STANDBY_VEL_LOW,0,0.00,4590.00,70.15,FALSE,M5_TREND_NEUTRAL|M1_DIRECTION_MISMATCH
2026-09-07 17:25:34.820,1788801934.820,1207,31,31,4412.76,4412.84,8.0,PASS_<=10c,+0.0,FLAT,-2.0,-65.0,4.2,+0.39,0.09,SLOW,4413.41,4413.41,4412.31,4412.79,0.00,0.00,0.0,NEUTRAL,110.0,4412.78,4412.78,4412.76,4412.76,34,CLEARED_>=20s,2.0,2.0,0.0,0.0,0.0,0.0,0.0,PASS_<20%,0.00,0.0,NO,STANDBY_VEL_LOW,0,0.00,4590.00,70.15,FALSE,M5_TREND_NEUTRAL|M1_DIRECTION_MISMATCH
2026-09-07 17:25:35.327,1788801935.328,1208,32,32,4412.76,4412.84,8.0,PASS_<=10c,+0.0,FLAT,-2.0,-65.0,4.2,+0.39,0.09,SLOW,4413.41,4413.41,4412.31,4412.79,0.00,0.00,0.0,NEUTRAL,110.0,4412.78,4412.78,4412.76,4412.76,35,CLEARED_>=20s,2.0,2.0,0.0,0.0,0.0,0.0,0.0,PASS_<20%,0.00,0.0,NO,STANDBY_VEL_LOW,0,0.00,4590.00,70.15,FALSE,M5_TREND_NEUTRAL|M1_DIRECTION_MISMATCH
2026-09-07 17:25:35.829,1788801935.830,1209,33,33,4412.76,4412.84,8.0,PASS_<=10c,+0.0,FLAT,-2.0,-65.0,4.2,+0.38,0.09,SLOW,4413.41,4413.41,4412.31,4412.79,0.00,0.00,0.0,NEUTRAL,110.0,4412.78,4412.78,4412.76,4412.76,35,CLEARED_>=20s,2.0,2.0,0.0,0.0,0.0,0.0,0.0,PASS_<20%,0.00,0.0,NO,STANDBY_VEL_LOW,0,0.00,4590.00,70.15,FALSE,M5_TREND_NEUTRAL|M1_DIRECTION_MISMATCH
2026-09-07 17:25:36.331,1788801936.332,1210,34,34,4412.76,4412.84,8.0,PASS_<=10c,+0.0,FLAT,-2.0,-65.0,4.2,+0.39,0.09,SLOW,4413.41,4413.41,4412.31,4412.79,0.00,0.00,0.0,NEUTRAL,110.0,4412.78,4412.78,4412.76,4412.76,36,CLEARED_>=20s,2.0,2.0,0.0,0.0,0.0,0.0,0.0,PASS_<20%,0.00,0.0,NO,STANDBY_VEL_LOW,0,0.00,4590.00,70.15,FALSE,M5_TREND_NEUTRAL|M1_DIRECTION_MISMATCH
2026-09-07 17:25:36.833,1788801936.833,1211,35,35,4412.76,4412.84,8.0,PASS_<=10c,+0.0,FLAT,-2.0,-65.0,4.2,+0.39,0.09,SLOW,4413.41,4413.41,4412.31,4412.79,0.00,0.00,0.0,NEUTRAL,110.0,4412.78,4412.78,4412.76,4412.76,36,CLEARED_>=20s,2.0,2.0,0.0,0.0,0.0,0.0,0.0,PASS_<20%,0.00,0.0,NO,STANDBY_VEL_LOW,0,0.00,4590.00,70.15,FALSE,M5_TREND_NEUTRAL|M1_DIRECTION_MISMATCH
2026-09-07 17:25:37.334,1788801937.335,1212,36,36,4412.76,4412.84,8.0,PASS_<=10c,+0.0,FLAT,-2.0,-65.0,4.2,+0.38,0.09,SLOW,4413.41,4413.41,4412.31,4412.79,0.00,0.00,0.0,NEUTRAL,110.0,4412.78,4412.78,4412.76,4412.76,37,CLEARED_>=20s,2.0,2.0,0.0,0.0,0.0,0.0,0.0,PASS_<20%,0.00,0.0,NO,STANDBY_VEL_LOW,0,0.00,4590.00,70.15,FALSE,M5_TREND_NEUTRAL|M1_DIRECTION_MISMATCH
2026-09-07 17:25:47.711,1788801947.712,1213,37,37,4412.76,4412.84,8.0,PASS_<=10c,+0.0,FLAT,-2.0,-65.0,1.3,+0.00,0.00,SLOW,4413.41,4413.41,4412.31,4412.79,0.00,0.00,0.0,NEUTRAL,110.0,4412.78,4412.78,4412.76,4412.76,47,CLEARED_>=20s,2.0,2.0,0.0,0.0,0.0,0.0,0.0,PASS_<20%,0.00,0.0,NO,STANDBY_VEL_LOW,0,0.00,4590.00,70.15,FALSE,M5_TREND_NEUTRAL|M1_DIRECTION_MISMATCH
2026-09-07 17:25:54.138,1788801954.139,1214,38,38,4412.76,4412.84,8.0,PASS_<=10c,+0.0,FLAT,-2.0,-65.0,1.5,+0.00,0.00,SLOW,4413.41,4413.41,4412.31,4412.79,0.00,0.00,0.0,NEUTRAL,110.0,4412.78,4412.78,4412.76,4412.76,54,CLEARED_>=20s,2.0,2.0,0.0,0.0,0.0,0.0,0.0,PASS_<20%,0.00,0.0,NO,STANDBY_VEL_LOW,0,0.00,4590.00,70.15,FALSE,M5_TREND_NEUTRAL|M1_DIRECTION_MISMATCH
2026-09-07 17:25:54.493,1788801954.494,1215,39,39,4412.89,4412.97,8.0,PASS_<=10c,+13.0,UP,+11.0,-52.0,2.4,+7.83,3.26,SLOW,4413.41,4413.41,4412.31,4412.79,0.00,0.00,0.0,NEUTRAL,110.0,4412.78,4412.89,4412.76,4412.89,54,CLEARED_>=20s,13.0,11.0,0.0,2.0,0.0,15.4,15.4,PASS_<20%,0.00,0.0,NO,STANDBY_VEL_LOW,0,0.00,4590.00,70.15,FALSE,M5_TREND_NEUTRAL|M1_DIRECTION_MISMATCH
2026-09-07 17:25:54.995,1788801954.995,1216,40,40,4412.90,4412.98,8.0,PASS_<=10c,+1.0,UP,+12.0,-51.0,2.8,+6.48,2.31,SLOW,4413.41,4413.41,4412.31,4412.79,0.00,0.00,0.0,NEUTRAL,110.0,4412.78,4412.90,4412.76,4412.90,54,CLEARED_>=20s,14.0,12.0,0.0,2.0,0.0,14.3,14.3,PASS_<20%,0.00,0.0,NO,STANDBY_VEL_LOW,0,0.00,4590.00,70.15,FALSE,M5_TREND_NEUTRAL|M1_DIRECTION_MISMATCH
2026-09-07 17:25:55.496,1788801955.497,1217,41,41,4412.89,4412.97,8.0,PASS_<=10c,-1.0,DOWN,+11.0,-52.0,3.0,+4.88,1.63,SLOW,4413.41,4413.41,4412.31,4412.79,0.00,0.00,0.0,NEUTRAL,110.0,4412.78,4412.90,4412.76,4412.89,55,CLEARED_>=20s,14.0,11.0,1.0,2.0,7.1,14.3,14.3,PASS_<20%,0.00,0.0,NO,STANDBY_VEL_LOW,0,0.00,4590.00,70.15,FALSE,M5_TREND_NEUTRAL|M1_DIRECTION_MISMATCH
2026-09-07 17:25:55.998,1788801955.998,1218,42,42,4412.89,4412.97,8.0,PASS_<=10c,+0.0,FLAT,+11.0,-52.0,3.2,+4.11,1.28,SLOW,4413.41,4413.41,4412.31,4412.79,0.00,0.00,0.0,NEUTRAL,110.0,4412.78,4412.90,4412.76,4412.89,55,CLEARED_>=20s,14.0,11.0,1.0,2.0,7.1,14.3,14.3,PASS_<20%,0.00,0.0,NO,STANDBY_VEL_LOW,0,0.00,4590.00,70.15,FALSE,M5_TREND_NEUTRAL|M1_DIRECTION_MISMATCH
2026-09-07 17:25:56.499,1788801956.499,1219,43,43,4412.89,4412.97,8.0,PASS_<=10c,+0.0,FLAT,+11.0,-52.0,3.3,+3.55,1.08,SLOW,4413.41,4413.41,4412.31,4412.79,0.00,0.00,0.0,NEUTRAL,110.0,4412.78,4412.90,4412.76,4412.89,56,CLEARED_>=20s,14.0,11.0,1.0,2.0,7.1,14.3,14.3,PASS_<20%,0.00,0.0,NO,STANDBY_VEL_LOW,0,0.00,4590.00,70.15,FALSE,M5_TREND_NEUTRAL|M1_DIRECTION_MISMATCH
2026-09-07 17:25:57.001,1788801957.002,1220,44,44,4412.89,4412.97,8.0,PASS_<=10c,+0.0,FLAT,+11.0,-52.0,3.4,+3.12,0.92,SLOW,4413.41,4413.41,4412.31,4412.79,0.00,0.00,0.0,NEUTRAL,110.0,4412.78,4412.90,4412.76,4412.89,57,CLEARED_>=20s,14.0,11.0,1.0,2.0,7.1,14.3,14.3,PASS_<20%,0.00,0.0,NO,STANDBY_VEL_LOW,0,0.00,4590.00,70.15,FALSE,M5_TREND_NEUTRAL|M1_DIRECTION_MISMATCH
2026-09-07 17:25:57.503,1788801957.504,1221,45,45,4412.89,4412.97,8.0,PASS_<=10c,+0.0,FLAT,+11.0,-52.0,3.4,+2.78,0.82,SLOW,4413.41,4413.41,4412.31,4412.79,0.00,0.00,0.0,NEUTRAL,110.0,4412.78,4412.90,4412.76,4412.89,57,CLEARED_>=20s,14.0,11.0,1.0,2.0,7.1,14.3,14.3,PASS_<20%,0.00,0.0,NO,STANDBY_VEL_LOW,0,0.00,4590.00,70.15,FALSE,M5_TREND_NEUTRAL|M1_DIRECTION_MISMATCH
2026-09-07 17:25:58.005,1788801958.006,1222,46,46,4412.89,4412.97,8.0,PASS_<=10c,+0.0,FLAT,+11.0,-52.0,4.4,+3.36,0.76,SLOW,4413.41,4413.41,4412.31,4412.79,0.00,0.00,0.0,NEUTRAL,110.0,4412.78,4412.90,4412.76,4412.89,58,CLEARED_>=20s,14.0,11.0,1.0,2.0,7.1,14.3,14.3,PASS_<20%,0.00,0.0,NO,STANDBY_VEL_LOW,0,0.00,4590.00,70.15,FALSE,M5_TREND_NEUTRAL|M1_DIRECTION_MISMATCH
2026-09-07 17:25:58.507,1788801958.507,1223,47,47,4412.89,4412.97,8.0,PASS_<=10c,+0.0,FLAT,+11.0,-52.0,4.3,+2.98,0.69,SLOW,4413.41,4413.41,4412.31,4412.79,0.00,0.00,0.0,NEUTRAL,110.0,4412.78,4412.90,4412.76,4412.89,58,CLEARED_>=20s,14.0,11.0,1.0,2.0,7.1,14.3,14.3,PASS_<20%,0.00,0.0,NO,STANDBY_VEL_LOW,0,0.00,4590.00,70.15,FALSE,M5_TREND_NEUTRAL|M1_DIRECTION_MISMATCH
2026-09-07 17:25:59.007,1788801959.008,1224,48,48,4412.89,4412.97,8.0,PASS_<=10c,+0.0,FLAT,+11.0,-52.0,4.3,+2.67,0.62,SLOW,4413.41,4413.41,4412.31,4412.79,0.00,0.00,0.0,NEUTRAL,110.0,4412.78,4412.90,4412.76,4412.89,59,CLEARED_>=20s,14.0,11.0,1.0,2.0,7.1,14.3,14.3,PASS_<20%,0.00,0.0,NO,STANDBY_VEL_LOW,0,0.00,4590.00,70.15,FALSE,M5_TREND_NEUTRAL|M1_DIRECTION_MISMATCH
2026-09-07 17:25:59.509,1788801959.510,1225,49,49,4412.89,4412.97,8.0,PASS_<=10c,+0.0,FLAT,+11.0,-52.0,4.2,+0.21,0.05,SLOW,4413.41,4413.41,4412.31,4412.79,0.00,0.00,0.0,NEUTRAL,110.0,4412.78,4412.90,4412.76,4412.89,59,CLEARED_>=20s,14.0,11.0,1.0,2.0,7.1,14.3,14.3,PASS_<20%,0.00,0.0,NO,STANDBY_VEL_LOW,0,0.00,4590.00,70.15,FALSE,M5_TREND_NEUTRAL|M1_DIRECTION_MISMATCH
2026-09-07 17:26:00.016,1788801960.016,1226,1,50,4412.89,4412.97,8.0,PASS_<=10c,+0.0,FLAT,+0.0,-52.0,4.2,+0.21,0.05,SLOW,4413.41,4413.41,4412.31,4412.79,0.00,0.00,0.0,NEUTRAL,110.0,4412.89,4412.89,4412.89,4412.89,0,ACTIVE_0s,1.0,0.0,0.0,0.0,0.0,0.0,0.0,PASS_<20%,0.00,0.0,NO,STANDBY_VEL_LOW,0,0.00,4590.00,70.15,FALSE,M5_TREND_NEUTRAL|M1_DIRECTION_MISMATCH|OPENING_SHIELD_ACTIVE_0s
2026-09-07 17:26:00.517,1788801960.517,1227,2,51,4412.89,4412.97,8.0,PASS_<=10c,+0.0,FLAT,+0.0,-52.0,4.2,+0.18,0.04,SLOW,4413.41,4413.41,4412.31,4412.79,0.00,0.00,0.0,NEUTRAL,110.0,4412.89,4412.89,4412.89,4412.89,0,ACTIVE_0s,1.0,0.0,0.0,0.0,0.0,0.0,0.0,PASS_<20%,0.00,0.0,NO,STANDBY_VEL_LOW,0,0.00,4590.00,70.15,FALSE,M5_TREND_NEUTRAL|M1_DIRECTION_MISMATCH|OPENING_SHIELD_ACTIVE_0s
2026-09-07 17:26:01.019,1788801961.019,1228,3,52,4412.89,4412.97,8.0,PASS_<=10c,+0.0,FLAT,+0.0,-52.0,4.2,+0.19,0.05,SLOW,4413.41,4413.41,4412.31,4412.79,0.00,0.00,0.0,NEUTRAL,110.0,4412.89,4412.89,4412.89,4412.89,1,ACTIVE_1s,1.0,0.0,0.0,0.0,0.0,0.0,0.0,PASS_<20%,0.00,0.0,NO,STANDBY_VEL_LOW,0,0.00,4590.00,70.15,FALSE,M5_TREND_NEUTRAL|M1_DIRECTION_MISMATCH|OPENING_SHIELD_ACTIVE_1s
2026-09-07 17:26:01.523,1788801961.523,1229,4,53,4412.89,4412.97,8.0,PASS_<=10c,+0.0,FLAT,+0.0,-52.0,4.2,+0.19,0.05,SLOW,4413.41,4413.41,4412.31,4412.79,0.00,0.00,0.0,NEUTRAL,110.0,4412.89,4412.89,4412.89,4412.89,1,ACTIVE_1s,1.0,0.0,0.0,0.0,0.0,0.0,0.0,PASS_<20%,0.00,0.0,NO,STANDBY_VEL_LOW,0,0.00,4590.00,70.15,FALSE,M5_TREND_NEUTRAL|M1_DIRECTION_MISMATCH|OPENING_SHIELD_ACTIVE_1s
2026-09-07 17:26:02.025,1788801962.025,1230,5,54,4412.89,4412.97,8.0,PASS_<=10c,+0.0,FLAT,+0.0,-52.0,4.2,+0.19,0.05,SLOW,4413.41,4413.41,4412.31,4412.79,0.00,0.00,0.0,NEUTRAL,110.0,4412.89,4412.89,4412.89,4412.89,2,ACTIVE_2s,1.0,0.0,0.0,0.0,0.0,0.0,0.0,PASS_<20%,0.00,0.0,NO,STANDBY_VEL_LOW,0,0.00,4590.00,70.15,FALSE,M5_TREND_NEUTRAL|M1_DIRECTION_MISMATCH|OPENING_SHIELD_ACTIVE_2s
2026-09-07 17:26:12.399,1788801972.399,1231,6,55,4412.89,4412.97,8.0,PASS_<=10c,+0.0,FLAT,+0.0,-52.0,1.3,+0.18,0.14,SLOW,4413.41,4413.41,4412.31,4412.79,0.00,0.00,0.0,NEUTRAL,110.0,4412.89,4412.89,4412.89,4412.89,12,ACTIVE_12s,1.0,0.0,0.0,0.0,0.0,0.0,0.0,PASS_<20%,0.00,0.0,NO,STANDBY_VEL_LOW,0,0.00,4590.00,70.15,FALSE,M5_TREND_NEUTRAL|M1_DIRECTION_MISMATCH|OPENING_SHIELD_ACTIVE_12s
2026-09-07 17:26:19.033,1788801979.033,1232,7,56,4412.89,4412.97,8.0,PASS_<=10c,+0.0,FLAT,+0.0,-52.0,1.3,+0.20,0.15,SLOW,4413.41,4413.41,4412.31,4412.79,0.00,0.00,0.0,NEUTRAL,110.0,4412.89,4412.89,4412.89,4412.89,19,ACTIVE_19s,1.0,0.0,0.0,0.0,0.0,0.0,0.0,PASS_<20%,0.00,0.0,NO,STANDBY_VEL_LOW,0,0.00,4590.00,70.15,FALSE,M5_TREND_NEUTRAL|M1_DIRECTION_MISMATCH|OPENING_SHIELD_ACTIVE_19s
2026-09-07 17:26:19.396,1788801979.397,1233,8,57,4412.14,4412.22,8.0,PASS_<=10c,-75.0,DOWN,-75.0,-127.0,2.1,+39.89,19.00,SLOW,4413.41,4413.41,4412.31,4412.79,0.00,0.00,0.0,NEUTRAL,110.0,4412.89,4412.89,4412.14,4412.14,19,ACTIVE_19s,75.0,75.0,0.0,0.0,0.0,0.0,0.0,PASS_<20%,0.00,0.0,NO,STANDBY_VEL_LOW,0,0.00,4590.00,70.15,FALSE,M5_TREND_NEUTRAL|M1_DIRECTION_MISMATCH|OPENING_SHIELD_ACTIVE_19s
2026-09-07 17:26:19.899,1788801979.900,1234,9,58,4412.14,4412.22,8.0,PASS_<=10c,+0.0,FLAT,-75.0,-127.0,2.5,+31.48,12.59,SLOW,4413.41,4413.41,4412.31,4412.79,0.00,0.00,0.0,NEUTRAL,110.0,4412.89,4412.89,4412.14,4412.14,19,ACTIVE_19s,75.0,75.0,0.0,0.0,0.0,0.0,0.0,PASS_<20%,0.00,0.0,NO,STANDBY_VEL_LOW,0,0.00,4590.00,70.15,FALSE,M5_TREND_NEUTRAL|M1_DIRECTION_MISMATCH|OPENING_SHIELD_ACTIVE_19s
2026-09-07 17:26:20.400,1788801980.400,1235,10,59,4412.14,4412.22,8.0,PASS_<=10c,+0.0,FLAT,-75.0,-127.0,2.8,+26.01,9.29,SLOW,4413.41,4413.41,4412.31,4412.79,0.00,0.00,0.0,NEUTRAL,110.0,4412.89,4412.89,4412.14,4412.14,20,CLEARED_>=20s,75.0,75.0,0.0,0.0,0.0,0.0,0.0,PASS_<20%,0.00,0.0,NO,STANDBY_VEL_LOW,0,0.00,4590.00,70.15,FALSE,M5_TREND_NEUTRAL|M1_DIRECTION_MISMATCH
2026-09-07 17:26:20.901,1788801980.902,1236,11,60,4412.13,4412.21,8.0,PASS_<=10c,-1.0,DOWN,-76.0,-128.0,3.0,+22.45,7.48,SLOW,4413.41,4413.41,4412.31,4412.79,0.00,0.00,0.0,NEUTRAL,110.0,4412.89,4412.89,4412.13,4412.13,20,CLEARED_>=20s,76.0,76.0,0.0,0.0,0.0,0.0,0.0,PASS_<20%,0.00,0.0,NO,STANDBY_VEL_LOW,0,0.00,4590.00,70.15,FALSE,M5_TREND_NEUTRAL|M1_DIRECTION_MISMATCH
2026-09-07 17:26:21.403,1788801981.403,1237,12,61,4412.13,4412.21,8.0,PASS_<=10c,+0.0,FLAT,-76.0,-128.0,3.1,+19.55,6.31,SLOW,4413.41,4413.41,4412.31,4412.79,0.00,0.00,0.0,NEUTRAL,110.0,4412.89,4412.89,4412.13,4412.13,21,CLEARED_>=20s,76.0,76.0,0.0,0.0,0.0,0.0,0.0,PASS_<20%,0.00,0.0,NO,STANDBY_VEL_LOW,0,0.00,4590.00,70.15,FALSE,M5_TREND_NEUTRAL|M1_DIRECTION_MISMATCH
2026-09-07 17:26:21.905,1788801981.906,1238,13,62,4412.13,4412.21,8.0,PASS_<=10c,+0.0,FLAT,-76.0,-128.0,3.2,+17.31,5.41,SLOW,4413.41,4413.41,4412.31,4412.79,0.00,0.00,0.0,NEUTRAL,110.0,4412.89,4412.89,4412.13,4412.13,21,CLEARED_>=20s,76.0,76.0,0.0,0.0,0.0,0.0,0.0,PASS_<20%,0.00,0.0,NO,STANDBY_VEL_LOW,0,0.00,4590.00,70.15,FALSE,M5_TREND_NEUTRAL|M1_DIRECTION_MISMATCH
2026-09-07 17:26:22.407,1788801982.407,1239,14,63,4412.13,4412.21,8.0,PASS_<=10c,+0.0,FLAT,-76.0,-128.0,3.3,+15.54,4.71,SLOW,4413.41,4413.41,4412.31,4412.79,0.00,0.00,0.0,NEUTRAL,110.0,4412.89,4412.89,4412.13,4412.13,22,CLEARED_>=20s,76.0,76.0,0.0,0.0,0.0,0.0,0.0,PASS_<20%,0.00,0.0,NO,STANDBY_VEL_LOW,0,0.00,4590.00,70.15,FALSE,M5_TREND_NEUTRAL|M1_DIRECTION_MISMATCH
2026-09-07 17:26:22.909,1788801982.910,1240,15,64,4412.13,4412.21,8.0,PASS_<=10c,+0.0,FLAT,-76.0,-128.0,4.4,+19.55,4.44,SLOW,4413.41,4413.41,4412.31,4412.79,0.00,0.00,0.0,NEUTRAL,110.0,4412.89,4412.89,4412.13,4412.13,22,CLEARED_>=20s,76.0,76.0,0.0,0.0,0.0,0.0,0.0,PASS_<20%,0.00,0.0,NO,STANDBY_VEL_LOW,0,0.00,4590.00,70.15,FALSE,M5_TREND_NEUTRAL|M1_DIRECTION_MISMATCH
2026-09-07 17:26:23.411,1788801983.411,1241,16,65,4412.13,4412.21,8.0,PASS_<=10c,+0.0,FLAT,-76.0,-128.0,4.3,+17.31,4.03,SLOW,4413.41,4413.41,4412.31,4412.79,0.00,0.00,0.0,NEUTRAL,110.0,4412.89,4412.89,4412.13,4412.13,23,CLEARED_>=20s,76.0,76.0,0.0,0.0,0.0,0.0,0.0,PASS_<20%,0.00,0.0,NO,STANDBY_VEL_LOW,0,0.00,4590.00,70.15,FALSE,M5_TREND_NEUTRAL|M1_DIRECTION_MISMATCH
2026-09-07 17:26:23.914,1788801983.914,1242,17,66,4412.13,4412.21,8.0,PASS_<=10c,+0.0,FLAT,-76.0,-128.0,4.3,+15.54,3.61,SLOW,4413.41,4413.41,4412.31,4412.79,0.00,0.00,0.0,NEUTRAL,110.0,4412.89,4412.89,4412.13,4412.13,23,CLEARED_>=20s,76.0,76.0,0.0,0.0,0.0,0.0,0.0,PASS_<20%,0.00,0.0,NO,STANDBY_VEL_LOW,0,0.00,4590.00,70.15,FALSE,M5_TREND_NEUTRAL|M1_DIRECTION_MISMATCH
2026-09-07 17:26:24.416,1788801984.416,1243,18,67,4412.13,4412.21,8.0,PASS_<=10c,+0.0,FLAT,-76.0,-128.0,4.2,+0.21,0.05,SLOW,4413.41,4413.41,4412.31,4412.79,0.00,0.00,0.0,NEUTRAL,110.0,4412.89,4412.89,4412.13,4412.13,24,CLEARED_>=20s,76.0,76.0,0.0,0.0,0.0,0.0,0.0,PASS_<20%,0.00,0.0,NO,STANDBY_VEL_LOW,0,0.00,4590.00,70.15,FALSE,M5_TREND_NEUTRAL|M1_DIRECTION_MISMATCH
2026-09-07 17:26:24.917,1788801984.917,1244,19,68,4412.13,4412.21,8.0,PASS_<=10c,+0.0,FLAT,-76.0,-128.0,4.2,+0.21,0.05,SLOW,4413.41,4413.41,4412.31,4412.79,0.00,0.00,0.0,NEUTRAL,110.0,4412.89,4412.89,4412.13,4412.13,24,CLEARED_>=20s,76.0,76.0,0.0,0.0,0.0,0.0,0.0,PASS_<20%,0.00,0.0,NO,STANDBY_VEL_LOW,0,0.00,4590.00,70.15,FALSE,M5_TREND_NEUTRAL|M1_DIRECTION_MISMATCH
2026-09-07 17:26:25.418,1788801985.418,1245,20,69,4412.13,4412.21,8.0,PASS_<=10c,+0.0,FLAT,-76.0,-128.0,4.2,+0.21,0.05,SLOW,4413.41,4413.41,4412.31,4412.79,0.00,0.00,0.0,NEUTRAL,110.0,4412.89,4412.89,4412.13,4412.13,25,CLEARED_>=20s,76.0,76.0,0.0,0.0,0.0,0.0,0.0,PASS_<20%,0.00,0.0,NO,STANDBY_VEL_LOW,0,0.00,4590.00,70.15,FALSE,M5_TREND_NEUTRAL|M1_DIRECTION_MISMATCH
2026-09-07 17:26:25.920,1788801985.920,1246,21,70,4412.13,4412.21,8.0,PASS_<=10c,+0.0,FLAT,-76.0,-128.0,4.2,+0.00,0.00,SLOW,4413.41,4413.41,4412.31,4412.79,0.00,0.00,0.0,NEUTRAL,110.0,4412.89,4412.89,4412.13,4412.13,25,CLEARED_>=20s,76.0,76.0,0.0,0.0,0.0,0.0,0.0,PASS_<20%,0.00,0.0,NO,STANDBY_VEL_LOW,0,0.00,4590.00,70.15,FALSE,M5_TREND_NEUTRAL|M1_DIRECTION_MISMATCH
2026-09-07 17:26:26.422,1788801986.422,1247,22,71,4412.13,4412.21,8.0,PASS_<=10c,+0.0,FLAT,-76.0,-128.0,4.2,+0.00,0.00,SLOW,4413.41,4413.41,4412.31,4412.79,0.00,0.00,0.0,NEUTRAL,110.0,4412.89,4412.89,4412.13,4412.13,26,CLEARED_>=20s,76.0,76.0,0.0,0.0,0.0,0.0,0.0,PASS_<20%,0.00,0.0,NO,STANDBY_VEL_LOW,0,0.00,4590.00,70.15,FALSE,M5_TREND_NEUTRAL|M1_DIRECTION_MISMATCH
2026-09-07 17:26:26.924,1788801986.925,1248,23,72,4412.13,4412.21,8.0,PASS_<=10c,+0.0,FLAT,-76.0,-128.0,4.2,+0.00,0.00,SLOW,4413.41,4413.41,4412.31,4412.79,0.00,0.00,0.0,NEUTRAL,110.0,4412.89,4412.89,4412.13,4412.13,26,CLEARED_>=20s,76.0,76.0,0.0,0.0,0.0,0.0,0.0,PASS_<20%,0.00,0.0,NO,STANDBY_VEL_LOW,0,0.00,4590.00,70.15,FALSE,M5_TREND_NEUTRAL|M1_DIRECTION_MISMATCH
2026-09-07 17:26:37.307,1788801997.307,1249,24,73,4412.13,4412.21,8.0,PASS_<=10c,+0.0,FLAT,-76.0,-128.0,1.3,+0.00,0.00,SLOW,4413.41,4413.41,4412.31,4412.79,0.00,0.00,0.0,NEUTRAL,110.0,4412.89,4412.89,4412.13,4412.13,37,CLEARED_>=20s,76.0,76.0,0.0,0.0,0.0,0.0,0.0,PASS_<20%,0.00,0.0,NO,STANDBY_VEL_LOW,0,0.00,4590.00,70.15,FALSE,M5_TREND_NEUTRAL|M1_DIRECTION_MISMATCH
2026-09-07 17:26:43.936,1788802003.937,1250,25,74,4412.13,4412.21,8.0,PASS_<=10c,+0.0,FLAT,-76.0,-128.0,1.3,+0.00,0.00,SLOW,4413.41,4413.41,4412.31,4412.79,0.00,0.00,0.0,NEUTRAL,110.0,4412.89,4412.89,4412.13,4412.13,43,CLEARED_>=20s,76.0,76.0,0.0,0.0,0.0,0.0,0.0,PASS_<20%,0.00,0.0,NO,STANDBY_VEL_LOW,0,0.00,4590.00,70.15,FALSE,M5_TREND_NEUTRAL|M1_DIRECTION_MISMATCH
2026-09-07 17:26:44.291,1788802004.292,1251,26,75,4412.19,4412.27,8.0,PASS_<=10c,+6.0,UP,-70.0,-122.0,2.2,+3.23,1.47,SLOW,4413.41,4413.41,4412.31,4412.79,0.00,0.00,0.0,NEUTRAL,110.0,4412.89,4412.89,4412.13,4412.19,44,CLEARED_>=20s,76.0,70.0,0.0,6.0,0.0,7.9,7.9,PASS_<20%,0.00,0.0,NO,STANDBY_VEL_LOW,0,0.00,4590.00,70.15,FALSE,M5_TREND_NEUTRAL|M1_DIRECTION_MISMATCH
2026-09-07 17:26:44.793,1788802004.793,1252,27,76,4412.19,4412.27,8.0,PASS_<=10c,+0.0,FLAT,-70.0,-122.0,2.5,+2.54,1.02,SLOW,4413.41,4413.41,4412.31,4412.79,0.00,0.00,0.0,NEUTRAL,110.0,4412.89,4412.89,4412.13,4412.19,44,CLEARED_>=20s,76.0,70.0,0.0,6.0,0.0,7.9,7.9,PASS_<20%,0.00,0.0,NO,STANDBY_VEL_LOW,0,0.00,4590.00,70.15,FALSE,M5_TREND_NEUTRAL|M1_DIRECTION_MISMATCH
2026-09-07 17:26:45.295,1788802005.295,1253,28,77,4412.19,4412.27,8.0,PASS_<=10c,+0.0,FLAT,-70.0,-122.0,2.8,+2.10,0.75,SLOW,4413.41,4413.41,4412.31,4412.79,0.00,0.00,0.0,NEUTRAL,110.0,4412.89,4412.89,4412.13,4412.19,45,CLEARED_>=20s,76.0,70.0,0.0,6.0,0.0,7.9,7.9,PASS_<20%,0.00,0.0,NO,STANDBY_VEL_LOW,0,0.00,4590.00,70.15,FALSE,M5_TREND_NEUTRAL|M1_DIRECTION_MISMATCH
2026-09-07 17:26:45.797,1788802005.797,1254,29,78,4412.19,4412.27,8.0,PASS_<=10c,+0.0,FLAT,-70.0,-122.0,3.0,+1.78,0.59,SLOW,4413.41,4413.41,4412.31,4412.79,0.00,0.00,0.0,NEUTRAL,110.0,4412.89,4412.89,4412.13,4412.19,45,CLEARED_>=20s,76.0,70.0,0.0,6.0,0.0,7.9,7.9,PASS_<20%,0.00,0.0,NO,STANDBY_VEL_LOW,0,0.00,4590.00,70.15,FALSE,M5_TREND_NEUTRAL|M1_DIRECTION_MISMATCH
2026-09-07 17:26:46.299,1788802006.299,1255,30,79,4412.19,4412.27,8.0,PASS_<=10c,+0.0,FLAT,-70.0,-122.0,3.1,+1.55,0.50,SLOW,4413.41,4413.41,4412.31,4412.79,0.00,0.00,0.0,NEUTRAL,110.0,4412.89,4412.89,4412.13,4412.19,46,CLEARED_>=20s,76.0,70.0,0.0,6.0,0.0,7.9,7.9,PASS_<20%,0.00,0.0,NO,STANDBY_VEL_LOW,0,0.00,4590.00,70.15,FALSE,M5_TREND_NEUTRAL|M1_DIRECTION_MISMATCH
2026-09-07 17:26:46.800,1788802006.801,1256,31,80,4412.19,4412.27,8.0,PASS_<=10c,+0.0,FLAT,-70.0,-122.0,3.2,+1.37,0.43,SLOW,4413.41,4413.41,4412.31,4412.79,0.00,0.00,0.0,NEUTRAL,110.0,4412.89,4412.89,4412.13,4412.19,46,CLEARED_>=20s,76.0,70.0,0.0,6.0,0.0,7.9,7.9,PASS_<20%,0.00,0.0,NO,STANDBY_VEL_LOW,0,0.00,4590.00,70.15,FALSE,M5_TREND_NEUTRAL|M1_DIRECTION_MISMATCH
2026-09-07 17:26:47.302,1788802007.303,1257,32,81,4412.19,4412.27,8.0,PASS_<=10c,+0.0,FLAT,-70.0,-122.0,3.3,+1.23,0.37,SLOW,4413.41,4413.41,4412.31,4412.79,0.00,0.00,0.0,NEUTRAL,110.0,4412.89,4412.89,4412.13,4412.19,47,CLEARED_>=20s,76.0,70.0,0.0,6.0,0.0,7.9,7.9,PASS_<20%,0.00,0.0,NO,STANDBY_VEL_LOW,0,0.00,4590.00,70.15,FALSE,M5_TREND_NEUTRAL|M1_DIRECTION_MISMATCH
2026-09-07 17:26:47.805,1788802007.805,1258,33,82,4412.19,4412.27,8.0,PASS_<=10c,+0.0,FLAT,-70.0,-122.0,4.4,+1.55,0.35,SLOW,4413.41,4413.41,4412.31,4412.79,0.00,0.00,0.0,NEUTRAL,110.0,4412.89,4412.89,4412.13,4412.19,47,CLEARED_>=20s,76.0,70.0,0.0,6.0,0.0,7.9,7.9,PASS_<20%,0.00,0.0,NO,STANDBY_VEL_LOW,0,0.00,4590.00,70.15,FALSE,M5_TREND_NEUTRAL|M1_DIRECTION_MISMATCH
2026-09-07 17:26:48.307,1788802008.307,1259,34,83,4412.19,4412.27,8.0,PASS_<=10c,+0.0,FLAT,-70.0,-122.0,4.3,+1.37,0.32,SLOW,4413.41,4413.41,4412.31,4412.79,0.00,0.00,0.0,NEUTRAL,110.0,4412.89,4412.89,4412.13,4412.19,48,CLEARED_>=20s,76.0,70.0,0.0,6.0,0.0,7.9,7.9,PASS_<20%,0.00,0.0,NO,STANDBY_VEL_LOW,0,0.00,4590.00,70.15,FALSE,M5_TREND_NEUTRAL|M1_DIRECTION_MISMATCH
2026-09-07 17:26:48.808,1788802008.808,1260,35,84,4412.19,4412.27,8.0,PASS_<=10c,+0.0,FLAT,-70.0,-122.0,4.3,+1.23,0.29,SLOW,4413.41,4413.41,4412.31,4412.79,0.00,0.00,0.0,NEUTRAL,110.0,4412.89,4412.89,4412.13,4412.19,48,CLEARED_>=20s,76.0,70.0,0.0,6.0,0.0,7.9,7.9,PASS_<20%,0.00,0.0,NO,STANDBY_VEL_LOW,0,0.00,4590.00,70.15,FALSE,M5_TREND_NEUTRAL|M1_DIRECTION_MISMATCH
2026-09-07 17:26:49.310,1788802009.310,1261,36,85,4412.19,4412.27,8.0,PASS_<=10c,+0.0,FLAT,-70.0,-122.0,4.2,+0.00,0.00,SLOW,4413.41,4413.41,4412.31,4412.79,0.00,0.00,0.0,NEUTRAL,110.0,4412.89,4412.89,4412.13,4412.19,49,CLEARED_>=20s,76.0,70.0,0.0,6.0,0.0,7.9,7.9,PASS_<20%,0.00,0.0,NO,STANDBY_VEL_LOW,0,0.00,4590.00,70.15,FALSE,M5_TREND_NEUTRAL|M1_DIRECTION_MISMATCH
2026-09-07 17:26:49.812,1788802009.812,1262,37,86,4412.19,4412.27,8.0,PASS_<=10c,+0.0,FLAT,-70.0,-122.0,4.2,+0.00,0.00,SLOW,4413.41,4413.41,4412.31,4412.79,0.00,0.00,0.0,NEUTRAL,110.0,4412.89,4412.89,4412.13,4412.19,49,CLEARED_>=20s,76.0,70.0,0.0,6.0,0.0,7.9,7.9,PASS_<20%,0.00,0.0,NO,STANDBY_VEL_LOW,0,0.00,4590.00,70.15,FALSE,M5_TREND_NEUTRAL|M1_DIRECTION_MISMATCH
2026-09-07 17:26:50.315,1788802010.315,1263,38,87,4412.19,4412.27,8.0,PASS_<=10c,+0.0,FLAT,-70.0,-122.0,4.2,+0.00,0.00,SLOW,4413.41,4413.41,4412.31,4412.79,0.00,0.00,0.0,NEUTRAL,110.0,4412.89,4412.89,4412.13,4412.19,50,CLEARED_>=20s,76.0,70.0,0.0,6.0,0.0,7.9,7.9,PASS_<20%,0.00,0.0,NO,STANDBY_VEL_LOW,0,0.00,4590.00,70.15,FALSE,M5_TREND_NEUTRAL|M1_DIRECTION_MISMATCH
2026-09-07 17:26:50.816,1788802010.816,1264,39,88,4412.19,4412.27,8.0,PASS_<=10c,+0.0,FLAT,-70.0,-122.0,4.2,+0.00,0.00,SLOW,4413.41,4413.41,4412.31,4412.79,0.00,0.00,0.0,NEUTRAL,110.0,4412.89,4412.89,4412.13,4412.19,50,CLEARED_>=20s,76.0,70.0,0.0,6.0,0.0,7.9,7.9,PASS_<20%,0.00,0.0,NO,STANDBY_VEL_LOW,0,0.00,4590.00,70.15,FALSE,M5_TREND_NEUTRAL|M1_DIRECTION_MISMATCH
2026-09-07 17:26:51.317,1788802011.317,1265,40,89,4412.19,4412.27,8.0,PASS_<=10c,+0.0,FLAT,-70.0,-122.0,4.2,+0.00,0.00,SLOW,4413.41,4413.41,4412.31,4412.79,0.00,0.00,0.0,NEUTRAL,110.0,4412.89,4412.89,4412.13,4412.19,51,CLEARED_>=20s,76.0,70.0,0.0,6.0,0.0,7.9,7.9,PASS_<20%,0.00,0.0,NO,STANDBY_VEL_LOW,0,0.00,4590.00,70.15,FALSE,M5_TREND_NEUTRAL|M1_DIRECTION_MISMATCH
2026-09-07 17:26:51.819,1788802011.819,1266,41,90,4412.19,4412.27,8.0,PASS_<=10c,+0.0,FLAT,-70.0,-122.0,4.2,+0.00,0.00,SLOW,4413.41,4413.41,4412.31,4412.79,0.00,0.00,0.0,NEUTRAL,110.0,4412.89,4412.89,4412.13,4412.19,51,CLEARED_>=20s,76.0,70.0,0.0,6.0,0.0,7.9,7.9,PASS_<20%,0.00,0.0,NO,STANDBY_VEL_LOW,0,0.00,4590.00,70.15,FALSE,M5_TREND_NEUTRAL|M1_DIRECTION_MISMATCH
2026-09-07 17:26:57.334,1788802017.335,1267,42,91,4412.19,4412.27,8.0,PASS_<=10c,+0.0,FLAT,-70.0,-122.0,1.6,+0.00,0.00,SLOW,4413.41,4413.41,4412.31,4412.79,0.00,0.00,0.0,NEUTRAL,110.0,4412.89,4412.89,4412.13,4412.19,57,CLEARED_>=20s,76.0,70.0,0.0,6.0,0.0,7.9,7.9,PASS_<20%,0.00,0.0,NO,STANDBY_VEL_LOW,0,0.00,4590.00,70.15,FALSE,M5_TREND_NEUTRAL|M1_DIRECTION_MISMATCH
2026-09-07 17:27:07.565,1788802027.566,1268,1,92,4412.19,4412.27,8.0,PASS_<=10c,+0.0,FLAT,+0.0,-122.0,1.4,+0.00,0.00,SLOW,4413.41,4413.41,4412.31,4412.79,0.00,0.00,0.0,NEUTRAL,110.0,4412.19,4412.19,4412.19,4412.19,7,ACTIVE_7s,1.0,0.0,0.0,0.0,0.0,0.0,0.0,PASS_<20%,0.00,0.0,NO,STANDBY_VEL_LOW,0,0.00,4590.00,70.15,FALSE,M5_TREND_NEUTRAL|M1_DIRECTION_MISMATCH|OPENING_SHIELD_ACTIVE_7s
2026-09-07 17:27:08.972,1788802028.972,1269,2,93,4412.19,4412.27,8.0,PASS_<=10c,+0.0,FLAT,+0.0,-122.0,2.1,+0.00,0.00,SLOW,4413.41,4413.41,4412.31,4412.79,0.00,0.00,0.0,NEUTRAL,110.0,4412.19,4412.19,4412.19,4412.19,8,ACTIVE_8s,1.0,0.0,0.0,0.0,0.0,0.0,0.0,PASS_<20%,0.00,0.0,NO,STANDBY_VEL_LOW,0,0.00,4590.00,70.15,FALSE,M5_TREND_NEUTRAL|M1_DIRECTION_MISMATCH|OPENING_SHIELD_ACTIVE_8s
2026-09-07 17:27:09.473,1788802029.474,1270,3,94,4412.29,4412.37,8.0,PASS_<=10c,+10.0,UP,+10.0,-112.0,2.6,+5.24,2.02,SLOW,4413.41,4413.41,4412.31,4412.79,0.00,0.00,0.0,NEUTRAL,110.0,4412.19,4412.29,4412.19,4412.29,9,ACTIVE_9s,10.0,10.0,0.0,0.0,0.0,0.0,0.0,PASS_<20%,0.00,0.0,NO,STANDBY_VEL_LOW,0,0.00,4590.00,70.15,FALSE,M5_TREND_NEUTRAL|M1_DIRECTION_MISMATCH|OPENING_SHIELD_ACTIVE_9s
2026-09-07 17:27:09.975,1788802029.975,1271,4,95,4412.29,4412.37,8.0,PASS_<=10c,+0.0,FLAT,+10.0,-112.0,2.9,+4.15,1.43,SLOW,4413.41,4413.41,4412.31,4412.79,0.00,0.00,0.0,NEUTRAL,110.0,4412.19,4412.29,4412.19,4412.29,9,ACTIVE_9s,10.0,10.0,0.0,0.0,0.0,0.0,0.0,PASS_<20%,0.00,0.0,NO,STANDBY_VEL_LOW,0,0.00,4590.00,70.15,FALSE,M5_TREND_NEUTRAL|M1_DIRECTION_MISMATCH|OPENING_SHIELD_ACTIVE_9s
2026-09-07 17:27:10.477,1788802030.477,1272,5,96,4412.30,4412.38,8.0,PASS_<=10c,+1.0,UP,+11.0,-111.0,3.1,+3.78,1.22,SLOW,4413.41,4413.41,4412.31,4412.79,0.00,0.00,0.0,NEUTRAL,110.0,4412.19,4412.30,4412.19,4412.30,10,ACTIVE_10s,11.0,11.0,0.0,0.0,0.0,0.0,0.0,PASS_<20%,0.00,0.0,NO,STANDBY_VEL_LOW,0,0.00,4590.00,70.15,FALSE,M5_TREND_NEUTRAL|M1_DIRECTION_MISMATCH|OPENING_SHIELD_ACTIVE_10s
2026-09-07 17:27:10.978,1788802030.979,1273,6,97,4412.30,4412.38,8.0,PASS_<=10c,+0.0,FLAT,+11.0,-111.0,3.2,+3.22,1.01,SLOW,4413.41,4413.41,4412.31,4412.79,0.00,0.00,0.0,NEUTRAL,110.0,4412.19,4412.30,4412.19,4412.30,10,ACTIVE_10s,11.0,11.0,0.0,0.0,0.0,0.0,0.0,PASS_<20%,0.00,0.0,NO,STANDBY_VEL_LOW,0,0.00,4590.00,70.15,FALSE,M5_TREND_NEUTRAL|M1_DIRECTION_MISMATCH|OPENING_SHIELD_ACTIVE_10s
2026-09-07 17:27:11.479,1788802031.480,1274,7,98,4412.30,4412.38,8.0,PASS_<=10c,+0.0,FLAT,+11.0,-111.0,3.3,+2.81,0.85,SLOW,4413.41,4413.41,4412.31,4412.79,0.00,0.00,0.0,NEUTRAL,110.0,4412.19,4412.30,4412.19,4412.30,11,ACTIVE_11s,11.0,11.0,0.0,0.0,0.0,0.0,0.0,PASS_<20%,0.00,0.0,NO,STANDBY_VEL_LOW,0,0.00,4590.00,70.15,FALSE,M5_TREND_NEUTRAL|M1_DIRECTION_MISMATCH|OPENING_SHIELD_ACTIVE_11s
2026-09-07 17:27:11.981,1788802031.982,1275,8,99,4412.30,4412.38,8.0,PASS_<=10c,+0.0,FLAT,+11.0,-111.0,3.4,+2.49,0.73,SLOW,4413.41,4413.41,4412.31,4412.79,0.00,0.00,0.0,NEUTRAL,110.0,4412.19,4412.30,4412.19,4412.30,11,ACTIVE_11s,11.0,11.0,0.0,0.0,0.0,0.0,0.0,PASS_<20%,0.00,0.0,NO,STANDBY_VEL_LOW,0,0.00,4590.00,70.15,FALSE,M5_TREND_NEUTRAL|M1_DIRECTION_MISMATCH|OPENING_SHIELD_ACTIVE_11s
2026-09-07 17:27:12.483,1788802032.483,1276,9,100,4412.30,4412.38,8.0,PASS_<=10c,+0.0,FLAT,+11.0,-111.0,3.5,+2.24,0.64,SLOW,4413.41,4413.41,4412.31,4412.79,0.00,0.00,0.0,NEUTRAL,110.0,4412.19,4412.30,4412.19,4412.30,12,ACTIVE_12s,11.0,11.0,0.0,0.0,0.0,0.0,0.0,PASS_<20%,0.00,0.0,NO,STANDBY_VEL_LOW,0,0.00,4590.00,70.15,FALSE,M5_TREND_NEUTRAL|M1_DIRECTION_MISMATCH|OPENING_SHIELD_ACTIVE_12s
2026-09-07 17:27:12.984,1788802032.985,1277,10,101,4412.30,4412.38,8.0,PASS_<=10c,+0.0,FLAT,+11.0,-111.0,4.4,+2.67,0.61,SLOW,4413.41,4413.41,4412.31,4412.79,0.00,0.00,0.0,NEUTRAL,110.0,4412.19,4412.30,4412.19,4412.30,12,ACTIVE_12s,11.0,11.0,0.0,0.0,0.0,0.0,0.0,PASS_<20%,0.00,0.0,NO,STANDBY_VEL_LOW,0,0.00,4590.00,70.15,FALSE,M5_TREND_NEUTRAL|M1_DIRECTION_MISMATCH|OPENING_SHIELD_ACTIVE_12s
2026-09-07 17:27:13.486,1788802033.486,1278,11,102,4412.30,4412.38,8.0,PASS_<=10c,+0.0,FLAT,+11.0,-111.0,4.3,+2.38,0.55,SLOW,4413.41,4413.41,4412.31,4412.79,0.00,0.00,0.0,NEUTRAL,110.0,4412.19,4412.30,4412.19,4412.30,13,ACTIVE_13s,11.0,11.0,0.0,0.0,0.0,0.0,0.0,PASS_<20%,0.00,0.0,NO,STANDBY_VEL_LOW,0,0.00,4590.00,70.15,FALSE,M5_TREND_NEUTRAL|M1_DIRECTION_MISMATCH|OPENING_SHIELD_ACTIVE_13s
2026-09-07 17:27:13.987,1788802033.988,1279,12,103,4412.30,4412.38,8.0,PASS_<=10c,+0.0,FLAT,+11.0,-111.0,4.2,+0.21,0.05,SLOW,4413.41,4413.41,4412.31,4412.79,0.00,0.00,0.0,NEUTRAL,110.0,4412.19,4412.30,4412.19,4412.30,13,ACTIVE_13s,11.0,11.0,0.0,0.0,0.0,0.0,0.0,PASS_<20%,0.00,0.0,NO,STANDBY_VEL_LOW,0,0.00,4590.00,70.15,FALSE,M5_TREND_NEUTRAL|M1_DIRECTION_MISMATCH|OPENING_SHIELD_ACTIVE_13s
2026-09-07 17:27:14.506,1788802034.507,1280,13,104,4412.30,4412.38,8.0,PASS_<=10c,+0.0,FLAT,+11.0,-111.0,4.2,+0.21,0.05,SLOW,4413.41,4413.41,4412.31,4412.79,0.00,0.00,0.0,NEUTRAL,110.0,4412.19,4412.30,4412.19,4412.30,14,ACTIVE_14s,11.0,11.0,0.0,0.0,0.0,0.0,0.0,PASS_<20%,0.00,0.0,NO,STANDBY_VEL_LOW,0,0.00,4590.00,70.15,FALSE,M5_TREND_NEUTRAL|M1_DIRECTION_MISMATCH|OPENING_SHIELD_ACTIVE_14s
2026-09-07 17:27:14.995,1788802034.995,1281,14,105,4412.30,4412.38,8.0,PASS_<=10c,+0.0,FLAT,+11.0,-111.0,4.2,+0.21,0.05,SLOW,4413.41,4413.41,4412.31,4412.79,0.00,0.00,0.0,NEUTRAL,110.0,4412.19,4412.30,4412.19,4412.30,14,ACTIVE_14s,11.0,11.0,0.0,0.0,0.0,0.0,0.0,PASS_<20%,0.00,0.0,NO,STANDBY_VEL_LOW,0,0.00,4590.00,70.15,FALSE,M5_TREND_NEUTRAL|M1_DIRECTION_MISMATCH|OPENING_SHIELD_ACTIVE_14s
2026-09-07 17:27:15.496,1788802035.497,1282,15,106,4412.30,4412.38,8.0,PASS_<=10c,+0.0,FLAT,+11.0,-111.0,4.2,+0.00,0.00,SLOW,4413.41,4413.41,4412.31,4412.79,0.00,0.00,0.0,NEUTRAL,110.0,4412.19,4412.30,4412.19,4412.30,15,ACTIVE_15s,11.0,11.0,0.0,0.0,0.0,0.0,0.0,PASS_<20%,0.00,0.0,NO,STANDBY_VEL_LOW,0,0.00,4590.00,70.15,FALSE,M5_TREND_NEUTRAL|M1_DIRECTION_MISMATCH|OPENING_SHIELD_ACTIVE_15s
2026-09-07 17:27:15.997,1788802035.998,1283,16,107,4412.30,4412.38,8.0,PASS_<=10c,+0.0,FLAT,+11.0,-111.0,4.2,+0.00,0.00,SLOW,4413.41,4413.41,4412.31,4412.79,0.00,0.00,0.0,NEUTRAL,110.0,4412.19,4412.30,4412.19,4412.30,15,ACTIVE_15s,11.0,11.0,0.0,0.0,0.0,0.0,0.0,PASS_<20%,0.00,0.0,NO,STANDBY_VEL_LOW,0,0.00,4590.00,70.15,FALSE,M5_TREND_NEUTRAL|M1_DIRECTION_MISMATCH|OPENING_SHIELD_ACTIVE_15s
2026-09-07 17:27:16.499,1788802036.500,1284,17,108,4412.30,4412.38,8.0,PASS_<=10c,+0.0,FLAT,+11.0,-111.0,4.2,+0.00,0.00,SLOW,4413.41,4413.41,4412.31,4412.79,0.00,0.00,0.0,NEUTRAL,110.0,4412.19,4412.30,4412.19,4412.30,16,ACTIVE_16s,11.0,11.0,0.0,0.0,0.0,0.0,0.0,PASS_<20%,0.00,0.0,NO,STANDBY_VEL_LOW,0,0.00,4590.00,70.15,FALSE,M5_TREND_NEUTRAL|M1_DIRECTION_MISMATCH|OPENING_SHIELD_ACTIVE_16s
2026-09-07 17:27:22.017,1788802042.017,1285,18,109,4412.30,4412.38,8.0,PASS_<=10c,+0.0,FLAT,+11.0,-111.0,1.6,+0.28,0.18,SLOW,4413.41,4413.41,4412.31,4412.79,0.00,0.00,0.0,NEUTRAL,110.0,4412.19,4412.30,4412.19,4412.30,22,CLEARED_>=20s,11.0,11.0,0.0,0.0,0.0,0.0,0.0,PASS_<20%,0.00,0.0,NO,STANDBY_VEL_LOW,0,0.00,4590.00,70.15,FALSE,M5_TREND_NEUTRAL|M1_DIRECTION_MISMATCH
2026-09-07 17:27:32.305,1788802052.306,1286,19,110,4412.30,4412.38,8.0,PASS_<=10c,+0.0,FLAT,+11.0,-111.0,1.4,+0.31,0.22,SLOW,4413.41,4413.41,4412.31,4412.79,0.00,0.00,0.0,NEUTRAL,110.0,4412.19,4412.30,4412.19,4412.30,32,CLEARED_>=20s,11.0,11.0,0.0,0.0,0.0,0.0,0.0,PASS_<20%,0.00,0.0,NO,STANDBY_VEL_LOW,0,0.00,4590.00,70.15,FALSE,M5_TREND_NEUTRAL|M1_DIRECTION_MISMATCH
2026-09-07 17:27:33.512,1788802053.513,1287,20,111,4412.30,4412.38,8.0,PASS_<=10c,+0.0,FLAT,+11.0,-111.0,2.5,+0.30,0.12,SLOW,4413.41,4413.41,4412.31,4412.79,0.00,0.00,0.0,NEUTRAL,110.0,4412.19,4412.30,4412.19,4412.30,33,CLEARED_>=20s,11.0,11.0,0.0,0.0,0.0,0.0,0.0,PASS_<20%,0.00,0.0,NO,STANDBY_VEL_LOW,0,0.00,4590.00,70.15,FALSE,M5_TREND_NEUTRAL|M1_DIRECTION_MISMATCH
2026-09-07 17:27:34.013,1788802054.014,1288,21,112,4412.29,4412.37,8.0,PASS_<=10c,-1.0,DOWN,+10.0,-112.0,2.9,+0.59,0.20,SLOW,4413.41,4413.41,4412.31,4412.79,0.00,0.00,0.0,NEUTRAL,110.0,4412.19,4412.30,4412.19,4412.29,34,CLEARED_>=20s,11.0,10.0,1.0,0.0,9.1,0.0,9.1,PASS_<20%,0.00,0.0,NO,STANDBY_VEL_LOW,0,0.00,4590.00,70.15,FALSE,M5_TREND_NEUTRAL|M1_DIRECTION_MISMATCH
2026-09-07 17:27:34.515,1788802054.516,1289,22,113,4412.29,4412.37,8.0,PASS_<=10c,+0.0,FLAT,+10.0,-112.0,3.2,+0.45,0.14,SLOW,4413.41,4413.41,4412.31,4412.79,0.00,0.00,0.0,NEUTRAL,110.0,4412.19,4412.30,4412.19,4412.29,34,CLEARED_>=20s,11.0,10.0,1.0,0.0,9.1,0.0,9.1,PASS_<20%,0.00,0.0,NO,STANDBY_VEL_LOW,0,0.00,4590.00,70.15,FALSE,M5_TREND_NEUTRAL|M1_DIRECTION_MISMATCH
2026-09-07 17:27:35.016,1788802055.017,1290,23,114,4412.29,4412.37,8.0,PASS_<=10c,+0.0,FLAT,+10.0,-112.0,3.3,+0.37,0.11,SLOW,4413.41,4413.41,4412.31,4412.79,0.00,0.00,0.0,NEUTRAL,110.0,4412.19,4412.30,4412.19,4412.29,35,CLEARED_>=20s,11.0,10.0,1.0,0.0,9.1,0.0,9.1,PASS_<20%,0.00,0.0,NO,STANDBY_VEL_LOW,0,0.00,4590.00,70.15,FALSE,M5_TREND_NEUTRAL|M1_DIRECTION_MISMATCH
2026-09-07 17:27:35.518,1788802055.518,1291,24,115,4412.29,4412.37,8.0,PASS_<=10c,+0.0,FLAT,+10.0,-112.0,3.4,+0.31,0.09,SLOW,4413.41,4413.41,4412.31,4412.79,0.00,0.00,0.0,NEUTRAL,110.0,4412.19,4412.30,4412.19,4412.29,35,CLEARED_>=20s,11.0,10.0,1.0,0.0,9.1,0.0,9.1,PASS_<20%,0.00,0.0,NO,STANDBY_VEL_LOW,0,0.00,4590.00,70.15,FALSE,M5_TREND_NEUTRAL|M1_DIRECTION_MISMATCH
2026-09-07 17:27:36.019,1788802056.020,1292,25,116,4412.29,4412.37,8.0,PASS_<=10c,+0.0,FLAT,+10.0,-112.0,3.5,+0.27,0.08,SLOW,4413.41,4413.41,4412.31,4412.79,0.00,0.00,0.0,NEUTRAL,110.0,4412.19,4412.30,4412.19,4412.29,36,CLEARED_>=20s,11.0,10.0,1.0,0.0,9.1,0.0,9.1,PASS_<20%,0.00,0.0,NO,STANDBY_VEL_LOW,0,0.00,4590.00,70.15,FALSE,M5_TREND_NEUTRAL|M1_DIRECTION_MISMATCH
2026-09-07 17:27:36.521,1788802056.522,1293,26,117,4412.29,4412.37,8.0,PASS_<=10c,+0.0,FLAT,+10.0,-112.0,3.6,+0.27,0.07,SLOW,4413.41,4413.41,4412.31,4412.79,0.00,0.00,0.0,NEUTRAL,110.0,4412.19,4412.30,4412.19,4412.29,36,CLEARED_>=20s,11.0,10.0,1.0,0.0,9.1,0.0,9.1,PASS_<20%,0.00,0.0,NO,STANDBY_VEL_LOW,0,0.00,4590.00,70.15,FALSE,M5_TREND_NEUTRAL|M1_DIRECTION_MISMATCH
2026-09-07 17:27:37.023,1788802057.023,1294,27,118,4412.29,4412.37,8.0,PASS_<=10c,+0.0,FLAT,+10.0,-112.0,3.6,+0.27,0.07,SLOW,4413.41,4413.41,4412.31,4412.79,0.00,0.00,0.0,NEUTRAL,110.0,4412.19,4412.30,4412.19,4412.29,37,CLEARED_>=20s,11.0,10.0,1.0,0.0,9.1,0.0,9.1,PASS_<20%,0.00,0.0,NO,STANDBY_VEL_LOW,0,0.00,4590.00,70.15,FALSE,M5_TREND_NEUTRAL|M1_DIRECTION_MISMATCH
2026-09-07 17:27:37.548,1788802057.548,1295,28,119,4412.29,4412.37,8.0,PASS_<=10c,+0.0,FLAT,+10.0,-112.0,4.4,+0.29,0.07,SLOW,4413.41,4413.41,4412.31,4412.79,0.00,0.00,0.0,NEUTRAL,110.0,4412.19,4412.30,4412.19,4412.29,37,CLEARED_>=20s,11.0,10.0,1.0,0.0,9.1,0.0,9.1,PASS_<20%,0.00,0.0,NO,STANDBY_VEL_LOW,0,0.00,4590.00,70.15,FALSE,M5_TREND_NEUTRAL|M1_DIRECTION_MISMATCH
2026-09-07 17:27:38.046,1788802058.047,1296,29,120,4412.29,4412.37,8.0,PASS_<=10c,+0.0,FLAT,+10.0,-112.0,4.3,+0.29,0.07,SLOW,4413.41,4413.41,4412.31,4412.79,0.00,0.00,0.0,NEUTRAL,110.0,4412.19,4412.30,4412.19,4412.29,38,CLEARED_>=20s,11.0,10.0,1.0,0.0,9.1,0.0,9.1,PASS_<20%,0.00,0.0,NO,STANDBY_VEL_LOW,0,0.00,4590.00,70.15,FALSE,M5_TREND_NEUTRAL|M1_DIRECTION_MISMATCH
2026-09-07 17:27:38.548,1788802058.549,1297,30,121,4412.29,4412.37,8.0,PASS_<=10c,+0.0,FLAT,+10.0,-112.0,4.2,+0.29,0.07,SLOW,4413.41,4413.41,4412.31,4412.79,0.00,0.00,0.0,NEUTRAL,110.0,4412.19,4412.30,4412.19,4412.29,38,CLEARED_>=20s,11.0,10.0,1.0,0.0,9.1,0.0,9.1,PASS_<20%,0.00,0.0,NO,STANDBY_VEL_LOW,0,0.00,4590.00,70.15,FALSE,M5_TREND_NEUTRAL|M1_DIRECTION_MISMATCH
2026-09-07 17:27:39.071,1788802059.071,1298,31,122,4412.29,4412.37,8.0,PASS_<=10c,+0.0,FLAT,+10.0,-225.0,4.2,+0.28,0.07,SLOW,4414.54,4415.14,4413.54,4413.80,0.00,0.00,0.0,NEUTRAL,160.0,4412.19,4412.30,4412.19,4412.29,39,CLEARED_>=20s,11.0,10.0,1.0,0.0,9.1,0.0,9.1,PASS_<20%,0.00,0.0,NO,STANDBY_VEL_LOW,0,0.00,4590.00,70.15,FALSE,M5_TREND_NEUTRAL|M1_DIRECTION_MISMATCH
2026-09-07 17:27:39.557,1788802059.558,1299,32,123,4412.29,4412.37,8.0,PASS_<=10c,+0.0,FLAT,+10.0,-112.0,4.2,+0.28,0.07,SLOW,4413.41,4413.41,4412.31,4412.79,0.00,0.00,0.0,NEUTRAL,110.0,4412.19,4412.30,4412.19,4412.29,39,CLEARED_>=20s,11.0,10.0,1.0,0.0,9.1,0.0,9.1,PASS_<20%,0.00,0.0,NO,STANDBY_VEL_LOW,0,0.00,4590.00,70.15,FALSE,M5_TREND_NEUTRAL|M1_DIRECTION_MISMATCH
2026-09-07 17:27:40.059,1788802060.059,1300,33,124,4412.29,4412.37,8.0,PASS_<=10c,+0.0,FLAT,+10.0,-112.0,4.2,+0.28,0.07,SLOW,4413.41,4413.41,4412.31,4412.79,0.00,0.00,0.0,NEUTRAL,110.0,4412.19,4412.30,4412.19,4412.29,40,CLEARED_>=20s,11.0,10.0,1.0,0.0,9.1,0.0,9.1,PASS_<20%,0.00,0.0,NO,STANDBY_VEL_LOW,0,0.00,4590.00,70.15,FALSE,M5_TREND_NEUTRAL|M1_DIRECTION_MISMATCH
2026-09-07 17:27:40.560,1788802060.561,1301,34,125,4412.29,4412.37,8.0,PASS_<=10c,+0.0,FLAT,+10.0,-112.0,4.2,+0.28,0.07,SLOW,4413.41,4413.41,4412.31,4412.79,0.00,0.00,0.0,NEUTRAL,110.0,4412.19,4412.30,4412.19,4412.29,40,CLEARED_>=20s,11.0,10.0,1.0,0.0,9.1,0.0,9.1,PASS_<20%,0.00,0.0,NO,STANDBY_VEL_LOW,0,0.00,4590.00,70.15,FALSE,M5_TREND_NEUTRAL|M1_DIRECTION_MISMATCH
2026-09-07 17:27:41.062,1788802061.062,1302,35,126,4412.29,4412.37,8.0,PASS_<=10c,+0.0,FLAT,+10.0,-112.0,4.2,+0.27,0.06,SLOW,4413.41,4413.41,4412.31,4412.79,0.00,0.00,0.0,NEUTRAL,110.0,4412.19,4412.30,4412.19,4412.29,41,CLEARED_>=20s,11.0,10.0,1.0,0.0,9.1,0.0,9.1,PASS_<20%,0.00,0.0,NO,STANDBY_VEL_LOW,0,0.00,4590.00,70.15,FALSE,M5_TREND_NEUTRAL|M1_DIRECTION_MISMATCH
2026-09-07 17:27:46.574,1788802066.574,1303,36,127,4412.29,4412.37,8.0,PASS_<=10c,+0.0,FLAT,+10.0,-112.0,1.6,+0.17,0.11,SLOW,4413.41,4413.41,4412.31,4412.79,0.00,0.00,0.0,NEUTRAL,110.0,4412.19,4412.30,4412.19,4412.29,46,CLEARED_>=20s,11.0,10.0,1.0,0.0,9.1,0.0,9.1,PASS_<20%,0.00,0.0,NO,STANDBY_VEL_LOW,0,0.00,4590.00,70.15,FALSE,M5_TREND_NEUTRAL|M1_DIRECTION_MISMATCH
2026-09-07 17:27:56.806,1788802076.807,1304,37,128,4412.29,4412.37,8.0,PASS_<=10c,+0.0,FLAT,+10.0,-112.0,1.3,+0.17,0.13,SLOW,4413.41,4413.41,4412.31,4412.79,0.00,0.00,0.0,NEUTRAL,110.0,4412.19,4412.30,4412.19,4412.29,56,CLEARED_>=20s,11.0,10.0,1.0,0.0,9.1,0.0,9.1,PASS_<20%,0.00,0.0,NO,STANDBY_VEL_LOW,0,0.00,4590.00,70.15,FALSE,M5_TREND_NEUTRAL|M1_DIRECTION_MISMATCH
2026-09-07 17:27:57.161,1788802077.162,1305,38,129,4412.30,4412.38,8.0,PASS_<=10c,+1.0,UP,+11.0,-111.0,3.0,+1.00,0.33,SLOW,4413.41,4413.41,4412.31,4412.79,0.00,0.00,0.0,NEUTRAL,110.0,4412.19,4412.30,4412.19,4412.30,57,CLEARED_>=20s,11.0,11.0,0.0,0.0,0.0,0.0,0.0,PASS_<20%,0.00,0.0,NO,STANDBY_VEL_LOW,0,0.00,4590.00,70.15,FALSE,M5_TREND_NEUTRAL|M1_DIRECTION_MISMATCH
2026-09-07 17:27:57.663,1788802077.663,1306,39,130,4412.30,4412.38,8.0,PASS_<=10c,+0.0,FLAT,+11.0,-111.0,5.0,+1.00,0.20,SLOW,4413.41,4413.41,4412.31,4412.79,0.00,0.00,0.0,NEUTRAL,110.0,4412.19,4412.30,4412.19,4412.30,57,CLEARED_>=20s,11.0,11.0,0.0,0.0,0.0,0.0,0.0,PASS_<20%,0.00,0.0,NO,STANDBY_VEL_LOW,0,0.00,4590.00,70.15,FALSE,M5_TREND_NEUTRAL|M1_DIRECTION_MISMATCH
2026-09-07 17:27:58.165,1788802078.166,1307,40,131,4412.30,4412.38,8.0,PASS_<=10c,+0.0,FLAT,+11.0,-111.0,5.2,+0.74,0.14,SLOW,4413.41,4413.41,4412.31,4412.79,0.00,0.00,0.0,NEUTRAL,110.0,4412.19,4412.30,4412.19,4412.30,58,CLEARED_>=20s,11.0,11.0,0.0,0.0,0.0,0.0,0.0,PASS_<20%,0.00,0.0,NO,STANDBY_VEL_LOW,0,0.00,4590.00,70.15,FALSE,M5_TREND_NEUTRAL|M1_DIRECTION_MISMATCH
2026-09-07 17:27:58.667,1788802078.667,1308,41,132,4412.30,4412.38,8.0,PASS_<=10c,+0.0,FLAT,+11.0,-111.0,4.8,+0.54,0.11,SLOW,4413.41,4413.41,4412.31,4412.79,0.00,0.00,0.0,NEUTRAL,110.0,4412.19,4412.30,4412.19,4412.30,58,CLEARED_>=20s,11.0,11.0,0.0,0.0,0.0,0.0,0.0,PASS_<20%,0.00,0.0,NO,STANDBY_VEL_LOW,0,0.00,4590.00,70.15,FALSE,M5_TREND_NEUTRAL|M1_DIRECTION_MISMATCH
2026-09-07 17:27:59.168,1788802079.169,1309,42,133,4412.30,4412.38,8.0,PASS_<=10c,+0.0,FLAT,+11.0,-111.0,4.7,+0.42,0.09,SLOW,4413.41,4413.41,4412.31,4412.79,0.00,0.00,0.0,NEUTRAL,110.0,4412.19,4412.30,4412.19,4412.30,59,CLEARED_>=20s,11.0,11.0,0.0,0.0,0.0,0.0,0.0,PASS_<20%,0.00,0.0,NO,STANDBY_VEL_LOW,0,0.00,4590.00,70.15,FALSE,M5_TREND_NEUTRAL|M1_DIRECTION_MISMATCH
2026-09-07 17:27:59.670,1788802079.670,1310,43,134,4412.30,4412.38,8.0,PASS_<=10c,+0.0,FLAT,+11.0,-111.0,4.5,+0.35,0.08,SLOW,4413.41,4413.41,4412.31,4412.79,0.00,0.00,0.0,NEUTRAL,110.0,4412.19,4412.30,4412.19,4412.30,59,CLEARED_>=20s,11.0,11.0,0.0,0.0,0.0,0.0,0.0,PASS_<20%,0.00,0.0,NO,STANDBY_VEL_LOW,0,0.00,4590.00,70.15,FALSE,M5_TREND_NEUTRAL|M1_DIRECTION_MISMATCH
2026-09-07 17:28:00.171,1788802080.171,1311,1,135,4412.30,4412.38,8.0,PASS_<=10c,+0.0,FLAT,+0.0,-111.0,4.5,+0.30,0.07,SLOW,4413.41,4413.41,4412.31,4412.79,0.00,0.00,0.0,NEUTRAL,110.0,4412.30,4412.30,4412.30,4412.30,0,ACTIVE_0s,1.0,0.0,0.0,0.0,0.0,0.0,0.0,PASS_<20%,0.00,0.0,NO,STANDBY_VEL_LOW,0,0.00,4590.00,70.15,FALSE,M5_TREND_NEUTRAL|M1_DIRECTION_MISMATCH|OPENING_SHIELD_ACTIVE_0s
2026-09-07 17:28:00.672,1788802080.672,1312,2,136,4412.30,4412.38,8.0,PASS_<=10c,+0.0,FLAT,+0.0,-111.0,4.4,+0.26,0.06,SLOW,4413.41,4413.41,4412.31,4412.79,0.00,0.00,0.0,NEUTRAL,110.0,4412.30,4412.30,4412.30,4412.30,0,ACTIVE_0s,1.0,0.0,0.0,0.0,0.0,0.0,0.0,PASS_<20%,0.00,0.0,NO,STANDBY_VEL_LOW,0,0.00,4590.00,70.15,FALSE,M5_TREND_NEUTRAL|M1_DIRECTION_MISMATCH|OPENING_SHIELD_ACTIVE_0s
2026-09-07 17:28:01.173,1788802081.173,1313,3,137,4412.30,4412.38,8.0,PASS_<=10c,+0.0,FLAT,+0.0,-111.0,4.4,+0.23,0.05,SLOW,4413.41,4413.41,4412.31,4412.79,0.00,0.00,0.0,NEUTRAL,110.0,4412.30,4412.30,4412.30,4412.30,1,ACTIVE_1s,1.0,0.0,0.0,0.0,0.0,0.0,0.0,PASS_<20%,0.00,0.0,NO,STANDBY_VEL_LOW,0,0.00,4590.00,70.15,FALSE,M5_TREND_NEUTRAL|M1_DIRECTION_MISMATCH|OPENING_SHIELD_ACTIVE_1s
2026-09-07 17:28:01.675,1788802081.675,1314,4,138,4412.30,4412.38,8.0,PASS_<=10c,+0.0,FLAT,+0.0,-111.0,4.3,+0.21,0.05,SLOW,4413.41,4413.41,4412.31,4412.79,0.00,0.00,0.0,NEUTRAL,110.0,4412.30,4412.30,4412.30,4412.30,1,ACTIVE_1s,1.0,0.0,0.0,0.0,0.0,0.0,0.0,PASS_<20%,0.00,0.0,NO,STANDBY_VEL_LOW,0,0.00,4590.00,70.15,FALSE,M5_TREND_NEUTRAL|M1_DIRECTION_MISMATCH|OPENING_SHIELD_ACTIVE_1s
2026-09-07 17:28:02.177,1788802082.177,1315,5,139,4412.30,4412.38,8.0,PASS_<=10c,+0.0,FLAT,+0.0,-111.0,4.2,+0.18,0.04,SLOW,4413.41,4413.41,4412.31,4412.79,0.00,0.00,0.0,NEUTRAL,110.0,4412.30,4412.30,4412.30,4412.30,2,ACTIVE_2s,1.0,0.0,0.0,0.0,0.0,0.0,0.0,PASS_<20%,0.00,0.0,NO,STANDBY_VEL_LOW,0,0.00,4590.00,70.15,FALSE,M5_TREND_NEUTRAL|M1_DIRECTION_MISMATCH|OPENING_SHIELD_ACTIVE_2s
2026-09-07 17:28:02.680,1788802082.681,1316,6,140,4412.30,4412.38,8.0,PASS_<=10c,+0.0,FLAT,+0.0,-111.0,4.2,+0.20,0.05,SLOW,4413.41,4413.41,4412.31,4412.79,0.00,0.00,0.0,NEUTRAL,110.0,4412.30,4412.30,4412.30,4412.30,2,ACTIVE_2s,1.0,0.0,0.0,0.0,0.0,0.0,0.0,PASS_<20%,0.00,0.0,NO,STANDBY_VEL_LOW,0,0.00,4590.00,70.15,FALSE,M5_TREND_NEUTRAL|M1_DIRECTION_MISMATCH|OPENING_SHIELD_ACTIVE_2s
2026-09-07 17:28:03.182,1788802083.183,1317,7,141,4412.30,4412.38,8.0,PASS_<=10c,+0.0,FLAT,+0.0,-111.0,4.2,+0.20,0.05,SLOW,4413.41,4413.41,4412.31,4412.79,0.00,0.00,0.0,NEUTRAL,110.0,4412.30,4412.30,4412.30,4412.30,3,ACTIVE_3s,1.0,0.0,0.0,0.0,0.0,0.0,0.0,PASS_<20%,0.00,0.0,NO,STANDBY_VEL_LOW,0,0.00,4590.00,70.15,FALSE,M5_TREND_NEUTRAL|M1_DIRECTION_MISMATCH|OPENING_SHIELD_ACTIVE_3s
2026-09-07 17:28:03.683,1788802083.684,1318,8,142,4412.30,4412.38,8.0,PASS_<=10c,+0.0,FLAT,+0.0,-111.0,4.2,+0.20,0.05,SLOW,4413.41,4413.41,4412.31,4412.79,0.00,0.00,0.0,NEUTRAL,110.0,4412.30,4412.30,4412.30,4412.30,3,ACTIVE_3s,1.0,0.0,0.0,0.0,0.0,0.0,0.0,PASS_<20%,0.00,0.0,NO,STANDBY_VEL_LOW,0,0.00,4590.00,70.15,FALSE,M5_TREND_NEUTRAL|M1_DIRECTION_MISMATCH|OPENING_SHIELD_ACTIVE_3s
2026-09-07 17:28:04.184,1788802084.185,1319,9,143,4412.30,4412.38,8.0,PASS_<=10c,+0.0,FLAT,+0.0,-111.0,4.2,+0.19,0.05,SLOW,4413.41,4413.41,4412.31,4412.79,0.00,0.00,0.0,NEUTRAL,110.0,4412.30,4412.30,4412.30,4412.30,4,ACTIVE_4s,1.0,0.0,0.0,0.0,0.0,0.0,0.0,PASS_<20%,0.00,0.0,NO,STANDBY_VEL_LOW,0,0.00,4590.00,70.15,FALSE,M5_TREND_NEUTRAL|M1_DIRECTION_MISMATCH|OPENING_SHIELD_ACTIVE_4s
2026-09-07 17:28:04.686,1788802084.687,1320,10,144,4412.30,4412.38,8.0,PASS_<=10c,+0.0,FLAT,+0.0,-111.0,4.2,+0.19,0.05,SLOW,4413.41,4413.41,4412.31,4412.79,0.00,0.00,0.0,NEUTRAL,110.0,4412.30,4412.30,4412.30,4412.30,4,ACTIVE_4s,1.0,0.0,0.0,0.0,0.0,0.0,0.0,PASS_<20%,0.00,0.0,NO,STANDBY_VEL_LOW,0,0.00,4590.00,70.15,FALSE,M5_TREND_NEUTRAL|M1_DIRECTION_MISMATCH|OPENING_SHIELD_ACTIVE_4s
2026-09-07 17:28:15.060,1788802095.060,1321,11,145,4412.30,4412.38,8.0,PASS_<=10c,+0.0,FLAT,+0.0,-111.0,1.3,+0.00,0.00,SLOW,4413.41,4413.41,4412.31,4412.79,0.00,0.00,0.0,NEUTRAL,110.0,4412.30,4412.30,4412.30,4412.30,15,ACTIVE_15s,1.0,0.0,0.0,0.0,0.0,0.0,0.0,PASS_<20%,0.00,0.0,NO,STANDBY_VEL_LOW,0,0.00,4590.00,70.15,FALSE,M5_TREND_NEUTRAL|M1_DIRECTION_MISMATCH|OPENING_SHIELD_ACTIVE_15s
2026-09-07 17:28:21.678,1788802101.678,1322,12,146,4412.30,4412.38,8.0,PASS_<=10c,+0.0,FLAT,+0.0,-111.0,1.3,+0.00,0.00,SLOW,4413.41,4413.41,4412.31,4412.79,0.00,0.00,0.0,NEUTRAL,110.0,4412.30,4412.30,4412.30,4412.30,21,CLEARED_>=20s,1.0,0.0,0.0,0.0,0.0,0.0,0.0,PASS_<20%,0.00,0.0,NO,STANDBY_VEL_LOW,0,0.00,4590.00,70.15,FALSE,M5_TREND_NEUTRAL|M1_DIRECTION_MISMATCH
2026-09-07 17:28:22.032,1788802102.033,1323,13,147,4412.30,4412.38,8.0,PASS_<=10c,+0.0,FLAT,+0.0,-111.0,2.2,+0.00,0.00,SLOW,4413.41,4413.41,4412.31,4412.79,0.00,0.00,0.0,NEUTRAL,110.0,4412.30,4412.30,4412.30,4412.30,22,CLEARED_>=20s,1.0,0.0,0.0,0.0,0.0,0.0,0.0,PASS_<20%,0.00,0.0,NO,STANDBY_VEL_LOW,0,0.00,4590.00,70.15,FALSE,M5_TREND_NEUTRAL|M1_DIRECTION_MISMATCH
2026-09-07 17:28:22.534,1788802102.535,1324,14,148,4412.30,4412.38,8.0,PASS_<=10c,+0.0,FLAT,+0.0,-111.0,2.5,+0.00,0.00,SLOW,4413.41,4413.41,4412.31,4412.79,0.00,0.00,0.0,NEUTRAL,110.0,4412.30,4412.30,4412.30,4412.30,22,CLEARED_>=20s,1.0,0.0,0.0,0.0,0.0,0.0,0.0,PASS_<20%,0.00,0.0,NO,STANDBY_VEL_LOW,0,0.00,4590.00,70.15,FALSE,M5_TREND_NEUTRAL|M1_DIRECTION_MISMATCH
2026-09-07 17:28:23.035,1788802103.036,1325,15,149,4412.30,4412.38,8.0,PASS_<=10c,+0.0,FLAT,+0.0,-111.0,2.8,+0.00,0.00,SLOW,4413.41,4413.41,4412.31,4412.79,0.00,0.00,0.0,NEUTRAL,110.0,4412.30,4412.30,4412.30,4412.30,23,CLEARED_>=20s,1.0,0.0,0.0,0.0,0.0,0.0,0.0,PASS_<20%,0.00,0.0,NO,STANDBY_VEL_LOW,0,0.00,4590.00,70.15,FALSE,M5_TREND_NEUTRAL|M1_DIRECTION_MISMATCH
2026-09-07 17:28:23.550,1788802103.550,1326,16,150,4412.30,4412.38,8.0,PASS_<=10c,+0.0,FLAT,+0.0,-111.0,3.0,+0.00,0.00,SLOW,4413.41,4413.41,4412.31,4412.79,0.00,0.00,0.0,NEUTRAL,110.0,4412.30,4412.30,4412.30,4412.30,23,CLEARED_>=20s,1.0,0.0,0.0,0.0,0.0,0.0,0.0,PASS_<20%,0.00,0.0,NO,STANDBY_VEL_LOW,0,0.00,4590.00,70.15,FALSE,M5_TREND_NEUTRAL|M1_DIRECTION_MISMATCH
2026-09-07 17:28:24.050,1788802104.050,1327,17,151,4412.30,4412.38,8.0,PASS_<=10c,+0.0,FLAT,+0.0,-111.0,3.1,+0.00,0.00,SLOW,4413.41,4413.41,4412.31,4412.79,0.00,0.00,0.0,NEUTRAL,110.0,4412.30,4412.30,4412.30,4412.30,24,CLEARED_>=20s,1.0,0.0,0.0,0.0,0.0,0.0,0.0,PASS_<20%,0.00,0.0,NO,STANDBY_VEL_LOW,0,0.00,4590.00,70.15,FALSE,M5_TREND_NEUTRAL|M1_DIRECTION_MISMATCH
2026-09-07 17:28:24.552,1788802104.552,1328,18,152,4412.30,4412.38,8.0,PASS_<=10c,+0.0,FLAT,+0.0,-111.0,3.2,+0.00,0.00,SLOW,4413.41,4413.41,4412.31,4412.79,0.00,0.00,0.0,NEUTRAL,110.0,4412.30,4412.30,4412.30,4412.30,24,CLEARED_>=20s,1.0,0.0,0.0,0.0,0.0,0.0,0.0,PASS_<20%,0.00,0.0,NO,STANDBY_VEL_LOW,0,0.00,4590.00,70.15,FALSE,M5_TREND_NEUTRAL|M1_DIRECTION_MISMATCH
2026-09-07 17:28:25.054,1788802105.055,1329,19,153,4412.30,4412.38,8.0,PASS_<=10c,+0.0,FLAT,+0.0,-111.0,3.3,+0.00,0.00,SLOW,4413.41,4413.41,4412.31,4412.79,0.00,0.00,0.0,NEUTRAL,110.0,4412.30,4412.30,4412.30,4412.30,25,CLEARED_>=20s,1.0,0.0,0.0,0.0,0.0,0.0,0.0,PASS_<20%,0.00,0.0,NO,STANDBY_VEL_LOW,0,0.00,4590.00,70.15,FALSE,M5_TREND_NEUTRAL|M1_DIRECTION_MISMATCH
2026-09-07 17:28:25.556,1788802105.557,1330,20,154,4412.24,4412.32,8.0,PASS_<=10c,-6.0,DOWN,-6.0,-117.0,4.4,+1.55,0.35,SLOW,4413.41,4413.41,4412.31,4412.79,0.00,0.00,0.0,NEUTRAL,110.0,4412.30,4412.30,4412.24,4412.24,25,CLEARED_>=20s,6.0,6.0,0.0,0.0,0.0,0.0,0.0,PASS_<20%,0.00,0.0,NO,STANDBY_VEL_LOW,0,0.00,4590.00,70.15,FALSE,M5_TREND_NEUTRAL|M1_DIRECTION_MISMATCH
2026-09-07 17:28:26.058,1788802106.058,1331,21,155,4412.25,4412.33,8.0,PASS_<=10c,+1.0,UP,-5.0,-116.0,4.3,+1.14,0.27,SLOW,4413.41,4413.41,4412.31,4412.79,0.00,0.00,0.0,NEUTRAL,110.0,4412.30,4412.30,4412.24,4412.25,26,CLEARED_>=20s,6.0,5.0,0.0,1.0,0.0,16.7,16.7,PASS_<20%,0.00,0.0,NO,STANDBY_VEL_LOW,0,0.00,4590.00,70.15,FALSE,M5_TREND_NEUTRAL|M1_DIRECTION_MISMATCH
2026-09-07 17:28:26.560,1788802106.560,1332,22,156,4412.26,4412.34,8.0,PASS_<=10c,+1.0,UP,-4.0,-115.0,4.3,+0.82,0.19,SLOW,4413.41,4413.41,4412.31,4412.79,0.00,0.00,0.0,NEUTRAL,110.0,4412.30,4412.30,4412.24,4412.26,26,CLEARED_>=20s,6.0,4.0,0.0,2.0,0.0,33.3,33.3,BLOCKED_33.3%,0.00,0.0,NO,STANDBY_VEL_LOW,0,0.00,4590.00,70.15,FALSE,M5_TREND_NEUTRAL|M1_DIRECTION_MISMATCH
2026-09-07 17:28:27.061,1788802107.062,1333,23,157,4412.26,4412.34,8.0,PASS_<=10c,+0.0,FLAT,-4.0,-115.0,4.2,+0.84,0.20,SLOW,4413.41,4413.41,4412.31,4412.79,0.00,0.00,0.0,NEUTRAL,110.0,4412.30,4412.30,4412.24,4412.26,27,CLEARED_>=20s,6.0,4.0,0.0,2.0,0.0,33.3,33.3,BLOCKED_33.3%,0.00,0.0,NO,STANDBY_VEL_LOW,0,0.00,4590.00,70.15,FALSE,M5_TREND_NEUTRAL|M1_DIRECTION_MISMATCH
2026-09-07 17:28:27.564,1788802107.564,1334,24,158,4412.27,4412.35,8.0,PASS_<=10c,+1.0,UP,-3.0,-114.0,4.2,+0.63,0.15,SLOW,4413.41,4413.41,4412.31,4412.79,0.00,0.00,0.0,NEUTRAL,110.0,4412.30,4412.30,4412.24,4412.27,27,CLEARED_>=20s,6.0,3.0,0.0,3.0,0.0,50.0,50.0,BLOCKED_50.0%,0.00,0.0,NO,STANDBY_VEL_LOW,0,0.00,4590.00,70.15,FALSE,M5_TREND_NEUTRAL|M1_DIRECTION_MISMATCH
2026-09-07 17:28:28.065,1788802108.066,1335,25,159,4412.27,4412.35,8.0,PASS_<=10c,+0.0,FLAT,-3.0,-114.0,4.2,+0.63,0.15,SLOW,4413.41,4413.41,4412.31,4412.79,0.00,0.00,0.0,NEUTRAL,110.0,4412.30,4412.30,4412.24,4412.27,28,CLEARED_>=20s,6.0,3.0,0.0,3.0,0.0,50.0,50.0,BLOCKED_50.0%,0.00,0.0,NO,STANDBY_VEL_LOW,0,0.00,4590.00,70.15,FALSE,M5_TREND_NEUTRAL|M1_DIRECTION_MISMATCH
2026-09-07 17:28:28.567,1788802108.568,1336,26,160,4412.27,4412.35,8.0,PASS_<=10c,+0.0,FLAT,-3.0,-114.0,4.2,+0.63,0.15,SLOW,4413.41,4413.41,4412.31,4412.79,0.00,0.00,0.0,NEUTRAL,110.0,4412.30,4412.30,4412.24,4412.27,28,CLEARED_>=20s,6.0,3.0,0.0,3.0,0.0,50.0,50.0,BLOCKED_50.0%,0.00,0.0,NO,STANDBY_VEL_LOW,0,0.00,4590.00,70.15,FALSE,M5_TREND_NEUTRAL|M1_DIRECTION_MISMATCH
2026-09-07 17:28:29.068,1788802109.069,1337,27,161,4412.27,4412.35,8.0,PASS_<=10c,+0.0,FLAT,-3.0,-114.0,4.2,+0.63,0.15,SLOW,4413.41,4413.41,4412.31,4412.79,0.00,0.00,0.0,NEUTRAL,110.0,4412.30,4412.30,4412.24,4412.27,29,CLEARED_>=20s,6.0,3.0,0.0,3.0,0.0,50.0,50.0,BLOCKED_50.0%,0.00,0.0,NO,STANDBY_VEL_LOW,0,0.00,4590.00,70.15,FALSE,M5_TREND_NEUTRAL|M1_DIRECTION_MISMATCH
2026-09-07 17:28:29.570,1788802109.570,1338,28,162,4412.27,4412.35,8.0,PASS_<=10c,+0.0,FLAT,-3.0,-114.0,4.2,+0.63,0.15,SLOW,4413.41,4413.41,4412.31,4412.79,0.00,0.00,0.0,NEUTRAL,110.0,4412.30,4412.30,4412.24,4412.27,29,CLEARED_>=20s,6.0,3.0,0.0,3.0,0.0,50.0,50.0,BLOCKED_50.0%,0.00,0.0,NO,STANDBY_VEL_LOW,0,0.00,4590.00,70.15,FALSE,M5_TREND_NEUTRAL|M1_DIRECTION_MISMATCH
2026-09-07 17:28:30.071,1788802110.071,1339,29,163,4412.27,4412.35,8.0,PASS_<=10c,+0.0,FLAT,-3.0,-114.0,4.2,+0.63,0.15,SLOW,4413.41,4413.41,4412.31,4412.79,0.00,0.00,0.0,NEUTRAL,110.0,4412.30,4412.30,4412.24,4412.27,30,CLEARED_>=20s,6.0,3.0,0.0,3.0,0.0,50.0,50.0,BLOCKED_50.0%,0.00,0.0,NO,STANDBY_VEL_LOW,0,0.00,4590.00,70.15,FALSE,M5_TREND_NEUTRAL|M1_DIRECTION_MISMATCH
2026-09-07 17:28:30.571,1788802110.571,1340,30,164,4412.27,4412.35,8.0,PASS_<=10c,+0.0,FLAT,-3.0,-114.0,4.2,+0.63,0.15,SLOW,4413.41,4413.41,4412.31,4412.79,0.00,0.00,0.0,NEUTRAL,110.0,4412.30,4412.30,4412.24,4412.27,30,CLEARED_>=20s,6.0,3.0,0.0,3.0,0.0,50.0,50.0,BLOCKED_50.0%,0.00,0.0,NO,STANDBY_VEL_LOW,0,0.00,4590.00,70.15,FALSE,M5_TREND_NEUTRAL|M1_DIRECTION_MISMATCH
2026-09-07 17:28:31.073,1788802111.074,1341,31,165,4412.27,4412.35,8.0,PASS_<=10c,+0.0,FLAT,-3.0,-114.0,4.2,+0.42,0.10,SLOW,4413.41,4413.41,4412.31,4412.79,0.00,0.00,0.0,NEUTRAL,110.0,4412.30,4412.30,4412.24,4412.27,31,CLEARED_>=20s,6.0,3.0,0.0,3.0,0.0,50.0,50.0,BLOCKED_50.0%,0.00,0.0,NO,STANDBY_VEL_LOW,0,0.00,4590.00,70.15,FALSE,M5_TREND_NEUTRAL|M1_DIRECTION_MISMATCH
2026-09-07 17:28:31.575,1788802111.575,1342,32,166,4412.27,4412.35,8.0,PASS_<=10c,+0.0,FLAT,-3.0,-114.0,4.2,+0.21,0.05,SLOW,4413.41,4413.41,4412.31,4412.79,0.00,0.00,0.0,NEUTRAL,110.0,4412.30,4412.30,4412.24,4412.27,31,CLEARED_>=20s,6.0,3.0,0.0,3.0,0.0,50.0,50.0,BLOCKED_50.0%,0.00,0.0,NO,STANDBY_VEL_LOW,0,0.00,4590.00,70.15,FALSE,M5_TREND_NEUTRAL|M1_DIRECTION_MISMATCH
2026-09-07 17:28:32.076,1788802112.076,1343,33,167,4412.27,4412.35,8.0,PASS_<=10c,+0.0,FLAT,-3.0,-114.0,4.2,+0.00,0.00,SLOW,4413.41,4413.41,4412.31,4412.79,0.00,0.00,0.0,NEUTRAL,110.0,4412.30,4412.30,4412.24,4412.27,32,CLEARED_>=20s,6.0,3.0,0.0,3.0,0.0,50.0,50.0,BLOCKED_50.0%,0.00,0.0,NO,STANDBY_VEL_LOW,0,0.00,4590.00,70.15,FALSE,M5_TREND_NEUTRAL|M1_DIRECTION_MISMATCH
2026-09-07 17:28:32.577,1788802112.578,1344,34,168,4412.27,4412.35,8.0,PASS_<=10c,+0.0,FLAT,-3.0,-114.0,4.2,+0.00,0.00,SLOW,4413.41,4413.41,4412.31,4412.79,0.00,0.00,0.0,NEUTRAL,110.0,4412.30,4412.30,4412.24,4412.27,32,CLEARED_>=20s,6.0,3.0,0.0,3.0,0.0,50.0,50.0,BLOCKED_50.0%,0.00,0.0,NO,STANDBY_VEL_LOW,0,0.00,4590.00,70.15,FALSE,M5_TREND_NEUTRAL|M1_DIRECTION_MISMATCH
2026-09-07 17:28:33.080,1788802113.080,1345,35,169,4412.27,4412.35,8.0,PASS_<=10c,+0.0,FLAT,-3.0,-114.0,4.2,+0.00,0.00,SLOW,4413.41,4413.41,4412.31,4412.79,0.00,0.00,0.0,NEUTRAL,110.0,4412.30,4412.30,4412.24,4412.27,33,CLEARED_>=20s,6.0,3.0,0.0,3.0,0.0,50.0,50.0,BLOCKED_50.0%,0.00,0.0,NO,STANDBY_VEL_LOW,0,0.00,4590.00,70.15,FALSE,M5_TREND_NEUTRAL|M1_DIRECTION_MISMATCH
2026-09-07 17:28:43.457,1788802123.458,1346,36,170,4412.27,4412.35,8.0,PASS_<=10c,+0.0,FLAT,-3.0,-114.0,1.5,+0.00,0.00,SLOW,4413.41,4413.41,4412.31,4412.79,0.00,0.00,0.0,NEUTRAL,110.0,4412.30,4412.30,4412.24,4412.27,43,CLEARED_>=20s,6.0,3.0,0.0,3.0,0.0,50.0,50.0,BLOCKED_50.0%,0.00,0.0,NO,STANDBY_VEL_LOW,0,0.00,4590.00,70.15,FALSE,M5_TREND_NEUTRAL|M1_DIRECTION_MISMATCH
2026-09-07 17:28:50.078,1788802130.079,1347,37,171,4412.27,4412.35,8.0,PASS_<=10c,+0.0,FLAT,-3.0,-114.0,1.5,+0.00,0.00,SLOW,4413.41,4413.41,4412.31,4412.79,0.00,0.00,0.0,NEUTRAL,110.0,4412.30,4412.30,4412.24,4412.27,50,CLEARED_>=20s,6.0,3.0,0.0,3.0,0.0,50.0,50.0,BLOCKED_50.0%,0.00,0.0,NO,STANDBY_VEL_LOW,0,0.00,4590.00,70.15,FALSE,M5_TREND_NEUTRAL|M1_DIRECTION_MISMATCH
2026-09-07 17:28:50.432,1788802130.433,1348,38,172,4412.27,4412.35,8.0,PASS_<=10c,+0.0,FLAT,-3.0,-114.0,2.2,+0.00,0.00,SLOW,4413.41,4413.41,4412.31,4412.79,0.00,0.00,0.0,NEUTRAL,110.0,4412.30,4412.30,4412.24,4412.27,50,CLEARED_>=20s,6.0,3.0,0.0,3.0,0.0,50.0,50.0,BLOCKED_50.0%,0.00,0.0,NO,STANDBY_VEL_LOW,0,0.00,4590.00,70.15,FALSE,M5_TREND_NEUTRAL|M1_DIRECTION_MISMATCH
2026-09-07 17:28:50.935,1788802130.935,1349,39,173,4412.30,4412.38,8.0,PASS_<=10c,+3.0,UP,+0.0,-111.0,2.5,+1.27,0.51,SLOW,4413.41,4413.41,4412.31,4412.79,0.00,0.00,0.0,NEUTRAL,110.0,4412.30,4412.30,4412.24,4412.30,50,CLEARED_>=20s,6.0,0.0,0.0,6.0,0.0,100.0,100.0,BLOCKED_100.0%,0.00,0.0,NO,STANDBY_VEL_LOW,0,0.00,4590.00,70.15,FALSE,M5_TREND_NEUTRAL|M1_DIRECTION_MISMATCH
2026-09-07 17:28:51.440,1788802131.441,1350,40,174,4412.30,4412.38,8.0,PASS_<=10c,+0.0,FLAT,+0.0,-111.0,2.8,+1.05,0.38,SLOW,4413.41,4413.41,4412.31,4412.79,0.00,0.00,0.0,NEUTRAL,110.0,4412.30,4412.30,4412.24,4412.30,51,CLEARED_>=20s,6.0,0.0,0.0,6.0,0.0,100.0,100.0,BLOCKED_100.0%,0.00,0.0,NO,STANDBY_VEL_LOW,0,0.00,4590.00,70.15,FALSE,M5_TREND_NEUTRAL|M1_DIRECTION_MISMATCH
2026-09-07 17:28:51.939,1788802131.940,1351,41,175,4412.30,4412.38,8.0,PASS_<=10c,+0.0,FLAT,+0.0,-111.0,3.0,+0.89,0.30,SLOW,4413.41,4413.41,4412.31,4412.79,0.00,0.00,0.0,NEUTRAL,110.0,4412.30,4412.30,4412.24,4412.30,51,CLEARED_>=20s,6.0,0.0,0.0,6.0,0.0,100.0,100.0,BLOCKED_100.0%,0.00,0.0,NO,STANDBY_VEL_LOW,0,0.00,4590.00,70.15,FALSE,M5_TREND_NEUTRAL|M1_DIRECTION_MISMATCH
2026-09-07 17:28:52.440,1788802132.441,1352,42,176,4412.30,4412.38,8.0,PASS_<=10c,+0.0,FLAT,+0.0,-111.0,3.1,+0.78,0.25,SLOW,4413.41,4413.41,4412.31,4412.79,0.00,0.00,0.0,NEUTRAL,110.0,4412.30,4412.30,4412.24,4412.30,52,CLEARED_>=20s,6.0,0.0,0.0,6.0,0.0,100.0,100.0,BLOCKED_100.0%,0.00,0.0,NO,STANDBY_VEL_LOW,0,0.00,4590.00,70.15,FALSE,M5_TREND_NEUTRAL|M1_DIRECTION_MISMATCH
2026-09-07 17:28:52.943,1788802132.944,1353,43,177,4412.30,4412.38,8.0,PASS_<=10c,+0.0,FLAT,+0.0,-111.0,3.2,+0.69,0.22,SLOW,4413.41,4413.41,4412.31,4412.79,0.00,0.00,0.0,NEUTRAL,110.0,4412.30,4412.30,4412.24,4412.30,52,CLEARED_>=20s,6.0,0.0,0.0,6.0,0.0,100.0,100.0,BLOCKED_100.0%,0.00,0.0,NO,STANDBY_VEL_LOW,0,0.00,4590.00,70.15,FALSE,M5_TREND_NEUTRAL|M1_DIRECTION_MISMATCH
2026-09-07 17:28:53.444,1788802133.445,1354,44,178,4412.30,4412.38,8.0,PASS_<=10c,+0.0,FLAT,+0.0,-111.0,3.3,+0.62,0.19,SLOW,4413.41,4413.41,4412.31,4412.79,0.00,0.00,0.0,NEUTRAL,110.0,4412.30,4412.30,4412.24,4412.30,53,CLEARED_>=20s,6.0,0.0,0.0,6.0,0.0,100.0,100.0,BLOCKED_100.0%,0.00,0.0,NO,STANDBY_VEL_LOW,0,0.00,4590.00,70.15,FALSE,M5_TREND_NEUTRAL|M1_DIRECTION_MISMATCH
2026-09-07 17:28:53.945,1788802133.946,1355,45,179,4412.30,4412.38,8.0,PASS_<=10c,+0.0,FLAT,+0.0,-111.0,4.4,+0.78,0.18,SLOW,4413.41,4413.41,4412.31,4412.79,0.00,0.00,0.0,NEUTRAL,110.0,4412.30,4412.30,4412.24,4412.30,53,CLEARED_>=20s,6.0,0.0,0.0,6.0,0.0,100.0,100.0,BLOCKED_100.0%,0.00,0.0,NO,STANDBY_VEL_LOW,0,0.00,4590.00,70.15,FALSE,M5_TREND_NEUTRAL|M1_DIRECTION_MISMATCH
2026-09-07 17:28:54.447,1788802134.448,1356,46,180,4412.39,4412.47,8.0,PASS_<=10c,+9.0,UP,+9.0,-102.0,4.3,+2.75,0.64,SLOW,4413.41,4413.41,4412.31,4412.79,0.00,0.00,0.0,NEUTRAL,110.0,4412.30,4412.39,4412.24,4412.39,54,CLEARED_>=20s,15.0,9.0,0.0,6.0,0.0,40.0,40.0,BLOCKED_40.0%,0.00,0.0,NO,STANDBY_VEL_LOW,0,0.00,4590.00,70.15,FALSE,M5_TREND_NEUTRAL|M1_DIRECTION_MISMATCH
2026-09-07 17:28:54.950,1788802134.950,1357,47,181,4412.39,4412.47,8.0,PASS_<=10c,+0.0,FLAT,+9.0,-102.0,4.3,+2.46,0.57,SLOW,4413.41,4413.41,4412.31,4412.79,0.00,0.00,0.0,NEUTRAL,110.0,4412.30,4412.39,4412.24,4412.39,54,CLEARED_>=20s,15.0,9.0,0.0,6.0,0.0,40.0,40.0,BLOCKED_40.0%,0.00,0.0,NO,STANDBY_VEL_LOW,0,0.00,4590.00,70.15,FALSE,M5_TREND_NEUTRAL|M1_DIRECTION_MISMATCH
2026-09-07 17:28:55.451,1788802135.452,1358,48,182,4412.39,4412.47,8.0,PASS_<=10c,+0.0,FLAT,+9.0,-102.0,4.2,+2.52,0.60,SLOW,4413.41,4413.41,4412.31,4412.79,0.00,0.00,0.0,NEUTRAL,110.0,4412.30,4412.39,4412.24,4412.39,55,CLEARED_>=20s,15.0,9.0,0.0,6.0,0.0,40.0,40.0,BLOCKED_40.0%,0.00,0.0,NO,STANDBY_VEL_LOW,0,0.00,4590.00,70.15,FALSE,M5_TREND_NEUTRAL|M1_DIRECTION_MISMATCH
2026-09-07 17:28:55.957,1788802135.958,1359,49,183,4412.39,4412.47,8.0,PASS_<=10c,+0.0,FLAT,+9.0,-102.0,4.2,+1.89,0.45,SLOW,4413.41,4413.41,4412.31,4412.79,0.00,0.00,0.0,NEUTRAL,110.0,4412.30,4412.39,4412.24,4412.39,55,CLEARED_>=20s,15.0,9.0,0.0,6.0,0.0,40.0,40.0,BLOCKED_40.0%,0.00,0.0,NO,STANDBY_VEL_LOW,0,0.00,4590.00,70.15,FALSE,M5_TREND_NEUTRAL|M1_DIRECTION_MISMATCH
2026-09-07 17:28:56.459,1788802136.460,1360,50,184,4412.39,4412.47,8.0,PASS_<=10c,+0.0,FLAT,+9.0,-102.0,4.2,+1.89,0.45,SLOW,4413.41,4413.41,4412.31,4412.79,0.00,0.00,0.0,NEUTRAL,110.0,4412.30,4412.39,4412.24,4412.39,56,CLEARED_>=20s,15.0,9.0,0.0,6.0,0.0,40.0,40.0,BLOCKED_40.0%,0.00,0.0,NO,STANDBY_VEL_LOW,0,0.00,4590.00,70.15,FALSE,M5_TREND_NEUTRAL|M1_DIRECTION_MISMATCH
2026-09-07 17:28:56.961,1788802136.962,1361,51,185,4412.39,4412.47,8.0,PASS_<=10c,+0.0,FLAT,+9.0,-102.0,4.2,+1.89,0.45,SLOW,4413.41,4413.41,4412.31,4412.79,0.00,0.00,0.0,NEUTRAL,110.0,4412.30,4412.39,4412.24,4412.39,56,CLEARED_>=20s,15.0,9.0,0.0,6.0,0.0,40.0,40.0,BLOCKED_40.0%,0.00,0.0,NO,STANDBY_VEL_LOW,0,0.00,4590.00,70.15,FALSE,M5_TREND_NEUTRAL|M1_DIRECTION_MISMATCH
2026-09-07 17:28:57.463,1788802137.464,1362,52,186,4412.39,4412.47,8.0,PASS_<=10c,+0.0,FLAT,+9.0,-102.0,4.2,+1.89,0.45,SLOW,4413.41,4413.41,4412.31,4412.79,0.00,0.00,0.0,NEUTRAL,110.0,4412.30,4412.39,4412.24,4412.39,57,CLEARED_>=20s,15.0,9.0,0.0,6.0,0.0,40.0,40.0,BLOCKED_40.0%,0.00,0.0,NO,STANDBY_VEL_LOW,0,0.00,4590.00,70.15,FALSE,M5_TREND_NEUTRAL|M1_DIRECTION_MISMATCH
2026-09-07 17:28:57.964,1788802137.965,1363,53,187,4412.39,4412.47,8.0,PASS_<=10c,+0.0,FLAT,+9.0,-102.0,4.2,+1.89,0.45,SLOW,4413.41,4413.41,4412.31,4412.79,0.00,0.00,0.0,NEUTRAL,110.0,4412.30,4412.39,4412.24,4412.39,57,CLEARED_>=20s,15.0,9.0,0.0,6.0,0.0,40.0,40.0,BLOCKED_40.0%,0.00,0.0,NO,STANDBY_VEL_LOW,0,0.00,4590.00,70.15,FALSE,M5_TREND_NEUTRAL|M1_DIRECTION_MISMATCH
2026-09-07 17:29:08.339,1788802148.340,1364,1,188,4412.39,4412.47,8.0,PASS_<=10c,+0.0,FLAT,+0.0,-102.0,1.5,+0.15,0.10,SLOW,4413.41,4413.41,4412.31,4412.79,0.00,0.00,0.0,NEUTRAL,110.0,4412.39,4412.39,4412.39,4412.39,8,ACTIVE_8s,1.0,0.0,0.0,0.0,0.0,0.0,0.0,PASS_<20%,0.00,0.0,NO,STANDBY_VEL_LOW,0,0.00,4590.00,70.15,FALSE,M5_TREND_NEUTRAL|M1_DIRECTION_MISMATCH|OPENING_SHIELD_ACTIVE_8s
2026-09-07 17:29:14.961,1788802154.962,1365,2,189,4412.39,4412.47,8.0,PASS_<=10c,+0.0,FLAT,+0.0,-102.0,1.5,+0.15,0.10,SLOW,4413.41,4413.41,4412.31,4412.79,0.00,0.00,0.0,NEUTRAL,110.0,4412.39,4412.39,4412.39,4412.39,14,ACTIVE_14s,1.0,0.0,0.0,0.0,0.0,0.0,0.0,PASS_<20%,0.00,0.0,NO,STANDBY_VEL_LOW,0,0.00,4590.00,70.15,FALSE,M5_TREND_NEUTRAL|M1_DIRECTION_MISMATCH|OPENING_SHIELD_ACTIVE_14s
2026-09-07 17:29:15.317,1788802155.318,1366,3,190,4412.53,4412.61,8.0,PASS_<=10c,+14.0,UP,+14.0,-88.0,2.1,+7.52,3.58,SLOW,4413.41,4413.41,4412.31,4412.79,0.00,0.00,0.0,NEUTRAL,110.0,4412.39,4412.53,4412.39,4412.53,15,ACTIVE_15s,14.0,14.0,0.0,0.0,0.0,0.0,0.0,PASS_<20%,0.00,0.0,NO,STANDBY_VEL_LOW,0,0.00,4590.00,70.15,FALSE,M5_TREND_NEUTRAL|M1_DIRECTION_MISMATCH|OPENING_SHIELD_ACTIVE_15s
2026-09-07 17:29:15.818,1788802155.819,1367,4,191,4412.53,4412.61,8.0,PASS_<=10c,+0.0,FLAT,+14.0,-88.0,2.5,+5.93,2.37,SLOW,4413.41,4413.41,4412.31,4412.79,0.00,0.00,0.0,NEUTRAL,110.0,4412.39,4412.53,4412.39,4412.53,15,ACTIVE_15s,14.0,14.0,0.0,0.0,0.0,0.0,0.0,PASS_<20%,0.00,0.0,NO,STANDBY_VEL_LOW,0,0.00,4590.00,70.15,FALSE,M5_TREND_NEUTRAL|M1_DIRECTION_MISMATCH|OPENING_SHIELD_ACTIVE_15s
2026-09-07 17:29:16.321,1788802156.321,1368,5,192,4412.53,4412.61,8.0,PASS_<=10c,+0.0,FLAT,+14.0,-88.0,2.8,+4.89,1.75,SLOW,4413.41,4413.41,4412.31,4412.79,0.00,0.00,0.0,NEUTRAL,110.0,4412.39,4412.53,4412.39,4412.53,16,ACTIVE_16s,14.0,14.0,0.0,0.0,0.0,0.0,0.0,PASS_<20%,0.00,0.0,NO,STANDBY_VEL_LOW,0,0.00,4590.00,70.15,FALSE,M5_TREND_NEUTRAL|M1_DIRECTION_MISMATCH|OPENING_SHIELD_ACTIVE_16s
2026-09-07 17:29:16.823,1788802156.823,1369,6,193,4412.53,4412.61,8.0,PASS_<=10c,+0.0,FLAT,+14.0,-88.0,3.0,+4.16,1.39,SLOW,4413.41,4413.41,4412.31,4412.79,0.00,0.00,0.0,NEUTRAL,110.0,4412.39,4412.53,4412.39,4412.53,16,ACTIVE_16s,14.0,14.0,0.0,0.0,0.0,0.0,0.0,PASS_<20%,0.00,0.0,NO,STANDBY_VEL_LOW,0,0.00,4590.00,70.15,FALSE,M5_TREND_NEUTRAL|M1_DIRECTION_MISMATCH|OPENING_SHIELD_ACTIVE_16s
2026-09-07 17:29:17.325,1788802157.325,1370,7,194,4412.53,4412.61,8.0,PASS_<=10c,+0.0,FLAT,+14.0,-88.0,3.1,+3.62,1.17,SLOW,4413.41,4413.41,4412.31,4412.79,0.00,0.00,0.0,NEUTRAL,110.0,4412.39,4412.53,4412.39,4412.53,17,ACTIVE_17s,14.0,14.0,0.0,0.0,0.0,0.0,0.0,PASS_<20%,0.00,0.0,NO,STANDBY_VEL_LOW,0,0.00,4590.00,70.15,FALSE,M5_TREND_NEUTRAL|M1_DIRECTION_MISMATCH|OPENING_SHIELD_ACTIVE_17s
2026-09-07 17:29:17.827,1788802157.827,1371,8,195,4412.51,4412.59,8.0,PASS_<=10c,-2.0,DOWN,+12.0,-90.0,3.2,+2.75,0.86,SLOW,4413.41,4413.41,4412.31,4412.79,0.00,0.00,0.0,NEUTRAL,110.0,4412.39,4412.53,4412.39,4412.51,17,ACTIVE_17s,14.0,12.0,2.0,0.0,14.3,0.0,14.3,PASS_<20%,0.00,0.0,NO,STANDBY_VEL_LOW,0,0.00,4590.00,70.15,FALSE,M5_TREND_NEUTRAL|M1_DIRECTION_MISMATCH|OPENING_SHIELD_ACTIVE_17s
2026-09-07 17:29:18.327,1788802158.328,1372,9,196,4412.51,4412.59,8.0,PASS_<=10c,+0.0,FLAT,+12.0,-90.0,3.3,+2.46,0.75,SLOW,4413.41,4413.41,4412.31,4412.79,0.00,0.00,0.0,NEUTRAL,110.0,4412.39,4412.53,4412.39,4412.51,18,ACTIVE_18s,14.0,12.0,2.0,0.0,14.3,0.0,14.3,PASS_<20%,0.00,0.0,NO,STANDBY_VEL_LOW,0,0.00,4590.00,70.15,FALSE,M5_TREND_NEUTRAL|M1_DIRECTION_MISMATCH|OPENING_SHIELD_ACTIVE_18s
2026-09-07 17:29:18.829,1788802158.829,1373,10,197,4412.51,4412.59,8.0,PASS_<=10c,+0.0,FLAT,+12.0,-90.0,4.4,+3.10,0.70,SLOW,4413.41,4413.41,4412.31,4412.79,0.00,0.00,0.0,NEUTRAL,110.0,4412.39,4412.53,4412.39,4412.51,18,ACTIVE_18s,14.0,12.0,2.0,0.0,14.3,0.0,14.3,PASS_<20%,0.00,0.0,NO,STANDBY_VEL_LOW,0,0.00,4590.00,70.15,FALSE,M5_TREND_NEUTRAL|M1_DIRECTION_MISMATCH|OPENING_SHIELD_ACTIVE_18s
2026-09-07 17:29:19.330,1788802159.331,1374,11,198,4412.51,4412.59,8.0,PASS_<=10c,+0.0,FLAT,+12.0,-90.0,4.3,+2.75,0.64,SLOW,4413.41,4413.41,4412.31,4412.79,0.00,0.00,0.0,NEUTRAL,110.0,4412.39,4412.53,4412.39,4412.51,19,ACTIVE_19s,14.0,12.0,2.0,0.0,14.3,0.0,14.3,PASS_<20%,0.00,0.0,NO,STANDBY_VEL_LOW,0,0.00,4590.00,70.15,FALSE,M5_TREND_NEUTRAL|M1_DIRECTION_MISMATCH|OPENING_SHIELD_ACTIVE_19s
2026-09-07 17:29:19.834,1788802159.835,1375,12,199,4412.51,4412.59,8.0,PASS_<=10c,+0.0,FLAT,+12.0,-90.0,4.3,+2.46,0.57,SLOW,4413.41,4413.41,4412.31,4412.79,0.00,0.00,0.0,NEUTRAL,110.0,4412.39,4412.53,4412.39,4412.51,19,ACTIVE_19s,14.0,12.0,2.0,0.0,14.3,0.0,14.3,PASS_<20%,0.00,0.0,NO,STANDBY_VEL_LOW,0,0.00,4590.00,70.15,FALSE,M5_TREND_NEUTRAL|M1_DIRECTION_MISMATCH|OPENING_SHIELD_ACTIVE_19s
2026-09-07 17:29:20.336,1788802160.337,1376,13,200,4412.51,4412.59,8.0,PASS_<=10c,+0.0,FLAT,+12.0,-90.0,4.2,+0.42,0.10,SLOW,4413.41,4413.41,4412.31,4412.79,0.00,0.00,0.0,NEUTRAL,110.0,4412.39,4412.53,4412.39,4412.51,20,CLEARED_>=20s,14.0,12.0,2.0,0.0,14.3,0.0,14.3,PASS_<20%,0.00,0.0,NO,STANDBY_VEL_LOW,0,0.00,4590.00,70.15,FALSE,M5_TREND_NEUTRAL|M1_DIRECTION_MISMATCH
2026-09-07 17:29:20.838,1788802160.838,1377,14,201,4412.51,4412.59,8.0,PASS_<=10c,+0.0,FLAT,+12.0,-90.0,4.2,+0.42,0.10,SLOW,4413.41,4413.41,4412.31,4412.79,0.00,0.00,0.0,NEUTRAL,110.0,4412.39,4412.53,4412.39,4412.51,20,CLEARED_>=20s,14.0,12.0,2.0,0.0,14.3,0.0,14.3,PASS_<20%,0.00,0.0,NO,STANDBY_VEL_LOW,0,0.00,4590.00,70.15,FALSE,M5_TREND_NEUTRAL|M1_DIRECTION_MISMATCH
2026-09-07 17:29:21.339,1788802161.340,1378,15,202,4412.51,4412.59,8.0,PASS_<=10c,+0.0,FLAT,+12.0,-90.0,4.2,+0.42,0.10,SLOW,4413.41,4413.41,4412.31,4412.79,0.00,0.00,0.0,NEUTRAL,110.0,4412.39,4412.53,4412.39,4412.51,21,CLEARED_>=20s,14.0,12.0,2.0,0.0,14.3,0.0,14.3,PASS_<20%,0.00,0.0,NO,STANDBY_VEL_LOW,0,0.00,4590.00,70.15,FALSE,M5_TREND_NEUTRAL|M1_DIRECTION_MISMATCH
2026-09-07 17:29:21.840,1788802161.841,1379,16,203,4412.51,4412.59,8.0,PASS_<=10c,+0.0,FLAT,+12.0,-90.0,4.2,+0.42,0.10,SLOW,4413.41,4413.41,4412.31,4412.79,0.00,0.00,0.0,NEUTRAL,110.0,4412.39,4412.53,4412.39,4412.51,21,CLEARED_>=20s,14.0,12.0,2.0,0.0,14.3,0.0,14.3,PASS_<20%,0.00,0.0,NO,STANDBY_VEL_LOW,0,0.00,4590.00,70.15,FALSE,M5_TREND_NEUTRAL|M1_DIRECTION_MISMATCH
2026-09-07 17:29:22.342,1788802162.343,1380,17,204,4412.51,4412.59,8.0,PASS_<=10c,+0.0,FLAT,+12.0,-90.0,4.2,+0.35,0.08,SLOW,4413.41,4413.41,4412.31,4412.79,0.00,0.00,0.0,NEUTRAL,110.0,4412.39,4412.53,4412.39,4412.51,22,CLEARED_>=20s,14.0,12.0,2.0,0.0,14.3,0.0,14.3,PASS_<20%,0.00,0.0,NO,STANDBY_VEL_LOW,0,0.00,4590.00,70.15,FALSE,M5_TREND_NEUTRAL|M1_DIRECTION_MISMATCH
2026-09-07 17:29:22.844,1788802162.845,1381,18,205,4412.51,4412.59,8.0,PASS_<=10c,+0.0,FLAT,+12.0,-90.0,4.2,+0.35,0.08,SLOW,4413.41,4413.41,4412.31,4412.79,0.00,0.00,0.0,NEUTRAL,110.0,4412.39,4412.53,4412.39,4412.51,22,CLEARED_>=20s,14.0,12.0,2.0,0.0,14.3,0.0,14.3,PASS_<20%,0.00,0.0,NO,STANDBY_VEL_LOW,0,0.00,4590.00,70.15,FALSE,M5_TREND_NEUTRAL|M1_DIRECTION_MISMATCH
2026-09-07 17:29:33.229,1788802173.230,1382,19,206,4412.51,4412.59,8.0,PASS_<=10c,+0.0,FLAT,+12.0,-90.0,1.3,+0.44,0.34,SLOW,4413.41,4413.41,4412.31,4412.79,0.00,0.00,0.0,NEUTRAL,110.0,4412.39,4412.53,4412.39,4412.51,33,CLEARED_>=20s,14.0,12.0,2.0,0.0,14.3,0.0,14.3,PASS_<20%,0.00,0.0,NO,STANDBY_VEL_LOW,0,0.00,4590.00,70.15,FALSE,M5_TREND_NEUTRAL|M1_DIRECTION_MISMATCH
2026-09-07 17:29:40.660,1788802180.661,1383,20,207,4412.51,4412.59,8.0,PASS_<=10c,+0.0,FLAT,+12.0,-90.0,1.3,+0.42,0.32,SLOW,4413.41,4413.41,4412.31,4412.79,0.00,0.00,0.0,NEUTRAL,110.0,4412.39,4412.53,4412.39,4412.51,40,CLEARED_>=20s,14.0,12.0,2.0,0.0,14.3,0.0,14.3,PASS_<20%,0.00,0.0,NO,STANDBY_VEL_LOW,0,0.00,4590.00,70.15,FALSE,M5_TREND_NEUTRAL|M1_DIRECTION_MISMATCH
2026-09-07 17:29:41.015,1788802181.015,1384,21,208,4412.44,4412.52,8.0,PASS_<=10c,-7.0,DOWN,+5.0,-97.0,1.5,+2.63,1.75,SLOW,4413.41,4413.41,4412.31,4412.79,0.00,0.00,0.0,NEUTRAL,110.0,4412.39,4412.53,4412.39,4412.44,41,CLEARED_>=20s,14.0,5.0,9.0,0.0,64.3,0.0,64.3,BLOCKED_64.3%,0.00,0.0,NO,STANDBY_VEL_LOW,0,0.00,4590.00,70.15,FALSE,M5_TREND_NEUTRAL|M1_DIRECTION_MISMATCH
2026-09-07 17:29:41.516,1788802181.517,1385,22,209,4412.44,4412.52,8.0,PASS_<=10c,+0.0,FLAT,+5.0,-97.0,1.9,+2.21,1.16,SLOW,4413.41,4413.41,4412.31,4412.79,0.00,0.00,0.0,NEUTRAL,110.0,4412.39,4412.53,4412.39,4412.44,41,CLEARED_>=20s,14.0,5.0,9.0,0.0,64.3,0.0,64.3,BLOCKED_64.3%,0.00,0.0,NO,STANDBY_VEL_LOW,0,0.00,4590.00,70.15,FALSE,M5_TREND_NEUTRAL|M1_DIRECTION_MISMATCH
2026-09-07 17:29:42.018,1788802182.018,1386,23,210,4412.44,4412.52,8.0,PASS_<=10c,+0.0,FLAT,+5.0,-97.0,2.2,+1.91,0.87,SLOW,4413.41,4413.41,4412.31,4412.79,0.00,0.00,0.0,NEUTRAL,110.0,4412.39,4412.53,4412.39,4412.44,42,CLEARED_>=20s,14.0,5.0,9.0,0.0,64.3,0.0,64.3,BLOCKED_64.3%,0.00,0.0,NO,STANDBY_VEL_LOW,0,0.00,4590.00,70.15,FALSE,M5_TREND_NEUTRAL|M1_DIRECTION_MISMATCH
2026-09-07 17:29:42.519,1788802182.519,1387,24,211,4412.44,4412.52,8.0,PASS_<=10c,+0.0,FLAT,+5.0,-97.0,2.4,+1.68,0.70,SLOW,4413.41,4413.41,4412.31,4412.79,0.00,0.00,0.0,NEUTRAL,110.0,4412.39,4412.53,4412.39,4412.44,42,CLEARED_>=20s,14.0,5.0,9.0,0.0,64.3,0.0,64.3,BLOCKED_64.3%,0.00,0.0,NO,STANDBY_VEL_LOW,0,0.00,4590.00,70.15,FALSE,M5_TREND_NEUTRAL|M1_DIRECTION_MISMATCH
2026-09-07 17:29:43.021,1788802183.021,1388,25,212,4412.44,4412.52,8.0,PASS_<=10c,+0.0,FLAT,+5.0,-97.0,2.6,+1.50,0.58,SLOW,4413.41,4413.41,4412.31,4412.79,0.00,0.00,0.0,NEUTRAL,110.0,4412.39,4412.53,4412.39,4412.44,43,CLEARED_>=20s,14.0,5.0,9.0,0.0,64.3,0.0,64.3,BLOCKED_64.3%,0.00,0.0,NO,STANDBY_VEL_LOW,0,0.00,4590.00,70.15,FALSE,M5_TREND_NEUTRAL|M1_DIRECTION_MISMATCH
2026-09-07 17:29:43.524,1788802183.524,1389,26,213,4412.44,4412.52,8.0,PASS_<=10c,+0.0,FLAT,+5.0,-97.0,4.5,+2.44,0.54,SLOW,4413.41,4413.41,4412.31,4412.79,0.00,0.00,0.0,NEUTRAL,110.0,4412.39,4412.53,4412.39,4412.44,43,CLEARED_>=20s,14.0,5.0,9.0,0.0,64.3,0.0,64.3,BLOCKED_64.3%,0.00,0.0,NO,STANDBY_VEL_LOW,0,0.00,4590.00,70.15,FALSE,M5_TREND_NEUTRAL|M1_DIRECTION_MISMATCH
2026-09-07 17:29:44.025,1788802184.025,1390,27,214,4412.44,4412.52,8.0,PASS_<=10c,+0.0,FLAT,+5.0,-97.0,4.5,+2.08,0.46,SLOW,4413.41,4413.41,4412.31,4412.79,0.00,0.00,0.0,NEUTRAL,110.0,4412.39,4412.53,4412.39,4412.44,44,CLEARED_>=20s,14.0,5.0,9.0,0.0,64.3,0.0,64.3,BLOCKED_64.3%,0.00,0.0,NO,STANDBY_VEL_LOW,0,0.00,4590.00,70.15,FALSE,M5_TREND_NEUTRAL|M1_DIRECTION_MISMATCH
2026-09-07 17:29:44.526,1788802184.527,1391,28,215,4412.44,4412.52,8.0,PASS_<=10c,+0.0,FLAT,+5.0,-97.0,4.4,+1.81,0.41,SLOW,4413.41,4413.41,4412.31,4412.79,0.00,0.00,0.0,NEUTRAL,110.0,4412.39,4412.53,4412.39,4412.44,44,CLEARED_>=20s,14.0,5.0,9.0,0.0,64.3,0.0,64.3,BLOCKED_64.3%,0.00,0.0,NO,STANDBY_VEL_LOW,0,0.00,4590.00,70.15,FALSE,M5_TREND_NEUTRAL|M1_DIRECTION_MISMATCH
2026-09-07 17:29:45.028,1788802185.029,1392,29,216,4412.44,4412.52,8.0,PASS_<=10c,+0.0,FLAT,+5.0,-97.0,4.3,+1.60,0.37,SLOW,4413.41,4413.41,4412.31,4412.79,0.00,0.00,0.0,NEUTRAL,110.0,4412.39,4412.53,4412.39,4412.44,45,CLEARED_>=20s,14.0,5.0,9.0,0.0,64.3,0.0,64.3,BLOCKED_64.3%,0.00,0.0,NO,STANDBY_VEL_LOW,0,0.00,4590.00,70.15,FALSE,M5_TREND_NEUTRAL|M1_DIRECTION_MISMATCH
2026-09-07 17:29:45.529,1788802185.529,1393,30,217,4412.44,4412.52,8.0,PASS_<=10c,+0.0,FLAT,+5.0,-97.0,4.3,+1.44,0.33,SLOW,4413.41,4413.41,4412.31,4412.79,0.00,0.00,0.0,NEUTRAL,110.0,4412.39,4412.53,4412.39,4412.44,45,CLEARED_>=20s,14.0,5.0,9.0,0.0,64.3,0.0,64.3,BLOCKED_64.3%,0.00,0.0,NO,STANDBY_VEL_LOW,0,0.00,4590.00,70.15,FALSE,M5_TREND_NEUTRAL|M1_DIRECTION_MISMATCH
2026-09-07 17:29:46.031,1788802186.032,1394,31,218,4412.44,4412.52,8.0,PASS_<=10c,+0.0,FLAT,+5.0,-97.0,4.2,+0.30,0.07,SLOW,4413.41,4413.41,4412.31,4412.79,0.00,0.00,0.0,NEUTRAL,110.0,4412.39,4412.53,4412.39,4412.44,46,CLEARED_>=20s,14.0,5.0,9.0,0.0,64.3,0.0,64.3,BLOCKED_64.3%,0.00,0.0,NO,STANDBY_VEL_LOW,0,0.00,4590.00,70.15,FALSE,M5_TREND_NEUTRAL|M1_DIRECTION_MISMATCH
2026-09-07 17:29:46.533,1788802186.534,1395,32,219,4412.44,4412.52,8.0,PASS_<=10c,+0.0,FLAT,+5.0,-97.0,4.2,+0.29,0.07,SLOW,4413.41,4413.41,4412.31,4412.79,0.00,0.00,0.0,NEUTRAL,110.0,4412.39,4412.53,4412.39,4412.44,46,CLEARED_>=20s,14.0,5.0,9.0,0.0,64.3,0.0,64.3,BLOCKED_64.3%,0.00,0.0,NO,STANDBY_VEL_LOW,0,0.00,4590.00,70.15,FALSE,M5_TREND_NEUTRAL|M1_DIRECTION_MISMATCH
2026-09-07 17:29:47.034,1788802187.035,1396,33,220,4412.44,4412.52,8.0,PASS_<=10c,+0.0,FLAT,+5.0,-97.0,4.2,+0.29,0.07,SLOW,4413.41,4413.41,4412.31,4412.79,0.00,0.00,0.0,NEUTRAL,110.0,4412.39,4412.53,4412.39,4412.44,47,CLEARED_>=20s,14.0,5.0,9.0,0.0,64.3,0.0,64.3,BLOCKED_64.3%,0.00,0.0,NO,STANDBY_VEL_LOW,0,0.00,4590.00,70.15,FALSE,M5_TREND_NEUTRAL|M1_DIRECTION_MISMATCH
2026-09-07 17:29:47.536,1788802187.536,1397,34,221,4412.44,4412.52,8.0,PASS_<=10c,+0.0,FLAT,+5.0,-97.0,4.2,+0.29,0.07,SLOW,4413.41,4413.41,4412.31,4412.79,0.00,0.00,0.0,NEUTRAL,110.0,4412.39,4412.53,4412.39,4412.44,47,CLEARED_>=20s,14.0,5.0,9.0,0.0,64.3,0.0,64.3,BLOCKED_64.3%,0.00,0.0,NO,STANDBY_VEL_LOW,0,0.00,4590.00,70.15,FALSE,M5_TREND_NEUTRAL|M1_DIRECTION_MISMATCH
2026-09-07 17:29:48.037,1788802188.037,1398,35,222,4412.44,4412.52,8.0,PASS_<=10c,+0.0,FLAT,+5.0,-97.0,4.2,+0.29,0.07,SLOW,4413.41,4413.41,4412.31,4412.79,0.00,0.00,0.0,NEUTRAL,110.0,4412.39,4412.53,4412.39,4412.44,48,CLEARED_>=20s,14.0,5.0,9.0,0.0,64.3,0.0,64.3,BLOCKED_64.3%,0.00,0.0,NO,STANDBY_VEL_LOW,0,0.00,4590.00,70.15,FALSE,M5_TREND_NEUTRAL|M1_DIRECTION_MISMATCH
2026-09-07 17:29:48.538,1788802188.539,1399,36,223,4412.44,4412.52,8.0,PASS_<=10c,+0.0,FLAT,+5.0,-97.0,4.2,+0.28,0.07,SLOW,4413.41,4413.41,4412.31,4412.79,0.00,0.00,0.0,NEUTRAL,110.0,4412.39,4412.53,4412.39,4412.44,48,CLEARED_>=20s,14.0,5.0,9.0,0.0,64.3,0.0,64.3,BLOCKED_64.3%,0.00,0.0,NO,STANDBY_VEL_LOW,0,0.00,4590.00,70.15,FALSE,M5_TREND_NEUTRAL|M1_DIRECTION_MISMATCH
2026-09-07 17:29:58.926,1788802198.927,1400,37,224,4412.44,4412.52,8.0,PASS_<=10c,+0.0,FLAT,+5.0,-97.0,1.3,+0.09,0.07,SLOW,4413.41,4413.41,4412.31,4412.79,0.00,0.00,0.0,NEUTRAL,110.0,4412.39,4412.53,4412.39,4412.44,58,CLEARED_>=20s,14.0,5.0,9.0,0.0,64.3,0.0,64.3,BLOCKED_64.3%,0.00,0.0,NO,STANDBY_VEL_LOW,0,0.00,4590.00,70.15,FALSE,M5_TREND_NEUTRAL|M1_DIRECTION_MISMATCH
2026-09-07 17:30:05.562,1788802205.563,1401,1,1,4412.44,4412.52,8.0,PASS_<=10c,+0.0,FLAT,+0.0,-36.0,1.3,+0.09,0.07,SLOW,4412.80,4412.99,4412.16,4412.44,0.00,0.00,0.0,NEUTRAL,83.0,4412.44,4412.44,4412.44,4412.44,5,ACTIVE_5s,1.0,0.0,0.0,0.0,0.0,0.0,0.0,PASS_<20%,0.00,0.0,NO,STANDBY_VEL_LOW,0,0.00,4590.00,70.15,FALSE,M5_TREND_NEUTRAL|M1_DIRECTION_MISMATCH|OPENING_SHIELD_ACTIVE_5s
2026-09-07 17:30:05.917,1788802205.917,1402,2,2,4412.51,4412.59,8.0,PASS_<=10c,+7.0,UP,+7.0,-29.0,2.1,+3.74,1.78,SLOW,4412.80,4412.99,4412.16,4412.44,0.00,0.00,0.0,NEUTRAL,83.0,4412.44,4412.51,4412.44,4412.51,5,ACTIVE_5s,7.0,7.0,0.0,0.0,0.0,0.0,0.0,PASS_<20%,0.00,0.0,NO,STANDBY_VEL_LOW,0,0.00,4590.00,70.15,FALSE,M5_TREND_NEUTRAL|M1_DIRECTION_MISMATCH|OPENING_SHIELD_ACTIVE_5s
2026-09-07 17:30:06.418,1788802206.418,1403,3,3,4412.52,4412.60,8.0,PASS_<=10c,+1.0,UP,+8.0,-28.0,2.5,+3.37,1.35,SLOW,4412.80,4412.99,4412.16,4412.44,0.00,0.00,0.0,NEUTRAL,83.0,4412.44,4412.52,4412.44,4412.52,6,ACTIVE_6s,8.0,8.0,0.0,0.0,0.0,0.0,0.0,PASS_<20%,0.00,0.0,NO,STANDBY_VEL_LOW,0,0.00,4590.00,70.15,FALSE,M5_TREND_NEUTRAL|M1_DIRECTION_MISMATCH|OPENING_SHIELD_ACTIVE_6s
2026-09-07 17:30:06.919,1788802206.920,1404,4,4,4412.52,4412.60,8.0,PASS_<=10c,+0.0,FLAT,+8.0,-28.0,2.8,+2.78,0.99,SLOW,4412.80,4412.99,4412.16,4412.44,0.00,0.00,0.0,NEUTRAL,83.0,4412.44,4412.52,4412.44,4412.52,6,ACTIVE_6s,8.0,8.0,0.0,0.0,0.0,0.0,0.0,PASS_<20%,0.00,0.0,NO,STANDBY_VEL_LOW,0,0.00,4590.00,70.15,FALSE,M5_TREND_NEUTRAL|M1_DIRECTION_MISMATCH|OPENING_SHIELD_ACTIVE_6s
2026-09-07 17:30:07.421,1788802207.421,1405,5,5,4412.52,4412.60,8.0,PASS_<=10c,+0.0,FLAT,+8.0,-28.0,3.0,+2.37,0.79,SLOW,4412.80,4412.99,4412.16,4412.44,0.00,0.00,0.0,NEUTRAL,83.0,4412.44,4412.52,4412.44,4412.52,7,ACTIVE_7s,8.0,8.0,0.0,0.0,0.0,0.0,0.0,PASS_<20%,0.00,0.0,NO,STANDBY_VEL_LOW,0,0.00,4590.00,70.15,FALSE,M5_TREND_NEUTRAL|M1_DIRECTION_MISMATCH|OPENING_SHIELD_ACTIVE_7s
2026-09-07 17:30:07.922,1788802207.923,1406,6,6,4412.52,4412.60,8.0,PASS_<=10c,+0.0,FLAT,+8.0,-28.0,3.1,+2.06,0.66,SLOW,4412.80,4412.99,4412.16,4412.44,0.00,0.00,0.0,NEUTRAL,83.0,4412.44,4412.52,4412.44,4412.52,7,ACTIVE_7s,8.0,8.0,0.0,0.0,0.0,0.0,0.0,PASS_<20%,0.00,0.0,NO,STANDBY_VEL_LOW,0,0.00,4590.00,70.15,FALSE,M5_TREND_NEUTRAL|M1_DIRECTION_MISMATCH|OPENING_SHIELD_ACTIVE_7s
2026-09-07 17:30:08.424,1788802208.424,1407,7,7,4412.52,4412.60,8.0,PASS_<=10c,+0.0,FLAT,+8.0,-28.0,3.2,+1.83,0.57,SLOW,4412.80,4412.99,4412.16,4412.44,0.00,0.00,0.0,NEUTRAL,83.0,4412.44,4412.52,4412.44,4412.52,8,ACTIVE_8s,8.0,8.0,0.0,0.0,0.0,0.0,0.0,PASS_<20%,0.00,0.0,NO,STANDBY_VEL_LOW,0,0.00,4590.00,70.15,FALSE,M5_TREND_NEUTRAL|M1_DIRECTION_MISMATCH|OPENING_SHIELD_ACTIVE_8s
2026-09-07 17:30:08.926,1788802208.926,1408,8,8,4412.52,4412.60,8.0,PASS_<=10c,+0.0,FLAT,+8.0,-28.0,3.3,+1.64,0.50,SLOW,4412.80,4412.99,4412.16,4412.44,0.00,0.00,0.0,NEUTRAL,83.0,4412.44,4412.52,4412.44,4412.52,8,ACTIVE_8s,8.0,8.0,0.0,0.0,0.0,0.0,0.0,PASS_<20%,0.00,0.0,NO,STANDBY_VEL_LOW,0,0.00,4590.00,70.15,FALSE,M5_TREND_NEUTRAL|M1_DIRECTION_MISMATCH|OPENING_SHIELD_ACTIVE_8s
2026-09-07 17:30:09.427,1788802209.428,1409,9,9,4412.52,4412.60,8.0,PASS_<=10c,+0.0,FLAT,+8.0,-28.0,4.4,+2.07,0.47,SLOW,4412.80,4412.99,4412.16,4412.44,0.00,0.00,0.0,NEUTRAL,83.0,4412.44,4412.52,4412.44,4412.52,9,ACTIVE_9s,8.0,8.0,0.0,0.0,0.0,0.0,0.0,PASS_<20%,0.00,0.0,NO,STANDBY_VEL_LOW,0,0.00,4590.00,70.15,FALSE,M5_TREND_NEUTRAL|M1_DIRECTION_MISMATCH|OPENING_SHIELD_ACTIVE_9s
2026-09-07 17:30:09.929,1788802209.930,1410,10,10,4412.52,4412.60,8.0,PASS_<=10c,+0.0,FLAT,+8.0,-28.0,4.4,+1.83,0.42,SLOW,4412.80,4412.99,4412.16,4412.44,0.00,0.00,0.0,NEUTRAL,83.0,4412.44,4412.52,4412.44,4412.52,9,ACTIVE_9s,8.0,8.0,0.0,0.0,0.0,0.0,0.0,PASS_<20%,0.00,0.0,NO,STANDBY_VEL_LOW,0,0.00,4590.00,70.15,FALSE,M5_TREND_NEUTRAL|M1_DIRECTION_MISMATCH|OPENING_SHIELD_ACTIVE_9s
2026-09-07 17:30:10.432,1788802210.433,1411,11,11,4412.52,4412.60,8.0,PASS_<=10c,+0.0,FLAT,+8.0,-28.0,4.3,+1.64,0.38,SLOW,4412.80,4412.99,4412.16,4412.44,0.00,0.00,0.0,NEUTRAL,83.0,4412.44,4412.52,4412.44,4412.52,10,ACTIVE_10s,8.0,8.0,0.0,0.0,0.0,0.0,0.0,PASS_<20%,0.00,0.0,NO,STANDBY_VEL_LOW,0,0.00,4590.00,70.15,FALSE,M5_TREND_NEUTRAL|M1_DIRECTION_MISMATCH|OPENING_SHIELD_ACTIVE_10s
2026-09-07 17:30:10.934,1788802210.934,1412,12,12,4412.52,4412.60,8.0,PASS_<=10c,+0.0,FLAT,+8.0,-28.0,4.2,+0.23,0.05,SLOW,4412.80,4412.99,4412.16,4412.44,0.00,0.00,0.0,NEUTRAL,83.0,4412.44,4412.52,4412.44,4412.52,10,ACTIVE_10s,8.0,8.0,0.0,0.0,0.0,0.0,0.0,PASS_<20%,0.00,0.0,NO,STANDBY_VEL_LOW,0,0.00,4590.00,70.15,FALSE,M5_TREND_NEUTRAL|M1_DIRECTION_MISMATCH|OPENING_SHIELD_ACTIVE_10s
2026-09-07 17:30:11.436,1788802211.436,1413,13,13,4412.52,4412.60,8.0,PASS_<=10c,+0.0,FLAT,+8.0,-28.0,4.2,+0.22,0.05,SLOW,4412.80,4412.99,4412.16,4412.32,0.00,0.00,0.0,NEUTRAL,83.0,4412.44,4412.52,4412.44,4412.52,11,ACTIVE_11s,8.0,8.0,0.0,0.0,0.0,0.0,0.0,PASS_<20%,0.00,0.0,NO,STANDBY_VEL_LOW,0,0.00,4590.00,70.15,FALSE,M5_TREND_NEUTRAL|M1_DIRECTION_MISMATCH|OPENING_SHIELD_ACTIVE_11s
2026-09-07 17:30:11.937,1788802211.937,1414,14,14,4412.52,4412.60,8.0,PASS_<=10c,+0.0,FLAT,+8.0,-28.0,4.2,+0.22,0.05,SLOW,4412.80,4412.99,4412.16,4412.32,0.00,0.00,0.0,NEUTRAL,83.0,4412.44,4412.52,4412.44,4412.52,11,ACTIVE_11s,8.0,8.0,0.0,0.0,0.0,0.0,0.0,PASS_<20%,0.00,0.0,NO,STANDBY_VEL_LOW,0,0.00,4590.00,70.15,FALSE,M5_TREND_NEUTRAL|M1_DIRECTION_MISMATCH|OPENING_SHIELD_ACTIVE_11s
2026-09-07 17:30:12.438,1788802212.438,1415,15,15,4412.52,4412.60,8.0,PASS_<=10c,+0.0,FLAT,+8.0,-28.0,4.2,+0.22,0.05,SLOW,4412.80,4412.99,4412.16,4412.32,0.00,0.00,0.0,NEUTRAL,83.0,4412.44,4412.52,4412.44,4412.52,12,ACTIVE_12s,8.0,8.0,0.0,0.0,0.0,0.0,0.0,PASS_<20%,0.00,0.0,NO,STANDBY_VEL_LOW,0,0.00,4590.00,70.15,FALSE,M5_TREND_NEUTRAL|M1_DIRECTION_MISMATCH|OPENING_SHIELD_ACTIVE_12s
2026-09-07 17:30:12.939,1788802212.940,1416,16,16,4412.52,4412.60,8.0,PASS_<=10c,+0.0,FLAT,+8.0,-28.0,4.2,+0.22,0.05,SLOW,4412.80,4412.99,4412.16,4412.32,0.00,0.00,0.0,NEUTRAL,83.0,4412.44,4412.52,4412.44,4412.52,12,ACTIVE_12s,8.0,8.0,0.0,0.0,0.0,0.0,0.0,PASS_<20%,0.00,0.0,NO,STANDBY_VEL_LOW,0,0.00,4590.00,70.15,FALSE,M5_TREND_NEUTRAL|M1_DIRECTION_MISMATCH|OPENING_SHIELD_ACTIVE_12s
2026-09-07 17:30:13.442,1788802213.442,1417,17,17,4412.52,4412.60,8.0,PASS_<=10c,+0.0,FLAT,+8.0,-28.0,4.2,+0.22,0.05,SLOW,4412.80,4412.99,4412.16,4412.32,0.00,0.00,0.0,NEUTRAL,83.0,4412.44,4412.52,4412.44,4412.52,13,ACTIVE_13s,8.0,8.0,0.0,0.0,0.0,0.0,0.0,PASS_<20%,0.00,0.0,NO,STANDBY_VEL_LOW,0,0.00,4590.00,70.15,FALSE,M5_TREND_NEUTRAL|M1_DIRECTION_MISMATCH|OPENING_SHIELD_ACTIVE_13s
2026-09-07 17:30:23.835,1788802223.836,1418,18,18,4412.52,4412.60,8.0,PASS_<=10c,+0.0,FLAT,+8.0,-28.0,1.3,+0.02,0.02,SLOW,4412.80,4412.99,4412.16,4412.32,0.00,0.00,0.0,NEUTRAL,83.0,4412.44,4412.52,4412.44,4412.52,23,CLEARED_>=20s,8.0,8.0,0.0,0.0,0.0,0.0,0.0,PASS_<20%,0.00,0.0,NO,STANDBY_VEL_LOW,0,0.00,4590.00,70.15,FALSE,M5_TREND_NEUTRAL|M1_DIRECTION_MISMATCH
2026-09-07 17:30:30.458,1788802230.458,1419,19,19,4412.52,4412.60,8.0,PASS_<=10c,+0.0,FLAT,+8.0,-28.0,1.3,+0.02,0.02,SLOW,4412.80,4412.99,4412.16,4412.32,0.00,0.00,0.0,NEUTRAL,83.0,4412.44,4412.52,4412.44,4412.52,30,CLEARED_>=20s,8.0,8.0,0.0,0.0,0.0,0.0,0.0,PASS_<20%,0.00,0.0,NO,STANDBY_VEL_LOW,0,0.00,4590.00,70.15,FALSE,M5_TREND_NEUTRAL|M1_DIRECTION_MISMATCH
2026-09-07 17:30:30.812,1788802230.813,1420,20,20,4412.59,4412.67,8.0,PASS_<=10c,+7.0,UP,+15.0,-21.0,2.2,+3.77,1.71,SLOW,4412.80,4412.99,4412.16,4412.32,0.00,0.00,0.0,NEUTRAL,83.0,4412.44,4412.59,4412.44,4412.59,30,CLEARED_>=20s,15.0,15.0,0.0,0.0,0.0,0.0,0.0,PASS_<20%,0.00,0.0,NO,STANDBY_VEL_LOW,0,0.00,4590.00,70.15,FALSE,M5_TREND_NEUTRAL|M1_DIRECTION_MISMATCH
2026-09-07 17:30:31.314,1788802231.315,1421,21,21,4412.59,4412.67,8.0,PASS_<=10c,+0.0,FLAT,+15.0,-21.0,2.5,+2.97,1.19,SLOW,4412.80,4412.99,4412.16,4412.32,0.00,0.00,0.0,NEUTRAL,83.0,4412.44,4412.59,4412.44,4412.59,31,CLEARED_>=20s,15.0,15.0,0.0,0.0,0.0,0.0,0.0,PASS_<20%,0.00,0.0,NO,STANDBY_VEL_LOW,0,0.00,4590.00,70.15,FALSE,M5_TREND_NEUTRAL|M1_DIRECTION_MISMATCH
2026-09-07 17:30:31.817,1788802231.817,1422,22,22,4412.59,4412.67,8.0,PASS_<=10c,+0.0,FLAT,+15.0,-21.0,2.8,+2.45,0.88,SLOW,4412.80,4412.99,4412.16,4412.32,0.00,0.00,0.0,NEUTRAL,83.0,4412.44,4412.59,4412.44,4412.59,31,CLEARED_>=20s,15.0,15.0,0.0,0.0,0.0,0.0,0.0,PASS_<20%,0.00,0.0,NO,STANDBY_VEL_LOW,0,0.00,4590.00,70.15,FALSE,M5_TREND_NEUTRAL|M1_DIRECTION_MISMATCH
2026-09-07 17:30:32.317,1788802232.318,1423,23,23,4412.59,4412.67,8.0,PASS_<=10c,+0.0,FLAT,+15.0,-21.0,3.0,+2.08,0.69,SLOW,4412.80,4412.99,4412.16,4412.32,0.00,0.00,0.0,NEUTRAL,83.0,4412.44,4412.59,4412.44,4412.59,32,CLEARED_>=20s,15.0,15.0,0.0,0.0,0.0,0.0,0.0,PASS_<20%,0.00,0.0,NO,STANDBY_VEL_LOW,0,0.00,4590.00,70.15,FALSE,M5_TREND_NEUTRAL|M1_DIRECTION_MISMATCH
2026-09-07 17:30:32.819,1788802232.820,1424,24,24,4412.59,4412.67,8.0,PASS_<=10c,+0.0,FLAT,+15.0,-21.0,3.1,+1.81,0.58,SLOW,4412.80,4412.99,4412.16,4412.32,0.00,0.00,0.0,NEUTRAL,83.0,4412.44,4412.59,4412.44,4412.59,32,CLEARED_>=20s,15.0,15.0,0.0,0.0,0.0,0.0,0.0,PASS_<20%,0.00,0.0,NO,STANDBY_VEL_LOW,0,0.00,4590.00,70.15,FALSE,M5_TREND_NEUTRAL|M1_DIRECTION_MISMATCH
2026-09-07 17:30:33.321,1788802233.321,1425,25,25,4412.59,4412.67,8.0,PASS_<=10c,+0.0,FLAT,+15.0,-21.0,3.2,+1.60,0.50,SLOW,4412.80,4412.99,4412.16,4412.32,0.00,0.00,0.0,NEUTRAL,83.0,4412.44,4412.59,4412.44,4412.59,33,CLEARED_>=20s,15.0,15.0,0.0,0.0,0.0,0.0,0.0,PASS_<20%,0.00,0.0,NO,STANDBY_VEL_LOW,0,0.00,4590.00,70.15,FALSE,M5_TREND_NEUTRAL|M1_DIRECTION_MISMATCH
2026-09-07 17:30:33.822,1788802233.822,1426,26,26,4412.59,4412.67,8.0,PASS_<=10c,+0.0,FLAT,+15.0,-21.0,3.3,+1.44,0.44,SLOW,4412.80,4412.99,4412.16,4412.32,0.00,0.00,0.0,NEUTRAL,83.0,4412.44,4412.59,4412.44,4412.59,33,CLEARED_>=20s,15.0,15.0,0.0,0.0,0.0,0.0,0.0,PASS_<20%,0.00,0.0,NO,STANDBY_VEL_LOW,0,0.00,4590.00,70.15,FALSE,M5_TREND_NEUTRAL|M1_DIRECTION_MISMATCH
2026-09-07 17:30:34.325,1788802234.325,1427,27,27,4412.59,4412.67,8.0,PASS_<=10c,+0.0,FLAT,+15.0,-21.0,4.4,+1.81,0.41,SLOW,4412.80,4412.99,4412.16,4412.32,0.00,0.00,0.0,NEUTRAL,83.0,4412.44,4412.59,4412.44,4412.59,34,CLEARED_>=20s,15.0,15.0,0.0,0.0,0.0,0.0,0.0,PASS_<20%,0.00,0.0,NO,STANDBY_VEL_LOW,0,0.00,4590.00,70.15,FALSE,M5_TREND_NEUTRAL|M1_DIRECTION_MISMATCH
2026-09-07 17:30:34.826,1788802234.827,1428,28,28,4412.59,4412.67,8.0,PASS_<=10c,+0.0,FLAT,+15.0,-21.0,4.3,+1.60,0.37,SLOW,4412.80,4412.99,4412.16,4412.32,0.00,0.00,0.0,NEUTRAL,83.0,4412.44,4412.59,4412.44,4412.59,34,CLEARED_>=20s,15.0,15.0,0.0,0.0,0.0,0.0,0.0,PASS_<20%,0.00,0.0,NO,STANDBY_VEL_LOW,0,0.00,4590.00,70.15,FALSE,M5_TREND_NEUTRAL|M1_DIRECTION_MISMATCH
2026-09-07 17:30:35.328,1788802235.329,1429,29,29,4412.59,4412.67,8.0,PASS_<=10c,+0.0,FLAT,+15.0,-21.0,4.3,+1.44,0.33,SLOW,4412.80,4412.99,4412.16,4412.32,0.00,0.00,0.0,NEUTRAL,83.0,4412.44,4412.59,4412.44,4412.59,35,CLEARED_>=20s,15.0,15.0,0.0,0.0,0.0,0.0,0.0,PASS_<20%,0.00,0.0,NO,STANDBY_VEL_LOW,0,0.00,4590.00,70.15,FALSE,M5_TREND_NEUTRAL|M1_DIRECTION_MISMATCH
2026-09-07 17:30:35.829,1788802235.830,1430,30,30,4412.59,4412.67,8.0,PASS_<=10c,+0.0,FLAT,+15.0,-21.0,4.2,+0.14,0.03,SLOW,4412.80,4412.99,4412.16,4412.32,0.00,0.00,0.0,NEUTRAL,83.0,4412.44,4412.59,4412.44,4412.59,35,CLEARED_>=20s,15.0,15.0,0.0,0.0,0.0,0.0,0.0,PASS_<20%,0.00,0.0,NO,STANDBY_VEL_LOW,0,0.00,4590.00,70.15,FALSE,M5_TREND_NEUTRAL|M1_DIRECTION_MISMATCH
2026-09-07 17:30:36.344,1788802236.344,1431,31,31,4412.59,4412.67,8.0,PASS_<=10c,+0.0,FLAT,+15.0,-21.0,4.2,+0.14,0.03,SLOW,4412.80,4412.99,4412.16,4412.32,0.00,0.00,0.0,NEUTRAL,83.0,4412.44,4412.59,4412.44,4412.59,36,CLEARED_>=20s,15.0,15.0,0.0,0.0,0.0,0.0,0.0,PASS_<20%,0.00,0.0,NO,STANDBY_VEL_LOW,0,0.00,4590.00,70.15,FALSE,M5_TREND_NEUTRAL|M1_DIRECTION_MISMATCH
2026-09-07 17:30:36.838,1788802236.839,1432,32,32,4412.59,4412.67,8.0,PASS_<=10c,+0.0,FLAT,+15.0,-21.0,4.2,+0.14,0.03,SLOW,4412.80,4412.99,4412.16,4412.32,0.00,0.00,0.0,NEUTRAL,83.0,4412.44,4412.59,4412.44,4412.59,36,CLEARED_>=20s,15.0,15.0,0.0,0.0,0.0,0.0,0.0,PASS_<20%,0.00,0.0,NO,STANDBY_VEL_LOW,0,0.00,4590.00,70.15,FALSE,M5_TREND_NEUTRAL|M1_DIRECTION_MISMATCH
2026-09-07 17:30:37.340,1788802237.341,1433,33,33,4412.59,4412.67,8.0,PASS_<=10c,+0.0,FLAT,+15.0,-21.0,4.2,+0.14,0.03,SLOW,4412.80,4412.99,4412.16,4412.32,0.00,0.00,0.0,NEUTRAL,83.0,4412.44,4412.59,4412.44,4412.59,37,CLEARED_>=20s,15.0,15.0,0.0,0.0,0.0,0.0,0.0,PASS_<20%,0.00,0.0,NO,STANDBY_VEL_LOW,0,0.00,4590.00,70.15,FALSE,M5_TREND_NEUTRAL|M1_DIRECTION_MISMATCH
2026-09-07 17:30:37.845,1788802237.845,1434,34,34,4412.59,4412.67,8.0,PASS_<=10c,+0.0,FLAT,+15.0,-21.0,4.2,+0.13,0.03,SLOW,4412.80,4412.99,4412.16,4412.32,0.00,0.00,0.0,NEUTRAL,83.0,4412.44,4412.59,4412.44,4412.59,37,CLEARED_>=20s,15.0,15.0,0.0,0.0,0.0,0.0,0.0,PASS_<20%,0.00,0.0,NO,STANDBY_VEL_LOW,0,0.00,4590.00,70.15,FALSE,M5_TREND_NEUTRAL|M1_DIRECTION_MISMATCH
2026-09-07 17:30:38.345,1788802238.346,1435,35,35,4412.59,4412.67,8.0,PASS_<=10c,+0.0,FLAT,+15.0,-21.0,4.2,+0.13,0.03,SLOW,4412.80,4412.99,4412.16,4412.32,0.00,0.00,0.0,NEUTRAL,83.0,4412.44,4412.59,4412.44,4412.59,38,CLEARED_>=20s,15.0,15.0,0.0,0.0,0.0,0.0,0.0,PASS_<20%,0.00,0.0,NO,STANDBY_VEL_LOW,0,0.00,4590.00,70.15,FALSE,M5_TREND_NEUTRAL|M1_DIRECTION_MISMATCH
2026-09-07 17:30:48.727,1788802248.727,1436,36,36,4412.59,4412.67,8.0,PASS_<=10c,+0.0,FLAT,+15.0,-21.0,1.3,+0.27,0.21,SLOW,4412.80,4412.99,4412.16,4412.32,0.00,0.00,0.0,NEUTRAL,83.0,4412.44,4412.59,4412.44,4412.59,48,CLEARED_>=20s,15.0,15.0,0.0,0.0,0.0,0.0,0.0,PASS_<20%,0.00,0.0,NO,STANDBY_VEL_LOW,0,0.00,4590.00,70.15,FALSE,M5_TREND_NEUTRAL|M1_DIRECTION_MISMATCH
2026-09-07 17:30:55.557,1788802255.558,1437,37,37,4412.59,4412.67,8.0,PASS_<=10c,+0.0,FLAT,+15.0,-21.0,1.3,+0.26,0.20,SLOW,4412.80,4412.99,4412.16,4412.32,0.00,0.00,0.0,NEUTRAL,83.0,4412.44,4412.59,4412.44,4412.59,55,CLEARED_>=20s,15.0,15.0,0.0,0.0,0.0,0.0,0.0,PASS_<20%,0.00,0.0,NO,STANDBY_VEL_LOW,0,0.00,4590.00,70.15,FALSE,M5_TREND_NEUTRAL|M1_DIRECTION_MISMATCH
2026-09-07 17:30:55.912,1788802255.913,1438,38,38,4411.48,4411.56,8.0,PASS_<=10c,-111.0,DOWN,-96.0,-132.0,1.9,+53.80,28.32,SLOW,4412.80,4412.99,4412.16,4412.32,0.00,0.00,0.0,BEARISH,83.0,4412.44,4412.59,4411.48,4411.48,55,CLEARED_>=20s,111.0,96.0,15.0,0.0,13.5,0.0,0.0,PASS_<20%,4412.29,81.0,YES,STANDBY_VEL_LOW,0,0.00,4590.00,70.15,TRUE,READY_TO_FIRE
2026-09-07 17:31:20.057,1788802280.057,1439,1,39,4411.48,4411.56,8.0,PASS_<=10c,+0.0,FLAT,+0.0,-132.0,1.0,+0.00,0.00,SLOW,4412.80,4412.99,4412.16,4412.32,0.00,0.00,0.0,BEARISH,83.0,4411.48,4411.48,4411.48,4411.48,20,CLEARED_>=20s,1.0,0.0,0.0,0.0,0.0,0.0,0.0,PASS_<20%,0.00,0.0,NO,STANDBY_VEL_LOW,3,3970.36,619.64,70.15,FALSE,M1_DIRECTION_MISMATCH
2026-09-07 17:31:23.532,1788802283.533,1440,2,40,4411.40,4411.48,8.0,PASS_<=10c,-8.0,DOWN,-8.0,-140.0,0.9,+2.30,2.56,SLOW,4412.80,4412.99,4412.16,4412.32,0.00,0.00,0.0,BEARISH,83.0,4411.48,4411.48,4411.40,4411.40,23,CLEARED_>=20s,8.0,8.0,0.0,0.0,0.0,0.0,0.0,PASS_<20%,4411.33,7.0,NO,STANDBY_VEL_LOW,2,2646.89,1943.11,69.58,FALSE,PRICE_ABOVE_15C_DISPLACEMENT
2026-09-07 17:31:26.809,1788802286.810,1441,3,41,4411.40,4411.48,8.0,PASS_<=10c,+0.0,FLAT,-8.0,-140.0,1.1,+0.00,0.00,SLOW,4412.80,4412.99,4412.16,4412.32,0.00,0.00,0.0,BEARISH,83.0,4411.48,4411.48,4411.40,4411.40,26,CLEARED_>=20s,8.0,8.0,0.0,0.0,0.0,0.0,0.0,PASS_<20%,4411.33,7.0,NO,STANDBY_VEL_LOW,2,2646.89,1943.11,69.58,FALSE,PRICE_ABOVE_15C_DISPLACEMENT
2026-09-07 17:31:39.929,1788802299.930,1442,4,42,4411.40,4411.48,8.0,PASS_<=10c,+0.0,FLAT,-8.0,-140.0,1.0,+0.00,0.00,SLOW,4412.80,4412.99,4412.16,4412.32,0.00,0.00,0.0,BEARISH,83.0,4411.48,4411.48,4411.40,4411.40,39,CLEARED_>=20s,8.0,8.0,0.0,0.0,0.0,0.0,0.0,PASS_<20%,4411.33,7.0,NO,STANDBY_VEL_LOW,2,2646.89,1943.11,69.58,FALSE,VELOCITY_LOW_14.0|PRICE_ABOVE_15C_DISPLACEMENT
2026-09-07 17:31:44.072,1788802304.073,1443,5,43,4411.40,4411.48,8.0,PASS_<=10c,+0.0,FLAT,-8.0,-140.0,0.7,+0.00,0.00,SLOW,4412.80,4412.99,4412.16,4412.32,0.00,0.00,0.0,BEARISH,83.0,4411.48,4411.48,4411.40,4411.40,44,CLEARED_>=20s,8.0,8.0,0.0,0.0,0.0,0.0,0.0,PASS_<20%,4411.33,7.0,NO,STANDBY_VEL_LOW,2,2646.89,1943.11,69.58,FALSE,VELOCITY_LOW_15.0|PRICE_ABOVE_15C_DISPLACEMENT
2026-09-07 17:31:47.300,1788802307.301,1444,6,44,4411.40,4411.48,8.0,PASS_<=10c,+0.0,FLAT,-8.0,-140.0,1.2,+0.00,0.00,SLOW,4412.80,4412.99,4412.16,4412.32,0.00,0.00,0.0,BEARISH,83.0,4411.48,4411.48,4411.40,4411.40,47,CLEARED_>=20s,8.0,8.0,0.0,0.0,0.0,0.0,0.0,PASS_<20%,4411.33,7.0,NO,STANDBY_VEL_LOW,2,2646.89,1943.11,69.58,FALSE,VELOCITY_LOW_17.0|PRICE_ABOVE_15C_DISPLACEMENT
2026-09-07 17:31:50.557,1788802310.557,1445,7,45,4411.40,4411.48,8.0,PASS_<=10c,+0.0,FLAT,-8.0,-140.0,1.1,+0.00,0.00,SLOW,4412.80,4412.99,4412.16,4412.32,0.00,0.00,0.0,BEARISH,83.0,4411.48,4411.48,4411.40,4411.40,50,CLEARED_>=20s,8.0,8.0,0.0,0.0,0.0,0.0,0.0,PASS_<20%,4411.33,7.0,NO,STANDBY_VEL_LOW,2,2646.89,1943.11,69.58,FALSE,VELOCITY_LOW_18.0|PRICE_ABOVE_15C_DISPLACEMENT
2026-09-07 17:32:03.795,1788802323.795,1446,1,46,4411.40,4411.48,8.0,PASS_<=10c,+0.0,FLAT,+0.0,-140.0,1.0,+0.00,0.00,SLOW,4412.80,4412.99,4412.16,4412.32,0.00,0.00,0.0,BEARISH,83.0,4411.40,4411.40,4411.40,4411.40,3,ACTIVE_3s,1.0,0.0,0.0,0.0,0.0,0.0,0.0,PASS_<20%,0.00,0.0,NO,STANDBY_VEL_LOW,2,2646.89,1943.11,69.58,FALSE,M1_DIRECTION_MISMATCH|OPENING_SHIELD_ACTIVE_3s|VELOCITY_LOW_16.0
2026-09-07 17:32:07.935,1788802327.936,1447,2,47,4411.40,4411.48,8.0,PASS_<=10c,+0.0,FLAT,+0.0,-140.0,0.7,+0.00,0.00,SLOW,4412.80,4412.99,4412.16,4412.32,0.00,0.00,0.0,BEARISH,83.0,4411.40,4411.40,4411.40,4411.40,7,ACTIVE_7s,1.0,0.0,0.0,0.0,0.0,0.0,0.0,PASS_<20%,0.00,0.0,NO,STANDBY_VEL_LOW,2,2646.89,1943.11,69.58,FALSE,M1_DIRECTION_MISMATCH|OPENING_SHIELD_ACTIVE_7s|VELOCITY_LOW_18.0
2026-09-07 17:32:11.251,1788802331.251,1448,3,48,4411.41,4411.49,8.0,PASS_<=10c,+1.0,UP,+1.0,-139.0,1.2,+0.29,0.24,SLOW,4412.80,4412.99,4412.16,4412.32,0.00,0.00,0.0,BEARISH,83.0,4411.40,4411.41,4411.40,4411.41,11,ACTIVE_11s,1.0,1.0,0.0,0.0,0.0,0.0,0.0,PASS_<20%,0.00,0.0,NO,STANDBY_VEL_LOW,2,2646.89,1943.11,69.58,FALSE,M1_DIRECTION_MISMATCH|OPENING_SHIELD_ACTIVE_11s
2026-09-07 17:32:14.543,1788802334.544,1449,4,49,4411.41,4411.49,8.0,PASS_<=10c,+0.0,FLAT,+1.0,-139.0,1.1,+0.00,0.00,SLOW,4412.80,4412.99,4412.16,4412.32,0.00,0.00,0.0,BEARISH,83.0,4411.40,4411.41,4411.40,4411.41,14,ACTIVE_14s,1.0,1.0,0.0,0.0,0.0,0.0,0.0,PASS_<20%,0.00,0.0,NO,STANDBY_VEL_LOW,2,2646.89,1943.11,69.58,FALSE,M1_DIRECTION_MISMATCH|OPENING_SHIELD_ACTIVE_14s
2026-09-07 17:32:27.699,1788802347.699,1450,5,50,4411.41,4411.49,8.0,PASS_<=10c,+0.0,FLAT,+1.0,-139.0,1.0,+0.02,0.02,SLOW,4412.80,4412.99,4412.16,4412.32,0.00,0.00,0.0,BEARISH,83.0,4411.40,4411.41,4411.40,4411.41,27,CLEARED_>=20s,1.0,1.0,0.0,0.0,0.0,0.0,0.0,PASS_<20%,0.00,0.0,NO,STANDBY_VEL_LOW,2,2646.89,1943.11,69.58,FALSE,M1_DIRECTION_MISMATCH|VELOCITY_LOW_18.0
2026-09-07 17:32:33.056,1788802353.057,1451,6,51,4411.00,4411.08,8.0,PASS_<=10c,-41.0,DOWN,-40.0,-180.0,2.0,+41.00,20.50,SLOW,4412.80,4412.99,4412.16,4412.32,0.00,0.00,0.0,BEARISH,83.0,4411.40,4411.41,4411.00,4411.00,33,CLEARED_>=20s,41.0,40.0,1.0,0.0,2.4,0.0,0.0,PASS_<20%,4411.25,25.0,YES,STANDBY_VEL_LOW,2,2646.89,1943.11,69.58,TRUE,READY_TO_FIRE
2026-09-07 17:32:36.318,1788802356.319,1452,7,52,4410.96,4411.04,8.0,PASS_<=10c,-4.0,DOWN,-44.0,-184.0,1.2,+13.38,11.15,SLOW,4412.80,4412.99,4412.16,4412.32,0.00,0.00,0.0,BEARISH,83.0,4411.40,4411.41,4410.96,4410.96,36,CLEARED_>=20s,45.0,44.0,1.0,0.0,2.2,0.0,0.0,PASS_<20%,4411.25,29.0,YES,STANDBY_VEL_LOW,2,2646.89,1943.11,69.58,TRUE,READY_TO_FIRE
2026-09-07 17:32:39.609,1788802359.610,1453,8,53,4410.96,4411.04,8.0,PASS_<=10c,+0.0,FLAT,-44.0,-184.0,1.1,+0.00,0.00,SLOW,4412.80,4412.99,4412.16,4412.32,0.00,0.00,0.0,BEARISH,83.0,4411.40,4411.41,4410.96,4410.96,39,CLEARED_>=20s,45.0,44.0,1.0,0.0,2.2,0.0,0.0,PASS_<20%,4411.25,29.0,YES,STANDBY_VEL_LOW,2,2646.89,1943.11,69.58,TRUE,READY_TO_FIRE
2026-09-07 17:32:52.745,1788802372.746,1454,9,54,4410.96,4411.04,8.0,PASS_<=10c,+0.0,FLAT,-44.0,-184.0,1.0,+0.00,0.00,SLOW,4412.80,4412.99,4412.16,4412.32,0.00,0.00,0.0,BEARISH,83.0,4411.40,4411.41,4410.96,4410.96,52,CLEARED_>=20s,45.0,44.0,1.0,0.0,2.2,0.0,0.0,PASS_<20%,4411.25,29.0,NO,STANDBY_VEL_LOW,2,2646.89,1943.11,69.58,FALSE,VELOCITY_LOW_18.0
2026-09-07 17:32:57.457,1788802377.458,1455,10,55,4410.96,4411.04,8.0,PASS_<=10c,+0.0,FLAT,-44.0,-184.0,0.6,+0.00,0.00,SLOW,4412.80,4412.99,4412.16,4412.32,0.00,0.00,0.0,BEARISH,83.0,4411.40,4411.41,4410.96,4410.96,57,CLEARED_>=20s,45.0,44.0,1.0,0.0,2.2,0.0,0.0,PASS_<20%,4411.25,29.0,YES,STANDBY_VEL_LOW,2,2646.89,1943.11,69.58,TRUE,READY_TO_FIRE
2026-09-07 17:33:00.811,1788802380.812,1456,1,56,4410.97,4411.05,8.0,PASS_<=10c,+1.0,UP,+0.0,-183.0,1.2,+0.29,0.24,SLOW,4412.80,4412.99,4412.16,4412.32,0.00,0.00,0.0,BEARISH,83.0,4410.97,4410.97,4410.97,4410.97,0,ACTIVE_0s,1.0,0.0,0.0,0.0,0.0,0.0,0.0,PASS_<20%,0.00,0.0,NO,STANDBY_VEL_LOW,2,2646.89,1943.11,69.58,FALSE,M1_DIRECTION_MISMATCH|OPENING_SHIELD_ACTIVE_0s
2026-09-07 17:33:04.079,1788802384.080,1457,2,57,4410.97,4411.05,8.0,PASS_<=10c,+0.0,FLAT,+0.0,-183.0,1.1,+0.00,0.00,SLOW,4412.80,4412.99,4412.16,4412.32,0.00,0.00,0.0,BEARISH,83.0,4410.97,4410.97,4410.97,4410.97,4,ACTIVE_4s,1.0,0.0,0.0,0.0,0.0,0.0,0.0,PASS_<20%,0.00,0.0,NO,STANDBY_VEL_LOW,2,2646.89,1943.11,69.58,FALSE,M1_DIRECTION_MISMATCH|OPENING_SHIELD_ACTIVE_4s
2026-09-07 17:33:17.310,1788802397.311,1458,3,58,4410.97,4411.05,8.0,PASS_<=10c,+0.0,FLAT,+0.0,-183.0,1.0,+0.00,0.00,SLOW,4412.80,4412.99,4412.16,4412.32,0.00,0.00,0.0,BEARISH,83.0,4410.97,4410.97,4410.97,4410.97,17,ACTIVE_17s,1.0,0.0,0.0,0.0,0.0,0.0,0.0,PASS_<20%,0.00,0.0,NO,STANDBY_VEL_LOW,2,2646.89,1943.11,69.58,FALSE,M1_DIRECTION_MISMATCH|OPENING_SHIELD_ACTIVE_17s|VELOCITY_LOW_18.0
2026-09-07 17:33:21.022,1788802401.023,1459,4,59,4410.97,4411.05,8.0,PASS_<=10c,+0.0,FLAT,+0.0,-183.0,0.8,+0.00,0.00,SLOW,4412.80,4412.99,4412.16,4412.32,0.00,0.00,0.0,BEARISH,83.0,4410.97,4410.97,4410.97,4410.97,21,CLEARED_>=20s,1.0,0.0,0.0,0.0,0.0,0.0,0.0,PASS_<20%,0.00,0.0,NO,STANDBY_VEL_LOW,2,2646.89,1943.11,69.58,FALSE,M1_DIRECTION_MISMATCH
2026-09-07 17:33:24.276,1788802404.276,1460,5,60,4410.97,4411.05,8.0,PASS_<=10c,+0.0,FLAT,+0.0,-183.0,1.2,+0.00,0.00,SLOW,4412.80,4412.99,4412.16,4412.32,0.00,0.00,0.0,BEARISH,83.0,4410.97,4410.97,4410.97,4410.97,24,CLEARED_>=20s,1.0,0.0,0.0,0.0,0.0,0.0,0.0,PASS_<20%,0.00,0.0,NO,STANDBY_VEL_LOW,2,2646.89,1943.11,69.58,FALSE,M1_DIRECTION_MISMATCH
2026-09-07 17:33:27.521,1788802407.522,1461,6,61,4410.97,4411.05,8.0,PASS_<=10c,+0.0,FLAT,+0.0,-183.0,1.1,+0.00,0.00,SLOW,4412.80,4412.99,4412.16,4412.32,0.00,0.00,0.0,BEARISH,83.0,4410.97,4410.97,4410.97,4410.97,27,CLEARED_>=20s,1.0,0.0,0.0,0.0,0.0,0.0,0.0,PASS_<20%,0.00,0.0,NO,STANDBY_VEL_LOW,2,2646.89,1943.11,69.58,FALSE,M1_DIRECTION_MISMATCH
2026-09-07 17:33:40.644,1788802420.645,1462,7,62,4410.97,4411.05,8.0,PASS_<=10c,+0.0,FLAT,+0.0,-183.0,1.0,+0.02,0.02,SLOW,4412.80,4412.99,4412.16,4412.32,0.00,0.00,0.0,BEARISH,83.0,4410.97,4410.97,4410.97,4410.97,40,CLEARED_>=20s,1.0,0.0,0.0,0.0,0.0,0.0,0.0,PASS_<20%,0.00,0.0,NO,STANDBY_VEL_LOW,2,2646.89,1943.11,69.58,FALSE,M1_DIRECTION_MISMATCH|VELOCITY_LOW_18.0
2026-09-07 17:33:45.433,1788802425.434,1463,8,63,4410.97,4411.05,8.0,PASS_<=10c,+0.0,FLAT,+0.0,-183.0,0.6,+0.02,0.03,SLOW,4412.80,4412.99,4412.16,4412.32,0.00,0.00,0.0,BEARISH,83.0,4410.97,4410.97,4410.97,4410.97,45,CLEARED_>=20s,1.0,0.0,0.0,0.0,0.0,0.0,0.0,PASS_<20%,0.00,0.0,NO,STANDBY_VEL_LOW,2,2646.89,1943.11,69.58,FALSE,M1_DIRECTION_MISMATCH
2026-09-07 17:33:48.726,1788802428.727,1464,9,64,4410.30,4410.38,8.0,PASS_<=10c,-67.0,DOWN,-67.0,-250.0,1.2,+19.72,16.43,SLOW,4412.80,4412.99,4412.16,4412.32,0.00,0.00,0.0,BEARISH,83.0,4410.97,4410.97,4410.30,4410.30,48,CLEARED_>=20s,67.0,67.0,0.0,0.0,0.0,0.0,0.0,PASS_<20%,4410.82,52.0,YES,STANDBY_VEL_LOW,2,2646.89,1943.11,69.58,TRUE,READY_TO_FIRE
2026-09-07 17:33:52.037,1788802432.038,1465,10,65,4410.32,4410.40,8.0,PASS_<=10c,+2.0,UP,-65.0,-248.0,1.1,+0.56,0.51,SLOW,4412.80,4412.99,4412.16,4412.32,0.00,0.00,0.0,BEARISH,83.0,4410.97,4410.97,4410.30,4410.32,52,CLEARED_>=20s,67.0,65.0,0.0,2.0,0.0,3.0,3.0,PASS_<20%,4410.82,50.0,YES,STANDBY_VEL_LOW,2,2646.89,1943.11,69.58,TRUE,READY_TO_FIRE
2026-09-07 17:34:05.232,1788802445.232,1466,1,66,4410.32,4410.40,8.0,PASS_<=10c,+0.0,FLAT,+0.0,-248.0,1.0,+0.00,0.00,SLOW,4412.80,4412.99,4412.16,4412.32,0.00,0.00,0.0,BEARISH,83.0,4410.32,4410.32,4410.32,4410.32,5,ACTIVE_5s,1.0,0.0,0.0,0.0,0.0,0.0,0.0,PASS_<20%,0.00,0.0,NO,STANDBY_VEL_LOW,2,2646.89,1943.11,69.58,FALSE,M1_DIRECTION_MISMATCH|OPENING_SHIELD_ACTIVE_5s|VELOCITY_LOW_18.0
2026-09-07 17:34:11.000,1788802451.000,1467,2,67,4410.32,4410.40,8.0,PASS_<=10c,+0.0,FLAT,+0.0,-248.0,2.0,+0.00,0.00,SLOW,4412.80,4412.99,4412.16,4412.32,0.00,0.00,0.0,BEARISH,83.0,4410.32,4410.32,4410.32,4410.32,11,ACTIVE_11s,1.0,0.0,0.0,0.0,0.0,0.0,0.0,PASS_<20%,0.00,0.0,NO,STANDBY_VEL_LOW,2,2646.89,1943.11,69.58,FALSE,M1_DIRECTION_MISMATCH|OPENING_SHIELD_ACTIVE_10s
2026-09-07 17:34:14.263,1788802454.263,1468,3,68,4410.08,4410.16,8.0,PASS_<=10c,-24.0,DOWN,-24.0,-272.0,1.2,+7.13,5.94,SLOW,4412.80,4412.99,4412.16,4412.32,0.00,0.00,0.0,BEARISH,83.0,4410.32,4410.32,4410.08,4410.08,14,ACTIVE_14s,24.0,24.0,0.0,0.0,0.0,0.0,0.0,PASS_<20%,4410.17,9.0,NO,STANDBY_VEL_LOW,2,2646.89,1943.11,69.58,FALSE,OPENING_SHIELD_ACTIVE_14s
2026-09-07 17:34:17.524,1788802457.524,1469,4,69,4410.11,4410.19,8.0,PASS_<=10c,+3.0,UP,-21.0,-269.0,1.1,+0.85,0.77,SLOW,4412.80,4412.99,4412.16,4412.32,0.00,0.00,0.0,BEARISH,83.0,4410.32,4410.32,4410.08,4410.11,17,ACTIVE_17s,24.0,21.0,0.0,3.0,0.0,12.5,12.5,PASS_<20%,4410.17,6.0,NO,STANDBY_VEL_LOW,0,0.00,4590.00,89.14,FALSE,OPENING_SHIELD_ACTIVE_17s
2026-09-07 17:34:18.026,1788802458.027,1470,5,70,4410.11,4410.19,8.0,PASS_<=10c,+0.0,FLAT,-21.0,-269.0,1.5,+0.75,0.50,SLOW,4412.80,4412.99,4412.16,4412.32,0.00,0.00,0.0,BEARISH,83.0,4410.32,4410.32,4410.08,4410.11,18,ACTIVE_18s,24.0,21.0,0.0,3.0,0.0,12.5,12.5,PASS_<20%,4410.17,6.0,NO,STANDBY_VEL_LOW,0,0.00,4590.00,89.14,FALSE,OPENING_SHIELD_ACTIVE_18s
2026-09-07 17:34:18.528,1788802458.528,1471,6,71,4410.11,4410.19,8.0,PASS_<=10c,+0.0,FLAT,-21.0,-269.0,1.8,+0.66,0.37,SLOW,4412.80,4412.99,4412.16,4412.32,0.00,0.00,0.0,BEARISH,83.0,4410.32,4410.32,4410.08,4410.11,18,ACTIVE_18s,24.0,21.0,0.0,3.0,0.0,12.5,12.5,PASS_<20%,4410.17,6.0,NO,STANDBY_VEL_LOW,0,0.00,4590.00,89.14,FALSE,OPENING_SHIELD_ACTIVE_18s
2026-09-07 17:34:19.030,1788802459.030,1472,7,72,4410.11,4410.19,8.0,PASS_<=10c,+0.0,FLAT,-21.0,-269.0,1.9,+0.63,0.33,SLOW,4412.80,4412.99,4412.16,4412.32,0.00,0.00,0.0,BEARISH,83.0,4410.32,4410.32,4410.08,4410.11,19,ACTIVE_19s,24.0,21.0,0.0,3.0,0.0,12.5,12.5,PASS_<20%,4410.17,6.0,NO,STANDBY_VEL_LOW,0,0.00,4590.00,89.14,FALSE,OPENING_SHIELD_ACTIVE_19s
2026-09-07 17:34:29.405,1788802469.405,1473,8,73,4410.11,4410.19,8.0,PASS_<=10c,+0.0,FLAT,-21.0,-269.0,1.0,+0.00,0.00,SLOW,4412.80,4412.99,4412.16,4412.32,0.00,0.00,0.0,BEARISH,83.0,4410.32,4410.32,4410.08,4410.11,29,CLEARED_>=20s,24.0,21.0,0.0,3.0,0.0,12.5,12.5,PASS_<20%,4410.17,6.0,YES,STANDBY_VEL_LOW,0,0.00,4590.00,89.14,TRUE,READY_TO_FIRE
2026-09-07 17:34:36.022,1788802476.022,1474,9,74,4410.11,4410.19,8.0,PASS_<=10c,+0.0,FLAT,-21.0,-269.0,1.3,+0.00,0.00,SLOW,4412.80,4412.99,4412.16,4412.32,0.00,0.00,0.0,BEARISH,83.0,4410.32,4410.32,4410.08,4410.11,36,CLEARED_>=20s,24.0,21.0,0.0,3.0,0.0,12.5,12.5,PASS_<20%,4410.17,6.0,YES,STANDBY_VEL_LOW,0,0.00,4590.00,89.14,TRUE,READY_TO_FIRE
2026-09-07 17:34:36.376,1788802476.376,1475,10,75,4410.05,4410.13,8.0,PASS_<=10c,-6.0,DOWN,-27.0,-275.0,2.2,+3.23,1.47,SLOW,4412.80,4412.99,4412.16,4412.32,0.00,0.00,0.0,BEARISH,83.0,4410.32,4410.32,4410.05,4410.05,36,CLEARED_>=20s,27.0,27.0,0.0,0.0,0.0,0.0,0.0,PASS_<20%,4410.17,12.0,YES,STANDBY_VEL_LOW,0,0.00,4590.00,89.14,TRUE,READY_TO_FIRE
2026-09-07 17:34:36.878,1788802476.879,1476,11,76,4410.05,4410.13,8.0,PASS_<=10c,+0.0,FLAT,-27.0,-275.0,2.5,+2.54,1.02,SLOW,4412.80,4412.99,4412.16,4412.32,0.00,0.00,0.0,BEARISH,83.0,4410.32,4410.32,4410.05,4410.05,36,CLEARED_>=20s,27.0,27.0,0.0,0.0,0.0,0.0,0.0,PASS_<20%,4410.17,12.0,YES,STANDBY_VEL_LOW,0,0.00,4590.00,89.14,TRUE,READY_TO_FIRE
2026-09-07 17:34:37.379,1788802477.380,1477,12,77,4410.05,4410.13,8.0,PASS_<=10c,+0.0,FLAT,-27.0,-275.0,2.8,+2.10,0.75,SLOW,4412.80,4412.99,4412.16,4412.32,0.00,0.00,0.0,BEARISH,83.0,4410.32,4410.32,4410.05,4410.05,37,CLEARED_>=20s,27.0,27.0,0.0,0.0,0.0,0.0,0.0,PASS_<20%,4410.17,12.0,YES,STANDBY_VEL_LOW,0,0.00,4590.00,89.14,TRUE,READY_TO_FIRE
2026-09-07 17:34:37.880,1788802477.880,1478,13,78,4410.05,4410.13,8.0,PASS_<=10c,+0.0,FLAT,-27.0,-275.0,3.0,+1.79,0.60,SLOW,4412.80,4412.99,4412.16,4412.32,0.00,0.00,0.0,BEARISH,83.0,4410.32,4410.32,4410.05,4410.05,37,CLEARED_>=20s,27.0,27.0,0.0,0.0,0.0,0.0,0.0,PASS_<20%,4410.17,12.0,YES,STANDBY_VEL_LOW,0,0.00,4590.00,89.14,TRUE,READY_TO_FIRE
2026-09-07 17:34:38.381,1788802478.382,1479,14,79,4410.06,4410.14,8.0,PASS_<=10c,+1.0,UP,-26.0,-274.0,3.1,+1.29,0.42,SLOW,4412.80,4412.99,4412.16,4412.32,0.00,0.00,0.0,BEARISH,83.0,4410.32,4410.32,4410.05,4410.06,38,CLEARED_>=20s,27.0,26.0,0.0,1.0,0.0,3.7,3.7,PASS_<20%,4410.17,11.0,YES,STANDBY_VEL_LOW,0,0.00,4590.00,89.14,TRUE,READY_TO_FIRE
2026-09-07 17:34:38.884,1788802478.885,1480,15,80,4410.06,4410.14,8.0,PASS_<=10c,+0.0,FLAT,-26.0,-274.0,3.2,+1.15,0.36,SLOW,4412.80,4412.99,4412.16,4412.32,0.00,0.00,0.0,BEARISH,83.0,4410.32,4410.32,4410.05,4410.06,38,CLEARED_>=20s,27.0,26.0,0.0,1.0,0.0,3.7,3.7,PASS_<20%,4410.17,11.0,YES,STANDBY_VEL_LOW,0,0.00,4590.00,89.14,TRUE,READY_TO_FIRE
2026-09-07 17:34:39.386,1788802479.386,1481,16,81,4410.06,4410.14,8.0,PASS_<=10c,+0.0,FLAT,-26.0,-274.0,3.3,+1.03,0.31,SLOW,4412.80,4412.99,4412.16,4412.32,0.00,0.00,0.0,BEARISH,83.0,4410.32,4410.32,4410.05,4410.06,39,CLEARED_>=20s,27.0,26.0,0.0,1.0,0.0,3.7,3.7,PASS_<20%,4410.17,11.0,YES,STANDBY_VEL_LOW,0,0.00,4590.00,89.14,TRUE,READY_TO_FIRE
2026-09-07 17:34:39.889,1788802479.889,1482,17,82,4410.06,4410.14,8.0,PASS_<=10c,+0.0,FLAT,-26.0,-274.0,4.4,+1.29,0.29,SLOW,4412.80,4412.99,4412.16,4412.32,0.00,0.00,0.0,BEARISH,83.0,4410.32,4410.32,4410.05,4410.06,39,CLEARED_>=20s,27.0,26.0,0.0,1.0,0.0,3.7,3.7,PASS_<20%,4410.17,11.0,YES,STANDBY_VEL_LOW,0,0.00,4590.00,89.14,TRUE,READY_TO_FIRE
2026-09-07 17:34:40.389,1788802480.390,1483,18,83,4410.06,4410.14,8.0,PASS_<=10c,+0.0,FLAT,-26.0,-274.0,4.4,+1.14,0.26,SLOW,4412.80,4412.99,4412.16,4412.32,0.00,0.00,0.0,BEARISH,83.0,4410.32,4410.32,4410.05,4410.06,40,CLEARED_>=20s,27.0,26.0,0.0,1.0,0.0,3.7,3.7,PASS_<20%,4410.17,11.0,YES,STANDBY_VEL_LOW,0,0.00,4590.00,89.14,TRUE,READY_TO_FIRE
2026-09-07 17:34:40.890,1788802480.890,1484,19,84,4410.06,4410.14,8.0,PASS_<=10c,+0.0,FLAT,-26.0,-274.0,4.3,+1.03,0.24,SLOW,4412.80,4412.99,4412.16,4412.32,0.00,0.00,0.0,BEARISH,83.0,4410.32,4410.32,4410.05,4410.06,40,CLEARED_>=20s,27.0,26.0,0.0,1.0,0.0,3.7,3.7,PASS_<20%,4410.17,11.0,YES,STANDBY_VEL_LOW,0,0.00,4590.00,89.14,TRUE,READY_TO_FIRE
2026-09-07 17:34:41.392,1788802481.392,1485,20,85,4410.06,4410.14,8.0,PASS_<=10c,+0.0,FLAT,-26.0,-274.0,4.2,+0.21,0.05,SLOW,4412.80,4412.99,4412.16,4412.32,0.00,0.00,0.0,BEARISH,83.0,4410.32,4410.32,4410.05,4410.06,41,CLEARED_>=20s,27.0,26.0,0.0,1.0,0.0,3.7,3.7,PASS_<20%,4410.17,11.0,YES,STANDBY_VEL_LOW,0,0.00,4590.00,89.14,TRUE,READY_TO_FIRE
2026-09-07 17:34:56.007,1788802496.008,1486,21,86,4410.06,4410.14,8.0,PASS_<=10c,+0.0,FLAT,-26.0,-274.0,1.0,+0.00,0.00,SLOW,4412.80,4412.99,4412.16,4412.32,0.00,0.00,0.0,BEARISH,83.0,4410.32,4410.32,4410.05,4410.06,56,CLEARED_>=20s,27.0,26.0,0.0,1.0,0.0,3.7,3.7,PASS_<20%,4410.17,11.0,YES,STANDBY_VEL_LOW,1,4410.06,179.94,89.14,TRUE,READY_TO_FIRE
2026-09-07 17:35:02.030,1788802502.031,1487,1,1,4410.06,4410.14,8.0,PASS_<=10c,+0.0,FLAT,+0.0,-229.0,2.0,+0.00,0.00,SLOW,4412.35,4412.63,4410.05,4410.06,0.00,0.00,0.0,BEARISH,258.0,4410.06,4410.06,4410.06,4410.06,2,ACTIVE_2s,1.0,0.0,0.0,0.0,0.0,0.0,0.0,PASS_<20%,0.00,0.0,NO,STANDBY_VEL_LOW,1,4410.06,179.94,89.14,FALSE,M1_DIRECTION_MISMATCH|OPENING_SHIELD_ACTIVE_2s
2026-09-07 17:35:02.386,1788802502.387,1488,2,2,4410.10,4410.18,8.0,PASS_<=10c,+4.0,UP,+4.0,-225.0,3.2,+3.17,0.99,SLOW,4412.35,4412.63,4410.05,4410.06,0.00,0.00,0.0,BEARISH,258.0,4410.06,4410.10,4410.06,4410.10,2,ACTIVE_2s,4.0,4.0,0.0,0.0,0.0,0.0,0.0,PASS_<20%,0.00,0.0,NO,STANDBY_VEL_LOW,1,4410.06,179.94,89.14,FALSE,M1_DIRECTION_MISMATCH|OPENING_SHIELD_ACTIVE_2s
2026-09-07 17:35:02.887,1788802502.887,1489,3,3,4410.10,4410.18,8.0,PASS_<=10c,+0.0,FLAT,+4.0,-225.0,3.4,+2.27,0.67,SLOW,4412.35,4412.63,4410.05,4410.06,0.00,0.00,0.0,BEARISH,258.0,4410.06,4410.10,4410.06,4410.10,2,ACTIVE_2s,4.0,4.0,0.0,0.0,0.0,0.0,0.0,PASS_<20%,0.00,0.0,NO,STANDBY_VEL_LOW,0,0.00,4590.00,87.24,FALSE,M1_DIRECTION_MISMATCH|OPENING_SHIELD_ACTIVE_2s
2026-09-07 17:35:03.388,1788802503.389,1490,4,4,4410.10,4410.18,8.0,PASS_<=10c,+0.0,FLAT,+4.0,-225.0,3.5,+1.77,0.51,SLOW,4412.35,4412.63,4410.05,4410.06,0.00,0.00,0.0,BEARISH,258.0,4410.06,4410.10,4410.06,4410.10,3,ACTIVE_3s,4.0,4.0,0.0,0.0,0.0,0.0,0.0,PASS_<20%,0.00,0.0,NO,STANDBY_VEL_LOW,0,0.00,4590.00,87.24,FALSE,M1_DIRECTION_MISMATCH|OPENING_SHIELD_ACTIVE_3s
2026-09-07 17:35:03.889,1788802503.890,1491,5,5,4410.10,4410.18,8.0,PASS_<=10c,+0.0,FLAT,+4.0,-225.0,3.6,+1.45,0.40,SLOW,4412.35,4412.63,4410.05,4410.06,0.00,0.00,0.0,BEARISH,258.0,4410.06,4410.10,4410.06,4410.10,3,ACTIVE_3s,4.0,4.0,0.0,0.0,0.0,0.0,0.0,PASS_<20%,0.00,0.0,NO,STANDBY_VEL_LOW,0,0.00,4590.00,87.24,FALSE,M1_DIRECTION_MISMATCH|OPENING_SHIELD_ACTIVE_3s
2026-09-07 17:35:04.391,1788802504.392,1492,6,6,4410.10,4410.18,8.0,PASS_<=10c,+0.0,FLAT,+4.0,-225.0,3.7,+1.22,0.33,SLOW,4412.35,4412.63,4410.05,4410.06,0.00,0.00,0.0,BEARISH,258.0,4410.06,4410.10,4410.06,4410.10,4,ACTIVE_4s,4.0,4.0,0.0,0.0,0.0,0.0,0.0,PASS_<20%,0.00,0.0,NO,STANDBY_VEL_LOW,0,0.00,4590.00,87.24,FALSE,M1_DIRECTION_MISMATCH|OPENING_SHIELD_ACTIVE_4s
2026-09-07 17:35:04.892,1788802504.893,1493,7,7,4410.09,4410.17,8.0,PASS_<=10c,-1.0,DOWN,+3.0,-226.0,3.7,+0.80,0.22,SLOW,4412.35,4412.63,4410.05,4410.06,0.00,0.00,0.0,BEARISH,258.0,4410.06,4410.10,4410.06,4410.09,4,ACTIVE_4s,4.0,3.0,1.0,0.0,25.0,0.0,0.0,PASS_<20%,0.00,0.0,NO,STANDBY_VEL_LOW,0,0.00,4590.00,87.24,FALSE,M1_DIRECTION_MISMATCH|OPENING_SHIELD_ACTIVE_4s
2026-09-07 17:35:05.394,1788802505.394,1494,8,8,4410.09,4410.17,8.0,PASS_<=10c,+0.0,FLAT,+3.0,-226.0,3.7,+0.70,0.19,SLOW,4412.35,4412.63,4410.05,4410.06,0.00,0.00,0.0,BEARISH,258.0,4410.06,4410.10,4410.06,4410.09,5,ACTIVE_5s,4.0,3.0,1.0,0.0,25.0,0.0,0.0,PASS_<20%,0.00,0.0,NO,STANDBY_VEL_LOW,0,0.00,4590.00,87.24,FALSE,M1_DIRECTION_MISMATCH|OPENING_SHIELD_ACTIVE_5s
2026-09-07 17:35:05.896,1788802505.897,1495,9,9,4410.09,4410.17,8.0,PASS_<=10c,+0.0,FLAT,+3.0,-226.0,3.8,+0.63,0.17,SLOW,4412.35,4412.63,4410.05,4410.06,0.00,0.00,0.0,BEARISH,258.0,4410.06,4410.10,4410.06,4410.09,5,ACTIVE_5s,4.0,3.0,1.0,0.0,25.0,0.0,0.0,PASS_<20%,0.00,0.0,NO,STANDBY_VEL_LOW,0,0.00,4590.00,87.24,FALSE,M1_DIRECTION_MISMATCH|OPENING_SHIELD_ACTIVE_5s
2026-09-07 17:35:06.398,1788802506.398,1496,10,10,4410.09,4410.17,8.0,PASS_<=10c,+0.0,FLAT,+3.0,-226.0,4.4,+0.69,0.16,SLOW,4412.35,4412.63,4410.05,4410.06,0.00,0.00,0.0,BEARISH,258.0,4410.06,4410.10,4410.06,4410.09,6,ACTIVE_6s,4.0,3.0,1.0,0.0,25.0,0.0,0.0,PASS_<20%,0.00,0.0,NO,STANDBY_VEL_LOW,0,0.00,4590.00,87.24,FALSE,M1_DIRECTION_MISMATCH|OPENING_SHIELD_ACTIVE_6s
2026-09-07 17:35:06.900,1788802506.900,1497,11,11,4410.09,4410.17,8.0,PASS_<=10c,+0.0,FLAT,+3.0,-226.0,4.3,+0.62,0.14,SLOW,4412.35,4412.63,4410.05,4410.06,0.00,0.00,0.0,BEARISH,258.0,4410.06,4410.10,4410.06,4410.09,6,ACTIVE_6s,4.0,3.0,1.0,0.0,25.0,0.0,0.0,PASS_<20%,0.00,0.0,NO,STANDBY_VEL_LOW,0,0.00,4590.00,87.24,FALSE,M1_DIRECTION_MISMATCH|OPENING_SHIELD_ACTIVE_6s
2026-09-07 17:35:07.401,1788802507.402,1498,12,12,4410.09,4410.17,8.0,PASS_<=10c,+0.0,FLAT,+3.0,-226.0,4.2,+0.21,0.05,SLOW,4412.35,4412.63,4410.05,4410.06,0.00,0.00,0.0,BEARISH,258.0,4410.06,4410.10,4410.06,4410.09,7,ACTIVE_7s,4.0,3.0,1.0,0.0,25.0,0.0,0.0,PASS_<20%,0.00,0.0,NO,STANDBY_VEL_LOW,0,0.00,4590.00,87.24,FALSE,M1_DIRECTION_MISMATCH|OPENING_SHIELD_ACTIVE_7s
2026-09-07 17:35:07.902,1788802507.903,1499,13,13,4410.09,4410.17,8.0,PASS_<=10c,+0.0,FLAT,+3.0,-226.0,4.2,+0.21,0.05,SLOW,4412.35,4412.63,4410.05,4410.14,0.00,0.00,0.0,BEARISH,258.0,4410.06,4410.10,4410.06,4410.09,7,ACTIVE_7s,4.0,3.0,1.0,0.0,25.0,0.0,0.0,PASS_<20%,0.00,0.0,NO,STANDBY_VEL_LOW,0,0.00,4590.00,87.24,FALSE,M1_DIRECTION_MISMATCH|OPENING_SHIELD_ACTIVE_7s
2026-09-07 17:35:08.407,1788802508.408,1500,14,14,4410.09,4410.17,8.0,PASS_<=10c,+0.0,FLAT,+3.0,-226.0,4.2,+0.21,0.05,SLOW,4412.35,4412.63,4410.05,4410.14,0.00,0.00,0.0,BEARISH,258.0,4410.06,4410.10,4410.06,4410.09,8,ACTIVE_8s,4.0,3.0,1.0,0.0,25.0,0.0,0.0,PASS_<20%,0.00,0.0,NO,STANDBY_VEL_LOW,0,0.00,4590.00,87.24,FALSE,M1_DIRECTION_MISMATCH|OPENING_SHIELD_ACTIVE_8s
2026-09-07 17:35:08.906,1788802508.907,1501,15,15,4410.09,4410.17,8.0,PASS_<=10c,+0.0,FLAT,+3.0,-226.0,4.2,+0.21,0.05,SLOW,4412.35,4412.63,4410.05,4410.14,0.00,0.00,0.0,BEARISH,258.0,4410.06,4410.10,4410.06,4410.09,8,ACTIVE_8s,4.0,3.0,1.0,0.0,25.0,0.0,0.0,PASS_<20%,0.00,0.0,NO,STANDBY_VEL_LOW,0,0.00,4590.00,87.24,FALSE,M1_DIRECTION_MISMATCH|OPENING_SHIELD_ACTIVE_8s
2026-09-07 17:35:09.407,1788802509.408,1502,16,16,4410.09,4410.17,8.0,PASS_<=10c,+0.0,FLAT,+3.0,-226.0,4.2,+0.00,0.00,SLOW,4412.35,4412.63,4410.05,4410.14,0.00,0.00,0.0,BEARISH,258.0,4410.06,4410.10,4410.06,4410.09,9,ACTIVE_9s,4.0,3.0,1.0,0.0,25.0,0.0,0.0,PASS_<20%,0.00,0.0,NO,STANDBY_VEL_LOW,0,0.00,4590.00,87.24,FALSE,M1_DIRECTION_MISMATCH|OPENING_SHIELD_ACTIVE_9s
2026-09-07 17:35:09.909,1788802509.910,1503,17,17,4410.09,4410.17,8.0,PASS_<=10c,+0.0,FLAT,+3.0,-226.0,4.2,+0.00,0.00,SLOW,4412.35,4412.63,4410.05,4410.14,0.00,0.00,0.0,BEARISH,258.0,4410.06,4410.10,4410.06,4410.09,9,ACTIVE_9s,4.0,3.0,1.0,0.0,25.0,0.0,0.0,PASS_<20%,0.00,0.0,NO,STANDBY_VEL_LOW,0,0.00,4590.00,87.24,FALSE,M1_DIRECTION_MISMATCH|OPENING_SHIELD_ACTIVE_9s
2026-09-07 17:35:20.311,1788802520.311,1504,18,18,4410.09,4410.17,8.0,PASS_<=10c,+0.0,FLAT,+3.0,-226.0,1.1,+0.00,0.00,SLOW,4412.35,4412.63,4410.05,4410.14,0.00,0.00,0.0,BEARISH,258.0,4410.06,4410.10,4410.06,4410.09,20,CLEARED_>=20s,4.0,3.0,1.0,0.0,25.0,0.0,0.0,PASS_<20%,0.00,0.0,NO,STANDBY_VEL_LOW,0,0.00,4590.00,87.24,FALSE,M1_DIRECTION_MISMATCH
2026-09-07 17:35:25.929,1788802525.930,1505,19,19,4410.09,4410.17,8.0,PASS_<=10c,+0.0,FLAT,+3.0,-226.0,2.0,+0.00,0.00,SLOW,4412.35,4412.63,4410.05,4410.14,0.00,0.00,0.0,BEARISH,258.0,4410.06,4410.10,4410.06,4410.09,25,CLEARED_>=20s,4.0,3.0,1.0,0.0,25.0,0.0,0.0,PASS_<20%,0.00,0.0,NO,STANDBY_VEL_LOW,0,0.00,4590.00,87.24,FALSE,M1_DIRECTION_MISMATCH
2026-09-07 17:35:26.284,1788802526.285,1506,20,20,4410.07,4410.15,8.0,PASS_<=10c,-2.0,DOWN,+1.0,-228.0,4.0,+2.00,0.50,SLOW,4412.35,4412.63,4410.05,4410.14,0.00,0.00,0.0,BEARISH,258.0,4410.06,4410.10,4410.06,4410.07,26,CLEARED_>=20s,4.0,1.0,3.0,0.0,75.0,0.0,0.0,PASS_<20%,0.00,0.0,NO,STANDBY_VEL_LOW,0,0.00,4590.00,87.24,FALSE,M1_DIRECTION_MISMATCH
2026-09-07 17:35:26.786,1788802526.786,1507,21,21,4410.07,4410.15,8.0,PASS_<=10c,+0.0,FLAT,+1.0,-228.0,4.4,+1.47,0.33,SLOW,4412.35,4412.63,4410.05,4410.14,0.00,0.00,0.0,BEARISH,258.0,4410.06,4410.10,4410.06,4410.07,26,CLEARED_>=20s,4.0,1.0,3.0,0.0,75.0,0.0,0.0,PASS_<20%,0.00,0.0,NO,STANDBY_VEL_LOW,0,0.00,4590.00,87.24,FALSE,M1_DIRECTION_MISMATCH
2026-09-07 17:35:27.287,1788802527.288,1508,22,22,4410.07,4410.15,8.0,PASS_<=10c,+0.0,FLAT,+1.0,-228.0,4.3,+1.08,0.25,SLOW,4412.35,4412.63,4410.05,4410.14,0.00,0.00,0.0,BEARISH,258.0,4410.06,4410.10,4410.06,4410.07,27,CLEARED_>=20s,4.0,1.0,3.0,0.0,75.0,0.0,0.0,PASS_<20%,0.00,0.0,NO,STANDBY_VEL_LOW,0,0.00,4590.00,87.24,FALSE,M1_DIRECTION_MISMATCH
2026-09-07 17:35:27.790,1788802527.790,1509,23,23,4410.07,4410.15,8.0,PASS_<=10c,+0.0,FLAT,+1.0,-228.0,4.2,+0.85,0.20,SLOW,4412.35,4412.63,4410.05,4410.14,0.00,0.00,0.0,BEARISH,258.0,4410.06,4410.10,4410.06,4410.07,27,CLEARED_>=20s,4.0,1.0,3.0,0.0,75.0,0.0,0.0,PASS_<20%,0.00,0.0,NO,STANDBY_VEL_LOW,0,0.00,4590.00,87.24,FALSE,M1_DIRECTION_MISMATCH
2026-09-07 17:35:28.290,1788802528.291,1510,24,24,4410.07,4410.15,8.0,PASS_<=10c,+0.0,FLAT,+1.0,-228.0,4.2,+0.70,0.17,SLOW,4412.35,4412.63,4410.05,4410.14,0.00,0.00,0.0,BEARISH,258.0,4410.06,4410.10,4410.06,4410.07,28,CLEARED_>=20s,4.0,1.0,3.0,0.0,75.0,0.0,0.0,PASS_<20%,0.00,0.0,NO,STANDBY_VEL_LOW,0,0.00,4590.00,87.24,FALSE,M1_DIRECTION_MISMATCH
2026-09-07 17:35:28.792,1788802528.793,1511,25,25,4410.07,4410.15,8.0,PASS_<=10c,+0.0,FLAT,+1.0,-228.0,4.2,+0.59,0.14,SLOW,4412.35,4412.63,4410.05,4410.14,0.00,0.00,0.0,BEARISH,258.0,4410.06,4410.10,4410.06,4410.07,28,CLEARED_>=20s,4.0,1.0,3.0,0.0,75.0,0.0,0.0,PASS_<20%,0.00,0.0,NO,STANDBY_VEL_LOW,0,0.00,4590.00,87.24,FALSE,M1_DIRECTION_MISMATCH
2026-09-07 17:35:29.294,1788802529.294,1512,26,26,4410.07,4410.15,8.0,PASS_<=10c,+0.0,FLAT,+1.0,-228.0,4.1,+0.52,0.13,SLOW,4412.35,4412.63,4410.05,4410.14,0.00,0.00,0.0,BEARISH,258.0,4410.06,4410.10,4410.06,4410.07,29,CLEARED_>=20s,4.0,1.0,3.0,0.0,75.0,0.0,0.0,PASS_<20%,0.00,0.0,NO,STANDBY_VEL_LOW,0,0.00,4590.00,87.24,FALSE,M1_DIRECTION_MISMATCH
2026-09-07 17:35:29.795,1788802529.795,1513,27,27,4410.07,4410.15,8.0,PASS_<=10c,+0.0,FLAT,+1.0,-228.0,4.1,+0.46,0.11,SLOW,4412.35,4412.63,4410.05,4410.14,0.00,0.00,0.0,BEARISH,258.0,4410.06,4410.10,4410.06,4410.07,29,CLEARED_>=20s,4.0,1.0,3.0,0.0,75.0,0.0,0.0,PASS_<20%,0.00,0.0,NO,STANDBY_VEL_LOW,0,0.00,4590.00,87.24,FALSE,M1_DIRECTION_MISMATCH
2026-09-07 17:35:30.296,1788802530.297,1514,28,28,4410.07,4410.15,8.0,PASS_<=10c,+0.0,FLAT,+1.0,-228.0,4.1,+0.41,0.10,SLOW,4412.35,4412.63,4410.05,4410.14,0.00,0.00,0.0,BEARISH,258.0,4410.06,4410.10,4410.06,4410.07,30,CLEARED_>=20s,4.0,1.0,3.0,0.0,75.0,0.0,0.0,PASS_<20%,0.00,0.0,NO,STANDBY_VEL_LOW,0,0.00,4590.00,87.24,FALSE,M1_DIRECTION_MISMATCH
2026-09-07 17:35:30.799,1788802530.799,1515,29,29,4410.07,4410.15,8.0,PASS_<=10c,+0.0,FLAT,+1.0,-228.0,4.3,+0.41,0.10,SLOW,4412.35,4412.63,4410.05,4410.14,0.00,0.00,0.0,BEARISH,258.0,4410.06,4410.10,4410.06,4410.07,30,CLEARED_>=20s,4.0,1.0,3.0,0.0,75.0,0.0,0.0,PASS_<20%,0.00,0.0,NO,STANDBY_VEL_LOW,0,0.00,4590.00,87.24,FALSE,M1_DIRECTION_MISMATCH
2026-09-07 17:35:31.300,1788802531.300,1516,30,30,4410.07,4410.15,8.0,PASS_<=10c,+0.0,FLAT,+1.0,-228.0,4.2,+0.00,0.00,SLOW,4412.35,4412.63,4410.05,4410.14,0.00,0.00,0.0,BEARISH,258.0,4410.06,4410.10,4410.06,4410.07,31,CLEARED_>=20s,4.0,1.0,3.0,0.0,75.0,0.0,0.0,PASS_<20%,0.00,0.0,NO,STANDBY_VEL_LOW,0,0.00,4590.00,87.24,FALSE,M1_DIRECTION_MISMATCH
2026-09-07 17:35:31.807,1788802531.807,1517,31,31,4410.07,4410.15,8.0,PASS_<=10c,+0.0,FLAT,+1.0,-228.0,4.2,+0.00,0.00,SLOW,4412.35,4412.63,4410.05,4410.14,0.00,0.00,0.0,BEARISH,258.0,4410.06,4410.10,4410.06,4410.07,31,CLEARED_>=20s,4.0,1.0,3.0,0.0,75.0,0.0,0.0,PASS_<20%,0.00,0.0,NO,STANDBY_VEL_LOW,0,0.00,4590.00,87.24,FALSE,M1_DIRECTION_MISMATCH
2026-09-07 17:35:32.307,1788802532.307,1518,32,32,4410.07,4410.15,8.0,PASS_<=10c,+0.0,FLAT,+1.0,-228.0,4.2,+0.00,0.00,SLOW,4412.35,4412.63,4410.05,4410.14,0.00,0.00,0.0,BEARISH,258.0,4410.06,4410.10,4410.06,4410.07,32,CLEARED_>=20s,4.0,1.0,3.0,0.0,75.0,0.0,0.0,PASS_<20%,0.00,0.0,NO,STANDBY_VEL_LOW,0,0.00,4590.00,87.24,FALSE,M1_DIRECTION_MISMATCH
2026-09-07 17:35:32.807,1788802532.808,1519,33,33,4410.07,4410.15,8.0,PASS_<=10c,+0.0,FLAT,+1.0,-228.0,4.2,+0.00,0.00,SLOW,4412.35,4412.63,4410.05,4410.14,0.00,0.00,0.0,BEARISH,258.0,4410.06,4410.10,4410.06,4410.07,32,CLEARED_>=20s,4.0,1.0,3.0,0.0,75.0,0.0,0.0,PASS_<20%,0.00,0.0,NO,STANDBY_VEL_LOW,0,0.00,4590.00,87.24,FALSE,M1_DIRECTION_MISMATCH
2026-09-07 17:35:33.309,1788802533.309,1520,34,34,4410.07,4410.15,8.0,PASS_<=10c,+0.0,FLAT,+1.0,-228.0,4.2,+0.00,0.00,SLOW,4412.35,4412.63,4410.05,4410.14,0.00,0.00,0.0,BEARISH,258.0,4410.06,4410.10,4410.06,4410.07,33,CLEARED_>=20s,4.0,1.0,3.0,0.0,75.0,0.0,0.0,PASS_<20%,0.00,0.0,NO,STANDBY_VEL_LOW,0,0.00,4590.00,87.24,FALSE,M1_DIRECTION_MISMATCH
2026-09-07 17:35:33.810,1788802533.811,1521,35,35,4410.07,4410.15,8.0,PASS_<=10c,+0.0,FLAT,+1.0,-228.0,4.2,+0.00,0.00,SLOW,4412.35,4412.63,4410.05,4410.14,0.00,0.00,0.0,BEARISH,258.0,4410.06,4410.10,4410.06,4410.07,33,CLEARED_>=20s,4.0,1.0,3.0,0.0,75.0,0.0,0.0,PASS_<20%,0.00,0.0,NO,STANDBY_VEL_LOW,0,0.00,4590.00,87.24,FALSE,M1_DIRECTION_MISMATCH
2026-09-07 17:35:44.253,1788802544.254,1522,36,36,4410.07,4410.15,8.0,PASS_<=10c,+0.0,FLAT,+1.0,-228.0,1.4,+0.02,0.01,SLOW,4412.35,4412.63,4410.05,4410.14,0.00,0.00,0.0,BEARISH,258.0,4410.06,4410.10,4410.06,4410.07,44,CLEARED_>=20s,4.0,1.0,3.0,0.0,75.0,0.0,0.0,PASS_<20%,0.00,0.0,NO,STANDBY_VEL_LOW,0,0.00,4590.00,87.24,FALSE,M1_DIRECTION_MISMATCH
2026-09-07 17:35:49.474,1788802549.474,1523,37,37,4410.07,4410.15,8.0,PASS_<=10c,+0.0,FLAT,+1.0,-228.0,2.0,+0.02,0.01,SLOW,4412.35,4412.63,4410.05,4410.14,0.00,0.00,0.0,BEARISH,258.0,4410.06,4410.10,4410.06,4410.07,49,CLEARED_>=20s,4.0,1.0,3.0,0.0,75.0,0.0,0.0,PASS_<20%,0.00,0.0,NO,STANDBY_VEL_LOW,0,0.00,4590.00,87.24,FALSE,M1_DIRECTION_MISMATCH
2026-09-07 17:35:49.975,1788802549.975,1524,38,38,4410.13,4410.21,8.0,PASS_<=10c,+6.0,UP,+7.0,-222.0,4.0,+6.00,1.50,SLOW,4412.35,4412.63,4410.05,4410.14,0.00,0.00,0.0,BEARISH,258.0,4410.06,4410.13,4410.06,4410.13,49,CLEARED_>=20s,7.0,7.0,0.0,0.0,0.0,0.0,0.0,PASS_<20%,0.00,0.0,NO,STANDBY_VEL_LOW,0,0.00,4590.00,87.24,FALSE,M1_DIRECTION_MISMATCH
2026-09-07 17:35:50.476,1788802550.477,1525,39,39,4410.13,4410.21,8.0,PASS_<=10c,+0.0,FLAT,+7.0,-222.0,5.4,+5.44,1.01,SLOW,4412.35,4412.63,4410.05,4410.14,0.00,0.00,0.0,BEARISH,258.0,4410.06,4410.13,4410.06,4410.13,50,CLEARED_>=20s,7.0,7.0,0.0,0.0,0.0,0.0,0.0,PASS_<20%,0.00,0.0,NO,STANDBY_VEL_LOW,0,0.00,4590.00,87.24,FALSE,M1_DIRECTION_MISMATCH
2026-09-07 17:35:50.978,1788802550.978,1526,40,40,4410.13,4410.21,8.0,PASS_<=10c,+0.0,FLAT,+7.0,-222.0,5.0,+3.74,0.75,SLOW,4412.35,4412.63,4410.05,4410.14,0.00,0.00,0.0,BEARISH,258.0,4410.06,4410.13,4410.06,4410.13,50,CLEARED_>=20s,7.0,7.0,0.0,0.0,0.0,0.0,0.0,PASS_<20%,0.00,0.0,NO,STANDBY_VEL_LOW,0,0.00,4590.00,87.24,FALSE,M1_DIRECTION_MISMATCH
2026-09-07 17:35:51.479,1788802551.480,1527,41,41,4410.13,4410.21,8.0,PASS_<=10c,+0.0,FLAT,+7.0,-222.0,4.7,+2.85,0.61,SLOW,4412.35,4412.63,4410.05,4410.14,0.00,0.00,0.0,BEARISH,258.0,4410.06,4410.13,4410.06,4410.13,51,CLEARED_>=20s,7.0,7.0,0.0,0.0,0.0,0.0,0.0,PASS_<20%,0.00,0.0,NO,STANDBY_VEL_LOW,0,0.00,4590.00,87.24,FALSE,M1_DIRECTION_MISMATCH
2026-09-07 17:35:51.981,1788802551.981,1528,42,42,4410.13,4410.21,8.0,PASS_<=10c,+0.0,FLAT,+7.0,-222.0,4.6,+2.30,0.50,SLOW,4412.35,4412.63,4410.05,4410.14,0.00,0.00,0.0,BEARISH,258.0,4410.06,4410.13,4410.06,4410.13,51,CLEARED_>=20s,7.0,7.0,0.0,0.0,0.0,0.0,0.0,PASS_<20%,0.00,0.0,NO,STANDBY_VEL_LOW,0,0.00,4590.00,87.24,FALSE,M1_DIRECTION_MISMATCH
2026-09-07 17:35:52.483,1788802552.483,1529,43,43,4410.15,4410.23,8.0,PASS_<=10c,+2.0,UP,+9.0,-220.0,4.5,+2.57,0.57,SLOW,4412.35,4412.63,4410.05,4410.14,0.00,0.00,0.0,BEARISH,258.0,4410.06,4410.15,4410.06,4410.15,52,CLEARED_>=20s,9.0,9.0,0.0,0.0,0.0,0.0,0.0,PASS_<20%,0.00,0.0,NO,STANDBY_VEL_LOW,0,0.00,4590.00,87.24,FALSE,M1_DIRECTION_MISMATCH
2026-09-07 17:35:52.984,1788802552.985,1530,44,44,4410.15,4410.23,8.0,PASS_<=10c,+0.0,FLAT,+9.0,-220.0,4.4,+2.21,0.50,SLOW,4412.35,4412.63,4410.05,4410.14,0.00,0.00,0.0,BEARISH,258.0,4410.06,4410.15,4410.06,4410.15,52,CLEARED_>=20s,9.0,9.0,0.0,0.0,0.0,0.0,0.0,PASS_<20%,0.00,0.0,NO,STANDBY_VEL_LOW,0,0.00,4590.00,87.24,FALSE,M1_DIRECTION_MISMATCH
2026-09-07 17:35:53.486,1788802553.487,1531,45,45,4410.15,4410.23,8.0,PASS_<=10c,+0.0,FLAT,+9.0,-220.0,4.4,+1.94,0.44,SLOW,4412.35,4412.63,4410.05,4410.14,0.00,0.00,0.0,BEARISH,258.0,4410.06,4410.15,4410.06,4410.15,53,CLEARED_>=20s,9.0,9.0,0.0,0.0,0.0,0.0,0.0,PASS_<20%,0.00,0.0,NO,STANDBY_VEL_LOW,0,0.00,4590.00,87.24,FALSE,M1_DIRECTION_MISMATCH
2026-09-07 17:35:53.988,1788802553.989,1532,46,46,4410.13,4410.21,8.0,PASS_<=10c,-2.0,DOWN,+7.0,-222.0,4.3,+1.30,0.30,SLOW,4412.35,4412.63,4410.05,4410.14,0.00,0.00,0.0,BEARISH,258.0,4410.06,4410.15,4410.06,4410.13,53,CLEARED_>=20s,9.0,7.0,2.0,0.0,22.2,0.0,0.0,PASS_<20%,0.00,0.0,NO,STANDBY_VEL_LOW,0,0.00,4590.00,87.24,FALSE,M1_DIRECTION_MISMATCH
2026-09-07 17:35:54.489,1788802554.490,1533,47,47,4410.13,4410.21,8.0,PASS_<=10c,+0.0,FLAT,+7.0,-222.0,4.2,+0.12,0.03,SLOW,4412.35,4412.63,4410.05,4410.14,0.00,0.00,0.0,BEARISH,258.0,4410.06,4410.15,4410.06,4410.13,54,CLEARED_>=20s,9.0,7.0,2.0,0.0,22.2,0.0,0.0,PASS_<20%,0.00,0.0,NO,STANDBY_VEL_LOW,0,0.00,4590.00,87.24,FALSE,M1_DIRECTION_MISMATCH
2026-09-07 17:35:54.991,1788802554.991,1534,48,48,4410.13,4410.21,8.0,PASS_<=10c,+0.0,FLAT,+7.0,-222.0,4.2,+0.12,0.03,SLOW,4412.35,4412.63,4410.05,4410.14,0.00,0.00,0.0,BEARISH,258.0,4410.06,4410.15,4410.06,4410.13,54,CLEARED_>=20s,9.0,7.0,2.0,0.0,22.2,0.0,0.0,PASS_<20%,0.00,0.0,NO,STANDBY_VEL_LOW,0,0.00,4590.00,87.24,FALSE,M1_DIRECTION_MISMATCH
2026-09-07 17:35:55.493,1788802555.494,1535,49,49,4410.13,4410.21,8.0,PASS_<=10c,+0.0,FLAT,+7.0,-222.0,4.2,+0.12,0.03,SLOW,4412.35,4412.63,4410.05,4410.14,0.00,0.00,0.0,BEARISH,258.0,4410.06,4410.15,4410.06,4410.13,55,CLEARED_>=20s,9.0,7.0,2.0,0.0,22.2,0.0,0.0,PASS_<20%,0.00,0.0,NO,STANDBY_VEL_LOW,0,0.00,4590.00,87.24,FALSE,M1_DIRECTION_MISMATCH
2026-09-07 17:35:55.996,1788802555.996,1536,50,50,4410.13,4410.21,8.0,PASS_<=10c,+0.0,FLAT,+7.0,-222.0,4.2,+0.12,0.03,SLOW,4412.35,4412.63,4410.05,4410.14,0.00,0.00,0.0,BEARISH,258.0,4410.06,4410.15,4410.06,4410.13,55,CLEARED_>=20s,9.0,7.0,2.0,0.0,22.2,0.0,0.0,PASS_<20%,0.00,0.0,NO,STANDBY_VEL_LOW,0,0.00,4590.00,87.24,FALSE,M1_DIRECTION_MISMATCH
2026-09-07 17:35:56.497,1788802556.498,1537,51,51,4410.13,4410.21,8.0,PASS_<=10c,+0.0,FLAT,+7.0,-222.0,4.2,+0.13,0.03,SLOW,4412.35,4412.63,4410.05,4410.14,0.00,0.00,0.0,BEARISH,258.0,4410.06,4410.15,4410.06,4410.13,56,CLEARED_>=20s,9.0,7.0,2.0,0.0,22.2,0.0,0.0,PASS_<20%,0.00,0.0,NO,STANDBY_VEL_LOW,0,0.00,4590.00,87.24,FALSE,M1_DIRECTION_MISMATCH
2026-09-07 17:35:56.999,1788802557.000,1538,52,52,4410.13,4410.21,8.0,PASS_<=10c,+0.0,FLAT,+7.0,-222.0,4.2,+0.42,0.10,SLOW,4412.35,4412.63,4410.05,4410.14,0.00,0.00,0.0,BEARISH,258.0,4410.06,4410.15,4410.06,4410.13,56,CLEARED_>=20s,9.0,7.0,2.0,0.0,22.2,0.0,0.0,PASS_<20%,0.00,0.0,NO,STANDBY_VEL_LOW,0,0.00,4590.00,87.24,FALSE,M1_DIRECTION_MISMATCH
2026-09-07 17:35:57.500,1788802557.501,1539,53,53,4410.13,4410.21,8.0,PASS_<=10c,+0.0,FLAT,+7.0,-222.0,4.2,+0.42,0.10,SLOW,4412.35,4412.63,4410.05,4410.14,0.00,0.00,0.0,BEARISH,258.0,4410.06,4410.15,4410.06,4410.13,57,CLEARED_>=20s,9.0,7.0,2.0,0.0,22.2,0.0,0.0,PASS_<20%,0.00,0.0,NO,STANDBY_VEL_LOW,0,0.00,4590.00,87.24,FALSE,M1_DIRECTION_MISMATCH
2026-09-07 17:36:07.943,1788802567.944,1540,1,54,4410.13,4410.21,8.0,PASS_<=10c,+0.0,FLAT,+0.0,-222.0,1.4,+0.07,0.05,SLOW,4412.35,4412.63,4410.05,4410.14,0.00,0.00,0.0,BEARISH,258.0,4410.13,4410.13,4410.13,4410.13,7,ACTIVE_7s,1.0,0.0,0.0,0.0,0.0,0.0,0.0,PASS_<20%,0.00,0.0,NO,STANDBY_VEL_LOW,0,0.00,4590.00,87.24,FALSE,M1_DIRECTION_MISMATCH|OPENING_SHIELD_ACTIVE_7s
2026-09-07 17:36:14.364,1788802574.364,1541,2,55,4410.13,4410.21,8.0,PASS_<=10c,+0.0,FLAT,+0.0,-222.0,1.5,+0.07,0.05,SLOW,4412.35,4412.63,4410.05,4410.14,0.00,0.00,0.0,BEARISH,258.0,4410.13,4410.13,4410.13,4410.13,14,ACTIVE_14s,1.0,0.0,0.0,0.0,0.0,0.0,0.0,PASS_<20%,0.00,0.0,NO,STANDBY_VEL_LOW,0,0.00,4590.00,87.24,FALSE,M1_DIRECTION_MISMATCH|OPENING_SHIELD_ACTIVE_14s
2026-09-07 17:36:14.737,1788802574.737,1542,3,56,4410.28,4410.36,8.0,PASS_<=10c,+15.0,UP,+15.0,-207.0,2.4,+8.94,3.73,SLOW,4412.35,4412.63,4410.05,4410.14,0.00,0.00,0.0,BEARISH,258.0,4410.13,4410.28,4410.13,4410.28,14,ACTIVE_14s,15.0,15.0,0.0,0.0,0.0,0.0,0.0,PASS_<20%,0.00,0.0,NO,STANDBY_VEL_LOW,0,0.00,4590.00,87.24,FALSE,M1_DIRECTION_MISMATCH|OPENING_SHIELD_ACTIVE_14s
2026-09-07 17:36:15.238,1788802575.238,1543,4,57,4410.28,4410.36,8.0,PASS_<=10c,+0.0,FLAT,+15.0,-207.0,2.8,+6.88,2.46,SLOW,4412.35,4412.63,4410.05,4410.14,0.00,0.00,0.0,BEARISH,258.0,4410.13,4410.28,4410.13,4410.28,15,ACTIVE_15s,15.0,15.0,0.0,0.0,0.0,0.0,0.0,PASS_<20%,0.00,0.0,NO,STANDBY_VEL_LOW,0,0.00,4590.00,87.24,FALSE,M1_DIRECTION_MISMATCH|OPENING_SHIELD_ACTIVE_15s
2026-09-07 17:36:15.739,1788802575.740,1544,5,58,4410.28,4410.36,8.0,PASS_<=10c,+0.0,FLAT,+15.0,-207.0,3.0,+5.60,1.87,SLOW,4412.35,4412.63,4410.05,4410.14,0.00,0.00,0.0,BEARISH,258.0,4410.13,4410.28,4410.13,4410.28,15,ACTIVE_15s,15.0,15.0,0.0,0.0,0.0,0.0,0.0,PASS_<20%,0.00,0.0,NO,STANDBY_VEL_LOW,0,0.00,4590.00,87.24,FALSE,M1_DIRECTION_MISMATCH|OPENING_SHIELD_ACTIVE_15s
2026-09-07 17:36:16.241,1788802576.242,1545,6,59,4410.28,4410.36,8.0,PASS_<=10c,+0.0,FLAT,+15.0,-207.0,3.1,+4.71,1.52,SLOW,4412.35,4412.63,4410.05,4410.14,0.00,0.00,0.0,BEARISH,258.0,4410.13,4410.28,4410.13,4410.28,16,ACTIVE_16s,15.0,15.0,0.0,0.0,0.0,0.0,0.0,PASS_<20%,0.00,0.0,NO,STANDBY_VEL_LOW,0,0.00,4590.00,87.24,FALSE,M1_DIRECTION_MISMATCH|OPENING_SHIELD_ACTIVE_16s
2026-09-07 17:36:16.743,1788802576.744,1546,7,60,4410.28,4410.36,8.0,PASS_<=10c,+0.0,FLAT,+15.0,-207.0,3.3,+4.07,1.23,SLOW,4412.35,4412.63,4410.05,4410.14,0.00,0.00,0.0,BEARISH,258.0,4410.13,4410.28,4410.13,4410.28,16,ACTIVE_16s,15.0,15.0,0.0,0.0,0.0,0.0,0.0,PASS_<20%,0.00,0.0,NO,STANDBY_VEL_LOW,0,0.00,4590.00,87.24,FALSE,M1_DIRECTION_MISMATCH|OPENING_SHIELD_ACTIVE_16s
2026-09-07 17:36:17.244,1788802577.245,1547,8,61,4410.28,4410.36,8.0,PASS_<=10c,+0.0,FLAT,+15.0,-207.0,3.3,+3.58,1.08,SLOW,4412.35,4412.63,4410.05,4410.14,0.00,0.00,0.0,BEARISH,258.0,4410.13,4410.28,4410.13,4410.28,17,ACTIVE_17s,15.0,15.0,0.0,0.0,0.0,0.0,0.0,PASS_<20%,0.00,0.0,NO,STANDBY_VEL_LOW,0,0.00,4590.00,87.24,FALSE,M1_DIRECTION_MISMATCH|OPENING_SHIELD_ACTIVE_17s
2026-09-07 17:36:17.746,1788802577.747,1548,9,62,4410.30,4410.38,8.0,PASS_<=10c,+2.0,UP,+17.0,-205.0,3.4,+3.63,1.07,SLOW,4412.35,4412.63,4410.05,4410.14,0.00,0.00,0.0,BEARISH,258.0,4410.13,4410.30,4410.13,4410.30,17,ACTIVE_17s,17.0,17.0,0.0,0.0,0.0,0.0,0.0,PASS_<20%,0.00,0.0,NO,STANDBY_VEL_LOW,0,0.00,4590.00,87.24,FALSE,M1_DIRECTION_MISMATCH|OPENING_SHIELD_ACTIVE_17s
2026-09-07 17:36:18.247,1788802578.248,1549,10,63,4410.30,4410.38,8.0,PASS_<=10c,+0.0,FLAT,+17.0,-205.0,4.4,+4.38,1.00,SLOW,4412.35,4412.63,4410.05,4410.14,0.00,0.00,0.0,BEARISH,258.0,4410.13,4410.30,4410.13,4410.30,18,ACTIVE_18s,17.0,17.0,0.0,0.0,0.0,0.0,0.0,PASS_<20%,0.00,0.0,NO,STANDBY_VEL_LOW,0,0.00,4590.00,87.24,FALSE,M1_DIRECTION_MISMATCH|OPENING_SHIELD_ACTIVE_18s
2026-09-07 17:36:18.750,1788802578.751,1550,11,64,4410.30,4410.38,8.0,PASS_<=10c,+0.0,FLAT,+17.0,-205.0,4.3,+3.87,0.90,SLOW,4412.35,4412.63,4410.05,4410.14,0.00,0.00,0.0,BEARISH,258.0,4410.13,4410.30,4410.13,4410.30,18,ACTIVE_18s,17.0,17.0,0.0,0.0,0.0,0.0,0.0,PASS_<20%,0.00,0.0,NO,STANDBY_VEL_LOW,0,0.00,4590.00,87.24,FALSE,M1_DIRECTION_MISMATCH|OPENING_SHIELD_ACTIVE_18s
2026-09-07 17:36:19.252,1788802579.252,1551,12,65,4410.30,4410.38,8.0,PASS_<=10c,+0.0,FLAT,+17.0,-205.0,4.3,+3.48,0.81,SLOW,4412.35,4412.63,4410.05,4410.14,0.00,0.00,0.0,BEARISH,258.0,4410.13,4410.30,4410.13,4410.30,19,ACTIVE_19s,17.0,17.0,0.0,0.0,0.0,0.0,0.0,PASS_<20%,0.00,0.0,NO,STANDBY_VEL_LOW,0,0.00,4590.00,87.24,FALSE,M1_DIRECTION_MISMATCH|OPENING_SHIELD_ACTIVE_19s
2026-09-07 17:36:19.754,1788802579.754,1552,13,66,4410.30,4410.38,8.0,PASS_<=10c,+0.0,FLAT,+17.0,-205.0,4.2,+0.42,0.10,SLOW,4412.35,4412.63,4410.05,4410.14,0.00,0.00,0.0,BEARISH,258.0,4410.13,4410.30,4410.13,4410.30,19,ACTIVE_19s,17.0,17.0,0.0,0.0,0.0,0.0,0.0,PASS_<20%,0.00,0.0,NO,STANDBY_VEL_LOW,0,0.00,4590.00,87.24,FALSE,M1_DIRECTION_MISMATCH|OPENING_SHIELD_ACTIVE_19s
2026-09-07 17:36:20.259,1788802580.259,1553,14,67,4410.30,4410.38,8.0,PASS_<=10c,+0.0,FLAT,+17.0,-205.0,4.2,+0.42,0.10,SLOW,4412.35,4412.63,4410.05,4410.14,0.00,0.00,0.0,BEARISH,258.0,4410.13,4410.30,4410.13,4410.30,20,CLEARED_>=20s,17.0,17.0,0.0,0.0,0.0,0.0,0.0,PASS_<20%,0.00,0.0,NO,STANDBY_VEL_LOW,0,0.00,4590.00,87.24,FALSE,M1_DIRECTION_MISMATCH
2026-09-07 17:36:20.760,1788802580.760,1554,15,68,4410.30,4410.38,8.0,PASS_<=10c,+0.0,FLAT,+17.0,-205.0,4.2,+0.42,0.10,SLOW,4412.35,4412.63,4410.05,4410.14,0.00,0.00,0.0,BEARISH,258.0,4410.13,4410.30,4410.13,4410.30,20,CLEARED_>=20s,17.0,17.0,0.0,0.0,0.0,0.0,0.0,PASS_<20%,0.00,0.0,NO,STANDBY_VEL_LOW,0,0.00,4590.00,87.24,FALSE,M1_DIRECTION_MISMATCH
2026-09-07 17:36:21.261,1788802581.262,1555,16,69,4410.30,4410.38,8.0,PASS_<=10c,+0.0,FLAT,+17.0,-205.0,4.2,+0.42,0.10,SLOW,4412.35,4412.63,4410.05,4410.14,0.00,0.00,0.0,BEARISH,258.0,4410.13,4410.30,4410.13,4410.30,21,CLEARED_>=20s,17.0,17.0,0.0,0.0,0.0,0.0,0.0,PASS_<20%,0.00,0.0,NO,STANDBY_VEL_LOW,0,0.00,4590.00,87.24,FALSE,M1_DIRECTION_MISMATCH
2026-09-07 17:36:21.763,1788802581.763,1556,17,70,4410.30,4410.38,8.0,PASS_<=10c,+0.0,FLAT,+17.0,-205.0,4.2,+0.42,0.10,SLOW,4412.35,4412.63,4410.05,4410.14,0.00,0.00,0.0,BEARISH,258.0,4410.13,4410.30,4410.13,4410.30,21,CLEARED_>=20s,17.0,17.0,0.0,0.0,0.0,0.0,0.0,PASS_<20%,0.00,0.0,NO,STANDBY_VEL_LOW,0,0.00,4590.00,87.24,FALSE,M1_DIRECTION_MISMATCH
2026-09-07 17:36:22.264,1788802582.265,1557,18,71,4410.30,4410.38,8.0,PASS_<=10c,+0.0,FLAT,+17.0,-205.0,4.2,+0.42,0.10,SLOW,4412.35,4412.63,4410.05,4410.14,0.00,0.00,0.0,BEARISH,258.0,4410.13,4410.30,4410.13,4410.30,22,CLEARED_>=20s,17.0,17.0,0.0,0.0,0.0,0.0,0.0,PASS_<20%,0.00,0.0,NO,STANDBY_VEL_LOW,0,0.00,4590.00,87.24,FALSE,M1_DIRECTION_MISMATCH
2026-09-07 17:36:32.656,1788802592.656,1558,19,72,4410.30,4410.38,8.0,PASS_<=10c,+0.0,FLAT,+17.0,-205.0,1.3,+0.38,0.29,SLOW,4412.35,4412.63,4410.05,4410.14,0.00,0.00,0.0,BEARISH,258.0,4410.13,4410.30,4410.13,4410.30,32,CLEARED_>=20s,17.0,17.0,0.0,0.0,0.0,0.0,0.0,PASS_<20%,0.00,0.0,NO,STANDBY_VEL_LOW,0,0.00,4590.00,87.24,FALSE,M1_DIRECTION_MISMATCH
2026-09-07 17:36:39.279,1788802599.279,1559,20,73,4410.30,4410.38,8.0,PASS_<=10c,+0.0,FLAT,+17.0,-205.0,1.4,+0.42,0.30,SLOW,4412.35,4412.63,4410.05,4410.14,0.00,0.00,0.0,BEARISH,258.0,4410.13,4410.30,4410.13,4410.30,39,CLEARED_>=20s,17.0,17.0,0.0,0.0,0.0,0.0,0.0,PASS_<20%,0.00,0.0,NO,STANDBY_VEL_LOW,0,0.00,4590.00,87.24,FALSE,M1_DIRECTION_MISMATCH
2026-09-07 17:36:39.634,1788802599.634,1560,21,74,4410.41,4410.49,8.0,PASS_<=10c,+11.0,UP,+28.0,-194.0,2.2,+5.92,2.69,SLOW,4412.35,4412.63,4410.05,4410.14,0.00,0.00,0.0,BEARISH,258.0,4410.13,4410.41,4410.13,4410.41,39,CLEARED_>=20s,28.0,28.0,0.0,0.0,0.0,0.0,0.0,PASS_<20%,0.00,0.0,NO,STANDBY_VEL_LOW,0,0.00,4590.00,87.24,FALSE,M1_DIRECTION_MISMATCH
2026-09-07 17:36:40.136,1788802600.136,1561,22,75,4410.39,4410.47,8.0,PASS_<=10c,-2.0,DOWN,+26.0,-196.0,2.5,+3.81,1.52,SLOW,4412.35,4412.63,4410.05,4410.14,0.00,0.00,0.0,BEARISH,258.0,4410.13,4410.41,4410.13,4410.39,40,CLEARED_>=20s,28.0,26.0,2.0,0.0,7.1,0.0,0.0,PASS_<20%,0.00,0.0,NO,STANDBY_VEL_LOW,0,0.00,4590.00,87.24,FALSE,M1_DIRECTION_MISMATCH
2026-09-07 17:36:40.638,1788802600.638,1562,23,76,4410.39,4410.47,8.0,PASS_<=10c,+0.0,FLAT,+26.0,-196.0,2.8,+3.14,1.12,SLOW,4412.35,4412.63,4410.05,4410.14,0.00,0.00,0.0,BEARISH,258.0,4410.13,4410.41,4410.13,4410.39,40,CLEARED_>=20s,28.0,26.0,2.0,0.0,7.1,0.0,0.0,PASS_<20%,0.00,0.0,NO,STANDBY_VEL_LOW,0,0.00,4590.00,87.24,FALSE,M1_DIRECTION_MISMATCH
2026-09-07 17:36:41.140,1788802601.141,1563,24,77,4410.39,4410.47,8.0,PASS_<=10c,+0.0,FLAT,+26.0,-196.0,3.0,+2.67,0.89,SLOW,4412.35,4412.63,4410.05,4410.14,0.00,0.00,0.0,BEARISH,258.0,4410.13,4410.41,4410.13,4410.39,41,CLEARED_>=20s,28.0,26.0,2.0,0.0,7.1,0.0,0.0,PASS_<20%,0.00,0.0,NO,STANDBY_VEL_LOW,0,0.00,4590.00,87.24,FALSE,M1_DIRECTION_MISMATCH
2026-09-07 17:36:41.642,1788802601.642,1564,25,78,4410.39,4410.47,8.0,PASS_<=10c,+0.0,FLAT,+26.0,-196.0,3.1,+2.33,0.75,SLOW,4412.35,4412.63,4410.05,4410.14,0.00,0.00,0.0,BEARISH,258.0,4410.13,4410.41,4410.13,4410.39,41,CLEARED_>=20s,28.0,26.0,2.0,0.0,7.1,0.0,0.0,PASS_<20%,0.00,0.0,NO,STANDBY_VEL_LOW,0,0.00,4590.00,87.24,FALSE,M1_DIRECTION_MISMATCH
2026-09-07 17:36:42.143,1788802602.144,1565,26,79,4410.39,4410.47,8.0,PASS_<=10c,+0.0,FLAT,+26.0,-196.0,3.2,+2.06,0.64,SLOW,4412.35,4412.63,4410.05,4410.14,0.00,0.00,0.0,BEARISH,258.0,4410.13,4410.41,4410.13,4410.39,42,CLEARED_>=20s,28.0,26.0,2.0,0.0,7.1,0.0,0.0,PASS_<20%,0.00,0.0,NO,STANDBY_VEL_LOW,0,0.00,4590.00,87.24,FALSE,M1_DIRECTION_MISMATCH
2026-09-07 17:36:42.645,1788802602.645,1566,27,80,4410.39,4410.47,8.0,PASS_<=10c,+0.0,FLAT,+26.0,-196.0,3.3,+1.85,0.56,SLOW,4412.35,4412.63,4410.05,4410.14,0.00,0.00,0.0,BEARISH,258.0,4410.13,4410.41,4410.13,4410.39,42,CLEARED_>=20s,28.0,26.0,2.0,0.0,7.1,0.0,0.0,PASS_<20%,0.00,0.0,NO,STANDBY_VEL_LOW,0,0.00,4590.00,87.24,FALSE,M1_DIRECTION_MISMATCH
2026-09-07 17:36:43.146,1788802603.147,1567,28,81,4410.39,4410.47,8.0,PASS_<=10c,+0.0,FLAT,+26.0,-196.0,4.4,+2.33,0.53,SLOW,4412.35,4412.63,4410.05,4410.14,0.00,0.00,0.0,BEARISH,258.0,4410.13,4410.41,4410.13,4410.39,43,CLEARED_>=20s,28.0,26.0,2.0,0.0,7.1,0.0,0.0,PASS_<20%,0.00,0.0,NO,STANDBY_VEL_LOW,0,0.00,4590.00,87.24,FALSE,M1_DIRECTION_MISMATCH
2026-09-07 17:36:43.649,1788802603.649,1568,29,82,4410.39,4410.47,8.0,PASS_<=10c,+0.0,FLAT,+26.0,-196.0,4.3,+2.06,0.48,SLOW,4412.35,4412.63,4410.05,4410.14,0.00,0.00,0.0,BEARISH,258.0,4410.13,4410.41,4410.13,4410.39,43,CLEARED_>=20s,28.0,26.0,2.0,0.0,7.1,0.0,0.0,PASS_<20%,0.00,0.0,NO,STANDBY_VEL_LOW,0,0.00,4590.00,87.24,FALSE,M1_DIRECTION_MISMATCH
2026-09-07 17:36:44.150,1788802604.151,1569,30,83,4410.39,4410.47,8.0,PASS_<=10c,+0.0,FLAT,+26.0,-196.0,4.3,+1.85,0.43,SLOW,4412.35,4412.63,4410.05,4410.14,0.00,0.00,0.0,BEARISH,258.0,4410.13,4410.41,4410.13,4410.39,44,CLEARED_>=20s,28.0,26.0,2.0,0.0,7.1,0.0,0.0,PASS_<20%,0.00,0.0,NO,STANDBY_VEL_LOW,0,0.00,4590.00,87.24,FALSE,M1_DIRECTION_MISMATCH
2026-09-07 17:36:44.652,1788802604.652,1570,31,84,4410.39,4410.47,8.0,PASS_<=10c,+0.0,FLAT,+26.0,-196.0,4.2,+0.58,0.14,SLOW,4412.35,4412.63,4410.05,4410.14,0.00,0.00,0.0,BEARISH,258.0,4410.13,4410.41,4410.13,4410.39,44,CLEARED_>=20s,28.0,26.0,2.0,0.0,7.1,0.0,0.0,PASS_<20%,0.00,0.0,NO,STANDBY_VEL_LOW,0,0.00,4590.00,87.24,FALSE,M1_DIRECTION_MISMATCH
2026-09-07 17:36:45.153,1788802605.153,1571,32,85,4410.39,4410.47,8.0,PASS_<=10c,+0.0,FLAT,+26.0,-196.0,4.2,+0.57,0.14,SLOW,4412.35,4412.63,4410.05,4410.14,0.00,0.00,0.0,BEARISH,258.0,4410.13,4410.41,4410.13,4410.39,45,CLEARED_>=20s,28.0,26.0,2.0,0.0,7.1,0.0,0.0,PASS_<20%,0.00,0.0,NO,STANDBY_VEL_LOW,0,0.00,4590.00,87.24,FALSE,M1_DIRECTION_MISMATCH
2026-09-07 17:36:45.655,1788802605.655,1572,33,86,4410.39,4410.47,8.0,PASS_<=10c,+0.0,FLAT,+26.0,-196.0,4.2,+0.57,0.14,SLOW,4412.35,4412.63,4410.05,4410.14,0.00,0.00,0.0,BEARISH,258.0,4410.13,4410.41,4410.13,4410.39,45,CLEARED_>=20s,28.0,26.0,2.0,0.0,7.1,0.0,0.0,PASS_<20%,0.00,0.0,NO,STANDBY_VEL_LOW,0,0.00,4590.00,87.24,FALSE,M1_DIRECTION_MISMATCH
2026-09-07 17:36:46.157,1788802606.157,1573,34,87,4410.39,4410.47,8.0,PASS_<=10c,+0.0,FLAT,+26.0,-196.0,4.2,+0.56,0.13,SLOW,4412.35,4412.63,4410.05,4410.14,0.00,0.00,0.0,BEARISH,258.0,4410.13,4410.41,4410.13,4410.39,46,CLEARED_>=20s,28.0,26.0,2.0,0.0,7.1,0.0,0.0,PASS_<20%,0.00,0.0,NO,STANDBY_VEL_LOW,0,0.00,4590.00,87.24,FALSE,M1_DIRECTION_MISMATCH
2026-09-07 17:36:46.658,1788802606.658,1574,35,88,4410.39,4410.47,8.0,PASS_<=10c,+0.0,FLAT,+26.0,-196.0,4.2,+0.56,0.13,SLOW,4412.35,4412.63,4410.05,4410.14,0.00,0.00,0.0,BEARISH,258.0,4410.13,4410.41,4410.13,4410.39,46,CLEARED_>=20s,28.0,26.0,2.0,0.0,7.1,0.0,0.0,PASS_<20%,0.00,0.0,NO,STANDBY_VEL_LOW,0,0.00,4590.00,87.24,FALSE,M1_DIRECTION_MISMATCH
2026-09-07 17:36:47.159,1788802607.160,1575,36,89,4410.39,4410.47,8.0,PASS_<=10c,+0.0,FLAT,+26.0,-196.0,4.2,+0.55,0.13,SLOW,4412.35,4412.63,4410.05,4410.14,0.00,0.00,0.0,BEARISH,258.0,4410.13,4410.41,4410.13,4410.39,47,CLEARED_>=20s,28.0,26.0,2.0,0.0,7.1,0.0,0.0,PASS_<20%,0.00,0.0,NO,STANDBY_VEL_LOW,0,0.00,4590.00,87.24,FALSE,M1_DIRECTION_MISMATCH
2026-09-07 17:36:57.582,1788802617.582,1576,37,90,4410.39,4410.47,8.0,PASS_<=10c,+0.0,FLAT,+26.0,-196.0,1.4,+0.47,0.34,SLOW,4412.35,4412.63,4410.05,4410.14,0.00,0.00,0.0,BEARISH,258.0,4410.13,4410.41,4410.13,4410.39,57,CLEARED_>=20s,28.0,26.0,2.0,0.0,7.1,0.0,0.0,PASS_<20%,0.00,0.0,NO,STANDBY_VEL_LOW,0,0.00,4590.00,87.24,FALSE,M1_DIRECTION_MISMATCH
2026-09-07 17:37:05.005,1788802625.005,1577,1,91,4410.39,4410.47,8.0,PASS_<=10c,+0.0,FLAT,+0.0,-196.0,1.3,+0.46,0.35,SLOW,4412.35,4412.63,4410.05,4410.14,0.00,0.00,0.0,BEARISH,258.0,4410.39,4410.39,4410.39,4410.39,5,ACTIVE_5s,1.0,0.0,0.0,0.0,0.0,0.0,0.0,PASS_<20%,0.00,0.0,NO,STANDBY_VEL_LOW,0,0.00,4590.00,87.24,FALSE,M1_DIRECTION_MISMATCH|OPENING_SHIELD_ACTIVE_5s
2026-09-07 17:37:05.359,1788802625.360,1578,2,92,4410.39,4410.47,8.0,PASS_<=10c,+0.0,FLAT,+0.0,-196.0,1.5,+0.45,0.30,SLOW,4412.35,4412.63,4410.05,4410.14,0.00,0.00,0.0,BEARISH,258.0,4410.39,4410.39,4410.39,4410.39,5,ACTIVE_5s,1.0,0.0,0.0,0.0,0.0,0.0,0.0,PASS_<20%,0.00,0.0,NO,STANDBY_VEL_LOW,0,0.00,4590.00,87.24,FALSE,M1_DIRECTION_MISMATCH|OPENING_SHIELD_ACTIVE_5s
2026-09-07 17:37:05.861,1788802625.862,1579,3,93,4410.39,4410.47,8.0,PASS_<=10c,+0.0,FLAT,+0.0,-196.0,1.9,+0.45,0.24,SLOW,4412.35,4412.63,4410.05,4410.14,0.00,0.00,0.0,BEARISH,258.0,4410.39,4410.39,4410.39,4410.39,5,ACTIVE_5s,1.0,0.0,0.0,0.0,0.0,0.0,0.0,PASS_<20%,0.00,0.0,NO,STANDBY_VEL_LOW,0,0.00,4590.00,87.24,FALSE,M1_DIRECTION_MISMATCH|OPENING_SHIELD_ACTIVE_5s
2026-09-07 17:37:06.363,1788802626.363,1580,4,94,4410.39,4410.47,8.0,PASS_<=10c,+0.0,FLAT,+0.0,-196.0,2.2,+0.45,0.20,SLOW,4412.35,4412.63,4410.05,4410.14,0.00,0.00,0.0,BEARISH,258.0,4410.39,4410.39,4410.39,4410.39,6,ACTIVE_6s,1.0,0.0,0.0,0.0,0.0,0.0,0.0,PASS_<20%,0.00,0.0,NO,STANDBY_VEL_LOW,0,0.00,4590.00,87.24,FALSE,M1_DIRECTION_MISMATCH|OPENING_SHIELD_ACTIVE_6s
2026-09-07 17:37:06.865,1788802626.865,1581,5,95,4410.39,4410.47,8.0,PASS_<=10c,+0.0,FLAT,+0.0,-196.0,2.4,+0.44,0.18,SLOW,4412.35,4412.63,4410.05,4410.14,0.00,0.00,0.0,BEARISH,258.0,4410.39,4410.39,4410.39,4410.39,6,ACTIVE_6s,1.0,0.0,0.0,0.0,0.0,0.0,0.0,PASS_<20%,0.00,0.0,NO,STANDBY_VEL_LOW,0,0.00,4590.00,87.24,FALSE,M1_DIRECTION_MISMATCH|OPENING_SHIELD_ACTIVE_6s
2026-09-07 17:37:07.367,1788802627.367,1582,6,96,4410.39,4410.47,8.0,PASS_<=10c,+0.0,FLAT,+0.0,-196.0,2.6,+0.44,0.17,SLOW,4412.35,4412.63,4410.05,4410.14,0.00,0.00,0.0,BEARISH,258.0,4410.39,4410.39,4410.39,4410.39,7,ACTIVE_7s,1.0,0.0,0.0,0.0,0.0,0.0,0.0,PASS_<20%,0.00,0.0,NO,STANDBY_VEL_LOW,0,0.00,4590.00,87.24,FALSE,M1_DIRECTION_MISMATCH|OPENING_SHIELD_ACTIVE_7s
2026-09-07 17:37:07.868,1788802627.868,1583,7,97,4410.39,4410.47,8.0,PASS_<=10c,+0.0,FLAT,+0.0,-196.0,4.5,+0.43,0.10,SLOW,4412.35,4412.63,4410.05,4410.14,0.00,0.00,0.0,BEARISH,258.0,4410.39,4410.39,4410.39,4410.39,7,ACTIVE_7s,1.0,0.0,0.0,0.0,0.0,0.0,0.0,PASS_<20%,0.00,0.0,NO,STANDBY_VEL_LOW,0,0.00,4590.00,87.24,FALSE,M1_DIRECTION_MISMATCH|OPENING_SHIELD_ACTIVE_7s
2026-09-07 17:37:08.369,1788802628.370,1584,8,98,4410.39,4410.47,8.0,PASS_<=10c,+0.0,FLAT,+0.0,-196.0,4.5,+0.47,0.10,SLOW,4412.35,4412.63,4410.05,4410.14,0.00,0.00,0.0,BEARISH,258.0,4410.39,4410.39,4410.39,4410.39,8,ACTIVE_8s,1.0,0.0,0.0,0.0,0.0,0.0,0.0,PASS_<20%,0.00,0.0,NO,STANDBY_VEL_LOW,0,0.00,4590.00,87.24,FALSE,M1_DIRECTION_MISMATCH|OPENING_SHIELD_ACTIVE_8s
2026-09-07 17:37:08.874,1788802628.874,1585,9,99,4410.39,4410.47,8.0,PASS_<=10c,+0.0,FLAT,+0.0,-196.0,4.4,+0.47,0.11,SLOW,4412.35,4412.63,4410.05,4410.14,0.00,0.00,0.0,BEARISH,258.0,4410.39,4410.39,4410.39,4410.39,8,ACTIVE_8s,1.0,0.0,0.0,0.0,0.0,0.0,0.0,PASS_<20%,0.00,0.0,NO,STANDBY_VEL_LOW,0,0.00,4590.00,87.24,FALSE,M1_DIRECTION_MISMATCH|OPENING_SHIELD_ACTIVE_8s
2026-09-07 17:37:09.374,1788802629.374,1586,10,100,4410.39,4410.47,8.0,PASS_<=10c,+0.0,FLAT,+0.0,-196.0,4.3,+0.46,0.11,SLOW,4412.35,4412.63,4410.05,4410.14,0.00,0.00,0.0,BEARISH,258.0,4410.39,4410.39,4410.39,4410.39,9,ACTIVE_9s,1.0,0.0,0.0,0.0,0.0,0.0,0.0,PASS_<20%,0.00,0.0,NO,STANDBY_VEL_LOW,0,0.00,4590.00,87.24,FALSE,M1_DIRECTION_MISMATCH|OPENING_SHIELD_ACTIVE_9s
2026-09-07 17:37:09.875,1788802629.875,1587,11,101,4410.39,4410.47,8.0,PASS_<=10c,+0.0,FLAT,+0.0,-196.0,4.3,+0.46,0.11,SLOW,4412.35,4412.63,4410.05,4410.14,0.00,0.00,0.0,BEARISH,258.0,4410.39,4410.39,4410.39,4410.39,9,ACTIVE_9s,1.0,0.0,0.0,0.0,0.0,0.0,0.0,PASS_<20%,0.00,0.0,NO,STANDBY_VEL_LOW,0,0.00,4590.00,87.24,FALSE,M1_DIRECTION_MISMATCH|OPENING_SHIELD_ACTIVE_9s
2026-09-07 17:37:10.377,1788802630.377,1588,12,102,4410.39,4410.47,8.0,PASS_<=10c,+0.0,FLAT,+0.0,-196.0,4.2,+0.45,0.11,SLOW,4412.35,4412.63,4410.05,4410.14,0.00,0.00,0.0,BEARISH,258.0,4410.39,4410.39,4410.39,4410.39,10,ACTIVE_10s,1.0,0.0,0.0,0.0,0.0,0.0,0.0,PASS_<20%,0.00,0.0,NO,STANDBY_VEL_LOW,0,0.00,4590.00,87.24,FALSE,M1_DIRECTION_MISMATCH|OPENING_SHIELD_ACTIVE_10s
2026-09-07 17:37:10.879,1788802630.880,1589,13,103,4410.39,4410.47,8.0,PASS_<=10c,+0.0,FLAT,+0.0,-196.0,4.2,+0.45,0.11,SLOW,4412.35,4412.63,4410.05,4410.14,0.00,0.00,0.0,BEARISH,258.0,4410.39,4410.39,4410.39,4410.39,10,ACTIVE_10s,1.0,0.0,0.0,0.0,0.0,0.0,0.0,PASS_<20%,0.00,0.0,NO,STANDBY_VEL_LOW,0,0.00,4590.00,87.24,FALSE,M1_DIRECTION_MISMATCH|OPENING_SHIELD_ACTIVE_10s
2026-09-07 17:37:11.380,1788802631.381,1590,14,104,4410.39,4410.47,8.0,PASS_<=10c,+0.0,FLAT,+0.0,-196.0,4.2,+0.45,0.11,SLOW,4412.35,4412.63,4410.05,4410.14,0.00,0.00,0.0,BEARISH,258.0,4410.39,4410.39,4410.39,4410.39,11,ACTIVE_11s,1.0,0.0,0.0,0.0,0.0,0.0,0.0,PASS_<20%,0.00,0.0,NO,STANDBY_VEL_LOW,0,0.00,4590.00,87.24,FALSE,M1_DIRECTION_MISMATCH|OPENING_SHIELD_ACTIVE_11s
2026-09-07 17:37:11.882,1788802631.882,1591,15,105,4410.39,4410.47,8.0,PASS_<=10c,+0.0,FLAT,+0.0,-196.0,4.2,+0.44,0.10,SLOW,4412.35,4412.63,4410.05,4410.14,0.00,0.00,0.0,BEARISH,258.0,4410.39,4410.39,4410.39,4410.39,11,ACTIVE_11s,1.0,0.0,0.0,0.0,0.0,0.0,0.0,PASS_<20%,0.00,0.0,NO,STANDBY_VEL_LOW,0,0.00,4590.00,87.24,FALSE,M1_DIRECTION_MISMATCH|OPENING_SHIELD_ACTIVE_11s
2026-09-07 17:37:12.384,1788802632.385,1592,16,106,4410.39,4410.47,8.0,PASS_<=10c,+0.0,FLAT,+0.0,-196.0,4.2,+0.44,0.10,SLOW,4412.35,4412.63,4410.05,4410.14,0.00,0.00,0.0,BEARISH,258.0,4410.39,4410.39,4410.39,4410.39,12,ACTIVE_12s,1.0,0.0,0.0,0.0,0.0,0.0,0.0,PASS_<20%,0.00,0.0,NO,STANDBY_VEL_LOW,0,0.00,4590.00,87.24,FALSE,M1_DIRECTION_MISMATCH|OPENING_SHIELD_ACTIVE_12s
2026-09-07 17:37:12.886,1788802632.887,1593,17,107,4410.39,4410.47,8.0,PASS_<=10c,+0.0,FLAT,+0.0,-196.0,4.2,+0.43,0.10,SLOW,4412.35,4412.63,4410.05,4410.14,0.00,0.00,0.0,BEARISH,258.0,4410.39,4410.39,4410.39,4410.39,12,ACTIVE_12s,1.0,0.0,0.0,0.0,0.0,0.0,0.0,PASS_<20%,0.00,0.0,NO,STANDBY_VEL_LOW,0,0.00,4590.00,87.24,FALSE,M1_DIRECTION_MISMATCH|OPENING_SHIELD_ACTIVE_12s
2026-09-07 17:37:23.265,1788802643.266,1594,18,108,4410.39,4410.47,8.0,PASS_<=10c,+0.0,FLAT,+0.0,-196.0,1.3,+0.16,0.12,SLOW,4412.35,4412.63,4410.05,4410.14,0.00,0.00,0.0,BEARISH,258.0,4410.39,4410.39,4410.39,4410.39,23,CLEARED_>=20s,1.0,0.0,0.0,0.0,0.0,0.0,0.0,PASS_<20%,0.00,0.0,NO,STANDBY_VEL_LOW,0,0.00,4590.00,87.24,FALSE,M1_DIRECTION_MISMATCH
2026-09-07 17:37:29.286,1788802649.287,1595,19,109,4410.39,4410.47,8.0,PASS_<=10c,+0.0,FLAT,+0.0,-196.0,2.0,+0.16,0.08,SLOW,4412.35,4412.63,4410.05,4410.14,0.00,0.00,0.0,BEARISH,258.0,4410.39,4410.39,4410.39,4410.39,29,CLEARED_>=20s,1.0,0.0,0.0,0.0,0.0,0.0,0.0,PASS_<20%,0.00,0.0,NO,STANDBY_VEL_LOW,0,0.00,4590.00,87.24,FALSE,M1_DIRECTION_MISMATCH
2026-09-07 17:37:29.642,1788802649.642,1596,20,110,4410.39,4410.47,8.0,PASS_<=10c,+0.0,FLAT,+0.0,-196.0,3.2,+0.16,0.05,SLOW,4412.35,4412.63,4410.05,4410.14,0.00,0.00,0.0,BEARISH,258.0,4410.39,4410.39,4410.39,4410.39,29,CLEARED_>=20s,1.0,0.0,0.0,0.0,0.0,0.0,0.0,PASS_<20%,0.00,0.0,NO,STANDBY_VEL_LOW,0,0.00,4590.00,87.24,FALSE,M1_DIRECTION_MISMATCH
2026-09-07 17:37:30.144,1788802650.144,1597,21,111,4410.39,4410.47,8.0,PASS_<=10c,+0.0,FLAT,+0.0,-196.0,3.4,+0.16,0.05,SLOW,4412.35,4412.63,4410.05,4410.14,0.00,0.00,0.0,BEARISH,258.0,4410.39,4410.39,4410.39,4410.39,30,CLEARED_>=20s,1.0,0.0,0.0,0.0,0.0,0.0,0.0,PASS_<20%,0.00,0.0,NO,STANDBY_VEL_LOW,0,0.00,4590.00,87.24,FALSE,M1_DIRECTION_MISMATCH
2026-09-07 17:37:30.645,1788802650.645,1598,22,112,4410.39,4410.47,8.0,PASS_<=10c,+0.0,FLAT,+0.0,-196.0,3.5,+0.16,0.05,SLOW,4412.35,4412.63,4410.05,4410.14,0.00,0.00,0.0,BEARISH,258.0,4410.39,4410.39,4410.39,4410.39,30,CLEARED_>=20s,1.0,0.0,0.0,0.0,0.0,0.0,0.0,PASS_<20%,0.00,0.0,NO,STANDBY_VEL_LOW,0,0.00,4590.00,87.24,FALSE,M1_DIRECTION_MISMATCH
2026-09-07 17:37:31.147,1788802651.148,1599,23,113,4410.39,4410.47,8.0,PASS_<=10c,+0.0,FLAT,+0.0,-196.0,3.6,+0.15,0.04,SLOW,4412.35,4412.63,4410.05,4410.14,0.00,0.00,0.0,BEARISH,258.0,4410.39,4410.39,4410.39,4410.39,31,CLEARED_>=20s,1.0,0.0,0.0,0.0,0.0,0.0,0.0,PASS_<20%,0.00,0.0,NO,STANDBY_VEL_LOW,0,0.00,4590.00,87.24,FALSE,M1_DIRECTION_MISMATCH
2026-09-07 17:37:31.649,1788802651.650,1600,24,114,4410.39,4410.47,8.0,PASS_<=10c,+0.0,FLAT,+0.0,-196.0,3.7,+0.15,0.04,SLOW,4412.35,4412.63,4410.05,4410.14,0.00,0.00,0.0,BEARISH,258.0,4410.39,4410.39,4410.39,4410.39,31,CLEARED_>=20s,1.0,0.0,0.0,0.0,0.0,0.0,0.0,PASS_<20%,0.00,0.0,NO,STANDBY_VEL_LOW,0,0.00,4590.00,87.24,FALSE,M1_DIRECTION_MISMATCH
2026-09-07 17:37:32.151,1788802652.152,1601,25,115,4410.39,4410.47,8.0,PASS_<=10c,+0.0,FLAT,+0.0,-196.0,3.7,+0.15,0.04,SLOW,4412.35,4412.63,4410.05,4410.14,0.00,0.00,0.0,BEARISH,258.0,4410.39,4410.39,4410.39,4410.39,32,CLEARED_>=20s,1.0,0.0,0.0,0.0,0.0,0.0,0.0,PASS_<20%,0.00,0.0,NO,STANDBY_VEL_LOW,0,0.00,4590.00,87.24,FALSE,M1_DIRECTION_MISMATCH
2026-09-07 17:37:32.653,1788802652.654,1602,26,116,4410.39,4410.47,8.0,PASS_<=10c,+0.0,FLAT,+0.0,-196.0,3.7,+0.15,0.04,SLOW,4412.35,4412.63,4410.05,4410.14,0.00,0.00,0.0,BEARISH,258.0,4410.39,4410.39,4410.39,4410.39,32,CLEARED_>=20s,1.0,0.0,0.0,0.0,0.0,0.0,0.0,PASS_<20%,0.00,0.0,NO,STANDBY_VEL_LOW,0,0.00,4590.00,87.24,FALSE,M1_DIRECTION_MISMATCH
2026-09-07 17:37:33.156,1788802653.156,1603,27,117,4410.39,4410.47,8.0,PASS_<=10c,+0.0,FLAT,+0.0,-196.0,3.8,+0.16,0.04,SLOW,4412.35,4412.63,4410.05,4410.14,0.00,0.00,0.0,BEARISH,258.0,4410.39,4410.39,4410.39,4410.39,33,CLEARED_>=20s,1.0,0.0,0.0,0.0,0.0,0.0,0.0,PASS_<20%,0.00,0.0,NO,STANDBY_VEL_LOW,0,0.00,4590.00,87.24,FALSE,M1_DIRECTION_MISMATCH
2026-09-07 17:37:33.656,1788802653.657,1604,28,118,4410.39,4410.47,8.0,PASS_<=10c,+0.0,FLAT,+0.0,-196.0,4.3,+0.16,0.04,SLOW,4412.35,4412.63,4410.05,4410.14,0.00,0.00,0.0,BEARISH,258.0,4410.39,4410.39,4410.39,4410.39,33,CLEARED_>=20s,1.0,0.0,0.0,0.0,0.0,0.0,0.0,PASS_<20%,0.00,0.0,NO,STANDBY_VEL_LOW,0,0.00,4590.00,87.24,FALSE,M1_DIRECTION_MISMATCH
2026-09-07 17:37:34.158,1788802654.158,1605,29,119,4410.39,4410.47,8.0,PASS_<=10c,+0.0,FLAT,+0.0,-196.0,4.3,+0.16,0.04,SLOW,4412.35,4412.63,4410.05,4410.14,0.00,0.00,0.0,BEARISH,258.0,4410.39,4410.39,4410.39,4410.39,34,CLEARED_>=20s,1.0,0.0,0.0,0.0,0.0,0.0,0.0,PASS_<20%,0.00,0.0,NO,STANDBY_VEL_LOW,0,0.00,4590.00,87.24,FALSE,M1_DIRECTION_MISMATCH
2026-09-07 17:37:34.660,1788802654.661,1606,30,120,4410.39,4410.47,8.0,PASS_<=10c,+0.0,FLAT,+0.0,-196.0,4.2,+0.16,0.04,SLOW,4412.35,4412.63,4410.05,4410.14,0.00,0.00,0.0,BEARISH,258.0,4410.39,4410.39,4410.39,4410.39,34,CLEARED_>=20s,1.0,0.0,0.0,0.0,0.0,0.0,0.0,PASS_<20%,0.00,0.0,NO,STANDBY_VEL_LOW,0,0.00,4590.00,87.24,FALSE,M1_DIRECTION_MISMATCH
2026-09-07 17:37:35.163,1788802655.164,1607,31,121,4410.39,4410.47,8.0,PASS_<=10c,+0.0,FLAT,+0.0,-196.0,4.2,+0.16,0.04,SLOW,4412.35,4412.63,4410.05,4410.14,0.00,0.00,0.0,BEARISH,258.0,4410.39,4410.39,4410.39,4410.39,35,CLEARED_>=20s,1.0,0.0,0.0,0.0,0.0,0.0,0.0,PASS_<20%,0.00,0.0,NO,STANDBY_VEL_LOW,0,0.00,4590.00,87.24,FALSE,M1_DIRECTION_MISMATCH
2026-09-07 17:37:35.665,1788802655.666,1608,32,122,4410.39,4410.47,8.0,PASS_<=10c,+0.0,FLAT,+0.0,-196.0,4.2,+0.16,0.04,SLOW,4412.35,4412.63,4410.05,4410.14,0.00,0.00,0.0,BEARISH,258.0,4410.39,4410.39,4410.39,4410.39,35,CLEARED_>=20s,1.0,0.0,0.0,0.0,0.0,0.0,0.0,PASS_<20%,0.00,0.0,NO,STANDBY_VEL_LOW,0,0.00,4590.00,87.24,FALSE,M1_DIRECTION_MISMATCH
2026-09-07 17:37:36.166,1788802656.166,1609,33,123,4410.39,4410.47,8.0,PASS_<=10c,+0.0,FLAT,+0.0,-196.0,4.2,+0.15,0.04,SLOW,4412.35,4412.63,4410.05,4410.14,0.00,0.00,0.0,BEARISH,258.0,4410.39,4410.39,4410.39,4410.39,36,CLEARED_>=20s,1.0,0.0,0.0,0.0,0.0,0.0,0.0,PASS_<20%,0.00,0.0,NO,STANDBY_VEL_LOW,0,0.00,4590.00,87.24,FALSE,M1_DIRECTION_MISMATCH
2026-09-07 17:37:36.668,1788802656.668,1610,34,124,4410.39,4410.47,8.0,PASS_<=10c,+0.0,FLAT,+0.0,-196.0,4.2,+0.15,0.04,SLOW,4412.35,4412.63,4410.05,4410.14,0.00,0.00,0.0,BEARISH,258.0,4410.39,4410.39,4410.39,4410.39,36,CLEARED_>=20s,1.0,0.0,0.0,0.0,0.0,0.0,0.0,PASS_<20%,0.00,0.0,NO,STANDBY_VEL_LOW,0,0.00,4590.00,87.24,FALSE,M1_DIRECTION_MISMATCH
2026-09-07 17:37:37.168,1788802657.169,1611,35,125,4410.39,4410.47,8.0,PASS_<=10c,+0.0,FLAT,+0.0,-196.0,4.2,+0.15,0.04,SLOW,4412.35,4412.63,4410.05,4410.14,0.00,0.00,0.0,BEARISH,258.0,4410.39,4410.39,4410.39,4410.39,37,CLEARED_>=20s,1.0,0.0,0.0,0.0,0.0,0.0,0.0,PASS_<20%,0.00,0.0,NO,STANDBY_VEL_LOW,0,0.00,4590.00,87.24,FALSE,M1_DIRECTION_MISMATCH
2026-09-07 17:37:47.548,1788802667.549,1612,36,126,4410.39,4410.47,8.0,PASS_<=10c,+0.0,FLAT,+0.0,-196.0,1.3,+0.00,0.00,SLOW,4412.35,4412.63,4410.05,4410.14,0.00,0.00,0.0,BEARISH,258.0,4410.39,4410.39,4410.39,4410.39,47,CLEARED_>=20s,1.0,0.0,0.0,0.0,0.0,0.0,0.0,PASS_<20%,0.00,0.0,NO,STANDBY_VEL_LOW,0,0.00,4590.00,87.24,FALSE,M1_DIRECTION_MISMATCH
2026-09-07 17:37:53.968,1788802673.969,1613,37,127,4410.36,4410.44,8.0,PASS_<=10c,-3.0,DOWN,-3.0,-199.0,1.5,+2.30,1.53,SLOW,4412.35,4412.63,4410.05,4410.14,0.00,0.00,0.0,BEARISH,258.0,4410.39,4410.39,4410.36,4410.36,53,CLEARED_>=20s,3.0,3.0,0.0,0.0,0.0,0.0,0.0,PASS_<20%,4410.24,12.0,NO,STANDBY_VEL_LOW,0,0.00,4590.00,87.24,FALSE,PRICE_ABOVE_15C_DISPLACEMENT
2026-09-07 17:37:54.324,1788802674.324,1614,38,128,4410.37,4410.45,8.0,PASS_<=10c,+1.0,UP,-2.0,-198.0,2.4,+1.21,0.50,SLOW,4412.35,4412.63,4410.05,4410.14,0.00,0.00,0.0,BEARISH,258.0,4410.39,4410.39,4410.36,4410.37,54,CLEARED_>=20s,3.0,2.0,0.0,1.0,0.0,33.3,33.3,BLOCKED_33.3%,4410.24,13.0,NO,STANDBY_VEL_LOW,0,0.00,4590.00,87.24,FALSE,OPP_WICK_TOO_HIGH_0.33|PRICE_ABOVE_15C_DISPLACEMENT
2026-09-07 17:37:54.826,1788802674.826,1615,39,129,4410.39,4410.47,8.0,PASS_<=10c,+2.0,UP,+0.0,-196.0,2.8,+0.00,0.00,SLOW,4412.35,4412.63,4410.05,4410.14,0.00,0.00,0.0,BEARISH,258.0,4410.39,4410.39,4410.36,4410.39,54,CLEARED_>=20s,3.0,0.0,0.0,3.0,0.0,100.0,100.0,BLOCKED_100.0%,0.00,0.0,NO,STANDBY_VEL_LOW,0,0.00,4590.00,87.24,FALSE,M1_DIRECTION_MISMATCH
2026-09-07 17:37:55.327,1788802675.328,1616,40,130,4410.39,4410.47,8.0,PASS_<=10c,+0.0,FLAT,+0.0,-196.0,3.0,+0.00,0.00,SLOW,4412.35,4412.63,4410.05,4410.14,0.00,0.00,0.0,BEARISH,258.0,4410.39,4410.39,4410.36,4410.39,55,CLEARED_>=20s,3.0,0.0,0.0,3.0,0.0,100.0,100.0,BLOCKED_100.0%,0.00,0.0,NO,STANDBY_VEL_LOW,0,0.00,4590.00,87.24,FALSE,M1_DIRECTION_MISMATCH
2026-09-07 17:37:55.829,1788802675.830,1617,41,131,4410.39,4410.47,8.0,PASS_<=10c,+0.0,FLAT,+0.0,-196.0,3.2,+0.00,0.00,SLOW,4412.35,4412.63,4410.05,4410.14,0.00,0.00,0.0,BEARISH,258.0,4410.39,4410.39,4410.36,4410.39,55,CLEARED_>=20s,3.0,0.0,0.0,3.0,0.0,100.0,100.0,BLOCKED_100.0%,0.00,0.0,NO,STANDBY_VEL_LOW,0,0.00,4590.00,87.24,FALSE,M1_DIRECTION_MISMATCH
2026-09-07 17:37:56.332,1788802676.333,1618,42,132,4410.39,4410.47,8.0,PASS_<=10c,+0.0,FLAT,+0.0,-196.0,3.3,+0.00,0.00,SLOW,4412.35,4412.63,4410.05,4410.14,0.00,0.00,0.0,BEARISH,258.0,4410.39,4410.39,4410.36,4410.39,56,CLEARED_>=20s,3.0,0.0,0.0,3.0,0.0,100.0,100.0,BLOCKED_100.0%,0.00,0.0,NO,STANDBY_VEL_LOW,0,0.00,4590.00,87.24,FALSE,M1_DIRECTION_MISMATCH
2026-09-07 17:37:56.833,1788802676.833,1619,43,133,4410.39,4410.47,8.0,PASS_<=10c,+0.0,FLAT,+0.0,-196.0,3.4,+0.00,0.00,SLOW,4412.35,4412.63,4410.05,4410.14,0.00,0.00,0.0,BEARISH,258.0,4410.39,4410.39,4410.36,4410.39,56,CLEARED_>=20s,3.0,0.0,0.0,3.0,0.0,100.0,100.0,BLOCKED_100.0%,0.00,0.0,NO,STANDBY_VEL_LOW,0,0.00,4590.00,87.24,FALSE,M1_DIRECTION_MISMATCH
2026-09-07 17:37:57.334,1788802677.335,1620,44,134,4410.39,4410.47,8.0,PASS_<=10c,+0.0,FLAT,+0.0,-196.0,3.4,+0.00,0.00,SLOW,4412.35,4412.63,4410.05,4410.14,0.00,0.00,0.0,BEARISH,258.0,4410.39,4410.39,4410.36,4410.39,57,CLEARED_>=20s,3.0,0.0,0.0,3.0,0.0,100.0,100.0,BLOCKED_100.0%,0.00,0.0,NO,STANDBY_VEL_LOW,0,0.00,4590.00,87.24,FALSE,M1_DIRECTION_MISMATCH
2026-09-07 17:37:57.836,1788802677.836,1621,45,135,4410.39,4410.47,8.0,PASS_<=10c,+0.0,FLAT,+0.0,-196.0,4.4,+0.78,0.18,SLOW,4412.35,4412.63,4410.05,4410.14,0.00,0.00,0.0,BEARISH,258.0,4410.39,4410.39,4410.36,4410.39,57,CLEARED_>=20s,3.0,0.0,0.0,3.0,0.0,100.0,100.0,BLOCKED_100.0%,0.00,0.0,NO,STANDBY_VEL_LOW,0,0.00,4590.00,87.24,FALSE,M1_DIRECTION_MISMATCH
2026-09-07 17:37:58.337,1788802678.338,1622,46,136,4410.32,4410.40,8.0,PASS_<=10c,-7.0,DOWN,-7.0,-203.0,4.3,+0.92,0.21,SLOW,4412.35,4412.63,4410.05,4410.14,0.00,0.00,0.0,BEARISH,258.0,4410.39,4410.39,4410.32,4410.32,58,CLEARED_>=20s,7.0,7.0,0.0,0.0,0.0,0.0,0.0,PASS_<20%,4410.24,8.0,NO,STANDBY_VEL_LOW,0,0.00,4590.00,87.24,FALSE,PRICE_ABOVE_15C_DISPLACEMENT
2026-09-07 17:37:58.838,1788802678.839,1623,47,137,4410.32,4410.40,8.0,PASS_<=10c,+0.0,FLAT,-7.0,-203.0,4.3,+0.82,0.19,SLOW,4412.35,4412.63,4410.05,4410.14,0.00,0.00,0.0,BEARISH,258.0,4410.39,4410.39,4410.32,4410.32,58,CLEARED_>=20s,7.0,7.0,0.0,0.0,0.0,0.0,0.0,PASS_<20%,4410.24,8.0,NO,STANDBY_VEL_LOW,0,0.00,4590.00,87.24,FALSE,PRICE_ABOVE_15C_DISPLACEMENT
2026-09-07 17:37:59.340,1788802679.340,1624,48,138,4410.32,4410.40,8.0,PASS_<=10c,+0.0,FLAT,-7.0,-203.0,4.2,+1.05,0.25,SLOW,4412.35,4412.63,4410.05,4410.14,0.00,0.00,0.0,BEARISH,258.0,4410.39,4410.39,4410.32,4410.32,59,CLEARED_>=20s,7.0,7.0,0.0,0.0,0.0,0.0,0.0,PASS_<20%,4410.24,8.0,NO,STANDBY_VEL_LOW,0,0.00,4590.00,87.24,FALSE,PRICE_ABOVE_15C_DISPLACEMENT
2026-09-07 17:37:59.842,1788802679.843,1625,49,139,4410.32,4410.40,8.0,PASS_<=10c,+0.0,FLAT,-7.0,-203.0,4.2,+1.47,0.35,SLOW,4412.35,4412.63,4410.05,4410.14,0.00,0.00,0.0,BEARISH,258.0,4410.39,4410.39,4410.32,4410.32,59,CLEARED_>=20s,7.0,7.0,0.0,0.0,0.0,0.0,0.0,PASS_<20%,4410.24,8.0,NO,STANDBY_VEL_LOW,0,0.00,4590.00,87.24,FALSE,PRICE_ABOVE_15C_DISPLACEMENT
2026-09-07 17:38:00.345,1788802680.345,1626,1,140,4410.32,4410.40,8.0,PASS_<=10c,+0.0,FLAT,+0.0,-203.0,4.2,+1.47,0.35,SLOW,4412.35,4412.63,4410.05,4410.14,0.00,0.00,0.0,BEARISH,258.0,4410.32,4410.32,4410.32,4410.32,0,ACTIVE_0s,1.0,0.0,0.0,0.0,0.0,0.0,0.0,PASS_<20%,0.00,0.0,NO,STANDBY_VEL_LOW,0,0.00,4590.00,87.24,FALSE,M1_DIRECTION_MISMATCH|OPENING_SHIELD_ACTIVE_0s
2026-09-07 17:38:00.846,1788802680.847,1627,2,141,4410.32,4410.40,8.0,PASS_<=10c,+0.0,FLAT,+0.0,-203.0,4.2,+1.47,0.35,SLOW,4412.35,4412.63,4410.05,4410.14,0.00,0.00,0.0,BEARISH,258.0,4410.32,4410.32,4410.32,4410.32,0,ACTIVE_0s,1.0,0.0,0.0,0.0,0.0,0.0,0.0,PASS_<20%,0.00,0.0,NO,STANDBY_VEL_LOW,0,0.00,4590.00,87.24,FALSE,M1_DIRECTION_MISMATCH|OPENING_SHIELD_ACTIVE_0s
2026-09-07 17:38:01.347,1788802681.347,1628,3,142,4410.32,4410.40,8.0,PASS_<=10c,+0.0,FLAT,+0.0,-203.0,4.2,+1.47,0.35,SLOW,4412.35,4412.63,4410.05,4410.14,0.00,0.00,0.0,BEARISH,258.0,4410.32,4410.32,4410.32,4410.32,1,ACTIVE_1s,1.0,0.0,0.0,0.0,0.0,0.0,0.0,PASS_<20%,0.00,0.0,NO,STANDBY_VEL_LOW,0,0.00,4590.00,87.24,FALSE,M1_DIRECTION_MISMATCH|OPENING_SHIELD_ACTIVE_1s
2026-09-07 17:38:01.849,1788802681.849,1629,4,143,4410.32,4410.40,8.0,PASS_<=10c,+0.0,FLAT,+0.0,-203.0,4.2,+1.47,0.35,SLOW,4412.35,4412.63,4410.05,4410.14,0.00,0.00,0.0,BEARISH,258.0,4410.32,4410.32,4410.32,4410.32,1,ACTIVE_1s,1.0,0.0,0.0,0.0,0.0,0.0,0.0,PASS_<20%,0.00,0.0,NO,STANDBY_VEL_LOW,0,0.00,4590.00,87.24,FALSE,M1_DIRECTION_MISMATCH|OPENING_SHIELD_ACTIVE_1s
2026-09-07 17:38:12.273,1788802692.274,1630,5,144,4410.32,4410.40,8.0,PASS_<=10c,+0.0,FLAT,+0.0,-203.0,1.3,+0.00,0.00,SLOW,4412.35,4412.63,4410.05,4410.14,0.00,0.00,0.0,BEARISH,258.0,4410.32,4410.32,4410.32,4410.32,12,ACTIVE_12s,1.0,0.0,0.0,0.0,0.0,0.0,0.0,PASS_<20%,0.00,0.0,NO,STANDBY_VEL_LOW,0,0.00,4590.00,87.24,FALSE,M1_DIRECTION_MISMATCH|OPENING_SHIELD_ACTIVE_12s
2026-09-07 17:38:18.898,1788802698.899,1631,6,145,4410.58,4410.66,8.0,PASS_<=10c,+26.0,UP,+26.0,-177.0,1.3,+17.28,13.29,SLOW,4412.35,4412.63,4410.05,4410.14,0.00,0.00,0.0,BEARISH,258.0,4410.32,4410.58,4410.32,4410.58,18,ACTIVE_18s,26.0,26.0,0.0,0.0,0.0,0.0,0.0,PASS_<20%,0.00,0.0,NO,STANDBY_VEL_LOW,0,0.00,4590.00,87.24,FALSE,M1_DIRECTION_MISMATCH|OPENING_SHIELD_ACTIVE_18s
2026-09-07 17:38:19.253,1788802699.253,1632,7,146,4410.58,4410.66,8.0,PASS_<=10c,+0.0,FLAT,+26.0,-177.0,2.2,+13.98,6.35,SLOW,4412.35,4412.63,4410.05,4410.14,0.00,0.00,0.0,BEARISH,258.0,4410.32,4410.58,4410.32,4410.58,19,ACTIVE_19s,26.0,26.0,0.0,0.0,0.0,0.0,0.0,PASS_<20%,0.00,0.0,NO,STANDBY_VEL_LOW,0,0.00,4590.00,87.24,FALSE,M1_DIRECTION_MISMATCH|OPENING_SHIELD_ACTIVE_19s
2026-09-07 17:38:19.755,1788802699.755,1633,8,147,4410.58,4410.66,8.0,PASS_<=10c,+0.0,FLAT,+26.0,-177.0,2.5,+11.01,4.40,SLOW,4412.35,4412.63,4410.05,4410.14,0.00,0.00,0.0,BEARISH,258.0,4410.32,4410.58,4410.32,4410.58,19,ACTIVE_19s,26.0,26.0,0.0,0.0,0.0,0.0,0.0,PASS_<20%,0.00,0.0,NO,STANDBY_VEL_LOW,0,0.00,4590.00,87.24,FALSE,M1_DIRECTION_MISMATCH|OPENING_SHIELD_ACTIVE_19s
2026-09-07 17:38:20.256,1788802700.257,1634,9,148,4410.58,4410.66,8.0,PASS_<=10c,+0.0,FLAT,+26.0,-177.0,2.8,+9.08,3.24,SLOW,4412.35,4412.63,4410.05,4410.14,0.00,0.00,0.0,BEARISH,258.0,4410.32,4410.58,4410.32,4410.58,20,CLEARED_>=20s,26.0,26.0,0.0,0.0,0.0,0.0,0.0,PASS_<20%,0.00,0.0,NO,STANDBY_VEL_LOW,0,0.00,4590.00,87.24,FALSE,M1_DIRECTION_MISMATCH
2026-09-07 17:38:20.757,1788802700.758,1635,10,149,4410.58,4410.66,8.0,PASS_<=10c,+0.0,FLAT,+26.0,-177.0,3.0,+7.73,2.58,SLOW,4412.35,4412.63,4410.05,4410.14,0.00,0.00,0.0,BEARISH,258.0,4410.32,4410.58,4410.32,4410.58,20,CLEARED_>=20s,26.0,26.0,0.0,0.0,0.0,0.0,0.0,PASS_<20%,0.00,0.0,NO,STANDBY_VEL_LOW,0,0.00,4590.00,87.24,FALSE,M1_DIRECTION_MISMATCH
2026-09-07 17:38:21.260,1788802701.260,1636,11,150,4410.24,4410.32,8.0,PASS_<=10c,-34.0,DOWN,-8.0,-211.0,3.1,+2.07,0.67,SLOW,4412.35,4412.63,4410.05,4410.14,0.00,0.00,0.0,BEARISH,258.0,4410.32,4410.58,4410.19,4410.24,21,CLEARED_>=20s,39.0,8.0,26.0,5.0,66.7,12.8,12.8,PASS_<20%,4410.17,7.0,NO,STANDBY_VEL_LOW,0,0.00,4590.00,87.24,FALSE,PRICE_ABOVE_15C_DISPLACEMENT
2026-09-07 17:38:21.761,1788802701.761,1637,12,151,4410.25,4410.33,8.0,PASS_<=10c,+1.0,UP,-7.0,-210.0,3.2,+1.60,0.50,SLOW,4412.35,4412.63,4410.05,4410.14,0.00,0.00,0.0,BEARISH,258.0,4410.32,4410.58,4410.19,4410.25,21,CLEARED_>=20s,39.0,7.0,26.0,6.0,66.7,15.4,15.4,PASS_<20%,4410.17,8.0,NO,STANDBY_VEL_LOW,0,0.00,4590.00,87.24,FALSE,PRICE_ABOVE_15C_DISPLACEMENT
2026-09-07 17:38:22.262,1788802702.263,1638,13,152,4410.26,4410.34,8.0,PASS_<=10c,+1.0,UP,-6.0,-209.0,3.3,+1.23,0.37,SLOW,4412.35,4412.63,4410.05,4410.14,0.00,0.00,0.0,BEARISH,258.0,4410.32,4410.58,4410.19,4410.26,22,CLEARED_>=20s,39.0,6.0,26.0,7.0,66.7,17.9,17.9,PASS_<20%,4410.17,9.0,NO,STANDBY_VEL_LOW,0,0.00,4590.00,87.24,FALSE,PRICE_ABOVE_15C_DISPLACEMENT
2026-09-07 17:38:22.764,1788802702.764,1639,14,153,4410.25,4410.33,8.0,PASS_<=10c,-1.0,DOWN,-7.0,-210.0,4.4,+8.54,1.94,SLOW,4412.35,4412.63,4410.05,4410.14,0.00,0.00,0.0,BEARISH,258.0,4410.32,4410.58,4410.19,4410.25,22,CLEARED_>=20s,39.0,7.0,26.0,6.0,66.7,15.4,15.4,PASS_<20%,4410.17,8.0,NO,STANDBY_VEL_LOW,0,0.00,4590.00,87.24,FALSE,PRICE_ABOVE_15C_DISPLACEMENT
2026-09-07 17:38:23.266,1788802703.266,1640,15,154,4410.25,4410.33,8.0,PASS_<=10c,+0.0,FLAT,-7.0,-210.0,4.4,+7.56,1.72,SLOW,4412.35,4412.63,4410.05,4410.14,0.00,0.00,0.0,BEARISH,258.0,4410.32,4410.58,4410.19,4410.25,23,CLEARED_>=20s,39.0,7.0,26.0,6.0,66.7,15.4,15.4,PASS_<20%,4410.17,8.0,NO,STANDBY_VEL_LOW,0,0.00,4590.00,87.24,FALSE,PRICE_ABOVE_15C_DISPLACEMENT
2026-09-07 17:38:23.768,1788802703.768,1641,16,155,4410.25,4410.33,8.0,PASS_<=10c,+0.0,FLAT,-7.0,-210.0,4.3,+6.78,1.58,SLOW,4412.35,4412.63,4410.05,4410.14,0.00,0.00,0.0,BEARISH,258.0,4410.32,4410.58,4410.19,4410.25,23,CLEARED_>=20s,39.0,7.0,26.0,6.0,66.7,15.4,15.4,PASS_<20%,4410.17,8.0,NO,STANDBY_VEL_LOW,0,0.00,4590.00,87.24,FALSE,PRICE_ABOVE_15C_DISPLACEMENT
2026-09-07 17:38:24.269,1788802704.270,1642,17,156,4410.25,4410.33,8.0,PASS_<=10c,+0.0,FLAT,-7.0,-210.0,4.2,+6.92,1.65,SLOW,4412.35,4412.63,4410.05,4410.14,0.00,0.00,0.0,BEARISH,258.0,4410.32,4410.58,4410.19,4410.25,24,CLEARED_>=20s,39.0,7.0,26.0,6.0,66.7,15.4,15.4,PASS_<20%,4410.17,8.0,NO,STANDBY_VEL_LOW,0,0.00,4590.00,87.24,FALSE,PRICE_ABOVE_15C_DISPLACEMENT
2026-09-07 17:38:24.771,1788802704.772,1643,18,157,4410.25,4410.33,8.0,PASS_<=10c,+0.0,FLAT,-7.0,-210.0,4.2,+6.92,1.65,SLOW,4412.35,4412.63,4410.05,4410.14,0.00,0.00,0.0,BEARISH,258.0,4410.32,4410.58,4410.19,4410.25,24,CLEARED_>=20s,39.0,7.0,26.0,6.0,66.7,15.4,15.4,PASS_<20%,4410.17,8.0,NO,STANDBY_VEL_LOW,0,0.00,4590.00,87.24,FALSE,PRICE_ABOVE_15C_DISPLACEMENT
2026-09-07 17:38:25.272,1788802705.273,1644,19,158,4410.25,4410.33,8.0,PASS_<=10c,+0.0,FLAT,-7.0,-210.0,4.2,+6.93,1.65,SLOW,4412.35,4412.63,4410.05,4410.14,0.00,0.00,0.0,BEARISH,258.0,4410.32,4410.58,4410.19,4410.25,25,CLEARED_>=20s,39.0,7.0,26.0,6.0,66.7,15.4,15.4,PASS_<20%,4410.17,8.0,NO,STANDBY_VEL_LOW,0,0.00,4590.00,87.24,FALSE,PRICE_ABOVE_15C_DISPLACEMENT
2026-09-07 17:38:25.774,1788802705.775,1645,20,159,4410.25,4410.33,8.0,PASS_<=10c,+0.0,FLAT,-7.0,-210.0,4.2,+1.26,0.30,SLOW,4412.35,4412.63,4410.05,4410.14,0.00,0.00,0.0,BEARISH,258.0,4410.32,4410.58,4410.19,4410.25,25,CLEARED_>=20s,39.0,7.0,26.0,6.0,66.7,15.4,15.4,PASS_<20%,4410.17,8.0,NO,STANDBY_VEL_LOW,0,0.00,4590.00,87.24,FALSE,PRICE_ABOVE_15C_DISPLACEMENT
2026-09-07 17:38:26.276,1788802706.276,1646,21,160,4410.25,4410.33,8.0,PASS_<=10c,+0.0,FLAT,-7.0,-210.0,4.2,+0.00,0.00,SLOW,4412.35,4412.63,4410.05,4410.14,0.00,0.00,0.0,BEARISH,258.0,4410.32,4410.58,4410.19,4410.25,26,CLEARED_>=20s,39.0,7.0,26.0,6.0,66.7,15.4,15.4,PASS_<20%,4410.17,8.0,NO,STANDBY_VEL_LOW,0,0.00,4590.00,87.24,FALSE,PRICE_ABOVE_15C_DISPLACEMENT
2026-09-07 17:38:26.778,1788802706.778,1647,22,161,4410.25,4410.33,8.0,PASS_<=10c,+0.0,FLAT,-7.0,-210.0,4.2,+0.21,0.05,SLOW,4412.35,4412.63,4410.05,4410.14,0.00,0.00,0.0,BEARISH,258.0,4410.32,4410.58,4410.19,4410.25,26,CLEARED_>=20s,39.0,7.0,26.0,6.0,66.7,15.4,15.4,PASS_<20%,4410.17,8.0,NO,STANDBY_VEL_LOW,0,0.00,4590.00,87.24,FALSE,PRICE_ABOVE_15C_DISPLACEMENT
2026-09-07 17:38:37.157,1788802717.158,1648,23,162,4410.25,4410.33,8.0,PASS_<=10c,+0.0,FLAT,-7.0,-210.0,1.3,+0.00,0.00,SLOW,4412.35,4412.63,4410.05,4410.14,0.00,0.00,0.0,BEARISH,258.0,4410.32,4410.58,4410.19,4410.25,37,CLEARED_>=20s,39.0,7.0,26.0,6.0,66.7,15.4,15.4,PASS_<20%,4410.17,8.0,NO,STANDBY_VEL_LOW,0,0.00,4590.00,87.24,FALSE,PRICE_ABOVE_15C_DISPLACEMENT
2026-09-07 17:38:43.980,1788802723.981,1649,24,163,4410.25,4410.33,8.0,PASS_<=10c,+0.0,FLAT,-7.0,-210.0,1.3,+0.00,0.00,SLOW,4412.35,4412.63,4410.05,4410.14,0.00,0.00,0.0,BEARISH,258.0,4410.32,4410.58,4410.19,4410.25,43,CLEARED_>=20s,39.0,7.0,26.0,6.0,66.7,15.4,15.4,PASS_<20%,4410.17,8.0,NO,STANDBY_VEL_LOW,0,0.00,4590.00,87.24,FALSE,PRICE_ABOVE_15C_DISPLACEMENT
2026-09-07 17:38:44.342,1788802724.342,1650,25,164,4410.36,4410.44,8.0,PASS_<=10c,+11.0,UP,+4.0,-199.0,1.9,+5.34,2.81,SLOW,4412.35,4412.63,4410.05,4410.14,0.00,0.00,0.0,BEARISH,258.0,4410.32,4410.58,4410.19,4410.36,44,CLEARED_>=20s,39.0,4.0,22.0,13.0,56.4,33.3,33.3,BLOCKED_33.3%,0.00,0.0,NO,STANDBY_VEL_LOW,0,0.00,4590.00,87.24,FALSE,M1_DIRECTION_MISMATCH
2026-09-07 17:38:44.838,1788802724.839,1651,26,165,4410.36,4410.44,8.0,PASS_<=10c,+0.0,FLAT,+4.0,-199.0,2.3,+4.29,1.87,SLOW,4412.35,4412.63,4410.05,4410.14,0.00,0.00,0.0,BEARISH,258.0,4410.32,4410.58,4410.19,4410.36,44,CLEARED_>=20s,39.0,4.0,22.0,13.0,56.4,33.3,33.3,BLOCKED_33.3%,0.00,0.0,NO,STANDBY_VEL_LOW,0,0.00,4590.00,87.24,FALSE,M1_DIRECTION_MISMATCH
2026-09-07 17:38:45.340,1788802725.340,1652,27,166,4410.36,4410.44,8.0,PASS_<=10c,+0.0,FLAT,+4.0,-199.0,2.6,+3.59,1.38,SLOW,4412.35,4412.63,4410.05,4410.14,0.00,0.00,0.0,BEARISH,258.0,4410.32,4410.58,4410.19,4410.36,45,CLEARED_>=20s,39.0,4.0,22.0,13.0,56.4,33.3,33.3,BLOCKED_33.3%,0.00,0.0,NO,STANDBY_VEL_LOW,0,0.00,4590.00,87.24,FALSE,M1_DIRECTION_MISMATCH
2026-09-07 17:38:45.842,1788802725.843,1653,28,167,4410.36,4410.44,8.0,PASS_<=10c,+0.0,FLAT,+4.0,-199.0,2.8,+3.09,1.10,SLOW,4412.35,4412.63,4410.05,4410.14,0.00,0.00,0.0,BEARISH,258.0,4410.32,4410.58,4410.19,4410.36,45,CLEARED_>=20s,39.0,4.0,22.0,13.0,56.4,33.3,33.3,BLOCKED_33.3%,0.00,0.0,NO,STANDBY_VEL_LOW,0,0.00,4590.00,87.24,FALSE,M1_DIRECTION_MISMATCH
2026-09-07 17:38:46.345,1788802726.346,1654,29,168,4410.36,4410.44,8.0,PASS_<=10c,+0.0,FLAT,+4.0,-199.0,3.0,+2.70,0.90,SLOW,4412.35,4412.63,4410.05,4410.14,0.00,0.00,0.0,BEARISH,258.0,4410.32,4410.58,4410.19,4410.36,46,CLEARED_>=20s,39.0,4.0,22.0,13.0,56.4,33.3,33.3,BLOCKED_33.3%,0.00,0.0,NO,STANDBY_VEL_LOW,0,0.00,4590.00,87.24,FALSE,M1_DIRECTION_MISMATCH
2026-09-07 17:38:46.847,1788802726.847,1655,30,169,4410.32,4410.40,8.0,PASS_<=10c,-4.0,DOWN,+0.0,-203.0,3.1,+1.53,0.49,SLOW,4412.35,4412.63,4410.05,4410.14,0.00,0.00,0.0,BEARISH,258.0,4410.32,4410.58,4410.19,4410.32,46,CLEARED_>=20s,39.0,0.0,26.0,13.0,66.7,33.3,33.3,BLOCKED_33.3%,0.00,0.0,NO,STANDBY_VEL_LOW,0,0.00,4590.00,87.24,FALSE,M1_DIRECTION_MISMATCH
2026-09-07 17:38:47.348,1788802727.349,1656,31,170,4410.32,4410.40,8.0,PASS_<=10c,+0.0,FLAT,+0.0,-203.0,4.5,+2.08,0.46,SLOW,4412.35,4412.63,4410.05,4410.14,0.00,0.00,0.0,BEARISH,258.0,4410.32,4410.58,4410.19,4410.32,47,CLEARED_>=20s,39.0,0.0,26.0,13.0,66.7,33.3,33.3,BLOCKED_33.3%,0.00,0.0,NO,STANDBY_VEL_LOW,0,0.00,4590.00,87.24,FALSE,M1_DIRECTION_MISMATCH
2026-09-07 17:38:47.849,1788802727.849,1657,32,171,4410.30,4410.38,8.0,PASS_<=10c,-2.0,DOWN,-2.0,-205.0,4.4,+1.29,0.29,SLOW,4412.35,4412.63,4410.05,4410.14,0.00,0.00,0.0,BEARISH,258.0,4410.32,4410.58,4410.19,4410.30,47,CLEARED_>=20s,39.0,2.0,26.0,11.0,66.7,28.2,28.2,BLOCKED_28.2%,4410.17,13.0,NO,STANDBY_VEL_LOW,0,0.00,4590.00,87.24,FALSE,OPP_WICK_TOO_HIGH_0.28|PRICE_ABOVE_15C_DISPLACEMENT
2026-09-07 17:38:48.350,1788802728.351,1658,33,172,4410.30,4410.38,8.0,PASS_<=10c,+0.0,FLAT,-2.0,-205.0,4.3,+1.14,0.27,SLOW,4412.35,4412.63,4410.05,4410.14,0.00,0.00,0.0,BEARISH,258.0,4410.32,4410.58,4410.19,4410.30,48,CLEARED_>=20s,39.0,2.0,26.0,11.0,66.7,28.2,28.2,BLOCKED_28.2%,4410.17,13.0,NO,STANDBY_VEL_LOW,0,0.00,4590.00,87.24,FALSE,OPP_WICK_TOO_HIGH_0.28|PRICE_ABOVE_15C_DISPLACEMENT
2026-09-07 17:38:48.852,1788802728.853,1659,34,173,4410.30,4410.38,8.0,PASS_<=10c,+0.0,FLAT,-2.0,-205.0,4.3,+1.03,0.24,SLOW,4412.35,4412.63,4410.05,4410.14,0.00,0.00,0.0,BEARISH,258.0,4410.32,4410.58,4410.19,4410.30,48,CLEARED_>=20s,39.0,2.0,26.0,11.0,66.7,28.2,28.2,BLOCKED_28.2%,4410.17,13.0,NO,STANDBY_VEL_LOW,0,0.00,4590.00,87.24,FALSE,OPP_WICK_TOO_HIGH_0.28|PRICE_ABOVE_15C_DISPLACEMENT
2026-09-07 17:38:49.355,1788802729.356,1660,35,174,4410.30,4410.38,8.0,PASS_<=10c,+0.0,FLAT,-2.0,-205.0,4.2,+1.26,0.30,SLOW,4412.35,4412.63,4410.05,4410.14,0.00,0.00,0.0,BEARISH,258.0,4410.32,4410.58,4410.19,4410.30,49,CLEARED_>=20s,39.0,2.0,26.0,11.0,66.7,28.2,28.2,BLOCKED_28.2%,4410.17,13.0,NO,STANDBY_VEL_LOW,0,0.00,4590.00,87.24,FALSE,OPP_WICK_TOO_HIGH_0.28|PRICE_ABOVE_15C_DISPLACEMENT
2026-09-07 17:38:49.884,1788802729.884,1661,36,175,4410.30,4410.38,8.0,PASS_<=10c,+0.0,FLAT,-2.0,-205.0,4.2,+1.25,0.30,SLOW,4412.35,4412.63,4410.05,4410.14,0.00,0.00,0.0,BEARISH,258.0,4410.32,4410.58,4410.19,4410.30,49,CLEARED_>=20s,39.0,2.0,26.0,11.0,66.7,28.2,28.2,BLOCKED_28.2%,4410.17,13.0,NO,STANDBY_VEL_LOW,0,0.00,4590.00,87.24,FALSE,OPP_WICK_TOO_HIGH_0.28|PRICE_ABOVE_15C_DISPLACEMENT
2026-09-07 17:38:50.389,1788802730.389,1662,37,176,4410.30,4410.38,8.0,PASS_<=10c,+0.0,FLAT,-2.0,-205.0,4.2,+1.25,0.30,SLOW,4412.35,4412.63,4410.05,4410.14,0.00,0.00,0.0,BEARISH,258.0,4410.32,4410.58,4410.19,4410.30,50,CLEARED_>=20s,39.0,2.0,26.0,11.0,66.7,28.2,28.2,BLOCKED_28.2%,4410.17,13.0,NO,STANDBY_VEL_LOW,0,0.00,4590.00,87.24,FALSE,OPP_WICK_TOO_HIGH_0.28|PRICE_ABOVE_15C_DISPLACEMENT
2026-09-07 17:38:50.906,1788802730.906,1663,38,177,4410.30,4410.38,8.0,PASS_<=10c,+0.0,FLAT,-2.0,-205.0,4.2,+1.25,0.30,SLOW,4412.35,4412.63,4410.05,4410.14,0.00,0.00,0.0,BEARISH,258.0,4410.32,4410.58,4410.19,4410.30,50,CLEARED_>=20s,39.0,2.0,26.0,11.0,66.7,28.2,28.2,BLOCKED_28.2%,4410.17,13.0,NO,STANDBY_VEL_LOW,0,0.00,4590.00,87.24,FALSE,OPP_WICK_TOO_HIGH_0.28|PRICE_ABOVE_15C_DISPLACEMENT
2026-09-07 17:38:51.475,1788802731.475,1664,39,178,4410.30,4410.38,8.0,PASS_<=10c,+0.0,FLAT,-2.0,-205.0,4.1,+1.23,0.30,SLOW,4412.35,4412.63,4410.05,4410.14,0.00,0.00,0.0,BEARISH,258.0,4410.32,4410.58,4410.19,4410.30,51,CLEARED_>=20s,39.0,2.0,26.0,11.0,66.7,28.2,28.2,BLOCKED_28.2%,4410.17,13.0,NO,STANDBY_VEL_LOW,0,0.00,4590.00,87.24,FALSE,OPP_WICK_TOO_HIGH_0.28|PRICE_ABOVE_15C_DISPLACEMENT
2026-09-07 17:38:51.983,1788802731.984,1665,40,179,4410.30,4410.38,8.0,PASS_<=10c,+0.0,FLAT,-2.0,-205.0,4.1,+0.41,0.10,SLOW,4412.35,4412.63,4410.05,4410.14,0.00,0.00,0.0,BEARISH,258.0,4410.32,4410.58,4410.19,4410.30,51,CLEARED_>=20s,39.0,2.0,26.0,11.0,66.7,28.2,28.2,BLOCKED_28.2%,4410.17,13.0,NO,STANDBY_VEL_LOW,0,0.00,4590.00,87.24,FALSE,OPP_WICK_TOO_HIGH_0.28|PRICE_ABOVE_15C_DISPLACEMENT
2026-09-07 17:39:02.356,1788802742.356,1666,1,180,4410.30,4410.38,8.0,PASS_<=10c,+0.0,FLAT,+0.0,-205.0,1.3,+0.00,0.00,SLOW,4412.35,4412.63,4410.05,4410.14,0.00,0.00,0.0,BEARISH,258.0,4410.30,4410.30,4410.30,4410.30,2,ACTIVE_2s,1.0,0.0,0.0,0.0,0.0,0.0,0.0,PASS_<20%,0.00,0.0,NO,STANDBY_VEL_LOW,0,0.00,4590.00,87.24,FALSE,M1_DIRECTION_MISMATCH|OPENING_SHIELD_ACTIVE_2s
2026-09-07 17:39:10.185,1788802750.186,1667,2,181,4410.13,4410.21,8.0,PASS_<=10c,-17.0,DOWN,-17.0,-222.0,1.3,+6.28,4.83,SLOW,4412.35,4412.63,4410.05,4410.14,0.00,0.00,0.0,BEARISH,258.0,4410.30,4410.30,4410.13,4410.13,10,ACTIVE_10s,17.0,17.0,0.0,0.0,0.0,0.0,0.0,PASS_<20%,4410.15,2.0,NO,STANDBY_VEL_LOW,0,0.00,4590.00,87.24,FALSE,OPENING_SHIELD_ACTIVE_10s
2026-09-07 17:39:10.540,1788802750.540,1668,3,182,4410.13,4410.21,8.0,PASS_<=10c,+0.0,FLAT,-17.0,-222.0,1.3,+5.55,4.27,SLOW,4412.35,4412.63,4410.05,4410.14,0.00,0.00,0.0,BEARISH,258.0,4410.30,4410.30,4410.13,4410.13,10,ACTIVE_10s,17.0,17.0,0.0,0.0,0.0,0.0,0.0,PASS_<20%,4410.15,2.0,NO,STANDBY_VEL_LOW,0,0.00,4590.00,87.24,FALSE,OPENING_SHIELD_ACTIVE_10s
2026-09-07 17:39:11.043,1788802751.043,1669,4,183,4410.14,4410.22,8.0,PASS_<=10c,+1.0,UP,-16.0,-221.0,1.7,+4.49,2.64,SLOW,4412.35,4412.63,4410.05,4410.14,0.00,0.00,0.0,BEARISH,258.0,4410.30,4410.30,4410.13,4410.14,11,ACTIVE_11s,17.0,16.0,0.0,1.0,0.0,5.9,5.9,PASS_<20%,4410.15,1.0,NO,STANDBY_VEL_LOW,0,0.00,4590.00,87.24,FALSE,OPENING_SHIELD_ACTIVE_11s
2026-09-07 17:39:11.544,1788802751.544,1670,5,184,4410.14,4410.22,8.0,PASS_<=10c,+0.0,FLAT,-16.0,-221.0,2.0,+3.93,1.97,SLOW,4412.35,4412.63,4410.05,4410.14,0.00,0.00,0.0,BEARISH,258.0,4410.30,4410.30,4410.13,4410.14,11,ACTIVE_11s,17.0,16.0,0.0,1.0,0.0,5.9,5.9,PASS_<20%,4410.15,1.0,NO,STANDBY_VEL_LOW,0,0.00,4590.00,87.24,FALSE,OPENING_SHIELD_ACTIVE_11s
2026-09-07 17:39:12.046,1788802752.046,1671,6,185,4410.14,4410.22,8.0,PASS_<=10c,+0.0,FLAT,-16.0,-221.0,2.2,+3.50,1.59,SLOW,4412.35,4412.63,4410.05,4410.14,0.00,0.00,0.0,BEARISH,258.0,4410.30,4410.30,4410.13,4410.14,12,ACTIVE_12s,17.0,16.0,0.0,1.0,0.0,5.9,5.9,PASS_<20%,4410.15,1.0,NO,STANDBY_VEL_LOW,0,0.00,4590.00,87.24,FALSE,OPENING_SHIELD_ACTIVE_12s
2026-09-07 17:39:12.547,1788802752.548,1672,7,186,4410.14,4410.22,8.0,PASS_<=10c,+0.0,FLAT,-16.0,-221.0,4.7,+0.42,0.09,SLOW,4412.35,4412.63,4410.05,4410.14,0.00,0.00,0.0,BEARISH,258.0,4410.30,4410.30,4410.13,4410.14,12,ACTIVE_12s,17.0,16.0,0.0,1.0,0.0,5.9,5.9,PASS_<20%,4410.15,1.0,NO,STANDBY_VEL_LOW,0,0.00,4590.00,87.24,FALSE,OPENING_SHIELD_ACTIVE_12s
2026-09-07 17:39:13.048,1788802753.049,1673,8,187,4410.14,4410.22,8.0,PASS_<=10c,+0.0,FLAT,-16.0,-221.0,4.5,+0.35,0.08,SLOW,4412.35,4412.63,4410.05,4410.14,0.00,0.00,0.0,BEARISH,258.0,4410.30,4410.30,4410.13,4410.14,13,ACTIVE_13s,17.0,16.0,0.0,1.0,0.0,5.9,5.9,PASS_<20%,4410.15,1.0,NO,STANDBY_VEL_LOW,0,0.00,4590.00,87.24,FALSE,OPENING_SHIELD_ACTIVE_13s
2026-09-07 17:39:13.550,1788802753.550,1674,9,188,4410.14,4410.22,8.0,PASS_<=10c,+0.0,FLAT,-16.0,-221.0,4.5,+0.30,0.07,SLOW,4412.35,4412.63,4410.05,4410.14,0.00,0.00,0.0,BEARISH,258.0,4410.30,4410.30,4410.13,4410.14,13,ACTIVE_13s,17.0,16.0,0.0,1.0,0.0,5.9,5.9,PASS_<20%,4410.15,1.0,NO,STANDBY_VEL_LOW,0,0.00,4590.00,87.24,FALSE,OPENING_SHIELD_ACTIVE_13s
2026-09-07 17:39:14.052,1788802754.052,1675,10,189,4410.15,4410.23,8.0,PASS_<=10c,+1.0,UP,-15.0,-220.0,4.4,+0.52,0.12,SLOW,4412.35,4412.63,4410.05,4410.14,0.00,0.00,0.0,BEARISH,258.0,4410.30,4410.30,4410.13,4410.15,14,ACTIVE_14s,17.0,15.0,0.0,2.0,0.0,11.8,11.8,PASS_<20%,4410.15,0.0,NO,STANDBY_VEL_LOW,0,0.00,4590.00,87.24,FALSE,OPENING_SHIELD_ACTIVE_14s
2026-09-07 17:39:14.554,1788802754.555,1676,11,190,4410.15,4410.23,8.0,PASS_<=10c,+0.0,FLAT,-15.0,-220.0,4.3,+0.46,0.11,SLOW,4412.35,4412.63,4410.05,4410.14,0.00,0.00,0.0,BEARISH,258.0,4410.30,4410.30,4410.13,4410.15,14,ACTIVE_14s,17.0,15.0,0.0,2.0,0.0,11.8,11.8,PASS_<20%,4410.15,0.0,NO,STANDBY_VEL_LOW,0,0.00,4590.00,87.24,FALSE,OPENING_SHIELD_ACTIVE_14s
2026-09-07 17:39:15.058,1788802755.058,1677,12,191,4410.15,4410.23,8.0,PASS_<=10c,+0.0,FLAT,-15.0,-220.0,4.3,+0.41,0.10,SLOW,4412.35,4412.63,4410.05,4410.14,0.00,0.00,0.0,BEARISH,258.0,4410.30,4410.30,4410.13,4410.15,15,ACTIVE_15s,17.0,15.0,0.0,2.0,0.0,11.8,11.8,PASS_<20%,4410.15,0.0,NO,STANDBY_VEL_LOW,0,0.00,4590.00,87.24,FALSE,OPENING_SHIELD_ACTIVE_15s
2026-09-07 17:39:15.559,1788802755.559,1678,13,192,4410.15,4410.23,8.0,PASS_<=10c,+0.0,FLAT,-15.0,-220.0,4.2,+0.42,0.10,SLOW,4412.35,4412.63,4410.05,4410.14,0.00,0.00,0.0,BEARISH,258.0,4410.30,4410.30,4410.13,4410.15,15,ACTIVE_15s,17.0,15.0,0.0,2.0,0.0,11.8,11.8,PASS_<20%,4410.15,0.0,NO,STANDBY_VEL_LOW,0,0.00,4590.00,87.24,FALSE,OPENING_SHIELD_ACTIVE_15s
2026-09-07 17:39:16.061,1788802756.061,1679,14,193,4410.15,4410.23,8.0,PASS_<=10c,+0.0,FLAT,-15.0,-220.0,4.2,+0.21,0.05,SLOW,4412.35,4412.63,4410.05,4410.14,0.00,0.00,0.0,BEARISH,258.0,4410.30,4410.30,4410.13,4410.15,16,ACTIVE_16s,17.0,15.0,0.0,2.0,0.0,11.8,11.8,PASS_<20%,4410.15,0.0,NO,STANDBY_VEL_LOW,0,0.00,4590.00,87.24,FALSE,OPENING_SHIELD_ACTIVE_16s
2026-09-07 17:39:16.564,1788802756.564,1680,15,194,4410.15,4410.23,8.0,PASS_<=10c,+0.0,FLAT,-15.0,-220.0,4.2,+0.42,0.10,SLOW,4412.35,4412.63,4410.05,4410.14,0.00,0.00,0.0,BEARISH,258.0,4410.30,4410.30,4410.13,4410.15,16,ACTIVE_16s,17.0,15.0,0.0,2.0,0.0,11.8,11.8,PASS_<20%,4410.15,0.0,NO,STANDBY_VEL_LOW,0,0.00,4590.00,87.24,FALSE,OPENING_SHIELD_ACTIVE_16s
2026-09-07 17:39:17.065,1788802757.066,1681,16,195,4410.15,4410.23,8.0,PASS_<=10c,+0.0,FLAT,-15.0,-220.0,4.2,+0.21,0.05,SLOW,4412.35,4412.63,4410.05,4410.14,0.00,0.00,0.0,BEARISH,258.0,4410.30,4410.30,4410.13,4410.15,17,ACTIVE_17s,17.0,15.0,0.0,2.0,0.0,11.8,11.8,PASS_<20%,4410.15,0.0,NO,STANDBY_VEL_LOW,0,0.00,4590.00,87.24,FALSE,OPENING_SHIELD_ACTIVE_17s
2026-09-07 17:39:17.567,1788802757.568,1682,17,196,4410.15,4410.23,8.0,PASS_<=10c,+0.0,FLAT,-15.0,-220.0,4.2,+0.21,0.05,SLOW,4412.35,4412.63,4410.05,4410.14,0.00,0.00,0.0,BEARISH,258.0,4410.30,4410.30,4410.13,4410.15,17,ACTIVE_17s,17.0,15.0,0.0,2.0,0.0,11.8,11.8,PASS_<20%,4410.15,0.0,NO,STANDBY_VEL_LOW,0,0.00,4590.00,87.24,FALSE,OPENING_SHIELD_ACTIVE_17s
2026-09-07 17:39:18.069,1788802758.069,1683,18,197,4410.15,4410.23,8.0,PASS_<=10c,+0.0,FLAT,-15.0,-220.0,4.2,+0.21,0.05,SLOW,4412.35,4412.63,4410.05,4410.14,0.00,0.00,0.0,BEARISH,258.0,4410.30,4410.30,4410.13,4410.15,18,ACTIVE_18s,17.0,15.0,0.0,2.0,0.0,11.8,11.8,PASS_<20%,4410.15,0.0,NO,STANDBY_VEL_LOW,0,0.00,4590.00,87.24,FALSE,OPENING_SHIELD_ACTIVE_18s
2026-09-07 17:39:28.446,1788802768.446,1684,19,198,4410.15,4410.23,8.0,PASS_<=10c,+0.0,FLAT,-15.0,-220.0,1.3,+0.00,0.00,SLOW,4412.35,4412.63,4410.05,4410.14,0.00,0.00,0.0,BEARISH,258.0,4410.30,4410.30,4410.13,4410.15,28,CLEARED_>=20s,17.0,15.0,0.0,2.0,0.0,11.8,11.8,PASS_<20%,4410.15,0.0,YES,STANDBY_VEL_LOW,0,0.00,4590.00,87.24,TRUE,READY_TO_FIRE
2026-09-07 17:39:35.238,1788802775.239,1685,20,199,4410.15,4410.23,8.0,PASS_<=10c,+0.0,FLAT,-15.0,-220.0,2.0,+0.00,0.00,SLOW,4412.35,4412.63,4410.05,4410.14,0.00,0.00,0.0,BEARISH,258.0,4410.30,4410.30,4410.13,4410.15,35,CLEARED_>=20s,17.0,15.0,0.0,2.0,0.0,11.8,11.8,PASS_<20%,4410.15,0.0,YES,STANDBY_VEL_LOW,1,4410.15,179.85,87.24,TRUE,READY_TO_FIRE
2026-09-07 17:39:35.739,1788802775.739,1686,21,200,4410.20,4410.28,8.0,PASS_<=10c,+5.0,UP,-10.0,-215.0,4.0,+5.00,1.25,SLOW,4412.35,4412.63,4410.05,4410.14,0.00,0.00,0.0,BEARISH,258.0,4410.30,4410.30,4410.13,4410.20,35,CLEARED_>=20s,17.0,10.0,0.0,7.0,0.0,41.2,41.2,BLOCKED_41.2%,4410.15,5.0,NO,STANDBY_VEL_LOW,1,4410.15,179.85,87.24,FALSE,OPP_WICK_TOO_HIGH_0.41|PRICE_ABOVE_15C_DISPLACEMENT
2026-09-07 17:39:36.240,1788802776.240,1687,22,201,4410.20,4410.28,8.0,PASS_<=10c,+0.0,FLAT,-10.0,-215.0,5.4,+4.53,0.84,SLOW,4412.35,4412.63,4410.05,4410.14,0.00,0.00,0.0,BEARISH,258.0,4410.30,4410.30,4410.13,4410.20,36,CLEARED_>=20s,17.0,10.0,0.0,7.0,0.0,41.2,41.2,BLOCKED_41.2%,4410.15,5.0,NO,STANDBY_VEL_LOW,0,0.00,4590.00,85.34,FALSE,OPP_WICK_TOO_HIGH_0.41|PRICE_ABOVE_15C_DISPLACEMENT
2026-09-07 17:39:36.741,1788802776.742,1688,23,202,4410.20,4410.28,8.0,PASS_<=10c,+0.0,FLAT,-10.0,-215.0,5.0,+3.11,0.62,SLOW,4412.35,4412.63,4410.05,4410.14,0.00,0.00,0.0,BEARISH,258.0,4410.30,4410.30,4410.13,4410.20,36,CLEARED_>=20s,17.0,10.0,0.0,7.0,0.0,41.2,41.2,BLOCKED_41.2%,4410.15,5.0,NO,STANDBY_VEL_LOW,0,0.00,4590.00,85.34,FALSE,OPP_WICK_TOO_HIGH_0.41|PRICE_ABOVE_15C_DISPLACEMENT
2026-09-07 17:39:37.242,1788802777.243,1689,24,203,4410.24,4410.32,8.0,PASS_<=10c,+4.0,UP,-6.0,-211.0,4.7,+4.27,0.91,SLOW,4412.35,4412.63,4410.05,4410.14,0.00,0.00,0.0,BEARISH,258.0,4410.30,4410.30,4410.13,4410.24,37,CLEARED_>=20s,17.0,6.0,0.0,11.0,0.0,64.7,64.7,BLOCKED_64.7%,4410.15,9.0,NO,STANDBY_VEL_LOW,0,0.00,4590.00,85.34,FALSE,OPP_WICK_TOO_HIGH_0.65|PRICE_ABOVE_15C_DISPLACEMENT
2026-09-07 17:39:37.744,1788802777.744,1690,25,204,4410.25,4410.33,8.0,PASS_<=10c,+1.0,UP,-5.0,-210.0,4.6,+3.83,0.83,SLOW,4412.35,4412.63,4410.05,4410.14,0.00,0.00,0.0,BEARISH,258.0,4410.30,4410.30,4410.13,4410.25,37,CLEARED_>=20s,17.0,5.0,0.0,12.0,0.0,70.6,70.6,BLOCKED_70.6%,4410.15,10.0,NO,STANDBY_VEL_LOW,0,0.00,4590.00,85.34,FALSE,OPP_WICK_TOO_HIGH_0.71|PRICE_ABOVE_15C_DISPLACEMENT
2026-09-07 17:39:38.246,1788802778.247,1691,26,205,4410.26,4410.34,8.0,PASS_<=10c,+1.0,UP,-4.0,-209.0,4.5,+3.54,0.79,SLOW,4412.35,4412.63,4410.05,4410.14,0.00,0.00,0.0,BEARISH,258.0,4410.30,4410.30,4410.13,4410.26,38,CLEARED_>=20s,17.0,4.0,0.0,13.0,0.0,76.5,76.5,BLOCKED_76.5%,4410.15,11.0,NO,STANDBY_VEL_LOW,0,0.00,4590.00,85.34,FALSE,OPP_WICK_TOO_HIGH_0.76|PRICE_ABOVE_15C_DISPLACEMENT
2026-09-07 17:39:38.747,1788802778.748,1692,27,206,4410.26,4410.34,8.0,PASS_<=10c,+0.0,FLAT,-4.0,-209.0,4.4,+3.05,0.69,SLOW,4412.35,4412.63,4410.05,4410.14,0.00,0.00,0.0,BEARISH,258.0,4410.30,4410.30,4410.13,4410.26,38,CLEARED_>=20s,17.0,4.0,0.0,13.0,0.0,76.5,76.5,BLOCKED_76.5%,4410.15,11.0,NO,STANDBY_VEL_LOW,0,0.00,4590.00,85.34,FALSE,OPP_WICK_TOO_HIGH_0.76|PRICE_ABOVE_15C_DISPLACEMENT
2026-09-07 17:39:39.249,1788802779.249,1693,28,207,4410.26,4410.34,8.0,PASS_<=10c,+0.0,FLAT,-4.0,-209.0,4.4,+2.67,0.61,SLOW,4412.35,4412.63,4410.05,4410.14,0.00,0.00,0.0,BEARISH,258.0,4410.30,4410.30,4410.13,4410.26,39,CLEARED_>=20s,17.0,4.0,0.0,13.0,0.0,76.5,76.5,BLOCKED_76.5%,4410.15,11.0,NO,STANDBY_VEL_LOW,0,0.00,4590.00,85.34,FALSE,OPP_WICK_TOO_HIGH_0.76|PRICE_ABOVE_15C_DISPLACEMENT
2026-09-07 17:39:39.751,1788802779.751,1694,29,208,4410.26,4410.34,8.0,PASS_<=10c,+0.0,FLAT,-4.0,-209.0,4.3,+2.38,0.55,SLOW,4412.35,4412.63,4410.05,4410.14,0.00,0.00,0.0,BEARISH,258.0,4410.30,4410.30,4410.13,4410.26,39,CLEARED_>=20s,17.0,4.0,0.0,13.0,0.0,76.5,76.5,BLOCKED_76.5%,4410.15,11.0,NO,STANDBY_VEL_LOW,0,0.00,4590.00,85.34,FALSE,OPP_WICK_TOO_HIGH_0.76|PRICE_ABOVE_15C_DISPLACEMENT
2026-09-07 17:39:40.253,1788802780.253,1695,30,209,4410.26,4410.34,8.0,PASS_<=10c,+0.0,FLAT,-4.0,-209.0,4.2,+1.26,0.30,SLOW,4412.35,4412.63,4410.05,4410.14,0.00,0.00,0.0,BEARISH,258.0,4410.30,4410.30,4410.13,4410.26,40,CLEARED_>=20s,17.0,4.0,0.0,13.0,0.0,76.5,76.5,BLOCKED_76.5%,4410.15,11.0,NO,STANDBY_VEL_LOW,0,0.00,4590.00,85.34,FALSE,OPP_WICK_TOO_HIGH_0.76|PRICE_ABOVE_15C_DISPLACEMENT
2026-09-07 17:39:40.769,1788802780.769,1696,31,210,4410.26,4410.34,8.0,PASS_<=10c,+0.0,FLAT,-4.0,-288.0,4.2,+1.26,0.30,SLOW,4413.14,4413.14,4412.09,4412.19,0.00,0.00,0.0,BEARISH,105.0,4410.30,4410.30,4410.13,4410.26,40,CLEARED_>=20s,17.0,4.0,0.0,13.0,0.0,76.5,76.5,BLOCKED_76.5%,4410.15,11.0,NO,STANDBY_VEL_LOW,0,0.00,4590.00,85.34,FALSE,OPP_WICK_TOO_HIGH_0.76|PRICE_ABOVE_15C_DISPLACEMENT
2026-09-07 17:39:41.261,1788802781.261,1697,32,211,4410.26,4410.34,8.0,PASS_<=10c,+0.0,FLAT,-4.0,-209.0,4.2,+1.26,0.30,SLOW,4412.35,4412.63,4410.05,4410.14,0.00,0.00,0.0,BEARISH,258.0,4410.30,4410.30,4410.13,4410.26,41,CLEARED_>=20s,17.0,4.0,0.0,13.0,0.0,76.5,76.5,BLOCKED_76.5%,4410.15,11.0,NO,STANDBY_VEL_LOW,0,0.00,4590.00,85.34,FALSE,OPP_WICK_TOO_HIGH_0.76|PRICE_ABOVE_15C_DISPLACEMENT
2026-09-07 17:39:41.762,1788802781.762,1698,33,212,4410.26,4410.34,8.0,PASS_<=10c,+0.0,FLAT,-4.0,-209.0,4.2,+0.42,0.10,SLOW,4412.35,4412.63,4410.05,4410.14,0.00,0.00,0.0,BEARISH,258.0,4410.30,4410.30,4410.13,4410.26,41,CLEARED_>=20s,17.0,4.0,0.0,13.0,0.0,76.5,76.5,BLOCKED_76.5%,4410.15,11.0,NO,STANDBY_VEL_LOW,0,0.00,4590.00,85.34,FALSE,OPP_WICK_TOO_HIGH_0.76|PRICE_ABOVE_15C_DISPLACEMENT
2026-09-07 17:39:42.264,1788802782.264,1699,34,213,4410.26,4410.34,8.0,PASS_<=10c,+0.0,FLAT,-4.0,-209.0,4.2,+0.42,0.10,SLOW,4412.35,4412.63,4410.05,4410.14,0.00,0.00,0.0,BEARISH,258.0,4410.30,4410.30,4410.13,4410.26,42,CLEARED_>=20s,17.0,4.0,0.0,13.0,0.0,76.5,76.5,BLOCKED_76.5%,4410.15,11.0,NO,STANDBY_VEL_LOW,0,0.00,4590.00,85.34,FALSE,OPP_WICK_TOO_HIGH_0.76|PRICE_ABOVE_15C_DISPLACEMENT
2026-09-07 17:39:42.765,1788802782.765,1700,35,214,4410.26,4410.34,8.0,PASS_<=10c,+0.0,FLAT,-4.0,-209.0,4.2,+0.02,0.00,SLOW,4412.35,4412.63,4410.05,4410.14,0.00,0.00,0.0,BEARISH,258.0,4410.30,4410.30,4410.13,4410.26,42,CLEARED_>=20s,17.0,4.0,0.0,13.0,0.0,76.5,76.5,BLOCKED_76.5%,4410.15,11.0,NO,STANDBY_VEL_LOW,0,0.00,4590.00,85.34,FALSE,OPP_WICK_TOO_HIGH_0.76|PRICE_ABOVE_15C_DISPLACEMENT
2026-09-07 17:39:48.279,1788802788.280,1701,36,215,4410.26,4410.34,8.0,PASS_<=10c,+0.0,FLAT,-4.0,-209.0,1.5,+0.00,0.00,SLOW,4412.35,4412.63,4410.05,4410.14,0.00,0.00,0.0,BEARISH,258.0,4410.30,4410.30,4410.13,4410.26,48,CLEARED_>=20s,17.0,4.0,0.0,13.0,0.0,76.5,76.5,BLOCKED_76.5%,4410.15,11.0,NO,STANDBY_VEL_LOW,0,0.00,4590.00,85.34,FALSE,OPP_WICK_TOO_HIGH_0.76|PRICE_ABOVE_15C_DISPLACEMENT
2026-09-07 17:39:58.508,1788802798.508,1702,37,216,4410.26,4410.34,8.0,PASS_<=10c,+0.0,FLAT,-4.0,-209.0,1.3,+0.00,0.00,SLOW,4412.35,4412.63,4410.05,4410.14,0.00,0.00,0.0,BEARISH,258.0,4410.30,4410.30,4410.13,4410.26,58,CLEARED_>=20s,17.0,4.0,0.0,13.0,0.0,76.5,76.5,BLOCKED_76.5%,4410.15,11.0,NO,STANDBY_VEL_LOW,0,0.00,4590.00,85.34,FALSE,OPP_WICK_TOO_HIGH_0.76|PRICE_ABOVE_15C_DISPLACEMENT
2026-09-07 17:39:58.863,1788802798.863,1703,38,217,4410.24,4410.32,8.0,PASS_<=10c,-2.0,DOWN,-6.0,-211.0,3.0,+2.00,0.67,SLOW,4412.35,4412.63,4410.05,4410.14,0.00,0.00,0.0,BEARISH,258.0,4410.30,4410.30,4410.13,4410.24,58,CLEARED_>=20s,17.0,6.0,0.0,11.0,0.0,64.7,64.7,BLOCKED_64.7%,4410.15,9.0,NO,STANDBY_VEL_LOW,0,0.00,4590.00,85.34,FALSE,OPP_WICK_TOO_HIGH_0.65|PRICE_ABOVE_15C_DISPLACEMENT
2026-09-07 17:39:59.365,1788802799.366,1704,39,218,4410.23,4410.31,8.0,PASS_<=10c,-1.0,DOWN,-7.0,-212.0,5.0,+3.00,0.60,SLOW,4412.35,4412.63,4410.05,4410.14,0.00,0.00,0.0,BEARISH,258.0,4410.30,4410.30,4410.13,4410.23,59,CLEARED_>=20s,17.0,7.0,0.0,10.0,0.0,58.8,58.8,BLOCKED_58.8%,4410.15,8.0,NO,STANDBY_VEL_LOW,0,0.00,4590.00,85.34,FALSE,OPP_WICK_TOO_HIGH_0.59|PRICE_ABOVE_15C_DISPLACEMENT
2026-09-07 17:39:59.868,1788802799.868,1705,40,219,4410.25,4410.33,8.0,PASS_<=10c,+2.0,UP,-5.0,-210.0,5.1,+0.74,0.15,SLOW,4412.35,4412.63,4410.05,4410.14,0.00,0.00,0.0,BEARISH,258.0,4410.30,4410.30,4410.13,4410.25,59,CLEARED_>=20s,17.0,5.0,0.0,12.0,0.0,70.6,70.6,BLOCKED_70.6%,4410.15,10.0,NO,STANDBY_VEL_LOW,0,0.00,4590.00,85.34,FALSE,OPP_WICK_TOO_HIGH_0.71|PRICE_ABOVE_15C_DISPLACEMENT
2026-09-07 17:40:00.369,1788802800.370,1706,1,1,4410.24,4410.32,8.0,PASS_<=10c,-1.0,DOWN,-1.0,+11.0,4.8,+1.07,0.22,SLOW,4410.13,4410.86,4410.00,4410.25,0.00,0.00,0.0,BEARISH,86.0,4410.25,4410.25,4410.24,4410.24,0,ACTIVE_0s,1.0,1.0,0.0,0.0,0.0,0.0,0.0,PASS_<20%,4410.10,14.0,NO,STANDBY_VEL_LOW,0,0.00,4590.00,85.34,FALSE,OPENING_SHIELD_ACTIVE_0s|PRICE_ABOVE_15C_DISPLACEMENT
2026-09-07 17:40:00.871,1788802800.872,1707,2,2,4410.25,4410.33,8.0,PASS_<=10c,+1.0,UP,+0.0,+12.0,4.7,+0.42,0.09,SLOW,4410.13,4410.86,4410.00,4410.25,0.00,0.00,0.0,BEARISH,86.0,4410.25,4410.25,4410.24,4410.25,0,ACTIVE_0s,1.0,0.0,0.0,1.0,0.0,100.0,100.0,BLOCKED_100.0%,0.00,0.0,NO,STANDBY_VEL_LOW,0,0.00,4590.00,85.34,FALSE,M1_DIRECTION_MISMATCH|OPENING_SHIELD_ACTIVE_0s
2026-09-07 17:40:01.373,1788802801.374,1708,3,3,4410.25,4410.33,8.0,PASS_<=10c,+0.0,FLAT,+0.0,+12.0,4.5,+0.35,0.08,SLOW,4410.13,4410.86,4410.00,4410.25,0.00,0.00,0.0,BEARISH,86.0,4410.25,4410.25,4410.24,4410.25,1,ACTIVE_1s,1.0,0.0,0.0,1.0,0.0,100.0,100.0,BLOCKED_100.0%,0.00,0.0,NO,STANDBY_VEL_LOW,0,0.00,4590.00,85.34,FALSE,M1_DIRECTION_MISMATCH|OPENING_SHIELD_ACTIVE_1s
2026-09-07 17:40:01.875,1788802801.876,1709,4,4,4410.25,4410.33,8.0,PASS_<=10c,+0.0,FLAT,+0.0,+12.0,4.5,+0.30,0.07,SLOW,4410.13,4410.86,4410.00,4410.25,0.00,0.00,0.0,BEARISH,86.0,4410.25,4410.25,4410.24,4410.25,1,ACTIVE_1s,1.0,0.0,0.0,1.0,0.0,100.0,100.0,BLOCKED_100.0%,0.00,0.0,NO,STANDBY_VEL_LOW,0,0.00,4590.00,85.34,FALSE,M1_DIRECTION_MISMATCH|OPENING_SHIELD_ACTIVE_1s
2026-09-07 17:40:02.377,1788802802.378,1710,5,5,4410.25,4410.33,8.0,PASS_<=10c,+0.0,FLAT,+0.0,+12.0,4.4,+0.26,0.06,SLOW,4410.13,4410.86,4410.00,4410.25,0.00,0.00,0.0,BEARISH,86.0,4410.25,4410.25,4410.24,4410.25,2,ACTIVE_2s,1.0,0.0,0.0,1.0,0.0,100.0,100.0,BLOCKED_100.0%,0.00,0.0,NO,STANDBY_VEL_LOW,0,0.00,4590.00,85.34,FALSE,M1_DIRECTION_MISMATCH|OPENING_SHIELD_ACTIVE_2s
2026-09-07 17:40:02.880,1788802802.881,1711,6,6,4410.45,4410.53,8.0,PASS_<=10c,+20.0,UP,+20.0,+32.0,4.3,+4.35,1.01,SLOW,4410.13,4410.86,4410.00,4410.25,0.00,0.00,0.0,BEARISH,86.0,4410.25,4410.45,4410.24,4410.45,2,ACTIVE_2s,21.0,20.0,0.0,1.0,0.0,4.8,4.8,PASS_<20%,0.00,0.0,NO,STANDBY_VEL_LOW,0,0.00,4590.00,85.34,FALSE,M1_DIRECTION_MISMATCH|OPENING_SHIELD_ACTIVE_2s
2026-09-07 17:40:03.382,1788802803.382,1712,7,7,4410.45,4410.53,8.0,PASS_<=10c,+0.0,FLAT,+20.0,+32.0,4.3,+3.90,0.91,SLOW,4410.13,4410.86,4410.00,4410.25,0.00,0.00,0.0,BEARISH,86.0,4410.25,4410.45,4410.24,4410.45,3,ACTIVE_3s,21.0,20.0,0.0,1.0,0.0,4.8,4.8,PASS_<20%,0.00,0.0,NO,STANDBY_VEL_LOW,0,0.00,4590.00,85.34,FALSE,M1_DIRECTION_MISMATCH|OPENING_SHIELD_ACTIVE_3s
2026-09-07 17:40:03.882,1788802803.883,1713,8,8,4410.45,4410.53,8.0,PASS_<=10c,+0.0,FLAT,+20.0,+32.0,4.2,+4.41,1.05,SLOW,4410.13,4410.86,4410.00,4410.25,0.00,0.00,0.0,BEARISH,86.0,4410.25,4410.45,4410.24,4410.45,3,ACTIVE_3s,21.0,20.0,0.0,1.0,0.0,4.8,4.8,PASS_<20%,0.00,0.0,NO,STANDBY_VEL_LOW,0,0.00,4590.00,85.34,FALSE,M1_DIRECTION_MISMATCH|OPENING_SHIELD_ACTIVE_3s
2026-09-07 17:40:04.382,1788802804.383,1714,9,9,4410.45,4410.53,8.0,PASS_<=10c,+0.0,FLAT,+20.0,+32.0,4.2,+3.99,0.95,SLOW,4410.13,4410.86,4410.00,4410.25,0.00,0.00,0.0,BEARISH,86.0,4410.25,4410.45,4410.24,4410.45,4,ACTIVE_4s,21.0,20.0,0.0,1.0,0.0,4.8,4.8,PASS_<20%,0.00,0.0,NO,STANDBY_VEL_LOW,0,0.00,4590.00,85.34,FALSE,M1_DIRECTION_MISMATCH|OPENING_SHIELD_ACTIVE_4s
2026-09-07 17:40:04.884,1788802804.885,1715,10,10,4410.45,4410.53,8.0,PASS_<=10c,+0.0,FLAT,+20.0,+32.0,4.2,+4.20,1.00,SLOW,4410.13,4410.86,4410.00,4410.25,0.00,0.00,0.0,BEARISH,86.0,4410.25,4410.45,4410.24,4410.45,4,ACTIVE_4s,21.0,20.0,0.0,1.0,0.0,4.8,4.8,PASS_<20%,0.00,0.0,NO,STANDBY_VEL_LOW,0,0.00,4590.00,85.34,FALSE,M1_DIRECTION_MISMATCH|OPENING_SHIELD_ACTIVE_4s
2026-09-07 17:40:05.386,1788802805.387,1716,11,11,4410.45,4410.53,8.0,PASS_<=10c,+0.0,FLAT,+20.0,+32.0,4.2,+4.20,1.00,SLOW,4410.13,4410.86,4410.00,4410.28,0.00,0.00,0.0,BEARISH,86.0,4410.25,4410.45,4410.24,4410.45,5,ACTIVE_5s,21.0,20.0,0.0,1.0,0.0,4.8,4.8,PASS_<20%,0.00,0.0,NO,STANDBY_VEL_LOW,0,0.00,4590.00,85.34,FALSE,M1_DIRECTION_MISMATCH|OPENING_SHIELD_ACTIVE_5s
2026-09-07 17:40:05.888,1788802805.888,1717,12,12,4410.45,4410.53,8.0,PASS_<=10c,+0.0,FLAT,+20.0,+32.0,4.2,+4.20,1.00,SLOW,4410.13,4410.86,4410.00,4410.28,0.00,0.00,0.0,BEARISH,86.0,4410.25,4410.45,4410.24,4410.45,5,ACTIVE_5s,21.0,20.0,0.0,1.0,0.0,4.8,4.8,PASS_<20%,0.00,0.0,NO,STANDBY_VEL_LOW,0,0.00,4590.00,85.34,FALSE,M1_DIRECTION_MISMATCH|OPENING_SHIELD_ACTIVE_5s
2026-09-07 17:40:06.390,1788802806.390,1718,13,13,4410.45,4410.53,8.0,PASS_<=10c,+0.0,FLAT,+20.0,+32.0,4.2,+4.20,1.00,SLOW,4410.13,4410.86,4410.00,4410.28,0.00,0.00,0.0,BEARISH,86.0,4410.25,4410.45,4410.24,4410.45,6,ACTIVE_6s,21.0,20.0,0.0,1.0,0.0,4.8,4.8,PASS_<20%,0.00,0.0,NO,STANDBY_VEL_LOW,0,0.00,4590.00,85.34,FALSE,M1_DIRECTION_MISMATCH|OPENING_SHIELD_ACTIVE_6s
2026-09-07 17:40:06.891,1788802806.892,1719,14,14,4410.45,4410.53,8.0,PASS_<=10c,+0.0,FLAT,+20.0,+32.0,4.2,+4.20,1.00,SLOW,4410.13,4410.86,4410.00,4410.28,0.00,0.00,0.0,BEARISH,86.0,4410.25,4410.45,4410.24,4410.45,6,ACTIVE_6s,21.0,20.0,0.0,1.0,0.0,4.8,4.8,PASS_<20%,0.00,0.0,NO,STANDBY_VEL_LOW,0,0.00,4590.00,85.34,FALSE,M1_DIRECTION_MISMATCH|OPENING_SHIELD_ACTIVE_6s
2026-09-07 17:40:12.404,1788802812.405,1720,15,15,4410.45,4410.53,8.0,PASS_<=10c,+0.0,FLAT,+20.0,+32.0,1.6,+0.52,0.33,SLOW,4410.13,4410.86,4410.00,4410.28,0.00,0.00,0.0,BEARISH,86.0,4410.25,4410.45,4410.24,4410.45,12,ACTIVE_12s,21.0,20.0,0.0,1.0,0.0,4.8,4.8,PASS_<20%,0.00,0.0,NO,STANDBY_VEL_LOW,0,0.00,4590.00,85.34,FALSE,M1_DIRECTION_MISMATCH|OPENING_SHIELD_ACTIVE_12s
2026-09-07 17:40:22.636,1788802822.637,1721,16,16,4410.45,4410.53,8.0,PASS_<=10c,+0.0,FLAT,+20.0,+32.0,1.3,+0.51,0.39,SLOW,4410.13,4410.86,4410.00,4410.28,0.00,0.00,0.0,BEARISH,86.0,4410.25,4410.45,4410.24,4410.45,22,CLEARED_>=20s,21.0,20.0,0.0,1.0,0.0,4.8,4.8,PASS_<20%,0.00,0.0,NO,STANDBY_VEL_LOW,0,0.00,4590.00,85.34,FALSE,M1_DIRECTION_MISMATCH
2026-09-07 17:40:24.243,1788802824.243,1722,17,17,4410.45,4410.53,8.0,PASS_<=10c,+0.0,FLAT,+20.0,+32.0,1.9,+0.54,0.28,SLOW,4410.13,4410.86,4410.00,4410.28,0.00,0.00,0.0,BEARISH,86.0,4410.25,4410.45,4410.24,4410.45,24,CLEARED_>=20s,21.0,20.0,0.0,1.0,0.0,4.8,4.8,PASS_<20%,0.00,0.0,NO,STANDBY_VEL_LOW,0,0.00,4590.00,85.34,FALSE,M1_DIRECTION_MISMATCH
2026-09-07 17:40:24.745,1788802824.745,1723,18,18,4410.15,4410.23,8.0,PASS_<=10c,-30.0,DOWN,-10.0,+2.0,2.4,+14.23,5.93,SLOW,4410.13,4410.86,4410.00,4410.28,0.00,0.00,0.0,BEARISH,86.0,4410.25,4410.45,4410.15,4410.15,24,CLEARED_>=20s,30.0,10.0,20.0,0.0,66.7,0.0,0.0,PASS_<20%,4410.10,5.0,NO,STANDBY_VEL_LOW,0,0.00,4590.00,85.34,FALSE,PRICE_ABOVE_15C_DISPLACEMENT
2026-09-07 17:40:25.248,1788802825.249,1724,19,19,4410.15,4410.23,8.0,PASS_<=10c,+0.0,FLAT,-10.0,+2.0,2.7,+11.49,4.26,SLOW,4410.13,4410.86,4410.00,4410.28,0.00,0.00,0.0,BEARISH,86.0,4410.25,4410.45,4410.15,4410.15,25,CLEARED_>=20s,30.0,10.0,20.0,0.0,66.7,0.0,0.0,PASS_<20%,4410.10,5.0,NO,STANDBY_VEL_LOW,0,0.00,4590.00,85.34,FALSE,PRICE_ABOVE_15C_DISPLACEMENT
2026-09-07 17:40:25.748,1788802825.749,1725,20,20,4410.15,4410.23,8.0,PASS_<=10c,+0.0,FLAT,-10.0,+2.0,2.9,+9.64,3.32,SLOW,4410.13,4410.86,4410.00,4410.28,0.00,0.00,0.0,BEARISH,86.0,4410.25,4410.45,4410.15,4410.15,25,CLEARED_>=20s,30.0,10.0,20.0,0.0,66.7,0.0,0.0,PASS_<20%,4410.10,5.0,NO,STANDBY_VEL_LOW,0,0.00,4590.00,85.34,FALSE,PRICE_ABOVE_15C_DISPLACEMENT
2026-09-07 17:40:26.250,1788802826.251,1726,21,21,4410.15,4410.23,8.0,PASS_<=10c,+0.0,FLAT,-10.0,+2.0,3.0,+8.30,2.77,SLOW,4410.13,4410.86,4410.00,4410.28,0.00,0.00,0.0,BEARISH,86.0,4410.25,4410.45,4410.15,4410.15,26,CLEARED_>=20s,30.0,10.0,20.0,0.0,66.7,0.0,0.0,PASS_<20%,4410.10,5.0,NO,STANDBY_VEL_LOW,0,0.00,4590.00,85.34,FALSE,PRICE_ABOVE_15C_DISPLACEMENT
2026-09-07 17:40:26.752,1788802826.753,1727,22,22,4410.15,4410.23,8.0,PASS_<=10c,+0.0,FLAT,-10.0,+2.0,3.2,+7.29,2.28,SLOW,4410.13,4410.86,4410.00,4410.28,0.00,0.00,0.0,BEARISH,86.0,4410.25,4410.45,4410.15,4410.15,26,CLEARED_>=20s,30.0,10.0,20.0,0.0,66.7,0.0,0.0,PASS_<20%,4410.10,5.0,NO,STANDBY_VEL_LOW,0,0.00,4590.00,85.34,FALSE,PRICE_ABOVE_15C_DISPLACEMENT
2026-09-07 17:40:27.254,1788802827.255,1728,23,23,4410.15,4410.23,8.0,PASS_<=10c,+0.0,FLAT,-10.0,+2.0,3.2,+6.50,2.03,SLOW,4410.13,4410.86,4410.00,4410.28,0.00,0.00,0.0,BEARISH,86.0,4410.25,4410.45,4410.15,4410.15,27,CLEARED_>=20s,30.0,10.0,20.0,0.0,66.7,0.0,0.0,PASS_<20%,4410.10,5.0,NO,STANDBY_VEL_LOW,0,0.00,4590.00,85.34,FALSE,PRICE_ABOVE_15C_DISPLACEMENT
2026-09-07 17:40:27.756,1788802827.756,1729,24,24,4410.15,4410.23,8.0,PASS_<=10c,+0.0,FLAT,-10.0,+2.0,4.4,+8.30,1.89,SLOW,4410.13,4410.86,4410.00,4410.28,0.00,0.00,0.0,BEARISH,86.0,4410.25,4410.45,4410.15,4410.15,27,CLEARED_>=20s,30.0,10.0,20.0,0.0,66.7,0.0,0.0,PASS_<20%,4410.10,5.0,NO,STANDBY_VEL_LOW,0,0.00,4590.00,85.34,FALSE,PRICE_ABOVE_15C_DISPLACEMENT
2026-09-07 17:40:28.256,1788802828.257,1730,25,25,4410.15,4410.23,8.0,PASS_<=10c,+0.0,FLAT,-10.0,+2.0,4.4,+7.29,1.66,SLOW,4410.13,4410.86,4410.00,4410.28,0.00,0.00,0.0,BEARISH,86.0,4410.25,4410.45,4410.15,4410.15,28,CLEARED_>=20s,30.0,10.0,20.0,0.0,66.7,0.0,0.0,PASS_<20%,4410.10,5.0,NO,STANDBY_VEL_LOW,0,0.00,4590.00,85.34,FALSE,PRICE_ABOVE_15C_DISPLACEMENT
2026-09-07 17:40:28.758,1788802828.758,1731,26,26,4410.15,4410.23,8.0,PASS_<=10c,+0.0,FLAT,-10.0,+2.0,4.3,+6.50,1.51,SLOW,4410.13,4410.86,4410.00,4410.28,0.00,0.00,0.0,BEARISH,86.0,4410.25,4410.45,4410.15,4410.15,28,CLEARED_>=20s,30.0,10.0,20.0,0.0,66.7,0.0,0.0,PASS_<20%,4410.10,5.0,NO,STANDBY_VEL_LOW,0,0.00,4590.00,85.34,FALSE,PRICE_ABOVE_15C_DISPLACEMENT
2026-09-07 17:40:29.261,1788802829.261,1732,27,27,4410.15,4410.23,8.0,PASS_<=10c,+0.0,FLAT,-10.0,+2.0,4.2,+0.00,0.00,SLOW,4410.13,4410.86,4410.00,4410.28,0.00,0.00,0.0,BEARISH,86.0,4410.25,4410.45,4410.15,4410.15,29,CLEARED_>=20s,30.0,10.0,20.0,0.0,66.7,0.0,0.0,PASS_<20%,4410.10,5.0,NO,STANDBY_VEL_LOW,0,0.00,4590.00,85.34,FALSE,PRICE_ABOVE_15C_DISPLACEMENT
2026-09-07 17:40:29.763,1788802829.764,1733,28,28,4410.15,4410.23,8.0,PASS_<=10c,+0.0,FLAT,-10.0,+2.0,4.2,+0.00,0.00,SLOW,4410.13,4410.86,4410.00,4410.28,0.00,0.00,0.0,BEARISH,86.0,4410.25,4410.45,4410.15,4410.15,29,CLEARED_>=20s,30.0,10.0,20.0,0.0,66.7,0.0,0.0,PASS_<20%,4410.10,5.0,NO,STANDBY_VEL_LOW,0,0.00,4590.00,85.34,FALSE,PRICE_ABOVE_15C_DISPLACEMENT
2026-09-07 17:40:30.264,1788802830.264,1734,29,29,4410.15,4410.23,8.0,PASS_<=10c,+0.0,FLAT,-10.0,+2.0,4.2,+0.00,0.00,SLOW,4410.13,4410.86,4410.00,4410.28,0.00,0.00,0.0,BEARISH,86.0,4410.25,4410.45,4410.15,4410.15,30,CLEARED_>=20s,30.0,10.0,20.0,0.0,66.7,0.0,0.0,PASS_<20%,4410.10,5.0,NO,STANDBY_VEL_LOW,0,0.00,4590.00,85.34,FALSE,PRICE_ABOVE_15C_DISPLACEMENT
2026-09-07 17:40:30.766,1788802830.767,1735,30,30,4410.15,4410.23,8.0,PASS_<=10c,+0.0,FLAT,-10.0,+2.0,4.2,+0.00,0.00,SLOW,4410.13,4410.86,4410.00,4410.28,0.00,0.00,0.0,BEARISH,86.0,4410.25,4410.45,4410.15,4410.15,30,CLEARED_>=20s,30.0,10.0,20.0,0.0,66.7,0.0,0.0,PASS_<20%,4410.10,5.0,NO,STANDBY_VEL_LOW,0,0.00,4590.00,85.34,FALSE,PRICE_ABOVE_15C_DISPLACEMENT
2026-09-07 17:40:31.267,1788802831.267,1736,31,31,4410.15,4410.23,8.0,PASS_<=10c,+0.0,FLAT,-10.0,+2.0,4.2,+0.00,0.00,SLOW,4410.13,4410.86,4410.00,4410.28,0.00,0.00,0.0,BEARISH,86.0,4410.25,4410.45,4410.15,4410.15,31,CLEARED_>=20s,30.0,10.0,20.0,0.0,66.7,0.0,0.0,PASS_<20%,4410.10,5.0,NO,STANDBY_VEL_LOW,0,0.00,4590.00,85.34,FALSE,PRICE_ABOVE_15C_DISPLACEMENT
2026-09-07 17:40:31.768,1788802831.768,1737,32,32,4410.15,4410.23,8.0,PASS_<=10c,+0.0,FLAT,-10.0,+2.0,4.2,+0.00,0.00,SLOW,4410.13,4410.86,4410.00,4410.28,0.00,0.00,0.0,BEARISH,86.0,4410.25,4410.45,4410.15,4410.15,31,CLEARED_>=20s,30.0,10.0,20.0,0.0,66.7,0.0,0.0,PASS_<20%,4410.10,5.0,NO,STANDBY_VEL_LOW,0,0.00,4590.00,85.34,FALSE,PRICE_ABOVE_15C_DISPLACEMENT
2026-09-07 17:40:32.268,1788802832.269,1738,33,33,4410.15,4410.23,8.0,PASS_<=10c,+0.0,FLAT,-10.0,+2.0,4.2,+0.00,0.00,SLOW,4410.13,4410.86,4410.00,4410.28,0.00,0.00,0.0,BEARISH,86.0,4410.25,4410.45,4410.15,4410.15,32,CLEARED_>=20s,30.0,10.0,20.0,0.0,66.7,0.0,0.0,PASS_<20%,4410.10,5.0,NO,STANDBY_VEL_LOW,0,0.00,4590.00,85.34,FALSE,PRICE_ABOVE_15C_DISPLACEMENT
2026-09-07 17:40:42.646,1788802842.646,1739,34,34,4410.15,4410.23,8.0,PASS_<=10c,+0.0,FLAT,-10.0,+2.0,1.3,+0.00,0.00,SLOW,4410.13,4410.86,4410.00,4410.28,0.00,0.00,0.0,BEARISH,86.0,4410.25,4410.45,4410.15,4410.15,42,CLEARED_>=20s,30.0,10.0,20.0,0.0,66.7,0.0,0.0,PASS_<20%,4410.10,5.0,NO,STANDBY_VEL_LOW,0,0.00,4590.00,85.34,FALSE,PRICE_ABOVE_15C_DISPLACEMENT
2026-09-07 17:40:47.864,1788802847.864,1740,35,35,4410.15,4410.23,8.0,PASS_<=10c,+0.0,FLAT,-10.0,+2.0,2.0,+0.00,0.00,SLOW,4410.13,4410.86,4410.00,4410.28,0.00,0.00,0.0,BEARISH,86.0,4410.25,4410.45,4410.15,4410.15,47,CLEARED_>=20s,30.0,10.0,20.0,0.0,66.7,0.0,0.0,PASS_<20%,4410.10,5.0,NO,STANDBY_VEL_LOW,0,0.00,4590.00,85.34,FALSE,PRICE_ABOVE_15C_DISPLACEMENT
2026-09-07 17:40:48.366,1788802848.366,1741,36,36,4410.28,4410.36,8.0,PASS_<=10c,+13.0,UP,+3.0,+15.0,4.0,+13.00,3.25,SLOW,4410.13,4410.86,4410.00,4410.28,0.00,0.00,0.0,BEARISH,86.0,4410.25,4410.45,4410.15,4410.28,48,CLEARED_>=20s,30.0,3.0,17.0,10.0,56.7,33.3,33.3,BLOCKED_33.3%,0.00,0.0,NO,STANDBY_VEL_LOW,0,0.00,4590.00,85.34,FALSE,M1_DIRECTION_MISMATCH
2026-09-07 17:40:48.868,1788802848.868,1742,37,37,4410.28,4410.36,8.0,PASS_<=10c,+0.0,FLAT,+3.0,+15.0,5.4,+11.77,2.18,SLOW,4410.13,4410.86,4410.00,4410.28,0.00,0.00,0.0,BEARISH,86.0,4410.25,4410.45,4410.15,4410.28,48,CLEARED_>=20s,30.0,3.0,17.0,10.0,56.7,33.3,33.3,BLOCKED_33.3%,0.00,0.0,NO,STANDBY_VEL_LOW,0,0.00,4590.00,85.34,FALSE,M1_DIRECTION_MISMATCH
2026-09-07 17:40:49.369,1788802849.370,1743,38,38,4410.28,4410.36,8.0,PASS_<=10c,+0.0,FLAT,+3.0,+15.0,5.0,+8.09,1.62,SLOW,4410.13,4410.86,4410.00,4410.28,0.00,0.00,0.0,BEARISH,86.0,4410.25,4410.45,4410.15,4410.28,49,CLEARED_>=20s,30.0,3.0,17.0,10.0,56.7,33.3,33.3,BLOCKED_33.3%,0.00,0.0,NO,STANDBY_VEL_LOW,0,0.00,4590.00,85.34,FALSE,M1_DIRECTION_MISMATCH
2026-09-07 17:40:49.872,1788802849.872,1744,39,39,4410.28,4410.36,8.0,PASS_<=10c,+0.0,FLAT,+3.0,+15.0,4.7,+6.17,1.31,SLOW,4410.13,4410.86,4410.00,4410.28,0.00,0.00,0.0,BEARISH,86.0,4410.25,4410.45,4410.15,4410.28,49,CLEARED_>=20s,30.0,3.0,17.0,10.0,56.7,33.3,33.3,BLOCKED_33.3%,0.00,0.0,NO,STANDBY_VEL_LOW,0,0.00,4590.00,85.34,FALSE,M1_DIRECTION_MISMATCH
2026-09-07 17:40:50.373,1788802850.374,1745,40,40,4410.26,4410.34,8.0,PASS_<=10c,-2.0,DOWN,+1.0,+13.0,4.6,+4.21,0.92,SLOW,4410.13,4410.86,4410.00,4410.28,0.00,0.00,0.0,BEARISH,86.0,4410.25,4410.45,4410.15,4410.26,50,CLEARED_>=20s,30.0,1.0,19.0,10.0,63.3,33.3,33.3,BLOCKED_33.3%,0.00,0.0,NO,STANDBY_VEL_LOW,0,0.00,4590.00,85.34,FALSE,M1_DIRECTION_MISMATCH
2026-09-07 17:40:50.875,1788802850.875,1746,41,41,4410.26,4410.34,8.0,PASS_<=10c,+0.0,FLAT,+1.0,+13.0,4.5,+3.54,0.79,SLOW,4410.13,4410.86,4410.00,4410.28,0.00,0.00,0.0,BEARISH,86.0,4410.25,4410.45,4410.15,4410.26,50,CLEARED_>=20s,30.0,1.0,19.0,10.0,63.3,33.3,33.3,BLOCKED_33.3%,0.00,0.0,NO,STANDBY_VEL_LOW,0,0.00,4590.00,85.34,FALSE,M1_DIRECTION_MISMATCH
2026-09-07 17:40:51.378,1788802851.378,1747,42,42,4410.26,4410.34,8.0,PASS_<=10c,+0.0,FLAT,+1.0,+13.0,4.4,+3.04,0.69,SLOW,4410.13,4410.86,4410.00,4410.28,0.00,0.00,0.0,BEARISH,86.0,4410.25,4410.45,4410.15,4410.26,51,CLEARED_>=20s,30.0,1.0,19.0,10.0,63.3,33.3,33.3,BLOCKED_33.3%,0.00,0.0,NO,STANDBY_VEL_LOW,0,0.00,4590.00,85.34,FALSE,M1_DIRECTION_MISMATCH
2026-09-07 17:40:51.878,1788802851.879,1748,43,43,4410.26,4410.34,8.0,PASS_<=10c,+0.0,FLAT,+1.0,+13.0,4.4,+2.67,0.61,SLOW,4410.13,4410.86,4410.00,4410.28,0.00,0.00,0.0,BEARISH,86.0,4410.25,4410.45,4410.15,4410.26,51,CLEARED_>=20s,30.0,1.0,19.0,10.0,63.3,33.3,33.3,BLOCKED_33.3%,0.00,0.0,NO,STANDBY_VEL_LOW,0,0.00,4590.00,85.34,FALSE,M1_DIRECTION_MISMATCH
2026-09-07 17:40:52.380,1788802852.381,1749,44,44,4410.26,4410.34,8.0,PASS_<=10c,+0.0,FLAT,+1.0,+13.0,4.3,+2.38,0.55,SLOW,4410.13,4410.86,4410.00,4410.28,0.00,0.00,0.0,BEARISH,86.0,4410.25,4410.45,4410.15,4410.26,52,CLEARED_>=20s,30.0,1.0,19.0,10.0,63.3,33.3,33.3,BLOCKED_33.3%,0.00,0.0,NO,STANDBY_VEL_LOW,0,0.00,4590.00,85.34,FALSE,M1_DIRECTION_MISMATCH
2026-09-07 17:40:52.883,1788802852.883,1750,45,45,4410.26,4410.34,8.0,PASS_<=10c,+0.0,FLAT,+1.0,+13.0,4.2,+0.42,0.10,SLOW,4410.13,4410.86,4410.00,4410.28,0.00,0.00,0.0,BEARISH,86.0,4410.25,4410.45,4410.15,4410.26,52,CLEARED_>=20s,30.0,1.0,19.0,10.0,63.3,33.3,33.3,BLOCKED_33.3%,0.00,0.0,NO,STANDBY_VEL_LOW,0,0.00,4590.00,85.34,FALSE,M1_DIRECTION_MISMATCH
2026-09-07 17:40:53.386,1788802853.386,1751,46,46,4410.26,4410.34,8.0,PASS_<=10c,+0.0,FLAT,+1.0,+13.0,4.2,+0.42,0.10,SLOW,4410.13,4410.86,4410.00,4410.28,0.00,0.00,0.0,BEARISH,86.0,4410.25,4410.45,4410.15,4410.26,53,CLEARED_>=20s,30.0,1.0,19.0,10.0,63.3,33.3,33.3,BLOCKED_33.3%,0.00,0.0,NO,STANDBY_VEL_LOW,0,0.00,4590.00,85.34,FALSE,M1_DIRECTION_MISMATCH
2026-09-07 17:40:53.889,1788802853.889,1752,47,47,4410.26,4410.34,8.0,PASS_<=10c,+0.0,FLAT,+1.0,+13.0,4.2,+0.42,0.10,SLOW,4410.13,4410.86,4410.00,4410.28,0.00,0.00,0.0,BEARISH,86.0,4410.25,4410.45,4410.15,4410.26,53,CLEARED_>=20s,30.0,1.0,19.0,10.0,63.3,33.3,33.3,BLOCKED_33.3%,0.00,0.0,NO,STANDBY_VEL_LOW,0,0.00,4590.00,85.34,FALSE,M1_DIRECTION_MISMATCH
2026-09-07 17:40:54.390,1788802854.391,1753,48,48,4410.26,4410.34,8.0,PASS_<=10c,+0.0,FLAT,+1.0,+13.0,4.2,+0.42,0.10,SLOW,4410.13,4410.86,4410.00,4410.28,0.00,0.00,0.0,BEARISH,86.0,4410.25,4410.45,4410.15,4410.26,54,CLEARED_>=20s,30.0,1.0,19.0,10.0,63.3,33.3,33.3,BLOCKED_33.3%,0.00,0.0,NO,STANDBY_VEL_LOW,0,0.00,4590.00,85.34,FALSE,M1_DIRECTION_MISMATCH
2026-09-07 17:40:54.892,1788802854.893,1754,49,49,4410.26,4410.34,8.0,PASS_<=10c,+0.0,FLAT,+1.0,+13.0,4.2,+0.42,0.10,SLOW,4410.13,4410.86,4410.00,4410.28,0.00,0.00,0.0,BEARISH,86.0,4410.25,4410.45,4410.15,4410.26,54,CLEARED_>=20s,30.0,1.0,19.0,10.0,63.3,33.3,33.3,BLOCKED_33.3%,0.00,0.0,NO,STANDBY_VEL_LOW,0,0.00,4590.00,85.34,FALSE,M1_DIRECTION_MISMATCH
2026-09-07 17:40:55.393,1788802855.393,1755,50,50,4410.26,4410.34,8.0,PASS_<=10c,+0.0,FLAT,+1.0,+13.0,4.2,+0.00,0.00,SLOW,4410.13,4410.86,4410.00,4410.28,0.00,0.00,0.0,BEARISH,86.0,4410.25,4410.45,4410.15,4410.26,55,CLEARED_>=20s,30.0,1.0,19.0,10.0,63.3,33.3,33.3,BLOCKED_33.3%,0.00,0.0,NO,STANDBY_VEL_LOW,0,0.00,4590.00,85.34,FALSE,M1_DIRECTION_MISMATCH
2026-09-07 17:40:55.895,1788802855.895,1756,51,51,4410.26,4410.34,8.0,PASS_<=10c,+0.0,FLAT,+1.0,+13.0,4.2,+0.00,0.00,SLOW,4410.13,4410.86,4410.00,4410.28,0.00,0.00,0.0,BEARISH,86.0,4410.25,4410.45,4410.15,4410.26,55,CLEARED_>=20s,30.0,1.0,19.0,10.0,63.3,33.3,33.3,BLOCKED_33.3%,0.00,0.0,NO,STANDBY_VEL_LOW,0,0.00,4590.00,85.34,FALSE,M1_DIRECTION_MISMATCH
2026-09-07 17:41:06.272,1788802866.272,1757,1,52,4410.26,4410.34,8.0,PASS_<=10c,+0.0,FLAT,+0.0,+13.0,1.3,+0.00,0.00,SLOW,4410.13,4410.86,4410.00,4410.28,0.00,0.00,0.0,BEARISH,86.0,4410.26,4410.26,4410.26,4410.26,6,ACTIVE_6s,1.0,0.0,0.0,0.0,0.0,0.0,0.0,PASS_<20%,0.00,0.0,NO,STANDBY_VEL_LOW,0,0.00,4590.00,85.34,FALSE,M1_DIRECTION_MISMATCH|OPENING_SHIELD_ACTIVE_6s
2026-09-07 17:41:12.494,1788802872.494,1758,2,53,4410.51,4410.59,8.0,PASS_<=10c,+25.0,UP,+25.0,+38.0,1.8,+22.66,12.59,SLOW,4410.13,4410.86,4410.00,4410.28,0.00,0.00,0.0,BEARISH,86.0,4410.26,4410.51,4410.26,4410.51,12,ACTIVE_12s,25.0,25.0,0.0,0.0,0.0,0.0,0.0,PASS_<20%,0.00,0.0,NO,STANDBY_VEL_LOW,0,0.00,4590.00,85.34,FALSE,M1_DIRECTION_MISMATCH|OPENING_SHIELD_ACTIVE_12s
2026-09-07 17:41:12.867,1788802872.868,1759,3,54,4410.51,4410.59,8.0,PASS_<=10c,+0.0,FLAT,+25.0,+38.0,2.7,+16.92,6.27,SLOW,4410.13,4410.86,4410.00,4410.28,0.00,0.00,0.0,BEARISH,86.0,4410.26,4410.51,4410.26,4410.51,12,ACTIVE_12s,25.0,25.0,0.0,0.0,0.0,0.0,0.0,PASS_<20%,0.00,0.0,NO,STANDBY_VEL_LOW,0,0.00,4590.00,85.34,FALSE,M1_DIRECTION_MISMATCH|OPENING_SHIELD_ACTIVE_12s
2026-09-07 17:41:13.370,1788802873.371,1760,4,55,4410.51,4410.59,8.0,PASS_<=10c,+0.0,FLAT,+25.0,+38.0,3.0,+12.62,4.21,SLOW,4410.13,4410.86,4410.00,4410.28,0.00,0.00,0.0,BEARISH,86.0,4410.26,4410.51,4410.26,4410.51,13,ACTIVE_13s,25.0,25.0,0.0,0.0,0.0,0.0,0.0,PASS_<20%,0.00,0.0,NO,STANDBY_VEL_LOW,0,0.00,4590.00,85.34,FALSE,M1_DIRECTION_MISMATCH|OPENING_SHIELD_ACTIVE_13s
2026-09-07 17:41:13.872,1788802873.872,1761,5,56,4410.51,4410.59,8.0,PASS_<=10c,+0.0,FLAT,+25.0,+38.0,3.2,+10.07,3.15,SLOW,4410.13,4410.86,4410.00,4410.28,0.00,0.00,0.0,BEARISH,86.0,4410.26,4410.51,4410.26,4410.51,13,ACTIVE_13s,25.0,25.0,0.0,0.0,0.0,0.0,0.0,PASS_<20%,0.00,0.0,NO,STANDBY_VEL_LOW,0,0.00,4590.00,85.34,FALSE,M1_DIRECTION_MISMATCH|OPENING_SHIELD_ACTIVE_13s
2026-09-07 17:41:14.373,1788802874.374,1762,6,57,4410.51,4410.59,8.0,PASS_<=10c,+0.0,FLAT,+25.0,+38.0,3.4,+8.38,2.46,SLOW,4410.13,4410.86,4410.00,4410.28,0.00,0.00,0.0,BEARISH,86.0,4410.26,4410.51,4410.26,4410.51,14,ACTIVE_14s,25.0,25.0,0.0,0.0,0.0,0.0,0.0,PASS_<20%,0.00,0.0,NO,STANDBY_VEL_LOW,0,0.00,4590.00,85.34,FALSE,M1_DIRECTION_MISMATCH|OPENING_SHIELD_ACTIVE_14s
2026-09-07 17:41:14.875,1788802874.876,1763,7,58,4410.51,4410.59,8.0,PASS_<=10c,+0.0,FLAT,+25.0,+38.0,3.4,+7.17,2.11,SLOW,4410.13,4410.86,4410.00,4410.28,0.00,0.00,0.0,BEARISH,86.0,4410.26,4410.51,4410.26,4410.51,14,ACTIVE_14s,25.0,25.0,0.0,0.0,0.0,0.0,0.0,PASS_<20%,0.00,0.0,NO,STANDBY_VEL_LOW,0,0.00,4590.00,85.34,FALSE,M1_DIRECTION_MISMATCH|OPENING_SHIELD_ACTIVE_14s
2026-09-07 17:41:15.377,1788802875.378,1764,8,59,4410.51,4410.59,8.0,PASS_<=10c,+0.0,FLAT,+25.0,+38.0,3.5,+6.27,1.79,SLOW,4410.13,4410.86,4410.00,4410.28,0.00,0.00,0.0,BEARISH,86.0,4410.26,4410.51,4410.26,4410.51,15,ACTIVE_15s,25.0,25.0,0.0,0.0,0.0,0.0,0.0,PASS_<20%,0.00,0.0,NO,STANDBY_VEL_LOW,0,0.00,4590.00,85.34,FALSE,M1_DIRECTION_MISMATCH|OPENING_SHIELD_ACTIVE_15s
2026-09-07 17:41:15.879,1788802875.880,1765,9,60,4410.51,4410.59,8.0,PASS_<=10c,+0.0,FLAT,+25.0,+38.0,3.6,+5.57,1.55,SLOW,4410.13,4410.86,4410.00,4410.28,0.00,0.00,0.0,BEARISH,86.0,4410.26,4410.51,4410.26,4410.51,15,ACTIVE_15s,25.0,25.0,0.0,0.0,0.0,0.0,0.0,PASS_<20%,0.00,0.0,NO,STANDBY_VEL_LOW,0,0.00,4590.00,85.34,FALSE,M1_DIRECTION_MISMATCH|OPENING_SHIELD_ACTIVE_15s
2026-09-07 17:41:16.380,1788802876.380,1766,10,61,4410.51,4410.59,8.0,PASS_<=10c,+0.0,FLAT,+25.0,+38.0,3.6,+5.01,1.39,SLOW,4410.13,4410.86,4410.00,4410.28,0.00,0.00,0.0,BEARISH,86.0,4410.26,4410.51,4410.26,4410.51,16,ACTIVE_16s,25.0,25.0,0.0,0.0,0.0,0.0,0.0,PASS_<20%,0.00,0.0,NO,STANDBY_VEL_LOW,0,0.00,4590.00,85.34,FALSE,M1_DIRECTION_MISMATCH|OPENING_SHIELD_ACTIVE_16s
2026-09-07 17:41:16.881,1788802876.882,1767,11,62,4410.51,4410.59,8.0,PASS_<=10c,+0.0,FLAT,+25.0,+38.0,4.3,+0.10,0.02,SLOW,4410.13,4410.86,4410.00,4410.28,0.00,0.00,0.0,BEARISH,86.0,4410.26,4410.51,4410.26,4410.51,16,ACTIVE_16s,25.0,25.0,0.0,0.0,0.0,0.0,0.0,PASS_<20%,0.00,0.0,NO,STANDBY_VEL_LOW,0,0.00,4590.00,85.34,FALSE,M1_DIRECTION_MISMATCH|OPENING_SHIELD_ACTIVE_16s
2026-09-07 17:41:17.384,1788802877.384,1768,12,63,4410.51,4410.59,8.0,PASS_<=10c,+0.0,FLAT,+25.0,+38.0,4.3,+0.10,0.02,SLOW,4410.13,4410.86,4410.00,4410.28,0.00,0.00,0.0,BEARISH,86.0,4410.26,4410.51,4410.26,4410.51,17,ACTIVE_17s,25.0,25.0,0.0,0.0,0.0,0.0,0.0,PASS_<20%,0.00,0.0,NO,STANDBY_VEL_LOW,0,0.00,4590.00,85.34,FALSE,M1_DIRECTION_MISMATCH|OPENING_SHIELD_ACTIVE_17s
2026-09-07 17:41:17.884,1788802877.884,1769,13,64,4410.51,4410.59,8.0,PASS_<=10c,+0.0,FLAT,+25.0,+38.0,4.2,+0.11,0.03,SLOW,4410.13,4410.86,4410.00,4410.28,0.00,0.00,0.0,BEARISH,86.0,4410.26,4410.51,4410.26,4410.51,17,ACTIVE_17s,25.0,25.0,0.0,0.0,0.0,0.0,0.0,PASS_<20%,0.00,0.0,NO,STANDBY_VEL_LOW,0,0.00,4590.00,85.34,FALSE,M1_DIRECTION_MISMATCH|OPENING_SHIELD_ACTIVE_17s
2026-09-07 17:41:18.386,1788802878.386,1770,14,65,4410.51,4410.59,8.0,PASS_<=10c,+0.0,FLAT,+25.0,+38.0,4.2,+0.11,0.03,SLOW,4410.13,4410.86,4410.00,4410.28,0.00,0.00,0.0,BEARISH,86.0,4410.26,4410.51,4410.26,4410.51,18,ACTIVE_18s,25.0,25.0,0.0,0.0,0.0,0.0,0.0,PASS_<20%,0.00,0.0,NO,STANDBY_VEL_LOW,0,0.00,4590.00,85.34,FALSE,M1_DIRECTION_MISMATCH|OPENING_SHIELD_ACTIVE_18s
2026-09-07 17:41:18.889,1788802878.889,1771,15,66,4410.51,4410.59,8.0,PASS_<=10c,+0.0,FLAT,+25.0,+38.0,4.2,+0.11,0.03,SLOW,4410.13,4410.86,4410.00,4410.28,0.00,0.00,0.0,BEARISH,86.0,4410.26,4410.51,4410.26,4410.51,18,ACTIVE_18s,25.0,25.0,0.0,0.0,0.0,0.0,0.0,PASS_<20%,0.00,0.0,NO,STANDBY_VEL_LOW,0,0.00,4590.00,85.34,FALSE,M1_DIRECTION_MISMATCH|OPENING_SHIELD_ACTIVE_18s
2026-09-07 17:41:19.390,1788802879.390,1772,16,67,4410.51,4410.59,8.0,PASS_<=10c,+0.0,FLAT,+25.0,+38.0,4.2,+0.11,0.03,SLOW,4410.13,4410.86,4410.00,4410.28,0.00,0.00,0.0,BEARISH,86.0,4410.26,4410.51,4410.26,4410.51,19,ACTIVE_19s,25.0,25.0,0.0,0.0,0.0,0.0,0.0,PASS_<20%,0.00,0.0,NO,STANDBY_VEL_LOW,0,0.00,4590.00,85.34,FALSE,M1_DIRECTION_MISMATCH|OPENING_SHIELD_ACTIVE_19s
2026-09-07 17:41:19.891,1788802879.892,1773,17,68,4410.51,4410.59,8.0,PASS_<=10c,+0.0,FLAT,+25.0,+38.0,4.2,+0.10,0.02,SLOW,4410.13,4410.86,4410.00,4410.28,0.00,0.00,0.0,BEARISH,86.0,4410.26,4410.51,4410.26,4410.51,19,ACTIVE_19s,25.0,25.0,0.0,0.0,0.0,0.0,0.0,PASS_<20%,0.00,0.0,NO,STANDBY_VEL_LOW,0,0.00,4590.00,85.34,FALSE,M1_DIRECTION_MISMATCH|OPENING_SHIELD_ACTIVE_19s
2026-09-07 17:41:20.392,1788802880.392,1774,18,69,4410.51,4410.59,8.0,PASS_<=10c,+0.0,FLAT,+25.0,+38.0,4.2,+0.10,0.02,SLOW,4410.13,4410.86,4410.00,4410.28,0.00,0.00,0.0,BEARISH,86.0,4410.26,4410.51,4410.26,4410.51,20,CLEARED_>=20s,25.0,25.0,0.0,0.0,0.0,0.0,0.0,PASS_<20%,0.00,0.0,NO,STANDBY_VEL_LOW,0,0.00,4590.00,85.34,FALSE,M1_DIRECTION_MISMATCH
2026-09-07 17:41:30.770,1788802890.771,1775,19,70,4410.51,4410.59,8.0,PASS_<=10c,+0.0,FLAT,+25.0,+38.0,1.3,+0.60,0.46,SLOW,4410.13,4410.86,4410.00,4410.28,0.00,0.00,0.0,BEARISH,86.0,4410.26,4410.51,4410.26,4410.51,30,CLEARED_>=20s,25.0,25.0,0.0,0.0,0.0,0.0,0.0,PASS_<20%,0.00,0.0,NO,STANDBY_VEL_LOW,0,0.00,4590.00,85.34,FALSE,M1_DIRECTION_MISMATCH
2026-09-07 17:41:36.992,1788802896.992,1776,20,71,4410.51,4410.59,8.0,PASS_<=10c,+0.0,FLAT,+25.0,+38.0,1.8,+0.61,0.34,SLOW,4410.13,4410.86,4410.00,4410.28,0.00,0.00,0.0,BEARISH,86.0,4410.26,4410.51,4410.26,4410.51,36,CLEARED_>=20s,25.0,25.0,0.0,0.0,0.0,0.0,0.0,PASS_<20%,0.00,0.0,NO,STANDBY_VEL_LOW,0,0.00,4590.00,85.34,FALSE,M1_DIRECTION_MISMATCH
2026-09-07 17:41:37.347,1788802897.347,1777,21,72,4410.68,4410.76,8.0,PASS_<=10c,+17.0,UP,+42.0,+55.0,2.7,+11.64,4.31,SLOW,4410.13,4410.86,4410.00,4410.28,0.00,0.00,0.0,BEARISH,86.0,4410.26,4410.68,4410.26,4410.68,37,CLEARED_>=20s,42.0,42.0,0.0,0.0,0.0,0.0,0.0,PASS_<20%,0.00,0.0,NO,STANDBY_VEL_LOW,0,0.00,4590.00,85.34,FALSE,M1_DIRECTION_MISMATCH
2026-09-07 17:41:37.850,1788802897.850,1778,22,73,4410.68,4410.76,8.0,PASS_<=10c,+0.0,FLAT,+42.0,+55.0,3.1,+8.66,2.79,SLOW,4410.13,4410.86,4410.00,4410.28,0.00,0.00,0.0,BEARISH,86.0,4410.26,4410.68,4410.26,4410.68,37,CLEARED_>=20s,42.0,42.0,0.0,0.0,0.0,0.0,0.0,PASS_<20%,0.00,0.0,NO,STANDBY_VEL_LOW,0,0.00,4590.00,85.34,FALSE,M1_DIRECTION_MISMATCH
2026-09-07 17:41:38.351,1788802898.351,1779,23,74,4410.68,4410.76,8.0,PASS_<=10c,+0.0,FLAT,+42.0,+55.0,3.2,+6.90,2.16,SLOW,4410.13,4410.86,4410.00,4410.28,0.00,0.00,0.0,BEARISH,86.0,4410.26,4410.68,4410.26,4410.68,38,CLEARED_>=20s,42.0,42.0,0.0,0.0,0.0,0.0,0.0,PASS_<20%,0.00,0.0,NO,STANDBY_VEL_LOW,0,0.00,4590.00,85.34,FALSE,M1_DIRECTION_MISMATCH
2026-09-07 17:41:38.853,1788802898.853,1780,24,75,4410.68,4410.76,8.0,PASS_<=10c,+0.0,FLAT,+42.0,+55.0,3.4,+5.73,1.69,SLOW,4410.13,4410.86,4410.00,4410.28,0.00,0.00,0.0,BEARISH,86.0,4410.26,4410.68,4410.26,4410.68,38,CLEARED_>=20s,42.0,42.0,0.0,0.0,0.0,0.0,0.0,PASS_<20%,0.00,0.0,NO,STANDBY_VEL_LOW,0,0.00,4590.00,85.34,FALSE,M1_DIRECTION_MISMATCH
2026-09-07 17:41:39.355,1788802899.355,1781,25,76,4410.68,4410.76,8.0,PASS_<=10c,+0.0,FLAT,+42.0,+55.0,3.5,+4.90,1.40,SLOW,4410.13,4410.86,4410.00,4410.28,0.00,0.00,0.0,BEARISH,86.0,4410.26,4410.68,4410.26,4410.68,39,CLEARED_>=20s,42.0,42.0,0.0,0.0,0.0,0.0,0.0,PASS_<20%,0.00,0.0,NO,STANDBY_VEL_LOW,0,0.00,4590.00,85.34,FALSE,M1_DIRECTION_MISMATCH
2026-09-07 17:41:39.856,1788802899.856,1782,26,77,4410.68,4410.76,8.0,PASS_<=10c,+0.0,FLAT,+42.0,+55.0,3.5,+4.28,1.22,SLOW,4410.13,4410.86,4410.00,4410.28,0.00,0.00,0.0,BEARISH,86.0,4410.26,4410.68,4410.26,4410.68,39,CLEARED_>=20s,42.0,42.0,0.0,0.0,0.0,0.0,0.0,PASS_<20%,0.00,0.0,NO,STANDBY_VEL_LOW,0,0.00,4590.00,85.34,FALSE,M1_DIRECTION_MISMATCH
2026-09-07 17:41:40.358,1788802900.358,1783,27,78,4410.68,4410.76,8.0,PASS_<=10c,+0.0,FLAT,+42.0,+55.0,3.6,+3.80,1.06,SLOW,4410.13,4410.86,4410.00,4410.28,0.00,0.00,0.0,BEARISH,86.0,4410.26,4410.68,4410.26,4410.68,40,CLEARED_>=20s,42.0,42.0,0.0,0.0,0.0,0.0,0.0,PASS_<20%,0.00,0.0,NO,STANDBY_VEL_LOW,0,0.00,4590.00,85.34,FALSE,M1_DIRECTION_MISMATCH
2026-09-07 17:41:40.860,1788802900.861,1784,28,79,4410.68,4410.76,8.0,PASS_<=10c,+0.0,FLAT,+42.0,+55.0,3.6,+3.42,0.95,SLOW,4410.13,4410.86,4410.00,4410.28,0.00,0.00,0.0,BEARISH,86.0,4410.26,4410.68,4410.26,4410.68,40,CLEARED_>=20s,42.0,42.0,0.0,0.0,0.0,0.0,0.0,PASS_<20%,0.00,0.0,NO,STANDBY_VEL_LOW,0,0.00,4590.00,85.34,FALSE,M1_DIRECTION_MISMATCH
2026-09-07 17:41:41.362,1788802901.363,1785,29,80,4410.68,4410.76,8.0,PASS_<=10c,+0.0,FLAT,+42.0,+55.0,4.3,+3.89,0.90,SLOW,4410.13,4410.86,4410.00,4410.28,0.00,0.00,0.0,BEARISH,86.0,4410.26,4410.68,4410.26,4410.68,41,CLEARED_>=20s,42.0,42.0,0.0,0.0,0.0,0.0,0.0,PASS_<20%,0.00,0.0,NO,STANDBY_VEL_LOW,0,0.00,4590.00,85.34,FALSE,M1_DIRECTION_MISMATCH
2026-09-07 17:41:41.864,1788802901.864,1786,30,81,4410.68,4410.76,8.0,PASS_<=10c,+0.0,FLAT,+42.0,+55.0,4.3,+3.49,0.81,SLOW,4410.13,4410.86,4410.00,4410.28,0.00,0.00,0.0,BEARISH,86.0,4410.26,4410.68,4410.26,4410.68,41,CLEARED_>=20s,42.0,42.0,0.0,0.0,0.0,0.0,0.0,PASS_<20%,0.00,0.0,NO,STANDBY_VEL_LOW,0,0.00,4590.00,85.34,FALSE,M1_DIRECTION_MISMATCH
2026-09-07 17:41:42.366,1788802902.367,1787,31,82,4410.68,4410.76,8.0,PASS_<=10c,+0.0,FLAT,+42.0,+55.0,4.2,+0.89,0.21,SLOW,4410.13,4410.86,4410.00,4410.28,0.00,0.00,0.0,BEARISH,86.0,4410.26,4410.68,4410.26,4410.68,42,CLEARED_>=20s,42.0,42.0,0.0,0.0,0.0,0.0,0.0,PASS_<20%,0.00,0.0,NO,STANDBY_VEL_LOW,0,0.00,4590.00,85.34,FALSE,M1_DIRECTION_MISMATCH
2026-09-07 17:41:42.872,1788802902.873,1788,32,83,4410.68,4410.76,8.0,PASS_<=10c,+0.0,FLAT,+42.0,+55.0,4.2,+0.96,0.23,SLOW,4410.13,4410.86,4410.00,4410.28,0.00,0.00,0.0,BEARISH,86.0,4410.26,4410.68,4410.26,4410.68,42,CLEARED_>=20s,42.0,42.0,0.0,0.0,0.0,0.0,0.0,PASS_<20%,0.00,0.0,NO,STANDBY_VEL_LOW,0,0.00,4590.00,85.34,FALSE,M1_DIRECTION_MISMATCH
2026-09-07 17:41:43.374,1788802903.375,1789,33,84,4410.68,4410.76,8.0,PASS_<=10c,+0.0,FLAT,+42.0,+55.0,4.2,+0.95,0.23,SLOW,4410.13,4410.86,4410.00,4410.28,0.00,0.00,0.0,BEARISH,86.0,4410.26,4410.68,4410.26,4410.68,43,CLEARED_>=20s,42.0,42.0,0.0,0.0,0.0,0.0,0.0,PASS_<20%,0.00,0.0,NO,STANDBY_VEL_LOW,0,0.00,4590.00,85.34,FALSE,M1_DIRECTION_MISMATCH
2026-09-07 17:41:43.875,1788802903.875,1790,34,85,4410.68,4410.76,8.0,PASS_<=10c,+0.0,FLAT,+42.0,+55.0,4.2,+0.94,0.22,SLOW,4410.13,4410.86,4410.00,4410.28,0.00,0.00,0.0,BEARISH,86.0,4410.26,4410.68,4410.26,4410.68,43,CLEARED_>=20s,42.0,42.0,0.0,0.0,0.0,0.0,0.0,PASS_<20%,0.00,0.0,NO,STANDBY_VEL_LOW,0,0.00,4590.00,85.34,FALSE,M1_DIRECTION_MISMATCH
2026-09-07 17:41:44.376,1788802904.376,1791,35,86,4410.68,4410.76,8.0,PASS_<=10c,+0.0,FLAT,+42.0,+55.0,4.2,+0.94,0.22,SLOW,4410.13,4410.86,4410.00,4410.28,0.00,0.00,0.0,BEARISH,86.0,4410.26,4410.68,4410.26,4410.68,44,CLEARED_>=20s,42.0,42.0,0.0,0.0,0.0,0.0,0.0,PASS_<20%,0.00,0.0,NO,STANDBY_VEL_LOW,0,0.00,4590.00,85.34,FALSE,M1_DIRECTION_MISMATCH
2026-09-07 17:41:44.877,1788802904.878,1792,36,87,4410.68,4410.76,8.0,PASS_<=10c,+0.0,FLAT,+42.0,+55.0,4.2,+0.93,0.22,SLOW,4410.13,4410.86,4410.00,4410.28,0.00,0.00,0.0,BEARISH,86.0,4410.26,4410.68,4410.26,4410.68,44,CLEARED_>=20s,42.0,42.0,0.0,0.0,0.0,0.0,0.0,PASS_<20%,0.00,0.0,NO,STANDBY_VEL_LOW,0,0.00,4590.00,85.34,FALSE,M1_DIRECTION_MISMATCH
2026-09-07 17:41:55.301,1788802915.302,1793,37,88,4410.68,4410.76,8.0,PASS_<=10c,+0.0,FLAT,+42.0,+55.0,1.3,+0.70,0.54,SLOW,4410.13,4410.86,4410.00,4410.28,0.00,0.00,0.0,BEARISH,86.0,4410.26,4410.68,4410.26,4410.68,55,CLEARED_>=20s,42.0,42.0,0.0,0.0,0.0,0.0,0.0,PASS_<20%,0.00,0.0,NO,STANDBY_VEL_LOW,0,0.00,4590.00,85.34,FALSE,M1_DIRECTION_MISMATCH
2026-09-07 17:42:02.435,1788802922.436,1794,1,89,4410.68,4410.76,8.0,PASS_<=10c,+0.0,FLAT,+0.0,+55.0,1.3,+0.75,0.58,SLOW,4410.13,4410.86,4410.00,4410.28,0.00,0.00,0.0,BEARISH,86.0,4410.68,4410.68,4410.68,4410.68,2,ACTIVE_2s,1.0,0.0,0.0,0.0,0.0,0.0,0.0,PASS_<20%,0.00,0.0,NO,STANDBY_VEL_LOW,0,0.00,4590.00,85.34,FALSE,M1_DIRECTION_MISMATCH|OPENING_SHIELD_ACTIVE_2s
2026-09-07 17:42:02.793,1788802922.793,1795,2,90,4410.69,4410.77,8.0,PASS_<=10c,+1.0,UP,+1.0,+56.0,1.7,+0.76,0.45,SLOW,4410.13,4410.86,4410.00,4410.28,0.00,0.00,0.0,BEARISH,86.0,4410.68,4410.69,4410.68,4410.69,2,ACTIVE_2s,1.0,1.0,0.0,0.0,0.0,0.0,0.0,PASS_<20%,0.00,0.0,NO,STANDBY_VEL_LOW,0,0.00,4590.00,85.34,FALSE,M1_DIRECTION_MISMATCH|OPENING_SHIELD_ACTIVE_2s
2026-09-07 17:42:03.295,1788802923.295,1796,3,91,4410.68,4410.76,8.0,PASS_<=10c,-1.0,DOWN,+0.0,+55.0,2.1,+0.74,0.35,SLOW,4410.13,4410.86,4410.00,4410.28,0.00,0.00,0.0,BEARISH,86.0,4410.68,4410.69,4410.68,4410.68,3,ACTIVE_3s,1.0,0.0,1.0,0.0,100.0,0.0,0.0,PASS_<20%,0.00,0.0,NO,STANDBY_VEL_LOW,0,0.00,4590.00,85.34,FALSE,M1_DIRECTION_MISMATCH|OPENING_SHIELD_ACTIVE_3s
2026-09-07 17:42:03.796,1788802923.796,1797,4,92,4410.68,4410.76,8.0,PASS_<=10c,+0.0,FLAT,+0.0,+55.0,2.4,+0.73,0.30,SLOW,4410.13,4410.86,4410.00,4410.28,0.00,0.00,0.0,BEARISH,86.0,4410.68,4410.69,4410.68,4410.68,3,ACTIVE_3s,1.0,0.0,1.0,0.0,100.0,0.0,0.0,PASS_<20%,0.00,0.0,NO,STANDBY_VEL_LOW,0,0.00,4590.00,85.34,FALSE,M1_DIRECTION_MISMATCH|OPENING_SHIELD_ACTIVE_3s
2026-09-07 17:42:04.298,1788802924.298,1798,5,93,4410.68,4410.76,8.0,PASS_<=10c,+0.0,FLAT,+0.0,+55.0,2.6,+0.72,0.28,SLOW,4410.13,4410.86,4410.00,4410.28,0.00,0.00,0.0,BEARISH,86.0,4410.68,4410.69,4410.68,4410.68,4,ACTIVE_4s,1.0,0.0,1.0,0.0,100.0,0.0,0.0,PASS_<20%,0.00,0.0,NO,STANDBY_VEL_LOW,0,0.00,4590.00,85.34,FALSE,M1_DIRECTION_MISMATCH|OPENING_SHIELD_ACTIVE_4s
2026-09-07 17:42:04.800,1788802924.801,1799,6,94,4410.67,4410.75,8.0,PASS_<=10c,-1.0,DOWN,-1.0,+54.0,2.8,+0.70,0.25,SLOW,4410.13,4410.86,4410.00,4410.28,0.00,0.00,0.0,BEARISH,86.0,4410.68,4410.69,4410.67,4410.67,4,ACTIVE_4s,2.0,1.0,1.0,0.0,50.0,0.0,0.0,PASS_<20%,4410.53,14.0,NO,STANDBY_VEL_LOW,0,0.00,4590.00,85.34,FALSE,OPENING_SHIELD_ACTIVE_4s|PRICE_ABOVE_15C_DISPLACEMENT
2026-09-07 17:42:05.306,1788802925.307,1800,7,95,4410.67,4410.75,8.0,PASS_<=10c,+0.0,FLAT,-1.0,+54.0,2.9,+0.69,0.24,SLOW,4410.13,4410.86,4410.00,4410.28,0.00,0.00,0.0,BEARISH,86.0,4410.68,4410.69,4410.67,4410.67,5,ACTIVE_5s,2.0,1.0,1.0,0.0,50.0,0.0,0.0,PASS_<20%,4410.53,14.0,NO,STANDBY_VEL_LOW,0,0.00,4590.00,85.34,FALSE,OPENING_SHIELD_ACTIVE_5s|PRICE_ABOVE_15C_DISPLACEMENT
2026-09-07 17:42:05.803,1788802925.804,1801,8,96,4410.67,4410.75,8.0,PASS_<=10c,+0.0,FLAT,-1.0,+54.0,4.5,+0.69,0.15,SLOW,4410.13,4410.86,4410.00,4410.28,0.00,0.00,0.0,BEARISH,86.0,4410.68,4410.69,4410.67,4410.67,5,ACTIVE_5s,2.0,1.0,1.0,0.0,50.0,0.0,0.0,PASS_<20%,4410.53,14.0,NO,STANDBY_VEL_LOW,0,0.00,4590.00,85.34,FALSE,OPENING_SHIELD_ACTIVE_5s|PRICE_ABOVE_15C_DISPLACEMENT
2026-09-07 17:42:06.304,1788802926.305,1802,9,97,4410.67,4410.75,8.0,PASS_<=10c,+0.0,FLAT,-1.0,+54.0,4.4,+0.75,0.17,SLOW,4410.13,4410.86,4410.00,4410.28,0.00,0.00,0.0,BEARISH,86.0,4410.68,4410.69,4410.67,4410.67,6,ACTIVE_6s,2.0,1.0,1.0,0.0,50.0,0.0,0.0,PASS_<20%,4410.53,14.0,NO,STANDBY_VEL_LOW,0,0.00,4590.00,85.34,FALSE,OPENING_SHIELD_ACTIVE_6s|PRICE_ABOVE_15C_DISPLACEMENT
2026-09-07 17:42:06.804,1788802926.805,1803,10,98,4410.67,4410.75,8.0,PASS_<=10c,+0.0,FLAT,-1.0,+54.0,4.3,+0.74,0.17,SLOW,4410.13,4410.86,4410.00,4410.28,0.00,0.00,0.0,BEARISH,86.0,4410.68,4410.69,4410.67,4410.67,6,ACTIVE_6s,2.0,1.0,1.0,0.0,50.0,0.0,0.0,PASS_<20%,4410.53,14.0,NO,STANDBY_VEL_LOW,0,0.00,4590.00,85.34,FALSE,OPENING_SHIELD_ACTIVE_6s|PRICE_ABOVE_15C_DISPLACEMENT
2026-09-07 17:42:07.307,1788802927.307,1804,11,99,4410.67,4410.75,8.0,PASS_<=10c,+0.0,FLAT,-1.0,+54.0,4.3,+0.73,0.17,SLOW,4410.13,4410.86,4410.00,4410.28,0.00,0.00,0.0,BEARISH,86.0,4410.68,4410.69,4410.67,4410.67,7,ACTIVE_7s,2.0,1.0,1.0,0.0,50.0,0.0,0.0,PASS_<20%,4410.53,14.0,NO,STANDBY_VEL_LOW,0,0.00,4590.00,85.34,FALSE,OPENING_SHIELD_ACTIVE_7s|PRICE_ABOVE_15C_DISPLACEMENT
2026-09-07 17:42:07.808,1788802927.808,1805,12,100,4410.67,4410.75,8.0,PASS_<=10c,+0.0,FLAT,-1.0,+54.0,4.2,+0.73,0.17,SLOW,4410.13,4410.86,4410.00,4410.28,0.00,0.00,0.0,BEARISH,86.0,4410.68,4410.69,4410.67,4410.67,7,ACTIVE_7s,2.0,1.0,1.0,0.0,50.0,0.0,0.0,PASS_<20%,4410.53,14.0,NO,STANDBY_VEL_LOW,0,0.00,4590.00,85.34,FALSE,OPENING_SHIELD_ACTIVE_7s|PRICE_ABOVE_15C_DISPLACEMENT
2026-09-07 17:42:08.311,1788802928.312,1806,13,101,4410.67,4410.75,8.0,PASS_<=10c,+0.0,FLAT,-1.0,+54.0,4.2,+0.72,0.17,SLOW,4410.13,4410.86,4410.00,4410.28,0.00,0.00,0.0,BEARISH,86.0,4410.68,4410.69,4410.67,4410.67,8,ACTIVE_8s,2.0,1.0,1.0,0.0,50.0,0.0,0.0,PASS_<20%,4410.53,14.0,NO,STANDBY_VEL_LOW,0,0.00,4590.00,85.34,FALSE,OPENING_SHIELD_ACTIVE_8s|PRICE_ABOVE_15C_DISPLACEMENT
2026-09-07 17:42:08.813,1788802928.813,1807,14,102,4410.67,4410.75,8.0,PASS_<=10c,+0.0,FLAT,-1.0,+54.0,4.2,+0.71,0.17,SLOW,4410.13,4410.86,4410.00,4410.28,0.00,0.00,0.0,BEARISH,86.0,4410.68,4410.69,4410.67,4410.67,8,ACTIVE_8s,2.0,1.0,1.0,0.0,50.0,0.0,0.0,PASS_<20%,4410.53,14.0,NO,STANDBY_VEL_LOW,0,0.00,4590.00,85.34,FALSE,OPENING_SHIELD_ACTIVE_8s|PRICE_ABOVE_15C_DISPLACEMENT
2026-09-07 17:42:09.313,1788802929.313,1808,15,103,4410.67,4410.75,8.0,PASS_<=10c,+0.0,FLAT,-1.0,+54.0,4.2,+0.71,0.17,SLOW,4410.13,4410.86,4410.00,4410.28,0.00,0.00,0.0,BEARISH,86.0,4410.68,4410.69,4410.67,4410.67,9,ACTIVE_9s,2.0,1.0,1.0,0.0,50.0,0.0,0.0,PASS_<20%,4410.53,14.0,NO,STANDBY_VEL_LOW,0,0.00,4590.00,85.34,FALSE,OPENING_SHIELD_ACTIVE_9s|PRICE_ABOVE_15C_DISPLACEMENT
2026-09-07 17:42:09.815,1788802929.815,1809,16,104,4410.67,4410.75,8.0,PASS_<=10c,+0.0,FLAT,-1.0,+54.0,4.2,+0.70,0.17,SLOW,4410.13,4410.86,4410.00,4410.28,0.00,0.00,0.0,BEARISH,86.0,4410.68,4410.69,4410.67,4410.67,9,ACTIVE_9s,2.0,1.0,1.0,0.0,50.0,0.0,0.0,PASS_<20%,4410.53,14.0,NO,STANDBY_VEL_LOW,0,0.00,4590.00,85.34,FALSE,OPENING_SHIELD_ACTIVE_9s|PRICE_ABOVE_15C_DISPLACEMENT
2026-09-07 17:42:10.317,1788802930.317,1810,17,105,4410.67,4410.75,8.0,PASS_<=10c,+0.0,FLAT,-1.0,+54.0,4.2,+0.70,0.17,SLOW,4410.13,4410.86,4410.00,4410.28,0.00,0.00,0.0,BEARISH,86.0,4410.68,4410.69,4410.67,4410.67,10,ACTIVE_10s,2.0,1.0,1.0,0.0,50.0,0.0,0.0,PASS_<20%,4410.53,14.0,NO,STANDBY_VEL_LOW,0,0.00,4590.00,85.34,FALSE,OPENING_SHIELD_ACTIVE_10s|PRICE_ABOVE_15C_DISPLACEMENT
2026-09-07 17:42:20.746,1788802940.746,1811,18,106,4410.67,4410.75,8.0,PASS_<=10c,+0.0,FLAT,-1.0,+54.0,1.3,+0.29,0.22,SLOW,4410.13,4410.86,4410.00,4410.28,0.00,0.00,0.0,BEARISH,86.0,4410.68,4410.69,4410.67,4410.67,20,CLEARED_>=20s,2.0,1.0,1.0,0.0,50.0,0.0,0.0,PASS_<20%,4410.53,14.0,NO,STANDBY_VEL_LOW,0,0.00,4590.00,85.34,FALSE,PRICE_ABOVE_15C_DISPLACEMENT
2026-09-07 17:42:27.975,1788802947.976,1812,19,107,4410.67,4410.75,8.0,PASS_<=10c,+0.0,FLAT,-1.0,+54.0,1.3,+0.28,0.22,SLOW,4410.13,4410.86,4410.00,4410.28,0.00,0.00,0.0,BEARISH,86.0,4410.68,4410.69,4410.67,4410.67,27,CLEARED_>=20s,2.0,1.0,1.0,0.0,50.0,0.0,0.0,PASS_<20%,4410.53,14.0,NO,STANDBY_VEL_LOW,0,0.00,4590.00,85.34,FALSE,PRICE_ABOVE_15C_DISPLACEMENT
2026-09-07 17:42:28.330,1788802948.330,1813,20,108,4410.73,4410.81,8.0,PASS_<=10c,+6.0,UP,+5.0,+60.0,1.6,+2.43,1.52,SLOW,4410.13,4410.86,4410.00,4410.28,0.00,0.00,0.0,BEARISH,86.0,4410.68,4410.73,4410.67,4410.73,28,CLEARED_>=20s,6.0,5.0,0.0,1.0,0.0,16.7,16.7,PASS_<20%,0.00,0.0,NO,STANDBY_VEL_LOW,0,0.00,4590.00,85.34,FALSE,M1_DIRECTION_MISMATCH
2026-09-07 17:42:28.832,1788802948.832,1814,21,109,4410.72,4410.80,8.0,PASS_<=10c,-1.0,DOWN,+4.0,+59.0,2.0,+1.69,0.84,SLOW,4410.13,4410.86,4410.00,4410.28,0.00,0.00,0.0,BEARISH,86.0,4410.68,4410.73,4410.67,4410.72,28,CLEARED_>=20s,6.0,4.0,1.0,1.0,16.7,16.7,16.7,PASS_<20%,0.00,0.0,NO,STANDBY_VEL_LOW,0,0.00,4590.00,85.34,FALSE,M1_DIRECTION_MISMATCH
2026-09-07 17:42:29.334,1788802949.334,1815,22,110,4410.72,4410.80,8.0,PASS_<=10c,+0.0,FLAT,+4.0,+59.0,2.3,+1.44,0.63,SLOW,4410.13,4410.86,4410.00,4410.28,0.00,0.00,0.0,BEARISH,86.0,4410.68,4410.73,4410.67,4410.72,29,CLEARED_>=20s,6.0,4.0,1.0,1.0,16.7,16.7,16.7,PASS_<20%,0.00,0.0,NO,STANDBY_VEL_LOW,0,0.00,4590.00,85.34,FALSE,M1_DIRECTION_MISMATCH
2026-09-07 17:42:29.835,1788802949.835,1816,23,111,4410.72,4410.80,8.0,PASS_<=10c,+0.0,FLAT,+4.0,+59.0,2.5,+1.26,0.50,SLOW,4410.13,4410.86,4410.00,4410.28,0.00,0.00,0.0,BEARISH,86.0,4410.68,4410.73,4410.67,4410.72,29,CLEARED_>=20s,6.0,4.0,1.0,1.0,16.7,16.7,16.7,PASS_<20%,0.00,0.0,NO,STANDBY_VEL_LOW,0,0.00,4590.00,85.34,FALSE,M1_DIRECTION_MISMATCH
2026-09-07 17:42:30.337,1788802950.337,1817,24,112,4410.72,4410.80,8.0,PASS_<=10c,+0.0,FLAT,+4.0,+59.0,2.7,+1.12,0.41,SLOW,4410.13,4410.86,4410.00,4410.28,0.00,0.00,0.0,BEARISH,86.0,4410.68,4410.73,4410.67,4410.72,30,CLEARED_>=20s,6.0,4.0,1.0,1.0,16.7,16.7,16.7,PASS_<20%,0.00,0.0,NO,STANDBY_VEL_LOW,0,0.00,4590.00,85.34,FALSE,M1_DIRECTION_MISMATCH
2026-09-07 17:42:30.839,1788802950.839,1818,25,113,4410.73,4410.81,8.0,PASS_<=10c,+1.0,UP,+5.0,+60.0,2.8,+1.21,0.43,SLOW,4410.13,4410.86,4410.00,4410.28,0.00,0.00,0.0,BEARISH,86.0,4410.68,4410.73,4410.67,4410.73,30,CLEARED_>=20s,6.0,5.0,0.0,1.0,0.0,16.7,16.7,PASS_<20%,0.00,0.0,NO,STANDBY_VEL_LOW,0,0.00,4590.00,85.34,FALSE,M1_DIRECTION_MISMATCH
2026-09-07 17:42:31.339,1788802951.340,1819,26,114,4410.73,4410.81,8.0,PASS_<=10c,+0.0,FLAT,+5.0,+60.0,4.5,+1.78,0.40,SLOW,4410.13,4410.86,4410.00,4410.28,0.00,0.00,0.0,BEARISH,86.0,4410.68,4410.74,4410.67,4410.73,31,CLEARED_>=20s,7.0,5.0,1.0,1.0,14.3,14.3,14.3,PASS_<20%,0.00,0.0,NO,STANDBY_VEL_LOW,0,0.00,4590.00,85.34,FALSE,M1_DIRECTION_MISMATCH
2026-09-07 17:42:31.841,1788802951.841,1820,27,115,4410.78,4410.86,8.0,PASS_<=10c,+5.0,UP,+10.0,+65.0,4.4,+2.84,0.65,SLOW,4410.13,4410.86,4410.00,4410.28,0.00,0.00,0.0,BEARISH,86.0,4410.68,4410.78,4410.67,4410.78,31,CLEARED_>=20s,11.0,10.0,0.0,1.0,0.0,9.1,9.1,PASS_<20%,0.00,0.0,NO,STANDBY_VEL_LOW,0,0.00,4590.00,85.34,FALSE,M1_DIRECTION_MISMATCH
2026-09-07 17:42:32.342,1788802952.342,1821,28,116,4410.78,4410.86,8.0,PASS_<=10c,+0.0,FLAT,+10.0,+65.0,4.3,+2.52,0.59,SLOW,4410.13,4410.86,4410.00,4410.28,0.00,0.00,0.0,BEARISH,86.0,4410.68,4410.78,4410.67,4410.78,32,CLEARED_>=20s,11.0,10.0,0.0,1.0,0.0,9.1,9.1,PASS_<20%,0.00,0.0,NO,STANDBY_VEL_LOW,0,0.00,4590.00,85.34,FALSE,M1_DIRECTION_MISMATCH
2026-09-07 17:42:32.843,1788802952.844,1822,29,117,4410.78,4410.86,8.0,PASS_<=10c,+0.0,FLAT,+10.0,+65.0,4.3,+2.26,0.53,SLOW,4410.13,4410.86,4410.00,4410.28,0.00,0.00,0.0,BEARISH,86.0,4410.68,4410.78,4410.67,4410.78,32,CLEARED_>=20s,11.0,10.0,0.0,1.0,0.0,9.1,9.1,PASS_<20%,0.00,0.0,NO,STANDBY_VEL_LOW,0,0.00,4590.00,85.34,FALSE,M1_DIRECTION_MISMATCH
2026-09-07 17:42:33.345,1788802953.345,1823,30,118,4410.78,4410.86,8.0,PASS_<=10c,+0.0,FLAT,+10.0,+65.0,4.2,+1.26,0.30,SLOW,4410.13,4410.86,4410.00,4410.28,0.00,0.00,0.0,BEARISH,86.0,4410.68,4410.78,4410.67,4410.78,33,CLEARED_>=20s,11.0,10.0,0.0,1.0,0.0,9.1,9.1,PASS_<20%,0.00,0.0,NO,STANDBY_VEL_LOW,0,0.00,4590.00,85.34,FALSE,M1_DIRECTION_MISMATCH
2026-09-07 17:42:33.847,1788802953.847,1824,31,119,4410.78,4410.86,8.0,PASS_<=10c,+0.0,FLAT,+10.0,+65.0,4.2,+1.26,0.30,SLOW,4410.13,4410.86,4410.00,4410.28,0.00,0.00,0.0,BEARISH,86.0,4410.68,4410.78,4410.67,4410.78,33,CLEARED_>=20s,11.0,10.0,0.0,1.0,0.0,9.1,9.1,PASS_<20%,0.00,0.0,NO,STANDBY_VEL_LOW,0,0.00,4590.00,85.34,FALSE,M1_DIRECTION_MISMATCH
2026-09-07 17:42:34.348,1788802954.349,1825,32,120,4410.78,4410.86,8.0,PASS_<=10c,+0.0,FLAT,+10.0,+65.0,4.2,+1.26,0.30,SLOW,4410.13,4410.86,4410.00,4410.28,0.00,0.00,0.0,BEARISH,86.0,4410.68,4410.78,4410.67,4410.78,34,CLEARED_>=20s,11.0,10.0,0.0,1.0,0.0,9.1,9.1,PASS_<20%,0.00,0.0,NO,STANDBY_VEL_LOW,0,0.00,4590.00,85.34,FALSE,M1_DIRECTION_MISMATCH
2026-09-07 17:42:34.850,1788802954.850,1826,33,121,4410.78,4410.86,8.0,PASS_<=10c,+0.0,FLAT,+10.0,+65.0,4.2,+1.26,0.30,SLOW,4410.13,4410.86,4410.00,4410.28,0.00,0.00,0.0,BEARISH,86.0,4410.68,4410.78,4410.67,4410.78,34,CLEARED_>=20s,11.0,10.0,0.0,1.0,0.0,9.1,9.1,PASS_<20%,0.00,0.0,NO,STANDBY_VEL_LOW,0,0.00,4590.00,85.34,FALSE,M1_DIRECTION_MISMATCH
2026-09-07 17:42:35.351,1788802955.352,1827,34,122,4410.78,4410.86,8.0,PASS_<=10c,+0.0,FLAT,+10.0,+65.0,4.2,+1.05,0.25,SLOW,4410.13,4410.86,4410.00,4410.28,0.00,0.00,0.0,BEARISH,86.0,4410.68,4410.78,4410.67,4410.78,35,CLEARED_>=20s,11.0,10.0,0.0,1.0,0.0,9.1,9.1,PASS_<20%,0.00,0.0,NO,STANDBY_VEL_LOW,0,0.00,4590.00,85.34,FALSE,M1_DIRECTION_MISMATCH
2026-09-07 17:42:35.853,1788802955.853,1828,35,123,4410.78,4410.86,8.0,PASS_<=10c,+0.0,FLAT,+10.0,+65.0,4.2,+0.84,0.20,SLOW,4410.13,4410.86,4410.00,4410.28,0.00,0.00,0.0,BEARISH,86.0,4410.68,4410.78,4410.67,4410.78,35,CLEARED_>=20s,11.0,10.0,0.0,1.0,0.0,9.1,9.1,PASS_<20%,0.00,0.0,NO,STANDBY_VEL_LOW,0,0.00,4590.00,85.34,FALSE,M1_DIRECTION_MISMATCH
2026-09-07 17:42:41.368,1788802961.369,1829,36,124,4410.78,4410.86,8.0,PASS_<=10c,+0.0,FLAT,+10.0,+65.0,1.5,+0.17,0.11,SLOW,4410.13,4410.86,4410.00,4410.28,0.00,0.00,0.0,BEARISH,86.0,4410.68,4410.78,4410.67,4410.78,41,CLEARED_>=20s,11.0,10.0,0.0,1.0,0.0,9.1,9.1,PASS_<20%,0.00,0.0,NO,STANDBY_VEL_LOW,0,0.00,4590.00,85.34,FALSE,M1_DIRECTION_MISMATCH
2026-09-07 17:42:51.595,1788802971.596,1830,37,125,4410.78,4410.86,8.0,PASS_<=10c,+0.0,FLAT,+10.0,+65.0,1.3,+0.18,0.14,SLOW,4410.13,4410.86,4410.00,4410.28,0.00,0.00,0.0,BEARISH,86.0,4410.68,4410.78,4410.67,4410.78,51,CLEARED_>=20s,11.0,10.0,0.0,1.0,0.0,9.1,9.1,PASS_<20%,0.00,0.0,NO,STANDBY_VEL_LOW,0,0.00,4590.00,85.34,FALSE,M1_DIRECTION_MISMATCH
2026-09-07 17:42:53.006,1788802973.006,1831,38,126,4410.82,4410.90,8.0,PASS_<=10c,+4.0,UP,+14.0,+69.0,2.1,+2.84,1.35,SLOW,4410.13,4410.86,4410.00,4410.28,0.00,0.00,0.0,BEARISH,86.0,4410.68,4410.82,4410.67,4410.82,53,CLEARED_>=20s,15.0,14.0,0.0,1.0,0.0,6.7,6.7,PASS_<20%,0.00,0.0,NO,STANDBY_VEL_LOW,0,0.00,4590.00,85.34,FALSE,M1_DIRECTION_MISMATCH
2026-09-07 17:42:53.507,1788802973.507,1832,39,127,4410.82,4410.90,8.0,PASS_<=10c,+0.0,FLAT,+14.0,+69.0,2.6,+2.09,0.80,SLOW,4410.13,4410.86,4410.00,4410.28,0.00,0.00,0.0,BEARISH,86.0,4410.68,4410.82,4410.67,4410.82,53,CLEARED_>=20s,15.0,14.0,0.0,1.0,0.0,6.7,6.7,PASS_<20%,0.00,0.0,NO,STANDBY_VEL_LOW,0,0.00,4590.00,85.34,FALSE,M1_DIRECTION_MISMATCH
2026-09-07 17:42:54.012,1788802974.012,1833,40,128,4410.82,4410.90,8.0,PASS_<=10c,+0.0,FLAT,+14.0,+69.0,2.9,+1.66,0.57,SLOW,4410.13,4410.86,4410.00,4410.28,0.00,0.00,0.0,BEARISH,86.0,4410.68,4410.82,4410.67,4410.82,54,CLEARED_>=20s,15.0,14.0,0.0,1.0,0.0,6.7,6.7,PASS_<20%,0.00,0.0,NO,STANDBY_VEL_LOW,0,0.00,4590.00,85.34,FALSE,M1_DIRECTION_MISMATCH
2026-09-07 17:42:54.512,1788802974.513,1834,41,129,4410.82,4410.90,8.0,PASS_<=10c,+0.0,FLAT,+14.0,+69.0,3.1,+1.37,0.44,SLOW,4410.13,4410.86,4410.00,4410.28,0.00,0.00,0.0,BEARISH,86.0,4410.68,4410.82,4410.67,4410.82,54,CLEARED_>=20s,15.0,14.0,0.0,1.0,0.0,6.7,6.7,PASS_<20%,0.00,0.0,NO,STANDBY_VEL_LOW,0,0.00,4590.00,85.34,FALSE,M1_DIRECTION_MISMATCH
2026-09-07 17:42:55.014,1788802975.014,1835,42,130,4410.82,4410.90,8.0,PASS_<=10c,+0.0,FLAT,+14.0,+69.0,3.2,+1.17,0.37,SLOW,4410.13,4410.86,4410.00,4410.28,0.00,0.00,0.0,BEARISH,86.0,4410.68,4410.82,4410.67,4410.82,55,CLEARED_>=20s,15.0,14.0,0.0,1.0,0.0,6.7,6.7,PASS_<20%,0.00,0.0,NO,STANDBY_VEL_LOW,0,0.00,4590.00,85.34,FALSE,M1_DIRECTION_MISMATCH
2026-09-07 17:42:55.515,1788802975.516,1836,43,131,4410.82,4410.90,8.0,PASS_<=10c,+0.0,FLAT,+14.0,+69.0,3.3,+1.02,0.31,SLOW,4410.13,4410.86,4410.00,4410.28,0.00,0.00,0.0,BEARISH,86.0,4410.68,4410.82,4410.67,4410.82,55,CLEARED_>=20s,15.0,14.0,0.0,1.0,0.0,6.7,6.7,PASS_<20%,0.00,0.0,NO,STANDBY_VEL_LOW,0,0.00,4590.00,85.34,FALSE,M1_DIRECTION_MISMATCH
2026-09-07 17:42:56.017,1788802976.018,1837,44,132,4410.82,4410.90,8.0,PASS_<=10c,+0.0,FLAT,+14.0,+69.0,3.4,+0.90,0.26,SLOW,4410.13,4410.86,4410.00,4410.28,0.00,0.00,0.0,BEARISH,86.0,4410.68,4410.82,4410.67,4410.82,56,CLEARED_>=20s,15.0,14.0,0.0,1.0,0.0,6.7,6.7,PASS_<20%,0.00,0.0,NO,STANDBY_VEL_LOW,0,0.00,4590.00,85.34,FALSE,M1_DIRECTION_MISMATCH
2026-09-07 17:42:56.519,1788802976.519,1838,45,133,4410.82,4410.90,8.0,PASS_<=10c,+0.0,FLAT,+14.0,+69.0,3.5,+0.81,0.23,SLOW,4410.13,4410.86,4410.00,4410.28,0.00,0.00,0.0,BEARISH,86.0,4410.68,4410.82,4410.67,4410.82,56,CLEARED_>=20s,15.0,14.0,0.0,1.0,0.0,6.7,6.7,PASS_<20%,0.00,0.0,NO,STANDBY_VEL_LOW,0,0.00,4590.00,85.34,FALSE,M1_DIRECTION_MISMATCH
2026-09-07 17:42:57.028,1788802977.028,1839,46,134,4410.82,4410.90,8.0,PASS_<=10c,+0.0,FLAT,+14.0,+69.0,4.4,+0.25,0.06,SLOW,4410.13,4410.86,4410.00,4410.28,0.00,0.00,0.0,BEARISH,86.0,4410.68,4410.82,4410.67,4410.82,57,CLEARED_>=20s,15.0,14.0,0.0,1.0,0.0,6.7,6.7,PASS_<20%,0.00,0.0,NO,STANDBY_VEL_LOW,0,0.00,4590.00,85.34,FALSE,M1_DIRECTION_MISMATCH
2026-09-07 17:42:57.525,1788802977.525,1840,47,135,4410.82,4410.90,8.0,PASS_<=10c,+0.0,FLAT,+14.0,+69.0,4.3,+0.25,0.06,SLOW,4410.13,4410.86,4410.00,4410.28,0.00,0.00,0.0,BEARISH,86.0,4410.68,4410.82,4410.67,4410.82,57,CLEARED_>=20s,15.0,14.0,0.0,1.0,0.0,6.7,6.7,PASS_<20%,0.00,0.0,NO,STANDBY_VEL_LOW,0,0.00,4590.00,85.34,FALSE,M1_DIRECTION_MISMATCH
2026-09-07 17:42:58.027,1788802978.027,1841,48,136,4410.82,4410.90,8.0,PASS_<=10c,+0.0,FLAT,+14.0,+69.0,4.2,+0.24,0.06,SLOW,4410.13,4410.86,4410.00,4410.28,0.00,0.00,0.0,BEARISH,86.0,4410.68,4410.82,4410.67,4410.82,58,CLEARED_>=20s,15.0,14.0,0.0,1.0,0.0,6.7,6.7,PASS_<20%,0.00,0.0,NO,STANDBY_VEL_LOW,0,0.00,4590.00,85.34,FALSE,M1_DIRECTION_MISMATCH
2026-09-07 17:42:58.529,1788802978.530,1842,49,137,4410.82,4410.90,8.0,PASS_<=10c,+0.0,FLAT,+14.0,+69.0,4.2,+0.24,0.06,SLOW,4410.13,4410.86,4410.00,4410.28,0.00,0.00,0.0,BEARISH,86.0,4410.68,4410.82,4410.67,4410.82,58,CLEARED_>=20s,15.0,14.0,0.0,1.0,0.0,6.7,6.7,PASS_<20%,0.00,0.0,NO,STANDBY_VEL_LOW,0,0.00,4590.00,85.34,FALSE,M1_DIRECTION_MISMATCH
2026-09-07 17:42:59.033,1788802979.033,1843,50,138,4410.82,4410.90,8.0,PASS_<=10c,+0.0,FLAT,+14.0,+69.0,4.2,+0.24,0.06,SLOW,4410.13,4410.86,4410.00,4410.28,0.00,0.00,0.0,BEARISH,86.0,4410.68,4410.82,4410.67,4410.82,59,CLEARED_>=20s,15.0,14.0,0.0,1.0,0.0,6.7,6.7,PASS_<20%,0.00,0.0,NO,STANDBY_VEL_LOW,0,0.00,4590.00,85.34,FALSE,M1_DIRECTION_MISMATCH
2026-09-07 17:42:59.533,1788802979.534,1844,51,139,4410.82,4410.90,8.0,PASS_<=10c,+0.0,FLAT,+14.0,+69.0,4.2,+0.24,0.06,SLOW,4410.13,4410.86,4410.00,4410.28,0.00,0.00,0.0,BEARISH,86.0,4410.68,4410.82,4410.67,4410.82,59,CLEARED_>=20s,15.0,14.0,0.0,1.0,0.0,6.7,6.7,PASS_<20%,0.00,0.0,NO,STANDBY_VEL_LOW,0,0.00,4590.00,85.34,FALSE,M1_DIRECTION_MISMATCH
2026-09-07 17:43:00.035,1788802980.035,1845,1,140,4410.82,4410.90,8.0,PASS_<=10c,+0.0,FLAT,+0.0,+69.0,4.2,+0.23,0.05,SLOW,4410.13,4410.86,4410.00,4410.28,0.00,0.00,0.0,BEARISH,86.0,4410.82,4410.82,4410.82,4410.82,0,ACTIVE_0s,1.0,0.0,0.0,0.0,0.0,0.0,0.0,PASS_<20%,0.00,0.0,NO,STANDBY_VEL_LOW,0,0.00,4590.00,85.34,FALSE,M1_DIRECTION_MISMATCH|OPENING_SHIELD_ACTIVE_0s
2026-09-07 17:43:00.537,1788802980.537,1846,2,141,4410.82,4410.90,8.0,PASS_<=10c,+0.0,FLAT,+0.0,+69.0,4.2,+0.24,0.06,SLOW,4410.13,4410.86,4410.00,4410.28,0.00,0.00,0.0,BEARISH,86.0,4410.82,4410.82,4410.82,4410.82,0,ACTIVE_0s,1.0,0.0,0.0,0.0,0.0,0.0,0.0,PASS_<20%,0.00,0.0,NO,STANDBY_VEL_LOW,0,0.00,4590.00,85.34,FALSE,M1_DIRECTION_MISMATCH|OPENING_SHIELD_ACTIVE_0s
2026-09-07 17:43:06.049,1788802986.049,1847,3,142,4410.82,4410.90,8.0,PASS_<=10c,+0.0,FLAT,+0.0,+69.0,1.5,+0.25,0.17,SLOW,4410.13,4410.86,4410.00,4410.28,0.00,0.00,0.0,BEARISH,86.0,4410.82,4410.82,4410.82,4410.82,6,ACTIVE_6s,1.0,0.0,0.0,0.0,0.0,0.0,0.0,PASS_<20%,0.00,0.0,NO,STANDBY_VEL_LOW,0,0.00,4590.00,85.34,FALSE,M1_DIRECTION_MISMATCH|OPENING_SHIELD_ACTIVE_6s
2026-09-07 17:43:16.279,1788802996.280,1848,4,143,4410.82,4410.90,8.0,PASS_<=10c,+0.0,FLAT,+0.0,+69.0,1.4,+0.27,0.19,SLOW,4410.13,4410.86,4410.00,4410.28,0.00,0.00,0.0,BEARISH,86.0,4410.82,4410.82,4410.82,4410.82,16,ACTIVE_16s,1.0,0.0,0.0,0.0,0.0,0.0,0.0,PASS_<20%,0.00,0.0,NO,STANDBY_VEL_LOW,0,0.00,4590.00,85.34,FALSE,M1_DIRECTION_MISMATCH|OPENING_SHIELD_ACTIVE_16s
2026-09-07 17:43:20.896,1788803000.897,1849,5,144,4410.82,4410.90,8.0,PASS_<=10c,+0.0,FLAT,+0.0,+69.0,1.4,+0.27,0.19,SLOW,4410.13,4410.86,4410.00,4410.28,0.00,0.00,0.0,BEARISH,86.0,4410.82,4410.82,4410.82,4410.82,20,CLEARED_>=20s,1.0,0.0,0.0,0.0,0.0,0.0,0.0,PASS_<20%,0.00,0.0,NO,STANDBY_VEL_LOW,0,0.00,4590.00,85.34,FALSE,M1_DIRECTION_MISMATCH
2026-09-07 17:43:21.397,1788803001.397,1850,6,145,4410.82,4410.90,8.0,PASS_<=10c,+0.0,FLAT,+0.0,+69.0,4.0,+0.27,0.07,SLOW,4410.13,4410.86,4410.00,4410.28,0.00,0.00,0.0,BEARISH,86.0,4410.82,4410.82,4410.82,4410.82,21,CLEARED_>=20s,1.0,0.0,0.0,0.0,0.0,0.0,0.0,PASS_<20%,0.00,0.0,NO,STANDBY_VEL_LOW,0,0.00,4590.00,85.34,FALSE,M1_DIRECTION_MISMATCH
2026-09-07 17:43:21.900,1788803001.900,1851,7,146,4410.82,4410.90,8.0,PASS_<=10c,+0.0,FLAT,+0.0,+69.0,5.4,+0.27,0.05,SLOW,4410.13,4410.86,4410.00,4410.28,0.00,0.00,0.0,BEARISH,86.0,4410.82,4410.82,4410.82,4410.82,21,CLEARED_>=20s,1.0,0.0,0.0,0.0,0.0,0.0,0.0,PASS_<20%,0.00,0.0,NO,STANDBY_VEL_LOW,0,0.00,4590.00,85.34,FALSE,M1_DIRECTION_MISMATCH
2026-09-07 17:43:22.402,1788803002.403,1852,8,147,4410.82,4410.90,8.0,PASS_<=10c,+0.0,FLAT,+0.0,+69.0,5.0,+0.27,0.05,SLOW,4410.13,4410.86,4410.00,4410.28,0.00,0.00,0.0,BEARISH,86.0,4410.82,4410.82,4410.82,4410.82,22,CLEARED_>=20s,1.0,0.0,0.0,0.0,0.0,0.0,0.0,PASS_<20%,0.00,0.0,NO,STANDBY_VEL_LOW,0,0.00,4590.00,85.34,FALSE,M1_DIRECTION_MISMATCH
2026-09-07 17:43:22.906,1788803002.907,1853,9,148,4410.78,4410.86,8.0,PASS_<=10c,-4.0,DOWN,-4.0,+65.0,4.7,+1.90,0.40,SLOW,4410.13,4410.86,4410.00,4410.28,0.00,0.00,0.0,BEARISH,86.0,4410.82,4410.82,4410.78,4410.78,22,CLEARED_>=20s,4.0,4.0,0.0,0.0,0.0,0.0,0.0,PASS_<20%,4410.67,11.0,NO,STANDBY_VEL_LOW,0,0.00,4590.00,85.34,FALSE,PRICE_ABOVE_15C_DISPLACEMENT
2026-09-07 17:43:23.408,1788803003.409,1854,10,149,4410.78,4410.86,8.0,PASS_<=10c,+0.0,FLAT,-4.0,+65.0,4.6,+1.53,0.33,SLOW,4410.13,4410.86,4410.00,4410.28,0.00,0.00,0.0,BEARISH,86.0,4410.82,4410.82,4410.78,4410.78,23,CLEARED_>=20s,4.0,4.0,0.0,0.0,0.0,0.0,0.0,PASS_<20%,4410.67,11.0,NO,STANDBY_VEL_LOW,0,0.00,4590.00,85.34,FALSE,PRICE_ABOVE_15C_DISPLACEMENT
2026-09-07 17:43:23.909,1788803003.910,1855,11,150,4410.78,4410.86,8.0,PASS_<=10c,+0.0,FLAT,-4.0,+65.0,4.5,+1.28,0.28,SLOW,4410.13,4410.86,4410.00,4410.28,0.00,0.00,0.0,BEARISH,86.0,4410.82,4410.82,4410.78,4410.78,23,CLEARED_>=20s,4.0,4.0,0.0,0.0,0.0,0.0,0.0,PASS_<20%,4410.67,11.0,NO,STANDBY_VEL_LOW,0,0.00,4590.00,85.34,FALSE,PRICE_ABOVE_15C_DISPLACEMENT
2026-09-07 17:43:24.411,1788803004.412,1856,12,151,4410.78,4410.86,8.0,PASS_<=10c,+0.0,FLAT,-4.0,+65.0,4.4,+1.11,0.25,SLOW,4410.13,4410.86,4410.00,4410.28,0.00,0.00,0.0,BEARISH,86.0,4410.82,4410.82,4410.78,4410.78,24,CLEARED_>=20s,4.0,4.0,0.0,0.0,0.0,0.0,0.0,PASS_<20%,4410.67,11.0,NO,STANDBY_VEL_LOW,0,0.00,4590.00,85.34,FALSE,PRICE_ABOVE_15C_DISPLACEMENT
2026-09-07 17:43:24.912,1788803004.912,1857,13,152,4410.78,4410.86,8.0,PASS_<=10c,+0.0,FLAT,-4.0,+65.0,4.4,+0.97,0.22,SLOW,4410.13,4410.86,4410.00,4410.28,0.00,0.00,0.0,BEARISH,86.0,4410.82,4410.82,4410.78,4410.78,24,CLEARED_>=20s,4.0,4.0,0.0,0.0,0.0,0.0,0.0,PASS_<20%,4410.67,11.0,NO,STANDBY_VEL_LOW,0,0.00,4590.00,85.34,FALSE,PRICE_ABOVE_15C_DISPLACEMENT
2026-09-07 17:43:25.414,1788803005.415,1858,14,153,4410.78,4410.86,8.0,PASS_<=10c,+0.0,FLAT,-4.0,+65.0,4.3,+0.87,0.20,SLOW,4410.13,4410.86,4410.00,4410.28,0.00,0.00,0.0,BEARISH,86.0,4410.82,4410.82,4410.78,4410.78,25,CLEARED_>=20s,4.0,4.0,0.0,0.0,0.0,0.0,0.0,PASS_<20%,4410.67,11.0,NO,STANDBY_VEL_LOW,0,0.00,4590.00,85.34,FALSE,PRICE_ABOVE_15C_DISPLACEMENT
2026-09-07 17:43:25.916,1788803005.917,1859,15,154,4410.78,4410.86,8.0,PASS_<=10c,+0.0,FLAT,-4.0,+65.0,4.2,+0.84,0.20,SLOW,4410.13,4410.86,4410.00,4410.28,0.00,0.00,0.0,BEARISH,86.0,4410.82,4410.82,4410.78,4410.78,25,CLEARED_>=20s,4.0,4.0,0.0,0.0,0.0,0.0,0.0,PASS_<20%,4410.67,11.0,NO,STANDBY_VEL_LOW,0,0.00,4590.00,85.34,FALSE,PRICE_ABOVE_15C_DISPLACEMENT
2026-09-07 17:43:26.420,1788803006.420,1860,16,155,4410.78,4410.86,8.0,PASS_<=10c,+0.0,FLAT,-4.0,+65.0,4.2,+0.84,0.20,SLOW,4410.13,4410.86,4410.00,4410.28,0.00,0.00,0.0,BEARISH,86.0,4410.82,4410.82,4410.78,4410.78,26,CLEARED_>=20s,4.0,4.0,0.0,0.0,0.0,0.0,0.0,PASS_<20%,4410.67,11.0,NO,STANDBY_VEL_LOW,0,0.00,4590.00,85.34,FALSE,PRICE_ABOVE_15C_DISPLACEMENT
2026-09-07 17:43:26.919,1788803006.920,1861,17,156,4410.78,4410.86,8.0,PASS_<=10c,+0.0,FLAT,-4.0,+65.0,4.2,+0.84,0.20,SLOW,4410.13,4410.86,4410.00,4410.28,0.00,0.00,0.0,BEARISH,86.0,4410.82,4410.82,4410.78,4410.78,26,CLEARED_>=20s,4.0,4.0,0.0,0.0,0.0,0.0,0.0,PASS_<20%,4410.67,11.0,NO,STANDBY_VEL_LOW,0,0.00,4590.00,85.34,FALSE,PRICE_ABOVE_15C_DISPLACEMENT
2026-09-07 17:43:27.420,1788803007.421,1862,18,157,4410.78,4410.86,8.0,PASS_<=10c,+0.0,FLAT,-4.0,+65.0,4.2,+0.19,0.05,SLOW,4410.13,4410.86,4410.00,4410.28,0.00,0.00,0.0,BEARISH,86.0,4410.82,4410.82,4410.78,4410.78,27,CLEARED_>=20s,4.0,4.0,0.0,0.0,0.0,0.0,0.0,PASS_<20%,4410.67,11.0,NO,STANDBY_VEL_LOW,0,0.00,4590.00,85.34,FALSE,PRICE_ABOVE_15C_DISPLACEMENT
2026-09-07 17:43:27.922,1788803007.922,1863,19,158,4410.78,4410.86,8.0,PASS_<=10c,+0.0,FLAT,-4.0,+65.0,4.2,+0.18,0.04,SLOW,4410.13,4410.86,4410.00,4410.28,0.00,0.00,0.0,BEARISH,86.0,4410.82,4410.82,4410.78,4410.78,27,CLEARED_>=20s,4.0,4.0,0.0,0.0,0.0,0.0,0.0,PASS_<20%,4410.67,11.0,NO,STANDBY_VEL_LOW,0,0.00,4590.00,85.34,FALSE,PRICE_ABOVE_15C_DISPLACEMENT
2026-09-07 17:43:28.424,1788803008.424,1864,20,159,4410.78,4410.86,8.0,PASS_<=10c,+0.0,FLAT,-4.0,+65.0,4.2,+0.10,0.02,SLOW,4410.13,4410.86,4410.00,4410.28,0.00,0.00,0.0,BEARISH,86.0,4410.82,4410.82,4410.78,4410.78,28,CLEARED_>=20s,4.0,4.0,0.0,0.0,0.0,0.0,0.0,PASS_<20%,4410.67,11.0,NO,STANDBY_VEL_LOW,0,0.00,4590.00,85.34,FALSE,PRICE_ABOVE_15C_DISPLACEMENT
2026-09-07 17:43:28.925,1788803008.925,1865,21,160,4410.78,4410.86,8.0,PASS_<=10c,+0.0,FLAT,-4.0,+65.0,4.2,+0.10,0.02,SLOW,4410.13,4410.86,4410.00,4410.28,0.00,0.00,0.0,BEARISH,86.0,4410.82,4410.82,4410.78,4410.78,28,CLEARED_>=20s,4.0,4.0,0.0,0.0,0.0,0.0,0.0,PASS_<20%,4410.67,11.0,NO,STANDBY_VEL_LOW,0,0.00,4590.00,85.34,FALSE,PRICE_ABOVE_15C_DISPLACEMENT
2026-09-07 17:43:29.427,1788803009.427,1866,22,161,4410.78,4410.86,8.0,PASS_<=10c,+0.0,FLAT,-4.0,+65.0,4.2,+0.10,0.02,SLOW,4410.13,4410.86,4410.00,4410.28,0.00,0.00,0.0,BEARISH,86.0,4410.82,4410.82,4410.78,4410.78,29,CLEARED_>=20s,4.0,4.0,0.0,0.0,0.0,0.0,0.0,PASS_<20%,4410.67,11.0,NO,STANDBY_VEL_LOW,0,0.00,4590.00,85.34,FALSE,PRICE_ABOVE_15C_DISPLACEMENT
2026-09-07 17:43:29.929,1788803009.929,1867,23,162,4410.78,4410.86,8.0,PASS_<=10c,+0.0,FLAT,-4.0,+65.0,4.2,+0.10,0.02,SLOW,4410.13,4410.86,4410.00,4410.28,0.00,0.00,0.0,BEARISH,86.0,4410.82,4410.82,4410.78,4410.78,29,CLEARED_>=20s,4.0,4.0,0.0,0.0,0.0,0.0,0.0,PASS_<20%,4410.67,11.0,NO,STANDBY_VEL_LOW,0,0.00,4590.00,85.34,FALSE,PRICE_ABOVE_15C_DISPLACEMENT
2026-09-07 17:43:30.431,1788803010.431,1868,24,163,4410.78,4410.86,8.0,PASS_<=10c,+0.0,FLAT,-4.0,+65.0,4.2,+0.08,0.02,SLOW,4410.13,4410.86,4410.00,4410.28,0.00,0.00,0.0,BEARISH,86.0,4410.82,4410.82,4410.78,4410.78,30,CLEARED_>=20s,4.0,4.0,0.0,0.0,0.0,0.0,0.0,PASS_<20%,4410.67,11.0,NO,STANDBY_VEL_LOW,0,0.00,4590.00,85.34,FALSE,PRICE_ABOVE_15C_DISPLACEMENT
2026-09-07 17:43:40.808,1788803020.809,1869,25,164,4410.78,4410.86,8.0,PASS_<=10c,+0.0,FLAT,-4.0,+65.0,1.4,+0.00,0.00,SLOW,4410.13,4410.86,4410.00,4410.28,0.00,0.00,0.0,BEARISH,86.0,4410.82,4410.82,4410.78,4410.78,40,CLEARED_>=20s,4.0,4.0,0.0,0.0,0.0,0.0,0.0,PASS_<20%,4410.67,11.0,NO,STANDBY_VEL_LOW,0,0.00,4590.00,85.34,FALSE,PRICE_ABOVE_15C_DISPLACEMENT
2026-09-07 17:43:47.430,1788803027.431,1870,26,165,4410.78,4410.86,8.0,PASS_<=10c,+0.0,FLAT,-4.0,+65.0,1.5,+0.00,0.00,SLOW,4410.13,4410.86,4410.00,4410.28,0.00,0.00,0.0,BEARISH,86.0,4410.82,4410.82,4410.78,4410.78,47,CLEARED_>=20s,4.0,4.0,0.0,0.0,0.0,0.0,0.0,PASS_<20%,4410.67,11.0,NO,STANDBY_VEL_LOW,0,0.00,4590.00,85.34,FALSE,PRICE_ABOVE_15C_DISPLACEMENT
2026-09-07 17:43:47.785,1788803027.786,1871,27,166,4410.78,4410.86,8.0,PASS_<=10c,+0.0,FLAT,-4.0,+65.0,2.2,+0.00,0.00,SLOW,4410.13,4410.86,4410.00,4410.28,0.00,0.00,0.0,BEARISH,86.0,4410.82,4410.82,4410.78,4410.78,47,CLEARED_>=20s,4.0,4.0,0.0,0.0,0.0,0.0,0.0,PASS_<20%,4410.67,11.0,NO,STANDBY_VEL_LOW,0,0.00,4590.00,85.34,FALSE,PRICE_ABOVE_15C_DISPLACEMENT
2026-09-07 17:43:48.287,1788803028.288,1872,28,167,4410.78,4410.86,8.0,PASS_<=10c,+0.0,FLAT,-4.0,+65.0,2.5,+0.00,0.00,SLOW,4410.13,4410.86,4410.00,4410.28,0.00,0.00,0.0,BEARISH,86.0,4410.82,4410.82,4410.78,4410.78,48,CLEARED_>=20s,4.0,4.0,0.0,0.0,0.0,0.0,0.0,PASS_<20%,4410.67,11.0,NO,STANDBY_VEL_LOW,0,0.00,4590.00,85.34,FALSE,PRICE_ABOVE_15C_DISPLACEMENT
2026-09-07 17:43:48.793,1788803028.793,1873,29,168,4410.78,4410.86,8.0,PASS_<=10c,+0.0,FLAT,-4.0,+65.0,2.8,+0.00,0.00,SLOW,4410.13,4410.86,4410.00,4410.28,0.00,0.00,0.0,BEARISH,86.0,4410.82,4410.82,4410.78,4410.78,48,CLEARED_>=20s,4.0,4.0,0.0,0.0,0.0,0.0,0.0,PASS_<20%,4410.67,11.0,NO,STANDBY_VEL_LOW,0,0.00,4590.00,85.34,FALSE,PRICE_ABOVE_15C_DISPLACEMENT
2026-09-07 17:43:49.295,1788803029.295,1874,30,169,4410.78,4410.86,8.0,PASS_<=10c,+0.0,FLAT,-4.0,+65.0,3.0,+0.00,0.00,SLOW,4410.13,4410.86,4410.00,4410.28,0.00,0.00,0.0,BEARISH,86.0,4410.82,4410.82,4410.78,4410.78,49,CLEARED_>=20s,4.0,4.0,0.0,0.0,0.0,0.0,0.0,PASS_<20%,4410.67,11.0,NO,STANDBY_VEL_LOW,0,0.00,4590.00,85.34,FALSE,PRICE_ABOVE_15C_DISPLACEMENT
2026-09-07 17:43:49.796,1788803029.796,1875,31,170,4410.78,4410.86,8.0,PASS_<=10c,+0.0,FLAT,-4.0,+65.0,3.1,+0.00,0.00,SLOW,4410.13,4410.86,4410.00,4410.28,0.00,0.00,0.0,BEARISH,86.0,4410.82,4410.82,4410.78,4410.78,49,CLEARED_>=20s,4.0,4.0,0.0,0.0,0.0,0.0,0.0,PASS_<20%,4410.67,11.0,NO,STANDBY_VEL_LOW,0,0.00,4590.00,85.34,FALSE,PRICE_ABOVE_15C_DISPLACEMENT
2026-09-07 17:43:50.298,1788803030.298,1876,32,171,4410.78,4410.86,8.0,PASS_<=10c,+0.0,FLAT,-4.0,+65.0,3.2,+0.00,0.00,SLOW,4410.13,4410.86,4410.00,4410.28,0.00,0.00,0.0,BEARISH,86.0,4410.82,4410.82,4410.78,4410.78,50,CLEARED_>=20s,4.0,4.0,0.0,0.0,0.0,0.0,0.0,PASS_<20%,4410.67,11.0,NO,STANDBY_VEL_LOW,0,0.00,4590.00,85.34,FALSE,PRICE_ABOVE_15C_DISPLACEMENT
2026-09-07 17:43:50.799,1788803030.799,1877,33,172,4410.78,4410.86,8.0,PASS_<=10c,+0.0,FLAT,-4.0,+65.0,3.3,+0.00,0.00,SLOW,4410.13,4410.86,4410.00,4410.28,0.00,0.00,0.0,BEARISH,86.0,4410.82,4410.82,4410.78,4410.78,50,CLEARED_>=20s,4.0,4.0,0.0,0.0,0.0,0.0,0.0,PASS_<20%,4410.67,11.0,NO,STANDBY_VEL_LOW,0,0.00,4590.00,85.34,FALSE,PRICE_ABOVE_15C_DISPLACEMENT
2026-09-07 17:43:51.300,1788803031.300,1878,34,173,4410.78,4410.86,8.0,PASS_<=10c,+0.0,FLAT,-4.0,+65.0,4.4,+0.00,0.00,SLOW,4410.13,4410.86,4410.00,4410.28,0.00,0.00,0.0,BEARISH,86.0,4410.82,4410.82,4410.78,4410.78,51,CLEARED_>=20s,4.0,4.0,0.0,0.0,0.0,0.0,0.0,PASS_<20%,4410.67,11.0,NO,STANDBY_VEL_LOW,0,0.00,4590.00,85.34,FALSE,PRICE_ABOVE_15C_DISPLACEMENT
2026-09-07 17:43:51.802,1788803031.802,1879,35,174,4410.78,4410.86,8.0,PASS_<=10c,+0.0,FLAT,-4.0,+65.0,4.3,+0.00,0.00,SLOW,4410.13,4410.86,4410.00,4410.28,0.00,0.00,0.0,BEARISH,86.0,4410.82,4410.82,4410.78,4410.78,51,CLEARED_>=20s,4.0,4.0,0.0,0.0,0.0,0.0,0.0,PASS_<20%,4410.67,11.0,NO,STANDBY_VEL_LOW,0,0.00,4590.00,85.34,FALSE,PRICE_ABOVE_15C_DISPLACEMENT
2026-09-07 17:43:52.304,1788803032.304,1880,36,175,4410.78,4410.86,8.0,PASS_<=10c,+0.0,FLAT,-4.0,+65.0,4.3,+0.00,0.00,SLOW,4410.13,4410.86,4410.00,4410.28,0.00,0.00,0.0,BEARISH,86.0,4410.82,4410.82,4410.78,4410.78,52,CLEARED_>=20s,4.0,4.0,0.0,0.0,0.0,0.0,0.0,PASS_<20%,4410.67,11.0,NO,STANDBY_VEL_LOW,0,0.00,4590.00,85.34,FALSE,PRICE_ABOVE_15C_DISPLACEMENT
2026-09-07 17:43:52.806,1788803032.806,1881,37,176,4410.78,4410.86,8.0,PASS_<=10c,+0.0,FLAT,-4.0,+65.0,4.2,+0.00,0.00,SLOW,4410.13,4410.86,4410.00,4410.28,0.00,0.00,0.0,BEARISH,86.0,4410.82,4410.82,4410.78,4410.78,52,CLEARED_>=20s,4.0,4.0,0.0,0.0,0.0,0.0,0.0,PASS_<20%,4410.67,11.0,NO,STANDBY_VEL_LOW,0,0.00,4590.00,85.34,FALSE,PRICE_ABOVE_15C_DISPLACEMENT
2026-09-07 17:43:53.308,1788803033.308,1882,38,177,4410.78,4410.86,8.0,PASS_<=10c,+0.0,FLAT,-4.0,+65.0,4.2,+0.00,0.00,SLOW,4410.13,4410.86,4410.00,4410.28,0.00,0.00,0.0,BEARISH,86.0,4410.82,4410.82,4410.78,4410.78,53,CLEARED_>=20s,4.0,4.0,0.0,0.0,0.0,0.0,0.0,PASS_<20%,4410.67,11.0,NO,STANDBY_VEL_LOW,0,0.00,4590.00,85.34,FALSE,PRICE_ABOVE_15C_DISPLACEMENT
2026-09-07 17:43:53.810,1788803033.810,1883,39,178,4410.78,4410.86,8.0,PASS_<=10c,+0.0,FLAT,-4.0,+65.0,4.2,+0.00,0.00,SLOW,4410.13,4410.86,4410.00,4410.28,0.00,0.00,0.0,BEARISH,86.0,4410.82,4410.82,4410.78,4410.78,53,CLEARED_>=20s,4.0,4.0,0.0,0.0,0.0,0.0,0.0,PASS_<20%,4410.67,11.0,NO,STANDBY_VEL_LOW,0,0.00,4590.00,85.34,FALSE,PRICE_ABOVE_15C_DISPLACEMENT
2026-09-07 17:43:54.310,1788803034.311,1884,40,179,4410.78,4410.86,8.0,PASS_<=10c,+0.0,FLAT,-4.0,+65.0,4.2,+0.00,0.00,SLOW,4410.13,4410.86,4410.00,4410.28,0.00,0.00,0.0,BEARISH,86.0,4410.82,4410.82,4410.78,4410.78,54,CLEARED_>=20s,4.0,4.0,0.0,0.0,0.0,0.0,0.0,PASS_<20%,4410.67,11.0,NO,STANDBY_VEL_LOW,0,0.00,4590.00,85.34,FALSE,PRICE_ABOVE_15C_DISPLACEMENT
2026-09-07 17:43:54.812,1788803034.812,1885,41,180,4410.78,4410.86,8.0,PASS_<=10c,+0.0,FLAT,-4.0,+65.0,4.2,+0.00,0.00,SLOW,4410.13,4410.86,4410.00,4410.28,0.00,0.00,0.0,BEARISH,86.0,4410.82,4410.82,4410.78,4410.78,54,CLEARED_>=20s,4.0,4.0,0.0,0.0,0.0,0.0,0.0,PASS_<20%,4410.67,11.0,NO,STANDBY_VEL_LOW,0,0.00,4590.00,85.34,FALSE,PRICE_ABOVE_15C_DISPLACEMENT
2026-09-07 17:43:55.313,1788803035.313,1886,42,181,4410.78,4410.86,8.0,PASS_<=10c,+0.0,FLAT,-4.0,+65.0,4.2,+0.00,0.00,SLOW,4410.13,4410.86,4410.00,4410.28,0.00,0.00,0.0,BEARISH,86.0,4410.82,4410.82,4410.78,4410.78,55,CLEARED_>=20s,4.0,4.0,0.0,0.0,0.0,0.0,0.0,PASS_<20%,4410.67,11.0,NO,STANDBY_VEL_LOW,0,0.00,4590.00,85.34,FALSE,PRICE_ABOVE_15C_DISPLACEMENT
2026-09-07 17:44:05.694,1788803045.694,1887,1,182,4410.78,4410.86,8.0,PASS_<=10c,+0.0,FLAT,+0.0,+65.0,1.4,+0.00,0.00,SLOW,4410.13,4410.86,4410.00,4410.28,0.00,0.00,0.0,BEARISH,86.0,4410.78,4410.78,4410.78,4410.78,5,ACTIVE_5s,1.0,0.0,0.0,0.0,0.0,0.0,0.0,PASS_<20%,0.00,0.0,NO,STANDBY_VEL_LOW,0,0.00,4590.00,85.34,FALSE,M1_DIRECTION_MISMATCH|OPENING_SHIELD_ACTIVE_5s
2026-09-07 17:44:12.359,1788803052.359,1888,2,183,4410.78,4410.86,8.0,PASS_<=10c,+0.0,FLAT,+0.0,+65.0,1.4,+0.00,0.00,SLOW,4410.13,4410.86,4410.00,4410.28,0.00,0.00,0.0,BEARISH,86.0,4410.78,4410.78,4410.78,4410.78,12,ACTIVE_12s,1.0,0.0,0.0,0.0,0.0,0.0,0.0,PASS_<20%,0.00,0.0,NO,STANDBY_VEL_LOW,0,0.00,4590.00,85.34,FALSE,M1_DIRECTION_MISMATCH|OPENING_SHIELD_ACTIVE_12s
2026-09-07 17:44:12.716,1788803052.716,1889,3,184,4410.82,4410.90,8.0,PASS_<=10c,+4.0,UP,+4.0,+69.0,2.1,+2.13,1.01,SLOW,4410.13,4410.86,4410.00,4410.28,0.00,0.00,0.0,BEARISH,86.0,4410.78,4410.82,4410.78,4410.82,12,ACTIVE_12s,4.0,4.0,0.0,0.0,0.0,0.0,0.0,PASS_<20%,0.00,0.0,NO,STANDBY_VEL_LOW,0,0.00,4590.00,85.34,FALSE,M1_DIRECTION_MISMATCH|OPENING_SHIELD_ACTIVE_12s
2026-09-07 17:44:13.217,1788803053.217,1890,4,185,4410.82,4410.90,8.0,PASS_<=10c,+0.0,FLAT,+4.0,+69.0,2.5,+1.68,0.67,SLOW,4410.13,4410.86,4410.00,4410.28,0.00,0.00,0.0,BEARISH,86.0,4410.78,4410.82,4410.78,4410.82,13,ACTIVE_13s,4.0,4.0,0.0,0.0,0.0,0.0,0.0,PASS_<20%,0.00,0.0,NO,STANDBY_VEL_LOW,0,0.00,4590.00,85.34,FALSE,M1_DIRECTION_MISMATCH|OPENING_SHIELD_ACTIVE_13s
2026-09-07 17:44:13.719,1788803053.719,1891,5,186,4410.82,4410.90,8.0,PASS_<=10c,+0.0,FLAT,+4.0,+69.0,2.8,+1.39,0.50,SLOW,4410.13,4410.86,4410.00,4410.28,0.00,0.00,0.0,BEARISH,86.0,4410.78,4410.82,4410.78,4410.82,13,ACTIVE_13s,4.0,4.0,0.0,0.0,0.0,0.0,0.0,PASS_<20%,0.00,0.0,NO,STANDBY_VEL_LOW,0,0.00,4590.00,85.34,FALSE,M1_DIRECTION_MISMATCH|OPENING_SHIELD_ACTIVE_13s
2026-09-07 17:44:14.222,1788803054.222,1892,6,187,4410.82,4410.90,8.0,PASS_<=10c,+0.0,FLAT,+4.0,+69.0,3.0,+1.18,0.39,SLOW,4410.13,4410.86,4410.00,4410.28,0.00,0.00,0.0,BEARISH,86.0,4410.78,4410.82,4410.78,4410.82,14,ACTIVE_14s,4.0,4.0,0.0,0.0,0.0,0.0,0.0,PASS_<20%,0.00,0.0,NO,STANDBY_VEL_LOW,0,0.00,4590.00,85.34,FALSE,M1_DIRECTION_MISMATCH|OPENING_SHIELD_ACTIVE_14s
2026-09-07 17:44:14.722,1788803054.723,1893,7,188,4410.82,4410.90,8.0,PASS_<=10c,+0.0,FLAT,+4.0,+69.0,3.1,+1.03,0.33,SLOW,4410.13,4410.86,4410.00,4410.28,0.00,0.00,0.0,BEARISH,86.0,4410.78,4410.82,4410.78,4410.82,14,ACTIVE_14s,4.0,4.0,0.0,0.0,0.0,0.0,0.0,PASS_<20%,0.00,0.0,NO,STANDBY_VEL_LOW,0,0.00,4590.00,85.34,FALSE,M1_DIRECTION_MISMATCH|OPENING_SHIELD_ACTIVE_14s
2026-09-07 17:44:15.225,1788803055.225,1894,8,189,4410.82,4410.90,8.0,PASS_<=10c,+0.0,FLAT,+4.0,+69.0,3.2,+0.91,0.28,SLOW,4410.13,4410.86,4410.00,4410.28,0.00,0.00,0.0,BEARISH,86.0,4410.78,4410.82,4410.78,4410.82,15,ACTIVE_15s,4.0,4.0,0.0,0.0,0.0,0.0,0.0,PASS_<20%,0.00,0.0,NO,STANDBY_VEL_LOW,0,0.00,4590.00,85.34,FALSE,M1_DIRECTION_MISMATCH|OPENING_SHIELD_ACTIVE_15s
2026-09-07 17:44:15.725,1788803055.725,1895,9,190,4410.82,4410.90,8.0,PASS_<=10c,+0.0,FLAT,+4.0,+69.0,3.3,+0.82,0.25,SLOW,4410.13,4410.86,4410.00,4410.28,0.00,0.00,0.0,BEARISH,86.0,4410.78,4410.82,4410.78,4410.82,15,ACTIVE_15s,4.0,4.0,0.0,0.0,0.0,0.0,0.0,PASS_<20%,0.00,0.0,NO,STANDBY_VEL_LOW,0,0.00,4590.00,85.34,FALSE,M1_DIRECTION_MISMATCH|OPENING_SHIELD_ACTIVE_15s
2026-09-07 17:44:16.226,1788803056.227,1896,10,191,4410.82,4410.90,8.0,PASS_<=10c,+0.0,FLAT,+4.0,+69.0,4.4,+1.03,0.23,SLOW,4410.13,4410.86,4410.00,4410.28,0.00,0.00,0.0,BEARISH,86.0,4410.78,4410.82,4410.78,4410.82,16,ACTIVE_16s,4.0,4.0,0.0,0.0,0.0,0.0,0.0,PASS_<20%,0.00,0.0,NO,STANDBY_VEL_LOW,0,0.00,4590.00,85.34,FALSE,M1_DIRECTION_MISMATCH|OPENING_SHIELD_ACTIVE_16s
2026-09-07 17:44:16.727,1788803056.728,1897,11,192,4410.82,4410.90,8.0,PASS_<=10c,+0.0,FLAT,+4.0,+69.0,4.3,+0.92,0.21,SLOW,4410.13,4410.86,4410.00,4410.28,0.00,0.00,0.0,BEARISH,86.0,4410.78,4410.82,4410.78,4410.82,16,ACTIVE_16s,4.0,4.0,0.0,0.0,0.0,0.0,0.0,PASS_<20%,0.00,0.0,NO,STANDBY_VEL_LOW,0,0.00,4590.00,85.34,FALSE,M1_DIRECTION_MISMATCH|OPENING_SHIELD_ACTIVE_16s
2026-09-07 17:44:17.231,1788803057.232,1898,12,193,4410.82,4410.90,8.0,PASS_<=10c,+0.0,FLAT,+4.0,+69.0,4.3,+0.82,0.19,SLOW,4410.13,4410.86,4410.00,4410.28,0.00,0.00,0.0,BEARISH,86.0,4410.78,4410.82,4410.78,4410.82,17,ACTIVE_17s,4.0,4.0,0.0,0.0,0.0,0.0,0.0,PASS_<20%,0.00,0.0,NO,STANDBY_VEL_LOW,0,0.00,4590.00,85.34,FALSE,M1_DIRECTION_MISMATCH|OPENING_SHIELD_ACTIVE_17s
2026-09-07 17:44:17.733,1788803057.733,1899,13,194,4410.82,4410.90,8.0,PASS_<=10c,+0.0,FLAT,+4.0,+69.0,4.2,+0.00,0.00,SLOW,4410.13,4410.86,4410.00,4410.28,0.00,0.00,0.0,BEARISH,86.0,4410.78,4410.82,4410.78,4410.82,17,ACTIVE_17s,4.0,4.0,0.0,0.0,0.0,0.0,0.0,PASS_<20%,0.00,0.0,NO,STANDBY_VEL_LOW,0,0.00,4590.00,85.34,FALSE,M1_DIRECTION_MISMATCH|OPENING_SHIELD_ACTIVE_17s
2026-09-07 17:44:18.233,1788803058.234,1900,14,195,4410.82,4410.90,8.0,PASS_<=10c,+0.0,FLAT,+4.0,+69.0,4.2,+0.00,0.00,SLOW,4410.13,4410.86,4410.00,4410.28,0.00,0.00,0.0,BEARISH,86.0,4410.78,4410.82,4410.78,4410.82,18,ACTIVE_18s,4.0,4.0,0.0,0.0,0.0,0.0,0.0,PASS_<20%,0.00,0.0,NO,STANDBY_VEL_LOW,0,0.00,4590.00,85.34,FALSE,M1_DIRECTION_MISMATCH|OPENING_SHIELD_ACTIVE_18s
2026-09-07 17:44:18.737,1788803058.737,1901,15,196,4410.82,4410.90,8.0,PASS_<=10c,+0.0,FLAT,+4.0,+69.0,4.2,+0.00,0.00,SLOW,4410.13,4410.86,4410.00,4410.28,0.00,0.00,0.0,BEARISH,86.0,4410.78,4410.82,4410.78,4410.82,18,ACTIVE_18s,4.0,4.0,0.0,0.0,0.0,0.0,0.0,PASS_<20%,0.00,0.0,NO,STANDBY_VEL_LOW,0,0.00,4590.00,85.34,FALSE,M1_DIRECTION_MISMATCH|OPENING_SHIELD_ACTIVE_18s
2026-09-07 17:44:19.239,1788803059.239,1902,16,197,4410.82,4410.90,8.0,PASS_<=10c,+0.0,FLAT,+4.0,+69.0,4.2,+0.00,0.00,SLOW,4410.13,4410.86,4410.00,4410.28,0.00,0.00,0.0,BEARISH,86.0,4410.78,4410.82,4410.78,4410.82,19,ACTIVE_19s,4.0,4.0,0.0,0.0,0.0,0.0,0.0,PASS_<20%,0.00,0.0,NO,STANDBY_VEL_LOW,0,0.00,4590.00,85.34,FALSE,M1_DIRECTION_MISMATCH|OPENING_SHIELD_ACTIVE_19s
2026-09-07 17:44:19.740,1788803059.740,1903,17,198,4410.82,4410.90,8.0,PASS_<=10c,+0.0,FLAT,+4.0,+69.0,4.2,+0.00,0.00,SLOW,4410.13,4410.86,4410.00,4410.28,0.00,0.00,0.0,BEARISH,86.0,4410.78,4410.82,4410.78,4410.82,19,ACTIVE_19s,4.0,4.0,0.0,0.0,0.0,0.0,0.0,PASS_<20%,0.00,0.0,NO,STANDBY_VEL_LOW,0,0.00,4590.00,85.34,FALSE,M1_DIRECTION_MISMATCH|OPENING_SHIELD_ACTIVE_19s
2026-09-07 17:44:20.242,1788803060.242,1904,18,199,4410.82,4410.90,8.0,PASS_<=10c,+0.0,FLAT,+4.0,+69.0,4.2,+0.00,0.00,SLOW,4410.13,4410.86,4410.00,4410.28,0.00,0.00,0.0,BEARISH,86.0,4410.78,4410.82,4410.78,4410.82,20,CLEARED_>=20s,4.0,4.0,0.0,0.0,0.0,0.0,0.0,PASS_<20%,0.00,0.0,NO,STANDBY_VEL_LOW,0,0.00,4590.00,85.34,FALSE,M1_DIRECTION_MISMATCH
2026-09-07 17:44:25.762,1788803065.762,1905,19,200,4410.82,4410.90,8.0,PASS_<=10c,+0.0,FLAT,+4.0,+69.0,1.6,+0.07,0.04,SLOW,4410.13,4410.86,4410.00,4410.28,0.00,0.00,0.0,BEARISH,86.0,4410.78,4410.82,4410.78,4410.82,25,CLEARED_>=20s,4.0,4.0,0.0,0.0,0.0,0.0,0.0,PASS_<20%,0.00,0.0,NO,STANDBY_VEL_LOW,0,0.00,4590.00,85.34,FALSE,M1_DIRECTION_MISMATCH
2026-09-07 17:44:35.995,1788803075.996,1906,20,201,4410.82,4410.90,8.0,PASS_<=10c,+0.0,FLAT,+4.0,+69.0,1.4,+0.07,0.05,SLOW,4410.13,4410.86,4410.00,4410.28,0.00,0.00,0.0,BEARISH,86.0,4410.78,4410.82,4410.78,4410.82,35,CLEARED_>=20s,4.0,4.0,0.0,0.0,0.0,0.0,0.0,PASS_<20%,0.00,0.0,NO,STANDBY_VEL_LOW,0,0.00,4590.00,85.34,FALSE,M1_DIRECTION_MISMATCH
2026-09-07 17:44:39.009,1788803079.010,1907,21,202,4410.82,4410.90,8.0,PASS_<=10c,+0.0,FLAT,+4.0,+69.0,1.3,+0.07,0.05,SLOW,4410.13,4410.86,4410.00,4410.28,0.00,0.00,0.0,BEARISH,86.0,4410.78,4410.82,4410.78,4410.82,39,CLEARED_>=20s,4.0,4.0,0.0,0.0,0.0,0.0,0.0,PASS_<20%,0.00,0.0,NO,STANDBY_VEL_LOW,0,0.00,4590.00,85.34,FALSE,M1_DIRECTION_MISMATCH
2026-09-07 17:44:39.511,1788803079.512,1908,22,203,4410.82,4410.90,8.0,PASS_<=10c,+0.0,FLAT,+4.0,+69.0,1.4,+0.07,0.05,SLOW,4410.13,4410.86,4410.00,4410.28,0.00,0.00,0.0,BEARISH,86.0,4410.78,4410.82,4410.78,4410.82,39,CLEARED_>=20s,4.0,4.0,0.0,0.0,0.0,0.0,0.0,PASS_<20%,0.00,0.0,NO,STANDBY_VEL_LOW,0,0.00,4590.00,85.34,FALSE,M1_DIRECTION_MISMATCH
2026-09-07 17:44:40.012,1788803080.013,1909,23,204,4410.82,4410.90,8.0,PASS_<=10c,+0.0,FLAT,+4.0,+69.0,1.7,+0.07,0.04,SLOW,4410.13,4410.86,4410.00,4410.28,0.00,0.00,0.0,BEARISH,86.0,4410.78,4410.82,4410.78,4410.82,40,CLEARED_>=20s,4.0,4.0,0.0,0.0,0.0,0.0,0.0,PASS_<20%,0.00,0.0,NO,STANDBY_VEL_LOW,0,0.00,4590.00,85.34,FALSE,M1_DIRECTION_MISMATCH
2026-09-07 17:44:40.513,1788803080.513,1910,24,205,4410.82,4410.90,8.0,PASS_<=10c,+0.0,FLAT,+4.0,+69.0,2.0,+0.07,0.04,SLOW,4410.13,4410.86,4410.00,4410.28,0.00,0.00,0.0,BEARISH,86.0,4410.78,4410.82,4410.78,4410.82,40,CLEARED_>=20s,4.0,4.0,0.0,0.0,0.0,0.0,0.0,PASS_<20%,0.00,0.0,NO,STANDBY_VEL_LOW,0,0.00,4590.00,85.34,FALSE,M1_DIRECTION_MISMATCH
2026-09-07 17:44:41.015,1788803081.015,1911,25,206,4410.82,4410.90,8.0,PASS_<=10c,+0.0,FLAT,+4.0,+69.0,4.7,+0.07,0.01,SLOW,4410.13,4410.86,4410.00,4410.28,0.00,0.00,0.0,BEARISH,86.0,4410.78,4410.82,4410.78,4410.82,41,CLEARED_>=20s,4.0,4.0,0.0,0.0,0.0,0.0,0.0,PASS_<20%,0.00,0.0,NO,STANDBY_VEL_LOW,0,0.00,4590.00,85.34,FALSE,M1_DIRECTION_MISMATCH
2026-09-07 17:44:41.518,1788803081.518,1912,26,207,4410.82,4410.90,8.0,PASS_<=10c,+0.0,FLAT,+4.0,+69.0,4.6,+0.07,0.02,SLOW,4410.13,4410.86,4410.00,4410.28,0.00,0.00,0.0,BEARISH,86.0,4410.78,4410.82,4410.78,4410.82,41,CLEARED_>=20s,4.0,4.0,0.0,0.0,0.0,0.0,0.0,PASS_<20%,0.00,0.0,NO,STANDBY_VEL_LOW,0,0.00,4590.00,85.34,FALSE,M1_DIRECTION_MISMATCH
2026-09-07 17:44:42.018,1788803082.019,1913,27,208,4410.82,4410.90,8.0,PASS_<=10c,+0.0,FLAT,+4.0,+69.0,4.5,+0.07,0.02,SLOW,4410.13,4410.86,4410.00,4410.28,0.00,0.00,0.0,BEARISH,86.0,4410.78,4410.82,4410.78,4410.82,42,CLEARED_>=20s,4.0,4.0,0.0,0.0,0.0,0.0,0.0,PASS_<20%,0.00,0.0,NO,STANDBY_VEL_LOW,0,0.00,4590.00,85.34,FALSE,M1_DIRECTION_MISMATCH
2026-09-07 17:44:42.521,1788803082.521,1914,28,209,4410.82,4410.90,8.0,PASS_<=10c,+0.0,FLAT,+4.0,+69.0,4.4,+0.07,0.02,SLOW,4410.13,4410.86,4410.00,4410.28,0.00,0.00,0.0,BEARISH,86.0,4410.78,4410.82,4410.78,4410.82,42,CLEARED_>=20s,4.0,4.0,0.0,0.0,0.0,0.0,0.0,PASS_<20%,0.00,0.0,NO,STANDBY_VEL_LOW,0,0.00,4590.00,85.34,FALSE,M1_DIRECTION_MISMATCH
2026-09-07 17:44:43.021,1788803083.022,1915,29,210,4410.82,4410.90,8.0,PASS_<=10c,+0.0,FLAT,+4.0,+69.0,4.4,+0.07,0.02,SLOW,4410.13,4410.86,4410.00,4410.28,0.00,0.00,0.0,BEARISH,86.0,4410.78,4410.82,4410.78,4410.82,43,CLEARED_>=20s,4.0,4.0,0.0,0.0,0.0,0.0,0.0,PASS_<20%,0.00,0.0,NO,STANDBY_VEL_LOW,0,0.00,4590.00,85.34,FALSE,M1_DIRECTION_MISMATCH
2026-09-07 17:44:43.523,1788803083.524,1916,30,211,4410.82,4410.90,8.0,PASS_<=10c,+0.0,FLAT,+4.0,+69.0,4.3,+0.07,0.02,SLOW,4410.13,4410.86,4410.00,4410.28,0.00,0.00,0.0,BEARISH,86.0,4410.78,4410.82,4410.78,4410.82,43,CLEARED_>=20s,4.0,4.0,0.0,0.0,0.0,0.0,0.0,PASS_<20%,0.00,0.0,NO,STANDBY_VEL_LOW,0,0.00,4590.00,85.34,FALSE,M1_DIRECTION_MISMATCH
2026-09-07 17:44:44.024,1788803084.024,1917,31,212,4410.82,4410.90,8.0,PASS_<=10c,+0.0,FLAT,+4.0,+69.0,4.2,+0.07,0.02,SLOW,4410.13,4410.86,4410.00,4410.28,0.00,0.00,0.0,BEARISH,86.0,4410.78,4410.82,4410.78,4410.82,44,CLEARED_>=20s,4.0,4.0,0.0,0.0,0.0,0.0,0.0,PASS_<20%,0.00,0.0,NO,STANDBY_VEL_LOW,0,0.00,4590.00,85.34,FALSE,M1_DIRECTION_MISMATCH
2026-09-07 17:44:44.537,1788803084.538,1918,32,213,4410.82,4410.90,8.0,PASS_<=10c,+0.0,FLAT,+4.0,+69.0,4.2,+0.07,0.02,SLOW,4410.13,4410.86,4410.00,4410.28,0.00,0.00,0.0,BEARISH,86.0,4410.78,4410.82,4410.78,4410.82,44,CLEARED_>=20s,4.0,4.0,0.0,0.0,0.0,0.0,0.0,PASS_<20%,0.00,0.0,NO,STANDBY_VEL_LOW,0,0.00,4590.00,85.34,FALSE,M1_DIRECTION_MISMATCH
2026-09-07 17:44:45.034,1788803085.035,1919,33,214,4410.82,4410.90,8.0,PASS_<=10c,+0.0,FLAT,+4.0,+69.0,4.2,+0.07,0.02,SLOW,4410.13,4410.86,4410.00,4410.28,0.00,0.00,0.0,BEARISH,86.0,4410.78,4410.82,4410.78,4410.82,45,CLEARED_>=20s,4.0,4.0,0.0,0.0,0.0,0.0,0.0,PASS_<20%,0.00,0.0,NO,STANDBY_VEL_LOW,0,0.00,4590.00,85.34,FALSE,M1_DIRECTION_MISMATCH
2026-09-07 17:44:45.534,1788803085.534,1920,34,215,4410.82,4410.90,8.0,PASS_<=10c,+0.0,FLAT,+4.0,+69.0,4.2,+0.07,0.02,SLOW,4410.13,4410.86,4410.00,4410.28,0.00,0.00,0.0,BEARISH,86.0,4410.78,4410.82,4410.78,4410.82,45,CLEARED_>=20s,4.0,4.0,0.0,0.0,0.0,0.0,0.0,PASS_<20%,0.00,0.0,NO,STANDBY_VEL_LOW,0,0.00,4590.00,85.34,FALSE,M1_DIRECTION_MISMATCH
2026-09-07 17:44:46.036,1788803086.037,1921,35,216,4410.82,4410.90,8.0,PASS_<=10c,+0.0,FLAT,+4.0,+69.0,4.2,+0.07,0.02,SLOW,4410.13,4410.86,4410.00,4410.28,0.00,0.00,0.0,BEARISH,86.0,4410.78,4410.82,4410.78,4410.82,46,CLEARED_>=20s,4.0,4.0,0.0,0.0,0.0,0.0,0.0,PASS_<20%,0.00,0.0,NO,STANDBY_VEL_LOW,0,0.00,4590.00,85.34,FALSE,M1_DIRECTION_MISMATCH
2026-09-07 17:44:46.537,1788803086.538,1922,36,217,4410.82,4410.90,8.0,PASS_<=10c,+0.0,FLAT,+4.0,+69.0,4.2,+0.07,0.02,SLOW,4410.13,4410.86,4410.00,4410.28,0.00,0.00,0.0,BEARISH,86.0,4410.78,4410.82,4410.78,4410.82,46,CLEARED_>=20s,4.0,4.0,0.0,0.0,0.0,0.0,0.0,PASS_<20%,0.00,0.0,NO,STANDBY_VEL_LOW,0,0.00,4590.00,85.34,FALSE,M1_DIRECTION_MISMATCH
2026-09-07 17:44:52.095,1788803092.096,1923,37,218,4410.82,4410.90,8.0,PASS_<=10c,+0.0,FLAT,+4.0,+69.0,1.5,+0.07,0.05,SLOW,4410.13,4410.86,4410.00,4410.28,0.00,0.00,0.0,BEARISH,86.0,4410.78,4410.82,4410.78,4410.82,52,CLEARED_>=20s,4.0,4.0,0.0,0.0,0.0,0.0,0.0,PASS_<20%,0.00,0.0,NO,STANDBY_VEL_LOW,0,0.00,4590.00,85.34,FALSE,M1_DIRECTION_MISMATCH
2026-09-07 17:45:02.356,1788803102.356,1924,1,1,4410.82,4410.90,8.0,PASS_<=10c,+0.0,FLAT,+0.0,+55.0,1.3,+0.07,0.05,SLOW,4410.27,4410.92,4410.18,4410.82,0.00,0.00,0.0,BEARISH,74.0,4410.82,4410.82,4410.82,4410.82,2,ACTIVE_2s,1.0,0.0,0.0,0.0,0.0,0.0,0.0,PASS_<20%,0.00,0.0,NO,STANDBY_VEL_LOW,0,0.00,4590.00,85.34,FALSE,M1_DIRECTION_MISMATCH|OPENING_SHIELD_ACTIVE_2s
2026-09-07 17:45:04.167,1788803104.168,1925,2,2,4410.78,4410.86,8.0,PASS_<=10c,-4.0,DOWN,-4.0,+51.0,1.6,+2.20,1.38,SLOW,4410.27,4410.92,4410.18,4410.82,0.00,0.00,0.0,BEARISH,74.0,4410.82,4410.82,4410.78,4410.78,4,ACTIVE_4s,4.0,4.0,0.0,0.0,0.0,0.0,0.0,PASS_<20%,4410.67,11.0,NO,STANDBY_VEL_LOW,0,0.00,4590.00,85.34,FALSE,OPENING_SHIELD_ACTIVE_4s|PRICE_ABOVE_15C_DISPLACEMENT
2026-09-07 17:45:04.669,1788803104.669,1926,3,3,4410.78,4410.86,8.0,PASS_<=10c,+0.0,FLAT,-4.0,+51.0,2.2,+1.72,0.78,SLOW,4410.27,4410.92,4410.18,4410.82,0.00,0.00,0.0,BEARISH,74.0,4410.82,4410.82,4410.78,4410.78,4,ACTIVE_4s,4.0,4.0,0.0,0.0,0.0,0.0,0.0,PASS_<20%,4410.67,11.0,NO,STANDBY_VEL_LOW,0,0.00,4590.00,85.34,FALSE,OPENING_SHIELD_ACTIVE_4s|PRICE_ABOVE_15C_DISPLACEMENT
2026-09-07 17:45:05.171,1788803105.172,1927,4,4,4410.78,4410.86,8.0,PASS_<=10c,+0.0,FLAT,-4.0,+51.0,2.5,+1.42,0.57,SLOW,4410.27,4410.92,4410.18,4410.82,0.00,0.00,0.0,BEARISH,74.0,4410.82,4410.82,4410.78,4410.78,5,ACTIVE_5s,4.0,4.0,0.0,0.0,0.0,0.0,0.0,PASS_<20%,4410.67,11.0,NO,STANDBY_VEL_LOW,0,0.00,4590.00,85.34,FALSE,OPENING_SHIELD_ACTIVE_5s|PRICE_ABOVE_15C_DISPLACEMENT
2026-09-07 17:45:05.673,1788803105.674,1928,5,5,4410.78,4410.86,8.0,PASS_<=10c,+0.0,FLAT,-4.0,+51.0,2.7,+1.20,0.44,SLOW,4410.27,4410.92,4410.18,4410.82,0.00,0.00,0.0,BEARISH,74.0,4410.82,4410.82,4410.78,4410.78,5,ACTIVE_5s,4.0,4.0,0.0,0.0,0.0,0.0,0.0,PASS_<20%,4410.67,11.0,NO,STANDBY_VEL_LOW,0,0.00,4590.00,85.34,FALSE,OPENING_SHIELD_ACTIVE_5s|PRICE_ABOVE_15C_DISPLACEMENT
2026-09-07 17:45:06.174,1788803106.175,1929,6,6,4410.78,4410.86,8.0,PASS_<=10c,+0.0,FLAT,-4.0,+51.0,2.9,+1.04,0.36,SLOW,4410.27,4410.92,4410.18,4410.82,0.00,0.00,0.0,BEARISH,74.0,4410.82,4410.82,4410.78,4410.78,6,ACTIVE_6s,4.0,4.0,0.0,0.0,0.0,0.0,0.0,PASS_<20%,4410.67,11.0,NO,STANDBY_VEL_LOW,0,0.00,4590.00,85.34,FALSE,OPENING_SHIELD_ACTIVE_6s|PRICE_ABOVE_15C_DISPLACEMENT
2026-09-07 17:45:06.675,1788803106.676,1930,7,7,4410.78,4410.86,8.0,PASS_<=10c,+0.0,FLAT,-4.0,+51.0,3.0,+0.92,0.31,SLOW,4410.27,4410.92,4410.18,4410.82,0.00,0.00,0.0,BEARISH,74.0,4410.82,4410.82,4410.78,4410.78,6,ACTIVE_6s,4.0,4.0,0.0,0.0,0.0,0.0,0.0,PASS_<20%,4410.67,11.0,NO,STANDBY_VEL_LOW,0,0.00,4590.00,85.34,FALSE,OPENING_SHIELD_ACTIVE_6s|PRICE_ABOVE_15C_DISPLACEMENT
2026-09-07 17:45:07.179,1788803107.179,1931,8,8,4410.79,4410.87,8.0,PASS_<=10c,+1.0,UP,-3.0,+52.0,3.1,+0.62,0.20,SLOW,4410.27,4410.92,4410.18,4410.82,0.00,0.00,0.0,BEARISH,74.0,4410.82,4410.82,4410.78,4410.79,7,ACTIVE_7s,4.0,3.0,0.0,1.0,0.0,25.0,25.0,BLOCKED_25.0%,4410.67,12.0,NO,STANDBY_VEL_LOW,0,0.00,4590.00,85.34,FALSE,OPP_WICK_TOO_HIGH_0.25|OPENING_SHIELD_ACTIVE_7s|PRICE_ABOVE_15C_DISPLACEMENT
2026-09-07 17:45:07.705,1788803107.705,1932,9,9,4410.79,4410.87,8.0,PASS_<=10c,+0.0,FLAT,-3.0,+52.0,4.4,+0.82,0.19,SLOW,4410.27,4410.92,4410.18,4410.82,0.00,0.00,0.0,BEARISH,74.0,4410.82,4410.82,4410.78,4410.79,7,ACTIVE_7s,4.0,3.0,0.0,1.0,0.0,25.0,25.0,BLOCKED_25.0%,4410.67,12.0,NO,STANDBY_VEL_LOW,0,0.00,4590.00,85.34,FALSE,OPP_WICK_TOO_HIGH_0.25|OPENING_SHIELD_ACTIVE_7s|PRICE_ABOVE_15C_DISPLACEMENT
2026-09-07 17:45:08.207,1788803108.207,1933,10,10,4410.79,4410.87,8.0,PASS_<=10c,+0.0,FLAT,-3.0,+52.0,4.3,+0.72,0.17,SLOW,4410.27,4410.92,4410.18,4410.82,0.00,0.00,0.0,BEARISH,74.0,4410.82,4410.82,4410.78,4410.79,8,ACTIVE_8s,4.0,3.0,0.0,1.0,0.0,25.0,25.0,BLOCKED_25.0%,4410.67,12.0,NO,STANDBY_VEL_LOW,0,0.00,4590.00,85.34,FALSE,OPP_WICK_TOO_HIGH_0.25|OPENING_SHIELD_ACTIVE_8s|PRICE_ABOVE_15C_DISPLACEMENT
2026-09-07 17:45:08.707,1788803108.707,1934,11,11,4410.79,4410.87,8.0,PASS_<=10c,+0.0,FLAT,-3.0,+52.0,4.3,+0.65,0.15,SLOW,4410.27,4410.92,4410.18,4410.82,0.00,0.00,0.0,BEARISH,74.0,4410.82,4410.82,4410.78,4410.79,8,ACTIVE_8s,4.0,3.0,0.0,1.0,0.0,25.0,25.0,BLOCKED_25.0%,4410.67,12.0,NO,STANDBY_VEL_LOW,0,0.00,4590.00,85.34,FALSE,OPP_WICK_TOO_HIGH_0.25|OPENING_SHIELD_ACTIVE_8s|PRICE_ABOVE_15C_DISPLACEMENT
2026-09-07 17:45:09.208,1788803109.209,1935,12,12,4410.79,4410.87,8.0,PASS_<=10c,+0.0,FLAT,-3.0,+52.0,4.2,+0.21,0.05,SLOW,4410.27,4410.92,4410.18,4410.82,0.00,0.00,0.0,BEARISH,74.0,4410.82,4410.82,4410.78,4410.79,9,ACTIVE_9s,4.0,3.0,0.0,1.0,0.0,25.0,25.0,BLOCKED_25.0%,4410.67,12.0,NO,STANDBY_VEL_LOW,0,0.00,4590.00,85.34,FALSE,OPP_WICK_TOO_HIGH_0.25|OPENING_SHIELD_ACTIVE_9s|PRICE_ABOVE_15C_DISPLACEMENT
2026-09-07 17:45:09.710,1788803109.710,1936,13,13,4410.79,4410.87,8.0,PASS_<=10c,+0.0,FLAT,-3.0,+52.0,4.2,+0.21,0.05,SLOW,4410.27,4410.99,4410.18,4410.90,0.00,0.00,0.0,BEARISH,81.0,4410.82,4410.82,4410.78,4410.79,9,ACTIVE_9s,4.0,3.0,0.0,1.0,0.0,25.0,25.0,BLOCKED_25.0%,4410.67,12.0,NO,STANDBY_VEL_LOW,0,0.00,4590.00,85.34,FALSE,OPP_WICK_TOO_HIGH_0.25|OPENING_SHIELD_ACTIVE_9s|PRICE_ABOVE_15C_DISPLACEMENT
2026-09-07 17:45:10.211,1788803110.212,1937,14,14,4410.79,4410.87,8.0,PASS_<=10c,+0.0,FLAT,-3.0,+52.0,4.2,+0.21,0.05,SLOW,4410.27,4410.99,4410.18,4410.90,0.00,0.00,0.0,BEARISH,81.0,4410.82,4410.82,4410.78,4410.79,10,ACTIVE_10s,4.0,3.0,0.0,1.0,0.0,25.0,25.0,BLOCKED_25.0%,4410.67,12.0,NO,STANDBY_VEL_LOW,0,0.00,4590.00,85.34,FALSE,OPP_WICK_TOO_HIGH_0.25|OPENING_SHIELD_ACTIVE_10s|PRICE_ABOVE_15C_DISPLACEMENT
2026-09-07 17:45:10.713,1788803110.713,1938,15,15,4410.79,4410.87,8.0,PASS_<=10c,+0.0,FLAT,-3.0,+52.0,4.2,+0.21,0.05,SLOW,4410.27,4410.99,4410.18,4410.90,0.00,0.00,0.0,BEARISH,81.0,4410.82,4410.82,4410.78,4410.79,10,ACTIVE_10s,4.0,3.0,0.0,1.0,0.0,25.0,25.0,BLOCKED_25.0%,4410.67,12.0,NO,STANDBY_VEL_LOW,0,0.00,4590.00,85.34,FALSE,OPP_WICK_TOO_HIGH_0.25|OPENING_SHIELD_ACTIVE_10s|PRICE_ABOVE_15C_DISPLACEMENT
2026-09-07 17:45:11.215,1788803111.215,1939,16,16,4410.79,4410.87,8.0,PASS_<=10c,+0.0,FLAT,-3.0,+52.0,4.2,+0.21,0.05,SLOW,4410.27,4410.99,4410.18,4410.90,0.00,0.00,0.0,BEARISH,81.0,4410.82,4410.82,4410.78,4410.79,11,ACTIVE_11s,4.0,3.0,0.0,1.0,0.0,25.0,25.0,BLOCKED_25.0%,4410.67,12.0,NO,STANDBY_VEL_LOW,0,0.00,4590.00,85.34,FALSE,OPP_WICK_TOO_HIGH_0.25|OPENING_SHIELD_ACTIVE_11s|PRICE_ABOVE_15C_DISPLACEMENT
2026-09-07 17:45:11.717,1788803111.718,1940,17,17,4410.79,4410.87,8.0,PASS_<=10c,+0.0,FLAT,-3.0,+52.0,4.2,+0.21,0.05,SLOW,4410.27,4410.99,4410.18,4410.90,0.00,0.00,0.0,BEARISH,81.0,4410.82,4410.82,4410.78,4410.79,11,ACTIVE_11s,4.0,3.0,0.0,1.0,0.0,25.0,25.0,BLOCKED_25.0%,4410.67,12.0,NO,STANDBY_VEL_LOW,0,0.00,4590.00,85.34,FALSE,OPP_WICK_TOO_HIGH_0.25|OPENING_SHIELD_ACTIVE_11s|PRICE_ABOVE_15C_DISPLACEMENT
2026-09-07 17:45:17.235,1788803117.236,1941,18,18,4410.79,4410.87,8.0,PASS_<=10c,+0.0,FLAT,-3.0,+52.0,1.4,+0.00,0.00,SLOW,4410.27,4410.99,4410.18,4410.90,0.00,0.00,0.0,BEARISH,81.0,4410.82,4410.82,4410.78,4410.79,17,ACTIVE_17s,4.0,3.0,0.0,1.0,0.0,25.0,25.0,BLOCKED_25.0%,4410.67,12.0,NO,STANDBY_VEL_LOW,0,0.00,4590.00,85.34,FALSE,OPP_WICK_TOO_HIGH_0.25|OPENING_SHIELD_ACTIVE_17s|PRICE_ABOVE_15C_DISPLACEMENT
2026-09-07 17:45:27.513,1788803127.514,1942,19,19,4410.79,4410.87,8.0,PASS_<=10c,+0.0,FLAT,-3.0,+52.0,1.3,+0.00,0.00,SLOW,4410.27,4410.99,4410.18,4410.90,0.00,0.00,0.0,BEARISH,81.0,4410.82,4410.82,4410.78,4410.79,27,CLEARED_>=20s,4.0,3.0,0.0,1.0,0.0,25.0,25.0,BLOCKED_25.0%,4410.67,12.0,NO,STANDBY_VEL_LOW,0,0.00,4590.00,85.34,FALSE,OPP_WICK_TOO_HIGH_0.25|PRICE_ABOVE_15C_DISPLACEMENT
2026-09-07 17:45:28.922,1788803128.922,1943,20,20,4410.79,4410.87,8.0,PASS_<=10c,+0.0,FLAT,-3.0,+52.0,2.1,+0.00,0.00,SLOW,4410.27,4410.99,4410.18,4410.90,0.00,0.00,0.0,BEARISH,81.0,4410.82,4410.82,4410.78,4410.79,28,CLEARED_>=20s,4.0,3.0,0.0,1.0,0.0,25.0,25.0,BLOCKED_25.0%,4410.67,12.0,NO,STANDBY_VEL_LOW,0,0.00,4590.00,85.34,FALSE,OPP_WICK_TOO_HIGH_0.25|PRICE_ABOVE_15C_DISPLACEMENT
2026-09-07 17:45:29.424,1788803129.425,1944,21,21,4409.78,4409.86,8.0,PASS_<=10c,-101.0,DOWN,-104.0,-49.0,2.6,+52.86,20.33,SLOW,4410.27,4410.99,4410.18,4410.90,0.00,0.00,0.0,BEARISH,81.0,4410.82,4410.82,4409.78,4409.78,29,CLEARED_>=20s,104.0,104.0,0.0,0.0,0.0,0.0,0.0,PASS_<20%,4410.67,89.0,YES,STANDBY_VEL_LOW,0,0.00,4590.00,85.34,TRUE,READY_TO_FIRE
2026-09-07 17:45:53.105,1788803153.106,1945,22,22,4409.78,4409.86,8.0,PASS_<=10c,+0.0,FLAT,-104.0,-49.0,1.0,+0.00,0.00,SLOW,4410.27,4410.99,4410.18,4410.90,0.00,0.00,0.0,BEARISH,81.0,4410.82,4410.82,4409.78,4409.78,53,CLEARED_>=20s,104.0,104.0,0.0,0.0,0.0,0.0,0.0,PASS_<20%,4410.67,89.0,YES,STANDBY_VEL_LOW,3,3968.83,621.17,85.34,TRUE,READY_TO_FIRE
2026-09-07 17:45:55.382,1788803155.383,1946,23,23,4410.07,4410.15,8.0,PASS_<=10c,+29.0,UP,-75.0,-20.0,1.3,+12.74,9.80,SLOW,4410.27,4410.99,4410.18,4410.90,0.00,0.00,0.0,BEARISH,81.0,4410.82,4410.82,4409.78,4410.07,55,CLEARED_>=20s,104.0,75.0,0.0,29.0,0.0,27.9,27.9,BLOCKED_27.9%,4410.67,60.0,NO,STANDBY_VEL_LOW,2,2645.87,1944.13,84.77,FALSE,OPP_WICK_TOO_HIGH_0.28
2026-09-07 17:45:57.208,1788803157.209,1947,24,24,4410.10,4410.18,8.0,PASS_<=10c,+3.0,UP,-72.0,-17.0,1.2,+7.80,6.50,SLOW,4410.27,4410.99,4410.18,4410.90,0.00,0.00,0.0,BEARISH,81.0,4410.82,4410.82,4409.78,4410.10,57,CLEARED_>=20s,104.0,72.0,0.0,32.0,0.0,30.8,30.8,BLOCKED_30.8%,4410.67,57.0,NO,STANDBY_VEL_LOW,1,1322.93,3267.07,84.20,FALSE,OPP_WICK_TOO_HIGH_0.31
2026-09-07 17:45:57.710,1788803157.711,1948,25,25,4410.10,4410.18,8.0,PASS_<=10c,+0.0,FLAT,-72.0,-17.0,1.5,+6.95,4.63,SLOW,4410.27,4410.99,4410.18,4410.90,0.00,0.00,0.0,BEARISH,81.0,4410.82,4410.82,4409.78,4410.10,57,CLEARED_>=20s,104.0,72.0,0.0,32.0,0.0,30.8,30.8,BLOCKED_30.8%,4410.67,57.0,NO,STANDBY_VEL_LOW,1,1322.93,3267.07,84.20,FALSE,OPP_WICK_TOO_HIGH_0.31
2026-09-07 17:45:58.212,1788803158.213,1949,26,26,4410.10,4410.18,8.0,PASS_<=10c,+0.0,FLAT,-72.0,-17.0,2.6,+0.97,0.37,SLOW,4410.27,4410.99,4410.18,4410.90,0.00,0.00,0.0,BEARISH,81.0,4410.82,4410.82,4409.78,4410.10,58,CLEARED_>=20s,104.0,72.0,0.0,32.0,0.0,30.8,30.8,BLOCKED_30.8%,4410.67,57.0,NO,STANDBY_VEL_LOW,1,1322.93,3267.07,84.20,FALSE,OPP_WICK_TOO_HIGH_0.31
2026-09-07 17:45:58.718,1788803158.719,1950,27,27,4410.08,4410.16,8.0,PASS_<=10c,-2.0,DOWN,-74.0,-19.0,2.8,+0.28,0.10,SLOW,4410.27,4410.99,4410.18,4410.90,0.00,0.00,0.0,BEARISH,81.0,4410.82,4410.82,4409.78,4410.08,58,CLEARED_>=20s,104.0,74.0,0.0,30.0,0.0,28.8,28.8,BLOCKED_28.8%,4410.67,59.0,NO,STANDBY_VEL_LOW,1,1322.93,3267.07,84.20,FALSE,OPP_WICK_TOO_HIGH_0.29
2026-09-07 17:45:59.215,1788803159.215,1951,28,28,4410.08,4410.16,8.0,PASS_<=10c,+0.0,FLAT,-74.0,-19.0,2.9,+0.24,0.08,SLOW,4410.27,4410.99,4410.18,4410.90,0.00,0.00,0.0,BEARISH,81.0,4410.82,4410.82,4409.78,4410.08,59,CLEARED_>=20s,104.0,74.0,0.0,30.0,0.0,28.8,28.8,BLOCKED_28.8%,4410.67,59.0,NO,STANDBY_VEL_LOW,1,1322.93,3267.07,84.20,FALSE,OPP_WICK_TOO_HIGH_0.29
2026-09-07 17:45:59.717,1788803159.717,1952,29,29,4410.08,4410.16,8.0,PASS_<=10c,+0.0,FLAT,-74.0,-19.0,3.1,+0.22,0.07,SLOW,4410.27,4410.99,4410.18,4410.90,0.00,0.00,0.0,BEARISH,81.0,4410.82,4410.82,4409.78,4410.08,59,CLEARED_>=20s,104.0,74.0,0.0,30.0,0.0,28.8,28.8,BLOCKED_28.8%,4410.67,59.0,NO,STANDBY_VEL_LOW,1,1322.93,3267.07,84.20,FALSE,OPP_WICK_TOO_HIGH_0.29
2026-09-07 17:46:00.256,1788803160.257,1953,1,30,4410.08,4410.16,8.0,PASS_<=10c,+0.0,FLAT,+0.0,-19.0,3.1,+0.21,0.07,SLOW,4410.27,4410.99,4410.18,4410.90,0.00,0.00,0.0,BEARISH,81.0,4410.08,4410.08,4410.08,4410.08,0,ACTIVE_0s,1.0,0.0,0.0,0.0,0.0,0.0,0.0,PASS_<20%,0.00,0.0,NO,STANDBY_VEL_LOW,1,1322.93,3267.07,84.20,FALSE,M1_DIRECTION_MISMATCH|OPENING_SHIELD_ACTIVE_0s
2026-09-07 17:46:00.758,1788803160.759,1954,2,31,4410.08,4410.16,8.0,PASS_<=10c,+0.0,FLAT,+0.0,-19.0,4.2,+1.05,0.25,SLOW,4410.27,4410.99,4410.18,4410.90,0.00,0.00,0.0,BEARISH,81.0,4410.08,4410.08,4410.08,4410.08,0,ACTIVE_0s,1.0,0.0,0.0,0.0,0.0,0.0,0.0,PASS_<20%,0.00,0.0,NO,STANDBY_VEL_LOW,1,1322.93,3267.07,84.20,FALSE,M1_DIRECTION_MISMATCH|OPENING_SHIELD_ACTIVE_0s
2026-09-07 17:46:01.264,1788803161.265,1955,3,32,4410.08,4410.16,8.0,PASS_<=10c,+0.0,FLAT,+0.0,-19.0,4.2,+0.93,0.22,SLOW,4410.27,4410.99,4410.18,4410.90,0.00,0.00,0.0,BEARISH,81.0,4410.08,4410.08,4410.08,4410.08,1,ACTIVE_1s,1.0,0.0,0.0,0.0,0.0,0.0,0.0,PASS_<20%,0.00,0.0,NO,STANDBY_VEL_LOW,1,1322.93,3267.07,84.20,FALSE,M1_DIRECTION_MISMATCH|OPENING_SHIELD_ACTIVE_1s
2026-09-07 17:46:01.765,1788803161.766,1956,4,33,4410.08,4410.16,8.0,PASS_<=10c,+0.0,FLAT,+0.0,-19.0,4.2,+0.83,0.20,SLOW,4410.27,4410.99,4410.18,4410.90,0.00,0.00,0.0,BEARISH,81.0,4410.08,4410.08,4410.08,4410.08,1,ACTIVE_1s,1.0,0.0,0.0,0.0,0.0,0.0,0.0,PASS_<20%,0.00,0.0,NO,STANDBY_VEL_LOW,1,1322.93,3267.07,84.20,FALSE,M1_DIRECTION_MISMATCH|OPENING_SHIELD_ACTIVE_1s
2026-09-07 17:46:02.267,1788803162.267,1957,5,34,4410.08,4410.16,8.0,PASS_<=10c,+0.0,FLAT,+0.0,-19.0,4.2,+0.42,0.10,SLOW,4410.27,4410.99,4410.18,4410.90,0.00,0.00,0.0,BEARISH,81.0,4410.08,4410.08,4410.08,4410.08,2,ACTIVE_2s,1.0,0.0,0.0,0.0,0.0,0.0,0.0,PASS_<20%,0.00,0.0,NO,STANDBY_VEL_LOW,1,1322.93,3267.07,84.20,FALSE,M1_DIRECTION_MISMATCH|OPENING_SHIELD_ACTIVE_2s
2026-09-07 17:46:07.783,1788803167.783,1958,6,35,4410.08,4410.16,8.0,PASS_<=10c,+0.0,FLAT,+0.0,-19.0,1.0,+0.00,0.00,SLOW,4410.27,4410.99,4410.18,4410.90,0.00,0.00,0.0,BEARISH,81.0,4410.08,4410.08,4410.08,4410.08,7,ACTIVE_7s,1.0,0.0,0.0,0.0,0.0,0.0,0.0,PASS_<20%,0.00,0.0,NO,STANDBY_VEL_LOW,1,1322.93,3267.07,84.20,FALSE,M1_DIRECTION_MISMATCH|OPENING_SHIELD_ACTIVE_7s
2026-09-07 17:46:18.071,1788803178.071,1959,7,36,4410.08,4410.16,8.0,PASS_<=10c,+0.0,FLAT,+0.0,-19.0,1.0,+0.00,0.00,SLOW,4410.27,4410.99,4410.18,4410.90,0.00,0.00,0.0,BEARISH,81.0,4410.08,4410.08,4410.08,4410.08,18,ACTIVE_18s,1.0,0.0,0.0,0.0,0.0,0.0,0.0,PASS_<20%,0.00,0.0,NO,STANDBY_VEL_LOW,1,1322.93,3267.07,84.20,FALSE,M1_DIRECTION_MISMATCH|OPENING_SHIELD_ACTIVE_18s
2026-09-07 17:46:20.283,1788803180.283,1960,8,37,4410.08,4410.16,8.0,PASS_<=10c,+0.0,FLAT,+0.0,-19.0,1.4,+0.00,0.00,SLOW,4410.27,4410.99,4410.18,4410.90,0.00,0.00,0.0,BEARISH,81.0,4410.08,4410.08,4410.08,4410.08,20,CLEARED_>=20s,1.0,0.0,0.0,0.0,0.0,0.0,0.0,PASS_<20%,0.00,0.0,NO,STANDBY_VEL_LOW,1,1322.93,3267.07,84.20,FALSE,M1_DIRECTION_MISMATCH
2026-09-07 17:46:20.784,1788803180.785,1961,9,38,4410.09,4410.17,8.0,PASS_<=10c,+1.0,UP,+1.0,-18.0,1.8,+0.37,0.21,SLOW,4410.27,4410.99,4410.18,4410.90,0.00,0.00,0.0,BEARISH,81.0,4410.08,4410.09,4410.08,4410.09,20,CLEARED_>=20s,1.0,1.0,0.0,0.0,0.0,0.0,0.0,PASS_<20%,0.00,0.0,NO,STANDBY_VEL_LOW,1,1322.93,3267.07,84.20,FALSE,M1_DIRECTION_MISMATCH
2026-09-07 17:46:21.307,1788803181.307,1962,10,39,4410.09,4410.17,8.0,PASS_<=10c,+0.0,FLAT,+1.0,-18.0,2.2,+0.31,0.14,SLOW,4410.27,4410.99,4410.18,4410.90,0.00,0.00,0.0,BEARISH,81.0,4410.08,4410.09,4410.08,4410.09,21,CLEARED_>=20s,1.0,1.0,0.0,0.0,0.0,0.0,0.0,PASS_<20%,0.00,0.0,NO,STANDBY_VEL_LOW,1,1322.93,3267.07,84.20,FALSE,M1_DIRECTION_MISMATCH
2026-09-07 17:46:21.793,1788803181.793,1963,11,40,4410.09,4410.17,8.0,PASS_<=10c,+0.0,FLAT,+1.0,-18.0,2.4,+0.27,0.11,SLOW,4410.27,4410.99,4410.18,4410.90,0.00,0.00,0.0,BEARISH,81.0,4410.08,4410.09,4410.08,4410.09,21,CLEARED_>=20s,1.0,1.0,0.0,0.0,0.0,0.0,0.0,PASS_<20%,0.00,0.0,NO,STANDBY_VEL_LOW,1,1322.93,3267.07,84.20,FALSE,M1_DIRECTION_MISMATCH
2026-09-07 17:46:22.295,1788803182.296,1964,12,41,4410.09,4410.17,8.0,PASS_<=10c,+0.0,FLAT,+1.0,-18.0,2.6,+0.24,0.09,SLOW,4410.27,4410.99,4410.18,4410.90,0.00,0.00,0.0,BEARISH,81.0,4410.08,4410.09,4410.08,4410.09,22,CLEARED_>=20s,1.0,1.0,0.0,0.0,0.0,0.0,0.0,PASS_<20%,0.00,0.0,NO,STANDBY_VEL_LOW,1,1322.93,3267.07,84.20,FALSE,M1_DIRECTION_MISMATCH
2026-09-07 17:46:22.796,1788803182.797,1965,13,42,4410.09,4410.17,8.0,PASS_<=10c,+0.0,FLAT,+1.0,-18.0,2.8,+0.21,0.07,SLOW,4410.27,4410.99,4410.18,4410.90,0.00,0.00,0.0,BEARISH,81.0,4410.08,4410.09,4410.08,4410.09,22,CLEARED_>=20s,1.0,1.0,0.0,0.0,0.0,0.0,0.0,PASS_<20%,0.00,0.0,NO,STANDBY_VEL_LOW,1,1322.93,3267.07,84.20,FALSE,M1_DIRECTION_MISMATCH
2026-09-07 17:46:23.298,1788803183.298,1966,14,43,4410.09,4410.17,8.0,PASS_<=10c,+0.0,FLAT,+1.0,-18.0,4.5,+0.32,0.07,SLOW,4410.27,4410.99,4410.18,4410.90,0.00,0.00,0.0,BEARISH,81.0,4410.08,4410.09,4410.08,4410.09,23,CLEARED_>=20s,1.0,1.0,0.0,0.0,0.0,0.0,0.0,PASS_<20%,0.00,0.0,NO,STANDBY_VEL_LOW,1,1322.93,3267.07,84.20,FALSE,M1_DIRECTION_MISMATCH
2026-09-07 17:46:23.799,1788803183.799,1967,15,44,4410.09,4410.17,8.0,PASS_<=10c,+0.0,FLAT,+1.0,-18.0,4.4,+0.28,0.06,SLOW,4410.27,4410.99,4410.18,4410.90,0.00,0.00,0.0,BEARISH,81.0,4410.08,4410.09,4410.08,4410.09,23,CLEARED_>=20s,1.0,1.0,0.0,0.0,0.0,0.0,0.0,PASS_<20%,0.00,0.0,NO,STANDBY_VEL_LOW,1,1322.93,3267.07,84.20,FALSE,M1_DIRECTION_MISMATCH
2026-09-07 17:46:24.300,1788803184.301,1968,16,45,4410.09,4410.17,8.0,PASS_<=10c,+0.0,FLAT,+1.0,-18.0,4.4,+0.24,0.05,SLOW,4410.27,4410.99,4410.18,4410.90,0.00,0.00,0.0,BEARISH,81.0,4410.08,4410.09,4410.08,4410.09,24,CLEARED_>=20s,1.0,1.0,0.0,0.0,0.0,0.0,0.0,PASS_<20%,0.00,0.0,NO,STANDBY_VEL_LOW,1,1322.93,3267.07,84.20,FALSE,M1_DIRECTION_MISMATCH
2026-09-07 17:46:24.802,1788803184.803,1969,17,46,4410.09,4410.17,8.0,PASS_<=10c,+0.0,FLAT,+1.0,-18.0,4.3,+0.22,0.05,SLOW,4410.27,4410.99,4410.18,4410.90,0.00,0.00,0.0,BEARISH,81.0,4410.08,4410.09,4410.08,4410.09,24,CLEARED_>=20s,1.0,1.0,0.0,0.0,0.0,0.0,0.0,PASS_<20%,0.00,0.0,NO,STANDBY_VEL_LOW,1,1322.93,3267.07,84.20,FALSE,M1_DIRECTION_MISMATCH
2026-09-07 17:46:25.305,1788803185.306,1970,18,47,4410.09,4410.17,8.0,PASS_<=10c,+0.0,FLAT,+1.0,-18.0,4.2,+0.00,0.00,SLOW,4410.27,4410.99,4410.18,4410.90,0.00,0.00,0.0,BEARISH,81.0,4410.08,4410.09,4410.08,4410.09,25,CLEARED_>=20s,1.0,1.0,0.0,0.0,0.0,0.0,0.0,PASS_<20%,0.00,0.0,NO,STANDBY_VEL_LOW,1,1322.93,3267.07,84.20,FALSE,M1_DIRECTION_MISMATCH
2026-09-07 17:46:25.807,1788803185.807,1971,19,48,4410.09,4410.17,8.0,PASS_<=10c,+0.0,FLAT,+1.0,-18.0,4.2,+0.00,0.00,SLOW,4410.27,4410.99,4410.18,4410.90,0.00,0.00,0.0,BEARISH,81.0,4410.08,4410.09,4410.08,4410.09,25,CLEARED_>=20s,1.0,1.0,0.0,0.0,0.0,0.0,0.0,PASS_<20%,0.00,0.0,NO,STANDBY_VEL_LOW,1,1322.93,3267.07,84.20,FALSE,M1_DIRECTION_MISMATCH
2026-09-07 17:46:26.310,1788803186.310,1972,20,49,4410.09,4410.17,8.0,PASS_<=10c,+0.0,FLAT,+1.0,-18.0,4.2,+0.00,0.00,SLOW,4410.27,4410.99,4410.18,4410.90,0.00,0.00,0.0,BEARISH,81.0,4410.08,4410.09,4410.08,4410.09,26,CLEARED_>=20s,1.0,1.0,0.0,0.0,0.0,0.0,0.0,PASS_<20%,0.00,0.0,NO,STANDBY_VEL_LOW,1,1322.93,3267.07,84.20,FALSE,M1_DIRECTION_MISMATCH
2026-09-07 17:46:26.814,1788803186.815,1973,21,50,4410.09,4410.17,8.0,PASS_<=10c,+0.0,FLAT,+1.0,-18.0,4.2,+0.00,0.00,SLOW,4410.27,4410.99,4410.18,4410.90,0.00,0.00,0.0,BEARISH,81.0,4410.08,4410.09,4410.08,4410.09,26,CLEARED_>=20s,1.0,1.0,0.0,0.0,0.0,0.0,0.0,PASS_<20%,0.00,0.0,NO,STANDBY_VEL_LOW,1,1322.93,3267.07,84.20,FALSE,M1_DIRECTION_MISMATCH
2026-09-07 17:46:27.314,1788803187.314,1974,22,51,4410.09,4410.17,8.0,PASS_<=10c,+0.0,FLAT,+1.0,-18.0,4.2,+0.00,0.00,SLOW,4410.27,4410.99,4410.18,4410.90,0.00,0.00,0.0,BEARISH,81.0,4410.08,4410.09,4410.08,4410.09,27,CLEARED_>=20s,1.0,1.0,0.0,0.0,0.0,0.0,0.0,PASS_<20%,0.00,0.0,NO,STANDBY_VEL_LOW,1,1322.93,3267.07,84.20,FALSE,M1_DIRECTION_MISMATCH
2026-09-07 17:46:27.816,1788803187.816,1975,23,52,4410.09,4410.17,8.0,PASS_<=10c,+0.0,FLAT,+1.0,-18.0,4.2,+0.00,0.00,SLOW,4410.27,4410.99,4410.18,4410.90,0.00,0.00,0.0,BEARISH,81.0,4410.08,4410.09,4410.08,4410.09,27,CLEARED_>=20s,1.0,1.0,0.0,0.0,0.0,0.0,0.0,PASS_<20%,0.00,0.0,NO,STANDBY_VEL_LOW,1,1322.93,3267.07,84.20,FALSE,M1_DIRECTION_MISMATCH
2026-09-07 17:46:28.317,1788803188.318,1976,24,53,4410.09,4410.17,8.0,PASS_<=10c,+0.0,FLAT,+1.0,-18.0,4.2,+0.00,0.00,SLOW,4410.27,4410.99,4410.18,4410.90,0.00,0.00,0.0,BEARISH,81.0,4410.08,4410.09,4410.08,4410.09,28,CLEARED_>=20s,1.0,1.0,0.0,0.0,0.0,0.0,0.0,PASS_<20%,0.00,0.0,NO,STANDBY_VEL_LOW,1,1322.93,3267.07,84.20,FALSE,M1_DIRECTION_MISMATCH
2026-09-07 17:46:38.718,1788803198.719,1977,25,54,4410.09,4410.17,8.0,PASS_<=10c,+0.0,FLAT,+1.0,-18.0,1.3,+0.61,0.47,SLOW,4410.27,4410.99,4410.18,4410.90,0.00,0.00,0.0,BEARISH,81.0,4410.08,4410.09,4410.08,4410.09,38,CLEARED_>=20s,1.0,1.0,0.0,0.0,0.0,0.0,0.0,PASS_<20%,0.00,0.0,NO,STANDBY_VEL_LOW,1,1322.93,3267.07,84.20,FALSE,M1_DIRECTION_MISMATCH
2026-09-07 17:46:45.746,1788803205.746,1978,26,55,4410.09,4410.17,8.0,PASS_<=10c,+0.0,FLAT,+1.0,-18.0,1.2,+0.54,0.45,SLOW,4410.27,4410.99,4410.18,4410.90,0.00,0.00,0.0,BEARISH,81.0,4410.08,4410.09,4410.08,4410.09,45,CLEARED_>=20s,1.0,1.0,0.0,0.0,0.0,0.0,0.0,PASS_<20%,0.00,0.0,NO,STANDBY_VEL_LOW,1,1322.93,3267.07,84.20,FALSE,M1_DIRECTION_MISMATCH
2026-09-07 17:46:46.102,1788803206.102,1979,27,56,4410.00,4410.08,8.0,PASS_<=10c,-9.0,DOWN,-8.0,-27.0,1.8,+3.98,2.21,SLOW,4410.27,4410.99,4410.18,4410.90,0.00,0.00,0.0,BEARISH,81.0,4410.08,4410.09,4410.00,4410.00,46,CLEARED_>=20s,9.0,8.0,1.0,0.0,11.1,0.0,0.0,PASS_<20%,4409.93,7.0,NO,STANDBY_VEL_LOW,1,1322.93,3267.07,84.20,FALSE,PRICE_ABOVE_15C_DISPLACEMENT
2026-09-07 17:46:46.602,1788803206.603,1980,28,57,4410.00,4410.08,8.0,PASS_<=10c,+0.0,FLAT,-8.0,-27.0,2.2,+3.26,1.48,SLOW,4410.27,4410.99,4410.18,4410.90,0.00,0.00,0.0,BEARISH,81.0,4410.08,4410.09,4410.00,4410.00,46,CLEARED_>=20s,9.0,8.0,1.0,0.0,11.1,0.0,0.0,PASS_<20%,4409.93,7.0,NO,STANDBY_VEL_LOW,1,1322.93,3267.07,84.20,FALSE,PRICE_ABOVE_15C_DISPLACEMENT
2026-09-07 17:46:47.107,1788803207.107,1981,29,58,4410.00,4410.08,8.0,PASS_<=10c,+0.0,FLAT,-8.0,-27.0,2.5,+2.76,1.10,SLOW,4410.27,4410.99,4410.18,4410.90,0.00,0.00,0.0,BEARISH,81.0,4410.08,4410.09,4410.00,4410.00,47,CLEARED_>=20s,9.0,8.0,1.0,0.0,11.1,0.0,0.0,PASS_<20%,4409.93,7.0,NO,STANDBY_VEL_LOW,1,1322.93,3267.07,84.20,FALSE,PRICE_ABOVE_15C_DISPLACEMENT
2026-09-07 17:46:47.607,1788803207.607,1982,30,59,4410.00,4410.08,8.0,PASS_<=10c,+0.0,FLAT,-8.0,-27.0,2.7,+2.39,0.89,SLOW,4410.27,4410.99,4410.18,4410.90,0.00,0.00,0.0,BEARISH,81.0,4410.08,4410.09,4410.00,4410.00,47,CLEARED_>=20s,9.0,8.0,1.0,0.0,11.1,0.0,0.0,PASS_<20%,4409.93,7.0,NO,STANDBY_VEL_LOW,1,1322.93,3267.07,84.20,FALSE,PRICE_ABOVE_15C_DISPLACEMENT
2026-09-07 17:46:48.110,1788803208.110,1983,31,60,4410.00,4410.08,8.0,PASS_<=10c,+0.0,FLAT,-8.0,-27.0,2.8,+2.11,0.75,SLOW,4410.27,4410.99,4410.18,4410.90,0.00,0.00,0.0,BEARISH,81.0,4410.08,4410.09,4410.00,4410.00,48,CLEARED_>=20s,9.0,8.0,1.0,0.0,11.1,0.0,0.0,PASS_<20%,4409.93,7.0,NO,STANDBY_VEL_LOW,1,1322.93,3267.07,84.20,FALSE,PRICE_ABOVE_15C_DISPLACEMENT
2026-09-07 17:46:48.610,1788803208.611,1984,32,61,4410.00,4410.08,8.0,PASS_<=10c,+0.0,FLAT,-8.0,-27.0,2.9,+1.89,0.65,SLOW,4410.27,4410.99,4410.18,4410.90,0.00,0.00,0.0,BEARISH,81.0,4410.08,4410.09,4410.00,4410.00,48,CLEARED_>=20s,9.0,8.0,1.0,0.0,11.1,0.0,0.0,PASS_<20%,4409.93,7.0,NO,STANDBY_VEL_LOW,1,1322.93,3267.07,84.20,FALSE,PRICE_ABOVE_15C_DISPLACEMENT
2026-09-07 17:46:49.112,1788803209.113,1985,33,62,4410.00,4410.08,8.0,PASS_<=10c,+0.0,FLAT,-8.0,-27.0,4.5,+2.67,0.59,SLOW,4410.27,4410.99,4410.18,4410.90,0.00,0.00,0.0,BEARISH,81.0,4410.08,4410.09,4410.00,4410.00,49,CLEARED_>=20s,9.0,8.0,1.0,0.0,11.1,0.0,0.0,PASS_<20%,4409.93,7.0,NO,STANDBY_VEL_LOW,1,1322.93,3267.07,84.20,FALSE,PRICE_ABOVE_15C_DISPLACEMENT
2026-09-07 17:46:49.614,1788803209.615,1986,34,63,4410.00,4410.08,8.0,PASS_<=10c,+0.0,FLAT,-8.0,-27.0,4.4,+2.33,0.53,SLOW,4410.27,4410.99,4410.18,4410.90,0.00,0.00,0.0,BEARISH,81.0,4410.08,4410.09,4410.00,4410.00,49,CLEARED_>=20s,9.0,8.0,1.0,0.0,11.1,0.0,0.0,PASS_<20%,4409.93,7.0,NO,STANDBY_VEL_LOW,1,1322.93,3267.07,84.20,FALSE,PRICE_ABOVE_15C_DISPLACEMENT
2026-09-07 17:46:50.116,1788803210.116,1987,35,64,4410.00,4410.08,8.0,PASS_<=10c,+0.0,FLAT,-8.0,-27.0,4.3,+2.06,0.48,SLOW,4410.27,4410.99,4410.18,4410.90,0.00,0.00,0.0,BEARISH,81.0,4410.08,4410.09,4410.00,4410.00,50,CLEARED_>=20s,9.0,8.0,1.0,0.0,11.1,0.0,0.0,PASS_<20%,4409.93,7.0,NO,STANDBY_VEL_LOW,1,1322.93,3267.07,84.20,FALSE,PRICE_ABOVE_15C_DISPLACEMENT
2026-09-07 17:46:50.617,1788803210.618,1988,36,65,4410.00,4410.08,8.0,PASS_<=10c,+0.0,FLAT,-8.0,-27.0,4.3,+1.85,0.43,SLOW,4410.27,4410.99,4410.18,4410.90,0.00,0.00,0.0,BEARISH,81.0,4410.08,4410.09,4410.00,4410.00,50,CLEARED_>=20s,9.0,8.0,1.0,0.0,11.1,0.0,0.0,PASS_<20%,4409.93,7.0,NO,STANDBY_VEL_LOW,1,1322.93,3267.07,84.20,FALSE,PRICE_ABOVE_15C_DISPLACEMENT
2026-09-07 17:46:51.120,1788803211.120,1989,37,66,4410.00,4410.08,8.0,PASS_<=10c,+0.0,FLAT,-8.0,-27.0,4.2,+0.38,0.09,SLOW,4410.27,4410.99,4410.18,4410.90,0.00,0.00,0.0,BEARISH,81.0,4410.08,4410.09,4410.00,4410.00,51,CLEARED_>=20s,9.0,8.0,1.0,0.0,11.1,0.0,0.0,PASS_<20%,4409.93,7.0,NO,STANDBY_VEL_LOW,1,1322.93,3267.07,84.20,FALSE,PRICE_ABOVE_15C_DISPLACEMENT
2026-09-07 17:46:51.622,1788803211.622,1990,38,67,4410.00,4410.08,8.0,PASS_<=10c,+0.0,FLAT,-8.0,-27.0,4.2,+0.38,0.09,SLOW,4410.27,4410.99,4410.18,4410.90,0.00,0.00,0.0,BEARISH,81.0,4410.08,4410.09,4410.00,4410.00,51,CLEARED_>=20s,9.0,8.0,1.0,0.0,11.1,0.0,0.0,PASS_<20%,4409.93,7.0,NO,STANDBY_VEL_LOW,1,1322.93,3267.07,84.20,FALSE,PRICE_ABOVE_15C_DISPLACEMENT
2026-09-07 17:46:52.123,1788803212.123,1991,39,68,4410.00,4410.08,8.0,PASS_<=10c,+0.0,FLAT,-8.0,-27.0,4.2,+0.37,0.09,SLOW,4410.27,4410.99,4410.18,4410.90,0.00,0.00,0.0,BEARISH,81.0,4410.08,4410.09,4410.00,4410.00,52,CLEARED_>=20s,9.0,8.0,1.0,0.0,11.1,0.0,0.0,PASS_<20%,4409.93,7.0,NO,STANDBY_VEL_LOW,1,1322.93,3267.07,84.20,FALSE,PRICE_ABOVE_15C_DISPLACEMENT
2026-09-07 17:46:52.625,1788803212.626,1992,40,69,4410.00,4410.08,8.0,PASS_<=10c,+0.0,FLAT,-8.0,-27.0,4.2,+0.37,0.09,SLOW,4410.27,4410.99,4410.18,4410.90,0.00,0.00,0.0,BEARISH,81.0,4410.08,4410.09,4410.00,4410.00,52,CLEARED_>=20s,9.0,8.0,1.0,0.0,11.1,0.0,0.0,PASS_<20%,4409.93,7.0,NO,STANDBY_VEL_LOW,1,1322.93,3267.07,84.20,FALSE,PRICE_ABOVE_15C_DISPLACEMENT
2026-09-07 17:46:53.127,1788803213.127,1993,41,70,4410.00,4410.08,8.0,PASS_<=10c,+0.0,FLAT,-8.0,-27.0,4.2,+0.00,0.00,SLOW,4410.27,4410.99,4410.18,4410.90,0.00,0.00,0.0,BEARISH,81.0,4410.08,4410.09,4410.00,4410.00,53,CLEARED_>=20s,9.0,8.0,1.0,0.0,11.1,0.0,0.0,PASS_<20%,4409.93,7.0,NO,STANDBY_VEL_LOW,1,1322.93,3267.07,84.20,FALSE,PRICE_ABOVE_15C_DISPLACEMENT
2026-09-07 17:46:53.628,1788803213.629,1994,42,71,4410.00,4410.08,8.0,PASS_<=10c,+0.0,FLAT,-8.0,-27.0,4.2,+0.00,0.00,SLOW,4410.27,4410.99,4410.18,4410.90,0.00,0.00,0.0,BEARISH,81.0,4410.08,4410.09,4410.00,4410.00,53,CLEARED_>=20s,9.0,8.0,1.0,0.0,11.1,0.0,0.0,PASS_<20%,4409.93,7.0,NO,STANDBY_VEL_LOW,1,1322.93,3267.07,84.20,FALSE,PRICE_ABOVE_15C_DISPLACEMENT
2026-09-07 17:47:04.009,1788803224.009,1995,1,72,4410.00,4410.08,8.0,PASS_<=10c,+0.0,FLAT,+0.0,-27.0,1.3,+0.00,0.00,SLOW,4410.27,4410.99,4410.18,4410.90,0.00,0.00,0.0,BEARISH,81.0,4410.00,4410.00,4410.00,4410.00,4,ACTIVE_4s,1.0,0.0,0.0,0.0,0.0,0.0,0.0,PASS_<20%,0.00,0.0,NO,STANDBY_VEL_LOW,1,1322.93,3267.07,84.20,FALSE,M1_DIRECTION_MISMATCH|OPENING_SHIELD_ACTIVE_4s
2026-09-07 17:47:12.036,1788803232.036,1996,2,73,4410.00,4410.08,8.0,PASS_<=10c,+0.0,FLAT,+0.0,-27.0,1.3,+0.00,0.00,SLOW,4410.27,4410.99,4410.18,4410.90,0.00,0.00,0.0,BEARISH,81.0,4410.00,4410.00,4410.00,4410.00,12,ACTIVE_12s,1.0,0.0,0.0,0.0,0.0,0.0,0.0,PASS_<20%,0.00,0.0,NO,STANDBY_VEL_LOW,1,1322.93,3267.07,84.20,FALSE,M1_DIRECTION_MISMATCH|OPENING_SHIELD_ACTIVE_12s
2026-09-07 17:47:12.393,1788803232.394,1997,3,74,4410.33,4410.41,8.0,PASS_<=10c,+33.0,UP,+33.0,+6.0,1.3,+10.10,7.77,SLOW,4410.27,4410.99,4410.18,4410.90,0.00,0.00,0.0,BEARISH,81.0,4410.00,4410.33,4410.00,4410.33,12,ACTIVE_12s,33.0,33.0,0.0,0.0,0.0,0.0,0.0,PASS_<20%,0.00,0.0,NO,STANDBY_VEL_LOW,1,1322.93,3267.07,84.20,FALSE,M1_DIRECTION_MISMATCH|OPENING_SHIELD_ACTIVE_12s
2026-09-07 17:47:12.895,1788803232.896,1998,4,75,4410.33,4410.41,8.0,PASS_<=10c,+0.0,FLAT,+33.0,+6.0,1.6,+8.75,5.47,SLOW,4410.27,4410.99,4410.18,4410.90,0.00,0.00,0.0,BEARISH,81.0,4410.00,4410.33,4410.00,4410.33,12,ACTIVE_12s,33.0,33.0,0.0,0.0,0.0,0.0,0.0,PASS_<20%,0.00,0.0,NO,STANDBY_VEL_LOW,1,1322.93,3267.07,84.20,FALSE,M1_DIRECTION_MISMATCH|OPENING_SHIELD_ACTIVE_12s
2026-09-07 17:47:13.397,1788803233.398,1999,5,76,4410.33,4410.41,8.0,PASS_<=10c,+0.0,FLAT,+33.0,+6.0,1.9,+7.73,4.07,SLOW,4410.27,4410.99,4410.18,4410.90,0.00,0.00,0.0,BEARISH,81.0,4410.00,4410.33,4410.00,4410.33,13,ACTIVE_13s,33.0,33.0,0.0,0.0,0.0,0.0,0.0,PASS_<20%,0.00,0.0,NO,STANDBY_VEL_LOW,1,1322.93,3267.07,84.20,FALSE,M1_DIRECTION_MISMATCH|OPENING_SHIELD_ACTIVE_13s
2026-09-07 17:47:13.899,1788803233.900,2000,6,77,4410.33,4410.41,8.0,PASS_<=10c,+0.0,FLAT,+33.0,+6.0,2.1,+6.91,3.29,SLOW,4410.27,4410.99,4410.18,4410.90,0.00,0.00,0.0,BEARISH,81.0,4410.00,4410.33,4410.00,4410.33,13,ACTIVE_13s,33.0,33.0,0.0,0.0,0.0,0.0,0.0,PASS_<20%,0.00,0.0,NO,STANDBY_VEL_LOW,1,1322.93,3267.07,84.20,FALSE,M1_DIRECTION_MISMATCH|OPENING_SHIELD_ACTIVE_13s
2026-09-07 17:47:14.401,1788803234.401,2001,7,78,4410.33,4410.41,8.0,PASS_<=10c,+0.0,FLAT,+33.0,+6.0,4.6,+13.94,3.03,SLOW,4410.27,4410.99,4410.18,4410.90,0.00,0.00,0.0,BEARISH,81.0,4410.00,4410.33,4410.00,4410.33,14,ACTIVE_14s,33.0,33.0,0.0,0.0,0.0,0.0,0.0,PASS_<20%,0.00,0.0,NO,STANDBY_VEL_LOW,1,1322.93,3267.07,84.20,FALSE,M1_DIRECTION_MISMATCH|OPENING_SHIELD_ACTIVE_14s
2026-09-07 17:47:14.903,1788803234.904,2002,8,79,4410.33,4410.41,8.0,PASS_<=10c,+0.0,FLAT,+33.0,+6.0,4.5,+11.50,2.56,SLOW,4410.27,4410.99,4410.18,4410.90,0.00,0.00,0.0,BEARISH,81.0,4410.00,4410.33,4410.00,4410.33,14,ACTIVE_14s,33.0,33.0,0.0,0.0,0.0,0.0,0.0,PASS_<20%,0.00,0.0,NO,STANDBY_VEL_LOW,1,1322.93,3267.07,84.20,FALSE,M1_DIRECTION_MISMATCH|OPENING_SHIELD_ACTIVE_14s
2026-09-07 17:47:15.404,1788803235.405,2003,9,80,4410.33,4410.41,8.0,PASS_<=10c,+0.0,FLAT,+33.0,+6.0,4.5,+9.79,2.18,SLOW,4410.27,4410.99,4410.18,4410.90,0.00,0.00,0.0,BEARISH,81.0,4410.00,4410.33,4410.00,4410.33,15,ACTIVE_15s,33.0,33.0,0.0,0.0,0.0,0.0,0.0,PASS_<20%,0.00,0.0,NO,STANDBY_VEL_LOW,1,1322.93,3267.07,84.20,FALSE,M1_DIRECTION_MISMATCH|OPENING_SHIELD_ACTIVE_15s
2026-09-07 17:47:15.906,1788803235.906,2004,10,81,4410.33,4410.41,8.0,PASS_<=10c,+0.0,FLAT,+33.0,+6.0,4.4,+8.52,1.94,SLOW,4410.27,4410.99,4410.18,4410.90,0.00,0.00,0.0,BEARISH,81.0,4410.00,4410.33,4410.00,4410.33,15,ACTIVE_15s,33.0,33.0,0.0,0.0,0.0,0.0,0.0,PASS_<20%,0.00,0.0,NO,STANDBY_VEL_LOW,1,1322.93,3267.07,84.20,FALSE,M1_DIRECTION_MISMATCH|OPENING_SHIELD_ACTIVE_15s
2026-09-07 17:47:16.408,1788803236.408,2005,11,82,4410.33,4410.41,8.0,PASS_<=10c,+0.0,FLAT,+33.0,+6.0,4.3,+7.54,1.75,SLOW,4410.27,4410.99,4410.18,4410.90,0.00,0.00,0.0,BEARISH,81.0,4410.00,4410.33,4410.00,4410.33,16,ACTIVE_16s,33.0,33.0,0.0,0.0,0.0,0.0,0.0,PASS_<20%,0.00,0.0,NO,STANDBY_VEL_LOW,1,1322.93,3267.07,84.20,FALSE,M1_DIRECTION_MISMATCH|OPENING_SHIELD_ACTIVE_16s
2026-09-07 17:47:16.910,1788803236.910,2006,12,83,4410.33,4410.41,8.0,PASS_<=10c,+0.0,FLAT,+33.0,+6.0,4.3,+6.77,1.57,SLOW,4410.27,4410.99,4410.18,4410.90,0.00,0.00,0.0,BEARISH,81.0,4410.00,4410.33,4410.00,4410.33,16,ACTIVE_16s,33.0,33.0,0.0,0.0,0.0,0.0,0.0,PASS_<20%,0.00,0.0,NO,STANDBY_VEL_LOW,1,1322.93,3267.07,84.20,FALSE,M1_DIRECTION_MISMATCH|OPENING_SHIELD_ACTIVE_16s
2026-09-07 17:47:17.415,1788803237.415,2007,13,84,4410.33,4410.41,8.0,PASS_<=10c,+0.0,FLAT,+33.0,+6.0,4.2,+0.42,0.10,SLOW,4410.27,4410.99,4410.18,4410.90,0.00,0.00,0.0,BEARISH,81.0,4410.00,4410.33,4410.00,4410.33,17,ACTIVE_17s,33.0,33.0,0.0,0.0,0.0,0.0,0.0,PASS_<20%,0.00,0.0,NO,STANDBY_VEL_LOW,1,1322.93,3267.07,84.20,FALSE,M1_DIRECTION_MISMATCH|OPENING_SHIELD_ACTIVE_17s
2026-09-07 17:47:17.917,1788803237.917,2008,14,85,4410.33,4410.41,8.0,PASS_<=10c,+0.0,FLAT,+33.0,+6.0,4.2,+0.42,0.10,SLOW,4410.27,4410.99,4410.18,4410.90,0.00,0.00,0.0,BEARISH,81.0,4410.00,4410.33,4410.00,4410.33,17,ACTIVE_17s,33.0,33.0,0.0,0.0,0.0,0.0,0.0,PASS_<20%,0.00,0.0,NO,STANDBY_VEL_LOW,1,1322.93,3267.07,84.20,FALSE,M1_DIRECTION_MISMATCH|OPENING_SHIELD_ACTIVE_17s
2026-09-07 17:47:18.418,1788803238.419,2009,15,86,4410.33,4410.41,8.0,PASS_<=10c,+0.0,FLAT,+33.0,+6.0,4.2,+0.43,0.10,SLOW,4410.27,4410.99,4410.18,4410.90,0.00,0.00,0.0,BEARISH,81.0,4410.00,4410.33,4410.00,4410.33,18,ACTIVE_18s,33.0,33.0,0.0,0.0,0.0,0.0,0.0,PASS_<20%,0.00,0.0,NO,STANDBY_VEL_LOW,1,1322.93,3267.07,84.20,FALSE,M1_DIRECTION_MISMATCH|OPENING_SHIELD_ACTIVE_18s
2026-09-07 17:47:18.919,1788803238.920,2010,16,87,4410.33,4410.41,8.0,PASS_<=10c,+0.0,FLAT,+33.0,+6.0,4.2,+0.43,0.10,SLOW,4410.27,4410.99,4410.18,4410.90,0.00,0.00,0.0,BEARISH,81.0,4410.00,4410.33,4410.00,4410.33,18,ACTIVE_18s,33.0,33.0,0.0,0.0,0.0,0.0,0.0,PASS_<20%,0.00,0.0,NO,STANDBY_VEL_LOW,1,1322.93,3267.07,84.20,FALSE,M1_DIRECTION_MISMATCH|OPENING_SHIELD_ACTIVE_18s
2026-09-07 17:47:19.420,1788803239.421,2011,17,88,4410.33,4410.41,8.0,PASS_<=10c,+0.0,FLAT,+33.0,+6.0,4.2,+0.42,0.10,SLOW,4410.27,4410.99,4410.18,4410.90,0.00,0.00,0.0,BEARISH,81.0,4410.00,4410.33,4410.00,4410.33,19,ACTIVE_19s,33.0,33.0,0.0,0.0,0.0,0.0,0.0,PASS_<20%,0.00,0.0,NO,STANDBY_VEL_LOW,1,1322.93,3267.07,84.20,FALSE,M1_DIRECTION_MISMATCH|OPENING_SHIELD_ACTIVE_19s
2026-09-07 17:47:19.923,1788803239.923,2012,18,89,4410.33,4410.41,8.0,PASS_<=10c,+0.0,FLAT,+33.0,+6.0,4.2,+0.42,0.10,SLOW,4410.27,4410.99,4410.18,4410.90,0.00,0.00,0.0,BEARISH,81.0,4410.00,4410.33,4410.00,4410.33,19,ACTIVE_19s,33.0,33.0,0.0,0.0,0.0,0.0,0.0,PASS_<20%,0.00,0.0,NO,STANDBY_VEL_LOW,1,1322.93,3267.07,84.20,FALSE,M1_DIRECTION_MISMATCH|OPENING_SHIELD_ACTIVE_19s
2026-09-07 17:47:30.317,1788803250.317,2013,19,90,4410.33,4410.41,8.0,PASS_<=10c,+0.0,FLAT,+33.0,+6.0,1.3,+0.42,0.32,SLOW,4410.27,4410.99,4410.18,4410.90,0.00,0.00,0.0,BEARISH,81.0,4410.00,4410.33,4410.00,4410.33,30,CLEARED_>=20s,33.0,33.0,0.0,0.0,0.0,0.0,0.0,PASS_<20%,0.00,0.0,NO,STANDBY_VEL_LOW,1,1322.93,3267.07,84.20,FALSE,M1_DIRECTION_MISMATCH
2026-09-07 17:47:37.161,1788803257.162,2014,20,91,4410.33,4410.41,8.0,PASS_<=10c,+0.0,FLAT,+33.0,+6.0,1.3,+0.41,0.32,SLOW,4410.27,4410.99,4410.18,4410.90,0.00,0.00,0.0,BEARISH,81.0,4410.00,4410.33,4410.00,4410.33,37,CLEARED_>=20s,33.0,33.0,0.0,0.0,0.0,0.0,0.0,PASS_<20%,0.00,0.0,NO,STANDBY_VEL_LOW,1,1322.93,3267.07,84.20,FALSE,M1_DIRECTION_MISMATCH
2026-09-07 17:47:37.517,1788803257.518,2015,21,92,4410.40,4410.48,8.0,PASS_<=10c,+7.0,UP,+40.0,+13.0,1.9,+3.39,1.78,SLOW,4410.27,4410.99,4410.18,4410.90,0.00,0.00,0.0,BEARISH,81.0,4410.00,4410.40,4410.00,4410.40,37,CLEARED_>=20s,40.0,40.0,0.0,0.0,0.0,0.0,0.0,PASS_<20%,0.00,0.0,NO,STANDBY_VEL_LOW,1,1322.93,3267.07,84.20,FALSE,M1_DIRECTION_MISMATCH
2026-09-07 17:47:38.019,1788803258.019,2016,22,93,4410.40,4410.48,8.0,PASS_<=10c,+0.0,FLAT,+40.0,+13.0,2.3,+2.73,1.19,SLOW,4410.27,4410.99,4410.18,4410.90,0.00,0.00,0.0,BEARISH,81.0,4410.00,4410.40,4410.00,4410.40,38,CLEARED_>=20s,40.0,40.0,0.0,0.0,0.0,0.0,0.0,PASS_<20%,0.00,0.0,NO,STANDBY_VEL_LOW,1,1322.93,3267.07,84.20,FALSE,M1_DIRECTION_MISMATCH
2026-09-07 17:47:38.520,1788803258.521,2017,23,94,4410.37,4410.45,8.0,PASS_<=10c,-3.0,DOWN,+37.0,+10.0,2.6,+1.31,0.50,SLOW,4410.27,4410.99,4410.18,4410.90,0.00,0.00,0.0,BEARISH,81.0,4410.00,4410.40,4410.00,4410.37,38,CLEARED_>=20s,40.0,37.0,3.0,0.0,7.5,0.0,0.0,PASS_<20%,0.00,0.0,NO,STANDBY_VEL_LOW,1,1322.93,3267.07,84.20,FALSE,M1_DIRECTION_MISMATCH
2026-09-07 17:47:39.021,1788803259.022,2018,24,95,4410.37,4410.45,8.0,PASS_<=10c,+0.0,FLAT,+37.0,+10.0,2.8,+1.12,0.40,SLOW,4410.27,4410.99,4410.18,4410.90,0.00,0.00,0.0,BEARISH,81.0,4410.00,4410.40,4410.00,4410.37,39,CLEARED_>=20s,40.0,37.0,3.0,0.0,7.5,0.0,0.0,PASS_<20%,0.00,0.0,NO,STANDBY_VEL_LOW,1,1322.93,3267.07,84.20,FALSE,M1_DIRECTION_MISMATCH
2026-09-07 17:47:39.523,1788803259.524,2019,25,96,4410.37,4410.45,8.0,PASS_<=10c,+0.0,FLAT,+37.0,+10.0,2.9,+0.98,0.34,SLOW,4410.27,4410.99,4410.18,4410.90,0.00,0.00,0.0,BEARISH,81.0,4410.00,4410.40,4410.00,4410.37,39,CLEARED_>=20s,40.0,37.0,3.0,0.0,7.5,0.0,0.0,PASS_<20%,0.00,0.0,NO,STANDBY_VEL_LOW,1,1322.93,3267.07,84.20,FALSE,M1_DIRECTION_MISMATCH
2026-09-07 17:47:40.025,1788803260.026,2020,26,97,4410.37,4410.45,8.0,PASS_<=10c,+0.0,FLAT,+37.0,+10.0,3.1,+0.88,0.28,SLOW,4410.27,4410.99,4410.18,4410.90,0.00,0.00,0.0,BEARISH,81.0,4410.00,4410.40,4410.00,4410.37,40,CLEARED_>=20s,40.0,37.0,3.0,0.0,7.5,0.0,0.0,PASS_<20%,0.00,0.0,NO,STANDBY_VEL_LOW,1,1322.93,3267.07,84.20,FALSE,M1_DIRECTION_MISMATCH
2026-09-07 17:47:40.528,1788803260.528,2021,27,98,4410.37,4410.45,8.0,PASS_<=10c,+0.0,FLAT,+37.0,+10.0,4.5,+1.19,0.26,SLOW,4410.27,4410.99,4410.18,4410.90,0.00,0.00,0.0,BEARISH,81.0,4410.00,4410.40,4410.00,4410.37,40,CLEARED_>=20s,40.0,37.0,3.0,0.0,7.5,0.0,0.0,PASS_<20%,0.00,0.0,NO,STANDBY_VEL_LOW,1,1322.93,3267.07,84.20,FALSE,M1_DIRECTION_MISMATCH
2026-09-07 17:47:41.030,1788803261.030,2022,28,99,4410.36,4410.44,8.0,PASS_<=10c,-1.0,DOWN,+36.0,+9.0,4.4,+0.78,0.18,SLOW,4410.27,4410.99,4410.18,4410.90,0.00,0.00,0.0,BEARISH,81.0,4410.00,4410.40,4410.00,4410.36,41,CLEARED_>=20s,40.0,36.0,4.0,0.0,10.0,0.0,0.0,PASS_<20%,0.00,0.0,NO,STANDBY_VEL_LOW,1,1322.93,3267.07,84.20,FALSE,M1_DIRECTION_MISMATCH
2026-09-07 17:47:41.531,1788803261.532,2023,29,100,4410.36,4410.44,8.0,PASS_<=10c,+0.0,FLAT,+36.0,+9.0,4.3,+0.69,0.16,SLOW,4410.27,4410.99,4410.18,4410.90,0.00,0.00,0.0,BEARISH,81.0,4410.00,4410.40,4410.00,4410.36,41,CLEARED_>=20s,40.0,36.0,4.0,0.0,10.0,0.0,0.0,PASS_<20%,0.00,0.0,NO,STANDBY_VEL_LOW,1,1322.93,3267.07,84.20,FALSE,M1_DIRECTION_MISMATCH
2026-09-07 17:47:42.032,1788803262.033,2024,30,101,4410.36,4410.44,8.0,PASS_<=10c,+0.0,FLAT,+36.0,+9.0,4.3,+0.62,0.14,SLOW,4410.27,4410.99,4410.18,4410.90,0.00,0.00,0.0,BEARISH,81.0,4410.00,4410.40,4410.00,4410.36,42,CLEARED_>=20s,40.0,36.0,4.0,0.0,10.0,0.0,0.0,PASS_<20%,0.00,0.0,NO,STANDBY_VEL_LOW,1,1322.93,3267.07,84.20,FALSE,M1_DIRECTION_MISMATCH
2026-09-07 17:47:42.533,1788803262.534,2025,31,102,4410.36,4410.44,8.0,PASS_<=10c,+0.0,FLAT,+36.0,+9.0,4.2,+0.84,0.20,SLOW,4410.27,4410.99,4410.18,4410.90,0.00,0.00,0.0,BEARISH,81.0,4410.00,4410.40,4410.00,4410.36,42,CLEARED_>=20s,40.0,36.0,4.0,0.0,10.0,0.0,0.0,PASS_<20%,0.00,0.0,NO,STANDBY_VEL_LOW,1,1322.93,3267.07,84.20,FALSE,M1_DIRECTION_MISMATCH
2026-09-07 17:47:43.035,1788803263.036,2026,32,103,4410.36,4410.44,8.0,PASS_<=10c,+0.0,FLAT,+36.0,+9.0,4.2,+0.84,0.20,SLOW,4410.27,4410.99,4410.18,4410.90,0.00,0.00,0.0,BEARISH,81.0,4410.00,4410.40,4410.00,4410.36,43,CLEARED_>=20s,40.0,36.0,4.0,0.0,10.0,0.0,0.0,PASS_<20%,0.00,0.0,NO,STANDBY_VEL_LOW,1,1322.93,3267.07,84.20,FALSE,M1_DIRECTION_MISMATCH
2026-09-07 17:47:43.541,1788803263.542,2027,33,104,4410.36,4410.44,8.0,PASS_<=10c,+0.0,FLAT,+36.0,+9.0,4.2,+0.45,0.11,SLOW,4410.27,4410.99,4410.18,4410.90,0.00,0.00,0.0,BEARISH,81.0,4410.00,4410.40,4410.00,4410.36,43,CLEARED_>=20s,40.0,36.0,4.0,0.0,10.0,0.0,0.0,PASS_<20%,0.00,0.0,NO,STANDBY_VEL_LOW,1,1322.93,3267.07,84.20,FALSE,M1_DIRECTION_MISMATCH
2026-09-07 17:47:44.045,1788803264.045,2028,34,105,4410.36,4410.44,8.0,PASS_<=10c,+0.0,FLAT,+36.0,+9.0,4.2,+0.46,0.11,SLOW,4410.27,4410.99,4410.18,4410.90,0.00,0.00,0.0,BEARISH,81.0,4410.00,4410.40,4410.00,4410.36,44,CLEARED_>=20s,40.0,36.0,4.0,0.0,10.0,0.0,0.0,PASS_<20%,0.00,0.0,NO,STANDBY_VEL_LOW,1,1322.93,3267.07,84.20,FALSE,M1_DIRECTION_MISMATCH
2026-09-07 17:47:44.547,1788803264.547,2029,35,106,4410.36,4410.44,8.0,PASS_<=10c,+0.0,FLAT,+36.0,+9.0,4.2,+0.46,0.11,SLOW,4410.27,4410.99,4410.18,4410.90,0.00,0.00,0.0,BEARISH,81.0,4410.00,4410.40,4410.00,4410.36,44,CLEARED_>=20s,40.0,36.0,4.0,0.0,10.0,0.0,0.0,PASS_<20%,0.00,0.0,NO,STANDBY_VEL_LOW,1,1322.93,3267.07,84.20,FALSE,M1_DIRECTION_MISMATCH
2026-09-07 17:47:45.049,1788803265.049,2030,36,107,4410.36,4410.44,8.0,PASS_<=10c,+0.0,FLAT,+36.0,+9.0,4.2,+0.46,0.11,SLOW,4410.27,4410.99,4410.18,4410.90,0.00,0.00,0.0,BEARISH,81.0,4410.00,4410.40,4410.00,4410.36,45,CLEARED_>=20s,40.0,36.0,4.0,0.0,10.0,0.0,0.0,PASS_<20%,0.00,0.0,NO,STANDBY_VEL_LOW,1,1322.93,3267.07,84.20,FALSE,M1_DIRECTION_MISMATCH
2026-09-07 17:47:50.564,1788803270.565,2031,37,108,4410.36,4410.44,8.0,PASS_<=10c,+0.0,FLAT,+36.0,+9.0,1.5,+0.60,0.40,SLOW,4410.27,4410.99,4410.18,4410.90,0.00,0.00,0.0,BEARISH,81.0,4410.00,4410.40,4410.00,4410.36,50,CLEARED_>=20s,40.0,36.0,4.0,0.0,10.0,0.0,0.0,PASS_<20%,0.00,0.0,NO,STANDBY_VEL_LOW,1,1322.93,3267.07,84.20,FALSE,M1_DIRECTION_MISMATCH
2026-09-07 17:48:00.807,1788803280.807,2032,1,109,4410.36,4410.44,8.0,PASS_<=10c,+0.0,FLAT,+0.0,+9.0,1.3,+0.63,0.48,SLOW,4410.27,4410.99,4410.18,4410.90,0.00,0.00,0.0,BEARISH,81.0,4410.36,4410.36,4410.36,4410.36,0,ACTIVE_0s,1.0,0.0,0.0,0.0,0.0,0.0,0.0,PASS_<20%,0.00,0.0,NO,STANDBY_VEL_LOW,1,1322.93,3267.07,84.20,FALSE,M1_DIRECTION_MISMATCH|OPENING_SHIELD_ACTIVE_0s
2026-09-07 17:48:02.014,1788803282.014,2033,2,110,4410.36,4410.44,8.0,PASS_<=10c,+0.0,FLAT,+0.0,+9.0,2.5,+0.62,0.25,SLOW,4410.27,4410.99,4410.18,4410.90,0.00,0.00,0.0,BEARISH,81.0,4410.36,4410.36,4410.36,4410.36,2,ACTIVE_2s,1.0,0.0,0.0,0.0,0.0,0.0,0.0,PASS_<20%,0.00,0.0,NO,STANDBY_VEL_LOW,1,1322.93,3267.07,84.20,FALSE,M1_DIRECTION_MISMATCH|OPENING_SHIELD_ACTIVE_2s
2026-09-07 17:48:02.517,1788803282.517,2034,3,111,4410.28,4410.36,8.0,PASS_<=10c,-8.0,DOWN,-8.0,+1.0,2.9,+4.68,1.61,SLOW,4410.27,4410.99,4410.18,4410.90,0.00,0.00,0.0,BEARISH,81.0,4410.36,4410.36,4410.28,4410.28,2,ACTIVE_2s,8.0,8.0,0.0,0.0,0.0,0.0,0.0,PASS_<20%,4410.21,7.0,NO,STANDBY_VEL_LOW,1,1322.93,3267.07,84.20,FALSE,OPENING_SHIELD_ACTIVE_2s|PRICE_ABOVE_15C_DISPLACEMENT
2026-09-07 17:48:03.017,1788803283.017,2035,4,112,4410.30,4410.38,8.0,PASS_<=10c,+2.0,UP,-6.0,+3.0,3.2,+2.71,0.85,SLOW,4410.27,4410.99,4410.18,4410.90,0.00,0.00,0.0,BEARISH,81.0,4410.36,4410.36,4410.28,4410.30,3,ACTIVE_3s,8.0,6.0,0.0,2.0,0.0,25.0,25.0,BLOCKED_25.0%,4410.21,9.0,NO,STANDBY_VEL_LOW,1,1322.93,3267.07,84.20,FALSE,OPP_WICK_TOO_HIGH_0.25|OPENING_SHIELD_ACTIVE_3s|PRICE_ABOVE_15C_DISPLACEMENT
2026-09-07 17:48:03.519,1788803283.519,2036,5,113,4410.30,4410.38,8.0,PASS_<=10c,+0.0,FLAT,-6.0,+3.0,3.3,+2.21,0.67,SLOW,4410.27,4410.99,4410.18,4410.90,0.00,0.00,0.0,BEARISH,81.0,4410.36,4410.36,4410.28,4410.30,3,ACTIVE_3s,8.0,6.0,0.0,2.0,0.0,25.0,25.0,BLOCKED_25.0%,4410.21,9.0,NO,STANDBY_VEL_LOW,1,1322.93,3267.07,84.20,FALSE,OPP_WICK_TOO_HIGH_0.25|OPENING_SHIELD_ACTIVE_3s|PRICE_ABOVE_15C_DISPLACEMENT
2026-09-07 17:48:04.021,1788803284.022,2037,6,114,4410.30,4410.38,8.0,PASS_<=10c,+0.0,FLAT,-6.0,+3.0,3.4,+1.87,0.55,SLOW,4410.27,4410.99,4410.18,4410.90,0.00,0.00,0.0,BEARISH,81.0,4410.36,4410.36,4410.28,4410.30,4,ACTIVE_4s,8.0,6.0,0.0,2.0,0.0,25.0,25.0,BLOCKED_25.0%,4410.21,9.0,NO,STANDBY_VEL_LOW,1,1322.93,3267.07,84.20,FALSE,OPP_WICK_TOO_HIGH_0.25|OPENING_SHIELD_ACTIVE_4s|PRICE_ABOVE_15C_DISPLACEMENT
2026-09-07 17:48:04.522,1788803284.523,2038,7,115,4410.30,4410.38,8.0,PASS_<=10c,+0.0,FLAT,-6.0,+3.0,3.5,+1.61,0.46,SLOW,4410.27,4410.99,4410.18,4410.90,0.00,0.00,0.0,BEARISH,81.0,4410.36,4410.36,4410.28,4410.30,4,ACTIVE_4s,8.0,6.0,0.0,2.0,0.0,25.0,25.0,BLOCKED_25.0%,4410.21,9.0,NO,STANDBY_VEL_LOW,1,1322.93,3267.07,84.20,FALSE,OPP_WICK_TOO_HIGH_0.25|OPENING_SHIELD_ACTIVE_4s|PRICE_ABOVE_15C_DISPLACEMENT
2026-09-07 17:48:05.023,1788803285.024,2039,8,116,4410.31,4410.39,8.0,PASS_<=10c,+1.0,UP,-5.0,+4.0,3.6,+1.19,0.33,SLOW,4410.27,4410.99,4410.18,4410.90,0.00,0.00,0.0,BEARISH,81.0,4410.36,4410.36,4410.28,4410.31,5,ACTIVE_5s,8.0,5.0,0.0,3.0,0.0,37.5,37.5,BLOCKED_37.5%,4410.21,10.0,NO,STANDBY_VEL_LOW,1,1322.93,3267.07,84.20,FALSE,OPP_WICK_TOO_HIGH_0.38|OPENING_SHIELD_ACTIVE_5s|PRICE_ABOVE_15C_DISPLACEMENT
2026-09-07 17:48:05.526,1788803285.526,2040,9,117,4410.31,4410.39,8.0,PASS_<=10c,+0.0,FLAT,-5.0,+4.0,3.6,+1.06,0.29,SLOW,4410.27,4410.99,4410.18,4410.90,0.00,0.00,0.0,BEARISH,81.0,4410.36,4410.36,4410.28,4410.31,5,ACTIVE_5s,8.0,5.0,0.0,3.0,0.0,37.5,37.5,BLOCKED_37.5%,4410.21,10.0,NO,STANDBY_VEL_LOW,1,1322.93,3267.07,84.20,FALSE,OPP_WICK_TOO_HIGH_0.38|OPENING_SHIELD_ACTIVE_5s|PRICE_ABOVE_15C_DISPLACEMENT
2026-09-07 17:48:06.027,1788803286.028,2041,10,118,4410.31,4410.39,8.0,PASS_<=10c,+0.0,FLAT,-5.0,+4.0,4.4,+1.22,0.28,SLOW,4410.27,4410.99,4410.18,4410.90,0.00,0.00,0.0,BEARISH,81.0,4410.36,4410.36,4410.28,4410.31,6,ACTIVE_6s,8.0,5.0,0.0,3.0,0.0,37.5,37.5,BLOCKED_37.5%,4410.21,10.0,NO,STANDBY_VEL_LOW,1,1322.93,3267.07,84.20,FALSE,OPP_WICK_TOO_HIGH_0.38|OPENING_SHIELD_ACTIVE_6s|PRICE_ABOVE_15C_DISPLACEMENT
2026-09-07 17:48:06.529,1788803286.529,2042,11,119,4410.31,4410.39,8.0,PASS_<=10c,+0.0,FLAT,-5.0,+4.0,4.3,+1.08,0.25,SLOW,4410.27,4410.99,4410.18,4410.90,0.00,0.00,0.0,BEARISH,81.0,4410.36,4410.36,4410.28,4410.31,6,ACTIVE_6s,8.0,5.0,0.0,3.0,0.0,37.5,37.5,BLOCKED_37.5%,4410.21,10.0,NO,STANDBY_VEL_LOW,1,1322.93,3267.07,84.20,FALSE,OPP_WICK_TOO_HIGH_0.38|OPENING_SHIELD_ACTIVE_6s|PRICE_ABOVE_15C_DISPLACEMENT
2026-09-07 17:48:07.030,1788803287.031,2043,12,120,4410.31,4410.39,8.0,PASS_<=10c,+0.0,FLAT,-5.0,+4.0,4.2,+0.63,0.15,SLOW,4410.27,4410.99,4410.18,4410.90,0.00,0.00,0.0,BEARISH,81.0,4410.36,4410.36,4410.28,4410.31,7,ACTIVE_7s,8.0,5.0,0.0,3.0,0.0,37.5,37.5,BLOCKED_37.5%,4410.21,10.0,NO,STANDBY_VEL_LOW,1,1322.93,3267.07,84.20,FALSE,OPP_WICK_TOO_HIGH_0.38|OPENING_SHIELD_ACTIVE_7s|PRICE_ABOVE_15C_DISPLACEMENT
2026-09-07 17:48:07.532,1788803287.533,2044,13,121,4410.31,4410.39,8.0,PASS_<=10c,+0.0,FLAT,-5.0,+4.0,4.2,+0.63,0.15,SLOW,4410.27,4410.99,4410.18,4410.90,0.00,0.00,0.0,BEARISH,81.0,4410.36,4410.36,4410.28,4410.31,7,ACTIVE_7s,8.0,5.0,0.0,3.0,0.0,37.5,37.5,BLOCKED_37.5%,4410.21,10.0,NO,STANDBY_VEL_LOW,1,1322.93,3267.07,84.20,FALSE,OPP_WICK_TOO_HIGH_0.38|OPENING_SHIELD_ACTIVE_7s|PRICE_ABOVE_15C_DISPLACEMENT
2026-09-07 17:48:08.034,1788803288.035,2045,14,122,4410.31,4410.39,8.0,PASS_<=10c,+0.0,FLAT,-5.0,+4.0,4.2,+0.53,0.13,SLOW,4410.27,4410.99,4410.18,4410.90,0.00,0.00,0.0,BEARISH,81.0,4410.36,4410.36,4410.28,4410.31,8,ACTIVE_8s,8.0,5.0,0.0,3.0,0.0,37.5,37.5,BLOCKED_37.5%,4410.21,10.0,NO,STANDBY_VEL_LOW,1,1322.93,3267.07,84.20,FALSE,OPP_WICK_TOO_HIGH_0.38|OPENING_SHIELD_ACTIVE_8s|PRICE_ABOVE_15C_DISPLACEMENT
2026-09-07 17:48:08.549,1788803288.549,2046,15,123,4410.31,4410.39,8.0,PASS_<=10c,+0.0,FLAT,-5.0,+4.0,4.2,+0.52,0.12,SLOW,4410.27,4410.99,4410.18,4410.90,0.00,0.00,0.0,BEARISH,81.0,4410.36,4410.36,4410.28,4410.31,8,ACTIVE_8s,8.0,5.0,0.0,3.0,0.0,37.5,37.5,BLOCKED_37.5%,4410.21,10.0,NO,STANDBY_VEL_LOW,1,1322.93,3267.07,84.20,FALSE,OPP_WICK_TOO_HIGH_0.38|OPENING_SHIELD_ACTIVE_8s|PRICE_ABOVE_15C_DISPLACEMENT
2026-09-07 17:48:09.038,1788803289.038,2047,16,124,4410.31,4410.39,8.0,PASS_<=10c,+0.0,FLAT,-5.0,+4.0,4.2,+0.52,0.12,SLOW,4410.27,4410.99,4410.18,4410.90,0.00,0.00,0.0,BEARISH,81.0,4410.36,4410.36,4410.28,4410.31,9,ACTIVE_9s,8.0,5.0,0.0,3.0,0.0,37.5,37.5,BLOCKED_37.5%,4410.21,10.0,NO,STANDBY_VEL_LOW,1,1322.93,3267.07,84.20,FALSE,OPP_WICK_TOO_HIGH_0.38|OPENING_SHIELD_ACTIVE_9s|PRICE_ABOVE_15C_DISPLACEMENT
2026-09-07 17:48:09.540,1788803289.540,2048,17,125,4410.31,4410.39,8.0,PASS_<=10c,+0.0,FLAT,-5.0,+4.0,4.2,+0.54,0.13,SLOW,4410.27,4410.99,4410.18,4410.90,0.00,0.00,0.0,BEARISH,81.0,4410.36,4410.36,4410.28,4410.31,9,ACTIVE_9s,8.0,5.0,0.0,3.0,0.0,37.5,37.5,BLOCKED_37.5%,4410.21,10.0,NO,STANDBY_VEL_LOW,1,1322.93,3267.07,84.20,FALSE,OPP_WICK_TOO_HIGH_0.38|OPENING_SHIELD_ACTIVE_9s|PRICE_ABOVE_15C_DISPLACEMENT
2026-09-07 17:48:10.043,1788803290.043,2049,18,126,4410.31,4410.39,8.0,PASS_<=10c,+0.0,FLAT,-5.0,+4.0,4.2,+0.53,0.13,SLOW,4410.27,4410.99,4410.18,4410.90,0.00,0.00,0.0,BEARISH,81.0,4410.36,4410.36,4410.28,4410.31,10,ACTIVE_10s,8.0,5.0,0.0,3.0,0.0,37.5,37.5,BLOCKED_37.5%,4410.21,10.0,NO,STANDBY_VEL_LOW,1,1322.93,3267.07,84.20,FALSE,OPP_WICK_TOO_HIGH_0.38|OPENING_SHIELD_ACTIVE_10s|PRICE_ABOVE_15C_DISPLACEMENT
2026-09-07 17:48:20.425,1788803300.425,2050,19,127,4410.31,4410.39,8.0,PASS_<=10c,+0.0,FLAT,-5.0,+4.0,1.4,+0.00,0.00,SLOW,4410.27,4410.99,4410.18,4410.90,0.00,0.00,0.0,BEARISH,81.0,4410.36,4410.36,4410.28,4410.31,20,CLEARED_>=20s,8.0,5.0,0.0,3.0,0.0,37.5,37.5,BLOCKED_37.5%,4410.21,10.0,NO,STANDBY_VEL_LOW,1,1322.93,3267.07,84.20,FALSE,OPP_WICK_TOO_HIGH_0.38|PRICE_ABOVE_15C_DISPLACEMENT
2026-09-07 17:48:26.681,1788803306.682,2051,20,128,4410.31,4410.39,8.0,PASS_<=10c,+0.0,FLAT,-5.0,+4.0,1.8,+0.00,0.00,SLOW,4410.27,4410.99,4410.18,4410.90,0.00,0.00,0.0,BEARISH,81.0,4410.36,4410.36,4410.28,4410.31,26,CLEARED_>=20s,8.0,5.0,0.0,3.0,0.0,37.5,37.5,BLOCKED_37.5%,4410.21,10.0,NO,STANDBY_VEL_LOW,1,1322.93,3267.07,84.20,FALSE,OPP_WICK_TOO_HIGH_0.38|PRICE_ABOVE_15C_DISPLACEMENT
2026-09-07 17:48:27.038,1788803307.039,2052,21,129,4410.37,4410.45,8.0,PASS_<=10c,+6.0,UP,+1.0,+10.0,2.7,+4.11,1.52,SLOW,4410.27,4410.99,4410.18,4410.90,0.00,0.00,0.0,BEARISH,81.0,4410.36,4410.40,4410.28,4410.37,27,CLEARED_>=20s,12.0,1.0,3.0,8.0,25.0,66.7,66.7,BLOCKED_66.7%,0.00,0.0,NO,STANDBY_VEL_LOW,1,1322.93,3267.07,84.20,FALSE,M1_DIRECTION_MISMATCH
2026-09-07 17:48:27.537,1788803307.538,2053,22,130,4410.37,4410.45,8.0,PASS_<=10c,+0.0,FLAT,+1.0,+10.0,3.1,+3.06,0.99,SLOW,4410.27,4410.99,4410.18,4410.90,0.00,0.00,0.0,BEARISH,81.0,4410.36,4410.40,4410.28,4410.37,27,CLEARED_>=20s,12.0,1.0,3.0,8.0,25.0,66.7,66.7,BLOCKED_66.7%,0.00,0.0,NO,STANDBY_VEL_LOW,1,1322.93,3267.07,84.20,FALSE,M1_DIRECTION_MISMATCH
2026-09-07 17:48:28.038,1788803308.038,2054,23,131,4410.38,4410.46,8.0,PASS_<=10c,+1.0,UP,+2.0,+11.0,3.2,+2.84,0.89,SLOW,4410.27,4410.99,4410.18,4410.90,0.00,0.00,0.0,BEARISH,81.0,4410.36,4410.40,4410.28,4410.38,28,CLEARED_>=20s,12.0,2.0,2.0,8.0,16.7,66.7,66.7,BLOCKED_66.7%,0.00,0.0,NO,STANDBY_VEL_LOW,1,1322.93,3267.07,84.20,FALSE,M1_DIRECTION_MISMATCH
2026-09-07 17:48:28.539,1788803308.539,2055,24,132,4410.38,4410.46,8.0,PASS_<=10c,+0.0,FLAT,+2.0,+11.0,3.4,+2.36,0.69,SLOW,4410.27,4410.99,4410.18,4410.90,0.00,0.00,0.0,BEARISH,81.0,4410.36,4410.40,4410.28,4410.38,28,CLEARED_>=20s,12.0,2.0,2.0,8.0,16.7,66.7,66.7,BLOCKED_66.7%,0.00,0.0,NO,STANDBY_VEL_LOW,1,1322.93,3267.07,84.20,FALSE,M1_DIRECTION_MISMATCH
2026-09-07 17:48:29.039,1788803309.040,2056,25,133,4410.38,4410.46,8.0,PASS_<=10c,+0.0,FLAT,+2.0,+11.0,3.5,+2.02,0.58,SLOW,4410.27,4410.99,4410.18,4410.90,0.00,0.00,0.0,BEARISH,81.0,4410.36,4410.40,4410.28,4410.38,29,CLEARED_>=20s,12.0,2.0,2.0,8.0,16.7,66.7,66.7,BLOCKED_66.7%,0.00,0.0,NO,STANDBY_VEL_LOW,1,1322.93,3267.07,84.20,FALSE,M1_DIRECTION_MISMATCH
2026-09-07 17:48:29.540,1788803309.541,2057,26,134,4410.38,4410.46,8.0,PASS_<=10c,+0.0,FLAT,+2.0,+11.0,3.5,+1.77,0.51,SLOW,4410.27,4410.99,4410.18,4410.90,0.00,0.00,0.0,BEARISH,81.0,4410.36,4410.40,4410.28,4410.38,29,CLEARED_>=20s,12.0,2.0,2.0,8.0,16.7,66.7,66.7,BLOCKED_66.7%,0.00,0.0,NO,STANDBY_VEL_LOW,1,1322.93,3267.07,84.20,FALSE,M1_DIRECTION_MISMATCH
2026-09-07 17:48:30.042,1788803310.042,2058,27,135,4410.38,4410.46,8.0,PASS_<=10c,+0.0,FLAT,+2.0,+11.0,3.6,+1.57,0.44,SLOW,4410.27,4410.99,4410.18,4410.90,0.00,0.00,0.0,BEARISH,81.0,4410.36,4410.40,4410.28,4410.38,30,CLEARED_>=20s,12.0,2.0,2.0,8.0,16.7,66.7,66.7,BLOCKED_66.7%,0.00,0.0,NO,STANDBY_VEL_LOW,1,1322.93,3267.07,84.20,FALSE,M1_DIRECTION_MISMATCH
2026-09-07 17:48:30.543,1788803310.544,2059,28,136,4410.38,4410.46,8.0,PASS_<=10c,+0.0,FLAT,+2.0,+11.0,3.6,+1.41,0.39,SLOW,4410.27,4410.99,4410.18,4410.90,0.00,0.00,0.0,BEARISH,81.0,4410.36,4410.40,4410.28,4410.38,30,CLEARED_>=20s,12.0,2.0,2.0,8.0,16.7,66.7,66.7,BLOCKED_66.7%,0.00,0.0,NO,STANDBY_VEL_LOW,1,1322.93,3267.07,84.20,FALSE,M1_DIRECTION_MISMATCH
2026-09-07 17:48:31.045,1788803311.045,2060,29,137,4410.38,4410.46,8.0,PASS_<=10c,+0.0,FLAT,+2.0,+11.0,4.4,+1.60,0.36,SLOW,4410.27,4410.99,4410.18,4410.90,0.00,0.00,0.0,BEARISH,81.0,4410.36,4410.40,4410.28,4410.38,31,CLEARED_>=20s,12.0,2.0,2.0,8.0,16.7,66.7,66.7,BLOCKED_66.7%,0.00,0.0,NO,STANDBY_VEL_LOW,1,1322.93,3267.07,84.20,FALSE,M1_DIRECTION_MISMATCH
2026-09-07 17:48:31.546,1788803311.546,2061,30,138,4410.38,4410.46,8.0,PASS_<=10c,+0.0,FLAT,+2.0,+11.0,4.3,+1.44,0.33,SLOW,4410.27,4410.99,4410.18,4410.90,0.00,0.00,0.0,BEARISH,81.0,4410.36,4410.40,4410.28,4410.38,31,CLEARED_>=20s,12.0,2.0,2.0,8.0,16.7,66.7,66.7,BLOCKED_66.7%,0.00,0.0,NO,STANDBY_VEL_LOW,1,1322.93,3267.07,84.20,FALSE,M1_DIRECTION_MISMATCH
2026-09-07 17:48:32.047,1788803312.048,2062,31,139,4410.38,4410.46,8.0,PASS_<=10c,+0.0,FLAT,+2.0,+11.0,4.2,+0.21,0.05,SLOW,4410.27,4410.99,4410.18,4410.90,0.00,0.00,0.0,BEARISH,81.0,4410.36,4410.40,4410.28,4410.38,32,CLEARED_>=20s,12.0,2.0,2.0,8.0,16.7,66.7,66.7,BLOCKED_66.7%,0.00,0.0,NO,STANDBY_VEL_LOW,1,1322.93,3267.07,84.20,FALSE,M1_DIRECTION_MISMATCH
2026-09-07 17:48:32.549,1788803312.549,2063,32,140,4410.38,4410.46,8.0,PASS_<=10c,+0.0,FLAT,+2.0,+11.0,4.2,+0.21,0.05,SLOW,4410.27,4410.99,4410.18,4410.90,0.00,0.00,0.0,BEARISH,81.0,4410.36,4410.40,4410.28,4410.38,32,CLEARED_>=20s,12.0,2.0,2.0,8.0,16.7,66.7,66.7,BLOCKED_66.7%,0.00,0.0,NO,STANDBY_VEL_LOW,1,1322.93,3267.07,84.20,FALSE,M1_DIRECTION_MISMATCH
2026-09-07 17:48:33.050,1788803313.051,2064,33,141,4410.38,4410.46,8.0,PASS_<=10c,+0.0,FLAT,+2.0,+11.0,4.2,+0.09,0.02,SLOW,4410.27,4410.99,4410.18,4410.90,0.00,0.00,0.0,BEARISH,81.0,4410.36,4410.40,4410.28,4410.38,33,CLEARED_>=20s,12.0,2.0,2.0,8.0,16.7,66.7,66.7,BLOCKED_66.7%,0.00,0.0,NO,STANDBY_VEL_LOW,1,1322.93,3267.07,84.20,FALSE,M1_DIRECTION_MISMATCH
2026-09-07 17:48:33.552,1788803313.552,2065,34,142,4410.38,4410.46,8.0,PASS_<=10c,+0.0,FLAT,+2.0,+11.0,4.2,+0.09,0.02,SLOW,4410.27,4410.99,4410.18,4410.90,0.00,0.00,0.0,BEARISH,81.0,4410.36,4410.40,4410.28,4410.38,33,CLEARED_>=20s,12.0,2.0,2.0,8.0,16.7,66.7,66.7,BLOCKED_66.7%,0.00,0.0,NO,STANDBY_VEL_LOW,1,1322.93,3267.07,84.20,FALSE,M1_DIRECTION_MISMATCH
2026-09-07 17:48:34.054,1788803314.054,2066,35,143,4410.38,4410.46,8.0,PASS_<=10c,+0.0,FLAT,+2.0,+11.0,4.2,+0.09,0.02,SLOW,4410.27,4410.99,4410.18,4410.90,0.00,0.00,0.0,BEARISH,81.0,4410.36,4410.40,4410.28,4410.38,34,CLEARED_>=20s,12.0,2.0,2.0,8.0,16.7,66.7,66.7,BLOCKED_66.7%,0.00,0.0,NO,STANDBY_VEL_LOW,1,1322.93,3267.07,84.20,FALSE,M1_DIRECTION_MISMATCH
2026-09-07 17:48:34.557,1788803314.557,2067,36,144,4410.38,4410.46,8.0,PASS_<=10c,+0.0,FLAT,+2.0,+11.0,4.2,+0.08,0.02,SLOW,4410.27,4410.99,4410.18,4410.90,0.00,0.00,0.0,BEARISH,81.0,4410.36,4410.40,4410.28,4410.38,34,CLEARED_>=20s,12.0,2.0,2.0,8.0,16.7,66.7,66.7,BLOCKED_66.7%,0.00,0.0,NO,STANDBY_VEL_LOW,1,1322.93,3267.07,84.20,FALSE,M1_DIRECTION_MISMATCH
2026-09-07 17:48:44.943,1788803324.943,2068,37,145,4410.38,4410.46,8.0,PASS_<=10c,+0.0,FLAT,+2.0,+11.0,1.3,+0.03,0.02,SLOW,4410.27,4410.99,4410.18,4410.90,0.00,0.00,0.0,BEARISH,81.0,4410.36,4410.40,4410.28,4410.38,44,CLEARED_>=20s,12.0,2.0,2.0,8.0,16.7,66.7,66.7,BLOCKED_66.7%,0.00,0.0,NO,STANDBY_VEL_LOW,1,1322.93,3267.07,84.20,FALSE,M1_DIRECTION_MISMATCH
2026-09-07 17:48:51.561,1788803331.562,2069,38,146,4410.35,4410.43,8.0,PASS_<=10c,-3.0,DOWN,-1.0,+8.0,1.4,+2.00,1.43,SLOW,4410.27,4410.99,4410.18,4410.90,0.00,0.00,0.0,BEARISH,81.0,4410.36,4410.40,4410.28,4410.35,51,CLEARED_>=20s,12.0,1.0,4.0,7.0,33.3,58.3,58.3,BLOCKED_58.3%,4410.21,14.0,NO,STANDBY_VEL_LOW,1,1322.93,3267.07,84.20,FALSE,OPP_WICK_TOO_HIGH_0.58|PRICE_ABOVE_15C_DISPLACEMENT
2026-09-07 17:48:51.917,1788803331.917,2070,39,147,4410.35,4410.43,8.0,PASS_<=10c,+0.0,FLAT,-1.0,+8.0,2.2,+1.61,0.73,SLOW,4410.27,4410.99,4410.18,4410.90,0.00,0.00,0.0,BEARISH,81.0,4410.36,4410.40,4410.28,4410.35,51,CLEARED_>=20s,12.0,1.0,4.0,7.0,33.3,58.3,58.3,BLOCKED_58.3%,4410.21,14.0,NO,STANDBY_VEL_LOW,1,1322.93,3267.07,84.20,FALSE,OPP_WICK_TOO_HIGH_0.58|PRICE_ABOVE_15C_DISPLACEMENT
2026-09-07 17:48:52.418,1788803332.418,2071,40,148,4410.35,4410.43,8.0,PASS_<=10c,+0.0,FLAT,-1.0,+8.0,2.5,+1.27,0.51,SLOW,4410.27,4410.99,4410.18,4410.90,0.00,0.00,0.0,BEARISH,81.0,4410.36,4410.40,4410.28,4410.35,52,CLEARED_>=20s,12.0,1.0,4.0,7.0,33.3,58.3,58.3,BLOCKED_58.3%,4410.21,14.0,NO,STANDBY_VEL_LOW,1,1322.93,3267.07,84.20,FALSE,OPP_WICK_TOO_HIGH_0.58|PRICE_ABOVE_15C_DISPLACEMENT
2026-09-07 17:48:52.919,1788803332.920,2072,41,149,4410.35,4410.43,8.0,PASS_<=10c,+0.0,FLAT,-1.0,+8.0,2.8,+1.05,0.38,SLOW,4410.27,4410.99,4410.18,4410.90,0.00,0.00,0.0,BEARISH,81.0,4410.36,4410.40,4410.28,4410.35,52,CLEARED_>=20s,12.0,1.0,4.0,7.0,33.3,58.3,58.3,BLOCKED_58.3%,4410.21,14.0,NO,STANDBY_VEL_LOW,1,1322.93,3267.07,84.20,FALSE,OPP_WICK_TOO_HIGH_0.58|PRICE_ABOVE_15C_DISPLACEMENT
2026-09-07 17:48:53.420,1788803333.421,2073,42,150,4410.35,4410.43,8.0,PASS_<=10c,+0.0,FLAT,-1.0,+8.0,3.0,+0.89,0.30,SLOW,4410.27,4410.99,4410.18,4410.90,0.00,0.00,0.0,BEARISH,81.0,4410.36,4410.40,4410.28,4410.35,53,CLEARED_>=20s,12.0,1.0,4.0,7.0,33.3,58.3,58.3,BLOCKED_58.3%,4410.21,14.0,NO,STANDBY_VEL_LOW,1,1322.93,3267.07,84.20,FALSE,OPP_WICK_TOO_HIGH_0.58|PRICE_ABOVE_15C_DISPLACEMENT
2026-09-07 17:48:53.922,1788803333.923,2074,43,151,4410.35,4410.43,8.0,PASS_<=10c,+0.0,FLAT,-1.0,+8.0,3.1,+0.78,0.25,SLOW,4410.27,4410.99,4410.18,4410.90,0.00,0.00,0.0,BEARISH,81.0,4410.36,4410.40,4410.28,4410.35,53,CLEARED_>=20s,12.0,1.0,4.0,7.0,33.3,58.3,58.3,BLOCKED_58.3%,4410.21,14.0,NO,STANDBY_VEL_LOW,1,1322.93,3267.07,84.20,FALSE,OPP_WICK_TOO_HIGH_0.58|PRICE_ABOVE_15C_DISPLACEMENT
2026-09-07 17:48:54.423,1788803334.424,2075,44,152,4410.35,4410.43,8.0,PASS_<=10c,+0.0,FLAT,-1.0,+8.0,3.2,+0.69,0.22,SLOW,4410.27,4410.99,4410.18,4410.90,0.00,0.00,0.0,BEARISH,81.0,4410.36,4410.40,4410.28,4410.35,54,CLEARED_>=20s,12.0,1.0,4.0,7.0,33.3,58.3,58.3,BLOCKED_58.3%,4410.21,14.0,NO,STANDBY_VEL_LOW,1,1322.93,3267.07,84.20,FALSE,OPP_WICK_TOO_HIGH_0.58|PRICE_ABOVE_15C_DISPLACEMENT
2026-09-07 17:48:54.925,1788803334.925,2076,45,153,4410.35,4410.43,8.0,PASS_<=10c,+0.0,FLAT,-1.0,+8.0,3.3,+0.62,0.19,SLOW,4410.27,4410.99,4410.18,4410.90,0.00,0.00,0.0,BEARISH,81.0,4410.36,4410.40,4410.28,4410.35,54,CLEARED_>=20s,12.0,1.0,4.0,7.0,33.3,58.3,58.3,BLOCKED_58.3%,4410.21,14.0,NO,STANDBY_VEL_LOW,1,1322.93,3267.07,84.20,FALSE,OPP_WICK_TOO_HIGH_0.58|PRICE_ABOVE_15C_DISPLACEMENT
2026-09-07 17:48:55.426,1788803335.427,2077,46,154,4410.35,4410.43,8.0,PASS_<=10c,+0.0,FLAT,-1.0,+8.0,4.4,+0.00,0.00,SLOW,4410.27,4410.99,4410.18,4410.90,0.00,0.00,0.0,BEARISH,81.0,4410.36,4410.40,4410.28,4410.35,55,CLEARED_>=20s,12.0,1.0,4.0,7.0,33.3,58.3,58.3,BLOCKED_58.3%,4410.21,14.0,NO,STANDBY_VEL_LOW,1,1322.93,3267.07,84.20,FALSE,OPP_WICK_TOO_HIGH_0.58|PRICE_ABOVE_15C_DISPLACEMENT
2026-09-07 17:48:55.928,1788803335.928,2078,47,155,4410.35,4410.43,8.0,PASS_<=10c,+0.0,FLAT,-1.0,+8.0,4.4,+0.00,0.00,SLOW,4410.27,4410.99,4410.18,4410.90,0.00,0.00,0.0,BEARISH,81.0,4410.36,4410.40,4410.28,4410.35,55,CLEARED_>=20s,12.0,1.0,4.0,7.0,33.3,58.3,58.3,BLOCKED_58.3%,4410.21,14.0,NO,STANDBY_VEL_LOW,1,1322.93,3267.07,84.20,FALSE,OPP_WICK_TOO_HIGH_0.58|PRICE_ABOVE_15C_DISPLACEMENT
2026-09-07 17:48:56.430,1788803336.430,2079,48,156,4410.35,4410.43,8.0,PASS_<=10c,+0.0,FLAT,-1.0,+8.0,4.3,+0.00,0.00,SLOW,4410.27,4410.99,4410.18,4410.90,0.00,0.00,0.0,BEARISH,81.0,4410.36,4410.40,4410.28,4410.35,56,CLEARED_>=20s,12.0,1.0,4.0,7.0,33.3,58.3,58.3,BLOCKED_58.3%,4410.21,14.0,NO,STANDBY_VEL_LOW,1,1322.93,3267.07,84.20,FALSE,OPP_WICK_TOO_HIGH_0.58|PRICE_ABOVE_15C_DISPLACEMENT
2026-09-07 17:48:56.932,1788803336.933,2080,49,157,4410.35,4410.43,8.0,PASS_<=10c,+0.0,FLAT,-1.0,+8.0,4.2,+0.00,0.00,SLOW,4410.27,4410.99,4410.18,4410.90,0.00,0.00,0.0,BEARISH,81.0,4410.36,4410.40,4410.28,4410.35,56,CLEARED_>=20s,12.0,1.0,4.0,7.0,33.3,58.3,58.3,BLOCKED_58.3%,4410.21,14.0,NO,STANDBY_VEL_LOW,1,1322.93,3267.07,84.20,FALSE,OPP_WICK_TOO_HIGH_0.58|PRICE_ABOVE_15C_DISPLACEMENT
2026-09-07 17:48:57.434,1788803337.434,2081,50,158,4410.35,4410.43,8.0,PASS_<=10c,+0.0,FLAT,-1.0,+8.0,4.2,+0.00,0.00,SLOW,4410.27,4410.99,4410.18,4410.90,0.00,0.00,0.0,BEARISH,81.0,4410.36,4410.40,4410.28,4410.35,57,CLEARED_>=20s,12.0,1.0,4.0,7.0,33.3,58.3,58.3,BLOCKED_58.3%,4410.21,14.0,NO,STANDBY_VEL_LOW,1,1322.93,3267.07,84.20,FALSE,OPP_WICK_TOO_HIGH_0.58|PRICE_ABOVE_15C_DISPLACEMENT
2026-09-07 17:48:57.937,1788803337.937,2082,51,159,4410.35,4410.43,8.0,PASS_<=10c,+0.0,FLAT,-1.0,+8.0,4.2,+0.00,0.00,SLOW,4410.27,4410.99,4410.18,4410.90,0.00,0.00,0.0,BEARISH,81.0,4410.36,4410.40,4410.28,4410.35,57,CLEARED_>=20s,12.0,1.0,4.0,7.0,33.3,58.3,58.3,BLOCKED_58.3%,4410.21,14.0,NO,STANDBY_VEL_LOW,1,1322.93,3267.07,84.20,FALSE,OPP_WICK_TOO_HIGH_0.58|PRICE_ABOVE_15C_DISPLACEMENT
2026-09-07 17:48:58.438,1788803338.439,2083,52,160,4410.35,4410.43,8.0,PASS_<=10c,+0.0,FLAT,-1.0,+8.0,4.2,+0.00,0.00,SLOW,4410.27,4410.99,4410.18,4410.90,0.00,0.00,0.0,BEARISH,81.0,4410.36,4410.40,4410.28,4410.35,58,CLEARED_>=20s,12.0,1.0,4.0,7.0,33.3,58.3,58.3,BLOCKED_58.3%,4410.21,14.0,NO,STANDBY_VEL_LOW,1,1322.93,3267.07,84.20,FALSE,OPP_WICK_TOO_HIGH_0.58|PRICE_ABOVE_15C_DISPLACEMENT
2026-09-07 17:48:58.940,1788803338.940,2084,53,161,4410.35,4410.43,8.0,PASS_<=10c,+0.0,FLAT,-1.0,+8.0,4.2,+0.00,0.00,SLOW,4410.27,4410.99,4410.18,4410.90,0.00,0.00,0.0,BEARISH,81.0,4410.36,4410.40,4410.28,4410.35,58,CLEARED_>=20s,12.0,1.0,4.0,7.0,33.3,58.3,58.3,BLOCKED_58.3%,4410.21,14.0,NO,STANDBY_VEL_LOW,1,1322.93,3267.07,84.20,FALSE,OPP_WICK_TOO_HIGH_0.58|PRICE_ABOVE_15C_DISPLACEMENT
2026-09-07 17:48:59.441,1788803339.441,2085,54,162,4410.35,4410.43,8.0,PASS_<=10c,+0.0,FLAT,-1.0,+8.0,4.2,+0.00,0.00,SLOW,4410.27,4410.99,4410.18,4410.90,0.00,0.00,0.0,BEARISH,81.0,4410.36,4410.40,4410.28,4410.35,59,CLEARED_>=20s,12.0,1.0,4.0,7.0,33.3,58.3,58.3,BLOCKED_58.3%,4410.21,14.0,NO,STANDBY_VEL_LOW,1,1322.93,3267.07,84.20,FALSE,OPP_WICK_TOO_HIGH_0.58|PRICE_ABOVE_15C_DISPLACEMENT
2026-09-07 17:49:09.818,1788803349.818,2086,1,163,4410.35,4410.43,8.0,PASS_<=10c,+0.0,FLAT,+0.0,+8.0,1.3,+0.07,0.05,SLOW,4410.27,4410.99,4410.18,4410.90,0.00,0.00,0.0,BEARISH,81.0,4410.35,4410.35,4410.35,4410.35,9,ACTIVE_9s,1.0,0.0,0.0,0.0,0.0,0.0,0.0,PASS_<20%,0.00,0.0,NO,STANDBY_VEL_LOW,1,1322.93,3267.07,84.20,FALSE,M1_DIRECTION_MISMATCH|OPENING_SHIELD_ACTIVE_9s
2026-09-07 17:49:16.843,1788803356.844,2087,2,164,4410.35,4410.43,8.0,PASS_<=10c,+0.0,FLAT,+0.0,+8.0,1.3,+0.07,0.05,SLOW,4410.27,4410.99,4410.18,4410.90,0.00,0.00,0.0,BEARISH,81.0,4410.35,4410.35,4410.35,4410.35,16,ACTIVE_16s,1.0,0.0,0.0,0.0,0.0,0.0,0.0,PASS_<20%,0.00,0.0,NO,STANDBY_VEL_LOW,1,1322.93,3267.07,84.20,FALSE,M1_DIRECTION_MISMATCH|OPENING_SHIELD_ACTIVE_16s
2026-09-07 17:49:17.197,1788803357.198,2088,3,165,4410.53,4410.61,8.0,PASS_<=10c,+18.0,UP,+18.0,+26.0,1.8,+7.96,4.42,SLOW,4410.27,4410.99,4410.18,4410.90,0.00,0.00,0.0,BEARISH,81.0,4410.35,4410.53,4410.35,4410.53,17,ACTIVE_17s,18.0,18.0,0.0,0.0,0.0,0.0,0.0,PASS_<20%,0.00,0.0,NO,STANDBY_VEL_LOW,1,1322.93,3267.07,84.20,FALSE,M1_DIRECTION_MISMATCH|OPENING_SHIELD_ACTIVE_17s
2026-09-07 17:49:17.699,1788803357.699,2089,4,166,4410.53,4410.61,8.0,PASS_<=10c,+0.0,FLAT,+18.0,+26.0,2.2,+6.52,2.96,SLOW,4410.27,4410.99,4410.18,4410.90,0.00,0.00,0.0,BEARISH,81.0,4410.35,4410.53,4410.35,4410.53,17,ACTIVE_17s,18.0,18.0,0.0,0.0,0.0,0.0,0.0,PASS_<20%,0.00,0.0,NO,STANDBY_VEL_LOW,1,1322.93,3267.07,84.20,FALSE,M1_DIRECTION_MISMATCH|OPENING_SHIELD_ACTIVE_17s
2026-09-07 17:49:18.200,1788803358.201,2090,5,167,4410.53,4410.61,8.0,PASS_<=10c,+0.0,FLAT,+18.0,+26.0,2.5,+5.51,2.20,SLOW,4410.27,4410.99,4410.18,4410.90,0.00,0.00,0.0,BEARISH,81.0,4410.35,4410.53,4410.35,4410.53,18,ACTIVE_18s,18.0,18.0,0.0,0.0,0.0,0.0,0.0,PASS_<20%,0.00,0.0,NO,STANDBY_VEL_LOW,1,1322.93,3267.07,84.20,FALSE,M1_DIRECTION_MISMATCH|OPENING_SHIELD_ACTIVE_18s
2026-09-07 17:49:18.702,1788803358.703,2091,6,168,4410.53,4410.61,8.0,PASS_<=10c,+0.0,FLAT,+18.0,+26.0,2.7,+4.78,1.77,SLOW,4410.27,4410.99,4410.18,4410.90,0.00,0.00,0.0,BEARISH,81.0,4410.35,4410.53,4410.35,4410.53,18,ACTIVE_18s,18.0,18.0,0.0,0.0,0.0,0.0,0.0,PASS_<20%,0.00,0.0,NO,STANDBY_VEL_LOW,1,1322.93,3267.07,84.20,FALSE,M1_DIRECTION_MISMATCH|OPENING_SHIELD_ACTIVE_18s
2026-09-07 17:49:19.205,1788803359.205,2092,7,169,4410.53,4410.61,8.0,PASS_<=10c,+0.0,FLAT,+18.0,+26.0,2.8,+4.22,1.51,SLOW,4410.27,4410.99,4410.18,4410.90,0.00,0.00,0.0,BEARISH,81.0,4410.35,4410.53,4410.35,4410.53,19,ACTIVE_19s,18.0,18.0,0.0,0.0,0.0,0.0,0.0,PASS_<20%,0.00,0.0,NO,STANDBY_VEL_LOW,1,1322.93,3267.07,84.20,FALSE,M1_DIRECTION_MISMATCH|OPENING_SHIELD_ACTIVE_19s
2026-09-07 17:49:19.707,1788803359.707,2093,8,170,4410.54,4410.62,8.0,PASS_<=10c,+1.0,UP,+19.0,+27.0,2.9,+3.98,1.37,SLOW,4410.27,4410.99,4410.18,4410.90,0.00,0.00,0.0,BEARISH,81.0,4410.35,4410.54,4410.35,4410.54,19,ACTIVE_19s,19.0,19.0,0.0,0.0,0.0,0.0,0.0,PASS_<20%,0.00,0.0,NO,STANDBY_VEL_LOW,1,1322.93,3267.07,84.20,FALSE,M1_DIRECTION_MISMATCH|OPENING_SHIELD_ACTIVE_19s
2026-09-07 17:49:20.208,1788803360.209,2094,9,171,4410.54,4410.62,8.0,PASS_<=10c,+0.0,FLAT,+19.0,+27.0,4.5,+5.64,1.25,SLOW,4410.27,4410.99,4410.18,4410.90,0.00,0.00,0.0,BEARISH,81.0,4410.35,4410.54,4410.35,4410.54,20,CLEARED_>=20s,19.0,19.0,0.0,0.0,0.0,0.0,0.0,PASS_<20%,0.00,0.0,NO,STANDBY_VEL_LOW,1,1322.93,3267.07,84.20,FALSE,M1_DIRECTION_MISMATCH
2026-09-07 17:49:20.710,1788803360.710,2095,10,172,4410.54,4410.62,8.0,PASS_<=10c,+0.0,FLAT,+19.0,+27.0,4.4,+4.91,1.12,SLOW,4410.27,4410.99,4410.18,4410.90,0.00,0.00,0.0,BEARISH,81.0,4410.35,4410.54,4410.35,4410.54,20,CLEARED_>=20s,19.0,19.0,0.0,0.0,0.0,0.0,0.0,PASS_<20%,0.00,0.0,NO,STANDBY_VEL_LOW,1,1322.93,3267.07,84.20,FALSE,M1_DIRECTION_MISMATCH
2026-09-07 17:49:21.212,1788803361.212,2096,11,173,4410.54,4410.62,8.0,PASS_<=10c,+0.0,FLAT,+19.0,+27.0,4.3,+4.35,1.01,SLOW,4410.27,4410.99,4410.18,4410.90,0.00,0.00,0.0,BEARISH,81.0,4410.35,4410.54,4410.35,4410.54,21,CLEARED_>=20s,19.0,19.0,0.0,0.0,0.0,0.0,0.0,PASS_<20%,0.00,0.0,NO,STANDBY_VEL_LOW,1,1322.93,3267.07,84.20,FALSE,M1_DIRECTION_MISMATCH
2026-09-07 17:49:21.713,1788803361.713,2097,12,174,4410.54,4410.62,8.0,PASS_<=10c,+0.0,FLAT,+19.0,+27.0,4.3,+3.90,0.91,SLOW,4410.27,4410.99,4410.18,4410.90,0.00,0.00,0.0,BEARISH,81.0,4410.35,4410.54,4410.35,4410.54,21,CLEARED_>=20s,19.0,19.0,0.0,0.0,0.0,0.0,0.0,PASS_<20%,0.00,0.0,NO,STANDBY_VEL_LOW,1,1322.93,3267.07,84.20,FALSE,M1_DIRECTION_MISMATCH
2026-09-07 17:49:22.215,1788803362.215,2098,13,175,4410.54,4410.62,8.0,PASS_<=10c,+0.0,FLAT,+19.0,+27.0,4.2,+0.41,0.10,SLOW,4410.27,4410.99,4410.18,4410.90,0.00,0.00,0.0,BEARISH,81.0,4410.35,4410.54,4410.35,4410.54,22,CLEARED_>=20s,19.0,19.0,0.0,0.0,0.0,0.0,0.0,PASS_<20%,0.00,0.0,NO,STANDBY_VEL_LOW,1,1322.93,3267.07,84.20,FALSE,M1_DIRECTION_MISMATCH
2026-09-07 17:49:22.717,1788803362.717,2099,14,176,4410.54,4410.62,8.0,PASS_<=10c,+0.0,FLAT,+19.0,+27.0,4.2,+0.40,0.10,SLOW,4410.27,4410.99,4410.18,4410.90,0.00,0.00,0.0,BEARISH,81.0,4410.35,4410.54,4410.35,4410.54,22,CLEARED_>=20s,19.0,19.0,0.0,0.0,0.0,0.0,0.0,PASS_<20%,0.00,0.0,NO,STANDBY_VEL_LOW,1,1322.93,3267.07,84.20,FALSE,M1_DIRECTION_MISMATCH
2026-09-07 17:49:23.230,1788803363.231,2100,15,177,4410.54,4410.62,8.0,PASS_<=10c,+0.0,FLAT,+19.0,+27.0,4.2,+0.40,0.10,SLOW,4410.27,4410.99,4410.18,4410.90,0.00,0.00,0.0,BEARISH,81.0,4410.35,4410.54,4410.35,4410.54,23,CLEARED_>=20s,19.0,19.0,0.0,0.0,0.0,0.0,0.0,PASS_<20%,0.00,0.0,NO,STANDBY_VEL_LOW,1,1322.93,3267.07,84.20,FALSE,M1_DIRECTION_MISMATCH
2026-09-07 17:49:23.719,1788803363.719,2101,16,178,4410.54,4410.62,8.0,PASS_<=10c,+0.0,FLAT,+19.0,+27.0,4.2,+0.40,0.10,SLOW,4410.27,4410.99,4410.18,4410.90,0.00,0.00,0.0,BEARISH,81.0,4410.35,4410.54,4410.35,4410.54,23,CLEARED_>=20s,19.0,19.0,0.0,0.0,0.0,0.0,0.0,PASS_<20%,0.00,0.0,NO,STANDBY_VEL_LOW,1,1322.93,3267.07,84.20,FALSE,M1_DIRECTION_MISMATCH
2026-09-07 17:49:24.221,1788803364.222,2102,17,179,4410.54,4410.62,8.0,PASS_<=10c,+0.0,FLAT,+19.0,+27.0,4.2,+0.39,0.09,SLOW,4410.27,4410.99,4410.18,4410.90,0.00,0.00,0.0,BEARISH,81.0,4410.35,4410.54,4410.35,4410.54,24,CLEARED_>=20s,19.0,19.0,0.0,0.0,0.0,0.0,0.0,PASS_<20%,0.00,0.0,NO,STANDBY_VEL_LOW,1,1322.93,3267.07,84.20,FALSE,M1_DIRECTION_MISMATCH
2026-09-07 17:49:24.722,1788803364.722,2103,18,180,4410.54,4410.62,8.0,PASS_<=10c,+0.0,FLAT,+19.0,+27.0,4.2,+0.39,0.09,SLOW,4410.27,4410.99,4410.18,4410.90,0.00,0.00,0.0,BEARISH,81.0,4410.35,4410.54,4410.35,4410.54,24,CLEARED_>=20s,19.0,19.0,0.0,0.0,0.0,0.0,0.0,PASS_<20%,0.00,0.0,NO,STANDBY_VEL_LOW,1,1322.93,3267.07,84.20,FALSE,M1_DIRECTION_MISMATCH
2026-09-07 17:49:30.238,1788803370.238,2104,19,181,4410.54,4410.62,8.0,PASS_<=10c,+0.0,FLAT,+19.0,+27.0,1.5,+0.27,0.18,SLOW,4410.27,4410.99,4410.18,4410.90,0.00,0.00,0.0,BEARISH,81.0,4410.35,4410.54,4410.35,4410.54,30,CLEARED_>=20s,19.0,19.0,0.0,0.0,0.0,0.0,0.0,PASS_<20%,0.00,0.0,NO,STANDBY_VEL_LOW,1,1322.93,3267.07,84.20,FALSE,M1_DIRECTION_MISMATCH
2026-09-07 17:49:40.466,1788803380.466,2105,20,182,4410.54,4410.62,8.0,PASS_<=10c,+0.0,FLAT,+19.0,+27.0,1.4,+0.29,0.21,SLOW,4410.27,4410.99,4410.18,4410.90,0.00,0.00,0.0,BEARISH,81.0,4410.35,4410.54,4410.35,4410.54,40,CLEARED_>=20s,19.0,19.0,0.0,0.0,0.0,0.0,0.0,PASS_<20%,0.00,0.0,NO,STANDBY_VEL_LOW,1,1322.93,3267.07,84.20,FALSE,M1_DIRECTION_MISMATCH
2026-09-07 17:49:40.820,1788803380.821,2106,21,183,4410.41,4410.49,8.0,PASS_<=10c,-13.0,DOWN,+6.0,+14.0,3.0,+13.00,4.33,SLOW,4410.27,4410.99,4410.18,4410.90,0.00,0.00,0.0,BEARISH,81.0,4410.35,4410.54,4410.35,4410.41,40,CLEARED_>=20s,19.0,6.0,13.0,0.0,68.4,0.0,0.0,PASS_<20%,0.00,0.0,NO,STANDBY_VEL_LOW,1,1322.93,3267.07,84.20,FALSE,M1_DIRECTION_MISMATCH
2026-09-07 17:49:41.322,1788803381.323,2107,22,184,4410.41,4410.49,8.0,PASS_<=10c,+0.0,FLAT,+6.0,+14.0,5.0,+13.00,2.60,SLOW,4410.27,4410.99,4410.18,4410.90,0.00,0.00,0.0,BEARISH,81.0,4410.35,4410.54,4410.35,4410.41,41,CLEARED_>=20s,19.0,6.0,13.0,0.0,68.4,0.0,0.0,PASS_<20%,0.00,0.0,NO,STANDBY_VEL_LOW,1,1322.93,3267.07,84.20,FALSE,M1_DIRECTION_MISMATCH
2026-09-07 17:49:41.824,1788803381.824,2108,23,185,4410.41,4410.49,8.0,PASS_<=10c,+0.0,FLAT,+6.0,+14.0,5.2,+9.57,1.84,SLOW,4410.27,4410.99,4410.18,4410.90,0.00,0.00,0.0,BEARISH,81.0,4410.35,4410.54,4410.35,4410.41,41,CLEARED_>=20s,19.0,6.0,13.0,0.0,68.4,0.0,0.0,PASS_<20%,0.00,0.0,NO,STANDBY_VEL_LOW,1,1322.93,3267.07,84.20,FALSE,M1_DIRECTION_MISMATCH
2026-09-07 17:49:42.326,1788803382.326,2109,24,186,4410.41,4410.49,8.0,PASS_<=10c,+0.0,FLAT,+6.0,+14.0,4.8,+6.99,1.46,SLOW,4410.27,4410.99,4410.18,4410.90,0.00,0.00,0.0,BEARISH,81.0,4410.35,4410.54,4410.35,4410.41,42,CLEARED_>=20s,19.0,6.0,13.0,0.0,68.4,0.0,0.0,PASS_<20%,0.00,0.0,NO,STANDBY_VEL_LOW,1,1322.93,3267.07,84.20,FALSE,M1_DIRECTION_MISMATCH
2026-09-07 17:49:42.827,1788803382.828,2110,25,187,4410.41,4410.49,8.0,PASS_<=10c,+0.0,FLAT,+6.0,+14.0,4.7,+5.51,1.17,SLOW,4410.27,4410.99,4410.18,4410.90,0.00,0.00,0.0,BEARISH,81.0,4410.35,4410.54,4410.35,4410.41,42,CLEARED_>=20s,19.0,6.0,13.0,0.0,68.4,0.0,0.0,PASS_<20%,0.00,0.0,NO,STANDBY_VEL_LOW,1,1322.93,3267.07,84.20,FALSE,M1_DIRECTION_MISMATCH
2026-09-07 17:49:43.328,1788803383.329,2111,26,188,4410.41,4410.49,8.0,PASS_<=10c,+0.0,FLAT,+6.0,+14.0,4.5,+4.54,1.01,SLOW,4410.27,4410.99,4410.18,4410.90,0.00,0.00,0.0,BEARISH,81.0,4410.35,4410.54,4410.35,4410.41,43,CLEARED_>=20s,19.0,6.0,13.0,0.0,68.4,0.0,0.0,PASS_<20%,0.00,0.0,NO,STANDBY_VEL_LOW,1,1322.93,3267.07,84.20,FALSE,M1_DIRECTION_MISMATCH
2026-09-07 17:49:43.829,1788803383.829,2112,27,189,4410.41,4410.49,8.0,PASS_<=10c,+0.0,FLAT,+6.0,+14.0,4.5,+3.87,0.86,SLOW,4410.27,4410.99,4410.18,4410.90,0.00,0.00,0.0,BEARISH,81.0,4410.35,4410.54,4410.35,4410.41,43,CLEARED_>=20s,19.0,6.0,13.0,0.0,68.4,0.0,0.0,PASS_<20%,0.00,0.0,NO,STANDBY_VEL_LOW,1,1322.93,3267.07,84.20,FALSE,M1_DIRECTION_MISMATCH
2026-09-07 17:49:44.329,1788803384.330,2113,28,190,4410.41,4410.49,8.0,PASS_<=10c,+0.0,FLAT,+6.0,+14.0,4.4,+3.36,0.76,SLOW,4410.27,4410.99,4410.18,4410.90,0.00,0.00,0.0,BEARISH,81.0,4410.35,4410.54,4410.35,4410.41,44,CLEARED_>=20s,19.0,6.0,13.0,0.0,68.4,0.0,0.0,PASS_<20%,0.00,0.0,NO,STANDBY_VEL_LOW,1,1322.93,3267.07,84.20,FALSE,M1_DIRECTION_MISMATCH
2026-09-07 17:49:44.831,1788803384.831,2114,29,191,4410.41,4410.49,8.0,PASS_<=10c,+0.0,FLAT,+6.0,+14.0,4.4,+2.98,0.68,SLOW,4410.27,4410.99,4410.18,4410.90,0.00,0.00,0.0,BEARISH,81.0,4410.35,4410.54,4410.35,4410.41,44,CLEARED_>=20s,19.0,6.0,13.0,0.0,68.4,0.0,0.0,PASS_<20%,0.00,0.0,NO,STANDBY_VEL_LOW,1,1322.93,3267.07,84.20,FALSE,M1_DIRECTION_MISMATCH
2026-09-07 17:49:45.332,1788803385.333,2115,30,192,4410.41,4410.49,8.0,PASS_<=10c,+0.0,FLAT,+6.0,+14.0,4.3,+2.67,0.62,SLOW,4410.27,4410.99,4410.18,4410.90,0.00,0.00,0.0,BEARISH,81.0,4410.35,4410.54,4410.35,4410.41,45,CLEARED_>=20s,19.0,6.0,13.0,0.0,68.4,0.0,0.0,PASS_<20%,0.00,0.0,NO,STANDBY_VEL_LOW,1,1322.93,3267.07,84.20,FALSE,M1_DIRECTION_MISMATCH
2026-09-07 17:49:45.834,1788803385.834,2116,31,193,4410.41,4410.49,8.0,PASS_<=10c,+0.0,FLAT,+6.0,+14.0,4.2,+0.05,0.01,SLOW,4410.27,4410.99,4410.18,4410.90,0.00,0.00,0.0,BEARISH,81.0,4410.35,4410.54,4410.35,4410.41,45,CLEARED_>=20s,19.0,6.0,13.0,0.0,68.4,0.0,0.0,PASS_<20%,0.00,0.0,NO,STANDBY_VEL_LOW,1,1322.93,3267.07,84.20,FALSE,M1_DIRECTION_MISMATCH
2026-09-07 17:49:46.335,1788803386.335,2117,32,194,4410.41,4410.49,8.0,PASS_<=10c,+0.0,FLAT,+6.0,+14.0,4.2,+0.05,0.01,SLOW,4410.27,4410.99,4410.18,4410.90,0.00,0.00,0.0,BEARISH,81.0,4410.35,4410.54,4410.35,4410.41,46,CLEARED_>=20s,19.0,6.0,13.0,0.0,68.4,0.0,0.0,PASS_<20%,0.00,0.0,NO,STANDBY_VEL_LOW,1,1322.93,3267.07,84.20,FALSE,M1_DIRECTION_MISMATCH
2026-09-07 17:49:46.837,1788803386.837,2118,33,195,4410.41,4410.49,8.0,PASS_<=10c,+0.0,FLAT,+6.0,+14.0,4.2,+0.05,0.01,SLOW,4410.27,4410.99,4410.18,4410.90,0.00,0.00,0.0,BEARISH,81.0,4410.35,4410.54,4410.35,4410.41,46,CLEARED_>=20s,19.0,6.0,13.0,0.0,68.4,0.0,0.0,PASS_<20%,0.00,0.0,NO,STANDBY_VEL_LOW,1,1322.93,3267.07,84.20,FALSE,M1_DIRECTION_MISMATCH
2026-09-07 17:49:47.337,1788803387.338,2119,34,196,4410.41,4410.49,8.0,PASS_<=10c,+0.0,FLAT,+6.0,+14.0,4.2,+0.05,0.01,SLOW,4410.27,4410.99,4410.18,4410.90,0.00,0.00,0.0,BEARISH,81.0,4410.35,4410.54,4410.35,4410.41,47,CLEARED_>=20s,19.0,6.0,13.0,0.0,68.4,0.0,0.0,PASS_<20%,0.00,0.0,NO,STANDBY_VEL_LOW,1,1322.93,3267.07,84.20,FALSE,M1_DIRECTION_MISMATCH
2026-09-07 17:49:47.839,1788803387.839,2120,35,197,4410.41,4410.49,8.0,PASS_<=10c,+0.0,FLAT,+6.0,+14.0,4.2,+0.05,0.01,SLOW,4410.27,4410.99,4410.18,4410.90,0.00,0.00,0.0,BEARISH,81.0,4410.35,4410.54,4410.35,4410.41,47,CLEARED_>=20s,19.0,6.0,13.0,0.0,68.4,0.0,0.0,PASS_<20%,0.00,0.0,NO,STANDBY_VEL_LOW,1,1322.93,3267.07,84.20,FALSE,M1_DIRECTION_MISMATCH
2026-09-07 17:49:48.340,1788803388.340,2121,36,198,4410.41,4410.49,8.0,PASS_<=10c,+0.0,FLAT,+6.0,+14.0,4.2,+0.05,0.01,SLOW,4410.27,4410.99,4410.18,4410.90,0.00,0.00,0.0,BEARISH,81.0,4410.35,4410.54,4410.35,4410.41,48,CLEARED_>=20s,19.0,6.0,13.0,0.0,68.4,0.0,0.0,PASS_<20%,0.00,0.0,NO,STANDBY_VEL_LOW,1,1322.93,3267.07,84.20,FALSE,M1_DIRECTION_MISMATCH
2026-09-07 17:49:58.720,1788803398.721,2122,37,199,4410.41,4410.49,8.0,PASS_<=10c,+0.0,FLAT,+6.0,+14.0,1.3,+0.10,0.08,SLOW,4410.27,4410.99,4410.18,4410.90,0.00,0.00,0.0,BEARISH,81.0,4410.35,4410.54,4410.35,4410.41,58,CLEARED_>=20s,19.0,6.0,13.0,0.0,68.4,0.0,0.0,PASS_<20%,0.00,0.0,NO,STANDBY_VEL_LOW,1,1322.93,3267.07,84.20,FALSE,M1_DIRECTION_MISMATCH
2026-09-07 17:50:05.151,1788803405.152,2123,1,1,4410.41,4410.49,8.0,PASS_<=10c,+0.0,FLAT,+0.0,-49.0,1.5,+0.11,0.07,SLOW,4410.90,4410.90,4409.77,4410.41,0.00,0.00,0.0,BEARISH,113.0,4410.41,4410.41,4410.41,4410.41,5,ACTIVE_5s,1.0,0.0,0.0,0.0,0.0,0.0,0.0,PASS_<20%,0.00,0.0,NO,STANDBY_VEL_LOW,1,1322.93,3267.07,84.20,FALSE,M1_DIRECTION_MISMATCH|OPENING_SHIELD_ACTIVE_5s
2026-09-07 17:50:05.507,1788803405.507,2124,2,2,4410.57,4410.65,8.0,PASS_<=10c,+16.0,UP,+16.0,-33.0,2.4,+9.56,3.98,SLOW,4410.90,4410.90,4409.77,4410.41,0.00,0.00,0.0,BEARISH,113.0,4410.41,4410.57,4410.41,4410.57,5,ACTIVE_5s,16.0,16.0,0.0,0.0,0.0,0.0,0.0,PASS_<20%,0.00,0.0,NO,STANDBY_VEL_LOW,1,1322.93,3267.07,84.20,FALSE,M1_DIRECTION_MISMATCH|OPENING_SHIELD_ACTIVE_5s
2026-09-07 17:50:06.009,1788803406.010,2125,3,3,4410.57,4410.65,8.0,PASS_<=10c,+0.0,FLAT,+16.0,-33.0,2.8,+7.35,2.62,SLOW,4410.90,4410.90,4409.77,4410.41,0.00,0.00,0.0,BEARISH,113.0,4410.41,4410.57,4410.41,4410.57,6,ACTIVE_6s,16.0,16.0,0.0,0.0,0.0,0.0,0.0,PASS_<20%,0.00,0.0,NO,STANDBY_VEL_LOW,1,1322.93,3267.07,84.20,FALSE,M1_DIRECTION_MISMATCH|OPENING_SHIELD_ACTIVE_6s
2026-09-07 17:50:06.510,1788803406.510,2126,4,4,4410.56,4410.64,8.0,PASS_<=10c,-1.0,DOWN,+15.0,-34.0,3.0,+5.60,1.87,SLOW,4410.90,4410.90,4409.77,4410.41,0.00,0.00,0.0,BEARISH,113.0,4410.41,4410.57,4410.41,4410.56,6,ACTIVE_6s,16.0,15.0,1.0,0.0,6.2,0.0,0.0,PASS_<20%,0.00,0.0,NO,STANDBY_VEL_LOW,1,1322.93,3267.07,84.20,FALSE,M1_DIRECTION_MISMATCH|OPENING_SHIELD_ACTIVE_6s
2026-09-07 17:50:07.012,1788803407.012,2127,5,5,4410.56,4410.64,8.0,PASS_<=10c,+0.0,FLAT,+15.0,-34.0,3.1,+4.72,1.52,SLOW,4410.90,4410.90,4409.77,4410.41,0.00,0.00,0.0,BEARISH,113.0,4410.41,4410.57,4410.41,4410.56,7,ACTIVE_7s,16.0,15.0,1.0,0.0,6.2,0.0,0.0,PASS_<20%,0.00,0.0,NO,STANDBY_VEL_LOW,1,1322.93,3267.07,84.20,FALSE,M1_DIRECTION_MISMATCH|OPENING_SHIELD_ACTIVE_7s
2026-09-07 17:50:07.513,1788803407.514,2128,6,6,4410.56,4410.64,8.0,PASS_<=10c,+0.0,FLAT,+15.0,-34.0,3.3,+4.08,1.24,SLOW,4410.90,4410.90,4409.77,4410.41,0.00,0.00,0.0,BEARISH,113.0,4410.41,4410.57,4410.41,4410.56,7,ACTIVE_7s,16.0,15.0,1.0,0.0,6.2,0.0,0.0,PASS_<20%,0.00,0.0,NO,STANDBY_VEL_LOW,1,1322.93,3267.07,84.20,FALSE,M1_DIRECTION_MISMATCH|OPENING_SHIELD_ACTIVE_7s
2026-09-07 17:50:08.015,1788803408.016,2129,7,7,4410.56,4410.64,8.0,PASS_<=10c,+0.0,FLAT,+15.0,-34.0,3.3,+3.59,1.09,SLOW,4410.90,4410.90,4409.77,4410.41,0.00,0.00,0.0,BEARISH,113.0,4410.41,4410.57,4410.41,4410.56,8,ACTIVE_8s,16.0,15.0,1.0,0.0,6.2,0.0,0.0,PASS_<20%,0.00,0.0,NO,STANDBY_VEL_LOW,1,1322.93,3267.07,84.20,FALSE,M1_DIRECTION_MISMATCH|OPENING_SHIELD_ACTIVE_8s
2026-09-07 17:50:08.517,1788803408.518,2130,8,8,4410.57,4410.65,8.0,PASS_<=10c,+1.0,UP,+16.0,-33.0,3.4,+3.42,1.01,SLOW,4410.90,4410.90,4409.77,4410.41,0.00,0.00,0.0,BEARISH,113.0,4410.41,4410.57,4410.41,4410.57,8,ACTIVE_8s,16.0,16.0,0.0,0.0,0.0,0.0,0.0,PASS_<20%,0.00,0.0,NO,STANDBY_VEL_LOW,1,1322.93,3267.07,84.20,FALSE,M1_DIRECTION_MISMATCH|OPENING_SHIELD_ACTIVE_8s
2026-09-07 17:50:09.019,1788803409.019,2131,9,9,4410.59,4410.67,8.0,PASS_<=10c,+2.0,UP,+18.0,-31.0,4.4,+4.65,1.06,SLOW,4410.90,4410.90,4409.77,4410.41,0.00,0.00,0.0,BEARISH,113.0,4410.41,4410.59,4410.41,4410.59,9,ACTIVE_9s,18.0,18.0,0.0,0.0,0.0,0.0,0.0,PASS_<20%,0.00,0.0,NO,STANDBY_VEL_LOW,1,1322.93,3267.07,84.20,FALSE,M1_DIRECTION_MISMATCH|OPENING_SHIELD_ACTIVE_9s
2026-09-07 17:50:09.520,1788803409.521,2132,10,10,4410.59,4410.67,8.0,PASS_<=10c,+0.0,FLAT,+18.0,-31.0,4.3,+4.12,0.96,SLOW,4410.90,4410.90,4409.77,4410.41,0.00,0.00,0.0,BEARISH,113.0,4410.41,4410.59,4410.41,4410.59,9,ACTIVE_9s,18.0,18.0,0.0,0.0,0.0,0.0,0.0,PASS_<20%,0.00,0.0,NO,STANDBY_VEL_LOW,1,1322.93,3267.07,84.20,FALSE,M1_DIRECTION_MISMATCH|OPENING_SHIELD_ACTIVE_9s
2026-09-07 17:50:10.023,1788803410.023,2133,11,11,4410.59,4410.67,8.0,PASS_<=10c,+0.0,FLAT,+18.0,-31.0,4.3,+3.70,0.86,SLOW,4410.90,4410.90,4409.77,4410.41,0.00,0.00,0.0,BEARISH,113.0,4410.41,4410.59,4410.41,4410.59,10,ACTIVE_10s,18.0,18.0,0.0,0.0,0.0,0.0,0.0,PASS_<20%,0.00,0.0,NO,STANDBY_VEL_LOW,1,1322.93,3267.07,84.20,FALSE,M1_DIRECTION_MISMATCH|OPENING_SHIELD_ACTIVE_10s
2026-09-07 17:50:10.524,1788803410.525,2134,12,12,4410.59,4410.67,8.0,PASS_<=10c,+0.0,FLAT,+18.0,-31.0,4.2,+0.43,0.10,SLOW,4410.90,4410.90,4409.77,4410.41,0.00,0.00,0.0,BEARISH,113.0,4410.41,4410.59,4410.41,4410.59,10,ACTIVE_10s,18.0,18.0,0.0,0.0,0.0,0.0,0.0,PASS_<20%,0.00,0.0,NO,STANDBY_VEL_LOW,1,1322.93,3267.07,84.20,FALSE,M1_DIRECTION_MISMATCH|OPENING_SHIELD_ACTIVE_10s
2026-09-07 17:50:11.025,1788803411.026,2135,13,13,4410.59,4410.67,8.0,PASS_<=10c,+0.0,FLAT,+18.0,-31.0,4.2,+0.43,0.10,SLOW,4410.90,4410.90,4409.77,4410.53,0.00,0.00,0.0,BEARISH,113.0,4410.41,4410.59,4410.41,4410.59,11,ACTIVE_11s,18.0,18.0,0.0,0.0,0.0,0.0,0.0,PASS_<20%,0.00,0.0,NO,STANDBY_VEL_LOW,1,1322.93,3267.07,84.20,FALSE,M1_DIRECTION_MISMATCH|OPENING_SHIELD_ACTIVE_11s
2026-09-07 17:50:11.527,1788803411.528,2136,14,14,4410.59,4410.67,8.0,PASS_<=10c,+0.0,FLAT,+18.0,-31.0,4.2,+0.63,0.15,SLOW,4410.90,4410.90,4409.77,4410.53,0.00,0.00,0.0,BEARISH,113.0,4410.41,4410.59,4410.41,4410.59,11,ACTIVE_11s,18.0,18.0,0.0,0.0,0.0,0.0,0.0,PASS_<20%,0.00,0.0,NO,STANDBY_VEL_LOW,1,1322.93,3267.07,84.20,FALSE,M1_DIRECTION_MISMATCH|OPENING_SHIELD_ACTIVE_11s
2026-09-07 17:50:12.028,1788803412.029,2137,15,15,4410.59,4410.67,8.0,PASS_<=10c,+0.0,FLAT,+18.0,-31.0,4.2,+0.63,0.15,SLOW,4410.90,4410.90,4409.77,4410.53,0.00,0.00,0.0,BEARISH,113.0,4410.41,4410.59,4410.41,4410.59,12,ACTIVE_12s,18.0,18.0,0.0,0.0,0.0,0.0,0.0,PASS_<20%,0.00,0.0,NO,STANDBY_VEL_LOW,1,1322.93,3267.07,84.20,FALSE,M1_DIRECTION_MISMATCH|OPENING_SHIELD_ACTIVE_12s
2026-09-07 17:50:12.530,1788803412.531,2138,16,16,4410.59,4410.67,8.0,PASS_<=10c,+0.0,FLAT,+18.0,-31.0,4.2,+0.63,0.15,SLOW,4410.90,4410.90,4409.77,4410.53,0.00,0.00,0.0,BEARISH,113.0,4410.41,4410.59,4410.41,4410.59,12,ACTIVE_12s,18.0,18.0,0.0,0.0,0.0,0.0,0.0,PASS_<20%,0.00,0.0,NO,STANDBY_VEL_LOW,1,1322.93,3267.07,84.20,FALSE,M1_DIRECTION_MISMATCH|OPENING_SHIELD_ACTIVE_12s
2026-09-07 17:50:13.032,1788803413.032,2139,17,17,4410.59,4410.67,8.0,PASS_<=10c,+0.0,FLAT,+18.0,-31.0,4.2,+0.63,0.15,SLOW,4410.90,4410.90,4409.77,4410.53,0.00,0.00,0.0,BEARISH,113.0,4410.41,4410.59,4410.41,4410.59,13,ACTIVE_13s,18.0,18.0,0.0,0.0,0.0,0.0,0.0,PASS_<20%,0.00,0.0,NO,STANDBY_VEL_LOW,1,1322.93,3267.07,84.20,FALSE,M1_DIRECTION_MISMATCH|OPENING_SHIELD_ACTIVE_13s
2026-09-07 17:50:23.405,1788803423.406,2140,18,18,4410.59,4410.67,8.0,PASS_<=10c,+0.0,FLAT,+18.0,-31.0,1.3,+0.08,0.06,SLOW,4410.90,4410.90,4409.77,4410.53,0.00,0.00,0.0,BEARISH,113.0,4410.41,4410.59,4410.41,4410.59,23,CLEARED_>=20s,18.0,18.0,0.0,0.0,0.0,0.0,0.0,PASS_<20%,0.00,0.0,NO,STANDBY_VEL_LOW,1,1322.93,3267.07,84.20,FALSE,M1_DIRECTION_MISMATCH
2026-09-07 17:50:29.238,1788803429.239,2141,19,19,4410.59,4410.67,8.0,PASS_<=10c,+0.0,FLAT,+18.0,-31.0,2.0,+0.08,0.04,SLOW,4410.90,4410.90,4409.77,4410.53,0.00,0.00,0.0,BEARISH,113.0,4410.41,4410.59,4410.41,4410.59,29,CLEARED_>=20s,18.0,18.0,0.0,0.0,0.0,0.0,0.0,PASS_<20%,0.00,0.0,NO,STANDBY_VEL_LOW,1,1322.93,3267.07,84.20,FALSE,M1_DIRECTION_MISMATCH
2026-09-07 17:50:29.593,1788803429.594,2142,20,20,4410.75,4410.83,8.0,PASS_<=10c,+16.0,UP,+34.0,-15.0,3.8,+15.15,3.99,SLOW,4410.90,4410.90,4409.77,4410.53,0.00,0.00,0.0,BEARISH,113.0,4410.41,4410.75,4410.41,4410.75,29,CLEARED_>=20s,34.0,34.0,0.0,0.0,0.0,0.0,0.0,PASS_<20%,0.00,0.0,NO,STANDBY_VEL_LOW,1,1322.93,3267.07,84.20,FALSE,M1_DIRECTION_MISMATCH
2026-09-07 17:50:30.095,1788803430.096,2143,21,21,4410.75,4410.83,8.0,PASS_<=10c,+0.0,FLAT,+34.0,-15.0,3.9,+10.27,2.63,SLOW,4410.90,4410.90,4409.77,4410.53,0.00,0.00,0.0,BEARISH,113.0,4410.41,4410.75,4410.41,4410.75,30,CLEARED_>=20s,34.0,34.0,0.0,0.0,0.0,0.0,0.0,PASS_<20%,0.00,0.0,NO,STANDBY_VEL_LOW,0,0.00,4590.00,86.48,FALSE,M1_DIRECTION_MISMATCH
2026-09-07 17:50:30.597,1788803430.597,2144,22,22,4410.75,4410.83,8.0,PASS_<=10c,+0.0,FLAT,+34.0,-15.0,3.9,+7.77,1.99,SLOW,4410.90,4410.90,4409.77,4410.53,0.00,0.00,0.0,BEARISH,113.0,4410.41,4410.75,4410.41,4410.75,30,CLEARED_>=20s,34.0,34.0,0.0,0.0,0.0,0.0,0.0,PASS_<20%,0.00,0.0,NO,STANDBY_VEL_LOW,0,0.00,4590.00,86.48,FALSE,M1_DIRECTION_MISMATCH
2026-09-07 17:50:31.098,1788803431.098,2145,23,23,4410.74,4410.82,8.0,PASS_<=10c,-1.0,DOWN,+33.0,-16.0,3.9,+5.86,1.50,SLOW,4410.90,4410.90,4409.77,4410.53,0.00,0.00,0.0,BEARISH,113.0,4410.41,4410.75,4410.41,4410.74,31,CLEARED_>=20s,34.0,33.0,1.0,0.0,2.9,0.0,0.0,PASS_<20%,0.00,0.0,NO,STANDBY_VEL_LOW,0,0.00,4590.00,86.48,FALSE,M1_DIRECTION_MISMATCH
2026-09-07 17:50:31.599,1788803431.600,2146,24,24,4410.74,4410.82,8.0,PASS_<=10c,+0.0,FLAT,+33.0,-16.0,3.9,+4.90,1.26,SLOW,4410.90,4410.90,4409.77,4410.53,0.00,0.00,0.0,BEARISH,113.0,4410.41,4410.75,4410.41,4410.74,31,CLEARED_>=20s,34.0,33.0,1.0,0.0,2.9,0.0,0.0,PASS_<20%,0.00,0.0,NO,STANDBY_VEL_LOW,0,0.00,4590.00,86.48,FALSE,M1_DIRECTION_MISMATCH
2026-09-07 17:50:32.100,1788803432.101,2147,25,25,4410.74,4410.82,8.0,PASS_<=10c,+0.0,FLAT,+33.0,-16.0,3.9,+4.21,1.08,SLOW,4410.90,4410.90,4409.77,4410.53,0.00,0.00,0.0,BEARISH,113.0,4410.41,4410.75,4410.41,4410.74,32,CLEARED_>=20s,34.0,33.0,1.0,0.0,2.9,0.0,0.0,PASS_<20%,0.00,0.0,NO,STANDBY_VEL_LOW,0,0.00,4590.00,86.48,FALSE,M1_DIRECTION_MISMATCH
2026-09-07 17:50:32.602,1788803432.603,2148,26,26,4410.74,4410.82,8.0,PASS_<=10c,+0.0,FLAT,+33.0,-16.0,3.9,+3.69,0.95,SLOW,4410.90,4410.90,4409.77,4410.53,0.00,0.00,0.0,BEARISH,113.0,4410.41,4410.75,4410.41,4410.74,32,CLEARED_>=20s,34.0,33.0,1.0,0.0,2.9,0.0,0.0,PASS_<20%,0.00,0.0,NO,STANDBY_VEL_LOW,0,0.00,4590.00,86.48,FALSE,M1_DIRECTION_MISMATCH
2026-09-07 17:50:33.104,1788803433.105,2149,27,27,4410.74,4410.82,8.0,PASS_<=10c,+0.0,FLAT,+33.0,-16.0,3.9,+3.28,0.84,SLOW,4410.90,4410.90,4409.77,4410.53,0.00,0.00,0.0,BEARISH,113.0,4410.41,4410.75,4410.41,4410.74,33,CLEARED_>=20s,34.0,33.0,1.0,0.0,2.9,0.0,0.0,PASS_<20%,0.00,0.0,NO,STANDBY_VEL_LOW,0,0.00,4590.00,86.48,FALSE,M1_DIRECTION_MISMATCH
2026-09-07 17:50:33.605,1788803433.605,2150,28,28,4410.74,4410.82,8.0,PASS_<=10c,+0.0,FLAT,+33.0,-16.0,4.4,+3.44,0.78,SLOW,4410.90,4410.90,4409.77,4410.53,0.00,0.00,0.0,BEARISH,113.0,4410.41,4410.75,4410.41,4410.74,33,CLEARED_>=20s,34.0,33.0,1.0,0.0,2.9,0.0,0.0,PASS_<20%,0.00,0.0,NO,STANDBY_VEL_LOW,0,0.00,4590.00,86.48,FALSE,M1_DIRECTION_MISMATCH
2026-09-07 17:50:34.109,1788803434.109,2151,29,29,4410.74,4410.82,8.0,PASS_<=10c,+0.0,FLAT,+33.0,-16.0,4.3,+3.08,0.72,SLOW,4410.90,4410.90,4409.77,4410.53,0.00,0.00,0.0,BEARISH,113.0,4410.41,4410.75,4410.41,4410.74,34,CLEARED_>=20s,34.0,33.0,1.0,0.0,2.9,0.0,0.0,PASS_<20%,0.00,0.0,NO,STANDBY_VEL_LOW,0,0.00,4590.00,86.48,FALSE,M1_DIRECTION_MISMATCH
2026-09-07 17:50:34.609,1788803434.610,2152,30,30,4410.74,4410.82,8.0,PASS_<=10c,+0.0,FLAT,+33.0,-16.0,4.2,+0.34,0.08,SLOW,4410.90,4410.90,4409.77,4410.53,0.00,0.00,0.0,BEARISH,113.0,4410.41,4410.75,4410.41,4410.74,34,CLEARED_>=20s,34.0,33.0,1.0,0.0,2.9,0.0,0.0,PASS_<20%,0.00,0.0,NO,STANDBY_VEL_LOW,0,0.00,4590.00,86.48,FALSE,M1_DIRECTION_MISMATCH
2026-09-07 17:50:35.111,1788803435.112,2153,31,31,4410.74,4410.82,8.0,PASS_<=10c,+0.0,FLAT,+33.0,-16.0,4.2,+0.33,0.08,SLOW,4410.90,4410.90,4409.77,4410.53,0.00,0.00,0.0,BEARISH,113.0,4410.41,4410.75,4410.41,4410.74,35,CLEARED_>=20s,34.0,33.0,1.0,0.0,2.9,0.0,0.0,PASS_<20%,0.00,0.0,NO,STANDBY_VEL_LOW,0,0.00,4590.00,86.48,FALSE,M1_DIRECTION_MISMATCH
2026-09-07 17:50:35.612,1788803435.613,2154,32,32,4410.74,4410.82,8.0,PASS_<=10c,+0.0,FLAT,+33.0,-16.0,4.2,+0.36,0.09,SLOW,4410.90,4410.90,4409.77,4410.53,0.00,0.00,0.0,BEARISH,113.0,4410.41,4410.75,4410.41,4410.74,35,CLEARED_>=20s,34.0,33.0,1.0,0.0,2.9,0.0,0.0,PASS_<20%,0.00,0.0,NO,STANDBY_VEL_LOW,0,0.00,4590.00,86.48,FALSE,M1_DIRECTION_MISMATCH
2026-09-07 17:50:36.115,1788803436.115,2155,33,33,4410.74,4410.82,8.0,PASS_<=10c,+0.0,FLAT,+33.0,-16.0,4.2,+0.36,0.09,SLOW,4410.90,4410.90,4409.77,4410.53,0.00,0.00,0.0,BEARISH,113.0,4410.41,4410.75,4410.41,4410.74,36,CLEARED_>=20s,34.0,33.0,1.0,0.0,2.9,0.0,0.0,PASS_<20%,0.00,0.0,NO,STANDBY_VEL_LOW,0,0.00,4590.00,86.48,FALSE,M1_DIRECTION_MISMATCH
2026-09-07 17:50:36.617,1788803436.617,2156,34,34,4410.74,4410.82,8.0,PASS_<=10c,+0.0,FLAT,+33.0,-16.0,4.2,+0.36,0.09,SLOW,4410.90,4410.90,4409.77,4410.53,0.00,0.00,0.0,BEARISH,113.0,4410.41,4410.75,4410.41,4410.74,36,CLEARED_>=20s,34.0,33.0,1.0,0.0,2.9,0.0,0.0,PASS_<20%,0.00,0.0,NO,STANDBY_VEL_LOW,0,0.00,4590.00,86.48,FALSE,M1_DIRECTION_MISMATCH
2026-09-07 17:50:37.119,1788803437.119,2157,35,35,4410.74,4410.82,8.0,PASS_<=10c,+0.0,FLAT,+33.0,-16.0,4.2,+0.35,0.08,SLOW,4410.90,4410.90,4409.77,4410.53,0.00,0.00,0.0,BEARISH,113.0,4410.41,4410.75,4410.41,4410.74,37,CLEARED_>=20s,34.0,33.0,1.0,0.0,2.9,0.0,0.0,PASS_<20%,0.00,0.0,NO,STANDBY_VEL_LOW,0,0.00,4590.00,86.48,FALSE,M1_DIRECTION_MISMATCH
2026-09-07 17:50:47.499,1788803447.499,2158,36,36,4410.74,4410.82,8.0,PASS_<=10c,+0.0,FLAT,+33.0,-16.0,1.3,+0.55,0.42,SLOW,4410.90,4410.90,4409.77,4410.53,0.00,0.00,0.0,BEARISH,113.0,4410.41,4410.75,4410.41,4410.74,47,CLEARED_>=20s,34.0,33.0,1.0,0.0,2.9,0.0,0.0,PASS_<20%,0.00,0.0,NO,STANDBY_VEL_LOW,0,0.00,4590.00,86.48,FALSE,M1_DIRECTION_MISMATCH
2026-09-07 17:50:54.520,1788803454.520,2159,37,37,4410.74,4410.82,8.0,PASS_<=10c,+0.0,FLAT,+33.0,-16.0,1.3,+0.59,0.45,SLOW,4410.90,4410.90,4409.77,4410.53,0.00,0.00,0.0,BEARISH,113.0,4410.41,4410.75,4410.41,4410.74,54,CLEARED_>=20s,34.0,33.0,1.0,0.0,2.9,0.0,0.0,PASS_<20%,0.00,0.0,NO,STANDBY_VEL_LOW,0,0.00,4590.00,86.48,FALSE,M1_DIRECTION_MISMATCH
2026-09-07 17:50:54.875,1788803454.875,2160,38,38,4410.67,4410.75,8.0,PASS_<=10c,-7.0,DOWN,+26.0,-23.0,1.8,+3.10,1.72,SLOW,4410.90,4410.90,4409.77,4410.53,0.00,0.00,0.0,BEARISH,113.0,4410.41,4410.75,4410.41,4410.67,54,CLEARED_>=20s,34.0,26.0,8.0,0.0,23.5,0.0,0.0,PASS_<20%,0.00,0.0,NO,STANDBY_VEL_LOW,0,0.00,4590.00,86.48,FALSE,M1_DIRECTION_MISMATCH
2026-09-07 17:50:55.377,1788803455.378,2161,39,39,4410.67,4410.75,8.0,PASS_<=10c,+0.0,FLAT,+26.0,-23.0,2.2,+2.53,1.15,SLOW,4410.90,4410.90,4409.77,4410.53,0.00,0.00,0.0,BEARISH,113.0,4410.41,4410.75,4410.41,4410.67,55,CLEARED_>=20s,34.0,26.0,8.0,0.0,23.5,0.0,0.0,PASS_<20%,0.00,0.0,NO,STANDBY_VEL_LOW,0,0.00,4590.00,86.48,FALSE,M1_DIRECTION_MISMATCH
2026-09-07 17:50:55.878,1788803455.878,2162,40,40,4410.67,4410.75,8.0,PASS_<=10c,+0.0,FLAT,+26.0,-23.0,2.5,+2.15,0.86,SLOW,4410.90,4410.90,4409.77,4410.53,0.00,0.00,0.0,BEARISH,113.0,4410.41,4410.75,4410.41,4410.67,55,CLEARED_>=20s,34.0,26.0,8.0,0.0,23.5,0.0,0.0,PASS_<20%,0.00,0.0,NO,STANDBY_VEL_LOW,0,0.00,4590.00,86.48,FALSE,M1_DIRECTION_MISMATCH
2026-09-07 17:50:56.380,1788803456.380,2163,41,41,4410.67,4410.75,8.0,PASS_<=10c,+0.0,FLAT,+26.0,-23.0,2.7,+1.86,0.69,SLOW,4410.90,4410.90,4409.77,4410.53,0.00,0.00,0.0,BEARISH,113.0,4410.41,4410.75,4410.41,4410.67,56,CLEARED_>=20s,34.0,26.0,8.0,0.0,23.5,0.0,0.0,PASS_<20%,0.00,0.0,NO,STANDBY_VEL_LOW,0,0.00,4590.00,86.48,FALSE,M1_DIRECTION_MISMATCH
2026-09-07 17:50:56.881,1788803456.882,2164,42,42,4410.67,4410.75,8.0,PASS_<=10c,+0.0,FLAT,+26.0,-23.0,2.8,+1.64,0.59,SLOW,4410.90,4410.90,4409.77,4410.53,0.00,0.00,0.0,BEARISH,113.0,4410.41,4410.75,4410.41,4410.67,56,CLEARED_>=20s,34.0,26.0,8.0,0.0,23.5,0.0,0.0,PASS_<20%,0.00,0.0,NO,STANDBY_VEL_LOW,0,0.00,4590.00,86.48,FALSE,M1_DIRECTION_MISMATCH
2026-09-07 17:50:57.383,1788803457.383,2165,43,43,4410.67,4410.75,8.0,PASS_<=10c,+0.0,FLAT,+26.0,-23.0,2.9,+1.47,0.51,SLOW,4410.90,4410.90,4409.77,4410.53,0.00,0.00,0.0,BEARISH,113.0,4410.41,4410.75,4410.41,4410.67,57,CLEARED_>=20s,34.0,26.0,8.0,0.0,23.5,0.0,0.0,PASS_<20%,0.00,0.0,NO,STANDBY_VEL_LOW,0,0.00,4590.00,86.48,FALSE,M1_DIRECTION_MISMATCH
2026-09-07 17:50:57.885,1788803457.885,2166,44,44,4410.67,4410.75,8.0,PASS_<=10c,+0.0,FLAT,+26.0,-23.0,4.5,+2.08,0.46,SLOW,4410.90,4410.90,4409.77,4410.53,0.00,0.00,0.0,BEARISH,113.0,4410.41,4410.75,4410.41,4410.67,57,CLEARED_>=20s,34.0,26.0,8.0,0.0,23.5,0.0,0.0,PASS_<20%,0.00,0.0,NO,STANDBY_VEL_LOW,0,0.00,4590.00,86.48,FALSE,M1_DIRECTION_MISMATCH
2026-09-07 17:50:58.386,1788803458.387,2167,45,45,4410.67,4410.75,8.0,PASS_<=10c,+0.0,FLAT,+26.0,-23.0,4.4,+1.81,0.41,SLOW,4410.90,4410.90,4409.77,4410.53,0.00,0.00,0.0,BEARISH,113.0,4410.41,4410.75,4410.41,4410.67,58,CLEARED_>=20s,34.0,26.0,8.0,0.0,23.5,0.0,0.0,PASS_<20%,0.00,0.0,NO,STANDBY_VEL_LOW,0,0.00,4590.00,86.48,FALSE,M1_DIRECTION_MISMATCH
2026-09-07 17:50:58.888,1788803458.888,2168,46,46,4410.67,4410.75,8.0,PASS_<=10c,+0.0,FLAT,+26.0,-23.0,4.3,+1.60,0.37,SLOW,4410.90,4410.90,4409.77,4410.53,0.00,0.00,0.0,BEARISH,113.0,4410.41,4410.75,4410.41,4410.67,58,CLEARED_>=20s,34.0,26.0,8.0,0.0,23.5,0.0,0.0,PASS_<20%,0.00,0.0,NO,STANDBY_VEL_LOW,0,0.00,4590.00,86.48,FALSE,M1_DIRECTION_MISMATCH
2026-09-07 17:50:59.390,1788803459.390,2169,47,47,4410.67,4410.75,8.0,PASS_<=10c,+0.0,FLAT,+26.0,-23.0,4.3,+1.44,0.33,SLOW,4410.90,4410.90,4409.77,4410.53,0.00,0.00,0.0,BEARISH,113.0,4410.41,4410.75,4410.41,4410.67,59,CLEARED_>=20s,34.0,26.0,8.0,0.0,23.5,0.0,0.0,PASS_<20%,0.00,0.0,NO,STANDBY_VEL_LOW,0,0.00,4590.00,86.48,FALSE,M1_DIRECTION_MISMATCH
2026-09-07 17:50:59.917,1788803459.918,2170,48,48,4410.67,4410.75,8.0,PASS_<=10c,+0.0,FLAT,+26.0,-23.0,4.2,+0.46,0.11,SLOW,4410.90,4410.90,4409.77,4410.53,0.00,0.00,0.0,BEARISH,113.0,4410.41,4410.75,4410.41,4410.67,59,CLEARED_>=20s,34.0,26.0,8.0,0.0,23.5,0.0,0.0,PASS_<20%,0.00,0.0,NO,STANDBY_VEL_LOW,0,0.00,4590.00,86.48,FALSE,M1_DIRECTION_MISMATCH
2026-09-07 17:51:00.425,1788803460.425,2171,1,49,4410.67,4410.75,8.0,PASS_<=10c,+0.0,FLAT,+0.0,-23.0,4.2,+0.46,0.11,SLOW,4410.90,4410.90,4409.77,4410.53,0.00,0.00,0.0,BEARISH,113.0,4410.67,4410.67,4410.67,4410.67,0,ACTIVE_0s,1.0,0.0,0.0,0.0,0.0,0.0,0.0,PASS_<20%,0.00,0.0,NO,STANDBY_VEL_LOW,0,0.00,4590.00,86.48,FALSE,M1_DIRECTION_MISMATCH|OPENING_SHIELD_ACTIVE_0s
2026-09-07 17:51:00.919,1788803460.919,2172,2,50,4410.67,4410.75,8.0,PASS_<=10c,+0.0,FLAT,+0.0,-23.0,4.2,+0.46,0.11,SLOW,4410.90,4410.90,4409.77,4410.53,0.00,0.00,0.0,BEARISH,113.0,4410.67,4410.67,4410.67,4410.67,0,ACTIVE_0s,1.0,0.0,0.0,0.0,0.0,0.0,0.0,PASS_<20%,0.00,0.0,NO,STANDBY_VEL_LOW,0,0.00,4590.00,86.48,FALSE,M1_DIRECTION_MISMATCH|OPENING_SHIELD_ACTIVE_0s
2026-09-07 17:51:01.421,1788803461.422,2173,3,51,4410.67,4410.75,8.0,PASS_<=10c,+0.0,FLAT,+0.0,-23.0,4.2,+0.45,0.11,SLOW,4410.90,4410.90,4409.77,4410.53,0.00,0.00,0.0,BEARISH,113.0,4410.67,4410.67,4410.67,4410.67,1,ACTIVE_1s,1.0,0.0,0.0,0.0,0.0,0.0,0.0,PASS_<20%,0.00,0.0,NO,STANDBY_VEL_LOW,0,0.00,4590.00,86.48,FALSE,M1_DIRECTION_MISMATCH|OPENING_SHIELD_ACTIVE_1s
2026-09-07 17:51:01.922,1788803461.922,2174,4,52,4410.67,4410.75,8.0,PASS_<=10c,+0.0,FLAT,+0.0,-23.0,4.2,+0.45,0.11,SLOW,4410.90,4410.90,4409.77,4410.53,0.00,0.00,0.0,BEARISH,113.0,4410.67,4410.67,4410.67,4410.67,1,ACTIVE_1s,1.0,0.0,0.0,0.0,0.0,0.0,0.0,PASS_<20%,0.00,0.0,NO,STANDBY_VEL_LOW,0,0.00,4590.00,86.48,FALSE,M1_DIRECTION_MISMATCH|OPENING_SHIELD_ACTIVE_1s
2026-09-07 17:51:02.422,1788803462.423,2175,5,53,4410.67,4410.75,8.0,PASS_<=10c,+0.0,FLAT,+0.0,-23.0,4.2,+0.44,0.10,SLOW,4410.90,4410.90,4409.77,4410.53,0.00,0.00,0.0,BEARISH,113.0,4410.67,4410.67,4410.67,4410.67,2,ACTIVE_2s,1.0,0.0,0.0,0.0,0.0,0.0,0.0,PASS_<20%,0.00,0.0,NO,STANDBY_VEL_LOW,0,0.00,4590.00,86.48,FALSE,M1_DIRECTION_MISMATCH|OPENING_SHIELD_ACTIVE_2s
2026-09-07 17:51:12.798,1788803472.799,2176,6,54,4410.67,4410.75,8.0,PASS_<=10c,+0.0,FLAT,+0.0,-23.0,1.3,+0.13,0.10,SLOW,4410.90,4410.90,4409.77,4410.53,0.00,0.00,0.0,BEARISH,113.0,4410.67,4410.67,4410.67,4410.67,12,ACTIVE_12s,1.0,0.0,0.0,0.0,0.0,0.0,0.0,PASS_<20%,0.00,0.0,NO,STANDBY_VEL_LOW,0,0.00,4590.00,86.48,FALSE,M1_DIRECTION_MISMATCH|OPENING_SHIELD_ACTIVE_12s
2026-09-07 17:51:20.023,1788803480.024,2177,7,55,4410.67,4410.75,8.0,PASS_<=10c,+0.0,FLAT,+0.0,-23.0,1.3,+0.14,0.11,SLOW,4410.90,4410.90,4409.77,4410.53,0.00,0.00,0.0,BEARISH,113.0,4410.67,4410.67,4410.67,4410.67,20,CLEARED_>=20s,1.0,0.0,0.0,0.0,0.0,0.0,0.0,PASS_<20%,0.00,0.0,NO,STANDBY_VEL_LOW,0,0.00,4590.00,86.48,FALSE,M1_DIRECTION_MISMATCH
2026-09-07 17:51:20.378,1788803480.379,2178,8,56,4410.64,4410.72,8.0,PASS_<=10c,-3.0,DOWN,-3.0,-26.0,1.6,+1.22,0.76,SLOW,4410.90,4410.90,4409.77,4410.53,0.00,0.00,0.0,BEARISH,113.0,4410.67,4410.67,4410.64,4410.64,20,CLEARED_>=20s,3.0,3.0,0.0,0.0,0.0,0.0,0.0,PASS_<20%,4410.52,12.0,NO,STANDBY_VEL_LOW,0,0.00,4590.00,86.48,FALSE,PRICE_ABOVE_15C_DISPLACEMENT
2026-09-07 17:51:20.880,1788803480.881,2179,9,57,4410.57,4410.65,8.0,PASS_<=10c,-7.0,DOWN,-10.0,-33.0,2.0,+3.38,1.69,SLOW,4410.90,4410.90,4409.77,4410.53,0.00,0.00,0.0,BEARISH,113.0,4410.67,4410.67,4410.57,4410.57,20,CLEARED_>=20s,10.0,10.0,0.0,0.0,0.0,0.0,0.0,PASS_<20%,4410.52,5.0,NO,STANDBY_VEL_LOW,0,0.00,4590.00,86.48,FALSE,PRICE_ABOVE_15C_DISPLACEMENT
2026-09-07 17:51:21.383,1788803481.384,2180,10,58,4410.57,4410.65,8.0,PASS_<=10c,+0.0,FLAT,-10.0,-33.0,2.3,+2.89,1.26,SLOW,4410.90,4410.90,4409.77,4410.53,0.00,0.00,0.0,BEARISH,113.0,4410.67,4410.67,4410.57,4410.57,21,CLEARED_>=20s,10.0,10.0,0.0,0.0,0.0,0.0,0.0,PASS_<20%,4410.52,5.0,NO,STANDBY_VEL_LOW,0,0.00,4590.00,86.48,FALSE,PRICE_ABOVE_15C_DISPLACEMENT
2026-09-07 17:51:21.884,1788803481.885,2181,11,59,4410.58,4410.66,8.0,PASS_<=10c,+1.0,UP,-9.0,-32.0,2.5,+2.27,0.91,SLOW,4410.90,4410.90,4409.77,4410.53,0.00,0.00,0.0,BEARISH,113.0,4410.67,4410.67,4410.57,4410.58,21,CLEARED_>=20s,10.0,9.0,0.0,1.0,0.0,10.0,10.0,PASS_<20%,4410.52,6.0,NO,STANDBY_VEL_LOW,0,0.00,4590.00,86.48,FALSE,PRICE_ABOVE_15C_DISPLACEMENT
2026-09-07 17:51:22.387,1788803482.388,2182,12,60,4410.59,4410.67,8.0,PASS_<=10c,+1.0,UP,-8.0,-31.0,2.7,+1.79,0.66,SLOW,4410.90,4410.90,4409.77,4410.53,0.00,0.00,0.0,BEARISH,113.0,4410.67,4410.67,4410.57,4410.59,22,CLEARED_>=20s,10.0,8.0,0.0,2.0,0.0,20.0,20.0,BLOCKED_20.0%,4410.52,7.0,NO,STANDBY_VEL_LOW,0,0.00,4590.00,86.48,FALSE,OPP_WICK_TOO_HIGH_0.20|PRICE_ABOVE_15C_DISPLACEMENT
2026-09-07 17:51:22.889,1788803482.890,2183,13,61,4410.59,4410.67,8.0,PASS_<=10c,+0.0,FLAT,-8.0,-31.0,2.8,+1.61,0.58,SLOW,4410.90,4410.90,4409.77,4410.53,0.00,0.00,0.0,BEARISH,113.0,4410.67,4410.67,4410.57,4410.59,22,CLEARED_>=20s,10.0,8.0,0.0,2.0,0.0,20.0,20.0,BLOCKED_20.0%,4410.52,7.0,NO,STANDBY_VEL_LOW,0,0.00,4590.00,86.48,FALSE,OPP_WICK_TOO_HIGH_0.20|PRICE_ABOVE_15C_DISPLACEMENT
2026-09-07 17:51:23.392,1788803483.392,2184,14,62,4410.59,4410.67,8.0,PASS_<=10c,+0.0,FLAT,-8.0,-31.0,4.5,+2.37,0.53,SLOW,4410.90,4410.90,4409.77,4410.53,0.00,0.00,0.0,BEARISH,113.0,4410.67,4410.67,4410.57,4410.59,23,CLEARED_>=20s,10.0,8.0,0.0,2.0,0.0,20.0,20.0,BLOCKED_20.0%,4410.52,7.0,NO,STANDBY_VEL_LOW,0,0.00,4590.00,86.48,FALSE,OPP_WICK_TOO_HIGH_0.20|PRICE_ABOVE_15C_DISPLACEMENT
2026-09-07 17:51:23.894,1788803483.895,2185,15,63,4410.62,4410.70,8.0,PASS_<=10c,+3.0,UP,-5.0,-28.0,4.4,+1.29,0.29,SLOW,4410.90,4410.90,4409.77,4410.53,0.00,0.00,0.0,BEARISH,113.0,4410.67,4410.67,4410.57,4410.62,23,CLEARED_>=20s,10.0,5.0,0.0,5.0,0.0,50.0,50.0,BLOCKED_50.0%,4410.52,10.0,NO,STANDBY_VEL_LOW,0,0.00,4590.00,86.48,FALSE,OPP_WICK_TOO_HIGH_0.50|PRICE_ABOVE_15C_DISPLACEMENT
2026-09-07 17:51:24.396,1788803484.397,2186,16,64,4410.62,4410.70,8.0,PASS_<=10c,+0.0,FLAT,-5.0,-28.0,4.3,+1.14,0.27,SLOW,4410.90,4410.90,4409.77,4410.53,0.00,0.00,0.0,BEARISH,113.0,4410.67,4410.67,4410.57,4410.62,24,CLEARED_>=20s,10.0,5.0,0.0,5.0,0.0,50.0,50.0,BLOCKED_50.0%,4410.52,10.0,NO,STANDBY_VEL_LOW,0,0.00,4590.00,86.48,FALSE,OPP_WICK_TOO_HIGH_0.50|PRICE_ABOVE_15C_DISPLACEMENT
2026-09-07 17:51:24.898,1788803484.899,2187,17,65,4410.62,4410.70,8.0,PASS_<=10c,+0.0,FLAT,-5.0,-28.0,4.3,+1.03,0.24,SLOW,4410.90,4410.90,4409.77,4410.53,0.00,0.00,0.0,BEARISH,113.0,4410.67,4410.67,4410.57,4410.62,24,CLEARED_>=20s,10.0,5.0,0.0,5.0,0.0,50.0,50.0,BLOCKED_50.0%,4410.52,10.0,NO,STANDBY_VEL_LOW,0,0.00,4590.00,86.48,FALSE,OPP_WICK_TOO_HIGH_0.50|PRICE_ABOVE_15C_DISPLACEMENT
2026-09-07 17:51:25.400,1788803485.401,2188,18,66,4410.62,4410.70,8.0,PASS_<=10c,+0.0,FLAT,-5.0,-28.0,4.2,+1.05,0.25,SLOW,4410.90,4410.90,4409.77,4410.53,0.00,0.00,0.0,BEARISH,113.0,4410.67,4410.67,4410.57,4410.62,25,CLEARED_>=20s,10.0,5.0,0.0,5.0,0.0,50.0,50.0,BLOCKED_50.0%,4410.52,10.0,NO,STANDBY_VEL_LOW,0,0.00,4590.00,86.48,FALSE,OPP_WICK_TOO_HIGH_0.50|PRICE_ABOVE_15C_DISPLACEMENT
2026-09-07 17:51:25.901,1788803485.902,2189,19,67,4410.62,4410.70,8.0,PASS_<=10c,+0.0,FLAT,-5.0,-28.0,4.2,+1.05,0.25,SLOW,4410.90,4410.90,4409.77,4410.53,0.00,0.00,0.0,BEARISH,113.0,4410.67,4410.67,4410.57,4410.62,25,CLEARED_>=20s,10.0,5.0,0.0,5.0,0.0,50.0,50.0,BLOCKED_50.0%,4410.52,10.0,NO,STANDBY_VEL_LOW,0,0.00,4590.00,86.48,FALSE,OPP_WICK_TOO_HIGH_0.50|PRICE_ABOVE_15C_DISPLACEMENT
2026-09-07 17:51:26.402,1788803486.403,2190,20,68,4410.62,4410.70,8.0,PASS_<=10c,+0.0,FLAT,-5.0,-28.0,4.2,+0.84,0.20,SLOW,4410.90,4410.90,4409.77,4410.53,0.00,0.00,0.0,BEARISH,113.0,4410.67,4410.67,4410.57,4410.62,26,CLEARED_>=20s,10.0,5.0,0.0,5.0,0.0,50.0,50.0,BLOCKED_50.0%,4410.52,10.0,NO,STANDBY_VEL_LOW,0,0.00,4590.00,86.48,FALSE,OPP_WICK_TOO_HIGH_0.50|PRICE_ABOVE_15C_DISPLACEMENT
2026-09-07 17:51:26.904,1788803486.904,2191,21,69,4410.62,4410.70,8.0,PASS_<=10c,+0.0,FLAT,-5.0,-28.0,4.2,+0.84,0.20,SLOW,4410.90,4410.90,4409.77,4410.53,0.00,0.00,0.0,BEARISH,113.0,4410.67,4410.67,4410.57,4410.62,26,CLEARED_>=20s,10.0,5.0,0.0,5.0,0.0,50.0,50.0,BLOCKED_50.0%,4410.52,10.0,NO,STANDBY_VEL_LOW,0,0.00,4590.00,86.48,FALSE,OPP_WICK_TOO_HIGH_0.50|PRICE_ABOVE_15C_DISPLACEMENT
2026-09-07 17:51:27.405,1788803487.406,2192,22,70,4410.62,4410.70,8.0,PASS_<=10c,+0.0,FLAT,-5.0,-28.0,4.2,+0.63,0.15,SLOW,4410.90,4410.90,4409.77,4410.53,0.00,0.00,0.0,BEARISH,113.0,4410.67,4410.67,4410.57,4410.62,27,CLEARED_>=20s,10.0,5.0,0.0,5.0,0.0,50.0,50.0,BLOCKED_50.0%,4410.52,10.0,NO,STANDBY_VEL_LOW,0,0.00,4590.00,86.48,FALSE,OPP_WICK_TOO_HIGH_0.50|PRICE_ABOVE_15C_DISPLACEMENT
2026-09-07 17:51:27.907,1788803487.907,2193,23,71,4410.62,4410.70,8.0,PASS_<=10c,+0.0,FLAT,-5.0,-28.0,4.2,+0.63,0.15,SLOW,4410.90,4410.90,4409.77,4410.53,0.00,0.00,0.0,BEARISH,113.0,4410.67,4410.67,4410.57,4410.62,27,CLEARED_>=20s,10.0,5.0,0.0,5.0,0.0,50.0,50.0,BLOCKED_50.0%,4410.52,10.0,NO,STANDBY_VEL_LOW,0,0.00,4590.00,86.48,FALSE,OPP_WICK_TOO_HIGH_0.50|PRICE_ABOVE_15C_DISPLACEMENT
2026-09-07 17:51:38.286,1788803498.286,2194,24,72,4410.62,4410.70,8.0,PASS_<=10c,+0.0,FLAT,-5.0,-28.0,1.3,+0.00,0.00,SLOW,4410.90,4410.90,4409.77,4410.53,0.00,0.00,0.0,BEARISH,113.0,4410.67,4410.67,4410.57,4410.62,38,CLEARED_>=20s,10.0,5.0,0.0,5.0,0.0,50.0,50.0,BLOCKED_50.0%,4410.52,10.0,NO,STANDBY_VEL_LOW,0,0.00,4590.00,86.48,FALSE,OPP_WICK_TOO_HIGH_0.50|PRICE_ABOVE_15C_DISPLACEMENT
2026-09-07 17:51:45.111,1788803505.112,2195,25,73,4410.62,4410.70,8.0,PASS_<=10c,+0.0,FLAT,-5.0,-28.0,1.3,+0.00,0.00,SLOW,4410.90,4410.90,4409.77,4410.53,0.00,0.00,0.0,BEARISH,113.0,4410.67,4410.67,4410.57,4410.62,45,CLEARED_>=20s,10.0,5.0,0.0,5.0,0.0,50.0,50.0,BLOCKED_50.0%,4410.52,10.0,NO,STANDBY_VEL_LOW,0,0.00,4590.00,86.48,FALSE,OPP_WICK_TOO_HIGH_0.50|PRICE_ABOVE_15C_DISPLACEMENT
2026-09-07 17:51:45.466,1788803505.467,2196,26,74,4410.56,4410.64,8.0,PASS_<=10c,-6.0,DOWN,-11.0,-34.0,1.9,+2.91,1.53,SLOW,4410.90,4410.90,4409.77,4410.53,0.00,0.00,0.0,BEARISH,113.0,4410.67,4410.67,4410.56,4410.56,45,CLEARED_>=20s,11.0,11.0,0.0,0.0,0.0,0.0,0.0,PASS_<20%,4410.52,4.0,NO,STANDBY_VEL_LOW,0,0.00,4590.00,86.48,FALSE,PRICE_ABOVE_15C_DISPLACEMENT
2026-09-07 17:51:45.968,1788803505.968,2197,27,75,4410.56,4410.64,8.0,PASS_<=10c,+0.0,FLAT,-11.0,-34.0,2.3,+2.34,1.02,SLOW,4410.90,4410.90,4409.77,4410.53,0.00,0.00,0.0,BEARISH,113.0,4410.67,4410.67,4410.56,4410.56,45,CLEARED_>=20s,11.0,11.0,0.0,0.0,0.0,0.0,0.0,PASS_<20%,4410.52,4.0,NO,STANDBY_VEL_LOW,0,0.00,4590.00,86.48,FALSE,PRICE_ABOVE_15C_DISPLACEMENT
2026-09-07 17:51:46.469,1788803506.470,2198,28,76,4410.56,4410.64,8.0,PASS_<=10c,+0.0,FLAT,-11.0,-34.0,2.6,+1.96,0.75,SLOW,4410.90,4410.90,4409.77,4410.53,0.00,0.00,0.0,BEARISH,113.0,4410.67,4410.67,4410.56,4410.56,46,CLEARED_>=20s,11.0,11.0,0.0,0.0,0.0,0.0,0.0,PASS_<20%,4410.52,4.0,NO,STANDBY_VEL_LOW,0,0.00,4590.00,86.48,FALSE,PRICE_ABOVE_15C_DISPLACEMENT
2026-09-07 17:51:46.970,1788803506.971,2199,29,77,4410.56,4410.64,8.0,PASS_<=10c,+0.0,FLAT,-11.0,-34.0,2.8,+1.68,0.60,SLOW,4410.90,4410.90,4409.77,4410.53,0.00,0.00,0.0,BEARISH,113.0,4410.67,4410.67,4410.56,4410.56,46,CLEARED_>=20s,11.0,11.0,0.0,0.0,0.0,0.0,0.0,PASS_<20%,4410.52,4.0,NO,STANDBY_VEL_LOW,0,0.00,4590.00,86.48,FALSE,PRICE_ABOVE_15C_DISPLACEMENT
2026-09-07 17:51:47.472,1788803507.472,2200,30,78,4410.58,4410.66,8.0,PASS_<=10c,+2.0,UP,-9.0,-32.0,3.0,+0.98,0.33,SLOW,4410.90,4410.90,4409.77,4410.53,0.00,0.00,0.0,BEARISH,113.0,4410.67,4410.67,4410.56,4410.58,47,CLEARED_>=20s,11.0,9.0,0.0,2.0,0.0,18.2,18.2,PASS_<20%,4410.52,6.0,NO,STANDBY_VEL_LOW,0,0.00,4590.00,86.48,FALSE,PRICE_ABOVE_15C_DISPLACEMENT
2026-09-07 17:51:47.974,1788803507.974,2201,31,79,4410.59,4410.67,8.0,PASS_<=10c,+1.0,UP,-8.0,-31.0,3.1,+0.66,0.21,SLOW,4410.90,4410.90,4409.77,4410.53,0.00,0.00,0.0,BEARISH,113.0,4410.67,4410.67,4410.56,4410.59,47,CLEARED_>=20s,11.0,8.0,0.0,3.0,0.0,27.3,27.3,BLOCKED_27.3%,4410.52,7.0,NO,STANDBY_VEL_LOW,0,0.00,4590.00,86.48,FALSE,OPP_WICK_TOO_HIGH_0.27|PRICE_ABOVE_15C_DISPLACEMENT
2026-09-07 17:51:48.475,1788803508.476,2202,32,80,4410.59,4410.67,8.0,PASS_<=10c,+0.0,FLAT,-8.0,-31.0,4.5,+0.89,0.20,SLOW,4410.90,4410.90,4409.77,4410.53,0.00,0.00,0.0,BEARISH,113.0,4410.67,4410.67,4410.56,4410.59,48,CLEARED_>=20s,11.0,8.0,0.0,3.0,0.0,27.3,27.3,BLOCKED_27.3%,4410.52,7.0,NO,STANDBY_VEL_LOW,0,0.00,4590.00,86.48,FALSE,OPP_WICK_TOO_HIGH_0.27|PRICE_ABOVE_15C_DISPLACEMENT
2026-09-07 17:51:48.977,1788803508.977,2203,33,81,4410.59,4410.67,8.0,PASS_<=10c,+0.0,FLAT,-8.0,-31.0,4.4,+0.78,0.18,SLOW,4410.90,4410.90,4409.77,4410.53,0.00,0.00,0.0,BEARISH,113.0,4410.67,4410.67,4410.56,4410.59,48,CLEARED_>=20s,11.0,8.0,0.0,3.0,0.0,27.3,27.3,BLOCKED_27.3%,4410.52,7.0,NO,STANDBY_VEL_LOW,0,0.00,4590.00,86.48,FALSE,OPP_WICK_TOO_HIGH_0.27|PRICE_ABOVE_15C_DISPLACEMENT
2026-09-07 17:51:49.479,1788803509.479,2204,34,82,4410.59,4410.67,8.0,PASS_<=10c,+0.0,FLAT,-8.0,-31.0,4.4,+0.69,0.16,SLOW,4410.90,4410.90,4409.77,4410.53,0.00,0.00,0.0,BEARISH,113.0,4410.67,4410.67,4410.56,4410.59,49,CLEARED_>=20s,11.0,8.0,0.0,3.0,0.0,27.3,27.3,BLOCKED_27.3%,4410.52,7.0,NO,STANDBY_VEL_LOW,0,0.00,4590.00,86.48,FALSE,OPP_WICK_TOO_HIGH_0.27|PRICE_ABOVE_15C_DISPLACEMENT
2026-09-07 17:51:49.982,1788803509.982,2205,35,83,4410.59,4410.67,8.0,PASS_<=10c,+0.0,FLAT,-8.0,-31.0,4.3,+0.62,0.14,SLOW,4410.90,4410.90,4409.77,4410.53,0.00,0.00,0.0,BEARISH,113.0,4410.67,4410.67,4410.56,4410.59,49,CLEARED_>=20s,11.0,8.0,0.0,3.0,0.0,27.3,27.3,BLOCKED_27.3%,4410.52,7.0,NO,STANDBY_VEL_LOW,0,0.00,4590.00,86.48,FALSE,OPP_WICK_TOO_HIGH_0.27|PRICE_ABOVE_15C_DISPLACEMENT
2026-09-07 17:51:50.484,1788803510.484,2206,36,84,4410.59,4410.67,8.0,PASS_<=10c,+0.0,FLAT,-8.0,-31.0,4.2,+0.63,0.15,SLOW,4410.90,4410.90,4409.77,4410.53,0.00,0.00,0.0,BEARISH,113.0,4410.67,4410.67,4410.56,4410.59,50,CLEARED_>=20s,11.0,8.0,0.0,3.0,0.0,27.3,27.3,BLOCKED_27.3%,4410.52,7.0,NO,STANDBY_VEL_LOW,0,0.00,4590.00,86.48,FALSE,OPP_WICK_TOO_HIGH_0.27|PRICE_ABOVE_15C_DISPLACEMENT
2026-09-07 17:51:50.986,1788803510.986,2207,37,85,4410.59,4410.67,8.0,PASS_<=10c,+0.0,FLAT,-8.0,-31.0,4.2,+0.63,0.15,SLOW,4410.90,4410.90,4409.77,4410.53,0.00,0.00,0.0,BEARISH,113.0,4410.67,4410.67,4410.56,4410.59,50,CLEARED_>=20s,11.0,8.0,0.0,3.0,0.0,27.3,27.3,BLOCKED_27.3%,4410.52,7.0,NO,STANDBY_VEL_LOW,0,0.00,4590.00,86.48,FALSE,OPP_WICK_TOO_HIGH_0.27|PRICE_ABOVE_15C_DISPLACEMENT
2026-09-07 17:51:51.490,1788803511.491,2208,38,86,4410.59,4410.67,8.0,PASS_<=10c,+0.0,FLAT,-8.0,-31.0,4.2,+0.63,0.15,SLOW,4410.90,4410.90,4409.77,4410.53,0.00,0.00,0.0,BEARISH,113.0,4410.67,4410.67,4410.56,4410.59,51,CLEARED_>=20s,11.0,8.0,0.0,3.0,0.0,27.3,27.3,BLOCKED_27.3%,4410.52,7.0,NO,STANDBY_VEL_LOW,0,0.00,4590.00,86.48,FALSE,OPP_WICK_TOO_HIGH_0.27|PRICE_ABOVE_15C_DISPLACEMENT
2026-09-07 17:51:51.990,1788803511.990,2209,39,87,4410.59,4410.67,8.0,PASS_<=10c,+0.0,FLAT,-8.0,-31.0,4.2,+0.63,0.15,SLOW,4410.90,4410.90,4409.77,4410.53,0.00,0.00,0.0,BEARISH,113.0,4410.67,4410.67,4410.56,4410.59,51,CLEARED_>=20s,11.0,8.0,0.0,3.0,0.0,27.3,27.3,BLOCKED_27.3%,4410.52,7.0,NO,STANDBY_VEL_LOW,0,0.00,4590.00,86.48,FALSE,OPP_WICK_TOO_HIGH_0.27|PRICE_ABOVE_15C_DISPLACEMENT
2026-09-07 17:51:52.492,1788803512.493,2210,40,88,4410.59,4410.67,8.0,PASS_<=10c,+0.0,FLAT,-8.0,-31.0,4.2,+0.21,0.05,SLOW,4410.90,4410.90,4409.77,4410.53,0.00,0.00,0.0,BEARISH,113.0,4410.67,4410.67,4410.56,4410.59,52,CLEARED_>=20s,11.0,8.0,0.0,3.0,0.0,27.3,27.3,BLOCKED_27.3%,4410.52,7.0,NO,STANDBY_VEL_LOW,0,0.00,4590.00,86.48,FALSE,OPP_WICK_TOO_HIGH_0.27|PRICE_ABOVE_15C_DISPLACEMENT
2026-09-07 17:51:52.994,1788803512.994,2211,41,89,4410.59,4410.67,8.0,PASS_<=10c,+0.0,FLAT,-8.0,-31.0,4.2,+0.00,0.00,SLOW,4410.90,4410.90,4409.77,4410.53,0.00,0.00,0.0,BEARISH,113.0,4410.67,4410.67,4410.56,4410.59,52,CLEARED_>=20s,11.0,8.0,0.0,3.0,0.0,27.3,27.3,BLOCKED_27.3%,4410.52,7.0,NO,STANDBY_VEL_LOW,0,0.00,4590.00,86.48,FALSE,OPP_WICK_TOO_HIGH_0.27|PRICE_ABOVE_15C_DISPLACEMENT
2026-09-07 17:51:58.508,1788803518.509,2212,42,90,4410.59,4410.67,8.0,PASS_<=10c,+0.0,FLAT,-8.0,-31.0,1.5,+0.00,0.00,SLOW,4410.90,4410.90,4409.77,4410.53,0.00,0.00,0.0,BEARISH,113.0,4410.67,4410.67,4410.56,4410.59,58,CLEARED_>=20s,11.0,8.0,0.0,3.0,0.0,27.3,27.3,BLOCKED_27.3%,4410.52,7.0,NO,STANDBY_VEL_LOW,0,0.00,4590.00,86.48,FALSE,OPP_WICK_TOO_HIGH_0.27|PRICE_ABOVE_15C_DISPLACEMENT
2026-09-07 17:52:08.754,1788803528.755,2213,1,91,4410.59,4410.67,8.0,PASS_<=10c,+0.0,FLAT,+0.0,-31.0,1.3,+0.00,0.00,SLOW,4410.90,4410.90,4409.77,4410.53,0.00,0.00,0.0,BEARISH,113.0,4410.59,4410.59,4410.59,4410.59,8,ACTIVE_8s,1.0,0.0,0.0,0.0,0.0,0.0,0.0,PASS_<20%,0.00,0.0,NO,STANDBY_VEL_LOW,0,0.00,4590.00,86.48,FALSE,M1_DIRECTION_MISMATCH|OPENING_SHIELD_ACTIVE_8s
2026-09-07 17:52:09.964,1788803529.964,2214,2,92,4410.59,4410.67,8.0,PASS_<=10c,+0.0,FLAT,+0.0,-31.0,2.5,+0.00,0.00,SLOW,4410.90,4410.90,4409.77,4410.53,0.00,0.00,0.0,BEARISH,113.0,4410.59,4410.59,4410.59,4410.59,9,ACTIVE_9s,1.0,0.0,0.0,0.0,0.0,0.0,0.0,PASS_<20%,0.00,0.0,NO,STANDBY_VEL_LOW,0,0.00,4590.00,86.48,FALSE,M1_DIRECTION_MISMATCH|OPENING_SHIELD_ACTIVE_9s
2026-09-07 17:52:10.464,1788803530.464,2215,3,93,4410.84,4410.92,8.0,PASS_<=10c,+25.0,UP,+25.0,-6.0,2.9,+14.62,5.04,SLOW,4410.90,4410.90,4409.77,4410.53,0.00,0.00,0.0,BEARISH,113.0,4410.59,4410.84,4410.59,4410.84,10,ACTIVE_10s,25.0,25.0,0.0,0.0,0.0,0.0,0.0,PASS_<20%,0.00,0.0,NO,STANDBY_VEL_LOW,0,0.00,4590.00,86.48,FALSE,M1_DIRECTION_MISMATCH|OPENING_SHIELD_ACTIVE_10s
2026-09-07 17:52:10.965,1788803530.966,2216,4,94,4410.84,4410.92,8.0,PASS_<=10c,+0.0,FLAT,+25.0,-6.0,3.2,+11.31,3.53,SLOW,4410.90,4410.90,4409.77,4410.53,0.00,0.00,0.0,BEARISH,113.0,4410.59,4410.84,4410.59,4410.84,10,ACTIVE_10s,25.0,25.0,0.0,0.0,0.0,0.0,0.0,PASS_<20%,0.00,0.0,NO,STANDBY_VEL_LOW,0,0.00,4590.00,86.48,FALSE,M1_DIRECTION_MISMATCH|OPENING_SHIELD_ACTIVE_10s
2026-09-07 17:52:11.467,1788803531.468,2217,5,95,4410.84,4410.92,8.0,PASS_<=10c,+0.0,FLAT,+25.0,-6.0,3.3,+9.21,2.79,SLOW,4410.90,4410.90,4409.77,4410.53,0.00,0.00,0.0,BEARISH,113.0,4410.59,4410.84,4410.59,4410.84,11,ACTIVE_11s,25.0,25.0,0.0,0.0,0.0,0.0,0.0,PASS_<20%,0.00,0.0,NO,STANDBY_VEL_LOW,0,0.00,4590.00,86.48,FALSE,M1_DIRECTION_MISMATCH|OPENING_SHIELD_ACTIVE_11s
2026-09-07 17:52:11.969,1788803531.970,2218,6,96,4410.84,4410.92,8.0,PASS_<=10c,+0.0,FLAT,+25.0,-6.0,3.4,+7.78,2.29,SLOW,4410.90,4410.90,4409.77,4410.53,0.00,0.00,0.0,BEARISH,113.0,4410.59,4410.84,4410.59,4410.84,11,ACTIVE_11s,25.0,25.0,0.0,0.0,0.0,0.0,0.0,PASS_<20%,0.00,0.0,NO,STANDBY_VEL_LOW,0,0.00,4590.00,86.48,FALSE,M1_DIRECTION_MISMATCH|OPENING_SHIELD_ACTIVE_11s
2026-09-07 17:52:12.470,1788803532.470,2219,7,97,4410.84,4410.92,8.0,PASS_<=10c,+0.0,FLAT,+25.0,-6.0,3.5,+6.73,1.92,SLOW,4410.90,4410.90,4409.77,4410.53,0.00,0.00,0.0,BEARISH,113.0,4410.59,4410.84,4410.59,4410.84,12,ACTIVE_12s,25.0,25.0,0.0,0.0,0.0,0.0,0.0,PASS_<20%,0.00,0.0,NO,STANDBY_VEL_LOW,0,0.00,4590.00,86.48,FALSE,M1_DIRECTION_MISMATCH|OPENING_SHIELD_ACTIVE_12s
2026-09-07 17:52:12.972,1788803532.972,2220,8,98,4410.84,4410.92,8.0,PASS_<=10c,+0.0,FLAT,+25.0,-6.0,3.6,+5.93,1.65,SLOW,4410.90,4410.90,4409.77,4410.53,0.00,0.00,0.0,BEARISH,113.0,4410.59,4410.84,4410.59,4410.84,12,ACTIVE_12s,25.0,25.0,0.0,0.0,0.0,0.0,0.0,PASS_<20%,0.00,0.0,NO,STANDBY_VEL_LOW,0,0.00,4590.00,86.48,FALSE,M1_DIRECTION_MISMATCH|OPENING_SHIELD_ACTIVE_12s
2026-09-07 17:52:13.473,1788803533.473,2221,9,99,4410.84,4410.92,8.0,PASS_<=10c,+0.0,FLAT,+25.0,-6.0,3.6,+5.30,1.47,SLOW,4410.90,4410.90,4409.77,4410.53,0.00,0.00,0.0,BEARISH,113.0,4410.59,4410.84,4410.59,4410.84,13,ACTIVE_13s,25.0,25.0,0.0,0.0,0.0,0.0,0.0,PASS_<20%,0.00,0.0,NO,STANDBY_VEL_LOW,0,0.00,4590.00,86.48,FALSE,M1_DIRECTION_MISMATCH|OPENING_SHIELD_ACTIVE_13s
2026-09-07 17:52:13.975,1788803533.975,2222,10,100,4410.84,4410.92,8.0,PASS_<=10c,+0.0,FLAT,+25.0,-6.0,4.4,+6.08,1.38,SLOW,4410.90,4410.90,4409.77,4410.53,0.00,0.00,0.0,BEARISH,113.0,4410.59,4410.84,4410.59,4410.84,13,ACTIVE_13s,25.0,25.0,0.0,0.0,0.0,0.0,0.0,PASS_<20%,0.00,0.0,NO,STANDBY_VEL_LOW,0,0.00,4590.00,86.48,FALSE,M1_DIRECTION_MISMATCH|OPENING_SHIELD_ACTIVE_13s
2026-09-07 17:52:14.477,1788803534.477,2223,11,101,4410.84,4410.92,8.0,PASS_<=10c,+0.0,FLAT,+25.0,-6.0,4.3,+5.42,1.26,SLOW,4410.90,4410.90,4409.77,4410.53,0.00,0.00,0.0,BEARISH,113.0,4410.59,4410.84,4410.59,4410.84,14,ACTIVE_14s,25.0,25.0,0.0,0.0,0.0,0.0,0.0,PASS_<20%,0.00,0.0,NO,STANDBY_VEL_LOW,0,0.00,4590.00,86.48,FALSE,M1_DIRECTION_MISMATCH|OPENING_SHIELD_ACTIVE_14s
2026-09-07 17:52:14.978,1788803534.978,2224,12,102,4410.84,4410.92,8.0,PASS_<=10c,+0.0,FLAT,+25.0,-6.0,4.2,+0.30,0.07,SLOW,4410.90,4410.90,4409.77,4410.53,0.00,0.00,0.0,BEARISH,113.0,4410.59,4410.84,4410.59,4410.84,14,ACTIVE_14s,25.0,25.0,0.0,0.0,0.0,0.0,0.0,PASS_<20%,0.00,0.0,NO,STANDBY_VEL_LOW,0,0.00,4590.00,86.48,FALSE,M1_DIRECTION_MISMATCH|OPENING_SHIELD_ACTIVE_14s
2026-09-07 17:52:15.480,1788803535.481,2225,13,103,4410.84,4410.92,8.0,PASS_<=10c,+0.0,FLAT,+25.0,-6.0,4.2,+0.30,0.07,SLOW,4410.90,4410.90,4409.77,4410.53,0.00,0.00,0.0,BEARISH,113.0,4410.59,4410.84,4410.59,4410.84,15,ACTIVE_15s,25.0,25.0,0.0,0.0,0.0,0.0,0.0,PASS_<20%,0.00,0.0,NO,STANDBY_VEL_LOW,0,0.00,4590.00,86.48,FALSE,M1_DIRECTION_MISMATCH|OPENING_SHIELD_ACTIVE_15s
2026-09-07 17:52:15.981,1788803535.981,2226,14,104,4410.84,4410.92,8.0,PASS_<=10c,+0.0,FLAT,+25.0,-6.0,4.2,+0.29,0.07,SLOW,4410.90,4410.90,4409.77,4410.53,0.00,0.00,0.0,BEARISH,113.0,4410.59,4410.84,4410.59,4410.84,15,ACTIVE_15s,25.0,25.0,0.0,0.0,0.0,0.0,0.0,PASS_<20%,0.00,0.0,NO,STANDBY_VEL_LOW,0,0.00,4590.00,86.48,FALSE,M1_DIRECTION_MISMATCH|OPENING_SHIELD_ACTIVE_15s
2026-09-07 17:52:16.483,1788803536.483,2227,15,105,4410.84,4410.92,8.0,PASS_<=10c,+0.0,FLAT,+25.0,-6.0,4.2,+0.29,0.07,SLOW,4410.90,4410.90,4409.77,4410.53,0.00,0.00,0.0,BEARISH,113.0,4410.59,4410.84,4410.59,4410.84,16,ACTIVE_16s,25.0,25.0,0.0,0.0,0.0,0.0,0.0,PASS_<20%,0.00,0.0,NO,STANDBY_VEL_LOW,0,0.00,4590.00,86.48,FALSE,M1_DIRECTION_MISMATCH|OPENING_SHIELD_ACTIVE_16s
2026-09-07 17:52:16.983,1788803536.983,2228,16,106,4410.84,4410.92,8.0,PASS_<=10c,+0.0,FLAT,+25.0,-6.0,4.2,+0.29,0.07,SLOW,4410.90,4410.90,4409.77,4410.53,0.00,0.00,0.0,BEARISH,113.0,4410.59,4410.84,4410.59,4410.84,16,ACTIVE_16s,25.0,25.0,0.0,0.0,0.0,0.0,0.0,PASS_<20%,0.00,0.0,NO,STANDBY_VEL_LOW,0,0.00,4590.00,86.48,FALSE,M1_DIRECTION_MISMATCH|OPENING_SHIELD_ACTIVE_16s
2026-09-07 17:52:17.486,1788803537.486,2229,17,107,4410.84,4410.92,8.0,PASS_<=10c,+0.0,FLAT,+25.0,-6.0,4.2,+0.29,0.07,SLOW,4410.90,4410.90,4409.77,4410.53,0.00,0.00,0.0,BEARISH,113.0,4410.59,4410.84,4410.59,4410.84,17,ACTIVE_17s,25.0,25.0,0.0,0.0,0.0,0.0,0.0,PASS_<20%,0.00,0.0,NO,STANDBY_VEL_LOW,0,0.00,4590.00,86.48,FALSE,M1_DIRECTION_MISMATCH|OPENING_SHIELD_ACTIVE_17s
2026-09-07 17:52:23.005,1788803543.005,2230,18,108,4410.84,4410.92,8.0,PASS_<=10c,+0.0,FLAT,+25.0,-6.0,1.6,+0.42,0.26,SLOW,4410.90,4410.90,4409.77,4410.53,0.00,0.00,0.0,BEARISH,113.0,4410.59,4410.84,4410.59,4410.84,23,CLEARED_>=20s,25.0,25.0,0.0,0.0,0.0,0.0,0.0,PASS_<20%,0.00,0.0,NO,STANDBY_VEL_LOW,0,0.00,4590.00,86.48,FALSE,M1_DIRECTION_MISMATCH
2026-09-07 17:52:33.239,1788803553.239,2231,19,109,4410.84,4410.92,8.0,PASS_<=10c,+0.0,FLAT,+25.0,-6.0,1.4,+0.40,0.29,SLOW,4410.90,4410.90,4409.77,4410.53,0.00,0.00,0.0,BEARISH,113.0,4410.59,4410.84,4410.59,4410.84,33,CLEARED_>=20s,25.0,25.0,0.0,0.0,0.0,0.0,0.0,PASS_<20%,0.00,0.0,NO,STANDBY_VEL_LOW,0,0.00,4590.00,86.48,FALSE,M1_DIRECTION_MISMATCH
2026-09-07 17:52:35.061,1788803555.062,2232,20,110,4410.84,4410.92,8.0,PASS_<=10c,+0.0,FLAT,+25.0,-6.0,1.6,+0.39,0.24,SLOW,4410.90,4410.90,4409.77,4410.53,0.00,0.00,0.0,BEARISH,113.0,4410.59,4410.84,4410.59,4410.84,35,CLEARED_>=20s,25.0,25.0,0.0,0.0,0.0,0.0,0.0,PASS_<20%,0.00,0.0,NO,STANDBY_VEL_LOW,0,0.00,4590.00,86.48,FALSE,M1_DIRECTION_MISMATCH
2026-09-07 17:52:35.563,1788803555.564,2233,21,111,4410.63,4410.71,8.0,PASS_<=10c,-21.0,DOWN,+4.0,-27.0,2.2,+9.03,4.10,SLOW,4410.90,4410.90,4409.77,4410.53,0.00,0.00,0.0,BEARISH,113.0,4410.59,4410.84,4410.59,4410.63,35,CLEARED_>=20s,25.0,4.0,21.0,0.0,84.0,0.0,0.0,PASS_<20%,0.00,0.0,NO,STANDBY_VEL_LOW,0,0.00,4590.00,86.48,FALSE,M1_DIRECTION_MISMATCH
2026-09-07 17:52:36.065,1788803556.066,2234,22,112,4410.62,4410.70,8.0,PASS_<=10c,-1.0,DOWN,+3.0,-28.0,2.5,+7.78,3.11,SLOW,4410.90,4410.90,4409.77,4410.53,0.00,0.00,0.0,BEARISH,113.0,4410.59,4410.84,4410.59,4410.62,36,CLEARED_>=20s,25.0,3.0,22.0,0.0,88.0,0.0,0.0,PASS_<20%,0.00,0.0,NO,STANDBY_VEL_LOW,0,0.00,4590.00,86.48,FALSE,M1_DIRECTION_MISMATCH
2026-09-07 17:52:36.567,1788803556.567,2235,23,113,4410.62,4410.70,8.0,PASS_<=10c,+0.0,FLAT,+3.0,-28.0,2.7,+6.61,2.45,SLOW,4410.90,4410.90,4409.77,4410.53,0.00,0.00,0.0,BEARISH,113.0,4410.59,4410.84,4410.59,4410.62,36,CLEARED_>=20s,25.0,3.0,22.0,0.0,88.0,0.0,0.0,PASS_<20%,0.00,0.0,NO,STANDBY_VEL_LOW,0,0.00,4590.00,86.48,FALSE,M1_DIRECTION_MISMATCH
2026-09-07 17:52:37.068,1788803557.069,2236,24,114,4410.62,4410.70,8.0,PASS_<=10c,+0.0,FLAT,+3.0,-28.0,2.9,+5.74,1.98,SLOW,4410.90,4410.90,4409.77,4410.53,0.00,0.00,0.0,BEARISH,113.0,4410.59,4410.84,4410.59,4410.62,37,CLEARED_>=20s,25.0,3.0,22.0,0.0,88.0,0.0,0.0,PASS_<20%,0.00,0.0,NO,STANDBY_VEL_LOW,0,0.00,4590.00,86.48,FALSE,M1_DIRECTION_MISMATCH
2026-09-07 17:52:37.569,1788803557.570,2237,25,115,4410.62,4410.70,8.0,PASS_<=10c,+0.0,FLAT,+3.0,-28.0,3.0,+5.08,1.69,SLOW,4410.90,4410.90,4409.77,4410.53,0.00,0.00,0.0,BEARISH,113.0,4410.59,4410.84,4410.59,4410.62,37,CLEARED_>=20s,25.0,3.0,22.0,0.0,88.0,0.0,0.0,PASS_<20%,0.00,0.0,NO,STANDBY_VEL_LOW,0,0.00,4590.00,86.48,FALSE,M1_DIRECTION_MISMATCH
2026-09-07 17:52:38.073,1788803558.073,2238,26,116,4410.62,4410.70,8.0,PASS_<=10c,+0.0,FLAT,+3.0,-28.0,3.1,+4.55,1.47,SLOW,4410.90,4410.90,4409.77,4410.53,0.00,0.00,0.0,BEARISH,113.0,4410.59,4410.84,4410.59,4410.62,38,CLEARED_>=20s,25.0,3.0,22.0,0.0,88.0,0.0,0.0,PASS_<20%,0.00,0.0,NO,STANDBY_VEL_LOW,0,0.00,4590.00,86.48,FALSE,M1_DIRECTION_MISMATCH
2026-09-07 17:52:38.574,1788803558.575,2239,27,117,4410.62,4410.70,8.0,PASS_<=10c,+0.0,FLAT,+3.0,-28.0,4.4,+6.09,1.38,SLOW,4410.90,4410.90,4409.77,4410.53,0.00,0.00,0.0,BEARISH,113.0,4410.59,4410.84,4410.59,4410.62,38,CLEARED_>=20s,25.0,3.0,22.0,0.0,88.0,0.0,0.0,PASS_<20%,0.00,0.0,NO,STANDBY_VEL_LOW,0,0.00,4590.00,86.48,FALSE,M1_DIRECTION_MISMATCH
2026-09-07 17:52:39.076,1788803559.076,2240,28,118,4410.62,4410.70,8.0,PASS_<=10c,+0.0,FLAT,+3.0,-28.0,4.4,+5.35,1.22,SLOW,4410.90,4410.90,4409.77,4410.53,0.00,0.00,0.0,BEARISH,113.0,4410.59,4410.84,4410.59,4410.62,39,CLEARED_>=20s,25.0,3.0,22.0,0.0,88.0,0.0,0.0,PASS_<20%,0.00,0.0,NO,STANDBY_VEL_LOW,0,0.00,4590.00,86.48,FALSE,M1_DIRECTION_MISMATCH
2026-09-07 17:52:39.579,1788803559.579,2241,29,119,4410.62,4410.70,8.0,PASS_<=10c,+0.0,FLAT,+3.0,-28.0,4.3,+4.76,1.11,SLOW,4410.90,4410.90,4409.77,4410.53,0.00,0.00,0.0,BEARISH,113.0,4410.59,4410.84,4410.59,4410.62,39,CLEARED_>=20s,25.0,3.0,22.0,0.0,88.0,0.0,0.0,PASS_<20%,0.00,0.0,NO,STANDBY_VEL_LOW,0,0.00,4590.00,86.48,FALSE,M1_DIRECTION_MISMATCH
2026-09-07 17:52:40.081,1788803560.081,2242,30,120,4410.62,4410.70,8.0,PASS_<=10c,+0.0,FLAT,+3.0,-28.0,4.2,+0.63,0.15,SLOW,4410.90,4410.90,4409.77,4410.53,0.00,0.00,0.0,BEARISH,113.0,4410.59,4410.84,4410.59,4410.62,40,CLEARED_>=20s,25.0,3.0,22.0,0.0,88.0,0.0,0.0,PASS_<20%,0.00,0.0,NO,STANDBY_VEL_LOW,0,0.00,4590.00,86.48,FALSE,M1_DIRECTION_MISMATCH
2026-09-07 17:52:40.583,1788803560.583,2243,31,121,4410.62,4410.70,8.0,PASS_<=10c,+0.0,FLAT,+3.0,-28.0,4.2,+0.21,0.05,SLOW,4410.90,4410.90,4409.77,4410.53,0.00,0.00,0.0,BEARISH,113.0,4410.59,4410.84,4410.59,4410.62,40,CLEARED_>=20s,25.0,3.0,22.0,0.0,88.0,0.0,0.0,PASS_<20%,0.00,0.0,NO,STANDBY_VEL_LOW,0,0.00,4590.00,86.48,FALSE,M1_DIRECTION_MISMATCH
2026-09-07 17:52:41.086,1788803561.087,2244,32,122,4410.62,4410.70,8.0,PASS_<=10c,+0.0,FLAT,+3.0,-28.0,4.2,+0.00,0.00,SLOW,4410.90,4410.90,4409.77,4410.53,0.00,0.00,0.0,BEARISH,113.0,4410.59,4410.84,4410.59,4410.62,41,CLEARED_>=20s,25.0,3.0,22.0,0.0,88.0,0.0,0.0,PASS_<20%,0.00,0.0,NO,STANDBY_VEL_LOW,0,0.00,4590.00,86.48,FALSE,M1_DIRECTION_MISMATCH
2026-09-07 17:52:41.587,1788803561.587,2245,33,123,4410.62,4410.70,8.0,PASS_<=10c,+0.0,FLAT,+3.0,-28.0,4.2,+0.00,0.00,SLOW,4410.90,4410.90,4409.77,4410.53,0.00,0.00,0.0,BEARISH,113.0,4410.59,4410.84,4410.59,4410.62,41,CLEARED_>=20s,25.0,3.0,22.0,0.0,88.0,0.0,0.0,PASS_<20%,0.00,0.0,NO,STANDBY_VEL_LOW,0,0.00,4590.00,86.48,FALSE,M1_DIRECTION_MISMATCH
2026-09-07 17:52:42.088,1788803562.089,2246,34,124,4410.62,4410.70,8.0,PASS_<=10c,+0.0,FLAT,+3.0,-28.0,4.2,+0.00,0.00,SLOW,4410.90,4410.90,4409.77,4410.53,0.00,0.00,0.0,BEARISH,113.0,4410.59,4410.84,4410.59,4410.62,42,CLEARED_>=20s,25.0,3.0,22.0,0.0,88.0,0.0,0.0,PASS_<20%,0.00,0.0,NO,STANDBY_VEL_LOW,0,0.00,4590.00,86.48,FALSE,M1_DIRECTION_MISMATCH
2026-09-07 17:52:42.589,1788803562.590,2247,35,125,4410.62,4410.70,8.0,PASS_<=10c,+0.0,FLAT,+3.0,-28.0,4.2,+0.00,0.00,SLOW,4410.90,4410.90,4409.77,4410.53,0.00,0.00,0.0,BEARISH,113.0,4410.59,4410.84,4410.59,4410.62,42,CLEARED_>=20s,25.0,3.0,22.0,0.0,88.0,0.0,0.0,PASS_<20%,0.00,0.0,NO,STANDBY_VEL_LOW,0,0.00,4590.00,86.48,FALSE,M1_DIRECTION_MISMATCH
2026-09-07 17:52:48.108,1788803568.108,2248,36,126,4410.62,4410.70,8.0,PASS_<=10c,+0.0,FLAT,+3.0,-28.0,1.6,+0.05,0.03,SLOW,4410.90,4410.90,4409.77,4410.53,0.00,0.00,0.0,BEARISH,113.0,4410.59,4410.84,4410.59,4410.62,48,CLEARED_>=20s,25.0,3.0,22.0,0.0,88.0,0.0,0.0,PASS_<20%,0.00,0.0,NO,STANDBY_VEL_LOW,0,0.00,4590.00,86.48,FALSE,M1_DIRECTION_MISMATCH
2026-09-07 17:52:58.342,1788803578.343,2249,37,127,4410.62,4410.70,8.0,PASS_<=10c,+0.0,FLAT,+3.0,-28.0,1.3,+0.05,0.04,SLOW,4410.90,4410.90,4409.77,4410.53,0.00,0.00,0.0,BEARISH,113.0,4410.59,4410.84,4410.59,4410.62,58,CLEARED_>=20s,25.0,3.0,22.0,0.0,88.0,0.0,0.0,PASS_<20%,0.00,0.0,NO,STANDBY_VEL_LOW,0,0.00,4590.00,86.48,FALSE,M1_DIRECTION_MISMATCH
2026-09-07 17:52:59.957,1788803579.957,2250,38,128,4410.56,4410.64,8.0,PASS_<=10c,-6.0,DOWN,-3.0,-34.0,1.9,+3.73,1.96,SLOW,4410.90,4410.90,4409.77,4410.53,0.00,0.00,0.0,BEARISH,113.0,4410.59,4410.84,4410.56,4410.56,59,CLEARED_>=20s,28.0,3.0,25.0,0.0,89.3,0.0,0.0,PASS_<20%,4410.44,12.0,NO,STANDBY_VEL_LOW,0,0.00,4590.00,86.48,FALSE,PRICE_ABOVE_15C_DISPLACEMENT
2026-09-07 17:53:00.454,1788803580.454,2251,1,129,4410.56,4410.64,8.0,PASS_<=10c,+0.0,FLAT,+0.0,-34.0,2.4,+2.84,1.18,SLOW,4410.90,4410.90,4409.77,4410.53,0.00,0.00,0.0,BEARISH,113.0,4410.56,4410.56,4410.56,4410.56,0,ACTIVE_0s,1.0,0.0,0.0,0.0,0.0,0.0,0.0,PASS_<20%,0.00,0.0,NO,STANDBY_VEL_LOW,0,0.00,4590.00,86.48,FALSE,M1_DIRECTION_MISMATCH|OPENING_SHIELD_ACTIVE_0s
2026-09-07 17:53:00.954,1788803580.955,2252,2,130,4410.56,4410.64,8.0,PASS_<=10c,+0.0,FLAT,+0.0,-34.0,2.7,+2.30,0.85,SLOW,4410.90,4410.90,4409.77,4410.53,0.00,0.00,0.0,BEARISH,113.0,4410.56,4410.56,4410.56,4410.56,0,ACTIVE_0s,1.0,0.0,0.0,0.0,0.0,0.0,0.0,PASS_<20%,0.00,0.0,NO,STANDBY_VEL_LOW,0,0.00,4590.00,86.48,FALSE,M1_DIRECTION_MISMATCH|OPENING_SHIELD_ACTIVE_0s
2026-09-07 17:53:01.456,1788803581.456,2253,3,131,4410.56,4410.64,8.0,PASS_<=10c,+0.0,FLAT,+0.0,-34.0,2.9,+1.93,0.67,SLOW,4410.90,4410.90,4409.77,4410.53,0.00,0.00,0.0,BEARISH,113.0,4410.56,4410.56,4410.56,4410.56,1,ACTIVE_1s,1.0,0.0,0.0,0.0,0.0,0.0,0.0,PASS_<20%,0.00,0.0,NO,STANDBY_VEL_LOW,0,0.00,4590.00,86.48,FALSE,M1_DIRECTION_MISMATCH|OPENING_SHIELD_ACTIVE_1s
2026-09-07 17:53:01.957,1788803581.958,2254,4,132,4410.56,4410.64,8.0,PASS_<=10c,+0.0,FLAT,+0.0,-34.0,3.0,+1.66,0.55,SLOW,4410.90,4410.90,4409.77,4410.53,0.00,0.00,0.0,BEARISH,113.0,4410.56,4410.56,4410.56,4410.56,1,ACTIVE_1s,1.0,0.0,0.0,0.0,0.0,0.0,0.0,PASS_<20%,0.00,0.0,NO,STANDBY_VEL_LOW,0,0.00,4590.00,86.48,FALSE,M1_DIRECTION_MISMATCH|OPENING_SHIELD_ACTIVE_1s
2026-09-07 17:53:02.460,1788803582.460,2255,5,133,4410.56,4410.64,8.0,PASS_<=10c,+0.0,FLAT,+0.0,-34.0,3.2,+1.46,0.46,SLOW,4410.90,4410.90,4409.77,4410.53,0.00,0.00,0.0,BEARISH,113.0,4410.56,4410.56,4410.56,4410.56,2,ACTIVE_2s,1.0,0.0,0.0,0.0,0.0,0.0,0.0,PASS_<20%,0.00,0.0,NO,STANDBY_VEL_LOW,0,0.00,4590.00,86.48,FALSE,M1_DIRECTION_MISMATCH|OPENING_SHIELD_ACTIVE_2s
2026-09-07 17:53:02.962,1788803582.962,2256,6,134,4410.56,4410.64,8.0,PASS_<=10c,+0.0,FLAT,+0.0,-34.0,3.2,+1.30,0.41,SLOW,4410.90,4410.90,4409.77,4410.53,0.00,0.00,0.0,BEARISH,113.0,4410.56,4410.56,4410.56,4410.56,2,ACTIVE_2s,1.0,0.0,0.0,0.0,0.0,0.0,0.0,PASS_<20%,0.00,0.0,NO,STANDBY_VEL_LOW,0,0.00,4590.00,86.48,FALSE,M1_DIRECTION_MISMATCH|OPENING_SHIELD_ACTIVE_2s
2026-09-07 17:53:03.463,1788803583.464,2257,7,135,4410.56,4410.64,8.0,PASS_<=10c,+0.0,FLAT,+0.0,-34.0,4.4,+1.66,0.38,SLOW,4410.90,4410.90,4409.77,4410.53,0.00,0.00,0.0,BEARISH,113.0,4410.56,4410.56,4410.56,4410.56,3,ACTIVE_3s,1.0,0.0,0.0,0.0,0.0,0.0,0.0,PASS_<20%,0.00,0.0,NO,STANDBY_VEL_LOW,0,0.00,4590.00,86.48,FALSE,M1_DIRECTION_MISMATCH|OPENING_SHIELD_ACTIVE_3s
2026-09-07 17:53:03.966,1788803583.966,2258,8,136,4410.56,4410.64,8.0,PASS_<=10c,+0.0,FLAT,+0.0,-34.0,4.4,+1.46,0.33,SLOW,4410.90,4410.90,4409.77,4410.53,0.00,0.00,0.0,BEARISH,113.0,4410.56,4410.56,4410.56,4410.56,3,ACTIVE_3s,1.0,0.0,0.0,0.0,0.0,0.0,0.0,PASS_<20%,0.00,0.0,NO,STANDBY_VEL_LOW,0,0.00,4590.00,86.48,FALSE,M1_DIRECTION_MISMATCH|OPENING_SHIELD_ACTIVE_3s
2026-09-07 17:53:04.467,1788803584.467,2259,9,137,4410.56,4410.64,8.0,PASS_<=10c,+0.0,FLAT,+0.0,-34.0,4.3,+1.30,0.30,SLOW,4410.90,4410.90,4409.77,4410.53,0.00,0.00,0.0,BEARISH,113.0,4410.56,4410.56,4410.56,4410.56,4,ACTIVE_4s,1.0,0.0,0.0,0.0,0.0,0.0,0.0,PASS_<20%,0.00,0.0,NO,STANDBY_VEL_LOW,0,0.00,4590.00,86.48,FALSE,M1_DIRECTION_MISMATCH|OPENING_SHIELD_ACTIVE_4s
2026-09-07 17:53:04.970,1788803584.970,2260,10,138,4410.56,4410.64,8.0,PASS_<=10c,+0.0,FLAT,+0.0,-34.0,4.2,+0.00,0.00,SLOW,4410.90,4410.90,4409.77,4410.53,0.00,0.00,0.0,BEARISH,113.0,4410.56,4410.56,4410.56,4410.56,4,ACTIVE_4s,1.0,0.0,0.0,0.0,0.0,0.0,0.0,PASS_<20%,0.00,0.0,NO,STANDBY_VEL_LOW,0,0.00,4590.00,86.48,FALSE,M1_DIRECTION_MISMATCH|OPENING_SHIELD_ACTIVE_4s
2026-09-07 17:53:05.471,1788803585.471,2261,11,139,4410.56,4410.64,8.0,PASS_<=10c,+0.0,FLAT,+0.0,-34.0,4.2,+0.00,0.00,SLOW,4410.90,4410.90,4409.77,4410.53,0.00,0.00,0.0,BEARISH,113.0,4410.56,4410.56,4410.56,4410.56,5,ACTIVE_5s,1.0,0.0,0.0,0.0,0.0,0.0,0.0,PASS_<20%,0.00,0.0,NO,STANDBY_VEL_LOW,0,0.00,4590.00,86.48,FALSE,M1_DIRECTION_MISMATCH|OPENING_SHIELD_ACTIVE_5s
2026-09-07 17:53:05.972,1788803585.973,2262,12,140,4410.56,4410.64,8.0,PASS_<=10c,+0.0,FLAT,+0.0,-34.0,4.2,+0.00,0.00,SLOW,4410.90,4410.90,4409.77,4410.53,0.00,0.00,0.0,BEARISH,113.0,4410.56,4410.56,4410.56,4410.56,5,ACTIVE_5s,1.0,0.0,0.0,0.0,0.0,0.0,0.0,PASS_<20%,0.00,0.0,NO,STANDBY_VEL_LOW,0,0.00,4590.00,86.48,FALSE,M1_DIRECTION_MISMATCH|OPENING_SHIELD_ACTIVE_5s
2026-09-07 17:53:06.474,1788803586.474,2263,13,141,4410.56,4410.64,8.0,PASS_<=10c,+0.0,FLAT,+0.0,-34.0,4.2,+0.00,0.00,SLOW,4410.90,4410.90,4409.77,4410.53,0.00,0.00,0.0,BEARISH,113.0,4410.56,4410.56,4410.56,4410.56,6,ACTIVE_6s,1.0,0.0,0.0,0.0,0.0,0.0,0.0,PASS_<20%,0.00,0.0,NO,STANDBY_VEL_LOW,0,0.00,4590.00,86.48,FALSE,M1_DIRECTION_MISMATCH|OPENING_SHIELD_ACTIVE_6s
2026-09-07 17:53:06.974,1788803586.975,2264,14,142,4410.56,4410.64,8.0,PASS_<=10c,+0.0,FLAT,+0.0,-34.0,4.2,+0.00,0.00,SLOW,4410.90,4410.90,4409.77,4410.53,0.00,0.00,0.0,BEARISH,113.0,4410.56,4410.56,4410.56,4410.56,6,ACTIVE_6s,1.0,0.0,0.0,0.0,0.0,0.0,0.0,PASS_<20%,0.00,0.0,NO,STANDBY_VEL_LOW,0,0.00,4590.00,86.48,FALSE,M1_DIRECTION_MISMATCH|OPENING_SHIELD_ACTIVE_6s
2026-09-07 17:53:07.476,1788803587.476,2265,15,143,4410.56,4410.64,8.0,PASS_<=10c,+0.0,FLAT,+0.0,-34.0,4.2,+0.00,0.00,SLOW,4410.90,4410.90,4409.77,4410.53,0.00,0.00,0.0,BEARISH,113.0,4410.56,4410.56,4410.56,4410.56,7,ACTIVE_7s,1.0,0.0,0.0,0.0,0.0,0.0,0.0,PASS_<20%,0.00,0.0,NO,STANDBY_VEL_LOW,0,0.00,4590.00,86.48,FALSE,M1_DIRECTION_MISMATCH|OPENING_SHIELD_ACTIVE_7s
2026-09-07 17:53:12.991,1788803592.992,2266,16,144,4410.56,4410.64,8.0,PASS_<=10c,+0.0,FLAT,+0.0,-34.0,1.5,+0.00,0.00,SLOW,4410.90,4410.90,4409.77,4410.53,0.00,0.00,0.0,BEARISH,113.0,4410.56,4410.56,4410.56,4410.56,12,ACTIVE_12s,1.0,0.0,0.0,0.0,0.0,0.0,0.0,PASS_<20%,0.00,0.0,NO,STANDBY_VEL_LOW,0,0.00,4590.00,86.48,FALSE,M1_DIRECTION_MISMATCH|OPENING_SHIELD_ACTIVE_12s
2026-09-07 17:53:23.228,1788803603.228,2267,17,145,4410.56,4410.64,8.0,PASS_<=10c,+0.0,FLAT,+0.0,-34.0,1.3,+0.00,0.00,SLOW,4410.90,4410.90,4409.77,4410.53,0.00,0.00,0.0,BEARISH,113.0,4410.56,4410.56,4410.56,4410.56,23,CLEARED_>=20s,1.0,0.0,0.0,0.0,0.0,0.0,0.0,PASS_<20%,0.00,0.0,NO,STANDBY_VEL_LOW,0,0.00,4590.00,86.48,FALSE,M1_DIRECTION_MISMATCH
2026-09-07 17:53:24.658,1788803604.659,2268,18,146,4410.56,4410.64,8.0,PASS_<=10c,+0.0,FLAT,+0.0,-34.0,2.1,+0.00,0.00,SLOW,4410.90,4410.90,4409.77,4410.53,0.00,0.00,0.0,BEARISH,113.0,4410.56,4410.56,4410.56,4410.56,24,CLEARED_>=20s,1.0,0.0,0.0,0.0,0.0,0.0,0.0,PASS_<20%,0.00,0.0,NO,STANDBY_VEL_LOW,0,0.00,4590.00,86.48,FALSE,M1_DIRECTION_MISMATCH
2026-09-07 17:53:25.198,1788803605.199,2269,19,147,4410.56,4410.64,8.0,PASS_<=10c,+0.0,FLAT,+0.0,-34.0,2.5,+0.00,0.00,SLOW,4410.90,4410.90,4409.77,4410.53,0.00,0.00,0.0,BEARISH,113.0,4410.56,4410.56,4410.56,4410.56,25,CLEARED_>=20s,1.0,0.0,0.0,0.0,0.0,0.0,0.0,PASS_<20%,0.00,0.0,NO,STANDBY_VEL_LOW,0,0.00,4590.00,86.48,FALSE,M1_DIRECTION_MISMATCH
2026-09-07 17:53:25.720,1788803605.720,2270,20,148,4409.50,4409.58,8.0,PASS_<=10c,-106.0,DOWN,-106.0,-140.0,2.8,+42.52,15.19,SLOW,4410.90,4410.90,4409.77,4410.53,0.00,0.00,0.0,BEARISH,113.0,4410.56,4410.56,4409.50,4409.50,25,CLEARED_>=20s,106.0,106.0,0.0,0.0,0.0,0.0,0.0,PASS_<20%,4410.41,91.0,YES,STANDBY_VEL_LOW,0,0.00,4590.00,86.48,TRUE,READY_TO_FIRE
2026-09-07 17:53:50.493,1788803630.493,2271,21,149,4409.50,4409.58,8.0,PASS_<=10c,+0.0,FLAT,-106.0,-140.0,1.0,+0.00,0.00,SLOW,4410.90,4410.90,4409.77,4410.53,0.00,0.00,0.0,BEARISH,113.0,4410.56,4410.56,4409.50,4409.50,50,CLEARED_>=20s,106.0,106.0,0.0,0.0,0.0,0.0,0.0,PASS_<20%,4410.41,91.0,YES,STANDBY_VEL_LOW,3,3968.57,621.43,86.48,TRUE,READY_TO_FIRE
2026-09-07 17:53:53.293,1788803633.294,2272,22,150,4409.50,4409.58,8.0,PASS_<=10c,+0.0,FLAT,-106.0,-140.0,1.1,+0.00,0.00,SLOW,4410.90,4410.90,4409.77,4410.53,0.00,0.00,0.0,BEARISH,113.0,4410.56,4410.56,4409.50,4409.50,53,CLEARED_>=20s,106.0,106.0,0.0,0.0,0.0,0.0,0.0,PASS_<20%,4410.41,91.0,YES,STANDBY_VEL_LOW,2,2645.72,1944.28,85.91,TRUE,READY_TO_FIRE
2026-09-07 17:53:53.796,1788803633.797,2273,23,151,4409.19,4409.27,8.0,PASS_<=10c,-31.0,DOWN,-137.0,-171.0,1.5,+9.38,6.25,SLOW,4410.90,4410.90,4409.77,4410.53,0.00,0.00,0.0,BEARISH,113.0,4410.56,4410.56,4409.19,4409.19,53,CLEARED_>=20s,137.0,137.0,0.0,0.0,0.0,0.0,0.0,PASS_<20%,4410.41,122.0,YES,STANDBY_VEL_LOW,2,2645.72,1944.28,85.91,TRUE,READY_TO_FIRE
2026-09-07 17:53:54.300,1788803634.300,2274,24,152,4409.19,4409.27,8.0,PASS_<=10c,+0.0,FLAT,-137.0,-171.0,1.8,+8.14,4.52,SLOW,4410.90,4410.90,4409.77,4410.53,0.00,0.00,0.0,BEARISH,113.0,4410.56,4410.56,4409.19,4409.19,54,CLEARED_>=20s,137.0,137.0,0.0,0.0,0.0,0.0,0.0,PASS_<20%,4410.41,122.0,YES,STANDBY_VEL_LOW,2,2645.72,1944.28,85.91,TRUE,READY_TO_FIRE
2026-09-07 17:53:54.806,1788803634.807,2275,25,153,4409.19,4409.27,8.0,PASS_<=10c,+0.0,FLAT,-137.0,-171.0,2.1,+7.19,3.42,SLOW,4410.90,4410.90,4409.77,4410.53,0.00,0.00,0.0,BEARISH,113.0,4410.56,4410.56,4409.19,4409.19,54,CLEARED_>=20s,137.0,137.0,0.0,0.0,0.0,0.0,0.0,PASS_<20%,4410.41,122.0,YES,STANDBY_VEL_LOW,2,2645.72,1944.28,85.91,TRUE,READY_TO_FIRE
2026-09-07 17:53:55.306,1788803635.306,2276,26,154,4409.17,4409.25,8.0,PASS_<=10c,-2.0,DOWN,-139.0,-173.0,2.3,+6.86,2.98,SLOW,4410.90,4410.90,4409.77,4410.53,0.00,0.00,0.0,BEARISH,113.0,4410.56,4410.56,4409.16,4409.17,55,CLEARED_>=20s,140.0,139.0,0.0,1.0,0.0,0.7,0.7,PASS_<20%,4410.41,124.0,YES,STANDBY_VEL_LOW,2,2645.72,1944.28,85.91,TRUE,READY_TO_FIRE
2026-09-07 17:53:55.807,1788803635.807,2277,27,155,4409.17,4409.25,8.0,PASS_<=10c,+0.0,FLAT,-139.0,-173.0,4.6,+12.62,2.74,SLOW,4410.90,4410.90,4409.77,4410.53,0.00,0.00,0.0,BEARISH,113.0,4410.56,4410.56,4409.16,4409.17,55,CLEARED_>=20s,140.0,139.0,0.0,1.0,0.0,0.7,0.7,PASS_<20%,4410.41,124.0,YES,STANDBY_VEL_LOW,2,2645.72,1944.28,85.91,TRUE,READY_TO_FIRE
2026-09-07 17:53:56.308,1788803636.308,2278,28,156,4409.17,4409.25,8.0,PASS_<=10c,+0.0,FLAT,-139.0,-173.0,4.5,+10.59,2.35,SLOW,4410.90,4410.90,4409.77,4410.53,0.00,0.00,0.0,BEARISH,113.0,4410.56,4410.56,4409.16,4409.17,56,CLEARED_>=20s,140.0,139.0,0.0,1.0,0.0,0.7,0.7,PASS_<20%,4410.41,124.0,YES,STANDBY_VEL_LOW,2,2645.72,1944.28,85.91,TRUE,READY_TO_FIRE
2026-09-07 17:53:56.815,1788803636.816,2279,29,157,4409.18,4409.26,8.0,PASS_<=10c,+1.0,UP,-138.0,-172.0,4.4,+8.84,2.01,SLOW,4410.90,4410.90,4409.77,4410.53,0.00,0.00,0.0,BEARISH,113.0,4410.56,4410.56,4409.16,4409.18,56,CLEARED_>=20s,140.0,138.0,0.0,2.0,0.0,1.4,1.4,PASS_<20%,4410.41,123.0,YES,STANDBY_VEL_LOW,2,2645.72,1944.28,85.91,TRUE,READY_TO_FIRE
2026-09-07 17:53:57.315,1788803637.316,2280,30,158,4409.18,4409.26,8.0,PASS_<=10c,+0.0,FLAT,-138.0,-172.0,4.4,+7.76,1.76,SLOW,4410.90,4410.90,4409.77,4410.53,0.00,0.00,0.0,BEARISH,113.0,4410.56,4410.56,4409.16,4409.18,57,CLEARED_>=20s,140.0,138.0,0.0,2.0,0.0,1.4,1.4,PASS_<20%,4410.41,123.0,YES,STANDBY_VEL_LOW,2,2645.72,1944.28,85.91,TRUE,READY_TO_FIRE
2026-09-07 17:53:57.819,1788803637.820,2281,31,159,4409.17,4409.25,8.0,PASS_<=10c,-1.0,DOWN,-139.0,-173.0,4.3,+7.13,1.66,SLOW,4410.90,4410.90,4409.77,4410.53,0.00,0.00,0.0,BEARISH,113.0,4410.56,4410.56,4409.16,4409.17,57,CLEARED_>=20s,140.0,139.0,0.0,1.0,0.0,0.7,0.7,PASS_<20%,4410.41,124.0,YES,STANDBY_VEL_LOW,2,2645.72,1944.28,85.91,TRUE,READY_TO_FIRE
2026-09-07 17:53:58.371,1788803638.372,2282,32,160,4409.17,4409.25,8.0,PASS_<=10c,+0.0,FLAT,-139.0,-173.0,4.1,+6.85,1.67,SLOW,4410.90,4410.90,4409.77,4410.53,0.00,0.00,0.0,BEARISH,113.0,4410.56,4410.56,4409.16,4409.17,58,CLEARED_>=20s,140.0,139.0,0.0,1.0,0.0,0.7,0.7,PASS_<20%,4410.41,124.0,YES,STANDBY_VEL_LOW,2,2645.72,1944.28,85.91,TRUE,READY_TO_FIRE
2026-09-07 17:53:58.883,1788803638.883,2283,33,161,4409.17,4409.25,8.0,PASS_<=10c,+0.0,FLAT,-139.0,-173.0,4.1,+0.41,0.10,SLOW,4410.90,4410.90,4409.77,4410.53,0.00,0.00,0.0,BEARISH,113.0,4410.56,4410.56,4409.16,4409.17,58,CLEARED_>=20s,140.0,139.0,0.0,1.0,0.0,0.7,0.7,PASS_<20%,4410.41,124.0,YES,STANDBY_VEL_LOW,2,2645.72,1944.28,85.91,TRUE,READY_TO_FIRE
2026-09-07 17:53:59.398,1788803639.399,2284,34,162,4409.17,4409.25,8.0,PASS_<=10c,+0.0,FLAT,-139.0,-391.0,4.1,+0.41,0.10,SLOW,4413.08,4414.06,4410.90,4410.98,0.00,0.00,0.0,NEUTRAL,316.0,4410.56,4410.56,4409.16,4409.17,59,CLEARED_>=20s,140.0,139.0,0.0,1.0,0.0,0.7,0.7,PASS_<20%,0.00,0.0,NO,STANDBY_VEL_LOW,2,2645.72,1944.28,85.91,FALSE,M5_TREND_NEUTRAL|M1_DIRECTION_MISMATCH
2026-09-07 17:53:59.911,1788803639.911,2285,35,163,4409.17,4409.25,8.0,PASS_<=10c,+0.0,FLAT,-139.0,-173.0,4.1,+0.21,0.05,SLOW,4410.90,4410.90,4409.77,4410.53,0.00,0.00,0.0,BEARISH,113.0,4410.56,4410.56,4409.16,4409.17,59,CLEARED_>=20s,140.0,139.0,0.0,1.0,0.0,0.7,0.7,PASS_<20%,4410.41,124.0,YES,STANDBY_VEL_LOW,2,2645.72,1944.28,85.91,TRUE,READY_TO_FIRE
2026-09-07 17:54:00.440,1788803640.440,2286,1,164,4409.17,4409.25,8.0,PASS_<=10c,+0.0,FLAT,+0.0,-173.0,4.1,+0.00,0.00,SLOW,4410.90,4410.90,4409.77,4410.53,0.00,0.00,0.0,BEARISH,113.0,4409.17,4409.17,4409.17,4409.17,0,ACTIVE_0s,1.0,0.0,0.0,0.0,0.0,0.0,0.0,PASS_<20%,0.00,0.0,NO,STANDBY_VEL_LOW,2,2645.72,1944.28,85.91,FALSE,M1_DIRECTION_MISMATCH|OPENING_SHIELD_ACTIVE_0s
2026-09-07 17:54:00.942,1788803640.943,2287,2,165,4409.17,4409.25,8.0,PASS_<=10c,+0.0,FLAT,+0.0,-173.0,4.1,+0.00,0.00,SLOW,4410.90,4410.90,4409.77,4410.53,0.00,0.00,0.0,BEARISH,113.0,4409.17,4409.17,4409.17,4409.17,0,ACTIVE_0s,1.0,0.0,0.0,0.0,0.0,0.0,0.0,PASS_<20%,0.00,0.0,NO,STANDBY_VEL_LOW,2,2645.72,1944.28,85.91,FALSE,M1_DIRECTION_MISMATCH|OPENING_SHIELD_ACTIVE_0s
2026-09-07 17:54:01.480,1788803641.480,2288,3,166,4409.17,4409.25,8.0,PASS_<=10c,+0.0,FLAT,+0.0,-173.0,4.1,+0.20,0.05,SLOW,4410.90,4410.90,4409.77,4410.53,0.00,0.00,0.0,BEARISH,113.0,4409.17,4409.17,4409.17,4409.17,1,ACTIVE_1s,1.0,0.0,0.0,0.0,0.0,0.0,0.0,PASS_<20%,0.00,0.0,NO,STANDBY_VEL_LOW,2,2645.72,1944.28,85.91,FALSE,M1_DIRECTION_MISMATCH|OPENING_SHIELD_ACTIVE_1s
2026-09-07 17:54:11.923,1788803651.923,2289,4,167,4409.17,4409.25,8.0,PASS_<=10c,+0.0,FLAT,+0.0,-173.0,1.0,+0.00,0.00,SLOW,4410.90,4410.90,4409.77,4410.53,0.00,0.00,0.0,BEARISH,113.0,4409.17,4409.17,4409.17,4409.17,11,ACTIVE_11s,1.0,0.0,0.0,0.0,0.0,0.0,0.0,PASS_<20%,0.00,0.0,NO,STANDBY_VEL_LOW,2,2645.72,1944.28,85.91,FALSE,M1_DIRECTION_MISMATCH|OPENING_SHIELD_ACTIVE_11s
2026-09-07 17:54:22.182,1788803662.182,2290,5,168,4409.17,4409.25,8.0,PASS_<=10c,+0.0,FLAT,+0.0,-173.0,1.0,+0.00,0.00,SLOW,4410.90,4410.90,4409.77,4410.53,0.00,0.00,0.0,BEARISH,113.0,4409.17,4409.17,4409.17,4409.17,22,CLEARED_>=20s,1.0,0.0,0.0,0.0,0.0,0.0,0.0,PASS_<20%,0.00,0.0,NO,STANDBY_VEL_LOW,2,2645.72,1944.28,85.91,FALSE,M1_DIRECTION_MISMATCH
2026-09-07 17:54:22.989,1788803662.990,2291,6,169,4409.49,4409.57,8.0,PASS_<=10c,+32.0,UP,+32.0,-141.0,3.0,+32.00,10.67,SLOW,4410.90,4410.90,4409.77,4410.53,0.00,0.00,0.0,BEARISH,113.0,4409.17,4409.49,4409.17,4409.49,22,CLEARED_>=20s,32.0,32.0,0.0,0.0,0.0,0.0,0.0,PASS_<20%,0.00,0.0,NO,STANDBY_VEL_LOW,2,2645.72,1944.28,85.91,FALSE,M1_DIRECTION_MISMATCH
2026-09-07 17:54:23.491,1788803663.492,2292,7,170,4409.49,4409.57,8.0,PASS_<=10c,+0.0,FLAT,+32.0,-141.0,3.8,+24.43,6.43,SLOW,4410.90,4410.90,4409.77,4410.53,0.00,0.00,0.0,BEARISH,113.0,4409.17,4409.49,4409.17,4409.49,23,CLEARED_>=20s,32.0,32.0,0.0,0.0,0.0,0.0,0.0,PASS_<20%,0.00,0.0,NO,STANDBY_VEL_LOW,2,2645.72,1944.28,85.91,FALSE,M1_DIRECTION_MISMATCH
2026-09-07 17:54:23.993,1788803663.994,2293,8,171,4409.49,4409.57,8.0,PASS_<=10c,+0.0,FLAT,+32.0,-141.0,3.9,+17.66,4.53,SLOW,4410.90,4410.90,4409.77,4410.53,0.00,0.00,0.0,BEARISH,113.0,4409.17,4409.49,4409.17,4409.49,23,CLEARED_>=20s,32.0,32.0,0.0,0.0,0.0,0.0,0.0,PASS_<20%,0.00,0.0,NO,STANDBY_VEL_LOW,2,2645.72,1944.28,85.91,FALSE,M1_DIRECTION_MISMATCH
2026-09-07 17:54:24.497,1788803664.497,2294,9,172,4409.49,4409.57,8.0,PASS_<=10c,+0.0,FLAT,+32.0,-141.0,3.9,+13.83,3.55,SLOW,4410.90,4410.90,4409.77,4410.53,0.00,0.00,0.0,BEARISH,113.0,4409.17,4409.49,4409.17,4409.49,24,CLEARED_>=20s,32.0,32.0,0.0,0.0,0.0,0.0,0.0,PASS_<20%,0.00,0.0,NO,STANDBY_VEL_LOW,2,2645.72,1944.28,85.91,FALSE,M1_DIRECTION_MISMATCH
2026-09-07 17:54:24.997,1788803664.998,2295,10,173,4409.50,4409.58,8.0,PASS_<=10c,+1.0,UP,+33.0,-140.0,3.9,+11.72,3.01,SLOW,4410.90,4410.90,4409.77,4410.53,0.00,0.00,0.0,BEARISH,113.0,4409.17,4409.50,4409.17,4409.50,24,CLEARED_>=20s,33.0,33.0,0.0,0.0,0.0,0.0,0.0,PASS_<20%,0.00,0.0,NO,STANDBY_VEL_LOW,2,2645.72,1944.28,85.91,FALSE,M1_DIRECTION_MISMATCH
2026-09-07 17:54:25.499,1788803665.500,2296,11,174,4409.50,4409.58,8.0,PASS_<=10c,+0.0,FLAT,+33.0,-140.0,3.9,+9.95,2.55,SLOW,4410.90,4410.90,4409.77,4410.53,0.00,0.00,0.0,BEARISH,113.0,4409.17,4409.50,4409.17,4409.50,25,CLEARED_>=20s,33.0,33.0,0.0,0.0,0.0,0.0,0.0,PASS_<20%,0.00,0.0,NO,STANDBY_VEL_LOW,2,2645.72,1944.28,85.91,FALSE,M1_DIRECTION_MISMATCH
2026-09-07 17:54:26.002,1788803666.003,2297,12,175,4409.50,4409.58,8.0,PASS_<=10c,+0.0,FLAT,+33.0,-140.0,3.9,+8.64,2.22,SLOW,4410.90,4410.90,4409.77,4410.53,0.00,0.00,0.0,BEARISH,113.0,4409.17,4409.50,4409.17,4409.50,26,CLEARED_>=20s,33.0,33.0,0.0,0.0,0.0,0.0,0.0,PASS_<20%,0.00,0.0,NO,STANDBY_VEL_LOW,2,2645.72,1944.28,85.91,FALSE,M1_DIRECTION_MISMATCH
2026-09-07 17:54:26.503,1788803666.504,2298,13,176,4409.50,4409.58,8.0,PASS_<=10c,+0.0,FLAT,+33.0,-140.0,3.9,+7.64,1.96,SLOW,4410.90,4410.90,4409.77,4410.53,0.00,0.00,0.0,BEARISH,113.0,4409.17,4409.50,4409.17,4409.50,26,CLEARED_>=20s,33.0,33.0,0.0,0.0,0.0,0.0,0.0,PASS_<20%,0.00,0.0,NO,STANDBY_VEL_LOW,2,2645.72,1944.28,85.91,FALSE,M1_DIRECTION_MISMATCH
2026-09-07 17:54:27.005,1788803667.006,2299,14,177,4409.50,4409.58,8.0,PASS_<=10c,+0.0,FLAT,+33.0,-140.0,3.9,+6.84,1.75,SLOW,4410.90,4410.90,4409.77,4410.53,0.00,0.00,0.0,BEARISH,113.0,4409.17,4409.50,4409.17,4409.50,27,CLEARED_>=20s,33.0,33.0,0.0,0.0,0.0,0.0,0.0,PASS_<20%,0.00,0.0,NO,STANDBY_VEL_LOW,2,2645.72,1944.28,85.91,FALSE,M1_DIRECTION_MISMATCH
2026-09-07 17:54:27.508,1788803667.509,2300,15,178,4409.50,4409.58,8.0,PASS_<=10c,+0.0,FLAT,+33.0,-140.0,4.3,+7.14,1.66,SLOW,4410.90,4410.90,4409.77,4410.53,0.00,0.00,0.0,BEARISH,113.0,4409.17,4409.50,4409.17,4409.50,27,CLEARED_>=20s,33.0,33.0,0.0,0.0,0.0,0.0,0.0,PASS_<20%,0.00,0.0,NO,STANDBY_VEL_LOW,2,2645.72,1944.28,85.91,FALSE,M1_DIRECTION_MISMATCH
2026-09-07 17:54:28.010,1788803668.010,2301,16,179,4409.50,4409.58,8.0,PASS_<=10c,+0.0,FLAT,+33.0,-140.0,4.2,+0.21,0.05,SLOW,4410.90,4410.90,4409.77,4410.53,0.00,0.00,0.0,BEARISH,113.0,4409.17,4409.50,4409.17,4409.50,28,CLEARED_>=20s,33.0,33.0,0.0,0.0,0.0,0.0,0.0,PASS_<20%,0.00,0.0,NO,STANDBY_VEL_LOW,2,2645.72,1944.28,85.91,FALSE,M1_DIRECTION_MISMATCH
2026-09-07 17:54:28.512,1788803668.513,2302,17,180,4409.50,4409.58,8.0,PASS_<=10c,+0.0,FLAT,+33.0,-140.0,4.2,+0.21,0.05,SLOW,4410.90,4410.90,4409.77,4410.53,0.00,0.00,0.0,BEARISH,113.0,4409.17,4409.50,4409.17,4409.50,28,CLEARED_>=20s,33.0,33.0,0.0,0.0,0.0,0.0,0.0,PASS_<20%,0.00,0.0,NO,STANDBY_VEL_LOW,2,2645.72,1944.28,85.91,FALSE,M1_DIRECTION_MISMATCH
2026-09-07 17:54:29.016,1788803669.017,2303,18,181,4409.50,4409.58,8.0,PASS_<=10c,+0.0,FLAT,+33.0,-140.0,4.2,+0.21,0.05,SLOW,4410.90,4410.90,4409.77,4410.53,0.00,0.00,0.0,BEARISH,113.0,4409.17,4409.50,4409.17,4409.50,29,CLEARED_>=20s,33.0,33.0,0.0,0.0,0.0,0.0,0.0,PASS_<20%,0.00,0.0,NO,STANDBY_VEL_LOW,2,2645.72,1944.28,85.91,FALSE,M1_DIRECTION_MISMATCH
2026-09-07 17:54:29.519,1788803669.520,2304,19,182,4409.50,4409.58,8.0,PASS_<=10c,+0.0,FLAT,+33.0,-140.0,4.2,+0.00,0.00,SLOW,4410.90,4410.90,4409.77,4410.53,0.00,0.00,0.0,BEARISH,113.0,4409.17,4409.50,4409.17,4409.50,29,CLEARED_>=20s,33.0,33.0,0.0,0.0,0.0,0.0,0.0,PASS_<20%,0.00,0.0,NO,STANDBY_VEL_LOW,2,2645.72,1944.28,85.91,FALSE,M1_DIRECTION_MISMATCH
2026-09-07 17:54:30.020,1788803670.021,2305,20,183,4409.50,4409.58,8.0,PASS_<=10c,+0.0,FLAT,+33.0,-140.0,4.2,+0.00,0.00,SLOW,4410.90,4410.90,4409.77,4410.53,0.00,0.00,0.0,BEARISH,113.0,4409.17,4409.50,4409.17,4409.50,30,CLEARED_>=20s,33.0,33.0,0.0,0.0,0.0,0.0,0.0,PASS_<20%,0.00,0.0,NO,STANDBY_VEL_LOW,2,2645.72,1944.28,85.91,FALSE,M1_DIRECTION_MISMATCH
2026-09-07 17:54:30.521,1788803670.521,2306,21,184,4409.50,4409.58,8.0,PASS_<=10c,+0.0,FLAT,+33.0,-140.0,4.2,+0.00,0.00,SLOW,4410.90,4410.90,4409.77,4410.53,0.00,0.00,0.0,BEARISH,113.0,4409.17,4409.50,4409.17,4409.50,30,CLEARED_>=20s,33.0,33.0,0.0,0.0,0.0,0.0,0.0,PASS_<20%,0.00,0.0,NO,STANDBY_VEL_LOW,2,2645.72,1944.28,85.91,FALSE,M1_DIRECTION_MISMATCH
2026-09-07 17:54:36.079,1788803676.079,2307,22,185,4409.50,4409.58,8.0,PASS_<=10c,+0.0,FLAT,+33.0,-140.0,1.5,+0.00,0.00,SLOW,4410.90,4410.90,4409.77,4410.53,0.00,0.00,0.0,BEARISH,113.0,4409.17,4409.50,4409.17,4409.50,36,CLEARED_>=20s,33.0,33.0,0.0,0.0,0.0,0.0,0.0,PASS_<20%,0.00,0.0,NO,STANDBY_VEL_LOW,2,2645.72,1944.28,85.91,FALSE,M1_DIRECTION_MISMATCH
2026-09-07 17:54:46.374,1788803686.375,2308,23,186,4409.50,4409.58,8.0,PASS_<=10c,+0.0,FLAT,+33.0,-140.0,1.3,+0.00,0.00,SLOW,4410.90,4410.90,4409.77,4410.53,0.00,0.00,0.0,BEARISH,113.0,4409.17,4409.50,4409.17,4409.50,46,CLEARED_>=20s,33.0,33.0,0.0,0.0,0.0,0.0,0.0,PASS_<20%,0.00,0.0,NO,STANDBY_VEL_LOW,2,2645.72,1944.28,85.91,FALSE,M1_DIRECTION_MISMATCH
2026-09-07 17:54:48.388,1788803688.389,2309,24,187,4409.50,4409.58,8.0,PASS_<=10c,+0.0,FLAT,+33.0,-140.0,1.5,+0.00,0.00,SLOW,4410.90,4410.90,4409.77,4410.53,0.00,0.00,0.0,BEARISH,113.0,4409.17,4409.50,4409.17,4409.50,48,CLEARED_>=20s,33.0,33.0,0.0,0.0,0.0,0.0,0.0,PASS_<20%,0.00,0.0,NO,STANDBY_VEL_LOW,2,2645.72,1944.28,85.91,FALSE,M1_DIRECTION_MISMATCH
2026-09-07 17:54:48.890,1788803688.890,2310,25,188,4409.29,4409.37,8.0,PASS_<=10c,-21.0,DOWN,+12.0,-161.0,2.0,+8.35,4.17,SLOW,4410.90,4410.90,4409.77,4410.53,0.00,0.00,0.0,BEARISH,113.0,4409.17,4409.50,4409.17,4409.29,48,CLEARED_>=20s,33.0,12.0,21.0,0.0,63.6,0.0,0.0,PASS_<20%,0.00,0.0,NO,STANDBY_VEL_LOW,2,2645.72,1944.28,85.91,FALSE,M1_DIRECTION_MISMATCH
2026-09-07 17:54:49.392,1788803689.393,2311,26,189,4409.34,4409.42,8.0,PASS_<=10c,+5.0,UP,+17.0,-156.0,2.3,+5.30,2.30,SLOW,4410.90,4410.90,4409.77,4410.53,0.00,0.00,0.0,BEARISH,113.0,4409.17,4409.50,4409.17,4409.34,49,CLEARED_>=20s,33.0,17.0,16.0,0.0,48.5,0.0,0.0,PASS_<20%,0.00,0.0,NO,STANDBY_VEL_LOW,2,2645.72,1944.28,85.91,FALSE,M1_DIRECTION_MISMATCH
2026-09-07 17:54:49.893,1788803689.893,2312,27,190,4409.39,4409.47,8.0,PASS_<=10c,+5.0,UP,+22.0,-151.0,2.6,+3.13,1.20,SLOW,4410.90,4410.90,4409.77,4410.53,0.00,0.00,0.0,BEARISH,113.0,4409.17,4409.50,4409.17,4409.39,49,CLEARED_>=20s,33.0,22.0,11.0,0.0,33.3,0.0,0.0,PASS_<20%,0.00,0.0,NO,STANDBY_VEL_LOW,2,2645.72,1944.28,85.91,FALSE,M1_DIRECTION_MISMATCH
2026-09-07 17:54:50.401,1788803690.401,2313,28,191,4409.39,4409.47,8.0,PASS_<=10c,+0.0,FLAT,+22.0,-151.0,2.7,+2.74,1.01,SLOW,4410.90,4410.90,4409.77,4410.53,0.00,0.00,0.0,BEARISH,113.0,4409.17,4409.50,4409.17,4409.39,50,CLEARED_>=20s,33.0,22.0,11.0,0.0,33.3,0.0,0.0,PASS_<20%,0.00,0.0,NO,STANDBY_VEL_LOW,2,2645.72,1944.28,85.91,FALSE,M1_DIRECTION_MISMATCH
2026-09-07 17:54:50.898,1788803690.898,2314,29,192,4409.39,4409.47,8.0,PASS_<=10c,+0.0,FLAT,+22.0,-151.0,2.9,+2.43,0.84,SLOW,4410.90,4410.90,4409.77,4410.53,0.00,0.00,0.0,BEARISH,113.0,4409.17,4409.50,4409.17,4409.39,50,CLEARED_>=20s,33.0,22.0,11.0,0.0,33.3,0.0,0.0,PASS_<20%,0.00,0.0,NO,STANDBY_VEL_LOW,2,2645.72,1944.28,85.91,FALSE,M1_DIRECTION_MISMATCH
2026-09-07 17:54:51.397,1788803691.398,2315,30,193,4409.39,4409.47,8.0,PASS_<=10c,+0.0,FLAT,+22.0,-151.0,4.5,+3.53,0.78,SLOW,4410.90,4410.90,4409.77,4410.53,0.00,0.00,0.0,BEARISH,113.0,4409.17,4409.50,4409.17,4409.39,51,CLEARED_>=20s,33.0,22.0,11.0,0.0,33.3,0.0,0.0,PASS_<20%,0.00,0.0,NO,STANDBY_VEL_LOW,2,2645.72,1944.28,85.91,FALSE,M1_DIRECTION_MISMATCH
2026-09-07 17:54:51.901,1788803691.901,2316,31,194,4409.38,4409.46,8.0,PASS_<=10c,-1.0,DOWN,+21.0,-152.0,4.4,+3.32,0.75,SLOW,4410.90,4410.90,4409.77,4410.53,0.00,0.00,0.0,BEARISH,113.0,4409.17,4409.50,4409.17,4409.38,51,CLEARED_>=20s,33.0,21.0,12.0,0.0,36.4,0.0,0.0,PASS_<20%,0.00,0.0,NO,STANDBY_VEL_LOW,2,2645.72,1944.28,85.91,FALSE,M1_DIRECTION_MISMATCH
2026-09-07 17:54:52.402,1788803692.403,2317,32,195,4409.36,4409.44,8.0,PASS_<=10c,-2.0,DOWN,+19.0,-154.0,4.4,+3.40,0.77,SLOW,4410.90,4410.90,4409.77,4410.53,0.00,0.00,0.0,BEARISH,113.0,4409.17,4409.50,4409.17,4409.36,52,CLEARED_>=20s,33.0,19.0,14.0,0.0,42.4,0.0,0.0,PASS_<20%,0.00,0.0,NO,STANDBY_VEL_LOW,2,2645.72,1944.28,85.91,FALSE,M1_DIRECTION_MISMATCH
2026-09-07 17:54:52.903,1788803692.903,2318,33,196,4409.34,4409.42,8.0,PASS_<=10c,-2.0,DOWN,+17.0,-156.0,4.3,+3.47,0.81,SLOW,4410.90,4410.90,4409.77,4410.53,0.00,0.00,0.0,BEARISH,113.0,4409.17,4409.50,4409.17,4409.34,52,CLEARED_>=20s,33.0,17.0,16.0,0.0,48.5,0.0,0.0,PASS_<20%,0.00,0.0,NO,STANDBY_VEL_LOW,2,2645.72,1944.28,85.91,FALSE,M1_DIRECTION_MISMATCH
2026-09-07 17:54:53.418,1788803693.418,2319,34,197,4409.34,4409.42,8.0,PASS_<=10c,+0.0,FLAT,+17.0,-156.0,4.2,+3.35,0.80,SLOW,4410.90,4410.90,4409.77,4410.53,0.00,0.00,0.0,BEARISH,113.0,4409.17,4409.50,4409.17,4409.34,53,CLEARED_>=20s,33.0,17.0,16.0,0.0,48.5,0.0,0.0,PASS_<20%,0.00,0.0,NO,STANDBY_VEL_LOW,2,2645.72,1944.28,85.91,FALSE,M1_DIRECTION_MISMATCH
2026-09-07 17:54:53.914,1788803693.915,2320,35,198,4409.34,4409.42,8.0,PASS_<=10c,+0.0,FLAT,+17.0,-156.0,4.2,+0.42,0.10,SLOW,4410.90,4410.90,4409.77,4410.53,0.00,0.00,0.0,BEARISH,113.0,4409.17,4409.50,4409.17,4409.34,53,CLEARED_>=20s,33.0,17.0,16.0,0.0,48.5,0.0,0.0,PASS_<20%,0.00,0.0,NO,STANDBY_VEL_LOW,2,2645.72,1944.28,85.91,FALSE,M1_DIRECTION_MISMATCH
2026-09-07 17:54:54.421,1788803694.421,2321,36,199,4409.34,4409.42,8.0,PASS_<=10c,+0.0,FLAT,+17.0,-156.0,4.2,+1.05,0.25,SLOW,4410.90,4410.90,4409.77,4410.53,0.00,0.00,0.0,BEARISH,113.0,4409.17,4409.50,4409.17,4409.34,54,CLEARED_>=20s,33.0,17.0,16.0,0.0,48.5,0.0,0.0,PASS_<20%,0.00,0.0,NO,STANDBY_VEL_LOW,2,2645.72,1944.28,85.91,FALSE,M1_DIRECTION_MISMATCH
2026-09-07 17:54:54.928,1788803694.928,2322,37,200,4409.34,4409.42,8.0,PASS_<=10c,+0.0,FLAT,+17.0,-156.0,4.2,+1.05,0.25,SLOW,4410.90,4410.90,4409.77,4410.53,0.00,0.00,0.0,BEARISH,113.0,4409.17,4409.50,4409.17,4409.34,54,CLEARED_>=20s,33.0,17.0,16.0,0.0,48.5,0.0,0.0,PASS_<20%,0.00,0.0,NO,STANDBY_VEL_LOW,2,2645.72,1944.28,85.91,FALSE,M1_DIRECTION_MISMATCH
2026-09-07 17:54:55.431,1788803695.431,2323,38,201,4409.34,4409.42,8.0,PASS_<=10c,+0.0,FLAT,+17.0,-156.0,4.2,+1.05,0.25,SLOW,4410.90,4410.90,4409.77,4410.53,0.00,0.00,0.0,BEARISH,113.0,4409.17,4409.50,4409.17,4409.34,55,CLEARED_>=20s,33.0,17.0,16.0,0.0,48.5,0.0,0.0,PASS_<20%,0.00,0.0,NO,STANDBY_VEL_LOW,2,2645.72,1944.28,85.91,FALSE,M1_DIRECTION_MISMATCH
2026-09-07 17:54:55.931,1788803695.932,2324,39,202,4409.34,4409.42,8.0,PASS_<=10c,+0.0,FLAT,+17.0,-156.0,4.2,+1.05,0.25,SLOW,4410.90,4410.90,4409.77,4410.53,0.00,0.00,0.0,BEARISH,113.0,4409.17,4409.50,4409.17,4409.34,55,CLEARED_>=20s,33.0,17.0,16.0,0.0,48.5,0.0,0.0,PASS_<20%,0.00,0.0,NO,STANDBY_VEL_LOW,2,2645.72,1944.28,85.91,FALSE,M1_DIRECTION_MISMATCH
2026-09-07 17:54:56.434,1788803696.434,2325,40,203,4409.34,4409.42,8.0,PASS_<=10c,+0.0,FLAT,+17.0,-156.0,4.2,+0.84,0.20,SLOW,4410.90,4410.90,4409.77,4410.53,0.00,0.00,0.0,BEARISH,113.0,4409.17,4409.50,4409.17,4409.34,56,CLEARED_>=20s,33.0,17.0,16.0,0.0,48.5,0.0,0.0,PASS_<20%,0.00,0.0,NO,STANDBY_VEL_LOW,2,2645.72,1944.28,85.91,FALSE,M1_DIRECTION_MISMATCH
2026-09-07 17:55:02.024,1788803702.025,2326,1,1,4409.34,4409.42,8.0,PASS_<=10c,+0.0,FLAT,+0.0,-120.0,1.4,+0.31,0.22,SLOW,4410.54,4410.89,4408.98,4409.34,0.00,0.00,0.0,BEARISH,191.0,4409.34,4409.34,4409.34,4409.34,2,ACTIVE_2s,1.0,0.0,0.0,0.0,0.0,0.0,0.0,PASS_<20%,0.00,0.0,NO,STANDBY_VEL_LOW,2,2645.72,1944.28,85.91,FALSE,M1_DIRECTION_MISMATCH|OPENING_SHIELD_ACTIVE_2s
2026-09-07 17:55:12.352,1788803712.352,2327,2,2,4409.34,4409.42,8.0,PASS_<=10c,+0.0,FLAT,+0.0,-120.0,1.4,+0.31,0.22,SLOW,4410.54,4410.89,4408.98,4409.34,0.00,0.00,0.0,BEARISH,191.0,4409.34,4409.34,4409.34,4409.34,12,ACTIVE_12s,1.0,0.0,0.0,0.0,0.0,0.0,0.0,PASS_<20%,0.00,0.0,NO,STANDBY_VEL_LOW,2,2645.72,1944.28,85.91,FALSE,M1_DIRECTION_MISMATCH|OPENING_SHIELD_ACTIVE_12s
2026-09-07 17:55:15.950,1788803715.951,2328,3,3,4409.34,4409.42,8.0,PASS_<=10c,+0.0,FLAT,+0.0,-120.0,1.3,+0.29,0.22,SLOW,4410.54,4410.89,4408.98,4409.34,0.00,0.00,0.0,BEARISH,191.0,4409.34,4409.34,4409.34,4409.34,15,ACTIVE_15s,1.0,0.0,0.0,0.0,0.0,0.0,0.0,PASS_<20%,0.00,0.0,NO,STANDBY_VEL_LOW,2,2645.72,1944.28,85.91,FALSE,M1_DIRECTION_MISMATCH|OPENING_SHIELD_ACTIVE_15s
2026-09-07 17:55:16.477,1788803716.477,2329,4,4,4409.34,4409.42,8.0,PASS_<=10c,+0.0,FLAT,+0.0,-120.0,1.3,+0.29,0.22,SLOW,4410.54,4410.89,4408.98,4409.34,0.00,0.00,0.0,BEARISH,191.0,4409.34,4409.34,4409.34,4409.34,16,ACTIVE_16s,1.0,0.0,0.0,0.0,0.0,0.0,0.0,PASS_<20%,0.00,0.0,NO,STANDBY_VEL_LOW,2,2645.72,1944.28,85.91,FALSE,M1_DIRECTION_MISMATCH|OPENING_SHIELD_ACTIVE_16s
2026-09-07 17:55:17.013,1788803717.013,2330,5,5,4409.34,4409.42,8.0,PASS_<=10c,+0.0,FLAT,+0.0,-120.0,1.5,+0.28,0.19,SLOW,4410.54,4410.89,4408.98,4409.34,0.00,0.00,0.0,BEARISH,191.0,4409.34,4409.34,4409.34,4409.34,17,ACTIVE_17s,1.0,0.0,0.0,0.0,0.0,0.0,0.0,PASS_<20%,0.00,0.0,NO,STANDBY_VEL_LOW,2,2645.72,1944.28,85.91,FALSE,M1_DIRECTION_MISMATCH|OPENING_SHIELD_ACTIVE_17s
2026-09-07 17:55:17.563,1788803717.563,2331,6,6,4409.34,4409.42,8.0,PASS_<=10c,+0.0,FLAT,+0.0,-120.0,4.7,+0.31,0.07,SLOW,4410.54,4410.89,4408.98,4409.34,0.00,0.00,0.0,BEARISH,191.0,4409.34,4409.34,4409.34,4409.34,17,ACTIVE_17s,1.0,0.0,0.0,0.0,0.0,0.0,0.0,PASS_<20%,0.00,0.0,NO,STANDBY_VEL_LOW,2,2645.72,1944.28,85.91,FALSE,M1_DIRECTION_MISMATCH|OPENING_SHIELD_ACTIVE_17s
2026-09-07 17:55:18.116,1788803718.116,2332,7,7,4409.34,4409.42,8.0,PASS_<=10c,+0.0,FLAT,+0.0,-120.0,4.4,+0.30,0.07,SLOW,4410.54,4410.89,4408.98,4409.34,0.00,0.00,0.0,BEARISH,191.0,4409.34,4409.34,4409.34,4409.34,18,ACTIVE_18s,1.0,0.0,0.0,0.0,0.0,0.0,0.0,PASS_<20%,0.00,0.0,NO,STANDBY_VEL_LOW,2,2645.72,1944.28,85.91,FALSE,M1_DIRECTION_MISMATCH|OPENING_SHIELD_ACTIVE_18s
2026-09-07 17:55:18.678,1788803718.678,2333,8,8,4409.08,4409.16,8.0,PASS_<=10c,-26.0,DOWN,-26.0,-146.0,4.2,+9.19,2.19,SLOW,4410.54,4410.89,4408.98,4409.34,0.00,0.00,0.0,BEARISH,191.0,4409.34,4409.34,4409.07,4409.08,18,ACTIVE_18s,27.0,26.0,0.0,1.0,0.0,3.7,3.7,PASS_<20%,4409.19,11.0,NO,STANDBY_VEL_LOW,2,2645.72,1944.28,85.91,FALSE,OPENING_SHIELD_ACTIVE_18s
2026-09-07 17:55:19.782,1788803719.782,2334,9,9,4409.07,4409.15,8.0,PASS_<=10c,-1.0,DOWN,-27.0,-147.0,3.6,+6.97,1.94,SLOW,4410.54,4410.89,4408.98,4409.34,0.00,0.00,0.0,BEARISH,191.0,4409.34,4409.34,4409.07,4409.07,19,ACTIVE_19s,27.0,27.0,0.0,0.0,0.0,0.0,0.0,PASS_<20%,4409.19,12.0,NO,STANDBY_VEL_LOW,1,1322.85,3267.15,85.34,FALSE,OPENING_SHIELD_ACTIVE_19s
2026-09-07 17:55:20.256,1788803720.256,2335,10,10,4409.08,4409.16,8.0,PASS_<=10c,+1.0,UP,-26.0,-146.0,3.6,+5.90,1.64,SLOW,4410.54,4410.89,4408.98,4409.34,0.00,0.00,0.0,BEARISH,191.0,4409.34,4409.34,4409.07,4409.08,20,CLEARED_>=20s,27.0,26.0,0.0,1.0,0.0,3.7,3.7,PASS_<20%,4409.19,11.0,YES,STANDBY_VEL_LOW,1,1322.85,3267.15,85.34,TRUE,READY_TO_FIRE
2026-09-07 17:55:25.245,1788803725.245,2336,11,11,4409.08,4409.16,8.0,PASS_<=10c,+0.0,FLAT,-26.0,-146.0,1.4,+0.00,0.00,SLOW,4410.54,4410.89,4408.98,4409.38,0.00,0.00,0.0,BEARISH,191.0,4409.34,4409.34,4409.07,4409.08,25,CLEARED_>=20s,27.0,26.0,0.0,1.0,0.0,3.7,3.7,PASS_<20%,4409.19,11.0,YES,STANDBY_VEL_LOW,2,2645.57,1944.43,85.34,TRUE,READY_TO_FIRE
2026-09-07 17:55:25.749,1788803725.750,2337,12,12,4409.08,4409.16,8.0,PASS_<=10c,+0.0,FLAT,-26.0,-146.0,4.0,+0.00,0.00,SLOW,4410.54,4410.89,4408.98,4409.38,0.00,0.00,0.0,BEARISH,191.0,4409.34,4409.34,4409.07,4409.08,25,CLEARED_>=20s,27.0,26.0,0.0,1.0,0.0,3.7,3.7,PASS_<20%,4409.19,11.0,YES,STANDBY_VEL_LOW,2,2645.57,1944.43,85.34,TRUE,READY_TO_FIRE
2026-09-07 17:55:31.337,1788803731.338,2338,13,13,4409.08,4409.16,8.0,PASS_<=10c,+0.0,FLAT,-26.0,-146.0,1.1,+0.00,0.00,SLOW,4410.54,4410.89,4408.98,4409.38,0.00,0.00,0.0,BEARISH,191.0,4409.34,4409.34,4409.07,4409.08,31,CLEARED_>=20s,27.0,26.0,0.0,1.0,0.0,3.7,3.7,PASS_<20%,4409.19,11.0,YES,STANDBY_VEL_LOW,2,2645.57,1944.43,85.34,TRUE,READY_TO_FIRE
2026-09-07 17:55:41.579,1788803741.580,2339,14,14,4409.08,4409.16,8.0,PASS_<=10c,+0.0,FLAT,-26.0,-146.0,1.1,+0.00,0.00,SLOW,4410.54,4410.89,4408.98,4409.38,0.00,0.00,0.0,BEARISH,191.0,4409.34,4409.34,4409.07,4409.08,41,CLEARED_>=20s,27.0,26.0,0.0,1.0,0.0,3.7,3.7,PASS_<20%,4409.19,11.0,YES,STANDBY_VEL_LOW,2,2645.57,1944.43,85.34,TRUE,READY_TO_FIRE
2026-09-07 17:55:42.987,1788803742.987,2340,15,15,4408.67,4408.75,8.0,PASS_<=10c,-41.0,DOWN,-67.0,-187.0,2.1,+29.13,13.87,SLOW,4410.54,4410.89,4408.98,4409.38,0.00,0.00,0.0,BEARISH,191.0,4409.34,4409.34,4408.67,4408.67,42,CLEARED_>=20s,67.0,67.0,0.0,0.0,0.0,0.0,0.0,PASS_<20%,4409.19,52.0,YES,STANDBY_VEL_LOW,2,2645.57,1944.43,85.34,TRUE,READY_TO_FIRE
2026-09-07 17:55:46.263,1788803746.264,2341,16,16,4408.66,4408.74,8.0,PASS_<=10c,-1.0,DOWN,-68.0,-188.0,1.1,+8.97,8.15,SLOW,4410.54,4410.89,4408.98,4409.38,0.00,0.00,0.0,BEARISH,191.0,4409.34,4409.34,4408.66,4408.66,46,CLEARED_>=20s,68.0,68.0,0.0,0.0,0.0,0.0,0.0,PASS_<20%,4409.19,53.0,YES,STANDBY_VEL_LOW,2,2645.57,1944.43,85.34,TRUE,READY_TO_FIRE
2026-09-07 17:55:46.764,1788803746.765,2342,17,17,4408.66,4408.74,8.0,PASS_<=10c,+0.0,FLAT,-68.0,-188.0,1.5,+0.26,0.17,SLOW,4410.54,4410.89,4408.98,4409.38,0.00,0.00,0.0,BEARISH,191.0,4409.34,4409.34,4408.66,4408.66,46,CLEARED_>=20s,68.0,68.0,0.0,0.0,0.0,0.0,0.0,PASS_<20%,4409.19,53.0,YES,STANDBY_VEL_LOW,2,2645.57,1944.43,85.34,TRUE,READY_TO_FIRE
2026-09-07 17:55:47.266,1788803747.267,2343,18,18,4408.66,4408.74,8.0,PASS_<=10c,+0.0,FLAT,-68.0,-188.0,1.8,+0.23,0.13,SLOW,4410.54,4410.89,4408.98,4409.38,0.00,0.00,0.0,BEARISH,191.0,4409.34,4409.34,4408.66,4408.66,47,CLEARED_>=20s,68.0,68.0,0.0,0.0,0.0,0.0,0.0,PASS_<20%,4409.19,53.0,YES,STANDBY_VEL_LOW,2,2645.57,1944.43,85.34,TRUE,READY_TO_FIRE
2026-09-07 17:55:47.768,1788803747.768,2344,19,19,4408.66,4408.74,8.0,PASS_<=10c,+0.0,FLAT,-68.0,-188.0,2.0,+0.20,0.10,SLOW,4410.54,4410.89,4408.98,4409.38,0.00,0.00,0.0,BEARISH,191.0,4409.34,4409.34,4408.66,4408.66,47,CLEARED_>=20s,68.0,68.0,0.0,0.0,0.0,0.0,0.0,PASS_<20%,4409.19,53.0,YES,STANDBY_VEL_LOW,2,2645.57,1944.43,85.34,TRUE,READY_TO_FIRE
2026-09-07 17:55:48.269,1788803748.270,2345,20,20,4408.66,4408.74,8.0,PASS_<=10c,+0.0,FLAT,-68.0,-188.0,4.4,+0.00,0.00,SLOW,4410.54,4410.89,4408.98,4409.38,0.00,0.00,0.0,BEARISH,191.0,4409.34,4409.34,4408.66,4408.66,48,CLEARED_>=20s,68.0,68.0,0.0,0.0,0.0,0.0,0.0,PASS_<20%,4409.19,53.0,YES,STANDBY_VEL_LOW,2,2645.57,1944.43,85.34,TRUE,READY_TO_FIRE
2026-09-07 17:55:48.771,1788803748.772,2346,21,21,4408.66,4408.74,8.0,PASS_<=10c,+0.0,FLAT,-68.0,-188.0,4.3,+0.00,0.00,SLOW,4410.54,4410.89,4408.98,4409.38,0.00,0.00,0.0,BEARISH,191.0,4409.34,4409.34,4408.66,4408.66,48,CLEARED_>=20s,68.0,68.0,0.0,0.0,0.0,0.0,0.0,PASS_<20%,4409.19,53.0,YES,STANDBY_VEL_LOW,2,2645.57,1944.43,85.34,TRUE,READY_TO_FIRE
2026-09-07 17:55:49.274,1788803749.274,2347,22,22,4408.66,4408.74,8.0,PASS_<=10c,+0.0,FLAT,-68.0,-188.0,4.3,+0.00,0.00,SLOW,4410.54,4410.89,4408.98,4409.38,0.00,0.00,0.0,BEARISH,191.0,4409.34,4409.34,4408.66,4408.66,49,CLEARED_>=20s,68.0,68.0,0.0,0.0,0.0,0.0,0.0,PASS_<20%,4409.19,53.0,YES,STANDBY_VEL_LOW,2,2645.57,1944.43,85.34,TRUE,READY_TO_FIRE
2026-09-07 17:55:49.775,1788803749.776,2348,23,23,4408.66,4408.74,8.0,PASS_<=10c,+0.0,FLAT,-68.0,-188.0,4.3,+0.00,0.00,SLOW,4410.54,4410.89,4408.98,4409.38,0.00,0.00,0.0,BEARISH,191.0,4409.34,4409.34,4408.66,4408.66,49,CLEARED_>=20s,68.0,68.0,0.0,0.0,0.0,0.0,0.0,PASS_<20%,4409.19,53.0,YES,STANDBY_VEL_LOW,2,2645.57,1944.43,85.34,TRUE,READY_TO_FIRE
2026-09-07 17:55:50.276,1788803750.277,2349,24,24,4408.66,4408.74,8.0,PASS_<=10c,+0.0,FLAT,-68.0,-188.0,4.2,+0.00,0.00,SLOW,4410.54,4410.89,4408.98,4409.38,0.00,0.00,0.0,BEARISH,191.0,4409.34,4409.34,4408.66,4408.66,50,CLEARED_>=20s,68.0,68.0,0.0,0.0,0.0,0.0,0.0,PASS_<20%,4409.19,53.0,YES,STANDBY_VEL_LOW,2,2645.57,1944.43,85.34,TRUE,READY_TO_FIRE
2026-09-07 17:55:50.778,1788803750.779,2350,25,25,4408.66,4408.74,8.0,PASS_<=10c,+0.0,FLAT,-68.0,-188.0,4.2,+0.00,0.00,SLOW,4410.54,4410.89,4408.98,4409.38,0.00,0.00,0.0,BEARISH,191.0,4409.34,4409.34,4408.66,4408.66,50,CLEARED_>=20s,68.0,68.0,0.0,0.0,0.0,0.0,0.0,PASS_<20%,4409.19,53.0,YES,STANDBY_VEL_LOW,2,2645.57,1944.43,85.34,TRUE,READY_TO_FIRE
2026-09-07 17:56:01.153,1788803761.153,2351,1,26,4408.66,4408.74,8.0,PASS_<=10c,+0.0,FLAT,+0.0,-188.0,1.0,+0.00,0.00,SLOW,4410.54,4410.89,4408.98,4409.38,0.00,0.00,0.0,BEARISH,191.0,4408.66,4408.66,4408.66,4408.66,1,ACTIVE_1s,1.0,0.0,0.0,0.0,0.0,0.0,0.0,PASS_<20%,0.00,0.0,NO,STANDBY_VEL_LOW,2,2645.57,1944.43,85.34,FALSE,M1_DIRECTION_MISMATCH|OPENING_SHIELD_ACTIVE_1s
2026-09-07 17:56:07.774,1788803767.775,2352,2,27,4408.66,4408.74,8.0,PASS_<=10c,+0.0,FLAT,+0.0,-188.0,1.3,+0.00,0.00,SLOW,4410.54,4410.89,4408.98,4409.38,0.00,0.00,0.0,BEARISH,191.0,4408.66,4408.66,4408.66,4408.66,7,ACTIVE_7s,1.0,0.0,0.0,0.0,0.0,0.0,0.0,PASS_<20%,0.00,0.0,NO,STANDBY_VEL_LOW,2,2645.57,1944.43,85.34,FALSE,M1_DIRECTION_MISMATCH|OPENING_SHIELD_ACTIVE_7s
2026-09-07 17:56:08.129,1788803768.130,2353,3,28,4408.30,4408.38,8.0,PASS_<=10c,-36.0,DOWN,-36.0,-224.0,2.2,+19.36,8.80,SLOW,4410.54,4410.89,4408.98,4409.38,0.00,0.00,0.0,BEARISH,191.0,4408.66,4408.66,4408.30,4408.30,8,ACTIVE_8s,36.0,36.0,0.0,0.0,0.0,0.0,0.0,PASS_<20%,4408.51,21.0,NO,STANDBY_VEL_LOW,2,2645.57,1944.43,85.34,FALSE,OPENING_SHIELD_ACTIVE_8s
2026-09-07 17:56:08.630,1788803768.630,2354,4,29,4408.30,4408.38,8.0,PASS_<=10c,+0.0,FLAT,-36.0,-224.0,2.5,+15.26,6.10,SLOW,4410.54,4410.89,4408.98,4409.38,0.00,0.00,0.0,BEARISH,191.0,4408.66,4408.66,4408.30,4408.30,8,ACTIVE_8s,36.0,36.0,0.0,0.0,0.0,0.0,0.0,PASS_<20%,4408.51,21.0,NO,STANDBY_VEL_LOW,2,2645.57,1944.43,85.34,FALSE,OPENING_SHIELD_ACTIVE_8s
2026-09-07 17:56:09.131,1788803769.131,2355,5,30,4408.32,4408.40,8.0,PASS_<=10c,+2.0,UP,-34.0,-222.0,2.8,+11.89,4.25,SLOW,4410.54,4410.89,4408.98,4409.38,0.00,0.00,0.0,BEARISH,191.0,4408.66,4408.66,4408.30,4408.32,9,ACTIVE_9s,36.0,34.0,0.0,2.0,0.0,5.6,5.6,PASS_<20%,4408.51,19.0,NO,STANDBY_VEL_LOW,2,2645.57,1944.43,85.34,FALSE,OPENING_SHIELD_ACTIVE_9s
2026-09-07 17:56:09.633,1788803769.634,2356,6,31,4408.32,4408.40,8.0,PASS_<=10c,+0.0,FLAT,-34.0,-222.0,3.0,+10.11,3.37,SLOW,4410.54,4410.89,4408.98,4409.38,0.00,0.00,0.0,BEARISH,191.0,4408.66,4408.66,4408.30,4408.32,9,ACTIVE_9s,36.0,34.0,0.0,2.0,0.0,5.6,5.6,PASS_<20%,4408.51,19.0,NO,STANDBY_VEL_LOW,2,2645.57,1944.43,85.34,FALSE,OPENING_SHIELD_ACTIVE_9s
2026-09-07 17:56:10.133,1788803770.134,2357,7,32,4408.32,4408.40,8.0,PASS_<=10c,+0.0,FLAT,-34.0,-222.0,3.1,+8.80,2.84,SLOW,4410.54,4410.89,4408.98,4409.38,0.00,0.00,0.0,BEARISH,191.0,4408.66,4408.66,4408.30,4408.32,10,ACTIVE_10s,36.0,34.0,0.0,2.0,0.0,5.6,5.6,PASS_<20%,4408.51,19.0,NO,STANDBY_VEL_LOW,2,2645.57,1944.43,85.34,FALSE,OPENING_SHIELD_ACTIVE_10s
2026-09-07 17:56:10.635,1788803770.635,2358,8,33,4408.32,4408.40,8.0,PASS_<=10c,+0.0,FLAT,-34.0,-222.0,3.2,+7.79,2.43,SLOW,4410.54,4410.89,4408.98,4409.38,0.00,0.00,0.0,BEARISH,191.0,4408.66,4408.66,4408.30,4408.32,10,ACTIVE_10s,36.0,34.0,0.0,2.0,0.0,5.6,5.6,PASS_<20%,4408.51,19.0,NO,STANDBY_VEL_LOW,2,2645.57,1944.43,85.34,FALSE,OPENING_SHIELD_ACTIVE_10s
2026-09-07 17:56:11.136,1788803771.136,2359,9,34,4408.37,4408.45,8.0,PASS_<=10c,+5.0,UP,-29.0,-217.0,3.3,+5.96,1.81,SLOW,4410.54,4410.89,4408.98,4409.38,0.00,0.00,0.0,BEARISH,191.0,4408.66,4408.66,4408.30,4408.37,11,ACTIVE_11s,36.0,29.0,0.0,7.0,0.0,19.4,19.4,PASS_<20%,4408.51,14.0,NO,STANDBY_VEL_LOW,2,2645.57,1944.43,85.34,FALSE,OPENING_SHIELD_ACTIVE_11s
2026-09-07 17:56:11.638,1788803771.639,2360,10,35,4408.37,4408.45,8.0,PASS_<=10c,+0.0,FLAT,-29.0,-217.0,4.4,+7.51,1.71,SLOW,4410.54,4410.89,4408.98,4409.38,0.00,0.00,0.0,BEARISH,191.0,4408.66,4408.66,4408.30,4408.37,11,ACTIVE_11s,36.0,29.0,0.0,7.0,0.0,19.4,19.4,PASS_<20%,4408.51,14.0,NO,STANDBY_VEL_LOW,2,2645.57,1944.43,85.34,FALSE,OPENING_SHIELD_ACTIVE_11s
2026-09-07 17:56:12.139,1788803772.140,2361,11,36,4408.34,4408.42,8.0,PASS_<=10c,-3.0,DOWN,-32.0,-220.0,4.4,+7.33,1.67,SLOW,4410.54,4410.89,4408.98,4409.38,0.00,0.00,0.0,BEARISH,191.0,4408.66,4408.66,4408.30,4408.34,12,ACTIVE_12s,36.0,32.0,0.0,4.0,0.0,11.1,11.1,PASS_<20%,4408.51,17.0,NO,STANDBY_VEL_LOW,2,2645.57,1944.43,85.34,FALSE,OPENING_SHIELD_ACTIVE_12s
2026-09-07 17:56:12.641,1788803772.641,2362,12,37,4408.34,4408.42,8.0,PASS_<=10c,+0.0,FLAT,-32.0,-220.0,4.3,+6.58,1.53,SLOW,4410.54,4410.89,4408.98,4409.38,0.00,0.00,0.0,BEARISH,191.0,4408.66,4408.66,4408.30,4408.34,12,ACTIVE_12s,36.0,32.0,0.0,4.0,0.0,11.1,11.1,PASS_<20%,4408.51,17.0,NO,STANDBY_VEL_LOW,2,2645.57,1944.43,85.34,FALSE,OPENING_SHIELD_ACTIVE_12s
2026-09-07 17:56:13.142,1788803773.142,2363,13,38,4408.34,4408.42,8.0,PASS_<=10c,+0.0,FLAT,-32.0,-220.0,4.2,+0.84,0.20,SLOW,4410.54,4410.89,4408.98,4409.38,0.00,0.00,0.0,BEARISH,191.0,4408.66,4408.66,4408.30,4408.34,13,ACTIVE_13s,36.0,32.0,0.0,4.0,0.0,11.1,11.1,PASS_<20%,4408.51,17.0,NO,STANDBY_VEL_LOW,2,2645.57,1944.43,85.34,FALSE,OPENING_SHIELD_ACTIVE_13s
2026-09-07 17:56:13.644,1788803773.644,2364,14,39,4408.34,4408.42,8.0,PASS_<=10c,+0.0,FLAT,-32.0,-220.0,4.2,+0.84,0.20,SLOW,4410.54,4410.89,4408.98,4409.38,0.00,0.00,0.0,BEARISH,191.0,4408.66,4408.66,4408.30,4408.34,13,ACTIVE_13s,36.0,32.0,0.0,4.0,0.0,11.1,11.1,PASS_<20%,4408.51,17.0,NO,STANDBY_VEL_LOW,2,2645.57,1944.43,85.34,FALSE,OPENING_SHIELD_ACTIVE_13s
2026-09-07 17:56:14.146,1788803774.147,2365,15,40,4408.34,4408.42,8.0,PASS_<=10c,+0.0,FLAT,-32.0,-220.0,4.2,+0.42,0.10,SLOW,4410.54,4410.89,4408.98,4409.38,0.00,0.00,0.0,BEARISH,191.0,4408.66,4408.66,4408.30,4408.34,14,ACTIVE_14s,36.0,32.0,0.0,4.0,0.0,11.1,11.1,PASS_<20%,4408.51,17.0,NO,STANDBY_VEL_LOW,2,2645.57,1944.43,85.34,FALSE,OPENING_SHIELD_ACTIVE_14s
2026-09-07 17:56:14.648,1788803774.649,2366,16,41,4408.34,4408.42,8.0,PASS_<=10c,+0.0,FLAT,-32.0,-220.0,4.2,+0.42,0.10,SLOW,4410.54,4410.89,4408.98,4409.38,0.00,0.00,0.0,BEARISH,191.0,4408.66,4408.66,4408.30,4408.34,14,ACTIVE_14s,36.0,32.0,0.0,4.0,0.0,11.1,11.1,PASS_<20%,4408.51,17.0,NO,STANDBY_VEL_LOW,2,2645.57,1944.43,85.34,FALSE,OPENING_SHIELD_ACTIVE_14s
2026-09-07 17:56:15.150,1788803775.150,2367,17,42,4408.34,4408.42,8.0,PASS_<=10c,+0.0,FLAT,-32.0,-220.0,4.2,+0.42,0.10,SLOW,4410.54,4410.89,4408.98,4409.38,0.00,0.00,0.0,BEARISH,191.0,4408.66,4408.66,4408.30,4408.34,15,ACTIVE_15s,36.0,32.0,0.0,4.0,0.0,11.1,11.1,PASS_<20%,4408.51,17.0,NO,STANDBY_VEL_LOW,2,2645.57,1944.43,85.34,FALSE,OPENING_SHIELD_ACTIVE_15s
2026-09-07 17:56:15.651,1788803775.652,2368,18,43,4408.34,4408.42,8.0,PASS_<=10c,+0.0,FLAT,-32.0,-220.0,4.2,+0.42,0.10,SLOW,4410.54,4410.89,4408.98,4409.38,0.00,0.00,0.0,BEARISH,191.0,4408.66,4408.66,4408.30,4408.34,15,ACTIVE_15s,36.0,32.0,0.0,4.0,0.0,11.1,11.1,PASS_<20%,4408.51,17.0,NO,STANDBY_VEL_LOW,2,2645.57,1944.43,85.34,FALSE,OPENING_SHIELD_ACTIVE_15s
2026-09-07 17:56:26.028,1788803786.029,2369,19,44,4408.34,4408.42,8.0,PASS_<=10c,+0.0,FLAT,-32.0,-220.0,1.2,+0.00,0.00,SLOW,4410.54,4410.89,4408.98,4409.38,0.00,0.00,0.0,BEARISH,191.0,4408.66,4408.66,4408.30,4408.34,26,CLEARED_>=20s,36.0,32.0,0.0,4.0,0.0,11.1,11.1,PASS_<20%,4408.51,17.0,YES,STANDBY_VEL_LOW,2,2645.57,1944.43,85.34,TRUE,READY_TO_FIRE
2026-09-07 17:56:31.682,1788803791.683,2370,20,45,4408.34,4408.42,8.0,PASS_<=10c,+0.0,FLAT,-32.0,-220.0,2.0,+0.00,0.00,SLOW,4410.54,4410.89,4408.98,4409.38,0.00,0.00,0.0,BEARISH,191.0,4408.66,4408.66,4408.30,4408.34,31,CLEARED_>=20s,36.0,32.0,0.0,4.0,0.0,11.1,11.1,PASS_<20%,4408.51,17.0,YES,STANDBY_VEL_LOW,2,2645.57,1944.43,85.34,TRUE,READY_TO_FIRE
2026-09-07 17:56:32.037,1788803792.037,2371,21,46,4407.55,4407.63,8.0,PASS_<=10c,-79.0,DOWN,-111.0,-299.0,4.0,+79.00,19.75,SLOW,4410.54,4410.89,4408.98,4409.38,0.00,0.00,0.0,BEARISH,191.0,4408.66,4408.66,4407.55,4407.55,32,CLEARED_>=20s,111.0,111.0,0.0,0.0,0.0,0.0,0.0,PASS_<20%,4408.51,96.0,YES,STANDBY_VEL_LOW,2,2645.57,1944.43,85.34,TRUE,READY_TO_FIRE
2026-09-07 17:56:35.307,1788803795.307,2372,22,47,4407.52,4407.60,8.0,PASS_<=10c,-3.0,DOWN,-114.0,-302.0,1.5,+19.86,13.24,SLOW,4410.54,4410.89,4408.98,4409.38,0.00,0.00,0.0,BEARISH,191.0,4408.66,4408.66,4407.52,4407.52,35,CLEARED_>=20s,114.0,114.0,0.0,0.0,0.0,0.0,0.0,PASS_<20%,4408.51,99.0,YES,STANDBY_VEL_LOW,2,2645.57,1944.43,85.34,TRUE,READY_TO_FIRE
2026-09-07 17:56:38.614,1788803798.615,2373,23,48,4407.52,4407.60,8.0,PASS_<=10c,+0.0,FLAT,-114.0,-302.0,1.2,+0.00,0.00,SLOW,4410.54,4410.89,4408.98,4409.38,0.00,0.00,0.0,BEARISH,191.0,4408.66,4408.66,4407.52,4407.52,38,CLEARED_>=20s,114.0,114.0,0.0,0.0,0.0,0.0,0.0,PASS_<20%,4408.51,99.0,YES,STANDBY_VEL_LOW,2,2645.57,1944.43,85.34,TRUE,READY_TO_FIRE
2026-09-07 17:56:51.801,1788803811.802,2374,24,49,4407.52,4407.60,8.0,PASS_<=10c,+0.0,FLAT,-114.0,-302.0,1.0,+0.00,0.00,SLOW,4410.54,4410.89,4408.98,4409.38,0.00,0.00,0.0,BEARISH,191.0,4408.66,4408.66,4407.52,4407.52,51,CLEARED_>=20s,114.0,114.0,0.0,0.0,0.0,0.0,0.0,PASS_<20%,4408.51,99.0,YES,STANDBY_VEL_LOW,2,2645.57,1944.43,85.34,TRUE,READY_TO_FIRE
2026-09-07 17:56:56.703,1788803816.704,2375,25,50,4407.56,4407.64,8.0,PASS_<=10c,+4.0,UP,-110.0,-298.0,0.9,+0.82,0.91,SLOW,4410.54,4410.89,4408.98,4409.38,0.00,0.00,0.0,BEARISH,191.0,4408.66,4408.66,4407.52,4407.56,56,CLEARED_>=20s,114.0,110.0,0.0,4.0,0.0,3.5,3.5,PASS_<20%,4408.51,95.0,YES,STANDBY_VEL_LOW,2,2645.57,1944.43,85.34,TRUE,READY_TO_FIRE
2026-09-07 17:56:59.979,1788803819.979,2376,26,51,4407.56,4407.64,8.0,PASS_<=10c,+0.0,FLAT,-110.0,-298.0,1.2,+0.00,0.00,SLOW,4410.54,4410.89,4408.98,4409.38,0.00,0.00,0.0,BEARISH,191.0,4408.66,4408.66,4407.52,4407.56,59,CLEARED_>=20s,114.0,110.0,0.0,4.0,0.0,3.5,3.5,PASS_<20%,4408.51,95.0,YES,STANDBY_VEL_LOW,2,2645.57,1944.43,85.34,TRUE,READY_TO_FIRE
2026-09-07 17:57:03.238,1788803823.238,2377,1,52,4407.56,4407.64,8.0,PASS_<=10c,+0.0,FLAT,+0.0,-298.0,1.1,+0.00,0.00,SLOW,4410.54,4410.89,4408.98,4409.38,0.00,0.00,0.0,BEARISH,191.0,4407.56,4407.56,4407.56,4407.56,3,ACTIVE_3s,1.0,0.0,0.0,0.0,0.0,0.0,0.0,PASS_<20%,0.00,0.0,NO,STANDBY_VEL_LOW,2,2645.57,1944.43,85.34,FALSE,M1_DIRECTION_MISMATCH|OPENING_SHIELD_ACTIVE_3s
2026-09-07 17:57:16.443,1788803836.444,2378,2,53,4407.56,4407.64,8.0,PASS_<=10c,+0.0,FLAT,+0.0,-298.0,1.0,+0.00,0.00,SLOW,4410.54,4410.89,4408.98,4409.38,0.00,0.00,0.0,BEARISH,191.0,4407.56,4407.56,4407.56,4407.56,16,ACTIVE_16s,1.0,0.0,0.0,0.0,0.0,0.0,0.0,PASS_<20%,0.00,0.0,NO,STANDBY_VEL_LOW,2,2645.57,1944.43,85.34,FALSE,M1_DIRECTION_MISMATCH|OPENING_SHIELD_ACTIVE_16s
2026-09-07 17:57:22.185,1788803842.185,2379,3,54,4407.56,4407.64,8.0,PASS_<=10c,+0.0,FLAT,+0.0,-298.0,2.0,+0.00,0.00,SLOW,4410.54,4410.89,4408.98,4409.38,0.00,0.00,0.0,BEARISH,191.0,4407.56,4407.56,4407.56,4407.56,22,CLEARED_>=20s,1.0,0.0,0.0,0.0,0.0,0.0,0.0,PASS_<20%,0.00,0.0,NO,STANDBY_VEL_LOW,2,2645.57,1944.43,85.34,FALSE,M1_DIRECTION_MISMATCH
2026-09-07 17:57:25.738,1788803845.739,2380,4,55,4408.17,4408.25,8.0,PASS_<=10c,+61.0,UP,+61.0,-237.0,1.1,+16.69,15.17,SLOW,4410.54,4410.89,4408.98,4409.38,0.00,0.00,0.0,BEARISH,191.0,4407.56,4408.17,4407.56,4408.17,25,CLEARED_>=20s,61.0,61.0,0.0,0.0,0.0,0.0,0.0,PASS_<20%,0.00,0.0,NO,STANDBY_VEL_LOW,2,2645.57,1944.43,85.34,FALSE,M1_DIRECTION_MISMATCH
2026-09-07 17:57:28.989,1788803848.989,2381,5,56,4408.28,4408.36,8.0,PASS_<=10c,+11.0,UP,+72.0,-226.0,1.1,+3.14,2.85,SLOW,4410.54,4410.89,4408.98,4409.38,0.00,0.00,0.0,BEARISH,191.0,4407.56,4408.28,4407.56,4408.28,28,CLEARED_>=20s,72.0,72.0,0.0,0.0,0.0,0.0,0.0,PASS_<20%,0.00,0.0,NO,STANDBY_VEL_LOW,2,2645.57,1944.43,85.34,FALSE,M1_DIRECTION_MISMATCH
2026-09-07 17:57:29.490,1788803849.491,2382,6,57,4408.28,4408.36,8.0,PASS_<=10c,+0.0,FLAT,+72.0,-226.0,1.5,+2.75,1.83,SLOW,4410.54,4410.89,4408.98,4409.38,0.00,0.00,0.0,BEARISH,191.0,4407.56,4408.28,4407.56,4408.28,29,CLEARED_>=20s,72.0,72.0,0.0,0.0,0.0,0.0,0.0,PASS_<20%,0.00,0.0,NO,STANDBY_VEL_LOW,2,2645.57,1944.43,85.34,FALSE,M1_DIRECTION_MISMATCH
2026-09-07 17:57:29.992,1788803849.993,2383,7,58,4408.28,4408.36,8.0,PASS_<=10c,+0.0,FLAT,+72.0,-226.0,1.8,+2.44,1.36,SLOW,4410.54,4410.89,4408.98,4409.38,0.00,0.00,0.0,BEARISH,191.0,4407.56,4408.28,4407.56,4408.28,29,CLEARED_>=20s,72.0,72.0,0.0,0.0,0.0,0.0,0.0,PASS_<20%,0.00,0.0,NO,STANDBY_VEL_LOW,2,2645.57,1944.43,85.34,FALSE,M1_DIRECTION_MISMATCH
2026-09-07 17:57:40.370,1788803860.371,2384,8,59,4408.28,4408.36,8.0,PASS_<=10c,+0.0,FLAT,+72.0,-226.0,1.0,+1.42,1.42,SLOW,4410.54,4410.89,4408.98,4409.38,0.00,0.00,0.0,BEARISH,191.0,4407.56,4408.28,4407.56,4408.28,40,CLEARED_>=20s,72.0,72.0,0.0,0.0,0.0,0.0,0.0,PASS_<20%,0.00,0.0,NO,STANDBY_VEL_LOW,2,2645.57,1944.43,85.34,FALSE,M1_DIRECTION_MISMATCH
2026-09-07 17:57:46.993,1788803866.994,2385,9,60,4408.28,4408.36,8.0,PASS_<=10c,+0.0,FLAT,+72.0,-226.0,1.3,+1.38,1.06,SLOW,4410.54,4410.89,4408.98,4409.38,0.00,0.00,0.0,BEARISH,191.0,4407.56,4408.28,4407.56,4408.28,46,CLEARED_>=20s,72.0,72.0,0.0,0.0,0.0,0.0,0.0,PASS_<20%,0.00,0.0,NO,STANDBY_VEL_LOW,2,2645.57,1944.43,85.34,FALSE,M1_DIRECTION_MISMATCH
2026-09-07 17:57:47.348,1788803867.349,2386,10,61,4408.40,4408.48,8.0,PASS_<=10c,+12.0,UP,+84.0,-214.0,2.1,+6.45,3.07,SLOW,4410.54,4410.89,4408.98,4409.38,0.00,0.00,0.0,BEARISH,191.0,4407.56,4408.40,4407.56,4408.40,47,CLEARED_>=20s,84.0,84.0,0.0,0.0,0.0,0.0,0.0,PASS_<20%,0.00,0.0,NO,STANDBY_VEL_LOW,2,2645.57,1944.43,85.34,FALSE,M1_DIRECTION_MISMATCH
2026-09-07 17:57:47.849,1788803867.850,2387,11,62,4408.41,4408.49,8.0,PASS_<=10c,+1.0,UP,+85.0,-213.0,2.5,+5.50,2.20,SLOW,4410.54,4410.89,4408.98,4409.38,0.00,0.00,0.0,BEARISH,191.0,4407.56,4408.42,4407.56,4408.41,47,CLEARED_>=20s,86.0,85.0,1.0,0.0,1.2,0.0,0.0,PASS_<20%,0.00,0.0,NO,STANDBY_VEL_LOW,2,2645.57,1944.43,85.34,FALSE,M1_DIRECTION_MISMATCH
2026-09-07 17:57:48.351,1788803868.351,2388,12,63,4408.41,4408.49,8.0,PASS_<=10c,+0.0,FLAT,+85.0,-213.0,2.8,+4.54,1.62,SLOW,4410.54,4410.89,4408.98,4409.38,0.00,0.00,0.0,BEARISH,191.0,4407.56,4408.42,4407.56,4408.41,48,CLEARED_>=20s,86.0,85.0,1.0,0.0,1.2,0.0,0.0,PASS_<20%,0.00,0.0,NO,STANDBY_VEL_LOW,2,2645.57,1944.43,85.34,FALSE,M1_DIRECTION_MISMATCH
2026-09-07 17:57:48.852,1788803868.852,2389,13,64,4408.41,4408.49,8.0,PASS_<=10c,+0.0,FLAT,+85.0,-213.0,3.0,+3.86,1.29,SLOW,4410.54,4410.89,4408.98,4409.38,0.00,0.00,0.0,BEARISH,191.0,4407.56,4408.42,4407.56,4408.41,48,CLEARED_>=20s,86.0,85.0,1.0,0.0,1.2,0.0,0.0,PASS_<20%,0.00,0.0,NO,STANDBY_VEL_LOW,2,2645.57,1944.43,85.34,FALSE,M1_DIRECTION_MISMATCH
2026-09-07 17:57:49.353,1788803869.354,2390,14,65,4408.41,4408.49,8.0,PASS_<=10c,+0.0,FLAT,+85.0,-213.0,3.1,+3.36,1.08,SLOW,4410.54,4410.89,4408.98,4409.38,0.00,0.00,0.0,BEARISH,191.0,4407.56,4408.42,4407.56,4408.41,49,CLEARED_>=20s,86.0,85.0,1.0,0.0,1.2,0.0,0.0,PASS_<20%,0.00,0.0,NO,STANDBY_VEL_LOW,2,2645.57,1944.43,85.34,FALSE,M1_DIRECTION_MISMATCH
2026-09-07 17:57:49.854,1788803869.855,2391,15,66,4408.41,4408.49,8.0,PASS_<=10c,+0.0,FLAT,+85.0,-213.0,3.2,+2.98,0.93,SLOW,4410.54,4410.89,4408.98,4409.38,0.00,0.00,0.0,BEARISH,191.0,4407.56,4408.42,4407.56,4408.41,49,CLEARED_>=20s,86.0,85.0,1.0,0.0,1.2,0.0,0.0,PASS_<20%,0.00,0.0,NO,STANDBY_VEL_LOW,2,2645.57,1944.43,85.34,FALSE,M1_DIRECTION_MISMATCH
2026-09-07 17:57:50.355,1788803870.356,2392,16,67,4408.41,4408.49,8.0,PASS_<=10c,+0.0,FLAT,+85.0,-213.0,3.3,+2.67,0.81,SLOW,4410.54,4410.89,4408.98,4409.38,0.00,0.00,0.0,BEARISH,191.0,4407.56,4408.42,4407.56,4408.41,50,CLEARED_>=20s,86.0,85.0,1.0,0.0,1.2,0.0,0.0,PASS_<20%,0.00,0.0,NO,STANDBY_VEL_LOW,2,2645.57,1944.43,85.34,FALSE,M1_DIRECTION_MISMATCH
2026-09-07 17:57:50.857,1788803870.858,2393,17,68,4408.41,4408.49,8.0,PASS_<=10c,+0.0,FLAT,+85.0,-213.0,4.4,+3.36,0.76,SLOW,4410.54,4410.89,4408.98,4409.38,0.00,0.00,0.0,BEARISH,191.0,4407.56,4408.42,4407.56,4408.41,50,CLEARED_>=20s,86.0,85.0,1.0,0.0,1.2,0.0,0.0,PASS_<20%,0.00,0.0,NO,STANDBY_VEL_LOW,2,2645.57,1944.43,85.34,FALSE,M1_DIRECTION_MISMATCH
2026-09-07 17:57:51.359,1788803871.360,2394,18,69,4408.43,4408.51,8.0,PASS_<=10c,+2.0,UP,+87.0,-211.0,4.4,+3.44,0.78,SLOW,4410.54,4410.89,4408.98,4409.38,0.00,0.00,0.0,BEARISH,191.0,4407.56,4408.43,4407.56,4408.43,51,CLEARED_>=20s,87.0,87.0,0.0,0.0,0.0,0.0,0.0,PASS_<20%,0.00,0.0,NO,STANDBY_VEL_LOW,2,2645.57,1944.43,85.34,FALSE,M1_DIRECTION_MISMATCH
2026-09-07 17:57:51.861,1788803871.861,2395,19,70,4408.43,4408.51,8.0,PASS_<=10c,+0.0,FLAT,+87.0,-211.0,4.3,+3.08,0.72,SLOW,4410.54,4410.89,4408.98,4409.38,0.00,0.00,0.0,BEARISH,191.0,4407.56,4408.43,4407.56,4408.43,51,CLEARED_>=20s,87.0,87.0,0.0,0.0,0.0,0.0,0.0,PASS_<20%,0.00,0.0,NO,STANDBY_VEL_LOW,2,2645.57,1944.43,85.34,FALSE,M1_DIRECTION_MISMATCH
2026-09-07 17:57:52.366,1788803872.366,2396,20,71,4408.43,4408.51,8.0,PASS_<=10c,+0.0,FLAT,+87.0,-211.0,4.2,+1.56,0.37,SLOW,4410.54,4410.89,4408.98,4409.38,0.00,0.00,0.0,BEARISH,191.0,4407.56,4408.43,4407.56,4408.43,52,CLEARED_>=20s,87.0,87.0,0.0,0.0,0.0,0.0,0.0,PASS_<20%,0.00,0.0,NO,STANDBY_VEL_LOW,2,2645.57,1944.43,85.34,FALSE,M1_DIRECTION_MISMATCH
2026-09-07 17:57:52.864,1788803872.865,2397,21,72,4408.43,4408.51,8.0,PASS_<=10c,+0.0,FLAT,+87.0,-211.0,4.2,+1.55,0.37,SLOW,4410.54,4410.89,4408.98,4409.38,0.00,0.00,0.0,BEARISH,191.0,4407.56,4408.43,4407.56,4408.43,52,CLEARED_>=20s,87.0,87.0,0.0,0.0,0.0,0.0,0.0,PASS_<20%,0.00,0.0,NO,STANDBY_VEL_LOW,2,2645.57,1944.43,85.34,FALSE,M1_DIRECTION_MISMATCH
2026-09-07 17:57:53.367,1788803873.368,2398,22,73,4408.43,4408.51,8.0,PASS_<=10c,+0.0,FLAT,+87.0,-211.0,4.2,+1.53,0.36,SLOW,4410.54,4410.89,4408.98,4409.38,0.00,0.00,0.0,BEARISH,191.0,4407.56,4408.43,4407.56,4408.43,53,CLEARED_>=20s,87.0,87.0,0.0,0.0,0.0,0.0,0.0,PASS_<20%,0.00,0.0,NO,STANDBY_VEL_LOW,2,2645.57,1944.43,85.34,FALSE,M1_DIRECTION_MISMATCH
2026-09-07 17:57:53.870,1788803873.870,2399,23,74,4408.43,4408.51,8.0,PASS_<=10c,+0.0,FLAT,+87.0,-211.0,4.2,+1.52,0.36,SLOW,4410.54,4410.89,4408.98,4409.38,0.00,0.00,0.0,BEARISH,191.0,4407.56,4408.43,4407.56,4408.43,53,CLEARED_>=20s,87.0,87.0,0.0,0.0,0.0,0.0,0.0,PASS_<20%,0.00,0.0,NO,STANDBY_VEL_LOW,2,2645.57,1944.43,85.34,FALSE,M1_DIRECTION_MISMATCH
2026-09-07 17:57:54.373,1788803874.374,2400,24,75,4408.43,4408.51,8.0,PASS_<=10c,+0.0,FLAT,+87.0,-211.0,4.2,+1.51,0.36,SLOW,4410.54,4410.89,4408.98,4409.38,0.00,0.00,0.0,BEARISH,191.0,4407.56,4408.43,4407.56,4408.43,54,CLEARED_>=20s,87.0,87.0,0.0,0.0,0.0,0.0,0.0,PASS_<20%,0.00,0.0,NO,STANDBY_VEL_LOW,2,2645.57,1944.43,85.34,FALSE,M1_DIRECTION_MISMATCH
2026-09-07 17:57:54.872,1788803874.873,2401,25,76,4408.43,4408.51,8.0,PASS_<=10c,+0.0,FLAT,+87.0,-211.0,4.2,+1.49,0.35,SLOW,4410.54,4410.89,4408.98,4409.38,0.00,0.00,0.0,BEARISH,191.0,4407.56,4408.43,4407.56,4408.43,54,CLEARED_>=20s,87.0,87.0,0.0,0.0,0.0,0.0,0.0,PASS_<20%,0.00,0.0,NO,STANDBY_VEL_LOW,2,2645.57,1944.43,85.34,FALSE,M1_DIRECTION_MISMATCH
2026-09-07 17:58:05.249,1788803885.250,2402,1,77,4408.43,4408.51,8.0,PASS_<=10c,+0.0,FLAT,+0.0,-211.0,1.0,+1.61,1.61,SLOW,4410.54,4410.89,4408.98,4409.38,0.00,0.00,0.0,BEARISH,191.0,4408.43,4408.43,4408.43,4408.43,5,ACTIVE_5s,1.0,0.0,0.0,0.0,0.0,0.0,0.0,PASS_<20%,0.00,0.0,NO,STANDBY_VEL_LOW,2,2645.57,1944.43,85.34,FALSE,M1_DIRECTION_MISMATCH|OPENING_SHIELD_ACTIVE_5s
2026-09-07 17:58:12.471,1788803892.471,2403,2,78,4408.43,4408.51,8.0,PASS_<=10c,+0.0,FLAT,+0.0,-211.0,1.0,+1.55,1.55,SLOW,4410.54,4410.89,4408.98,4409.38,0.00,0.00,0.0,BEARISH,191.0,4408.43,4408.43,4408.43,4408.43,12,ACTIVE_12s,1.0,0.0,0.0,0.0,0.0,0.0,0.0,PASS_<20%,0.00,0.0,NO,STANDBY_VEL_LOW,2,2645.57,1944.43,85.34,FALSE,M1_DIRECTION_MISMATCH|OPENING_SHIELD_ACTIVE_12s
2026-09-07 17:58:12.826,1788803892.826,2404,3,79,4408.45,4408.53,8.0,PASS_<=10c,+2.0,UP,+2.0,-209.0,1.6,+1.58,0.99,SLOW,4410.54,4410.89,4408.98,4409.38,0.00,0.00,0.0,BEARISH,191.0,4408.43,4408.47,4408.43,4408.45,12,ACTIVE_12s,4.0,2.0,2.0,0.0,50.0,0.0,0.0,PASS_<20%,0.00,0.0,NO,STANDBY_VEL_LOW,2,2645.57,1944.43,85.34,FALSE,M1_DIRECTION_MISMATCH|OPENING_SHIELD_ACTIVE_12s
2026-09-07 17:58:13.328,1788803893.328,2405,4,80,4408.17,4408.25,8.0,PASS_<=10c,-28.0,DOWN,-26.0,-237.0,2.0,+8.78,4.39,SLOW,4410.54,4410.89,4408.98,4409.38,0.00,0.00,0.0,BEARISH,191.0,4408.43,4408.47,4408.17,4408.17,13,ACTIVE_13s,30.0,26.0,4.0,0.0,13.3,0.0,0.0,PASS_<20%,4408.28,11.0,NO,STANDBY_VEL_LOW,2,2645.57,1944.43,85.34,FALSE,OPENING_SHIELD_ACTIVE_13s
2026-09-07 17:58:16.636,1788803896.637,2406,5,81,4407.95,4408.03,8.0,PASS_<=10c,-22.0,DOWN,-48.0,-259.0,1.7,+11.52,6.78,SLOW,4410.54,4410.89,4408.98,4409.38,0.00,0.00,0.0,BEARISH,191.0,4408.43,4408.47,4407.93,4407.95,16,ACTIVE_16s,54.0,48.0,4.0,2.0,7.4,3.7,3.7,PASS_<20%,4408.28,33.0,NO,STANDBY_VEL_LOW,2,2645.57,1944.43,85.34,FALSE,OPENING_SHIELD_ACTIVE_16s
2026-09-07 17:58:19.919,1788803899.920,2407,6,82,4407.95,4408.03,8.0,PASS_<=10c,+0.0,FLAT,-48.0,-259.0,1.1,+0.67,0.61,SLOW,4410.54,4410.89,4408.98,4409.38,0.00,0.00,0.0,BEARISH,191.0,4408.43,4408.47,4407.93,4407.95,19,ACTIVE_19s,54.0,48.0,4.0,2.0,7.4,3.7,3.7,PASS_<20%,4408.28,33.0,NO,STANDBY_VEL_LOW,2,2645.57,1944.43,85.34,FALSE,OPENING_SHIELD_ACTIVE_19s
2026-09-07 17:58:33.101,1788803913.102,2408,7,83,4407.95,4408.03,8.0,PASS_<=10c,+0.0,FLAT,-48.0,-259.0,1.0,+0.00,0.00,SLOW,4410.54,4410.89,4408.98,4409.38,0.00,0.00,0.0,BEARISH,191.0,4408.43,4408.47,4407.93,4407.95,33,CLEARED_>=20s,54.0,48.0,4.0,2.0,7.4,3.7,3.7,PASS_<20%,4408.28,33.0,YES,STANDBY_VEL_LOW,2,2645.57,1944.43,85.34,TRUE,READY_TO_FIRE
2026-09-07 17:58:37.612,1788803917.613,2409,8,84,4407.88,4407.96,8.0,PASS_<=10c,-7.0,DOWN,-55.0,-266.0,0.9,+1.55,1.72,SLOW,4410.54,4410.89,4408.98,4409.38,0.00,0.00,0.0,BEARISH,191.0,4408.43,4408.47,4407.88,4407.88,37,CLEARED_>=20s,59.0,55.0,4.0,0.0,6.8,0.0,0.0,PASS_<20%,4408.28,40.0,YES,STANDBY_VEL_LOW,2,2645.57,1944.43,85.34,TRUE,READY_TO_FIRE
2026-09-07 17:58:41.032,1788803921.033,2410,9,85,4407.85,4407.93,8.0,PASS_<=10c,-3.0,DOWN,-58.0,-269.0,1.1,+2.84,2.58,SLOW,4410.54,4410.89,4408.98,4409.38,0.00,0.00,0.0,BEARISH,191.0,4408.43,4408.47,4407.85,4407.85,41,CLEARED_>=20s,62.0,58.0,4.0,0.0,6.5,0.0,0.0,PASS_<20%,4408.28,43.0,YES,STANDBY_VEL_LOW,2,2645.57,1944.43,85.34,TRUE,READY_TO_FIRE
2026-09-07 17:58:44.388,1788803924.388,2411,10,86,4407.85,4407.93,8.0,PASS_<=10c,+0.0,FLAT,-58.0,-269.0,1.1,+0.00,0.00,SLOW,4410.54,4410.89,4408.98,4409.38,0.00,0.00,0.0,BEARISH,191.0,4408.43,4408.47,4407.85,4407.85,44,CLEARED_>=20s,62.0,58.0,4.0,0.0,6.5,0.0,0.0,PASS_<20%,4408.28,43.0,YES,STANDBY_VEL_LOW,2,2645.57,1944.43,85.34,TRUE,READY_TO_FIRE
2026-09-07 17:58:57.578,1788803937.579,2412,11,87,4407.85,4407.93,8.0,PASS_<=10c,+0.0,FLAT,-58.0,-269.0,1.0,+0.00,0.00,SLOW,4410.54,4410.89,4408.98,4409.38,0.00,0.00,0.0,BEARISH,191.0,4408.43,4408.47,4407.85,4407.85,57,CLEARED_>=20s,62.0,58.0,4.0,0.0,6.5,0.0,0.0,PASS_<20%,4408.28,43.0,YES,STANDBY_VEL_LOW,2,2645.57,1944.43,85.34,TRUE,READY_TO_FIRE
2026-09-07 17:59:03.949,1788803943.950,2413,1,88,4407.85,4407.93,8.0,PASS_<=10c,+0.0,FLAT,+0.0,-269.0,2.0,+0.00,0.00,SLOW,4410.54,4410.89,4408.98,4409.38,0.00,0.00,0.0,BEARISH,191.0,4407.85,4407.85,4407.85,4407.85,3,ACTIVE_3s,1.0,0.0,0.0,0.0,0.0,0.0,0.0,PASS_<20%,0.00,0.0,NO,STANDBY_VEL_LOW,2,2645.57,1944.43,85.34,FALSE,M1_DIRECTION_MISMATCH|OPENING_SHIELD_ACTIVE_3s
2026-09-07 17:59:07.207,1788803947.208,2414,2,89,4407.68,4407.76,8.0,PASS_<=10c,-17.0,DOWN,-17.0,-286.0,1.2,+5.06,4.22,SLOW,4410.54,4410.89,4408.98,4409.38,0.00,0.00,0.0,BEARISH,191.0,4407.85,4407.85,4407.68,4407.68,7,ACTIVE_7s,17.0,17.0,0.0,0.0,0.0,0.0,0.0,PASS_<20%,4407.70,2.0,NO,STANDBY_VEL_LOW,2,2645.57,1944.43,85.34,FALSE,OPENING_SHIELD_ACTIVE_7s
2026-09-07 17:59:10.572,1788803950.572,2415,3,90,4407.65,4407.73,8.0,PASS_<=10c,-3.0,DOWN,-20.0,-289.0,1.1,+1.38,1.25,SLOW,4410.54,4410.89,4408.98,4409.38,0.00,0.00,0.0,BEARISH,191.0,4407.85,4407.85,4407.65,4407.65,10,ACTIVE_10s,20.0,20.0,0.0,0.0,0.0,0.0,0.0,PASS_<20%,4407.70,5.0,NO,STANDBY_VEL_LOW,2,2645.57,1944.43,85.34,FALSE,OPENING_SHIELD_ACTIVE_10s
2026-09-07 17:59:23.753,1788803963.754,2416,4,91,4407.65,4407.73,8.0,PASS_<=10c,+0.0,FLAT,-20.0,-289.0,1.0,+0.00,0.00,SLOW,4410.54,4410.89,4408.98,4409.38,0.00,0.00,0.0,BEARISH,191.0,4407.85,4407.85,4407.65,4407.65,23,CLEARED_>=20s,20.0,20.0,0.0,0.0,0.0,0.0,0.0,PASS_<20%,4407.70,5.0,NO,STANDBY_VEL_LOW,2,2645.57,1944.43,85.34,FALSE,VELOCITY_LOW_18.0
2026-09-07 17:59:30.498,1788803970.498,2417,5,92,4407.46,4407.54,8.0,PASS_<=10c,-19.0,DOWN,-39.0,-308.0,2.0,+19.00,9.50,SLOW,4410.54,4410.89,4408.98,4409.38,0.00,0.00,0.0,BEARISH,191.0,4407.85,4407.85,4407.46,4407.46,30,CLEARED_>=20s,39.0,39.0,0.0,0.0,0.0,0.0,0.0,PASS_<20%,4407.70,24.0,NO,STANDBY_VEL_LOW,2,2645.57,1944.43,85.34,FALSE,VELOCITY_LOW_19.0
2026-09-07 17:59:33.748,1788803973.749,2418,6,93,4407.33,4407.41,8.0,PASS_<=10c,-13.0,DOWN,-52.0,-321.0,1.2,+9.55,7.96,SLOW,4410.54,4410.89,4408.98,4409.38,0.00,0.00,0.0,BEARISH,191.0,4407.85,4407.85,4407.33,4407.33,33,CLEARED_>=20s,52.0,52.0,0.0,0.0,0.0,0.0,0.0,PASS_<20%,4407.70,37.0,YES,STANDBY_VEL_LOW,2,2645.57,1944.43,85.34,TRUE,READY_TO_FIRE
2026-09-07 17:59:37.068,1788803977.068,2419,7,94,4407.29,4407.37,8.0,PASS_<=10c,-4.0,DOWN,-56.0,-325.0,1.1,+1.12,1.02,SLOW,4410.54,4410.89,4408.98,4409.38,0.00,0.00,0.0,BEARISH,191.0,4407.85,4407.85,4407.29,4407.29,37,CLEARED_>=20s,56.0,56.0,0.0,0.0,0.0,0.0,0.0,PASS_<20%,4407.70,41.0,YES,STANDBY_VEL_LOW,2,2645.57,1944.43,85.34,TRUE,READY_TO_FIRE
2026-09-07 17:59:50.160,1788803990.160,2420,8,95,4407.29,4407.37,8.0,PASS_<=10c,+0.0,FLAT,-56.0,-325.0,1.0,+0.00,0.00,SLOW,4410.54,4410.89,4408.98,4409.38,0.00,0.00,0.0,BEARISH,191.0,4407.85,4407.85,4407.29,4407.29,50,CLEARED_>=20s,56.0,56.0,0.0,0.0,0.0,0.0,0.0,PASS_<20%,4407.70,41.0,NO,STANDBY_VEL_LOW,2,2645.57,1944.43,85.34,FALSE,VELOCITY_LOW_18.0
2026-09-07 17:59:55.903,1788803995.903,2421,9,96,4407.25,4407.33,8.0,PASS_<=10c,-4.0,DOWN,-60.0,-329.0,2.0,+4.00,2.00,SLOW,4410.54,4410.89,4408.98,4409.38,0.00,0.00,0.0,BEARISH,191.0,4407.85,4407.85,4407.25,4407.25,55,CLEARED_>=20s,60.0,60.0,0.0,0.0,0.0,0.0,0.0,PASS_<20%,4407.70,45.0,NO,STANDBY_VEL_LOW,2,2645.57,1944.43,85.34,FALSE,VELOCITY_LOW_19.0
2026-09-07 17:59:59.186,1788803999.186,2422,10,97,4407.14,4407.22,8.0,PASS_<=10c,-11.0,DOWN,-71.0,-340.0,1.2,+4.43,3.69,SLOW,4410.54,4410.89,4408.98,4409.38,0.00,0.00,0.0,BEARISH,191.0,4407.85,4407.85,4407.14,4407.14,59,CLEARED_>=20s,71.0,71.0,0.0,0.0,0.0,0.0,0.0,PASS_<20%,4407.70,56.0,YES,STANDBY_VEL_LOW,2,2645.57,1944.43,85.34,TRUE,READY_TO_FIRE
2026-09-07 18:00:02.519,1788804002.520,2423,1,1,4407.15,4407.23,8.0,PASS_<=10c,+1.0,UP,-6.0,-223.0,1.1,+0.00,0.00,SLOW,4409.38,4409.38,4407.14,4407.14,0.00,0.00,0.0,BEARISH,224.0,4407.21,4407.21,4407.15,4407.15,2,ACTIVE_2s,6.0,6.0,0.0,0.0,0.0,0.0,0.0,PASS_<20%,4407.06,9.0,NO,STANDBY_VEL_LOW,2,2645.57,1944.43,85.34,FALSE,OPENING_SHIELD_ACTIVE_2s|PRICE_ABOVE_15C_DISPLACEMENT
2026-09-07 18:00:05.809,1788804005.810,2424,2,2,4407.17,4407.25,8.0,PASS_<=10c,+2.0,UP,-4.0,-221.0,1.1,+1.13,1.03,SLOW,4409.38,4409.38,4407.17,4407.18,0.00,0.00,0.0,BEARISH,221.0,4407.21,4407.21,4407.15,4407.17,5,ACTIVE_5s,6.0,4.0,0.0,2.0,0.0,33.3,33.3,BLOCKED_33.3%,4407.06,11.0,NO,STANDBY_VEL_LOW,2,2645.57,1944.43,85.34,FALSE,OPP_WICK_TOO_HIGH_0.33|OPENING_SHIELD_ACTIVE_5s|PRICE_ABOVE_15C_DISPLACEMENT
2026-09-07 18:00:18.999,1788804018.999,2425,3,3,4407.17,4407.25,8.0,PASS_<=10c,+0.0,FLAT,-4.0,-221.0,1.0,+0.00,0.00,SLOW,4409.38,4409.38,4407.17,4407.18,0.00,0.00,0.0,BEARISH,221.0,4407.21,4407.21,4407.15,4407.17,18,ACTIVE_18s,6.0,4.0,0.0,2.0,0.0,33.3,33.3,BLOCKED_33.3%,4407.06,11.0,NO,STANDBY_VEL_LOW,2,2645.57,1944.43,85.34,FALSE,OPP_WICK_TOO_HIGH_0.33|OPENING_SHIELD_ACTIVE_18s|VELOCITY_LOW_19.0|PRICE_ABOVE_15C_DISPLACEMENT
2026-09-07 18:00:22.656,1788804022.656,2426,4,4,4406.90,4406.98,8.0,PASS_<=10c,-27.0,DOWN,-31.0,-248.0,0.8,+7.38,9.22,SLOW,4409.38,4409.38,4407.17,4407.18,0.00,0.00,0.0,BEARISH,221.0,4407.21,4407.21,4406.90,4406.90,22,CLEARED_>=20s,31.0,31.0,0.0,0.0,0.0,0.0,0.0,PASS_<20%,4407.06,16.0,YES,STANDBY_VEL_LOW,2,2645.57,1944.43,85.34,TRUE,READY_TO_FIRE
2026-09-07 18:00:30.424,1788804030.425,2427,5,5,4406.89,4406.97,8.0,PASS_<=10c,-1.0,DOWN,-32.0,-249.0,2.0,+0.00,0.00,SLOW,4409.38,4409.38,4407.17,4407.18,0.00,0.00,0.0,BEARISH,221.0,4407.21,4407.21,4406.89,4406.89,30,CLEARED_>=20s,32.0,32.0,0.0,0.0,0.0,0.0,0.0,PASS_<20%,4407.06,17.0,YES,STANDBY_VEL_LOW,3,3967.64,622.36,85.34,TRUE,READY_TO_FIRE
2026-09-07 18:00:45.102,1788804045.102,2428,6,6,4406.89,4406.97,8.0,PASS_<=10c,+0.0,FLAT,-32.0,-249.0,1.0,+0.00,0.00,SLOW,4409.38,4409.38,4407.17,4407.18,0.00,0.00,0.0,BEARISH,221.0,4407.21,4407.21,4406.89,4406.89,45,CLEARED_>=20s,32.0,32.0,0.0,0.0,0.0,0.0,0.0,PASS_<20%,4407.06,17.0,NO,STANDBY_VEL_LOW,3,3967.64,622.36,85.34,FALSE,VELOCITY_LOW_17.0
2026-09-07 18:00:49.883,1788804049.884,2429,7,7,4407.28,4407.36,8.0,PASS_<=10c,+39.0,UP,+7.0,-210.0,0.6,+8.16,13.60,SLOW,4409.38,4409.38,4407.17,4407.18,0.00,0.00,0.0,BEARISH,221.0,4407.21,4407.28,4406.89,4407.28,49,CLEARED_>=20s,39.0,7.0,0.0,32.0,0.0,82.1,82.1,BLOCKED_82.1%,0.00,0.0,NO,STANDBY_VEL_LOW,3,3967.64,622.36,85.34,FALSE,M1_DIRECTION_MISMATCH|VELOCITY_LOW_19.0
2026-09-07 18:00:54.618,1788804054.618,2430,8,8,4407.30,4407.38,8.0,PASS_<=10c,+2.0,UP,+9.0,-208.0,0.8,+0.40,0.50,SLOW,4409.38,4409.38,4407.17,4407.18,0.00,0.00,0.0,BEARISH,221.0,4407.21,4407.30,4406.89,4407.30,54,CLEARED_>=20s,41.0,9.0,0.0,32.0,0.0,78.0,78.0,BLOCKED_78.0%,0.00,0.0,NO,STANDBY_VEL_LOW,3,3967.64,622.36,85.34,FALSE,M1_DIRECTION_MISMATCH
2026-09-07 18:01:09.237,1788804069.238,2431,1,9,4407.30,4407.38,8.0,PASS_<=10c,+0.0,FLAT,+0.0,-208.0,1.0,+0.23,0.23,SLOW,4409.38,4409.38,4407.17,4407.18,0.00,0.00,0.0,BEARISH,221.0,4407.30,4407.30,4407.30,4407.30,9,ACTIVE_9s,1.0,0.0,0.0,0.0,0.0,0.0,0.0,PASS_<20%,0.00,0.0,NO,STANDBY_VEL_LOW,3,3967.64,622.36,85.34,FALSE,M1_DIRECTION_MISMATCH|OPENING_SHIELD_ACTIVE_9s|VELOCITY_LOW_14.0
2026-09-07 18:01:14.204,1788804074.205,2432,2,10,4406.11,4406.19,8.0,PASS_<=10c,-119.0,DOWN,-119.0,-327.0,0.6,+23.96,39.93,SLOW,4409.38,4409.38,4407.17,4407.18,0.00,0.00,0.0,BEARISH,221.0,4407.30,4407.30,4406.11,4406.11,14,ACTIVE_14s,119.0,119.0,0.0,0.0,0.0,0.0,0.0,PASS_<20%,4407.15,104.0,NO,STANDBY_VEL_LOW,3,3967.64,622.36,85.34,FALSE,OPENING_SHIELD_ACTIVE_14s|VELOCITY_LOW_15.0
2026-09-07 18:01:18.961,1788804078.961,2433,3,11,4406.12,4406.20,8.0,PASS_<=10c,+1.0,UP,-118.0,-326.0,0.6,+0.21,0.35,SLOW,4409.38,4409.38,4407.17,4407.18,0.00,0.00,0.0,BEARISH,221.0,4407.30,4407.30,4406.11,4406.12,18,ACTIVE_18s,119.0,118.0,0.0,1.0,0.0,0.8,0.8,PASS_<20%,4407.15,103.0,NO,STANDBY_VEL_LOW,0,0.00,4590.00,114.68,FALSE,OPENING_SHIELD_ACTIVE_18s|VELOCITY_LOW_17.0
2026-09-07 18:01:19.462,1788804079.463,2434,4,12,4406.12,4406.20,8.0,PASS_<=10c,+0.0,FLAT,-118.0,-326.0,4.0,+0.00,0.00,SLOW,4409.38,4409.38,4407.17,4407.18,0.00,0.00,0.0,BEARISH,221.0,4407.30,4407.30,4406.11,4406.12,19,ACTIVE_19s,119.0,118.0,0.0,1.0,0.0,0.8,0.8,PASS_<20%,4407.15,103.0,NO,STANDBY_VEL_LOW,0,0.00,4590.00,114.68,FALSE,OPENING_SHIELD_ACTIVE_19s|VELOCITY_LOW_18.0
2026-09-07 18:01:19.965,1788804079.965,2435,5,13,4406.12,4406.20,8.0,PASS_<=10c,+0.0,FLAT,-118.0,-326.0,4.8,+0.00,0.00,SLOW,4409.38,4409.38,4407.17,4407.18,0.00,0.00,0.0,BEARISH,221.0,4407.30,4407.30,4406.11,4406.12,19,ACTIVE_19s,119.0,118.0,0.0,1.0,0.0,0.8,0.8,PASS_<20%,4407.15,103.0,NO,STANDBY_VEL_LOW,0,0.00,4590.00,114.68,FALSE,OPENING_SHIELD_ACTIVE_19s
2026-09-07 18:01:25.479,1788804085.479,2436,6,14,4406.12,4406.20,8.0,PASS_<=10c,+0.0,FLAT,-118.0,-326.0,1.0,+0.00,0.00,SLOW,4409.38,4409.38,4407.17,4407.18,0.00,0.00,0.0,BEARISH,221.0,4407.30,4407.30,4406.11,4406.12,25,CLEARED_>=20s,119.0,118.0,0.0,1.0,0.0,0.8,0.8,PASS_<20%,4407.15,103.0,YES,STANDBY_VEL_LOW,0,0.00,4590.00,114.68,TRUE,READY_TO_FIRE
2026-09-07 18:01:36.708,1788804096.708,2437,7,15,4406.15,4406.23,8.0,PASS_<=10c,+3.0,UP,-115.0,-323.0,2.0,+0.00,0.00,SLOW,4409.38,4409.38,4407.17,4407.18,0.00,0.00,0.0,BEARISH,221.0,4407.30,4407.30,4406.11,4406.15,36,CLEARED_>=20s,119.0,115.0,0.0,4.0,0.0,3.4,3.4,PASS_<20%,4407.15,100.0,YES,STANDBY_VEL_LOW,2,2643.70,1946.30,114.68,TRUE,READY_TO_FIRE
2026-09-07 18:01:37.208,1788804097.209,2438,8,16,4406.15,4406.23,8.0,PASS_<=10c,+0.0,FLAT,-115.0,-323.0,4.0,+0.00,0.00,SLOW,4409.38,4409.38,4407.17,4407.18,0.00,0.00,0.0,BEARISH,221.0,4407.30,4407.30,4406.11,4406.15,37,CLEARED_>=20s,119.0,115.0,0.0,4.0,0.0,3.4,3.4,PASS_<20%,4407.15,100.0,YES,STANDBY_VEL_LOW,1,1321.84,3268.16,114.11,TRUE,READY_TO_FIRE
2026-09-07 18:01:37.712,1788804097.712,2439,9,17,4406.15,4406.23,8.0,PASS_<=10c,+0.0,FLAT,-115.0,-323.0,5.4,+0.00,0.00,SLOW,4409.38,4409.38,4407.17,4407.18,0.00,0.00,0.0,BEARISH,221.0,4407.30,4407.30,4406.11,4406.15,37,CLEARED_>=20s,119.0,115.0,0.0,4.0,0.0,3.4,3.4,PASS_<20%,4407.15,100.0,YES,STANDBY_VEL_LOW,1,1321.84,3268.16,114.11,TRUE,READY_TO_FIRE
2026-09-07 18:01:38.212,1788804098.213,2440,10,18,4406.15,4406.23,8.0,PASS_<=10c,+0.0,FLAT,-115.0,-323.0,5.0,+0.00,0.00,SLOW,4409.38,4409.38,4407.17,4407.18,0.00,0.00,0.0,BEARISH,221.0,4407.30,4407.30,4406.11,4406.15,38,CLEARED_>=20s,119.0,115.0,0.0,4.0,0.0,3.4,3.4,PASS_<20%,4407.15,100.0,YES,STANDBY_VEL_LOW,1,1321.84,3268.16,114.11,TRUE,READY_TO_FIRE
2026-09-07 18:01:38.714,1788804098.714,2441,11,19,4406.15,4406.23,8.0,PASS_<=10c,+0.0,FLAT,-115.0,-323.0,4.7,+0.00,0.00,SLOW,4409.38,4409.38,4407.17,4407.18,0.00,0.00,0.0,BEARISH,221.0,4407.30,4407.30,4406.11,4406.15,38,CLEARED_>=20s,119.0,115.0,0.0,4.0,0.0,3.4,3.4,PASS_<20%,4407.15,100.0,YES,STANDBY_VEL_LOW,1,1321.84,3268.16,114.11,TRUE,READY_TO_FIRE
2026-09-07 18:01:39.216,1788804099.217,2442,12,20,4406.18,4406.26,8.0,PASS_<=10c,+3.0,UP,-112.0,-320.0,4.6,+1.15,0.25,SLOW,4409.38,4409.38,4407.17,4407.18,0.00,0.00,0.0,BEARISH,221.0,4407.30,4407.30,4406.11,4406.18,39,CLEARED_>=20s,119.0,112.0,0.0,7.0,0.0,5.9,5.9,PASS_<20%,4407.15,97.0,YES,STANDBY_VEL_LOW,1,1321.84,3268.16,114.11,TRUE,READY_TO_FIRE
2026-09-07 18:01:39.717,1788804099.718,2443,13,21,4406.18,4406.26,8.0,PASS_<=10c,+0.0,FLAT,-112.0,-320.0,4.5,+0.96,0.21,SLOW,4409.38,4409.38,4407.17,4407.18,0.00,0.00,0.0,BEARISH,221.0,4407.30,4407.30,4406.11,4406.18,39,CLEARED_>=20s,119.0,112.0,0.0,7.0,0.0,5.9,5.9,PASS_<20%,4407.15,97.0,YES,STANDBY_VEL_LOW,1,1321.84,3268.16,114.11,TRUE,READY_TO_FIRE
2026-09-07 18:01:40.218,1788804100.219,2444,14,22,4406.22,4406.30,8.0,PASS_<=10c,+4.0,UP,-108.0,-316.0,4.4,+1.94,0.44,SLOW,4409.38,4409.38,4407.17,4407.18,0.00,0.00,0.0,BEARISH,221.0,4407.30,4407.30,4406.11,4406.22,40,CLEARED_>=20s,119.0,108.0,0.0,11.0,0.0,9.2,9.2,PASS_<20%,4407.15,93.0,YES,STANDBY_VEL_LOW,1,1321.84,3268.16,114.11,TRUE,READY_TO_FIRE
2026-09-07 18:01:40.720,1788804100.721,2445,15,23,4406.22,4406.30,8.0,PASS_<=10c,+0.0,FLAT,-108.0,-316.0,4.4,+1.70,0.39,SLOW,4409.38,4409.38,4407.17,4407.18,0.00,0.00,0.0,BEARISH,221.0,4407.30,4407.30,4406.11,4406.22,40,CLEARED_>=20s,119.0,108.0,0.0,11.0,0.0,9.2,9.2,PASS_<20%,4407.15,93.0,YES,STANDBY_VEL_LOW,1,1321.84,3268.16,114.11,TRUE,READY_TO_FIRE
2026-09-07 18:01:41.223,1788804101.223,2446,16,24,4406.22,4406.30,8.0,PASS_<=10c,+0.0,FLAT,-108.0,-316.0,4.3,+1.52,0.35,SLOW,4409.38,4409.38,4407.17,4407.18,0.00,0.00,0.0,BEARISH,221.0,4407.30,4407.30,4406.11,4406.22,41,CLEARED_>=20s,119.0,108.0,0.0,11.0,0.0,9.2,9.2,PASS_<20%,4407.15,93.0,YES,STANDBY_VEL_LOW,1,1321.84,3268.16,114.11,TRUE,READY_TO_FIRE
2026-09-07 18:01:41.723,1788804101.724,2447,17,25,4406.22,4406.30,8.0,PASS_<=10c,+0.0,FLAT,-108.0,-316.0,4.2,+1.47,0.35,SLOW,4409.38,4409.38,4407.17,4407.18,0.00,0.00,0.0,BEARISH,221.0,4407.30,4407.30,4406.11,4406.22,41,CLEARED_>=20s,119.0,108.0,0.0,11.0,0.0,9.2,9.2,PASS_<20%,4407.15,93.0,YES,STANDBY_VEL_LOW,1,1321.84,3268.16,114.11,TRUE,READY_TO_FIRE
2026-09-07 18:01:42.226,1788804102.226,2448,18,26,4406.22,4406.30,8.0,PASS_<=10c,+0.0,FLAT,-108.0,-316.0,4.2,+1.47,0.35,SLOW,4409.38,4409.38,4407.17,4407.18,0.00,0.00,0.0,BEARISH,221.0,4407.30,4407.30,4406.11,4406.22,42,CLEARED_>=20s,119.0,108.0,0.0,11.0,0.0,9.2,9.2,PASS_<20%,4407.15,93.0,YES,STANDBY_VEL_LOW,1,1321.84,3268.16,114.11,TRUE,READY_TO_FIRE
2026-09-07 18:01:42.727,1788804102.727,2449,19,27,4406.22,4406.30,8.0,PASS_<=10c,+0.0,FLAT,-108.0,-316.0,4.2,+1.47,0.35,SLOW,4409.38,4409.38,4407.17,4407.18,0.00,0.00,0.0,BEARISH,221.0,4407.30,4407.30,4406.11,4406.22,42,CLEARED_>=20s,119.0,108.0,0.0,11.0,0.0,9.2,9.2,PASS_<20%,4407.15,93.0,YES,STANDBY_VEL_LOW,1,1321.84,3268.16,114.11,TRUE,READY_TO_FIRE
2026-09-07 18:01:43.229,1788804103.230,2450,20,28,4406.22,4406.30,8.0,PASS_<=10c,+0.0,FLAT,-108.0,-316.0,4.2,+1.47,0.35,SLOW,4409.38,4409.38,4407.17,4407.18,0.00,0.00,0.0,BEARISH,221.0,4407.30,4407.30,4406.11,4406.22,43,CLEARED_>=20s,119.0,108.0,0.0,11.0,0.0,9.2,9.2,PASS_<20%,4407.15,93.0,YES,STANDBY_VEL_LOW,1,1321.84,3268.16,114.11,TRUE,READY_TO_FIRE
2026-09-07 18:01:43.731,1788804103.732,2451,21,29,4406.22,4406.30,8.0,PASS_<=10c,+0.0,FLAT,-108.0,-316.0,4.2,+1.26,0.30,SLOW,4409.38,4409.38,4407.17,4407.18,0.00,0.00,0.0,BEARISH,221.0,4407.30,4407.30,4406.11,4406.22,43,CLEARED_>=20s,119.0,108.0,0.0,11.0,0.0,9.2,9.2,PASS_<20%,4407.15,93.0,YES,STANDBY_VEL_LOW,1,1321.84,3268.16,114.11,TRUE,READY_TO_FIRE
2026-09-07 18:01:44.233,1788804104.234,2452,22,30,4406.22,4406.30,8.0,PASS_<=10c,+0.0,FLAT,-108.0,-316.0,4.2,+0.84,0.20,SLOW,4409.38,4409.38,4407.17,4407.18,0.00,0.00,0.0,BEARISH,221.0,4407.30,4407.30,4406.11,4406.22,44,CLEARED_>=20s,119.0,108.0,0.0,11.0,0.0,9.2,9.2,PASS_<20%,4407.15,93.0,YES,STANDBY_VEL_LOW,1,1321.84,3268.16,114.11,TRUE,READY_TO_FIRE
2026-09-07 18:01:49.750,1788804109.750,2453,23,31,4406.22,4406.30,8.0,PASS_<=10c,+0.0,FLAT,-108.0,-316.0,1.0,+0.00,0.00,SLOW,4409.38,4409.38,4407.17,4407.18,0.00,0.00,0.0,BEARISH,221.0,4407.30,4407.30,4406.11,4406.22,49,CLEARED_>=20s,119.0,108.0,0.0,11.0,0.0,9.2,9.2,PASS_<20%,4407.15,93.0,YES,STANDBY_VEL_LOW,1,1321.84,3268.16,114.11,TRUE,READY_TO_FIRE
2026-09-07 18:01:59.984,1788804119.985,2454,24,32,4406.22,4406.30,8.0,PASS_<=10c,+0.0,FLAT,-108.0,-316.0,1.0,+0.00,0.00,SLOW,4409.38,4409.38,4407.17,4407.18,0.00,0.00,0.0,BEARISH,221.0,4407.30,4407.30,4406.11,4406.22,59,CLEARED_>=20s,119.0,108.0,0.0,11.0,0.0,9.2,9.2,PASS_<20%,4407.15,93.0,YES,STANDBY_VEL_LOW,1,1321.84,3268.16,114.11,TRUE,READY_TO_FIRE
2026-09-07 18:02:01.795,1788804121.796,2455,1,33,4406.16,4406.24,8.0,PASS_<=10c,-6.0,DOWN,-6.0,-322.0,1.7,+3.31,1.95,SLOW,4409.38,4409.38,4407.17,4407.18,0.00,0.00,0.0,BEARISH,221.0,4406.22,4406.22,4406.16,4406.16,1,ACTIVE_1s,6.0,6.0,0.0,0.0,0.0,0.0,0.0,PASS_<20%,4406.07,9.0,NO,STANDBY_VEL_LOW,1,1321.84,3268.16,114.11,FALSE,OPENING_SHIELD_ACTIVE_1s|PRICE_ABOVE_15C_DISPLACEMENT
2026-09-07 18:02:02.297,1788804122.297,2456,2,34,4406.16,4406.24,8.0,PASS_<=10c,+0.0,FLAT,-6.0,-322.0,2.2,+2.59,1.18,SLOW,4409.38,4409.38,4407.17,4407.18,0.00,0.00,0.0,BEARISH,221.0,4406.22,4406.22,4406.16,4406.16,2,ACTIVE_2s,6.0,6.0,0.0,0.0,0.0,0.0,0.0,PASS_<20%,4406.07,9.0,NO,STANDBY_VEL_LOW,1,1321.84,3268.16,114.11,FALSE,OPENING_SHIELD_ACTIVE_2s|PRICE_ABOVE_15C_DISPLACEMENT
2026-09-07 18:02:02.798,1788804122.798,2457,3,35,4406.16,4406.24,8.0,PASS_<=10c,+0.0,FLAT,-6.0,-322.0,2.5,+2.13,0.85,SLOW,4409.38,4409.38,4407.17,4407.18,0.00,0.00,0.0,BEARISH,221.0,4406.22,4406.22,4406.16,4406.16,2,ACTIVE_2s,6.0,6.0,0.0,0.0,0.0,0.0,0.0,PASS_<20%,4406.07,9.0,NO,STANDBY_VEL_LOW,1,1321.84,3268.16,114.11,FALSE,OPENING_SHIELD_ACTIVE_2s|PRICE_ABOVE_15C_DISPLACEMENT
2026-09-07 18:02:03.299,1788804123.300,2458,4,36,4406.16,4406.24,8.0,PASS_<=10c,+0.0,FLAT,-6.0,-322.0,2.7,+1.81,0.67,SLOW,4409.38,4409.38,4407.17,4407.18,0.00,0.00,0.0,BEARISH,221.0,4406.22,4406.22,4406.16,4406.16,3,ACTIVE_3s,6.0,6.0,0.0,0.0,0.0,0.0,0.0,PASS_<20%,4406.07,9.0,NO,STANDBY_VEL_LOW,1,1321.84,3268.16,114.11,FALSE,OPENING_SHIELD_ACTIVE_3s|PRICE_ABOVE_15C_DISPLACEMENT
2026-09-07 18:02:03.801,1788804123.801,2459,5,37,4406.16,4406.24,8.0,PASS_<=10c,+0.0,FLAT,-6.0,-322.0,2.9,+1.57,0.54,SLOW,4409.38,4409.38,4407.17,4407.18,0.00,0.00,0.0,BEARISH,221.0,4406.22,4406.22,4406.16,4406.16,3,ACTIVE_3s,6.0,6.0,0.0,0.0,0.0,0.0,0.0,PASS_<20%,4406.07,9.0,NO,STANDBY_VEL_LOW,1,1321.84,3268.16,114.11,FALSE,OPENING_SHIELD_ACTIVE_3s|PRICE_ABOVE_15C_DISPLACEMENT
2026-09-07 18:02:04.303,1788804124.304,2460,6,38,4406.15,4406.23,8.0,PASS_<=10c,-1.0,DOWN,-7.0,-323.0,3.0,+1.62,0.54,SLOW,4409.38,4409.38,4407.17,4407.18,0.00,0.00,0.0,BEARISH,221.0,4406.22,4406.22,4406.15,4406.15,4,ACTIVE_4s,7.0,7.0,0.0,0.0,0.0,0.0,0.0,PASS_<20%,4406.07,8.0,NO,STANDBY_VEL_LOW,1,1321.84,3268.16,114.11,FALSE,OPENING_SHIELD_ACTIVE_4s|PRICE_ABOVE_15C_DISPLACEMENT
2026-09-07 18:02:04.805,1788804124.806,2461,7,39,4406.15,4406.23,8.0,PASS_<=10c,+0.0,FLAT,-7.0,-323.0,3.1,+1.45,0.47,SLOW,4409.38,4409.38,4407.17,4407.18,0.00,0.00,0.0,BEARISH,221.0,4406.22,4406.22,4406.15,4406.15,4,ACTIVE_4s,7.0,7.0,0.0,0.0,0.0,0.0,0.0,PASS_<20%,4406.07,8.0,NO,STANDBY_VEL_LOW,1,1321.84,3268.16,114.11,FALSE,OPENING_SHIELD_ACTIVE_4s|PRICE_ABOVE_15C_DISPLACEMENT
2026-09-07 18:02:05.306,1788804125.307,2462,8,40,4406.15,4406.23,8.0,PASS_<=10c,+0.0,FLAT,-7.0,-323.0,4.4,+1.94,0.44,SLOW,4409.38,4409.38,4407.17,4407.18,0.00,0.00,0.0,BEARISH,221.0,4406.22,4406.22,4406.15,4406.15,5,ACTIVE_5s,7.0,7.0,0.0,0.0,0.0,0.0,0.0,PASS_<20%,4406.07,8.0,NO,STANDBY_VEL_LOW,1,1321.84,3268.16,114.11,FALSE,OPENING_SHIELD_ACTIVE_5s|PRICE_ABOVE_15C_DISPLACEMENT
2026-09-07 18:02:05.808,1788804125.809,2463,9,41,4406.15,4406.23,8.0,PASS_<=10c,+0.0,FLAT,-7.0,-323.0,4.4,+1.70,0.39,SLOW,4409.38,4409.38,4407.17,4407.18,0.00,0.00,0.0,BEARISH,221.0,4406.22,4406.22,4406.15,4406.15,5,ACTIVE_5s,7.0,7.0,0.0,0.0,0.0,0.0,0.0,PASS_<20%,4406.07,8.0,NO,STANDBY_VEL_LOW,1,1321.84,3268.16,114.11,FALSE,OPENING_SHIELD_ACTIVE_5s|PRICE_ABOVE_15C_DISPLACEMENT
2026-09-07 18:02:06.310,1788804126.310,2464,10,42,4406.15,4406.23,8.0,PASS_<=10c,+0.0,FLAT,-7.0,-323.0,4.3,+1.52,0.35,SLOW,4409.38,4409.38,4407.17,4407.18,0.00,0.00,0.0,BEARISH,221.0,4406.22,4406.22,4406.15,4406.15,6,ACTIVE_6s,7.0,7.0,0.0,0.0,0.0,0.0,0.0,PASS_<20%,4406.07,8.0,NO,STANDBY_VEL_LOW,1,1321.84,3268.16,114.11,FALSE,OPENING_SHIELD_ACTIVE_6s|PRICE_ABOVE_15C_DISPLACEMENT
2026-09-07 18:02:06.811,1788804126.811,2465,11,43,4406.15,4406.23,8.0,PASS_<=10c,+0.0,FLAT,-7.0,-323.0,4.2,+0.21,0.05,SLOW,4409.38,4409.38,4407.17,4407.18,0.00,0.00,0.0,BEARISH,221.0,4406.22,4406.22,4406.15,4406.15,6,ACTIVE_6s,7.0,7.0,0.0,0.0,0.0,0.0,0.0,PASS_<20%,4406.07,8.0,NO,STANDBY_VEL_LOW,1,1321.84,3268.16,114.11,FALSE,OPENING_SHIELD_ACTIVE_6s|PRICE_ABOVE_15C_DISPLACEMENT
2026-09-07 18:02:07.313,1788804127.313,2466,12,44,4406.15,4406.23,8.0,PASS_<=10c,+0.0,FLAT,-7.0,-323.0,4.2,+0.21,0.05,SLOW,4409.38,4409.38,4407.17,4407.18,0.00,0.00,0.0,BEARISH,221.0,4406.22,4406.22,4406.15,4406.15,7,ACTIVE_7s,7.0,7.0,0.0,0.0,0.0,0.0,0.0,PASS_<20%,4406.07,8.0,NO,STANDBY_VEL_LOW,1,1321.84,3268.16,114.11,FALSE,OPENING_SHIELD_ACTIVE_7s|PRICE_ABOVE_15C_DISPLACEMENT
2026-09-07 18:02:07.815,1788804127.816,2467,13,45,4406.15,4406.23,8.0,PASS_<=10c,+0.0,FLAT,-7.0,-323.0,4.2,+0.21,0.05,SLOW,4409.38,4409.38,4407.17,4407.18,0.00,0.00,0.0,BEARISH,221.0,4406.22,4406.22,4406.15,4406.15,7,ACTIVE_7s,7.0,7.0,0.0,0.0,0.0,0.0,0.0,PASS_<20%,4406.07,8.0,NO,STANDBY_VEL_LOW,1,1321.84,3268.16,114.11,FALSE,OPENING_SHIELD_ACTIVE_7s|PRICE_ABOVE_15C_DISPLACEMENT
2026-09-07 18:02:08.318,1788804128.318,2468,14,46,4406.15,4406.23,8.0,PASS_<=10c,+0.0,FLAT,-7.0,-323.0,4.2,+0.21,0.05,SLOW,4409.38,4409.38,4407.17,4407.18,0.00,0.00,0.0,BEARISH,221.0,4406.22,4406.22,4406.15,4406.15,8,ACTIVE_8s,7.0,7.0,0.0,0.0,0.0,0.0,0.0,PASS_<20%,4406.07,8.0,NO,STANDBY_VEL_LOW,1,1321.84,3268.16,114.11,FALSE,OPENING_SHIELD_ACTIVE_8s|PRICE_ABOVE_15C_DISPLACEMENT
2026-09-07 18:02:08.819,1788804128.819,2469,15,47,4406.15,4406.23,8.0,PASS_<=10c,+0.0,FLAT,-7.0,-323.0,4.2,+0.21,0.05,SLOW,4409.38,4409.38,4407.17,4407.18,0.00,0.00,0.0,BEARISH,221.0,4406.22,4406.22,4406.15,4406.15,8,ACTIVE_8s,7.0,7.0,0.0,0.0,0.0,0.0,0.0,PASS_<20%,4406.07,8.0,NO,STANDBY_VEL_LOW,1,1321.84,3268.16,114.11,FALSE,OPENING_SHIELD_ACTIVE_8s|PRICE_ABOVE_15C_DISPLACEMENT
2026-09-07 18:02:09.320,1788804129.320,2470,16,48,4406.15,4406.23,8.0,PASS_<=10c,+0.0,FLAT,-7.0,-323.0,4.2,+0.00,0.00,SLOW,4409.38,4409.38,4407.17,4407.18,0.00,0.00,0.0,BEARISH,221.0,4406.22,4406.22,4406.15,4406.15,9,ACTIVE_9s,7.0,7.0,0.0,0.0,0.0,0.0,0.0,PASS_<20%,4406.07,8.0,NO,STANDBY_VEL_LOW,1,1321.84,3268.16,114.11,FALSE,OPENING_SHIELD_ACTIVE_9s|PRICE_ABOVE_15C_DISPLACEMENT
2026-09-07 18:02:14.835,1788804134.836,2471,17,49,4406.15,4406.23,8.0,PASS_<=10c,+0.0,FLAT,-7.0,-323.0,1.4,+0.05,0.04,SLOW,4409.38,4409.38,4407.17,4407.18,0.00,0.00,0.0,BEARISH,221.0,4406.22,4406.22,4406.15,4406.15,14,ACTIVE_14s,7.0,7.0,0.0,0.0,0.0,0.0,0.0,PASS_<20%,4406.07,8.0,NO,STANDBY_VEL_LOW,1,1321.84,3268.16,114.11,FALSE,OPENING_SHIELD_ACTIVE_14s|PRICE_ABOVE_15C_DISPLACEMENT
2026-09-07 18:02:25.063,1788804145.064,2472,18,50,4406.15,4406.23,8.0,PASS_<=10c,+0.0,FLAT,-7.0,-323.0,1.2,+0.05,0.04,SLOW,4409.38,4409.38,4407.17,4407.18,0.00,0.00,0.0,BEARISH,221.0,4406.22,4406.22,4406.15,4406.15,25,CLEARED_>=20s,7.0,7.0,0.0,0.0,0.0,0.0,0.0,PASS_<20%,4406.07,8.0,NO,STANDBY_VEL_LOW,1,1321.84,3268.16,114.11,FALSE,PRICE_ABOVE_15C_DISPLACEMENT
2026-09-07 18:02:25.669,1788804145.669,2473,19,51,4406.15,4406.23,8.0,PASS_<=10c,+0.0,FLAT,-7.0,-323.0,3.0,+0.00,0.00,SLOW,4409.38,4409.38,4407.17,4407.18,0.00,0.00,0.0,BEARISH,221.0,4406.22,4406.22,4406.15,4406.15,25,CLEARED_>=20s,7.0,7.0,0.0,0.0,0.0,0.0,0.0,PASS_<20%,4406.07,8.0,NO,STANDBY_VEL_LOW,1,1321.84,3268.16,114.11,FALSE,PRICE_ABOVE_15C_DISPLACEMENT
2026-09-07 18:02:26.171,1788804146.171,2474,20,52,4406.24,4406.32,8.0,PASS_<=10c,+9.0,UP,+2.0,-314.0,4.5,+8.13,1.81,SLOW,4409.38,4409.38,4407.17,4407.18,0.00,0.00,0.0,BEARISH,221.0,4406.22,4406.24,4406.09,4406.24,26,CLEARED_>=20s,15.0,2.0,0.0,13.0,0.0,86.7,86.7,BLOCKED_86.7%,0.00,0.0,NO,STANDBY_VEL_LOW,1,1321.84,3268.16,114.11,FALSE,M1_DIRECTION_MISMATCH
2026-09-07 18:02:26.673,1788804146.674,2475,21,53,4406.72,4406.80,8.0,PASS_<=10c,+48.0,UP,+50.0,-266.0,4.3,+35.41,8.23,SLOW,4409.38,4409.38,4407.17,4407.18,0.00,0.00,0.0,BEARISH,221.0,4406.22,4406.72,4406.09,4406.72,26,CLEARED_>=20s,63.0,50.0,0.0,13.0,0.0,20.6,20.6,BLOCKED_20.6%,0.00,0.0,NO,STANDBY_VEL_LOW,1,1321.84,3268.16,114.11,FALSE,M1_DIRECTION_MISMATCH
2026-09-07 18:02:27.176,1788804147.176,2476,22,54,4406.70,4406.78,8.0,PASS_<=10c,-2.0,DOWN,+48.0,-268.0,4.3,+26.04,6.06,SLOW,4409.38,4409.38,4407.17,4407.18,0.00,0.00,0.0,BEARISH,221.0,4406.22,4406.72,4406.09,4406.70,27,CLEARED_>=20s,63.0,48.0,2.0,13.0,3.2,20.6,20.6,BLOCKED_20.6%,0.00,0.0,NO,STANDBY_VEL_LOW,0,0.00,4590.00,113.54,FALSE,M1_DIRECTION_MISMATCH
2026-09-07 18:02:27.677,1788804147.678,2477,23,55,4406.69,4406.77,8.0,PASS_<=10c,-1.0,DOWN,+47.0,-269.0,4.2,+20.66,4.92,SLOW,4409.38,4409.38,4407.17,4407.18,0.00,0.00,0.0,BEARISH,221.0,4406.22,4406.72,4406.09,4406.69,27,CLEARED_>=20s,63.0,47.0,3.0,13.0,4.8,20.6,20.6,BLOCKED_20.6%,0.00,0.0,NO,STANDBY_VEL_LOW,0,0.00,4590.00,113.54,FALSE,M1_DIRECTION_MISMATCH
2026-09-07 18:02:28.179,1788804148.180,2478,24,56,4406.76,4406.84,8.0,PASS_<=10c,+7.0,UP,+54.0,-262.0,4.2,+19.58,4.66,SLOW,4409.38,4409.38,4407.17,4407.18,0.00,0.00,0.0,BEARISH,221.0,4406.22,4406.76,4406.09,4406.76,28,CLEARED_>=20s,67.0,54.0,0.0,13.0,0.0,19.4,19.4,PASS_<20%,0.00,0.0,NO,STANDBY_VEL_LOW,0,0.00,4590.00,113.54,FALSE,M1_DIRECTION_MISMATCH
2026-09-07 18:02:28.680,1788804148.681,2479,25,57,4406.93,4407.01,8.0,PASS_<=10c,+17.0,UP,+71.0,-245.0,4.1,+21.56,5.26,SLOW,4409.38,4409.38,4407.17,4407.18,0.00,0.00,0.0,BEARISH,221.0,4406.22,4406.93,4406.09,4406.93,28,CLEARED_>=20s,84.0,71.0,0.0,13.0,0.0,15.5,15.5,PASS_<20%,0.00,0.0,NO,STANDBY_VEL_LOW,0,0.00,4590.00,113.54,FALSE,M1_DIRECTION_MISMATCH
2026-09-07 18:02:29.182,1788804149.182,2480,26,58,4406.92,4407.00,8.0,PASS_<=10c,-1.0,DOWN,+70.0,-246.0,4.1,+18.70,4.56,SLOW,4409.38,4409.38,4407.17,4407.18,0.00,0.00,0.0,BEARISH,221.0,4406.22,4406.93,4406.09,4406.92,29,CLEARED_>=20s,84.0,70.0,1.0,13.0,1.2,15.5,15.5,PASS_<20%,0.00,0.0,NO,STANDBY_VEL_LOW,0,0.00,4590.00,113.54,FALSE,M1_DIRECTION_MISMATCH
2026-09-07 18:02:29.684,1788804149.685,2481,27,59,4406.93,4407.01,8.0,PASS_<=10c,+1.0,UP,+71.0,-245.0,4.1,+16.88,4.12,SLOW,4409.38,4409.38,4407.17,4407.18,0.00,0.00,0.0,BEARISH,221.0,4406.22,4406.93,4406.09,4406.93,29,CLEARED_>=20s,84.0,71.0,0.0,13.0,0.0,15.5,15.5,PASS_<20%,0.00,0.0,NO,STANDBY_VEL_LOW,0,0.00,4590.00,113.54,FALSE,M1_DIRECTION_MISMATCH
2026-09-07 18:02:30.186,1788804150.186,2482,28,60,4406.93,4407.01,8.0,PASS_<=10c,+0.0,FLAT,+71.0,-245.0,4.3,+16.89,3.93,SLOW,4409.38,4409.38,4407.17,4407.18,0.00,0.00,0.0,BEARISH,221.0,4406.22,4406.93,4406.09,4406.93,30,CLEARED_>=20s,84.0,71.0,0.0,13.0,0.0,15.5,15.5,PASS_<20%,0.00,0.0,NO,STANDBY_VEL_LOW,0,0.00,4590.00,113.54,FALSE,M1_DIRECTION_MISMATCH
2026-09-07 18:02:30.688,1788804150.688,2483,29,61,4406.93,4407.01,8.0,PASS_<=10c,+0.0,FLAT,+71.0,-245.0,4.2,+17.62,4.20,SLOW,4409.38,4409.38,4407.17,4407.18,0.00,0.00,0.0,BEARISH,221.0,4406.22,4406.93,4406.09,4406.93,30,CLEARED_>=20s,84.0,71.0,0.0,13.0,0.0,15.5,15.5,PASS_<20%,0.00,0.0,NO,STANDBY_VEL_LOW,0,0.00,4590.00,113.54,FALSE,M1_DIRECTION_MISMATCH
2026-09-07 18:02:31.189,1788804151.190,2484,30,62,4406.93,4407.01,8.0,PASS_<=10c,+0.0,FLAT,+71.0,-245.0,4.2,+5.87,1.40,SLOW,4409.38,4409.38,4407.17,4407.18,0.00,0.00,0.0,BEARISH,221.0,4406.22,4406.93,4406.09,4406.93,31,CLEARED_>=20s,84.0,71.0,0.0,13.0,0.0,15.5,15.5,PASS_<20%,0.00,0.0,NO,STANDBY_VEL_LOW,0,0.00,4590.00,113.54,FALSE,M1_DIRECTION_MISMATCH
2026-09-07 18:02:31.691,1788804151.692,2485,31,63,4406.93,4407.01,8.0,PASS_<=10c,+0.0,FLAT,+71.0,-245.0,4.2,+4.83,1.15,SLOW,4409.38,4409.38,4407.17,4407.18,0.00,0.00,0.0,BEARISH,221.0,4406.22,4406.93,4406.09,4406.93,31,CLEARED_>=20s,84.0,71.0,0.0,13.0,0.0,15.5,15.5,PASS_<20%,0.00,0.0,NO,STANDBY_VEL_LOW,0,0.00,4590.00,113.54,FALSE,M1_DIRECTION_MISMATCH
2026-09-07 18:02:32.193,1788804152.194,2486,32,64,4406.93,4407.01,8.0,PASS_<=10c,+0.0,FLAT,+71.0,-245.0,4.2,+5.03,1.20,SLOW,4409.38,4409.38,4407.17,4407.18,0.00,0.00,0.0,BEARISH,221.0,4406.22,4406.93,4406.09,4406.93,32,CLEARED_>=20s,84.0,71.0,0.0,13.0,0.0,15.5,15.5,PASS_<20%,0.00,0.0,NO,STANDBY_VEL_LOW,0,0.00,4590.00,113.54,FALSE,M1_DIRECTION_MISMATCH
2026-09-07 18:02:32.694,1788804152.695,2487,33,65,4406.93,4407.01,8.0,PASS_<=10c,+0.0,FLAT,+71.0,-245.0,4.2,+3.99,0.95,SLOW,4409.38,4409.38,4407.17,4407.18,0.00,0.00,0.0,BEARISH,221.0,4406.22,4406.93,4406.09,4406.93,32,CLEARED_>=20s,84.0,71.0,0.0,13.0,0.0,15.5,15.5,PASS_<20%,0.00,0.0,NO,STANDBY_VEL_LOW,0,0.00,4590.00,113.54,FALSE,M1_DIRECTION_MISMATCH
2026-09-07 18:02:33.196,1788804153.197,2488,34,66,4406.93,4407.01,8.0,PASS_<=10c,+0.0,FLAT,+71.0,-245.0,4.2,+3.36,0.80,SLOW,4409.38,4409.38,4407.17,4407.18,0.00,0.00,0.0,BEARISH,221.0,4406.22,4406.93,4406.09,4406.93,33,CLEARED_>=20s,84.0,71.0,0.0,13.0,0.0,15.5,15.5,PASS_<20%,0.00,0.0,NO,STANDBY_VEL_LOW,0,0.00,4590.00,113.54,FALSE,M1_DIRECTION_MISMATCH
2026-09-07 18:02:38.713,1788804158.713,2489,35,67,4406.93,4407.01,8.0,PASS_<=10c,+0.0,FLAT,+71.0,-245.0,1.6,+1.30,0.81,SLOW,4409.38,4409.38,4407.17,4407.18,0.00,0.00,0.0,BEARISH,221.0,4406.22,4406.93,4406.09,4406.93,38,CLEARED_>=20s,84.0,71.0,0.0,13.0,0.0,15.5,15.5,PASS_<20%,0.00,0.0,NO,STANDBY_VEL_LOW,0,0.00,4590.00,113.54,FALSE,M1_DIRECTION_MISMATCH
2026-09-07 18:02:48.942,1788804168.942,2490,36,68,4406.93,4407.01,8.0,PASS_<=10c,+0.0,FLAT,+71.0,-245.0,1.3,+1.20,0.92,SLOW,4409.38,4409.38,4407.17,4407.18,0.00,0.00,0.0,BEARISH,221.0,4406.22,4406.93,4406.09,4406.93,48,CLEARED_>=20s,84.0,71.0,0.0,13.0,0.0,15.5,15.5,PASS_<20%,0.00,0.0,NO,STANDBY_VEL_LOW,0,0.00,4590.00,113.54,FALSE,M1_DIRECTION_MISMATCH
2026-09-07 18:02:50.550,1788804170.551,2491,37,69,4407.16,4407.24,8.0,PASS_<=10c,+23.0,UP,+94.0,-222.0,1.9,+14.30,7.53,SLOW,4409.38,4409.38,4407.17,4407.18,0.00,0.00,0.0,BEARISH,221.0,4406.22,4407.16,4406.09,4407.16,50,CLEARED_>=20s,107.0,94.0,0.0,13.0,0.0,12.1,12.1,PASS_<20%,0.00,0.0,NO,STANDBY_VEL_LOW,0,0.00,4590.00,113.54,FALSE,M1_DIRECTION_MISMATCH
2026-09-07 18:02:51.052,1788804171.052,2492,38,70,4407.16,4407.24,8.0,PASS_<=10c,+0.0,FLAT,+94.0,-222.0,2.4,+10.90,4.54,SLOW,4409.38,4409.38,4407.17,4407.18,0.00,0.00,0.0,BEARISH,221.0,4406.22,4407.16,4406.09,4407.16,51,CLEARED_>=20s,107.0,94.0,0.0,13.0,0.0,12.1,12.1,PASS_<20%,0.00,0.0,NO,STANDBY_VEL_LOW,0,0.00,4590.00,113.54,FALSE,M1_DIRECTION_MISMATCH
2026-09-07 18:02:51.554,1788804171.554,2493,39,71,4407.16,4407.24,8.0,PASS_<=10c,+0.0,FLAT,+94.0,-222.0,2.7,+8.80,3.26,SLOW,4409.38,4409.38,4407.17,4407.18,0.00,0.00,0.0,BEARISH,221.0,4406.22,4407.16,4406.09,4407.16,51,CLEARED_>=20s,107.0,94.0,0.0,13.0,0.0,12.1,12.1,PASS_<20%,0.00,0.0,NO,STANDBY_VEL_LOW,0,0.00,4590.00,113.54,FALSE,M1_DIRECTION_MISMATCH
2026-09-07 18:02:52.055,1788804172.056,2494,40,72,4407.16,4407.24,8.0,PASS_<=10c,+0.0,FLAT,+94.0,-222.0,2.9,+7.39,2.55,SLOW,4409.38,4409.38,4407.17,4407.18,0.00,0.00,0.0,BEARISH,221.0,4406.22,4407.16,4406.09,4407.16,52,CLEARED_>=20s,107.0,94.0,0.0,13.0,0.0,12.1,12.1,PASS_<20%,0.00,0.0,NO,STANDBY_VEL_LOW,0,0.00,4590.00,113.54,FALSE,M1_DIRECTION_MISMATCH
2026-09-07 18:02:52.557,1788804172.557,2495,41,73,4407.19,4407.27,8.0,PASS_<=10c,+3.0,UP,+97.0,-219.0,3.0,+7.19,2.40,SLOW,4409.38,4409.38,4407.17,4407.18,0.00,0.00,0.0,BEARISH,221.0,4406.22,4407.19,4406.09,4407.19,52,CLEARED_>=20s,110.0,97.0,0.0,13.0,0.0,11.8,11.8,PASS_<20%,0.00,0.0,NO,STANDBY_VEL_LOW,0,0.00,4590.00,113.54,FALSE,M1_DIRECTION_MISMATCH
2026-09-07 18:02:53.059,1788804173.059,2496,42,74,4407.19,4407.27,8.0,PASS_<=10c,+0.0,FLAT,+97.0,-219.0,3.2,+6.31,1.97,SLOW,4409.38,4409.38,4407.17,4407.18,0.00,0.00,0.0,BEARISH,221.0,4406.22,4407.19,4406.09,4407.19,53,CLEARED_>=20s,110.0,97.0,0.0,13.0,0.0,11.8,11.8,PASS_<20%,0.00,0.0,NO,STANDBY_VEL_LOW,0,0.00,4590.00,113.54,FALSE,M1_DIRECTION_MISMATCH
2026-09-07 18:02:53.561,1788804173.562,2497,43,75,4407.20,4407.28,8.0,PASS_<=10c,+1.0,UP,+98.0,-218.0,3.2,+5.84,1.82,SLOW,4409.38,4409.38,4407.17,4407.18,0.00,0.00,0.0,BEARISH,221.0,4406.22,4407.20,4406.09,4407.20,53,CLEARED_>=20s,111.0,98.0,0.0,13.0,0.0,11.7,11.7,PASS_<20%,0.00,0.0,NO,STANDBY_VEL_LOW,0,0.00,4590.00,113.54,FALSE,M1_DIRECTION_MISMATCH
2026-09-07 18:02:54.063,1788804174.064,2498,44,76,4407.20,4407.28,8.0,PASS_<=10c,+0.0,FLAT,+98.0,-218.0,4.4,+7.47,1.70,SLOW,4409.38,4409.38,4407.17,4407.18,0.00,0.00,0.0,BEARISH,221.0,4406.22,4407.20,4406.09,4407.20,54,CLEARED_>=20s,111.0,98.0,0.0,13.0,0.0,11.7,11.7,PASS_<20%,0.00,0.0,NO,STANDBY_VEL_LOW,0,0.00,4590.00,113.54,FALSE,M1_DIRECTION_MISMATCH
2026-09-07 18:02:54.565,1788804174.565,2499,45,77,4407.20,4407.28,8.0,PASS_<=10c,+0.0,FLAT,+98.0,-218.0,4.4,+6.56,1.49,SLOW,4409.38,4409.38,4407.17,4407.18,0.00,0.00,0.0,BEARISH,221.0,4406.22,4407.20,4406.09,4407.20,54,CLEARED_>=20s,111.0,98.0,0.0,13.0,0.0,11.7,11.7,PASS_<20%,0.00,0.0,NO,STANDBY_VEL_LOW,0,0.00,4590.00,113.54,FALSE,M1_DIRECTION_MISMATCH
2026-09-07 18:02:55.066,1788804175.066,2500,46,78,4407.20,4407.28,8.0,PASS_<=10c,+0.0,FLAT,+98.0,-218.0,4.3,+5.85,1.36,SLOW,4409.38,4409.38,4407.17,4407.18,0.00,0.00,0.0,BEARISH,221.0,4406.22,4407.20,4406.09,4407.20,55,CLEARED_>=20s,111.0,98.0,0.0,13.0,0.0,11.7,11.7,PASS_<20%,0.00,0.0,NO,STANDBY_VEL_LOW,0,0.00,4590.00,113.54,FALSE,M1_DIRECTION_MISMATCH
2026-09-07 18:02:55.568,1788804175.568,2501,47,79,4407.20,4407.28,8.0,PASS_<=10c,+0.0,FLAT,+98.0,-218.0,4.2,+1.76,0.42,SLOW,4409.38,4409.38,4407.17,4407.18,0.00,0.00,0.0,BEARISH,221.0,4406.22,4407.20,4406.09,4407.20,55,CLEARED_>=20s,111.0,98.0,0.0,13.0,0.0,11.7,11.7,PASS_<20%,0.00,0.0,NO,STANDBY_VEL_LOW,0,0.00,4590.00,113.54,FALSE,M1_DIRECTION_MISMATCH
2026-09-07 18:02:56.069,1788804176.070,2502,48,80,4407.20,4407.28,8.0,PASS_<=10c,+0.0,FLAT,+98.0,-218.0,4.2,+1.75,0.42,SLOW,4409.38,4409.38,4407.17,4407.18,0.00,0.00,0.0,BEARISH,221.0,4406.22,4407.20,4406.09,4407.20,56,CLEARED_>=20s,111.0,98.0,0.0,13.0,0.0,11.7,11.7,PASS_<20%,0.00,0.0,NO,STANDBY_VEL_LOW,0,0.00,4590.00,113.54,FALSE,M1_DIRECTION_MISMATCH
2026-09-07 18:02:56.570,1788804176.571,2503,49,81,4407.20,4407.28,8.0,PASS_<=10c,+0.0,FLAT,+98.0,-218.0,4.2,+1.73,0.41,SLOW,4409.38,4409.38,4407.17,4407.18,0.00,0.00,0.0,BEARISH,221.0,4406.22,4407.20,4406.09,4407.20,56,CLEARED_>=20s,111.0,98.0,0.0,13.0,0.0,11.7,11.7,PASS_<20%,0.00,0.0,NO,STANDBY_VEL_LOW,0,0.00,4590.00,113.54,FALSE,M1_DIRECTION_MISMATCH
2026-09-07 18:02:57.072,1788804177.073,2504,50,82,4407.20,4407.28,8.0,PASS_<=10c,+0.0,FLAT,+98.0,-218.0,4.2,+1.72,0.41,SLOW,4409.38,4409.38,4407.17,4407.18,0.00,0.00,0.0,BEARISH,221.0,4406.22,4407.20,4406.09,4407.20,57,CLEARED_>=20s,111.0,98.0,0.0,13.0,0.0,11.7,11.7,PASS_<20%,0.00,0.0,NO,STANDBY_VEL_LOW,0,0.00,4590.00,113.54,FALSE,M1_DIRECTION_MISMATCH
2026-09-07 18:02:57.574,1788804177.575,2505,51,83,4407.20,4407.28,8.0,PASS_<=10c,+0.0,FLAT,+98.0,-218.0,4.2,+1.70,0.40,SLOW,4409.38,4409.38,4407.17,4407.18,0.00,0.00,0.0,BEARISH,221.0,4406.22,4407.20,4406.09,4407.20,57,CLEARED_>=20s,111.0,98.0,0.0,13.0,0.0,11.7,11.7,PASS_<20%,0.00,0.0,NO,STANDBY_VEL_LOW,0,0.00,4590.00,113.54,FALSE,M1_DIRECTION_MISMATCH
2026-09-07 18:02:58.076,1788804178.076,2506,52,84,4407.20,4407.28,8.0,PASS_<=10c,+0.0,FLAT,+98.0,-218.0,4.2,+1.69,0.40,SLOW,4409.38,4409.38,4407.17,4407.18,0.00,0.00,0.0,BEARISH,221.0,4406.22,4407.20,4406.09,4407.20,58,CLEARED_>=20s,111.0,98.0,0.0,13.0,0.0,11.7,11.7,PASS_<20%,0.00,0.0,NO,STANDBY_VEL_LOW,0,0.00,4590.00,113.54,FALSE,M1_DIRECTION_MISMATCH
2026-09-07 18:03:03.591,1788804183.591,2507,1,85,4407.20,4407.28,8.0,PASS_<=10c,+0.0,FLAT,+0.0,-218.0,1.6,+1.74,1.09,SLOW,4409.38,4409.38,4407.17,4407.18,0.00,0.00,0.0,BEARISH,221.0,4407.20,4407.20,4407.20,4407.20,3,ACTIVE_3s,1.0,0.0,0.0,0.0,0.0,0.0,0.0,PASS_<20%,0.00,0.0,NO,STANDBY_VEL_LOW,0,0.00,4590.00,113.54,FALSE,M1_DIRECTION_MISMATCH|OPENING_SHIELD_ACTIVE_3s
2026-09-07 18:03:13.819,1788804193.819,2508,2,86,4407.20,4407.28,8.0,PASS_<=10c,+0.0,FLAT,+0.0,-218.0,1.3,+1.78,1.37,SLOW,4409.38,4409.38,4407.17,4407.18,0.00,0.00,0.0,BEARISH,221.0,4407.20,4407.20,4407.20,4407.20,13,ACTIVE_13s,1.0,0.0,0.0,0.0,0.0,0.0,0.0,PASS_<20%,0.00,0.0,NO,STANDBY_VEL_LOW,0,0.00,4590.00,113.54,FALSE,M1_DIRECTION_MISMATCH|OPENING_SHIELD_ACTIVE_13s
2026-09-07 18:03:15.225,1788804195.226,2509,3,87,4407.39,4407.47,8.0,PASS_<=10c,+19.0,UP,+19.0,-199.0,2.1,+13.51,6.43,SLOW,4409.38,4409.38,4407.17,4407.18,0.00,0.00,0.0,BEARISH,221.0,4407.20,4407.39,4407.20,4407.39,15,ACTIVE_15s,19.0,19.0,0.0,0.0,0.0,0.0,0.0,PASS_<20%,0.00,0.0,NO,STANDBY_VEL_LOW,0,0.00,4590.00,113.54,FALSE,M1_DIRECTION_MISMATCH|OPENING_SHIELD_ACTIVE_15s
2026-09-07 18:03:15.727,1788804195.728,2510,4,88,4407.41,4407.49,8.0,PASS_<=10c,+2.0,UP,+21.0,-197.0,2.6,+11.00,4.23,SLOW,4409.38,4409.38,4407.17,4407.18,0.00,0.00,0.0,BEARISH,221.0,4407.20,4407.41,4407.20,4407.41,15,ACTIVE_15s,21.0,21.0,0.0,0.0,0.0,0.0,0.0,PASS_<20%,0.00,0.0,NO,STANDBY_VEL_LOW,0,0.00,4590.00,113.54,FALSE,M1_DIRECTION_MISMATCH|OPENING_SHIELD_ACTIVE_15s
2026-09-07 18:03:16.230,1788804196.231,2511,5,89,4407.41,4407.49,8.0,PASS_<=10c,+0.0,FLAT,+21.0,-197.0,2.9,+8.71,3.00,SLOW,4409.38,4409.38,4407.17,4407.18,0.00,0.00,0.0,BEARISH,221.0,4407.20,4407.41,4407.20,4407.41,16,ACTIVE_16s,21.0,21.0,0.0,0.0,0.0,0.0,0.0,PASS_<20%,0.00,0.0,NO,STANDBY_VEL_LOW,0,0.00,4590.00,113.54,FALSE,M1_DIRECTION_MISMATCH|OPENING_SHIELD_ACTIVE_16s
2026-09-07 18:03:16.733,1788804196.733,2512,6,90,4407.41,4407.49,8.0,PASS_<=10c,+0.0,FLAT,+21.0,-197.0,3.1,+7.21,2.33,SLOW,4409.38,4409.38,4407.17,4407.18,0.00,0.00,0.0,BEARISH,221.0,4407.20,4407.41,4407.20,4407.41,16,ACTIVE_16s,21.0,21.0,0.0,0.0,0.0,0.0,0.0,PASS_<20%,0.00,0.0,NO,STANDBY_VEL_LOW,0,0.00,4590.00,113.54,FALSE,M1_DIRECTION_MISMATCH|OPENING_SHIELD_ACTIVE_16s
2026-09-07 18:03:17.241,1788804197.242,2513,7,91,4407.44,4407.52,8.0,PASS_<=10c,+3.0,UP,+24.0,-194.0,3.2,+7.01,2.19,SLOW,4409.38,4409.38,4407.17,4407.18,0.00,0.00,0.0,BEARISH,221.0,4407.20,4407.44,4407.20,4407.44,17,ACTIVE_17s,24.0,24.0,0.0,0.0,0.0,0.0,0.0,PASS_<20%,0.00,0.0,NO,STANDBY_VEL_LOW,0,0.00,4590.00,113.54,FALSE,M1_DIRECTION_MISMATCH|OPENING_SHIELD_ACTIVE_17s
2026-09-07 18:03:17.743,1788804197.743,2514,8,92,4407.44,4407.52,8.0,PASS_<=10c,+0.0,FLAT,+24.0,-194.0,3.3,+6.12,1.85,SLOW,4409.38,4409.38,4407.17,4407.18,0.00,0.00,0.0,BEARISH,221.0,4407.20,4407.44,4407.20,4407.44,17,ACTIVE_17s,24.0,24.0,0.0,0.0,0.0,0.0,0.0,PASS_<20%,0.00,0.0,NO,STANDBY_VEL_LOW,0,0.00,4590.00,113.54,FALSE,M1_DIRECTION_MISMATCH|OPENING_SHIELD_ACTIVE_17s
2026-09-07 18:03:18.245,1788804198.245,2515,9,93,4407.44,4407.52,8.0,PASS_<=10c,+0.0,FLAT,+24.0,-194.0,3.4,+5.42,1.59,SLOW,4409.38,4409.38,4407.17,4407.18,0.00,0.00,0.0,BEARISH,221.0,4407.20,4407.44,4407.20,4407.44,18,ACTIVE_18s,24.0,24.0,0.0,0.0,0.0,0.0,0.0,PASS_<20%,0.00,0.0,NO,STANDBY_VEL_LOW,0,0.00,4590.00,113.54,FALSE,M1_DIRECTION_MISMATCH|OPENING_SHIELD_ACTIVE_18s
2026-09-07 18:03:18.747,1788804198.747,2516,10,94,4407.82,4407.90,8.0,PASS_<=10c,+38.0,UP,+62.0,-156.0,3.4,+12.58,3.70,SLOW,4409.38,4409.38,4407.17,4407.18,0.00,0.00,0.0,BEARISH,221.0,4407.20,4407.82,4407.20,4407.82,18,ACTIVE_18s,62.0,62.0,0.0,0.0,0.0,0.0,0.0,PASS_<20%,0.00,0.0,NO,STANDBY_VEL_LOW,0,0.00,4590.00,113.54,FALSE,M1_DIRECTION_MISMATCH|OPENING_SHIELD_ACTIVE_18s
2026-09-07 18:03:19.248,1788804199.248,2517,11,95,4407.85,4407.93,8.0,PASS_<=10c,+3.0,UP,+65.0,-153.0,4.4,+15.76,3.58,SLOW,4409.38,4409.38,4407.17,4407.18,0.00,0.00,0.0,BEARISH,221.0,4407.20,4407.85,4407.20,4407.85,19,ACTIVE_19s,65.0,65.0,0.0,0.0,0.0,0.0,0.0,PASS_<20%,0.00,0.0,NO,STANDBY_VEL_LOW,0,0.00,4590.00,113.54,FALSE,M1_DIRECTION_MISMATCH|OPENING_SHIELD_ACTIVE_19s
2026-09-07 18:03:19.750,1788804199.751,2518,12,96,4407.85,4407.93,8.0,PASS_<=10c,+0.0,FLAT,+65.0,-153.0,4.3,+14.05,3.27,SLOW,4409.38,4409.38,4407.17,4407.18,0.00,0.00,0.0,BEARISH,221.0,4407.20,4407.85,4407.20,4407.85,19,ACTIVE_19s,65.0,65.0,0.0,0.0,0.0,0.0,0.0,PASS_<20%,0.00,0.0,NO,STANDBY_VEL_LOW,0,0.00,4590.00,113.54,FALSE,M1_DIRECTION_MISMATCH|OPENING_SHIELD_ACTIVE_19s
2026-09-07 18:03:20.252,1788804200.253,2519,13,97,4407.85,4407.93,8.0,PASS_<=10c,+0.0,FLAT,+65.0,-153.0,4.2,+9.21,2.19,SLOW,4409.38,4409.38,4407.17,4407.18,0.00,0.00,0.0,BEARISH,221.0,4407.20,4407.85,4407.20,4407.85,20,CLEARED_>=20s,65.0,65.0,0.0,0.0,0.0,0.0,0.0,PASS_<20%,0.00,0.0,NO,STANDBY_VEL_LOW,0,0.00,4590.00,113.54,FALSE,M1_DIRECTION_MISMATCH
2026-09-07 18:03:20.774,1788804200.775,2520,14,98,4407.85,4407.93,8.0,PASS_<=10c,+0.0,FLAT,+65.0,-153.0,4.2,+9.20,2.19,SLOW,4409.38,4409.38,4407.17,4407.18,0.00,0.00,0.0,BEARISH,221.0,4407.20,4407.85,4407.20,4407.85,20,CLEARED_>=20s,65.0,65.0,0.0,0.0,0.0,0.0,0.0,PASS_<20%,0.00,0.0,NO,STANDBY_VEL_LOW,0,0.00,4590.00,113.54,FALSE,M1_DIRECTION_MISMATCH
2026-09-07 18:03:21.266,1788804201.266,2521,15,99,4407.85,4407.93,8.0,PASS_<=10c,+0.0,FLAT,+65.0,-153.0,4.2,+9.20,2.19,SLOW,4409.38,4409.38,4407.17,4407.18,0.00,0.00,0.0,BEARISH,221.0,4407.20,4407.85,4407.20,4407.85,21,CLEARED_>=20s,65.0,65.0,0.0,0.0,0.0,0.0,0.0,PASS_<20%,0.00,0.0,NO,STANDBY_VEL_LOW,0,0.00,4590.00,113.54,FALSE,M1_DIRECTION_MISMATCH
2026-09-07 18:03:21.767,1788804201.768,2522,16,100,4407.85,4407.93,8.0,PASS_<=10c,+0.0,FLAT,+65.0,-153.0,4.2,+9.21,2.19,SLOW,4409.38,4409.38,4407.17,4407.18,0.00,0.00,0.0,BEARISH,221.0,4407.20,4407.85,4407.20,4407.85,21,CLEARED_>=20s,65.0,65.0,0.0,0.0,0.0,0.0,0.0,PASS_<20%,0.00,0.0,NO,STANDBY_VEL_LOW,0,0.00,4590.00,113.54,FALSE,M1_DIRECTION_MISMATCH
2026-09-07 18:03:22.269,1788804202.269,2523,17,101,4407.85,4407.93,8.0,PASS_<=10c,+0.0,FLAT,+65.0,-153.0,4.2,+8.58,2.04,SLOW,4409.38,4409.38,4407.17,4407.18,0.00,0.00,0.0,BEARISH,221.0,4407.20,4407.85,4407.20,4407.85,22,CLEARED_>=20s,65.0,65.0,0.0,0.0,0.0,0.0,0.0,PASS_<20%,0.00,0.0,NO,STANDBY_VEL_LOW,0,0.00,4590.00,113.54,FALSE,M1_DIRECTION_MISMATCH
2026-09-07 18:03:22.770,1788804202.770,2524,18,102,4407.85,4407.93,8.0,PASS_<=10c,+0.0,FLAT,+65.0,-153.0,4.2,+8.58,2.04,SLOW,4409.38,4409.38,4407.17,4407.18,0.00,0.00,0.0,BEARISH,221.0,4407.20,4407.85,4407.20,4407.85,22,CLEARED_>=20s,65.0,65.0,0.0,0.0,0.0,0.0,0.0,PASS_<20%,0.00,0.0,NO,STANDBY_VEL_LOW,0,0.00,4590.00,113.54,FALSE,M1_DIRECTION_MISMATCH
2026-09-07 18:03:28.285,1788804208.286,2525,19,103,4407.85,4407.93,8.0,PASS_<=10c,+0.0,FLAT,+65.0,-153.0,1.6,+1.80,1.12,SLOW,4409.38,4409.38,4407.17,4407.18,0.00,0.00,0.0,BEARISH,221.0,4407.20,4407.85,4407.20,4407.85,28,CLEARED_>=20s,65.0,65.0,0.0,0.0,0.0,0.0,0.0,PASS_<20%,0.00,0.0,NO,STANDBY_VEL_LOW,0,0.00,4590.00,113.54,FALSE,M1_DIRECTION_MISMATCH
2026-09-07 18:03:38.518,1788804218.519,2526,20,104,4407.85,4407.93,8.0,PASS_<=10c,+0.0,FLAT,+65.0,-153.0,1.3,+1.54,1.18,SLOW,4409.38,4409.38,4407.17,4407.18,0.00,0.00,0.0,BEARISH,221.0,4407.20,4407.85,4407.20,4407.85,38,CLEARED_>=20s,65.0,65.0,0.0,0.0,0.0,0.0,0.0,PASS_<20%,0.00,0.0,NO,STANDBY_VEL_LOW,0,0.00,4590.00,113.54,FALSE,M1_DIRECTION_MISMATCH
2026-09-07 18:03:39.326,1788804219.326,2527,21,105,4408.16,4408.24,8.0,PASS_<=10c,+31.0,UP,+96.0,-122.0,3.0,+31.00,10.33,SLOW,4409.38,4409.38,4407.17,4407.18,0.00,0.00,0.0,BEARISH,221.0,4407.20,4408.16,4407.20,4408.16,39,CLEARED_>=20s,96.0,96.0,0.0,0.0,0.0,0.0,0.0,PASS_<20%,0.00,0.0,NO,STANDBY_VEL_LOW,0,0.00,4590.00,113.54,FALSE,M1_DIRECTION_MISMATCH
2026-09-07 18:03:39.828,1788804219.828,2528,22,106,4408.18,4408.26,8.0,PASS_<=10c,+2.0,UP,+98.0,-120.0,3.8,+25.20,6.63,SLOW,4409.38,4409.38,4407.17,4407.18,0.00,0.00,0.0,BEARISH,221.0,4407.20,4408.18,4407.20,4408.18,39,CLEARED_>=20s,98.0,98.0,0.0,0.0,0.0,0.0,0.0,PASS_<20%,0.00,0.0,NO,STANDBY_VEL_LOW,0,0.00,4590.00,113.54,FALSE,M1_DIRECTION_MISMATCH
2026-09-07 18:03:40.329,1788804220.329,2529,23,107,4408.08,4408.16,8.0,PASS_<=10c,-10.0,DOWN,+88.0,-130.0,3.9,+12.70,3.26,SLOW,4409.38,4409.38,4407.17,4407.18,0.00,0.00,0.0,BEARISH,221.0,4407.20,4408.18,4407.20,4408.08,40,CLEARED_>=20s,98.0,88.0,10.0,0.0,10.2,0.0,0.0,PASS_<20%,0.00,0.0,NO,STANDBY_VEL_LOW,0,0.00,4590.00,113.54,FALSE,M1_DIRECTION_MISMATCH
2026-09-07 18:03:40.831,1788804220.831,2530,24,108,4408.15,4408.23,8.0,PASS_<=10c,+7.0,UP,+95.0,-123.0,3.9,+12.97,3.33,SLOW,4409.38,4409.38,4407.17,4407.18,0.00,0.00,0.0,BEARISH,221.0,4407.20,4408.18,4407.20,4408.15,40,CLEARED_>=20s,98.0,95.0,3.0,0.0,3.1,0.0,0.0,PASS_<20%,0.00,0.0,NO,STANDBY_VEL_LOW,0,0.00,4590.00,113.54,FALSE,M1_DIRECTION_MISMATCH
2026-09-07 18:03:41.333,1788804221.333,2531,25,109,4408.15,4408.23,8.0,PASS_<=10c,+0.0,FLAT,+95.0,-123.0,3.9,+10.66,2.73,SLOW,4409.38,4409.38,4407.17,4407.18,0.00,0.00,0.0,BEARISH,221.0,4407.20,4408.18,4407.20,4408.15,41,CLEARED_>=20s,98.0,95.0,3.0,0.0,3.1,0.0,0.0,PASS_<20%,0.00,0.0,NO,STANDBY_VEL_LOW,0,0.00,4590.00,113.54,FALSE,M1_DIRECTION_MISMATCH
2026-09-07 18:03:41.834,1788804221.834,2532,26,110,4408.15,4408.23,8.0,PASS_<=10c,+0.0,FLAT,+95.0,-123.0,3.9,+9.05,2.32,SLOW,4409.38,4409.38,4407.17,4407.18,0.00,0.00,0.0,BEARISH,221.0,4407.20,4408.18,4407.20,4408.15,41,CLEARED_>=20s,98.0,95.0,3.0,0.0,3.1,0.0,0.0,PASS_<20%,0.00,0.0,NO,STANDBY_VEL_LOW,0,0.00,4590.00,113.54,FALSE,M1_DIRECTION_MISMATCH
2026-09-07 18:03:42.335,1788804222.336,2533,27,111,4408.15,4408.23,8.0,PASS_<=10c,+0.0,FLAT,+95.0,-123.0,3.9,+7.86,2.02,SLOW,4409.38,4409.38,4407.17,4407.18,0.00,0.00,0.0,BEARISH,221.0,4407.20,4408.18,4407.20,4408.15,42,CLEARED_>=20s,98.0,95.0,3.0,0.0,3.1,0.0,0.0,PASS_<20%,0.00,0.0,NO,STANDBY_VEL_LOW,0,0.00,4590.00,113.54,FALSE,M1_DIRECTION_MISMATCH
2026-09-07 18:03:42.837,1788804222.837,2534,28,112,4408.15,4408.23,8.0,PASS_<=10c,+0.0,FLAT,+95.0,-123.0,3.9,+6.95,1.78,SLOW,4409.38,4409.38,4407.17,4407.18,0.00,0.00,0.0,BEARISH,221.0,4407.20,4408.18,4407.20,4408.15,42,CLEARED_>=20s,98.0,95.0,3.0,0.0,3.1,0.0,0.0,PASS_<20%,0.00,0.0,NO,STANDBY_VEL_LOW,0,0.00,4590.00,113.54,FALSE,M1_DIRECTION_MISMATCH
2026-09-07 18:03:43.340,1788804223.340,2535,29,113,4408.15,4408.23,8.0,PASS_<=10c,+0.0,FLAT,+95.0,-123.0,3.9,+6.22,1.59,SLOW,4409.38,4409.38,4407.17,4407.18,0.00,0.00,0.0,BEARISH,221.0,4407.20,4408.18,4407.20,4408.15,43,CLEARED_>=20s,98.0,95.0,3.0,0.0,3.1,0.0,0.0,PASS_<20%,0.00,0.0,NO,STANDBY_VEL_LOW,0,0.00,4590.00,113.54,FALSE,M1_DIRECTION_MISMATCH
2026-09-07 18:03:43.842,1788804223.842,2536,30,114,4408.15,4408.23,8.0,PASS_<=10c,+0.0,FLAT,+95.0,-123.0,4.3,+6.50,1.51,SLOW,4409.38,4409.38,4407.17,4407.18,0.00,0.00,0.0,BEARISH,221.0,4407.20,4408.18,4407.20,4408.15,43,CLEARED_>=20s,98.0,95.0,3.0,0.0,3.1,0.0,0.0,PASS_<20%,0.00,0.0,NO,STANDBY_VEL_LOW,0,0.00,4590.00,113.54,FALSE,M1_DIRECTION_MISMATCH
2026-09-07 18:03:44.343,1788804224.343,2537,31,115,4408.15,4408.23,8.0,PASS_<=10c,+0.0,FLAT,+95.0,-123.0,4.2,+2.20,0.52,SLOW,4409.38,4409.38,4407.17,4407.18,0.00,0.00,0.0,BEARISH,221.0,4407.20,4408.18,4407.20,4408.15,44,CLEARED_>=20s,98.0,95.0,3.0,0.0,3.1,0.0,0.0,PASS_<20%,0.00,0.0,NO,STANDBY_VEL_LOW,0,0.00,4590.00,113.54,FALSE,M1_DIRECTION_MISMATCH
2026-09-07 18:03:44.843,1788804224.844,2538,32,116,4408.15,4408.23,8.0,PASS_<=10c,+0.0,FLAT,+95.0,-123.0,4.2,+2.18,0.52,SLOW,4409.38,4409.38,4407.17,4407.18,0.00,0.00,0.0,BEARISH,221.0,4407.20,4408.18,4407.20,4408.15,44,CLEARED_>=20s,98.0,95.0,3.0,0.0,3.1,0.0,0.0,PASS_<20%,0.00,0.0,NO,STANDBY_VEL_LOW,0,0.00,4590.00,113.54,FALSE,M1_DIRECTION_MISMATCH
2026-09-07 18:03:45.345,1788804225.345,2539,33,117,4408.15,4408.23,8.0,PASS_<=10c,+0.0,FLAT,+95.0,-123.0,4.2,+2.16,0.51,SLOW,4409.38,4409.38,4407.17,4407.18,0.00,0.00,0.0,BEARISH,221.0,4407.20,4408.18,4407.20,4408.15,45,CLEARED_>=20s,98.0,95.0,3.0,0.0,3.1,0.0,0.0,PASS_<20%,0.00,0.0,NO,STANDBY_VEL_LOW,0,0.00,4590.00,113.54,FALSE,M1_DIRECTION_MISMATCH
2026-09-07 18:03:45.847,1788804225.847,2540,34,118,4408.15,4408.23,8.0,PASS_<=10c,+0.0,FLAT,+95.0,-123.0,4.2,+2.14,0.51,SLOW,4409.38,4409.38,4407.17,4407.18,0.00,0.00,0.0,BEARISH,221.0,4407.20,4408.18,4407.20,4408.15,45,CLEARED_>=20s,98.0,95.0,3.0,0.0,3.1,0.0,0.0,PASS_<20%,0.00,0.0,NO,STANDBY_VEL_LOW,0,0.00,4590.00,113.54,FALSE,M1_DIRECTION_MISMATCH
2026-09-07 18:03:46.348,1788804226.348,2541,35,119,4408.15,4408.23,8.0,PASS_<=10c,+0.0,FLAT,+95.0,-123.0,4.2,+2.13,0.51,SLOW,4409.38,4409.38,4407.17,4407.18,0.00,0.00,0.0,BEARISH,221.0,4407.20,4408.18,4407.20,4408.15,46,CLEARED_>=20s,98.0,95.0,3.0,0.0,3.1,0.0,0.0,PASS_<20%,0.00,0.0,NO,STANDBY_VEL_LOW,0,0.00,4590.00,113.54,FALSE,M1_DIRECTION_MISMATCH
2026-09-07 18:03:46.850,1788804226.850,2542,36,120,4408.15,4408.23,8.0,PASS_<=10c,+0.0,FLAT,+95.0,-123.0,4.2,+2.11,0.50,SLOW,4409.38,4409.38,4407.17,4407.18,0.00,0.00,0.0,BEARISH,221.0,4407.20,4408.18,4407.20,4408.15,46,CLEARED_>=20s,98.0,95.0,3.0,0.0,3.1,0.0,0.0,PASS_<20%,0.00,0.0,NO,STANDBY_VEL_LOW,0,0.00,4590.00,113.54,FALSE,M1_DIRECTION_MISMATCH
2026-09-07 18:03:52.368,1788804232.368,2543,37,121,4408.15,4408.23,8.0,PASS_<=10c,+0.0,FLAT,+95.0,-123.0,1.6,+1.61,1.01,SLOW,4409.38,4409.38,4407.17,4407.18,0.00,0.00,0.0,BEARISH,221.0,4407.20,4408.18,4407.20,4408.15,52,CLEARED_>=20s,98.0,95.0,3.0,0.0,3.1,0.0,0.0,PASS_<20%,0.00,0.0,NO,STANDBY_VEL_LOW,0,0.00,4590.00,113.54,FALSE,M1_DIRECTION_MISMATCH
2026-09-07 18:04:02.603,1788804242.603,2544,1,122,4408.15,4408.23,8.0,PASS_<=10c,+0.0,FLAT,+0.0,-123.0,1.3,+1.61,1.24,SLOW,4409.38,4409.38,4407.17,4407.18,0.00,0.00,0.0,BEARISH,221.0,4408.15,4408.15,4408.15,4408.15,2,ACTIVE_2s,1.0,0.0,0.0,0.0,0.0,0.0,0.0,PASS_<20%,0.00,0.0,NO,STANDBY_VEL_LOW,0,0.00,4590.00,113.54,FALSE,M1_DIRECTION_MISMATCH|OPENING_SHIELD_ACTIVE_2s
2026-09-07 18:04:04.614,1788804244.614,2545,2,123,4408.51,4408.59,8.0,PASS_<=10c,+36.0,UP,+36.0,-87.0,1.5,+17.90,11.93,SLOW,4409.38,4409.38,4407.17,4407.18,0.00,0.00,0.0,BEARISH,221.0,4408.15,4408.51,4408.15,4408.51,4,ACTIVE_4s,36.0,36.0,0.0,0.0,0.0,0.0,0.0,PASS_<20%,0.00,0.0,NO,STANDBY_VEL_LOW,0,0.00,4590.00,113.54,FALSE,M1_DIRECTION_MISMATCH|OPENING_SHIELD_ACTIVE_4s
2026-09-07 18:04:05.115,1788804245.115,2546,3,124,4408.51,4408.59,8.0,PASS_<=10c,+0.0,FLAT,+36.0,-87.0,2.0,+14.33,7.17,SLOW,4409.38,4409.38,4407.17,4407.18,0.00,0.00,0.0,BEARISH,221.0,4408.15,4408.51,4408.15,4408.51,5,ACTIVE_5s,36.0,36.0,0.0,0.0,0.0,0.0,0.0,PASS_<20%,0.00,0.0,NO,STANDBY_VEL_LOW,0,0.00,4590.00,113.54,FALSE,M1_DIRECTION_MISMATCH|OPENING_SHIELD_ACTIVE_5s
2026-09-07 18:04:05.616,1788804245.616,2547,4,125,4408.55,4408.63,8.0,PASS_<=10c,+4.0,UP,+40.0,-83.0,2.3,+13.28,5.77,SLOW,4409.38,4409.38,4407.17,4407.18,0.00,0.00,0.0,BEARISH,221.0,4408.15,4408.55,4408.15,4408.55,5,ACTIVE_5s,40.0,40.0,0.0,0.0,0.0,0.0,0.0,PASS_<20%,0.00,0.0,NO,STANDBY_VEL_LOW,0,0.00,4590.00,113.54,FALSE,M1_DIRECTION_MISMATCH|OPENING_SHIELD_ACTIVE_5s
2026-09-07 18:04:06.118,1788804246.118,2548,5,126,4408.55,4408.63,8.0,PASS_<=10c,+0.0,FLAT,+40.0,-83.0,2.6,+11.38,4.38,SLOW,4409.38,4409.38,4407.17,4407.18,0.00,0.00,0.0,BEARISH,221.0,4408.15,4408.55,4408.15,4408.55,6,ACTIVE_6s,40.0,40.0,0.0,0.0,0.0,0.0,0.0,PASS_<20%,0.00,0.0,NO,STANDBY_VEL_LOW,0,0.00,4590.00,113.54,FALSE,M1_DIRECTION_MISMATCH|OPENING_SHIELD_ACTIVE_6s
2026-09-07 18:04:06.619,1788804246.620,2549,6,127,4408.55,4408.63,8.0,PASS_<=10c,+0.0,FLAT,+40.0,-83.0,2.7,+9.96,3.69,SLOW,4409.38,4409.38,4407.17,4407.18,0.00,0.00,0.0,BEARISH,221.0,4408.15,4408.55,4408.15,4408.55,6,ACTIVE_6s,40.0,40.0,0.0,0.0,0.0,0.0,0.0,PASS_<20%,0.00,0.0,NO,STANDBY_VEL_LOW,0,0.00,4590.00,113.54,FALSE,M1_DIRECTION_MISMATCH|OPENING_SHIELD_ACTIVE_6s
2026-09-07 18:04:07.124,1788804247.125,2550,7,128,4408.55,4408.63,8.0,PASS_<=10c,+0.0,FLAT,+40.0,-83.0,2.9,+8.85,3.05,SLOW,4409.38,4409.38,4407.17,4407.18,0.00,0.00,0.0,BEARISH,221.0,4408.15,4408.55,4408.15,4408.55,7,ACTIVE_7s,40.0,40.0,0.0,0.0,0.0,0.0,0.0,PASS_<20%,0.00,0.0,NO,STANDBY_VEL_LOW,0,0.00,4590.00,113.54,FALSE,M1_DIRECTION_MISMATCH|OPENING_SHIELD_ACTIVE_7s
2026-09-07 18:04:07.623,1788804247.623,2551,8,129,4408.55,4408.63,8.0,PASS_<=10c,+0.0,FLAT,+40.0,-83.0,4.5,+12.86,2.86,SLOW,4409.38,4409.38,4407.17,4407.18,0.00,0.00,0.0,BEARISH,221.0,4408.15,4408.55,4408.15,4408.55,7,ACTIVE_7s,40.0,40.0,0.0,0.0,0.0,0.0,0.0,PASS_<20%,0.00,0.0,NO,STANDBY_VEL_LOW,0,0.00,4590.00,113.54,FALSE,M1_DIRECTION_MISMATCH|OPENING_SHIELD_ACTIVE_7s
2026-09-07 18:04:08.125,1788804248.126,2552,9,130,4408.55,4408.63,8.0,PASS_<=10c,+0.0,FLAT,+40.0,-83.0,4.4,+11.07,2.52,SLOW,4409.38,4409.38,4407.17,4407.18,0.00,0.00,0.0,BEARISH,221.0,4408.15,4408.55,4408.15,4408.55,8,ACTIVE_8s,40.0,40.0,0.0,0.0,0.0,0.0,0.0,PASS_<20%,0.00,0.0,NO,STANDBY_VEL_LOW,0,0.00,4590.00,113.54,FALSE,M1_DIRECTION_MISMATCH|OPENING_SHIELD_ACTIVE_8s
2026-09-07 18:04:08.627,1788804248.628,2553,10,131,4408.55,4408.63,8.0,PASS_<=10c,+0.0,FLAT,+40.0,-83.0,4.4,+9.72,2.21,SLOW,4409.38,4409.38,4407.17,4407.18,0.00,0.00,0.0,BEARISH,221.0,4408.15,4408.55,4408.15,4408.55,8,ACTIVE_8s,40.0,40.0,0.0,0.0,0.0,0.0,0.0,PASS_<20%,0.00,0.0,NO,STANDBY_VEL_LOW,0,0.00,4590.00,113.54,FALSE,M1_DIRECTION_MISMATCH|OPENING_SHIELD_ACTIVE_8s
2026-09-07 18:04:09.129,1788804249.130,2554,11,132,4408.55,4408.63,8.0,PASS_<=10c,+0.0,FLAT,+40.0,-83.0,4.3,+8.66,2.01,SLOW,4409.38,4409.38,4407.17,4407.18,0.00,0.00,0.0,BEARISH,221.0,4408.15,4408.55,4408.15,4408.55,9,ACTIVE_9s,40.0,40.0,0.0,0.0,0.0,0.0,0.0,PASS_<20%,0.00,0.0,NO,STANDBY_VEL_LOW,0,0.00,4590.00,113.54,FALSE,M1_DIRECTION_MISMATCH|OPENING_SHIELD_ACTIVE_9s
2026-09-07 18:04:09.631,1788804249.632,2555,12,133,4408.55,4408.63,8.0,PASS_<=10c,+0.0,FLAT,+40.0,-83.0,4.2,+2.42,0.58,SLOW,4409.38,4409.38,4407.17,4407.18,0.00,0.00,0.0,BEARISH,221.0,4408.15,4408.55,4408.15,4408.55,9,ACTIVE_9s,40.0,40.0,0.0,0.0,0.0,0.0,0.0,PASS_<20%,0.00,0.0,NO,STANDBY_VEL_LOW,0,0.00,4590.00,113.54,FALSE,M1_DIRECTION_MISMATCH|OPENING_SHIELD_ACTIVE_9s
2026-09-07 18:04:10.133,1788804250.133,2556,13,134,4408.55,4408.63,8.0,PASS_<=10c,+0.0,FLAT,+40.0,-83.0,4.2,+2.40,0.57,SLOW,4409.38,4409.38,4407.17,4407.18,0.00,0.00,0.0,BEARISH,221.0,4408.15,4408.55,4408.15,4408.55,10,ACTIVE_10s,40.0,40.0,0.0,0.0,0.0,0.0,0.0,PASS_<20%,0.00,0.0,NO,STANDBY_VEL_LOW,0,0.00,4590.00,113.54,FALSE,M1_DIRECTION_MISMATCH|OPENING_SHIELD_ACTIVE_10s
2026-09-07 18:04:10.634,1788804250.635,2557,14,135,4408.55,4408.63,8.0,PASS_<=10c,+0.0,FLAT,+40.0,-83.0,4.2,+2.38,0.57,SLOW,4409.38,4409.38,4407.17,4407.18,0.00,0.00,0.0,BEARISH,221.0,4408.15,4408.55,4408.15,4408.55,10,ACTIVE_10s,40.0,40.0,0.0,0.0,0.0,0.0,0.0,PASS_<20%,0.00,0.0,NO,STANDBY_VEL_LOW,0,0.00,4590.00,113.54,FALSE,M1_DIRECTION_MISMATCH|OPENING_SHIELD_ACTIVE_10s
2026-09-07 18:04:11.135,1788804251.136,2558,15,136,4408.55,4408.63,8.0,PASS_<=10c,+0.0,FLAT,+40.0,-83.0,4.2,+2.36,0.56,SLOW,4409.38,4409.38,4407.17,4407.18,0.00,0.00,0.0,BEARISH,221.0,4408.15,4408.55,4408.15,4408.55,11,ACTIVE_11s,40.0,40.0,0.0,0.0,0.0,0.0,0.0,PASS_<20%,0.00,0.0,NO,STANDBY_VEL_LOW,0,0.00,4590.00,113.54,FALSE,M1_DIRECTION_MISMATCH|OPENING_SHIELD_ACTIVE_11s
2026-09-07 18:04:11.637,1788804251.637,2559,16,137,4408.55,4408.63,8.0,PASS_<=10c,+0.0,FLAT,+40.0,-83.0,4.2,+2.33,0.55,SLOW,4409.38,4409.38,4407.17,4407.18,0.00,0.00,0.0,BEARISH,221.0,4408.15,4408.55,4408.15,4408.55,11,ACTIVE_11s,40.0,40.0,0.0,0.0,0.0,0.0,0.0,PASS_<20%,0.00,0.0,NO,STANDBY_VEL_LOW,0,0.00,4590.00,113.54,FALSE,M1_DIRECTION_MISMATCH|OPENING_SHIELD_ACTIVE_11s
2026-09-07 18:04:12.138,1788804252.139,2560,17,138,4408.55,4408.63,8.0,PASS_<=10c,+0.0,FLAT,+40.0,-83.0,4.2,+2.31,0.55,SLOW,4409.38,4409.38,4407.17,4407.18,0.00,0.00,0.0,BEARISH,221.0,4408.15,4408.55,4408.15,4408.55,12,ACTIVE_12s,40.0,40.0,0.0,0.0,0.0,0.0,0.0,PASS_<20%,0.00,0.0,NO,STANDBY_VEL_LOW,0,0.00,4590.00,113.54,FALSE,M1_DIRECTION_MISMATCH|OPENING_SHIELD_ACTIVE_12s
2026-09-07 18:04:17.651,1788804257.652,2561,18,139,4408.55,4408.63,8.0,PASS_<=10c,+0.0,FLAT,+40.0,-83.0,1.6,+1.85,1.16,SLOW,4409.38,4409.38,4407.17,4407.18,0.00,0.00,0.0,BEARISH,221.0,4408.15,4408.55,4408.15,4408.55,17,ACTIVE_17s,40.0,40.0,0.0,0.0,0.0,0.0,0.0,PASS_<20%,0.00,0.0,NO,STANDBY_VEL_LOW,0,0.00,4590.00,113.54,FALSE,M1_DIRECTION_MISMATCH|OPENING_SHIELD_ACTIVE_17s
2026-09-07 18:04:27.884,1788804267.885,2562,19,140,4408.55,4408.63,8.0,PASS_<=10c,+0.0,FLAT,+40.0,-83.0,1.3,+1.17,0.90,SLOW,4409.38,4409.38,4407.17,4407.18,0.00,0.00,0.0,BEARISH,221.0,4408.15,4408.55,4408.15,4408.55,27,CLEARED_>=20s,40.0,40.0,0.0,0.0,0.0,0.0,0.0,PASS_<20%,0.00,0.0,NO,STANDBY_VEL_LOW,0,0.00,4590.00,113.54,FALSE,M1_DIRECTION_MISMATCH
2026-09-07 18:04:29.492,1788804269.493,2563,20,141,4408.35,4408.43,8.0,PASS_<=10c,-20.0,DOWN,+20.0,-103.0,1.9,+12.44,6.55,SLOW,4409.38,4409.38,4407.17,4407.18,0.00,0.00,0.0,BEARISH,221.0,4408.15,4408.55,4408.15,4408.35,29,CLEARED_>=20s,40.0,20.0,20.0,0.0,50.0,0.0,0.0,PASS_<20%,0.00,0.0,NO,STANDBY_VEL_LOW,0,0.00,4590.00,113.54,FALSE,M1_DIRECTION_MISMATCH
2026-09-07 18:04:29.994,1788804269.995,2564,21,142,4408.31,4408.39,8.0,PASS_<=10c,-4.0,DOWN,+16.0,-107.0,2.4,+11.37,4.74,SLOW,4409.38,4409.38,4407.17,4407.18,0.00,0.00,0.0,BEARISH,221.0,4408.15,4408.55,4408.15,4408.31,29,CLEARED_>=20s,40.0,16.0,24.0,0.0,60.0,0.0,0.0,PASS_<20%,0.00,0.0,NO,STANDBY_VEL_LOW,0,0.00,4590.00,113.54,FALSE,M1_DIRECTION_MISMATCH
2026-09-07 18:04:30.497,1788804270.497,2565,22,143,4408.12,4408.20,8.0,PASS_<=10c,-19.0,DOWN,-3.0,-126.0,2.7,+16.46,6.10,SLOW,4409.38,4409.38,4407.17,4407.18,0.00,0.00,0.0,BEARISH,221.0,4408.15,4408.55,4408.12,4408.12,30,CLEARED_>=20s,43.0,3.0,40.0,0.0,93.0,0.0,0.0,PASS_<20%,4408.00,12.0,NO,STANDBY_VEL_LOW,0,0.00,4590.00,113.54,FALSE,PRICE_ABOVE_15C_DISPLACEMENT
2026-09-07 18:04:30.999,1788804270.999,2566,23,144,4408.04,4408.12,8.0,PASS_<=10c,-8.0,DOWN,-11.0,-134.0,2.9,+16.37,5.64,SLOW,4409.38,4409.38,4407.17,4407.18,0.00,0.00,0.0,BEARISH,221.0,4408.15,4408.55,4408.04,4408.04,30,CLEARED_>=20s,51.0,11.0,40.0,0.0,78.4,0.0,0.0,PASS_<20%,4408.00,4.0,NO,STANDBY_VEL_LOW,0,0.00,4590.00,113.54,FALSE,PRICE_ABOVE_15C_DISPLACEMENT
2026-09-07 18:04:31.500,1788804271.501,2567,24,145,4407.91,4407.99,8.0,PASS_<=10c,-13.0,DOWN,-24.0,-147.0,3.0,+17.70,5.90,SLOW,4409.38,4409.38,4407.17,4407.18,0.00,0.00,0.0,BEARISH,221.0,4408.15,4408.55,4407.91,4407.91,31,CLEARED_>=20s,64.0,24.0,40.0,0.0,62.5,0.0,0.0,PASS_<20%,4408.00,9.0,YES,STANDBY_VEL_LOW,0,0.00,4590.00,113.54,TRUE,READY_TO_FIRE
2026-09-07 18:04:32.002,1788804272.003,2568,25,146,4407.68,4407.76,8.0,PASS_<=10c,-23.0,DOWN,-47.0,-170.0,3.2,+21.13,6.60,SLOW,4409.38,4409.38,4407.17,4407.18,0.00,0.00,0.0,BEARISH,221.0,4408.15,4408.55,4407.68,4407.68,32,CLEARED_>=20s,87.0,47.0,40.0,0.0,46.0,0.0,0.0,PASS_<20%,4408.00,32.0,YES,STANDBY_VEL_LOW,0,0.00,4590.00,113.54,TRUE,READY_TO_FIRE
2026-09-07 18:04:32.504,1788804272.504,2569,26,147,4407.63,4407.71,8.0,PASS_<=10c,-5.0,DOWN,-52.0,-175.0,3.2,+19.92,6.23,SLOW,4409.38,4409.38,4407.17,4407.18,0.00,0.00,0.0,BEARISH,221.0,4408.15,4408.55,4407.63,4407.63,32,CLEARED_>=20s,92.0,52.0,40.0,0.0,43.5,0.0,0.0,PASS_<20%,4408.00,37.0,YES,STANDBY_VEL_LOW,0,0.00,4590.00,113.54,TRUE,READY_TO_FIRE
2026-09-07 18:04:33.005,1788804273.005,2570,27,148,4407.63,4407.71,8.0,PASS_<=10c,+0.0,FLAT,-52.0,-175.0,4.4,+25.46,5.79,SLOW,4409.38,4409.38,4407.17,4407.18,0.00,0.00,0.0,BEARISH,221.0,4408.15,4408.55,4407.63,4407.63,33,CLEARED_>=20s,92.0,52.0,40.0,0.0,43.5,0.0,0.0,PASS_<20%,4408.00,37.0,YES,STANDBY_VEL_LOW,0,0.00,4590.00,113.54,TRUE,READY_TO_FIRE
2026-09-07 18:04:33.506,1788804273.507,2571,28,149,4407.61,4407.69,8.0,PASS_<=10c,-2.0,DOWN,-54.0,-177.0,4.4,+22.84,5.19,SLOW,4409.38,4409.38,4407.17,4407.18,0.00,0.00,0.0,BEARISH,221.0,4408.15,4408.55,4407.61,4407.61,33,CLEARED_>=20s,94.0,54.0,40.0,0.0,42.6,0.0,0.0,PASS_<20%,4408.00,39.0,YES,STANDBY_VEL_LOW,0,0.00,4590.00,113.54,TRUE,READY_TO_FIRE
2026-09-07 18:04:34.008,1788804274.009,2572,29,150,4407.61,4407.69,8.0,PASS_<=10c,+0.0,FLAT,-54.0,-177.0,4.3,+20.36,4.73,SLOW,4409.38,4409.38,4407.17,4407.18,0.00,0.00,0.0,BEARISH,221.0,4408.15,4408.55,4407.61,4407.61,34,CLEARED_>=20s,94.0,54.0,40.0,0.0,42.6,0.0,0.0,PASS_<20%,4408.00,39.0,YES,STANDBY_VEL_LOW,0,0.00,4590.00,113.54,TRUE,READY_TO_FIRE
2026-09-07 18:04:34.509,1788804274.510,2573,30,151,4407.61,4407.69,8.0,PASS_<=10c,+0.0,FLAT,-54.0,-177.0,4.2,+15.52,3.70,SLOW,4409.38,4409.38,4407.17,4407.18,0.00,0.00,0.0,BEARISH,221.0,4408.15,4408.55,4407.61,4407.61,34,CLEARED_>=20s,94.0,54.0,40.0,0.0,42.6,0.0,0.0,PASS_<20%,4408.00,39.0,YES,STANDBY_VEL_LOW,0,0.00,4590.00,113.54,TRUE,READY_TO_FIRE
2026-09-07 18:04:47.763,1788804287.764,2574,31,152,4407.61,4407.69,8.0,PASS_<=10c,+0.0,FLAT,-54.0,-177.0,1.1,+0.00,0.00,SLOW,4409.38,4409.38,4407.17,4407.18,0.00,0.00,0.0,BEARISH,221.0,4408.15,4408.55,4407.61,4407.61,47,CLEARED_>=20s,94.0,54.0,40.0,0.0,42.6,0.0,0.0,PASS_<20%,4408.00,39.0,YES,STANDBY_VEL_LOW,1,4407.61,182.39,113.54,TRUE,READY_TO_FIRE
2026-09-07 18:04:54.386,1788804294.386,2575,32,153,4407.61,4407.69,8.0,PASS_<=10c,+0.0,FLAT,-54.0,-177.0,1.3,+0.00,0.00,SLOW,4409.38,4409.38,4407.17,4407.18,0.00,0.00,0.0,BEARISH,221.0,4408.15,4408.55,4407.61,4407.61,54,CLEARED_>=20s,94.0,54.0,40.0,0.0,42.6,0.0,0.0,PASS_<20%,4408.00,39.0,YES,STANDBY_VEL_LOW,1,4407.61,182.39,113.54,TRUE,READY_TO_FIRE
2026-09-07 18:04:54.740,1788804294.741,2576,33,154,4407.01,4407.09,8.0,PASS_<=10c,-60.0,DOWN,-114.0,-237.0,2.2,+32.26,14.66,SLOW,4409.38,4409.38,4407.17,4407.18,0.00,0.00,0.0,BEARISH,221.0,4408.15,4408.55,4406.98,4407.01,54,CLEARED_>=20s,157.0,114.0,40.0,3.0,25.5,1.9,1.9,PASS_<20%,4408.00,99.0,YES,STANDBY_VEL_LOW,1,4407.61,182.39,113.54,TRUE,READY_TO_FIRE
2026-09-07 18:04:55.242,1788804295.243,2577,34,155,4407.01,4407.09,8.0,PASS_<=10c,+0.0,FLAT,-114.0,-237.0,2.5,+25.41,10.16,SLOW,4409.38,4409.38,4407.17,4407.18,0.00,0.00,0.0,BEARISH,221.0,4408.15,4408.55,4406.98,4407.01,55,CLEARED_>=20s,157.0,114.0,40.0,3.0,25.5,1.9,1.9,PASS_<20%,4408.00,99.0,YES,STANDBY_VEL_LOW,1,4407.61,182.39,113.54,TRUE,READY_TO_FIRE
2026-09-07 18:04:55.744,1788804295.744,2578,35,156,4407.01,4407.09,8.0,PASS_<=10c,+0.0,FLAT,-114.0,-237.0,2.8,+20.95,7.48,SLOW,4409.38,4409.38,4407.17,4407.18,0.00,0.00,0.0,BEARISH,221.0,4408.15,4408.55,4406.98,4407.01,55,CLEARED_>=20s,157.0,114.0,40.0,3.0,25.5,1.9,1.9,PASS_<20%,4408.00,99.0,YES,STANDBY_VEL_LOW,1,4407.61,182.39,113.54,TRUE,READY_TO_FIRE
2026-09-07 18:04:56.246,1788804296.247,2579,36,157,4407.01,4407.09,8.0,PASS_<=10c,+0.0,FLAT,-114.0,-237.0,3.0,+17.83,5.94,SLOW,4409.38,4409.38,4407.17,4407.18,0.00,0.00,0.0,BEARISH,221.0,4408.15,4408.55,4406.98,4407.01,56,CLEARED_>=20s,157.0,114.0,40.0,3.0,25.5,1.9,1.9,PASS_<20%,4408.00,99.0,YES,STANDBY_VEL_LOW,1,4407.61,182.39,113.54,TRUE,READY_TO_FIRE
2026-09-07 18:04:56.747,1788804296.748,2580,37,158,4407.01,4407.09,8.0,PASS_<=10c,+0.0,FLAT,-114.0,-237.0,3.1,+15.51,5.00,SLOW,4409.38,4409.38,4407.17,4407.18,0.00,0.00,0.0,BEARISH,221.0,4408.15,4408.55,4406.98,4407.01,56,CLEARED_>=20s,157.0,114.0,40.0,3.0,25.5,1.9,1.9,PASS_<20%,4408.00,99.0,YES,STANDBY_VEL_LOW,1,4407.61,182.39,113.54,TRUE,READY_TO_FIRE
2026-09-07 18:04:57.249,1788804297.249,2581,38,159,4407.01,4407.09,8.0,PASS_<=10c,+0.0,FLAT,-114.0,-237.0,3.2,+13.73,4.29,SLOW,4409.38,4409.38,4407.17,4407.18,0.00,0.00,0.0,BEARISH,221.0,4408.15,4408.55,4406.98,4407.01,57,CLEARED_>=20s,157.0,114.0,40.0,3.0,25.5,1.9,1.9,PASS_<20%,4408.00,99.0,YES,STANDBY_VEL_LOW,1,4407.61,182.39,113.54,TRUE,READY_TO_FIRE
2026-09-07 18:04:57.752,1788804297.752,2582,39,160,4407.01,4407.09,8.0,PASS_<=10c,+0.0,FLAT,-114.0,-237.0,3.3,+12.32,3.73,SLOW,4409.38,4409.38,4407.17,4407.18,0.00,0.00,0.0,BEARISH,221.0,4408.15,4408.55,4406.98,4407.01,57,CLEARED_>=20s,157.0,114.0,40.0,3.0,25.5,1.9,1.9,PASS_<20%,4408.00,99.0,YES,STANDBY_VEL_LOW,1,4407.61,182.39,113.54,TRUE,READY_TO_FIRE
2026-09-07 18:04:58.253,1788804298.253,2583,40,161,4407.01,4407.09,8.0,PASS_<=10c,+0.0,FLAT,-114.0,-237.0,4.4,+15.52,3.53,SLOW,4409.38,4409.38,4407.17,4407.18,0.00,0.00,0.0,BEARISH,221.0,4408.15,4408.55,4406.98,4407.01,58,CLEARED_>=20s,157.0,114.0,40.0,3.0,25.5,1.9,1.9,PASS_<20%,4408.00,99.0,YES,STANDBY_VEL_LOW,1,4407.61,182.39,113.54,TRUE,READY_TO_FIRE
2026-09-07 18:04:58.754,1788804298.754,2584,41,162,4407.01,4407.09,8.0,PASS_<=10c,+0.0,FLAT,-114.0,-237.0,4.3,+13.74,3.20,SLOW,4409.38,4409.38,4407.17,4407.18,0.00,0.00,0.0,BEARISH,221.0,4408.15,4408.55,4406.98,4407.01,58,CLEARED_>=20s,157.0,114.0,40.0,3.0,25.5,1.9,1.9,PASS_<20%,4408.00,99.0,YES,STANDBY_VEL_LOW,1,4407.61,182.39,113.54,TRUE,READY_TO_FIRE
2026-09-07 18:04:59.256,1788804299.257,2585,42,163,4407.01,4407.09,8.0,PASS_<=10c,+0.0,FLAT,-114.0,-237.0,4.3,+12.32,2.87,SLOW,4409.38,4409.38,4407.17,4407.18,0.00,0.00,0.0,BEARISH,221.0,4408.15,4408.55,4406.98,4407.01,59,CLEARED_>=20s,157.0,114.0,40.0,3.0,25.5,1.9,1.9,PASS_<20%,4408.00,99.0,YES,STANDBY_VEL_LOW,1,4407.61,182.39,113.54,TRUE,READY_TO_FIRE
2026-09-07 18:04:59.758,1788804299.758,2586,43,164,4407.01,4407.09,8.0,PASS_<=10c,+0.0,FLAT,-114.0,-237.0,4.2,+0.21,0.05,SLOW,4409.38,4409.38,4407.17,4407.18,0.00,0.00,0.0,BEARISH,221.0,4408.15,4408.55,4406.98,4407.01,59,CLEARED_>=20s,157.0,114.0,40.0,3.0,25.5,1.9,1.9,PASS_<20%,4408.00,99.0,YES,STANDBY_VEL_LOW,1,4407.61,182.39,113.54,TRUE,READY_TO_FIRE
2026-09-07 18:05:00.259,1788804300.260,2587,1,1,4407.01,4407.09,8.0,PASS_<=10c,+0.0,FLAT,+0.0,-18.0,4.2,+0.00,0.00,SLOW,4407.19,4408.62,4405.89,4407.01,0.00,0.00,0.0,BEARISH,273.0,4407.01,4407.01,4407.01,4407.01,0,ACTIVE_0s,1.0,0.0,0.0,0.0,0.0,0.0,0.0,PASS_<20%,0.00,0.0,NO,STANDBY_VEL_LOW,1,4407.61,182.39,113.54,FALSE,M1_DIRECTION_MISMATCH|OPENING_SHIELD_ACTIVE_0s
2026-09-07 18:05:00.762,1788804300.763,2588,2,2,4407.01,4407.09,8.0,PASS_<=10c,+0.0,FLAT,+0.0,-18.0,4.2,+0.00,0.00,SLOW,4407.19,4408.62,4405.89,4407.01,0.00,0.00,0.0,BEARISH,273.0,4407.01,4407.01,4407.01,4407.01,0,ACTIVE_0s,1.0,0.0,0.0,0.0,0.0,0.0,0.0,PASS_<20%,0.00,0.0,NO,STANDBY_VEL_LOW,1,4407.61,182.39,113.54,FALSE,M1_DIRECTION_MISMATCH|OPENING_SHIELD_ACTIVE_0s
2026-09-07 18:05:01.263,1788804301.263,2589,3,3,4407.01,4407.09,8.0,PASS_<=10c,+0.0,FLAT,+0.0,-18.0,4.2,+0.00,0.00,SLOW,4407.19,4408.62,4405.89,4407.01,0.00,0.00,0.0,BEARISH,273.0,4407.01,4407.01,4407.01,4407.01,1,ACTIVE_1s,1.0,0.0,0.0,0.0,0.0,0.0,0.0,PASS_<20%,0.00,0.0,NO,STANDBY_VEL_LOW,1,4407.61,182.39,113.54,FALSE,M1_DIRECTION_MISMATCH|OPENING_SHIELD_ACTIVE_1s
2026-09-07 18:05:01.765,1788804301.766,2590,4,4,4407.01,4407.09,8.0,PASS_<=10c,+0.0,FLAT,+0.0,-18.0,4.2,+0.00,0.00,SLOW,4407.19,4408.62,4405.89,4407.05,0.00,0.00,0.0,BEARISH,273.0,4407.01,4407.01,4407.01,4407.01,1,ACTIVE_1s,1.0,0.0,0.0,0.0,0.0,0.0,0.0,PASS_<20%,0.00,0.0,NO,STANDBY_VEL_LOW,1,4407.61,182.39,113.54,FALSE,M1_DIRECTION_MISMATCH|OPENING_SHIELD_ACTIVE_1s
2026-09-07 18:05:02.269,1788804302.269,2591,5,5,4407.01,4407.09,8.0,PASS_<=10c,+0.0,FLAT,+0.0,-18.0,4.2,+0.00,0.00,SLOW,4407.19,4408.62,4405.89,4407.05,0.00,0.00,0.0,BEARISH,273.0,4407.01,4407.01,4407.01,4407.01,2,ACTIVE_2s,1.0,0.0,0.0,0.0,0.0,0.0,0.0,PASS_<20%,0.00,0.0,NO,STANDBY_VEL_LOW,1,4407.61,182.39,113.54,FALSE,M1_DIRECTION_MISMATCH|OPENING_SHIELD_ACTIVE_2s
2026-09-07 18:05:12.648,1788804312.649,2592,6,6,4407.01,4407.09,8.0,PASS_<=10c,+0.0,FLAT,+0.0,-18.0,1.1,+0.00,0.00,SLOW,4407.19,4408.62,4405.89,4407.05,0.00,0.00,0.0,BEARISH,273.0,4407.01,4407.01,4407.01,4407.01,12,ACTIVE_12s,1.0,0.0,0.0,0.0,0.0,0.0,0.0,PASS_<20%,0.00,0.0,NO,STANDBY_VEL_LOW,1,4407.61,182.39,113.54,FALSE,M1_DIRECTION_MISMATCH|OPENING_SHIELD_ACTIVE_12s
2026-09-07 18:05:20.090,1788804320.090,2593,7,7,4407.01,4407.09,8.0,PASS_<=10c,+0.0,FLAT,+0.0,-18.0,1.1,+0.00,0.00,SLOW,4407.19,4408.62,4405.89,4407.05,0.00,0.00,0.0,BEARISH,273.0,4407.01,4407.01,4407.01,4407.01,20,CLEARED_>=20s,1.0,0.0,0.0,0.0,0.0,0.0,0.0,PASS_<20%,0.00,0.0,NO,STANDBY_VEL_LOW,1,4407.61,182.39,113.54,FALSE,M1_DIRECTION_MISMATCH
2026-09-07 18:05:20.446,1788804320.447,2594,8,8,4406.75,4406.83,8.0,PASS_<=10c,-26.0,DOWN,-26.0,-44.0,1.5,+9.76,6.51,SLOW,4407.19,4408.62,4405.89,4407.05,0.00,0.00,0.0,BEARISH,273.0,4407.01,4407.01,4406.75,4406.75,20,CLEARED_>=20s,26.0,26.0,0.0,0.0,0.0,0.0,0.0,PASS_<20%,4406.86,11.0,YES,STANDBY_VEL_LOW,1,4407.61,182.39,113.54,TRUE,READY_TO_FIRE
2026-09-07 18:05:22.249,1788804322.250,2595,9,9,4406.75,4406.83,8.0,PASS_<=10c,+0.0,FLAT,-26.0,-44.0,1.3,+5.82,4.48,SLOW,4407.19,4408.62,4405.89,4407.05,0.00,0.00,0.0,BEARISH,273.0,4407.01,4407.01,4406.75,4406.75,22,CLEARED_>=20s,26.0,26.0,0.0,0.0,0.0,0.0,0.0,PASS_<20%,4406.86,11.0,YES,STANDBY_VEL_LOW,1,4407.61,182.39,113.54,TRUE,READY_TO_FIRE
2026-09-07 18:05:22.751,1788804322.751,2596,10,10,4406.75,4406.83,8.0,PASS_<=10c,+0.0,FLAT,-26.0,-44.0,1.6,+5.23,3.27,SLOW,4407.19,4408.62,4405.89,4407.05,0.00,0.00,0.0,BEARISH,273.0,4407.01,4407.01,4406.75,4406.75,22,CLEARED_>=20s,26.0,26.0,0.0,0.0,0.0,0.0,0.0,PASS_<20%,4406.86,11.0,YES,STANDBY_VEL_LOW,1,4407.61,182.39,113.54,TRUE,READY_TO_FIRE
2026-09-07 18:05:23.252,1788804323.253,2597,11,11,4406.75,4406.83,8.0,PASS_<=10c,+0.0,FLAT,-26.0,-44.0,2.8,+8.22,2.94,SLOW,4407.19,4408.62,4405.89,4407.05,0.00,0.00,0.0,BEARISH,273.0,4407.01,4407.01,4406.75,4406.75,23,CLEARED_>=20s,26.0,26.0,0.0,0.0,0.0,0.0,0.0,PASS_<20%,4406.86,11.0,YES,STANDBY_VEL_LOW,1,4407.61,182.39,113.54,TRUE,READY_TO_FIRE
2026-09-07 18:05:23.754,1788804323.754,2598,12,12,4406.75,4406.83,8.0,PASS_<=10c,+0.0,FLAT,-26.0,-44.0,3.0,+7.10,2.37,SLOW,4407.19,4408.62,4405.89,4407.05,0.00,0.00,0.0,BEARISH,273.0,4407.01,4407.01,4406.75,4406.75,23,CLEARED_>=20s,26.0,26.0,0.0,0.0,0.0,0.0,0.0,PASS_<20%,4406.86,11.0,YES,STANDBY_VEL_LOW,1,4407.61,182.39,113.54,TRUE,READY_TO_FIRE
2026-09-07 18:05:24.256,1788804324.256,2599,13,13,4406.77,4406.85,8.0,PASS_<=10c,+2.0,UP,-24.0,-42.0,3.1,+5.76,1.86,SLOW,4407.19,4408.62,4405.89,4407.05,0.00,0.00,0.0,BEARISH,273.0,4407.01,4407.01,4406.75,4406.77,24,CLEARED_>=20s,26.0,24.0,0.0,2.0,0.0,7.7,7.7,PASS_<20%,4406.86,9.0,YES,STANDBY_VEL_LOW,1,4407.61,182.39,113.54,TRUE,READY_TO_FIRE
2026-09-07 18:05:24.758,1788804324.759,2600,14,14,4406.77,4406.85,8.0,PASS_<=10c,+0.0,FLAT,-24.0,-42.0,3.2,+5.14,1.61,SLOW,4407.19,4408.62,4405.89,4407.05,0.00,0.00,0.0,BEARISH,273.0,4407.01,4407.01,4406.75,4406.77,24,CLEARED_>=20s,26.0,24.0,0.0,2.0,0.0,7.7,7.7,PASS_<20%,4406.86,9.0,YES,STANDBY_VEL_LOW,1,4407.61,182.39,113.54,TRUE,READY_TO_FIRE
2026-09-07 18:05:25.260,1788804325.261,2601,15,15,4406.77,4406.85,8.0,PASS_<=10c,+0.0,FLAT,-24.0,-42.0,3.1,+0.42,0.14,SLOW,4407.19,4408.62,4405.89,4407.05,0.00,0.00,0.0,BEARISH,273.0,4407.01,4407.01,4406.75,4406.77,25,CLEARED_>=20s,26.0,24.0,0.0,2.0,0.0,7.7,7.7,PASS_<20%,4406.86,9.0,YES,STANDBY_VEL_LOW,1,4407.61,182.39,113.54,TRUE,READY_TO_FIRE
2026-09-07 18:05:25.762,1788804325.763,2602,16,16,4406.77,4406.85,8.0,PASS_<=10c,+0.0,FLAT,-24.0,-42.0,4.3,+0.53,0.12,SLOW,4407.19,4408.62,4405.89,4407.05,0.00,0.00,0.0,BEARISH,273.0,4407.01,4407.01,4406.75,4406.77,25,CLEARED_>=20s,26.0,24.0,0.0,2.0,0.0,7.7,7.7,PASS_<20%,4406.86,9.0,YES,STANDBY_VEL_LOW,1,4407.61,182.39,113.54,TRUE,READY_TO_FIRE
2026-09-07 18:05:26.264,1788804326.265,2603,17,17,4406.77,4406.85,8.0,PASS_<=10c,+0.0,FLAT,-24.0,-42.0,4.2,+0.47,0.11,SLOW,4407.19,4408.62,4405.89,4407.05,0.00,0.00,0.0,BEARISH,273.0,4407.01,4407.01,4406.75,4406.77,26,CLEARED_>=20s,26.0,24.0,0.0,2.0,0.0,7.7,7.7,PASS_<20%,4406.86,9.0,YES,STANDBY_VEL_LOW,1,4407.61,182.39,113.54,TRUE,READY_TO_FIRE
2026-09-07 18:05:26.766,1788804326.766,2604,18,18,4406.77,4406.85,8.0,PASS_<=10c,+0.0,FLAT,-24.0,-42.0,4.2,+0.42,0.10,SLOW,4407.19,4408.62,4405.89,4407.05,0.00,0.00,0.0,BEARISH,273.0,4407.01,4407.01,4406.75,4406.77,26,CLEARED_>=20s,26.0,24.0,0.0,2.0,0.0,7.7,7.7,PASS_<20%,4406.86,9.0,YES,STANDBY_VEL_LOW,1,4407.61,182.39,113.54,TRUE,READY_TO_FIRE
2026-09-07 18:05:27.268,1788804327.268,2605,19,19,4406.77,4406.85,8.0,PASS_<=10c,+0.0,FLAT,-24.0,-42.0,4.2,+0.42,0.10,SLOW,4407.19,4408.62,4405.89,4407.05,0.00,0.00,0.0,BEARISH,273.0,4407.01,4407.01,4406.75,4406.77,27,CLEARED_>=20s,26.0,24.0,0.0,2.0,0.0,7.7,7.7,PASS_<20%,4406.86,9.0,YES,STANDBY_VEL_LOW,1,4407.61,182.39,113.54,TRUE,READY_TO_FIRE
2026-09-07 18:05:27.770,1788804327.770,2606,20,20,4406.77,4406.85,8.0,PASS_<=10c,+0.0,FLAT,-24.0,-42.0,4.2,+0.42,0.10,SLOW,4407.19,4408.62,4405.89,4407.05,0.00,0.00,0.0,BEARISH,273.0,4407.01,4407.01,4406.75,4406.77,27,CLEARED_>=20s,26.0,24.0,0.0,2.0,0.0,7.7,7.7,PASS_<20%,4406.86,9.0,YES,STANDBY_VEL_LOW,1,4407.61,182.39,113.54,TRUE,READY_TO_FIRE
2026-09-07 18:05:33.303,1788804333.304,2607,21,21,4406.77,4406.85,8.0,PASS_<=10c,+0.0,FLAT,-24.0,-42.0,1.2,+0.00,0.00,SLOW,4407.19,4408.62,4405.89,4407.05,0.00,0.00,0.0,BEARISH,273.0,4407.01,4407.01,4406.75,4406.77,33,CLEARED_>=20s,26.0,24.0,0.0,2.0,0.0,7.7,7.7,PASS_<20%,4406.86,9.0,YES,STANDBY_VEL_LOW,1,4407.61,182.39,113.54,TRUE,READY_TO_FIRE
2026-09-07 18:05:43.536,1788804343.537,2608,22,22,4406.77,4406.85,8.0,PASS_<=10c,+0.0,FLAT,-24.0,-42.0,1.2,+0.00,0.00,SLOW,4407.19,4408.62,4405.89,4407.05,0.00,0.00,0.0,BEARISH,273.0,4407.01,4407.01,4406.75,4406.77,43,CLEARED_>=20s,26.0,24.0,0.0,2.0,0.0,7.7,7.7,PASS_<20%,4406.86,9.0,YES,STANDBY_VEL_LOW,1,4407.61,182.39,113.54,TRUE,READY_TO_FIRE
2026-09-07 18:05:45.545,1788804345.546,2609,23,23,4407.63,4407.71,8.0,PASS_<=10c,+86.0,UP,+62.0,+44.0,1.5,+42.81,28.54,SLOW,4407.19,4408.62,4405.89,4407.05,0.00,0.00,0.0,BEARISH,273.0,4407.01,4407.63,4406.75,4407.63,45,CLEARED_>=20s,88.0,62.0,0.0,26.0,0.0,29.5,29.5,BLOCKED_29.5%,0.00,0.0,NO,STANDBY_VEL_LOW,1,4407.61,182.39,113.54,FALSE,M1_DIRECTION_MISMATCH
2026-09-07 18:05:46.048,1788804346.048,2610,24,24,4407.63,4407.71,8.0,PASS_<=10c,+0.0,FLAT,+62.0,+44.0,2.0,+34.24,17.12,SLOW,4407.19,4408.62,4405.89,4407.05,0.00,0.00,0.0,BEARISH,273.0,4407.01,4407.63,4406.75,4407.63,46,CLEARED_>=20s,88.0,62.0,0.0,26.0,0.0,29.5,29.5,BLOCKED_29.5%,0.00,0.0,NO,STANDBY_VEL_LOW,0,0.00,4590.00,113.94,FALSE,M1_DIRECTION_MISMATCH
2026-09-07 18:05:46.550,1788804346.550,2611,25,25,4407.63,4407.71,8.0,PASS_<=10c,+0.0,FLAT,+62.0,+44.0,2.3,+28.54,12.41,SLOW,4407.19,4408.62,4405.89,4407.05,0.00,0.00,0.0,BEARISH,273.0,4407.01,4407.63,4406.75,4407.63,46,CLEARED_>=20s,88.0,62.0,0.0,26.0,0.0,29.5,29.5,BLOCKED_29.5%,0.00,0.0,NO,STANDBY_VEL_LOW,0,0.00,4590.00,113.94,FALSE,M1_DIRECTION_MISMATCH
2026-09-07 18:05:47.052,1788804347.053,2612,26,26,4407.63,4407.71,8.0,PASS_<=10c,+0.0,FLAT,+62.0,+44.0,2.6,+24.46,9.41,SLOW,4407.19,4408.62,4405.89,4407.05,0.00,0.00,0.0,BEARISH,273.0,4407.01,4407.63,4406.75,4407.63,47,CLEARED_>=20s,88.0,62.0,0.0,26.0,0.0,29.5,29.5,BLOCKED_29.5%,0.00,0.0,NO,STANDBY_VEL_LOW,0,0.00,4590.00,113.94,FALSE,M1_DIRECTION_MISMATCH
2026-09-07 18:05:47.554,1788804347.554,2613,27,27,4407.63,4407.71,8.0,PASS_<=10c,+0.0,FLAT,+62.0,+44.0,2.7,+21.41,7.93,SLOW,4407.19,4408.62,4405.89,4407.05,0.00,0.00,0.0,BEARISH,273.0,4407.01,4407.63,4406.75,4407.63,47,CLEARED_>=20s,88.0,62.0,0.0,26.0,0.0,29.5,29.5,BLOCKED_29.5%,0.00,0.0,NO,STANDBY_VEL_LOW,0,0.00,4590.00,113.94,FALSE,M1_DIRECTION_MISMATCH
2026-09-07 18:05:48.055,1788804348.056,2614,28,28,4407.63,4407.71,8.0,PASS_<=10c,+0.0,FLAT,+62.0,+44.0,2.9,+19.03,6.56,SLOW,4407.19,4408.62,4405.89,4407.05,0.00,0.00,0.0,BEARISH,273.0,4407.01,4407.63,4406.75,4407.63,48,CLEARED_>=20s,88.0,62.0,0.0,26.0,0.0,29.5,29.5,BLOCKED_29.5%,0.00,0.0,NO,STANDBY_VEL_LOW,0,0.00,4590.00,113.94,FALSE,M1_DIRECTION_MISMATCH
2026-09-07 18:05:48.557,1788804348.558,2615,29,29,4407.63,4407.71,8.0,PASS_<=10c,+0.0,FLAT,+62.0,+44.0,4.5,+0.04,0.01,SLOW,4407.19,4408.62,4405.89,4407.05,0.00,0.00,0.0,BEARISH,273.0,4407.01,4407.63,4406.75,4407.63,48,CLEARED_>=20s,88.0,62.0,0.0,26.0,0.0,29.5,29.5,BLOCKED_29.5%,0.00,0.0,NO,STANDBY_VEL_LOW,0,0.00,4590.00,113.94,FALSE,M1_DIRECTION_MISMATCH
2026-09-07 18:05:49.059,1788804349.060,2616,30,30,4407.63,4407.71,8.0,PASS_<=10c,+0.0,FLAT,+62.0,+44.0,4.4,+0.04,0.01,SLOW,4407.19,4408.62,4405.89,4407.05,0.00,0.00,0.0,BEARISH,273.0,4407.01,4407.63,4406.75,4407.63,49,CLEARED_>=20s,88.0,62.0,0.0,26.0,0.0,29.5,29.5,BLOCKED_29.5%,0.00,0.0,NO,STANDBY_VEL_LOW,0,0.00,4590.00,113.94,FALSE,M1_DIRECTION_MISMATCH
2026-09-07 18:05:49.561,1788804349.561,2617,31,31,4407.63,4407.71,8.0,PASS_<=10c,+0.0,FLAT,+62.0,+44.0,4.4,+0.04,0.01,SLOW,4407.19,4408.62,4405.89,4407.05,0.00,0.00,0.0,BEARISH,273.0,4407.01,4407.63,4406.75,4407.63,49,CLEARED_>=20s,88.0,62.0,0.0,26.0,0.0,29.5,29.5,BLOCKED_29.5%,0.00,0.0,NO,STANDBY_VEL_LOW,0,0.00,4590.00,113.94,FALSE,M1_DIRECTION_MISMATCH
2026-09-07 18:05:50.063,1788804350.063,2618,32,32,4407.63,4407.71,8.0,PASS_<=10c,+0.0,FLAT,+62.0,+44.0,4.3,+0.03,0.01,SLOW,4407.19,4408.62,4405.89,4407.05,0.00,0.00,0.0,BEARISH,273.0,4407.01,4407.63,4406.75,4407.63,50,CLEARED_>=20s,88.0,62.0,0.0,26.0,0.0,29.5,29.5,BLOCKED_29.5%,0.00,0.0,NO,STANDBY_VEL_LOW,0,0.00,4590.00,113.94,FALSE,M1_DIRECTION_MISMATCH
2026-09-07 18:05:50.564,1788804350.565,2619,33,33,4407.63,4407.71,8.0,PASS_<=10c,+0.0,FLAT,+62.0,+44.0,4.2,+0.03,0.01,SLOW,4407.19,4408.62,4405.89,4407.05,0.00,0.00,0.0,BEARISH,273.0,4407.01,4407.63,4406.75,4407.63,50,CLEARED_>=20s,88.0,62.0,0.0,26.0,0.0,29.5,29.5,BLOCKED_29.5%,0.00,0.0,NO,STANDBY_VEL_LOW,0,0.00,4590.00,113.94,FALSE,M1_DIRECTION_MISMATCH
2026-09-07 18:05:51.066,1788804351.066,2620,34,34,4407.63,4407.71,8.0,PASS_<=10c,+0.0,FLAT,+62.0,+44.0,4.2,+0.03,0.01,SLOW,4407.19,4408.62,4405.89,4407.05,0.00,0.00,0.0,BEARISH,273.0,4407.01,4407.63,4406.75,4407.63,51,CLEARED_>=20s,88.0,62.0,0.0,26.0,0.0,29.5,29.5,BLOCKED_29.5%,0.00,0.0,NO,STANDBY_VEL_LOW,0,0.00,4590.00,113.94,FALSE,M1_DIRECTION_MISMATCH
2026-09-07 18:05:51.569,1788804351.570,2621,35,35,4407.63,4407.71,8.0,PASS_<=10c,+0.0,FLAT,+62.0,+44.0,4.2,+0.03,0.01,SLOW,4407.19,4408.62,4405.89,4407.05,0.00,0.00,0.0,BEARISH,273.0,4407.01,4407.63,4406.75,4407.63,51,CLEARED_>=20s,88.0,62.0,0.0,26.0,0.0,29.5,29.5,BLOCKED_29.5%,0.00,0.0,NO,STANDBY_VEL_LOW,0,0.00,4590.00,113.94,FALSE,M1_DIRECTION_MISMATCH
2026-09-07 18:05:52.071,1788804352.071,2622,36,36,4407.63,4407.71,8.0,PASS_<=10c,+0.0,FLAT,+62.0,+44.0,4.2,+0.03,0.01,SLOW,4407.19,4408.62,4405.89,4407.05,0.00,0.00,0.0,BEARISH,273.0,4407.01,4407.63,4406.75,4407.63,52,CLEARED_>=20s,88.0,62.0,0.0,26.0,0.0,29.5,29.5,BLOCKED_29.5%,0.00,0.0,NO,STANDBY_VEL_LOW,0,0.00,4590.00,113.94,FALSE,M1_DIRECTION_MISMATCH
2026-09-07 18:05:52.573,1788804352.573,2623,37,37,4407.63,4407.71,8.0,PASS_<=10c,+0.0,FLAT,+62.0,+44.0,4.2,+0.03,0.01,SLOW,4407.19,4408.62,4405.89,4407.05,0.00,0.00,0.0,BEARISH,273.0,4407.01,4407.63,4406.75,4407.63,52,CLEARED_>=20s,88.0,62.0,0.0,26.0,0.0,29.5,29.5,BLOCKED_29.5%,0.00,0.0,NO,STANDBY_VEL_LOW,0,0.00,4590.00,113.94,FALSE,M1_DIRECTION_MISMATCH
2026-09-07 18:05:53.074,1788804353.074,2624,38,38,4407.63,4407.71,8.0,PASS_<=10c,+0.0,FLAT,+62.0,+44.0,4.2,+0.03,0.01,SLOW,4407.19,4408.62,4405.89,4407.05,0.00,0.00,0.0,BEARISH,273.0,4407.01,4407.63,4406.75,4407.63,53,CLEARED_>=20s,88.0,62.0,0.0,26.0,0.0,29.5,29.5,BLOCKED_29.5%,0.00,0.0,NO,STANDBY_VEL_LOW,0,0.00,4590.00,113.94,FALSE,M1_DIRECTION_MISMATCH
2026-09-07 18:05:58.623,1788804358.623,2625,39,39,4407.63,4407.71,8.0,PASS_<=10c,+0.0,FLAT,+62.0,+44.0,1.4,+1.04,0.74,SLOW,4407.19,4408.62,4405.89,4407.05,0.00,0.00,0.0,BEARISH,273.0,4407.01,4407.63,4406.75,4407.63,58,CLEARED_>=20s,88.0,62.0,0.0,26.0,0.0,29.5,29.5,BLOCKED_29.5%,0.00,0.0,NO,STANDBY_VEL_LOW,0,0.00,4590.00,113.94,FALSE,M1_DIRECTION_MISMATCH
2026-09-07 18:06:08.857,1788804368.858,2626,1,40,4407.63,4407.71,8.0,PASS_<=10c,+0.0,FLAT,+0.0,+44.0,1.2,+1.10,0.92,SLOW,4407.19,4408.62,4405.89,4407.05,0.00,0.00,0.0,BEARISH,273.0,4407.63,4407.63,4407.63,4407.63,8,ACTIVE_8s,1.0,0.0,0.0,0.0,0.0,0.0,0.0,PASS_<20%,0.00,0.0,NO,STANDBY_VEL_LOW,0,0.00,4590.00,113.94,FALSE,M1_DIRECTION_MISMATCH|OPENING_SHIELD_ACTIVE_8s
2026-09-07 18:06:10.866,1788804370.867,2627,2,41,4407.67,4407.75,8.0,PASS_<=10c,+4.0,UP,+4.0,+48.0,1.5,+1.99,1.33,SLOW,4407.19,4408.62,4405.89,4407.05,0.00,0.00,0.0,BEARISH,273.0,4407.63,4407.67,4407.63,4407.67,10,ACTIVE_10s,4.0,4.0,0.0,0.0,0.0,0.0,0.0,PASS_<20%,0.00,0.0,NO,STANDBY_VEL_LOW,0,0.00,4590.00,113.94,FALSE,M1_DIRECTION_MISMATCH|OPENING_SHIELD_ACTIVE_10s
2026-09-07 18:06:11.368,1788804371.368,2628,3,42,4407.65,4407.73,8.0,PASS_<=10c,-2.0,DOWN,+2.0,+46.0,2.0,+1.09,0.55,SLOW,4407.19,4408.62,4405.89,4407.05,0.00,0.00,0.0,BEARISH,273.0,4407.63,4407.67,4407.63,4407.65,11,ACTIVE_11s,4.0,2.0,2.0,0.0,50.0,0.0,0.0,PASS_<20%,0.00,0.0,NO,STANDBY_VEL_LOW,0,0.00,4590.00,113.94,FALSE,M1_DIRECTION_MISMATCH|OPENING_SHIELD_ACTIVE_11s
2026-09-07 18:06:11.870,1788804371.870,2629,4,43,4407.65,4407.73,8.0,PASS_<=10c,+0.0,FLAT,+2.0,+46.0,2.3,+1.08,0.47,SLOW,4407.19,4408.62,4405.89,4407.05,0.00,0.00,0.0,BEARISH,273.0,4407.63,4407.67,4407.63,4407.65,11,ACTIVE_11s,4.0,2.0,2.0,0.0,50.0,0.0,0.0,PASS_<20%,0.00,0.0,NO,STANDBY_VEL_LOW,0,0.00,4590.00,113.94,FALSE,M1_DIRECTION_MISMATCH|OPENING_SHIELD_ACTIVE_11s
2026-09-07 18:06:12.371,1788804372.372,2630,5,44,4407.64,4407.72,8.0,PASS_<=10c,-1.0,DOWN,+1.0,+45.0,2.6,+1.05,0.40,SLOW,4407.19,4408.62,4405.89,4407.05,0.00,0.00,0.0,BEARISH,273.0,4407.63,4407.67,4407.63,4407.64,12,ACTIVE_12s,4.0,1.0,3.0,0.0,75.0,0.0,0.0,PASS_<20%,0.00,0.0,NO,STANDBY_VEL_LOW,0,0.00,4590.00,113.94,FALSE,M1_DIRECTION_MISMATCH|OPENING_SHIELD_ACTIVE_12s
2026-09-07 18:06:12.872,1788804372.873,2631,6,45,4407.64,4407.72,8.0,PASS_<=10c,+0.0,FLAT,+1.0,+45.0,2.7,+1.14,0.42,SLOW,4407.19,4408.62,4405.89,4407.05,0.00,0.00,0.0,BEARISH,273.0,4407.63,4407.67,4407.63,4407.64,12,ACTIVE_12s,4.0,1.0,3.0,0.0,75.0,0.0,0.0,PASS_<20%,0.00,0.0,NO,STANDBY_VEL_LOW,0,0.00,4590.00,113.94,FALSE,M1_DIRECTION_MISMATCH|OPENING_SHIELD_ACTIVE_12s
2026-09-07 18:06:13.375,1788804373.375,2632,7,46,4407.65,4407.73,8.0,PASS_<=10c,+1.0,UP,+2.0,+46.0,2.9,+1.15,0.40,SLOW,4407.19,4408.62,4405.89,4407.05,0.00,0.00,0.0,BEARISH,273.0,4407.63,4407.67,4407.63,4407.65,13,ACTIVE_13s,4.0,2.0,2.0,0.0,50.0,0.0,0.0,PASS_<20%,0.00,0.0,NO,STANDBY_VEL_LOW,0,0.00,4590.00,113.94,FALSE,M1_DIRECTION_MISMATCH|OPENING_SHIELD_ACTIVE_13s
2026-09-07 18:06:13.875,1788804373.876,2633,8,47,4407.69,4407.77,8.0,PASS_<=10c,+4.0,UP,+6.0,+50.0,4.5,+1.93,0.43,SLOW,4407.19,4408.62,4405.89,4407.05,0.00,0.00,0.0,BEARISH,273.0,4407.63,4407.69,4407.63,4407.69,13,ACTIVE_13s,6.0,6.0,0.0,0.0,0.0,0.0,0.0,PASS_<20%,0.00,0.0,NO,STANDBY_VEL_LOW,0,0.00,4590.00,113.94,FALSE,M1_DIRECTION_MISMATCH|OPENING_SHIELD_ACTIVE_13s
2026-09-07 18:06:14.377,1788804374.378,2634,9,48,4407.69,4407.77,8.0,PASS_<=10c,+0.0,FLAT,+6.0,+50.0,4.4,+1.66,0.38,SLOW,4407.19,4408.62,4405.89,4407.05,0.00,0.00,0.0,BEARISH,273.0,4407.63,4407.69,4407.63,4407.69,14,ACTIVE_14s,6.0,6.0,0.0,0.0,0.0,0.0,0.0,PASS_<20%,0.00,0.0,NO,STANDBY_VEL_LOW,0,0.00,4590.00,113.94,FALSE,M1_DIRECTION_MISMATCH|OPENING_SHIELD_ACTIVE_14s
2026-09-07 18:06:14.879,1788804374.880,2635,10,49,4407.84,4407.92,8.0,PASS_<=10c,+15.0,UP,+21.0,+65.0,4.4,+5.10,1.16,SLOW,4407.19,4408.62,4405.89,4407.05,0.00,0.00,0.0,BEARISH,273.0,4407.63,4407.84,4407.63,4407.84,14,ACTIVE_14s,21.0,21.0,0.0,0.0,0.0,0.0,0.0,PASS_<20%,0.00,0.0,NO,STANDBY_VEL_LOW,0,0.00,4590.00,113.94,FALSE,M1_DIRECTION_MISMATCH|OPENING_SHIELD_ACTIVE_14s
2026-09-07 18:06:15.380,1788804375.381,2636,11,50,4407.84,4407.92,8.0,PASS_<=10c,+0.0,FLAT,+21.0,+65.0,4.3,+4.55,1.06,SLOW,4407.19,4408.62,4405.89,4407.05,0.00,0.00,0.0,BEARISH,273.0,4407.63,4407.84,4407.63,4407.84,15,ACTIVE_15s,21.0,21.0,0.0,0.0,0.0,0.0,0.0,PASS_<20%,0.00,0.0,NO,STANDBY_VEL_LOW,0,0.00,4590.00,113.94,FALSE,M1_DIRECTION_MISMATCH|OPENING_SHIELD_ACTIVE_15s
2026-09-07 18:06:15.882,1788804375.883,2637,12,51,4407.84,4407.92,8.0,PASS_<=10c,+0.0,FLAT,+21.0,+65.0,4.2,+3.57,0.85,SLOW,4407.19,4408.62,4405.89,4407.05,0.00,0.00,0.0,BEARISH,273.0,4407.63,4407.84,4407.63,4407.84,15,ACTIVE_15s,21.0,21.0,0.0,0.0,0.0,0.0,0.0,PASS_<20%,0.00,0.0,NO,STANDBY_VEL_LOW,0,0.00,4590.00,113.94,FALSE,M1_DIRECTION_MISMATCH|OPENING_SHIELD_ACTIVE_15s
2026-09-07 18:06:16.384,1788804376.385,2638,13,52,4407.84,4407.92,8.0,PASS_<=10c,+0.0,FLAT,+21.0,+65.0,4.2,+3.99,0.95,SLOW,4407.19,4408.62,4405.89,4407.05,0.00,0.00,0.0,BEARISH,273.0,4407.63,4407.84,4407.63,4407.84,16,ACTIVE_16s,21.0,21.0,0.0,0.0,0.0,0.0,0.0,PASS_<20%,0.00,0.0,NO,STANDBY_VEL_LOW,0,0.00,4590.00,113.94,FALSE,M1_DIRECTION_MISMATCH|OPENING_SHIELD_ACTIVE_16s
2026-09-07 18:06:16.887,1788804376.888,2639,14,53,4407.84,4407.92,8.0,PASS_<=10c,+0.0,FLAT,+21.0,+65.0,4.2,+3.99,0.95,SLOW,4407.19,4408.62,4405.89,4407.05,0.00,0.00,0.0,BEARISH,273.0,4407.63,4407.84,4407.63,4407.84,16,ACTIVE_16s,21.0,21.0,0.0,0.0,0.0,0.0,0.0,PASS_<20%,0.00,0.0,NO,STANDBY_VEL_LOW,0,0.00,4590.00,113.94,FALSE,M1_DIRECTION_MISMATCH|OPENING_SHIELD_ACTIVE_16s
2026-09-07 18:06:17.389,1788804377.389,2640,15,54,4407.84,4407.92,8.0,PASS_<=10c,+0.0,FLAT,+21.0,+65.0,4.2,+4.20,1.00,SLOW,4407.19,4408.62,4405.89,4407.05,0.00,0.00,0.0,BEARISH,273.0,4407.63,4407.84,4407.63,4407.84,17,ACTIVE_17s,21.0,21.0,0.0,0.0,0.0,0.0,0.0,PASS_<20%,0.00,0.0,NO,STANDBY_VEL_LOW,0,0.00,4590.00,113.94,FALSE,M1_DIRECTION_MISMATCH|OPENING_SHIELD_ACTIVE_17s
2026-09-07 18:06:17.891,1788804377.891,2641,16,55,4407.84,4407.92,8.0,PASS_<=10c,+0.0,FLAT,+21.0,+65.0,4.2,+4.20,1.00,SLOW,4407.19,4408.62,4405.89,4407.05,0.00,0.00,0.0,BEARISH,273.0,4407.63,4407.84,4407.63,4407.84,17,ACTIVE_17s,21.0,21.0,0.0,0.0,0.0,0.0,0.0,PASS_<20%,0.00,0.0,NO,STANDBY_VEL_LOW,0,0.00,4590.00,113.94,FALSE,M1_DIRECTION_MISMATCH|OPENING_SHIELD_ACTIVE_17s
2026-09-07 18:06:18.392,1788804378.392,2642,17,56,4407.84,4407.92,8.0,PASS_<=10c,+0.0,FLAT,+21.0,+65.0,4.2,+3.15,0.75,SLOW,4407.19,4408.62,4405.89,4407.05,0.00,0.00,0.0,BEARISH,273.0,4407.63,4407.84,4407.63,4407.84,18,ACTIVE_18s,21.0,21.0,0.0,0.0,0.0,0.0,0.0,PASS_<20%,0.00,0.0,NO,STANDBY_VEL_LOW,0,0.00,4590.00,113.94,FALSE,M1_DIRECTION_MISMATCH|OPENING_SHIELD_ACTIVE_18s
2026-09-07 18:06:23.906,1788804383.906,2643,18,57,4407.84,4407.92,8.0,PASS_<=10c,+0.0,FLAT,+21.0,+65.0,1.5,+1.79,1.19,SLOW,4407.19,4408.62,4405.89,4407.05,0.00,0.00,0.0,BEARISH,273.0,4407.63,4407.84,4407.63,4407.84,23,CLEARED_>=20s,21.0,21.0,0.0,0.0,0.0,0.0,0.0,PASS_<20%,0.00,0.0,NO,STANDBY_VEL_LOW,0,0.00,4590.00,113.94,FALSE,M1_DIRECTION_MISMATCH
2026-09-07 18:06:34.140,1788804394.141,2644,19,58,4407.84,4407.92,8.0,PASS_<=10c,+0.0,FLAT,+21.0,+65.0,1.3,+1.92,1.48,SLOW,4407.19,4408.62,4405.89,4407.05,0.00,0.00,0.0,BEARISH,273.0,4407.63,4407.84,4407.63,4407.84,34,CLEARED_>=20s,21.0,21.0,0.0,0.0,0.0,0.0,0.0,PASS_<20%,0.00,0.0,NO,STANDBY_VEL_LOW,0,0.00,4590.00,113.94,FALSE,M1_DIRECTION_MISMATCH
2026-09-07 18:06:36.352,1788804396.352,2645,20,59,4407.84,4407.92,8.0,PASS_<=10c,+0.0,FLAT,+21.0,+65.0,1.4,+1.85,1.32,SLOW,4407.19,4408.62,4405.89,4407.05,0.00,0.00,0.0,BEARISH,273.0,4407.63,4407.84,4407.63,4407.84,36,CLEARED_>=20s,21.0,21.0,0.0,0.0,0.0,0.0,0.0,PASS_<20%,0.00,0.0,NO,STANDBY_VEL_LOW,0,0.00,4590.00,113.94,FALSE,M1_DIRECTION_MISMATCH
2026-09-07 18:06:36.853,1788804396.853,2646,21,60,4408.41,4408.49,8.0,PASS_<=10c,+57.0,UP,+78.0,+122.0,1.8,+21.01,11.67,SLOW,4407.19,4408.62,4405.89,4407.05,0.00,0.00,0.0,BEARISH,273.0,4407.63,4408.41,4407.63,4408.41,36,CLEARED_>=20s,78.0,78.0,0.0,0.0,0.0,0.0,0.0,PASS_<20%,0.00,0.0,NO,STANDBY_VEL_LOW,0,0.00,4590.00,113.94,FALSE,M1_DIRECTION_MISMATCH
2026-09-07 18:06:37.355,1788804397.355,2647,22,61,4408.41,4408.49,8.0,PASS_<=10c,+0.0,FLAT,+78.0,+122.0,2.2,+17.73,8.06,SLOW,4407.19,4408.62,4405.89,4407.05,0.00,0.00,0.0,BEARISH,273.0,4407.63,4408.41,4407.63,4408.41,37,CLEARED_>=20s,78.0,78.0,0.0,0.0,0.0,0.0,0.0,PASS_<20%,0.00,0.0,NO,STANDBY_VEL_LOW,0,0.00,4590.00,113.94,FALSE,M1_DIRECTION_MISMATCH
2026-09-07 18:06:37.857,1788804397.857,2648,23,62,4408.41,4408.49,8.0,PASS_<=10c,+0.0,FLAT,+78.0,+122.0,2.4,+15.33,6.39,SLOW,4407.19,4408.62,4405.89,4407.05,0.00,0.00,0.0,BEARISH,273.0,4407.63,4408.41,4407.63,4408.41,37,CLEARED_>=20s,78.0,78.0,0.0,0.0,0.0,0.0,0.0,PASS_<20%,0.00,0.0,NO,STANDBY_VEL_LOW,0,0.00,4590.00,113.94,FALSE,M1_DIRECTION_MISMATCH
2026-09-07 18:06:38.359,1788804398.360,2649,24,63,4408.41,4408.49,8.0,PASS_<=10c,+0.0,FLAT,+78.0,+122.0,2.6,+13.51,5.20,SLOW,4407.19,4408.62,4405.89,4407.05,0.00,0.00,0.0,BEARISH,273.0,4407.63,4408.41,4407.63,4408.41,38,CLEARED_>=20s,78.0,78.0,0.0,0.0,0.0,0.0,0.0,PASS_<20%,0.00,0.0,NO,STANDBY_VEL_LOW,0,0.00,4590.00,113.94,FALSE,M1_DIRECTION_MISMATCH
2026-09-07 18:06:38.861,1788804398.862,2650,25,64,4408.41,4408.49,8.0,PASS_<=10c,+0.0,FLAT,+78.0,+122.0,2.8,+12.07,4.31,SLOW,4407.19,4408.62,4405.89,4407.05,0.00,0.00,0.0,BEARISH,273.0,4407.63,4408.41,4407.63,4408.41,38,CLEARED_>=20s,78.0,78.0,0.0,0.0,0.0,0.0,0.0,PASS_<20%,0.00,0.0,NO,STANDBY_VEL_LOW,0,0.00,4590.00,113.94,FALSE,M1_DIRECTION_MISMATCH
2026-09-07 18:06:39.363,1788804399.363,2651,26,65,4408.41,4408.49,8.0,PASS_<=10c,+0.0,FLAT,+78.0,+122.0,4.5,+18.31,4.07,SLOW,4407.19,4408.62,4405.89,4407.05,0.00,0.00,0.0,BEARISH,273.0,4407.63,4408.41,4407.63,4408.41,39,CLEARED_>=20s,78.0,78.0,0.0,0.0,0.0,0.0,0.0,PASS_<20%,0.00,0.0,NO,STANDBY_VEL_LOW,0,0.00,4590.00,113.94,FALSE,M1_DIRECTION_MISMATCH
2026-09-07 18:06:39.864,1788804399.865,2652,27,66,4408.40,4408.48,8.0,PASS_<=10c,-1.0,DOWN,+77.0,+121.0,4.4,+15.50,3.52,SLOW,4407.19,4408.62,4405.89,4407.05,0.00,0.00,0.0,BEARISH,273.0,4407.63,4408.41,4407.63,4408.40,39,CLEARED_>=20s,78.0,77.0,1.0,0.0,1.3,0.0,0.0,PASS_<20%,0.00,0.0,NO,STANDBY_VEL_LOW,0,0.00,4590.00,113.94,FALSE,M1_DIRECTION_MISMATCH
2026-09-07 18:06:40.366,1788804400.367,2653,28,67,4408.40,4408.48,8.0,PASS_<=10c,+0.0,FLAT,+77.0,+121.0,4.4,+13.61,3.09,SLOW,4407.19,4408.62,4405.89,4407.05,0.00,0.00,0.0,BEARISH,273.0,4407.63,4408.41,4407.63,4408.40,40,CLEARED_>=20s,78.0,77.0,1.0,0.0,1.3,0.0,0.0,PASS_<20%,0.00,0.0,NO,STANDBY_VEL_LOW,0,0.00,4590.00,113.94,FALSE,M1_DIRECTION_MISMATCH
2026-09-07 18:06:40.869,1788804400.869,2654,29,68,4408.40,4408.48,8.0,PASS_<=10c,+0.0,FLAT,+77.0,+121.0,4.3,+12.13,2.82,SLOW,4407.19,4408.62,4405.89,4407.05,0.00,0.00,0.0,BEARISH,273.0,4407.63,4408.41,4407.63,4408.40,40,CLEARED_>=20s,78.0,77.0,1.0,0.0,1.3,0.0,0.0,PASS_<20%,0.00,0.0,NO,STANDBY_VEL_LOW,0,0.00,4590.00,113.94,FALSE,M1_DIRECTION_MISMATCH
2026-09-07 18:06:41.369,1788804401.369,2655,30,69,4408.40,4408.48,8.0,PASS_<=10c,+0.0,FLAT,+77.0,+121.0,4.2,+2.82,0.67,SLOW,4407.19,4408.62,4405.89,4407.05,0.00,0.00,0.0,BEARISH,273.0,4407.63,4408.41,4407.63,4408.40,41,CLEARED_>=20s,78.0,77.0,1.0,0.0,1.3,0.0,0.0,PASS_<20%,0.00,0.0,NO,STANDBY_VEL_LOW,0,0.00,4590.00,113.94,FALSE,M1_DIRECTION_MISMATCH
2026-09-07 18:06:41.871,1788804401.871,2656,31,70,4408.40,4408.48,8.0,PASS_<=10c,+0.0,FLAT,+77.0,+121.0,4.2,+2.79,0.66,SLOW,4407.19,4408.62,4405.89,4407.05,0.00,0.00,0.0,BEARISH,273.0,4407.63,4408.41,4407.63,4408.40,41,CLEARED_>=20s,78.0,77.0,1.0,0.0,1.3,0.0,0.0,PASS_<20%,0.00,0.0,NO,STANDBY_VEL_LOW,0,0.00,4590.00,113.94,FALSE,M1_DIRECTION_MISMATCH
2026-09-07 18:06:42.372,1788804402.372,2657,32,71,4408.40,4408.48,8.0,PASS_<=10c,+0.0,FLAT,+77.0,+121.0,4.2,+2.77,0.66,SLOW,4407.19,4408.62,4405.89,4407.05,0.00,0.00,0.0,BEARISH,273.0,4407.63,4408.41,4407.63,4408.40,42,CLEARED_>=20s,78.0,77.0,1.0,0.0,1.3,0.0,0.0,PASS_<20%,0.00,0.0,NO,STANDBY_VEL_LOW,0,0.00,4590.00,113.94,FALSE,M1_DIRECTION_MISMATCH
2026-09-07 18:06:42.874,1788804402.874,2658,33,72,4408.40,4408.48,8.0,PASS_<=10c,+0.0,FLAT,+77.0,+121.0,4.2,+2.75,0.65,SLOW,4407.19,4408.62,4405.89,4407.05,0.00,0.00,0.0,BEARISH,273.0,4407.63,4408.41,4407.63,4408.40,42,CLEARED_>=20s,78.0,77.0,1.0,0.0,1.3,0.0,0.0,PASS_<20%,0.00,0.0,NO,STANDBY_VEL_LOW,0,0.00,4590.00,113.94,FALSE,M1_DIRECTION_MISMATCH
2026-09-07 18:06:43.375,1788804403.376,2659,34,73,4408.40,4408.48,8.0,PASS_<=10c,+0.0,FLAT,+77.0,+121.0,4.2,+2.72,0.65,SLOW,4407.19,4408.62,4405.89,4407.05,0.00,0.00,0.0,BEARISH,273.0,4407.63,4408.41,4407.63,4408.40,43,CLEARED_>=20s,78.0,77.0,1.0,0.0,1.3,0.0,0.0,PASS_<20%,0.00,0.0,NO,STANDBY_VEL_LOW,0,0.00,4590.00,113.94,FALSE,M1_DIRECTION_MISMATCH
2026-09-07 18:06:43.877,1788804403.877,2660,35,74,4408.40,4408.48,8.0,PASS_<=10c,+0.0,FLAT,+77.0,+121.0,4.2,+1.32,0.31,SLOW,4407.19,4408.62,4405.89,4407.05,0.00,0.00,0.0,BEARISH,273.0,4407.63,4408.41,4407.63,4408.40,43,CLEARED_>=20s,78.0,77.0,1.0,0.0,1.3,0.0,0.0,PASS_<20%,0.00,0.0,NO,STANDBY_VEL_LOW,0,0.00,4590.00,113.94,FALSE,M1_DIRECTION_MISMATCH
2026-09-07 18:06:44.379,1788804404.379,2661,36,75,4408.40,4408.48,8.0,PASS_<=10c,+0.0,FLAT,+77.0,+121.0,4.2,+1.31,0.31,SLOW,4407.19,4408.62,4405.89,4407.05,0.00,0.00,0.0,BEARISH,273.0,4407.63,4408.41,4407.63,4408.40,44,CLEARED_>=20s,78.0,77.0,1.0,0.0,1.3,0.0,0.0,PASS_<20%,0.00,0.0,NO,STANDBY_VEL_LOW,0,0.00,4590.00,113.94,FALSE,M1_DIRECTION_MISMATCH
2026-09-07 18:06:54.759,1788804414.760,2662,37,76,4408.40,4408.48,8.0,PASS_<=10c,+0.0,FLAT,+77.0,+121.0,1.3,+1.37,1.05,SLOW,4407.19,4408.62,4405.89,4407.05,0.00,0.00,0.0,BEARISH,273.0,4407.63,4408.41,4407.63,4408.40,54,CLEARED_>=20s,78.0,77.0,1.0,0.0,1.3,0.0,0.0,PASS_<20%,0.00,0.0,NO,STANDBY_VEL_LOW,0,0.00,4590.00,113.94,FALSE,M1_DIRECTION_MISMATCH
2026-09-07 18:07:01.381,1788804421.382,2663,1,77,4408.40,4408.48,8.0,PASS_<=10c,+0.0,FLAT,+0.0,+121.0,1.3,+1.34,1.03,SLOW,4407.19,4408.62,4405.89,4407.05,0.00,0.00,0.0,BEARISH,273.0,4408.40,4408.40,4408.40,4408.40,1,ACTIVE_1s,1.0,0.0,0.0,0.0,0.0,0.0,0.0,PASS_<20%,0.00,0.0,NO,STANDBY_VEL_LOW,0,0.00,4590.00,113.94,FALSE,M1_DIRECTION_MISMATCH|OPENING_SHIELD_ACTIVE_1s
2026-09-07 18:07:01.736,1788804421.737,2664,2,78,4408.21,4408.29,8.0,PASS_<=10c,-19.0,DOWN,-19.0,+102.0,2.2,+10.22,4.65,SLOW,4407.19,4408.62,4405.89,4407.05,0.00,0.00,0.0,BEARISH,273.0,4408.40,4408.40,4408.18,4408.21,1,ACTIVE_1s,22.0,19.0,0.0,3.0,0.0,13.6,13.6,PASS_<20%,4408.25,4.0,NO,STANDBY_VEL_LOW,0,0.00,4590.00,113.94,FALSE,OPENING_SHIELD_ACTIVE_1s
2026-09-07 18:07:02.237,1788804422.238,2665,3,79,4408.23,4408.31,8.0,PASS_<=10c,+2.0,UP,-17.0,+104.0,2.5,+7.20,2.88,SLOW,4407.19,4408.62,4405.89,4407.05,0.00,0.00,0.0,BEARISH,273.0,4408.40,4408.40,4408.18,4408.23,2,ACTIVE_2s,22.0,17.0,0.0,5.0,0.0,22.7,22.7,BLOCKED_22.7%,4408.25,2.0,NO,STANDBY_VEL_LOW,0,0.00,4590.00,113.94,FALSE,OPP_WICK_TOO_HIGH_0.23|OPENING_SHIELD_ACTIVE_2s
2026-09-07 18:07:02.740,1788804422.740,2666,4,80,4408.18,4408.26,8.0,PASS_<=10c,-5.0,DOWN,-22.0,+99.0,2.8,+7.69,2.75,SLOW,4407.19,4408.62,4405.89,4407.05,0.00,0.00,0.0,BEARISH,273.0,4408.40,4408.40,4408.18,4408.18,2,ACTIVE_2s,22.0,22.0,0.0,0.0,0.0,0.0,0.0,PASS_<20%,4408.25,7.0,NO,STANDBY_VEL_LOW,0,0.00,4590.00,113.94,FALSE,OPENING_SHIELD_ACTIVE_2s
2026-09-07 18:07:03.242,1788804423.242,2667,5,81,4408.18,4408.26,8.0,PASS_<=10c,+0.0,FLAT,-22.0,+99.0,3.0,+6.54,2.18,SLOW,4407.19,4408.62,4405.89,4407.05,0.00,0.00,0.0,BEARISH,273.0,4408.40,4408.40,4408.18,4408.18,3,ACTIVE_3s,22.0,22.0,0.0,0.0,0.0,0.0,0.0,PASS_<20%,4408.25,7.0,NO,STANDBY_VEL_LOW,0,0.00,4590.00,113.94,FALSE,OPENING_SHIELD_ACTIVE_3s
2026-09-07 18:07:03.744,1788804423.744,2668,6,82,4408.18,4408.26,8.0,PASS_<=10c,+0.0,FLAT,-22.0,+99.0,3.1,+5.69,1.84,SLOW,4407.19,4408.62,4405.89,4407.05,0.00,0.00,0.0,BEARISH,273.0,4408.40,4408.40,4408.18,4408.18,3,ACTIVE_3s,22.0,22.0,0.0,0.0,0.0,0.0,0.0,PASS_<20%,4408.25,7.0,NO,STANDBY_VEL_LOW,0,0.00,4590.00,113.94,FALSE,OPENING_SHIELD_ACTIVE_3s
2026-09-07 18:07:04.245,1788804424.246,2669,7,83,4408.18,4408.26,8.0,PASS_<=10c,+0.0,FLAT,-22.0,+99.0,3.2,+5.04,1.57,SLOW,4407.19,4408.62,4405.89,4407.05,0.00,0.00,0.0,BEARISH,273.0,4408.40,4408.40,4408.18,4408.18,4,ACTIVE_4s,22.0,22.0,0.0,0.0,0.0,0.0,0.0,PASS_<20%,4408.25,7.0,NO,STANDBY_VEL_LOW,0,0.00,4590.00,113.94,FALSE,OPENING_SHIELD_ACTIVE_4s
2026-09-07 18:07:04.747,1788804424.747,2670,8,84,4408.18,4408.26,8.0,PASS_<=10c,+0.0,FLAT,-22.0,+99.0,3.3,+4.52,1.37,SLOW,4407.19,4408.62,4405.89,4407.05,0.00,0.00,0.0,BEARISH,273.0,4408.40,4408.40,4408.18,4408.18,4,ACTIVE_4s,22.0,22.0,0.0,0.0,0.0,0.0,0.0,PASS_<20%,4408.25,7.0,NO,STANDBY_VEL_LOW,0,0.00,4590.00,113.94,FALSE,OPENING_SHIELD_ACTIVE_4s
2026-09-07 18:07:05.249,1788804425.249,2671,9,85,4408.23,4408.31,8.0,PASS_<=10c,+5.0,UP,-17.0,+104.0,4.4,+4.40,1.00,SLOW,4407.19,4408.62,4405.89,4407.05,0.00,0.00,0.0,BEARISH,273.0,4408.40,4408.40,4408.18,4408.23,5,ACTIVE_5s,22.0,17.0,0.0,5.0,0.0,22.7,22.7,BLOCKED_22.7%,4408.25,2.0,NO,STANDBY_VEL_LOW,0,0.00,4590.00,113.94,FALSE,OPP_WICK_TOO_HIGH_0.23|OPENING_SHIELD_ACTIVE_5s
2026-09-07 18:07:05.751,1788804425.751,2672,10,86,4408.23,4408.31,8.0,PASS_<=10c,+0.0,FLAT,-17.0,+104.0,4.3,+3.89,0.90,SLOW,4407.19,4408.62,4405.89,4407.05,0.00,0.00,0.0,BEARISH,273.0,4408.40,4408.40,4408.18,4408.23,5,ACTIVE_5s,22.0,17.0,0.0,5.0,0.0,22.7,22.7,BLOCKED_22.7%,4408.25,2.0,NO,STANDBY_VEL_LOW,0,0.00,4590.00,113.94,FALSE,OPP_WICK_TOO_HIGH_0.23|OPENING_SHIELD_ACTIVE_5s
2026-09-07 18:07:06.253,1788804426.253,2673,11,87,4408.23,4408.31,8.0,PASS_<=10c,+0.0,FLAT,-17.0,+104.0,4.3,+3.49,0.81,SLOW,4407.19,4408.62,4405.89,4407.05,0.00,0.00,0.0,BEARISH,273.0,4408.40,4408.40,4408.18,4408.23,6,ACTIVE_6s,22.0,17.0,0.0,5.0,0.0,22.7,22.7,BLOCKED_22.7%,4408.25,2.0,NO,STANDBY_VEL_LOW,0,0.00,4590.00,113.94,FALSE,OPP_WICK_TOO_HIGH_0.23|OPENING_SHIELD_ACTIVE_6s
2026-09-07 18:07:06.754,1788804426.755,2674,12,88,4408.23,4408.31,8.0,PASS_<=10c,+0.0,FLAT,-17.0,+104.0,4.2,+1.04,0.25,SLOW,4407.19,4408.62,4405.89,4407.05,0.00,0.00,0.0,BEARISH,273.0,4408.40,4408.40,4408.18,4408.23,6,ACTIVE_6s,22.0,17.0,0.0,5.0,0.0,22.7,22.7,BLOCKED_22.7%,4408.25,2.0,NO,STANDBY_VEL_LOW,0,0.00,4590.00,113.94,FALSE,OPP_WICK_TOO_HIGH_0.23|OPENING_SHIELD_ACTIVE_6s
2026-09-07 18:07:07.256,1788804427.257,2675,13,89,4408.23,4408.31,8.0,PASS_<=10c,+0.0,FLAT,-17.0,+104.0,4.2,+1.03,0.25,SLOW,4407.19,4408.62,4405.89,4407.05,0.00,0.00,0.0,BEARISH,273.0,4408.40,4408.40,4408.18,4408.23,7,ACTIVE_7s,22.0,17.0,0.0,5.0,0.0,22.7,22.7,BLOCKED_22.7%,4408.25,2.0,NO,STANDBY_VEL_LOW,0,0.00,4590.00,113.94,FALSE,OPP_WICK_TOO_HIGH_0.23|OPENING_SHIELD_ACTIVE_7s
2026-09-07 18:07:07.758,1788804427.758,2676,14,90,4408.23,4408.31,8.0,PASS_<=10c,+0.0,FLAT,-17.0,+104.0,4.2,+1.05,0.25,SLOW,4407.19,4408.62,4405.89,4407.05,0.00,0.00,0.0,BEARISH,273.0,4408.40,4408.40,4408.18,4408.23,7,ACTIVE_7s,22.0,17.0,0.0,5.0,0.0,22.7,22.7,BLOCKED_22.7%,4408.25,2.0,NO,STANDBY_VEL_LOW,0,0.00,4590.00,113.94,FALSE,OPP_WICK_TOO_HIGH_0.23|OPENING_SHIELD_ACTIVE_7s
2026-09-07 18:07:08.259,1788804428.259,2677,15,91,4408.23,4408.31,8.0,PASS_<=10c,+0.0,FLAT,-17.0,+104.0,4.2,+1.05,0.25,SLOW,4407.19,4408.62,4405.89,4407.05,0.00,0.00,0.0,BEARISH,273.0,4408.40,4408.40,4408.18,4408.23,8,ACTIVE_8s,22.0,17.0,0.0,5.0,0.0,22.7,22.7,BLOCKED_22.7%,4408.25,2.0,NO,STANDBY_VEL_LOW,0,0.00,4590.00,113.94,FALSE,OPP_WICK_TOO_HIGH_0.23|OPENING_SHIELD_ACTIVE_8s
2026-09-07 18:07:08.760,1788804428.761,2678,16,92,4408.23,4408.31,8.0,PASS_<=10c,+0.0,FLAT,-17.0,+104.0,4.2,+1.05,0.25,SLOW,4407.19,4408.62,4405.89,4407.05,0.00,0.00,0.0,BEARISH,273.0,4408.40,4408.40,4408.18,4408.23,8,ACTIVE_8s,22.0,17.0,0.0,5.0,0.0,22.7,22.7,BLOCKED_22.7%,4408.25,2.0,NO,STANDBY_VEL_LOW,0,0.00,4590.00,113.94,FALSE,OPP_WICK_TOO_HIGH_0.23|OPENING_SHIELD_ACTIVE_8s
2026-09-07 18:07:09.262,1788804429.262,2679,17,93,4408.23,4408.31,8.0,PASS_<=10c,+0.0,FLAT,-17.0,+104.0,4.2,+1.05,0.25,SLOW,4407.19,4408.62,4405.89,4407.05,0.00,0.00,0.0,BEARISH,273.0,4408.40,4408.40,4408.18,4408.23,9,ACTIVE_9s,22.0,17.0,0.0,5.0,0.0,22.7,22.7,BLOCKED_22.7%,4408.25,2.0,NO,STANDBY_VEL_LOW,0,0.00,4590.00,113.94,FALSE,OPP_WICK_TOO_HIGH_0.23|OPENING_SHIELD_ACTIVE_9s
2026-09-07 18:07:19.644,1788804439.644,2680,18,94,4408.23,4408.31,8.0,PASS_<=10c,+0.0,FLAT,-17.0,+104.0,1.3,+0.70,0.54,SLOW,4407.19,4408.62,4405.89,4407.05,0.00,0.00,0.0,BEARISH,273.0,4408.40,4408.40,4408.18,4408.23,19,ACTIVE_19s,22.0,17.0,0.0,5.0,0.0,22.7,22.7,BLOCKED_22.7%,4408.25,2.0,NO,STANDBY_VEL_LOW,0,0.00,4590.00,113.94,FALSE,OPP_WICK_TOO_HIGH_0.23|OPENING_SHIELD_ACTIVE_19s
2026-09-07 18:07:27.672,1788804447.673,2681,19,95,4408.23,4408.31,8.0,PASS_<=10c,+0.0,FLAT,-17.0,+104.0,1.3,+0.66,0.51,SLOW,4407.19,4408.62,4405.89,4407.05,0.00,0.00,0.0,BEARISH,273.0,4408.40,4408.40,4408.18,4408.23,27,CLEARED_>=20s,22.0,17.0,0.0,5.0,0.0,22.7,22.7,BLOCKED_22.7%,4408.25,2.0,NO,STANDBY_VEL_LOW,0,0.00,4590.00,113.94,FALSE,OPP_WICK_TOO_HIGH_0.23
2026-09-07 18:07:28.027,1788804448.028,2682,20,96,4408.26,4408.34,8.0,PASS_<=10c,+3.0,UP,-14.0,+107.0,1.3,+0.92,0.71,SLOW,4407.19,4408.62,4405.89,4407.05,0.00,0.00,0.0,BEARISH,273.0,4408.40,4408.40,4408.18,4408.26,28,CLEARED_>=20s,22.0,14.0,0.0,8.0,0.0,36.4,36.4,BLOCKED_36.4%,4408.25,1.0,NO,STANDBY_VEL_LOW,0,0.00,4590.00,113.94,FALSE,OPP_WICK_TOO_HIGH_0.36|PRICE_ABOVE_15C_DISPLACEMENT
2026-09-07 18:07:28.529,1788804448.529,2683,21,97,4408.26,4408.34,8.0,PASS_<=10c,+0.0,FLAT,-14.0,+107.0,1.6,+0.80,0.50,SLOW,4407.19,4408.62,4405.89,4407.05,0.00,0.00,0.0,BEARISH,273.0,4408.40,4408.40,4408.18,4408.26,28,CLEARED_>=20s,22.0,14.0,0.0,8.0,0.0,36.4,36.4,BLOCKED_36.4%,4408.25,1.0,NO,STANDBY_VEL_LOW,0,0.00,4590.00,113.94,FALSE,OPP_WICK_TOO_HIGH_0.36|PRICE_ABOVE_15C_DISPLACEMENT
2026-09-07 18:07:29.031,1788804449.031,2684,22,98,4408.26,4408.34,8.0,PASS_<=10c,+0.0,FLAT,-14.0,+107.0,1.9,+0.77,0.41,SLOW,4407.19,4408.62,4405.89,4407.05,0.00,0.00,0.0,BEARISH,273.0,4408.40,4408.40,4408.18,4408.26,29,CLEARED_>=20s,22.0,14.0,0.0,8.0,0.0,36.4,36.4,BLOCKED_36.4%,4408.25,1.0,NO,STANDBY_VEL_LOW,0,0.00,4590.00,113.94,FALSE,OPP_WICK_TOO_HIGH_0.36|PRICE_ABOVE_15C_DISPLACEMENT
2026-09-07 18:07:29.532,1788804449.532,2685,23,99,4408.27,4408.35,8.0,PASS_<=10c,+1.0,UP,-13.0,+108.0,2.1,+0.84,0.40,SLOW,4407.19,4408.62,4405.89,4407.05,0.00,0.00,0.0,BEARISH,273.0,4408.40,4408.40,4408.18,4408.27,29,CLEARED_>=20s,22.0,13.0,0.0,9.0,0.0,40.9,40.9,BLOCKED_40.9%,4408.25,2.0,NO,STANDBY_VEL_LOW,0,0.00,4590.00,113.94,FALSE,OPP_WICK_TOO_HIGH_0.41|PRICE_ABOVE_15C_DISPLACEMENT
2026-09-07 18:07:30.032,1788804450.033,2686,24,100,4408.27,4408.35,8.0,PASS_<=10c,+0.0,FLAT,-13.0,+108.0,4.7,+1.69,0.36,SLOW,4407.19,4408.62,4405.89,4407.05,0.00,0.00,0.0,BEARISH,273.0,4408.40,4408.40,4408.18,4408.27,30,CLEARED_>=20s,22.0,13.0,0.0,9.0,0.0,40.9,40.9,BLOCKED_40.9%,4408.25,2.0,NO,STANDBY_VEL_LOW,0,0.00,4590.00,113.94,FALSE,OPP_WICK_TOO_HIGH_0.41|PRICE_ABOVE_15C_DISPLACEMENT
2026-09-07 18:07:30.534,1788804450.535,2687,25,101,4408.27,4408.35,8.0,PASS_<=10c,+0.0,FLAT,-13.0,+108.0,4.5,+1.40,0.31,SLOW,4407.19,4408.62,4405.89,4407.05,0.00,0.00,0.0,BEARISH,273.0,4408.40,4408.40,4408.18,4408.27,30,CLEARED_>=20s,22.0,13.0,0.0,9.0,0.0,40.9,40.9,BLOCKED_40.9%,4408.25,2.0,NO,STANDBY_VEL_LOW,0,0.00,4590.00,113.94,FALSE,OPP_WICK_TOO_HIGH_0.41|PRICE_ABOVE_15C_DISPLACEMENT
2026-09-07 18:07:31.036,1788804451.037,2688,26,102,4408.27,4408.35,8.0,PASS_<=10c,+0.0,FLAT,-13.0,+108.0,4.5,+1.19,0.26,SLOW,4407.19,4408.62,4405.89,4407.05,0.00,0.00,0.0,BEARISH,273.0,4408.40,4408.40,4408.18,4408.27,31,CLEARED_>=20s,22.0,13.0,0.0,9.0,0.0,40.9,40.9,BLOCKED_40.9%,4408.25,2.0,NO,STANDBY_VEL_LOW,0,0.00,4590.00,113.94,FALSE,OPP_WICK_TOO_HIGH_0.41|PRICE_ABOVE_15C_DISPLACEMENT
2026-09-07 18:07:31.539,1788804451.539,2689,27,103,4408.27,4408.35,8.0,PASS_<=10c,+0.0,FLAT,-13.0,+108.0,4.4,+1.03,0.23,SLOW,4407.19,4408.62,4405.89,4407.05,0.00,0.00,0.0,BEARISH,273.0,4408.40,4408.40,4408.18,4408.27,31,CLEARED_>=20s,22.0,13.0,0.0,9.0,0.0,40.9,40.9,BLOCKED_40.9%,4408.25,2.0,NO,STANDBY_VEL_LOW,0,0.00,4590.00,113.94,FALSE,OPP_WICK_TOO_HIGH_0.41|PRICE_ABOVE_15C_DISPLACEMENT
2026-09-07 18:07:32.040,1788804452.041,2690,28,104,4408.27,4408.35,8.0,PASS_<=10c,+0.0,FLAT,-13.0,+108.0,4.3,+0.92,0.21,SLOW,4407.19,4408.62,4405.89,4407.05,0.00,0.00,0.0,BEARISH,273.0,4408.40,4408.40,4408.18,4408.27,32,CLEARED_>=20s,22.0,13.0,0.0,9.0,0.0,40.9,40.9,BLOCKED_40.9%,4408.25,2.0,NO,STANDBY_VEL_LOW,0,0.00,4590.00,113.94,FALSE,OPP_WICK_TOO_HIGH_0.41|PRICE_ABOVE_15C_DISPLACEMENT
2026-09-07 18:07:32.541,1788804452.542,2691,29,105,4408.27,4408.35,8.0,PASS_<=10c,+0.0,FLAT,-13.0,+108.0,4.3,+0.82,0.19,SLOW,4407.19,4408.62,4405.89,4407.05,0.00,0.00,0.0,BEARISH,273.0,4408.40,4408.40,4408.18,4408.27,32,CLEARED_>=20s,22.0,13.0,0.0,9.0,0.0,40.9,40.9,BLOCKED_40.9%,4408.25,2.0,NO,STANDBY_VEL_LOW,0,0.00,4590.00,113.94,FALSE,OPP_WICK_TOO_HIGH_0.41|PRICE_ABOVE_15C_DISPLACEMENT
2026-09-07 18:07:33.043,1788804453.044,2692,30,106,4408.27,4408.35,8.0,PASS_<=10c,+0.0,FLAT,-13.0,+108.0,4.2,+0.73,0.17,SLOW,4407.19,4408.62,4405.89,4407.05,0.00,0.00,0.0,BEARISH,273.0,4408.40,4408.40,4408.18,4408.27,33,CLEARED_>=20s,22.0,13.0,0.0,9.0,0.0,40.9,40.9,BLOCKED_40.9%,4408.25,2.0,NO,STANDBY_VEL_LOW,0,0.00,4590.00,113.94,FALSE,OPP_WICK_TOO_HIGH_0.41|PRICE_ABOVE_15C_DISPLACEMENT
2026-09-07 18:07:33.545,1788804453.546,2693,31,107,4408.27,4408.35,8.0,PASS_<=10c,+0.0,FLAT,-13.0,+108.0,4.2,+0.72,0.17,SLOW,4407.19,4408.62,4405.89,4407.05,0.00,0.00,0.0,BEARISH,273.0,4408.40,4408.40,4408.18,4408.27,33,CLEARED_>=20s,22.0,13.0,0.0,9.0,0.0,40.9,40.9,BLOCKED_40.9%,4408.25,2.0,NO,STANDBY_VEL_LOW,0,0.00,4590.00,113.94,FALSE,OPP_WICK_TOO_HIGH_0.41|PRICE_ABOVE_15C_DISPLACEMENT
2026-09-07 18:07:34.047,1788804454.048,2694,32,108,4408.27,4408.35,8.0,PASS_<=10c,+0.0,FLAT,-13.0,+108.0,4.2,+0.72,0.17,SLOW,4407.19,4408.62,4405.89,4407.05,0.00,0.00,0.0,BEARISH,273.0,4408.40,4408.40,4408.18,4408.27,34,CLEARED_>=20s,22.0,13.0,0.0,9.0,0.0,40.9,40.9,BLOCKED_40.9%,4408.25,2.0,NO,STANDBY_VEL_LOW,0,0.00,4590.00,113.94,FALSE,OPP_WICK_TOO_HIGH_0.41|PRICE_ABOVE_15C_DISPLACEMENT
2026-09-07 18:07:34.548,1788804454.548,2695,33,109,4408.27,4408.35,8.0,PASS_<=10c,+0.0,FLAT,-13.0,+108.0,4.2,+0.74,0.18,SLOW,4407.19,4408.62,4405.89,4407.05,0.00,0.00,0.0,BEARISH,273.0,4408.40,4408.40,4408.18,4408.27,34,CLEARED_>=20s,22.0,13.0,0.0,9.0,0.0,40.9,40.9,BLOCKED_40.9%,4408.25,2.0,NO,STANDBY_VEL_LOW,0,0.00,4590.00,113.94,FALSE,OPP_WICK_TOO_HIGH_0.41|PRICE_ABOVE_15C_DISPLACEMENT
2026-09-07 18:07:35.050,1788804455.050,2696,34,110,4408.27,4408.35,8.0,PASS_<=10c,+0.0,FLAT,-13.0,+108.0,4.2,+0.73,0.17,SLOW,4407.19,4408.62,4405.89,4407.05,0.00,0.00,0.0,BEARISH,273.0,4408.40,4408.40,4408.18,4408.27,35,CLEARED_>=20s,22.0,13.0,0.0,9.0,0.0,40.9,40.9,BLOCKED_40.9%,4408.25,2.0,NO,STANDBY_VEL_LOW,0,0.00,4590.00,113.94,FALSE,OPP_WICK_TOO_HIGH_0.41|PRICE_ABOVE_15C_DISPLACEMENT
2026-09-07 18:07:35.551,1788804455.551,2697,35,111,4408.27,4408.35,8.0,PASS_<=10c,+0.0,FLAT,-13.0,+108.0,4.2,+0.73,0.17,SLOW,4407.19,4408.62,4405.89,4407.05,0.00,0.00,0.0,BEARISH,273.0,4408.40,4408.40,4408.18,4408.27,35,CLEARED_>=20s,22.0,13.0,0.0,9.0,0.0,40.9,40.9,BLOCKED_40.9%,4408.25,2.0,NO,STANDBY_VEL_LOW,0,0.00,4590.00,113.94,FALSE,OPP_WICK_TOO_HIGH_0.41|PRICE_ABOVE_15C_DISPLACEMENT
2026-09-07 18:07:41.068,1788804461.068,2698,36,112,4408.27,4408.35,8.0,PASS_<=10c,+0.0,FLAT,-13.0,+108.0,1.5,+0.00,0.00,SLOW,4407.19,4408.62,4405.89,4407.05,0.00,0.00,0.0,BEARISH,273.0,4408.40,4408.40,4408.18,4408.27,41,CLEARED_>=20s,22.0,13.0,0.0,9.0,0.0,40.9,40.9,BLOCKED_40.9%,4408.25,2.0,NO,STANDBY_VEL_LOW,0,0.00,4590.00,113.94,FALSE,OPP_WICK_TOO_HIGH_0.41|PRICE_ABOVE_15C_DISPLACEMENT
2026-09-07 18:07:51.304,1788804471.305,2699,37,113,4408.27,4408.35,8.0,PASS_<=10c,+0.0,FLAT,-13.0,+108.0,1.3,+0.00,0.00,SLOW,4407.19,4408.62,4405.89,4407.05,0.00,0.00,0.0,BEARISH,273.0,4408.40,4408.40,4408.18,4408.27,51,CLEARED_>=20s,22.0,13.0,0.0,9.0,0.0,40.9,40.9,BLOCKED_40.9%,4408.25,2.0,NO,STANDBY_VEL_LOW,0,0.00,4590.00,113.94,FALSE,OPP_WICK_TOO_HIGH_0.41|PRICE_ABOVE_15C_DISPLACEMENT
2026-09-07 18:07:52.721,1788804472.722,2700,38,114,4408.27,4408.35,8.0,PASS_<=10c,+0.0,FLAT,-13.0,+108.0,2.1,+0.00,0.00,SLOW,4407.19,4408.62,4405.89,4407.05,0.00,0.00,0.0,BEARISH,273.0,4408.40,4408.40,4408.18,4408.27,52,CLEARED_>=20s,22.0,13.0,0.0,9.0,0.0,40.9,40.9,BLOCKED_40.9%,4408.25,2.0,NO,STANDBY_VEL_LOW,0,0.00,4590.00,113.94,FALSE,OPP_WICK_TOO_HIGH_0.41|PRICE_ABOVE_15C_DISPLACEMENT
2026-09-07 18:07:53.217,1788804473.218,2701,39,115,4408.45,4408.53,8.0,PASS_<=10c,+18.0,UP,+5.0,+126.0,2.6,+9.41,3.62,SLOW,4407.19,4408.62,4405.89,4407.05,0.00,0.00,0.0,BEARISH,273.0,4408.40,4408.45,4408.18,4408.45,53,CLEARED_>=20s,27.0,5.0,0.0,22.0,0.0,81.5,81.5,BLOCKED_81.5%,0.00,0.0,NO,STANDBY_VEL_LOW,0,0.00,4590.00,113.94,FALSE,M1_DIRECTION_MISMATCH
2026-09-07 18:07:53.719,1788804473.719,2702,40,116,4408.44,4408.52,8.0,PASS_<=10c,-1.0,DOWN,+4.0,+125.0,2.9,+7.04,2.43,SLOW,4407.19,4408.62,4405.89,4407.05,0.00,0.00,0.0,BEARISH,273.0,4408.40,4408.45,4408.18,4408.44,53,CLEARED_>=20s,27.0,4.0,1.0,22.0,3.7,81.5,81.5,BLOCKED_81.5%,0.00,0.0,NO,STANDBY_VEL_LOW,0,0.00,4590.00,113.94,FALSE,M1_DIRECTION_MISMATCH
2026-09-07 18:07:54.221,1788804474.221,2703,41,117,4408.66,4408.74,8.0,PASS_<=10c,+22.0,UP,+26.0,+147.0,3.1,+13.37,4.31,SLOW,4407.19,4408.62,4405.89,4407.05,0.00,0.00,0.0,BEARISH,273.0,4408.40,4408.66,4408.18,4408.66,54,CLEARED_>=20s,48.0,26.0,0.0,22.0,0.0,45.8,45.8,BLOCKED_45.8%,0.00,0.0,NO,STANDBY_VEL_LOW,0,0.00,4590.00,113.94,FALSE,M1_DIRECTION_MISMATCH
2026-09-07 18:07:54.722,1788804474.722,2704,42,118,4408.71,4408.79,8.0,PASS_<=10c,+5.0,UP,+31.0,+152.0,3.2,+12.87,4.02,SLOW,4407.19,4408.62,4405.89,4407.05,0.00,0.00,0.0,BEARISH,273.0,4408.40,4408.71,4408.18,4408.71,54,CLEARED_>=20s,53.0,31.0,0.0,22.0,0.0,41.5,41.5,BLOCKED_41.5%,0.00,0.0,NO,STANDBY_VEL_LOW,0,0.00,4590.00,113.94,FALSE,M1_DIRECTION_MISMATCH
2026-09-07 18:07:55.224,1788804475.224,2705,43,119,4408.71,4408.79,8.0,PASS_<=10c,+0.0,FLAT,+31.0,+152.0,3.3,+11.23,3.40,SLOW,4407.19,4408.62,4405.89,4407.05,0.00,0.00,0.0,BEARISH,273.0,4408.40,4408.71,4408.18,4408.71,55,CLEARED_>=20s,53.0,31.0,0.0,22.0,0.0,41.5,41.5,BLOCKED_41.5%,0.00,0.0,NO,STANDBY_VEL_LOW,0,0.00,4590.00,113.94,FALSE,M1_DIRECTION_MISMATCH
2026-09-07 18:07:55.727,1788804475.727,2706,44,120,4408.72,4408.80,8.0,PASS_<=10c,+1.0,UP,+32.0,+153.0,3.4,+10.18,2.99,SLOW,4407.19,4408.62,4405.89,4407.05,0.00,0.00,0.0,BEARISH,273.0,4408.40,4408.72,4408.18,4408.72,55,CLEARED_>=20s,54.0,32.0,0.0,22.0,0.0,40.7,40.7,BLOCKED_40.7%,0.00,0.0,NO,STANDBY_VEL_LOW,0,0.00,4590.00,113.94,FALSE,M1_DIRECTION_MISMATCH
2026-09-07 18:07:56.229,1788804476.230,2707,45,121,4408.72,4408.80,8.0,PASS_<=10c,+0.0,FLAT,+32.0,+153.0,3.5,+9.14,2.61,SLOW,4407.19,4408.62,4405.89,4407.05,0.00,0.00,0.0,BEARISH,273.0,4408.40,4408.72,4408.18,4408.72,56,CLEARED_>=20s,54.0,32.0,0.0,22.0,0.0,40.7,40.7,BLOCKED_40.7%,0.00,0.0,NO,STANDBY_VEL_LOW,0,0.00,4590.00,113.94,FALSE,M1_DIRECTION_MISMATCH
2026-09-07 18:07:56.730,1788804476.731,2708,46,122,4408.72,4408.80,8.0,PASS_<=10c,+0.0,FLAT,+32.0,+153.0,4.4,+10.93,2.48,SLOW,4407.19,4408.62,4405.89,4407.05,0.00,0.00,0.0,BEARISH,273.0,4408.40,4408.72,4408.18,4408.72,56,CLEARED_>=20s,54.0,32.0,0.0,22.0,0.0,40.7,40.7,BLOCKED_40.7%,0.00,0.0,NO,STANDBY_VEL_LOW,0,0.00,4590.00,113.94,FALSE,M1_DIRECTION_MISMATCH
2026-09-07 18:07:57.234,1788804477.234,2709,47,123,4408.72,4408.80,8.0,PASS_<=10c,+0.0,FLAT,+32.0,+153.0,4.3,+9.74,2.27,SLOW,4407.19,4408.62,4405.89,4407.05,0.00,0.00,0.0,BEARISH,273.0,4408.40,4408.72,4408.18,4408.72,57,CLEARED_>=20s,54.0,32.0,0.0,22.0,0.0,40.7,40.7,BLOCKED_40.7%,0.00,0.0,NO,STANDBY_VEL_LOW,0,0.00,4590.00,113.94,FALSE,M1_DIRECTION_MISMATCH
2026-09-07 18:07:57.734,1788804477.735,2710,48,124,4408.72,4408.80,8.0,PASS_<=10c,+0.0,FLAT,+32.0,+153.0,4.2,+5.66,1.35,SLOW,4407.19,4408.62,4405.89,4407.05,0.00,0.00,0.0,BEARISH,273.0,4408.40,4408.72,4408.18,4408.72,57,CLEARED_>=20s,54.0,32.0,0.0,22.0,0.0,40.7,40.7,BLOCKED_40.7%,0.00,0.0,NO,STANDBY_VEL_LOW,0,0.00,4590.00,113.94,FALSE,M1_DIRECTION_MISMATCH
2026-09-07 18:07:58.236,1788804478.237,2711,49,125,4408.72,4408.80,8.0,PASS_<=10c,+0.0,FLAT,+32.0,+153.0,4.2,+5.87,1.40,SLOW,4407.19,4408.62,4405.89,4407.05,0.00,0.00,0.0,BEARISH,273.0,4408.40,4408.72,4408.18,4408.72,58,CLEARED_>=20s,54.0,32.0,0.0,22.0,0.0,40.7,40.7,BLOCKED_40.7%,0.00,0.0,NO,STANDBY_VEL_LOW,0,0.00,4590.00,113.94,FALSE,M1_DIRECTION_MISMATCH
2026-09-07 18:07:58.758,1788804478.758,2712,50,126,4408.72,4408.80,8.0,PASS_<=10c,+0.0,FLAT,+32.0,+153.0,4.2,+2.30,0.55,SLOW,4407.19,4408.62,4405.89,4407.05,0.00,0.00,0.0,BEARISH,273.0,4408.40,4408.72,4408.18,4408.72,58,CLEARED_>=20s,54.0,32.0,0.0,22.0,0.0,40.7,40.7,BLOCKED_40.7%,0.00,0.0,NO,STANDBY_VEL_LOW,0,0.00,4590.00,113.94,FALSE,M1_DIRECTION_MISMATCH
2026-09-07 18:07:59.260,1788804479.261,2713,51,127,4408.72,4408.80,8.0,PASS_<=10c,+0.0,FLAT,+32.0,+153.0,4.2,+0.54,0.13,SLOW,4407.19,4408.62,4405.89,4407.05,0.00,0.00,0.0,BEARISH,273.0,4408.40,4408.72,4408.18,4408.72,59,CLEARED_>=20s,54.0,32.0,0.0,22.0,0.0,40.7,40.7,BLOCKED_40.7%,0.00,0.0,NO,STANDBY_VEL_LOW,0,0.00,4590.00,113.94,FALSE,M1_DIRECTION_MISMATCH
2026-09-07 18:07:59.762,1788804479.763,2714,52,128,4408.72,4408.80,8.0,PASS_<=10c,+0.0,FLAT,+32.0,+153.0,4.2,+0.53,0.13,SLOW,4407.19,4408.62,4405.89,4407.05,0.00,0.00,0.0,BEARISH,273.0,4408.40,4408.72,4408.18,4408.72,59,CLEARED_>=20s,54.0,32.0,0.0,22.0,0.0,40.7,40.7,BLOCKED_40.7%,0.00,0.0,NO,STANDBY_VEL_LOW,0,0.00,4590.00,113.94,FALSE,M1_DIRECTION_MISMATCH
2026-09-07 18:08:00.264,1788804480.265,2715,1,129,4408.72,4408.80,8.0,PASS_<=10c,+0.0,FLAT,+0.0,+153.0,4.2,+0.54,0.13,SLOW,4407.19,4408.62,4405.89,4407.05,0.00,0.00,0.0,BEARISH,273.0,4408.72,4408.72,4408.72,4408.72,0,ACTIVE_0s,1.0,0.0,0.0,0.0,0.0,0.0,0.0,PASS_<20%,0.00,0.0,NO,STANDBY_VEL_LOW,0,0.00,4590.00,113.94,FALSE,M1_DIRECTION_MISMATCH|OPENING_SHIELD_ACTIVE_0s
2026-09-07 18:08:05.781,1788804485.781,2716,2,130,4408.72,4408.80,8.0,PASS_<=10c,+0.0,FLAT,+0.0,+153.0,1.5,+0.82,0.55,SLOW,4407.19,4408.62,4405.89,4407.05,0.00,0.00,0.0,BEARISH,273.0,4408.72,4408.72,4408.72,4408.72,5,ACTIVE_5s,1.0,0.0,0.0,0.0,0.0,0.0,0.0,PASS_<20%,0.00,0.0,NO,STANDBY_VEL_LOW,0,0.00,4590.00,113.94,FALSE,M1_DIRECTION_MISMATCH|OPENING_SHIELD_ACTIVE_5s
2026-09-07 18:08:16.040,1788804496.040,2717,3,131,4408.72,4408.80,8.0,PASS_<=10c,+0.0,FLAT,+0.0,+153.0,1.3,+0.87,0.67,SLOW,4407.19,4408.62,4405.89,4407.05,0.00,0.00,0.0,BEARISH,273.0,4408.72,4408.72,4408.72,4408.72,16,ACTIVE_16s,1.0,0.0,0.0,0.0,0.0,0.0,0.0,PASS_<20%,0.00,0.0,NO,STANDBY_VEL_LOW,0,0.00,4590.00,113.94,FALSE,M1_DIRECTION_MISMATCH|OPENING_SHIELD_ACTIVE_16s
2026-09-07 18:08:17.849,1788804497.849,2718,4,132,4408.72,4408.80,8.0,PASS_<=10c,+0.0,FLAT,+0.0,+153.0,1.7,+0.84,0.49,SLOW,4407.19,4408.62,4405.89,4407.05,0.00,0.00,0.0,BEARISH,273.0,4408.72,4408.72,4408.72,4408.72,17,ACTIVE_17s,1.0,0.0,0.0,0.0,0.0,0.0,0.0,PASS_<20%,0.00,0.0,NO,STANDBY_VEL_LOW,0,0.00,4590.00,113.94,FALSE,M1_DIRECTION_MISMATCH|OPENING_SHIELD_ACTIVE_17s
2026-09-07 18:08:18.351,1788804498.351,2719,5,133,4409.06,4409.14,8.0,PASS_<=10c,+34.0,UP,+34.0,+187.0,2.2,+14.71,6.69,SLOW,4407.19,4408.62,4405.89,4407.05,0.00,0.00,0.0,BEARISH,273.0,4408.72,4409.06,4408.72,4409.06,18,ACTIVE_18s,34.0,34.0,0.0,0.0,0.0,0.0,0.0,PASS_<20%,0.00,0.0,NO,STANDBY_VEL_LOW,0,0.00,4590.00,113.94,FALSE,M1_DIRECTION_MISMATCH|OPENING_SHIELD_ACTIVE_18s
2026-09-07 18:08:18.853,1788804498.853,2720,6,134,4409.06,4409.14,8.0,PASS_<=10c,+0.0,FLAT,+34.0,+187.0,2.5,+12.09,4.84,SLOW,4407.19,4408.62,4405.89,4407.05,0.00,0.00,0.0,BEARISH,273.0,4408.72,4409.06,4408.72,4409.06,18,ACTIVE_18s,34.0,34.0,0.0,0.0,0.0,0.0,0.0,PASS_<20%,0.00,0.0,NO,STANDBY_VEL_LOW,0,0.00,4590.00,113.94,FALSE,M1_DIRECTION_MISMATCH|OPENING_SHIELD_ACTIVE_18s
2026-09-07 18:08:19.354,1788804499.355,2721,7,135,4409.06,4409.14,8.0,PASS_<=10c,+0.0,FLAT,+34.0,+187.0,2.7,+10.26,3.80,SLOW,4407.19,4408.62,4405.89,4407.05,0.00,0.00,0.0,BEARISH,273.0,4408.72,4409.06,4408.72,4409.06,19,ACTIVE_19s,34.0,34.0,0.0,0.0,0.0,0.0,0.0,PASS_<20%,0.00,0.0,NO,STANDBY_VEL_LOW,0,0.00,4590.00,113.94,FALSE,M1_DIRECTION_MISMATCH|OPENING_SHIELD_ACTIVE_19s
2026-09-07 18:08:19.856,1788804499.857,2722,8,136,4409.06,4409.14,8.0,PASS_<=10c,+0.0,FLAT,+34.0,+187.0,2.9,+8.91,3.07,SLOW,4407.19,4408.62,4405.89,4407.05,0.00,0.00,0.0,BEARISH,273.0,4408.72,4409.06,4408.72,4409.06,19,ACTIVE_19s,34.0,34.0,0.0,0.0,0.0,0.0,0.0,PASS_<20%,0.00,0.0,NO,STANDBY_VEL_LOW,0,0.00,4590.00,113.94,FALSE,M1_DIRECTION_MISMATCH|OPENING_SHIELD_ACTIVE_19s
2026-09-07 18:08:20.357,1788804500.358,2723,9,137,4409.06,4409.14,8.0,PASS_<=10c,+0.0,FLAT,+34.0,+187.0,3.0,+7.87,2.62,SLOW,4407.19,4408.62,4405.89,4407.05,0.00,0.00,0.0,BEARISH,273.0,4408.72,4409.06,4408.72,4409.06,20,CLEARED_>=20s,34.0,34.0,0.0,0.0,0.0,0.0,0.0,PASS_<20%,0.00,0.0,NO,STANDBY_VEL_LOW,0,0.00,4590.00,113.94,FALSE,M1_DIRECTION_MISMATCH
2026-09-07 18:08:20.860,1788804500.860,2724,10,138,4409.07,4409.15,8.0,PASS_<=10c,+1.0,UP,+35.0,+188.0,3.1,+7.26,2.34,SLOW,4407.19,4408.62,4405.89,4407.05,0.00,0.00,0.0,BEARISH,273.0,4408.72,4409.07,4408.72,4409.07,20,CLEARED_>=20s,35.0,35.0,0.0,0.0,0.0,0.0,0.0,PASS_<20%,0.00,0.0,NO,STANDBY_VEL_LOW,0,0.00,4590.00,113.94,FALSE,M1_DIRECTION_MISMATCH
2026-09-07 18:08:21.362,1788804501.362,2725,11,139,4409.06,4409.14,8.0,PASS_<=10c,-1.0,DOWN,+34.0,+187.0,4.4,+9.41,2.14,SLOW,4407.19,4408.62,4405.89,4407.05,0.00,0.00,0.0,BEARISH,273.0,4408.72,4409.07,4408.72,4409.06,21,CLEARED_>=20s,35.0,34.0,1.0,0.0,2.9,0.0,0.0,PASS_<20%,0.00,0.0,NO,STANDBY_VEL_LOW,0,0.00,4590.00,113.94,FALSE,M1_DIRECTION_MISMATCH
2026-09-07 18:08:21.863,1788804501.864,2726,12,140,4409.04,4409.12,8.0,PASS_<=10c,-2.0,DOWN,+32.0,+185.0,4.4,+7.78,1.77,SLOW,4407.19,4408.62,4405.89,4407.05,0.00,0.00,0.0,BEARISH,273.0,4408.72,4409.07,4408.72,4409.04,21,CLEARED_>=20s,35.0,32.0,3.0,0.0,8.6,0.0,0.0,PASS_<20%,0.00,0.0,NO,STANDBY_VEL_LOW,0,0.00,4590.00,113.94,FALSE,M1_DIRECTION_MISMATCH
2026-09-07 18:08:22.365,1788804502.365,2727,13,141,4409.04,4409.12,8.0,PASS_<=10c,+0.0,FLAT,+32.0,+185.0,4.3,+6.93,1.61,SLOW,4407.19,4408.62,4405.89,4407.05,0.00,0.00,0.0,BEARISH,273.0,4408.72,4409.07,4408.72,4409.04,22,CLEARED_>=20s,35.0,32.0,3.0,0.0,8.6,0.0,0.0,PASS_<20%,0.00,0.0,NO,STANDBY_VEL_LOW,0,0.00,4590.00,113.94,FALSE,M1_DIRECTION_MISMATCH
2026-09-07 18:08:22.866,1788804502.867,2728,14,142,4409.04,4409.12,8.0,PASS_<=10c,+0.0,FLAT,+32.0,+185.0,4.2,+1.39,0.33,SLOW,4407.19,4408.62,4405.89,4407.05,0.00,0.00,0.0,BEARISH,273.0,4408.72,4409.07,4408.72,4409.04,22,CLEARED_>=20s,35.0,32.0,3.0,0.0,8.6,0.0,0.0,PASS_<20%,0.00,0.0,NO,STANDBY_VEL_LOW,0,0.00,4590.00,113.94,FALSE,M1_DIRECTION_MISMATCH
2026-09-07 18:08:23.370,1788804503.371,2729,15,143,4409.04,4409.12,8.0,PASS_<=10c,+0.0,FLAT,+32.0,+185.0,4.2,+1.38,0.33,SLOW,4407.19,4408.62,4405.89,4407.05,0.00,0.00,0.0,BEARISH,273.0,4408.72,4409.07,4408.72,4409.04,23,CLEARED_>=20s,35.0,32.0,3.0,0.0,8.6,0.0,0.0,PASS_<20%,0.00,0.0,NO,STANDBY_VEL_LOW,0,0.00,4590.00,113.94,FALSE,M1_DIRECTION_MISMATCH
2026-09-07 18:08:23.872,1788804503.872,2730,16,144,4409.04,4409.12,8.0,PASS_<=10c,+0.0,FLAT,+32.0,+185.0,4.2,+1.37,0.33,SLOW,4407.19,4408.62,4405.89,4407.05,0.00,0.00,0.0,BEARISH,273.0,4408.72,4409.07,4408.72,4409.04,23,CLEARED_>=20s,35.0,32.0,3.0,0.0,8.6,0.0,0.0,PASS_<20%,0.00,0.0,NO,STANDBY_VEL_LOW,0,0.00,4590.00,113.94,FALSE,M1_DIRECTION_MISMATCH
2026-09-07 18:08:24.373,1788804504.374,2731,17,145,4409.04,4409.12,8.0,PASS_<=10c,+0.0,FLAT,+32.0,+185.0,4.2,+1.36,0.32,SLOW,4407.19,4408.62,4405.89,4407.05,0.00,0.00,0.0,BEARISH,273.0,4408.72,4409.07,4408.72,4409.04,24,CLEARED_>=20s,35.0,32.0,3.0,0.0,8.6,0.0,0.0,PASS_<20%,0.00,0.0,NO,STANDBY_VEL_LOW,0,0.00,4590.00,113.94,FALSE,M1_DIRECTION_MISMATCH
2026-09-07 18:08:24.875,1788804504.875,2732,18,146,4409.04,4409.12,8.0,PASS_<=10c,+0.0,FLAT,+32.0,+185.0,4.2,+1.42,0.34,SLOW,4407.19,4408.62,4405.89,4407.05,0.00,0.00,0.0,BEARISH,273.0,4408.72,4409.07,4408.72,4409.04,24,CLEARED_>=20s,35.0,32.0,3.0,0.0,8.6,0.0,0.0,PASS_<20%,0.00,0.0,NO,STANDBY_VEL_LOW,0,0.00,4590.00,113.94,FALSE,M1_DIRECTION_MISMATCH
2026-09-07 18:08:25.376,1788804505.377,2733,19,147,4409.04,4409.12,8.0,PASS_<=10c,+0.0,FLAT,+32.0,+185.0,4.2,+1.40,0.33,SLOW,4407.19,4408.62,4405.89,4407.05,0.00,0.00,0.0,BEARISH,273.0,4408.72,4409.07,4408.72,4409.04,25,CLEARED_>=20s,35.0,32.0,3.0,0.0,8.6,0.0,0.0,PASS_<20%,0.00,0.0,NO,STANDBY_VEL_LOW,0,0.00,4590.00,113.94,FALSE,M1_DIRECTION_MISMATCH
2026-09-07 18:08:30.892,1788804510.892,2734,20,148,4409.04,4409.12,8.0,PASS_<=10c,+0.0,FLAT,+32.0,+185.0,1.6,+1.29,0.81,SLOW,4407.19,4408.62,4405.89,4407.05,0.00,0.00,0.0,BEARISH,273.0,4408.72,4409.07,4408.72,4409.04,30,CLEARED_>=20s,35.0,32.0,3.0,0.0,8.6,0.0,0.0,PASS_<20%,0.00,0.0,NO,STANDBY_VEL_LOW,0,0.00,4590.00,113.94,FALSE,M1_DIRECTION_MISMATCH
2026-09-07 18:08:41.124,1788804521.125,2735,21,149,4409.04,4409.12,8.0,PASS_<=10c,+0.0,FLAT,+32.0,+185.0,1.3,+1.40,1.08,SLOW,4407.19,4408.62,4405.89,4407.05,0.00,0.00,0.0,BEARISH,273.0,4408.72,4409.07,4408.72,4409.04,41,CLEARED_>=20s,35.0,32.0,3.0,0.0,8.6,0.0,0.0,PASS_<20%,0.00,0.0,NO,STANDBY_VEL_LOW,0,0.00,4590.00,113.94,FALSE,M1_DIRECTION_MISMATCH
2026-09-07 18:08:43.134,1788804523.135,2736,22,150,4409.00,4409.08,8.0,PASS_<=10c,-4.0,DOWN,+28.0,+181.0,1.5,+1.99,1.33,SLOW,4407.19,4408.62,4405.89,4407.05,0.00,0.00,0.0,BEARISH,273.0,4408.72,4409.07,4408.72,4409.00,43,CLEARED_>=20s,35.0,28.0,7.0,0.0,20.0,0.0,0.0,PASS_<20%,0.00,0.0,NO,STANDBY_VEL_LOW,0,0.00,4590.00,113.94,FALSE,M1_DIRECTION_MISMATCH
2026-09-07 18:08:43.636,1788804523.637,2737,23,151,4409.00,4409.08,8.0,PASS_<=10c,+0.0,FLAT,+28.0,+181.0,2.0,+1.59,0.80,SLOW,4407.19,4408.62,4405.89,4407.05,0.00,0.00,0.0,BEARISH,273.0,4408.72,4409.07,4408.72,4409.00,43,CLEARED_>=20s,35.0,28.0,7.0,0.0,20.0,0.0,0.0,PASS_<20%,0.00,0.0,NO,STANDBY_VEL_LOW,0,0.00,4590.00,113.94,FALSE,M1_DIRECTION_MISMATCH
2026-09-07 18:08:44.138,1788804524.138,2738,24,152,4409.00,4409.08,8.0,PASS_<=10c,+0.0,FLAT,+28.0,+181.0,2.3,+1.33,0.58,SLOW,4407.19,4408.62,4405.89,4407.05,0.00,0.00,0.0,BEARISH,273.0,4408.72,4409.07,4408.72,4409.00,44,CLEARED_>=20s,35.0,28.0,7.0,0.0,20.0,0.0,0.0,PASS_<20%,0.00,0.0,NO,STANDBY_VEL_LOW,0,0.00,4590.00,113.94,FALSE,M1_DIRECTION_MISMATCH
2026-09-07 18:08:44.639,1788804524.639,2739,25,153,4409.00,4409.08,8.0,PASS_<=10c,+0.0,FLAT,+28.0,+181.0,2.6,+1.25,0.48,SLOW,4407.19,4408.62,4405.89,4407.05,0.00,0.00,0.0,BEARISH,273.0,4408.72,4409.07,4408.72,4409.00,44,CLEARED_>=20s,35.0,28.0,7.0,0.0,20.0,0.0,0.0,PASS_<20%,0.00,0.0,NO,STANDBY_VEL_LOW,0,0.00,4590.00,113.94,FALSE,M1_DIRECTION_MISMATCH
2026-09-07 18:08:45.141,1788804525.141,2740,26,154,4409.00,4409.08,8.0,PASS_<=10c,+0.0,FLAT,+28.0,+181.0,2.7,+1.24,0.46,SLOW,4407.19,4408.62,4405.89,4407.05,0.00,0.00,0.0,BEARISH,273.0,4408.72,4409.07,4408.72,4409.00,45,CLEARED_>=20s,35.0,28.0,7.0,0.0,20.0,0.0,0.0,PASS_<20%,0.00,0.0,NO,STANDBY_VEL_LOW,0,0.00,4590.00,113.94,FALSE,M1_DIRECTION_MISMATCH
2026-09-07 18:08:45.642,1788804525.643,2741,27,155,4408.81,4408.89,8.0,PASS_<=10c,-19.0,DOWN,+9.0,+162.0,2.9,+5.09,1.76,SLOW,4407.19,4408.62,4405.89,4407.05,0.00,0.00,0.0,BEARISH,273.0,4408.72,4409.07,4408.72,4408.81,45,CLEARED_>=20s,35.0,9.0,26.0,0.0,74.3,0.0,0.0,PASS_<20%,0.00,0.0,NO,STANDBY_VEL_LOW,0,0.00,4590.00,113.94,FALSE,M1_DIRECTION_MISMATCH
2026-09-07 18:08:46.144,1788804526.144,2742,28,156,4408.78,4408.86,8.0,PASS_<=10c,-3.0,DOWN,+6.0,+159.0,4.5,+8.36,1.86,SLOW,4407.19,4408.62,4405.89,4407.05,0.00,0.00,0.0,BEARISH,273.0,4408.72,4409.07,4408.72,4408.78,46,CLEARED_>=20s,35.0,6.0,29.0,0.0,82.9,0.0,0.0,PASS_<20%,0.00,0.0,NO,STANDBY_VEL_LOW,0,0.00,4590.00,113.94,FALSE,M1_DIRECTION_MISMATCH
2026-09-07 18:08:46.646,1788804526.647,2743,29,157,4408.78,4408.86,8.0,PASS_<=10c,+0.0,FLAT,+6.0,+159.0,4.4,+7.20,1.64,SLOW,4407.19,4408.62,4405.89,4407.05,0.00,0.00,0.0,BEARISH,273.0,4408.72,4409.07,4408.72,4408.78,46,CLEARED_>=20s,35.0,6.0,29.0,0.0,82.9,0.0,0.0,PASS_<20%,0.00,0.0,NO,STANDBY_VEL_LOW,0,0.00,4590.00,113.94,FALSE,M1_DIRECTION_MISMATCH
2026-09-07 18:08:47.148,1788804527.148,2744,30,158,4408.77,4408.85,8.0,PASS_<=10c,-1.0,DOWN,+5.0,+158.0,4.4,+6.56,1.49,SLOW,4407.19,4408.62,4405.89,4407.05,0.00,0.00,0.0,BEARISH,273.0,4408.72,4409.07,4408.72,4408.77,47,CLEARED_>=20s,35.0,5.0,30.0,0.0,85.7,0.0,0.0,PASS_<20%,0.00,0.0,NO,STANDBY_VEL_LOW,0,0.00,4590.00,113.94,FALSE,M1_DIRECTION_MISMATCH
2026-09-07 18:08:47.648,1788804527.649,2745,31,159,4408.77,4408.85,8.0,PASS_<=10c,+0.0,FLAT,+5.0,+158.0,4.3,+5.85,1.36,SLOW,4407.19,4408.62,4405.89,4407.05,0.00,0.00,0.0,BEARISH,273.0,4408.72,4409.07,4408.72,4408.77,47,CLEARED_>=20s,35.0,5.0,30.0,0.0,85.7,0.0,0.0,PASS_<20%,0.00,0.0,NO,STANDBY_VEL_LOW,0,0.00,4590.00,113.94,FALSE,M1_DIRECTION_MISMATCH
2026-09-07 18:08:48.153,1788804528.153,2746,32,160,4408.77,4408.85,8.0,PASS_<=10c,+0.0,FLAT,+5.0,+158.0,4.2,+4.83,1.15,SLOW,4407.19,4408.62,4405.89,4407.05,0.00,0.00,0.0,BEARISH,273.0,4408.72,4409.07,4408.72,4408.77,48,CLEARED_>=20s,35.0,5.0,30.0,0.0,85.7,0.0,0.0,PASS_<20%,0.00,0.0,NO,STANDBY_VEL_LOW,0,0.00,4590.00,113.94,FALSE,M1_DIRECTION_MISMATCH
2026-09-07 18:08:48.656,1788804528.656,2747,33,161,4408.77,4408.85,8.0,PASS_<=10c,+0.0,FLAT,+5.0,+158.0,4.2,+4.83,1.15,SLOW,4407.19,4408.62,4405.89,4407.05,0.00,0.00,0.0,BEARISH,273.0,4408.72,4409.07,4408.72,4408.77,48,CLEARED_>=20s,35.0,5.0,30.0,0.0,85.7,0.0,0.0,PASS_<20%,0.00,0.0,NO,STANDBY_VEL_LOW,0,0.00,4590.00,113.94,FALSE,M1_DIRECTION_MISMATCH
2026-09-07 18:08:49.156,1788804529.156,2748,34,162,4408.77,4408.85,8.0,PASS_<=10c,+0.0,FLAT,+5.0,+158.0,4.2,+4.82,1.15,SLOW,4407.19,4408.62,4405.89,4407.05,0.00,0.00,0.0,BEARISH,273.0,4408.72,4409.07,4408.72,4408.77,49,CLEARED_>=20s,35.0,5.0,30.0,0.0,85.7,0.0,0.0,PASS_<20%,0.00,0.0,NO,STANDBY_VEL_LOW,0,0.00,4590.00,113.94,FALSE,M1_DIRECTION_MISMATCH
2026-09-07 18:08:49.658,1788804529.659,2749,35,163,4408.77,4408.85,8.0,PASS_<=10c,+0.0,FLAT,+5.0,+158.0,4.2,+4.82,1.15,SLOW,4407.19,4408.62,4405.89,4407.05,0.00,0.00,0.0,BEARISH,273.0,4408.72,4409.07,4408.72,4408.77,49,CLEARED_>=20s,35.0,5.0,30.0,0.0,85.7,0.0,0.0,PASS_<20%,0.00,0.0,NO,STANDBY_VEL_LOW,0,0.00,4590.00,113.94,FALSE,M1_DIRECTION_MISMATCH
2026-09-07 18:08:50.160,1788804530.160,2750,36,164,4408.77,4408.85,8.0,PASS_<=10c,+0.0,FLAT,+5.0,+158.0,4.2,+4.82,1.15,SLOW,4407.19,4408.62,4405.89,4407.05,0.00,0.00,0.0,BEARISH,273.0,4408.72,4409.07,4408.72,4408.77,50,CLEARED_>=20s,35.0,5.0,30.0,0.0,85.7,0.0,0.0,PASS_<20%,0.00,0.0,NO,STANDBY_VEL_LOW,0,0.00,4590.00,113.94,FALSE,M1_DIRECTION_MISMATCH
2026-09-07 18:08:50.661,1788804530.662,2751,37,165,4408.77,4408.85,8.0,PASS_<=10c,+0.0,FLAT,+5.0,+158.0,4.2,+0.84,0.20,SLOW,4407.19,4408.62,4405.89,4407.05,0.00,0.00,0.0,BEARISH,273.0,4408.72,4409.07,4408.72,4408.77,50,CLEARED_>=20s,35.0,5.0,30.0,0.0,85.7,0.0,0.0,PASS_<20%,0.00,0.0,NO,STANDBY_VEL_LOW,0,0.00,4590.00,113.94,FALSE,M1_DIRECTION_MISMATCH
2026-09-07 18:08:56.174,1788804536.175,2752,38,166,4408.77,4408.85,8.0,PASS_<=10c,+0.0,FLAT,+5.0,+158.0,1.5,+0.08,0.05,SLOW,4407.19,4408.62,4405.89,4407.05,0.00,0.00,0.0,BEARISH,273.0,4408.72,4409.07,4408.72,4408.77,56,CLEARED_>=20s,35.0,5.0,30.0,0.0,85.7,0.0,0.0,PASS_<20%,0.00,0.0,NO,STANDBY_VEL_LOW,0,0.00,4590.00,113.94,FALSE,M1_DIRECTION_MISMATCH
2026-09-07 18:09:06.408,1788804546.408,2753,1,167,4408.77,4408.85,8.0,PASS_<=10c,+0.0,FLAT,+0.0,+158.0,1.3,+0.09,0.07,SLOW,4407.19,4408.62,4405.89,4407.05,0.00,0.00,0.0,BEARISH,273.0,4408.77,4408.77,4408.77,4408.77,6,ACTIVE_6s,1.0,0.0,0.0,0.0,0.0,0.0,0.0,PASS_<20%,0.00,0.0,NO,STANDBY_VEL_LOW,0,0.00,4590.00,113.94,FALSE,M1_DIRECTION_MISMATCH|OPENING_SHIELD_ACTIVE_6s
2026-09-07 18:09:08.268,1788804548.268,2754,2,168,4408.77,4408.85,8.0,PASS_<=10c,+0.0,FLAT,+0.0,+158.0,1.6,+0.09,0.06,SLOW,4407.19,4408.62,4405.89,4407.05,0.00,0.00,0.0,BEARISH,273.0,4408.77,4408.77,4408.77,4408.77,8,ACTIVE_8s,1.0,0.0,0.0,0.0,0.0,0.0,0.0,PASS_<20%,0.00,0.0,NO,STANDBY_VEL_LOW,0,0.00,4590.00,113.94,FALSE,M1_DIRECTION_MISMATCH|OPENING_SHIELD_ACTIVE_8s
2026-09-07 18:09:08.769,1788804548.769,2755,3,169,4408.53,4408.61,8.0,PASS_<=10c,-24.0,DOWN,-24.0,+134.0,2.1,+10.17,4.84,SLOW,4407.19,4408.62,4405.89,4407.05,0.00,0.00,0.0,BEARISH,273.0,4408.77,4408.77,4408.50,4408.53,8,ACTIVE_8s,27.0,24.0,0.0,3.0,0.0,11.1,11.1,PASS_<20%,4408.62,9.0,NO,STANDBY_VEL_LOW,0,0.00,4590.00,113.94,FALSE,OPENING_SHIELD_ACTIVE_8s
2026-09-07 18:09:09.270,1788804549.270,2756,4,170,4408.51,4408.59,8.0,PASS_<=10c,-2.0,DOWN,-26.0,+132.0,2.4,+9.08,3.78,SLOW,4407.19,4408.62,4405.89,4407.05,0.00,0.00,0.0,BEARISH,273.0,4408.77,4408.77,4408.50,4408.51,9,ACTIVE_9s,27.0,26.0,0.0,1.0,0.0,3.7,3.7,PASS_<20%,4408.62,11.0,NO,STANDBY_VEL_LOW,0,0.00,4590.00,113.94,FALSE,OPENING_SHIELD_ACTIVE_9s
2026-09-07 18:09:09.772,1788804549.773,2757,5,171,4408.20,4408.28,8.0,PASS_<=10c,-31.0,DOWN,-57.0,+101.0,2.7,+16.94,6.27,SLOW,4407.19,4408.62,4405.89,4407.05,0.00,0.00,0.0,BEARISH,273.0,4408.77,4408.77,4408.20,4408.20,9,ACTIVE_9s,57.0,57.0,0.0,0.0,0.0,0.0,0.0,PASS_<20%,4408.62,42.0,NO,STANDBY_VEL_LOW,0,0.00,4590.00,113.94,FALSE,OPENING_SHIELD_ACTIVE_9s
2026-09-07 18:09:10.274,1788804550.275,2758,6,172,4407.89,4407.97,8.0,PASS_<=10c,-31.0,DOWN,-88.0,+70.0,2.8,+22.76,8.13,SLOW,4407.19,4408.62,4405.89,4407.05,0.00,0.00,0.0,BEARISH,273.0,4408.77,4408.77,4407.89,4407.89,10,ACTIVE_10s,88.0,88.0,0.0,0.0,0.0,0.0,0.0,PASS_<20%,4408.62,73.0,NO,STANDBY_VEL_LOW,0,0.00,4590.00,113.94,FALSE,OPENING_SHIELD_ACTIVE_10s
2026-09-07 18:09:10.775,1788804550.775,2759,7,173,4407.87,4407.95,8.0,PASS_<=10c,-2.0,DOWN,-90.0,+68.0,3.0,+20.61,6.87,SLOW,4407.19,4408.62,4405.89,4407.05,0.00,0.00,0.0,BEARISH,273.0,4408.77,4408.77,4407.87,4407.87,10,ACTIVE_10s,90.0,90.0,0.0,0.0,0.0,0.0,0.0,PASS_<20%,4408.62,75.0,NO,STANDBY_VEL_LOW,0,0.00,4590.00,113.94,FALSE,OPENING_SHIELD_ACTIVE_10s
2026-09-07 18:09:11.276,1788804551.277,2760,8,174,4407.86,4407.94,8.0,PASS_<=10c,-1.0,DOWN,-91.0,+67.0,3.1,+18.69,6.03,SLOW,4407.19,4408.62,4405.89,4407.05,0.00,0.00,0.0,BEARISH,273.0,4408.77,4408.77,4407.86,4407.86,11,ACTIVE_11s,91.0,91.0,0.0,0.0,0.0,0.0,0.0,PASS_<20%,4408.62,76.0,NO,STANDBY_VEL_LOW,0,0.00,4590.00,113.94,FALSE,OPENING_SHIELD_ACTIVE_11s
2026-09-07 18:09:11.778,1788804551.779,2761,9,175,4407.83,4407.91,8.0,PASS_<=10c,-3.0,DOWN,-94.0,+64.0,4.4,+26.02,5.91,SLOW,4407.19,4408.62,4405.89,4407.05,0.00,0.00,0.0,BEARISH,273.0,4408.77,4408.77,4407.83,4407.83,11,ACTIVE_11s,94.0,94.0,0.0,0.0,0.0,0.0,0.0,PASS_<20%,4408.62,79.0,NO,STANDBY_VEL_LOW,0,0.00,4590.00,113.94,FALSE,OPENING_SHIELD_ACTIVE_11s
2026-09-07 18:09:12.279,1788804552.280,2762,10,176,4407.83,4407.91,8.0,PASS_<=10c,+0.0,FLAT,-94.0,+64.0,4.4,+22.85,5.19,SLOW,4407.19,4408.62,4405.89,4407.05,0.00,0.00,0.0,BEARISH,273.0,4408.77,4408.77,4407.83,4407.83,12,ACTIVE_12s,94.0,94.0,0.0,0.0,0.0,0.0,0.0,PASS_<20%,4408.62,79.0,NO,STANDBY_VEL_LOW,0,0.00,4590.00,113.94,FALSE,OPENING_SHIELD_ACTIVE_12s
2026-09-07 18:09:12.781,1788804552.782,2763,11,177,4407.83,4407.91,8.0,PASS_<=10c,+0.0,FLAT,-94.0,+64.0,4.3,+20.37,4.74,SLOW,4407.19,4408.62,4405.89,4407.05,0.00,0.00,0.0,BEARISH,273.0,4408.77,4408.77,4407.83,4407.83,12,ACTIVE_12s,94.0,94.0,0.0,0.0,0.0,0.0,0.0,PASS_<20%,4408.62,79.0,NO,STANDBY_VEL_LOW,0,0.00,4590.00,113.94,FALSE,OPENING_SHIELD_ACTIVE_12s
2026-09-07 18:09:13.283,1788804553.284,2764,12,178,4407.83,4407.91,8.0,PASS_<=10c,+0.0,FLAT,-94.0,+64.0,4.2,+14.06,3.35,SLOW,4407.19,4408.62,4405.89,4407.05,0.00,0.00,0.0,BEARISH,273.0,4408.77,4408.77,4407.83,4407.83,13,ACTIVE_13s,94.0,94.0,0.0,0.0,0.0,0.0,0.0,PASS_<20%,4408.62,79.0,NO,STANDBY_VEL_LOW,0,0.00,4590.00,113.94,FALSE,OPENING_SHIELD_ACTIVE_13s
2026-09-07 18:09:13.785,1788804553.786,2765,13,179,4407.83,4407.91,8.0,PASS_<=10c,+0.0,FLAT,-94.0,+64.0,4.2,+14.69,3.50,SLOW,4407.19,4408.62,4405.89,4407.05,0.00,0.00,0.0,BEARISH,273.0,4408.77,4408.77,4407.83,4407.83,13,ACTIVE_13s,94.0,94.0,0.0,0.0,0.0,0.0,0.0,PASS_<20%,4408.62,79.0,NO,STANDBY_VEL_LOW,0,0.00,4590.00,113.94,FALSE,OPENING_SHIELD_ACTIVE_13s
2026-09-07 18:09:14.287,1788804554.287,2766,14,180,4407.83,4407.91,8.0,PASS_<=10c,+0.0,FLAT,-94.0,+64.0,4.2,+11.75,2.80,SLOW,4407.19,4408.62,4405.89,4407.05,0.00,0.00,0.0,BEARISH,273.0,4408.77,4408.77,4407.83,4407.83,14,ACTIVE_14s,94.0,94.0,0.0,0.0,0.0,0.0,0.0,PASS_<20%,4408.62,79.0,NO,STANDBY_VEL_LOW,0,0.00,4590.00,113.94,FALSE,OPENING_SHIELD_ACTIVE_14s
2026-09-07 18:09:14.789,1788804554.789,2767,15,181,4407.83,4407.91,8.0,PASS_<=10c,+0.0,FLAT,-94.0,+64.0,4.2,+7.76,1.85,SLOW,4407.19,4408.62,4405.89,4407.05,0.00,0.00,0.0,BEARISH,273.0,4408.77,4408.77,4407.83,4407.83,14,ACTIVE_14s,94.0,94.0,0.0,0.0,0.0,0.0,0.0,PASS_<20%,4408.62,79.0,NO,STANDBY_VEL_LOW,0,0.00,4590.00,113.94,FALSE,OPENING_SHIELD_ACTIVE_14s
2026-09-07 18:09:15.292,1788804555.292,2768,16,182,4407.83,4407.91,8.0,PASS_<=10c,+0.0,FLAT,-94.0,+64.0,4.2,+0.84,0.20,SLOW,4407.19,4408.62,4405.89,4407.05,0.00,0.00,0.0,BEARISH,273.0,4408.77,4408.77,4407.83,4407.83,15,ACTIVE_15s,94.0,94.0,0.0,0.0,0.0,0.0,0.0,PASS_<20%,4408.62,79.0,NO,STANDBY_VEL_LOW,0,0.00,4590.00,113.94,FALSE,OPENING_SHIELD_ACTIVE_15s
2026-09-07 18:09:15.793,1788804555.793,2769,17,183,4407.83,4407.91,8.0,PASS_<=10c,+0.0,FLAT,-94.0,+64.0,4.2,+0.84,0.20,SLOW,4407.19,4408.62,4405.89,4407.05,0.00,0.00,0.0,BEARISH,273.0,4408.77,4408.77,4407.83,4407.83,15,ACTIVE_15s,94.0,94.0,0.0,0.0,0.0,0.0,0.0,PASS_<20%,4408.62,79.0,NO,STANDBY_VEL_LOW,0,0.00,4590.00,113.94,FALSE,OPENING_SHIELD_ACTIVE_15s
2026-09-07 18:09:16.294,1788804556.295,2770,18,184,4407.83,4407.91,8.0,PASS_<=10c,+0.0,FLAT,-94.0,+64.0,4.2,+0.00,0.00,SLOW,4407.19,4408.62,4405.89,4407.05,0.00,0.00,0.0,BEARISH,273.0,4408.77,4408.77,4407.83,4407.83,16,ACTIVE_16s,94.0,94.0,0.0,0.0,0.0,0.0,0.0,PASS_<20%,4408.62,79.0,NO,STANDBY_VEL_LOW,0,0.00,4590.00,113.94,FALSE,OPENING_SHIELD_ACTIVE_16s
2026-09-07 18:09:26.806,1788804566.806,2771,19,185,4407.83,4407.91,8.0,PASS_<=10c,+0.0,FLAT,-94.0,+64.0,1.3,+0.00,0.00,SLOW,4407.19,4408.62,4405.89,4407.05,0.00,0.00,0.0,BEARISH,273.0,4408.77,4408.77,4407.83,4407.83,26,CLEARED_>=20s,94.0,94.0,0.0,0.0,0.0,0.0,0.0,PASS_<20%,4408.62,79.0,YES,STANDBY_VEL_LOW,0,0.00,4590.00,113.94,TRUE,READY_TO_FIRE
2026-09-07 18:09:33.120,1788804573.121,2772,20,186,4407.83,4407.91,8.0,PASS_<=10c,+0.0,FLAT,-94.0,+64.0,2.0,+0.00,0.00,SLOW,4407.19,4408.62,4405.89,4407.05,0.00,0.00,0.0,BEARISH,273.0,4408.77,4408.77,4407.83,4407.83,33,CLEARED_>=20s,94.0,94.0,0.0,0.0,0.0,0.0,0.0,PASS_<20%,4408.62,79.0,YES,STANDBY_VEL_LOW,1,4407.83,182.17,113.94,TRUE,READY_TO_FIRE
2026-09-07 18:09:52.175,1788804592.176,2773,21,187,4407.83,4407.91,8.0,PASS_<=10c,+0.0,FLAT,-94.0,+64.0,1.0,+0.00,0.00,SLOW,4407.19,4408.62,4405.89,4407.05,0.00,0.00,0.0,BEARISH,273.0,4408.77,4408.77,4407.83,4407.83,52,CLEARED_>=20s,94.0,94.0,0.0,0.0,0.0,0.0,0.0,PASS_<20%,4408.62,79.0,YES,STANDBY_VEL_LOW,3,3967.07,622.93,112.04,TRUE,READY_TO_FIRE
2026-09-07 18:09:57.193,1788804597.194,2774,22,188,4407.83,4407.91,8.0,PASS_<=10c,+0.0,FLAT,-94.0,+64.0,2.0,+0.00,0.00,SLOW,4407.19,4408.62,4405.89,4407.05,0.00,0.00,0.0,BEARISH,273.0,4408.77,4408.77,4407.83,4407.83,57,CLEARED_>=20s,94.0,94.0,0.0,0.0,0.0,0.0,0.0,PASS_<20%,4408.62,79.0,YES,STANDBY_VEL_LOW,3,3967.07,622.93,112.04,TRUE,READY_TO_FIRE
2026-09-07 18:09:57.694,1788804597.695,2775,23,189,4408.06,4408.14,8.0,PASS_<=10c,+23.0,UP,-71.0,+87.0,4.0,+23.00,5.75,SLOW,4407.19,4408.62,4405.89,4407.05,0.00,0.00,0.0,BEARISH,273.0,4408.77,4408.77,4407.83,4408.06,57,CLEARED_>=20s,94.0,71.0,0.0,23.0,0.0,24.5,24.5,BLOCKED_24.5%,4408.62,56.0,NO,STANDBY_VEL_LOW,3,3967.07,622.93,112.04,FALSE,OPP_WICK_TOO_HIGH_0.24
2026-09-07 18:09:58.196,1788804598.196,2776,24,190,4408.06,4408.14,8.0,PASS_<=10c,+0.0,FLAT,-71.0,+87.0,5.4,+20.83,3.86,SLOW,4407.19,4408.62,4405.89,4407.05,0.00,0.00,0.0,BEARISH,273.0,4408.77,4408.77,4407.83,4408.06,58,CLEARED_>=20s,94.0,71.0,0.0,23.0,0.0,24.5,24.5,BLOCKED_24.5%,4408.62,56.0,NO,STANDBY_VEL_LOW,1,1322.37,3267.63,110.90,FALSE,OPP_WICK_TOO_HIGH_0.24
2026-09-07 18:09:58.697,1788804598.698,2777,25,191,4408.06,4408.14,8.0,PASS_<=10c,+0.0,FLAT,-71.0,+87.0,5.0,+14.33,2.87,SLOW,4407.19,4408.62,4405.89,4407.05,0.00,0.00,0.0,BEARISH,273.0,4408.77,4408.77,4407.83,4408.06,58,CLEARED_>=20s,94.0,71.0,0.0,23.0,0.0,24.5,24.5,BLOCKED_24.5%,4408.62,56.0,NO,STANDBY_VEL_LOW,1,1322.37,3267.63,110.90,FALSE,OPP_WICK_TOO_HIGH_0.24
2026-09-07 18:09:59.198,1788804599.199,2778,26,192,4408.06,4408.14,8.0,PASS_<=10c,+0.0,FLAT,-71.0,+87.0,4.7,+10.92,2.32,SLOW,4407.19,4408.62,4405.89,4407.05,0.00,0.00,0.0,BEARISH,273.0,4408.77,4408.77,4407.83,4408.06,59,CLEARED_>=20s,94.0,71.0,0.0,23.0,0.0,24.5,24.5,BLOCKED_24.5%,4408.62,56.0,NO,STANDBY_VEL_LOW,1,1322.37,3267.63,110.90,FALSE,OPP_WICK_TOO_HIGH_0.24
2026-09-07 18:09:59.699,1788804599.700,2779,27,193,4407.98,4408.06,8.0,PASS_<=10c,-8.0,DOWN,-79.0,+79.0,4.6,+5.75,1.25,SLOW,4407.19,4408.62,4405.89,4407.05,0.00,0.00,0.0,BEARISH,273.0,4408.77,4408.77,4407.83,4407.98,59,CLEARED_>=20s,94.0,79.0,0.0,15.0,0.0,16.0,16.0,PASS_<20%,4408.62,64.0,YES,STANDBY_VEL_LOW,1,1322.37,3267.63,110.90,TRUE,READY_TO_FIRE
2026-09-07 18:10:00.216,1788804600.217,2780,1,1,4408.42,4408.50,8.0,PASS_<=10c,+44.0,UP,+0.0,+135.0,4.5,+18.98,4.22,SLOW,4407.07,4409.14,4406.76,4408.34,0.00,0.00,0.0,BEARISH,238.0,4408.42,4408.42,4408.42,4408.42,0,ACTIVE_0s,1.0,0.0,0.0,0.0,0.0,0.0,0.0,PASS_<20%,0.00,0.0,NO,STANDBY_VEL_LOW,1,1322.37,3267.63,110.90,FALSE,M1_DIRECTION_MISMATCH|OPENING_SHIELD_ACTIVE_0s
2026-09-07 18:10:00.704,1788804600.704,2781,2,2,4408.08,4408.16,8.0,PASS_<=10c,-34.0,DOWN,-34.0,+101.0,4.4,+6.92,1.57,SLOW,4407.07,4409.14,4406.76,4408.34,0.00,0.00,0.0,BEARISH,238.0,4408.42,4408.49,4408.08,4408.08,0,ACTIVE_0s,41.0,34.0,7.0,0.0,17.1,0.0,0.0,PASS_<20%,4408.27,19.0,NO,STANDBY_VEL_LOW,1,1322.37,3267.63,110.90,FALSE,OPENING_SHIELD_ACTIVE_0s
2026-09-07 18:10:01.206,1788804601.206,2782,3,3,4408.14,4408.22,8.0,PASS_<=10c,+6.0,UP,-28.0,+107.0,4.4,+7.54,1.71,SLOW,4407.07,4409.14,4406.76,4408.34,0.00,0.00,0.0,BEARISH,238.0,4408.42,4408.49,4408.08,4408.14,1,ACTIVE_1s,41.0,28.0,7.0,6.0,17.1,14.6,14.6,PASS_<20%,4408.27,13.0,NO,STANDBY_VEL_LOW,1,1322.37,3267.63,110.90,FALSE,OPENING_SHIELD_ACTIVE_1s
2026-09-07 18:10:01.706,1788804601.707,2783,4,4,4408.35,4408.43,8.0,PASS_<=10c,+21.0,UP,-7.0,+128.0,4.3,+11.27,2.62,SLOW,4407.07,4409.14,4406.76,4408.34,0.00,0.00,0.0,BEARISH,238.0,4408.42,4408.49,4408.08,4408.35,1,ACTIVE_1s,41.0,7.0,7.0,27.0,17.1,65.9,65.9,BLOCKED_65.9%,4408.27,8.0,NO,STANDBY_VEL_LOW,1,1322.37,3267.63,110.90,FALSE,OPP_WICK_TOO_HIGH_0.66|OPENING_SHIELD_ACTIVE_1s|PRICE_ABOVE_15C_DISPLACEMENT
2026-09-07 18:10:02.208,1788804602.208,2784,5,5,4408.41,4408.49,8.0,PASS_<=10c,+6.0,UP,-1.0,+134.0,4.2,+7.35,1.75,SLOW,4407.07,4409.14,4406.76,4408.34,0.00,0.00,0.0,BEARISH,238.0,4408.42,4408.49,4408.08,4408.41,2,ACTIVE_2s,41.0,1.0,7.0,33.0,17.1,80.5,80.5,BLOCKED_80.5%,4408.27,14.0,NO,STANDBY_VEL_LOW,1,1322.37,3267.63,110.90,FALSE,OPP_WICK_TOO_HIGH_0.80|OPENING_SHIELD_ACTIVE_2s|PRICE_ABOVE_15C_DISPLACEMENT
2026-09-07 18:10:02.710,1788804602.710,2785,6,6,4408.41,4408.49,8.0,PASS_<=10c,+0.0,FLAT,-1.0,+134.0,4.2,+7.35,1.75,SLOW,4407.07,4409.14,4406.76,4408.34,0.00,0.00,0.0,BEARISH,238.0,4408.42,4408.49,4408.08,4408.41,2,ACTIVE_2s,41.0,1.0,7.0,33.0,17.1,80.5,80.5,BLOCKED_80.5%,4408.27,14.0,NO,STANDBY_VEL_LOW,1,1322.37,3267.63,110.90,FALSE,OPP_WICK_TOO_HIGH_0.80|OPENING_SHIELD_ACTIVE_2s|PRICE_ABOVE_15C_DISPLACEMENT
2026-09-07 18:10:03.212,1788804603.212,2786,7,7,4408.47,4408.55,8.0,PASS_<=10c,+6.0,UP,+5.0,+140.0,4.2,+8.60,2.05,SLOW,4407.07,4409.14,4406.76,4408.34,0.00,0.00,0.0,BEARISH,238.0,4408.42,4408.49,4408.08,4408.47,3,ACTIVE_3s,41.0,5.0,2.0,34.0,4.9,82.9,82.9,BLOCKED_82.9%,0.00,0.0,NO,STANDBY_VEL_LOW,1,1322.37,3267.63,110.90,FALSE,M1_DIRECTION_MISMATCH|OPENING_SHIELD_ACTIVE_3s
2026-09-07 18:10:03.714,1788804603.715,2787,8,8,4408.47,4408.55,8.0,PASS_<=10c,+0.0,FLAT,+5.0,+140.0,4.2,+8.60,2.05,SLOW,4407.07,4409.14,4406.76,4408.34,0.00,0.00,0.0,BEARISH,238.0,4408.42,4408.49,4408.08,4408.47,3,ACTIVE_3s,41.0,5.0,2.0,34.0,4.9,82.9,82.9,BLOCKED_82.9%,0.00,0.0,NO,STANDBY_VEL_LOW,1,1322.37,3267.63,110.90,FALSE,M1_DIRECTION_MISMATCH|OPENING_SHIELD_ACTIVE_3s
2026-09-07 18:10:04.220,1788804604.220,2788,9,9,4408.47,4408.55,8.0,PASS_<=10c,+0.0,FLAT,+5.0,+140.0,4.2,+9.02,2.15,SLOW,4407.07,4409.14,4406.76,4408.34,0.00,0.00,0.0,BEARISH,238.0,4408.42,4408.49,4408.08,4408.47,4,ACTIVE_4s,41.0,5.0,2.0,34.0,4.9,82.9,82.9,BLOCKED_82.9%,0.00,0.0,NO,STANDBY_VEL_LOW,1,1322.37,3267.63,110.90,FALSE,M1_DIRECTION_MISMATCH|OPENING_SHIELD_ACTIVE_4s
2026-09-07 18:10:04.721,1788804604.721,2789,10,10,4408.47,4408.55,8.0,PASS_<=10c,+0.0,FLAT,+5.0,+140.0,4.2,+2.73,0.65,SLOW,4407.07,4409.14,4406.76,4408.34,0.00,0.00,0.0,BEARISH,238.0,4408.42,4408.49,4408.08,4408.47,4,ACTIVE_4s,41.0,5.0,2.0,34.0,4.9,82.9,82.9,BLOCKED_82.9%,0.00,0.0,NO,STANDBY_VEL_LOW,1,1322.37,3267.63,110.90,FALSE,M1_DIRECTION_MISMATCH|OPENING_SHIELD_ACTIVE_4s
2026-09-07 18:10:05.221,1788804605.222,2790,11,11,4408.47,4408.55,8.0,PASS_<=10c,+0.0,FLAT,+5.0,+140.0,4.2,+0.42,0.10,SLOW,4407.07,4409.14,4406.76,4407.92,0.00,0.00,0.0,BEARISH,238.0,4408.42,4408.49,4408.08,4408.47,5,ACTIVE_5s,41.0,5.0,2.0,34.0,4.9,82.9,82.9,BLOCKED_82.9%,0.00,0.0,NO,STANDBY_VEL_LOW,1,1322.37,3267.63,110.90,FALSE,M1_DIRECTION_MISMATCH|OPENING_SHIELD_ACTIVE_5s
2026-09-07 18:10:05.723,1788804605.723,2791,12,12,4408.47,4408.55,8.0,PASS_<=10c,+0.0,FLAT,+5.0,+140.0,4.2,+8.18,1.95,SLOW,4407.07,4409.14,4406.76,4407.92,0.00,0.00,0.0,BEARISH,238.0,4408.42,4408.49,4408.08,4408.47,5,ACTIVE_5s,41.0,5.0,2.0,34.0,4.9,82.9,82.9,BLOCKED_82.9%,0.00,0.0,NO,STANDBY_VEL_LOW,1,1322.37,3267.63,110.90,FALSE,M1_DIRECTION_MISMATCH|OPENING_SHIELD_ACTIVE_5s
2026-09-07 18:10:06.224,1788804606.224,2792,13,13,4408.47,4408.55,8.0,PASS_<=10c,+0.0,FLAT,+5.0,+140.0,4.2,+6.50,1.55,SLOW,4407.07,4409.14,4406.76,4407.92,0.00,0.00,0.0,BEARISH,238.0,4408.42,4408.49,4408.08,4408.47,6,ACTIVE_6s,41.0,5.0,2.0,34.0,4.9,82.9,82.9,BLOCKED_82.9%,0.00,0.0,NO,STANDBY_VEL_LOW,1,1322.37,3267.63,110.90,FALSE,M1_DIRECTION_MISMATCH|OPENING_SHIELD_ACTIVE_6s
2026-09-07 18:10:06.725,1788804606.726,2793,14,14,4408.47,4408.55,8.0,PASS_<=10c,+0.0,FLAT,+5.0,+140.0,4.2,+2.10,0.50,SLOW,4407.07,4409.14,4406.76,4407.92,0.00,0.00,0.0,BEARISH,238.0,4408.42,4408.49,4408.08,4408.47,6,ACTIVE_6s,41.0,5.0,2.0,34.0,4.9,82.9,82.9,BLOCKED_82.9%,0.00,0.0,NO,STANDBY_VEL_LOW,1,1322.37,3267.63,110.90,FALSE,M1_DIRECTION_MISMATCH|OPENING_SHIELD_ACTIVE_6s
2026-09-07 18:10:07.226,1788804607.227,2794,15,15,4408.47,4408.55,8.0,PASS_<=10c,+0.0,FLAT,+5.0,+140.0,4.2,+1.26,0.30,SLOW,4407.07,4409.14,4406.76,4407.92,0.00,0.00,0.0,BEARISH,238.0,4408.42,4408.49,4408.08,4408.47,7,ACTIVE_7s,41.0,5.0,2.0,34.0,4.9,82.9,82.9,BLOCKED_82.9%,0.00,0.0,NO,STANDBY_VEL_LOW,1,1322.37,3267.63,110.90,FALSE,M1_DIRECTION_MISMATCH|OPENING_SHIELD_ACTIVE_7s
2026-09-07 18:10:17.610,1788804617.610,2795,16,16,4408.47,4408.55,8.0,PASS_<=10c,+0.0,FLAT,+5.0,+140.0,1.0,+1.14,1.14,SLOW,4407.07,4409.14,4406.76,4407.92,0.00,0.00,0.0,BEARISH,238.0,4408.42,4408.49,4408.08,4408.47,17,ACTIVE_17s,41.0,5.0,2.0,34.0,4.9,82.9,82.9,BLOCKED_82.9%,0.00,0.0,NO,STANDBY_VEL_LOW,1,1322.37,3267.63,110.90,FALSE,M1_DIRECTION_MISMATCH|OPENING_SHIELD_ACTIVE_17s
2026-09-07 18:10:24.245,1788804624.246,2796,17,17,4407.67,4407.75,8.0,PASS_<=10c,-80.0,DOWN,-75.0,+60.0,1.3,+52.94,40.72,SLOW,4407.07,4409.14,4406.76,4407.92,0.00,0.00,0.0,BEARISH,238.0,4408.42,4408.49,4407.67,4407.67,24,CLEARED_>=20s,82.0,75.0,7.0,0.0,8.5,0.0,0.0,PASS_<20%,4408.27,60.0,YES,STANDBY_VEL_LOW,1,1322.37,3267.63,110.90,TRUE,READY_TO_FIRE
2026-09-07 18:10:49.610,1788804649.611,2797,18,18,4407.67,4407.75,8.0,PASS_<=10c,+0.0,FLAT,-75.0,+60.0,1.0,+0.00,0.00,SLOW,4407.07,4409.14,4406.76,4407.92,0.00,0.00,0.0,BEARISH,238.0,4408.42,4408.49,4407.67,4407.67,49,CLEARED_>=20s,82.0,75.0,7.0,0.0,8.5,0.0,0.0,PASS_<20%,4408.27,60.0,YES,STANDBY_VEL_LOW,3,3966.93,623.07,110.33,TRUE,READY_TO_FIRE
2026-09-07 18:10:49.969,1788804649.969,2798,19,19,4407.74,4407.82,8.0,PASS_<=10c,+7.0,UP,-68.0,+67.0,3.0,+7.00,2.33,SLOW,4407.07,4409.14,4406.76,4407.92,0.00,0.00,0.0,BEARISH,238.0,4408.42,4408.49,4407.67,4407.74,49,CLEARED_>=20s,82.0,68.0,7.0,7.0,8.5,8.5,8.5,PASS_<20%,4408.27,53.0,YES,STANDBY_VEL_LOW,2,2644.60,1945.40,109.76,TRUE,READY_TO_FIRE
2026-09-07 18:10:50.471,1788804650.471,2799,20,20,4407.74,4407.82,8.0,PASS_<=10c,+0.0,FLAT,-68.0,+67.0,5.0,+7.00,1.40,SLOW,4407.07,4409.14,4406.76,4407.92,0.00,0.00,0.0,BEARISH,238.0,4408.42,4408.49,4407.67,4407.74,50,CLEARED_>=20s,82.0,68.0,7.0,7.0,8.5,8.5,8.5,PASS_<20%,4408.27,53.0,YES,STANDBY_VEL_LOW,2,2644.60,1945.40,109.76,TRUE,READY_TO_FIRE
2026-09-07 18:10:50.973,1788804650.974,2800,21,21,4407.74,4407.82,8.0,PASS_<=10c,+0.0,FLAT,-68.0,+67.0,5.1,+5.14,1.01,SLOW,4407.07,4409.14,4406.76,4407.92,0.00,0.00,0.0,BEARISH,238.0,4408.42,4408.49,4407.67,4407.74,50,CLEARED_>=20s,82.0,68.0,7.0,7.0,8.5,8.5,8.5,PASS_<20%,4408.27,53.0,YES,STANDBY_VEL_LOW,2,2644.60,1945.40,109.76,TRUE,READY_TO_FIRE
2026-09-07 18:10:51.573,1788804651.574,2801,22,22,4407.74,4407.82,8.0,PASS_<=10c,+0.0,FLAT,-68.0,+67.0,4.6,+3.60,0.78,SLOW,4407.07,4409.14,4406.76,4407.92,0.00,0.00,0.0,BEARISH,238.0,4408.42,4408.49,4407.67,4407.74,51,CLEARED_>=20s,82.0,68.0,7.0,7.0,8.5,8.5,8.5,PASS_<20%,4408.27,53.0,YES,STANDBY_VEL_LOW,2,2644.60,1945.40,109.76,TRUE,READY_TO_FIRE
2026-09-07 18:10:52.054,1788804652.055,2802,23,23,4407.74,4407.82,8.0,PASS_<=10c,+0.0,FLAT,-68.0,+67.0,4.5,+2.86,0.64,SLOW,4407.07,4409.14,4406.76,4407.92,0.00,0.00,0.0,BEARISH,238.0,4408.42,4408.49,4407.67,4407.74,52,CLEARED_>=20s,82.0,68.0,7.0,7.0,8.5,8.5,8.5,PASS_<20%,4408.27,53.0,YES,STANDBY_VEL_LOW,2,2644.60,1945.40,109.76,TRUE,READY_TO_FIRE
2026-09-07 18:10:52.556,1788804652.556,2803,24,24,4407.74,4407.82,8.0,PASS_<=10c,+0.0,FLAT,-68.0,+67.0,4.4,+2.38,0.54,SLOW,4407.07,4409.14,4406.76,4407.92,0.00,0.00,0.0,BEARISH,238.0,4408.42,4408.49,4407.67,4407.74,52,CLEARED_>=20s,82.0,68.0,7.0,7.0,8.5,8.5,8.5,PASS_<20%,4408.27,53.0,YES,STANDBY_VEL_LOW,2,2644.60,1945.40,109.76,TRUE,READY_TO_FIRE
2026-09-07 18:10:53.058,1788804653.059,2804,25,25,4407.74,4407.82,8.0,PASS_<=10c,+0.0,FLAT,-68.0,+67.0,4.3,+2.03,0.47,SLOW,4407.07,4409.14,4406.76,4407.92,0.00,0.00,0.0,BEARISH,238.0,4408.42,4408.49,4407.67,4407.74,53,CLEARED_>=20s,82.0,68.0,7.0,7.0,8.5,8.5,8.5,PASS_<20%,4408.27,53.0,YES,STANDBY_VEL_LOW,2,2644.60,1945.40,109.76,TRUE,READY_TO_FIRE
2026-09-07 18:10:53.560,1788804653.560,2805,26,26,4407.74,4407.82,8.0,PASS_<=10c,+0.0,FLAT,-68.0,+67.0,4.3,+1.77,0.41,SLOW,4407.07,4409.14,4406.76,4407.92,0.00,0.00,0.0,BEARISH,238.0,4408.42,4408.49,4407.67,4407.74,53,CLEARED_>=20s,82.0,68.0,7.0,7.0,8.5,8.5,8.5,PASS_<20%,4408.27,53.0,YES,STANDBY_VEL_LOW,2,2644.60,1945.40,109.76,TRUE,READY_TO_FIRE
2026-09-07 18:10:54.062,1788804654.063,2806,27,27,4407.74,4407.82,8.0,PASS_<=10c,+0.0,FLAT,-68.0,+67.0,4.3,+1.57,0.37,SLOW,4407.07,4409.14,4406.76,4407.92,0.00,0.00,0.0,BEARISH,238.0,4408.42,4408.49,4407.67,4407.74,54,CLEARED_>=20s,82.0,68.0,7.0,7.0,8.5,8.5,8.5,PASS_<20%,4408.27,53.0,YES,STANDBY_VEL_LOW,2,2644.60,1945.40,109.76,TRUE,READY_TO_FIRE
2026-09-07 18:10:54.564,1788804654.565,2807,28,28,4407.74,4407.82,8.0,PASS_<=10c,+0.0,FLAT,-68.0,+67.0,4.2,+1.41,0.34,SLOW,4407.07,4409.14,4406.76,4407.92,0.00,0.00,0.0,BEARISH,238.0,4408.42,4408.49,4407.67,4407.74,54,CLEARED_>=20s,82.0,68.0,7.0,7.0,8.5,8.5,8.5,PASS_<20%,4408.27,53.0,YES,STANDBY_VEL_LOW,2,2644.60,1945.40,109.76,TRUE,READY_TO_FIRE
2026-09-07 18:10:55.066,1788804655.066,2808,29,29,4407.74,4407.82,8.0,PASS_<=10c,+0.0,FLAT,-68.0,+67.0,4.1,+0.00,0.00,SLOW,4407.07,4409.14,4406.76,4407.92,0.00,0.00,0.0,BEARISH,238.0,4408.42,4408.49,4407.67,4407.74,55,CLEARED_>=20s,82.0,68.0,7.0,7.0,8.5,8.5,8.5,PASS_<20%,4408.27,53.0,YES,STANDBY_VEL_LOW,2,2644.60,1945.40,109.76,TRUE,READY_TO_FIRE
2026-09-07 18:10:55.579,1788804655.579,2809,30,30,4407.74,4407.82,8.0,PASS_<=10c,+0.0,FLAT,-68.0,+67.0,4.1,+0.00,0.00,SLOW,4407.07,4409.14,4406.76,4407.92,0.00,0.00,0.0,BEARISH,238.0,4408.42,4408.49,4407.67,4407.74,55,CLEARED_>=20s,82.0,68.0,7.0,7.0,8.5,8.5,8.5,PASS_<20%,4408.27,53.0,YES,STANDBY_VEL_LOW,2,2644.60,1945.40,109.76,TRUE,READY_TO_FIRE
2026-09-07 18:10:56.080,1788804656.080,2810,31,31,4407.74,4407.82,8.0,PASS_<=10c,+0.0,FLAT,-68.0,+67.0,4.1,+0.00,0.00,SLOW,4407.07,4409.14,4406.76,4407.92,0.00,0.00,0.0,BEARISH,238.0,4408.42,4408.49,4407.67,4407.74,56,CLEARED_>=20s,82.0,68.0,7.0,7.0,8.5,8.5,8.5,PASS_<20%,4408.27,53.0,YES,STANDBY_VEL_LOW,2,2644.60,1945.40,109.76,TRUE,READY_TO_FIRE
2026-09-07 18:10:56.580,1788804656.581,2811,32,32,4407.74,4407.82,8.0,PASS_<=10c,+0.0,FLAT,-68.0,+67.0,4.2,+0.00,0.00,SLOW,4407.07,4409.14,4406.76,4407.92,0.00,0.00,0.0,BEARISH,238.0,4408.42,4408.49,4407.67,4407.74,56,CLEARED_>=20s,82.0,68.0,7.0,7.0,8.5,8.5,8.5,PASS_<20%,4408.27,53.0,YES,STANDBY_VEL_LOW,2,2644.60,1945.40,109.76,TRUE,READY_TO_FIRE
2026-09-07 18:10:57.082,1788804657.082,2812,33,33,4407.74,4407.82,8.0,PASS_<=10c,+0.0,FLAT,-68.0,+67.0,4.2,+0.00,0.00,SLOW,4407.07,4409.14,4406.76,4407.92,0.00,0.00,0.0,BEARISH,238.0,4408.42,4408.49,4407.67,4407.74,57,CLEARED_>=20s,82.0,68.0,7.0,7.0,8.5,8.5,8.5,PASS_<20%,4408.27,53.0,YES,STANDBY_VEL_LOW,2,2644.60,1945.40,109.76,TRUE,READY_TO_FIRE
2026-09-07 18:10:57.584,1788804657.584,2813,34,34,4407.74,4407.82,8.0,PASS_<=10c,+0.0,FLAT,-68.0,+67.0,4.2,+0.00,0.00,SLOW,4407.07,4409.14,4406.76,4407.92,0.00,0.00,0.0,BEARISH,238.0,4408.42,4408.49,4407.67,4407.74,57,CLEARED_>=20s,82.0,68.0,7.0,7.0,8.5,8.5,8.5,PASS_<20%,4408.27,53.0,YES,STANDBY_VEL_LOW,2,2644.60,1945.40,109.76,TRUE,READY_TO_FIRE
2026-09-07 18:11:07.983,1788804667.983,2814,1,35,4407.74,4407.82,8.0,PASS_<=10c,+0.0,FLAT,+0.0,+67.0,1.0,+0.00,0.00,SLOW,4407.07,4409.14,4406.76,4407.92,0.00,0.00,0.0,BEARISH,238.0,4407.74,4407.74,4407.74,4407.74,7,ACTIVE_7s,1.0,0.0,0.0,0.0,0.0,0.0,0.0,PASS_<20%,0.00,0.0,NO,STANDBY_VEL_LOW,2,2644.60,1945.40,109.76,FALSE,M1_DIRECTION_MISMATCH|OPENING_SHIELD_ACTIVE_7s
2026-09-07 18:11:15.016,1788804675.016,2815,2,36,4407.74,4407.82,8.0,PASS_<=10c,+0.0,FLAT,+0.0,+67.0,1.1,+0.00,0.00,SLOW,4407.07,4409.14,4406.76,4407.92,0.00,0.00,0.0,BEARISH,238.0,4407.74,4407.74,4407.74,4407.74,15,ACTIVE_15s,1.0,0.0,0.0,0.0,0.0,0.0,0.0,PASS_<20%,0.00,0.0,NO,STANDBY_VEL_LOW,2,2644.60,1945.40,109.76,FALSE,M1_DIRECTION_MISMATCH|OPENING_SHIELD_ACTIVE_15s
2026-09-07 18:11:15.380,1788804675.381,2816,3,37,4407.70,4407.78,8.0,PASS_<=10c,-4.0,DOWN,-4.0,+63.0,1.8,+1.76,0.98,SLOW,4407.07,4409.14,4406.76,4407.92,0.00,0.00,0.0,BEARISH,238.0,4407.74,4407.74,4407.70,4407.70,15,ACTIVE_15s,4.0,4.0,0.0,0.0,0.0,0.0,0.0,PASS_<20%,4407.59,11.0,NO,STANDBY_VEL_LOW,2,2644.60,1945.40,109.76,FALSE,OPENING_SHIELD_ACTIVE_15s|PRICE_ABOVE_15C_DISPLACEMENT
2026-09-07 18:11:15.883,1788804675.883,2817,4,38,4407.70,4407.78,8.0,PASS_<=10c,+0.0,FLAT,-4.0,+63.0,2.2,+1.44,0.65,SLOW,4407.07,4409.14,4406.76,4407.92,0.00,0.00,0.0,BEARISH,238.0,4407.74,4407.74,4407.70,4407.70,15,ACTIVE_15s,4.0,4.0,0.0,0.0,0.0,0.0,0.0,PASS_<20%,4407.59,11.0,NO,STANDBY_VEL_LOW,2,2644.60,1945.40,109.76,FALSE,OPENING_SHIELD_ACTIVE_15s|PRICE_ABOVE_15C_DISPLACEMENT
2026-09-07 18:11:16.384,1788804676.384,2818,5,39,4407.70,4407.78,8.0,PASS_<=10c,+0.0,FLAT,-4.0,+63.0,2.4,+1.22,0.51,SLOW,4407.07,4409.14,4406.76,4407.92,0.00,0.00,0.0,BEARISH,238.0,4407.74,4407.74,4407.70,4407.70,16,ACTIVE_16s,4.0,4.0,0.0,0.0,0.0,0.0,0.0,PASS_<20%,4407.59,11.0,NO,STANDBY_VEL_LOW,2,2644.60,1945.40,109.76,FALSE,OPENING_SHIELD_ACTIVE_16s|PRICE_ABOVE_15C_DISPLACEMENT
2026-09-07 18:11:16.885,1788804676.885,2819,6,40,4407.70,4407.78,8.0,PASS_<=10c,+0.0,FLAT,-4.0,+63.0,2.6,+1.06,0.41,SLOW,4407.07,4409.14,4406.76,4407.92,0.00,0.00,0.0,BEARISH,238.0,4407.74,4407.74,4407.70,4407.70,16,ACTIVE_16s,4.0,4.0,0.0,0.0,0.0,0.0,0.0,PASS_<20%,4407.59,11.0,NO,STANDBY_VEL_LOW,2,2644.60,1945.40,109.76,FALSE,OPENING_SHIELD_ACTIVE_16s|PRICE_ABOVE_15C_DISPLACEMENT
2026-09-07 18:11:17.387,1788804677.388,2820,7,41,4407.70,4407.78,8.0,PASS_<=10c,+0.0,FLAT,-4.0,+63.0,2.8,+0.94,0.34,SLOW,4407.07,4409.14,4406.76,4407.92,0.00,0.00,0.0,BEARISH,238.0,4407.74,4407.74,4407.70,4407.70,17,ACTIVE_17s,4.0,4.0,0.0,0.0,0.0,0.0,0.0,PASS_<20%,4407.59,11.0,NO,STANDBY_VEL_LOW,2,2644.60,1945.40,109.76,FALSE,OPENING_SHIELD_ACTIVE_17s|PRICE_ABOVE_15C_DISPLACEMENT
2026-09-07 18:11:17.889,1788804677.889,2821,8,42,4407.70,4407.78,8.0,PASS_<=10c,+0.0,FLAT,-4.0,+63.0,2.9,+0.84,0.29,SLOW,4407.07,4409.14,4406.76,4407.92,0.00,0.00,0.0,BEARISH,238.0,4407.74,4407.74,4407.70,4407.70,17,ACTIVE_17s,4.0,4.0,0.0,0.0,0.0,0.0,0.0,PASS_<20%,4407.59,11.0,NO,STANDBY_VEL_LOW,2,2644.60,1945.40,109.76,FALSE,OPENING_SHIELD_ACTIVE_17s|PRICE_ABOVE_15C_DISPLACEMENT
2026-09-07 18:11:18.391,1788804678.392,2822,9,43,4407.70,4407.78,8.0,PASS_<=10c,+0.0,FLAT,-4.0,+63.0,4.4,+1.19,0.27,SLOW,4407.07,4409.14,4406.76,4407.92,0.00,0.00,0.0,BEARISH,238.0,4407.74,4407.74,4407.70,4407.70,18,ACTIVE_18s,4.0,4.0,0.0,0.0,0.0,0.0,0.0,PASS_<20%,4407.59,11.0,NO,STANDBY_VEL_LOW,2,2644.60,1945.40,109.76,FALSE,OPENING_SHIELD_ACTIVE_18s|PRICE_ABOVE_15C_DISPLACEMENT
2026-09-07 18:11:18.893,1788804678.893,2823,10,44,4407.70,4407.78,8.0,PASS_<=10c,+0.0,FLAT,-4.0,+63.0,4.4,+1.03,0.23,SLOW,4407.07,4409.14,4406.76,4407.92,0.00,0.00,0.0,BEARISH,238.0,4407.74,4407.74,4407.70,4407.70,18,ACTIVE_18s,4.0,4.0,0.0,0.0,0.0,0.0,0.0,PASS_<20%,4407.59,11.0,NO,STANDBY_VEL_LOW,2,2644.60,1945.40,109.76,FALSE,OPENING_SHIELD_ACTIVE_18s|PRICE_ABOVE_15C_DISPLACEMENT
2026-09-07 18:11:19.394,1788804679.395,2824,11,45,4407.70,4407.78,8.0,PASS_<=10c,+0.0,FLAT,-4.0,+63.0,4.3,+0.91,0.21,SLOW,4407.07,4409.14,4406.76,4407.92,0.00,0.00,0.0,BEARISH,238.0,4407.74,4407.74,4407.70,4407.70,19,ACTIVE_19s,4.0,4.0,0.0,0.0,0.0,0.0,0.0,PASS_<20%,4407.59,11.0,NO,STANDBY_VEL_LOW,2,2644.60,1945.40,109.76,FALSE,OPENING_SHIELD_ACTIVE_19s|PRICE_ABOVE_15C_DISPLACEMENT
2026-09-07 18:11:19.897,1788804679.898,2825,12,46,4407.70,4407.78,8.0,PASS_<=10c,+0.0,FLAT,-4.0,+63.0,4.3,+0.82,0.19,SLOW,4407.07,4409.14,4406.76,4407.92,0.00,0.00,0.0,BEARISH,238.0,4407.74,4407.74,4407.70,4407.70,19,ACTIVE_19s,4.0,4.0,0.0,0.0,0.0,0.0,0.0,PASS_<20%,4407.59,11.0,NO,STANDBY_VEL_LOW,2,2644.60,1945.40,109.76,FALSE,OPENING_SHIELD_ACTIVE_19s|PRICE_ABOVE_15C_DISPLACEMENT
2026-09-07 18:11:20.397,1788804680.398,2826,13,47,4407.70,4407.78,8.0,PASS_<=10c,+0.0,FLAT,-4.0,+63.0,4.2,+0.00,0.00,SLOW,4407.07,4409.14,4406.76,4407.92,0.00,0.00,0.0,BEARISH,238.0,4407.74,4407.74,4407.70,4407.70,20,CLEARED_>=20s,4.0,4.0,0.0,0.0,0.0,0.0,0.0,PASS_<20%,4407.59,11.0,NO,STANDBY_VEL_LOW,2,2644.60,1945.40,109.76,FALSE,PRICE_ABOVE_15C_DISPLACEMENT
2026-09-07 18:11:20.900,1788804680.900,2827,14,48,4407.70,4407.78,8.0,PASS_<=10c,+0.0,FLAT,-4.0,+63.0,4.2,+0.00,0.00,SLOW,4407.07,4409.14,4406.76,4407.92,0.00,0.00,0.0,BEARISH,238.0,4407.74,4407.74,4407.70,4407.70,20,CLEARED_>=20s,4.0,4.0,0.0,0.0,0.0,0.0,0.0,PASS_<20%,4407.59,11.0,NO,STANDBY_VEL_LOW,2,2644.60,1945.40,109.76,FALSE,PRICE_ABOVE_15C_DISPLACEMENT
2026-09-07 18:11:21.401,1788804681.402,2828,15,49,4407.70,4407.78,8.0,PASS_<=10c,+0.0,FLAT,-4.0,+63.0,4.2,+0.00,0.00,SLOW,4407.07,4409.14,4406.76,4407.92,0.00,0.00,0.0,BEARISH,238.0,4407.74,4407.74,4407.70,4407.70,21,CLEARED_>=20s,4.0,4.0,0.0,0.0,0.0,0.0,0.0,PASS_<20%,4407.59,11.0,NO,STANDBY_VEL_LOW,2,2644.60,1945.40,109.76,FALSE,PRICE_ABOVE_15C_DISPLACEMENT
2026-09-07 18:11:21.903,1788804681.903,2829,16,50,4407.70,4407.78,8.0,PASS_<=10c,+0.0,FLAT,-4.0,+63.0,4.2,+0.00,0.00,SLOW,4407.07,4409.14,4406.76,4407.92,0.00,0.00,0.0,BEARISH,238.0,4407.74,4407.74,4407.70,4407.70,21,CLEARED_>=20s,4.0,4.0,0.0,0.0,0.0,0.0,0.0,PASS_<20%,4407.59,11.0,NO,STANDBY_VEL_LOW,2,2644.60,1945.40,109.76,FALSE,PRICE_ABOVE_15C_DISPLACEMENT
2026-09-07 18:11:22.405,1788804682.405,2830,17,51,4407.70,4407.78,8.0,PASS_<=10c,+0.0,FLAT,-4.0,+63.0,4.2,+0.00,0.00,SLOW,4407.07,4409.14,4406.76,4407.92,0.00,0.00,0.0,BEARISH,238.0,4407.74,4407.74,4407.70,4407.70,22,CLEARED_>=20s,4.0,4.0,0.0,0.0,0.0,0.0,0.0,PASS_<20%,4407.59,11.0,NO,STANDBY_VEL_LOW,2,2644.60,1945.40,109.76,FALSE,PRICE_ABOVE_15C_DISPLACEMENT
2026-09-07 18:11:22.906,1788804682.906,2831,18,52,4407.70,4407.78,8.0,PASS_<=10c,+0.0,FLAT,-4.0,+63.0,4.2,+0.05,0.01,SLOW,4407.07,4409.14,4406.76,4407.92,0.00,0.00,0.0,BEARISH,238.0,4407.74,4407.74,4407.70,4407.70,22,CLEARED_>=20s,4.0,4.0,0.0,0.0,0.0,0.0,0.0,PASS_<20%,4407.59,11.0,NO,STANDBY_VEL_LOW,2,2644.60,1945.40,109.76,FALSE,PRICE_ABOVE_15C_DISPLACEMENT
2026-09-07 18:11:33.286,1788804693.286,2832,19,53,4407.70,4407.78,8.0,PASS_<=10c,+0.0,FLAT,-4.0,+63.0,1.5,+0.06,0.04,SLOW,4407.07,4409.14,4406.76,4407.92,0.00,0.00,0.0,BEARISH,238.0,4407.74,4407.74,4407.70,4407.70,33,CLEARED_>=20s,4.0,4.0,0.0,0.0,0.0,0.0,0.0,PASS_<20%,4407.59,11.0,NO,STANDBY_VEL_LOW,2,2644.60,1945.40,109.76,FALSE,PRICE_ABOVE_15C_DISPLACEMENT
2026-09-07 18:11:39.317,1788804699.318,2833,20,54,4407.70,4407.78,8.0,PASS_<=10c,+0.0,FLAT,-4.0,+63.0,2.0,+0.05,0.03,SLOW,4407.07,4409.14,4406.76,4407.92,0.00,0.00,0.0,BEARISH,238.0,4407.74,4407.74,4407.70,4407.70,39,CLEARED_>=20s,4.0,4.0,0.0,0.0,0.0,0.0,0.0,PASS_<20%,4407.59,11.0,NO,STANDBY_VEL_LOW,2,2644.60,1945.40,109.76,FALSE,PRICE_ABOVE_15C_DISPLACEMENT
2026-09-07 18:11:39.673,1788804699.674,2834,21,55,4407.49,4407.57,8.0,PASS_<=10c,-21.0,DOWN,-25.0,+42.0,3.2,+16.68,5.21,SLOW,4407.07,4409.14,4406.76,4407.92,0.00,0.00,0.0,BEARISH,238.0,4407.74,4407.74,4407.49,4407.49,39,CLEARED_>=20s,25.0,25.0,0.0,0.0,0.0,0.0,0.0,PASS_<20%,4407.59,10.0,YES,STANDBY_VEL_LOW,2,2644.60,1945.40,109.76,TRUE,READY_TO_FIRE
2026-09-07 18:11:40.175,1788804700.175,2835,22,56,4407.49,4407.57,8.0,PASS_<=10c,+0.0,FLAT,-25.0,+42.0,3.4,+11.92,3.51,SLOW,4407.07,4409.14,4406.76,4407.92,0.00,0.00,0.0,BEARISH,238.0,4407.74,4407.74,4407.49,4407.49,40,CLEARED_>=20s,25.0,25.0,0.0,0.0,0.0,0.0,0.0,PASS_<20%,4407.59,10.0,YES,STANDBY_VEL_LOW,2,2644.60,1945.40,109.76,TRUE,READY_TO_FIRE
2026-09-07 18:11:40.697,1788804700.698,2836,23,57,4407.49,4407.57,8.0,PASS_<=10c,+0.0,FLAT,-25.0,+42.0,3.5,+9.20,2.63,SLOW,4407.07,4409.14,4406.76,4407.92,0.00,0.00,0.0,BEARISH,238.0,4407.74,4407.74,4407.49,4407.49,40,CLEARED_>=20s,25.0,25.0,0.0,0.0,0.0,0.0,0.0,PASS_<20%,4407.59,10.0,YES,STANDBY_VEL_LOW,2,2644.60,1945.40,109.76,TRUE,READY_TO_FIRE
2026-09-07 18:11:41.201,1788804701.201,2837,24,58,4407.49,4407.57,8.0,PASS_<=10c,+0.0,FLAT,-25.0,+42.0,3.6,+7.54,2.09,SLOW,4407.07,4409.14,4406.76,4407.92,0.00,0.00,0.0,BEARISH,238.0,4407.74,4407.74,4407.49,4407.49,41,CLEARED_>=20s,25.0,25.0,0.0,0.0,0.0,0.0,0.0,PASS_<20%,4407.59,10.0,YES,STANDBY_VEL_LOW,2,2644.60,1945.40,109.76,TRUE,READY_TO_FIRE
2026-09-07 18:11:41.701,1788804701.702,2838,25,59,4407.49,4407.57,8.0,PASS_<=10c,+0.0,FLAT,-25.0,+42.0,3.6,+6.39,1.77,SLOW,4407.07,4409.14,4406.76,4407.92,0.00,0.00,0.0,BEARISH,238.0,4407.74,4407.74,4407.49,4407.49,41,CLEARED_>=20s,25.0,25.0,0.0,0.0,0.0,0.0,0.0,PASS_<20%,4407.59,10.0,YES,STANDBY_VEL_LOW,2,2644.60,1945.40,109.76,TRUE,READY_TO_FIRE
2026-09-07 18:11:42.205,1788804702.205,2839,26,60,4407.49,4407.57,8.0,PASS_<=10c,+0.0,FLAT,-25.0,+42.0,3.7,+5.54,1.50,SLOW,4407.07,4409.14,4406.76,4407.92,0.00,0.00,0.0,BEARISH,238.0,4407.74,4407.74,4407.49,4407.49,42,CLEARED_>=20s,25.0,25.0,0.0,0.0,0.0,0.0,0.0,PASS_<20%,4407.59,10.0,YES,STANDBY_VEL_LOW,2,2644.60,1945.40,109.76,TRUE,READY_TO_FIRE
2026-09-07 18:11:42.706,1788804702.707,2840,27,61,4407.49,4407.57,8.0,PASS_<=10c,+0.0,FLAT,-25.0,+42.0,3.7,+4.89,1.32,SLOW,4407.07,4409.14,4406.76,4407.92,0.00,0.00,0.0,BEARISH,238.0,4407.74,4407.74,4407.49,4407.49,42,CLEARED_>=20s,25.0,25.0,0.0,0.0,0.0,0.0,0.0,PASS_<20%,4407.59,10.0,YES,STANDBY_VEL_LOW,2,2644.60,1945.40,109.76,TRUE,READY_TO_FIRE
2026-09-07 18:11:43.208,1788804703.209,2841,28,62,4407.49,4407.57,8.0,PASS_<=10c,+0.0,FLAT,-25.0,+42.0,3.8,+4.38,1.15,SLOW,4407.07,4409.14,4406.76,4407.92,0.00,0.00,0.0,BEARISH,238.0,4407.74,4407.74,4407.49,4407.49,43,CLEARED_>=20s,25.0,25.0,0.0,0.0,0.0,0.0,0.0,PASS_<20%,4407.59,10.0,YES,STANDBY_VEL_LOW,2,2644.60,1945.40,109.76,TRUE,READY_TO_FIRE
2026-09-07 18:11:43.710,1788804703.710,2842,29,63,4407.49,4407.57,8.0,PASS_<=10c,+0.0,FLAT,-25.0,+42.0,4.3,+4.78,1.11,SLOW,4407.07,4409.14,4406.76,4407.92,0.00,0.00,0.0,BEARISH,238.0,4407.74,4407.74,4407.49,4407.49,43,CLEARED_>=20s,25.0,25.0,0.0,0.0,0.0,0.0,0.0,PASS_<20%,4407.59,10.0,YES,STANDBY_VEL_LOW,2,2644.60,1945.40,109.76,TRUE,READY_TO_FIRE
2026-09-07 18:11:44.210,1788804704.211,2843,30,64,4407.49,4407.57,8.0,PASS_<=10c,+0.0,FLAT,-25.0,+42.0,4.3,+4.29,1.00,SLOW,4407.07,4409.14,4406.76,4407.92,0.00,0.00,0.0,BEARISH,238.0,4407.74,4407.74,4407.49,4407.49,44,CLEARED_>=20s,25.0,25.0,0.0,0.0,0.0,0.0,0.0,PASS_<20%,4407.59,10.0,YES,STANDBY_VEL_LOW,2,2644.60,1945.40,109.76,TRUE,READY_TO_FIRE
2026-09-07 18:11:44.713,1788804704.714,2844,31,65,4407.49,4407.57,8.0,PASS_<=10c,+0.0,FLAT,-25.0,+42.0,4.2,+0.00,0.00,SLOW,4407.07,4409.14,4406.76,4407.92,0.00,0.00,0.0,BEARISH,238.0,4407.74,4407.74,4407.49,4407.49,44,CLEARED_>=20s,25.0,25.0,0.0,0.0,0.0,0.0,0.0,PASS_<20%,4407.59,10.0,YES,STANDBY_VEL_LOW,2,2644.60,1945.40,109.76,TRUE,READY_TO_FIRE
2026-09-07 18:11:45.220,1788804705.220,2845,32,66,4407.49,4407.57,8.0,PASS_<=10c,+0.0,FLAT,-25.0,+42.0,4.2,+0.00,0.00,SLOW,4407.07,4409.14,4406.76,4407.92,0.00,0.00,0.0,BEARISH,238.0,4407.74,4407.74,4407.49,4407.49,45,CLEARED_>=20s,25.0,25.0,0.0,0.0,0.0,0.0,0.0,PASS_<20%,4407.59,10.0,YES,STANDBY_VEL_LOW,2,2644.60,1945.40,109.76,TRUE,READY_TO_FIRE
2026-09-07 18:11:45.721,1788804705.722,2846,33,67,4407.49,4407.57,8.0,PASS_<=10c,+0.0,FLAT,-25.0,+42.0,4.2,+0.00,0.00,SLOW,4407.07,4409.14,4406.76,4407.92,0.00,0.00,0.0,BEARISH,238.0,4407.74,4407.74,4407.49,4407.49,45,CLEARED_>=20s,25.0,25.0,0.0,0.0,0.0,0.0,0.0,PASS_<20%,4407.59,10.0,YES,STANDBY_VEL_LOW,2,2644.60,1945.40,109.76,TRUE,READY_TO_FIRE
2026-09-07 18:11:46.223,1788804706.223,2847,34,68,4407.49,4407.57,8.0,PASS_<=10c,+0.0,FLAT,-25.0,+42.0,4.2,+0.00,0.00,SLOW,4407.07,4409.14,4406.76,4407.92,0.00,0.00,0.0,BEARISH,238.0,4407.74,4407.74,4407.49,4407.49,46,CLEARED_>=20s,25.0,25.0,0.0,0.0,0.0,0.0,0.0,PASS_<20%,4407.59,10.0,YES,STANDBY_VEL_LOW,2,2644.60,1945.40,109.76,TRUE,READY_TO_FIRE
2026-09-07 18:11:46.725,1788804706.725,2848,35,69,4407.49,4407.57,8.0,PASS_<=10c,+0.0,FLAT,-25.0,+42.0,4.2,+0.00,0.00,SLOW,4407.07,4409.14,4406.76,4407.92,0.00,0.00,0.0,BEARISH,238.0,4407.74,4407.74,4407.49,4407.49,46,CLEARED_>=20s,25.0,25.0,0.0,0.0,0.0,0.0,0.0,PASS_<20%,4407.59,10.0,YES,STANDBY_VEL_LOW,2,2644.60,1945.40,109.76,TRUE,READY_TO_FIRE
2026-09-07 18:11:47.226,1788804707.226,2849,36,70,4407.49,4407.57,8.0,PASS_<=10c,+0.0,FLAT,-25.0,+42.0,4.2,+0.00,0.00,SLOW,4407.07,4409.14,4406.76,4407.92,0.00,0.00,0.0,BEARISH,238.0,4407.74,4407.74,4407.49,4407.49,47,CLEARED_>=20s,25.0,25.0,0.0,0.0,0.0,0.0,0.0,PASS_<20%,4407.59,10.0,YES,STANDBY_VEL_LOW,2,2644.60,1945.40,109.76,TRUE,READY_TO_FIRE
2026-09-07 18:11:57.637,1788804717.638,2850,37,71,4407.49,4407.57,8.0,PASS_<=10c,+0.0,FLAT,-25.0,+42.0,1.4,+0.00,0.00,SLOW,4407.07,4409.14,4406.76,4407.92,0.00,0.00,0.0,BEARISH,238.0,4407.74,4407.74,4407.49,4407.49,57,CLEARED_>=20s,25.0,25.0,0.0,0.0,0.0,0.0,0.0,PASS_<20%,4407.59,10.0,YES,STANDBY_VEL_LOW,2,2644.60,1945.40,109.76,TRUE,READY_TO_FIRE
2026-09-07 18:12:04.673,1788804724.673,2851,1,72,4407.49,4407.57,8.0,PASS_<=10c,+0.0,FLAT,+0.0,+42.0,1.3,+0.00,0.00,SLOW,4407.07,4409.14,4406.76,4407.92,0.00,0.00,0.0,BEARISH,238.0,4407.49,4407.49,4407.49,4407.49,4,ACTIVE_4s,1.0,0.0,0.0,0.0,0.0,0.0,0.0,PASS_<20%,0.00,0.0,NO,STANDBY_VEL_LOW,2,2644.60,1945.40,109.76,FALSE,M1_DIRECTION_MISMATCH|OPENING_SHIELD_ACTIVE_4s
2026-09-07 18:12:05.029,1788804725.029,2852,2,73,4407.77,4407.85,8.0,PASS_<=10c,+28.0,UP,+28.0,+70.0,1.8,+12.37,6.87,SLOW,4407.07,4409.14,4406.76,4407.92,0.00,0.00,0.0,BEARISH,238.0,4407.49,4407.77,4407.49,4407.77,5,ACTIVE_5s,28.0,28.0,0.0,0.0,0.0,0.0,0.0,PASS_<20%,0.00,0.0,NO,STANDBY_VEL_LOW,2,2644.60,1945.40,109.76,FALSE,M1_DIRECTION_MISMATCH|OPENING_SHIELD_ACTIVE_5s
2026-09-07 18:12:05.530,1788804725.531,2853,3,74,4407.77,4407.85,8.0,PASS_<=10c,+0.0,FLAT,+28.0,+70.0,2.2,+10.12,4.60,SLOW,4407.07,4409.14,4406.76,4407.92,0.00,0.00,0.0,BEARISH,238.0,4407.49,4407.77,4407.49,4407.77,5,ACTIVE_5s,28.0,28.0,0.0,0.0,0.0,0.0,0.0,PASS_<20%,0.00,0.0,NO,STANDBY_VEL_LOW,2,2644.60,1945.40,109.76,FALSE,M1_DIRECTION_MISMATCH|OPENING_SHIELD_ACTIVE_5s
2026-09-07 18:12:06.033,1788804726.033,2854,4,75,4407.77,4407.85,8.0,PASS_<=10c,+0.0,FLAT,+28.0,+70.0,2.4,+8.57,3.57,SLOW,4407.07,4409.14,4406.76,4407.92,0.00,0.00,0.0,BEARISH,238.0,4407.49,4407.77,4407.49,4407.77,6,ACTIVE_6s,28.0,28.0,0.0,0.0,0.0,0.0,0.0,PASS_<20%,0.00,0.0,NO,STANDBY_VEL_LOW,2,2644.60,1945.40,109.76,FALSE,M1_DIRECTION_MISMATCH|OPENING_SHIELD_ACTIVE_6s
2026-09-07 18:12:06.535,1788804726.535,2855,5,76,4407.78,4407.86,8.0,PASS_<=10c,+1.0,UP,+29.0,+71.0,2.7,+7.69,2.85,SLOW,4407.07,4409.14,4406.76,4407.92,0.00,0.00,0.0,BEARISH,238.0,4407.49,4407.79,4407.49,4407.78,6,ACTIVE_6s,30.0,29.0,1.0,0.0,3.3,0.0,0.0,PASS_<20%,0.00,0.0,NO,STANDBY_VEL_LOW,2,2644.60,1945.40,109.76,FALSE,M1_DIRECTION_MISMATCH|OPENING_SHIELD_ACTIVE_6s
2026-09-07 18:12:07.037,1788804727.037,2856,6,77,4407.78,4407.86,8.0,PASS_<=10c,+0.0,FLAT,+29.0,+71.0,2.8,+6.79,2.43,SLOW,4407.07,4409.14,4406.76,4407.92,0.00,0.00,0.0,BEARISH,238.0,4407.49,4407.79,4407.49,4407.78,7,ACTIVE_7s,30.0,29.0,1.0,0.0,3.3,0.0,0.0,PASS_<20%,0.00,0.0,NO,STANDBY_VEL_LOW,2,2644.60,1945.40,109.76,FALSE,M1_DIRECTION_MISMATCH|OPENING_SHIELD_ACTIVE_7s
2026-09-07 18:12:07.538,1788804727.539,2857,7,78,4407.77,4407.85,8.0,PASS_<=10c,-1.0,DOWN,+28.0,+70.0,2.9,+5.87,2.02,SLOW,4407.07,4409.14,4406.76,4407.92,0.00,0.00,0.0,BEARISH,238.0,4407.49,4407.79,4407.49,4407.77,7,ACTIVE_7s,30.0,28.0,2.0,0.0,6.7,0.0,0.0,PASS_<20%,0.00,0.0,NO,STANDBY_VEL_LOW,2,2644.60,1945.40,109.76,FALSE,M1_DIRECTION_MISMATCH|OPENING_SHIELD_ACTIVE_7s
2026-09-07 18:12:08.040,1788804728.041,2858,8,79,4407.77,4407.85,8.0,PASS_<=10c,+0.0,FLAT,+28.0,+70.0,4.5,+8.31,1.85,SLOW,4407.07,4409.14,4406.76,4407.92,0.00,0.00,0.0,BEARISH,238.0,4407.49,4407.79,4407.49,4407.77,8,ACTIVE_8s,30.0,28.0,2.0,0.0,6.7,0.0,0.0,PASS_<20%,0.00,0.0,NO,STANDBY_VEL_LOW,2,2644.60,1945.40,109.76,FALSE,M1_DIRECTION_MISMATCH|OPENING_SHIELD_ACTIVE_8s
2026-09-07 18:12:08.543,1788804728.543,2859,9,80,4407.77,4407.85,8.0,PASS_<=10c,+0.0,FLAT,+28.0,+70.0,4.4,+7.24,1.65,SLOW,4407.07,4409.14,4406.76,4407.92,0.00,0.00,0.0,BEARISH,238.0,4407.49,4407.79,4407.49,4407.77,8,ACTIVE_8s,30.0,28.0,2.0,0.0,6.7,0.0,0.0,PASS_<20%,0.00,0.0,NO,STANDBY_VEL_LOW,2,2644.60,1945.40,109.76,FALSE,M1_DIRECTION_MISMATCH|OPENING_SHIELD_ACTIVE_8s
2026-09-07 18:12:09.044,1788804729.045,2860,10,81,4407.77,4407.85,8.0,PASS_<=10c,+0.0,FLAT,+28.0,+70.0,4.3,+6.40,1.49,SLOW,4407.07,4409.14,4406.76,4407.92,0.00,0.00,0.0,BEARISH,238.0,4407.49,4407.79,4407.49,4407.77,9,ACTIVE_9s,30.0,28.0,2.0,0.0,6.7,0.0,0.0,PASS_<20%,0.00,0.0,NO,STANDBY_VEL_LOW,2,2644.60,1945.40,109.76,FALSE,M1_DIRECTION_MISMATCH|OPENING_SHIELD_ACTIVE_9s
2026-09-07 18:12:09.547,1788804729.548,2861,11,82,4407.77,4407.85,8.0,PASS_<=10c,+0.0,FLAT,+28.0,+70.0,4.3,+5.75,1.34,SLOW,4407.07,4409.14,4406.76,4407.92,0.00,0.00,0.0,BEARISH,238.0,4407.49,4407.79,4407.49,4407.77,9,ACTIVE_9s,30.0,28.0,2.0,0.0,6.7,0.0,0.0,PASS_<20%,0.00,0.0,NO,STANDBY_VEL_LOW,2,2644.60,1945.40,109.76,FALSE,M1_DIRECTION_MISMATCH|OPENING_SHIELD_ACTIVE_9s
2026-09-07 18:12:10.047,1788804730.048,2862,12,83,4407.77,4407.85,8.0,PASS_<=10c,+0.0,FLAT,+28.0,+70.0,4.2,+0.05,0.01,SLOW,4407.07,4409.14,4406.76,4407.92,0.00,0.00,0.0,BEARISH,238.0,4407.49,4407.79,4407.49,4407.77,10,ACTIVE_10s,30.0,28.0,2.0,0.0,6.7,0.0,0.0,PASS_<20%,0.00,0.0,NO,STANDBY_VEL_LOW,2,2644.60,1945.40,109.76,FALSE,M1_DIRECTION_MISMATCH|OPENING_SHIELD_ACTIVE_10s
2026-09-07 18:12:10.549,1788804730.550,2863,13,84,4407.77,4407.85,8.0,PASS_<=10c,+0.0,FLAT,+28.0,+70.0,4.2,+0.05,0.01,SLOW,4407.07,4409.14,4406.76,4407.92,0.00,0.00,0.0,BEARISH,238.0,4407.49,4407.79,4407.49,4407.77,10,ACTIVE_10s,30.0,28.0,2.0,0.0,6.7,0.0,0.0,PASS_<20%,0.00,0.0,NO,STANDBY_VEL_LOW,2,2644.60,1945.40,109.76,FALSE,M1_DIRECTION_MISMATCH|OPENING_SHIELD_ACTIVE_10s
2026-09-07 18:12:11.051,1788804731.052,2864,14,85,4407.77,4407.85,8.0,PASS_<=10c,+0.0,FLAT,+28.0,+70.0,4.2,+0.42,0.10,SLOW,4407.07,4409.14,4406.76,4407.92,0.00,0.00,0.0,BEARISH,238.0,4407.49,4407.79,4407.49,4407.77,11,ACTIVE_11s,30.0,28.0,2.0,0.0,6.7,0.0,0.0,PASS_<20%,0.00,0.0,NO,STANDBY_VEL_LOW,2,2644.60,1945.40,109.76,FALSE,M1_DIRECTION_MISMATCH|OPENING_SHIELD_ACTIVE_11s
2026-09-07 18:12:11.553,1788804731.554,2865,15,86,4407.77,4407.85,8.0,PASS_<=10c,+0.0,FLAT,+28.0,+70.0,4.2,+0.21,0.05,SLOW,4407.07,4409.14,4406.76,4407.92,0.00,0.00,0.0,BEARISH,238.0,4407.49,4407.79,4407.49,4407.77,11,ACTIVE_11s,30.0,28.0,2.0,0.0,6.7,0.0,0.0,PASS_<20%,0.00,0.0,NO,STANDBY_VEL_LOW,2,2644.60,1945.40,109.76,FALSE,M1_DIRECTION_MISMATCH|OPENING_SHIELD_ACTIVE_11s
2026-09-07 18:12:12.054,1788804732.054,2866,16,87,4407.77,4407.85,8.0,PASS_<=10c,+0.0,FLAT,+28.0,+70.0,4.2,+0.21,0.05,SLOW,4407.07,4409.14,4406.76,4407.92,0.00,0.00,0.0,BEARISH,238.0,4407.49,4407.79,4407.49,4407.77,12,ACTIVE_12s,30.0,28.0,2.0,0.0,6.7,0.0,0.0,PASS_<20%,0.00,0.0,NO,STANDBY_VEL_LOW,2,2644.60,1945.40,109.76,FALSE,M1_DIRECTION_MISMATCH|OPENING_SHIELD_ACTIVE_12s
2026-09-07 18:12:12.556,1788804732.557,2867,17,88,4407.77,4407.85,8.0,PASS_<=10c,+0.0,FLAT,+28.0,+70.0,4.2,+0.05,0.01,SLOW,4407.07,4409.14,4406.76,4407.92,0.00,0.00,0.0,BEARISH,238.0,4407.49,4407.79,4407.49,4407.77,12,ACTIVE_12s,30.0,28.0,2.0,0.0,6.7,0.0,0.0,PASS_<20%,0.00,0.0,NO,STANDBY_VEL_LOW,2,2644.60,1945.40,109.76,FALSE,M1_DIRECTION_MISMATCH|OPENING_SHIELD_ACTIVE_12s
2026-09-07 18:12:22.935,1788804742.935,2868,18,89,4407.77,4407.85,8.0,PASS_<=10c,+0.0,FLAT,+28.0,+70.0,1.4,+0.13,0.09,SLOW,4407.07,4409.14,4406.76,4407.92,0.00,0.00,0.0,BEARISH,238.0,4407.49,4407.79,4407.49,4407.77,22,CLEARED_>=20s,30.0,28.0,2.0,0.0,6.7,0.0,0.0,PASS_<20%,0.00,0.0,NO,STANDBY_VEL_LOW,2,2644.60,1945.40,109.76,FALSE,M1_DIRECTION_MISMATCH
2026-09-07 18:12:29.570,1788804749.571,2869,19,90,4407.77,4407.85,8.0,PASS_<=10c,+0.0,FLAT,+28.0,+70.0,1.3,+0.12,0.09,SLOW,4407.07,4409.14,4406.76,4407.92,0.00,0.00,0.0,BEARISH,238.0,4407.49,4407.79,4407.49,4407.77,29,CLEARED_>=20s,30.0,28.0,2.0,0.0,6.7,0.0,0.0,PASS_<20%,0.00,0.0,NO,STANDBY_VEL_LOW,2,2644.60,1945.40,109.76,FALSE,M1_DIRECTION_MISMATCH
2026-09-07 18:12:29.927,1788804749.927,2870,20,91,4406.71,4406.79,8.0,PASS_<=10c,-106.0,DOWN,-78.0,-36.0,2.1,+56.93,27.11,SLOW,4407.07,4409.14,4406.76,4407.92,0.00,0.00,0.0,BEARISH,238.0,4407.49,4407.79,4406.71,4406.71,29,CLEARED_>=20s,108.0,78.0,30.0,0.0,27.8,0.0,0.0,PASS_<20%,4407.34,63.0,YES,STANDBY_VEL_LOW,2,2644.60,1945.40,109.76,TRUE,READY_TO_FIRE
2026-09-07 18:12:33.232,1788804753.233,2871,21,92,4406.67,4406.75,8.0,PASS_<=10c,-4.0,DOWN,-82.0,-40.0,1.4,+30.04,21.46,SLOW,4407.07,4409.14,4406.76,4407.92,0.00,0.00,0.0,BEARISH,238.0,4407.49,4407.79,4406.67,4406.67,33,CLEARED_>=20s,112.0,82.0,30.0,0.0,26.8,0.0,0.0,PASS_<20%,4407.34,67.0,YES,STANDBY_VEL_LOW,2,2644.60,1945.40,109.76,TRUE,READY_TO_FIRE
2026-09-07 18:12:33.734,1788804753.734,2872,22,93,4406.67,4406.75,8.0,PASS_<=10c,+0.0,FLAT,-82.0,-40.0,1.7,+26.42,15.54,SLOW,4407.07,4409.14,4406.76,4407.92,0.00,0.00,0.0,BEARISH,238.0,4407.49,4407.79,4406.67,4406.67,33,CLEARED_>=20s,112.0,82.0,30.0,0.0,26.8,0.0,0.0,PASS_<20%,4407.34,67.0,YES,STANDBY_VEL_LOW,2,2644.60,1945.40,109.76,TRUE,READY_TO_FIRE
2026-09-07 18:12:34.237,1788804754.237,2873,23,94,4406.67,4406.75,8.0,PASS_<=10c,+0.0,FLAT,-82.0,-40.0,1.9,+23.58,12.41,SLOW,4407.07,4409.14,4406.76,4407.92,0.00,0.00,0.0,BEARISH,238.0,4407.49,4407.79,4406.67,4406.67,34,CLEARED_>=20s,112.0,82.0,30.0,0.0,26.8,0.0,0.0,PASS_<20%,4407.34,67.0,YES,STANDBY_VEL_LOW,2,2644.60,1945.40,109.76,TRUE,READY_TO_FIRE
2026-09-07 18:12:34.745,1788804754.746,2874,24,95,4406.67,4406.75,8.0,PASS_<=10c,+0.0,FLAT,-82.0,-40.0,1.9,+0.83,0.44,SLOW,4407.07,4409.14,4406.76,4407.92,0.00,0.00,0.0,BEARISH,238.0,4407.49,4407.79,4406.67,4406.67,34,CLEARED_>=20s,112.0,82.0,30.0,0.0,26.8,0.0,0.0,PASS_<20%,4407.34,67.0,YES,STANDBY_VEL_LOW,2,2644.60,1945.40,109.76,TRUE,READY_TO_FIRE
2026-09-07 18:12:35.253,1788804755.254,2875,25,96,4406.67,4406.75,8.0,PASS_<=10c,+0.0,FLAT,-82.0,-40.0,4.4,+0.00,0.00,SLOW,4407.07,4409.14,4406.76,4407.92,0.00,0.00,0.0,BEARISH,238.0,4407.49,4407.79,4406.67,4406.67,35,CLEARED_>=20s,112.0,82.0,30.0,0.0,26.8,0.0,0.0,PASS_<20%,4407.34,67.0,YES,STANDBY_VEL_LOW,2,2644.60,1945.40,109.76,TRUE,READY_TO_FIRE
2026-09-07 18:12:35.749,1788804755.750,2876,26,97,4406.67,4406.75,8.0,PASS_<=10c,+0.0,FLAT,-82.0,-40.0,4.3,+0.00,0.00,SLOW,4407.07,4409.14,4406.76,4407.92,0.00,0.00,0.0,BEARISH,238.0,4407.49,4407.79,4406.67,4406.67,35,CLEARED_>=20s,112.0,82.0,30.0,0.0,26.8,0.0,0.0,PASS_<20%,4407.34,67.0,YES,STANDBY_VEL_LOW,2,2644.60,1945.40,109.76,TRUE,READY_TO_FIRE
2026-09-07 18:12:36.250,1788804756.251,2877,27,98,4406.67,4406.75,8.0,PASS_<=10c,+0.0,FLAT,-82.0,-40.0,4.3,+0.00,0.00,SLOW,4407.07,4409.14,4406.76,4407.92,0.00,0.00,0.0,BEARISH,238.0,4407.49,4407.79,4406.67,4406.67,36,CLEARED_>=20s,112.0,82.0,30.0,0.0,26.8,0.0,0.0,PASS_<20%,4407.34,67.0,YES,STANDBY_VEL_LOW,2,2644.60,1945.40,109.76,TRUE,READY_TO_FIRE
2026-09-07 18:12:36.752,1788804756.753,2878,28,99,4406.67,4406.75,8.0,PASS_<=10c,+0.0,FLAT,-82.0,-40.0,4.2,+0.00,0.00,SLOW,4407.07,4409.14,4406.76,4407.92,0.00,0.00,0.0,BEARISH,238.0,4407.49,4407.79,4406.67,4406.67,36,CLEARED_>=20s,112.0,82.0,30.0,0.0,26.8,0.0,0.0,PASS_<20%,4407.34,67.0,YES,STANDBY_VEL_LOW,2,2644.60,1945.40,109.76,TRUE,READY_TO_FIRE
2026-09-07 18:12:37.254,1788804757.254,2879,29,100,4406.67,4406.75,8.0,PASS_<=10c,+0.0,FLAT,-82.0,-40.0,4.2,+0.00,0.00,SLOW,4407.07,4409.14,4406.76,4407.92,0.00,0.00,0.0,BEARISH,238.0,4407.49,4407.79,4406.67,4406.67,37,CLEARED_>=20s,112.0,82.0,30.0,0.0,26.8,0.0,0.0,PASS_<20%,4407.34,67.0,YES,STANDBY_VEL_LOW,2,2644.60,1945.40,109.76,TRUE,READY_TO_FIRE
2026-09-07 18:12:42.769,1788804762.770,2880,30,101,4406.67,4406.75,8.0,PASS_<=10c,+0.0,FLAT,-82.0,-40.0,1.3,+0.00,0.00,SLOW,4407.07,4409.14,4406.76,4407.92,0.00,0.00,0.0,BEARISH,238.0,4407.49,4407.79,4406.67,4406.67,42,CLEARED_>=20s,112.0,82.0,30.0,0.0,26.8,0.0,0.0,PASS_<20%,4407.34,67.0,YES,STANDBY_VEL_LOW,2,2644.60,1945.40,109.76,TRUE,READY_TO_FIRE
2026-09-07 18:12:53.091,1788804773.091,2881,31,102,4406.67,4406.75,8.0,PASS_<=10c,+0.0,FLAT,-82.0,-40.0,1.1,+0.00,0.00,SLOW,4407.07,4409.14,4406.76,4407.92,0.00,0.00,0.0,BEARISH,238.0,4407.49,4407.79,4406.67,4406.67,53,CLEARED_>=20s,112.0,82.0,30.0,0.0,26.8,0.0,0.0,PASS_<20%,4407.34,67.0,YES,STANDBY_VEL_LOW,2,2644.60,1945.40,109.76,TRUE,READY_TO_FIRE
2026-09-07 18:12:56.107,1788804776.108,2882,32,103,4406.67,4406.75,8.0,PASS_<=10c,+0.0,FLAT,-82.0,-40.0,1.1,+0.00,0.00,SLOW,4407.07,4409.14,4406.76,4407.92,0.00,0.00,0.0,BEARISH,238.0,4407.49,4407.79,4406.67,4406.67,56,CLEARED_>=20s,112.0,82.0,30.0,0.0,26.8,0.0,0.0,PASS_<20%,4407.34,67.0,YES,STANDBY_VEL_LOW,2,2644.60,1945.40,109.76,TRUE,READY_TO_FIRE
2026-09-07 18:12:56.610,1788804776.610,2883,33,104,4406.45,4406.53,8.0,PASS_<=10c,-22.0,DOWN,-104.0,-62.0,1.4,+6.25,4.46,SLOW,4407.07,4409.14,4406.76,4407.92,0.00,0.00,0.0,BEARISH,238.0,4407.49,4407.79,4406.45,4406.45,56,CLEARED_>=20s,134.0,104.0,30.0,0.0,22.4,0.0,0.0,PASS_<20%,4407.34,89.0,YES,STANDBY_VEL_LOW,2,2644.60,1945.40,109.76,TRUE,READY_TO_FIRE
2026-09-07 18:12:57.111,1788804777.111,2884,34,105,4406.43,4406.51,8.0,PASS_<=10c,-2.0,DOWN,-106.0,-64.0,1.7,+5.97,3.51,SLOW,4407.07,4409.14,4406.76,4407.92,0.00,0.00,0.0,BEARISH,238.0,4407.49,4407.79,4406.43,4406.43,57,CLEARED_>=20s,136.0,106.0,30.0,0.0,22.1,0.0,0.0,PASS_<20%,4407.34,91.0,YES,STANDBY_VEL_LOW,2,2644.60,1945.40,109.76,TRUE,READY_TO_FIRE
2026-09-07 18:12:57.612,1788804777.613,2885,35,106,4406.43,4406.51,8.0,PASS_<=10c,+0.0,FLAT,-106.0,-64.0,2.0,+5.31,2.65,SLOW,4407.07,4409.14,4406.76,4407.92,0.00,0.00,0.0,BEARISH,238.0,4407.49,4407.79,4406.43,4406.43,57,CLEARED_>=20s,136.0,106.0,30.0,0.0,22.1,0.0,0.0,PASS_<20%,4407.34,91.0,YES,STANDBY_VEL_LOW,2,2644.60,1945.40,109.76,TRUE,READY_TO_FIRE
2026-09-07 18:12:58.114,1788804778.115,2886,36,107,4406.43,4406.51,8.0,PASS_<=10c,+0.0,FLAT,-106.0,-64.0,4.7,+11.38,2.42,SLOW,4407.07,4409.14,4406.76,4407.92,0.00,0.00,0.0,BEARISH,238.0,4407.49,4407.79,4406.43,4406.43,58,CLEARED_>=20s,136.0,106.0,30.0,0.0,22.1,0.0,0.0,PASS_<20%,4407.34,91.0,YES,STANDBY_VEL_LOW,2,2644.60,1945.40,109.76,TRUE,READY_TO_FIRE
2026-09-07 18:12:58.616,1788804778.616,2887,37,108,4406.41,4406.49,8.0,PASS_<=10c,-2.0,DOWN,-108.0,-66.0,4.6,+9.96,2.17,SLOW,4407.07,4409.14,4406.76,4407.92,0.00,0.00,0.0,BEARISH,238.0,4407.49,4407.79,4406.41,4406.41,58,CLEARED_>=20s,138.0,108.0,30.0,0.0,21.7,0.0,0.0,PASS_<20%,4407.34,93.0,YES,STANDBY_VEL_LOW,2,2644.60,1945.40,109.76,TRUE,READY_TO_FIRE
2026-09-07 18:12:59.117,1788804779.118,2888,38,109,4406.46,4406.54,8.0,PASS_<=10c,+5.0,UP,-103.0,-61.0,4.5,+6.75,1.50,SLOW,4407.07,4409.14,4406.76,4407.92,0.00,0.00,0.0,BEARISH,238.0,4407.49,4407.79,4406.41,4406.46,59,CLEARED_>=20s,138.0,103.0,30.0,5.0,21.7,3.6,3.6,PASS_<20%,4407.34,88.0,YES,STANDBY_VEL_LOW,2,2644.60,1945.40,109.76,TRUE,READY_TO_FIRE
2026-09-07 18:12:59.619,1788804779.620,2889,39,110,4406.44,4406.52,8.0,PASS_<=10c,-2.0,DOWN,-105.0,-63.0,4.4,+6.37,1.45,SLOW,4407.07,4409.14,4406.76,4407.92,0.00,0.00,0.0,BEARISH,238.0,4407.49,4407.79,4406.41,4406.44,59,CLEARED_>=20s,138.0,105.0,30.0,3.0,21.7,2.2,2.2,PASS_<20%,4407.34,90.0,YES,STANDBY_VEL_LOW,2,2644.60,1945.40,109.76,TRUE,READY_TO_FIRE
2026-09-07 18:13:00.121,1788804780.121,2890,1,111,4406.44,4406.52,8.0,PASS_<=10c,+0.0,FLAT,+0.0,-63.0,4.4,+5.59,1.27,SLOW,4407.07,4409.14,4406.76,4407.92,0.00,0.00,0.0,BEARISH,238.0,4406.44,4406.44,4406.44,4406.44,0,ACTIVE_0s,1.0,0.0,0.0,0.0,0.0,0.0,0.0,PASS_<20%,0.00,0.0,NO,STANDBY_VEL_LOW,2,2644.60,1945.40,109.76,FALSE,M1_DIRECTION_MISMATCH|OPENING_SHIELD_ACTIVE_0s
2026-09-07 18:13:00.624,1788804780.625,2891,2,112,4406.44,4406.52,8.0,PASS_<=10c,+0.0,FLAT,+0.0,-63.0,4.3,+4.98,1.16,SLOW,4407.07,4409.14,4406.76,4407.92,0.00,0.00,0.0,BEARISH,238.0,4406.44,4406.44,4406.44,4406.44,0,ACTIVE_0s,1.0,0.0,0.0,0.0,0.0,0.0,0.0,PASS_<20%,0.00,0.0,NO,STANDBY_VEL_LOW,2,2644.60,1945.40,109.76,FALSE,M1_DIRECTION_MISMATCH|OPENING_SHIELD_ACTIVE_0s
2026-09-07 18:13:01.124,1788804781.124,2892,3,113,4406.44,4406.52,8.0,PASS_<=10c,+0.0,FLAT,+0.0,-63.0,4.2,+0.21,0.05,SLOW,4407.07,4409.14,4406.76,4407.92,0.00,0.00,0.0,BEARISH,238.0,4406.44,4406.44,4406.44,4406.44,1,ACTIVE_1s,1.0,0.0,0.0,0.0,0.0,0.0,0.0,PASS_<20%,0.00,0.0,NO,STANDBY_VEL_LOW,2,2644.60,1945.40,109.76,FALSE,M1_DIRECTION_MISMATCH|OPENING_SHIELD_ACTIVE_1s
2026-09-07 18:13:01.626,1788804781.626,2893,4,114,4406.44,4406.52,8.0,PASS_<=10c,+0.0,FLAT,+0.0,-63.0,4.2,+0.21,0.05,SLOW,4407.07,4409.14,4406.76,4407.92,0.00,0.00,0.0,BEARISH,238.0,4406.44,4406.44,4406.44,4406.44,1,ACTIVE_1s,1.0,0.0,0.0,0.0,0.0,0.0,0.0,PASS_<20%,0.00,0.0,NO,STANDBY_VEL_LOW,2,2644.60,1945.40,109.76,FALSE,M1_DIRECTION_MISMATCH|OPENING_SHIELD_ACTIVE_1s
2026-09-07 18:13:02.127,1788804782.127,2894,5,115,4406.44,4406.52,8.0,PASS_<=10c,+0.0,FLAT,+0.0,-63.0,4.2,+0.21,0.05,SLOW,4407.07,4409.14,4406.76,4407.92,0.00,0.00,0.0,BEARISH,238.0,4406.44,4406.44,4406.44,4406.44,2,ACTIVE_2s,1.0,0.0,0.0,0.0,0.0,0.0,0.0,PASS_<20%,0.00,0.0,NO,STANDBY_VEL_LOW,2,2644.60,1945.40,109.76,FALSE,M1_DIRECTION_MISMATCH|OPENING_SHIELD_ACTIVE_2s
2026-09-07 18:13:02.629,1788804782.630,2895,6,116,4406.44,4406.52,8.0,PASS_<=10c,+0.0,FLAT,+0.0,-63.0,4.2,+0.21,0.05,SLOW,4407.07,4409.14,4406.76,4407.92,0.00,0.00,0.0,BEARISH,238.0,4406.44,4406.44,4406.44,4406.44,2,ACTIVE_2s,1.0,0.0,0.0,0.0,0.0,0.0,0.0,PASS_<20%,0.00,0.0,NO,STANDBY_VEL_LOW,2,2644.60,1945.40,109.76,FALSE,M1_DIRECTION_MISMATCH|OPENING_SHIELD_ACTIVE_2s
2026-09-07 18:13:03.131,1788804783.131,2896,7,117,4406.44,4406.52,8.0,PASS_<=10c,+0.0,FLAT,+0.0,-63.0,4.2,+0.21,0.05,SLOW,4407.07,4409.14,4406.76,4407.92,0.00,0.00,0.0,BEARISH,238.0,4406.44,4406.44,4406.44,4406.44,3,ACTIVE_3s,1.0,0.0,0.0,0.0,0.0,0.0,0.0,PASS_<20%,0.00,0.0,NO,STANDBY_VEL_LOW,2,2644.60,1945.40,109.76,FALSE,M1_DIRECTION_MISMATCH|OPENING_SHIELD_ACTIVE_3s
2026-09-07 18:13:03.632,1788804783.633,2897,8,118,4406.44,4406.52,8.0,PASS_<=10c,+0.0,FLAT,+0.0,-63.0,4.2,+0.63,0.15,SLOW,4407.07,4409.14,4406.76,4407.92,0.00,0.00,0.0,BEARISH,238.0,4406.44,4406.44,4406.44,4406.44,3,ACTIVE_3s,1.0,0.0,0.0,0.0,0.0,0.0,0.0,PASS_<20%,0.00,0.0,NO,STANDBY_VEL_LOW,2,2644.60,1945.40,109.76,FALSE,M1_DIRECTION_MISMATCH|OPENING_SHIELD_ACTIVE_3s
2026-09-07 18:13:04.133,1788804784.134,2898,9,119,4406.44,4406.52,8.0,PASS_<=10c,+0.0,FLAT,+0.0,-63.0,4.2,+0.42,0.10,SLOW,4407.07,4409.14,4406.76,4407.92,0.00,0.00,0.0,BEARISH,238.0,4406.44,4406.44,4406.44,4406.44,4,ACTIVE_4s,1.0,0.0,0.0,0.0,0.0,0.0,0.0,PASS_<20%,0.00,0.0,NO,STANDBY_VEL_LOW,2,2644.60,1945.40,109.76,FALSE,M1_DIRECTION_MISMATCH|OPENING_SHIELD_ACTIVE_4s
2026-09-07 18:13:14.561,1788804794.562,2899,10,120,4406.44,4406.52,8.0,PASS_<=10c,+0.0,FLAT,+0.0,-63.0,1.1,+0.00,0.00,SLOW,4407.07,4409.14,4406.76,4407.92,0.00,0.00,0.0,BEARISH,238.0,4406.44,4406.44,4406.44,4406.44,14,ACTIVE_14s,1.0,0.0,0.0,0.0,0.0,0.0,0.0,PASS_<20%,0.00,0.0,NO,STANDBY_VEL_LOW,2,2644.60,1945.40,109.76,FALSE,M1_DIRECTION_MISMATCH|OPENING_SHIELD_ACTIVE_14s
2026-09-07 18:13:21.386,1788804801.386,2900,11,121,4406.44,4406.52,8.0,PASS_<=10c,+0.0,FLAT,+0.0,-63.0,1.2,+0.00,0.00,SLOW,4407.07,4409.14,4406.76,4407.92,0.00,0.00,0.0,BEARISH,238.0,4406.44,4406.44,4406.44,4406.44,21,CLEARED_>=20s,1.0,0.0,0.0,0.0,0.0,0.0,0.0,PASS_<20%,0.00,0.0,NO,STANDBY_VEL_LOW,2,2644.60,1945.40,109.76,FALSE,M1_DIRECTION_MISMATCH
2026-09-07 18:13:21.740,1788804801.740,2901,12,122,4406.44,4406.52,8.0,PASS_<=10c,+0.0,FLAT,+0.0,-63.0,1.9,+0.00,0.00,SLOW,4407.07,4409.14,4406.76,4407.92,0.00,0.00,0.0,BEARISH,238.0,4406.44,4406.44,4406.44,4406.44,21,CLEARED_>=20s,1.0,0.0,0.0,0.0,0.0,0.0,0.0,PASS_<20%,0.00,0.0,NO,STANDBY_VEL_LOW,2,2644.60,1945.40,109.76,FALSE,M1_DIRECTION_MISMATCH
2026-09-07 18:13:22.242,1788804802.242,2902,13,123,4406.44,4406.52,8.0,PASS_<=10c,+0.0,FLAT,+0.0,-63.0,2.3,+0.00,0.00,SLOW,4407.07,4409.14,4406.76,4407.92,0.00,0.00,0.0,BEARISH,238.0,4406.44,4406.44,4406.44,4406.44,22,CLEARED_>=20s,1.0,0.0,0.0,0.0,0.0,0.0,0.0,PASS_<20%,0.00,0.0,NO,STANDBY_VEL_LOW,2,2644.60,1945.40,109.76,FALSE,M1_DIRECTION_MISMATCH
2026-09-07 18:13:22.744,1788804802.745,2903,14,124,4406.44,4406.52,8.0,PASS_<=10c,+0.0,FLAT,+0.0,-63.0,2.6,+0.00,0.00,SLOW,4407.07,4409.14,4406.76,4407.92,0.00,0.00,0.0,BEARISH,238.0,4406.44,4406.44,4406.44,4406.44,22,CLEARED_>=20s,1.0,0.0,0.0,0.0,0.0,0.0,0.0,PASS_<20%,0.00,0.0,NO,STANDBY_VEL_LOW,2,2644.60,1945.40,109.76,FALSE,M1_DIRECTION_MISMATCH
2026-09-07 18:13:23.246,1788804803.246,2904,15,125,4406.77,4406.85,8.0,PASS_<=10c,+33.0,UP,+33.0,-30.0,2.8,+9.25,3.30,SLOW,4407.07,4409.14,4406.76,4407.92,0.00,0.00,0.0,BEARISH,238.0,4406.44,4406.77,4406.44,4406.77,23,CLEARED_>=20s,33.0,33.0,0.0,0.0,0.0,0.0,0.0,PASS_<20%,0.00,0.0,NO,STANDBY_VEL_LOW,2,2644.60,1945.40,109.76,FALSE,M1_DIRECTION_MISMATCH
2026-09-07 18:13:23.747,1788804803.748,2905,16,126,4406.77,4406.85,8.0,PASS_<=10c,+0.0,FLAT,+33.0,-30.0,2.9,+8.11,2.80,SLOW,4407.07,4409.14,4406.76,4407.92,0.00,0.00,0.0,BEARISH,238.0,4406.44,4406.77,4406.44,4406.77,23,CLEARED_>=20s,33.0,33.0,0.0,0.0,0.0,0.0,0.0,PASS_<20%,0.00,0.0,NO,STANDBY_VEL_LOW,2,2644.60,1945.40,109.76,FALSE,M1_DIRECTION_MISMATCH
2026-09-07 18:13:24.249,1788804804.249,2906,17,127,4406.77,4406.85,8.0,PASS_<=10c,+0.0,FLAT,+33.0,-30.0,3.1,+7.22,2.33,SLOW,4407.07,4409.14,4406.76,4407.92,0.00,0.00,0.0,BEARISH,238.0,4406.44,4406.77,4406.44,4406.77,24,CLEARED_>=20s,33.0,33.0,0.0,0.0,0.0,0.0,0.0,PASS_<20%,0.00,0.0,NO,STANDBY_VEL_LOW,2,2644.60,1945.40,109.76,FALSE,M1_DIRECTION_MISMATCH
2026-09-07 18:13:24.751,1788804804.751,2907,18,128,4406.77,4406.85,8.0,PASS_<=10c,+0.0,FLAT,+33.0,-30.0,4.5,+9.81,2.18,SLOW,4407.07,4409.14,4406.76,4407.92,0.00,0.00,0.0,BEARISH,238.0,4406.44,4406.77,4406.44,4406.77,24,CLEARED_>=20s,33.0,33.0,0.0,0.0,0.0,0.0,0.0,PASS_<20%,0.00,0.0,NO,STANDBY_VEL_LOW,2,2644.60,1945.40,109.76,FALSE,M1_DIRECTION_MISMATCH
2026-09-07 18:13:25.259,1788804805.260,2908,19,129,4406.77,4406.85,8.0,PASS_<=10c,+0.0,FLAT,+33.0,-30.0,4.4,+8.53,1.94,SLOW,4407.07,4409.14,4406.76,4407.92,0.00,0.00,0.0,BEARISH,238.0,4406.44,4406.77,4406.44,4406.77,25,CLEARED_>=20s,33.0,33.0,0.0,0.0,0.0,0.0,0.0,PASS_<20%,0.00,0.0,NO,STANDBY_VEL_LOW,2,2644.60,1945.40,109.76,FALSE,M1_DIRECTION_MISMATCH
2026-09-07 18:13:25.754,1788804805.755,2909,20,130,4406.77,4406.85,8.0,PASS_<=10c,+0.0,FLAT,+33.0,-30.0,4.3,+7.55,1.76,SLOW,4407.07,4409.14,4406.76,4407.92,0.00,0.00,0.0,BEARISH,238.0,4406.44,4406.77,4406.44,4406.77,25,CLEARED_>=20s,33.0,33.0,0.0,0.0,0.0,0.0,0.0,PASS_<20%,0.00,0.0,NO,STANDBY_VEL_LOW,2,2644.60,1945.40,109.76,FALSE,M1_DIRECTION_MISMATCH
2026-09-07 18:13:26.275,1788804806.276,2910,21,131,4406.77,4406.85,8.0,PASS_<=10c,+0.0,FLAT,+33.0,-30.0,4.3,+6.77,1.57,SLOW,4407.07,4409.14,4406.76,4407.92,0.00,0.00,0.0,BEARISH,238.0,4406.44,4406.77,4406.44,4406.77,26,CLEARED_>=20s,33.0,33.0,0.0,0.0,0.0,0.0,0.0,PASS_<20%,0.00,0.0,NO,STANDBY_VEL_LOW,2,2644.60,1945.40,109.76,FALSE,M1_DIRECTION_MISMATCH
2026-09-07 18:13:26.760,1788804806.761,2911,22,132,4406.77,4406.85,8.0,PASS_<=10c,+0.0,FLAT,+33.0,-30.0,4.2,+6.92,1.65,SLOW,4407.07,4409.14,4406.76,4407.92,0.00,0.00,0.0,BEARISH,238.0,4406.44,4406.77,4406.44,4406.77,26,CLEARED_>=20s,33.0,33.0,0.0,0.0,0.0,0.0,0.0,PASS_<20%,0.00,0.0,NO,STANDBY_VEL_LOW,2,2644.60,1945.40,109.76,FALSE,M1_DIRECTION_MISMATCH
2026-09-07 18:13:27.262,1788804807.262,2912,23,133,4406.77,4406.85,8.0,PASS_<=10c,+0.0,FLAT,+33.0,-30.0,4.2,+6.92,1.65,SLOW,4407.07,4409.14,4406.76,4407.92,0.00,0.00,0.0,BEARISH,238.0,4406.44,4406.77,4406.44,4406.77,27,CLEARED_>=20s,33.0,33.0,0.0,0.0,0.0,0.0,0.0,PASS_<20%,0.00,0.0,NO,STANDBY_VEL_LOW,2,2644.60,1945.40,109.76,FALSE,M1_DIRECTION_MISMATCH
2026-09-07 18:13:27.763,1788804807.764,2913,24,134,4406.77,4406.85,8.0,PASS_<=10c,+0.0,FLAT,+33.0,-30.0,4.2,+0.00,0.00,SLOW,4407.07,4409.14,4406.76,4407.92,0.00,0.00,0.0,BEARISH,238.0,4406.44,4406.77,4406.44,4406.77,27,CLEARED_>=20s,33.0,33.0,0.0,0.0,0.0,0.0,0.0,PASS_<20%,0.00,0.0,NO,STANDBY_VEL_LOW,2,2644.60,1945.40,109.76,FALSE,M1_DIRECTION_MISMATCH
2026-09-07 18:13:28.265,1788804808.266,2914,25,135,4406.77,4406.85,8.0,PASS_<=10c,+0.0,FLAT,+33.0,-30.0,4.2,+0.00,0.00,SLOW,4407.07,4409.14,4406.76,4407.92,0.00,0.00,0.0,BEARISH,238.0,4406.44,4406.77,4406.44,4406.77,28,CLEARED_>=20s,33.0,33.0,0.0,0.0,0.0,0.0,0.0,PASS_<20%,0.00,0.0,NO,STANDBY_VEL_LOW,2,2644.60,1945.40,109.76,FALSE,M1_DIRECTION_MISMATCH
2026-09-07 18:13:28.768,1788804808.769,2915,26,136,4406.77,4406.85,8.0,PASS_<=10c,+0.0,FLAT,+33.0,-30.0,4.2,+0.00,0.00,SLOW,4407.07,4409.14,4406.76,4407.92,0.00,0.00,0.0,BEARISH,238.0,4406.44,4406.77,4406.44,4406.77,28,CLEARED_>=20s,33.0,33.0,0.0,0.0,0.0,0.0,0.0,PASS_<20%,0.00,0.0,NO,STANDBY_VEL_LOW,2,2644.60,1945.40,109.76,FALSE,M1_DIRECTION_MISMATCH
2026-09-07 18:13:29.270,1788804809.270,2916,27,137,4406.77,4406.85,8.0,PASS_<=10c,+0.0,FLAT,+33.0,-30.0,4.2,+0.00,0.00,SLOW,4407.07,4409.14,4406.76,4407.92,0.00,0.00,0.0,BEARISH,238.0,4406.44,4406.77,4406.44,4406.77,29,CLEARED_>=20s,33.0,33.0,0.0,0.0,0.0,0.0,0.0,PASS_<20%,0.00,0.0,NO,STANDBY_VEL_LOW,2,2644.60,1945.40,109.76,FALSE,M1_DIRECTION_MISMATCH
2026-09-07 18:13:29.771,1788804809.772,2917,28,138,4406.77,4406.85,8.0,PASS_<=10c,+0.0,FLAT,+33.0,-30.0,4.2,+0.10,0.02,SLOW,4407.07,4409.14,4406.76,4407.92,0.00,0.00,0.0,BEARISH,238.0,4406.44,4406.77,4406.44,4406.77,29,CLEARED_>=20s,33.0,33.0,0.0,0.0,0.0,0.0,0.0,PASS_<20%,0.00,0.0,NO,STANDBY_VEL_LOW,2,2644.60,1945.40,109.76,FALSE,M1_DIRECTION_MISMATCH
2026-09-07 18:13:30.273,1788804810.274,2918,29,139,4406.77,4406.85,8.0,PASS_<=10c,+0.0,FLAT,+33.0,-30.0,4.2,+0.17,0.04,SLOW,4407.07,4409.14,4406.76,4407.92,0.00,0.00,0.0,BEARISH,238.0,4406.44,4406.77,4406.44,4406.77,30,CLEARED_>=20s,33.0,33.0,0.0,0.0,0.0,0.0,0.0,PASS_<20%,0.00,0.0,NO,STANDBY_VEL_LOW,2,2644.60,1945.40,109.76,FALSE,M1_DIRECTION_MISMATCH
2026-09-07 18:13:30.775,1788804810.775,2919,30,140,4406.77,4406.85,8.0,PASS_<=10c,+0.0,FLAT,+33.0,-30.0,4.2,+0.17,0.04,SLOW,4407.07,4409.14,4406.76,4407.92,0.00,0.00,0.0,BEARISH,238.0,4406.44,4406.77,4406.44,4406.77,30,CLEARED_>=20s,33.0,33.0,0.0,0.0,0.0,0.0,0.0,PASS_<20%,0.00,0.0,NO,STANDBY_VEL_LOW,2,2644.60,1945.40,109.76,FALSE,M1_DIRECTION_MISMATCH
2026-09-07 18:13:41.187,1788804821.187,2920,31,141,4406.77,4406.85,8.0,PASS_<=10c,+0.0,FLAT,+33.0,-30.0,1.4,+0.17,0.12,SLOW,4407.07,4409.14,4406.76,4407.92,0.00,0.00,0.0,BEARISH,238.0,4406.44,4406.77,4406.44,4406.77,41,CLEARED_>=20s,33.0,33.0,0.0,0.0,0.0,0.0,0.0,PASS_<20%,0.00,0.0,NO,STANDBY_VEL_LOW,2,2644.60,1945.40,109.76,FALSE,M1_DIRECTION_MISMATCH
2026-09-07 18:13:47.611,1788804827.611,2921,32,142,4406.77,4406.85,8.0,PASS_<=10c,+0.0,FLAT,+33.0,-30.0,1.5,+0.17,0.11,SLOW,4407.07,4409.14,4406.76,4407.92,0.00,0.00,0.0,BEARISH,238.0,4406.44,4406.77,4406.44,4406.77,47,CLEARED_>=20s,33.0,33.0,0.0,0.0,0.0,0.0,0.0,PASS_<20%,0.00,0.0,NO,STANDBY_VEL_LOW,2,2644.60,1945.40,109.76,FALSE,M1_DIRECTION_MISMATCH
2026-09-07 18:13:47.965,1788804827.966,2922,33,143,4405.58,4405.66,8.0,PASS_<=10c,-119.0,DOWN,-86.0,-149.0,2.4,+71.74,29.89,SLOW,4407.07,4409.14,4406.76,4407.92,0.00,0.00,0.0,BEARISH,238.0,4406.44,4406.77,4405.58,4405.58,47,CLEARED_>=20s,119.0,86.0,33.0,0.0,27.7,0.0,0.0,PASS_<20%,4406.29,71.0,YES,STANDBY_VEL_LOW,2,2644.60,1945.40,109.76,TRUE,READY_TO_FIRE
2026-09-07 18:13:51.310,1788804831.310,2923,34,144,4405.54,4405.62,8.0,PASS_<=10c,-4.0,DOWN,-90.0,-153.0,1.5,+33.24,22.16,SLOW,4407.07,4409.14,4406.76,4407.92,0.00,0.00,0.0,BEARISH,238.0,4406.44,4406.77,4405.54,4405.54,51,CLEARED_>=20s,123.0,90.0,33.0,0.0,26.8,0.0,0.0,PASS_<20%,4406.29,75.0,YES,STANDBY_VEL_LOW,2,2644.60,1945.40,109.76,TRUE,READY_TO_FIRE
2026-09-07 18:13:54.540,1788804834.541,2924,35,145,4405.54,4405.62,8.0,PASS_<=10c,+0.0,FLAT,-90.0,-153.0,1.5,+0.00,0.00,SLOW,4407.07,4409.14,4406.76,4407.92,0.00,0.00,0.0,BEARISH,238.0,4406.44,4406.77,4405.54,4405.54,54,CLEARED_>=20s,123.0,90.0,33.0,0.0,26.8,0.0,0.0,PASS_<20%,4406.29,75.0,YES,STANDBY_VEL_LOW,2,2644.60,1945.40,109.76,TRUE,READY_TO_FIRE
2026-09-07 18:14:07.703,1788804847.703,2925,1,146,4405.54,4405.62,8.0,PASS_<=10c,+0.0,FLAT,+0.0,-153.0,1.0,+0.00,0.00,SLOW,4407.07,4409.14,4406.76,4407.92,0.00,0.00,0.0,BEARISH,238.0,4405.54,4405.54,4405.54,4405.54,7,ACTIVE_7s,1.0,0.0,0.0,0.0,0.0,0.0,0.0,PASS_<20%,0.00,0.0,NO,STANDBY_VEL_LOW,2,2644.60,1945.40,109.76,FALSE,M1_DIRECTION_MISMATCH|OPENING_SHIELD_ACTIVE_7s
2026-09-07 18:14:12.582,1788804852.582,2926,2,147,4405.71,4405.79,8.0,PASS_<=10c,+17.0,UP,+17.0,-136.0,0.9,+3.48,3.87,SLOW,4407.07,4409.14,4406.76,4407.92,0.00,0.00,0.0,BEARISH,238.0,4405.54,4405.71,4405.54,4405.71,12,ACTIVE_12s,17.0,17.0,0.0,0.0,0.0,0.0,0.0,PASS_<20%,0.00,0.0,NO,STANDBY_VEL_LOW,2,2644.60,1945.40,109.76,FALSE,M1_DIRECTION_MISMATCH|OPENING_SHIELD_ACTIVE_12s
2026-09-07 18:14:15.830,1788804855.831,2927,3,148,4405.61,4405.69,8.0,PASS_<=10c,-10.0,DOWN,+7.0,-146.0,1.2,+2.99,2.49,SLOW,4407.07,4409.14,4406.76,4407.92,0.00,0.00,0.0,BEARISH,238.0,4405.54,4405.71,4405.54,4405.61,15,ACTIVE_15s,17.0,7.0,10.0,0.0,58.8,0.0,0.0,PASS_<20%,0.00,0.0,NO,STANDBY_VEL_LOW,2,2644.60,1945.40,109.76,FALSE,M1_DIRECTION_MISMATCH|OPENING_SHIELD_ACTIVE_15s
2026-09-07 18:14:19.137,1788804859.138,2928,4,149,4405.60,4405.68,8.0,PASS_<=10c,-1.0,DOWN,+6.0,-147.0,1.1,+0.84,0.76,SLOW,4407.07,4409.14,4406.76,4407.92,0.00,0.00,0.0,BEARISH,238.0,4405.54,4405.71,4405.54,4405.60,19,ACTIVE_19s,17.0,6.0,11.0,0.0,64.7,0.0,0.0,PASS_<20%,0.00,0.0,NO,STANDBY_VEL_LOW,2,2644.60,1945.40,109.76,FALSE,M1_DIRECTION_MISMATCH|OPENING_SHIELD_ACTIVE_19s
2026-09-07 18:14:32.331,1788804872.331,2929,5,150,4405.60,4405.68,8.0,PASS_<=10c,+0.0,FLAT,+6.0,-147.0,1.0,+0.00,0.00,SLOW,4407.07,4409.14,4406.76,4407.92,0.00,0.00,0.0,BEARISH,238.0,4405.54,4405.71,4405.54,4405.60,32,CLEARED_>=20s,17.0,6.0,11.0,0.0,64.7,0.0,0.0,PASS_<20%,0.00,0.0,NO,STANDBY_VEL_LOW,2,2644.60,1945.40,109.76,FALSE,M1_DIRECTION_MISMATCH
2026-09-07 18:14:38.335,1788804878.335,2930,6,151,4404.77,4404.85,8.0,PASS_<=10c,-83.0,DOWN,-77.0,-230.0,2.0,+83.00,41.50,SLOW,4407.07,4409.14,4406.76,4407.92,0.00,0.00,0.0,BEARISH,238.0,4405.54,4405.71,4404.77,4404.77,38,CLEARED_>=20s,94.0,77.0,17.0,0.0,18.1,0.0,0.0,PASS_<20%,4405.39,62.0,YES,STANDBY_VEL_LOW,2,2644.60,1945.40,109.76,TRUE,READY_TO_FIRE
2026-09-07 18:14:41.604,1788804881.605,2931,7,152,4404.84,4404.92,8.0,PASS_<=10c,+7.0,UP,-70.0,-223.0,1.2,+22.55,18.79,SLOW,4407.07,4409.14,4406.76,4407.92,0.00,0.00,0.0,BEARISH,238.0,4405.54,4405.71,4404.77,4404.84,41,CLEARED_>=20s,94.0,70.0,17.0,7.0,18.1,7.4,7.4,PASS_<20%,4405.39,55.0,YES,STANDBY_VEL_LOW,2,2644.60,1945.40,109.76,TRUE,READY_TO_FIRE
2026-09-07 18:14:44.891,1788804884.891,2932,8,153,4404.84,4404.92,8.0,PASS_<=10c,+0.0,FLAT,-70.0,-223.0,1.1,+0.00,0.00,SLOW,4407.07,4409.14,4406.76,4407.92,0.00,0.00,0.0,BEARISH,238.0,4405.54,4405.71,4404.77,4404.84,44,CLEARED_>=20s,94.0,70.0,17.0,7.0,18.1,7.4,7.4,PASS_<20%,4405.39,55.0,YES,STANDBY_VEL_LOW,2,2644.60,1945.40,109.76,TRUE,READY_TO_FIRE
2026-09-07 18:14:58.072,1788804898.072,2933,9,154,4404.84,4404.92,8.0,PASS_<=10c,+0.0,FLAT,-70.0,-223.0,1.0,+0.00,0.00,SLOW,4407.07,4409.14,4406.76,4407.92,0.00,0.00,0.0,BEARISH,238.0,4405.54,4405.71,4404.77,4404.84,58,CLEARED_>=20s,94.0,70.0,17.0,7.0,18.1,7.4,7.4,PASS_<20%,4405.39,55.0,NO,STANDBY_VEL_LOW,2,2644.60,1945.40,109.76,FALSE,VELOCITY_LOW_18.0
2026-09-07 18:15:03.581,1788804903.581,2934,1,1,4405.03,4405.11,8.0,PASS_<=10c,+19.0,UP,+19.0,-295.0,2.0,+19.00,9.50,SLOW,4407.98,4408.91,4404.48,4404.84,0.00,0.00,0.0,BEARISH,443.0,4404.84,4405.03,4404.84,4405.03,3,ACTIVE_3s,19.0,19.0,0.0,0.0,0.0,0.0,0.0,PASS_<20%,0.00,0.0,NO,STANDBY_VEL_LOW,2,2644.60,1945.40,109.76,FALSE,M1_DIRECTION_MISMATCH|OPENING_SHIELD_ACTIVE_3s|VELOCITY_LOW_19.0
2026-09-07 18:15:06.858,1788804906.858,2935,2,2,4404.99,4405.07,8.0,PASS_<=10c,-4.0,DOWN,+15.0,-299.0,1.2,+4.43,3.69,SLOW,4407.98,4408.91,4404.48,4404.84,0.00,0.00,0.0,BEARISH,443.0,4404.84,4405.03,4404.84,4404.99,6,ACTIVE_6s,19.0,15.0,4.0,0.0,21.1,0.0,0.0,PASS_<20%,0.00,0.0,NO,STANDBY_VEL_LOW,2,2644.60,1945.40,109.76,FALSE,M1_DIRECTION_MISMATCH|OPENING_SHIELD_ACTIVE_6s
2026-09-07 18:15:10.160,1788804910.160,2936,3,3,4404.99,4405.07,8.0,PASS_<=10c,+0.0,FLAT,+15.0,-299.0,1.1,+0.00,0.00,SLOW,4407.98,4408.91,4404.48,4404.93,0.00,0.00,0.0,BEARISH,443.0,4404.84,4405.03,4404.84,4404.99,10,ACTIVE_10s,19.0,15.0,4.0,0.0,21.1,0.0,0.0,PASS_<20%,0.00,0.0,NO,STANDBY_VEL_LOW,2,2644.60,1945.40,109.76,FALSE,M1_DIRECTION_MISMATCH|OPENING_SHIELD_ACTIVE_10s
2026-09-07 18:15:23.385,1788804923.385,2937,4,4,4404.99,4405.07,8.0,PASS_<=10c,+0.0,FLAT,+15.0,-299.0,1.0,+0.00,0.00,SLOW,4407.98,4408.91,4404.48,4404.93,0.00,0.00,0.0,BEARISH,443.0,4404.84,4405.03,4404.84,4404.99,23,CLEARED_>=20s,19.0,15.0,4.0,0.0,21.1,0.0,0.0,PASS_<20%,0.00,0.0,NO,STANDBY_VEL_LOW,2,2644.60,1945.40,109.76,FALSE,M1_DIRECTION_MISMATCH|VELOCITY_LOW_18.0
2026-09-07 18:15:28.529,1788804928.529,2938,5,5,4404.99,4405.07,8.0,PASS_<=10c,+0.0,FLAT,+15.0,-299.0,2.0,+0.00,0.00,SLOW,4407.98,4408.91,4404.48,4404.93,0.00,0.00,0.0,BEARISH,443.0,4404.84,4405.03,4404.84,4404.99,28,CLEARED_>=20s,19.0,15.0,4.0,0.0,21.1,0.0,0.0,PASS_<20%,0.00,0.0,NO,STANDBY_VEL_LOW,2,2644.60,1945.40,109.76,FALSE,M1_DIRECTION_MISMATCH|VELOCITY_LOW_19.0
2026-09-07 18:15:31.782,1788804931.782,2939,6,6,4404.95,4405.03,8.0,PASS_<=10c,-4.0,DOWN,+11.0,-303.0,1.2,+1.19,0.99,SLOW,4407.98,4408.91,4404.48,4404.93,0.00,0.00,0.0,BEARISH,443.0,4404.84,4405.03,4404.84,4404.95,31,CLEARED_>=20s,19.0,11.0,8.0,0.0,42.1,0.0,0.0,PASS_<20%,0.00,0.0,NO,STANDBY_VEL_LOW,2,2644.60,1945.40,109.76,FALSE,M1_DIRECTION_MISMATCH
2026-09-07 18:15:35.111,1788804935.111,2940,7,7,4404.96,4405.04,8.0,PASS_<=10c,+1.0,UP,+12.0,-302.0,1.1,+0.28,0.25,SLOW,4407.98,4408.91,4404.48,4404.93,0.00,0.00,0.0,BEARISH,443.0,4404.84,4405.03,4404.84,4404.96,35,CLEARED_>=20s,19.0,12.0,7.0,0.0,36.8,0.0,0.0,PASS_<20%,0.00,0.0,NO,STANDBY_VEL_LOW,2,2644.60,1945.40,109.76,FALSE,M1_DIRECTION_MISMATCH
2026-09-07 18:15:48.350,1788804948.351,2941,8,8,4404.96,4405.04,8.0,PASS_<=10c,+0.0,FLAT,+12.0,-302.0,1.0,+0.22,0.22,SLOW,4407.98,4408.91,4404.48,4404.93,0.00,0.00,0.0,BEARISH,443.0,4404.84,4405.03,4404.84,4404.96,48,CLEARED_>=20s,19.0,12.0,7.0,0.0,36.8,0.0,0.0,PASS_<20%,0.00,0.0,NO,STANDBY_VEL_LOW,2,2644.60,1945.40,109.76,FALSE,M1_DIRECTION_MISMATCH|VELOCITY_LOW_18.0
2026-09-07 18:15:55.003,1788804955.004,2942,9,9,4404.96,4405.04,8.0,PASS_<=10c,+0.0,FLAT,+12.0,-302.0,2.0,+0.21,0.10,SLOW,4407.98,4408.91,4404.48,4404.93,0.00,0.00,0.0,BEARISH,443.0,4404.84,4405.03,4404.84,4404.96,55,CLEARED_>=20s,19.0,12.0,7.0,0.0,36.8,0.0,0.0,PASS_<20%,0.00,0.0,NO,STANDBY_VEL_LOW,2,2644.60,1945.40,109.76,FALSE,M1_DIRECTION_MISMATCH|VELOCITY_LOW_19.0
2026-09-07 18:15:58.273,1788804958.273,2943,10,10,4405.04,4405.12,8.0,PASS_<=10c,+8.0,UP,+20.0,-294.0,1.2,+2.37,1.98,SLOW,4407.98,4408.91,4404.48,4404.93,0.00,0.00,0.0,BEARISH,443.0,4404.84,4405.04,4404.84,4405.04,58,CLEARED_>=20s,20.0,20.0,0.0,0.0,0.0,0.0,0.0,PASS_<20%,0.00,0.0,NO,STANDBY_VEL_LOW,2,2644.60,1945.40,109.76,FALSE,M1_DIRECTION_MISMATCH
2026-09-07 18:16:01.521,1788804961.522,2944,1,11,4405.00,4405.08,8.0,PASS_<=10c,-4.0,DOWN,+0.0,-298.0,1.1,+1.14,1.04,SLOW,4407.98,4408.91,4404.48,4404.93,0.00,0.00,0.0,BEARISH,443.0,4405.00,4405.00,4405.00,4405.00,1,ACTIVE_1s,1.0,0.0,0.0,0.0,0.0,0.0,0.0,PASS_<20%,0.00,0.0,NO,STANDBY_VEL_LOW,2,2644.60,1945.40,109.76,FALSE,M1_DIRECTION_MISMATCH|OPENING_SHIELD_ACTIVE_1s
2026-09-07 18:16:14.731,1788804974.732,2945,2,12,4405.00,4405.08,8.0,PASS_<=10c,+0.0,FLAT,+0.0,-298.0,1.0,+0.02,0.02,SLOW,4407.98,4408.91,4404.48,4404.93,0.00,0.00,0.0,BEARISH,443.0,4405.00,4405.00,4405.00,4405.00,14,ACTIVE_14s,1.0,0.0,0.0,0.0,0.0,0.0,0.0,PASS_<20%,0.00,0.0,NO,STANDBY_VEL_LOW,2,2644.60,1945.40,109.76,FALSE,M1_DIRECTION_MISMATCH|OPENING_SHIELD_ACTIVE_14s|VELOCITY_LOW_18.0
2026-09-07 18:16:23.463,1788804983.463,2946,3,13,4405.00,4405.08,8.0,PASS_<=10c,+0.0,FLAT,+0.0,-298.0,2.0,+0.02,0.01,SLOW,4407.98,4408.91,4404.48,4404.93,0.00,0.00,0.0,BEARISH,443.0,4405.00,4405.00,4405.00,4405.00,23,CLEARED_>=20s,1.0,0.0,0.0,0.0,0.0,0.0,0.0,PASS_<20%,0.00,0.0,NO,STANDBY_VEL_LOW,2,2644.60,1945.40,109.76,FALSE,M1_DIRECTION_MISMATCH|VELOCITY_LOW_18.0
2026-09-07 18:16:27.121,1788804987.122,2947,4,14,4404.24,4404.32,8.0,PASS_<=10c,-76.0,DOWN,-76.0,-374.0,1.1,+20.22,18.38,SLOW,4407.98,4408.91,4404.48,4404.93,0.00,0.00,0.0,BEARISH,443.0,4405.00,4405.00,4404.24,4404.24,27,CLEARED_>=20s,76.0,76.0,0.0,0.0,0.0,0.0,0.0,PASS_<20%,4404.85,61.0,YES,STANDBY_VEL_LOW,2,2644.60,1945.40,109.76,TRUE,READY_TO_FIRE
2026-09-07 18:16:50.679,1788805010.679,2948,5,15,4404.24,4404.32,8.0,PASS_<=10c,+0.0,FLAT,-76.0,-374.0,1.3,+0.00,0.00,SLOW,4407.98,4408.91,4404.48,4404.93,0.00,0.00,0.0,BEARISH,443.0,4405.00,4405.00,4404.24,4404.24,50,CLEARED_>=20s,76.0,76.0,0.0,0.0,0.0,0.0,0.0,PASS_<20%,4404.85,61.0,NO,STANDBY_VEL_LOW,3,3963.84,626.16,129.32,FALSE,VELOCITY_LOW_14.0
2026-09-07 18:16:52.509,1788805012.510,2949,6,16,4404.06,4404.14,8.0,PASS_<=10c,-18.0,DOWN,-94.0,-392.0,1.2,+5.39,4.49,SLOW,4407.98,4408.91,4404.48,4404.93,0.00,0.00,0.0,BEARISH,443.0,4405.00,4405.00,4404.06,4404.06,52,CLEARED_>=20s,94.0,94.0,0.0,0.0,0.0,0.0,0.0,PASS_<20%,4404.85,79.0,NO,STANDBY_VEL_LOW,1,1321.30,3268.70,138.53,FALSE,VELOCITY_LOW_16.0
2026-09-07 18:16:53.005,1788805013.006,2950,7,17,4404.08,4404.16,8.0,PASS_<=10c,+2.0,UP,-92.0,-390.0,1.6,+4.16,2.60,SLOW,4407.98,4408.91,4404.48,4404.93,0.00,0.00,0.0,BEARISH,443.0,4405.00,4405.00,4404.06,4404.08,53,CLEARED_>=20s,94.0,92.0,0.0,2.0,0.0,2.1,2.1,PASS_<20%,4404.85,77.0,NO,STANDBY_VEL_LOW,1,1321.30,3268.70,138.53,FALSE,VELOCITY_LOW_18.0
2026-09-07 18:16:53.526,1788805013.527,2951,8,18,4404.08,4404.16,8.0,PASS_<=10c,+0.0,FLAT,-92.0,-390.0,1.8,+3.67,2.04,SLOW,4407.98,4408.91,4404.48,4404.93,0.00,0.00,0.0,BEARISH,443.0,4405.00,4405.00,4404.06,4404.08,53,CLEARED_>=20s,94.0,92.0,0.0,2.0,0.0,2.1,2.1,PASS_<20%,4404.85,77.0,YES,STANDBY_VEL_LOW,1,1321.30,3268.70,138.53,TRUE,READY_TO_FIRE
2026-09-07 18:16:54.037,1788805014.037,2952,9,19,4404.09,4404.17,8.0,PASS_<=10c,+1.0,UP,-91.0,-389.0,2.1,+3.08,1.47,SLOW,4407.98,4408.91,4404.48,4404.93,0.00,0.00,0.0,BEARISH,443.0,4405.00,4405.00,4404.06,4404.09,54,CLEARED_>=20s,94.0,91.0,0.0,3.0,0.0,3.2,3.2,PASS_<20%,4404.85,76.0,YES,STANDBY_VEL_LOW,1,1321.30,3268.70,138.53,TRUE,READY_TO_FIRE
2026-09-07 18:16:54.538,1788805014.539,2953,10,20,4404.08,4404.16,8.0,PASS_<=10c,-1.0,DOWN,-92.0,-390.0,2.9,+4.15,1.43,SLOW,4407.98,4408.91,4404.48,4404.93,0.00,0.00,0.0,BEARISH,443.0,4405.00,4405.00,4404.06,4404.08,54,CLEARED_>=20s,94.0,92.0,0.0,2.0,0.0,2.1,2.1,PASS_<20%,4404.85,77.0,YES,STANDBY_VEL_LOW,1,1321.30,3268.70,138.53,TRUE,READY_TO_FIRE
2026-09-07 18:16:55.039,1788805015.039,2954,11,21,4404.07,4404.15,8.0,PASS_<=10c,-1.0,DOWN,-93.0,-391.0,3.0,+3.90,1.30,SLOW,4407.98,4408.91,4404.48,4404.93,0.00,0.00,0.0,BEARISH,443.0,4405.00,4405.00,4404.06,4404.07,55,CLEARED_>=20s,94.0,93.0,0.0,1.0,0.0,1.1,1.1,PASS_<20%,4404.85,78.0,YES,STANDBY_VEL_LOW,1,1321.30,3268.70,138.53,TRUE,READY_TO_FIRE
2026-09-07 18:16:55.541,1788805015.541,2955,12,22,4404.07,4404.15,8.0,PASS_<=10c,+0.0,FLAT,-93.0,-391.0,3.1,+3.50,1.13,SLOW,4407.98,4408.91,4404.48,4404.93,0.00,0.00,0.0,BEARISH,443.0,4405.00,4405.00,4404.06,4404.07,55,CLEARED_>=20s,94.0,93.0,0.0,1.0,0.0,1.1,1.1,PASS_<20%,4404.85,78.0,YES,STANDBY_VEL_LOW,1,1321.30,3268.70,138.53,TRUE,READY_TO_FIRE
2026-09-07 18:16:56.043,1788805016.043,2956,13,23,4404.07,4404.15,8.0,PASS_<=10c,+0.0,FLAT,-93.0,-391.0,4.2,+0.26,0.06,SLOW,4407.98,4408.91,4404.48,4404.93,0.00,0.00,0.0,BEARISH,443.0,4405.00,4405.00,4404.06,4404.07,56,CLEARED_>=20s,94.0,93.0,0.0,1.0,0.0,1.1,1.1,PASS_<20%,4404.85,78.0,YES,STANDBY_VEL_LOW,1,1321.30,3268.70,138.53,TRUE,READY_TO_FIRE
2026-09-07 18:16:56.568,1788805016.568,2957,14,24,4404.07,4404.15,8.0,PASS_<=10c,+0.0,FLAT,-93.0,-219.0,4.2,+0.23,0.05,SLOW,4406.26,4408.67,4405.66,4408.00,0.00,0.00,0.0,NEUTRAL,301.0,4405.00,4405.00,4404.06,4404.07,56,CLEARED_>=20s,94.0,93.0,0.0,1.0,0.0,1.1,1.1,PASS_<20%,0.00,0.0,NO,STANDBY_VEL_LOW,1,1321.30,3268.70,138.53,FALSE,M5_TREND_NEUTRAL|M1_DIRECTION_MISMATCH
2026-09-07 18:16:57.060,1788805017.060,2958,15,25,4404.07,4404.15,8.0,PASS_<=10c,+0.0,FLAT,-93.0,-391.0,4.2,+0.21,0.05,SLOW,4407.98,4408.91,4404.48,4404.93,0.00,0.00,0.0,BEARISH,443.0,4405.00,4405.00,4404.06,4404.07,57,CLEARED_>=20s,94.0,93.0,0.0,1.0,0.0,1.1,1.1,PASS_<20%,4404.85,78.0,YES,STANDBY_VEL_LOW,1,1321.30,3268.70,138.53,TRUE,READY_TO_FIRE
2026-09-07 18:16:57.564,1788805017.565,2959,16,26,4404.07,4404.15,8.0,PASS_<=10c,+0.0,FLAT,-93.0,-391.0,4.2,+0.21,0.05,SLOW,4407.98,4408.91,4404.48,4404.93,0.00,0.00,0.0,BEARISH,443.0,4405.00,4405.00,4404.06,4404.07,57,CLEARED_>=20s,94.0,93.0,0.0,1.0,0.0,1.1,1.1,PASS_<20%,4404.85,78.0,YES,STANDBY_VEL_LOW,1,1321.30,3268.70,138.53,TRUE,READY_TO_FIRE
2026-09-07 18:16:58.080,1788805018.081,2960,17,27,4404.07,4404.15,8.0,PASS_<=10c,+0.0,FLAT,-93.0,-391.0,4.2,+0.21,0.05,SLOW,4407.98,4408.91,4404.48,4404.93,0.00,0.00,0.0,BEARISH,443.0,4405.00,4405.00,4404.06,4404.07,58,CLEARED_>=20s,94.0,93.0,0.0,1.0,0.0,1.1,1.1,PASS_<20%,4404.85,78.0,YES,STANDBY_VEL_LOW,1,1321.30,3268.70,138.53,TRUE,READY_TO_FIRE
2026-09-07 18:16:58.581,1788805018.582,2961,18,28,4404.07,4404.15,8.0,PASS_<=10c,+0.0,FLAT,-93.0,-391.0,4.2,+0.42,0.10,SLOW,4407.98,4408.91,4404.48,4404.93,0.00,0.00,0.0,BEARISH,443.0,4405.00,4405.00,4404.06,4404.07,58,CLEARED_>=20s,94.0,93.0,0.0,1.0,0.0,1.1,1.1,PASS_<20%,4404.85,78.0,YES,STANDBY_VEL_LOW,1,1321.30,3268.70,138.53,TRUE,READY_TO_FIRE
2026-09-07 18:17:04.106,1788805024.106,2962,1,29,4404.07,4404.15,8.0,PASS_<=10c,+0.0,FLAT,+0.0,-391.0,1.0,+0.00,0.00,SLOW,4407.98,4408.91,4404.48,4404.93,0.00,0.00,0.0,BEARISH,443.0,4404.07,4404.07,4404.07,4404.07,4,ACTIVE_4s,1.0,0.0,0.0,0.0,0.0,0.0,0.0,PASS_<20%,0.00,0.0,NO,STANDBY_VEL_LOW,1,1321.30,3268.70,138.53,FALSE,M1_DIRECTION_MISMATCH|OPENING_SHIELD_ACTIVE_4s
2026-09-07 18:17:14.340,1788805034.340,2963,2,30,4404.07,4404.15,8.0,PASS_<=10c,+0.0,FLAT,+0.0,-391.0,1.0,+0.00,0.00,SLOW,4407.98,4408.91,4404.48,4404.93,0.00,0.00,0.0,BEARISH,443.0,4404.07,4404.07,4404.07,4404.07,14,ACTIVE_14s,1.0,0.0,0.0,0.0,0.0,0.0,0.0,PASS_<20%,0.00,0.0,NO,STANDBY_VEL_LOW,1,1321.30,3268.70,138.53,FALSE,M1_DIRECTION_MISMATCH|OPENING_SHIELD_ACTIVE_14s
2026-09-07 18:17:15.750,1788805035.751,2964,3,31,4404.76,4404.84,8.0,PASS_<=10c,+69.0,UP,+69.0,-322.0,2.1,+48.92,23.30,SLOW,4407.98,4408.91,4404.48,4404.93,0.00,0.00,0.0,BEARISH,443.0,4404.07,4404.76,4404.07,4404.76,15,ACTIVE_15s,69.0,69.0,0.0,0.0,0.0,0.0,0.0,PASS_<20%,0.00,0.0,NO,STANDBY_VEL_LOW,1,1321.30,3268.70,138.53,FALSE,M1_DIRECTION_MISMATCH|OPENING_SHIELD_ACTIVE_15s
2026-09-07 18:17:16.253,1788805036.254,2965,4,32,4404.76,4404.84,8.0,PASS_<=10c,+0.0,FLAT,+69.0,-322.0,2.6,+36.08,13.88,SLOW,4407.98,4408.91,4404.48,4404.93,0.00,0.00,0.0,BEARISH,443.0,4404.07,4404.76,4404.07,4404.76,16,ACTIVE_16s,69.0,69.0,0.0,0.0,0.0,0.0,0.0,PASS_<20%,0.00,0.0,NO,STANDBY_VEL_LOW,1,1321.30,3268.70,138.53,FALSE,M1_DIRECTION_MISMATCH|OPENING_SHIELD_ACTIVE_16s
2026-09-07 18:17:16.755,1788805036.756,2966,5,33,4404.29,4404.37,8.0,PASS_<=10c,-47.0,DOWN,+22.0,-369.0,2.9,+9.11,3.14,SLOW,4407.98,4408.91,4404.48,4404.93,0.00,0.00,0.0,BEARISH,443.0,4404.07,4404.76,4404.07,4404.29,16,ACTIVE_16s,69.0,22.0,47.0,0.0,68.1,0.0,0.0,PASS_<20%,0.00,0.0,NO,STANDBY_VEL_LOW,1,1321.30,3268.70,138.53,FALSE,M1_DIRECTION_MISMATCH|OPENING_SHIELD_ACTIVE_16s
2026-09-07 18:17:17.256,1788805037.257,2967,6,34,4404.26,4404.34,8.0,PASS_<=10c,-3.0,DOWN,+19.0,-372.0,3.1,+6.52,2.10,SLOW,4407.98,4408.91,4404.48,4404.93,0.00,0.00,0.0,BEARISH,443.0,4404.07,4404.76,4404.07,4404.26,17,ACTIVE_17s,69.0,19.0,50.0,0.0,72.5,0.0,0.0,PASS_<20%,0.00,0.0,NO,STANDBY_VEL_LOW,1,1321.30,3268.70,138.53,FALSE,M1_DIRECTION_MISMATCH|OPENING_SHIELD_ACTIVE_17s
2026-09-07 18:17:17.762,1788805037.762,2968,7,35,4404.13,4404.21,8.0,PASS_<=10c,-13.0,DOWN,+6.0,-385.0,3.2,+1.76,0.55,SLOW,4407.98,4408.91,4404.48,4404.93,0.00,0.00,0.0,BEARISH,443.0,4404.07,4404.76,4404.07,4404.13,17,ACTIVE_17s,69.0,6.0,63.0,0.0,91.3,0.0,0.0,PASS_<20%,0.00,0.0,NO,STANDBY_VEL_LOW,1,1321.30,3268.70,138.53,FALSE,M1_DIRECTION_MISMATCH|OPENING_SHIELD_ACTIVE_17s
2026-09-07 18:17:18.260,1788805038.261,2969,8,36,4404.13,4404.21,8.0,PASS_<=10c,+0.0,FLAT,+6.0,-385.0,3.3,+1.53,0.46,SLOW,4407.98,4408.91,4404.48,4404.93,0.00,0.00,0.0,BEARISH,443.0,4404.07,4404.76,4404.07,4404.13,18,ACTIVE_18s,69.0,6.0,63.0,0.0,91.3,0.0,0.0,PASS_<20%,0.00,0.0,NO,STANDBY_VEL_LOW,1,1321.30,3268.70,138.53,FALSE,M1_DIRECTION_MISMATCH|OPENING_SHIELD_ACTIVE_18s
2026-09-07 18:17:18.762,1788805038.763,2970,9,37,4404.13,4404.21,8.0,PASS_<=10c,+0.0,FLAT,+6.0,-385.0,3.4,+1.36,0.40,SLOW,4407.98,4408.91,4404.48,4404.93,0.00,0.00,0.0,BEARISH,443.0,4404.07,4404.76,4404.07,4404.13,18,ACTIVE_18s,69.0,6.0,63.0,0.0,91.3,0.0,0.0,PASS_<20%,0.00,0.0,NO,STANDBY_VEL_LOW,1,1321.30,3268.70,138.53,FALSE,M1_DIRECTION_MISMATCH|OPENING_SHIELD_ACTIVE_18s
2026-09-07 18:17:19.264,1788805039.265,2971,10,38,4404.13,4404.21,8.0,PASS_<=10c,+0.0,FLAT,+6.0,-385.0,3.5,+1.22,0.35,SLOW,4407.98,4408.91,4404.48,4404.93,0.00,0.00,0.0,BEARISH,443.0,4404.07,4404.76,4404.07,4404.13,19,ACTIVE_19s,69.0,6.0,63.0,0.0,91.3,0.0,0.0,PASS_<20%,0.00,0.0,NO,STANDBY_VEL_LOW,1,1321.30,3268.70,138.53,FALSE,M1_DIRECTION_MISMATCH|OPENING_SHIELD_ACTIVE_19s
2026-09-07 18:17:19.766,1788805039.767,2972,11,39,4404.15,4404.23,8.0,PASS_<=10c,+2.0,UP,+8.0,-383.0,4.4,+1.94,0.44,SLOW,4407.98,4408.91,4404.48,4404.93,0.00,0.00,0.0,BEARISH,443.0,4404.07,4404.76,4404.07,4404.15,19,ACTIVE_19s,69.0,8.0,61.0,0.0,88.4,0.0,0.0,PASS_<20%,0.00,0.0,NO,STANDBY_VEL_LOW,1,1321.30,3268.70,138.53,FALSE,M1_DIRECTION_MISMATCH|OPENING_SHIELD_ACTIVE_19s
2026-09-07 18:17:20.268,1788805040.268,2973,12,40,4404.15,4404.23,8.0,PASS_<=10c,+0.0,FLAT,+8.0,-383.0,4.3,+1.73,0.40,SLOW,4407.98,4408.91,4404.48,4404.93,0.00,0.00,0.0,BEARISH,443.0,4404.07,4404.76,4404.07,4404.15,20,CLEARED_>=20s,69.0,8.0,61.0,0.0,88.4,0.0,0.0,PASS_<20%,0.00,0.0,NO,STANDBY_VEL_LOW,1,1321.30,3268.70,138.53,FALSE,M1_DIRECTION_MISMATCH
2026-09-07 18:17:20.769,1788805040.769,2974,13,41,4404.15,4404.23,8.0,PASS_<=10c,+0.0,FLAT,+8.0,-383.0,4.2,+12.79,3.05,SLOW,4407.98,4408.91,4404.48,4404.93,0.00,0.00,0.0,BEARISH,443.0,4404.07,4404.76,4404.07,4404.15,20,CLEARED_>=20s,69.0,8.0,61.0,0.0,88.4,0.0,0.0,PASS_<20%,0.00,0.0,NO,STANDBY_VEL_LOW,1,1321.30,3268.70,138.53,FALSE,M1_DIRECTION_MISMATCH
2026-09-07 18:17:21.272,1788805041.272,2975,14,42,4404.15,4404.23,8.0,PASS_<=10c,+0.0,FLAT,+8.0,-383.0,4.2,+2.94,0.70,SLOW,4407.98,4408.91,4404.48,4404.93,0.00,0.00,0.0,BEARISH,443.0,4404.07,4404.76,4404.07,4404.15,21,CLEARED_>=20s,69.0,8.0,61.0,0.0,88.4,0.0,0.0,PASS_<20%,0.00,0.0,NO,STANDBY_VEL_LOW,1,1321.30,3268.70,138.53,FALSE,M1_DIRECTION_MISMATCH
2026-09-07 18:17:21.776,1788805041.777,2976,15,43,4404.15,4404.23,8.0,PASS_<=10c,+0.0,FLAT,+8.0,-383.0,4.2,+2.31,0.55,SLOW,4407.98,4408.91,4404.48,4404.93,0.00,0.00,0.0,BEARISH,443.0,4404.07,4404.76,4404.07,4404.15,21,CLEARED_>=20s,69.0,8.0,61.0,0.0,88.4,0.0,0.0,PASS_<20%,0.00,0.0,NO,STANDBY_VEL_LOW,1,1321.30,3268.70,138.53,FALSE,M1_DIRECTION_MISMATCH
2026-09-07 18:17:22.277,1788805042.277,2977,16,44,4404.15,4404.23,8.0,PASS_<=10c,+0.0,FLAT,+8.0,-383.0,4.2,+0.63,0.15,SLOW,4407.98,4408.91,4404.48,4404.93,0.00,0.00,0.0,BEARISH,443.0,4404.07,4404.76,4404.07,4404.15,22,CLEARED_>=20s,69.0,8.0,61.0,0.0,88.4,0.0,0.0,PASS_<20%,0.00,0.0,NO,STANDBY_VEL_LOW,1,1321.30,3268.70,138.53,FALSE,M1_DIRECTION_MISMATCH
2026-09-07 18:17:22.786,1788805042.786,2978,17,45,4404.15,4404.23,8.0,PASS_<=10c,+0.0,FLAT,+8.0,-383.0,4.2,+0.42,0.10,SLOW,4407.98,4408.91,4404.48,4404.93,0.00,0.00,0.0,BEARISH,443.0,4404.07,4404.76,4404.07,4404.15,22,CLEARED_>=20s,69.0,8.0,61.0,0.0,88.4,0.0,0.0,PASS_<20%,0.00,0.0,NO,STANDBY_VEL_LOW,1,1321.30,3268.70,138.53,FALSE,M1_DIRECTION_MISMATCH
2026-09-07 18:17:23.280,1788805043.281,2979,18,46,4404.15,4404.23,8.0,PASS_<=10c,+0.0,FLAT,+8.0,-383.0,4.2,+0.42,0.10,SLOW,4407.98,4408.91,4404.48,4404.93,0.00,0.00,0.0,BEARISH,443.0,4404.07,4404.76,4404.07,4404.15,23,CLEARED_>=20s,69.0,8.0,61.0,0.0,88.4,0.0,0.0,PASS_<20%,0.00,0.0,NO,STANDBY_VEL_LOW,1,1321.30,3268.70,138.53,FALSE,M1_DIRECTION_MISMATCH
2026-09-07 18:17:28.857,1788805048.857,2980,19,47,4404.15,4404.23,8.0,PASS_<=10c,+0.0,FLAT,+8.0,-383.0,1.7,+0.00,0.00,SLOW,4407.98,4408.91,4404.48,4404.93,0.00,0.00,0.0,BEARISH,443.0,4404.07,4404.76,4404.07,4404.15,28,CLEARED_>=20s,69.0,8.0,61.0,0.0,88.4,0.0,0.0,PASS_<20%,0.00,0.0,NO,STANDBY_VEL_LOW,1,1321.30,3268.70,138.53,FALSE,M1_DIRECTION_MISMATCH
2026-09-07 18:17:39.116,1788805059.116,2981,20,48,4404.15,4404.23,8.0,PASS_<=10c,+0.0,FLAT,+8.0,-383.0,1.4,+0.00,0.00,SLOW,4407.98,4408.91,4404.48,4404.93,0.00,0.00,0.0,BEARISH,443.0,4404.07,4404.76,4404.07,4404.15,39,CLEARED_>=20s,69.0,8.0,61.0,0.0,88.4,0.0,0.0,PASS_<20%,0.00,0.0,NO,STANDBY_VEL_LOW,1,1321.30,3268.70,138.53,FALSE,M1_DIRECTION_MISMATCH
2026-09-07 18:17:42.151,1788805062.152,2982,21,49,4404.15,4404.23,8.0,PASS_<=10c,+0.0,FLAT,+8.0,-383.0,1.3,+0.00,0.00,SLOW,4407.98,4408.91,4404.48,4404.93,0.00,0.00,0.0,BEARISH,443.0,4404.07,4404.76,4404.07,4404.15,42,CLEARED_>=20s,69.0,8.0,61.0,0.0,88.4,0.0,0.0,PASS_<20%,0.00,0.0,NO,STANDBY_VEL_LOW,1,1321.30,3268.70,138.53,FALSE,M1_DIRECTION_MISMATCH
2026-09-07 18:17:42.676,1788805062.677,2983,22,50,4403.93,4404.01,8.0,PASS_<=10c,-22.0,DOWN,-14.0,-405.0,1.4,+6.18,4.41,SLOW,4407.98,4408.91,4404.48,4404.93,0.00,0.00,0.0,BEARISH,443.0,4404.07,4404.76,4403.93,4403.93,42,CLEARED_>=20s,83.0,14.0,69.0,0.0,83.1,0.0,0.0,PASS_<20%,4403.92,1.0,NO,STANDBY_VEL_LOW,1,1321.30,3268.70,138.53,FALSE,PRICE_ABOVE_15C_DISPLACEMENT
2026-09-07 18:17:43.194,1788805063.194,2984,23,51,4403.92,4404.00,8.0,PASS_<=10c,-1.0,DOWN,-15.0,-406.0,1.7,+5.65,3.32,SLOW,4407.98,4408.91,4404.48,4404.93,0.00,0.00,0.0,BEARISH,443.0,4404.07,4404.76,4403.92,4403.92,43,CLEARED_>=20s,84.0,15.0,69.0,0.0,82.1,0.0,0.0,PASS_<20%,4403.92,0.0,YES,STANDBY_VEL_LOW,0,0.00,4590.00,137.96,TRUE,READY_TO_FIRE
2026-09-07 18:17:43.690,1788805063.690,2985,24,52,4403.92,4404.00,8.0,PASS_<=10c,+0.0,FLAT,-15.0,-406.0,2.0,+5.03,2.52,SLOW,4407.98,4408.91,4404.48,4404.93,0.00,0.00,0.0,BEARISH,443.0,4404.07,4404.76,4403.92,4403.92,43,CLEARED_>=20s,84.0,15.0,69.0,0.0,82.1,0.0,0.0,PASS_<20%,4403.92,0.0,YES,STANDBY_VEL_LOW,0,0.00,4590.00,137.96,TRUE,READY_TO_FIRE
2026-09-07 18:17:44.195,1788805064.195,2986,25,53,4403.90,4403.98,8.0,PASS_<=10c,-2.0,DOWN,-17.0,-408.0,4.7,+11.66,2.48,SLOW,4407.98,4408.91,4404.48,4404.93,0.00,0.00,0.0,BEARISH,443.0,4404.07,4404.76,4403.90,4403.90,44,CLEARED_>=20s,86.0,17.0,69.0,0.0,80.2,0.0,0.0,PASS_<20%,4403.92,2.0,YES,STANDBY_VEL_LOW,0,0.00,4590.00,137.96,TRUE,READY_TO_FIRE
2026-09-07 18:17:44.705,1788805064.705,2987,26,54,4403.97,4404.05,8.0,PASS_<=10c,+7.0,UP,-10.0,-401.0,4.5,+6.79,1.51,SLOW,4407.98,4408.91,4404.48,4404.93,0.00,0.00,0.0,BEARISH,443.0,4404.07,4404.76,4403.90,4403.97,44,CLEARED_>=20s,86.0,10.0,69.0,7.0,80.2,8.1,8.1,PASS_<20%,4403.92,5.0,NO,STANDBY_VEL_LOW,0,0.00,4590.00,137.96,FALSE,PRICE_ABOVE_15C_DISPLACEMENT
2026-09-07 18:17:45.221,1788805065.222,2988,27,55,4403.97,4404.05,8.0,PASS_<=10c,+0.0,FLAT,-10.0,-401.0,4.4,+5.70,1.30,SLOW,4407.98,4408.91,4404.48,4404.93,0.00,0.00,0.0,BEARISH,443.0,4404.07,4404.76,4403.90,4403.97,45,CLEARED_>=20s,86.0,10.0,69.0,7.0,80.2,8.1,8.1,PASS_<20%,4403.92,5.0,NO,STANDBY_VEL_LOW,0,0.00,4590.00,137.96,FALSE,PRICE_ABOVE_15C_DISPLACEMENT
2026-09-07 18:17:45.712,1788805065.713,2989,28,56,4403.99,4404.07,8.0,PASS_<=10c,+2.0,UP,-8.0,-399.0,4.4,+4.37,0.99,SLOW,4407.98,4408.91,4404.48,4404.93,0.00,0.00,0.0,BEARISH,443.0,4404.07,4404.76,4403.90,4403.99,45,CLEARED_>=20s,86.0,8.0,69.0,9.0,80.2,10.5,10.5,PASS_<20%,4403.92,7.0,NO,STANDBY_VEL_LOW,0,0.00,4590.00,137.96,FALSE,PRICE_ABOVE_15C_DISPLACEMENT
2026-09-07 18:17:46.214,1788805066.214,2990,29,57,4403.99,4404.07,8.0,PASS_<=10c,+0.0,FLAT,-8.0,-399.0,4.3,+3.84,0.89,SLOW,4407.98,4408.91,4404.48,4404.93,0.00,0.00,0.0,BEARISH,443.0,4404.07,4404.76,4403.90,4403.99,46,CLEARED_>=20s,86.0,8.0,69.0,9.0,80.2,10.5,10.5,PASS_<20%,4403.92,7.0,NO,STANDBY_VEL_LOW,0,0.00,4590.00,137.96,FALSE,PRICE_ABOVE_15C_DISPLACEMENT
2026-09-07 18:17:46.742,1788805066.743,2991,30,58,4403.99,4404.07,8.0,PASS_<=10c,+0.0,FLAT,-8.0,-399.0,4.3,+3.43,0.80,SLOW,4407.98,4408.91,4404.48,4404.93,0.00,0.00,0.0,BEARISH,443.0,4404.07,4404.76,4403.90,4403.99,46,CLEARED_>=20s,86.0,8.0,69.0,9.0,80.2,10.5,10.5,PASS_<20%,4403.92,7.0,NO,STANDBY_VEL_LOW,0,0.00,4590.00,137.96,FALSE,PRICE_ABOVE_15C_DISPLACEMENT
2026-09-07 18:17:47.220,1788805067.220,2992,31,59,4403.99,4404.07,8.0,PASS_<=10c,+0.0,FLAT,-8.0,-399.0,4.2,+1.25,0.30,SLOW,4407.98,4408.91,4404.48,4404.93,0.00,0.00,0.0,BEARISH,443.0,4404.07,4404.76,4403.90,4403.99,47,CLEARED_>=20s,86.0,8.0,69.0,9.0,80.2,10.5,10.5,PASS_<20%,4403.92,7.0,NO,STANDBY_VEL_LOW,0,0.00,4590.00,137.96,FALSE,PRICE_ABOVE_15C_DISPLACEMENT
2026-09-07 18:17:47.722,1788805067.722,2993,32,60,4403.99,4404.07,8.0,PASS_<=10c,+0.0,FLAT,-8.0,-399.0,4.2,+1.25,0.30,SLOW,4407.98,4408.91,4404.48,4404.93,0.00,0.00,0.0,BEARISH,443.0,4404.07,4404.76,4403.90,4403.99,47,CLEARED_>=20s,86.0,8.0,69.0,9.0,80.2,10.5,10.5,PASS_<20%,4403.92,7.0,NO,STANDBY_VEL_LOW,0,0.00,4590.00,137.96,FALSE,PRICE_ABOVE_15C_DISPLACEMENT
2026-09-07 18:17:48.271,1788805068.271,2994,33,61,4403.99,4404.07,8.0,PASS_<=10c,+0.0,FLAT,-8.0,-399.0,4.1,+1.45,0.35,SLOW,4407.98,4408.91,4404.48,4404.93,0.00,0.00,0.0,BEARISH,443.0,4404.07,4404.76,4403.90,4403.99,48,CLEARED_>=20s,86.0,8.0,69.0,9.0,80.2,10.5,10.5,PASS_<20%,4403.92,7.0,NO,STANDBY_VEL_LOW,0,0.00,4590.00,137.96,FALSE,PRICE_ABOVE_15C_DISPLACEMENT
2026-09-07 18:17:48.850,1788805068.851,2995,34,62,4403.99,4404.07,8.0,PASS_<=10c,+0.0,FLAT,-8.0,-399.0,4.1,+1.43,0.35,SLOW,4407.98,4408.91,4404.48,4404.93,0.00,0.00,0.0,BEARISH,443.0,4404.07,4404.76,4403.90,4403.99,48,CLEARED_>=20s,86.0,8.0,69.0,9.0,80.2,10.5,10.5,PASS_<20%,4403.92,7.0,NO,STANDBY_VEL_LOW,0,0.00,4590.00,137.96,FALSE,PRICE_ABOVE_15C_DISPLACEMENT
2026-09-07 18:17:49.352,1788805069.352,2996,35,63,4403.99,4404.07,8.0,PASS_<=10c,+0.0,FLAT,-8.0,-399.0,4.1,+1.84,0.45,SLOW,4407.98,4408.91,4404.48,4404.93,0.00,0.00,0.0,BEARISH,443.0,4404.07,4404.76,4403.90,4403.99,49,CLEARED_>=20s,86.0,8.0,69.0,9.0,80.2,10.5,10.5,PASS_<20%,4403.92,7.0,NO,STANDBY_VEL_LOW,0,0.00,4590.00,137.96,FALSE,PRICE_ABOVE_15C_DISPLACEMENT
2026-09-07 18:17:49.854,1788805069.854,2997,36,64,4403.99,4404.07,8.0,PASS_<=10c,+0.0,FLAT,-8.0,-399.0,4.1,+0.41,0.10,SLOW,4407.98,4408.91,4404.48,4404.93,0.00,0.00,0.0,BEARISH,443.0,4404.07,4404.76,4403.90,4403.99,49,CLEARED_>=20s,86.0,8.0,69.0,9.0,80.2,10.5,10.5,PASS_<20%,4403.92,7.0,NO,STANDBY_VEL_LOW,0,0.00,4590.00,137.96,FALSE,PRICE_ABOVE_15C_DISPLACEMENT
2026-09-07 18:17:55.433,1788805075.434,2998,37,65,4403.99,4404.07,8.0,PASS_<=10c,+0.0,FLAT,-8.0,-399.0,1.5,+0.00,0.00,SLOW,4407.98,4408.91,4404.48,4404.93,0.00,0.00,0.0,BEARISH,443.0,4404.07,4404.76,4403.90,4403.99,55,CLEARED_>=20s,86.0,8.0,69.0,9.0,80.2,10.5,10.5,PASS_<20%,4403.92,7.0,NO,STANDBY_VEL_LOW,0,0.00,4590.00,137.96,FALSE,PRICE_ABOVE_15C_DISPLACEMENT
2026-09-07 18:18:05.844,1788805085.844,2999,1,66,4403.99,4404.07,8.0,PASS_<=10c,+0.0,FLAT,+0.0,-399.0,1.3,+0.00,0.00,SLOW,4407.98,4408.91,4404.48,4404.93,0.00,0.00,0.0,BEARISH,443.0,4403.99,4403.99,4403.99,4403.99,5,ACTIVE_5s,1.0,0.0,0.0,0.0,0.0,0.0,0.0,PASS_<20%,0.00,0.0,NO,STANDBY_VEL_LOW,0,0.00,4590.00,137.96,FALSE,M1_DIRECTION_MISMATCH|OPENING_SHIELD_ACTIVE_5s
2026-09-07 18:18:10.369,1788805090.370,3000,2,67,4403.99,4404.07,8.0,PASS_<=10c,+0.0,FLAT,+0.0,-399.0,1.3,+0.00,0.00,SLOW,4407.98,4408.91,4404.48,4404.93,0.00,0.00,0.0,BEARISH,443.0,4403.99,4403.99,4403.99,4403.99,10,ACTIVE_10s,1.0,0.0,0.0,0.0,0.0,0.0,0.0,PASS_<20%,0.00,0.0,NO,STANDBY_VEL_LOW,0,0.00,4590.00,137.96,FALSE,M1_DIRECTION_MISMATCH|OPENING_SHIELD_ACTIVE_10s
2026-09-07 18:18:10.865,1788805090.866,3001,3,68,4403.99,4404.07,8.0,PASS_<=10c,+0.0,FLAT,+0.0,-399.0,4.0,+0.00,0.00,SLOW,4407.98,4408.91,4404.48,4404.93,0.00,0.00,0.0,BEARISH,443.0,4403.99,4403.99,4403.99,4403.99,10,ACTIVE_10s,1.0,0.0,0.0,0.0,0.0,0.0,0.0,PASS_<20%,0.00,0.0,NO,STANDBY_VEL_LOW,0,0.00,4590.00,137.96,FALSE,M1_DIRECTION_MISMATCH|OPENING_SHIELD_ACTIVE_10s
2026-09-07 18:18:11.367,1788805091.367,3002,4,69,4405.12,4405.20,8.0,PASS_<=10c,+113.0,UP,+113.0,-286.0,5.4,+102.24,18.93,SLOW,4407.98,4408.91,4404.48,4404.93,0.00,0.00,0.0,BEARISH,443.0,4403.99,4405.12,4403.99,4405.12,11,ACTIVE_11s,113.0,113.0,0.0,0.0,0.0,0.0,0.0,PASS_<20%,0.00,0.0,NO,STANDBY_VEL_LOW,0,0.00,4590.00,137.96,FALSE,M1_DIRECTION_MISMATCH|OPENING_SHIELD_ACTIVE_11s
2026-09-07 18:18:11.870,1788805091.870,3003,5,70,4405.12,4405.20,8.0,PASS_<=10c,+0.0,FLAT,+113.0,-286.0,5.0,+70.33,14.07,SLOW,4407.98,4408.91,4404.48,4404.93,0.00,0.00,0.0,BEARISH,443.0,4403.99,4405.12,4403.99,4405.12,11,ACTIVE_11s,113.0,113.0,0.0,0.0,0.0,0.0,0.0,PASS_<20%,0.00,0.0,NO,STANDBY_VEL_LOW,0,0.00,4590.00,137.96,FALSE,M1_DIRECTION_MISMATCH|OPENING_SHIELD_ACTIVE_11s
2026-09-07 18:18:12.394,1788805092.395,3004,6,71,4404.75,4404.83,8.0,PASS_<=10c,-37.0,DOWN,+76.0,-323.0,4.7,+35.65,7.59,SLOW,4407.98,4408.91,4404.48,4404.93,0.00,0.00,0.0,BEARISH,443.0,4403.99,4405.12,4403.99,4404.75,12,ACTIVE_12s,113.0,76.0,37.0,0.0,32.7,0.0,0.0,PASS_<20%,0.00,0.0,NO,STANDBY_VEL_LOW,0,0.00,4590.00,137.96,FALSE,M1_DIRECTION_MISMATCH|OPENING_SHIELD_ACTIVE_12s
2026-09-07 18:18:12.901,1788805092.902,3005,7,72,4404.70,4404.78,8.0,PASS_<=10c,-5.0,DOWN,+71.0,-328.0,4.6,+26.95,5.86,SLOW,4407.98,4408.91,4404.48,4404.93,0.00,0.00,0.0,BEARISH,443.0,4403.99,4405.12,4403.99,4404.70,12,ACTIVE_12s,113.0,71.0,42.0,0.0,37.2,0.0,0.0,PASS_<20%,0.00,0.0,NO,STANDBY_VEL_LOW,0,0.00,4590.00,137.96,FALSE,M1_DIRECTION_MISMATCH|OPENING_SHIELD_ACTIVE_12s
2026-09-07 18:18:13.403,1788805093.404,3006,8,73,4404.71,4404.79,8.0,PASS_<=10c,+1.0,UP,+72.0,-327.0,4.5,+22.91,5.09,SLOW,4407.98,4408.91,4404.48,4404.93,0.00,0.00,0.0,BEARISH,443.0,4403.99,4405.12,4403.99,4404.71,13,ACTIVE_13s,113.0,72.0,41.0,0.0,36.3,0.0,0.0,PASS_<20%,0.00,0.0,NO,STANDBY_VEL_LOW,0,0.00,4590.00,137.96,FALSE,M1_DIRECTION_MISMATCH|OPENING_SHIELD_ACTIVE_13s
2026-09-07 18:18:13.944,1788805093.944,3007,9,74,4404.75,4404.83,8.0,PASS_<=10c,+4.0,UP,+76.0,-323.0,4.3,+20.64,4.80,SLOW,4407.98,4408.91,4404.48,4404.93,0.00,0.00,0.0,BEARISH,443.0,4403.99,4405.12,4403.99,4404.75,13,ACTIVE_13s,113.0,76.0,37.0,0.0,32.7,0.0,0.0,PASS_<20%,0.00,0.0,NO,STANDBY_VEL_LOW,0,0.00,4590.00,137.96,FALSE,M1_DIRECTION_MISMATCH|OPENING_SHIELD_ACTIVE_13s
2026-09-07 18:18:14.457,1788805094.458,3008,10,75,4404.75,4404.83,8.0,PASS_<=10c,+0.0,FLAT,+76.0,-323.0,4.3,+18.11,4.21,SLOW,4407.98,4408.91,4404.48,4404.93,0.00,0.00,0.0,BEARISH,443.0,4403.99,4405.12,4403.99,4404.75,14,ACTIVE_14s,113.0,76.0,37.0,0.0,32.7,0.0,0.0,PASS_<20%,0.00,0.0,NO,STANDBY_VEL_LOW,0,0.00,4590.00,137.96,FALSE,M1_DIRECTION_MISMATCH|OPENING_SHIELD_ACTIVE_14s
2026-09-07 18:18:14.979,1788805094.980,3009,11,76,4404.75,4404.83,8.0,PASS_<=10c,+0.0,FLAT,+76.0,-323.0,4.2,+16.13,3.84,SLOW,4407.98,4408.91,4404.48,4404.93,0.00,0.00,0.0,BEARISH,443.0,4403.99,4405.12,4403.99,4404.75,14,ACTIVE_14s,113.0,76.0,37.0,0.0,32.7,0.0,0.0,PASS_<20%,0.00,0.0,NO,STANDBY_VEL_LOW,0,0.00,4590.00,137.96,FALSE,M1_DIRECTION_MISMATCH|OPENING_SHIELD_ACTIVE_14s
2026-09-07 18:18:15.486,1788805095.487,3010,12,77,4404.75,4404.83,8.0,PASS_<=10c,+0.0,FLAT,+76.0,-323.0,4.1,+15.60,3.80,SLOW,4407.98,4408.91,4404.48,4404.93,0.00,0.00,0.0,BEARISH,443.0,4403.99,4405.12,4403.99,4404.75,15,ACTIVE_15s,113.0,76.0,37.0,0.0,32.7,0.0,0.0,PASS_<20%,0.00,0.0,NO,STANDBY_VEL_LOW,0,0.00,4590.00,137.96,FALSE,M1_DIRECTION_MISMATCH|OPENING_SHIELD_ACTIVE_15s
2026-09-07 18:18:15.988,1788805095.988,3011,13,78,4404.75,4404.83,8.0,PASS_<=10c,+0.0,FLAT,+76.0,-323.0,4.1,+15.60,3.80,SLOW,4407.98,4408.91,4404.48,4404.93,0.00,0.00,0.0,BEARISH,443.0,4403.99,4405.12,4403.99,4404.75,15,ACTIVE_15s,113.0,76.0,37.0,0.0,32.7,0.0,0.0,PASS_<20%,0.00,0.0,NO,STANDBY_VEL_LOW,0,0.00,4590.00,137.96,FALSE,M1_DIRECTION_MISMATCH|OPENING_SHIELD_ACTIVE_15s
2026-09-07 18:18:16.549,1788805096.549,3012,14,79,4404.75,4404.83,8.0,PASS_<=10c,+0.0,FLAT,+76.0,-323.0,4.1,+7.50,1.83,SLOW,4407.98,4408.91,4404.48,4404.93,0.00,0.00,0.0,BEARISH,443.0,4403.99,4405.12,4403.99,4404.75,16,ACTIVE_16s,113.0,76.0,37.0,0.0,32.7,0.0,0.0,PASS_<20%,0.00,0.0,NO,STANDBY_VEL_LOW,0,0.00,4590.00,137.96,FALSE,M1_DIRECTION_MISMATCH|OPENING_SHIELD_ACTIVE_16s
2026-09-07 18:18:17.048,1788805097.048,3013,15,80,4404.75,4404.83,8.0,PASS_<=10c,+0.0,FLAT,+76.0,-323.0,4.1,+7.51,1.83,SLOW,4407.98,4408.91,4404.48,4404.93,0.00,0.00,0.0,BEARISH,443.0,4403.99,4405.12,4403.99,4404.75,17,ACTIVE_17s,113.0,76.0,37.0,0.0,32.7,0.0,0.0,PASS_<20%,0.00,0.0,NO,STANDBY_VEL_LOW,0,0.00,4590.00,137.96,FALSE,M1_DIRECTION_MISMATCH|OPENING_SHIELD_ACTIVE_17s
2026-09-07 18:18:17.550,1788805097.551,3014,16,81,4404.75,4404.83,8.0,PASS_<=10c,+0.0,FLAT,+76.0,-323.0,4.1,+1.04,0.25,SLOW,4407.98,4408.91,4404.48,4404.93,0.00,0.00,0.0,BEARISH,443.0,4403.99,4405.12,4403.99,4404.75,17,ACTIVE_17s,113.0,76.0,37.0,0.0,32.7,0.0,0.0,PASS_<20%,0.00,0.0,NO,STANDBY_VEL_LOW,0,0.00,4590.00,137.96,FALSE,M1_DIRECTION_MISMATCH|OPENING_SHIELD_ACTIVE_17s
2026-09-07 18:18:18.055,1788805098.056,3015,17,82,4404.75,4404.83,8.0,PASS_<=10c,+0.0,FLAT,+76.0,-323.0,4.1,+1.04,0.25,SLOW,4407.98,4408.91,4404.48,4404.93,0.00,0.00,0.0,BEARISH,443.0,4403.99,4405.12,4403.99,4404.75,18,ACTIVE_18s,113.0,76.0,37.0,0.0,32.7,0.0,0.0,PASS_<20%,0.00,0.0,NO,STANDBY_VEL_LOW,0,0.00,4590.00,137.96,FALSE,M1_DIRECTION_MISMATCH|OPENING_SHIELD_ACTIVE_18s
2026-09-07 18:18:18.554,1788805098.554,3016,18,83,4404.75,4404.83,8.0,PASS_<=10c,+0.0,FLAT,+76.0,-323.0,4.1,+1.04,0.25,SLOW,4407.98,4408.91,4404.48,4404.93,0.00,0.00,0.0,BEARISH,443.0,4403.99,4405.12,4403.99,4404.75,18,ACTIVE_18s,113.0,76.0,37.0,0.0,32.7,0.0,0.0,PASS_<20%,0.00,0.0,NO,STANDBY_VEL_LOW,0,0.00,4590.00,137.96,FALSE,M1_DIRECTION_MISMATCH|OPENING_SHIELD_ACTIVE_18s
2026-09-07 18:18:19.055,1788805099.056,3017,19,84,4404.75,4404.83,8.0,PASS_<=10c,+0.0,FLAT,+76.0,-323.0,4.1,+1.04,0.25,SLOW,4407.98,4408.91,4404.48,4404.93,0.00,0.00,0.0,BEARISH,443.0,4403.99,4405.12,4403.99,4404.75,19,ACTIVE_19s,113.0,76.0,37.0,0.0,32.7,0.0,0.0,PASS_<20%,0.00,0.0,NO,STANDBY_VEL_LOW,0,0.00,4590.00,137.96,FALSE,M1_DIRECTION_MISMATCH|OPENING_SHIELD_ACTIVE_19s
2026-09-07 18:18:24.571,1788805104.571,3018,20,85,4404.75,4404.83,8.0,PASS_<=10c,+0.0,FLAT,+76.0,-323.0,1.4,+1.08,0.77,SLOW,4407.98,4408.91,4404.48,4404.93,0.00,0.00,0.0,BEARISH,443.0,4403.99,4405.12,4403.99,4404.75,24,CLEARED_>=20s,113.0,76.0,37.0,0.0,32.7,0.0,0.0,PASS_<20%,0.00,0.0,NO,STANDBY_VEL_LOW,0,0.00,4590.00,137.96,FALSE,M1_DIRECTION_MISMATCH
2026-09-07 18:18:34.807,1788805114.808,3019,21,86,4404.75,4404.83,8.0,PASS_<=10c,+0.0,FLAT,+76.0,-323.0,1.4,+1.08,0.77,SLOW,4407.98,4408.91,4404.48,4404.93,0.00,0.00,0.0,BEARISH,443.0,4403.99,4405.12,4403.99,4404.75,34,CLEARED_>=20s,113.0,76.0,37.0,0.0,32.7,0.0,0.0,PASS_<20%,0.00,0.0,NO,STANDBY_VEL_LOW,0,0.00,4590.00,137.96,FALSE,M1_DIRECTION_MISMATCH
2026-09-07 18:18:36.418,1788805116.419,3020,22,87,4404.75,4404.83,8.0,PASS_<=10c,+0.0,FLAT,+76.0,-323.0,1.9,+1.05,0.55,SLOW,4407.98,4408.91,4404.48,4404.93,0.00,0.00,0.0,BEARISH,443.0,4403.99,4405.12,4403.99,4404.75,36,CLEARED_>=20s,113.0,76.0,37.0,0.0,32.7,0.0,0.0,PASS_<20%,0.00,0.0,NO,STANDBY_VEL_LOW,0,0.00,4590.00,137.96,FALSE,M1_DIRECTION_MISMATCH
2026-09-07 18:18:36.919,1788805116.919,3021,23,88,4404.45,4404.53,8.0,PASS_<=10c,-30.0,DOWN,+46.0,-353.0,2.4,+14.21,5.92,SLOW,4407.98,4408.91,4404.48,4404.93,0.00,0.00,0.0,BEARISH,443.0,4403.99,4405.12,4403.99,4404.45,36,CLEARED_>=20s,113.0,46.0,67.0,0.0,59.3,0.0,0.0,PASS_<20%,0.00,0.0,NO,STANDBY_VEL_LOW,0,0.00,4590.00,137.96,FALSE,M1_DIRECTION_MISMATCH
2026-09-07 18:18:37.421,1788805117.421,3022,24,89,4404.45,4404.53,8.0,PASS_<=10c,+0.0,FLAT,+46.0,-353.0,2.7,+11.48,4.25,SLOW,4407.98,4408.91,4404.48,4404.93,0.00,0.00,0.0,BEARISH,443.0,4403.99,4405.12,4403.99,4404.45,37,CLEARED_>=20s,113.0,46.0,67.0,0.0,59.3,0.0,0.0,PASS_<20%,0.00,0.0,NO,STANDBY_VEL_LOW,0,0.00,4590.00,137.96,FALSE,M1_DIRECTION_MISMATCH
2026-09-07 18:18:37.924,1788805117.924,3023,25,90,4404.46,4404.54,8.0,PASS_<=10c,+1.0,UP,+47.0,-352.0,2.9,+9.31,3.21,SLOW,4407.98,4408.91,4404.48,4404.93,0.00,0.00,0.0,BEARISH,443.0,4403.99,4405.12,4403.99,4404.46,37,CLEARED_>=20s,113.0,47.0,66.0,0.0,58.4,0.0,0.0,PASS_<20%,0.00,0.0,NO,STANDBY_VEL_LOW,0,0.00,4590.00,137.96,FALSE,M1_DIRECTION_MISMATCH
2026-09-07 18:18:38.425,1788805118.426,3024,26,91,4404.46,4404.54,8.0,PASS_<=10c,+0.0,FLAT,+47.0,-352.0,3.0,+8.02,2.67,SLOW,4407.98,4408.91,4404.48,4404.93,0.00,0.00,0.0,BEARISH,443.0,4403.99,4405.12,4403.99,4404.46,38,CLEARED_>=20s,113.0,47.0,66.0,0.0,58.4,0.0,0.0,PASS_<20%,0.00,0.0,NO,STANDBY_VEL_LOW,0,0.00,4590.00,137.96,FALSE,M1_DIRECTION_MISMATCH
2026-09-07 18:18:38.927,1788805118.927,3025,27,92,4404.46,4404.54,8.0,PASS_<=10c,+0.0,FLAT,+47.0,-352.0,3.2,+7.04,2.20,SLOW,4407.98,4408.91,4404.48,4404.93,0.00,0.00,0.0,BEARISH,443.0,4403.99,4405.12,4403.99,4404.46,38,CLEARED_>=20s,113.0,47.0,66.0,0.0,58.4,0.0,0.0,PASS_<20%,0.00,0.0,NO,STANDBY_VEL_LOW,0,0.00,4590.00,137.96,FALSE,M1_DIRECTION_MISMATCH
2026-09-07 18:18:39.428,1788805119.429,3026,28,93,4404.56,4404.64,8.0,PASS_<=10c,+10.0,UP,+57.0,-342.0,3.2,+4.11,1.28,SLOW,4407.98,4408.91,4404.48,4404.93,0.00,0.00,0.0,BEARISH,443.0,4403.99,4405.12,4403.99,4404.56,39,CLEARED_>=20s,113.0,57.0,56.0,0.0,49.6,0.0,0.0,PASS_<20%,0.00,0.0,NO,STANDBY_VEL_LOW,0,0.00,4590.00,137.96,FALSE,M1_DIRECTION_MISMATCH
2026-09-07 18:18:39.931,1788805119.931,3027,29,94,4404.76,4404.84,8.0,PASS_<=10c,+20.0,UP,+77.0,-322.0,4.4,+1.05,0.24,SLOW,4407.98,4408.91,4404.48,4404.93,0.00,0.00,0.0,BEARISH,443.0,4403.99,4405.12,4403.99,4404.76,39,CLEARED_>=20s,113.0,77.0,36.0,0.0,31.9,0.0,0.0,PASS_<20%,0.00,0.0,NO,STANDBY_VEL_LOW,0,0.00,4590.00,137.96,FALSE,M1_DIRECTION_MISMATCH
2026-09-07 18:18:40.434,1788805120.434,3028,30,95,4404.71,4404.79,8.0,PASS_<=10c,-5.0,DOWN,+72.0,-327.0,4.4,+0.97,0.22,SLOW,4407.98,4408.91,4404.48,4404.93,0.00,0.00,0.0,BEARISH,443.0,4403.99,4405.12,4403.99,4404.71,40,CLEARED_>=20s,113.0,72.0,41.0,0.0,36.3,0.0,0.0,PASS_<20%,0.00,0.0,NO,STANDBY_VEL_LOW,0,0.00,4590.00,137.96,FALSE,M1_DIRECTION_MISMATCH
2026-09-07 18:18:40.935,1788805120.936,3029,31,96,4404.71,4404.79,8.0,PASS_<=10c,+0.0,FLAT,+72.0,-327.0,4.3,+0.95,0.22,SLOW,4407.98,4408.91,4404.48,4404.93,0.00,0.00,0.0,BEARISH,443.0,4403.99,4405.12,4403.99,4404.71,40,CLEARED_>=20s,113.0,72.0,41.0,0.0,36.3,0.0,0.0,PASS_<20%,0.00,0.0,NO,STANDBY_VEL_LOW,0,0.00,4590.00,137.96,FALSE,M1_DIRECTION_MISMATCH
2026-09-07 18:18:41.437,1788805121.437,3030,32,97,4404.71,4404.79,8.0,PASS_<=10c,+0.0,FLAT,+72.0,-327.0,4.2,+5.45,1.30,SLOW,4407.98,4408.91,4404.48,4404.93,0.00,0.00,0.0,BEARISH,443.0,4403.99,4405.12,4403.99,4404.71,41,CLEARED_>=20s,113.0,72.0,41.0,0.0,36.3,0.0,0.0,PASS_<20%,0.00,0.0,NO,STANDBY_VEL_LOW,0,0.00,4590.00,137.96,FALSE,M1_DIRECTION_MISMATCH
2026-09-07 18:18:41.967,1788805121.968,3031,33,98,4404.71,4404.79,8.0,PASS_<=10c,+0.0,FLAT,+72.0,-327.0,4.2,+5.45,1.30,SLOW,4407.98,4408.91,4404.48,4404.93,0.00,0.00,0.0,BEARISH,443.0,4403.99,4405.12,4403.99,4404.71,41,CLEARED_>=20s,113.0,72.0,41.0,0.0,36.3,0.0,0.0,PASS_<20%,0.00,0.0,NO,STANDBY_VEL_LOW,0,0.00,4590.00,137.96,FALSE,M1_DIRECTION_MISMATCH
2026-09-07 18:18:42.445,1788805122.446,3032,34,99,4404.71,4404.79,8.0,PASS_<=10c,+0.0,FLAT,+72.0,-327.0,4.2,+5.45,1.30,SLOW,4407.98,4408.91,4404.48,4404.93,0.00,0.00,0.0,BEARISH,443.0,4403.99,4405.12,4403.99,4404.71,42,CLEARED_>=20s,113.0,72.0,41.0,0.0,36.3,0.0,0.0,PASS_<20%,0.00,0.0,NO,STANDBY_VEL_LOW,0,0.00,4590.00,137.96,FALSE,M1_DIRECTION_MISMATCH
2026-09-07 18:18:42.947,1788805122.948,3033,35,100,4404.71,4404.79,8.0,PASS_<=10c,+0.0,FLAT,+72.0,-327.0,4.2,+5.24,1.25,SLOW,4407.98,4408.91,4404.48,4404.93,0.00,0.00,0.0,BEARISH,443.0,4403.99,4405.12,4403.99,4404.71,42,CLEARED_>=20s,113.0,72.0,41.0,0.0,36.3,0.0,0.0,PASS_<20%,0.00,0.0,NO,STANDBY_VEL_LOW,0,0.00,4590.00,137.96,FALSE,M1_DIRECTION_MISMATCH
2026-09-07 18:18:43.449,1788805123.450,3034,36,101,4404.71,4404.79,8.0,PASS_<=10c,+0.0,FLAT,+72.0,-327.0,4.2,+5.24,1.25,SLOW,4407.98,4408.91,4404.48,4404.93,0.00,0.00,0.0,BEARISH,443.0,4403.99,4405.12,4403.99,4404.71,43,CLEARED_>=20s,113.0,72.0,41.0,0.0,36.3,0.0,0.0,PASS_<20%,0.00,0.0,NO,STANDBY_VEL_LOW,0,0.00,4590.00,137.96,FALSE,M1_DIRECTION_MISMATCH
2026-09-07 18:18:43.950,1788805123.951,3035,37,102,4404.71,4404.79,8.0,PASS_<=10c,+0.0,FLAT,+72.0,-327.0,4.2,+5.24,1.25,SLOW,4407.98,4408.91,4404.48,4404.93,0.00,0.00,0.0,BEARISH,443.0,4403.99,4405.12,4403.99,4404.71,43,CLEARED_>=20s,113.0,72.0,41.0,0.0,36.3,0.0,0.0,PASS_<20%,0.00,0.0,NO,STANDBY_VEL_LOW,0,0.00,4590.00,137.96,FALSE,M1_DIRECTION_MISMATCH
2026-09-07 18:18:49.471,1788805129.471,3036,38,103,4404.71,4404.79,8.0,PASS_<=10c,+0.0,FLAT,+72.0,-327.0,1.3,+1.20,0.92,SLOW,4407.98,4408.91,4404.48,4404.93,0.00,0.00,0.0,BEARISH,443.0,4403.99,4405.12,4403.99,4404.71,49,CLEARED_>=20s,113.0,72.0,41.0,0.0,36.3,0.0,0.0,PASS_<20%,0.00,0.0,NO,STANDBY_VEL_LOW,0,0.00,4590.00,137.96,FALSE,M1_DIRECTION_MISMATCH
2026-09-07 18:18:59.699,1788805139.699,3037,39,104,4404.71,4404.79,8.0,PASS_<=10c,+0.0,FLAT,+72.0,-327.0,1.3,+1.22,0.94,SLOW,4407.98,4408.91,4404.48,4404.93,0.00,0.00,0.0,BEARISH,443.0,4403.99,4405.12,4403.99,4404.71,59,CLEARED_>=20s,113.0,72.0,41.0,0.0,36.3,0.0,0.0,PASS_<20%,0.00,0.0,NO,STANDBY_VEL_LOW,0,0.00,4590.00,137.96,FALSE,M1_DIRECTION_MISMATCH
2026-09-07 18:19:00.053,1788805140.054,3038,1,105,4404.59,4404.67,8.0,PASS_<=10c,-12.0,DOWN,+0.0,-339.0,3.0,+12.00,4.00,SLOW,4407.98,4408.91,4404.48,4404.93,0.00,0.00,0.0,BEARISH,443.0,4404.59,4404.59,4404.59,4404.59,0,ACTIVE_0s,1.0,0.0,0.0,0.0,0.0,0.0,0.0,PASS_<20%,0.00,0.0,NO,STANDBY_VEL_LOW,0,0.00,4590.00,137.96,FALSE,M1_DIRECTION_MISMATCH|OPENING_SHIELD_ACTIVE_0s
2026-09-07 18:19:00.555,1788805140.556,3039,2,106,4404.59,4404.67,8.0,PASS_<=10c,+0.0,FLAT,+0.0,-339.0,5.0,+12.00,2.40,SLOW,4407.98,4408.91,4404.48,4404.93,0.00,0.00,0.0,BEARISH,443.0,4404.59,4404.59,4404.59,4404.59,0,ACTIVE_0s,1.0,0.0,0.0,0.0,0.0,0.0,0.0,PASS_<20%,0.00,0.0,NO,STANDBY_VEL_LOW,0,0.00,4590.00,137.96,FALSE,M1_DIRECTION_MISMATCH|OPENING_SHIELD_ACTIVE_0s
2026-09-07 18:19:01.058,1788805141.058,3040,3,107,4404.59,4404.67,8.0,PASS_<=10c,+0.0,FLAT,+0.0,-339.0,5.2,+8.83,1.70,SLOW,4407.98,4408.91,4404.48,4404.93,0.00,0.00,0.0,BEARISH,443.0,4404.59,4404.59,4404.59,4404.59,1,ACTIVE_1s,1.0,0.0,0.0,0.0,0.0,0.0,0.0,PASS_<20%,0.00,0.0,NO,STANDBY_VEL_LOW,0,0.00,4590.00,137.96,FALSE,M1_DIRECTION_MISMATCH|OPENING_SHIELD_ACTIVE_1s
2026-09-07 18:19:01.561,1788805141.561,3041,4,108,4404.60,4404.68,8.0,PASS_<=10c,+1.0,UP,+1.0,-338.0,4.8,+5.91,1.23,SLOW,4407.98,4408.91,4404.48,4404.93,0.00,0.00,0.0,BEARISH,443.0,4404.59,4404.60,4404.59,4404.60,1,ACTIVE_1s,1.0,1.0,0.0,0.0,0.0,0.0,0.0,PASS_<20%,0.00,0.0,NO,STANDBY_VEL_LOW,0,0.00,4590.00,137.96,FALSE,M1_DIRECTION_MISMATCH|OPENING_SHIELD_ACTIVE_1s
2026-09-07 18:19:02.061,1788805142.062,3042,5,109,4404.60,4404.68,8.0,PASS_<=10c,+0.0,FLAT,+1.0,-338.0,4.7,+4.66,0.99,SLOW,4407.98,4408.91,4404.48,4404.93,0.00,0.00,0.0,BEARISH,443.0,4404.59,4404.60,4404.59,4404.60,2,ACTIVE_2s,1.0,1.0,0.0,0.0,0.0,0.0,0.0,PASS_<20%,0.00,0.0,NO,STANDBY_VEL_LOW,0,0.00,4590.00,137.96,FALSE,M1_DIRECTION_MISMATCH|OPENING_SHIELD_ACTIVE_2s
2026-09-07 18:19:02.563,1788805142.563,3043,6,110,4404.60,4404.68,8.0,PASS_<=10c,+0.0,FLAT,+1.0,-338.0,4.5,+3.84,0.85,SLOW,4407.98,4408.91,4404.48,4404.93,0.00,0.00,0.0,BEARISH,443.0,4404.59,4404.60,4404.59,4404.60,2,ACTIVE_2s,1.0,1.0,0.0,0.0,0.0,0.0,0.0,PASS_<20%,0.00,0.0,NO,STANDBY_VEL_LOW,0,0.00,4590.00,137.96,FALSE,M1_DIRECTION_MISMATCH|OPENING_SHIELD_ACTIVE_2s
2026-09-07 18:19:03.065,1788805143.066,3044,7,111,4404.64,4404.72,8.0,PASS_<=10c,+4.0,UP,+5.0,-334.0,4.5,+2.08,0.46,SLOW,4407.98,4408.91,4404.48,4404.93,0.00,0.00,0.0,BEARISH,443.0,4404.59,4404.64,4404.59,4404.64,3,ACTIVE_3s,5.0,5.0,0.0,0.0,0.0,0.0,0.0,PASS_<20%,0.00,0.0,NO,STANDBY_VEL_LOW,0,0.00,4590.00,137.96,FALSE,M1_DIRECTION_MISMATCH|OPENING_SHIELD_ACTIVE_3s
2026-09-07 18:19:03.568,1788805143.569,3045,8,112,4404.64,4404.72,8.0,PASS_<=10c,+0.0,FLAT,+5.0,-334.0,4.4,+1.81,0.41,SLOW,4407.98,4408.91,4404.48,4404.93,0.00,0.00,0.0,BEARISH,443.0,4404.59,4404.64,4404.59,4404.64,3,ACTIVE_3s,5.0,5.0,0.0,0.0,0.0,0.0,0.0,PASS_<20%,0.00,0.0,NO,STANDBY_VEL_LOW,0,0.00,4590.00,137.96,FALSE,M1_DIRECTION_MISMATCH|OPENING_SHIELD_ACTIVE_3s
2026-09-07 18:19:04.068,1788805144.069,3046,9,113,4404.60,4404.68,8.0,PASS_<=10c,-4.0,DOWN,+1.0,-338.0,4.3,+2.52,0.59,SLOW,4407.98,4408.91,4404.48,4404.93,0.00,0.00,0.0,BEARISH,443.0,4404.59,4404.64,4404.59,4404.60,4,ACTIVE_4s,5.0,1.0,4.0,0.0,80.0,0.0,0.0,PASS_<20%,0.00,0.0,NO,STANDBY_VEL_LOW,0,0.00,4590.00,137.96,FALSE,M1_DIRECTION_MISMATCH|OPENING_SHIELD_ACTIVE_4s
2026-09-07 18:19:04.569,1788805144.570,3047,10,114,4404.60,4404.68,8.0,PASS_<=10c,+0.0,FLAT,+1.0,-338.0,4.3,+2.26,0.53,SLOW,4407.98,4408.91,4404.48,4404.93,0.00,0.00,0.0,BEARISH,443.0,4404.59,4404.64,4404.59,4404.60,4,ACTIVE_4s,5.0,1.0,4.0,0.0,80.0,0.0,0.0,PASS_<20%,0.00,0.0,NO,STANDBY_VEL_LOW,0,0.00,4590.00,137.96,FALSE,M1_DIRECTION_MISMATCH|OPENING_SHIELD_ACTIVE_4s
2026-09-07 18:19:05.071,1788805145.072,3048,11,115,4404.60,4404.68,8.0,PASS_<=10c,+0.0,FLAT,+1.0,-338.0,4.2,+1.03,0.25,SLOW,4407.98,4408.91,4404.48,4404.93,0.00,0.00,0.0,BEARISH,443.0,4404.59,4404.64,4404.59,4404.60,5,ACTIVE_5s,5.0,1.0,4.0,0.0,80.0,0.0,0.0,PASS_<20%,0.00,0.0,NO,STANDBY_VEL_LOW,0,0.00,4590.00,137.96,FALSE,M1_DIRECTION_MISMATCH|OPENING_SHIELD_ACTIVE_5s
2026-09-07 18:19:05.582,1788805145.582,3049,12,116,4404.60,4404.68,8.0,PASS_<=10c,+0.0,FLAT,+1.0,-338.0,4.2,+1.02,0.24,SLOW,4407.98,4408.91,4404.48,4404.93,0.00,0.00,0.0,BEARISH,443.0,4404.59,4404.64,4404.59,4404.60,5,ACTIVE_5s,5.0,1.0,4.0,0.0,80.0,0.0,0.0,PASS_<20%,0.00,0.0,NO,STANDBY_VEL_LOW,0,0.00,4590.00,137.96,FALSE,M1_DIRECTION_MISMATCH|OPENING_SHIELD_ACTIVE_5s
2026-09-07 18:19:06.085,1788805146.086,3050,13,117,4404.60,4404.68,8.0,PASS_<=10c,+0.0,FLAT,+1.0,-338.0,4.2,+1.09,0.26,SLOW,4407.98,4408.91,4404.48,4404.93,0.00,0.00,0.0,BEARISH,443.0,4404.59,4404.64,4404.59,4404.60,6,ACTIVE_6s,5.0,1.0,4.0,0.0,80.0,0.0,0.0,PASS_<20%,0.00,0.0,NO,STANDBY_VEL_LOW,0,0.00,4590.00,137.96,FALSE,M1_DIRECTION_MISMATCH|OPENING_SHIELD_ACTIVE_6s
2026-09-07 18:19:06.585,1788805146.586,3051,14,118,4404.60,4404.68,8.0,PASS_<=10c,+0.0,FLAT,+1.0,-338.0,4.2,+1.08,0.26,SLOW,4407.98,4408.91,4404.48,4404.93,0.00,0.00,0.0,BEARISH,443.0,4404.59,4404.64,4404.59,4404.60,6,ACTIVE_6s,5.0,1.0,4.0,0.0,80.0,0.0,0.0,PASS_<20%,0.00,0.0,NO,STANDBY_VEL_LOW,0,0.00,4590.00,137.96,FALSE,M1_DIRECTION_MISMATCH|OPENING_SHIELD_ACTIVE_6s
2026-09-07 18:19:07.087,1788805147.087,3052,15,119,4404.60,4404.68,8.0,PASS_<=10c,+0.0,FLAT,+1.0,-338.0,4.2,+1.07,0.25,SLOW,4407.98,4408.91,4404.48,4404.93,0.00,0.00,0.0,BEARISH,443.0,4404.59,4404.64,4404.59,4404.60,7,ACTIVE_7s,5.0,1.0,4.0,0.0,80.0,0.0,0.0,PASS_<20%,0.00,0.0,NO,STANDBY_VEL_LOW,0,0.00,4590.00,137.96,FALSE,M1_DIRECTION_MISMATCH|OPENING_SHIELD_ACTIVE_7s
2026-09-07 18:19:07.590,1788805147.590,3053,16,120,4404.60,4404.68,8.0,PASS_<=10c,+0.0,FLAT,+1.0,-338.0,4.2,+1.06,0.25,SLOW,4407.98,4408.91,4404.48,4404.93,0.00,0.00,0.0,BEARISH,443.0,4404.59,4404.64,4404.59,4404.60,7,ACTIVE_7s,5.0,1.0,4.0,0.0,80.0,0.0,0.0,PASS_<20%,0.00,0.0,NO,STANDBY_VEL_LOW,0,0.00,4590.00,137.96,FALSE,M1_DIRECTION_MISMATCH|OPENING_SHIELD_ACTIVE_7s
2026-09-07 18:19:17.966,1788805157.967,3054,17,121,4404.60,4404.68,8.0,PASS_<=10c,+0.0,FLAT,+1.0,-338.0,1.3,+0.00,0.00,SLOW,4407.98,4408.91,4404.48,4404.93,0.00,0.00,0.0,BEARISH,443.0,4404.59,4404.64,4404.59,4404.60,17,ACTIVE_17s,5.0,1.0,4.0,0.0,80.0,0.0,0.0,PASS_<20%,0.00,0.0,NO,STANDBY_VEL_LOW,0,0.00,4590.00,137.96,FALSE,M1_DIRECTION_MISMATCH|OPENING_SHIELD_ACTIVE_17s
2026-09-07 18:19:25.202,1788805165.203,3055,18,122,4404.60,4404.68,8.0,PASS_<=10c,+0.0,FLAT,+1.0,-338.0,1.3,+0.00,0.00,SLOW,4407.98,4408.91,4404.48,4404.93,0.00,0.00,0.0,BEARISH,443.0,4404.59,4404.64,4404.59,4404.60,25,CLEARED_>=20s,5.0,1.0,4.0,0.0,80.0,0.0,0.0,PASS_<20%,0.00,0.0,NO,STANDBY_VEL_LOW,0,0.00,4590.00,137.96,FALSE,M1_DIRECTION_MISMATCH
2026-09-07 18:19:25.558,1788805165.559,3056,19,123,4403.90,4403.98,8.0,PASS_<=10c,-70.0,DOWN,-69.0,-408.0,1.6,+28.27,17.67,SLOW,4407.98,4408.91,4404.48,4404.93,0.00,0.00,0.0,BEARISH,443.0,4404.59,4404.64,4403.90,4403.90,25,CLEARED_>=20s,74.0,69.0,5.0,0.0,6.8,0.0,0.0,PASS_<20%,4404.44,54.0,YES,STANDBY_VEL_LOW,0,0.00,4590.00,137.96,TRUE,READY_TO_FIRE
2026-09-07 18:19:26.060,1788805166.060,3057,20,124,4403.90,4403.98,8.0,PASS_<=10c,+0.0,FLAT,-69.0,-408.0,2.0,+23.51,11.76,SLOW,4407.98,4408.91,4404.48,4404.93,0.00,0.00,0.0,BEARISH,443.0,4404.59,4404.64,4403.90,4403.90,26,CLEARED_>=20s,74.0,69.0,5.0,0.0,6.8,0.0,0.0,PASS_<20%,4404.44,54.0,YES,STANDBY_VEL_LOW,0,0.00,4590.00,137.96,TRUE,READY_TO_FIRE
2026-09-07 18:19:26.560,1788805166.560,3058,21,125,4403.90,4403.98,8.0,PASS_<=10c,+0.0,FLAT,-69.0,-408.0,2.3,+20.13,8.75,SLOW,4407.98,4408.91,4404.48,4404.93,0.00,0.00,0.0,BEARISH,443.0,4404.59,4404.64,4403.90,4403.90,26,CLEARED_>=20s,74.0,69.0,5.0,0.0,6.8,0.0,0.0,PASS_<20%,4404.44,54.0,YES,STANDBY_VEL_LOW,0,0.00,4590.00,137.96,TRUE,READY_TO_FIRE
2026-09-07 18:19:27.062,1788805167.063,3059,22,126,4403.91,4403.99,8.0,PASS_<=10c,+1.0,UP,-68.0,-407.0,2.5,+17.34,6.94,SLOW,4407.98,4408.91,4404.48,4404.93,0.00,0.00,0.0,BEARISH,443.0,4404.59,4404.64,4403.90,4403.91,27,CLEARED_>=20s,74.0,68.0,5.0,1.0,6.8,1.4,1.4,PASS_<20%,4404.44,53.0,YES,STANDBY_VEL_LOW,0,0.00,4590.00,137.96,TRUE,READY_TO_FIRE
2026-09-07 18:19:27.565,1788805167.565,3060,23,127,4403.91,4403.99,8.0,PASS_<=10c,+0.0,FLAT,-68.0,-407.0,2.7,+15.40,5.70,SLOW,4407.98,4408.91,4404.48,4404.93,0.00,0.00,0.0,BEARISH,443.0,4404.59,4404.64,4403.90,4403.91,27,CLEARED_>=20s,74.0,68.0,5.0,1.0,6.8,1.4,1.4,PASS_<20%,4404.44,53.0,YES,STANDBY_VEL_LOW,0,0.00,4590.00,137.96,TRUE,READY_TO_FIRE
2026-09-07 18:19:28.065,1788805168.066,3061,24,128,4403.90,4403.98,8.0,PASS_<=10c,-1.0,DOWN,-69.0,-408.0,2.8,+14.05,5.02,SLOW,4407.98,4408.91,4404.48,4404.93,0.00,0.00,0.0,BEARISH,443.0,4404.59,4404.64,4403.90,4403.90,28,CLEARED_>=20s,74.0,69.0,5.0,0.0,6.8,0.0,0.0,PASS_<20%,4404.44,54.0,YES,STANDBY_VEL_LOW,0,0.00,4590.00,137.96,TRUE,READY_TO_FIRE
2026-09-07 18:19:28.566,1788805168.566,3062,25,129,4403.86,4403.94,8.0,PASS_<=10c,-4.0,DOWN,-73.0,-412.0,4.5,+22.00,4.89,SLOW,4407.98,4408.91,4404.48,4404.93,0.00,0.00,0.0,BEARISH,443.0,4404.59,4404.64,4403.86,4403.86,28,CLEARED_>=20s,78.0,73.0,5.0,0.0,6.4,0.0,0.0,PASS_<20%,4404.44,58.0,YES,STANDBY_VEL_LOW,0,0.00,4590.00,137.96,TRUE,READY_TO_FIRE
2026-09-07 18:19:29.069,1788805169.069,3063,26,130,4403.86,4403.94,8.0,PASS_<=10c,+0.0,FLAT,-73.0,-412.0,4.4,+19.14,4.35,SLOW,4407.98,4408.91,4404.48,4404.93,0.00,0.00,0.0,BEARISH,443.0,4404.59,4404.64,4403.86,4403.86,29,CLEARED_>=20s,78.0,73.0,5.0,0.0,6.4,0.0,0.0,PASS_<20%,4404.44,58.0,YES,STANDBY_VEL_LOW,0,0.00,4590.00,137.96,TRUE,READY_TO_FIRE
2026-09-07 18:19:29.571,1788805169.572,3064,27,131,4403.84,4403.92,8.0,PASS_<=10c,-2.0,DOWN,-75.0,-414.0,4.3,+17.40,4.05,SLOW,4407.98,4408.91,4404.48,4404.93,0.00,0.00,0.0,BEARISH,443.0,4404.59,4404.64,4403.84,4403.84,29,CLEARED_>=20s,80.0,75.0,5.0,0.0,6.3,0.0,0.0,PASS_<20%,4404.44,60.0,YES,STANDBY_VEL_LOW,0,0.00,4590.00,137.96,TRUE,READY_TO_FIRE
2026-09-07 18:19:30.073,1788805170.074,3065,28,132,4403.84,4403.92,8.0,PASS_<=10c,+0.0,FLAT,-75.0,-414.0,4.3,+15.60,3.63,SLOW,4407.98,4408.91,4404.48,4404.93,0.00,0.00,0.0,BEARISH,443.0,4404.59,4404.64,4403.84,4403.84,30,CLEARED_>=20s,80.0,75.0,5.0,0.0,6.3,0.0,0.0,PASS_<20%,4404.44,60.0,YES,STANDBY_VEL_LOW,0,0.00,4590.00,137.96,TRUE,READY_TO_FIRE
2026-09-07 18:19:30.574,1788805170.575,3066,29,133,4403.84,4403.92,8.0,PASS_<=10c,+0.0,FLAT,-75.0,-414.0,4.2,+1.26,0.30,SLOW,4407.98,4408.91,4404.48,4404.93,0.00,0.00,0.0,BEARISH,443.0,4404.59,4404.64,4403.84,4403.84,30,CLEARED_>=20s,80.0,75.0,5.0,0.0,6.3,0.0,0.0,PASS_<20%,4404.44,60.0,YES,STANDBY_VEL_LOW,0,0.00,4590.00,137.96,TRUE,READY_TO_FIRE
2026-09-07 18:19:43.823,1788805183.823,3067,30,134,4403.84,4403.92,8.0,PASS_<=10c,+0.0,FLAT,-75.0,-414.0,1.1,+0.00,0.00,SLOW,4407.98,4408.91,4404.48,4404.93,0.00,0.00,0.0,BEARISH,443.0,4404.59,4404.64,4403.84,4403.84,43,CLEARED_>=20s,80.0,75.0,5.0,0.0,6.3,0.0,0.0,PASS_<20%,4404.44,60.0,YES,STANDBY_VEL_LOW,1,4403.84,186.16,137.96,TRUE,READY_TO_FIRE
2026-09-07 18:19:50.067,1788805190.067,3068,31,135,4403.84,4403.92,8.0,PASS_<=10c,+0.0,FLAT,-75.0,-414.0,1.8,+0.00,0.00,SLOW,4407.98,4408.91,4404.48,4404.93,0.00,0.00,0.0,BEARISH,443.0,4404.59,4404.64,4403.84,4403.84,50,CLEARED_>=20s,80.0,75.0,5.0,0.0,6.3,0.0,0.0,PASS_<20%,4404.44,60.0,YES,STANDBY_VEL_LOW,1,4403.84,186.16,137.96,TRUE,READY_TO_FIRE
2026-09-07 18:19:50.422,1788805190.423,3069,32,136,4404.60,4404.68,8.0,PASS_<=10c,+76.0,UP,+1.0,-338.0,2.7,+52.15,19.31,SLOW,4407.98,4408.91,4404.48,4404.93,0.00,0.00,0.0,BEARISH,443.0,4404.59,4404.64,4403.84,4404.60,50,CLEARED_>=20s,80.0,1.0,4.0,75.0,5.0,93.7,93.7,BLOCKED_93.7%,0.00,0.0,NO,STANDBY_VEL_LOW,1,4403.84,186.16,137.96,FALSE,M1_DIRECTION_MISMATCH
2026-09-07 18:19:50.924,1788805190.924,3070,33,137,4404.58,4404.66,8.0,PASS_<=10c,-2.0,DOWN,-1.0,-340.0,3.1,+37.77,12.18,SLOW,4407.98,4408.91,4404.48,4404.93,0.00,0.00,0.0,BEARISH,443.0,4404.59,4404.64,4403.84,4404.58,50,CLEARED_>=20s,80.0,1.0,5.0,74.0,6.3,92.5,92.5,BLOCKED_92.5%,4404.44,14.0,NO,STANDBY_VEL_LOW,0,0.00,4590.00,136.06,FALSE,OPP_WICK_TOO_HIGH_0.92|PRICE_ABOVE_15C_DISPLACEMENT
2026-09-07 18:19:51.426,1788805191.426,3071,34,138,4404.58,4404.66,8.0,PASS_<=10c,+0.0,FLAT,-1.0,-340.0,3.3,+30.07,9.11,SLOW,4407.98,4408.91,4404.48,4404.93,0.00,0.00,0.0,BEARISH,443.0,4404.59,4404.64,4403.84,4404.58,51,CLEARED_>=20s,80.0,1.0,5.0,74.0,6.3,92.5,92.5,BLOCKED_92.5%,4404.44,14.0,NO,STANDBY_VEL_LOW,0,0.00,4590.00,136.06,FALSE,OPP_WICK_TOO_HIGH_0.92|PRICE_ABOVE_15C_DISPLACEMENT
2026-09-07 18:19:51.928,1788805191.928,3072,35,139,4404.57,4404.65,8.0,PASS_<=10c,-1.0,DOWN,-2.0,-341.0,3.4,+24.63,7.24,SLOW,4407.98,4408.91,4404.48,4404.93,0.00,0.00,0.0,BEARISH,443.0,4404.59,4404.64,4403.84,4404.57,51,CLEARED_>=20s,80.0,2.0,5.0,73.0,6.3,91.2,91.2,BLOCKED_91.2%,4404.44,13.0,NO,STANDBY_VEL_LOW,0,0.00,4590.00,136.06,FALSE,OPP_WICK_TOO_HIGH_0.91|PRICE_ABOVE_15C_DISPLACEMENT
2026-09-07 18:19:52.429,1788805192.430,3073,36,140,4404.57,4404.65,8.0,PASS_<=10c,+0.0,FLAT,-2.0,-341.0,3.5,+21.07,6.02,SLOW,4407.98,4408.91,4404.48,4404.93,0.00,0.00,0.0,BEARISH,443.0,4404.59,4404.64,4403.84,4404.57,52,CLEARED_>=20s,80.0,2.0,5.0,73.0,6.3,91.2,91.2,BLOCKED_91.2%,4404.44,13.0,NO,STANDBY_VEL_LOW,0,0.00,4590.00,136.06,FALSE,OPP_WICK_TOO_HIGH_0.91|PRICE_ABOVE_15C_DISPLACEMENT
2026-09-07 18:19:52.931,1788805192.932,3074,37,141,4404.57,4404.65,8.0,PASS_<=10c,+0.0,FLAT,-2.0,-341.0,3.5,+18.40,5.26,SLOW,4407.98,4408.91,4404.48,4404.93,0.00,0.00,0.0,BEARISH,443.0,4404.59,4404.64,4403.84,4404.57,52,CLEARED_>=20s,80.0,2.0,5.0,73.0,6.3,91.2,91.2,BLOCKED_91.2%,4404.44,13.0,NO,STANDBY_VEL_LOW,0,0.00,4590.00,136.06,FALSE,OPP_WICK_TOO_HIGH_0.91|PRICE_ABOVE_15C_DISPLACEMENT
2026-09-07 18:19:53.433,1788805193.433,3075,38,142,4404.57,4404.65,8.0,PASS_<=10c,+0.0,FLAT,-2.0,-341.0,3.6,+16.34,4.54,SLOW,4407.98,4408.91,4404.48,4404.93,0.00,0.00,0.0,BEARISH,443.0,4404.59,4404.64,4403.84,4404.57,53,CLEARED_>=20s,80.0,2.0,5.0,73.0,6.3,91.2,91.2,BLOCKED_91.2%,4404.44,13.0,NO,STANDBY_VEL_LOW,0,0.00,4590.00,136.06,FALSE,OPP_WICK_TOO_HIGH_0.91|PRICE_ABOVE_15C_DISPLACEMENT
2026-09-07 18:19:53.934,1788805193.935,3076,39,143,4404.58,4404.66,8.0,PASS_<=10c,+1.0,UP,-1.0,-340.0,3.6,+14.89,4.14,SLOW,4407.98,4408.91,4404.48,4404.93,0.00,0.00,0.0,BEARISH,443.0,4404.59,4404.64,4403.84,4404.58,53,CLEARED_>=20s,80.0,1.0,5.0,74.0,6.3,92.5,92.5,BLOCKED_92.5%,4404.44,14.0,NO,STANDBY_VEL_LOW,0,0.00,4590.00,136.06,FALSE,OPP_WICK_TOO_HIGH_0.92|PRICE_ABOVE_15C_DISPLACEMENT
2026-09-07 18:19:54.435,1788805194.435,3077,40,144,4404.58,4404.66,8.0,PASS_<=10c,+0.0,FLAT,-1.0,-340.0,4.3,+16.94,3.94,SLOW,4407.98,4408.91,4404.48,4404.93,0.00,0.00,0.0,BEARISH,443.0,4404.59,4404.64,4403.84,4404.58,54,CLEARED_>=20s,80.0,1.0,5.0,74.0,6.3,92.5,92.5,BLOCKED_92.5%,4404.44,14.0,NO,STANDBY_VEL_LOW,0,0.00,4590.00,136.06,FALSE,OPP_WICK_TOO_HIGH_0.92|PRICE_ABOVE_15C_DISPLACEMENT
2026-09-07 18:19:54.937,1788805194.937,3078,41,145,4404.58,4404.66,8.0,PASS_<=10c,+0.0,FLAT,-1.0,-340.0,4.3,+15.20,3.53,SLOW,4407.98,4408.91,4404.48,4404.93,0.00,0.00,0.0,BEARISH,443.0,4404.59,4404.64,4403.84,4404.58,54,CLEARED_>=20s,80.0,1.0,5.0,74.0,6.3,92.5,92.5,BLOCKED_92.5%,4404.44,14.0,NO,STANDBY_VEL_LOW,0,0.00,4590.00,136.06,FALSE,OPP_WICK_TOO_HIGH_0.92|PRICE_ABOVE_15C_DISPLACEMENT
2026-09-07 18:19:55.438,1788805195.438,3079,42,146,4404.58,4404.66,8.0,PASS_<=10c,+0.0,FLAT,-1.0,-340.0,4.2,+0.21,0.05,SLOW,4407.98,4408.91,4404.48,4404.93,0.00,0.00,0.0,BEARISH,443.0,4404.59,4404.64,4403.84,4404.58,55,CLEARED_>=20s,80.0,1.0,5.0,74.0,6.3,92.5,92.5,BLOCKED_92.5%,4404.44,14.0,NO,STANDBY_VEL_LOW,0,0.00,4590.00,136.06,FALSE,OPP_WICK_TOO_HIGH_0.92|PRICE_ABOVE_15C_DISPLACEMENT
2026-09-07 18:19:55.943,1788805195.944,3080,43,147,4404.58,4404.66,8.0,PASS_<=10c,+0.0,FLAT,-1.0,-340.0,4.2,+0.00,0.00,SLOW,4407.98,4408.91,4404.48,4404.93,0.00,0.00,0.0,BEARISH,443.0,4404.59,4404.64,4403.84,4404.58,55,CLEARED_>=20s,80.0,1.0,5.0,74.0,6.3,92.5,92.5,BLOCKED_92.5%,4404.44,14.0,NO,STANDBY_VEL_LOW,0,0.00,4590.00,136.06,FALSE,OPP_WICK_TOO_HIGH_0.92|PRICE_ABOVE_15C_DISPLACEMENT
2026-09-07 18:19:56.445,1788805196.445,3081,44,148,4404.58,4404.66,8.0,PASS_<=10c,+0.0,FLAT,-1.0,-340.0,4.2,+0.00,0.00,SLOW,4407.98,4408.91,4404.48,4404.93,0.00,0.00,0.0,BEARISH,443.0,4404.59,4404.64,4403.84,4404.58,56,CLEARED_>=20s,80.0,1.0,5.0,74.0,6.3,92.5,92.5,BLOCKED_92.5%,4404.44,14.0,NO,STANDBY_VEL_LOW,0,0.00,4590.00,136.06,FALSE,OPP_WICK_TOO_HIGH_0.92|PRICE_ABOVE_15C_DISPLACEMENT
2026-09-07 18:19:56.946,1788805196.947,3082,45,149,4404.58,4404.66,8.0,PASS_<=10c,+0.0,FLAT,-1.0,-340.0,4.2,+0.21,0.05,SLOW,4407.98,4408.91,4404.48,4404.93,0.00,0.00,0.0,BEARISH,443.0,4404.59,4404.64,4403.84,4404.58,56,CLEARED_>=20s,80.0,1.0,5.0,74.0,6.3,92.5,92.5,BLOCKED_92.5%,4404.44,14.0,NO,STANDBY_VEL_LOW,0,0.00,4590.00,136.06,FALSE,OPP_WICK_TOO_HIGH_0.92|PRICE_ABOVE_15C_DISPLACEMENT
2026-09-07 18:19:57.448,1788805197.448,3083,46,150,4404.58,4404.66,8.0,PASS_<=10c,+0.0,FLAT,-1.0,-340.0,4.2,+0.21,0.05,SLOW,4407.98,4408.91,4404.48,4404.93,0.00,0.00,0.0,BEARISH,443.0,4404.59,4404.64,4403.84,4404.58,57,CLEARED_>=20s,80.0,1.0,5.0,74.0,6.3,92.5,92.5,BLOCKED_92.5%,4404.44,14.0,NO,STANDBY_VEL_LOW,0,0.00,4590.00,136.06,FALSE,OPP_WICK_TOO_HIGH_0.92|PRICE_ABOVE_15C_DISPLACEMENT
2026-09-07 18:19:57.949,1788805197.950,3084,47,151,4404.58,4404.66,8.0,PASS_<=10c,+0.0,FLAT,-1.0,-340.0,4.2,+0.21,0.05,SLOW,4407.98,4408.91,4404.48,4404.93,0.00,0.00,0.0,BEARISH,443.0,4404.59,4404.64,4403.84,4404.58,57,CLEARED_>=20s,80.0,1.0,5.0,74.0,6.3,92.5,92.5,BLOCKED_92.5%,4404.44,14.0,NO,STANDBY_VEL_LOW,0,0.00,4590.00,136.06,FALSE,OPP_WICK_TOO_HIGH_0.92|PRICE_ABOVE_15C_DISPLACEMENT
2026-09-07 18:20:08.330,1788805208.331,3085,1,1,4404.58,4404.66,8.0,PASS_<=10c,+0.0,FLAT,+0.0,-36.0,1.2,+0.00,0.00,SLOW,4404.94,4405.24,4403.72,4404.58,0.00,0.00,0.0,BEARISH,152.0,4404.58,4404.58,4404.58,4404.58,8,ACTIVE_8s,1.0,0.0,0.0,0.0,0.0,0.0,0.0,PASS_<20%,0.00,0.0,NO,STANDBY_VEL_LOW,0,0.00,4590.00,136.06,FALSE,M1_DIRECTION_MISMATCH|OPENING_SHIELD_ACTIVE_8s
2026-09-07 18:20:13.346,1788805213.347,3086,2,2,4404.47,4404.55,8.0,PASS_<=10c,-11.0,DOWN,-11.0,-47.0,2.0,+11.00,5.50,SLOW,4404.94,4405.24,4403.72,4404.58,0.00,0.00,0.0,BEARISH,152.0,4404.58,4404.58,4404.47,4404.47,13,ACTIVE_13s,11.0,11.0,0.0,0.0,0.0,0.0,0.0,PASS_<20%,4404.43,4.0,NO,STANDBY_VEL_LOW,0,0.00,4590.00,136.06,FALSE,OPENING_SHIELD_ACTIVE_13s|PRICE_ABOVE_15C_DISPLACEMENT
2026-09-07 18:20:13.848,1788805213.849,3087,3,3,4404.47,4404.55,8.0,PASS_<=10c,+0.0,FLAT,-11.0,-47.0,4.0,+11.00,2.75,SLOW,4404.94,4405.24,4403.72,4404.58,0.00,0.00,0.0,BEARISH,152.0,4404.58,4404.58,4404.47,4404.47,13,ACTIVE_13s,11.0,11.0,0.0,0.0,0.0,0.0,0.0,PASS_<20%,4404.43,4.0,NO,STANDBY_VEL_LOW,0,0.00,4590.00,136.06,FALSE,OPENING_SHIELD_ACTIVE_13s|PRICE_ABOVE_15C_DISPLACEMENT
2026-09-07 18:20:14.350,1788805214.351,3088,4,4,4404.45,4404.53,8.0,PASS_<=10c,-2.0,DOWN,-13.0,-49.0,5.4,+11.78,2.18,SLOW,4404.94,4405.24,4403.72,4404.58,0.00,0.00,0.0,BEARISH,152.0,4404.58,4404.58,4404.45,4404.45,14,ACTIVE_14s,13.0,13.0,0.0,0.0,0.0,0.0,0.0,PASS_<20%,4404.43,2.0,NO,STANDBY_VEL_LOW,0,0.00,4590.00,136.06,FALSE,OPENING_SHIELD_ACTIVE_14s|PRICE_ABOVE_15C_DISPLACEMENT
2026-09-07 18:20:14.851,1788805214.852,3089,5,5,4404.45,4404.53,8.0,PASS_<=10c,+0.0,FLAT,-13.0,-49.0,5.0,+8.10,1.62,SLOW,4404.94,4405.24,4403.72,4404.58,0.00,0.00,0.0,BEARISH,152.0,4404.58,4404.58,4404.45,4404.45,14,ACTIVE_14s,13.0,13.0,0.0,0.0,0.0,0.0,0.0,PASS_<20%,4404.43,2.0,NO,STANDBY_VEL_LOW,0,0.00,4590.00,136.06,FALSE,OPENING_SHIELD_ACTIVE_14s|PRICE_ABOVE_15C_DISPLACEMENT
2026-09-07 18:20:15.353,1788805215.353,3090,6,6,4404.45,4404.53,8.0,PASS_<=10c,+0.0,FLAT,-13.0,-49.0,4.7,+6.17,1.31,SLOW,4404.94,4405.24,4403.72,4404.58,0.00,0.00,0.0,BEARISH,152.0,4404.58,4404.58,4404.45,4404.45,15,ACTIVE_15s,13.0,13.0,0.0,0.0,0.0,0.0,0.0,PASS_<20%,4404.43,2.0,NO,STANDBY_VEL_LOW,0,0.00,4590.00,136.06,FALSE,OPENING_SHIELD_ACTIVE_15s|PRICE_ABOVE_15C_DISPLACEMENT
2026-09-07 18:20:15.854,1788805215.854,3091,7,7,4404.45,4404.53,8.0,PASS_<=10c,+0.0,FLAT,-13.0,-49.0,4.6,+4.99,1.08,SLOW,4404.94,4405.24,4403.72,4404.58,0.00,0.00,0.0,BEARISH,152.0,4404.58,4404.58,4404.45,4404.45,15,ACTIVE_15s,13.0,13.0,0.0,0.0,0.0,0.0,0.0,PASS_<20%,4404.43,2.0,NO,STANDBY_VEL_LOW,0,0.00,4590.00,136.06,FALSE,OPENING_SHIELD_ACTIVE_15s|PRICE_ABOVE_15C_DISPLACEMENT
2026-09-07 18:20:16.355,1788805216.356,3092,8,8,4404.45,4404.53,8.0,PASS_<=10c,+0.0,FLAT,-13.0,-49.0,4.5,+4.18,0.93,SLOW,4404.94,4405.24,4403.72,4404.58,0.00,0.00,0.0,BEARISH,152.0,4404.58,4404.58,4404.45,4404.45,16,ACTIVE_16s,13.0,13.0,0.0,0.0,0.0,0.0,0.0,PASS_<20%,4404.43,2.0,NO,STANDBY_VEL_LOW,0,0.00,4590.00,136.06,FALSE,OPENING_SHIELD_ACTIVE_16s|PRICE_ABOVE_15C_DISPLACEMENT
2026-09-07 18:20:16.856,1788805216.857,3093,9,9,4404.45,4404.53,8.0,PASS_<=10c,+0.0,FLAT,-13.0,-49.0,4.4,+3.60,0.82,SLOW,4404.94,4405.24,4403.72,4404.58,0.00,0.00,0.0,BEARISH,152.0,4404.58,4404.58,4404.45,4404.45,16,ACTIVE_16s,13.0,13.0,0.0,0.0,0.0,0.0,0.0,PASS_<20%,4404.43,2.0,NO,STANDBY_VEL_LOW,0,0.00,4590.00,136.06,FALSE,OPENING_SHIELD_ACTIVE_16s|PRICE_ABOVE_15C_DISPLACEMENT
2026-09-07 18:20:17.358,1788805217.358,3094,10,10,4404.45,4404.53,8.0,PASS_<=10c,+0.0,FLAT,-13.0,-49.0,4.4,+3.16,0.72,SLOW,4404.94,4405.24,4403.72,4404.58,0.00,0.00,0.0,BEARISH,152.0,4404.58,4404.58,4404.45,4404.45,17,ACTIVE_17s,13.0,13.0,0.0,0.0,0.0,0.0,0.0,PASS_<20%,4404.43,2.0,NO,STANDBY_VEL_LOW,0,0.00,4590.00,136.06,FALSE,OPENING_SHIELD_ACTIVE_17s|PRICE_ABOVE_15C_DISPLACEMENT
2026-09-07 18:20:17.859,1788805217.860,3095,11,11,4404.45,4404.53,8.0,PASS_<=10c,+0.0,FLAT,-13.0,-49.0,4.3,+2.82,0.66,SLOW,4404.94,4405.24,4403.72,4404.58,0.00,0.00,0.0,BEARISH,152.0,4404.58,4404.58,4404.45,4404.45,17,ACTIVE_17s,13.0,13.0,0.0,0.0,0.0,0.0,0.0,PASS_<20%,4404.43,2.0,NO,STANDBY_VEL_LOW,0,0.00,4590.00,136.06,FALSE,OPENING_SHIELD_ACTIVE_17s|PRICE_ABOVE_15C_DISPLACEMENT
2026-09-07 18:20:18.361,1788805218.361,3096,12,12,4404.45,4404.53,8.0,PASS_<=10c,+0.0,FLAT,-13.0,-49.0,4.2,+0.42,0.10,SLOW,4404.94,4405.24,4403.72,4404.58,0.00,0.00,0.0,BEARISH,152.0,4404.58,4404.58,4404.45,4404.45,18,ACTIVE_18s,13.0,13.0,0.0,0.0,0.0,0.0,0.0,PASS_<20%,4404.43,2.0,NO,STANDBY_VEL_LOW,0,0.00,4590.00,136.06,FALSE,OPENING_SHIELD_ACTIVE_18s|PRICE_ABOVE_15C_DISPLACEMENT
2026-09-07 18:20:18.862,1788805218.863,3097,13,13,4404.45,4404.53,8.0,PASS_<=10c,+0.0,FLAT,-13.0,-49.0,4.2,+0.42,0.10,SLOW,4404.94,4405.24,4403.72,4404.91,0.00,0.00,0.0,BEARISH,152.0,4404.58,4404.58,4404.45,4404.45,18,ACTIVE_18s,13.0,13.0,0.0,0.0,0.0,0.0,0.0,PASS_<20%,4404.43,2.0,NO,STANDBY_VEL_LOW,0,0.00,4590.00,136.06,FALSE,OPENING_SHIELD_ACTIVE_18s|PRICE_ABOVE_15C_DISPLACEMENT
2026-09-07 18:20:19.363,1788805219.364,3098,14,14,4404.45,4404.53,8.0,PASS_<=10c,+0.0,FLAT,-13.0,-49.0,4.2,+0.00,0.00,SLOW,4404.94,4405.24,4403.72,4404.91,0.00,0.00,0.0,BEARISH,152.0,4404.58,4404.58,4404.45,4404.45,19,ACTIVE_19s,13.0,13.0,0.0,0.0,0.0,0.0,0.0,PASS_<20%,4404.43,2.0,NO,STANDBY_VEL_LOW,0,0.00,4590.00,136.06,FALSE,OPENING_SHIELD_ACTIVE_19s|PRICE_ABOVE_15C_DISPLACEMENT
2026-09-07 18:20:19.866,1788805219.866,3099,15,15,4404.45,4404.53,8.0,PASS_<=10c,+0.0,FLAT,-13.0,-49.0,4.2,+0.00,0.00,SLOW,4404.94,4405.24,4403.72,4404.91,0.00,0.00,0.0,BEARISH,152.0,4404.58,4404.58,4404.45,4404.45,19,ACTIVE_19s,13.0,13.0,0.0,0.0,0.0,0.0,0.0,PASS_<20%,4404.43,2.0,NO,STANDBY_VEL_LOW,0,0.00,4590.00,136.06,FALSE,OPENING_SHIELD_ACTIVE_19s|PRICE_ABOVE_15C_DISPLACEMENT
2026-09-07 18:20:20.367,1788805220.367,3100,16,16,4404.45,4404.53,8.0,PASS_<=10c,+0.0,FLAT,-13.0,-49.0,4.2,+0.00,0.00,SLOW,4404.94,4405.24,4403.72,4404.91,0.00,0.00,0.0,BEARISH,152.0,4404.58,4404.58,4404.45,4404.45,20,CLEARED_>=20s,13.0,13.0,0.0,0.0,0.0,0.0,0.0,PASS_<20%,4404.43,2.0,NO,STANDBY_VEL_LOW,0,0.00,4590.00,136.06,FALSE,PRICE_ABOVE_15C_DISPLACEMENT
2026-09-07 18:20:20.868,1788805220.869,3101,17,17,4404.45,4404.53,8.0,PASS_<=10c,+0.0,FLAT,-13.0,-49.0,4.2,+0.00,0.00,SLOW,4404.94,4405.24,4403.72,4404.91,0.00,0.00,0.0,BEARISH,152.0,4404.58,4404.58,4404.45,4404.45,20,CLEARED_>=20s,13.0,13.0,0.0,0.0,0.0,0.0,0.0,PASS_<20%,4404.43,2.0,NO,STANDBY_VEL_LOW,0,0.00,4590.00,136.06,FALSE,PRICE_ABOVE_15C_DISPLACEMENT
2026-09-07 18:20:26.398,1788805226.398,3102,18,18,4404.45,4404.53,8.0,PASS_<=10c,+0.0,FLAT,-13.0,-49.0,1.5,+0.92,0.61,SLOW,4404.94,4405.24,4403.72,4404.91,0.00,0.00,0.0,BEARISH,152.0,4404.58,4404.58,4404.45,4404.45,26,CLEARED_>=20s,13.0,13.0,0.0,0.0,0.0,0.0,0.0,PASS_<20%,4404.43,2.0,NO,STANDBY_VEL_LOW,0,0.00,4590.00,136.06,FALSE,PRICE_ABOVE_15C_DISPLACEMENT
2026-09-07 18:20:36.630,1788805236.631,3103,19,19,4404.45,4404.53,8.0,PASS_<=10c,+0.0,FLAT,-13.0,-49.0,1.3,+1.05,0.81,SLOW,4404.94,4405.24,4403.72,4404.91,0.00,0.00,0.0,BEARISH,152.0,4404.58,4404.58,4404.45,4404.45,36,CLEARED_>=20s,13.0,13.0,0.0,0.0,0.0,0.0,0.0,PASS_<20%,4404.43,2.0,NO,STANDBY_VEL_LOW,0,0.00,4590.00,136.06,FALSE,PRICE_ABOVE_15C_DISPLACEMENT
2026-09-07 18:20:40.447,1788805240.447,3104,20,20,4404.65,4404.73,8.0,PASS_<=10c,+20.0,UP,+7.0,-29.0,1.3,+5.24,4.03,SLOW,4404.94,4405.24,4403.72,4404.91,0.00,0.00,0.0,BEARISH,152.0,4404.58,4404.65,4404.45,4404.65,40,CLEARED_>=20s,20.0,7.0,0.0,13.0,0.0,65.0,65.0,BLOCKED_65.0%,0.00,0.0,NO,STANDBY_VEL_LOW,0,0.00,4590.00,136.06,FALSE,M1_DIRECTION_MISMATCH
2026-09-07 18:20:40.948,1788805240.948,3105,21,21,4404.74,4404.82,8.0,PASS_<=10c,+9.0,UP,+16.0,-20.0,1.3,+6.72,5.17,SLOW,4404.94,4405.24,4403.72,4404.91,0.00,0.00,0.0,BEARISH,152.0,4404.58,4404.75,4404.45,4404.74,40,CLEARED_>=20s,30.0,16.0,1.0,13.0,3.3,43.3,43.3,BLOCKED_43.3%,0.00,0.0,NO,STANDBY_VEL_LOW,0,0.00,4590.00,136.06,FALSE,M1_DIRECTION_MISMATCH
2026-09-07 18:20:41.449,1788805241.449,3106,22,22,4404.75,4404.83,8.0,PASS_<=10c,+1.0,UP,+17.0,-19.0,1.5,+6.23,4.15,SLOW,4404.94,4405.24,4403.72,4404.91,0.00,0.00,0.0,BEARISH,152.0,4404.58,4404.75,4404.45,4404.75,41,CLEARED_>=20s,30.0,17.0,0.0,13.0,0.0,43.3,43.3,BLOCKED_43.3%,0.00,0.0,NO,STANDBY_VEL_LOW,0,0.00,4590.00,136.06,FALSE,M1_DIRECTION_MISMATCH
2026-09-07 18:20:41.950,1788805241.951,3107,23,23,4404.73,4404.81,8.0,PASS_<=10c,-2.0,DOWN,+15.0,-21.0,5.0,+17.46,3.49,SLOW,4404.94,4405.24,4403.72,4404.91,0.00,0.00,0.0,BEARISH,152.0,4404.58,4404.75,4404.45,4404.73,41,CLEARED_>=20s,30.0,15.0,2.0,13.0,6.7,43.3,43.3,BLOCKED_43.3%,0.00,0.0,NO,STANDBY_VEL_LOW,0,0.00,4590.00,136.06,FALSE,M1_DIRECTION_MISMATCH
2026-09-07 18:20:42.452,1788805242.452,3108,24,24,4404.62,4404.70,8.0,PASS_<=10c,-11.0,DOWN,+4.0,-32.0,4.7,+8.07,1.72,SLOW,4404.94,4405.24,4403.72,4404.91,0.00,0.00,0.0,BEARISH,152.0,4404.58,4404.75,4404.45,4404.62,42,CLEARED_>=20s,30.0,4.0,13.0,13.0,43.3,43.3,43.3,BLOCKED_43.3%,0.00,0.0,NO,STANDBY_VEL_LOW,0,0.00,4590.00,136.06,FALSE,M1_DIRECTION_MISMATCH
2026-09-07 18:20:42.954,1788805242.955,3109,25,25,4404.58,4404.66,8.0,PASS_<=10c,-4.0,DOWN,+0.0,-36.0,4.6,+4.98,1.08,SLOW,4404.94,4405.24,4403.72,4404.91,0.00,0.00,0.0,BEARISH,152.0,4404.58,4404.75,4404.45,4404.58,42,CLEARED_>=20s,30.0,0.0,17.0,13.0,56.7,43.3,43.3,BLOCKED_43.3%,0.00,0.0,NO,STANDBY_VEL_LOW,0,0.00,4590.00,136.06,FALSE,M1_DIRECTION_MISMATCH
2026-09-07 18:20:43.456,1788805243.457,3110,26,26,4404.57,4404.65,8.0,PASS_<=10c,-1.0,DOWN,-1.0,-37.0,4.5,+3.86,0.86,SLOW,4404.94,4405.24,4403.72,4404.91,0.00,0.00,0.0,BEARISH,152.0,4404.58,4404.75,4404.45,4404.57,43,CLEARED_>=20s,30.0,1.0,17.0,12.0,56.7,40.0,40.0,BLOCKED_40.0%,4404.43,14.0,NO,STANDBY_VEL_LOW,0,0.00,4590.00,136.06,FALSE,OPP_WICK_TOO_HIGH_0.40|PRICE_ABOVE_15C_DISPLACEMENT
2026-09-07 18:20:43.958,1788805243.959,3111,27,27,4404.44,4404.52,8.0,PASS_<=10c,-13.0,DOWN,-14.0,-50.0,4.4,+1.09,0.25,SLOW,4404.94,4405.24,4403.72,4404.91,0.00,0.00,0.0,BEARISH,152.0,4404.58,4404.75,4404.44,4404.44,43,CLEARED_>=20s,31.0,14.0,17.0,0.0,54.8,0.0,0.0,PASS_<20%,4404.43,1.0,NO,STANDBY_VEL_LOW,0,0.00,4590.00,136.06,FALSE,PRICE_ABOVE_15C_DISPLACEMENT
2026-09-07 18:20:44.460,1788805244.460,3112,28,28,4404.44,4404.52,8.0,PASS_<=10c,+0.0,FLAT,-14.0,-50.0,4.4,+1.08,0.25,SLOW,4404.94,4405.24,4403.72,4404.91,0.00,0.00,0.0,BEARISH,152.0,4404.58,4404.75,4404.44,4404.44,44,CLEARED_>=20s,31.0,14.0,17.0,0.0,54.8,0.0,0.0,PASS_<20%,4404.43,1.0,NO,STANDBY_VEL_LOW,0,0.00,4590.00,136.06,FALSE,PRICE_ABOVE_15C_DISPLACEMENT
2026-09-07 18:20:44.963,1788805244.963,3113,29,29,4404.44,4404.52,8.0,PASS_<=10c,+0.0,FLAT,-14.0,-50.0,4.3,+1.07,0.25,SLOW,4404.94,4405.24,4403.72,4404.91,0.00,0.00,0.0,BEARISH,152.0,4404.58,4404.75,4404.44,4404.44,44,CLEARED_>=20s,31.0,14.0,17.0,0.0,54.8,0.0,0.0,PASS_<20%,4404.43,1.0,NO,STANDBY_VEL_LOW,0,0.00,4590.00,136.06,FALSE,PRICE_ABOVE_15C_DISPLACEMENT
2026-09-07 18:20:45.464,1788805245.464,3114,30,30,4404.44,4404.52,8.0,PASS_<=10c,+0.0,FLAT,-14.0,-50.0,4.2,+6.50,1.55,SLOW,4404.94,4405.24,4403.72,4404.91,0.00,0.00,0.0,BEARISH,152.0,4404.58,4404.75,4404.44,4404.44,45,CLEARED_>=20s,31.0,14.0,17.0,0.0,54.8,0.0,0.0,PASS_<20%,4404.43,1.0,NO,STANDBY_VEL_LOW,0,0.00,4590.00,136.06,FALSE,PRICE_ABOVE_15C_DISPLACEMENT
2026-09-07 18:20:45.972,1788805245.972,3115,31,31,4404.44,4404.52,8.0,PASS_<=10c,+0.0,FLAT,-14.0,-50.0,4.2,+6.29,1.50,SLOW,4404.94,4405.24,4403.72,4404.91,0.00,0.00,0.0,BEARISH,152.0,4404.58,4404.75,4404.44,4404.44,45,CLEARED_>=20s,31.0,14.0,17.0,0.0,54.8,0.0,0.0,PASS_<20%,4404.43,1.0,NO,STANDBY_VEL_LOW,0,0.00,4590.00,136.06,FALSE,PRICE_ABOVE_15C_DISPLACEMENT
2026-09-07 18:20:46.473,1788805246.473,3116,32,32,4404.44,4404.52,8.0,PASS_<=10c,+0.0,FLAT,-14.0,-50.0,4.2,+6.49,1.55,SLOW,4404.94,4405.24,4403.72,4404.91,0.00,0.00,0.0,BEARISH,152.0,4404.58,4404.75,4404.44,4404.44,46,CLEARED_>=20s,31.0,14.0,17.0,0.0,54.8,0.0,0.0,PASS_<20%,4404.43,1.0,NO,STANDBY_VEL_LOW,0,0.00,4590.00,136.06,FALSE,PRICE_ABOVE_15C_DISPLACEMENT
2026-09-07 18:20:46.974,1788805246.974,3117,33,33,4404.44,4404.52,8.0,PASS_<=10c,+0.0,FLAT,-14.0,-50.0,4.2,+6.08,1.45,SLOW,4404.94,4405.24,4403.72,4404.91,0.00,0.00,0.0,BEARISH,152.0,4404.58,4404.75,4404.44,4404.44,46,CLEARED_>=20s,31.0,14.0,17.0,0.0,54.8,0.0,0.0,PASS_<20%,4404.43,1.0,NO,STANDBY_VEL_LOW,0,0.00,4590.00,136.06,FALSE,PRICE_ABOVE_15C_DISPLACEMENT
2026-09-07 18:20:47.476,1788805247.477,3118,34,34,4404.44,4404.52,8.0,PASS_<=10c,+0.0,FLAT,-14.0,-50.0,4.2,+2.93,0.70,SLOW,4404.94,4405.24,4403.72,4404.91,0.00,0.00,0.0,BEARISH,152.0,4404.58,4404.75,4404.44,4404.44,47,CLEARED_>=20s,31.0,14.0,17.0,0.0,54.8,0.0,0.0,PASS_<20%,4404.43,1.0,NO,STANDBY_VEL_LOW,0,0.00,4590.00,136.06,FALSE,PRICE_ABOVE_15C_DISPLACEMENT
2026-09-07 18:20:47.978,1788805247.979,3119,35,35,4404.44,4404.52,8.0,PASS_<=10c,+0.0,FLAT,-14.0,-50.0,4.2,+2.72,0.65,SLOW,4404.94,4405.24,4403.72,4404.91,0.00,0.00,0.0,BEARISH,152.0,4404.58,4404.75,4404.44,4404.44,47,CLEARED_>=20s,31.0,14.0,17.0,0.0,54.8,0.0,0.0,PASS_<20%,4404.43,1.0,NO,STANDBY_VEL_LOW,0,0.00,4590.00,136.06,FALSE,PRICE_ABOVE_15C_DISPLACEMENT
2026-09-07 18:20:53.492,1788805253.492,3120,36,36,4404.44,4404.52,8.0,PASS_<=10c,+0.0,FLAT,-14.0,-50.0,1.5,+0.00,0.00,SLOW,4404.94,4405.24,4403.72,4404.91,0.00,0.00,0.0,BEARISH,152.0,4404.58,4404.75,4404.44,4404.44,53,CLEARED_>=20s,31.0,14.0,17.0,0.0,54.8,0.0,0.0,PASS_<20%,4404.43,1.0,NO,STANDBY_VEL_LOW,0,0.00,4590.00,136.06,FALSE,PRICE_ABOVE_15C_DISPLACEMENT
2026-09-07 18:21:03.722,1788805263.723,3121,1,37,4404.44,4404.52,8.0,PASS_<=10c,+0.0,FLAT,+0.0,-50.0,1.3,+0.00,0.00,SLOW,4404.94,4405.24,4403.72,4404.91,0.00,0.00,0.0,BEARISH,152.0,4404.44,4404.44,4404.44,4404.44,3,ACTIVE_3s,1.0,0.0,0.0,0.0,0.0,0.0,0.0,PASS_<20%,0.00,0.0,NO,STANDBY_VEL_LOW,0,0.00,4590.00,136.06,FALSE,M1_DIRECTION_MISMATCH|OPENING_SHIELD_ACTIVE_3s
2026-09-07 18:21:05.735,1788805265.735,3122,2,38,4404.66,4404.74,8.0,PASS_<=10c,+22.0,UP,+22.0,-28.0,1.5,+10.94,7.29,SLOW,4404.94,4405.24,4403.72,4404.91,0.00,0.00,0.0,BEARISH,152.0,4404.44,4404.66,4404.44,4404.66,5,ACTIVE_5s,22.0,22.0,0.0,0.0,0.0,0.0,0.0,PASS_<20%,0.00,0.0,NO,STANDBY_VEL_LOW,0,0.00,4590.00,136.06,FALSE,M1_DIRECTION_MISMATCH|OPENING_SHIELD_ACTIVE_5s
2026-09-07 18:21:06.236,1788805266.237,3123,3,39,4404.66,4404.74,8.0,PASS_<=10c,+0.0,FLAT,+22.0,-28.0,2.0,+8.75,4.38,SLOW,4404.94,4405.24,4403.72,4404.91,0.00,0.00,0.0,BEARISH,152.0,4404.44,4404.66,4404.44,4404.66,6,ACTIVE_6s,22.0,22.0,0.0,0.0,0.0,0.0,0.0,PASS_<20%,0.00,0.0,NO,STANDBY_VEL_LOW,0,0.00,4590.00,136.06,FALSE,M1_DIRECTION_MISMATCH|OPENING_SHIELD_ACTIVE_6s
2026-09-07 18:21:06.737,1788805266.737,3124,4,40,4404.67,4404.75,8.0,PASS_<=10c,+1.0,UP,+23.0,-27.0,2.3,+7.63,3.32,SLOW,4404.94,4405.24,4403.72,4404.91,0.00,0.00,0.0,BEARISH,152.0,4404.44,4404.67,4404.44,4404.67,6,ACTIVE_6s,23.0,23.0,0.0,0.0,0.0,0.0,0.0,PASS_<20%,0.00,0.0,NO,STANDBY_VEL_LOW,0,0.00,4590.00,136.06,FALSE,M1_DIRECTION_MISMATCH|OPENING_SHIELD_ACTIVE_6s
2026-09-07 18:21:07.238,1788805267.239,3125,5,41,4404.67,4404.75,8.0,PASS_<=10c,+0.0,FLAT,+23.0,-27.0,2.6,+6.54,2.52,SLOW,4404.94,4405.24,4403.72,4404.91,0.00,0.00,0.0,BEARISH,152.0,4404.44,4404.67,4404.44,4404.67,7,ACTIVE_7s,23.0,23.0,0.0,0.0,0.0,0.0,0.0,PASS_<20%,0.00,0.0,NO,STANDBY_VEL_LOW,0,0.00,4590.00,136.06,FALSE,M1_DIRECTION_MISMATCH|OPENING_SHIELD_ACTIVE_7s
2026-09-07 18:21:07.739,1788805267.739,3126,6,42,4404.67,4404.75,8.0,PASS_<=10c,+0.0,FLAT,+23.0,-27.0,2.7,+5.73,2.12,SLOW,4404.94,4405.24,4403.72,4404.91,0.00,0.00,0.0,BEARISH,152.0,4404.44,4404.67,4404.44,4404.67,7,ACTIVE_7s,23.0,23.0,0.0,0.0,0.0,0.0,0.0,PASS_<20%,0.00,0.0,NO,STANDBY_VEL_LOW,0,0.00,4590.00,136.06,FALSE,M1_DIRECTION_MISMATCH|OPENING_SHIELD_ACTIVE_7s
2026-09-07 18:21:08.241,1788805268.241,3127,7,43,4404.66,4404.74,8.0,PASS_<=10c,-1.0,DOWN,+22.0,-28.0,2.9,+4.87,1.68,SLOW,4404.94,4405.24,4403.72,4404.91,0.00,0.00,0.0,BEARISH,152.0,4404.44,4404.67,4404.44,4404.66,8,ACTIVE_8s,23.0,22.0,1.0,0.0,4.3,0.0,0.0,PASS_<20%,0.00,0.0,NO,STANDBY_VEL_LOW,0,0.00,4590.00,136.06,FALSE,M1_DIRECTION_MISMATCH|OPENING_SHIELD_ACTIVE_8s
2026-09-07 18:21:08.742,1788805268.743,3128,8,44,4404.66,4404.74,8.0,PASS_<=10c,+0.0,FLAT,+22.0,-28.0,4.5,+7.08,1.57,SLOW,4404.94,4405.24,4403.72,4404.91,0.00,0.00,0.0,BEARISH,152.0,4404.44,4404.67,4404.44,4404.66,8,ACTIVE_8s,23.0,22.0,1.0,0.0,4.3,0.0,0.0,PASS_<20%,0.00,0.0,NO,STANDBY_VEL_LOW,0,0.00,4590.00,136.06,FALSE,M1_DIRECTION_MISMATCH|OPENING_SHIELD_ACTIVE_8s
2026-09-07 18:21:09.244,1788805269.244,3129,9,45,4404.64,4404.72,8.0,PASS_<=10c,-2.0,DOWN,+20.0,-30.0,4.4,+5.54,1.26,SLOW,4404.94,4405.24,4403.72,4404.91,0.00,0.00,0.0,BEARISH,152.0,4404.44,4404.67,4404.44,4404.64,9,ACTIVE_9s,23.0,20.0,3.0,0.0,13.0,0.0,0.0,PASS_<20%,0.00,0.0,NO,STANDBY_VEL_LOW,0,0.00,4590.00,136.06,FALSE,M1_DIRECTION_MISMATCH|OPENING_SHIELD_ACTIVE_9s
2026-09-07 18:21:09.745,1788805269.746,3130,10,46,4404.64,4404.72,8.0,PASS_<=10c,+0.0,FLAT,+20.0,-30.0,4.4,+4.86,1.10,SLOW,4404.94,4405.24,4403.72,4404.91,0.00,0.00,0.0,BEARISH,152.0,4404.44,4404.67,4404.44,4404.64,9,ACTIVE_9s,23.0,20.0,3.0,0.0,13.0,0.0,0.0,PASS_<20%,0.00,0.0,NO,STANDBY_VEL_LOW,0,0.00,4590.00,136.06,FALSE,M1_DIRECTION_MISMATCH|OPENING_SHIELD_ACTIVE_9s
2026-09-07 18:21:10.246,1788805270.247,3131,11,47,4404.64,4404.72,8.0,PASS_<=10c,+0.0,FLAT,+20.0,-30.0,4.3,+4.33,1.01,SLOW,4404.94,4405.24,4403.72,4404.91,0.00,0.00,0.0,BEARISH,152.0,4404.44,4404.67,4404.44,4404.64,10,ACTIVE_10s,23.0,20.0,3.0,0.0,13.0,0.0,0.0,PASS_<20%,0.00,0.0,NO,STANDBY_VEL_LOW,0,0.00,4590.00,136.06,FALSE,M1_DIRECTION_MISMATCH|OPENING_SHIELD_ACTIVE_10s
2026-09-07 18:21:10.748,1788805270.749,3132,12,48,4404.64,4404.72,8.0,PASS_<=10c,+0.0,FLAT,+20.0,-30.0,4.2,+0.42,0.10,SLOW,4404.94,4405.24,4403.72,4404.91,0.00,0.00,0.0,BEARISH,152.0,4404.44,4404.67,4404.44,4404.64,10,ACTIVE_10s,23.0,20.0,3.0,0.0,13.0,0.0,0.0,PASS_<20%,0.00,0.0,NO,STANDBY_VEL_LOW,0,0.00,4590.00,136.06,FALSE,M1_DIRECTION_MISMATCH|OPENING_SHIELD_ACTIVE_10s
2026-09-07 18:21:11.250,1788805271.250,3133,13,49,4404.64,4404.72,8.0,PASS_<=10c,+0.0,FLAT,+20.0,-30.0,4.2,+0.63,0.15,SLOW,4404.94,4405.24,4403.72,4404.91,0.00,0.00,0.0,BEARISH,152.0,4404.44,4404.67,4404.44,4404.64,11,ACTIVE_11s,23.0,20.0,3.0,0.0,13.0,0.0,0.0,PASS_<20%,0.00,0.0,NO,STANDBY_VEL_LOW,0,0.00,4590.00,136.06,FALSE,M1_DIRECTION_MISMATCH|OPENING_SHIELD_ACTIVE_11s
2026-09-07 18:21:11.752,1788805271.752,3134,14,50,4404.64,4404.72,8.0,PASS_<=10c,+0.0,FLAT,+20.0,-30.0,4.2,+0.63,0.15,SLOW,4404.94,4405.24,4403.72,4404.91,0.00,0.00,0.0,BEARISH,152.0,4404.44,4404.67,4404.44,4404.64,11,ACTIVE_11s,23.0,20.0,3.0,0.0,13.0,0.0,0.0,PASS_<20%,0.00,0.0,NO,STANDBY_VEL_LOW,0,0.00,4590.00,136.06,FALSE,M1_DIRECTION_MISMATCH|OPENING_SHIELD_ACTIVE_11s
2026-09-07 18:21:12.253,1788805272.254,3135,15,51,4404.64,4404.72,8.0,PASS_<=10c,+0.0,FLAT,+20.0,-30.0,4.2,+0.63,0.15,SLOW,4404.94,4405.24,4403.72,4404.91,0.00,0.00,0.0,BEARISH,152.0,4404.44,4404.67,4404.44,4404.64,12,ACTIVE_12s,23.0,20.0,3.0,0.0,13.0,0.0,0.0,PASS_<20%,0.00,0.0,NO,STANDBY_VEL_LOW,0,0.00,4590.00,136.06,FALSE,M1_DIRECTION_MISMATCH|OPENING_SHIELD_ACTIVE_12s
2026-09-07 18:21:12.755,1788805272.755,3136,16,52,4404.64,4404.72,8.0,PASS_<=10c,+0.0,FLAT,+20.0,-30.0,4.2,+0.42,0.10,SLOW,4404.94,4405.24,4403.72,4404.91,0.00,0.00,0.0,BEARISH,152.0,4404.44,4404.67,4404.44,4404.64,12,ACTIVE_12s,23.0,20.0,3.0,0.0,13.0,0.0,0.0,PASS_<20%,0.00,0.0,NO,STANDBY_VEL_LOW,0,0.00,4590.00,136.06,FALSE,M1_DIRECTION_MISMATCH|OPENING_SHIELD_ACTIVE_12s
2026-09-07 18:21:13.256,1788805273.256,3137,17,53,4404.64,4404.72,8.0,PASS_<=10c,+0.0,FLAT,+20.0,-30.0,4.2,+0.42,0.10,SLOW,4404.94,4405.24,4403.72,4404.91,0.00,0.00,0.0,BEARISH,152.0,4404.44,4404.67,4404.44,4404.64,13,ACTIVE_13s,23.0,20.0,3.0,0.0,13.0,0.0,0.0,PASS_<20%,0.00,0.0,NO,STANDBY_VEL_LOW,0,0.00,4590.00,136.06,FALSE,M1_DIRECTION_MISMATCH|OPENING_SHIELD_ACTIVE_13s
2026-09-07 18:21:18.771,1788805278.771,3138,18,54,4404.64,4404.72,8.0,PASS_<=10c,+0.0,FLAT,+20.0,-30.0,1.4,+0.32,0.23,SLOW,4404.94,4405.24,4403.72,4404.91,0.00,0.00,0.0,BEARISH,152.0,4404.44,4404.67,4404.44,4404.64,18,ACTIVE_18s,23.0,20.0,3.0,0.0,13.0,0.0,0.0,PASS_<20%,0.00,0.0,NO,STANDBY_VEL_LOW,0,0.00,4590.00,136.06,FALSE,M1_DIRECTION_MISMATCH|OPENING_SHIELD_ACTIVE_18s
2026-09-07 18:21:29.014,1788805289.015,3139,19,55,4404.64,4404.72,8.0,PASS_<=10c,+0.0,FLAT,+20.0,-30.0,1.3,+0.33,0.25,SLOW,4404.94,4405.24,4403.72,4404.91,0.00,0.00,0.0,BEARISH,152.0,4404.44,4404.67,4404.44,4404.64,29,CLEARED_>=20s,23.0,20.0,3.0,0.0,13.0,0.0,0.0,PASS_<20%,0.00,0.0,NO,STANDBY_VEL_LOW,0,0.00,4590.00,136.06,FALSE,M1_DIRECTION_MISMATCH
2026-09-07 18:21:30.425,1788805290.425,3140,20,56,4404.64,4404.72,8.0,PASS_<=10c,+0.0,FLAT,+20.0,-30.0,2.1,+0.32,0.15,SLOW,4404.94,4405.24,4403.72,4404.91,0.00,0.00,0.0,BEARISH,152.0,4404.44,4404.67,4404.44,4404.64,30,CLEARED_>=20s,23.0,20.0,3.0,0.0,13.0,0.0,0.0,PASS_<20%,0.00,0.0,NO,STANDBY_VEL_LOW,0,0.00,4590.00,136.06,FALSE,M1_DIRECTION_MISMATCH
2026-09-07 18:21:30.925,1788805290.926,3141,21,57,4404.44,4404.52,8.0,PASS_<=10c,-20.0,DOWN,+0.0,-50.0,2.6,+10.46,4.02,SLOW,4404.94,4405.24,4403.72,4404.91,0.00,0.00,0.0,BEARISH,152.0,4404.44,4404.67,4404.44,4404.44,30,CLEARED_>=20s,23.0,0.0,23.0,0.0,100.0,0.0,0.0,PASS_<20%,0.00,0.0,NO,STANDBY_VEL_LOW,0,0.00,4590.00,136.06,FALSE,M1_DIRECTION_MISMATCH
2026-09-07 18:21:31.429,1788805291.429,3142,22,58,4404.44,4404.52,8.0,PASS_<=10c,+0.0,FLAT,+0.0,-50.0,2.9,+8.28,2.86,SLOW,4404.94,4405.24,4403.72,4404.91,0.00,0.00,0.0,BEARISH,152.0,4404.44,4404.67,4404.44,4404.44,31,CLEARED_>=20s,23.0,0.0,23.0,0.0,100.0,0.0,0.0,PASS_<20%,0.00,0.0,NO,STANDBY_VEL_LOW,0,0.00,4590.00,136.06,FALSE,M1_DIRECTION_MISMATCH
2026-09-07 18:21:31.929,1788805291.930,3143,23,59,4404.41,4404.49,8.0,PASS_<=10c,-3.0,DOWN,-3.0,-53.0,3.1,+7.89,2.55,SLOW,4404.94,4405.24,4403.72,4404.91,0.00,0.00,0.0,BEARISH,152.0,4404.44,4404.67,4404.41,4404.41,31,CLEARED_>=20s,26.0,3.0,23.0,0.0,88.5,0.0,0.0,PASS_<20%,4404.29,12.0,NO,STANDBY_VEL_LOW,0,0.00,4590.00,136.06,FALSE,PRICE_ABOVE_15C_DISPLACEMENT
2026-09-07 18:21:32.431,1788805292.432,3144,24,60,4404.42,4404.50,8.0,PASS_<=10c,+1.0,UP,-2.0,-52.0,3.2,+6.44,2.01,SLOW,4404.94,4405.24,4403.72,4404.91,0.00,0.00,0.0,BEARISH,152.0,4404.44,4404.67,4404.41,4404.42,32,CLEARED_>=20s,26.0,2.0,23.0,1.0,88.5,3.8,3.8,PASS_<20%,4404.29,13.0,NO,STANDBY_VEL_LOW,0,0.00,4590.00,136.06,FALSE,PRICE_ABOVE_15C_DISPLACEMENT
2026-09-07 18:21:32.934,1788805292.934,3145,25,61,4404.42,4404.50,8.0,PASS_<=10c,+0.0,FLAT,-2.0,-52.0,3.3,+5.61,1.70,SLOW,4404.94,4405.24,4403.72,4404.91,0.00,0.00,0.0,BEARISH,152.0,4404.44,4404.67,4404.41,4404.42,32,CLEARED_>=20s,26.0,2.0,23.0,1.0,88.5,3.8,3.8,PASS_<20%,4404.29,13.0,NO,STANDBY_VEL_LOW,0,0.00,4590.00,136.06,FALSE,PRICE_ABOVE_15C_DISPLACEMENT
2026-09-07 18:21:33.435,1788805293.436,3146,26,62,4404.42,4404.50,8.0,PASS_<=10c,+0.0,FLAT,-2.0,-52.0,3.4,+4.98,1.46,SLOW,4404.94,4405.24,4403.72,4404.91,0.00,0.00,0.0,BEARISH,152.0,4404.44,4404.67,4404.41,4404.42,33,CLEARED_>=20s,26.0,2.0,23.0,1.0,88.5,3.8,3.8,PASS_<20%,4404.29,13.0,NO,STANDBY_VEL_LOW,0,0.00,4590.00,136.06,FALSE,PRICE_ABOVE_15C_DISPLACEMENT
2026-09-07 18:21:33.938,1788805293.938,3147,27,63,4404.42,4404.50,8.0,PASS_<=10c,+0.0,FLAT,-2.0,-52.0,3.5,+4.47,1.28,SLOW,4404.94,4405.24,4403.72,4404.91,0.00,0.00,0.0,BEARISH,152.0,4404.44,4404.67,4404.41,4404.42,33,CLEARED_>=20s,26.0,2.0,23.0,1.0,88.5,3.8,3.8,PASS_<20%,4404.29,13.0,NO,STANDBY_VEL_LOW,0,0.00,4590.00,136.06,FALSE,PRICE_ABOVE_15C_DISPLACEMENT
2026-09-07 18:21:34.461,1788805294.461,3148,28,64,4404.42,4404.50,8.0,PASS_<=10c,+0.0,FLAT,-2.0,-52.0,4.4,+5.32,1.21,SLOW,4404.94,4405.24,4403.72,4404.91,0.00,0.00,0.0,BEARISH,152.0,4404.44,4404.67,4404.41,4404.42,34,CLEARED_>=20s,26.0,2.0,23.0,1.0,88.5,3.8,3.8,PASS_<20%,4404.29,13.0,NO,STANDBY_VEL_LOW,0,0.00,4590.00,136.06,FALSE,PRICE_ABOVE_15C_DISPLACEMENT
2026-09-07 18:21:35.003,1788805295.004,3149,29,65,4404.42,4404.50,8.0,PASS_<=10c,+0.0,FLAT,-2.0,-52.0,4.3,+4.70,1.09,SLOW,4404.94,4405.24,4403.72,4404.91,0.00,0.00,0.0,BEARISH,152.0,4404.44,4404.67,4404.41,4404.42,35,CLEARED_>=20s,26.0,2.0,23.0,1.0,88.5,3.8,3.8,PASS_<20%,4404.29,13.0,NO,STANDBY_VEL_LOW,0,0.00,4590.00,136.06,FALSE,PRICE_ABOVE_15C_DISPLACEMENT
2026-09-07 18:21:35.506,1788805295.507,3150,30,66,4404.42,4404.50,8.0,PASS_<=10c,+0.0,FLAT,-2.0,-52.0,4.1,+0.83,0.20,SLOW,4404.94,4405.24,4403.72,4404.91,0.00,0.00,0.0,BEARISH,152.0,4404.44,4404.67,4404.41,4404.42,35,CLEARED_>=20s,26.0,2.0,23.0,1.0,88.5,3.8,3.8,PASS_<20%,4404.29,13.0,NO,STANDBY_VEL_LOW,0,0.00,4590.00,136.06,FALSE,PRICE_ABOVE_15C_DISPLACEMENT
2026-09-07 18:21:36.003,1788805296.004,3151,31,67,4404.42,4404.50,8.0,PASS_<=10c,+0.0,FLAT,-2.0,-52.0,4.1,+0.41,0.10,SLOW,4404.94,4405.24,4403.72,4404.91,0.00,0.00,0.0,BEARISH,152.0,4404.44,4404.67,4404.41,4404.42,36,CLEARED_>=20s,26.0,2.0,23.0,1.0,88.5,3.8,3.8,PASS_<20%,4404.29,13.0,NO,STANDBY_VEL_LOW,0,0.00,4590.00,136.06,FALSE,PRICE_ABOVE_15C_DISPLACEMENT
2026-09-07 18:21:36.512,1788805296.513,3152,32,68,4404.42,4404.50,8.0,PASS_<=10c,+0.0,FLAT,-2.0,-52.0,4.1,+0.41,0.10,SLOW,4404.94,4405.24,4403.72,4404.91,0.00,0.00,0.0,BEARISH,152.0,4404.44,4404.67,4404.41,4404.42,36,CLEARED_>=20s,26.0,2.0,23.0,1.0,88.5,3.8,3.8,PASS_<20%,4404.29,13.0,NO,STANDBY_VEL_LOW,0,0.00,4590.00,136.06,FALSE,PRICE_ABOVE_15C_DISPLACEMENT
2026-09-07 18:21:37.014,1788805297.015,3153,33,69,4404.42,4404.50,8.0,PASS_<=10c,+0.0,FLAT,-2.0,-52.0,4.1,+0.00,0.00,SLOW,4404.94,4405.24,4403.72,4404.91,0.00,0.00,0.0,BEARISH,152.0,4404.44,4404.67,4404.41,4404.42,37,CLEARED_>=20s,26.0,2.0,23.0,1.0,88.5,3.8,3.8,PASS_<20%,4404.29,13.0,NO,STANDBY_VEL_LOW,0,0.00,4590.00,136.06,FALSE,PRICE_ABOVE_15C_DISPLACEMENT
2026-09-07 18:21:37.516,1788805297.516,3154,34,70,4404.42,4404.50,8.0,PASS_<=10c,+0.0,FLAT,-2.0,-52.0,4.1,+0.00,0.00,SLOW,4404.94,4405.24,4403.72,4404.91,0.00,0.00,0.0,BEARISH,152.0,4404.44,4404.67,4404.41,4404.42,37,CLEARED_>=20s,26.0,2.0,23.0,1.0,88.5,3.8,3.8,PASS_<20%,4404.29,13.0,NO,STANDBY_VEL_LOW,0,0.00,4590.00,136.06,FALSE,PRICE_ABOVE_15C_DISPLACEMENT
2026-09-07 18:21:38.017,1788805298.018,3155,35,71,4404.42,4404.50,8.0,PASS_<=10c,+0.0,FLAT,-2.0,-52.0,4.1,+0.00,0.00,SLOW,4404.94,4405.24,4403.72,4404.91,0.00,0.00,0.0,BEARISH,152.0,4404.44,4404.67,4404.41,4404.42,38,CLEARED_>=20s,26.0,2.0,23.0,1.0,88.5,3.8,3.8,PASS_<20%,4404.29,13.0,NO,STANDBY_VEL_LOW,0,0.00,4590.00,136.06,FALSE,PRICE_ABOVE_15C_DISPLACEMENT
2026-09-07 18:21:43.533,1788805303.533,3156,36,72,4404.42,4404.50,8.0,PASS_<=10c,+0.0,FLAT,-2.0,-52.0,1.5,+0.00,0.00,SLOW,4404.94,4405.24,4403.72,4404.91,0.00,0.00,0.0,BEARISH,152.0,4404.44,4404.67,4404.41,4404.42,43,CLEARED_>=20s,26.0,2.0,23.0,1.0,88.5,3.8,3.8,PASS_<20%,4404.29,13.0,NO,STANDBY_VEL_LOW,0,0.00,4590.00,136.06,FALSE,PRICE_ABOVE_15C_DISPLACEMENT
2026-09-07 18:21:53.759,1788805313.760,3157,37,73,4404.42,4404.50,8.0,PASS_<=10c,+0.0,FLAT,-2.0,-52.0,1.3,+0.00,0.00,SLOW,4404.94,4405.24,4403.72,4404.91,0.00,0.00,0.0,BEARISH,152.0,4404.44,4404.67,4404.41,4404.42,53,CLEARED_>=20s,26.0,2.0,23.0,1.0,88.5,3.8,3.8,PASS_<20%,4404.29,13.0,NO,STANDBY_VEL_LOW,0,0.00,4590.00,136.06,FALSE,PRICE_ABOVE_15C_DISPLACEMENT
2026-09-07 18:21:54.765,1788805314.765,3158,38,74,4404.84,4404.92,8.0,PASS_<=10c,+42.0,UP,+40.0,-10.0,3.0,+41.76,13.92,SLOW,4404.94,4405.24,4403.72,4404.91,0.00,0.00,0.0,BEARISH,152.0,4404.44,4404.84,4404.41,4404.84,54,CLEARED_>=20s,43.0,40.0,0.0,3.0,0.0,7.0,7.0,PASS_<20%,0.00,0.0,NO,STANDBY_VEL_LOW,0,0.00,4590.00,136.06,FALSE,M1_DIRECTION_MISMATCH
2026-09-07 18:21:55.267,1788805315.267,3159,39,75,4404.86,4404.94,8.0,PASS_<=10c,+2.0,UP,+42.0,-8.0,3.3,+29.19,8.85,SLOW,4404.94,4405.24,4403.72,4404.91,0.00,0.00,0.0,BEARISH,152.0,4404.44,4404.86,4404.41,4404.86,55,CLEARED_>=20s,45.0,42.0,0.0,3.0,0.0,6.7,6.7,PASS_<20%,0.00,0.0,NO,STANDBY_VEL_LOW,0,0.00,4590.00,136.06,FALSE,M1_DIRECTION_MISMATCH
2026-09-07 18:21:55.769,1788805315.770,3160,40,76,4404.86,4404.94,8.0,PASS_<=10c,+0.0,FLAT,+42.0,-8.0,3.5,+21.90,6.26,SLOW,4404.94,4405.24,4403.72,4404.91,0.00,0.00,0.0,BEARISH,152.0,4404.44,4404.86,4404.41,4404.86,55,CLEARED_>=20s,45.0,42.0,0.0,3.0,0.0,6.7,6.7,PASS_<20%,0.00,0.0,NO,STANDBY_VEL_LOW,0,0.00,4590.00,136.06,FALSE,M1_DIRECTION_MISMATCH
2026-09-07 18:21:56.269,1788805316.270,3161,41,77,4404.86,4404.94,8.0,PASS_<=10c,+0.0,FLAT,+42.0,-8.0,3.6,+17.53,4.87,SLOW,4404.94,4405.24,4403.72,4404.91,0.00,0.00,0.0,BEARISH,152.0,4404.44,4404.87,4404.41,4404.86,56,CLEARED_>=20s,46.0,42.0,1.0,3.0,2.2,6.5,6.5,PASS_<20%,0.00,0.0,NO,STANDBY_VEL_LOW,0,0.00,4590.00,136.06,FALSE,M1_DIRECTION_MISMATCH
2026-09-07 18:21:56.771,1788805316.772,3162,42,78,4404.86,4404.94,8.0,PASS_<=10c,+0.0,FLAT,+42.0,-8.0,3.7,+14.61,3.95,SLOW,4404.94,4405.24,4403.72,4404.91,0.00,0.00,0.0,BEARISH,152.0,4404.44,4404.87,4404.41,4404.86,56,CLEARED_>=20s,46.0,42.0,1.0,3.0,2.2,6.5,6.5,PASS_<20%,0.00,0.0,NO,STANDBY_VEL_LOW,0,0.00,4590.00,136.06,FALSE,M1_DIRECTION_MISMATCH
2026-09-07 18:21:57.273,1788805317.274,3163,43,79,4404.91,4404.99,8.0,PASS_<=10c,+5.0,UP,+47.0,-3.0,3.7,+13.94,3.77,SLOW,4404.94,4405.24,4403.72,4404.91,0.00,0.00,0.0,BEARISH,152.0,4404.44,4404.91,4404.41,4404.91,57,CLEARED_>=20s,50.0,47.0,0.0,3.0,0.0,6.0,6.0,PASS_<20%,0.00,0.0,NO,STANDBY_VEL_LOW,0,0.00,4590.00,136.06,FALSE,M1_DIRECTION_MISMATCH
2026-09-07 18:21:57.774,1788805317.775,3164,44,80,4404.93,4405.01,8.0,PASS_<=10c,+2.0,UP,+49.0,-1.0,3.7,+12.70,3.43,SLOW,4404.94,4405.24,4403.72,4404.91,0.00,0.00,0.0,BEARISH,152.0,4404.44,4404.93,4404.41,4404.93,57,CLEARED_>=20s,52.0,49.0,0.0,3.0,0.0,5.8,5.8,PASS_<20%,0.00,0.0,NO,STANDBY_VEL_LOW,0,0.00,4590.00,136.06,FALSE,M1_DIRECTION_MISMATCH
2026-09-07 18:21:58.276,1788805318.277,3165,45,81,4404.98,4405.06,8.0,PASS_<=10c,+5.0,UP,+54.0,+4.0,3.8,+12.40,3.26,SLOW,4404.94,4405.24,4403.72,4404.91,0.00,0.00,0.0,BEARISH,152.0,4404.44,4404.98,4404.41,4404.98,58,CLEARED_>=20s,57.0,54.0,0.0,3.0,0.0,5.3,5.3,PASS_<20%,0.00,0.0,NO,STANDBY_VEL_LOW,0,0.00,4590.00,136.06,FALSE,M1_DIRECTION_MISMATCH
2026-09-07 18:21:58.778,1788805318.778,3166,46,82,4404.92,4405.00,8.0,PASS_<=10c,-6.0,DOWN,+48.0,-2.0,4.4,+12.15,2.76,SLOW,4404.94,4405.24,4403.72,4404.91,0.00,0.00,0.0,BEARISH,152.0,4404.44,4404.98,4404.41,4404.92,58,CLEARED_>=20s,57.0,48.0,6.0,3.0,10.5,5.3,5.3,PASS_<20%,0.00,0.0,NO,STANDBY_VEL_LOW,0,0.00,4590.00,136.06,FALSE,M1_DIRECTION_MISMATCH
2026-09-07 18:21:59.279,1788805319.279,3167,47,83,4404.92,4405.00,8.0,PASS_<=10c,+0.0,FLAT,+48.0,-2.0,4.3,+10.83,2.52,SLOW,4404.94,4405.24,4403.72,4404.91,0.00,0.00,0.0,BEARISH,152.0,4404.44,4404.98,4404.41,4404.92,59,CLEARED_>=20s,57.0,48.0,6.0,3.0,10.5,5.3,5.3,PASS_<20%,0.00,0.0,NO,STANDBY_VEL_LOW,0,0.00,4590.00,136.06,FALSE,M1_DIRECTION_MISMATCH
2026-09-07 18:21:59.782,1788805319.783,3168,48,84,4404.92,4405.00,8.0,PASS_<=10c,+0.0,FLAT,+48.0,-2.0,4.2,+1.68,0.40,SLOW,4404.94,4405.24,4403.72,4404.91,0.00,0.00,0.0,BEARISH,152.0,4404.44,4404.98,4404.41,4404.92,59,CLEARED_>=20s,57.0,48.0,6.0,3.0,10.5,5.3,5.3,PASS_<20%,0.00,0.0,NO,STANDBY_VEL_LOW,0,0.00,4590.00,136.06,FALSE,M1_DIRECTION_MISMATCH
2026-09-07 18:22:00.292,1788805320.293,3169,1,85,4404.92,4405.00,8.0,PASS_<=10c,+0.0,FLAT,+0.0,-2.0,4.2,+1.26,0.30,SLOW,4404.94,4405.24,4403.72,4404.91,0.00,0.00,0.0,BEARISH,152.0,4404.92,4404.92,4404.92,4404.92,0,ACTIVE_0s,1.0,0.0,0.0,0.0,0.0,0.0,0.0,PASS_<20%,0.00,0.0,NO,STANDBY_VEL_LOW,0,0.00,4590.00,136.06,FALSE,M1_DIRECTION_MISMATCH|OPENING_SHIELD_ACTIVE_0s
2026-09-07 18:22:00.783,1788805320.784,3170,2,86,4404.92,4405.00,8.0,PASS_<=10c,+0.0,FLAT,+0.0,-2.0,4.2,+1.05,0.25,SLOW,4404.94,4405.24,4403.72,4404.91,0.00,0.00,0.0,BEARISH,152.0,4404.92,4404.92,4404.92,4404.92,0,ACTIVE_0s,1.0,0.0,0.0,0.0,0.0,0.0,0.0,PASS_<20%,0.00,0.0,NO,STANDBY_VEL_LOW,0,0.00,4590.00,136.06,FALSE,M1_DIRECTION_MISMATCH|OPENING_SHIELD_ACTIVE_0s
2026-09-07 18:22:01.286,1788805321.286,3171,3,87,4404.92,4405.00,8.0,PASS_<=10c,+0.0,FLAT,+0.0,-2.0,4.2,+1.26,0.30,SLOW,4404.94,4405.24,4403.72,4404.91,0.00,0.00,0.0,BEARISH,152.0,4404.92,4404.92,4404.92,4404.92,1,ACTIVE_1s,1.0,0.0,0.0,0.0,0.0,0.0,0.0,PASS_<20%,0.00,0.0,NO,STANDBY_VEL_LOW,0,0.00,4590.00,136.06,FALSE,M1_DIRECTION_MISMATCH|OPENING_SHIELD_ACTIVE_1s
2026-09-07 18:22:01.788,1788805321.789,3172,4,88,4404.92,4405.00,8.0,PASS_<=10c,+0.0,FLAT,+0.0,-2.0,4.2,+1.26,0.30,SLOW,4404.94,4405.24,4403.72,4404.91,0.00,0.00,0.0,BEARISH,152.0,4404.92,4404.92,4404.92,4404.92,1,ACTIVE_1s,1.0,0.0,0.0,0.0,0.0,0.0,0.0,PASS_<20%,0.00,0.0,NO,STANDBY_VEL_LOW,0,0.00,4590.00,136.06,FALSE,M1_DIRECTION_MISMATCH|OPENING_SHIELD_ACTIVE_1s
2026-09-07 18:22:02.290,1788805322.291,3173,5,89,4404.92,4405.00,8.0,PASS_<=10c,+0.0,FLAT,+0.0,-2.0,4.2,+0.82,0.20,SLOW,4404.94,4405.24,4403.72,4404.91,0.00,0.00,0.0,BEARISH,152.0,4404.92,4404.92,4404.92,4404.92,2,ACTIVE_2s,1.0,0.0,0.0,0.0,0.0,0.0,0.0,PASS_<20%,0.00,0.0,NO,STANDBY_VEL_LOW,0,0.00,4590.00,136.06,FALSE,M1_DIRECTION_MISMATCH|OPENING_SHIELD_ACTIVE_2s
2026-09-07 18:22:07.804,1788805327.805,3174,6,90,4404.92,4405.00,8.0,PASS_<=10c,+0.0,FLAT,+0.0,-2.0,1.6,+0.43,0.27,SLOW,4404.94,4405.24,4403.72,4404.91,0.00,0.00,0.0,BEARISH,152.0,4404.92,4404.92,4404.92,4404.92,7,ACTIVE_7s,1.0,0.0,0.0,0.0,0.0,0.0,0.0,PASS_<20%,0.00,0.0,NO,STANDBY_VEL_LOW,0,0.00,4590.00,136.06,FALSE,M1_DIRECTION_MISMATCH|OPENING_SHIELD_ACTIVE_7s
2026-09-07 18:22:18.037,1788805338.037,3175,7,91,4404.92,4405.00,8.0,PASS_<=10c,+0.0,FLAT,+0.0,-2.0,1.3,+0.47,0.36,SLOW,4404.94,4405.24,4403.72,4404.91,0.00,0.00,0.0,BEARISH,152.0,4404.92,4404.92,4404.92,4404.92,18,ACTIVE_18s,1.0,0.0,0.0,0.0,0.0,0.0,0.0,PASS_<20%,0.00,0.0,NO,STANDBY_VEL_LOW,0,0.00,4590.00,136.06,FALSE,M1_DIRECTION_MISMATCH|OPENING_SHIELD_ACTIVE_18s
2026-09-07 18:22:19.847,1788805339.847,3176,8,92,4406.00,4406.08,8.0,PASS_<=10c,+108.0,UP,+108.0,+106.0,1.7,+59.68,35.11,SLOW,4404.94,4405.24,4403.72,4404.91,0.00,0.00,0.0,BEARISH,152.0,4404.92,4406.00,4404.92,4406.00,19,ACTIVE_19s,108.0,108.0,0.0,0.0,0.0,0.0,0.0,PASS_<20%,0.00,0.0,NO,STANDBY_VEL_LOW,0,0.00,4590.00,136.06,FALSE,M1_DIRECTION_MISMATCH|OPENING_SHIELD_ACTIVE_19s
2026-09-07 18:22:20.347,1788805340.348,3177,9,93,4406.00,4406.08,8.0,PASS_<=10c,+0.0,FLAT,+108.0,+106.0,2.2,+46.74,21.25,SLOW,4404.94,4405.24,4403.72,4404.91,0.00,0.00,0.0,BEARISH,152.0,4404.92,4406.00,4404.92,4406.00,20,CLEARED_>=20s,108.0,108.0,0.0,0.0,0.0,0.0,0.0,PASS_<20%,0.00,0.0,NO,STANDBY_VEL_LOW,0,0.00,4590.00,136.06,FALSE,M1_DIRECTION_MISMATCH
2026-09-07 18:22:20.849,1788805340.850,3178,10,94,4406.00,4406.08,8.0,PASS_<=10c,+0.0,FLAT,+108.0,+106.0,2.5,+38.40,15.36,SLOW,4404.94,4405.24,4403.72,4404.91,0.00,0.00,0.0,BEARISH,152.0,4404.92,4406.00,4404.92,4406.00,20,CLEARED_>=20s,108.0,108.0,0.0,0.0,0.0,0.0,0.0,PASS_<20%,0.00,0.0,NO,STANDBY_VEL_LOW,0,0.00,4590.00,136.06,FALSE,M1_DIRECTION_MISMATCH
2026-09-07 18:22:21.352,1788805341.352,3179,11,95,4406.00,4406.08,8.0,PASS_<=10c,+0.0,FLAT,+108.0,+106.0,2.7,+32.58,12.07,SLOW,4404.94,4405.24,4403.72,4404.91,0.00,0.00,0.0,BEARISH,152.0,4404.92,4406.00,4404.92,4406.00,21,CLEARED_>=20s,108.0,108.0,0.0,0.0,0.0,0.0,0.0,PASS_<20%,0.00,0.0,NO,STANDBY_VEL_LOW,0,0.00,4590.00,136.06,FALSE,M1_DIRECTION_MISMATCH
2026-09-07 18:22:21.854,1788805341.854,3180,12,96,4406.00,4406.08,8.0,PASS_<=10c,+0.0,FLAT,+108.0,+106.0,2.9,+28.29,9.76,SLOW,4404.94,4405.24,4403.72,4404.91,0.00,0.00,0.0,BEARISH,152.0,4404.92,4406.00,4404.92,4406.00,21,CLEARED_>=20s,108.0,108.0,0.0,0.0,0.0,0.0,0.0,PASS_<20%,0.00,0.0,NO,STANDBY_VEL_LOW,0,0.00,4590.00,136.06,FALSE,M1_DIRECTION_MISMATCH
2026-09-07 18:22:22.356,1788805342.356,3181,13,97,4406.00,4406.08,8.0,PASS_<=10c,+0.0,FLAT,+108.0,+106.0,3.0,+25.00,8.33,SLOW,4404.94,4405.24,4403.72,4404.91,0.00,0.00,0.0,BEARISH,152.0,4404.92,4406.00,4404.92,4406.00,22,CLEARED_>=20s,108.0,108.0,0.0,0.0,0.0,0.0,0.0,PASS_<20%,0.00,0.0,NO,STANDBY_VEL_LOW,0,0.00,4590.00,136.06,FALSE,M1_DIRECTION_MISMATCH
2026-09-07 18:22:22.858,1788805342.858,3182,14,98,4405.98,4406.06,8.0,PASS_<=10c,-2.0,DOWN,+106.0,+104.0,3.1,+21.99,7.09,SLOW,4404.94,4405.24,4403.72,4404.91,0.00,0.00,0.0,BEARISH,152.0,4404.92,4406.00,4404.92,4405.98,22,CLEARED_>=20s,108.0,106.0,2.0,0.0,1.9,0.0,0.0,PASS_<20%,0.00,0.0,NO,STANDBY_VEL_LOW,0,0.00,4590.00,136.06,FALSE,M1_DIRECTION_MISMATCH
2026-09-07 18:22:23.359,1788805343.360,3183,15,99,4405.97,4406.05,8.0,PASS_<=10c,-1.0,DOWN,+105.0,+103.0,4.4,+2.24,0.51,SLOW,4404.94,4405.24,4403.72,4404.91,0.00,0.00,0.0,BEARISH,152.0,4404.92,4406.00,4404.92,4405.97,23,CLEARED_>=20s,108.0,105.0,3.0,0.0,2.8,0.0,0.0,PASS_<20%,0.00,0.0,NO,STANDBY_VEL_LOW,0,0.00,4590.00,136.06,FALSE,M1_DIRECTION_MISMATCH
2026-09-07 18:22:23.861,1788805343.861,3184,16,100,4405.97,4406.05,8.0,PASS_<=10c,+0.0,FLAT,+105.0,+103.0,4.4,+2.22,0.50,SLOW,4404.94,4405.24,4403.72,4404.91,0.00,0.00,0.0,BEARISH,152.0,4404.92,4406.00,4404.92,4405.97,23,CLEARED_>=20s,108.0,105.0,3.0,0.0,2.8,0.0,0.0,PASS_<20%,0.00,0.0,NO,STANDBY_VEL_LOW,0,0.00,4590.00,136.06,FALSE,M1_DIRECTION_MISMATCH
2026-09-07 18:22:24.363,1788805344.363,3185,17,101,4405.97,4406.05,8.0,PASS_<=10c,+0.0,FLAT,+105.0,+103.0,4.3,+2.40,0.56,SLOW,4404.94,4405.24,4403.72,4404.91,0.00,0.00,0.0,BEARISH,152.0,4404.92,4406.00,4404.92,4405.97,24,CLEARED_>=20s,108.0,105.0,3.0,0.0,2.8,0.0,0.0,PASS_<20%,0.00,0.0,NO,STANDBY_VEL_LOW,0,0.00,4590.00,136.06,FALSE,M1_DIRECTION_MISMATCH
2026-09-07 18:22:24.864,1788805344.865,3186,18,102,4405.97,4406.05,8.0,PASS_<=10c,+0.0,FLAT,+105.0,+103.0,4.2,+2.38,0.57,SLOW,4404.94,4405.24,4403.72,4404.91,0.00,0.00,0.0,BEARISH,152.0,4404.92,4406.00,4404.92,4405.97,24,CLEARED_>=20s,108.0,105.0,3.0,0.0,2.8,0.0,0.0,PASS_<20%,0.00,0.0,NO,STANDBY_VEL_LOW,0,0.00,4590.00,136.06,FALSE,M1_DIRECTION_MISMATCH
2026-09-07 18:22:25.366,1788805345.367,3187,19,103,4405.97,4406.05,8.0,PASS_<=10c,+0.0,FLAT,+105.0,+103.0,4.2,+2.36,0.56,SLOW,4404.94,4405.24,4403.72,4404.91,0.00,0.00,0.0,BEARISH,152.0,4404.92,4406.00,4404.92,4405.97,25,CLEARED_>=20s,108.0,105.0,3.0,0.0,2.8,0.0,0.0,PASS_<20%,0.00,0.0,NO,STANDBY_VEL_LOW,0,0.00,4590.00,136.06,FALSE,M1_DIRECTION_MISMATCH
2026-09-07 18:22:25.869,1788805345.869,3188,20,104,4405.97,4406.05,8.0,PASS_<=10c,+0.0,FLAT,+105.0,+103.0,4.2,+2.34,0.56,SLOW,4404.94,4405.24,4403.72,4404.91,0.00,0.00,0.0,BEARISH,152.0,4404.92,4406.00,4404.92,4405.97,25,CLEARED_>=20s,108.0,105.0,3.0,0.0,2.8,0.0,0.0,PASS_<20%,0.00,0.0,NO,STANDBY_VEL_LOW,0,0.00,4590.00,136.06,FALSE,M1_DIRECTION_MISMATCH
2026-09-07 18:22:26.370,1788805346.371,3189,21,105,4405.97,4406.05,8.0,PASS_<=10c,+0.0,FLAT,+105.0,+103.0,4.2,+2.32,0.55,SLOW,4404.94,4405.24,4403.72,4404.91,0.00,0.00,0.0,BEARISH,152.0,4404.92,4406.00,4404.92,4405.97,26,CLEARED_>=20s,108.0,105.0,3.0,0.0,2.8,0.0,0.0,PASS_<20%,0.00,0.0,NO,STANDBY_VEL_LOW,0,0.00,4590.00,136.06,FALSE,M1_DIRECTION_MISMATCH
2026-09-07 18:22:26.872,1788805346.872,3190,22,106,4405.97,4406.05,8.0,PASS_<=10c,+0.0,FLAT,+105.0,+103.0,4.2,+2.30,0.55,SLOW,4404.94,4405.24,4403.72,4404.91,0.00,0.00,0.0,BEARISH,152.0,4404.92,4406.00,4404.92,4405.97,26,CLEARED_>=20s,108.0,105.0,3.0,0.0,2.8,0.0,0.0,PASS_<20%,0.00,0.0,NO,STANDBY_VEL_LOW,0,0.00,4590.00,136.06,FALSE,M1_DIRECTION_MISMATCH
2026-09-07 18:22:27.373,1788805347.373,3191,23,107,4405.97,4406.05,8.0,PASS_<=10c,+0.0,FLAT,+105.0,+103.0,4.2,+2.28,0.54,SLOW,4404.94,4405.24,4403.72,4404.91,0.00,0.00,0.0,BEARISH,152.0,4404.92,4406.00,4404.92,4405.97,27,CLEARED_>=20s,108.0,105.0,3.0,0.0,2.8,0.0,0.0,PASS_<20%,0.00,0.0,NO,STANDBY_VEL_LOW,0,0.00,4590.00,136.06,FALSE,M1_DIRECTION_MISMATCH
2026-09-07 18:22:32.889,1788805352.889,3192,24,108,4405.97,4406.05,8.0,PASS_<=10c,+0.0,FLAT,+105.0,+103.0,1.6,+2.59,1.62,SLOW,4404.94,4405.24,4403.72,4404.91,0.00,0.00,0.0,BEARISH,152.0,4404.92,4406.00,4404.92,4405.97,32,CLEARED_>=20s,108.0,105.0,3.0,0.0,2.8,0.0,0.0,PASS_<20%,0.00,0.0,NO,STANDBY_VEL_LOW,0,0.00,4590.00,136.06,FALSE,M1_DIRECTION_MISMATCH
2026-09-07 18:22:43.117,1788805363.118,3193,25,109,4405.97,4406.05,8.0,PASS_<=10c,+0.0,FLAT,+105.0,+103.0,1.3,+2.60,2.00,SLOW,4404.94,4405.24,4403.72,4404.91,0.00,0.00,0.0,BEARISH,152.0,4404.92,4406.00,4404.92,4405.97,43,CLEARED_>=20s,108.0,105.0,3.0,0.0,2.8,0.0,0.0,PASS_<20%,0.00,0.0,NO,STANDBY_VEL_LOW,0,0.00,4590.00,136.06,FALSE,M1_DIRECTION_MISMATCH
2026-09-07 18:22:46.331,1788805366.331,3194,26,110,4405.99,4406.07,8.0,PASS_<=10c,+2.0,UP,+107.0,+105.0,1.3,+2.72,2.09,SLOW,4404.94,4405.24,4403.72,4404.91,0.00,0.00,0.0,BEARISH,152.0,4404.92,4406.00,4404.92,4405.99,46,CLEARED_>=20s,108.0,107.0,1.0,0.0,0.9,0.0,0.0,PASS_<20%,0.00,0.0,NO,STANDBY_VEL_LOW,0,0.00,4590.00,136.06,FALSE,M1_DIRECTION_MISMATCH
2026-09-07 18:22:46.833,1788805366.833,3195,27,111,4405.99,4406.07,8.0,PASS_<=10c,+0.0,FLAT,+107.0,+105.0,1.3,+2.70,2.08,SLOW,4404.94,4405.24,4403.72,4404.91,0.00,0.00,0.0,BEARISH,152.0,4404.92,4406.00,4404.92,4405.99,46,CLEARED_>=20s,108.0,107.0,1.0,0.0,0.9,0.0,0.0,PASS_<20%,0.00,0.0,NO,STANDBY_VEL_LOW,0,0.00,4590.00,136.06,FALSE,M1_DIRECTION_MISMATCH
2026-09-07 18:22:47.335,1788805367.336,3196,28,112,4405.99,4406.07,8.0,PASS_<=10c,+0.0,FLAT,+107.0,+105.0,1.7,+2.68,1.58,SLOW,4404.94,4405.24,4403.72,4404.91,0.00,0.00,0.0,BEARISH,152.0,4404.92,4406.00,4404.92,4405.99,47,CLEARED_>=20s,108.0,107.0,1.0,0.0,0.9,0.0,0.0,PASS_<20%,0.00,0.0,NO,STANDBY_VEL_LOW,0,0.00,4590.00,136.06,FALSE,M1_DIRECTION_MISMATCH
2026-09-07 18:22:47.837,1788805367.837,3197,29,113,4405.99,4406.07,8.0,PASS_<=10c,+0.0,FLAT,+107.0,+105.0,1.9,+2.65,1.39,SLOW,4404.94,4405.24,4403.72,4404.91,0.00,0.00,0.0,BEARISH,152.0,4404.92,4406.00,4404.92,4405.99,47,CLEARED_>=20s,108.0,107.0,1.0,0.0,0.9,0.0,0.0,PASS_<20%,0.00,0.0,NO,STANDBY_VEL_LOW,0,0.00,4590.00,136.06,FALSE,M1_DIRECTION_MISMATCH
2026-09-07 18:22:48.338,1788805368.339,3198,30,114,4405.99,4406.07,8.0,PASS_<=10c,+0.0,FLAT,+107.0,+105.0,4.7,+2.63,0.56,SLOW,4404.94,4405.24,4403.72,4404.91,0.00,0.00,0.0,BEARISH,152.0,4404.92,4406.00,4404.92,4405.99,48,CLEARED_>=20s,108.0,107.0,1.0,0.0,0.9,0.0,0.0,PASS_<20%,0.00,0.0,NO,STANDBY_VEL_LOW,0,0.00,4590.00,136.06,FALSE,M1_DIRECTION_MISMATCH
2026-09-07 18:22:48.840,1788805368.840,3199,31,115,4405.99,4406.07,8.0,PASS_<=10c,+0.0,FLAT,+107.0,+105.0,4.6,+2.85,0.62,SLOW,4404.94,4405.24,4403.72,4404.91,0.00,0.00,0.0,BEARISH,152.0,4404.92,4406.00,4404.92,4405.99,48,CLEARED_>=20s,108.0,107.0,1.0,0.0,0.9,0.0,0.0,PASS_<20%,0.00,0.0,NO,STANDBY_VEL_LOW,0,0.00,4590.00,136.06,FALSE,M1_DIRECTION_MISMATCH
2026-09-07 18:22:49.341,1788805369.342,3200,32,116,4406.00,4406.08,8.0,PASS_<=10c,+1.0,UP,+108.0,+106.0,4.5,+2.84,0.63,SLOW,4404.94,4405.24,4403.72,4404.91,0.00,0.00,0.0,BEARISH,152.0,4404.92,4406.00,4404.92,4406.00,49,CLEARED_>=20s,108.0,108.0,0.0,0.0,0.0,0.0,0.0,PASS_<20%,0.00,0.0,NO,STANDBY_VEL_LOW,0,0.00,4590.00,136.06,FALSE,M1_DIRECTION_MISMATCH
2026-09-07 18:22:49.843,1788805369.843,3201,33,117,4406.00,4406.08,8.0,PASS_<=10c,+0.0,FLAT,+108.0,+106.0,4.4,+2.82,0.64,SLOW,4404.94,4405.24,4403.72,4404.91,0.00,0.00,0.0,BEARISH,152.0,4404.92,4406.00,4404.92,4406.00,49,CLEARED_>=20s,108.0,108.0,0.0,0.0,0.0,0.0,0.0,PASS_<20%,0.00,0.0,NO,STANDBY_VEL_LOW,0,0.00,4590.00,136.06,FALSE,M1_DIRECTION_MISMATCH
2026-09-07 18:22:50.345,1788805370.345,3202,34,118,4405.99,4406.07,8.0,PASS_<=10c,-1.0,DOWN,+107.0,+105.0,4.4,+2.77,0.63,SLOW,4404.94,4405.24,4403.72,4404.91,0.00,0.00,0.0,BEARISH,152.0,4404.92,4406.00,4404.92,4405.99,50,CLEARED_>=20s,108.0,107.0,1.0,0.0,0.9,0.0,0.0,PASS_<20%,0.00,0.0,NO,STANDBY_VEL_LOW,0,0.00,4590.00,136.06,FALSE,M1_DIRECTION_MISMATCH
2026-09-07 18:22:50.846,1788805370.847,3203,35,119,4405.99,4406.07,8.0,PASS_<=10c,+0.0,FLAT,+107.0,+105.0,4.3,+2.75,0.64,SLOW,4404.94,4405.24,4403.72,4404.91,0.00,0.00,0.0,BEARISH,152.0,4404.92,4406.00,4404.92,4405.99,50,CLEARED_>=20s,108.0,107.0,1.0,0.0,0.9,0.0,0.0,PASS_<20%,0.00,0.0,NO,STANDBY_VEL_LOW,0,0.00,4590.00,136.06,FALSE,M1_DIRECTION_MISMATCH
2026-09-07 18:22:51.349,1788805371.350,3204,36,120,4405.99,4406.07,8.0,PASS_<=10c,+0.0,FLAT,+107.0,+105.0,4.2,+2.73,0.65,SLOW,4404.94,4405.24,4403.72,4404.91,0.00,0.00,0.0,BEARISH,152.0,4404.92,4406.00,4404.92,4405.99,51,CLEARED_>=20s,108.0,107.0,1.0,0.0,0.9,0.0,0.0,PASS_<20%,0.00,0.0,NO,STANDBY_VEL_LOW,0,0.00,4590.00,136.06,FALSE,M1_DIRECTION_MISMATCH
2026-09-07 18:22:51.867,1788805371.868,3205,37,121,4405.99,4406.07,8.0,PASS_<=10c,+0.0,FLAT,+107.0,+105.0,4.2,+2.70,0.64,SLOW,4404.94,4405.24,4403.72,4404.91,0.00,0.00,0.0,BEARISH,152.0,4404.92,4406.00,4404.92,4405.99,51,CLEARED_>=20s,108.0,107.0,1.0,0.0,0.9,0.0,0.0,PASS_<20%,0.00,0.0,NO,STANDBY_VEL_LOW,0,0.00,4590.00,136.06,FALSE,M1_DIRECTION_MISMATCH
2026-09-07 18:22:52.357,1788805372.358,3206,38,122,4405.99,4406.07,8.0,PASS_<=10c,+0.0,FLAT,+107.0,+105.0,4.2,+2.68,0.64,SLOW,4404.94,4405.24,4403.72,4404.91,0.00,0.00,0.0,BEARISH,152.0,4404.92,4406.00,4404.92,4405.99,52,CLEARED_>=20s,108.0,107.0,1.0,0.0,0.9,0.0,0.0,PASS_<20%,0.00,0.0,NO,STANDBY_VEL_LOW,0,0.00,4590.00,136.06,FALSE,M1_DIRECTION_MISMATCH
2026-09-07 18:22:52.859,1788805372.859,3207,39,123,4405.99,4406.07,8.0,PASS_<=10c,+0.0,FLAT,+107.0,+105.0,4.2,+2.66,0.63,SLOW,4404.94,4405.24,4403.72,4404.91,0.00,0.00,0.0,BEARISH,152.0,4404.92,4406.00,4404.92,4405.99,52,CLEARED_>=20s,108.0,107.0,1.0,0.0,0.9,0.0,0.0,PASS_<20%,0.00,0.0,NO,STANDBY_VEL_LOW,0,0.00,4590.00,136.06,FALSE,M1_DIRECTION_MISMATCH
2026-09-07 18:22:53.361,1788805373.362,3208,40,124,4405.99,4406.07,8.0,PASS_<=10c,+0.0,FLAT,+107.0,+105.0,4.2,+2.63,0.63,SLOW,4404.94,4405.24,4403.72,4404.91,0.00,0.00,0.0,BEARISH,152.0,4404.92,4406.00,4404.92,4405.99,53,CLEARED_>=20s,108.0,107.0,1.0,0.0,0.9,0.0,0.0,PASS_<20%,0.00,0.0,NO,STANDBY_VEL_LOW,0,0.00,4590.00,136.06,FALSE,M1_DIRECTION_MISMATCH
2026-09-07 18:22:53.862,1788805373.863,3209,41,125,4405.99,4406.07,8.0,PASS_<=10c,+0.0,FLAT,+107.0,+105.0,4.2,+2.65,0.63,SLOW,4404.94,4405.24,4403.72,4404.91,0.00,0.00,0.0,BEARISH,152.0,4404.92,4406.00,4404.92,4405.99,53,CLEARED_>=20s,108.0,107.0,1.0,0.0,0.9,0.0,0.0,PASS_<20%,0.00,0.0,NO,STANDBY_VEL_LOW,0,0.00,4590.00,136.06,FALSE,M1_DIRECTION_MISMATCH
2026-09-07 18:22:59.379,1788805379.379,3210,42,126,4405.99,4406.07,8.0,PASS_<=10c,+0.0,FLAT,+107.0,+105.0,1.4,+1.79,1.28,SLOW,4404.94,4405.24,4403.72,4404.91,0.00,0.00,0.0,BEARISH,152.0,4404.92,4406.00,4404.92,4405.99,59,CLEARED_>=20s,108.0,107.0,1.0,0.0,0.9,0.0,0.0,PASS_<20%,0.00,0.0,NO,STANDBY_VEL_LOW,0,0.00,4590.00,136.06,FALSE,M1_DIRECTION_MISMATCH
2026-09-07 18:23:09.609,1788805389.609,3211,1,127,4405.99,4406.07,8.0,PASS_<=10c,+0.0,FLAT,+0.0,+105.0,1.3,+1.89,1.45,SLOW,4404.94,4405.24,4403.72,4404.91,0.00,0.00,0.0,BEARISH,152.0,4405.99,4405.99,4405.99,4405.99,9,ACTIVE_9s,1.0,0.0,0.0,0.0,0.0,0.0,0.0,PASS_<20%,0.00,0.0,NO,STANDBY_VEL_LOW,0,0.00,4590.00,136.06,FALSE,M1_DIRECTION_MISMATCH|OPENING_SHIELD_ACTIVE_9s
2026-09-07 18:23:13.022,1788805393.022,3212,2,128,4406.14,4406.22,8.0,PASS_<=10c,+15.0,UP,+15.0,+120.0,1.4,+4.40,3.14,SLOW,4404.94,4405.24,4403.72,4404.91,0.00,0.00,0.0,BEARISH,152.0,4405.99,4406.14,4405.99,4406.14,13,ACTIVE_13s,15.0,15.0,0.0,0.0,0.0,0.0,0.0,PASS_<20%,0.00,0.0,NO,STANDBY_VEL_LOW,0,0.00,4590.00,136.06,FALSE,M1_DIRECTION_MISMATCH|OPENING_SHIELD_ACTIVE_13s
2026-09-07 18:23:13.524,1788805393.525,3213,3,129,4406.14,4406.22,8.0,PASS_<=10c,+0.0,FLAT,+15.0,+120.0,1.4,+3.83,2.74,SLOW,4404.94,4405.24,4403.72,4404.91,0.00,0.00,0.0,BEARISH,152.0,4405.99,4406.14,4405.99,4406.14,13,ACTIVE_13s,15.0,15.0,0.0,0.0,0.0,0.0,0.0,PASS_<20%,0.00,0.0,NO,STANDBY_VEL_LOW,0,0.00,4590.00,136.06,FALSE,M1_DIRECTION_MISMATCH|OPENING_SHIELD_ACTIVE_13s
2026-09-07 18:23:14.027,1788805394.028,3214,4,130,4406.14,4406.22,8.0,PASS_<=10c,+0.0,FLAT,+15.0,+120.0,1.6,+3.40,2.12,SLOW,4404.94,4405.24,4403.72,4404.91,0.00,0.00,0.0,BEARISH,152.0,4405.99,4406.14,4405.99,4406.14,14,ACTIVE_14s,15.0,15.0,0.0,0.0,0.0,0.0,0.0,PASS_<20%,0.00,0.0,NO,STANDBY_VEL_LOW,0,0.00,4590.00,136.06,FALSE,M1_DIRECTION_MISMATCH|OPENING_SHIELD_ACTIVE_14s
2026-09-07 18:23:14.529,1788805394.529,3215,5,131,4406.11,4406.19,8.0,PASS_<=10c,-3.0,DOWN,+12.0,+117.0,1.8,+2.44,1.36,SLOW,4404.94,4405.24,4403.72,4404.91,0.00,0.00,0.0,BEARISH,152.0,4405.99,4406.14,4405.99,4406.11,14,ACTIVE_14s,15.0,12.0,3.0,0.0,20.0,0.0,0.0,PASS_<20%,0.00,0.0,NO,STANDBY_VEL_LOW,0,0.00,4590.00,136.06,FALSE,M1_DIRECTION_MISMATCH|OPENING_SHIELD_ACTIVE_14s
2026-09-07 18:23:15.031,1788805395.032,3216,6,132,4406.11,4406.19,8.0,PASS_<=10c,+0.0,FLAT,+12.0,+117.0,4.7,+5.69,1.21,SLOW,4404.94,4405.24,4403.72,4404.91,0.00,0.00,0.0,BEARISH,152.0,4405.99,4406.14,4405.99,4406.11,15,ACTIVE_15s,15.0,12.0,3.0,0.0,20.0,0.0,0.0,PASS_<20%,0.00,0.0,NO,STANDBY_VEL_LOW,0,0.00,4590.00,136.06,FALSE,M1_DIRECTION_MISMATCH|OPENING_SHIELD_ACTIVE_15s
2026-09-07 18:23:15.533,1788805395.534,3217,7,133,4406.12,4406.20,8.0,PASS_<=10c,+1.0,UP,+13.0,+118.0,4.6,+4.98,1.08,SLOW,4404.94,4405.24,4403.72,4404.91,0.00,0.00,0.0,BEARISH,152.0,4405.99,4406.14,4405.99,4406.12,15,ACTIVE_15s,15.0,13.0,2.0,0.0,13.3,0.0,0.0,PASS_<20%,0.00,0.0,NO,STANDBY_VEL_LOW,0,0.00,4590.00,136.06,FALSE,M1_DIRECTION_MISMATCH|OPENING_SHIELD_ACTIVE_15s
2026-09-07 18:23:16.036,1788805396.037,3218,8,134,4406.07,4406.15,8.0,PASS_<=10c,-5.0,DOWN,+8.0,+113.0,4.5,+2.57,0.57,SLOW,4404.94,4405.24,4403.72,4404.91,0.00,0.00,0.0,BEARISH,152.0,4405.99,4406.14,4405.99,4406.07,16,ACTIVE_16s,15.0,8.0,7.0,0.0,46.7,0.0,0.0,PASS_<20%,0.00,0.0,NO,STANDBY_VEL_LOW,0,0.00,4590.00,136.06,FALSE,M1_DIRECTION_MISMATCH|OPENING_SHIELD_ACTIVE_16s
2026-09-07 18:23:16.538,1788805396.538,3219,9,135,4406.07,4406.15,8.0,PASS_<=10c,+0.0,FLAT,+8.0,+113.0,4.4,+2.21,0.50,SLOW,4404.94,4405.24,4403.72,4404.91,0.00,0.00,0.0,BEARISH,152.0,4405.99,4406.14,4405.99,4406.07,16,ACTIVE_16s,15.0,8.0,7.0,0.0,46.7,0.0,0.0,PASS_<20%,0.00,0.0,NO,STANDBY_VEL_LOW,0,0.00,4590.00,136.06,FALSE,M1_DIRECTION_MISMATCH|OPENING_SHIELD_ACTIVE_16s
2026-09-07 18:23:17.039,1788805397.039,3220,10,136,4406.09,4406.17,8.0,PASS_<=10c,+2.0,UP,+10.0,+115.0,4.4,+2.43,0.55,SLOW,4404.94,4405.24,4403.72,4404.91,0.00,0.00,0.0,BEARISH,152.0,4405.99,4406.14,4405.99,4406.09,17,ACTIVE_17s,15.0,10.0,5.0,0.0,33.3,0.0,0.0,PASS_<20%,0.00,0.0,NO,STANDBY_VEL_LOW,0,0.00,4590.00,136.06,FALSE,M1_DIRECTION_MISMATCH|OPENING_SHIELD_ACTIVE_17s
2026-09-07 18:23:17.541,1788805397.541,3221,11,137,4406.09,4406.17,8.0,PASS_<=10c,+0.0,FLAT,+10.0,+115.0,4.3,+2.16,0.50,SLOW,4404.94,4405.24,4403.72,4404.91,0.00,0.00,0.0,BEARISH,152.0,4405.99,4406.14,4405.99,4406.09,17,ACTIVE_17s,15.0,10.0,5.0,0.0,33.3,0.0,0.0,PASS_<20%,0.00,0.0,NO,STANDBY_VEL_LOW,0,0.00,4590.00,136.06,FALSE,M1_DIRECTION_MISMATCH|OPENING_SHIELD_ACTIVE_17s
2026-09-07 18:23:18.043,1788805398.043,3222,12,138,4406.09,4406.17,8.0,PASS_<=10c,+0.0,FLAT,+10.0,+115.0,4.2,+1.05,0.25,SLOW,4404.94,4405.24,4403.72,4404.91,0.00,0.00,0.0,BEARISH,152.0,4405.99,4406.14,4405.99,4406.09,18,ACTIVE_18s,15.0,10.0,5.0,0.0,33.3,0.0,0.0,PASS_<20%,0.00,0.0,NO,STANDBY_VEL_LOW,0,0.00,4590.00,136.06,FALSE,M1_DIRECTION_MISMATCH|OPENING_SHIELD_ACTIVE_18s
2026-09-07 18:23:18.546,1788805398.547,3223,13,139,4406.09,4406.17,8.0,PASS_<=10c,+0.0,FLAT,+10.0,+115.0,4.2,+1.05,0.25,SLOW,4404.94,4405.24,4403.72,4404.91,0.00,0.00,0.0,BEARISH,152.0,4405.99,4406.14,4405.99,4406.09,18,ACTIVE_18s,15.0,10.0,5.0,0.0,33.3,0.0,0.0,PASS_<20%,0.00,0.0,NO,STANDBY_VEL_LOW,0,0.00,4590.00,136.06,FALSE,M1_DIRECTION_MISMATCH|OPENING_SHIELD_ACTIVE_18s
2026-09-07 18:23:19.046,1788805399.047,3224,14,140,4406.09,4406.17,8.0,PASS_<=10c,+0.0,FLAT,+10.0,+115.0,4.2,+0.63,0.15,SLOW,4404.94,4405.24,4403.72,4404.91,0.00,0.00,0.0,BEARISH,152.0,4405.99,4406.14,4405.99,4406.09,19,ACTIVE_19s,15.0,10.0,5.0,0.0,33.3,0.0,0.0,PASS_<20%,0.00,0.0,NO,STANDBY_VEL_LOW,0,0.00,4590.00,136.06,FALSE,M1_DIRECTION_MISMATCH|OPENING_SHIELD_ACTIVE_19s
2026-09-07 18:23:19.548,1788805399.549,3225,15,141,4406.09,4406.17,8.0,PASS_<=10c,+0.0,FLAT,+10.0,+115.0,4.2,+0.42,0.10,SLOW,4404.94,4405.24,4403.72,4404.91,0.00,0.00,0.0,BEARISH,152.0,4405.99,4406.14,4405.99,4406.09,19,ACTIVE_19s,15.0,10.0,5.0,0.0,33.3,0.0,0.0,PASS_<20%,0.00,0.0,NO,STANDBY_VEL_LOW,0,0.00,4590.00,136.06,FALSE,M1_DIRECTION_MISMATCH|OPENING_SHIELD_ACTIVE_19s
2026-09-07 18:23:20.049,1788805400.050,3226,16,142,4406.09,4406.17,8.0,PASS_<=10c,+0.0,FLAT,+10.0,+115.0,4.2,+0.63,0.15,SLOW,4404.94,4405.24,4403.72,4404.91,0.00,0.00,0.0,BEARISH,152.0,4405.99,4406.14,4405.99,4406.09,20,CLEARED_>=20s,15.0,10.0,5.0,0.0,33.3,0.0,0.0,PASS_<20%,0.00,0.0,NO,STANDBY_VEL_LOW,0,0.00,4590.00,136.06,FALSE,M1_DIRECTION_MISMATCH
2026-09-07 18:23:20.551,1788805400.552,3227,17,143,4406.09,4406.17,8.0,PASS_<=10c,+0.0,FLAT,+10.0,+115.0,4.2,+0.42,0.10,SLOW,4404.94,4405.24,4403.72,4404.91,0.00,0.00,0.0,BEARISH,152.0,4405.99,4406.14,4405.99,4406.09,20,CLEARED_>=20s,15.0,10.0,5.0,0.0,33.3,0.0,0.0,PASS_<20%,0.00,0.0,NO,STANDBY_VEL_LOW,0,0.00,4590.00,136.06,FALSE,M1_DIRECTION_MISMATCH
2026-09-07 18:23:26.067,1788805406.067,3228,18,144,4406.09,4406.17,8.0,PASS_<=10c,+0.0,FLAT,+10.0,+115.0,1.3,+0.20,0.15,SLOW,4404.94,4405.24,4403.72,4404.91,0.00,0.00,0.0,BEARISH,152.0,4405.99,4406.14,4405.99,4406.09,26,CLEARED_>=20s,15.0,10.0,5.0,0.0,33.3,0.0,0.0,PASS_<20%,0.00,0.0,NO,STANDBY_VEL_LOW,0,0.00,4590.00,136.06,FALSE,M1_DIRECTION_MISMATCH
2026-09-07 18:23:36.297,1788805416.298,3229,19,145,4406.09,4406.17,8.0,PASS_<=10c,+0.0,FLAT,+10.0,+115.0,1.3,+0.21,0.16,SLOW,4404.94,4405.24,4403.72,4404.91,0.00,0.00,0.0,BEARISH,152.0,4405.99,4406.14,4405.99,4406.09,36,CLEARED_>=20s,15.0,10.0,5.0,0.0,33.3,0.0,0.0,PASS_<20%,0.00,0.0,NO,STANDBY_VEL_LOW,0,0.00,4590.00,136.06,FALSE,M1_DIRECTION_MISMATCH
2026-09-07 18:23:36.903,1788805416.903,3230,20,146,4405.98,4406.06,8.0,PASS_<=10c,-11.0,DOWN,-1.0,+104.0,3.0,+11.00,3.67,SLOW,4404.94,4405.24,4403.72,4404.91,0.00,0.00,0.0,BEARISH,152.0,4405.99,4406.14,4405.98,4405.98,36,CLEARED_>=20s,16.0,1.0,15.0,0.0,93.7,0.0,0.0,PASS_<20%,4405.84,14.0,NO,STANDBY_VEL_LOW,0,0.00,4590.00,136.06,FALSE,PRICE_ABOVE_15C_DISPLACEMENT
2026-09-07 18:23:37.405,1788805417.405,3231,21,147,4405.98,4406.06,8.0,PASS_<=10c,+0.0,FLAT,-1.0,+104.0,4.5,+9.93,2.21,SLOW,4404.94,4405.24,4403.72,4404.91,0.00,0.00,0.0,BEARISH,152.0,4405.99,4406.14,4405.98,4405.98,37,CLEARED_>=20s,16.0,1.0,15.0,0.0,93.7,0.0,0.0,PASS_<20%,4405.84,14.0,NO,STANDBY_VEL_LOW,0,0.00,4590.00,136.06,FALSE,PRICE_ABOVE_15C_DISPLACEMENT
2026-09-07 18:23:37.907,1788805417.908,3232,22,148,4405.96,4406.04,8.0,PASS_<=10c,-2.0,DOWN,-3.0,+102.0,4.3,+8.08,1.88,SLOW,4404.94,4405.24,4403.72,4404.91,0.00,0.00,0.0,BEARISH,152.0,4405.99,4406.14,4405.96,4405.96,37,CLEARED_>=20s,18.0,3.0,15.0,0.0,83.3,0.0,0.0,PASS_<20%,4405.84,12.0,NO,STANDBY_VEL_LOW,0,0.00,4590.00,136.06,FALSE,PRICE_ABOVE_15C_DISPLACEMENT
2026-09-07 18:23:38.409,1788805418.409,3233,23,149,4405.96,4406.04,8.0,PASS_<=10c,+0.0,FLAT,-3.0,+102.0,4.3,+6.16,1.43,SLOW,4404.94,4405.24,4403.72,4404.91,0.00,0.00,0.0,BEARISH,152.0,4405.99,4406.14,4405.96,4405.96,38,CLEARED_>=20s,18.0,3.0,15.0,0.0,83.3,0.0,0.0,PASS_<20%,4405.84,12.0,NO,STANDBY_VEL_LOW,0,0.00,4590.00,136.06,FALSE,PRICE_ABOVE_15C_DISPLACEMENT
2026-09-07 18:23:38.911,1788805418.911,3234,24,150,4405.96,4406.04,8.0,PASS_<=10c,+0.0,FLAT,-3.0,+102.0,4.2,+4.97,1.18,SLOW,4404.94,4405.24,4403.72,4404.91,0.00,0.00,0.0,BEARISH,152.0,4405.99,4406.14,4405.96,4405.96,38,CLEARED_>=20s,18.0,3.0,15.0,0.0,83.3,0.0,0.0,PASS_<20%,4405.84,12.0,NO,STANDBY_VEL_LOW,0,0.00,4590.00,136.06,FALSE,PRICE_ABOVE_15C_DISPLACEMENT
2026-09-07 18:23:39.412,1788805419.412,3235,25,151,4405.97,4406.05,8.0,PASS_<=10c,+1.0,UP,-2.0,+103.0,4.2,+3.85,0.92,SLOW,4404.94,4405.24,4403.72,4404.91,0.00,0.00,0.0,BEARISH,152.0,4405.99,4406.14,4405.96,4405.97,39,CLEARED_>=20s,18.0,2.0,15.0,1.0,83.3,5.6,5.6,PASS_<20%,4405.84,13.0,NO,STANDBY_VEL_LOW,0,0.00,4590.00,136.06,FALSE,PRICE_ABOVE_15C_DISPLACEMENT
2026-09-07 18:23:39.913,1788805419.914,3236,26,152,4405.84,4405.92,8.0,PASS_<=10c,-13.0,DOWN,-15.0,+90.0,4.1,+6.91,1.69,SLOW,4404.94,4405.24,4403.72,4404.91,0.00,0.00,0.0,BEARISH,152.0,4405.99,4406.14,4405.84,4405.84,39,CLEARED_>=20s,30.0,15.0,15.0,0.0,50.0,0.0,0.0,PASS_<20%,4405.84,0.0,YES,STANDBY_VEL_LOW,0,0.00,4590.00,136.06,TRUE,READY_TO_FIRE
2026-09-07 18:24:01.550,1788805441.551,3237,1,153,4405.84,4405.92,8.0,PASS_<=10c,+0.0,FLAT,+0.0,+90.0,0.9,+0.00,0.00,SLOW,4404.94,4405.24,4403.72,4404.91,0.00,0.00,0.0,BEARISH,152.0,4405.84,4405.84,4405.84,4405.84,1,ACTIVE_1s,1.0,0.0,0.0,0.0,0.0,0.0,0.0,PASS_<20%,0.00,0.0,NO,STANDBY_VEL_LOW,3,3965.28,624.72,136.06,FALSE,M1_DIRECTION_MISMATCH|OPENING_SHIELD_ACTIVE_1s
2026-09-07 18:24:01.909,1788805441.909,3238,2,154,4405.56,4405.64,8.0,PASS_<=10c,-28.0,DOWN,-28.0,+62.0,1.1,+8.04,7.31,SLOW,4404.94,4405.24,4403.72,4404.91,0.00,0.00,0.0,BEARISH,152.0,4405.84,4405.84,4405.56,4405.56,1,ACTIVE_1s,28.0,28.0,0.0,0.0,0.0,0.0,0.0,PASS_<20%,4405.69,13.0,NO,STANDBY_VEL_LOW,1,1321.78,3268.22,134.92,FALSE,OPENING_SHIELD_ACTIVE_1s
2026-09-07 18:24:02.411,1788805442.411,3239,3,155,4405.56,4405.64,8.0,PASS_<=10c,+0.0,FLAT,-28.0,+62.0,1.5,+7.03,4.69,SLOW,4404.94,4405.24,4403.72,4404.91,0.00,0.00,0.0,BEARISH,152.0,4405.84,4405.84,4405.56,4405.56,2,ACTIVE_2s,28.0,28.0,0.0,0.0,0.0,0.0,0.0,PASS_<20%,4405.69,13.0,NO,STANDBY_VEL_LOW,1,1321.78,3268.22,134.92,FALSE,OPENING_SHIELD_ACTIVE_2s
2026-09-07 18:24:02.912,1788805442.912,3240,4,156,4405.56,4405.64,8.0,PASS_<=10c,+0.0,FLAT,-28.0,+62.0,1.8,+6.25,3.47,SLOW,4404.94,4405.24,4403.72,4404.91,0.00,0.00,0.0,BEARISH,152.0,4405.84,4405.84,4405.56,4405.56,2,ACTIVE_2s,28.0,28.0,0.0,0.0,0.0,0.0,0.0,PASS_<20%,4405.69,13.0,NO,STANDBY_VEL_LOW,1,1321.78,3268.22,134.92,FALSE,OPENING_SHIELD_ACTIVE_2s
2026-09-07 18:24:03.413,1788805443.414,3241,5,157,4405.56,4405.64,8.0,PASS_<=10c,+0.0,FLAT,-28.0,+62.0,2.0,+5.62,2.81,SLOW,4404.94,4405.24,4403.72,4404.91,0.00,0.00,0.0,BEARISH,152.0,4405.84,4405.84,4405.56,4405.56,3,ACTIVE_3s,28.0,28.0,0.0,0.0,0.0,0.0,0.0,PASS_<20%,4405.69,13.0,NO,STANDBY_VEL_LOW,1,1321.78,3268.22,134.92,FALSE,OPENING_SHIELD_ACTIVE_3s
2026-09-07 18:24:03.914,1788805443.915,3242,6,158,4405.56,4405.64,8.0,PASS_<=10c,+0.0,FLAT,-28.0,+62.0,4.7,+11.84,2.52,SLOW,4404.94,4405.24,4403.72,4404.91,0.00,0.00,0.0,BEARISH,152.0,4405.84,4405.84,4405.56,4405.56,3,ACTIVE_3s,28.0,28.0,0.0,0.0,0.0,0.0,0.0,PASS_<20%,4405.69,13.0,NO,STANDBY_VEL_LOW,1,1321.78,3268.22,134.92,FALSE,OPENING_SHIELD_ACTIVE_3s
2026-09-07 18:24:04.416,1788805444.416,3243,7,159,4405.56,4405.64,8.0,PASS_<=10c,+0.0,FLAT,-28.0,+62.0,4.5,+9.77,2.17,SLOW,4404.94,4405.24,4403.72,4404.91,0.00,0.00,0.0,BEARISH,152.0,4405.84,4405.84,4405.56,4405.56,4,ACTIVE_4s,28.0,28.0,0.0,0.0,0.0,0.0,0.0,PASS_<20%,4405.69,13.0,NO,STANDBY_VEL_LOW,1,1321.78,3268.22,134.92,FALSE,OPENING_SHIELD_ACTIVE_4s
2026-09-07 18:24:04.917,1788805444.918,3244,8,160,4405.56,4405.64,8.0,PASS_<=10c,+0.0,FLAT,-28.0,+62.0,4.5,+8.31,1.85,SLOW,4404.94,4405.24,4403.72,4404.91,0.00,0.00,0.0,BEARISH,152.0,4405.84,4405.84,4405.56,4405.56,4,ACTIVE_4s,28.0,28.0,0.0,0.0,0.0,0.0,0.0,PASS_<20%,4405.69,13.0,NO,STANDBY_VEL_LOW,1,1321.78,3268.22,134.92,FALSE,OPENING_SHIELD_ACTIVE_4s
2026-09-07 18:24:05.419,1788805445.420,3245,9,161,4405.56,4405.64,8.0,PASS_<=10c,+0.0,FLAT,-28.0,+62.0,4.4,+7.24,1.65,SLOW,4404.94,4405.24,4403.72,4404.91,0.00,0.00,0.0,BEARISH,152.0,4405.84,4405.84,4405.56,4405.56,5,ACTIVE_5s,28.0,28.0,0.0,0.0,0.0,0.0,0.0,PASS_<20%,4405.69,13.0,NO,STANDBY_VEL_LOW,1,1321.78,3268.22,134.92,FALSE,OPENING_SHIELD_ACTIVE_5s
2026-09-07 18:24:05.920,1788805445.921,3246,10,162,4405.56,4405.64,8.0,PASS_<=10c,+0.0,FLAT,-28.0,+62.0,4.3,+6.41,1.49,SLOW,4404.94,4405.24,4403.72,4404.91,0.00,0.00,0.0,BEARISH,152.0,4405.84,4405.84,4405.56,4405.56,5,ACTIVE_5s,28.0,28.0,0.0,0.0,0.0,0.0,0.0,PASS_<20%,4405.69,13.0,NO,STANDBY_VEL_LOW,1,1321.78,3268.22,134.92,FALSE,OPENING_SHIELD_ACTIVE_5s
2026-09-07 18:24:06.422,1788805446.423,3247,11,163,4405.56,4405.64,8.0,PASS_<=10c,+0.0,FLAT,-28.0,+62.0,4.3,+5.75,1.34,SLOW,4404.94,4405.24,4403.72,4404.91,0.00,0.00,0.0,BEARISH,152.0,4405.84,4405.84,4405.56,4405.56,6,ACTIVE_6s,28.0,28.0,0.0,0.0,0.0,0.0,0.0,PASS_<20%,4405.69,13.0,NO,STANDBY_VEL_LOW,1,1321.78,3268.22,134.92,FALSE,OPENING_SHIELD_ACTIVE_6s
2026-09-07 18:24:06.923,1788805446.924,3248,12,164,4405.56,4405.64,8.0,PASS_<=10c,+0.0,FLAT,-28.0,+62.0,4.2,+0.00,0.00,SLOW,4404.94,4405.24,4403.72,4404.91,0.00,0.00,0.0,BEARISH,152.0,4405.84,4405.84,4405.56,4405.56,6,ACTIVE_6s,28.0,28.0,0.0,0.0,0.0,0.0,0.0,PASS_<20%,4405.69,13.0,NO,STANDBY_VEL_LOW,1,1321.78,3268.22,134.92,FALSE,OPENING_SHIELD_ACTIVE_6s
2026-09-07 18:24:07.425,1788805447.426,3249,13,165,4405.56,4405.64,8.0,PASS_<=10c,+0.0,FLAT,-28.0,+62.0,4.2,+0.00,0.00,SLOW,4404.94,4405.24,4403.72,4404.91,0.00,0.00,0.0,BEARISH,152.0,4405.84,4405.84,4405.56,4405.56,7,ACTIVE_7s,28.0,28.0,0.0,0.0,0.0,0.0,0.0,PASS_<20%,4405.69,13.0,NO,STANDBY_VEL_LOW,1,1321.78,3268.22,134.92,FALSE,OPENING_SHIELD_ACTIVE_7s
2026-09-07 18:24:07.926,1788805447.926,3250,14,166,4405.56,4405.64,8.0,PASS_<=10c,+0.0,FLAT,-28.0,+62.0,4.2,+0.00,0.00,SLOW,4404.94,4405.24,4403.72,4404.91,0.00,0.00,0.0,BEARISH,152.0,4405.84,4405.84,4405.56,4405.56,7,ACTIVE_7s,28.0,28.0,0.0,0.0,0.0,0.0,0.0,PASS_<20%,4405.69,13.0,NO,STANDBY_VEL_LOW,1,1321.78,3268.22,134.92,FALSE,OPENING_SHIELD_ACTIVE_7s
2026-09-07 18:24:08.428,1788805448.428,3251,15,167,4405.56,4405.64,8.0,PASS_<=10c,+0.0,FLAT,-28.0,+62.0,4.2,+0.00,0.00,SLOW,4404.94,4405.24,4403.72,4404.91,0.00,0.00,0.0,BEARISH,152.0,4405.84,4405.84,4405.56,4405.56,8,ACTIVE_8s,28.0,28.0,0.0,0.0,0.0,0.0,0.0,PASS_<20%,4405.69,13.0,NO,STANDBY_VEL_LOW,1,1321.78,3268.22,134.92,FALSE,OPENING_SHIELD_ACTIVE_8s
2026-09-07 18:24:08.930,1788805448.930,3252,16,168,4405.56,4405.64,8.0,PASS_<=10c,+0.0,FLAT,-28.0,+62.0,4.2,+0.00,0.00,SLOW,4404.94,4405.24,4403.72,4404.91,0.00,0.00,0.0,BEARISH,152.0,4405.84,4405.84,4405.56,4405.56,8,ACTIVE_8s,28.0,28.0,0.0,0.0,0.0,0.0,0.0,PASS_<20%,4405.69,13.0,NO,STANDBY_VEL_LOW,1,1321.78,3268.22,134.92,FALSE,OPENING_SHIELD_ACTIVE_8s
2026-09-07 18:24:09.431,1788805449.432,3253,17,169,4405.56,4405.64,8.0,PASS_<=10c,+0.0,FLAT,-28.0,+62.0,4.2,+0.00,0.00,SLOW,4404.94,4405.24,4403.72,4404.91,0.00,0.00,0.0,BEARISH,152.0,4405.84,4405.84,4405.56,4405.56,9,ACTIVE_9s,28.0,28.0,0.0,0.0,0.0,0.0,0.0,PASS_<20%,4405.69,13.0,NO,STANDBY_VEL_LOW,1,1321.78,3268.22,134.92,FALSE,OPENING_SHIELD_ACTIVE_9s
2026-09-07 18:24:19.806,1788805459.807,3254,18,170,4405.56,4405.64,8.0,PASS_<=10c,+0.0,FLAT,-28.0,+62.0,1.0,+0.00,0.00,SLOW,4404.94,4405.24,4403.72,4404.91,0.00,0.00,0.0,BEARISH,152.0,4405.84,4405.84,4405.56,4405.56,19,ACTIVE_19s,28.0,28.0,0.0,0.0,0.0,0.0,0.0,PASS_<20%,4405.69,13.0,NO,STANDBY_VEL_LOW,1,1321.78,3268.22,134.92,FALSE,OPENING_SHIELD_ACTIVE_19s
2026-09-07 18:24:25.829,1788805465.830,3255,19,171,4405.56,4405.64,8.0,PASS_<=10c,+0.0,FLAT,-28.0,+62.0,2.0,+0.00,0.00,SLOW,4404.94,4405.24,4403.72,4404.91,0.00,0.00,0.0,BEARISH,152.0,4405.84,4405.84,4405.56,4405.56,25,CLEARED_>=20s,28.0,28.0,0.0,0.0,0.0,0.0,0.0,PASS_<20%,4405.69,13.0,YES,STANDBY_VEL_LOW,1,1321.78,3268.22,134.92,TRUE,READY_TO_FIRE
2026-09-07 18:24:26.184,1788805466.185,3256,20,172,4405.59,4405.67,8.0,PASS_<=10c,+3.0,UP,-25.0,+65.0,3.2,+2.38,0.74,SLOW,4404.94,4405.24,4403.72,4404.91,0.00,0.00,0.0,BEARISH,152.0,4405.84,4405.84,4405.56,4405.59,26,CLEARED_>=20s,28.0,25.0,0.0,3.0,0.0,10.7,10.7,PASS_<20%,4405.69,10.0,YES,STANDBY_VEL_LOW,1,1321.78,3268.22,134.92,TRUE,READY_TO_FIRE
2026-09-07 18:24:26.685,1788805466.686,3257,21,173,4405.59,4405.67,8.0,PASS_<=10c,+0.0,FLAT,-25.0,+65.0,3.4,+1.70,0.50,SLOW,4404.94,4405.24,4403.72,4404.91,0.00,0.00,0.0,BEARISH,152.0,4405.84,4405.84,4405.56,4405.59,26,CLEARED_>=20s,28.0,25.0,0.0,3.0,0.0,10.7,10.7,PASS_<20%,4405.69,10.0,YES,STANDBY_VEL_LOW,1,1321.78,3268.22,134.92,TRUE,READY_TO_FIRE
2026-09-07 18:24:27.186,1788805467.187,3258,22,174,4405.59,4405.67,8.0,PASS_<=10c,+0.0,FLAT,-25.0,+65.0,3.5,+1.33,0.38,SLOW,4404.94,4405.24,4403.72,4404.91,0.00,0.00,0.0,BEARISH,152.0,4405.84,4405.84,4405.56,4405.59,27,CLEARED_>=20s,28.0,25.0,0.0,3.0,0.0,10.7,10.7,PASS_<20%,4405.69,10.0,YES,STANDBY_VEL_LOW,1,1321.78,3268.22,134.92,TRUE,READY_TO_FIRE
2026-09-07 18:24:27.689,1788805467.689,3259,23,175,4405.59,4405.67,8.0,PASS_<=10c,+0.0,FLAT,-25.0,+65.0,3.6,+1.09,0.30,SLOW,4404.94,4405.24,4403.72,4404.91,0.00,0.00,0.0,BEARISH,152.0,4405.84,4405.84,4405.56,4405.59,27,CLEARED_>=20s,28.0,25.0,0.0,3.0,0.0,10.7,10.7,PASS_<20%,4405.69,10.0,YES,STANDBY_VEL_LOW,1,1321.78,3268.22,134.92,TRUE,READY_TO_FIRE
2026-09-07 18:24:28.190,1788805468.190,3260,24,176,4405.59,4405.67,8.0,PASS_<=10c,+0.0,FLAT,-25.0,+65.0,3.7,+0.92,0.25,SLOW,4404.94,4405.24,4403.72,4404.91,0.00,0.00,0.0,BEARISH,152.0,4405.84,4405.84,4405.56,4405.59,28,CLEARED_>=20s,28.0,25.0,0.0,3.0,0.0,10.7,10.7,PASS_<20%,4405.69,10.0,YES,STANDBY_VEL_LOW,1,1321.78,3268.22,134.92,TRUE,READY_TO_FIRE
2026-09-07 18:24:28.693,1788805468.693,3261,25,177,4405.59,4405.67,8.0,PASS_<=10c,+0.0,FLAT,-25.0,+65.0,3.7,+0.80,0.22,SLOW,4404.94,4405.24,4403.72,4404.91,0.00,0.00,0.0,BEARISH,152.0,4405.84,4405.84,4405.56,4405.59,28,CLEARED_>=20s,28.0,25.0,0.0,3.0,0.0,10.7,10.7,PASS_<20%,4405.69,10.0,YES,STANDBY_VEL_LOW,1,1321.78,3268.22,134.92,TRUE,READY_TO_FIRE
2026-09-07 18:24:29.194,1788805469.195,3262,26,178,4405.59,4405.67,8.0,PASS_<=10c,+0.0,FLAT,-25.0,+65.0,3.7,+0.70,0.19,SLOW,4404.94,4405.24,4403.72,4404.91,0.00,0.00,0.0,BEARISH,152.0,4405.84,4405.84,4405.56,4405.59,29,CLEARED_>=20s,28.0,25.0,0.0,3.0,0.0,10.7,10.7,PASS_<20%,4405.69,10.0,YES,STANDBY_VEL_LOW,1,1321.78,3268.22,134.92,TRUE,READY_TO_FIRE
2026-09-07 18:24:29.696,1788805469.697,3263,27,179,4405.59,4405.67,8.0,PASS_<=10c,+0.0,FLAT,-25.0,+65.0,3.8,+0.63,0.17,SLOW,4404.94,4405.24,4403.72,4404.91,0.00,0.00,0.0,BEARISH,152.0,4405.84,4405.84,4405.56,4405.59,29,CLEARED_>=20s,28.0,25.0,0.0,3.0,0.0,10.7,10.7,PASS_<20%,4405.69,10.0,YES,STANDBY_VEL_LOW,1,1321.78,3268.22,134.92,TRUE,READY_TO_FIRE
2026-09-07 18:24:30.198,1788805470.199,3264,28,180,4405.59,4405.67,8.0,PASS_<=10c,+0.0,FLAT,-25.0,+65.0,4.3,+0.69,0.16,SLOW,4404.94,4405.24,4403.72,4404.91,0.00,0.00,0.0,BEARISH,152.0,4405.84,4405.84,4405.56,4405.59,30,CLEARED_>=20s,28.0,25.0,0.0,3.0,0.0,10.7,10.7,PASS_<20%,4405.69,10.0,YES,STANDBY_VEL_LOW,1,1321.78,3268.22,134.92,TRUE,READY_TO_FIRE
2026-09-07 18:24:30.699,1788805470.700,3265,29,181,4405.59,4405.67,8.0,PASS_<=10c,+0.0,FLAT,-25.0,+65.0,4.3,+0.62,0.14,SLOW,4404.94,4405.24,4403.72,4404.91,0.00,0.00,0.0,BEARISH,152.0,4405.84,4405.84,4405.56,4405.59,30,CLEARED_>=20s,28.0,25.0,0.0,3.0,0.0,10.7,10.7,PASS_<20%,4405.69,10.0,YES,STANDBY_VEL_LOW,1,1321.78,3268.22,134.92,TRUE,READY_TO_FIRE
2026-09-07 18:24:31.200,1788805471.201,3266,30,182,4405.59,4405.67,8.0,PASS_<=10c,+0.0,FLAT,-25.0,+65.0,4.2,+0.00,0.00,SLOW,4404.94,4405.24,4403.72,4404.91,0.00,0.00,0.0,BEARISH,152.0,4405.84,4405.84,4405.56,4405.59,31,CLEARED_>=20s,28.0,25.0,0.0,3.0,0.0,10.7,10.7,PASS_<20%,4405.69,10.0,YES,STANDBY_VEL_LOW,1,1321.78,3268.22,134.92,TRUE,READY_TO_FIRE
2026-09-07 18:24:31.702,1788805471.702,3267,31,183,4405.59,4405.67,8.0,PASS_<=10c,+0.0,FLAT,-25.0,+65.0,4.2,+0.00,0.00,SLOW,4404.94,4405.24,4403.72,4404.91,0.00,0.00,0.0,BEARISH,152.0,4405.84,4405.84,4405.56,4405.59,31,CLEARED_>=20s,28.0,25.0,0.0,3.0,0.0,10.7,10.7,PASS_<20%,4405.69,10.0,YES,STANDBY_VEL_LOW,1,1321.78,3268.22,134.92,TRUE,READY_TO_FIRE
2026-09-07 18:24:32.204,1788805472.204,3268,32,184,4405.59,4405.67,8.0,PASS_<=10c,+0.0,FLAT,-25.0,+65.0,4.2,+0.00,0.00,SLOW,4404.94,4405.24,4403.72,4404.91,0.00,0.00,0.0,BEARISH,152.0,4405.84,4405.84,4405.56,4405.59,32,CLEARED_>=20s,28.0,25.0,0.0,3.0,0.0,10.7,10.7,PASS_<20%,4405.69,10.0,YES,STANDBY_VEL_LOW,1,1321.78,3268.22,134.92,TRUE,READY_TO_FIRE
2026-09-07 18:24:32.705,1788805472.706,3269,33,185,4405.59,4405.67,8.0,PASS_<=10c,+0.0,FLAT,-25.0,+65.0,4.2,+0.00,0.00,SLOW,4404.94,4405.24,4403.72,4404.91,0.00,0.00,0.0,BEARISH,152.0,4405.84,4405.84,4405.56,4405.59,32,CLEARED_>=20s,28.0,25.0,0.0,3.0,0.0,10.7,10.7,PASS_<20%,4405.69,10.0,YES,STANDBY_VEL_LOW,1,1321.78,3268.22,134.92,TRUE,READY_TO_FIRE
2026-09-07 18:24:33.207,1788805473.208,3270,34,186,4405.59,4405.67,8.0,PASS_<=10c,+0.0,FLAT,-25.0,+65.0,4.2,+0.00,0.00,SLOW,4404.94,4405.24,4403.72,4404.91,0.00,0.00,0.0,BEARISH,152.0,4405.84,4405.84,4405.56,4405.59,33,CLEARED_>=20s,28.0,25.0,0.0,3.0,0.0,10.7,10.7,PASS_<20%,4405.69,10.0,YES,STANDBY_VEL_LOW,1,1321.78,3268.22,134.92,TRUE,READY_TO_FIRE
2026-09-07 18:24:33.709,1788805473.710,3271,35,187,4405.59,4405.67,8.0,PASS_<=10c,+0.0,FLAT,-25.0,+65.0,4.2,+0.00,0.00,SLOW,4404.94,4405.24,4403.72,4404.91,0.00,0.00,0.0,BEARISH,152.0,4405.84,4405.84,4405.56,4405.59,33,CLEARED_>=20s,28.0,25.0,0.0,3.0,0.0,10.7,10.7,PASS_<20%,4405.69,10.0,YES,STANDBY_VEL_LOW,1,1321.78,3268.22,134.92,TRUE,READY_TO_FIRE
2026-09-07 18:24:44.109,1788805484.109,3272,36,188,4405.59,4405.67,8.0,PASS_<=10c,+0.0,FLAT,-25.0,+65.0,1.6,+0.00,0.00,SLOW,4404.94,4405.24,4403.72,4404.91,0.00,0.00,0.0,BEARISH,152.0,4405.84,4405.84,4405.56,4405.59,44,CLEARED_>=20s,28.0,25.0,0.0,3.0,0.0,10.7,10.7,PASS_<20%,4405.69,10.0,YES,STANDBY_VEL_LOW,1,1321.78,3268.22,134.92,TRUE,READY_TO_FIRE
2026-09-07 18:24:50.936,1788805490.937,3273,37,189,4405.59,4405.67,8.0,PASS_<=10c,+0.0,FLAT,-25.0,+65.0,1.4,+0.00,0.00,SLOW,4404.94,4405.24,4403.72,4404.91,0.00,0.00,0.0,BEARISH,152.0,4405.84,4405.84,4405.56,4405.59,50,CLEARED_>=20s,28.0,25.0,0.0,3.0,0.0,10.7,10.7,PASS_<20%,4405.69,10.0,YES,STANDBY_VEL_LOW,1,1321.78,3268.22,134.92,TRUE,READY_TO_FIRE
2026-09-07 18:24:51.292,1788805491.292,3274,38,190,4405.48,4405.56,8.0,PASS_<=10c,-11.0,DOWN,-36.0,+54.0,1.9,+5.34,2.81,SLOW,4404.94,4405.24,4403.72,4404.91,0.00,0.00,0.0,BEARISH,152.0,4405.84,4405.84,4405.48,4405.48,51,CLEARED_>=20s,36.0,36.0,0.0,0.0,0.0,0.0,0.0,PASS_<20%,4405.69,21.0,YES,STANDBY_VEL_LOW,1,1321.78,3268.22,134.92,TRUE,READY_TO_FIRE
2026-09-07 18:24:51.792,1788805491.792,3275,39,191,4405.48,4405.56,8.0,PASS_<=10c,+0.0,FLAT,-36.0,+54.0,2.3,+4.30,1.87,SLOW,4404.94,4405.24,4403.72,4404.91,0.00,0.00,0.0,BEARISH,152.0,4405.84,4405.84,4405.48,4405.48,51,CLEARED_>=20s,36.0,36.0,0.0,0.0,0.0,0.0,0.0,PASS_<20%,4405.69,21.0,YES,STANDBY_VEL_LOW,0,0.00,4590.00,134.35,TRUE,READY_TO_FIRE
2026-09-07 18:24:52.294,1788805492.294,3276,40,192,4405.48,4405.56,8.0,PASS_<=10c,+0.0,FLAT,-36.0,+54.0,2.6,+3.59,1.38,SLOW,4404.94,4405.24,4403.72,4404.91,0.00,0.00,0.0,BEARISH,152.0,4405.84,4405.84,4405.48,4405.48,52,CLEARED_>=20s,36.0,36.0,0.0,0.0,0.0,0.0,0.0,PASS_<20%,4405.69,21.0,YES,STANDBY_VEL_LOW,0,0.00,4590.00,134.35,TRUE,READY_TO_FIRE
2026-09-07 18:24:52.795,1788805492.796,3277,41,193,4405.48,4405.56,8.0,PASS_<=10c,+0.0,FLAT,-36.0,+54.0,2.8,+3.09,1.10,SLOW,4404.94,4405.24,4403.72,4404.91,0.00,0.00,0.0,BEARISH,152.0,4405.84,4405.84,4405.48,4405.48,52,CLEARED_>=20s,36.0,36.0,0.0,0.0,0.0,0.0,0.0,PASS_<20%,4405.69,21.0,YES,STANDBY_VEL_LOW,0,0.00,4590.00,134.35,TRUE,READY_TO_FIRE
2026-09-07 18:24:53.297,1788805493.297,3278,42,194,4405.48,4405.56,8.0,PASS_<=10c,+0.0,FLAT,-36.0,+54.0,3.0,+2.71,0.90,SLOW,4404.94,4405.24,4403.72,4404.91,0.00,0.00,0.0,BEARISH,152.0,4405.84,4405.84,4405.48,4405.48,53,CLEARED_>=20s,36.0,36.0,0.0,0.0,0.0,0.0,0.0,PASS_<20%,4405.69,21.0,YES,STANDBY_VEL_LOW,0,0.00,4590.00,134.35,TRUE,READY_TO_FIRE
2026-09-07 18:24:53.799,1788805493.799,3279,43,195,4405.48,4405.56,8.0,PASS_<=10c,+0.0,FLAT,-36.0,+54.0,3.1,+2.41,0.78,SLOW,4404.94,4405.24,4403.72,4404.91,0.00,0.00,0.0,BEARISH,152.0,4405.84,4405.84,4405.48,4405.48,53,CLEARED_>=20s,36.0,36.0,0.0,0.0,0.0,0.0,0.0,PASS_<20%,4405.69,21.0,YES,STANDBY_VEL_LOW,0,0.00,4590.00,134.35,TRUE,READY_TO_FIRE
2026-09-07 18:24:54.301,1788805494.302,3280,44,196,4405.48,4405.56,8.0,PASS_<=10c,+0.0,FLAT,-36.0,+54.0,4.5,+3.27,0.73,SLOW,4404.94,4405.24,4403.72,4404.91,0.00,0.00,0.0,BEARISH,152.0,4405.84,4405.84,4405.48,4405.48,54,CLEARED_>=20s,36.0,36.0,0.0,0.0,0.0,0.0,0.0,PASS_<20%,4405.69,21.0,YES,STANDBY_VEL_LOW,0,0.00,4590.00,134.35,TRUE,READY_TO_FIRE
2026-09-07 18:24:54.802,1788805494.803,3281,45,197,4405.48,4405.56,8.0,PASS_<=10c,+0.0,FLAT,-36.0,+54.0,4.4,+2.85,0.65,SLOW,4404.94,4405.24,4403.72,4404.91,0.00,0.00,0.0,BEARISH,152.0,4405.84,4405.84,4405.48,4405.48,54,CLEARED_>=20s,36.0,36.0,0.0,0.0,0.0,0.0,0.0,PASS_<20%,4405.69,21.0,YES,STANDBY_VEL_LOW,0,0.00,4590.00,134.35,TRUE,READY_TO_FIRE
2026-09-07 18:24:55.304,1788805495.304,3282,46,198,4405.48,4405.56,8.0,PASS_<=10c,+0.0,FLAT,-36.0,+54.0,4.4,+2.52,0.57,SLOW,4404.94,4405.24,4403.72,4404.91,0.00,0.00,0.0,BEARISH,152.0,4405.84,4405.84,4405.48,4405.48,55,CLEARED_>=20s,36.0,36.0,0.0,0.0,0.0,0.0,0.0,PASS_<20%,4405.69,21.0,YES,STANDBY_VEL_LOW,0,0.00,4590.00,134.35,TRUE,READY_TO_FIRE
2026-09-07 18:24:55.806,1788805495.807,3283,47,199,4405.48,4405.56,8.0,PASS_<=10c,+0.0,FLAT,-36.0,+54.0,4.3,+2.26,0.53,SLOW,4404.94,4405.24,4403.72,4404.91,0.00,0.00,0.0,BEARISH,152.0,4405.84,4405.84,4405.48,4405.48,55,CLEARED_>=20s,36.0,36.0,0.0,0.0,0.0,0.0,0.0,PASS_<20%,4405.69,21.0,YES,STANDBY_VEL_LOW,0,0.00,4590.00,134.35,TRUE,READY_TO_FIRE
2026-09-07 18:24:56.307,1788805496.308,3284,48,200,4405.48,4405.56,8.0,PASS_<=10c,+0.0,FLAT,-36.0,+54.0,4.2,+0.00,0.00,SLOW,4404.94,4405.24,4403.72,4404.91,0.00,0.00,0.0,BEARISH,152.0,4405.84,4405.84,4405.48,4405.48,56,CLEARED_>=20s,36.0,36.0,0.0,0.0,0.0,0.0,0.0,PASS_<20%,4405.69,21.0,YES,STANDBY_VEL_LOW,0,0.00,4590.00,134.35,TRUE,READY_TO_FIRE
2026-09-07 18:25:09.483,1788805509.484,3285,1,1,4405.48,4405.56,8.0,PASS_<=10c,+0.0,FLAT,+0.0,+57.0,1.2,+0.00,0.00,SLOW,4404.91,4406.23,4404.30,4405.52,0.00,0.00,0.0,BEARISH,193.0,4405.48,4405.48,4405.48,4405.48,9,ACTIVE_9s,1.0,0.0,0.0,0.0,0.0,0.0,0.0,PASS_<20%,0.00,0.0,NO,STANDBY_VEL_LOW,1,4405.48,184.52,134.35,FALSE,M1_DIRECTION_MISMATCH|OPENING_SHIELD_ACTIVE_9s
2026-09-07 18:25:14.701,1788805514.702,3286,2,2,4405.66,4405.74,8.0,PASS_<=10c,+18.0,UP,+18.0,+75.0,2.0,+18.00,9.00,SLOW,4404.91,4406.23,4404.30,4405.52,0.00,0.00,0.0,BEARISH,193.0,4405.48,4405.66,4405.48,4405.66,14,ACTIVE_14s,18.0,18.0,0.0,0.0,0.0,0.0,0.0,PASS_<20%,0.00,0.0,NO,STANDBY_VEL_LOW,1,4405.48,184.52,134.35,FALSE,M1_DIRECTION_MISMATCH|OPENING_SHIELD_ACTIVE_14s
2026-09-07 18:25:15.203,1788805515.203,3287,3,3,4405.66,4405.74,8.0,PASS_<=10c,+0.0,FLAT,+18.0,+75.0,4.0,+18.00,4.50,SLOW,4404.91,4406.23,4404.30,4405.52,0.00,0.00,0.0,BEARISH,193.0,4405.48,4405.66,4405.48,4405.66,15,ACTIVE_15s,18.0,18.0,0.0,0.0,0.0,0.0,0.0,PASS_<20%,0.00,0.0,NO,STANDBY_VEL_LOW,0,0.00,4590.00,132.45,FALSE,M1_DIRECTION_MISMATCH|OPENING_SHIELD_ACTIVE_15s
2026-09-07 18:25:15.705,1788805515.705,3288,4,4,4405.66,4405.74,8.0,PASS_<=10c,+0.0,FLAT,+18.0,+75.0,5.4,+16.31,3.02,SLOW,4404.91,4406.23,4404.30,4405.52,0.00,0.00,0.0,BEARISH,193.0,4405.48,4405.66,4405.48,4405.66,15,ACTIVE_15s,18.0,18.0,0.0,0.0,0.0,0.0,0.0,PASS_<20%,0.00,0.0,NO,STANDBY_VEL_LOW,0,0.00,4590.00,132.45,FALSE,M1_DIRECTION_MISMATCH|OPENING_SHIELD_ACTIVE_15s
2026-09-07 18:25:16.206,1788805516.207,3289,5,5,4405.66,4405.74,8.0,PASS_<=10c,+0.0,FLAT,+18.0,+75.0,5.0,+11.21,2.24,SLOW,4404.91,4406.23,4404.30,4405.52,0.00,0.00,0.0,BEARISH,193.0,4405.48,4405.66,4405.48,4405.66,16,ACTIVE_16s,18.0,18.0,0.0,0.0,0.0,0.0,0.0,PASS_<20%,0.00,0.0,NO,STANDBY_VEL_LOW,0,0.00,4590.00,132.45,FALSE,M1_DIRECTION_MISMATCH|OPENING_SHIELD_ACTIVE_16s
2026-09-07 18:25:16.710,1788805516.710,3290,6,6,4405.66,4405.74,8.0,PASS_<=10c,+0.0,FLAT,+18.0,+75.0,4.7,+8.54,1.82,SLOW,4404.91,4406.23,4404.30,4405.52,0.00,0.00,0.0,BEARISH,193.0,4405.48,4405.66,4405.48,4405.66,16,ACTIVE_16s,18.0,18.0,0.0,0.0,0.0,0.0,0.0,PASS_<20%,0.00,0.0,NO,STANDBY_VEL_LOW,0,0.00,4590.00,132.45,FALSE,M1_DIRECTION_MISMATCH|OPENING_SHIELD_ACTIVE_16s
2026-09-07 18:25:17.211,1788805517.212,3291,7,7,4405.66,4405.74,8.0,PASS_<=10c,+0.0,FLAT,+18.0,+75.0,4.6,+6.90,1.50,SLOW,4404.91,4406.23,4404.30,4405.52,0.00,0.00,0.0,BEARISH,193.0,4405.48,4405.66,4405.48,4405.66,17,ACTIVE_17s,18.0,18.0,0.0,0.0,0.0,0.0,0.0,PASS_<20%,0.00,0.0,NO,STANDBY_VEL_LOW,0,0.00,4590.00,132.45,FALSE,M1_DIRECTION_MISMATCH|OPENING_SHIELD_ACTIVE_17s
2026-09-07 18:25:17.713,1788805517.714,3292,8,8,4405.66,4405.74,8.0,PASS_<=10c,+0.0,FLAT,+18.0,+75.0,4.5,+5.78,1.28,SLOW,4404.91,4406.23,4404.30,4405.52,0.00,0.00,0.0,BEARISH,193.0,4405.48,4405.66,4405.48,4405.66,17,ACTIVE_17s,18.0,18.0,0.0,0.0,0.0,0.0,0.0,PASS_<20%,0.00,0.0,NO,STANDBY_VEL_LOW,0,0.00,4590.00,132.45,FALSE,M1_DIRECTION_MISMATCH|OPENING_SHIELD_ACTIVE_17s
2026-09-07 18:25:18.215,1788805518.215,3293,9,9,4405.66,4405.74,8.0,PASS_<=10c,+0.0,FLAT,+18.0,+75.0,4.4,+4.98,1.13,SLOW,4404.91,4406.23,4404.30,4405.52,0.00,0.00,0.0,BEARISH,193.0,4405.48,4405.66,4405.48,4405.66,18,ACTIVE_18s,18.0,18.0,0.0,0.0,0.0,0.0,0.0,PASS_<20%,0.00,0.0,NO,STANDBY_VEL_LOW,0,0.00,4590.00,132.45,FALSE,M1_DIRECTION_MISMATCH|OPENING_SHIELD_ACTIVE_18s
2026-09-07 18:25:18.718,1788805518.718,3294,10,10,4405.66,4405.74,8.0,PASS_<=10c,+0.0,FLAT,+18.0,+75.0,4.4,+4.37,0.99,SLOW,4404.91,4406.23,4404.30,4405.52,0.00,0.00,0.0,BEARISH,193.0,4405.48,4405.66,4405.48,4405.66,18,ACTIVE_18s,18.0,18.0,0.0,0.0,0.0,0.0,0.0,PASS_<20%,0.00,0.0,NO,STANDBY_VEL_LOW,0,0.00,4590.00,132.45,FALSE,M1_DIRECTION_MISMATCH|OPENING_SHIELD_ACTIVE_18s
2026-09-07 18:25:19.220,1788805519.220,3295,11,11,4405.66,4405.74,8.0,PASS_<=10c,+0.0,FLAT,+18.0,+75.0,4.3,+3.90,0.91,SLOW,4404.91,4406.23,4404.30,4405.52,0.00,0.00,0.0,BEARISH,193.0,4405.48,4405.66,4405.48,4405.66,19,ACTIVE_19s,18.0,18.0,0.0,0.0,0.0,0.0,0.0,PASS_<20%,0.00,0.0,NO,STANDBY_VEL_LOW,0,0.00,4590.00,132.45,FALSE,M1_DIRECTION_MISMATCH|OPENING_SHIELD_ACTIVE_19s
2026-09-07 18:25:19.722,1788805519.722,3296,12,12,4405.66,4405.74,8.0,PASS_<=10c,+0.0,FLAT,+18.0,+75.0,4.2,+0.17,0.04,SLOW,4404.91,4406.23,4404.30,4405.52,0.00,0.00,0.0,BEARISH,193.0,4405.48,4405.66,4405.48,4405.66,19,ACTIVE_19s,18.0,18.0,0.0,0.0,0.0,0.0,0.0,PASS_<20%,0.00,0.0,NO,STANDBY_VEL_LOW,0,0.00,4590.00,132.45,FALSE,M1_DIRECTION_MISMATCH|OPENING_SHIELD_ACTIVE_19s
2026-09-07 18:25:20.223,1788805520.223,3297,13,13,4405.66,4405.74,8.0,PASS_<=10c,+0.0,FLAT,+18.0,+75.0,4.2,+0.18,0.04,SLOW,4404.91,4406.23,4404.30,4405.52,0.00,0.00,0.0,BEARISH,193.0,4405.48,4405.66,4405.48,4405.66,20,CLEARED_>=20s,18.0,18.0,0.0,0.0,0.0,0.0,0.0,PASS_<20%,0.00,0.0,NO,STANDBY_VEL_LOW,0,0.00,4590.00,132.45,FALSE,M1_DIRECTION_MISMATCH
2026-09-07 18:25:20.724,1788805520.725,3298,14,14,4405.66,4405.74,8.0,PASS_<=10c,+0.0,FLAT,+18.0,+75.0,4.2,+0.18,0.04,SLOW,4404.91,4406.23,4404.30,4405.52,0.00,0.00,0.0,BEARISH,193.0,4405.48,4405.66,4405.48,4405.66,20,CLEARED_>=20s,18.0,18.0,0.0,0.0,0.0,0.0,0.0,PASS_<20%,0.00,0.0,NO,STANDBY_VEL_LOW,0,0.00,4590.00,132.45,FALSE,M1_DIRECTION_MISMATCH
2026-09-07 18:25:21.224,1788805521.225,3299,15,15,4405.66,4405.74,8.0,PASS_<=10c,+0.0,FLAT,+18.0,+75.0,4.2,+0.18,0.04,SLOW,4404.91,4406.23,4404.30,4405.52,0.00,0.00,0.0,BEARISH,193.0,4405.48,4405.66,4405.48,4405.66,21,CLEARED_>=20s,18.0,18.0,0.0,0.0,0.0,0.0,0.0,PASS_<20%,0.00,0.0,NO,STANDBY_VEL_LOW,0,0.00,4590.00,132.45,FALSE,M1_DIRECTION_MISMATCH
2026-09-07 18:25:21.730,1788805521.731,3300,16,16,4405.66,4405.74,8.0,PASS_<=10c,+0.0,FLAT,+18.0,+75.0,4.2,+0.18,0.04,SLOW,4404.91,4406.23,4404.30,4405.52,0.00,0.00,0.0,BEARISH,193.0,4405.48,4405.66,4405.48,4405.66,21,CLEARED_>=20s,18.0,18.0,0.0,0.0,0.0,0.0,0.0,PASS_<20%,0.00,0.0,NO,STANDBY_VEL_LOW,0,0.00,4590.00,132.45,FALSE,M1_DIRECTION_MISMATCH
2026-09-07 18:25:22.229,1788805522.229,3301,17,17,4405.66,4405.74,8.0,PASS_<=10c,+0.0,FLAT,+18.0,+75.0,4.2,+0.17,0.04,SLOW,4404.91,4406.23,4404.30,4405.52,0.00,0.00,0.0,BEARISH,193.0,4405.48,4405.66,4405.48,4405.66,22,CLEARED_>=20s,18.0,18.0,0.0,0.0,0.0,0.0,0.0,PASS_<20%,0.00,0.0,NO,STANDBY_VEL_LOW,0,0.00,4590.00,132.45,FALSE,M1_DIRECTION_MISMATCH
2026-09-07 18:25:27.743,1788805527.744,3302,18,18,4405.66,4405.74,8.0,PASS_<=10c,+0.0,FLAT,+18.0,+75.0,1.4,+0.12,0.09,SLOW,4404.91,4406.23,4404.30,4405.52,0.00,0.00,0.0,BEARISH,193.0,4405.48,4405.66,4405.48,4405.66,27,CLEARED_>=20s,18.0,18.0,0.0,0.0,0.0,0.0,0.0,PASS_<20%,0.00,0.0,NO,STANDBY_VEL_LOW,0,0.00,4590.00,132.45,FALSE,M1_DIRECTION_MISMATCH
2026-09-07 18:25:37.977,1788805537.978,3303,19,19,4405.66,4405.74,8.0,PASS_<=10c,+0.0,FLAT,+18.0,+75.0,1.1,+0.12,0.11,SLOW,4404.91,4406.23,4404.30,4405.52,0.00,0.00,0.0,BEARISH,193.0,4405.48,4405.66,4405.48,4405.66,37,CLEARED_>=20s,18.0,18.0,0.0,0.0,0.0,0.0,0.0,PASS_<20%,0.00,0.0,NO,STANDBY_VEL_LOW,0,0.00,4590.00,132.45,FALSE,M1_DIRECTION_MISMATCH
2026-09-07 18:25:40.188,1788805540.189,3304,20,20,4405.66,4405.74,8.0,PASS_<=10c,+0.0,FLAT,+18.0,+75.0,1.4,+0.12,0.09,SLOW,4404.91,4406.23,4404.30,4405.52,0.00,0.00,0.0,BEARISH,193.0,4405.48,4405.66,4405.48,4405.66,40,CLEARED_>=20s,18.0,18.0,0.0,0.0,0.0,0.0,0.0,PASS_<20%,0.00,0.0,NO,STANDBY_VEL_LOW,0,0.00,4590.00,132.45,FALSE,M1_DIRECTION_MISMATCH
2026-09-07 18:25:40.688,1788805540.689,3305,21,21,4403.36,4403.44,8.0,PASS_<=10c,-230.0,DOWN,-212.0,-155.0,1.8,+84.84,47.13,SLOW,4404.91,4406.23,4404.30,4405.52,0.00,0.00,0.0,BEARISH,193.0,4405.48,4405.66,4403.36,4403.36,40,CLEARED_>=20s,230.0,212.0,18.0,0.0,7.8,0.0,0.0,PASS_<20%,4405.33,197.0,YES,STANDBY_VEL_LOW,0,0.00,4590.00,132.45,TRUE,READY_TO_FIRE
2026-09-07 18:26:03.042,1788805563.042,3306,1,22,4403.36,4403.44,8.0,PASS_<=10c,+0.0,FLAT,+0.0,-155.0,1.0,+0.00,0.00,SLOW,4404.91,4406.23,4404.30,4405.52,0.00,0.00,0.0,BEARISH,193.0,4403.36,4403.36,4403.36,4403.36,3,ACTIVE_3s,1.0,0.0,0.0,0.0,0.0,0.0,0.0,PASS_<20%,0.00,0.0,NO,STANDBY_VEL_LOW,3,3963.05,626.95,132.45,FALSE,M1_DIRECTION_MISMATCH|OPENING_SHIELD_ACTIVE_3s
2026-09-07 18:26:05.951,1788805565.952,3307,2,23,4403.70,4403.78,8.0,PASS_<=10c,+34.0,UP,+34.0,-121.0,1.0,+11.69,11.69,SLOW,4404.91,4406.23,4404.30,4405.52,0.00,0.00,0.0,BEARISH,193.0,4403.36,4403.70,4403.36,4403.70,5,ACTIVE_5s,34.0,34.0,0.0,0.0,0.0,0.0,0.0,PASS_<20%,0.00,0.0,NO,STANDBY_VEL_LOW,2,2642.02,1947.98,131.88,FALSE,M1_DIRECTION_MISMATCH|OPENING_SHIELD_ACTIVE_5s
2026-09-07 18:26:07.769,1788805567.770,3308,3,24,4403.70,4403.78,8.0,PASS_<=10c,+0.0,FLAT,+34.0,-121.0,1.1,+7.19,6.54,SLOW,4404.91,4406.23,4404.30,4405.52,0.00,0.00,0.0,BEARISH,193.0,4403.36,4403.70,4403.36,4403.70,7,ACTIVE_7s,34.0,34.0,0.0,0.0,0.0,0.0,0.0,PASS_<20%,0.00,0.0,NO,STANDBY_VEL_LOW,1,1321.01,3268.99,131.31,FALSE,M1_DIRECTION_MISMATCH|OPENING_SHIELD_ACTIVE_7s
2026-09-07 18:26:09.598,1788805569.599,3309,4,25,4403.70,4403.78,8.0,PASS_<=10c,+0.0,FLAT,+34.0,-121.0,1.6,+9.07,5.67,SLOW,4404.91,4406.23,4404.30,4405.52,0.00,0.00,0.0,BEARISH,193.0,4403.36,4403.70,4403.36,4403.70,9,ACTIVE_9s,34.0,34.0,0.0,0.0,0.0,0.0,0.0,PASS_<20%,0.00,0.0,NO,STANDBY_VEL_LOW,1,1321.01,3268.99,131.31,FALSE,M1_DIRECTION_MISMATCH|OPENING_SHIELD_ACTIVE_9s
2026-09-07 18:26:11.430,1788805571.431,3310,5,26,4403.68,4403.76,8.0,PASS_<=10c,-2.0,DOWN,+32.0,-123.0,1.5,+0.51,0.34,SLOW,4404.91,4406.23,4404.30,4405.52,0.00,0.00,0.0,BEARISH,193.0,4403.36,4403.70,4403.36,4403.68,11,ACTIVE_11s,34.0,32.0,2.0,0.0,5.9,0.0,0.0,PASS_<20%,0.00,0.0,NO,STANDBY_VEL_LOW,1,1321.01,3268.99,131.31,FALSE,M1_DIRECTION_MISMATCH|OPENING_SHIELD_ACTIVE_11s
2026-09-07 18:26:13.256,1788805573.257,3311,6,27,4403.68,4403.76,8.0,PASS_<=10c,+0.0,FLAT,+32.0,-123.0,1.5,+0.51,0.34,SLOW,4404.91,4406.23,4404.30,4405.52,0.00,0.00,0.0,BEARISH,193.0,4403.36,4403.70,4403.36,4403.68,13,ACTIVE_13s,34.0,32.0,2.0,0.0,5.9,0.0,0.0,PASS_<20%,0.00,0.0,NO,STANDBY_VEL_LOW,1,1321.01,3268.99,131.31,FALSE,M1_DIRECTION_MISMATCH|OPENING_SHIELD_ACTIVE_13s
2026-09-07 18:26:24.981,1788805584.982,3312,7,28,4403.68,4403.76,8.0,PASS_<=10c,+0.0,FLAT,+32.0,-123.0,1.0,+0.00,0.00,SLOW,4404.91,4406.23,4404.30,4405.52,0.00,0.00,0.0,BEARISH,193.0,4403.36,4403.70,4403.36,4403.68,24,CLEARED_>=20s,34.0,32.0,2.0,0.0,5.9,0.0,0.0,PASS_<20%,0.00,0.0,NO,STANDBY_VEL_LOW,1,1321.01,3268.99,131.31,FALSE,M1_DIRECTION_MISMATCH
2026-09-07 18:26:31.441,1788805591.442,3313,8,29,4403.58,4403.66,8.0,PASS_<=10c,-10.0,DOWN,+22.0,-133.0,2.0,+10.00,5.00,SLOW,4404.91,4406.23,4404.30,4405.52,0.00,0.00,0.0,BEARISH,193.0,4403.36,4403.70,4403.36,4403.58,31,CLEARED_>=20s,34.0,22.0,12.0,0.0,35.3,0.0,0.0,PASS_<20%,0.00,0.0,NO,STANDBY_VEL_LOW,1,1321.01,3268.99,131.31,FALSE,M1_DIRECTION_MISMATCH
2026-09-07 18:26:33.235,1788805593.235,3314,9,30,4403.64,4403.72,8.0,PASS_<=10c,+6.0,UP,+28.0,-127.0,2.1,+2.11,1.00,SLOW,4404.91,4406.23,4404.30,4405.52,0.00,0.00,0.0,BEARISH,193.0,4403.36,4403.70,4403.36,4403.64,33,CLEARED_>=20s,34.0,28.0,6.0,0.0,17.6,0.0,0.0,PASS_<20%,0.00,0.0,NO,STANDBY_VEL_LOW,1,1321.01,3268.99,131.31,FALSE,M1_DIRECTION_MISMATCH
2026-09-07 18:26:35.061,1788805595.062,3315,10,31,4403.75,4403.83,8.0,PASS_<=10c,+11.0,UP,+39.0,-116.0,1.6,+1.88,1.17,SLOW,4404.91,4406.23,4404.30,4405.52,0.00,0.00,0.0,BEARISH,193.0,4403.36,4403.75,4403.36,4403.75,35,CLEARED_>=20s,39.0,39.0,0.0,0.0,0.0,0.0,0.0,PASS_<20%,0.00,0.0,NO,STANDBY_VEL_LOW,1,1321.01,3268.99,131.31,FALSE,M1_DIRECTION_MISMATCH
2026-09-07 18:26:37.133,1788805597.133,3316,11,32,4403.76,4403.84,8.0,PASS_<=10c,+1.0,UP,+40.0,-115.0,1.4,+2.65,1.89,SLOW,4404.91,4406.23,4404.30,4405.52,0.00,0.00,0.0,BEARISH,193.0,4403.36,4403.76,4403.36,4403.76,37,CLEARED_>=20s,40.0,40.0,0.0,0.0,0.0,0.0,0.0,PASS_<20%,0.00,0.0,NO,STANDBY_VEL_LOW,1,1321.01,3268.99,131.31,FALSE,M1_DIRECTION_MISMATCH
2026-09-07 18:26:38.975,1788805598.976,3317,12,33,4403.76,4403.84,8.0,PASS_<=10c,+0.0,FLAT,+40.0,-115.0,1.4,+0.24,0.17,SLOW,4404.91,4406.23,4404.30,4405.52,0.00,0.00,0.0,BEARISH,193.0,4403.36,4403.76,4403.36,4403.76,38,CLEARED_>=20s,40.0,40.0,0.0,0.0,0.0,0.0,0.0,PASS_<20%,0.00,0.0,NO,STANDBY_VEL_LOW,1,1321.01,3268.99,131.31,FALSE,M1_DIRECTION_MISMATCH
2026-09-07 18:26:50.680,1788805610.681,3318,13,34,4403.76,4403.84,8.0,PASS_<=10c,+0.0,FLAT,+40.0,-115.0,1.0,+0.76,0.76,SLOW,4404.91,4406.23,4404.30,4405.52,0.00,0.00,0.0,BEARISH,193.0,4403.36,4403.76,4403.36,4403.76,50,CLEARED_>=20s,40.0,40.0,0.0,0.0,0.0,0.0,0.0,PASS_<20%,0.00,0.0,NO,STANDBY_VEL_LOW,1,1321.01,3268.99,131.31,FALSE,M1_DIRECTION_MISMATCH
2026-09-07 18:26:56.364,1788805616.365,3319,14,35,4404.07,4404.15,8.0,PASS_<=10c,+31.0,UP,+71.0,-84.0,2.0,+1.21,0.60,SLOW,4404.91,4406.23,4404.30,4405.52,0.00,0.00,0.0,BEARISH,193.0,4403.36,4404.07,4403.36,4404.07,56,CLEARED_>=20s,71.0,71.0,0.0,0.0,0.0,0.0,0.0,PASS_<20%,0.00,0.0,NO,STANDBY_VEL_LOW,1,1321.01,3268.99,131.31,FALSE,M1_DIRECTION_MISMATCH
2026-09-07 18:26:58.164,1788805618.165,3320,15,36,4404.07,4404.15,8.0,PASS_<=10c,+0.0,FLAT,+71.0,-84.0,2.1,+1.29,0.61,SLOW,4404.91,4406.23,4404.30,4405.52,0.00,0.00,0.0,BEARISH,193.0,4403.36,4404.07,4403.36,4404.07,58,CLEARED_>=20s,71.0,71.0,0.0,0.0,0.0,0.0,0.0,PASS_<20%,0.00,0.0,NO,STANDBY_VEL_LOW,1,1321.01,3268.99,131.31,FALSE,M1_DIRECTION_MISMATCH
2026-09-07 18:26:58.665,1788805618.666,3321,16,37,4404.08,4404.16,8.0,PASS_<=10c,+1.0,UP,+72.0,-83.0,2.5,+1.29,0.52,SLOW,4404.91,4406.23,4404.30,4405.52,0.00,0.00,0.0,BEARISH,193.0,4403.36,4404.08,4403.36,4404.08,58,CLEARED_>=20s,72.0,72.0,0.0,0.0,0.0,0.0,0.0,PASS_<20%,0.00,0.0,NO,STANDBY_VEL_LOW,1,1321.01,3268.99,131.31,FALSE,M1_DIRECTION_MISMATCH
2026-09-07 18:26:59.168,1788805619.168,3322,17,38,4404.08,4404.16,8.0,PASS_<=10c,+0.0,FLAT,+72.0,-83.0,2.8,+1.28,0.46,SLOW,4404.91,4406.23,4404.30,4405.52,0.00,0.00,0.0,BEARISH,193.0,4403.36,4404.08,4403.36,4404.08,59,CLEARED_>=20s,72.0,72.0,0.0,0.0,0.0,0.0,0.0,PASS_<20%,0.00,0.0,NO,STANDBY_VEL_LOW,1,1321.01,3268.99,131.31,FALSE,M1_DIRECTION_MISMATCH
2026-09-07 18:26:59.669,1788805619.670,3323,18,39,4404.10,4404.18,8.0,PASS_<=10c,+2.0,UP,+74.0,-81.0,2.9,+1.31,0.45,SLOW,4404.91,4406.23,4404.30,4405.52,0.00,0.00,0.0,BEARISH,193.0,4403.36,4404.10,4403.36,4404.10,59,CLEARED_>=20s,74.0,74.0,0.0,0.0,0.0,0.0,0.0,PASS_<20%,0.00,0.0,NO,STANDBY_VEL_LOW,1,1321.01,3268.99,131.31,FALSE,M1_DIRECTION_MISMATCH
2026-09-07 18:27:00.171,1788805620.171,3324,1,40,4403.86,4403.94,8.0,PASS_<=10c,-24.0,DOWN,+0.0,-105.0,3.1,+5.37,1.73,SLOW,4404.91,4406.23,4404.30,4405.52,0.00,0.00,0.0,BEARISH,193.0,4403.86,4403.86,4403.86,4403.86,0,ACTIVE_0s,1.0,0.0,0.0,0.0,0.0,0.0,0.0,PASS_<20%,0.00,0.0,NO,STANDBY_VEL_LOW,1,1321.01,3268.99,131.31,FALSE,M1_DIRECTION_MISMATCH|OPENING_SHIELD_ACTIVE_0s
2026-09-07 18:27:01.969,1788805621.970,3325,2,41,4403.86,4403.94,8.0,PASS_<=10c,+0.0,FLAT,+0.0,-105.0,3.0,+5.18,1.73,SLOW,4404.91,4406.23,4404.30,4405.52,0.00,0.00,0.0,BEARISH,193.0,4403.86,4403.86,4403.86,4403.86,1,ACTIVE_1s,1.0,0.0,0.0,0.0,0.0,0.0,0.0,PASS_<20%,0.00,0.0,NO,STANDBY_VEL_LOW,1,1321.01,3268.99,131.31,FALSE,M1_DIRECTION_MISMATCH|OPENING_SHIELD_ACTIVE_1s
2026-09-07 18:27:03.776,1788805623.777,3326,3,42,4403.86,4403.94,8.0,PASS_<=10c,+0.0,FLAT,+0.0,-105.0,2.1,+4.53,2.16,SLOW,4404.91,4406.23,4404.30,4405.52,0.00,0.00,0.0,BEARISH,193.0,4403.86,4403.86,4403.86,4403.86,3,ACTIVE_3s,1.0,0.0,0.0,0.0,0.0,0.0,0.0,PASS_<20%,0.00,0.0,NO,STANDBY_VEL_LOW,1,1321.01,3268.99,131.31,FALSE,M1_DIRECTION_MISMATCH|OPENING_SHIELD_ACTIVE_3s
2026-09-07 18:27:15.446,1788805635.447,3327,4,43,4403.86,4403.94,8.0,PASS_<=10c,+0.0,FLAT,+0.0,-105.0,1.0,+0.32,0.32,SLOW,4404.91,4406.23,4404.30,4405.52,0.00,0.00,0.0,BEARISH,193.0,4403.86,4403.86,4403.86,4403.86,15,ACTIVE_15s,1.0,0.0,0.0,0.0,0.0,0.0,0.0,PASS_<20%,0.00,0.0,NO,STANDBY_VEL_LOW,1,1321.01,3268.99,131.31,FALSE,M1_DIRECTION_MISMATCH|OPENING_SHIELD_ACTIVE_15s
2026-09-07 18:27:21.423,1788805641.424,3328,5,44,4403.86,4403.94,8.0,PASS_<=10c,+0.0,FLAT,+0.0,-105.0,2.0,+0.32,0.16,SLOW,4404.91,4406.23,4404.30,4405.52,0.00,0.00,0.0,BEARISH,193.0,4403.86,4403.86,4403.86,4403.86,21,CLEARED_>=20s,1.0,0.0,0.0,0.0,0.0,0.0,0.0,PASS_<20%,0.00,0.0,NO,STANDBY_VEL_LOW,1,1321.01,3268.99,131.31,FALSE,M1_DIRECTION_MISMATCH
2026-09-07 18:27:23.211,1788805643.211,3329,6,45,4404.25,4404.33,8.0,PASS_<=10c,+39.0,UP,+39.0,-66.0,2.1,+20.65,9.83,SLOW,4404.91,4406.23,4404.30,4405.52,0.00,0.00,0.0,BEARISH,193.0,4403.86,4404.25,4403.86,4404.25,23,CLEARED_>=20s,39.0,39.0,0.0,0.0,0.0,0.0,0.0,PASS_<20%,0.00,0.0,NO,STANDBY_VEL_LOW,1,1321.01,3268.99,131.31,FALSE,M1_DIRECTION_MISMATCH
2026-09-07 18:27:23.712,1788805643.713,3330,7,46,4404.25,4404.33,8.0,PASS_<=10c,+0.0,FLAT,+39.0,-66.0,2.5,+16.31,6.52,SLOW,4404.91,4406.23,4404.30,4405.52,0.00,0.00,0.0,BEARISH,193.0,4403.86,4404.25,4403.86,4404.25,23,CLEARED_>=20s,39.0,39.0,0.0,0.0,0.0,0.0,0.0,PASS_<20%,0.00,0.0,NO,STANDBY_VEL_LOW,1,1321.01,3268.99,131.31,FALSE,M1_DIRECTION_MISMATCH
2026-09-07 18:27:24.215,1788805644.215,3331,8,47,4404.25,4404.33,8.0,PASS_<=10c,+0.0,FLAT,+39.0,-66.0,2.8,+13.48,4.81,SLOW,4404.91,4406.23,4404.30,4405.52,0.00,0.00,0.0,BEARISH,193.0,4403.86,4404.25,4403.86,4404.25,24,CLEARED_>=20s,39.0,39.0,0.0,0.0,0.0,0.0,0.0,PASS_<20%,0.00,0.0,NO,STANDBY_VEL_LOW,1,1321.01,3268.99,131.31,FALSE,M1_DIRECTION_MISMATCH
2026-09-07 18:27:24.716,1788805644.717,3332,9,48,4404.29,4404.37,8.0,PASS_<=10c,+4.0,UP,+43.0,-62.0,2.9,+12.67,4.37,SLOW,4404.91,4406.23,4404.30,4405.52,0.00,0.00,0.0,BEARISH,193.0,4403.86,4404.30,4403.86,4404.29,24,CLEARED_>=20s,44.0,43.0,1.0,0.0,2.3,0.0,0.0,PASS_<20%,0.00,0.0,NO,STANDBY_VEL_LOW,1,1321.01,3268.99,131.31,FALSE,M1_DIRECTION_MISMATCH
2026-09-07 18:27:25.217,1788805645.218,3333,10,49,4404.29,4404.37,8.0,PASS_<=10c,+0.0,FLAT,+43.0,-62.0,3.1,+11.04,3.56,SLOW,4404.91,4406.23,4404.30,4405.52,0.00,0.00,0.0,BEARISH,193.0,4403.86,4404.30,4403.86,4404.29,25,CLEARED_>=20s,44.0,43.0,1.0,0.0,2.3,0.0,0.0,PASS_<20%,0.00,0.0,NO,STANDBY_VEL_LOW,1,1321.01,3268.99,131.31,FALSE,M1_DIRECTION_MISMATCH
2026-09-07 18:27:25.719,1788805645.720,3334,11,50,4404.30,4404.38,8.0,PASS_<=10c,+1.0,UP,+44.0,-61.0,3.2,+10.01,3.13,SLOW,4404.91,4406.23,4404.30,4405.52,0.00,0.00,0.0,BEARISH,193.0,4403.86,4404.30,4403.86,4404.30,25,CLEARED_>=20s,44.0,44.0,0.0,0.0,0.0,0.0,0.0,PASS_<20%,0.00,0.0,NO,STANDBY_VEL_LOW,1,1321.01,3268.99,131.31,FALSE,M1_DIRECTION_MISMATCH
2026-09-07 18:27:26.221,1788805646.221,3335,12,51,4404.30,4404.38,8.0,PASS_<=10c,+0.0,FLAT,+44.0,-61.0,3.3,+8.98,2.72,SLOW,4404.91,4406.23,4404.30,4405.52,0.00,0.00,0.0,BEARISH,193.0,4403.86,4404.30,4403.86,4404.30,26,CLEARED_>=20s,44.0,44.0,0.0,0.0,0.0,0.0,0.0,PASS_<20%,0.00,0.0,NO,STANDBY_VEL_LOW,1,1321.01,3268.99,131.31,FALSE,M1_DIRECTION_MISMATCH
2026-09-07 18:27:26.722,1788805646.722,3336,13,52,4404.30,4404.38,8.0,PASS_<=10c,+0.0,FLAT,+44.0,-61.0,4.3,+1.59,0.37,SLOW,4404.91,4406.23,4404.30,4405.52,0.00,0.00,0.0,BEARISH,193.0,4403.86,4404.30,4403.86,4404.30,26,CLEARED_>=20s,44.0,44.0,0.0,0.0,0.0,0.0,0.0,PASS_<20%,0.00,0.0,NO,STANDBY_VEL_LOW,1,1321.01,3268.99,131.31,FALSE,M1_DIRECTION_MISMATCH
2026-09-07 18:27:27.228,1788805647.228,3337,14,53,4404.30,4404.38,8.0,PASS_<=10c,+0.0,FLAT,+44.0,-61.0,4.2,+1.41,0.34,SLOW,4404.91,4406.23,4404.30,4405.52,0.00,0.00,0.0,BEARISH,193.0,4403.86,4404.30,4403.86,4404.30,27,CLEARED_>=20s,44.0,44.0,0.0,0.0,0.0,0.0,0.0,PASS_<20%,0.00,0.0,NO,STANDBY_VEL_LOW,1,1321.01,3268.99,131.31,FALSE,M1_DIRECTION_MISMATCH
2026-09-07 18:27:27.729,1788805647.730,3338,15,54,4404.30,4404.38,8.0,PASS_<=10c,+0.0,FLAT,+44.0,-61.0,4.2,+1.26,0.30,SLOW,4404.91,4406.23,4404.30,4405.52,0.00,0.00,0.0,BEARISH,193.0,4403.86,4404.30,4403.86,4404.30,27,CLEARED_>=20s,44.0,44.0,0.0,0.0,0.0,0.0,0.0,PASS_<20%,0.00,0.0,NO,STANDBY_VEL_LOW,1,1321.01,3268.99,131.31,FALSE,M1_DIRECTION_MISMATCH
2026-09-07 18:27:28.231,1788805648.231,3339,16,55,4404.30,4404.38,8.0,PASS_<=10c,+0.0,FLAT,+44.0,-61.0,4.2,+1.09,0.26,SLOW,4404.91,4406.23,4404.30,4405.52,0.00,0.00,0.0,BEARISH,193.0,4403.86,4404.30,4403.86,4404.30,28,CLEARED_>=20s,44.0,44.0,0.0,0.0,0.0,0.0,0.0,PASS_<20%,0.00,0.0,NO,STANDBY_VEL_LOW,1,1321.01,3268.99,131.31,FALSE,M1_DIRECTION_MISMATCH
2026-09-07 18:27:28.732,1788805648.733,3340,17,56,4404.30,4404.38,8.0,PASS_<=10c,+0.0,FLAT,+44.0,-61.0,4.2,+1.08,0.26,SLOW,4404.91,4406.23,4404.30,4405.52,0.00,0.00,0.0,BEARISH,193.0,4403.86,4404.30,4403.86,4404.30,28,CLEARED_>=20s,44.0,44.0,0.0,0.0,0.0,0.0,0.0,PASS_<20%,0.00,0.0,NO,STANDBY_VEL_LOW,1,1321.01,3268.99,131.31,FALSE,M1_DIRECTION_MISMATCH
2026-09-07 18:27:29.233,1788805649.234,3341,18,57,4404.30,4404.38,8.0,PASS_<=10c,+0.0,FLAT,+44.0,-61.0,4.2,+1.07,0.25,SLOW,4404.91,4406.23,4404.30,4405.52,0.00,0.00,0.0,BEARISH,193.0,4403.86,4404.30,4403.86,4404.30,29,CLEARED_>=20s,44.0,44.0,0.0,0.0,0.0,0.0,0.0,PASS_<20%,0.00,0.0,NO,STANDBY_VEL_LOW,1,1321.01,3268.99,131.31,FALSE,M1_DIRECTION_MISMATCH
2026-09-07 18:27:39.609,1788805659.609,3342,19,58,4404.30,4404.38,8.0,PASS_<=10c,+0.0,FLAT,+44.0,-61.0,1.0,+1.00,1.00,SLOW,4404.91,4406.23,4404.30,4405.52,0.00,0.00,0.0,BEARISH,193.0,4403.86,4404.30,4403.86,4404.30,39,CLEARED_>=20s,44.0,44.0,0.0,0.0,0.0,0.0,0.0,PASS_<20%,0.00,0.0,NO,STANDBY_VEL_LOW,1,1321.01,3268.99,131.31,FALSE,M1_DIRECTION_MISMATCH
2026-09-07 18:27:47.834,1788805667.834,3343,20,59,4404.30,4404.38,8.0,PASS_<=10c,+0.0,FLAT,+44.0,-61.0,0.9,+0.94,1.04,SLOW,4404.91,4406.23,4404.30,4405.52,0.00,0.00,0.0,BEARISH,193.0,4403.86,4404.30,4403.86,4404.30,47,CLEARED_>=20s,44.0,44.0,0.0,0.0,0.0,0.0,0.0,PASS_<20%,0.00,0.0,NO,STANDBY_VEL_LOW,1,1321.01,3268.99,131.31,FALSE,M1_DIRECTION_MISMATCH
2026-09-07 18:27:48.188,1788805668.189,3344,21,60,4405.02,4405.10,8.0,PASS_<=10c,+72.0,UP,+116.0,+11.0,1.2,+20.79,17.32,SLOW,4404.91,4406.23,4404.30,4405.52,0.00,0.00,0.0,BEARISH,193.0,4403.86,4405.02,4403.86,4405.02,48,CLEARED_>=20s,116.0,116.0,0.0,0.0,0.0,0.0,0.0,PASS_<20%,0.00,0.0,NO,STANDBY_VEL_LOW,1,1321.01,3268.99,131.31,FALSE,M1_DIRECTION_MISMATCH
2026-09-07 18:27:48.690,1788805668.691,3345,22,61,4405.03,4405.11,8.0,PASS_<=10c,+1.0,UP,+117.0,+12.0,1.5,+18.41,12.27,SLOW,4404.91,4406.23,4404.30,4405.52,0.00,0.00,0.0,BEARISH,193.0,4403.86,4405.03,4403.86,4405.03,48,CLEARED_>=20s,117.0,117.0,0.0,0.0,0.0,0.0,0.0,PASS_<20%,0.00,0.0,NO,STANDBY_VEL_LOW,0,0.00,4590.00,133.59,FALSE,M1_DIRECTION_MISMATCH
2026-09-07 18:27:49.192,1788805669.192,3346,23,62,4405.03,4405.11,8.0,PASS_<=10c,+0.0,FLAT,+117.0,+12.0,1.8,+16.34,9.08,SLOW,4404.91,4406.23,4404.30,4405.52,0.00,0.00,0.0,BEARISH,193.0,4403.86,4405.03,4403.86,4405.03,49,CLEARED_>=20s,117.0,117.0,0.0,0.0,0.0,0.0,0.0,PASS_<20%,0.00,0.0,NO,STANDBY_VEL_LOW,0,0.00,4590.00,133.59,FALSE,M1_DIRECTION_MISMATCH
2026-09-07 18:27:49.694,1788805669.695,3347,24,63,4405.03,4405.11,8.0,PASS_<=10c,+0.0,FLAT,+117.0,+12.0,2.0,+14.69,7.34,SLOW,4404.91,4406.23,4404.30,4405.52,0.00,0.00,0.0,BEARISH,193.0,4403.86,4405.05,4403.86,4405.03,49,CLEARED_>=20s,119.0,117.0,2.0,0.0,1.7,0.0,0.0,PASS_<20%,0.00,0.0,NO,STANDBY_VEL_LOW,0,0.00,4590.00,133.59,FALSE,M1_DIRECTION_MISMATCH
2026-09-07 18:27:50.196,1788805670.197,3348,25,64,4405.03,4405.11,8.0,PASS_<=10c,+0.0,FLAT,+117.0,+12.0,4.7,+30.90,6.57,SLOW,4404.91,4406.23,4404.30,4405.52,0.00,0.00,0.0,BEARISH,193.0,4403.86,4405.05,4403.86,4405.03,50,CLEARED_>=20s,119.0,117.0,2.0,0.0,1.7,0.0,0.0,PASS_<20%,0.00,0.0,NO,STANDBY_VEL_LOW,0,0.00,4590.00,133.59,FALSE,M1_DIRECTION_MISMATCH
2026-09-07 18:27:50.698,1788805670.698,3349,26,65,4405.01,4405.09,8.0,PASS_<=10c,-2.0,DOWN,+115.0,+10.0,4.5,+24.79,5.51,SLOW,4404.91,4406.23,4404.30,4405.52,0.00,0.00,0.0,BEARISH,193.0,4403.86,4405.05,4403.86,4405.01,50,CLEARED_>=20s,119.0,115.0,4.0,0.0,3.4,0.0,0.0,PASS_<20%,0.00,0.0,NO,STANDBY_VEL_LOW,0,0.00,4590.00,133.59,FALSE,M1_DIRECTION_MISMATCH
2026-09-07 18:27:51.199,1788805671.200,3350,27,66,4405.01,4405.09,8.0,PASS_<=10c,+0.0,FLAT,+115.0,+10.0,4.5,+21.10,4.69,SLOW,4404.91,4406.23,4404.30,4405.52,0.00,0.00,0.0,BEARISH,193.0,4403.86,4405.05,4403.86,4405.01,51,CLEARED_>=20s,119.0,115.0,4.0,0.0,3.4,0.0,0.0,PASS_<20%,0.00,0.0,NO,STANDBY_VEL_LOW,0,0.00,4590.00,133.59,FALSE,M1_DIRECTION_MISMATCH
2026-09-07 18:27:51.701,1788805671.702,3351,28,67,4405.01,4405.09,8.0,PASS_<=10c,+0.0,FLAT,+115.0,+10.0,4.4,+18.36,4.17,SLOW,4404.91,4406.23,4404.30,4405.52,0.00,0.00,0.0,BEARISH,193.0,4403.86,4405.05,4403.86,4405.01,51,CLEARED_>=20s,119.0,115.0,4.0,0.0,3.4,0.0,0.0,PASS_<20%,0.00,0.0,NO,STANDBY_VEL_LOW,0,0.00,4590.00,133.59,FALSE,M1_DIRECTION_MISMATCH
2026-09-07 18:27:52.202,1788805672.203,3352,29,68,4405.01,4405.09,8.0,PASS_<=10c,+0.0,FLAT,+115.0,+10.0,4.3,+16.25,3.78,SLOW,4404.91,4406.23,4404.30,4405.52,0.00,0.00,0.0,BEARISH,193.0,4403.86,4405.05,4403.86,4405.01,52,CLEARED_>=20s,119.0,115.0,4.0,0.0,3.4,0.0,0.0,PASS_<20%,0.00,0.0,NO,STANDBY_VEL_LOW,0,0.00,4590.00,133.59,FALSE,M1_DIRECTION_MISMATCH
2026-09-07 18:27:52.704,1788805672.705,3353,30,69,4405.01,4405.09,8.0,PASS_<=10c,+0.0,FLAT,+115.0,+10.0,4.3,+14.58,3.39,SLOW,4404.91,4406.23,4404.30,4405.52,0.00,0.00,0.0,BEARISH,193.0,4403.86,4405.05,4403.86,4405.01,52,CLEARED_>=20s,119.0,115.0,4.0,0.0,3.4,0.0,0.0,PASS_<20%,0.00,0.0,NO,STANDBY_VEL_LOW,0,0.00,4590.00,133.59,FALSE,M1_DIRECTION_MISMATCH
2026-09-07 18:27:53.206,1788805673.207,3354,31,70,4405.01,4405.09,8.0,PASS_<=10c,+0.0,FLAT,+115.0,+10.0,4.2,+1.65,0.39,SLOW,4404.91,4406.23,4404.30,4405.52,0.00,0.00,0.0,BEARISH,193.0,4403.86,4405.05,4403.86,4405.01,53,CLEARED_>=20s,119.0,115.0,4.0,0.0,3.4,0.0,0.0,PASS_<20%,0.00,0.0,NO,STANDBY_VEL_LOW,0,0.00,4590.00,133.59,FALSE,M1_DIRECTION_MISMATCH
2026-09-07 18:27:53.709,1788805673.710,3355,32,71,4405.01,4405.09,8.0,PASS_<=10c,+0.0,FLAT,+115.0,+10.0,4.2,+1.64,0.39,SLOW,4404.91,4406.23,4404.30,4405.52,0.00,0.00,0.0,BEARISH,193.0,4403.86,4405.05,4403.86,4405.01,53,CLEARED_>=20s,119.0,115.0,4.0,0.0,3.4,0.0,0.0,PASS_<20%,0.00,0.0,NO,STANDBY_VEL_LOW,0,0.00,4590.00,133.59,FALSE,M1_DIRECTION_MISMATCH
2026-09-07 18:27:54.212,1788805674.212,3356,33,72,4405.01,4405.09,8.0,PASS_<=10c,+0.0,FLAT,+115.0,+10.0,4.2,+1.62,0.39,SLOW,4404.91,4406.23,4404.30,4405.52,0.00,0.00,0.0,BEARISH,193.0,4403.86,4405.05,4403.86,4405.01,54,CLEARED_>=20s,119.0,115.0,4.0,0.0,3.4,0.0,0.0,PASS_<20%,0.00,0.0,NO,STANDBY_VEL_LOW,0,0.00,4590.00,133.59,FALSE,M1_DIRECTION_MISMATCH
2026-09-07 18:27:54.712,1788805674.712,3357,34,73,4405.01,4405.09,8.0,PASS_<=10c,+0.0,FLAT,+115.0,+10.0,4.2,+1.61,0.38,SLOW,4404.91,4406.23,4404.30,4405.52,0.00,0.00,0.0,BEARISH,193.0,4403.86,4405.05,4403.86,4405.01,54,CLEARED_>=20s,119.0,115.0,4.0,0.0,3.4,0.0,0.0,PASS_<20%,0.00,0.0,NO,STANDBY_VEL_LOW,0,0.00,4590.00,133.59,FALSE,M1_DIRECTION_MISMATCH
2026-09-07 18:27:55.214,1788805675.215,3358,35,74,4405.01,4405.09,8.0,PASS_<=10c,+0.0,FLAT,+115.0,+10.0,4.2,+1.59,0.38,SLOW,4404.91,4406.23,4404.30,4405.52,0.00,0.00,0.0,BEARISH,193.0,4403.86,4405.05,4403.86,4405.01,55,CLEARED_>=20s,119.0,115.0,4.0,0.0,3.4,0.0,0.0,PASS_<20%,0.00,0.0,NO,STANDBY_VEL_LOW,0,0.00,4590.00,133.59,FALSE,M1_DIRECTION_MISMATCH
2026-09-07 18:27:55.715,1788805675.716,3359,36,75,4405.01,4405.09,8.0,PASS_<=10c,+0.0,FLAT,+115.0,+10.0,4.2,+1.58,0.38,SLOW,4404.91,4406.23,4404.30,4405.52,0.00,0.00,0.0,BEARISH,193.0,4403.86,4405.05,4403.86,4405.01,55,CLEARED_>=20s,119.0,115.0,4.0,0.0,3.4,0.0,0.0,PASS_<20%,0.00,0.0,NO,STANDBY_VEL_LOW,0,0.00,4590.00,133.59,FALSE,M1_DIRECTION_MISMATCH
2026-09-07 18:28:01.232,1788805681.232,3360,1,76,4405.01,4405.09,8.0,PASS_<=10c,+0.0,FLAT,+0.0,+10.0,1.2,+1.93,1.61,SLOW,4404.91,4406.23,4404.30,4405.52,0.00,0.00,0.0,BEARISH,193.0,4405.01,4405.01,4405.01,4405.01,1,ACTIVE_1s,1.0,0.0,0.0,0.0,0.0,0.0,0.0,PASS_<20%,0.00,0.0,NO,STANDBY_VEL_LOW,0,0.00,4590.00,133.59,FALSE,M1_DIRECTION_MISMATCH|OPENING_SHIELD_ACTIVE_1s
2026-09-07 18:28:11.463,1788805691.463,3361,2,77,4405.01,4405.09,8.0,PASS_<=10c,+0.0,FLAT,+0.0,+10.0,1.2,+2.05,1.71,SLOW,4404.91,4406.23,4404.30,4405.52,0.00,0.00,0.0,BEARISH,193.0,4405.01,4405.01,4405.01,4405.01,11,ACTIVE_11s,1.0,0.0,0.0,0.0,0.0,0.0,0.0,PASS_<20%,0.00,0.0,NO,STANDBY_VEL_LOW,0,0.00,4590.00,133.59,FALSE,M1_DIRECTION_MISMATCH|OPENING_SHIELD_ACTIVE_11s
2026-09-07 18:28:12.470,1788805692.470,3362,3,78,4405.01,4405.09,8.0,PASS_<=10c,+0.0,FLAT,+0.0,+10.0,3.0,+2.02,0.67,SLOW,4404.91,4406.23,4404.30,4405.52,0.00,0.00,0.0,BEARISH,193.0,4405.01,4405.01,4405.01,4405.01,12,ACTIVE_12s,1.0,0.0,0.0,0.0,0.0,0.0,0.0,PASS_<20%,0.00,0.0,NO,STANDBY_VEL_LOW,0,0.00,4590.00,133.59,FALSE,M1_DIRECTION_MISMATCH|OPENING_SHIELD_ACTIVE_12s
2026-09-07 18:28:12.971,1788805692.972,3363,4,79,4404.99,4405.07,8.0,PASS_<=10c,-2.0,DOWN,-2.0,+8.0,3.3,+1.96,0.59,SLOW,4404.91,4406.23,4404.30,4405.52,0.00,0.00,0.0,BEARISH,193.0,4405.01,4405.01,4404.99,4404.99,12,ACTIVE_12s,2.0,2.0,0.0,0.0,0.0,0.0,0.0,PASS_<20%,4404.86,13.0,NO,STANDBY_VEL_LOW,0,0.00,4590.00,133.59,FALSE,OPENING_SHIELD_ACTIVE_12s|PRICE_ABOVE_15C_DISPLACEMENT
2026-09-07 18:28:13.473,1788805693.474,3364,5,80,4404.99,4405.07,8.0,PASS_<=10c,+0.0,FLAT,-2.0,+8.0,3.5,+1.95,0.56,SLOW,4404.91,4406.23,4404.30,4405.52,0.00,0.00,0.0,BEARISH,193.0,4405.01,4405.01,4404.99,4404.99,13,ACTIVE_13s,2.0,2.0,0.0,0.0,0.0,0.0,0.0,PASS_<20%,4404.86,13.0,NO,STANDBY_VEL_LOW,0,0.00,4590.00,133.59,FALSE,OPENING_SHIELD_ACTIVE_13s|PRICE_ABOVE_15C_DISPLACEMENT
2026-09-07 18:28:13.975,1788805693.976,3365,6,81,4404.99,4405.07,8.0,PASS_<=10c,+0.0,FLAT,-2.0,+8.0,3.6,+1.93,0.54,SLOW,4404.91,4406.23,4404.30,4405.52,0.00,0.00,0.0,BEARISH,193.0,4405.01,4405.01,4404.99,4404.99,13,ACTIVE_13s,2.0,2.0,0.0,0.0,0.0,0.0,0.0,PASS_<20%,4404.86,13.0,NO,STANDBY_VEL_LOW,0,0.00,4590.00,133.59,FALSE,OPENING_SHIELD_ACTIVE_13s|PRICE_ABOVE_15C_DISPLACEMENT
2026-09-07 18:28:14.480,1788805694.480,3366,7,82,4404.99,4405.07,8.0,PASS_<=10c,+0.0,FLAT,-2.0,+8.0,3.6,+1.91,0.53,SLOW,4404.91,4406.23,4404.30,4405.52,0.00,0.00,0.0,BEARISH,193.0,4405.01,4405.01,4404.99,4404.99,14,ACTIVE_14s,2.0,2.0,0.0,0.0,0.0,0.0,0.0,PASS_<20%,4404.86,13.0,NO,STANDBY_VEL_LOW,0,0.00,4590.00,133.59,FALSE,OPENING_SHIELD_ACTIVE_14s|PRICE_ABOVE_15C_DISPLACEMENT
2026-09-07 18:28:14.980,1788805694.981,3367,8,83,4405.01,4405.09,8.0,PASS_<=10c,+2.0,UP,+0.0,+10.0,3.7,+1.93,0.52,SLOW,4404.91,4406.23,4404.30,4405.52,0.00,0.00,0.0,BEARISH,193.0,4405.01,4405.01,4404.99,4405.01,14,ACTIVE_14s,2.0,0.0,0.0,2.0,0.0,100.0,100.0,BLOCKED_100.0%,0.00,0.0,NO,STANDBY_VEL_LOW,0,0.00,4590.00,133.59,FALSE,M1_DIRECTION_MISMATCH|OPENING_SHIELD_ACTIVE_14s
2026-09-07 18:28:15.480,1788805695.480,3368,9,84,4405.08,4405.16,8.0,PASS_<=10c,+7.0,UP,+7.0,+17.0,3.7,+2.25,0.61,SLOW,4404.91,4406.23,4404.30,4405.52,0.00,0.00,0.0,BEARISH,193.0,4405.01,4405.08,4404.99,4405.08,15,ACTIVE_15s,9.0,7.0,0.0,2.0,0.0,22.2,22.2,BLOCKED_22.2%,0.00,0.0,NO,STANDBY_VEL_LOW,0,0.00,4590.00,133.59,FALSE,M1_DIRECTION_MISMATCH|OPENING_SHIELD_ACTIVE_15s
2026-09-07 18:28:15.982,1788805695.982,3369,10,85,4405.08,4405.16,8.0,PASS_<=10c,+0.0,FLAT,+7.0,+17.0,3.8,+2.23,0.59,SLOW,4404.91,4406.23,4404.30,4405.52,0.00,0.00,0.0,BEARISH,193.0,4405.01,4405.08,4404.99,4405.08,15,ACTIVE_15s,9.0,7.0,0.0,2.0,0.0,22.2,22.2,BLOCKED_22.2%,0.00,0.0,NO,STANDBY_VEL_LOW,0,0.00,4590.00,133.59,FALSE,M1_DIRECTION_MISMATCH|OPENING_SHIELD_ACTIVE_15s
2026-09-07 18:28:16.484,1788805696.484,3370,11,86,4405.11,4405.19,8.0,PASS_<=10c,+3.0,UP,+10.0,+20.0,4.4,+2.43,0.55,SLOW,4404.91,4406.23,4404.30,4405.52,0.00,0.00,0.0,BEARISH,193.0,4405.01,4405.11,4404.99,4405.11,16,ACTIVE_16s,12.0,10.0,0.0,2.0,0.0,16.7,16.7,PASS_<20%,0.00,0.0,NO,STANDBY_VEL_LOW,0,0.00,4590.00,133.59,FALSE,M1_DIRECTION_MISMATCH|OPENING_SHIELD_ACTIVE_16s
2026-09-07 18:28:16.986,1788805696.986,3371,12,87,4405.11,4405.19,8.0,PASS_<=10c,+0.0,FLAT,+10.0,+20.0,4.3,+2.25,0.52,SLOW,4404.91,4406.23,4404.30,4405.52,0.00,0.00,0.0,BEARISH,193.0,4405.01,4405.11,4404.99,4405.11,16,ACTIVE_16s,12.0,10.0,0.0,2.0,0.0,16.7,16.7,PASS_<20%,0.00,0.0,NO,STANDBY_VEL_LOW,0,0.00,4590.00,133.59,FALSE,M1_DIRECTION_MISMATCH|OPENING_SHIELD_ACTIVE_16s
2026-09-07 18:28:17.488,1788805697.488,3372,13,88,4405.11,4405.19,8.0,PASS_<=10c,+0.0,FLAT,+10.0,+20.0,4.2,+2.52,0.60,SLOW,4404.91,4406.23,4404.30,4405.52,0.00,0.00,0.0,BEARISH,193.0,4405.01,4405.11,4404.99,4405.11,17,ACTIVE_17s,12.0,10.0,0.0,2.0,0.0,16.7,16.7,PASS_<20%,0.00,0.0,NO,STANDBY_VEL_LOW,0,0.00,4590.00,133.59,FALSE,M1_DIRECTION_MISMATCH|OPENING_SHIELD_ACTIVE_17s
2026-09-07 18:28:17.989,1788805697.989,3373,14,89,4405.11,4405.19,8.0,PASS_<=10c,+0.0,FLAT,+10.0,+20.0,4.2,+2.52,0.60,SLOW,4404.91,4406.23,4404.30,4405.52,0.00,0.00,0.0,BEARISH,193.0,4405.01,4405.11,4404.99,4405.11,17,ACTIVE_17s,12.0,10.0,0.0,2.0,0.0,16.7,16.7,PASS_<20%,0.00,0.0,NO,STANDBY_VEL_LOW,0,0.00,4590.00,133.59,FALSE,M1_DIRECTION_MISMATCH|OPENING_SHIELD_ACTIVE_17s
2026-09-07 18:28:18.491,1788805698.491,3374,15,90,4405.11,4405.19,8.0,PASS_<=10c,+0.0,FLAT,+10.0,+20.0,4.2,+2.52,0.60,SLOW,4404.91,4406.23,4404.30,4405.52,0.00,0.00,0.0,BEARISH,193.0,4405.01,4405.11,4404.99,4405.11,18,ACTIVE_18s,12.0,10.0,0.0,2.0,0.0,16.7,16.7,PASS_<20%,0.00,0.0,NO,STANDBY_VEL_LOW,0,0.00,4590.00,133.59,FALSE,M1_DIRECTION_MISMATCH|OPENING_SHIELD_ACTIVE_18s
2026-09-07 18:28:18.993,1788805698.994,3375,16,91,4405.11,4405.19,8.0,PASS_<=10c,+0.0,FLAT,+10.0,+20.0,4.2,+2.52,0.60,SLOW,4404.91,4406.23,4404.30,4405.52,0.00,0.00,0.0,BEARISH,193.0,4405.01,4405.11,4404.99,4405.11,18,ACTIVE_18s,12.0,10.0,0.0,2.0,0.0,16.7,16.7,PASS_<20%,0.00,0.0,NO,STANDBY_VEL_LOW,0,0.00,4590.00,133.59,FALSE,M1_DIRECTION_MISMATCH|OPENING_SHIELD_ACTIVE_18s
2026-09-07 18:28:19.495,1788805699.495,3376,17,92,4405.11,4405.19,8.0,PASS_<=10c,+0.0,FLAT,+10.0,+20.0,4.2,+2.52,0.60,SLOW,4404.91,4406.23,4404.30,4405.52,0.00,0.00,0.0,BEARISH,193.0,4405.01,4405.11,4404.99,4405.11,19,ACTIVE_19s,12.0,10.0,0.0,2.0,0.0,16.7,16.7,PASS_<20%,0.00,0.0,NO,STANDBY_VEL_LOW,0,0.00,4590.00,133.59,FALSE,M1_DIRECTION_MISMATCH|OPENING_SHIELD_ACTIVE_19s
2026-09-07 18:28:19.996,1788805699.997,3377,18,93,4405.11,4405.19,8.0,PASS_<=10c,+0.0,FLAT,+10.0,+20.0,4.2,+2.13,0.51,SLOW,4404.91,4406.23,4404.30,4405.52,0.00,0.00,0.0,BEARISH,193.0,4405.01,4405.11,4404.99,4405.11,19,ACTIVE_19s,12.0,10.0,0.0,2.0,0.0,16.7,16.7,PASS_<20%,0.00,0.0,NO,STANDBY_VEL_LOW,0,0.00,4590.00,133.59,FALSE,M1_DIRECTION_MISMATCH|OPENING_SHIELD_ACTIVE_19s
2026-09-07 18:28:25.514,1788805705.515,3378,19,94,4405.11,4405.19,8.0,PASS_<=10c,+0.0,FLAT,+10.0,+20.0,1.5,+1.35,0.90,SLOW,4404.91,4406.23,4404.30,4405.52,0.00,0.00,0.0,BEARISH,193.0,4405.01,4405.11,4404.99,4405.11,25,CLEARED_>=20s,12.0,10.0,0.0,2.0,0.0,16.7,16.7,PASS_<20%,0.00,0.0,NO,STANDBY_VEL_LOW,0,0.00,4590.00,133.59,FALSE,M1_DIRECTION_MISMATCH
2026-09-07 18:28:35.746,1788805715.747,3379,20,95,4405.11,4405.19,8.0,PASS_<=10c,+0.0,FLAT,+10.0,+20.0,1.3,+1.44,1.11,SLOW,4404.91,4406.23,4404.30,4405.52,0.00,0.00,0.0,BEARISH,193.0,4405.01,4405.11,4404.99,4405.11,35,CLEARED_>=20s,12.0,10.0,0.0,2.0,0.0,16.7,16.7,PASS_<20%,0.00,0.0,NO,STANDBY_VEL_LOW,0,0.00,4590.00,133.59,FALSE,M1_DIRECTION_MISMATCH
2026-09-07 18:28:37.355,1788805717.356,3380,21,96,4405.81,4405.89,8.0,PASS_<=10c,+70.0,UP,+80.0,+90.0,1.9,+43.49,22.89,SLOW,4404.91,4406.23,4404.30,4405.52,0.00,0.00,0.0,BEARISH,193.0,4405.01,4405.81,4404.99,4405.81,37,CLEARED_>=20s,82.0,80.0,0.0,2.0,0.0,2.4,2.4,PASS_<20%,0.00,0.0,NO,STANDBY_VEL_LOW,0,0.00,4590.00,133.59,FALSE,M1_DIRECTION_MISMATCH
2026-09-07 18:28:37.858,1788805717.858,3381,22,97,4405.78,4405.86,8.0,PASS_<=10c,-3.0,DOWN,+77.0,+87.0,2.4,+31.73,13.22,SLOW,4404.91,4406.23,4404.30,4405.52,0.00,0.00,0.0,BEARISH,193.0,4405.01,4405.81,4404.99,4405.78,37,CLEARED_>=20s,82.0,77.0,3.0,2.0,3.7,2.4,2.4,PASS_<20%,0.00,0.0,NO,STANDBY_VEL_LOW,0,0.00,4590.00,133.59,FALSE,M1_DIRECTION_MISMATCH
2026-09-07 18:28:38.359,1788805718.359,3382,23,98,4405.80,4405.88,8.0,PASS_<=10c,+2.0,UP,+79.0,+89.0,2.7,+26.41,9.78,SLOW,4404.91,4406.23,4404.30,4405.52,0.00,0.00,0.0,BEARISH,193.0,4405.01,4405.81,4404.99,4405.80,38,CLEARED_>=20s,82.0,79.0,1.0,2.0,1.2,2.4,2.4,PASS_<20%,0.00,0.0,NO,STANDBY_VEL_LOW,0,0.00,4590.00,133.59,FALSE,M1_DIRECTION_MISMATCH
2026-09-07 18:28:38.861,1788805718.861,3383,24,99,4405.79,4405.87,8.0,PASS_<=10c,-1.0,DOWN,+78.0,+88.0,2.9,+21.83,7.53,SLOW,4404.91,4406.23,4404.30,4405.52,0.00,0.00,0.0,BEARISH,193.0,4405.01,4405.81,4404.99,4405.79,38,CLEARED_>=20s,82.0,78.0,2.0,2.0,2.4,2.4,2.4,PASS_<20%,0.00,0.0,NO,STANDBY_VEL_LOW,0,0.00,4590.00,133.59,FALSE,M1_DIRECTION_MISMATCH
2026-09-07 18:28:39.362,1788805719.363,3384,25,100,4405.79,4405.87,8.0,PASS_<=10c,+0.0,FLAT,+78.0,+88.0,3.0,+18.81,6.27,SLOW,4404.91,4406.23,4404.30,4405.52,0.00,0.00,0.0,BEARISH,193.0,4405.01,4405.81,4404.99,4405.79,39,CLEARED_>=20s,82.0,78.0,2.0,2.0,2.4,2.4,2.4,PASS_<20%,0.00,0.0,NO,STANDBY_VEL_LOW,0,0.00,4590.00,133.59,FALSE,M1_DIRECTION_MISMATCH
2026-09-07 18:28:39.864,1788805719.865,3385,26,101,4405.74,4405.82,8.0,PASS_<=10c,-5.0,DOWN,+73.0,+83.0,3.2,+15.30,4.78,SLOW,4404.91,4406.23,4404.30,4405.52,0.00,0.00,0.0,BEARISH,193.0,4405.01,4405.81,4404.99,4405.74,39,CLEARED_>=20s,82.0,73.0,7.0,2.0,8.5,2.4,2.4,PASS_<20%,0.00,0.0,NO,STANDBY_VEL_LOW,0,0.00,4590.00,133.59,FALSE,M1_DIRECTION_MISMATCH
2026-09-07 18:28:40.365,1788805720.366,3386,27,102,4405.76,4405.84,8.0,PASS_<=10c,+2.0,UP,+75.0,+85.0,3.2,+14.07,4.40,SLOW,4404.91,4406.23,4404.30,4405.52,0.00,0.00,0.0,BEARISH,193.0,4405.01,4405.81,4404.99,4405.76,40,CLEARED_>=20s,82.0,75.0,5.0,2.0,6.1,2.4,2.4,PASS_<20%,0.00,0.0,NO,STANDBY_VEL_LOW,0,0.00,4590.00,133.59,FALSE,M1_DIRECTION_MISMATCH
2026-09-07 18:28:40.866,1788805720.866,3387,28,103,4405.76,4405.84,8.0,PASS_<=10c,+0.0,FLAT,+75.0,+85.0,4.4,+18.00,4.09,SLOW,4404.91,4406.23,4404.30,4405.52,0.00,0.00,0.0,BEARISH,193.0,4405.01,4405.81,4404.99,4405.76,40,CLEARED_>=20s,82.0,75.0,5.0,2.0,6.1,2.4,2.4,PASS_<20%,0.00,0.0,NO,STANDBY_VEL_LOW,0,0.00,4590.00,133.59,FALSE,M1_DIRECTION_MISMATCH
2026-09-07 18:28:41.367,1788805721.368,3388,29,104,4405.76,4405.84,8.0,PASS_<=10c,+0.0,FLAT,+75.0,+85.0,4.4,+15.81,3.59,SLOW,4404.91,4406.23,4404.30,4405.52,0.00,0.00,0.0,BEARISH,193.0,4405.01,4405.81,4404.99,4405.76,41,CLEARED_>=20s,82.0,75.0,5.0,2.0,6.1,2.4,2.4,PASS_<20%,0.00,0.0,NO,STANDBY_VEL_LOW,0,0.00,4590.00,133.59,FALSE,M1_DIRECTION_MISMATCH
2026-09-07 18:28:41.869,1788805721.870,3389,30,105,4405.76,4405.84,8.0,PASS_<=10c,+0.0,FLAT,+75.0,+85.0,4.3,+14.09,3.28,SLOW,4404.91,4406.23,4404.30,4405.52,0.00,0.00,0.0,BEARISH,193.0,4405.01,4405.81,4404.99,4405.76,41,CLEARED_>=20s,82.0,75.0,5.0,2.0,6.1,2.4,2.4,PASS_<20%,0.00,0.0,NO,STANDBY_VEL_LOW,0,0.00,4590.00,133.59,FALSE,M1_DIRECTION_MISMATCH
2026-09-07 18:28:42.369,1788805722.370,3390,31,106,4405.76,4405.84,8.0,PASS_<=10c,+0.0,FLAT,+75.0,+85.0,4.2,+2.53,0.60,SLOW,4404.91,4406.23,4404.30,4405.52,0.00,0.00,0.0,BEARISH,193.0,4405.01,4405.81,4404.99,4405.76,42,CLEARED_>=20s,82.0,75.0,5.0,2.0,6.1,2.4,2.4,PASS_<20%,0.00,0.0,NO,STANDBY_VEL_LOW,0,0.00,4590.00,133.59,FALSE,M1_DIRECTION_MISMATCH
2026-09-07 18:28:42.871,1788805722.872,3391,32,107,4405.76,4405.84,8.0,PASS_<=10c,+0.0,FLAT,+75.0,+85.0,4.2,+2.51,0.60,SLOW,4404.91,4406.23,4404.30,4405.52,0.00,0.00,0.0,BEARISH,193.0,4405.01,4405.81,4404.99,4405.76,42,CLEARED_>=20s,82.0,75.0,5.0,2.0,6.1,2.4,2.4,PASS_<20%,0.00,0.0,NO,STANDBY_VEL_LOW,0,0.00,4590.00,133.59,FALSE,M1_DIRECTION_MISMATCH
2026-09-07 18:28:43.372,1788805723.373,3392,33,108,4405.76,4405.84,8.0,PASS_<=10c,+0.0,FLAT,+75.0,+85.0,4.2,+2.49,0.59,SLOW,4404.91,4406.23,4404.30,4405.52,0.00,0.00,0.0,BEARISH,193.0,4405.01,4405.81,4404.99,4405.76,43,CLEARED_>=20s,82.0,75.0,5.0,2.0,6.1,2.4,2.4,PASS_<20%,0.00,0.0,NO,STANDBY_VEL_LOW,0,0.00,4590.00,133.59,FALSE,M1_DIRECTION_MISMATCH
2026-09-07 18:28:43.873,1788805723.874,3393,34,109,4405.76,4405.84,8.0,PASS_<=10c,+0.0,FLAT,+75.0,+85.0,4.2,+2.47,0.59,SLOW,4404.91,4406.23,4404.30,4405.52,0.00,0.00,0.0,BEARISH,193.0,4405.01,4405.81,4404.99,4405.76,43,CLEARED_>=20s,82.0,75.0,5.0,2.0,6.1,2.4,2.4,PASS_<20%,0.00,0.0,NO,STANDBY_VEL_LOW,0,0.00,4590.00,133.59,FALSE,M1_DIRECTION_MISMATCH
2026-09-07 18:28:44.375,1788805724.376,3394,35,110,4405.76,4405.84,8.0,PASS_<=10c,+0.0,FLAT,+75.0,+85.0,4.2,+2.45,0.58,SLOW,4404.91,4406.23,4404.30,4405.52,0.00,0.00,0.0,BEARISH,193.0,4405.01,4405.81,4404.99,4405.76,44,CLEARED_>=20s,82.0,75.0,5.0,2.0,6.1,2.4,2.4,PASS_<20%,0.00,0.0,NO,STANDBY_VEL_LOW,0,0.00,4590.00,133.59,FALSE,M1_DIRECTION_MISMATCH
2026-09-07 18:28:44.877,1788805724.878,3395,36,111,4405.76,4405.84,8.0,PASS_<=10c,+0.0,FLAT,+75.0,+85.0,4.2,+2.56,0.61,SLOW,4404.91,4406.23,4404.30,4405.52,0.00,0.00,0.0,BEARISH,193.0,4405.01,4405.81,4404.99,4405.76,44,CLEARED_>=20s,82.0,75.0,5.0,2.0,6.1,2.4,2.4,PASS_<20%,0.00,0.0,NO,STANDBY_VEL_LOW,0,0.00,4590.00,133.59,FALSE,M1_DIRECTION_MISMATCH
2026-09-07 18:28:50.389,1788805730.390,3396,37,112,4405.76,4405.84,8.0,PASS_<=10c,+0.0,FLAT,+75.0,+85.0,1.6,+1.22,0.76,SLOW,4404.91,4406.23,4404.30,4405.52,0.00,0.00,0.0,BEARISH,193.0,4405.01,4405.81,4404.99,4405.76,50,CLEARED_>=20s,82.0,75.0,5.0,2.0,6.1,2.4,2.4,PASS_<20%,0.00,0.0,NO,STANDBY_VEL_LOW,0,0.00,4590.00,133.59,FALSE,M1_DIRECTION_MISMATCH
2026-09-07 18:29:00.631,1788805740.632,3397,1,113,4405.76,4405.84,8.0,PASS_<=10c,+0.0,FLAT,+0.0,+85.0,1.3,+1.26,0.97,SLOW,4404.91,4406.23,4404.30,4405.52,0.00,0.00,0.0,BEARISH,193.0,4405.76,4405.76,4405.76,4405.76,0,ACTIVE_0s,1.0,0.0,0.0,0.0,0.0,0.0,0.0,PASS_<20%,0.00,0.0,NO,STANDBY_VEL_LOW,0,0.00,4590.00,133.59,FALSE,M1_DIRECTION_MISMATCH|OPENING_SHIELD_ACTIVE_0s
2026-09-07 18:29:02.640,1788805742.640,3398,2,114,4405.76,4405.84,8.0,PASS_<=10c,+0.0,FLAT,+0.0,+85.0,1.5,+1.33,0.89,SLOW,4404.91,4406.23,4404.30,4405.52,0.00,0.00,0.0,BEARISH,193.0,4405.76,4405.76,4405.76,4405.76,2,ACTIVE_2s,1.0,0.0,0.0,0.0,0.0,0.0,0.0,PASS_<20%,0.00,0.0,NO,STANDBY_VEL_LOW,0,0.00,4590.00,133.59,FALSE,M1_DIRECTION_MISMATCH|OPENING_SHIELD_ACTIVE_2s
2026-09-07 18:29:03.141,1788805743.142,3399,3,115,4405.74,4405.82,8.0,PASS_<=10c,-2.0,DOWN,-2.0,+83.0,2.0,+1.29,0.65,SLOW,4404.91,4406.23,4404.30,4405.52,0.00,0.00,0.0,BEARISH,193.0,4405.76,4405.76,4405.74,4405.74,3,ACTIVE_3s,2.0,2.0,0.0,0.0,0.0,0.0,0.0,PASS_<20%,4405.61,13.0,NO,STANDBY_VEL_LOW,0,0.00,4590.00,133.59,FALSE,OPENING_SHIELD_ACTIVE_3s|PRICE_ABOVE_15C_DISPLACEMENT
2026-09-07 18:29:03.643,1788805743.644,3400,4,116,4405.94,4406.02,8.0,PASS_<=10c,+20.0,UP,+18.0,+103.0,2.3,+5.98,2.60,SLOW,4404.91,4406.23,4404.30,4405.52,0.00,0.00,0.0,BEARISH,193.0,4405.76,4405.94,4405.74,4405.94,3,ACTIVE_3s,20.0,18.0,0.0,2.0,0.0,10.0,10.0,PASS_<20%,0.00,0.0,NO,STANDBY_VEL_LOW,0,0.00,4590.00,133.59,FALSE,M1_DIRECTION_MISMATCH|OPENING_SHIELD_ACTIVE_3s
2026-09-07 18:29:04.145,1788805744.146,3401,5,117,4405.94,4406.02,8.0,PASS_<=10c,+0.0,FLAT,+18.0,+103.0,2.6,+5.12,1.97,SLOW,4404.91,4406.23,4404.30,4405.52,0.00,0.00,0.0,BEARISH,193.0,4405.76,4405.94,4405.74,4405.94,4,ACTIVE_4s,20.0,18.0,0.0,2.0,0.0,10.0,10.0,PASS_<20%,0.00,0.0,NO,STANDBY_VEL_LOW,0,0.00,4590.00,133.59,FALSE,M1_DIRECTION_MISMATCH|OPENING_SHIELD_ACTIVE_4s
2026-09-07 18:29:04.647,1788805744.647,3402,6,118,4405.95,4406.03,8.0,PASS_<=10c,+1.0,UP,+19.0,+104.0,2.7,+4.73,1.75,SLOW,4404.91,4406.23,4404.30,4405.52,0.00,0.00,0.0,BEARISH,193.0,4405.76,4405.95,4405.74,4405.95,4,ACTIVE_4s,21.0,19.0,0.0,2.0,0.0,9.5,9.5,PASS_<20%,0.00,0.0,NO,STANDBY_VEL_LOW,0,0.00,4590.00,133.59,FALSE,M1_DIRECTION_MISMATCH|OPENING_SHIELD_ACTIVE_4s
2026-09-07 18:29:05.148,1788805745.149,3403,7,119,4405.95,4406.03,8.0,PASS_<=10c,+0.0,FLAT,+19.0,+104.0,2.9,+4.21,1.45,SLOW,4404.91,4406.23,4404.30,4405.52,0.00,0.00,0.0,BEARISH,193.0,4405.76,4405.95,4405.74,4405.95,5,ACTIVE_5s,21.0,19.0,0.0,2.0,0.0,9.5,9.5,PASS_<20%,0.00,0.0,NO,STANDBY_VEL_LOW,0,0.00,4590.00,133.59,FALSE,M1_DIRECTION_MISMATCH|OPENING_SHIELD_ACTIVE_5s
2026-09-07 18:29:05.649,1788805745.650,3404,8,120,4405.95,4406.03,8.0,PASS_<=10c,+0.0,FLAT,+19.0,+104.0,4.5,+6.11,1.36,SLOW,4404.91,4406.23,4404.30,4405.52,0.00,0.00,0.0,BEARISH,193.0,4405.76,4405.95,4405.74,4405.95,5,ACTIVE_5s,21.0,19.0,0.0,2.0,0.0,9.5,9.5,PASS_<20%,0.00,0.0,NO,STANDBY_VEL_LOW,0,0.00,4590.00,133.59,FALSE,M1_DIRECTION_MISMATCH|OPENING_SHIELD_ACTIVE_5s
2026-09-07 18:29:06.151,1788805746.151,3405,9,121,4405.95,4406.03,8.0,PASS_<=10c,+0.0,FLAT,+19.0,+104.0,4.4,+5.26,1.20,SLOW,4404.91,4406.23,4404.30,4405.52,0.00,0.00,0.0,BEARISH,193.0,4405.76,4405.95,4405.74,4405.95,6,ACTIVE_6s,21.0,19.0,0.0,2.0,0.0,9.5,9.5,PASS_<20%,0.00,0.0,NO,STANDBY_VEL_LOW,0,0.00,4590.00,133.59,FALSE,M1_DIRECTION_MISMATCH|OPENING_SHIELD_ACTIVE_6s
2026-09-07 18:29:06.652,1788805746.653,3406,10,122,4405.96,4406.04,8.0,PASS_<=10c,+1.0,UP,+20.0,+105.0,4.4,+4.86,1.10,SLOW,4404.91,4406.23,4404.30,4405.52,0.00,0.00,0.0,BEARISH,193.0,4405.76,4405.96,4405.74,4405.96,6,ACTIVE_6s,22.0,20.0,0.0,2.0,0.0,9.1,9.1,PASS_<20%,0.00,0.0,NO,STANDBY_VEL_LOW,0,0.00,4590.00,133.59,FALSE,M1_DIRECTION_MISMATCH|OPENING_SHIELD_ACTIVE_6s
2026-09-07 18:29:07.154,1788805747.154,3407,11,123,4405.96,4406.04,8.0,PASS_<=10c,+0.0,FLAT,+20.0,+105.0,4.3,+4.33,1.01,SLOW,4404.91,4406.23,4404.30,4405.52,0.00,0.00,0.0,BEARISH,193.0,4405.76,4405.96,4405.74,4405.96,7,ACTIVE_7s,22.0,20.0,0.0,2.0,0.0,9.1,9.1,PASS_<20%,0.00,0.0,NO,STANDBY_VEL_LOW,0,0.00,4590.00,133.59,FALSE,M1_DIRECTION_MISMATCH|OPENING_SHIELD_ACTIVE_7s
2026-09-07 18:29:07.655,1788805747.655,3408,12,124,4405.96,4406.04,8.0,PASS_<=10c,+0.0,FLAT,+20.0,+105.0,4.2,+4.20,1.00,SLOW,4404.91,4406.23,4404.30,4405.52,0.00,0.00,0.0,BEARISH,193.0,4405.76,4405.96,4405.74,4405.96,7,ACTIVE_7s,22.0,20.0,0.0,2.0,0.0,9.1,9.1,PASS_<20%,0.00,0.0,NO,STANDBY_VEL_LOW,0,0.00,4590.00,133.59,FALSE,M1_DIRECTION_MISMATCH|OPENING_SHIELD_ACTIVE_7s
2026-09-07 18:29:08.158,1788805748.158,3409,13,125,4405.96,4406.04,8.0,PASS_<=10c,+0.0,FLAT,+20.0,+105.0,4.2,+4.62,1.10,SLOW,4404.91,4406.23,4404.30,4405.52,0.00,0.00,0.0,BEARISH,193.0,4405.76,4405.96,4405.74,4405.96,8,ACTIVE_8s,22.0,20.0,0.0,2.0,0.0,9.1,9.1,PASS_<20%,0.00,0.0,NO,STANDBY_VEL_LOW,0,0.00,4590.00,133.59,FALSE,M1_DIRECTION_MISMATCH|OPENING_SHIELD_ACTIVE_8s
2026-09-07 18:29:08.658,1788805748.659,3410,14,126,4405.96,4406.04,8.0,PASS_<=10c,+0.0,FLAT,+20.0,+105.0,4.2,+1.66,0.40,SLOW,4404.91,4406.23,4404.30,4405.52,0.00,0.00,0.0,BEARISH,193.0,4405.76,4405.96,4405.74,4405.96,8,ACTIVE_8s,22.0,20.0,0.0,2.0,0.0,9.1,9.1,PASS_<20%,0.00,0.0,NO,STANDBY_VEL_LOW,0,0.00,4590.00,133.59,FALSE,M1_DIRECTION_MISMATCH|OPENING_SHIELD_ACTIVE_8s
2026-09-07 18:29:09.166,1788805749.167,3411,15,127,4405.96,4406.04,8.0,PASS_<=10c,+0.0,FLAT,+20.0,+105.0,4.2,+1.65,0.39,SLOW,4404.91,4406.23,4404.30,4405.52,0.00,0.00,0.0,BEARISH,193.0,4405.76,4405.96,4405.74,4405.96,9,ACTIVE_9s,22.0,20.0,0.0,2.0,0.0,9.1,9.1,PASS_<20%,0.00,0.0,NO,STANDBY_VEL_LOW,0,0.00,4590.00,133.59,FALSE,M1_DIRECTION_MISMATCH|OPENING_SHIELD_ACTIVE_9s
2026-09-07 18:29:09.662,1788805749.662,3412,16,128,4405.96,4406.04,8.0,PASS_<=10c,+0.0,FLAT,+20.0,+105.0,4.2,+1.63,0.39,SLOW,4404.91,4406.23,4404.30,4405.52,0.00,0.00,0.0,BEARISH,193.0,4405.76,4405.96,4405.74,4405.96,9,ACTIVE_9s,22.0,20.0,0.0,2.0,0.0,9.1,9.1,PASS_<20%,0.00,0.0,NO,STANDBY_VEL_LOW,0,0.00,4590.00,133.59,FALSE,M1_DIRECTION_MISMATCH|OPENING_SHIELD_ACTIVE_9s
2026-09-07 18:29:10.163,1788805750.164,3413,17,129,4405.96,4406.04,8.0,PASS_<=10c,+0.0,FLAT,+20.0,+105.0,4.2,+1.62,0.39,SLOW,4404.91,4406.23,4404.30,4405.52,0.00,0.00,0.0,BEARISH,193.0,4405.76,4405.96,4405.74,4405.96,10,ACTIVE_10s,22.0,20.0,0.0,2.0,0.0,9.1,9.1,PASS_<20%,0.00,0.0,NO,STANDBY_VEL_LOW,0,0.00,4590.00,133.59,FALSE,M1_DIRECTION_MISMATCH|OPENING_SHIELD_ACTIVE_10s
2026-09-07 18:29:10.665,1788805750.666,3414,18,130,4405.96,4406.04,8.0,PASS_<=10c,+0.0,FLAT,+20.0,+105.0,4.2,+1.60,0.38,SLOW,4404.91,4406.23,4404.30,4405.52,0.00,0.00,0.0,BEARISH,193.0,4405.76,4405.96,4405.74,4405.96,10,ACTIVE_10s,22.0,20.0,0.0,2.0,0.0,9.1,9.1,PASS_<20%,0.00,0.0,NO,STANDBY_VEL_LOW,0,0.00,4590.00,133.59,FALSE,M1_DIRECTION_MISMATCH|OPENING_SHIELD_ACTIVE_10s
2026-09-07 18:29:16.179,1788805756.179,3415,19,131,4405.96,4406.04,8.0,PASS_<=10c,+0.0,FLAT,+20.0,+105.0,1.5,+1.47,0.98,SLOW,4404.91,4406.23,4404.30,4405.52,0.00,0.00,0.0,BEARISH,193.0,4405.76,4405.96,4405.74,4405.96,16,ACTIVE_16s,22.0,20.0,0.0,2.0,0.0,9.1,9.1,PASS_<20%,0.00,0.0,NO,STANDBY_VEL_LOW,0,0.00,4590.00,133.59,FALSE,M1_DIRECTION_MISMATCH|OPENING_SHIELD_ACTIVE_16s
2026-09-07 18:29:26.411,1788805766.411,3416,20,132,4405.96,4406.04,8.0,PASS_<=10c,+0.0,FLAT,+20.0,+105.0,1.4,+1.52,1.09,SLOW,4404.91,4406.23,4404.30,4405.52,0.00,0.00,0.0,BEARISH,193.0,4405.76,4405.96,4405.74,4405.96,26,CLEARED_>=20s,22.0,20.0,0.0,2.0,0.0,9.1,9.1,PASS_<20%,0.00,0.0,NO,STANDBY_VEL_LOW,0,0.00,4590.00,133.59,FALSE,M1_DIRECTION_MISMATCH
2026-09-07 18:29:29.023,1788805769.023,3417,21,133,4405.96,4406.04,8.0,PASS_<=10c,+0.0,FLAT,+20.0,+105.0,1.3,+1.46,1.12,SLOW,4404.91,4406.23,4404.30,4405.52,0.00,0.00,0.0,BEARISH,193.0,4405.76,4405.96,4405.74,4405.96,29,CLEARED_>=20s,22.0,20.0,0.0,2.0,0.0,9.1,9.1,PASS_<20%,0.00,0.0,NO,STANDBY_VEL_LOW,0,0.00,4590.00,133.59,FALSE,M1_DIRECTION_MISMATCH
2026-09-07 18:29:29.524,1788805769.524,3418,22,134,4406.32,4406.40,8.0,PASS_<=10c,+36.0,UP,+56.0,+141.0,1.6,+11.57,7.23,SLOW,4404.91,4406.23,4404.30,4405.52,0.00,0.00,0.0,BEARISH,193.0,4405.76,4406.32,4405.74,4406.32,29,CLEARED_>=20s,58.0,56.0,0.0,2.0,0.0,3.4,3.4,PASS_<20%,0.00,0.0,NO,STANDBY_VEL_LOW,0,0.00,4590.00,133.59,FALSE,M1_DIRECTION_MISMATCH
2026-09-07 18:29:30.024,1788805770.025,3419,23,135,4406.32,4406.40,8.0,PASS_<=10c,+0.0,FLAT,+56.0,+141.0,1.9,+9.96,5.24,SLOW,4404.91,4406.23,4404.30,4405.52,0.00,0.00,0.0,BEARISH,193.0,4405.76,4406.32,4405.74,4406.32,30,CLEARED_>=20s,58.0,56.0,0.0,2.0,0.0,3.4,3.4,PASS_<20%,0.00,0.0,NO,STANDBY_VEL_LOW,0,0.00,4590.00,133.59,FALSE,M1_DIRECTION_MISMATCH
2026-09-07 18:29:30.526,1788805770.526,3420,24,136,4406.36,4406.44,8.0,PASS_<=10c,+4.0,UP,+60.0,+145.0,2.2,+9.72,4.42,SLOW,4404.91,4406.23,4404.30,4405.52,0.00,0.00,0.0,BEARISH,193.0,4405.76,4406.36,4405.74,4406.36,30,CLEARED_>=20s,62.0,60.0,0.0,2.0,0.0,3.2,3.2,PASS_<20%,0.00,0.0,NO,STANDBY_VEL_LOW,0,0.00,4590.00,133.59,FALSE,M1_DIRECTION_MISMATCH
2026-09-07 18:29:31.027,1788805771.028,3421,25,137,4406.36,4406.44,8.0,PASS_<=10c,+0.0,FLAT,+60.0,+145.0,2.4,+8.66,3.61,SLOW,4404.91,4406.23,4404.30,4405.52,0.00,0.00,0.0,BEARISH,193.0,4405.76,4406.36,4405.74,4406.36,31,CLEARED_>=20s,62.0,60.0,0.0,2.0,0.0,3.2,3.2,PASS_<20%,0.00,0.0,NO,STANDBY_VEL_LOW,0,0.00,4590.00,133.59,FALSE,M1_DIRECTION_MISMATCH
2026-09-07 18:29:31.529,1788805771.529,3422,26,138,4406.36,4406.44,8.0,PASS_<=10c,+0.0,FLAT,+60.0,+145.0,4.6,+15.34,3.33,SLOW,4404.91,4406.23,4404.30,4405.52,0.00,0.00,0.0,BEARISH,193.0,4405.76,4406.36,4405.74,4406.36,31,CLEARED_>=20s,62.0,60.0,0.0,2.0,0.0,3.2,3.2,PASS_<20%,0.00,0.0,NO,STANDBY_VEL_LOW,0,0.00,4590.00,133.59,FALSE,M1_DIRECTION_MISMATCH
2026-09-07 18:29:32.030,1788805772.030,3423,27,139,4406.38,4406.46,8.0,PASS_<=10c,+2.0,UP,+62.0,+147.0,4.5,+13.51,3.00,SLOW,4404.91,4406.23,4404.30,4405.52,0.00,0.00,0.0,BEARISH,193.0,4405.76,4406.38,4405.74,4406.38,32,CLEARED_>=20s,64.0,62.0,0.0,2.0,0.0,3.1,3.1,PASS_<20%,0.00,0.0,NO,STANDBY_VEL_LOW,0,0.00,4590.00,133.59,FALSE,M1_DIRECTION_MISMATCH
2026-09-07 18:29:32.532,1788805772.532,3424,28,140,4406.38,4406.46,8.0,PASS_<=10c,+0.0,FLAT,+62.0,+147.0,4.4,+11.63,2.64,SLOW,4404.91,4406.23,4404.30,4405.52,0.00,0.00,0.0,BEARISH,193.0,4405.76,4406.38,4405.74,4406.38,32,CLEARED_>=20s,64.0,62.0,0.0,2.0,0.0,3.1,3.1,PASS_<20%,0.00,0.0,NO,STANDBY_VEL_LOW,0,0.00,4590.00,133.59,FALSE,M1_DIRECTION_MISMATCH
2026-09-07 18:29:33.033,1788805773.034,3425,29,141,4406.37,4406.45,8.0,PASS_<=10c,-1.0,DOWN,+61.0,+146.0,4.4,+9.97,2.27,SLOW,4404.91,4406.23,4404.30,4405.52,0.00,0.00,0.0,BEARISH,193.0,4405.76,4406.38,4405.74,4406.37,33,CLEARED_>=20s,64.0,61.0,1.0,2.0,1.6,3.1,3.1,PASS_<20%,0.00,0.0,NO,STANDBY_VEL_LOW,0,0.00,4590.00,133.59,FALSE,M1_DIRECTION_MISMATCH
2026-09-07 18:29:33.534,1788805773.535,3426,30,142,4406.37,4406.45,8.0,PASS_<=10c,+0.0,FLAT,+61.0,+146.0,4.3,+8.89,2.07,SLOW,4404.91,4406.23,4404.30,4405.52,0.00,0.00,0.0,BEARISH,193.0,4405.76,4406.38,4405.74,4406.37,33,CLEARED_>=20s,64.0,61.0,1.0,2.0,1.6,3.1,3.1,PASS_<20%,0.00,0.0,NO,STANDBY_VEL_LOW,0,0.00,4590.00,133.59,FALSE,M1_DIRECTION_MISMATCH
2026-09-07 18:29:34.034,1788805774.035,3427,31,143,4406.37,4406.45,8.0,PASS_<=10c,+0.0,FLAT,+61.0,+146.0,4.2,+2.16,0.51,SLOW,4404.91,4406.23,4404.30,4405.52,0.00,0.00,0.0,BEARISH,193.0,4405.76,4406.38,4405.74,4406.37,34,CLEARED_>=20s,64.0,61.0,1.0,2.0,1.6,3.1,3.1,PASS_<20%,0.00,0.0,NO,STANDBY_VEL_LOW,0,0.00,4590.00,133.59,FALSE,M1_DIRECTION_MISMATCH
2026-09-07 18:29:34.538,1788805774.538,3428,32,144,4406.37,4406.45,8.0,PASS_<=10c,+0.0,FLAT,+61.0,+146.0,4.2,+2.14,0.51,SLOW,4404.91,4406.23,4404.30,4405.52,0.00,0.00,0.0,BEARISH,193.0,4405.76,4406.38,4405.74,4406.37,34,CLEARED_>=20s,64.0,61.0,1.0,2.0,1.6,3.1,3.1,PASS_<20%,0.00,0.0,NO,STANDBY_VEL_LOW,0,0.00,4590.00,133.59,FALSE,M1_DIRECTION_MISMATCH
2026-09-07 18:29:35.038,1788805775.038,3429,33,145,4406.37,4406.45,8.0,PASS_<=10c,+0.0,FLAT,+61.0,+146.0,4.2,+2.13,0.51,SLOW,4404.91,4406.23,4404.30,4405.52,0.00,0.00,0.0,BEARISH,193.0,4405.76,4406.38,4405.74,4406.37,35,CLEARED_>=20s,64.0,61.0,1.0,2.0,1.6,3.1,3.1,PASS_<20%,0.00,0.0,NO,STANDBY_VEL_LOW,0,0.00,4590.00,133.59,FALSE,M1_DIRECTION_MISMATCH
2026-09-07 18:29:35.548,1788805775.549,3430,34,146,4406.37,4406.45,8.0,PASS_<=10c,+0.0,FLAT,+61.0,+146.0,4.2,+2.11,0.50,SLOW,4404.91,4406.23,4404.30,4405.52,0.00,0.00,0.0,BEARISH,193.0,4405.76,4406.38,4405.74,4406.37,35,CLEARED_>=20s,64.0,61.0,1.0,2.0,1.6,3.1,3.1,PASS_<20%,0.00,0.0,NO,STANDBY_VEL_LOW,0,0.00,4590.00,133.59,FALSE,M1_DIRECTION_MISMATCH
2026-09-07 18:29:36.050,1788805776.051,3431,35,147,4406.37,4406.45,8.0,PASS_<=10c,+0.0,FLAT,+61.0,+146.0,4.2,+2.14,0.51,SLOW,4404.91,4406.23,4404.30,4405.52,0.00,0.00,0.0,BEARISH,193.0,4405.76,4406.38,4405.74,4406.37,36,CLEARED_>=20s,64.0,61.0,1.0,2.0,1.6,3.1,3.1,PASS_<20%,0.00,0.0,NO,STANDBY_VEL_LOW,0,0.00,4590.00,133.59,FALSE,M1_DIRECTION_MISMATCH
2026-09-07 18:29:36.552,1788805776.553,3432,36,148,4406.37,4406.45,8.0,PASS_<=10c,+0.0,FLAT,+61.0,+146.0,4.2,+2.12,0.50,SLOW,4404.91,4406.23,4404.30,4405.52,0.00,0.00,0.0,BEARISH,193.0,4405.76,4406.38,4405.74,4406.37,36,CLEARED_>=20s,64.0,61.0,1.0,2.0,1.6,3.1,3.1,PASS_<20%,0.00,0.0,NO,STANDBY_VEL_LOW,0,0.00,4590.00,133.59,FALSE,M1_DIRECTION_MISMATCH
2026-09-07 18:29:42.067,1788805782.068,3433,37,149,4406.37,4406.45,8.0,PASS_<=10c,+0.0,FLAT,+61.0,+146.0,1.5,+1.02,0.68,SLOW,4404.91,4406.23,4404.30,4405.52,0.00,0.00,0.0,BEARISH,193.0,4405.76,4406.38,4405.74,4406.37,42,CLEARED_>=20s,64.0,61.0,1.0,2.0,1.6,3.1,3.1,PASS_<20%,0.00,0.0,NO,STANDBY_VEL_LOW,0,0.00,4590.00,133.59,FALSE,M1_DIRECTION_MISMATCH
2026-09-07 18:29:52.307,1788805792.307,3434,38,150,4406.37,4406.45,8.0,PASS_<=10c,+0.0,FLAT,+61.0,+146.0,1.3,+1.07,0.82,SLOW,4404.91,4406.23,4404.30,4405.52,0.00,0.00,0.0,BEARISH,193.0,4405.76,4406.38,4405.74,4406.37,52,CLEARED_>=20s,64.0,61.0,1.0,2.0,1.6,3.1,3.1,PASS_<20%,0.00,0.0,NO,STANDBY_VEL_LOW,0,0.00,4590.00,133.59,FALSE,M1_DIRECTION_MISMATCH
2026-09-07 18:29:53.715,1788805793.716,3435,39,151,4406.12,4406.20,8.0,PASS_<=10c,-25.0,DOWN,+36.0,+121.0,2.1,+17.75,8.45,SLOW,4404.91,4406.23,4404.30,4405.52,0.00,0.00,0.0,BEARISH,193.0,4405.76,4406.38,4405.74,4406.12,53,CLEARED_>=20s,64.0,36.0,26.0,2.0,40.6,3.1,3.1,PASS_<20%,0.00,0.0,NO,STANDBY_VEL_LOW,0,0.00,4590.00,133.59,FALSE,M1_DIRECTION_MISMATCH
2026-09-07 18:29:54.217,1788805794.218,3436,40,152,4406.19,4406.27,8.0,PASS_<=10c,+7.0,UP,+43.0,+128.0,2.6,+9.42,3.62,SLOW,4404.91,4406.23,4404.30,4405.52,0.00,0.00,0.0,BEARISH,193.0,4405.76,4406.38,4405.74,4406.19,54,CLEARED_>=20s,64.0,43.0,19.0,2.0,29.7,3.1,3.1,PASS_<20%,0.00,0.0,NO,STANDBY_VEL_LOW,0,0.00,4590.00,133.59,FALSE,M1_DIRECTION_MISMATCH
2026-09-07 18:29:54.719,1788805794.719,3437,41,153,4406.18,4406.26,8.0,PASS_<=10c,-1.0,DOWN,+42.0,+127.0,2.9,+7.88,2.72,SLOW,4404.91,4406.23,4404.30,4405.52,0.00,0.00,0.0,BEARISH,193.0,4405.76,4406.38,4405.74,4406.18,54,CLEARED_>=20s,64.0,42.0,20.0,2.0,31.2,3.1,3.1,PASS_<20%,0.00,0.0,NO,STANDBY_VEL_LOW,0,0.00,4590.00,133.59,FALSE,M1_DIRECTION_MISMATCH
2026-09-07 18:29:55.220,1788805795.221,3438,42,154,4406.19,4406.27,8.0,PASS_<=10c,+1.0,UP,+43.0,+128.0,3.1,+6.18,1.99,SLOW,4404.91,4406.23,4404.30,4405.52,0.00,0.00,0.0,BEARISH,193.0,4405.76,4406.38,4405.74,4406.19,55,CLEARED_>=20s,64.0,43.0,19.0,2.0,29.7,3.1,3.1,PASS_<20%,0.00,0.0,NO,STANDBY_VEL_LOW,0,0.00,4590.00,133.59,FALSE,M1_DIRECTION_MISMATCH
2026-09-07 18:29:55.722,1788805795.723,3439,43,155,4406.19,4406.27,8.0,PASS_<=10c,+0.0,FLAT,+43.0,+128.0,3.2,+5.27,1.65,SLOW,4404.91,4406.23,4404.30,4405.52,0.00,0.00,0.0,BEARISH,193.0,4405.76,4406.38,4405.74,4406.19,55,CLEARED_>=20s,64.0,43.0,19.0,2.0,29.7,3.1,3.1,PASS_<20%,0.00,0.0,NO,STANDBY_VEL_LOW,0,0.00,4590.00,133.59,FALSE,M1_DIRECTION_MISMATCH
2026-09-07 18:29:56.224,1788805796.224,3440,44,156,4406.20,4406.28,8.0,PASS_<=10c,+1.0,UP,+44.0,+129.0,3.3,+4.34,1.32,SLOW,4404.91,4406.23,4404.30,4405.52,0.00,0.00,0.0,BEARISH,193.0,4405.76,4406.38,4405.74,4406.20,56,CLEARED_>=20s,64.0,44.0,18.0,2.0,28.1,3.1,3.1,PASS_<20%,0.00,0.0,NO,STANDBY_VEL_LOW,0,0.00,4590.00,133.59,FALSE,M1_DIRECTION_MISMATCH
2026-09-07 18:29:56.726,1788805796.726,3441,45,157,4406.25,4406.33,8.0,PASS_<=10c,+5.0,UP,+49.0,+134.0,3.4,+2.72,0.80,SLOW,4404.91,4406.23,4404.30,4405.52,0.00,0.00,0.0,BEARISH,193.0,4405.76,4406.38,4405.74,4406.25,56,CLEARED_>=20s,64.0,49.0,13.0,2.0,20.3,3.1,3.1,PASS_<20%,0.00,0.0,NO,STANDBY_VEL_LOW,0,0.00,4590.00,133.59,FALSE,M1_DIRECTION_MISMATCH
2026-09-07 18:29:57.227,1788805797.228,3442,46,158,4406.25,4406.33,8.0,PASS_<=10c,+0.0,FLAT,+49.0,+134.0,3.5,+2.44,0.70,SLOW,4404.91,4406.23,4404.30,4405.52,0.00,0.00,0.0,BEARISH,193.0,4405.76,4406.38,4405.74,4406.25,57,CLEARED_>=20s,64.0,49.0,13.0,2.0,20.3,3.1,3.1,PASS_<20%,0.00,0.0,NO,STANDBY_VEL_LOW,0,0.00,4590.00,133.59,FALSE,M1_DIRECTION_MISMATCH
2026-09-07 18:29:57.729,1788805797.729,3443,47,159,4406.35,4406.43,8.0,PASS_<=10c,+10.0,UP,+59.0,+144.0,4.4,+1.03,0.23,SLOW,4404.91,4406.23,4404.30,4405.52,0.00,0.00,0.0,BEARISH,193.0,4405.76,4406.38,4405.74,4406.35,57,CLEARED_>=20s,64.0,59.0,3.0,2.0,4.7,3.1,3.1,PASS_<20%,0.00,0.0,NO,STANDBY_VEL_LOW,0,0.00,4590.00,133.59,FALSE,M1_DIRECTION_MISMATCH
2026-09-07 18:29:58.231,1788805798.231,3444,48,160,4406.35,4406.43,8.0,PASS_<=10c,+0.0,FLAT,+59.0,+144.0,4.3,+1.02,0.24,SLOW,4404.91,4406.23,4404.30,4405.52,0.00,0.00,0.0,BEARISH,193.0,4405.76,4406.38,4405.74,4406.35,58,CLEARED_>=20s,64.0,59.0,3.0,2.0,4.7,3.1,3.1,PASS_<20%,0.00,0.0,NO,STANDBY_VEL_LOW,0,0.00,4590.00,133.59,FALSE,M1_DIRECTION_MISMATCH
2026-09-07 18:29:58.733,1788805798.733,3445,49,161,4406.35,4406.43,8.0,PASS_<=10c,+0.0,FLAT,+59.0,+144.0,4.2,+3.36,0.80,SLOW,4404.91,4406.23,4404.30,4405.52,0.00,0.00,0.0,BEARISH,193.0,4405.76,4406.38,4405.74,4406.35,58,CLEARED_>=20s,64.0,59.0,3.0,2.0,4.7,3.1,3.1,PASS_<20%,0.00,0.0,NO,STANDBY_VEL_LOW,0,0.00,4590.00,133.59,FALSE,M1_DIRECTION_MISMATCH
2026-09-07 18:29:59.256,1788805799.256,3446,50,162,4406.35,4406.43,8.0,PASS_<=10c,+0.0,FLAT,+59.0,-718.0,4.2,+3.56,0.85,SLOW,4413.53,4414.51,4413.08,4413.35,0.00,0.00,0.0,BEARISH,143.0,4405.76,4406.38,4405.74,4406.35,59,CLEARED_>=20s,64.0,59.0,3.0,2.0,4.7,3.1,3.1,PASS_<20%,0.00,0.0,NO,STANDBY_VEL_LOW,0,0.00,4590.00,133.59,FALSE,M1_DIRECTION_MISMATCH
2026-09-07 18:29:59.742,1788805799.743,3447,51,163,4406.35,4406.43,8.0,PASS_<=10c,+0.0,FLAT,+59.0,+144.0,4.2,+3.35,0.80,SLOW,4404.91,4406.23,4404.30,4405.52,0.00,0.00,0.0,BEARISH,193.0,4405.76,4406.38,4405.74,4406.35,59,CLEARED_>=20s,64.0,59.0,3.0,2.0,4.7,3.1,3.1,PASS_<20%,0.00,0.0,NO,STANDBY_VEL_LOW,0,0.00,4590.00,133.59,FALSE,M1_DIRECTION_MISMATCH
2026-09-07 18:30:00.247,1788805800.247,3448,1,1,4406.35,4406.43,8.0,PASS_<=10c,+0.0,FLAT,+0.0,+85.0,4.2,+3.35,0.80,SLOW,4405.50,4406.54,4403.14,4406.35,0.00,0.00,0.0,BEARISH,340.0,4406.35,4406.35,4406.35,4406.35,0,ACTIVE_0s,1.0,0.0,0.0,0.0,0.0,0.0,0.0,PASS_<20%,0.00,0.0,NO,STANDBY_VEL_LOW,0,0.00,4590.00,133.59,FALSE,M1_DIRECTION_MISMATCH|OPENING_SHIELD_ACTIVE_0s
2026-09-07 18:30:00.746,1788805800.746,3449,2,2,4406.35,4406.43,8.0,PASS_<=10c,+0.0,FLAT,+0.0,+85.0,4.2,+3.35,0.80,SLOW,4405.50,4406.54,4403.14,4406.35,0.00,0.00,0.0,BEARISH,340.0,4406.35,4406.35,4406.35,4406.35,0,ACTIVE_0s,1.0,0.0,0.0,0.0,0.0,0.0,0.0,PASS_<20%,0.00,0.0,NO,STANDBY_VEL_LOW,0,0.00,4590.00,133.59,FALSE,M1_DIRECTION_MISMATCH|OPENING_SHIELD_ACTIVE_0s
2026-09-07 18:30:01.250,1788805801.251,3450,3,3,4406.35,4406.43,8.0,PASS_<=10c,+0.0,FLAT,+0.0,+85.0,4.2,+2.30,0.55,SLOW,4405.50,4406.54,4403.14,4406.35,0.00,0.00,0.0,BEARISH,340.0,4406.35,4406.35,4406.35,4406.35,1,ACTIVE_1s,1.0,0.0,0.0,0.0,0.0,0.0,0.0,PASS_<20%,0.00,0.0,NO,STANDBY_VEL_LOW,0,0.00,4590.00,133.59,FALSE,M1_DIRECTION_MISMATCH|OPENING_SHIELD_ACTIVE_1s
2026-09-07 18:30:06.767,1788805806.767,3451,4,4,4406.35,4406.43,8.0,PASS_<=10c,+0.0,FLAT,+0.0,+85.0,1.5,+0.65,0.43,SLOW,4405.50,4406.54,4403.14,4406.35,0.00,0.00,0.0,BEARISH,340.0,4406.35,4406.35,4406.35,4406.35,6,ACTIVE_6s,1.0,0.0,0.0,0.0,0.0,0.0,0.0,PASS_<20%,0.00,0.0,NO,STANDBY_VEL_LOW,0,0.00,4590.00,133.59,FALSE,M1_DIRECTION_MISMATCH|OPENING_SHIELD_ACTIVE_6s
2026-09-07 18:30:17.002,1788805817.003,3452,5,5,4406.35,4406.43,8.0,PASS_<=10c,+0.0,FLAT,+0.0,+85.0,1.3,+0.70,0.54,SLOW,4405.50,4406.54,4403.14,4406.35,0.00,0.00,0.0,BEARISH,340.0,4406.35,4406.35,4406.35,4406.35,17,ACTIVE_17s,1.0,0.0,0.0,0.0,0.0,0.0,0.0,PASS_<20%,0.00,0.0,NO,STANDBY_VEL_LOW,0,0.00,4590.00,133.59,FALSE,M1_DIRECTION_MISMATCH|OPENING_SHIELD_ACTIVE_17s
2026-09-07 18:30:18.814,1788805818.815,3453,6,6,4406.19,4406.27,8.0,PASS_<=10c,-16.0,DOWN,-16.0,+69.0,1.7,+8.83,5.19,SLOW,4405.50,4406.54,4403.14,4406.35,0.00,0.00,0.0,BEARISH,340.0,4406.35,4406.35,4406.19,4406.19,18,ACTIVE_18s,16.0,16.0,0.0,0.0,0.0,0.0,0.0,PASS_<20%,4406.20,1.0,NO,STANDBY_VEL_LOW,0,0.00,4590.00,133.59,FALSE,OPENING_SHIELD_ACTIVE_18s
2026-09-07 18:30:19.315,1788805819.315,3454,7,7,4406.19,4406.27,8.0,PASS_<=10c,+0.0,FLAT,-16.0,+69.0,2.2,+6.92,3.15,SLOW,4405.50,4406.54,4403.14,4406.35,0.00,0.00,0.0,BEARISH,340.0,4406.35,4406.35,4406.19,4406.19,19,ACTIVE_19s,16.0,16.0,0.0,0.0,0.0,0.0,0.0,PASS_<20%,4406.20,1.0,NO,STANDBY_VEL_LOW,0,0.00,4590.00,133.59,FALSE,OPENING_SHIELD_ACTIVE_19s
2026-09-07 18:30:19.816,1788805819.816,3455,8,8,4406.19,4406.27,8.0,PASS_<=10c,+0.0,FLAT,-16.0,+69.0,2.5,+5.69,2.28,SLOW,4405.50,4406.54,4403.14,4406.35,0.00,0.00,0.0,BEARISH,340.0,4406.35,4406.35,4406.19,4406.19,19,ACTIVE_19s,16.0,16.0,0.0,0.0,0.0,0.0,0.0,PASS_<20%,4406.20,1.0,NO,STANDBY_VEL_LOW,0,0.00,4590.00,133.59,FALSE,OPENING_SHIELD_ACTIVE_19s
2026-09-07 18:30:20.317,1788805820.318,3456,9,9,4406.19,4406.27,8.0,PASS_<=10c,+0.0,FLAT,-16.0,+69.0,2.7,+4.83,1.79,SLOW,4405.50,4406.54,4403.14,4406.35,0.00,0.00,0.0,BEARISH,340.0,4406.35,4406.35,4406.19,4406.19,20,CLEARED_>=20s,16.0,16.0,0.0,0.0,0.0,0.0,0.0,PASS_<20%,4406.20,1.0,YES,STANDBY_VEL_LOW,0,0.00,4590.00,133.59,TRUE,READY_TO_FIRE
2026-09-07 18:30:43.963,1788805843.963,3457,10,10,4406.19,4406.27,8.0,PASS_<=10c,+0.0,FLAT,-16.0,+69.0,1.0,+0.00,0.00,SLOW,4405.50,4406.54,4403.14,4406.23,0.00,0.00,0.0,BEARISH,340.0,4406.35,4406.35,4406.19,4406.19,43,CLEARED_>=20s,16.0,16.0,0.0,0.0,0.0,0.0,0.0,PASS_<20%,4406.20,1.0,YES,STANDBY_VEL_LOW,3,3965.60,624.40,133.59,TRUE,READY_TO_FIRE
2026-09-07 18:30:44.395,1788805844.395,3458,11,11,4406.19,4406.27,8.0,PASS_<=10c,+0.0,FLAT,-16.0,+69.0,3.0,+0.00,0.00,SLOW,4405.50,4406.54,4403.14,4406.23,0.00,0.00,0.0,BEARISH,340.0,4406.35,4406.35,4406.19,4406.19,44,CLEARED_>=20s,16.0,16.0,0.0,0.0,0.0,0.0,0.0,PASS_<20%,4406.20,1.0,YES,STANDBY_VEL_LOW,1,1321.86,3268.14,132.45,TRUE,READY_TO_FIRE
2026-09-07 18:30:44.895,1788805844.896,3459,12,12,4406.19,4406.27,8.0,PASS_<=10c,+0.0,FLAT,-16.0,+69.0,5.0,+0.00,0.00,SLOW,4405.50,4406.54,4403.14,4406.23,0.00,0.00,0.0,BEARISH,340.0,4406.35,4406.35,4406.19,4406.19,44,CLEARED_>=20s,16.0,16.0,0.0,0.0,0.0,0.0,0.0,PASS_<20%,4406.20,1.0,YES,STANDBY_VEL_LOW,1,1321.86,3268.14,132.45,TRUE,READY_TO_FIRE
2026-09-07 18:30:45.398,1788805845.398,3460,13,13,4406.19,4406.27,8.0,PASS_<=10c,+0.0,FLAT,-16.0,+69.0,4.9,+0.00,0.00,SLOW,4405.50,4406.54,4403.14,4406.23,0.00,0.00,0.0,BEARISH,340.0,4406.35,4406.35,4406.19,4406.19,45,CLEARED_>=20s,16.0,16.0,0.0,0.0,0.0,0.0,0.0,PASS_<20%,4406.20,1.0,YES,STANDBY_VEL_LOW,1,1321.86,3268.14,132.45,TRUE,READY_TO_FIRE
2026-09-07 18:30:45.900,1788805845.900,3461,14,14,4406.19,4406.27,8.0,PASS_<=10c,+0.0,FLAT,-16.0,+69.0,4.6,+0.00,0.00,SLOW,4405.50,4406.54,4403.14,4406.23,0.00,0.00,0.0,BEARISH,340.0,4406.35,4406.35,4406.19,4406.19,45,CLEARED_>=20s,16.0,16.0,0.0,0.0,0.0,0.0,0.0,PASS_<20%,4406.20,1.0,YES,STANDBY_VEL_LOW,1,1321.86,3268.14,132.45,TRUE,READY_TO_FIRE
2026-09-07 18:30:46.401,1788805846.402,3462,15,15,4406.19,4406.27,8.0,PASS_<=10c,+0.0,FLAT,-16.0,+69.0,4.5,+0.00,0.00,SLOW,4405.50,4406.54,4403.14,4406.23,0.00,0.00,0.0,BEARISH,340.0,4406.35,4406.35,4406.19,4406.19,46,CLEARED_>=20s,16.0,16.0,0.0,0.0,0.0,0.0,0.0,PASS_<20%,4406.20,1.0,YES,STANDBY_VEL_LOW,1,1321.86,3268.14,132.45,TRUE,READY_TO_FIRE
2026-09-07 18:30:46.903,1788805846.904,3463,16,16,4406.19,4406.27,8.0,PASS_<=10c,+0.0,FLAT,-16.0,+69.0,4.4,+0.00,0.00,SLOW,4405.50,4406.54,4403.14,4406.23,0.00,0.00,0.0,BEARISH,340.0,4406.35,4406.35,4406.19,4406.19,46,CLEARED_>=20s,16.0,16.0,0.0,0.0,0.0,0.0,0.0,PASS_<20%,4406.20,1.0,YES,STANDBY_VEL_LOW,1,1321.86,3268.14,132.45,TRUE,READY_TO_FIRE
2026-09-07 18:30:47.405,1788805847.405,3464,17,17,4406.19,4406.27,8.0,PASS_<=10c,+0.0,FLAT,-16.0,+69.0,4.4,+0.00,0.00,SLOW,4405.50,4406.54,4403.14,4406.23,0.00,0.00,0.0,BEARISH,340.0,4406.35,4406.35,4406.19,4406.19,47,CLEARED_>=20s,16.0,16.0,0.0,0.0,0.0,0.0,0.0,PASS_<20%,4406.20,1.0,YES,STANDBY_VEL_LOW,1,1321.86,3268.14,132.45,TRUE,READY_TO_FIRE
2026-09-07 18:30:47.906,1788805847.907,3465,18,18,4406.19,4406.27,8.0,PASS_<=10c,+0.0,FLAT,-16.0,+69.0,4.3,+0.00,0.00,SLOW,4405.50,4406.54,4403.14,4406.23,0.00,0.00,0.0,BEARISH,340.0,4406.35,4406.35,4406.19,4406.19,47,CLEARED_>=20s,16.0,16.0,0.0,0.0,0.0,0.0,0.0,PASS_<20%,4406.20,1.0,YES,STANDBY_VEL_LOW,1,1321.86,3268.14,132.45,TRUE,READY_TO_FIRE
2026-09-07 18:30:48.409,1788805848.409,3466,19,19,4406.19,4406.27,8.0,PASS_<=10c,+0.0,FLAT,-16.0,+69.0,4.3,+0.00,0.00,SLOW,4405.50,4406.54,4403.14,4406.23,0.00,0.00,0.0,BEARISH,340.0,4406.35,4406.35,4406.19,4406.19,48,CLEARED_>=20s,16.0,16.0,0.0,0.0,0.0,0.0,0.0,PASS_<20%,4406.20,1.0,YES,STANDBY_VEL_LOW,1,1321.86,3268.14,132.45,TRUE,READY_TO_FIRE
2026-09-07 18:30:48.911,1788805848.912,3467,20,20,4406.19,4406.27,8.0,PASS_<=10c,+0.0,FLAT,-16.0,+69.0,4.2,+0.00,0.00,SLOW,4405.50,4406.54,4403.14,4406.23,0.00,0.00,0.0,BEARISH,340.0,4406.35,4406.35,4406.19,4406.19,48,CLEARED_>=20s,16.0,16.0,0.0,0.0,0.0,0.0,0.0,PASS_<20%,4406.20,1.0,YES,STANDBY_VEL_LOW,1,1321.86,3268.14,132.45,TRUE,READY_TO_FIRE
2026-09-07 18:30:49.413,1788805849.413,3468,21,21,4406.19,4406.27,8.0,PASS_<=10c,+0.0,FLAT,-16.0,+69.0,4.2,+0.00,0.00,SLOW,4405.50,4406.54,4403.14,4406.23,0.00,0.00,0.0,BEARISH,340.0,4406.35,4406.35,4406.19,4406.19,49,CLEARED_>=20s,16.0,16.0,0.0,0.0,0.0,0.0,0.0,PASS_<20%,4406.20,1.0,YES,STANDBY_VEL_LOW,1,1321.86,3268.14,132.45,TRUE,READY_TO_FIRE
2026-09-07 18:30:49.915,1788805849.915,3469,22,22,4406.19,4406.27,8.0,PASS_<=10c,+0.0,FLAT,-16.0,+69.0,4.2,+0.00,0.00,SLOW,4405.50,4406.54,4403.14,4406.23,0.00,0.00,0.0,BEARISH,340.0,4406.35,4406.35,4406.19,4406.19,49,CLEARED_>=20s,16.0,16.0,0.0,0.0,0.0,0.0,0.0,PASS_<20%,4406.20,1.0,YES,STANDBY_VEL_LOW,1,1321.86,3268.14,132.45,TRUE,READY_TO_FIRE
2026-09-07 18:30:50.418,1788805850.418,3470,23,23,4406.19,4406.27,8.0,PASS_<=10c,+0.0,FLAT,-16.0,+69.0,4.2,+0.00,0.00,SLOW,4405.50,4406.54,4403.14,4406.23,0.00,0.00,0.0,BEARISH,340.0,4406.35,4406.35,4406.19,4406.19,50,CLEARED_>=20s,16.0,16.0,0.0,0.0,0.0,0.0,0.0,PASS_<20%,4406.20,1.0,YES,STANDBY_VEL_LOW,1,1321.86,3268.14,132.45,TRUE,READY_TO_FIRE
2026-09-07 18:30:50.918,1788805850.919,3471,24,24,4406.19,4406.27,8.0,PASS_<=10c,+0.0,FLAT,-16.0,+69.0,4.2,+0.00,0.00,SLOW,4405.50,4406.54,4403.14,4406.23,0.00,0.00,0.0,BEARISH,340.0,4406.35,4406.35,4406.19,4406.19,50,CLEARED_>=20s,16.0,16.0,0.0,0.0,0.0,0.0,0.0,PASS_<20%,4406.20,1.0,YES,STANDBY_VEL_LOW,1,1321.86,3268.14,132.45,TRUE,READY_TO_FIRE
2026-09-07 18:30:51.421,1788805851.421,3472,25,25,4406.19,4406.27,8.0,PASS_<=10c,+0.0,FLAT,-16.0,+69.0,4.2,+0.00,0.00,SLOW,4405.50,4406.54,4403.14,4406.23,0.00,0.00,0.0,BEARISH,340.0,4406.35,4406.35,4406.19,4406.19,51,CLEARED_>=20s,16.0,16.0,0.0,0.0,0.0,0.0,0.0,PASS_<20%,4406.20,1.0,YES,STANDBY_VEL_LOW,1,1321.86,3268.14,132.45,TRUE,READY_TO_FIRE
2026-09-07 18:30:51.922,1788805851.922,3473,26,26,4406.19,4406.27,8.0,PASS_<=10c,+0.0,FLAT,-16.0,+69.0,4.2,+0.00,0.00,SLOW,4405.50,4406.54,4403.14,4406.23,0.00,0.00,0.0,BEARISH,340.0,4406.35,4406.35,4406.19,4406.19,51,CLEARED_>=20s,16.0,16.0,0.0,0.0,0.0,0.0,0.0,PASS_<20%,4406.20,1.0,YES,STANDBY_VEL_LOW,1,1321.86,3268.14,132.45,TRUE,READY_TO_FIRE
2026-09-07 18:30:57.435,1788805857.436,3474,27,27,4406.19,4406.27,8.0,PASS_<=10c,+0.0,FLAT,-16.0,+69.0,1.1,+0.00,0.00,SLOW,4405.50,4406.54,4403.14,4406.23,0.00,0.00,0.0,BEARISH,340.0,4406.35,4406.35,4406.19,4406.19,57,CLEARED_>=20s,16.0,16.0,0.0,0.0,0.0,0.0,0.0,PASS_<20%,4406.20,1.0,YES,STANDBY_VEL_LOW,1,1321.86,3268.14,132.45,TRUE,READY_TO_FIRE
2026-09-07 18:31:07.679,1788805867.680,3475,1,28,4406.19,4406.27,8.0,PASS_<=10c,+0.0,FLAT,+0.0,+69.0,1.0,+0.00,0.00,SLOW,4405.50,4406.54,4403.14,4406.23,0.00,0.00,0.0,BEARISH,340.0,4406.19,4406.19,4406.19,4406.19,7,ACTIVE_7s,1.0,0.0,0.0,0.0,0.0,0.0,0.0,PASS_<20%,0.00,0.0,NO,STANDBY_VEL_LOW,1,1321.86,3268.14,132.45,FALSE,M1_DIRECTION_MISMATCH|OPENING_SHIELD_ACTIVE_7s
2026-09-07 18:31:08.485,1788805868.485,3476,2,29,4406.19,4406.27,8.0,PASS_<=10c,+0.0,FLAT,+0.0,+69.0,3.0,+0.00,0.00,SLOW,4405.50,4406.54,4403.14,4406.23,0.00,0.00,0.0,BEARISH,340.0,4406.19,4406.19,4406.19,4406.19,8,ACTIVE_8s,1.0,0.0,0.0,0.0,0.0,0.0,0.0,PASS_<20%,0.00,0.0,NO,STANDBY_VEL_LOW,1,1321.86,3268.14,132.45,FALSE,M1_DIRECTION_MISMATCH|OPENING_SHIELD_ACTIVE_8s
2026-09-07 18:31:08.987,1788805868.987,3477,3,30,4406.19,4406.27,8.0,PASS_<=10c,+0.0,FLAT,+0.0,+69.0,3.8,+0.00,0.00,SLOW,4405.50,4406.54,4403.14,4406.23,0.00,0.00,0.0,BEARISH,340.0,4406.19,4406.19,4406.19,4406.19,8,ACTIVE_8s,1.0,0.0,0.0,0.0,0.0,0.0,0.0,PASS_<20%,0.00,0.0,NO,STANDBY_VEL_LOW,1,1321.86,3268.14,132.45,FALSE,M1_DIRECTION_MISMATCH|OPENING_SHIELD_ACTIVE_8s
2026-09-07 18:31:09.488,1788805869.488,3478,4,31,4406.19,4406.27,8.0,PASS_<=10c,+0.0,FLAT,+0.0,+69.0,3.9,+0.00,0.00,SLOW,4405.50,4406.54,4403.14,4406.23,0.00,0.00,0.0,BEARISH,340.0,4406.19,4406.19,4406.19,4406.19,9,ACTIVE_9s,1.0,0.0,0.0,0.0,0.0,0.0,0.0,PASS_<20%,0.00,0.0,NO,STANDBY_VEL_LOW,1,1321.86,3268.14,132.45,FALSE,M1_DIRECTION_MISMATCH|OPENING_SHIELD_ACTIVE_9s
2026-09-07 18:31:09.989,1788805869.990,3479,5,32,4406.19,4406.27,8.0,PASS_<=10c,+0.0,FLAT,+0.0,+69.0,3.9,+0.00,0.00,SLOW,4405.50,4406.54,4403.14,4406.23,0.00,0.00,0.0,BEARISH,340.0,4406.19,4406.19,4406.19,4406.19,9,ACTIVE_9s,1.0,0.0,0.0,0.0,0.0,0.0,0.0,PASS_<20%,0.00,0.0,NO,STANDBY_VEL_LOW,1,1321.86,3268.14,132.45,FALSE,M1_DIRECTION_MISMATCH|OPENING_SHIELD_ACTIVE_9s
2026-09-07 18:31:10.490,1788805870.491,3480,6,33,4406.19,4406.27,8.0,PASS_<=10c,+0.0,FLAT,+0.0,+69.0,3.9,+0.00,0.00,SLOW,4405.50,4406.54,4403.14,4406.23,0.00,0.00,0.0,BEARISH,340.0,4406.19,4406.19,4406.19,4406.19,10,ACTIVE_10s,1.0,0.0,0.0,0.0,0.0,0.0,0.0,PASS_<20%,0.00,0.0,NO,STANDBY_VEL_LOW,1,1321.86,3268.14,132.45,FALSE,M1_DIRECTION_MISMATCH|OPENING_SHIELD_ACTIVE_10s
2026-09-07 18:31:10.992,1788805870.993,3481,7,34,4406.19,4406.27,8.0,PASS_<=10c,+0.0,FLAT,+0.0,+69.0,3.9,+0.00,0.00,SLOW,4405.50,4406.54,4403.14,4406.23,0.00,0.00,0.0,BEARISH,340.0,4406.19,4406.19,4406.19,4406.19,10,ACTIVE_10s,1.0,0.0,0.0,0.0,0.0,0.0,0.0,PASS_<20%,0.00,0.0,NO,STANDBY_VEL_LOW,1,1321.86,3268.14,132.45,FALSE,M1_DIRECTION_MISMATCH|OPENING_SHIELD_ACTIVE_10s
2026-09-07 18:31:11.494,1788805871.495,3482,8,35,4406.19,4406.27,8.0,PASS_<=10c,+0.0,FLAT,+0.0,+69.0,3.9,+0.00,0.00,SLOW,4405.50,4406.54,4403.14,4406.23,0.00,0.00,0.0,BEARISH,340.0,4406.19,4406.19,4406.19,4406.19,11,ACTIVE_11s,1.0,0.0,0.0,0.0,0.0,0.0,0.0,PASS_<20%,0.00,0.0,NO,STANDBY_VEL_LOW,1,1321.86,3268.14,132.45,FALSE,M1_DIRECTION_MISMATCH|OPENING_SHIELD_ACTIVE_11s
2026-09-07 18:31:11.998,1788805871.998,3483,9,36,4406.19,4406.27,8.0,PASS_<=10c,+0.0,FLAT,+0.0,+69.0,3.9,+0.00,0.00,SLOW,4405.50,4406.54,4403.14,4406.23,0.00,0.00,0.0,BEARISH,340.0,4406.19,4406.19,4406.19,4406.19,11,ACTIVE_11s,1.0,0.0,0.0,0.0,0.0,0.0,0.0,PASS_<20%,0.00,0.0,NO,STANDBY_VEL_LOW,1,1321.86,3268.14,132.45,FALSE,M1_DIRECTION_MISMATCH|OPENING_SHIELD_ACTIVE_11s
2026-09-07 18:31:12.499,1788805872.499,3484,10,37,4406.19,4406.27,8.0,PASS_<=10c,+0.0,FLAT,+0.0,+69.0,3.9,+0.00,0.00,SLOW,4405.50,4406.54,4403.14,4406.23,0.00,0.00,0.0,BEARISH,340.0,4406.19,4406.19,4406.19,4406.19,12,ACTIVE_12s,1.0,0.0,0.0,0.0,0.0,0.0,0.0,PASS_<20%,0.00,0.0,NO,STANDBY_VEL_LOW,1,1321.86,3268.14,132.45,FALSE,M1_DIRECTION_MISMATCH|OPENING_SHIELD_ACTIVE_12s
2026-09-07 18:31:12.999,1788805873.000,3485,11,38,4406.19,4406.27,8.0,PASS_<=10c,+0.0,FLAT,+0.0,+69.0,4.3,+0.00,0.00,SLOW,4405.50,4406.54,4403.14,4406.23,0.00,0.00,0.0,BEARISH,340.0,4406.19,4406.19,4406.19,4406.19,12,ACTIVE_12s,1.0,0.0,0.0,0.0,0.0,0.0,0.0,PASS_<20%,0.00,0.0,NO,STANDBY_VEL_LOW,1,1321.86,3268.14,132.45,FALSE,M1_DIRECTION_MISMATCH|OPENING_SHIELD_ACTIVE_12s
2026-09-07 18:31:13.503,1788805873.503,3486,12,39,4406.19,4406.27,8.0,PASS_<=10c,+0.0,FLAT,+0.0,+69.0,4.2,+0.00,0.00,SLOW,4405.50,4406.54,4403.14,4406.23,0.00,0.00,0.0,BEARISH,340.0,4406.19,4406.19,4406.19,4406.19,13,ACTIVE_13s,1.0,0.0,0.0,0.0,0.0,0.0,0.0,PASS_<20%,0.00,0.0,NO,STANDBY_VEL_LOW,1,1321.86,3268.14,132.45,FALSE,M1_DIRECTION_MISMATCH|OPENING_SHIELD_ACTIVE_13s
2026-09-07 18:31:14.005,1788805874.005,3487,13,40,4406.19,4406.27,8.0,PASS_<=10c,+0.0,FLAT,+0.0,+69.0,4.2,+0.00,0.00,SLOW,4405.50,4406.54,4403.14,4406.23,0.00,0.00,0.0,BEARISH,340.0,4406.19,4406.19,4406.19,4406.19,14,ACTIVE_14s,1.0,0.0,0.0,0.0,0.0,0.0,0.0,PASS_<20%,0.00,0.0,NO,STANDBY_VEL_LOW,1,1321.86,3268.14,132.45,FALSE,M1_DIRECTION_MISMATCH|OPENING_SHIELD_ACTIVE_14s
2026-09-07 18:31:14.506,1788805874.507,3488,14,41,4406.19,4406.27,8.0,PASS_<=10c,+0.0,FLAT,+0.0,+69.0,4.2,+0.00,0.00,SLOW,4405.50,4406.54,4403.14,4406.23,0.00,0.00,0.0,BEARISH,340.0,4406.19,4406.19,4406.19,4406.19,14,ACTIVE_14s,1.0,0.0,0.0,0.0,0.0,0.0,0.0,PASS_<20%,0.00,0.0,NO,STANDBY_VEL_LOW,1,1321.86,3268.14,132.45,FALSE,M1_DIRECTION_MISMATCH|OPENING_SHIELD_ACTIVE_14s
2026-09-07 18:31:15.007,1788805875.008,3489,15,42,4406.19,4406.27,8.0,PASS_<=10c,+0.0,FLAT,+0.0,+69.0,4.2,+0.00,0.00,SLOW,4405.50,4406.54,4403.14,4406.23,0.00,0.00,0.0,BEARISH,340.0,4406.19,4406.19,4406.19,4406.19,15,ACTIVE_15s,1.0,0.0,0.0,0.0,0.0,0.0,0.0,PASS_<20%,0.00,0.0,NO,STANDBY_VEL_LOW,1,1321.86,3268.14,132.45,FALSE,M1_DIRECTION_MISMATCH|OPENING_SHIELD_ACTIVE_15s
2026-09-07 18:31:15.509,1788805875.509,3490,16,43,4406.19,4406.27,8.0,PASS_<=10c,+0.0,FLAT,+0.0,+69.0,4.2,+0.00,0.00,SLOW,4405.50,4406.54,4403.14,4406.23,0.00,0.00,0.0,BEARISH,340.0,4406.19,4406.19,4406.19,4406.19,15,ACTIVE_15s,1.0,0.0,0.0,0.0,0.0,0.0,0.0,PASS_<20%,0.00,0.0,NO,STANDBY_VEL_LOW,1,1321.86,3268.14,132.45,FALSE,M1_DIRECTION_MISMATCH|OPENING_SHIELD_ACTIVE_15s
2026-09-07 18:31:16.010,1788805876.011,3491,17,44,4406.19,4406.27,8.0,PASS_<=10c,+0.0,FLAT,+0.0,+69.0,4.2,+0.00,0.00,SLOW,4405.50,4406.54,4403.14,4406.23,0.00,0.00,0.0,BEARISH,340.0,4406.19,4406.19,4406.19,4406.19,16,ACTIVE_16s,1.0,0.0,0.0,0.0,0.0,0.0,0.0,PASS_<20%,0.00,0.0,NO,STANDBY_VEL_LOW,1,1321.86,3268.14,132.45,FALSE,M1_DIRECTION_MISMATCH|OPENING_SHIELD_ACTIVE_16s
2026-09-07 18:31:21.526,1788805881.527,3492,18,45,4406.19,4406.27,8.0,PASS_<=10c,+0.0,FLAT,+0.0,+69.0,1.7,+0.00,0.00,SLOW,4405.50,4406.54,4403.14,4406.23,0.00,0.00,0.0,BEARISH,340.0,4406.19,4406.19,4406.19,4406.19,21,CLEARED_>=20s,1.0,0.0,0.0,0.0,0.0,0.0,0.0,PASS_<20%,0.00,0.0,NO,STANDBY_VEL_LOW,1,1321.86,3268.14,132.45,FALSE,M1_DIRECTION_MISMATCH
2026-09-07 18:31:31.755,1788805891.755,3493,19,46,4406.19,4406.27,8.0,PASS_<=10c,+0.0,FLAT,+0.0,+69.0,1.4,+0.00,0.00,SLOW,4405.50,4406.54,4403.14,4406.23,0.00,0.00,0.0,BEARISH,340.0,4406.19,4406.19,4406.19,4406.19,31,CLEARED_>=20s,1.0,0.0,0.0,0.0,0.0,0.0,0.0,PASS_<20%,0.00,0.0,NO,STANDBY_VEL_LOW,1,1321.86,3268.14,132.45,FALSE,M1_DIRECTION_MISMATCH
2026-09-07 18:31:32.560,1788805892.561,3494,20,47,4406.19,4406.27,8.0,PASS_<=10c,+0.0,FLAT,+0.0,+69.0,3.0,+0.00,0.00,SLOW,4405.50,4406.54,4403.14,4406.23,0.00,0.00,0.0,BEARISH,340.0,4406.19,4406.19,4406.19,4406.19,32,CLEARED_>=20s,1.0,0.0,0.0,0.0,0.0,0.0,0.0,PASS_<20%,0.00,0.0,NO,STANDBY_VEL_LOW,1,1321.86,3268.14,132.45,FALSE,M1_DIRECTION_MISMATCH
2026-09-07 18:31:33.063,1788805893.063,3495,21,48,4406.19,4406.27,8.0,PASS_<=10c,+0.0,FLAT,+0.0,+69.0,3.8,+0.00,0.00,SLOW,4405.50,4406.54,4403.14,4406.23,0.00,0.00,0.0,BEARISH,340.0,4406.19,4406.19,4406.19,4406.19,33,CLEARED_>=20s,1.0,0.0,0.0,0.0,0.0,0.0,0.0,PASS_<20%,0.00,0.0,NO,STANDBY_VEL_LOW,1,1321.86,3268.14,132.45,FALSE,M1_DIRECTION_MISMATCH
2026-09-07 18:31:33.565,1788805893.565,3496,22,49,4406.19,4406.27,8.0,PASS_<=10c,+0.0,FLAT,+0.0,+69.0,3.9,+0.00,0.00,SLOW,4405.50,4406.54,4403.14,4406.23,0.00,0.00,0.0,BEARISH,340.0,4406.19,4406.19,4406.19,4406.19,33,CLEARED_>=20s,1.0,0.0,0.0,0.0,0.0,0.0,0.0,PASS_<20%,0.00,0.0,NO,STANDBY_VEL_LOW,1,1321.86,3268.14,132.45,FALSE,M1_DIRECTION_MISMATCH
2026-09-07 18:31:34.066,1788805894.067,3497,23,50,4406.19,4406.27,8.0,PASS_<=10c,+0.0,FLAT,+0.0,+69.0,3.9,+0.00,0.00,SLOW,4405.50,4406.54,4403.14,4406.23,0.00,0.00,0.0,BEARISH,340.0,4406.19,4406.19,4406.19,4406.19,34,CLEARED_>=20s,1.0,0.0,0.0,0.0,0.0,0.0,0.0,PASS_<20%,0.00,0.0,NO,STANDBY_VEL_LOW,1,1321.86,3268.14,132.45,FALSE,M1_DIRECTION_MISMATCH
2026-09-07 18:31:34.568,1788805894.569,3498,24,51,4406.19,4406.27,8.0,PASS_<=10c,+0.0,FLAT,+0.0,+69.0,3.9,+0.00,0.00,SLOW,4405.50,4406.54,4403.14,4406.23,0.00,0.00,0.0,BEARISH,340.0,4406.19,4406.19,4406.19,4406.19,34,CLEARED_>=20s,1.0,0.0,0.0,0.0,0.0,0.0,0.0,PASS_<20%,0.00,0.0,NO,STANDBY_VEL_LOW,1,1321.86,3268.14,132.45,FALSE,M1_DIRECTION_MISMATCH
2026-09-07 18:31:35.070,1788805895.071,3499,25,52,4406.19,4406.27,8.0,PASS_<=10c,+0.0,FLAT,+0.0,+69.0,3.9,+0.00,0.00,SLOW,4405.50,4406.54,4403.14,4406.23,0.00,0.00,0.0,BEARISH,340.0,4406.19,4406.19,4406.19,4406.19,35,CLEARED_>=20s,1.0,0.0,0.0,0.0,0.0,0.0,0.0,PASS_<20%,0.00,0.0,NO,STANDBY_VEL_LOW,1,1321.86,3268.14,132.45,FALSE,M1_DIRECTION_MISMATCH
2026-09-07 18:31:35.573,1788805895.573,3500,26,53,4406.19,4406.27,8.0,PASS_<=10c,+0.0,FLAT,+0.0,+69.0,3.9,+0.00,0.00,SLOW,4405.50,4406.54,4403.14,4406.23,0.00,0.00,0.0,BEARISH,340.0,4406.19,4406.19,4406.19,4406.19,35,CLEARED_>=20s,1.0,0.0,0.0,0.0,0.0,0.0,0.0,PASS_<20%,0.00,0.0,NO,STANDBY_VEL_LOW,1,1321.86,3268.14,132.45,FALSE,M1_DIRECTION_MISMATCH
2026-09-07 18:31:36.074,1788805896.074,3501,27,54,4406.19,4406.27,8.0,PASS_<=10c,+0.0,FLAT,+0.0,+69.0,3.9,+0.00,0.00,SLOW,4405.50,4406.54,4403.14,4406.23,0.00,0.00,0.0,BEARISH,340.0,4406.19,4406.19,4406.19,4406.19,36,CLEARED_>=20s,1.0,0.0,0.0,0.0,0.0,0.0,0.0,PASS_<20%,0.00,0.0,NO,STANDBY_VEL_LOW,1,1321.86,3268.14,132.45,FALSE,M1_DIRECTION_MISMATCH
2026-09-07 18:31:36.576,1788805896.576,3502,28,55,4406.19,4406.27,8.0,PASS_<=10c,+0.0,FLAT,+0.0,+69.0,3.9,+0.00,0.00,SLOW,4405.50,4406.54,4403.14,4406.23,0.00,0.00,0.0,BEARISH,340.0,4406.19,4406.19,4406.19,4406.19,36,CLEARED_>=20s,1.0,0.0,0.0,0.0,0.0,0.0,0.0,PASS_<20%,0.00,0.0,NO,STANDBY_VEL_LOW,1,1321.86,3268.14,132.45,FALSE,M1_DIRECTION_MISMATCH
2026-09-07 18:31:37.078,1788805897.079,3503,29,56,4406.19,4406.27,8.0,PASS_<=10c,+0.0,FLAT,+0.0,+69.0,4.3,+0.00,0.00,SLOW,4405.50,4406.54,4403.14,4406.23,0.00,0.00,0.0,BEARISH,340.0,4406.19,4406.19,4406.19,4406.19,37,CLEARED_>=20s,1.0,0.0,0.0,0.0,0.0,0.0,0.0,PASS_<20%,0.00,0.0,NO,STANDBY_VEL_LOW,1,1321.86,3268.14,132.45,FALSE,M1_DIRECTION_MISMATCH
2026-09-07 18:31:37.579,1788805897.579,3504,30,57,4406.19,4406.27,8.0,PASS_<=10c,+0.0,FLAT,+0.0,+69.0,4.2,+0.00,0.00,SLOW,4405.50,4406.54,4403.14,4406.23,0.00,0.00,0.0,BEARISH,340.0,4406.19,4406.19,4406.19,4406.19,37,CLEARED_>=20s,1.0,0.0,0.0,0.0,0.0,0.0,0.0,PASS_<20%,0.00,0.0,NO,STANDBY_VEL_LOW,1,1321.86,3268.14,132.45,FALSE,M1_DIRECTION_MISMATCH
2026-09-07 18:31:38.081,1788805898.082,3505,31,58,4406.19,4406.27,8.0,PASS_<=10c,+0.0,FLAT,+0.0,+69.0,4.2,+0.00,0.00,SLOW,4405.50,4406.54,4403.14,4406.23,0.00,0.00,0.0,BEARISH,340.0,4406.19,4406.19,4406.19,4406.19,38,CLEARED_>=20s,1.0,0.0,0.0,0.0,0.0,0.0,0.0,PASS_<20%,0.00,0.0,NO,STANDBY_VEL_LOW,1,1321.86,3268.14,132.45,FALSE,M1_DIRECTION_MISMATCH
2026-09-07 18:31:38.582,1788805898.582,3506,32,59,4406.19,4406.27,8.0,PASS_<=10c,+0.0,FLAT,+0.0,+69.0,4.2,+0.00,0.00,SLOW,4405.50,4406.54,4403.14,4406.23,0.00,0.00,0.0,BEARISH,340.0,4406.19,4406.19,4406.19,4406.19,38,CLEARED_>=20s,1.0,0.0,0.0,0.0,0.0,0.0,0.0,PASS_<20%,0.00,0.0,NO,STANDBY_VEL_LOW,1,1321.86,3268.14,132.45,FALSE,M1_DIRECTION_MISMATCH
2026-09-07 18:31:39.085,1788805899.086,3507,33,60,4406.19,4406.27,8.0,PASS_<=10c,+0.0,FLAT,+0.0,+69.0,4.2,+0.00,0.00,SLOW,4405.50,4406.54,4403.14,4406.23,0.00,0.00,0.0,BEARISH,340.0,4406.19,4406.19,4406.19,4406.19,39,CLEARED_>=20s,1.0,0.0,0.0,0.0,0.0,0.0,0.0,PASS_<20%,0.00,0.0,NO,STANDBY_VEL_LOW,1,1321.86,3268.14,132.45,FALSE,M1_DIRECTION_MISMATCH
2026-09-07 18:31:39.586,1788805899.587,3508,34,61,4406.19,4406.27,8.0,PASS_<=10c,+0.0,FLAT,+0.0,+69.0,4.2,+0.00,0.00,SLOW,4405.50,4406.54,4403.14,4406.23,0.00,0.00,0.0,BEARISH,340.0,4406.19,4406.19,4406.19,4406.19,39,CLEARED_>=20s,1.0,0.0,0.0,0.0,0.0,0.0,0.0,PASS_<20%,0.00,0.0,NO,STANDBY_VEL_LOW,1,1321.86,3268.14,132.45,FALSE,M1_DIRECTION_MISMATCH
2026-09-07 18:31:40.088,1788805900.088,3509,35,62,4406.19,4406.27,8.0,PASS_<=10c,+0.0,FLAT,+0.0,+69.0,4.2,+0.00,0.00,SLOW,4405.50,4406.54,4403.14,4406.23,0.00,0.00,0.0,BEARISH,340.0,4406.19,4406.19,4406.19,4406.19,40,CLEARED_>=20s,1.0,0.0,0.0,0.0,0.0,0.0,0.0,PASS_<20%,0.00,0.0,NO,STANDBY_VEL_LOW,1,1321.86,3268.14,132.45,FALSE,M1_DIRECTION_MISMATCH
2026-09-07 18:31:40.589,1788805900.590,3510,36,63,4406.19,4406.27,8.0,PASS_<=10c,+0.0,FLAT,+0.0,+69.0,4.2,+0.00,0.00,SLOW,4405.50,4406.54,4403.14,4406.23,0.00,0.00,0.0,BEARISH,340.0,4406.19,4406.19,4406.19,4406.19,40,CLEARED_>=20s,1.0,0.0,0.0,0.0,0.0,0.0,0.0,PASS_<20%,0.00,0.0,NO,STANDBY_VEL_LOW,1,1321.86,3268.14,132.45,FALSE,M1_DIRECTION_MISMATCH
2026-09-07 18:31:50.968,1788805910.969,3511,37,64,4406.19,4406.27,8.0,PASS_<=10c,+0.0,FLAT,+0.0,+69.0,1.3,+0.00,0.00,SLOW,4405.50,4406.54,4403.14,4406.23,0.00,0.00,0.0,BEARISH,340.0,4406.19,4406.19,4406.19,4406.19,50,CLEARED_>=20s,1.0,0.0,0.0,0.0,0.0,0.0,0.0,PASS_<20%,0.00,0.0,NO,STANDBY_VEL_LOW,1,1321.86,3268.14,132.45,FALSE,M1_DIRECTION_MISMATCH
2026-09-07 18:31:56.788,1788805916.789,3512,38,65,4406.19,4406.27,8.0,PASS_<=10c,+0.0,FLAT,+0.0,+69.0,2.0,+0.00,0.00,SLOW,4405.50,4406.54,4403.14,4406.23,0.00,0.00,0.0,BEARISH,340.0,4406.19,4406.19,4406.19,4406.19,56,CLEARED_>=20s,1.0,0.0,0.0,0.0,0.0,0.0,0.0,PASS_<20%,0.00,0.0,NO,STANDBY_VEL_LOW,1,1321.86,3268.14,132.45,FALSE,M1_DIRECTION_MISMATCH
2026-09-07 18:31:57.142,1788805917.143,3513,39,66,4406.19,4406.27,8.0,PASS_<=10c,+0.0,FLAT,+0.0,+69.0,3.8,+0.00,0.00,SLOW,4405.50,4406.54,4403.14,4406.23,0.00,0.00,0.0,BEARISH,340.0,4406.19,4406.19,4406.19,4406.19,57,CLEARED_>=20s,1.0,0.0,0.0,0.0,0.0,0.0,0.0,PASS_<20%,0.00,0.0,NO,STANDBY_VEL_LOW,1,1321.86,3268.14,132.45,FALSE,M1_DIRECTION_MISMATCH
2026-09-07 18:31:57.643,1788805917.644,3514,40,67,4406.19,4406.27,8.0,PASS_<=10c,+0.0,FLAT,+0.0,+69.0,3.9,+0.00,0.00,SLOW,4405.50,4406.54,4403.14,4406.23,0.00,0.00,0.0,BEARISH,340.0,4406.19,4406.19,4406.19,4406.19,57,CLEARED_>=20s,1.0,0.0,0.0,0.0,0.0,0.0,0.0,PASS_<20%,0.00,0.0,NO,STANDBY_VEL_LOW,1,1321.86,3268.14,132.45,FALSE,M1_DIRECTION_MISMATCH
2026-09-07 18:31:58.144,1788805918.145,3515,41,68,4406.19,4406.27,8.0,PASS_<=10c,+0.0,FLAT,+0.0,+69.0,3.9,+0.00,0.00,SLOW,4405.50,4406.54,4403.14,4406.23,0.00,0.00,0.0,BEARISH,340.0,4406.19,4406.19,4406.19,4406.19,58,CLEARED_>=20s,1.0,0.0,0.0,0.0,0.0,0.0,0.0,PASS_<20%,0.00,0.0,NO,STANDBY_VEL_LOW,1,1321.86,3268.14,132.45,FALSE,M1_DIRECTION_MISMATCH
2026-09-07 18:31:58.646,1788805918.647,3516,42,69,4406.19,4406.27,8.0,PASS_<=10c,+0.0,FLAT,+0.0,+69.0,3.9,+0.00,0.00,SLOW,4405.50,4406.54,4403.14,4406.23,0.00,0.00,0.0,BEARISH,340.0,4406.19,4406.19,4406.19,4406.19,58,CLEARED_>=20s,1.0,0.0,0.0,0.0,0.0,0.0,0.0,PASS_<20%,0.00,0.0,NO,STANDBY_VEL_LOW,1,1321.86,3268.14,132.45,FALSE,M1_DIRECTION_MISMATCH
2026-09-07 18:31:59.148,1788805919.148,3517,43,70,4406.19,4406.27,8.0,PASS_<=10c,+0.0,FLAT,+0.0,+69.0,3.9,+0.00,0.00,SLOW,4405.50,4406.54,4403.14,4406.23,0.00,0.00,0.0,BEARISH,340.0,4406.19,4406.19,4406.19,4406.19,59,CLEARED_>=20s,1.0,0.0,0.0,0.0,0.0,0.0,0.0,PASS_<20%,0.00,0.0,NO,STANDBY_VEL_LOW,1,1321.86,3268.14,132.45,FALSE,M1_DIRECTION_MISMATCH
2026-09-07 18:31:59.650,1788805919.651,3518,44,71,4406.19,4406.27,8.0,PASS_<=10c,+0.0,FLAT,+0.0,+69.0,3.9,+0.00,0.00,SLOW,4405.50,4406.54,4403.14,4406.23,0.00,0.00,0.0,BEARISH,340.0,4406.19,4406.19,4406.19,4406.19,59,CLEARED_>=20s,1.0,0.0,0.0,0.0,0.0,0.0,0.0,PASS_<20%,0.00,0.0,NO,STANDBY_VEL_LOW,1,1321.86,3268.14,132.45,FALSE,M1_DIRECTION_MISMATCH
2026-09-07 18:32:00.152,1788805920.152,3519,1,72,4406.19,4406.27,8.0,PASS_<=10c,+0.0,FLAT,+0.0,+69.0,3.9,+0.00,0.00,SLOW,4405.50,4406.54,4403.14,4406.23,0.00,0.00,0.0,BEARISH,340.0,4406.19,4406.19,4406.19,4406.19,0,ACTIVE_0s,1.0,0.0,0.0,0.0,0.0,0.0,0.0,PASS_<20%,0.00,0.0,NO,STANDBY_VEL_LOW,1,1321.86,3268.14,132.45,FALSE,M1_DIRECTION_MISMATCH|OPENING_SHIELD_ACTIVE_0s
2026-09-07 18:32:00.653,1788805920.654,3520,2,73,4406.19,4406.27,8.0,PASS_<=10c,+0.0,FLAT,+0.0,+69.0,3.9,+0.00,0.00,SLOW,4405.50,4406.54,4403.14,4406.23,0.00,0.00,0.0,BEARISH,340.0,4406.19,4406.19,4406.19,4406.19,0,ACTIVE_0s,1.0,0.0,0.0,0.0,0.0,0.0,0.0,PASS_<20%,0.00,0.0,NO,STANDBY_VEL_LOW,1,1321.86,3268.14,132.45,FALSE,M1_DIRECTION_MISMATCH|OPENING_SHIELD_ACTIVE_0s
2026-09-07 18:32:01.154,1788805921.154,3521,3,74,4406.19,4406.27,8.0,PASS_<=10c,+0.0,FLAT,+0.0,+69.0,4.4,+0.00,0.00,SLOW,4405.50,4406.54,4403.14,4406.23,0.00,0.00,0.0,BEARISH,340.0,4406.19,4406.19,4406.19,4406.19,1,ACTIVE_1s,1.0,0.0,0.0,0.0,0.0,0.0,0.0,PASS_<20%,0.00,0.0,NO,STANDBY_VEL_LOW,1,1321.86,3268.14,132.45,FALSE,M1_DIRECTION_MISMATCH|OPENING_SHIELD_ACTIVE_1s
2026-09-07 18:32:01.656,1788805921.657,3522,4,75,4406.19,4406.27,8.0,PASS_<=10c,+0.0,FLAT,+0.0,+69.0,4.3,+0.00,0.00,SLOW,4405.50,4406.54,4403.14,4406.23,0.00,0.00,0.0,BEARISH,340.0,4406.19,4406.19,4406.19,4406.19,1,ACTIVE_1s,1.0,0.0,0.0,0.0,0.0,0.0,0.0,PASS_<20%,0.00,0.0,NO,STANDBY_VEL_LOW,1,1321.86,3268.14,132.45,FALSE,M1_DIRECTION_MISMATCH|OPENING_SHIELD_ACTIVE_1s
2026-09-07 18:32:02.158,1788805922.159,3523,5,76,4406.19,4406.27,8.0,PASS_<=10c,+0.0,FLAT,+0.0,+69.0,4.2,+0.00,0.00,SLOW,4405.50,4406.54,4403.14,4406.23,0.00,0.00,0.0,BEARISH,340.0,4406.19,4406.19,4406.19,4406.19,2,ACTIVE_2s,1.0,0.0,0.0,0.0,0.0,0.0,0.0,PASS_<20%,0.00,0.0,NO,STANDBY_VEL_LOW,1,1321.86,3268.14,132.45,FALSE,M1_DIRECTION_MISMATCH|OPENING_SHIELD_ACTIVE_2s
2026-09-07 18:32:02.661,1788805922.661,3524,6,77,4406.19,4406.27,8.0,PASS_<=10c,+0.0,FLAT,+0.0,+69.0,4.2,+0.00,0.00,SLOW,4405.50,4406.54,4403.14,4406.23,0.00,0.00,0.0,BEARISH,340.0,4406.19,4406.19,4406.19,4406.19,2,ACTIVE_2s,1.0,0.0,0.0,0.0,0.0,0.0,0.0,PASS_<20%,0.00,0.0,NO,STANDBY_VEL_LOW,1,1321.86,3268.14,132.45,FALSE,M1_DIRECTION_MISMATCH|OPENING_SHIELD_ACTIVE_2s
2026-09-07 18:32:03.163,1788805923.163,3525,7,78,4406.19,4406.27,8.0,PASS_<=10c,+0.0,FLAT,+0.0,+69.0,4.2,+0.00,0.00,SLOW,4405.50,4406.54,4403.14,4406.23,0.00,0.00,0.0,BEARISH,340.0,4406.19,4406.19,4406.19,4406.19,3,ACTIVE_3s,1.0,0.0,0.0,0.0,0.0,0.0,0.0,PASS_<20%,0.00,0.0,NO,STANDBY_VEL_LOW,1,1321.86,3268.14,132.45,FALSE,M1_DIRECTION_MISMATCH|OPENING_SHIELD_ACTIVE_3s
2026-09-07 18:32:03.664,1788805923.665,3526,8,79,4406.19,4406.27,8.0,PASS_<=10c,+0.0,FLAT,+0.0,+69.0,4.2,+0.00,0.00,SLOW,4405.50,4406.54,4403.14,4406.23,0.00,0.00,0.0,BEARISH,340.0,4406.19,4406.19,4406.19,4406.19,3,ACTIVE_3s,1.0,0.0,0.0,0.0,0.0,0.0,0.0,PASS_<20%,0.00,0.0,NO,STANDBY_VEL_LOW,1,1321.86,3268.14,132.45,FALSE,M1_DIRECTION_MISMATCH|OPENING_SHIELD_ACTIVE_3s
2026-09-07 18:32:04.165,1788805924.165,3527,9,80,4406.19,4406.27,8.0,PASS_<=10c,+0.0,FLAT,+0.0,+69.0,4.2,+0.00,0.00,SLOW,4405.50,4406.54,4403.14,4406.23,0.00,0.00,0.0,BEARISH,340.0,4406.19,4406.19,4406.19,4406.19,4,ACTIVE_4s,1.0,0.0,0.0,0.0,0.0,0.0,0.0,PASS_<20%,0.00,0.0,NO,STANDBY_VEL_LOW,1,1321.86,3268.14,132.45,FALSE,M1_DIRECTION_MISMATCH|OPENING_SHIELD_ACTIVE_4s
2026-09-07 18:32:04.666,1788805924.667,3528,10,81,4406.19,4406.27,8.0,PASS_<=10c,+0.0,FLAT,+0.0,+69.0,4.2,+0.00,0.00,SLOW,4405.50,4406.54,4403.14,4406.23,0.00,0.00,0.0,BEARISH,340.0,4406.19,4406.19,4406.19,4406.19,4,ACTIVE_4s,1.0,0.0,0.0,0.0,0.0,0.0,0.0,PASS_<20%,0.00,0.0,NO,STANDBY_VEL_LOW,1,1321.86,3268.14,132.45,FALSE,M1_DIRECTION_MISMATCH|OPENING_SHIELD_ACTIVE_4s
2026-09-07 18:32:15.043,1788805935.044,3529,11,82,4406.19,4406.27,8.0,PASS_<=10c,+0.0,FLAT,+0.0,+69.0,1.3,+0.00,0.00,SLOW,4405.50,4406.54,4403.14,4406.23,0.00,0.00,0.0,BEARISH,340.0,4406.19,4406.19,4406.19,4406.19,15,ACTIVE_15s,1.0,0.0,0.0,0.0,0.0,0.0,0.0,PASS_<20%,0.00,0.0,NO,STANDBY_VEL_LOW,1,1321.86,3268.14,132.45,FALSE,M1_DIRECTION_MISMATCH|OPENING_SHIELD_ACTIVE_15s
2026-09-07 18:32:21.681,1788805941.682,3530,12,83,4406.19,4406.27,8.0,PASS_<=10c,+0.0,FLAT,+0.0,+69.0,1.4,+0.00,0.00,SLOW,4405.50,4406.54,4403.14,4406.23,0.00,0.00,0.0,BEARISH,340.0,4406.19,4406.19,4406.19,4406.19,21,CLEARED_>=20s,1.0,0.0,0.0,0.0,0.0,0.0,0.0,PASS_<20%,0.00,0.0,NO,STANDBY_VEL_LOW,1,1321.86,3268.14,132.45,FALSE,M1_DIRECTION_MISMATCH
2026-09-07 18:32:22.036,1788805942.036,3531,13,84,4406.19,4406.27,8.0,PASS_<=10c,+0.0,FLAT,+0.0,+69.0,2.2,+0.00,0.00,SLOW,4405.50,4406.54,4403.14,4406.23,0.00,0.00,0.0,BEARISH,340.0,4406.19,4406.19,4406.19,4406.19,22,CLEARED_>=20s,1.0,0.0,0.0,0.0,0.0,0.0,0.0,PASS_<20%,0.00,0.0,NO,STANDBY_VEL_LOW,1,1321.86,3268.14,132.45,FALSE,M1_DIRECTION_MISMATCH
2026-09-07 18:32:22.537,1788805942.537,3532,14,85,4406.19,4406.27,8.0,PASS_<=10c,+0.0,FLAT,+0.0,+69.0,2.5,+0.00,0.00,SLOW,4405.50,4406.54,4403.14,4406.23,0.00,0.00,0.0,BEARISH,340.0,4406.19,4406.19,4406.19,4406.19,22,CLEARED_>=20s,1.0,0.0,0.0,0.0,0.0,0.0,0.0,PASS_<20%,0.00,0.0,NO,STANDBY_VEL_LOW,1,1321.86,3268.14,132.45,FALSE,M1_DIRECTION_MISMATCH
2026-09-07 18:32:23.040,1788805943.041,3533,15,86,4406.19,4406.27,8.0,PASS_<=10c,+0.0,FLAT,+0.0,+69.0,2.8,+0.00,0.00,SLOW,4405.50,4406.54,4403.14,4406.23,0.00,0.00,0.0,BEARISH,340.0,4406.19,4406.19,4406.19,4406.19,23,CLEARED_>=20s,1.0,0.0,0.0,0.0,0.0,0.0,0.0,PASS_<20%,0.00,0.0,NO,STANDBY_VEL_LOW,1,1321.86,3268.14,132.45,FALSE,M1_DIRECTION_MISMATCH
2026-09-07 18:32:23.540,1788805943.541,3534,16,87,4406.19,4406.27,8.0,PASS_<=10c,+0.0,FLAT,+0.0,+69.0,3.0,+0.00,0.00,SLOW,4405.50,4406.54,4403.14,4406.23,0.00,0.00,0.0,BEARISH,340.0,4406.19,4406.19,4406.19,4406.19,23,CLEARED_>=20s,1.0,0.0,0.0,0.0,0.0,0.0,0.0,PASS_<20%,0.00,0.0,NO,STANDBY_VEL_LOW,1,1321.86,3268.14,132.45,FALSE,M1_DIRECTION_MISMATCH
2026-09-07 18:32:24.041,1788805944.041,3535,17,88,4406.19,4406.27,8.0,PASS_<=10c,+0.0,FLAT,+0.0,+69.0,3.1,+0.00,0.00,SLOW,4405.50,4406.54,4403.14,4406.23,0.00,0.00,0.0,BEARISH,340.0,4406.19,4406.19,4406.19,4406.19,24,CLEARED_>=20s,1.0,0.0,0.0,0.0,0.0,0.0,0.0,PASS_<20%,0.00,0.0,NO,STANDBY_VEL_LOW,1,1321.86,3268.14,132.45,FALSE,M1_DIRECTION_MISMATCH
2026-09-07 18:32:24.542,1788805944.543,3536,18,89,4406.19,4406.27,8.0,PASS_<=10c,+0.0,FLAT,+0.0,+69.0,3.2,+0.00,0.00,SLOW,4405.50,4406.54,4403.14,4406.23,0.00,0.00,0.0,BEARISH,340.0,4406.19,4406.19,4406.19,4406.19,24,CLEARED_>=20s,1.0,0.0,0.0,0.0,0.0,0.0,0.0,PASS_<20%,0.00,0.0,NO,STANDBY_VEL_LOW,1,1321.86,3268.14,132.45,FALSE,M1_DIRECTION_MISMATCH
2026-09-07 18:32:25.044,1788805945.044,3537,19,90,4406.19,4406.27,8.0,PASS_<=10c,+0.0,FLAT,+0.0,+69.0,3.3,+0.00,0.00,SLOW,4405.50,4406.54,4403.14,4406.23,0.00,0.00,0.0,BEARISH,340.0,4406.19,4406.19,4406.19,4406.19,25,CLEARED_>=20s,1.0,0.0,0.0,0.0,0.0,0.0,0.0,PASS_<20%,0.00,0.0,NO,STANDBY_VEL_LOW,1,1321.86,3268.14,132.45,FALSE,M1_DIRECTION_MISMATCH
2026-09-07 18:32:25.545,1788805945.546,3538,20,91,4406.19,4406.27,8.0,PASS_<=10c,+0.0,FLAT,+0.0,+69.0,4.4,+0.00,0.00,SLOW,4405.50,4406.54,4403.14,4406.23,0.00,0.00,0.0,BEARISH,340.0,4406.19,4406.19,4406.19,4406.19,25,CLEARED_>=20s,1.0,0.0,0.0,0.0,0.0,0.0,0.0,PASS_<20%,0.00,0.0,NO,STANDBY_VEL_LOW,1,1321.86,3268.14,132.45,FALSE,M1_DIRECTION_MISMATCH
2026-09-07 18:32:26.047,1788805946.047,3539,21,92,4406.19,4406.27,8.0,PASS_<=10c,+0.0,FLAT,+0.0,+69.0,4.4,+0.00,0.00,SLOW,4405.50,4406.54,4403.14,4406.23,0.00,0.00,0.0,BEARISH,340.0,4406.19,4406.19,4406.19,4406.19,26,CLEARED_>=20s,1.0,0.0,0.0,0.0,0.0,0.0,0.0,PASS_<20%,0.00,0.0,NO,STANDBY_VEL_LOW,1,1321.86,3268.14,132.45,FALSE,M1_DIRECTION_MISMATCH
2026-09-07 18:32:26.553,1788805946.554,3540,22,93,4406.19,4406.27,8.0,PASS_<=10c,+0.0,FLAT,+0.0,+69.0,4.3,+0.00,0.00,SLOW,4405.50,4406.54,4403.14,4406.23,0.00,0.00,0.0,BEARISH,340.0,4406.19,4406.19,4406.19,4406.19,26,CLEARED_>=20s,1.0,0.0,0.0,0.0,0.0,0.0,0.0,PASS_<20%,0.00,0.0,NO,STANDBY_VEL_LOW,1,1321.86,3268.14,132.45,FALSE,M1_DIRECTION_MISMATCH
2026-09-07 18:32:27.055,1788805947.055,3541,23,94,4406.19,4406.27,8.0,PASS_<=10c,+0.0,FLAT,+0.0,+69.0,4.2,+0.00,0.00,SLOW,4405.50,4406.54,4403.14,4406.23,0.00,0.00,0.0,BEARISH,340.0,4406.19,4406.19,4406.19,4406.19,27,CLEARED_>=20s,1.0,0.0,0.0,0.0,0.0,0.0,0.0,PASS_<20%,0.00,0.0,NO,STANDBY_VEL_LOW,1,1321.86,3268.14,132.45,FALSE,M1_DIRECTION_MISMATCH
2026-09-07 18:32:27.557,1788805947.558,3542,24,95,4406.19,4406.27,8.0,PASS_<=10c,+0.0,FLAT,+0.0,+69.0,4.2,+0.00,0.00,SLOW,4405.50,4406.54,4403.14,4406.23,0.00,0.00,0.0,BEARISH,340.0,4406.19,4406.19,4406.19,4406.19,27,CLEARED_>=20s,1.0,0.0,0.0,0.0,0.0,0.0,0.0,PASS_<20%,0.00,0.0,NO,STANDBY_VEL_LOW,1,1321.86,3268.14,132.45,FALSE,M1_DIRECTION_MISMATCH
2026-09-07 18:32:28.059,1788805948.060,3543,25,96,4406.19,4406.27,8.0,PASS_<=10c,+0.0,FLAT,+0.0,+69.0,4.2,+0.00,0.00,SLOW,4405.50,4406.54,4403.14,4406.23,0.00,0.00,0.0,BEARISH,340.0,4406.19,4406.19,4406.19,4406.19,28,CLEARED_>=20s,1.0,0.0,0.0,0.0,0.0,0.0,0.0,PASS_<20%,0.00,0.0,NO,STANDBY_VEL_LOW,1,1321.86,3268.14,132.45,FALSE,M1_DIRECTION_MISMATCH
2026-09-07 18:32:28.560,1788805948.561,3544,26,97,4406.19,4406.27,8.0,PASS_<=10c,+0.0,FLAT,+0.0,+69.0,4.2,+0.00,0.00,SLOW,4405.50,4406.54,4403.14,4406.23,0.00,0.00,0.0,BEARISH,340.0,4406.19,4406.19,4406.19,4406.19,28,CLEARED_>=20s,1.0,0.0,0.0,0.0,0.0,0.0,0.0,PASS_<20%,0.00,0.0,NO,STANDBY_VEL_LOW,1,1321.86,3268.14,132.45,FALSE,M1_DIRECTION_MISMATCH
2026-09-07 18:32:29.061,1788805949.062,3545,27,98,4406.19,4406.27,8.0,PASS_<=10c,+0.0,FLAT,+0.0,+69.0,4.2,+0.00,0.00,SLOW,4405.50,4406.54,4403.14,4406.23,0.00,0.00,0.0,BEARISH,340.0,4406.19,4406.19,4406.19,4406.19,29,CLEARED_>=20s,1.0,0.0,0.0,0.0,0.0,0.0,0.0,PASS_<20%,0.00,0.0,NO,STANDBY_VEL_LOW,1,1321.86,3268.14,132.45,FALSE,M1_DIRECTION_MISMATCH
2026-09-07 18:32:29.563,1788805949.563,3546,28,99,4406.19,4406.27,8.0,PASS_<=10c,+0.0,FLAT,+0.0,+69.0,4.2,+0.00,0.00,SLOW,4405.50,4406.54,4403.14,4406.23,0.00,0.00,0.0,BEARISH,340.0,4406.19,4406.19,4406.19,4406.19,29,CLEARED_>=20s,1.0,0.0,0.0,0.0,0.0,0.0,0.0,PASS_<20%,0.00,0.0,NO,STANDBY_VEL_LOW,1,1321.86,3268.14,132.45,FALSE,M1_DIRECTION_MISMATCH
2026-09-07 18:32:39.941,1788805959.941,3547,29,100,4406.19,4406.27,8.0,PASS_<=10c,+0.0,FLAT,+0.0,+69.0,1.3,+0.00,0.00,SLOW,4405.50,4406.54,4403.14,4406.23,0.00,0.00,0.0,BEARISH,340.0,4406.19,4406.19,4406.19,4406.19,39,CLEARED_>=20s,1.0,0.0,0.0,0.0,0.0,0.0,0.0,PASS_<20%,0.00,0.0,NO,STANDBY_VEL_LOW,1,1321.86,3268.14,132.45,FALSE,M1_DIRECTION_MISMATCH
2026-09-07 18:32:46.174,1788805966.174,3548,30,101,4406.19,4406.27,8.0,PASS_<=10c,+0.0,FLAT,+0.0,+69.0,1.8,+0.00,0.00,SLOW,4405.50,4406.54,4403.14,4406.23,0.00,0.00,0.0,BEARISH,340.0,4406.19,4406.19,4406.19,4406.19,46,CLEARED_>=20s,1.0,0.0,0.0,0.0,0.0,0.0,0.0,PASS_<20%,0.00,0.0,NO,STANDBY_VEL_LOW,1,1321.86,3268.14,132.45,FALSE,M1_DIRECTION_MISMATCH
2026-09-07 18:32:46.528,1788805966.529,3549,31,102,4406.19,4406.27,8.0,PASS_<=10c,+0.0,FLAT,+0.0,+69.0,2.7,+0.00,0.00,SLOW,4405.50,4406.54,4403.14,4406.23,0.00,0.00,0.0,BEARISH,340.0,4406.19,4406.19,4406.19,4406.19,46,CLEARED_>=20s,1.0,0.0,0.0,0.0,0.0,0.0,0.0,PASS_<20%,0.00,0.0,NO,STANDBY_VEL_LOW,1,1321.86,3268.14,132.45,FALSE,M1_DIRECTION_MISMATCH
2026-09-07 18:32:47.030,1788805967.030,3550,32,103,4406.19,4406.27,8.0,PASS_<=10c,+0.0,FLAT,+0.0,+69.0,3.0,+0.00,0.00,SLOW,4405.50,4406.54,4403.14,4406.23,0.00,0.00,0.0,BEARISH,340.0,4406.19,4406.19,4406.19,4406.19,47,CLEARED_>=20s,1.0,0.0,0.0,0.0,0.0,0.0,0.0,PASS_<20%,0.00,0.0,NO,STANDBY_VEL_LOW,1,1321.86,3268.14,132.45,FALSE,M1_DIRECTION_MISMATCH
2026-09-07 18:32:47.531,1788805967.532,3551,33,104,4406.19,4406.27,8.0,PASS_<=10c,+0.0,FLAT,+0.0,+69.0,3.2,+0.00,0.00,SLOW,4405.50,4406.54,4403.14,4406.23,0.00,0.00,0.0,BEARISH,340.0,4406.19,4406.19,4406.19,4406.19,47,CLEARED_>=20s,1.0,0.0,0.0,0.0,0.0,0.0,0.0,PASS_<20%,0.00,0.0,NO,STANDBY_VEL_LOW,1,1321.86,3268.14,132.45,FALSE,M1_DIRECTION_MISMATCH
2026-09-07 18:32:48.035,1788805968.035,3552,34,105,4406.19,4406.27,8.0,PASS_<=10c,+0.0,FLAT,+0.0,+69.0,3.4,+0.00,0.00,SLOW,4405.50,4406.54,4403.14,4406.23,0.00,0.00,0.0,BEARISH,340.0,4406.19,4406.19,4406.19,4406.19,48,CLEARED_>=20s,1.0,0.0,0.0,0.0,0.0,0.0,0.0,PASS_<20%,0.00,0.0,NO,STANDBY_VEL_LOW,1,1321.86,3268.14,132.45,FALSE,M1_DIRECTION_MISMATCH
2026-09-07 18:32:48.536,1788805968.536,3553,35,106,4406.19,4406.27,8.0,PASS_<=10c,+0.0,FLAT,+0.0,+69.0,3.5,+0.00,0.00,SLOW,4405.50,4406.54,4403.14,4406.23,0.00,0.00,0.0,BEARISH,340.0,4406.19,4406.19,4406.19,4406.19,48,CLEARED_>=20s,1.0,0.0,0.0,0.0,0.0,0.0,0.0,PASS_<20%,0.00,0.0,NO,STANDBY_VEL_LOW,1,1321.86,3268.14,132.45,FALSE,M1_DIRECTION_MISMATCH
2026-09-07 18:32:49.037,1788805969.038,3554,36,107,4406.19,4406.27,8.0,PASS_<=10c,+0.0,FLAT,+0.0,+69.0,3.5,+0.00,0.00,SLOW,4405.50,4406.54,4403.14,4406.23,0.00,0.00,0.0,BEARISH,340.0,4406.19,4406.19,4406.19,4406.19,49,CLEARED_>=20s,1.0,0.0,0.0,0.0,0.0,0.0,0.0,PASS_<20%,0.00,0.0,NO,STANDBY_VEL_LOW,1,1321.86,3268.14,132.45,FALSE,M1_DIRECTION_MISMATCH
2026-09-07 18:32:49.538,1788805969.538,3555,37,108,4406.19,4406.27,8.0,PASS_<=10c,+0.0,FLAT,+0.0,+69.0,3.6,+0.00,0.00,SLOW,4405.50,4406.54,4403.14,4406.23,0.00,0.00,0.0,BEARISH,340.0,4406.19,4406.19,4406.19,4406.19,49,CLEARED_>=20s,1.0,0.0,0.0,0.0,0.0,0.0,0.0,PASS_<20%,0.00,0.0,NO,STANDBY_VEL_LOW,1,1321.86,3268.14,132.45,FALSE,M1_DIRECTION_MISMATCH
2026-09-07 18:32:50.041,1788805970.041,3556,38,109,4406.19,4406.27,8.0,PASS_<=10c,+0.0,FLAT,+0.0,+69.0,3.6,+0.00,0.00,SLOW,4405.50,4406.54,4403.14,4406.23,0.00,0.00,0.0,BEARISH,340.0,4406.19,4406.19,4406.19,4406.19,50,CLEARED_>=20s,1.0,0.0,0.0,0.0,0.0,0.0,0.0,PASS_<20%,0.00,0.0,NO,STANDBY_VEL_LOW,1,1321.86,3268.14,132.45,FALSE,M1_DIRECTION_MISMATCH
2026-09-07 18:32:50.542,1788805970.543,3557,39,110,4406.19,4406.27,8.0,PASS_<=10c,+0.0,FLAT,+0.0,+69.0,4.3,+0.00,0.00,SLOW,4405.50,4406.54,4403.14,4406.23,0.00,0.00,0.0,BEARISH,340.0,4406.19,4406.19,4406.19,4406.19,50,CLEARED_>=20s,1.0,0.0,0.0,0.0,0.0,0.0,0.0,PASS_<20%,0.00,0.0,NO,STANDBY_VEL_LOW,1,1321.86,3268.14,132.45,FALSE,M1_DIRECTION_MISMATCH
2026-09-07 18:32:51.044,1788805971.045,3558,40,111,4406.19,4406.27,8.0,PASS_<=10c,+0.0,FLAT,+0.0,+69.0,4.3,+0.00,0.00,SLOW,4405.50,4406.54,4403.14,4406.23,0.00,0.00,0.0,BEARISH,340.0,4406.19,4406.19,4406.19,4406.19,51,CLEARED_>=20s,1.0,0.0,0.0,0.0,0.0,0.0,0.0,PASS_<20%,0.00,0.0,NO,STANDBY_VEL_LOW,1,1321.86,3268.14,132.45,FALSE,M1_DIRECTION_MISMATCH
2026-09-07 18:32:51.546,1788805971.546,3559,41,112,4406.19,4406.27,8.0,PASS_<=10c,+0.0,FLAT,+0.0,+69.0,4.2,+0.00,0.00,SLOW,4405.50,4406.54,4403.14,4406.23,0.00,0.00,0.0,BEARISH,340.0,4406.19,4406.19,4406.19,4406.19,51,CLEARED_>=20s,1.0,0.0,0.0,0.0,0.0,0.0,0.0,PASS_<20%,0.00,0.0,NO,STANDBY_VEL_LOW,1,1321.86,3268.14,132.45,FALSE,M1_DIRECTION_MISMATCH
2026-09-07 18:32:52.047,1788805972.047,3560,42,113,4406.19,4406.27,8.0,PASS_<=10c,+0.0,FLAT,+0.0,+69.0,4.2,+0.00,0.00,SLOW,4405.50,4406.54,4403.14,4406.23,0.00,0.00,0.0,BEARISH,340.0,4406.19,4406.19,4406.19,4406.19,52,CLEARED_>=20s,1.0,0.0,0.0,0.0,0.0,0.0,0.0,PASS_<20%,0.00,0.0,NO,STANDBY_VEL_LOW,1,1321.86,3268.14,132.45,FALSE,M1_DIRECTION_MISMATCH
2026-09-07 18:32:52.549,1788805972.549,3561,43,114,4406.19,4406.27,8.0,PASS_<=10c,+0.0,FLAT,+0.0,+69.0,4.2,+0.00,0.00,SLOW,4405.50,4406.54,4403.14,4406.23,0.00,0.00,0.0,BEARISH,340.0,4406.19,4406.19,4406.19,4406.19,52,CLEARED_>=20s,1.0,0.0,0.0,0.0,0.0,0.0,0.0,PASS_<20%,0.00,0.0,NO,STANDBY_VEL_LOW,1,1321.86,3268.14,132.45,FALSE,M1_DIRECTION_MISMATCH
2026-09-07 18:32:53.050,1788805973.051,3562,44,115,4406.19,4406.27,8.0,PASS_<=10c,+0.0,FLAT,+0.0,+69.0,4.2,+0.00,0.00,SLOW,4405.50,4406.54,4403.14,4406.23,0.00,0.00,0.0,BEARISH,340.0,4406.19,4406.19,4406.19,4406.19,53,CLEARED_>=20s,1.0,0.0,0.0,0.0,0.0,0.0,0.0,PASS_<20%,0.00,0.0,NO,STANDBY_VEL_LOW,1,1321.86,3268.14,132.45,FALSE,M1_DIRECTION_MISMATCH
2026-09-07 18:32:53.554,1788805973.554,3563,45,116,4406.19,4406.27,8.0,PASS_<=10c,+0.0,FLAT,+0.0,+69.0,4.2,+0.00,0.00,SLOW,4405.50,4406.54,4403.14,4406.23,0.00,0.00,0.0,BEARISH,340.0,4406.19,4406.19,4406.19,4406.19,53,CLEARED_>=20s,1.0,0.0,0.0,0.0,0.0,0.0,0.0,PASS_<20%,0.00,0.0,NO,STANDBY_VEL_LOW,1,1321.86,3268.14,132.45,FALSE,M1_DIRECTION_MISMATCH
2026-09-07 18:32:54.055,1788805974.055,3564,46,117,4406.19,4406.27,8.0,PASS_<=10c,+0.0,FLAT,+0.0,+69.0,4.2,+0.00,0.00,SLOW,4405.50,4406.54,4403.14,4406.23,0.00,0.00,0.0,BEARISH,340.0,4406.19,4406.19,4406.19,4406.19,54,CLEARED_>=20s,1.0,0.0,0.0,0.0,0.0,0.0,0.0,PASS_<20%,0.00,0.0,NO,STANDBY_VEL_LOW,1,1321.86,3268.14,132.45,FALSE,M1_DIRECTION_MISMATCH
2026-09-07 18:33:04.432,1788805984.432,3565,1,118,4406.19,4406.27,8.0,PASS_<=10c,+0.0,FLAT,+0.0,+69.0,1.3,+0.00,0.00,SLOW,4405.50,4406.54,4403.14,4406.23,0.00,0.00,0.0,BEARISH,340.0,4406.19,4406.19,4406.19,4406.19,4,ACTIVE_4s,1.0,0.0,0.0,0.0,0.0,0.0,0.0,PASS_<20%,0.00,0.0,NO,STANDBY_VEL_LOW,1,1321.86,3268.14,132.45,FALSE,M1_DIRECTION_MISMATCH|OPENING_SHIELD_ACTIVE_4s
2026-09-07 18:33:11.073,1788805991.073,3566,2,119,4406.19,4406.27,8.0,PASS_<=10c,+0.0,FLAT,+0.0,+69.0,1.3,+0.00,0.00,SLOW,4405.50,4406.54,4403.14,4406.23,0.00,0.00,0.0,BEARISH,340.0,4406.19,4406.19,4406.19,4406.19,11,ACTIVE_11s,1.0,0.0,0.0,0.0,0.0,0.0,0.0,PASS_<20%,0.00,0.0,NO,STANDBY_VEL_LOW,1,1321.86,3268.14,132.45,FALSE,M1_DIRECTION_MISMATCH|OPENING_SHIELD_ACTIVE_11s
2026-09-07 18:33:11.427,1788805991.427,3567,3,120,4406.19,4406.27,8.0,PASS_<=10c,+0.0,FLAT,+0.0,+69.0,2.1,+0.00,0.00,SLOW,4405.50,4406.54,4403.14,4406.23,0.00,0.00,0.0,BEARISH,340.0,4406.19,4406.19,4406.19,4406.19,11,ACTIVE_11s,1.0,0.0,0.0,0.0,0.0,0.0,0.0,PASS_<20%,0.00,0.0,NO,STANDBY_VEL_LOW,1,1321.86,3268.14,132.45,FALSE,M1_DIRECTION_MISMATCH|OPENING_SHIELD_ACTIVE_11s
2026-09-07 18:33:11.929,1788805991.929,3568,4,121,4406.19,4406.27,8.0,PASS_<=10c,+0.0,FLAT,+0.0,+69.0,2.5,+0.00,0.00,SLOW,4405.50,4406.54,4403.14,4406.23,0.00,0.00,0.0,BEARISH,340.0,4406.19,4406.19,4406.19,4406.19,11,ACTIVE_11s,1.0,0.0,0.0,0.0,0.0,0.0,0.0,PASS_<20%,0.00,0.0,NO,STANDBY_VEL_LOW,1,1321.86,3268.14,132.45,FALSE,M1_DIRECTION_MISMATCH|OPENING_SHIELD_ACTIVE_11s
2026-09-07 18:33:12.430,1788805992.431,3569,5,122,4406.19,4406.27,8.0,PASS_<=10c,+0.0,FLAT,+0.0,+69.0,2.8,+0.00,0.00,SLOW,4405.50,4406.54,4403.14,4406.23,0.00,0.00,0.0,BEARISH,340.0,4406.19,4406.19,4406.19,4406.19,12,ACTIVE_12s,1.0,0.0,0.0,0.0,0.0,0.0,0.0,PASS_<20%,0.00,0.0,NO,STANDBY_VEL_LOW,1,1321.86,3268.14,132.45,FALSE,M1_DIRECTION_MISMATCH|OPENING_SHIELD_ACTIVE_12s
2026-09-07 18:33:12.932,1788805992.933,3570,6,123,4406.19,4406.27,8.0,PASS_<=10c,+0.0,FLAT,+0.0,+69.0,3.0,+0.00,0.00,SLOW,4405.50,4406.54,4403.14,4406.23,0.00,0.00,0.0,BEARISH,340.0,4406.19,4406.19,4406.19,4406.19,12,ACTIVE_12s,1.0,0.0,0.0,0.0,0.0,0.0,0.0,PASS_<20%,0.00,0.0,NO,STANDBY_VEL_LOW,1,1321.86,3268.14,132.45,FALSE,M1_DIRECTION_MISMATCH|OPENING_SHIELD_ACTIVE_12s
2026-09-07 18:33:13.450,1788805993.450,3571,7,124,4406.19,4406.27,8.0,PASS_<=10c,+0.0,FLAT,+0.0,+69.0,3.1,+0.00,0.00,SLOW,4405.50,4406.54,4403.14,4406.23,0.00,0.00,0.0,BEARISH,340.0,4406.19,4406.19,4406.19,4406.19,13,ACTIVE_13s,1.0,0.0,0.0,0.0,0.0,0.0,0.0,PASS_<20%,0.00,0.0,NO,STANDBY_VEL_LOW,1,1321.86,3268.14,132.45,FALSE,M1_DIRECTION_MISMATCH|OPENING_SHIELD_ACTIVE_13s
2026-09-07 18:33:13.942,1788805993.943,3572,8,125,4406.19,4406.27,8.0,PASS_<=10c,+0.0,FLAT,+0.0,+69.0,3.2,+0.00,0.00,SLOW,4405.50,4406.54,4403.14,4406.23,0.00,0.00,0.0,BEARISH,340.0,4406.19,4406.19,4406.19,4406.19,13,ACTIVE_13s,1.0,0.0,0.0,0.0,0.0,0.0,0.0,PASS_<20%,0.00,0.0,NO,STANDBY_VEL_LOW,1,1321.86,3268.14,132.45,FALSE,M1_DIRECTION_MISMATCH|OPENING_SHIELD_ACTIVE_13s
2026-09-07 18:33:14.444,1788805994.445,3573,9,126,4406.19,4406.27,8.0,PASS_<=10c,+0.0,FLAT,+0.0,+69.0,3.3,+0.00,0.00,SLOW,4405.50,4406.54,4403.14,4406.23,0.00,0.00,0.0,BEARISH,340.0,4406.19,4406.19,4406.19,4406.19,14,ACTIVE_14s,1.0,0.0,0.0,0.0,0.0,0.0,0.0,PASS_<20%,0.00,0.0,NO,STANDBY_VEL_LOW,1,1321.86,3268.14,132.45,FALSE,M1_DIRECTION_MISMATCH|OPENING_SHIELD_ACTIVE_14s
2026-09-07 18:33:14.946,1788805994.946,3574,10,127,4406.19,4406.27,8.0,PASS_<=10c,+0.0,FLAT,+0.0,+69.0,4.4,+0.00,0.00,SLOW,4405.50,4406.54,4403.14,4406.23,0.00,0.00,0.0,BEARISH,340.0,4406.19,4406.19,4406.19,4406.19,14,ACTIVE_14s,1.0,0.0,0.0,0.0,0.0,0.0,0.0,PASS_<20%,0.00,0.0,NO,STANDBY_VEL_LOW,1,1321.86,3268.14,132.45,FALSE,M1_DIRECTION_MISMATCH|OPENING_SHIELD_ACTIVE_14s
2026-09-07 18:33:15.448,1788805995.448,3575,11,128,4406.19,4406.27,8.0,PASS_<=10c,+0.0,FLAT,+0.0,+69.0,4.3,+0.00,0.00,SLOW,4405.50,4406.54,4403.14,4406.23,0.00,0.00,0.0,BEARISH,340.0,4406.19,4406.19,4406.19,4406.19,15,ACTIVE_15s,1.0,0.0,0.0,0.0,0.0,0.0,0.0,PASS_<20%,0.00,0.0,NO,STANDBY_VEL_LOW,1,1321.86,3268.14,132.45,FALSE,M1_DIRECTION_MISMATCH|OPENING_SHIELD_ACTIVE_15s
2026-09-07 18:33:15.950,1788805995.950,3576,12,129,4406.19,4406.27,8.0,PASS_<=10c,+0.0,FLAT,+0.0,+69.0,4.3,+0.00,0.00,SLOW,4405.50,4406.54,4403.14,4406.23,0.00,0.00,0.0,BEARISH,340.0,4406.19,4406.19,4406.19,4406.19,15,ACTIVE_15s,1.0,0.0,0.0,0.0,0.0,0.0,0.0,PASS_<20%,0.00,0.0,NO,STANDBY_VEL_LOW,1,1321.86,3268.14,132.45,FALSE,M1_DIRECTION_MISMATCH|OPENING_SHIELD_ACTIVE_15s
2026-09-07 18:33:16.452,1788805996.453,3577,13,130,4406.19,4406.27,8.0,PASS_<=10c,+0.0,FLAT,+0.0,+69.0,4.2,+0.00,0.00,SLOW,4405.50,4406.54,4403.14,4406.23,0.00,0.00,0.0,BEARISH,340.0,4406.19,4406.19,4406.19,4406.19,16,ACTIVE_16s,1.0,0.0,0.0,0.0,0.0,0.0,0.0,PASS_<20%,0.00,0.0,NO,STANDBY_VEL_LOW,1,1321.86,3268.14,132.45,FALSE,M1_DIRECTION_MISMATCH|OPENING_SHIELD_ACTIVE_16s
2026-09-07 18:33:16.954,1788805996.954,3578,14,131,4406.19,4406.27,8.0,PASS_<=10c,+0.0,FLAT,+0.0,+69.0,4.2,+0.00,0.00,SLOW,4405.50,4406.54,4403.14,4406.23,0.00,0.00,0.0,BEARISH,340.0,4406.19,4406.19,4406.19,4406.19,16,ACTIVE_16s,1.0,0.0,0.0,0.0,0.0,0.0,0.0,PASS_<20%,0.00,0.0,NO,STANDBY_VEL_LOW,1,1321.86,3268.14,132.45,FALSE,M1_DIRECTION_MISMATCH|OPENING_SHIELD_ACTIVE_16s
2026-09-07 18:33:17.455,1788805997.456,3579,15,132,4406.19,4406.27,8.0,PASS_<=10c,+0.0,FLAT,+0.0,+69.0,4.2,+0.00,0.00,SLOW,4405.50,4406.54,4403.14,4406.23,0.00,0.00,0.0,BEARISH,340.0,4406.19,4406.19,4406.19,4406.19,17,ACTIVE_17s,1.0,0.0,0.0,0.0,0.0,0.0,0.0,PASS_<20%,0.00,0.0,NO,STANDBY_VEL_LOW,1,1321.86,3268.14,132.45,FALSE,M1_DIRECTION_MISMATCH|OPENING_SHIELD_ACTIVE_17s
2026-09-07 18:33:17.957,1788805997.957,3580,16,133,4406.19,4406.27,8.0,PASS_<=10c,+0.0,FLAT,+0.0,+69.0,4.2,+0.00,0.00,SLOW,4405.50,4406.54,4403.14,4406.23,0.00,0.00,0.0,BEARISH,340.0,4406.19,4406.19,4406.19,4406.19,17,ACTIVE_17s,1.0,0.0,0.0,0.0,0.0,0.0,0.0,PASS_<20%,0.00,0.0,NO,STANDBY_VEL_LOW,1,1321.86,3268.14,132.45,FALSE,M1_DIRECTION_MISMATCH|OPENING_SHIELD_ACTIVE_17s
2026-09-07 18:33:18.459,1788805998.460,3581,17,134,4406.19,4406.27,8.0,PASS_<=10c,+0.0,FLAT,+0.0,+69.0,4.2,+0.00,0.00,SLOW,4405.50,4406.54,4403.14,4406.23,0.00,0.00,0.0,BEARISH,340.0,4406.19,4406.19,4406.19,4406.19,18,ACTIVE_18s,1.0,0.0,0.0,0.0,0.0,0.0,0.0,PASS_<20%,0.00,0.0,NO,STANDBY_VEL_LOW,1,1321.86,3268.14,132.45,FALSE,M1_DIRECTION_MISMATCH|OPENING_SHIELD_ACTIVE_18s
2026-09-07 18:33:18.961,1788805998.962,3582,18,135,4406.19,4406.27,8.0,PASS_<=10c,+0.0,FLAT,+0.0,+69.0,4.2,+0.00,0.00,SLOW,4405.50,4406.54,4403.14,4406.23,0.00,0.00,0.0,BEARISH,340.0,4406.19,4406.19,4406.19,4406.19,18,ACTIVE_18s,1.0,0.0,0.0,0.0,0.0,0.0,0.0,PASS_<20%,0.00,0.0,NO,STANDBY_VEL_LOW,1,1321.86,3268.14,132.45,FALSE,M1_DIRECTION_MISMATCH|OPENING_SHIELD_ACTIVE_18s
2026-09-07 18:33:29.336,1788806009.336,3583,19,136,4406.19,4406.27,8.0,PASS_<=10c,+0.0,FLAT,+0.0,+69.0,1.3,+0.00,0.00,SLOW,4405.50,4406.54,4403.14,4406.23,0.00,0.00,0.0,BEARISH,340.0,4406.19,4406.19,4406.19,4406.19,29,CLEARED_>=20s,1.0,0.0,0.0,0.0,0.0,0.0,0.0,PASS_<20%,0.00,0.0,NO,STANDBY_VEL_LOW,1,1321.86,3268.14,132.45,FALSE,M1_DIRECTION_MISMATCH
2026-09-07 18:33:34.555,1788806014.555,3584,20,137,4406.19,4406.27,8.0,PASS_<=10c,+0.0,FLAT,+0.0,+69.0,2.0,+0.00,0.00,SLOW,4405.50,4406.54,4403.14,4406.23,0.00,0.00,0.0,BEARISH,340.0,4406.19,4406.19,4406.19,4406.19,34,CLEARED_>=20s,1.0,0.0,0.0,0.0,0.0,0.0,0.0,PASS_<20%,0.00,0.0,NO,STANDBY_VEL_LOW,1,1321.86,3268.14,132.45,FALSE,M1_DIRECTION_MISMATCH
2026-09-07 18:33:35.057,1788806015.058,3585,21,138,4406.19,4406.27,8.0,PASS_<=10c,+0.0,FLAT,+0.0,+69.0,4.0,+0.00,0.00,SLOW,4405.50,4406.54,4403.14,4406.23,0.00,0.00,0.0,BEARISH,340.0,4406.19,4406.19,4406.19,4406.19,35,CLEARED_>=20s,1.0,0.0,0.0,0.0,0.0,0.0,0.0,PASS_<20%,0.00,0.0,NO,STANDBY_VEL_LOW,1,1321.86,3268.14,132.45,FALSE,M1_DIRECTION_MISMATCH
2026-09-07 18:33:35.558,1788806015.558,3586,22,139,4406.19,4406.27,8.0,PASS_<=10c,+0.0,FLAT,+0.0,+69.0,5.4,+0.00,0.00,SLOW,4405.50,4406.54,4403.14,4406.23,0.00,0.00,0.0,BEARISH,340.0,4406.19,4406.19,4406.19,4406.19,35,CLEARED_>=20s,1.0,0.0,0.0,0.0,0.0,0.0,0.0,PASS_<20%,0.00,0.0,NO,STANDBY_VEL_LOW,1,1321.86,3268.14,132.45,FALSE,M1_DIRECTION_MISMATCH
2026-09-07 18:33:36.058,1788806016.059,3587,23,140,4406.19,4406.27,8.0,PASS_<=10c,+0.0,FLAT,+0.0,+69.0,5.0,+0.00,0.00,SLOW,4405.50,4406.54,4403.14,4406.23,0.00,0.00,0.0,BEARISH,340.0,4406.19,4406.19,4406.19,4406.19,36,CLEARED_>=20s,1.0,0.0,0.0,0.0,0.0,0.0,0.0,PASS_<20%,0.00,0.0,NO,STANDBY_VEL_LOW,1,1321.86,3268.14,132.45,FALSE,M1_DIRECTION_MISMATCH
2026-09-07 18:33:36.560,1788806016.561,3588,24,141,4406.19,4406.27,8.0,PASS_<=10c,+0.0,FLAT,+0.0,+69.0,4.7,+0.00,0.00,SLOW,4405.50,4406.54,4403.14,4406.23,0.00,0.00,0.0,BEARISH,340.0,4406.19,4406.19,4406.19,4406.19,36,CLEARED_>=20s,1.0,0.0,0.0,0.0,0.0,0.0,0.0,PASS_<20%,0.00,0.0,NO,STANDBY_VEL_LOW,1,1321.86,3268.14,132.45,FALSE,M1_DIRECTION_MISMATCH
2026-09-07 18:33:37.061,1788806017.062,3589,25,142,4406.19,4406.27,8.0,PASS_<=10c,+0.0,FLAT,+0.0,+69.0,4.6,+0.00,0.00,SLOW,4405.50,4406.54,4403.14,4406.23,0.00,0.00,0.0,BEARISH,340.0,4406.19,4406.19,4406.19,4406.19,37,CLEARED_>=20s,1.0,0.0,0.0,0.0,0.0,0.0,0.0,PASS_<20%,0.00,0.0,NO,STANDBY_VEL_LOW,1,1321.86,3268.14,132.45,FALSE,M1_DIRECTION_MISMATCH
2026-09-07 18:33:37.563,1788806017.563,3590,26,143,4406.19,4406.27,8.0,PASS_<=10c,+0.0,FLAT,+0.0,+69.0,4.5,+0.00,0.00,SLOW,4405.50,4406.54,4403.14,4406.23,0.00,0.00,0.0,BEARISH,340.0,4406.19,4406.19,4406.19,4406.19,37,CLEARED_>=20s,1.0,0.0,0.0,0.0,0.0,0.0,0.0,PASS_<20%,0.00,0.0,NO,STANDBY_VEL_LOW,1,1321.86,3268.14,132.45,FALSE,M1_DIRECTION_MISMATCH
2026-09-07 18:33:38.064,1788806018.065,3591,27,144,4406.19,4406.27,8.0,PASS_<=10c,+0.0,FLAT,+0.0,+69.0,4.4,+0.00,0.00,SLOW,4405.50,4406.54,4403.14,4406.23,0.00,0.00,0.0,BEARISH,340.0,4406.19,4406.19,4406.19,4406.19,38,CLEARED_>=20s,1.0,0.0,0.0,0.0,0.0,0.0,0.0,PASS_<20%,0.00,0.0,NO,STANDBY_VEL_LOW,1,1321.86,3268.14,132.45,FALSE,M1_DIRECTION_MISMATCH
2026-09-07 18:33:38.566,1788806018.566,3592,28,145,4406.19,4406.27,8.0,PASS_<=10c,+0.0,FLAT,+0.0,+69.0,4.4,+0.00,0.00,SLOW,4405.50,4406.54,4403.14,4406.23,0.00,0.00,0.0,BEARISH,340.0,4406.19,4406.19,4406.19,4406.19,38,CLEARED_>=20s,1.0,0.0,0.0,0.0,0.0,0.0,0.0,PASS_<20%,0.00,0.0,NO,STANDBY_VEL_LOW,1,1321.86,3268.14,132.45,FALSE,M1_DIRECTION_MISMATCH
2026-09-07 18:33:39.068,1788806019.069,3593,29,146,4406.19,4406.27,8.0,PASS_<=10c,+0.0,FLAT,+0.0,+69.0,4.3,+0.00,0.00,SLOW,4405.50,4406.54,4403.14,4406.23,0.00,0.00,0.0,BEARISH,340.0,4406.19,4406.19,4406.19,4406.19,39,CLEARED_>=20s,1.0,0.0,0.0,0.0,0.0,0.0,0.0,PASS_<20%,0.00,0.0,NO,STANDBY_VEL_LOW,1,1321.86,3268.14,132.45,FALSE,M1_DIRECTION_MISMATCH
2026-09-07 18:33:39.570,1788806019.570,3594,30,147,4406.19,4406.27,8.0,PASS_<=10c,+0.0,FLAT,+0.0,+69.0,4.2,+0.00,0.00,SLOW,4405.50,4406.54,4403.14,4406.23,0.00,0.00,0.0,BEARISH,340.0,4406.19,4406.19,4406.19,4406.19,39,CLEARED_>=20s,1.0,0.0,0.0,0.0,0.0,0.0,0.0,PASS_<20%,0.00,0.0,NO,STANDBY_VEL_LOW,1,1321.86,3268.14,132.45,FALSE,M1_DIRECTION_MISMATCH
2026-09-07 18:33:40.072,1788806020.072,3595,31,148,4406.19,4406.27,8.0,PASS_<=10c,+0.0,FLAT,+0.0,+69.0,4.2,+0.00,0.00,SLOW,4405.50,4406.54,4403.14,4406.23,0.00,0.00,0.0,BEARISH,340.0,4406.19,4406.19,4406.19,4406.19,40,CLEARED_>=20s,1.0,0.0,0.0,0.0,0.0,0.0,0.0,PASS_<20%,0.00,0.0,NO,STANDBY_VEL_LOW,1,1321.86,3268.14,132.45,FALSE,M1_DIRECTION_MISMATCH
2026-09-07 18:33:40.573,1788806020.574,3596,32,149,4406.19,4406.27,8.0,PASS_<=10c,+0.0,FLAT,+0.0,+69.0,4.2,+0.00,0.00,SLOW,4405.50,4406.54,4403.14,4406.23,0.00,0.00,0.0,BEARISH,340.0,4406.19,4406.19,4406.19,4406.19,40,CLEARED_>=20s,1.0,0.0,0.0,0.0,0.0,0.0,0.0,PASS_<20%,0.00,0.0,NO,STANDBY_VEL_LOW,1,1321.86,3268.14,132.45,FALSE,M1_DIRECTION_MISMATCH
2026-09-07 18:33:41.075,1788806021.076,3597,33,150,4406.19,4406.27,8.0,PASS_<=10c,+0.0,FLAT,+0.0,+69.0,4.2,+0.00,0.00,SLOW,4405.50,4406.54,4403.14,4406.23,0.00,0.00,0.0,BEARISH,340.0,4406.19,4406.19,4406.19,4406.19,41,CLEARED_>=20s,1.0,0.0,0.0,0.0,0.0,0.0,0.0,PASS_<20%,0.00,0.0,NO,STANDBY_VEL_LOW,1,1321.86,3268.14,132.45,FALSE,M1_DIRECTION_MISMATCH
2026-09-07 18:33:41.577,1788806021.578,3598,34,151,4406.19,4406.27,8.0,PASS_<=10c,+0.0,FLAT,+0.0,+69.0,4.2,+0.00,0.00,SLOW,4405.50,4406.54,4403.14,4406.23,0.00,0.00,0.0,BEARISH,340.0,4406.19,4406.19,4406.19,4406.19,41,CLEARED_>=20s,1.0,0.0,0.0,0.0,0.0,0.0,0.0,PASS_<20%,0.00,0.0,NO,STANDBY_VEL_LOW,1,1321.86,3268.14,132.45,FALSE,M1_DIRECTION_MISMATCH
2026-09-07 18:33:42.079,1788806022.079,3599,35,152,4406.19,4406.27,8.0,PASS_<=10c,+0.0,FLAT,+0.0,+69.0,4.2,+0.00,0.00,SLOW,4405.50,4406.54,4403.14,4406.23,0.00,0.00,0.0,BEARISH,340.0,4406.19,4406.19,4406.19,4406.19,42,CLEARED_>=20s,1.0,0.0,0.0,0.0,0.0,0.0,0.0,PASS_<20%,0.00,0.0,NO,STANDBY_VEL_LOW,1,1321.86,3268.14,132.45,FALSE,M1_DIRECTION_MISMATCH
2026-09-07 18:33:42.582,1788806022.583,3600,36,153,4406.19,4406.27,8.0,PASS_<=10c,+0.0,FLAT,+0.0,+69.0,4.2,+0.00,0.00,SLOW,4405.50,4406.54,4403.14,4406.23,0.00,0.00,0.0,BEARISH,340.0,4406.19,4406.19,4406.19,4406.19,42,CLEARED_>=20s,1.0,0.0,0.0,0.0,0.0,0.0,0.0,PASS_<20%,0.00,0.0,NO,STANDBY_VEL_LOW,1,1321.86,3268.14,132.45,FALSE,M1_DIRECTION_MISMATCH
2026-09-07 18:33:52.956,1788806032.956,3601,37,154,4406.19,4406.27,8.0,PASS_<=10c,+0.0,FLAT,+0.0,+69.0,1.3,+0.00,0.00,SLOW,4405.50,4406.54,4403.14,4406.23,0.00,0.00,0.0,BEARISH,340.0,4406.19,4406.19,4406.19,4406.19,52,CLEARED_>=20s,1.0,0.0,0.0,0.0,0.0,0.0,0.0,PASS_<20%,0.00,0.0,NO,STANDBY_VEL_LOW,1,1321.86,3268.14,132.45,FALSE,M1_DIRECTION_MISMATCH
2026-09-07 18:33:59.582,1788806039.582,3602,38,155,4406.19,4406.27,8.0,PASS_<=10c,+0.0,FLAT,+0.0,+69.0,1.4,+0.00,0.00,SLOW,4405.50,4406.54,4403.14,4406.23,0.00,0.00,0.0,BEARISH,340.0,4406.19,4406.19,4406.19,4406.19,59,CLEARED_>=20s,1.0,0.0,0.0,0.0,0.0,0.0,0.0,PASS_<20%,0.00,0.0,NO,STANDBY_VEL_LOW,1,1321.86,3268.14,132.45,FALSE,M1_DIRECTION_MISMATCH
2026-09-07 18:33:59.943,1788806039.944,3603,39,156,4406.19,4406.27,8.0,PASS_<=10c,+0.0,FLAT,+0.0,+69.0,2.1,+0.00,0.00,SLOW,4405.50,4406.54,4403.14,4406.23,0.00,0.00,0.0,BEARISH,340.0,4406.19,4406.19,4406.19,4406.19,59,CLEARED_>=20s,1.0,0.0,0.0,0.0,0.0,0.0,0.0,PASS_<20%,0.00,0.0,NO,STANDBY_VEL_LOW,1,1321.86,3268.14,132.45,FALSE,M1_DIRECTION_MISMATCH
2026-09-07 18:34:00.445,1788806040.445,3604,1,157,4406.19,4406.27,8.0,PASS_<=10c,+0.0,FLAT,+0.0,+69.0,2.5,+0.00,0.00,SLOW,4405.50,4406.54,4403.14,4406.23,0.00,0.00,0.0,BEARISH,340.0,4406.19,4406.19,4406.19,4406.19,0,ACTIVE_0s,1.0,0.0,0.0,0.0,0.0,0.0,0.0,PASS_<20%,0.00,0.0,NO,STANDBY_VEL_LOW,1,1321.86,3268.14,132.45,FALSE,M1_DIRECTION_MISMATCH|OPENING_SHIELD_ACTIVE_0s
2026-09-07 18:34:00.948,1788806040.948,3605,2,158,4406.19,4406.27,8.0,PASS_<=10c,+0.0,FLAT,+0.0,+69.0,2.8,+0.00,0.00,SLOW,4405.50,4406.54,4403.14,4406.23,0.00,0.00,0.0,BEARISH,340.0,4406.19,4406.19,4406.19,4406.19,0,ACTIVE_0s,1.0,0.0,0.0,0.0,0.0,0.0,0.0,PASS_<20%,0.00,0.0,NO,STANDBY_VEL_LOW,1,1321.86,3268.14,132.45,FALSE,M1_DIRECTION_MISMATCH|OPENING_SHIELD_ACTIVE_0s
2026-09-07 18:34:01.449,1788806041.449,3606,3,159,4406.19,4406.27,8.0,PASS_<=10c,+0.0,FLAT,+0.0,+69.0,3.0,+0.00,0.00,SLOW,4405.50,4406.54,4403.14,4406.23,0.00,0.00,0.0,BEARISH,340.0,4406.19,4406.19,4406.19,4406.19,1,ACTIVE_1s,1.0,0.0,0.0,0.0,0.0,0.0,0.0,PASS_<20%,0.00,0.0,NO,STANDBY_VEL_LOW,1,1321.86,3268.14,132.45,FALSE,M1_DIRECTION_MISMATCH|OPENING_SHIELD_ACTIVE_1s
2026-09-07 18:34:01.951,1788806041.952,3607,4,160,4406.19,4406.27,8.0,PASS_<=10c,+0.0,FLAT,+0.0,+69.0,3.1,+0.00,0.00,SLOW,4405.50,4406.54,4403.14,4406.23,0.00,0.00,0.0,BEARISH,340.0,4406.19,4406.19,4406.19,4406.19,1,ACTIVE_1s,1.0,0.0,0.0,0.0,0.0,0.0,0.0,PASS_<20%,0.00,0.0,NO,STANDBY_VEL_LOW,1,1321.86,3268.14,132.45,FALSE,M1_DIRECTION_MISMATCH|OPENING_SHIELD_ACTIVE_1s
2026-09-07 18:34:02.451,1788806042.452,3608,5,161,4406.19,4406.27,8.0,PASS_<=10c,+0.0,FLAT,+0.0,+69.0,3.2,+0.00,0.00,SLOW,4405.50,4406.54,4403.14,4406.23,0.00,0.00,0.0,BEARISH,340.0,4406.19,4406.19,4406.19,4406.19,2,ACTIVE_2s,1.0,0.0,0.0,0.0,0.0,0.0,0.0,PASS_<20%,0.00,0.0,NO,STANDBY_VEL_LOW,1,1321.86,3268.14,132.45,FALSE,M1_DIRECTION_MISMATCH|OPENING_SHIELD_ACTIVE_2s
2026-09-07 18:34:02.954,1788806042.955,3609,6,162,4406.19,4406.27,8.0,PASS_<=10c,+0.0,FLAT,+0.0,+69.0,3.3,+0.00,0.00,SLOW,4405.50,4406.54,4403.14,4406.23,0.00,0.00,0.0,BEARISH,340.0,4406.19,4406.19,4406.19,4406.19,2,ACTIVE_2s,1.0,0.0,0.0,0.0,0.0,0.0,0.0,PASS_<20%,0.00,0.0,NO,STANDBY_VEL_LOW,1,1321.86,3268.14,132.45,FALSE,M1_DIRECTION_MISMATCH|OPENING_SHIELD_ACTIVE_2s
2026-09-07 18:34:03.455,1788806043.455,3610,7,163,4406.19,4406.27,8.0,PASS_<=10c,+0.0,FLAT,+0.0,+69.0,4.4,+0.00,0.00,SLOW,4405.50,4406.54,4403.14,4406.23,0.00,0.00,0.0,BEARISH,340.0,4406.19,4406.19,4406.19,4406.19,3,ACTIVE_3s,1.0,0.0,0.0,0.0,0.0,0.0,0.0,PASS_<20%,0.00,0.0,NO,STANDBY_VEL_LOW,1,1321.86,3268.14,132.45,FALSE,M1_DIRECTION_MISMATCH|OPENING_SHIELD_ACTIVE_3s
2026-09-07 18:34:03.956,1788806043.956,3611,8,164,4406.19,4406.27,8.0,PASS_<=10c,+0.0,FLAT,+0.0,+69.0,4.3,+0.00,0.00,SLOW,4405.50,4406.54,4403.14,4406.23,0.00,0.00,0.0,BEARISH,340.0,4406.19,4406.19,4406.19,4406.19,3,ACTIVE_3s,1.0,0.0,0.0,0.0,0.0,0.0,0.0,PASS_<20%,0.00,0.0,NO,STANDBY_VEL_LOW,1,1321.86,3268.14,132.45,FALSE,M1_DIRECTION_MISMATCH|OPENING_SHIELD_ACTIVE_3s
2026-09-07 18:34:04.458,1788806044.458,3612,9,165,4406.19,4406.27,8.0,PASS_<=10c,+0.0,FLAT,+0.0,+69.0,4.3,+0.00,0.00,SLOW,4405.50,4406.54,4403.14,4406.23,0.00,0.00,0.0,BEARISH,340.0,4406.19,4406.19,4406.19,4406.19,4,ACTIVE_4s,1.0,0.0,0.0,0.0,0.0,0.0,0.0,PASS_<20%,0.00,0.0,NO,STANDBY_VEL_LOW,1,1321.86,3268.14,132.45,FALSE,M1_DIRECTION_MISMATCH|OPENING_SHIELD_ACTIVE_4s
2026-09-07 18:34:04.960,1788806044.960,3613,10,166,4406.19,4406.27,8.0,PASS_<=10c,+0.0,FLAT,+0.0,+69.0,4.2,+0.00,0.00,SLOW,4405.50,4406.54,4403.14,4406.23,0.00,0.00,0.0,BEARISH,340.0,4406.19,4406.19,4406.19,4406.19,4,ACTIVE_4s,1.0,0.0,0.0,0.0,0.0,0.0,0.0,PASS_<20%,0.00,0.0,NO,STANDBY_VEL_LOW,1,1321.86,3268.14,132.45,FALSE,M1_DIRECTION_MISMATCH|OPENING_SHIELD_ACTIVE_4s
2026-09-07 18:34:05.463,1788806045.464,3614,11,167,4406.19,4406.27,8.0,PASS_<=10c,+0.0,FLAT,+0.0,+69.0,4.2,+0.00,0.00,SLOW,4405.50,4406.54,4403.14,4406.23,0.00,0.00,0.0,BEARISH,340.0,4406.19,4406.19,4406.19,4406.19,5,ACTIVE_5s,1.0,0.0,0.0,0.0,0.0,0.0,0.0,PASS_<20%,0.00,0.0,NO,STANDBY_VEL_LOW,1,1321.86,3268.14,132.45,FALSE,M1_DIRECTION_MISMATCH|OPENING_SHIELD_ACTIVE_5s
2026-09-07 18:34:05.966,1788806045.967,3615,12,168,4406.19,4406.27,8.0,PASS_<=10c,+0.0,FLAT,+0.0,+69.0,4.2,+0.00,0.00,SLOW,4405.50,4406.54,4403.14,4406.23,0.00,0.00,0.0,BEARISH,340.0,4406.19,4406.19,4406.19,4406.19,5,ACTIVE_5s,1.0,0.0,0.0,0.0,0.0,0.0,0.0,PASS_<20%,0.00,0.0,NO,STANDBY_VEL_LOW,1,1321.86,3268.14,132.45,FALSE,M1_DIRECTION_MISMATCH|OPENING_SHIELD_ACTIVE_5s
2026-09-07 18:34:06.467,1788806046.467,3616,13,169,4406.19,4406.27,8.0,PASS_<=10c,+0.0,FLAT,+0.0,+69.0,4.2,+0.00,0.00,SLOW,4405.50,4406.54,4403.14,4406.23,0.00,0.00,0.0,BEARISH,340.0,4406.19,4406.19,4406.19,4406.19,6,ACTIVE_6s,1.0,0.0,0.0,0.0,0.0,0.0,0.0,PASS_<20%,0.00,0.0,NO,STANDBY_VEL_LOW,1,1321.86,3268.14,132.45,FALSE,M1_DIRECTION_MISMATCH|OPENING_SHIELD_ACTIVE_6s
2026-09-07 18:34:06.968,1788806046.969,3617,14,170,4406.19,4406.27,8.0,PASS_<=10c,+0.0,FLAT,+0.0,+69.0,4.2,+0.00,0.00,SLOW,4405.50,4406.54,4403.14,4406.23,0.00,0.00,0.0,BEARISH,340.0,4406.19,4406.19,4406.19,4406.19,6,ACTIVE_6s,1.0,0.0,0.0,0.0,0.0,0.0,0.0,PASS_<20%,0.00,0.0,NO,STANDBY_VEL_LOW,1,1321.86,3268.14,132.45,FALSE,M1_DIRECTION_MISMATCH|OPENING_SHIELD_ACTIVE_6s
2026-09-07 18:34:07.470,1788806047.470,3618,15,171,4406.19,4406.27,8.0,PASS_<=10c,+0.0,FLAT,+0.0,+69.0,4.2,+0.00,0.00,SLOW,4405.50,4406.54,4403.14,4406.23,0.00,0.00,0.0,BEARISH,340.0,4406.19,4406.19,4406.19,4406.19,7,ACTIVE_7s,1.0,0.0,0.0,0.0,0.0,0.0,0.0,PASS_<20%,0.00,0.0,NO,STANDBY_VEL_LOW,1,1321.86,3268.14,132.45,FALSE,M1_DIRECTION_MISMATCH|OPENING_SHIELD_ACTIVE_7s
2026-09-07 18:34:17.849,1788806057.849,3619,16,172,4406.19,4406.27,8.0,PASS_<=10c,+0.0,FLAT,+0.0,+69.0,1.3,+0.00,0.00,SLOW,4405.50,4406.54,4403.14,4406.23,0.00,0.00,0.0,BEARISH,340.0,4406.19,4406.19,4406.19,4406.19,17,ACTIVE_17s,1.0,0.0,0.0,0.0,0.0,0.0,0.0,PASS_<20%,0.00,0.0,NO,STANDBY_VEL_LOW,1,1321.86,3268.14,132.45,FALSE,M1_DIRECTION_MISMATCH|OPENING_SHIELD_ACTIVE_17s
2026-09-07 18:34:24.673,1788806064.674,3620,17,173,4406.19,4406.27,8.0,PASS_<=10c,+0.0,FLAT,+0.0,+69.0,1.4,+0.00,0.00,SLOW,4405.50,4406.54,4403.14,4406.23,0.00,0.00,0.0,BEARISH,340.0,4406.19,4406.19,4406.19,4406.19,24,CLEARED_>=20s,1.0,0.0,0.0,0.0,0.0,0.0,0.0,PASS_<20%,0.00,0.0,NO,STANDBY_VEL_LOW,1,1321.86,3268.14,132.45,FALSE,M1_DIRECTION_MISMATCH
2026-09-07 18:34:25.028,1788806065.029,3621,18,174,4406.19,4406.27,8.0,PASS_<=10c,+0.0,FLAT,+0.0,+69.0,1.9,+0.00,0.00,SLOW,4405.50,4406.54,4403.14,4406.23,0.00,0.00,0.0,BEARISH,340.0,4406.19,4406.19,4406.19,4406.19,25,CLEARED_>=20s,1.0,0.0,0.0,0.0,0.0,0.0,0.0,PASS_<20%,0.00,0.0,NO,STANDBY_VEL_LOW,1,1321.86,3268.14,132.45,FALSE,M1_DIRECTION_MISMATCH
2026-09-07 18:34:25.530,1788806065.531,3622,19,175,4406.19,4406.27,8.0,PASS_<=10c,+0.0,FLAT,+0.0,+69.0,2.3,+0.00,0.00,SLOW,4405.50,4406.54,4403.14,4406.23,0.00,0.00,0.0,BEARISH,340.0,4406.19,4406.19,4406.19,4406.19,25,CLEARED_>=20s,1.0,0.0,0.0,0.0,0.0,0.0,0.0,PASS_<20%,0.00,0.0,NO,STANDBY_VEL_LOW,1,1321.86,3268.14,132.45,FALSE,M1_DIRECTION_MISMATCH
2026-09-07 18:34:26.032,1788806066.032,3623,20,176,4406.19,4406.27,8.0,PASS_<=10c,+0.0,FLAT,+0.0,+69.0,2.6,+0.00,0.00,SLOW,4405.50,4406.54,4403.14,4406.23,0.00,0.00,0.0,BEARISH,340.0,4406.19,4406.19,4406.19,4406.19,26,CLEARED_>=20s,1.0,0.0,0.0,0.0,0.0,0.0,0.0,PASS_<20%,0.00,0.0,NO,STANDBY_VEL_LOW,1,1321.86,3268.14,132.45,FALSE,M1_DIRECTION_MISMATCH
2026-09-07 18:34:26.534,1788806066.535,3624,21,177,4406.19,4406.27,8.0,PASS_<=10c,+0.0,FLAT,+0.0,+69.0,2.8,+0.00,0.00,SLOW,4405.50,4406.54,4403.14,4406.23,0.00,0.00,0.0,BEARISH,340.0,4406.19,4406.19,4406.19,4406.19,26,CLEARED_>=20s,1.0,0.0,0.0,0.0,0.0,0.0,0.0,PASS_<20%,0.00,0.0,NO,STANDBY_VEL_LOW,1,1321.86,3268.14,132.45,FALSE,M1_DIRECTION_MISMATCH
2026-09-07 18:34:27.036,1788806067.036,3625,22,178,4406.19,4406.27,8.0,PASS_<=10c,+0.0,FLAT,+0.0,+69.0,3.0,+0.00,0.00,SLOW,4405.50,4406.54,4403.14,4406.23,0.00,0.00,0.0,BEARISH,340.0,4406.19,4406.19,4406.19,4406.19,27,CLEARED_>=20s,1.0,0.0,0.0,0.0,0.0,0.0,0.0,PASS_<20%,0.00,0.0,NO,STANDBY_VEL_LOW,1,1321.86,3268.14,132.45,FALSE,M1_DIRECTION_MISMATCH
2026-09-07 18:34:27.537,1788806067.537,3626,23,179,4406.19,4406.27,8.0,PASS_<=10c,+0.0,FLAT,+0.0,+69.0,3.1,+0.00,0.00,SLOW,4405.50,4406.54,4403.14,4406.23,0.00,0.00,0.0,BEARISH,340.0,4406.19,4406.19,4406.19,4406.19,27,CLEARED_>=20s,1.0,0.0,0.0,0.0,0.0,0.0,0.0,PASS_<20%,0.00,0.0,NO,STANDBY_VEL_LOW,1,1321.86,3268.14,132.45,FALSE,M1_DIRECTION_MISMATCH
2026-09-07 18:34:28.039,1788806068.039,3627,24,180,4406.19,4406.27,8.0,PASS_<=10c,+0.0,FLAT,+0.0,+69.0,4.5,+0.00,0.00,SLOW,4405.50,4406.54,4403.14,4406.23,0.00,0.00,0.0,BEARISH,340.0,4406.19,4406.19,4406.19,4406.19,28,CLEARED_>=20s,1.0,0.0,0.0,0.0,0.0,0.0,0.0,PASS_<20%,0.00,0.0,NO,STANDBY_VEL_LOW,1,1321.86,3268.14,132.45,FALSE,M1_DIRECTION_MISMATCH
2026-09-07 18:34:28.540,1788806068.541,3628,25,181,4406.19,4406.27,8.0,PASS_<=10c,+0.0,FLAT,+0.0,+69.0,4.4,+0.00,0.00,SLOW,4405.50,4406.54,4403.14,4406.23,0.00,0.00,0.0,BEARISH,340.0,4406.19,4406.19,4406.19,4406.19,28,CLEARED_>=20s,1.0,0.0,0.0,0.0,0.0,0.0,0.0,PASS_<20%,0.00,0.0,NO,STANDBY_VEL_LOW,1,1321.86,3268.14,132.45,FALSE,M1_DIRECTION_MISMATCH
2026-09-07 18:34:29.042,1788806069.043,3629,26,182,4406.19,4406.27,8.0,PASS_<=10c,+0.0,FLAT,+0.0,+69.0,4.3,+0.00,0.00,SLOW,4405.50,4406.54,4403.14,4406.23,0.00,0.00,0.0,BEARISH,340.0,4406.19,4406.19,4406.19,4406.19,29,CLEARED_>=20s,1.0,0.0,0.0,0.0,0.0,0.0,0.0,PASS_<20%,0.00,0.0,NO,STANDBY_VEL_LOW,1,1321.86,3268.14,132.45,FALSE,M1_DIRECTION_MISMATCH
2026-09-07 18:34:29.544,1788806069.544,3630,27,183,4406.19,4406.27,8.0,PASS_<=10c,+0.0,FLAT,+0.0,+69.0,4.3,+0.00,0.00,SLOW,4405.50,4406.54,4403.14,4406.23,0.00,0.00,0.0,BEARISH,340.0,4406.19,4406.19,4406.19,4406.19,29,CLEARED_>=20s,1.0,0.0,0.0,0.0,0.0,0.0,0.0,PASS_<20%,0.00,0.0,NO,STANDBY_VEL_LOW,1,1321.86,3268.14,132.45,FALSE,M1_DIRECTION_MISMATCH
2026-09-07 18:34:30.046,1788806070.046,3631,28,184,4406.19,4406.27,8.0,PASS_<=10c,+0.0,FLAT,+0.0,+69.0,4.2,+0.00,0.00,SLOW,4405.50,4406.54,4403.14,4406.23,0.00,0.00,0.0,BEARISH,340.0,4406.19,4406.19,4406.19,4406.19,30,CLEARED_>=20s,1.0,0.0,0.0,0.0,0.0,0.0,0.0,PASS_<20%,0.00,0.0,NO,STANDBY_VEL_LOW,1,1321.86,3268.14,132.45,FALSE,M1_DIRECTION_MISMATCH
2026-09-07 18:34:30.548,1788806070.548,3632,29,185,4406.19,4406.27,8.0,PASS_<=10c,+0.0,FLAT,+0.0,+69.0,4.2,+0.00,0.00,SLOW,4405.50,4406.54,4403.14,4406.23,0.00,0.00,0.0,BEARISH,340.0,4406.19,4406.19,4406.19,4406.19,30,CLEARED_>=20s,1.0,0.0,0.0,0.0,0.0,0.0,0.0,PASS_<20%,0.00,0.0,NO,STANDBY_VEL_LOW,1,1321.86,3268.14,132.45,FALSE,M1_DIRECTION_MISMATCH
2026-09-07 18:34:31.049,1788806071.050,3633,30,186,4406.19,4406.27,8.0,PASS_<=10c,+0.0,FLAT,+0.0,+69.0,4.2,+0.00,0.00,SLOW,4405.50,4406.54,4403.14,4406.23,0.00,0.00,0.0,BEARISH,340.0,4406.19,4406.19,4406.19,4406.19,31,CLEARED_>=20s,1.0,0.0,0.0,0.0,0.0,0.0,0.0,PASS_<20%,0.00,0.0,NO,STANDBY_VEL_LOW,1,1321.86,3268.14,132.45,FALSE,M1_DIRECTION_MISMATCH
2026-09-07 18:34:31.550,1788806071.551,3634,31,187,4406.19,4406.27,8.0,PASS_<=10c,+0.0,FLAT,+0.0,+69.0,4.2,+0.00,0.00,SLOW,4405.50,4406.54,4403.14,4406.23,0.00,0.00,0.0,BEARISH,340.0,4406.19,4406.19,4406.19,4406.19,31,CLEARED_>=20s,1.0,0.0,0.0,0.0,0.0,0.0,0.0,PASS_<20%,0.00,0.0,NO,STANDBY_VEL_LOW,1,1321.86,3268.14,132.45,FALSE,M1_DIRECTION_MISMATCH
2026-09-07 18:34:32.052,1788806072.053,3635,32,188,4406.19,4406.27,8.0,PASS_<=10c,+0.0,FLAT,+0.0,+69.0,4.2,+0.00,0.00,SLOW,4405.50,4406.54,4403.14,4406.23,0.00,0.00,0.0,BEARISH,340.0,4406.19,4406.19,4406.19,4406.19,32,CLEARED_>=20s,1.0,0.0,0.0,0.0,0.0,0.0,0.0,PASS_<20%,0.00,0.0,NO,STANDBY_VEL_LOW,1,1321.86,3268.14,132.45,FALSE,M1_DIRECTION_MISMATCH
2026-09-07 18:34:32.554,1788806072.554,3636,33,189,4406.19,4406.27,8.0,PASS_<=10c,+0.0,FLAT,+0.0,+69.0,4.2,+0.00,0.00,SLOW,4405.50,4406.54,4403.14,4406.23,0.00,0.00,0.0,BEARISH,340.0,4406.19,4406.19,4406.19,4406.19,32,CLEARED_>=20s,1.0,0.0,0.0,0.0,0.0,0.0,0.0,PASS_<20%,0.00,0.0,NO,STANDBY_VEL_LOW,1,1321.86,3268.14,132.45,FALSE,M1_DIRECTION_MISMATCH
2026-09-07 18:34:42.936,1788806082.937,3637,34,190,4406.19,4406.27,8.0,PASS_<=10c,+0.0,FLAT,+0.0,+69.0,1.3,+0.00,0.00,SLOW,4405.50,4406.54,4403.14,4406.23,0.00,0.00,0.0,BEARISH,340.0,4406.19,4406.19,4406.19,4406.19,42,CLEARED_>=20s,1.0,0.0,0.0,0.0,0.0,0.0,0.0,PASS_<20%,0.00,0.0,NO,STANDBY_VEL_LOW,1,1321.86,3268.14,132.45,FALSE,M1_DIRECTION_MISMATCH
2026-09-07 18:34:48.360,1788806088.360,3638,35,191,4406.19,4406.27,8.0,PASS_<=10c,+0.0,FLAT,+0.0,+69.0,2.0,+0.00,0.00,SLOW,4405.50,4406.54,4403.14,4406.23,0.00,0.00,0.0,BEARISH,340.0,4406.19,4406.19,4406.19,4406.19,48,CLEARED_>=20s,1.0,0.0,0.0,0.0,0.0,0.0,0.0,PASS_<20%,0.00,0.0,NO,STANDBY_VEL_LOW,1,1321.86,3268.14,132.45,FALSE,M1_DIRECTION_MISMATCH
2026-09-07 18:34:48.715,1788806088.716,3639,36,192,4406.19,4406.27,8.0,PASS_<=10c,+0.0,FLAT,+0.0,+69.0,4.0,+0.00,0.00,SLOW,4405.50,4406.54,4403.14,4406.23,0.00,0.00,0.0,BEARISH,340.0,4406.19,4406.19,4406.19,4406.19,48,CLEARED_>=20s,1.0,0.0,0.0,0.0,0.0,0.0,0.0,PASS_<20%,0.00,0.0,NO,STANDBY_VEL_LOW,1,1321.86,3268.14,132.45,FALSE,M1_DIRECTION_MISMATCH
2026-09-07 18:34:49.217,1788806089.218,3640,37,193,4406.19,4406.27,8.0,PASS_<=10c,+0.0,FLAT,+0.0,+69.0,5.2,+0.00,0.00,SLOW,4405.50,4406.54,4403.14,4406.23,0.00,0.00,0.0,BEARISH,340.0,4406.19,4406.19,4406.19,4406.19,49,CLEARED_>=20s,1.0,0.0,0.0,0.0,0.0,0.0,0.0,PASS_<20%,0.00,0.0,NO,STANDBY_VEL_LOW,1,1321.86,3268.14,132.45,FALSE,M1_DIRECTION_MISMATCH
2026-09-07 18:34:49.719,1788806089.719,3641,38,194,4406.19,4406.27,8.0,PASS_<=10c,+0.0,FLAT,+0.0,+69.0,4.8,+0.00,0.00,SLOW,4405.50,4406.54,4403.14,4406.23,0.00,0.00,0.0,BEARISH,340.0,4406.19,4406.19,4406.19,4406.19,49,CLEARED_>=20s,1.0,0.0,0.0,0.0,0.0,0.0,0.0,PASS_<20%,0.00,0.0,NO,STANDBY_VEL_LOW,1,1321.86,3268.14,132.45,FALSE,M1_DIRECTION_MISMATCH
2026-09-07 18:34:50.221,1788806090.221,3642,39,195,4406.19,4406.27,8.0,PASS_<=10c,+0.0,FLAT,+0.0,+69.0,4.6,+0.00,0.00,SLOW,4405.50,4406.54,4403.14,4406.23,0.00,0.00,0.0,BEARISH,340.0,4406.19,4406.19,4406.19,4406.19,50,CLEARED_>=20s,1.0,0.0,0.0,0.0,0.0,0.0,0.0,PASS_<20%,0.00,0.0,NO,STANDBY_VEL_LOW,1,1321.86,3268.14,132.45,FALSE,M1_DIRECTION_MISMATCH
2026-09-07 18:34:50.724,1788806090.725,3643,40,196,4406.19,4406.27,8.0,PASS_<=10c,+0.0,FLAT,+0.0,+69.0,4.5,+0.00,0.00,SLOW,4405.50,4406.54,4403.14,4406.23,0.00,0.00,0.0,BEARISH,340.0,4406.19,4406.19,4406.19,4406.19,50,CLEARED_>=20s,1.0,0.0,0.0,0.0,0.0,0.0,0.0,PASS_<20%,0.00,0.0,NO,STANDBY_VEL_LOW,1,1321.86,3268.14,132.45,FALSE,M1_DIRECTION_MISMATCH
2026-09-07 18:34:51.226,1788806091.226,3644,41,197,4406.19,4406.27,8.0,PASS_<=10c,+0.0,FLAT,+0.0,+69.0,4.4,+0.00,0.00,SLOW,4405.50,4406.54,4403.14,4406.23,0.00,0.00,0.0,BEARISH,340.0,4406.19,4406.19,4406.19,4406.19,51,CLEARED_>=20s,1.0,0.0,0.0,0.0,0.0,0.0,0.0,PASS_<20%,0.00,0.0,NO,STANDBY_VEL_LOW,1,1321.86,3268.14,132.45,FALSE,M1_DIRECTION_MISMATCH
2026-09-07 18:34:51.727,1788806091.728,3645,42,198,4406.19,4406.27,8.0,PASS_<=10c,+0.0,FLAT,+0.0,+69.0,4.4,+0.00,0.00,SLOW,4405.50,4406.54,4403.14,4406.23,0.00,0.00,0.0,BEARISH,340.0,4406.19,4406.19,4406.19,4406.19,51,CLEARED_>=20s,1.0,0.0,0.0,0.0,0.0,0.0,0.0,PASS_<20%,0.00,0.0,NO,STANDBY_VEL_LOW,1,1321.86,3268.14,132.45,FALSE,M1_DIRECTION_MISMATCH
2026-09-07 18:34:52.228,1788806092.229,3646,43,199,4406.19,4406.27,8.0,PASS_<=10c,+0.0,FLAT,+0.0,+69.0,4.3,+0.00,0.00,SLOW,4405.50,4406.54,4403.14,4406.23,0.00,0.00,0.0,BEARISH,340.0,4406.19,4406.19,4406.19,4406.19,52,CLEARED_>=20s,1.0,0.0,0.0,0.0,0.0,0.0,0.0,PASS_<20%,0.00,0.0,NO,STANDBY_VEL_LOW,1,1321.86,3268.14,132.45,FALSE,M1_DIRECTION_MISMATCH
2026-09-07 18:34:52.730,1788806092.731,3647,44,200,4406.19,4406.27,8.0,PASS_<=10c,+0.0,FLAT,+0.0,+69.0,4.3,+0.00,0.00,SLOW,4405.50,4406.54,4403.14,4406.23,0.00,0.00,0.0,BEARISH,340.0,4406.19,4406.19,4406.19,4406.19,52,CLEARED_>=20s,1.0,0.0,0.0,0.0,0.0,0.0,0.0,PASS_<20%,0.00,0.0,NO,STANDBY_VEL_LOW,1,1321.86,3268.14,132.45,FALSE,M1_DIRECTION_MISMATCH
2026-09-07 18:34:53.231,1788806093.232,3648,45,201,4406.19,4406.27,8.0,PASS_<=10c,+0.0,FLAT,+0.0,+69.0,4.3,+0.00,0.00,SLOW,4405.50,4406.54,4403.14,4406.23,0.00,0.00,0.0,BEARISH,340.0,4406.19,4406.19,4406.19,4406.19,53,CLEARED_>=20s,1.0,0.0,0.0,0.0,0.0,0.0,0.0,PASS_<20%,0.00,0.0,NO,STANDBY_VEL_LOW,1,1321.86,3268.14,132.45,FALSE,M1_DIRECTION_MISMATCH
2026-09-07 18:34:53.733,1788806093.734,3649,46,202,4406.19,4406.27,8.0,PASS_<=10c,+0.0,FLAT,+0.0,+69.0,4.2,+0.00,0.00,SLOW,4405.50,4406.54,4403.14,4406.23,0.00,0.00,0.0,BEARISH,340.0,4406.19,4406.19,4406.19,4406.19,53,CLEARED_>=20s,1.0,0.0,0.0,0.0,0.0,0.0,0.0,PASS_<20%,0.00,0.0,NO,STANDBY_VEL_LOW,1,1321.86,3268.14,132.45,FALSE,M1_DIRECTION_MISMATCH
2026-09-07 18:34:54.235,1788806094.236,3650,47,203,4406.19,4406.27,8.0,PASS_<=10c,+0.0,FLAT,+0.0,+69.0,4.2,+0.00,0.00,SLOW,4405.50,4406.54,4403.14,4406.23,0.00,0.00,0.0,BEARISH,340.0,4406.19,4406.19,4406.19,4406.19,54,CLEARED_>=20s,1.0,0.0,0.0,0.0,0.0,0.0,0.0,PASS_<20%,0.00,0.0,NO,STANDBY_VEL_LOW,1,1321.86,3268.14,132.45,FALSE,M1_DIRECTION_MISMATCH
2026-09-07 18:34:54.740,1788806094.740,3651,48,204,4406.19,4406.27,8.0,PASS_<=10c,+0.0,FLAT,+0.0,+69.0,4.2,+0.00,0.00,SLOW,4405.50,4406.54,4403.14,4406.23,0.00,0.00,0.0,BEARISH,340.0,4406.19,4406.19,4406.19,4406.19,54,CLEARED_>=20s,1.0,0.0,0.0,0.0,0.0,0.0,0.0,PASS_<20%,0.00,0.0,NO,STANDBY_VEL_LOW,1,1321.86,3268.14,132.45,FALSE,M1_DIRECTION_MISMATCH
2026-09-07 18:34:55.239,1788806095.240,3652,49,205,4406.19,4406.27,8.0,PASS_<=10c,+0.0,FLAT,+0.0,+69.0,4.2,+0.00,0.00,SLOW,4405.50,4406.54,4403.14,4406.23,0.00,0.00,0.0,BEARISH,340.0,4406.19,4406.19,4406.19,4406.19,55,CLEARED_>=20s,1.0,0.0,0.0,0.0,0.0,0.0,0.0,PASS_<20%,0.00,0.0,NO,STANDBY_VEL_LOW,1,1321.86,3268.14,132.45,FALSE,M1_DIRECTION_MISMATCH
2026-09-07 18:34:55.741,1788806095.742,3653,50,206,4406.19,4406.27,8.0,PASS_<=10c,+0.0,FLAT,+0.0,+69.0,4.2,+0.00,0.00,SLOW,4405.50,4406.54,4403.14,4406.23,0.00,0.00,0.0,BEARISH,340.0,4406.19,4406.19,4406.19,4406.19,55,CLEARED_>=20s,1.0,0.0,0.0,0.0,0.0,0.0,0.0,PASS_<20%,0.00,0.0,NO,STANDBY_VEL_LOW,1,1321.86,3268.14,132.45,FALSE,M1_DIRECTION_MISMATCH
2026-09-07 18:34:56.243,1788806096.244,3654,51,207,4406.19,4406.27,8.0,PASS_<=10c,+0.0,FLAT,+0.0,+69.0,4.2,+0.00,0.00,SLOW,4405.50,4406.54,4403.14,4406.23,0.00,0.00,0.0,BEARISH,340.0,4406.19,4406.19,4406.19,4406.19,56,CLEARED_>=20s,1.0,0.0,0.0,0.0,0.0,0.0,0.0,PASS_<20%,0.00,0.0,NO,STANDBY_VEL_LOW,1,1321.86,3268.14,132.45,FALSE,M1_DIRECTION_MISMATCH
2026-09-07 18:35:01.763,1788806101.764,3655,1,1,4406.19,4406.27,8.0,PASS_<=10c,+0.0,FLAT,+0.0,-16.0,1.6,+0.00,0.00,SLOW,4406.35,4406.35,4406.19,4406.19,0.00,0.00,0.0,BEARISH,16.0,4406.19,4406.19,4406.19,4406.19,1,ACTIVE_1s,1.0,0.0,0.0,0.0,0.0,0.0,0.0,PASS_<20%,0.00,0.0,NO,STANDBY_VEL_LOW,1,1321.86,3268.14,132.45,FALSE,M1_DIRECTION_MISMATCH|OPENING_SHIELD_ACTIVE_1s
2026-09-07 18:35:11.999,1788806111.999,3656,2,2,4406.19,4406.27,8.0,PASS_<=10c,+0.0,FLAT,+0.0,-16.0,1.3,+0.00,0.00,SLOW,4406.35,4406.35,4406.19,4406.19,0.00,0.00,0.0,BEARISH,16.0,4406.19,4406.19,4406.19,4406.19,11,ACTIVE_11s,1.0,0.0,0.0,0.0,0.0,0.0,0.0,PASS_<20%,0.00,0.0,NO,STANDBY_VEL_LOW,1,1321.86,3268.14,132.45,FALSE,M1_DIRECTION_MISMATCH|OPENING_SHIELD_ACTIVE_11s
2026-09-07 18:35:13.007,1788806113.007,3657,3,3,4406.19,4406.27,8.0,PASS_<=10c,+0.0,FLAT,+0.0,-16.0,3.0,+0.00,0.00,SLOW,4406.35,4406.35,4406.19,4406.19,0.00,0.00,0.0,BEARISH,16.0,4406.19,4406.19,4406.19,4406.19,13,ACTIVE_13s,1.0,0.0,0.0,0.0,0.0,0.0,0.0,PASS_<20%,0.00,0.0,NO,STANDBY_VEL_LOW,1,1321.86,3268.14,132.45,FALSE,M1_DIRECTION_MISMATCH|OPENING_SHIELD_ACTIVE_13s
2026-09-07 18:35:13.508,1788806113.508,3658,4,4,4406.19,4406.27,8.0,PASS_<=10c,+0.0,FLAT,+0.0,-16.0,3.3,+0.00,0.00,SLOW,4406.35,4406.35,4406.19,4406.19,0.00,0.00,0.0,BEARISH,16.0,4406.19,4406.19,4406.19,4406.19,13,ACTIVE_13s,1.0,0.0,0.0,0.0,0.0,0.0,0.0,PASS_<20%,0.00,0.0,NO,STANDBY_VEL_LOW,1,1321.86,3268.14,132.45,FALSE,M1_DIRECTION_MISMATCH|OPENING_SHIELD_ACTIVE_13s
2026-09-07 18:35:14.010,1788806114.010,3659,5,5,4406.19,4406.27,8.0,PASS_<=10c,+0.0,FLAT,+0.0,-16.0,3.5,+0.00,0.00,SLOW,4406.35,4406.35,4406.19,4406.19,0.00,0.00,0.0,BEARISH,16.0,4406.19,4406.19,4406.19,4406.19,14,ACTIVE_14s,1.0,0.0,0.0,0.0,0.0,0.0,0.0,PASS_<20%,0.00,0.0,NO,STANDBY_VEL_LOW,1,1321.86,3268.14,132.45,FALSE,M1_DIRECTION_MISMATCH|OPENING_SHIELD_ACTIVE_14s
2026-09-07 18:35:14.512,1788806114.512,3660,6,6,4406.19,4406.27,8.0,PASS_<=10c,+0.0,FLAT,+0.0,-16.0,3.6,+0.00,0.00,SLOW,4406.35,4406.35,4406.19,4406.19,0.00,0.00,0.0,BEARISH,16.0,4406.19,4406.19,4406.19,4406.19,14,ACTIVE_14s,1.0,0.0,0.0,0.0,0.0,0.0,0.0,PASS_<20%,0.00,0.0,NO,STANDBY_VEL_LOW,1,1321.86,3268.14,132.45,FALSE,M1_DIRECTION_MISMATCH|OPENING_SHIELD_ACTIVE_14s
2026-09-07 18:35:15.013,1788806115.013,3661,7,7,4406.19,4406.27,8.0,PASS_<=10c,+0.0,FLAT,+0.0,-16.0,3.6,+0.00,0.00,SLOW,4406.35,4406.35,4406.19,4406.19,0.00,0.00,0.0,BEARISH,16.0,4406.19,4406.19,4406.19,4406.19,15,ACTIVE_15s,1.0,0.0,0.0,0.0,0.0,0.0,0.0,PASS_<20%,0.00,0.0,NO,STANDBY_VEL_LOW,1,1321.86,3268.14,132.45,FALSE,M1_DIRECTION_MISMATCH|OPENING_SHIELD_ACTIVE_15s
2026-09-07 18:35:15.515,1788806115.515,3662,8,8,4406.19,4406.27,8.0,PASS_<=10c,+0.0,FLAT,+0.0,-16.0,3.7,+0.00,0.00,SLOW,4406.35,4406.35,4406.19,4406.19,0.00,0.00,0.0,BEARISH,16.0,4406.19,4406.19,4406.19,4406.19,15,ACTIVE_15s,1.0,0.0,0.0,0.0,0.0,0.0,0.0,PASS_<20%,0.00,0.0,NO,STANDBY_VEL_LOW,1,1321.86,3268.14,132.45,FALSE,M1_DIRECTION_MISMATCH|OPENING_SHIELD_ACTIVE_15s
2026-09-07 18:35:16.016,1788806116.016,3663,9,9,4406.19,4406.27,8.0,PASS_<=10c,+0.0,FLAT,+0.0,-16.0,3.7,+0.00,0.00,SLOW,4406.35,4406.35,4406.19,4406.19,0.00,0.00,0.0,BEARISH,16.0,4406.19,4406.19,4406.19,4406.19,16,ACTIVE_16s,1.0,0.0,0.0,0.0,0.0,0.0,0.0,PASS_<20%,0.00,0.0,NO,STANDBY_VEL_LOW,1,1321.86,3268.14,132.45,FALSE,M1_DIRECTION_MISMATCH|OPENING_SHIELD_ACTIVE_16s
2026-09-07 18:35:16.517,1788806116.517,3664,10,10,4406.19,4406.27,8.0,PASS_<=10c,+0.0,FLAT,+0.0,-16.0,3.8,+0.00,0.00,SLOW,4406.35,4406.35,4406.19,4406.19,0.00,0.00,0.0,BEARISH,16.0,4406.19,4406.19,4406.19,4406.19,16,ACTIVE_16s,1.0,0.0,0.0,0.0,0.0,0.0,0.0,PASS_<20%,0.00,0.0,NO,STANDBY_VEL_LOW,1,1321.86,3268.14,132.45,FALSE,M1_DIRECTION_MISMATCH|OPENING_SHIELD_ACTIVE_16s
2026-09-07 18:35:17.018,1788806117.019,3665,11,11,4406.19,4406.27,8.0,PASS_<=10c,+0.0,FLAT,+0.0,-16.0,4.4,+0.00,0.00,SLOW,4406.35,4406.35,4406.19,4406.19,0.00,0.00,0.0,BEARISH,16.0,4406.19,4406.19,4406.19,4406.19,17,ACTIVE_17s,1.0,0.0,0.0,0.0,0.0,0.0,0.0,PASS_<20%,0.00,0.0,NO,STANDBY_VEL_LOW,1,1321.86,3268.14,132.45,FALSE,M1_DIRECTION_MISMATCH|OPENING_SHIELD_ACTIVE_17s
2026-09-07 18:35:17.520,1788806117.520,3666,12,12,4406.19,4406.27,8.0,PASS_<=10c,+0.0,FLAT,+0.0,-16.0,4.3,+0.00,0.00,SLOW,4406.35,4406.35,4406.19,4406.19,0.00,0.00,0.0,BEARISH,16.0,4406.19,4406.19,4406.19,4406.19,17,ACTIVE_17s,1.0,0.0,0.0,0.0,0.0,0.0,0.0,PASS_<20%,0.00,0.0,NO,STANDBY_VEL_LOW,1,1321.86,3268.14,132.45,FALSE,M1_DIRECTION_MISMATCH|OPENING_SHIELD_ACTIVE_17s
2026-09-07 18:35:18.022,1788806118.023,3667,13,13,4406.19,4406.27,8.0,PASS_<=10c,+0.0,FLAT,+0.0,-16.0,4.2,+0.00,0.00,SLOW,4406.35,4406.35,4406.19,4406.19,0.00,0.00,0.0,BEARISH,16.0,4406.19,4406.19,4406.19,4406.19,18,ACTIVE_18s,1.0,0.0,0.0,0.0,0.0,0.0,0.0,PASS_<20%,0.00,0.0,NO,STANDBY_VEL_LOW,1,1321.86,3268.14,132.45,FALSE,M1_DIRECTION_MISMATCH|OPENING_SHIELD_ACTIVE_18s
2026-09-07 18:35:18.524,1788806118.524,3668,14,14,4406.19,4406.27,8.0,PASS_<=10c,+0.0,FLAT,+0.0,-16.0,4.2,+0.00,0.00,SLOW,4406.35,4406.35,4406.19,4406.19,0.00,0.00,0.0,BEARISH,16.0,4406.19,4406.19,4406.19,4406.19,18,ACTIVE_18s,1.0,0.0,0.0,0.0,0.0,0.0,0.0,PASS_<20%,0.00,0.0,NO,STANDBY_VEL_LOW,1,1321.86,3268.14,132.45,FALSE,M1_DIRECTION_MISMATCH|OPENING_SHIELD_ACTIVE_18s
2026-09-07 18:35:19.038,1788806119.039,3669,15,15,4406.19,4406.27,8.0,PASS_<=10c,+0.0,FLAT,+0.0,-16.0,4.2,+0.00,0.00,SLOW,4406.35,4406.35,4406.19,4406.19,0.00,0.00,0.0,BEARISH,16.0,4406.19,4406.19,4406.19,4406.19,19,ACTIVE_19s,1.0,0.0,0.0,0.0,0.0,0.0,0.0,PASS_<20%,0.00,0.0,NO,STANDBY_VEL_LOW,1,1321.86,3268.14,132.45,FALSE,M1_DIRECTION_MISMATCH|OPENING_SHIELD_ACTIVE_19s
2026-09-07 18:35:19.540,1788806119.541,3670,16,16,4406.19,4406.27,8.0,PASS_<=10c,+0.0,FLAT,+0.0,-16.0,4.2,+0.00,0.00,SLOW,4406.35,4406.35,4406.19,4406.19,0.00,0.00,0.0,BEARISH,16.0,4406.19,4406.19,4406.19,4406.19,19,ACTIVE_19s,1.0,0.0,0.0,0.0,0.0,0.0,0.0,PASS_<20%,0.00,0.0,NO,STANDBY_VEL_LOW,1,1321.86,3268.14,132.45,FALSE,M1_DIRECTION_MISMATCH|OPENING_SHIELD_ACTIVE_19s
2026-09-07 18:35:20.041,1788806120.042,3671,17,17,4406.19,4406.27,8.0,PASS_<=10c,+0.0,FLAT,+0.0,+69.0,4.2,+0.00,0.00,SLOW,4405.50,4406.54,4403.14,4406.23,0.00,0.00,0.0,BEARISH,340.0,4406.19,4406.19,4406.19,4406.19,20,CLEARED_>=20s,1.0,0.0,0.0,0.0,0.0,0.0,0.0,PASS_<20%,0.00,0.0,NO,STANDBY_VEL_LOW,1,1321.86,3268.14,132.45,FALSE,M1_DIRECTION_MISMATCH
2026-09-07 18:35:20.543,1788806120.544,3672,18,18,4406.19,4406.27,8.0,PASS_<=10c,+0.0,FLAT,+0.0,+69.0,4.2,+0.00,0.00,SLOW,4405.50,4406.54,4403.14,4406.23,0.00,0.00,0.0,BEARISH,340.0,4406.19,4406.19,4406.19,4406.19,20,CLEARED_>=20s,1.0,0.0,0.0,0.0,0.0,0.0,0.0,PASS_<20%,0.00,0.0,NO,STANDBY_VEL_LOW,1,1321.86,3268.14,132.45,FALSE,M1_DIRECTION_MISMATCH
2026-09-07 18:35:26.069,1788806126.069,3673,19,19,4406.19,4406.27,8.0,PASS_<=10c,+0.0,FLAT,+0.0,+69.0,1.7,+0.00,0.00,SLOW,4405.50,4406.54,4403.14,4406.23,0.00,0.00,0.0,BEARISH,340.0,4406.19,4406.19,4406.19,4406.19,26,CLEARED_>=20s,1.0,0.0,0.0,0.0,0.0,0.0,0.0,PASS_<20%,0.00,0.0,NO,STANDBY_VEL_LOW,1,1321.86,3268.14,132.45,FALSE,M1_DIRECTION_MISMATCH
2026-09-07 18:35:36.299,1788806136.300,3674,20,20,4406.19,4406.27,8.0,PASS_<=10c,+0.0,FLAT,+0.0,+69.0,1.3,+0.00,0.00,SLOW,4405.50,4406.54,4403.14,4406.23,0.00,0.00,0.0,BEARISH,340.0,4406.19,4406.19,4406.19,4406.19,36,CLEARED_>=20s,1.0,0.0,0.0,0.0,0.0,0.0,0.0,PASS_<20%,0.00,0.0,NO,STANDBY_VEL_LOW,1,1321.86,3268.14,132.45,FALSE,M1_DIRECTION_MISMATCH
2026-09-07 18:35:39.313,1788806139.313,3675,21,21,4406.19,4406.27,8.0,PASS_<=10c,+0.0,FLAT,+0.0,+69.0,1.4,+0.00,0.00,SLOW,4405.50,4406.54,4403.14,4406.23,0.00,0.00,0.0,BEARISH,340.0,4406.19,4406.19,4406.19,4406.19,39,CLEARED_>=20s,1.0,0.0,0.0,0.0,0.0,0.0,0.0,PASS_<20%,0.00,0.0,NO,STANDBY_VEL_LOW,1,1321.86,3268.14,132.45,FALSE,M1_DIRECTION_MISMATCH
2026-09-07 18:35:39.817,1788806139.817,3676,22,22,4406.19,4406.27,8.0,PASS_<=10c,+0.0,FLAT,+0.0,+69.0,1.4,+0.00,0.00,SLOW,4405.50,4406.54,4403.14,4406.23,0.00,0.00,0.0,BEARISH,340.0,4406.19,4406.19,4406.19,4406.19,39,CLEARED_>=20s,1.0,0.0,0.0,0.0,0.0,0.0,0.0,PASS_<20%,0.00,0.0,NO,STANDBY_VEL_LOW,1,1321.86,3268.14,132.45,FALSE,M1_DIRECTION_MISMATCH
2026-09-07 18:35:40.320,1788806140.320,3677,23,23,4406.19,4406.27,8.0,PASS_<=10c,+0.0,FLAT,+0.0,+69.0,1.7,+0.00,0.00,SLOW,4405.50,4406.54,4403.14,4406.23,0.00,0.00,0.0,BEARISH,340.0,4406.19,4406.19,4406.19,4406.19,40,CLEARED_>=20s,1.0,0.0,0.0,0.0,0.0,0.0,0.0,PASS_<20%,0.00,0.0,NO,STANDBY_VEL_LOW,1,1321.86,3268.14,132.45,FALSE,M1_DIRECTION_MISMATCH
2026-09-07 18:35:40.820,1788806140.821,3678,24,24,4406.19,4406.27,8.0,PASS_<=10c,+0.0,FLAT,+0.0,+69.0,2.0,+0.00,0.00,SLOW,4405.50,4406.54,4403.14,4406.23,0.00,0.00,0.0,BEARISH,340.0,4406.19,4406.19,4406.19,4406.19,40,CLEARED_>=20s,1.0,0.0,0.0,0.0,0.0,0.0,0.0,PASS_<20%,0.00,0.0,NO,STANDBY_VEL_LOW,1,1321.86,3268.14,132.45,FALSE,M1_DIRECTION_MISMATCH
2026-09-07 18:35:41.322,1788806141.322,3679,25,25,4406.19,4406.27,8.0,PASS_<=10c,+0.0,FLAT,+0.0,+69.0,4.7,+0.00,0.00,SLOW,4405.50,4406.54,4403.14,4406.23,0.00,0.00,0.0,BEARISH,340.0,4406.19,4406.19,4406.19,4406.19,41,CLEARED_>=20s,1.0,0.0,0.0,0.0,0.0,0.0,0.0,PASS_<20%,0.00,0.0,NO,STANDBY_VEL_LOW,1,1321.86,3268.14,132.45,FALSE,M1_DIRECTION_MISMATCH
2026-09-07 18:35:41.823,1788806141.824,3680,26,26,4406.19,4406.27,8.0,PASS_<=10c,+0.0,FLAT,+0.0,+69.0,4.6,+0.00,0.00,SLOW,4405.50,4406.54,4403.14,4406.23,0.00,0.00,0.0,BEARISH,340.0,4406.19,4406.19,4406.19,4406.19,41,CLEARED_>=20s,1.0,0.0,0.0,0.0,0.0,0.0,0.0,PASS_<20%,0.00,0.0,NO,STANDBY_VEL_LOW,1,1321.86,3268.14,132.45,FALSE,M1_DIRECTION_MISMATCH
2026-09-07 18:35:42.324,1788806142.325,3681,27,27,4406.19,4406.27,8.0,PASS_<=10c,+0.0,FLAT,+0.0,+69.0,4.5,+0.00,0.00,SLOW,4405.50,4406.54,4403.14,4406.23,0.00,0.00,0.0,BEARISH,340.0,4406.19,4406.19,4406.19,4406.19,42,CLEARED_>=20s,1.0,0.0,0.0,0.0,0.0,0.0,0.0,PASS_<20%,0.00,0.0,NO,STANDBY_VEL_LOW,1,1321.86,3268.14,132.45,FALSE,M1_DIRECTION_MISMATCH
2026-09-07 18:35:42.827,1788806142.827,3682,28,28,4406.19,4406.27,8.0,PASS_<=10c,+0.0,FLAT,+0.0,+69.0,4.4,+0.00,0.00,SLOW,4405.50,4406.54,4403.14,4406.23,0.00,0.00,0.0,BEARISH,340.0,4406.19,4406.19,4406.19,4406.19,42,CLEARED_>=20s,1.0,0.0,0.0,0.0,0.0,0.0,0.0,PASS_<20%,0.00,0.0,NO,STANDBY_VEL_LOW,1,1321.86,3268.14,132.45,FALSE,M1_DIRECTION_MISMATCH
2026-09-07 18:35:43.329,1788806143.329,3683,29,29,4406.19,4406.27,8.0,PASS_<=10c,+0.0,FLAT,+0.0,+69.0,4.4,+0.00,0.00,SLOW,4405.50,4406.54,4403.14,4406.23,0.00,0.00,0.0,BEARISH,340.0,4406.19,4406.19,4406.19,4406.19,43,CLEARED_>=20s,1.0,0.0,0.0,0.0,0.0,0.0,0.0,PASS_<20%,0.00,0.0,NO,STANDBY_VEL_LOW,1,1321.86,3268.14,132.45,FALSE,M1_DIRECTION_MISMATCH
2026-09-07 18:35:43.831,1788806143.832,3684,30,30,4406.19,4406.27,8.0,PASS_<=10c,+0.0,FLAT,+0.0,+69.0,4.3,+0.00,0.00,SLOW,4405.50,4406.54,4403.14,4406.23,0.00,0.00,0.0,BEARISH,340.0,4406.19,4406.19,4406.19,4406.19,43,CLEARED_>=20s,1.0,0.0,0.0,0.0,0.0,0.0,0.0,PASS_<20%,0.00,0.0,NO,STANDBY_VEL_LOW,1,1321.86,3268.14,132.45,FALSE,M1_DIRECTION_MISMATCH
2026-09-07 18:35:44.333,1788806144.334,3685,31,31,4406.19,4406.27,8.0,PASS_<=10c,+0.0,FLAT,+0.0,+69.0,4.2,+0.00,0.00,SLOW,4405.50,4406.54,4403.14,4406.23,0.00,0.00,0.0,BEARISH,340.0,4406.19,4406.19,4406.19,4406.19,44,CLEARED_>=20s,1.0,0.0,0.0,0.0,0.0,0.0,0.0,PASS_<20%,0.00,0.0,NO,STANDBY_VEL_LOW,1,1321.86,3268.14,132.45,FALSE,M1_DIRECTION_MISMATCH
2026-09-07 18:35:44.836,1788806144.836,3686,32,32,4406.19,4406.27,8.0,PASS_<=10c,+0.0,FLAT,+0.0,+69.0,4.2,+0.00,0.00,SLOW,4405.50,4406.54,4403.14,4406.23,0.00,0.00,0.0,BEARISH,340.0,4406.19,4406.19,4406.19,4406.19,44,CLEARED_>=20s,1.0,0.0,0.0,0.0,0.0,0.0,0.0,PASS_<20%,0.00,0.0,NO,STANDBY_VEL_LOW,1,1321.86,3268.14,132.45,FALSE,M1_DIRECTION_MISMATCH
2026-09-07 18:35:45.346,1788806145.346,3687,33,33,4406.19,4406.27,8.0,PASS_<=10c,+0.0,FLAT,+0.0,+69.0,4.2,+0.00,0.00,SLOW,4405.50,4406.54,4403.14,4406.23,0.00,0.00,0.0,BEARISH,340.0,4406.19,4406.19,4406.19,4406.19,45,CLEARED_>=20s,1.0,0.0,0.0,0.0,0.0,0.0,0.0,PASS_<20%,0.00,0.0,NO,STANDBY_VEL_LOW,1,1321.86,3268.14,132.45,FALSE,M1_DIRECTION_MISMATCH
2026-09-07 18:35:45.848,1788806145.849,3688,34,34,4406.19,4406.27,8.0,PASS_<=10c,+0.0,FLAT,+0.0,+69.0,4.2,+0.00,0.00,SLOW,4405.50,4406.54,4403.14,4406.23,0.00,0.00,0.0,BEARISH,340.0,4406.19,4406.19,4406.19,4406.19,45,CLEARED_>=20s,1.0,0.0,0.0,0.0,0.0,0.0,0.0,PASS_<20%,0.00,0.0,NO,STANDBY_VEL_LOW,1,1321.86,3268.14,132.45,FALSE,M1_DIRECTION_MISMATCH
2026-09-07 18:35:46.349,1788806146.350,3689,35,35,4406.19,4406.27,8.0,PASS_<=10c,+0.0,FLAT,+0.0,+69.0,4.2,+0.00,0.00,SLOW,4405.50,4406.54,4403.14,4406.23,0.00,0.00,0.0,BEARISH,340.0,4406.19,4406.19,4406.19,4406.19,46,CLEARED_>=20s,1.0,0.0,0.0,0.0,0.0,0.0,0.0,PASS_<20%,0.00,0.0,NO,STANDBY_VEL_LOW,1,1321.86,3268.14,132.45,FALSE,M1_DIRECTION_MISMATCH
2026-09-07 18:35:46.850,1788806146.851,3690,36,36,4406.19,4406.27,8.0,PASS_<=10c,+0.0,FLAT,+0.0,+69.0,4.2,+0.00,0.00,SLOW,4405.50,4406.54,4403.14,4406.23,0.00,0.00,0.0,BEARISH,340.0,4406.19,4406.19,4406.19,4406.19,46,CLEARED_>=20s,1.0,0.0,0.0,0.0,0.0,0.0,0.0,PASS_<20%,0.00,0.0,NO,STANDBY_VEL_LOW,1,1321.86,3268.14,132.45,FALSE,M1_DIRECTION_MISMATCH
2026-09-07 18:35:47.352,1788806147.352,3691,37,37,4406.19,4406.27,8.0,PASS_<=10c,+0.0,FLAT,+0.0,+69.0,4.2,+0.00,0.00,SLOW,4405.50,4406.54,4403.14,4406.23,0.00,0.00,0.0,BEARISH,340.0,4406.19,4406.19,4406.19,4406.19,47,CLEARED_>=20s,1.0,0.0,0.0,0.0,0.0,0.0,0.0,PASS_<20%,0.00,0.0,NO,STANDBY_VEL_LOW,1,1321.86,3268.14,132.45,FALSE,M1_DIRECTION_MISMATCH
2026-09-07 18:35:57.733,1788806157.734,3692,38,38,4406.19,4406.27,8.0,PASS_<=10c,+0.0,FLAT,+0.0,+69.0,1.3,+0.00,0.00,SLOW,4405.50,4406.54,4403.14,4406.23,0.00,0.00,0.0,BEARISH,340.0,4406.19,4406.19,4406.19,4406.19,57,CLEARED_>=20s,1.0,0.0,0.0,0.0,0.0,0.0,0.0,PASS_<20%,0.00,0.0,NO,STANDBY_VEL_LOW,1,1321.86,3268.14,132.45,FALSE,M1_DIRECTION_MISMATCH
2026-09-07 18:36:04.557,1788806164.557,3693,1,39,4406.19,4406.27,8.0,PASS_<=10c,+0.0,FLAT,+0.0,+69.0,1.3,+0.00,0.00,SLOW,4405.50,4406.54,4403.14,4406.23,0.00,0.00,0.0,BEARISH,340.0,4406.19,4406.19,4406.19,4406.19,4,ACTIVE_4s,1.0,0.0,0.0,0.0,0.0,0.0,0.0,PASS_<20%,0.00,0.0,NO,STANDBY_VEL_LOW,1,1321.86,3268.14,132.45,FALSE,M1_DIRECTION_MISMATCH|OPENING_SHIELD_ACTIVE_4s
2026-09-07 18:36:04.912,1788806164.912,3694,2,40,4406.19,4406.27,8.0,PASS_<=10c,+0.0,FLAT,+0.0,+69.0,1.9,+0.00,0.00,SLOW,4405.50,4406.54,4403.14,4406.23,0.00,0.00,0.0,BEARISH,340.0,4406.19,4406.19,4406.19,4406.19,4,ACTIVE_4s,1.0,0.0,0.0,0.0,0.0,0.0,0.0,PASS_<20%,0.00,0.0,NO,STANDBY_VEL_LOW,1,1321.86,3268.14,132.45,FALSE,M1_DIRECTION_MISMATCH|OPENING_SHIELD_ACTIVE_4s
2026-09-07 18:36:05.414,1788806165.414,3695,3,41,4406.19,4406.27,8.0,PASS_<=10c,+0.0,FLAT,+0.0,+69.0,2.3,+0.00,0.00,SLOW,4405.50,4406.54,4403.14,4406.23,0.00,0.00,0.0,BEARISH,340.0,4406.19,4406.19,4406.19,4406.19,5,ACTIVE_5s,1.0,0.0,0.0,0.0,0.0,0.0,0.0,PASS_<20%,0.00,0.0,NO,STANDBY_VEL_LOW,1,1321.86,3268.14,132.45,FALSE,M1_DIRECTION_MISMATCH|OPENING_SHIELD_ACTIVE_5s
2026-09-07 18:36:05.915,1788806165.915,3696,4,42,4406.19,4406.27,8.0,PASS_<=10c,+0.0,FLAT,+0.0,+69.0,2.6,+0.00,0.00,SLOW,4405.50,4406.54,4403.14,4406.23,0.00,0.00,0.0,BEARISH,340.0,4406.19,4406.19,4406.19,4406.19,5,ACTIVE_5s,1.0,0.0,0.0,0.0,0.0,0.0,0.0,PASS_<20%,0.00,0.0,NO,STANDBY_VEL_LOW,1,1321.86,3268.14,132.45,FALSE,M1_DIRECTION_MISMATCH|OPENING_SHIELD_ACTIVE_5s
2026-09-07 18:36:06.416,1788806166.417,3697,5,43,4406.19,4406.27,8.0,PASS_<=10c,+0.0,FLAT,+0.0,+69.0,2.8,+0.00,0.00,SLOW,4405.50,4406.54,4403.14,4406.23,0.00,0.00,0.0,BEARISH,340.0,4406.19,4406.19,4406.19,4406.19,6,ACTIVE_6s,1.0,0.0,0.0,0.0,0.0,0.0,0.0,PASS_<20%,0.00,0.0,NO,STANDBY_VEL_LOW,1,1321.86,3268.14,132.45,FALSE,M1_DIRECTION_MISMATCH|OPENING_SHIELD_ACTIVE_6s
2026-09-07 18:36:06.918,1788806166.919,3698,6,44,4406.19,4406.27,8.0,PASS_<=10c,+0.0,FLAT,+0.0,+69.0,3.0,+0.00,0.00,SLOW,4405.50,4406.54,4403.14,4406.23,0.00,0.00,0.0,BEARISH,340.0,4406.19,4406.19,4406.19,4406.19,6,ACTIVE_6s,1.0,0.0,0.0,0.0,0.0,0.0,0.0,PASS_<20%,0.00,0.0,NO,STANDBY_VEL_LOW,1,1321.86,3268.14,132.45,FALSE,M1_DIRECTION_MISMATCH|OPENING_SHIELD_ACTIVE_6s
2026-09-07 18:36:07.419,1788806167.420,3699,7,45,4406.19,4406.27,8.0,PASS_<=10c,+0.0,FLAT,+0.0,+69.0,3.1,+0.00,0.00,SLOW,4405.50,4406.54,4403.14,4406.23,0.00,0.00,0.0,BEARISH,340.0,4406.19,4406.19,4406.19,4406.19,7,ACTIVE_7s,1.0,0.0,0.0,0.0,0.0,0.0,0.0,PASS_<20%,0.00,0.0,NO,STANDBY_VEL_LOW,1,1321.86,3268.14,132.45,FALSE,M1_DIRECTION_MISMATCH|OPENING_SHIELD_ACTIVE_7s
2026-09-07 18:36:07.920,1788806167.921,3700,8,46,4406.19,4406.27,8.0,PASS_<=10c,+0.0,FLAT,+0.0,+69.0,4.5,+0.00,0.00,SLOW,4405.50,4406.54,4403.14,4406.23,0.00,0.00,0.0,BEARISH,340.0,4406.19,4406.19,4406.19,4406.19,7,ACTIVE_7s,1.0,0.0,0.0,0.0,0.0,0.0,0.0,PASS_<20%,0.00,0.0,NO,STANDBY_VEL_LOW,1,1321.86,3268.14,132.45,FALSE,M1_DIRECTION_MISMATCH|OPENING_SHIELD_ACTIVE_7s
2026-09-07 18:36:08.422,1788806168.423,3701,9,47,4406.19,4406.27,8.0,PASS_<=10c,+0.0,FLAT,+0.0,+69.0,4.4,+0.00,0.00,SLOW,4405.50,4406.54,4403.14,4406.23,0.00,0.00,0.0,BEARISH,340.0,4406.19,4406.19,4406.19,4406.19,8,ACTIVE_8s,1.0,0.0,0.0,0.0,0.0,0.0,0.0,PASS_<20%,0.00,0.0,NO,STANDBY_VEL_LOW,1,1321.86,3268.14,132.45,FALSE,M1_DIRECTION_MISMATCH|OPENING_SHIELD_ACTIVE_8s
2026-09-07 18:36:08.924,1788806168.924,3702,10,48,4406.19,4406.27,8.0,PASS_<=10c,+0.0,FLAT,+0.0,+69.0,4.4,+0.00,0.00,SLOW,4405.50,4406.54,4403.14,4406.23,0.00,0.00,0.0,BEARISH,340.0,4406.19,4406.19,4406.19,4406.19,8,ACTIVE_8s,1.0,0.0,0.0,0.0,0.0,0.0,0.0,PASS_<20%,0.00,0.0,NO,STANDBY_VEL_LOW,1,1321.86,3268.14,132.45,FALSE,M1_DIRECTION_MISMATCH|OPENING_SHIELD_ACTIVE_8s
2026-09-07 18:36:09.426,1788806169.426,3703,11,49,4406.19,4406.27,8.0,PASS_<=10c,+0.0,FLAT,+0.0,+69.0,4.3,+0.00,0.00,SLOW,4405.50,4406.54,4403.14,4406.23,0.00,0.00,0.0,BEARISH,340.0,4406.19,4406.19,4406.19,4406.19,9,ACTIVE_9s,1.0,0.0,0.0,0.0,0.0,0.0,0.0,PASS_<20%,0.00,0.0,NO,STANDBY_VEL_LOW,1,1321.86,3268.14,132.45,FALSE,M1_DIRECTION_MISMATCH|OPENING_SHIELD_ACTIVE_9s
2026-09-07 18:36:09.927,1788806169.928,3704,12,50,4406.19,4406.27,8.0,PASS_<=10c,+0.0,FLAT,+0.0,+69.0,4.2,+0.00,0.00,SLOW,4405.50,4406.54,4403.14,4406.23,0.00,0.00,0.0,BEARISH,340.0,4406.19,4406.19,4406.19,4406.19,9,ACTIVE_9s,1.0,0.0,0.0,0.0,0.0,0.0,0.0,PASS_<20%,0.00,0.0,NO,STANDBY_VEL_LOW,1,1321.86,3268.14,132.45,FALSE,M1_DIRECTION_MISMATCH|OPENING_SHIELD_ACTIVE_9s
2026-09-07 18:36:10.430,1788806170.430,3705,13,51,4406.19,4406.27,8.0,PASS_<=10c,+0.0,FLAT,+0.0,+69.0,4.2,+0.00,0.00,SLOW,4405.50,4406.54,4403.14,4406.23,0.00,0.00,0.0,BEARISH,340.0,4406.19,4406.19,4406.19,4406.19,10,ACTIVE_10s,1.0,0.0,0.0,0.0,0.0,0.0,0.0,PASS_<20%,0.00,0.0,NO,STANDBY_VEL_LOW,1,1321.86,3268.14,132.45,FALSE,M1_DIRECTION_MISMATCH|OPENING_SHIELD_ACTIVE_10s
2026-09-07 18:36:10.932,1788806170.933,3706,14,52,4406.19,4406.27,8.0,PASS_<=10c,+0.0,FLAT,+0.0,+69.0,4.2,+0.00,0.00,SLOW,4405.50,4406.54,4403.14,4406.23,0.00,0.00,0.0,BEARISH,340.0,4406.19,4406.19,4406.19,4406.19,10,ACTIVE_10s,1.0,0.0,0.0,0.0,0.0,0.0,0.0,PASS_<20%,0.00,0.0,NO,STANDBY_VEL_LOW,1,1321.86,3268.14,132.45,FALSE,M1_DIRECTION_MISMATCH|OPENING_SHIELD_ACTIVE_10s
2026-09-07 18:36:11.434,1788806171.434,3707,15,53,4406.19,4406.27,8.0,PASS_<=10c,+0.0,FLAT,+0.0,+69.0,4.2,+0.00,0.00,SLOW,4405.50,4406.54,4403.14,4406.23,0.00,0.00,0.0,BEARISH,340.0,4406.19,4406.19,4406.19,4406.19,11,ACTIVE_11s,1.0,0.0,0.0,0.0,0.0,0.0,0.0,PASS_<20%,0.00,0.0,NO,STANDBY_VEL_LOW,1,1321.86,3268.14,132.45,FALSE,M1_DIRECTION_MISMATCH|OPENING_SHIELD_ACTIVE_11s
2026-09-07 18:36:11.935,1788806171.936,3708,16,54,4406.19,4406.27,8.0,PASS_<=10c,+0.0,FLAT,+0.0,+69.0,4.2,+0.00,0.00,SLOW,4405.50,4406.54,4403.14,4406.23,0.00,0.00,0.0,BEARISH,340.0,4406.19,4406.19,4406.19,4406.19,11,ACTIVE_11s,1.0,0.0,0.0,0.0,0.0,0.0,0.0,PASS_<20%,0.00,0.0,NO,STANDBY_VEL_LOW,1,1321.86,3268.14,132.45,FALSE,M1_DIRECTION_MISMATCH|OPENING_SHIELD_ACTIVE_11s
2026-09-07 18:36:12.437,1788806172.438,3709,17,55,4406.19,4406.27,8.0,PASS_<=10c,+0.0,FLAT,+0.0,+69.0,4.2,+0.00,0.00,SLOW,4405.50,4406.54,4403.14,4406.23,0.00,0.00,0.0,BEARISH,340.0,4406.19,4406.19,4406.19,4406.19,12,ACTIVE_12s,1.0,0.0,0.0,0.0,0.0,0.0,0.0,PASS_<20%,0.00,0.0,NO,STANDBY_VEL_LOW,1,1321.86,3268.14,132.45,FALSE,M1_DIRECTION_MISMATCH|OPENING_SHIELD_ACTIVE_12s
2026-09-07 18:36:22.821,1788806182.821,3710,18,56,4406.19,4406.27,8.0,PASS_<=10c,+0.0,FLAT,+0.0,+69.0,1.3,+0.00,0.00,SLOW,4405.50,4406.54,4403.14,4406.23,0.00,0.00,0.0,BEARISH,340.0,4406.19,4406.19,4406.19,4406.19,22,CLEARED_>=20s,1.0,0.0,0.0,0.0,0.0,0.0,0.0,PASS_<20%,0.00,0.0,NO,STANDBY_VEL_LOW,1,1321.86,3268.14,132.45,FALSE,M1_DIRECTION_MISMATCH
2026-09-07 18:36:30.247,1788806190.248,3711,19,57,4406.19,4406.27,8.0,PASS_<=10c,+0.0,FLAT,+0.0,+69.0,1.3,+0.00,0.00,SLOW,4405.50,4406.54,4403.14,4406.23,0.00,0.00,0.0,BEARISH,340.0,4406.19,4406.19,4406.19,4406.19,30,CLEARED_>=20s,1.0,0.0,0.0,0.0,0.0,0.0,0.0,PASS_<20%,0.00,0.0,NO,STANDBY_VEL_LOW,1,1321.86,3268.14,132.45,FALSE,M1_DIRECTION_MISMATCH
2026-09-07 18:36:30.603,1788806190.603,3712,20,58,4406.19,4406.27,8.0,PASS_<=10c,+0.0,FLAT,+0.0,+69.0,1.5,+0.00,0.00,SLOW,4405.50,4406.54,4403.14,4406.23,0.00,0.00,0.0,BEARISH,340.0,4406.19,4406.19,4406.19,4406.19,30,CLEARED_>=20s,1.0,0.0,0.0,0.0,0.0,0.0,0.0,PASS_<20%,0.00,0.0,NO,STANDBY_VEL_LOW,1,1321.86,3268.14,132.45,FALSE,M1_DIRECTION_MISMATCH
2026-09-07 18:36:31.103,1788806191.104,3713,21,59,4406.19,4406.27,8.0,PASS_<=10c,+0.0,FLAT,+0.0,+69.0,1.9,+0.00,0.00,SLOW,4405.50,4406.54,4403.14,4406.23,0.00,0.00,0.0,BEARISH,340.0,4406.19,4406.19,4406.19,4406.19,31,CLEARED_>=20s,1.0,0.0,0.0,0.0,0.0,0.0,0.0,PASS_<20%,0.00,0.0,NO,STANDBY_VEL_LOW,1,1321.86,3268.14,132.45,FALSE,M1_DIRECTION_MISMATCH
2026-09-07 18:36:31.606,1788806191.606,3714,22,60,4406.19,4406.27,8.0,PASS_<=10c,+0.0,FLAT,+0.0,+69.0,2.2,+0.00,0.00,SLOW,4405.50,4406.54,4403.14,4406.23,0.00,0.00,0.0,BEARISH,340.0,4406.19,4406.19,4406.19,4406.19,31,CLEARED_>=20s,1.0,0.0,0.0,0.0,0.0,0.0,0.0,PASS_<20%,0.00,0.0,NO,STANDBY_VEL_LOW,1,1321.86,3268.14,132.45,FALSE,M1_DIRECTION_MISMATCH
2026-09-07 18:36:32.107,1788806192.107,3715,23,61,4406.19,4406.27,8.0,PASS_<=10c,+0.0,FLAT,+0.0,+69.0,2.4,+0.00,0.00,SLOW,4405.50,4406.54,4403.14,4406.23,0.00,0.00,0.0,BEARISH,340.0,4406.19,4406.19,4406.19,4406.19,32,CLEARED_>=20s,1.0,0.0,0.0,0.0,0.0,0.0,0.0,PASS_<20%,0.00,0.0,NO,STANDBY_VEL_LOW,1,1321.86,3268.14,132.45,FALSE,M1_DIRECTION_MISMATCH
2026-09-07 18:36:32.608,1788806192.608,3716,24,62,4406.19,4406.27,8.0,PASS_<=10c,+0.0,FLAT,+0.0,+69.0,2.6,+0.00,0.00,SLOW,4405.50,4406.54,4403.14,4406.23,0.00,0.00,0.0,BEARISH,340.0,4406.19,4406.19,4406.19,4406.19,32,CLEARED_>=20s,1.0,0.0,0.0,0.0,0.0,0.0,0.0,PASS_<20%,0.00,0.0,NO,STANDBY_VEL_LOW,1,1321.86,3268.14,132.45,FALSE,M1_DIRECTION_MISMATCH
2026-09-07 18:36:33.109,1788806193.110,3717,25,63,4406.19,4406.27,8.0,PASS_<=10c,+0.0,FLAT,+0.0,+69.0,4.5,+0.00,0.00,SLOW,4405.50,4406.54,4403.14,4406.23,0.00,0.00,0.0,BEARISH,340.0,4406.19,4406.19,4406.19,4406.19,33,CLEARED_>=20s,1.0,0.0,0.0,0.0,0.0,0.0,0.0,PASS_<20%,0.00,0.0,NO,STANDBY_VEL_LOW,1,1321.86,3268.14,132.45,FALSE,M1_DIRECTION_MISMATCH
2026-09-07 18:36:33.611,1788806193.611,3718,26,64,4406.19,4406.27,8.0,PASS_<=10c,+0.0,FLAT,+0.0,+69.0,4.5,+0.00,0.00,SLOW,4405.50,4406.54,4403.14,4406.23,0.00,0.00,0.0,BEARISH,340.0,4406.19,4406.19,4406.19,4406.19,33,CLEARED_>=20s,1.0,0.0,0.0,0.0,0.0,0.0,0.0,PASS_<20%,0.00,0.0,NO,STANDBY_VEL_LOW,1,1321.86,3268.14,132.45,FALSE,M1_DIRECTION_MISMATCH
2026-09-07 18:36:34.113,1788806194.113,3719,27,65,4406.19,4406.27,8.0,PASS_<=10c,+0.0,FLAT,+0.0,+69.0,4.4,+0.00,0.00,SLOW,4405.50,4406.54,4403.14,4406.23,0.00,0.00,0.0,BEARISH,340.0,4406.19,4406.19,4406.19,4406.19,34,CLEARED_>=20s,1.0,0.0,0.0,0.0,0.0,0.0,0.0,PASS_<20%,0.00,0.0,NO,STANDBY_VEL_LOW,1,1321.86,3268.14,132.45,FALSE,M1_DIRECTION_MISMATCH
2026-09-07 18:36:34.615,1788806194.615,3720,28,66,4406.19,4406.27,8.0,PASS_<=10c,+0.0,FLAT,+0.0,+69.0,4.4,+0.00,0.00,SLOW,4405.50,4406.54,4403.14,4406.23,0.00,0.00,0.0,BEARISH,340.0,4406.19,4406.19,4406.19,4406.19,34,CLEARED_>=20s,1.0,0.0,0.0,0.0,0.0,0.0,0.0,PASS_<20%,0.00,0.0,NO,STANDBY_VEL_LOW,1,1321.86,3268.14,132.45,FALSE,M1_DIRECTION_MISMATCH
2026-09-07 18:36:35.117,1788806195.117,3721,29,67,4406.19,4406.27,8.0,PASS_<=10c,+0.0,FLAT,+0.0,+69.0,4.3,+0.00,0.00,SLOW,4405.50,4406.54,4403.14,4406.23,0.00,0.00,0.0,BEARISH,340.0,4406.19,4406.19,4406.19,4406.19,35,CLEARED_>=20s,1.0,0.0,0.0,0.0,0.0,0.0,0.0,PASS_<20%,0.00,0.0,NO,STANDBY_VEL_LOW,1,1321.86,3268.14,132.45,FALSE,M1_DIRECTION_MISMATCH
2026-09-07 18:36:35.618,1788806195.618,3722,30,68,4406.19,4406.27,8.0,PASS_<=10c,+0.0,FLAT,+0.0,+69.0,4.2,+0.00,0.00,SLOW,4405.50,4406.54,4403.14,4406.23,0.00,0.00,0.0,BEARISH,340.0,4406.19,4406.19,4406.19,4406.19,35,CLEARED_>=20s,1.0,0.0,0.0,0.0,0.0,0.0,0.0,PASS_<20%,0.00,0.0,NO,STANDBY_VEL_LOW,1,1321.86,3268.14,132.45,FALSE,M1_DIRECTION_MISMATCH
2026-09-07 18:36:36.120,1788806196.120,3723,31,69,4406.19,4406.27,8.0,PASS_<=10c,+0.0,FLAT,+0.0,+69.0,4.2,+0.00,0.00,SLOW,4405.50,4406.54,4403.14,4406.23,0.00,0.00,0.0,BEARISH,340.0,4406.19,4406.19,4406.19,4406.19,36,CLEARED_>=20s,1.0,0.0,0.0,0.0,0.0,0.0,0.0,PASS_<20%,0.00,0.0,NO,STANDBY_VEL_LOW,1,1321.86,3268.14,132.45,FALSE,M1_DIRECTION_MISMATCH
2026-09-07 18:36:36.622,1788806196.622,3724,32,70,4406.19,4406.27,8.0,PASS_<=10c,+0.0,FLAT,+0.0,+69.0,4.2,+0.00,0.00,SLOW,4405.50,4406.54,4403.14,4406.23,0.00,0.00,0.0,BEARISH,340.0,4406.19,4406.19,4406.19,4406.19,36,CLEARED_>=20s,1.0,0.0,0.0,0.0,0.0,0.0,0.0,PASS_<20%,0.00,0.0,NO,STANDBY_VEL_LOW,1,1321.86,3268.14,132.45,FALSE,M1_DIRECTION_MISMATCH
2026-09-07 18:36:37.123,1788806197.124,3725,33,71,4406.19,4406.27,8.0,PASS_<=10c,+0.0,FLAT,+0.0,+69.0,4.2,+0.00,0.00,SLOW,4405.50,4406.54,4403.14,4406.23,0.00,0.00,0.0,BEARISH,340.0,4406.19,4406.19,4406.19,4406.19,37,CLEARED_>=20s,1.0,0.0,0.0,0.0,0.0,0.0,0.0,PASS_<20%,0.00,0.0,NO,STANDBY_VEL_LOW,1,1321.86,3268.14,132.45,FALSE,M1_DIRECTION_MISMATCH
2026-09-07 18:36:37.626,1788806197.626,3726,34,72,4406.19,4406.27,8.0,PASS_<=10c,+0.0,FLAT,+0.0,+69.0,4.2,+0.00,0.00,SLOW,4405.50,4406.54,4403.14,4406.23,0.00,0.00,0.0,BEARISH,340.0,4406.19,4406.19,4406.19,4406.19,37,CLEARED_>=20s,1.0,0.0,0.0,0.0,0.0,0.0,0.0,PASS_<20%,0.00,0.0,NO,STANDBY_VEL_LOW,1,1321.86,3268.14,132.45,FALSE,M1_DIRECTION_MISMATCH
2026-09-07 18:36:38.126,1788806198.127,3727,35,73,4406.19,4406.27,8.0,PASS_<=10c,+0.0,FLAT,+0.0,+69.0,4.2,+0.00,0.00,SLOW,4405.50,4406.54,4403.14,4406.23,0.00,0.00,0.0,BEARISH,340.0,4406.19,4406.19,4406.19,4406.19,38,CLEARED_>=20s,1.0,0.0,0.0,0.0,0.0,0.0,0.0,PASS_<20%,0.00,0.0,NO,STANDBY_VEL_LOW,1,1321.86,3268.14,132.45,FALSE,M1_DIRECTION_MISMATCH
2026-09-07 18:36:48.525,1788806208.526,3728,36,74,4406.19,4406.27,8.0,PASS_<=10c,+0.0,FLAT,+0.0,+69.0,1.3,+0.00,0.00,SLOW,4405.50,4406.54,4403.14,4406.23,0.00,0.00,0.0,BEARISH,340.0,4406.19,4406.19,4406.19,4406.19,48,CLEARED_>=20s,1.0,0.0,0.0,0.0,0.0,0.0,0.0,PASS_<20%,0.00,0.0,NO,STANDBY_VEL_LOW,1,1321.86,3268.14,132.45,FALSE,M1_DIRECTION_MISMATCH
2026-09-07 18:36:54.951,1788806214.951,3729,37,75,4406.19,4406.27,8.0,PASS_<=10c,+0.0,FLAT,+0.0,+69.0,1.5,+0.00,0.00,SLOW,4405.50,4406.54,4403.14,4406.23,0.00,0.00,0.0,BEARISH,340.0,4406.19,4406.19,4406.19,4406.19,54,CLEARED_>=20s,1.0,0.0,0.0,0.0,0.0,0.0,0.0,PASS_<20%,0.00,0.0,NO,STANDBY_VEL_LOW,1,1321.86,3268.14,132.45,FALSE,M1_DIRECTION_MISMATCH
2026-09-07 18:36:55.306,1788806215.306,3730,38,76,4406.19,4406.27,8.0,PASS_<=10c,+0.0,FLAT,+0.0,+69.0,2.4,+0.00,0.00,SLOW,4405.50,4406.54,4403.14,4406.23,0.00,0.00,0.0,BEARISH,340.0,4406.19,4406.19,4406.19,4406.19,55,CLEARED_>=20s,1.0,0.0,0.0,0.0,0.0,0.0,0.0,PASS_<20%,0.00,0.0,NO,STANDBY_VEL_LOW,1,1321.86,3268.14,132.45,FALSE,M1_DIRECTION_MISMATCH
2026-09-07 18:36:55.808,1788806215.808,3731,39,77,4406.19,4406.27,8.0,PASS_<=10c,+0.0,FLAT,+0.0,+69.0,2.8,+0.00,0.00,SLOW,4405.50,4406.54,4403.14,4406.23,0.00,0.00,0.0,BEARISH,340.0,4406.19,4406.19,4406.19,4406.19,55,CLEARED_>=20s,1.0,0.0,0.0,0.0,0.0,0.0,0.0,PASS_<20%,0.00,0.0,NO,STANDBY_VEL_LOW,1,1321.86,3268.14,132.45,FALSE,M1_DIRECTION_MISMATCH
2026-09-07 18:36:56.311,1788806216.311,3732,40,78,4406.19,4406.27,8.0,PASS_<=10c,+0.0,FLAT,+0.0,+69.0,3.0,+0.00,0.00,SLOW,4405.50,4406.54,4403.14,4406.23,0.00,0.00,0.0,BEARISH,340.0,4406.19,4406.19,4406.19,4406.19,56,CLEARED_>=20s,1.0,0.0,0.0,0.0,0.0,0.0,0.0,PASS_<20%,0.00,0.0,NO,STANDBY_VEL_LOW,1,1321.86,3268.14,132.45,FALSE,M1_DIRECTION_MISMATCH
2026-09-07 18:36:56.813,1788806216.813,3733,41,79,4406.19,4406.27,8.0,PASS_<=10c,+0.0,FLAT,+0.0,+69.0,3.2,+0.00,0.00,SLOW,4405.50,4406.54,4403.14,4406.23,0.00,0.00,0.0,BEARISH,340.0,4406.19,4406.19,4406.19,4406.19,56,CLEARED_>=20s,1.0,0.0,0.0,0.0,0.0,0.0,0.0,PASS_<20%,0.00,0.0,NO,STANDBY_VEL_LOW,1,1321.86,3268.14,132.45,FALSE,M1_DIRECTION_MISMATCH
2026-09-07 18:36:57.340,1788806217.340,3734,42,80,4406.19,4406.27,8.0,PASS_<=10c,+0.0,FLAT,+0.0,+69.0,3.3,+0.00,0.00,SLOW,4405.50,4406.54,4403.14,4406.23,0.00,0.00,0.0,BEARISH,340.0,4406.19,4406.19,4406.19,4406.19,57,CLEARED_>=20s,1.0,0.0,0.0,0.0,0.0,0.0,0.0,PASS_<20%,0.00,0.0,NO,STANDBY_VEL_LOW,1,1321.86,3268.14,132.45,FALSE,M1_DIRECTION_MISMATCH
2026-09-07 18:36:57.840,1788806217.840,3735,43,81,4406.19,4406.27,8.0,PASS_<=10c,+0.0,FLAT,+0.0,+69.0,3.3,+0.00,0.00,SLOW,4405.50,4406.54,4403.14,4406.23,0.00,0.00,0.0,BEARISH,340.0,4406.19,4406.19,4406.19,4406.19,57,CLEARED_>=20s,1.0,0.0,0.0,0.0,0.0,0.0,0.0,PASS_<20%,0.00,0.0,NO,STANDBY_VEL_LOW,1,1321.86,3268.14,132.45,FALSE,M1_DIRECTION_MISMATCH
2026-09-07 18:36:58.341,1788806218.341,3736,44,82,4406.19,4406.27,8.0,PASS_<=10c,+0.0,FLAT,+0.0,+69.0,3.4,+0.00,0.00,SLOW,4405.50,4406.54,4403.14,4406.23,0.00,0.00,0.0,BEARISH,340.0,4406.19,4406.19,4406.19,4406.19,58,CLEARED_>=20s,1.0,0.0,0.0,0.0,0.0,0.0,0.0,PASS_<20%,0.00,0.0,NO,STANDBY_VEL_LOW,1,1321.86,3268.14,132.45,FALSE,M1_DIRECTION_MISMATCH
2026-09-07 18:36:58.843,1788806218.843,3737,45,83,4406.19,4406.27,8.0,PASS_<=10c,+0.0,FLAT,+0.0,+69.0,4.4,+0.00,0.00,SLOW,4405.50,4406.54,4403.14,4406.23,0.00,0.00,0.0,BEARISH,340.0,4406.19,4406.19,4406.19,4406.19,58,CLEARED_>=20s,1.0,0.0,0.0,0.0,0.0,0.0,0.0,PASS_<20%,0.00,0.0,NO,STANDBY_VEL_LOW,1,1321.86,3268.14,132.45,FALSE,M1_DIRECTION_MISMATCH
2026-09-07 18:36:59.344,1788806219.345,3738,46,84,4406.19,4406.27,8.0,PASS_<=10c,+0.0,FLAT,+0.0,+69.0,4.3,+0.00,0.00,SLOW,4405.50,4406.54,4403.14,4406.23,0.00,0.00,0.0,BEARISH,340.0,4406.19,4406.19,4406.19,4406.19,59,CLEARED_>=20s,1.0,0.0,0.0,0.0,0.0,0.0,0.0,PASS_<20%,0.00,0.0,NO,STANDBY_VEL_LOW,1,1321.86,3268.14,132.45,FALSE,M1_DIRECTION_MISMATCH
2026-09-07 18:36:59.847,1788806219.847,3739,47,85,4406.19,4406.27,8.0,PASS_<=10c,+0.0,FLAT,+0.0,+69.0,4.3,+0.00,0.00,SLOW,4405.50,4406.54,4403.14,4406.23,0.00,0.00,0.0,BEARISH,340.0,4406.19,4406.19,4406.19,4406.19,59,CLEARED_>=20s,1.0,0.0,0.0,0.0,0.0,0.0,0.0,PASS_<20%,0.00,0.0,NO,STANDBY_VEL_LOW,1,1321.86,3268.14,132.45,FALSE,M1_DIRECTION_MISMATCH
2026-09-07 18:37:00.348,1788806220.348,3740,1,86,4406.19,4406.27,8.0,PASS_<=10c,+0.0,FLAT,+0.0,+69.0,4.2,+0.00,0.00,SLOW,4405.50,4406.54,4403.14,4406.23,0.00,0.00,0.0,BEARISH,340.0,4406.19,4406.19,4406.19,4406.19,0,ACTIVE_0s,1.0,0.0,0.0,0.0,0.0,0.0,0.0,PASS_<20%,0.00,0.0,NO,STANDBY_VEL_LOW,1,1321.86,3268.14,132.45,FALSE,M1_DIRECTION_MISMATCH|OPENING_SHIELD_ACTIVE_0s
2026-09-07 18:37:00.849,1788806220.850,3741,2,87,4406.19,4406.27,8.0,PASS_<=10c,+0.0,FLAT,+0.0,+69.0,4.2,+0.00,0.00,SLOW,4405.50,4406.54,4403.14,4406.23,0.00,0.00,0.0,BEARISH,340.0,4406.19,4406.19,4406.19,4406.19,0,ACTIVE_0s,1.0,0.0,0.0,0.0,0.0,0.0,0.0,PASS_<20%,0.00,0.0,NO,STANDBY_VEL_LOW,1,1321.86,3268.14,132.45,FALSE,M1_DIRECTION_MISMATCH|OPENING_SHIELD_ACTIVE_0s
2026-09-07 18:37:01.352,1788806221.353,3742,3,88,4406.19,4406.27,8.0,PASS_<=10c,+0.0,FLAT,+0.0,+69.0,4.2,+0.00,0.00,SLOW,4405.50,4406.54,4403.14,4406.23,0.00,0.00,0.0,BEARISH,340.0,4406.19,4406.19,4406.19,4406.19,1,ACTIVE_1s,1.0,0.0,0.0,0.0,0.0,0.0,0.0,PASS_<20%,0.00,0.0,NO,STANDBY_VEL_LOW,1,1321.86,3268.14,132.45,FALSE,M1_DIRECTION_MISMATCH|OPENING_SHIELD_ACTIVE_1s
2026-09-07 18:37:01.852,1788806221.853,3743,4,89,4406.19,4406.27,8.0,PASS_<=10c,+0.0,FLAT,+0.0,+69.0,4.2,+0.00,0.00,SLOW,4405.50,4406.54,4403.14,4406.23,0.00,0.00,0.0,BEARISH,340.0,4406.19,4406.19,4406.19,4406.19,1,ACTIVE_1s,1.0,0.0,0.0,0.0,0.0,0.0,0.0,PASS_<20%,0.00,0.0,NO,STANDBY_VEL_LOW,1,1321.86,3268.14,132.45,FALSE,M1_DIRECTION_MISMATCH|OPENING_SHIELD_ACTIVE_1s
2026-09-07 18:37:02.354,1788806222.354,3744,5,90,4406.19,4406.27,8.0,PASS_<=10c,+0.0,FLAT,+0.0,+69.0,4.2,+0.00,0.00,SLOW,4405.50,4406.54,4403.14,4406.23,0.00,0.00,0.0,BEARISH,340.0,4406.19,4406.19,4406.19,4406.19,2,ACTIVE_2s,1.0,0.0,0.0,0.0,0.0,0.0,0.0,PASS_<20%,0.00,0.0,NO,STANDBY_VEL_LOW,1,1321.86,3268.14,132.45,FALSE,M1_DIRECTION_MISMATCH|OPENING_SHIELD_ACTIVE_2s
2026-09-07 18:37:02.856,1788806222.856,3745,6,91,4406.19,4406.27,8.0,PASS_<=10c,+0.0,FLAT,+0.0,+69.0,4.2,+0.00,0.00,SLOW,4405.50,4406.54,4403.14,4406.23,0.00,0.00,0.0,BEARISH,340.0,4406.19,4406.19,4406.19,4406.19,2,ACTIVE_2s,1.0,0.0,0.0,0.0,0.0,0.0,0.0,PASS_<20%,0.00,0.0,NO,STANDBY_VEL_LOW,1,1321.86,3268.14,132.45,FALSE,M1_DIRECTION_MISMATCH|OPENING_SHIELD_ACTIVE_2s
2026-09-07 18:37:13.229,1788806233.229,3746,7,92,4406.19,4406.27,8.0,PASS_<=10c,+0.0,FLAT,+0.0,+69.0,1.3,+0.00,0.00,SLOW,4405.50,4406.54,4403.14,4406.23,0.00,0.00,0.0,BEARISH,340.0,4406.19,4406.19,4406.19,4406.19,13,ACTIVE_13s,1.0,0.0,0.0,0.0,0.0,0.0,0.0,PASS_<20%,0.00,0.0,NO,STANDBY_VEL_LOW,1,1321.86,3268.14,132.45,FALSE,M1_DIRECTION_MISMATCH|OPENING_SHIELD_ACTIVE_13s
2026-09-07 18:37:19.851,1788806239.851,3747,8,93,4406.19,4406.27,8.0,PASS_<=10c,+0.0,FLAT,+0.0,+69.0,1.3,+0.00,0.00,SLOW,4405.50,4406.54,4403.14,4406.23,0.00,0.00,0.0,BEARISH,340.0,4406.19,4406.19,4406.19,4406.19,19,ACTIVE_19s,1.0,0.0,0.0,0.0,0.0,0.0,0.0,PASS_<20%,0.00,0.0,NO,STANDBY_VEL_LOW,1,1321.86,3268.14,132.45,FALSE,M1_DIRECTION_MISMATCH|OPENING_SHIELD_ACTIVE_19s
2026-09-07 18:37:20.206,1788806240.207,3748,9,94,4406.19,4406.27,8.0,PASS_<=10c,+0.0,FLAT,+0.0,+69.0,2.2,+0.00,0.00,SLOW,4405.50,4406.54,4403.14,4406.23,0.00,0.00,0.0,BEARISH,340.0,4406.19,4406.19,4406.19,4406.19,20,CLEARED_>=20s,1.0,0.0,0.0,0.0,0.0,0.0,0.0,PASS_<20%,0.00,0.0,NO,STANDBY_VEL_LOW,1,1321.86,3268.14,132.45,FALSE,M1_DIRECTION_MISMATCH
2026-09-07 18:37:20.707,1788806240.707,3749,10,95,4406.19,4406.27,8.0,PASS_<=10c,+0.0,FLAT,+0.0,+69.0,2.5,+0.00,0.00,SLOW,4405.50,4406.54,4403.14,4406.23,0.00,0.00,0.0,BEARISH,340.0,4406.19,4406.19,4406.19,4406.19,20,CLEARED_>=20s,1.0,0.0,0.0,0.0,0.0,0.0,0.0,PASS_<20%,0.00,0.0,NO,STANDBY_VEL_LOW,1,1321.86,3268.14,132.45,FALSE,M1_DIRECTION_MISMATCH
2026-09-07 18:37:21.214,1788806241.214,3750,11,96,4406.19,4406.27,8.0,PASS_<=10c,+0.0,FLAT,+0.0,+69.0,2.8,+0.00,0.00,SLOW,4405.50,4406.54,4403.14,4406.23,0.00,0.00,0.0,BEARISH,340.0,4406.19,4406.19,4406.19,4406.19,21,CLEARED_>=20s,1.0,0.0,0.0,0.0,0.0,0.0,0.0,PASS_<20%,0.00,0.0,NO,STANDBY_VEL_LOW,1,1321.86,3268.14,132.45,FALSE,M1_DIRECTION_MISMATCH
2026-09-07 18:37:21.709,1788806241.710,3751,12,97,4406.19,4406.27,8.0,PASS_<=10c,+0.0,FLAT,+0.0,+69.0,3.0,+0.00,0.00,SLOW,4405.50,4406.54,4403.14,4406.23,0.00,0.00,0.0,BEARISH,340.0,4406.19,4406.19,4406.19,4406.19,21,CLEARED_>=20s,1.0,0.0,0.0,0.0,0.0,0.0,0.0,PASS_<20%,0.00,0.0,NO,STANDBY_VEL_LOW,1,1321.86,3268.14,132.45,FALSE,M1_DIRECTION_MISMATCH
2026-09-07 18:37:22.212,1788806242.212,3752,13,98,4406.19,4406.27,8.0,PASS_<=10c,+0.0,FLAT,+0.0,+69.0,3.1,+0.00,0.00,SLOW,4405.50,4406.54,4403.14,4406.23,0.00,0.00,0.0,BEARISH,340.0,4406.19,4406.19,4406.19,4406.19,22,CLEARED_>=20s,1.0,0.0,0.0,0.0,0.0,0.0,0.0,PASS_<20%,0.00,0.0,NO,STANDBY_VEL_LOW,1,1321.86,3268.14,132.45,FALSE,M1_DIRECTION_MISMATCH
2026-09-07 18:37:22.714,1788806242.714,3753,14,99,4406.19,4406.27,8.0,PASS_<=10c,+0.0,FLAT,+0.0,+69.0,3.2,+0.00,0.00,SLOW,4405.50,4406.54,4403.14,4406.23,0.00,0.00,0.0,BEARISH,340.0,4406.19,4406.19,4406.19,4406.19,22,CLEARED_>=20s,1.0,0.0,0.0,0.0,0.0,0.0,0.0,PASS_<20%,0.00,0.0,NO,STANDBY_VEL_LOW,1,1321.86,3268.14,132.45,FALSE,M1_DIRECTION_MISMATCH
2026-09-07 18:37:23.215,1788806243.216,3754,15,100,4406.19,4406.27,8.0,PASS_<=10c,+0.0,FLAT,+0.0,+69.0,3.3,+0.00,0.00,SLOW,4405.50,4406.54,4403.14,4406.23,0.00,0.00,0.0,BEARISH,340.0,4406.19,4406.19,4406.19,4406.19,23,CLEARED_>=20s,1.0,0.0,0.0,0.0,0.0,0.0,0.0,PASS_<20%,0.00,0.0,NO,STANDBY_VEL_LOW,1,1321.86,3268.14,132.45,FALSE,M1_DIRECTION_MISMATCH
2026-09-07 18:37:23.717,1788806243.718,3755,16,101,4406.19,4406.27,8.0,PASS_<=10c,+0.0,FLAT,+0.0,+69.0,4.4,+0.00,0.00,SLOW,4405.50,4406.54,4403.14,4406.23,0.00,0.00,0.0,BEARISH,340.0,4406.19,4406.19,4406.19,4406.19,23,CLEARED_>=20s,1.0,0.0,0.0,0.0,0.0,0.0,0.0,PASS_<20%,0.00,0.0,NO,STANDBY_VEL_LOW,1,1321.86,3268.14,132.45,FALSE,M1_DIRECTION_MISMATCH
2026-09-07 18:37:24.219,1788806244.219,3756,17,102,4406.19,4406.27,8.0,PASS_<=10c,+0.0,FLAT,+0.0,+69.0,4.3,+0.00,0.00,SLOW,4405.50,4406.54,4403.14,4406.23,0.00,0.00,0.0,BEARISH,340.0,4406.19,4406.19,4406.19,4406.19,24,CLEARED_>=20s,1.0,0.0,0.0,0.0,0.0,0.0,0.0,PASS_<20%,0.00,0.0,NO,STANDBY_VEL_LOW,1,1321.86,3268.14,132.45,FALSE,M1_DIRECTION_MISMATCH
2026-09-07 18:37:24.720,1788806244.720,3757,18,103,4406.19,4406.27,8.0,PASS_<=10c,+0.0,FLAT,+0.0,+69.0,4.3,+0.00,0.00,SLOW,4405.50,4406.54,4403.14,4406.23,0.00,0.00,0.0,BEARISH,340.0,4406.19,4406.19,4406.19,4406.19,24,CLEARED_>=20s,1.0,0.0,0.0,0.0,0.0,0.0,0.0,PASS_<20%,0.00,0.0,NO,STANDBY_VEL_LOW,1,1321.86,3268.14,132.45,FALSE,M1_DIRECTION_MISMATCH
2026-09-07 18:37:25.222,1788806245.222,3758,19,104,4406.19,4406.27,8.0,PASS_<=10c,+0.0,FLAT,+0.0,+69.0,4.2,+0.00,0.00,SLOW,4405.50,4406.54,4403.14,4406.23,0.00,0.00,0.0,BEARISH,340.0,4406.19,4406.19,4406.19,4406.19,25,CLEARED_>=20s,1.0,0.0,0.0,0.0,0.0,0.0,0.0,PASS_<20%,0.00,0.0,NO,STANDBY_VEL_LOW,1,1321.86,3268.14,132.45,FALSE,M1_DIRECTION_MISMATCH
2026-09-07 18:37:25.723,1788806245.724,3759,20,105,4406.19,4406.27,8.0,PASS_<=10c,+0.0,FLAT,+0.0,+69.0,4.2,+0.00,0.00,SLOW,4405.50,4406.54,4403.14,4406.23,0.00,0.00,0.0,BEARISH,340.0,4406.19,4406.19,4406.19,4406.19,25,CLEARED_>=20s,1.0,0.0,0.0,0.0,0.0,0.0,0.0,PASS_<20%,0.00,0.0,NO,STANDBY_VEL_LOW,1,1321.86,3268.14,132.45,FALSE,M1_DIRECTION_MISMATCH
2026-09-07 18:37:26.226,1788806246.226,3760,21,106,4406.19,4406.27,8.0,PASS_<=10c,+0.0,FLAT,+0.0,+69.0,4.2,+0.00,0.00,SLOW,4405.50,4406.54,4403.14,4406.23,0.00,0.00,0.0,BEARISH,340.0,4406.19,4406.19,4406.19,4406.19,26,CLEARED_>=20s,1.0,0.0,0.0,0.0,0.0,0.0,0.0,PASS_<20%,0.00,0.0,NO,STANDBY_VEL_LOW,1,1321.86,3268.14,132.45,FALSE,M1_DIRECTION_MISMATCH
2026-09-07 18:37:26.727,1788806246.728,3761,22,107,4406.19,4406.27,8.0,PASS_<=10c,+0.0,FLAT,+0.0,+69.0,4.2,+0.00,0.00,SLOW,4405.50,4406.54,4403.14,4406.23,0.00,0.00,0.0,BEARISH,340.0,4406.19,4406.19,4406.19,4406.19,26,CLEARED_>=20s,1.0,0.0,0.0,0.0,0.0,0.0,0.0,PASS_<20%,0.00,0.0,NO,STANDBY_VEL_LOW,1,1321.86,3268.14,132.45,FALSE,M1_DIRECTION_MISMATCH
2026-09-07 18:37:27.228,1788806247.229,3762,23,108,4406.19,4406.27,8.0,PASS_<=10c,+0.0,FLAT,+0.0,+69.0,4.2,+0.00,0.00,SLOW,4405.50,4406.54,4403.14,4406.23,0.00,0.00,0.0,BEARISH,340.0,4406.19,4406.19,4406.19,4406.19,27,CLEARED_>=20s,1.0,0.0,0.0,0.0,0.0,0.0,0.0,PASS_<20%,0.00,0.0,NO,STANDBY_VEL_LOW,1,1321.86,3268.14,132.45,FALSE,M1_DIRECTION_MISMATCH
2026-09-07 18:37:27.730,1788806247.730,3763,24,109,4406.19,4406.27,8.0,PASS_<=10c,+0.0,FLAT,+0.0,+69.0,4.2,+0.00,0.00,SLOW,4405.50,4406.54,4403.14,4406.23,0.00,0.00,0.0,BEARISH,340.0,4406.19,4406.19,4406.19,4406.19,27,CLEARED_>=20s,1.0,0.0,0.0,0.0,0.0,0.0,0.0,PASS_<20%,0.00,0.0,NO,STANDBY_VEL_LOW,1,1321.86,3268.14,132.45,FALSE,M1_DIRECTION_MISMATCH
2026-09-07 18:37:38.112,1788806258.112,3764,25,110,4406.19,4406.27,8.0,PASS_<=10c,+0.0,FLAT,+0.0,+69.0,1.3,+0.00,0.00,SLOW,4405.50,4406.54,4403.14,4406.23,0.00,0.00,0.0,BEARISH,340.0,4406.19,4406.19,4406.19,4406.19,38,CLEARED_>=20s,1.0,0.0,0.0,0.0,0.0,0.0,0.0,PASS_<20%,0.00,0.0,NO,STANDBY_VEL_LOW,1,1321.86,3268.14,132.45,FALSE,M1_DIRECTION_MISMATCH
2026-09-07 18:37:43.333,1788806263.334,3765,26,111,4406.19,4406.27,8.0,PASS_<=10c,+0.0,FLAT,+0.0,+69.0,2.0,+0.00,0.00,SLOW,4405.50,4406.54,4403.14,4406.23,0.00,0.00,0.0,BEARISH,340.0,4406.19,4406.19,4406.19,4406.19,43,CLEARED_>=20s,1.0,0.0,0.0,0.0,0.0,0.0,0.0,PASS_<20%,0.00,0.0,NO,STANDBY_VEL_LOW,1,1321.86,3268.14,132.45,FALSE,M1_DIRECTION_MISMATCH
2026-09-07 18:37:43.835,1788806263.836,3766,27,112,4406.19,4406.27,8.0,PASS_<=10c,+0.0,FLAT,+0.0,+69.0,4.0,+0.00,0.00,SLOW,4405.50,4406.54,4403.14,4406.23,0.00,0.00,0.0,BEARISH,340.0,4406.19,4406.19,4406.19,4406.19,43,CLEARED_>=20s,1.0,0.0,0.0,0.0,0.0,0.0,0.0,PASS_<20%,0.00,0.0,NO,STANDBY_VEL_LOW,1,1321.86,3268.14,132.45,FALSE,M1_DIRECTION_MISMATCH
2026-09-07 18:37:44.338,1788806264.338,3767,28,113,4406.19,4406.27,8.0,PASS_<=10c,+0.0,FLAT,+0.0,+69.0,5.4,+0.00,0.00,SLOW,4405.50,4406.54,4403.14,4406.23,0.00,0.00,0.0,BEARISH,340.0,4406.19,4406.19,4406.19,4406.19,44,CLEARED_>=20s,1.0,0.0,0.0,0.0,0.0,0.0,0.0,PASS_<20%,0.00,0.0,NO,STANDBY_VEL_LOW,1,1321.86,3268.14,132.45,FALSE,M1_DIRECTION_MISMATCH
2026-09-07 18:37:44.840,1788806264.840,3768,29,114,4406.19,4406.27,8.0,PASS_<=10c,+0.0,FLAT,+0.0,+69.0,5.0,+0.00,0.00,SLOW,4405.50,4406.54,4403.14,4406.23,0.00,0.00,0.0,BEARISH,340.0,4406.19,4406.19,4406.19,4406.19,44,CLEARED_>=20s,1.0,0.0,0.0,0.0,0.0,0.0,0.0,PASS_<20%,0.00,0.0,NO,STANDBY_VEL_LOW,1,1321.86,3268.14,132.45,FALSE,M1_DIRECTION_MISMATCH
2026-09-07 18:37:45.342,1788806265.342,3769,30,115,4406.19,4406.27,8.0,PASS_<=10c,+0.0,FLAT,+0.0,+69.0,4.7,+0.00,0.00,SLOW,4405.50,4406.54,4403.14,4406.23,0.00,0.00,0.0,BEARISH,340.0,4406.19,4406.19,4406.19,4406.19,45,CLEARED_>=20s,1.0,0.0,0.0,0.0,0.0,0.0,0.0,PASS_<20%,0.00,0.0,NO,STANDBY_VEL_LOW,1,1321.86,3268.14,132.45,FALSE,M1_DIRECTION_MISMATCH
2026-09-07 18:37:45.842,1788806265.843,3770,31,116,4406.19,4406.27,8.0,PASS_<=10c,+0.0,FLAT,+0.0,+69.0,4.6,+0.00,0.00,SLOW,4405.50,4406.54,4403.14,4406.23,0.00,0.00,0.0,BEARISH,340.0,4406.19,4406.19,4406.19,4406.19,45,CLEARED_>=20s,1.0,0.0,0.0,0.0,0.0,0.0,0.0,PASS_<20%,0.00,0.0,NO,STANDBY_VEL_LOW,1,1321.86,3268.14,132.45,FALSE,M1_DIRECTION_MISMATCH
2026-09-07 18:37:46.343,1788806266.344,3771,32,117,4406.19,4406.27,8.0,PASS_<=10c,+0.0,FLAT,+0.0,+69.0,4.5,+0.00,0.00,SLOW,4405.50,4406.54,4403.14,4406.23,0.00,0.00,0.0,BEARISH,340.0,4406.19,4406.19,4406.19,4406.19,46,CLEARED_>=20s,1.0,0.0,0.0,0.0,0.0,0.0,0.0,PASS_<20%,0.00,0.0,NO,STANDBY_VEL_LOW,1,1321.86,3268.14,132.45,FALSE,M1_DIRECTION_MISMATCH
2026-09-07 18:37:46.845,1788806266.846,3772,33,118,4406.19,4406.27,8.0,PASS_<=10c,+0.0,FLAT,+0.0,+69.0,4.4,+0.00,0.00,SLOW,4405.50,4406.54,4403.14,4406.23,0.00,0.00,0.0,BEARISH,340.0,4406.19,4406.19,4406.19,4406.19,46,CLEARED_>=20s,1.0,0.0,0.0,0.0,0.0,0.0,0.0,PASS_<20%,0.00,0.0,NO,STANDBY_VEL_LOW,1,1321.86,3268.14,132.45,FALSE,M1_DIRECTION_MISMATCH
2026-09-07 18:37:47.348,1788806267.348,3773,34,119,4406.19,4406.27,8.0,PASS_<=10c,+0.0,FLAT,+0.0,+69.0,4.4,+0.00,0.00,SLOW,4405.50,4406.54,4403.14,4406.23,0.00,0.00,0.0,BEARISH,340.0,4406.19,4406.19,4406.19,4406.19,47,CLEARED_>=20s,1.0,0.0,0.0,0.0,0.0,0.0,0.0,PASS_<20%,0.00,0.0,NO,STANDBY_VEL_LOW,1,1321.86,3268.14,132.45,FALSE,M1_DIRECTION_MISMATCH
2026-09-07 18:37:47.850,1788806267.850,3774,35,120,4406.19,4406.27,8.0,PASS_<=10c,+0.0,FLAT,+0.0,+69.0,4.3,+0.00,0.00,SLOW,4405.50,4406.54,4403.14,4406.23,0.00,0.00,0.0,BEARISH,340.0,4406.19,4406.19,4406.19,4406.19,47,CLEARED_>=20s,1.0,0.0,0.0,0.0,0.0,0.0,0.0,PASS_<20%,0.00,0.0,NO,STANDBY_VEL_LOW,1,1321.86,3268.14,132.45,FALSE,M1_DIRECTION_MISMATCH
2026-09-07 18:37:48.352,1788806268.353,3775,36,121,4406.19,4406.27,8.0,PASS_<=10c,+0.0,FLAT,+0.0,+69.0,4.2,+0.00,0.00,SLOW,4405.50,4406.54,4403.14,4406.23,0.00,0.00,0.0,BEARISH,340.0,4406.19,4406.19,4406.19,4406.19,48,CLEARED_>=20s,1.0,0.0,0.0,0.0,0.0,0.0,0.0,PASS_<20%,0.00,0.0,NO,STANDBY_VEL_LOW,1,1321.86,3268.14,132.45,FALSE,M1_DIRECTION_MISMATCH
2026-09-07 18:37:48.854,1788806268.855,3776,37,122,4406.19,4406.27,8.0,PASS_<=10c,+0.0,FLAT,+0.0,+69.0,4.2,+0.00,0.00,SLOW,4405.50,4406.54,4403.14,4406.23,0.00,0.00,0.0,BEARISH,340.0,4406.19,4406.19,4406.19,4406.19,48,CLEARED_>=20s,1.0,0.0,0.0,0.0,0.0,0.0,0.0,PASS_<20%,0.00,0.0,NO,STANDBY_VEL_LOW,1,1321.86,3268.14,132.45,FALSE,M1_DIRECTION_MISMATCH
2026-09-07 18:37:49.356,1788806269.356,3777,38,123,4406.19,4406.27,8.0,PASS_<=10c,+0.0,FLAT,+0.0,+69.0,4.2,+0.00,0.00,SLOW,4405.50,4406.54,4403.14,4406.23,0.00,0.00,0.0,BEARISH,340.0,4406.19,4406.19,4406.19,4406.19,49,CLEARED_>=20s,1.0,0.0,0.0,0.0,0.0,0.0,0.0,PASS_<20%,0.00,0.0,NO,STANDBY_VEL_LOW,1,1321.86,3268.14,132.45,FALSE,M1_DIRECTION_MISMATCH
2026-09-07 18:37:49.857,1788806269.858,3778,39,124,4406.19,4406.27,8.0,PASS_<=10c,+0.0,FLAT,+0.0,+69.0,4.2,+0.00,0.00,SLOW,4405.50,4406.54,4403.14,4406.23,0.00,0.00,0.0,BEARISH,340.0,4406.19,4406.19,4406.19,4406.19,49,CLEARED_>=20s,1.0,0.0,0.0,0.0,0.0,0.0,0.0,PASS_<20%,0.00,0.0,NO,STANDBY_VEL_LOW,1,1321.86,3268.14,132.45,FALSE,M1_DIRECTION_MISMATCH
2026-09-07 18:37:50.359,1788806270.360,3779,40,125,4406.19,4406.27,8.0,PASS_<=10c,+0.0,FLAT,+0.0,+69.0,4.2,+0.00,0.00,SLOW,4405.50,4406.54,4403.14,4406.23,0.00,0.00,0.0,BEARISH,340.0,4406.19,4406.19,4406.19,4406.19,50,CLEARED_>=20s,1.0,0.0,0.0,0.0,0.0,0.0,0.0,PASS_<20%,0.00,0.0,NO,STANDBY_VEL_LOW,1,1321.86,3268.14,132.45,FALSE,M1_DIRECTION_MISMATCH
2026-09-07 18:37:50.862,1788806270.863,3780,41,126,4406.19,4406.27,8.0,PASS_<=10c,+0.0,FLAT,+0.0,+69.0,4.2,+0.00,0.00,SLOW,4405.50,4406.54,4403.14,4406.23,0.00,0.00,0.0,BEARISH,340.0,4406.19,4406.19,4406.19,4406.19,50,CLEARED_>=20s,1.0,0.0,0.0,0.0,0.0,0.0,0.0,PASS_<20%,0.00,0.0,NO,STANDBY_VEL_LOW,1,1321.86,3268.14,132.45,FALSE,M1_DIRECTION_MISMATCH
2026-09-07 18:37:56.374,1788806276.375,3781,42,127,4406.19,4406.27,8.0,PASS_<=10c,+0.0,FLAT,+0.0,+69.0,1.6,+0.00,0.00,SLOW,4405.50,4406.54,4403.14,4406.23,0.00,0.00,0.0,BEARISH,340.0,4406.19,4406.19,4406.19,4406.19,56,CLEARED_>=20s,1.0,0.0,0.0,0.0,0.0,0.0,0.0,PASS_<20%,0.00,0.0,NO,STANDBY_VEL_LOW,1,1321.86,3268.14,132.45,FALSE,M1_DIRECTION_MISMATCH
2026-09-07 18:38:06.614,1788806286.614,3782,1,128,4406.19,4406.27,8.0,PASS_<=10c,+0.0,FLAT,+0.0,+69.0,1.3,+0.00,0.00,SLOW,4405.50,4406.54,4403.14,4406.23,0.00,0.00,0.0,BEARISH,340.0,4406.19,4406.19,4406.19,4406.19,6,ACTIVE_6s,1.0,0.0,0.0,0.0,0.0,0.0,0.0,PASS_<20%,0.00,0.0,NO,STANDBY_VEL_LOW,1,1321.86,3268.14,132.45,FALSE,M1_DIRECTION_MISMATCH|OPENING_SHIELD_ACTIVE_6s
2026-09-07 18:38:08.425,1788806288.426,3783,2,129,4406.19,4406.27,8.0,PASS_<=10c,+0.0,FLAT,+0.0,+69.0,1.7,+0.00,0.00,SLOW,4405.50,4406.54,4403.14,4406.23,0.00,0.00,0.0,BEARISH,340.0,4406.19,4406.19,4406.19,4406.19,8,ACTIVE_8s,1.0,0.0,0.0,0.0,0.0,0.0,0.0,PASS_<20%,0.00,0.0,NO,STANDBY_VEL_LOW,1,1321.86,3268.14,132.45,FALSE,M1_DIRECTION_MISMATCH|OPENING_SHIELD_ACTIVE_8s
2026-09-07 18:38:08.927,1788806288.928,3784,3,130,4406.19,4406.27,8.0,PASS_<=10c,+0.0,FLAT,+0.0,+69.0,2.2,+0.00,0.00,SLOW,4405.50,4406.54,4403.14,4406.23,0.00,0.00,0.0,BEARISH,340.0,4406.19,4406.19,4406.19,4406.19,8,ACTIVE_8s,1.0,0.0,0.0,0.0,0.0,0.0,0.0,PASS_<20%,0.00,0.0,NO,STANDBY_VEL_LOW,1,1321.86,3268.14,132.45,FALSE,M1_DIRECTION_MISMATCH|OPENING_SHIELD_ACTIVE_8s
2026-09-07 18:38:09.429,1788806289.429,3785,4,131,4406.19,4406.27,8.0,PASS_<=10c,+0.0,FLAT,+0.0,+69.0,2.5,+0.00,0.00,SLOW,4405.50,4406.54,4403.14,4406.23,0.00,0.00,0.0,BEARISH,340.0,4406.19,4406.19,4406.19,4406.19,9,ACTIVE_9s,1.0,0.0,0.0,0.0,0.0,0.0,0.0,PASS_<20%,0.00,0.0,NO,STANDBY_VEL_LOW,1,1321.86,3268.14,132.45,FALSE,M1_DIRECTION_MISMATCH|OPENING_SHIELD_ACTIVE_9s
2026-09-07 18:38:09.930,1788806289.930,3786,5,132,4406.19,4406.27,8.0,PASS_<=10c,+0.0,FLAT,+0.0,+69.0,2.7,+0.00,0.00,SLOW,4405.50,4406.54,4403.14,4406.23,0.00,0.00,0.0,BEARISH,340.0,4406.19,4406.19,4406.19,4406.19,9,ACTIVE_9s,1.0,0.0,0.0,0.0,0.0,0.0,0.0,PASS_<20%,0.00,0.0,NO,STANDBY_VEL_LOW,1,1321.86,3268.14,132.45,FALSE,M1_DIRECTION_MISMATCH|OPENING_SHIELD_ACTIVE_9s
2026-09-07 18:38:10.431,1788806290.431,3787,6,133,4406.19,4406.27,8.0,PASS_<=10c,+0.0,FLAT,+0.0,+69.0,2.9,+0.00,0.00,SLOW,4405.50,4406.54,4403.14,4406.23,0.00,0.00,0.0,BEARISH,340.0,4406.19,4406.19,4406.19,4406.19,10,ACTIVE_10s,1.0,0.0,0.0,0.0,0.0,0.0,0.0,PASS_<20%,0.00,0.0,NO,STANDBY_VEL_LOW,1,1321.86,3268.14,132.45,FALSE,M1_DIRECTION_MISMATCH|OPENING_SHIELD_ACTIVE_10s
2026-09-07 18:38:10.932,1788806290.933,3788,7,134,4406.19,4406.27,8.0,PASS_<=10c,+0.0,FLAT,+0.0,+69.0,3.0,+0.00,0.00,SLOW,4405.50,4406.54,4403.14,4406.23,0.00,0.00,0.0,BEARISH,340.0,4406.19,4406.19,4406.19,4406.19,10,ACTIVE_10s,1.0,0.0,0.0,0.0,0.0,0.0,0.0,PASS_<20%,0.00,0.0,NO,STANDBY_VEL_LOW,1,1321.86,3268.14,132.45,FALSE,M1_DIRECTION_MISMATCH|OPENING_SHIELD_ACTIVE_10s
2026-09-07 18:38:11.434,1788806291.434,3789,8,135,4406.19,4406.27,8.0,PASS_<=10c,+0.0,FLAT,+0.0,+69.0,3.1,+0.00,0.00,SLOW,4405.50,4406.54,4403.14,4406.23,0.00,0.00,0.0,BEARISH,340.0,4406.19,4406.19,4406.19,4406.19,11,ACTIVE_11s,1.0,0.0,0.0,0.0,0.0,0.0,0.0,PASS_<20%,0.00,0.0,NO,STANDBY_VEL_LOW,1,1321.86,3268.14,132.45,FALSE,M1_DIRECTION_MISMATCH|OPENING_SHIELD_ACTIVE_11s
2026-09-07 18:38:11.935,1788806291.936,3790,9,136,4406.19,4406.27,8.0,PASS_<=10c,+0.0,FLAT,+0.0,+69.0,4.4,+0.00,0.00,SLOW,4405.50,4406.54,4403.14,4406.23,0.00,0.00,0.0,BEARISH,340.0,4406.19,4406.19,4406.19,4406.19,11,ACTIVE_11s,1.0,0.0,0.0,0.0,0.0,0.0,0.0,PASS_<20%,0.00,0.0,NO,STANDBY_VEL_LOW,1,1321.86,3268.14,132.45,FALSE,M1_DIRECTION_MISMATCH|OPENING_SHIELD_ACTIVE_11s
2026-09-07 18:38:12.436,1788806292.437,3791,10,137,4406.19,4406.27,8.0,PASS_<=10c,+0.0,FLAT,+0.0,+69.0,4.4,+0.00,0.00,SLOW,4405.50,4406.54,4403.14,4406.23,0.00,0.00,0.0,BEARISH,340.0,4406.19,4406.19,4406.19,4406.19,12,ACTIVE_12s,1.0,0.0,0.0,0.0,0.0,0.0,0.0,PASS_<20%,0.00,0.0,NO,STANDBY_VEL_LOW,1,1321.86,3268.14,132.45,FALSE,M1_DIRECTION_MISMATCH|OPENING_SHIELD_ACTIVE_12s
2026-09-07 18:38:12.938,1788806292.938,3792,11,138,4406.19,4406.27,8.0,PASS_<=10c,+0.0,FLAT,+0.0,+69.0,4.3,+0.00,0.00,SLOW,4405.50,4406.54,4403.14,4406.23,0.00,0.00,0.0,BEARISH,340.0,4406.19,4406.19,4406.19,4406.19,12,ACTIVE_12s,1.0,0.0,0.0,0.0,0.0,0.0,0.0,PASS_<20%,0.00,0.0,NO,STANDBY_VEL_LOW,1,1321.86,3268.14,132.45,FALSE,M1_DIRECTION_MISMATCH|OPENING_SHIELD_ACTIVE_12s
2026-09-07 18:38:13.440,1788806293.441,3793,12,139,4406.19,4406.27,8.0,PASS_<=10c,+0.0,FLAT,+0.0,+69.0,4.2,+0.00,0.00,SLOW,4405.50,4406.54,4403.14,4406.23,0.00,0.00,0.0,BEARISH,340.0,4406.19,4406.19,4406.19,4406.19,13,ACTIVE_13s,1.0,0.0,0.0,0.0,0.0,0.0,0.0,PASS_<20%,0.00,0.0,NO,STANDBY_VEL_LOW,1,1321.86,3268.14,132.45,FALSE,M1_DIRECTION_MISMATCH|OPENING_SHIELD_ACTIVE_13s
2026-09-07 18:38:13.940,1788806293.941,3794,13,140,4406.19,4406.27,8.0,PASS_<=10c,+0.0,FLAT,+0.0,+69.0,4.2,+0.00,0.00,SLOW,4405.50,4406.54,4403.14,4406.23,0.00,0.00,0.0,BEARISH,340.0,4406.19,4406.19,4406.19,4406.19,13,ACTIVE_13s,1.0,0.0,0.0,0.0,0.0,0.0,0.0,PASS_<20%,0.00,0.0,NO,STANDBY_VEL_LOW,1,1321.86,3268.14,132.45,FALSE,M1_DIRECTION_MISMATCH|OPENING_SHIELD_ACTIVE_13s
2026-09-07 18:38:14.442,1788806294.442,3795,14,141,4406.19,4406.27,8.0,PASS_<=10c,+0.0,FLAT,+0.0,+69.0,4.2,+0.00,0.00,SLOW,4405.50,4406.54,4403.14,4406.23,0.00,0.00,0.0,BEARISH,340.0,4406.19,4406.19,4406.19,4406.19,14,ACTIVE_14s,1.0,0.0,0.0,0.0,0.0,0.0,0.0,PASS_<20%,0.00,0.0,NO,STANDBY_VEL_LOW,1,1321.86,3268.14,132.45,FALSE,M1_DIRECTION_MISMATCH|OPENING_SHIELD_ACTIVE_14s
2026-09-07 18:38:14.944,1788806294.944,3796,15,142,4406.19,4406.27,8.0,PASS_<=10c,+0.0,FLAT,+0.0,+69.0,4.2,+0.00,0.00,SLOW,4405.50,4406.54,4403.14,4406.23,0.00,0.00,0.0,BEARISH,340.0,4406.19,4406.19,4406.19,4406.19,14,ACTIVE_14s,1.0,0.0,0.0,0.0,0.0,0.0,0.0,PASS_<20%,0.00,0.0,NO,STANDBY_VEL_LOW,1,1321.86,3268.14,132.45,FALSE,M1_DIRECTION_MISMATCH|OPENING_SHIELD_ACTIVE_14s
2026-09-07 18:38:15.446,1788806295.447,3797,16,143,4406.19,4406.27,8.0,PASS_<=10c,+0.0,FLAT,+0.0,+69.0,4.2,+0.00,0.00,SLOW,4405.50,4406.54,4403.14,4406.23,0.00,0.00,0.0,BEARISH,340.0,4406.19,4406.19,4406.19,4406.19,15,ACTIVE_15s,1.0,0.0,0.0,0.0,0.0,0.0,0.0,PASS_<20%,0.00,0.0,NO,STANDBY_VEL_LOW,1,1321.86,3268.14,132.45,FALSE,M1_DIRECTION_MISMATCH|OPENING_SHIELD_ACTIVE_15s
2026-09-07 18:38:15.947,1788806295.948,3798,17,144,4406.19,4406.27,8.0,PASS_<=10c,+0.0,FLAT,+0.0,+69.0,4.2,+0.00,0.00,SLOW,4405.50,4406.54,4403.14,4406.23,0.00,0.00,0.0,BEARISH,340.0,4406.19,4406.19,4406.19,4406.19,15,ACTIVE_15s,1.0,0.0,0.0,0.0,0.0,0.0,0.0,PASS_<20%,0.00,0.0,NO,STANDBY_VEL_LOW,1,1321.86,3268.14,132.45,FALSE,M1_DIRECTION_MISMATCH|OPENING_SHIELD_ACTIVE_15s
2026-09-07 18:38:16.449,1788806296.450,3799,18,145,4406.19,4406.27,8.0,PASS_<=10c,+0.0,FLAT,+0.0,+69.0,4.2,+0.00,0.00,SLOW,4405.50,4406.54,4403.14,4406.23,0.00,0.00,0.0,BEARISH,340.0,4406.19,4406.19,4406.19,4406.19,16,ACTIVE_16s,1.0,0.0,0.0,0.0,0.0,0.0,0.0,PASS_<20%,0.00,0.0,NO,STANDBY_VEL_LOW,1,1321.86,3268.14,132.45,FALSE,M1_DIRECTION_MISMATCH|OPENING_SHIELD_ACTIVE_16s
2026-09-07 18:38:26.830,1788806306.831,3800,19,146,4406.19,4406.27,8.0,PASS_<=10c,+0.0,FLAT,+0.0,+69.0,1.3,+0.00,0.00,SLOW,4405.50,4406.54,4403.14,4406.23,0.00,0.00,0.0,BEARISH,340.0,4406.19,4406.19,4406.19,4406.19,26,CLEARED_>=20s,1.0,0.0,0.0,0.0,0.0,0.0,0.0,PASS_<20%,0.00,0.0,NO,STANDBY_VEL_LOW,1,1321.86,3268.14,132.45,FALSE,M1_DIRECTION_MISMATCH
2026-09-07 18:38:33.251,1788806313.251,3801,20,147,4406.19,4406.27,8.0,PASS_<=10c,+0.0,FLAT,+0.0,+69.0,1.5,+0.00,0.00,SLOW,4405.50,4406.54,4403.14,4406.23,0.00,0.00,0.0,BEARISH,340.0,4406.19,4406.19,4406.19,4406.19,33,CLEARED_>=20s,1.0,0.0,0.0,0.0,0.0,0.0,0.0,PASS_<20%,0.00,0.0,NO,STANDBY_VEL_LOW,1,1321.86,3268.14,132.45,FALSE,M1_DIRECTION_MISMATCH
2026-09-07 18:38:33.604,1788806313.605,3802,21,148,4406.19,4406.27,8.0,PASS_<=10c,+0.0,FLAT,+0.0,+69.0,2.4,+0.00,0.00,SLOW,4405.50,4406.54,4403.14,4406.23,0.00,0.00,0.0,BEARISH,340.0,4406.19,4406.19,4406.19,4406.19,33,CLEARED_>=20s,1.0,0.0,0.0,0.0,0.0,0.0,0.0,PASS_<20%,0.00,0.0,NO,STANDBY_VEL_LOW,1,1321.86,3268.14,132.45,FALSE,M1_DIRECTION_MISMATCH
2026-09-07 18:38:34.106,1788806314.107,3803,22,149,4406.19,4406.27,8.0,PASS_<=10c,+0.0,FLAT,+0.0,+69.0,2.8,+0.00,0.00,SLOW,4405.50,4406.54,4403.14,4406.23,0.00,0.00,0.0,BEARISH,340.0,4406.19,4406.19,4406.19,4406.19,34,CLEARED_>=20s,1.0,0.0,0.0,0.0,0.0,0.0,0.0,PASS_<20%,0.00,0.0,NO,STANDBY_VEL_LOW,1,1321.86,3268.14,132.45,FALSE,M1_DIRECTION_MISMATCH
2026-09-07 18:38:34.608,1788806314.609,3804,23,150,4406.19,4406.27,8.0,PASS_<=10c,+0.0,FLAT,+0.0,+69.0,3.0,+0.00,0.00,SLOW,4405.50,4406.54,4403.14,4406.23,0.00,0.00,0.0,BEARISH,340.0,4406.19,4406.19,4406.19,4406.19,34,CLEARED_>=20s,1.0,0.0,0.0,0.0,0.0,0.0,0.0,PASS_<20%,0.00,0.0,NO,STANDBY_VEL_LOW,1,1321.86,3268.14,132.45,FALSE,M1_DIRECTION_MISMATCH
2026-09-07 18:38:35.110,1788806315.111,3805,24,151,4406.19,4406.27,8.0,PASS_<=10c,+0.0,FLAT,+0.0,+69.0,3.2,+0.00,0.00,SLOW,4405.50,4406.54,4403.14,4406.23,0.00,0.00,0.0,BEARISH,340.0,4406.19,4406.19,4406.19,4406.19,35,CLEARED_>=20s,1.0,0.0,0.0,0.0,0.0,0.0,0.0,PASS_<20%,0.00,0.0,NO,STANDBY_VEL_LOW,1,1321.86,3268.14,132.45,FALSE,M1_DIRECTION_MISMATCH
2026-09-07 18:38:35.612,1788806315.613,3806,25,152,4406.19,4406.27,8.0,PASS_<=10c,+0.0,FLAT,+0.0,+69.0,3.3,+0.00,0.00,SLOW,4405.50,4406.54,4403.14,4406.23,0.00,0.00,0.0,BEARISH,340.0,4406.19,4406.19,4406.19,4406.19,35,CLEARED_>=20s,1.0,0.0,0.0,0.0,0.0,0.0,0.0,PASS_<20%,0.00,0.0,NO,STANDBY_VEL_LOW,1,1321.86,3268.14,132.45,FALSE,M1_DIRECTION_MISMATCH
2026-09-07 18:38:36.115,1788806316.116,3807,26,153,4406.19,4406.27,8.0,PASS_<=10c,+0.0,FLAT,+0.0,+69.0,3.4,+0.00,0.00,SLOW,4405.50,4406.54,4403.14,4406.23,0.00,0.00,0.0,BEARISH,340.0,4406.19,4406.19,4406.19,4406.19,36,CLEARED_>=20s,1.0,0.0,0.0,0.0,0.0,0.0,0.0,PASS_<20%,0.00,0.0,NO,STANDBY_VEL_LOW,1,1321.86,3268.14,132.45,FALSE,M1_DIRECTION_MISMATCH
2026-09-07 18:38:36.616,1788806316.617,3808,27,154,4406.19,4406.27,8.0,PASS_<=10c,+0.0,FLAT,+0.0,+69.0,3.4,+0.00,0.00,SLOW,4405.50,4406.54,4403.14,4406.23,0.00,0.00,0.0,BEARISH,340.0,4406.19,4406.19,4406.19,4406.19,36,CLEARED_>=20s,1.0,0.0,0.0,0.0,0.0,0.0,0.0,PASS_<20%,0.00,0.0,NO,STANDBY_VEL_LOW,1,1321.86,3268.14,132.45,FALSE,M1_DIRECTION_MISMATCH
2026-09-07 18:38:37.119,1788806317.119,3809,28,155,4406.19,4406.27,8.0,PASS_<=10c,+0.0,FLAT,+0.0,+69.0,4.4,+0.00,0.00,SLOW,4405.50,4406.54,4403.14,4406.23,0.00,0.00,0.0,BEARISH,340.0,4406.19,4406.19,4406.19,4406.19,37,CLEARED_>=20s,1.0,0.0,0.0,0.0,0.0,0.0,0.0,PASS_<20%,0.00,0.0,NO,STANDBY_VEL_LOW,1,1321.86,3268.14,132.45,FALSE,M1_DIRECTION_MISMATCH
2026-09-07 18:38:37.620,1788806317.620,3810,29,156,4406.19,4406.27,8.0,PASS_<=10c,+0.0,FLAT,+0.0,+69.0,4.3,+0.00,0.00,SLOW,4405.50,4406.54,4403.14,4406.23,0.00,0.00,0.0,BEARISH,340.0,4406.19,4406.19,4406.19,4406.19,37,CLEARED_>=20s,1.0,0.0,0.0,0.0,0.0,0.0,0.0,PASS_<20%,0.00,0.0,NO,STANDBY_VEL_LOW,1,1321.86,3268.14,132.45,FALSE,M1_DIRECTION_MISMATCH
2026-09-07 18:38:38.122,1788806318.122,3811,30,157,4406.19,4406.27,8.0,PASS_<=10c,+0.0,FLAT,+0.0,+69.0,4.3,+0.00,0.00,SLOW,4405.50,4406.54,4403.14,4406.23,0.00,0.00,0.0,BEARISH,340.0,4406.19,4406.19,4406.19,4406.19,38,CLEARED_>=20s,1.0,0.0,0.0,0.0,0.0,0.0,0.0,PASS_<20%,0.00,0.0,NO,STANDBY_VEL_LOW,1,1321.86,3268.14,132.45,FALSE,M1_DIRECTION_MISMATCH
2026-09-07 18:38:38.624,1788806318.624,3812,31,158,4406.19,4406.27,8.0,PASS_<=10c,+0.0,FLAT,+0.0,+69.0,4.2,+0.00,0.00,SLOW,4405.50,4406.54,4403.14,4406.23,0.00,0.00,0.0,BEARISH,340.0,4406.19,4406.19,4406.19,4406.19,38,CLEARED_>=20s,1.0,0.0,0.0,0.0,0.0,0.0,0.0,PASS_<20%,0.00,0.0,NO,STANDBY_VEL_LOW,1,1321.86,3268.14,132.45,FALSE,M1_DIRECTION_MISMATCH
2026-09-07 18:38:39.128,1788806319.128,3813,32,159,4406.19,4406.27,8.0,PASS_<=10c,+0.0,FLAT,+0.0,+69.0,4.2,+0.00,0.00,SLOW,4405.50,4406.54,4403.14,4406.23,0.00,0.00,0.0,BEARISH,340.0,4406.19,4406.19,4406.19,4406.19,39,CLEARED_>=20s,1.0,0.0,0.0,0.0,0.0,0.0,0.0,PASS_<20%,0.00,0.0,NO,STANDBY_VEL_LOW,1,1321.86,3268.14,132.45,FALSE,M1_DIRECTION_MISMATCH
2026-09-07 18:38:39.629,1788806319.630,3814,33,160,4406.19,4406.27,8.0,PASS_<=10c,+0.0,FLAT,+0.0,+69.0,4.2,+0.00,0.00,SLOW,4405.50,4406.54,4403.14,4406.23,0.00,0.00,0.0,BEARISH,340.0,4406.19,4406.19,4406.19,4406.19,39,CLEARED_>=20s,1.0,0.0,0.0,0.0,0.0,0.0,0.0,PASS_<20%,0.00,0.0,NO,STANDBY_VEL_LOW,1,1321.86,3268.14,132.45,FALSE,M1_DIRECTION_MISMATCH
2026-09-07 18:38:40.130,1788806320.131,3815,34,161,4406.19,4406.27,8.0,PASS_<=10c,+0.0,FLAT,+0.0,+69.0,4.2,+0.00,0.00,SLOW,4405.50,4406.54,4403.14,4406.23,0.00,0.00,0.0,BEARISH,340.0,4406.19,4406.19,4406.19,4406.19,40,CLEARED_>=20s,1.0,0.0,0.0,0.0,0.0,0.0,0.0,PASS_<20%,0.00,0.0,NO,STANDBY_VEL_LOW,1,1321.86,3268.14,132.45,FALSE,M1_DIRECTION_MISMATCH
2026-09-07 18:38:40.632,1788806320.632,3816,35,162,4406.19,4406.27,8.0,PASS_<=10c,+0.0,FLAT,+0.0,+69.0,4.2,+0.00,0.00,SLOW,4405.50,4406.54,4403.14,4406.23,0.00,0.00,0.0,BEARISH,340.0,4406.19,4406.19,4406.19,4406.19,40,CLEARED_>=20s,1.0,0.0,0.0,0.0,0.0,0.0,0.0,PASS_<20%,0.00,0.0,NO,STANDBY_VEL_LOW,1,1321.86,3268.14,132.45,FALSE,M1_DIRECTION_MISMATCH
2026-09-07 18:38:41.133,1788806321.134,3817,36,163,4406.19,4406.27,8.0,PASS_<=10c,+0.0,FLAT,+0.0,+69.0,4.2,+0.00,0.00,SLOW,4405.50,4406.54,4403.14,4406.23,0.00,0.00,0.0,BEARISH,340.0,4406.19,4406.19,4406.19,4406.19,41,CLEARED_>=20s,1.0,0.0,0.0,0.0,0.0,0.0,0.0,PASS_<20%,0.00,0.0,NO,STANDBY_VEL_LOW,1,1321.86,3268.14,132.45,FALSE,M1_DIRECTION_MISMATCH
2026-09-07 18:38:51.518,1788806331.519,3818,37,164,4406.19,4406.27,8.0,PASS_<=10c,+0.0,FLAT,+0.0,+69.0,1.4,+0.00,0.00,SLOW,4405.50,4406.54,4403.14,4406.23,0.00,0.00,0.0,BEARISH,340.0,4406.19,4406.19,4406.19,4406.19,51,CLEARED_>=20s,1.0,0.0,0.0,0.0,0.0,0.0,0.0,PASS_<20%,0.00,0.0,NO,STANDBY_VEL_LOW,1,1321.86,3268.14,132.45,FALSE,M1_DIRECTION_MISMATCH
2026-09-07 18:38:57.346,1788806337.347,3819,38,165,4406.19,4406.27,8.0,PASS_<=10c,+0.0,FLAT,+0.0,+69.0,2.0,+0.00,0.00,SLOW,4405.50,4406.54,4403.14,4406.23,0.00,0.00,0.0,BEARISH,340.0,4406.19,4406.19,4406.19,4406.19,57,CLEARED_>=20s,1.0,0.0,0.0,0.0,0.0,0.0,0.0,PASS_<20%,0.00,0.0,NO,STANDBY_VEL_LOW,1,1321.86,3268.14,132.45,FALSE,M1_DIRECTION_MISMATCH
2026-09-07 18:38:57.702,1788806337.703,3820,39,166,4406.19,4406.27,8.0,PASS_<=10c,+0.0,FLAT,+0.0,+69.0,3.8,+0.00,0.00,SLOW,4405.50,4406.54,4403.14,4406.23,0.00,0.00,0.0,BEARISH,340.0,4406.19,4406.19,4406.19,4406.19,57,CLEARED_>=20s,1.0,0.0,0.0,0.0,0.0,0.0,0.0,PASS_<20%,0.00,0.0,NO,STANDBY_VEL_LOW,1,1321.86,3268.14,132.45,FALSE,M1_DIRECTION_MISMATCH
2026-09-07 18:38:58.204,1788806338.204,3821,40,167,4406.19,4406.27,8.0,PASS_<=10c,+0.0,FLAT,+0.0,+69.0,3.8,+0.00,0.00,SLOW,4405.50,4406.54,4403.14,4406.23,0.00,0.00,0.0,BEARISH,340.0,4406.19,4406.19,4406.19,4406.19,58,CLEARED_>=20s,1.0,0.0,0.0,0.0,0.0,0.0,0.0,PASS_<20%,0.00,0.0,NO,STANDBY_VEL_LOW,1,1321.86,3268.14,132.45,FALSE,M1_DIRECTION_MISMATCH
2026-09-07 18:38:58.705,1788806338.706,3822,41,168,4406.19,4406.27,8.0,PASS_<=10c,+0.0,FLAT,+0.0,+69.0,3.9,+0.00,0.00,SLOW,4405.50,4406.54,4403.14,4406.23,0.00,0.00,0.0,BEARISH,340.0,4406.19,4406.19,4406.19,4406.19,58,CLEARED_>=20s,1.0,0.0,0.0,0.0,0.0,0.0,0.0,PASS_<20%,0.00,0.0,NO,STANDBY_VEL_LOW,1,1321.86,3268.14,132.45,FALSE,M1_DIRECTION_MISMATCH
2026-09-07 18:38:59.207,1788806339.207,3823,42,169,4406.19,4406.27,8.0,PASS_<=10c,+0.0,FLAT,+0.0,+69.0,3.9,+0.00,0.00,SLOW,4405.50,4406.54,4403.14,4406.23,0.00,0.00,0.0,BEARISH,340.0,4406.19,4406.19,4406.19,4406.19,59,CLEARED_>=20s,1.0,0.0,0.0,0.0,0.0,0.0,0.0,PASS_<20%,0.00,0.0,NO,STANDBY_VEL_LOW,1,1321.86,3268.14,132.45,FALSE,M1_DIRECTION_MISMATCH
2026-09-07 18:38:59.710,1788806339.710,3824,43,170,4406.19,4406.27,8.0,PASS_<=10c,+0.0,FLAT,+0.0,+69.0,3.9,+0.00,0.00,SLOW,4405.50,4406.54,4403.14,4406.23,0.00,0.00,0.0,BEARISH,340.0,4406.19,4406.19,4406.19,4406.19,59,CLEARED_>=20s,1.0,0.0,0.0,0.0,0.0,0.0,0.0,PASS_<20%,0.00,0.0,NO,STANDBY_VEL_LOW,1,1321.86,3268.14,132.45,FALSE,M1_DIRECTION_MISMATCH
2026-09-07 18:39:00.212,1788806340.212,3825,1,171,4406.19,4406.27,8.0,PASS_<=10c,+0.0,FLAT,+0.0,+69.0,3.9,+0.00,0.00,SLOW,4405.50,4406.54,4403.14,4406.23,0.00,0.00,0.0,BEARISH,340.0,4406.19,4406.19,4406.19,4406.19,0,ACTIVE_0s,1.0,0.0,0.0,0.0,0.0,0.0,0.0,PASS_<20%,0.00,0.0,NO,STANDBY_VEL_LOW,1,1321.86,3268.14,132.45,FALSE,M1_DIRECTION_MISMATCH|OPENING_SHIELD_ACTIVE_0s
2026-09-07 18:39:00.713,1788806340.713,3826,2,172,4406.19,4406.27,8.0,PASS_<=10c,+0.0,FLAT,+0.0,+69.0,3.9,+0.00,0.00,SLOW,4405.50,4406.54,4403.14,4406.23,0.00,0.00,0.0,BEARISH,340.0,4406.19,4406.19,4406.19,4406.19,0,ACTIVE_0s,1.0,0.0,0.0,0.0,0.0,0.0,0.0,PASS_<20%,0.00,0.0,NO,STANDBY_VEL_LOW,1,1321.86,3268.14,132.45,FALSE,M1_DIRECTION_MISMATCH|OPENING_SHIELD_ACTIVE_0s
2026-09-07 18:39:01.214,1788806341.214,3827,3,173,4406.19,4406.27,8.0,PASS_<=10c,+0.0,FLAT,+0.0,+69.0,3.9,+0.00,0.00,SLOW,4405.50,4406.54,4403.14,4406.23,0.00,0.00,0.0,BEARISH,340.0,4406.19,4406.19,4406.19,4406.19,1,ACTIVE_1s,1.0,0.0,0.0,0.0,0.0,0.0,0.0,PASS_<20%,0.00,0.0,NO,STANDBY_VEL_LOW,1,1321.86,3268.14,132.45,FALSE,M1_DIRECTION_MISMATCH|OPENING_SHIELD_ACTIVE_1s
2026-09-07 18:39:01.715,1788806341.716,3828,4,174,4406.19,4406.27,8.0,PASS_<=10c,+0.0,FLAT,+0.0,+69.0,4.3,+0.00,0.00,SLOW,4405.50,4406.54,4403.14,4406.23,0.00,0.00,0.0,BEARISH,340.0,4406.19,4406.19,4406.19,4406.19,1,ACTIVE_1s,1.0,0.0,0.0,0.0,0.0,0.0,0.0,PASS_<20%,0.00,0.0,NO,STANDBY_VEL_LOW,1,1321.86,3268.14,132.45,FALSE,M1_DIRECTION_MISMATCH|OPENING_SHIELD_ACTIVE_1s
2026-09-07 18:39:02.216,1788806342.217,3829,5,175,4406.19,4406.27,8.0,PASS_<=10c,+0.0,FLAT,+0.0,+69.0,4.3,+0.00,0.00,SLOW,4405.50,4406.54,4403.14,4406.23,0.00,0.00,0.0,BEARISH,340.0,4406.19,4406.19,4406.19,4406.19,2,ACTIVE_2s,1.0,0.0,0.0,0.0,0.0,0.0,0.0,PASS_<20%,0.00,0.0,NO,STANDBY_VEL_LOW,1,1321.86,3268.14,132.45,FALSE,M1_DIRECTION_MISMATCH|OPENING_SHIELD_ACTIVE_2s
2026-09-07 18:39:02.751,1788806342.752,3830,6,176,4406.19,4406.27,8.0,PASS_<=10c,+0.0,FLAT,+0.0,+69.0,4.2,+0.00,0.00,SLOW,4405.50,4406.54,4403.14,4406.23,0.00,0.00,0.0,BEARISH,340.0,4406.19,4406.19,4406.19,4406.19,2,ACTIVE_2s,1.0,0.0,0.0,0.0,0.0,0.0,0.0,PASS_<20%,0.00,0.0,NO,STANDBY_VEL_LOW,1,1321.86,3268.14,132.45,FALSE,M1_DIRECTION_MISMATCH|OPENING_SHIELD_ACTIVE_2s
2026-09-07 18:39:03.250,1788806343.250,3831,7,177,4406.19,4406.27,8.0,PASS_<=10c,+0.0,FLAT,+0.0,+69.0,4.2,+0.00,0.00,SLOW,4405.50,4406.54,4403.14,4406.23,0.00,0.00,0.0,BEARISH,340.0,4406.19,4406.19,4406.19,4406.19,3,ACTIVE_3s,1.0,0.0,0.0,0.0,0.0,0.0,0.0,PASS_<20%,0.00,0.0,NO,STANDBY_VEL_LOW,1,1321.86,3268.14,132.45,FALSE,M1_DIRECTION_MISMATCH|OPENING_SHIELD_ACTIVE_3s
2026-09-07 18:39:03.751,1788806343.752,3832,8,178,4406.19,4406.27,8.0,PASS_<=10c,+0.0,FLAT,+0.0,+69.0,4.2,+0.00,0.00,SLOW,4405.50,4406.54,4403.14,4406.23,0.00,0.00,0.0,BEARISH,340.0,4406.19,4406.19,4406.19,4406.19,3,ACTIVE_3s,1.0,0.0,0.0,0.0,0.0,0.0,0.0,PASS_<20%,0.00,0.0,NO,STANDBY_VEL_LOW,1,1321.86,3268.14,132.45,FALSE,M1_DIRECTION_MISMATCH|OPENING_SHIELD_ACTIVE_3s
2026-09-07 18:39:04.253,1788806344.254,3833,9,179,4406.19,4406.27,8.0,PASS_<=10c,+0.0,FLAT,+0.0,+69.0,4.2,+0.00,0.00,SLOW,4405.50,4406.54,4403.14,4406.23,0.00,0.00,0.0,BEARISH,340.0,4406.19,4406.19,4406.19,4406.19,4,ACTIVE_4s,1.0,0.0,0.0,0.0,0.0,0.0,0.0,PASS_<20%,0.00,0.0,NO,STANDBY_VEL_LOW,1,1321.86,3268.14,132.45,FALSE,M1_DIRECTION_MISMATCH|OPENING_SHIELD_ACTIVE_4s
2026-09-07 18:39:04.754,1788806344.755,3834,10,180,4406.19,4406.27,8.0,PASS_<=10c,+0.0,FLAT,+0.0,+69.0,4.2,+0.00,0.00,SLOW,4405.50,4406.54,4403.14,4406.23,0.00,0.00,0.0,BEARISH,340.0,4406.19,4406.19,4406.19,4406.19,4,ACTIVE_4s,1.0,0.0,0.0,0.0,0.0,0.0,0.0,PASS_<20%,0.00,0.0,NO,STANDBY_VEL_LOW,1,1321.86,3268.14,132.45,FALSE,M1_DIRECTION_MISMATCH|OPENING_SHIELD_ACTIVE_4s
2026-09-07 18:39:05.256,1788806345.257,3835,11,181,4406.19,4406.27,8.0,PASS_<=10c,+0.0,FLAT,+0.0,+69.0,4.2,+0.00,0.00,SLOW,4405.50,4406.54,4403.14,4406.23,0.00,0.00,0.0,BEARISH,340.0,4406.19,4406.19,4406.19,4406.19,5,ACTIVE_5s,1.0,0.0,0.0,0.0,0.0,0.0,0.0,PASS_<20%,0.00,0.0,NO,STANDBY_VEL_LOW,1,1321.86,3268.14,132.45,FALSE,M1_DIRECTION_MISMATCH|OPENING_SHIELD_ACTIVE_5s
2026-09-07 18:39:15.635,1788806355.636,3836,12,182,4406.19,4406.27,8.0,PASS_<=10c,+0.0,FLAT,+0.0,+69.0,1.3,+0.00,0.00,SLOW,4405.50,4406.54,4403.14,4406.23,0.00,0.00,0.0,BEARISH,340.0,4406.19,4406.19,4406.19,4406.19,15,ACTIVE_15s,1.0,0.0,0.0,0.0,0.0,0.0,0.0,PASS_<20%,0.00,0.0,NO,STANDBY_VEL_LOW,1,1321.86,3268.14,132.45,FALSE,M1_DIRECTION_MISMATCH|OPENING_SHIELD_ACTIVE_15s
2026-09-07 18:39:22.458,1788806362.459,3837,13,183,4406.19,4406.27,8.0,PASS_<=10c,+0.0,FLAT,+0.0,+69.0,1.3,+0.00,0.00,SLOW,4405.50,4406.54,4403.14,4406.23,0.00,0.00,0.0,BEARISH,340.0,4406.19,4406.19,4406.19,4406.19,22,CLEARED_>=20s,1.0,0.0,0.0,0.0,0.0,0.0,0.0,PASS_<20%,0.00,0.0,NO,STANDBY_VEL_LOW,1,1321.86,3268.14,132.45,FALSE,M1_DIRECTION_MISMATCH
2026-09-07 18:39:22.813,1788806362.813,3838,14,184,4406.19,4406.27,8.0,PASS_<=10c,+0.0,FLAT,+0.0,+69.0,1.9,+0.00,0.00,SLOW,4405.50,4406.54,4403.14,4406.23,0.00,0.00,0.0,BEARISH,340.0,4406.19,4406.19,4406.19,4406.19,22,CLEARED_>=20s,1.0,0.0,0.0,0.0,0.0,0.0,0.0,PASS_<20%,0.00,0.0,NO,STANDBY_VEL_LOW,1,1321.86,3268.14,132.45,FALSE,M1_DIRECTION_MISMATCH
2026-09-07 18:39:23.315,1788806363.315,3839,15,185,4406.19,4406.27,8.0,PASS_<=10c,+0.0,FLAT,+0.0,+69.0,2.3,+0.00,0.00,SLOW,4405.50,4406.54,4403.14,4406.23,0.00,0.00,0.0,BEARISH,340.0,4406.19,4406.19,4406.19,4406.19,23,CLEARED_>=20s,1.0,0.0,0.0,0.0,0.0,0.0,0.0,PASS_<20%,0.00,0.0,NO,STANDBY_VEL_LOW,1,1321.86,3268.14,132.45,FALSE,M1_DIRECTION_MISMATCH
2026-09-07 18:39:23.816,1788806363.816,3840,16,186,4406.19,4406.27,8.0,PASS_<=10c,+0.0,FLAT,+0.0,+69.0,2.6,+0.00,0.00,SLOW,4405.50,4406.54,4403.14,4406.23,0.00,0.00,0.0,BEARISH,340.0,4406.19,4406.19,4406.19,4406.19,23,CLEARED_>=20s,1.0,0.0,0.0,0.0,0.0,0.0,0.0,PASS_<20%,0.00,0.0,NO,STANDBY_VEL_LOW,1,1321.86,3268.14,132.45,FALSE,M1_DIRECTION_MISMATCH
2026-09-07 18:39:24.318,1788806364.319,3841,17,187,4406.19,4406.27,8.0,PASS_<=10c,+0.0,FLAT,+0.0,+69.0,2.8,+0.00,0.00,SLOW,4405.50,4406.54,4403.14,4406.23,0.00,0.00,0.0,BEARISH,340.0,4406.19,4406.19,4406.19,4406.19,24,CLEARED_>=20s,1.0,0.0,0.0,0.0,0.0,0.0,0.0,PASS_<20%,0.00,0.0,NO,STANDBY_VEL_LOW,1,1321.86,3268.14,132.45,FALSE,M1_DIRECTION_MISMATCH
2026-09-07 18:39:24.819,1788806364.820,3842,18,188,4406.19,4406.27,8.0,PASS_<=10c,+0.0,FLAT,+0.0,+69.0,3.0,+0.00,0.00,SLOW,4405.50,4406.54,4403.14,4406.23,0.00,0.00,0.0,BEARISH,340.0,4406.19,4406.19,4406.19,4406.19,24,CLEARED_>=20s,1.0,0.0,0.0,0.0,0.0,0.0,0.0,PASS_<20%,0.00,0.0,NO,STANDBY_VEL_LOW,1,1321.86,3268.14,132.45,FALSE,M1_DIRECTION_MISMATCH
2026-09-07 18:39:25.322,1788806365.322,3843,19,189,4406.19,4406.27,8.0,PASS_<=10c,+0.0,FLAT,+0.0,+69.0,3.1,+0.00,0.00,SLOW,4405.50,4406.54,4403.14,4406.23,0.00,0.00,0.0,BEARISH,340.0,4406.19,4406.19,4406.19,4406.19,25,CLEARED_>=20s,1.0,0.0,0.0,0.0,0.0,0.0,0.0,PASS_<20%,0.00,0.0,NO,STANDBY_VEL_LOW,1,1321.86,3268.14,132.45,FALSE,M1_DIRECTION_MISMATCH
2026-09-07 18:39:25.823,1788806365.824,3844,20,190,4406.19,4406.27,8.0,PASS_<=10c,+0.0,FLAT,+0.0,+69.0,4.5,+0.00,0.00,SLOW,4405.50,4406.54,4403.14,4406.23,0.00,0.00,0.0,BEARISH,340.0,4406.19,4406.19,4406.19,4406.19,25,CLEARED_>=20s,1.0,0.0,0.0,0.0,0.0,0.0,0.0,PASS_<20%,0.00,0.0,NO,STANDBY_VEL_LOW,1,1321.86,3268.14,132.45,FALSE,M1_DIRECTION_MISMATCH
2026-09-07 18:39:26.325,1788806366.326,3845,21,191,4406.19,4406.27,8.0,PASS_<=10c,+0.0,FLAT,+0.0,+69.0,4.4,+0.00,0.00,SLOW,4405.50,4406.54,4403.14,4406.23,0.00,0.00,0.0,BEARISH,340.0,4406.19,4406.19,4406.19,4406.19,26,CLEARED_>=20s,1.0,0.0,0.0,0.0,0.0,0.0,0.0,PASS_<20%,0.00,0.0,NO,STANDBY_VEL_LOW,1,1321.86,3268.14,132.45,FALSE,M1_DIRECTION_MISMATCH
2026-09-07 18:39:26.827,1788806366.827,3846,22,192,4406.19,4406.27,8.0,PASS_<=10c,+0.0,FLAT,+0.0,+69.0,4.3,+0.00,0.00,SLOW,4405.50,4406.54,4403.14,4406.23,0.00,0.00,0.0,BEARISH,340.0,4406.19,4406.19,4406.19,4406.19,26,CLEARED_>=20s,1.0,0.0,0.0,0.0,0.0,0.0,0.0,PASS_<20%,0.00,0.0,NO,STANDBY_VEL_LOW,1,1321.86,3268.14,132.45,FALSE,M1_DIRECTION_MISMATCH
2026-09-07 18:39:27.328,1788806367.329,3847,23,193,4406.19,4406.27,8.0,PASS_<=10c,+0.0,FLAT,+0.0,+69.0,4.3,+0.00,0.00,SLOW,4405.50,4406.54,4403.14,4406.23,0.00,0.00,0.0,BEARISH,340.0,4406.19,4406.19,4406.19,4406.19,27,CLEARED_>=20s,1.0,0.0,0.0,0.0,0.0,0.0,0.0,PASS_<20%,0.00,0.0,NO,STANDBY_VEL_LOW,1,1321.86,3268.14,132.45,FALSE,M1_DIRECTION_MISMATCH
2026-09-07 18:39:27.830,1788806367.830,3848,24,194,4406.19,4406.27,8.0,PASS_<=10c,+0.0,FLAT,+0.0,+69.0,4.2,+0.00,0.00,SLOW,4405.50,4406.54,4403.14,4406.23,0.00,0.00,0.0,BEARISH,340.0,4406.19,4406.19,4406.19,4406.19,27,CLEARED_>=20s,1.0,0.0,0.0,0.0,0.0,0.0,0.0,PASS_<20%,0.00,0.0,NO,STANDBY_VEL_LOW,1,1321.86,3268.14,132.45,FALSE,M1_DIRECTION_MISMATCH
2026-09-07 18:39:28.332,1788806368.332,3849,25,195,4406.19,4406.27,8.0,PASS_<=10c,+0.0,FLAT,+0.0,+69.0,4.2,+0.00,0.00,SLOW,4405.50,4406.54,4403.14,4406.23,0.00,0.00,0.0,BEARISH,340.0,4406.19,4406.19,4406.19,4406.19,28,CLEARED_>=20s,1.0,0.0,0.0,0.0,0.0,0.0,0.0,PASS_<20%,0.00,0.0,NO,STANDBY_VEL_LOW,1,1321.86,3268.14,132.45,FALSE,M1_DIRECTION_MISMATCH
2026-09-07 18:39:28.834,1788806368.834,3850,26,196,4406.19,4406.27,8.0,PASS_<=10c,+0.0,FLAT,+0.0,+69.0,4.2,+0.00,0.00,SLOW,4405.50,4406.54,4403.14,4406.23,0.00,0.00,0.0,BEARISH,340.0,4406.19,4406.19,4406.19,4406.19,28,CLEARED_>=20s,1.0,0.0,0.0,0.0,0.0,0.0,0.0,PASS_<20%,0.00,0.0,NO,STANDBY_VEL_LOW,1,1321.86,3268.14,132.45,FALSE,M1_DIRECTION_MISMATCH
2026-09-07 18:39:29.335,1788806369.336,3851,27,197,4406.19,4406.27,8.0,PASS_<=10c,+0.0,FLAT,+0.0,+69.0,4.2,+0.00,0.00,SLOW,4405.50,4406.54,4403.14,4406.23,0.00,0.00,0.0,BEARISH,340.0,4406.19,4406.19,4406.19,4406.19,29,CLEARED_>=20s,1.0,0.0,0.0,0.0,0.0,0.0,0.0,PASS_<20%,0.00,0.0,NO,STANDBY_VEL_LOW,1,1321.86,3268.14,132.45,FALSE,M1_DIRECTION_MISMATCH
2026-09-07 18:39:29.838,1788806369.838,3852,28,198,4406.19,4406.27,8.0,PASS_<=10c,+0.0,FLAT,+0.0,+69.0,4.2,+0.00,0.00,SLOW,4405.50,4406.54,4403.14,4406.23,0.00,0.00,0.0,BEARISH,340.0,4406.19,4406.19,4406.19,4406.19,29,CLEARED_>=20s,1.0,0.0,0.0,0.0,0.0,0.0,0.0,PASS_<20%,0.00,0.0,NO,STANDBY_VEL_LOW,1,1321.86,3268.14,132.45,FALSE,M1_DIRECTION_MISMATCH
2026-09-07 18:39:30.339,1788806370.340,3853,29,199,4406.19,4406.27,8.0,PASS_<=10c,+0.0,FLAT,+0.0,+69.0,4.2,+0.00,0.00,SLOW,4405.50,4406.54,4403.14,4406.23,0.00,0.00,0.0,BEARISH,340.0,4406.19,4406.19,4406.19,4406.19,30,CLEARED_>=20s,1.0,0.0,0.0,0.0,0.0,0.0,0.0,PASS_<20%,0.00,0.0,NO,STANDBY_VEL_LOW,1,1321.86,3268.14,132.45,FALSE,M1_DIRECTION_MISMATCH
2026-09-07 18:39:40.720,1788806380.721,3854,30,200,4406.19,4406.27,8.0,PASS_<=10c,+0.0,FLAT,+0.0,+69.0,1.3,+0.00,0.00,SLOW,4405.50,4406.54,4403.14,4406.23,0.00,0.00,0.0,BEARISH,340.0,4406.19,4406.19,4406.19,4406.19,40,CLEARED_>=20s,1.0,0.0,0.0,0.0,0.0,0.0,0.0,PASS_<20%,0.00,0.0,NO,STANDBY_VEL_LOW,1,1321.86,3268.14,132.45,FALSE,M1_DIRECTION_MISMATCH
2026-09-07 18:39:46.941,1788806386.942,3855,31,201,4406.19,4406.27,8.0,PASS_<=10c,+0.0,FLAT,+0.0,+69.0,1.8,+0.00,0.00,SLOW,4405.50,4406.54,4403.14,4406.23,0.00,0.00,0.0,BEARISH,340.0,4406.19,4406.19,4406.19,4406.19,46,CLEARED_>=20s,1.0,0.0,0.0,0.0,0.0,0.0,0.0,PASS_<20%,0.00,0.0,NO,STANDBY_VEL_LOW,1,1321.86,3268.14,132.45,FALSE,M1_DIRECTION_MISMATCH
2026-09-07 18:39:47.296,1788806387.297,3856,32,202,4406.19,4406.27,8.0,PASS_<=10c,+0.0,FLAT,+0.0,+69.0,2.7,+0.00,0.00,SLOW,4405.50,4406.54,4403.14,4406.23,0.00,0.00,0.0,BEARISH,340.0,4406.19,4406.19,4406.19,4406.19,47,CLEARED_>=20s,1.0,0.0,0.0,0.0,0.0,0.0,0.0,PASS_<20%,0.00,0.0,NO,STANDBY_VEL_LOW,1,1321.86,3268.14,132.45,FALSE,M1_DIRECTION_MISMATCH
2026-09-07 18:39:47.799,1788806387.799,3857,33,203,4406.19,4406.27,8.0,PASS_<=10c,+0.0,FLAT,+0.0,+69.0,3.1,+0.00,0.00,SLOW,4405.50,4406.54,4403.14,4406.23,0.00,0.00,0.0,BEARISH,340.0,4406.19,4406.19,4406.19,4406.19,47,CLEARED_>=20s,1.0,0.0,0.0,0.0,0.0,0.0,0.0,PASS_<20%,0.00,0.0,NO,STANDBY_VEL_LOW,1,1321.86,3268.14,132.45,FALSE,M1_DIRECTION_MISMATCH
2026-09-07 18:39:48.300,1788806388.301,3858,34,204,4406.19,4406.27,8.0,PASS_<=10c,+0.0,FLAT,+0.0,+69.0,3.2,+0.00,0.00,SLOW,4405.50,4406.54,4403.14,4406.23,0.00,0.00,0.0,BEARISH,340.0,4406.19,4406.19,4406.19,4406.19,48,CLEARED_>=20s,1.0,0.0,0.0,0.0,0.0,0.0,0.0,PASS_<20%,0.00,0.0,NO,STANDBY_VEL_LOW,1,1321.86,3268.14,132.45,FALSE,M1_DIRECTION_MISMATCH
2026-09-07 18:39:48.803,1788806388.803,3859,35,205,4406.19,4406.27,8.0,PASS_<=10c,+0.0,FLAT,+0.0,+69.0,3.4,+0.00,0.00,SLOW,4405.50,4406.54,4403.14,4406.23,0.00,0.00,0.0,BEARISH,340.0,4406.19,4406.19,4406.19,4406.19,48,CLEARED_>=20s,1.0,0.0,0.0,0.0,0.0,0.0,0.0,PASS_<20%,0.00,0.0,NO,STANDBY_VEL_LOW,1,1321.86,3268.14,132.45,FALSE,M1_DIRECTION_MISMATCH
2026-09-07 18:39:49.305,1788806389.306,3860,36,206,4406.19,4406.27,8.0,PASS_<=10c,+0.0,FLAT,+0.0,+69.0,3.5,+0.00,0.00,SLOW,4405.50,4406.54,4403.14,4406.23,0.00,0.00,0.0,BEARISH,340.0,4406.19,4406.19,4406.19,4406.19,49,CLEARED_>=20s,1.0,0.0,0.0,0.0,0.0,0.0,0.0,PASS_<20%,0.00,0.0,NO,STANDBY_VEL_LOW,1,1321.86,3268.14,132.45,FALSE,M1_DIRECTION_MISMATCH
2026-09-07 18:39:49.807,1788806389.807,3861,37,207,4406.19,4406.27,8.0,PASS_<=10c,+0.0,FLAT,+0.0,+69.0,3.5,+0.00,0.00,SLOW,4405.50,4406.54,4403.14,4406.23,0.00,0.00,0.0,BEARISH,340.0,4406.19,4406.19,4406.19,4406.19,49,CLEARED_>=20s,1.0,0.0,0.0,0.0,0.0,0.0,0.0,PASS_<20%,0.00,0.0,NO,STANDBY_VEL_LOW,1,1321.86,3268.14,132.45,FALSE,M1_DIRECTION_MISMATCH
2026-09-07 18:39:50.309,1788806390.309,3862,38,208,4406.19,4406.27,8.0,PASS_<=10c,+0.0,FLAT,+0.0,+69.0,3.6,+0.00,0.00,SLOW,4405.50,4406.54,4403.14,4406.23,0.00,0.00,0.0,BEARISH,340.0,4406.19,4406.19,4406.19,4406.19,50,CLEARED_>=20s,1.0,0.0,0.0,0.0,0.0,0.0,0.0,PASS_<20%,0.00,0.0,NO,STANDBY_VEL_LOW,1,1321.86,3268.14,132.45,FALSE,M1_DIRECTION_MISMATCH
2026-09-07 18:39:50.811,1788806390.812,3863,39,209,4406.19,4406.27,8.0,PASS_<=10c,+0.0,FLAT,+0.0,+69.0,3.6,+0.00,0.00,SLOW,4405.50,4406.54,4403.14,4406.23,0.00,0.00,0.0,BEARISH,340.0,4406.19,4406.19,4406.19,4406.19,50,CLEARED_>=20s,1.0,0.0,0.0,0.0,0.0,0.0,0.0,PASS_<20%,0.00,0.0,NO,STANDBY_VEL_LOW,1,1321.86,3268.14,132.45,FALSE,M1_DIRECTION_MISMATCH
2026-09-07 18:39:51.313,1788806391.313,3864,40,210,4406.19,4406.27,8.0,PASS_<=10c,+0.0,FLAT,+0.0,+69.0,4.3,+0.00,0.00,SLOW,4405.50,4406.54,4403.14,4406.23,0.00,0.00,0.0,BEARISH,340.0,4406.19,4406.19,4406.19,4406.19,51,CLEARED_>=20s,1.0,0.0,0.0,0.0,0.0,0.0,0.0,PASS_<20%,0.00,0.0,NO,STANDBY_VEL_LOW,1,1321.86,3268.14,132.45,FALSE,M1_DIRECTION_MISMATCH
2026-09-07 18:39:51.814,1788806391.814,3865,41,211,4406.19,4406.27,8.0,PASS_<=10c,+0.0,FLAT,+0.0,+69.0,4.3,+0.00,0.00,SLOW,4405.50,4406.54,4403.14,4406.23,0.00,0.00,0.0,BEARISH,340.0,4406.19,4406.19,4406.19,4406.19,51,CLEARED_>=20s,1.0,0.0,0.0,0.0,0.0,0.0,0.0,PASS_<20%,0.00,0.0,NO,STANDBY_VEL_LOW,1,1321.86,3268.14,132.45,FALSE,M1_DIRECTION_MISMATCH
2026-09-07 18:39:52.316,1788806392.316,3866,42,212,4406.19,4406.27,8.0,PASS_<=10c,+0.0,FLAT,+0.0,+69.0,4.2,+0.00,0.00,SLOW,4405.50,4406.54,4403.14,4406.23,0.00,0.00,0.0,BEARISH,340.0,4406.19,4406.19,4406.19,4406.19,52,CLEARED_>=20s,1.0,0.0,0.0,0.0,0.0,0.0,0.0,PASS_<20%,0.00,0.0,NO,STANDBY_VEL_LOW,1,1321.86,3268.14,132.45,FALSE,M1_DIRECTION_MISMATCH
2026-09-07 18:39:52.818,1788806392.819,3867,43,213,4406.19,4406.27,8.0,PASS_<=10c,+0.0,FLAT,+0.0,+69.0,4.2,+0.00,0.00,SLOW,4405.50,4406.54,4403.14,4406.23,0.00,0.00,0.0,BEARISH,340.0,4406.19,4406.19,4406.19,4406.19,52,CLEARED_>=20s,1.0,0.0,0.0,0.0,0.0,0.0,0.0,PASS_<20%,0.00,0.0,NO,STANDBY_VEL_LOW,1,1321.86,3268.14,132.45,FALSE,M1_DIRECTION_MISMATCH
2026-09-07 18:39:53.320,1788806393.321,3868,44,214,4406.19,4406.27,8.0,PASS_<=10c,+0.0,FLAT,+0.0,+69.0,4.2,+0.00,0.00,SLOW,4405.50,4406.54,4403.14,4406.23,0.00,0.00,0.0,BEARISH,340.0,4406.19,4406.19,4406.19,4406.19,53,CLEARED_>=20s,1.0,0.0,0.0,0.0,0.0,0.0,0.0,PASS_<20%,0.00,0.0,NO,STANDBY_VEL_LOW,1,1321.86,3268.14,132.45,FALSE,M1_DIRECTION_MISMATCH
2026-09-07 18:39:53.822,1788806393.822,3869,45,215,4406.19,4406.27,8.0,PASS_<=10c,+0.0,FLAT,+0.0,+69.0,4.2,+0.00,0.00,SLOW,4405.50,4406.54,4403.14,4406.23,0.00,0.00,0.0,BEARISH,340.0,4406.19,4406.19,4406.19,4406.19,53,CLEARED_>=20s,1.0,0.0,0.0,0.0,0.0,0.0,0.0,PASS_<20%,0.00,0.0,NO,STANDBY_VEL_LOW,1,1321.86,3268.14,132.45,FALSE,M1_DIRECTION_MISMATCH
2026-09-07 18:39:54.324,1788806394.324,3870,46,216,4406.19,4406.27,8.0,PASS_<=10c,+0.0,FLAT,+0.0,+69.0,4.2,+0.00,0.00,SLOW,4405.50,4406.54,4403.14,4406.23,0.00,0.00,0.0,BEARISH,340.0,4406.19,4406.19,4406.19,4406.19,54,CLEARED_>=20s,1.0,0.0,0.0,0.0,0.0,0.0,0.0,PASS_<20%,0.00,0.0,NO,STANDBY_VEL_LOW,1,1321.86,3268.14,132.45,FALSE,M1_DIRECTION_MISMATCH
2026-09-07 18:39:54.826,1788806394.827,3871,47,217,4406.19,4406.27,8.0,PASS_<=10c,+0.0,FLAT,+0.0,+69.0,4.2,+0.00,0.00,SLOW,4405.50,4406.54,4403.14,4406.23,0.00,0.00,0.0,BEARISH,340.0,4406.19,4406.19,4406.19,4406.19,54,CLEARED_>=20s,1.0,0.0,0.0,0.0,0.0,0.0,0.0,PASS_<20%,0.00,0.0,NO,STANDBY_VEL_LOW,1,1321.86,3268.14,132.45,FALSE,M1_DIRECTION_MISMATCH
2026-09-07 18:40:05.212,1788806405.213,3872,1,1,4406.19,4406.27,8.0,PASS_<=10c,+0.0,FLAT,+0.0,+0.0,1.3,+0.00,0.00,SLOW,4406.19,4406.19,4406.19,4406.19,0.00,0.00,0.0,BEARISH,0.0,4406.19,4406.19,4406.19,4406.19,5,ACTIVE_5s,1.0,0.0,0.0,0.0,0.0,0.0,0.0,PASS_<20%,0.00,0.0,NO,STANDBY_VEL_LOW,1,1321.86,3268.14,132.45,FALSE,M1_DIRECTION_MISMATCH|OPENING_SHIELD_ACTIVE_5s
2026-09-07 18:40:11.636,1788806411.637,3873,2,2,4406.19,4406.27,8.0,PASS_<=10c,+0.0,FLAT,+0.0,+0.0,1.5,+0.00,0.00,SLOW,4406.19,4406.19,4406.19,4406.19,0.00,0.00,0.0,BEARISH,0.0,4406.19,4406.19,4406.19,4406.19,11,ACTIVE_11s,1.0,0.0,0.0,0.0,0.0,0.0,0.0,PASS_<20%,0.00,0.0,NO,STANDBY_VEL_LOW,1,1321.86,3268.14,132.45,FALSE,M1_DIRECTION_MISMATCH|OPENING_SHIELD_ACTIVE_11s
2026-09-07 18:40:11.990,1788806411.991,3874,3,3,4406.19,4406.27,8.0,PASS_<=10c,+0.0,FLAT,+0.0,+0.0,2.4,+0.00,0.00,SLOW,4406.19,4406.19,4406.19,4406.19,0.00,0.00,0.0,BEARISH,0.0,4406.19,4406.19,4406.19,4406.19,11,ACTIVE_11s,1.0,0.0,0.0,0.0,0.0,0.0,0.0,PASS_<20%,0.00,0.0,NO,STANDBY_VEL_LOW,1,1321.86,3268.14,132.45,FALSE,M1_DIRECTION_MISMATCH|OPENING_SHIELD_ACTIVE_11s
2026-09-07 18:40:12.492,1788806412.493,3875,4,4,4406.19,4406.27,8.0,PASS_<=10c,+0.0,FLAT,+0.0,+0.0,2.8,+0.00,0.00,SLOW,4406.19,4406.19,4406.19,4406.19,0.00,0.00,0.0,BEARISH,0.0,4406.19,4406.19,4406.19,4406.19,12,ACTIVE_12s,1.0,0.0,0.0,0.0,0.0,0.0,0.0,PASS_<20%,0.00,0.0,NO,STANDBY_VEL_LOW,1,1321.86,3268.14,132.45,FALSE,M1_DIRECTION_MISMATCH|OPENING_SHIELD_ACTIVE_12s
2026-09-07 18:40:12.994,1788806412.995,3876,5,5,4406.19,4406.27,8.0,PASS_<=10c,+0.0,FLAT,+0.0,+0.0,3.0,+0.00,0.00,SLOW,4406.19,4406.19,4406.19,4406.19,0.00,0.00,0.0,BEARISH,0.0,4406.19,4406.19,4406.19,4406.19,12,ACTIVE_12s,1.0,0.0,0.0,0.0,0.0,0.0,0.0,PASS_<20%,0.00,0.0,NO,STANDBY_VEL_LOW,1,1321.86,3268.14,132.45,FALSE,M1_DIRECTION_MISMATCH|OPENING_SHIELD_ACTIVE_12s
2026-09-07 18:40:13.497,1788806413.497,3877,6,6,4406.19,4406.27,8.0,PASS_<=10c,+0.0,FLAT,+0.0,+0.0,3.2,+0.00,0.00,SLOW,4406.19,4406.19,4406.19,4406.19,0.00,0.00,0.0,BEARISH,0.0,4406.19,4406.19,4406.19,4406.19,13,ACTIVE_13s,1.0,0.0,0.0,0.0,0.0,0.0,0.0,PASS_<20%,0.00,0.0,NO,STANDBY_VEL_LOW,1,1321.86,3268.14,132.45,FALSE,M1_DIRECTION_MISMATCH|OPENING_SHIELD_ACTIVE_13s
2026-09-07 18:40:13.998,1788806413.999,3878,7,7,4406.19,4406.27,8.0,PASS_<=10c,+0.0,FLAT,+0.0,+0.0,3.3,+0.00,0.00,SLOW,4406.19,4406.19,4406.19,4406.19,0.00,0.00,0.0,BEARISH,0.0,4406.19,4406.19,4406.19,4406.19,13,ACTIVE_13s,1.0,0.0,0.0,0.0,0.0,0.0,0.0,PASS_<20%,0.00,0.0,NO,STANDBY_VEL_LOW,1,1321.86,3268.14,132.45,FALSE,M1_DIRECTION_MISMATCH|OPENING_SHIELD_ACTIVE_13s
2026-09-07 18:40:14.500,1788806414.501,3879,8,8,4406.19,4406.27,8.0,PASS_<=10c,+0.0,FLAT,+0.0,+0.0,3.4,+0.00,0.00,SLOW,4406.19,4406.19,4406.19,4406.19,0.00,0.00,0.0,BEARISH,0.0,4406.19,4406.19,4406.19,4406.19,14,ACTIVE_14s,1.0,0.0,0.0,0.0,0.0,0.0,0.0,PASS_<20%,0.00,0.0,NO,STANDBY_VEL_LOW,1,1321.86,3268.14,132.45,FALSE,M1_DIRECTION_MISMATCH|OPENING_SHIELD_ACTIVE_14s
2026-09-07 18:40:15.002,1788806415.003,3880,9,9,4406.19,4406.27,8.0,PASS_<=10c,+0.0,FLAT,+0.0,+0.0,3.4,+0.00,0.00,SLOW,4406.19,4406.19,4406.19,4406.19,0.00,0.00,0.0,BEARISH,0.0,4406.19,4406.19,4406.19,4406.19,15,ACTIVE_15s,1.0,0.0,0.0,0.0,0.0,0.0,0.0,PASS_<20%,0.00,0.0,NO,STANDBY_VEL_LOW,1,1321.86,3268.14,132.45,FALSE,M1_DIRECTION_MISMATCH|OPENING_SHIELD_ACTIVE_15s
2026-09-07 18:40:15.504,1788806415.505,3881,10,10,4406.19,4406.27,8.0,PASS_<=10c,+0.0,FLAT,+0.0,+0.0,4.4,+0.00,0.00,SLOW,4406.19,4406.19,4406.19,4406.19,0.00,0.00,0.0,BEARISH,0.0,4406.19,4406.19,4406.19,4406.19,15,ACTIVE_15s,1.0,0.0,0.0,0.0,0.0,0.0,0.0,PASS_<20%,0.00,0.0,NO,STANDBY_VEL_LOW,1,1321.86,3268.14,132.45,FALSE,M1_DIRECTION_MISMATCH|OPENING_SHIELD_ACTIVE_15s
2026-09-07 18:40:16.005,1788806416.006,3882,11,11,4406.19,4406.27,8.0,PASS_<=10c,+0.0,FLAT,+0.0,+0.0,4.3,+0.00,0.00,SLOW,4406.19,4406.19,4406.19,4406.19,0.00,0.00,0.0,BEARISH,0.0,4406.19,4406.19,4406.19,4406.19,16,ACTIVE_16s,1.0,0.0,0.0,0.0,0.0,0.0,0.0,PASS_<20%,0.00,0.0,NO,STANDBY_VEL_LOW,1,1321.86,3268.14,132.45,FALSE,M1_DIRECTION_MISMATCH|OPENING_SHIELD_ACTIVE_16s
2026-09-07 18:40:16.508,1788806416.508,3883,12,12,4406.19,4406.27,8.0,PASS_<=10c,+0.0,FLAT,+0.0,+0.0,4.3,+0.00,0.00,SLOW,4406.19,4406.19,4406.19,4406.19,0.00,0.00,0.0,BEARISH,0.0,4406.19,4406.19,4406.19,4406.19,16,ACTIVE_16s,1.0,0.0,0.0,0.0,0.0,0.0,0.0,PASS_<20%,0.00,0.0,NO,STANDBY_VEL_LOW,1,1321.86,3268.14,132.45,FALSE,M1_DIRECTION_MISMATCH|OPENING_SHIELD_ACTIVE_16s
2026-09-07 18:40:17.009,1788806417.009,3884,13,13,4406.19,4406.27,8.0,PASS_<=10c,+0.0,FLAT,+0.0,+0.0,4.2,+0.00,0.00,SLOW,4406.19,4406.19,4406.19,4406.19,0.00,0.00,0.0,BEARISH,0.0,4406.19,4406.19,4406.19,4406.19,17,ACTIVE_17s,1.0,0.0,0.0,0.0,0.0,0.0,0.0,PASS_<20%,0.00,0.0,NO,STANDBY_VEL_LOW,1,1321.86,3268.14,132.45,FALSE,M1_DIRECTION_MISMATCH|OPENING_SHIELD_ACTIVE_17s
2026-09-07 18:40:17.511,1788806417.511,3885,14,14,4406.19,4406.27,8.0,PASS_<=10c,+0.0,FLAT,+0.0,+69.0,4.2,+0.00,0.00,SLOW,4405.50,4406.54,4403.14,4406.23,0.00,0.00,0.0,BEARISH,340.0,4406.19,4406.19,4406.19,4406.19,17,ACTIVE_17s,1.0,0.0,0.0,0.0,0.0,0.0,0.0,PASS_<20%,0.00,0.0,NO,STANDBY_VEL_LOW,1,1321.86,3268.14,132.45,FALSE,M1_DIRECTION_MISMATCH|OPENING_SHIELD_ACTIVE_17s
2026-09-07 18:40:18.012,1788806418.012,3886,15,15,4406.19,4406.27,8.0,PASS_<=10c,+0.0,FLAT,+0.0,+69.0,4.2,+0.00,0.00,SLOW,4405.50,4406.54,4403.14,4406.23,0.00,0.00,0.0,BEARISH,340.0,4406.19,4406.19,4406.19,4406.19,18,ACTIVE_18s,1.0,0.0,0.0,0.0,0.0,0.0,0.0,PASS_<20%,0.00,0.0,NO,STANDBY_VEL_LOW,1,1321.86,3268.14,132.45,FALSE,M1_DIRECTION_MISMATCH|OPENING_SHIELD_ACTIVE_18s
2026-09-07 18:40:18.513,1788806418.514,3887,16,16,4406.19,4406.27,8.0,PASS_<=10c,+0.0,FLAT,+0.0,+69.0,4.2,+0.00,0.00,SLOW,4405.50,4406.54,4403.14,4406.23,0.00,0.00,0.0,BEARISH,340.0,4406.19,4406.19,4406.19,4406.19,18,ACTIVE_18s,1.0,0.0,0.0,0.0,0.0,0.0,0.0,PASS_<20%,0.00,0.0,NO,STANDBY_VEL_LOW,1,1321.86,3268.14,132.45,FALSE,M1_DIRECTION_MISMATCH|OPENING_SHIELD_ACTIVE_18s
2026-09-07 18:40:19.015,1788806419.016,3888,17,17,4406.19,4406.27,8.0,PASS_<=10c,+0.0,FLAT,+0.0,+69.0,4.2,+0.00,0.00,SLOW,4405.50,4406.54,4403.14,4406.23,0.00,0.00,0.0,BEARISH,340.0,4406.19,4406.19,4406.19,4406.19,19,ACTIVE_19s,1.0,0.0,0.0,0.0,0.0,0.0,0.0,PASS_<20%,0.00,0.0,NO,STANDBY_VEL_LOW,1,1321.86,3268.14,132.45,FALSE,M1_DIRECTION_MISMATCH|OPENING_SHIELD_ACTIVE_19s
2026-09-07 18:40:19.517,1788806419.517,3889,18,18,4406.19,4406.27,8.0,PASS_<=10c,+0.0,FLAT,+0.0,+69.0,4.2,+0.00,0.00,SLOW,4405.50,4406.54,4403.14,4406.23,0.00,0.00,0.0,BEARISH,340.0,4406.19,4406.19,4406.19,4406.19,19,ACTIVE_19s,1.0,0.0,0.0,0.0,0.0,0.0,0.0,PASS_<20%,0.00,0.0,NO,STANDBY_VEL_LOW,1,1321.86,3268.14,132.45,FALSE,M1_DIRECTION_MISMATCH|OPENING_SHIELD_ACTIVE_19s
2026-09-07 18:40:29.901,1788806429.901,3890,19,19,4406.19,4406.27,8.0,PASS_<=10c,+0.0,FLAT,+0.0,+69.0,1.3,+0.00,0.00,SLOW,4405.50,4406.54,4403.14,4406.23,0.00,0.00,0.0,BEARISH,340.0,4406.19,4406.19,4406.19,4406.19,29,CLEARED_>=20s,1.0,0.0,0.0,0.0,0.0,0.0,0.0,PASS_<20%,0.00,0.0,NO,STANDBY_VEL_LOW,1,1321.86,3268.14,132.45,FALSE,M1_DIRECTION_MISMATCH
2026-09-07 18:40:35.519,1788806435.520,3891,20,20,4406.19,4406.27,8.0,PASS_<=10c,+0.0,FLAT,+0.0,+69.0,2.0,+0.00,0.00,SLOW,4405.50,4406.54,4403.14,4406.23,0.00,0.00,0.0,BEARISH,340.0,4406.19,4406.19,4406.19,4406.19,35,CLEARED_>=20s,1.0,0.0,0.0,0.0,0.0,0.0,0.0,PASS_<20%,0.00,0.0,NO,STANDBY_VEL_LOW,1,1321.86,3268.14,132.45,FALSE,M1_DIRECTION_MISMATCH
2026-09-07 18:40:35.875,1788806435.875,3892,21,21,4406.19,4406.27,8.0,PASS_<=10c,+0.0,FLAT,+0.0,+69.0,4.0,+0.00,0.00,SLOW,4405.50,4406.54,4403.14,4406.23,0.00,0.00,0.0,BEARISH,340.0,4406.19,4406.19,4406.19,4406.19,35,CLEARED_>=20s,1.0,0.0,0.0,0.0,0.0,0.0,0.0,PASS_<20%,0.00,0.0,NO,STANDBY_VEL_LOW,1,1321.86,3268.14,132.45,FALSE,M1_DIRECTION_MISMATCH
2026-09-07 18:40:36.383,1788806436.384,3893,22,22,4406.19,4406.27,8.0,PASS_<=10c,+0.0,FLAT,+0.0,+69.0,4.4,+0.00,0.00,SLOW,4405.50,4406.54,4403.14,4406.23,0.00,0.00,0.0,BEARISH,340.0,4406.19,4406.19,4406.19,4406.19,36,CLEARED_>=20s,1.0,0.0,0.0,0.0,0.0,0.0,0.0,PASS_<20%,0.00,0.0,NO,STANDBY_VEL_LOW,1,1321.86,3268.14,132.45,FALSE,M1_DIRECTION_MISMATCH
2026-09-07 18:40:36.879,1788806436.879,3894,23,23,4406.19,4406.27,8.0,PASS_<=10c,+0.0,FLAT,+0.0,+69.0,4.3,+0.00,0.00,SLOW,4405.50,4406.54,4403.14,4406.23,0.00,0.00,0.0,BEARISH,340.0,4406.19,4406.19,4406.19,4406.19,36,CLEARED_>=20s,1.0,0.0,0.0,0.0,0.0,0.0,0.0,PASS_<20%,0.00,0.0,NO,STANDBY_VEL_LOW,1,1321.86,3268.14,132.45,FALSE,M1_DIRECTION_MISMATCH
2026-09-07 18:40:37.380,1788806437.381,3895,24,24,4406.19,4406.27,8.0,PASS_<=10c,+0.0,FLAT,+0.0,+69.0,4.2,+0.00,0.00,SLOW,4405.50,4406.54,4403.14,4406.23,0.00,0.00,0.0,BEARISH,340.0,4406.19,4406.19,4406.19,4406.19,37,CLEARED_>=20s,1.0,0.0,0.0,0.0,0.0,0.0,0.0,PASS_<20%,0.00,0.0,NO,STANDBY_VEL_LOW,1,1321.86,3268.14,132.45,FALSE,M1_DIRECTION_MISMATCH
2026-09-07 18:40:37.881,1788806437.881,3896,25,25,4406.19,4406.27,8.0,PASS_<=10c,+0.0,FLAT,+0.0,+69.0,4.2,+0.00,0.00,SLOW,4405.50,4406.54,4403.14,4406.23,0.00,0.00,0.0,BEARISH,340.0,4406.19,4406.19,4406.19,4406.19,37,CLEARED_>=20s,1.0,0.0,0.0,0.0,0.0,0.0,0.0,PASS_<20%,0.00,0.0,NO,STANDBY_VEL_LOW,1,1321.86,3268.14,132.45,FALSE,M1_DIRECTION_MISMATCH
2026-09-07 18:40:38.383,1788806438.383,3897,26,26,4406.19,4406.27,8.0,PASS_<=10c,+0.0,FLAT,+0.0,+69.0,4.2,+0.00,0.00,SLOW,4405.50,4406.54,4403.14,4406.23,0.00,0.00,0.0,BEARISH,340.0,4406.19,4406.19,4406.19,4406.19,38,CLEARED_>=20s,1.0,0.0,0.0,0.0,0.0,0.0,0.0,PASS_<20%,0.00,0.0,NO,STANDBY_VEL_LOW,1,1321.86,3268.14,132.45,FALSE,M1_DIRECTION_MISMATCH
2026-09-07 18:40:38.885,1788806438.886,3898,27,27,4406.19,4406.27,8.0,PASS_<=10c,+0.0,FLAT,+0.0,+69.0,4.1,+0.00,0.00,SLOW,4405.50,4406.54,4403.14,4406.23,0.00,0.00,0.0,BEARISH,340.0,4406.19,4406.19,4406.19,4406.19,38,CLEARED_>=20s,1.0,0.0,0.0,0.0,0.0,0.0,0.0,PASS_<20%,0.00,0.0,NO,STANDBY_VEL_LOW,1,1321.86,3268.14,132.45,FALSE,M1_DIRECTION_MISMATCH
2026-09-07 18:40:39.387,1788806439.388,3899,28,28,4406.19,4406.27,8.0,PASS_<=10c,+0.0,FLAT,+0.0,+69.0,4.1,+0.00,0.00,SLOW,4405.50,4406.54,4403.14,4406.23,0.00,0.00,0.0,BEARISH,340.0,4406.19,4406.19,4406.19,4406.19,39,CLEARED_>=20s,1.0,0.0,0.0,0.0,0.0,0.0,0.0,PASS_<20%,0.00,0.0,NO,STANDBY_VEL_LOW,1,1321.86,3268.14,132.45,FALSE,M1_DIRECTION_MISMATCH
2026-09-07 18:40:39.892,1788806439.892,3900,29,29,4406.19,4406.27,8.0,PASS_<=10c,+0.0,FLAT,+0.0,+69.0,4.1,+0.00,0.00,SLOW,4405.50,4406.54,4403.14,4406.23,0.00,0.00,0.0,BEARISH,340.0,4406.19,4406.19,4406.19,4406.19,39,CLEARED_>=20s,1.0,0.0,0.0,0.0,0.0,0.0,0.0,PASS_<20%,0.00,0.0,NO,STANDBY_VEL_LOW,1,1321.86,3268.14,132.45,FALSE,M1_DIRECTION_MISMATCH
2026-09-07 18:40:40.390,1788806440.391,3901,30,30,4406.19,4406.27,8.0,PASS_<=10c,+0.0,FLAT,+0.0,+69.0,4.3,+0.00,0.00,SLOW,4405.50,4406.54,4403.14,4406.23,0.00,0.00,0.0,BEARISH,340.0,4406.19,4406.19,4406.19,4406.19,40,CLEARED_>=20s,1.0,0.0,0.0,0.0,0.0,0.0,0.0,PASS_<20%,0.00,0.0,NO,STANDBY_VEL_LOW,1,1321.86,3268.14,132.45,FALSE,M1_DIRECTION_MISMATCH
2026-09-07 18:40:40.891,1788806440.892,3902,31,31,4406.19,4406.27,8.0,PASS_<=10c,+0.0,FLAT,+0.0,+69.0,4.2,+0.00,0.00,SLOW,4405.50,4406.54,4403.14,4406.23,0.00,0.00,0.0,BEARISH,340.0,4406.19,4406.19,4406.19,4406.19,40,CLEARED_>=20s,1.0,0.0,0.0,0.0,0.0,0.0,0.0,PASS_<20%,0.00,0.0,NO,STANDBY_VEL_LOW,1,1321.86,3268.14,132.45,FALSE,M1_DIRECTION_MISMATCH
2026-09-07 18:40:41.399,1788806441.400,3903,32,32,4406.19,4406.27,8.0,PASS_<=10c,+0.0,FLAT,+0.0,+69.0,4.2,+0.00,0.00,SLOW,4405.50,4406.54,4403.14,4406.23,0.00,0.00,0.0,BEARISH,340.0,4406.19,4406.19,4406.19,4406.19,41,CLEARED_>=20s,1.0,0.0,0.0,0.0,0.0,0.0,0.0,PASS_<20%,0.00,0.0,NO,STANDBY_VEL_LOW,1,1321.86,3268.14,132.45,FALSE,M1_DIRECTION_MISMATCH
2026-09-07 18:40:41.900,1788806441.901,3904,33,33,4406.19,4406.27,8.0,PASS_<=10c,+0.0,FLAT,+0.0,+69.0,4.2,+0.00,0.00,SLOW,4405.50,4406.54,4403.14,4406.23,0.00,0.00,0.0,BEARISH,340.0,4406.19,4406.19,4406.19,4406.19,41,CLEARED_>=20s,1.0,0.0,0.0,0.0,0.0,0.0,0.0,PASS_<20%,0.00,0.0,NO,STANDBY_VEL_LOW,1,1321.86,3268.14,132.45,FALSE,M1_DIRECTION_MISMATCH
2026-09-07 18:40:42.402,1788806442.402,3905,34,34,4406.19,4406.27,8.0,PASS_<=10c,+0.0,FLAT,+0.0,+69.0,4.2,+0.00,0.00,SLOW,4405.50,4406.54,4403.14,4406.23,0.00,0.00,0.0,BEARISH,340.0,4406.19,4406.19,4406.19,4406.19,42,CLEARED_>=20s,1.0,0.0,0.0,0.0,0.0,0.0,0.0,PASS_<20%,0.00,0.0,NO,STANDBY_VEL_LOW,1,1321.86,3268.14,132.45,FALSE,M1_DIRECTION_MISMATCH
2026-09-07 18:40:42.903,1788806442.903,3906,35,35,4406.19,4406.27,8.0,PASS_<=10c,+0.0,FLAT,+0.0,+69.0,4.2,+0.00,0.00,SLOW,4405.50,4406.54,4403.14,4406.23,0.00,0.00,0.0,BEARISH,340.0,4406.19,4406.19,4406.19,4406.19,42,CLEARED_>=20s,1.0,0.0,0.0,0.0,0.0,0.0,0.0,PASS_<20%,0.00,0.0,NO,STANDBY_VEL_LOW,1,1321.86,3268.14,132.45,FALSE,M1_DIRECTION_MISMATCH
2026-09-07 18:40:43.404,1788806443.405,3907,36,36,4406.19,4406.27,8.0,PASS_<=10c,+0.0,FLAT,+0.0,+69.0,4.2,+0.00,0.00,SLOW,4405.50,4406.54,4403.14,4406.23,0.00,0.00,0.0,BEARISH,340.0,4406.19,4406.19,4406.19,4406.19,43,CLEARED_>=20s,1.0,0.0,0.0,0.0,0.0,0.0,0.0,PASS_<20%,0.00,0.0,NO,STANDBY_VEL_LOW,1,1321.86,3268.14,132.45,FALSE,M1_DIRECTION_MISMATCH
2026-09-07 18:40:53.782,1788806453.783,3908,37,37,4406.19,4406.27,8.0,PASS_<=10c,+0.0,FLAT,+0.0,+69.0,1.3,+0.00,0.00,SLOW,4405.50,4406.54,4403.14,4406.23,0.00,0.00,0.0,BEARISH,340.0,4406.19,4406.19,4406.19,4406.19,53,CLEARED_>=20s,1.0,0.0,0.0,0.0,0.0,0.0,0.0,PASS_<20%,0.00,0.0,NO,STANDBY_VEL_LOW,1,1321.86,3268.14,132.45,FALSE,M1_DIRECTION_MISMATCH
2026-09-07 18:41:00.429,1788806460.429,3909,1,38,4406.19,4406.27,8.0,PASS_<=10c,+0.0,FLAT,+0.0,+69.0,1.4,+0.00,0.00,SLOW,4405.50,4406.54,4403.14,4406.23,0.00,0.00,0.0,BEARISH,340.0,4406.19,4406.19,4406.19,4406.19,0,ACTIVE_0s,1.0,0.0,0.0,0.0,0.0,0.0,0.0,PASS_<20%,0.00,0.0,NO,STANDBY_VEL_LOW,1,1321.86,3268.14,132.45,FALSE,M1_DIRECTION_MISMATCH|OPENING_SHIELD_ACTIVE_0s
2026-09-07 18:41:00.784,1788806460.785,3910,2,39,4406.19,4406.27,8.0,PASS_<=10c,+0.0,FLAT,+0.0,+69.0,2.1,+0.00,0.00,SLOW,4405.50,4406.54,4403.14,4406.23,0.00,0.00,0.0,BEARISH,340.0,4406.19,4406.19,4406.19,4406.19,0,ACTIVE_0s,1.0,0.0,0.0,0.0,0.0,0.0,0.0,PASS_<20%,0.00,0.0,NO,STANDBY_VEL_LOW,1,1321.86,3268.14,132.45,FALSE,M1_DIRECTION_MISMATCH|OPENING_SHIELD_ACTIVE_0s
2026-09-07 18:41:01.285,1788806461.286,3911,3,40,4406.19,4406.27,8.0,PASS_<=10c,+0.0,FLAT,+0.0,+69.0,2.5,+0.00,0.00,SLOW,4405.50,4406.54,4403.14,4406.23,0.00,0.00,0.0,BEARISH,340.0,4406.19,4406.19,4406.19,4406.19,1,ACTIVE_1s,1.0,0.0,0.0,0.0,0.0,0.0,0.0,PASS_<20%,0.00,0.0,NO,STANDBY_VEL_LOW,1,1321.86,3268.14,132.45,FALSE,M1_DIRECTION_MISMATCH|OPENING_SHIELD_ACTIVE_1s
2026-09-07 18:41:01.786,1788806461.786,3912,4,41,4406.19,4406.27,8.0,PASS_<=10c,+0.0,FLAT,+0.0,+69.0,2.8,+0.00,0.00,SLOW,4405.50,4406.54,4403.14,4406.23,0.00,0.00,0.0,BEARISH,340.0,4406.19,4406.19,4406.19,4406.19,1,ACTIVE_1s,1.0,0.0,0.0,0.0,0.0,0.0,0.0,PASS_<20%,0.00,0.0,NO,STANDBY_VEL_LOW,1,1321.86,3268.14,132.45,FALSE,M1_DIRECTION_MISMATCH|OPENING_SHIELD_ACTIVE_1s
2026-09-07 18:41:02.287,1788806462.287,3913,5,42,4406.19,4406.27,8.0,PASS_<=10c,+0.0,FLAT,+0.0,+69.0,3.0,+0.00,0.00,SLOW,4405.50,4406.54,4403.14,4406.23,0.00,0.00,0.0,BEARISH,340.0,4406.19,4406.19,4406.19,4406.19,2,ACTIVE_2s,1.0,0.0,0.0,0.0,0.0,0.0,0.0,PASS_<20%,0.00,0.0,NO,STANDBY_VEL_LOW,1,1321.86,3268.14,132.45,FALSE,M1_DIRECTION_MISMATCH|OPENING_SHIELD_ACTIVE_2s
2026-09-07 18:41:02.790,1788806462.791,3914,6,43,4406.19,4406.27,8.0,PASS_<=10c,+0.0,FLAT,+0.0,+69.0,3.1,+0.00,0.00,SLOW,4405.50,4406.54,4403.14,4406.23,0.00,0.00,0.0,BEARISH,340.0,4406.19,4406.19,4406.19,4406.19,2,ACTIVE_2s,1.0,0.0,0.0,0.0,0.0,0.0,0.0,PASS_<20%,0.00,0.0,NO,STANDBY_VEL_LOW,1,1321.86,3268.14,132.45,FALSE,M1_DIRECTION_MISMATCH|OPENING_SHIELD_ACTIVE_2s
2026-09-07 18:41:03.292,1788806463.292,3915,7,44,4406.19,4406.27,8.0,PASS_<=10c,+0.0,FLAT,+0.0,+69.0,3.2,+0.00,0.00,SLOW,4405.50,4406.54,4403.14,4406.23,0.00,0.00,0.0,BEARISH,340.0,4406.19,4406.19,4406.19,4406.19,3,ACTIVE_3s,1.0,0.0,0.0,0.0,0.0,0.0,0.0,PASS_<20%,0.00,0.0,NO,STANDBY_VEL_LOW,1,1321.86,3268.14,132.45,FALSE,M1_DIRECTION_MISMATCH|OPENING_SHIELD_ACTIVE_3s
2026-09-07 18:41:03.794,1788806463.794,3916,8,45,4406.19,4406.27,8.0,PASS_<=10c,+0.0,FLAT,+0.0,+69.0,3.3,+0.00,0.00,SLOW,4405.50,4406.54,4403.14,4406.23,0.00,0.00,0.0,BEARISH,340.0,4406.19,4406.19,4406.19,4406.19,3,ACTIVE_3s,1.0,0.0,0.0,0.0,0.0,0.0,0.0,PASS_<20%,0.00,0.0,NO,STANDBY_VEL_LOW,1,1321.86,3268.14,132.45,FALSE,M1_DIRECTION_MISMATCH|OPENING_SHIELD_ACTIVE_3s
2026-09-07 18:41:04.296,1788806464.296,3917,9,46,4406.19,4406.27,8.0,PASS_<=10c,+0.0,FLAT,+0.0,+69.0,4.4,+0.00,0.00,SLOW,4405.50,4406.54,4403.14,4406.23,0.00,0.00,0.0,BEARISH,340.0,4406.19,4406.19,4406.19,4406.19,4,ACTIVE_4s,1.0,0.0,0.0,0.0,0.0,0.0,0.0,PASS_<20%,0.00,0.0,NO,STANDBY_VEL_LOW,1,1321.86,3268.14,132.45,FALSE,M1_DIRECTION_MISMATCH|OPENING_SHIELD_ACTIVE_4s
2026-09-07 18:41:04.798,1788806464.798,3918,10,47,4406.19,4406.27,8.0,PASS_<=10c,+0.0,FLAT,+0.0,+69.0,4.3,+0.00,0.00,SLOW,4405.50,4406.54,4403.14,4406.23,0.00,0.00,0.0,BEARISH,340.0,4406.19,4406.19,4406.19,4406.19,4,ACTIVE_4s,1.0,0.0,0.0,0.0,0.0,0.0,0.0,PASS_<20%,0.00,0.0,NO,STANDBY_VEL_LOW,1,1321.86,3268.14,132.45,FALSE,M1_DIRECTION_MISMATCH|OPENING_SHIELD_ACTIVE_4s
2026-09-07 18:41:05.299,1788806465.299,3919,11,48,4406.19,4406.27,8.0,PASS_<=10c,+0.0,FLAT,+0.0,+69.0,4.3,+0.00,0.00,SLOW,4405.50,4406.54,4403.14,4406.23,0.00,0.00,0.0,BEARISH,340.0,4406.19,4406.19,4406.19,4406.19,5,ACTIVE_5s,1.0,0.0,0.0,0.0,0.0,0.0,0.0,PASS_<20%,0.00,0.0,NO,STANDBY_VEL_LOW,1,1321.86,3268.14,132.45,FALSE,M1_DIRECTION_MISMATCH|OPENING_SHIELD_ACTIVE_5s
2026-09-07 18:41:05.801,1788806465.801,3920,12,49,4406.19,4406.27,8.0,PASS_<=10c,+0.0,FLAT,+0.0,+69.0,4.2,+0.00,0.00,SLOW,4405.50,4406.54,4403.14,4406.23,0.00,0.00,0.0,BEARISH,340.0,4406.19,4406.19,4406.19,4406.19,5,ACTIVE_5s,1.0,0.0,0.0,0.0,0.0,0.0,0.0,PASS_<20%,0.00,0.0,NO,STANDBY_VEL_LOW,1,1321.86,3268.14,132.45,FALSE,M1_DIRECTION_MISMATCH|OPENING_SHIELD_ACTIVE_5s
2026-09-07 18:41:06.304,1788806466.304,3921,13,50,4406.19,4406.27,8.0,PASS_<=10c,+0.0,FLAT,+0.0,+69.0,4.2,+0.00,0.00,SLOW,4405.50,4406.54,4403.14,4406.23,0.00,0.00,0.0,BEARISH,340.0,4406.19,4406.19,4406.19,4406.19,6,ACTIVE_6s,1.0,0.0,0.0,0.0,0.0,0.0,0.0,PASS_<20%,0.00,0.0,NO,STANDBY_VEL_LOW,1,1321.86,3268.14,132.45,FALSE,M1_DIRECTION_MISMATCH|OPENING_SHIELD_ACTIVE_6s
2026-09-07 18:41:06.805,1788806466.805,3922,14,51,4406.19,4406.27,8.0,PASS_<=10c,+0.0,FLAT,+0.0,+69.0,4.2,+0.00,0.00,SLOW,4405.50,4406.54,4403.14,4406.23,0.00,0.00,0.0,BEARISH,340.0,4406.19,4406.19,4406.19,4406.19,6,ACTIVE_6s,1.0,0.0,0.0,0.0,0.0,0.0,0.0,PASS_<20%,0.00,0.0,NO,STANDBY_VEL_LOW,1,1321.86,3268.14,132.45,FALSE,M1_DIRECTION_MISMATCH|OPENING_SHIELD_ACTIVE_6s
2026-09-07 18:41:07.306,1788806467.306,3923,15,52,4406.19,4406.27,8.0,PASS_<=10c,+0.0,FLAT,+0.0,+69.0,4.2,+0.00,0.00,SLOW,4405.50,4406.54,4403.14,4406.23,0.00,0.00,0.0,BEARISH,340.0,4406.19,4406.19,4406.19,4406.19,7,ACTIVE_7s,1.0,0.0,0.0,0.0,0.0,0.0,0.0,PASS_<20%,0.00,0.0,NO,STANDBY_VEL_LOW,1,1321.86,3268.14,132.45,FALSE,M1_DIRECTION_MISMATCH|OPENING_SHIELD_ACTIVE_7s
2026-09-07 18:41:07.807,1788806467.808,3924,16,53,4406.19,4406.27,8.0,PASS_<=10c,+0.0,FLAT,+0.0,+69.0,4.2,+0.00,0.00,SLOW,4405.50,4406.54,4403.14,4406.23,0.00,0.00,0.0,BEARISH,340.0,4406.19,4406.19,4406.19,4406.19,7,ACTIVE_7s,1.0,0.0,0.0,0.0,0.0,0.0,0.0,PASS_<20%,0.00,0.0,NO,STANDBY_VEL_LOW,1,1321.86,3268.14,132.45,FALSE,M1_DIRECTION_MISMATCH|OPENING_SHIELD_ACTIVE_7s
2026-09-07 18:41:08.309,1788806468.310,3925,17,54,4406.19,4406.27,8.0,PASS_<=10c,+0.0,FLAT,+0.0,+69.0,4.2,+0.00,0.00,SLOW,4405.50,4406.54,4403.14,4406.23,0.00,0.00,0.0,BEARISH,340.0,4406.19,4406.19,4406.19,4406.19,8,ACTIVE_8s,1.0,0.0,0.0,0.0,0.0,0.0,0.0,PASS_<20%,0.00,0.0,NO,STANDBY_VEL_LOW,1,1321.86,3268.14,132.45,FALSE,M1_DIRECTION_MISMATCH|OPENING_SHIELD_ACTIVE_8s
2026-09-07 18:41:18.688,1788806478.688,3926,18,55,4406.19,4406.27,8.0,PASS_<=10c,+0.0,FLAT,+0.0,+69.0,1.3,+0.00,0.00,SLOW,4405.50,4406.54,4403.14,4406.23,0.00,0.00,0.0,BEARISH,340.0,4406.19,4406.19,4406.19,4406.19,18,ACTIVE_18s,1.0,0.0,0.0,0.0,0.0,0.0,0.0,PASS_<20%,0.00,0.0,NO,STANDBY_VEL_LOW,1,1321.86,3268.14,132.45,FALSE,M1_DIRECTION_MISMATCH|OPENING_SHIELD_ACTIVE_18s
2026-09-07 18:41:24.911,1788806484.912,3927,19,56,4406.19,4406.27,8.0,PASS_<=10c,+0.0,FLAT,+0.0,+69.0,1.8,+0.00,0.00,SLOW,4405.50,4406.54,4403.14,4406.23,0.00,0.00,0.0,BEARISH,340.0,4406.19,4406.19,4406.19,4406.19,24,CLEARED_>=20s,1.0,0.0,0.0,0.0,0.0,0.0,0.0,PASS_<20%,0.00,0.0,NO,STANDBY_VEL_LOW,1,1321.86,3268.14,132.45,FALSE,M1_DIRECTION_MISMATCH
2026-09-07 18:41:25.266,1788806485.267,3928,20,57,4406.19,4406.27,8.0,PASS_<=10c,+0.0,FLAT,+0.0,+69.0,2.7,+0.00,0.00,SLOW,4405.50,4406.54,4403.14,4406.23,0.00,0.00,0.0,BEARISH,340.0,4406.19,4406.19,4406.19,4406.19,25,CLEARED_>=20s,1.0,0.0,0.0,0.0,0.0,0.0,0.0,PASS_<20%,0.00,0.0,NO,STANDBY_VEL_LOW,1,1321.86,3268.14,132.45,FALSE,M1_DIRECTION_MISMATCH
2026-09-07 18:41:25.768,1788806485.769,3929,21,58,4406.19,4406.27,8.0,PASS_<=10c,+0.0,FLAT,+0.0,+69.0,3.1,+0.00,0.00,SLOW,4405.50,4406.54,4403.14,4406.23,0.00,0.00,0.0,BEARISH,340.0,4406.19,4406.19,4406.19,4406.19,25,CLEARED_>=20s,1.0,0.0,0.0,0.0,0.0,0.0,0.0,PASS_<20%,0.00,0.0,NO,STANDBY_VEL_LOW,1,1321.86,3268.14,132.45,FALSE,M1_DIRECTION_MISMATCH
2026-09-07 18:41:26.271,1788806486.271,3930,22,59,4406.19,4406.27,8.0,PASS_<=10c,+0.0,FLAT,+0.0,+69.0,3.2,+0.00,0.00,SLOW,4405.50,4406.54,4403.14,4406.23,0.00,0.00,0.0,BEARISH,340.0,4406.19,4406.19,4406.19,4406.19,26,CLEARED_>=20s,1.0,0.0,0.0,0.0,0.0,0.0,0.0,PASS_<20%,0.00,0.0,NO,STANDBY_VEL_LOW,1,1321.86,3268.14,132.45,FALSE,M1_DIRECTION_MISMATCH
2026-09-07 18:41:26.773,1788806486.773,3931,23,60,4406.19,4406.27,8.0,PASS_<=10c,+0.0,FLAT,+0.0,+69.0,3.4,+0.00,0.00,SLOW,4405.50,4406.54,4403.14,4406.23,0.00,0.00,0.0,BEARISH,340.0,4406.19,4406.19,4406.19,4406.19,26,CLEARED_>=20s,1.0,0.0,0.0,0.0,0.0,0.0,0.0,PASS_<20%,0.00,0.0,NO,STANDBY_VEL_LOW,1,1321.86,3268.14,132.45,FALSE,M1_DIRECTION_MISMATCH
2026-09-07 18:41:27.274,1788806487.275,3932,24,61,4406.19,4406.27,8.0,PASS_<=10c,+0.0,FLAT,+0.0,+69.0,3.5,+0.00,0.00,SLOW,4405.50,4406.54,4403.14,4406.23,0.00,0.00,0.0,BEARISH,340.0,4406.19,4406.19,4406.19,4406.19,27,CLEARED_>=20s,1.0,0.0,0.0,0.0,0.0,0.0,0.0,PASS_<20%,0.00,0.0,NO,STANDBY_VEL_LOW,1,1321.86,3268.14,132.45,FALSE,M1_DIRECTION_MISMATCH
2026-09-07 18:41:27.777,1788806487.777,3933,25,62,4406.19,4406.27,8.0,PASS_<=10c,+0.0,FLAT,+0.0,+69.0,3.5,+0.00,0.00,SLOW,4405.50,4406.54,4403.14,4406.23,0.00,0.00,0.0,BEARISH,340.0,4406.19,4406.19,4406.19,4406.19,27,CLEARED_>=20s,1.0,0.0,0.0,0.0,0.0,0.0,0.0,PASS_<20%,0.00,0.0,NO,STANDBY_VEL_LOW,1,1321.86,3268.14,132.45,FALSE,M1_DIRECTION_MISMATCH
2026-09-07 18:41:28.279,1788806488.279,3934,26,63,4406.19,4406.27,8.0,PASS_<=10c,+0.0,FLAT,+0.0,+69.0,3.6,+0.00,0.00,SLOW,4405.50,4406.54,4403.14,4406.23,0.00,0.00,0.0,BEARISH,340.0,4406.19,4406.19,4406.19,4406.19,28,CLEARED_>=20s,1.0,0.0,0.0,0.0,0.0,0.0,0.0,PASS_<20%,0.00,0.0,NO,STANDBY_VEL_LOW,1,1321.86,3268.14,132.45,FALSE,M1_DIRECTION_MISMATCH
2026-09-07 18:41:28.781,1788806488.782,3935,27,64,4406.19,4406.27,8.0,PASS_<=10c,+0.0,FLAT,+0.0,+69.0,3.6,+0.00,0.00,SLOW,4405.50,4406.54,4403.14,4406.23,0.00,0.00,0.0,BEARISH,340.0,4406.19,4406.19,4406.19,4406.19,28,CLEARED_>=20s,1.0,0.0,0.0,0.0,0.0,0.0,0.0,PASS_<20%,0.00,0.0,NO,STANDBY_VEL_LOW,1,1321.86,3268.14,132.45,FALSE,M1_DIRECTION_MISMATCH
2026-09-07 18:41:29.284,1788806489.284,3936,28,65,4406.19,4406.27,8.0,PASS_<=10c,+0.0,FLAT,+0.0,+69.0,4.3,+0.00,0.00,SLOW,4405.50,4406.54,4403.14,4406.23,0.00,0.00,0.0,BEARISH,340.0,4406.19,4406.19,4406.19,4406.19,29,CLEARED_>=20s,1.0,0.0,0.0,0.0,0.0,0.0,0.0,PASS_<20%,0.00,0.0,NO,STANDBY_VEL_LOW,1,1321.86,3268.14,132.45,FALSE,M1_DIRECTION_MISMATCH
2026-09-07 18:41:29.786,1788806489.786,3937,29,66,4406.19,4406.27,8.0,PASS_<=10c,+0.0,FLAT,+0.0,+69.0,4.3,+0.00,0.00,SLOW,4405.50,4406.54,4403.14,4406.23,0.00,0.00,0.0,BEARISH,340.0,4406.19,4406.19,4406.19,4406.19,29,CLEARED_>=20s,1.0,0.0,0.0,0.0,0.0,0.0,0.0,PASS_<20%,0.00,0.0,NO,STANDBY_VEL_LOW,1,1321.86,3268.14,132.45,FALSE,M1_DIRECTION_MISMATCH
2026-09-07 18:41:30.289,1788806490.290,3938,30,67,4406.19,4406.27,8.0,PASS_<=10c,+0.0,FLAT,+0.0,+69.0,4.2,+0.00,0.00,SLOW,4405.50,4406.54,4403.14,4406.23,0.00,0.00,0.0,BEARISH,340.0,4406.19,4406.19,4406.19,4406.19,30,CLEARED_>=20s,1.0,0.0,0.0,0.0,0.0,0.0,0.0,PASS_<20%,0.00,0.0,NO,STANDBY_VEL_LOW,1,1321.86,3268.14,132.45,FALSE,M1_DIRECTION_MISMATCH
2026-09-07 18:41:30.791,1788806490.791,3939,31,68,4406.19,4406.27,8.0,PASS_<=10c,+0.0,FLAT,+0.0,+69.0,4.2,+0.00,0.00,SLOW,4405.50,4406.54,4403.14,4406.23,0.00,0.00,0.0,BEARISH,340.0,4406.19,4406.19,4406.19,4406.19,30,CLEARED_>=20s,1.0,0.0,0.0,0.0,0.0,0.0,0.0,PASS_<20%,0.00,0.0,NO,STANDBY_VEL_LOW,1,1321.86,3268.14,132.45,FALSE,M1_DIRECTION_MISMATCH
2026-09-07 18:41:31.292,1788806491.293,3940,32,69,4406.19,4406.27,8.0,PASS_<=10c,+0.0,FLAT,+0.0,+69.0,4.2,+0.00,0.00,SLOW,4405.50,4406.54,4403.14,4406.23,0.00,0.00,0.0,BEARISH,340.0,4406.19,4406.19,4406.19,4406.19,31,CLEARED_>=20s,1.0,0.0,0.0,0.0,0.0,0.0,0.0,PASS_<20%,0.00,0.0,NO,STANDBY_VEL_LOW,1,1321.86,3268.14,132.45,FALSE,M1_DIRECTION_MISMATCH
2026-09-07 18:41:31.794,1788806491.795,3941,33,70,4406.19,4406.27,8.0,PASS_<=10c,+0.0,FLAT,+0.0,+69.0,4.2,+0.00,0.00,SLOW,4405.50,4406.54,4403.14,4406.23,0.00,0.00,0.0,BEARISH,340.0,4406.19,4406.19,4406.19,4406.19,31,CLEARED_>=20s,1.0,0.0,0.0,0.0,0.0,0.0,0.0,PASS_<20%,0.00,0.0,NO,STANDBY_VEL_LOW,1,1321.86,3268.14,132.45,FALSE,M1_DIRECTION_MISMATCH
2026-09-07 18:41:32.296,1788806492.296,3942,34,71,4406.19,4406.27,8.0,PASS_<=10c,+0.0,FLAT,+0.0,+69.0,4.2,+0.00,0.00,SLOW,4405.50,4406.54,4403.14,4406.23,0.00,0.00,0.0,BEARISH,340.0,4406.19,4406.19,4406.19,4406.19,32,CLEARED_>=20s,1.0,0.0,0.0,0.0,0.0,0.0,0.0,PASS_<20%,0.00,0.0,NO,STANDBY_VEL_LOW,1,1321.86,3268.14,132.45,FALSE,M1_DIRECTION_MISMATCH
2026-09-07 18:41:32.798,1788806492.798,3943,35,72,4406.19,4406.27,8.0,PASS_<=10c,+0.0,FLAT,+0.0,+69.0,4.2,+0.00,0.00,SLOW,4405.50,4406.54,4403.14,4406.23,0.00,0.00,0.0,BEARISH,340.0,4406.19,4406.19,4406.19,4406.19,32,CLEARED_>=20s,1.0,0.0,0.0,0.0,0.0,0.0,0.0,PASS_<20%,0.00,0.0,NO,STANDBY_VEL_LOW,1,1321.86,3268.14,132.45,FALSE,M1_DIRECTION_MISMATCH
2026-09-07 18:41:43.180,1788806503.181,3944,36,73,4406.19,4406.27,8.0,PASS_<=10c,+0.0,FLAT,+0.0,+69.0,1.3,+0.00,0.00,SLOW,4405.50,4406.54,4403.14,4406.23,0.00,0.00,0.0,BEARISH,340.0,4406.19,4406.19,4406.19,4406.19,43,CLEARED_>=20s,1.0,0.0,0.0,0.0,0.0,0.0,0.0,PASS_<20%,0.00,0.0,NO,STANDBY_VEL_LOW,1,1321.86,3268.14,132.45,FALSE,M1_DIRECTION_MISMATCH
2026-09-07 18:41:50.217,1788806510.217,3945,37,74,4406.19,4406.27,8.0,PASS_<=10c,+0.0,FLAT,+0.0,+69.0,1.3,+0.00,0.00,SLOW,4405.50,4406.54,4403.14,4406.23,0.00,0.00,0.0,BEARISH,340.0,4406.19,4406.19,4406.19,4406.19,50,CLEARED_>=20s,1.0,0.0,0.0,0.0,0.0,0.0,0.0,PASS_<20%,0.00,0.0,NO,STANDBY_VEL_LOW,1,1321.86,3268.14,132.45,FALSE,M1_DIRECTION_MISMATCH
2026-09-07 18:41:50.570,1788806510.571,3946,38,75,4406.19,4406.27,8.0,PASS_<=10c,+0.0,FLAT,+0.0,+69.0,1.8,+0.00,0.00,SLOW,4405.50,4406.54,4403.14,4406.23,0.00,0.00,0.0,BEARISH,340.0,4406.19,4406.19,4406.19,4406.19,50,CLEARED_>=20s,1.0,0.0,0.0,0.0,0.0,0.0,0.0,PASS_<20%,0.00,0.0,NO,STANDBY_VEL_LOW,1,1321.86,3268.14,132.45,FALSE,M1_DIRECTION_MISMATCH
2026-09-07 18:41:51.072,1788806511.072,3947,39,76,4406.19,4406.27,8.0,PASS_<=10c,+0.0,FLAT,+0.0,+69.0,2.2,+0.00,0.00,SLOW,4405.50,4406.54,4403.14,4406.23,0.00,0.00,0.0,BEARISH,340.0,4406.19,4406.19,4406.19,4406.19,51,CLEARED_>=20s,1.0,0.0,0.0,0.0,0.0,0.0,0.0,PASS_<20%,0.00,0.0,NO,STANDBY_VEL_LOW,1,1321.86,3268.14,132.45,FALSE,M1_DIRECTION_MISMATCH
2026-09-07 18:41:51.573,1788806511.574,3948,40,77,4406.19,4406.27,8.0,PASS_<=10c,+0.0,FLAT,+0.0,+69.0,2.5,+0.00,0.00,SLOW,4405.50,4406.54,4403.14,4406.23,0.00,0.00,0.0,BEARISH,340.0,4406.19,4406.19,4406.19,4406.19,51,CLEARED_>=20s,1.0,0.0,0.0,0.0,0.0,0.0,0.0,PASS_<20%,0.00,0.0,NO,STANDBY_VEL_LOW,1,1321.86,3268.14,132.45,FALSE,M1_DIRECTION_MISMATCH
2026-09-07 18:41:52.075,1788806512.075,3949,41,78,4406.19,4406.27,8.0,PASS_<=10c,+0.0,FLAT,+0.0,+69.0,2.7,+0.00,0.00,SLOW,4405.50,4406.54,4403.14,4406.23,0.00,0.00,0.0,BEARISH,340.0,4406.19,4406.19,4406.19,4406.19,52,CLEARED_>=20s,1.0,0.0,0.0,0.0,0.0,0.0,0.0,PASS_<20%,0.00,0.0,NO,STANDBY_VEL_LOW,1,1321.86,3268.14,132.45,FALSE,M1_DIRECTION_MISMATCH
2026-09-07 18:41:52.577,1788806512.577,3950,42,79,4406.19,4406.27,8.0,PASS_<=10c,+0.0,FLAT,+0.0,+69.0,2.8,+0.00,0.00,SLOW,4405.50,4406.54,4403.14,4406.23,0.00,0.00,0.0,BEARISH,340.0,4406.19,4406.19,4406.19,4406.19,52,CLEARED_>=20s,1.0,0.0,0.0,0.0,0.0,0.0,0.0,PASS_<20%,0.00,0.0,NO,STANDBY_VEL_LOW,1,1321.86,3268.14,132.45,FALSE,M1_DIRECTION_MISMATCH
2026-09-07 18:41:53.079,1788806513.079,3951,43,80,4406.19,4406.27,8.0,PASS_<=10c,+0.0,FLAT,+0.0,+69.0,2.9,+0.00,0.00,SLOW,4405.50,4406.54,4403.14,4406.23,0.00,0.00,0.0,BEARISH,340.0,4406.19,4406.19,4406.19,4406.19,53,CLEARED_>=20s,1.0,0.0,0.0,0.0,0.0,0.0,0.0,PASS_<20%,0.00,0.0,NO,STANDBY_VEL_LOW,1,1321.86,3268.14,132.45,FALSE,M1_DIRECTION_MISMATCH
2026-09-07 18:41:53.581,1788806513.582,3952,44,81,4406.19,4406.27,8.0,PASS_<=10c,+0.0,FLAT,+0.0,+69.0,4.5,+0.00,0.00,SLOW,4405.50,4406.54,4403.14,4406.23,0.00,0.00,0.0,BEARISH,340.0,4406.19,4406.19,4406.19,4406.19,53,CLEARED_>=20s,1.0,0.0,0.0,0.0,0.0,0.0,0.0,PASS_<20%,0.00,0.0,NO,STANDBY_VEL_LOW,1,1321.86,3268.14,132.45,FALSE,M1_DIRECTION_MISMATCH
2026-09-07 18:41:54.083,1788806514.084,3953,45,82,4406.19,4406.27,8.0,PASS_<=10c,+0.0,FLAT,+0.0,+69.0,4.4,+0.00,0.00,SLOW,4405.50,4406.54,4403.14,4406.23,0.00,0.00,0.0,BEARISH,340.0,4406.19,4406.19,4406.19,4406.19,54,CLEARED_>=20s,1.0,0.0,0.0,0.0,0.0,0.0,0.0,PASS_<20%,0.00,0.0,NO,STANDBY_VEL_LOW,1,1321.86,3268.14,132.45,FALSE,M1_DIRECTION_MISMATCH
2026-09-07 18:41:54.584,1788806514.585,3954,46,83,4406.19,4406.27,8.0,PASS_<=10c,+0.0,FLAT,+0.0,+69.0,4.4,+0.00,0.00,SLOW,4405.50,4406.54,4403.14,4406.23,0.00,0.00,0.0,BEARISH,340.0,4406.19,4406.19,4406.19,4406.19,54,CLEARED_>=20s,1.0,0.0,0.0,0.0,0.0,0.0,0.0,PASS_<20%,0.00,0.0,NO,STANDBY_VEL_LOW,1,1321.86,3268.14,132.45,FALSE,M1_DIRECTION_MISMATCH
2026-09-07 18:41:55.086,1788806515.087,3955,47,84,4406.19,4406.27,8.0,PASS_<=10c,+0.0,FLAT,+0.0,+69.0,4.3,+0.00,0.00,SLOW,4405.50,4406.54,4403.14,4406.23,0.00,0.00,0.0,BEARISH,340.0,4406.19,4406.19,4406.19,4406.19,55,CLEARED_>=20s,1.0,0.0,0.0,0.0,0.0,0.0,0.0,PASS_<20%,0.00,0.0,NO,STANDBY_VEL_LOW,1,1321.86,3268.14,132.45,FALSE,M1_DIRECTION_MISMATCH
2026-09-07 18:41:55.588,1788806515.588,3956,48,85,4406.19,4406.27,8.0,PASS_<=10c,+0.0,FLAT,+0.0,+69.0,4.2,+0.00,0.00,SLOW,4405.50,4406.54,4403.14,4406.23,0.00,0.00,0.0,BEARISH,340.0,4406.19,4406.19,4406.19,4406.19,55,CLEARED_>=20s,1.0,0.0,0.0,0.0,0.0,0.0,0.0,PASS_<20%,0.00,0.0,NO,STANDBY_VEL_LOW,1,1321.86,3268.14,132.45,FALSE,M1_DIRECTION_MISMATCH
2026-09-07 18:41:56.089,1788806516.090,3957,49,86,4406.19,4406.27,8.0,PASS_<=10c,+0.0,FLAT,+0.0,+69.0,4.2,+0.00,0.00,SLOW,4405.50,4406.54,4403.14,4406.23,0.00,0.00,0.0,BEARISH,340.0,4406.19,4406.19,4406.19,4406.19,56,CLEARED_>=20s,1.0,0.0,0.0,0.0,0.0,0.0,0.0,PASS_<20%,0.00,0.0,NO,STANDBY_VEL_LOW,1,1321.86,3268.14,132.45,FALSE,M1_DIRECTION_MISMATCH
2026-09-07 18:41:56.594,1788806516.594,3958,50,87,4406.19,4406.27,8.0,PASS_<=10c,+0.0,FLAT,+0.0,+69.0,4.2,+0.00,0.00,SLOW,4405.50,4406.54,4403.14,4406.23,0.00,0.00,0.0,BEARISH,340.0,4406.19,4406.19,4406.19,4406.19,56,CLEARED_>=20s,1.0,0.0,0.0,0.0,0.0,0.0,0.0,PASS_<20%,0.00,0.0,NO,STANDBY_VEL_LOW,1,1321.86,3268.14,132.45,FALSE,M1_DIRECTION_MISMATCH
2026-09-07 18:41:57.094,1788806517.094,3959,51,88,4406.19,4406.27,8.0,PASS_<=10c,+0.0,FLAT,+0.0,+69.0,4.2,+0.00,0.00,SLOW,4405.50,4406.54,4403.14,4406.23,0.00,0.00,0.0,BEARISH,340.0,4406.19,4406.19,4406.19,4406.19,57,CLEARED_>=20s,1.0,0.0,0.0,0.0,0.0,0.0,0.0,PASS_<20%,0.00,0.0,NO,STANDBY_VEL_LOW,1,1321.86,3268.14,132.45,FALSE,M1_DIRECTION_MISMATCH
2026-09-07 18:41:57.595,1788806517.595,3960,52,89,4406.19,4406.27,8.0,PASS_<=10c,+0.0,FLAT,+0.0,+69.0,4.2,+0.00,0.00,SLOW,4405.50,4406.54,4403.14,4406.23,0.00,0.00,0.0,BEARISH,340.0,4406.19,4406.19,4406.19,4406.19,57,CLEARED_>=20s,1.0,0.0,0.0,0.0,0.0,0.0,0.0,PASS_<20%,0.00,0.0,NO,STANDBY_VEL_LOW,1,1321.86,3268.14,132.45,FALSE,M1_DIRECTION_MISMATCH
2026-09-07 18:41:58.097,1788806518.097,3961,53,90,4406.19,4406.27,8.0,PASS_<=10c,+0.0,FLAT,+0.0,+69.0,4.2,+0.00,0.00,SLOW,4405.50,4406.54,4403.14,4406.23,0.00,0.00,0.0,BEARISH,340.0,4406.19,4406.19,4406.19,4406.19,58,CLEARED_>=20s,1.0,0.0,0.0,0.0,0.0,0.0,0.0,PASS_<20%,0.00,0.0,NO,STANDBY_VEL_LOW,1,1321.86,3268.14,132.45,FALSE,M1_DIRECTION_MISMATCH
2026-09-07 18:42:08.478,1788806528.479,3962,1,91,4406.19,4406.27,8.0,PASS_<=10c,+0.0,FLAT,+0.0,+69.0,1.3,+0.00,0.00,SLOW,4405.50,4406.54,4403.14,4406.23,0.00,0.00,0.0,BEARISH,340.0,4406.19,4406.19,4406.19,4406.19,8,ACTIVE_8s,1.0,0.0,0.0,0.0,0.0,0.0,0.0,PASS_<20%,0.00,0.0,NO,STANDBY_VEL_LOW,1,1321.86,3268.14,132.45,FALSE,M1_DIRECTION_MISMATCH|OPENING_SHIELD_ACTIVE_8s
2026-09-07 18:42:15.104,1788806535.104,3963,2,92,4406.19,4406.27,8.0,PASS_<=10c,+0.0,FLAT,+0.0,+69.0,1.3,+0.00,0.00,SLOW,4405.50,4406.54,4403.14,4406.23,0.00,0.00,0.0,BEARISH,340.0,4406.19,4406.19,4406.19,4406.19,15,ACTIVE_15s,1.0,0.0,0.0,0.0,0.0,0.0,0.0,PASS_<20%,0.00,0.0,NO,STANDBY_VEL_LOW,1,1321.86,3268.14,132.45,FALSE,M1_DIRECTION_MISMATCH|OPENING_SHIELD_ACTIVE_15s
2026-09-07 18:42:15.458,1788806535.459,3964,3,93,4406.19,4406.27,8.0,PASS_<=10c,+0.0,FLAT,+0.0,+69.0,2.2,+0.00,0.00,SLOW,4405.50,4406.54,4403.14,4406.23,0.00,0.00,0.0,BEARISH,340.0,4406.19,4406.19,4406.19,4406.19,15,ACTIVE_15s,1.0,0.0,0.0,0.0,0.0,0.0,0.0,PASS_<20%,0.00,0.0,NO,STANDBY_VEL_LOW,1,1321.86,3268.14,132.45,FALSE,M1_DIRECTION_MISMATCH|OPENING_SHIELD_ACTIVE_15s
2026-09-07 18:42:15.962,1788806535.963,3965,4,94,4406.19,4406.27,8.0,PASS_<=10c,+0.0,FLAT,+0.0,+69.0,2.5,+0.00,0.00,SLOW,4405.50,4406.54,4403.14,4406.23,0.00,0.00,0.0,BEARISH,340.0,4406.19,4406.19,4406.19,4406.19,15,ACTIVE_15s,1.0,0.0,0.0,0.0,0.0,0.0,0.0,PASS_<20%,0.00,0.0,NO,STANDBY_VEL_LOW,1,1321.86,3268.14,132.45,FALSE,M1_DIRECTION_MISMATCH|OPENING_SHIELD_ACTIVE_15s
2026-09-07 18:42:16.462,1788806536.463,3966,5,95,4406.19,4406.27,8.0,PASS_<=10c,+0.0,FLAT,+0.0,+69.0,2.8,+0.00,0.00,SLOW,4405.50,4406.54,4403.14,4406.23,0.00,0.00,0.0,BEARISH,340.0,4406.19,4406.19,4406.19,4406.19,16,ACTIVE_16s,1.0,0.0,0.0,0.0,0.0,0.0,0.0,PASS_<20%,0.00,0.0,NO,STANDBY_VEL_LOW,1,1321.86,3268.14,132.45,FALSE,M1_DIRECTION_MISMATCH|OPENING_SHIELD_ACTIVE_16s
2026-09-07 18:42:16.964,1788806536.965,3967,6,96,4406.19,4406.27,8.0,PASS_<=10c,+0.0,FLAT,+0.0,+69.0,3.0,+0.00,0.00,SLOW,4405.50,4406.54,4403.14,4406.23,0.00,0.00,0.0,BEARISH,340.0,4406.19,4406.19,4406.19,4406.19,16,ACTIVE_16s,1.0,0.0,0.0,0.0,0.0,0.0,0.0,PASS_<20%,0.00,0.0,NO,STANDBY_VEL_LOW,1,1321.86,3268.14,132.45,FALSE,M1_DIRECTION_MISMATCH|OPENING_SHIELD_ACTIVE_16s
2026-09-07 18:42:17.466,1788806537.467,3968,7,97,4406.19,4406.27,8.0,PASS_<=10c,+0.0,FLAT,+0.0,+69.0,3.1,+0.00,0.00,SLOW,4405.50,4406.54,4403.14,4406.23,0.00,0.00,0.0,BEARISH,340.0,4406.19,4406.19,4406.19,4406.19,17,ACTIVE_17s,1.0,0.0,0.0,0.0,0.0,0.0,0.0,PASS_<20%,0.00,0.0,NO,STANDBY_VEL_LOW,1,1321.86,3268.14,132.45,FALSE,M1_DIRECTION_MISMATCH|OPENING_SHIELD_ACTIVE_17s
2026-09-07 18:42:17.968,1788806537.968,3969,8,98,4406.19,4406.27,8.0,PASS_<=10c,+0.0,FLAT,+0.0,+69.0,3.2,+0.00,0.00,SLOW,4405.50,4406.54,4403.14,4406.23,0.00,0.00,0.0,BEARISH,340.0,4406.19,4406.19,4406.19,4406.19,17,ACTIVE_17s,1.0,0.0,0.0,0.0,0.0,0.0,0.0,PASS_<20%,0.00,0.0,NO,STANDBY_VEL_LOW,1,1321.86,3268.14,132.45,FALSE,M1_DIRECTION_MISMATCH|OPENING_SHIELD_ACTIVE_17s
2026-09-07 18:42:18.470,1788806538.470,3970,9,99,4406.19,4406.27,8.0,PASS_<=10c,+0.0,FLAT,+0.0,+69.0,3.3,+0.00,0.00,SLOW,4405.50,4406.54,4403.14,4406.23,0.00,0.00,0.0,BEARISH,340.0,4406.19,4406.19,4406.19,4406.19,18,ACTIVE_18s,1.0,0.0,0.0,0.0,0.0,0.0,0.0,PASS_<20%,0.00,0.0,NO,STANDBY_VEL_LOW,1,1321.86,3268.14,132.45,FALSE,M1_DIRECTION_MISMATCH|OPENING_SHIELD_ACTIVE_18s
2026-09-07 18:42:18.972,1788806538.972,3971,10,100,4406.19,4406.27,8.0,PASS_<=10c,+0.0,FLAT,+0.0,+69.0,4.4,+0.00,0.00,SLOW,4405.50,4406.54,4403.14,4406.23,0.00,0.00,0.0,BEARISH,340.0,4406.19,4406.19,4406.19,4406.19,18,ACTIVE_18s,1.0,0.0,0.0,0.0,0.0,0.0,0.0,PASS_<20%,0.00,0.0,NO,STANDBY_VEL_LOW,1,1321.86,3268.14,132.45,FALSE,M1_DIRECTION_MISMATCH|OPENING_SHIELD_ACTIVE_18s
2026-09-07 18:42:19.473,1788806539.473,3972,11,101,4406.19,4406.27,8.0,PASS_<=10c,+0.0,FLAT,+0.0,+69.0,4.3,+0.00,0.00,SLOW,4405.50,4406.54,4403.14,4406.23,0.00,0.00,0.0,BEARISH,340.0,4406.19,4406.19,4406.19,4406.19,19,ACTIVE_19s,1.0,0.0,0.0,0.0,0.0,0.0,0.0,PASS_<20%,0.00,0.0,NO,STANDBY_VEL_LOW,1,1321.86,3268.14,132.45,FALSE,M1_DIRECTION_MISMATCH|OPENING_SHIELD_ACTIVE_19s
2026-09-07 18:42:19.976,1788806539.977,3973,12,102,4406.19,4406.27,8.0,PASS_<=10c,+0.0,FLAT,+0.0,+69.0,4.3,+0.00,0.00,SLOW,4405.50,4406.54,4403.14,4406.23,0.00,0.00,0.0,BEARISH,340.0,4406.19,4406.19,4406.19,4406.19,19,ACTIVE_19s,1.0,0.0,0.0,0.0,0.0,0.0,0.0,PASS_<20%,0.00,0.0,NO,STANDBY_VEL_LOW,1,1321.86,3268.14,132.45,FALSE,M1_DIRECTION_MISMATCH|OPENING_SHIELD_ACTIVE_19s
2026-09-07 18:42:20.477,1788806540.478,3974,13,103,4406.19,4406.27,8.0,PASS_<=10c,+0.0,FLAT,+0.0,+69.0,4.2,+0.00,0.00,SLOW,4405.50,4406.54,4403.14,4406.23,0.00,0.00,0.0,BEARISH,340.0,4406.19,4406.19,4406.19,4406.19,20,CLEARED_>=20s,1.0,0.0,0.0,0.0,0.0,0.0,0.0,PASS_<20%,0.00,0.0,NO,STANDBY_VEL_LOW,1,1321.86,3268.14,132.45,FALSE,M1_DIRECTION_MISMATCH
2026-09-07 18:42:20.978,1788806540.978,3975,14,104,4406.19,4406.27,8.0,PASS_<=10c,+0.0,FLAT,+0.0,+69.0,4.2,+0.00,0.00,SLOW,4405.50,4406.54,4403.14,4406.23,0.00,0.00,0.0,BEARISH,340.0,4406.19,4406.19,4406.19,4406.19,20,CLEARED_>=20s,1.0,0.0,0.0,0.0,0.0,0.0,0.0,PASS_<20%,0.00,0.0,NO,STANDBY_VEL_LOW,1,1321.86,3268.14,132.45,FALSE,M1_DIRECTION_MISMATCH
2026-09-07 18:42:21.479,1788806541.480,3976,15,105,4406.19,4406.27,8.0,PASS_<=10c,+0.0,FLAT,+0.0,+69.0,4.2,+0.00,0.00,SLOW,4405.50,4406.54,4403.14,4406.23,0.00,0.00,0.0,BEARISH,340.0,4406.19,4406.19,4406.19,4406.19,21,CLEARED_>=20s,1.0,0.0,0.0,0.0,0.0,0.0,0.0,PASS_<20%,0.00,0.0,NO,STANDBY_VEL_LOW,1,1321.86,3268.14,132.45,FALSE,M1_DIRECTION_MISMATCH
2026-09-07 18:42:21.981,1788806541.982,3977,16,106,4406.19,4406.27,8.0,PASS_<=10c,+0.0,FLAT,+0.0,+69.0,4.2,+0.00,0.00,SLOW,4405.50,4406.54,4403.14,4406.23,0.00,0.00,0.0,BEARISH,340.0,4406.19,4406.19,4406.19,4406.19,21,CLEARED_>=20s,1.0,0.0,0.0,0.0,0.0,0.0,0.0,PASS_<20%,0.00,0.0,NO,STANDBY_VEL_LOW,1,1321.86,3268.14,132.45,FALSE,M1_DIRECTION_MISMATCH
2026-09-07 18:42:22.482,1788806542.483,3978,17,107,4406.19,4406.27,8.0,PASS_<=10c,+0.0,FLAT,+0.0,+69.0,4.2,+0.00,0.00,SLOW,4405.50,4406.54,4403.14,4406.23,0.00,0.00,0.0,BEARISH,340.0,4406.19,4406.19,4406.19,4406.19,22,CLEARED_>=20s,1.0,0.0,0.0,0.0,0.0,0.0,0.0,PASS_<20%,0.00,0.0,NO,STANDBY_VEL_LOW,1,1321.86,3268.14,132.45,FALSE,M1_DIRECTION_MISMATCH
2026-09-07 18:42:22.983,1788806542.983,3979,18,108,4406.19,4406.27,8.0,PASS_<=10c,+0.0,FLAT,+0.0,+69.0,4.2,+0.00,0.00,SLOW,4405.50,4406.54,4403.14,4406.23,0.00,0.00,0.0,BEARISH,340.0,4406.19,4406.19,4406.19,4406.19,22,CLEARED_>=20s,1.0,0.0,0.0,0.0,0.0,0.0,0.0,PASS_<20%,0.00,0.0,NO,STANDBY_VEL_LOW,1,1321.86,3268.14,132.45,FALSE,M1_DIRECTION_MISMATCH
2026-09-07 18:42:33.365,1788806553.366,3980,19,109,4406.19,4406.27,8.0,PASS_<=10c,+0.0,FLAT,+0.0,+69.0,1.3,+0.00,0.00,SLOW,4405.50,4406.54,4403.14,4406.23,0.00,0.00,0.0,BEARISH,340.0,4406.19,4406.19,4406.19,4406.19,33,CLEARED_>=20s,1.0,0.0,0.0,0.0,0.0,0.0,0.0,PASS_<20%,0.00,0.0,NO,STANDBY_VEL_LOW,1,1321.86,3268.14,132.45,FALSE,M1_DIRECTION_MISMATCH
2026-09-07 18:42:40.390,1788806560.391,3981,20,110,4406.19,4406.27,8.0,PASS_<=10c,+0.0,FLAT,+0.0,+69.0,1.3,+0.00,0.00,SLOW,4405.50,4406.54,4403.14,4406.23,0.00,0.00,0.0,BEARISH,340.0,4406.19,4406.19,4406.19,4406.19,40,CLEARED_>=20s,1.0,0.0,0.0,0.0,0.0,0.0,0.0,PASS_<20%,0.00,0.0,NO,STANDBY_VEL_LOW,1,1321.86,3268.14,132.45,FALSE,M1_DIRECTION_MISMATCH
2026-09-07 18:42:40.745,1788806560.746,3982,21,111,4406.19,4406.27,8.0,PASS_<=10c,+0.0,FLAT,+0.0,+69.0,1.8,+0.00,0.00,SLOW,4405.50,4406.54,4403.14,4406.23,0.00,0.00,0.0,BEARISH,340.0,4406.19,4406.19,4406.19,4406.19,40,CLEARED_>=20s,1.0,0.0,0.0,0.0,0.0,0.0,0.0,PASS_<20%,0.00,0.0,NO,STANDBY_VEL_LOW,1,1321.86,3268.14,132.45,FALSE,M1_DIRECTION_MISMATCH
2026-09-07 18:42:41.248,1788806561.248,3983,22,112,4406.19,4406.27,8.0,PASS_<=10c,+0.0,FLAT,+0.0,+69.0,2.2,+0.00,0.00,SLOW,4405.50,4406.54,4403.14,4406.23,0.00,0.00,0.0,BEARISH,340.0,4406.19,4406.19,4406.19,4406.19,41,CLEARED_>=20s,1.0,0.0,0.0,0.0,0.0,0.0,0.0,PASS_<20%,0.00,0.0,NO,STANDBY_VEL_LOW,1,1321.86,3268.14,132.45,FALSE,M1_DIRECTION_MISMATCH
2026-09-07 18:42:41.750,1788806561.751,3984,23,113,4406.19,4406.27,8.0,PASS_<=10c,+0.0,FLAT,+0.0,+69.0,2.4,+0.00,0.00,SLOW,4405.50,4406.54,4403.14,4406.23,0.00,0.00,0.0,BEARISH,340.0,4406.19,4406.19,4406.19,4406.19,41,CLEARED_>=20s,1.0,0.0,0.0,0.0,0.0,0.0,0.0,PASS_<20%,0.00,0.0,NO,STANDBY_VEL_LOW,1,1321.86,3268.14,132.45,FALSE,M1_DIRECTION_MISMATCH
2026-09-07 18:42:42.252,1788806562.253,3985,24,114,4406.19,4406.27,8.0,PASS_<=10c,+0.0,FLAT,+0.0,+69.0,2.7,+0.00,0.00,SLOW,4405.50,4406.54,4403.14,4406.23,0.00,0.00,0.0,BEARISH,340.0,4406.19,4406.19,4406.19,4406.19,42,CLEARED_>=20s,1.0,0.0,0.0,0.0,0.0,0.0,0.0,PASS_<20%,0.00,0.0,NO,STANDBY_VEL_LOW,1,1321.86,3268.14,132.45,FALSE,M1_DIRECTION_MISMATCH
2026-09-07 18:42:42.754,1788806562.755,3986,25,115,4406.19,4406.27,8.0,PASS_<=10c,+0.0,FLAT,+0.0,+69.0,2.8,+0.00,0.00,SLOW,4405.50,4406.54,4403.14,4406.23,0.00,0.00,0.0,BEARISH,340.0,4406.19,4406.19,4406.19,4406.19,42,CLEARED_>=20s,1.0,0.0,0.0,0.0,0.0,0.0,0.0,PASS_<20%,0.00,0.0,NO,STANDBY_VEL_LOW,1,1321.86,3268.14,132.45,FALSE,M1_DIRECTION_MISMATCH
2026-09-07 18:42:43.256,1788806563.256,3987,26,116,4406.19,4406.27,8.0,PASS_<=10c,+0.0,FLAT,+0.0,+69.0,2.9,+0.00,0.00,SLOW,4405.50,4406.54,4403.14,4406.23,0.00,0.00,0.0,BEARISH,340.0,4406.19,4406.19,4406.19,4406.19,43,CLEARED_>=20s,1.0,0.0,0.0,0.0,0.0,0.0,0.0,PASS_<20%,0.00,0.0,NO,STANDBY_VEL_LOW,1,1321.86,3268.14,132.45,FALSE,M1_DIRECTION_MISMATCH
2026-09-07 18:42:43.758,1788806563.758,3988,27,117,4406.19,4406.27,8.0,PASS_<=10c,+0.0,FLAT,+0.0,+69.0,4.5,+0.00,0.00,SLOW,4405.50,4406.54,4403.14,4406.23,0.00,0.00,0.0,BEARISH,340.0,4406.19,4406.19,4406.19,4406.19,43,CLEARED_>=20s,1.0,0.0,0.0,0.0,0.0,0.0,0.0,PASS_<20%,0.00,0.0,NO,STANDBY_VEL_LOW,1,1321.86,3268.14,132.45,FALSE,M1_DIRECTION_MISMATCH
2026-09-07 18:42:44.259,1788806564.259,3989,28,118,4406.19,4406.27,8.0,PASS_<=10c,+0.0,FLAT,+0.0,+69.0,4.4,+0.00,0.00,SLOW,4405.50,4406.54,4403.14,4406.23,0.00,0.00,0.0,BEARISH,340.0,4406.19,4406.19,4406.19,4406.19,44,CLEARED_>=20s,1.0,0.0,0.0,0.0,0.0,0.0,0.0,PASS_<20%,0.00,0.0,NO,STANDBY_VEL_LOW,1,1321.86,3268.14,132.45,FALSE,M1_DIRECTION_MISMATCH
2026-09-07 18:42:44.760,1788806564.761,3990,29,119,4406.19,4406.27,8.0,PASS_<=10c,+0.0,FLAT,+0.0,+69.0,4.3,+0.00,0.00,SLOW,4405.50,4406.54,4403.14,4406.23,0.00,0.00,0.0,BEARISH,340.0,4406.19,4406.19,4406.19,4406.19,44,CLEARED_>=20s,1.0,0.0,0.0,0.0,0.0,0.0,0.0,PASS_<20%,0.00,0.0,NO,STANDBY_VEL_LOW,1,1321.86,3268.14,132.45,FALSE,M1_DIRECTION_MISMATCH
2026-09-07 18:42:45.262,1788806565.263,3991,30,120,4406.19,4406.27,8.0,PASS_<=10c,+0.0,FLAT,+0.0,+69.0,4.3,+0.00,0.00,SLOW,4405.50,4406.54,4403.14,4406.23,0.00,0.00,0.0,BEARISH,340.0,4406.19,4406.19,4406.19,4406.19,45,CLEARED_>=20s,1.0,0.0,0.0,0.0,0.0,0.0,0.0,PASS_<20%,0.00,0.0,NO,STANDBY_VEL_LOW,1,1321.86,3268.14,132.45,FALSE,M1_DIRECTION_MISMATCH
2026-09-07 18:42:45.764,1788806565.764,3992,31,121,4406.19,4406.27,8.0,PASS_<=10c,+0.0,FLAT,+0.0,+69.0,4.2,+0.00,0.00,SLOW,4405.50,4406.54,4403.14,4406.23,0.00,0.00,0.0,BEARISH,340.0,4406.19,4406.19,4406.19,4406.19,45,CLEARED_>=20s,1.0,0.0,0.0,0.0,0.0,0.0,0.0,PASS_<20%,0.00,0.0,NO,STANDBY_VEL_LOW,1,1321.86,3268.14,132.45,FALSE,M1_DIRECTION_MISMATCH
2026-09-07 18:42:46.266,1788806566.266,3993,32,122,4406.19,4406.27,8.0,PASS_<=10c,+0.0,FLAT,+0.0,+69.0,4.2,+0.00,0.00,SLOW,4405.50,4406.54,4403.14,4406.23,0.00,0.00,0.0,BEARISH,340.0,4406.19,4406.19,4406.19,4406.19,46,CLEARED_>=20s,1.0,0.0,0.0,0.0,0.0,0.0,0.0,PASS_<20%,0.00,0.0,NO,STANDBY_VEL_LOW,1,1321.86,3268.14,132.45,FALSE,M1_DIRECTION_MISMATCH
2026-09-07 18:42:46.767,1788806566.768,3994,33,123,4406.19,4406.27,8.0,PASS_<=10c,+0.0,FLAT,+0.0,+69.0,4.2,+0.00,0.00,SLOW,4405.50,4406.54,4403.14,4406.23,0.00,0.00,0.0,BEARISH,340.0,4406.19,4406.19,4406.19,4406.19,46,CLEARED_>=20s,1.0,0.0,0.0,0.0,0.0,0.0,0.0,PASS_<20%,0.00,0.0,NO,STANDBY_VEL_LOW,1,1321.86,3268.14,132.45,FALSE,M1_DIRECTION_MISMATCH
2026-09-07 18:42:47.268,1788806567.269,3995,34,124,4406.19,4406.27,8.0,PASS_<=10c,+0.0,FLAT,+0.0,+69.0,4.2,+0.00,0.00,SLOW,4405.50,4406.54,4403.14,4406.23,0.00,0.00,0.0,BEARISH,340.0,4406.19,4406.19,4406.19,4406.19,47,CLEARED_>=20s,1.0,0.0,0.0,0.0,0.0,0.0,0.0,PASS_<20%,0.00,0.0,NO,STANDBY_VEL_LOW,1,1321.86,3268.14,132.45,FALSE,M1_DIRECTION_MISMATCH
2026-09-07 18:42:47.770,1788806567.770,3996,35,125,4406.19,4406.27,8.0,PASS_<=10c,+0.0,FLAT,+0.0,+69.0,4.2,+0.00,0.00,SLOW,4405.50,4406.54,4403.14,4406.23,0.00,0.00,0.0,BEARISH,340.0,4406.19,4406.19,4406.19,4406.19,47,CLEARED_>=20s,1.0,0.0,0.0,0.0,0.0,0.0,0.0,PASS_<20%,0.00,0.0,NO,STANDBY_VEL_LOW,1,1321.86,3268.14,132.45,FALSE,M1_DIRECTION_MISMATCH
2026-09-07 18:42:48.272,1788806568.272,3997,36,126,4406.19,4406.27,8.0,PASS_<=10c,+0.0,FLAT,+0.0,+69.0,4.2,+0.00,0.00,SLOW,4405.50,4406.54,4403.14,4406.23,0.00,0.00,0.0,BEARISH,340.0,4406.19,4406.19,4406.19,4406.19,48,CLEARED_>=20s,1.0,0.0,0.0,0.0,0.0,0.0,0.0,PASS_<20%,0.00,0.0,NO,STANDBY_VEL_LOW,1,1321.86,3268.14,132.45,FALSE,M1_DIRECTION_MISMATCH
2026-09-07 18:42:58.654,1788806578.654,3998,37,127,4406.19,4406.27,8.0,PASS_<=10c,+0.0,FLAT,+0.0,+69.0,1.3,+0.00,0.00,SLOW,4405.50,4406.54,4403.14,4406.23,0.00,0.00,0.0,BEARISH,340.0,4406.19,4406.19,4406.19,4406.19,58,CLEARED_>=20s,1.0,0.0,0.0,0.0,0.0,0.0,0.0,PASS_<20%,0.00,0.0,NO,STANDBY_VEL_LOW,1,1321.86,3268.14,132.45,FALSE,M1_DIRECTION_MISMATCH
2026-09-07 18:43:06.280,1788806586.281,3999,1,128,4406.19,4406.27,8.0,PASS_<=10c,+0.0,FLAT,+0.0,+69.0,1.3,+0.00,0.00,SLOW,4405.50,4406.54,4403.14,4406.23,0.00,0.00,0.0,BEARISH,340.0,4406.19,4406.19,4406.19,4406.19,6,ACTIVE_6s,1.0,0.0,0.0,0.0,0.0,0.0,0.0,PASS_<20%,0.00,0.0,NO,STANDBY_VEL_LOW,1,1321.86,3268.14,132.45,FALSE,M1_DIRECTION_MISMATCH|OPENING_SHIELD_ACTIVE_6s
2026-09-07 18:43:06.635,1788806586.635,4000,2,129,4406.19,4406.27,8.0,PASS_<=10c,+0.0,FLAT,+0.0,+69.0,1.4,+0.00,0.00,SLOW,4405.50,4406.54,4403.14,4406.23,0.00,0.00,0.0,BEARISH,340.0,4406.19,4406.19,4406.19,4406.19,6,ACTIVE_6s,1.0,0.0,0.0,0.0,0.0,0.0,0.0,PASS_<20%,0.00,0.0,NO,STANDBY_VEL_LOW,1,1321.86,3268.14,132.45,FALSE,M1_DIRECTION_MISMATCH|OPENING_SHIELD_ACTIVE_6s
2026-09-07 18:43:07.137,1788806587.137,4001,3,130,4406.19,4406.27,8.0,PASS_<=10c,+0.0,FLAT,+0.0,+69.0,1.8,+0.00,0.00,SLOW,4405.50,4406.54,4403.14,4406.23,0.00,0.00,0.0,BEARISH,340.0,4406.19,4406.19,4406.19,4406.19,7,ACTIVE_7s,1.0,0.0,0.0,0.0,0.0,0.0,0.0,PASS_<20%,0.00,0.0,NO,STANDBY_VEL_LOW,1,1321.86,3268.14,132.45,FALSE,M1_DIRECTION_MISMATCH|OPENING_SHIELD_ACTIVE_7s
2026-09-07 18:43:07.639,1788806587.640,4002,4,131,4406.19,4406.27,8.0,PASS_<=10c,+0.0,FLAT,+0.0,+69.0,2.1,+0.00,0.00,SLOW,4405.50,4406.54,4403.14,4406.23,0.00,0.00,0.0,BEARISH,340.0,4406.19,4406.19,4406.19,4406.19,7,ACTIVE_7s,1.0,0.0,0.0,0.0,0.0,0.0,0.0,PASS_<20%,0.00,0.0,NO,STANDBY_VEL_LOW,1,1321.86,3268.14,132.45,FALSE,M1_DIRECTION_MISMATCH|OPENING_SHIELD_ACTIVE_7s
2026-09-07 18:43:08.141,1788806588.141,4003,5,132,4406.19,4406.27,8.0,PASS_<=10c,+0.0,FLAT,+0.0,+69.0,2.3,+0.00,0.00,SLOW,4405.50,4406.54,4403.14,4406.23,0.00,0.00,0.0,BEARISH,340.0,4406.19,4406.19,4406.19,4406.19,8,ACTIVE_8s,1.0,0.0,0.0,0.0,0.0,0.0,0.0,PASS_<20%,0.00,0.0,NO,STANDBY_VEL_LOW,1,1321.86,3268.14,132.45,FALSE,M1_DIRECTION_MISMATCH|OPENING_SHIELD_ACTIVE_8s
2026-09-07 18:43:08.641,1788806588.641,4004,6,133,4406.19,4406.27,8.0,PASS_<=10c,+0.0,FLAT,+0.0,+69.0,2.5,+0.00,0.00,SLOW,4405.50,4406.54,4403.14,4406.23,0.00,0.00,0.0,BEARISH,340.0,4406.19,4406.19,4406.19,4406.19,8,ACTIVE_8s,1.0,0.0,0.0,0.0,0.0,0.0,0.0,PASS_<20%,0.00,0.0,NO,STANDBY_VEL_LOW,1,1321.86,3268.14,132.45,FALSE,M1_DIRECTION_MISMATCH|OPENING_SHIELD_ACTIVE_8s
2026-09-07 18:43:09.142,1788806589.143,4005,7,134,4406.19,4406.27,8.0,PASS_<=10c,+0.0,FLAT,+0.0,+69.0,4.5,+0.00,0.00,SLOW,4405.50,4406.54,4403.14,4406.23,0.00,0.00,0.0,BEARISH,340.0,4406.19,4406.19,4406.19,4406.19,9,ACTIVE_9s,1.0,0.0,0.0,0.0,0.0,0.0,0.0,PASS_<20%,0.00,0.0,NO,STANDBY_VEL_LOW,1,1321.86,3268.14,132.45,FALSE,M1_DIRECTION_MISMATCH|OPENING_SHIELD_ACTIVE_9s
2026-09-07 18:43:09.645,1788806589.645,4006,8,135,4406.19,4406.27,8.0,PASS_<=10c,+0.0,FLAT,+0.0,+69.0,4.5,+0.00,0.00,SLOW,4405.50,4406.54,4403.14,4406.23,0.00,0.00,0.0,BEARISH,340.0,4406.19,4406.19,4406.19,4406.19,9,ACTIVE_9s,1.0,0.0,0.0,0.0,0.0,0.0,0.0,PASS_<20%,0.00,0.0,NO,STANDBY_VEL_LOW,1,1321.86,3268.14,132.45,FALSE,M1_DIRECTION_MISMATCH|OPENING_SHIELD_ACTIVE_9s
2026-09-07 18:43:10.146,1788806590.147,4007,9,136,4406.19,4406.27,8.0,PASS_<=10c,+0.0,FLAT,+0.0,+69.0,4.4,+0.00,0.00,SLOW,4405.50,4406.54,4403.14,4406.23,0.00,0.00,0.0,BEARISH,340.0,4406.19,4406.19,4406.19,4406.19,10,ACTIVE_10s,1.0,0.0,0.0,0.0,0.0,0.0,0.0,PASS_<20%,0.00,0.0,NO,STANDBY_VEL_LOW,1,1321.86,3268.14,132.45,FALSE,M1_DIRECTION_MISMATCH|OPENING_SHIELD_ACTIVE_10s
2026-09-07 18:43:10.648,1788806590.649,4008,10,137,4406.19,4406.27,8.0,PASS_<=10c,+0.0,FLAT,+0.0,+69.0,4.4,+0.00,0.00,SLOW,4405.50,4406.54,4403.14,4406.23,0.00,0.00,0.0,BEARISH,340.0,4406.19,4406.19,4406.19,4406.19,10,ACTIVE_10s,1.0,0.0,0.0,0.0,0.0,0.0,0.0,PASS_<20%,0.00,0.0,NO,STANDBY_VEL_LOW,1,1321.86,3268.14,132.45,FALSE,M1_DIRECTION_MISMATCH|OPENING_SHIELD_ACTIVE_10s
2026-09-07 18:43:11.149,1788806591.150,4009,11,138,4406.19,4406.27,8.0,PASS_<=10c,+0.0,FLAT,+0.0,+69.0,4.3,+0.00,0.00,SLOW,4405.50,4406.54,4403.14,4406.23,0.00,0.00,0.0,BEARISH,340.0,4406.19,4406.19,4406.19,4406.19,11,ACTIVE_11s,1.0,0.0,0.0,0.0,0.0,0.0,0.0,PASS_<20%,0.00,0.0,NO,STANDBY_VEL_LOW,1,1321.86,3268.14,132.45,FALSE,M1_DIRECTION_MISMATCH|OPENING_SHIELD_ACTIVE_11s
2026-09-07 18:43:11.651,1788806591.652,4010,12,139,4406.19,4406.27,8.0,PASS_<=10c,+0.0,FLAT,+0.0,+69.0,4.2,+0.00,0.00,SLOW,4405.50,4406.54,4403.14,4406.23,0.00,0.00,0.0,BEARISH,340.0,4406.19,4406.19,4406.19,4406.19,11,ACTIVE_11s,1.0,0.0,0.0,0.0,0.0,0.0,0.0,PASS_<20%,0.00,0.0,NO,STANDBY_VEL_LOW,1,1321.86,3268.14,132.45,FALSE,M1_DIRECTION_MISMATCH|OPENING_SHIELD_ACTIVE_11s
2026-09-07 18:43:12.152,1788806592.153,4011,13,140,4406.19,4406.27,8.0,PASS_<=10c,+0.0,FLAT,+0.0,+69.0,4.2,+0.00,0.00,SLOW,4405.50,4406.54,4403.14,4406.23,0.00,0.00,0.0,BEARISH,340.0,4406.19,4406.19,4406.19,4406.19,12,ACTIVE_12s,1.0,0.0,0.0,0.0,0.0,0.0,0.0,PASS_<20%,0.00,0.0,NO,STANDBY_VEL_LOW,1,1321.86,3268.14,132.45,FALSE,M1_DIRECTION_MISMATCH|OPENING_SHIELD_ACTIVE_12s
2026-09-07 18:43:12.655,1788806592.656,4012,14,141,4406.19,4406.27,8.0,PASS_<=10c,+0.0,FLAT,+0.0,+69.0,4.2,+0.00,0.00,SLOW,4405.50,4406.54,4403.14,4406.23,0.00,0.00,0.0,BEARISH,340.0,4406.19,4406.19,4406.19,4406.19,12,ACTIVE_12s,1.0,0.0,0.0,0.0,0.0,0.0,0.0,PASS_<20%,0.00,0.0,NO,STANDBY_VEL_LOW,1,1321.86,3268.14,132.45,FALSE,M1_DIRECTION_MISMATCH|OPENING_SHIELD_ACTIVE_12s
2026-09-07 18:43:13.156,1788806593.157,4013,15,142,4406.19,4406.27,8.0,PASS_<=10c,+0.0,FLAT,+0.0,+69.0,4.2,+0.00,0.00,SLOW,4405.50,4406.54,4403.14,4406.23,0.00,0.00,0.0,BEARISH,340.0,4406.19,4406.19,4406.19,4406.19,13,ACTIVE_13s,1.0,0.0,0.0,0.0,0.0,0.0,0.0,PASS_<20%,0.00,0.0,NO,STANDBY_VEL_LOW,1,1321.86,3268.14,132.45,FALSE,M1_DIRECTION_MISMATCH|OPENING_SHIELD_ACTIVE_13s
2026-09-07 18:43:13.713,1788806593.713,4014,16,143,4406.19,4406.27,8.0,PASS_<=10c,+0.0,FLAT,+0.0,+69.0,4.2,+0.00,0.00,SLOW,4405.50,4406.54,4403.14,4406.23,0.00,0.00,0.0,BEARISH,340.0,4406.19,4406.19,4406.19,4406.19,13,ACTIVE_13s,1.0,0.0,0.0,0.0,0.0,0.0,0.0,PASS_<20%,0.00,0.0,NO,STANDBY_VEL_LOW,1,1321.86,3268.14,132.45,FALSE,M1_DIRECTION_MISMATCH|OPENING_SHIELD_ACTIVE_13s
2026-09-07 18:43:14.160,1788806594.160,4015,17,144,4406.19,4406.27,8.0,PASS_<=10c,+0.0,FLAT,+0.0,+69.0,4.2,+0.00,0.00,SLOW,4405.50,4406.54,4403.14,4406.23,0.00,0.00,0.0,BEARISH,340.0,4406.19,4406.19,4406.19,4406.19,14,ACTIVE_14s,1.0,0.0,0.0,0.0,0.0,0.0,0.0,PASS_<20%,0.00,0.0,NO,STANDBY_VEL_LOW,1,1321.86,3268.14,132.45,FALSE,M1_DIRECTION_MISMATCH|OPENING_SHIELD_ACTIVE_14s
2026-09-07 18:43:24.554,1788806604.555,4016,18,145,4406.19,4406.27,8.0,PASS_<=10c,+0.0,FLAT,+0.0,+69.0,1.3,+0.00,0.00,SLOW,4405.50,4406.54,4403.14,4406.23,0.00,0.00,0.0,BEARISH,340.0,4406.19,4406.19,4406.19,4406.19,24,CLEARED_>=20s,1.0,0.0,0.0,0.0,0.0,0.0,0.0,PASS_<20%,0.00,0.0,NO,STANDBY_VEL_LOW,1,1321.86,3268.14,132.45,FALSE,M1_DIRECTION_MISMATCH
2026-09-07 18:43:30.776,1788806610.777,4017,19,146,4406.19,4406.27,8.0,PASS_<=10c,+0.0,FLAT,+0.0,+69.0,1.8,+0.00,0.00,SLOW,4405.50,4406.54,4403.14,4406.23,0.00,0.00,0.0,BEARISH,340.0,4406.19,4406.19,4406.19,4406.19,30,CLEARED_>=20s,1.0,0.0,0.0,0.0,0.0,0.0,0.0,PASS_<20%,0.00,0.0,NO,STANDBY_VEL_LOW,1,1321.86,3268.14,132.45,FALSE,M1_DIRECTION_MISMATCH
2026-09-07 18:43:31.131,1788806611.132,4018,20,147,4406.19,4406.27,8.0,PASS_<=10c,+0.0,FLAT,+0.0,+69.0,2.7,+0.00,0.00,SLOW,4405.50,4406.54,4403.14,4406.23,0.00,0.00,0.0,BEARISH,340.0,4406.19,4406.19,4406.19,4406.19,31,CLEARED_>=20s,1.0,0.0,0.0,0.0,0.0,0.0,0.0,PASS_<20%,0.00,0.0,NO,STANDBY_VEL_LOW,1,1321.86,3268.14,132.45,FALSE,M1_DIRECTION_MISMATCH
2026-09-07 18:43:31.632,1788806611.633,4019,21,148,4406.19,4406.27,8.0,PASS_<=10c,+0.0,FLAT,+0.0,+69.0,3.1,+0.00,0.00,SLOW,4405.50,4406.54,4403.14,4406.23,0.00,0.00,0.0,BEARISH,340.0,4406.19,4406.19,4406.19,4406.19,31,CLEARED_>=20s,1.0,0.0,0.0,0.0,0.0,0.0,0.0,PASS_<20%,0.00,0.0,NO,STANDBY_VEL_LOW,1,1321.86,3268.14,132.45,FALSE,M1_DIRECTION_MISMATCH
2026-09-07 18:43:32.132,1788806612.133,4020,22,149,4406.19,4406.27,8.0,PASS_<=10c,+0.0,FLAT,+0.0,+69.0,3.3,+0.00,0.00,SLOW,4405.50,4406.54,4403.14,4406.23,0.00,0.00,0.0,BEARISH,340.0,4406.19,4406.19,4406.19,4406.19,32,CLEARED_>=20s,1.0,0.0,0.0,0.0,0.0,0.0,0.0,PASS_<20%,0.00,0.0,NO,STANDBY_VEL_LOW,1,1321.86,3268.14,132.45,FALSE,M1_DIRECTION_MISMATCH
2026-09-07 18:43:32.634,1788806612.635,4021,23,150,4406.19,4406.27,8.0,PASS_<=10c,+0.0,FLAT,+0.0,+69.0,3.4,+0.00,0.00,SLOW,4405.50,4406.54,4403.14,4406.23,0.00,0.00,0.0,BEARISH,340.0,4406.19,4406.19,4406.19,4406.19,32,CLEARED_>=20s,1.0,0.0,0.0,0.0,0.0,0.0,0.0,PASS_<20%,0.00,0.0,NO,STANDBY_VEL_LOW,1,1321.86,3268.14,132.45,FALSE,M1_DIRECTION_MISMATCH
2026-09-07 18:43:33.136,1788806613.137,4022,24,151,4406.19,4406.27,8.0,PASS_<=10c,+0.0,FLAT,+0.0,+69.0,3.5,+0.00,0.00,SLOW,4405.50,4406.54,4403.14,4406.23,0.00,0.00,0.0,BEARISH,340.0,4406.19,4406.19,4406.19,4406.19,33,CLEARED_>=20s,1.0,0.0,0.0,0.0,0.0,0.0,0.0,PASS_<20%,0.00,0.0,NO,STANDBY_VEL_LOW,1,1321.86,3268.14,132.45,FALSE,M1_DIRECTION_MISMATCH
2026-09-07 18:43:33.638,1788806613.639,4023,25,152,4406.19,4406.27,8.0,PASS_<=10c,+0.0,FLAT,+0.0,+69.0,3.5,+0.00,0.00,SLOW,4405.50,4406.54,4403.14,4406.23,0.00,0.00,0.0,BEARISH,340.0,4406.19,4406.19,4406.19,4406.19,33,CLEARED_>=20s,1.0,0.0,0.0,0.0,0.0,0.0,0.0,PASS_<20%,0.00,0.0,NO,STANDBY_VEL_LOW,1,1321.86,3268.14,132.45,FALSE,M1_DIRECTION_MISMATCH
2026-09-07 18:43:34.139,1788806614.140,4024,26,153,4406.19,4406.27,8.0,PASS_<=10c,+0.0,FLAT,+0.0,+69.0,3.6,+0.00,0.00,SLOW,4405.50,4406.54,4403.14,4406.23,0.00,0.00,0.0,BEARISH,340.0,4406.19,4406.19,4406.19,4406.19,34,CLEARED_>=20s,1.0,0.0,0.0,0.0,0.0,0.0,0.0,PASS_<20%,0.00,0.0,NO,STANDBY_VEL_LOW,1,1321.86,3268.14,132.45,FALSE,M1_DIRECTION_MISMATCH
2026-09-07 18:43:34.641,1788806614.642,4025,27,154,4406.19,4406.27,8.0,PASS_<=10c,+0.0,FLAT,+0.0,+69.0,3.6,+0.00,0.00,SLOW,4405.50,4406.54,4403.14,4406.23,0.00,0.00,0.0,BEARISH,340.0,4406.19,4406.19,4406.19,4406.19,34,CLEARED_>=20s,1.0,0.0,0.0,0.0,0.0,0.0,0.0,PASS_<20%,0.00,0.0,NO,STANDBY_VEL_LOW,1,1321.86,3268.14,132.45,FALSE,M1_DIRECTION_MISMATCH
2026-09-07 18:43:35.144,1788806615.144,4026,28,155,4406.19,4406.27,8.0,PASS_<=10c,+0.0,FLAT,+0.0,+69.0,4.4,+0.00,0.00,SLOW,4405.50,4406.54,4403.14,4406.23,0.00,0.00,0.0,BEARISH,340.0,4406.19,4406.19,4406.19,4406.19,35,CLEARED_>=20s,1.0,0.0,0.0,0.0,0.0,0.0,0.0,PASS_<20%,0.00,0.0,NO,STANDBY_VEL_LOW,1,1321.86,3268.14,132.45,FALSE,M1_DIRECTION_MISMATCH
2026-09-07 18:43:35.645,1788806615.645,4027,29,156,4406.19,4406.27,8.0,PASS_<=10c,+0.0,FLAT,+0.0,+69.0,4.3,+0.00,0.00,SLOW,4405.50,4406.54,4403.14,4406.23,0.00,0.00,0.0,BEARISH,340.0,4406.19,4406.19,4406.19,4406.19,35,CLEARED_>=20s,1.0,0.0,0.0,0.0,0.0,0.0,0.0,PASS_<20%,0.00,0.0,NO,STANDBY_VEL_LOW,1,1321.86,3268.14,132.45,FALSE,M1_DIRECTION_MISMATCH
2026-09-07 18:43:36.148,1788806616.149,4028,30,157,4406.19,4406.27,8.0,PASS_<=10c,+0.0,FLAT,+0.0,+69.0,4.2,+0.00,0.00,SLOW,4405.50,4406.54,4403.14,4406.23,0.00,0.00,0.0,BEARISH,340.0,4406.19,4406.19,4406.19,4406.19,36,CLEARED_>=20s,1.0,0.0,0.0,0.0,0.0,0.0,0.0,PASS_<20%,0.00,0.0,NO,STANDBY_VEL_LOW,1,1321.86,3268.14,132.45,FALSE,M1_DIRECTION_MISMATCH
2026-09-07 18:43:36.648,1788806616.649,4029,31,158,4406.19,4406.27,8.0,PASS_<=10c,+0.0,FLAT,+0.0,+69.0,4.2,+0.00,0.00,SLOW,4405.50,4406.54,4403.14,4406.23,0.00,0.00,0.0,BEARISH,340.0,4406.19,4406.19,4406.19,4406.19,36,CLEARED_>=20s,1.0,0.0,0.0,0.0,0.0,0.0,0.0,PASS_<20%,0.00,0.0,NO,STANDBY_VEL_LOW,1,1321.86,3268.14,132.45,FALSE,M1_DIRECTION_MISMATCH
2026-09-07 18:43:37.150,1788806617.151,4030,32,159,4406.19,4406.27,8.0,PASS_<=10c,+0.0,FLAT,+0.0,+69.0,4.2,+0.00,0.00,SLOW,4405.50,4406.54,4403.14,4406.23,0.00,0.00,0.0,BEARISH,340.0,4406.19,4406.19,4406.19,4406.19,37,CLEARED_>=20s,1.0,0.0,0.0,0.0,0.0,0.0,0.0,PASS_<20%,0.00,0.0,NO,STANDBY_VEL_LOW,1,1321.86,3268.14,132.45,FALSE,M1_DIRECTION_MISMATCH
2026-09-07 18:43:37.651,1788806617.652,4031,33,160,4406.19,4406.27,8.0,PASS_<=10c,+0.0,FLAT,+0.0,+69.0,4.2,+0.00,0.00,SLOW,4405.50,4406.54,4403.14,4406.23,0.00,0.00,0.0,BEARISH,340.0,4406.19,4406.19,4406.19,4406.19,37,CLEARED_>=20s,1.0,0.0,0.0,0.0,0.0,0.0,0.0,PASS_<20%,0.00,0.0,NO,STANDBY_VEL_LOW,1,1321.86,3268.14,132.45,FALSE,M1_DIRECTION_MISMATCH
2026-09-07 18:43:38.153,1788806618.153,4032,34,161,4406.19,4406.27,8.0,PASS_<=10c,+0.0,FLAT,+0.0,+69.0,4.2,+0.00,0.00,SLOW,4405.50,4406.54,4403.14,4406.23,0.00,0.00,0.0,BEARISH,340.0,4406.19,4406.19,4406.19,4406.19,38,CLEARED_>=20s,1.0,0.0,0.0,0.0,0.0,0.0,0.0,PASS_<20%,0.00,0.0,NO,STANDBY_VEL_LOW,1,1321.86,3268.14,132.45,FALSE,M1_DIRECTION_MISMATCH
2026-09-07 18:43:38.655,1788806618.655,4033,35,162,4406.19,4406.27,8.0,PASS_<=10c,+0.0,FLAT,+0.0,+69.0,4.2,+0.00,0.00,SLOW,4405.50,4406.54,4403.14,4406.23,0.00,0.00,0.0,BEARISH,340.0,4406.19,4406.19,4406.19,4406.19,38,CLEARED_>=20s,1.0,0.0,0.0,0.0,0.0,0.0,0.0,PASS_<20%,0.00,0.0,NO,STANDBY_VEL_LOW,1,1321.86,3268.14,132.45,FALSE,M1_DIRECTION_MISMATCH
2026-09-07 18:43:49.027,1788806629.028,4034,36,163,4406.19,4406.27,8.0,PASS_<=10c,+0.0,FLAT,+0.0,+69.0,1.3,+0.00,0.00,SLOW,4405.50,4406.54,4403.14,4406.23,0.00,0.00,0.0,BEARISH,340.0,4406.19,4406.19,4406.19,4406.19,49,CLEARED_>=20s,1.0,0.0,0.0,0.0,0.0,0.0,0.0,PASS_<20%,0.00,0.0,NO,STANDBY_VEL_LOW,1,1321.86,3268.14,132.45,FALSE,M1_DIRECTION_MISMATCH
2026-09-07 18:43:56.453,1788806636.454,4035,37,164,4406.19,4406.27,8.0,PASS_<=10c,+0.0,FLAT,+0.0,+69.0,1.3,+0.00,0.00,SLOW,4405.50,4406.54,4403.14,4406.23,0.00,0.00,0.0,BEARISH,340.0,4406.19,4406.19,4406.19,4406.19,56,CLEARED_>=20s,1.0,0.0,0.0,0.0,0.0,0.0,0.0,PASS_<20%,0.00,0.0,NO,STANDBY_VEL_LOW,1,1321.86,3268.14,132.45,FALSE,M1_DIRECTION_MISMATCH
2026-09-07 18:43:56.808,1788806636.808,4036,38,165,4406.19,4406.27,8.0,PASS_<=10c,+0.0,FLAT,+0.0,+69.0,1.5,+0.00,0.00,SLOW,4405.50,4406.54,4403.14,4406.23,0.00,0.00,0.0,BEARISH,340.0,4406.19,4406.19,4406.19,4406.19,56,CLEARED_>=20s,1.0,0.0,0.0,0.0,0.0,0.0,0.0,PASS_<20%,0.00,0.0,NO,STANDBY_VEL_LOW,1,1321.86,3268.14,132.45,FALSE,M1_DIRECTION_MISMATCH
2026-09-07 18:43:57.310,1788806637.310,4037,39,166,4406.19,4406.27,8.0,PASS_<=10c,+0.0,FLAT,+0.0,+69.0,1.9,+0.00,0.00,SLOW,4405.50,4406.54,4403.14,4406.23,0.00,0.00,0.0,BEARISH,340.0,4406.19,4406.19,4406.19,4406.19,57,CLEARED_>=20s,1.0,0.0,0.0,0.0,0.0,0.0,0.0,PASS_<20%,0.00,0.0,NO,STANDBY_VEL_LOW,1,1321.86,3268.14,132.45,FALSE,M1_DIRECTION_MISMATCH
2026-09-07 18:43:57.811,1788806637.812,4038,40,167,4406.19,4406.27,8.0,PASS_<=10c,+0.0,FLAT,+0.0,+69.0,2.2,+0.00,0.00,SLOW,4405.50,4406.54,4403.14,4406.23,0.00,0.00,0.0,BEARISH,340.0,4406.19,4406.19,4406.19,4406.19,57,CLEARED_>=20s,1.0,0.0,0.0,0.0,0.0,0.0,0.0,PASS_<20%,0.00,0.0,NO,STANDBY_VEL_LOW,1,1321.86,3268.14,132.45,FALSE,M1_DIRECTION_MISMATCH
2026-09-07 18:43:58.313,1788806638.313,4039,41,168,4406.19,4406.27,8.0,PASS_<=10c,+0.0,FLAT,+0.0,+69.0,2.4,+0.00,0.00,SLOW,4405.50,4406.54,4403.14,4406.23,0.00,0.00,0.0,BEARISH,340.0,4406.19,4406.19,4406.19,4406.19,58,CLEARED_>=20s,1.0,0.0,0.0,0.0,0.0,0.0,0.0,PASS_<20%,0.00,0.0,NO,STANDBY_VEL_LOW,1,1321.86,3268.14,132.45,FALSE,M1_DIRECTION_MISMATCH
2026-09-07 18:43:58.816,1788806638.816,4040,42,169,4406.19,4406.27,8.0,PASS_<=10c,+0.0,FLAT,+0.0,+69.0,2.6,+0.00,0.00,SLOW,4405.50,4406.54,4403.14,4406.23,0.00,0.00,0.0,BEARISH,340.0,4406.19,4406.19,4406.19,4406.19,58,CLEARED_>=20s,1.0,0.0,0.0,0.0,0.0,0.0,0.0,PASS_<20%,0.00,0.0,NO,STANDBY_VEL_LOW,1,1321.86,3268.14,132.45,FALSE,M1_DIRECTION_MISMATCH
2026-09-07 18:43:59.323,1788806639.323,4041,43,170,4406.19,4406.27,8.0,PASS_<=10c,+0.0,FLAT,+0.0,+69.0,4.5,+0.00,0.00,SLOW,4405.50,4406.54,4403.14,4406.23,0.00,0.00,0.0,BEARISH,340.0,4406.19,4406.19,4406.19,4406.19,59,CLEARED_>=20s,1.0,0.0,0.0,0.0,0.0,0.0,0.0,PASS_<20%,0.00,0.0,NO,STANDBY_VEL_LOW,1,1321.86,3268.14,132.45,FALSE,M1_DIRECTION_MISMATCH
2026-09-07 18:43:59.823,1788806639.823,4042,44,171,4406.19,4406.27,8.0,PASS_<=10c,+0.0,FLAT,+0.0,+69.0,4.5,+0.00,0.00,SLOW,4405.50,4406.54,4403.14,4406.23,0.00,0.00,0.0,BEARISH,340.0,4406.19,4406.19,4406.19,4406.19,59,CLEARED_>=20s,1.0,0.0,0.0,0.0,0.0,0.0,0.0,PASS_<20%,0.00,0.0,NO,STANDBY_VEL_LOW,1,1321.86,3268.14,132.45,FALSE,M1_DIRECTION_MISMATCH
2026-09-07 18:44:00.324,1788806640.324,4043,1,172,4406.19,4406.27,8.0,PASS_<=10c,+0.0,FLAT,+0.0,+69.0,4.4,+0.00,0.00,SLOW,4405.50,4406.54,4403.14,4406.23,0.00,0.00,0.0,BEARISH,340.0,4406.19,4406.19,4406.19,4406.19,0,ACTIVE_0s,1.0,0.0,0.0,0.0,0.0,0.0,0.0,PASS_<20%,0.00,0.0,NO,STANDBY_VEL_LOW,1,1321.86,3268.14,132.45,FALSE,M1_DIRECTION_MISMATCH|OPENING_SHIELD_ACTIVE_0s
2026-09-07 18:44:00.825,1788806640.826,4044,2,173,4406.19,4406.27,8.0,PASS_<=10c,+0.0,FLAT,+0.0,+69.0,4.3,+0.00,0.00,SLOW,4405.50,4406.54,4403.14,4406.23,0.00,0.00,0.0,BEARISH,340.0,4406.19,4406.19,4406.19,4406.19,0,ACTIVE_0s,1.0,0.0,0.0,0.0,0.0,0.0,0.0,PASS_<20%,0.00,0.0,NO,STANDBY_VEL_LOW,1,1321.86,3268.14,132.45,FALSE,M1_DIRECTION_MISMATCH|OPENING_SHIELD_ACTIVE_0s
2026-09-07 18:44:01.328,1788806641.329,4045,3,174,4406.19,4406.27,8.0,PASS_<=10c,+0.0,FLAT,+0.0,+69.0,4.3,+0.00,0.00,SLOW,4405.50,4406.54,4403.14,4406.23,0.00,0.00,0.0,BEARISH,340.0,4406.19,4406.19,4406.19,4406.19,1,ACTIVE_1s,1.0,0.0,0.0,0.0,0.0,0.0,0.0,PASS_<20%,0.00,0.0,NO,STANDBY_VEL_LOW,1,1321.86,3268.14,132.45,FALSE,M1_DIRECTION_MISMATCH|OPENING_SHIELD_ACTIVE_1s
2026-09-07 18:44:01.828,1788806641.829,4046,4,175,4406.19,4406.27,8.0,PASS_<=10c,+0.0,FLAT,+0.0,+69.0,4.2,+0.00,0.00,SLOW,4405.50,4406.54,4403.14,4406.23,0.00,0.00,0.0,BEARISH,340.0,4406.19,4406.19,4406.19,4406.19,1,ACTIVE_1s,1.0,0.0,0.0,0.0,0.0,0.0,0.0,PASS_<20%,0.00,0.0,NO,STANDBY_VEL_LOW,1,1321.86,3268.14,132.45,FALSE,M1_DIRECTION_MISMATCH|OPENING_SHIELD_ACTIVE_1s
2026-09-07 18:44:02.330,1788806642.330,4047,5,176,4406.19,4406.27,8.0,PASS_<=10c,+0.0,FLAT,+0.0,+69.0,4.2,+0.00,0.00,SLOW,4405.50,4406.54,4403.14,4406.23,0.00,0.00,0.0,BEARISH,340.0,4406.19,4406.19,4406.19,4406.19,2,ACTIVE_2s,1.0,0.0,0.0,0.0,0.0,0.0,0.0,PASS_<20%,0.00,0.0,NO,STANDBY_VEL_LOW,1,1321.86,3268.14,132.45,FALSE,M1_DIRECTION_MISMATCH|OPENING_SHIELD_ACTIVE_2s
2026-09-07 18:44:02.831,1788806642.832,4048,6,177,4406.19,4406.27,8.0,PASS_<=10c,+0.0,FLAT,+0.0,+69.0,4.2,+0.00,0.00,SLOW,4405.50,4406.54,4403.14,4406.23,0.00,0.00,0.0,BEARISH,340.0,4406.19,4406.19,4406.19,4406.19,2,ACTIVE_2s,1.0,0.0,0.0,0.0,0.0,0.0,0.0,PASS_<20%,0.00,0.0,NO,STANDBY_VEL_LOW,1,1321.86,3268.14,132.45,FALSE,M1_DIRECTION_MISMATCH|OPENING_SHIELD_ACTIVE_2s
2026-09-07 18:44:03.333,1788806643.333,4049,7,178,4406.19,4406.27,8.0,PASS_<=10c,+0.0,FLAT,+0.0,+69.0,4.2,+0.00,0.00,SLOW,4405.50,4406.54,4403.14,4406.23,0.00,0.00,0.0,BEARISH,340.0,4406.19,4406.19,4406.19,4406.19,3,ACTIVE_3s,1.0,0.0,0.0,0.0,0.0,0.0,0.0,PASS_<20%,0.00,0.0,NO,STANDBY_VEL_LOW,1,1321.86,3268.14,132.45,FALSE,M1_DIRECTION_MISMATCH|OPENING_SHIELD_ACTIVE_3s
2026-09-07 18:44:03.839,1788806643.839,4050,8,179,4406.19,4406.27,8.0,PASS_<=10c,+0.0,FLAT,+0.0,+69.0,4.2,+0.00,0.00,SLOW,4405.50,4406.54,4403.14,4406.23,0.00,0.00,0.0,BEARISH,340.0,4406.19,4406.19,4406.19,4406.19,3,ACTIVE_3s,1.0,0.0,0.0,0.0,0.0,0.0,0.0,PASS_<20%,0.00,0.0,NO,STANDBY_VEL_LOW,1,1321.86,3268.14,132.45,FALSE,M1_DIRECTION_MISMATCH|OPENING_SHIELD_ACTIVE_3s
2026-09-07 18:44:04.336,1788806644.337,4051,9,180,4406.19,4406.27,8.0,PASS_<=10c,+0.0,FLAT,+0.0,+69.0,4.2,+0.00,0.00,SLOW,4405.50,4406.54,4403.14,4406.23,0.00,0.00,0.0,BEARISH,340.0,4406.19,4406.19,4406.19,4406.19,4,ACTIVE_4s,1.0,0.0,0.0,0.0,0.0,0.0,0.0,PASS_<20%,0.00,0.0,NO,STANDBY_VEL_LOW,1,1321.86,3268.14,132.45,FALSE,M1_DIRECTION_MISMATCH|OPENING_SHIELD_ACTIVE_4s
2026-09-07 18:44:14.717,1788806654.717,4052,10,181,4406.19,4406.27,8.0,PASS_<=10c,+0.0,FLAT,+0.0,+69.0,1.3,+0.00,0.00,SLOW,4405.50,4406.54,4403.14,4406.23,0.00,0.00,0.0,BEARISH,340.0,4406.19,4406.19,4406.19,4406.19,14,ACTIVE_14s,1.0,0.0,0.0,0.0,0.0,0.0,0.0,PASS_<20%,0.00,0.0,NO,STANDBY_VEL_LOW,1,1321.86,3268.14,132.45,FALSE,M1_DIRECTION_MISMATCH|OPENING_SHIELD_ACTIVE_14s
2026-09-07 18:44:21.542,1788806661.542,4053,11,182,4406.19,4406.27,8.0,PASS_<=10c,+0.0,FLAT,+0.0,+69.0,1.3,+0.00,0.00,SLOW,4405.50,4406.54,4403.14,4406.23,0.00,0.00,0.0,BEARISH,340.0,4406.19,4406.19,4406.19,4406.19,21,CLEARED_>=20s,1.0,0.0,0.0,0.0,0.0,0.0,0.0,PASS_<20%,0.00,0.0,NO,STANDBY_VEL_LOW,1,1321.86,3268.14,132.45,FALSE,M1_DIRECTION_MISMATCH
2026-09-07 18:44:21.898,1788806661.898,4054,12,183,4406.19,4406.27,8.0,PASS_<=10c,+0.0,FLAT,+0.0,+69.0,1.9,+0.00,0.00,SLOW,4405.50,4406.54,4403.14,4406.23,0.00,0.00,0.0,BEARISH,340.0,4406.19,4406.19,4406.19,4406.19,21,CLEARED_>=20s,1.0,0.0,0.0,0.0,0.0,0.0,0.0,PASS_<20%,0.00,0.0,NO,STANDBY_VEL_LOW,1,1321.86,3268.14,132.45,FALSE,M1_DIRECTION_MISMATCH
2026-09-07 18:44:22.400,1788806662.400,4055,13,184,4406.19,4406.27,8.0,PASS_<=10c,+0.0,FLAT,+0.0,+69.0,2.3,+0.00,0.00,SLOW,4405.50,4406.54,4403.14,4406.23,0.00,0.00,0.0,BEARISH,340.0,4406.19,4406.19,4406.19,4406.19,22,CLEARED_>=20s,1.0,0.0,0.0,0.0,0.0,0.0,0.0,PASS_<20%,0.00,0.0,NO,STANDBY_VEL_LOW,1,1321.86,3268.14,132.45,FALSE,M1_DIRECTION_MISMATCH
2026-09-07 18:44:22.902,1788806662.902,4056,14,185,4406.19,4406.27,8.0,PASS_<=10c,+0.0,FLAT,+0.0,+69.0,2.6,+0.00,0.00,SLOW,4405.50,4406.54,4403.14,4406.23,0.00,0.00,0.0,BEARISH,340.0,4406.19,4406.19,4406.19,4406.19,22,CLEARED_>=20s,1.0,0.0,0.0,0.0,0.0,0.0,0.0,PASS_<20%,0.00,0.0,NO,STANDBY_VEL_LOW,1,1321.86,3268.14,132.45,FALSE,M1_DIRECTION_MISMATCH
2026-09-07 18:44:23.404,1788806663.405,4057,15,186,4406.19,4406.27,8.0,PASS_<=10c,+0.0,FLAT,+0.0,+69.0,2.8,+0.00,0.00,SLOW,4405.50,4406.54,4403.14,4406.23,0.00,0.00,0.0,BEARISH,340.0,4406.19,4406.19,4406.19,4406.19,23,CLEARED_>=20s,1.0,0.0,0.0,0.0,0.0,0.0,0.0,PASS_<20%,0.00,0.0,NO,STANDBY_VEL_LOW,1,1321.86,3268.14,132.45,FALSE,M1_DIRECTION_MISMATCH
2026-09-07 18:44:23.911,1788806663.912,4058,16,187,4406.19,4406.27,8.0,PASS_<=10c,+0.0,FLAT,+0.0,+69.0,2.9,+0.00,0.00,SLOW,4405.50,4406.54,4403.14,4406.23,0.00,0.00,0.0,BEARISH,340.0,4406.19,4406.19,4406.19,4406.19,23,CLEARED_>=20s,1.0,0.0,0.0,0.0,0.0,0.0,0.0,PASS_<20%,0.00,0.0,NO,STANDBY_VEL_LOW,1,1321.86,3268.14,132.45,FALSE,M1_DIRECTION_MISMATCH
2026-09-07 18:44:24.410,1788806664.411,4059,17,188,4406.19,4406.27,8.0,PASS_<=10c,+0.0,FLAT,+0.0,+69.0,3.1,+0.00,0.00,SLOW,4405.50,4406.54,4403.14,4406.23,0.00,0.00,0.0,BEARISH,340.0,4406.19,4406.19,4406.19,4406.19,24,CLEARED_>=20s,1.0,0.0,0.0,0.0,0.0,0.0,0.0,PASS_<20%,0.00,0.0,NO,STANDBY_VEL_LOW,1,1321.86,3268.14,132.45,FALSE,M1_DIRECTION_MISMATCH
2026-09-07 18:44:24.911,1788806664.912,4060,18,189,4406.19,4406.27,8.0,PASS_<=10c,+0.0,FLAT,+0.0,+69.0,4.5,+0.00,0.00,SLOW,4405.50,4406.54,4403.14,4406.23,0.00,0.00,0.0,BEARISH,340.0,4406.19,4406.19,4406.19,4406.19,24,CLEARED_>=20s,1.0,0.0,0.0,0.0,0.0,0.0,0.0,PASS_<20%,0.00,0.0,NO,STANDBY_VEL_LOW,1,1321.86,3268.14,132.45,FALSE,M1_DIRECTION_MISMATCH
2026-09-07 18:44:25.414,1788806665.414,4061,19,190,4406.19,4406.27,8.0,PASS_<=10c,+0.0,FLAT,+0.0,+69.0,4.4,+0.00,0.00,SLOW,4405.50,4406.54,4403.14,4406.23,0.00,0.00,0.0,BEARISH,340.0,4406.19,4406.19,4406.19,4406.19,25,CLEARED_>=20s,1.0,0.0,0.0,0.0,0.0,0.0,0.0,PASS_<20%,0.00,0.0,NO,STANDBY_VEL_LOW,1,1321.86,3268.14,132.45,FALSE,M1_DIRECTION_MISMATCH
2026-09-07 18:44:25.916,1788806665.916,4062,20,191,4406.19,4406.27,8.0,PASS_<=10c,+0.0,FLAT,+0.0,+69.0,4.3,+0.00,0.00,SLOW,4405.50,4406.54,4403.14,4406.23,0.00,0.00,0.0,BEARISH,340.0,4406.19,4406.19,4406.19,4406.19,25,CLEARED_>=20s,1.0,0.0,0.0,0.0,0.0,0.0,0.0,PASS_<20%,0.00,0.0,NO,STANDBY_VEL_LOW,1,1321.86,3268.14,132.45,FALSE,M1_DIRECTION_MISMATCH
2026-09-07 18:44:26.418,1788806666.418,4063,21,192,4406.19,4406.27,8.0,PASS_<=10c,+0.0,FLAT,+0.0,+69.0,4.3,+0.00,0.00,SLOW,4405.50,4406.54,4403.14,4406.23,0.00,0.00,0.0,BEARISH,340.0,4406.19,4406.19,4406.19,4406.19,26,CLEARED_>=20s,1.0,0.0,0.0,0.0,0.0,0.0,0.0,PASS_<20%,0.00,0.0,NO,STANDBY_VEL_LOW,1,1321.86,3268.14,132.45,FALSE,M1_DIRECTION_MISMATCH
2026-09-07 18:44:26.920,1788806666.920,4064,22,193,4406.19,4406.27,8.0,PASS_<=10c,+0.0,FLAT,+0.0,+69.0,4.2,+0.00,0.00,SLOW,4405.50,4406.54,4403.14,4406.23,0.00,0.00,0.0,BEARISH,340.0,4406.19,4406.19,4406.19,4406.19,26,CLEARED_>=20s,1.0,0.0,0.0,0.0,0.0,0.0,0.0,PASS_<20%,0.00,0.0,NO,STANDBY_VEL_LOW,1,1321.86,3268.14,132.45,FALSE,M1_DIRECTION_MISMATCH
2026-09-07 18:44:27.420,1788806667.421,4065,23,194,4406.19,4406.27,8.0,PASS_<=10c,+0.0,FLAT,+0.0,+69.0,4.2,+0.00,0.00,SLOW,4405.50,4406.54,4403.14,4406.23,0.00,0.00,0.0,BEARISH,340.0,4406.19,4406.19,4406.19,4406.19,27,CLEARED_>=20s,1.0,0.0,0.0,0.0,0.0,0.0,0.0,PASS_<20%,0.00,0.0,NO,STANDBY_VEL_LOW,1,1321.86,3268.14,132.45,FALSE,M1_DIRECTION_MISMATCH
2026-09-07 18:44:27.925,1788806667.925,4066,24,195,4406.19,4406.27,8.0,PASS_<=10c,+0.0,FLAT,+0.0,+69.0,4.2,+0.00,0.00,SLOW,4405.50,4406.54,4403.14,4406.23,0.00,0.00,0.0,BEARISH,340.0,4406.19,4406.19,4406.19,4406.19,27,CLEARED_>=20s,1.0,0.0,0.0,0.0,0.0,0.0,0.0,PASS_<20%,0.00,0.0,NO,STANDBY_VEL_LOW,1,1321.86,3268.14,132.45,FALSE,M1_DIRECTION_MISMATCH
2026-09-07 18:44:28.423,1788806668.424,4067,25,196,4406.19,4406.27,8.0,PASS_<=10c,+0.0,FLAT,+0.0,+69.0,4.2,+0.00,0.00,SLOW,4405.50,4406.54,4403.14,4406.23,0.00,0.00,0.0,BEARISH,340.0,4406.19,4406.19,4406.19,4406.19,28,CLEARED_>=20s,1.0,0.0,0.0,0.0,0.0,0.0,0.0,PASS_<20%,0.00,0.0,NO,STANDBY_VEL_LOW,1,1321.86,3268.14,132.45,FALSE,M1_DIRECTION_MISMATCH
2026-09-07 18:44:28.926,1788806668.927,4068,26,197,4406.19,4406.27,8.0,PASS_<=10c,+0.0,FLAT,+0.0,+69.0,4.2,+0.00,0.00,SLOW,4405.50,4406.54,4403.14,4406.23,0.00,0.00,0.0,BEARISH,340.0,4406.19,4406.19,4406.19,4406.19,28,CLEARED_>=20s,1.0,0.0,0.0,0.0,0.0,0.0,0.0,PASS_<20%,0.00,0.0,NO,STANDBY_VEL_LOW,1,1321.86,3268.14,132.45,FALSE,M1_DIRECTION_MISMATCH
2026-09-07 18:44:29.427,1788806669.428,4069,27,198,4406.19,4406.27,8.0,PASS_<=10c,+0.0,FLAT,+0.0,+69.0,4.2,+0.00,0.00,SLOW,4405.50,4406.54,4403.14,4406.23,0.00,0.00,0.0,BEARISH,340.0,4406.19,4406.19,4406.19,4406.19,29,CLEARED_>=20s,1.0,0.0,0.0,0.0,0.0,0.0,0.0,PASS_<20%,0.00,0.0,NO,STANDBY_VEL_LOW,1,1321.86,3268.14,132.45,FALSE,M1_DIRECTION_MISMATCH
2026-09-07 18:44:39.807,1788806679.808,4070,28,199,4406.19,4406.27,8.0,PASS_<=10c,+0.0,FLAT,+0.0,+69.0,1.3,+0.00,0.00,SLOW,4405.50,4406.54,4403.14,4406.23,0.00,0.00,0.0,BEARISH,340.0,4406.19,4406.19,4406.19,4406.19,39,CLEARED_>=20s,1.0,0.0,0.0,0.0,0.0,0.0,0.0,PASS_<20%,0.00,0.0,NO,STANDBY_VEL_LOW,1,1321.86,3268.14,132.45,FALSE,M1_DIRECTION_MISMATCH
2026-09-07 18:44:46.228,1788806686.229,4071,29,200,4406.19,4406.27,8.0,PASS_<=10c,+0.0,FLAT,+0.0,+69.0,1.5,+0.00,0.00,SLOW,4405.50,4406.54,4403.14,4406.23,0.00,0.00,0.0,BEARISH,340.0,4406.19,4406.19,4406.19,4406.19,46,CLEARED_>=20s,1.0,0.0,0.0,0.0,0.0,0.0,0.0,PASS_<20%,0.00,0.0,NO,STANDBY_VEL_LOW,1,1321.86,3268.14,132.45,FALSE,M1_DIRECTION_MISMATCH
2026-09-07 18:44:46.583,1788806686.584,4072,30,201,4406.19,4406.27,8.0,PASS_<=10c,+0.0,FLAT,+0.0,+69.0,2.4,+0.00,0.00,SLOW,4405.50,4406.54,4403.14,4406.23,0.00,0.00,0.0,BEARISH,340.0,4406.19,4406.19,4406.19,4406.19,46,CLEARED_>=20s,1.0,0.0,0.0,0.0,0.0,0.0,0.0,PASS_<20%,0.00,0.0,NO,STANDBY_VEL_LOW,1,1321.86,3268.14,132.45,FALSE,M1_DIRECTION_MISMATCH
2026-09-07 18:44:47.084,1788806687.085,4073,31,202,4406.19,4406.27,8.0,PASS_<=10c,+0.0,FLAT,+0.0,+69.0,2.8,+0.00,0.00,SLOW,4405.50,4406.54,4403.14,4406.23,0.00,0.00,0.0,BEARISH,340.0,4406.19,4406.19,4406.19,4406.19,47,CLEARED_>=20s,1.0,0.0,0.0,0.0,0.0,0.0,0.0,PASS_<20%,0.00,0.0,NO,STANDBY_VEL_LOW,1,1321.86,3268.14,132.45,FALSE,M1_DIRECTION_MISMATCH
2026-09-07 18:44:47.586,1788806687.586,4074,32,203,4406.19,4406.27,8.0,PASS_<=10c,+0.0,FLAT,+0.0,+69.0,3.0,+0.00,0.00,SLOW,4405.50,4406.54,4403.14,4406.23,0.00,0.00,0.0,BEARISH,340.0,4406.19,4406.19,4406.19,4406.19,47,CLEARED_>=20s,1.0,0.0,0.0,0.0,0.0,0.0,0.0,PASS_<20%,0.00,0.0,NO,STANDBY_VEL_LOW,1,1321.86,3268.14,132.45,FALSE,M1_DIRECTION_MISMATCH
2026-09-07 18:44:48.089,1788806688.090,4075,33,204,4406.19,4406.27,8.0,PASS_<=10c,+0.0,FLAT,+0.0,+69.0,3.2,+0.00,0.00,SLOW,4405.50,4406.54,4403.14,4406.23,0.00,0.00,0.0,BEARISH,340.0,4406.19,4406.19,4406.19,4406.19,48,CLEARED_>=20s,1.0,0.0,0.0,0.0,0.0,0.0,0.0,PASS_<20%,0.00,0.0,NO,STANDBY_VEL_LOW,1,1321.86,3268.14,132.45,FALSE,M1_DIRECTION_MISMATCH
2026-09-07 18:44:48.589,1788806688.589,4076,34,205,4406.19,4406.27,8.0,PASS_<=10c,+0.0,FLAT,+0.0,+69.0,3.3,+0.00,0.00,SLOW,4405.50,4406.54,4403.14,4406.23,0.00,0.00,0.0,BEARISH,340.0,4406.19,4406.19,4406.19,4406.19,48,CLEARED_>=20s,1.0,0.0,0.0,0.0,0.0,0.0,0.0,PASS_<20%,0.00,0.0,NO,STANDBY_VEL_LOW,1,1321.86,3268.14,132.45,FALSE,M1_DIRECTION_MISMATCH
2026-09-07 18:44:49.091,1788806689.091,4077,35,206,4406.19,4406.27,8.0,PASS_<=10c,+0.0,FLAT,+0.0,+69.0,3.4,+0.00,0.00,SLOW,4405.50,4406.54,4403.14,4406.23,0.00,0.00,0.0,BEARISH,340.0,4406.19,4406.19,4406.19,4406.19,49,CLEARED_>=20s,1.0,0.0,0.0,0.0,0.0,0.0,0.0,PASS_<20%,0.00,0.0,NO,STANDBY_VEL_LOW,1,1321.86,3268.14,132.45,FALSE,M1_DIRECTION_MISMATCH
2026-09-07 18:44:49.592,1788806689.593,4078,36,207,4406.19,4406.27,8.0,PASS_<=10c,+0.0,FLAT,+0.0,+69.0,3.4,+0.00,0.00,SLOW,4405.50,4406.54,4403.14,4406.23,0.00,0.00,0.0,BEARISH,340.0,4406.19,4406.19,4406.19,4406.19,49,CLEARED_>=20s,1.0,0.0,0.0,0.0,0.0,0.0,0.0,PASS_<20%,0.00,0.0,NO,STANDBY_VEL_LOW,1,1321.86,3268.14,132.45,FALSE,M1_DIRECTION_MISMATCH
2026-09-07 18:44:50.094,1788806690.095,4079,37,208,4406.19,4406.27,8.0,PASS_<=10c,+0.0,FLAT,+0.0,+69.0,4.4,+0.00,0.00,SLOW,4405.50,4406.54,4403.14,4406.23,0.00,0.00,0.0,BEARISH,340.0,4406.19,4406.19,4406.19,4406.19,50,CLEARED_>=20s,1.0,0.0,0.0,0.0,0.0,0.0,0.0,PASS_<20%,0.00,0.0,NO,STANDBY_VEL_LOW,1,1321.86,3268.14,132.45,FALSE,M1_DIRECTION_MISMATCH
2026-09-07 18:44:50.595,1788806690.596,4080,38,209,4406.19,4406.27,8.0,PASS_<=10c,+0.0,FLAT,+0.0,+69.0,4.3,+0.00,0.00,SLOW,4405.50,4406.54,4403.14,4406.23,0.00,0.00,0.0,BEARISH,340.0,4406.19,4406.19,4406.19,4406.19,50,CLEARED_>=20s,1.0,0.0,0.0,0.0,0.0,0.0,0.0,PASS_<20%,0.00,0.0,NO,STANDBY_VEL_LOW,1,1321.86,3268.14,132.45,FALSE,M1_DIRECTION_MISMATCH
2026-09-07 18:44:51.097,1788806691.097,4081,39,210,4406.19,4406.27,8.0,PASS_<=10c,+0.0,FLAT,+0.0,+69.0,4.3,+0.00,0.00,SLOW,4405.50,4406.54,4403.14,4406.23,0.00,0.00,0.0,BEARISH,340.0,4406.19,4406.19,4406.19,4406.19,51,CLEARED_>=20s,1.0,0.0,0.0,0.0,0.0,0.0,0.0,PASS_<20%,0.00,0.0,NO,STANDBY_VEL_LOW,1,1321.86,3268.14,132.45,FALSE,M1_DIRECTION_MISMATCH
2026-09-07 18:44:51.599,1788806691.599,4082,40,211,4406.19,4406.27,8.0,PASS_<=10c,+0.0,FLAT,+0.0,+69.0,4.2,+0.00,0.00,SLOW,4405.50,4406.54,4403.14,4406.23,0.00,0.00,0.0,BEARISH,340.0,4406.19,4406.19,4406.19,4406.19,51,CLEARED_>=20s,1.0,0.0,0.0,0.0,0.0,0.0,0.0,PASS_<20%,0.00,0.0,NO,STANDBY_VEL_LOW,1,1321.86,3268.14,132.45,FALSE,M1_DIRECTION_MISMATCH
2026-09-07 18:44:52.100,1788806692.101,4083,41,212,4406.19,4406.27,8.0,PASS_<=10c,+0.0,FLAT,+0.0,+69.0,4.2,+0.00,0.00,SLOW,4405.50,4406.54,4403.14,4406.23,0.00,0.00,0.0,BEARISH,340.0,4406.19,4406.19,4406.19,4406.19,52,CLEARED_>=20s,1.0,0.0,0.0,0.0,0.0,0.0,0.0,PASS_<20%,0.00,0.0,NO,STANDBY_VEL_LOW,1,1321.86,3268.14,132.45,FALSE,M1_DIRECTION_MISMATCH
2026-09-07 18:44:52.601,1788806692.602,4084,42,213,4406.19,4406.27,8.0,PASS_<=10c,+0.0,FLAT,+0.0,+69.0,4.2,+0.00,0.00,SLOW,4405.50,4406.54,4403.14,4406.23,0.00,0.00,0.0,BEARISH,340.0,4406.19,4406.19,4406.19,4406.19,52,CLEARED_>=20s,1.0,0.0,0.0,0.0,0.0,0.0,0.0,PASS_<20%,0.00,0.0,NO,STANDBY_VEL_LOW,1,1321.86,3268.14,132.45,FALSE,M1_DIRECTION_MISMATCH
2026-09-07 18:44:53.103,1788806693.104,4085,43,214,4406.19,4406.27,8.0,PASS_<=10c,+0.0,FLAT,+0.0,+69.0,4.2,+0.00,0.00,SLOW,4405.50,4406.54,4403.14,4406.23,0.00,0.00,0.0,BEARISH,340.0,4406.19,4406.19,4406.19,4406.19,53,CLEARED_>=20s,1.0,0.0,0.0,0.0,0.0,0.0,0.0,PASS_<20%,0.00,0.0,NO,STANDBY_VEL_LOW,1,1321.86,3268.14,132.45,FALSE,M1_DIRECTION_MISMATCH
2026-09-07 18:44:53.604,1788806693.605,4086,44,215,4406.19,4406.27,8.0,PASS_<=10c,+0.0,FLAT,+0.0,+69.0,4.2,+0.00,0.00,SLOW,4405.50,4406.54,4403.14,4406.23,0.00,0.00,0.0,BEARISH,340.0,4406.19,4406.19,4406.19,4406.19,53,CLEARED_>=20s,1.0,0.0,0.0,0.0,0.0,0.0,0.0,PASS_<20%,0.00,0.0,NO,STANDBY_VEL_LOW,1,1321.86,3268.14,132.45,FALSE,M1_DIRECTION_MISMATCH
2026-09-07 18:44:54.105,1788806694.106,4087,45,216,4406.19,4406.27,8.0,PASS_<=10c,+0.0,FLAT,+0.0,+69.0,4.2,+0.00,0.00,SLOW,4405.50,4406.54,4403.14,4406.23,0.00,0.00,0.0,BEARISH,340.0,4406.19,4406.19,4406.19,4406.19,54,CLEARED_>=20s,1.0,0.0,0.0,0.0,0.0,0.0,0.0,PASS_<20%,0.00,0.0,NO,STANDBY_VEL_LOW,1,1321.86,3268.14,132.45,FALSE,M1_DIRECTION_MISMATCH
2026-09-07 18:45:04.490,1788806704.490,4088,1,1,4406.19,4406.27,8.0,PASS_<=10c,+0.0,FLAT,+0.0,+0.0,1.3,+0.00,0.00,SLOW,4406.19,4406.19,4406.19,4406.19,0.00,0.00,0.0,BEARISH,0.0,4406.19,4406.19,4406.19,4406.19,4,ACTIVE_4s,1.0,0.0,0.0,0.0,0.0,0.0,0.0,PASS_<20%,0.00,0.0,NO,STANDBY_VEL_LOW,1,1321.86,3268.14,132.45,FALSE,M1_DIRECTION_MISMATCH|OPENING_SHIELD_ACTIVE_4s
2026-09-07 18:45:11.109,1788806711.110,4089,2,2,4406.19,4406.27,8.0,PASS_<=10c,+0.0,FLAT,+0.0,+0.0,1.3,+0.00,0.00,SLOW,4406.19,4406.19,4406.19,4406.19,0.00,0.00,0.0,BEARISH,0.0,4406.19,4406.19,4406.19,4406.19,11,ACTIVE_11s,1.0,0.0,0.0,0.0,0.0,0.0,0.0,PASS_<20%,0.00,0.0,NO,STANDBY_VEL_LOW,1,1321.86,3268.14,132.45,FALSE,M1_DIRECTION_MISMATCH|OPENING_SHIELD_ACTIVE_11s
2026-09-07 18:45:11.463,1788806711.464,4090,3,3,4406.19,4406.27,8.0,PASS_<=10c,+0.0,FLAT,+0.0,+0.0,2.2,+0.00,0.00,SLOW,4406.19,4406.19,4406.19,4406.19,0.00,0.00,0.0,BEARISH,0.0,4406.19,4406.19,4406.19,4406.19,11,ACTIVE_11s,1.0,0.0,0.0,0.0,0.0,0.0,0.0,PASS_<20%,0.00,0.0,NO,STANDBY_VEL_LOW,1,1321.86,3268.14,132.45,FALSE,M1_DIRECTION_MISMATCH|OPENING_SHIELD_ACTIVE_11s
2026-09-07 18:45:11.966,1788806711.967,4091,4,4,4406.19,4406.27,8.0,PASS_<=10c,+0.0,FLAT,+0.0,+0.0,2.5,+0.00,0.00,SLOW,4406.19,4406.19,4406.19,4406.19,0.00,0.00,0.0,BEARISH,0.0,4406.19,4406.19,4406.19,4406.19,11,ACTIVE_11s,1.0,0.0,0.0,0.0,0.0,0.0,0.0,PASS_<20%,0.00,0.0,NO,STANDBY_VEL_LOW,1,1321.86,3268.14,132.45,FALSE,M1_DIRECTION_MISMATCH|OPENING_SHIELD_ACTIVE_11s
2026-09-07 18:45:12.466,1788806712.467,4092,5,5,4406.19,4406.27,8.0,PASS_<=10c,+0.0,FLAT,+0.0,+0.0,2.8,+0.00,0.00,SLOW,4406.19,4406.19,4406.19,4406.19,0.00,0.00,0.0,BEARISH,0.0,4406.19,4406.19,4406.19,4406.19,12,ACTIVE_12s,1.0,0.0,0.0,0.0,0.0,0.0,0.0,PASS_<20%,0.00,0.0,NO,STANDBY_VEL_LOW,1,1321.86,3268.14,132.45,FALSE,M1_DIRECTION_MISMATCH|OPENING_SHIELD_ACTIVE_12s
2026-09-07 18:45:12.968,1788806712.969,4093,6,6,4406.19,4406.27,8.0,PASS_<=10c,+0.0,FLAT,+0.0,+0.0,3.0,+0.00,0.00,SLOW,4406.19,4406.19,4406.19,4406.19,0.00,0.00,0.0,BEARISH,0.0,4406.19,4406.19,4406.19,4406.19,12,ACTIVE_12s,1.0,0.0,0.0,0.0,0.0,0.0,0.0,PASS_<20%,0.00,0.0,NO,STANDBY_VEL_LOW,1,1321.86,3268.14,132.45,FALSE,M1_DIRECTION_MISMATCH|OPENING_SHIELD_ACTIVE_12s
2026-09-07 18:45:13.470,1788806713.471,4094,7,7,4406.19,4406.27,8.0,PASS_<=10c,+0.0,FLAT,+0.0,+0.0,3.1,+0.00,0.00,SLOW,4406.19,4406.19,4406.19,4406.19,0.00,0.00,0.0,BEARISH,0.0,4406.19,4406.19,4406.19,4406.19,13,ACTIVE_13s,1.0,0.0,0.0,0.0,0.0,0.0,0.0,PASS_<20%,0.00,0.0,NO,STANDBY_VEL_LOW,1,1321.86,3268.14,132.45,FALSE,M1_DIRECTION_MISMATCH|OPENING_SHIELD_ACTIVE_13s
2026-09-07 18:45:13.972,1788806713.973,4095,8,8,4406.19,4406.27,8.0,PASS_<=10c,+0.0,FLAT,+0.0,+0.0,3.2,+0.00,0.00,SLOW,4406.19,4406.19,4406.19,4406.19,0.00,0.00,0.0,BEARISH,0.0,4406.19,4406.19,4406.19,4406.19,13,ACTIVE_13s,1.0,0.0,0.0,0.0,0.0,0.0,0.0,PASS_<20%,0.00,0.0,NO,STANDBY_VEL_LOW,1,1321.86,3268.14,132.45,FALSE,M1_DIRECTION_MISMATCH|OPENING_SHIELD_ACTIVE_13s
2026-09-07 18:45:14.473,1788806714.473,4096,9,9,4406.19,4406.27,8.0,PASS_<=10c,+0.0,FLAT,+0.0,+0.0,3.3,+0.00,0.00,SLOW,4406.19,4406.19,4406.19,4406.19,0.00,0.00,0.0,BEARISH,0.0,4406.19,4406.19,4406.19,4406.19,14,ACTIVE_14s,1.0,0.0,0.0,0.0,0.0,0.0,0.0,PASS_<20%,0.00,0.0,NO,STANDBY_VEL_LOW,1,1321.86,3268.14,132.45,FALSE,M1_DIRECTION_MISMATCH|OPENING_SHIELD_ACTIVE_14s
2026-09-07 18:45:14.976,1788806714.976,4097,10,10,4406.19,4406.27,8.0,PASS_<=10c,+0.0,FLAT,+0.0,+0.0,4.4,+0.00,0.00,SLOW,4406.19,4406.19,4406.19,4406.19,0.00,0.00,0.0,BEARISH,0.0,4406.19,4406.19,4406.19,4406.19,14,ACTIVE_14s,1.0,0.0,0.0,0.0,0.0,0.0,0.0,PASS_<20%,0.00,0.0,NO,STANDBY_VEL_LOW,1,1321.86,3268.14,132.45,FALSE,M1_DIRECTION_MISMATCH|OPENING_SHIELD_ACTIVE_14s
2026-09-07 18:45:15.477,1788806715.478,4098,11,11,4406.19,4406.27,8.0,PASS_<=10c,+0.0,FLAT,+0.0,+0.0,4.4,+0.00,0.00,SLOW,4406.19,4406.19,4406.19,4406.19,0.00,0.00,0.0,BEARISH,0.0,4406.19,4406.19,4406.19,4406.19,15,ACTIVE_15s,1.0,0.0,0.0,0.0,0.0,0.0,0.0,PASS_<20%,0.00,0.0,NO,STANDBY_VEL_LOW,1,1321.86,3268.14,132.45,FALSE,M1_DIRECTION_MISMATCH|OPENING_SHIELD_ACTIVE_15s
2026-09-07 18:45:15.980,1788806715.980,4099,12,12,4406.19,4406.27,8.0,PASS_<=10c,+0.0,FLAT,+0.0,+0.0,4.3,+0.00,0.00,SLOW,4406.19,4406.19,4406.19,4406.19,0.00,0.00,0.0,BEARISH,0.0,4406.19,4406.19,4406.19,4406.19,15,ACTIVE_15s,1.0,0.0,0.0,0.0,0.0,0.0,0.0,PASS_<20%,0.00,0.0,NO,STANDBY_VEL_LOW,1,1321.86,3268.14,132.45,FALSE,M1_DIRECTION_MISMATCH|OPENING_SHIELD_ACTIVE_15s
2026-09-07 18:45:16.480,1788806716.481,4100,13,13,4406.19,4406.27,8.0,PASS_<=10c,+0.0,FLAT,+0.0,+0.0,4.2,+0.00,0.00,SLOW,4406.19,4406.19,4406.19,4406.19,0.00,0.00,0.0,BEARISH,0.0,4406.19,4406.19,4406.19,4406.19,16,ACTIVE_16s,1.0,0.0,0.0,0.0,0.0,0.0,0.0,PASS_<20%,0.00,0.0,NO,STANDBY_VEL_LOW,1,1321.86,3268.14,132.45,FALSE,M1_DIRECTION_MISMATCH|OPENING_SHIELD_ACTIVE_16s
2026-09-07 18:45:16.983,1788806716.983,4101,14,14,4406.19,4406.27,8.0,PASS_<=10c,+0.0,FLAT,+0.0,+69.0,4.2,+0.00,0.00,SLOW,4405.50,4406.54,4403.14,4406.23,0.00,0.00,0.0,BEARISH,340.0,4406.19,4406.19,4406.19,4406.19,16,ACTIVE_16s,1.0,0.0,0.0,0.0,0.0,0.0,0.0,PASS_<20%,0.00,0.0,NO,STANDBY_VEL_LOW,1,1321.86,3268.14,132.45,FALSE,M1_DIRECTION_MISMATCH|OPENING_SHIELD_ACTIVE_16s
2026-09-07 18:45:17.485,1788806717.485,4102,15,15,4406.19,4406.27,8.0,PASS_<=10c,+0.0,FLAT,+0.0,+69.0,4.2,+0.00,0.00,SLOW,4405.50,4406.54,4403.14,4406.23,0.00,0.00,0.0,BEARISH,340.0,4406.19,4406.19,4406.19,4406.19,17,ACTIVE_17s,1.0,0.0,0.0,0.0,0.0,0.0,0.0,PASS_<20%,0.00,0.0,NO,STANDBY_VEL_LOW,1,1321.86,3268.14,132.45,FALSE,M1_DIRECTION_MISMATCH|OPENING_SHIELD_ACTIVE_17s
2026-09-07 18:45:17.985,1788806717.985,4103,16,16,4406.19,4406.27,8.0,PASS_<=10c,+0.0,FLAT,+0.0,+69.0,4.2,+0.00,0.00,SLOW,4405.50,4406.54,4403.14,4406.23,0.00,0.00,0.0,BEARISH,340.0,4406.19,4406.19,4406.19,4406.19,17,ACTIVE_17s,1.0,0.0,0.0,0.0,0.0,0.0,0.0,PASS_<20%,0.00,0.0,NO,STANDBY_VEL_LOW,1,1321.86,3268.14,132.45,FALSE,M1_DIRECTION_MISMATCH|OPENING_SHIELD_ACTIVE_17s
2026-09-07 18:45:18.488,1788806718.488,4104,17,17,4406.19,4406.27,8.0,PASS_<=10c,+0.0,FLAT,+0.0,+69.0,4.2,+0.00,0.00,SLOW,4405.50,4406.54,4403.14,4406.23,0.00,0.00,0.0,BEARISH,340.0,4406.19,4406.19,4406.19,4406.19,18,ACTIVE_18s,1.0,0.0,0.0,0.0,0.0,0.0,0.0,PASS_<20%,0.00,0.0,NO,STANDBY_VEL_LOW,1,1321.86,3268.14,132.45,FALSE,M1_DIRECTION_MISMATCH|OPENING_SHIELD_ACTIVE_18s
2026-09-07 18:45:18.987,1788806718.987,4105,18,18,4406.19,4406.27,8.0,PASS_<=10c,+0.0,FLAT,+0.0,+69.0,4.2,+0.00,0.00,SLOW,4405.50,4406.54,4403.14,4406.23,0.00,0.00,0.0,BEARISH,340.0,4406.19,4406.19,4406.19,4406.19,18,ACTIVE_18s,1.0,0.0,0.0,0.0,0.0,0.0,0.0,PASS_<20%,0.00,0.0,NO,STANDBY_VEL_LOW,1,1321.86,3268.14,132.45,FALSE,M1_DIRECTION_MISMATCH|OPENING_SHIELD_ACTIVE_18s
2026-09-07 18:45:29.389,1788806729.390,4106,19,19,4406.19,4406.27,8.0,PASS_<=10c,+0.0,FLAT,+0.0,+69.0,1.3,+0.00,0.00,SLOW,4405.50,4406.54,4403.14,4406.23,0.00,0.00,0.0,BEARISH,340.0,4406.19,4406.19,4406.19,4406.19,29,CLEARED_>=20s,1.0,0.0,0.0,0.0,0.0,0.0,0.0,PASS_<20%,0.00,0.0,NO,STANDBY_VEL_LOW,1,1321.86,3268.14,132.45,FALSE,M1_DIRECTION_MISMATCH
2026-09-07 18:45:35.687,1788806735.688,4107,20,20,4406.19,4406.27,8.0,PASS_<=10c,+0.0,FLAT,+0.0,+69.0,1.8,+0.00,0.00,SLOW,4405.50,4406.54,4403.14,4406.23,0.00,0.00,0.0,BEARISH,340.0,4406.19,4406.19,4406.19,4406.19,35,CLEARED_>=20s,1.0,0.0,0.0,0.0,0.0,0.0,0.0,PASS_<20%,0.00,0.0,NO,STANDBY_VEL_LOW,1,1321.86,3268.14,132.45,FALSE,M1_DIRECTION_MISMATCH
2026-09-07 18:45:36.042,1788806736.042,4108,21,21,4406.19,4406.27,8.0,PASS_<=10c,+0.0,FLAT,+0.0,+69.0,2.7,+0.00,0.00,SLOW,4405.50,4406.54,4403.14,4406.23,0.00,0.00,0.0,BEARISH,340.0,4406.19,4406.19,4406.19,4406.19,36,CLEARED_>=20s,1.0,0.0,0.0,0.0,0.0,0.0,0.0,PASS_<20%,0.00,0.0,NO,STANDBY_VEL_LOW,1,1321.86,3268.14,132.45,FALSE,M1_DIRECTION_MISMATCH
2026-09-07 18:45:36.543,1788806736.544,4109,22,22,4406.19,4406.27,8.0,PASS_<=10c,+0.0,FLAT,+0.0,+69.0,3.1,+0.00,0.00,SLOW,4405.50,4406.54,4403.14,4406.23,0.00,0.00,0.0,BEARISH,340.0,4406.19,4406.19,4406.19,4406.19,36,CLEARED_>=20s,1.0,0.0,0.0,0.0,0.0,0.0,0.0,PASS_<20%,0.00,0.0,NO,STANDBY_VEL_LOW,1,1321.86,3268.14,132.45,FALSE,M1_DIRECTION_MISMATCH
2026-09-07 18:45:37.045,1788806737.046,4110,23,23,4406.19,4406.27,8.0,PASS_<=10c,+0.0,FLAT,+0.0,+69.0,3.2,+0.00,0.00,SLOW,4405.50,4406.54,4403.14,4406.23,0.00,0.00,0.0,BEARISH,340.0,4406.19,4406.19,4406.19,4406.19,37,CLEARED_>=20s,1.0,0.0,0.0,0.0,0.0,0.0,0.0,PASS_<20%,0.00,0.0,NO,STANDBY_VEL_LOW,1,1321.86,3268.14,132.45,FALSE,M1_DIRECTION_MISMATCH
2026-09-07 18:45:37.547,1788806737.548,4111,24,24,4406.19,4406.27,8.0,PASS_<=10c,+0.0,FLAT,+0.0,+69.0,3.4,+0.00,0.00,SLOW,4405.50,4406.54,4403.14,4406.23,0.00,0.00,0.0,BEARISH,340.0,4406.19,4406.19,4406.19,4406.19,37,CLEARED_>=20s,1.0,0.0,0.0,0.0,0.0,0.0,0.0,PASS_<20%,0.00,0.0,NO,STANDBY_VEL_LOW,1,1321.86,3268.14,132.45,FALSE,M1_DIRECTION_MISMATCH
2026-09-07 18:45:38.049,1788806738.049,4112,25,25,4406.19,4406.27,8.0,PASS_<=10c,+0.0,FLAT,+0.0,+69.0,3.5,+0.00,0.00,SLOW,4405.50,4406.54,4403.14,4406.23,0.00,0.00,0.0,BEARISH,340.0,4406.19,4406.19,4406.19,4406.19,38,CLEARED_>=20s,1.0,0.0,0.0,0.0,0.0,0.0,0.0,PASS_<20%,0.00,0.0,NO,STANDBY_VEL_LOW,1,1321.86,3268.14,132.45,FALSE,M1_DIRECTION_MISMATCH
2026-09-07 18:45:38.551,1788806738.551,4113,26,26,4406.19,4406.27,8.0,PASS_<=10c,+0.0,FLAT,+0.0,+69.0,3.5,+0.00,0.00,SLOW,4405.50,4406.54,4403.14,4406.23,0.00,0.00,0.0,BEARISH,340.0,4406.19,4406.19,4406.19,4406.19,38,CLEARED_>=20s,1.0,0.0,0.0,0.0,0.0,0.0,0.0,PASS_<20%,0.00,0.0,NO,STANDBY_VEL_LOW,1,1321.86,3268.14,132.45,FALSE,M1_DIRECTION_MISMATCH
2026-09-07 18:45:39.052,1788806739.052,4114,27,27,4406.19,4406.27,8.0,PASS_<=10c,+0.0,FLAT,+0.0,+69.0,3.6,+0.00,0.00,SLOW,4405.50,4406.54,4403.14,4406.23,0.00,0.00,0.0,BEARISH,340.0,4406.19,4406.19,4406.19,4406.19,39,CLEARED_>=20s,1.0,0.0,0.0,0.0,0.0,0.0,0.0,PASS_<20%,0.00,0.0,NO,STANDBY_VEL_LOW,1,1321.86,3268.14,132.45,FALSE,M1_DIRECTION_MISMATCH
2026-09-07 18:45:39.553,1788806739.553,4115,28,28,4406.19,4406.27,8.0,PASS_<=10c,+0.0,FLAT,+0.0,+69.0,3.6,+0.00,0.00,SLOW,4405.50,4406.54,4403.14,4406.23,0.00,0.00,0.0,BEARISH,340.0,4406.19,4406.19,4406.19,4406.19,39,CLEARED_>=20s,1.0,0.0,0.0,0.0,0.0,0.0,0.0,PASS_<20%,0.00,0.0,NO,STANDBY_VEL_LOW,1,1321.86,3268.14,132.45,FALSE,M1_DIRECTION_MISMATCH
2026-09-07 18:45:40.054,1788806740.054,4116,29,29,4406.19,4406.27,8.0,PASS_<=10c,+0.0,FLAT,+0.0,+69.0,4.4,+0.00,0.00,SLOW,4405.50,4406.54,4403.14,4406.23,0.00,0.00,0.0,BEARISH,340.0,4406.19,4406.19,4406.19,4406.19,40,CLEARED_>=20s,1.0,0.0,0.0,0.0,0.0,0.0,0.0,PASS_<20%,0.00,0.0,NO,STANDBY_VEL_LOW,1,1321.86,3268.14,132.45,FALSE,M1_DIRECTION_MISMATCH
2026-09-07 18:45:40.555,1788806740.556,4117,30,30,4406.19,4406.27,8.0,PASS_<=10c,+0.0,FLAT,+0.0,+69.0,4.3,+0.00,0.00,SLOW,4405.50,4406.54,4403.14,4406.23,0.00,0.00,0.0,BEARISH,340.0,4406.19,4406.19,4406.19,4406.19,40,CLEARED_>=20s,1.0,0.0,0.0,0.0,0.0,0.0,0.0,PASS_<20%,0.00,0.0,NO,STANDBY_VEL_LOW,1,1321.86,3268.14,132.45,FALSE,M1_DIRECTION_MISMATCH
2026-09-07 18:45:41.057,1788806741.058,4118,31,31,4406.19,4406.27,8.0,PASS_<=10c,+0.0,FLAT,+0.0,+69.0,4.2,+0.00,0.00,SLOW,4405.50,4406.54,4403.14,4406.23,0.00,0.00,0.0,BEARISH,340.0,4406.19,4406.19,4406.19,4406.19,41,CLEARED_>=20s,1.0,0.0,0.0,0.0,0.0,0.0,0.0,PASS_<20%,0.00,0.0,NO,STANDBY_VEL_LOW,1,1321.86,3268.14,132.45,FALSE,M1_DIRECTION_MISMATCH
2026-09-07 18:45:41.559,1788806741.559,4119,32,32,4406.19,4406.27,8.0,PASS_<=10c,+0.0,FLAT,+0.0,+69.0,4.2,+0.00,0.00,SLOW,4405.50,4406.54,4403.14,4406.23,0.00,0.00,0.0,BEARISH,340.0,4406.19,4406.19,4406.19,4406.19,41,CLEARED_>=20s,1.0,0.0,0.0,0.0,0.0,0.0,0.0,PASS_<20%,0.00,0.0,NO,STANDBY_VEL_LOW,1,1321.86,3268.14,132.45,FALSE,M1_DIRECTION_MISMATCH
2026-09-07 18:45:42.060,1788806742.060,4120,33,33,4406.19,4406.27,8.0,PASS_<=10c,+0.0,FLAT,+0.0,+69.0,4.2,+0.00,0.00,SLOW,4405.50,4406.54,4403.14,4406.23,0.00,0.00,0.0,BEARISH,340.0,4406.19,4406.19,4406.19,4406.19,42,CLEARED_>=20s,1.0,0.0,0.0,0.0,0.0,0.0,0.0,PASS_<20%,0.00,0.0,NO,STANDBY_VEL_LOW,1,1321.86,3268.14,132.45,FALSE,M1_DIRECTION_MISMATCH
2026-09-07 18:45:42.562,1788806742.563,4121,34,34,4406.19,4406.27,8.0,PASS_<=10c,+0.0,FLAT,+0.0,+69.0,4.2,+0.00,0.00,SLOW,4405.50,4406.54,4403.14,4406.23,0.00,0.00,0.0,BEARISH,340.0,4406.19,4406.19,4406.19,4406.19,42,CLEARED_>=20s,1.0,0.0,0.0,0.0,0.0,0.0,0.0,PASS_<20%,0.00,0.0,NO,STANDBY_VEL_LOW,1,1321.86,3268.14,132.45,FALSE,M1_DIRECTION_MISMATCH
2026-09-07 18:45:43.063,1788806743.064,4122,35,35,4406.19,4406.27,8.0,PASS_<=10c,+0.0,FLAT,+0.0,+69.0,4.2,+0.00,0.00,SLOW,4405.50,4406.54,4403.14,4406.23,0.00,0.00,0.0,BEARISH,340.0,4406.19,4406.19,4406.19,4406.19,43,CLEARED_>=20s,1.0,0.0,0.0,0.0,0.0,0.0,0.0,PASS_<20%,0.00,0.0,NO,STANDBY_VEL_LOW,1,1321.86,3268.14,132.45,FALSE,M1_DIRECTION_MISMATCH
2026-09-07 18:45:43.565,1788806743.565,4123,36,36,4406.19,4406.27,8.0,PASS_<=10c,+0.0,FLAT,+0.0,+69.0,4.2,+0.00,0.00,SLOW,4405.50,4406.54,4403.14,4406.23,0.00,0.00,0.0,BEARISH,340.0,4406.19,4406.19,4406.19,4406.19,43,CLEARED_>=20s,1.0,0.0,0.0,0.0,0.0,0.0,0.0,PASS_<20%,0.00,0.0,NO,STANDBY_VEL_LOW,1,1321.86,3268.14,132.45,FALSE,M1_DIRECTION_MISMATCH
2026-09-07 18:45:53.948,1788806753.949,4124,37,37,4406.19,4406.27,8.0,PASS_<=10c,+0.0,FLAT,+0.0,+69.0,1.3,+0.00,0.00,SLOW,4405.50,4406.54,4403.14,4406.23,0.00,0.00,0.0,BEARISH,340.0,4406.19,4406.19,4406.19,4406.19,53,CLEARED_>=20s,1.0,0.0,0.0,0.0,0.0,0.0,0.0,PASS_<20%,0.00,0.0,NO,STANDBY_VEL_LOW,1,1321.86,3268.14,132.45,FALSE,M1_DIRECTION_MISMATCH
2026-09-07 18:46:00.166,1788806760.167,4125,1,38,4406.19,4406.27,8.0,PASS_<=10c,+0.0,FLAT,+0.0,+69.0,1.8,+0.00,0.00,SLOW,4405.50,4406.54,4403.14,4406.23,0.00,0.00,0.0,BEARISH,340.0,4406.19,4406.19,4406.19,4406.19,0,ACTIVE_0s,1.0,0.0,0.0,0.0,0.0,0.0,0.0,PASS_<20%,0.00,0.0,NO,STANDBY_VEL_LOW,1,1321.86,3268.14,132.45,FALSE,M1_DIRECTION_MISMATCH|OPENING_SHIELD_ACTIVE_0s
2026-09-07 18:46:00.521,1788806760.522,4126,2,39,4406.19,4406.27,8.0,PASS_<=10c,+0.0,FLAT,+0.0,+69.0,2.7,+0.00,0.00,SLOW,4405.50,4406.54,4403.14,4406.23,0.00,0.00,0.0,BEARISH,340.0,4406.19,4406.19,4406.19,4406.19,0,ACTIVE_0s,1.0,0.0,0.0,0.0,0.0,0.0,0.0,PASS_<20%,0.00,0.0,NO,STANDBY_VEL_LOW,1,1321.86,3268.14,132.45,FALSE,M1_DIRECTION_MISMATCH|OPENING_SHIELD_ACTIVE_0s
2026-09-07 18:46:01.023,1788806761.024,4127,3,40,4406.19,4406.27,8.0,PASS_<=10c,+0.0,FLAT,+0.0,+69.0,3.1,+0.00,0.00,SLOW,4405.50,4406.54,4403.14,4406.23,0.00,0.00,0.0,BEARISH,340.0,4406.19,4406.19,4406.19,4406.19,1,ACTIVE_1s,1.0,0.0,0.0,0.0,0.0,0.0,0.0,PASS_<20%,0.00,0.0,NO,STANDBY_VEL_LOW,1,1321.86,3268.14,132.45,FALSE,M1_DIRECTION_MISMATCH|OPENING_SHIELD_ACTIVE_1s
2026-09-07 18:46:01.524,1788806761.525,4128,4,41,4406.19,4406.27,8.0,PASS_<=10c,+0.0,FLAT,+0.0,+69.0,3.3,+0.00,0.00,SLOW,4405.50,4406.54,4403.14,4406.23,0.00,0.00,0.0,BEARISH,340.0,4406.19,4406.19,4406.19,4406.19,1,ACTIVE_1s,1.0,0.0,0.0,0.0,0.0,0.0,0.0,PASS_<20%,0.00,0.0,NO,STANDBY_VEL_LOW,1,1321.86,3268.14,132.45,FALSE,M1_DIRECTION_MISMATCH|OPENING_SHIELD_ACTIVE_1s
2026-09-07 18:46:02.026,1788806762.027,4129,5,42,4406.19,4406.27,8.0,PASS_<=10c,+0.0,FLAT,+0.0,+69.0,3.4,+0.00,0.00,SLOW,4405.50,4406.54,4403.14,4406.23,0.00,0.00,0.0,BEARISH,340.0,4406.19,4406.19,4406.19,4406.19,2,ACTIVE_2s,1.0,0.0,0.0,0.0,0.0,0.0,0.0,PASS_<20%,0.00,0.0,NO,STANDBY_VEL_LOW,1,1321.86,3268.14,132.45,FALSE,M1_DIRECTION_MISMATCH|OPENING_SHIELD_ACTIVE_2s
2026-09-07 18:46:02.528,1788806762.528,4130,6,43,4406.19,4406.27,8.0,PASS_<=10c,+0.0,FLAT,+0.0,+69.0,3.5,+0.00,0.00,SLOW,4405.50,4406.54,4403.14,4406.23,0.00,0.00,0.0,BEARISH,340.0,4406.19,4406.19,4406.19,4406.19,2,ACTIVE_2s,1.0,0.0,0.0,0.0,0.0,0.0,0.0,PASS_<20%,0.00,0.0,NO,STANDBY_VEL_LOW,1,1321.86,3268.14,132.45,FALSE,M1_DIRECTION_MISMATCH|OPENING_SHIELD_ACTIVE_2s
2026-09-07 18:46:03.029,1788806763.030,4131,7,44,4406.19,4406.27,8.0,PASS_<=10c,+0.0,FLAT,+0.0,+69.0,3.5,+0.00,0.00,SLOW,4405.50,4406.54,4403.14,4406.23,0.00,0.00,0.0,BEARISH,340.0,4406.19,4406.19,4406.19,4406.19,3,ACTIVE_3s,1.0,0.0,0.0,0.0,0.0,0.0,0.0,PASS_<20%,0.00,0.0,NO,STANDBY_VEL_LOW,1,1321.86,3268.14,132.45,FALSE,M1_DIRECTION_MISMATCH|OPENING_SHIELD_ACTIVE_3s
2026-09-07 18:46:03.530,1788806763.531,4132,8,45,4406.19,4406.27,8.0,PASS_<=10c,+0.0,FLAT,+0.0,+69.0,3.6,+0.00,0.00,SLOW,4405.50,4406.54,4403.14,4406.23,0.00,0.00,0.0,BEARISH,340.0,4406.19,4406.19,4406.19,4406.19,3,ACTIVE_3s,1.0,0.0,0.0,0.0,0.0,0.0,0.0,PASS_<20%,0.00,0.0,NO,STANDBY_VEL_LOW,1,1321.86,3268.14,132.45,FALSE,M1_DIRECTION_MISMATCH|OPENING_SHIELD_ACTIVE_3s
2026-09-07 18:46:04.031,1788806764.032,4133,9,46,4406.19,4406.27,8.0,PASS_<=10c,+0.0,FLAT,+0.0,+69.0,3.6,+0.00,0.00,SLOW,4405.50,4406.54,4403.14,4406.23,0.00,0.00,0.0,BEARISH,340.0,4406.19,4406.19,4406.19,4406.19,4,ACTIVE_4s,1.0,0.0,0.0,0.0,0.0,0.0,0.0,PASS_<20%,0.00,0.0,NO,STANDBY_VEL_LOW,1,1321.86,3268.14,132.45,FALSE,M1_DIRECTION_MISMATCH|OPENING_SHIELD_ACTIVE_4s
2026-09-07 18:46:04.534,1788806764.534,4134,10,47,4406.19,4406.27,8.0,PASS_<=10c,+0.0,FLAT,+0.0,+69.0,4.4,+0.00,0.00,SLOW,4405.50,4406.54,4403.14,4406.23,0.00,0.00,0.0,BEARISH,340.0,4406.19,4406.19,4406.19,4406.19,4,ACTIVE_4s,1.0,0.0,0.0,0.0,0.0,0.0,0.0,PASS_<20%,0.00,0.0,NO,STANDBY_VEL_LOW,1,1321.86,3268.14,132.45,FALSE,M1_DIRECTION_MISMATCH|OPENING_SHIELD_ACTIVE_4s
2026-09-07 18:46:05.034,1788806765.035,4135,11,48,4406.19,4406.27,8.0,PASS_<=10c,+0.0,FLAT,+0.0,+69.0,4.3,+0.00,0.00,SLOW,4405.50,4406.54,4403.14,4406.23,0.00,0.00,0.0,BEARISH,340.0,4406.19,4406.19,4406.19,4406.19,5,ACTIVE_5s,1.0,0.0,0.0,0.0,0.0,0.0,0.0,PASS_<20%,0.00,0.0,NO,STANDBY_VEL_LOW,1,1321.86,3268.14,132.45,FALSE,M1_DIRECTION_MISMATCH|OPENING_SHIELD_ACTIVE_5s
2026-09-07 18:46:05.544,1788806765.545,4136,12,49,4406.19,4406.27,8.0,PASS_<=10c,+0.0,FLAT,+0.0,+69.0,4.2,+0.00,0.00,SLOW,4405.50,4406.54,4403.14,4406.23,0.00,0.00,0.0,BEARISH,340.0,4406.19,4406.19,4406.19,4406.19,5,ACTIVE_5s,1.0,0.0,0.0,0.0,0.0,0.0,0.0,PASS_<20%,0.00,0.0,NO,STANDBY_VEL_LOW,1,1321.86,3268.14,132.45,FALSE,M1_DIRECTION_MISMATCH|OPENING_SHIELD_ACTIVE_5s
2026-09-07 18:46:06.038,1788806766.039,4137,13,50,4406.19,4406.27,8.0,PASS_<=10c,+0.0,FLAT,+0.0,+69.0,4.2,+0.00,0.00,SLOW,4405.50,4406.54,4403.14,4406.23,0.00,0.00,0.0,BEARISH,340.0,4406.19,4406.19,4406.19,4406.19,6,ACTIVE_6s,1.0,0.0,0.0,0.0,0.0,0.0,0.0,PASS_<20%,0.00,0.0,NO,STANDBY_VEL_LOW,1,1321.86,3268.14,132.45,FALSE,M1_DIRECTION_MISMATCH|OPENING_SHIELD_ACTIVE_6s
2026-09-07 18:46:06.544,1788806766.544,4138,14,51,4406.19,4406.27,8.0,PASS_<=10c,+0.0,FLAT,+0.0,+69.0,4.2,+0.00,0.00,SLOW,4405.50,4406.54,4403.14,4406.23,0.00,0.00,0.0,BEARISH,340.0,4406.19,4406.19,4406.19,4406.19,6,ACTIVE_6s,1.0,0.0,0.0,0.0,0.0,0.0,0.0,PASS_<20%,0.00,0.0,NO,STANDBY_VEL_LOW,1,1321.86,3268.14,132.45,FALSE,M1_DIRECTION_MISMATCH|OPENING_SHIELD_ACTIVE_6s
2026-09-07 18:46:07.045,1788806767.045,4139,15,52,4406.19,4406.27,8.0,PASS_<=10c,+0.0,FLAT,+0.0,+69.0,4.2,+0.00,0.00,SLOW,4405.50,4406.54,4403.14,4406.23,0.00,0.00,0.0,BEARISH,340.0,4406.19,4406.19,4406.19,4406.19,7,ACTIVE_7s,1.0,0.0,0.0,0.0,0.0,0.0,0.0,PASS_<20%,0.00,0.0,NO,STANDBY_VEL_LOW,1,1321.86,3268.14,132.45,FALSE,M1_DIRECTION_MISMATCH|OPENING_SHIELD_ACTIVE_7s
2026-09-07 18:46:07.545,1788806767.546,4140,16,53,4406.19,4406.27,8.0,PASS_<=10c,+0.0,FLAT,+0.0,+69.0,4.2,+0.00,0.00,SLOW,4405.50,4406.54,4403.14,4406.23,0.00,0.00,0.0,BEARISH,340.0,4406.19,4406.19,4406.19,4406.19,7,ACTIVE_7s,1.0,0.0,0.0,0.0,0.0,0.0,0.0,PASS_<20%,0.00,0.0,NO,STANDBY_VEL_LOW,1,1321.86,3268.14,132.45,FALSE,M1_DIRECTION_MISMATCH|OPENING_SHIELD_ACTIVE_7s
2026-09-07 18:46:08.047,1788806768.048,4141,17,54,4406.19,4406.27,8.0,PASS_<=10c,+0.0,FLAT,+0.0,+69.0,4.2,+0.00,0.00,SLOW,4405.50,4406.54,4403.14,4406.23,0.00,0.00,0.0,BEARISH,340.0,4406.19,4406.19,4406.19,4406.19,8,ACTIVE_8s,1.0,0.0,0.0,0.0,0.0,0.0,0.0,PASS_<20%,0.00,0.0,NO,STANDBY_VEL_LOW,1,1321.86,3268.14,132.45,FALSE,M1_DIRECTION_MISMATCH|OPENING_SHIELD_ACTIVE_8s
2026-09-07 18:46:18.425,1788806778.425,4142,18,55,4406.19,4406.27,8.0,PASS_<=10c,+0.0,FLAT,+0.0,+69.0,1.3,+0.00,0.00,SLOW,4405.50,4406.54,4403.14,4406.23,0.00,0.00,0.0,BEARISH,340.0,4406.19,4406.19,4406.19,4406.19,18,ACTIVE_18s,1.0,0.0,0.0,0.0,0.0,0.0,0.0,PASS_<20%,0.00,0.0,NO,STANDBY_VEL_LOW,1,1321.86,3268.14,132.45,FALSE,M1_DIRECTION_MISMATCH|OPENING_SHIELD_ACTIVE_18s
2026-09-07 18:46:27.050,1788806787.050,4143,19,56,4406.19,4406.27,8.0,PASS_<=10c,+0.0,FLAT,+0.0,+69.0,1.3,+0.00,0.00,SLOW,4405.50,4406.54,4403.14,4406.23,0.00,0.00,0.0,BEARISH,340.0,4406.19,4406.19,4406.19,4406.19,27,CLEARED_>=20s,1.0,0.0,0.0,0.0,0.0,0.0,0.0,PASS_<20%,0.00,0.0,NO,STANDBY_VEL_LOW,1,1321.86,3268.14,132.45,FALSE,M1_DIRECTION_MISMATCH
2026-09-07 18:46:27.405,1788806787.405,4144,20,57,4406.19,4406.27,8.0,PASS_<=10c,+0.0,FLAT,+0.0,+69.0,1.3,+0.00,0.00,SLOW,4405.50,4406.54,4403.14,4406.23,0.00,0.00,0.0,BEARISH,340.0,4406.19,4406.19,4406.19,4406.19,27,CLEARED_>=20s,1.0,0.0,0.0,0.0,0.0,0.0,0.0,PASS_<20%,0.00,0.0,NO,STANDBY_VEL_LOW,1,1321.86,3268.14,132.45,FALSE,M1_DIRECTION_MISMATCH
2026-09-07 18:46:27.905,1788806787.906,4145,21,58,4406.19,4406.27,8.0,PASS_<=10c,+0.0,FLAT,+0.0,+69.0,1.4,+0.00,0.00,SLOW,4405.50,4406.54,4403.14,4406.23,0.00,0.00,0.0,BEARISH,340.0,4406.19,4406.19,4406.19,4406.19,27,CLEARED_>=20s,1.0,0.0,0.0,0.0,0.0,0.0,0.0,PASS_<20%,0.00,0.0,NO,STANDBY_VEL_LOW,1,1321.86,3268.14,132.45,FALSE,M1_DIRECTION_MISMATCH
2026-09-07 18:46:28.407,1788806788.407,4146,22,59,4406.19,4406.27,8.0,PASS_<=10c,+0.0,FLAT,+0.0,+69.0,1.6,+0.00,0.00,SLOW,4405.50,4406.54,4403.14,4406.23,0.00,0.00,0.0,BEARISH,340.0,4406.19,4406.19,4406.19,4406.19,28,CLEARED_>=20s,1.0,0.0,0.0,0.0,0.0,0.0,0.0,PASS_<20%,0.00,0.0,NO,STANDBY_VEL_LOW,1,1321.86,3268.14,132.45,FALSE,M1_DIRECTION_MISMATCH
2026-09-07 18:46:28.910,1788806788.910,4147,23,60,4406.19,4406.27,8.0,PASS_<=10c,+0.0,FLAT,+0.0,+69.0,4.8,+0.00,0.00,SLOW,4405.50,4406.54,4403.14,4406.23,0.00,0.00,0.0,BEARISH,340.0,4406.19,4406.19,4406.19,4406.19,28,CLEARED_>=20s,1.0,0.0,0.0,0.0,0.0,0.0,0.0,PASS_<20%,0.00,0.0,NO,STANDBY_VEL_LOW,1,1321.86,3268.14,132.45,FALSE,M1_DIRECTION_MISMATCH
2026-09-07 18:46:29.411,1788806789.411,4148,24,61,4406.19,4406.27,8.0,PASS_<=10c,+0.0,FLAT,+0.0,+69.0,4.7,+0.00,0.00,SLOW,4405.50,4406.54,4403.14,4406.23,0.00,0.00,0.0,BEARISH,340.0,4406.19,4406.19,4406.19,4406.19,29,CLEARED_>=20s,1.0,0.0,0.0,0.0,0.0,0.0,0.0,PASS_<20%,0.00,0.0,NO,STANDBY_VEL_LOW,1,1321.86,3268.14,132.45,FALSE,M1_DIRECTION_MISMATCH
2026-09-07 18:46:29.912,1788806789.912,4149,25,62,4406.19,4406.27,8.0,PASS_<=10c,+0.0,FLAT,+0.0,+69.0,4.5,+0.00,0.00,SLOW,4405.50,4406.54,4403.14,4406.23,0.00,0.00,0.0,BEARISH,340.0,4406.19,4406.19,4406.19,4406.19,29,CLEARED_>=20s,1.0,0.0,0.0,0.0,0.0,0.0,0.0,PASS_<20%,0.00,0.0,NO,STANDBY_VEL_LOW,1,1321.86,3268.14,132.45,FALSE,M1_DIRECTION_MISMATCH
2026-09-07 18:46:30.414,1788806790.414,4150,26,63,4406.19,4406.27,8.0,PASS_<=10c,+0.0,FLAT,+0.0,+69.0,4.5,+0.00,0.00,SLOW,4405.50,4406.54,4403.14,4406.23,0.00,0.00,0.0,BEARISH,340.0,4406.19,4406.19,4406.19,4406.19,30,CLEARED_>=20s,1.0,0.0,0.0,0.0,0.0,0.0,0.0,PASS_<20%,0.00,0.0,NO,STANDBY_VEL_LOW,1,1321.86,3268.14,132.45,FALSE,M1_DIRECTION_MISMATCH
2026-09-07 18:46:30.914,1788806790.915,4151,27,64,4406.19,4406.27,8.0,PASS_<=10c,+0.0,FLAT,+0.0,+69.0,4.4,+0.00,0.00,SLOW,4405.50,4406.54,4403.14,4406.23,0.00,0.00,0.0,BEARISH,340.0,4406.19,4406.19,4406.19,4406.19,30,CLEARED_>=20s,1.0,0.0,0.0,0.0,0.0,0.0,0.0,PASS_<20%,0.00,0.0,NO,STANDBY_VEL_LOW,1,1321.86,3268.14,132.45,FALSE,M1_DIRECTION_MISMATCH
2026-09-07 18:46:31.416,1788806791.416,4152,28,65,4406.19,4406.27,8.0,PASS_<=10c,+0.0,FLAT,+0.0,+69.0,4.4,+0.00,0.00,SLOW,4405.50,4406.54,4403.14,4406.23,0.00,0.00,0.0,BEARISH,340.0,4406.19,4406.19,4406.19,4406.19,31,CLEARED_>=20s,1.0,0.0,0.0,0.0,0.0,0.0,0.0,PASS_<20%,0.00,0.0,NO,STANDBY_VEL_LOW,1,1321.86,3268.14,132.45,FALSE,M1_DIRECTION_MISMATCH
2026-09-07 18:46:31.918,1788806791.918,4153,29,66,4406.19,4406.27,8.0,PASS_<=10c,+0.0,FLAT,+0.0,+69.0,4.3,+0.00,0.00,SLOW,4405.50,4406.54,4403.14,4406.23,0.00,0.00,0.0,BEARISH,340.0,4406.19,4406.19,4406.19,4406.19,31,CLEARED_>=20s,1.0,0.0,0.0,0.0,0.0,0.0,0.0,PASS_<20%,0.00,0.0,NO,STANDBY_VEL_LOW,1,1321.86,3268.14,132.45,FALSE,M1_DIRECTION_MISMATCH
2026-09-07 18:46:32.418,1788806792.418,4154,30,67,4406.19,4406.27,8.0,PASS_<=10c,+0.0,FLAT,+0.0,+69.0,4.2,+0.00,0.00,SLOW,4405.50,4406.54,4403.14,4406.23,0.00,0.00,0.0,BEARISH,340.0,4406.19,4406.19,4406.19,4406.19,32,CLEARED_>=20s,1.0,0.0,0.0,0.0,0.0,0.0,0.0,PASS_<20%,0.00,0.0,NO,STANDBY_VEL_LOW,1,1321.86,3268.14,132.45,FALSE,M1_DIRECTION_MISMATCH
2026-09-07 18:46:32.920,1788806792.921,4155,31,68,4406.19,4406.27,8.0,PASS_<=10c,+0.0,FLAT,+0.0,+69.0,4.2,+0.00,0.00,SLOW,4405.50,4406.54,4403.14,4406.23,0.00,0.00,0.0,BEARISH,340.0,4406.19,4406.19,4406.19,4406.19,32,CLEARED_>=20s,1.0,0.0,0.0,0.0,0.0,0.0,0.0,PASS_<20%,0.00,0.0,NO,STANDBY_VEL_LOW,1,1321.86,3268.14,132.45,FALSE,M1_DIRECTION_MISMATCH
2026-09-07 18:46:33.421,1788806793.422,4156,32,69,4406.19,4406.27,8.0,PASS_<=10c,+0.0,FLAT,+0.0,+69.0,4.2,+0.00,0.00,SLOW,4405.50,4406.54,4403.14,4406.23,0.00,0.00,0.0,BEARISH,340.0,4406.19,4406.19,4406.19,4406.19,33,CLEARED_>=20s,1.0,0.0,0.0,0.0,0.0,0.0,0.0,PASS_<20%,0.00,0.0,NO,STANDBY_VEL_LOW,1,1321.86,3268.14,132.45,FALSE,M1_DIRECTION_MISMATCH
2026-09-07 18:46:33.923,1788806793.923,4157,33,70,4406.19,4406.27,8.0,PASS_<=10c,+0.0,FLAT,+0.0,+69.0,4.2,+0.00,0.00,SLOW,4405.50,4406.54,4403.14,4406.23,0.00,0.00,0.0,BEARISH,340.0,4406.19,4406.19,4406.19,4406.19,33,CLEARED_>=20s,1.0,0.0,0.0,0.0,0.0,0.0,0.0,PASS_<20%,0.00,0.0,NO,STANDBY_VEL_LOW,1,1321.86,3268.14,132.45,FALSE,M1_DIRECTION_MISMATCH
2026-09-07 18:46:34.423,1788806794.424,4158,34,71,4406.19,4406.27,8.0,PASS_<=10c,+0.0,FLAT,+0.0,+69.0,4.2,+0.00,0.00,SLOW,4405.50,4406.54,4403.14,4406.23,0.00,0.00,0.0,BEARISH,340.0,4406.19,4406.19,4406.19,4406.19,34,CLEARED_>=20s,1.0,0.0,0.0,0.0,0.0,0.0,0.0,PASS_<20%,0.00,0.0,NO,STANDBY_VEL_LOW,1,1321.86,3268.14,132.45,FALSE,M1_DIRECTION_MISMATCH
2026-09-07 18:46:34.927,1788806794.927,4159,35,72,4406.19,4406.27,8.0,PASS_<=10c,+0.0,FLAT,+0.0,+69.0,4.2,+0.00,0.00,SLOW,4405.50,4406.54,4403.14,4406.23,0.00,0.00,0.0,BEARISH,340.0,4406.19,4406.19,4406.19,4406.19,34,CLEARED_>=20s,1.0,0.0,0.0,0.0,0.0,0.0,0.0,PASS_<20%,0.00,0.0,NO,STANDBY_VEL_LOW,1,1321.86,3268.14,132.45,FALSE,M1_DIRECTION_MISMATCH
2026-09-07 18:46:45.313,1788806805.313,4160,36,73,4406.19,4406.27,8.0,PASS_<=10c,+0.0,FLAT,+0.0,+69.0,1.3,+0.00,0.00,SLOW,4405.50,4406.54,4403.14,4406.23,0.00,0.00,0.0,BEARISH,340.0,4406.19,4406.19,4406.19,4406.19,45,CLEARED_>=20s,1.0,0.0,0.0,0.0,0.0,0.0,0.0,PASS_<20%,0.00,0.0,NO,STANDBY_VEL_LOW,1,1321.86,3268.14,132.45,FALSE,M1_DIRECTION_MISMATCH
2026-09-07 18:46:52.943,1788806812.943,4161,37,74,4406.19,4406.27,8.0,PASS_<=10c,+0.0,FLAT,+0.0,+69.0,1.3,+0.00,0.00,SLOW,4405.50,4406.54,4403.14,4406.23,0.00,0.00,0.0,BEARISH,340.0,4406.19,4406.19,4406.19,4406.19,52,CLEARED_>=20s,1.0,0.0,0.0,0.0,0.0,0.0,0.0,PASS_<20%,0.00,0.0,NO,STANDBY_VEL_LOW,1,1321.86,3268.14,132.45,FALSE,M1_DIRECTION_MISMATCH
2026-09-07 18:46:53.297,1788806813.297,4162,38,75,4406.19,4406.27,8.0,PASS_<=10c,+0.0,FLAT,+0.0,+69.0,1.4,+0.00,0.00,SLOW,4405.50,4406.54,4403.14,4406.23,0.00,0.00,0.0,BEARISH,340.0,4406.19,4406.19,4406.19,4406.19,53,CLEARED_>=20s,1.0,0.0,0.0,0.0,0.0,0.0,0.0,PASS_<20%,0.00,0.0,NO,STANDBY_VEL_LOW,1,1321.86,3268.14,132.45,FALSE,M1_DIRECTION_MISMATCH
2026-09-07 18:46:53.800,1788806813.800,4163,39,76,4406.19,4406.27,8.0,PASS_<=10c,+0.0,FLAT,+0.0,+69.0,1.8,+0.00,0.00,SLOW,4405.50,4406.54,4403.14,4406.23,0.00,0.00,0.0,BEARISH,340.0,4406.19,4406.19,4406.19,4406.19,53,CLEARED_>=20s,1.0,0.0,0.0,0.0,0.0,0.0,0.0,PASS_<20%,0.00,0.0,NO,STANDBY_VEL_LOW,1,1321.86,3268.14,132.45,FALSE,M1_DIRECTION_MISMATCH
2026-09-07 18:46:54.301,1788806814.301,4164,40,77,4406.19,4406.27,8.0,PASS_<=10c,+0.0,FLAT,+0.0,+69.0,2.1,+0.00,0.00,SLOW,4405.50,4406.54,4403.14,4406.23,0.00,0.00,0.0,BEARISH,340.0,4406.19,4406.19,4406.19,4406.19,54,CLEARED_>=20s,1.0,0.0,0.0,0.0,0.0,0.0,0.0,PASS_<20%,0.00,0.0,NO,STANDBY_VEL_LOW,1,1321.86,3268.14,132.45,FALSE,M1_DIRECTION_MISMATCH
2026-09-07 18:46:54.803,1788806814.803,4165,41,78,4406.19,4406.27,8.0,PASS_<=10c,+0.0,FLAT,+0.0,+69.0,2.3,+0.00,0.00,SLOW,4405.50,4406.54,4403.14,4406.23,0.00,0.00,0.0,BEARISH,340.0,4406.19,4406.19,4406.19,4406.19,54,CLEARED_>=20s,1.0,0.0,0.0,0.0,0.0,0.0,0.0,PASS_<20%,0.00,0.0,NO,STANDBY_VEL_LOW,1,1321.86,3268.14,132.45,FALSE,M1_DIRECTION_MISMATCH
2026-09-07 18:46:55.305,1788806815.305,4166,42,79,4406.19,4406.27,8.0,PASS_<=10c,+0.0,FLAT,+0.0,+69.0,2.5,+0.00,0.00,SLOW,4405.50,4406.54,4403.14,4406.23,0.00,0.00,0.0,BEARISH,340.0,4406.19,4406.19,4406.19,4406.19,55,CLEARED_>=20s,1.0,0.0,0.0,0.0,0.0,0.0,0.0,PASS_<20%,0.00,0.0,NO,STANDBY_VEL_LOW,1,1321.86,3268.14,132.45,FALSE,M1_DIRECTION_MISMATCH
2026-09-07 18:46:55.807,1788806815.807,4167,43,80,4406.19,4406.27,8.0,PASS_<=10c,+0.0,FLAT,+0.0,+69.0,4.5,+0.00,0.00,SLOW,4405.50,4406.54,4403.14,4406.23,0.00,0.00,0.0,BEARISH,340.0,4406.19,4406.19,4406.19,4406.19,55,CLEARED_>=20s,1.0,0.0,0.0,0.0,0.0,0.0,0.0,PASS_<20%,0.00,0.0,NO,STANDBY_VEL_LOW,1,1321.86,3268.14,132.45,FALSE,M1_DIRECTION_MISMATCH
2026-09-07 18:46:56.308,1788806816.309,4168,44,81,4406.19,4406.27,8.0,PASS_<=10c,+0.0,FLAT,+0.0,+69.0,4.5,+0.00,0.00,SLOW,4405.50,4406.54,4403.14,4406.23,0.00,0.00,0.0,BEARISH,340.0,4406.19,4406.19,4406.19,4406.19,56,CLEARED_>=20s,1.0,0.0,0.0,0.0,0.0,0.0,0.0,PASS_<20%,0.00,0.0,NO,STANDBY_VEL_LOW,1,1321.86,3268.14,132.45,FALSE,M1_DIRECTION_MISMATCH
2026-09-07 18:46:56.810,1788806816.811,4169,45,82,4406.19,4406.27,8.0,PASS_<=10c,+0.0,FLAT,+0.0,+69.0,4.4,+0.00,0.00,SLOW,4405.50,4406.54,4403.14,4406.23,0.00,0.00,0.0,BEARISH,340.0,4406.19,4406.19,4406.19,4406.19,56,CLEARED_>=20s,1.0,0.0,0.0,0.0,0.0,0.0,0.0,PASS_<20%,0.00,0.0,NO,STANDBY_VEL_LOW,1,1321.86,3268.14,132.45,FALSE,M1_DIRECTION_MISMATCH
2026-09-07 18:46:57.312,1788806817.313,4170,46,83,4406.19,4406.27,8.0,PASS_<=10c,+0.0,FLAT,+0.0,+69.0,4.3,+0.00,0.00,SLOW,4405.50,4406.54,4403.14,4406.23,0.00,0.00,0.0,BEARISH,340.0,4406.19,4406.19,4406.19,4406.19,57,CLEARED_>=20s,1.0,0.0,0.0,0.0,0.0,0.0,0.0,PASS_<20%,0.00,0.0,NO,STANDBY_VEL_LOW,1,1321.86,3268.14,132.45,FALSE,M1_DIRECTION_MISMATCH
2026-09-07 18:46:57.814,1788806817.815,4171,47,84,4406.19,4406.27,8.0,PASS_<=10c,+0.0,FLAT,+0.0,+69.0,4.3,+0.00,0.00,SLOW,4405.50,4406.54,4403.14,4406.23,0.00,0.00,0.0,BEARISH,340.0,4406.19,4406.19,4406.19,4406.19,57,CLEARED_>=20s,1.0,0.0,0.0,0.0,0.0,0.0,0.0,PASS_<20%,0.00,0.0,NO,STANDBY_VEL_LOW,1,1321.86,3268.14,132.45,FALSE,M1_DIRECTION_MISMATCH
2026-09-07 18:46:58.317,1788806818.317,4172,48,85,4406.19,4406.27,8.0,PASS_<=10c,+0.0,FLAT,+0.0,+69.0,4.2,+0.00,0.00,SLOW,4405.50,4406.54,4403.14,4406.23,0.00,0.00,0.0,BEARISH,340.0,4406.19,4406.19,4406.19,4406.19,58,CLEARED_>=20s,1.0,0.0,0.0,0.0,0.0,0.0,0.0,PASS_<20%,0.00,0.0,NO,STANDBY_VEL_LOW,1,1321.86,3268.14,132.45,FALSE,M1_DIRECTION_MISMATCH
2026-09-07 18:46:58.821,1788806818.821,4173,49,86,4406.19,4406.27,8.0,PASS_<=10c,+0.0,FLAT,+0.0,+69.0,4.2,+0.00,0.00,SLOW,4405.50,4406.54,4403.14,4406.23,0.00,0.00,0.0,BEARISH,340.0,4406.19,4406.19,4406.19,4406.19,58,CLEARED_>=20s,1.0,0.0,0.0,0.0,0.0,0.0,0.0,PASS_<20%,0.00,0.0,NO,STANDBY_VEL_LOW,1,1321.86,3268.14,132.45,FALSE,M1_DIRECTION_MISMATCH
2026-09-07 18:46:59.322,1788806819.323,4174,50,87,4406.19,4406.27,8.0,PASS_<=10c,+0.0,FLAT,+0.0,+69.0,4.2,+0.00,0.00,SLOW,4405.50,4406.54,4403.14,4406.23,0.00,0.00,0.0,BEARISH,340.0,4406.19,4406.19,4406.19,4406.19,59,CLEARED_>=20s,1.0,0.0,0.0,0.0,0.0,0.0,0.0,PASS_<20%,0.00,0.0,NO,STANDBY_VEL_LOW,1,1321.86,3268.14,132.45,FALSE,M1_DIRECTION_MISMATCH
2026-09-07 18:46:59.823,1788806819.824,4175,51,88,4406.19,4406.27,8.0,PASS_<=10c,+0.0,FLAT,+0.0,+69.0,4.2,+0.00,0.00,SLOW,4405.50,4406.54,4403.14,4406.23,0.00,0.00,0.0,BEARISH,340.0,4406.19,4406.19,4406.19,4406.19,59,CLEARED_>=20s,1.0,0.0,0.0,0.0,0.0,0.0,0.0,PASS_<20%,0.00,0.0,NO,STANDBY_VEL_LOW,1,1321.86,3268.14,132.45,FALSE,M1_DIRECTION_MISMATCH
2026-09-07 18:47:00.325,1788806820.326,4176,1,89,4406.19,4406.27,8.0,PASS_<=10c,+0.0,FLAT,+0.0,+69.0,4.2,+0.00,0.00,SLOW,4405.50,4406.54,4403.14,4406.23,0.00,0.00,0.0,BEARISH,340.0,4406.19,4406.19,4406.19,4406.19,0,ACTIVE_0s,1.0,0.0,0.0,0.0,0.0,0.0,0.0,PASS_<20%,0.00,0.0,NO,STANDBY_VEL_LOW,1,1321.86,3268.14,132.45,FALSE,M1_DIRECTION_MISMATCH|OPENING_SHIELD_ACTIVE_0s
2026-09-07 18:47:00.827,1788806820.828,4177,2,90,4406.19,4406.27,8.0,PASS_<=10c,+0.0,FLAT,+0.0,+69.0,4.2,+0.00,0.00,SLOW,4405.50,4406.54,4403.14,4406.23,0.00,0.00,0.0,BEARISH,340.0,4406.19,4406.19,4406.19,4406.19,0,ACTIVE_0s,1.0,0.0,0.0,0.0,0.0,0.0,0.0,PASS_<20%,0.00,0.0,NO,STANDBY_VEL_LOW,1,1321.86,3268.14,132.45,FALSE,M1_DIRECTION_MISMATCH|OPENING_SHIELD_ACTIVE_0s
2026-09-07 18:47:11.205,1788806831.205,4178,3,91,4406.19,4406.27,8.0,PASS_<=10c,+0.0,FLAT,+0.0,+69.0,1.3,+0.00,0.00,SLOW,4405.50,4406.54,4403.14,4406.23,0.00,0.00,0.0,BEARISH,340.0,4406.19,4406.19,4406.19,4406.19,11,ACTIVE_11s,1.0,0.0,0.0,0.0,0.0,0.0,0.0,PASS_<20%,0.00,0.0,NO,STANDBY_VEL_LOW,1,1321.86,3268.14,132.45,FALSE,M1_DIRECTION_MISMATCH|OPENING_SHIELD_ACTIVE_11s
2026-09-07 18:47:17.223,1788806837.224,4179,4,92,4406.19,4406.27,8.0,PASS_<=10c,+0.0,FLAT,+0.0,+69.0,2.0,+0.00,0.00,SLOW,4405.50,4406.54,4403.14,4406.23,0.00,0.00,0.0,BEARISH,340.0,4406.19,4406.19,4406.19,4406.19,17,ACTIVE_17s,1.0,0.0,0.0,0.0,0.0,0.0,0.0,PASS_<20%,0.00,0.0,NO,STANDBY_VEL_LOW,1,1321.86,3268.14,132.45,FALSE,M1_DIRECTION_MISMATCH|OPENING_SHIELD_ACTIVE_17s
2026-09-07 18:47:17.579,1788806837.579,4180,5,93,4406.19,4406.27,8.0,PASS_<=10c,+0.0,FLAT,+0.0,+69.0,3.2,+0.00,0.00,SLOW,4405.50,4406.54,4403.14,4406.23,0.00,0.00,0.0,BEARISH,340.0,4406.19,4406.19,4406.19,4406.19,17,ACTIVE_17s,1.0,0.0,0.0,0.0,0.0,0.0,0.0,PASS_<20%,0.00,0.0,NO,STANDBY_VEL_LOW,1,1321.86,3268.14,132.45,FALSE,M1_DIRECTION_MISMATCH|OPENING_SHIELD_ACTIVE_17s
2026-09-07 18:47:18.080,1788806838.080,4181,6,94,4406.19,4406.27,8.0,PASS_<=10c,+0.0,FLAT,+0.0,+69.0,3.4,+0.00,0.00,SLOW,4405.50,4406.54,4403.14,4406.23,0.00,0.00,0.0,BEARISH,340.0,4406.19,4406.19,4406.19,4406.19,18,ACTIVE_18s,1.0,0.0,0.0,0.0,0.0,0.0,0.0,PASS_<20%,0.00,0.0,NO,STANDBY_VEL_LOW,1,1321.86,3268.14,132.45,FALSE,M1_DIRECTION_MISMATCH|OPENING_SHIELD_ACTIVE_18s
2026-09-07 18:47:18.582,1788806838.582,4182,7,95,4406.19,4406.27,8.0,PASS_<=10c,+0.0,FLAT,+0.0,+69.0,3.5,+0.00,0.00,SLOW,4405.50,4406.54,4403.14,4406.23,0.00,0.00,0.0,BEARISH,340.0,4406.19,4406.19,4406.19,4406.19,18,ACTIVE_18s,1.0,0.0,0.0,0.0,0.0,0.0,0.0,PASS_<20%,0.00,0.0,NO,STANDBY_VEL_LOW,1,1321.86,3268.14,132.45,FALSE,M1_DIRECTION_MISMATCH|OPENING_SHIELD_ACTIVE_18s
2026-09-07 18:47:19.083,1788806839.084,4183,8,96,4406.19,4406.27,8.0,PASS_<=10c,+0.0,FLAT,+0.0,+69.0,3.6,+0.00,0.00,SLOW,4405.50,4406.54,4403.14,4406.23,0.00,0.00,0.0,BEARISH,340.0,4406.19,4406.19,4406.19,4406.19,19,ACTIVE_19s,1.0,0.0,0.0,0.0,0.0,0.0,0.0,PASS_<20%,0.00,0.0,NO,STANDBY_VEL_LOW,1,1321.86,3268.14,132.45,FALSE,M1_DIRECTION_MISMATCH|OPENING_SHIELD_ACTIVE_19s
2026-09-07 18:47:19.586,1788806839.586,4184,9,97,4406.19,4406.27,8.0,PASS_<=10c,+0.0,FLAT,+0.0,+69.0,3.7,+0.00,0.00,SLOW,4405.50,4406.54,4403.14,4406.23,0.00,0.00,0.0,BEARISH,340.0,4406.19,4406.19,4406.19,4406.19,19,ACTIVE_19s,1.0,0.0,0.0,0.0,0.0,0.0,0.0,PASS_<20%,0.00,0.0,NO,STANDBY_VEL_LOW,1,1321.86,3268.14,132.45,FALSE,M1_DIRECTION_MISMATCH|OPENING_SHIELD_ACTIVE_19s
2026-09-07 18:47:20.087,1788806840.088,4185,10,98,4406.19,4406.27,8.0,PASS_<=10c,+0.0,FLAT,+0.0,+69.0,3.7,+0.00,0.00,SLOW,4405.50,4406.54,4403.14,4406.23,0.00,0.00,0.0,BEARISH,340.0,4406.19,4406.19,4406.19,4406.19,20,CLEARED_>=20s,1.0,0.0,0.0,0.0,0.0,0.0,0.0,PASS_<20%,0.00,0.0,NO,STANDBY_VEL_LOW,1,1321.86,3268.14,132.45,FALSE,M1_DIRECTION_MISMATCH
2026-09-07 18:47:20.589,1788806840.590,4186,11,99,4406.19,4406.27,8.0,PASS_<=10c,+0.0,FLAT,+0.0,+69.0,3.7,+0.00,0.00,SLOW,4405.50,4406.54,4403.14,4406.23,0.00,0.00,0.0,BEARISH,340.0,4406.19,4406.19,4406.19,4406.19,20,CLEARED_>=20s,1.0,0.0,0.0,0.0,0.0,0.0,0.0,PASS_<20%,0.00,0.0,NO,STANDBY_VEL_LOW,1,1321.86,3268.14,132.45,FALSE,M1_DIRECTION_MISMATCH
2026-09-07 18:47:21.091,1788806841.092,4187,12,100,4406.19,4406.27,8.0,PASS_<=10c,+0.0,FLAT,+0.0,+69.0,3.8,+0.00,0.00,SLOW,4405.50,4406.54,4403.14,4406.23,0.00,0.00,0.0,BEARISH,340.0,4406.19,4406.19,4406.19,4406.19,21,CLEARED_>=20s,1.0,0.0,0.0,0.0,0.0,0.0,0.0,PASS_<20%,0.00,0.0,NO,STANDBY_VEL_LOW,1,1321.86,3268.14,132.45,FALSE,M1_DIRECTION_MISMATCH
2026-09-07 18:47:21.593,1788806841.594,4188,13,101,4406.19,4406.27,8.0,PASS_<=10c,+0.0,FLAT,+0.0,+69.0,4.3,+0.00,0.00,SLOW,4405.50,4406.54,4403.14,4406.23,0.00,0.00,0.0,BEARISH,340.0,4406.19,4406.19,4406.19,4406.19,21,CLEARED_>=20s,1.0,0.0,0.0,0.0,0.0,0.0,0.0,PASS_<20%,0.00,0.0,NO,STANDBY_VEL_LOW,1,1321.86,3268.14,132.45,FALSE,M1_DIRECTION_MISMATCH
2026-09-07 18:47:22.094,1788806842.095,4189,14,102,4406.19,4406.27,8.0,PASS_<=10c,+0.0,FLAT,+0.0,+69.0,4.3,+0.00,0.00,SLOW,4405.50,4406.54,4403.14,4406.23,0.00,0.00,0.0,BEARISH,340.0,4406.19,4406.19,4406.19,4406.19,22,CLEARED_>=20s,1.0,0.0,0.0,0.0,0.0,0.0,0.0,PASS_<20%,0.00,0.0,NO,STANDBY_VEL_LOW,1,1321.86,3268.14,132.45,FALSE,M1_DIRECTION_MISMATCH
2026-09-07 18:47:22.597,1788806842.597,4190,15,103,4406.19,4406.27,8.0,PASS_<=10c,+0.0,FLAT,+0.0,+69.0,4.2,+0.00,0.00,SLOW,4405.50,4406.54,4403.14,4406.23,0.00,0.00,0.0,BEARISH,340.0,4406.19,4406.19,4406.19,4406.19,22,CLEARED_>=20s,1.0,0.0,0.0,0.0,0.0,0.0,0.0,PASS_<20%,0.00,0.0,NO,STANDBY_VEL_LOW,1,1321.86,3268.14,132.45,FALSE,M1_DIRECTION_MISMATCH
2026-09-07 18:47:23.099,1788806843.099,4191,16,104,4406.19,4406.27,8.0,PASS_<=10c,+0.0,FLAT,+0.0,+69.0,4.2,+0.00,0.00,SLOW,4405.50,4406.54,4403.14,4406.23,0.00,0.00,0.0,BEARISH,340.0,4406.19,4406.19,4406.19,4406.19,23,CLEARED_>=20s,1.0,0.0,0.0,0.0,0.0,0.0,0.0,PASS_<20%,0.00,0.0,NO,STANDBY_VEL_LOW,1,1321.86,3268.14,132.45,FALSE,M1_DIRECTION_MISMATCH
2026-09-07 18:47:23.601,1788806843.601,4192,17,105,4406.19,4406.27,8.0,PASS_<=10c,+0.0,FLAT,+0.0,+69.0,4.2,+0.00,0.00,SLOW,4405.50,4406.54,4403.14,4406.23,0.00,0.00,0.0,BEARISH,340.0,4406.19,4406.19,4406.19,4406.19,23,CLEARED_>=20s,1.0,0.0,0.0,0.0,0.0,0.0,0.0,PASS_<20%,0.00,0.0,NO,STANDBY_VEL_LOW,1,1321.86,3268.14,132.45,FALSE,M1_DIRECTION_MISMATCH
2026-09-07 18:47:24.102,1788806844.102,4193,18,106,4406.19,4406.27,8.0,PASS_<=10c,+0.0,FLAT,+0.0,+69.0,4.2,+0.00,0.00,SLOW,4405.50,4406.54,4403.14,4406.23,0.00,0.00,0.0,BEARISH,340.0,4406.19,4406.19,4406.19,4406.19,24,CLEARED_>=20s,1.0,0.0,0.0,0.0,0.0,0.0,0.0,PASS_<20%,0.00,0.0,NO,STANDBY_VEL_LOW,1,1321.86,3268.14,132.45,FALSE,M1_DIRECTION_MISMATCH
2026-09-07 18:47:24.603,1788806844.603,4194,19,107,4406.19,4406.27,8.0,PASS_<=10c,+0.0,FLAT,+0.0,+69.0,4.2,+0.00,0.00,SLOW,4405.50,4406.54,4403.14,4406.23,0.00,0.00,0.0,BEARISH,340.0,4406.19,4406.19,4406.19,4406.19,24,CLEARED_>=20s,1.0,0.0,0.0,0.0,0.0,0.0,0.0,PASS_<20%,0.00,0.0,NO,STANDBY_VEL_LOW,1,1321.86,3268.14,132.45,FALSE,M1_DIRECTION_MISMATCH
2026-09-07 18:47:25.105,1788806845.105,4195,20,108,4406.19,4406.27,8.0,PASS_<=10c,+0.0,FLAT,+0.0,+69.0,4.2,+0.00,0.00,SLOW,4405.50,4406.54,4403.14,4406.23,0.00,0.00,0.0,BEARISH,340.0,4406.19,4406.19,4406.19,4406.19,25,CLEARED_>=20s,1.0,0.0,0.0,0.0,0.0,0.0,0.0,PASS_<20%,0.00,0.0,NO,STANDBY_VEL_LOW,1,1321.86,3268.14,132.45,FALSE,M1_DIRECTION_MISMATCH
2026-09-07 18:47:35.485,1788806855.486,4196,21,109,4406.19,4406.27,8.0,PASS_<=10c,+0.0,FLAT,+0.0,+69.0,1.3,+0.00,0.00,SLOW,4405.50,4406.54,4403.14,4406.23,0.00,0.00,0.0,BEARISH,340.0,4406.19,4406.19,4406.19,4406.19,35,CLEARED_>=20s,1.0,0.0,0.0,0.0,0.0,0.0,0.0,PASS_<20%,0.00,0.0,NO,STANDBY_VEL_LOW,1,1321.86,3268.14,132.45,FALSE,M1_DIRECTION_MISMATCH
2026-09-07 18:47:42.107,1788806862.107,4197,22,110,4406.19,4406.27,8.0,PASS_<=10c,+0.0,FLAT,+0.0,+69.0,1.3,+0.00,0.00,SLOW,4405.50,4406.54,4403.14,4406.23,0.00,0.00,0.0,BEARISH,340.0,4406.19,4406.19,4406.19,4406.19,42,CLEARED_>=20s,1.0,0.0,0.0,0.0,0.0,0.0,0.0,PASS_<20%,0.00,0.0,NO,STANDBY_VEL_LOW,1,1321.86,3268.14,132.45,FALSE,M1_DIRECTION_MISMATCH
2026-09-07 18:47:42.462,1788806862.463,4198,23,111,4406.19,4406.27,8.0,PASS_<=10c,+0.0,FLAT,+0.0,+69.0,2.2,+0.00,0.00,SLOW,4405.50,4406.54,4403.14,4406.23,0.00,0.00,0.0,BEARISH,340.0,4406.19,4406.19,4406.19,4406.19,42,CLEARED_>=20s,1.0,0.0,0.0,0.0,0.0,0.0,0.0,PASS_<20%,0.00,0.0,NO,STANDBY_VEL_LOW,1,1321.86,3268.14,132.45,FALSE,M1_DIRECTION_MISMATCH
2026-09-07 18:47:42.964,1788806862.965,4199,24,112,4406.19,4406.27,8.0,PASS_<=10c,+0.0,FLAT,+0.0,+69.0,2.5,+0.00,0.00,SLOW,4405.50,4406.54,4403.14,4406.23,0.00,0.00,0.0,BEARISH,340.0,4406.19,4406.19,4406.19,4406.19,42,CLEARED_>=20s,1.0,0.0,0.0,0.0,0.0,0.0,0.0,PASS_<20%,0.00,0.0,NO,STANDBY_VEL_LOW,1,1321.86,3268.14,132.45,FALSE,M1_DIRECTION_MISMATCH
2026-09-07 18:47:43.469,1788806863.469,4200,25,113,4406.19,4406.27,8.0,PASS_<=10c,+0.0,FLAT,+0.0,+69.0,2.8,+0.00,0.00,SLOW,4405.50,4406.54,4403.14,4406.23,0.00,0.00,0.0,BEARISH,340.0,4406.19,4406.19,4406.19,4406.19,43,CLEARED_>=20s,1.0,0.0,0.0,0.0,0.0,0.0,0.0,PASS_<20%,0.00,0.0,NO,STANDBY_VEL_LOW,1,1321.86,3268.14,132.45,FALSE,M1_DIRECTION_MISMATCH
2026-09-07 18:47:43.968,1788806863.968,4201,26,114,4406.19,4406.27,8.0,PASS_<=10c,+0.0,FLAT,+0.0,+69.0,3.0,+0.00,0.00,SLOW,4405.50,4406.54,4403.14,4406.23,0.00,0.00,0.0,BEARISH,340.0,4406.19,4406.19,4406.19,4406.19,43,CLEARED_>=20s,1.0,0.0,0.0,0.0,0.0,0.0,0.0,PASS_<20%,0.00,0.0,NO,STANDBY_VEL_LOW,1,1321.86,3268.14,132.45,FALSE,M1_DIRECTION_MISMATCH
2026-09-07 18:47:44.470,1788806864.471,4202,27,115,4406.19,4406.27,8.0,PASS_<=10c,+0.0,FLAT,+0.0,+69.0,3.1,+0.00,0.00,SLOW,4405.50,4406.54,4403.14,4406.23,0.00,0.00,0.0,BEARISH,340.0,4406.19,4406.19,4406.19,4406.19,44,CLEARED_>=20s,1.0,0.0,0.0,0.0,0.0,0.0,0.0,PASS_<20%,0.00,0.0,NO,STANDBY_VEL_LOW,1,1321.86,3268.14,132.45,FALSE,M1_DIRECTION_MISMATCH
2026-09-07 18:47:44.972,1788806864.972,4203,28,116,4406.19,4406.27,8.0,PASS_<=10c,+0.0,FLAT,+0.0,+69.0,3.2,+0.00,0.00,SLOW,4405.50,4406.54,4403.14,4406.23,0.00,0.00,0.0,BEARISH,340.0,4406.19,4406.19,4406.19,4406.19,44,CLEARED_>=20s,1.0,0.0,0.0,0.0,0.0,0.0,0.0,PASS_<20%,0.00,0.0,NO,STANDBY_VEL_LOW,1,1321.86,3268.14,132.45,FALSE,M1_DIRECTION_MISMATCH
2026-09-07 18:47:45.474,1788806865.474,4204,29,117,4406.19,4406.27,8.0,PASS_<=10c,+0.0,FLAT,+0.0,+69.0,3.3,+0.00,0.00,SLOW,4405.50,4406.54,4403.14,4406.23,0.00,0.00,0.0,BEARISH,340.0,4406.19,4406.19,4406.19,4406.19,45,CLEARED_>=20s,1.0,0.0,0.0,0.0,0.0,0.0,0.0,PASS_<20%,0.00,0.0,NO,STANDBY_VEL_LOW,1,1321.86,3268.14,132.45,FALSE,M1_DIRECTION_MISMATCH
2026-09-07 18:47:45.975,1788806865.976,4205,30,118,4406.19,4406.27,8.0,PASS_<=10c,+0.0,FLAT,+0.0,+69.0,4.4,+0.00,0.00,SLOW,4405.50,4406.54,4403.14,4406.23,0.00,0.00,0.0,BEARISH,340.0,4406.19,4406.19,4406.19,4406.19,45,CLEARED_>=20s,1.0,0.0,0.0,0.0,0.0,0.0,0.0,PASS_<20%,0.00,0.0,NO,STANDBY_VEL_LOW,1,1321.86,3268.14,132.45,FALSE,M1_DIRECTION_MISMATCH
2026-09-07 18:47:46.477,1788806866.477,4206,31,119,4406.19,4406.27,8.0,PASS_<=10c,+0.0,FLAT,+0.0,+69.0,4.3,+0.00,0.00,SLOW,4405.50,4406.54,4403.14,4406.23,0.00,0.00,0.0,BEARISH,340.0,4406.19,4406.19,4406.19,4406.19,46,CLEARED_>=20s,1.0,0.0,0.0,0.0,0.0,0.0,0.0,PASS_<20%,0.00,0.0,NO,STANDBY_VEL_LOW,1,1321.86,3268.14,132.45,FALSE,M1_DIRECTION_MISMATCH
2026-09-07 18:47:46.979,1788806866.980,4207,32,120,4406.19,4406.27,8.0,PASS_<=10c,+0.0,FLAT,+0.0,+69.0,4.3,+0.00,0.00,SLOW,4405.50,4406.54,4403.14,4406.23,0.00,0.00,0.0,BEARISH,340.0,4406.19,4406.19,4406.19,4406.19,46,CLEARED_>=20s,1.0,0.0,0.0,0.0,0.0,0.0,0.0,PASS_<20%,0.00,0.0,NO,STANDBY_VEL_LOW,1,1321.86,3268.14,132.45,FALSE,M1_DIRECTION_MISMATCH
2026-09-07 18:47:47.480,1788806867.481,4208,33,121,4406.19,4406.27,8.0,PASS_<=10c,+0.0,FLAT,+0.0,+69.0,4.2,+0.00,0.00,SLOW,4405.50,4406.54,4403.14,4406.23,0.00,0.00,0.0,BEARISH,340.0,4406.19,4406.19,4406.19,4406.19,47,CLEARED_>=20s,1.0,0.0,0.0,0.0,0.0,0.0,0.0,PASS_<20%,0.00,0.0,NO,STANDBY_VEL_LOW,1,1321.86,3268.14,132.45,FALSE,M1_DIRECTION_MISMATCH
2026-09-07 18:47:47.983,1788806867.983,4209,34,122,4406.19,4406.27,8.0,PASS_<=10c,+0.0,FLAT,+0.0,+69.0,4.2,+0.00,0.00,SLOW,4405.50,4406.54,4403.14,4406.23,0.00,0.00,0.0,BEARISH,340.0,4406.19,4406.19,4406.19,4406.19,47,CLEARED_>=20s,1.0,0.0,0.0,0.0,0.0,0.0,0.0,PASS_<20%,0.00,0.0,NO,STANDBY_VEL_LOW,1,1321.86,3268.14,132.45,FALSE,M1_DIRECTION_MISMATCH
2026-09-07 18:47:48.485,1788806868.485,4210,35,123,4406.19,4406.27,8.0,PASS_<=10c,+0.0,FLAT,+0.0,+69.0,4.2,+0.00,0.00,SLOW,4405.50,4406.54,4403.14,4406.23,0.00,0.00,0.0,BEARISH,340.0,4406.19,4406.19,4406.19,4406.19,48,CLEARED_>=20s,1.0,0.0,0.0,0.0,0.0,0.0,0.0,PASS_<20%,0.00,0.0,NO,STANDBY_VEL_LOW,1,1321.86,3268.14,132.45,FALSE,M1_DIRECTION_MISMATCH
2026-09-07 18:47:48.985,1788806868.986,4211,36,124,4406.19,4406.27,8.0,PASS_<=10c,+0.0,FLAT,+0.0,+69.0,4.2,+0.00,0.00,SLOW,4405.50,4406.54,4403.14,4406.23,0.00,0.00,0.0,BEARISH,340.0,4406.19,4406.19,4406.19,4406.19,48,CLEARED_>=20s,1.0,0.0,0.0,0.0,0.0,0.0,0.0,PASS_<20%,0.00,0.0,NO,STANDBY_VEL_LOW,1,1321.86,3268.14,132.45,FALSE,M1_DIRECTION_MISMATCH
2026-09-07 18:47:49.487,1788806869.487,4212,37,125,4406.19,4406.27,8.0,PASS_<=10c,+0.0,FLAT,+0.0,+69.0,4.2,+0.00,0.00,SLOW,4405.50,4406.54,4403.14,4406.23,0.00,0.00,0.0,BEARISH,340.0,4406.19,4406.19,4406.19,4406.19,49,CLEARED_>=20s,1.0,0.0,0.0,0.0,0.0,0.0,0.0,PASS_<20%,0.00,0.0,NO,STANDBY_VEL_LOW,1,1321.86,3268.14,132.45,FALSE,M1_DIRECTION_MISMATCH
2026-09-07 18:47:49.990,1788806869.991,4213,38,126,4406.19,4406.27,8.0,PASS_<=10c,+0.0,FLAT,+0.0,+69.0,4.2,+0.00,0.00,SLOW,4405.50,4406.54,4403.14,4406.23,0.00,0.00,0.0,BEARISH,340.0,4406.19,4406.19,4406.19,4406.19,49,CLEARED_>=20s,1.0,0.0,0.0,0.0,0.0,0.0,0.0,PASS_<20%,0.00,0.0,NO,STANDBY_VEL_LOW,1,1321.86,3268.14,132.45,FALSE,M1_DIRECTION_MISMATCH
2026-09-07 18:48:00.367,1788806880.367,4214,1,127,4406.19,4406.27,8.0,PASS_<=10c,+0.0,FLAT,+0.0,+69.0,1.3,+0.00,0.00,SLOW,4405.50,4406.54,4403.14,4406.23,0.00,0.00,0.0,BEARISH,340.0,4406.19,4406.19,4406.19,4406.19,0,ACTIVE_0s,1.0,0.0,0.0,0.0,0.0,0.0,0.0,PASS_<20%,0.00,0.0,NO,STANDBY_VEL_LOW,1,1321.86,3268.14,132.45,FALSE,M1_DIRECTION_MISMATCH|OPENING_SHIELD_ACTIVE_0s
2026-09-07 18:48:07.390,1788806887.391,4215,2,128,4406.19,4406.27,8.0,PASS_<=10c,+0.0,FLAT,+0.0,+69.0,1.3,+0.00,0.00,SLOW,4405.50,4406.54,4403.14,4406.23,0.00,0.00,0.0,BEARISH,340.0,4406.19,4406.19,4406.19,4406.19,7,ACTIVE_7s,1.0,0.0,0.0,0.0,0.0,0.0,0.0,PASS_<20%,0.00,0.0,NO,STANDBY_VEL_LOW,1,1321.86,3268.14,132.45,FALSE,M1_DIRECTION_MISMATCH|OPENING_SHIELD_ACTIVE_7s
2026-09-07 18:48:07.745,1788806887.746,4216,3,129,4406.19,4406.27,8.0,PASS_<=10c,+0.0,FLAT,+0.0,+69.0,1.8,+0.00,0.00,SLOW,4405.50,4406.54,4403.14,4406.23,0.00,0.00,0.0,BEARISH,340.0,4406.19,4406.19,4406.19,4406.19,7,ACTIVE_7s,1.0,0.0,0.0,0.0,0.0,0.0,0.0,PASS_<20%,0.00,0.0,NO,STANDBY_VEL_LOW,1,1321.86,3268.14,132.45,FALSE,M1_DIRECTION_MISMATCH|OPENING_SHIELD_ACTIVE_7s
2026-09-07 18:48:08.247,1788806888.247,4217,4,130,4406.19,4406.27,8.0,PASS_<=10c,+0.0,FLAT,+0.0,+69.0,2.2,+0.00,0.00,SLOW,4405.50,4406.54,4403.14,4406.23,0.00,0.00,0.0,BEARISH,340.0,4406.19,4406.19,4406.19,4406.19,8,ACTIVE_8s,1.0,0.0,0.0,0.0,0.0,0.0,0.0,PASS_<20%,0.00,0.0,NO,STANDBY_VEL_LOW,1,1321.86,3268.14,132.45,FALSE,M1_DIRECTION_MISMATCH|OPENING_SHIELD_ACTIVE_8s
2026-09-07 18:48:08.748,1788806888.749,4218,5,131,4406.19,4406.27,8.0,PASS_<=10c,+0.0,FLAT,+0.0,+69.0,2.5,+0.00,0.00,SLOW,4405.50,4406.54,4403.14,4406.23,0.00,0.00,0.0,BEARISH,340.0,4406.19,4406.19,4406.19,4406.19,8,ACTIVE_8s,1.0,0.0,0.0,0.0,0.0,0.0,0.0,PASS_<20%,0.00,0.0,NO,STANDBY_VEL_LOW,1,1321.86,3268.14,132.45,FALSE,M1_DIRECTION_MISMATCH|OPENING_SHIELD_ACTIVE_8s
2026-09-07 18:48:09.251,1788806889.251,4219,6,132,4406.19,4406.27,8.0,PASS_<=10c,+0.0,FLAT,+0.0,+69.0,2.7,+0.00,0.00,SLOW,4405.50,4406.54,4403.14,4406.23,0.00,0.00,0.0,BEARISH,340.0,4406.19,4406.19,4406.19,4406.19,9,ACTIVE_9s,1.0,0.0,0.0,0.0,0.0,0.0,0.0,PASS_<20%,0.00,0.0,NO,STANDBY_VEL_LOW,1,1321.86,3268.14,132.45,FALSE,M1_DIRECTION_MISMATCH|OPENING_SHIELD_ACTIVE_9s
2026-09-07 18:48:09.751,1788806889.751,4220,7,133,4406.19,4406.27,8.0,PASS_<=10c,+0.0,FLAT,+0.0,+69.0,2.8,+0.00,0.00,SLOW,4405.50,4406.54,4403.14,4406.23,0.00,0.00,0.0,BEARISH,340.0,4406.19,4406.19,4406.19,4406.19,9,ACTIVE_9s,1.0,0.0,0.0,0.0,0.0,0.0,0.0,PASS_<20%,0.00,0.0,NO,STANDBY_VEL_LOW,1,1321.86,3268.14,132.45,FALSE,M1_DIRECTION_MISMATCH|OPENING_SHIELD_ACTIVE_9s
2026-09-07 18:48:10.253,1788806890.253,4221,8,134,4406.19,4406.27,8.0,PASS_<=10c,+0.0,FLAT,+0.0,+69.0,2.9,+0.00,0.00,SLOW,4405.50,4406.54,4403.14,4406.23,0.00,0.00,0.0,BEARISH,340.0,4406.19,4406.19,4406.19,4406.19,10,ACTIVE_10s,1.0,0.0,0.0,0.0,0.0,0.0,0.0,PASS_<20%,0.00,0.0,NO,STANDBY_VEL_LOW,1,1321.86,3268.14,132.45,FALSE,M1_DIRECTION_MISMATCH|OPENING_SHIELD_ACTIVE_10s
2026-09-07 18:48:10.754,1788806890.755,4222,9,135,4406.19,4406.27,8.0,PASS_<=10c,+0.0,FLAT,+0.0,+69.0,4.5,+0.00,0.00,SLOW,4405.50,4406.54,4403.14,4406.23,0.00,0.00,0.0,BEARISH,340.0,4406.19,4406.19,4406.19,4406.19,10,ACTIVE_10s,1.0,0.0,0.0,0.0,0.0,0.0,0.0,PASS_<20%,0.00,0.0,NO,STANDBY_VEL_LOW,1,1321.86,3268.14,132.45,FALSE,M1_DIRECTION_MISMATCH|OPENING_SHIELD_ACTIVE_10s
2026-09-07 18:48:11.256,1788806891.257,4223,10,136,4406.19,4406.27,8.0,PASS_<=10c,+0.0,FLAT,+0.0,+69.0,4.4,+0.00,0.00,SLOW,4405.50,4406.54,4403.14,4406.23,0.00,0.00,0.0,BEARISH,340.0,4406.19,4406.19,4406.19,4406.19,11,ACTIVE_11s,1.0,0.0,0.0,0.0,0.0,0.0,0.0,PASS_<20%,0.00,0.0,NO,STANDBY_VEL_LOW,1,1321.86,3268.14,132.45,FALSE,M1_DIRECTION_MISMATCH|OPENING_SHIELD_ACTIVE_11s
2026-09-07 18:48:11.758,1788806891.759,4224,11,137,4406.19,4406.27,8.0,PASS_<=10c,+0.0,FLAT,+0.0,+69.0,4.3,+0.00,0.00,SLOW,4405.50,4406.54,4403.14,4406.23,0.00,0.00,0.0,BEARISH,340.0,4406.19,4406.19,4406.19,4406.19,11,ACTIVE_11s,1.0,0.0,0.0,0.0,0.0,0.0,0.0,PASS_<20%,0.00,0.0,NO,STANDBY_VEL_LOW,1,1321.86,3268.14,132.45,FALSE,M1_DIRECTION_MISMATCH|OPENING_SHIELD_ACTIVE_11s
2026-09-07 18:48:12.260,1788806892.261,4225,12,138,4406.19,4406.27,8.0,PASS_<=10c,+0.0,FLAT,+0.0,+69.0,4.3,+0.00,0.00,SLOW,4405.50,4406.54,4403.14,4406.23,0.00,0.00,0.0,BEARISH,340.0,4406.19,4406.19,4406.19,4406.19,12,ACTIVE_12s,1.0,0.0,0.0,0.0,0.0,0.0,0.0,PASS_<20%,0.00,0.0,NO,STANDBY_VEL_LOW,1,1321.86,3268.14,132.45,FALSE,M1_DIRECTION_MISMATCH|OPENING_SHIELD_ACTIVE_12s
2026-09-07 18:48:12.761,1788806892.761,4226,13,139,4406.19,4406.27,8.0,PASS_<=10c,+0.0,FLAT,+0.0,+69.0,4.2,+0.00,0.00,SLOW,4405.50,4406.54,4403.14,4406.23,0.00,0.00,0.0,BEARISH,340.0,4406.19,4406.19,4406.19,4406.19,12,ACTIVE_12s,1.0,0.0,0.0,0.0,0.0,0.0,0.0,PASS_<20%,0.00,0.0,NO,STANDBY_VEL_LOW,1,1321.86,3268.14,132.45,FALSE,M1_DIRECTION_MISMATCH|OPENING_SHIELD_ACTIVE_12s
2026-09-07 18:48:13.262,1788806893.263,4227,14,140,4406.19,4406.27,8.0,PASS_<=10c,+0.0,FLAT,+0.0,+69.0,4.2,+0.00,0.00,SLOW,4405.50,4406.54,4403.14,4406.23,0.00,0.00,0.0,BEARISH,340.0,4406.19,4406.19,4406.19,4406.19,13,ACTIVE_13s,1.0,0.0,0.0,0.0,0.0,0.0,0.0,PASS_<20%,0.00,0.0,NO,STANDBY_VEL_LOW,1,1321.86,3268.14,132.45,FALSE,M1_DIRECTION_MISMATCH|OPENING_SHIELD_ACTIVE_13s
2026-09-07 18:48:13.764,1788806893.764,4228,15,141,4406.19,4406.27,8.0,PASS_<=10c,+0.0,FLAT,+0.0,+69.0,4.2,+0.00,0.00,SLOW,4405.50,4406.54,4403.14,4406.23,0.00,0.00,0.0,BEARISH,340.0,4406.19,4406.19,4406.19,4406.19,13,ACTIVE_13s,1.0,0.0,0.0,0.0,0.0,0.0,0.0,PASS_<20%,0.00,0.0,NO,STANDBY_VEL_LOW,1,1321.86,3268.14,132.45,FALSE,M1_DIRECTION_MISMATCH|OPENING_SHIELD_ACTIVE_13s
2026-09-07 18:48:14.266,1788806894.267,4229,16,142,4406.19,4406.27,8.0,PASS_<=10c,+0.0,FLAT,+0.0,+69.0,4.2,+0.00,0.00,SLOW,4405.50,4406.54,4403.14,4406.23,0.00,0.00,0.0,BEARISH,340.0,4406.19,4406.19,4406.19,4406.19,14,ACTIVE_14s,1.0,0.0,0.0,0.0,0.0,0.0,0.0,PASS_<20%,0.00,0.0,NO,STANDBY_VEL_LOW,1,1321.86,3268.14,132.45,FALSE,M1_DIRECTION_MISMATCH|OPENING_SHIELD_ACTIVE_14s
2026-09-07 18:48:14.767,1788806894.767,4230,17,143,4406.19,4406.27,8.0,PASS_<=10c,+0.0,FLAT,+0.0,+69.0,4.2,+0.00,0.00,SLOW,4405.50,4406.54,4403.14,4406.23,0.00,0.00,0.0,BEARISH,340.0,4406.19,4406.19,4406.19,4406.19,14,ACTIVE_14s,1.0,0.0,0.0,0.0,0.0,0.0,0.0,PASS_<20%,0.00,0.0,NO,STANDBY_VEL_LOW,1,1321.86,3268.14,132.45,FALSE,M1_DIRECTION_MISMATCH|OPENING_SHIELD_ACTIVE_14s
2026-09-07 18:48:15.270,1788806895.270,4231,18,144,4406.19,4406.27,8.0,PASS_<=10c,+0.0,FLAT,+0.0,+69.0,4.2,+0.00,0.00,SLOW,4405.50,4406.54,4403.14,4406.23,0.00,0.00,0.0,BEARISH,340.0,4406.19,4406.19,4406.19,4406.19,15,ACTIVE_15s,1.0,0.0,0.0,0.0,0.0,0.0,0.0,PASS_<20%,0.00,0.0,NO,STANDBY_VEL_LOW,1,1321.86,3268.14,132.45,FALSE,M1_DIRECTION_MISMATCH|OPENING_SHIELD_ACTIVE_15s
2026-09-07 18:48:25.653,1788806905.653,4232,19,145,4406.19,4406.27,8.0,PASS_<=10c,+0.0,FLAT,+0.0,+69.0,1.3,+0.00,0.00,SLOW,4405.50,4406.54,4403.14,4406.23,0.00,0.00,0.0,BEARISH,340.0,4406.19,4406.19,4406.19,4406.19,25,CLEARED_>=20s,1.0,0.0,0.0,0.0,0.0,0.0,0.0,PASS_<20%,0.00,0.0,NO,STANDBY_VEL_LOW,1,1321.86,3268.14,132.45,FALSE,M1_DIRECTION_MISMATCH
2026-09-07 18:48:31.473,1788806911.474,4233,20,146,4406.19,4406.27,8.0,PASS_<=10c,+0.0,FLAT,+0.0,+69.0,2.0,+0.00,0.00,SLOW,4405.50,4406.54,4403.14,4406.23,0.00,0.00,0.0,BEARISH,340.0,4406.19,4406.19,4406.19,4406.19,31,CLEARED_>=20s,1.0,0.0,0.0,0.0,0.0,0.0,0.0,PASS_<20%,0.00,0.0,NO,STANDBY_VEL_LOW,1,1321.86,3268.14,132.45,FALSE,M1_DIRECTION_MISMATCH
2026-09-07 18:48:31.828,1788806911.828,4234,21,147,4406.19,4406.27,8.0,PASS_<=10c,+0.0,FLAT,+0.0,+69.0,3.8,+0.00,0.00,SLOW,4405.50,4406.54,4403.14,4406.23,0.00,0.00,0.0,BEARISH,340.0,4406.19,4406.19,4406.19,4406.19,31,CLEARED_>=20s,1.0,0.0,0.0,0.0,0.0,0.0,0.0,PASS_<20%,0.00,0.0,NO,STANDBY_VEL_LOW,1,1321.86,3268.14,132.45,FALSE,M1_DIRECTION_MISMATCH
2026-09-07 18:48:32.330,1788806912.330,4235,22,148,4406.19,4406.27,8.0,PASS_<=10c,+0.0,FLAT,+0.0,+69.0,3.8,+0.00,0.00,SLOW,4405.50,4406.54,4403.14,4406.23,0.00,0.00,0.0,BEARISH,340.0,4406.19,4406.19,4406.19,4406.19,32,CLEARED_>=20s,1.0,0.0,0.0,0.0,0.0,0.0,0.0,PASS_<20%,0.00,0.0,NO,STANDBY_VEL_LOW,1,1321.86,3268.14,132.45,FALSE,M1_DIRECTION_MISMATCH
2026-09-07 18:48:32.831,1788806912.832,4236,23,149,4406.19,4406.27,8.0,PASS_<=10c,+0.0,FLAT,+0.0,+69.0,3.9,+0.00,0.00,SLOW,4405.50,4406.54,4403.14,4406.23,0.00,0.00,0.0,BEARISH,340.0,4406.19,4406.19,4406.19,4406.19,32,CLEARED_>=20s,1.0,0.0,0.0,0.0,0.0,0.0,0.0,PASS_<20%,0.00,0.0,NO,STANDBY_VEL_LOW,1,1321.86,3268.14,132.45,FALSE,M1_DIRECTION_MISMATCH
2026-09-07 18:48:33.333,1788806913.333,4237,24,150,4406.19,4406.27,8.0,PASS_<=10c,+0.0,FLAT,+0.0,+69.0,3.9,+0.00,0.00,SLOW,4405.50,4406.54,4403.14,4406.23,0.00,0.00,0.0,BEARISH,340.0,4406.19,4406.19,4406.19,4406.19,33,CLEARED_>=20s,1.0,0.0,0.0,0.0,0.0,0.0,0.0,PASS_<20%,0.00,0.0,NO,STANDBY_VEL_LOW,1,1321.86,3268.14,132.45,FALSE,M1_DIRECTION_MISMATCH
2026-09-07 18:48:33.835,1788806913.835,4238,25,151,4406.19,4406.27,8.0,PASS_<=10c,+0.0,FLAT,+0.0,+69.0,3.9,+0.00,0.00,SLOW,4405.50,4406.54,4403.14,4406.23,0.00,0.00,0.0,BEARISH,340.0,4406.19,4406.19,4406.19,4406.19,33,CLEARED_>=20s,1.0,0.0,0.0,0.0,0.0,0.0,0.0,PASS_<20%,0.00,0.0,NO,STANDBY_VEL_LOW,1,1321.86,3268.14,132.45,FALSE,M1_DIRECTION_MISMATCH
2026-09-07 18:48:34.336,1788806914.337,4239,26,152,4406.19,4406.27,8.0,PASS_<=10c,+0.0,FLAT,+0.0,+69.0,3.9,+0.00,0.00,SLOW,4405.50,4406.54,4403.14,4406.23,0.00,0.00,0.0,BEARISH,340.0,4406.19,4406.19,4406.19,4406.19,34,CLEARED_>=20s,1.0,0.0,0.0,0.0,0.0,0.0,0.0,PASS_<20%,0.00,0.0,NO,STANDBY_VEL_LOW,1,1321.86,3268.14,132.45,FALSE,M1_DIRECTION_MISMATCH
2026-09-07 18:48:34.838,1788806914.839,4240,27,153,4406.19,4406.27,8.0,PASS_<=10c,+0.0,FLAT,+0.0,+69.0,3.9,+0.00,0.00,SLOW,4405.50,4406.54,4403.14,4406.23,0.00,0.00,0.0,BEARISH,340.0,4406.19,4406.19,4406.19,4406.19,34,CLEARED_>=20s,1.0,0.0,0.0,0.0,0.0,0.0,0.0,PASS_<20%,0.00,0.0,NO,STANDBY_VEL_LOW,1,1321.86,3268.14,132.45,FALSE,M1_DIRECTION_MISMATCH
2026-09-07 18:48:35.340,1788806915.341,4241,28,154,4406.19,4406.27,8.0,PASS_<=10c,+0.0,FLAT,+0.0,+69.0,3.9,+0.00,0.00,SLOW,4405.50,4406.54,4403.14,4406.23,0.00,0.00,0.0,BEARISH,340.0,4406.19,4406.19,4406.19,4406.19,35,CLEARED_>=20s,1.0,0.0,0.0,0.0,0.0,0.0,0.0,PASS_<20%,0.00,0.0,NO,STANDBY_VEL_LOW,1,1321.86,3268.14,132.45,FALSE,M1_DIRECTION_MISMATCH
2026-09-07 18:48:35.841,1788806915.842,4242,29,155,4406.19,4406.27,8.0,PASS_<=10c,+0.0,FLAT,+0.0,+69.0,4.3,+0.00,0.00,SLOW,4405.50,4406.54,4403.14,4406.23,0.00,0.00,0.0,BEARISH,340.0,4406.19,4406.19,4406.19,4406.19,35,CLEARED_>=20s,1.0,0.0,0.0,0.0,0.0,0.0,0.0,PASS_<20%,0.00,0.0,NO,STANDBY_VEL_LOW,1,1321.86,3268.14,132.45,FALSE,M1_DIRECTION_MISMATCH
2026-09-07 18:48:36.344,1788806916.345,4243,30,156,4406.19,4406.27,8.0,PASS_<=10c,+0.0,FLAT,+0.0,+69.0,4.3,+0.00,0.00,SLOW,4405.50,4406.54,4403.14,4406.23,0.00,0.00,0.0,BEARISH,340.0,4406.19,4406.19,4406.19,4406.19,36,CLEARED_>=20s,1.0,0.0,0.0,0.0,0.0,0.0,0.0,PASS_<20%,0.00,0.0,NO,STANDBY_VEL_LOW,1,1321.86,3268.14,132.45,FALSE,M1_DIRECTION_MISMATCH
2026-09-07 18:48:36.844,1788806916.845,4244,31,157,4406.19,4406.27,8.0,PASS_<=10c,+0.0,FLAT,+0.0,+69.0,4.2,+0.00,0.00,SLOW,4405.50,4406.54,4403.14,4406.23,0.00,0.00,0.0,BEARISH,340.0,4406.19,4406.19,4406.19,4406.19,36,CLEARED_>=20s,1.0,0.0,0.0,0.0,0.0,0.0,0.0,PASS_<20%,0.00,0.0,NO,STANDBY_VEL_LOW,1,1321.86,3268.14,132.45,FALSE,M1_DIRECTION_MISMATCH
2026-09-07 18:48:37.353,1788806917.353,4245,32,158,4406.19,4406.27,8.0,PASS_<=10c,+0.0,FLAT,+0.0,+69.0,4.2,+0.00,0.00,SLOW,4405.50,4406.54,4403.14,4406.23,0.00,0.00,0.0,BEARISH,340.0,4406.19,4406.19,4406.19,4406.19,37,CLEARED_>=20s,1.0,0.0,0.0,0.0,0.0,0.0,0.0,PASS_<20%,0.00,0.0,NO,STANDBY_VEL_LOW,1,1321.86,3268.14,132.45,FALSE,M1_DIRECTION_MISMATCH
2026-09-07 18:48:37.854,1788806917.855,4246,33,159,4406.19,4406.27,8.0,PASS_<=10c,+0.0,FLAT,+0.0,+69.0,4.2,+0.00,0.00,SLOW,4405.50,4406.54,4403.14,4406.23,0.00,0.00,0.0,BEARISH,340.0,4406.19,4406.19,4406.19,4406.19,37,CLEARED_>=20s,1.0,0.0,0.0,0.0,0.0,0.0,0.0,PASS_<20%,0.00,0.0,NO,STANDBY_VEL_LOW,1,1321.86,3268.14,132.45,FALSE,M1_DIRECTION_MISMATCH
2026-09-07 18:48:38.355,1788806918.356,4247,34,160,4406.19,4406.27,8.0,PASS_<=10c,+0.0,FLAT,+0.0,+69.0,4.2,+0.00,0.00,SLOW,4405.50,4406.54,4403.14,4406.23,0.00,0.00,0.0,BEARISH,340.0,4406.19,4406.19,4406.19,4406.19,38,CLEARED_>=20s,1.0,0.0,0.0,0.0,0.0,0.0,0.0,PASS_<20%,0.00,0.0,NO,STANDBY_VEL_LOW,1,1321.86,3268.14,132.45,FALSE,M1_DIRECTION_MISMATCH
2026-09-07 18:48:38.858,1788806918.859,4248,35,161,4406.19,4406.27,8.0,PASS_<=10c,+0.0,FLAT,+0.0,+69.0,4.2,+0.00,0.00,SLOW,4405.50,4406.54,4403.14,4406.23,0.00,0.00,0.0,BEARISH,340.0,4406.19,4406.19,4406.19,4406.19,38,CLEARED_>=20s,1.0,0.0,0.0,0.0,0.0,0.0,0.0,PASS_<20%,0.00,0.0,NO,STANDBY_VEL_LOW,1,1321.86,3268.14,132.45,FALSE,M1_DIRECTION_MISMATCH
2026-09-07 18:48:39.361,1788806919.361,4249,36,162,4406.19,4406.27,8.0,PASS_<=10c,+0.0,FLAT,+0.0,+69.0,4.2,+0.00,0.00,SLOW,4405.50,4406.54,4403.14,4406.23,0.00,0.00,0.0,BEARISH,340.0,4406.19,4406.19,4406.19,4406.19,39,CLEARED_>=20s,1.0,0.0,0.0,0.0,0.0,0.0,0.0,PASS_<20%,0.00,0.0,NO,STANDBY_VEL_LOW,1,1321.86,3268.14,132.45,FALSE,M1_DIRECTION_MISMATCH
2026-09-07 18:48:49.739,1788806929.740,4250,37,163,4406.19,4406.27,8.0,PASS_<=10c,+0.0,FLAT,+0.0,+69.0,1.3,+0.00,0.00,SLOW,4405.50,4406.54,4403.14,4406.23,0.00,0.00,0.0,BEARISH,340.0,4406.19,4406.19,4406.19,4406.19,49,CLEARED_>=20s,1.0,0.0,0.0,0.0,0.0,0.0,0.0,PASS_<20%,0.00,0.0,NO,STANDBY_VEL_LOW,1,1321.86,3268.14,132.45,FALSE,M1_DIRECTION_MISMATCH
2026-09-07 18:48:56.158,1788806936.159,4251,38,164,4406.19,4406.27,8.0,PASS_<=10c,+0.0,FLAT,+0.0,+69.0,1.5,+0.00,0.00,SLOW,4405.50,4406.54,4403.14,4406.23,0.00,0.00,0.0,BEARISH,340.0,4406.19,4406.19,4406.19,4406.19,56,CLEARED_>=20s,1.0,0.0,0.0,0.0,0.0,0.0,0.0,PASS_<20%,0.00,0.0,NO,STANDBY_VEL_LOW,1,1321.86,3268.14,132.45,FALSE,M1_DIRECTION_MISMATCH
2026-09-07 18:48:56.513,1788806936.513,4252,39,165,4406.19,4406.27,8.0,PASS_<=10c,+0.0,FLAT,+0.0,+69.0,2.4,+0.00,0.00,SLOW,4405.50,4406.54,4403.14,4406.23,0.00,0.00,0.0,BEARISH,340.0,4406.19,4406.19,4406.19,4406.19,56,CLEARED_>=20s,1.0,0.0,0.0,0.0,0.0,0.0,0.0,PASS_<20%,0.00,0.0,NO,STANDBY_VEL_LOW,1,1321.86,3268.14,132.45,FALSE,M1_DIRECTION_MISMATCH
2026-09-07 18:48:57.014,1788806937.015,4253,40,166,4406.19,4406.27,8.0,PASS_<=10c,+0.0,FLAT,+0.0,+69.0,2.8,+0.00,0.00,SLOW,4405.50,4406.54,4403.14,4406.23,0.00,0.00,0.0,BEARISH,340.0,4406.19,4406.19,4406.19,4406.19,57,CLEARED_>=20s,1.0,0.0,0.0,0.0,0.0,0.0,0.0,PASS_<20%,0.00,0.0,NO,STANDBY_VEL_LOW,1,1321.86,3268.14,132.45,FALSE,M1_DIRECTION_MISMATCH
2026-09-07 18:48:57.517,1788806937.517,4254,41,167,4406.19,4406.27,8.0,PASS_<=10c,+0.0,FLAT,+0.0,+69.0,3.0,+0.00,0.00,SLOW,4405.50,4406.54,4403.14,4406.23,0.00,0.00,0.0,BEARISH,340.0,4406.19,4406.19,4406.19,4406.19,57,CLEARED_>=20s,1.0,0.0,0.0,0.0,0.0,0.0,0.0,PASS_<20%,0.00,0.0,NO,STANDBY_VEL_LOW,1,1321.86,3268.14,132.45,FALSE,M1_DIRECTION_MISMATCH
2026-09-07 18:48:58.018,1788806938.019,4255,42,168,4406.19,4406.27,8.0,PASS_<=10c,+0.0,FLAT,+0.0,+69.0,3.2,+0.00,0.00,SLOW,4405.50,4406.54,4403.14,4406.23,0.00,0.00,0.0,BEARISH,340.0,4406.19,4406.19,4406.19,4406.19,58,CLEARED_>=20s,1.0,0.0,0.0,0.0,0.0,0.0,0.0,PASS_<20%,0.00,0.0,NO,STANDBY_VEL_LOW,1,1321.86,3268.14,132.45,FALSE,M1_DIRECTION_MISMATCH
2026-09-07 18:48:58.520,1788806938.521,4256,43,169,4406.19,4406.27,8.0,PASS_<=10c,+0.0,FLAT,+0.0,+69.0,3.3,+0.00,0.00,SLOW,4405.50,4406.54,4403.14,4406.23,0.00,0.00,0.0,BEARISH,340.0,4406.19,4406.19,4406.19,4406.19,58,CLEARED_>=20s,1.0,0.0,0.0,0.0,0.0,0.0,0.0,PASS_<20%,0.00,0.0,NO,STANDBY_VEL_LOW,1,1321.86,3268.14,132.45,FALSE,M1_DIRECTION_MISMATCH
2026-09-07 18:48:59.021,1788806939.022,4257,44,170,4406.19,4406.27,8.0,PASS_<=10c,+0.0,FLAT,+0.0,+69.0,3.4,+0.00,0.00,SLOW,4405.50,4406.54,4403.14,4406.23,0.00,0.00,0.0,BEARISH,340.0,4406.19,4406.19,4406.19,4406.19,59,CLEARED_>=20s,1.0,0.0,0.0,0.0,0.0,0.0,0.0,PASS_<20%,0.00,0.0,NO,STANDBY_VEL_LOW,1,1321.86,3268.14,132.45,FALSE,M1_DIRECTION_MISMATCH
2026-09-07 18:48:59.524,1788806939.524,4258,45,171,4406.19,4406.27,8.0,PASS_<=10c,+0.0,FLAT,+0.0,+69.0,3.4,+0.00,0.00,SLOW,4405.50,4406.54,4403.14,4406.23,0.00,0.00,0.0,BEARISH,340.0,4406.19,4406.19,4406.19,4406.19,59,CLEARED_>=20s,1.0,0.0,0.0,0.0,0.0,0.0,0.0,PASS_<20%,0.00,0.0,NO,STANDBY_VEL_LOW,1,1321.86,3268.14,132.45,FALSE,M1_DIRECTION_MISMATCH
2026-09-07 18:49:00.026,1788806940.026,4259,1,172,4406.19,4406.27,8.0,PASS_<=10c,+0.0,FLAT,+0.0,+69.0,4.4,+0.00,0.00,SLOW,4405.50,4406.54,4403.14,4406.23,0.00,0.00,0.0,BEARISH,340.0,4406.19,4406.19,4406.19,4406.19,0,ACTIVE_0s,1.0,0.0,0.0,0.0,0.0,0.0,0.0,PASS_<20%,0.00,0.0,NO,STANDBY_VEL_LOW,1,1321.86,3268.14,132.45,FALSE,M1_DIRECTION_MISMATCH|OPENING_SHIELD_ACTIVE_0s
2026-09-07 18:49:00.528,1788806940.529,4260,2,173,4406.19,4406.27,8.0,PASS_<=10c,+0.0,FLAT,+0.0,+69.0,4.3,+0.00,0.00,SLOW,4405.50,4406.54,4403.14,4406.23,0.00,0.00,0.0,BEARISH,340.0,4406.19,4406.19,4406.19,4406.19,0,ACTIVE_0s,1.0,0.0,0.0,0.0,0.0,0.0,0.0,PASS_<20%,0.00,0.0,NO,STANDBY_VEL_LOW,1,1321.86,3268.14,132.45,FALSE,M1_DIRECTION_MISMATCH|OPENING_SHIELD_ACTIVE_0s
2026-09-07 18:49:01.031,1788806941.032,4261,3,174,4406.19,4406.27,8.0,PASS_<=10c,+0.0,FLAT,+0.0,+69.0,4.3,+0.00,0.00,SLOW,4405.50,4406.54,4403.14,4406.23,0.00,0.00,0.0,BEARISH,340.0,4406.19,4406.19,4406.19,4406.19,1,ACTIVE_1s,1.0,0.0,0.0,0.0,0.0,0.0,0.0,PASS_<20%,0.00,0.0,NO,STANDBY_VEL_LOW,1,1321.86,3268.14,132.45,FALSE,M1_DIRECTION_MISMATCH|OPENING_SHIELD_ACTIVE_1s
2026-09-07 18:49:01.534,1788806941.535,4262,4,175,4406.19,4406.27,8.0,PASS_<=10c,+0.0,FLAT,+0.0,+69.0,4.2,+0.00,0.00,SLOW,4405.50,4406.54,4403.14,4406.23,0.00,0.00,0.0,BEARISH,340.0,4406.19,4406.19,4406.19,4406.19,1,ACTIVE_1s,1.0,0.0,0.0,0.0,0.0,0.0,0.0,PASS_<20%,0.00,0.0,NO,STANDBY_VEL_LOW,1,1321.86,3268.14,132.45,FALSE,M1_DIRECTION_MISMATCH|OPENING_SHIELD_ACTIVE_1s
2026-09-07 18:49:02.036,1788806942.037,4263,5,176,4406.19,4406.27,8.0,PASS_<=10c,+0.0,FLAT,+0.0,+69.0,4.2,+0.00,0.00,SLOW,4405.50,4406.54,4403.14,4406.23,0.00,0.00,0.0,BEARISH,340.0,4406.19,4406.19,4406.19,4406.19,2,ACTIVE_2s,1.0,0.0,0.0,0.0,0.0,0.0,0.0,PASS_<20%,0.00,0.0,NO,STANDBY_VEL_LOW,1,1321.86,3268.14,132.45,FALSE,M1_DIRECTION_MISMATCH|OPENING_SHIELD_ACTIVE_2s
2026-09-07 18:49:02.538,1788806942.539,4264,6,177,4406.19,4406.27,8.0,PASS_<=10c,+0.0,FLAT,+0.0,+69.0,4.2,+0.00,0.00,SLOW,4405.50,4406.54,4403.14,4406.23,0.00,0.00,0.0,BEARISH,340.0,4406.19,4406.19,4406.19,4406.19,2,ACTIVE_2s,1.0,0.0,0.0,0.0,0.0,0.0,0.0,PASS_<20%,0.00,0.0,NO,STANDBY_VEL_LOW,1,1321.86,3268.14,132.45,FALSE,M1_DIRECTION_MISMATCH|OPENING_SHIELD_ACTIVE_2s
2026-09-07 18:49:03.040,1788806943.040,4265,7,178,4406.19,4406.27,8.0,PASS_<=10c,+0.0,FLAT,+0.0,+69.0,4.2,+0.00,0.00,SLOW,4405.50,4406.54,4403.14,4406.23,0.00,0.00,0.0,BEARISH,340.0,4406.19,4406.19,4406.19,4406.19,3,ACTIVE_3s,1.0,0.0,0.0,0.0,0.0,0.0,0.0,PASS_<20%,0.00,0.0,NO,STANDBY_VEL_LOW,1,1321.86,3268.14,132.45,FALSE,M1_DIRECTION_MISMATCH|OPENING_SHIELD_ACTIVE_3s
2026-09-07 18:49:03.542,1788806943.542,4266,8,179,4406.19,4406.27,8.0,PASS_<=10c,+0.0,FLAT,+0.0,+69.0,4.2,+0.00,0.00,SLOW,4405.50,4406.54,4403.14,4406.23,0.00,0.00,0.0,BEARISH,340.0,4406.19,4406.19,4406.19,4406.19,3,ACTIVE_3s,1.0,0.0,0.0,0.0,0.0,0.0,0.0,PASS_<20%,0.00,0.0,NO,STANDBY_VEL_LOW,1,1321.86,3268.14,132.45,FALSE,M1_DIRECTION_MISMATCH|OPENING_SHIELD_ACTIVE_3s
2026-09-07 18:49:04.044,1788806944.044,4267,9,180,4406.19,4406.27,8.0,PASS_<=10c,+0.0,FLAT,+0.0,+69.0,4.2,+0.00,0.00,SLOW,4405.50,4406.54,4403.14,4406.23,0.00,0.00,0.0,BEARISH,340.0,4406.19,4406.19,4406.19,4406.19,4,ACTIVE_4s,1.0,0.0,0.0,0.0,0.0,0.0,0.0,PASS_<20%,0.00,0.0,NO,STANDBY_VEL_LOW,1,1321.86,3268.14,132.45,FALSE,M1_DIRECTION_MISMATCH|OPENING_SHIELD_ACTIVE_4s
2026-09-07 18:49:14.422,1788806954.422,4268,10,181,4406.19,4406.27,8.0,PASS_<=10c,+0.0,FLAT,+0.0,+69.0,1.3,+0.00,0.00,SLOW,4405.50,4406.54,4403.14,4406.23,0.00,0.00,0.0,BEARISH,340.0,4406.19,4406.19,4406.19,4406.19,14,ACTIVE_14s,1.0,0.0,0.0,0.0,0.0,0.0,0.0,PASS_<20%,0.00,0.0,NO,STANDBY_VEL_LOW,1,1321.86,3268.14,132.45,FALSE,M1_DIRECTION_MISMATCH|OPENING_SHIELD_ACTIVE_14s
2026-09-07 18:49:20.245,1788806960.245,4269,11,182,4406.19,4406.27,8.0,PASS_<=10c,+0.0,FLAT,+0.0,+69.0,2.0,+0.00,0.00,SLOW,4405.50,4406.54,4403.14,4406.23,0.00,0.00,0.0,BEARISH,340.0,4406.19,4406.19,4406.19,4406.19,20,CLEARED_>=20s,1.0,0.0,0.0,0.0,0.0,0.0,0.0,PASS_<20%,0.00,0.0,NO,STANDBY_VEL_LOW,1,1321.86,3268.14,132.45,FALSE,M1_DIRECTION_MISMATCH
2026-09-07 18:49:20.600,1788806960.600,4270,12,183,4406.19,4406.27,8.0,PASS_<=10c,+0.0,FLAT,+0.0,+69.0,3.8,+0.00,0.00,SLOW,4405.50,4406.54,4403.14,4406.23,0.00,0.00,0.0,BEARISH,340.0,4406.19,4406.19,4406.19,4406.19,20,CLEARED_>=20s,1.0,0.0,0.0,0.0,0.0,0.0,0.0,PASS_<20%,0.00,0.0,NO,STANDBY_VEL_LOW,1,1321.86,3268.14,132.45,FALSE,M1_DIRECTION_MISMATCH
2026-09-07 18:49:21.101,1788806961.101,4271,13,184,4406.19,4406.27,8.0,PASS_<=10c,+0.0,FLAT,+0.0,+69.0,3.8,+0.00,0.00,SLOW,4405.50,4406.54,4403.14,4406.23,0.00,0.00,0.0,BEARISH,340.0,4406.19,4406.19,4406.19,4406.19,21,CLEARED_>=20s,1.0,0.0,0.0,0.0,0.0,0.0,0.0,PASS_<20%,0.00,0.0,NO,STANDBY_VEL_LOW,1,1321.86,3268.14,132.45,FALSE,M1_DIRECTION_MISMATCH
2026-09-07 18:49:21.603,1788806961.604,4272,14,185,4406.19,4406.27,8.0,PASS_<=10c,+0.0,FLAT,+0.0,+69.0,3.9,+0.00,0.00,SLOW,4405.50,4406.54,4403.14,4406.23,0.00,0.00,0.0,BEARISH,340.0,4406.19,4406.19,4406.19,4406.19,21,CLEARED_>=20s,1.0,0.0,0.0,0.0,0.0,0.0,0.0,PASS_<20%,0.00,0.0,NO,STANDBY_VEL_LOW,1,1321.86,3268.14,132.45,FALSE,M1_DIRECTION_MISMATCH
2026-09-07 18:49:22.105,1788806962.106,4273,15,186,4406.19,4406.27,8.0,PASS_<=10c,+0.0,FLAT,+0.0,+69.0,3.9,+0.00,0.00,SLOW,4405.50,4406.54,4403.14,4406.23,0.00,0.00,0.0,BEARISH,340.0,4406.19,4406.19,4406.19,4406.19,22,CLEARED_>=20s,1.0,0.0,0.0,0.0,0.0,0.0,0.0,PASS_<20%,0.00,0.0,NO,STANDBY_VEL_LOW,1,1321.86,3268.14,132.45,FALSE,M1_DIRECTION_MISMATCH
2026-09-07 18:49:22.606,1788806962.607,4274,16,187,4406.19,4406.27,8.0,PASS_<=10c,+0.0,FLAT,+0.0,+69.0,3.9,+0.00,0.00,SLOW,4405.50,4406.54,4403.14,4406.23,0.00,0.00,0.0,BEARISH,340.0,4406.19,4406.19,4406.19,4406.19,22,CLEARED_>=20s,1.0,0.0,0.0,0.0,0.0,0.0,0.0,PASS_<20%,0.00,0.0,NO,STANDBY_VEL_LOW,1,1321.86,3268.14,132.45,FALSE,M1_DIRECTION_MISMATCH
2026-09-07 18:49:23.108,1788806963.108,4275,17,188,4406.19,4406.27,8.0,PASS_<=10c,+0.0,FLAT,+0.0,+69.0,3.9,+0.00,0.00,SLOW,4405.50,4406.54,4403.14,4406.23,0.00,0.00,0.0,BEARISH,340.0,4406.19,4406.19,4406.19,4406.19,23,CLEARED_>=20s,1.0,0.0,0.0,0.0,0.0,0.0,0.0,PASS_<20%,0.00,0.0,NO,STANDBY_VEL_LOW,1,1321.86,3268.14,132.45,FALSE,M1_DIRECTION_MISMATCH
2026-09-07 18:49:23.609,1788806963.610,4276,18,189,4406.19,4406.27,8.0,PASS_<=10c,+0.0,FLAT,+0.0,+69.0,3.9,+0.00,0.00,SLOW,4405.50,4406.54,4403.14,4406.23,0.00,0.00,0.0,BEARISH,340.0,4406.19,4406.19,4406.19,4406.19,23,CLEARED_>=20s,1.0,0.0,0.0,0.0,0.0,0.0,0.0,PASS_<20%,0.00,0.0,NO,STANDBY_VEL_LOW,1,1321.86,3268.14,132.45,FALSE,M1_DIRECTION_MISMATCH
2026-09-07 18:49:24.111,1788806964.111,4277,19,190,4406.19,4406.27,8.0,PASS_<=10c,+0.0,FLAT,+0.0,+69.0,3.9,+0.00,0.00,SLOW,4405.50,4406.54,4403.14,4406.23,0.00,0.00,0.0,BEARISH,340.0,4406.19,4406.19,4406.19,4406.19,24,CLEARED_>=20s,1.0,0.0,0.0,0.0,0.0,0.0,0.0,PASS_<20%,0.00,0.0,NO,STANDBY_VEL_LOW,1,1321.86,3268.14,132.45,FALSE,M1_DIRECTION_MISMATCH
2026-09-07 18:49:24.612,1788806964.612,4278,20,191,4406.19,4406.27,8.0,PASS_<=10c,+0.0,FLAT,+0.0,+69.0,4.4,+0.00,0.00,SLOW,4405.50,4406.54,4403.14,4406.23,0.00,0.00,0.0,BEARISH,340.0,4406.19,4406.19,4406.19,4406.19,24,CLEARED_>=20s,1.0,0.0,0.0,0.0,0.0,0.0,0.0,PASS_<20%,0.00,0.0,NO,STANDBY_VEL_LOW,1,1321.86,3268.14,132.45,FALSE,M1_DIRECTION_MISMATCH
2026-09-07 18:49:25.113,1788806965.113,4279,21,192,4406.19,4406.27,8.0,PASS_<=10c,+0.0,FLAT,+0.0,+69.0,4.3,+0.00,0.00,SLOW,4405.50,4406.54,4403.14,4406.23,0.00,0.00,0.0,BEARISH,340.0,4406.19,4406.19,4406.19,4406.19,25,CLEARED_>=20s,1.0,0.0,0.0,0.0,0.0,0.0,0.0,PASS_<20%,0.00,0.0,NO,STANDBY_VEL_LOW,1,1321.86,3268.14,132.45,FALSE,M1_DIRECTION_MISMATCH
2026-09-07 18:49:25.614,1788806965.615,4280,22,193,4406.19,4406.27,8.0,PASS_<=10c,+0.0,FLAT,+0.0,+69.0,4.2,+0.00,0.00,SLOW,4405.50,4406.54,4403.14,4406.23,0.00,0.00,0.0,BEARISH,340.0,4406.19,4406.19,4406.19,4406.19,25,CLEARED_>=20s,1.0,0.0,0.0,0.0,0.0,0.0,0.0,PASS_<20%,0.00,0.0,NO,STANDBY_VEL_LOW,1,1321.86,3268.14,132.45,FALSE,M1_DIRECTION_MISMATCH
2026-09-07 18:49:26.116,1788806966.116,4281,23,194,4406.19,4406.27,8.0,PASS_<=10c,+0.0,FLAT,+0.0,+69.0,4.2,+0.00,0.00,SLOW,4405.50,4406.54,4403.14,4406.23,0.00,0.00,0.0,BEARISH,340.0,4406.19,4406.19,4406.19,4406.19,26,CLEARED_>=20s,1.0,0.0,0.0,0.0,0.0,0.0,0.0,PASS_<20%,0.00,0.0,NO,STANDBY_VEL_LOW,1,1321.86,3268.14,132.45,FALSE,M1_DIRECTION_MISMATCH
2026-09-07 18:49:26.618,1788806966.619,4282,24,195,4406.19,4406.27,8.0,PASS_<=10c,+0.0,FLAT,+0.0,+69.0,4.2,+0.00,0.00,SLOW,4405.50,4406.54,4403.14,4406.23,0.00,0.00,0.0,BEARISH,340.0,4406.19,4406.19,4406.19,4406.19,26,CLEARED_>=20s,1.0,0.0,0.0,0.0,0.0,0.0,0.0,PASS_<20%,0.00,0.0,NO,STANDBY_VEL_LOW,1,1321.86,3268.14,132.45,FALSE,M1_DIRECTION_MISMATCH
2026-09-07 18:49:27.119,1788806967.119,4283,25,196,4406.19,4406.27,8.0,PASS_<=10c,+0.0,FLAT,+0.0,+69.0,4.2,+0.00,0.00,SLOW,4405.50,4406.54,4403.14,4406.23,0.00,0.00,0.0,BEARISH,340.0,4406.19,4406.19,4406.19,4406.19,27,CLEARED_>=20s,1.0,0.0,0.0,0.0,0.0,0.0,0.0,PASS_<20%,0.00,0.0,NO,STANDBY_VEL_LOW,1,1321.86,3268.14,132.45,FALSE,M1_DIRECTION_MISMATCH
2026-09-07 18:49:27.620,1788806967.621,4284,26,197,4406.19,4406.27,8.0,PASS_<=10c,+0.0,FLAT,+0.0,+69.0,4.2,+0.00,0.00,SLOW,4405.50,4406.54,4403.14,4406.23,0.00,0.00,0.0,BEARISH,340.0,4406.19,4406.19,4406.19,4406.19,27,CLEARED_>=20s,1.0,0.0,0.0,0.0,0.0,0.0,0.0,PASS_<20%,0.00,0.0,NO,STANDBY_VEL_LOW,1,1321.86,3268.14,132.45,FALSE,M1_DIRECTION_MISMATCH
2026-09-07 18:49:28.122,1788806968.122,4285,27,198,4406.19,4406.27,8.0,PASS_<=10c,+0.0,FLAT,+0.0,+69.0,4.2,+0.00,0.00,SLOW,4405.50,4406.54,4403.14,4406.23,0.00,0.00,0.0,BEARISH,340.0,4406.19,4406.19,4406.19,4406.19,28,CLEARED_>=20s,1.0,0.0,0.0,0.0,0.0,0.0,0.0,PASS_<20%,0.00,0.0,NO,STANDBY_VEL_LOW,1,1321.86,3268.14,132.45,FALSE,M1_DIRECTION_MISMATCH
2026-09-07 18:49:38.504,1788806978.504,4286,28,199,4406.19,4406.27,8.0,PASS_<=10c,+0.0,FLAT,+0.0,+69.0,1.3,+0.00,0.00,SLOW,4405.50,4406.54,4403.14,4406.23,0.00,0.00,0.0,BEARISH,340.0,4406.19,4406.19,4406.19,4406.19,38,CLEARED_>=20s,1.0,0.0,0.0,0.0,0.0,0.0,0.0,PASS_<20%,0.00,0.0,NO,STANDBY_VEL_LOW,1,1321.86,3268.14,132.45,FALSE,M1_DIRECTION_MISMATCH
2026-09-07 18:49:45.125,1788806985.126,4287,29,200,4406.19,4406.27,8.0,PASS_<=10c,+0.0,FLAT,+0.0,+69.0,1.4,+0.00,0.00,SLOW,4405.50,4406.54,4403.14,4406.23,0.00,0.00,0.0,BEARISH,340.0,4406.19,4406.19,4406.19,4406.19,45,CLEARED_>=20s,1.0,0.0,0.0,0.0,0.0,0.0,0.0,PASS_<20%,0.00,0.0,NO,STANDBY_VEL_LOW,1,1321.86,3268.14,132.45,FALSE,M1_DIRECTION_MISMATCH
2026-09-07 18:49:45.480,1788806985.480,4288,30,201,4406.19,4406.27,8.0,PASS_<=10c,+0.0,FLAT,+0.0,+69.0,2.2,+0.00,0.00,SLOW,4405.50,4406.54,4403.14,4406.23,0.00,0.00,0.0,BEARISH,340.0,4406.19,4406.19,4406.19,4406.19,45,CLEARED_>=20s,1.0,0.0,0.0,0.0,0.0,0.0,0.0,PASS_<20%,0.00,0.0,NO,STANDBY_VEL_LOW,1,1321.86,3268.14,132.45,FALSE,M1_DIRECTION_MISMATCH
2026-09-07 18:49:45.983,1788806985.983,4289,31,202,4406.19,4406.27,8.0,PASS_<=10c,+0.0,FLAT,+0.0,+69.0,2.5,+0.00,0.00,SLOW,4405.50,4406.54,4403.14,4406.23,0.00,0.00,0.0,BEARISH,340.0,4406.19,4406.19,4406.19,4406.19,45,CLEARED_>=20s,1.0,0.0,0.0,0.0,0.0,0.0,0.0,PASS_<20%,0.00,0.0,NO,STANDBY_VEL_LOW,1,1321.86,3268.14,132.45,FALSE,M1_DIRECTION_MISMATCH
2026-09-07 18:49:46.484,1788806986.484,4290,32,203,4406.19,4406.27,8.0,PASS_<=10c,+0.0,FLAT,+0.0,+69.0,2.8,+0.00,0.00,SLOW,4405.50,4406.54,4403.14,4406.23,0.00,0.00,0.0,BEARISH,340.0,4406.19,4406.19,4406.19,4406.19,46,CLEARED_>=20s,1.0,0.0,0.0,0.0,0.0,0.0,0.0,PASS_<20%,0.00,0.0,NO,STANDBY_VEL_LOW,1,1321.86,3268.14,132.45,FALSE,M1_DIRECTION_MISMATCH
2026-09-07 18:49:46.986,1788806986.986,4291,33,204,4406.19,4406.27,8.0,PASS_<=10c,+0.0,FLAT,+0.0,+69.0,3.0,+0.00,0.00,SLOW,4405.50,4406.54,4403.14,4406.23,0.00,0.00,0.0,BEARISH,340.0,4406.19,4406.19,4406.19,4406.19,46,CLEARED_>=20s,1.0,0.0,0.0,0.0,0.0,0.0,0.0,PASS_<20%,0.00,0.0,NO,STANDBY_VEL_LOW,1,1321.86,3268.14,132.45,FALSE,M1_DIRECTION_MISMATCH
2026-09-07 18:49:47.508,1788806987.508,4292,34,205,4406.19,4406.27,8.0,PASS_<=10c,+0.0,FLAT,+0.0,+69.0,3.1,+0.00,0.00,SLOW,4405.50,4406.54,4403.14,4406.23,0.00,0.00,0.0,BEARISH,340.0,4406.19,4406.19,4406.19,4406.19,47,CLEARED_>=20s,1.0,0.0,0.0,0.0,0.0,0.0,0.0,PASS_<20%,0.00,0.0,NO,STANDBY_VEL_LOW,1,1321.86,3268.14,132.45,FALSE,M1_DIRECTION_MISMATCH
2026-09-07 18:49:48.008,1788806988.009,4293,35,206,4406.19,4406.27,8.0,PASS_<=10c,+0.0,FLAT,+0.0,+69.0,3.2,+0.00,0.00,SLOW,4405.50,4406.54,4403.14,4406.23,0.00,0.00,0.0,BEARISH,340.0,4406.19,4406.19,4406.19,4406.19,48,CLEARED_>=20s,1.0,0.0,0.0,0.0,0.0,0.0,0.0,PASS_<20%,0.00,0.0,NO,STANDBY_VEL_LOW,1,1321.86,3268.14,132.45,FALSE,M1_DIRECTION_MISMATCH
2026-09-07 18:49:48.510,1788806988.510,4294,36,207,4406.19,4406.27,8.0,PASS_<=10c,+0.0,FLAT,+0.0,+69.0,3.3,+0.00,0.00,SLOW,4405.50,4406.54,4403.14,4406.23,0.00,0.00,0.0,BEARISH,340.0,4406.19,4406.19,4406.19,4406.19,48,CLEARED_>=20s,1.0,0.0,0.0,0.0,0.0,0.0,0.0,PASS_<20%,0.00,0.0,NO,STANDBY_VEL_LOW,1,1321.86,3268.14,132.45,FALSE,M1_DIRECTION_MISMATCH
2026-09-07 18:49:49.011,1788806989.012,4295,37,208,4406.19,4406.27,8.0,PASS_<=10c,+0.0,FLAT,+0.0,+69.0,4.4,+0.00,0.00,SLOW,4405.50,4406.54,4403.14,4406.23,0.00,0.00,0.0,BEARISH,340.0,4406.19,4406.19,4406.19,4406.19,49,CLEARED_>=20s,1.0,0.0,0.0,0.0,0.0,0.0,0.0,PASS_<20%,0.00,0.0,NO,STANDBY_VEL_LOW,1,1321.86,3268.14,132.45,FALSE,M1_DIRECTION_MISMATCH
2026-09-07 18:49:49.513,1788806989.514,4296,38,209,4406.19,4406.27,8.0,PASS_<=10c,+0.0,FLAT,+0.0,+69.0,4.3,+0.00,0.00,SLOW,4405.50,4406.54,4403.14,4406.23,0.00,0.00,0.0,BEARISH,340.0,4406.19,4406.19,4406.19,4406.19,49,CLEARED_>=20s,1.0,0.0,0.0,0.0,0.0,0.0,0.0,PASS_<20%,0.00,0.0,NO,STANDBY_VEL_LOW,1,1321.86,3268.14,132.45,FALSE,M1_DIRECTION_MISMATCH
2026-09-07 18:49:50.015,1788806990.016,4297,39,210,4406.19,4406.27,8.0,PASS_<=10c,+0.0,FLAT,+0.0,+69.0,4.3,+0.00,0.00,SLOW,4405.50,4406.54,4403.14,4406.23,0.00,0.00,0.0,BEARISH,340.0,4406.19,4406.19,4406.19,4406.19,50,CLEARED_>=20s,1.0,0.0,0.0,0.0,0.0,0.0,0.0,PASS_<20%,0.00,0.0,NO,STANDBY_VEL_LOW,1,1321.86,3268.14,132.45,FALSE,M1_DIRECTION_MISMATCH
2026-09-07 18:49:50.516,1788806990.517,4298,40,211,4406.19,4406.27,8.0,PASS_<=10c,+0.0,FLAT,+0.0,+69.0,4.2,+0.00,0.00,SLOW,4405.50,4406.54,4403.14,4406.23,0.00,0.00,0.0,BEARISH,340.0,4406.19,4406.19,4406.19,4406.19,50,CLEARED_>=20s,1.0,0.0,0.0,0.0,0.0,0.0,0.0,PASS_<20%,0.00,0.0,NO,STANDBY_VEL_LOW,1,1321.86,3268.14,132.45,FALSE,M1_DIRECTION_MISMATCH
2026-09-07 18:49:51.017,1788806991.018,4299,41,212,4406.19,4406.27,8.0,PASS_<=10c,+0.0,FLAT,+0.0,+69.0,4.2,+0.00,0.00,SLOW,4405.50,4406.54,4403.14,4406.23,0.00,0.00,0.0,BEARISH,340.0,4406.19,4406.19,4406.19,4406.19,51,CLEARED_>=20s,1.0,0.0,0.0,0.0,0.0,0.0,0.0,PASS_<20%,0.00,0.0,NO,STANDBY_VEL_LOW,1,1321.86,3268.14,132.45,FALSE,M1_DIRECTION_MISMATCH
2026-09-07 18:49:51.519,1788806991.520,4300,42,213,4406.19,4406.27,8.0,PASS_<=10c,+0.0,FLAT,+0.0,+69.0,4.2,+0.00,0.00,SLOW,4405.50,4406.54,4403.14,4406.23,0.00,0.00,0.0,BEARISH,340.0,4406.19,4406.19,4406.19,4406.19,51,CLEARED_>=20s,1.0,0.0,0.0,0.0,0.0,0.0,0.0,PASS_<20%,0.00,0.0,NO,STANDBY_VEL_LOW,1,1321.86,3268.14,132.45,FALSE,M1_DIRECTION_MISMATCH
2026-09-07 18:49:52.022,1788806992.022,4301,43,214,4406.19,4406.27,8.0,PASS_<=10c,+0.0,FLAT,+0.0,+69.0,4.2,+0.00,0.00,SLOW,4405.50,4406.54,4403.14,4406.23,0.00,0.00,0.0,BEARISH,340.0,4406.19,4406.19,4406.19,4406.19,52,CLEARED_>=20s,1.0,0.0,0.0,0.0,0.0,0.0,0.0,PASS_<20%,0.00,0.0,NO,STANDBY_VEL_LOW,1,1321.86,3268.14,132.45,FALSE,M1_DIRECTION_MISMATCH
2026-09-07 18:49:52.524,1788806992.525,4302,44,215,4406.19,4406.27,8.0,PASS_<=10c,+0.0,FLAT,+0.0,+69.0,4.2,+0.00,0.00,SLOW,4405.50,4406.54,4403.14,4406.23,0.00,0.00,0.0,BEARISH,340.0,4406.19,4406.19,4406.19,4406.19,52,CLEARED_>=20s,1.0,0.0,0.0,0.0,0.0,0.0,0.0,PASS_<20%,0.00,0.0,NO,STANDBY_VEL_LOW,1,1321.86,3268.14,132.45,FALSE,M1_DIRECTION_MISMATCH
2026-09-07 18:49:53.027,1788806993.027,4303,45,216,4406.19,4406.27,8.0,PASS_<=10c,+0.0,FLAT,+0.0,+69.0,4.2,+0.00,0.00,SLOW,4405.50,4406.54,4403.14,4406.23,0.00,0.00,0.0,BEARISH,340.0,4406.19,4406.19,4406.19,4406.19,53,CLEARED_>=20s,1.0,0.0,0.0,0.0,0.0,0.0,0.0,PASS_<20%,0.00,0.0,NO,STANDBY_VEL_LOW,1,1321.86,3268.14,132.45,FALSE,M1_DIRECTION_MISMATCH
2026-09-07 18:50:03.418,1788807003.419,4304,1,1,4406.19,4406.27,8.0,PASS_<=10c,+0.0,FLAT,+0.0,+0.0,1.3,+0.00,0.00,SLOW,4406.19,4406.19,4406.19,4406.19,0.00,0.00,0.0,BEARISH,0.0,4406.19,4406.19,4406.19,4406.19,3,ACTIVE_3s,1.0,0.0,0.0,0.0,0.0,0.0,0.0,PASS_<20%,0.00,0.0,NO,STANDBY_VEL_LOW,1,1321.86,3268.14,132.45,FALSE,M1_DIRECTION_MISMATCH|OPENING_SHIELD_ACTIVE_3s
2026-09-07 18:50:09.475,1788807009.475,4305,2,2,4406.19,4406.27,8.0,PASS_<=10c,+0.0,FLAT,+0.0,+0.0,2.0,+0.00,0.00,SLOW,4406.19,4406.19,4406.19,4406.19,0.00,0.00,0.0,BEARISH,0.0,4406.19,4406.19,4406.19,4406.19,9,ACTIVE_9s,1.0,0.0,0.0,0.0,0.0,0.0,0.0,PASS_<20%,0.00,0.0,NO,STANDBY_VEL_LOW,1,1321.86,3268.14,132.45,FALSE,M1_DIRECTION_MISMATCH|OPENING_SHIELD_ACTIVE_9s
2026-09-07 18:50:09.830,1788807009.831,4306,3,3,4406.19,4406.27,8.0,PASS_<=10c,+0.0,FLAT,+0.0,+0.0,3.2,+0.00,0.00,SLOW,4406.19,4406.19,4406.19,4406.19,0.00,0.00,0.0,BEARISH,0.0,4406.19,4406.19,4406.19,4406.19,9,ACTIVE_9s,1.0,0.0,0.0,0.0,0.0,0.0,0.0,PASS_<20%,0.00,0.0,NO,STANDBY_VEL_LOW,1,1321.86,3268.14,132.45,FALSE,M1_DIRECTION_MISMATCH|OPENING_SHIELD_ACTIVE_9s
2026-09-07 18:50:10.332,1788807010.333,4307,4,4,4406.19,4406.27,8.0,PASS_<=10c,+0.0,FLAT,+0.0,+0.0,3.4,+0.00,0.00,SLOW,4406.19,4406.19,4406.19,4406.19,0.00,0.00,0.0,BEARISH,0.0,4406.19,4406.19,4406.19,4406.19,10,ACTIVE_10s,1.0,0.0,0.0,0.0,0.0,0.0,0.0,PASS_<20%,0.00,0.0,NO,STANDBY_VEL_LOW,1,1321.86,3268.14,132.45,FALSE,M1_DIRECTION_MISMATCH|OPENING_SHIELD_ACTIVE_10s
2026-09-07 18:50:10.834,1788807010.834,4308,5,5,4406.19,4406.27,8.0,PASS_<=10c,+0.0,FLAT,+0.0,+0.0,3.5,+0.00,0.00,SLOW,4406.19,4406.19,4406.19,4406.19,0.00,0.00,0.0,BEARISH,0.0,4406.19,4406.19,4406.19,4406.19,10,ACTIVE_10s,1.0,0.0,0.0,0.0,0.0,0.0,0.0,PASS_<20%,0.00,0.0,NO,STANDBY_VEL_LOW,1,1321.86,3268.14,132.45,FALSE,M1_DIRECTION_MISMATCH|OPENING_SHIELD_ACTIVE_10s
2026-09-07 18:50:11.335,1788807011.336,4309,6,6,4406.19,4406.27,8.0,PASS_<=10c,+0.0,FLAT,+0.0,+0.0,3.6,+0.00,0.00,SLOW,4406.19,4406.19,4406.19,4406.19,0.00,0.00,0.0,BEARISH,0.0,4406.19,4406.19,4406.19,4406.19,11,ACTIVE_11s,1.0,0.0,0.0,0.0,0.0,0.0,0.0,PASS_<20%,0.00,0.0,NO,STANDBY_VEL_LOW,1,1321.86,3268.14,132.45,FALSE,M1_DIRECTION_MISMATCH|OPENING_SHIELD_ACTIVE_11s
2026-09-07 18:50:11.837,1788807011.837,4310,7,7,4406.19,4406.27,8.0,PASS_<=10c,+0.0,FLAT,+0.0,+0.0,3.7,+0.00,0.00,SLOW,4406.19,4406.19,4406.19,4406.19,0.00,0.00,0.0,BEARISH,0.0,4406.19,4406.19,4406.19,4406.19,11,ACTIVE_11s,1.0,0.0,0.0,0.0,0.0,0.0,0.0,PASS_<20%,0.00,0.0,NO,STANDBY_VEL_LOW,1,1321.86,3268.14,132.45,FALSE,M1_DIRECTION_MISMATCH|OPENING_SHIELD_ACTIVE_11s
2026-09-07 18:50:12.338,1788807012.339,4311,8,8,4406.19,4406.27,8.0,PASS_<=10c,+0.0,FLAT,+0.0,+0.0,3.7,+0.00,0.00,SLOW,4406.19,4406.19,4406.19,4406.19,0.00,0.00,0.0,BEARISH,0.0,4406.19,4406.19,4406.19,4406.19,12,ACTIVE_12s,1.0,0.0,0.0,0.0,0.0,0.0,0.0,PASS_<20%,0.00,0.0,NO,STANDBY_VEL_LOW,1,1321.86,3268.14,132.45,FALSE,M1_DIRECTION_MISMATCH|OPENING_SHIELD_ACTIVE_12s
2026-09-07 18:50:12.840,1788807012.840,4312,9,9,4406.19,4406.27,8.0,PASS_<=10c,+0.0,FLAT,+0.0,+0.0,3.7,+0.00,0.00,SLOW,4406.19,4406.19,4406.19,4406.19,0.00,0.00,0.0,BEARISH,0.0,4406.19,4406.19,4406.19,4406.19,12,ACTIVE_12s,1.0,0.0,0.0,0.0,0.0,0.0,0.0,PASS_<20%,0.00,0.0,NO,STANDBY_VEL_LOW,1,1321.86,3268.14,132.45,FALSE,M1_DIRECTION_MISMATCH|OPENING_SHIELD_ACTIVE_12s
2026-09-07 18:50:13.342,1788807013.342,4313,10,10,4406.19,4406.27,8.0,PASS_<=10c,+0.0,FLAT,+0.0,+0.0,3.8,+0.00,0.00,SLOW,4406.19,4406.19,4406.19,4406.19,0.00,0.00,0.0,BEARISH,0.0,4406.19,4406.19,4406.19,4406.19,13,ACTIVE_13s,1.0,0.0,0.0,0.0,0.0,0.0,0.0,PASS_<20%,0.00,0.0,NO,STANDBY_VEL_LOW,1,1321.86,3268.14,132.45,FALSE,M1_DIRECTION_MISMATCH|OPENING_SHIELD_ACTIVE_13s
2026-09-07 18:50:13.843,1788807013.844,4314,11,11,4406.19,4406.27,8.0,PASS_<=10c,+0.0,FLAT,+0.0,+0.0,4.3,+0.00,0.00,SLOW,4406.19,4406.19,4406.19,4406.19,0.00,0.00,0.0,BEARISH,0.0,4406.19,4406.19,4406.19,4406.19,13,ACTIVE_13s,1.0,0.0,0.0,0.0,0.0,0.0,0.0,PASS_<20%,0.00,0.0,NO,STANDBY_VEL_LOW,1,1321.86,3268.14,132.45,FALSE,M1_DIRECTION_MISMATCH|OPENING_SHIELD_ACTIVE_13s
2026-09-07 18:50:14.345,1788807014.346,4315,12,12,4406.19,4406.27,8.0,PASS_<=10c,+0.0,FLAT,+0.0,+0.0,4.3,+0.00,0.00,SLOW,4406.19,4406.19,4406.19,4406.19,0.00,0.00,0.0,BEARISH,0.0,4406.19,4406.19,4406.19,4406.19,14,ACTIVE_14s,1.0,0.0,0.0,0.0,0.0,0.0,0.0,PASS_<20%,0.00,0.0,NO,STANDBY_VEL_LOW,1,1321.86,3268.14,132.45,FALSE,M1_DIRECTION_MISMATCH|OPENING_SHIELD_ACTIVE_14s
2026-09-07 18:50:14.848,1788807014.848,4316,13,13,4406.19,4406.27,8.0,PASS_<=10c,+0.0,FLAT,+0.0,+0.0,4.2,+0.00,0.00,SLOW,4406.19,4406.19,4406.19,4406.19,0.00,0.00,0.0,BEARISH,0.0,4406.19,4406.19,4406.19,4406.19,14,ACTIVE_14s,1.0,0.0,0.0,0.0,0.0,0.0,0.0,PASS_<20%,0.00,0.0,NO,STANDBY_VEL_LOW,1,1321.86,3268.14,132.45,FALSE,M1_DIRECTION_MISMATCH|OPENING_SHIELD_ACTIVE_14s
2026-09-07 18:50:15.350,1788807015.351,4317,14,14,4406.19,4406.27,8.0,PASS_<=10c,+0.0,FLAT,+0.0,+69.0,4.2,+0.00,0.00,SLOW,4405.50,4406.54,4403.14,4406.23,0.00,0.00,0.0,BEARISH,340.0,4406.19,4406.19,4406.19,4406.19,15,ACTIVE_15s,1.0,0.0,0.0,0.0,0.0,0.0,0.0,PASS_<20%,0.00,0.0,NO,STANDBY_VEL_LOW,1,1321.86,3268.14,132.45,FALSE,M1_DIRECTION_MISMATCH|OPENING_SHIELD_ACTIVE_15s
2026-09-07 18:50:15.851,1788807015.852,4318,15,15,4406.19,4406.27,8.0,PASS_<=10c,+0.0,FLAT,+0.0,+69.0,4.2,+0.00,0.00,SLOW,4405.50,4406.54,4403.14,4406.23,0.00,0.00,0.0,BEARISH,340.0,4406.19,4406.19,4406.19,4406.19,15,ACTIVE_15s,1.0,0.0,0.0,0.0,0.0,0.0,0.0,PASS_<20%,0.00,0.0,NO,STANDBY_VEL_LOW,1,1321.86,3268.14,132.45,FALSE,M1_DIRECTION_MISMATCH|OPENING_SHIELD_ACTIVE_15s
2026-09-07 18:50:16.354,1788807016.354,4319,16,16,4406.19,4406.27,8.0,PASS_<=10c,+0.0,FLAT,+0.0,+69.0,4.2,+0.00,0.00,SLOW,4405.50,4406.54,4403.14,4406.23,0.00,0.00,0.0,BEARISH,340.0,4406.19,4406.19,4406.19,4406.19,16,ACTIVE_16s,1.0,0.0,0.0,0.0,0.0,0.0,0.0,PASS_<20%,0.00,0.0,NO,STANDBY_VEL_LOW,1,1321.86,3268.14,132.45,FALSE,M1_DIRECTION_MISMATCH|OPENING_SHIELD_ACTIVE_16s
2026-09-07 18:50:16.856,1788807016.857,4320,17,17,4406.19,4406.27,8.0,PASS_<=10c,+0.0,FLAT,+0.0,+69.0,4.2,+0.00,0.00,SLOW,4405.50,4406.54,4403.14,4406.23,0.00,0.00,0.0,BEARISH,340.0,4406.19,4406.19,4406.19,4406.19,16,ACTIVE_16s,1.0,0.0,0.0,0.0,0.0,0.0,0.0,PASS_<20%,0.00,0.0,NO,STANDBY_VEL_LOW,1,1321.86,3268.14,132.45,FALSE,M1_DIRECTION_MISMATCH|OPENING_SHIELD_ACTIVE_16s
2026-09-07 18:50:17.357,1788807017.358,4321,18,18,4406.19,4406.27,8.0,PASS_<=10c,+0.0,FLAT,+0.0,+69.0,4.2,+0.00,0.00,SLOW,4405.50,4406.54,4403.14,4406.23,0.00,0.00,0.0,BEARISH,340.0,4406.19,4406.19,4406.19,4406.19,17,ACTIVE_17s,1.0,0.0,0.0,0.0,0.0,0.0,0.0,PASS_<20%,0.00,0.0,NO,STANDBY_VEL_LOW,1,1321.86,3268.14,132.45,FALSE,M1_DIRECTION_MISMATCH|OPENING_SHIELD_ACTIVE_17s
2026-09-07 18:50:22.874,1788807022.874,4322,19,19,4406.19,4406.27,8.0,PASS_<=10c,+0.0,FLAT,+0.0,+69.0,1.6,+0.00,0.00,SLOW,4405.50,4406.54,4403.14,4406.23,0.00,0.00,0.0,BEARISH,340.0,4406.19,4406.19,4406.19,4406.19,22,CLEARED_>=20s,1.0,0.0,0.0,0.0,0.0,0.0,0.0,PASS_<20%,0.00,0.0,NO,STANDBY_VEL_LOW,1,1321.86,3268.14,132.45,FALSE,M1_DIRECTION_MISMATCH
2026-09-07 18:50:33.132,1788807033.133,4323,20,20,4406.19,4406.27,8.0,PASS_<=10c,+0.0,FLAT,+0.0,+69.0,1.3,+0.00,0.00,SLOW,4405.50,4406.54,4403.14,4406.23,0.00,0.00,0.0,BEARISH,340.0,4406.19,4406.19,4406.19,4406.19,33,CLEARED_>=20s,1.0,0.0,0.0,0.0,0.0,0.0,0.0,PASS_<20%,0.00,0.0,NO,STANDBY_VEL_LOW,1,1321.86,3268.14,132.45,FALSE,M1_DIRECTION_MISMATCH
2026-09-07 18:50:35.141,1788807035.142,4324,21,21,4406.19,4406.27,8.0,PASS_<=10c,+0.0,FLAT,+0.0,+69.0,1.5,+0.00,0.00,SLOW,4405.50,4406.54,4403.14,4406.23,0.00,0.00,0.0,BEARISH,340.0,4406.19,4406.19,4406.19,4406.19,35,CLEARED_>=20s,1.0,0.0,0.0,0.0,0.0,0.0,0.0,PASS_<20%,0.00,0.0,NO,STANDBY_VEL_LOW,1,1321.86,3268.14,132.45,FALSE,M1_DIRECTION_MISMATCH
2026-09-07 18:50:35.643,1788807035.643,4325,22,22,4406.19,4406.27,8.0,PASS_<=10c,+0.0,FLAT,+0.0,+69.0,2.0,+0.00,0.00,SLOW,4405.50,4406.54,4403.14,4406.23,0.00,0.00,0.0,BEARISH,340.0,4406.19,4406.19,4406.19,4406.19,35,CLEARED_>=20s,1.0,0.0,0.0,0.0,0.0,0.0,0.0,PASS_<20%,0.00,0.0,NO,STANDBY_VEL_LOW,1,1321.86,3268.14,132.45,FALSE,M1_DIRECTION_MISMATCH
2026-09-07 18:50:36.145,1788807036.145,4326,23,23,4406.19,4406.27,8.0,PASS_<=10c,+0.0,FLAT,+0.0,+69.0,2.3,+0.00,0.00,SLOW,4405.50,4406.54,4403.14,4406.23,0.00,0.00,0.0,BEARISH,340.0,4406.19,4406.19,4406.19,4406.19,36,CLEARED_>=20s,1.0,0.0,0.0,0.0,0.0,0.0,0.0,PASS_<20%,0.00,0.0,NO,STANDBY_VEL_LOW,1,1321.86,3268.14,132.45,FALSE,M1_DIRECTION_MISMATCH
2026-09-07 18:50:36.647,1788807036.647,4327,24,24,4406.19,4406.27,8.0,PASS_<=10c,+0.0,FLAT,+0.0,+69.0,2.6,+0.00,0.00,SLOW,4405.50,4406.54,4403.14,4406.23,0.00,0.00,0.0,BEARISH,340.0,4406.19,4406.19,4406.19,4406.19,36,CLEARED_>=20s,1.0,0.0,0.0,0.0,0.0,0.0,0.0,PASS_<20%,0.00,0.0,NO,STANDBY_VEL_LOW,1,1321.86,3268.14,132.45,FALSE,M1_DIRECTION_MISMATCH
2026-09-07 18:50:37.148,1788807037.148,4328,25,25,4406.19,4406.27,8.0,PASS_<=10c,+0.0,FLAT,+0.0,+69.0,2.7,+0.00,0.00,SLOW,4405.50,4406.54,4403.14,4406.23,0.00,0.00,0.0,BEARISH,340.0,4406.19,4406.19,4406.19,4406.19,37,CLEARED_>=20s,1.0,0.0,0.0,0.0,0.0,0.0,0.0,PASS_<20%,0.00,0.0,NO,STANDBY_VEL_LOW,1,1321.86,3268.14,132.45,FALSE,M1_DIRECTION_MISMATCH
2026-09-07 18:50:37.649,1788807037.650,4329,26,26,4406.19,4406.27,8.0,PASS_<=10c,+0.0,FLAT,+0.0,+69.0,2.9,+0.00,0.00,SLOW,4405.50,4406.54,4403.14,4406.23,0.00,0.00,0.0,BEARISH,340.0,4406.19,4406.19,4406.19,4406.19,37,CLEARED_>=20s,1.0,0.0,0.0,0.0,0.0,0.0,0.0,PASS_<20%,0.00,0.0,NO,STANDBY_VEL_LOW,1,1321.86,3268.14,132.45,FALSE,M1_DIRECTION_MISMATCH
2026-09-07 18:50:38.151,1788807038.151,4330,27,27,4406.19,4406.27,8.0,PASS_<=10c,+0.0,FLAT,+0.0,+69.0,4.5,+0.00,0.00,SLOW,4405.50,4406.54,4403.14,4406.23,0.00,0.00,0.0,BEARISH,340.0,4406.19,4406.19,4406.19,4406.19,38,CLEARED_>=20s,1.0,0.0,0.0,0.0,0.0,0.0,0.0,PASS_<20%,0.00,0.0,NO,STANDBY_VEL_LOW,1,1321.86,3268.14,132.45,FALSE,M1_DIRECTION_MISMATCH
2026-09-07 18:50:38.664,1788807038.665,4331,28,28,4406.19,4406.27,8.0,PASS_<=10c,+0.0,FLAT,+0.0,+69.0,4.4,+0.00,0.00,SLOW,4405.50,4406.54,4403.14,4406.23,0.00,0.00,0.0,BEARISH,340.0,4406.19,4406.19,4406.19,4406.19,38,CLEARED_>=20s,1.0,0.0,0.0,0.0,0.0,0.0,0.0,PASS_<20%,0.00,0.0,NO,STANDBY_VEL_LOW,1,1321.86,3268.14,132.45,FALSE,M1_DIRECTION_MISMATCH
2026-09-07 18:50:39.173,1788807039.173,4332,29,29,4406.19,4406.27,8.0,PASS_<=10c,+0.0,FLAT,+0.0,+69.0,4.4,+0.00,0.00,SLOW,4405.50,4406.54,4403.14,4406.23,0.00,0.00,0.0,BEARISH,340.0,4406.19,4406.19,4406.19,4406.19,39,CLEARED_>=20s,1.0,0.0,0.0,0.0,0.0,0.0,0.0,PASS_<20%,0.00,0.0,NO,STANDBY_VEL_LOW,1,1321.86,3268.14,132.45,FALSE,M1_DIRECTION_MISMATCH
2026-09-07 18:50:39.674,1788807039.674,4333,30,30,4406.19,4406.27,8.0,PASS_<=10c,+0.0,FLAT,+0.0,+69.0,4.3,+0.00,0.00,SLOW,4405.50,4406.54,4403.14,4406.23,0.00,0.00,0.0,BEARISH,340.0,4406.19,4406.19,4406.19,4406.19,39,CLEARED_>=20s,1.0,0.0,0.0,0.0,0.0,0.0,0.0,PASS_<20%,0.00,0.0,NO,STANDBY_VEL_LOW,1,1321.86,3268.14,132.45,FALSE,M1_DIRECTION_MISMATCH
2026-09-07 18:50:40.175,1788807040.176,4334,31,31,4406.19,4406.27,8.0,PASS_<=10c,+0.0,FLAT,+0.0,+69.0,4.2,+0.00,0.00,SLOW,4405.50,4406.54,4403.14,4406.23,0.00,0.00,0.0,BEARISH,340.0,4406.19,4406.19,4406.19,4406.19,40,CLEARED_>=20s,1.0,0.0,0.0,0.0,0.0,0.0,0.0,PASS_<20%,0.00,0.0,NO,STANDBY_VEL_LOW,1,1321.86,3268.14,132.45,FALSE,M1_DIRECTION_MISMATCH
2026-09-07 18:50:40.679,1788807040.680,4335,32,32,4406.19,4406.27,8.0,PASS_<=10c,+0.0,FLAT,+0.0,+69.0,4.2,+0.00,0.00,SLOW,4405.50,4406.54,4403.14,4406.23,0.00,0.00,0.0,BEARISH,340.0,4406.19,4406.19,4406.19,4406.19,40,CLEARED_>=20s,1.0,0.0,0.0,0.0,0.0,0.0,0.0,PASS_<20%,0.00,0.0,NO,STANDBY_VEL_LOW,1,1321.86,3268.14,132.45,FALSE,M1_DIRECTION_MISMATCH
2026-09-07 18:50:41.180,1788807041.181,4336,33,33,4406.19,4406.27,8.0,PASS_<=10c,+0.0,FLAT,+0.0,+69.0,4.2,+0.00,0.00,SLOW,4405.50,4406.54,4403.14,4406.23,0.00,0.00,0.0,BEARISH,340.0,4406.19,4406.19,4406.19,4406.19,41,CLEARED_>=20s,1.0,0.0,0.0,0.0,0.0,0.0,0.0,PASS_<20%,0.00,0.0,NO,STANDBY_VEL_LOW,1,1321.86,3268.14,132.45,FALSE,M1_DIRECTION_MISMATCH
2026-09-07 18:50:41.683,1788807041.683,4337,34,34,4406.19,4406.27,8.0,PASS_<=10c,+0.0,FLAT,+0.0,+69.0,4.2,+0.00,0.00,SLOW,4405.50,4406.54,4403.14,4406.23,0.00,0.00,0.0,BEARISH,340.0,4406.19,4406.19,4406.19,4406.19,41,CLEARED_>=20s,1.0,0.0,0.0,0.0,0.0,0.0,0.0,PASS_<20%,0.00,0.0,NO,STANDBY_VEL_LOW,1,1321.86,3268.14,132.45,FALSE,M1_DIRECTION_MISMATCH
2026-09-07 18:50:42.184,1788807042.184,4338,35,35,4406.19,4406.27,8.0,PASS_<=10c,+0.0,FLAT,+0.0,+69.0,4.2,+0.00,0.00,SLOW,4405.50,4406.54,4403.14,4406.23,0.00,0.00,0.0,BEARISH,340.0,4406.19,4406.19,4406.19,4406.19,42,CLEARED_>=20s,1.0,0.0,0.0,0.0,0.0,0.0,0.0,PASS_<20%,0.00,0.0,NO,STANDBY_VEL_LOW,1,1321.86,3268.14,132.45,FALSE,M1_DIRECTION_MISMATCH
2026-09-07 18:50:42.686,1788807042.686,4339,36,36,4406.19,4406.27,8.0,PASS_<=10c,+0.0,FLAT,+0.0,+69.0,4.2,+0.00,0.00,SLOW,4405.50,4406.54,4403.14,4406.23,0.00,0.00,0.0,BEARISH,340.0,4406.19,4406.19,4406.19,4406.19,42,CLEARED_>=20s,1.0,0.0,0.0,0.0,0.0,0.0,0.0,PASS_<20%,0.00,0.0,NO,STANDBY_VEL_LOW,1,1321.86,3268.14,132.45,FALSE,M1_DIRECTION_MISMATCH
2026-09-07 18:50:48.204,1788807048.205,4340,37,37,4406.19,4406.27,8.0,PASS_<=10c,+0.0,FLAT,+0.0,+69.0,1.6,+0.00,0.00,SLOW,4405.50,4406.54,4403.14,4406.23,0.00,0.00,0.0,BEARISH,340.0,4406.19,4406.19,4406.19,4406.19,48,CLEARED_>=20s,1.0,0.0,0.0,0.0,0.0,0.0,0.0,PASS_<20%,0.00,0.0,NO,STANDBY_VEL_LOW,1,1321.86,3268.14,132.45,FALSE,M1_DIRECTION_MISMATCH
2026-09-07 18:50:58.439,1788807058.439,4341,38,38,4406.19,4406.27,8.0,PASS_<=10c,+0.0,FLAT,+0.0,+69.0,1.4,+0.00,0.00,SLOW,4405.50,4406.54,4403.14,4406.23,0.00,0.00,0.0,BEARISH,340.0,4406.19,4406.19,4406.19,4406.19,58,CLEARED_>=20s,1.0,0.0,0.0,0.0,0.0,0.0,0.0,PASS_<20%,0.00,0.0,NO,STANDBY_VEL_LOW,1,1321.86,3268.14,132.45,FALSE,M1_DIRECTION_MISMATCH
2026-09-07 18:50:58.793,1788807058.793,4342,39,39,4406.19,4406.27,8.0,PASS_<=10c,+0.0,FLAT,+0.0,+69.0,3.0,+0.00,0.00,SLOW,4405.50,4406.54,4403.14,4406.23,0.00,0.00,0.0,BEARISH,340.0,4406.19,4406.19,4406.19,4406.19,58,CLEARED_>=20s,1.0,0.0,0.0,0.0,0.0,0.0,0.0,PASS_<20%,0.00,0.0,NO,STANDBY_VEL_LOW,1,1321.86,3268.14,132.45,FALSE,M1_DIRECTION_MISMATCH
2026-09-07 18:50:59.294,1788807059.295,4343,40,40,4406.19,4406.27,8.0,PASS_<=10c,+0.0,FLAT,+0.0,+69.0,5.0,+0.00,0.00,SLOW,4405.50,4406.54,4403.14,4406.23,0.00,0.00,0.0,BEARISH,340.0,4406.19,4406.19,4406.19,4406.19,59,CLEARED_>=20s,1.0,0.0,0.0,0.0,0.0,0.0,0.0,PASS_<20%,0.00,0.0,NO,STANDBY_VEL_LOW,1,1321.86,3268.14,132.45,FALSE,M1_DIRECTION_MISMATCH
2026-09-07 18:50:59.797,1788807059.797,4344,41,41,4406.19,4406.27,8.0,PASS_<=10c,+0.0,FLAT,+0.0,+69.0,5.2,+0.00,0.00,SLOW,4405.50,4406.54,4403.14,4406.23,0.00,0.00,0.0,BEARISH,340.0,4406.19,4406.19,4406.19,4406.19,59,CLEARED_>=20s,1.0,0.0,0.0,0.0,0.0,0.0,0.0,PASS_<20%,0.00,0.0,NO,STANDBY_VEL_LOW,1,1321.86,3268.14,132.45,FALSE,M1_DIRECTION_MISMATCH
2026-09-07 18:51:00.299,1788807060.299,4345,1,42,4406.19,4406.27,8.0,PASS_<=10c,+0.0,FLAT,+0.0,+69.0,4.8,+0.00,0.00,SLOW,4405.50,4406.54,4403.14,4406.23,0.00,0.00,0.0,BEARISH,340.0,4406.19,4406.19,4406.19,4406.19,0,ACTIVE_0s,1.0,0.0,0.0,0.0,0.0,0.0,0.0,PASS_<20%,0.00,0.0,NO,STANDBY_VEL_LOW,1,1321.86,3268.14,132.45,FALSE,M1_DIRECTION_MISMATCH|OPENING_SHIELD_ACTIVE_0s
2026-09-07 18:51:00.800,1788807060.801,4346,2,43,4406.19,4406.27,8.0,PASS_<=10c,+0.0,FLAT,+0.0,+69.0,4.7,+0.00,0.00,SLOW,4405.50,4406.54,4403.14,4406.23,0.00,0.00,0.0,BEARISH,340.0,4406.19,4406.19,4406.19,4406.19,0,ACTIVE_0s,1.0,0.0,0.0,0.0,0.0,0.0,0.0,PASS_<20%,0.00,0.0,NO,STANDBY_VEL_LOW,1,1321.86,3268.14,132.45,FALSE,M1_DIRECTION_MISMATCH|OPENING_SHIELD_ACTIVE_0s
2026-09-07 18:51:01.302,1788807061.302,4347,3,44,4406.19,4406.27,8.0,PASS_<=10c,+0.0,FLAT,+0.0,+69.0,4.5,+0.00,0.00,SLOW,4405.50,4406.54,4403.14,4406.23,0.00,0.00,0.0,BEARISH,340.0,4406.19,4406.19,4406.19,4406.19,1,ACTIVE_1s,1.0,0.0,0.0,0.0,0.0,0.0,0.0,PASS_<20%,0.00,0.0,NO,STANDBY_VEL_LOW,1,1321.86,3268.14,132.45,FALSE,M1_DIRECTION_MISMATCH|OPENING_SHIELD_ACTIVE_1s
2026-09-07 18:51:01.803,1788807061.804,4348,4,45,4406.19,4406.27,8.0,PASS_<=10c,+0.0,FLAT,+0.0,+69.0,4.5,+0.00,0.00,SLOW,4405.50,4406.54,4403.14,4406.23,0.00,0.00,0.0,BEARISH,340.0,4406.19,4406.19,4406.19,4406.19,1,ACTIVE_1s,1.0,0.0,0.0,0.0,0.0,0.0,0.0,PASS_<20%,0.00,0.0,NO,STANDBY_VEL_LOW,1,1321.86,3268.14,132.45,FALSE,M1_DIRECTION_MISMATCH|OPENING_SHIELD_ACTIVE_1s
2026-09-07 18:51:02.306,1788807062.307,4349,5,46,4406.19,4406.27,8.0,PASS_<=10c,+0.0,FLAT,+0.0,+69.0,4.4,+0.00,0.00,SLOW,4405.50,4406.54,4403.14,4406.23,0.00,0.00,0.0,BEARISH,340.0,4406.19,4406.19,4406.19,4406.19,2,ACTIVE_2s,1.0,0.0,0.0,0.0,0.0,0.0,0.0,PASS_<20%,0.00,0.0,NO,STANDBY_VEL_LOW,1,1321.86,3268.14,132.45,FALSE,M1_DIRECTION_MISMATCH|OPENING_SHIELD_ACTIVE_2s
2026-09-07 18:51:02.810,1788807062.811,4350,6,47,4406.19,4406.27,8.0,PASS_<=10c,+0.0,FLAT,+0.0,+69.0,4.3,+0.00,0.00,SLOW,4405.50,4406.54,4403.14,4406.23,0.00,0.00,0.0,BEARISH,340.0,4406.19,4406.19,4406.19,4406.19,2,ACTIVE_2s,1.0,0.0,0.0,0.0,0.0,0.0,0.0,PASS_<20%,0.00,0.0,NO,STANDBY_VEL_LOW,1,1321.86,3268.14,132.45,FALSE,M1_DIRECTION_MISMATCH|OPENING_SHIELD_ACTIVE_2s
2026-09-07 18:51:03.310,1788807063.311,4351,7,48,4406.19,4406.27,8.0,PASS_<=10c,+0.0,FLAT,+0.0,+69.0,4.3,+0.00,0.00,SLOW,4405.50,4406.54,4403.14,4406.23,0.00,0.00,0.0,BEARISH,340.0,4406.19,4406.19,4406.19,4406.19,3,ACTIVE_3s,1.0,0.0,0.0,0.0,0.0,0.0,0.0,PASS_<20%,0.00,0.0,NO,STANDBY_VEL_LOW,1,1321.86,3268.14,132.45,FALSE,M1_DIRECTION_MISMATCH|OPENING_SHIELD_ACTIVE_3s
2026-09-07 18:51:03.811,1788807063.812,4352,8,49,4406.19,4406.27,8.0,PASS_<=10c,+0.0,FLAT,+0.0,+69.0,4.2,+0.00,0.00,SLOW,4405.50,4406.54,4403.14,4406.23,0.00,0.00,0.0,BEARISH,340.0,4406.19,4406.19,4406.19,4406.19,3,ACTIVE_3s,1.0,0.0,0.0,0.0,0.0,0.0,0.0,PASS_<20%,0.00,0.0,NO,STANDBY_VEL_LOW,1,1321.86,3268.14,132.45,FALSE,M1_DIRECTION_MISMATCH|OPENING_SHIELD_ACTIVE_3s
2026-09-07 18:51:04.313,1788807064.313,4353,9,50,4406.19,4406.27,8.0,PASS_<=10c,+0.0,FLAT,+0.0,+69.0,4.2,+0.00,0.00,SLOW,4405.50,4406.54,4403.14,4406.23,0.00,0.00,0.0,BEARISH,340.0,4406.19,4406.19,4406.19,4406.19,4,ACTIVE_4s,1.0,0.0,0.0,0.0,0.0,0.0,0.0,PASS_<20%,0.00,0.0,NO,STANDBY_VEL_LOW,1,1321.86,3268.14,132.45,FALSE,M1_DIRECTION_MISMATCH|OPENING_SHIELD_ACTIVE_4s
2026-09-07 18:51:04.814,1788807064.815,4354,10,51,4406.19,4406.27,8.0,PASS_<=10c,+0.0,FLAT,+0.0,+69.0,4.2,+0.00,0.00,SLOW,4405.50,4406.54,4403.14,4406.23,0.00,0.00,0.0,BEARISH,340.0,4406.19,4406.19,4406.19,4406.19,4,ACTIVE_4s,1.0,0.0,0.0,0.0,0.0,0.0,0.0,PASS_<20%,0.00,0.0,NO,STANDBY_VEL_LOW,1,1321.86,3268.14,132.45,FALSE,M1_DIRECTION_MISMATCH|OPENING_SHIELD_ACTIVE_4s
2026-09-07 18:51:05.316,1788807065.316,4355,11,52,4406.19,4406.27,8.0,PASS_<=10c,+0.0,FLAT,+0.0,+69.0,4.2,+0.00,0.00,SLOW,4405.50,4406.54,4403.14,4406.23,0.00,0.00,0.0,BEARISH,340.0,4406.19,4406.19,4406.19,4406.19,5,ACTIVE_5s,1.0,0.0,0.0,0.0,0.0,0.0,0.0,PASS_<20%,0.00,0.0,NO,STANDBY_VEL_LOW,1,1321.86,3268.14,132.45,FALSE,M1_DIRECTION_MISMATCH|OPENING_SHIELD_ACTIVE_5s
2026-09-07 18:51:05.817,1788807065.818,4356,12,53,4406.19,4406.27,8.0,PASS_<=10c,+0.0,FLAT,+0.0,+69.0,4.2,+0.00,0.00,SLOW,4405.50,4406.54,4403.14,4406.23,0.00,0.00,0.0,BEARISH,340.0,4406.19,4406.19,4406.19,4406.19,5,ACTIVE_5s,1.0,0.0,0.0,0.0,0.0,0.0,0.0,PASS_<20%,0.00,0.0,NO,STANDBY_VEL_LOW,1,1321.86,3268.14,132.45,FALSE,M1_DIRECTION_MISMATCH|OPENING_SHIELD_ACTIVE_5s
2026-09-07 18:51:06.318,1788807066.319,4357,13,54,4406.19,4406.27,8.0,PASS_<=10c,+0.0,FLAT,+0.0,+69.0,4.2,+0.00,0.00,SLOW,4405.50,4406.54,4403.14,4406.23,0.00,0.00,0.0,BEARISH,340.0,4406.19,4406.19,4406.19,4406.19,6,ACTIVE_6s,1.0,0.0,0.0,0.0,0.0,0.0,0.0,PASS_<20%,0.00,0.0,NO,STANDBY_VEL_LOW,1,1321.86,3268.14,132.45,FALSE,M1_DIRECTION_MISMATCH|OPENING_SHIELD_ACTIVE_6s
2026-09-07 18:51:16.697,1788807076.697,4358,14,55,4406.19,4406.27,8.0,PASS_<=10c,+0.0,FLAT,+0.0,+69.0,1.3,+0.00,0.00,SLOW,4405.50,4406.54,4403.14,4406.23,0.00,0.00,0.0,BEARISH,340.0,4406.19,4406.19,4406.19,4406.19,16,ACTIVE_16s,1.0,0.0,0.0,0.0,0.0,0.0,0.0,PASS_<20%,0.00,0.0,NO,STANDBY_VEL_LOW,1,1321.86,3268.14,132.45,FALSE,M1_DIRECTION_MISMATCH|OPENING_SHIELD_ACTIVE_16s
2026-09-07 18:51:23.725,1788807083.725,4359,15,56,4406.19,4406.27,8.0,PASS_<=10c,+0.0,FLAT,+0.0,+69.0,1.3,+0.00,0.00,SLOW,4405.50,4406.54,4403.14,4406.23,0.00,0.00,0.0,BEARISH,340.0,4406.19,4406.19,4406.19,4406.19,23,CLEARED_>=20s,1.0,0.0,0.0,0.0,0.0,0.0,0.0,PASS_<20%,0.00,0.0,NO,STANDBY_VEL_LOW,1,1321.86,3268.14,132.45,FALSE,M1_DIRECTION_MISMATCH
2026-09-07 18:51:24.080,1788807084.081,4360,16,57,4406.19,4406.27,8.0,PASS_<=10c,+0.0,FLAT,+0.0,+69.0,1.8,+0.00,0.00,SLOW,4405.50,4406.54,4403.14,4406.23,0.00,0.00,0.0,BEARISH,340.0,4406.19,4406.19,4406.19,4406.19,24,CLEARED_>=20s,1.0,0.0,0.0,0.0,0.0,0.0,0.0,PASS_<20%,0.00,0.0,NO,STANDBY_VEL_LOW,1,1321.86,3268.14,132.45,FALSE,M1_DIRECTION_MISMATCH
2026-09-07 18:51:24.582,1788807084.583,4361,17,58,4406.19,4406.27,8.0,PASS_<=10c,+0.0,FLAT,+0.0,+69.0,2.2,+0.00,0.00,SLOW,4405.50,4406.54,4403.14,4406.23,0.00,0.00,0.0,BEARISH,340.0,4406.19,4406.19,4406.19,4406.19,24,CLEARED_>=20s,1.0,0.0,0.0,0.0,0.0,0.0,0.0,PASS_<20%,0.00,0.0,NO,STANDBY_VEL_LOW,1,1321.86,3268.14,132.45,FALSE,M1_DIRECTION_MISMATCH
2026-09-07 18:51:25.084,1788807085.084,4362,18,59,4406.19,4406.27,8.0,PASS_<=10c,+0.0,FLAT,+0.0,+69.0,2.4,+0.00,0.00,SLOW,4405.50,4406.54,4403.14,4406.23,0.00,0.00,0.0,BEARISH,340.0,4406.19,4406.19,4406.19,4406.19,25,CLEARED_>=20s,1.0,0.0,0.0,0.0,0.0,0.0,0.0,PASS_<20%,0.00,0.0,NO,STANDBY_VEL_LOW,1,1321.86,3268.14,132.45,FALSE,M1_DIRECTION_MISMATCH
2026-09-07 18:51:25.586,1788807085.587,4363,19,60,4406.19,4406.27,8.0,PASS_<=10c,+0.0,FLAT,+0.0,+69.0,2.7,+0.00,0.00,SLOW,4405.50,4406.54,4403.14,4406.23,0.00,0.00,0.0,BEARISH,340.0,4406.19,4406.19,4406.19,4406.19,25,CLEARED_>=20s,1.0,0.0,0.0,0.0,0.0,0.0,0.0,PASS_<20%,0.00,0.0,NO,STANDBY_VEL_LOW,1,1321.86,3268.14,132.45,FALSE,M1_DIRECTION_MISMATCH
2026-09-07 18:51:26.089,1788807086.089,4364,20,61,4406.19,4406.27,8.0,PASS_<=10c,+0.0,FLAT,+0.0,+69.0,2.8,+0.00,0.00,SLOW,4405.50,4406.54,4403.14,4406.23,0.00,0.00,0.0,BEARISH,340.0,4406.19,4406.19,4406.19,4406.19,26,CLEARED_>=20s,1.0,0.0,0.0,0.0,0.0,0.0,0.0,PASS_<20%,0.00,0.0,NO,STANDBY_VEL_LOW,1,1321.86,3268.14,132.45,FALSE,M1_DIRECTION_MISMATCH
2026-09-07 18:51:26.590,1788807086.591,4365,21,62,4406.19,4406.27,8.0,PASS_<=10c,+0.0,FLAT,+0.0,+69.0,2.9,+0.00,0.00,SLOW,4405.50,4406.54,4403.14,4406.23,0.00,0.00,0.0,BEARISH,340.0,4406.19,4406.19,4406.19,4406.19,26,CLEARED_>=20s,1.0,0.0,0.0,0.0,0.0,0.0,0.0,PASS_<20%,0.00,0.0,NO,STANDBY_VEL_LOW,1,1321.86,3268.14,132.45,FALSE,M1_DIRECTION_MISMATCH
2026-09-07 18:51:27.091,1788807087.092,4366,22,63,4406.19,4406.27,8.0,PASS_<=10c,+0.0,FLAT,+0.0,+69.0,4.5,+0.00,0.00,SLOW,4405.50,4406.54,4403.14,4406.23,0.00,0.00,0.0,BEARISH,340.0,4406.19,4406.19,4406.19,4406.19,27,CLEARED_>=20s,1.0,0.0,0.0,0.0,0.0,0.0,0.0,PASS_<20%,0.00,0.0,NO,STANDBY_VEL_LOW,1,1321.86,3268.14,132.45,FALSE,M1_DIRECTION_MISMATCH
2026-09-07 18:51:27.593,1788807087.594,4367,23,64,4406.19,4406.27,8.0,PASS_<=10c,+0.0,FLAT,+0.0,+69.0,4.4,+0.00,0.00,SLOW,4405.50,4406.54,4403.14,4406.23,0.00,0.00,0.0,BEARISH,340.0,4406.19,4406.19,4406.19,4406.19,27,CLEARED_>=20s,1.0,0.0,0.0,0.0,0.0,0.0,0.0,PASS_<20%,0.00,0.0,NO,STANDBY_VEL_LOW,1,1321.86,3268.14,132.45,FALSE,M1_DIRECTION_MISMATCH
2026-09-07 18:51:28.096,1788807088.096,4368,24,65,4406.19,4406.27,8.0,PASS_<=10c,+0.0,FLAT,+0.0,+69.0,4.3,+0.00,0.00,SLOW,4405.50,4406.54,4403.14,4406.23,0.00,0.00,0.0,BEARISH,340.0,4406.19,4406.19,4406.19,4406.19,28,CLEARED_>=20s,1.0,0.0,0.0,0.0,0.0,0.0,0.0,PASS_<20%,0.00,0.0,NO,STANDBY_VEL_LOW,1,1321.86,3268.14,132.45,FALSE,M1_DIRECTION_MISMATCH
2026-09-07 18:51:28.597,1788807088.598,4369,25,66,4406.19,4406.27,8.0,PASS_<=10c,+0.0,FLAT,+0.0,+69.0,4.3,+0.00,0.00,SLOW,4405.50,4406.54,4403.14,4406.23,0.00,0.00,0.0,BEARISH,340.0,4406.19,4406.19,4406.19,4406.19,28,CLEARED_>=20s,1.0,0.0,0.0,0.0,0.0,0.0,0.0,PASS_<20%,0.00,0.0,NO,STANDBY_VEL_LOW,1,1321.86,3268.14,132.45,FALSE,M1_DIRECTION_MISMATCH
2026-09-07 18:51:29.099,1788807089.099,4370,26,67,4406.19,4406.27,8.0,PASS_<=10c,+0.0,FLAT,+0.0,+69.0,4.2,+0.00,0.00,SLOW,4405.50,4406.54,4403.14,4406.23,0.00,0.00,0.0,BEARISH,340.0,4406.19,4406.19,4406.19,4406.19,29,CLEARED_>=20s,1.0,0.0,0.0,0.0,0.0,0.0,0.0,PASS_<20%,0.00,0.0,NO,STANDBY_VEL_LOW,1,1321.86,3268.14,132.45,FALSE,M1_DIRECTION_MISMATCH
2026-09-07 18:51:29.600,1788807089.601,4371,27,68,4406.19,4406.27,8.0,PASS_<=10c,+0.0,FLAT,+0.0,+69.0,4.2,+0.00,0.00,SLOW,4405.50,4406.54,4403.14,4406.23,0.00,0.00,0.0,BEARISH,340.0,4406.19,4406.19,4406.19,4406.19,29,CLEARED_>=20s,1.0,0.0,0.0,0.0,0.0,0.0,0.0,PASS_<20%,0.00,0.0,NO,STANDBY_VEL_LOW,1,1321.86,3268.14,132.45,FALSE,M1_DIRECTION_MISMATCH
2026-09-07 18:51:30.103,1788807090.103,4372,28,69,4406.19,4406.27,8.0,PASS_<=10c,+0.0,FLAT,+0.0,+69.0,4.2,+0.00,0.00,SLOW,4405.50,4406.54,4403.14,4406.23,0.00,0.00,0.0,BEARISH,340.0,4406.19,4406.19,4406.19,4406.19,30,CLEARED_>=20s,1.0,0.0,0.0,0.0,0.0,0.0,0.0,PASS_<20%,0.00,0.0,NO,STANDBY_VEL_LOW,1,1321.86,3268.14,132.45,FALSE,M1_DIRECTION_MISMATCH
2026-09-07 18:51:30.604,1788807090.605,4373,29,70,4406.19,4406.27,8.0,PASS_<=10c,+0.0,FLAT,+0.0,+69.0,4.2,+0.00,0.00,SLOW,4405.50,4406.54,4403.14,4406.23,0.00,0.00,0.0,BEARISH,340.0,4406.19,4406.19,4406.19,4406.19,30,CLEARED_>=20s,1.0,0.0,0.0,0.0,0.0,0.0,0.0,PASS_<20%,0.00,0.0,NO,STANDBY_VEL_LOW,1,1321.86,3268.14,132.45,FALSE,M1_DIRECTION_MISMATCH
2026-09-07 18:51:31.105,1788807091.106,4374,30,71,4406.19,4406.27,8.0,PASS_<=10c,+0.0,FLAT,+0.0,+69.0,4.2,+0.00,0.00,SLOW,4405.50,4406.54,4403.14,4406.23,0.00,0.00,0.0,BEARISH,340.0,4406.19,4406.19,4406.19,4406.19,31,CLEARED_>=20s,1.0,0.0,0.0,0.0,0.0,0.0,0.0,PASS_<20%,0.00,0.0,NO,STANDBY_VEL_LOW,1,1321.86,3268.14,132.45,FALSE,M1_DIRECTION_MISMATCH
2026-09-07 18:51:31.607,1788807091.607,4375,31,72,4406.19,4406.27,8.0,PASS_<=10c,+0.0,FLAT,+0.0,+69.0,4.2,+0.00,0.00,SLOW,4405.50,4406.54,4403.14,4406.23,0.00,0.00,0.0,BEARISH,340.0,4406.19,4406.19,4406.19,4406.19,31,CLEARED_>=20s,1.0,0.0,0.0,0.0,0.0,0.0,0.0,PASS_<20%,0.00,0.0,NO,STANDBY_VEL_LOW,1,1321.86,3268.14,132.45,FALSE,M1_DIRECTION_MISMATCH
2026-09-07 18:51:37.148,1788807097.149,4376,32,73,4406.19,4406.27,8.0,PASS_<=10c,+0.0,FLAT,+0.0,+69.0,1.6,+0.00,0.00,SLOW,4405.50,4406.54,4403.14,4406.23,0.00,0.00,0.0,BEARISH,340.0,4406.19,4406.19,4406.19,4406.19,37,CLEARED_>=20s,1.0,0.0,0.0,0.0,0.0,0.0,0.0,PASS_<20%,0.00,0.0,NO,STANDBY_VEL_LOW,1,1321.86,3268.14,132.45,FALSE,M1_DIRECTION_MISMATCH
2026-09-07 18:51:47.381,1788807107.382,4377,33,74,4406.19,4406.27,8.0,PASS_<=10c,+0.0,FLAT,+0.0,+69.0,1.3,+0.00,0.00,SLOW,4405.50,4406.54,4403.14,4406.23,0.00,0.00,0.0,BEARISH,340.0,4406.19,4406.19,4406.19,4406.19,47,CLEARED_>=20s,1.0,0.0,0.0,0.0,0.0,0.0,0.0,PASS_<20%,0.00,0.0,NO,STANDBY_VEL_LOW,1,1321.86,3268.14,132.45,FALSE,M1_DIRECTION_MISMATCH
2026-09-07 18:51:48.992,1788807108.993,4378,34,75,4406.19,4406.27,8.0,PASS_<=10c,+0.0,FLAT,+0.0,+69.0,1.9,+0.00,0.00,SLOW,4405.50,4406.54,4403.14,4406.23,0.00,0.00,0.0,BEARISH,340.0,4406.19,4406.19,4406.19,4406.19,48,CLEARED_>=20s,1.0,0.0,0.0,0.0,0.0,0.0,0.0,PASS_<20%,0.00,0.0,NO,STANDBY_VEL_LOW,1,1321.86,3268.14,132.45,FALSE,M1_DIRECTION_MISMATCH
2026-09-07 18:51:49.492,1788807109.492,4379,35,76,4406.19,4406.27,8.0,PASS_<=10c,+0.0,FLAT,+0.0,+69.0,2.4,+0.00,0.00,SLOW,4405.50,4406.54,4403.14,4406.23,0.00,0.00,0.0,BEARISH,340.0,4406.19,4406.19,4406.19,4406.19,49,CLEARED_>=20s,1.0,0.0,0.0,0.0,0.0,0.0,0.0,PASS_<20%,0.00,0.0,NO,STANDBY_VEL_LOW,1,1321.86,3268.14,132.45,FALSE,M1_DIRECTION_MISMATCH
2026-09-07 18:51:49.994,1788807109.995,4380,36,77,4406.19,4406.27,8.0,PASS_<=10c,+0.0,FLAT,+0.0,+69.0,2.7,+0.00,0.00,SLOW,4405.50,4406.54,4403.14,4406.23,0.00,0.00,0.0,BEARISH,340.0,4406.19,4406.19,4406.19,4406.19,49,CLEARED_>=20s,1.0,0.0,0.0,0.0,0.0,0.0,0.0,PASS_<20%,0.00,0.0,NO,STANDBY_VEL_LOW,1,1321.86,3268.14,132.45,FALSE,M1_DIRECTION_MISMATCH
2026-09-07 18:51:50.495,1788807110.496,4381,37,78,4406.19,4406.27,8.0,PASS_<=10c,+0.0,FLAT,+0.0,+69.0,2.9,+0.00,0.00,SLOW,4405.50,4406.54,4403.14,4406.23,0.00,0.00,0.0,BEARISH,340.0,4406.19,4406.19,4406.19,4406.19,50,CLEARED_>=20s,1.0,0.0,0.0,0.0,0.0,0.0,0.0,PASS_<20%,0.00,0.0,NO,STANDBY_VEL_LOW,1,1321.86,3268.14,132.45,FALSE,M1_DIRECTION_MISMATCH
2026-09-07 18:51:50.997,1788807110.998,4382,38,79,4406.19,4406.27,8.0,PASS_<=10c,+0.0,FLAT,+0.0,+69.0,3.0,+0.00,0.00,SLOW,4405.50,4406.54,4403.14,4406.23,0.00,0.00,0.0,BEARISH,340.0,4406.19,4406.19,4406.19,4406.19,50,CLEARED_>=20s,1.0,0.0,0.0,0.0,0.0,0.0,0.0,PASS_<20%,0.00,0.0,NO,STANDBY_VEL_LOW,1,1321.86,3268.14,132.45,FALSE,M1_DIRECTION_MISMATCH
2026-09-07 18:51:51.499,1788807111.500,4383,39,80,4406.19,4406.27,8.0,PASS_<=10c,+0.0,FLAT,+0.0,+69.0,3.2,+0.00,0.00,SLOW,4405.50,4406.54,4403.14,4406.23,0.00,0.00,0.0,BEARISH,340.0,4406.19,4406.19,4406.19,4406.19,51,CLEARED_>=20s,1.0,0.0,0.0,0.0,0.0,0.0,0.0,PASS_<20%,0.00,0.0,NO,STANDBY_VEL_LOW,1,1321.86,3268.14,132.45,FALSE,M1_DIRECTION_MISMATCH
2026-09-07 18:51:52.002,1788807112.003,4384,40,81,4406.19,4406.27,8.0,PASS_<=10c,+0.0,FLAT,+0.0,+69.0,3.2,+0.00,0.00,SLOW,4405.50,4406.54,4403.14,4406.23,0.00,0.00,0.0,BEARISH,340.0,4406.19,4406.19,4406.19,4406.19,52,CLEARED_>=20s,1.0,0.0,0.0,0.0,0.0,0.0,0.0,PASS_<20%,0.00,0.0,NO,STANDBY_VEL_LOW,1,1321.86,3268.14,132.45,FALSE,M1_DIRECTION_MISMATCH
2026-09-07 18:51:52.504,1788807112.505,4385,41,82,4406.19,4406.27,8.0,PASS_<=10c,+0.0,FLAT,+0.0,+69.0,4.4,+0.00,0.00,SLOW,4405.50,4406.54,4403.14,4406.23,0.00,0.00,0.0,BEARISH,340.0,4406.19,4406.19,4406.19,4406.19,52,CLEARED_>=20s,1.0,0.0,0.0,0.0,0.0,0.0,0.0,PASS_<20%,0.00,0.0,NO,STANDBY_VEL_LOW,1,1321.86,3268.14,132.45,FALSE,M1_DIRECTION_MISMATCH
2026-09-07 18:51:53.003,1788807113.004,4386,42,83,4406.19,4406.27,8.0,PASS_<=10c,+0.0,FLAT,+0.0,+69.0,4.4,+0.00,0.00,SLOW,4405.50,4406.54,4403.14,4406.23,0.00,0.00,0.0,BEARISH,340.0,4406.19,4406.19,4406.19,4406.19,53,CLEARED_>=20s,1.0,0.0,0.0,0.0,0.0,0.0,0.0,PASS_<20%,0.00,0.0,NO,STANDBY_VEL_LOW,1,1321.86,3268.14,132.45,FALSE,M1_DIRECTION_MISMATCH
2026-09-07 18:51:53.506,1788807113.507,4387,43,84,4406.19,4406.27,8.0,PASS_<=10c,+0.0,FLAT,+0.0,+69.0,4.3,+0.00,0.00,SLOW,4405.50,4406.54,4403.14,4406.23,0.00,0.00,0.0,BEARISH,340.0,4406.19,4406.19,4406.19,4406.19,53,CLEARED_>=20s,1.0,0.0,0.0,0.0,0.0,0.0,0.0,PASS_<20%,0.00,0.0,NO,STANDBY_VEL_LOW,1,1321.86,3268.14,132.45,FALSE,M1_DIRECTION_MISMATCH
2026-09-07 18:51:54.007,1788807114.008,4388,44,85,4406.19,4406.27,8.0,PASS_<=10c,+0.0,FLAT,+0.0,+69.0,4.2,+0.00,0.00,SLOW,4405.50,4406.54,4403.14,4406.23,0.00,0.00,0.0,BEARISH,340.0,4406.19,4406.19,4406.19,4406.19,54,CLEARED_>=20s,1.0,0.0,0.0,0.0,0.0,0.0,0.0,PASS_<20%,0.00,0.0,NO,STANDBY_VEL_LOW,1,1321.86,3268.14,132.45,FALSE,M1_DIRECTION_MISMATCH
2026-09-07 18:51:54.510,1788807114.510,4389,45,86,4406.19,4406.27,8.0,PASS_<=10c,+0.0,FLAT,+0.0,+69.0,4.2,+0.00,0.00,SLOW,4405.50,4406.54,4403.14,4406.23,0.00,0.00,0.0,BEARISH,340.0,4406.19,4406.19,4406.19,4406.19,54,CLEARED_>=20s,1.0,0.0,0.0,0.0,0.0,0.0,0.0,PASS_<20%,0.00,0.0,NO,STANDBY_VEL_LOW,1,1321.86,3268.14,132.45,FALSE,M1_DIRECTION_MISMATCH
2026-09-07 18:51:55.011,1788807115.011,4390,46,87,4406.19,4406.27,8.0,PASS_<=10c,+0.0,FLAT,+0.0,+69.0,4.2,+0.00,0.00,SLOW,4405.50,4406.54,4403.14,4406.23,0.00,0.00,0.0,BEARISH,340.0,4406.19,4406.19,4406.19,4406.19,55,CLEARED_>=20s,1.0,0.0,0.0,0.0,0.0,0.0,0.0,PASS_<20%,0.00,0.0,NO,STANDBY_VEL_LOW,1,1321.86,3268.14,132.45,FALSE,M1_DIRECTION_MISMATCH
2026-09-07 18:51:55.511,1788807115.512,4391,47,88,4406.19,4406.27,8.0,PASS_<=10c,+0.0,FLAT,+0.0,+69.0,4.2,+0.00,0.00,SLOW,4405.50,4406.54,4403.14,4406.23,0.00,0.00,0.0,BEARISH,340.0,4406.19,4406.19,4406.19,4406.19,55,CLEARED_>=20s,1.0,0.0,0.0,0.0,0.0,0.0,0.0,PASS_<20%,0.00,0.0,NO,STANDBY_VEL_LOW,1,1321.86,3268.14,132.45,FALSE,M1_DIRECTION_MISMATCH
2026-09-07 18:51:56.012,1788807116.013,4392,48,89,4406.19,4406.27,8.0,PASS_<=10c,+0.0,FLAT,+0.0,+69.0,4.2,+0.00,0.00,SLOW,4405.50,4406.54,4403.14,4406.23,0.00,0.00,0.0,BEARISH,340.0,4406.19,4406.19,4406.19,4406.19,56,CLEARED_>=20s,1.0,0.0,0.0,0.0,0.0,0.0,0.0,PASS_<20%,0.00,0.0,NO,STANDBY_VEL_LOW,1,1321.86,3268.14,132.45,FALSE,M1_DIRECTION_MISMATCH
2026-09-07 18:51:56.514,1788807116.514,4393,49,90,4406.19,4406.27,8.0,PASS_<=10c,+0.0,FLAT,+0.0,+69.0,4.2,+0.00,0.00,SLOW,4405.50,4406.54,4403.14,4406.23,0.00,0.00,0.0,BEARISH,340.0,4406.19,4406.19,4406.19,4406.19,56,CLEARED_>=20s,1.0,0.0,0.0,0.0,0.0,0.0,0.0,PASS_<20%,0.00,0.0,NO,STANDBY_VEL_LOW,1,1321.86,3268.14,132.45,FALSE,M1_DIRECTION_MISMATCH
2026-09-07 18:52:02.030,1788807122.030,4394,1,91,4406.19,4406.27,8.0,PASS_<=10c,+0.0,FLAT,+0.0,+69.0,1.5,+0.00,0.00,SLOW,4405.50,4406.54,4403.14,4406.23,0.00,0.00,0.0,BEARISH,340.0,4406.19,4406.19,4406.19,4406.19,2,ACTIVE_2s,1.0,0.0,0.0,0.0,0.0,0.0,0.0,PASS_<20%,0.00,0.0,NO,STANDBY_VEL_LOW,1,1321.86,3268.14,132.45,FALSE,M1_DIRECTION_MISMATCH|OPENING_SHIELD_ACTIVE_2s
2026-09-07 18:52:12.264,1788807132.265,4395,2,92,4406.19,4406.27,8.0,PASS_<=10c,+0.0,FLAT,+0.0,+69.0,1.3,+0.00,0.00,SLOW,4405.50,4406.54,4403.14,4406.23,0.00,0.00,0.0,BEARISH,340.0,4406.19,4406.19,4406.19,4406.19,12,ACTIVE_12s,1.0,0.0,0.0,0.0,0.0,0.0,0.0,PASS_<20%,0.00,0.0,NO,STANDBY_VEL_LOW,1,1321.86,3268.14,132.45,FALSE,M1_DIRECTION_MISMATCH|OPENING_SHIELD_ACTIVE_12s
2026-09-07 18:52:14.480,1788807134.480,4396,3,93,4406.19,4406.27,8.0,PASS_<=10c,+0.0,FLAT,+0.0,+69.0,1.4,+0.00,0.00,SLOW,4405.50,4406.54,4403.14,4406.23,0.00,0.00,0.0,BEARISH,340.0,4406.19,4406.19,4406.19,4406.19,14,ACTIVE_14s,1.0,0.0,0.0,0.0,0.0,0.0,0.0,PASS_<20%,0.00,0.0,NO,STANDBY_VEL_LOW,1,1321.86,3268.14,132.45,FALSE,M1_DIRECTION_MISMATCH|OPENING_SHIELD_ACTIVE_14s
2026-09-07 18:52:14.983,1788807134.984,4397,4,94,4406.19,4406.27,8.0,PASS_<=10c,+0.0,FLAT,+0.0,+69.0,1.8,+0.00,0.00,SLOW,4405.50,4406.54,4403.14,4406.23,0.00,0.00,0.0,BEARISH,340.0,4406.19,4406.19,4406.19,4406.19,14,ACTIVE_14s,1.0,0.0,0.0,0.0,0.0,0.0,0.0,PASS_<20%,0.00,0.0,NO,STANDBY_VEL_LOW,1,1321.86,3268.14,132.45,FALSE,M1_DIRECTION_MISMATCH|OPENING_SHIELD_ACTIVE_14s
2026-09-07 18:52:15.485,1788807135.485,4398,5,95,4406.19,4406.27,8.0,PASS_<=10c,+0.0,FLAT,+0.0,+69.0,2.2,+0.00,0.00,SLOW,4405.50,4406.54,4403.14,4406.23,0.00,0.00,0.0,BEARISH,340.0,4406.19,4406.19,4406.19,4406.19,15,ACTIVE_15s,1.0,0.0,0.0,0.0,0.0,0.0,0.0,PASS_<20%,0.00,0.0,NO,STANDBY_VEL_LOW,1,1321.86,3268.14,132.45,FALSE,M1_DIRECTION_MISMATCH|OPENING_SHIELD_ACTIVE_15s
2026-09-07 18:52:15.986,1788807135.986,4399,6,96,4406.19,4406.27,8.0,PASS_<=10c,+0.0,FLAT,+0.0,+69.0,2.4,+0.00,0.00,SLOW,4405.50,4406.54,4403.14,4406.23,0.00,0.00,0.0,BEARISH,340.0,4406.19,4406.19,4406.19,4406.19,15,ACTIVE_15s,1.0,0.0,0.0,0.0,0.0,0.0,0.0,PASS_<20%,0.00,0.0,NO,STANDBY_VEL_LOW,1,1321.86,3268.14,132.45,FALSE,M1_DIRECTION_MISMATCH|OPENING_SHIELD_ACTIVE_15s
2026-09-07 18:52:16.487,1788807136.487,4400,7,97,4406.19,4406.27,8.0,PASS_<=10c,+0.0,FLAT,+0.0,+69.0,2.6,+0.00,0.00,SLOW,4405.50,4406.54,4403.14,4406.23,0.00,0.00,0.0,BEARISH,340.0,4406.19,4406.19,4406.19,4406.19,16,ACTIVE_16s,1.0,0.0,0.0,0.0,0.0,0.0,0.0,PASS_<20%,0.00,0.0,NO,STANDBY_VEL_LOW,1,1321.86,3268.14,132.45,FALSE,M1_DIRECTION_MISMATCH|OPENING_SHIELD_ACTIVE_16s
2026-09-07 18:52:16.989,1788807136.989,4401,8,98,4406.19,4406.27,8.0,PASS_<=10c,+0.0,FLAT,+0.0,+69.0,2.8,+0.00,0.00,SLOW,4405.50,4406.54,4403.14,4406.23,0.00,0.00,0.0,BEARISH,340.0,4406.19,4406.19,4406.19,4406.19,16,ACTIVE_16s,1.0,0.0,0.0,0.0,0.0,0.0,0.0,PASS_<20%,0.00,0.0,NO,STANDBY_VEL_LOW,1,1321.86,3268.14,132.45,FALSE,M1_DIRECTION_MISMATCH|OPENING_SHIELD_ACTIVE_16s
2026-09-07 18:52:17.490,1788807137.490,4402,9,99,4406.19,4406.27,8.0,PASS_<=10c,+0.0,FLAT,+0.0,+69.0,4.5,+0.00,0.00,SLOW,4405.50,4406.54,4403.14,4406.23,0.00,0.00,0.0,BEARISH,340.0,4406.19,4406.19,4406.19,4406.19,17,ACTIVE_17s,1.0,0.0,0.0,0.0,0.0,0.0,0.0,PASS_<20%,0.00,0.0,NO,STANDBY_VEL_LOW,1,1321.86,3268.14,132.45,FALSE,M1_DIRECTION_MISMATCH|OPENING_SHIELD_ACTIVE_17s
2026-09-07 18:52:17.991,1788807137.992,4403,10,100,4406.19,4406.27,8.0,PASS_<=10c,+0.0,FLAT,+0.0,+69.0,4.4,+0.00,0.00,SLOW,4405.50,4406.54,4403.14,4406.23,0.00,0.00,0.0,BEARISH,340.0,4406.19,4406.19,4406.19,4406.19,17,ACTIVE_17s,1.0,0.0,0.0,0.0,0.0,0.0,0.0,PASS_<20%,0.00,0.0,NO,STANDBY_VEL_LOW,1,1321.86,3268.14,132.45,FALSE,M1_DIRECTION_MISMATCH|OPENING_SHIELD_ACTIVE_17s
2026-09-07 18:52:18.494,1788807138.495,4404,11,101,4406.19,4406.27,8.0,PASS_<=10c,+0.0,FLAT,+0.0,+69.0,4.4,+0.00,0.00,SLOW,4405.50,4406.54,4403.14,4406.23,0.00,0.00,0.0,BEARISH,340.0,4406.19,4406.19,4406.19,4406.19,18,ACTIVE_18s,1.0,0.0,0.0,0.0,0.0,0.0,0.0,PASS_<20%,0.00,0.0,NO,STANDBY_VEL_LOW,1,1321.86,3268.14,132.45,FALSE,M1_DIRECTION_MISMATCH|OPENING_SHIELD_ACTIVE_18s
2026-09-07 18:52:18.995,1788807138.995,4405,12,102,4406.19,4406.27,8.0,PASS_<=10c,+0.0,FLAT,+0.0,+69.0,4.3,+0.00,0.00,SLOW,4405.50,4406.54,4403.14,4406.23,0.00,0.00,0.0,BEARISH,340.0,4406.19,4406.19,4406.19,4406.19,18,ACTIVE_18s,1.0,0.0,0.0,0.0,0.0,0.0,0.0,PASS_<20%,0.00,0.0,NO,STANDBY_VEL_LOW,1,1321.86,3268.14,132.45,FALSE,M1_DIRECTION_MISMATCH|OPENING_SHIELD_ACTIVE_18s
2026-09-07 18:52:19.497,1788807139.498,4406,13,103,4406.19,4406.27,8.0,PASS_<=10c,+0.0,FLAT,+0.0,+69.0,4.2,+0.00,0.00,SLOW,4405.50,4406.54,4403.14,4406.23,0.00,0.00,0.0,BEARISH,340.0,4406.19,4406.19,4406.19,4406.19,19,ACTIVE_19s,1.0,0.0,0.0,0.0,0.0,0.0,0.0,PASS_<20%,0.00,0.0,NO,STANDBY_VEL_LOW,1,1321.86,3268.14,132.45,FALSE,M1_DIRECTION_MISMATCH|OPENING_SHIELD_ACTIVE_19s
2026-09-07 18:52:20.000,1788807140.000,4407,14,104,4406.19,4406.27,8.0,PASS_<=10c,+0.0,FLAT,+0.0,+69.0,4.2,+0.00,0.00,SLOW,4405.50,4406.54,4403.14,4406.23,0.00,0.00,0.0,BEARISH,340.0,4406.19,4406.19,4406.19,4406.19,20,CLEARED_>=20s,1.0,0.0,0.0,0.0,0.0,0.0,0.0,PASS_<20%,0.00,0.0,NO,STANDBY_VEL_LOW,1,1321.86,3268.14,132.45,FALSE,M1_DIRECTION_MISMATCH|OPENING_SHIELD_ACTIVE_19s
2026-09-07 18:52:20.501,1788807140.501,4408,15,105,4406.19,4406.27,8.0,PASS_<=10c,+0.0,FLAT,+0.0,+69.0,4.2,+0.00,0.00,SLOW,4405.50,4406.54,4403.14,4406.23,0.00,0.00,0.0,BEARISH,340.0,4406.19,4406.19,4406.19,4406.19,20,CLEARED_>=20s,1.0,0.0,0.0,0.0,0.0,0.0,0.0,PASS_<20%,0.00,0.0,NO,STANDBY_VEL_LOW,1,1321.86,3268.14,132.45,FALSE,M1_DIRECTION_MISMATCH
2026-09-07 18:52:21.003,1788807141.003,4409,16,106,4406.19,4406.27,8.0,PASS_<=10c,+0.0,FLAT,+0.0,+69.0,4.2,+0.00,0.00,SLOW,4405.50,4406.54,4403.14,4406.23,0.00,0.00,0.0,BEARISH,340.0,4406.19,4406.19,4406.19,4406.19,21,CLEARED_>=20s,1.0,0.0,0.0,0.0,0.0,0.0,0.0,PASS_<20%,0.00,0.0,NO,STANDBY_VEL_LOW,1,1321.86,3268.14,132.45,FALSE,M1_DIRECTION_MISMATCH
2026-09-07 18:52:21.504,1788807141.504,4410,17,107,4406.19,4406.27,8.0,PASS_<=10c,+0.0,FLAT,+0.0,+69.0,4.2,+0.00,0.00,SLOW,4405.50,4406.54,4403.14,4406.23,0.00,0.00,0.0,BEARISH,340.0,4406.19,4406.19,4406.19,4406.19,21,CLEARED_>=20s,1.0,0.0,0.0,0.0,0.0,0.0,0.0,PASS_<20%,0.00,0.0,NO,STANDBY_VEL_LOW,1,1321.86,3268.14,132.45,FALSE,M1_DIRECTION_MISMATCH
2026-09-07 18:52:22.006,1788807142.006,4411,18,108,4406.19,4406.27,8.0,PASS_<=10c,+0.0,FLAT,+0.0,+69.0,4.2,+0.00,0.00,SLOW,4405.50,4406.54,4403.14,4406.23,0.00,0.00,0.0,BEARISH,340.0,4406.19,4406.19,4406.19,4406.19,22,CLEARED_>=20s,1.0,0.0,0.0,0.0,0.0,0.0,0.0,PASS_<20%,0.00,0.0,NO,STANDBY_VEL_LOW,1,1321.86,3268.14,132.45,FALSE,M1_DIRECTION_MISMATCH
2026-09-07 18:52:27.519,1788807147.520,4412,19,109,4406.19,4406.27,8.0,PASS_<=10c,+0.0,FLAT,+0.0,+69.0,1.5,+0.00,0.00,SLOW,4405.50,4406.54,4403.14,4406.23,0.00,0.00,0.0,BEARISH,340.0,4406.19,4406.19,4406.19,4406.19,27,CLEARED_>=20s,1.0,0.0,0.0,0.0,0.0,0.0,0.0,PASS_<20%,0.00,0.0,NO,STANDBY_VEL_LOW,1,1321.86,3268.14,132.45,FALSE,M1_DIRECTION_MISMATCH
2026-09-07 18:52:37.804,1788807157.805,4413,20,110,4406.19,4406.27,8.0,PASS_<=10c,+0.0,FLAT,+0.0,+69.0,1.3,+0.00,0.00,SLOW,4405.50,4406.54,4403.14,4406.23,0.00,0.00,0.0,BEARISH,340.0,4406.19,4406.19,4406.19,4406.19,37,CLEARED_>=20s,1.0,0.0,0.0,0.0,0.0,0.0,0.0,PASS_<20%,0.00,0.0,NO,STANDBY_VEL_LOW,1,1321.86,3268.14,132.45,FALSE,M1_DIRECTION_MISMATCH
2026-09-07 18:52:39.413,1788807159.414,4414,21,111,4406.19,4406.27,8.0,PASS_<=10c,+0.0,FLAT,+0.0,+69.0,1.9,+0.00,0.00,SLOW,4405.50,4406.54,4403.14,4406.23,0.00,0.00,0.0,BEARISH,340.0,4406.19,4406.19,4406.19,4406.19,39,CLEARED_>=20s,1.0,0.0,0.0,0.0,0.0,0.0,0.0,PASS_<20%,0.00,0.0,NO,STANDBY_VEL_LOW,1,1321.86,3268.14,132.45,FALSE,M1_DIRECTION_MISMATCH
2026-09-07 18:52:39.916,1788807159.916,4415,22,112,4406.19,4406.27,8.0,PASS_<=10c,+0.0,FLAT,+0.0,+69.0,2.4,+0.00,0.00,SLOW,4405.50,4406.54,4403.14,4406.23,0.00,0.00,0.0,BEARISH,340.0,4406.19,4406.19,4406.19,4406.19,39,CLEARED_>=20s,1.0,0.0,0.0,0.0,0.0,0.0,0.0,PASS_<20%,0.00,0.0,NO,STANDBY_VEL_LOW,1,1321.86,3268.14,132.45,FALSE,M1_DIRECTION_MISMATCH
2026-09-07 18:52:40.419,1788807160.420,4416,23,113,4406.19,4406.27,8.0,PASS_<=10c,+0.0,FLAT,+0.0,+69.0,2.7,+0.00,0.00,SLOW,4405.50,4406.54,4403.14,4406.23,0.00,0.00,0.0,BEARISH,340.0,4406.19,4406.19,4406.19,4406.19,40,CLEARED_>=20s,1.0,0.0,0.0,0.0,0.0,0.0,0.0,PASS_<20%,0.00,0.0,NO,STANDBY_VEL_LOW,1,1321.86,3268.14,132.45,FALSE,M1_DIRECTION_MISMATCH
2026-09-07 18:52:40.918,1788807160.919,4417,24,114,4406.19,4406.27,8.0,PASS_<=10c,+0.0,FLAT,+0.0,+69.0,2.9,+0.00,0.00,SLOW,4405.50,4406.54,4403.14,4406.23,0.00,0.00,0.0,BEARISH,340.0,4406.19,4406.19,4406.19,4406.19,40,CLEARED_>=20s,1.0,0.0,0.0,0.0,0.0,0.0,0.0,PASS_<20%,0.00,0.0,NO,STANDBY_VEL_LOW,1,1321.86,3268.14,132.45,FALSE,M1_DIRECTION_MISMATCH
2026-09-07 18:52:41.419,1788807161.420,4418,25,115,4406.19,4406.27,8.0,PASS_<=10c,+0.0,FLAT,+0.0,+69.0,3.0,+0.00,0.00,SLOW,4405.50,4406.54,4403.14,4406.23,0.00,0.00,0.0,BEARISH,340.0,4406.19,4406.19,4406.19,4406.19,41,CLEARED_>=20s,1.0,0.0,0.0,0.0,0.0,0.0,0.0,PASS_<20%,0.00,0.0,NO,STANDBY_VEL_LOW,1,1321.86,3268.14,132.45,FALSE,M1_DIRECTION_MISMATCH
2026-09-07 18:52:41.922,1788807161.922,4419,26,116,4406.19,4406.27,8.0,PASS_<=10c,+0.0,FLAT,+0.0,+69.0,3.2,+0.00,0.00,SLOW,4405.50,4406.54,4403.14,4406.23,0.00,0.00,0.0,BEARISH,340.0,4406.19,4406.19,4406.19,4406.19,41,CLEARED_>=20s,1.0,0.0,0.0,0.0,0.0,0.0,0.0,PASS_<20%,0.00,0.0,NO,STANDBY_VEL_LOW,1,1321.86,3268.14,132.45,FALSE,M1_DIRECTION_MISMATCH
2026-09-07 18:52:42.423,1788807162.423,4420,27,117,4406.19,4406.27,8.0,PASS_<=10c,+0.0,FLAT,+0.0,+69.0,3.2,+0.00,0.00,SLOW,4405.50,4406.54,4403.14,4406.23,0.00,0.00,0.0,BEARISH,340.0,4406.19,4406.19,4406.19,4406.19,42,CLEARED_>=20s,1.0,0.0,0.0,0.0,0.0,0.0,0.0,PASS_<20%,0.00,0.0,NO,STANDBY_VEL_LOW,1,1321.86,3268.14,132.45,FALSE,M1_DIRECTION_MISMATCH
2026-09-07 18:52:42.925,1788807162.925,4421,28,118,4406.19,4406.27,8.0,PASS_<=10c,+0.0,FLAT,+0.0,+69.0,4.4,+0.00,0.00,SLOW,4405.50,4406.54,4403.14,4406.23,0.00,0.00,0.0,BEARISH,340.0,4406.19,4406.19,4406.19,4406.19,42,CLEARED_>=20s,1.0,0.0,0.0,0.0,0.0,0.0,0.0,PASS_<20%,0.00,0.0,NO,STANDBY_VEL_LOW,1,1321.86,3268.14,132.45,FALSE,M1_DIRECTION_MISMATCH
2026-09-07 18:52:43.426,1788807163.426,4422,29,119,4406.19,4406.27,8.0,PASS_<=10c,+0.0,FLAT,+0.0,+69.0,4.4,+0.00,0.00,SLOW,4405.50,4406.54,4403.14,4406.23,0.00,0.00,0.0,BEARISH,340.0,4406.19,4406.19,4406.19,4406.19,43,CLEARED_>=20s,1.0,0.0,0.0,0.0,0.0,0.0,0.0,PASS_<20%,0.00,0.0,NO,STANDBY_VEL_LOW,1,1321.86,3268.14,132.45,FALSE,M1_DIRECTION_MISMATCH
2026-09-07 18:52:43.928,1788807163.928,4423,30,120,4406.19,4406.27,8.0,PASS_<=10c,+0.0,FLAT,+0.0,+69.0,4.3,+0.00,0.00,SLOW,4405.50,4406.54,4403.14,4406.23,0.00,0.00,0.0,BEARISH,340.0,4406.19,4406.19,4406.19,4406.19,43,CLEARED_>=20s,1.0,0.0,0.0,0.0,0.0,0.0,0.0,PASS_<20%,0.00,0.0,NO,STANDBY_VEL_LOW,1,1321.86,3268.14,132.45,FALSE,M1_DIRECTION_MISMATCH
2026-09-07 18:52:44.430,1788807164.430,4424,31,121,4406.19,4406.27,8.0,PASS_<=10c,+0.0,FLAT,+0.0,+69.0,4.2,+0.00,0.00,SLOW,4405.50,4406.54,4403.14,4406.23,0.00,0.00,0.0,BEARISH,340.0,4406.19,4406.19,4406.19,4406.19,44,CLEARED_>=20s,1.0,0.0,0.0,0.0,0.0,0.0,0.0,PASS_<20%,0.00,0.0,NO,STANDBY_VEL_LOW,1,1321.86,3268.14,132.45,FALSE,M1_DIRECTION_MISMATCH
2026-09-07 18:52:44.932,1788807164.933,4425,32,122,4406.19,4406.27,8.0,PASS_<=10c,+0.0,FLAT,+0.0,+69.0,4.2,+0.00,0.00,SLOW,4405.50,4406.54,4403.14,4406.23,0.00,0.00,0.0,BEARISH,340.0,4406.19,4406.19,4406.19,4406.19,44,CLEARED_>=20s,1.0,0.0,0.0,0.0,0.0,0.0,0.0,PASS_<20%,0.00,0.0,NO,STANDBY_VEL_LOW,1,1321.86,3268.14,132.45,FALSE,M1_DIRECTION_MISMATCH
2026-09-07 18:52:45.434,1788807165.434,4426,33,123,4406.19,4406.27,8.0,PASS_<=10c,+0.0,FLAT,+0.0,+69.0,4.2,+0.00,0.00,SLOW,4405.50,4406.54,4403.14,4406.23,0.00,0.00,0.0,BEARISH,340.0,4406.19,4406.19,4406.19,4406.19,45,CLEARED_>=20s,1.0,0.0,0.0,0.0,0.0,0.0,0.0,PASS_<20%,0.00,0.0,NO,STANDBY_VEL_LOW,1,1321.86,3268.14,132.45,FALSE,M1_DIRECTION_MISMATCH
2026-09-07 18:52:45.935,1788807165.936,4427,34,124,4406.19,4406.27,8.0,PASS_<=10c,+0.0,FLAT,+0.0,+69.0,4.2,+0.00,0.00,SLOW,4405.50,4406.54,4403.14,4406.23,0.00,0.00,0.0,BEARISH,340.0,4406.19,4406.19,4406.19,4406.19,45,CLEARED_>=20s,1.0,0.0,0.0,0.0,0.0,0.0,0.0,PASS_<20%,0.00,0.0,NO,STANDBY_VEL_LOW,1,1321.86,3268.14,132.45,FALSE,M1_DIRECTION_MISMATCH
2026-09-07 18:52:46.438,1788807166.438,4428,35,125,4406.19,4406.27,8.0,PASS_<=10c,+0.0,FLAT,+0.0,+69.0,4.2,+0.00,0.00,SLOW,4405.50,4406.54,4403.14,4406.23,0.00,0.00,0.0,BEARISH,340.0,4406.19,4406.19,4406.19,4406.19,46,CLEARED_>=20s,1.0,0.0,0.0,0.0,0.0,0.0,0.0,PASS_<20%,0.00,0.0,NO,STANDBY_VEL_LOW,1,1321.86,3268.14,132.45,FALSE,M1_DIRECTION_MISMATCH
2026-09-07 18:52:46.939,1788807166.940,4429,36,126,4406.19,4406.27,8.0,PASS_<=10c,+0.0,FLAT,+0.0,+69.0,4.2,+0.00,0.00,SLOW,4405.50,4406.54,4403.14,4406.23,0.00,0.00,0.0,BEARISH,340.0,4406.19,4406.19,4406.19,4406.19,46,CLEARED_>=20s,1.0,0.0,0.0,0.0,0.0,0.0,0.0,PASS_<20%,0.00,0.0,NO,STANDBY_VEL_LOW,1,1321.86,3268.14,132.45,FALSE,M1_DIRECTION_MISMATCH
2026-09-07 18:52:52.457,1788807172.457,4430,37,127,4406.19,4406.27,8.0,PASS_<=10c,+0.0,FLAT,+0.0,+69.0,1.5,+0.00,0.00,SLOW,4405.50,4406.54,4403.14,4406.23,0.00,0.00,0.0,BEARISH,340.0,4406.19,4406.19,4406.19,4406.19,52,CLEARED_>=20s,1.0,0.0,0.0,0.0,0.0,0.0,0.0,PASS_<20%,0.00,0.0,NO,STANDBY_VEL_LOW,1,1321.86,3268.14,132.45,FALSE,M1_DIRECTION_MISMATCH
2026-09-07 18:53:02.693,1788807182.693,4431,1,128,4406.19,4406.27,8.0,PASS_<=10c,+0.0,FLAT,+0.0,+69.0,1.3,+0.00,0.00,SLOW,4405.50,4406.54,4403.14,4406.23,0.00,0.00,0.0,BEARISH,340.0,4406.19,4406.19,4406.19,4406.19,2,ACTIVE_2s,1.0,0.0,0.0,0.0,0.0,0.0,0.0,PASS_<20%,0.00,0.0,NO,STANDBY_VEL_LOW,1,1321.86,3268.14,132.45,FALSE,M1_DIRECTION_MISMATCH|OPENING_SHIELD_ACTIVE_2s
2026-09-07 18:53:04.905,1788807184.905,4432,2,129,4406.19,4406.27,8.0,PASS_<=10c,+0.0,FLAT,+0.0,+69.0,1.4,+0.00,0.00,SLOW,4405.50,4406.54,4403.14,4406.23,0.00,0.00,0.0,BEARISH,340.0,4406.19,4406.19,4406.19,4406.19,4,ACTIVE_4s,1.0,0.0,0.0,0.0,0.0,0.0,0.0,PASS_<20%,0.00,0.0,NO,STANDBY_VEL_LOW,1,1321.86,3268.14,132.45,FALSE,M1_DIRECTION_MISMATCH|OPENING_SHIELD_ACTIVE_4s
2026-09-07 18:53:05.407,1788807185.407,4433,3,130,4406.19,4406.27,8.0,PASS_<=10c,+0.0,FLAT,+0.0,+69.0,1.8,+0.00,0.00,SLOW,4405.50,4406.54,4403.14,4406.23,0.00,0.00,0.0,BEARISH,340.0,4406.19,4406.19,4406.19,4406.19,5,ACTIVE_5s,1.0,0.0,0.0,0.0,0.0,0.0,0.0,PASS_<20%,0.00,0.0,NO,STANDBY_VEL_LOW,1,1321.86,3268.14,132.45,FALSE,M1_DIRECTION_MISMATCH|OPENING_SHIELD_ACTIVE_5s
2026-09-07 18:53:05.909,1788807185.909,4434,4,131,4406.19,4406.27,8.0,PASS_<=10c,+0.0,FLAT,+0.0,+69.0,2.2,+0.00,0.00,SLOW,4405.50,4406.54,4403.14,4406.23,0.00,0.00,0.0,BEARISH,340.0,4406.19,4406.19,4406.19,4406.19,5,ACTIVE_5s,1.0,0.0,0.0,0.0,0.0,0.0,0.0,PASS_<20%,0.00,0.0,NO,STANDBY_VEL_LOW,1,1321.86,3268.14,132.45,FALSE,M1_DIRECTION_MISMATCH|OPENING_SHIELD_ACTIVE_5s
2026-09-07 18:53:06.411,1788807186.411,4435,5,132,4406.19,4406.27,8.0,PASS_<=10c,+0.0,FLAT,+0.0,+69.0,2.4,+0.00,0.00,SLOW,4405.50,4406.54,4403.14,4406.23,0.00,0.00,0.0,BEARISH,340.0,4406.19,4406.19,4406.19,4406.19,6,ACTIVE_6s,1.0,0.0,0.0,0.0,0.0,0.0,0.0,PASS_<20%,0.00,0.0,NO,STANDBY_VEL_LOW,1,1321.86,3268.14,132.45,FALSE,M1_DIRECTION_MISMATCH|OPENING_SHIELD_ACTIVE_6s
2026-09-07 18:53:06.912,1788807186.913,4436,6,133,4406.19,4406.27,8.0,PASS_<=10c,+0.0,FLAT,+0.0,+69.0,2.6,+0.00,0.00,SLOW,4405.50,4406.54,4403.14,4406.23,0.00,0.00,0.0,BEARISH,340.0,4406.19,4406.19,4406.19,4406.19,6,ACTIVE_6s,1.0,0.0,0.0,0.0,0.0,0.0,0.0,PASS_<20%,0.00,0.0,NO,STANDBY_VEL_LOW,1,1321.86,3268.14,132.45,FALSE,M1_DIRECTION_MISMATCH|OPENING_SHIELD_ACTIVE_6s
2026-09-07 18:53:07.414,1788807187.415,4437,7,134,4406.19,4406.27,8.0,PASS_<=10c,+0.0,FLAT,+0.0,+69.0,2.8,+0.00,0.00,SLOW,4405.50,4406.54,4403.14,4406.23,0.00,0.00,0.0,BEARISH,340.0,4406.19,4406.19,4406.19,4406.19,7,ACTIVE_7s,1.0,0.0,0.0,0.0,0.0,0.0,0.0,PASS_<20%,0.00,0.0,NO,STANDBY_VEL_LOW,1,1321.86,3268.14,132.45,FALSE,M1_DIRECTION_MISMATCH|OPENING_SHIELD_ACTIVE_7s
2026-09-07 18:53:07.916,1788807187.916,4438,8,135,4406.19,4406.27,8.0,PASS_<=10c,+0.0,FLAT,+0.0,+69.0,4.5,+0.00,0.00,SLOW,4405.50,4406.54,4403.14,4406.23,0.00,0.00,0.0,BEARISH,340.0,4406.19,4406.19,4406.19,4406.19,7,ACTIVE_7s,1.0,0.0,0.0,0.0,0.0,0.0,0.0,PASS_<20%,0.00,0.0,NO,STANDBY_VEL_LOW,1,1321.86,3268.14,132.45,FALSE,M1_DIRECTION_MISMATCH|OPENING_SHIELD_ACTIVE_7s
2026-09-07 18:53:08.418,1788807188.418,4439,9,136,4406.19,4406.27,8.0,PASS_<=10c,+0.0,FLAT,+0.0,+69.0,4.4,+0.00,0.00,SLOW,4405.50,4406.54,4403.14,4406.23,0.00,0.00,0.0,BEARISH,340.0,4406.19,4406.19,4406.19,4406.19,8,ACTIVE_8s,1.0,0.0,0.0,0.0,0.0,0.0,0.0,PASS_<20%,0.00,0.0,NO,STANDBY_VEL_LOW,1,1321.86,3268.14,132.45,FALSE,M1_DIRECTION_MISMATCH|OPENING_SHIELD_ACTIVE_8s
2026-09-07 18:53:08.920,1788807188.920,4440,10,137,4406.19,4406.27,8.0,PASS_<=10c,+0.0,FLAT,+0.0,+69.0,4.4,+0.00,0.00,SLOW,4405.50,4406.54,4403.14,4406.23,0.00,0.00,0.0,BEARISH,340.0,4406.19,4406.19,4406.19,4406.19,8,ACTIVE_8s,1.0,0.0,0.0,0.0,0.0,0.0,0.0,PASS_<20%,0.00,0.0,NO,STANDBY_VEL_LOW,1,1321.86,3268.14,132.45,FALSE,M1_DIRECTION_MISMATCH|OPENING_SHIELD_ACTIVE_8s
2026-09-07 18:53:09.421,1788807189.422,4441,11,138,4406.19,4406.27,8.0,PASS_<=10c,+0.0,FLAT,+0.0,+69.0,4.3,+0.00,0.00,SLOW,4405.50,4406.54,4403.14,4406.23,0.00,0.00,0.0,BEARISH,340.0,4406.19,4406.19,4406.19,4406.19,9,ACTIVE_9s,1.0,0.0,0.0,0.0,0.0,0.0,0.0,PASS_<20%,0.00,0.0,NO,STANDBY_VEL_LOW,1,1321.86,3268.14,132.45,FALSE,M1_DIRECTION_MISMATCH|OPENING_SHIELD_ACTIVE_9s
2026-09-07 18:53:09.924,1788807189.924,4442,12,139,4406.19,4406.27,8.0,PASS_<=10c,+0.0,FLAT,+0.0,+69.0,4.2,+0.00,0.00,SLOW,4405.50,4406.54,4403.14,4406.23,0.00,0.00,0.0,BEARISH,340.0,4406.19,4406.19,4406.19,4406.19,9,ACTIVE_9s,1.0,0.0,0.0,0.0,0.0,0.0,0.0,PASS_<20%,0.00,0.0,NO,STANDBY_VEL_LOW,1,1321.86,3268.14,132.45,FALSE,M1_DIRECTION_MISMATCH|OPENING_SHIELD_ACTIVE_9s
2026-09-07 18:53:10.426,1788807190.427,4443,13,140,4406.19,4406.27,8.0,PASS_<=10c,+0.0,FLAT,+0.0,+69.0,4.2,+0.00,0.00,SLOW,4405.50,4406.54,4403.14,4406.23,0.00,0.00,0.0,BEARISH,340.0,4406.19,4406.19,4406.19,4406.19,10,ACTIVE_10s,1.0,0.0,0.0,0.0,0.0,0.0,0.0,PASS_<20%,0.00,0.0,NO,STANDBY_VEL_LOW,1,1321.86,3268.14,132.45,FALSE,M1_DIRECTION_MISMATCH|OPENING_SHIELD_ACTIVE_10s
2026-09-07 18:53:10.929,1788807190.929,4444,14,141,4406.19,4406.27,8.0,PASS_<=10c,+0.0,FLAT,+0.0,+69.0,4.2,+0.00,0.00,SLOW,4405.50,4406.54,4403.14,4406.23,0.00,0.00,0.0,BEARISH,340.0,4406.19,4406.19,4406.19,4406.19,10,ACTIVE_10s,1.0,0.0,0.0,0.0,0.0,0.0,0.0,PASS_<20%,0.00,0.0,NO,STANDBY_VEL_LOW,1,1321.86,3268.14,132.45,FALSE,M1_DIRECTION_MISMATCH|OPENING_SHIELD_ACTIVE_10s
2026-09-07 18:53:11.430,1788807191.430,4445,15,142,4406.19,4406.27,8.0,PASS_<=10c,+0.0,FLAT,+0.0,+69.0,4.2,+0.00,0.00,SLOW,4405.50,4406.54,4403.14,4406.23,0.00,0.00,0.0,BEARISH,340.0,4406.19,4406.19,4406.19,4406.19,11,ACTIVE_11s,1.0,0.0,0.0,0.0,0.0,0.0,0.0,PASS_<20%,0.00,0.0,NO,STANDBY_VEL_LOW,1,1321.86,3268.14,132.45,FALSE,M1_DIRECTION_MISMATCH|OPENING_SHIELD_ACTIVE_11s
2026-09-07 18:53:11.931,1788807191.931,4446,16,143,4406.19,4406.27,8.0,PASS_<=10c,+0.0,FLAT,+0.0,+69.0,4.2,+0.00,0.00,SLOW,4405.50,4406.54,4403.14,4406.23,0.00,0.00,0.0,BEARISH,340.0,4406.19,4406.19,4406.19,4406.19,11,ACTIVE_11s,1.0,0.0,0.0,0.0,0.0,0.0,0.0,PASS_<20%,0.00,0.0,NO,STANDBY_VEL_LOW,1,1321.86,3268.14,132.45,FALSE,M1_DIRECTION_MISMATCH|OPENING_SHIELD_ACTIVE_11s
2026-09-07 18:53:12.432,1788807192.433,4447,17,144,4406.19,4406.27,8.0,PASS_<=10c,+0.0,FLAT,+0.0,+69.0,4.2,+0.00,0.00,SLOW,4405.50,4406.54,4403.14,4406.23,0.00,0.00,0.0,BEARISH,340.0,4406.19,4406.19,4406.19,4406.19,12,ACTIVE_12s,1.0,0.0,0.0,0.0,0.0,0.0,0.0,PASS_<20%,0.00,0.0,NO,STANDBY_VEL_LOW,1,1321.86,3268.14,132.45,FALSE,M1_DIRECTION_MISMATCH|OPENING_SHIELD_ACTIVE_12s
2026-09-07 18:53:17.971,1788807197.971,4448,18,145,4406.19,4406.27,8.0,PASS_<=10c,+0.0,FLAT,+0.0,+69.0,1.5,+0.00,0.00,SLOW,4405.50,4406.54,4403.14,4406.23,0.00,0.00,0.0,BEARISH,340.0,4406.19,4406.19,4406.19,4406.19,17,ACTIVE_17s,1.0,0.0,0.0,0.0,0.0,0.0,0.0,PASS_<20%,0.00,0.0,NO,STANDBY_VEL_LOW,1,1321.86,3268.14,132.45,FALSE,M1_DIRECTION_MISMATCH|OPENING_SHIELD_ACTIVE_17s
2026-09-07 18:53:28.231,1788807208.231,4449,19,146,4406.19,4406.27,8.0,PASS_<=10c,+0.0,FLAT,+0.0,+69.0,1.3,+0.00,0.00,SLOW,4405.50,4406.54,4403.14,4406.23,0.00,0.00,0.0,BEARISH,340.0,4406.19,4406.19,4406.19,4406.19,28,CLEARED_>=20s,1.0,0.0,0.0,0.0,0.0,0.0,0.0,PASS_<20%,0.00,0.0,NO,STANDBY_VEL_LOW,1,1321.86,3268.14,132.45,FALSE,M1_DIRECTION_MISMATCH
2026-09-07 18:53:29.842,1788807209.842,4450,20,147,4406.19,4406.27,8.0,PASS_<=10c,+0.0,FLAT,+0.0,+69.0,1.9,+0.00,0.00,SLOW,4405.50,4406.54,4403.14,4406.23,0.00,0.00,0.0,BEARISH,340.0,4406.19,4406.19,4406.19,4406.19,29,CLEARED_>=20s,1.0,0.0,0.0,0.0,0.0,0.0,0.0,PASS_<20%,0.00,0.0,NO,STANDBY_VEL_LOW,1,1321.86,3268.14,132.45,FALSE,M1_DIRECTION_MISMATCH
2026-09-07 18:53:30.343,1788807210.344,4451,21,148,4406.19,4406.27,8.0,PASS_<=10c,+0.0,FLAT,+0.0,+69.0,2.4,+0.00,0.00,SLOW,4405.50,4406.54,4403.14,4406.23,0.00,0.00,0.0,BEARISH,340.0,4406.19,4406.19,4406.19,4406.19,30,CLEARED_>=20s,1.0,0.0,0.0,0.0,0.0,0.0,0.0,PASS_<20%,0.00,0.0,NO,STANDBY_VEL_LOW,1,1321.86,3268.14,132.45,FALSE,M1_DIRECTION_MISMATCH
2026-09-07 18:53:30.846,1788807210.847,4452,22,149,4406.19,4406.27,8.0,PASS_<=10c,+0.0,FLAT,+0.0,+69.0,2.7,+0.00,0.00,SLOW,4405.50,4406.54,4403.14,4406.23,0.00,0.00,0.0,BEARISH,340.0,4406.19,4406.19,4406.19,4406.19,30,CLEARED_>=20s,1.0,0.0,0.0,0.0,0.0,0.0,0.0,PASS_<20%,0.00,0.0,NO,STANDBY_VEL_LOW,1,1321.86,3268.14,132.45,FALSE,M1_DIRECTION_MISMATCH
2026-09-07 18:53:31.346,1788807211.347,4453,23,150,4406.19,4406.27,8.0,PASS_<=10c,+0.0,FLAT,+0.0,+69.0,2.9,+0.00,0.00,SLOW,4405.50,4406.54,4403.14,4406.23,0.00,0.00,0.0,BEARISH,340.0,4406.19,4406.19,4406.19,4406.19,31,CLEARED_>=20s,1.0,0.0,0.0,0.0,0.0,0.0,0.0,PASS_<20%,0.00,0.0,NO,STANDBY_VEL_LOW,1,1321.86,3268.14,132.45,FALSE,M1_DIRECTION_MISMATCH
2026-09-07 18:53:31.848,1788807211.848,4454,24,151,4406.19,4406.27,8.0,PASS_<=10c,+0.0,FLAT,+0.0,+69.0,3.0,+0.00,0.00,SLOW,4405.50,4406.54,4403.14,4406.23,0.00,0.00,0.0,BEARISH,340.0,4406.19,4406.19,4406.19,4406.19,31,CLEARED_>=20s,1.0,0.0,0.0,0.0,0.0,0.0,0.0,PASS_<20%,0.00,0.0,NO,STANDBY_VEL_LOW,1,1321.86,3268.14,132.45,FALSE,M1_DIRECTION_MISMATCH
2026-09-07 18:53:32.349,1788807212.350,4455,25,152,4406.19,4406.27,8.0,PASS_<=10c,+0.0,FLAT,+0.0,+69.0,3.2,+0.00,0.00,SLOW,4405.50,4406.54,4403.14,4406.23,0.00,0.00,0.0,BEARISH,340.0,4406.19,4406.19,4406.19,4406.19,32,CLEARED_>=20s,1.0,0.0,0.0,0.0,0.0,0.0,0.0,PASS_<20%,0.00,0.0,NO,STANDBY_VEL_LOW,1,1321.86,3268.14,132.45,FALSE,M1_DIRECTION_MISMATCH
2026-09-07 18:53:32.852,1788807212.852,4456,26,153,4406.19,4406.27,8.0,PASS_<=10c,+0.0,FLAT,+0.0,+69.0,3.2,+0.00,0.00,SLOW,4405.50,4406.54,4403.14,4406.23,0.00,0.00,0.0,BEARISH,340.0,4406.19,4406.19,4406.19,4406.19,32,CLEARED_>=20s,1.0,0.0,0.0,0.0,0.0,0.0,0.0,PASS_<20%,0.00,0.0,NO,STANDBY_VEL_LOW,1,1321.86,3268.14,132.45,FALSE,M1_DIRECTION_MISMATCH
2026-09-07 18:53:33.354,1788807213.354,4457,27,154,4406.19,4406.27,8.0,PASS_<=10c,+0.0,FLAT,+0.0,+69.0,4.4,+0.00,0.00,SLOW,4405.50,4406.54,4403.14,4406.23,0.00,0.00,0.0,BEARISH,340.0,4406.19,4406.19,4406.19,4406.19,33,CLEARED_>=20s,1.0,0.0,0.0,0.0,0.0,0.0,0.0,PASS_<20%,0.00,0.0,NO,STANDBY_VEL_LOW,1,1321.86,3268.14,132.45,FALSE,M1_DIRECTION_MISMATCH
2026-09-07 18:53:33.855,1788807213.855,4458,28,155,4406.19,4406.27,8.0,PASS_<=10c,+0.0,FLAT,+0.0,+69.0,4.4,+0.00,0.00,SLOW,4405.50,4406.54,4403.14,4406.23,0.00,0.00,0.0,BEARISH,340.0,4406.19,4406.19,4406.19,4406.19,33,CLEARED_>=20s,1.0,0.0,0.0,0.0,0.0,0.0,0.0,PASS_<20%,0.00,0.0,NO,STANDBY_VEL_LOW,1,1321.86,3268.14,132.45,FALSE,M1_DIRECTION_MISMATCH
2026-09-07 18:53:34.357,1788807214.357,4459,29,156,4406.19,4406.27,8.0,PASS_<=10c,+0.0,FLAT,+0.0,+69.0,4.3,+0.00,0.00,SLOW,4405.50,4406.54,4403.14,4406.23,0.00,0.00,0.0,BEARISH,340.0,4406.19,4406.19,4406.19,4406.19,34,CLEARED_>=20s,1.0,0.0,0.0,0.0,0.0,0.0,0.0,PASS_<20%,0.00,0.0,NO,STANDBY_VEL_LOW,1,1321.86,3268.14,132.45,FALSE,M1_DIRECTION_MISMATCH
2026-09-07 18:53:34.858,1788807214.859,4460,30,157,4406.19,4406.27,8.0,PASS_<=10c,+0.0,FLAT,+0.0,+69.0,4.2,+0.00,0.00,SLOW,4405.50,4406.54,4403.14,4406.23,0.00,0.00,0.0,BEARISH,340.0,4406.19,4406.19,4406.19,4406.19,34,CLEARED_>=20s,1.0,0.0,0.0,0.0,0.0,0.0,0.0,PASS_<20%,0.00,0.0,NO,STANDBY_VEL_LOW,1,1321.86,3268.14,132.45,FALSE,M1_DIRECTION_MISMATCH
2026-09-07 18:53:35.366,1788807215.366,4461,31,158,4406.19,4406.27,8.0,PASS_<=10c,+0.0,FLAT,+0.0,+69.0,4.2,+0.00,0.00,SLOW,4405.50,4406.54,4403.14,4406.23,0.00,0.00,0.0,BEARISH,340.0,4406.19,4406.19,4406.19,4406.19,35,CLEARED_>=20s,1.0,0.0,0.0,0.0,0.0,0.0,0.0,PASS_<20%,0.00,0.0,NO,STANDBY_VEL_LOW,1,1321.86,3268.14,132.45,FALSE,M1_DIRECTION_MISMATCH
2026-09-07 18:53:35.862,1788807215.863,4462,32,159,4406.19,4406.27,8.0,PASS_<=10c,+0.0,FLAT,+0.0,+69.0,4.2,+0.00,0.00,SLOW,4405.50,4406.54,4403.14,4406.23,0.00,0.00,0.0,BEARISH,340.0,4406.19,4406.19,4406.19,4406.19,35,CLEARED_>=20s,1.0,0.0,0.0,0.0,0.0,0.0,0.0,PASS_<20%,0.00,0.0,NO,STANDBY_VEL_LOW,1,1321.86,3268.14,132.45,FALSE,M1_DIRECTION_MISMATCH
2026-09-07 18:53:36.364,1788807216.365,4463,33,160,4406.19,4406.27,8.0,PASS_<=10c,+0.0,FLAT,+0.0,+69.0,4.2,+0.00,0.00,SLOW,4405.50,4406.54,4403.14,4406.23,0.00,0.00,0.0,BEARISH,340.0,4406.19,4406.19,4406.19,4406.19,36,CLEARED_>=20s,1.0,0.0,0.0,0.0,0.0,0.0,0.0,PASS_<20%,0.00,0.0,NO,STANDBY_VEL_LOW,1,1321.86,3268.14,132.45,FALSE,M1_DIRECTION_MISMATCH
2026-09-07 18:53:36.865,1788807216.866,4464,34,161,4406.19,4406.27,8.0,PASS_<=10c,+0.0,FLAT,+0.0,+69.0,4.2,+0.00,0.00,SLOW,4405.50,4406.54,4403.14,4406.23,0.00,0.00,0.0,BEARISH,340.0,4406.19,4406.19,4406.19,4406.19,36,CLEARED_>=20s,1.0,0.0,0.0,0.0,0.0,0.0,0.0,PASS_<20%,0.00,0.0,NO,STANDBY_VEL_LOW,1,1321.86,3268.14,132.45,FALSE,M1_DIRECTION_MISMATCH
2026-09-07 18:53:37.367,1788807217.368,4465,35,162,4406.19,4406.27,8.0,PASS_<=10c,+0.0,FLAT,+0.0,+69.0,4.2,+0.00,0.00,SLOW,4405.50,4406.54,4403.14,4406.23,0.00,0.00,0.0,BEARISH,340.0,4406.19,4406.19,4406.19,4406.19,37,CLEARED_>=20s,1.0,0.0,0.0,0.0,0.0,0.0,0.0,PASS_<20%,0.00,0.0,NO,STANDBY_VEL_LOW,1,1321.86,3268.14,132.45,FALSE,M1_DIRECTION_MISMATCH
2026-09-07 18:53:42.882,1788807222.883,4466,36,163,4406.19,4406.27,8.0,PASS_<=10c,+0.0,FLAT,+0.0,+69.0,1.5,+0.00,0.00,SLOW,4405.50,4406.54,4403.14,4406.23,0.00,0.00,0.0,BEARISH,340.0,4406.19,4406.19,4406.19,4406.19,42,CLEARED_>=20s,1.0,0.0,0.0,0.0,0.0,0.0,0.0,PASS_<20%,0.00,0.0,NO,STANDBY_VEL_LOW,1,1321.86,3268.14,132.45,FALSE,M1_DIRECTION_MISMATCH
2026-09-07 18:53:53.123,1788807233.123,4467,37,164,4406.19,4406.27,8.0,PASS_<=10c,+0.0,FLAT,+0.0,+69.0,1.3,+0.00,0.00,SLOW,4405.50,4406.54,4403.14,4406.23,0.00,0.00,0.0,BEARISH,340.0,4406.19,4406.19,4406.19,4406.19,53,CLEARED_>=20s,1.0,0.0,0.0,0.0,0.0,0.0,0.0,PASS_<20%,0.00,0.0,NO,STANDBY_VEL_LOW,1,1321.86,3268.14,132.45,FALSE,M1_DIRECTION_MISMATCH
2026-09-07 18:53:54.732,1788807234.732,4468,38,165,4406.19,4406.27,8.0,PASS_<=10c,+0.0,FLAT,+0.0,+69.0,1.9,+0.00,0.00,SLOW,4405.50,4406.54,4403.14,4406.23,0.00,0.00,0.0,BEARISH,340.0,4406.19,4406.19,4406.19,4406.19,54,CLEARED_>=20s,1.0,0.0,0.0,0.0,0.0,0.0,0.0,PASS_<20%,0.00,0.0,NO,STANDBY_VEL_LOW,1,1321.86,3268.14,132.45,FALSE,M1_DIRECTION_MISMATCH
2026-09-07 18:53:55.232,1788807235.233,4469,39,166,4406.19,4406.27,8.0,PASS_<=10c,+0.0,FLAT,+0.0,+69.0,2.4,+0.00,0.00,SLOW,4405.50,4406.54,4403.14,4406.23,0.00,0.00,0.0,BEARISH,340.0,4406.19,4406.19,4406.19,4406.19,55,CLEARED_>=20s,1.0,0.0,0.0,0.0,0.0,0.0,0.0,PASS_<20%,0.00,0.0,NO,STANDBY_VEL_LOW,1,1321.86,3268.14,132.45,FALSE,M1_DIRECTION_MISMATCH
2026-09-07 18:53:55.734,1788807235.734,4470,40,167,4406.19,4406.27,8.0,PASS_<=10c,+0.0,FLAT,+0.0,+69.0,2.7,+0.00,0.00,SLOW,4405.50,4406.54,4403.14,4406.23,0.00,0.00,0.0,BEARISH,340.0,4406.19,4406.19,4406.19,4406.19,55,CLEARED_>=20s,1.0,0.0,0.0,0.0,0.0,0.0,0.0,PASS_<20%,0.00,0.0,NO,STANDBY_VEL_LOW,1,1321.86,3268.14,132.45,FALSE,M1_DIRECTION_MISMATCH
2026-09-07 18:53:56.236,1788807236.237,4471,41,168,4406.19,4406.27,8.0,PASS_<=10c,+0.0,FLAT,+0.0,+69.0,2.9,+0.00,0.00,SLOW,4405.50,4406.54,4403.14,4406.23,0.00,0.00,0.0,BEARISH,340.0,4406.19,4406.19,4406.19,4406.19,56,CLEARED_>=20s,1.0,0.0,0.0,0.0,0.0,0.0,0.0,PASS_<20%,0.00,0.0,NO,STANDBY_VEL_LOW,1,1321.86,3268.14,132.45,FALSE,M1_DIRECTION_MISMATCH
2026-09-07 18:53:56.738,1788807236.739,4472,42,169,4406.19,4406.27,8.0,PASS_<=10c,+0.0,FLAT,+0.0,+69.0,3.0,+0.00,0.00,SLOW,4405.50,4406.54,4403.14,4406.23,0.00,0.00,0.0,BEARISH,340.0,4406.19,4406.19,4406.19,4406.19,56,CLEARED_>=20s,1.0,0.0,0.0,0.0,0.0,0.0,0.0,PASS_<20%,0.00,0.0,NO,STANDBY_VEL_LOW,1,1321.86,3268.14,132.45,FALSE,M1_DIRECTION_MISMATCH
2026-09-07 18:53:57.240,1788807237.240,4473,43,170,4406.19,4406.27,8.0,PASS_<=10c,+0.0,FLAT,+0.0,+69.0,3.2,+0.00,0.00,SLOW,4405.50,4406.54,4403.14,4406.23,0.00,0.00,0.0,BEARISH,340.0,4406.19,4406.19,4406.19,4406.19,57,CLEARED_>=20s,1.0,0.0,0.0,0.0,0.0,0.0,0.0,PASS_<20%,0.00,0.0,NO,STANDBY_VEL_LOW,1,1321.86,3268.14,132.45,FALSE,M1_DIRECTION_MISMATCH
2026-09-07 18:53:57.742,1788807237.743,4474,44,171,4406.19,4406.27,8.0,PASS_<=10c,+0.0,FLAT,+0.0,+69.0,3.2,+0.00,0.00,SLOW,4405.50,4406.54,4403.14,4406.23,0.00,0.00,0.0,BEARISH,340.0,4406.19,4406.19,4406.19,4406.19,57,CLEARED_>=20s,1.0,0.0,0.0,0.0,0.0,0.0,0.0,PASS_<20%,0.00,0.0,NO,STANDBY_VEL_LOW,1,1321.86,3268.14,132.45,FALSE,M1_DIRECTION_MISMATCH
2026-09-07 18:53:58.244,1788807238.245,4475,45,172,4406.19,4406.27,8.0,PASS_<=10c,+0.0,FLAT,+0.0,+69.0,4.4,+0.00,0.00,SLOW,4405.50,4406.54,4403.14,4406.23,0.00,0.00,0.0,BEARISH,340.0,4406.19,4406.19,4406.19,4406.19,58,CLEARED_>=20s,1.0,0.0,0.0,0.0,0.0,0.0,0.0,PASS_<20%,0.00,0.0,NO,STANDBY_VEL_LOW,1,1321.86,3268.14,132.45,FALSE,M1_DIRECTION_MISMATCH
2026-09-07 18:53:58.746,1788807238.747,4476,46,173,4406.19,4406.27,8.0,PASS_<=10c,+0.0,FLAT,+0.0,+69.0,4.4,+0.00,0.00,SLOW,4405.50,4406.54,4403.14,4406.23,0.00,0.00,0.0,BEARISH,340.0,4406.19,4406.19,4406.19,4406.19,58,CLEARED_>=20s,1.0,0.0,0.0,0.0,0.0,0.0,0.0,PASS_<20%,0.00,0.0,NO,STANDBY_VEL_LOW,1,1321.86,3268.14,132.45,FALSE,M1_DIRECTION_MISMATCH
2026-09-07 18:53:59.247,1788807239.248,4477,47,174,4406.19,4406.27,8.0,PASS_<=10c,+0.0,FLAT,+0.0,+69.0,4.3,+0.00,0.00,SLOW,4405.50,4406.54,4403.14,4406.23,0.00,0.00,0.0,BEARISH,340.0,4406.19,4406.19,4406.19,4406.19,59,CLEARED_>=20s,1.0,0.0,0.0,0.0,0.0,0.0,0.0,PASS_<20%,0.00,0.0,NO,STANDBY_VEL_LOW,1,1321.86,3268.14,132.45,FALSE,M1_DIRECTION_MISMATCH
2026-09-07 18:53:59.749,1788807239.749,4478,48,175,4406.19,4406.27,8.0,PASS_<=10c,+0.0,FLAT,+0.0,+69.0,4.2,+0.00,0.00,SLOW,4405.50,4406.54,4403.14,4406.23,0.00,0.00,0.0,BEARISH,340.0,4406.19,4406.19,4406.19,4406.19,59,CLEARED_>=20s,1.0,0.0,0.0,0.0,0.0,0.0,0.0,PASS_<20%,0.00,0.0,NO,STANDBY_VEL_LOW,1,1321.86,3268.14,132.45,FALSE,M1_DIRECTION_MISMATCH
2026-09-07 18:54:00.255,1788807240.256,4479,1,176,4406.19,4406.27,8.0,PASS_<=10c,+0.0,FLAT,+0.0,+69.0,4.2,+0.00,0.00,SLOW,4405.50,4406.54,4403.14,4406.23,0.00,0.00,0.0,BEARISH,340.0,4406.19,4406.19,4406.19,4406.19,0,ACTIVE_0s,1.0,0.0,0.0,0.0,0.0,0.0,0.0,PASS_<20%,0.00,0.0,NO,STANDBY_VEL_LOW,1,1321.86,3268.14,132.45,FALSE,M1_DIRECTION_MISMATCH|OPENING_SHIELD_ACTIVE_0s
2026-09-07 18:54:00.756,1788807240.756,4480,2,177,4406.19,4406.27,8.0,PASS_<=10c,+0.0,FLAT,+0.0,+69.0,4.2,+0.00,0.00,SLOW,4405.50,4406.54,4403.14,4406.23,0.00,0.00,0.0,BEARISH,340.0,4406.19,4406.19,4406.19,4406.19,0,ACTIVE_0s,1.0,0.0,0.0,0.0,0.0,0.0,0.0,PASS_<20%,0.00,0.0,NO,STANDBY_VEL_LOW,1,1321.86,3268.14,132.45,FALSE,M1_DIRECTION_MISMATCH|OPENING_SHIELD_ACTIVE_0s
2026-09-07 18:54:01.257,1788807241.258,4481,3,178,4406.19,4406.27,8.0,PASS_<=10c,+0.0,FLAT,+0.0,+69.0,4.2,+0.00,0.00,SLOW,4405.50,4406.54,4403.14,4406.23,0.00,0.00,0.0,BEARISH,340.0,4406.19,4406.19,4406.19,4406.19,1,ACTIVE_1s,1.0,0.0,0.0,0.0,0.0,0.0,0.0,PASS_<20%,0.00,0.0,NO,STANDBY_VEL_LOW,1,1321.86,3268.14,132.45,FALSE,M1_DIRECTION_MISMATCH|OPENING_SHIELD_ACTIVE_1s
2026-09-07 18:54:01.759,1788807241.760,4482,4,179,4406.19,4406.27,8.0,PASS_<=10c,+0.0,FLAT,+0.0,+69.0,4.2,+0.00,0.00,SLOW,4405.50,4406.54,4403.14,4406.23,0.00,0.00,0.0,BEARISH,340.0,4406.19,4406.19,4406.19,4406.19,1,ACTIVE_1s,1.0,0.0,0.0,0.0,0.0,0.0,0.0,PASS_<20%,0.00,0.0,NO,STANDBY_VEL_LOW,1,1321.86,3268.14,132.45,FALSE,M1_DIRECTION_MISMATCH|OPENING_SHIELD_ACTIVE_1s
2026-09-07 18:54:02.261,1788807242.262,4483,5,180,4406.19,4406.27,8.0,PASS_<=10c,+0.0,FLAT,+0.0,+69.0,4.2,+0.00,0.00,SLOW,4405.50,4406.54,4403.14,4406.23,0.00,0.00,0.0,BEARISH,340.0,4406.19,4406.19,4406.19,4406.19,2,ACTIVE_2s,1.0,0.0,0.0,0.0,0.0,0.0,0.0,PASS_<20%,0.00,0.0,NO,STANDBY_VEL_LOW,1,1321.86,3268.14,132.45,FALSE,M1_DIRECTION_MISMATCH|OPENING_SHIELD_ACTIVE_2s
2026-09-07 18:54:07.787,1788807247.788,4484,6,181,4406.19,4406.27,8.0,PASS_<=10c,+0.0,FLAT,+0.0,+69.0,1.6,+0.00,0.00,SLOW,4405.50,4406.54,4403.14,4406.23,0.00,0.00,0.0,BEARISH,340.0,4406.19,4406.19,4406.19,4406.19,7,ACTIVE_7s,1.0,0.0,0.0,0.0,0.0,0.0,0.0,PASS_<20%,0.00,0.0,NO,STANDBY_VEL_LOW,1,1321.86,3268.14,132.45,FALSE,M1_DIRECTION_MISMATCH|OPENING_SHIELD_ACTIVE_7s
2026-09-07 18:54:18.047,1788807258.048,4485,7,182,4406.19,4406.27,8.0,PASS_<=10c,+0.0,FLAT,+0.0,+69.0,1.3,+0.00,0.00,SLOW,4405.50,4406.54,4403.14,4406.23,0.00,0.00,0.0,BEARISH,340.0,4406.19,4406.19,4406.19,4406.19,18,ACTIVE_18s,1.0,0.0,0.0,0.0,0.0,0.0,0.0,PASS_<20%,0.00,0.0,NO,STANDBY_VEL_LOW,1,1321.86,3268.14,132.45,FALSE,M1_DIRECTION_MISMATCH|OPENING_SHIELD_ACTIVE_18s
2026-09-07 18:54:20.059,1788807260.060,4486,8,183,4406.19,4406.27,8.0,PASS_<=10c,+0.0,FLAT,+0.0,+69.0,1.5,+0.00,0.00,SLOW,4405.50,4406.54,4403.14,4406.23,0.00,0.00,0.0,BEARISH,340.0,4406.19,4406.19,4406.19,4406.19,20,CLEARED_>=20s,1.0,0.0,0.0,0.0,0.0,0.0,0.0,PASS_<20%,0.00,0.0,NO,STANDBY_VEL_LOW,1,1321.86,3268.14,132.45,FALSE,M1_DIRECTION_MISMATCH
2026-09-07 18:54:20.562,1788807260.562,4487,9,184,4406.19,4406.27,8.0,PASS_<=10c,+0.0,FLAT,+0.0,+69.0,2.0,+0.00,0.00,SLOW,4405.50,4406.54,4403.14,4406.23,0.00,0.00,0.0,BEARISH,340.0,4406.19,4406.19,4406.19,4406.19,20,CLEARED_>=20s,1.0,0.0,0.0,0.0,0.0,0.0,0.0,PASS_<20%,0.00,0.0,NO,STANDBY_VEL_LOW,1,1321.86,3268.14,132.45,FALSE,M1_DIRECTION_MISMATCH
2026-09-07 18:54:21.063,1788807261.064,4488,10,185,4406.19,4406.27,8.0,PASS_<=10c,+0.0,FLAT,+0.0,+69.0,2.3,+0.00,0.00,SLOW,4405.50,4406.54,4403.14,4406.23,0.00,0.00,0.0,BEARISH,340.0,4406.19,4406.19,4406.19,4406.19,21,CLEARED_>=20s,1.0,0.0,0.0,0.0,0.0,0.0,0.0,PASS_<20%,0.00,0.0,NO,STANDBY_VEL_LOW,1,1321.86,3268.14,132.45,FALSE,M1_DIRECTION_MISMATCH
2026-09-07 18:54:21.564,1788807261.565,4489,11,186,4406.19,4406.27,8.0,PASS_<=10c,+0.0,FLAT,+0.0,+69.0,2.6,+0.00,0.00,SLOW,4405.50,4406.54,4403.14,4406.23,0.00,0.00,0.0,BEARISH,340.0,4406.19,4406.19,4406.19,4406.19,21,CLEARED_>=20s,1.0,0.0,0.0,0.0,0.0,0.0,0.0,PASS_<20%,0.00,0.0,NO,STANDBY_VEL_LOW,1,1321.86,3268.14,132.45,FALSE,M1_DIRECTION_MISMATCH
2026-09-07 18:54:22.065,1788807262.065,4490,12,187,4406.19,4406.27,8.0,PASS_<=10c,+0.0,FLAT,+0.0,+69.0,2.7,+0.00,0.00,SLOW,4405.50,4406.54,4403.14,4406.23,0.00,0.00,0.0,BEARISH,340.0,4406.19,4406.19,4406.19,4406.19,22,CLEARED_>=20s,1.0,0.0,0.0,0.0,0.0,0.0,0.0,PASS_<20%,0.00,0.0,NO,STANDBY_VEL_LOW,1,1321.86,3268.14,132.45,FALSE,M1_DIRECTION_MISMATCH
2026-09-07 18:54:22.566,1788807262.567,4491,13,188,4406.19,4406.27,8.0,PASS_<=10c,+0.0,FLAT,+0.0,+69.0,2.9,+0.00,0.00,SLOW,4405.50,4406.54,4403.14,4406.23,0.00,0.00,0.0,BEARISH,340.0,4406.19,4406.19,4406.19,4406.19,22,CLEARED_>=20s,1.0,0.0,0.0,0.0,0.0,0.0,0.0,PASS_<20%,0.00,0.0,NO,STANDBY_VEL_LOW,1,1321.86,3268.14,132.45,FALSE,M1_DIRECTION_MISMATCH
2026-09-07 18:54:23.068,1788807263.068,4492,14,189,4406.19,4406.27,8.0,PASS_<=10c,+0.0,FLAT,+0.0,+69.0,4.5,+0.00,0.00,SLOW,4405.50,4406.54,4403.14,4406.23,0.00,0.00,0.0,BEARISH,340.0,4406.19,4406.19,4406.19,4406.19,23,CLEARED_>=20s,1.0,0.0,0.0,0.0,0.0,0.0,0.0,PASS_<20%,0.00,0.0,NO,STANDBY_VEL_LOW,1,1321.86,3268.14,132.45,FALSE,M1_DIRECTION_MISMATCH
2026-09-07 18:54:23.569,1788807263.570,4493,15,190,4406.19,4406.27,8.0,PASS_<=10c,+0.0,FLAT,+0.0,+69.0,4.4,+0.00,0.00,SLOW,4405.50,4406.54,4403.14,4406.23,0.00,0.00,0.0,BEARISH,340.0,4406.19,4406.19,4406.19,4406.19,23,CLEARED_>=20s,1.0,0.0,0.0,0.0,0.0,0.0,0.0,PASS_<20%,0.00,0.0,NO,STANDBY_VEL_LOW,1,1321.86,3268.14,132.45,FALSE,M1_DIRECTION_MISMATCH
2026-09-07 18:54:24.071,1788807264.072,4494,16,191,4406.19,4406.27,8.0,PASS_<=10c,+0.0,FLAT,+0.0,+69.0,4.4,+0.00,0.00,SLOW,4405.50,4406.54,4403.14,4406.23,0.00,0.00,0.0,BEARISH,340.0,4406.19,4406.19,4406.19,4406.19,24,CLEARED_>=20s,1.0,0.0,0.0,0.0,0.0,0.0,0.0,PASS_<20%,0.00,0.0,NO,STANDBY_VEL_LOW,1,1321.86,3268.14,132.45,FALSE,M1_DIRECTION_MISMATCH
2026-09-07 18:54:24.572,1788807264.573,4495,17,192,4406.19,4406.27,8.0,PASS_<=10c,+0.0,FLAT,+0.0,+69.0,4.3,+0.00,0.00,SLOW,4405.50,4406.54,4403.14,4406.23,0.00,0.00,0.0,BEARISH,340.0,4406.19,4406.19,4406.19,4406.19,24,CLEARED_>=20s,1.0,0.0,0.0,0.0,0.0,0.0,0.0,PASS_<20%,0.00,0.0,NO,STANDBY_VEL_LOW,1,1321.86,3268.14,132.45,FALSE,M1_DIRECTION_MISMATCH
2026-09-07 18:54:25.076,1788807265.076,4496,18,193,4406.19,4406.27,8.0,PASS_<=10c,+0.0,FLAT,+0.0,+69.0,4.2,+0.00,0.00,SLOW,4405.50,4406.54,4403.14,4406.23,0.00,0.00,0.0,BEARISH,340.0,4406.19,4406.19,4406.19,4406.19,25,CLEARED_>=20s,1.0,0.0,0.0,0.0,0.0,0.0,0.0,PASS_<20%,0.00,0.0,NO,STANDBY_VEL_LOW,1,1321.86,3268.14,132.45,FALSE,M1_DIRECTION_MISMATCH
2026-09-07 18:54:25.578,1788807265.578,4497,19,194,4406.19,4406.27,8.0,PASS_<=10c,+0.0,FLAT,+0.0,+69.0,4.2,+0.00,0.00,SLOW,4405.50,4406.54,4403.14,4406.23,0.00,0.00,0.0,BEARISH,340.0,4406.19,4406.19,4406.19,4406.19,25,CLEARED_>=20s,1.0,0.0,0.0,0.0,0.0,0.0,0.0,PASS_<20%,0.00,0.0,NO,STANDBY_VEL_LOW,1,1321.86,3268.14,132.45,FALSE,M1_DIRECTION_MISMATCH
2026-09-07 18:54:26.079,1788807266.080,4498,20,195,4406.19,4406.27,8.0,PASS_<=10c,+0.0,FLAT,+0.0,+69.0,4.2,+0.00,0.00,SLOW,4405.50,4406.54,4403.14,4406.23,0.00,0.00,0.0,BEARISH,340.0,4406.19,4406.19,4406.19,4406.19,26,CLEARED_>=20s,1.0,0.0,0.0,0.0,0.0,0.0,0.0,PASS_<20%,0.00,0.0,NO,STANDBY_VEL_LOW,1,1321.86,3268.14,132.45,FALSE,M1_DIRECTION_MISMATCH
2026-09-07 18:54:26.582,1788807266.582,4499,21,196,4406.19,4406.27,8.0,PASS_<=10c,+0.0,FLAT,+0.0,+69.0,4.2,+0.00,0.00,SLOW,4405.50,4406.54,4403.14,4406.23,0.00,0.00,0.0,BEARISH,340.0,4406.19,4406.19,4406.19,4406.19,26,CLEARED_>=20s,1.0,0.0,0.0,0.0,0.0,0.0,0.0,PASS_<20%,0.00,0.0,NO,STANDBY_VEL_LOW,1,1321.86,3268.14,132.45,FALSE,M1_DIRECTION_MISMATCH
2026-09-07 18:54:27.086,1788807267.087,4500,22,197,4406.19,4406.27,8.0,PASS_<=10c,+0.0,FLAT,+0.0,+69.0,4.2,+0.00,0.00,SLOW,4405.50,4406.54,4403.14,4406.23,0.00,0.00,0.0,BEARISH,340.0,4406.19,4406.19,4406.19,4406.19,27,CLEARED_>=20s,1.0,0.0,0.0,0.0,0.0,0.0,0.0,PASS_<20%,0.00,0.0,NO,STANDBY_VEL_LOW,1,1321.86,3268.14,132.45,FALSE,M1_DIRECTION_MISMATCH
2026-09-07 18:54:27.585,1788807267.586,4501,23,198,4406.19,4406.27,8.0,PASS_<=10c,+0.0,FLAT,+0.0,+69.0,4.2,+0.00,0.00,SLOW,4405.50,4406.54,4403.14,4406.23,0.00,0.00,0.0,BEARISH,340.0,4406.19,4406.19,4406.19,4406.19,27,CLEARED_>=20s,1.0,0.0,0.0,0.0,0.0,0.0,0.0,PASS_<20%,0.00,0.0,NO,STANDBY_VEL_LOW,1,1321.86,3268.14,132.45,FALSE,M1_DIRECTION_MISMATCH
2026-09-07 18:54:33.129,1788807273.130,4502,24,199,4406.19,4406.27,8.0,PASS_<=10c,+0.0,FLAT,+0.0,+69.0,1.5,+0.00,0.00,SLOW,4405.50,4406.54,4403.14,4406.23,0.00,0.00,0.0,BEARISH,340.0,4406.19,4406.19,4406.19,4406.19,33,CLEARED_>=20s,1.0,0.0,0.0,0.0,0.0,0.0,0.0,PASS_<20%,0.00,0.0,NO,STANDBY_VEL_LOW,1,1321.86,3268.14,132.45,FALSE,M1_DIRECTION_MISMATCH
2026-09-07 18:54:43.363,1788807283.363,4503,25,200,4406.19,4406.27,8.0,PASS_<=10c,+0.0,FLAT,+0.0,+69.0,1.3,+0.00,0.00,SLOW,4405.50,4406.54,4403.14,4406.23,0.00,0.00,0.0,BEARISH,340.0,4406.19,4406.19,4406.19,4406.19,43,CLEARED_>=20s,1.0,0.0,0.0,0.0,0.0,0.0,0.0,PASS_<20%,0.00,0.0,NO,STANDBY_VEL_LOW,1,1321.86,3268.14,132.45,FALSE,M1_DIRECTION_MISMATCH
2026-09-07 18:54:45.574,1788807285.575,4504,26,201,4406.19,4406.27,8.0,PASS_<=10c,+0.0,FLAT,+0.0,+69.0,1.4,+0.00,0.00,SLOW,4405.50,4406.54,4403.14,4406.23,0.00,0.00,0.0,BEARISH,340.0,4406.19,4406.19,4406.19,4406.19,45,CLEARED_>=20s,1.0,0.0,0.0,0.0,0.0,0.0,0.0,PASS_<20%,0.00,0.0,NO,STANDBY_VEL_LOW,1,1321.86,3268.14,132.45,FALSE,M1_DIRECTION_MISMATCH
2026-09-07 18:54:46.075,1788807286.076,4505,27,202,4406.19,4406.27,8.0,PASS_<=10c,+0.0,FLAT,+0.0,+69.0,1.8,+0.00,0.00,SLOW,4405.50,4406.54,4403.14,4406.23,0.00,0.00,0.0,BEARISH,340.0,4406.19,4406.19,4406.19,4406.19,46,CLEARED_>=20s,1.0,0.0,0.0,0.0,0.0,0.0,0.0,PASS_<20%,0.00,0.0,NO,STANDBY_VEL_LOW,1,1321.86,3268.14,132.45,FALSE,M1_DIRECTION_MISMATCH
2026-09-07 18:54:46.577,1788807286.578,4506,28,203,4406.19,4406.27,8.0,PASS_<=10c,+0.0,FLAT,+0.0,+69.0,2.2,+0.00,0.00,SLOW,4405.50,4406.54,4403.14,4406.23,0.00,0.00,0.0,BEARISH,340.0,4406.19,4406.19,4406.19,4406.19,46,CLEARED_>=20s,1.0,0.0,0.0,0.0,0.0,0.0,0.0,PASS_<20%,0.00,0.0,NO,STANDBY_VEL_LOW,1,1321.86,3268.14,132.45,FALSE,M1_DIRECTION_MISMATCH
2026-09-07 18:54:47.079,1788807287.080,4507,29,204,4406.19,4406.27,8.0,PASS_<=10c,+0.0,FLAT,+0.0,+69.0,2.4,+0.00,0.00,SLOW,4405.50,4406.54,4403.14,4406.23,0.00,0.00,0.0,BEARISH,340.0,4406.19,4406.19,4406.19,4406.19,47,CLEARED_>=20s,1.0,0.0,0.0,0.0,0.0,0.0,0.0,PASS_<20%,0.00,0.0,NO,STANDBY_VEL_LOW,1,1321.86,3268.14,132.45,FALSE,M1_DIRECTION_MISMATCH
2026-09-07 18:54:47.582,1788807287.582,4508,30,205,4406.19,4406.27,8.0,PASS_<=10c,+0.0,FLAT,+0.0,+69.0,2.6,+0.00,0.00,SLOW,4405.50,4406.54,4403.14,4406.23,0.00,0.00,0.0,BEARISH,340.0,4406.19,4406.19,4406.19,4406.19,47,CLEARED_>=20s,1.0,0.0,0.0,0.0,0.0,0.0,0.0,PASS_<20%,0.00,0.0,NO,STANDBY_VEL_LOW,1,1321.86,3268.14,132.45,FALSE,M1_DIRECTION_MISMATCH
2026-09-07 18:54:48.083,1788807288.083,4509,31,206,4406.19,4406.27,8.0,PASS_<=10c,+0.0,FLAT,+0.0,+69.0,2.8,+0.00,0.00,SLOW,4405.50,4406.54,4403.14,4406.23,0.00,0.00,0.0,BEARISH,340.0,4406.19,4406.19,4406.19,4406.19,48,CLEARED_>=20s,1.0,0.0,0.0,0.0,0.0,0.0,0.0,PASS_<20%,0.00,0.0,NO,STANDBY_VEL_LOW,1,1321.86,3268.14,132.45,FALSE,M1_DIRECTION_MISMATCH
2026-09-07 18:54:48.586,1788807288.586,4510,32,207,4406.19,4406.27,8.0,PASS_<=10c,+0.0,FLAT,+0.0,+69.0,4.5,+0.00,0.00,SLOW,4405.50,4406.54,4403.14,4406.23,0.00,0.00,0.0,BEARISH,340.0,4406.19,4406.19,4406.19,4406.19,48,CLEARED_>=20s,1.0,0.0,0.0,0.0,0.0,0.0,0.0,PASS_<20%,0.00,0.0,NO,STANDBY_VEL_LOW,1,1321.86,3268.14,132.45,FALSE,M1_DIRECTION_MISMATCH
2026-09-07 18:54:49.086,1788807289.087,4511,33,208,4406.19,4406.27,8.0,PASS_<=10c,+0.0,FLAT,+0.0,+69.0,4.4,+0.00,0.00,SLOW,4405.50,4406.54,4403.14,4406.23,0.00,0.00,0.0,BEARISH,340.0,4406.19,4406.19,4406.19,4406.19,49,CLEARED_>=20s,1.0,0.0,0.0,0.0,0.0,0.0,0.0,PASS_<20%,0.00,0.0,NO,STANDBY_VEL_LOW,1,1321.86,3268.14,132.45,FALSE,M1_DIRECTION_MISMATCH
2026-09-07 18:54:49.588,1788807289.589,4512,34,209,4406.19,4406.27,8.0,PASS_<=10c,+0.0,FLAT,+0.0,+69.0,4.4,+0.00,0.00,SLOW,4405.50,4406.54,4403.14,4406.23,0.00,0.00,0.0,BEARISH,340.0,4406.19,4406.19,4406.19,4406.19,49,CLEARED_>=20s,1.0,0.0,0.0,0.0,0.0,0.0,0.0,PASS_<20%,0.00,0.0,NO,STANDBY_VEL_LOW,1,1321.86,3268.14,132.45,FALSE,M1_DIRECTION_MISMATCH
2026-09-07 18:54:50.090,1788807290.091,4513,35,210,4406.19,4406.27,8.0,PASS_<=10c,+0.0,FLAT,+0.0,+69.0,4.3,+0.00,0.00,SLOW,4405.50,4406.54,4403.14,4406.23,0.00,0.00,0.0,BEARISH,340.0,4406.19,4406.19,4406.19,4406.19,50,CLEARED_>=20s,1.0,0.0,0.0,0.0,0.0,0.0,0.0,PASS_<20%,0.00,0.0,NO,STANDBY_VEL_LOW,1,1321.86,3268.14,132.45,FALSE,M1_DIRECTION_MISMATCH
2026-09-07 18:54:50.592,1788807290.593,4514,36,211,4406.19,4406.27,8.0,PASS_<=10c,+0.0,FLAT,+0.0,+69.0,4.2,+0.00,0.00,SLOW,4405.50,4406.54,4403.14,4406.23,0.00,0.00,0.0,BEARISH,340.0,4406.19,4406.19,4406.19,4406.19,50,CLEARED_>=20s,1.0,0.0,0.0,0.0,0.0,0.0,0.0,PASS_<20%,0.00,0.0,NO,STANDBY_VEL_LOW,1,1321.86,3268.14,132.45,FALSE,M1_DIRECTION_MISMATCH
2026-09-07 18:54:51.118,1788807291.118,4515,37,212,4406.19,4406.27,8.0,PASS_<=10c,+0.0,FLAT,+0.0,+69.0,4.2,+0.00,0.00,SLOW,4405.50,4406.54,4403.14,4406.23,0.00,0.00,0.0,BEARISH,340.0,4406.19,4406.19,4406.19,4406.19,51,CLEARED_>=20s,1.0,0.0,0.0,0.0,0.0,0.0,0.0,PASS_<20%,0.00,0.0,NO,STANDBY_VEL_LOW,1,1321.86,3268.14,132.45,FALSE,M1_DIRECTION_MISMATCH
2026-09-07 18:54:51.608,1788807291.608,4516,38,213,4406.19,4406.27,8.0,PASS_<=10c,+0.0,FLAT,+0.0,+69.0,4.2,+0.00,0.00,SLOW,4405.50,4406.54,4403.14,4406.23,0.00,0.00,0.0,BEARISH,340.0,4406.19,4406.19,4406.19,4406.19,51,CLEARED_>=20s,1.0,0.0,0.0,0.0,0.0,0.0,0.0,PASS_<20%,0.00,0.0,NO,STANDBY_VEL_LOW,1,1321.86,3268.14,132.45,FALSE,M1_DIRECTION_MISMATCH
2026-09-07 18:54:52.110,1788807292.111,4517,39,214,4406.19,4406.27,8.0,PASS_<=10c,+0.0,FLAT,+0.0,+69.0,4.2,+0.00,0.00,SLOW,4405.50,4406.54,4403.14,4406.23,0.00,0.00,0.0,BEARISH,340.0,4406.19,4406.19,4406.19,4406.19,52,CLEARED_>=20s,1.0,0.0,0.0,0.0,0.0,0.0,0.0,PASS_<20%,0.00,0.0,NO,STANDBY_VEL_LOW,1,1321.86,3268.14,132.45,FALSE,M1_DIRECTION_MISMATCH
2026-09-07 18:54:52.612,1788807292.612,4518,40,215,4406.19,4406.27,8.0,PASS_<=10c,+0.0,FLAT,+0.0,+69.0,4.2,+0.00,0.00,SLOW,4405.50,4406.54,4403.14,4406.23,0.00,0.00,0.0,BEARISH,340.0,4406.19,4406.19,4406.19,4406.19,52,CLEARED_>=20s,1.0,0.0,0.0,0.0,0.0,0.0,0.0,PASS_<20%,0.00,0.0,NO,STANDBY_VEL_LOW,1,1321.86,3268.14,132.45,FALSE,M1_DIRECTION_MISMATCH
2026-09-07 18:54:53.114,1788807293.114,4519,41,216,4406.19,4406.27,8.0,PASS_<=10c,+0.0,FLAT,+0.0,+69.0,4.2,+0.00,0.00,SLOW,4405.50,4406.54,4403.14,4406.23,0.00,0.00,0.0,BEARISH,340.0,4406.19,4406.19,4406.19,4406.19,53,CLEARED_>=20s,1.0,0.0,0.0,0.0,0.0,0.0,0.0,PASS_<20%,0.00,0.0,NO,STANDBY_VEL_LOW,1,1321.86,3268.14,132.45,FALSE,M1_DIRECTION_MISMATCH
2026-09-07 18:54:58.633,1788807298.633,4520,42,217,4406.19,4406.27,8.0,PASS_<=10c,+0.0,FLAT,+0.0,+69.0,1.5,+0.00,0.00,SLOW,4405.50,4406.54,4403.14,4406.23,0.00,0.00,0.0,BEARISH,340.0,4406.19,4406.19,4406.19,4406.19,58,CLEARED_>=20s,1.0,0.0,0.0,0.0,0.0,0.0,0.0,PASS_<20%,0.00,0.0,NO,STANDBY_VEL_LOW,1,1321.86,3268.14,132.45,FALSE,M1_DIRECTION_MISMATCH
2026-09-07 18:55:08.916,1788807308.917,4521,1,1,4406.19,4406.27,8.0,PASS_<=10c,+0.0,FLAT,+0.0,+0.0,1.3,+0.00,0.00,SLOW,4406.19,4406.19,4406.19,4406.19,0.00,0.00,0.0,BEARISH,0.0,4406.19,4406.19,4406.19,4406.19,8,ACTIVE_8s,1.0,0.0,0.0,0.0,0.0,0.0,0.0,PASS_<20%,0.00,0.0,NO,STANDBY_VEL_LOW,1,1321.86,3268.14,132.45,FALSE,M1_DIRECTION_MISMATCH|OPENING_SHIELD_ACTIVE_8s
2026-09-07 18:55:10.526,1788807310.526,4522,2,2,4406.19,4406.27,8.0,PASS_<=10c,+0.0,FLAT,+0.0,+0.0,1.9,+0.00,0.00,SLOW,4406.19,4406.19,4406.19,4406.19,0.00,0.00,0.0,BEARISH,0.0,4406.19,4406.19,4406.19,4406.19,10,ACTIVE_10s,1.0,0.0,0.0,0.0,0.0,0.0,0.0,PASS_<20%,0.00,0.0,NO,STANDBY_VEL_LOW,1,1321.86,3268.14,132.45,FALSE,M1_DIRECTION_MISMATCH|OPENING_SHIELD_ACTIVE_10s
2026-09-07 18:55:11.028,1788807311.029,4523,3,3,4406.19,4406.27,8.0,PASS_<=10c,+0.0,FLAT,+0.0,+0.0,2.4,+0.00,0.00,SLOW,4406.19,4406.19,4406.19,4406.19,0.00,0.00,0.0,BEARISH,0.0,4406.19,4406.19,4406.19,4406.19,11,ACTIVE_11s,1.0,0.0,0.0,0.0,0.0,0.0,0.0,PASS_<20%,0.00,0.0,NO,STANDBY_VEL_LOW,1,1321.86,3268.14,132.45,FALSE,M1_DIRECTION_MISMATCH|OPENING_SHIELD_ACTIVE_11s
2026-09-07 18:55:11.530,1788807311.531,4524,4,4,4406.19,4406.27,8.0,PASS_<=10c,+0.0,FLAT,+0.0,+0.0,2.7,+0.00,0.00,SLOW,4406.19,4406.19,4406.19,4406.19,0.00,0.00,0.0,BEARISH,0.0,4406.19,4406.19,4406.19,4406.19,11,ACTIVE_11s,1.0,0.0,0.0,0.0,0.0,0.0,0.0,PASS_<20%,0.00,0.0,NO,STANDBY_VEL_LOW,1,1321.86,3268.14,132.45,FALSE,M1_DIRECTION_MISMATCH|OPENING_SHIELD_ACTIVE_11s
2026-09-07 18:55:12.042,1788807312.042,4525,5,5,4406.19,4406.27,8.0,PASS_<=10c,+0.0,FLAT,+0.0,+0.0,2.9,+0.00,0.00,SLOW,4406.19,4406.19,4406.19,4406.19,0.00,0.00,0.0,BEARISH,0.0,4406.19,4406.19,4406.19,4406.19,12,ACTIVE_12s,1.0,0.0,0.0,0.0,0.0,0.0,0.0,PASS_<20%,0.00,0.0,NO,STANDBY_VEL_LOW,1,1321.86,3268.14,132.45,FALSE,M1_DIRECTION_MISMATCH|OPENING_SHIELD_ACTIVE_12s
2026-09-07 18:55:12.536,1788807312.536,4526,6,6,4406.19,4406.27,8.0,PASS_<=10c,+0.0,FLAT,+0.0,+0.0,3.0,+0.00,0.00,SLOW,4406.19,4406.19,4406.19,4406.19,0.00,0.00,0.0,BEARISH,0.0,4406.19,4406.19,4406.19,4406.19,12,ACTIVE_12s,1.0,0.0,0.0,0.0,0.0,0.0,0.0,PASS_<20%,0.00,0.0,NO,STANDBY_VEL_LOW,1,1321.86,3268.14,132.45,FALSE,M1_DIRECTION_MISMATCH|OPENING_SHIELD_ACTIVE_12s
2026-09-07 18:55:13.042,1788807313.042,4527,7,7,4406.19,4406.27,8.0,PASS_<=10c,+0.0,FLAT,+0.0,+0.0,3.2,+0.00,0.00,SLOW,4406.19,4406.19,4406.19,4406.19,0.00,0.00,0.0,BEARISH,0.0,4406.19,4406.19,4406.19,4406.19,13,ACTIVE_13s,1.0,0.0,0.0,0.0,0.0,0.0,0.0,PASS_<20%,0.00,0.0,NO,STANDBY_VEL_LOW,1,1321.86,3268.14,132.45,FALSE,M1_DIRECTION_MISMATCH|OPENING_SHIELD_ACTIVE_13s
2026-09-07 18:55:13.544,1788807313.545,4528,8,8,4406.19,4406.27,8.0,PASS_<=10c,+0.0,FLAT,+0.0,+0.0,3.2,+0.00,0.00,SLOW,4406.19,4406.19,4406.19,4406.19,0.00,0.00,0.0,BEARISH,0.0,4406.19,4406.19,4406.19,4406.19,13,ACTIVE_13s,1.0,0.0,0.0,0.0,0.0,0.0,0.0,PASS_<20%,0.00,0.0,NO,STANDBY_VEL_LOW,1,1321.86,3268.14,132.45,FALSE,M1_DIRECTION_MISMATCH|OPENING_SHIELD_ACTIVE_13s
2026-09-07 18:55:14.046,1788807314.047,4529,9,9,4406.19,4406.27,8.0,PASS_<=10c,+0.0,FLAT,+0.0,+0.0,4.4,+0.00,0.00,SLOW,4406.19,4406.19,4406.19,4406.19,0.00,0.00,0.0,BEARISH,0.0,4406.19,4406.19,4406.19,4406.19,14,ACTIVE_14s,1.0,0.0,0.0,0.0,0.0,0.0,0.0,PASS_<20%,0.00,0.0,NO,STANDBY_VEL_LOW,1,1321.86,3268.14,132.45,FALSE,M1_DIRECTION_MISMATCH|OPENING_SHIELD_ACTIVE_14s
2026-09-07 18:55:14.548,1788807314.549,4530,10,10,4406.19,4406.27,8.0,PASS_<=10c,+0.0,FLAT,+0.0,+0.0,4.4,+0.00,0.00,SLOW,4406.19,4406.19,4406.19,4406.19,0.00,0.00,0.0,BEARISH,0.0,4406.19,4406.19,4406.19,4406.19,14,ACTIVE_14s,1.0,0.0,0.0,0.0,0.0,0.0,0.0,PASS_<20%,0.00,0.0,NO,STANDBY_VEL_LOW,1,1321.86,3268.14,132.45,FALSE,M1_DIRECTION_MISMATCH|OPENING_SHIELD_ACTIVE_14s
2026-09-07 18:55:15.050,1788807315.051,4531,11,11,4406.19,4406.27,8.0,PASS_<=10c,+0.0,FLAT,+0.0,+0.0,4.3,+0.00,0.00,SLOW,4406.19,4406.19,4406.19,4406.19,0.00,0.00,0.0,BEARISH,0.0,4406.19,4406.19,4406.19,4406.19,15,ACTIVE_15s,1.0,0.0,0.0,0.0,0.0,0.0,0.0,PASS_<20%,0.00,0.0,NO,STANDBY_VEL_LOW,1,1321.86,3268.14,132.45,FALSE,M1_DIRECTION_MISMATCH|OPENING_SHIELD_ACTIVE_15s
2026-09-07 18:55:15.552,1788807315.553,4532,12,12,4406.19,4406.27,8.0,PASS_<=10c,+0.0,FLAT,+0.0,+0.0,4.2,+0.00,0.00,SLOW,4406.19,4406.19,4406.19,4406.19,0.00,0.00,0.0,BEARISH,0.0,4406.19,4406.19,4406.19,4406.19,15,ACTIVE_15s,1.0,0.0,0.0,0.0,0.0,0.0,0.0,PASS_<20%,0.00,0.0,NO,STANDBY_VEL_LOW,1,1321.86,3268.14,132.45,FALSE,M1_DIRECTION_MISMATCH|OPENING_SHIELD_ACTIVE_15s
2026-09-07 18:55:16.069,1788807316.070,4533,13,13,4406.19,4406.27,8.0,PASS_<=10c,+0.0,FLAT,+0.0,+69.0,4.2,+0.00,0.00,SLOW,4405.50,4406.54,4403.14,4406.23,0.00,0.00,0.0,BEARISH,340.0,4406.19,4406.19,4406.19,4406.19,16,ACTIVE_16s,1.0,0.0,0.0,0.0,0.0,0.0,0.0,PASS_<20%,0.00,0.0,NO,STANDBY_VEL_LOW,1,1321.86,3268.14,132.45,FALSE,M1_DIRECTION_MISMATCH|OPENING_SHIELD_ACTIVE_16s
2026-09-07 18:55:16.560,1788807316.561,4534,14,14,4406.19,4406.27,8.0,PASS_<=10c,+0.0,FLAT,+0.0,+69.0,4.2,+0.00,0.00,SLOW,4405.50,4406.54,4403.14,4406.23,0.00,0.00,0.0,BEARISH,340.0,4406.19,4406.19,4406.19,4406.19,16,ACTIVE_16s,1.0,0.0,0.0,0.0,0.0,0.0,0.0,PASS_<20%,0.00,0.0,NO,STANDBY_VEL_LOW,1,1321.86,3268.14,132.45,FALSE,M1_DIRECTION_MISMATCH|OPENING_SHIELD_ACTIVE_16s
2026-09-07 18:55:17.061,1788807317.062,4535,15,15,4406.19,4406.27,8.0,PASS_<=10c,+0.0,FLAT,+0.0,+69.0,4.2,+0.00,0.00,SLOW,4405.50,4406.54,4403.14,4406.23,0.00,0.00,0.0,BEARISH,340.0,4406.19,4406.19,4406.19,4406.19,17,ACTIVE_17s,1.0,0.0,0.0,0.0,0.0,0.0,0.0,PASS_<20%,0.00,0.0,NO,STANDBY_VEL_LOW,1,1321.86,3268.14,132.45,FALSE,M1_DIRECTION_MISMATCH|OPENING_SHIELD_ACTIVE_17s
2026-09-07 18:55:17.562,1788807317.563,4536,16,16,4406.19,4406.27,8.0,PASS_<=10c,+0.0,FLAT,+0.0,+69.0,4.2,+0.00,0.00,SLOW,4405.50,4406.54,4403.14,4406.23,0.00,0.00,0.0,BEARISH,340.0,4406.19,4406.19,4406.19,4406.19,17,ACTIVE_17s,1.0,0.0,0.0,0.0,0.0,0.0,0.0,PASS_<20%,0.00,0.0,NO,STANDBY_VEL_LOW,1,1321.86,3268.14,132.45,FALSE,M1_DIRECTION_MISMATCH|OPENING_SHIELD_ACTIVE_17s
2026-09-07 18:55:18.064,1788807318.065,4537,17,17,4406.19,4406.27,8.0,PASS_<=10c,+0.0,FLAT,+0.0,+69.0,4.2,+0.00,0.00,SLOW,4405.50,4406.54,4403.14,4406.23,0.00,0.00,0.0,BEARISH,340.0,4406.19,4406.19,4406.19,4406.19,18,ACTIVE_18s,1.0,0.0,0.0,0.0,0.0,0.0,0.0,PASS_<20%,0.00,0.0,NO,STANDBY_VEL_LOW,1,1321.86,3268.14,132.45,FALSE,M1_DIRECTION_MISMATCH|OPENING_SHIELD_ACTIVE_18s
2026-09-07 18:55:23.582,1788807323.582,4538,18,18,4406.19,4406.27,8.0,PASS_<=10c,+0.0,FLAT,+0.0,+69.0,1.5,+0.00,0.00,SLOW,4405.50,4406.54,4403.14,4406.23,0.00,0.00,0.0,BEARISH,340.0,4406.19,4406.19,4406.19,4406.19,23,CLEARED_>=20s,1.0,0.0,0.0,0.0,0.0,0.0,0.0,PASS_<20%,0.00,0.0,NO,STANDBY_VEL_LOW,1,1321.86,3268.14,132.45,FALSE,M1_DIRECTION_MISMATCH
2026-09-07 18:55:33.823,1788807333.824,4539,19,19,4406.19,4406.27,8.0,PASS_<=10c,+0.0,FLAT,+0.0,+69.0,1.3,+0.00,0.00,SLOW,4405.50,4406.54,4403.14,4406.23,0.00,0.00,0.0,BEARISH,340.0,4406.19,4406.19,4406.19,4406.19,33,CLEARED_>=20s,1.0,0.0,0.0,0.0,0.0,0.0,0.0,PASS_<20%,0.00,0.0,NO,STANDBY_VEL_LOW,1,1321.86,3268.14,132.45,FALSE,M1_DIRECTION_MISMATCH
2026-09-07 18:55:35.633,1788807335.633,4540,20,20,4406.19,4406.27,8.0,PASS_<=10c,+0.0,FLAT,+0.0,+69.0,1.7,+0.00,0.00,SLOW,4405.50,4406.54,4403.14,4406.23,0.00,0.00,0.0,BEARISH,340.0,4406.19,4406.19,4406.19,4406.19,35,CLEARED_>=20s,1.0,0.0,0.0,0.0,0.0,0.0,0.0,PASS_<20%,0.00,0.0,NO,STANDBY_VEL_LOW,1,1321.86,3268.14,132.45,FALSE,M1_DIRECTION_MISMATCH
2026-09-07 18:55:36.134,1788807336.135,4541,21,21,4406.19,4406.27,8.0,PASS_<=10c,+0.0,FLAT,+0.0,+69.0,2.2,+0.00,0.00,SLOW,4405.50,4406.54,4403.14,4406.23,0.00,0.00,0.0,BEARISH,340.0,4406.19,4406.19,4406.19,4406.19,36,CLEARED_>=20s,1.0,0.0,0.0,0.0,0.0,0.0,0.0,PASS_<20%,0.00,0.0,NO,STANDBY_VEL_LOW,1,1321.86,3268.14,132.45,FALSE,M1_DIRECTION_MISMATCH
2026-09-07 18:55:36.635,1788807336.636,4542,22,22,4406.19,4406.27,8.0,PASS_<=10c,+0.0,FLAT,+0.0,+69.0,2.5,+0.00,0.00,SLOW,4405.50,4406.54,4403.14,4406.23,0.00,0.00,0.0,BEARISH,340.0,4406.19,4406.19,4406.19,4406.19,36,CLEARED_>=20s,1.0,0.0,0.0,0.0,0.0,0.0,0.0,PASS_<20%,0.00,0.0,NO,STANDBY_VEL_LOW,1,1321.86,3268.14,132.45,FALSE,M1_DIRECTION_MISMATCH
2026-09-07 18:55:37.137,1788807337.138,4543,23,23,4406.19,4406.27,8.0,PASS_<=10c,+0.0,FLAT,+0.0,+69.0,2.7,+0.00,0.00,SLOW,4405.50,4406.54,4403.14,4406.23,0.00,0.00,0.0,BEARISH,340.0,4406.19,4406.19,4406.19,4406.19,37,CLEARED_>=20s,1.0,0.0,0.0,0.0,0.0,0.0,0.0,PASS_<20%,0.00,0.0,NO,STANDBY_VEL_LOW,1,1321.86,3268.14,132.45,FALSE,M1_DIRECTION_MISMATCH
2026-09-07 18:55:37.640,1788807337.640,4544,24,24,4406.19,4406.27,8.0,PASS_<=10c,+0.0,FLAT,+0.0,+69.0,2.9,+0.00,0.00,SLOW,4405.50,4406.54,4403.14,4406.23,0.00,0.00,0.0,BEARISH,340.0,4406.19,4406.19,4406.19,4406.19,37,CLEARED_>=20s,1.0,0.0,0.0,0.0,0.0,0.0,0.0,PASS_<20%,0.00,0.0,NO,STANDBY_VEL_LOW,1,1321.86,3268.14,132.45,FALSE,M1_DIRECTION_MISMATCH
2026-09-07 18:55:38.140,1788807338.141,4545,25,25,4406.19,4406.27,8.0,PASS_<=10c,+0.0,FLAT,+0.0,+69.0,3.0,+0.00,0.00,SLOW,4405.50,4406.54,4403.14,4406.23,0.00,0.00,0.0,BEARISH,340.0,4406.19,4406.19,4406.19,4406.19,38,CLEARED_>=20s,1.0,0.0,0.0,0.0,0.0,0.0,0.0,PASS_<20%,0.00,0.0,NO,STANDBY_VEL_LOW,1,1321.86,3268.14,132.45,FALSE,M1_DIRECTION_MISMATCH
2026-09-07 18:55:38.642,1788807338.642,4546,26,26,4406.19,4406.27,8.0,PASS_<=10c,+0.0,FLAT,+0.0,+69.0,3.1,+0.00,0.00,SLOW,4405.50,4406.54,4403.14,4406.23,0.00,0.00,0.0,BEARISH,340.0,4406.19,4406.19,4406.19,4406.19,38,CLEARED_>=20s,1.0,0.0,0.0,0.0,0.0,0.0,0.0,PASS_<20%,0.00,0.0,NO,STANDBY_VEL_LOW,1,1321.86,3268.14,132.45,FALSE,M1_DIRECTION_MISMATCH
2026-09-07 18:55:39.144,1788807339.144,4547,27,27,4406.19,4406.27,8.0,PASS_<=10c,+0.0,FLAT,+0.0,+69.0,4.4,+0.00,0.00,SLOW,4405.50,4406.54,4403.14,4406.23,0.00,0.00,0.0,BEARISH,340.0,4406.19,4406.19,4406.19,4406.19,39,CLEARED_>=20s,1.0,0.0,0.0,0.0,0.0,0.0,0.0,PASS_<20%,0.00,0.0,NO,STANDBY_VEL_LOW,1,1321.86,3268.14,132.45,FALSE,M1_DIRECTION_MISMATCH
2026-09-07 18:55:39.646,1788807339.646,4548,28,28,4406.19,4406.27,8.0,PASS_<=10c,+0.0,FLAT,+0.0,+69.0,4.4,+0.00,0.00,SLOW,4405.50,4406.54,4403.14,4406.23,0.00,0.00,0.0,BEARISH,340.0,4406.19,4406.19,4406.19,4406.19,39,CLEARED_>=20s,1.0,0.0,0.0,0.0,0.0,0.0,0.0,PASS_<20%,0.00,0.0,NO,STANDBY_VEL_LOW,1,1321.86,3268.14,132.45,FALSE,M1_DIRECTION_MISMATCH
2026-09-07 18:55:40.147,1788807340.148,4549,29,29,4406.19,4406.27,8.0,PASS_<=10c,+0.0,FLAT,+0.0,+69.0,4.3,+0.00,0.00,SLOW,4405.50,4406.54,4403.14,4406.23,0.00,0.00,0.0,BEARISH,340.0,4406.19,4406.19,4406.19,4406.19,40,CLEARED_>=20s,1.0,0.0,0.0,0.0,0.0,0.0,0.0,PASS_<20%,0.00,0.0,NO,STANDBY_VEL_LOW,1,1321.86,3268.14,132.45,FALSE,M1_DIRECTION_MISMATCH
2026-09-07 18:55:40.650,1788807340.650,4550,30,30,4406.19,4406.27,8.0,PASS_<=10c,+0.0,FLAT,+0.0,+69.0,4.2,+0.00,0.00,SLOW,4405.50,4406.54,4403.14,4406.23,0.00,0.00,0.0,BEARISH,340.0,4406.19,4406.19,4406.19,4406.19,40,CLEARED_>=20s,1.0,0.0,0.0,0.0,0.0,0.0,0.0,PASS_<20%,0.00,0.0,NO,STANDBY_VEL_LOW,1,1321.86,3268.14,132.45,FALSE,M1_DIRECTION_MISMATCH
2026-09-07 18:55:41.152,1788807341.152,4551,31,31,4406.19,4406.27,8.0,PASS_<=10c,+0.0,FLAT,+0.0,+69.0,4.2,+0.00,0.00,SLOW,4405.50,4406.54,4403.14,4406.23,0.00,0.00,0.0,BEARISH,340.0,4406.19,4406.19,4406.19,4406.19,41,CLEARED_>=20s,1.0,0.0,0.0,0.0,0.0,0.0,0.0,PASS_<20%,0.00,0.0,NO,STANDBY_VEL_LOW,1,1321.86,3268.14,132.45,FALSE,M1_DIRECTION_MISMATCH
2026-09-07 18:55:41.655,1788807341.655,4552,32,32,4406.19,4406.27,8.0,PASS_<=10c,+0.0,FLAT,+0.0,+69.0,4.2,+0.00,0.00,SLOW,4405.50,4406.54,4403.14,4406.23,0.00,0.00,0.0,BEARISH,340.0,4406.19,4406.19,4406.19,4406.19,41,CLEARED_>=20s,1.0,0.0,0.0,0.0,0.0,0.0,0.0,PASS_<20%,0.00,0.0,NO,STANDBY_VEL_LOW,1,1321.86,3268.14,132.45,FALSE,M1_DIRECTION_MISMATCH
2026-09-07 18:55:42.155,1788807342.156,4553,33,33,4406.19,4406.27,8.0,PASS_<=10c,+0.0,FLAT,+0.0,+69.0,4.2,+0.00,0.00,SLOW,4405.50,4406.54,4403.14,4406.23,0.00,0.00,0.0,BEARISH,340.0,4406.19,4406.19,4406.19,4406.19,42,CLEARED_>=20s,1.0,0.0,0.0,0.0,0.0,0.0,0.0,PASS_<20%,0.00,0.0,NO,STANDBY_VEL_LOW,1,1321.86,3268.14,132.45,FALSE,M1_DIRECTION_MISMATCH
2026-09-07 18:55:42.656,1788807342.657,4554,34,34,4406.19,4406.27,8.0,PASS_<=10c,+0.0,FLAT,+0.0,+69.0,4.2,+0.00,0.00,SLOW,4405.50,4406.54,4403.14,4406.23,0.00,0.00,0.0,BEARISH,340.0,4406.19,4406.19,4406.19,4406.19,42,CLEARED_>=20s,1.0,0.0,0.0,0.0,0.0,0.0,0.0,PASS_<20%,0.00,0.0,NO,STANDBY_VEL_LOW,1,1321.86,3268.14,132.45,FALSE,M1_DIRECTION_MISMATCH
2026-09-07 18:55:43.158,1788807343.158,4555,35,35,4406.19,4406.27,8.0,PASS_<=10c,+0.0,FLAT,+0.0,+69.0,4.2,+0.00,0.00,SLOW,4405.50,4406.54,4403.14,4406.23,0.00,0.00,0.0,BEARISH,340.0,4406.19,4406.19,4406.19,4406.19,43,CLEARED_>=20s,1.0,0.0,0.0,0.0,0.0,0.0,0.0,PASS_<20%,0.00,0.0,NO,STANDBY_VEL_LOW,1,1321.86,3268.14,132.45,FALSE,M1_DIRECTION_MISMATCH
2026-09-07 18:55:48.676,1788807348.677,4556,36,36,4406.19,4406.27,8.0,PASS_<=10c,+0.0,FLAT,+0.0,+69.0,1.5,+0.00,0.00,SLOW,4405.50,4406.54,4403.14,4406.23,0.00,0.00,0.0,BEARISH,340.0,4406.19,4406.19,4406.19,4406.19,48,CLEARED_>=20s,1.0,0.0,0.0,0.0,0.0,0.0,0.0,PASS_<20%,0.00,0.0,NO,STANDBY_VEL_LOW,1,1321.86,3268.14,132.45,FALSE,M1_DIRECTION_MISMATCH
2026-09-07 18:55:58.924,1788807358.924,4557,37,37,4406.19,4406.27,8.0,PASS_<=10c,+0.0,FLAT,+0.0,+69.0,1.3,+0.00,0.00,SLOW,4405.50,4406.54,4403.14,4406.23,0.00,0.00,0.0,BEARISH,340.0,4406.19,4406.19,4406.19,4406.19,58,CLEARED_>=20s,1.0,0.0,0.0,0.0,0.0,0.0,0.0,PASS_<20%,0.00,0.0,NO,STANDBY_VEL_LOW,1,1321.86,3268.14,132.45,FALSE,M1_DIRECTION_MISMATCH
2026-09-07 18:56:00.533,1788807360.534,4558,1,38,4406.19,4406.27,8.0,PASS_<=10c,+0.0,FLAT,+0.0,+69.0,1.9,+0.00,0.00,SLOW,4405.50,4406.54,4403.14,4406.23,0.00,0.00,0.0,BEARISH,340.0,4406.19,4406.19,4406.19,4406.19,0,ACTIVE_0s,1.0,0.0,0.0,0.0,0.0,0.0,0.0,PASS_<20%,0.00,0.0,NO,STANDBY_VEL_LOW,1,1321.86,3268.14,132.45,FALSE,M1_DIRECTION_MISMATCH|OPENING_SHIELD_ACTIVE_0s
2026-09-07 18:56:01.037,1788807361.037,4559,2,39,4406.19,4406.27,8.0,PASS_<=10c,+0.0,FLAT,+0.0,+69.0,2.4,+0.00,0.00,SLOW,4405.50,4406.54,4403.14,4406.23,0.00,0.00,0.0,BEARISH,340.0,4406.19,4406.19,4406.19,4406.19,1,ACTIVE_1s,1.0,0.0,0.0,0.0,0.0,0.0,0.0,PASS_<20%,0.00,0.0,NO,STANDBY_VEL_LOW,1,1321.86,3268.14,132.45,FALSE,M1_DIRECTION_MISMATCH|OPENING_SHIELD_ACTIVE_1s
2026-09-07 18:56:01.538,1788807361.538,4560,3,40,4406.19,4406.27,8.0,PASS_<=10c,+0.0,FLAT,+0.0,+69.0,2.7,+0.00,0.00,SLOW,4405.50,4406.54,4403.14,4406.23,0.00,0.00,0.0,BEARISH,340.0,4406.19,4406.19,4406.19,4406.19,1,ACTIVE_1s,1.0,0.0,0.0,0.0,0.0,0.0,0.0,PASS_<20%,0.00,0.0,NO,STANDBY_VEL_LOW,1,1321.86,3268.14,132.45,FALSE,M1_DIRECTION_MISMATCH|OPENING_SHIELD_ACTIVE_1s
2026-09-07 18:56:02.041,1788807362.042,4561,4,41,4406.19,4406.27,8.0,PASS_<=10c,+0.0,FLAT,+0.0,+69.0,2.9,+0.00,0.00,SLOW,4405.50,4406.54,4403.14,4406.23,0.00,0.00,0.0,BEARISH,340.0,4406.19,4406.19,4406.19,4406.19,2,ACTIVE_2s,1.0,0.0,0.0,0.0,0.0,0.0,0.0,PASS_<20%,0.00,0.0,NO,STANDBY_VEL_LOW,1,1321.86,3268.14,132.45,FALSE,M1_DIRECTION_MISMATCH|OPENING_SHIELD_ACTIVE_2s
2026-09-07 18:56:02.541,1788807362.542,4562,5,42,4406.19,4406.27,8.0,PASS_<=10c,+0.0,FLAT,+0.0,+69.0,3.0,+0.00,0.00,SLOW,4405.50,4406.54,4403.14,4406.23,0.00,0.00,0.0,BEARISH,340.0,4406.19,4406.19,4406.19,4406.19,2,ACTIVE_2s,1.0,0.0,0.0,0.0,0.0,0.0,0.0,PASS_<20%,0.00,0.0,NO,STANDBY_VEL_LOW,1,1321.86,3268.14,132.45,FALSE,M1_DIRECTION_MISMATCH|OPENING_SHIELD_ACTIVE_2s
2026-09-07 18:56:03.044,1788807363.045,4563,6,43,4406.19,4406.27,8.0,PASS_<=10c,+0.0,FLAT,+0.0,+69.0,3.2,+0.00,0.00,SLOW,4405.50,4406.54,4403.14,4406.23,0.00,0.00,0.0,BEARISH,340.0,4406.19,4406.19,4406.19,4406.19,3,ACTIVE_3s,1.0,0.0,0.0,0.0,0.0,0.0,0.0,PASS_<20%,0.00,0.0,NO,STANDBY_VEL_LOW,1,1321.86,3268.14,132.45,FALSE,M1_DIRECTION_MISMATCH|OPENING_SHIELD_ACTIVE_3s
2026-09-07 18:56:03.544,1788807363.545,4564,7,44,4406.19,4406.27,8.0,PASS_<=10c,+0.0,FLAT,+0.0,+69.0,3.2,+0.00,0.00,SLOW,4405.50,4406.54,4403.14,4406.23,0.00,0.00,0.0,BEARISH,340.0,4406.19,4406.19,4406.19,4406.19,3,ACTIVE_3s,1.0,0.0,0.0,0.0,0.0,0.0,0.0,PASS_<20%,0.00,0.0,NO,STANDBY_VEL_LOW,1,1321.86,3268.14,132.45,FALSE,M1_DIRECTION_MISMATCH|OPENING_SHIELD_ACTIVE_3s
2026-09-07 18:56:04.046,1788807364.046,4565,8,45,4406.19,4406.27,8.0,PASS_<=10c,+0.0,FLAT,+0.0,+69.0,4.4,+0.00,0.00,SLOW,4405.50,4406.54,4403.14,4406.23,0.00,0.00,0.0,BEARISH,340.0,4406.19,4406.19,4406.19,4406.19,4,ACTIVE_4s,1.0,0.0,0.0,0.0,0.0,0.0,0.0,PASS_<20%,0.00,0.0,NO,STANDBY_VEL_LOW,1,1321.86,3268.14,132.45,FALSE,M1_DIRECTION_MISMATCH|OPENING_SHIELD_ACTIVE_4s
2026-09-07 18:56:04.547,1788807364.547,4566,9,46,4406.19,4406.27,8.0,PASS_<=10c,+0.0,FLAT,+0.0,+69.0,4.4,+0.00,0.00,SLOW,4405.50,4406.54,4403.14,4406.23,0.00,0.00,0.0,BEARISH,340.0,4406.19,4406.19,4406.19,4406.19,4,ACTIVE_4s,1.0,0.0,0.0,0.0,0.0,0.0,0.0,PASS_<20%,0.00,0.0,NO,STANDBY_VEL_LOW,1,1321.86,3268.14,132.45,FALSE,M1_DIRECTION_MISMATCH|OPENING_SHIELD_ACTIVE_4s
2026-09-07 18:56:05.049,1788807365.049,4567,10,47,4406.19,4406.27,8.0,PASS_<=10c,+0.0,FLAT,+0.0,+69.0,4.3,+0.00,0.00,SLOW,4405.50,4406.54,4403.14,4406.23,0.00,0.00,0.0,BEARISH,340.0,4406.19,4406.19,4406.19,4406.19,5,ACTIVE_5s,1.0,0.0,0.0,0.0,0.0,0.0,0.0,PASS_<20%,0.00,0.0,NO,STANDBY_VEL_LOW,1,1321.86,3268.14,132.45,FALSE,M1_DIRECTION_MISMATCH|OPENING_SHIELD_ACTIVE_5s
2026-09-07 18:56:05.550,1788807365.551,4568,11,48,4406.19,4406.27,8.0,PASS_<=10c,+0.0,FLAT,+0.0,+69.0,4.2,+0.00,0.00,SLOW,4405.50,4406.54,4403.14,4406.23,0.00,0.00,0.0,BEARISH,340.0,4406.19,4406.19,4406.19,4406.19,5,ACTIVE_5s,1.0,0.0,0.0,0.0,0.0,0.0,0.0,PASS_<20%,0.00,0.0,NO,STANDBY_VEL_LOW,1,1321.86,3268.14,132.45,FALSE,M1_DIRECTION_MISMATCH|OPENING_SHIELD_ACTIVE_5s
2026-09-07 18:56:06.051,1788807366.052,4569,12,49,4406.19,4406.27,8.0,PASS_<=10c,+0.0,FLAT,+0.0,+69.0,4.2,+0.00,0.00,SLOW,4405.50,4406.54,4403.14,4406.23,0.00,0.00,0.0,BEARISH,340.0,4406.19,4406.19,4406.19,4406.19,6,ACTIVE_6s,1.0,0.0,0.0,0.0,0.0,0.0,0.0,PASS_<20%,0.00,0.0,NO,STANDBY_VEL_LOW,1,1321.86,3268.14,132.45,FALSE,M1_DIRECTION_MISMATCH|OPENING_SHIELD_ACTIVE_6s
2026-09-07 18:56:06.553,1788807366.554,4570,13,50,4406.19,4406.27,8.0,PASS_<=10c,+0.0,FLAT,+0.0,+69.0,4.2,+0.00,0.00,SLOW,4405.50,4406.54,4403.14,4406.23,0.00,0.00,0.0,BEARISH,340.0,4406.19,4406.19,4406.19,4406.19,6,ACTIVE_6s,1.0,0.0,0.0,0.0,0.0,0.0,0.0,PASS_<20%,0.00,0.0,NO,STANDBY_VEL_LOW,1,1321.86,3268.14,132.45,FALSE,M1_DIRECTION_MISMATCH|OPENING_SHIELD_ACTIVE_6s
2026-09-07 18:56:07.055,1788807367.055,4571,14,51,4406.19,4406.27,8.0,PASS_<=10c,+0.0,FLAT,+0.0,+69.0,4.2,+0.00,0.00,SLOW,4405.50,4406.54,4403.14,4406.23,0.00,0.00,0.0,BEARISH,340.0,4406.19,4406.19,4406.19,4406.19,7,ACTIVE_7s,1.0,0.0,0.0,0.0,0.0,0.0,0.0,PASS_<20%,0.00,0.0,NO,STANDBY_VEL_LOW,1,1321.86,3268.14,132.45,FALSE,M1_DIRECTION_MISMATCH|OPENING_SHIELD_ACTIVE_7s
2026-09-07 18:56:07.556,1788807367.557,4572,15,52,4406.19,4406.27,8.0,PASS_<=10c,+0.0,FLAT,+0.0,+69.0,4.2,+0.00,0.00,SLOW,4405.50,4406.54,4403.14,4406.23,0.00,0.00,0.0,BEARISH,340.0,4406.19,4406.19,4406.19,4406.19,7,ACTIVE_7s,1.0,0.0,0.0,0.0,0.0,0.0,0.0,PASS_<20%,0.00,0.0,NO,STANDBY_VEL_LOW,1,1321.86,3268.14,132.45,FALSE,M1_DIRECTION_MISMATCH|OPENING_SHIELD_ACTIVE_7s
2026-09-07 18:56:08.058,1788807368.058,4573,16,53,4406.19,4406.27,8.0,PASS_<=10c,+0.0,FLAT,+0.0,+69.0,4.2,+0.00,0.00,SLOW,4405.50,4406.54,4403.14,4406.23,0.00,0.00,0.0,BEARISH,340.0,4406.19,4406.19,4406.19,4406.19,8,ACTIVE_8s,1.0,0.0,0.0,0.0,0.0,0.0,0.0,PASS_<20%,0.00,0.0,NO,STANDBY_VEL_LOW,1,1321.86,3268.14,132.45,FALSE,M1_DIRECTION_MISMATCH|OPENING_SHIELD_ACTIVE_8s
2026-09-07 18:56:13.573,1788807373.574,4574,17,54,4406.19,4406.27,8.0,PASS_<=10c,+0.0,FLAT,+0.0,+69.0,1.5,+0.00,0.00,SLOW,4405.50,4406.54,4403.14,4406.23,0.00,0.00,0.0,BEARISH,340.0,4406.19,4406.19,4406.19,4406.19,13,ACTIVE_13s,1.0,0.0,0.0,0.0,0.0,0.0,0.0,PASS_<20%,0.00,0.0,NO,STANDBY_VEL_LOW,1,1321.86,3268.14,132.45,FALSE,M1_DIRECTION_MISMATCH|OPENING_SHIELD_ACTIVE_13s
2026-09-07 18:56:23.802,1788807383.802,4575,18,55,4406.19,4406.27,8.0,PASS_<=10c,+0.0,FLAT,+0.0,+69.0,1.3,+0.00,0.00,SLOW,4405.50,4406.54,4403.14,4406.23,0.00,0.00,0.0,BEARISH,340.0,4406.19,4406.19,4406.19,4406.19,23,CLEARED_>=20s,1.0,0.0,0.0,0.0,0.0,0.0,0.0,PASS_<20%,0.00,0.0,NO,STANDBY_VEL_LOW,1,1321.86,3268.14,132.45,FALSE,M1_DIRECTION_MISMATCH
2026-09-07 18:56:25.414,1788807385.414,4576,19,56,4406.19,4406.27,8.0,PASS_<=10c,+0.0,FLAT,+0.0,+69.0,1.9,+0.00,0.00,SLOW,4405.50,4406.54,4403.14,4406.23,0.00,0.00,0.0,BEARISH,340.0,4406.19,4406.19,4406.19,4406.19,25,CLEARED_>=20s,1.0,0.0,0.0,0.0,0.0,0.0,0.0,PASS_<20%,0.00,0.0,NO,STANDBY_VEL_LOW,1,1321.86,3268.14,132.45,FALSE,M1_DIRECTION_MISMATCH
2026-09-07 18:56:25.916,1788807385.917,4577,20,57,4406.19,4406.27,8.0,PASS_<=10c,+0.0,FLAT,+0.0,+69.0,2.4,+0.00,0.00,SLOW,4405.50,4406.54,4403.14,4406.23,0.00,0.00,0.0,BEARISH,340.0,4406.19,4406.19,4406.19,4406.19,25,CLEARED_>=20s,1.0,0.0,0.0,0.0,0.0,0.0,0.0,PASS_<20%,0.00,0.0,NO,STANDBY_VEL_LOW,1,1321.86,3268.14,132.45,FALSE,M1_DIRECTION_MISMATCH
2026-09-07 18:56:26.417,1788807386.418,4578,21,58,4406.19,4406.27,8.0,PASS_<=10c,+0.0,FLAT,+0.0,+69.0,2.7,+0.00,0.00,SLOW,4405.50,4406.54,4403.14,4406.23,0.00,0.00,0.0,BEARISH,340.0,4406.19,4406.19,4406.19,4406.19,26,CLEARED_>=20s,1.0,0.0,0.0,0.0,0.0,0.0,0.0,PASS_<20%,0.00,0.0,NO,STANDBY_VEL_LOW,1,1321.86,3268.14,132.45,FALSE,M1_DIRECTION_MISMATCH
2026-09-07 18:56:26.919,1788807386.920,4579,22,59,4406.19,4406.27,8.0,PASS_<=10c,+0.0,FLAT,+0.0,+69.0,2.9,+0.00,0.00,SLOW,4405.50,4406.54,4403.14,4406.23,0.00,0.00,0.0,BEARISH,340.0,4406.19,4406.19,4406.19,4406.19,26,CLEARED_>=20s,1.0,0.0,0.0,0.0,0.0,0.0,0.0,PASS_<20%,0.00,0.0,NO,STANDBY_VEL_LOW,1,1321.86,3268.14,132.45,FALSE,M1_DIRECTION_MISMATCH
2026-09-07 18:56:27.420,1788807387.421,4580,23,60,4406.19,4406.27,8.0,PASS_<=10c,+0.0,FLAT,+0.0,+69.0,3.0,+0.00,0.00,SLOW,4405.50,4406.54,4403.14,4406.23,0.00,0.00,0.0,BEARISH,340.0,4406.19,4406.19,4406.19,4406.19,27,CLEARED_>=20s,1.0,0.0,0.0,0.0,0.0,0.0,0.0,PASS_<20%,0.00,0.0,NO,STANDBY_VEL_LOW,1,1321.86,3268.14,132.45,FALSE,M1_DIRECTION_MISMATCH
2026-09-07 18:56:27.923,1788807387.923,4581,24,61,4406.19,4406.27,8.0,PASS_<=10c,+0.0,FLAT,+0.0,+69.0,3.2,+0.00,0.00,SLOW,4405.50,4406.54,4403.14,4406.23,0.00,0.00,0.0,BEARISH,340.0,4406.19,4406.19,4406.19,4406.19,27,CLEARED_>=20s,1.0,0.0,0.0,0.0,0.0,0.0,0.0,PASS_<20%,0.00,0.0,NO,STANDBY_VEL_LOW,1,1321.86,3268.14,132.45,FALSE,M1_DIRECTION_MISMATCH
2026-09-07 18:56:28.424,1788807388.425,4582,25,62,4406.19,4406.27,8.0,PASS_<=10c,+0.0,FLAT,+0.0,+69.0,3.2,+0.00,0.00,SLOW,4405.50,4406.54,4403.14,4406.23,0.00,0.00,0.0,BEARISH,340.0,4406.19,4406.19,4406.19,4406.19,28,CLEARED_>=20s,1.0,0.0,0.0,0.0,0.0,0.0,0.0,PASS_<20%,0.00,0.0,NO,STANDBY_VEL_LOW,1,1321.86,3268.14,132.45,FALSE,M1_DIRECTION_MISMATCH
2026-09-07 18:56:28.926,1788807388.927,4583,26,63,4406.19,4406.27,8.0,PASS_<=10c,+0.0,FLAT,+0.0,+69.0,4.4,+0.00,0.00,SLOW,4405.50,4406.54,4403.14,4406.23,0.00,0.00,0.0,BEARISH,340.0,4406.19,4406.19,4406.19,4406.19,28,CLEARED_>=20s,1.0,0.0,0.0,0.0,0.0,0.0,0.0,PASS_<20%,0.00,0.0,NO,STANDBY_VEL_LOW,1,1321.86,3268.14,132.45,FALSE,M1_DIRECTION_MISMATCH
2026-09-07 18:56:29.428,1788807389.428,4584,27,64,4406.19,4406.27,8.0,PASS_<=10c,+0.0,FLAT,+0.0,+69.0,4.4,+0.00,0.00,SLOW,4405.50,4406.54,4403.14,4406.23,0.00,0.00,0.0,BEARISH,340.0,4406.19,4406.19,4406.19,4406.19,29,CLEARED_>=20s,1.0,0.0,0.0,0.0,0.0,0.0,0.0,PASS_<20%,0.00,0.0,NO,STANDBY_VEL_LOW,1,1321.86,3268.14,132.45,FALSE,M1_DIRECTION_MISMATCH
2026-09-07 18:56:29.929,1788807389.930,4585,28,65,4406.19,4406.27,8.0,PASS_<=10c,+0.0,FLAT,+0.0,+69.0,4.3,+0.00,0.00,SLOW,4405.50,4406.54,4403.14,4406.23,0.00,0.00,0.0,BEARISH,340.0,4406.19,4406.19,4406.19,4406.19,29,CLEARED_>=20s,1.0,0.0,0.0,0.0,0.0,0.0,0.0,PASS_<20%,0.00,0.0,NO,STANDBY_VEL_LOW,1,1321.86,3268.14,132.45,FALSE,M1_DIRECTION_MISMATCH
2026-09-07 18:56:30.431,1788807390.432,4586,29,66,4406.19,4406.27,8.0,PASS_<=10c,+0.0,FLAT,+0.0,+69.0,4.2,+0.00,0.00,SLOW,4405.50,4406.54,4403.14,4406.23,0.00,0.00,0.0,BEARISH,340.0,4406.19,4406.19,4406.19,4406.19,30,CLEARED_>=20s,1.0,0.0,0.0,0.0,0.0,0.0,0.0,PASS_<20%,0.00,0.0,NO,STANDBY_VEL_LOW,1,1321.86,3268.14,132.45,FALSE,M1_DIRECTION_MISMATCH
2026-09-07 18:56:30.934,1788807390.934,4587,30,67,4406.19,4406.27,8.0,PASS_<=10c,+0.0,FLAT,+0.0,+69.0,4.2,+0.00,0.00,SLOW,4405.50,4406.54,4403.14,4406.23,0.00,0.00,0.0,BEARISH,340.0,4406.19,4406.19,4406.19,4406.19,30,CLEARED_>=20s,1.0,0.0,0.0,0.0,0.0,0.0,0.0,PASS_<20%,0.00,0.0,NO,STANDBY_VEL_LOW,1,1321.86,3268.14,132.45,FALSE,M1_DIRECTION_MISMATCH
2026-09-07 18:56:31.436,1788807391.436,4588,31,68,4406.19,4406.27,8.0,PASS_<=10c,+0.0,FLAT,+0.0,+69.0,4.2,+0.00,0.00,SLOW,4405.50,4406.54,4403.14,4406.23,0.00,0.00,0.0,BEARISH,340.0,4406.19,4406.19,4406.19,4406.19,31,CLEARED_>=20s,1.0,0.0,0.0,0.0,0.0,0.0,0.0,PASS_<20%,0.00,0.0,NO,STANDBY_VEL_LOW,1,1321.86,3268.14,132.45,FALSE,M1_DIRECTION_MISMATCH
2026-09-07 18:56:31.937,1788807391.938,4589,32,69,4406.19,4406.27,8.0,PASS_<=10c,+0.0,FLAT,+0.0,+69.0,4.2,+0.00,0.00,SLOW,4405.50,4406.54,4403.14,4406.23,0.00,0.00,0.0,BEARISH,340.0,4406.19,4406.19,4406.19,4406.19,31,CLEARED_>=20s,1.0,0.0,0.0,0.0,0.0,0.0,0.0,PASS_<20%,0.00,0.0,NO,STANDBY_VEL_LOW,1,1321.86,3268.14,132.45,FALSE,M1_DIRECTION_MISMATCH
2026-09-07 18:56:32.438,1788807392.438,4590,33,70,4406.19,4406.27,8.0,PASS_<=10c,+0.0,FLAT,+0.0,+69.0,4.2,+0.00,0.00,SLOW,4405.50,4406.54,4403.14,4406.23,0.00,0.00,0.0,BEARISH,340.0,4406.19,4406.19,4406.19,4406.19,32,CLEARED_>=20s,1.0,0.0,0.0,0.0,0.0,0.0,0.0,PASS_<20%,0.00,0.0,NO,STANDBY_VEL_LOW,1,1321.86,3268.14,132.45,FALSE,M1_DIRECTION_MISMATCH
2026-09-07 18:56:32.940,1788807392.941,4591,34,71,4406.19,4406.27,8.0,PASS_<=10c,+0.0,FLAT,+0.0,+69.0,4.2,+0.00,0.00,SLOW,4405.50,4406.54,4403.14,4406.23,0.00,0.00,0.0,BEARISH,340.0,4406.19,4406.19,4406.19,4406.19,32,CLEARED_>=20s,1.0,0.0,0.0,0.0,0.0,0.0,0.0,PASS_<20%,0.00,0.0,NO,STANDBY_VEL_LOW,1,1321.86,3268.14,132.45,FALSE,M1_DIRECTION_MISMATCH
2026-09-07 18:56:38.456,1788807398.457,4592,35,72,4406.19,4406.27,8.0,PASS_<=10c,+0.0,FLAT,+0.0,+69.0,1.6,+0.00,0.00,SLOW,4405.50,4406.54,4403.14,4406.23,0.00,0.00,0.0,BEARISH,340.0,4406.19,4406.19,4406.19,4406.19,38,CLEARED_>=20s,1.0,0.0,0.0,0.0,0.0,0.0,0.0,PASS_<20%,0.00,0.0,NO,STANDBY_VEL_LOW,1,1321.86,3268.14,132.45,FALSE,M1_DIRECTION_MISMATCH
2026-09-07 18:56:48.691,1788807408.692,4593,36,73,4406.19,4406.27,8.0,PASS_<=10c,+0.0,FLAT,+0.0,+69.0,1.3,+0.00,0.00,SLOW,4405.50,4406.54,4403.14,4406.23,0.00,0.00,0.0,BEARISH,340.0,4406.19,4406.19,4406.19,4406.19,48,CLEARED_>=20s,1.0,0.0,0.0,0.0,0.0,0.0,0.0,PASS_<20%,0.00,0.0,NO,STANDBY_VEL_LOW,1,1321.86,3268.14,132.45,FALSE,M1_DIRECTION_MISMATCH
2026-09-07 18:56:51.706,1788807411.706,4594,37,74,4406.19,4406.27,8.0,PASS_<=10c,+0.0,FLAT,+0.0,+69.0,1.3,+0.00,0.00,SLOW,4405.50,4406.54,4403.14,4406.23,0.00,0.00,0.0,BEARISH,340.0,4406.19,4406.19,4406.19,4406.19,51,CLEARED_>=20s,1.0,0.0,0.0,0.0,0.0,0.0,0.0,PASS_<20%,0.00,0.0,NO,STANDBY_VEL_LOW,1,1321.86,3268.14,132.45,FALSE,M1_DIRECTION_MISMATCH
2026-09-07 18:56:52.207,1788807412.208,4595,38,75,4406.19,4406.27,8.0,PASS_<=10c,+0.0,FLAT,+0.0,+69.0,1.4,+0.00,0.00,SLOW,4405.50,4406.54,4403.14,4406.23,0.00,0.00,0.0,BEARISH,340.0,4406.19,4406.19,4406.19,4406.19,52,CLEARED_>=20s,1.0,0.0,0.0,0.0,0.0,0.0,0.0,PASS_<20%,0.00,0.0,NO,STANDBY_VEL_LOW,1,1321.86,3268.14,132.45,FALSE,M1_DIRECTION_MISMATCH
2026-09-07 18:56:52.709,1788807412.709,4596,39,76,4406.19,4406.27,8.0,PASS_<=10c,+0.0,FLAT,+0.0,+69.0,1.7,+0.00,0.00,SLOW,4405.50,4406.54,4403.14,4406.23,0.00,0.00,0.0,BEARISH,340.0,4406.19,4406.19,4406.19,4406.19,52,CLEARED_>=20s,1.0,0.0,0.0,0.0,0.0,0.0,0.0,PASS_<20%,0.00,0.0,NO,STANDBY_VEL_LOW,1,1321.86,3268.14,132.45,FALSE,M1_DIRECTION_MISMATCH
2026-09-07 18:56:53.210,1788807413.210,4597,40,77,4406.19,4406.27,8.0,PASS_<=10c,+0.0,FLAT,+0.0,+69.0,2.0,+0.00,0.00,SLOW,4405.50,4406.54,4403.14,4406.23,0.00,0.00,0.0,BEARISH,340.0,4406.19,4406.19,4406.19,4406.19,53,CLEARED_>=20s,1.0,0.0,0.0,0.0,0.0,0.0,0.0,PASS_<20%,0.00,0.0,NO,STANDBY_VEL_LOW,1,1321.86,3268.14,132.45,FALSE,M1_DIRECTION_MISMATCH
2026-09-07 18:56:53.711,1788807413.712,4598,41,78,4406.19,4406.27,8.0,PASS_<=10c,+0.0,FLAT,+0.0,+69.0,4.7,+0.00,0.00,SLOW,4405.50,4406.54,4403.14,4406.23,0.00,0.00,0.0,BEARISH,340.0,4406.19,4406.19,4406.19,4406.19,53,CLEARED_>=20s,1.0,0.0,0.0,0.0,0.0,0.0,0.0,PASS_<20%,0.00,0.0,NO,STANDBY_VEL_LOW,1,1321.86,3268.14,132.45,FALSE,M1_DIRECTION_MISMATCH
2026-09-07 18:56:54.213,1788807414.213,4599,42,79,4406.19,4406.27,8.0,PASS_<=10c,+0.0,FLAT,+0.0,+69.0,4.6,+0.00,0.00,SLOW,4405.50,4406.54,4403.14,4406.23,0.00,0.00,0.0,BEARISH,340.0,4406.19,4406.19,4406.19,4406.19,54,CLEARED_>=20s,1.0,0.0,0.0,0.0,0.0,0.0,0.0,PASS_<20%,0.00,0.0,NO,STANDBY_VEL_LOW,1,1321.86,3268.14,132.45,FALSE,M1_DIRECTION_MISMATCH
2026-09-07 18:56:54.715,1788807414.715,4600,43,80,4406.19,4406.27,8.0,PASS_<=10c,+0.0,FLAT,+0.0,+69.0,4.5,+0.00,0.00,SLOW,4405.50,4406.54,4403.14,4406.23,0.00,0.00,0.0,BEARISH,340.0,4406.19,4406.19,4406.19,4406.19,54,CLEARED_>=20s,1.0,0.0,0.0,0.0,0.0,0.0,0.0,PASS_<20%,0.00,0.0,NO,STANDBY_VEL_LOW,1,1321.86,3268.14,132.45,FALSE,M1_DIRECTION_MISMATCH
2026-09-07 18:56:55.216,1788807415.217,4601,44,81,4406.19,4406.27,8.0,PASS_<=10c,+0.0,FLAT,+0.0,+69.0,4.4,+0.00,0.00,SLOW,4405.50,4406.54,4403.14,4406.23,0.00,0.00,0.0,BEARISH,340.0,4406.19,4406.19,4406.19,4406.19,55,CLEARED_>=20s,1.0,0.0,0.0,0.0,0.0,0.0,0.0,PASS_<20%,0.00,0.0,NO,STANDBY_VEL_LOW,1,1321.86,3268.14,132.45,FALSE,M1_DIRECTION_MISMATCH
2026-09-07 18:56:55.718,1788807415.718,4602,45,82,4406.19,4406.27,8.0,PASS_<=10c,+0.0,FLAT,+0.0,+69.0,4.4,+0.00,0.00,SLOW,4405.50,4406.54,4403.14,4406.23,0.00,0.00,0.0,BEARISH,340.0,4406.19,4406.19,4406.19,4406.19,55,CLEARED_>=20s,1.0,0.0,0.0,0.0,0.0,0.0,0.0,PASS_<20%,0.00,0.0,NO,STANDBY_VEL_LOW,1,1321.86,3268.14,132.45,FALSE,M1_DIRECTION_MISMATCH
2026-09-07 18:56:56.220,1788807416.220,4603,46,83,4406.19,4406.27,8.0,PASS_<=10c,+0.0,FLAT,+0.0,+69.0,4.3,+0.00,0.00,SLOW,4405.50,4406.54,4403.14,4406.23,0.00,0.00,0.0,BEARISH,340.0,4406.19,4406.19,4406.19,4406.19,56,CLEARED_>=20s,1.0,0.0,0.0,0.0,0.0,0.0,0.0,PASS_<20%,0.00,0.0,NO,STANDBY_VEL_LOW,1,1321.86,3268.14,132.45,FALSE,M1_DIRECTION_MISMATCH
2026-09-07 18:56:56.721,1788807416.721,4604,47,84,4406.19,4406.27,8.0,PASS_<=10c,+0.0,FLAT,+0.0,+69.0,4.2,+0.00,0.00,SLOW,4405.50,4406.54,4403.14,4406.23,0.00,0.00,0.0,BEARISH,340.0,4406.19,4406.19,4406.19,4406.19,56,CLEARED_>=20s,1.0,0.0,0.0,0.0,0.0,0.0,0.0,PASS_<20%,0.00,0.0,NO,STANDBY_VEL_LOW,1,1321.86,3268.14,132.45,FALSE,M1_DIRECTION_MISMATCH
2026-09-07 18:56:57.222,1788807417.223,4605,48,85,4406.19,4406.27,8.0,PASS_<=10c,+0.0,FLAT,+0.0,+69.0,4.2,+0.00,0.00,SLOW,4405.50,4406.54,4403.14,4406.23,0.00,0.00,0.0,BEARISH,340.0,4406.19,4406.19,4406.19,4406.19,57,CLEARED_>=20s,1.0,0.0,0.0,0.0,0.0,0.0,0.0,PASS_<20%,0.00,0.0,NO,STANDBY_VEL_LOW,1,1321.86,3268.14,132.45,FALSE,M1_DIRECTION_MISMATCH
2026-09-07 18:56:57.724,1788807417.725,4606,49,86,4406.19,4406.27,8.0,PASS_<=10c,+0.0,FLAT,+0.0,+69.0,4.2,+0.00,0.00,SLOW,4405.50,4406.54,4403.14,4406.23,0.00,0.00,0.0,BEARISH,340.0,4406.19,4406.19,4406.19,4406.19,57,CLEARED_>=20s,1.0,0.0,0.0,0.0,0.0,0.0,0.0,PASS_<20%,0.00,0.0,NO,STANDBY_VEL_LOW,1,1321.86,3268.14,132.45,FALSE,M1_DIRECTION_MISMATCH
2026-09-07 18:56:58.225,1788807418.226,4607,50,87,4406.19,4406.27,8.0,PASS_<=10c,+0.0,FLAT,+0.0,+69.0,4.2,+0.00,0.00,SLOW,4405.50,4406.54,4403.14,4406.23,0.00,0.00,0.0,BEARISH,340.0,4406.19,4406.19,4406.19,4406.19,58,CLEARED_>=20s,1.0,0.0,0.0,0.0,0.0,0.0,0.0,PASS_<20%,0.00,0.0,NO,STANDBY_VEL_LOW,1,1321.86,3268.14,132.45,FALSE,M1_DIRECTION_MISMATCH
2026-09-07 18:56:58.727,1788807418.728,4608,51,88,4406.19,4406.27,8.0,PASS_<=10c,+0.0,FLAT,+0.0,+69.0,4.2,+0.00,0.00,SLOW,4405.50,4406.54,4403.14,4406.23,0.00,0.00,0.0,BEARISH,340.0,4406.19,4406.19,4406.19,4406.19,58,CLEARED_>=20s,1.0,0.0,0.0,0.0,0.0,0.0,0.0,PASS_<20%,0.00,0.0,NO,STANDBY_VEL_LOW,1,1321.86,3268.14,132.45,FALSE,M1_DIRECTION_MISMATCH
2026-09-07 18:56:59.229,1788807419.230,4609,52,89,4406.19,4406.27,8.0,PASS_<=10c,+0.0,FLAT,+0.0,+69.0,4.2,+0.00,0.00,SLOW,4405.50,4406.54,4403.14,4406.23,0.00,0.00,0.0,BEARISH,340.0,4406.19,4406.19,4406.19,4406.19,59,CLEARED_>=20s,1.0,0.0,0.0,0.0,0.0,0.0,0.0,PASS_<20%,0.00,0.0,NO,STANDBY_VEL_LOW,1,1321.86,3268.14,132.45,FALSE,M1_DIRECTION_MISMATCH
2026-09-07 18:57:04.745,1788807424.746,4610,1,90,4406.19,4406.27,8.0,PASS_<=10c,+0.0,FLAT,+0.0,+69.0,1.5,+0.00,0.00,SLOW,4405.50,4406.54,4403.14,4406.23,0.00,0.00,0.0,BEARISH,340.0,4406.19,4406.19,4406.19,4406.19,4,ACTIVE_4s,1.0,0.0,0.0,0.0,0.0,0.0,0.0,PASS_<20%,0.00,0.0,NO,STANDBY_VEL_LOW,1,1321.86,3268.14,132.45,FALSE,M1_DIRECTION_MISMATCH|OPENING_SHIELD_ACTIVE_4s
2026-09-07 18:57:14.974,1788807434.975,4611,2,91,4406.19,4406.27,8.0,PASS_<=10c,+0.0,FLAT,+0.0,+69.0,1.3,+0.00,0.00,SLOW,4405.50,4406.54,4403.14,4406.23,0.00,0.00,0.0,BEARISH,340.0,4406.19,4406.19,4406.19,4406.19,14,ACTIVE_14s,1.0,0.0,0.0,0.0,0.0,0.0,0.0,PASS_<20%,0.00,0.0,NO,STANDBY_VEL_LOW,1,1321.86,3268.14,132.45,FALSE,M1_DIRECTION_MISMATCH|OPENING_SHIELD_ACTIVE_14s
2026-09-07 18:57:16.382,1788807436.383,4612,3,92,4406.19,4406.27,8.0,PASS_<=10c,+0.0,FLAT,+0.0,+69.0,2.1,+0.00,0.00,SLOW,4405.50,4406.54,4403.14,4406.23,0.00,0.00,0.0,BEARISH,340.0,4406.19,4406.19,4406.19,4406.19,16,ACTIVE_16s,1.0,0.0,0.0,0.0,0.0,0.0,0.0,PASS_<20%,0.00,0.0,NO,STANDBY_VEL_LOW,1,1321.86,3268.14,132.45,FALSE,M1_DIRECTION_MISMATCH|OPENING_SHIELD_ACTIVE_16s
2026-09-07 18:57:16.885,1788807436.885,4613,4,93,4406.19,4406.27,8.0,PASS_<=10c,+0.0,FLAT,+0.0,+69.0,2.6,+0.00,0.00,SLOW,4405.50,4406.54,4403.14,4406.23,0.00,0.00,0.0,BEARISH,340.0,4406.19,4406.19,4406.19,4406.19,16,ACTIVE_16s,1.0,0.0,0.0,0.0,0.0,0.0,0.0,PASS_<20%,0.00,0.0,NO,STANDBY_VEL_LOW,1,1321.86,3268.14,132.45,FALSE,M1_DIRECTION_MISMATCH|OPENING_SHIELD_ACTIVE_16s
2026-09-07 18:57:17.386,1788807437.386,4614,5,94,4406.19,4406.27,8.0,PASS_<=10c,+0.0,FLAT,+0.0,+69.0,2.9,+0.00,0.00,SLOW,4405.50,4406.54,4403.14,4406.23,0.00,0.00,0.0,BEARISH,340.0,4406.19,4406.19,4406.19,4406.19,17,ACTIVE_17s,1.0,0.0,0.0,0.0,0.0,0.0,0.0,PASS_<20%,0.00,0.0,NO,STANDBY_VEL_LOW,1,1321.86,3268.14,132.45,FALSE,M1_DIRECTION_MISMATCH|OPENING_SHIELD_ACTIVE_17s
2026-09-07 18:57:17.887,1788807437.888,4615,6,95,4406.19,4406.27,8.0,PASS_<=10c,+0.0,FLAT,+0.0,+69.0,3.1,+0.00,0.00,SLOW,4405.50,4406.54,4403.14,4406.23,0.00,0.00,0.0,BEARISH,340.0,4406.19,4406.19,4406.19,4406.19,17,ACTIVE_17s,1.0,0.0,0.0,0.0,0.0,0.0,0.0,PASS_<20%,0.00,0.0,NO,STANDBY_VEL_LOW,1,1321.86,3268.14,132.45,FALSE,M1_DIRECTION_MISMATCH|OPENING_SHIELD_ACTIVE_17s
2026-09-07 18:57:18.389,1788807438.389,4616,7,96,4406.19,4406.27,8.0,PASS_<=10c,+0.0,FLAT,+0.0,+69.0,3.2,+0.00,0.00,SLOW,4405.50,4406.54,4403.14,4406.23,0.00,0.00,0.0,BEARISH,340.0,4406.19,4406.19,4406.19,4406.19,18,ACTIVE_18s,1.0,0.0,0.0,0.0,0.0,0.0,0.0,PASS_<20%,0.00,0.0,NO,STANDBY_VEL_LOW,1,1321.86,3268.14,132.45,FALSE,M1_DIRECTION_MISMATCH|OPENING_SHIELD_ACTIVE_18s
2026-09-07 18:57:18.890,1788807438.891,4617,8,97,4406.19,4406.27,8.0,PASS_<=10c,+0.0,FLAT,+0.0,+69.0,3.3,+0.00,0.00,SLOW,4405.50,4406.54,4403.14,4406.23,0.00,0.00,0.0,BEARISH,340.0,4406.19,4406.19,4406.19,4406.19,18,ACTIVE_18s,1.0,0.0,0.0,0.0,0.0,0.0,0.0,PASS_<20%,0.00,0.0,NO,STANDBY_VEL_LOW,1,1321.86,3268.14,132.45,FALSE,M1_DIRECTION_MISMATCH|OPENING_SHIELD_ACTIVE_18s
2026-09-07 18:57:19.392,1788807439.393,4618,9,98,4406.19,4406.27,8.0,PASS_<=10c,+0.0,FLAT,+0.0,+69.0,3.4,+0.00,0.00,SLOW,4405.50,4406.54,4403.14,4406.23,0.00,0.00,0.0,BEARISH,340.0,4406.19,4406.19,4406.19,4406.19,19,ACTIVE_19s,1.0,0.0,0.0,0.0,0.0,0.0,0.0,PASS_<20%,0.00,0.0,NO,STANDBY_VEL_LOW,1,1321.86,3268.14,132.45,FALSE,M1_DIRECTION_MISMATCH|OPENING_SHIELD_ACTIVE_19s
2026-09-07 18:57:19.894,1788807439.894,4619,10,99,4406.19,4406.27,8.0,PASS_<=10c,+0.0,FLAT,+0.0,+69.0,3.5,+0.00,0.00,SLOW,4405.50,4406.54,4403.14,4406.23,0.00,0.00,0.0,BEARISH,340.0,4406.19,4406.19,4406.19,4406.19,19,ACTIVE_19s,1.0,0.0,0.0,0.0,0.0,0.0,0.0,PASS_<20%,0.00,0.0,NO,STANDBY_VEL_LOW,1,1321.86,3268.14,132.45,FALSE,M1_DIRECTION_MISMATCH|OPENING_SHIELD_ACTIVE_19s
2026-09-07 18:57:20.395,1788807440.396,4620,11,100,4406.19,4406.27,8.0,PASS_<=10c,+0.0,FLAT,+0.0,+69.0,4.4,+0.00,0.00,SLOW,4405.50,4406.54,4403.14,4406.23,0.00,0.00,0.0,BEARISH,340.0,4406.19,4406.19,4406.19,4406.19,20,CLEARED_>=20s,1.0,0.0,0.0,0.0,0.0,0.0,0.0,PASS_<20%,0.00,0.0,NO,STANDBY_VEL_LOW,1,1321.86,3268.14,132.45,FALSE,M1_DIRECTION_MISMATCH
2026-09-07 18:57:20.897,1788807440.897,4621,12,101,4406.19,4406.27,8.0,PASS_<=10c,+0.0,FLAT,+0.0,+69.0,4.3,+0.00,0.00,SLOW,4405.50,4406.54,4403.14,4406.23,0.00,0.00,0.0,BEARISH,340.0,4406.19,4406.19,4406.19,4406.19,20,CLEARED_>=20s,1.0,0.0,0.0,0.0,0.0,0.0,0.0,PASS_<20%,0.00,0.0,NO,STANDBY_VEL_LOW,1,1321.86,3268.14,132.45,FALSE,M1_DIRECTION_MISMATCH
2026-09-07 18:57:21.396,1788807441.397,4622,13,102,4406.19,4406.27,8.0,PASS_<=10c,+0.0,FLAT,+0.0,+69.0,4.2,+0.00,0.00,SLOW,4405.50,4406.54,4403.14,4406.23,0.00,0.00,0.0,BEARISH,340.0,4406.19,4406.19,4406.19,4406.19,21,CLEARED_>=20s,1.0,0.0,0.0,0.0,0.0,0.0,0.0,PASS_<20%,0.00,0.0,NO,STANDBY_VEL_LOW,1,1321.86,3268.14,132.45,FALSE,M1_DIRECTION_MISMATCH
2026-09-07 18:57:21.900,1788807441.900,4623,14,103,4406.19,4406.27,8.0,PASS_<=10c,+0.0,FLAT,+0.0,+69.0,4.2,+0.00,0.00,SLOW,4405.50,4406.54,4403.14,4406.23,0.00,0.00,0.0,BEARISH,340.0,4406.19,4406.19,4406.19,4406.19,21,CLEARED_>=20s,1.0,0.0,0.0,0.0,0.0,0.0,0.0,PASS_<20%,0.00,0.0,NO,STANDBY_VEL_LOW,1,1321.86,3268.14,132.45,FALSE,M1_DIRECTION_MISMATCH
2026-09-07 18:57:22.401,1788807442.401,4624,15,104,4406.19,4406.27,8.0,PASS_<=10c,+0.0,FLAT,+0.0,+69.0,4.2,+0.00,0.00,SLOW,4405.50,4406.54,4403.14,4406.23,0.00,0.00,0.0,BEARISH,340.0,4406.19,4406.19,4406.19,4406.19,22,CLEARED_>=20s,1.0,0.0,0.0,0.0,0.0,0.0,0.0,PASS_<20%,0.00,0.0,NO,STANDBY_VEL_LOW,1,1321.86,3268.14,132.45,FALSE,M1_DIRECTION_MISMATCH
2026-09-07 18:57:22.902,1788807442.902,4625,16,105,4406.19,4406.27,8.0,PASS_<=10c,+0.0,FLAT,+0.0,+69.0,4.2,+0.00,0.00,SLOW,4405.50,4406.54,4403.14,4406.23,0.00,0.00,0.0,BEARISH,340.0,4406.19,4406.19,4406.19,4406.19,22,CLEARED_>=20s,1.0,0.0,0.0,0.0,0.0,0.0,0.0,PASS_<20%,0.00,0.0,NO,STANDBY_VEL_LOW,1,1321.86,3268.14,132.45,FALSE,M1_DIRECTION_MISMATCH
2026-09-07 18:57:23.403,1788807443.404,4626,17,106,4406.19,4406.27,8.0,PASS_<=10c,+0.0,FLAT,+0.0,+69.0,4.2,+0.00,0.00,SLOW,4405.50,4406.54,4403.14,4406.23,0.00,0.00,0.0,BEARISH,340.0,4406.19,4406.19,4406.19,4406.19,23,CLEARED_>=20s,1.0,0.0,0.0,0.0,0.0,0.0,0.0,PASS_<20%,0.00,0.0,NO,STANDBY_VEL_LOW,1,1321.86,3268.14,132.45,FALSE,M1_DIRECTION_MISMATCH
2026-09-07 18:57:23.906,1788807443.906,4627,18,107,4406.19,4406.27,8.0,PASS_<=10c,+0.0,FLAT,+0.0,+69.0,4.2,+0.00,0.00,SLOW,4405.50,4406.54,4403.14,4406.23,0.00,0.00,0.0,BEARISH,340.0,4406.19,4406.19,4406.19,4406.19,23,CLEARED_>=20s,1.0,0.0,0.0,0.0,0.0,0.0,0.0,PASS_<20%,0.00,0.0,NO,STANDBY_VEL_LOW,1,1321.86,3268.14,132.45,FALSE,M1_DIRECTION_MISMATCH
2026-09-07 18:57:29.421,1788807449.422,4628,19,108,4406.19,4406.27,8.0,PASS_<=10c,+0.0,FLAT,+0.0,+69.0,1.5,+0.00,0.00,SLOW,4405.50,4406.54,4403.14,4406.23,0.00,0.00,0.0,BEARISH,340.0,4406.19,4406.19,4406.19,4406.19,29,CLEARED_>=20s,1.0,0.0,0.0,0.0,0.0,0.0,0.0,PASS_<20%,0.00,0.0,NO,STANDBY_VEL_LOW,1,1321.86,3268.14,132.45,FALSE,M1_DIRECTION_MISMATCH
2026-09-07 18:57:39.659,1788807459.660,4629,20,109,4406.19,4406.27,8.0,PASS_<=10c,+0.0,FLAT,+0.0,+69.0,1.3,+0.00,0.00,SLOW,4405.50,4406.54,4403.14,4406.23,0.00,0.00,0.0,BEARISH,340.0,4406.19,4406.19,4406.19,4406.19,39,CLEARED_>=20s,1.0,0.0,0.0,0.0,0.0,0.0,0.0,PASS_<20%,0.00,0.0,NO,STANDBY_VEL_LOW,1,1321.86,3268.14,132.45,FALSE,M1_DIRECTION_MISMATCH
2026-09-07 18:57:40.267,1788807460.267,4630,21,110,4406.19,4406.27,8.0,PASS_<=10c,+0.0,FLAT,+0.0,+69.0,3.0,+0.00,0.00,SLOW,4405.50,4406.54,4403.14,4406.23,0.00,0.00,0.0,BEARISH,340.0,4406.19,4406.19,4406.19,4406.19,40,CLEARED_>=20s,1.0,0.0,0.0,0.0,0.0,0.0,0.0,PASS_<20%,0.00,0.0,NO,STANDBY_VEL_LOW,1,1321.86,3268.14,132.45,FALSE,M1_DIRECTION_MISMATCH
2026-09-07 18:57:40.768,1788807460.769,4631,22,111,4406.19,4406.27,8.0,PASS_<=10c,+0.0,FLAT,+0.0,+69.0,4.5,+0.00,0.00,SLOW,4405.50,4406.54,4403.14,4406.23,0.00,0.00,0.0,BEARISH,340.0,4406.19,4406.19,4406.19,4406.19,40,CLEARED_>=20s,1.0,0.0,0.0,0.0,0.0,0.0,0.0,PASS_<20%,0.00,0.0,NO,STANDBY_VEL_LOW,1,1321.86,3268.14,132.45,FALSE,M1_DIRECTION_MISMATCH
2026-09-07 18:57:41.270,1788807461.270,4632,23,112,4406.19,4406.27,8.0,PASS_<=10c,+0.0,FLAT,+0.0,+69.0,4.3,+0.00,0.00,SLOW,4405.50,4406.54,4403.14,4406.23,0.00,0.00,0.0,BEARISH,340.0,4406.19,4406.19,4406.19,4406.19,41,CLEARED_>=20s,1.0,0.0,0.0,0.0,0.0,0.0,0.0,PASS_<20%,0.00,0.0,NO,STANDBY_VEL_LOW,1,1321.86,3268.14,132.45,FALSE,M1_DIRECTION_MISMATCH
2026-09-07 18:57:41.771,1788807461.771,4633,24,113,4406.19,4406.27,8.0,PASS_<=10c,+0.0,FLAT,+0.0,+69.0,4.3,+0.00,0.00,SLOW,4405.50,4406.54,4403.14,4406.23,0.00,0.00,0.0,BEARISH,340.0,4406.19,4406.19,4406.19,4406.19,41,CLEARED_>=20s,1.0,0.0,0.0,0.0,0.0,0.0,0.0,PASS_<20%,0.00,0.0,NO,STANDBY_VEL_LOW,1,1321.86,3268.14,132.45,FALSE,M1_DIRECTION_MISMATCH
2026-09-07 18:57:42.274,1788807462.274,4634,25,114,4406.19,4406.27,8.0,PASS_<=10c,+0.0,FLAT,+0.0,+69.0,4.2,+0.00,0.00,SLOW,4405.50,4406.54,4403.14,4406.23,0.00,0.00,0.0,BEARISH,340.0,4406.19,4406.19,4406.19,4406.19,42,CLEARED_>=20s,1.0,0.0,0.0,0.0,0.0,0.0,0.0,PASS_<20%,0.00,0.0,NO,STANDBY_VEL_LOW,1,1321.86,3268.14,132.45,FALSE,M1_DIRECTION_MISMATCH
2026-09-07 18:57:42.776,1788807462.776,4635,26,115,4406.19,4406.27,8.0,PASS_<=10c,+0.0,FLAT,+0.0,+69.0,4.2,+0.00,0.00,SLOW,4405.50,4406.54,4403.14,4406.23,0.00,0.00,0.0,BEARISH,340.0,4406.19,4406.19,4406.19,4406.19,42,CLEARED_>=20s,1.0,0.0,0.0,0.0,0.0,0.0,0.0,PASS_<20%,0.00,0.0,NO,STANDBY_VEL_LOW,1,1321.86,3268.14,132.45,FALSE,M1_DIRECTION_MISMATCH
2026-09-07 18:57:43.276,1788807463.277,4636,27,116,4406.19,4406.27,8.0,PASS_<=10c,+0.0,FLAT,+0.0,+69.0,4.1,+0.00,0.00,SLOW,4405.50,4406.54,4403.14,4406.23,0.00,0.00,0.0,BEARISH,340.0,4406.19,4406.19,4406.19,4406.19,43,CLEARED_>=20s,1.0,0.0,0.0,0.0,0.0,0.0,0.0,PASS_<20%,0.00,0.0,NO,STANDBY_VEL_LOW,1,1321.86,3268.14,132.45,FALSE,M1_DIRECTION_MISMATCH
2026-09-07 18:57:43.777,1788807463.778,4637,28,117,4406.19,4406.27,8.0,PASS_<=10c,+0.0,FLAT,+0.0,+69.0,4.1,+0.00,0.00,SLOW,4405.50,4406.54,4403.14,4406.23,0.00,0.00,0.0,BEARISH,340.0,4406.19,4406.19,4406.19,4406.19,43,CLEARED_>=20s,1.0,0.0,0.0,0.0,0.0,0.0,0.0,PASS_<20%,0.00,0.0,NO,STANDBY_VEL_LOW,1,1321.86,3268.14,132.45,FALSE,M1_DIRECTION_MISMATCH
2026-09-07 18:57:44.279,1788807464.279,4638,29,118,4406.19,4406.27,8.0,PASS_<=10c,+0.0,FLAT,+0.0,+69.0,4.1,+0.00,0.00,SLOW,4405.50,4406.54,4403.14,4406.23,0.00,0.00,0.0,BEARISH,340.0,4406.19,4406.19,4406.19,4406.19,44,CLEARED_>=20s,1.0,0.0,0.0,0.0,0.0,0.0,0.0,PASS_<20%,0.00,0.0,NO,STANDBY_VEL_LOW,1,1321.86,3268.14,132.45,FALSE,M1_DIRECTION_MISMATCH
2026-09-07 18:57:44.780,1788807464.780,4639,30,119,4406.19,4406.27,8.0,PASS_<=10c,+0.0,FLAT,+0.0,+69.0,4.3,+0.00,0.00,SLOW,4405.50,4406.54,4403.14,4406.23,0.00,0.00,0.0,BEARISH,340.0,4406.19,4406.19,4406.19,4406.19,44,CLEARED_>=20s,1.0,0.0,0.0,0.0,0.0,0.0,0.0,PASS_<20%,0.00,0.0,NO,STANDBY_VEL_LOW,1,1321.86,3268.14,132.45,FALSE,M1_DIRECTION_MISMATCH
2026-09-07 18:57:45.281,1788807465.282,4640,31,120,4406.19,4406.27,8.0,PASS_<=10c,+0.0,FLAT,+0.0,+69.0,4.2,+0.00,0.00,SLOW,4405.50,4406.54,4403.14,4406.23,0.00,0.00,0.0,BEARISH,340.0,4406.19,4406.19,4406.19,4406.19,45,CLEARED_>=20s,1.0,0.0,0.0,0.0,0.0,0.0,0.0,PASS_<20%,0.00,0.0,NO,STANDBY_VEL_LOW,1,1321.86,3268.14,132.45,FALSE,M1_DIRECTION_MISMATCH
2026-09-07 18:57:45.783,1788807465.783,4641,32,121,4406.19,4406.27,8.0,PASS_<=10c,+0.0,FLAT,+0.0,+69.0,4.2,+0.00,0.00,SLOW,4405.50,4406.54,4403.14,4406.23,0.00,0.00,0.0,BEARISH,340.0,4406.19,4406.19,4406.19,4406.19,45,CLEARED_>=20s,1.0,0.0,0.0,0.0,0.0,0.0,0.0,PASS_<20%,0.00,0.0,NO,STANDBY_VEL_LOW,1,1321.86,3268.14,132.45,FALSE,M1_DIRECTION_MISMATCH
2026-09-07 18:57:46.286,1788807466.286,4642,33,122,4406.19,4406.27,8.0,PASS_<=10c,+0.0,FLAT,+0.0,+69.0,4.2,+0.00,0.00,SLOW,4405.50,4406.54,4403.14,4406.23,0.00,0.00,0.0,BEARISH,340.0,4406.19,4406.19,4406.19,4406.19,46,CLEARED_>=20s,1.0,0.0,0.0,0.0,0.0,0.0,0.0,PASS_<20%,0.00,0.0,NO,STANDBY_VEL_LOW,1,1321.86,3268.14,132.45,FALSE,M1_DIRECTION_MISMATCH
2026-09-07 18:57:46.788,1788807466.789,4643,34,123,4406.19,4406.27,8.0,PASS_<=10c,+0.0,FLAT,+0.0,+69.0,4.2,+0.00,0.00,SLOW,4405.50,4406.54,4403.14,4406.23,0.00,0.00,0.0,BEARISH,340.0,4406.19,4406.19,4406.19,4406.19,46,CLEARED_>=20s,1.0,0.0,0.0,0.0,0.0,0.0,0.0,PASS_<20%,0.00,0.0,NO,STANDBY_VEL_LOW,1,1321.86,3268.14,132.45,FALSE,M1_DIRECTION_MISMATCH
2026-09-07 18:57:47.290,1788807467.291,4644,35,124,4406.19,4406.27,8.0,PASS_<=10c,+0.0,FLAT,+0.0,+69.0,4.2,+0.00,0.00,SLOW,4405.50,4406.54,4403.14,4406.23,0.00,0.00,0.0,BEARISH,340.0,4406.19,4406.19,4406.19,4406.19,47,CLEARED_>=20s,1.0,0.0,0.0,0.0,0.0,0.0,0.0,PASS_<20%,0.00,0.0,NO,STANDBY_VEL_LOW,1,1321.86,3268.14,132.45,FALSE,M1_DIRECTION_MISMATCH
2026-09-07 18:57:47.791,1788807467.792,4645,36,125,4406.19,4406.27,8.0,PASS_<=10c,+0.0,FLAT,+0.0,+69.0,4.2,+0.00,0.00,SLOW,4405.50,4406.54,4403.14,4406.23,0.00,0.00,0.0,BEARISH,340.0,4406.19,4406.19,4406.19,4406.19,47,CLEARED_>=20s,1.0,0.0,0.0,0.0,0.0,0.0,0.0,PASS_<20%,0.00,0.0,NO,STANDBY_VEL_LOW,1,1321.86,3268.14,132.45,FALSE,M1_DIRECTION_MISMATCH
2026-09-07 18:57:53.309,1788807473.309,4646,37,126,4406.19,4406.27,8.0,PASS_<=10c,+0.0,FLAT,+0.0,+69.0,1.6,+0.00,0.00,SLOW,4405.50,4406.54,4403.14,4406.23,0.00,0.00,0.0,BEARISH,340.0,4406.19,4406.19,4406.19,4406.19,53,CLEARED_>=20s,1.0,0.0,0.0,0.0,0.0,0.0,0.0,PASS_<20%,0.00,0.0,NO,STANDBY_VEL_LOW,1,1321.86,3268.14,132.45,FALSE,M1_DIRECTION_MISMATCH
2026-09-07 18:58:03.546,1788807483.547,4647,1,127,4406.19,4406.27,8.0,PASS_<=10c,+0.0,FLAT,+0.0,+69.0,1.3,+0.00,0.00,SLOW,4405.50,4406.54,4403.14,4406.23,0.00,0.00,0.0,BEARISH,340.0,4406.19,4406.19,4406.19,4406.19,3,ACTIVE_3s,1.0,0.0,0.0,0.0,0.0,0.0,0.0,PASS_<20%,0.00,0.0,NO,STANDBY_VEL_LOW,1,1321.86,3268.14,132.45,FALSE,M1_DIRECTION_MISMATCH|OPENING_SHIELD_ACTIVE_3s
2026-09-07 18:58:05.356,1788807485.357,4648,2,128,4406.19,4406.27,8.0,PASS_<=10c,+0.0,FLAT,+0.0,+69.0,1.7,+0.00,0.00,SLOW,4405.50,4406.54,4403.14,4406.23,0.00,0.00,0.0,BEARISH,340.0,4406.19,4406.19,4406.19,4406.19,5,ACTIVE_5s,1.0,0.0,0.0,0.0,0.0,0.0,0.0,PASS_<20%,0.00,0.0,NO,STANDBY_VEL_LOW,1,1321.86,3268.14,132.45,FALSE,M1_DIRECTION_MISMATCH|OPENING_SHIELD_ACTIVE_5s
2026-09-07 18:58:05.859,1788807485.859,4649,3,129,4406.19,4406.27,8.0,PASS_<=10c,+0.0,FLAT,+0.0,+69.0,2.2,+0.00,0.00,SLOW,4405.50,4406.54,4403.14,4406.23,0.00,0.00,0.0,BEARISH,340.0,4406.19,4406.19,4406.19,4406.19,5,ACTIVE_5s,1.0,0.0,0.0,0.0,0.0,0.0,0.0,PASS_<20%,0.00,0.0,NO,STANDBY_VEL_LOW,1,1321.86,3268.14,132.45,FALSE,M1_DIRECTION_MISMATCH|OPENING_SHIELD_ACTIVE_5s
2026-09-07 18:58:06.363,1788807486.364,4650,4,130,4406.19,4406.27,8.0,PASS_<=10c,+0.0,FLAT,+0.0,+69.0,2.5,+0.00,0.00,SLOW,4405.50,4406.54,4403.14,4406.23,0.00,0.00,0.0,BEARISH,340.0,4406.19,4406.19,4406.19,4406.19,6,ACTIVE_6s,1.0,0.0,0.0,0.0,0.0,0.0,0.0,PASS_<20%,0.00,0.0,NO,STANDBY_VEL_LOW,1,1321.86,3268.14,132.45,FALSE,M1_DIRECTION_MISMATCH|OPENING_SHIELD_ACTIVE_6s
2026-09-07 18:58:06.862,1788807486.863,4651,5,131,4406.19,4406.27,8.0,PASS_<=10c,+0.0,FLAT,+0.0,+69.0,2.7,+0.00,0.00,SLOW,4405.50,4406.54,4403.14,4406.23,0.00,0.00,0.0,BEARISH,340.0,4406.19,4406.19,4406.19,4406.19,6,ACTIVE_6s,1.0,0.0,0.0,0.0,0.0,0.0,0.0,PASS_<20%,0.00,0.0,NO,STANDBY_VEL_LOW,1,1321.86,3268.14,132.45,FALSE,M1_DIRECTION_MISMATCH|OPENING_SHIELD_ACTIVE_6s
2026-09-07 18:58:07.365,1788807487.365,4652,6,132,4406.19,4406.27,8.0,PASS_<=10c,+0.0,FLAT,+0.0,+69.0,2.9,+0.00,0.00,SLOW,4405.50,4406.54,4403.14,4406.23,0.00,0.00,0.0,BEARISH,340.0,4406.19,4406.19,4406.19,4406.19,7,ACTIVE_7s,1.0,0.0,0.0,0.0,0.0,0.0,0.0,PASS_<20%,0.00,0.0,NO,STANDBY_VEL_LOW,1,1321.86,3268.14,132.45,FALSE,M1_DIRECTION_MISMATCH|OPENING_SHIELD_ACTIVE_7s
2026-09-07 18:58:07.866,1788807487.866,4653,7,133,4406.19,4406.27,8.0,PASS_<=10c,+0.0,FLAT,+0.0,+69.0,3.0,+0.00,0.00,SLOW,4405.50,4406.54,4403.14,4406.23,0.00,0.00,0.0,BEARISH,340.0,4406.19,4406.19,4406.19,4406.19,7,ACTIVE_7s,1.0,0.0,0.0,0.0,0.0,0.0,0.0,PASS_<20%,0.00,0.0,NO,STANDBY_VEL_LOW,1,1321.86,3268.14,132.45,FALSE,M1_DIRECTION_MISMATCH|OPENING_SHIELD_ACTIVE_7s
2026-09-07 18:58:08.368,1788807488.368,4654,8,134,4406.19,4406.27,8.0,PASS_<=10c,+0.0,FLAT,+0.0,+69.0,3.1,+0.00,0.00,SLOW,4405.50,4406.54,4403.14,4406.23,0.00,0.00,0.0,BEARISH,340.0,4406.19,4406.19,4406.19,4406.19,8,ACTIVE_8s,1.0,0.0,0.0,0.0,0.0,0.0,0.0,PASS_<20%,0.00,0.0,NO,STANDBY_VEL_LOW,1,1321.86,3268.14,132.45,FALSE,M1_DIRECTION_MISMATCH|OPENING_SHIELD_ACTIVE_8s
2026-09-07 18:58:08.869,1788807488.870,4655,9,135,4406.19,4406.27,8.0,PASS_<=10c,+0.0,FLAT,+0.0,+69.0,4.4,+0.00,0.00,SLOW,4405.50,4406.54,4403.14,4406.23,0.00,0.00,0.0,BEARISH,340.0,4406.19,4406.19,4406.19,4406.19,8,ACTIVE_8s,1.0,0.0,0.0,0.0,0.0,0.0,0.0,PASS_<20%,0.00,0.0,NO,STANDBY_VEL_LOW,1,1321.86,3268.14,132.45,FALSE,M1_DIRECTION_MISMATCH|OPENING_SHIELD_ACTIVE_8s
2026-09-07 18:58:09.371,1788807489.371,4656,10,136,4406.19,4406.27,8.0,PASS_<=10c,+0.0,FLAT,+0.0,+69.0,4.4,+0.00,0.00,SLOW,4405.50,4406.54,4403.14,4406.23,0.00,0.00,0.0,BEARISH,340.0,4406.19,4406.19,4406.19,4406.19,9,ACTIVE_9s,1.0,0.0,0.0,0.0,0.0,0.0,0.0,PASS_<20%,0.00,0.0,NO,STANDBY_VEL_LOW,1,1321.86,3268.14,132.45,FALSE,M1_DIRECTION_MISMATCH|OPENING_SHIELD_ACTIVE_9s
2026-09-07 18:58:09.872,1788807489.873,4657,11,137,4406.19,4406.27,8.0,PASS_<=10c,+0.0,FLAT,+0.0,+69.0,4.3,+0.00,0.00,SLOW,4405.50,4406.54,4403.14,4406.23,0.00,0.00,0.0,BEARISH,340.0,4406.19,4406.19,4406.19,4406.19,9,ACTIVE_9s,1.0,0.0,0.0,0.0,0.0,0.0,0.0,PASS_<20%,0.00,0.0,NO,STANDBY_VEL_LOW,1,1321.86,3268.14,132.45,FALSE,M1_DIRECTION_MISMATCH|OPENING_SHIELD_ACTIVE_9s
2026-09-07 18:58:10.374,1788807490.375,4658,12,138,4406.19,4406.27,8.0,PASS_<=10c,+0.0,FLAT,+0.0,+69.0,4.2,+0.00,0.00,SLOW,4405.50,4406.54,4403.14,4406.23,0.00,0.00,0.0,BEARISH,340.0,4406.19,4406.19,4406.19,4406.19,10,ACTIVE_10s,1.0,0.0,0.0,0.0,0.0,0.0,0.0,PASS_<20%,0.00,0.0,NO,STANDBY_VEL_LOW,1,1321.86,3268.14,132.45,FALSE,M1_DIRECTION_MISMATCH|OPENING_SHIELD_ACTIVE_10s
2026-09-07 18:58:10.877,1788807490.877,4659,13,139,4406.19,4406.27,8.0,PASS_<=10c,+0.0,FLAT,+0.0,+69.0,4.2,+0.00,0.00,SLOW,4405.50,4406.54,4403.14,4406.23,0.00,0.00,0.0,BEARISH,340.0,4406.19,4406.19,4406.19,4406.19,10,ACTIVE_10s,1.0,0.0,0.0,0.0,0.0,0.0,0.0,PASS_<20%,0.00,0.0,NO,STANDBY_VEL_LOW,1,1321.86,3268.14,132.45,FALSE,M1_DIRECTION_MISMATCH|OPENING_SHIELD_ACTIVE_10s
2026-09-07 18:58:11.379,1788807491.379,4660,14,140,4406.19,4406.27,8.0,PASS_<=10c,+0.0,FLAT,+0.0,+69.0,4.2,+0.00,0.00,SLOW,4405.50,4406.54,4403.14,4406.23,0.00,0.00,0.0,BEARISH,340.0,4406.19,4406.19,4406.19,4406.19,11,ACTIVE_11s,1.0,0.0,0.0,0.0,0.0,0.0,0.0,PASS_<20%,0.00,0.0,NO,STANDBY_VEL_LOW,1,1321.86,3268.14,132.45,FALSE,M1_DIRECTION_MISMATCH|OPENING_SHIELD_ACTIVE_11s
2026-09-07 18:58:11.881,1788807491.881,4661,15,141,4406.19,4406.27,8.0,PASS_<=10c,+0.0,FLAT,+0.0,+69.0,4.2,+0.00,0.00,SLOW,4405.50,4406.54,4403.14,4406.23,0.00,0.00,0.0,BEARISH,340.0,4406.19,4406.19,4406.19,4406.19,11,ACTIVE_11s,1.0,0.0,0.0,0.0,0.0,0.0,0.0,PASS_<20%,0.00,0.0,NO,STANDBY_VEL_LOW,1,1321.86,3268.14,132.45,FALSE,M1_DIRECTION_MISMATCH|OPENING_SHIELD_ACTIVE_11s
2026-09-07 18:58:12.383,1788807492.383,4662,16,142,4406.19,4406.27,8.0,PASS_<=10c,+0.0,FLAT,+0.0,+69.0,4.2,+0.00,0.00,SLOW,4405.50,4406.54,4403.14,4406.23,0.00,0.00,0.0,BEARISH,340.0,4406.19,4406.19,4406.19,4406.19,12,ACTIVE_12s,1.0,0.0,0.0,0.0,0.0,0.0,0.0,PASS_<20%,0.00,0.0,NO,STANDBY_VEL_LOW,1,1321.86,3268.14,132.45,FALSE,M1_DIRECTION_MISMATCH|OPENING_SHIELD_ACTIVE_12s
2026-09-07 18:58:12.884,1788807492.885,4663,17,143,4406.19,4406.27,8.0,PASS_<=10c,+0.0,FLAT,+0.0,+69.0,4.2,+0.00,0.00,SLOW,4405.50,4406.54,4403.14,4406.23,0.00,0.00,0.0,BEARISH,340.0,4406.19,4406.19,4406.19,4406.19,12,ACTIVE_12s,1.0,0.0,0.0,0.0,0.0,0.0,0.0,PASS_<20%,0.00,0.0,NO,STANDBY_VEL_LOW,1,1321.86,3268.14,132.45,FALSE,M1_DIRECTION_MISMATCH|OPENING_SHIELD_ACTIVE_12s
2026-09-07 18:58:18.401,1788807498.402,4664,18,144,4406.19,4406.27,8.0,PASS_<=10c,+0.0,FLAT,+0.0,+69.0,1.6,+0.00,0.00,SLOW,4405.50,4406.54,4403.14,4406.23,0.00,0.00,0.0,BEARISH,340.0,4406.19,4406.19,4406.19,4406.19,18,ACTIVE_18s,1.0,0.0,0.0,0.0,0.0,0.0,0.0,PASS_<20%,0.00,0.0,NO,STANDBY_VEL_LOW,1,1321.86,3268.14,132.45,FALSE,M1_DIRECTION_MISMATCH|OPENING_SHIELD_ACTIVE_18s
2026-09-07 18:58:28.634,1788807508.635,4665,19,145,4406.19,4406.27,8.0,PASS_<=10c,+0.0,FLAT,+0.0,+69.0,1.3,+0.00,0.00,SLOW,4405.50,4406.54,4403.14,4406.23,0.00,0.00,0.0,BEARISH,340.0,4406.19,4406.19,4406.19,4406.19,28,CLEARED_>=20s,1.0,0.0,0.0,0.0,0.0,0.0,0.0,PASS_<20%,0.00,0.0,NO,STANDBY_VEL_LOW,1,1321.86,3268.14,132.45,FALSE,M1_DIRECTION_MISMATCH
2026-09-07 18:58:29.241,1788807509.242,4666,20,146,4406.19,4406.27,8.0,PASS_<=10c,+0.0,FLAT,+0.0,+69.0,3.0,+0.00,0.00,SLOW,4405.50,4406.54,4403.14,4406.23,0.00,0.00,0.0,BEARISH,340.0,4406.19,4406.19,4406.19,4406.19,29,CLEARED_>=20s,1.0,0.0,0.0,0.0,0.0,0.0,0.0,PASS_<20%,0.00,0.0,NO,STANDBY_VEL_LOW,1,1321.86,3268.14,132.45,FALSE,M1_DIRECTION_MISMATCH
2026-09-07 18:58:29.743,1788807509.743,4667,21,147,4406.19,4406.27,8.0,PASS_<=10c,+0.0,FLAT,+0.0,+69.0,4.5,+0.00,0.00,SLOW,4405.50,4406.54,4403.14,4406.23,0.00,0.00,0.0,BEARISH,340.0,4406.19,4406.19,4406.19,4406.19,29,CLEARED_>=20s,1.0,0.0,0.0,0.0,0.0,0.0,0.0,PASS_<20%,0.00,0.0,NO,STANDBY_VEL_LOW,1,1321.86,3268.14,132.45,FALSE,M1_DIRECTION_MISMATCH
2026-09-07 18:58:30.245,1788807510.245,4668,22,148,4406.19,4406.27,8.0,PASS_<=10c,+0.0,FLAT,+0.0,+69.0,4.3,+0.00,0.00,SLOW,4405.50,4406.54,4403.14,4406.23,0.00,0.00,0.0,BEARISH,340.0,4406.19,4406.19,4406.19,4406.19,30,CLEARED_>=20s,1.0,0.0,0.0,0.0,0.0,0.0,0.0,PASS_<20%,0.00,0.0,NO,STANDBY_VEL_LOW,1,1321.86,3268.14,132.45,FALSE,M1_DIRECTION_MISMATCH
2026-09-07 18:58:30.747,1788807510.747,4669,23,149,4406.19,4406.27,8.0,PASS_<=10c,+0.0,FLAT,+0.0,+69.0,4.3,+0.00,0.00,SLOW,4405.50,4406.54,4403.14,4406.23,0.00,0.00,0.0,BEARISH,340.0,4406.19,4406.19,4406.19,4406.19,30,CLEARED_>=20s,1.0,0.0,0.0,0.0,0.0,0.0,0.0,PASS_<20%,0.00,0.0,NO,STANDBY_VEL_LOW,1,1321.86,3268.14,132.45,FALSE,M1_DIRECTION_MISMATCH
2026-09-07 18:58:31.249,1788807511.249,4670,24,150,4406.19,4406.27,8.0,PASS_<=10c,+0.0,FLAT,+0.0,+69.0,4.2,+0.00,0.00,SLOW,4405.50,4406.54,4403.14,4406.23,0.00,0.00,0.0,BEARISH,340.0,4406.19,4406.19,4406.19,4406.19,31,CLEARED_>=20s,1.0,0.0,0.0,0.0,0.0,0.0,0.0,PASS_<20%,0.00,0.0,NO,STANDBY_VEL_LOW,1,1321.86,3268.14,132.45,FALSE,M1_DIRECTION_MISMATCH
2026-09-07 18:58:31.750,1788807511.751,4671,25,151,4406.19,4406.27,8.0,PASS_<=10c,+0.0,FLAT,+0.0,+69.0,4.2,+0.00,0.00,SLOW,4405.50,4406.54,4403.14,4406.23,0.00,0.00,0.0,BEARISH,340.0,4406.19,4406.19,4406.19,4406.19,31,CLEARED_>=20s,1.0,0.0,0.0,0.0,0.0,0.0,0.0,PASS_<20%,0.00,0.0,NO,STANDBY_VEL_LOW,1,1321.86,3268.14,132.45,FALSE,M1_DIRECTION_MISMATCH
2026-09-07 18:58:32.252,1788807512.253,4672,26,152,4406.19,4406.27,8.0,PASS_<=10c,+0.0,FLAT,+0.0,+69.0,4.1,+0.00,0.00,SLOW,4405.50,4406.54,4403.14,4406.23,0.00,0.00,0.0,BEARISH,340.0,4406.19,4406.19,4406.19,4406.19,32,CLEARED_>=20s,1.0,0.0,0.0,0.0,0.0,0.0,0.0,PASS_<20%,0.00,0.0,NO,STANDBY_VEL_LOW,1,1321.86,3268.14,132.45,FALSE,M1_DIRECTION_MISMATCH
2026-09-07 18:58:32.754,1788807512.754,4673,27,153,4406.19,4406.27,8.0,PASS_<=10c,+0.0,FLAT,+0.0,+69.0,4.1,+0.00,0.00,SLOW,4405.50,4406.54,4403.14,4406.23,0.00,0.00,0.0,BEARISH,340.0,4406.19,4406.19,4406.19,4406.19,32,CLEARED_>=20s,1.0,0.0,0.0,0.0,0.0,0.0,0.0,PASS_<20%,0.00,0.0,NO,STANDBY_VEL_LOW,1,1321.86,3268.14,132.45,FALSE,M1_DIRECTION_MISMATCH
2026-09-07 18:58:33.256,1788807513.256,4674,28,154,4406.19,4406.27,8.0,PASS_<=10c,+0.0,FLAT,+0.0,+69.0,4.1,+0.00,0.00,SLOW,4405.50,4406.54,4403.14,4406.23,0.00,0.00,0.0,BEARISH,340.0,4406.19,4406.19,4406.19,4406.19,33,CLEARED_>=20s,1.0,0.0,0.0,0.0,0.0,0.0,0.0,PASS_<20%,0.00,0.0,NO,STANDBY_VEL_LOW,1,1321.86,3268.14,132.45,FALSE,M1_DIRECTION_MISMATCH
2026-09-07 18:58:33.757,1788807513.758,4675,29,155,4406.19,4406.27,8.0,PASS_<=10c,+0.0,FLAT,+0.0,+69.0,4.3,+0.00,0.00,SLOW,4405.50,4406.54,4403.14,4406.23,0.00,0.00,0.0,BEARISH,340.0,4406.19,4406.19,4406.19,4406.19,33,CLEARED_>=20s,1.0,0.0,0.0,0.0,0.0,0.0,0.0,PASS_<20%,0.00,0.0,NO,STANDBY_VEL_LOW,1,1321.86,3268.14,132.45,FALSE,M1_DIRECTION_MISMATCH
2026-09-07 18:58:34.260,1788807514.260,4676,30,156,4406.19,4406.27,8.0,PASS_<=10c,+0.0,FLAT,+0.0,+69.0,4.2,+0.00,0.00,SLOW,4405.50,4406.54,4403.14,4406.23,0.00,0.00,0.0,BEARISH,340.0,4406.19,4406.19,4406.19,4406.19,34,CLEARED_>=20s,1.0,0.0,0.0,0.0,0.0,0.0,0.0,PASS_<20%,0.00,0.0,NO,STANDBY_VEL_LOW,1,1321.86,3268.14,132.45,FALSE,M1_DIRECTION_MISMATCH
2026-09-07 18:58:34.762,1788807514.762,4677,31,157,4406.19,4406.27,8.0,PASS_<=10c,+0.0,FLAT,+0.0,+69.0,4.2,+0.00,0.00,SLOW,4405.50,4406.54,4403.14,4406.23,0.00,0.00,0.0,BEARISH,340.0,4406.19,4406.19,4406.19,4406.19,34,CLEARED_>=20s,1.0,0.0,0.0,0.0,0.0,0.0,0.0,PASS_<20%,0.00,0.0,NO,STANDBY_VEL_LOW,1,1321.86,3268.14,132.45,FALSE,M1_DIRECTION_MISMATCH
2026-09-07 18:58:35.263,1788807515.264,4678,32,158,4406.19,4406.27,8.0,PASS_<=10c,+0.0,FLAT,+0.0,+69.0,4.2,+0.00,0.00,SLOW,4405.50,4406.54,4403.14,4406.23,0.00,0.00,0.0,BEARISH,340.0,4406.19,4406.19,4406.19,4406.19,35,CLEARED_>=20s,1.0,0.0,0.0,0.0,0.0,0.0,0.0,PASS_<20%,0.00,0.0,NO,STANDBY_VEL_LOW,1,1321.86,3268.14,132.45,FALSE,M1_DIRECTION_MISMATCH
2026-09-07 18:58:35.765,1788807515.765,4679,33,159,4406.19,4406.27,8.0,PASS_<=10c,+0.0,FLAT,+0.0,+69.0,4.2,+0.00,0.00,SLOW,4405.50,4406.54,4403.14,4406.23,0.00,0.00,0.0,BEARISH,340.0,4406.19,4406.19,4406.19,4406.19,35,CLEARED_>=20s,1.0,0.0,0.0,0.0,0.0,0.0,0.0,PASS_<20%,0.00,0.0,NO,STANDBY_VEL_LOW,1,1321.86,3268.14,132.45,FALSE,M1_DIRECTION_MISMATCH
2026-09-07 18:58:36.266,1788807516.267,4680,34,160,4406.19,4406.27,8.0,PASS_<=10c,+0.0,FLAT,+0.0,+69.0,4.2,+0.00,0.00,SLOW,4405.50,4406.54,4403.14,4406.23,0.00,0.00,0.0,BEARISH,340.0,4406.19,4406.19,4406.19,4406.19,36,CLEARED_>=20s,1.0,0.0,0.0,0.0,0.0,0.0,0.0,PASS_<20%,0.00,0.0,NO,STANDBY_VEL_LOW,1,1321.86,3268.14,132.45,FALSE,M1_DIRECTION_MISMATCH
2026-09-07 18:58:36.768,1788807516.768,4681,35,161,4406.19,4406.27,8.0,PASS_<=10c,+0.0,FLAT,+0.0,+69.0,4.2,+0.00,0.00,SLOW,4405.50,4406.54,4403.14,4406.23,0.00,0.00,0.0,BEARISH,340.0,4406.19,4406.19,4406.19,4406.19,36,CLEARED_>=20s,1.0,0.0,0.0,0.0,0.0,0.0,0.0,PASS_<20%,0.00,0.0,NO,STANDBY_VEL_LOW,1,1321.86,3268.14,132.45,FALSE,M1_DIRECTION_MISMATCH
2026-09-07 18:58:42.280,1788807522.280,4682,36,162,4406.19,4406.27,8.0,PASS_<=10c,+0.0,FLAT,+0.0,+69.0,1.6,+0.00,0.00,SLOW,4405.50,4406.54,4403.14,4406.23,0.00,0.00,0.0,BEARISH,340.0,4406.19,4406.19,4406.19,4406.19,42,CLEARED_>=20s,1.0,0.0,0.0,0.0,0.0,0.0,0.0,PASS_<20%,0.00,0.0,NO,STANDBY_VEL_LOW,1,1321.86,3268.14,132.45,FALSE,M1_DIRECTION_MISMATCH
2026-09-07 18:58:52.521,1788807532.522,4683,37,163,4406.19,4406.27,8.0,PASS_<=10c,+0.0,FLAT,+0.0,+69.0,1.3,+0.00,0.00,SLOW,4405.50,4406.54,4403.14,4406.23,0.00,0.00,0.0,BEARISH,340.0,4406.19,4406.19,4406.19,4406.19,52,CLEARED_>=20s,1.0,0.0,0.0,0.0,0.0,0.0,0.0,PASS_<20%,0.00,0.0,NO,STANDBY_VEL_LOW,1,1321.86,3268.14,132.45,FALSE,M1_DIRECTION_MISMATCH
2026-09-07 18:58:53.929,1788807533.929,4684,38,164,4406.19,4406.27,8.0,PASS_<=10c,+0.0,FLAT,+0.0,+69.0,2.1,+0.00,0.00,SLOW,4405.50,4406.54,4403.14,4406.23,0.00,0.00,0.0,BEARISH,340.0,4406.19,4406.19,4406.19,4406.19,53,CLEARED_>=20s,1.0,0.0,0.0,0.0,0.0,0.0,0.0,PASS_<20%,0.00,0.0,NO,STANDBY_VEL_LOW,1,1321.86,3268.14,132.45,FALSE,M1_DIRECTION_MISMATCH
2026-09-07 18:58:54.431,1788807534.431,4685,39,165,4406.19,4406.27,8.0,PASS_<=10c,+0.0,FLAT,+0.0,+69.0,2.6,+0.00,0.00,SLOW,4405.50,4406.54,4403.14,4406.23,0.00,0.00,0.0,BEARISH,340.0,4406.19,4406.19,4406.19,4406.19,54,CLEARED_>=20s,1.0,0.0,0.0,0.0,0.0,0.0,0.0,PASS_<20%,0.00,0.0,NO,STANDBY_VEL_LOW,1,1321.86,3268.14,132.45,FALSE,M1_DIRECTION_MISMATCH
2026-09-07 18:58:54.934,1788807534.934,4686,40,166,4406.19,4406.27,8.0,PASS_<=10c,+0.0,FLAT,+0.0,+69.0,2.9,+0.00,0.00,SLOW,4405.50,4406.54,4403.14,4406.23,0.00,0.00,0.0,BEARISH,340.0,4406.19,4406.19,4406.19,4406.19,54,CLEARED_>=20s,1.0,0.0,0.0,0.0,0.0,0.0,0.0,PASS_<20%,0.00,0.0,NO,STANDBY_VEL_LOW,1,1321.86,3268.14,132.45,FALSE,M1_DIRECTION_MISMATCH
2026-09-07 18:58:55.435,1788807535.436,4687,41,167,4406.19,4406.27,8.0,PASS_<=10c,+0.0,FLAT,+0.0,+69.0,3.1,+0.00,0.00,SLOW,4405.50,4406.54,4403.14,4406.23,0.00,0.00,0.0,BEARISH,340.0,4406.19,4406.19,4406.19,4406.19,55,CLEARED_>=20s,1.0,0.0,0.0,0.0,0.0,0.0,0.0,PASS_<20%,0.00,0.0,NO,STANDBY_VEL_LOW,1,1321.86,3268.14,132.45,FALSE,M1_DIRECTION_MISMATCH
2026-09-07 18:58:55.936,1788807535.937,4688,42,168,4406.19,4406.27,8.0,PASS_<=10c,+0.0,FLAT,+0.0,+69.0,3.2,+0.00,0.00,SLOW,4405.50,4406.54,4403.14,4406.23,0.00,0.00,0.0,BEARISH,340.0,4406.19,4406.19,4406.19,4406.19,55,CLEARED_>=20s,1.0,0.0,0.0,0.0,0.0,0.0,0.0,PASS_<20%,0.00,0.0,NO,STANDBY_VEL_LOW,1,1321.86,3268.14,132.45,FALSE,M1_DIRECTION_MISMATCH
2026-09-07 18:58:56.438,1788807536.438,4689,43,169,4406.19,4406.27,8.0,PASS_<=10c,+0.0,FLAT,+0.0,+69.0,3.3,+0.00,0.00,SLOW,4405.50,4406.54,4403.14,4406.23,0.00,0.00,0.0,BEARISH,340.0,4406.19,4406.19,4406.19,4406.19,56,CLEARED_>=20s,1.0,0.0,0.0,0.0,0.0,0.0,0.0,PASS_<20%,0.00,0.0,NO,STANDBY_VEL_LOW,1,1321.86,3268.14,132.45,FALSE,M1_DIRECTION_MISMATCH
2026-09-07 18:58:56.939,1788807536.939,4690,44,170,4406.19,4406.27,8.0,PASS_<=10c,+0.0,FLAT,+0.0,+69.0,3.4,+0.00,0.00,SLOW,4405.50,4406.54,4403.14,4406.23,0.00,0.00,0.0,BEARISH,340.0,4406.19,4406.19,4406.19,4406.19,56,CLEARED_>=20s,1.0,0.0,0.0,0.0,0.0,0.0,0.0,PASS_<20%,0.00,0.0,NO,STANDBY_VEL_LOW,1,1321.86,3268.14,132.45,FALSE,M1_DIRECTION_MISMATCH
2026-09-07 18:58:57.441,1788807537.441,4691,45,171,4406.19,4406.27,8.0,PASS_<=10c,+0.0,FLAT,+0.0,+69.0,3.5,+0.00,0.00,SLOW,4405.50,4406.54,4403.14,4406.23,0.00,0.00,0.0,BEARISH,340.0,4406.19,4406.19,4406.19,4406.19,57,CLEARED_>=20s,1.0,0.0,0.0,0.0,0.0,0.0,0.0,PASS_<20%,0.00,0.0,NO,STANDBY_VEL_LOW,1,1321.86,3268.14,132.45,FALSE,M1_DIRECTION_MISMATCH
2026-09-07 18:58:57.944,1788807537.944,4692,46,172,4406.19,4406.27,8.0,PASS_<=10c,+0.0,FLAT,+0.0,+69.0,4.4,+0.00,0.00,SLOW,4405.50,4406.54,4403.14,4406.23,0.00,0.00,0.0,BEARISH,340.0,4406.19,4406.19,4406.19,4406.19,57,CLEARED_>=20s,1.0,0.0,0.0,0.0,0.0,0.0,0.0,PASS_<20%,0.00,0.0,NO,STANDBY_VEL_LOW,1,1321.86,3268.14,132.45,FALSE,M1_DIRECTION_MISMATCH
2026-09-07 18:58:58.446,1788807538.447,4693,47,173,4406.19,4406.27,8.0,PASS_<=10c,+0.0,FLAT,+0.0,+69.0,4.3,+0.00,0.00,SLOW,4405.50,4406.54,4403.14,4406.23,0.00,0.00,0.0,BEARISH,340.0,4406.19,4406.19,4406.19,4406.19,58,CLEARED_>=20s,1.0,0.0,0.0,0.0,0.0,0.0,0.0,PASS_<20%,0.00,0.0,NO,STANDBY_VEL_LOW,1,1321.86,3268.14,132.45,FALSE,M1_DIRECTION_MISMATCH
2026-09-07 18:58:58.948,1788807538.949,4694,48,174,4406.19,4406.27,8.0,PASS_<=10c,+0.0,FLAT,+0.0,+69.0,4.2,+0.00,0.00,SLOW,4405.50,4406.54,4403.14,4406.23,0.00,0.00,0.0,BEARISH,340.0,4406.19,4406.19,4406.19,4406.19,58,CLEARED_>=20s,1.0,0.0,0.0,0.0,0.0,0.0,0.0,PASS_<20%,0.00,0.0,NO,STANDBY_VEL_LOW,1,1321.86,3268.14,132.45,FALSE,M1_DIRECTION_MISMATCH
2026-09-07 18:58:59.450,1788807539.450,4695,49,175,4406.19,4406.27,8.0,PASS_<=10c,+0.0,FLAT,+0.0,+69.0,4.2,+0.00,0.00,SLOW,4405.50,4406.54,4403.14,4406.23,0.00,0.00,0.0,BEARISH,340.0,4406.19,4406.19,4406.19,4406.19,59,CLEARED_>=20s,1.0,0.0,0.0,0.0,0.0,0.0,0.0,PASS_<20%,0.00,0.0,NO,STANDBY_VEL_LOW,1,1321.86,3268.14,132.45,FALSE,M1_DIRECTION_MISMATCH
2026-09-07 18:58:59.951,1788807539.952,4696,50,176,4406.19,4406.27,8.0,PASS_<=10c,+0.0,FLAT,+0.0,+69.0,4.2,+0.00,0.00,SLOW,4405.50,4406.54,4403.14,4406.23,0.00,0.00,0.0,BEARISH,340.0,4406.19,4406.19,4406.19,4406.19,59,CLEARED_>=20s,1.0,0.0,0.0,0.0,0.0,0.0,0.0,PASS_<20%,0.00,0.0,NO,STANDBY_VEL_LOW,1,1321.86,3268.14,132.45,FALSE,M1_DIRECTION_MISMATCH
2026-09-07 18:59:00.453,1788807540.453,4697,1,177,4406.19,4406.27,8.0,PASS_<=10c,+0.0,FLAT,+0.0,+69.0,4.2,+0.00,0.00,SLOW,4405.50,4406.54,4403.14,4406.23,0.00,0.00,0.0,BEARISH,340.0,4406.19,4406.19,4406.19,4406.19,0,ACTIVE_0s,1.0,0.0,0.0,0.0,0.0,0.0,0.0,PASS_<20%,0.00,0.0,NO,STANDBY_VEL_LOW,1,1321.86,3268.14,132.45,FALSE,M1_DIRECTION_MISMATCH|OPENING_SHIELD_ACTIVE_0s
2026-09-07 18:59:00.955,1788807540.956,4698,2,178,4406.19,4406.27,8.0,PASS_<=10c,+0.0,FLAT,+0.0,+69.0,4.2,+0.00,0.00,SLOW,4405.50,4406.54,4403.14,4406.23,0.00,0.00,0.0,BEARISH,340.0,4406.19,4406.19,4406.19,4406.19,0,ACTIVE_0s,1.0,0.0,0.0,0.0,0.0,0.0,0.0,PASS_<20%,0.00,0.0,NO,STANDBY_VEL_LOW,1,1321.86,3268.14,132.45,FALSE,M1_DIRECTION_MISMATCH|OPENING_SHIELD_ACTIVE_0s
2026-09-07 18:59:01.457,1788807541.457,4699,3,179,4406.19,4406.27,8.0,PASS_<=10c,+0.0,FLAT,+0.0,+69.0,4.2,+0.00,0.00,SLOW,4405.50,4406.54,4403.14,4406.23,0.00,0.00,0.0,BEARISH,340.0,4406.19,4406.19,4406.19,4406.19,1,ACTIVE_1s,1.0,0.0,0.0,0.0,0.0,0.0,0.0,PASS_<20%,0.00,0.0,NO,STANDBY_VEL_LOW,1,1321.86,3268.14,132.45,FALSE,M1_DIRECTION_MISMATCH|OPENING_SHIELD_ACTIVE_1s
2026-09-07 18:59:06.971,1788807546.972,4700,4,180,4406.19,4406.27,8.0,PASS_<=10c,+0.0,FLAT,+0.0,+69.0,1.6,+0.00,0.00,SLOW,4405.50,4406.54,4403.14,4406.23,0.00,0.00,0.0,BEARISH,340.0,4406.19,4406.19,4406.19,4406.19,6,ACTIVE_6s,1.0,0.0,0.0,0.0,0.0,0.0,0.0,PASS_<20%,0.00,0.0,NO,STANDBY_VEL_LOW,1,1321.86,3268.14,132.45,FALSE,M1_DIRECTION_MISMATCH|OPENING_SHIELD_ACTIVE_6s
2026-09-07 18:59:17.201,1788807557.202,4701,5,181,4406.19,4406.27,8.0,PASS_<=10c,+0.0,FLAT,+0.0,+69.0,1.3,+0.00,0.00,SLOW,4405.50,4406.54,4403.14,4406.23,0.00,0.00,0.0,BEARISH,340.0,4406.19,4406.19,4406.19,4406.19,17,ACTIVE_17s,1.0,0.0,0.0,0.0,0.0,0.0,0.0,PASS_<20%,0.00,0.0,NO,STANDBY_VEL_LOW,1,1321.86,3268.14,132.45,FALSE,M1_DIRECTION_MISMATCH|OPENING_SHIELD_ACTIVE_17s
2026-09-07 18:59:19.012,1788807559.012,4702,6,182,4406.19,4406.27,8.0,PASS_<=10c,+0.0,FLAT,+0.0,+69.0,1.7,+0.00,0.00,SLOW,4405.50,4406.54,4403.14,4406.23,0.00,0.00,0.0,BEARISH,340.0,4406.19,4406.19,4406.19,4406.19,19,ACTIVE_19s,1.0,0.0,0.0,0.0,0.0,0.0,0.0,PASS_<20%,0.00,0.0,NO,STANDBY_VEL_LOW,1,1321.86,3268.14,132.45,FALSE,M1_DIRECTION_MISMATCH|OPENING_SHIELD_ACTIVE_19s
2026-09-07 18:59:19.513,1788807559.514,4703,7,183,4406.19,4406.27,8.0,PASS_<=10c,+0.0,FLAT,+0.0,+69.0,2.2,+0.00,0.00,SLOW,4405.50,4406.54,4403.14,4406.23,0.00,0.00,0.0,BEARISH,340.0,4406.19,4406.19,4406.19,4406.19,19,ACTIVE_19s,1.0,0.0,0.0,0.0,0.0,0.0,0.0,PASS_<20%,0.00,0.0,NO,STANDBY_VEL_LOW,1,1321.86,3268.14,132.45,FALSE,M1_DIRECTION_MISMATCH|OPENING_SHIELD_ACTIVE_19s
2026-09-07 18:59:20.015,1788807560.016,4704,8,184,4406.19,4406.27,8.0,PASS_<=10c,+0.0,FLAT,+0.0,+69.0,2.5,+0.00,0.00,SLOW,4405.50,4406.54,4403.14,4406.23,0.00,0.00,0.0,BEARISH,340.0,4406.19,4406.19,4406.19,4406.19,20,CLEARED_>=20s,1.0,0.0,0.0,0.0,0.0,0.0,0.0,PASS_<20%,0.00,0.0,NO,STANDBY_VEL_LOW,1,1321.86,3268.14,132.45,FALSE,M1_DIRECTION_MISMATCH
2026-09-07 18:59:20.517,1788807560.517,4705,9,185,4406.19,4406.27,8.0,PASS_<=10c,+0.0,FLAT,+0.0,+69.0,2.7,+0.00,0.00,SLOW,4405.50,4406.54,4403.14,4406.23,0.00,0.00,0.0,BEARISH,340.0,4406.19,4406.19,4406.19,4406.19,20,CLEARED_>=20s,1.0,0.0,0.0,0.0,0.0,0.0,0.0,PASS_<20%,0.00,0.0,NO,STANDBY_VEL_LOW,1,1321.86,3268.14,132.45,FALSE,M1_DIRECTION_MISMATCH
2026-09-07 18:59:21.018,1788807561.019,4706,10,186,4406.19,4406.27,8.0,PASS_<=10c,+0.0,FLAT,+0.0,+69.0,2.9,+0.00,0.00,SLOW,4405.50,4406.54,4403.14,4406.23,0.00,0.00,0.0,BEARISH,340.0,4406.19,4406.19,4406.19,4406.19,21,CLEARED_>=20s,1.0,0.0,0.0,0.0,0.0,0.0,0.0,PASS_<20%,0.00,0.0,NO,STANDBY_VEL_LOW,1,1321.86,3268.14,132.45,FALSE,M1_DIRECTION_MISMATCH
2026-09-07 18:59:21.521,1788807561.521,4707,11,187,4406.19,4406.27,8.0,PASS_<=10c,+0.0,FLAT,+0.0,+69.0,3.0,+0.00,0.00,SLOW,4405.50,4406.54,4403.14,4406.23,0.00,0.00,0.0,BEARISH,340.0,4406.19,4406.19,4406.19,4406.19,21,CLEARED_>=20s,1.0,0.0,0.0,0.0,0.0,0.0,0.0,PASS_<20%,0.00,0.0,NO,STANDBY_VEL_LOW,1,1321.86,3268.14,132.45,FALSE,M1_DIRECTION_MISMATCH
2026-09-07 18:59:22.021,1788807562.021,4708,12,188,4406.19,4406.27,8.0,PASS_<=10c,+0.0,FLAT,+0.0,+69.0,3.1,+0.00,0.00,SLOW,4405.50,4406.54,4403.14,4406.23,0.00,0.00,0.0,BEARISH,340.0,4406.19,4406.19,4406.19,4406.19,22,CLEARED_>=20s,1.0,0.0,0.0,0.0,0.0,0.0,0.0,PASS_<20%,0.00,0.0,NO,STANDBY_VEL_LOW,1,1321.86,3268.14,132.45,FALSE,M1_DIRECTION_MISMATCH
2026-09-07 18:59:22.522,1788807562.523,4709,13,189,4406.19,4406.27,8.0,PASS_<=10c,+0.0,FLAT,+0.0,+69.0,4.4,+0.00,0.00,SLOW,4405.50,4406.54,4403.14,4406.23,0.00,0.00,0.0,BEARISH,340.0,4406.19,4406.19,4406.19,4406.19,22,CLEARED_>=20s,1.0,0.0,0.0,0.0,0.0,0.0,0.0,PASS_<20%,0.00,0.0,NO,STANDBY_VEL_LOW,1,1321.86,3268.14,132.45,FALSE,M1_DIRECTION_MISMATCH
2026-09-07 18:59:23.024,1788807563.025,4710,14,190,4406.19,4406.27,8.0,PASS_<=10c,+0.0,FLAT,+0.0,+69.0,4.4,+0.00,0.00,SLOW,4405.50,4406.54,4403.14,4406.23,0.00,0.00,0.0,BEARISH,340.0,4406.19,4406.19,4406.19,4406.19,23,CLEARED_>=20s,1.0,0.0,0.0,0.0,0.0,0.0,0.0,PASS_<20%,0.00,0.0,NO,STANDBY_VEL_LOW,1,1321.86,3268.14,132.45,FALSE,M1_DIRECTION_MISMATCH
2026-09-07 18:59:23.525,1788807563.526,4711,15,191,4406.19,4406.27,8.0,PASS_<=10c,+0.0,FLAT,+0.0,+69.0,4.3,+0.00,0.00,SLOW,4405.50,4406.54,4403.14,4406.23,0.00,0.00,0.0,BEARISH,340.0,4406.19,4406.19,4406.19,4406.19,23,CLEARED_>=20s,1.0,0.0,0.0,0.0,0.0,0.0,0.0,PASS_<20%,0.00,0.0,NO,STANDBY_VEL_LOW,1,1321.86,3268.14,132.45,FALSE,M1_DIRECTION_MISMATCH
2026-09-07 18:59:24.027,1788807564.027,4712,16,192,4406.19,4406.27,8.0,PASS_<=10c,+0.0,FLAT,+0.0,+69.0,4.2,+0.00,0.00,SLOW,4405.50,4406.54,4403.14,4406.23,0.00,0.00,0.0,BEARISH,340.0,4406.19,4406.19,4406.19,4406.19,24,CLEARED_>=20s,1.0,0.0,0.0,0.0,0.0,0.0,0.0,PASS_<20%,0.00,0.0,NO,STANDBY_VEL_LOW,1,1321.86,3268.14,132.45,FALSE,M1_DIRECTION_MISMATCH
2026-09-07 18:59:24.528,1788807564.529,4713,17,193,4406.19,4406.27,8.0,PASS_<=10c,+0.0,FLAT,+0.0,+69.0,4.2,+0.00,0.00,SLOW,4405.50,4406.54,4403.14,4406.23,0.00,0.00,0.0,BEARISH,340.0,4406.19,4406.19,4406.19,4406.19,24,CLEARED_>=20s,1.0,0.0,0.0,0.0,0.0,0.0,0.0,PASS_<20%,0.00,0.0,NO,STANDBY_VEL_LOW,1,1321.86,3268.14,132.45,FALSE,M1_DIRECTION_MISMATCH
2026-09-07 18:59:25.031,1788807565.031,4714,18,194,4406.19,4406.27,8.0,PASS_<=10c,+0.0,FLAT,+0.0,+69.0,4.2,+0.00,0.00,SLOW,4405.50,4406.54,4403.14,4406.23,0.00,0.00,0.0,BEARISH,340.0,4406.19,4406.19,4406.19,4406.19,25,CLEARED_>=20s,1.0,0.0,0.0,0.0,0.0,0.0,0.0,PASS_<20%,0.00,0.0,NO,STANDBY_VEL_LOW,1,1321.86,3268.14,132.45,FALSE,M1_DIRECTION_MISMATCH
2026-09-07 18:59:25.531,1788807565.532,4715,19,195,4406.19,4406.27,8.0,PASS_<=10c,+0.0,FLAT,+0.0,+69.0,4.2,+0.00,0.00,SLOW,4405.50,4406.54,4403.14,4406.23,0.00,0.00,0.0,BEARISH,340.0,4406.19,4406.19,4406.19,4406.19,25,CLEARED_>=20s,1.0,0.0,0.0,0.0,0.0,0.0,0.0,PASS_<20%,0.00,0.0,NO,STANDBY_VEL_LOW,1,1321.86,3268.14,132.45,FALSE,M1_DIRECTION_MISMATCH
2026-09-07 18:59:26.033,1788807566.034,4716,20,196,4406.19,4406.27,8.0,PASS_<=10c,+0.0,FLAT,+0.0,+69.0,4.2,+0.00,0.00,SLOW,4405.50,4406.54,4403.14,4406.23,0.00,0.00,0.0,BEARISH,340.0,4406.19,4406.19,4406.19,4406.19,26,CLEARED_>=20s,1.0,0.0,0.0,0.0,0.0,0.0,0.0,PASS_<20%,0.00,0.0,NO,STANDBY_VEL_LOW,1,1321.86,3268.14,132.45,FALSE,M1_DIRECTION_MISMATCH
2026-09-07 18:59:26.534,1788807566.535,4717,21,197,4406.19,4406.27,8.0,PASS_<=10c,+0.0,FLAT,+0.0,+69.0,4.2,+0.00,0.00,SLOW,4405.50,4406.54,4403.14,4406.23,0.00,0.00,0.0,BEARISH,340.0,4406.19,4406.19,4406.19,4406.19,26,CLEARED_>=20s,1.0,0.0,0.0,0.0,0.0,0.0,0.0,PASS_<20%,0.00,0.0,NO,STANDBY_VEL_LOW,1,1321.86,3268.14,132.45,FALSE,M1_DIRECTION_MISMATCH
2026-09-07 18:59:32.050,1788807572.051,4718,22,198,4406.19,4406.27,8.0,PASS_<=10c,+0.0,FLAT,+0.0,+69.0,1.6,+0.00,0.00,SLOW,4405.50,4406.54,4403.14,4406.23,0.00,0.00,0.0,BEARISH,340.0,4406.19,4406.19,4406.19,4406.19,32,CLEARED_>=20s,1.0,0.0,0.0,0.0,0.0,0.0,0.0,PASS_<20%,0.00,0.0,NO,STANDBY_VEL_LOW,1,1321.86,3268.14,132.45,FALSE,M1_DIRECTION_MISMATCH
2026-09-07 18:59:42.289,1788807582.289,4719,23,199,4406.19,4406.27,8.0,PASS_<=10c,+0.0,FLAT,+0.0,+69.0,1.3,+0.00,0.00,SLOW,4405.50,4406.54,4403.14,4406.23,0.00,0.00,0.0,BEARISH,340.0,4406.19,4406.19,4406.19,4406.19,42,CLEARED_>=20s,1.0,0.0,0.0,0.0,0.0,0.0,0.0,PASS_<20%,0.00,0.0,NO,STANDBY_VEL_LOW,1,1321.86,3268.14,132.45,FALSE,M1_DIRECTION_MISMATCH
2026-09-07 18:59:45.302,1788807585.302,4720,24,200,4406.19,4406.27,8.0,PASS_<=10c,+0.0,FLAT,+0.0,+69.0,1.3,+0.00,0.00,SLOW,4405.50,4406.54,4403.14,4406.23,0.00,0.00,0.0,BEARISH,340.0,4406.19,4406.19,4406.19,4406.19,45,CLEARED_>=20s,1.0,0.0,0.0,0.0,0.0,0.0,0.0,PASS_<20%,0.00,0.0,NO,STANDBY_VEL_LOW,1,1321.86,3268.14,132.45,FALSE,M1_DIRECTION_MISMATCH
2026-09-07 18:59:45.803,1788807585.804,4721,25,201,4406.19,4406.27,8.0,PASS_<=10c,+0.0,FLAT,+0.0,+69.0,1.4,+0.00,0.00,SLOW,4405.50,4406.54,4403.14,4406.23,0.00,0.00,0.0,BEARISH,340.0,4406.19,4406.19,4406.19,4406.19,45,CLEARED_>=20s,1.0,0.0,0.0,0.0,0.0,0.0,0.0,PASS_<20%,0.00,0.0,NO,STANDBY_VEL_LOW,1,1321.86,3268.14,132.45,FALSE,M1_DIRECTION_MISMATCH
2026-09-07 18:59:46.305,1788807586.306,4722,26,202,4406.19,4406.27,8.0,PASS_<=10c,+0.0,FLAT,+0.0,+69.0,1.7,+0.00,0.00,SLOW,4405.50,4406.54,4403.14,4406.23,0.00,0.00,0.0,BEARISH,340.0,4406.19,4406.19,4406.19,4406.19,46,CLEARED_>=20s,1.0,0.0,0.0,0.0,0.0,0.0,0.0,PASS_<20%,0.00,0.0,NO,STANDBY_VEL_LOW,1,1321.86,3268.14,132.45,FALSE,M1_DIRECTION_MISMATCH
2026-09-07 18:59:46.807,1788807586.808,4723,27,203,4406.19,4406.27,8.0,PASS_<=10c,+0.0,FLAT,+0.0,+69.0,2.0,+0.00,0.00,SLOW,4405.50,4406.54,4403.14,4406.23,0.00,0.00,0.0,BEARISH,340.0,4406.19,4406.19,4406.19,4406.19,46,CLEARED_>=20s,1.0,0.0,0.0,0.0,0.0,0.0,0.0,PASS_<20%,0.00,0.0,NO,STANDBY_VEL_LOW,1,1321.86,3268.14,132.45,FALSE,M1_DIRECTION_MISMATCH
2026-09-07 18:59:47.309,1788807587.309,4724,28,204,4406.19,4406.27,8.0,PASS_<=10c,+0.0,FLAT,+0.0,+69.0,4.7,+0.00,0.00,SLOW,4405.50,4406.54,4403.14,4406.23,0.00,0.00,0.0,BEARISH,340.0,4406.19,4406.19,4406.19,4406.19,47,CLEARED_>=20s,1.0,0.0,0.0,0.0,0.0,0.0,0.0,PASS_<20%,0.00,0.0,NO,STANDBY_VEL_LOW,1,1321.86,3268.14,132.45,FALSE,M1_DIRECTION_MISMATCH
2026-09-07 18:59:47.811,1788807587.811,4725,29,205,4406.19,4406.27,8.0,PASS_<=10c,+0.0,FLAT,+0.0,+69.0,4.6,+0.00,0.00,SLOW,4405.50,4406.54,4403.14,4406.23,0.00,0.00,0.0,BEARISH,340.0,4406.19,4406.19,4406.19,4406.19,47,CLEARED_>=20s,1.0,0.0,0.0,0.0,0.0,0.0,0.0,PASS_<20%,0.00,0.0,NO,STANDBY_VEL_LOW,1,1321.86,3268.14,132.45,FALSE,M1_DIRECTION_MISMATCH
2026-09-07 18:59:48.312,1788807588.313,4726,30,206,4406.19,4406.27,8.0,PASS_<=10c,+0.0,FLAT,+0.0,+69.0,4.5,+0.00,0.00,SLOW,4405.50,4406.54,4403.14,4406.23,0.00,0.00,0.0,BEARISH,340.0,4406.19,4406.19,4406.19,4406.19,48,CLEARED_>=20s,1.0,0.0,0.0,0.0,0.0,0.0,0.0,PASS_<20%,0.00,0.0,NO,STANDBY_VEL_LOW,1,1321.86,3268.14,132.45,FALSE,M1_DIRECTION_MISMATCH
2026-09-07 18:59:48.814,1788807588.815,4727,31,207,4406.19,4406.27,8.0,PASS_<=10c,+0.0,FLAT,+0.0,+69.0,4.4,+0.00,0.00,SLOW,4405.50,4406.54,4403.14,4406.23,0.00,0.00,0.0,BEARISH,340.0,4406.19,4406.19,4406.19,4406.19,48,CLEARED_>=20s,1.0,0.0,0.0,0.0,0.0,0.0,0.0,PASS_<20%,0.00,0.0,NO,STANDBY_VEL_LOW,1,1321.86,3268.14,132.45,FALSE,M1_DIRECTION_MISMATCH
2026-09-07 18:59:49.316,1788807589.317,4728,32,208,4406.19,4406.27,8.0,PASS_<=10c,+0.0,FLAT,+0.0,+69.0,4.4,+0.00,0.00,SLOW,4405.50,4406.54,4403.14,4406.23,0.00,0.00,0.0,BEARISH,340.0,4406.19,4406.19,4406.19,4406.19,49,CLEARED_>=20s,1.0,0.0,0.0,0.0,0.0,0.0,0.0,PASS_<20%,0.00,0.0,NO,STANDBY_VEL_LOW,1,1321.86,3268.14,132.45,FALSE,M1_DIRECTION_MISMATCH
2026-09-07 18:59:49.818,1788807589.818,4729,33,209,4406.19,4406.27,8.0,PASS_<=10c,+0.0,FLAT,+0.0,+69.0,4.3,+0.00,0.00,SLOW,4405.50,4406.54,4403.14,4406.23,0.00,0.00,0.0,BEARISH,340.0,4406.19,4406.19,4406.19,4406.19,49,CLEARED_>=20s,1.0,0.0,0.0,0.0,0.0,0.0,0.0,PASS_<20%,0.00,0.0,NO,STANDBY_VEL_LOW,1,1321.86,3268.14,132.45,FALSE,M1_DIRECTION_MISMATCH
2026-09-07 18:59:50.320,1788807590.320,4730,34,210,4406.19,4406.27,8.0,PASS_<=10c,+0.0,FLAT,+0.0,+69.0,4.2,+0.00,0.00,SLOW,4405.50,4406.54,4403.14,4406.23,0.00,0.00,0.0,BEARISH,340.0,4406.19,4406.19,4406.19,4406.19,50,CLEARED_>=20s,1.0,0.0,0.0,0.0,0.0,0.0,0.0,PASS_<20%,0.00,0.0,NO,STANDBY_VEL_LOW,1,1321.86,3268.14,132.45,FALSE,M1_DIRECTION_MISMATCH
2026-09-07 18:59:50.821,1788807590.822,4731,35,211,4406.19,4406.27,8.0,PASS_<=10c,+0.0,FLAT,+0.0,+69.0,4.2,+0.00,0.00,SLOW,4405.50,4406.54,4403.14,4406.23,0.00,0.00,0.0,BEARISH,340.0,4406.19,4406.19,4406.19,4406.19,50,CLEARED_>=20s,1.0,0.0,0.0,0.0,0.0,0.0,0.0,PASS_<20%,0.00,0.0,NO,STANDBY_VEL_LOW,1,1321.86,3268.14,132.45,FALSE,M1_DIRECTION_MISMATCH
2026-09-07 18:59:51.324,1788807591.325,4732,36,212,4406.19,4406.27,8.0,PASS_<=10c,+0.0,FLAT,+0.0,+69.0,4.2,+0.00,0.00,SLOW,4405.50,4406.54,4403.14,4406.23,0.00,0.00,0.0,BEARISH,340.0,4406.19,4406.19,4406.19,4406.19,51,CLEARED_>=20s,1.0,0.0,0.0,0.0,0.0,0.0,0.0,PASS_<20%,0.00,0.0,NO,STANDBY_VEL_LOW,1,1321.86,3268.14,132.45,FALSE,M1_DIRECTION_MISMATCH
2026-09-07 18:59:51.825,1788807591.825,4733,37,213,4406.19,4406.27,8.0,PASS_<=10c,+0.0,FLAT,+0.0,+69.0,4.2,+0.00,0.00,SLOW,4405.50,4406.54,4403.14,4406.23,0.00,0.00,0.0,BEARISH,340.0,4406.19,4406.19,4406.19,4406.19,51,CLEARED_>=20s,1.0,0.0,0.0,0.0,0.0,0.0,0.0,PASS_<20%,0.00,0.0,NO,STANDBY_VEL_LOW,1,1321.86,3268.14,132.45,FALSE,M1_DIRECTION_MISMATCH
2026-09-07 18:59:52.327,1788807592.328,4734,38,214,4406.19,4406.27,8.0,PASS_<=10c,+0.0,FLAT,+0.0,+69.0,4.2,+0.00,0.00,SLOW,4405.50,4406.54,4403.14,4406.23,0.00,0.00,0.0,BEARISH,340.0,4406.19,4406.19,4406.19,4406.19,52,CLEARED_>=20s,1.0,0.0,0.0,0.0,0.0,0.0,0.0,PASS_<20%,0.00,0.0,NO,STANDBY_VEL_LOW,1,1321.86,3268.14,132.45,FALSE,M1_DIRECTION_MISMATCH
2026-09-07 18:59:52.829,1788807592.829,4735,39,215,4406.19,4406.27,8.0,PASS_<=10c,+0.0,FLAT,+0.0,+69.0,4.2,+0.00,0.00,SLOW,4405.50,4406.54,4403.14,4406.23,0.00,0.00,0.0,BEARISH,340.0,4406.19,4406.19,4406.19,4406.19,52,CLEARED_>=20s,1.0,0.0,0.0,0.0,0.0,0.0,0.0,PASS_<20%,0.00,0.0,NO,STANDBY_VEL_LOW,1,1321.86,3268.14,132.45,FALSE,M1_DIRECTION_MISMATCH
2026-09-07 18:59:58.346,1788807598.347,4736,40,216,4406.19,4406.27,8.0,PASS_<=10c,+0.0,FLAT,+0.0,+69.0,1.5,+0.00,0.00,SLOW,4405.50,4406.54,4403.14,4406.23,0.00,0.00,0.0,BEARISH,340.0,4406.19,4406.19,4406.19,4406.19,58,CLEARED_>=20s,1.0,0.0,0.0,0.0,0.0,0.0,0.0,PASS_<20%,0.00,0.0,NO,STANDBY_VEL_LOW,1,1321.86,3268.14,132.45,FALSE,M1_DIRECTION_MISMATCH
2026-09-07 19:00:08.581,1788807608.582,4737,1,1,4406.19,4406.27,8.0,PASS_<=10c,+0.0,FLAT,+0.0,+0.0,1.3,+0.00,0.00,SLOW,4406.19,4406.19,4406.19,4406.19,0.00,0.00,0.0,BEARISH,0.0,4406.19,4406.19,4406.19,4406.19,8,ACTIVE_8s,1.0,0.0,0.0,0.0,0.0,0.0,0.0,PASS_<20%,0.00,0.0,NO,STANDBY_VEL_LOW,1,1321.86,3268.14,132.45,FALSE,M1_DIRECTION_MISMATCH|OPENING_SHIELD_ACTIVE_8s
2026-09-07 19:00:09.990,1788807609.990,4738,2,2,4406.19,4406.27,8.0,PASS_<=10c,+0.0,FLAT,+0.0,+0.0,2.1,+0.00,0.00,SLOW,4406.19,4406.19,4406.19,4406.19,0.00,0.00,0.0,BEARISH,0.0,4406.19,4406.19,4406.19,4406.19,9,ACTIVE_9s,1.0,0.0,0.0,0.0,0.0,0.0,0.0,PASS_<20%,0.00,0.0,NO,STANDBY_VEL_LOW,1,1321.86,3268.14,132.45,FALSE,M1_DIRECTION_MISMATCH|OPENING_SHIELD_ACTIVE_9s
2026-09-07 19:00:10.492,1788807610.492,4739,3,3,4406.19,4406.27,8.0,PASS_<=10c,+0.0,FLAT,+0.0,+0.0,2.6,+0.00,0.00,SLOW,4406.19,4406.19,4406.19,4406.19,0.00,0.00,0.0,BEARISH,0.0,4406.19,4406.19,4406.19,4406.19,10,ACTIVE_10s,1.0,0.0,0.0,0.0,0.0,0.0,0.0,PASS_<20%,0.00,0.0,NO,STANDBY_VEL_LOW,1,1321.86,3268.14,132.45,FALSE,M1_DIRECTION_MISMATCH|OPENING_SHIELD_ACTIVE_10s
2026-09-07 19:00:10.993,1788807610.994,4740,4,4,4406.19,4406.27,8.0,PASS_<=10c,+0.0,FLAT,+0.0,+0.0,2.9,+0.00,0.00,SLOW,4406.19,4406.19,4406.19,4406.19,0.00,0.00,0.0,BEARISH,0.0,4406.19,4406.19,4406.19,4406.19,10,ACTIVE_10s,1.0,0.0,0.0,0.0,0.0,0.0,0.0,PASS_<20%,0.00,0.0,NO,STANDBY_VEL_LOW,1,1321.86,3268.14,132.45,FALSE,M1_DIRECTION_MISMATCH|OPENING_SHIELD_ACTIVE_10s
2026-09-07 19:00:11.495,1788807611.496,4741,5,5,4406.19,4406.27,8.0,PASS_<=10c,+0.0,FLAT,+0.0,+0.0,3.1,+0.00,0.00,SLOW,4406.19,4406.19,4406.19,4406.19,0.00,0.00,0.0,BEARISH,0.0,4406.19,4406.19,4406.19,4406.19,11,ACTIVE_11s,1.0,0.0,0.0,0.0,0.0,0.0,0.0,PASS_<20%,0.00,0.0,NO,STANDBY_VEL_LOW,1,1321.86,3268.14,132.45,FALSE,M1_DIRECTION_MISMATCH|OPENING_SHIELD_ACTIVE_11s
2026-09-07 19:00:11.997,1788807611.997,4742,6,6,4406.19,4406.27,8.0,PASS_<=10c,+0.0,FLAT,+0.0,+0.0,3.2,+0.00,0.00,SLOW,4406.19,4406.19,4406.19,4406.19,0.00,0.00,0.0,BEARISH,0.0,4406.19,4406.19,4406.19,4406.19,11,ACTIVE_11s,1.0,0.0,0.0,0.0,0.0,0.0,0.0,PASS_<20%,0.00,0.0,NO,STANDBY_VEL_LOW,1,1321.86,3268.14,132.45,FALSE,M1_DIRECTION_MISMATCH|OPENING_SHIELD_ACTIVE_11s
2026-09-07 19:00:12.499,1788807612.499,4743,7,7,4406.19,4406.27,8.0,PASS_<=10c,+0.0,FLAT,+0.0,+0.0,3.3,+0.00,0.00,SLOW,4406.19,4406.19,4406.19,4406.19,0.00,0.00,0.0,BEARISH,0.0,4406.19,4406.19,4406.19,4406.19,12,ACTIVE_12s,1.0,0.0,0.0,0.0,0.0,0.0,0.0,PASS_<20%,0.00,0.0,NO,STANDBY_VEL_LOW,1,1321.86,3268.14,132.45,FALSE,M1_DIRECTION_MISMATCH|OPENING_SHIELD_ACTIVE_12s
2026-09-07 19:00:13.000,1788807613.001,4744,8,8,4406.19,4406.27,8.0,PASS_<=10c,+0.0,FLAT,+0.0,+0.0,3.4,+0.00,0.00,SLOW,4406.19,4406.19,4406.19,4406.19,0.00,0.00,0.0,BEARISH,0.0,4406.19,4406.19,4406.19,4406.19,13,ACTIVE_13s,1.0,0.0,0.0,0.0,0.0,0.0,0.0,PASS_<20%,0.00,0.0,NO,STANDBY_VEL_LOW,1,1321.86,3268.14,132.45,FALSE,M1_DIRECTION_MISMATCH|OPENING_SHIELD_ACTIVE_12s
2026-09-07 19:00:13.502,1788807613.503,4745,9,9,4406.19,4406.27,8.0,PASS_<=10c,+0.0,FLAT,+0.0,+0.0,3.5,+0.00,0.00,SLOW,4406.19,4406.19,4406.19,4406.19,0.00,0.00,0.0,BEARISH,0.0,4406.19,4406.19,4406.19,4406.19,13,ACTIVE_13s,1.0,0.0,0.0,0.0,0.0,0.0,0.0,PASS_<20%,0.00,0.0,NO,STANDBY_VEL_LOW,1,1321.86,3268.14,132.45,FALSE,M1_DIRECTION_MISMATCH|OPENING_SHIELD_ACTIVE_13s
2026-09-07 19:00:14.004,1788807614.005,4746,10,10,4406.19,4406.27,8.0,PASS_<=10c,+0.0,FLAT,+0.0,+0.0,4.4,+0.00,0.00,SLOW,4406.19,4406.19,4406.19,4406.19,0.00,0.00,0.0,BEARISH,0.0,4406.19,4406.19,4406.19,4406.19,14,ACTIVE_14s,1.0,0.0,0.0,0.0,0.0,0.0,0.0,PASS_<20%,0.00,0.0,NO,STANDBY_VEL_LOW,1,1321.86,3268.14,132.45,FALSE,M1_DIRECTION_MISMATCH|OPENING_SHIELD_ACTIVE_14s
2026-09-07 19:00:14.506,1788807614.507,4747,11,11,4406.19,4406.27,8.0,PASS_<=10c,+0.0,FLAT,+0.0,+0.0,4.3,+0.00,0.00,SLOW,4406.19,4406.19,4406.19,4406.19,0.00,0.00,0.0,BEARISH,0.0,4406.19,4406.19,4406.19,4406.19,14,ACTIVE_14s,1.0,0.0,0.0,0.0,0.0,0.0,0.0,PASS_<20%,0.00,0.0,NO,STANDBY_VEL_LOW,1,1321.86,3268.14,132.45,FALSE,M1_DIRECTION_MISMATCH|OPENING_SHIELD_ACTIVE_14s
2026-09-07 19:00:15.008,1788807615.008,4748,12,12,4406.19,4406.27,8.0,PASS_<=10c,+0.0,FLAT,+0.0,+0.0,4.2,+0.00,0.00,SLOW,4406.19,4406.19,4406.19,4406.19,0.00,0.00,0.0,BEARISH,0.0,4406.19,4406.19,4406.19,4406.19,15,ACTIVE_15s,1.0,0.0,0.0,0.0,0.0,0.0,0.0,PASS_<20%,0.00,0.0,NO,STANDBY_VEL_LOW,1,1321.86,3268.14,132.45,FALSE,M1_DIRECTION_MISMATCH|OPENING_SHIELD_ACTIVE_15s
2026-09-07 19:00:15.510,1788807615.510,4749,13,13,4406.19,4406.27,8.0,PASS_<=10c,+0.0,FLAT,+0.0,+69.0,4.2,+0.00,0.00,SLOW,4405.50,4406.54,4403.14,4406.23,0.00,0.00,0.0,BEARISH,340.0,4406.19,4406.19,4406.19,4406.19,15,ACTIVE_15s,1.0,0.0,0.0,0.0,0.0,0.0,0.0,PASS_<20%,0.00,0.0,NO,STANDBY_VEL_LOW,1,1321.86,3268.14,132.45,FALSE,M1_DIRECTION_MISMATCH|OPENING_SHIELD_ACTIVE_15s
2026-09-07 19:00:16.013,1788807616.013,4750,14,14,4406.19,4406.27,8.0,PASS_<=10c,+0.0,FLAT,+0.0,+69.0,4.2,+0.00,0.00,SLOW,4405.50,4406.54,4403.14,4406.23,0.00,0.00,0.0,BEARISH,340.0,4406.19,4406.19,4406.19,4406.19,16,ACTIVE_16s,1.0,0.0,0.0,0.0,0.0,0.0,0.0,PASS_<20%,0.00,0.0,NO,STANDBY_VEL_LOW,1,1321.86,3268.14,132.45,FALSE,M1_DIRECTION_MISMATCH|OPENING_SHIELD_ACTIVE_16s
2026-09-07 19:00:16.514,1788807616.514,4751,15,15,4406.19,4406.27,8.0,PASS_<=10c,+0.0,FLAT,+0.0,+69.0,4.2,+0.00,0.00,SLOW,4405.50,4406.54,4403.14,4406.23,0.00,0.00,0.0,BEARISH,340.0,4406.19,4406.19,4406.19,4406.19,16,ACTIVE_16s,1.0,0.0,0.0,0.0,0.0,0.0,0.0,PASS_<20%,0.00,0.0,NO,STANDBY_VEL_LOW,1,1321.86,3268.14,132.45,FALSE,M1_DIRECTION_MISMATCH|OPENING_SHIELD_ACTIVE_16s
2026-09-07 19:00:17.015,1788807617.016,4752,16,16,4406.19,4406.27,8.0,PASS_<=10c,+0.0,FLAT,+0.0,+69.0,4.2,+0.00,0.00,SLOW,4405.50,4406.54,4403.14,4406.23,0.00,0.00,0.0,BEARISH,340.0,4406.19,4406.19,4406.19,4406.19,17,ACTIVE_17s,1.0,0.0,0.0,0.0,0.0,0.0,0.0,PASS_<20%,0.00,0.0,NO,STANDBY_VEL_LOW,1,1321.86,3268.14,132.45,FALSE,M1_DIRECTION_MISMATCH|OPENING_SHIELD_ACTIVE_17s
2026-09-07 19:00:17.517,1788807617.518,4753,17,17,4406.19,4406.27,8.0,PASS_<=10c,+0.0,FLAT,+0.0,+69.0,4.2,+0.00,0.00,SLOW,4405.50,4406.54,4403.14,4406.23,0.00,0.00,0.0,BEARISH,340.0,4406.19,4406.19,4406.19,4406.19,17,ACTIVE_17s,1.0,0.0,0.0,0.0,0.0,0.0,0.0,PASS_<20%,0.00,0.0,NO,STANDBY_VEL_LOW,1,1321.86,3268.14,132.45,FALSE,M1_DIRECTION_MISMATCH|OPENING_SHIELD_ACTIVE_17s
2026-09-07 19:00:23.033,1788807623.033,4754,18,18,4406.19,4406.27,8.0,PASS_<=10c,+0.0,FLAT,+0.0,+69.0,1.5,+0.00,0.00,SLOW,4405.50,4406.54,4403.14,4406.23,0.00,0.00,0.0,BEARISH,340.0,4406.19,4406.19,4406.19,4406.19,23,CLEARED_>=20s,1.0,0.0,0.0,0.0,0.0,0.0,0.0,PASS_<20%,0.00,0.0,NO,STANDBY_VEL_LOW,1,1321.86,3268.14,132.45,FALSE,M1_DIRECTION_MISMATCH
2026-09-07 19:00:33.262,1788807633.262,4755,19,19,4406.19,4406.27,8.0,PASS_<=10c,+0.0,FLAT,+0.0,+69.0,1.3,+0.00,0.00,SLOW,4405.50,4406.54,4403.14,4406.23,0.00,0.00,0.0,BEARISH,340.0,4406.19,4406.19,4406.19,4406.19,33,CLEARED_>=20s,1.0,0.0,0.0,0.0,0.0,0.0,0.0,PASS_<20%,0.00,0.0,NO,STANDBY_VEL_LOW,1,1321.86,3268.14,132.45,FALSE,M1_DIRECTION_MISMATCH
2026-09-07 19:00:36.876,1788807636.877,4756,20,20,4406.19,4406.27,8.0,PASS_<=10c,+0.0,FLAT,+0.0,+69.0,1.3,+0.00,0.00,SLOW,4405.50,4406.54,4403.14,4406.23,0.00,0.00,0.0,BEARISH,340.0,4406.19,4406.19,4406.19,4406.19,36,CLEARED_>=20s,1.0,0.0,0.0,0.0,0.0,0.0,0.0,PASS_<20%,0.00,0.0,NO,STANDBY_VEL_LOW,1,1321.86,3268.14,132.45,FALSE,M1_DIRECTION_MISMATCH
2026-09-07 19:00:37.379,1788807637.379,4757,21,21,4406.19,4406.27,8.0,PASS_<=10c,+0.0,FLAT,+0.0,+69.0,1.4,+0.00,0.00,SLOW,4405.50,4406.54,4403.14,4406.23,0.00,0.00,0.0,BEARISH,340.0,4406.19,4406.19,4406.19,4406.19,37,CLEARED_>=20s,1.0,0.0,0.0,0.0,0.0,0.0,0.0,PASS_<20%,0.00,0.0,NO,STANDBY_VEL_LOW,1,1321.86,3268.14,132.45,FALSE,M1_DIRECTION_MISMATCH
2026-09-07 19:00:37.880,1788807637.881,4758,22,22,4406.19,4406.27,8.0,PASS_<=10c,+0.0,FLAT,+0.0,+69.0,1.5,+0.00,0.00,SLOW,4405.50,4406.54,4403.14,4406.23,0.00,0.00,0.0,BEARISH,340.0,4406.19,4406.19,4406.19,4406.19,37,CLEARED_>=20s,1.0,0.0,0.0,0.0,0.0,0.0,0.0,PASS_<20%,0.00,0.0,NO,STANDBY_VEL_LOW,1,1321.86,3268.14,132.45,FALSE,M1_DIRECTION_MISMATCH
2026-09-07 19:00:38.381,1788807638.382,4759,23,23,4406.19,4406.27,8.0,PASS_<=10c,+0.0,FLAT,+0.0,+69.0,5.0,+0.00,0.00,SLOW,4405.50,4406.54,4403.14,4406.23,0.00,0.00,0.0,BEARISH,340.0,4406.19,4406.19,4406.19,4406.19,38,CLEARED_>=20s,1.0,0.0,0.0,0.0,0.0,0.0,0.0,PASS_<20%,0.00,0.0,NO,STANDBY_VEL_LOW,1,1321.86,3268.14,132.45,FALSE,M1_DIRECTION_MISMATCH
2026-09-07 19:00:38.883,1788807638.884,4760,24,24,4406.19,4406.27,8.0,PASS_<=10c,+0.0,FLAT,+0.0,+69.0,4.7,+0.00,0.00,SLOW,4405.50,4406.54,4403.14,4406.23,0.00,0.00,0.0,BEARISH,340.0,4406.19,4406.19,4406.19,4406.19,38,CLEARED_>=20s,1.0,0.0,0.0,0.0,0.0,0.0,0.0,PASS_<20%,0.00,0.0,NO,STANDBY_VEL_LOW,1,1321.86,3268.14,132.45,FALSE,M1_DIRECTION_MISMATCH
2026-09-07 19:00:39.385,1788807639.386,4761,25,25,4406.19,4406.27,8.0,PASS_<=10c,+0.0,FLAT,+0.0,+69.0,4.6,+0.00,0.00,SLOW,4405.50,4406.54,4403.14,4406.23,0.00,0.00,0.0,BEARISH,340.0,4406.19,4406.19,4406.19,4406.19,39,CLEARED_>=20s,1.0,0.0,0.0,0.0,0.0,0.0,0.0,PASS_<20%,0.00,0.0,NO,STANDBY_VEL_LOW,1,1321.86,3268.14,132.45,FALSE,M1_DIRECTION_MISMATCH
2026-09-07 19:00:39.888,1788807639.889,4762,26,26,4406.19,4406.27,8.0,PASS_<=10c,+0.0,FLAT,+0.0,+69.0,4.5,+0.00,0.00,SLOW,4405.50,4406.54,4403.14,4406.23,0.00,0.00,0.0,BEARISH,340.0,4406.19,4406.19,4406.19,4406.19,39,CLEARED_>=20s,1.0,0.0,0.0,0.0,0.0,0.0,0.0,PASS_<20%,0.00,0.0,NO,STANDBY_VEL_LOW,1,1321.86,3268.14,132.45,FALSE,M1_DIRECTION_MISMATCH
2026-09-07 19:00:40.389,1788807640.390,4763,27,27,4406.19,4406.27,8.0,PASS_<=10c,+0.0,FLAT,+0.0,+69.0,4.4,+0.00,0.00,SLOW,4405.50,4406.54,4403.14,4406.23,0.00,0.00,0.0,BEARISH,340.0,4406.19,4406.19,4406.19,4406.19,40,CLEARED_>=20s,1.0,0.0,0.0,0.0,0.0,0.0,0.0,PASS_<20%,0.00,0.0,NO,STANDBY_VEL_LOW,1,1321.86,3268.14,132.45,FALSE,M1_DIRECTION_MISMATCH
2026-09-07 19:00:40.891,1788807640.892,4764,28,28,4406.19,4406.27,8.0,PASS_<=10c,+0.0,FLAT,+0.0,+69.0,4.4,+0.00,0.00,SLOW,4405.50,4406.54,4403.14,4406.23,0.00,0.00,0.0,BEARISH,340.0,4406.19,4406.19,4406.19,4406.19,40,CLEARED_>=20s,1.0,0.0,0.0,0.0,0.0,0.0,0.0,PASS_<20%,0.00,0.0,NO,STANDBY_VEL_LOW,1,1321.86,3268.14,132.45,FALSE,M1_DIRECTION_MISMATCH
2026-09-07 19:00:41.393,1788807641.393,4765,29,29,4406.19,4406.27,8.0,PASS_<=10c,+0.0,FLAT,+0.0,+69.0,4.3,+0.00,0.00,SLOW,4405.50,4406.54,4403.14,4406.23,0.00,0.00,0.0,BEARISH,340.0,4406.19,4406.19,4406.19,4406.19,41,CLEARED_>=20s,1.0,0.0,0.0,0.0,0.0,0.0,0.0,PASS_<20%,0.00,0.0,NO,STANDBY_VEL_LOW,1,1321.86,3268.14,132.45,FALSE,M1_DIRECTION_MISMATCH
2026-09-07 19:00:41.895,1788807641.895,4766,30,30,4406.19,4406.27,8.0,PASS_<=10c,+0.0,FLAT,+0.0,+69.0,4.2,+0.00,0.00,SLOW,4405.50,4406.54,4403.14,4406.23,0.00,0.00,0.0,BEARISH,340.0,4406.19,4406.19,4406.19,4406.19,41,CLEARED_>=20s,1.0,0.0,0.0,0.0,0.0,0.0,0.0,PASS_<20%,0.00,0.0,NO,STANDBY_VEL_LOW,1,1321.86,3268.14,132.45,FALSE,M1_DIRECTION_MISMATCH
2026-09-07 19:00:42.398,1788807642.398,4767,31,31,4406.19,4406.27,8.0,PASS_<=10c,+0.0,FLAT,+0.0,+69.0,4.2,+0.00,0.00,SLOW,4405.50,4406.54,4403.14,4406.23,0.00,0.00,0.0,BEARISH,340.0,4406.19,4406.19,4406.19,4406.19,42,CLEARED_>=20s,1.0,0.0,0.0,0.0,0.0,0.0,0.0,PASS_<20%,0.00,0.0,NO,STANDBY_VEL_LOW,1,1321.86,3268.14,132.45,FALSE,M1_DIRECTION_MISMATCH
2026-09-07 19:00:42.898,1788807642.899,4768,32,32,4406.19,4406.27,8.0,PASS_<=10c,+0.0,FLAT,+0.0,+69.0,4.2,+0.00,0.00,SLOW,4405.50,4406.54,4403.14,4406.23,0.00,0.00,0.0,BEARISH,340.0,4406.19,4406.19,4406.19,4406.19,42,CLEARED_>=20s,1.0,0.0,0.0,0.0,0.0,0.0,0.0,PASS_<20%,0.00,0.0,NO,STANDBY_VEL_LOW,1,1321.86,3268.14,132.45,FALSE,M1_DIRECTION_MISMATCH
2026-09-07 19:00:43.400,1788807643.400,4769,33,33,4406.19,4406.27,8.0,PASS_<=10c,+0.0,FLAT,+0.0,+69.0,4.2,+0.00,0.00,SLOW,4405.50,4406.54,4403.14,4406.23,0.00,0.00,0.0,BEARISH,340.0,4406.19,4406.19,4406.19,4406.19,43,CLEARED_>=20s,1.0,0.0,0.0,0.0,0.0,0.0,0.0,PASS_<20%,0.00,0.0,NO,STANDBY_VEL_LOW,1,1321.86,3268.14,132.45,FALSE,M1_DIRECTION_MISMATCH
2026-09-07 19:00:43.902,1788807643.902,4770,34,34,4406.19,4406.27,8.0,PASS_<=10c,+0.0,FLAT,+0.0,+69.0,4.2,+0.00,0.00,SLOW,4405.50,4406.54,4403.14,4406.23,0.00,0.00,0.0,BEARISH,340.0,4406.19,4406.19,4406.19,4406.19,43,CLEARED_>=20s,1.0,0.0,0.0,0.0,0.0,0.0,0.0,PASS_<20%,0.00,0.0,NO,STANDBY_VEL_LOW,1,1321.86,3268.14,132.45,FALSE,M1_DIRECTION_MISMATCH
2026-09-07 19:00:44.403,1788807644.404,4771,35,35,4406.19,4406.27,8.0,PASS_<=10c,+0.0,FLAT,+0.0,+69.0,4.2,+0.00,0.00,SLOW,4405.50,4406.54,4403.14,4406.23,0.00,0.00,0.0,BEARISH,340.0,4406.19,4406.19,4406.19,4406.19,44,CLEARED_>=20s,1.0,0.0,0.0,0.0,0.0,0.0,0.0,PASS_<20%,0.00,0.0,NO,STANDBY_VEL_LOW,1,1321.86,3268.14,132.45,FALSE,M1_DIRECTION_MISMATCH
2026-09-07 19:00:49.920,1788807649.921,4772,36,36,4406.19,4406.27,8.0,PASS_<=10c,+0.0,FLAT,+0.0,+69.0,1.4,+0.00,0.00,SLOW,4405.50,4406.54,4403.14,4406.23,0.00,0.00,0.0,BEARISH,340.0,4406.19,4406.19,4406.19,4406.19,49,CLEARED_>=20s,1.0,0.0,0.0,0.0,0.0,0.0,0.0,PASS_<20%,0.00,0.0,NO,STANDBY_VEL_LOW,1,1321.86,3268.14,132.45,FALSE,M1_DIRECTION_MISMATCH
2026-09-07 19:01:00.153,1788807660.154,4773,1,37,4406.19,4406.27,8.0,PASS_<=10c,+0.0,FLAT,+0.0,+69.0,1.3,+0.00,0.00,SLOW,4405.50,4406.54,4403.14,4406.23,0.00,0.00,0.0,BEARISH,340.0,4406.19,4406.19,4406.19,4406.19,0,ACTIVE_0s,1.0,0.0,0.0,0.0,0.0,0.0,0.0,PASS_<20%,0.00,0.0,NO,STANDBY_VEL_LOW,1,1321.86,3268.14,132.45,FALSE,M1_DIRECTION_MISMATCH|OPENING_SHIELD_ACTIVE_0s
2026-09-07 19:01:01.562,1788807661.562,4774,2,38,4406.19,4406.27,8.0,PASS_<=10c,+0.0,FLAT,+0.0,+69.0,2.1,+0.00,0.00,SLOW,4405.50,4406.54,4403.14,4406.23,0.00,0.00,0.0,BEARISH,340.0,4406.19,4406.19,4406.19,4406.19,1,ACTIVE_1s,1.0,0.0,0.0,0.0,0.0,0.0,0.0,PASS_<20%,0.00,0.0,NO,STANDBY_VEL_LOW,1,1321.86,3268.14,132.45,FALSE,M1_DIRECTION_MISMATCH|OPENING_SHIELD_ACTIVE_1s
2026-09-07 19:01:02.064,1788807662.065,4775,3,39,4406.19,4406.27,8.0,PASS_<=10c,+0.0,FLAT,+0.0,+69.0,2.6,+0.00,0.00,SLOW,4405.50,4406.54,4403.14,4406.23,0.00,0.00,0.0,BEARISH,340.0,4406.19,4406.19,4406.19,4406.19,2,ACTIVE_2s,1.0,0.0,0.0,0.0,0.0,0.0,0.0,PASS_<20%,0.00,0.0,NO,STANDBY_VEL_LOW,1,1321.86,3268.14,132.45,FALSE,M1_DIRECTION_MISMATCH|OPENING_SHIELD_ACTIVE_2s
2026-09-07 19:01:02.566,1788807662.566,4776,4,40,4406.19,4406.27,8.0,PASS_<=10c,+0.0,FLAT,+0.0,+69.0,2.9,+0.00,0.00,SLOW,4405.50,4406.54,4403.14,4406.23,0.00,0.00,0.0,BEARISH,340.0,4406.19,4406.19,4406.19,4406.19,2,ACTIVE_2s,1.0,0.0,0.0,0.0,0.0,0.0,0.0,PASS_<20%,0.00,0.0,NO,STANDBY_VEL_LOW,1,1321.86,3268.14,132.45,FALSE,M1_DIRECTION_MISMATCH|OPENING_SHIELD_ACTIVE_2s
2026-09-07 19:01:03.067,1788807663.067,4777,5,41,4406.19,4406.27,8.0,PASS_<=10c,+0.0,FLAT,+0.0,+69.0,3.1,+0.00,0.00,SLOW,4405.50,4406.54,4403.14,4406.23,0.00,0.00,0.0,BEARISH,340.0,4406.19,4406.19,4406.19,4406.19,3,ACTIVE_3s,1.0,0.0,0.0,0.0,0.0,0.0,0.0,PASS_<20%,0.00,0.0,NO,STANDBY_VEL_LOW,1,1321.86,3268.14,132.45,FALSE,M1_DIRECTION_MISMATCH|OPENING_SHIELD_ACTIVE_3s
2026-09-07 19:01:03.569,1788807663.570,4778,6,42,4406.19,4406.27,8.0,PASS_<=10c,+0.0,FLAT,+0.0,+69.0,3.2,+0.00,0.00,SLOW,4405.50,4406.54,4403.14,4406.23,0.00,0.00,0.0,BEARISH,340.0,4406.19,4406.19,4406.19,4406.19,3,ACTIVE_3s,1.0,0.0,0.0,0.0,0.0,0.0,0.0,PASS_<20%,0.00,0.0,NO,STANDBY_VEL_LOW,1,1321.86,3268.14,132.45,FALSE,M1_DIRECTION_MISMATCH|OPENING_SHIELD_ACTIVE_3s
2026-09-07 19:01:04.071,1788807664.071,4779,7,43,4406.19,4406.27,8.0,PASS_<=10c,+0.0,FLAT,+0.0,+69.0,3.3,+0.00,0.00,SLOW,4405.50,4406.54,4403.14,4406.23,0.00,0.00,0.0,BEARISH,340.0,4406.19,4406.19,4406.19,4406.19,4,ACTIVE_4s,1.0,0.0,0.0,0.0,0.0,0.0,0.0,PASS_<20%,0.00,0.0,NO,STANDBY_VEL_LOW,1,1321.86,3268.14,132.45,FALSE,M1_DIRECTION_MISMATCH|OPENING_SHIELD_ACTIVE_4s
2026-09-07 19:01:04.573,1788807664.573,4780,8,44,4406.19,4406.27,8.0,PASS_<=10c,+0.0,FLAT,+0.0,+69.0,3.4,+0.00,0.00,SLOW,4405.50,4406.54,4403.14,4406.23,0.00,0.00,0.0,BEARISH,340.0,4406.19,4406.19,4406.19,4406.19,4,ACTIVE_4s,1.0,0.0,0.0,0.0,0.0,0.0,0.0,PASS_<20%,0.00,0.0,NO,STANDBY_VEL_LOW,1,1321.86,3268.14,132.45,FALSE,M1_DIRECTION_MISMATCH|OPENING_SHIELD_ACTIVE_4s
2026-09-07 19:01:05.074,1788807665.075,4781,9,45,4406.19,4406.27,8.0,PASS_<=10c,+0.0,FLAT,+0.0,+69.0,3.5,+0.00,0.00,SLOW,4405.50,4406.54,4403.14,4406.23,0.00,0.00,0.0,BEARISH,340.0,4406.19,4406.19,4406.19,4406.19,5,ACTIVE_5s,1.0,0.0,0.0,0.0,0.0,0.0,0.0,PASS_<20%,0.00,0.0,NO,STANDBY_VEL_LOW,1,1321.86,3268.14,132.45,FALSE,M1_DIRECTION_MISMATCH|OPENING_SHIELD_ACTIVE_5s
2026-09-07 19:01:05.576,1788807665.577,4782,10,46,4406.19,4406.27,8.0,PASS_<=10c,+0.0,FLAT,+0.0,+69.0,4.4,+0.00,0.00,SLOW,4405.50,4406.54,4403.14,4406.23,0.00,0.00,0.0,BEARISH,340.0,4406.19,4406.19,4406.19,4406.19,5,ACTIVE_5s,1.0,0.0,0.0,0.0,0.0,0.0,0.0,PASS_<20%,0.00,0.0,NO,STANDBY_VEL_LOW,1,1321.86,3268.14,132.45,FALSE,M1_DIRECTION_MISMATCH|OPENING_SHIELD_ACTIVE_5s
2026-09-07 19:01:06.078,1788807666.078,4783,11,47,4406.19,4406.27,8.0,PASS_<=10c,+0.0,FLAT,+0.0,+69.0,4.3,+0.00,0.00,SLOW,4405.50,4406.54,4403.14,4406.23,0.00,0.00,0.0,BEARISH,340.0,4406.19,4406.19,4406.19,4406.19,6,ACTIVE_6s,1.0,0.0,0.0,0.0,0.0,0.0,0.0,PASS_<20%,0.00,0.0,NO,STANDBY_VEL_LOW,1,1321.86,3268.14,132.45,FALSE,M1_DIRECTION_MISMATCH|OPENING_SHIELD_ACTIVE_6s
2026-09-07 19:01:06.579,1788807666.580,4784,12,48,4406.19,4406.27,8.0,PASS_<=10c,+0.0,FLAT,+0.0,+69.0,4.2,+0.00,0.00,SLOW,4405.50,4406.54,4403.14,4406.23,0.00,0.00,0.0,BEARISH,340.0,4406.19,4406.19,4406.19,4406.19,6,ACTIVE_6s,1.0,0.0,0.0,0.0,0.0,0.0,0.0,PASS_<20%,0.00,0.0,NO,STANDBY_VEL_LOW,1,1321.86,3268.14,132.45,FALSE,M1_DIRECTION_MISMATCH|OPENING_SHIELD_ACTIVE_6s
2026-09-07 19:01:07.082,1788807667.083,4785,13,49,4406.19,4406.27,8.0,PASS_<=10c,+0.0,FLAT,+0.0,+69.0,4.2,+0.00,0.00,SLOW,4405.50,4406.54,4403.14,4406.23,0.00,0.00,0.0,BEARISH,340.0,4406.19,4406.19,4406.19,4406.19,7,ACTIVE_7s,1.0,0.0,0.0,0.0,0.0,0.0,0.0,PASS_<20%,0.00,0.0,NO,STANDBY_VEL_LOW,1,1321.86,3268.14,132.45,FALSE,M1_DIRECTION_MISMATCH|OPENING_SHIELD_ACTIVE_7s
2026-09-07 19:01:07.583,1788807667.584,4786,14,50,4406.19,4406.27,8.0,PASS_<=10c,+0.0,FLAT,+0.0,+69.0,4.2,+0.00,0.00,SLOW,4405.50,4406.54,4403.14,4406.23,0.00,0.00,0.0,BEARISH,340.0,4406.19,4406.19,4406.19,4406.19,7,ACTIVE_7s,1.0,0.0,0.0,0.0,0.0,0.0,0.0,PASS_<20%,0.00,0.0,NO,STANDBY_VEL_LOW,1,1321.86,3268.14,132.45,FALSE,M1_DIRECTION_MISMATCH|OPENING_SHIELD_ACTIVE_7s
2026-09-07 19:01:08.085,1788807668.085,4787,15,51,4406.19,4406.27,8.0,PASS_<=10c,+0.0,FLAT,+0.0,+69.0,4.2,+0.00,0.00,SLOW,4405.50,4406.54,4403.14,4406.23,0.00,0.00,0.0,BEARISH,340.0,4406.19,4406.19,4406.19,4406.19,8,ACTIVE_8s,1.0,0.0,0.0,0.0,0.0,0.0,0.0,PASS_<20%,0.00,0.0,NO,STANDBY_VEL_LOW,1,1321.86,3268.14,132.45,FALSE,M1_DIRECTION_MISMATCH|OPENING_SHIELD_ACTIVE_8s
2026-09-07 19:01:08.586,1788807668.587,4788,16,52,4406.19,4406.27,8.0,PASS_<=10c,+0.0,FLAT,+0.0,+69.0,4.2,+0.00,0.00,SLOW,4405.50,4406.54,4403.14,4406.23,0.00,0.00,0.0,BEARISH,340.0,4406.19,4406.19,4406.19,4406.19,8,ACTIVE_8s,1.0,0.0,0.0,0.0,0.0,0.0,0.0,PASS_<20%,0.00,0.0,NO,STANDBY_VEL_LOW,1,1321.86,3268.14,132.45,FALSE,M1_DIRECTION_MISMATCH|OPENING_SHIELD_ACTIVE_8s
2026-09-07 19:01:09.087,1788807669.088,4789,17,53,4406.19,4406.27,8.0,PASS_<=10c,+0.0,FLAT,+0.0,+69.0,4.2,+0.00,0.00,SLOW,4405.50,4406.54,4403.14,4406.23,0.00,0.00,0.0,BEARISH,340.0,4406.19,4406.19,4406.19,4406.19,9,ACTIVE_9s,1.0,0.0,0.0,0.0,0.0,0.0,0.0,PASS_<20%,0.00,0.0,NO,STANDBY_VEL_LOW,1,1321.86,3268.14,132.45,FALSE,M1_DIRECTION_MISMATCH|OPENING_SHIELD_ACTIVE_9s
2026-09-07 19:01:09.589,1788807669.589,4790,18,54,4406.19,4406.27,8.0,PASS_<=10c,+0.0,FLAT,+0.0,+69.0,4.2,+0.00,0.00,SLOW,4405.50,4406.54,4403.14,4406.23,0.00,0.00,0.0,BEARISH,340.0,4406.19,4406.19,4406.19,4406.19,9,ACTIVE_9s,1.0,0.0,0.0,0.0,0.0,0.0,0.0,PASS_<20%,0.00,0.0,NO,STANDBY_VEL_LOW,1,1321.86,3268.14,132.45,FALSE,M1_DIRECTION_MISMATCH|OPENING_SHIELD_ACTIVE_9s
2026-09-07 19:01:19.967,1788807679.968,4791,19,55,4406.19,4406.27,8.0,PASS_<=10c,+0.0,FLAT,+0.0,+69.0,1.3,+0.00,0.00,SLOW,4405.50,4406.54,4403.14,4406.23,0.00,0.00,0.0,BEARISH,340.0,4406.19,4406.19,4406.19,4406.19,19,ACTIVE_19s,1.0,0.0,0.0,0.0,0.0,0.0,0.0,PASS_<20%,0.00,0.0,NO,STANDBY_VEL_LOW,1,1321.86,3268.14,132.45,FALSE,M1_DIRECTION_MISMATCH|OPENING_SHIELD_ACTIVE_19s
2026-09-07 19:01:27.997,1788807687.997,4792,20,56,4406.19,4406.27,8.0,PASS_<=10c,+0.0,FLAT,+0.0,+69.0,1.3,+0.00,0.00,SLOW,4405.50,4406.54,4403.14,4406.23,0.00,0.00,0.0,BEARISH,340.0,4406.19,4406.19,4406.19,4406.19,27,CLEARED_>=20s,1.0,0.0,0.0,0.0,0.0,0.0,0.0,PASS_<20%,0.00,0.0,NO,STANDBY_VEL_LOW,1,1321.86,3268.14,132.45,FALSE,M1_DIRECTION_MISMATCH
2026-09-07 19:01:28.352,1788807688.352,4793,21,57,4406.19,4406.27,8.0,PASS_<=10c,+0.0,FLAT,+0.0,+69.0,1.4,+0.00,0.00,SLOW,4405.50,4406.54,4403.14,4406.23,0.00,0.00,0.0,BEARISH,340.0,4406.19,4406.19,4406.19,4406.19,28,CLEARED_>=20s,1.0,0.0,0.0,0.0,0.0,0.0,0.0,PASS_<20%,0.00,0.0,NO,STANDBY_VEL_LOW,1,1321.86,3268.14,132.45,FALSE,M1_DIRECTION_MISMATCH
2026-09-07 19:01:28.853,1788807688.854,4794,22,58,4406.19,4406.27,8.0,PASS_<=10c,+0.0,FLAT,+0.0,+69.0,1.6,+0.00,0.00,SLOW,4405.50,4406.54,4403.14,4406.23,0.00,0.00,0.0,BEARISH,340.0,4406.19,4406.19,4406.19,4406.19,28,CLEARED_>=20s,1.0,0.0,0.0,0.0,0.0,0.0,0.0,PASS_<20%,0.00,0.0,NO,STANDBY_VEL_LOW,1,1321.86,3268.14,132.45,FALSE,M1_DIRECTION_MISMATCH
2026-09-07 19:01:29.355,1788807689.356,4795,23,59,4406.19,4406.27,8.0,PASS_<=10c,+0.0,FLAT,+0.0,+69.0,1.9,+0.00,0.00,SLOW,4405.50,4406.54,4403.14,4406.23,0.00,0.00,0.0,BEARISH,340.0,4406.19,4406.19,4406.19,4406.19,29,CLEARED_>=20s,1.0,0.0,0.0,0.0,0.0,0.0,0.0,PASS_<20%,0.00,0.0,NO,STANDBY_VEL_LOW,1,1321.86,3268.14,132.45,FALSE,M1_DIRECTION_MISMATCH
2026-09-07 19:01:29.857,1788807689.858,4796,24,60,4406.19,4406.27,8.0,PASS_<=10c,+0.0,FLAT,+0.0,+69.0,2.1,+0.00,0.00,SLOW,4405.50,4406.54,4403.14,4406.23,0.00,0.00,0.0,BEARISH,340.0,4406.19,4406.19,4406.19,4406.19,29,CLEARED_>=20s,1.0,0.0,0.0,0.0,0.0,0.0,0.0,PASS_<20%,0.00,0.0,NO,STANDBY_VEL_LOW,1,1321.86,3268.14,132.45,FALSE,M1_DIRECTION_MISMATCH
2026-09-07 19:01:30.358,1788807690.359,4797,25,61,4406.19,4406.27,8.0,PASS_<=10c,+0.0,FLAT,+0.0,+69.0,4.7,+0.00,0.00,SLOW,4405.50,4406.54,4403.14,4406.23,0.00,0.00,0.0,BEARISH,340.0,4406.19,4406.19,4406.19,4406.19,30,CLEARED_>=20s,1.0,0.0,0.0,0.0,0.0,0.0,0.0,PASS_<20%,0.00,0.0,NO,STANDBY_VEL_LOW,1,1321.86,3268.14,132.45,FALSE,M1_DIRECTION_MISMATCH
2026-09-07 19:01:30.860,1788807690.860,4798,26,62,4406.19,4406.27,8.0,PASS_<=10c,+0.0,FLAT,+0.0,+69.0,4.5,+0.00,0.00,SLOW,4405.50,4406.54,4403.14,4406.23,0.00,0.00,0.0,BEARISH,340.0,4406.19,4406.19,4406.19,4406.19,30,CLEARED_>=20s,1.0,0.0,0.0,0.0,0.0,0.0,0.0,PASS_<20%,0.00,0.0,NO,STANDBY_VEL_LOW,1,1321.86,3268.14,132.45,FALSE,M1_DIRECTION_MISMATCH
2026-09-07 19:01:31.363,1788807691.363,4799,27,63,4406.19,4406.27,8.0,PASS_<=10c,+0.0,FLAT,+0.0,+69.0,4.5,+0.00,0.00,SLOW,4405.50,4406.54,4403.14,4406.23,0.00,0.00,0.0,BEARISH,340.0,4406.19,4406.19,4406.19,4406.19,31,CLEARED_>=20s,1.0,0.0,0.0,0.0,0.0,0.0,0.0,PASS_<20%,0.00,0.0,NO,STANDBY_VEL_LOW,1,1321.86,3268.14,132.45,FALSE,M1_DIRECTION_MISMATCH
2026-09-07 19:01:31.867,1788807691.868,4800,28,64,4406.19,4406.27,8.0,PASS_<=10c,+0.0,FLAT,+0.0,+69.0,4.4,+0.00,0.00,SLOW,4405.50,4406.54,4403.14,4406.23,0.00,0.00,0.0,BEARISH,340.0,4406.19,4406.19,4406.19,4406.19,31,CLEARED_>=20s,1.0,0.0,0.0,0.0,0.0,0.0,0.0,PASS_<20%,0.00,0.0,NO,STANDBY_VEL_LOW,1,1321.86,3268.14,132.45,FALSE,M1_DIRECTION_MISMATCH
2026-09-07 19:01:32.367,1788807692.367,4801,29,65,4406.19,4406.27,8.0,PASS_<=10c,+0.0,FLAT,+0.0,+69.0,4.3,+0.00,0.00,SLOW,4405.50,4406.54,4403.14,4406.23,0.00,0.00,0.0,BEARISH,340.0,4406.19,4406.19,4406.19,4406.19,32,CLEARED_>=20s,1.0,0.0,0.0,0.0,0.0,0.0,0.0,PASS_<20%,0.00,0.0,NO,STANDBY_VEL_LOW,1,1321.86,3268.14,132.45,FALSE,M1_DIRECTION_MISMATCH
2026-09-07 19:01:32.868,1788807692.868,4802,30,66,4406.19,4406.27,8.0,PASS_<=10c,+0.0,FLAT,+0.0,+69.0,4.3,+0.00,0.00,SLOW,4405.50,4406.54,4403.14,4406.23,0.00,0.00,0.0,BEARISH,340.0,4406.19,4406.19,4406.19,4406.19,32,CLEARED_>=20s,1.0,0.0,0.0,0.0,0.0,0.0,0.0,PASS_<20%,0.00,0.0,NO,STANDBY_VEL_LOW,1,1321.86,3268.14,132.45,FALSE,M1_DIRECTION_MISMATCH
2026-09-07 19:01:33.370,1788807693.370,4803,31,67,4406.19,4406.27,8.0,PASS_<=10c,+0.0,FLAT,+0.0,+69.0,4.2,+0.00,0.00,SLOW,4405.50,4406.54,4403.14,4406.23,0.00,0.00,0.0,BEARISH,340.0,4406.19,4406.19,4406.19,4406.19,33,CLEARED_>=20s,1.0,0.0,0.0,0.0,0.0,0.0,0.0,PASS_<20%,0.00,0.0,NO,STANDBY_VEL_LOW,1,1321.86,3268.14,132.45,FALSE,M1_DIRECTION_MISMATCH
2026-09-07 19:01:33.872,1788807693.873,4804,32,68,4406.19,4406.27,8.0,PASS_<=10c,+0.0,FLAT,+0.0,+69.0,4.2,+0.00,0.00,SLOW,4405.50,4406.54,4403.14,4406.23,0.00,0.00,0.0,BEARISH,340.0,4406.19,4406.19,4406.19,4406.19,33,CLEARED_>=20s,1.0,0.0,0.0,0.0,0.0,0.0,0.0,PASS_<20%,0.00,0.0,NO,STANDBY_VEL_LOW,1,1321.86,3268.14,132.45,FALSE,M1_DIRECTION_MISMATCH
2026-09-07 19:01:34.373,1788807694.374,4805,33,69,4406.19,4406.27,8.0,PASS_<=10c,+0.0,FLAT,+0.0,+69.0,4.2,+0.00,0.00,SLOW,4405.50,4406.54,4403.14,4406.23,0.00,0.00,0.0,BEARISH,340.0,4406.19,4406.19,4406.19,4406.19,34,CLEARED_>=20s,1.0,0.0,0.0,0.0,0.0,0.0,0.0,PASS_<20%,0.00,0.0,NO,STANDBY_VEL_LOW,1,1321.86,3268.14,132.45,FALSE,M1_DIRECTION_MISMATCH
2026-09-07 19:01:34.875,1788807694.876,4806,34,70,4406.19,4406.27,8.0,PASS_<=10c,+0.0,FLAT,+0.0,+69.0,4.2,+0.00,0.00,SLOW,4405.50,4406.54,4403.14,4406.23,0.00,0.00,0.0,BEARISH,340.0,4406.19,4406.19,4406.19,4406.19,34,CLEARED_>=20s,1.0,0.0,0.0,0.0,0.0,0.0,0.0,PASS_<20%,0.00,0.0,NO,STANDBY_VEL_LOW,1,1321.86,3268.14,132.45,FALSE,M1_DIRECTION_MISMATCH
2026-09-07 19:01:35.377,1788807695.378,4807,35,71,4406.19,4406.27,8.0,PASS_<=10c,+0.0,FLAT,+0.0,+69.0,4.2,+0.00,0.00,SLOW,4405.50,4406.54,4403.14,4406.23,0.00,0.00,0.0,BEARISH,340.0,4406.19,4406.19,4406.19,4406.19,35,CLEARED_>=20s,1.0,0.0,0.0,0.0,0.0,0.0,0.0,PASS_<20%,0.00,0.0,NO,STANDBY_VEL_LOW,1,1321.86,3268.14,132.45,FALSE,M1_DIRECTION_MISMATCH
2026-09-07 19:01:35.879,1788807695.879,4808,36,72,4406.19,4406.27,8.0,PASS_<=10c,+0.0,FLAT,+0.0,+69.0,4.2,+0.00,0.00,SLOW,4405.50,4406.54,4403.14,4406.23,0.00,0.00,0.0,BEARISH,340.0,4406.19,4406.19,4406.19,4406.19,35,CLEARED_>=20s,1.0,0.0,0.0,0.0,0.0,0.0,0.0,PASS_<20%,0.00,0.0,NO,STANDBY_VEL_LOW,1,1321.86,3268.14,132.45,FALSE,M1_DIRECTION_MISMATCH
2026-09-07 19:01:46.261,1788807706.262,4809,37,73,4406.19,4406.27,8.0,PASS_<=10c,+0.0,FLAT,+0.0,+69.0,1.3,+0.00,0.00,SLOW,4405.50,4406.54,4403.14,4406.23,0.00,0.00,0.0,BEARISH,340.0,4406.19,4406.19,4406.19,4406.19,46,CLEARED_>=20s,1.0,0.0,0.0,0.0,0.0,0.0,0.0,PASS_<20%,0.00,0.0,NO,STANDBY_VEL_LOW,1,1321.86,3268.14,132.45,FALSE,M1_DIRECTION_MISMATCH
2026-09-07 19:01:54.486,1788807714.486,4810,38,74,4406.19,4406.27,8.0,PASS_<=10c,+0.0,FLAT,+0.0,+69.0,1.3,+0.00,0.00,SLOW,4405.50,4406.54,4403.14,4406.23,0.00,0.00,0.0,BEARISH,340.0,4406.19,4406.19,4406.19,4406.19,54,CLEARED_>=20s,1.0,0.0,0.0,0.0,0.0,0.0,0.0,PASS_<20%,0.00,0.0,NO,STANDBY_VEL_LOW,1,1321.86,3268.14,132.45,FALSE,M1_DIRECTION_MISMATCH
2026-09-07 19:01:54.841,1788807714.841,4811,39,75,4406.19,4406.27,8.0,PASS_<=10c,+0.0,FLAT,+0.0,+69.0,1.3,+0.00,0.00,SLOW,4405.50,4406.54,4403.14,4406.23,0.00,0.00,0.0,BEARISH,340.0,4406.19,4406.19,4406.19,4406.19,54,CLEARED_>=20s,1.0,0.0,0.0,0.0,0.0,0.0,0.0,PASS_<20%,0.00,0.0,NO,STANDBY_VEL_LOW,1,1321.86,3268.14,132.45,FALSE,M1_DIRECTION_MISMATCH
2026-09-07 19:01:55.343,1788807715.343,4812,40,76,4406.19,4406.27,8.0,PASS_<=10c,+0.0,FLAT,+0.0,+69.0,1.5,+0.00,0.00,SLOW,4405.50,4406.54,4403.14,4406.23,0.00,0.00,0.0,BEARISH,340.0,4406.19,4406.19,4406.19,4406.19,55,CLEARED_>=20s,1.0,0.0,0.0,0.0,0.0,0.0,0.0,PASS_<20%,0.00,0.0,NO,STANDBY_VEL_LOW,1,1321.86,3268.14,132.45,FALSE,M1_DIRECTION_MISMATCH
2026-09-07 19:01:55.844,1788807715.845,4813,41,77,4406.19,4406.27,8.0,PASS_<=10c,+0.0,FLAT,+0.0,+69.0,1.8,+0.00,0.00,SLOW,4405.50,4406.54,4403.14,4406.23,0.00,0.00,0.0,BEARISH,340.0,4406.19,4406.19,4406.19,4406.19,55,CLEARED_>=20s,1.0,0.0,0.0,0.0,0.0,0.0,0.0,PASS_<20%,0.00,0.0,NO,STANDBY_VEL_LOW,1,1321.86,3268.14,132.45,FALSE,M1_DIRECTION_MISMATCH
2026-09-07 19:01:56.346,1788807716.347,4814,42,78,4406.19,4406.27,8.0,PASS_<=10c,+0.0,FLAT,+0.0,+69.0,2.0,+0.00,0.00,SLOW,4405.50,4406.54,4403.14,4406.23,0.00,0.00,0.0,BEARISH,340.0,4406.19,4406.19,4406.19,4406.19,56,CLEARED_>=20s,1.0,0.0,0.0,0.0,0.0,0.0,0.0,PASS_<20%,0.00,0.0,NO,STANDBY_VEL_LOW,1,1321.86,3268.14,132.45,FALSE,M1_DIRECTION_MISMATCH
2026-09-07 19:01:56.848,1788807716.849,4815,43,79,4406.19,4406.27,8.0,PASS_<=10c,+0.0,FLAT,+0.0,+69.0,4.7,+0.00,0.00,SLOW,4405.50,4406.54,4403.14,4406.23,0.00,0.00,0.0,BEARISH,340.0,4406.19,4406.19,4406.19,4406.19,56,CLEARED_>=20s,1.0,0.0,0.0,0.0,0.0,0.0,0.0,PASS_<20%,0.00,0.0,NO,STANDBY_VEL_LOW,1,1321.86,3268.14,132.45,FALSE,M1_DIRECTION_MISMATCH
2026-09-07 19:01:57.351,1788807717.352,4816,44,80,4406.19,4406.27,8.0,PASS_<=10c,+0.0,FLAT,+0.0,+69.0,4.5,+0.00,0.00,SLOW,4405.50,4406.54,4403.14,4406.23,0.00,0.00,0.0,BEARISH,340.0,4406.19,4406.19,4406.19,4406.19,57,CLEARED_>=20s,1.0,0.0,0.0,0.0,0.0,0.0,0.0,PASS_<20%,0.00,0.0,NO,STANDBY_VEL_LOW,1,1321.86,3268.14,132.45,FALSE,M1_DIRECTION_MISMATCH
2026-09-07 19:01:57.853,1788807717.854,4817,45,81,4406.19,4406.27,8.0,PASS_<=10c,+0.0,FLAT,+0.0,+69.0,4.5,+0.00,0.00,SLOW,4405.50,4406.54,4403.14,4406.23,0.00,0.00,0.0,BEARISH,340.0,4406.19,4406.19,4406.19,4406.19,57,CLEARED_>=20s,1.0,0.0,0.0,0.0,0.0,0.0,0.0,PASS_<20%,0.00,0.0,NO,STANDBY_VEL_LOW,1,1321.86,3268.14,132.45,FALSE,M1_DIRECTION_MISMATCH
2026-09-07 19:01:58.354,1788807718.355,4818,46,82,4406.19,4406.27,8.0,PASS_<=10c,+0.0,FLAT,+0.0,+69.0,4.4,+0.00,0.00,SLOW,4405.50,4406.54,4403.14,4406.23,0.00,0.00,0.0,BEARISH,340.0,4406.19,4406.19,4406.19,4406.19,58,CLEARED_>=20s,1.0,0.0,0.0,0.0,0.0,0.0,0.0,PASS_<20%,0.00,0.0,NO,STANDBY_VEL_LOW,1,1321.86,3268.14,132.45,FALSE,M1_DIRECTION_MISMATCH
2026-09-07 19:01:58.856,1788807718.856,4819,47,83,4406.19,4406.27,8.0,PASS_<=10c,+0.0,FLAT,+0.0,+69.0,4.3,+0.00,0.00,SLOW,4405.50,4406.54,4403.14,4406.23,0.00,0.00,0.0,BEARISH,340.0,4406.19,4406.19,4406.19,4406.19,58,CLEARED_>=20s,1.0,0.0,0.0,0.0,0.0,0.0,0.0,PASS_<20%,0.00,0.0,NO,STANDBY_VEL_LOW,1,1321.86,3268.14,132.45,FALSE,M1_DIRECTION_MISMATCH
2026-09-07 19:01:59.357,1788807719.358,4820,48,84,4406.19,4406.27,8.0,PASS_<=10c,+0.0,FLAT,+0.0,+69.0,4.3,+0.00,0.00,SLOW,4405.50,4406.54,4403.14,4406.23,0.00,0.00,0.0,BEARISH,340.0,4406.19,4406.19,4406.19,4406.19,59,CLEARED_>=20s,1.0,0.0,0.0,0.0,0.0,0.0,0.0,PASS_<20%,0.00,0.0,NO,STANDBY_VEL_LOW,1,1321.86,3268.14,132.45,FALSE,M1_DIRECTION_MISMATCH
2026-09-07 19:01:59.859,1788807719.859,4821,49,85,4406.19,4406.27,8.0,PASS_<=10c,+0.0,FLAT,+0.0,+69.0,4.2,+0.00,0.00,SLOW,4405.50,4406.54,4403.14,4406.23,0.00,0.00,0.0,BEARISH,340.0,4406.19,4406.19,4406.19,4406.19,59,CLEARED_>=20s,1.0,0.0,0.0,0.0,0.0,0.0,0.0,PASS_<20%,0.00,0.0,NO,STANDBY_VEL_LOW,1,1321.86,3268.14,132.45,FALSE,M1_DIRECTION_MISMATCH
2026-09-07 19:02:00.370,1788807720.370,4822,1,86,4406.19,4406.27,8.0,PASS_<=10c,+0.0,FLAT,+0.0,+69.0,4.2,+0.00,0.00,SLOW,4405.50,4406.54,4403.14,4406.23,0.00,0.00,0.0,BEARISH,340.0,4406.19,4406.19,4406.19,4406.19,0,ACTIVE_0s,1.0,0.0,0.0,0.0,0.0,0.0,0.0,PASS_<20%,0.00,0.0,NO,STANDBY_VEL_LOW,1,1321.86,3268.14,132.45,FALSE,M1_DIRECTION_MISMATCH|OPENING_SHIELD_ACTIVE_0s
2026-09-07 19:02:00.871,1788807720.871,4823,2,87,4406.19,4406.27,8.0,PASS_<=10c,+0.0,FLAT,+0.0,+69.0,4.2,+0.00,0.00,SLOW,4405.50,4406.54,4403.14,4406.23,0.00,0.00,0.0,BEARISH,340.0,4406.19,4406.19,4406.19,4406.19,0,ACTIVE_0s,1.0,0.0,0.0,0.0,0.0,0.0,0.0,PASS_<20%,0.00,0.0,NO,STANDBY_VEL_LOW,1,1321.86,3268.14,132.45,FALSE,M1_DIRECTION_MISMATCH|OPENING_SHIELD_ACTIVE_0s
2026-09-07 19:02:01.373,1788807721.373,4824,3,88,4406.19,4406.27,8.0,PASS_<=10c,+0.0,FLAT,+0.0,+69.0,4.2,+0.00,0.00,SLOW,4405.50,4406.54,4403.14,4406.23,0.00,0.00,0.0,BEARISH,340.0,4406.19,4406.19,4406.19,4406.19,1,ACTIVE_1s,1.0,0.0,0.0,0.0,0.0,0.0,0.0,PASS_<20%,0.00,0.0,NO,STANDBY_VEL_LOW,1,1321.86,3268.14,132.45,FALSE,M1_DIRECTION_MISMATCH|OPENING_SHIELD_ACTIVE_1s
2026-09-07 19:02:01.874,1788807721.875,4825,4,89,4406.19,4406.27,8.0,PASS_<=10c,+0.0,FLAT,+0.0,+69.0,4.2,+0.00,0.00,SLOW,4405.50,4406.54,4403.14,4406.23,0.00,0.00,0.0,BEARISH,340.0,4406.19,4406.19,4406.19,4406.19,1,ACTIVE_1s,1.0,0.0,0.0,0.0,0.0,0.0,0.0,PASS_<20%,0.00,0.0,NO,STANDBY_VEL_LOW,1,1321.86,3268.14,132.45,FALSE,M1_DIRECTION_MISMATCH|OPENING_SHIELD_ACTIVE_1s
2026-09-07 19:02:02.375,1788807722.375,4826,5,90,4406.19,4406.27,8.0,PASS_<=10c,+0.0,FLAT,+0.0,+69.0,4.2,+0.00,0.00,SLOW,4405.50,4406.54,4403.14,4406.23,0.00,0.00,0.0,BEARISH,340.0,4406.19,4406.19,4406.19,4406.19,2,ACTIVE_2s,1.0,0.0,0.0,0.0,0.0,0.0,0.0,PASS_<20%,0.00,0.0,NO,STANDBY_VEL_LOW,1,1321.86,3268.14,132.45,FALSE,M1_DIRECTION_MISMATCH|OPENING_SHIELD_ACTIVE_2s
2026-09-07 19:02:12.751,1788807732.752,4827,6,91,4406.19,4406.27,8.0,PASS_<=10c,+0.0,FLAT,+0.0,+69.0,1.3,+0.00,0.00,SLOW,4405.50,4406.54,4403.14,4406.23,0.00,0.00,0.0,BEARISH,340.0,4406.19,4406.19,4406.19,4406.19,12,ACTIVE_12s,1.0,0.0,0.0,0.0,0.0,0.0,0.0,PASS_<20%,0.00,0.0,NO,STANDBY_VEL_LOW,1,1321.86,3268.14,132.45,FALSE,M1_DIRECTION_MISMATCH|OPENING_SHIELD_ACTIVE_12s
2026-09-07 19:02:19.372,1788807739.372,4828,7,92,4406.19,4406.27,8.0,PASS_<=10c,+0.0,FLAT,+0.0,+69.0,1.3,+0.00,0.00,SLOW,4405.50,4406.54,4403.14,4406.23,0.00,0.00,0.0,BEARISH,340.0,4406.19,4406.19,4406.19,4406.19,19,ACTIVE_19s,1.0,0.0,0.0,0.0,0.0,0.0,0.0,PASS_<20%,0.00,0.0,NO,STANDBY_VEL_LOW,1,1321.86,3268.14,132.45,FALSE,M1_DIRECTION_MISMATCH|OPENING_SHIELD_ACTIVE_19s
2026-09-07 19:02:19.726,1788807739.727,4829,8,93,4406.19,4406.27,8.0,PASS_<=10c,+0.0,FLAT,+0.0,+69.0,2.2,+0.00,0.00,SLOW,4405.50,4406.54,4403.14,4406.23,0.00,0.00,0.0,BEARISH,340.0,4406.19,4406.19,4406.19,4406.19,19,ACTIVE_19s,1.0,0.0,0.0,0.0,0.0,0.0,0.0,PASS_<20%,0.00,0.0,NO,STANDBY_VEL_LOW,1,1321.86,3268.14,132.45,FALSE,M1_DIRECTION_MISMATCH|OPENING_SHIELD_ACTIVE_19s
2026-09-07 19:02:20.228,1788807740.229,4830,9,94,4406.19,4406.27,8.0,PASS_<=10c,+0.0,FLAT,+0.0,+69.0,2.5,+0.00,0.00,SLOW,4405.50,4406.54,4403.14,4406.23,0.00,0.00,0.0,BEARISH,340.0,4406.19,4406.19,4406.19,4406.19,20,CLEARED_>=20s,1.0,0.0,0.0,0.0,0.0,0.0,0.0,PASS_<20%,0.00,0.0,NO,STANDBY_VEL_LOW,1,1321.86,3268.14,132.45,FALSE,M1_DIRECTION_MISMATCH
2026-09-07 19:02:20.730,1788807740.731,4831,10,95,4406.19,4406.27,8.0,PASS_<=10c,+0.0,FLAT,+0.0,+69.0,2.8,+0.00,0.00,SLOW,4405.50,4406.54,4403.14,4406.23,0.00,0.00,0.0,BEARISH,340.0,4406.19,4406.19,4406.19,4406.19,20,CLEARED_>=20s,1.0,0.0,0.0,0.0,0.0,0.0,0.0,PASS_<20%,0.00,0.0,NO,STANDBY_VEL_LOW,1,1321.86,3268.14,132.45,FALSE,M1_DIRECTION_MISMATCH
2026-09-07 19:02:21.232,1788807741.232,4832,11,96,4406.19,4406.27,8.0,PASS_<=10c,+0.0,FLAT,+0.0,+69.0,3.0,+0.00,0.00,SLOW,4405.50,4406.54,4403.14,4406.23,0.00,0.00,0.0,BEARISH,340.0,4406.19,4406.19,4406.19,4406.19,21,CLEARED_>=20s,1.0,0.0,0.0,0.0,0.0,0.0,0.0,PASS_<20%,0.00,0.0,NO,STANDBY_VEL_LOW,1,1321.86,3268.14,132.45,FALSE,M1_DIRECTION_MISMATCH
2026-09-07 19:02:21.733,1788807741.734,4833,12,97,4406.19,4406.27,8.0,PASS_<=10c,+0.0,FLAT,+0.0,+69.0,3.1,+0.00,0.00,SLOW,4405.50,4406.54,4403.14,4406.23,0.00,0.00,0.0,BEARISH,340.0,4406.19,4406.19,4406.19,4406.19,21,CLEARED_>=20s,1.0,0.0,0.0,0.0,0.0,0.0,0.0,PASS_<20%,0.00,0.0,NO,STANDBY_VEL_LOW,1,1321.86,3268.14,132.45,FALSE,M1_DIRECTION_MISMATCH
2026-09-07 19:02:22.235,1788807742.236,4834,13,98,4406.19,4406.27,8.0,PASS_<=10c,+0.0,FLAT,+0.0,+69.0,3.2,+0.00,0.00,SLOW,4405.50,4406.54,4403.14,4406.23,0.00,0.00,0.0,BEARISH,340.0,4406.19,4406.19,4406.19,4406.19,22,CLEARED_>=20s,1.0,0.0,0.0,0.0,0.0,0.0,0.0,PASS_<20%,0.00,0.0,NO,STANDBY_VEL_LOW,1,1321.86,3268.14,132.45,FALSE,M1_DIRECTION_MISMATCH
2026-09-07 19:02:22.736,1788807742.736,4835,14,99,4406.19,4406.27,8.0,PASS_<=10c,+0.0,FLAT,+0.0,+69.0,3.3,+0.00,0.00,SLOW,4405.50,4406.54,4403.14,4406.23,0.00,0.00,0.0,BEARISH,340.0,4406.19,4406.19,4406.19,4406.19,22,CLEARED_>=20s,1.0,0.0,0.0,0.0,0.0,0.0,0.0,PASS_<20%,0.00,0.0,NO,STANDBY_VEL_LOW,1,1321.86,3268.14,132.45,FALSE,M1_DIRECTION_MISMATCH
2026-09-07 19:02:23.237,1788807743.238,4836,15,100,4406.19,4406.27,8.0,PASS_<=10c,+0.0,FLAT,+0.0,+69.0,4.4,+0.00,0.00,SLOW,4405.50,4406.54,4403.14,4406.23,0.00,0.00,0.0,BEARISH,340.0,4406.19,4406.19,4406.19,4406.19,23,CLEARED_>=20s,1.0,0.0,0.0,0.0,0.0,0.0,0.0,PASS_<20%,0.00,0.0,NO,STANDBY_VEL_LOW,1,1321.86,3268.14,132.45,FALSE,M1_DIRECTION_MISMATCH
2026-09-07 19:02:23.739,1788807743.740,4837,16,101,4406.19,4406.27,8.0,PASS_<=10c,+0.0,FLAT,+0.0,+69.0,4.4,+0.00,0.00,SLOW,4405.50,4406.54,4403.14,4406.23,0.00,0.00,0.0,BEARISH,340.0,4406.19,4406.19,4406.19,4406.19,23,CLEARED_>=20s,1.0,0.0,0.0,0.0,0.0,0.0,0.0,PASS_<20%,0.00,0.0,NO,STANDBY_VEL_LOW,1,1321.86,3268.14,132.45,FALSE,M1_DIRECTION_MISMATCH
2026-09-07 19:02:24.241,1788807744.242,4838,17,102,4406.19,4406.27,8.0,PASS_<=10c,+0.0,FLAT,+0.0,+69.0,4.3,+0.00,0.00,SLOW,4405.50,4406.54,4403.14,4406.23,0.00,0.00,0.0,BEARISH,340.0,4406.19,4406.19,4406.19,4406.19,24,CLEARED_>=20s,1.0,0.0,0.0,0.0,0.0,0.0,0.0,PASS_<20%,0.00,0.0,NO,STANDBY_VEL_LOW,1,1321.86,3268.14,132.45,FALSE,M1_DIRECTION_MISMATCH
2026-09-07 19:02:24.742,1788807744.743,4839,18,103,4406.19,4406.27,8.0,PASS_<=10c,+0.0,FLAT,+0.0,+69.0,4.2,+0.00,0.00,SLOW,4405.50,4406.54,4403.14,4406.23,0.00,0.00,0.0,BEARISH,340.0,4406.19,4406.19,4406.19,4406.19,24,CLEARED_>=20s,1.0,0.0,0.0,0.0,0.0,0.0,0.0,PASS_<20%,0.00,0.0,NO,STANDBY_VEL_LOW,1,1321.86,3268.14,132.45,FALSE,M1_DIRECTION_MISMATCH
2026-09-07 19:02:25.245,1788807745.246,4840,19,104,4406.19,4406.27,8.0,PASS_<=10c,+0.0,FLAT,+0.0,+69.0,4.2,+0.00,0.00,SLOW,4405.50,4406.54,4403.14,4406.23,0.00,0.00,0.0,BEARISH,340.0,4406.19,4406.19,4406.19,4406.19,25,CLEARED_>=20s,1.0,0.0,0.0,0.0,0.0,0.0,0.0,PASS_<20%,0.00,0.0,NO,STANDBY_VEL_LOW,1,1321.86,3268.14,132.45,FALSE,M1_DIRECTION_MISMATCH
2026-09-07 19:02:25.747,1788807745.748,4841,20,105,4406.19,4406.27,8.0,PASS_<=10c,+0.0,FLAT,+0.0,+69.0,4.2,+0.00,0.00,SLOW,4405.50,4406.54,4403.14,4406.23,0.00,0.00,0.0,BEARISH,340.0,4406.19,4406.19,4406.19,4406.19,25,CLEARED_>=20s,1.0,0.0,0.0,0.0,0.0,0.0,0.0,PASS_<20%,0.00,0.0,NO,STANDBY_VEL_LOW,1,1321.86,3268.14,132.45,FALSE,M1_DIRECTION_MISMATCH
2026-09-07 19:02:26.249,1788807746.249,4842,21,106,4406.19,4406.27,8.0,PASS_<=10c,+0.0,FLAT,+0.0,+69.0,4.2,+0.00,0.00,SLOW,4405.50,4406.54,4403.14,4406.23,0.00,0.00,0.0,BEARISH,340.0,4406.19,4406.19,4406.19,4406.19,26,CLEARED_>=20s,1.0,0.0,0.0,0.0,0.0,0.0,0.0,PASS_<20%,0.00,0.0,NO,STANDBY_VEL_LOW,1,1321.86,3268.14,132.45,FALSE,M1_DIRECTION_MISMATCH
2026-09-07 19:02:26.750,1788807746.750,4843,22,107,4406.19,4406.27,8.0,PASS_<=10c,+0.0,FLAT,+0.0,+69.0,4.2,+0.00,0.00,SLOW,4405.50,4406.54,4403.14,4406.23,0.00,0.00,0.0,BEARISH,340.0,4406.19,4406.19,4406.19,4406.19,26,CLEARED_>=20s,1.0,0.0,0.0,0.0,0.0,0.0,0.0,PASS_<20%,0.00,0.0,NO,STANDBY_VEL_LOW,1,1321.86,3268.14,132.45,FALSE,M1_DIRECTION_MISMATCH
2026-09-07 19:02:27.251,1788807747.251,4844,23,108,4406.19,4406.27,8.0,PASS_<=10c,+0.0,FLAT,+0.0,+69.0,4.2,+0.00,0.00,SLOW,4405.50,4406.54,4403.14,4406.23,0.00,0.00,0.0,BEARISH,340.0,4406.19,4406.19,4406.19,4406.19,27,CLEARED_>=20s,1.0,0.0,0.0,0.0,0.0,0.0,0.0,PASS_<20%,0.00,0.0,NO,STANDBY_VEL_LOW,1,1321.86,3268.14,132.45,FALSE,M1_DIRECTION_MISMATCH
2026-09-07 19:02:37.635,1788807757.636,4845,24,109,4406.19,4406.27,8.0,PASS_<=10c,+0.0,FLAT,+0.0,+69.0,1.3,+0.00,0.00,SLOW,4405.50,4406.54,4403.14,4406.23,0.00,0.00,0.0,BEARISH,340.0,4406.19,4406.19,4406.19,4406.19,37,CLEARED_>=20s,1.0,0.0,0.0,0.0,0.0,0.0,0.0,PASS_<20%,0.00,0.0,NO,STANDBY_VEL_LOW,1,1321.86,3268.14,132.45,FALSE,M1_DIRECTION_MISMATCH
2026-09-07 19:02:43.659,1788807763.660,4846,25,110,4406.19,4406.27,8.0,PASS_<=10c,+0.0,FLAT,+0.0,+69.0,2.0,+0.00,0.00,SLOW,4405.50,4406.54,4403.14,4406.23,0.00,0.00,0.0,BEARISH,340.0,4406.19,4406.19,4406.19,4406.19,43,CLEARED_>=20s,1.0,0.0,0.0,0.0,0.0,0.0,0.0,PASS_<20%,0.00,0.0,NO,STANDBY_VEL_LOW,1,1321.86,3268.14,132.45,FALSE,M1_DIRECTION_MISMATCH
2026-09-07 19:02:44.014,1788807764.015,4847,26,111,4406.19,4406.27,8.0,PASS_<=10c,+0.0,FLAT,+0.0,+69.0,3.2,+0.00,0.00,SLOW,4405.50,4406.54,4403.14,4406.23,0.00,0.00,0.0,BEARISH,340.0,4406.19,4406.19,4406.19,4406.19,44,CLEARED_>=20s,1.0,0.0,0.0,0.0,0.0,0.0,0.0,PASS_<20%,0.00,0.0,NO,STANDBY_VEL_LOW,1,1321.86,3268.14,132.45,FALSE,M1_DIRECTION_MISMATCH
2026-09-07 19:02:44.517,1788807764.517,4848,27,112,4406.19,4406.27,8.0,PASS_<=10c,+0.0,FLAT,+0.0,+69.0,3.4,+0.00,0.00,SLOW,4405.50,4406.54,4403.14,4406.23,0.00,0.00,0.0,BEARISH,340.0,4406.19,4406.19,4406.19,4406.19,44,CLEARED_>=20s,1.0,0.0,0.0,0.0,0.0,0.0,0.0,PASS_<20%,0.00,0.0,NO,STANDBY_VEL_LOW,1,1321.86,3268.14,132.45,FALSE,M1_DIRECTION_MISMATCH
2026-09-07 19:02:45.018,1788807765.019,4849,28,113,4406.19,4406.27,8.0,PASS_<=10c,+0.0,FLAT,+0.0,+69.0,3.5,+0.00,0.00,SLOW,4405.50,4406.54,4403.14,4406.23,0.00,0.00,0.0,BEARISH,340.0,4406.19,4406.19,4406.19,4406.19,45,CLEARED_>=20s,1.0,0.0,0.0,0.0,0.0,0.0,0.0,PASS_<20%,0.00,0.0,NO,STANDBY_VEL_LOW,1,1321.86,3268.14,132.45,FALSE,M1_DIRECTION_MISMATCH
2026-09-07 19:02:45.520,1788807765.520,4850,29,114,4406.19,4406.27,8.0,PASS_<=10c,+0.0,FLAT,+0.0,+69.0,3.6,+0.00,0.00,SLOW,4405.50,4406.54,4403.14,4406.23,0.00,0.00,0.0,BEARISH,340.0,4406.19,4406.19,4406.19,4406.19,45,CLEARED_>=20s,1.0,0.0,0.0,0.0,0.0,0.0,0.0,PASS_<20%,0.00,0.0,NO,STANDBY_VEL_LOW,1,1321.86,3268.14,132.45,FALSE,M1_DIRECTION_MISMATCH
2026-09-07 19:02:46.022,1788807766.022,4851,30,115,4406.19,4406.27,8.0,PASS_<=10c,+0.0,FLAT,+0.0,+69.0,3.7,+0.00,0.00,SLOW,4405.50,4406.54,4403.14,4406.23,0.00,0.00,0.0,BEARISH,340.0,4406.19,4406.19,4406.19,4406.19,46,CLEARED_>=20s,1.0,0.0,0.0,0.0,0.0,0.0,0.0,PASS_<20%,0.00,0.0,NO,STANDBY_VEL_LOW,1,1321.86,3268.14,132.45,FALSE,M1_DIRECTION_MISMATCH
2026-09-07 19:02:46.524,1788807766.524,4852,31,116,4406.19,4406.27,8.0,PASS_<=10c,+0.0,FLAT,+0.0,+69.0,3.7,+0.00,0.00,SLOW,4405.50,4406.54,4403.14,4406.23,0.00,0.00,0.0,BEARISH,340.0,4406.19,4406.19,4406.19,4406.19,46,CLEARED_>=20s,1.0,0.0,0.0,0.0,0.0,0.0,0.0,PASS_<20%,0.00,0.0,NO,STANDBY_VEL_LOW,1,1321.86,3268.14,132.45,FALSE,M1_DIRECTION_MISMATCH
2026-09-07 19:02:47.026,1788807767.026,4853,32,117,4406.19,4406.27,8.0,PASS_<=10c,+0.0,FLAT,+0.0,+69.0,3.7,+0.00,0.00,SLOW,4405.50,4406.54,4403.14,4406.23,0.00,0.00,0.0,BEARISH,340.0,4406.19,4406.19,4406.19,4406.19,47,CLEARED_>=20s,1.0,0.0,0.0,0.0,0.0,0.0,0.0,PASS_<20%,0.00,0.0,NO,STANDBY_VEL_LOW,1,1321.86,3268.14,132.45,FALSE,M1_DIRECTION_MISMATCH
2026-09-07 19:02:47.527,1788807767.528,4854,33,118,4406.19,4406.27,8.0,PASS_<=10c,+0.0,FLAT,+0.0,+69.0,3.8,+0.00,0.00,SLOW,4405.50,4406.54,4403.14,4406.23,0.00,0.00,0.0,BEARISH,340.0,4406.19,4406.19,4406.19,4406.19,47,CLEARED_>=20s,1.0,0.0,0.0,0.0,0.0,0.0,0.0,PASS_<20%,0.00,0.0,NO,STANDBY_VEL_LOW,1,1321.86,3268.14,132.45,FALSE,M1_DIRECTION_MISMATCH
2026-09-07 19:02:48.030,1788807768.031,4855,34,119,4406.19,4406.27,8.0,PASS_<=10c,+0.0,FLAT,+0.0,+69.0,4.3,+0.00,0.00,SLOW,4405.50,4406.54,4403.14,4406.23,0.00,0.00,0.0,BEARISH,340.0,4406.19,4406.19,4406.19,4406.19,48,CLEARED_>=20s,1.0,0.0,0.0,0.0,0.0,0.0,0.0,PASS_<20%,0.00,0.0,NO,STANDBY_VEL_LOW,1,1321.86,3268.14,132.45,FALSE,M1_DIRECTION_MISMATCH
2026-09-07 19:02:48.531,1788807768.532,4856,35,120,4406.19,4406.27,8.0,PASS_<=10c,+0.0,FLAT,+0.0,+69.0,4.3,+0.00,0.00,SLOW,4405.50,4406.54,4403.14,4406.23,0.00,0.00,0.0,BEARISH,340.0,4406.19,4406.19,4406.19,4406.19,48,CLEARED_>=20s,1.0,0.0,0.0,0.0,0.0,0.0,0.0,PASS_<20%,0.00,0.0,NO,STANDBY_VEL_LOW,1,1321.86,3268.14,132.45,FALSE,M1_DIRECTION_MISMATCH
2026-09-07 19:02:49.033,1788807769.033,4857,36,121,4406.19,4406.27,8.0,PASS_<=10c,+0.0,FLAT,+0.0,+69.0,4.2,+0.00,0.00,SLOW,4405.50,4406.54,4403.14,4406.23,0.00,0.00,0.0,BEARISH,340.0,4406.19,4406.19,4406.19,4406.19,49,CLEARED_>=20s,1.0,0.0,0.0,0.0,0.0,0.0,0.0,PASS_<20%,0.00,0.0,NO,STANDBY_VEL_LOW,1,1321.86,3268.14,132.45,FALSE,M1_DIRECTION_MISMATCH
2026-09-07 19:02:49.534,1788807769.535,4858,37,122,4406.19,4406.27,8.0,PASS_<=10c,+0.0,FLAT,+0.0,+69.0,4.2,+0.00,0.00,SLOW,4405.50,4406.54,4403.14,4406.23,0.00,0.00,0.0,BEARISH,340.0,4406.19,4406.19,4406.19,4406.19,49,CLEARED_>=20s,1.0,0.0,0.0,0.0,0.0,0.0,0.0,PASS_<20%,0.00,0.0,NO,STANDBY_VEL_LOW,1,1321.86,3268.14,132.45,FALSE,M1_DIRECTION_MISMATCH
2026-09-07 19:02:50.036,1788807770.036,4859,38,123,4406.19,4406.27,8.0,PASS_<=10c,+0.0,FLAT,+0.0,+69.0,4.2,+0.00,0.00,SLOW,4405.50,4406.54,4403.14,4406.23,0.00,0.00,0.0,BEARISH,340.0,4406.19,4406.19,4406.19,4406.19,50,CLEARED_>=20s,1.0,0.0,0.0,0.0,0.0,0.0,0.0,PASS_<20%,0.00,0.0,NO,STANDBY_VEL_LOW,1,1321.86,3268.14,132.45,FALSE,M1_DIRECTION_MISMATCH
2026-09-07 19:02:50.538,1788807770.539,4860,39,124,4406.19,4406.27,8.0,PASS_<=10c,+0.0,FLAT,+0.0,+69.0,4.2,+0.00,0.00,SLOW,4405.50,4406.54,4403.14,4406.23,0.00,0.00,0.0,BEARISH,340.0,4406.19,4406.19,4406.19,4406.19,50,CLEARED_>=20s,1.0,0.0,0.0,0.0,0.0,0.0,0.0,PASS_<20%,0.00,0.0,NO,STANDBY_VEL_LOW,1,1321.86,3268.14,132.45,FALSE,M1_DIRECTION_MISMATCH
2026-09-07 19:02:51.040,1788807771.041,4861,40,125,4406.19,4406.27,8.0,PASS_<=10c,+0.0,FLAT,+0.0,+69.0,4.2,+0.00,0.00,SLOW,4405.50,4406.54,4403.14,4406.23,0.00,0.00,0.0,BEARISH,340.0,4406.19,4406.19,4406.19,4406.19,51,CLEARED_>=20s,1.0,0.0,0.0,0.0,0.0,0.0,0.0,PASS_<20%,0.00,0.0,NO,STANDBY_VEL_LOW,1,1321.86,3268.14,132.45,FALSE,M1_DIRECTION_MISMATCH
2026-09-07 19:02:51.541,1788807771.541,4862,41,126,4406.19,4406.27,8.0,PASS_<=10c,+0.0,FLAT,+0.0,+69.0,4.2,+0.00,0.00,SLOW,4405.50,4406.54,4403.14,4406.23,0.00,0.00,0.0,BEARISH,340.0,4406.19,4406.19,4406.19,4406.19,51,CLEARED_>=20s,1.0,0.0,0.0,0.0,0.0,0.0,0.0,PASS_<20%,0.00,0.0,NO,STANDBY_VEL_LOW,1,1321.86,3268.14,132.45,FALSE,M1_DIRECTION_MISMATCH
2026-09-07 19:03:01.920,1788807781.920,4863,1,127,4406.19,4406.27,8.0,PASS_<=10c,+0.0,FLAT,+0.0,+69.0,1.3,+0.00,0.00,SLOW,4405.50,4406.54,4403.14,4406.23,0.00,0.00,0.0,BEARISH,340.0,4406.19,4406.19,4406.19,4406.19,1,ACTIVE_1s,1.0,0.0,0.0,0.0,0.0,0.0,0.0,PASS_<20%,0.00,0.0,NO,STANDBY_VEL_LOW,1,1321.86,3268.14,132.45,FALSE,M1_DIRECTION_MISMATCH|OPENING_SHIELD_ACTIVE_1s
2026-09-07 19:03:08.751,1788807788.752,4864,2,128,4406.19,4406.27,8.0,PASS_<=10c,+0.0,FLAT,+0.0,+69.0,1.3,+0.00,0.00,SLOW,4405.50,4406.54,4403.14,4406.23,0.00,0.00,0.0,BEARISH,340.0,4406.19,4406.19,4406.19,4406.19,8,ACTIVE_8s,1.0,0.0,0.0,0.0,0.0,0.0,0.0,PASS_<20%,0.00,0.0,NO,STANDBY_VEL_LOW,1,1321.86,3268.14,132.45,FALSE,M1_DIRECTION_MISMATCH|OPENING_SHIELD_ACTIVE_8s
2026-09-07 19:03:09.107,1788807789.108,4865,3,129,4406.19,4406.27,8.0,PASS_<=10c,+0.0,FLAT,+0.0,+69.0,1.9,+0.00,0.00,SLOW,4405.50,4406.54,4403.14,4406.23,0.00,0.00,0.0,BEARISH,340.0,4406.19,4406.19,4406.19,4406.19,9,ACTIVE_9s,1.0,0.0,0.0,0.0,0.0,0.0,0.0,PASS_<20%,0.00,0.0,NO,STANDBY_VEL_LOW,1,1321.86,3268.14,132.45,FALSE,M1_DIRECTION_MISMATCH|OPENING_SHIELD_ACTIVE_9s
2026-09-07 19:03:09.608,1788807789.608,4866,4,130,4406.19,4406.27,8.0,PASS_<=10c,+0.0,FLAT,+0.0,+69.0,2.3,+0.00,0.00,SLOW,4405.50,4406.54,4403.14,4406.23,0.00,0.00,0.0,BEARISH,340.0,4406.19,4406.19,4406.19,4406.19,9,ACTIVE_9s,1.0,0.0,0.0,0.0,0.0,0.0,0.0,PASS_<20%,0.00,0.0,NO,STANDBY_VEL_LOW,1,1321.86,3268.14,132.45,FALSE,M1_DIRECTION_MISMATCH|OPENING_SHIELD_ACTIVE_9s
2026-09-07 19:03:10.109,1788807790.109,4867,5,131,4406.19,4406.27,8.0,PASS_<=10c,+0.0,FLAT,+0.0,+69.0,2.6,+0.00,0.00,SLOW,4405.50,4406.54,4403.14,4406.23,0.00,0.00,0.0,BEARISH,340.0,4406.19,4406.19,4406.19,4406.19,10,ACTIVE_10s,1.0,0.0,0.0,0.0,0.0,0.0,0.0,PASS_<20%,0.00,0.0,NO,STANDBY_VEL_LOW,1,1321.86,3268.14,132.45,FALSE,M1_DIRECTION_MISMATCH|OPENING_SHIELD_ACTIVE_10s
2026-09-07 19:03:10.611,1788807790.611,4868,6,132,4406.19,4406.27,8.0,PASS_<=10c,+0.0,FLAT,+0.0,+69.0,2.8,+0.00,0.00,SLOW,4405.50,4406.54,4403.14,4406.23,0.00,0.00,0.0,BEARISH,340.0,4406.19,4406.19,4406.19,4406.19,10,ACTIVE_10s,1.0,0.0,0.0,0.0,0.0,0.0,0.0,PASS_<20%,0.00,0.0,NO,STANDBY_VEL_LOW,1,1321.86,3268.14,132.45,FALSE,M1_DIRECTION_MISMATCH|OPENING_SHIELD_ACTIVE_10s
2026-09-07 19:03:11.112,1788807791.112,4869,7,133,4406.19,4406.27,8.0,PASS_<=10c,+0.0,FLAT,+0.0,+69.0,3.0,+0.00,0.00,SLOW,4405.50,4406.54,4403.14,4406.23,0.00,0.00,0.0,BEARISH,340.0,4406.19,4406.19,4406.19,4406.19,11,ACTIVE_11s,1.0,0.0,0.0,0.0,0.0,0.0,0.0,PASS_<20%,0.00,0.0,NO,STANDBY_VEL_LOW,1,1321.86,3268.14,132.45,FALSE,M1_DIRECTION_MISMATCH|OPENING_SHIELD_ACTIVE_11s
2026-09-07 19:03:11.613,1788807791.614,4870,8,134,4406.19,4406.27,8.0,PASS_<=10c,+0.0,FLAT,+0.0,+69.0,3.1,+0.00,0.00,SLOW,4405.50,4406.54,4403.14,4406.23,0.00,0.00,0.0,BEARISH,340.0,4406.19,4406.19,4406.19,4406.19,11,ACTIVE_11s,1.0,0.0,0.0,0.0,0.0,0.0,0.0,PASS_<20%,0.00,0.0,NO,STANDBY_VEL_LOW,1,1321.86,3268.14,132.45,FALSE,M1_DIRECTION_MISMATCH|OPENING_SHIELD_ACTIVE_11s
2026-09-07 19:03:12.133,1788807792.134,4871,9,135,4406.19,4406.27,8.0,PASS_<=10c,+0.0,FLAT,+0.0,+69.0,4.5,+0.00,0.00,SLOW,4405.50,4406.54,4403.14,4406.23,0.00,0.00,0.0,BEARISH,340.0,4406.19,4406.19,4406.19,4406.19,12,ACTIVE_12s,1.0,0.0,0.0,0.0,0.0,0.0,0.0,PASS_<20%,0.00,0.0,NO,STANDBY_VEL_LOW,1,1321.86,3268.14,132.45,FALSE,M1_DIRECTION_MISMATCH|OPENING_SHIELD_ACTIVE_12s
2026-09-07 19:03:12.621,1788807792.621,4872,10,136,4406.19,4406.27,8.0,PASS_<=10c,+0.0,FLAT,+0.0,+69.0,4.4,+0.00,0.00,SLOW,4405.50,4406.54,4403.14,4406.23,0.00,0.00,0.0,BEARISH,340.0,4406.19,4406.19,4406.19,4406.19,12,ACTIVE_12s,1.0,0.0,0.0,0.0,0.0,0.0,0.0,PASS_<20%,0.00,0.0,NO,STANDBY_VEL_LOW,1,1321.86,3268.14,132.45,FALSE,M1_DIRECTION_MISMATCH|OPENING_SHIELD_ACTIVE_12s
2026-09-07 19:03:13.122,1788807793.123,4873,11,137,4406.19,4406.27,8.0,PASS_<=10c,+0.0,FLAT,+0.0,+69.0,4.3,+0.00,0.00,SLOW,4405.50,4406.54,4403.14,4406.23,0.00,0.00,0.0,BEARISH,340.0,4406.19,4406.19,4406.19,4406.19,13,ACTIVE_13s,1.0,0.0,0.0,0.0,0.0,0.0,0.0,PASS_<20%,0.00,0.0,NO,STANDBY_VEL_LOW,1,1321.86,3268.14,132.45,FALSE,M1_DIRECTION_MISMATCH|OPENING_SHIELD_ACTIVE_13s
2026-09-07 19:03:13.624,1788807793.624,4874,12,138,4406.19,4406.27,8.0,PASS_<=10c,+0.0,FLAT,+0.0,+69.0,4.3,+0.00,0.00,SLOW,4405.50,4406.54,4403.14,4406.23,0.00,0.00,0.0,BEARISH,340.0,4406.19,4406.19,4406.19,4406.19,13,ACTIVE_13s,1.0,0.0,0.0,0.0,0.0,0.0,0.0,PASS_<20%,0.00,0.0,NO,STANDBY_VEL_LOW,1,1321.86,3268.14,132.45,FALSE,M1_DIRECTION_MISMATCH|OPENING_SHIELD_ACTIVE_13s
2026-09-07 19:03:14.127,1788807794.128,4875,13,139,4406.19,4406.27,8.0,PASS_<=10c,+0.0,FLAT,+0.0,+69.0,4.2,+0.00,0.00,SLOW,4405.50,4406.54,4403.14,4406.23,0.00,0.00,0.0,BEARISH,340.0,4406.19,4406.19,4406.19,4406.19,14,ACTIVE_14s,1.0,0.0,0.0,0.0,0.0,0.0,0.0,PASS_<20%,0.00,0.0,NO,STANDBY_VEL_LOW,1,1321.86,3268.14,132.45,FALSE,M1_DIRECTION_MISMATCH|OPENING_SHIELD_ACTIVE_14s
2026-09-07 19:03:14.640,1788807794.640,4876,14,140,4406.19,4406.27,8.0,PASS_<=10c,+0.0,FLAT,+0.0,+69.0,4.2,+0.00,0.00,SLOW,4405.50,4406.54,4403.14,4406.23,0.00,0.00,0.0,BEARISH,340.0,4406.19,4406.19,4406.19,4406.19,14,ACTIVE_14s,1.0,0.0,0.0,0.0,0.0,0.0,0.0,PASS_<20%,0.00,0.0,NO,STANDBY_VEL_LOW,1,1321.86,3268.14,132.45,FALSE,M1_DIRECTION_MISMATCH|OPENING_SHIELD_ACTIVE_14s
2026-09-07 19:03:15.142,1788807795.143,4877,15,141,4406.19,4406.27,8.0,PASS_<=10c,+0.0,FLAT,+0.0,+69.0,4.2,+0.00,0.00,SLOW,4405.50,4406.54,4403.14,4406.23,0.00,0.00,0.0,BEARISH,340.0,4406.19,4406.19,4406.19,4406.19,15,ACTIVE_15s,1.0,0.0,0.0,0.0,0.0,0.0,0.0,PASS_<20%,0.00,0.0,NO,STANDBY_VEL_LOW,1,1321.86,3268.14,132.45,FALSE,M1_DIRECTION_MISMATCH|OPENING_SHIELD_ACTIVE_15s
2026-09-07 19:03:15.643,1788807795.644,4878,16,142,4406.19,4406.27,8.0,PASS_<=10c,+0.0,FLAT,+0.0,+69.0,4.2,+0.00,0.00,SLOW,4405.50,4406.54,4403.14,4406.23,0.00,0.00,0.0,BEARISH,340.0,4406.19,4406.19,4406.19,4406.19,15,ACTIVE_15s,1.0,0.0,0.0,0.0,0.0,0.0,0.0,PASS_<20%,0.00,0.0,NO,STANDBY_VEL_LOW,1,1321.86,3268.14,132.45,FALSE,M1_DIRECTION_MISMATCH|OPENING_SHIELD_ACTIVE_15s
2026-09-07 19:03:16.144,1788807796.145,4879,17,143,4406.19,4406.27,8.0,PASS_<=10c,+0.0,FLAT,+0.0,+69.0,4.2,+0.00,0.00,SLOW,4405.50,4406.54,4403.14,4406.23,0.00,0.00,0.0,BEARISH,340.0,4406.19,4406.19,4406.19,4406.19,16,ACTIVE_16s,1.0,0.0,0.0,0.0,0.0,0.0,0.0,PASS_<20%,0.00,0.0,NO,STANDBY_VEL_LOW,1,1321.86,3268.14,132.45,FALSE,M1_DIRECTION_MISMATCH|OPENING_SHIELD_ACTIVE_16s
2026-09-07 19:03:16.647,1788807796.648,4880,18,144,4406.19,4406.27,8.0,PASS_<=10c,+0.0,FLAT,+0.0,+69.0,4.2,+0.00,0.00,SLOW,4405.50,4406.54,4403.14,4406.23,0.00,0.00,0.0,BEARISH,340.0,4406.19,4406.19,4406.19,4406.19,16,ACTIVE_16s,1.0,0.0,0.0,0.0,0.0,0.0,0.0,PASS_<20%,0.00,0.0,NO,STANDBY_VEL_LOW,1,1321.86,3268.14,132.45,FALSE,M1_DIRECTION_MISMATCH|OPENING_SHIELD_ACTIVE_16s
2026-09-07 19:03:27.035,1788807807.035,4881,19,145,4406.19,4406.27,8.0,PASS_<=10c,+0.0,FLAT,+0.0,+69.0,1.3,+0.00,0.00,SLOW,4405.50,4406.54,4403.14,4406.23,0.00,0.00,0.0,BEARISH,340.0,4406.19,4406.19,4406.19,4406.19,27,CLEARED_>=20s,1.0,0.0,0.0,0.0,0.0,0.0,0.0,PASS_<20%,0.00,0.0,NO,STANDBY_VEL_LOW,1,1321.86,3268.14,132.45,FALSE,M1_DIRECTION_MISMATCH
2026-09-07 19:03:35.460,1788807815.461,4882,20,146,4406.19,4406.27,8.0,PASS_<=10c,+0.0,FLAT,+0.0,+69.0,1.3,+0.00,0.00,SLOW,4405.50,4406.54,4403.14,4406.23,0.00,0.00,0.0,BEARISH,340.0,4406.19,4406.19,4406.19,4406.19,35,CLEARED_>=20s,1.0,0.0,0.0,0.0,0.0,0.0,0.0,PASS_<20%,0.00,0.0,NO,STANDBY_VEL_LOW,1,1321.86,3268.14,132.45,FALSE,M1_DIRECTION_MISMATCH
2026-09-07 19:03:35.815,1788807815.816,4883,21,147,4406.19,4406.27,8.0,PASS_<=10c,+0.0,FLAT,+0.0,+69.0,1.3,+0.00,0.00,SLOW,4405.50,4406.54,4403.14,4406.23,0.00,0.00,0.0,BEARISH,340.0,4406.19,4406.19,4406.19,4406.19,35,CLEARED_>=20s,1.0,0.0,0.0,0.0,0.0,0.0,0.0,PASS_<20%,0.00,0.0,NO,STANDBY_VEL_LOW,1,1321.86,3268.14,132.45,FALSE,M1_DIRECTION_MISMATCH
2026-09-07 19:03:36.317,1788807816.317,4884,22,148,4406.19,4406.27,8.0,PASS_<=10c,+0.0,FLAT,+0.0,+69.0,1.4,+0.00,0.00,SLOW,4405.50,4406.54,4403.14,4406.23,0.00,0.00,0.0,BEARISH,340.0,4406.19,4406.19,4406.19,4406.19,36,CLEARED_>=20s,1.0,0.0,0.0,0.0,0.0,0.0,0.0,PASS_<20%,0.00,0.0,NO,STANDBY_VEL_LOW,1,1321.86,3268.14,132.45,FALSE,M1_DIRECTION_MISMATCH
2026-09-07 19:03:36.819,1788807816.819,4885,23,149,4406.19,4406.27,8.0,PASS_<=10c,+0.0,FLAT,+0.0,+69.0,1.7,+0.00,0.00,SLOW,4405.50,4406.54,4403.14,4406.23,0.00,0.00,0.0,BEARISH,340.0,4406.19,4406.19,4406.19,4406.19,36,CLEARED_>=20s,1.0,0.0,0.0,0.0,0.0,0.0,0.0,PASS_<20%,0.00,0.0,NO,STANDBY_VEL_LOW,1,1321.86,3268.14,132.45,FALSE,M1_DIRECTION_MISMATCH
2026-09-07 19:03:37.320,1788807817.321,4886,24,150,4406.19,4406.27,8.0,PASS_<=10c,+0.0,FLAT,+0.0,+69.0,4.8,+0.00,0.00,SLOW,4405.50,4406.54,4403.14,4406.23,0.00,0.00,0.0,BEARISH,340.0,4406.19,4406.19,4406.19,4406.19,37,CLEARED_>=20s,1.0,0.0,0.0,0.0,0.0,0.0,0.0,PASS_<20%,0.00,0.0,NO,STANDBY_VEL_LOW,1,1321.86,3268.14,132.45,FALSE,M1_DIRECTION_MISMATCH
2026-09-07 19:03:37.822,1788807817.823,4887,25,151,4406.19,4406.27,8.0,PASS_<=10c,+0.0,FLAT,+0.0,+69.0,4.7,+0.00,0.00,SLOW,4405.50,4406.54,4403.14,4406.23,0.00,0.00,0.0,BEARISH,340.0,4406.19,4406.19,4406.19,4406.19,37,CLEARED_>=20s,1.0,0.0,0.0,0.0,0.0,0.0,0.0,PASS_<20%,0.00,0.0,NO,STANDBY_VEL_LOW,1,1321.86,3268.14,132.45,FALSE,M1_DIRECTION_MISMATCH
2026-09-07 19:03:38.324,1788807818.325,4888,26,152,4406.19,4406.27,8.0,PASS_<=10c,+0.0,FLAT,+0.0,+69.0,4.5,+0.00,0.00,SLOW,4405.50,4406.54,4403.14,4406.23,0.00,0.00,0.0,BEARISH,340.0,4406.19,4406.19,4406.19,4406.19,38,CLEARED_>=20s,1.0,0.0,0.0,0.0,0.0,0.0,0.0,PASS_<20%,0.00,0.0,NO,STANDBY_VEL_LOW,1,1321.86,3268.14,132.45,FALSE,M1_DIRECTION_MISMATCH
2026-09-07 19:03:38.827,1788807818.828,4889,27,153,4406.19,4406.27,8.0,PASS_<=10c,+0.0,FLAT,+0.0,+69.0,4.5,+0.00,0.00,SLOW,4405.50,4406.54,4403.14,4406.23,0.00,0.00,0.0,BEARISH,340.0,4406.19,4406.19,4406.19,4406.19,38,CLEARED_>=20s,1.0,0.0,0.0,0.0,0.0,0.0,0.0,PASS_<20%,0.00,0.0,NO,STANDBY_VEL_LOW,1,1321.86,3268.14,132.45,FALSE,M1_DIRECTION_MISMATCH
2026-09-07 19:03:39.329,1788807819.330,4890,28,154,4406.19,4406.27,8.0,PASS_<=10c,+0.0,FLAT,+0.0,+69.0,4.4,+0.00,0.00,SLOW,4405.50,4406.54,4403.14,4406.23,0.00,0.00,0.0,BEARISH,340.0,4406.19,4406.19,4406.19,4406.19,39,CLEARED_>=20s,1.0,0.0,0.0,0.0,0.0,0.0,0.0,PASS_<20%,0.00,0.0,NO,STANDBY_VEL_LOW,1,1321.86,3268.14,132.45,FALSE,M1_DIRECTION_MISMATCH
2026-09-07 19:03:39.831,1788807819.831,4891,29,155,4406.19,4406.27,8.0,PASS_<=10c,+0.0,FLAT,+0.0,+69.0,4.3,+0.00,0.00,SLOW,4405.50,4406.54,4403.14,4406.23,0.00,0.00,0.0,BEARISH,340.0,4406.19,4406.19,4406.19,4406.19,39,CLEARED_>=20s,1.0,0.0,0.0,0.0,0.0,0.0,0.0,PASS_<20%,0.00,0.0,NO,STANDBY_VEL_LOW,1,1321.86,3268.14,132.45,FALSE,M1_DIRECTION_MISMATCH
2026-09-07 19:03:40.333,1788807820.334,4892,30,156,4406.19,4406.27,8.0,PASS_<=10c,+0.0,FLAT,+0.0,+69.0,4.3,+0.00,0.00,SLOW,4405.50,4406.54,4403.14,4406.23,0.00,0.00,0.0,BEARISH,340.0,4406.19,4406.19,4406.19,4406.19,40,CLEARED_>=20s,1.0,0.0,0.0,0.0,0.0,0.0,0.0,PASS_<20%,0.00,0.0,NO,STANDBY_VEL_LOW,1,1321.86,3268.14,132.45,FALSE,M1_DIRECTION_MISMATCH
2026-09-07 19:03:40.835,1788807820.836,4893,31,157,4406.19,4406.27,8.0,PASS_<=10c,+0.0,FLAT,+0.0,+69.0,4.2,+0.00,0.00,SLOW,4405.50,4406.54,4403.14,4406.23,0.00,0.00,0.0,BEARISH,340.0,4406.19,4406.19,4406.19,4406.19,40,CLEARED_>=20s,1.0,0.0,0.0,0.0,0.0,0.0,0.0,PASS_<20%,0.00,0.0,NO,STANDBY_VEL_LOW,1,1321.86,3268.14,132.45,FALSE,M1_DIRECTION_MISMATCH
2026-09-07 19:03:41.337,1788807821.338,4894,32,158,4406.19,4406.27,8.0,PASS_<=10c,+0.0,FLAT,+0.0,+69.0,4.2,+0.00,0.00,SLOW,4405.50,4406.54,4403.14,4406.23,0.00,0.00,0.0,BEARISH,340.0,4406.19,4406.19,4406.19,4406.19,41,CLEARED_>=20s,1.0,0.0,0.0,0.0,0.0,0.0,0.0,PASS_<20%,0.00,0.0,NO,STANDBY_VEL_LOW,1,1321.86,3268.14,132.45,FALSE,M1_DIRECTION_MISMATCH
2026-09-07 19:03:41.839,1788807821.840,4895,33,159,4406.19,4406.27,8.0,PASS_<=10c,+0.0,FLAT,+0.0,+69.0,4.2,+0.00,0.00,SLOW,4405.50,4406.54,4403.14,4406.23,0.00,0.00,0.0,BEARISH,340.0,4406.19,4406.19,4406.19,4406.19,41,CLEARED_>=20s,1.0,0.0,0.0,0.0,0.0,0.0,0.0,PASS_<20%,0.00,0.0,NO,STANDBY_VEL_LOW,1,1321.86,3268.14,132.45,FALSE,M1_DIRECTION_MISMATCH
2026-09-07 19:03:42.341,1788807822.342,4896,34,160,4406.19,4406.27,8.0,PASS_<=10c,+0.0,FLAT,+0.0,+69.0,4.2,+0.00,0.00,SLOW,4405.50,4406.54,4403.14,4406.23,0.00,0.00,0.0,BEARISH,340.0,4406.19,4406.19,4406.19,4406.19,42,CLEARED_>=20s,1.0,0.0,0.0,0.0,0.0,0.0,0.0,PASS_<20%,0.00,0.0,NO,STANDBY_VEL_LOW,1,1321.86,3268.14,132.45,FALSE,M1_DIRECTION_MISMATCH
2026-09-07 19:03:42.843,1788807822.843,4897,35,161,4406.19,4406.27,8.0,PASS_<=10c,+0.0,FLAT,+0.0,+69.0,4.2,+0.00,0.00,SLOW,4405.50,4406.54,4403.14,4406.23,0.00,0.00,0.0,BEARISH,340.0,4406.19,4406.19,4406.19,4406.19,42,CLEARED_>=20s,1.0,0.0,0.0,0.0,0.0,0.0,0.0,PASS_<20%,0.00,0.0,NO,STANDBY_VEL_LOW,1,1321.86,3268.14,132.45,FALSE,M1_DIRECTION_MISMATCH
2026-09-07 19:03:43.345,1788807823.345,4898,36,162,4406.19,4406.27,8.0,PASS_<=10c,+0.0,FLAT,+0.0,+69.0,4.2,+0.00,0.00,SLOW,4405.50,4406.54,4403.14,4406.23,0.00,0.00,0.0,BEARISH,340.0,4406.19,4406.19,4406.19,4406.19,43,CLEARED_>=20s,1.0,0.0,0.0,0.0,0.0,0.0,0.0,PASS_<20%,0.00,0.0,NO,STANDBY_VEL_LOW,1,1321.86,3268.14,132.45,FALSE,M1_DIRECTION_MISMATCH
2026-09-07 19:03:53.722,1788807833.723,4899,37,163,4406.19,4406.27,8.0,PASS_<=10c,+0.0,FLAT,+0.0,+69.0,1.3,+0.00,0.00,SLOW,4405.50,4406.54,4403.14,4406.23,0.00,0.00,0.0,BEARISH,340.0,4406.19,4406.19,4406.19,4406.19,53,CLEARED_>=20s,1.0,0.0,0.0,0.0,0.0,0.0,0.0,PASS_<20%,0.00,0.0,NO,STANDBY_VEL_LOW,1,1321.86,3268.14,132.45,FALSE,M1_DIRECTION_MISMATCH
2026-09-07 19:04:01.957,1788807841.957,4900,1,164,4406.19,4406.27,8.0,PASS_<=10c,+0.0,FLAT,+0.0,+69.0,1.3,+0.00,0.00,SLOW,4405.50,4406.54,4403.14,4406.23,0.00,0.00,0.0,BEARISH,340.0,4406.19,4406.19,4406.19,4406.19,1,ACTIVE_1s,1.0,0.0,0.0,0.0,0.0,0.0,0.0,PASS_<20%,0.00,0.0,NO,STANDBY_VEL_LOW,1,1321.86,3268.14,132.45,FALSE,M1_DIRECTION_MISMATCH|OPENING_SHIELD_ACTIVE_1s
2026-09-07 19:04:02.312,1788807842.313,4901,2,165,4406.19,4406.27,8.0,PASS_<=10c,+0.0,FLAT,+0.0,+69.0,1.4,+0.00,0.00,SLOW,4405.50,4406.54,4403.14,4406.23,0.00,0.00,0.0,BEARISH,340.0,4406.19,4406.19,4406.19,4406.19,2,ACTIVE_2s,1.0,0.0,0.0,0.0,0.0,0.0,0.0,PASS_<20%,0.00,0.0,NO,STANDBY_VEL_LOW,1,1321.86,3268.14,132.45,FALSE,M1_DIRECTION_MISMATCH|OPENING_SHIELD_ACTIVE_2s
2026-09-07 19:04:02.814,1788807842.814,4902,3,166,4406.19,4406.27,8.0,PASS_<=10c,+0.0,FLAT,+0.0,+69.0,1.5,+0.00,0.00,SLOW,4405.50,4406.54,4403.14,4406.23,0.00,0.00,0.0,BEARISH,340.0,4406.19,4406.19,4406.19,4406.19,2,ACTIVE_2s,1.0,0.0,0.0,0.0,0.0,0.0,0.0,PASS_<20%,0.00,0.0,NO,STANDBY_VEL_LOW,1,1321.86,3268.14,132.45,FALSE,M1_DIRECTION_MISMATCH|OPENING_SHIELD_ACTIVE_2s
2026-09-07 19:04:03.316,1788807843.316,4903,4,167,4406.19,4406.27,8.0,PASS_<=10c,+0.0,FLAT,+0.0,+69.0,1.8,+0.00,0.00,SLOW,4405.50,4406.54,4403.14,4406.23,0.00,0.00,0.0,BEARISH,340.0,4406.19,4406.19,4406.19,4406.19,3,ACTIVE_3s,1.0,0.0,0.0,0.0,0.0,0.0,0.0,PASS_<20%,0.00,0.0,NO,STANDBY_VEL_LOW,1,1321.86,3268.14,132.45,FALSE,M1_DIRECTION_MISMATCH|OPENING_SHIELD_ACTIVE_3s
2026-09-07 19:04:03.818,1788807843.818,4904,5,168,4406.19,4406.27,8.0,PASS_<=10c,+0.0,FLAT,+0.0,+69.0,2.0,+0.00,0.00,SLOW,4405.50,4406.54,4403.14,4406.23,0.00,0.00,0.0,BEARISH,340.0,4406.19,4406.19,4406.19,4406.19,3,ACTIVE_3s,1.0,0.0,0.0,0.0,0.0,0.0,0.0,PASS_<20%,0.00,0.0,NO,STANDBY_VEL_LOW,1,1321.86,3268.14,132.45,FALSE,M1_DIRECTION_MISMATCH|OPENING_SHIELD_ACTIVE_3s
2026-09-07 19:04:04.318,1788807844.319,4905,6,169,4406.19,4406.27,8.0,PASS_<=10c,+0.0,FLAT,+0.0,+69.0,4.7,+0.00,0.00,SLOW,4405.50,4406.54,4403.14,4406.23,0.00,0.00,0.0,BEARISH,340.0,4406.19,4406.19,4406.19,4406.19,4,ACTIVE_4s,1.0,0.0,0.0,0.0,0.0,0.0,0.0,PASS_<20%,0.00,0.0,NO,STANDBY_VEL_LOW,1,1321.86,3268.14,132.45,FALSE,M1_DIRECTION_MISMATCH|OPENING_SHIELD_ACTIVE_4s
2026-09-07 19:04:04.819,1788807844.820,4906,7,170,4406.19,4406.27,8.0,PASS_<=10c,+0.0,FLAT,+0.0,+69.0,4.5,+0.00,0.00,SLOW,4405.50,4406.54,4403.14,4406.23,0.00,0.00,0.0,BEARISH,340.0,4406.19,4406.19,4406.19,4406.19,4,ACTIVE_4s,1.0,0.0,0.0,0.0,0.0,0.0,0.0,PASS_<20%,0.00,0.0,NO,STANDBY_VEL_LOW,1,1321.86,3268.14,132.45,FALSE,M1_DIRECTION_MISMATCH|OPENING_SHIELD_ACTIVE_4s
2026-09-07 19:04:05.320,1788807845.321,4907,8,171,4406.19,4406.27,8.0,PASS_<=10c,+0.0,FLAT,+0.0,+69.0,4.5,+0.00,0.00,SLOW,4405.50,4406.54,4403.14,4406.23,0.00,0.00,0.0,BEARISH,340.0,4406.19,4406.19,4406.19,4406.19,5,ACTIVE_5s,1.0,0.0,0.0,0.0,0.0,0.0,0.0,PASS_<20%,0.00,0.0,NO,STANDBY_VEL_LOW,1,1321.86,3268.14,132.45,FALSE,M1_DIRECTION_MISMATCH|OPENING_SHIELD_ACTIVE_5s
2026-09-07 19:04:05.822,1788807845.823,4908,9,172,4406.19,4406.27,8.0,PASS_<=10c,+0.0,FLAT,+0.0,+69.0,4.4,+0.00,0.00,SLOW,4405.50,4406.54,4403.14,4406.23,0.00,0.00,0.0,BEARISH,340.0,4406.19,4406.19,4406.19,4406.19,5,ACTIVE_5s,1.0,0.0,0.0,0.0,0.0,0.0,0.0,PASS_<20%,0.00,0.0,NO,STANDBY_VEL_LOW,1,1321.86,3268.14,132.45,FALSE,M1_DIRECTION_MISMATCH|OPENING_SHIELD_ACTIVE_5s
2026-09-07 19:04:06.324,1788807846.324,4909,10,173,4406.19,4406.27,8.0,PASS_<=10c,+0.0,FLAT,+0.0,+69.0,4.4,+0.00,0.00,SLOW,4405.50,4406.54,4403.14,4406.23,0.00,0.00,0.0,BEARISH,340.0,4406.19,4406.19,4406.19,4406.19,6,ACTIVE_6s,1.0,0.0,0.0,0.0,0.0,0.0,0.0,PASS_<20%,0.00,0.0,NO,STANDBY_VEL_LOW,1,1321.86,3268.14,132.45,FALSE,M1_DIRECTION_MISMATCH|OPENING_SHIELD_ACTIVE_6s
2026-09-07 19:04:06.825,1788807846.825,4910,11,174,4406.19,4406.27,8.0,PASS_<=10c,+0.0,FLAT,+0.0,+69.0,4.3,+0.00,0.00,SLOW,4405.50,4406.54,4403.14,4406.23,0.00,0.00,0.0,BEARISH,340.0,4406.19,4406.19,4406.19,4406.19,6,ACTIVE_6s,1.0,0.0,0.0,0.0,0.0,0.0,0.0,PASS_<20%,0.00,0.0,NO,STANDBY_VEL_LOW,1,1321.86,3268.14,132.45,FALSE,M1_DIRECTION_MISMATCH|OPENING_SHIELD_ACTIVE_6s
2026-09-07 19:04:07.326,1788807847.326,4911,12,175,4406.19,4406.27,8.0,PASS_<=10c,+0.0,FLAT,+0.0,+69.0,4.2,+0.00,0.00,SLOW,4405.50,4406.54,4403.14,4406.23,0.00,0.00,0.0,BEARISH,340.0,4406.19,4406.19,4406.19,4406.19,7,ACTIVE_7s,1.0,0.0,0.0,0.0,0.0,0.0,0.0,PASS_<20%,0.00,0.0,NO,STANDBY_VEL_LOW,1,1321.86,3268.14,132.45,FALSE,M1_DIRECTION_MISMATCH|OPENING_SHIELD_ACTIVE_7s
2026-09-07 19:04:07.829,1788807847.830,4912,13,176,4406.19,4406.27,8.0,PASS_<=10c,+0.0,FLAT,+0.0,+69.0,4.2,+0.00,0.00,SLOW,4405.50,4406.54,4403.14,4406.23,0.00,0.00,0.0,BEARISH,340.0,4406.19,4406.19,4406.19,4406.19,7,ACTIVE_7s,1.0,0.0,0.0,0.0,0.0,0.0,0.0,PASS_<20%,0.00,0.0,NO,STANDBY_VEL_LOW,1,1321.86,3268.14,132.45,FALSE,M1_DIRECTION_MISMATCH|OPENING_SHIELD_ACTIVE_7s
2026-09-07 19:04:08.329,1788807848.329,4913,14,177,4406.19,4406.27,8.0,PASS_<=10c,+0.0,FLAT,+0.0,+69.0,4.2,+0.00,0.00,SLOW,4405.50,4406.54,4403.14,4406.23,0.00,0.00,0.0,BEARISH,340.0,4406.19,4406.19,4406.19,4406.19,8,ACTIVE_8s,1.0,0.0,0.0,0.0,0.0,0.0,0.0,PASS_<20%,0.00,0.0,NO,STANDBY_VEL_LOW,1,1321.86,3268.14,132.45,FALSE,M1_DIRECTION_MISMATCH|OPENING_SHIELD_ACTIVE_8s
2026-09-07 19:04:08.830,1788807848.830,4914,15,178,4406.19,4406.27,8.0,PASS_<=10c,+0.0,FLAT,+0.0,+69.0,4.2,+0.00,0.00,SLOW,4405.50,4406.54,4403.14,4406.23,0.00,0.00,0.0,BEARISH,340.0,4406.19,4406.19,4406.19,4406.19,8,ACTIVE_8s,1.0,0.0,0.0,0.0,0.0,0.0,0.0,PASS_<20%,0.00,0.0,NO,STANDBY_VEL_LOW,1,1321.86,3268.14,132.45,FALSE,M1_DIRECTION_MISMATCH|OPENING_SHIELD_ACTIVE_8s
2026-09-07 19:04:09.332,1788807849.333,4915,16,179,4406.19,4406.27,8.0,PASS_<=10c,+0.0,FLAT,+0.0,+69.0,4.2,+0.00,0.00,SLOW,4405.50,4406.54,4403.14,4406.23,0.00,0.00,0.0,BEARISH,340.0,4406.19,4406.19,4406.19,4406.19,9,ACTIVE_9s,1.0,0.0,0.0,0.0,0.0,0.0,0.0,PASS_<20%,0.00,0.0,NO,STANDBY_VEL_LOW,1,1321.86,3268.14,132.45,FALSE,M1_DIRECTION_MISMATCH|OPENING_SHIELD_ACTIVE_9s
2026-09-07 19:04:09.833,1788807849.834,4916,17,180,4406.19,4406.27,8.0,PASS_<=10c,+0.0,FLAT,+0.0,+69.0,4.2,+0.00,0.00,SLOW,4405.50,4406.54,4403.14,4406.23,0.00,0.00,0.0,BEARISH,340.0,4406.19,4406.19,4406.19,4406.19,9,ACTIVE_9s,1.0,0.0,0.0,0.0,0.0,0.0,0.0,PASS_<20%,0.00,0.0,NO,STANDBY_VEL_LOW,1,1321.86,3268.14,132.45,FALSE,M1_DIRECTION_MISMATCH|OPENING_SHIELD_ACTIVE_9s
2026-09-07 19:04:20.207,1788807860.207,4917,18,181,4406.19,4406.27,8.0,PASS_<=10c,+0.0,FLAT,+0.0,+69.0,1.3,+0.00,0.00,SLOW,4405.50,4406.54,4403.14,4406.23,0.00,0.00,0.0,BEARISH,340.0,4406.19,4406.19,4406.19,4406.19,20,CLEARED_>=20s,1.0,0.0,0.0,0.0,0.0,0.0,0.0,PASS_<20%,0.00,0.0,NO,STANDBY_VEL_LOW,1,1321.86,3268.14,132.45,FALSE,M1_DIRECTION_MISMATCH
2026-09-07 19:04:27.059,1788807867.060,4918,19,182,4406.19,4406.27,8.0,PASS_<=10c,+0.0,FLAT,+0.0,+69.0,1.3,+0.00,0.00,SLOW,4405.50,4406.54,4403.14,4406.23,0.00,0.00,0.0,BEARISH,340.0,4406.19,4406.19,4406.19,4406.19,27,CLEARED_>=20s,1.0,0.0,0.0,0.0,0.0,0.0,0.0,PASS_<20%,0.00,0.0,NO,STANDBY_VEL_LOW,1,1321.86,3268.14,132.45,FALSE,M1_DIRECTION_MISMATCH
2026-09-07 19:04:27.415,1788807867.416,4919,20,183,4406.19,4406.27,8.0,PASS_<=10c,+0.0,FLAT,+0.0,+69.0,1.9,+0.00,0.00,SLOW,4405.50,4406.54,4403.14,4406.23,0.00,0.00,0.0,BEARISH,340.0,4406.19,4406.19,4406.19,4406.19,27,CLEARED_>=20s,1.0,0.0,0.0,0.0,0.0,0.0,0.0,PASS_<20%,0.00,0.0,NO,STANDBY_VEL_LOW,1,1321.86,3268.14,132.45,FALSE,M1_DIRECTION_MISMATCH
2026-09-07 19:04:27.916,1788807867.917,4920,21,184,4406.19,4406.27,8.0,PASS_<=10c,+0.0,FLAT,+0.0,+69.0,2.3,+0.00,0.00,SLOW,4405.50,4406.54,4403.14,4406.23,0.00,0.00,0.0,BEARISH,340.0,4406.19,4406.19,4406.19,4406.19,27,CLEARED_>=20s,1.0,0.0,0.0,0.0,0.0,0.0,0.0,PASS_<20%,0.00,0.0,NO,STANDBY_VEL_LOW,1,1321.86,3268.14,132.45,FALSE,M1_DIRECTION_MISMATCH
2026-09-07 19:04:28.417,1788807868.418,4921,22,185,4406.19,4406.27,8.0,PASS_<=10c,+0.0,FLAT,+0.0,+69.0,2.6,+0.00,0.00,SLOW,4405.50,4406.54,4403.14,4406.23,0.00,0.00,0.0,BEARISH,340.0,4406.19,4406.19,4406.19,4406.19,28,CLEARED_>=20s,1.0,0.0,0.0,0.0,0.0,0.0,0.0,PASS_<20%,0.00,0.0,NO,STANDBY_VEL_LOW,1,1321.86,3268.14,132.45,FALSE,M1_DIRECTION_MISMATCH
2026-09-07 19:04:28.919,1788807868.919,4922,23,186,4406.19,4406.27,8.0,PASS_<=10c,+0.0,FLAT,+0.0,+69.0,2.8,+0.00,0.00,SLOW,4405.50,4406.54,4403.14,4406.23,0.00,0.00,0.0,BEARISH,340.0,4406.19,4406.19,4406.19,4406.19,28,CLEARED_>=20s,1.0,0.0,0.0,0.0,0.0,0.0,0.0,PASS_<20%,0.00,0.0,NO,STANDBY_VEL_LOW,1,1321.86,3268.14,132.45,FALSE,M1_DIRECTION_MISMATCH
2026-09-07 19:04:29.420,1788807869.420,4923,24,187,4406.19,4406.27,8.0,PASS_<=10c,+0.0,FLAT,+0.0,+69.0,3.0,+0.00,0.00,SLOW,4405.50,4406.54,4403.14,4406.23,0.00,0.00,0.0,BEARISH,340.0,4406.19,4406.19,4406.19,4406.19,29,CLEARED_>=20s,1.0,0.0,0.0,0.0,0.0,0.0,0.0,PASS_<20%,0.00,0.0,NO,STANDBY_VEL_LOW,1,1321.86,3268.14,132.45,FALSE,M1_DIRECTION_MISMATCH
2026-09-07 19:04:29.921,1788807869.921,4924,25,188,4406.19,4406.27,8.0,PASS_<=10c,+0.0,FLAT,+0.0,+69.0,3.1,+0.00,0.00,SLOW,4405.50,4406.54,4403.14,4406.23,0.00,0.00,0.0,BEARISH,340.0,4406.19,4406.19,4406.19,4406.19,29,CLEARED_>=20s,1.0,0.0,0.0,0.0,0.0,0.0,0.0,PASS_<20%,0.00,0.0,NO,STANDBY_VEL_LOW,1,1321.86,3268.14,132.45,FALSE,M1_DIRECTION_MISMATCH
2026-09-07 19:04:30.424,1788807870.424,4925,26,189,4406.19,4406.27,8.0,PASS_<=10c,+0.0,FLAT,+0.0,+69.0,4.5,+0.00,0.00,SLOW,4405.50,4406.54,4403.14,4406.23,0.00,0.00,0.0,BEARISH,340.0,4406.19,4406.19,4406.19,4406.19,30,CLEARED_>=20s,1.0,0.0,0.0,0.0,0.0,0.0,0.0,PASS_<20%,0.00,0.0,NO,STANDBY_VEL_LOW,1,1321.86,3268.14,132.45,FALSE,M1_DIRECTION_MISMATCH
2026-09-07 19:04:30.926,1788807870.926,4926,27,190,4406.19,4406.27,8.0,PASS_<=10c,+0.0,FLAT,+0.0,+69.0,4.4,+0.00,0.00,SLOW,4405.50,4406.54,4403.14,4406.23,0.00,0.00,0.0,BEARISH,340.0,4406.19,4406.19,4406.19,4406.19,30,CLEARED_>=20s,1.0,0.0,0.0,0.0,0.0,0.0,0.0,PASS_<20%,0.00,0.0,NO,STANDBY_VEL_LOW,1,1321.86,3268.14,132.45,FALSE,M1_DIRECTION_MISMATCH
2026-09-07 19:04:31.427,1788807871.427,4927,28,191,4406.19,4406.27,8.0,PASS_<=10c,+0.0,FLAT,+0.0,+69.0,4.4,+0.00,0.00,SLOW,4405.50,4406.54,4403.14,4406.23,0.00,0.00,0.0,BEARISH,340.0,4406.19,4406.19,4406.19,4406.19,31,CLEARED_>=20s,1.0,0.0,0.0,0.0,0.0,0.0,0.0,PASS_<20%,0.00,0.0,NO,STANDBY_VEL_LOW,1,1321.86,3268.14,132.45,FALSE,M1_DIRECTION_MISMATCH
2026-09-07 19:04:31.928,1788807871.929,4928,29,192,4406.19,4406.27,8.0,PASS_<=10c,+0.0,FLAT,+0.0,+69.0,4.3,+0.00,0.00,SLOW,4405.50,4406.54,4403.14,4406.23,0.00,0.00,0.0,BEARISH,340.0,4406.19,4406.19,4406.19,4406.19,31,CLEARED_>=20s,1.0,0.0,0.0,0.0,0.0,0.0,0.0,PASS_<20%,0.00,0.0,NO,STANDBY_VEL_LOW,1,1321.86,3268.14,132.45,FALSE,M1_DIRECTION_MISMATCH
2026-09-07 19:04:32.432,1788807872.432,4929,30,193,4406.19,4406.27,8.0,PASS_<=10c,+0.0,FLAT,+0.0,+69.0,4.2,+0.00,0.00,SLOW,4405.50,4406.54,4403.14,4406.23,0.00,0.00,0.0,BEARISH,340.0,4406.19,4406.19,4406.19,4406.19,32,CLEARED_>=20s,1.0,0.0,0.0,0.0,0.0,0.0,0.0,PASS_<20%,0.00,0.0,NO,STANDBY_VEL_LOW,1,1321.86,3268.14,132.45,FALSE,M1_DIRECTION_MISMATCH
2026-09-07 19:04:32.932,1788807872.932,4930,31,194,4406.19,4406.27,8.0,PASS_<=10c,+0.0,FLAT,+0.0,+69.0,4.2,+0.00,0.00,SLOW,4405.50,4406.54,4403.14,4406.23,0.00,0.00,0.0,BEARISH,340.0,4406.19,4406.19,4406.19,4406.19,32,CLEARED_>=20s,1.0,0.0,0.0,0.0,0.0,0.0,0.0,PASS_<20%,0.00,0.0,NO,STANDBY_VEL_LOW,1,1321.86,3268.14,132.45,FALSE,M1_DIRECTION_MISMATCH
2026-09-07 19:04:33.434,1788807873.434,4931,32,195,4406.19,4406.27,8.0,PASS_<=10c,+0.0,FLAT,+0.0,+69.0,4.2,+0.00,0.00,SLOW,4405.50,4406.54,4403.14,4406.23,0.00,0.00,0.0,BEARISH,340.0,4406.19,4406.19,4406.19,4406.19,33,CLEARED_>=20s,1.0,0.0,0.0,0.0,0.0,0.0,0.0,PASS_<20%,0.00,0.0,NO,STANDBY_VEL_LOW,1,1321.86,3268.14,132.45,FALSE,M1_DIRECTION_MISMATCH
2026-09-07 19:04:33.936,1788807873.936,4932,33,196,4406.19,4406.27,8.0,PASS_<=10c,+0.0,FLAT,+0.0,+69.0,4.2,+0.00,0.00,SLOW,4405.50,4406.54,4403.14,4406.23,0.00,0.00,0.0,BEARISH,340.0,4406.19,4406.19,4406.19,4406.19,33,CLEARED_>=20s,1.0,0.0,0.0,0.0,0.0,0.0,0.0,PASS_<20%,0.00,0.0,NO,STANDBY_VEL_LOW,1,1321.86,3268.14,132.45,FALSE,M1_DIRECTION_MISMATCH
2026-09-07 19:04:34.437,1788807874.438,4933,34,197,4406.19,4406.27,8.0,PASS_<=10c,+0.0,FLAT,+0.0,+69.0,4.2,+0.00,0.00,SLOW,4405.50,4406.54,4403.14,4406.23,0.00,0.00,0.0,BEARISH,340.0,4406.19,4406.19,4406.19,4406.19,34,CLEARED_>=20s,1.0,0.0,0.0,0.0,0.0,0.0,0.0,PASS_<20%,0.00,0.0,NO,STANDBY_VEL_LOW,1,1321.86,3268.14,132.45,FALSE,M1_DIRECTION_MISMATCH
2026-09-07 19:04:34.939,1788807874.940,4934,35,198,4406.19,4406.27,8.0,PASS_<=10c,+0.0,FLAT,+0.0,+69.0,4.2,+0.00,0.00,SLOW,4405.50,4406.54,4403.14,4406.23,0.00,0.00,0.0,BEARISH,340.0,4406.19,4406.19,4406.19,4406.19,34,CLEARED_>=20s,1.0,0.0,0.0,0.0,0.0,0.0,0.0,PASS_<20%,0.00,0.0,NO,STANDBY_VEL_LOW,1,1321.86,3268.14,132.45,FALSE,M1_DIRECTION_MISMATCH
2026-09-07 19:04:45.362,1788807885.362,4935,36,199,4406.19,4406.27,8.0,PASS_<=10c,+0.0,FLAT,+0.0,+69.0,1.3,+0.00,0.00,SLOW,4405.50,4406.54,4403.14,4406.23,0.00,0.00,0.0,BEARISH,340.0,4406.19,4406.19,4406.19,4406.19,45,CLEARED_>=20s,1.0,0.0,0.0,0.0,0.0,0.0,0.0,PASS_<20%,0.00,0.0,NO,STANDBY_VEL_LOW,1,1321.86,3268.14,132.45,FALSE,M1_DIRECTION_MISMATCH
2026-09-07 19:04:52.584,1788807892.585,4936,37,200,4406.19,4406.27,8.0,PASS_<=10c,+0.0,FLAT,+0.0,+69.0,1.3,+0.00,0.00,SLOW,4405.50,4406.54,4403.14,4406.23,0.00,0.00,0.0,BEARISH,340.0,4406.19,4406.19,4406.19,4406.19,52,CLEARED_>=20s,1.0,0.0,0.0,0.0,0.0,0.0,0.0,PASS_<20%,0.00,0.0,NO,STANDBY_VEL_LOW,1,1321.86,3268.14,132.45,FALSE,M1_DIRECTION_MISMATCH
2026-09-07 19:04:52.939,1788807892.940,4937,38,201,4406.19,4406.27,8.0,PASS_<=10c,+0.0,FLAT,+0.0,+69.0,1.6,+0.00,0.00,SLOW,4405.50,4406.54,4403.14,4406.23,0.00,0.00,0.0,BEARISH,340.0,4406.19,4406.19,4406.19,4406.19,52,CLEARED_>=20s,1.0,0.0,0.0,0.0,0.0,0.0,0.0,PASS_<20%,0.00,0.0,NO,STANDBY_VEL_LOW,1,1321.86,3268.14,132.45,FALSE,M1_DIRECTION_MISMATCH
2026-09-07 19:04:53.441,1788807893.442,4938,39,202,4406.19,4406.27,8.0,PASS_<=10c,+0.0,FLAT,+0.0,+69.0,2.0,+0.00,0.00,SLOW,4405.50,4406.54,4403.14,4406.23,0.00,0.00,0.0,BEARISH,340.0,4406.19,4406.19,4406.19,4406.19,53,CLEARED_>=20s,1.0,0.0,0.0,0.0,0.0,0.0,0.0,PASS_<20%,0.00,0.0,NO,STANDBY_VEL_LOW,1,1321.86,3268.14,132.45,FALSE,M1_DIRECTION_MISMATCH
2026-09-07 19:04:53.943,1788807893.944,4939,40,203,4406.19,4406.27,8.0,PASS_<=10c,+0.0,FLAT,+0.0,+69.0,2.3,+0.00,0.00,SLOW,4405.50,4406.54,4403.14,4406.23,0.00,0.00,0.0,BEARISH,340.0,4406.19,4406.19,4406.19,4406.19,53,CLEARED_>=20s,1.0,0.0,0.0,0.0,0.0,0.0,0.0,PASS_<20%,0.00,0.0,NO,STANDBY_VEL_LOW,1,1321.86,3268.14,132.45,FALSE,M1_DIRECTION_MISMATCH
2026-09-07 19:04:54.445,1788807894.446,4940,41,204,4406.19,4406.27,8.0,PASS_<=10c,+0.0,FLAT,+0.0,+69.0,2.5,+0.00,0.00,SLOW,4405.50,4406.54,4403.14,4406.23,0.00,0.00,0.0,BEARISH,340.0,4406.19,4406.19,4406.19,4406.19,54,CLEARED_>=20s,1.0,0.0,0.0,0.0,0.0,0.0,0.0,PASS_<20%,0.00,0.0,NO,STANDBY_VEL_LOW,1,1321.86,3268.14,132.45,FALSE,M1_DIRECTION_MISMATCH
2026-09-07 19:04:54.947,1788807894.947,4941,42,205,4406.19,4406.27,8.0,PASS_<=10c,+0.0,FLAT,+0.0,+69.0,2.7,+0.00,0.00,SLOW,4405.50,4406.54,4403.14,4406.23,0.00,0.00,0.0,BEARISH,340.0,4406.19,4406.19,4406.19,4406.19,54,CLEARED_>=20s,1.0,0.0,0.0,0.0,0.0,0.0,0.0,PASS_<20%,0.00,0.0,NO,STANDBY_VEL_LOW,1,1321.86,3268.14,132.45,FALSE,M1_DIRECTION_MISMATCH
2026-09-07 19:04:55.449,1788807895.450,4942,43,206,4406.19,4406.27,8.0,PASS_<=10c,+0.0,FLAT,+0.0,+69.0,2.8,+0.00,0.00,SLOW,4405.50,4406.54,4403.14,4406.23,0.00,0.00,0.0,BEARISH,340.0,4406.19,4406.19,4406.19,4406.19,55,CLEARED_>=20s,1.0,0.0,0.0,0.0,0.0,0.0,0.0,PASS_<20%,0.00,0.0,NO,STANDBY_VEL_LOW,1,1321.86,3268.14,132.45,FALSE,M1_DIRECTION_MISMATCH
2026-09-07 19:04:55.950,1788807895.951,4943,44,207,4406.19,4406.27,8.0,PASS_<=10c,+0.0,FLAT,+0.0,+69.0,4.5,+0.00,0.00,SLOW,4405.50,4406.54,4403.14,4406.23,0.00,0.00,0.0,BEARISH,340.0,4406.19,4406.19,4406.19,4406.19,55,CLEARED_>=20s,1.0,0.0,0.0,0.0,0.0,0.0,0.0,PASS_<20%,0.00,0.0,NO,STANDBY_VEL_LOW,1,1321.86,3268.14,132.45,FALSE,M1_DIRECTION_MISMATCH
2026-09-07 19:04:56.452,1788807896.453,4944,45,208,4406.19,4406.27,8.0,PASS_<=10c,+0.0,FLAT,+0.0,+69.0,4.4,+0.00,0.00,SLOW,4405.50,4406.54,4403.14,4406.23,0.00,0.00,0.0,BEARISH,340.0,4406.19,4406.19,4406.19,4406.19,56,CLEARED_>=20s,1.0,0.0,0.0,0.0,0.0,0.0,0.0,PASS_<20%,0.00,0.0,NO,STANDBY_VEL_LOW,1,1321.86,3268.14,132.45,FALSE,M1_DIRECTION_MISMATCH
2026-09-07 19:04:56.954,1788807896.954,4945,46,209,4406.19,4406.27,8.0,PASS_<=10c,+0.0,FLAT,+0.0,+69.0,4.3,+0.00,0.00,SLOW,4405.50,4406.54,4403.14,4406.23,0.00,0.00,0.0,BEARISH,340.0,4406.19,4406.19,4406.19,4406.19,56,CLEARED_>=20s,1.0,0.0,0.0,0.0,0.0,0.0,0.0,PASS_<20%,0.00,0.0,NO,STANDBY_VEL_LOW,1,1321.86,3268.14,132.45,FALSE,M1_DIRECTION_MISMATCH
2026-09-07 19:04:57.455,1788807897.456,4946,47,210,4406.19,4406.27,8.0,PASS_<=10c,+0.0,FLAT,+0.0,+69.0,4.3,+0.00,0.00,SLOW,4405.50,4406.54,4403.14,4406.23,0.00,0.00,0.0,BEARISH,340.0,4406.19,4406.19,4406.19,4406.19,57,CLEARED_>=20s,1.0,0.0,0.0,0.0,0.0,0.0,0.0,PASS_<20%,0.00,0.0,NO,STANDBY_VEL_LOW,1,1321.86,3268.14,132.45,FALSE,M1_DIRECTION_MISMATCH
2026-09-07 19:04:57.957,1788807897.957,4947,48,211,4406.19,4406.27,8.0,PASS_<=10c,+0.0,FLAT,+0.0,+69.0,4.2,+0.00,0.00,SLOW,4405.50,4406.54,4403.14,4406.23,0.00,0.00,0.0,BEARISH,340.0,4406.19,4406.19,4406.19,4406.19,57,CLEARED_>=20s,1.0,0.0,0.0,0.0,0.0,0.0,0.0,PASS_<20%,0.00,0.0,NO,STANDBY_VEL_LOW,1,1321.86,3268.14,132.45,FALSE,M1_DIRECTION_MISMATCH
2026-09-07 19:04:58.459,1788807898.460,4948,49,212,4406.19,4406.27,8.0,PASS_<=10c,+0.0,FLAT,+0.0,+69.0,4.2,+0.00,0.00,SLOW,4405.50,4406.54,4403.14,4406.23,0.00,0.00,0.0,BEARISH,340.0,4406.19,4406.19,4406.19,4406.19,58,CLEARED_>=20s,1.0,0.0,0.0,0.0,0.0,0.0,0.0,PASS_<20%,0.00,0.0,NO,STANDBY_VEL_LOW,1,1321.86,3268.14,132.45,FALSE,M1_DIRECTION_MISMATCH
2026-09-07 19:04:58.961,1788807898.961,4949,50,213,4406.19,4406.27,8.0,PASS_<=10c,+0.0,FLAT,+0.0,+69.0,4.2,+0.00,0.00,SLOW,4405.50,4406.54,4403.14,4406.23,0.00,0.00,0.0,BEARISH,340.0,4406.19,4406.19,4406.19,4406.19,58,CLEARED_>=20s,1.0,0.0,0.0,0.0,0.0,0.0,0.0,PASS_<20%,0.00,0.0,NO,STANDBY_VEL_LOW,1,1321.86,3268.14,132.45,FALSE,M1_DIRECTION_MISMATCH
2026-09-07 19:04:59.466,1788807899.467,4950,51,214,4406.19,4406.27,8.0,PASS_<=10c,+0.0,FLAT,+0.0,+69.0,4.2,+0.00,0.00,SLOW,4405.50,4406.54,4403.14,4406.23,0.00,0.00,0.0,BEARISH,340.0,4406.19,4406.19,4406.19,4406.19,59,CLEARED_>=20s,1.0,0.0,0.0,0.0,0.0,0.0,0.0,PASS_<20%,0.00,0.0,NO,STANDBY_VEL_LOW,1,1321.86,3268.14,132.45,FALSE,M1_DIRECTION_MISMATCH
2026-09-07 19:04:59.965,1788807899.965,4951,52,215,4406.19,4406.27,8.0,PASS_<=10c,+0.0,FLAT,+0.0,+69.0,4.2,+0.00,0.00,SLOW,4405.50,4406.54,4403.14,4406.23,0.00,0.00,0.0,BEARISH,340.0,4406.19,4406.19,4406.19,4406.19,59,CLEARED_>=20s,1.0,0.0,0.0,0.0,0.0,0.0,0.0,PASS_<20%,0.00,0.0,NO,STANDBY_VEL_LOW,1,1321.86,3268.14,132.45,FALSE,M1_DIRECTION_MISMATCH
2026-09-07 19:05:00.467,1788807900.467,4952,1,1,4406.19,4406.27,8.0,PASS_<=10c,+0.0,FLAT,+0.0,+0.0,4.2,+0.00,0.00,SLOW,4406.19,4406.19,4406.19,4406.19,0.00,0.00,0.0,BEARISH,0.0,4406.19,4406.19,4406.19,4406.19,0,ACTIVE_0s,1.0,0.0,0.0,0.0,0.0,0.0,0.0,PASS_<20%,0.00,0.0,NO,STANDBY_VEL_LOW,1,1321.86,3268.14,132.45,FALSE,M1_DIRECTION_MISMATCH|OPENING_SHIELD_ACTIVE_0s
2026-09-07 19:05:10.847,1788807910.848,4953,2,2,4406.19,4406.27,8.0,PASS_<=10c,+0.0,FLAT,+0.0,+0.0,1.3,+0.00,0.00,SLOW,4406.19,4406.19,4406.19,4406.19,0.00,0.00,0.0,BEARISH,0.0,4406.19,4406.19,4406.19,4406.19,10,ACTIVE_10s,1.0,0.0,0.0,0.0,0.0,0.0,0.0,PASS_<20%,0.00,0.0,NO,STANDBY_VEL_LOW,1,1321.86,3268.14,132.45,FALSE,M1_DIRECTION_MISMATCH|OPENING_SHIELD_ACTIVE_10s
2026-09-07 19:05:19.476,1788807919.476,4954,3,3,4406.19,4406.27,8.0,PASS_<=10c,+0.0,FLAT,+0.0,+0.0,1.3,+0.00,0.00,SLOW,4406.19,4406.19,4406.19,4406.19,0.00,0.00,0.0,BEARISH,0.0,4406.19,4406.19,4406.19,4406.19,19,ACTIVE_19s,1.0,0.0,0.0,0.0,0.0,0.0,0.0,PASS_<20%,0.00,0.0,NO,STANDBY_VEL_LOW,1,1321.86,3268.14,132.45,FALSE,M1_DIRECTION_MISMATCH|OPENING_SHIELD_ACTIVE_19s
2026-09-07 19:05:19.831,1788807919.831,4955,4,4,4406.19,4406.27,8.0,PASS_<=10c,+0.0,FLAT,+0.0,+0.0,1.3,+0.00,0.00,SLOW,4406.19,4406.19,4406.19,4406.19,0.00,0.00,0.0,BEARISH,0.0,4406.19,4406.19,4406.19,4406.19,19,ACTIVE_19s,1.0,0.0,0.0,0.0,0.0,0.0,0.0,PASS_<20%,0.00,0.0,NO,STANDBY_VEL_LOW,1,1321.86,3268.14,132.45,FALSE,M1_DIRECTION_MISMATCH|OPENING_SHIELD_ACTIVE_19s
2026-09-07 19:05:20.333,1788807920.334,4956,5,5,4406.19,4406.27,8.0,PASS_<=10c,+0.0,FLAT,+0.0,+0.0,1.4,+0.00,0.00,SLOW,4406.19,4406.19,4406.19,4406.19,0.00,0.00,0.0,BEARISH,0.0,4406.19,4406.19,4406.19,4406.19,20,CLEARED_>=20s,1.0,0.0,0.0,0.0,0.0,0.0,0.0,PASS_<20%,0.00,0.0,NO,STANDBY_VEL_LOW,1,1321.86,3268.14,132.45,FALSE,M1_DIRECTION_MISMATCH
2026-09-07 19:05:20.834,1788807920.835,4957,6,6,4406.19,4406.27,8.0,PASS_<=10c,+0.0,FLAT,+0.0,+0.0,1.6,+0.00,0.00,SLOW,4406.19,4406.19,4406.19,4406.19,0.00,0.00,0.0,BEARISH,0.0,4406.19,4406.19,4406.19,4406.19,20,CLEARED_>=20s,1.0,0.0,0.0,0.0,0.0,0.0,0.0,PASS_<20%,0.00,0.0,NO,STANDBY_VEL_LOW,1,1321.86,3268.14,132.45,FALSE,M1_DIRECTION_MISMATCH
2026-09-07 19:05:21.336,1788807921.337,4958,7,7,4406.19,4406.27,8.0,PASS_<=10c,+0.0,FLAT,+0.0,+0.0,4.8,+0.00,0.00,SLOW,4406.19,4406.19,4406.19,4406.19,0.00,0.00,0.0,BEARISH,0.0,4406.19,4406.19,4406.19,4406.19,21,CLEARED_>=20s,1.0,0.0,0.0,0.0,0.0,0.0,0.0,PASS_<20%,0.00,0.0,NO,STANDBY_VEL_LOW,1,1321.86,3268.14,132.45,FALSE,M1_DIRECTION_MISMATCH
2026-09-07 19:05:21.838,1788807921.839,4959,8,8,4406.19,4406.27,8.0,PASS_<=10c,+0.0,FLAT,+0.0,+0.0,4.7,+0.00,0.00,SLOW,4406.19,4406.19,4406.19,4406.19,0.00,0.00,0.0,BEARISH,0.0,4406.19,4406.19,4406.19,4406.19,21,CLEARED_>=20s,1.0,0.0,0.0,0.0,0.0,0.0,0.0,PASS_<20%,0.00,0.0,NO,STANDBY_VEL_LOW,1,1321.86,3268.14,132.45,FALSE,M1_DIRECTION_MISMATCH
2026-09-07 19:05:22.340,1788807922.341,4960,9,9,4406.19,4406.27,8.0,PASS_<=10c,+0.0,FLAT,+0.0,+0.0,4.5,+0.00,0.00,SLOW,4406.19,4406.19,4406.19,4406.19,0.00,0.00,0.0,BEARISH,0.0,4406.19,4406.19,4406.19,4406.19,22,CLEARED_>=20s,1.0,0.0,0.0,0.0,0.0,0.0,0.0,PASS_<20%,0.00,0.0,NO,STANDBY_VEL_LOW,1,1321.86,3268.14,132.45,FALSE,M1_DIRECTION_MISMATCH
2026-09-07 19:05:22.842,1788807922.843,4961,10,10,4406.19,4406.27,8.0,PASS_<=10c,+0.0,FLAT,+0.0,+0.0,4.5,+0.00,0.00,SLOW,4406.19,4406.19,4406.19,4406.19,0.00,0.00,0.0,BEARISH,0.0,4406.19,4406.19,4406.19,4406.19,22,CLEARED_>=20s,1.0,0.0,0.0,0.0,0.0,0.0,0.0,PASS_<20%,0.00,0.0,NO,STANDBY_VEL_LOW,1,1321.86,3268.14,132.45,FALSE,M1_DIRECTION_MISMATCH
2026-09-07 19:05:23.343,1788807923.344,4962,11,11,4406.19,4406.27,8.0,PASS_<=10c,+0.0,FLAT,+0.0,+0.0,4.4,+0.00,0.00,SLOW,4406.19,4406.19,4406.19,4406.19,0.00,0.00,0.0,BEARISH,0.0,4406.19,4406.19,4406.19,4406.19,23,CLEARED_>=20s,1.0,0.0,0.0,0.0,0.0,0.0,0.0,PASS_<20%,0.00,0.0,NO,STANDBY_VEL_LOW,1,1321.86,3268.14,132.45,FALSE,M1_DIRECTION_MISMATCH
2026-09-07 19:05:23.846,1788807923.847,4963,12,12,4406.19,4406.27,8.0,PASS_<=10c,+0.0,FLAT,+0.0,+0.0,4.3,+0.00,0.00,SLOW,4406.19,4406.19,4406.19,4406.19,0.00,0.00,0.0,BEARISH,0.0,4406.19,4406.19,4406.19,4406.19,23,CLEARED_>=20s,1.0,0.0,0.0,0.0,0.0,0.0,0.0,PASS_<20%,0.00,0.0,NO,STANDBY_VEL_LOW,1,1321.86,3268.14,132.45,FALSE,M1_DIRECTION_MISMATCH
2026-09-07 19:05:24.348,1788807924.349,4964,13,13,4406.19,4406.27,8.0,PASS_<=10c,+0.0,FLAT,+0.0,+0.0,4.3,+0.00,0.00,SLOW,4406.19,4406.19,4406.19,4406.19,0.00,0.00,0.0,BEARISH,0.0,4406.19,4406.19,4406.19,4406.19,24,CLEARED_>=20s,1.0,0.0,0.0,0.0,0.0,0.0,0.0,PASS_<20%,0.00,0.0,NO,STANDBY_VEL_LOW,1,1321.86,3268.14,132.45,FALSE,M1_DIRECTION_MISMATCH
2026-09-07 19:05:24.850,1788807924.851,4965,14,14,4406.19,4406.27,8.0,PASS_<=10c,+0.0,FLAT,+0.0,+0.0,4.2,+0.00,0.00,SLOW,4406.19,4406.19,4406.19,4406.19,0.00,0.00,0.0,BEARISH,0.0,4406.19,4406.19,4406.19,4406.19,24,CLEARED_>=20s,1.0,0.0,0.0,0.0,0.0,0.0,0.0,PASS_<20%,0.00,0.0,NO,STANDBY_VEL_LOW,1,1321.86,3268.14,132.45,FALSE,M1_DIRECTION_MISMATCH
2026-09-07 19:05:25.351,1788807925.351,4966,15,15,4406.19,4406.27,8.0,PASS_<=10c,+0.0,FLAT,+0.0,+0.0,4.2,+0.00,0.00,SLOW,4406.19,4406.19,4406.19,4406.19,0.00,0.00,0.0,BEARISH,0.0,4406.19,4406.19,4406.19,4406.19,25,CLEARED_>=20s,1.0,0.0,0.0,0.0,0.0,0.0,0.0,PASS_<20%,0.00,0.0,NO,STANDBY_VEL_LOW,1,1321.86,3268.14,132.45,FALSE,M1_DIRECTION_MISMATCH
2026-09-07 19:05:25.852,1788807925.853,4967,16,16,4406.19,4406.27,8.0,PASS_<=10c,+0.0,FLAT,+0.0,+0.0,4.2,+0.00,0.00,SLOW,4406.19,4406.19,4406.19,4406.19,0.00,0.00,0.0,BEARISH,0.0,4406.19,4406.19,4406.19,4406.19,25,CLEARED_>=20s,1.0,0.0,0.0,0.0,0.0,0.0,0.0,PASS_<20%,0.00,0.0,NO,STANDBY_VEL_LOW,1,1321.86,3268.14,132.45,FALSE,M1_DIRECTION_MISMATCH
2026-09-07 19:05:26.354,1788807926.354,4968,17,17,4406.19,4406.27,8.0,PASS_<=10c,+0.0,FLAT,+0.0,+0.0,4.2,+0.00,0.00,SLOW,4406.19,4406.19,4406.19,4406.19,0.00,0.00,0.0,BEARISH,0.0,4406.19,4406.19,4406.19,4406.19,26,CLEARED_>=20s,1.0,0.0,0.0,0.0,0.0,0.0,0.0,PASS_<20%,0.00,0.0,NO,STANDBY_VEL_LOW,1,1321.86,3268.14,132.45,FALSE,M1_DIRECTION_MISMATCH
2026-09-07 19:05:26.855,1788807926.856,4969,18,18,4406.19,4406.27,8.0,PASS_<=10c,+0.0,FLAT,+0.0,+69.0,4.2,+0.00,0.00,SLOW,4405.50,4406.54,4403.14,4406.23,0.00,0.00,0.0,BEARISH,340.0,4406.19,4406.19,4406.19,4406.19,26,CLEARED_>=20s,1.0,0.0,0.0,0.0,0.0,0.0,0.0,PASS_<20%,0.00,0.0,NO,STANDBY_VEL_LOW,1,1321.86,3268.14,132.45,FALSE,M1_DIRECTION_MISMATCH
2026-09-07 19:05:27.356,1788807927.357,4970,19,19,4406.19,4406.27,8.0,PASS_<=10c,+0.0,FLAT,+0.0,+69.0,4.2,+0.00,0.00,SLOW,4405.50,4406.54,4403.14,4406.23,0.00,0.00,0.0,BEARISH,340.0,4406.19,4406.19,4406.19,4406.19,27,CLEARED_>=20s,1.0,0.0,0.0,0.0,0.0,0.0,0.0,PASS_<20%,0.00,0.0,NO,STANDBY_VEL_LOW,1,1321.86,3268.14,132.45,FALSE,M1_DIRECTION_MISMATCH
2026-09-07 19:05:37.733,1788807937.734,4971,20,20,4406.19,4406.27,8.0,PASS_<=10c,+0.0,FLAT,+0.0,+69.0,1.3,+0.00,0.00,SLOW,4405.50,4406.54,4403.14,4406.23,0.00,0.00,0.0,BEARISH,340.0,4406.19,4406.19,4406.19,4406.19,37,CLEARED_>=20s,1.0,0.0,0.0,0.0,0.0,0.0,0.0,PASS_<20%,0.00,0.0,NO,STANDBY_VEL_LOW,1,1321.86,3268.14,132.45,FALSE,M1_DIRECTION_MISMATCH
2026-09-07 19:05:45.762,1788807945.762,4972,21,21,4406.19,4406.27,8.0,PASS_<=10c,+0.0,FLAT,+0.0,+69.0,1.3,+0.00,0.00,SLOW,4405.50,4406.54,4403.14,4406.23,0.00,0.00,0.0,BEARISH,340.0,4406.19,4406.19,4406.19,4406.19,45,CLEARED_>=20s,1.0,0.0,0.0,0.0,0.0,0.0,0.0,PASS_<20%,0.00,0.0,NO,STANDBY_VEL_LOW,1,1321.86,3268.14,132.45,FALSE,M1_DIRECTION_MISMATCH
2026-09-07 19:05:46.117,1788807946.117,4973,22,22,4406.19,4406.27,8.0,PASS_<=10c,+0.0,FLAT,+0.0,+69.0,1.4,+0.00,0.00,SLOW,4405.50,4406.54,4403.14,4406.23,0.00,0.00,0.0,BEARISH,340.0,4406.19,4406.19,4406.19,4406.19,46,CLEARED_>=20s,1.0,0.0,0.0,0.0,0.0,0.0,0.0,PASS_<20%,0.00,0.0,NO,STANDBY_VEL_LOW,1,1321.86,3268.14,132.45,FALSE,M1_DIRECTION_MISMATCH
2026-09-07 19:05:46.619,1788807946.619,4974,23,23,4406.19,4406.27,8.0,PASS_<=10c,+0.0,FLAT,+0.0,+69.0,1.6,+0.00,0.00,SLOW,4405.50,4406.54,4403.14,4406.23,0.00,0.00,0.0,BEARISH,340.0,4406.19,4406.19,4406.19,4406.19,46,CLEARED_>=20s,1.0,0.0,0.0,0.0,0.0,0.0,0.0,PASS_<20%,0.00,0.0,NO,STANDBY_VEL_LOW,1,1321.86,3268.14,132.45,FALSE,M1_DIRECTION_MISMATCH
2026-09-07 19:05:47.121,1788807947.121,4975,24,24,4406.19,4406.27,8.0,PASS_<=10c,+0.0,FLAT,+0.0,+69.0,1.9,+0.00,0.00,SLOW,4405.50,4406.54,4403.14,4406.23,0.00,0.00,0.0,BEARISH,340.0,4406.19,4406.19,4406.19,4406.19,47,CLEARED_>=20s,1.0,0.0,0.0,0.0,0.0,0.0,0.0,PASS_<20%,0.00,0.0,NO,STANDBY_VEL_LOW,1,1321.86,3268.14,132.45,FALSE,M1_DIRECTION_MISMATCH
2026-09-07 19:05:47.622,1788807947.622,4976,25,25,4406.19,4406.27,8.0,PASS_<=10c,+0.0,FLAT,+0.0,+69.0,2.1,+0.00,0.00,SLOW,4405.50,4406.54,4403.14,4406.23,0.00,0.00,0.0,BEARISH,340.0,4406.19,4406.19,4406.19,4406.19,47,CLEARED_>=20s,1.0,0.0,0.0,0.0,0.0,0.0,0.0,PASS_<20%,0.00,0.0,NO,STANDBY_VEL_LOW,1,1321.86,3268.14,132.45,FALSE,M1_DIRECTION_MISMATCH
2026-09-07 19:05:48.124,1788807948.124,4977,26,26,4406.19,4406.27,8.0,PASS_<=10c,+0.0,FLAT,+0.0,+69.0,4.7,+0.00,0.00,SLOW,4405.50,4406.54,4403.14,4406.23,0.00,0.00,0.0,BEARISH,340.0,4406.19,4406.19,4406.19,4406.19,48,CLEARED_>=20s,1.0,0.0,0.0,0.0,0.0,0.0,0.0,PASS_<20%,0.00,0.0,NO,STANDBY_VEL_LOW,1,1321.86,3268.14,132.45,FALSE,M1_DIRECTION_MISMATCH
2026-09-07 19:05:48.625,1788807948.626,4978,27,27,4406.19,4406.27,8.0,PASS_<=10c,+0.0,FLAT,+0.0,+69.0,4.5,+0.00,0.00,SLOW,4405.50,4406.54,4403.14,4406.23,0.00,0.00,0.0,BEARISH,340.0,4406.19,4406.19,4406.19,4406.19,48,CLEARED_>=20s,1.0,0.0,0.0,0.0,0.0,0.0,0.0,PASS_<20%,0.00,0.0,NO,STANDBY_VEL_LOW,1,1321.86,3268.14,132.45,FALSE,M1_DIRECTION_MISMATCH
2026-09-07 19:05:49.127,1788807949.128,4979,28,28,4406.19,4406.27,8.0,PASS_<=10c,+0.0,FLAT,+0.0,+69.0,4.5,+0.00,0.00,SLOW,4405.50,4406.54,4403.14,4406.23,0.00,0.00,0.0,BEARISH,340.0,4406.19,4406.19,4406.19,4406.19,49,CLEARED_>=20s,1.0,0.0,0.0,0.0,0.0,0.0,0.0,PASS_<20%,0.00,0.0,NO,STANDBY_VEL_LOW,1,1321.86,3268.14,132.45,FALSE,M1_DIRECTION_MISMATCH
2026-09-07 19:05:49.631,1788807949.631,4980,29,29,4406.19,4406.27,8.0,PASS_<=10c,+0.0,FLAT,+0.0,+69.0,4.4,+0.00,0.00,SLOW,4405.50,4406.54,4403.14,4406.23,0.00,0.00,0.0,BEARISH,340.0,4406.19,4406.19,4406.19,4406.19,49,CLEARED_>=20s,1.0,0.0,0.0,0.0,0.0,0.0,0.0,PASS_<20%,0.00,0.0,NO,STANDBY_VEL_LOW,1,1321.86,3268.14,132.45,FALSE,M1_DIRECTION_MISMATCH
2026-09-07 19:05:50.132,1788807950.133,4981,30,30,4406.19,4406.27,8.0,PASS_<=10c,+0.0,FLAT,+0.0,+69.0,4.3,+0.00,0.00,SLOW,4405.50,4406.54,4403.14,4406.23,0.00,0.00,0.0,BEARISH,340.0,4406.19,4406.19,4406.19,4406.19,50,CLEARED_>=20s,1.0,0.0,0.0,0.0,0.0,0.0,0.0,PASS_<20%,0.00,0.0,NO,STANDBY_VEL_LOW,1,1321.86,3268.14,132.45,FALSE,M1_DIRECTION_MISMATCH
2026-09-07 19:05:50.632,1788807950.633,4982,31,31,4406.19,4406.27,8.0,PASS_<=10c,+0.0,FLAT,+0.0,+69.0,4.3,+0.00,0.00,SLOW,4405.50,4406.54,4403.14,4406.23,0.00,0.00,0.0,BEARISH,340.0,4406.19,4406.19,4406.19,4406.19,50,CLEARED_>=20s,1.0,0.0,0.0,0.0,0.0,0.0,0.0,PASS_<20%,0.00,0.0,NO,STANDBY_VEL_LOW,1,1321.86,3268.14,132.45,FALSE,M1_DIRECTION_MISMATCH
2026-09-07 19:05:51.135,1788807951.135,4983,32,32,4406.19,4406.27,8.0,PASS_<=10c,+0.0,FLAT,+0.0,+69.0,4.2,+0.00,0.00,SLOW,4405.50,4406.54,4403.14,4406.23,0.00,0.00,0.0,BEARISH,340.0,4406.19,4406.19,4406.19,4406.19,51,CLEARED_>=20s,1.0,0.0,0.0,0.0,0.0,0.0,0.0,PASS_<20%,0.00,0.0,NO,STANDBY_VEL_LOW,1,1321.86,3268.14,132.45,FALSE,M1_DIRECTION_MISMATCH
2026-09-07 19:05:51.636,1788807951.636,4984,33,33,4406.19,4406.27,8.0,PASS_<=10c,+0.0,FLAT,+0.0,+69.0,4.2,+0.00,0.00,SLOW,4405.50,4406.54,4403.14,4406.23,0.00,0.00,0.0,BEARISH,340.0,4406.19,4406.19,4406.19,4406.19,51,CLEARED_>=20s,1.0,0.0,0.0,0.0,0.0,0.0,0.0,PASS_<20%,0.00,0.0,NO,STANDBY_VEL_LOW,1,1321.86,3268.14,132.45,FALSE,M1_DIRECTION_MISMATCH
2026-09-07 19:05:52.139,1788807952.139,4985,34,34,4406.19,4406.27,8.0,PASS_<=10c,+0.0,FLAT,+0.0,+69.0,4.2,+0.00,0.00,SLOW,4405.50,4406.54,4403.14,4406.23,0.00,0.00,0.0,BEARISH,340.0,4406.19,4406.19,4406.19,4406.19,52,CLEARED_>=20s,1.0,0.0,0.0,0.0,0.0,0.0,0.0,PASS_<20%,0.00,0.0,NO,STANDBY_VEL_LOW,1,1321.86,3268.14,132.45,FALSE,M1_DIRECTION_MISMATCH
2026-09-07 19:05:52.639,1788807952.639,4986,35,35,4406.19,4406.27,8.0,PASS_<=10c,+0.0,FLAT,+0.0,+69.0,4.2,+0.00,0.00,SLOW,4405.50,4406.54,4403.14,4406.23,0.00,0.00,0.0,BEARISH,340.0,4406.19,4406.19,4406.19,4406.19,52,CLEARED_>=20s,1.0,0.0,0.0,0.0,0.0,0.0,0.0,PASS_<20%,0.00,0.0,NO,STANDBY_VEL_LOW,1,1321.86,3268.14,132.45,FALSE,M1_DIRECTION_MISMATCH
2026-09-07 19:05:53.141,1788807953.141,4987,36,36,4406.19,4406.27,8.0,PASS_<=10c,+0.0,FLAT,+0.0,+69.0,4.2,+0.00,0.00,SLOW,4405.50,4406.54,4403.14,4406.23,0.00,0.00,0.0,BEARISH,340.0,4406.19,4406.19,4406.19,4406.19,53,CLEARED_>=20s,1.0,0.0,0.0,0.0,0.0,0.0,0.0,PASS_<20%,0.00,0.0,NO,STANDBY_VEL_LOW,1,1321.86,3268.14,132.45,FALSE,M1_DIRECTION_MISMATCH
2026-09-07 19:05:53.643,1788807953.643,4988,37,37,4406.19,4406.27,8.0,PASS_<=10c,+0.0,FLAT,+0.0,+69.0,4.2,+0.00,0.00,SLOW,4405.50,4406.54,4403.14,4406.23,0.00,0.00,0.0,BEARISH,340.0,4406.19,4406.19,4406.19,4406.19,53,CLEARED_>=20s,1.0,0.0,0.0,0.0,0.0,0.0,0.0,PASS_<20%,0.00,0.0,NO,STANDBY_VEL_LOW,1,1321.86,3268.14,132.45,FALSE,M1_DIRECTION_MISMATCH
2026-09-07 19:05:59.157,1788807959.158,4989,38,38,4406.19,4406.27,8.0,PASS_<=10c,+0.0,FLAT,+0.0,+69.0,1.3,+0.00,0.00,SLOW,4405.50,4406.54,4403.14,4406.23,0.00,0.00,0.0,BEARISH,340.0,4406.19,4406.19,4406.19,4406.19,59,CLEARED_>=20s,1.0,0.0,0.0,0.0,0.0,0.0,0.0,PASS_<20%,0.00,0.0,NO,STANDBY_VEL_LOW,1,1321.86,3268.14,132.45,FALSE,M1_DIRECTION_MISMATCH
2026-09-07 19:06:09.400,1788807969.401,4990,1,39,4406.19,4406.27,8.0,PASS_<=10c,+0.0,FLAT,+0.0,+69.0,1.3,+0.00,0.00,SLOW,4405.50,4406.54,4403.14,4406.23,0.00,0.00,0.0,BEARISH,340.0,4406.19,4406.19,4406.19,4406.19,9,ACTIVE_9s,1.0,0.0,0.0,0.0,0.0,0.0,0.0,PASS_<20%,0.00,0.0,NO,STANDBY_VEL_LOW,1,1321.86,3268.14,132.45,FALSE,M1_DIRECTION_MISMATCH|OPENING_SHIELD_ACTIVE_9s
2026-09-07 19:06:10.006,1788807970.006,4991,2,40,4406.19,4406.27,8.0,PASS_<=10c,+0.0,FLAT,+0.0,+69.0,3.0,+0.00,0.00,SLOW,4405.50,4406.54,4403.14,4406.23,0.00,0.00,0.0,BEARISH,340.0,4406.19,4406.19,4406.19,4406.19,10,ACTIVE_10s,1.0,0.0,0.0,0.0,0.0,0.0,0.0,PASS_<20%,0.00,0.0,NO,STANDBY_VEL_LOW,1,1321.86,3268.14,132.45,FALSE,M1_DIRECTION_MISMATCH|OPENING_SHIELD_ACTIVE_10s
2026-09-07 19:06:10.507,1788807970.508,4992,3,41,4406.19,4406.27,8.0,PASS_<=10c,+0.0,FLAT,+0.0,+69.0,4.5,+0.00,0.00,SLOW,4405.50,4406.54,4403.14,4406.23,0.00,0.00,0.0,BEARISH,340.0,4406.19,4406.19,4406.19,4406.19,10,ACTIVE_10s,1.0,0.0,0.0,0.0,0.0,0.0,0.0,PASS_<20%,0.00,0.0,NO,STANDBY_VEL_LOW,1,1321.86,3268.14,132.45,FALSE,M1_DIRECTION_MISMATCH|OPENING_SHIELD_ACTIVE_10s
2026-09-07 19:06:11.009,1788807971.010,4993,4,42,4406.19,4406.27,8.0,PASS_<=10c,+0.0,FLAT,+0.0,+69.0,4.3,+0.00,0.00,SLOW,4405.50,4406.54,4403.14,4406.23,0.00,0.00,0.0,BEARISH,340.0,4406.19,4406.19,4406.19,4406.19,11,ACTIVE_11s,1.0,0.0,0.0,0.0,0.0,0.0,0.0,PASS_<20%,0.00,0.0,NO,STANDBY_VEL_LOW,1,1321.86,3268.14,132.45,FALSE,M1_DIRECTION_MISMATCH|OPENING_SHIELD_ACTIVE_11s
2026-09-07 19:06:11.511,1788807971.512,4994,5,43,4406.19,4406.27,8.0,PASS_<=10c,+0.0,FLAT,+0.0,+69.0,4.3,+0.00,0.00,SLOW,4405.50,4406.54,4403.14,4406.23,0.00,0.00,0.0,BEARISH,340.0,4406.19,4406.19,4406.19,4406.19,11,ACTIVE_11s,1.0,0.0,0.0,0.0,0.0,0.0,0.0,PASS_<20%,0.00,0.0,NO,STANDBY_VEL_LOW,1,1321.86,3268.14,132.45,FALSE,M1_DIRECTION_MISMATCH|OPENING_SHIELD_ACTIVE_11s
2026-09-07 19:06:12.012,1788807972.013,4995,6,44,4406.19,4406.27,8.0,PASS_<=10c,+0.0,FLAT,+0.0,+69.0,4.2,+0.00,0.00,SLOW,4405.50,4406.54,4403.14,4406.23,0.00,0.00,0.0,BEARISH,340.0,4406.19,4406.19,4406.19,4406.19,12,ACTIVE_12s,1.0,0.0,0.0,0.0,0.0,0.0,0.0,PASS_<20%,0.00,0.0,NO,STANDBY_VEL_LOW,1,1321.86,3268.14,132.45,FALSE,M1_DIRECTION_MISMATCH|OPENING_SHIELD_ACTIVE_12s
2026-09-07 19:06:12.514,1788807972.515,4996,7,45,4406.19,4406.27,8.0,PASS_<=10c,+0.0,FLAT,+0.0,+69.0,4.2,+0.00,0.00,SLOW,4405.50,4406.54,4403.14,4406.23,0.00,0.00,0.0,BEARISH,340.0,4406.19,4406.19,4406.19,4406.19,12,ACTIVE_12s,1.0,0.0,0.0,0.0,0.0,0.0,0.0,PASS_<20%,0.00,0.0,NO,STANDBY_VEL_LOW,1,1321.86,3268.14,132.45,FALSE,M1_DIRECTION_MISMATCH|OPENING_SHIELD_ACTIVE_12s
2026-09-07 19:06:13.015,1788807973.015,4997,8,46,4406.19,4406.27,8.0,PASS_<=10c,+0.0,FLAT,+0.0,+69.0,4.1,+0.00,0.00,SLOW,4405.50,4406.54,4403.14,4406.23,0.00,0.00,0.0,BEARISH,340.0,4406.19,4406.19,4406.19,4406.19,13,ACTIVE_13s,1.0,0.0,0.0,0.0,0.0,0.0,0.0,PASS_<20%,0.00,0.0,NO,STANDBY_VEL_LOW,1,1321.86,3268.14,132.45,FALSE,M1_DIRECTION_MISMATCH|OPENING_SHIELD_ACTIVE_13s
2026-09-07 19:06:13.516,1788807973.516,4998,9,47,4406.19,4406.27,8.0,PASS_<=10c,+0.0,FLAT,+0.0,+69.0,4.1,+0.00,0.00,SLOW,4405.50,4406.54,4403.14,4406.23,0.00,0.00,0.0,BEARISH,340.0,4406.19,4406.19,4406.19,4406.19,13,ACTIVE_13s,1.0,0.0,0.0,0.0,0.0,0.0,0.0,PASS_<20%,0.00,0.0,NO,STANDBY_VEL_LOW,1,1321.86,3268.14,132.45,FALSE,M1_DIRECTION_MISMATCH|OPENING_SHIELD_ACTIVE_13s
2026-09-07 19:06:14.017,1788807974.018,4999,10,48,4406.19,4406.27,8.0,PASS_<=10c,+0.0,FLAT,+0.0,+69.0,4.1,+0.00,0.00,SLOW,4405.50,4406.54,4403.14,4406.23,0.00,0.00,0.0,BEARISH,340.0,4406.19,4406.19,4406.19,4406.19,14,ACTIVE_14s,1.0,0.0,0.0,0.0,0.0,0.0,0.0,PASS_<20%,0.00,0.0,NO,STANDBY_VEL_LOW,1,1321.86,3268.14,132.45,FALSE,M1_DIRECTION_MISMATCH|OPENING_SHIELD_ACTIVE_14s
2026-09-07 19:06:14.519,1788807974.520,5000,11,49,4406.19,4406.27,8.0,PASS_<=10c,+0.0,FLAT,+0.0,+69.0,4.3,+0.00,0.00,SLOW,4405.50,4406.54,4403.14,4406.23,0.00,0.00,0.0,BEARISH,340.0,4406.19,4406.19,4406.19,4406.19,14,ACTIVE_14s,1.0,0.0,0.0,0.0,0.0,0.0,0.0,PASS_<20%,0.00,0.0,NO,STANDBY_VEL_LOW,1,1321.86,3268.14,132.45,FALSE,M1_DIRECTION_MISMATCH|OPENING_SHIELD_ACTIVE_14s
2026-09-07 19:06:15.050,1788807975.050,5001,12,50,4406.19,4406.27,8.0,PASS_<=10c,+0.0,FLAT,+0.0,+69.0,4.2,+0.00,0.00,SLOW,4405.50,4406.54,4403.14,4406.23,0.00,0.00,0.0,BEARISH,340.0,4406.19,4406.19,4406.19,4406.19,15,ACTIVE_15s,1.0,0.0,0.0,0.0,0.0,0.0,0.0,PASS_<20%,0.00,0.0,NO,STANDBY_VEL_LOW,1,1321.86,3268.14,132.45,FALSE,M1_DIRECTION_MISMATCH|OPENING_SHIELD_ACTIVE_15s
2026-09-07 19:06:15.527,1788807975.528,5002,13,51,4406.19,4406.27,8.0,PASS_<=10c,+0.0,FLAT,+0.0,+69.0,4.2,+0.00,0.00,SLOW,4405.50,4406.54,4403.14,4406.23,0.00,0.00,0.0,BEARISH,340.0,4406.19,4406.19,4406.19,4406.19,15,ACTIVE_15s,1.0,0.0,0.0,0.0,0.0,0.0,0.0,PASS_<20%,0.00,0.0,NO,STANDBY_VEL_LOW,1,1321.86,3268.14,132.45,FALSE,M1_DIRECTION_MISMATCH|OPENING_SHIELD_ACTIVE_15s
2026-09-07 19:06:16.027,1788807976.028,5003,14,52,4406.19,4406.27,8.0,PASS_<=10c,+0.0,FLAT,+0.0,+69.0,4.2,+0.00,0.00,SLOW,4405.50,4406.54,4403.14,4406.23,0.00,0.00,0.0,BEARISH,340.0,4406.19,4406.19,4406.19,4406.19,16,ACTIVE_16s,1.0,0.0,0.0,0.0,0.0,0.0,0.0,PASS_<20%,0.00,0.0,NO,STANDBY_VEL_LOW,1,1321.86,3268.14,132.45,FALSE,M1_DIRECTION_MISMATCH|OPENING_SHIELD_ACTIVE_16s
2026-09-07 19:06:16.528,1788807976.529,5004,15,53,4406.19,4406.27,8.0,PASS_<=10c,+0.0,FLAT,+0.0,+69.0,4.2,+0.00,0.00,SLOW,4405.50,4406.54,4403.14,4406.23,0.00,0.00,0.0,BEARISH,340.0,4406.19,4406.19,4406.19,4406.19,16,ACTIVE_16s,1.0,0.0,0.0,0.0,0.0,0.0,0.0,PASS_<20%,0.00,0.0,NO,STANDBY_VEL_LOW,1,1321.86,3268.14,132.45,FALSE,M1_DIRECTION_MISMATCH|OPENING_SHIELD_ACTIVE_16s
2026-09-07 19:06:17.030,1788807977.031,5005,16,54,4406.19,4406.27,8.0,PASS_<=10c,+0.0,FLAT,+0.0,+69.0,4.2,+0.00,0.00,SLOW,4405.50,4406.54,4403.14,4406.23,0.00,0.00,0.0,BEARISH,340.0,4406.19,4406.19,4406.19,4406.19,17,ACTIVE_17s,1.0,0.0,0.0,0.0,0.0,0.0,0.0,PASS_<20%,0.00,0.0,NO,STANDBY_VEL_LOW,1,1321.86,3268.14,132.45,FALSE,M1_DIRECTION_MISMATCH|OPENING_SHIELD_ACTIVE_17s
2026-09-07 19:06:17.532,1788807977.532,5006,17,55,4406.19,4406.27,8.0,PASS_<=10c,+0.0,FLAT,+0.0,+69.0,4.2,+0.00,0.00,SLOW,4405.50,4406.54,4403.14,4406.23,0.00,0.00,0.0,BEARISH,340.0,4406.19,4406.19,4406.19,4406.19,17,ACTIVE_17s,1.0,0.0,0.0,0.0,0.0,0.0,0.0,PASS_<20%,0.00,0.0,NO,STANDBY_VEL_LOW,1,1321.86,3268.14,132.45,FALSE,M1_DIRECTION_MISMATCH|OPENING_SHIELD_ACTIVE_17s
2026-09-07 19:06:23.047,1788807983.048,5007,18,56,4406.19,4406.27,8.0,PASS_<=10c,+0.0,FLAT,+0.0,+69.0,1.5,+0.00,0.00,SLOW,4405.50,4406.54,4403.14,4406.23,0.00,0.00,0.0,BEARISH,340.0,4406.19,4406.19,4406.19,4406.19,23,CLEARED_>=20s,1.0,0.0,0.0,0.0,0.0,0.0,0.0,PASS_<20%,0.00,0.0,NO,STANDBY_VEL_LOW,1,1321.86,3268.14,132.45,FALSE,M1_DIRECTION_MISMATCH
2026-09-07 19:06:33.274,1788807993.275,5008,19,57,4406.19,4406.27,8.0,PASS_<=10c,+0.0,FLAT,+0.0,+69.0,1.4,+0.00,0.00,SLOW,4405.50,4406.54,4403.14,4406.23,0.00,0.00,0.0,BEARISH,340.0,4406.19,4406.19,4406.19,4406.19,33,CLEARED_>=20s,1.0,0.0,0.0,0.0,0.0,0.0,0.0,PASS_<20%,0.00,0.0,NO,STANDBY_VEL_LOW,1,1321.86,3268.14,132.45,FALSE,M1_DIRECTION_MISMATCH
2026-09-07 19:06:35.106,1788807995.107,5009,20,58,4406.19,4406.27,8.0,PASS_<=10c,+0.0,FLAT,+0.0,+69.0,1.6,+0.00,0.00,SLOW,4405.50,4406.54,4403.14,4406.23,0.00,0.00,0.0,BEARISH,340.0,4406.19,4406.19,4406.19,4406.19,35,CLEARED_>=20s,1.0,0.0,0.0,0.0,0.0,0.0,0.0,PASS_<20%,0.00,0.0,NO,STANDBY_VEL_LOW,1,1321.86,3268.14,132.45,FALSE,M1_DIRECTION_MISMATCH
2026-09-07 19:06:35.607,1788807995.608,5010,21,59,4406.19,4406.27,8.0,PASS_<=10c,+0.0,FLAT,+0.0,+69.0,2.1,+0.00,0.00,SLOW,4405.50,4406.54,4403.14,4406.23,0.00,0.00,0.0,BEARISH,340.0,4406.19,4406.19,4406.19,4406.19,35,CLEARED_>=20s,1.0,0.0,0.0,0.0,0.0,0.0,0.0,PASS_<20%,0.00,0.0,NO,STANDBY_VEL_LOW,1,1321.86,3268.14,132.45,FALSE,M1_DIRECTION_MISMATCH
2026-09-07 19:06:36.109,1788807996.110,5011,22,60,4406.19,4406.27,8.0,PASS_<=10c,+0.0,FLAT,+0.0,+69.0,2.5,+0.00,0.00,SLOW,4405.50,4406.54,4403.14,4406.23,0.00,0.00,0.0,BEARISH,340.0,4406.19,4406.19,4406.19,4406.19,36,CLEARED_>=20s,1.0,0.0,0.0,0.0,0.0,0.0,0.0,PASS_<20%,0.00,0.0,NO,STANDBY_VEL_LOW,1,1321.86,3268.14,132.45,FALSE,M1_DIRECTION_MISMATCH
2026-09-07 19:06:36.610,1788807996.611,5012,23,61,4406.19,4406.27,8.0,PASS_<=10c,+0.0,FLAT,+0.0,+69.0,2.7,+0.00,0.00,SLOW,4405.50,4406.54,4403.14,4406.23,0.00,0.00,0.0,BEARISH,340.0,4406.19,4406.19,4406.19,4406.19,36,CLEARED_>=20s,1.0,0.0,0.0,0.0,0.0,0.0,0.0,PASS_<20%,0.00,0.0,NO,STANDBY_VEL_LOW,1,1321.86,3268.14,132.45,FALSE,M1_DIRECTION_MISMATCH
2026-09-07 19:06:37.112,1788807997.113,5013,24,62,4406.19,4406.27,8.0,PASS_<=10c,+0.0,FLAT,+0.0,+69.0,2.9,+0.00,0.00,SLOW,4405.50,4406.54,4403.14,4406.23,0.00,0.00,0.0,BEARISH,340.0,4406.19,4406.19,4406.19,4406.19,37,CLEARED_>=20s,1.0,0.0,0.0,0.0,0.0,0.0,0.0,PASS_<20%,0.00,0.0,NO,STANDBY_VEL_LOW,1,1321.86,3268.14,132.45,FALSE,M1_DIRECTION_MISMATCH
2026-09-07 19:06:37.615,1788807997.615,5014,25,63,4406.19,4406.27,8.0,PASS_<=10c,+0.0,FLAT,+0.0,+69.0,3.0,+0.00,0.00,SLOW,4405.50,4406.54,4403.14,4406.23,0.00,0.00,0.0,BEARISH,340.0,4406.19,4406.19,4406.19,4406.19,37,CLEARED_>=20s,1.0,0.0,0.0,0.0,0.0,0.0,0.0,PASS_<20%,0.00,0.0,NO,STANDBY_VEL_LOW,1,1321.86,3268.14,132.45,FALSE,M1_DIRECTION_MISMATCH
2026-09-07 19:06:38.116,1788807998.117,5015,26,64,4406.19,4406.27,8.0,PASS_<=10c,+0.0,FLAT,+0.0,+69.0,3.1,+0.00,0.00,SLOW,4405.50,4406.54,4403.14,4406.23,0.00,0.00,0.0,BEARISH,340.0,4406.19,4406.19,4406.19,4406.19,38,CLEARED_>=20s,1.0,0.0,0.0,0.0,0.0,0.0,0.0,PASS_<20%,0.00,0.0,NO,STANDBY_VEL_LOW,1,1321.86,3268.14,132.45,FALSE,M1_DIRECTION_MISMATCH
2026-09-07 19:06:38.618,1788807998.618,5016,27,65,4406.19,4406.27,8.0,PASS_<=10c,+0.0,FLAT,+0.0,+69.0,4.4,+0.00,0.00,SLOW,4405.50,4406.54,4403.14,4406.23,0.00,0.00,0.0,BEARISH,340.0,4406.19,4406.19,4406.19,4406.19,38,CLEARED_>=20s,1.0,0.0,0.0,0.0,0.0,0.0,0.0,PASS_<20%,0.00,0.0,NO,STANDBY_VEL_LOW,1,1321.86,3268.14,132.45,FALSE,M1_DIRECTION_MISMATCH
2026-09-07 19:06:39.119,1788807999.120,5017,28,66,4406.19,4406.27,8.0,PASS_<=10c,+0.0,FLAT,+0.0,+69.0,4.4,+0.00,0.00,SLOW,4405.50,4406.54,4403.14,4406.23,0.00,0.00,0.0,BEARISH,340.0,4406.19,4406.19,4406.19,4406.19,39,CLEARED_>=20s,1.0,0.0,0.0,0.0,0.0,0.0,0.0,PASS_<20%,0.00,0.0,NO,STANDBY_VEL_LOW,1,1321.86,3268.14,132.45,FALSE,M1_DIRECTION_MISMATCH
2026-09-07 19:06:39.621,1788807999.622,5018,29,67,4406.19,4406.27,8.0,PASS_<=10c,+0.0,FLAT,+0.0,+69.0,4.3,+0.00,0.00,SLOW,4405.50,4406.54,4403.14,4406.23,0.00,0.00,0.0,BEARISH,340.0,4406.19,4406.19,4406.19,4406.19,39,CLEARED_>=20s,1.0,0.0,0.0,0.0,0.0,0.0,0.0,PASS_<20%,0.00,0.0,NO,STANDBY_VEL_LOW,1,1321.86,3268.14,132.45,FALSE,M1_DIRECTION_MISMATCH
2026-09-07 19:06:40.122,1788808000.123,5019,30,68,4406.19,4406.27,8.0,PASS_<=10c,+0.0,FLAT,+0.0,+69.0,4.2,+0.00,0.00,SLOW,4405.50,4406.54,4403.14,4406.23,0.00,0.00,0.0,BEARISH,340.0,4406.19,4406.19,4406.19,4406.19,40,CLEARED_>=20s,1.0,0.0,0.0,0.0,0.0,0.0,0.0,PASS_<20%,0.00,0.0,NO,STANDBY_VEL_LOW,1,1321.86,3268.14,132.45,FALSE,M1_DIRECTION_MISMATCH
2026-09-07 19:06:40.625,1788808000.625,5020,31,69,4406.19,4406.27,8.0,PASS_<=10c,+0.0,FLAT,+0.0,+69.0,4.2,+0.00,0.00,SLOW,4405.50,4406.54,4403.14,4406.23,0.00,0.00,0.0,BEARISH,340.0,4406.19,4406.19,4406.19,4406.19,40,CLEARED_>=20s,1.0,0.0,0.0,0.0,0.0,0.0,0.0,PASS_<20%,0.00,0.0,NO,STANDBY_VEL_LOW,1,1321.86,3268.14,132.45,FALSE,M1_DIRECTION_MISMATCH
2026-09-07 19:06:41.127,1788808001.128,5021,32,70,4406.19,4406.27,8.0,PASS_<=10c,+0.0,FLAT,+0.0,+69.0,4.2,+0.00,0.00,SLOW,4405.50,4406.54,4403.14,4406.23,0.00,0.00,0.0,BEARISH,340.0,4406.19,4406.19,4406.19,4406.19,41,CLEARED_>=20s,1.0,0.0,0.0,0.0,0.0,0.0,0.0,PASS_<20%,0.00,0.0,NO,STANDBY_VEL_LOW,1,1321.86,3268.14,132.45,FALSE,M1_DIRECTION_MISMATCH
2026-09-07 19:06:41.629,1788808001.629,5022,33,71,4406.19,4406.27,8.0,PASS_<=10c,+0.0,FLAT,+0.0,+69.0,4.2,+0.00,0.00,SLOW,4405.50,4406.54,4403.14,4406.23,0.00,0.00,0.0,BEARISH,340.0,4406.19,4406.19,4406.19,4406.19,41,CLEARED_>=20s,1.0,0.0,0.0,0.0,0.0,0.0,0.0,PASS_<20%,0.00,0.0,NO,STANDBY_VEL_LOW,1,1321.86,3268.14,132.45,FALSE,M1_DIRECTION_MISMATCH
2026-09-07 19:06:42.130,1788808002.130,5023,34,72,4406.19,4406.27,8.0,PASS_<=10c,+0.0,FLAT,+0.0,+69.0,4.2,+0.00,0.00,SLOW,4405.50,4406.54,4403.14,4406.23,0.00,0.00,0.0,BEARISH,340.0,4406.19,4406.19,4406.19,4406.19,42,CLEARED_>=20s,1.0,0.0,0.0,0.0,0.0,0.0,0.0,PASS_<20%,0.00,0.0,NO,STANDBY_VEL_LOW,1,1321.86,3268.14,132.45,FALSE,M1_DIRECTION_MISMATCH
2026-09-07 19:06:42.631,1788808002.631,5024,35,73,4406.19,4406.27,8.0,PASS_<=10c,+0.0,FLAT,+0.0,+69.0,4.2,+0.00,0.00,SLOW,4405.50,4406.54,4403.14,4406.23,0.00,0.00,0.0,BEARISH,340.0,4406.19,4406.19,4406.19,4406.19,42,CLEARED_>=20s,1.0,0.0,0.0,0.0,0.0,0.0,0.0,PASS_<20%,0.00,0.0,NO,STANDBY_VEL_LOW,1,1321.86,3268.14,132.45,FALSE,M1_DIRECTION_MISMATCH
2026-09-07 19:06:48.144,1788808008.145,5025,36,74,4406.19,4406.27,8.0,PASS_<=10c,+0.0,FLAT,+0.0,+69.0,1.6,+0.00,0.00,SLOW,4405.50,4406.54,4403.14,4406.23,0.00,0.00,0.0,BEARISH,340.0,4406.19,4406.19,4406.19,4406.19,48,CLEARED_>=20s,1.0,0.0,0.0,0.0,0.0,0.0,0.0,PASS_<20%,0.00,0.0,NO,STANDBY_VEL_LOW,1,1321.86,3268.14,132.45,FALSE,M1_DIRECTION_MISMATCH
2026-09-07 19:06:58.375,1788808018.375,5026,37,75,4406.19,4406.27,8.0,PASS_<=10c,+0.0,FLAT,+0.0,+69.0,1.3,+0.00,0.00,SLOW,4405.50,4406.54,4403.14,4406.23,0.00,0.00,0.0,BEARISH,340.0,4406.19,4406.19,4406.19,4406.19,58,CLEARED_>=20s,1.0,0.0,0.0,0.0,0.0,0.0,0.0,PASS_<20%,0.00,0.0,NO,STANDBY_VEL_LOW,1,1321.86,3268.14,132.45,FALSE,M1_DIRECTION_MISMATCH
2026-09-07 19:07:00.182,1788808020.183,5027,1,76,4406.19,4406.27,8.0,PASS_<=10c,+0.0,FLAT,+0.0,+69.0,1.7,+0.00,0.00,SLOW,4405.50,4406.54,4403.14,4406.23,0.00,0.00,0.0,BEARISH,340.0,4406.19,4406.19,4406.19,4406.19,0,ACTIVE_0s,1.0,0.0,0.0,0.0,0.0,0.0,0.0,PASS_<20%,0.00,0.0,NO,STANDBY_VEL_LOW,1,1321.86,3268.14,132.45,FALSE,M1_DIRECTION_MISMATCH|OPENING_SHIELD_ACTIVE_0s
2026-09-07 19:07:00.684,1788808020.684,5028,2,77,4406.19,4406.27,8.0,PASS_<=10c,+0.0,FLAT,+0.0,+69.0,2.2,+0.00,0.00,SLOW,4405.50,4406.54,4403.14,4406.23,0.00,0.00,0.0,BEARISH,340.0,4406.19,4406.19,4406.19,4406.19,0,ACTIVE_0s,1.0,0.0,0.0,0.0,0.0,0.0,0.0,PASS_<20%,0.00,0.0,NO,STANDBY_VEL_LOW,1,1321.86,3268.14,132.45,FALSE,M1_DIRECTION_MISMATCH|OPENING_SHIELD_ACTIVE_0s
2026-09-07 19:07:01.186,1788808021.186,5029,3,78,4406.19,4406.27,8.0,PASS_<=10c,+0.0,FLAT,+0.0,+69.0,2.5,+0.00,0.00,SLOW,4405.50,4406.54,4403.14,4406.23,0.00,0.00,0.0,BEARISH,340.0,4406.19,4406.19,4406.19,4406.19,1,ACTIVE_1s,1.0,0.0,0.0,0.0,0.0,0.0,0.0,PASS_<20%,0.00,0.0,NO,STANDBY_VEL_LOW,1,1321.86,3268.14,132.45,FALSE,M1_DIRECTION_MISMATCH|OPENING_SHIELD_ACTIVE_1s
2026-09-07 19:07:01.687,1788808021.688,5030,4,79,4406.19,4406.27,8.0,PASS_<=10c,+0.0,FLAT,+0.0,+69.0,2.7,+0.00,0.00,SLOW,4405.50,4406.54,4403.14,4406.23,0.00,0.00,0.0,BEARISH,340.0,4406.19,4406.19,4406.19,4406.19,1,ACTIVE_1s,1.0,0.0,0.0,0.0,0.0,0.0,0.0,PASS_<20%,0.00,0.0,NO,STANDBY_VEL_LOW,1,1321.86,3268.14,132.45,FALSE,M1_DIRECTION_MISMATCH|OPENING_SHIELD_ACTIVE_1s
2026-09-07 19:07:02.188,1788808022.189,5031,5,80,4406.19,4406.27,8.0,PASS_<=10c,+0.0,FLAT,+0.0,+69.0,2.9,+0.00,0.00,SLOW,4405.50,4406.54,4403.14,4406.23,0.00,0.00,0.0,BEARISH,340.0,4406.19,4406.19,4406.19,4406.19,2,ACTIVE_2s,1.0,0.0,0.0,0.0,0.0,0.0,0.0,PASS_<20%,0.00,0.0,NO,STANDBY_VEL_LOW,1,1321.86,3268.14,132.45,FALSE,M1_DIRECTION_MISMATCH|OPENING_SHIELD_ACTIVE_2s
2026-09-07 19:07:02.690,1788808022.690,5032,6,81,4406.19,4406.27,8.0,PASS_<=10c,+0.0,FLAT,+0.0,+69.0,3.0,+0.00,0.00,SLOW,4405.50,4406.54,4403.14,4406.23,0.00,0.00,0.0,BEARISH,340.0,4406.19,4406.19,4406.19,4406.19,2,ACTIVE_2s,1.0,0.0,0.0,0.0,0.0,0.0,0.0,PASS_<20%,0.00,0.0,NO,STANDBY_VEL_LOW,1,1321.86,3268.14,132.45,FALSE,M1_DIRECTION_MISMATCH|OPENING_SHIELD_ACTIVE_2s
2026-09-07 19:07:03.192,1788808023.192,5033,7,82,4406.19,4406.27,8.0,PASS_<=10c,+0.0,FLAT,+0.0,+69.0,3.1,+0.00,0.00,SLOW,4405.50,4406.54,4403.14,4406.23,0.00,0.00,0.0,BEARISH,340.0,4406.19,4406.19,4406.19,4406.19,3,ACTIVE_3s,1.0,0.0,0.0,0.0,0.0,0.0,0.0,PASS_<20%,0.00,0.0,NO,STANDBY_VEL_LOW,1,1321.86,3268.14,132.45,FALSE,M1_DIRECTION_MISMATCH|OPENING_SHIELD_ACTIVE_3s
2026-09-07 19:07:03.694,1788808023.694,5034,8,83,4406.19,4406.27,8.0,PASS_<=10c,+0.0,FLAT,+0.0,+69.0,4.4,+0.00,0.00,SLOW,4405.50,4406.54,4403.14,4406.23,0.00,0.00,0.0,BEARISH,340.0,4406.19,4406.19,4406.19,4406.19,3,ACTIVE_3s,1.0,0.0,0.0,0.0,0.0,0.0,0.0,PASS_<20%,0.00,0.0,NO,STANDBY_VEL_LOW,1,1321.86,3268.14,132.45,FALSE,M1_DIRECTION_MISMATCH|OPENING_SHIELD_ACTIVE_3s
2026-09-07 19:07:04.195,1788808024.195,5035,9,84,4406.19,4406.27,8.0,PASS_<=10c,+0.0,FLAT,+0.0,+69.0,4.4,+0.00,0.00,SLOW,4405.50,4406.54,4403.14,4406.23,0.00,0.00,0.0,BEARISH,340.0,4406.19,4406.19,4406.19,4406.19,4,ACTIVE_4s,1.0,0.0,0.0,0.0,0.0,0.0,0.0,PASS_<20%,0.00,0.0,NO,STANDBY_VEL_LOW,1,1321.86,3268.14,132.45,FALSE,M1_DIRECTION_MISMATCH|OPENING_SHIELD_ACTIVE_4s
2026-09-07 19:07:04.696,1788808024.696,5036,10,85,4406.19,4406.27,8.0,PASS_<=10c,+0.0,FLAT,+0.0,+69.0,4.3,+0.00,0.00,SLOW,4405.50,4406.54,4403.14,4406.23,0.00,0.00,0.0,BEARISH,340.0,4406.19,4406.19,4406.19,4406.19,4,ACTIVE_4s,1.0,0.0,0.0,0.0,0.0,0.0,0.0,PASS_<20%,0.00,0.0,NO,STANDBY_VEL_LOW,1,1321.86,3268.14,132.45,FALSE,M1_DIRECTION_MISMATCH|OPENING_SHIELD_ACTIVE_4s
2026-09-07 19:07:05.197,1788808025.198,5037,11,86,4406.19,4406.27,8.0,PASS_<=10c,+0.0,FLAT,+0.0,+69.0,4.2,+0.00,0.00,SLOW,4405.50,4406.54,4403.14,4406.23,0.00,0.00,0.0,BEARISH,340.0,4406.19,4406.19,4406.19,4406.19,5,ACTIVE_5s,1.0,0.0,0.0,0.0,0.0,0.0,0.0,PASS_<20%,0.00,0.0,NO,STANDBY_VEL_LOW,1,1321.86,3268.14,132.45,FALSE,M1_DIRECTION_MISMATCH|OPENING_SHIELD_ACTIVE_5s
2026-09-07 19:07:05.699,1788808025.700,5038,12,87,4406.19,4406.27,8.0,PASS_<=10c,+0.0,FLAT,+0.0,+69.0,4.2,+0.00,0.00,SLOW,4405.50,4406.54,4403.14,4406.23,0.00,0.00,0.0,BEARISH,340.0,4406.19,4406.19,4406.19,4406.19,5,ACTIVE_5s,1.0,0.0,0.0,0.0,0.0,0.0,0.0,PASS_<20%,0.00,0.0,NO,STANDBY_VEL_LOW,1,1321.86,3268.14,132.45,FALSE,M1_DIRECTION_MISMATCH|OPENING_SHIELD_ACTIVE_5s
2026-09-07 19:07:06.200,1788808026.200,5039,13,88,4406.19,4406.27,8.0,PASS_<=10c,+0.0,FLAT,+0.0,+69.0,4.2,+0.00,0.00,SLOW,4405.50,4406.54,4403.14,4406.23,0.00,0.00,0.0,BEARISH,340.0,4406.19,4406.19,4406.19,4406.19,6,ACTIVE_6s,1.0,0.0,0.0,0.0,0.0,0.0,0.0,PASS_<20%,0.00,0.0,NO,STANDBY_VEL_LOW,1,1321.86,3268.14,132.45,FALSE,M1_DIRECTION_MISMATCH|OPENING_SHIELD_ACTIVE_6s
2026-09-07 19:07:06.701,1788808026.702,5040,14,89,4406.19,4406.27,8.0,PASS_<=10c,+0.0,FLAT,+0.0,+69.0,4.2,+0.00,0.00,SLOW,4405.50,4406.54,4403.14,4406.23,0.00,0.00,0.0,BEARISH,340.0,4406.19,4406.19,4406.19,4406.19,6,ACTIVE_6s,1.0,0.0,0.0,0.0,0.0,0.0,0.0,PASS_<20%,0.00,0.0,NO,STANDBY_VEL_LOW,1,1321.86,3268.14,132.45,FALSE,M1_DIRECTION_MISMATCH|OPENING_SHIELD_ACTIVE_6s
2026-09-07 19:07:07.202,1788808027.203,5041,15,90,4406.19,4406.27,8.0,PASS_<=10c,+0.0,FLAT,+0.0,+69.0,4.2,+0.00,0.00,SLOW,4405.50,4406.54,4403.14,4406.23,0.00,0.00,0.0,BEARISH,340.0,4406.19,4406.19,4406.19,4406.19,7,ACTIVE_7s,1.0,0.0,0.0,0.0,0.0,0.0,0.0,PASS_<20%,0.00,0.0,NO,STANDBY_VEL_LOW,1,1321.86,3268.14,132.45,FALSE,M1_DIRECTION_MISMATCH|OPENING_SHIELD_ACTIVE_7s
2026-09-07 19:07:07.703,1788808027.704,5042,16,91,4406.19,4406.27,8.0,PASS_<=10c,+0.0,FLAT,+0.0,+69.0,4.2,+0.00,0.00,SLOW,4405.50,4406.54,4403.14,4406.23,0.00,0.00,0.0,BEARISH,340.0,4406.19,4406.19,4406.19,4406.19,7,ACTIVE_7s,1.0,0.0,0.0,0.0,0.0,0.0,0.0,PASS_<20%,0.00,0.0,NO,STANDBY_VEL_LOW,1,1321.86,3268.14,132.45,FALSE,M1_DIRECTION_MISMATCH|OPENING_SHIELD_ACTIVE_7s
2026-09-07 19:07:13.218,1788808033.219,5043,17,92,4406.19,4406.27,8.0,PASS_<=10c,+0.0,FLAT,+0.0,+69.0,1.5,+0.00,0.00,SLOW,4405.50,4406.54,4403.14,4406.23,0.00,0.00,0.0,BEARISH,340.0,4406.19,4406.19,4406.19,4406.19,13,ACTIVE_13s,1.0,0.0,0.0,0.0,0.0,0.0,0.0,PASS_<20%,0.00,0.0,NO,STANDBY_VEL_LOW,1,1321.86,3268.14,132.45,FALSE,M1_DIRECTION_MISMATCH|OPENING_SHIELD_ACTIVE_13s
2026-09-07 19:07:23.450,1788808043.451,5044,18,93,4406.19,4406.27,8.0,PASS_<=10c,+0.0,FLAT,+0.0,+69.0,1.3,+0.00,0.00,SLOW,4405.50,4406.54,4403.14,4406.23,0.00,0.00,0.0,BEARISH,340.0,4406.19,4406.19,4406.19,4406.19,23,CLEARED_>=20s,1.0,0.0,0.0,0.0,0.0,0.0,0.0,PASS_<20%,0.00,0.0,NO,STANDBY_VEL_LOW,1,1321.86,3268.14,132.45,FALSE,M1_DIRECTION_MISMATCH
2026-09-07 19:07:25.060,1788808045.060,5045,19,94,4406.19,4406.27,8.0,PASS_<=10c,+0.0,FLAT,+0.0,+69.0,1.9,+0.00,0.00,SLOW,4405.50,4406.54,4403.14,4406.23,0.00,0.00,0.0,BEARISH,340.0,4406.19,4406.19,4406.19,4406.19,25,CLEARED_>=20s,1.0,0.0,0.0,0.0,0.0,0.0,0.0,PASS_<20%,0.00,0.0,NO,STANDBY_VEL_LOW,1,1321.86,3268.14,132.45,FALSE,M1_DIRECTION_MISMATCH
2026-09-07 19:07:25.562,1788808045.562,5046,20,95,4406.19,4406.27,8.0,PASS_<=10c,+0.0,FLAT,+0.0,+69.0,2.4,+0.00,0.00,SLOW,4405.50,4406.54,4403.14,4406.23,0.00,0.00,0.0,BEARISH,340.0,4406.19,4406.19,4406.19,4406.19,25,CLEARED_>=20s,1.0,0.0,0.0,0.0,0.0,0.0,0.0,PASS_<20%,0.00,0.0,NO,STANDBY_VEL_LOW,1,1321.86,3268.14,132.45,FALSE,M1_DIRECTION_MISMATCH
2026-09-07 19:07:26.064,1788808046.064,5047,21,96,4406.19,4406.27,8.0,PASS_<=10c,+0.0,FLAT,+0.0,+69.0,2.7,+0.00,0.00,SLOW,4405.50,4406.54,4403.14,4406.23,0.00,0.00,0.0,BEARISH,340.0,4406.19,4406.19,4406.19,4406.19,26,CLEARED_>=20s,1.0,0.0,0.0,0.0,0.0,0.0,0.0,PASS_<20%,0.00,0.0,NO,STANDBY_VEL_LOW,1,1321.86,3268.14,132.45,FALSE,M1_DIRECTION_MISMATCH
2026-09-07 19:07:26.567,1788808046.567,5048,22,97,4406.19,4406.27,8.0,PASS_<=10c,+0.0,FLAT,+0.0,+69.0,2.9,+0.00,0.00,SLOW,4405.50,4406.54,4403.14,4406.23,0.00,0.00,0.0,BEARISH,340.0,4406.19,4406.19,4406.19,4406.19,26,CLEARED_>=20s,1.0,0.0,0.0,0.0,0.0,0.0,0.0,PASS_<20%,0.00,0.0,NO,STANDBY_VEL_LOW,1,1321.86,3268.14,132.45,FALSE,M1_DIRECTION_MISMATCH
2026-09-07 19:07:27.068,1788808047.068,5049,23,98,4406.19,4406.27,8.0,PASS_<=10c,+0.0,FLAT,+0.0,+69.0,3.0,+0.00,0.00,SLOW,4405.50,4406.54,4403.14,4406.23,0.00,0.00,0.0,BEARISH,340.0,4406.19,4406.19,4406.19,4406.19,27,CLEARED_>=20s,1.0,0.0,0.0,0.0,0.0,0.0,0.0,PASS_<20%,0.00,0.0,NO,STANDBY_VEL_LOW,1,1321.86,3268.14,132.45,FALSE,M1_DIRECTION_MISMATCH
2026-09-07 19:07:27.570,1788808047.570,5050,24,99,4406.19,4406.27,8.0,PASS_<=10c,+0.0,FLAT,+0.0,+69.0,3.2,+0.00,0.00,SLOW,4405.50,4406.54,4403.14,4406.23,0.00,0.00,0.0,BEARISH,340.0,4406.19,4406.19,4406.19,4406.19,27,CLEARED_>=20s,1.0,0.0,0.0,0.0,0.0,0.0,0.0,PASS_<20%,0.00,0.0,NO,STANDBY_VEL_LOW,1,1321.86,3268.14,132.45,FALSE,M1_DIRECTION_MISMATCH
2026-09-07 19:07:28.071,1788808048.071,5051,25,100,4406.19,4406.27,8.0,PASS_<=10c,+0.0,FLAT,+0.0,+69.0,3.2,+0.00,0.00,SLOW,4405.50,4406.54,4403.14,4406.23,0.00,0.00,0.0,BEARISH,340.0,4406.19,4406.19,4406.19,4406.19,28,CLEARED_>=20s,1.0,0.0,0.0,0.0,0.0,0.0,0.0,PASS_<20%,0.00,0.0,NO,STANDBY_VEL_LOW,1,1321.86,3268.14,132.45,FALSE,M1_DIRECTION_MISMATCH
2026-09-07 19:07:28.572,1788808048.572,5052,26,101,4406.19,4406.27,8.0,PASS_<=10c,+0.0,FLAT,+0.0,+69.0,4.4,+0.00,0.00,SLOW,4405.50,4406.54,4403.14,4406.23,0.00,0.00,0.0,BEARISH,340.0,4406.19,4406.19,4406.19,4406.19,28,CLEARED_>=20s,1.0,0.0,0.0,0.0,0.0,0.0,0.0,PASS_<20%,0.00,0.0,NO,STANDBY_VEL_LOW,1,1321.86,3268.14,132.45,FALSE,M1_DIRECTION_MISMATCH
2026-09-07 19:07:29.073,1788808049.074,5053,27,102,4406.19,4406.27,8.0,PASS_<=10c,+0.0,FLAT,+0.0,+69.0,4.4,+0.00,0.00,SLOW,4405.50,4406.54,4403.14,4406.23,0.00,0.00,0.0,BEARISH,340.0,4406.19,4406.19,4406.19,4406.19,29,CLEARED_>=20s,1.0,0.0,0.0,0.0,0.0,0.0,0.0,PASS_<20%,0.00,0.0,NO,STANDBY_VEL_LOW,1,1321.86,3268.14,132.45,FALSE,M1_DIRECTION_MISMATCH
2026-09-07 19:07:29.575,1788808049.575,5054,28,103,4406.19,4406.27,8.0,PASS_<=10c,+0.0,FLAT,+0.0,+69.0,4.3,+0.00,0.00,SLOW,4405.50,4406.54,4403.14,4406.23,0.00,0.00,0.0,BEARISH,340.0,4406.19,4406.19,4406.19,4406.19,29,CLEARED_>=20s,1.0,0.0,0.0,0.0,0.0,0.0,0.0,PASS_<20%,0.00,0.0,NO,STANDBY_VEL_LOW,1,1321.86,3268.14,132.45,FALSE,M1_DIRECTION_MISMATCH
2026-09-07 19:07:30.077,1788808050.077,5055,29,104,4406.19,4406.27,8.0,PASS_<=10c,+0.0,FLAT,+0.0,+69.0,4.2,+0.00,0.00,SLOW,4405.50,4406.54,4403.14,4406.23,0.00,0.00,0.0,BEARISH,340.0,4406.19,4406.19,4406.19,4406.19,30,CLEARED_>=20s,1.0,0.0,0.0,0.0,0.0,0.0,0.0,PASS_<20%,0.00,0.0,NO,STANDBY_VEL_LOW,1,1321.86,3268.14,132.45,FALSE,M1_DIRECTION_MISMATCH
2026-09-07 19:07:30.578,1788808050.579,5056,30,105,4406.19,4406.27,8.0,PASS_<=10c,+0.0,FLAT,+0.0,+69.0,4.2,+0.00,0.00,SLOW,4405.50,4406.54,4403.14,4406.23,0.00,0.00,0.0,BEARISH,340.0,4406.19,4406.19,4406.19,4406.19,30,CLEARED_>=20s,1.0,0.0,0.0,0.0,0.0,0.0,0.0,PASS_<20%,0.00,0.0,NO,STANDBY_VEL_LOW,1,1321.86,3268.14,132.45,FALSE,M1_DIRECTION_MISMATCH
2026-09-07 19:07:31.079,1788808051.080,5057,31,106,4406.19,4406.27,8.0,PASS_<=10c,+0.0,FLAT,+0.0,+69.0,4.2,+0.00,0.00,SLOW,4405.50,4406.54,4403.14,4406.23,0.00,0.00,0.0,BEARISH,340.0,4406.19,4406.19,4406.19,4406.19,31,CLEARED_>=20s,1.0,0.0,0.0,0.0,0.0,0.0,0.0,PASS_<20%,0.00,0.0,NO,STANDBY_VEL_LOW,1,1321.86,3268.14,132.45,FALSE,M1_DIRECTION_MISMATCH
2026-09-07 19:07:31.581,1788808051.582,5058,32,107,4406.19,4406.27,8.0,PASS_<=10c,+0.0,FLAT,+0.0,+69.0,4.2,+0.00,0.00,SLOW,4405.50,4406.54,4403.14,4406.23,0.00,0.00,0.0,BEARISH,340.0,4406.19,4406.19,4406.19,4406.19,31,CLEARED_>=20s,1.0,0.0,0.0,0.0,0.0,0.0,0.0,PASS_<20%,0.00,0.0,NO,STANDBY_VEL_LOW,1,1321.86,3268.14,132.45,FALSE,M1_DIRECTION_MISMATCH
2026-09-07 19:07:32.083,1788808052.083,5059,33,108,4406.19,4406.27,8.0,PASS_<=10c,+0.0,FLAT,+0.0,+69.0,4.2,+0.00,0.00,SLOW,4405.50,4406.54,4403.14,4406.23,0.00,0.00,0.0,BEARISH,340.0,4406.19,4406.19,4406.19,4406.19,32,CLEARED_>=20s,1.0,0.0,0.0,0.0,0.0,0.0,0.0,PASS_<20%,0.00,0.0,NO,STANDBY_VEL_LOW,1,1321.86,3268.14,132.45,FALSE,M1_DIRECTION_MISMATCH
2026-09-07 19:07:32.585,1788808052.585,5060,34,109,4406.19,4406.27,8.0,PASS_<=10c,+0.0,FLAT,+0.0,+69.0,4.2,+0.00,0.00,SLOW,4405.50,4406.54,4403.14,4406.23,0.00,0.00,0.0,BEARISH,340.0,4406.19,4406.19,4406.19,4406.19,32,CLEARED_>=20s,1.0,0.0,0.0,0.0,0.0,0.0,0.0,PASS_<20%,0.00,0.0,NO,STANDBY_VEL_LOW,1,1321.86,3268.14,132.45,FALSE,M1_DIRECTION_MISMATCH
2026-09-07 19:07:38.100,1788808058.100,5061,35,110,4406.19,4406.27,8.0,PASS_<=10c,+0.0,FLAT,+0.0,+69.0,1.6,+0.00,0.00,SLOW,4405.50,4406.54,4403.14,4406.23,0.00,0.00,0.0,BEARISH,340.0,4406.19,4406.19,4406.19,4406.19,38,CLEARED_>=20s,1.0,0.0,0.0,0.0,0.0,0.0,0.0,PASS_<20%,0.00,0.0,NO,STANDBY_VEL_LOW,1,1321.86,3268.14,132.45,FALSE,M1_DIRECTION_MISMATCH
2026-09-07 19:07:48.333,1788808068.334,5062,36,111,4406.19,4406.27,8.0,PASS_<=10c,+0.0,FLAT,+0.0,+69.0,1.3,+0.00,0.00,SLOW,4405.50,4406.54,4403.14,4406.23,0.00,0.00,0.0,BEARISH,340.0,4406.19,4406.19,4406.19,4406.19,48,CLEARED_>=20s,1.0,0.0,0.0,0.0,0.0,0.0,0.0,PASS_<20%,0.00,0.0,NO,STANDBY_VEL_LOW,1,1321.86,3268.14,132.45,FALSE,M1_DIRECTION_MISMATCH
2026-09-07 19:07:50.744,1788808070.745,5063,37,112,4406.19,4406.27,8.0,PASS_<=10c,+0.0,FLAT,+0.0,+69.0,1.3,+0.00,0.00,SLOW,4405.50,4406.54,4403.14,4406.23,0.00,0.00,0.0,BEARISH,340.0,4406.19,4406.19,4406.19,4406.19,50,CLEARED_>=20s,1.0,0.0,0.0,0.0,0.0,0.0,0.0,PASS_<20%,0.00,0.0,NO,STANDBY_VEL_LOW,1,1321.86,3268.14,132.45,FALSE,M1_DIRECTION_MISMATCH
2026-09-07 19:07:51.246,1788808071.247,5064,38,113,4406.19,4406.27,8.0,PASS_<=10c,+0.0,FLAT,+0.0,+69.0,1.7,+0.00,0.00,SLOW,4405.50,4406.54,4403.14,4406.23,0.00,0.00,0.0,BEARISH,340.0,4406.19,4406.19,4406.19,4406.19,51,CLEARED_>=20s,1.0,0.0,0.0,0.0,0.0,0.0,0.0,PASS_<20%,0.00,0.0,NO,STANDBY_VEL_LOW,1,1321.86,3268.14,132.45,FALSE,M1_DIRECTION_MISMATCH
2026-09-07 19:07:51.748,1788808071.749,5065,39,114,4406.19,4406.27,8.0,PASS_<=10c,+0.0,FLAT,+0.0,+69.0,2.0,+0.00,0.00,SLOW,4405.50,4406.54,4403.14,4406.23,0.00,0.00,0.0,BEARISH,340.0,4406.19,4406.19,4406.19,4406.19,51,CLEARED_>=20s,1.0,0.0,0.0,0.0,0.0,0.0,0.0,PASS_<20%,0.00,0.0,NO,STANDBY_VEL_LOW,1,1321.86,3268.14,132.45,FALSE,M1_DIRECTION_MISMATCH
2026-09-07 19:07:52.249,1788808072.250,5066,40,115,4406.19,4406.27,8.0,PASS_<=10c,+0.0,FLAT,+0.0,+69.0,2.3,+0.00,0.00,SLOW,4405.50,4406.54,4403.14,4406.23,0.00,0.00,0.0,BEARISH,340.0,4406.19,4406.19,4406.19,4406.19,52,CLEARED_>=20s,1.0,0.0,0.0,0.0,0.0,0.0,0.0,PASS_<20%,0.00,0.0,NO,STANDBY_VEL_LOW,1,1321.86,3268.14,132.45,FALSE,M1_DIRECTION_MISMATCH
2026-09-07 19:07:52.751,1788808072.751,5067,41,116,4406.19,4406.27,8.0,PASS_<=10c,+0.0,FLAT,+0.0,+69.0,2.5,+0.00,0.00,SLOW,4405.50,4406.54,4403.14,4406.23,0.00,0.00,0.0,BEARISH,340.0,4406.19,4406.19,4406.19,4406.19,52,CLEARED_>=20s,1.0,0.0,0.0,0.0,0.0,0.0,0.0,PASS_<20%,0.00,0.0,NO,STANDBY_VEL_LOW,1,1321.86,3268.14,132.45,FALSE,M1_DIRECTION_MISMATCH
2026-09-07 19:07:53.252,1788808073.253,5068,42,117,4406.19,4406.27,8.0,PASS_<=10c,+0.0,FLAT,+0.0,+69.0,2.6,+0.00,0.00,SLOW,4405.50,4406.54,4403.14,4406.23,0.00,0.00,0.0,BEARISH,340.0,4406.19,4406.19,4406.19,4406.19,53,CLEARED_>=20s,1.0,0.0,0.0,0.0,0.0,0.0,0.0,PASS_<20%,0.00,0.0,NO,STANDBY_VEL_LOW,1,1321.86,3268.14,132.45,FALSE,M1_DIRECTION_MISMATCH
2026-09-07 19:07:53.753,1788808073.754,5069,43,118,4406.19,4406.27,8.0,PASS_<=10c,+0.0,FLAT,+0.0,+69.0,4.5,+0.00,0.00,SLOW,4405.50,4406.54,4403.14,4406.23,0.00,0.00,0.0,BEARISH,340.0,4406.19,4406.19,4406.19,4406.19,53,CLEARED_>=20s,1.0,0.0,0.0,0.0,0.0,0.0,0.0,PASS_<20%,0.00,0.0,NO,STANDBY_VEL_LOW,1,1321.86,3268.14,132.45,FALSE,M1_DIRECTION_MISMATCH
2026-09-07 19:07:54.255,1788808074.256,5070,44,119,4406.19,4406.27,8.0,PASS_<=10c,+0.0,FLAT,+0.0,+69.0,4.4,+0.00,0.00,SLOW,4405.50,4406.54,4403.14,4406.23,0.00,0.00,0.0,BEARISH,340.0,4406.19,4406.19,4406.19,4406.19,54,CLEARED_>=20s,1.0,0.0,0.0,0.0,0.0,0.0,0.0,PASS_<20%,0.00,0.0,NO,STANDBY_VEL_LOW,1,1321.86,3268.14,132.45,FALSE,M1_DIRECTION_MISMATCH
2026-09-07 19:07:54.757,1788808074.758,5071,45,120,4406.19,4406.27,8.0,PASS_<=10c,+0.0,FLAT,+0.0,+69.0,4.4,+0.00,0.00,SLOW,4405.50,4406.54,4403.14,4406.23,0.00,0.00,0.0,BEARISH,340.0,4406.19,4406.19,4406.19,4406.19,54,CLEARED_>=20s,1.0,0.0,0.0,0.0,0.0,0.0,0.0,PASS_<20%,0.00,0.0,NO,STANDBY_VEL_LOW,1,1321.86,3268.14,132.45,FALSE,M1_DIRECTION_MISMATCH
2026-09-07 19:07:55.257,1788808075.258,5072,46,121,4406.19,4406.27,8.0,PASS_<=10c,+0.0,FLAT,+0.0,+69.0,4.3,+0.00,0.00,SLOW,4405.50,4406.54,4403.14,4406.23,0.00,0.00,0.0,BEARISH,340.0,4406.19,4406.19,4406.19,4406.19,55,CLEARED_>=20s,1.0,0.0,0.0,0.0,0.0,0.0,0.0,PASS_<20%,0.00,0.0,NO,STANDBY_VEL_LOW,1,1321.86,3268.14,132.45,FALSE,M1_DIRECTION_MISMATCH
2026-09-07 19:07:55.759,1788808075.759,5073,47,122,4406.19,4406.27,8.0,PASS_<=10c,+0.0,FLAT,+0.0,+69.0,4.2,+0.00,0.00,SLOW,4405.50,4406.54,4403.14,4406.23,0.00,0.00,0.0,BEARISH,340.0,4406.19,4406.19,4406.19,4406.19,55,CLEARED_>=20s,1.0,0.0,0.0,0.0,0.0,0.0,0.0,PASS_<20%,0.00,0.0,NO,STANDBY_VEL_LOW,1,1321.86,3268.14,132.45,FALSE,M1_DIRECTION_MISMATCH
2026-09-07 19:07:56.261,1788808076.262,5074,48,123,4406.19,4406.27,8.0,PASS_<=10c,+0.0,FLAT,+0.0,+69.0,4.2,+0.00,0.00,SLOW,4405.50,4406.54,4403.14,4406.23,0.00,0.00,0.0,BEARISH,340.0,4406.19,4406.19,4406.19,4406.19,56,CLEARED_>=20s,1.0,0.0,0.0,0.0,0.0,0.0,0.0,PASS_<20%,0.00,0.0,NO,STANDBY_VEL_LOW,1,1321.86,3268.14,132.45,FALSE,M1_DIRECTION_MISMATCH
2026-09-07 19:07:56.763,1788808076.764,5075,49,124,4406.19,4406.27,8.0,PASS_<=10c,+0.0,FLAT,+0.0,+69.0,4.2,+0.00,0.00,SLOW,4405.50,4406.54,4403.14,4406.23,0.00,0.00,0.0,BEARISH,340.0,4406.19,4406.19,4406.19,4406.19,56,CLEARED_>=20s,1.0,0.0,0.0,0.0,0.0,0.0,0.0,PASS_<20%,0.00,0.0,NO,STANDBY_VEL_LOW,1,1321.86,3268.14,132.45,FALSE,M1_DIRECTION_MISMATCH
2026-09-07 19:07:57.266,1788808077.267,5076,50,125,4406.19,4406.27,8.0,PASS_<=10c,+0.0,FLAT,+0.0,+69.0,4.2,+0.00,0.00,SLOW,4405.50,4406.54,4403.14,4406.23,0.00,0.00,0.0,BEARISH,340.0,4406.19,4406.19,4406.19,4406.19,57,CLEARED_>=20s,1.0,0.0,0.0,0.0,0.0,0.0,0.0,PASS_<20%,0.00,0.0,NO,STANDBY_VEL_LOW,1,1321.86,3268.14,132.45,FALSE,M1_DIRECTION_MISMATCH
2026-09-07 19:07:57.767,1788808077.767,5077,51,126,4406.19,4406.27,8.0,PASS_<=10c,+0.0,FLAT,+0.0,+69.0,4.2,+0.00,0.00,SLOW,4405.50,4406.54,4403.14,4406.23,0.00,0.00,0.0,BEARISH,340.0,4406.19,4406.19,4406.19,4406.19,57,CLEARED_>=20s,1.0,0.0,0.0,0.0,0.0,0.0,0.0,PASS_<20%,0.00,0.0,NO,STANDBY_VEL_LOW,1,1321.86,3268.14,132.45,FALSE,M1_DIRECTION_MISMATCH
2026-09-07 19:07:58.269,1788808078.270,5078,52,127,4406.19,4406.27,8.0,PASS_<=10c,+0.0,FLAT,+0.0,+69.0,4.2,+0.00,0.00,SLOW,4405.50,4406.54,4403.14,4406.23,0.00,0.00,0.0,BEARISH,340.0,4406.19,4406.19,4406.19,4406.19,58,CLEARED_>=20s,1.0,0.0,0.0,0.0,0.0,0.0,0.0,PASS_<20%,0.00,0.0,NO,STANDBY_VEL_LOW,1,1321.86,3268.14,132.45,FALSE,M1_DIRECTION_MISMATCH
2026-09-07 19:07:58.770,1788808078.770,5079,53,128,4406.19,4406.27,8.0,PASS_<=10c,+0.0,FLAT,+0.0,+69.0,4.2,+0.00,0.00,SLOW,4405.50,4406.54,4403.14,4406.23,0.00,0.00,0.0,BEARISH,340.0,4406.19,4406.19,4406.19,4406.19,58,CLEARED_>=20s,1.0,0.0,0.0,0.0,0.0,0.0,0.0,PASS_<20%,0.00,0.0,NO,STANDBY_VEL_LOW,1,1321.86,3268.14,132.45,FALSE,M1_DIRECTION_MISMATCH
2026-09-07 19:08:09.148,1788808089.148,5080,1,129,4406.19,4406.27,8.0,PASS_<=10c,+0.0,FLAT,+0.0,+69.0,1.3,+0.00,0.00,SLOW,4405.50,4406.54,4403.14,4406.23,0.00,0.00,0.0,BEARISH,340.0,4406.19,4406.19,4406.19,4406.19,9,ACTIVE_9s,1.0,0.0,0.0,0.0,0.0,0.0,0.0,PASS_<20%,0.00,0.0,NO,STANDBY_VEL_LOW,1,1321.86,3268.14,132.45,FALSE,M1_DIRECTION_MISMATCH|OPENING_SHIELD_ACTIVE_9s
2026-09-07 19:08:15.166,1788808095.167,5081,2,130,4406.19,4406.27,8.0,PASS_<=10c,+0.0,FLAT,+0.0,+69.0,2.0,+0.00,0.00,SLOW,4405.50,4406.54,4403.14,4406.23,0.00,0.00,0.0,BEARISH,340.0,4406.19,4406.19,4406.19,4406.19,15,ACTIVE_15s,1.0,0.0,0.0,0.0,0.0,0.0,0.0,PASS_<20%,0.00,0.0,NO,STANDBY_VEL_LOW,1,1321.86,3268.14,132.45,FALSE,M1_DIRECTION_MISMATCH|OPENING_SHIELD_ACTIVE_15s
2026-09-07 19:08:15.520,1788808095.521,5082,3,131,4406.19,4406.27,8.0,PASS_<=10c,+0.0,FLAT,+0.0,+69.0,3.2,+0.00,0.00,SLOW,4405.50,4406.54,4403.14,4406.23,0.00,0.00,0.0,BEARISH,340.0,4406.19,4406.19,4406.19,4406.19,15,ACTIVE_15s,1.0,0.0,0.0,0.0,0.0,0.0,0.0,PASS_<20%,0.00,0.0,NO,STANDBY_VEL_LOW,1,1321.86,3268.14,132.45,FALSE,M1_DIRECTION_MISMATCH|OPENING_SHIELD_ACTIVE_15s
2026-09-07 19:08:16.021,1788808096.021,5083,4,132,4406.19,4406.27,8.0,PASS_<=10c,+0.0,FLAT,+0.0,+69.0,3.4,+0.00,0.00,SLOW,4405.50,4406.54,4403.14,4406.23,0.00,0.00,0.0,BEARISH,340.0,4406.19,4406.19,4406.19,4406.19,16,ACTIVE_16s,1.0,0.0,0.0,0.0,0.0,0.0,0.0,PASS_<20%,0.00,0.0,NO,STANDBY_VEL_LOW,1,1321.86,3268.14,132.45,FALSE,M1_DIRECTION_MISMATCH|OPENING_SHIELD_ACTIVE_16s
2026-09-07 19:08:16.523,1788808096.524,5084,5,133,4406.19,4406.27,8.0,PASS_<=10c,+0.0,FLAT,+0.0,+69.0,3.5,+0.00,0.00,SLOW,4405.50,4406.54,4403.14,4406.23,0.00,0.00,0.0,BEARISH,340.0,4406.19,4406.19,4406.19,4406.19,16,ACTIVE_16s,1.0,0.0,0.0,0.0,0.0,0.0,0.0,PASS_<20%,0.00,0.0,NO,STANDBY_VEL_LOW,1,1321.86,3268.14,132.45,FALSE,M1_DIRECTION_MISMATCH|OPENING_SHIELD_ACTIVE_16s
2026-09-07 19:08:17.025,1788808097.026,5085,6,134,4406.19,4406.27,8.0,PASS_<=10c,+0.0,FLAT,+0.0,+69.0,3.6,+0.00,0.00,SLOW,4405.50,4406.54,4403.14,4406.23,0.00,0.00,0.0,BEARISH,340.0,4406.19,4406.19,4406.19,4406.19,17,ACTIVE_17s,1.0,0.0,0.0,0.0,0.0,0.0,0.0,PASS_<20%,0.00,0.0,NO,STANDBY_VEL_LOW,1,1321.86,3268.14,132.45,FALSE,M1_DIRECTION_MISMATCH|OPENING_SHIELD_ACTIVE_17s
2026-09-07 19:08:17.528,1788808097.529,5086,7,135,4406.19,4406.27,8.0,PASS_<=10c,+0.0,FLAT,+0.0,+69.0,3.7,+0.00,0.00,SLOW,4405.50,4406.54,4403.14,4406.23,0.00,0.00,0.0,BEARISH,340.0,4406.19,4406.19,4406.19,4406.19,17,ACTIVE_17s,1.0,0.0,0.0,0.0,0.0,0.0,0.0,PASS_<20%,0.00,0.0,NO,STANDBY_VEL_LOW,1,1321.86,3268.14,132.45,FALSE,M1_DIRECTION_MISMATCH|OPENING_SHIELD_ACTIVE_17s
2026-09-07 19:08:18.030,1788808098.030,5087,8,136,4406.19,4406.27,8.0,PASS_<=10c,+0.0,FLAT,+0.0,+69.0,3.7,+0.00,0.00,SLOW,4405.50,4406.54,4403.14,4406.23,0.00,0.00,0.0,BEARISH,340.0,4406.19,4406.19,4406.19,4406.19,18,ACTIVE_18s,1.0,0.0,0.0,0.0,0.0,0.0,0.0,PASS_<20%,0.00,0.0,NO,STANDBY_VEL_LOW,1,1321.86,3268.14,132.45,FALSE,M1_DIRECTION_MISMATCH|OPENING_SHIELD_ACTIVE_18s
2026-09-07 19:08:18.531,1788808098.531,5088,9,137,4406.19,4406.27,8.0,PASS_<=10c,+0.0,FLAT,+0.0,+69.0,3.7,+0.00,0.00,SLOW,4405.50,4406.54,4403.14,4406.23,0.00,0.00,0.0,BEARISH,340.0,4406.19,4406.19,4406.19,4406.19,18,ACTIVE_18s,1.0,0.0,0.0,0.0,0.0,0.0,0.0,PASS_<20%,0.00,0.0,NO,STANDBY_VEL_LOW,1,1321.86,3268.14,132.45,FALSE,M1_DIRECTION_MISMATCH|OPENING_SHIELD_ACTIVE_18s
2026-09-07 19:08:19.033,1788808099.033,5089,10,138,4406.19,4406.27,8.0,PASS_<=10c,+0.0,FLAT,+0.0,+69.0,3.8,+0.00,0.00,SLOW,4405.50,4406.54,4403.14,4406.23,0.00,0.00,0.0,BEARISH,340.0,4406.19,4406.19,4406.19,4406.19,19,ACTIVE_19s,1.0,0.0,0.0,0.0,0.0,0.0,0.0,PASS_<20%,0.00,0.0,NO,STANDBY_VEL_LOW,1,1321.86,3268.14,132.45,FALSE,M1_DIRECTION_MISMATCH|OPENING_SHIELD_ACTIVE_19s
2026-09-07 19:08:19.535,1788808099.535,5090,11,139,4406.19,4406.27,8.0,PASS_<=10c,+0.0,FLAT,+0.0,+69.0,4.3,+0.00,0.00,SLOW,4405.50,4406.54,4403.14,4406.23,0.00,0.00,0.0,BEARISH,340.0,4406.19,4406.19,4406.19,4406.19,19,ACTIVE_19s,1.0,0.0,0.0,0.0,0.0,0.0,0.0,PASS_<20%,0.00,0.0,NO,STANDBY_VEL_LOW,1,1321.86,3268.14,132.45,FALSE,M1_DIRECTION_MISMATCH|OPENING_SHIELD_ACTIVE_19s
2026-09-07 19:08:20.037,1788808100.037,5091,12,140,4406.19,4406.27,8.0,PASS_<=10c,+0.0,FLAT,+0.0,+69.0,4.3,+0.00,0.00,SLOW,4405.50,4406.54,4403.14,4406.23,0.00,0.00,0.0,BEARISH,340.0,4406.19,4406.19,4406.19,4406.19,20,CLEARED_>=20s,1.0,0.0,0.0,0.0,0.0,0.0,0.0,PASS_<20%,0.00,0.0,NO,STANDBY_VEL_LOW,1,1321.86,3268.14,132.45,FALSE,M1_DIRECTION_MISMATCH
2026-09-07 19:08:20.538,1788808100.539,5092,13,141,4406.19,4406.27,8.0,PASS_<=10c,+0.0,FLAT,+0.0,+69.0,4.2,+0.00,0.00,SLOW,4405.50,4406.54,4403.14,4406.23,0.00,0.00,0.0,BEARISH,340.0,4406.19,4406.19,4406.19,4406.19,20,CLEARED_>=20s,1.0,0.0,0.0,0.0,0.0,0.0,0.0,PASS_<20%,0.00,0.0,NO,STANDBY_VEL_LOW,1,1321.86,3268.14,132.45,FALSE,M1_DIRECTION_MISMATCH
2026-09-07 19:08:21.045,1788808101.046,5093,14,142,4406.19,4406.27,8.0,PASS_<=10c,+0.0,FLAT,+0.0,+69.0,4.2,+0.00,0.00,SLOW,4405.50,4406.54,4403.14,4406.23,0.00,0.00,0.0,BEARISH,340.0,4406.19,4406.19,4406.19,4406.19,21,CLEARED_>=20s,1.0,0.0,0.0,0.0,0.0,0.0,0.0,PASS_<20%,0.00,0.0,NO,STANDBY_VEL_LOW,1,1321.86,3268.14,132.45,FALSE,M1_DIRECTION_MISMATCH
2026-09-07 19:08:21.547,1788808101.547,5094,15,143,4406.19,4406.27,8.0,PASS_<=10c,+0.0,FLAT,+0.0,+69.0,4.2,+0.00,0.00,SLOW,4405.50,4406.54,4403.14,4406.23,0.00,0.00,0.0,BEARISH,340.0,4406.19,4406.19,4406.19,4406.19,21,CLEARED_>=20s,1.0,0.0,0.0,0.0,0.0,0.0,0.0,PASS_<20%,0.00,0.0,NO,STANDBY_VEL_LOW,1,1321.86,3268.14,132.45,FALSE,M1_DIRECTION_MISMATCH
2026-09-07 19:08:22.048,1788808102.048,5095,16,144,4406.19,4406.27,8.0,PASS_<=10c,+0.0,FLAT,+0.0,+69.0,4.2,+0.00,0.00,SLOW,4405.50,4406.54,4403.14,4406.23,0.00,0.00,0.0,BEARISH,340.0,4406.19,4406.19,4406.19,4406.19,22,CLEARED_>=20s,1.0,0.0,0.0,0.0,0.0,0.0,0.0,PASS_<20%,0.00,0.0,NO,STANDBY_VEL_LOW,1,1321.86,3268.14,132.45,FALSE,M1_DIRECTION_MISMATCH
2026-09-07 19:08:22.550,1788808102.550,5096,17,145,4406.19,4406.27,8.0,PASS_<=10c,+0.0,FLAT,+0.0,+69.0,4.2,+0.00,0.00,SLOW,4405.50,4406.54,4403.14,4406.23,0.00,0.00,0.0,BEARISH,340.0,4406.19,4406.19,4406.19,4406.19,22,CLEARED_>=20s,1.0,0.0,0.0,0.0,0.0,0.0,0.0,PASS_<20%,0.00,0.0,NO,STANDBY_VEL_LOW,1,1321.86,3268.14,132.45,FALSE,M1_DIRECTION_MISMATCH
2026-09-07 19:08:23.052,1788808103.053,5097,18,146,4406.19,4406.27,8.0,PASS_<=10c,+0.0,FLAT,+0.0,+69.0,4.2,+0.00,0.00,SLOW,4405.50,4406.54,4403.14,4406.23,0.00,0.00,0.0,BEARISH,340.0,4406.19,4406.19,4406.19,4406.19,23,CLEARED_>=20s,1.0,0.0,0.0,0.0,0.0,0.0,0.0,PASS_<20%,0.00,0.0,NO,STANDBY_VEL_LOW,1,1321.86,3268.14,132.45,FALSE,M1_DIRECTION_MISMATCH
2026-09-07 19:08:33.429,1788808113.429,5098,19,147,4406.19,4406.27,8.0,PASS_<=10c,+0.0,FLAT,+0.0,+69.0,1.4,+0.00,0.00,SLOW,4405.50,4406.54,4403.14,4406.23,0.00,0.00,0.0,BEARISH,340.0,4406.19,4406.19,4406.19,4406.19,33,CLEARED_>=20s,1.0,0.0,0.0,0.0,0.0,0.0,0.0,PASS_<20%,0.00,0.0,NO,STANDBY_VEL_LOW,1,1321.86,3268.14,132.45,FALSE,M1_DIRECTION_MISMATCH
2026-09-07 19:08:40.051,1788808120.052,5099,20,148,4406.19,4406.27,8.0,PASS_<=10c,+0.0,FLAT,+0.0,+69.0,1.3,+0.00,0.00,SLOW,4405.50,4406.54,4403.14,4406.23,0.00,0.00,0.0,BEARISH,340.0,4406.19,4406.19,4406.19,4406.19,40,CLEARED_>=20s,1.0,0.0,0.0,0.0,0.0,0.0,0.0,PASS_<20%,0.00,0.0,NO,STANDBY_VEL_LOW,1,1321.86,3268.14,132.45,FALSE,M1_DIRECTION_MISMATCH
2026-09-07 19:08:40.409,1788808120.410,5100,21,149,4406.19,4406.27,8.0,PASS_<=10c,+0.0,FLAT,+0.0,+69.0,2.2,+0.00,0.00,SLOW,4405.50,4406.54,4403.14,4406.23,0.00,0.00,0.0,BEARISH,340.0,4406.19,4406.19,4406.19,4406.19,40,CLEARED_>=20s,1.0,0.0,0.0,0.0,0.0,0.0,0.0,PASS_<20%,0.00,0.0,NO,STANDBY_VEL_LOW,1,1321.86,3268.14,132.45,FALSE,M1_DIRECTION_MISMATCH
2026-09-07 19:08:40.909,1788808120.909,5101,22,150,4406.19,4406.27,8.0,PASS_<=10c,+0.0,FLAT,+0.0,+69.0,2.5,+0.00,0.00,SLOW,4405.50,4406.54,4403.14,4406.23,0.00,0.00,0.0,BEARISH,340.0,4406.19,4406.19,4406.19,4406.19,40,CLEARED_>=20s,1.0,0.0,0.0,0.0,0.0,0.0,0.0,PASS_<20%,0.00,0.0,NO,STANDBY_VEL_LOW,1,1321.86,3268.14,132.45,FALSE,M1_DIRECTION_MISMATCH
2026-09-07 19:08:41.410,1788808121.410,5102,23,151,4406.19,4406.27,8.0,PASS_<=10c,+0.0,FLAT,+0.0,+69.0,2.8,+0.00,0.00,SLOW,4405.50,4406.54,4403.14,4406.23,0.00,0.00,0.0,BEARISH,340.0,4406.19,4406.19,4406.19,4406.19,41,CLEARED_>=20s,1.0,0.0,0.0,0.0,0.0,0.0,0.0,PASS_<20%,0.00,0.0,NO,STANDBY_VEL_LOW,1,1321.86,3268.14,132.45,FALSE,M1_DIRECTION_MISMATCH
2026-09-07 19:08:41.912,1788808121.912,5103,24,152,4406.19,4406.27,8.0,PASS_<=10c,+0.0,FLAT,+0.0,+69.0,3.0,+0.00,0.00,SLOW,4405.50,4406.54,4403.14,4406.23,0.00,0.00,0.0,BEARISH,340.0,4406.19,4406.19,4406.19,4406.19,41,CLEARED_>=20s,1.0,0.0,0.0,0.0,0.0,0.0,0.0,PASS_<20%,0.00,0.0,NO,STANDBY_VEL_LOW,1,1321.86,3268.14,132.45,FALSE,M1_DIRECTION_MISMATCH
2026-09-07 19:08:42.414,1788808122.414,5104,25,153,4406.19,4406.27,8.0,PASS_<=10c,+0.0,FLAT,+0.0,+69.0,3.1,+0.00,0.00,SLOW,4405.50,4406.54,4403.14,4406.23,0.00,0.00,0.0,BEARISH,340.0,4406.19,4406.19,4406.19,4406.19,42,CLEARED_>=20s,1.0,0.0,0.0,0.0,0.0,0.0,0.0,PASS_<20%,0.00,0.0,NO,STANDBY_VEL_LOW,1,1321.86,3268.14,132.45,FALSE,M1_DIRECTION_MISMATCH
2026-09-07 19:08:42.915,1788808122.916,5105,26,154,4406.19,4406.27,8.0,PASS_<=10c,+0.0,FLAT,+0.0,+69.0,3.2,+0.00,0.00,SLOW,4405.50,4406.54,4403.14,4406.23,0.00,0.00,0.0,BEARISH,340.0,4406.19,4406.19,4406.19,4406.19,42,CLEARED_>=20s,1.0,0.0,0.0,0.0,0.0,0.0,0.0,PASS_<20%,0.00,0.0,NO,STANDBY_VEL_LOW,1,1321.86,3268.14,132.45,FALSE,M1_DIRECTION_MISMATCH
2026-09-07 19:08:43.418,1788808123.418,5106,27,155,4406.19,4406.27,8.0,PASS_<=10c,+0.0,FLAT,+0.0,+69.0,3.3,+0.00,0.00,SLOW,4405.50,4406.54,4403.14,4406.23,0.00,0.00,0.0,BEARISH,340.0,4406.19,4406.19,4406.19,4406.19,43,CLEARED_>=20s,1.0,0.0,0.0,0.0,0.0,0.0,0.0,PASS_<20%,0.00,0.0,NO,STANDBY_VEL_LOW,1,1321.86,3268.14,132.45,FALSE,M1_DIRECTION_MISMATCH
2026-09-07 19:08:43.918,1788808123.919,5107,28,156,4406.19,4406.27,8.0,PASS_<=10c,+0.0,FLAT,+0.0,+69.0,4.4,+0.00,0.00,SLOW,4405.50,4406.54,4403.14,4406.23,0.00,0.00,0.0,BEARISH,340.0,4406.19,4406.19,4406.19,4406.19,43,CLEARED_>=20s,1.0,0.0,0.0,0.0,0.0,0.0,0.0,PASS_<20%,0.00,0.0,NO,STANDBY_VEL_LOW,1,1321.86,3268.14,132.45,FALSE,M1_DIRECTION_MISMATCH
2026-09-07 19:08:44.420,1788808124.420,5108,29,157,4406.19,4406.27,8.0,PASS_<=10c,+0.0,FLAT,+0.0,+69.0,4.3,+0.00,0.00,SLOW,4405.50,4406.54,4403.14,4406.23,0.00,0.00,0.0,BEARISH,340.0,4406.19,4406.19,4406.19,4406.19,44,CLEARED_>=20s,1.0,0.0,0.0,0.0,0.0,0.0,0.0,PASS_<20%,0.00,0.0,NO,STANDBY_VEL_LOW,1,1321.86,3268.14,132.45,FALSE,M1_DIRECTION_MISMATCH
2026-09-07 19:08:44.921,1788808124.922,5109,30,158,4406.19,4406.27,8.0,PASS_<=10c,+0.0,FLAT,+0.0,+69.0,4.3,+0.00,0.00,SLOW,4405.50,4406.54,4403.14,4406.23,0.00,0.00,0.0,BEARISH,340.0,4406.19,4406.19,4406.19,4406.19,44,CLEARED_>=20s,1.0,0.0,0.0,0.0,0.0,0.0,0.0,PASS_<20%,0.00,0.0,NO,STANDBY_VEL_LOW,1,1321.86,3268.14,132.45,FALSE,M1_DIRECTION_MISMATCH
2026-09-07 19:08:45.423,1788808125.423,5110,31,159,4406.19,4406.27,8.0,PASS_<=10c,+0.0,FLAT,+0.0,+69.0,4.2,+0.00,0.00,SLOW,4405.50,4406.54,4403.14,4406.23,0.00,0.00,0.0,BEARISH,340.0,4406.19,4406.19,4406.19,4406.19,45,CLEARED_>=20s,1.0,0.0,0.0,0.0,0.0,0.0,0.0,PASS_<20%,0.00,0.0,NO,STANDBY_VEL_LOW,1,1321.86,3268.14,132.45,FALSE,M1_DIRECTION_MISMATCH
2026-09-07 19:08:45.928,1788808125.929,5111,32,160,4406.19,4406.27,8.0,PASS_<=10c,+0.0,FLAT,+0.0,+69.0,4.2,+0.00,0.00,SLOW,4405.50,4406.54,4403.14,4406.23,0.00,0.00,0.0,BEARISH,340.0,4406.19,4406.19,4406.19,4406.19,45,CLEARED_>=20s,1.0,0.0,0.0,0.0,0.0,0.0,0.0,PASS_<20%,0.00,0.0,NO,STANDBY_VEL_LOW,1,1321.86,3268.14,132.45,FALSE,M1_DIRECTION_MISMATCH
2026-09-07 19:08:46.430,1788808126.430,5112,33,161,4406.19,4406.27,8.0,PASS_<=10c,+0.0,FLAT,+0.0,+69.0,4.2,+0.00,0.00,SLOW,4405.50,4406.54,4403.14,4406.23,0.00,0.00,0.0,BEARISH,340.0,4406.19,4406.19,4406.19,4406.19,46,CLEARED_>=20s,1.0,0.0,0.0,0.0,0.0,0.0,0.0,PASS_<20%,0.00,0.0,NO,STANDBY_VEL_LOW,1,1321.86,3268.14,132.45,FALSE,M1_DIRECTION_MISMATCH
2026-09-07 19:08:46.931,1788808126.931,5113,34,162,4406.19,4406.27,8.0,PASS_<=10c,+0.0,FLAT,+0.0,+69.0,4.2,+0.00,0.00,SLOW,4405.50,4406.54,4403.14,4406.23,0.00,0.00,0.0,BEARISH,340.0,4406.19,4406.19,4406.19,4406.19,46,CLEARED_>=20s,1.0,0.0,0.0,0.0,0.0,0.0,0.0,PASS_<20%,0.00,0.0,NO,STANDBY_VEL_LOW,1,1321.86,3268.14,132.45,FALSE,M1_DIRECTION_MISMATCH
2026-09-07 19:08:47.432,1788808127.432,5114,35,163,4406.19,4406.27,8.0,PASS_<=10c,+0.0,FLAT,+0.0,+69.0,4.2,+0.00,0.00,SLOW,4405.50,4406.54,4403.14,4406.23,0.00,0.00,0.0,BEARISH,340.0,4406.19,4406.19,4406.19,4406.19,47,CLEARED_>=20s,1.0,0.0,0.0,0.0,0.0,0.0,0.0,PASS_<20%,0.00,0.0,NO,STANDBY_VEL_LOW,1,1321.86,3268.14,132.45,FALSE,M1_DIRECTION_MISMATCH
2026-09-07 19:08:47.933,1788808127.934,5115,36,164,4406.19,4406.27,8.0,PASS_<=10c,+0.0,FLAT,+0.0,+69.0,4.2,+0.00,0.00,SLOW,4405.50,4406.54,4403.14,4406.23,0.00,0.00,0.0,BEARISH,340.0,4406.19,4406.19,4406.19,4406.19,47,CLEARED_>=20s,1.0,0.0,0.0,0.0,0.0,0.0,0.0,PASS_<20%,0.00,0.0,NO,STANDBY_VEL_LOW,1,1321.86,3268.14,132.45,FALSE,M1_DIRECTION_MISMATCH
2026-09-07 19:08:58.312,1788808138.313,5116,37,165,4406.19,4406.27,8.0,PASS_<=10c,+0.0,FLAT,+0.0,+69.0,1.3,+0.00,0.00,SLOW,4405.50,4406.54,4403.14,4406.23,0.00,0.00,0.0,BEARISH,340.0,4406.19,4406.19,4406.19,4406.19,58,CLEARED_>=20s,1.0,0.0,0.0,0.0,0.0,0.0,0.0,PASS_<20%,0.00,0.0,NO,STANDBY_VEL_LOW,1,1321.86,3268.14,132.45,FALSE,M1_DIRECTION_MISMATCH
2026-09-07 19:09:04.931,1788808144.932,5117,1,166,4406.19,4406.27,8.0,PASS_<=10c,+0.0,FLAT,+0.0,+69.0,1.3,+0.00,0.00,SLOW,4405.50,4406.54,4403.14,4406.23,0.00,0.00,0.0,BEARISH,340.0,4406.19,4406.19,4406.19,4406.19,4,ACTIVE_4s,1.0,0.0,0.0,0.0,0.0,0.0,0.0,PASS_<20%,0.00,0.0,NO,STANDBY_VEL_LOW,1,1321.86,3268.14,132.45,FALSE,M1_DIRECTION_MISMATCH|OPENING_SHIELD_ACTIVE_4s
2026-09-07 19:09:05.286,1788808145.286,5118,2,167,4406.19,4406.27,8.0,PASS_<=10c,+0.0,FLAT,+0.0,+69.0,2.2,+0.00,0.00,SLOW,4405.50,4406.54,4403.14,4406.23,0.00,0.00,0.0,BEARISH,340.0,4406.19,4406.19,4406.19,4406.19,5,ACTIVE_5s,1.0,0.0,0.0,0.0,0.0,0.0,0.0,PASS_<20%,0.00,0.0,NO,STANDBY_VEL_LOW,1,1321.86,3268.14,132.45,FALSE,M1_DIRECTION_MISMATCH|OPENING_SHIELD_ACTIVE_5s
2026-09-07 19:09:05.786,1788808145.787,5119,3,168,4406.19,4406.27,8.0,PASS_<=10c,+0.0,FLAT,+0.0,+69.0,2.5,+0.00,0.00,SLOW,4405.50,4406.54,4403.14,4406.23,0.00,0.00,0.0,BEARISH,340.0,4406.19,4406.19,4406.19,4406.19,5,ACTIVE_5s,1.0,0.0,0.0,0.0,0.0,0.0,0.0,PASS_<20%,0.00,0.0,NO,STANDBY_VEL_LOW,1,1321.86,3268.14,132.45,FALSE,M1_DIRECTION_MISMATCH|OPENING_SHIELD_ACTIVE_5s
2026-09-07 19:09:06.288,1788808146.288,5120,4,169,4406.19,4406.27,8.0,PASS_<=10c,+0.0,FLAT,+0.0,+69.0,2.8,+0.00,0.00,SLOW,4405.50,4406.54,4403.14,4406.23,0.00,0.00,0.0,BEARISH,340.0,4406.19,4406.19,4406.19,4406.19,6,ACTIVE_6s,1.0,0.0,0.0,0.0,0.0,0.0,0.0,PASS_<20%,0.00,0.0,NO,STANDBY_VEL_LOW,1,1321.86,3268.14,132.45,FALSE,M1_DIRECTION_MISMATCH|OPENING_SHIELD_ACTIVE_6s
2026-09-07 19:09:06.789,1788808146.790,5121,5,170,4406.19,4406.27,8.0,PASS_<=10c,+0.0,FLAT,+0.0,+69.0,3.0,+0.00,0.00,SLOW,4405.50,4406.54,4403.14,4406.23,0.00,0.00,0.0,BEARISH,340.0,4406.19,4406.19,4406.19,4406.19,6,ACTIVE_6s,1.0,0.0,0.0,0.0,0.0,0.0,0.0,PASS_<20%,0.00,0.0,NO,STANDBY_VEL_LOW,1,1321.86,3268.14,132.45,FALSE,M1_DIRECTION_MISMATCH|OPENING_SHIELD_ACTIVE_6s
2026-09-07 19:09:07.291,1788808147.292,5122,6,171,4406.19,4406.27,8.0,PASS_<=10c,+0.0,FLAT,+0.0,+69.0,3.1,+0.00,0.00,SLOW,4405.50,4406.54,4403.14,4406.23,0.00,0.00,0.0,BEARISH,340.0,4406.19,4406.19,4406.19,4406.19,7,ACTIVE_7s,1.0,0.0,0.0,0.0,0.0,0.0,0.0,PASS_<20%,0.00,0.0,NO,STANDBY_VEL_LOW,1,1321.86,3268.14,132.45,FALSE,M1_DIRECTION_MISMATCH|OPENING_SHIELD_ACTIVE_7s
2026-09-07 19:09:07.792,1788808147.793,5123,7,172,4406.19,4406.27,8.0,PASS_<=10c,+0.0,FLAT,+0.0,+69.0,3.2,+0.00,0.00,SLOW,4405.50,4406.54,4403.14,4406.23,0.00,0.00,0.0,BEARISH,340.0,4406.19,4406.19,4406.19,4406.19,7,ACTIVE_7s,1.0,0.0,0.0,0.0,0.0,0.0,0.0,PASS_<20%,0.00,0.0,NO,STANDBY_VEL_LOW,1,1321.86,3268.14,132.45,FALSE,M1_DIRECTION_MISMATCH|OPENING_SHIELD_ACTIVE_7s
2026-09-07 19:09:08.294,1788808148.294,5124,8,173,4406.19,4406.27,8.0,PASS_<=10c,+0.0,FLAT,+0.0,+69.0,3.3,+0.00,0.00,SLOW,4405.50,4406.54,4403.14,4406.23,0.00,0.00,0.0,BEARISH,340.0,4406.19,4406.19,4406.19,4406.19,8,ACTIVE_8s,1.0,0.0,0.0,0.0,0.0,0.0,0.0,PASS_<20%,0.00,0.0,NO,STANDBY_VEL_LOW,1,1321.86,3268.14,132.45,FALSE,M1_DIRECTION_MISMATCH|OPENING_SHIELD_ACTIVE_8s
2026-09-07 19:09:08.794,1788808148.795,5125,9,174,4406.19,4406.27,8.0,PASS_<=10c,+0.0,FLAT,+0.0,+69.0,4.4,+0.00,0.00,SLOW,4405.50,4406.54,4403.14,4406.23,0.00,0.00,0.0,BEARISH,340.0,4406.19,4406.19,4406.19,4406.19,8,ACTIVE_8s,1.0,0.0,0.0,0.0,0.0,0.0,0.0,PASS_<20%,0.00,0.0,NO,STANDBY_VEL_LOW,1,1321.86,3268.14,132.45,FALSE,M1_DIRECTION_MISMATCH|OPENING_SHIELD_ACTIVE_8s
2026-09-07 19:09:09.295,1788808149.296,5126,10,175,4406.19,4406.27,8.0,PASS_<=10c,+0.0,FLAT,+0.0,+69.0,4.4,+0.00,0.00,SLOW,4405.50,4406.54,4403.14,4406.23,0.00,0.00,0.0,BEARISH,340.0,4406.19,4406.19,4406.19,4406.19,9,ACTIVE_9s,1.0,0.0,0.0,0.0,0.0,0.0,0.0,PASS_<20%,0.00,0.0,NO,STANDBY_VEL_LOW,1,1321.86,3268.14,132.45,FALSE,M1_DIRECTION_MISMATCH|OPENING_SHIELD_ACTIVE_9s
2026-09-07 19:09:09.797,1788808149.797,5127,11,176,4406.19,4406.27,8.0,PASS_<=10c,+0.0,FLAT,+0.0,+69.0,4.3,+0.00,0.00,SLOW,4405.50,4406.54,4403.14,4406.23,0.00,0.00,0.0,BEARISH,340.0,4406.19,4406.19,4406.19,4406.19,9,ACTIVE_9s,1.0,0.0,0.0,0.0,0.0,0.0,0.0,PASS_<20%,0.00,0.0,NO,STANDBY_VEL_LOW,1,1321.86,3268.14,132.45,FALSE,M1_DIRECTION_MISMATCH|OPENING_SHIELD_ACTIVE_9s
2026-09-07 19:09:10.299,1788808150.299,5128,12,177,4406.19,4406.27,8.0,PASS_<=10c,+0.0,FLAT,+0.0,+69.0,4.2,+0.00,0.00,SLOW,4405.50,4406.54,4403.14,4406.23,0.00,0.00,0.0,BEARISH,340.0,4406.19,4406.19,4406.19,4406.19,10,ACTIVE_10s,1.0,0.0,0.0,0.0,0.0,0.0,0.0,PASS_<20%,0.00,0.0,NO,STANDBY_VEL_LOW,1,1321.86,3268.14,132.45,FALSE,M1_DIRECTION_MISMATCH|OPENING_SHIELD_ACTIVE_10s
2026-09-07 19:09:10.802,1788808150.802,5129,13,178,4406.19,4406.27,8.0,PASS_<=10c,+0.0,FLAT,+0.0,+69.0,4.2,+0.00,0.00,SLOW,4405.50,4406.54,4403.14,4406.23,0.00,0.00,0.0,BEARISH,340.0,4406.19,4406.19,4406.19,4406.19,10,ACTIVE_10s,1.0,0.0,0.0,0.0,0.0,0.0,0.0,PASS_<20%,0.00,0.0,NO,STANDBY_VEL_LOW,1,1321.86,3268.14,132.45,FALSE,M1_DIRECTION_MISMATCH|OPENING_SHIELD_ACTIVE_10s
2026-09-07 19:09:11.304,1788808151.304,5130,14,179,4406.19,4406.27,8.0,PASS_<=10c,+0.0,FLAT,+0.0,+69.0,4.2,+0.00,0.00,SLOW,4405.50,4406.54,4403.14,4406.23,0.00,0.00,0.0,BEARISH,340.0,4406.19,4406.19,4406.19,4406.19,11,ACTIVE_11s,1.0,0.0,0.0,0.0,0.0,0.0,0.0,PASS_<20%,0.00,0.0,NO,STANDBY_VEL_LOW,1,1321.86,3268.14,132.45,FALSE,M1_DIRECTION_MISMATCH|OPENING_SHIELD_ACTIVE_11s
2026-09-07 19:09:11.805,1788808151.805,5131,15,180,4406.19,4406.27,8.0,PASS_<=10c,+0.0,FLAT,+0.0,+69.0,4.2,+0.00,0.00,SLOW,4405.50,4406.54,4403.14,4406.23,0.00,0.00,0.0,BEARISH,340.0,4406.19,4406.19,4406.19,4406.19,11,ACTIVE_11s,1.0,0.0,0.0,0.0,0.0,0.0,0.0,PASS_<20%,0.00,0.0,NO,STANDBY_VEL_LOW,1,1321.86,3268.14,132.45,FALSE,M1_DIRECTION_MISMATCH|OPENING_SHIELD_ACTIVE_11s
2026-09-07 19:09:12.306,1788808152.307,5132,16,181,4406.19,4406.27,8.0,PASS_<=10c,+0.0,FLAT,+0.0,+69.0,4.2,+0.00,0.00,SLOW,4405.50,4406.54,4403.14,4406.23,0.00,0.00,0.0,BEARISH,340.0,4406.19,4406.19,4406.19,4406.19,12,ACTIVE_12s,1.0,0.0,0.0,0.0,0.0,0.0,0.0,PASS_<20%,0.00,0.0,NO,STANDBY_VEL_LOW,1,1321.86,3268.14,132.45,FALSE,M1_DIRECTION_MISMATCH|OPENING_SHIELD_ACTIVE_12s
2026-09-07 19:09:12.809,1788808152.810,5133,17,182,4406.19,4406.27,8.0,PASS_<=10c,+0.0,FLAT,+0.0,+69.0,4.2,+0.00,0.00,SLOW,4405.50,4406.54,4403.14,4406.23,0.00,0.00,0.0,BEARISH,340.0,4406.19,4406.19,4406.19,4406.19,12,ACTIVE_12s,1.0,0.0,0.0,0.0,0.0,0.0,0.0,PASS_<20%,0.00,0.0,NO,STANDBY_VEL_LOW,1,1321.86,3268.14,132.45,FALSE,M1_DIRECTION_MISMATCH|OPENING_SHIELD_ACTIVE_12s
2026-09-07 19:09:23.185,1788808163.186,5134,18,183,4406.19,4406.27,8.0,PASS_<=10c,+0.0,FLAT,+0.0,+69.0,1.3,+0.00,0.00,SLOW,4405.50,4406.54,4403.14,4406.23,0.00,0.00,0.0,BEARISH,340.0,4406.19,4406.19,4406.19,4406.19,23,CLEARED_>=20s,1.0,0.0,0.0,0.0,0.0,0.0,0.0,PASS_<20%,0.00,0.0,NO,STANDBY_VEL_LOW,1,1321.86,3268.14,132.45,FALSE,M1_DIRECTION_MISMATCH
2026-09-07 19:09:28.809,1788808168.809,5135,19,184,4406.19,4406.27,8.0,PASS_<=10c,+0.0,FLAT,+0.0,+69.0,2.0,+0.00,0.00,SLOW,4405.50,4406.54,4403.14,4406.23,0.00,0.00,0.0,BEARISH,340.0,4406.19,4406.19,4406.19,4406.19,28,CLEARED_>=20s,1.0,0.0,0.0,0.0,0.0,0.0,0.0,PASS_<20%,0.00,0.0,NO,STANDBY_VEL_LOW,1,1321.86,3268.14,132.45,FALSE,M1_DIRECTION_MISMATCH
2026-09-07 19:09:29.163,1788808169.164,5136,20,185,4406.19,4406.27,8.0,PASS_<=10c,+0.0,FLAT,+0.0,+69.0,4.0,+0.00,0.00,SLOW,4405.50,4406.54,4403.14,4406.23,0.00,0.00,0.0,BEARISH,340.0,4406.19,4406.19,4406.19,4406.19,29,CLEARED_>=20s,1.0,0.0,0.0,0.0,0.0,0.0,0.0,PASS_<20%,0.00,0.0,NO,STANDBY_VEL_LOW,1,1321.86,3268.14,132.45,FALSE,M1_DIRECTION_MISMATCH
2026-09-07 19:09:29.665,1788808169.666,5137,21,186,4406.19,4406.27,8.0,PASS_<=10c,+0.0,FLAT,+0.0,+69.0,4.4,+0.00,0.00,SLOW,4405.50,4406.54,4403.14,4406.23,0.00,0.00,0.0,BEARISH,340.0,4406.19,4406.19,4406.19,4406.19,29,CLEARED_>=20s,1.0,0.0,0.0,0.0,0.0,0.0,0.0,PASS_<20%,0.00,0.0,NO,STANDBY_VEL_LOW,1,1321.86,3268.14,132.45,FALSE,M1_DIRECTION_MISMATCH
2026-09-07 19:09:30.167,1788808170.167,5138,22,187,4406.19,4406.27,8.0,PASS_<=10c,+0.0,FLAT,+0.0,+69.0,4.3,+0.00,0.00,SLOW,4405.50,4406.54,4403.14,4406.23,0.00,0.00,0.0,BEARISH,340.0,4406.19,4406.19,4406.19,4406.19,30,CLEARED_>=20s,1.0,0.0,0.0,0.0,0.0,0.0,0.0,PASS_<20%,0.00,0.0,NO,STANDBY_VEL_LOW,1,1321.86,3268.14,132.45,FALSE,M1_DIRECTION_MISMATCH
2026-09-07 19:09:30.670,1788808170.670,5139,23,188,4406.19,4406.27,8.0,PASS_<=10c,+0.0,FLAT,+0.0,+69.0,4.2,+0.00,0.00,SLOW,4405.50,4406.54,4403.14,4406.23,0.00,0.00,0.0,BEARISH,340.0,4406.19,4406.19,4406.19,4406.19,30,CLEARED_>=20s,1.0,0.0,0.0,0.0,0.0,0.0,0.0,PASS_<20%,0.00,0.0,NO,STANDBY_VEL_LOW,1,1321.86,3268.14,132.45,FALSE,M1_DIRECTION_MISMATCH
2026-09-07 19:09:31.171,1788808171.172,5140,24,189,4406.19,4406.27,8.0,PASS_<=10c,+0.0,FLAT,+0.0,+69.0,4.2,+0.00,0.00,SLOW,4405.50,4406.54,4403.14,4406.23,0.00,0.00,0.0,BEARISH,340.0,4406.19,4406.19,4406.19,4406.19,31,CLEARED_>=20s,1.0,0.0,0.0,0.0,0.0,0.0,0.0,PASS_<20%,0.00,0.0,NO,STANDBY_VEL_LOW,1,1321.86,3268.14,132.45,FALSE,M1_DIRECTION_MISMATCH
2026-09-07 19:09:31.673,1788808171.673,5141,25,190,4406.19,4406.27,8.0,PASS_<=10c,+0.0,FLAT,+0.0,+69.0,4.2,+0.00,0.00,SLOW,4405.50,4406.54,4403.14,4406.23,0.00,0.00,0.0,BEARISH,340.0,4406.19,4406.19,4406.19,4406.19,31,CLEARED_>=20s,1.0,0.0,0.0,0.0,0.0,0.0,0.0,PASS_<20%,0.00,0.0,NO,STANDBY_VEL_LOW,1,1321.86,3268.14,132.45,FALSE,M1_DIRECTION_MISMATCH
2026-09-07 19:09:32.174,1788808172.175,5142,26,191,4406.19,4406.27,8.0,PASS_<=10c,+0.0,FLAT,+0.0,+69.0,4.1,+0.00,0.00,SLOW,4405.50,4406.54,4403.14,4406.23,0.00,0.00,0.0,BEARISH,340.0,4406.19,4406.19,4406.19,4406.19,32,CLEARED_>=20s,1.0,0.0,0.0,0.0,0.0,0.0,0.0,PASS_<20%,0.00,0.0,NO,STANDBY_VEL_LOW,1,1321.86,3268.14,132.45,FALSE,M1_DIRECTION_MISMATCH
2026-09-07 19:09:32.676,1788808172.677,5143,27,192,4406.19,4406.27,8.0,PASS_<=10c,+0.0,FLAT,+0.0,+69.0,4.1,+0.00,0.00,SLOW,4405.50,4406.54,4403.14,4406.23,0.00,0.00,0.0,BEARISH,340.0,4406.19,4406.19,4406.19,4406.19,32,CLEARED_>=20s,1.0,0.0,0.0,0.0,0.0,0.0,0.0,PASS_<20%,0.00,0.0,NO,STANDBY_VEL_LOW,1,1321.86,3268.14,132.45,FALSE,M1_DIRECTION_MISMATCH
2026-09-07 19:09:33.178,1788808173.178,5144,28,193,4406.19,4406.27,8.0,PASS_<=10c,+0.0,FLAT,+0.0,+69.0,4.1,+0.00,0.00,SLOW,4405.50,4406.54,4403.14,4406.23,0.00,0.00,0.0,BEARISH,340.0,4406.19,4406.19,4406.19,4406.19,33,CLEARED_>=20s,1.0,0.0,0.0,0.0,0.0,0.0,0.0,PASS_<20%,0.00,0.0,NO,STANDBY_VEL_LOW,1,1321.86,3268.14,132.45,FALSE,M1_DIRECTION_MISMATCH
2026-09-07 19:09:33.680,1788808173.680,5145,29,194,4406.19,4406.27,8.0,PASS_<=10c,+0.0,FLAT,+0.0,+69.0,4.3,+0.00,0.00,SLOW,4405.50,4406.54,4403.14,4406.23,0.00,0.00,0.0,BEARISH,340.0,4406.19,4406.19,4406.19,4406.19,33,CLEARED_>=20s,1.0,0.0,0.0,0.0,0.0,0.0,0.0,PASS_<20%,0.00,0.0,NO,STANDBY_VEL_LOW,1,1321.86,3268.14,132.45,FALSE,M1_DIRECTION_MISMATCH
2026-09-07 19:09:34.181,1788808174.182,5146,30,195,4406.19,4406.27,8.0,PASS_<=10c,+0.0,FLAT,+0.0,+69.0,4.2,+0.00,0.00,SLOW,4405.50,4406.54,4403.14,4406.23,0.00,0.00,0.0,BEARISH,340.0,4406.19,4406.19,4406.19,4406.19,34,CLEARED_>=20s,1.0,0.0,0.0,0.0,0.0,0.0,0.0,PASS_<20%,0.00,0.0,NO,STANDBY_VEL_LOW,1,1321.86,3268.14,132.45,FALSE,M1_DIRECTION_MISMATCH
2026-09-07 19:09:34.683,1788808174.684,5147,31,196,4406.19,4406.27,8.0,PASS_<=10c,+0.0,FLAT,+0.0,+69.0,4.2,+0.00,0.00,SLOW,4405.50,4406.54,4403.14,4406.23,0.00,0.00,0.0,BEARISH,340.0,4406.19,4406.19,4406.19,4406.19,34,CLEARED_>=20s,1.0,0.0,0.0,0.0,0.0,0.0,0.0,PASS_<20%,0.00,0.0,NO,STANDBY_VEL_LOW,1,1321.86,3268.14,132.45,FALSE,M1_DIRECTION_MISMATCH
2026-09-07 19:09:35.184,1788808175.185,5148,32,197,4406.19,4406.27,8.0,PASS_<=10c,+0.0,FLAT,+0.0,+69.0,4.2,+0.00,0.00,SLOW,4405.50,4406.54,4403.14,4406.23,0.00,0.00,0.0,BEARISH,340.0,4406.19,4406.19,4406.19,4406.19,35,CLEARED_>=20s,1.0,0.0,0.0,0.0,0.0,0.0,0.0,PASS_<20%,0.00,0.0,NO,STANDBY_VEL_LOW,1,1321.86,3268.14,132.45,FALSE,M1_DIRECTION_MISMATCH
2026-09-07 19:09:35.686,1788808175.686,5149,33,198,4406.19,4406.27,8.0,PASS_<=10c,+0.0,FLAT,+0.0,+69.0,4.2,+0.00,0.00,SLOW,4405.50,4406.54,4403.14,4406.23,0.00,0.00,0.0,BEARISH,340.0,4406.19,4406.19,4406.19,4406.19,35,CLEARED_>=20s,1.0,0.0,0.0,0.0,0.0,0.0,0.0,PASS_<20%,0.00,0.0,NO,STANDBY_VEL_LOW,1,1321.86,3268.14,132.45,FALSE,M1_DIRECTION_MISMATCH
2026-09-07 19:09:36.187,1788808176.188,5150,34,199,4406.19,4406.27,8.0,PASS_<=10c,+0.0,FLAT,+0.0,+69.0,4.2,+0.00,0.00,SLOW,4405.50,4406.54,4403.14,4406.23,0.00,0.00,0.0,BEARISH,340.0,4406.19,4406.19,4406.19,4406.19,36,CLEARED_>=20s,1.0,0.0,0.0,0.0,0.0,0.0,0.0,PASS_<20%,0.00,0.0,NO,STANDBY_VEL_LOW,1,1321.86,3268.14,132.45,FALSE,M1_DIRECTION_MISMATCH
2026-09-07 19:09:36.688,1788808176.689,5151,35,200,4406.19,4406.27,8.0,PASS_<=10c,+0.0,FLAT,+0.0,+69.0,4.2,+0.00,0.00,SLOW,4405.50,4406.54,4403.14,4406.23,0.00,0.00,0.0,BEARISH,340.0,4406.19,4406.19,4406.19,4406.19,36,CLEARED_>=20s,1.0,0.0,0.0,0.0,0.0,0.0,0.0,PASS_<20%,0.00,0.0,NO,STANDBY_VEL_LOW,1,1321.86,3268.14,132.45,FALSE,M1_DIRECTION_MISMATCH
2026-09-07 19:09:47.066,1788808187.066,5152,36,201,4406.19,4406.27,8.0,PASS_<=10c,+0.0,FLAT,+0.0,+69.0,1.3,+0.00,0.00,SLOW,4405.50,4406.54,4403.14,4406.23,0.00,0.00,0.0,BEARISH,340.0,4406.19,4406.19,4406.19,4406.19,47,CLEARED_>=20s,1.0,0.0,0.0,0.0,0.0,0.0,0.0,PASS_<20%,0.00,0.0,NO,STANDBY_VEL_LOW,1,1321.86,3268.14,132.45,FALSE,M1_DIRECTION_MISMATCH
2026-09-07 19:09:53.908,1788808193.908,5153,37,202,4406.19,4406.27,8.0,PASS_<=10c,+0.0,FLAT,+0.0,+69.0,1.3,+0.00,0.00,SLOW,4405.50,4406.54,4403.14,4406.23,0.00,0.00,0.0,BEARISH,340.0,4406.19,4406.19,4406.19,4406.19,53,CLEARED_>=20s,1.0,0.0,0.0,0.0,0.0,0.0,0.0,PASS_<20%,0.00,0.0,NO,STANDBY_VEL_LOW,1,1321.86,3268.14,132.45,FALSE,M1_DIRECTION_MISMATCH
2026-09-07 19:09:54.263,1788808194.263,5154,38,203,4406.19,4406.27,8.0,PASS_<=10c,+0.0,FLAT,+0.0,+69.0,1.9,+0.00,0.00,SLOW,4405.50,4406.54,4403.14,4406.23,0.00,0.00,0.0,BEARISH,340.0,4406.19,4406.19,4406.19,4406.19,54,CLEARED_>=20s,1.0,0.0,0.0,0.0,0.0,0.0,0.0,PASS_<20%,0.00,0.0,NO,STANDBY_VEL_LOW,1,1321.86,3268.14,132.45,FALSE,M1_DIRECTION_MISMATCH
2026-09-07 19:09:54.763,1788808194.764,5155,39,204,4406.19,4406.27,8.0,PASS_<=10c,+0.0,FLAT,+0.0,+69.0,2.3,+0.00,0.00,SLOW,4405.50,4406.54,4403.14,4406.23,0.00,0.00,0.0,BEARISH,340.0,4406.19,4406.19,4406.19,4406.19,54,CLEARED_>=20s,1.0,0.0,0.0,0.0,0.0,0.0,0.0,PASS_<20%,0.00,0.0,NO,STANDBY_VEL_LOW,1,1321.86,3268.14,132.45,FALSE,M1_DIRECTION_MISMATCH
2026-09-07 19:09:55.264,1788808195.265,5156,40,205,4406.19,4406.27,8.0,PASS_<=10c,+0.0,FLAT,+0.0,+69.0,2.6,+0.00,0.00,SLOW,4405.50,4406.54,4403.14,4406.23,0.00,0.00,0.0,BEARISH,340.0,4406.19,4406.19,4406.19,4406.19,55,CLEARED_>=20s,1.0,0.0,0.0,0.0,0.0,0.0,0.0,PASS_<20%,0.00,0.0,NO,STANDBY_VEL_LOW,1,1321.86,3268.14,132.45,FALSE,M1_DIRECTION_MISMATCH
2026-09-07 19:09:55.766,1788808195.767,5157,41,206,4406.19,4406.27,8.0,PASS_<=10c,+0.0,FLAT,+0.0,+69.0,2.8,+0.00,0.00,SLOW,4405.50,4406.54,4403.14,4406.23,0.00,0.00,0.0,BEARISH,340.0,4406.19,4406.19,4406.19,4406.19,55,CLEARED_>=20s,1.0,0.0,0.0,0.0,0.0,0.0,0.0,PASS_<20%,0.00,0.0,NO,STANDBY_VEL_LOW,1,1321.86,3268.14,132.45,FALSE,M1_DIRECTION_MISMATCH
2026-09-07 19:09:56.268,1788808196.268,5158,42,207,4406.19,4406.27,8.0,PASS_<=10c,+0.0,FLAT,+0.0,+69.0,3.0,+0.00,0.00,SLOW,4405.50,4406.54,4403.14,4406.23,0.00,0.00,0.0,BEARISH,340.0,4406.19,4406.19,4406.19,4406.19,56,CLEARED_>=20s,1.0,0.0,0.0,0.0,0.0,0.0,0.0,PASS_<20%,0.00,0.0,NO,STANDBY_VEL_LOW,1,1321.86,3268.14,132.45,FALSE,M1_DIRECTION_MISMATCH
2026-09-07 19:09:56.769,1788808196.770,5159,43,208,4406.19,4406.27,8.0,PASS_<=10c,+0.0,FLAT,+0.0,+69.0,3.1,+0.00,0.00,SLOW,4405.50,4406.54,4403.14,4406.23,0.00,0.00,0.0,BEARISH,340.0,4406.19,4406.19,4406.19,4406.19,56,CLEARED_>=20s,1.0,0.0,0.0,0.0,0.0,0.0,0.0,PASS_<20%,0.00,0.0,NO,STANDBY_VEL_LOW,1,1321.86,3268.14,132.45,FALSE,M1_DIRECTION_MISMATCH
2026-09-07 19:09:57.271,1788808197.271,5160,44,209,4406.19,4406.27,8.0,PASS_<=10c,+0.0,FLAT,+0.0,+69.0,4.5,+0.00,0.00,SLOW,4405.50,4406.54,4403.14,4406.23,0.00,0.00,0.0,BEARISH,340.0,4406.19,4406.19,4406.19,4406.19,57,CLEARED_>=20s,1.0,0.0,0.0,0.0,0.0,0.0,0.0,PASS_<20%,0.00,0.0,NO,STANDBY_VEL_LOW,1,1321.86,3268.14,132.45,FALSE,M1_DIRECTION_MISMATCH
2026-09-07 19:09:57.772,1788808197.772,5161,45,210,4406.19,4406.27,8.0,PASS_<=10c,+0.0,FLAT,+0.0,+69.0,4.4,+0.00,0.00,SLOW,4405.50,4406.54,4403.14,4406.23,0.00,0.00,0.0,BEARISH,340.0,4406.19,4406.19,4406.19,4406.19,57,CLEARED_>=20s,1.0,0.0,0.0,0.0,0.0,0.0,0.0,PASS_<20%,0.00,0.0,NO,STANDBY_VEL_LOW,1,1321.86,3268.14,132.45,FALSE,M1_DIRECTION_MISMATCH
2026-09-07 19:09:58.273,1788808198.274,5162,46,211,4406.19,4406.27,8.0,PASS_<=10c,+0.0,FLAT,+0.0,+69.0,4.4,+0.00,0.00,SLOW,4405.50,4406.54,4403.14,4406.23,0.00,0.00,0.0,BEARISH,340.0,4406.19,4406.19,4406.19,4406.19,58,CLEARED_>=20s,1.0,0.0,0.0,0.0,0.0,0.0,0.0,PASS_<20%,0.00,0.0,NO,STANDBY_VEL_LOW,1,1321.86,3268.14,132.45,FALSE,M1_DIRECTION_MISMATCH
2026-09-07 19:09:58.775,1788808198.776,5163,47,212,4406.19,4406.27,8.0,PASS_<=10c,+0.0,FLAT,+0.0,+69.0,4.3,+0.00,0.00,SLOW,4405.50,4406.54,4403.14,4406.23,0.00,0.00,0.0,BEARISH,340.0,4406.19,4406.19,4406.19,4406.19,58,CLEARED_>=20s,1.0,0.0,0.0,0.0,0.0,0.0,0.0,PASS_<20%,0.00,0.0,NO,STANDBY_VEL_LOW,1,1321.86,3268.14,132.45,FALSE,M1_DIRECTION_MISMATCH
2026-09-07 19:09:59.278,1788808199.278,5164,48,213,4406.19,4406.27,8.0,PASS_<=10c,+0.0,FLAT,+0.0,+69.0,4.2,+0.00,0.00,SLOW,4405.50,4406.54,4403.14,4406.23,0.00,0.00,0.0,BEARISH,340.0,4406.19,4406.19,4406.19,4406.19,59,CLEARED_>=20s,1.0,0.0,0.0,0.0,0.0,0.0,0.0,PASS_<20%,0.00,0.0,NO,STANDBY_VEL_LOW,1,1321.86,3268.14,132.45,FALSE,M1_DIRECTION_MISMATCH
2026-09-07 19:09:59.779,1788808199.779,5165,49,214,4406.19,4406.27,8.0,PASS_<=10c,+0.0,FLAT,+0.0,+69.0,4.2,+0.00,0.00,SLOW,4405.50,4406.54,4403.14,4406.23,0.00,0.00,0.0,BEARISH,340.0,4406.19,4406.19,4406.19,4406.19,59,CLEARED_>=20s,1.0,0.0,0.0,0.0,0.0,0.0,0.0,PASS_<20%,0.00,0.0,NO,STANDBY_VEL_LOW,1,1321.86,3268.14,132.45,FALSE,M1_DIRECTION_MISMATCH
2026-09-07 19:10:00.281,1788808200.282,5166,1,1,4406.19,4406.27,8.0,PASS_<=10c,+0.0,FLAT,+0.0,+0.0,4.2,+0.00,0.00,SLOW,4406.19,4406.19,4406.19,4406.19,0.00,0.00,0.0,BEARISH,0.0,4406.19,4406.19,4406.19,4406.19,0,ACTIVE_0s,1.0,0.0,0.0,0.0,0.0,0.0,0.0,PASS_<20%,0.00,0.0,NO,STANDBY_VEL_LOW,1,1321.86,3268.14,132.45,FALSE,M1_DIRECTION_MISMATCH|OPENING_SHIELD_ACTIVE_0s
2026-09-07 19:10:00.783,1788808200.783,5167,2,2,4406.19,4406.27,8.0,PASS_<=10c,+0.0,FLAT,+0.0,+0.0,4.2,+0.00,0.00,SLOW,4406.19,4406.19,4406.19,4406.19,0.00,0.00,0.0,BEARISH,0.0,4406.19,4406.19,4406.19,4406.19,0,ACTIVE_0s,1.0,0.0,0.0,0.0,0.0,0.0,0.0,PASS_<20%,0.00,0.0,NO,STANDBY_VEL_LOW,1,1321.86,3268.14,132.45,FALSE,M1_DIRECTION_MISMATCH|OPENING_SHIELD_ACTIVE_0s
2026-09-07 19:10:01.284,1788808201.285,5168,3,3,4406.19,4406.27,8.0,PASS_<=10c,+0.0,FLAT,+0.0,+0.0,4.2,+0.00,0.00,SLOW,4406.19,4406.19,4406.19,4406.19,0.00,0.00,0.0,BEARISH,0.0,4406.19,4406.19,4406.19,4406.19,1,ACTIVE_1s,1.0,0.0,0.0,0.0,0.0,0.0,0.0,PASS_<20%,0.00,0.0,NO,STANDBY_VEL_LOW,1,1321.86,3268.14,132.45,FALSE,M1_DIRECTION_MISMATCH|OPENING_SHIELD_ACTIVE_1s
2026-09-07 19:10:01.787,1788808201.787,5169,4,4,4406.19,4406.27,8.0,PASS_<=10c,+0.0,FLAT,+0.0,+0.0,4.2,+0.00,0.00,SLOW,4406.19,4406.19,4406.19,4406.19,0.00,0.00,0.0,BEARISH,0.0,4406.19,4406.19,4406.19,4406.19,1,ACTIVE_1s,1.0,0.0,0.0,0.0,0.0,0.0,0.0,PASS_<20%,0.00,0.0,NO,STANDBY_VEL_LOW,1,1321.86,3268.14,132.45,FALSE,M1_DIRECTION_MISMATCH|OPENING_SHIELD_ACTIVE_1s
2026-09-07 19:10:12.169,1788808212.169,5170,5,5,4406.19,4406.27,8.0,PASS_<=10c,+0.0,FLAT,+0.0,+0.0,1.3,+0.00,0.00,SLOW,4406.19,4406.19,4406.19,4406.19,0.00,0.00,0.0,BEARISH,0.0,4406.19,4406.19,4406.19,4406.19,12,ACTIVE_12s,1.0,0.0,0.0,0.0,0.0,0.0,0.0,PASS_<20%,0.00,0.0,NO,STANDBY_VEL_LOW,1,1321.86,3268.14,132.45,FALSE,M1_DIRECTION_MISMATCH|OPENING_SHIELD_ACTIVE_12s
2026-09-07 19:10:18.994,1788808218.995,5171,6,6,4406.19,4406.27,8.0,PASS_<=10c,+0.0,FLAT,+0.0,+0.0,1.3,+0.00,0.00,SLOW,4406.19,4406.19,4406.19,4406.19,0.00,0.00,0.0,BEARISH,0.0,4406.19,4406.19,4406.19,4406.19,18,ACTIVE_18s,1.0,0.0,0.0,0.0,0.0,0.0,0.0,PASS_<20%,0.00,0.0,NO,STANDBY_VEL_LOW,1,1321.86,3268.14,132.45,FALSE,M1_DIRECTION_MISMATCH|OPENING_SHIELD_ACTIVE_18s
2026-09-07 19:10:19.349,1788808219.350,5172,7,7,4406.19,4406.27,8.0,PASS_<=10c,+0.0,FLAT,+0.0,+0.0,1.9,+0.00,0.00,SLOW,4406.19,4406.19,4406.19,4406.19,0.00,0.00,0.0,BEARISH,0.0,4406.19,4406.19,4406.19,4406.19,19,ACTIVE_19s,1.0,0.0,0.0,0.0,0.0,0.0,0.0,PASS_<20%,0.00,0.0,NO,STANDBY_VEL_LOW,1,1321.86,3268.14,132.45,FALSE,M1_DIRECTION_MISMATCH|OPENING_SHIELD_ACTIVE_19s
2026-09-07 19:10:19.851,1788808219.852,5173,8,8,4406.19,4406.27,8.0,PASS_<=10c,+0.0,FLAT,+0.0,+0.0,2.3,+0.00,0.00,SLOW,4406.19,4406.19,4406.19,4406.19,0.00,0.00,0.0,BEARISH,0.0,4406.19,4406.19,4406.19,4406.19,19,ACTIVE_19s,1.0,0.0,0.0,0.0,0.0,0.0,0.0,PASS_<20%,0.00,0.0,NO,STANDBY_VEL_LOW,1,1321.86,3268.14,132.45,FALSE,M1_DIRECTION_MISMATCH|OPENING_SHIELD_ACTIVE_19s
2026-09-07 19:10:20.352,1788808220.353,5174,9,9,4406.19,4406.27,8.0,PASS_<=10c,+0.0,FLAT,+0.0,+0.0,2.6,+0.00,0.00,SLOW,4406.19,4406.19,4406.19,4406.19,0.00,0.00,0.0,BEARISH,0.0,4406.19,4406.19,4406.19,4406.19,20,CLEARED_>=20s,1.0,0.0,0.0,0.0,0.0,0.0,0.0,PASS_<20%,0.00,0.0,NO,STANDBY_VEL_LOW,1,1321.86,3268.14,132.45,FALSE,M1_DIRECTION_MISMATCH
2026-09-07 19:10:20.855,1788808220.855,5175,10,10,4406.19,4406.27,8.0,PASS_<=10c,+0.0,FLAT,+0.0,+0.0,2.8,+0.00,0.00,SLOW,4406.19,4406.19,4406.19,4406.19,0.00,0.00,0.0,BEARISH,0.0,4406.19,4406.19,4406.19,4406.19,20,CLEARED_>=20s,1.0,0.0,0.0,0.0,0.0,0.0,0.0,PASS_<20%,0.00,0.0,NO,STANDBY_VEL_LOW,1,1321.86,3268.14,132.45,FALSE,M1_DIRECTION_MISMATCH
2026-09-07 19:10:21.357,1788808221.357,5176,11,11,4406.19,4406.27,8.0,PASS_<=10c,+0.0,FLAT,+0.0,+0.0,3.0,+0.00,0.00,SLOW,4406.19,4406.19,4406.19,4406.19,0.00,0.00,0.0,BEARISH,0.0,4406.19,4406.19,4406.19,4406.19,21,CLEARED_>=20s,1.0,0.0,0.0,0.0,0.0,0.0,0.0,PASS_<20%,0.00,0.0,NO,STANDBY_VEL_LOW,1,1321.86,3268.14,132.45,FALSE,M1_DIRECTION_MISMATCH
2026-09-07 19:10:21.858,1788808221.859,5177,12,12,4406.19,4406.27,8.0,PASS_<=10c,+0.0,FLAT,+0.0,+0.0,3.1,+0.00,0.00,SLOW,4406.19,4406.19,4406.19,4406.19,0.00,0.00,0.0,BEARISH,0.0,4406.19,4406.19,4406.19,4406.19,21,CLEARED_>=20s,1.0,0.0,0.0,0.0,0.0,0.0,0.0,PASS_<20%,0.00,0.0,NO,STANDBY_VEL_LOW,1,1321.86,3268.14,132.45,FALSE,M1_DIRECTION_MISMATCH
2026-09-07 19:10:22.360,1788808222.360,5178,13,13,4406.19,4406.27,8.0,PASS_<=10c,+0.0,FLAT,+0.0,+0.0,4.5,+0.00,0.00,SLOW,4406.19,4406.19,4406.19,4406.19,0.00,0.00,0.0,BEARISH,0.0,4406.19,4406.19,4406.19,4406.19,22,CLEARED_>=20s,1.0,0.0,0.0,0.0,0.0,0.0,0.0,PASS_<20%,0.00,0.0,NO,STANDBY_VEL_LOW,1,1321.86,3268.14,132.45,FALSE,M1_DIRECTION_MISMATCH
2026-09-07 19:10:22.862,1788808222.863,5179,14,14,4406.19,4406.27,8.0,PASS_<=10c,+0.0,FLAT,+0.0,+0.0,4.4,+0.00,0.00,SLOW,4406.19,4406.19,4406.19,4406.19,0.00,0.00,0.0,BEARISH,0.0,4406.19,4406.19,4406.19,4406.19,22,CLEARED_>=20s,1.0,0.0,0.0,0.0,0.0,0.0,0.0,PASS_<20%,0.00,0.0,NO,STANDBY_VEL_LOW,1,1321.86,3268.14,132.45,FALSE,M1_DIRECTION_MISMATCH
2026-09-07 19:10:23.364,1788808223.364,5180,15,15,4406.19,4406.27,8.0,PASS_<=10c,+0.0,FLAT,+0.0,+0.0,4.3,+0.00,0.00,SLOW,4406.19,4406.19,4406.19,4406.19,0.00,0.00,0.0,BEARISH,0.0,4406.19,4406.19,4406.19,4406.19,23,CLEARED_>=20s,1.0,0.0,0.0,0.0,0.0,0.0,0.0,PASS_<20%,0.00,0.0,NO,STANDBY_VEL_LOW,1,1321.86,3268.14,132.45,FALSE,M1_DIRECTION_MISMATCH
2026-09-07 19:10:23.865,1788808223.866,5181,16,16,4406.19,4406.27,8.0,PASS_<=10c,+0.0,FLAT,+0.0,+0.0,4.3,+0.00,0.00,SLOW,4406.19,4406.19,4406.19,4406.19,0.00,0.00,0.0,BEARISH,0.0,4406.19,4406.19,4406.19,4406.19,23,CLEARED_>=20s,1.0,0.0,0.0,0.0,0.0,0.0,0.0,PASS_<20%,0.00,0.0,NO,STANDBY_VEL_LOW,1,1321.86,3268.14,132.45,FALSE,M1_DIRECTION_MISMATCH
2026-09-07 19:10:24.366,1788808224.367,5182,17,17,4406.19,4406.27,8.0,PASS_<=10c,+0.0,FLAT,+0.0,+0.0,4.2,+0.00,0.00,SLOW,4406.19,4406.19,4406.19,4406.19,0.00,0.00,0.0,BEARISH,0.0,4406.19,4406.19,4406.19,4406.19,24,CLEARED_>=20s,1.0,0.0,0.0,0.0,0.0,0.0,0.0,PASS_<20%,0.00,0.0,NO,STANDBY_VEL_LOW,1,1321.86,3268.14,132.45,FALSE,M1_DIRECTION_MISMATCH
2026-09-07 19:10:24.868,1788808224.868,5183,18,18,4406.19,4406.27,8.0,PASS_<=10c,+0.0,FLAT,+0.0,+69.0,4.2,+0.00,0.00,SLOW,4405.50,4406.54,4403.14,4406.23,0.00,0.00,0.0,BEARISH,340.0,4406.19,4406.19,4406.19,4406.19,24,CLEARED_>=20s,1.0,0.0,0.0,0.0,0.0,0.0,0.0,PASS_<20%,0.00,0.0,NO,STANDBY_VEL_LOW,1,1321.86,3268.14,132.45,FALSE,M1_DIRECTION_MISMATCH
2026-09-07 19:10:25.369,1788808225.370,5184,19,19,4406.19,4406.27,8.0,PASS_<=10c,+0.0,FLAT,+0.0,+69.0,4.2,+0.00,0.00,SLOW,4405.50,4406.54,4403.14,4406.23,0.00,0.00,0.0,BEARISH,340.0,4406.19,4406.19,4406.19,4406.19,25,CLEARED_>=20s,1.0,0.0,0.0,0.0,0.0,0.0,0.0,PASS_<20%,0.00,0.0,NO,STANDBY_VEL_LOW,1,1321.86,3268.14,132.45,FALSE,M1_DIRECTION_MISMATCH
2026-09-07 19:10:25.871,1788808225.872,5185,20,20,4406.19,4406.27,8.0,PASS_<=10c,+0.0,FLAT,+0.0,+69.0,4.2,+0.00,0.00,SLOW,4405.50,4406.54,4403.14,4406.23,0.00,0.00,0.0,BEARISH,340.0,4406.19,4406.19,4406.19,4406.19,25,CLEARED_>=20s,1.0,0.0,0.0,0.0,0.0,0.0,0.0,PASS_<20%,0.00,0.0,NO,STANDBY_VEL_LOW,1,1321.86,3268.14,132.45,FALSE,M1_DIRECTION_MISMATCH
2026-09-07 19:10:26.372,1788808226.373,5186,21,21,4406.19,4406.27,8.0,PASS_<=10c,+0.0,FLAT,+0.0,+69.0,4.2,+0.00,0.00,SLOW,4405.50,4406.54,4403.14,4406.23,0.00,0.00,0.0,BEARISH,340.0,4406.19,4406.19,4406.19,4406.19,26,CLEARED_>=20s,1.0,0.0,0.0,0.0,0.0,0.0,0.0,PASS_<20%,0.00,0.0,NO,STANDBY_VEL_LOW,1,1321.86,3268.14,132.45,FALSE,M1_DIRECTION_MISMATCH
2026-09-07 19:10:26.874,1788808226.875,5187,22,22,4406.19,4406.27,8.0,PASS_<=10c,+0.0,FLAT,+0.0,+69.0,4.2,+0.00,0.00,SLOW,4405.50,4406.54,4403.14,4406.23,0.00,0.00,0.0,BEARISH,340.0,4406.19,4406.19,4406.19,4406.19,26,CLEARED_>=20s,1.0,0.0,0.0,0.0,0.0,0.0,0.0,PASS_<20%,0.00,0.0,NO,STANDBY_VEL_LOW,1,1321.86,3268.14,132.45,FALSE,M1_DIRECTION_MISMATCH
2026-09-07 19:10:37.268,1788808237.268,5188,23,23,4406.19,4406.27,8.0,PASS_<=10c,+0.0,FLAT,+0.0,+69.0,1.3,+0.00,0.00,SLOW,4405.50,4406.54,4403.14,4406.23,0.00,0.00,0.0,BEARISH,340.0,4406.19,4406.19,4406.19,4406.19,37,CLEARED_>=20s,1.0,0.0,0.0,0.0,0.0,0.0,0.0,PASS_<20%,0.00,0.0,NO,STANDBY_VEL_LOW,1,1321.86,3268.14,132.45,FALSE,M1_DIRECTION_MISMATCH
2026-09-07 19:10:43.088,1788808243.088,5189,24,24,4406.19,4406.27,8.0,PASS_<=10c,+0.0,FLAT,+0.0,+69.0,2.0,+0.00,0.00,SLOW,4405.50,4406.54,4403.14,4406.23,0.00,0.00,0.0,BEARISH,340.0,4406.19,4406.19,4406.19,4406.19,43,CLEARED_>=20s,1.0,0.0,0.0,0.0,0.0,0.0,0.0,PASS_<20%,0.00,0.0,NO,STANDBY_VEL_LOW,1,1321.86,3268.14,132.45,FALSE,M1_DIRECTION_MISMATCH
2026-09-07 19:10:43.443,1788808243.444,5190,25,25,4406.19,4406.27,8.0,PASS_<=10c,+0.0,FLAT,+0.0,+69.0,3.8,+0.00,0.00,SLOW,4405.50,4406.54,4403.14,4406.23,0.00,0.00,0.0,BEARISH,340.0,4406.19,4406.19,4406.19,4406.19,43,CLEARED_>=20s,1.0,0.0,0.0,0.0,0.0,0.0,0.0,PASS_<20%,0.00,0.0,NO,STANDBY_VEL_LOW,1,1321.86,3268.14,132.45,FALSE,M1_DIRECTION_MISMATCH
2026-09-07 19:10:43.945,1788808243.946,5191,26,26,4406.19,4406.27,8.0,PASS_<=10c,+0.0,FLAT,+0.0,+69.0,3.9,+0.00,0.00,SLOW,4405.50,4406.54,4403.14,4406.23,0.00,0.00,0.0,BEARISH,340.0,4406.19,4406.19,4406.19,4406.19,43,CLEARED_>=20s,1.0,0.0,0.0,0.0,0.0,0.0,0.0,PASS_<20%,0.00,0.0,NO,STANDBY_VEL_LOW,1,1321.86,3268.14,132.45,FALSE,M1_DIRECTION_MISMATCH
2026-09-07 19:10:44.446,1788808244.447,5192,27,27,4406.19,4406.27,8.0,PASS_<=10c,+0.0,FLAT,+0.0,+69.0,3.9,+0.00,0.00,SLOW,4405.50,4406.54,4403.14,4406.23,0.00,0.00,0.0,BEARISH,340.0,4406.19,4406.19,4406.19,4406.19,44,CLEARED_>=20s,1.0,0.0,0.0,0.0,0.0,0.0,0.0,PASS_<20%,0.00,0.0,NO,STANDBY_VEL_LOW,1,1321.86,3268.14,132.45,FALSE,M1_DIRECTION_MISMATCH
2026-09-07 19:10:44.948,1788808244.949,5193,28,28,4406.19,4406.27,8.0,PASS_<=10c,+0.0,FLAT,+0.0,+69.0,3.9,+0.00,0.00,SLOW,4405.50,4406.54,4403.14,4406.23,0.00,0.00,0.0,BEARISH,340.0,4406.19,4406.19,4406.19,4406.19,44,CLEARED_>=20s,1.0,0.0,0.0,0.0,0.0,0.0,0.0,PASS_<20%,0.00,0.0,NO,STANDBY_VEL_LOW,1,1321.86,3268.14,132.45,FALSE,M1_DIRECTION_MISMATCH
2026-09-07 19:10:45.449,1788808245.450,5194,29,29,4406.19,4406.27,8.0,PASS_<=10c,+0.0,FLAT,+0.0,+69.0,3.9,+0.00,0.00,SLOW,4405.50,4406.54,4403.14,4406.23,0.00,0.00,0.0,BEARISH,340.0,4406.19,4406.19,4406.19,4406.19,45,CLEARED_>=20s,1.0,0.0,0.0,0.0,0.0,0.0,0.0,PASS_<20%,0.00,0.0,NO,STANDBY_VEL_LOW,1,1321.86,3268.14,132.45,FALSE,M1_DIRECTION_MISMATCH
2026-09-07 19:10:45.953,1788808245.954,5195,30,30,4406.19,4406.27,8.0,PASS_<=10c,+0.0,FLAT,+0.0,+69.0,3.9,+0.00,0.00,SLOW,4405.50,4406.54,4403.14,4406.23,0.00,0.00,0.0,BEARISH,340.0,4406.19,4406.19,4406.19,4406.19,45,CLEARED_>=20s,1.0,0.0,0.0,0.0,0.0,0.0,0.0,PASS_<20%,0.00,0.0,NO,STANDBY_VEL_LOW,1,1321.86,3268.14,132.45,FALSE,M1_DIRECTION_MISMATCH
2026-09-07 19:10:46.451,1788808246.452,5196,31,31,4406.19,4406.27,8.0,PASS_<=10c,+0.0,FLAT,+0.0,+69.0,3.9,+0.00,0.00,SLOW,4405.50,4406.54,4403.14,4406.23,0.00,0.00,0.0,BEARISH,340.0,4406.19,4406.19,4406.19,4406.19,46,CLEARED_>=20s,1.0,0.0,0.0,0.0,0.0,0.0,0.0,PASS_<20%,0.00,0.0,NO,STANDBY_VEL_LOW,1,1321.86,3268.14,132.45,FALSE,M1_DIRECTION_MISMATCH
2026-09-07 19:10:46.953,1788808246.954,5197,32,32,4406.19,4406.27,8.0,PASS_<=10c,+0.0,FLAT,+0.0,+69.0,3.9,+0.00,0.00,SLOW,4405.50,4406.54,4403.14,4406.23,0.00,0.00,0.0,BEARISH,340.0,4406.19,4406.19,4406.19,4406.19,46,CLEARED_>=20s,1.0,0.0,0.0,0.0,0.0,0.0,0.0,PASS_<20%,0.00,0.0,NO,STANDBY_VEL_LOW,1,1321.86,3268.14,132.45,FALSE,M1_DIRECTION_MISMATCH
2026-09-07 19:10:47.455,1788808247.455,5198,33,33,4406.19,4406.27,8.0,PASS_<=10c,+0.0,FLAT,+0.0,+69.0,4.4,+0.00,0.00,SLOW,4405.50,4406.54,4403.14,4406.23,0.00,0.00,0.0,BEARISH,340.0,4406.19,4406.19,4406.19,4406.19,47,CLEARED_>=20s,1.0,0.0,0.0,0.0,0.0,0.0,0.0,PASS_<20%,0.00,0.0,NO,STANDBY_VEL_LOW,1,1321.86,3268.14,132.45,FALSE,M1_DIRECTION_MISMATCH
2026-09-07 19:10:47.958,1788808247.959,5199,34,34,4406.19,4406.27,8.0,PASS_<=10c,+0.0,FLAT,+0.0,+69.0,4.3,+0.00,0.00,SLOW,4405.50,4406.54,4403.14,4406.23,0.00,0.00,0.0,BEARISH,340.0,4406.19,4406.19,4406.19,4406.19,47,CLEARED_>=20s,1.0,0.0,0.0,0.0,0.0,0.0,0.0,PASS_<20%,0.00,0.0,NO,STANDBY_VEL_LOW,1,1321.86,3268.14,132.45,FALSE,M1_DIRECTION_MISMATCH
2026-09-07 19:10:48.458,1788808248.459,5200,35,35,4406.19,4406.27,8.0,PASS_<=10c,+0.0,FLAT,+0.0,+69.0,4.2,+0.00,0.00,SLOW,4405.50,4406.54,4403.14,4406.23,0.00,0.00,0.0,BEARISH,340.0,4406.19,4406.19,4406.19,4406.19,48,CLEARED_>=20s,1.0,0.0,0.0,0.0,0.0,0.0,0.0,PASS_<20%,0.00,0.0,NO,STANDBY_VEL_LOW,1,1321.86,3268.14,132.45,FALSE,M1_DIRECTION_MISMATCH
2026-09-07 19:10:48.959,1788808248.960,5201,36,36,4406.19,4406.27,8.0,PASS_<=10c,+0.0,FLAT,+0.0,+69.0,4.2,+0.00,0.00,SLOW,4405.50,4406.54,4403.14,4406.23,0.00,0.00,0.0,BEARISH,340.0,4406.19,4406.19,4406.19,4406.19,48,CLEARED_>=20s,1.0,0.0,0.0,0.0,0.0,0.0,0.0,PASS_<20%,0.00,0.0,NO,STANDBY_VEL_LOW,1,1321.86,3268.14,132.45,FALSE,M1_DIRECTION_MISMATCH
2026-09-07 19:10:49.460,1788808249.461,5202,37,37,4406.19,4406.27,8.0,PASS_<=10c,+0.0,FLAT,+0.0,+69.0,4.2,+0.00,0.00,SLOW,4405.50,4406.54,4403.14,4406.23,0.00,0.00,0.0,BEARISH,340.0,4406.19,4406.19,4406.19,4406.19,49,CLEARED_>=20s,1.0,0.0,0.0,0.0,0.0,0.0,0.0,PASS_<20%,0.00,0.0,NO,STANDBY_VEL_LOW,1,1321.86,3268.14,132.45,FALSE,M1_DIRECTION_MISMATCH
2026-09-07 19:10:49.962,1788808249.963,5203,38,38,4406.19,4406.27,8.0,PASS_<=10c,+0.0,FLAT,+0.0,+69.0,4.2,+0.00,0.00,SLOW,4405.50,4406.54,4403.14,4406.23,0.00,0.00,0.0,BEARISH,340.0,4406.19,4406.19,4406.19,4406.19,49,CLEARED_>=20s,1.0,0.0,0.0,0.0,0.0,0.0,0.0,PASS_<20%,0.00,0.0,NO,STANDBY_VEL_LOW,1,1321.86,3268.14,132.45,FALSE,M1_DIRECTION_MISMATCH
2026-09-07 19:10:50.464,1788808250.465,5204,39,39,4406.19,4406.27,8.0,PASS_<=10c,+0.0,FLAT,+0.0,+69.0,4.2,+0.00,0.00,SLOW,4405.50,4406.54,4403.14,4406.23,0.00,0.00,0.0,BEARISH,340.0,4406.19,4406.19,4406.19,4406.19,50,CLEARED_>=20s,1.0,0.0,0.0,0.0,0.0,0.0,0.0,PASS_<20%,0.00,0.0,NO,STANDBY_VEL_LOW,1,1321.86,3268.14,132.45,FALSE,M1_DIRECTION_MISMATCH
2026-09-07 19:10:50.965,1788808250.965,5205,40,40,4406.19,4406.27,8.0,PASS_<=10c,+0.0,FLAT,+0.0,+69.0,4.2,+0.00,0.00,SLOW,4405.50,4406.54,4403.14,4406.23,0.00,0.00,0.0,BEARISH,340.0,4406.19,4406.19,4406.19,4406.19,50,CLEARED_>=20s,1.0,0.0,0.0,0.0,0.0,0.0,0.0,PASS_<20%,0.00,0.0,NO,STANDBY_VEL_LOW,1,1321.86,3268.14,132.45,FALSE,M1_DIRECTION_MISMATCH
2026-09-07 19:11:01.342,1788808261.343,5206,1,41,4406.19,4406.27,8.0,PASS_<=10c,+0.0,FLAT,+0.0,+69.0,1.3,+0.00,0.00,SLOW,4405.50,4406.54,4403.14,4406.23,0.00,0.00,0.0,BEARISH,340.0,4406.19,4406.19,4406.19,4406.19,1,ACTIVE_1s,1.0,0.0,0.0,0.0,0.0,0.0,0.0,PASS_<20%,0.00,0.0,NO,STANDBY_VEL_LOW,1,1321.86,3268.14,132.45,FALSE,M1_DIRECTION_MISMATCH|OPENING_SHIELD_ACTIVE_1s
2026-09-07 19:11:07.972,1788808267.973,5207,2,42,4406.19,4406.27,8.0,PASS_<=10c,+0.0,FLAT,+0.0,+69.0,1.3,+0.00,0.00,SLOW,4405.50,4406.54,4403.14,4406.23,0.00,0.00,0.0,BEARISH,340.0,4406.19,4406.19,4406.19,4406.19,7,ACTIVE_7s,1.0,0.0,0.0,0.0,0.0,0.0,0.0,PASS_<20%,0.00,0.0,NO,STANDBY_VEL_LOW,1,1321.86,3268.14,132.45,FALSE,M1_DIRECTION_MISMATCH|OPENING_SHIELD_ACTIVE_7s
2026-09-07 19:11:08.329,1788808268.329,5208,3,43,4406.19,4406.27,8.0,PASS_<=10c,+0.0,FLAT,+0.0,+69.0,2.1,+0.00,0.00,SLOW,4405.50,4406.54,4403.14,4406.23,0.00,0.00,0.0,BEARISH,340.0,4406.19,4406.19,4406.19,4406.19,8,ACTIVE_8s,1.0,0.0,0.0,0.0,0.0,0.0,0.0,PASS_<20%,0.00,0.0,NO,STANDBY_VEL_LOW,1,1321.86,3268.14,132.45,FALSE,M1_DIRECTION_MISMATCH|OPENING_SHIELD_ACTIVE_8s
2026-09-07 19:11:08.830,1788808268.831,5209,4,44,4406.19,4406.27,8.0,PASS_<=10c,+0.0,FLAT,+0.0,+69.0,2.5,+0.00,0.00,SLOW,4405.50,4406.54,4403.14,4406.23,0.00,0.00,0.0,BEARISH,340.0,4406.19,4406.19,4406.19,4406.19,8,ACTIVE_8s,1.0,0.0,0.0,0.0,0.0,0.0,0.0,PASS_<20%,0.00,0.0,NO,STANDBY_VEL_LOW,1,1321.86,3268.14,132.45,FALSE,M1_DIRECTION_MISMATCH|OPENING_SHIELD_ACTIVE_8s
2026-09-07 19:11:09.332,1788808269.332,5210,5,45,4406.19,4406.27,8.0,PASS_<=10c,+0.0,FLAT,+0.0,+69.0,2.8,+0.00,0.00,SLOW,4405.50,4406.54,4403.14,4406.23,0.00,0.00,0.0,BEARISH,340.0,4406.19,4406.19,4406.19,4406.19,9,ACTIVE_9s,1.0,0.0,0.0,0.0,0.0,0.0,0.0,PASS_<20%,0.00,0.0,NO,STANDBY_VEL_LOW,1,1321.86,3268.14,132.45,FALSE,M1_DIRECTION_MISMATCH|OPENING_SHIELD_ACTIVE_9s
2026-09-07 19:11:09.833,1788808269.834,5211,6,46,4406.19,4406.27,8.0,PASS_<=10c,+0.0,FLAT,+0.0,+69.0,3.0,+0.00,0.00,SLOW,4405.50,4406.54,4403.14,4406.23,0.00,0.00,0.0,BEARISH,340.0,4406.19,4406.19,4406.19,4406.19,9,ACTIVE_9s,1.0,0.0,0.0,0.0,0.0,0.0,0.0,PASS_<20%,0.00,0.0,NO,STANDBY_VEL_LOW,1,1321.86,3268.14,132.45,FALSE,M1_DIRECTION_MISMATCH|OPENING_SHIELD_ACTIVE_9s
2026-09-07 19:11:10.336,1788808270.336,5212,7,47,4406.19,4406.27,8.0,PASS_<=10c,+0.0,FLAT,+0.0,+69.0,3.1,+0.00,0.00,SLOW,4405.50,4406.54,4403.14,4406.23,0.00,0.00,0.0,BEARISH,340.0,4406.19,4406.19,4406.19,4406.19,10,ACTIVE_10s,1.0,0.0,0.0,0.0,0.0,0.0,0.0,PASS_<20%,0.00,0.0,NO,STANDBY_VEL_LOW,1,1321.86,3268.14,132.45,FALSE,M1_DIRECTION_MISMATCH|OPENING_SHIELD_ACTIVE_10s
2026-09-07 19:11:10.837,1788808270.837,5213,8,48,4406.19,4406.27,8.0,PASS_<=10c,+0.0,FLAT,+0.0,+69.0,3.2,+0.00,0.00,SLOW,4405.50,4406.54,4403.14,4406.23,0.00,0.00,0.0,BEARISH,340.0,4406.19,4406.19,4406.19,4406.19,10,ACTIVE_10s,1.0,0.0,0.0,0.0,0.0,0.0,0.0,PASS_<20%,0.00,0.0,NO,STANDBY_VEL_LOW,1,1321.86,3268.14,132.45,FALSE,M1_DIRECTION_MISMATCH|OPENING_SHIELD_ACTIVE_10s
2026-09-07 19:11:11.339,1788808271.339,5214,9,49,4406.19,4406.27,8.0,PASS_<=10c,+0.0,FLAT,+0.0,+69.0,3.3,+0.00,0.00,SLOW,4405.50,4406.54,4403.14,4406.23,0.00,0.00,0.0,BEARISH,340.0,4406.19,4406.19,4406.19,4406.19,11,ACTIVE_11s,1.0,0.0,0.0,0.0,0.0,0.0,0.0,PASS_<20%,0.00,0.0,NO,STANDBY_VEL_LOW,1,1321.86,3268.14,132.45,FALSE,M1_DIRECTION_MISMATCH|OPENING_SHIELD_ACTIVE_11s
2026-09-07 19:11:11.840,1788808271.840,5215,10,50,4406.19,4406.27,8.0,PASS_<=10c,+0.0,FLAT,+0.0,+69.0,4.4,+0.00,0.00,SLOW,4405.50,4406.54,4403.14,4406.23,0.00,0.00,0.0,BEARISH,340.0,4406.19,4406.19,4406.19,4406.19,11,ACTIVE_11s,1.0,0.0,0.0,0.0,0.0,0.0,0.0,PASS_<20%,0.00,0.0,NO,STANDBY_VEL_LOW,1,1321.86,3268.14,132.45,FALSE,M1_DIRECTION_MISMATCH|OPENING_SHIELD_ACTIVE_11s
2026-09-07 19:11:12.342,1788808272.342,5216,11,51,4406.19,4406.27,8.0,PASS_<=10c,+0.0,FLAT,+0.0,+69.0,4.3,+0.00,0.00,SLOW,4405.50,4406.54,4403.14,4406.23,0.00,0.00,0.0,BEARISH,340.0,4406.19,4406.19,4406.19,4406.19,12,ACTIVE_12s,1.0,0.0,0.0,0.0,0.0,0.0,0.0,PASS_<20%,0.00,0.0,NO,STANDBY_VEL_LOW,1,1321.86,3268.14,132.45,FALSE,M1_DIRECTION_MISMATCH|OPENING_SHIELD_ACTIVE_12s
2026-09-07 19:11:12.843,1788808272.843,5217,12,52,4406.19,4406.27,8.0,PASS_<=10c,+0.0,FLAT,+0.0,+69.0,4.3,+0.00,0.00,SLOW,4405.50,4406.54,4403.14,4406.23,0.00,0.00,0.0,BEARISH,340.0,4406.19,4406.19,4406.19,4406.19,12,ACTIVE_12s,1.0,0.0,0.0,0.0,0.0,0.0,0.0,PASS_<20%,0.00,0.0,NO,STANDBY_VEL_LOW,1,1321.86,3268.14,132.45,FALSE,M1_DIRECTION_MISMATCH|OPENING_SHIELD_ACTIVE_12s
2026-09-07 19:11:13.344,1788808273.345,5218,13,53,4406.19,4406.27,8.0,PASS_<=10c,+0.0,FLAT,+0.0,+69.0,4.2,+0.00,0.00,SLOW,4405.50,4406.54,4403.14,4406.23,0.00,0.00,0.0,BEARISH,340.0,4406.19,4406.19,4406.19,4406.19,13,ACTIVE_13s,1.0,0.0,0.0,0.0,0.0,0.0,0.0,PASS_<20%,0.00,0.0,NO,STANDBY_VEL_LOW,1,1321.86,3268.14,132.45,FALSE,M1_DIRECTION_MISMATCH|OPENING_SHIELD_ACTIVE_13s
2026-09-07 19:11:13.846,1788808273.846,5219,14,54,4406.19,4406.27,8.0,PASS_<=10c,+0.0,FLAT,+0.0,+69.0,4.2,+0.00,0.00,SLOW,4405.50,4406.54,4403.14,4406.23,0.00,0.00,0.0,BEARISH,340.0,4406.19,4406.19,4406.19,4406.19,13,ACTIVE_13s,1.0,0.0,0.0,0.0,0.0,0.0,0.0,PASS_<20%,0.00,0.0,NO,STANDBY_VEL_LOW,1,1321.86,3268.14,132.45,FALSE,M1_DIRECTION_MISMATCH|OPENING_SHIELD_ACTIVE_13s
2026-09-07 19:11:14.348,1788808274.349,5220,15,55,4406.19,4406.27,8.0,PASS_<=10c,+0.0,FLAT,+0.0,+69.0,4.2,+0.00,0.00,SLOW,4405.50,4406.54,4403.14,4406.23,0.00,0.00,0.0,BEARISH,340.0,4406.19,4406.19,4406.19,4406.19,14,ACTIVE_14s,1.0,0.0,0.0,0.0,0.0,0.0,0.0,PASS_<20%,0.00,0.0,NO,STANDBY_VEL_LOW,1,1321.86,3268.14,132.45,FALSE,M1_DIRECTION_MISMATCH|OPENING_SHIELD_ACTIVE_14s
2026-09-07 19:11:14.849,1788808274.850,5221,16,56,4406.19,4406.27,8.0,PASS_<=10c,+0.0,FLAT,+0.0,+69.0,4.2,+0.00,0.00,SLOW,4405.50,4406.54,4403.14,4406.23,0.00,0.00,0.0,BEARISH,340.0,4406.19,4406.19,4406.19,4406.19,14,ACTIVE_14s,1.0,0.0,0.0,0.0,0.0,0.0,0.0,PASS_<20%,0.00,0.0,NO,STANDBY_VEL_LOW,1,1321.86,3268.14,132.45,FALSE,M1_DIRECTION_MISMATCH|OPENING_SHIELD_ACTIVE_14s
2026-09-07 19:11:15.351,1788808275.352,5222,17,57,4406.19,4406.27,8.0,PASS_<=10c,+0.0,FLAT,+0.0,+69.0,4.2,+0.00,0.00,SLOW,4405.50,4406.54,4403.14,4406.23,0.00,0.00,0.0,BEARISH,340.0,4406.19,4406.19,4406.19,4406.19,15,ACTIVE_15s,1.0,0.0,0.0,0.0,0.0,0.0,0.0,PASS_<20%,0.00,0.0,NO,STANDBY_VEL_LOW,1,1321.86,3268.14,132.45,FALSE,M1_DIRECTION_MISMATCH|OPENING_SHIELD_ACTIVE_15s
2026-09-07 19:11:15.854,1788808275.854,5223,18,58,4406.19,4406.27,8.0,PASS_<=10c,+0.0,FLAT,+0.0,+69.0,4.2,+0.00,0.00,SLOW,4405.50,4406.54,4403.14,4406.23,0.00,0.00,0.0,BEARISH,340.0,4406.19,4406.19,4406.19,4406.19,15,ACTIVE_15s,1.0,0.0,0.0,0.0,0.0,0.0,0.0,PASS_<20%,0.00,0.0,NO,STANDBY_VEL_LOW,1,1321.86,3268.14,132.45,FALSE,M1_DIRECTION_MISMATCH|OPENING_SHIELD_ACTIVE_15s
2026-09-07 19:11:26.234,1788808286.235,5224,19,59,4406.19,4406.27,8.0,PASS_<=10c,+0.0,FLAT,+0.0,+69.0,1.3,+0.00,0.00,SLOW,4405.50,4406.54,4403.14,4406.23,0.00,0.00,0.0,BEARISH,340.0,4406.19,4406.19,4406.19,4406.19,26,CLEARED_>=20s,1.0,0.0,0.0,0.0,0.0,0.0,0.0,PASS_<20%,0.00,0.0,NO,STANDBY_VEL_LOW,1,1321.86,3268.14,132.45,FALSE,M1_DIRECTION_MISMATCH
2026-09-07 19:11:33.260,1788808293.261,5225,20,60,4406.19,4406.27,8.0,PASS_<=10c,+0.0,FLAT,+0.0,+69.0,1.3,+0.00,0.00,SLOW,4405.50,4406.54,4403.14,4406.23,0.00,0.00,0.0,BEARISH,340.0,4406.19,4406.19,4406.19,4406.19,33,CLEARED_>=20s,1.0,0.0,0.0,0.0,0.0,0.0,0.0,PASS_<20%,0.00,0.0,NO,STANDBY_VEL_LOW,1,1321.86,3268.14,132.45,FALSE,M1_DIRECTION_MISMATCH
2026-09-07 19:11:33.614,1788808293.615,5226,21,61,4406.19,4406.27,8.0,PASS_<=10c,+0.0,FLAT,+0.0,+69.0,1.8,+0.00,0.00,SLOW,4405.50,4406.54,4403.14,4406.23,0.00,0.00,0.0,BEARISH,340.0,4406.19,4406.19,4406.19,4406.19,33,CLEARED_>=20s,1.0,0.0,0.0,0.0,0.0,0.0,0.0,PASS_<20%,0.00,0.0,NO,STANDBY_VEL_LOW,1,1321.86,3268.14,132.45,FALSE,M1_DIRECTION_MISMATCH
2026-09-07 19:11:34.117,1788808294.117,5227,22,62,4406.19,4406.27,8.0,PASS_<=10c,+0.0,FLAT,+0.0,+69.0,2.2,+0.00,0.00,SLOW,4405.50,4406.54,4403.14,4406.23,0.00,0.00,0.0,BEARISH,340.0,4406.19,4406.19,4406.19,4406.19,34,CLEARED_>=20s,1.0,0.0,0.0,0.0,0.0,0.0,0.0,PASS_<20%,0.00,0.0,NO,STANDBY_VEL_LOW,1,1321.86,3268.14,132.45,FALSE,M1_DIRECTION_MISMATCH
2026-09-07 19:11:34.618,1788808294.618,5228,23,63,4406.19,4406.27,8.0,PASS_<=10c,+0.0,FLAT,+0.0,+69.0,2.4,+0.00,0.00,SLOW,4405.50,4406.54,4403.14,4406.23,0.00,0.00,0.0,BEARISH,340.0,4406.19,4406.19,4406.19,4406.19,34,CLEARED_>=20s,1.0,0.0,0.0,0.0,0.0,0.0,0.0,PASS_<20%,0.00,0.0,NO,STANDBY_VEL_LOW,1,1321.86,3268.14,132.45,FALSE,M1_DIRECTION_MISMATCH
2026-09-07 19:11:35.120,1788808295.120,5229,24,64,4406.19,4406.27,8.0,PASS_<=10c,+0.0,FLAT,+0.0,+69.0,2.7,+0.00,0.00,SLOW,4405.50,4406.54,4403.14,4406.23,0.00,0.00,0.0,BEARISH,340.0,4406.19,4406.19,4406.19,4406.19,35,CLEARED_>=20s,1.0,0.0,0.0,0.0,0.0,0.0,0.0,PASS_<20%,0.00,0.0,NO,STANDBY_VEL_LOW,1,1321.86,3268.14,132.45,FALSE,M1_DIRECTION_MISMATCH
2026-09-07 19:11:35.622,1788808295.622,5230,25,65,4406.19,4406.27,8.0,PASS_<=10c,+0.0,FLAT,+0.0,+69.0,2.8,+0.00,0.00,SLOW,4405.50,4406.54,4403.14,4406.23,0.00,0.00,0.0,BEARISH,340.0,4406.19,4406.19,4406.19,4406.19,35,CLEARED_>=20s,1.0,0.0,0.0,0.0,0.0,0.0,0.0,PASS_<20%,0.00,0.0,NO,STANDBY_VEL_LOW,1,1321.86,3268.14,132.45,FALSE,M1_DIRECTION_MISMATCH
2026-09-07 19:11:36.124,1788808296.125,5231,26,66,4406.19,4406.27,8.0,PASS_<=10c,+0.0,FLAT,+0.0,+69.0,2.9,+0.00,0.00,SLOW,4405.50,4406.54,4403.14,4406.23,0.00,0.00,0.0,BEARISH,340.0,4406.19,4406.19,4406.19,4406.19,36,CLEARED_>=20s,1.0,0.0,0.0,0.0,0.0,0.0,0.0,PASS_<20%,0.00,0.0,NO,STANDBY_VEL_LOW,1,1321.86,3268.14,132.45,FALSE,M1_DIRECTION_MISMATCH
2026-09-07 19:11:36.625,1788808296.625,5232,27,67,4406.19,4406.27,8.0,PASS_<=10c,+0.0,FLAT,+0.0,+69.0,4.5,+0.00,0.00,SLOW,4405.50,4406.54,4403.14,4406.23,0.00,0.00,0.0,BEARISH,340.0,4406.19,4406.19,4406.19,4406.19,36,CLEARED_>=20s,1.0,0.0,0.0,0.0,0.0,0.0,0.0,PASS_<20%,0.00,0.0,NO,STANDBY_VEL_LOW,1,1321.86,3268.14,132.45,FALSE,M1_DIRECTION_MISMATCH
2026-09-07 19:11:37.127,1788808297.127,5233,28,68,4406.19,4406.27,8.0,PASS_<=10c,+0.0,FLAT,+0.0,+69.0,4.4,+0.00,0.00,SLOW,4405.50,4406.54,4403.14,4406.23,0.00,0.00,0.0,BEARISH,340.0,4406.19,4406.19,4406.19,4406.19,37,CLEARED_>=20s,1.0,0.0,0.0,0.0,0.0,0.0,0.0,PASS_<20%,0.00,0.0,NO,STANDBY_VEL_LOW,1,1321.86,3268.14,132.45,FALSE,M1_DIRECTION_MISMATCH
2026-09-07 19:11:37.628,1788808297.629,5234,29,69,4406.19,4406.27,8.0,PASS_<=10c,+0.0,FLAT,+0.0,+69.0,4.3,+0.00,0.00,SLOW,4405.50,4406.54,4403.14,4406.23,0.00,0.00,0.0,BEARISH,340.0,4406.19,4406.19,4406.19,4406.19,37,CLEARED_>=20s,1.0,0.0,0.0,0.0,0.0,0.0,0.0,PASS_<20%,0.00,0.0,NO,STANDBY_VEL_LOW,1,1321.86,3268.14,132.45,FALSE,M1_DIRECTION_MISMATCH
2026-09-07 19:11:38.131,1788808298.131,5235,30,70,4406.19,4406.27,8.0,PASS_<=10c,+0.0,FLAT,+0.0,+69.0,4.3,+0.00,0.00,SLOW,4405.50,4406.54,4403.14,4406.23,0.00,0.00,0.0,BEARISH,340.0,4406.19,4406.19,4406.19,4406.19,38,CLEARED_>=20s,1.0,0.0,0.0,0.0,0.0,0.0,0.0,PASS_<20%,0.00,0.0,NO,STANDBY_VEL_LOW,1,1321.86,3268.14,132.45,FALSE,M1_DIRECTION_MISMATCH
2026-09-07 19:11:38.632,1788808298.633,5236,31,71,4406.19,4406.27,8.0,PASS_<=10c,+0.0,FLAT,+0.0,+69.0,4.2,+0.00,0.00,SLOW,4405.50,4406.54,4403.14,4406.23,0.00,0.00,0.0,BEARISH,340.0,4406.19,4406.19,4406.19,4406.19,38,CLEARED_>=20s,1.0,0.0,0.0,0.0,0.0,0.0,0.0,PASS_<20%,0.00,0.0,NO,STANDBY_VEL_LOW,1,1321.86,3268.14,132.45,FALSE,M1_DIRECTION_MISMATCH
2026-09-07 19:11:39.135,1788808299.135,5237,32,72,4406.19,4406.27,8.0,PASS_<=10c,+0.0,FLAT,+0.0,+69.0,4.2,+0.00,0.00,SLOW,4405.50,4406.54,4403.14,4406.23,0.00,0.00,0.0,BEARISH,340.0,4406.19,4406.19,4406.19,4406.19,39,CLEARED_>=20s,1.0,0.0,0.0,0.0,0.0,0.0,0.0,PASS_<20%,0.00,0.0,NO,STANDBY_VEL_LOW,1,1321.86,3268.14,132.45,FALSE,M1_DIRECTION_MISMATCH
2026-09-07 19:11:39.637,1788808299.638,5238,33,73,4406.19,4406.27,8.0,PASS_<=10c,+0.0,FLAT,+0.0,+69.0,4.2,+0.00,0.00,SLOW,4405.50,4406.54,4403.14,4406.23,0.00,0.00,0.0,BEARISH,340.0,4406.19,4406.19,4406.19,4406.19,39,CLEARED_>=20s,1.0,0.0,0.0,0.0,0.0,0.0,0.0,PASS_<20%,0.00,0.0,NO,STANDBY_VEL_LOW,1,1321.86,3268.14,132.45,FALSE,M1_DIRECTION_MISMATCH
2026-09-07 19:11:40.138,1788808300.139,5239,34,74,4406.19,4406.27,8.0,PASS_<=10c,+0.0,FLAT,+0.0,+69.0,4.2,+0.00,0.00,SLOW,4405.50,4406.54,4403.14,4406.23,0.00,0.00,0.0,BEARISH,340.0,4406.19,4406.19,4406.19,4406.19,40,CLEARED_>=20s,1.0,0.0,0.0,0.0,0.0,0.0,0.0,PASS_<20%,0.00,0.0,NO,STANDBY_VEL_LOW,1,1321.86,3268.14,132.45,FALSE,M1_DIRECTION_MISMATCH
2026-09-07 19:11:40.640,1788808300.640,5240,35,75,4406.19,4406.27,8.0,PASS_<=10c,+0.0,FLAT,+0.0,+69.0,4.2,+0.00,0.00,SLOW,4405.50,4406.54,4403.14,4406.23,0.00,0.00,0.0,BEARISH,340.0,4406.19,4406.19,4406.19,4406.19,40,CLEARED_>=20s,1.0,0.0,0.0,0.0,0.0,0.0,0.0,PASS_<20%,0.00,0.0,NO,STANDBY_VEL_LOW,1,1321.86,3268.14,132.45,FALSE,M1_DIRECTION_MISMATCH
2026-09-07 19:11:41.141,1788808301.141,5241,36,76,4406.19,4406.27,8.0,PASS_<=10c,+0.0,FLAT,+0.0,+69.0,4.2,+0.00,0.00,SLOW,4405.50,4406.54,4403.14,4406.23,0.00,0.00,0.0,BEARISH,340.0,4406.19,4406.19,4406.19,4406.19,41,CLEARED_>=20s,1.0,0.0,0.0,0.0,0.0,0.0,0.0,PASS_<20%,0.00,0.0,NO,STANDBY_VEL_LOW,1,1321.86,3268.14,132.45,FALSE,M1_DIRECTION_MISMATCH
2026-09-07 19:11:51.535,1788808311.535,5242,37,77,4406.19,4406.27,8.0,PASS_<=10c,+0.0,FLAT,+0.0,+69.0,1.3,+0.00,0.00,SLOW,4405.50,4406.54,4403.14,4406.23,0.00,0.00,0.0,BEARISH,340.0,4406.19,4406.19,4406.19,4406.19,51,CLEARED_>=20s,1.0,0.0,0.0,0.0,0.0,0.0,0.0,PASS_<20%,0.00,0.0,NO,STANDBY_VEL_LOW,1,1321.86,3268.14,132.45,FALSE,M1_DIRECTION_MISMATCH
2026-09-07 19:11:59.561,1788808319.561,5243,38,78,4406.19,4406.27,8.0,PASS_<=10c,+0.0,FLAT,+0.0,+69.0,1.3,+0.00,0.00,SLOW,4405.50,4406.54,4403.14,4406.23,0.00,0.00,0.0,BEARISH,340.0,4406.19,4406.19,4406.19,4406.19,59,CLEARED_>=20s,1.0,0.0,0.0,0.0,0.0,0.0,0.0,PASS_<20%,0.00,0.0,NO,STANDBY_VEL_LOW,1,1321.86,3268.14,132.45,FALSE,M1_DIRECTION_MISMATCH
2026-09-07 19:11:59.915,1788808319.916,5244,39,79,4406.19,4406.27,8.0,PASS_<=10c,+0.0,FLAT,+0.0,+69.0,1.3,+0.00,0.00,SLOW,4405.50,4406.54,4403.14,4406.23,0.00,0.00,0.0,BEARISH,340.0,4406.19,4406.19,4406.19,4406.19,59,CLEARED_>=20s,1.0,0.0,0.0,0.0,0.0,0.0,0.0,PASS_<20%,0.00,0.0,NO,STANDBY_VEL_LOW,1,1321.86,3268.14,132.45,FALSE,M1_DIRECTION_MISMATCH
2026-09-07 19:12:00.417,1788808320.418,5245,1,80,4406.19,4406.27,8.0,PASS_<=10c,+0.0,FLAT,+0.0,+69.0,1.6,+0.00,0.00,SLOW,4405.50,4406.54,4403.14,4406.23,0.00,0.00,0.0,BEARISH,340.0,4406.19,4406.19,4406.19,4406.19,0,ACTIVE_0s,1.0,0.0,0.0,0.0,0.0,0.0,0.0,PASS_<20%,0.00,0.0,NO,STANDBY_VEL_LOW,1,1321.86,3268.14,132.45,FALSE,M1_DIRECTION_MISMATCH|OPENING_SHIELD_ACTIVE_0s
2026-09-07 19:12:00.920,1788808320.920,5246,2,81,4406.19,4406.27,8.0,PASS_<=10c,+0.0,FLAT,+0.0,+69.0,1.9,+0.00,0.00,SLOW,4405.50,4406.54,4403.14,4406.23,0.00,0.00,0.0,BEARISH,340.0,4406.19,4406.19,4406.19,4406.19,0,ACTIVE_0s,1.0,0.0,0.0,0.0,0.0,0.0,0.0,PASS_<20%,0.00,0.0,NO,STANDBY_VEL_LOW,1,1321.86,3268.14,132.45,FALSE,M1_DIRECTION_MISMATCH|OPENING_SHIELD_ACTIVE_0s
2026-09-07 19:12:01.421,1788808321.422,5247,3,82,4406.19,4406.27,8.0,PASS_<=10c,+0.0,FLAT,+0.0,+69.0,2.1,+0.00,0.00,SLOW,4405.50,4406.54,4403.14,4406.23,0.00,0.00,0.0,BEARISH,340.0,4406.19,4406.19,4406.19,4406.19,1,ACTIVE_1s,1.0,0.0,0.0,0.0,0.0,0.0,0.0,PASS_<20%,0.00,0.0,NO,STANDBY_VEL_LOW,1,1321.86,3268.14,132.45,FALSE,M1_DIRECTION_MISMATCH|OPENING_SHIELD_ACTIVE_1s
2026-09-07 19:12:01.923,1788808321.923,5248,4,83,4406.19,4406.27,8.0,PASS_<=10c,+0.0,FLAT,+0.0,+69.0,4.7,+0.00,0.00,SLOW,4405.50,4406.54,4403.14,4406.23,0.00,0.00,0.0,BEARISH,340.0,4406.19,4406.19,4406.19,4406.19,1,ACTIVE_1s,1.0,0.0,0.0,0.0,0.0,0.0,0.0,PASS_<20%,0.00,0.0,NO,STANDBY_VEL_LOW,1,1321.86,3268.14,132.45,FALSE,M1_DIRECTION_MISMATCH|OPENING_SHIELD_ACTIVE_1s
2026-09-07 19:12:02.425,1788808322.425,5249,5,84,4406.19,4406.27,8.0,PASS_<=10c,+0.0,FLAT,+0.0,+69.0,4.5,+0.00,0.00,SLOW,4405.50,4406.54,4403.14,4406.23,0.00,0.00,0.0,BEARISH,340.0,4406.19,4406.19,4406.19,4406.19,2,ACTIVE_2s,1.0,0.0,0.0,0.0,0.0,0.0,0.0,PASS_<20%,0.00,0.0,NO,STANDBY_VEL_LOW,1,1321.86,3268.14,132.45,FALSE,M1_DIRECTION_MISMATCH|OPENING_SHIELD_ACTIVE_2s
2026-09-07 19:12:02.930,1788808322.931,5250,6,85,4406.19,4406.27,8.0,PASS_<=10c,+0.0,FLAT,+0.0,+69.0,4.5,+0.00,0.00,SLOW,4405.50,4406.54,4403.14,4406.23,0.00,0.00,0.0,BEARISH,340.0,4406.19,4406.19,4406.19,4406.19,2,ACTIVE_2s,1.0,0.0,0.0,0.0,0.0,0.0,0.0,PASS_<20%,0.00,0.0,NO,STANDBY_VEL_LOW,1,1321.86,3268.14,132.45,FALSE,M1_DIRECTION_MISMATCH|OPENING_SHIELD_ACTIVE_2s
2026-09-07 19:12:03.428,1788808323.429,5251,7,86,4406.19,4406.27,8.0,PASS_<=10c,+0.0,FLAT,+0.0,+69.0,4.4,+0.00,0.00,SLOW,4405.50,4406.54,4403.14,4406.23,0.00,0.00,0.0,BEARISH,340.0,4406.19,4406.19,4406.19,4406.19,3,ACTIVE_3s,1.0,0.0,0.0,0.0,0.0,0.0,0.0,PASS_<20%,0.00,0.0,NO,STANDBY_VEL_LOW,1,1321.86,3268.14,132.45,FALSE,M1_DIRECTION_MISMATCH|OPENING_SHIELD_ACTIVE_3s
2026-09-07 19:12:03.930,1788808323.930,5252,8,87,4406.19,4406.27,8.0,PASS_<=10c,+0.0,FLAT,+0.0,+69.0,4.3,+0.00,0.00,SLOW,4405.50,4406.54,4403.14,4406.23,0.00,0.00,0.0,BEARISH,340.0,4406.19,4406.19,4406.19,4406.19,3,ACTIVE_3s,1.0,0.0,0.0,0.0,0.0,0.0,0.0,PASS_<20%,0.00,0.0,NO,STANDBY_VEL_LOW,1,1321.86,3268.14,132.45,FALSE,M1_DIRECTION_MISMATCH|OPENING_SHIELD_ACTIVE_3s
2026-09-07 19:12:04.430,1788808324.431,5253,9,88,4406.19,4406.27,8.0,PASS_<=10c,+0.0,FLAT,+0.0,+69.0,4.3,+0.00,0.00,SLOW,4405.50,4406.54,4403.14,4406.23,0.00,0.00,0.0,BEARISH,340.0,4406.19,4406.19,4406.19,4406.19,4,ACTIVE_4s,1.0,0.0,0.0,0.0,0.0,0.0,0.0,PASS_<20%,0.00,0.0,NO,STANDBY_VEL_LOW,1,1321.86,3268.14,132.45,FALSE,M1_DIRECTION_MISMATCH|OPENING_SHIELD_ACTIVE_4s
2026-09-07 19:12:04.932,1788808324.933,5254,10,89,4406.19,4406.27,8.0,PASS_<=10c,+0.0,FLAT,+0.0,+69.0,4.2,+0.00,0.00,SLOW,4405.50,4406.54,4403.14,4406.23,0.00,0.00,0.0,BEARISH,340.0,4406.19,4406.19,4406.19,4406.19,4,ACTIVE_4s,1.0,0.0,0.0,0.0,0.0,0.0,0.0,PASS_<20%,0.00,0.0,NO,STANDBY_VEL_LOW,1,1321.86,3268.14,132.45,FALSE,M1_DIRECTION_MISMATCH|OPENING_SHIELD_ACTIVE_4s
2026-09-07 19:12:05.458,1788808325.459,5255,11,90,4406.19,4406.27,8.0,PASS_<=10c,+0.0,FLAT,+0.0,+69.0,4.2,+0.00,0.00,SLOW,4405.50,4406.54,4403.14,4406.23,0.00,0.00,0.0,BEARISH,340.0,4406.19,4406.19,4406.19,4406.19,5,ACTIVE_5s,1.0,0.0,0.0,0.0,0.0,0.0,0.0,PASS_<20%,0.00,0.0,NO,STANDBY_VEL_LOW,1,1321.86,3268.14,132.45,FALSE,M1_DIRECTION_MISMATCH|OPENING_SHIELD_ACTIVE_5s
2026-09-07 19:12:05.961,1788808325.962,5256,12,91,4406.19,4406.27,8.0,PASS_<=10c,+0.0,FLAT,+0.0,+69.0,4.2,+0.00,0.00,SLOW,4405.50,4406.54,4403.14,4406.23,0.00,0.00,0.0,BEARISH,340.0,4406.19,4406.19,4406.19,4406.19,5,ACTIVE_5s,1.0,0.0,0.0,0.0,0.0,0.0,0.0,PASS_<20%,0.00,0.0,NO,STANDBY_VEL_LOW,1,1321.86,3268.14,132.45,FALSE,M1_DIRECTION_MISMATCH|OPENING_SHIELD_ACTIVE_5s
2026-09-07 19:12:06.462,1788808326.463,5257,13,92,4406.19,4406.27,8.0,PASS_<=10c,+0.0,FLAT,+0.0,+69.0,4.2,+0.00,0.00,SLOW,4405.50,4406.54,4403.14,4406.23,0.00,0.00,0.0,BEARISH,340.0,4406.19,4406.19,4406.19,4406.19,6,ACTIVE_6s,1.0,0.0,0.0,0.0,0.0,0.0,0.0,PASS_<20%,0.00,0.0,NO,STANDBY_VEL_LOW,1,1321.86,3268.14,132.45,FALSE,M1_DIRECTION_MISMATCH|OPENING_SHIELD_ACTIVE_6s
2026-09-07 19:12:06.963,1788808326.963,5258,14,93,4406.19,4406.27,8.0,PASS_<=10c,+0.0,FLAT,+0.0,+69.0,4.2,+0.00,0.00,SLOW,4405.50,4406.54,4403.14,4406.23,0.00,0.00,0.0,BEARISH,340.0,4406.19,4406.19,4406.19,4406.19,6,ACTIVE_6s,1.0,0.0,0.0,0.0,0.0,0.0,0.0,PASS_<20%,0.00,0.0,NO,STANDBY_VEL_LOW,1,1321.86,3268.14,132.45,FALSE,M1_DIRECTION_MISMATCH|OPENING_SHIELD_ACTIVE_6s
2026-09-07 19:12:07.465,1788808327.466,5259,15,94,4406.19,4406.27,8.0,PASS_<=10c,+0.0,FLAT,+0.0,+69.0,4.2,+0.00,0.00,SLOW,4405.50,4406.54,4403.14,4406.23,0.00,0.00,0.0,BEARISH,340.0,4406.19,4406.19,4406.19,4406.19,7,ACTIVE_7s,1.0,0.0,0.0,0.0,0.0,0.0,0.0,PASS_<20%,0.00,0.0,NO,STANDBY_VEL_LOW,1,1321.86,3268.14,132.45,FALSE,M1_DIRECTION_MISMATCH|OPENING_SHIELD_ACTIVE_7s
2026-09-07 19:12:17.843,1788808337.844,5260,16,95,4406.19,4406.27,8.0,PASS_<=10c,+0.0,FLAT,+0.0,+69.0,1.3,+0.00,0.00,SLOW,4405.50,4406.54,4403.14,4406.23,0.00,0.00,0.0,BEARISH,340.0,4406.19,4406.19,4406.19,4406.19,17,ACTIVE_17s,1.0,0.0,0.0,0.0,0.0,0.0,0.0,PASS_<20%,0.00,0.0,NO,STANDBY_VEL_LOW,1,1321.86,3268.14,132.45,FALSE,M1_DIRECTION_MISMATCH|OPENING_SHIELD_ACTIVE_17s
2026-09-07 19:12:24.064,1788808344.065,5261,17,96,4406.19,4406.27,8.0,PASS_<=10c,+0.0,FLAT,+0.0,+69.0,1.8,+0.00,0.00,SLOW,4405.50,4406.54,4403.14,4406.23,0.00,0.00,0.0,BEARISH,340.0,4406.19,4406.19,4406.19,4406.19,24,CLEARED_>=20s,1.0,0.0,0.0,0.0,0.0,0.0,0.0,PASS_<20%,0.00,0.0,NO,STANDBY_VEL_LOW,1,1321.86,3268.14,132.45,FALSE,M1_DIRECTION_MISMATCH
2026-09-07 19:12:24.419,1788808344.420,5262,18,97,4406.19,4406.27,8.0,PASS_<=10c,+0.0,FLAT,+0.0,+69.0,2.7,+0.00,0.00,SLOW,4405.50,4406.54,4403.14,4406.23,0.00,0.00,0.0,BEARISH,340.0,4406.19,4406.19,4406.19,4406.19,24,CLEARED_>=20s,1.0,0.0,0.0,0.0,0.0,0.0,0.0,PASS_<20%,0.00,0.0,NO,STANDBY_VEL_LOW,1,1321.86,3268.14,132.45,FALSE,M1_DIRECTION_MISMATCH
2026-09-07 19:12:24.920,1788808344.921,5263,19,98,4406.19,4406.27,8.0,PASS_<=10c,+0.0,FLAT,+0.0,+69.0,3.1,+0.00,0.00,SLOW,4405.50,4406.54,4403.14,4406.23,0.00,0.00,0.0,BEARISH,340.0,4406.19,4406.19,4406.19,4406.19,24,CLEARED_>=20s,1.0,0.0,0.0,0.0,0.0,0.0,0.0,PASS_<20%,0.00,0.0,NO,STANDBY_VEL_LOW,1,1321.86,3268.14,132.45,FALSE,M1_DIRECTION_MISMATCH
2026-09-07 19:12:25.421,1788808345.422,5264,20,99,4406.19,4406.27,8.0,PASS_<=10c,+0.0,FLAT,+0.0,+69.0,3.3,+0.00,0.00,SLOW,4405.50,4406.54,4403.14,4406.23,0.00,0.00,0.0,BEARISH,340.0,4406.19,4406.19,4406.19,4406.19,25,CLEARED_>=20s,1.0,0.0,0.0,0.0,0.0,0.0,0.0,PASS_<20%,0.00,0.0,NO,STANDBY_VEL_LOW,1,1321.86,3268.14,132.45,FALSE,M1_DIRECTION_MISMATCH
2026-09-07 19:12:25.923,1788808345.923,5265,21,100,4406.19,4406.27,8.0,PASS_<=10c,+0.0,FLAT,+0.0,+69.0,3.4,+0.00,0.00,SLOW,4405.50,4406.54,4403.14,4406.23,0.00,0.00,0.0,BEARISH,340.0,4406.19,4406.19,4406.19,4406.19,25,CLEARED_>=20s,1.0,0.0,0.0,0.0,0.0,0.0,0.0,PASS_<20%,0.00,0.0,NO,STANDBY_VEL_LOW,1,1321.86,3268.14,132.45,FALSE,M1_DIRECTION_MISMATCH
2026-09-07 19:12:26.423,1788808346.424,5266,22,101,4406.19,4406.27,8.0,PASS_<=10c,+0.0,FLAT,+0.0,+69.0,3.5,+0.00,0.00,SLOW,4405.50,4406.54,4403.14,4406.23,0.00,0.00,0.0,BEARISH,340.0,4406.19,4406.19,4406.19,4406.19,26,CLEARED_>=20s,1.0,0.0,0.0,0.0,0.0,0.0,0.0,PASS_<20%,0.00,0.0,NO,STANDBY_VEL_LOW,1,1321.86,3268.14,132.45,FALSE,M1_DIRECTION_MISMATCH
2026-09-07 19:12:26.924,1788808346.925,5267,23,102,4406.19,4406.27,8.0,PASS_<=10c,+0.0,FLAT,+0.0,+69.0,3.5,+0.00,0.00,SLOW,4405.50,4406.54,4403.14,4406.23,0.00,0.00,0.0,BEARISH,340.0,4406.19,4406.19,4406.19,4406.19,26,CLEARED_>=20s,1.0,0.0,0.0,0.0,0.0,0.0,0.0,PASS_<20%,0.00,0.0,NO,STANDBY_VEL_LOW,1,1321.86,3268.14,132.45,FALSE,M1_DIRECTION_MISMATCH
2026-09-07 19:12:27.426,1788808347.427,5268,24,103,4406.19,4406.27,8.0,PASS_<=10c,+0.0,FLAT,+0.0,+69.0,3.6,+0.00,0.00,SLOW,4405.50,4406.54,4403.14,4406.23,0.00,0.00,0.0,BEARISH,340.0,4406.19,4406.19,4406.19,4406.19,27,CLEARED_>=20s,1.0,0.0,0.0,0.0,0.0,0.0,0.0,PASS_<20%,0.00,0.0,NO,STANDBY_VEL_LOW,1,1321.86,3268.14,132.45,FALSE,M1_DIRECTION_MISMATCH
2026-09-07 19:12:27.928,1788808347.928,5269,25,104,4406.19,4406.27,8.0,PASS_<=10c,+0.0,FLAT,+0.0,+69.0,3.6,+0.00,0.00,SLOW,4405.50,4406.54,4403.14,4406.23,0.00,0.00,0.0,BEARISH,340.0,4406.19,4406.19,4406.19,4406.19,27,CLEARED_>=20s,1.0,0.0,0.0,0.0,0.0,0.0,0.0,PASS_<20%,0.00,0.0,NO,STANDBY_VEL_LOW,1,1321.86,3268.14,132.45,FALSE,M1_DIRECTION_MISMATCH
2026-09-07 19:12:28.430,1788808348.430,5270,26,105,4406.19,4406.27,8.0,PASS_<=10c,+0.0,FLAT,+0.0,+69.0,4.4,+0.00,0.00,SLOW,4405.50,4406.54,4403.14,4406.23,0.00,0.00,0.0,BEARISH,340.0,4406.19,4406.19,4406.19,4406.19,28,CLEARED_>=20s,1.0,0.0,0.0,0.0,0.0,0.0,0.0,PASS_<20%,0.00,0.0,NO,STANDBY_VEL_LOW,1,1321.86,3268.14,132.45,FALSE,M1_DIRECTION_MISMATCH
2026-09-07 19:12:28.932,1788808348.932,5271,27,106,4406.19,4406.27,8.0,PASS_<=10c,+0.0,FLAT,+0.0,+69.0,4.3,+0.00,0.00,SLOW,4405.50,4406.54,4403.14,4406.23,0.00,0.00,0.0,BEARISH,340.0,4406.19,4406.19,4406.19,4406.19,28,CLEARED_>=20s,1.0,0.0,0.0,0.0,0.0,0.0,0.0,PASS_<20%,0.00,0.0,NO,STANDBY_VEL_LOW,1,1321.86,3268.14,132.45,FALSE,M1_DIRECTION_MISMATCH
2026-09-07 19:12:29.434,1788808349.435,5272,28,107,4406.19,4406.27,8.0,PASS_<=10c,+0.0,FLAT,+0.0,+69.0,4.2,+0.00,0.00,SLOW,4405.50,4406.54,4403.14,4406.23,0.00,0.00,0.0,BEARISH,340.0,4406.19,4406.19,4406.19,4406.19,29,CLEARED_>=20s,1.0,0.0,0.0,0.0,0.0,0.0,0.0,PASS_<20%,0.00,0.0,NO,STANDBY_VEL_LOW,1,1321.86,3268.14,132.45,FALSE,M1_DIRECTION_MISMATCH
2026-09-07 19:12:29.936,1788808349.937,5273,29,108,4406.19,4406.27,8.0,PASS_<=10c,+0.0,FLAT,+0.0,+69.0,4.2,+0.00,0.00,SLOW,4405.50,4406.54,4403.14,4406.23,0.00,0.00,0.0,BEARISH,340.0,4406.19,4406.19,4406.19,4406.19,29,CLEARED_>=20s,1.0,0.0,0.0,0.0,0.0,0.0,0.0,PASS_<20%,0.00,0.0,NO,STANDBY_VEL_LOW,1,1321.86,3268.14,132.45,FALSE,M1_DIRECTION_MISMATCH
2026-09-07 19:12:30.438,1788808350.439,5274,30,109,4406.19,4406.27,8.0,PASS_<=10c,+0.0,FLAT,+0.0,+69.0,4.2,+0.00,0.00,SLOW,4405.50,4406.54,4403.14,4406.23,0.00,0.00,0.0,BEARISH,340.0,4406.19,4406.19,4406.19,4406.19,30,CLEARED_>=20s,1.0,0.0,0.0,0.0,0.0,0.0,0.0,PASS_<20%,0.00,0.0,NO,STANDBY_VEL_LOW,1,1321.86,3268.14,132.45,FALSE,M1_DIRECTION_MISMATCH
2026-09-07 19:12:30.939,1788808350.940,5275,31,110,4406.19,4406.27,8.0,PASS_<=10c,+0.0,FLAT,+0.0,+69.0,4.2,+0.00,0.00,SLOW,4405.50,4406.54,4403.14,4406.23,0.00,0.00,0.0,BEARISH,340.0,4406.19,4406.19,4406.19,4406.19,30,CLEARED_>=20s,1.0,0.0,0.0,0.0,0.0,0.0,0.0,PASS_<20%,0.00,0.0,NO,STANDBY_VEL_LOW,1,1321.86,3268.14,132.45,FALSE,M1_DIRECTION_MISMATCH
2026-09-07 19:12:31.441,1788808351.441,5276,32,111,4406.19,4406.27,8.0,PASS_<=10c,+0.0,FLAT,+0.0,+69.0,4.2,+0.00,0.00,SLOW,4405.50,4406.54,4403.14,4406.23,0.00,0.00,0.0,BEARISH,340.0,4406.19,4406.19,4406.19,4406.19,31,CLEARED_>=20s,1.0,0.0,0.0,0.0,0.0,0.0,0.0,PASS_<20%,0.00,0.0,NO,STANDBY_VEL_LOW,1,1321.86,3268.14,132.45,FALSE,M1_DIRECTION_MISMATCH
2026-09-07 19:12:31.942,1788808351.943,5277,33,112,4406.19,4406.27,8.0,PASS_<=10c,+0.0,FLAT,+0.0,+69.0,4.2,+0.00,0.00,SLOW,4405.50,4406.54,4403.14,4406.23,0.00,0.00,0.0,BEARISH,340.0,4406.19,4406.19,4406.19,4406.19,31,CLEARED_>=20s,1.0,0.0,0.0,0.0,0.0,0.0,0.0,PASS_<20%,0.00,0.0,NO,STANDBY_VEL_LOW,1,1321.86,3268.14,132.45,FALSE,M1_DIRECTION_MISMATCH
2026-09-07 19:12:42.322,1788808362.322,5278,34,113,4406.19,4406.27,8.0,PASS_<=10c,+0.0,FLAT,+0.0,+69.0,1.3,+0.00,0.00,SLOW,4405.50,4406.54,4403.14,4406.23,0.00,0.00,0.0,BEARISH,340.0,4406.19,4406.19,4406.19,4406.19,42,CLEARED_>=20s,1.0,0.0,0.0,0.0,0.0,0.0,0.0,PASS_<20%,0.00,0.0,NO,STANDBY_VEL_LOW,1,1321.86,3268.14,132.45,FALSE,M1_DIRECTION_MISMATCH
2026-09-07 19:12:47.742,1788808367.743,5279,35,114,4406.19,4406.27,8.0,PASS_<=10c,+0.0,FLAT,+0.0,+69.0,2.0,+0.00,0.00,SLOW,4405.50,4406.54,4403.14,4406.23,0.00,0.00,0.0,BEARISH,340.0,4406.19,4406.19,4406.19,4406.19,47,CLEARED_>=20s,1.0,0.0,0.0,0.0,0.0,0.0,0.0,PASS_<20%,0.00,0.0,NO,STANDBY_VEL_LOW,1,1321.86,3268.14,132.45,FALSE,M1_DIRECTION_MISMATCH
2026-09-07 19:12:48.098,1788808368.098,5280,36,115,4406.19,4406.27,8.0,PASS_<=10c,+0.0,FLAT,+0.0,+69.0,4.0,+0.00,0.00,SLOW,4405.50,4406.54,4403.14,4406.23,0.00,0.00,0.0,BEARISH,340.0,4406.19,4406.19,4406.19,4406.19,48,CLEARED_>=20s,1.0,0.0,0.0,0.0,0.0,0.0,0.0,PASS_<20%,0.00,0.0,NO,STANDBY_VEL_LOW,1,1321.86,3268.14,132.45,FALSE,M1_DIRECTION_MISMATCH
2026-09-07 19:12:48.598,1788808368.598,5281,37,116,4406.19,4406.27,8.0,PASS_<=10c,+0.0,FLAT,+0.0,+69.0,5.2,+0.00,0.00,SLOW,4405.50,4406.54,4403.14,4406.23,0.00,0.00,0.0,BEARISH,340.0,4406.19,4406.19,4406.19,4406.19,48,CLEARED_>=20s,1.0,0.0,0.0,0.0,0.0,0.0,0.0,PASS_<20%,0.00,0.0,NO,STANDBY_VEL_LOW,1,1321.86,3268.14,132.45,FALSE,M1_DIRECTION_MISMATCH
2026-09-07 19:12:49.100,1788808369.100,5282,38,117,4406.19,4406.27,8.0,PASS_<=10c,+0.0,FLAT,+0.0,+69.0,4.8,+0.00,0.00,SLOW,4405.50,4406.54,4403.14,4406.23,0.00,0.00,0.0,BEARISH,340.0,4406.19,4406.19,4406.19,4406.19,49,CLEARED_>=20s,1.0,0.0,0.0,0.0,0.0,0.0,0.0,PASS_<20%,0.00,0.0,NO,STANDBY_VEL_LOW,1,1321.86,3268.14,132.45,FALSE,M1_DIRECTION_MISMATCH
2026-09-07 19:12:49.602,1788808369.602,5283,39,118,4406.19,4406.27,8.0,PASS_<=10c,+0.0,FLAT,+0.0,+69.0,4.6,+0.00,0.00,SLOW,4405.50,4406.54,4403.14,4406.23,0.00,0.00,0.0,BEARISH,340.0,4406.19,4406.19,4406.19,4406.19,49,CLEARED_>=20s,1.0,0.0,0.0,0.0,0.0,0.0,0.0,PASS_<20%,0.00,0.0,NO,STANDBY_VEL_LOW,1,1321.86,3268.14,132.45,FALSE,M1_DIRECTION_MISMATCH
2026-09-07 19:12:50.103,1788808370.104,5284,40,119,4406.19,4406.27,8.0,PASS_<=10c,+0.0,FLAT,+0.0,+69.0,4.5,+0.00,0.00,SLOW,4405.50,4406.54,4403.14,4406.23,0.00,0.00,0.0,BEARISH,340.0,4406.19,4406.19,4406.19,4406.19,50,CLEARED_>=20s,1.0,0.0,0.0,0.0,0.0,0.0,0.0,PASS_<20%,0.00,0.0,NO,STANDBY_VEL_LOW,1,1321.86,3268.14,132.45,FALSE,M1_DIRECTION_MISMATCH
2026-09-07 19:12:50.604,1788808370.605,5285,41,120,4406.19,4406.27,8.0,PASS_<=10c,+0.0,FLAT,+0.0,+69.0,4.4,+0.00,0.00,SLOW,4405.50,4406.54,4403.14,4406.23,0.00,0.00,0.0,BEARISH,340.0,4406.19,4406.19,4406.19,4406.19,50,CLEARED_>=20s,1.0,0.0,0.0,0.0,0.0,0.0,0.0,PASS_<20%,0.00,0.0,NO,STANDBY_VEL_LOW,1,1321.86,3268.14,132.45,FALSE,M1_DIRECTION_MISMATCH
2026-09-07 19:12:51.106,1788808371.107,5286,42,121,4406.19,4406.27,8.0,PASS_<=10c,+0.0,FLAT,+0.0,+69.0,4.4,+0.00,0.00,SLOW,4405.50,4406.54,4403.14,4406.23,0.00,0.00,0.0,BEARISH,340.0,4406.19,4406.19,4406.19,4406.19,51,CLEARED_>=20s,1.0,0.0,0.0,0.0,0.0,0.0,0.0,PASS_<20%,0.00,0.0,NO,STANDBY_VEL_LOW,1,1321.86,3268.14,132.45,FALSE,M1_DIRECTION_MISMATCH
2026-09-07 19:12:51.608,1788808371.608,5287,43,122,4406.19,4406.27,8.0,PASS_<=10c,+0.0,FLAT,+0.0,+69.0,4.3,+0.00,0.00,SLOW,4405.50,4406.54,4403.14,4406.23,0.00,0.00,0.0,BEARISH,340.0,4406.19,4406.19,4406.19,4406.19,51,CLEARED_>=20s,1.0,0.0,0.0,0.0,0.0,0.0,0.0,PASS_<20%,0.00,0.0,NO,STANDBY_VEL_LOW,1,1321.86,3268.14,132.45,FALSE,M1_DIRECTION_MISMATCH
2026-09-07 19:12:52.109,1788808372.109,5288,44,123,4406.19,4406.27,8.0,PASS_<=10c,+0.0,FLAT,+0.0,+69.0,4.3,+0.00,0.00,SLOW,4405.50,4406.54,4403.14,4406.23,0.00,0.00,0.0,BEARISH,340.0,4406.19,4406.19,4406.19,4406.19,52,CLEARED_>=20s,1.0,0.0,0.0,0.0,0.0,0.0,0.0,PASS_<20%,0.00,0.0,NO,STANDBY_VEL_LOW,1,1321.86,3268.14,132.45,FALSE,M1_DIRECTION_MISMATCH
2026-09-07 19:12:52.611,1788808372.611,5289,45,124,4406.19,4406.27,8.0,PASS_<=10c,+0.0,FLAT,+0.0,+69.0,4.3,+0.00,0.00,SLOW,4405.50,4406.54,4403.14,4406.23,0.00,0.00,0.0,BEARISH,340.0,4406.19,4406.19,4406.19,4406.19,52,CLEARED_>=20s,1.0,0.0,0.0,0.0,0.0,0.0,0.0,PASS_<20%,0.00,0.0,NO,STANDBY_VEL_LOW,1,1321.86,3268.14,132.45,FALSE,M1_DIRECTION_MISMATCH
2026-09-07 19:12:53.112,1788808373.112,5290,46,125,4406.19,4406.27,8.0,PASS_<=10c,+0.0,FLAT,+0.0,+69.0,4.2,+0.00,0.00,SLOW,4405.50,4406.54,4403.14,4406.23,0.00,0.00,0.0,BEARISH,340.0,4406.19,4406.19,4406.19,4406.19,53,CLEARED_>=20s,1.0,0.0,0.0,0.0,0.0,0.0,0.0,PASS_<20%,0.00,0.0,NO,STANDBY_VEL_LOW,1,1321.86,3268.14,132.45,FALSE,M1_DIRECTION_MISMATCH
2026-09-07 19:12:53.613,1788808373.613,5291,47,126,4406.19,4406.27,8.0,PASS_<=10c,+0.0,FLAT,+0.0,+69.0,4.2,+0.00,0.00,SLOW,4405.50,4406.54,4403.14,4406.23,0.00,0.00,0.0,BEARISH,340.0,4406.19,4406.19,4406.19,4406.19,53,CLEARED_>=20s,1.0,0.0,0.0,0.0,0.0,0.0,0.0,PASS_<20%,0.00,0.0,NO,STANDBY_VEL_LOW,1,1321.86,3268.14,132.45,FALSE,M1_DIRECTION_MISMATCH
2026-09-07 19:12:54.114,1788808374.115,5292,48,127,4406.19,4406.27,8.0,PASS_<=10c,+0.0,FLAT,+0.0,+69.0,4.2,+0.00,0.00,SLOW,4405.50,4406.54,4403.14,4406.23,0.00,0.00,0.0,BEARISH,340.0,4406.19,4406.19,4406.19,4406.19,54,CLEARED_>=20s,1.0,0.0,0.0,0.0,0.0,0.0,0.0,PASS_<20%,0.00,0.0,NO,STANDBY_VEL_LOW,1,1321.86,3268.14,132.45,FALSE,M1_DIRECTION_MISMATCH
2026-09-07 19:12:54.616,1788808374.617,5293,49,128,4406.19,4406.27,8.0,PASS_<=10c,+0.0,FLAT,+0.0,+69.0,4.2,+0.00,0.00,SLOW,4405.50,4406.54,4403.14,4406.23,0.00,0.00,0.0,BEARISH,340.0,4406.19,4406.19,4406.19,4406.19,54,CLEARED_>=20s,1.0,0.0,0.0,0.0,0.0,0.0,0.0,PASS_<20%,0.00,0.0,NO,STANDBY_VEL_LOW,1,1321.86,3268.14,132.45,FALSE,M1_DIRECTION_MISMATCH
2026-09-07 19:12:55.118,1788808375.118,5294,50,129,4406.19,4406.27,8.0,PASS_<=10c,+0.0,FLAT,+0.0,+69.0,4.2,+0.00,0.00,SLOW,4405.50,4406.54,4403.14,4406.23,0.00,0.00,0.0,BEARISH,340.0,4406.19,4406.19,4406.19,4406.19,55,CLEARED_>=20s,1.0,0.0,0.0,0.0,0.0,0.0,0.0,PASS_<20%,0.00,0.0,NO,STANDBY_VEL_LOW,1,1321.86,3268.14,132.45,FALSE,M1_DIRECTION_MISMATCH
2026-09-07 19:12:55.620,1788808375.620,5295,51,130,4406.19,4406.27,8.0,PASS_<=10c,+0.0,FLAT,+0.0,+69.0,4.2,+0.00,0.00,SLOW,4405.50,4406.54,4403.14,4406.23,0.00,0.00,0.0,BEARISH,340.0,4406.19,4406.19,4406.19,4406.19,55,CLEARED_>=20s,1.0,0.0,0.0,0.0,0.0,0.0,0.0,PASS_<20%,0.00,0.0,NO,STANDBY_VEL_LOW,1,1321.86,3268.14,132.45,FALSE,M1_DIRECTION_MISMATCH
2026-09-07 19:13:05.995,1788808385.996,5296,1,131,4406.19,4406.27,8.0,PASS_<=10c,+0.0,FLAT,+0.0,+69.0,1.3,+0.00,0.00,SLOW,4405.50,4406.54,4403.14,4406.23,0.00,0.00,0.0,BEARISH,340.0,4406.19,4406.19,4406.19,4406.19,5,ACTIVE_5s,1.0,0.0,0.0,0.0,0.0,0.0,0.0,PASS_<20%,0.00,0.0,NO,STANDBY_VEL_LOW,1,1321.86,3268.14,132.45,FALSE,M1_DIRECTION_MISMATCH|OPENING_SHIELD_ACTIVE_5s
2026-09-07 19:13:12.620,1788808392.620,5297,2,132,4406.19,4406.27,8.0,PASS_<=10c,+0.0,FLAT,+0.0,+69.0,1.3,+0.00,0.00,SLOW,4405.50,4406.54,4403.14,4406.23,0.00,0.00,0.0,BEARISH,340.0,4406.19,4406.19,4406.19,4406.19,12,ACTIVE_12s,1.0,0.0,0.0,0.0,0.0,0.0,0.0,PASS_<20%,0.00,0.0,NO,STANDBY_VEL_LOW,1,1321.86,3268.14,132.45,FALSE,M1_DIRECTION_MISMATCH|OPENING_SHIELD_ACTIVE_12s
2026-09-07 19:13:12.975,1788808392.975,5298,3,133,4406.19,4406.27,8.0,PASS_<=10c,+0.0,FLAT,+0.0,+69.0,2.2,+0.00,0.00,SLOW,4405.50,4406.54,4403.14,4406.23,0.00,0.00,0.0,BEARISH,340.0,4406.19,4406.19,4406.19,4406.19,12,ACTIVE_12s,1.0,0.0,0.0,0.0,0.0,0.0,0.0,PASS_<20%,0.00,0.0,NO,STANDBY_VEL_LOW,1,1321.86,3268.14,132.45,FALSE,M1_DIRECTION_MISMATCH|OPENING_SHIELD_ACTIVE_12s
2026-09-07 19:13:13.476,1788808393.477,5299,4,134,4406.19,4406.27,8.0,PASS_<=10c,+0.0,FLAT,+0.0,+69.0,2.5,+0.00,0.00,SLOW,4405.50,4406.54,4403.14,4406.23,0.00,0.00,0.0,BEARISH,340.0,4406.19,4406.19,4406.19,4406.19,13,ACTIVE_13s,1.0,0.0,0.0,0.0,0.0,0.0,0.0,PASS_<20%,0.00,0.0,NO,STANDBY_VEL_LOW,1,1321.86,3268.14,132.45,FALSE,M1_DIRECTION_MISMATCH|OPENING_SHIELD_ACTIVE_13s
2026-09-07 19:13:13.978,1788808393.979,5300,5,135,4406.19,4406.27,8.0,PASS_<=10c,+0.0,FLAT,+0.0,+69.0,2.8,+0.00,0.00,SLOW,4405.50,4406.54,4403.14,4406.23,0.00,0.00,0.0,BEARISH,340.0,4406.19,4406.19,4406.19,4406.19,13,ACTIVE_13s,1.0,0.0,0.0,0.0,0.0,0.0,0.0,PASS_<20%,0.00,0.0,NO,STANDBY_VEL_LOW,1,1321.86,3268.14,132.45,FALSE,M1_DIRECTION_MISMATCH|OPENING_SHIELD_ACTIVE_13s
2026-09-07 19:13:14.479,1788808394.480,5301,6,136,4406.19,4406.27,8.0,PASS_<=10c,+0.0,FLAT,+0.0,+69.0,3.0,+0.00,0.00,SLOW,4405.50,4406.54,4403.14,4406.23,0.00,0.00,0.0,BEARISH,340.0,4406.19,4406.19,4406.19,4406.19,14,ACTIVE_14s,1.0,0.0,0.0,0.0,0.0,0.0,0.0,PASS_<20%,0.00,0.0,NO,STANDBY_VEL_LOW,1,1321.86,3268.14,132.45,FALSE,M1_DIRECTION_MISMATCH|OPENING_SHIELD_ACTIVE_14s
2026-09-07 19:13:14.981,1788808394.982,5302,7,137,4406.19,4406.27,8.0,PASS_<=10c,+0.0,FLAT,+0.0,+69.0,3.1,+0.00,0.00,SLOW,4405.50,4406.54,4403.14,4406.23,0.00,0.00,0.0,BEARISH,340.0,4406.19,4406.19,4406.19,4406.19,14,ACTIVE_14s,1.0,0.0,0.0,0.0,0.0,0.0,0.0,PASS_<20%,0.00,0.0,NO,STANDBY_VEL_LOW,1,1321.86,3268.14,132.45,FALSE,M1_DIRECTION_MISMATCH|OPENING_SHIELD_ACTIVE_14s
2026-09-07 19:13:15.484,1788808395.484,5303,8,138,4406.19,4406.27,8.0,PASS_<=10c,+0.0,FLAT,+0.0,+69.0,3.2,+0.00,0.00,SLOW,4405.50,4406.54,4403.14,4406.23,0.00,0.00,0.0,BEARISH,340.0,4406.19,4406.19,4406.19,4406.19,15,ACTIVE_15s,1.0,0.0,0.0,0.0,0.0,0.0,0.0,PASS_<20%,0.00,0.0,NO,STANDBY_VEL_LOW,1,1321.86,3268.14,132.45,FALSE,M1_DIRECTION_MISMATCH|OPENING_SHIELD_ACTIVE_15s
2026-09-07 19:13:15.985,1788808395.985,5304,9,139,4406.19,4406.27,8.0,PASS_<=10c,+0.0,FLAT,+0.0,+69.0,3.3,+0.00,0.00,SLOW,4405.50,4406.54,4403.14,4406.23,0.00,0.00,0.0,BEARISH,340.0,4406.19,4406.19,4406.19,4406.19,15,ACTIVE_15s,1.0,0.0,0.0,0.0,0.0,0.0,0.0,PASS_<20%,0.00,0.0,NO,STANDBY_VEL_LOW,1,1321.86,3268.14,132.45,FALSE,M1_DIRECTION_MISMATCH|OPENING_SHIELD_ACTIVE_15s
2026-09-07 19:13:16.487,1788808396.488,5305,10,140,4406.19,4406.27,8.0,PASS_<=10c,+0.0,FLAT,+0.0,+69.0,4.4,+0.00,0.00,SLOW,4405.50,4406.54,4403.14,4406.23,0.00,0.00,0.0,BEARISH,340.0,4406.19,4406.19,4406.19,4406.19,16,ACTIVE_16s,1.0,0.0,0.0,0.0,0.0,0.0,0.0,PASS_<20%,0.00,0.0,NO,STANDBY_VEL_LOW,1,1321.86,3268.14,132.45,FALSE,M1_DIRECTION_MISMATCH|OPENING_SHIELD_ACTIVE_16s
2026-09-07 19:13:16.989,1788808396.989,5306,11,141,4406.19,4406.27,8.0,PASS_<=10c,+0.0,FLAT,+0.0,+69.0,4.3,+0.00,0.00,SLOW,4405.50,4406.54,4403.14,4406.23,0.00,0.00,0.0,BEARISH,340.0,4406.19,4406.19,4406.19,4406.19,16,ACTIVE_16s,1.0,0.0,0.0,0.0,0.0,0.0,0.0,PASS_<20%,0.00,0.0,NO,STANDBY_VEL_LOW,1,1321.86,3268.14,132.45,FALSE,M1_DIRECTION_MISMATCH|OPENING_SHIELD_ACTIVE_16s
2026-09-07 19:13:17.491,1788808397.492,5307,12,142,4406.19,4406.27,8.0,PASS_<=10c,+0.0,FLAT,+0.0,+69.0,4.3,+0.00,0.00,SLOW,4405.50,4406.54,4403.14,4406.23,0.00,0.00,0.0,BEARISH,340.0,4406.19,4406.19,4406.19,4406.19,17,ACTIVE_17s,1.0,0.0,0.0,0.0,0.0,0.0,0.0,PASS_<20%,0.00,0.0,NO,STANDBY_VEL_LOW,1,1321.86,3268.14,132.45,FALSE,M1_DIRECTION_MISMATCH|OPENING_SHIELD_ACTIVE_17s
2026-09-07 19:13:17.994,1788808397.994,5308,13,143,4406.19,4406.27,8.0,PASS_<=10c,+0.0,FLAT,+0.0,+69.0,4.2,+0.00,0.00,SLOW,4405.50,4406.54,4403.14,4406.23,0.00,0.00,0.0,BEARISH,340.0,4406.19,4406.19,4406.19,4406.19,17,ACTIVE_17s,1.0,0.0,0.0,0.0,0.0,0.0,0.0,PASS_<20%,0.00,0.0,NO,STANDBY_VEL_LOW,1,1321.86,3268.14,132.45,FALSE,M1_DIRECTION_MISMATCH|OPENING_SHIELD_ACTIVE_17s
2026-09-07 19:13:18.496,1788808398.496,5309,14,144,4406.19,4406.27,8.0,PASS_<=10c,+0.0,FLAT,+0.0,+69.0,4.2,+0.00,0.00,SLOW,4405.50,4406.54,4403.14,4406.23,0.00,0.00,0.0,BEARISH,340.0,4406.19,4406.19,4406.19,4406.19,18,ACTIVE_18s,1.0,0.0,0.0,0.0,0.0,0.0,0.0,PASS_<20%,0.00,0.0,NO,STANDBY_VEL_LOW,1,1321.86,3268.14,132.45,FALSE,M1_DIRECTION_MISMATCH|OPENING_SHIELD_ACTIVE_18s
2026-09-07 19:13:18.997,1788808398.997,5310,15,145,4406.19,4406.27,8.0,PASS_<=10c,+0.0,FLAT,+0.0,+69.0,4.2,+0.00,0.00,SLOW,4405.50,4406.54,4403.14,4406.23,0.00,0.00,0.0,BEARISH,340.0,4406.19,4406.19,4406.19,4406.19,18,ACTIVE_18s,1.0,0.0,0.0,0.0,0.0,0.0,0.0,PASS_<20%,0.00,0.0,NO,STANDBY_VEL_LOW,1,1321.86,3268.14,132.45,FALSE,M1_DIRECTION_MISMATCH|OPENING_SHIELD_ACTIVE_18s
2026-09-07 19:13:19.498,1788808399.498,5311,16,146,4406.19,4406.27,8.0,PASS_<=10c,+0.0,FLAT,+0.0,+69.0,4.2,+0.00,0.00,SLOW,4405.50,4406.54,4403.14,4406.23,0.00,0.00,0.0,BEARISH,340.0,4406.19,4406.19,4406.19,4406.19,19,ACTIVE_19s,1.0,0.0,0.0,0.0,0.0,0.0,0.0,PASS_<20%,0.00,0.0,NO,STANDBY_VEL_LOW,1,1321.86,3268.14,132.45,FALSE,M1_DIRECTION_MISMATCH|OPENING_SHIELD_ACTIVE_19s
2026-09-07 19:13:20.000,1788808400.000,5312,17,147,4406.19,4406.27,8.0,PASS_<=10c,+0.0,FLAT,+0.0,+69.0,4.2,+0.00,0.00,SLOW,4405.50,4406.54,4403.14,4406.23,0.00,0.00,0.0,BEARISH,340.0,4406.19,4406.19,4406.19,4406.19,20,CLEARED_>=20s,1.0,0.0,0.0,0.0,0.0,0.0,0.0,PASS_<20%,0.00,0.0,NO,STANDBY_VEL_LOW,1,1321.86,3268.14,132.45,FALSE,M1_DIRECTION_MISMATCH|OPENING_SHIELD_ACTIVE_19s
2026-09-07 19:13:20.502,1788808400.502,5313,18,148,4406.19,4406.27,8.0,PASS_<=10c,+0.0,FLAT,+0.0,+69.0,4.2,+0.00,0.00,SLOW,4405.50,4406.54,4403.14,4406.23,0.00,0.00,0.0,BEARISH,340.0,4406.19,4406.19,4406.19,4406.19,20,CLEARED_>=20s,1.0,0.0,0.0,0.0,0.0,0.0,0.0,PASS_<20%,0.00,0.0,NO,STANDBY_VEL_LOW,1,1321.86,3268.14,132.45,FALSE,M1_DIRECTION_MISMATCH
2026-09-07 19:13:30.879,1788808410.880,5314,19,149,4406.19,4406.27,8.0,PASS_<=10c,+0.0,FLAT,+0.0,+69.0,1.3,+0.00,0.00,SLOW,4405.50,4406.54,4403.14,4406.23,0.00,0.00,0.0,BEARISH,340.0,4406.19,4406.19,4406.19,4406.19,30,CLEARED_>=20s,1.0,0.0,0.0,0.0,0.0,0.0,0.0,PASS_<20%,0.00,0.0,NO,STANDBY_VEL_LOW,1,1321.86,3268.14,132.45,FALSE,M1_DIRECTION_MISMATCH
2026-09-07 19:13:37.903,1788808417.904,5315,20,150,4406.19,4406.27,8.0,PASS_<=10c,+0.0,FLAT,+0.0,+69.0,1.3,+0.00,0.00,SLOW,4405.50,4406.54,4403.14,4406.23,0.00,0.00,0.0,BEARISH,340.0,4406.19,4406.19,4406.19,4406.19,37,CLEARED_>=20s,1.0,0.0,0.0,0.0,0.0,0.0,0.0,PASS_<20%,0.00,0.0,NO,STANDBY_VEL_LOW,1,1321.86,3268.14,132.45,FALSE,M1_DIRECTION_MISMATCH
2026-09-07 19:13:38.258,1788808418.259,5316,21,151,4406.19,4406.27,8.0,PASS_<=10c,+0.0,FLAT,+0.0,+69.0,1.8,+0.00,0.00,SLOW,4405.50,4406.54,4403.14,4406.23,0.00,0.00,0.0,BEARISH,340.0,4406.19,4406.19,4406.19,4406.19,38,CLEARED_>=20s,1.0,0.0,0.0,0.0,0.0,0.0,0.0,PASS_<20%,0.00,0.0,NO,STANDBY_VEL_LOW,1,1321.86,3268.14,132.45,FALSE,M1_DIRECTION_MISMATCH
2026-09-07 19:13:38.761,1788808418.762,5317,22,152,4406.19,4406.27,8.0,PASS_<=10c,+0.0,FLAT,+0.0,+69.0,2.2,+0.00,0.00,SLOW,4405.50,4406.54,4403.14,4406.23,0.00,0.00,0.0,BEARISH,340.0,4406.19,4406.19,4406.19,4406.19,38,CLEARED_>=20s,1.0,0.0,0.0,0.0,0.0,0.0,0.0,PASS_<20%,0.00,0.0,NO,STANDBY_VEL_LOW,1,1321.86,3268.14,132.45,FALSE,M1_DIRECTION_MISMATCH
2026-09-07 19:13:39.263,1788808419.263,5318,23,153,4406.19,4406.27,8.0,PASS_<=10c,+0.0,FLAT,+0.0,+69.0,2.5,+0.00,0.00,SLOW,4405.50,4406.54,4403.14,4406.23,0.00,0.00,0.0,BEARISH,340.0,4406.19,4406.19,4406.19,4406.19,39,CLEARED_>=20s,1.0,0.0,0.0,0.0,0.0,0.0,0.0,PASS_<20%,0.00,0.0,NO,STANDBY_VEL_LOW,1,1321.86,3268.14,132.45,FALSE,M1_DIRECTION_MISMATCH
2026-09-07 19:13:39.764,1788808419.765,5319,24,154,4406.19,4406.27,8.0,PASS_<=10c,+0.0,FLAT,+0.0,+69.0,2.7,+0.00,0.00,SLOW,4405.50,4406.54,4403.14,4406.23,0.00,0.00,0.0,BEARISH,340.0,4406.19,4406.19,4406.19,4406.19,39,CLEARED_>=20s,1.0,0.0,0.0,0.0,0.0,0.0,0.0,PASS_<20%,0.00,0.0,NO,STANDBY_VEL_LOW,1,1321.86,3268.14,132.45,FALSE,M1_DIRECTION_MISMATCH
2026-09-07 19:13:40.266,1788808420.266,5320,25,155,4406.19,4406.27,8.0,PASS_<=10c,+0.0,FLAT,+0.0,+69.0,2.8,+0.00,0.00,SLOW,4405.50,4406.54,4403.14,4406.23,0.00,0.00,0.0,BEARISH,340.0,4406.19,4406.19,4406.19,4406.19,40,CLEARED_>=20s,1.0,0.0,0.0,0.0,0.0,0.0,0.0,PASS_<20%,0.00,0.0,NO,STANDBY_VEL_LOW,1,1321.86,3268.14,132.45,FALSE,M1_DIRECTION_MISMATCH
2026-09-07 19:13:40.767,1788808420.768,5321,26,156,4406.19,4406.27,8.0,PASS_<=10c,+0.0,FLAT,+0.0,+69.0,2.9,+0.00,0.00,SLOW,4405.50,4406.54,4403.14,4406.23,0.00,0.00,0.0,BEARISH,340.0,4406.19,4406.19,4406.19,4406.19,40,CLEARED_>=20s,1.0,0.0,0.0,0.0,0.0,0.0,0.0,PASS_<20%,0.00,0.0,NO,STANDBY_VEL_LOW,1,1321.86,3268.14,132.45,FALSE,M1_DIRECTION_MISMATCH
2026-09-07 19:13:41.269,1788808421.270,5322,27,157,4406.19,4406.27,8.0,PASS_<=10c,+0.0,FLAT,+0.0,+69.0,4.5,+0.00,0.00,SLOW,4405.50,4406.54,4403.14,4406.23,0.00,0.00,0.0,BEARISH,340.0,4406.19,4406.19,4406.19,4406.19,41,CLEARED_>=20s,1.0,0.0,0.0,0.0,0.0,0.0,0.0,PASS_<20%,0.00,0.0,NO,STANDBY_VEL_LOW,1,1321.86,3268.14,132.45,FALSE,M1_DIRECTION_MISMATCH
2026-09-07 19:13:41.771,1788808421.772,5323,28,158,4406.19,4406.27,8.0,PASS_<=10c,+0.0,FLAT,+0.0,+69.0,4.4,+0.00,0.00,SLOW,4405.50,4406.54,4403.14,4406.23,0.00,0.00,0.0,BEARISH,340.0,4406.19,4406.19,4406.19,4406.19,41,CLEARED_>=20s,1.0,0.0,0.0,0.0,0.0,0.0,0.0,PASS_<20%,0.00,0.0,NO,STANDBY_VEL_LOW,1,1321.86,3268.14,132.45,FALSE,M1_DIRECTION_MISMATCH
2026-09-07 19:13:42.274,1788808422.274,5324,29,159,4406.19,4406.27,8.0,PASS_<=10c,+0.0,FLAT,+0.0,+69.0,4.3,+0.00,0.00,SLOW,4405.50,4406.54,4403.14,4406.23,0.00,0.00,0.0,BEARISH,340.0,4406.19,4406.19,4406.19,4406.19,42,CLEARED_>=20s,1.0,0.0,0.0,0.0,0.0,0.0,0.0,PASS_<20%,0.00,0.0,NO,STANDBY_VEL_LOW,1,1321.86,3268.14,132.45,FALSE,M1_DIRECTION_MISMATCH
2026-09-07 19:13:42.776,1788808422.777,5325,30,160,4406.19,4406.27,8.0,PASS_<=10c,+0.0,FLAT,+0.0,+69.0,4.3,+0.00,0.00,SLOW,4405.50,4406.54,4403.14,4406.23,0.00,0.00,0.0,BEARISH,340.0,4406.19,4406.19,4406.19,4406.19,42,CLEARED_>=20s,1.0,0.0,0.0,0.0,0.0,0.0,0.0,PASS_<20%,0.00,0.0,NO,STANDBY_VEL_LOW,1,1321.86,3268.14,132.45,FALSE,M1_DIRECTION_MISMATCH
2026-09-07 19:13:43.278,1788808423.279,5326,31,161,4406.19,4406.27,8.0,PASS_<=10c,+0.0,FLAT,+0.0,+69.0,4.2,+0.00,0.00,SLOW,4405.50,4406.54,4403.14,4406.23,0.00,0.00,0.0,BEARISH,340.0,4406.19,4406.19,4406.19,4406.19,43,CLEARED_>=20s,1.0,0.0,0.0,0.0,0.0,0.0,0.0,PASS_<20%,0.00,0.0,NO,STANDBY_VEL_LOW,1,1321.86,3268.14,132.45,FALSE,M1_DIRECTION_MISMATCH
2026-09-07 19:13:43.783,1788808423.784,5327,32,162,4406.19,4406.27,8.0,PASS_<=10c,+0.0,FLAT,+0.0,+69.0,4.2,+0.00,0.00,SLOW,4405.50,4406.54,4403.14,4406.23,0.00,0.00,0.0,BEARISH,340.0,4406.19,4406.19,4406.19,4406.19,43,CLEARED_>=20s,1.0,0.0,0.0,0.0,0.0,0.0,0.0,PASS_<20%,0.00,0.0,NO,STANDBY_VEL_LOW,1,1321.86,3268.14,132.45,FALSE,M1_DIRECTION_MISMATCH
2026-09-07 19:13:44.285,1788808424.286,5328,33,163,4406.19,4406.27,8.0,PASS_<=10c,+0.0,FLAT,+0.0,+69.0,4.2,+0.00,0.00,SLOW,4405.50,4406.54,4403.14,4406.23,0.00,0.00,0.0,BEARISH,340.0,4406.19,4406.19,4406.19,4406.19,44,CLEARED_>=20s,1.0,0.0,0.0,0.0,0.0,0.0,0.0,PASS_<20%,0.00,0.0,NO,STANDBY_VEL_LOW,1,1321.86,3268.14,132.45,FALSE,M1_DIRECTION_MISMATCH
2026-09-07 19:13:44.786,1788808424.787,5329,34,164,4406.19,4406.27,8.0,PASS_<=10c,+0.0,FLAT,+0.0,+69.0,4.2,+0.00,0.00,SLOW,4405.50,4406.54,4403.14,4406.23,0.00,0.00,0.0,BEARISH,340.0,4406.19,4406.19,4406.19,4406.19,44,CLEARED_>=20s,1.0,0.0,0.0,0.0,0.0,0.0,0.0,PASS_<20%,0.00,0.0,NO,STANDBY_VEL_LOW,1,1321.86,3268.14,132.45,FALSE,M1_DIRECTION_MISMATCH
2026-09-07 19:13:45.288,1788808425.288,5330,35,165,4406.19,4406.27,8.0,PASS_<=10c,+0.0,FLAT,+0.0,+69.0,4.2,+0.00,0.00,SLOW,4405.50,4406.54,4403.14,4406.23,0.00,0.00,0.0,BEARISH,340.0,4406.19,4406.19,4406.19,4406.19,45,CLEARED_>=20s,1.0,0.0,0.0,0.0,0.0,0.0,0.0,PASS_<20%,0.00,0.0,NO,STANDBY_VEL_LOW,1,1321.86,3268.14,132.45,FALSE,M1_DIRECTION_MISMATCH
2026-09-07 19:13:45.789,1788808425.789,5331,36,166,4406.19,4406.27,8.0,PASS_<=10c,+0.0,FLAT,+0.0,+69.0,4.2,+0.00,0.00,SLOW,4405.50,4406.54,4403.14,4406.23,0.00,0.00,0.0,BEARISH,340.0,4406.19,4406.19,4406.19,4406.19,45,CLEARED_>=20s,1.0,0.0,0.0,0.0,0.0,0.0,0.0,PASS_<20%,0.00,0.0,NO,STANDBY_VEL_LOW,1,1321.86,3268.14,132.45,FALSE,M1_DIRECTION_MISMATCH
2026-09-07 19:13:56.173,1788808436.173,5332,37,167,4406.19,4406.27,8.0,PASS_<=10c,+0.0,FLAT,+0.0,+69.0,1.3,+0.00,0.00,SLOW,4405.50,4406.54,4403.14,4406.23,0.00,0.00,0.0,BEARISH,340.0,4406.19,4406.19,4406.19,4406.19,56,CLEARED_>=20s,1.0,0.0,0.0,0.0,0.0,0.0,0.0,PASS_<20%,0.00,0.0,NO,STANDBY_VEL_LOW,1,1321.86,3268.14,132.45,FALSE,M1_DIRECTION_MISMATCH
2026-09-07 19:14:01.993,1788808441.994,5333,1,168,4406.19,4406.27,8.0,PASS_<=10c,+0.0,FLAT,+0.0,+69.0,2.0,+0.00,0.00,SLOW,4405.50,4406.54,4403.14,4406.23,0.00,0.00,0.0,BEARISH,340.0,4406.19,4406.19,4406.19,4406.19,1,ACTIVE_1s,1.0,0.0,0.0,0.0,0.0,0.0,0.0,PASS_<20%,0.00,0.0,NO,STANDBY_VEL_LOW,1,1321.86,3268.14,132.45,FALSE,M1_DIRECTION_MISMATCH|OPENING_SHIELD_ACTIVE_1s
2026-09-07 19:14:02.349,1788808442.350,5334,2,169,4406.19,4406.27,8.0,PASS_<=10c,+0.0,FLAT,+0.0,+69.0,3.8,+0.00,0.00,SLOW,4405.50,4406.54,4403.14,4406.23,0.00,0.00,0.0,BEARISH,340.0,4406.19,4406.19,4406.19,4406.19,2,ACTIVE_2s,1.0,0.0,0.0,0.0,0.0,0.0,0.0,PASS_<20%,0.00,0.0,NO,STANDBY_VEL_LOW,1,1321.86,3268.14,132.45,FALSE,M1_DIRECTION_MISMATCH|OPENING_SHIELD_ACTIVE_2s
2026-09-07 19:14:02.851,1788808442.851,5335,3,170,4406.19,4406.27,8.0,PASS_<=10c,+0.0,FLAT,+0.0,+69.0,3.8,+0.00,0.00,SLOW,4405.50,4406.54,4403.14,4406.23,0.00,0.00,0.0,BEARISH,340.0,4406.19,4406.19,4406.19,4406.19,2,ACTIVE_2s,1.0,0.0,0.0,0.0,0.0,0.0,0.0,PASS_<20%,0.00,0.0,NO,STANDBY_VEL_LOW,1,1321.86,3268.14,132.45,FALSE,M1_DIRECTION_MISMATCH|OPENING_SHIELD_ACTIVE_2s
2026-09-07 19:14:03.353,1788808443.354,5336,4,171,4406.19,4406.27,8.0,PASS_<=10c,+0.0,FLAT,+0.0,+69.0,3.9,+0.00,0.00,SLOW,4405.50,4406.54,4403.14,4406.23,0.00,0.00,0.0,BEARISH,340.0,4406.19,4406.19,4406.19,4406.19,3,ACTIVE_3s,1.0,0.0,0.0,0.0,0.0,0.0,0.0,PASS_<20%,0.00,0.0,NO,STANDBY_VEL_LOW,1,1321.86,3268.14,132.45,FALSE,M1_DIRECTION_MISMATCH|OPENING_SHIELD_ACTIVE_3s
2026-09-07 19:14:03.854,1788808443.855,5337,5,172,4406.19,4406.27,8.0,PASS_<=10c,+0.0,FLAT,+0.0,+69.0,3.9,+0.00,0.00,SLOW,4405.50,4406.54,4403.14,4406.23,0.00,0.00,0.0,BEARISH,340.0,4406.19,4406.19,4406.19,4406.19,3,ACTIVE_3s,1.0,0.0,0.0,0.0,0.0,0.0,0.0,PASS_<20%,0.00,0.0,NO,STANDBY_VEL_LOW,1,1321.86,3268.14,132.45,FALSE,M1_DIRECTION_MISMATCH|OPENING_SHIELD_ACTIVE_3s
2026-09-07 19:14:04.356,1788808444.356,5338,6,173,4406.19,4406.27,8.0,PASS_<=10c,+0.0,FLAT,+0.0,+69.0,3.9,+0.00,0.00,SLOW,4405.50,4406.54,4403.14,4406.23,0.00,0.00,0.0,BEARISH,340.0,4406.19,4406.19,4406.19,4406.19,4,ACTIVE_4s,1.0,0.0,0.0,0.0,0.0,0.0,0.0,PASS_<20%,0.00,0.0,NO,STANDBY_VEL_LOW,1,1321.86,3268.14,132.45,FALSE,M1_DIRECTION_MISMATCH|OPENING_SHIELD_ACTIVE_4s
2026-09-07 19:14:04.857,1788808444.857,5339,7,174,4406.19,4406.27,8.0,PASS_<=10c,+0.0,FLAT,+0.0,+69.0,3.9,+0.00,0.00,SLOW,4405.50,4406.54,4403.14,4406.23,0.00,0.00,0.0,BEARISH,340.0,4406.19,4406.19,4406.19,4406.19,4,ACTIVE_4s,1.0,0.0,0.0,0.0,0.0,0.0,0.0,PASS_<20%,0.00,0.0,NO,STANDBY_VEL_LOW,1,1321.86,3268.14,132.45,FALSE,M1_DIRECTION_MISMATCH|OPENING_SHIELD_ACTIVE_4s
2026-09-07 19:14:05.359,1788808445.360,5340,8,175,4406.19,4406.27,8.0,PASS_<=10c,+0.0,FLAT,+0.0,+69.0,3.9,+0.00,0.00,SLOW,4405.50,4406.54,4403.14,4406.23,0.00,0.00,0.0,BEARISH,340.0,4406.19,4406.19,4406.19,4406.19,5,ACTIVE_5s,1.0,0.0,0.0,0.0,0.0,0.0,0.0,PASS_<20%,0.00,0.0,NO,STANDBY_VEL_LOW,1,1321.86,3268.14,132.45,FALSE,M1_DIRECTION_MISMATCH|OPENING_SHIELD_ACTIVE_5s
2026-09-07 19:14:05.860,1788808445.860,5341,9,176,4406.19,4406.27,8.0,PASS_<=10c,+0.0,FLAT,+0.0,+69.0,3.9,+0.00,0.00,SLOW,4405.50,4406.54,4403.14,4406.23,0.00,0.00,0.0,BEARISH,340.0,4406.19,4406.19,4406.19,4406.19,5,ACTIVE_5s,1.0,0.0,0.0,0.0,0.0,0.0,0.0,PASS_<20%,0.00,0.0,NO,STANDBY_VEL_LOW,1,1321.86,3268.14,132.45,FALSE,M1_DIRECTION_MISMATCH|OPENING_SHIELD_ACTIVE_5s
2026-09-07 19:14:06.361,1788808446.362,5342,10,177,4406.19,4406.27,8.0,PASS_<=10c,+0.0,FLAT,+0.0,+69.0,4.4,+0.00,0.00,SLOW,4405.50,4406.54,4403.14,4406.23,0.00,0.00,0.0,BEARISH,340.0,4406.19,4406.19,4406.19,4406.19,6,ACTIVE_6s,1.0,0.0,0.0,0.0,0.0,0.0,0.0,PASS_<20%,0.00,0.0,NO,STANDBY_VEL_LOW,1,1321.86,3268.14,132.45,FALSE,M1_DIRECTION_MISMATCH|OPENING_SHIELD_ACTIVE_6s
2026-09-07 19:14:06.862,1788808446.862,5343,11,178,4406.19,4406.27,8.0,PASS_<=10c,+0.0,FLAT,+0.0,+69.0,4.3,+0.00,0.00,SLOW,4405.50,4406.54,4403.14,4406.23,0.00,0.00,0.0,BEARISH,340.0,4406.19,4406.19,4406.19,4406.19,6,ACTIVE_6s,1.0,0.0,0.0,0.0,0.0,0.0,0.0,PASS_<20%,0.00,0.0,NO,STANDBY_VEL_LOW,1,1321.86,3268.14,132.45,FALSE,M1_DIRECTION_MISMATCH|OPENING_SHIELD_ACTIVE_6s
2026-09-07 19:14:07.362,1788808447.363,5344,12,179,4406.19,4406.27,8.0,PASS_<=10c,+0.0,FLAT,+0.0,+69.0,4.2,+0.00,0.00,SLOW,4405.50,4406.54,4403.14,4406.23,0.00,0.00,0.0,BEARISH,340.0,4406.19,4406.19,4406.19,4406.19,7,ACTIVE_7s,1.0,0.0,0.0,0.0,0.0,0.0,0.0,PASS_<20%,0.00,0.0,NO,STANDBY_VEL_LOW,1,1321.86,3268.14,132.45,FALSE,M1_DIRECTION_MISMATCH|OPENING_SHIELD_ACTIVE_7s
2026-09-07 19:14:07.864,1788808447.864,5345,13,180,4406.19,4406.27,8.0,PASS_<=10c,+0.0,FLAT,+0.0,+69.0,4.2,+0.00,0.00,SLOW,4405.50,4406.54,4403.14,4406.23,0.00,0.00,0.0,BEARISH,340.0,4406.19,4406.19,4406.19,4406.19,7,ACTIVE_7s,1.0,0.0,0.0,0.0,0.0,0.0,0.0,PASS_<20%,0.00,0.0,NO,STANDBY_VEL_LOW,1,1321.86,3268.14,132.45,FALSE,M1_DIRECTION_MISMATCH|OPENING_SHIELD_ACTIVE_7s
2026-09-07 19:14:08.366,1788808448.367,5346,14,181,4406.19,4406.27,8.0,PASS_<=10c,+0.0,FLAT,+0.0,+69.0,4.2,+0.00,0.00,SLOW,4405.50,4406.54,4403.14,4406.23,0.00,0.00,0.0,BEARISH,340.0,4406.19,4406.19,4406.19,4406.19,8,ACTIVE_8s,1.0,0.0,0.0,0.0,0.0,0.0,0.0,PASS_<20%,0.00,0.0,NO,STANDBY_VEL_LOW,1,1321.86,3268.14,132.45,FALSE,M1_DIRECTION_MISMATCH|OPENING_SHIELD_ACTIVE_8s
2026-09-07 19:14:08.867,1788808448.868,5347,15,182,4406.19,4406.27,8.0,PASS_<=10c,+0.0,FLAT,+0.0,+69.0,4.2,+0.00,0.00,SLOW,4405.50,4406.54,4403.14,4406.23,0.00,0.00,0.0,BEARISH,340.0,4406.19,4406.19,4406.19,4406.19,8,ACTIVE_8s,1.0,0.0,0.0,0.0,0.0,0.0,0.0,PASS_<20%,0.00,0.0,NO,STANDBY_VEL_LOW,1,1321.86,3268.14,132.45,FALSE,M1_DIRECTION_MISMATCH|OPENING_SHIELD_ACTIVE_8s
2026-09-07 19:14:09.369,1788808449.370,5348,16,183,4406.19,4406.27,8.0,PASS_<=10c,+0.0,FLAT,+0.0,+69.0,4.2,+0.00,0.00,SLOW,4405.50,4406.54,4403.14,4406.23,0.00,0.00,0.0,BEARISH,340.0,4406.19,4406.19,4406.19,4406.19,9,ACTIVE_9s,1.0,0.0,0.0,0.0,0.0,0.0,0.0,PASS_<20%,0.00,0.0,NO,STANDBY_VEL_LOW,1,1321.86,3268.14,132.45,FALSE,M1_DIRECTION_MISMATCH|OPENING_SHIELD_ACTIVE_9s
2026-09-07 19:14:09.872,1788808449.872,5349,17,184,4406.19,4406.27,8.0,PASS_<=10c,+0.0,FLAT,+0.0,+69.0,4.2,+0.00,0.00,SLOW,4405.50,4406.54,4403.14,4406.23,0.00,0.00,0.0,BEARISH,340.0,4406.19,4406.19,4406.19,4406.19,9,ACTIVE_9s,1.0,0.0,0.0,0.0,0.0,0.0,0.0,PASS_<20%,0.00,0.0,NO,STANDBY_VEL_LOW,1,1321.86,3268.14,132.45,FALSE,M1_DIRECTION_MISMATCH|OPENING_SHIELD_ACTIVE_9s
2026-09-07 19:14:20.259,1788808460.259,5350,18,185,4406.19,4406.27,8.0,PASS_<=10c,+0.0,FLAT,+0.0,+69.0,1.3,+0.00,0.00,SLOW,4405.50,4406.54,4403.14,4406.23,0.00,0.00,0.0,BEARISH,340.0,4406.19,4406.19,4406.19,4406.19,20,CLEARED_>=20s,1.0,0.0,0.0,0.0,0.0,0.0,0.0,PASS_<20%,0.00,0.0,NO,STANDBY_VEL_LOW,1,1321.86,3268.14,132.45,FALSE,M1_DIRECTION_MISMATCH
2026-09-07 19:14:26.682,1788808466.683,5351,19,186,4406.19,4406.27,8.0,PASS_<=10c,+0.0,FLAT,+0.0,+69.0,1.5,+0.00,0.00,SLOW,4405.50,4406.54,4403.14,4406.23,0.00,0.00,0.0,BEARISH,340.0,4406.19,4406.19,4406.19,4406.19,26,CLEARED_>=20s,1.0,0.0,0.0,0.0,0.0,0.0,0.0,PASS_<20%,0.00,0.0,NO,STANDBY_VEL_LOW,1,1321.86,3268.14,132.45,FALSE,M1_DIRECTION_MISMATCH
2026-09-07 19:14:27.037,1788808467.037,5352,20,187,4406.19,4406.27,8.0,PASS_<=10c,+0.0,FLAT,+0.0,+69.0,2.4,+0.00,0.00,SLOW,4405.50,4406.54,4403.14,4406.23,0.00,0.00,0.0,BEARISH,340.0,4406.19,4406.19,4406.19,4406.19,27,CLEARED_>=20s,1.0,0.0,0.0,0.0,0.0,0.0,0.0,PASS_<20%,0.00,0.0,NO,STANDBY_VEL_LOW,1,1321.86,3268.14,132.45,FALSE,M1_DIRECTION_MISMATCH
2026-09-07 19:14:27.538,1788808467.539,5353,21,188,4406.19,4406.27,8.0,PASS_<=10c,+0.0,FLAT,+0.0,+69.0,2.8,+0.00,0.00,SLOW,4405.50,4406.54,4403.14,4406.23,0.00,0.00,0.0,BEARISH,340.0,4406.19,4406.19,4406.19,4406.19,27,CLEARED_>=20s,1.0,0.0,0.0,0.0,0.0,0.0,0.0,PASS_<20%,0.00,0.0,NO,STANDBY_VEL_LOW,1,1321.86,3268.14,132.45,FALSE,M1_DIRECTION_MISMATCH
2026-09-07 19:14:28.040,1788808468.040,5354,22,189,4406.19,4406.27,8.0,PASS_<=10c,+0.0,FLAT,+0.0,+69.0,3.0,+0.00,0.00,SLOW,4405.50,4406.54,4403.14,4406.23,0.00,0.00,0.0,BEARISH,340.0,4406.19,4406.19,4406.19,4406.19,28,CLEARED_>=20s,1.0,0.0,0.0,0.0,0.0,0.0,0.0,PASS_<20%,0.00,0.0,NO,STANDBY_VEL_LOW,1,1321.86,3268.14,132.45,FALSE,M1_DIRECTION_MISMATCH
2026-09-07 19:14:28.541,1788808468.542,5355,23,190,4406.19,4406.27,8.0,PASS_<=10c,+0.0,FLAT,+0.0,+69.0,3.2,+0.00,0.00,SLOW,4405.50,4406.54,4403.14,4406.23,0.00,0.00,0.0,BEARISH,340.0,4406.19,4406.19,4406.19,4406.19,28,CLEARED_>=20s,1.0,0.0,0.0,0.0,0.0,0.0,0.0,PASS_<20%,0.00,0.0,NO,STANDBY_VEL_LOW,1,1321.86,3268.14,132.45,FALSE,M1_DIRECTION_MISMATCH
2026-09-07 19:14:29.043,1788808469.043,5356,24,191,4406.19,4406.27,8.0,PASS_<=10c,+0.0,FLAT,+0.0,+69.0,3.3,+0.00,0.00,SLOW,4405.50,4406.54,4403.14,4406.23,0.00,0.00,0.0,BEARISH,340.0,4406.19,4406.19,4406.19,4406.19,29,CLEARED_>=20s,1.0,0.0,0.0,0.0,0.0,0.0,0.0,PASS_<20%,0.00,0.0,NO,STANDBY_VEL_LOW,1,1321.86,3268.14,132.45,FALSE,M1_DIRECTION_MISMATCH
2026-09-07 19:14:29.545,1788808469.545,5357,25,192,4406.19,4406.27,8.0,PASS_<=10c,+0.0,FLAT,+0.0,+69.0,3.4,+0.00,0.00,SLOW,4405.50,4406.54,4403.14,4406.23,0.00,0.00,0.0,BEARISH,340.0,4406.19,4406.19,4406.19,4406.19,29,CLEARED_>=20s,1.0,0.0,0.0,0.0,0.0,0.0,0.0,PASS_<20%,0.00,0.0,NO,STANDBY_VEL_LOW,1,1321.86,3268.14,132.45,FALSE,M1_DIRECTION_MISMATCH
2026-09-07 19:14:30.047,1788808470.047,5358,26,193,4406.19,4406.27,8.0,PASS_<=10c,+0.0,FLAT,+0.0,+69.0,3.4,+0.00,0.00,SLOW,4405.50,4406.54,4403.14,4406.23,0.00,0.00,0.0,BEARISH,340.0,4406.19,4406.19,4406.19,4406.19,30,CLEARED_>=20s,1.0,0.0,0.0,0.0,0.0,0.0,0.0,PASS_<20%,0.00,0.0,NO,STANDBY_VEL_LOW,1,1321.86,3268.14,132.45,FALSE,M1_DIRECTION_MISMATCH
2026-09-07 19:14:30.547,1788808470.548,5359,27,194,4406.19,4406.27,8.0,PASS_<=10c,+0.0,FLAT,+0.0,+69.0,4.4,+0.00,0.00,SLOW,4405.50,4406.54,4403.14,4406.23,0.00,0.00,0.0,BEARISH,340.0,4406.19,4406.19,4406.19,4406.19,30,CLEARED_>=20s,1.0,0.0,0.0,0.0,0.0,0.0,0.0,PASS_<20%,0.00,0.0,NO,STANDBY_VEL_LOW,1,1321.86,3268.14,132.45,FALSE,M1_DIRECTION_MISMATCH
2026-09-07 19:14:31.049,1788808471.050,5360,28,195,4406.19,4406.27,8.0,PASS_<=10c,+0.0,FLAT,+0.0,+69.0,4.4,+0.00,0.00,SLOW,4405.50,4406.54,4403.14,4406.23,0.00,0.00,0.0,BEARISH,340.0,4406.19,4406.19,4406.19,4406.19,31,CLEARED_>=20s,1.0,0.0,0.0,0.0,0.0,0.0,0.0,PASS_<20%,0.00,0.0,NO,STANDBY_VEL_LOW,1,1321.86,3268.14,132.45,FALSE,M1_DIRECTION_MISMATCH
2026-09-07 19:14:31.550,1788808471.550,5361,29,196,4406.19,4406.27,8.0,PASS_<=10c,+0.0,FLAT,+0.0,+69.0,4.3,+0.00,0.00,SLOW,4405.50,4406.54,4403.14,4406.23,0.00,0.00,0.0,BEARISH,340.0,4406.19,4406.19,4406.19,4406.19,31,CLEARED_>=20s,1.0,0.0,0.0,0.0,0.0,0.0,0.0,PASS_<20%,0.00,0.0,NO,STANDBY_VEL_LOW,1,1321.86,3268.14,132.45,FALSE,M1_DIRECTION_MISMATCH
2026-09-07 19:14:32.052,1788808472.052,5362,30,197,4406.19,4406.27,8.0,PASS_<=10c,+0.0,FLAT,+0.0,+69.0,4.2,+0.00,0.00,SLOW,4405.50,4406.54,4403.14,4406.23,0.00,0.00,0.0,BEARISH,340.0,4406.19,4406.19,4406.19,4406.19,32,CLEARED_>=20s,1.0,0.0,0.0,0.0,0.0,0.0,0.0,PASS_<20%,0.00,0.0,NO,STANDBY_VEL_LOW,1,1321.86,3268.14,132.45,FALSE,M1_DIRECTION_MISMATCH
2026-09-07 19:14:32.554,1788808472.555,5363,31,198,4406.19,4406.27,8.0,PASS_<=10c,+0.0,FLAT,+0.0,+69.0,4.2,+0.00,0.00,SLOW,4405.50,4406.54,4403.14,4406.23,0.00,0.00,0.0,BEARISH,340.0,4406.19,4406.19,4406.19,4406.19,32,CLEARED_>=20s,1.0,0.0,0.0,0.0,0.0,0.0,0.0,PASS_<20%,0.00,0.0,NO,STANDBY_VEL_LOW,1,1321.86,3268.14,132.45,FALSE,M1_DIRECTION_MISMATCH
2026-09-07 19:14:33.056,1788808473.056,5364,32,199,4406.19,4406.27,8.0,PASS_<=10c,+0.0,FLAT,+0.0,+69.0,4.2,+0.00,0.00,SLOW,4405.50,4406.54,4403.14,4406.23,0.00,0.00,0.0,BEARISH,340.0,4406.19,4406.19,4406.19,4406.19,33,CLEARED_>=20s,1.0,0.0,0.0,0.0,0.0,0.0,0.0,PASS_<20%,0.00,0.0,NO,STANDBY_VEL_LOW,1,1321.86,3268.14,132.45,FALSE,M1_DIRECTION_MISMATCH
2026-09-07 19:14:33.557,1788808473.557,5365,33,200,4406.19,4406.27,8.0,PASS_<=10c,+0.0,FLAT,+0.0,+69.0,4.2,+0.00,0.00,SLOW,4405.50,4406.54,4403.14,4406.23,0.00,0.00,0.0,BEARISH,340.0,4406.19,4406.19,4406.19,4406.19,33,CLEARED_>=20s,1.0,0.0,0.0,0.0,0.0,0.0,0.0,PASS_<20%,0.00,0.0,NO,STANDBY_VEL_LOW,1,1321.86,3268.14,132.45,FALSE,M1_DIRECTION_MISMATCH
2026-09-07 19:14:34.058,1788808474.059,5366,34,201,4406.19,4406.27,8.0,PASS_<=10c,+0.0,FLAT,+0.0,+69.0,4.2,+0.00,0.00,SLOW,4405.50,4406.54,4403.14,4406.23,0.00,0.00,0.0,BEARISH,340.0,4406.19,4406.19,4406.19,4406.19,34,CLEARED_>=20s,1.0,0.0,0.0,0.0,0.0,0.0,0.0,PASS_<20%,0.00,0.0,NO,STANDBY_VEL_LOW,1,1321.86,3268.14,132.45,FALSE,M1_DIRECTION_MISMATCH
2026-09-07 19:14:34.560,1788808474.560,5367,35,202,4406.19,4406.27,8.0,PASS_<=10c,+0.0,FLAT,+0.0,+69.0,4.2,+0.00,0.00,SLOW,4405.50,4406.54,4403.14,4406.23,0.00,0.00,0.0,BEARISH,340.0,4406.19,4406.19,4406.19,4406.19,34,CLEARED_>=20s,1.0,0.0,0.0,0.0,0.0,0.0,0.0,PASS_<20%,0.00,0.0,NO,STANDBY_VEL_LOW,1,1321.86,3268.14,132.45,FALSE,M1_DIRECTION_MISMATCH
2026-09-07 19:14:44.968,1788808484.969,5368,36,203,4406.19,4406.27,8.0,PASS_<=10c,+0.0,FLAT,+0.0,+69.0,1.3,+0.00,0.00,SLOW,4405.50,4406.54,4403.14,4406.23,0.00,0.00,0.0,BEARISH,340.0,4406.19,4406.19,4406.19,4406.19,44,CLEARED_>=20s,1.0,0.0,0.0,0.0,0.0,0.0,0.0,PASS_<20%,0.00,0.0,NO,STANDBY_VEL_LOW,1,1321.86,3268.14,132.45,FALSE,M1_DIRECTION_MISMATCH
2026-09-07 19:14:53.798,1788808493.798,5369,37,204,4406.19,4406.27,8.0,PASS_<=10c,+0.0,FLAT,+0.0,+69.0,1.3,+0.00,0.00,SLOW,4405.50,4406.54,4403.14,4406.23,0.00,0.00,0.0,BEARISH,340.0,4406.19,4406.19,4406.19,4406.19,53,CLEARED_>=20s,1.0,0.0,0.0,0.0,0.0,0.0,0.0,PASS_<20%,0.00,0.0,NO,STANDBY_VEL_LOW,1,1321.86,3268.14,132.45,FALSE,M1_DIRECTION_MISMATCH
2026-09-07 19:14:54.152,1788808494.153,5370,38,205,4406.19,4406.27,8.0,PASS_<=10c,+0.0,FLAT,+0.0,+69.0,1.3,+0.00,0.00,SLOW,4405.50,4406.54,4403.14,4406.23,0.00,0.00,0.0,BEARISH,340.0,4406.19,4406.19,4406.19,4406.19,54,CLEARED_>=20s,1.0,0.0,0.0,0.0,0.0,0.0,0.0,PASS_<20%,0.00,0.0,NO,STANDBY_VEL_LOW,1,1321.86,3268.14,132.45,FALSE,M1_DIRECTION_MISMATCH
2026-09-07 19:14:54.654,1788808494.655,5371,39,206,4406.19,4406.27,8.0,PASS_<=10c,+0.0,FLAT,+0.0,+69.0,1.4,+0.00,0.00,SLOW,4405.50,4406.54,4403.14,4406.23,0.00,0.00,0.0,BEARISH,340.0,4406.19,4406.19,4406.19,4406.19,54,CLEARED_>=20s,1.0,0.0,0.0,0.0,0.0,0.0,0.0,PASS_<20%,0.00,0.0,NO,STANDBY_VEL_LOW,1,1321.86,3268.14,132.45,FALSE,M1_DIRECTION_MISMATCH
2026-09-07 19:14:55.156,1788808495.157,5372,40,207,4406.19,4406.27,8.0,PASS_<=10c,+0.0,FLAT,+0.0,+69.0,5.2,+0.00,0.00,SLOW,4405.50,4406.54,4403.14,4406.23,0.00,0.00,0.0,BEARISH,340.0,4406.19,4406.19,4406.19,4406.19,55,CLEARED_>=20s,1.0,0.0,0.0,0.0,0.0,0.0,0.0,PASS_<20%,0.00,0.0,NO,STANDBY_VEL_LOW,1,1321.86,3268.14,132.45,FALSE,M1_DIRECTION_MISMATCH
2026-09-07 19:14:55.658,1788808495.659,5373,41,208,4406.19,4406.27,8.0,PASS_<=10c,+0.0,FLAT,+0.0,+69.0,4.8,+0.00,0.00,SLOW,4405.50,4406.54,4403.14,4406.23,0.00,0.00,0.0,BEARISH,340.0,4406.19,4406.19,4406.19,4406.19,55,CLEARED_>=20s,1.0,0.0,0.0,0.0,0.0,0.0,0.0,PASS_<20%,0.00,0.0,NO,STANDBY_VEL_LOW,1,1321.86,3268.14,132.45,FALSE,M1_DIRECTION_MISMATCH
2026-09-07 19:14:56.159,1788808496.160,5374,42,209,4406.19,4406.27,8.0,PASS_<=10c,+0.0,FLAT,+0.0,+69.0,4.7,+0.00,0.00,SLOW,4405.50,4406.54,4403.14,4406.23,0.00,0.00,0.0,BEARISH,340.0,4406.19,4406.19,4406.19,4406.19,56,CLEARED_>=20s,1.0,0.0,0.0,0.0,0.0,0.0,0.0,PASS_<20%,0.00,0.0,NO,STANDBY_VEL_LOW,1,1321.86,3268.14,132.45,FALSE,M1_DIRECTION_MISMATCH
2026-09-07 19:14:56.660,1788808496.661,5375,43,210,4406.19,4406.27,8.0,PASS_<=10c,+0.0,FLAT,+0.0,+69.0,4.5,+0.00,0.00,SLOW,4405.50,4406.54,4403.14,4406.23,0.00,0.00,0.0,BEARISH,340.0,4406.19,4406.19,4406.19,4406.19,56,CLEARED_>=20s,1.0,0.0,0.0,0.0,0.0,0.0,0.0,PASS_<20%,0.00,0.0,NO,STANDBY_VEL_LOW,1,1321.86,3268.14,132.45,FALSE,M1_DIRECTION_MISMATCH
2026-09-07 19:14:57.163,1788808497.164,5376,44,211,4406.19,4406.27,8.0,PASS_<=10c,+0.0,FLAT,+0.0,+69.0,4.5,+0.00,0.00,SLOW,4405.50,4406.54,4403.14,4406.23,0.00,0.00,0.0,BEARISH,340.0,4406.19,4406.19,4406.19,4406.19,57,CLEARED_>=20s,1.0,0.0,0.0,0.0,0.0,0.0,0.0,PASS_<20%,0.00,0.0,NO,STANDBY_VEL_LOW,1,1321.86,3268.14,132.45,FALSE,M1_DIRECTION_MISMATCH
2026-09-07 19:14:57.665,1788808497.665,5377,45,212,4406.19,4406.27,8.0,PASS_<=10c,+0.0,FLAT,+0.0,+69.0,4.4,+0.00,0.00,SLOW,4405.50,4406.54,4403.14,4406.23,0.00,0.00,0.0,BEARISH,340.0,4406.19,4406.19,4406.19,4406.19,57,CLEARED_>=20s,1.0,0.0,0.0,0.0,0.0,0.0,0.0,PASS_<20%,0.00,0.0,NO,STANDBY_VEL_LOW,1,1321.86,3268.14,132.45,FALSE,M1_DIRECTION_MISMATCH
2026-09-07 19:14:58.165,1788808498.166,5378,46,213,4406.19,4406.27,8.0,PASS_<=10c,+0.0,FLAT,+0.0,+69.0,4.4,+0.00,0.00,SLOW,4405.50,4406.54,4403.14,4406.23,0.00,0.00,0.0,BEARISH,340.0,4406.19,4406.19,4406.19,4406.19,58,CLEARED_>=20s,1.0,0.0,0.0,0.0,0.0,0.0,0.0,PASS_<20%,0.00,0.0,NO,STANDBY_VEL_LOW,1,1321.86,3268.14,132.45,FALSE,M1_DIRECTION_MISMATCH
2026-09-07 19:14:58.667,1788808498.667,5379,47,214,4406.19,4406.27,8.0,PASS_<=10c,+0.0,FLAT,+0.0,+69.0,4.3,+0.00,0.00,SLOW,4405.50,4406.54,4403.14,4406.23,0.00,0.00,0.0,BEARISH,340.0,4406.19,4406.19,4406.19,4406.19,58,CLEARED_>=20s,1.0,0.0,0.0,0.0,0.0,0.0,0.0,PASS_<20%,0.00,0.0,NO,STANDBY_VEL_LOW,1,1321.86,3268.14,132.45,FALSE,M1_DIRECTION_MISMATCH
2026-09-07 19:14:59.169,1788808499.170,5380,48,215,4406.19,4406.27,8.0,PASS_<=10c,+0.0,FLAT,+0.0,+69.0,4.2,+0.00,0.00,SLOW,4405.50,4406.54,4403.14,4406.23,0.00,0.00,0.0,BEARISH,340.0,4406.19,4406.19,4406.19,4406.19,59,CLEARED_>=20s,1.0,0.0,0.0,0.0,0.0,0.0,0.0,PASS_<20%,0.00,0.0,NO,STANDBY_VEL_LOW,1,1321.86,3268.14,132.45,FALSE,M1_DIRECTION_MISMATCH
2026-09-07 19:14:59.670,1788808499.670,5381,49,216,4406.19,4406.27,8.0,PASS_<=10c,+0.0,FLAT,+0.0,+69.0,4.2,+0.00,0.00,SLOW,4405.50,4406.54,4403.14,4406.23,0.00,0.00,0.0,BEARISH,340.0,4406.19,4406.19,4406.19,4406.19,59,CLEARED_>=20s,1.0,0.0,0.0,0.0,0.0,0.0,0.0,PASS_<20%,0.00,0.0,NO,STANDBY_VEL_LOW,1,1321.86,3268.14,132.45,FALSE,M1_DIRECTION_MISMATCH
2026-09-07 19:15:00.179,1788808500.180,5382,1,1,4406.19,4406.27,8.0,PASS_<=10c,+0.0,FLAT,+0.0,+0.0,4.2,+0.00,0.00,SLOW,4406.19,4406.19,4406.19,4406.19,0.00,0.00,0.0,BEARISH,0.0,4406.19,4406.19,4406.19,4406.19,0,ACTIVE_0s,1.0,0.0,0.0,0.0,0.0,0.0,0.0,PASS_<20%,0.00,0.0,NO,STANDBY_VEL_LOW,1,1321.86,3268.14,132.45,FALSE,M1_DIRECTION_MISMATCH|OPENING_SHIELD_ACTIVE_0s
2026-09-07 19:15:00.672,1788808500.673,5383,2,2,4406.19,4406.27,8.0,PASS_<=10c,+0.0,FLAT,+0.0,+0.0,4.2,+0.00,0.00,SLOW,4406.19,4406.19,4406.19,4406.19,0.00,0.00,0.0,BEARISH,0.0,4406.19,4406.19,4406.19,4406.19,0,ACTIVE_0s,1.0,0.0,0.0,0.0,0.0,0.0,0.0,PASS_<20%,0.00,0.0,NO,STANDBY_VEL_LOW,1,1321.86,3268.14,132.45,FALSE,M1_DIRECTION_MISMATCH|OPENING_SHIELD_ACTIVE_0s
2026-09-07 19:15:01.173,1788808501.174,5384,3,3,4406.19,4406.27,8.0,PASS_<=10c,+0.0,FLAT,+0.0,+0.0,4.2,+0.00,0.00,SLOW,4406.19,4406.19,4406.19,4406.19,0.00,0.00,0.0,BEARISH,0.0,4406.19,4406.19,4406.19,4406.19,1,ACTIVE_1s,1.0,0.0,0.0,0.0,0.0,0.0,0.0,PASS_<20%,0.00,0.0,NO,STANDBY_VEL_LOW,1,1321.86,3268.14,132.45,FALSE,M1_DIRECTION_MISMATCH|OPENING_SHIELD_ACTIVE_1s
2026-09-07 19:15:01.675,1788808501.676,5385,4,4,4406.19,4406.27,8.0,PASS_<=10c,+0.0,FLAT,+0.0,+0.0,4.2,+0.00,0.00,SLOW,4406.19,4406.19,4406.19,4406.19,0.00,0.00,0.0,BEARISH,0.0,4406.19,4406.19,4406.19,4406.19,1,ACTIVE_1s,1.0,0.0,0.0,0.0,0.0,0.0,0.0,PASS_<20%,0.00,0.0,NO,STANDBY_VEL_LOW,1,1321.86,3268.14,132.45,FALSE,M1_DIRECTION_MISMATCH|OPENING_SHIELD_ACTIVE_1s
2026-09-07 19:15:12.052,1788808512.053,5386,5,5,4406.19,4406.27,8.0,PASS_<=10c,+0.0,FLAT,+0.0,+0.0,1.3,+0.00,0.00,SLOW,4406.19,4406.19,4406.19,4406.19,0.00,0.00,0.0,BEARISH,0.0,4406.19,4406.19,4406.19,4406.19,12,ACTIVE_12s,1.0,0.0,0.0,0.0,0.0,0.0,0.0,PASS_<20%,0.00,0.0,NO,STANDBY_VEL_LOW,1,1321.86,3268.14,132.45,FALSE,M1_DIRECTION_MISMATCH|OPENING_SHIELD_ACTIVE_12s
2026-09-07 19:15:17.071,1788808517.071,5387,6,6,4406.19,4406.27,8.0,PASS_<=10c,+0.0,FLAT,+0.0,+0.0,2.0,+0.00,0.00,SLOW,4406.19,4406.19,4406.19,4406.19,0.00,0.00,0.0,BEARISH,0.0,4406.19,4406.19,4406.19,4406.19,17,ACTIVE_17s,1.0,0.0,0.0,0.0,0.0,0.0,0.0,PASS_<20%,0.00,0.0,NO,STANDBY_VEL_LOW,1,1321.86,3268.14,132.45,FALSE,M1_DIRECTION_MISMATCH|OPENING_SHIELD_ACTIVE_17s
2026-09-07 19:15:17.572,1788808517.572,5388,7,7,4406.19,4406.27,8.0,PASS_<=10c,+0.0,FLAT,+0.0,+0.0,4.0,+0.00,0.00,SLOW,4406.19,4406.19,4406.19,4406.19,0.00,0.00,0.0,BEARISH,0.0,4406.19,4406.19,4406.19,4406.19,17,ACTIVE_17s,1.0,0.0,0.0,0.0,0.0,0.0,0.0,PASS_<20%,0.00,0.0,NO,STANDBY_VEL_LOW,1,1321.86,3268.14,132.45,FALSE,M1_DIRECTION_MISMATCH|OPENING_SHIELD_ACTIVE_17s
2026-09-07 19:15:18.073,1788808518.074,5389,8,8,4406.19,4406.27,8.0,PASS_<=10c,+0.0,FLAT,+0.0,+0.0,5.4,+0.00,0.00,SLOW,4406.19,4406.19,4406.19,4406.19,0.00,0.00,0.0,BEARISH,0.0,4406.19,4406.19,4406.19,4406.19,18,ACTIVE_18s,1.0,0.0,0.0,0.0,0.0,0.0,0.0,PASS_<20%,0.00,0.0,NO,STANDBY_VEL_LOW,1,1321.86,3268.14,132.45,FALSE,M1_DIRECTION_MISMATCH|OPENING_SHIELD_ACTIVE_18s
2026-09-07 19:15:18.575,1788808518.576,5390,9,9,4406.19,4406.27,8.0,PASS_<=10c,+0.0,FLAT,+0.0,+0.0,5.0,+0.00,0.00,SLOW,4406.19,4406.19,4406.19,4406.19,0.00,0.00,0.0,BEARISH,0.0,4406.19,4406.19,4406.19,4406.19,18,ACTIVE_18s,1.0,0.0,0.0,0.0,0.0,0.0,0.0,PASS_<20%,0.00,0.0,NO,STANDBY_VEL_LOW,1,1321.86,3268.14,132.45,FALSE,M1_DIRECTION_MISMATCH|OPENING_SHIELD_ACTIVE_18s
2026-09-07 19:15:19.077,1788808519.077,5391,10,10,4406.19,4406.27,8.0,PASS_<=10c,+0.0,FLAT,+0.0,+0.0,4.7,+0.00,0.00,SLOW,4406.19,4406.19,4406.19,4406.19,0.00,0.00,0.0,BEARISH,0.0,4406.19,4406.19,4406.19,4406.19,19,ACTIVE_19s,1.0,0.0,0.0,0.0,0.0,0.0,0.0,PASS_<20%,0.00,0.0,NO,STANDBY_VEL_LOW,1,1321.86,3268.14,132.45,FALSE,M1_DIRECTION_MISMATCH|OPENING_SHIELD_ACTIVE_19s
2026-09-07 19:15:19.578,1788808519.578,5392,11,11,4406.19,4406.27,8.0,PASS_<=10c,+0.0,FLAT,+0.0,+0.0,4.6,+0.00,0.00,SLOW,4406.19,4406.19,4406.19,4406.19,0.00,0.00,0.0,BEARISH,0.0,4406.19,4406.19,4406.19,4406.19,19,ACTIVE_19s,1.0,0.0,0.0,0.0,0.0,0.0,0.0,PASS_<20%,0.00,0.0,NO,STANDBY_VEL_LOW,1,1321.86,3268.14,132.45,FALSE,M1_DIRECTION_MISMATCH|OPENING_SHIELD_ACTIVE_19s
2026-09-07 19:15:20.079,1788808520.080,5393,12,12,4406.19,4406.27,8.0,PASS_<=10c,+0.0,FLAT,+0.0,+0.0,4.5,+0.00,0.00,SLOW,4406.19,4406.19,4406.19,4406.19,0.00,0.00,0.0,BEARISH,0.0,4406.19,4406.19,4406.19,4406.19,20,CLEARED_>=20s,1.0,0.0,0.0,0.0,0.0,0.0,0.0,PASS_<20%,0.00,0.0,NO,STANDBY_VEL_LOW,1,1321.86,3268.14,132.45,FALSE,M1_DIRECTION_MISMATCH
2026-09-07 19:15:20.580,1788808520.581,5394,13,13,4406.19,4406.27,8.0,PASS_<=10c,+0.0,FLAT,+0.0,+0.0,4.4,+0.00,0.00,SLOW,4406.19,4406.19,4406.19,4406.19,0.00,0.00,0.0,BEARISH,0.0,4406.19,4406.19,4406.19,4406.19,20,CLEARED_>=20s,1.0,0.0,0.0,0.0,0.0,0.0,0.0,PASS_<20%,0.00,0.0,NO,STANDBY_VEL_LOW,1,1321.86,3268.14,132.45,FALSE,M1_DIRECTION_MISMATCH
2026-09-07 19:15:21.082,1788808521.083,5395,14,14,4406.19,4406.27,8.0,PASS_<=10c,+0.0,FLAT,+0.0,+0.0,4.4,+0.00,0.00,SLOW,4406.19,4406.19,4406.19,4406.19,0.00,0.00,0.0,BEARISH,0.0,4406.19,4406.19,4406.19,4406.19,21,CLEARED_>=20s,1.0,0.0,0.0,0.0,0.0,0.0,0.0,PASS_<20%,0.00,0.0,NO,STANDBY_VEL_LOW,1,1321.86,3268.14,132.45,FALSE,M1_DIRECTION_MISMATCH
2026-09-07 19:15:21.584,1788808521.584,5396,15,15,4406.19,4406.27,8.0,PASS_<=10c,+0.0,FLAT,+0.0,+0.0,4.3,+0.00,0.00,SLOW,4406.19,4406.19,4406.19,4406.19,0.00,0.00,0.0,BEARISH,0.0,4406.19,4406.19,4406.19,4406.19,21,CLEARED_>=20s,1.0,0.0,0.0,0.0,0.0,0.0,0.0,PASS_<20%,0.00,0.0,NO,STANDBY_VEL_LOW,1,1321.86,3268.14,132.45,FALSE,M1_DIRECTION_MISMATCH
2026-09-07 19:15:22.085,1788808522.086,5397,16,16,4406.19,4406.27,8.0,PASS_<=10c,+0.0,FLAT,+0.0,+0.0,4.2,+0.00,0.00,SLOW,4406.19,4406.19,4406.19,4406.19,0.00,0.00,0.0,BEARISH,0.0,4406.19,4406.19,4406.19,4406.19,22,CLEARED_>=20s,1.0,0.0,0.0,0.0,0.0,0.0,0.0,PASS_<20%,0.00,0.0,NO,STANDBY_VEL_LOW,1,1321.86,3268.14,132.45,FALSE,M1_DIRECTION_MISMATCH
2026-09-07 19:15:22.587,1788808522.588,5398,17,17,4406.19,4406.27,8.0,PASS_<=10c,+0.0,FLAT,+0.0,+0.0,4.2,+0.00,0.00,SLOW,4406.19,4406.19,4406.19,4406.19,0.00,0.00,0.0,BEARISH,0.0,4406.19,4406.19,4406.19,4406.19,22,CLEARED_>=20s,1.0,0.0,0.0,0.0,0.0,0.0,0.0,PASS_<20%,0.00,0.0,NO,STANDBY_VEL_LOW,1,1321.86,3268.14,132.45,FALSE,M1_DIRECTION_MISMATCH
2026-09-07 19:15:23.090,1788808523.090,5399,18,18,4406.19,4406.27,8.0,PASS_<=10c,+0.0,FLAT,+0.0,+0.0,4.2,+0.00,0.00,SLOW,4406.19,4406.19,4406.19,4406.19,0.00,0.00,0.0,BEARISH,0.0,4406.19,4406.19,4406.19,4406.19,23,CLEARED_>=20s,1.0,0.0,0.0,0.0,0.0,0.0,0.0,PASS_<20%,0.00,0.0,NO,STANDBY_VEL_LOW,1,1321.86,3268.14,132.45,FALSE,M1_DIRECTION_MISMATCH
2026-09-07 19:15:23.596,1788808523.596,5400,19,19,4406.19,4406.27,8.0,PASS_<=10c,+0.0,FLAT,+0.0,+0.0,4.2,+0.00,0.00,SLOW,4406.19,4406.19,4406.19,4406.19,0.00,0.00,0.0,BEARISH,0.0,4406.19,4406.19,4406.19,4406.19,23,CLEARED_>=20s,1.0,0.0,0.0,0.0,0.0,0.0,0.0,PASS_<20%,0.00,0.0,NO,STANDBY_VEL_LOW,1,1321.86,3268.14,132.45,FALSE,M1_DIRECTION_MISMATCH
2026-09-07 19:15:24.093,1788808524.094,5401,20,20,4406.19,4406.27,8.0,PASS_<=10c,+0.0,FLAT,+0.0,+0.0,4.2,+0.00,0.00,SLOW,4406.19,4406.19,4406.19,4406.19,0.00,0.00,0.0,BEARISH,0.0,4406.19,4406.19,4406.19,4406.19,24,CLEARED_>=20s,1.0,0.0,0.0,0.0,0.0,0.0,0.0,PASS_<20%,0.00,0.0,NO,STANDBY_VEL_LOW,1,1321.86,3268.14,132.45,FALSE,M1_DIRECTION_MISMATCH
2026-09-07 19:15:24.595,1788808524.595,5402,21,21,4406.19,4406.27,8.0,PASS_<=10c,+0.0,FLAT,+0.0,+0.0,4.2,+0.00,0.00,SLOW,4406.19,4406.19,4406.19,4406.19,0.00,0.00,0.0,BEARISH,0.0,4406.19,4406.19,4406.19,4406.19,24,CLEARED_>=20s,1.0,0.0,0.0,0.0,0.0,0.0,0.0,PASS_<20%,0.00,0.0,NO,STANDBY_VEL_LOW,1,1321.86,3268.14,132.45,FALSE,M1_DIRECTION_MISMATCH
2026-09-07 19:15:25.096,1788808525.097,5403,22,22,4406.19,4406.27,8.0,PASS_<=10c,+0.0,FLAT,+0.0,+0.0,4.2,+0.00,0.00,SLOW,4406.19,4406.19,4406.19,4406.19,0.00,0.00,0.0,BEARISH,0.0,4406.19,4406.19,4406.19,4406.19,25,CLEARED_>=20s,1.0,0.0,0.0,0.0,0.0,0.0,0.0,PASS_<20%,0.00,0.0,NO,STANDBY_VEL_LOW,1,1321.86,3268.14,132.45,FALSE,M1_DIRECTION_MISMATCH
2026-09-07 19:15:25.599,1788808525.599,5404,23,23,4406.19,4406.27,8.0,PASS_<=10c,+0.0,FLAT,+0.0,+69.0,4.2,+0.00,0.00,SLOW,4405.50,4406.54,4403.14,4406.23,0.00,0.00,0.0,BEARISH,340.0,4406.19,4406.19,4406.19,4406.19,25,CLEARED_>=20s,1.0,0.0,0.0,0.0,0.0,0.0,0.0,PASS_<20%,0.00,0.0,NO,STANDBY_VEL_LOW,1,1321.86,3268.14,132.45,FALSE,M1_DIRECTION_MISMATCH
2026-09-07 19:15:26.107,1788808526.107,5405,24,24,4406.19,4406.27,8.0,PASS_<=10c,+0.0,FLAT,+0.0,+69.0,4.2,+0.00,0.00,SLOW,4405.50,4406.54,4403.14,4406.23,0.00,0.00,0.0,BEARISH,340.0,4406.19,4406.19,4406.19,4406.19,26,CLEARED_>=20s,1.0,0.0,0.0,0.0,0.0,0.0,0.0,PASS_<20%,0.00,0.0,NO,STANDBY_VEL_LOW,1,1321.86,3268.14,132.45,FALSE,M1_DIRECTION_MISMATCH
2026-09-07 19:15:26.603,1788808526.604,5406,25,25,4406.19,4406.27,8.0,PASS_<=10c,+0.0,FLAT,+0.0,+69.0,4.2,+0.00,0.00,SLOW,4405.50,4406.54,4403.14,4406.23,0.00,0.00,0.0,BEARISH,340.0,4406.19,4406.19,4406.19,4406.19,26,CLEARED_>=20s,1.0,0.0,0.0,0.0,0.0,0.0,0.0,PASS_<20%,0.00,0.0,NO,STANDBY_VEL_LOW,1,1321.86,3268.14,132.45,FALSE,M1_DIRECTION_MISMATCH
2026-09-07 19:15:27.104,1788808527.105,5407,26,26,4406.19,4406.27,8.0,PASS_<=10c,+0.0,FLAT,+0.0,+69.0,4.2,+0.00,0.00,SLOW,4405.50,4406.54,4403.14,4406.23,0.00,0.00,0.0,BEARISH,340.0,4406.19,4406.19,4406.19,4406.19,27,CLEARED_>=20s,1.0,0.0,0.0,0.0,0.0,0.0,0.0,PASS_<20%,0.00,0.0,NO,STANDBY_VEL_LOW,1,1321.86,3268.14,132.45,FALSE,M1_DIRECTION_MISMATCH
2026-09-07 19:15:27.606,1788808527.606,5408,27,27,4406.19,4406.27,8.0,PASS_<=10c,+0.0,FLAT,+0.0,+69.0,4.2,+0.00,0.00,SLOW,4405.50,4406.54,4403.14,4406.23,0.00,0.00,0.0,BEARISH,340.0,4406.19,4406.19,4406.19,4406.19,27,CLEARED_>=20s,1.0,0.0,0.0,0.0,0.0,0.0,0.0,PASS_<20%,0.00,0.0,NO,STANDBY_VEL_LOW,1,1321.86,3268.14,132.45,FALSE,M1_DIRECTION_MISMATCH
2026-09-07 19:15:37.979,1788808537.979,5409,28,28,4406.19,4406.27,8.0,PASS_<=10c,+0.0,FLAT,+0.0,+69.0,1.4,+0.00,0.00,SLOW,4405.50,4406.54,4403.14,4406.23,0.00,0.00,0.0,BEARISH,340.0,4406.19,4406.19,4406.19,4406.19,37,CLEARED_>=20s,1.0,0.0,0.0,0.0,0.0,0.0,0.0,PASS_<20%,0.00,0.0,NO,STANDBY_VEL_LOW,1,1321.86,3268.14,132.45,FALSE,M1_DIRECTION_MISMATCH
2026-09-07 19:15:44.396,1788808544.396,5410,29,29,4406.19,4406.27,8.0,PASS_<=10c,+0.0,FLAT,+0.0,+69.0,1.5,+0.00,0.00,SLOW,4405.50,4406.54,4403.14,4406.23,0.00,0.00,0.0,BEARISH,340.0,4406.19,4406.19,4406.19,4406.19,44,CLEARED_>=20s,1.0,0.0,0.0,0.0,0.0,0.0,0.0,PASS_<20%,0.00,0.0,NO,STANDBY_VEL_LOW,1,1321.86,3268.14,132.45,FALSE,M1_DIRECTION_MISMATCH
2026-09-07 19:15:44.750,1788808544.750,5411,30,30,4406.19,4406.27,8.0,PASS_<=10c,+0.0,FLAT,+0.0,+69.0,2.4,+0.00,0.00,SLOW,4405.50,4406.54,4403.14,4406.23,0.00,0.00,0.0,BEARISH,340.0,4406.19,4406.19,4406.19,4406.19,44,CLEARED_>=20s,1.0,0.0,0.0,0.0,0.0,0.0,0.0,PASS_<20%,0.00,0.0,NO,STANDBY_VEL_LOW,1,1321.86,3268.14,132.45,FALSE,M1_DIRECTION_MISMATCH
2026-09-07 19:15:45.252,1788808545.252,5412,31,31,4406.19,4406.27,8.0,PASS_<=10c,+0.0,FLAT,+0.0,+69.0,2.8,+0.00,0.00,SLOW,4405.50,4406.54,4403.14,4406.23,0.00,0.00,0.0,BEARISH,340.0,4406.19,4406.19,4406.19,4406.19,45,CLEARED_>=20s,1.0,0.0,0.0,0.0,0.0,0.0,0.0,PASS_<20%,0.00,0.0,NO,STANDBY_VEL_LOW,1,1321.86,3268.14,132.45,FALSE,M1_DIRECTION_MISMATCH
2026-09-07 19:15:45.755,1788808545.755,5413,32,32,4406.19,4406.27,8.0,PASS_<=10c,+0.0,FLAT,+0.0,+69.0,3.0,+0.00,0.00,SLOW,4405.50,4406.54,4403.14,4406.23,0.00,0.00,0.0,BEARISH,340.0,4406.19,4406.19,4406.19,4406.19,45,CLEARED_>=20s,1.0,0.0,0.0,0.0,0.0,0.0,0.0,PASS_<20%,0.00,0.0,NO,STANDBY_VEL_LOW,1,1321.86,3268.14,132.45,FALSE,M1_DIRECTION_MISMATCH
2026-09-07 19:15:46.255,1788808546.255,5414,33,33,4406.19,4406.27,8.0,PASS_<=10c,+0.0,FLAT,+0.0,+69.0,3.2,+0.00,0.00,SLOW,4405.50,4406.54,4403.14,4406.23,0.00,0.00,0.0,BEARISH,340.0,4406.19,4406.19,4406.19,4406.19,46,CLEARED_>=20s,1.0,0.0,0.0,0.0,0.0,0.0,0.0,PASS_<20%,0.00,0.0,NO,STANDBY_VEL_LOW,1,1321.86,3268.14,132.45,FALSE,M1_DIRECTION_MISMATCH
2026-09-07 19:15:46.756,1788808546.757,5415,34,34,4406.19,4406.27,8.0,PASS_<=10c,+0.0,FLAT,+0.0,+69.0,3.3,+0.00,0.00,SLOW,4405.50,4406.54,4403.14,4406.23,0.00,0.00,0.0,BEARISH,340.0,4406.19,4406.19,4406.19,4406.19,46,CLEARED_>=20s,1.0,0.0,0.0,0.0,0.0,0.0,0.0,PASS_<20%,0.00,0.0,NO,STANDBY_VEL_LOW,1,1321.86,3268.14,132.45,FALSE,M1_DIRECTION_MISMATCH
2026-09-07 19:15:47.258,1788808547.258,5416,35,35,4406.19,4406.27,8.0,PASS_<=10c,+0.0,FLAT,+0.0,+69.0,3.4,+0.00,0.00,SLOW,4405.50,4406.54,4403.14,4406.23,0.00,0.00,0.0,BEARISH,340.0,4406.19,4406.19,4406.19,4406.19,47,CLEARED_>=20s,1.0,0.0,0.0,0.0,0.0,0.0,0.0,PASS_<20%,0.00,0.0,NO,STANDBY_VEL_LOW,1,1321.86,3268.14,132.45,FALSE,M1_DIRECTION_MISMATCH
2026-09-07 19:15:47.760,1788808547.760,5417,36,36,4406.19,4406.27,8.0,PASS_<=10c,+0.0,FLAT,+0.0,+69.0,3.4,+0.00,0.00,SLOW,4405.50,4406.54,4403.14,4406.23,0.00,0.00,0.0,BEARISH,340.0,4406.19,4406.19,4406.19,4406.19,47,CLEARED_>=20s,1.0,0.0,0.0,0.0,0.0,0.0,0.0,PASS_<20%,0.00,0.0,NO,STANDBY_VEL_LOW,1,1321.86,3268.14,132.45,FALSE,M1_DIRECTION_MISMATCH
2026-09-07 19:15:48.262,1788808548.263,5418,37,37,4406.19,4406.27,8.0,PASS_<=10c,+0.0,FLAT,+0.0,+69.0,4.4,+0.00,0.00,SLOW,4405.50,4406.54,4403.14,4406.23,0.00,0.00,0.0,BEARISH,340.0,4406.19,4406.19,4406.19,4406.19,48,CLEARED_>=20s,1.0,0.0,0.0,0.0,0.0,0.0,0.0,PASS_<20%,0.00,0.0,NO,STANDBY_VEL_LOW,1,1321.86,3268.14,132.45,FALSE,M1_DIRECTION_MISMATCH
2026-09-07 19:15:48.762,1788808548.762,5419,38,38,4406.19,4406.27,8.0,PASS_<=10c,+0.0,FLAT,+0.0,+69.0,4.4,+0.00,0.00,SLOW,4405.50,4406.54,4403.14,4406.23,0.00,0.00,0.0,BEARISH,340.0,4406.19,4406.19,4406.19,4406.19,48,CLEARED_>=20s,1.0,0.0,0.0,0.0,0.0,0.0,0.0,PASS_<20%,0.00,0.0,NO,STANDBY_VEL_LOW,1,1321.86,3268.14,132.45,FALSE,M1_DIRECTION_MISMATCH
2026-09-07 19:15:49.263,1788808549.263,5420,39,39,4406.19,4406.27,8.0,PASS_<=10c,+0.0,FLAT,+0.0,+69.0,4.3,+0.00,0.00,SLOW,4405.50,4406.54,4403.14,4406.23,0.00,0.00,0.0,BEARISH,340.0,4406.19,4406.19,4406.19,4406.19,49,CLEARED_>=20s,1.0,0.0,0.0,0.0,0.0,0.0,0.0,PASS_<20%,0.00,0.0,NO,STANDBY_VEL_LOW,1,1321.86,3268.14,132.45,FALSE,M1_DIRECTION_MISMATCH
2026-09-07 19:15:49.764,1788808549.764,5421,40,40,4406.19,4406.27,8.0,PASS_<=10c,+0.0,FLAT,+0.0,+69.0,4.2,+0.00,0.00,SLOW,4405.50,4406.54,4403.14,4406.23,0.00,0.00,0.0,BEARISH,340.0,4406.19,4406.19,4406.19,4406.19,49,CLEARED_>=20s,1.0,0.0,0.0,0.0,0.0,0.0,0.0,PASS_<20%,0.00,0.0,NO,STANDBY_VEL_LOW,1,1321.86,3268.14,132.45,FALSE,M1_DIRECTION_MISMATCH
2026-09-07 19:15:50.267,1788808550.267,5422,41,41,4406.19,4406.27,8.0,PASS_<=10c,+0.0,FLAT,+0.0,+69.0,4.2,+0.00,0.00,SLOW,4405.50,4406.54,4403.14,4406.23,0.00,0.00,0.0,BEARISH,340.0,4406.19,4406.19,4406.19,4406.19,50,CLEARED_>=20s,1.0,0.0,0.0,0.0,0.0,0.0,0.0,PASS_<20%,0.00,0.0,NO,STANDBY_VEL_LOW,1,1321.86,3268.14,132.45,FALSE,M1_DIRECTION_MISMATCH
2026-09-07 19:15:50.769,1788808550.769,5423,42,42,4406.19,4406.27,8.0,PASS_<=10c,+0.0,FLAT,+0.0,+69.0,4.2,+0.00,0.00,SLOW,4405.50,4406.54,4403.14,4406.23,0.00,0.00,0.0,BEARISH,340.0,4406.19,4406.19,4406.19,4406.19,50,CLEARED_>=20s,1.0,0.0,0.0,0.0,0.0,0.0,0.0,PASS_<20%,0.00,0.0,NO,STANDBY_VEL_LOW,1,1321.86,3268.14,132.45,FALSE,M1_DIRECTION_MISMATCH
2026-09-07 19:15:51.270,1788808551.271,5424,43,43,4406.19,4406.27,8.0,PASS_<=10c,+0.0,FLAT,+0.0,+69.0,4.2,+0.00,0.00,SLOW,4405.50,4406.54,4403.14,4406.23,0.00,0.00,0.0,BEARISH,340.0,4406.19,4406.19,4406.19,4406.19,51,CLEARED_>=20s,1.0,0.0,0.0,0.0,0.0,0.0,0.0,PASS_<20%,0.00,0.0,NO,STANDBY_VEL_LOW,1,1321.86,3268.14,132.45,FALSE,M1_DIRECTION_MISMATCH
2026-09-07 19:15:51.772,1788808551.772,5425,44,44,4406.19,4406.27,8.0,PASS_<=10c,+0.0,FLAT,+0.0,+69.0,4.2,+0.00,0.00,SLOW,4405.50,4406.54,4403.14,4406.23,0.00,0.00,0.0,BEARISH,340.0,4406.19,4406.19,4406.19,4406.19,51,CLEARED_>=20s,1.0,0.0,0.0,0.0,0.0,0.0,0.0,PASS_<20%,0.00,0.0,NO,STANDBY_VEL_LOW,1,1321.86,3268.14,132.45,FALSE,M1_DIRECTION_MISMATCH
2026-09-07 19:15:52.273,1788808552.274,5426,45,45,4406.19,4406.27,8.0,PASS_<=10c,+0.0,FLAT,+0.0,+69.0,4.2,+0.00,0.00,SLOW,4405.50,4406.54,4403.14,4406.23,0.00,0.00,0.0,BEARISH,340.0,4406.19,4406.19,4406.19,4406.19,52,CLEARED_>=20s,1.0,0.0,0.0,0.0,0.0,0.0,0.0,PASS_<20%,0.00,0.0,NO,STANDBY_VEL_LOW,1,1321.86,3268.14,132.45,FALSE,M1_DIRECTION_MISMATCH
2026-09-07 19:16:02.661,1788808562.662,5427,1,46,4406.19,4406.27,8.0,PASS_<=10c,+0.0,FLAT,+0.0,+69.0,1.5,+0.00,0.00,SLOW,4405.50,4406.54,4403.14,4406.23,0.00,0.00,0.0,BEARISH,340.0,4406.19,4406.19,4406.19,4406.19,2,ACTIVE_2s,1.0,0.0,0.0,0.0,0.0,0.0,0.0,PASS_<20%,0.00,0.0,NO,STANDBY_VEL_LOW,1,1321.86,3268.14,132.45,FALSE,M1_DIRECTION_MISMATCH|OPENING_SHIELD_ACTIVE_2s
2026-09-07 19:16:09.484,1788808569.484,5428,2,47,4406.19,4406.27,8.0,PASS_<=10c,+0.0,FLAT,+0.0,+69.0,1.5,+0.00,0.00,SLOW,4405.50,4406.54,4403.14,4406.23,0.00,0.00,0.0,BEARISH,340.0,4406.19,4406.19,4406.19,4406.19,9,ACTIVE_9s,1.0,0.0,0.0,0.0,0.0,0.0,0.0,PASS_<20%,0.00,0.0,NO,STANDBY_VEL_LOW,1,1321.86,3268.14,132.45,FALSE,M1_DIRECTION_MISMATCH|OPENING_SHIELD_ACTIVE_9s
2026-09-07 19:16:09.838,1788808569.839,5429,3,48,4406.19,4406.27,8.0,PASS_<=10c,+0.0,FLAT,+0.0,+69.0,1.9,+0.00,0.00,SLOW,4405.50,4406.54,4403.14,4406.23,0.00,0.00,0.0,BEARISH,340.0,4406.19,4406.19,4406.19,4406.19,9,ACTIVE_9s,1.0,0.0,0.0,0.0,0.0,0.0,0.0,PASS_<20%,0.00,0.0,NO,STANDBY_VEL_LOW,1,1321.86,3268.14,132.45,FALSE,M1_DIRECTION_MISMATCH|OPENING_SHIELD_ACTIVE_9s
2026-09-07 19:16:10.339,1788808570.340,5430,4,49,4406.19,4406.27,8.0,PASS_<=10c,+0.0,FLAT,+0.0,+69.0,2.3,+0.00,0.00,SLOW,4405.50,4406.54,4403.14,4406.23,0.00,0.00,0.0,BEARISH,340.0,4406.19,4406.19,4406.19,4406.19,10,ACTIVE_10s,1.0,0.0,0.0,0.0,0.0,0.0,0.0,PASS_<20%,0.00,0.0,NO,STANDBY_VEL_LOW,1,1321.86,3268.14,132.45,FALSE,M1_DIRECTION_MISMATCH|OPENING_SHIELD_ACTIVE_10s
2026-09-07 19:16:10.841,1788808570.842,5431,5,50,4406.19,4406.27,8.0,PASS_<=10c,+0.0,FLAT,+0.0,+69.0,2.6,+0.00,0.00,SLOW,4405.50,4406.54,4403.14,4406.23,0.00,0.00,0.0,BEARISH,340.0,4406.19,4406.19,4406.19,4406.19,10,ACTIVE_10s,1.0,0.0,0.0,0.0,0.0,0.0,0.0,PASS_<20%,0.00,0.0,NO,STANDBY_VEL_LOW,1,1321.86,3268.14,132.45,FALSE,M1_DIRECTION_MISMATCH|OPENING_SHIELD_ACTIVE_10s
2026-09-07 19:16:11.343,1788808571.343,5432,6,51,4406.19,4406.27,8.0,PASS_<=10c,+0.0,FLAT,+0.0,+69.0,2.8,+0.00,0.00,SLOW,4405.50,4406.54,4403.14,4406.23,0.00,0.00,0.0,BEARISH,340.0,4406.19,4406.19,4406.19,4406.19,11,ACTIVE_11s,1.0,0.0,0.0,0.0,0.0,0.0,0.0,PASS_<20%,0.00,0.0,NO,STANDBY_VEL_LOW,1,1321.86,3268.14,132.45,FALSE,M1_DIRECTION_MISMATCH|OPENING_SHIELD_ACTIVE_11s
2026-09-07 19:16:11.845,1788808571.845,5433,7,52,4406.19,4406.27,8.0,PASS_<=10c,+0.0,FLAT,+0.0,+69.0,3.0,+0.00,0.00,SLOW,4405.50,4406.54,4403.14,4406.23,0.00,0.00,0.0,BEARISH,340.0,4406.19,4406.19,4406.19,4406.19,11,ACTIVE_11s,1.0,0.0,0.0,0.0,0.0,0.0,0.0,PASS_<20%,0.00,0.0,NO,STANDBY_VEL_LOW,1,1321.86,3268.14,132.45,FALSE,M1_DIRECTION_MISMATCH|OPENING_SHIELD_ACTIVE_11s
2026-09-07 19:16:12.346,1788808572.347,5434,8,53,4406.19,4406.27,8.0,PASS_<=10c,+0.0,FLAT,+0.0,+69.0,3.1,+0.00,0.00,SLOW,4405.50,4406.54,4403.14,4406.23,0.00,0.00,0.0,BEARISH,340.0,4406.19,4406.19,4406.19,4406.19,12,ACTIVE_12s,1.0,0.0,0.0,0.0,0.0,0.0,0.0,PASS_<20%,0.00,0.0,NO,STANDBY_VEL_LOW,1,1321.86,3268.14,132.45,FALSE,M1_DIRECTION_MISMATCH|OPENING_SHIELD_ACTIVE_12s
2026-09-07 19:16:12.848,1788808572.849,5435,9,54,4406.19,4406.27,8.0,PASS_<=10c,+0.0,FLAT,+0.0,+69.0,4.5,+0.00,0.00,SLOW,4405.50,4406.54,4403.14,4406.23,0.00,0.00,0.0,BEARISH,340.0,4406.19,4406.19,4406.19,4406.19,12,ACTIVE_12s,1.0,0.0,0.0,0.0,0.0,0.0,0.0,PASS_<20%,0.00,0.0,NO,STANDBY_VEL_LOW,1,1321.86,3268.14,132.45,FALSE,M1_DIRECTION_MISMATCH|OPENING_SHIELD_ACTIVE_12s
2026-09-07 19:16:13.350,1788808573.350,5436,10,55,4406.19,4406.27,8.0,PASS_<=10c,+0.0,FLAT,+0.0,+69.0,4.4,+0.00,0.00,SLOW,4405.50,4406.54,4403.14,4406.23,0.00,0.00,0.0,BEARISH,340.0,4406.19,4406.19,4406.19,4406.19,13,ACTIVE_13s,1.0,0.0,0.0,0.0,0.0,0.0,0.0,PASS_<20%,0.00,0.0,NO,STANDBY_VEL_LOW,1,1321.86,3268.14,132.45,FALSE,M1_DIRECTION_MISMATCH|OPENING_SHIELD_ACTIVE_13s
2026-09-07 19:16:13.871,1788808573.872,5437,11,56,4406.19,4406.27,8.0,PASS_<=10c,+0.0,FLAT,+0.0,+69.0,4.3,+0.00,0.00,SLOW,4405.50,4406.54,4403.14,4406.23,0.00,0.00,0.0,BEARISH,340.0,4406.19,4406.19,4406.19,4406.19,13,ACTIVE_13s,1.0,0.0,0.0,0.0,0.0,0.0,0.0,PASS_<20%,0.00,0.0,NO,STANDBY_VEL_LOW,1,1321.86,3268.14,132.45,FALSE,M1_DIRECTION_MISMATCH|OPENING_SHIELD_ACTIVE_13s
2026-09-07 19:16:14.373,1788808574.374,5438,12,57,4406.19,4406.27,8.0,PASS_<=10c,+0.0,FLAT,+0.0,+69.0,4.3,+0.00,0.00,SLOW,4405.50,4406.54,4403.14,4406.23,0.00,0.00,0.0,BEARISH,340.0,4406.19,4406.19,4406.19,4406.19,14,ACTIVE_14s,1.0,0.0,0.0,0.0,0.0,0.0,0.0,PASS_<20%,0.00,0.0,NO,STANDBY_VEL_LOW,1,1321.86,3268.14,132.45,FALSE,M1_DIRECTION_MISMATCH|OPENING_SHIELD_ACTIVE_14s
2026-09-07 19:16:14.875,1788808574.875,5439,13,58,4406.19,4406.27,8.0,PASS_<=10c,+0.0,FLAT,+0.0,+69.0,4.2,+0.00,0.00,SLOW,4405.50,4406.54,4403.14,4406.23,0.00,0.00,0.0,BEARISH,340.0,4406.19,4406.19,4406.19,4406.19,14,ACTIVE_14s,1.0,0.0,0.0,0.0,0.0,0.0,0.0,PASS_<20%,0.00,0.0,NO,STANDBY_VEL_LOW,1,1321.86,3268.14,132.45,FALSE,M1_DIRECTION_MISMATCH|OPENING_SHIELD_ACTIVE_14s
2026-09-07 19:16:15.381,1788808575.382,5440,14,59,4406.19,4406.27,8.0,PASS_<=10c,+0.0,FLAT,+0.0,+69.0,4.2,+0.00,0.00,SLOW,4405.50,4406.54,4403.14,4406.23,0.00,0.00,0.0,BEARISH,340.0,4406.19,4406.19,4406.19,4406.19,15,ACTIVE_15s,1.0,0.0,0.0,0.0,0.0,0.0,0.0,PASS_<20%,0.00,0.0,NO,STANDBY_VEL_LOW,1,1321.86,3268.14,132.45,FALSE,M1_DIRECTION_MISMATCH|OPENING_SHIELD_ACTIVE_15s
2026-09-07 19:16:15.882,1788808575.882,5441,15,60,4406.19,4406.27,8.0,PASS_<=10c,+0.0,FLAT,+0.0,+69.0,4.2,+0.00,0.00,SLOW,4405.50,4406.54,4403.14,4406.23,0.00,0.00,0.0,BEARISH,340.0,4406.19,4406.19,4406.19,4406.19,15,ACTIVE_15s,1.0,0.0,0.0,0.0,0.0,0.0,0.0,PASS_<20%,0.00,0.0,NO,STANDBY_VEL_LOW,1,1321.86,3268.14,132.45,FALSE,M1_DIRECTION_MISMATCH|OPENING_SHIELD_ACTIVE_15s
2026-09-07 19:16:16.383,1788808576.383,5442,16,61,4406.19,4406.27,8.0,PASS_<=10c,+0.0,FLAT,+0.0,+69.0,4.2,+0.00,0.00,SLOW,4405.50,4406.54,4403.14,4406.23,0.00,0.00,0.0,BEARISH,340.0,4406.19,4406.19,4406.19,4406.19,16,ACTIVE_16s,1.0,0.0,0.0,0.0,0.0,0.0,0.0,PASS_<20%,0.00,0.0,NO,STANDBY_VEL_LOW,1,1321.86,3268.14,132.45,FALSE,M1_DIRECTION_MISMATCH|OPENING_SHIELD_ACTIVE_16s
2026-09-07 19:16:16.885,1788808576.885,5443,17,62,4406.19,4406.27,8.0,PASS_<=10c,+0.0,FLAT,+0.0,+69.0,4.2,+0.00,0.00,SLOW,4405.50,4406.54,4403.14,4406.23,0.00,0.00,0.0,BEARISH,340.0,4406.19,4406.19,4406.19,4406.19,16,ACTIVE_16s,1.0,0.0,0.0,0.0,0.0,0.0,0.0,PASS_<20%,0.00,0.0,NO,STANDBY_VEL_LOW,1,1321.86,3268.14,132.45,FALSE,M1_DIRECTION_MISMATCH|OPENING_SHIELD_ACTIVE_16s
2026-09-07 19:16:17.387,1788808577.387,5444,18,63,4406.19,4406.27,8.0,PASS_<=10c,+0.0,FLAT,+0.0,+69.0,4.2,+0.00,0.00,SLOW,4405.50,4406.54,4403.14,4406.23,0.00,0.00,0.0,BEARISH,340.0,4406.19,4406.19,4406.19,4406.19,17,ACTIVE_17s,1.0,0.0,0.0,0.0,0.0,0.0,0.0,PASS_<20%,0.00,0.0,NO,STANDBY_VEL_LOW,1,1321.86,3268.14,132.45,FALSE,M1_DIRECTION_MISMATCH|OPENING_SHIELD_ACTIVE_17s
2026-09-07 19:16:27.767,1788808587.768,5445,19,64,4406.19,4406.27,8.0,PASS_<=10c,+0.0,FLAT,+0.0,+69.0,1.3,+0.00,0.00,SLOW,4405.50,4406.54,4403.14,4406.23,0.00,0.00,0.0,BEARISH,340.0,4406.19,4406.19,4406.19,4406.19,27,CLEARED_>=20s,1.0,0.0,0.0,0.0,0.0,0.0,0.0,PASS_<20%,0.00,0.0,NO,STANDBY_VEL_LOW,1,1321.86,3268.14,132.45,FALSE,M1_DIRECTION_MISMATCH
2026-09-07 19:16:34.990,1788808594.991,5446,20,65,4406.19,4406.27,8.0,PASS_<=10c,+0.0,FLAT,+0.0,+69.0,1.3,+0.00,0.00,SLOW,4405.50,4406.54,4403.14,4406.23,0.00,0.00,0.0,BEARISH,340.0,4406.19,4406.19,4406.19,4406.19,34,CLEARED_>=20s,1.0,0.0,0.0,0.0,0.0,0.0,0.0,PASS_<20%,0.00,0.0,NO,STANDBY_VEL_LOW,1,1321.86,3268.14,132.45,FALSE,M1_DIRECTION_MISMATCH
2026-09-07 19:16:35.345,1788808595.345,5447,21,66,4406.19,4406.27,8.0,PASS_<=10c,+0.0,FLAT,+0.0,+69.0,1.6,+0.00,0.00,SLOW,4405.50,4406.54,4403.14,4406.23,0.00,0.00,0.0,BEARISH,340.0,4406.19,4406.19,4406.19,4406.19,35,CLEARED_>=20s,1.0,0.0,0.0,0.0,0.0,0.0,0.0,PASS_<20%,0.00,0.0,NO,STANDBY_VEL_LOW,1,1321.86,3268.14,132.45,FALSE,M1_DIRECTION_MISMATCH
2026-09-07 19:16:35.847,1788808595.847,5448,22,67,4406.19,4406.27,8.0,PASS_<=10c,+0.0,FLAT,+0.0,+69.0,2.0,+0.00,0.00,SLOW,4405.50,4406.54,4403.14,4406.23,0.00,0.00,0.0,BEARISH,340.0,4406.19,4406.19,4406.19,4406.19,35,CLEARED_>=20s,1.0,0.0,0.0,0.0,0.0,0.0,0.0,PASS_<20%,0.00,0.0,NO,STANDBY_VEL_LOW,1,1321.86,3268.14,132.45,FALSE,M1_DIRECTION_MISMATCH
2026-09-07 19:16:36.348,1788808596.349,5449,23,68,4406.19,4406.27,8.0,PASS_<=10c,+0.0,FLAT,+0.0,+69.0,2.3,+0.00,0.00,SLOW,4405.50,4406.54,4403.14,4406.23,0.00,0.00,0.0,BEARISH,340.0,4406.19,4406.19,4406.19,4406.19,36,CLEARED_>=20s,1.0,0.0,0.0,0.0,0.0,0.0,0.0,PASS_<20%,0.00,0.0,NO,STANDBY_VEL_LOW,1,1321.86,3268.14,132.45,FALSE,M1_DIRECTION_MISMATCH
2026-09-07 19:16:36.849,1788808596.850,5450,24,69,4406.19,4406.27,8.0,PASS_<=10c,+0.0,FLAT,+0.0,+69.0,2.5,+0.00,0.00,SLOW,4405.50,4406.54,4403.14,4406.23,0.00,0.00,0.0,BEARISH,340.0,4406.19,4406.19,4406.19,4406.19,36,CLEARED_>=20s,1.0,0.0,0.0,0.0,0.0,0.0,0.0,PASS_<20%,0.00,0.0,NO,STANDBY_VEL_LOW,1,1321.86,3268.14,132.45,FALSE,M1_DIRECTION_MISMATCH
2026-09-07 19:16:37.351,1788808597.351,5451,25,70,4406.19,4406.27,8.0,PASS_<=10c,+0.0,FLAT,+0.0,+69.0,2.7,+0.00,0.00,SLOW,4405.50,4406.54,4403.14,4406.23,0.00,0.00,0.0,BEARISH,340.0,4406.19,4406.19,4406.19,4406.19,37,CLEARED_>=20s,1.0,0.0,0.0,0.0,0.0,0.0,0.0,PASS_<20%,0.00,0.0,NO,STANDBY_VEL_LOW,1,1321.86,3268.14,132.45,FALSE,M1_DIRECTION_MISMATCH
2026-09-07 19:16:37.853,1788808597.853,5452,26,71,4406.19,4406.27,8.0,PASS_<=10c,+0.0,FLAT,+0.0,+69.0,2.8,+0.00,0.00,SLOW,4405.50,4406.54,4403.14,4406.23,0.00,0.00,0.0,BEARISH,340.0,4406.19,4406.19,4406.19,4406.19,37,CLEARED_>=20s,1.0,0.0,0.0,0.0,0.0,0.0,0.0,PASS_<20%,0.00,0.0,NO,STANDBY_VEL_LOW,1,1321.86,3268.14,132.45,FALSE,M1_DIRECTION_MISMATCH
2026-09-07 19:16:38.354,1788808598.355,5453,27,72,4406.19,4406.27,8.0,PASS_<=10c,+0.0,FLAT,+0.0,+69.0,4.5,+0.00,0.00,SLOW,4405.50,4406.54,4403.14,4406.23,0.00,0.00,0.0,BEARISH,340.0,4406.19,4406.19,4406.19,4406.19,38,CLEARED_>=20s,1.0,0.0,0.0,0.0,0.0,0.0,0.0,PASS_<20%,0.00,0.0,NO,STANDBY_VEL_LOW,1,1321.86,3268.14,132.45,FALSE,M1_DIRECTION_MISMATCH
2026-09-07 19:16:38.856,1788808598.857,5454,28,73,4406.19,4406.27,8.0,PASS_<=10c,+0.0,FLAT,+0.0,+69.0,4.4,+0.00,0.00,SLOW,4405.50,4406.54,4403.14,4406.23,0.00,0.00,0.0,BEARISH,340.0,4406.19,4406.19,4406.19,4406.19,38,CLEARED_>=20s,1.0,0.0,0.0,0.0,0.0,0.0,0.0,PASS_<20%,0.00,0.0,NO,STANDBY_VEL_LOW,1,1321.86,3268.14,132.45,FALSE,M1_DIRECTION_MISMATCH
2026-09-07 19:16:39.358,1788808599.358,5455,29,74,4406.19,4406.27,8.0,PASS_<=10c,+0.0,FLAT,+0.0,+69.0,4.4,+0.00,0.00,SLOW,4405.50,4406.54,4403.14,4406.23,0.00,0.00,0.0,BEARISH,340.0,4406.19,4406.19,4406.19,4406.19,39,CLEARED_>=20s,1.0,0.0,0.0,0.0,0.0,0.0,0.0,PASS_<20%,0.00,0.0,NO,STANDBY_VEL_LOW,1,1321.86,3268.14,132.45,FALSE,M1_DIRECTION_MISMATCH
2026-09-07 19:16:39.861,1788808599.861,5456,30,75,4406.19,4406.27,8.0,PASS_<=10c,+0.0,FLAT,+0.0,+69.0,4.3,+0.00,0.00,SLOW,4405.50,4406.54,4403.14,4406.23,0.00,0.00,0.0,BEARISH,340.0,4406.19,4406.19,4406.19,4406.19,39,CLEARED_>=20s,1.0,0.0,0.0,0.0,0.0,0.0,0.0,PASS_<20%,0.00,0.0,NO,STANDBY_VEL_LOW,1,1321.86,3268.14,132.45,FALSE,M1_DIRECTION_MISMATCH
2026-09-07 19:16:40.362,1788808600.362,5457,31,76,4406.19,4406.27,8.0,PASS_<=10c,+0.0,FLAT,+0.0,+69.0,4.2,+0.00,0.00,SLOW,4405.50,4406.54,4403.14,4406.23,0.00,0.00,0.0,BEARISH,340.0,4406.19,4406.19,4406.19,4406.19,40,CLEARED_>=20s,1.0,0.0,0.0,0.0,0.0,0.0,0.0,PASS_<20%,0.00,0.0,NO,STANDBY_VEL_LOW,1,1321.86,3268.14,132.45,FALSE,M1_DIRECTION_MISMATCH
2026-09-07 19:16:40.864,1788808600.864,5458,32,77,4406.19,4406.27,8.0,PASS_<=10c,+0.0,FLAT,+0.0,+69.0,4.2,+0.00,0.00,SLOW,4405.50,4406.54,4403.14,4406.23,0.00,0.00,0.0,BEARISH,340.0,4406.19,4406.19,4406.19,4406.19,40,CLEARED_>=20s,1.0,0.0,0.0,0.0,0.0,0.0,0.0,PASS_<20%,0.00,0.0,NO,STANDBY_VEL_LOW,1,1321.86,3268.14,132.45,FALSE,M1_DIRECTION_MISMATCH
2026-09-07 19:16:41.365,1788808601.366,5459,33,78,4406.19,4406.27,8.0,PASS_<=10c,+0.0,FLAT,+0.0,+69.0,4.2,+0.00,0.00,SLOW,4405.50,4406.54,4403.14,4406.23,0.00,0.00,0.0,BEARISH,340.0,4406.19,4406.19,4406.19,4406.19,41,CLEARED_>=20s,1.0,0.0,0.0,0.0,0.0,0.0,0.0,PASS_<20%,0.00,0.0,NO,STANDBY_VEL_LOW,1,1321.86,3268.14,132.45,FALSE,M1_DIRECTION_MISMATCH
2026-09-07 19:16:41.867,1788808601.868,5460,34,79,4406.19,4406.27,8.0,PASS_<=10c,+0.0,FLAT,+0.0,+69.0,4.2,+0.00,0.00,SLOW,4405.50,4406.54,4403.14,4406.23,0.00,0.00,0.0,BEARISH,340.0,4406.19,4406.19,4406.19,4406.19,41,CLEARED_>=20s,1.0,0.0,0.0,0.0,0.0,0.0,0.0,PASS_<20%,0.00,0.0,NO,STANDBY_VEL_LOW,1,1321.86,3268.14,132.45,FALSE,M1_DIRECTION_MISMATCH
2026-09-07 19:16:42.368,1788808602.369,5461,35,80,4406.19,4406.27,8.0,PASS_<=10c,+0.0,FLAT,+0.0,+69.0,4.2,+0.00,0.00,SLOW,4405.50,4406.54,4403.14,4406.23,0.00,0.00,0.0,BEARISH,340.0,4406.19,4406.19,4406.19,4406.19,42,CLEARED_>=20s,1.0,0.0,0.0,0.0,0.0,0.0,0.0,PASS_<20%,0.00,0.0,NO,STANDBY_VEL_LOW,1,1321.86,3268.14,132.45,FALSE,M1_DIRECTION_MISMATCH
2026-09-07 19:16:42.869,1788808602.870,5462,36,81,4406.19,4406.27,8.0,PASS_<=10c,+0.0,FLAT,+0.0,+69.0,4.2,+0.00,0.00,SLOW,4405.50,4406.54,4403.14,4406.23,0.00,0.00,0.0,BEARISH,340.0,4406.19,4406.19,4406.19,4406.19,42,CLEARED_>=20s,1.0,0.0,0.0,0.0,0.0,0.0,0.0,PASS_<20%,0.00,0.0,NO,STANDBY_VEL_LOW,1,1321.86,3268.14,132.45,FALSE,M1_DIRECTION_MISMATCH
2026-09-07 19:16:53.245,1788808613.245,5463,37,82,4406.19,4406.27,8.0,PASS_<=10c,+0.0,FLAT,+0.0,+69.0,1.3,+0.00,0.00,SLOW,4405.50,4406.54,4403.14,4406.23,0.00,0.00,0.0,BEARISH,340.0,4406.19,4406.19,4406.19,4406.19,53,CLEARED_>=20s,1.0,0.0,0.0,0.0,0.0,0.0,0.0,PASS_<20%,0.00,0.0,NO,STANDBY_VEL_LOW,1,1321.86,3268.14,132.45,FALSE,M1_DIRECTION_MISMATCH
2026-09-07 19:16:58.468,1788808618.469,5464,38,83,4406.19,4406.27,8.0,PASS_<=10c,+0.0,FLAT,+0.0,+69.0,2.0,+0.00,0.00,SLOW,4405.50,4406.54,4403.14,4406.23,0.00,0.00,0.0,BEARISH,340.0,4406.19,4406.19,4406.19,4406.19,58,CLEARED_>=20s,1.0,0.0,0.0,0.0,0.0,0.0,0.0,PASS_<20%,0.00,0.0,NO,STANDBY_VEL_LOW,1,1321.86,3268.14,132.45,FALSE,M1_DIRECTION_MISMATCH
2026-09-07 19:16:58.970,1788808618.971,5465,39,84,4406.19,4406.27,8.0,PASS_<=10c,+0.0,FLAT,+0.0,+69.0,4.0,+0.00,0.00,SLOW,4405.50,4406.54,4403.14,4406.23,0.00,0.00,0.0,BEARISH,340.0,4406.19,4406.19,4406.19,4406.19,58,CLEARED_>=20s,1.0,0.0,0.0,0.0,0.0,0.0,0.0,PASS_<20%,0.00,0.0,NO,STANDBY_VEL_LOW,1,1321.86,3268.14,132.45,FALSE,M1_DIRECTION_MISMATCH
2026-09-07 19:16:59.471,1788808619.472,5466,40,85,4406.19,4406.27,8.0,PASS_<=10c,+0.0,FLAT,+0.0,+69.0,5.4,+0.00,0.00,SLOW,4405.50,4406.54,4403.14,4406.23,0.00,0.00,0.0,BEARISH,340.0,4406.19,4406.19,4406.19,4406.19,59,CLEARED_>=20s,1.0,0.0,0.0,0.0,0.0,0.0,0.0,PASS_<20%,0.00,0.0,NO,STANDBY_VEL_LOW,1,1321.86,3268.14,132.45,FALSE,M1_DIRECTION_MISMATCH
2026-09-07 19:16:59.973,1788808619.973,5467,41,86,4406.19,4406.27,8.0,PASS_<=10c,+0.0,FLAT,+0.0,+69.0,5.0,+0.00,0.00,SLOW,4405.50,4406.54,4403.14,4406.23,0.00,0.00,0.0,BEARISH,340.0,4406.19,4406.19,4406.19,4406.19,59,CLEARED_>=20s,1.0,0.0,0.0,0.0,0.0,0.0,0.0,PASS_<20%,0.00,0.0,NO,STANDBY_VEL_LOW,1,1321.86,3268.14,132.45,FALSE,M1_DIRECTION_MISMATCH
2026-09-07 19:17:00.474,1788808620.475,5468,1,87,4406.19,4406.27,8.0,PASS_<=10c,+0.0,FLAT,+0.0,+69.0,4.7,+0.00,0.00,SLOW,4405.50,4406.54,4403.14,4406.23,0.00,0.00,0.0,BEARISH,340.0,4406.19,4406.19,4406.19,4406.19,0,ACTIVE_0s,1.0,0.0,0.0,0.0,0.0,0.0,0.0,PASS_<20%,0.00,0.0,NO,STANDBY_VEL_LOW,1,1321.86,3268.14,132.45,FALSE,M1_DIRECTION_MISMATCH|OPENING_SHIELD_ACTIVE_0s
2026-09-07 19:17:00.977,1788808620.978,5469,2,88,4406.19,4406.27,8.0,PASS_<=10c,+0.0,FLAT,+0.0,+69.0,4.6,+0.00,0.00,SLOW,4405.50,4406.54,4403.14,4406.23,0.00,0.00,0.0,BEARISH,340.0,4406.19,4406.19,4406.19,4406.19,0,ACTIVE_0s,1.0,0.0,0.0,0.0,0.0,0.0,0.0,PASS_<20%,0.00,0.0,NO,STANDBY_VEL_LOW,1,1321.86,3268.14,132.45,FALSE,M1_DIRECTION_MISMATCH|OPENING_SHIELD_ACTIVE_0s
2026-09-07 19:17:01.479,1788808621.480,5470,3,89,4406.19,4406.27,8.0,PASS_<=10c,+0.0,FLAT,+0.0,+69.0,4.5,+0.00,0.00,SLOW,4405.50,4406.54,4403.14,4406.23,0.00,0.00,0.0,BEARISH,340.0,4406.19,4406.19,4406.19,4406.19,1,ACTIVE_1s,1.0,0.0,0.0,0.0,0.0,0.0,0.0,PASS_<20%,0.00,0.0,NO,STANDBY_VEL_LOW,1,1321.86,3268.14,132.45,FALSE,M1_DIRECTION_MISMATCH|OPENING_SHIELD_ACTIVE_1s
2026-09-07 19:17:01.981,1788808621.981,5471,4,90,4406.19,4406.27,8.0,PASS_<=10c,+0.0,FLAT,+0.0,+69.0,4.4,+0.00,0.00,SLOW,4405.50,4406.54,4403.14,4406.23,0.00,0.00,0.0,BEARISH,340.0,4406.19,4406.19,4406.19,4406.19,1,ACTIVE_1s,1.0,0.0,0.0,0.0,0.0,0.0,0.0,PASS_<20%,0.00,0.0,NO,STANDBY_VEL_LOW,1,1321.86,3268.14,132.45,FALSE,M1_DIRECTION_MISMATCH|OPENING_SHIELD_ACTIVE_1s
2026-09-07 19:17:02.482,1788808622.483,5472,5,91,4406.19,4406.27,8.0,PASS_<=10c,+0.0,FLAT,+0.0,+69.0,4.4,+0.00,0.00,SLOW,4405.50,4406.54,4403.14,4406.23,0.00,0.00,0.0,BEARISH,340.0,4406.19,4406.19,4406.19,4406.19,2,ACTIVE_2s,1.0,0.0,0.0,0.0,0.0,0.0,0.0,PASS_<20%,0.00,0.0,NO,STANDBY_VEL_LOW,1,1321.86,3268.14,132.45,FALSE,M1_DIRECTION_MISMATCH|OPENING_SHIELD_ACTIVE_2s
2026-09-07 19:17:02.984,1788808622.984,5473,6,92,4406.19,4406.27,8.0,PASS_<=10c,+0.0,FLAT,+0.0,+69.0,4.3,+0.00,0.00,SLOW,4405.50,4406.54,4403.14,4406.23,0.00,0.00,0.0,BEARISH,340.0,4406.19,4406.19,4406.19,4406.19,2,ACTIVE_2s,1.0,0.0,0.0,0.0,0.0,0.0,0.0,PASS_<20%,0.00,0.0,NO,STANDBY_VEL_LOW,1,1321.86,3268.14,132.45,FALSE,M1_DIRECTION_MISMATCH|OPENING_SHIELD_ACTIVE_2s
2026-09-07 19:17:03.485,1788808623.486,5474,7,93,4406.19,4406.27,8.0,PASS_<=10c,+0.0,FLAT,+0.0,+69.0,4.2,+0.00,0.00,SLOW,4405.50,4406.54,4403.14,4406.23,0.00,0.00,0.0,BEARISH,340.0,4406.19,4406.19,4406.19,4406.19,3,ACTIVE_3s,1.0,0.0,0.0,0.0,0.0,0.0,0.0,PASS_<20%,0.00,0.0,NO,STANDBY_VEL_LOW,1,1321.86,3268.14,132.45,FALSE,M1_DIRECTION_MISMATCH|OPENING_SHIELD_ACTIVE_3s
2026-09-07 19:17:03.987,1788808623.987,5475,8,94,4406.19,4406.27,8.0,PASS_<=10c,+0.0,FLAT,+0.0,+69.0,4.2,+0.00,0.00,SLOW,4405.50,4406.54,4403.14,4406.23,0.00,0.00,0.0,BEARISH,340.0,4406.19,4406.19,4406.19,4406.19,3,ACTIVE_3s,1.0,0.0,0.0,0.0,0.0,0.0,0.0,PASS_<20%,0.00,0.0,NO,STANDBY_VEL_LOW,1,1321.86,3268.14,132.45,FALSE,M1_DIRECTION_MISMATCH|OPENING_SHIELD_ACTIVE_3s
2026-09-07 19:17:04.489,1788808624.489,5476,9,95,4406.19,4406.27,8.0,PASS_<=10c,+0.0,FLAT,+0.0,+69.0,4.2,+0.00,0.00,SLOW,4405.50,4406.54,4403.14,4406.23,0.00,0.00,0.0,BEARISH,340.0,4406.19,4406.19,4406.19,4406.19,4,ACTIVE_4s,1.0,0.0,0.0,0.0,0.0,0.0,0.0,PASS_<20%,0.00,0.0,NO,STANDBY_VEL_LOW,1,1321.86,3268.14,132.45,FALSE,M1_DIRECTION_MISMATCH|OPENING_SHIELD_ACTIVE_4s
2026-09-07 19:17:04.990,1788808624.991,5477,10,96,4406.19,4406.27,8.0,PASS_<=10c,+0.0,FLAT,+0.0,+69.0,4.2,+0.00,0.00,SLOW,4405.50,4406.54,4403.14,4406.23,0.00,0.00,0.0,BEARISH,340.0,4406.19,4406.19,4406.19,4406.19,4,ACTIVE_4s,1.0,0.0,0.0,0.0,0.0,0.0,0.0,PASS_<20%,0.00,0.0,NO,STANDBY_VEL_LOW,1,1321.86,3268.14,132.45,FALSE,M1_DIRECTION_MISMATCH|OPENING_SHIELD_ACTIVE_4s
2026-09-07 19:17:05.495,1788808625.495,5478,11,97,4406.19,4406.27,8.0,PASS_<=10c,+0.0,FLAT,+0.0,+69.0,4.2,+0.00,0.00,SLOW,4405.50,4406.54,4403.14,4406.23,0.00,0.00,0.0,BEARISH,340.0,4406.19,4406.19,4406.19,4406.19,5,ACTIVE_5s,1.0,0.0,0.0,0.0,0.0,0.0,0.0,PASS_<20%,0.00,0.0,NO,STANDBY_VEL_LOW,1,1321.86,3268.14,132.45,FALSE,M1_DIRECTION_MISMATCH|OPENING_SHIELD_ACTIVE_5s
2026-09-07 19:17:05.996,1788808625.996,5479,12,98,4406.19,4406.27,8.0,PASS_<=10c,+0.0,FLAT,+0.0,+69.0,4.2,+0.00,0.00,SLOW,4405.50,4406.54,4403.14,4406.23,0.00,0.00,0.0,BEARISH,340.0,4406.19,4406.19,4406.19,4406.19,5,ACTIVE_5s,1.0,0.0,0.0,0.0,0.0,0.0,0.0,PASS_<20%,0.00,0.0,NO,STANDBY_VEL_LOW,1,1321.86,3268.14,132.45,FALSE,M1_DIRECTION_MISMATCH|OPENING_SHIELD_ACTIVE_5s
2026-09-07 19:17:11.514,1788808631.514,5480,13,99,4406.19,4406.27,8.0,PASS_<=10c,+0.0,FLAT,+0.0,+69.0,1.6,+0.00,0.00,SLOW,4405.50,4406.54,4403.14,4406.23,0.00,0.00,0.0,BEARISH,340.0,4406.19,4406.19,4406.19,4406.19,11,ACTIVE_11s,1.0,0.0,0.0,0.0,0.0,0.0,0.0,PASS_<20%,0.00,0.0,NO,STANDBY_VEL_LOW,1,1321.86,3268.14,132.45,FALSE,M1_DIRECTION_MISMATCH|OPENING_SHIELD_ACTIVE_11s
2026-09-07 19:17:21.743,1788808641.744,5481,14,100,4406.19,4406.27,8.0,PASS_<=10c,+0.0,FLAT,+0.0,+69.0,1.3,+0.00,0.00,SLOW,4405.50,4406.54,4403.14,4406.23,0.00,0.00,0.0,BEARISH,340.0,4406.19,4406.19,4406.19,4406.19,21,CLEARED_>=20s,1.0,0.0,0.0,0.0,0.0,0.0,0.0,PASS_<20%,0.00,0.0,NO,STANDBY_VEL_LOW,1,1321.86,3268.14,132.45,FALSE,M1_DIRECTION_MISMATCH
2026-09-07 19:17:22.099,1788808642.099,5482,15,101,4406.19,4406.27,8.0,PASS_<=10c,+0.0,FLAT,+0.0,+69.0,3.0,+0.00,0.00,SLOW,4405.50,4406.54,4403.14,4406.23,0.00,0.00,0.0,BEARISH,340.0,4406.19,4406.19,4406.19,4406.19,22,CLEARED_>=20s,1.0,0.0,0.0,0.0,0.0,0.0,0.0,PASS_<20%,0.00,0.0,NO,STANDBY_VEL_LOW,1,1321.86,3268.14,132.45,FALSE,M1_DIRECTION_MISMATCH
2026-09-07 19:17:22.600,1788808642.601,5483,16,102,4406.19,4406.27,8.0,PASS_<=10c,+0.0,FLAT,+0.0,+69.0,5.0,+0.00,0.00,SLOW,4405.50,4406.54,4403.14,4406.23,0.00,0.00,0.0,BEARISH,340.0,4406.19,4406.19,4406.19,4406.19,22,CLEARED_>=20s,1.0,0.0,0.0,0.0,0.0,0.0,0.0,PASS_<20%,0.00,0.0,NO,STANDBY_VEL_LOW,1,1321.86,3268.14,132.45,FALSE,M1_DIRECTION_MISMATCH
2026-09-07 19:17:23.101,1788808643.102,5484,17,103,4406.19,4406.27,8.0,PASS_<=10c,+0.0,FLAT,+0.0,+69.0,5.2,+0.00,0.00,SLOW,4405.50,4406.54,4403.14,4406.23,0.00,0.00,0.0,BEARISH,340.0,4406.19,4406.19,4406.19,4406.19,23,CLEARED_>=20s,1.0,0.0,0.0,0.0,0.0,0.0,0.0,PASS_<20%,0.00,0.0,NO,STANDBY_VEL_LOW,1,1321.86,3268.14,132.45,FALSE,M1_DIRECTION_MISMATCH
2026-09-07 19:17:23.603,1788808643.604,5485,18,104,4406.19,4406.27,8.0,PASS_<=10c,+0.0,FLAT,+0.0,+69.0,4.8,+0.00,0.00,SLOW,4405.50,4406.54,4403.14,4406.23,0.00,0.00,0.0,BEARISH,340.0,4406.19,4406.19,4406.19,4406.19,23,CLEARED_>=20s,1.0,0.0,0.0,0.0,0.0,0.0,0.0,PASS_<20%,0.00,0.0,NO,STANDBY_VEL_LOW,1,1321.86,3268.14,132.45,FALSE,M1_DIRECTION_MISMATCH
2026-09-07 19:17:24.105,1788808644.105,5486,19,105,4406.19,4406.27,8.0,PASS_<=10c,+0.0,FLAT,+0.0,+69.0,4.7,+0.00,0.00,SLOW,4405.50,4406.54,4403.14,4406.23,0.00,0.00,0.0,BEARISH,340.0,4406.19,4406.19,4406.19,4406.19,24,CLEARED_>=20s,1.0,0.0,0.0,0.0,0.0,0.0,0.0,PASS_<20%,0.00,0.0,NO,STANDBY_VEL_LOW,1,1321.86,3268.14,132.45,FALSE,M1_DIRECTION_MISMATCH
2026-09-07 19:17:24.607,1788808644.607,5487,20,106,4406.19,4406.27,8.0,PASS_<=10c,+0.0,FLAT,+0.0,+69.0,4.5,+0.00,0.00,SLOW,4405.50,4406.54,4403.14,4406.23,0.00,0.00,0.0,BEARISH,340.0,4406.19,4406.19,4406.19,4406.19,24,CLEARED_>=20s,1.0,0.0,0.0,0.0,0.0,0.0,0.0,PASS_<20%,0.00,0.0,NO,STANDBY_VEL_LOW,1,1321.86,3268.14,132.45,FALSE,M1_DIRECTION_MISMATCH
2026-09-07 19:17:25.109,1788808645.109,5488,21,107,4406.19,4406.27,8.0,PASS_<=10c,+0.0,FLAT,+0.0,+69.0,4.5,+0.00,0.00,SLOW,4405.50,4406.54,4403.14,4406.23,0.00,0.00,0.0,BEARISH,340.0,4406.19,4406.19,4406.19,4406.19,25,CLEARED_>=20s,1.0,0.0,0.0,0.0,0.0,0.0,0.0,PASS_<20%,0.00,0.0,NO,STANDBY_VEL_LOW,1,1321.86,3268.14,132.45,FALSE,M1_DIRECTION_MISMATCH
2026-09-07 19:17:25.611,1788808645.612,5489,22,108,4406.19,4406.27,8.0,PASS_<=10c,+0.0,FLAT,+0.0,+69.0,4.4,+0.00,0.00,SLOW,4405.50,4406.54,4403.14,4406.23,0.00,0.00,0.0,BEARISH,340.0,4406.19,4406.19,4406.19,4406.19,25,CLEARED_>=20s,1.0,0.0,0.0,0.0,0.0,0.0,0.0,PASS_<20%,0.00,0.0,NO,STANDBY_VEL_LOW,1,1321.86,3268.14,132.45,FALSE,M1_DIRECTION_MISMATCH
2026-09-07 19:17:26.113,1788808646.114,5490,23,109,4406.19,4406.27,8.0,PASS_<=10c,+0.0,FLAT,+0.0,+69.0,4.3,+0.00,0.00,SLOW,4405.50,4406.54,4403.14,4406.23,0.00,0.00,0.0,BEARISH,340.0,4406.19,4406.19,4406.19,4406.19,26,CLEARED_>=20s,1.0,0.0,0.0,0.0,0.0,0.0,0.0,PASS_<20%,0.00,0.0,NO,STANDBY_VEL_LOW,1,1321.86,3268.14,132.45,FALSE,M1_DIRECTION_MISMATCH
2026-09-07 19:17:26.615,1788808646.615,5491,24,110,4406.19,4406.27,8.0,PASS_<=10c,+0.0,FLAT,+0.0,+69.0,4.3,+0.00,0.00,SLOW,4405.50,4406.54,4403.14,4406.23,0.00,0.00,0.0,BEARISH,340.0,4406.19,4406.19,4406.19,4406.19,26,CLEARED_>=20s,1.0,0.0,0.0,0.0,0.0,0.0,0.0,PASS_<20%,0.00,0.0,NO,STANDBY_VEL_LOW,1,1321.86,3268.14,132.45,FALSE,M1_DIRECTION_MISMATCH
2026-09-07 19:17:27.116,1788808647.117,5492,25,111,4406.19,4406.27,8.0,PASS_<=10c,+0.0,FLAT,+0.0,+69.0,4.2,+0.00,0.00,SLOW,4405.50,4406.54,4403.14,4406.23,0.00,0.00,0.0,BEARISH,340.0,4406.19,4406.19,4406.19,4406.19,27,CLEARED_>=20s,1.0,0.0,0.0,0.0,0.0,0.0,0.0,PASS_<20%,0.00,0.0,NO,STANDBY_VEL_LOW,1,1321.86,3268.14,132.45,FALSE,M1_DIRECTION_MISMATCH
2026-09-07 19:17:27.618,1788808647.618,5493,26,112,4406.19,4406.27,8.0,PASS_<=10c,+0.0,FLAT,+0.0,+69.0,4.2,+0.00,0.00,SLOW,4405.50,4406.54,4403.14,4406.23,0.00,0.00,0.0,BEARISH,340.0,4406.19,4406.19,4406.19,4406.19,27,CLEARED_>=20s,1.0,0.0,0.0,0.0,0.0,0.0,0.0,PASS_<20%,0.00,0.0,NO,STANDBY_VEL_LOW,1,1321.86,3268.14,132.45,FALSE,M1_DIRECTION_MISMATCH
2026-09-07 19:17:28.120,1788808648.120,5494,27,113,4406.19,4406.27,8.0,PASS_<=10c,+0.0,FLAT,+0.0,+69.0,4.2,+0.00,0.00,SLOW,4405.50,4406.54,4403.14,4406.23,0.00,0.00,0.0,BEARISH,340.0,4406.19,4406.19,4406.19,4406.19,28,CLEARED_>=20s,1.0,0.0,0.0,0.0,0.0,0.0,0.0,PASS_<20%,0.00,0.0,NO,STANDBY_VEL_LOW,1,1321.86,3268.14,132.45,FALSE,M1_DIRECTION_MISMATCH
2026-09-07 19:17:28.621,1788808648.621,5495,28,114,4406.19,4406.27,8.0,PASS_<=10c,+0.0,FLAT,+0.0,+69.0,4.2,+0.00,0.00,SLOW,4405.50,4406.54,4403.14,4406.23,0.00,0.00,0.0,BEARISH,340.0,4406.19,4406.19,4406.19,4406.19,28,CLEARED_>=20s,1.0,0.0,0.0,0.0,0.0,0.0,0.0,PASS_<20%,0.00,0.0,NO,STANDBY_VEL_LOW,1,1321.86,3268.14,132.45,FALSE,M1_DIRECTION_MISMATCH
2026-09-07 19:17:29.121,1788808649.122,5496,29,115,4406.19,4406.27,8.0,PASS_<=10c,+0.0,FLAT,+0.0,+69.0,4.2,+0.00,0.00,SLOW,4405.50,4406.54,4403.14,4406.23,0.00,0.00,0.0,BEARISH,340.0,4406.19,4406.19,4406.19,4406.19,29,CLEARED_>=20s,1.0,0.0,0.0,0.0,0.0,0.0,0.0,PASS_<20%,0.00,0.0,NO,STANDBY_VEL_LOW,1,1321.86,3268.14,132.45,FALSE,M1_DIRECTION_MISMATCH
2026-09-07 19:17:29.623,1788808649.624,5497,30,116,4406.19,4406.27,8.0,PASS_<=10c,+0.0,FLAT,+0.0,+69.0,4.2,+0.00,0.00,SLOW,4405.50,4406.54,4403.14,4406.23,0.00,0.00,0.0,BEARISH,340.0,4406.19,4406.19,4406.19,4406.19,29,CLEARED_>=20s,1.0,0.0,0.0,0.0,0.0,0.0,0.0,PASS_<20%,0.00,0.0,NO,STANDBY_VEL_LOW,1,1321.86,3268.14,132.45,FALSE,M1_DIRECTION_MISMATCH
2026-09-07 19:17:40.000,1788808660.000,5498,31,117,4406.19,4406.27,8.0,PASS_<=10c,+0.0,FLAT,+0.0,+69.0,1.4,+0.00,0.00,SLOW,4405.50,4406.54,4403.14,4406.23,0.00,0.00,0.0,BEARISH,340.0,4406.19,4406.19,4406.19,4406.19,40,CLEARED_>=20s,1.0,0.0,0.0,0.0,0.0,0.0,0.0,PASS_<20%,0.00,0.0,NO,STANDBY_VEL_LOW,1,1321.86,3268.14,132.45,FALSE,M1_DIRECTION_MISMATCH
2026-09-07 19:17:46.827,1788808666.828,5499,32,118,4406.19,4406.27,8.0,PASS_<=10c,+0.0,FLAT,+0.0,+69.0,1.3,+0.00,0.00,SLOW,4405.50,4406.54,4403.14,4406.23,0.00,0.00,0.0,BEARISH,340.0,4406.19,4406.19,4406.19,4406.19,46,CLEARED_>=20s,1.0,0.0,0.0,0.0,0.0,0.0,0.0,PASS_<20%,0.00,0.0,NO,STANDBY_VEL_LOW,1,1321.86,3268.14,132.45,FALSE,M1_DIRECTION_MISMATCH
2026-09-07 19:17:47.182,1788808667.182,5500,33,119,4406.19,4406.27,8.0,PASS_<=10c,+0.0,FLAT,+0.0,+69.0,1.9,+0.00,0.00,SLOW,4405.50,4406.54,4403.14,4406.23,0.00,0.00,0.0,BEARISH,340.0,4406.19,4406.19,4406.19,4406.19,47,CLEARED_>=20s,1.0,0.0,0.0,0.0,0.0,0.0,0.0,PASS_<20%,0.00,0.0,NO,STANDBY_VEL_LOW,1,1321.86,3268.14,132.45,FALSE,M1_DIRECTION_MISMATCH
2026-09-07 19:17:47.685,1788808667.685,5501,34,120,4406.19,4406.27,8.0,PASS_<=10c,+0.0,FLAT,+0.0,+69.0,2.3,+0.00,0.00,SLOW,4405.50,4406.54,4403.14,4406.23,0.00,0.00,0.0,BEARISH,340.0,4406.19,4406.19,4406.19,4406.19,47,CLEARED_>=20s,1.0,0.0,0.0,0.0,0.0,0.0,0.0,PASS_<20%,0.00,0.0,NO,STANDBY_VEL_LOW,1,1321.86,3268.14,132.45,FALSE,M1_DIRECTION_MISMATCH
2026-09-07 19:17:48.187,1788808668.187,5502,35,121,4406.19,4406.27,8.0,PASS_<=10c,+0.0,FLAT,+0.0,+69.0,2.6,+0.00,0.00,SLOW,4405.50,4406.54,4403.14,4406.23,0.00,0.00,0.0,BEARISH,340.0,4406.19,4406.19,4406.19,4406.19,48,CLEARED_>=20s,1.0,0.0,0.0,0.0,0.0,0.0,0.0,PASS_<20%,0.00,0.0,NO,STANDBY_VEL_LOW,1,1321.86,3268.14,132.45,FALSE,M1_DIRECTION_MISMATCH
2026-09-07 19:17:48.689,1788808668.690,5503,36,122,4406.19,4406.27,8.0,PASS_<=10c,+0.0,FLAT,+0.0,+69.0,2.8,+0.00,0.00,SLOW,4405.50,4406.54,4403.14,4406.23,0.00,0.00,0.0,BEARISH,340.0,4406.19,4406.19,4406.19,4406.19,48,CLEARED_>=20s,1.0,0.0,0.0,0.0,0.0,0.0,0.0,PASS_<20%,0.00,0.0,NO,STANDBY_VEL_LOW,1,1321.86,3268.14,132.45,FALSE,M1_DIRECTION_MISMATCH
2026-09-07 19:17:49.190,1788808669.190,5504,37,123,4406.19,4406.27,8.0,PASS_<=10c,+0.0,FLAT,+0.0,+69.0,2.9,+0.00,0.00,SLOW,4405.50,4406.54,4403.14,4406.23,0.00,0.00,0.0,BEARISH,340.0,4406.19,4406.19,4406.19,4406.19,49,CLEARED_>=20s,1.0,0.0,0.0,0.0,0.0,0.0,0.0,PASS_<20%,0.00,0.0,NO,STANDBY_VEL_LOW,1,1321.86,3268.14,132.45,FALSE,M1_DIRECTION_MISMATCH
2026-09-07 19:17:49.691,1788808669.692,5505,38,124,4406.19,4406.27,8.0,PASS_<=10c,+0.0,FLAT,+0.0,+69.0,3.1,+0.00,0.00,SLOW,4405.50,4406.54,4403.14,4406.23,0.00,0.00,0.0,BEARISH,340.0,4406.19,4406.19,4406.19,4406.19,49,CLEARED_>=20s,1.0,0.0,0.0,0.0,0.0,0.0,0.0,PASS_<20%,0.00,0.0,NO,STANDBY_VEL_LOW,1,1321.86,3268.14,132.45,FALSE,M1_DIRECTION_MISMATCH
2026-09-07 19:17:50.193,1788808670.194,5506,39,125,4406.19,4406.27,8.0,PASS_<=10c,+0.0,FLAT,+0.0,+69.0,4.5,+0.00,0.00,SLOW,4405.50,4406.54,4403.14,4406.23,0.00,0.00,0.0,BEARISH,340.0,4406.19,4406.19,4406.19,4406.19,50,CLEARED_>=20s,1.0,0.0,0.0,0.0,0.0,0.0,0.0,PASS_<20%,0.00,0.0,NO,STANDBY_VEL_LOW,1,1321.86,3268.14,132.45,FALSE,M1_DIRECTION_MISMATCH
2026-09-07 19:17:50.696,1788808670.696,5507,40,126,4406.19,4406.27,8.0,PASS_<=10c,+0.0,FLAT,+0.0,+69.0,4.4,+0.00,0.00,SLOW,4405.50,4406.54,4403.14,4406.23,0.00,0.00,0.0,BEARISH,340.0,4406.19,4406.19,4406.19,4406.19,50,CLEARED_>=20s,1.0,0.0,0.0,0.0,0.0,0.0,0.0,PASS_<20%,0.00,0.0,NO,STANDBY_VEL_LOW,1,1321.86,3268.14,132.45,FALSE,M1_DIRECTION_MISMATCH
2026-09-07 19:17:51.196,1788808671.197,5508,41,127,4406.19,4406.27,8.0,PASS_<=10c,+0.0,FLAT,+0.0,+69.0,4.3,+0.00,0.00,SLOW,4405.50,4406.54,4403.14,4406.23,0.00,0.00,0.0,BEARISH,340.0,4406.19,4406.19,4406.19,4406.19,51,CLEARED_>=20s,1.0,0.0,0.0,0.0,0.0,0.0,0.0,PASS_<20%,0.00,0.0,NO,STANDBY_VEL_LOW,1,1321.86,3268.14,132.45,FALSE,M1_DIRECTION_MISMATCH
2026-09-07 19:17:51.698,1788808671.699,5509,42,128,4406.19,4406.27,8.0,PASS_<=10c,+0.0,FLAT,+0.0,+69.0,4.3,+0.00,0.00,SLOW,4405.50,4406.54,4403.14,4406.23,0.00,0.00,0.0,BEARISH,340.0,4406.19,4406.19,4406.19,4406.19,51,CLEARED_>=20s,1.0,0.0,0.0,0.0,0.0,0.0,0.0,PASS_<20%,0.00,0.0,NO,STANDBY_VEL_LOW,1,1321.86,3268.14,132.45,FALSE,M1_DIRECTION_MISMATCH
2026-09-07 19:17:52.200,1788808672.201,5510,43,129,4406.19,4406.27,8.0,PASS_<=10c,+0.0,FLAT,+0.0,+69.0,4.2,+0.00,0.00,SLOW,4405.50,4406.54,4403.14,4406.23,0.00,0.00,0.0,BEARISH,340.0,4406.19,4406.19,4406.19,4406.19,52,CLEARED_>=20s,1.0,0.0,0.0,0.0,0.0,0.0,0.0,PASS_<20%,0.00,0.0,NO,STANDBY_VEL_LOW,1,1321.86,3268.14,132.45,FALSE,M1_DIRECTION_MISMATCH
2026-09-07 19:17:52.703,1788808672.703,5511,44,130,4406.19,4406.27,8.0,PASS_<=10c,+0.0,FLAT,+0.0,+69.0,4.2,+0.00,0.00,SLOW,4405.50,4406.54,4403.14,4406.23,0.00,0.00,0.0,BEARISH,340.0,4406.19,4406.19,4406.19,4406.19,52,CLEARED_>=20s,1.0,0.0,0.0,0.0,0.0,0.0,0.0,PASS_<20%,0.00,0.0,NO,STANDBY_VEL_LOW,1,1321.86,3268.14,132.45,FALSE,M1_DIRECTION_MISMATCH
2026-09-07 19:17:53.204,1788808673.205,5512,45,131,4406.19,4406.27,8.0,PASS_<=10c,+0.0,FLAT,+0.0,+69.0,4.2,+0.00,0.00,SLOW,4405.50,4406.54,4403.14,4406.23,0.00,0.00,0.0,BEARISH,340.0,4406.19,4406.19,4406.19,4406.19,53,CLEARED_>=20s,1.0,0.0,0.0,0.0,0.0,0.0,0.0,PASS_<20%,0.00,0.0,NO,STANDBY_VEL_LOW,1,1321.86,3268.14,132.45,FALSE,M1_DIRECTION_MISMATCH
2026-09-07 19:17:53.706,1788808673.706,5513,46,132,4406.19,4406.27,8.0,PASS_<=10c,+0.0,FLAT,+0.0,+69.0,4.2,+0.00,0.00,SLOW,4405.50,4406.54,4403.14,4406.23,0.00,0.00,0.0,BEARISH,340.0,4406.19,4406.19,4406.19,4406.19,53,CLEARED_>=20s,1.0,0.0,0.0,0.0,0.0,0.0,0.0,PASS_<20%,0.00,0.0,NO,STANDBY_VEL_LOW,1,1321.86,3268.14,132.45,FALSE,M1_DIRECTION_MISMATCH
2026-09-07 19:17:54.207,1788808674.208,5514,47,133,4406.19,4406.27,8.0,PASS_<=10c,+0.0,FLAT,+0.0,+69.0,4.2,+0.00,0.00,SLOW,4405.50,4406.54,4403.14,4406.23,0.00,0.00,0.0,BEARISH,340.0,4406.19,4406.19,4406.19,4406.19,54,CLEARED_>=20s,1.0,0.0,0.0,0.0,0.0,0.0,0.0,PASS_<20%,0.00,0.0,NO,STANDBY_VEL_LOW,1,1321.86,3268.14,132.45,FALSE,M1_DIRECTION_MISMATCH
2026-09-07 19:17:54.709,1788808674.710,5515,48,134,4406.19,4406.27,8.0,PASS_<=10c,+0.0,FLAT,+0.0,+69.0,4.2,+0.00,0.00,SLOW,4405.50,4406.54,4403.14,4406.23,0.00,0.00,0.0,BEARISH,340.0,4406.19,4406.19,4406.19,4406.19,54,CLEARED_>=20s,1.0,0.0,0.0,0.0,0.0,0.0,0.0,PASS_<20%,0.00,0.0,NO,STANDBY_VEL_LOW,1,1321.86,3268.14,132.45,FALSE,M1_DIRECTION_MISMATCH
2026-09-07 19:18:05.089,1788808685.089,5516,1,135,4406.19,4406.27,8.0,PASS_<=10c,+0.0,FLAT,+0.0,+69.0,1.3,+0.00,0.00,SLOW,4405.50,4406.54,4403.14,4406.23,0.00,0.00,0.0,BEARISH,340.0,4406.19,4406.19,4406.19,4406.19,5,ACTIVE_5s,1.0,0.0,0.0,0.0,0.0,0.0,0.0,PASS_<20%,0.00,0.0,NO,STANDBY_VEL_LOW,1,1321.86,3268.14,132.45,FALSE,M1_DIRECTION_MISMATCH|OPENING_SHIELD_ACTIVE_5s
2026-09-07 19:18:12.314,1788808692.315,5517,2,136,4406.19,4406.27,8.0,PASS_<=10c,+0.0,FLAT,+0.0,+69.0,1.3,+0.00,0.00,SLOW,4405.50,4406.54,4403.14,4406.23,0.00,0.00,0.0,BEARISH,340.0,4406.19,4406.19,4406.19,4406.19,12,ACTIVE_12s,1.0,0.0,0.0,0.0,0.0,0.0,0.0,PASS_<20%,0.00,0.0,NO,STANDBY_VEL_LOW,1,1321.86,3268.14,132.45,FALSE,M1_DIRECTION_MISMATCH|OPENING_SHIELD_ACTIVE_12s
2026-09-07 19:18:12.670,1788808692.670,5518,3,137,4406.19,4406.27,8.0,PASS_<=10c,+0.0,FLAT,+0.0,+69.0,1.6,+0.00,0.00,SLOW,4405.50,4406.54,4403.14,4406.23,0.00,0.00,0.0,BEARISH,340.0,4406.19,4406.19,4406.19,4406.19,12,ACTIVE_12s,1.0,0.0,0.0,0.0,0.0,0.0,0.0,PASS_<20%,0.00,0.0,NO,STANDBY_VEL_LOW,1,1321.86,3268.14,132.45,FALSE,M1_DIRECTION_MISMATCH|OPENING_SHIELD_ACTIVE_12s
2026-09-07 19:18:13.170,1788808693.171,5519,4,138,4406.19,4406.27,8.0,PASS_<=10c,+0.0,FLAT,+0.0,+69.0,2.0,+0.00,0.00,SLOW,4405.50,4406.54,4403.14,4406.23,0.00,0.00,0.0,BEARISH,340.0,4406.19,4406.19,4406.19,4406.19,13,ACTIVE_13s,1.0,0.0,0.0,0.0,0.0,0.0,0.0,PASS_<20%,0.00,0.0,NO,STANDBY_VEL_LOW,1,1321.86,3268.14,132.45,FALSE,M1_DIRECTION_MISMATCH|OPENING_SHIELD_ACTIVE_13s
2026-09-07 19:18:13.672,1788808693.673,5520,5,139,4406.19,4406.27,8.0,PASS_<=10c,+0.0,FLAT,+0.0,+69.0,2.3,+0.00,0.00,SLOW,4405.50,4406.54,4403.14,4406.23,0.00,0.00,0.0,BEARISH,340.0,4406.19,4406.19,4406.19,4406.19,13,ACTIVE_13s,1.0,0.0,0.0,0.0,0.0,0.0,0.0,PASS_<20%,0.00,0.0,NO,STANDBY_VEL_LOW,1,1321.86,3268.14,132.45,FALSE,M1_DIRECTION_MISMATCH|OPENING_SHIELD_ACTIVE_13s
2026-09-07 19:18:14.174,1788808694.174,5521,6,140,4406.19,4406.27,8.0,PASS_<=10c,+0.0,FLAT,+0.0,+69.0,2.5,+0.00,0.00,SLOW,4405.50,4406.54,4403.14,4406.23,0.00,0.00,0.0,BEARISH,340.0,4406.19,4406.19,4406.19,4406.19,14,ACTIVE_14s,1.0,0.0,0.0,0.0,0.0,0.0,0.0,PASS_<20%,0.00,0.0,NO,STANDBY_VEL_LOW,1,1321.86,3268.14,132.45,FALSE,M1_DIRECTION_MISMATCH|OPENING_SHIELD_ACTIVE_14s
2026-09-07 19:18:14.676,1788808694.676,5522,7,141,4406.19,4406.27,8.0,PASS_<=10c,+0.0,FLAT,+0.0,+69.0,2.7,+0.00,0.00,SLOW,4405.50,4406.54,4403.14,4406.23,0.00,0.00,0.0,BEARISH,340.0,4406.19,4406.19,4406.19,4406.19,14,ACTIVE_14s,1.0,0.0,0.0,0.0,0.0,0.0,0.0,PASS_<20%,0.00,0.0,NO,STANDBY_VEL_LOW,1,1321.86,3268.14,132.45,FALSE,M1_DIRECTION_MISMATCH|OPENING_SHIELD_ACTIVE_14s
2026-09-07 19:18:15.178,1788808695.178,5523,8,142,4406.19,4406.27,8.0,PASS_<=10c,+0.0,FLAT,+0.0,+69.0,2.8,+0.00,0.00,SLOW,4405.50,4406.54,4403.14,4406.23,0.00,0.00,0.0,BEARISH,340.0,4406.19,4406.19,4406.19,4406.19,15,ACTIVE_15s,1.0,0.0,0.0,0.0,0.0,0.0,0.0,PASS_<20%,0.00,0.0,NO,STANDBY_VEL_LOW,1,1321.86,3268.14,132.45,FALSE,M1_DIRECTION_MISMATCH|OPENING_SHIELD_ACTIVE_15s
2026-09-07 19:18:15.680,1788808695.680,5524,9,143,4406.19,4406.27,8.0,PASS_<=10c,+0.0,FLAT,+0.0,+69.0,4.5,+0.00,0.00,SLOW,4405.50,4406.54,4403.14,4406.23,0.00,0.00,0.0,BEARISH,340.0,4406.19,4406.19,4406.19,4406.19,15,ACTIVE_15s,1.0,0.0,0.0,0.0,0.0,0.0,0.0,PASS_<20%,0.00,0.0,NO,STANDBY_VEL_LOW,1,1321.86,3268.14,132.45,FALSE,M1_DIRECTION_MISMATCH|OPENING_SHIELD_ACTIVE_15s
2026-09-07 19:18:16.181,1788808696.182,5525,10,144,4406.19,4406.27,8.0,PASS_<=10c,+0.0,FLAT,+0.0,+69.0,4.4,+0.00,0.00,SLOW,4405.50,4406.54,4403.14,4406.23,0.00,0.00,0.0,BEARISH,340.0,4406.19,4406.19,4406.19,4406.19,16,ACTIVE_16s,1.0,0.0,0.0,0.0,0.0,0.0,0.0,PASS_<20%,0.00,0.0,NO,STANDBY_VEL_LOW,1,1321.86,3268.14,132.45,FALSE,M1_DIRECTION_MISMATCH|OPENING_SHIELD_ACTIVE_16s
2026-09-07 19:18:16.683,1788808696.683,5526,11,145,4406.19,4406.27,8.0,PASS_<=10c,+0.0,FLAT,+0.0,+69.0,4.3,+0.00,0.00,SLOW,4405.50,4406.54,4403.14,4406.23,0.00,0.00,0.0,BEARISH,340.0,4406.19,4406.19,4406.19,4406.19,16,ACTIVE_16s,1.0,0.0,0.0,0.0,0.0,0.0,0.0,PASS_<20%,0.00,0.0,NO,STANDBY_VEL_LOW,1,1321.86,3268.14,132.45,FALSE,M1_DIRECTION_MISMATCH|OPENING_SHIELD_ACTIVE_16s
2026-09-07 19:18:17.185,1788808697.185,5527,12,146,4406.19,4406.27,8.0,PASS_<=10c,+0.0,FLAT,+0.0,+69.0,4.3,+0.00,0.00,SLOW,4405.50,4406.54,4403.14,4406.23,0.00,0.00,0.0,BEARISH,340.0,4406.19,4406.19,4406.19,4406.19,17,ACTIVE_17s,1.0,0.0,0.0,0.0,0.0,0.0,0.0,PASS_<20%,0.00,0.0,NO,STANDBY_VEL_LOW,1,1321.86,3268.14,132.45,FALSE,M1_DIRECTION_MISMATCH|OPENING_SHIELD_ACTIVE_17s
2026-09-07 19:18:17.687,1788808697.687,5528,13,147,4406.19,4406.27,8.0,PASS_<=10c,+0.0,FLAT,+0.0,+69.0,4.2,+0.00,0.00,SLOW,4405.50,4406.54,4403.14,4406.23,0.00,0.00,0.0,BEARISH,340.0,4406.19,4406.19,4406.19,4406.19,17,ACTIVE_17s,1.0,0.0,0.0,0.0,0.0,0.0,0.0,PASS_<20%,0.00,0.0,NO,STANDBY_VEL_LOW,1,1321.86,3268.14,132.45,FALSE,M1_DIRECTION_MISMATCH|OPENING_SHIELD_ACTIVE_17s
2026-09-07 19:18:18.189,1788808698.189,5529,14,148,4406.19,4406.27,8.0,PASS_<=10c,+0.0,FLAT,+0.0,+69.0,4.2,+0.00,0.00,SLOW,4405.50,4406.54,4403.14,4406.23,0.00,0.00,0.0,BEARISH,340.0,4406.19,4406.19,4406.19,4406.19,18,ACTIVE_18s,1.0,0.0,0.0,0.0,0.0,0.0,0.0,PASS_<20%,0.00,0.0,NO,STANDBY_VEL_LOW,1,1321.86,3268.14,132.45,FALSE,M1_DIRECTION_MISMATCH|OPENING_SHIELD_ACTIVE_18s
2026-09-07 19:18:18.691,1788808698.691,5530,15,149,4406.19,4406.27,8.0,PASS_<=10c,+0.0,FLAT,+0.0,+69.0,4.2,+0.00,0.00,SLOW,4405.50,4406.54,4403.14,4406.23,0.00,0.00,0.0,BEARISH,340.0,4406.19,4406.19,4406.19,4406.19,18,ACTIVE_18s,1.0,0.0,0.0,0.0,0.0,0.0,0.0,PASS_<20%,0.00,0.0,NO,STANDBY_VEL_LOW,1,1321.86,3268.14,132.45,FALSE,M1_DIRECTION_MISMATCH|OPENING_SHIELD_ACTIVE_18s
2026-09-07 19:18:19.192,1788808699.193,5531,16,150,4406.19,4406.27,8.0,PASS_<=10c,+0.0,FLAT,+0.0,+69.0,4.2,+0.00,0.00,SLOW,4405.50,4406.54,4403.14,4406.23,0.00,0.00,0.0,BEARISH,340.0,4406.19,4406.19,4406.19,4406.19,19,ACTIVE_19s,1.0,0.0,0.0,0.0,0.0,0.0,0.0,PASS_<20%,0.00,0.0,NO,STANDBY_VEL_LOW,1,1321.86,3268.14,132.45,FALSE,M1_DIRECTION_MISMATCH|OPENING_SHIELD_ACTIVE_19s
2026-09-07 19:18:19.694,1788808699.694,5532,17,151,4406.19,4406.27,8.0,PASS_<=10c,+0.0,FLAT,+0.0,+69.0,4.2,+0.00,0.00,SLOW,4405.50,4406.54,4403.14,4406.23,0.00,0.00,0.0,BEARISH,340.0,4406.19,4406.19,4406.19,4406.19,19,ACTIVE_19s,1.0,0.0,0.0,0.0,0.0,0.0,0.0,PASS_<20%,0.00,0.0,NO,STANDBY_VEL_LOW,1,1321.86,3268.14,132.45,FALSE,M1_DIRECTION_MISMATCH|OPENING_SHIELD_ACTIVE_19s
2026-09-07 19:18:20.195,1788808700.195,5533,18,152,4406.19,4406.27,8.0,PASS_<=10c,+0.0,FLAT,+0.0,+69.0,4.2,+0.00,0.00,SLOW,4405.50,4406.54,4403.14,4406.23,0.00,0.00,0.0,BEARISH,340.0,4406.19,4406.19,4406.19,4406.19,20,CLEARED_>=20s,1.0,0.0,0.0,0.0,0.0,0.0,0.0,PASS_<20%,0.00,0.0,NO,STANDBY_VEL_LOW,1,1321.86,3268.14,132.45,FALSE,M1_DIRECTION_MISMATCH
2026-09-07 19:18:30.573,1788808710.574,5534,19,153,4406.19,4406.27,8.0,PASS_<=10c,+0.0,FLAT,+0.0,+69.0,1.3,+0.00,0.00,SLOW,4405.50,4406.54,4403.14,4406.23,0.00,0.00,0.0,BEARISH,340.0,4406.19,4406.19,4406.19,4406.19,30,CLEARED_>=20s,1.0,0.0,0.0,0.0,0.0,0.0,0.0,PASS_<20%,0.00,0.0,NO,STANDBY_VEL_LOW,1,1321.86,3268.14,132.45,FALSE,M1_DIRECTION_MISMATCH
2026-09-07 19:18:39.205,1788808719.205,5535,20,154,4406.19,4406.27,8.0,PASS_<=10c,+0.0,FLAT,+0.0,+69.0,1.3,+0.00,0.00,SLOW,4405.50,4406.54,4403.14,4406.23,0.00,0.00,0.0,BEARISH,340.0,4406.19,4406.19,4406.19,4406.19,39,CLEARED_>=20s,1.0,0.0,0.0,0.0,0.0,0.0,0.0,PASS_<20%,0.00,0.0,NO,STANDBY_VEL_LOW,1,1321.86,3268.14,132.45,FALSE,M1_DIRECTION_MISMATCH
2026-09-07 19:18:39.560,1788808719.560,5536,21,155,4406.19,4406.27,8.0,PASS_<=10c,+0.0,FLAT,+0.0,+69.0,1.3,+0.00,0.00,SLOW,4405.50,4406.54,4403.14,4406.23,0.00,0.00,0.0,BEARISH,340.0,4406.19,4406.19,4406.19,4406.19,39,CLEARED_>=20s,1.0,0.0,0.0,0.0,0.0,0.0,0.0,PASS_<20%,0.00,0.0,NO,STANDBY_VEL_LOW,1,1321.86,3268.14,132.45,FALSE,M1_DIRECTION_MISMATCH
2026-09-07 19:18:40.062,1788808720.062,5537,22,156,4406.19,4406.27,8.0,PASS_<=10c,+0.0,FLAT,+0.0,+69.0,1.4,+0.00,0.00,SLOW,4405.50,4406.54,4403.14,4406.23,0.00,0.00,0.0,BEARISH,340.0,4406.19,4406.19,4406.19,4406.19,40,CLEARED_>=20s,1.0,0.0,0.0,0.0,0.0,0.0,0.0,PASS_<20%,0.00,0.0,NO,STANDBY_VEL_LOW,1,1321.86,3268.14,132.45,FALSE,M1_DIRECTION_MISMATCH
2026-09-07 19:18:40.565,1788808720.565,5538,23,157,4406.19,4406.27,8.0,PASS_<=10c,+0.0,FLAT,+0.0,+69.0,1.6,+0.00,0.00,SLOW,4405.50,4406.54,4403.14,4406.23,0.00,0.00,0.0,BEARISH,340.0,4406.19,4406.19,4406.19,4406.19,40,CLEARED_>=20s,1.0,0.0,0.0,0.0,0.0,0.0,0.0,PASS_<20%,0.00,0.0,NO,STANDBY_VEL_LOW,1,1321.86,3268.14,132.45,FALSE,M1_DIRECTION_MISMATCH
2026-09-07 19:18:41.065,1788808721.066,5539,24,158,4406.19,4406.27,8.0,PASS_<=10c,+0.0,FLAT,+0.0,+69.0,4.8,+0.00,0.00,SLOW,4405.50,4406.54,4403.14,4406.23,0.00,0.00,0.0,BEARISH,340.0,4406.19,4406.19,4406.19,4406.19,41,CLEARED_>=20s,1.0,0.0,0.0,0.0,0.0,0.0,0.0,PASS_<20%,0.00,0.0,NO,STANDBY_VEL_LOW,1,1321.86,3268.14,132.45,FALSE,M1_DIRECTION_MISMATCH
2026-09-07 19:18:41.567,1788808721.567,5540,25,159,4406.19,4406.27,8.0,PASS_<=10c,+0.0,FLAT,+0.0,+69.0,4.7,+0.00,0.00,SLOW,4405.50,4406.54,4403.14,4406.23,0.00,0.00,0.0,BEARISH,340.0,4406.19,4406.19,4406.19,4406.19,41,CLEARED_>=20s,1.0,0.0,0.0,0.0,0.0,0.0,0.0,PASS_<20%,0.00,0.0,NO,STANDBY_VEL_LOW,1,1321.86,3268.14,132.45,FALSE,M1_DIRECTION_MISMATCH
2026-09-07 19:18:42.069,1788808722.069,5541,26,160,4406.19,4406.27,8.0,PASS_<=10c,+0.0,FLAT,+0.0,+69.0,4.5,+0.00,0.00,SLOW,4405.50,4406.54,4403.14,4406.23,0.00,0.00,0.0,BEARISH,340.0,4406.19,4406.19,4406.19,4406.19,42,CLEARED_>=20s,1.0,0.0,0.0,0.0,0.0,0.0,0.0,PASS_<20%,0.00,0.0,NO,STANDBY_VEL_LOW,1,1321.86,3268.14,132.45,FALSE,M1_DIRECTION_MISMATCH
2026-09-07 19:18:42.570,1788808722.571,5542,27,161,4406.19,4406.27,8.0,PASS_<=10c,+0.0,FLAT,+0.0,+69.0,4.5,+0.00,0.00,SLOW,4405.50,4406.54,4403.14,4406.23,0.00,0.00,0.0,BEARISH,340.0,4406.19,4406.19,4406.19,4406.19,42,CLEARED_>=20s,1.0,0.0,0.0,0.0,0.0,0.0,0.0,PASS_<20%,0.00,0.0,NO,STANDBY_VEL_LOW,1,1321.86,3268.14,132.45,FALSE,M1_DIRECTION_MISMATCH
2026-09-07 19:18:43.072,1788808723.073,5543,28,162,4406.19,4406.27,8.0,PASS_<=10c,+0.0,FLAT,+0.0,+69.0,4.4,+0.00,0.00,SLOW,4405.50,4406.54,4403.14,4406.23,0.00,0.00,0.0,BEARISH,340.0,4406.19,4406.19,4406.19,4406.19,43,CLEARED_>=20s,1.0,0.0,0.0,0.0,0.0,0.0,0.0,PASS_<20%,0.00,0.0,NO,STANDBY_VEL_LOW,1,1321.86,3268.14,132.45,FALSE,M1_DIRECTION_MISMATCH
2026-09-07 19:18:43.574,1788808723.575,5544,29,163,4406.19,4406.27,8.0,PASS_<=10c,+0.0,FLAT,+0.0,+69.0,4.3,+0.00,0.00,SLOW,4405.50,4406.54,4403.14,4406.23,0.00,0.00,0.0,BEARISH,340.0,4406.19,4406.19,4406.19,4406.19,43,CLEARED_>=20s,1.0,0.0,0.0,0.0,0.0,0.0,0.0,PASS_<20%,0.00,0.0,NO,STANDBY_VEL_LOW,1,1321.86,3268.14,132.45,FALSE,M1_DIRECTION_MISMATCH
2026-09-07 19:18:44.076,1788808724.077,5545,30,164,4406.19,4406.27,8.0,PASS_<=10c,+0.0,FLAT,+0.0,+69.0,4.3,+0.00,0.00,SLOW,4405.50,4406.54,4403.14,4406.23,0.00,0.00,0.0,BEARISH,340.0,4406.19,4406.19,4406.19,4406.19,44,CLEARED_>=20s,1.0,0.0,0.0,0.0,0.0,0.0,0.0,PASS_<20%,0.00,0.0,NO,STANDBY_VEL_LOW,1,1321.86,3268.14,132.45,FALSE,M1_DIRECTION_MISMATCH
2026-09-07 19:18:44.577,1788808724.578,5546,31,165,4406.19,4406.27,8.0,PASS_<=10c,+0.0,FLAT,+0.0,+69.0,4.2,+0.00,0.00,SLOW,4405.50,4406.54,4403.14,4406.23,0.00,0.00,0.0,BEARISH,340.0,4406.19,4406.19,4406.19,4406.19,44,CLEARED_>=20s,1.0,0.0,0.0,0.0,0.0,0.0,0.0,PASS_<20%,0.00,0.0,NO,STANDBY_VEL_LOW,1,1321.86,3268.14,132.45,FALSE,M1_DIRECTION_MISMATCH
2026-09-07 19:18:45.078,1788808725.078,5547,32,166,4406.19,4406.27,8.0,PASS_<=10c,+0.0,FLAT,+0.0,+69.0,4.2,+0.00,0.00,SLOW,4405.50,4406.54,4403.14,4406.23,0.00,0.00,0.0,BEARISH,340.0,4406.19,4406.19,4406.19,4406.19,45,CLEARED_>=20s,1.0,0.0,0.0,0.0,0.0,0.0,0.0,PASS_<20%,0.00,0.0,NO,STANDBY_VEL_LOW,1,1321.86,3268.14,132.45,FALSE,M1_DIRECTION_MISMATCH
2026-09-07 19:18:45.580,1788808725.580,5548,33,167,4406.19,4406.27,8.0,PASS_<=10c,+0.0,FLAT,+0.0,+69.0,4.2,+0.00,0.00,SLOW,4405.50,4406.54,4403.14,4406.23,0.00,0.00,0.0,BEARISH,340.0,4406.19,4406.19,4406.19,4406.19,45,CLEARED_>=20s,1.0,0.0,0.0,0.0,0.0,0.0,0.0,PASS_<20%,0.00,0.0,NO,STANDBY_VEL_LOW,1,1321.86,3268.14,132.45,FALSE,M1_DIRECTION_MISMATCH
2026-09-07 19:18:46.081,1788808726.082,5549,34,168,4406.19,4406.27,8.0,PASS_<=10c,+0.0,FLAT,+0.0,+69.0,4.2,+0.00,0.00,SLOW,4405.50,4406.54,4403.14,4406.23,0.00,0.00,0.0,BEARISH,340.0,4406.19,4406.19,4406.19,4406.19,46,CLEARED_>=20s,1.0,0.0,0.0,0.0,0.0,0.0,0.0,PASS_<20%,0.00,0.0,NO,STANDBY_VEL_LOW,1,1321.86,3268.14,132.45,FALSE,M1_DIRECTION_MISMATCH
2026-09-07 19:18:46.586,1788808726.587,5550,35,169,4406.19,4406.27,8.0,PASS_<=10c,+0.0,FLAT,+0.0,+69.0,4.2,+0.00,0.00,SLOW,4405.50,4406.54,4403.14,4406.23,0.00,0.00,0.0,BEARISH,340.0,4406.19,4406.19,4406.19,4406.19,46,CLEARED_>=20s,1.0,0.0,0.0,0.0,0.0,0.0,0.0,PASS_<20%,0.00,0.0,NO,STANDBY_VEL_LOW,1,1321.86,3268.14,132.45,FALSE,M1_DIRECTION_MISMATCH
2026-09-07 19:18:47.085,1788808727.086,5551,36,170,4406.19,4406.27,8.0,PASS_<=10c,+0.0,FLAT,+0.0,+69.0,4.2,+0.00,0.00,SLOW,4405.50,4406.54,4403.14,4406.23,0.00,0.00,0.0,BEARISH,340.0,4406.19,4406.19,4406.19,4406.19,47,CLEARED_>=20s,1.0,0.0,0.0,0.0,0.0,0.0,0.0,PASS_<20%,0.00,0.0,NO,STANDBY_VEL_LOW,1,1321.86,3268.14,132.45,FALSE,M1_DIRECTION_MISMATCH
2026-09-07 19:18:57.465,1788808737.465,5552,37,171,4406.19,4406.27,8.0,PASS_<=10c,+0.0,FLAT,+0.0,+69.0,1.3,+0.00,0.00,SLOW,4405.50,4406.54,4403.14,4406.23,0.00,0.00,0.0,BEARISH,340.0,4406.19,4406.19,4406.19,4406.19,57,CLEARED_>=20s,1.0,0.0,0.0,0.0,0.0,0.0,0.0,PASS_<20%,0.00,0.0,NO,STANDBY_VEL_LOW,1,1321.86,3268.14,132.45,FALSE,M1_DIRECTION_MISMATCH
2026-09-07 19:19:05.710,1788808745.711,5553,1,172,4406.19,4406.27,8.0,PASS_<=10c,+0.0,FLAT,+0.0,+69.0,1.3,+0.00,0.00,SLOW,4405.50,4406.54,4403.14,4406.23,0.00,0.00,0.0,BEARISH,340.0,4406.19,4406.19,4406.19,4406.19,5,ACTIVE_5s,1.0,0.0,0.0,0.0,0.0,0.0,0.0,PASS_<20%,0.00,0.0,NO,STANDBY_VEL_LOW,1,1321.86,3268.14,132.45,FALSE,M1_DIRECTION_MISMATCH|OPENING_SHIELD_ACTIVE_5s
2026-09-07 19:19:06.066,1788808746.066,5554,2,173,4406.19,4406.27,8.0,PASS_<=10c,+0.0,FLAT,+0.0,+69.0,1.4,+0.00,0.00,SLOW,4405.50,4406.54,4403.14,4406.23,0.00,0.00,0.0,BEARISH,340.0,4406.19,4406.19,4406.19,4406.19,6,ACTIVE_6s,1.0,0.0,0.0,0.0,0.0,0.0,0.0,PASS_<20%,0.00,0.0,NO,STANDBY_VEL_LOW,1,1321.86,3268.14,132.45,FALSE,M1_DIRECTION_MISMATCH|OPENING_SHIELD_ACTIVE_6s
2026-09-07 19:19:06.568,1788808746.568,5555,3,174,4406.19,4406.27,8.0,PASS_<=10c,+0.0,FLAT,+0.0,+69.0,1.5,+0.00,0.00,SLOW,4405.50,4406.54,4403.14,4406.23,0.00,0.00,0.0,BEARISH,340.0,4406.19,4406.19,4406.19,4406.19,6,ACTIVE_6s,1.0,0.0,0.0,0.0,0.0,0.0,0.0,PASS_<20%,0.00,0.0,NO,STANDBY_VEL_LOW,1,1321.86,3268.14,132.45,FALSE,M1_DIRECTION_MISMATCH|OPENING_SHIELD_ACTIVE_6s
2026-09-07 19:19:07.069,1788808747.070,5556,4,175,4406.19,4406.27,8.0,PASS_<=10c,+0.0,FLAT,+0.0,+69.0,1.8,+0.00,0.00,SLOW,4405.50,4406.54,4403.14,4406.23,0.00,0.00,0.0,BEARISH,340.0,4406.19,4406.19,4406.19,4406.19,7,ACTIVE_7s,1.0,0.0,0.0,0.0,0.0,0.0,0.0,PASS_<20%,0.00,0.0,NO,STANDBY_VEL_LOW,1,1321.86,3268.14,132.45,FALSE,M1_DIRECTION_MISMATCH|OPENING_SHIELD_ACTIVE_7s
2026-09-07 19:19:07.571,1788808747.572,5557,5,176,4406.19,4406.27,8.0,PASS_<=10c,+0.0,FLAT,+0.0,+69.0,2.0,+0.00,0.00,SLOW,4405.50,4406.54,4403.14,4406.23,0.00,0.00,0.0,BEARISH,340.0,4406.19,4406.19,4406.19,4406.19,7,ACTIVE_7s,1.0,0.0,0.0,0.0,0.0,0.0,0.0,PASS_<20%,0.00,0.0,NO,STANDBY_VEL_LOW,1,1321.86,3268.14,132.45,FALSE,M1_DIRECTION_MISMATCH|OPENING_SHIELD_ACTIVE_7s
2026-09-07 19:19:08.073,1788808748.073,5558,6,177,4406.19,4406.27,8.0,PASS_<=10c,+0.0,FLAT,+0.0,+69.0,4.7,+0.00,0.00,SLOW,4405.50,4406.54,4403.14,4406.23,0.00,0.00,0.0,BEARISH,340.0,4406.19,4406.19,4406.19,4406.19,8,ACTIVE_8s,1.0,0.0,0.0,0.0,0.0,0.0,0.0,PASS_<20%,0.00,0.0,NO,STANDBY_VEL_LOW,1,1321.86,3268.14,132.45,FALSE,M1_DIRECTION_MISMATCH|OPENING_SHIELD_ACTIVE_8s
2026-09-07 19:19:08.575,1788808748.575,5559,7,178,4406.19,4406.27,8.0,PASS_<=10c,+0.0,FLAT,+0.0,+69.0,4.5,+0.00,0.00,SLOW,4405.50,4406.54,4403.14,4406.23,0.00,0.00,0.0,BEARISH,340.0,4406.19,4406.19,4406.19,4406.19,8,ACTIVE_8s,1.0,0.0,0.0,0.0,0.0,0.0,0.0,PASS_<20%,0.00,0.0,NO,STANDBY_VEL_LOW,1,1321.86,3268.14,132.45,FALSE,M1_DIRECTION_MISMATCH|OPENING_SHIELD_ACTIVE_8s
2026-09-07 19:19:09.077,1788808749.078,5560,8,179,4406.19,4406.27,8.0,PASS_<=10c,+0.0,FLAT,+0.0,+69.0,4.5,+0.00,0.00,SLOW,4405.50,4406.54,4403.14,4406.23,0.00,0.00,0.0,BEARISH,340.0,4406.19,4406.19,4406.19,4406.19,9,ACTIVE_9s,1.0,0.0,0.0,0.0,0.0,0.0,0.0,PASS_<20%,0.00,0.0,NO,STANDBY_VEL_LOW,1,1321.86,3268.14,132.45,FALSE,M1_DIRECTION_MISMATCH|OPENING_SHIELD_ACTIVE_9s
2026-09-07 19:19:09.579,1788808749.579,5561,9,180,4406.19,4406.27,8.0,PASS_<=10c,+0.0,FLAT,+0.0,+69.0,4.4,+0.00,0.00,SLOW,4405.50,4406.54,4403.14,4406.23,0.00,0.00,0.0,BEARISH,340.0,4406.19,4406.19,4406.19,4406.19,9,ACTIVE_9s,1.0,0.0,0.0,0.0,0.0,0.0,0.0,PASS_<20%,0.00,0.0,NO,STANDBY_VEL_LOW,1,1321.86,3268.14,132.45,FALSE,M1_DIRECTION_MISMATCH|OPENING_SHIELD_ACTIVE_9s
2026-09-07 19:19:10.080,1788808750.081,5562,10,181,4406.19,4406.27,8.0,PASS_<=10c,+0.0,FLAT,+0.0,+69.0,4.3,+0.00,0.00,SLOW,4405.50,4406.54,4403.14,4406.23,0.00,0.00,0.0,BEARISH,340.0,4406.19,4406.19,4406.19,4406.19,10,ACTIVE_10s,1.0,0.0,0.0,0.0,0.0,0.0,0.0,PASS_<20%,0.00,0.0,NO,STANDBY_VEL_LOW,1,1321.86,3268.14,132.45,FALSE,M1_DIRECTION_MISMATCH|OPENING_SHIELD_ACTIVE_10s
2026-09-07 19:19:10.583,1788808750.583,5563,11,182,4406.19,4406.27,8.0,PASS_<=10c,+0.0,FLAT,+0.0,+69.0,4.3,+0.00,0.00,SLOW,4405.50,4406.54,4403.14,4406.23,0.00,0.00,0.0,BEARISH,340.0,4406.19,4406.19,4406.19,4406.19,10,ACTIVE_10s,1.0,0.0,0.0,0.0,0.0,0.0,0.0,PASS_<20%,0.00,0.0,NO,STANDBY_VEL_LOW,1,1321.86,3268.14,132.45,FALSE,M1_DIRECTION_MISMATCH|OPENING_SHIELD_ACTIVE_10s
2026-09-07 19:19:11.084,1788808751.084,5564,12,183,4406.19,4406.27,8.0,PASS_<=10c,+0.0,FLAT,+0.0,+69.0,4.2,+0.00,0.00,SLOW,4405.50,4406.54,4403.14,4406.23,0.00,0.00,0.0,BEARISH,340.0,4406.19,4406.19,4406.19,4406.19,11,ACTIVE_11s,1.0,0.0,0.0,0.0,0.0,0.0,0.0,PASS_<20%,0.00,0.0,NO,STANDBY_VEL_LOW,1,1321.86,3268.14,132.45,FALSE,M1_DIRECTION_MISMATCH|OPENING_SHIELD_ACTIVE_11s
2026-09-07 19:19:11.586,1788808751.586,5565,13,184,4406.19,4406.27,8.0,PASS_<=10c,+0.0,FLAT,+0.0,+69.0,4.2,+0.00,0.00,SLOW,4405.50,4406.54,4403.14,4406.23,0.00,0.00,0.0,BEARISH,340.0,4406.19,4406.19,4406.19,4406.19,11,ACTIVE_11s,1.0,0.0,0.0,0.0,0.0,0.0,0.0,PASS_<20%,0.00,0.0,NO,STANDBY_VEL_LOW,1,1321.86,3268.14,132.45,FALSE,M1_DIRECTION_MISMATCH|OPENING_SHIELD_ACTIVE_11s
2026-09-07 19:19:12.087,1788808752.088,5566,14,185,4406.19,4406.27,8.0,PASS_<=10c,+0.0,FLAT,+0.0,+69.0,4.2,+0.00,0.00,SLOW,4405.50,4406.54,4403.14,4406.23,0.00,0.00,0.0,BEARISH,340.0,4406.19,4406.19,4406.19,4406.19,12,ACTIVE_12s,1.0,0.0,0.0,0.0,0.0,0.0,0.0,PASS_<20%,0.00,0.0,NO,STANDBY_VEL_LOW,1,1321.86,3268.14,132.45,FALSE,M1_DIRECTION_MISMATCH|OPENING_SHIELD_ACTIVE_12s
2026-09-07 19:19:12.588,1788808752.589,5567,15,186,4406.19,4406.27,8.0,PASS_<=10c,+0.0,FLAT,+0.0,+69.0,4.2,+0.00,0.00,SLOW,4405.50,4406.54,4403.14,4406.23,0.00,0.00,0.0,BEARISH,340.0,4406.19,4406.19,4406.19,4406.19,12,ACTIVE_12s,1.0,0.0,0.0,0.0,0.0,0.0,0.0,PASS_<20%,0.00,0.0,NO,STANDBY_VEL_LOW,1,1321.86,3268.14,132.45,FALSE,M1_DIRECTION_MISMATCH|OPENING_SHIELD_ACTIVE_12s
2026-09-07 19:19:13.089,1788808753.090,5568,16,187,4406.19,4406.27,8.0,PASS_<=10c,+0.0,FLAT,+0.0,+69.0,4.2,+0.00,0.00,SLOW,4405.50,4406.54,4403.14,4406.23,0.00,0.00,0.0,BEARISH,340.0,4406.19,4406.19,4406.19,4406.19,13,ACTIVE_13s,1.0,0.0,0.0,0.0,0.0,0.0,0.0,PASS_<20%,0.00,0.0,NO,STANDBY_VEL_LOW,1,1321.86,3268.14,132.45,FALSE,M1_DIRECTION_MISMATCH|OPENING_SHIELD_ACTIVE_13s
2026-09-07 19:19:13.591,1788808753.591,5569,17,188,4406.19,4406.27,8.0,PASS_<=10c,+0.0,FLAT,+0.0,+69.0,4.2,+0.00,0.00,SLOW,4405.50,4406.54,4403.14,4406.23,0.00,0.00,0.0,BEARISH,340.0,4406.19,4406.19,4406.19,4406.19,13,ACTIVE_13s,1.0,0.0,0.0,0.0,0.0,0.0,0.0,PASS_<20%,0.00,0.0,NO,STANDBY_VEL_LOW,1,1321.86,3268.14,132.45,FALSE,M1_DIRECTION_MISMATCH|OPENING_SHIELD_ACTIVE_13s
2026-09-07 19:19:23.968,1788808763.968,5570,18,189,4406.19,4406.27,8.0,PASS_<=10c,+0.0,FLAT,+0.0,+69.0,1.3,+0.00,0.00,SLOW,4405.50,4406.54,4403.14,4406.23,0.00,0.00,0.0,BEARISH,340.0,4406.19,4406.19,4406.19,4406.19,23,CLEARED_>=20s,1.0,0.0,0.0,0.0,0.0,0.0,0.0,PASS_<20%,0.00,0.0,NO,STANDBY_VEL_LOW,1,1321.86,3268.14,132.45,FALSE,M1_DIRECTION_MISMATCH
2026-09-07 19:19:30.193,1788808770.193,5571,19,190,4406.19,4406.27,8.0,PASS_<=10c,+0.0,FLAT,+0.0,+69.0,1.8,+0.00,0.00,SLOW,4405.50,4406.54,4403.14,4406.23,0.00,0.00,0.0,BEARISH,340.0,4406.19,4406.19,4406.19,4406.19,30,CLEARED_>=20s,1.0,0.0,0.0,0.0,0.0,0.0,0.0,PASS_<20%,0.00,0.0,NO,STANDBY_VEL_LOW,1,1321.86,3268.14,132.45,FALSE,M1_DIRECTION_MISMATCH
2026-09-07 19:19:30.549,1788808770.549,5572,20,191,4406.19,4406.27,8.0,PASS_<=10c,+0.0,FLAT,+0.0,+69.0,2.7,+0.00,0.00,SLOW,4405.50,4406.54,4403.14,4406.23,0.00,0.00,0.0,BEARISH,340.0,4406.19,4406.19,4406.19,4406.19,30,CLEARED_>=20s,1.0,0.0,0.0,0.0,0.0,0.0,0.0,PASS_<20%,0.00,0.0,NO,STANDBY_VEL_LOW,1,1321.86,3268.14,132.45,FALSE,M1_DIRECTION_MISMATCH
2026-09-07 19:19:31.049,1788808771.050,5573,21,192,4406.19,4406.27,8.0,PASS_<=10c,+0.0,FLAT,+0.0,+69.0,3.1,+0.00,0.00,SLOW,4405.50,4406.54,4403.14,4406.23,0.00,0.00,0.0,BEARISH,340.0,4406.19,4406.19,4406.19,4406.19,31,CLEARED_>=20s,1.0,0.0,0.0,0.0,0.0,0.0,0.0,PASS_<20%,0.00,0.0,NO,STANDBY_VEL_LOW,1,1321.86,3268.14,132.45,FALSE,M1_DIRECTION_MISMATCH
2026-09-07 19:19:31.551,1788808771.552,5574,22,193,4406.19,4406.27,8.0,PASS_<=10c,+0.0,FLAT,+0.0,+69.0,3.2,+0.00,0.00,SLOW,4405.50,4406.54,4403.14,4406.23,0.00,0.00,0.0,BEARISH,340.0,4406.19,4406.19,4406.19,4406.19,31,CLEARED_>=20s,1.0,0.0,0.0,0.0,0.0,0.0,0.0,PASS_<20%,0.00,0.0,NO,STANDBY_VEL_LOW,1,1321.86,3268.14,132.45,FALSE,M1_DIRECTION_MISMATCH
2026-09-07 19:19:32.053,1788808772.054,5575,23,194,4406.19,4406.27,8.0,PASS_<=10c,+0.0,FLAT,+0.0,+69.0,3.4,+0.00,0.00,SLOW,4405.50,4406.54,4403.14,4406.23,0.00,0.00,0.0,BEARISH,340.0,4406.19,4406.19,4406.19,4406.19,32,CLEARED_>=20s,1.0,0.0,0.0,0.0,0.0,0.0,0.0,PASS_<20%,0.00,0.0,NO,STANDBY_VEL_LOW,1,1321.86,3268.14,132.45,FALSE,M1_DIRECTION_MISMATCH
2026-09-07 19:19:32.556,1788808772.556,5576,24,195,4406.19,4406.27,8.0,PASS_<=10c,+0.0,FLAT,+0.0,+69.0,3.5,+0.00,0.00,SLOW,4405.50,4406.54,4403.14,4406.23,0.00,0.00,0.0,BEARISH,340.0,4406.19,4406.19,4406.19,4406.19,32,CLEARED_>=20s,1.0,0.0,0.0,0.0,0.0,0.0,0.0,PASS_<20%,0.00,0.0,NO,STANDBY_VEL_LOW,1,1321.86,3268.14,132.45,FALSE,M1_DIRECTION_MISMATCH
2026-09-07 19:19:33.057,1788808773.058,5577,25,196,4406.19,4406.27,8.0,PASS_<=10c,+0.0,FLAT,+0.0,+69.0,3.5,+0.00,0.00,SLOW,4405.50,4406.54,4403.14,4406.23,0.00,0.00,0.0,BEARISH,340.0,4406.19,4406.19,4406.19,4406.19,33,CLEARED_>=20s,1.0,0.0,0.0,0.0,0.0,0.0,0.0,PASS_<20%,0.00,0.0,NO,STANDBY_VEL_LOW,1,1321.86,3268.14,132.45,FALSE,M1_DIRECTION_MISMATCH
2026-09-07 19:19:33.559,1788808773.560,5578,26,197,4406.19,4406.27,8.0,PASS_<=10c,+0.0,FLAT,+0.0,+69.0,3.6,+0.00,0.00,SLOW,4405.50,4406.54,4403.14,4406.23,0.00,0.00,0.0,BEARISH,340.0,4406.19,4406.19,4406.19,4406.19,33,CLEARED_>=20s,1.0,0.0,0.0,0.0,0.0,0.0,0.0,PASS_<20%,0.00,0.0,NO,STANDBY_VEL_LOW,1,1321.86,3268.14,132.45,FALSE,M1_DIRECTION_MISMATCH
2026-09-07 19:19:34.061,1788808774.062,5579,27,198,4406.19,4406.27,8.0,PASS_<=10c,+0.0,FLAT,+0.0,+69.0,3.6,+0.00,0.00,SLOW,4405.50,4406.54,4403.14,4406.23,0.00,0.00,0.0,BEARISH,340.0,4406.19,4406.19,4406.19,4406.19,34,CLEARED_>=20s,1.0,0.0,0.0,0.0,0.0,0.0,0.0,PASS_<20%,0.00,0.0,NO,STANDBY_VEL_LOW,1,1321.86,3268.14,132.45,FALSE,M1_DIRECTION_MISMATCH
2026-09-07 19:19:34.563,1788808774.564,5580,28,199,4406.19,4406.27,8.0,PASS_<=10c,+0.0,FLAT,+0.0,+69.0,4.3,+0.00,0.00,SLOW,4405.50,4406.54,4403.14,4406.23,0.00,0.00,0.0,BEARISH,340.0,4406.19,4406.19,4406.19,4406.19,34,CLEARED_>=20s,1.0,0.0,0.0,0.0,0.0,0.0,0.0,PASS_<20%,0.00,0.0,NO,STANDBY_VEL_LOW,1,1321.86,3268.14,132.45,FALSE,M1_DIRECTION_MISMATCH
2026-09-07 19:19:35.065,1788808775.066,5581,29,200,4406.19,4406.27,8.0,PASS_<=10c,+0.0,FLAT,+0.0,+69.0,4.3,+0.00,0.00,SLOW,4405.50,4406.54,4403.14,4406.23,0.00,0.00,0.0,BEARISH,340.0,4406.19,4406.19,4406.19,4406.19,35,CLEARED_>=20s,1.0,0.0,0.0,0.0,0.0,0.0,0.0,PASS_<20%,0.00,0.0,NO,STANDBY_VEL_LOW,1,1321.86,3268.14,132.45,FALSE,M1_DIRECTION_MISMATCH
2026-09-07 19:19:35.567,1788808775.568,5582,30,201,4406.19,4406.27,8.0,PASS_<=10c,+0.0,FLAT,+0.0,+69.0,4.2,+0.00,0.00,SLOW,4405.50,4406.54,4403.14,4406.23,0.00,0.00,0.0,BEARISH,340.0,4406.19,4406.19,4406.19,4406.19,35,CLEARED_>=20s,1.0,0.0,0.0,0.0,0.0,0.0,0.0,PASS_<20%,0.00,0.0,NO,STANDBY_VEL_LOW,1,1321.86,3268.14,132.45,FALSE,M1_DIRECTION_MISMATCH
2026-09-07 19:19:36.070,1788808776.070,5583,31,202,4406.19,4406.27,8.0,PASS_<=10c,+0.0,FLAT,+0.0,+69.0,4.2,+0.00,0.00,SLOW,4405.50,4406.54,4403.14,4406.23,0.00,0.00,0.0,BEARISH,340.0,4406.19,4406.19,4406.19,4406.19,36,CLEARED_>=20s,1.0,0.0,0.0,0.0,0.0,0.0,0.0,PASS_<20%,0.00,0.0,NO,STANDBY_VEL_LOW,1,1321.86,3268.14,132.45,FALSE,M1_DIRECTION_MISMATCH
2026-09-07 19:19:36.570,1788808776.571,5584,32,203,4406.19,4406.27,8.0,PASS_<=10c,+0.0,FLAT,+0.0,+69.0,4.2,+0.00,0.00,SLOW,4405.50,4406.54,4403.14,4406.23,0.00,0.00,0.0,BEARISH,340.0,4406.19,4406.19,4406.19,4406.19,36,CLEARED_>=20s,1.0,0.0,0.0,0.0,0.0,0.0,0.0,PASS_<20%,0.00,0.0,NO,STANDBY_VEL_LOW,1,1321.86,3268.14,132.45,FALSE,M1_DIRECTION_MISMATCH
2026-09-07 19:19:37.072,1788808777.073,5585,33,204,4406.19,4406.27,8.0,PASS_<=10c,+0.0,FLAT,+0.0,+69.0,4.2,+0.00,0.00,SLOW,4405.50,4406.54,4403.14,4406.23,0.00,0.00,0.0,BEARISH,340.0,4406.19,4406.19,4406.19,4406.19,37,CLEARED_>=20s,1.0,0.0,0.0,0.0,0.0,0.0,0.0,PASS_<20%,0.00,0.0,NO,STANDBY_VEL_LOW,1,1321.86,3268.14,132.45,FALSE,M1_DIRECTION_MISMATCH
2026-09-07 19:19:37.574,1788808777.574,5586,34,205,4406.19,4406.27,8.0,PASS_<=10c,+0.0,FLAT,+0.0,+69.0,4.2,+0.00,0.00,SLOW,4405.50,4406.54,4403.14,4406.23,0.00,0.00,0.0,BEARISH,340.0,4406.19,4406.19,4406.19,4406.19,37,CLEARED_>=20s,1.0,0.0,0.0,0.0,0.0,0.0,0.0,PASS_<20%,0.00,0.0,NO,STANDBY_VEL_LOW,1,1321.86,3268.14,132.45,FALSE,M1_DIRECTION_MISMATCH
2026-09-07 19:19:38.075,1788808778.076,5587,35,206,4406.19,4406.27,8.0,PASS_<=10c,+0.0,FLAT,+0.0,+69.0,4.2,+0.00,0.00,SLOW,4405.50,4406.54,4403.14,4406.23,0.00,0.00,0.0,BEARISH,340.0,4406.19,4406.19,4406.19,4406.19,38,CLEARED_>=20s,1.0,0.0,0.0,0.0,0.0,0.0,0.0,PASS_<20%,0.00,0.0,NO,STANDBY_VEL_LOW,1,1321.86,3268.14,132.45,FALSE,M1_DIRECTION_MISMATCH
2026-09-07 19:19:48.457,1788808788.458,5588,36,207,4406.19,4406.27,8.0,PASS_<=10c,+0.0,FLAT,+0.0,+69.0,1.3,+0.00,0.00,SLOW,4405.50,4406.54,4403.14,4406.23,0.00,0.00,0.0,BEARISH,340.0,4406.19,4406.19,4406.19,4406.19,48,CLEARED_>=20s,1.0,0.0,0.0,0.0,0.0,0.0,0.0,PASS_<20%,0.00,0.0,NO,STANDBY_VEL_LOW,1,1321.86,3268.14,132.45,FALSE,M1_DIRECTION_MISMATCH
2026-09-07 19:19:53.475,1788808793.476,5589,37,208,4406.19,4406.27,8.0,PASS_<=10c,+0.0,FLAT,+0.0,+69.0,2.0,+0.00,0.00,SLOW,4405.50,4406.54,4403.14,4406.23,0.00,0.00,0.0,BEARISH,340.0,4406.19,4406.19,4406.19,4406.19,53,CLEARED_>=20s,1.0,0.0,0.0,0.0,0.0,0.0,0.0,PASS_<20%,0.00,0.0,NO,STANDBY_VEL_LOW,1,1321.86,3268.14,132.45,FALSE,M1_DIRECTION_MISMATCH
2026-09-07 19:19:53.978,1788808793.979,5590,38,209,4406.19,4406.27,8.0,PASS_<=10c,+0.0,FLAT,+0.0,+69.0,4.0,+0.00,0.00,SLOW,4405.50,4406.54,4403.14,4406.23,0.00,0.00,0.0,BEARISH,340.0,4406.19,4406.19,4406.19,4406.19,53,CLEARED_>=20s,1.0,0.0,0.0,0.0,0.0,0.0,0.0,PASS_<20%,0.00,0.0,NO,STANDBY_VEL_LOW,1,1321.86,3268.14,132.45,FALSE,M1_DIRECTION_MISMATCH
2026-09-07 19:19:54.478,1788808794.479,5591,39,210,4406.19,4406.27,8.0,PASS_<=10c,+0.0,FLAT,+0.0,+69.0,5.4,+0.00,0.00,SLOW,4405.50,4406.54,4403.14,4406.23,0.00,0.00,0.0,BEARISH,340.0,4406.19,4406.19,4406.19,4406.19,54,CLEARED_>=20s,1.0,0.0,0.0,0.0,0.0,0.0,0.0,PASS_<20%,0.00,0.0,NO,STANDBY_VEL_LOW,1,1321.86,3268.14,132.45,FALSE,M1_DIRECTION_MISMATCH
2026-09-07 19:19:54.980,1788808794.980,5592,40,211,4406.19,4406.27,8.0,PASS_<=10c,+0.0,FLAT,+0.0,+69.0,5.0,+0.00,0.00,SLOW,4405.50,4406.54,4403.14,4406.23,0.00,0.00,0.0,BEARISH,340.0,4406.19,4406.19,4406.19,4406.19,54,CLEARED_>=20s,1.0,0.0,0.0,0.0,0.0,0.0,0.0,PASS_<20%,0.00,0.0,NO,STANDBY_VEL_LOW,1,1321.86,3268.14,132.45,FALSE,M1_DIRECTION_MISMATCH
2026-09-07 19:19:55.481,1788808795.482,5593,41,212,4406.19,4406.27,8.0,PASS_<=10c,+0.0,FLAT,+0.0,+69.0,4.7,+0.00,0.00,SLOW,4405.50,4406.54,4403.14,4406.23,0.00,0.00,0.0,BEARISH,340.0,4406.19,4406.19,4406.19,4406.19,55,CLEARED_>=20s,1.0,0.0,0.0,0.0,0.0,0.0,0.0,PASS_<20%,0.00,0.0,NO,STANDBY_VEL_LOW,1,1321.86,3268.14,132.45,FALSE,M1_DIRECTION_MISMATCH
2026-09-07 19:19:55.985,1788808795.985,5594,42,213,4406.19,4406.27,8.0,PASS_<=10c,+0.0,FLAT,+0.0,+69.0,4.6,+0.00,0.00,SLOW,4405.50,4406.54,4403.14,4406.23,0.00,0.00,0.0,BEARISH,340.0,4406.19,4406.19,4406.19,4406.19,55,CLEARED_>=20s,1.0,0.0,0.0,0.0,0.0,0.0,0.0,PASS_<20%,0.00,0.0,NO,STANDBY_VEL_LOW,1,1321.86,3268.14,132.45,FALSE,M1_DIRECTION_MISMATCH
2026-09-07 19:19:56.485,1788808796.486,5595,43,214,4406.19,4406.27,8.0,PASS_<=10c,+0.0,FLAT,+0.0,+69.0,4.5,+0.00,0.00,SLOW,4405.50,4406.54,4403.14,4406.23,0.00,0.00,0.0,BEARISH,340.0,4406.19,4406.19,4406.19,4406.19,56,CLEARED_>=20s,1.0,0.0,0.0,0.0,0.0,0.0,0.0,PASS_<20%,0.00,0.0,NO,STANDBY_VEL_LOW,1,1321.86,3268.14,132.45,FALSE,M1_DIRECTION_MISMATCH
2026-09-07 19:19:56.987,1788808796.988,5596,44,215,4406.19,4406.27,8.0,PASS_<=10c,+0.0,FLAT,+0.0,+69.0,4.4,+0.00,0.00,SLOW,4405.50,4406.54,4403.14,4406.23,0.00,0.00,0.0,BEARISH,340.0,4406.19,4406.19,4406.19,4406.19,56,CLEARED_>=20s,1.0,0.0,0.0,0.0,0.0,0.0,0.0,PASS_<20%,0.00,0.0,NO,STANDBY_VEL_LOW,1,1321.86,3268.14,132.45,FALSE,M1_DIRECTION_MISMATCH
2026-09-07 19:19:57.489,1788808797.490,5597,45,216,4406.19,4406.27,8.0,PASS_<=10c,+0.0,FLAT,+0.0,+69.0,4.4,+0.00,0.00,SLOW,4405.50,4406.54,4403.14,4406.23,0.00,0.00,0.0,BEARISH,340.0,4406.19,4406.19,4406.19,4406.19,57,CLEARED_>=20s,1.0,0.0,0.0,0.0,0.0,0.0,0.0,PASS_<20%,0.00,0.0,NO,STANDBY_VEL_LOW,1,1321.86,3268.14,132.45,FALSE,M1_DIRECTION_MISMATCH
2026-09-07 19:19:57.991,1788808797.991,5598,46,217,4406.19,4406.27,8.0,PASS_<=10c,+0.0,FLAT,+0.0,+69.0,4.3,+0.00,0.00,SLOW,4405.50,4406.54,4403.14,4406.23,0.00,0.00,0.0,BEARISH,340.0,4406.19,4406.19,4406.19,4406.19,57,CLEARED_>=20s,1.0,0.0,0.0,0.0,0.0,0.0,0.0,PASS_<20%,0.00,0.0,NO,STANDBY_VEL_LOW,1,1321.86,3268.14,132.45,FALSE,M1_DIRECTION_MISMATCH
2026-09-07 19:19:58.493,1788808798.493,5599,47,218,4406.19,4406.27,8.0,PASS_<=10c,+0.0,FLAT,+0.0,+69.0,4.2,+0.00,0.00,SLOW,4405.50,4406.54,4403.14,4406.23,0.00,0.00,0.0,BEARISH,340.0,4406.19,4406.19,4406.19,4406.19,58,CLEARED_>=20s,1.0,0.0,0.0,0.0,0.0,0.0,0.0,PASS_<20%,0.00,0.0,NO,STANDBY_VEL_LOW,1,1321.86,3268.14,132.45,FALSE,M1_DIRECTION_MISMATCH
2026-09-07 19:19:58.995,1788808798.995,5600,48,219,4406.19,4406.27,8.0,PASS_<=10c,+0.0,FLAT,+0.0,+69.0,4.2,+0.00,0.00,SLOW,4405.50,4406.54,4403.14,4406.23,0.00,0.00,0.0,BEARISH,340.0,4406.19,4406.19,4406.19,4406.19,58,CLEARED_>=20s,1.0,0.0,0.0,0.0,0.0,0.0,0.0,PASS_<20%,0.00,0.0,NO,STANDBY_VEL_LOW,1,1321.86,3268.14,132.45,FALSE,M1_DIRECTION_MISMATCH
2026-09-07 19:19:59.496,1788808799.497,5601,49,220,4406.19,4406.27,8.0,PASS_<=10c,+0.0,FLAT,+0.0,+69.0,4.2,+0.00,0.00,SLOW,4405.50,4406.54,4403.14,4406.23,0.00,0.00,0.0,BEARISH,340.0,4406.19,4406.19,4406.19,4406.19,59,CLEARED_>=20s,1.0,0.0,0.0,0.0,0.0,0.0,0.0,PASS_<20%,0.00,0.0,NO,STANDBY_VEL_LOW,1,1321.86,3268.14,132.45,FALSE,M1_DIRECTION_MISMATCH
2026-09-07 19:19:59.998,1788808799.999,5602,50,221,4406.19,4406.27,8.0,PASS_<=10c,+0.0,FLAT,+0.0,+69.0,4.2,+0.00,0.00,SLOW,4405.50,4406.54,4403.14,4406.23,0.00,0.00,0.0,BEARISH,340.0,4406.19,4406.19,4406.19,4406.19,59,CLEARED_>=20s,1.0,0.0,0.0,0.0,0.0,0.0,0.0,PASS_<20%,0.00,0.0,NO,STANDBY_VEL_LOW,1,1321.86,3268.14,132.45,FALSE,M1_DIRECTION_MISMATCH
2026-09-07 19:20:00.501,1788808800.501,5603,1,1,4406.19,4406.27,8.0,PASS_<=10c,+0.0,FLAT,+0.0,+0.0,4.2,+0.00,0.00,SLOW,4406.19,4406.19,4406.19,4406.19,0.00,0.00,0.0,BEARISH,0.0,4406.19,4406.19,4406.19,4406.19,0,ACTIVE_0s,1.0,0.0,0.0,0.0,0.0,0.0,0.0,PASS_<20%,0.00,0.0,NO,STANDBY_VEL_LOW,1,1321.86,3268.14,132.45,FALSE,M1_DIRECTION_MISMATCH|OPENING_SHIELD_ACTIVE_0s
2026-09-07 19:20:01.003,1788808801.004,5604,2,2,4406.19,4406.27,8.0,PASS_<=10c,+0.0,FLAT,+0.0,+0.0,4.2,+0.00,0.00,SLOW,4406.19,4406.19,4406.19,4406.19,0.00,0.00,0.0,BEARISH,0.0,4406.19,4406.19,4406.19,4406.19,1,ACTIVE_1s,1.0,0.0,0.0,0.0,0.0,0.0,0.0,PASS_<20%,0.00,0.0,NO,STANDBY_VEL_LOW,1,1321.86,3268.14,132.45,FALSE,M1_DIRECTION_MISMATCH|OPENING_SHIELD_ACTIVE_1s
2026-09-07 19:20:01.503,1788808801.503,5605,3,3,4406.19,4406.27,8.0,PASS_<=10c,+0.0,FLAT,+0.0,+0.0,4.2,+0.00,0.00,SLOW,4406.19,4406.19,4406.19,4406.19,0.00,0.00,0.0,BEARISH,0.0,4406.19,4406.19,4406.19,4406.19,1,ACTIVE_1s,1.0,0.0,0.0,0.0,0.0,0.0,0.0,PASS_<20%,0.00,0.0,NO,STANDBY_VEL_LOW,1,1321.86,3268.14,132.45,FALSE,M1_DIRECTION_MISMATCH|OPENING_SHIELD_ACTIVE_1s
2026-09-07 19:20:11.882,1788808811.882,5606,4,4,4406.19,4406.27,8.0,PASS_<=10c,+0.0,FLAT,+0.0,+0.0,1.4,+0.00,0.00,SLOW,4406.19,4406.19,4406.19,4406.19,0.00,0.00,0.0,BEARISH,0.0,4406.19,4406.19,4406.19,4406.19,11,ACTIVE_11s,1.0,0.0,0.0,0.0,0.0,0.0,0.0,PASS_<20%,0.00,0.0,NO,STANDBY_VEL_LOW,1,1321.86,3268.14,132.45,FALSE,M1_DIRECTION_MISMATCH|OPENING_SHIELD_ACTIVE_11s
2026-09-07 19:20:18.306,1788808818.306,5607,5,5,4406.19,4406.27,8.0,PASS_<=10c,+0.0,FLAT,+0.0,+0.0,1.5,+0.00,0.00,SLOW,4406.19,4406.19,4406.19,4406.19,0.00,0.00,0.0,BEARISH,0.0,4406.19,4406.19,4406.19,4406.19,18,ACTIVE_18s,1.0,0.0,0.0,0.0,0.0,0.0,0.0,PASS_<20%,0.00,0.0,NO,STANDBY_VEL_LOW,1,1321.86,3268.14,132.45,FALSE,M1_DIRECTION_MISMATCH|OPENING_SHIELD_ACTIVE_18s
2026-09-07 19:20:18.660,1788808818.660,5608,6,6,4406.19,4406.27,8.0,PASS_<=10c,+0.0,FLAT,+0.0,+0.0,2.4,+0.00,0.00,SLOW,4406.19,4406.19,4406.19,4406.19,0.00,0.00,0.0,BEARISH,0.0,4406.19,4406.19,4406.19,4406.19,18,ACTIVE_18s,1.0,0.0,0.0,0.0,0.0,0.0,0.0,PASS_<20%,0.00,0.0,NO,STANDBY_VEL_LOW,1,1321.86,3268.14,132.45,FALSE,M1_DIRECTION_MISMATCH|OPENING_SHIELD_ACTIVE_18s
2026-09-07 19:20:19.162,1788808819.162,5609,7,7,4406.19,4406.27,8.0,PASS_<=10c,+0.0,FLAT,+0.0,+0.0,2.8,+0.00,0.00,SLOW,4406.19,4406.19,4406.19,4406.19,0.00,0.00,0.0,BEARISH,0.0,4406.19,4406.19,4406.19,4406.19,19,ACTIVE_19s,1.0,0.0,0.0,0.0,0.0,0.0,0.0,PASS_<20%,0.00,0.0,NO,STANDBY_VEL_LOW,1,1321.86,3268.14,132.45,FALSE,M1_DIRECTION_MISMATCH|OPENING_SHIELD_ACTIVE_19s
2026-09-07 19:20:19.664,1788808819.665,5610,8,8,4406.19,4406.27,8.0,PASS_<=10c,+0.0,FLAT,+0.0,+0.0,3.0,+0.00,0.00,SLOW,4406.19,4406.19,4406.19,4406.19,0.00,0.00,0.0,BEARISH,0.0,4406.19,4406.19,4406.19,4406.19,19,ACTIVE_19s,1.0,0.0,0.0,0.0,0.0,0.0,0.0,PASS_<20%,0.00,0.0,NO,STANDBY_VEL_LOW,1,1321.86,3268.14,132.45,FALSE,M1_DIRECTION_MISMATCH|OPENING_SHIELD_ACTIVE_19s
2026-09-07 19:20:20.167,1788808820.168,5611,9,9,4406.19,4406.27,8.0,PASS_<=10c,+0.0,FLAT,+0.0,+0.0,3.2,+0.00,0.00,SLOW,4406.19,4406.19,4406.19,4406.19,0.00,0.00,0.0,BEARISH,0.0,4406.19,4406.19,4406.19,4406.19,20,CLEARED_>=20s,1.0,0.0,0.0,0.0,0.0,0.0,0.0,PASS_<20%,0.00,0.0,NO,STANDBY_VEL_LOW,1,1321.86,3268.14,132.45,FALSE,M1_DIRECTION_MISMATCH
2026-09-07 19:20:20.668,1788808820.668,5612,10,10,4406.19,4406.27,8.0,PASS_<=10c,+0.0,FLAT,+0.0,+0.0,3.3,+0.00,0.00,SLOW,4406.19,4406.19,4406.19,4406.19,0.00,0.00,0.0,BEARISH,0.0,4406.19,4406.19,4406.19,4406.19,20,CLEARED_>=20s,1.0,0.0,0.0,0.0,0.0,0.0,0.0,PASS_<20%,0.00,0.0,NO,STANDBY_VEL_LOW,1,1321.86,3268.14,132.45,FALSE,M1_DIRECTION_MISMATCH
2026-09-07 19:20:21.169,1788808821.169,5613,11,11,4406.19,4406.27,8.0,PASS_<=10c,+0.0,FLAT,+0.0,+0.0,3.4,+0.00,0.00,SLOW,4406.19,4406.19,4406.19,4406.19,0.00,0.00,0.0,BEARISH,0.0,4406.19,4406.19,4406.19,4406.19,21,CLEARED_>=20s,1.0,0.0,0.0,0.0,0.0,0.0,0.0,PASS_<20%,0.00,0.0,NO,STANDBY_VEL_LOW,1,1321.86,3268.14,132.45,FALSE,M1_DIRECTION_MISMATCH
2026-09-07 19:20:21.670,1788808821.671,5614,12,12,4406.19,4406.27,8.0,PASS_<=10c,+0.0,FLAT,+0.0,+0.0,3.4,+0.00,0.00,SLOW,4406.19,4406.19,4406.19,4406.19,0.00,0.00,0.0,BEARISH,0.0,4406.19,4406.19,4406.19,4406.19,21,CLEARED_>=20s,1.0,0.0,0.0,0.0,0.0,0.0,0.0,PASS_<20%,0.00,0.0,NO,STANDBY_VEL_LOW,1,1321.86,3268.14,132.45,FALSE,M1_DIRECTION_MISMATCH
2026-09-07 19:20:22.173,1788808822.173,5615,13,13,4406.19,4406.27,8.0,PASS_<=10c,+0.0,FLAT,+0.0,+0.0,4.4,+0.00,0.00,SLOW,4406.19,4406.19,4406.19,4406.19,0.00,0.00,0.0,BEARISH,0.0,4406.19,4406.19,4406.19,4406.19,22,CLEARED_>=20s,1.0,0.0,0.0,0.0,0.0,0.0,0.0,PASS_<20%,0.00,0.0,NO,STANDBY_VEL_LOW,1,1321.86,3268.14,132.45,FALSE,M1_DIRECTION_MISMATCH
2026-09-07 19:20:22.674,1788808822.674,5616,14,14,4406.19,4406.27,8.0,PASS_<=10c,+0.0,FLAT,+0.0,+0.0,4.3,+0.00,0.00,SLOW,4406.19,4406.19,4406.19,4406.19,0.00,0.00,0.0,BEARISH,0.0,4406.19,4406.19,4406.19,4406.19,22,CLEARED_>=20s,1.0,0.0,0.0,0.0,0.0,0.0,0.0,PASS_<20%,0.00,0.0,NO,STANDBY_VEL_LOW,1,1321.86,3268.14,132.45,FALSE,M1_DIRECTION_MISMATCH
2026-09-07 19:20:23.177,1788808823.177,5617,15,15,4406.19,4406.27,8.0,PASS_<=10c,+0.0,FLAT,+0.0,+0.0,4.3,+0.00,0.00,SLOW,4406.19,4406.19,4406.19,4406.19,0.00,0.00,0.0,BEARISH,0.0,4406.19,4406.19,4406.19,4406.19,23,CLEARED_>=20s,1.0,0.0,0.0,0.0,0.0,0.0,0.0,PASS_<20%,0.00,0.0,NO,STANDBY_VEL_LOW,1,1321.86,3268.14,132.45,FALSE,M1_DIRECTION_MISMATCH
2026-09-07 19:20:23.678,1788808823.678,5618,16,16,4406.19,4406.27,8.0,PASS_<=10c,+0.0,FLAT,+0.0,+0.0,4.2,+0.00,0.00,SLOW,4406.19,4406.19,4406.19,4406.19,0.00,0.00,0.0,BEARISH,0.0,4406.19,4406.19,4406.19,4406.19,23,CLEARED_>=20s,1.0,0.0,0.0,0.0,0.0,0.0,0.0,PASS_<20%,0.00,0.0,NO,STANDBY_VEL_LOW,1,1321.86,3268.14,132.45,FALSE,M1_DIRECTION_MISMATCH
2026-09-07 19:20:24.185,1788808824.185,5619,17,17,4406.19,4406.27,8.0,PASS_<=10c,+0.0,FLAT,+0.0,+69.0,4.2,+0.00,0.00,SLOW,4405.50,4406.54,4403.14,4406.23,0.00,0.00,0.0,BEARISH,340.0,4406.19,4406.19,4406.19,4406.19,24,CLEARED_>=20s,1.0,0.0,0.0,0.0,0.0,0.0,0.0,PASS_<20%,0.00,0.0,NO,STANDBY_VEL_LOW,1,1321.86,3268.14,132.45,FALSE,M1_DIRECTION_MISMATCH
2026-09-07 19:20:24.686,1788808824.687,5620,18,18,4406.19,4406.27,8.0,PASS_<=10c,+0.0,FLAT,+0.0,+69.0,4.2,+0.00,0.00,SLOW,4405.50,4406.54,4403.14,4406.23,0.00,0.00,0.0,BEARISH,340.0,4406.19,4406.19,4406.19,4406.19,24,CLEARED_>=20s,1.0,0.0,0.0,0.0,0.0,0.0,0.0,PASS_<20%,0.00,0.0,NO,STANDBY_VEL_LOW,1,1321.86,3268.14,132.45,FALSE,M1_DIRECTION_MISMATCH
2026-09-07 19:20:25.188,1788808825.189,5621,19,19,4406.19,4406.27,8.0,PASS_<=10c,+0.0,FLAT,+0.0,+69.0,4.2,+0.00,0.00,SLOW,4405.50,4406.54,4403.14,4406.23,0.00,0.00,0.0,BEARISH,340.0,4406.19,4406.19,4406.19,4406.19,25,CLEARED_>=20s,1.0,0.0,0.0,0.0,0.0,0.0,0.0,PASS_<20%,0.00,0.0,NO,STANDBY_VEL_LOW,1,1321.86,3268.14,132.45,FALSE,M1_DIRECTION_MISMATCH
2026-09-07 19:20:25.690,1788808825.690,5622,20,20,4406.19,4406.27,8.0,PASS_<=10c,+0.0,FLAT,+0.0,+69.0,4.2,+0.00,0.00,SLOW,4405.50,4406.54,4403.14,4406.23,0.00,0.00,0.0,BEARISH,340.0,4406.19,4406.19,4406.19,4406.19,25,CLEARED_>=20s,1.0,0.0,0.0,0.0,0.0,0.0,0.0,PASS_<20%,0.00,0.0,NO,STANDBY_VEL_LOW,1,1321.86,3268.14,132.45,FALSE,M1_DIRECTION_MISMATCH
2026-09-07 19:20:26.192,1788808826.192,5623,21,21,4406.19,4406.27,8.0,PASS_<=10c,+0.0,FLAT,+0.0,+69.0,4.2,+0.00,0.00,SLOW,4405.50,4406.54,4403.14,4406.23,0.00,0.00,0.0,BEARISH,340.0,4406.19,4406.19,4406.19,4406.19,26,CLEARED_>=20s,1.0,0.0,0.0,0.0,0.0,0.0,0.0,PASS_<20%,0.00,0.0,NO,STANDBY_VEL_LOW,1,1321.86,3268.14,132.45,FALSE,M1_DIRECTION_MISMATCH
2026-09-07 19:20:36.573,1788808836.573,5624,22,22,4406.19,4406.27,8.0,PASS_<=10c,+0.0,FLAT,+0.0,+69.0,1.3,+0.00,0.00,SLOW,4405.50,4406.54,4403.14,4406.23,0.00,0.00,0.0,BEARISH,340.0,4406.19,4406.19,4406.19,4406.19,36,CLEARED_>=20s,1.0,0.0,0.0,0.0,0.0,0.0,0.0,PASS_<20%,0.00,0.0,NO,STANDBY_VEL_LOW,1,1321.86,3268.14,132.45,FALSE,M1_DIRECTION_MISMATCH
2026-09-07 19:20:43.400,1788808843.401,5625,23,23,4406.19,4406.27,8.0,PASS_<=10c,+0.0,FLAT,+0.0,+69.0,1.4,+0.00,0.00,SLOW,4405.50,4406.54,4403.14,4406.23,0.00,0.00,0.0,BEARISH,340.0,4406.19,4406.19,4406.19,4406.19,43,CLEARED_>=20s,1.0,0.0,0.0,0.0,0.0,0.0,0.0,PASS_<20%,0.00,0.0,NO,STANDBY_VEL_LOW,1,1321.86,3268.14,132.45,FALSE,M1_DIRECTION_MISMATCH
2026-09-07 19:20:43.756,1788808843.757,5626,24,24,4406.19,4406.27,8.0,PASS_<=10c,+0.0,FLAT,+0.0,+69.0,1.9,+0.00,0.00,SLOW,4405.50,4406.54,4403.14,4406.23,0.00,0.00,0.0,BEARISH,340.0,4406.19,4406.19,4406.19,4406.19,43,CLEARED_>=20s,1.0,0.0,0.0,0.0,0.0,0.0,0.0,PASS_<20%,0.00,0.0,NO,STANDBY_VEL_LOW,1,1321.86,3268.14,132.45,FALSE,M1_DIRECTION_MISMATCH
2026-09-07 19:20:44.259,1788808844.260,5627,25,25,4406.19,4406.27,8.0,PASS_<=10c,+0.0,FLAT,+0.0,+69.0,2.3,+0.00,0.00,SLOW,4405.50,4406.54,4403.14,4406.23,0.00,0.00,0.0,BEARISH,340.0,4406.19,4406.19,4406.19,4406.19,44,CLEARED_>=20s,1.0,0.0,0.0,0.0,0.0,0.0,0.0,PASS_<20%,0.00,0.0,NO,STANDBY_VEL_LOW,1,1321.86,3268.14,132.45,FALSE,M1_DIRECTION_MISMATCH
2026-09-07 19:20:44.759,1788808844.759,5628,26,26,4406.19,4406.27,8.0,PASS_<=10c,+0.0,FLAT,+0.0,+69.0,2.6,+0.00,0.00,SLOW,4405.50,4406.54,4403.14,4406.23,0.00,0.00,0.0,BEARISH,340.0,4406.19,4406.19,4406.19,4406.19,44,CLEARED_>=20s,1.0,0.0,0.0,0.0,0.0,0.0,0.0,PASS_<20%,0.00,0.0,NO,STANDBY_VEL_LOW,1,1321.86,3268.14,132.45,FALSE,M1_DIRECTION_MISMATCH
2026-09-07 19:20:45.260,1788808845.261,5629,27,27,4406.19,4406.27,8.0,PASS_<=10c,+0.0,FLAT,+0.0,+69.0,2.8,+0.00,0.00,SLOW,4405.50,4406.54,4403.14,4406.23,0.00,0.00,0.0,BEARISH,340.0,4406.19,4406.19,4406.19,4406.19,45,CLEARED_>=20s,1.0,0.0,0.0,0.0,0.0,0.0,0.0,PASS_<20%,0.00,0.0,NO,STANDBY_VEL_LOW,1,1321.86,3268.14,132.45,FALSE,M1_DIRECTION_MISMATCH
2026-09-07 19:20:45.774,1788808845.774,5630,28,28,4406.19,4406.27,8.0,PASS_<=10c,+0.0,FLAT,+0.0,+69.0,3.0,+0.00,0.00,SLOW,4405.50,4406.54,4403.14,4406.23,0.00,0.00,0.0,BEARISH,340.0,4406.19,4406.19,4406.19,4406.19,45,CLEARED_>=20s,1.0,0.0,0.0,0.0,0.0,0.0,0.0,PASS_<20%,0.00,0.0,NO,STANDBY_VEL_LOW,1,1321.86,3268.14,132.45,FALSE,M1_DIRECTION_MISMATCH
2026-09-07 19:20:46.274,1788808846.274,5631,29,29,4406.19,4406.27,8.0,PASS_<=10c,+0.0,FLAT,+0.0,+69.0,3.1,+0.00,0.00,SLOW,4405.50,4406.54,4403.14,4406.23,0.00,0.00,0.0,BEARISH,340.0,4406.19,4406.19,4406.19,4406.19,46,CLEARED_>=20s,1.0,0.0,0.0,0.0,0.0,0.0,0.0,PASS_<20%,0.00,0.0,NO,STANDBY_VEL_LOW,1,1321.86,3268.14,132.45,FALSE,M1_DIRECTION_MISMATCH
2026-09-07 19:20:46.770,1788808846.771,5632,30,30,4406.19,4406.27,8.0,PASS_<=10c,+0.0,FLAT,+0.0,+69.0,4.5,+0.00,0.00,SLOW,4405.50,4406.54,4403.14,4406.23,0.00,0.00,0.0,BEARISH,340.0,4406.19,4406.19,4406.19,4406.19,46,CLEARED_>=20s,1.0,0.0,0.0,0.0,0.0,0.0,0.0,PASS_<20%,0.00,0.0,NO,STANDBY_VEL_LOW,1,1321.86,3268.14,132.45,FALSE,M1_DIRECTION_MISMATCH
2026-09-07 19:20:47.272,1788808847.273,5633,31,31,4406.19,4406.27,8.0,PASS_<=10c,+0.0,FLAT,+0.0,+69.0,4.4,+0.00,0.00,SLOW,4405.50,4406.54,4403.14,4406.23,0.00,0.00,0.0,BEARISH,340.0,4406.19,4406.19,4406.19,4406.19,47,CLEARED_>=20s,1.0,0.0,0.0,0.0,0.0,0.0,0.0,PASS_<20%,0.00,0.0,NO,STANDBY_VEL_LOW,1,1321.86,3268.14,132.45,FALSE,M1_DIRECTION_MISMATCH
2026-09-07 19:20:47.781,1788808847.782,5634,32,32,4406.19,4406.27,8.0,PASS_<=10c,+0.0,FLAT,+0.0,+69.0,4.3,+0.00,0.00,SLOW,4405.50,4406.54,4403.14,4406.23,0.00,0.00,0.0,BEARISH,340.0,4406.19,4406.19,4406.19,4406.19,47,CLEARED_>=20s,1.0,0.0,0.0,0.0,0.0,0.0,0.0,PASS_<20%,0.00,0.0,NO,STANDBY_VEL_LOW,1,1321.86,3268.14,132.45,FALSE,M1_DIRECTION_MISMATCH
2026-09-07 19:20:48.278,1788808848.278,5635,33,33,4406.19,4406.27,8.0,PASS_<=10c,+0.0,FLAT,+0.0,+69.0,4.3,+0.00,0.00,SLOW,4405.50,4406.54,4403.14,4406.23,0.00,0.00,0.0,BEARISH,340.0,4406.19,4406.19,4406.19,4406.19,48,CLEARED_>=20s,1.0,0.0,0.0,0.0,0.0,0.0,0.0,PASS_<20%,0.00,0.0,NO,STANDBY_VEL_LOW,1,1321.86,3268.14,132.45,FALSE,M1_DIRECTION_MISMATCH
2026-09-07 19:20:48.780,1788808848.780,5636,34,34,4406.19,4406.27,8.0,PASS_<=10c,+0.0,FLAT,+0.0,+69.0,4.2,+0.00,0.00,SLOW,4405.50,4406.54,4403.14,4406.23,0.00,0.00,0.0,BEARISH,340.0,4406.19,4406.19,4406.19,4406.19,48,CLEARED_>=20s,1.0,0.0,0.0,0.0,0.0,0.0,0.0,PASS_<20%,0.00,0.0,NO,STANDBY_VEL_LOW,1,1321.86,3268.14,132.45,FALSE,M1_DIRECTION_MISMATCH
2026-09-07 19:20:49.282,1788808849.282,5637,35,35,4406.19,4406.27,8.0,PASS_<=10c,+0.0,FLAT,+0.0,+69.0,4.2,+0.00,0.00,SLOW,4405.50,4406.54,4403.14,4406.23,0.00,0.00,0.0,BEARISH,340.0,4406.19,4406.19,4406.19,4406.19,49,CLEARED_>=20s,1.0,0.0,0.0,0.0,0.0,0.0,0.0,PASS_<20%,0.00,0.0,NO,STANDBY_VEL_LOW,1,1321.86,3268.14,132.45,FALSE,M1_DIRECTION_MISMATCH
2026-09-07 19:20:49.785,1788808849.785,5638,36,36,4406.19,4406.27,8.0,PASS_<=10c,+0.0,FLAT,+0.0,+69.0,4.2,+0.00,0.00,SLOW,4405.50,4406.54,4403.14,4406.23,0.00,0.00,0.0,BEARISH,340.0,4406.19,4406.19,4406.19,4406.19,49,CLEARED_>=20s,1.0,0.0,0.0,0.0,0.0,0.0,0.0,PASS_<20%,0.00,0.0,NO,STANDBY_VEL_LOW,1,1321.86,3268.14,132.45,FALSE,M1_DIRECTION_MISMATCH
2026-09-07 19:20:50.285,1788808850.285,5639,37,37,4406.19,4406.27,8.0,PASS_<=10c,+0.0,FLAT,+0.0,+69.0,4.2,+0.00,0.00,SLOW,4405.50,4406.54,4403.14,4406.23,0.00,0.00,0.0,BEARISH,340.0,4406.19,4406.19,4406.19,4406.19,50,CLEARED_>=20s,1.0,0.0,0.0,0.0,0.0,0.0,0.0,PASS_<20%,0.00,0.0,NO,STANDBY_VEL_LOW,1,1321.86,3268.14,132.45,FALSE,M1_DIRECTION_MISMATCH
2026-09-07 19:20:50.795,1788808850.796,5640,38,38,4406.19,4406.27,8.0,PASS_<=10c,+0.0,FLAT,+0.0,+69.0,4.2,+0.00,0.00,SLOW,4405.50,4406.54,4403.14,4406.23,0.00,0.00,0.0,BEARISH,340.0,4406.19,4406.19,4406.19,4406.19,50,CLEARED_>=20s,1.0,0.0,0.0,0.0,0.0,0.0,0.0,PASS_<20%,0.00,0.0,NO,STANDBY_VEL_LOW,1,1321.86,3268.14,132.45,FALSE,M1_DIRECTION_MISMATCH
2026-09-07 19:20:51.288,1788808851.289,5641,39,39,4406.19,4406.27,8.0,PASS_<=10c,+0.0,FLAT,+0.0,+69.0,4.2,+0.00,0.00,SLOW,4405.50,4406.54,4403.14,4406.23,0.00,0.00,0.0,BEARISH,340.0,4406.19,4406.19,4406.19,4406.19,51,CLEARED_>=20s,1.0,0.0,0.0,0.0,0.0,0.0,0.0,PASS_<20%,0.00,0.0,NO,STANDBY_VEL_LOW,1,1321.86,3268.14,132.45,FALSE,M1_DIRECTION_MISMATCH
2026-09-07 19:21:01.671,1788808861.672,5642,1,40,4406.19,4406.27,8.0,PASS_<=10c,+0.0,FLAT,+0.0,+69.0,1.3,+0.00,0.00,SLOW,4405.50,4406.54,4403.14,4406.23,0.00,0.00,0.0,BEARISH,340.0,4406.19,4406.19,4406.19,4406.19,1,ACTIVE_1s,1.0,0.0,0.0,0.0,0.0,0.0,0.0,PASS_<20%,0.00,0.0,NO,STANDBY_VEL_LOW,1,1321.86,3268.14,132.45,FALSE,M1_DIRECTION_MISMATCH|OPENING_SHIELD_ACTIVE_1s
2026-09-07 19:21:07.890,1788808867.890,5643,2,41,4406.19,4406.27,8.0,PASS_<=10c,+0.0,FLAT,+0.0,+69.0,1.8,+0.00,0.00,SLOW,4405.50,4406.54,4403.14,4406.23,0.00,0.00,0.0,BEARISH,340.0,4406.19,4406.19,4406.19,4406.19,7,ACTIVE_7s,1.0,0.0,0.0,0.0,0.0,0.0,0.0,PASS_<20%,0.00,0.0,NO,STANDBY_VEL_LOW,1,1321.86,3268.14,132.45,FALSE,M1_DIRECTION_MISMATCH|OPENING_SHIELD_ACTIVE_7s
2026-09-07 19:21:08.245,1788808868.246,5644,3,42,4406.19,4406.27,8.0,PASS_<=10c,+0.0,FLAT,+0.0,+69.0,2.7,+0.00,0.00,SLOW,4405.50,4406.54,4403.14,4406.23,0.00,0.00,0.0,BEARISH,340.0,4406.19,4406.19,4406.19,4406.19,8,ACTIVE_8s,1.0,0.0,0.0,0.0,0.0,0.0,0.0,PASS_<20%,0.00,0.0,NO,STANDBY_VEL_LOW,1,1321.86,3268.14,132.45,FALSE,M1_DIRECTION_MISMATCH|OPENING_SHIELD_ACTIVE_8s
2026-09-07 19:21:08.747,1788808868.748,5645,4,43,4406.19,4406.27,8.0,PASS_<=10c,+0.0,FLAT,+0.0,+69.0,3.1,+0.00,0.00,SLOW,4405.50,4406.54,4403.14,4406.23,0.00,0.00,0.0,BEARISH,340.0,4406.19,4406.19,4406.19,4406.19,8,ACTIVE_8s,1.0,0.0,0.0,0.0,0.0,0.0,0.0,PASS_<20%,0.00,0.0,NO,STANDBY_VEL_LOW,1,1321.86,3268.14,132.45,FALSE,M1_DIRECTION_MISMATCH|OPENING_SHIELD_ACTIVE_8s
2026-09-07 19:21:09.250,1788808869.250,5646,5,44,4406.19,4406.27,8.0,PASS_<=10c,+0.0,FLAT,+0.0,+69.0,3.3,+0.00,0.00,SLOW,4405.50,4406.54,4403.14,4406.23,0.00,0.00,0.0,BEARISH,340.0,4406.19,4406.19,4406.19,4406.19,9,ACTIVE_9s,1.0,0.0,0.0,0.0,0.0,0.0,0.0,PASS_<20%,0.00,0.0,NO,STANDBY_VEL_LOW,1,1321.86,3268.14,132.45,FALSE,M1_DIRECTION_MISMATCH|OPENING_SHIELD_ACTIVE_9s
2026-09-07 19:21:09.750,1788808869.751,5647,6,45,4406.19,4406.27,8.0,PASS_<=10c,+0.0,FLAT,+0.0,+69.0,3.4,+0.00,0.00,SLOW,4405.50,4406.54,4403.14,4406.23,0.00,0.00,0.0,BEARISH,340.0,4406.19,4406.19,4406.19,4406.19,9,ACTIVE_9s,1.0,0.0,0.0,0.0,0.0,0.0,0.0,PASS_<20%,0.00,0.0,NO,STANDBY_VEL_LOW,1,1321.86,3268.14,132.45,FALSE,M1_DIRECTION_MISMATCH|OPENING_SHIELD_ACTIVE_9s
2026-09-07 19:21:10.255,1788808870.255,5648,7,46,4406.19,4406.27,8.0,PASS_<=10c,+0.0,FLAT,+0.0,+69.0,3.5,+0.00,0.00,SLOW,4405.50,4406.54,4403.14,4406.23,0.00,0.00,0.0,BEARISH,340.0,4406.19,4406.19,4406.19,4406.19,10,ACTIVE_10s,1.0,0.0,0.0,0.0,0.0,0.0,0.0,PASS_<20%,0.00,0.0,NO,STANDBY_VEL_LOW,1,1321.86,3268.14,132.45,FALSE,M1_DIRECTION_MISMATCH|OPENING_SHIELD_ACTIVE_10s
2026-09-07 19:21:10.756,1788808870.756,5649,8,47,4406.19,4406.27,8.0,PASS_<=10c,+0.0,FLAT,+0.0,+69.0,3.5,+0.00,0.00,SLOW,4405.50,4406.54,4403.14,4406.23,0.00,0.00,0.0,BEARISH,340.0,4406.19,4406.19,4406.19,4406.19,10,ACTIVE_10s,1.0,0.0,0.0,0.0,0.0,0.0,0.0,PASS_<20%,0.00,0.0,NO,STANDBY_VEL_LOW,1,1321.86,3268.14,132.45,FALSE,M1_DIRECTION_MISMATCH|OPENING_SHIELD_ACTIVE_10s
2026-09-07 19:21:11.258,1788808871.259,5650,9,48,4406.19,4406.27,8.0,PASS_<=10c,+0.0,FLAT,+0.0,+69.0,3.6,+0.00,0.00,SLOW,4405.50,4406.54,4403.14,4406.23,0.00,0.00,0.0,BEARISH,340.0,4406.19,4406.19,4406.19,4406.19,11,ACTIVE_11s,1.0,0.0,0.0,0.0,0.0,0.0,0.0,PASS_<20%,0.00,0.0,NO,STANDBY_VEL_LOW,1,1321.86,3268.14,132.45,FALSE,M1_DIRECTION_MISMATCH|OPENING_SHIELD_ACTIVE_11s
2026-09-07 19:21:11.760,1788808871.760,5651,10,49,4406.19,4406.27,8.0,PASS_<=10c,+0.0,FLAT,+0.0,+69.0,3.6,+0.00,0.00,SLOW,4405.50,4406.54,4403.14,4406.23,0.00,0.00,0.0,BEARISH,340.0,4406.19,4406.19,4406.19,4406.19,11,ACTIVE_11s,1.0,0.0,0.0,0.0,0.0,0.0,0.0,PASS_<20%,0.00,0.0,NO,STANDBY_VEL_LOW,1,1321.86,3268.14,132.45,FALSE,M1_DIRECTION_MISMATCH|OPENING_SHIELD_ACTIVE_11s
2026-09-07 19:21:12.261,1788808872.261,5652,11,50,4406.19,4406.27,8.0,PASS_<=10c,+0.0,FLAT,+0.0,+69.0,4.3,+0.00,0.00,SLOW,4405.50,4406.54,4403.14,4406.23,0.00,0.00,0.0,BEARISH,340.0,4406.19,4406.19,4406.19,4406.19,12,ACTIVE_12s,1.0,0.0,0.0,0.0,0.0,0.0,0.0,PASS_<20%,0.00,0.0,NO,STANDBY_VEL_LOW,1,1321.86,3268.14,132.45,FALSE,M1_DIRECTION_MISMATCH|OPENING_SHIELD_ACTIVE_12s
2026-09-07 19:21:12.763,1788808872.763,5653,12,51,4406.19,4406.27,8.0,PASS_<=10c,+0.0,FLAT,+0.0,+69.0,4.3,+0.00,0.00,SLOW,4405.50,4406.54,4403.14,4406.23,0.00,0.00,0.0,BEARISH,340.0,4406.19,4406.19,4406.19,4406.19,12,ACTIVE_12s,1.0,0.0,0.0,0.0,0.0,0.0,0.0,PASS_<20%,0.00,0.0,NO,STANDBY_VEL_LOW,1,1321.86,3268.14,132.45,FALSE,M1_DIRECTION_MISMATCH|OPENING_SHIELD_ACTIVE_12s
2026-09-07 19:21:13.264,1788808873.265,5654,13,52,4406.19,4406.27,8.0,PASS_<=10c,+0.0,FLAT,+0.0,+69.0,4.2,+0.00,0.00,SLOW,4405.50,4406.54,4403.14,4406.23,0.00,0.00,0.0,BEARISH,340.0,4406.19,4406.19,4406.19,4406.19,13,ACTIVE_13s,1.0,0.0,0.0,0.0,0.0,0.0,0.0,PASS_<20%,0.00,0.0,NO,STANDBY_VEL_LOW,1,1321.86,3268.14,132.45,FALSE,M1_DIRECTION_MISMATCH|OPENING_SHIELD_ACTIVE_13s
2026-09-07 19:21:13.769,1788808873.769,5655,14,53,4406.19,4406.27,8.0,PASS_<=10c,+0.0,FLAT,+0.0,+69.0,4.2,+0.00,0.00,SLOW,4405.50,4406.54,4403.14,4406.23,0.00,0.00,0.0,BEARISH,340.0,4406.19,4406.19,4406.19,4406.19,13,ACTIVE_13s,1.0,0.0,0.0,0.0,0.0,0.0,0.0,PASS_<20%,0.00,0.0,NO,STANDBY_VEL_LOW,1,1321.86,3268.14,132.45,FALSE,M1_DIRECTION_MISMATCH|OPENING_SHIELD_ACTIVE_13s
2026-09-07 19:21:14.270,1788808874.271,5656,15,54,4406.19,4406.27,8.0,PASS_<=10c,+0.0,FLAT,+0.0,+69.0,4.2,+0.00,0.00,SLOW,4405.50,4406.54,4403.14,4406.23,0.00,0.00,0.0,BEARISH,340.0,4406.19,4406.19,4406.19,4406.19,14,ACTIVE_14s,1.0,0.0,0.0,0.0,0.0,0.0,0.0,PASS_<20%,0.00,0.0,NO,STANDBY_VEL_LOW,1,1321.86,3268.14,132.45,FALSE,M1_DIRECTION_MISMATCH|OPENING_SHIELD_ACTIVE_14s
2026-09-07 19:21:14.772,1788808874.772,5657,16,55,4406.19,4406.27,8.0,PASS_<=10c,+0.0,FLAT,+0.0,+69.0,4.2,+0.00,0.00,SLOW,4405.50,4406.54,4403.14,4406.23,0.00,0.00,0.0,BEARISH,340.0,4406.19,4406.19,4406.19,4406.19,14,ACTIVE_14s,1.0,0.0,0.0,0.0,0.0,0.0,0.0,PASS_<20%,0.00,0.0,NO,STANDBY_VEL_LOW,1,1321.86,3268.14,132.45,FALSE,M1_DIRECTION_MISMATCH|OPENING_SHIELD_ACTIVE_14s
2026-09-07 19:21:15.273,1788808875.274,5658,17,56,4406.19,4406.27,8.0,PASS_<=10c,+0.0,FLAT,+0.0,+69.0,4.2,+0.00,0.00,SLOW,4405.50,4406.54,4403.14,4406.23,0.00,0.00,0.0,BEARISH,340.0,4406.19,4406.19,4406.19,4406.19,15,ACTIVE_15s,1.0,0.0,0.0,0.0,0.0,0.0,0.0,PASS_<20%,0.00,0.0,NO,STANDBY_VEL_LOW,1,1321.86,3268.14,132.45,FALSE,M1_DIRECTION_MISMATCH|OPENING_SHIELD_ACTIVE_15s
2026-09-07 19:21:15.775,1788808875.775,5659,18,57,4406.19,4406.27,8.0,PASS_<=10c,+0.0,FLAT,+0.0,+69.0,4.2,+0.00,0.00,SLOW,4405.50,4406.54,4403.14,4406.23,0.00,0.00,0.0,BEARISH,340.0,4406.19,4406.19,4406.19,4406.19,15,ACTIVE_15s,1.0,0.0,0.0,0.0,0.0,0.0,0.0,PASS_<20%,0.00,0.0,NO,STANDBY_VEL_LOW,1,1321.86,3268.14,132.45,FALSE,M1_DIRECTION_MISMATCH|OPENING_SHIELD_ACTIVE_15s
2026-09-07 19:21:26.149,1788808886.150,5660,19,58,4406.19,4406.27,8.0,PASS_<=10c,+0.0,FLAT,+0.0,+69.0,1.3,+0.00,0.00,SLOW,4405.50,4406.54,4403.14,4406.23,0.00,0.00,0.0,BEARISH,340.0,4406.19,4406.19,4406.19,4406.19,26,CLEARED_>=20s,1.0,0.0,0.0,0.0,0.0,0.0,0.0,PASS_<20%,0.00,0.0,NO,STANDBY_VEL_LOW,1,1321.86,3268.14,132.45,FALSE,M1_DIRECTION_MISMATCH
2026-09-07 19:21:34.784,1788808894.785,5661,20,59,4406.19,4406.27,8.0,PASS_<=10c,+0.0,FLAT,+0.0,+69.0,1.3,+0.00,0.00,SLOW,4405.50,4406.54,4403.14,4406.23,0.00,0.00,0.0,BEARISH,340.0,4406.19,4406.19,4406.19,4406.19,34,CLEARED_>=20s,1.0,0.0,0.0,0.0,0.0,0.0,0.0,PASS_<20%,0.00,0.0,NO,STANDBY_VEL_LOW,1,1321.86,3268.14,132.45,FALSE,M1_DIRECTION_MISMATCH
2026-09-07 19:21:35.139,1788808895.140,5662,21,60,4406.19,4406.27,8.0,PASS_<=10c,+0.0,FLAT,+0.0,+69.0,1.3,+0.00,0.00,SLOW,4405.50,4406.54,4403.14,4406.23,0.00,0.00,0.0,BEARISH,340.0,4406.19,4406.19,4406.19,4406.19,35,CLEARED_>=20s,1.0,0.0,0.0,0.0,0.0,0.0,0.0,PASS_<20%,0.00,0.0,NO,STANDBY_VEL_LOW,1,1321.86,3268.14,132.45,FALSE,M1_DIRECTION_MISMATCH
2026-09-07 19:21:35.642,1788808895.642,5663,22,61,4406.19,4406.27,8.0,PASS_<=10c,+0.0,FLAT,+0.0,+69.0,1.4,+0.00,0.00,SLOW,4405.50,4406.54,4403.14,4406.23,0.00,0.00,0.0,BEARISH,340.0,4406.19,4406.19,4406.19,4406.19,35,CLEARED_>=20s,1.0,0.0,0.0,0.0,0.0,0.0,0.0,PASS_<20%,0.00,0.0,NO,STANDBY_VEL_LOW,1,1321.86,3268.14,132.45,FALSE,M1_DIRECTION_MISMATCH
2026-09-07 19:21:36.144,1788808896.144,5664,23,62,4406.19,4406.27,8.0,PASS_<=10c,+0.0,FLAT,+0.0,+69.0,1.6,+0.00,0.00,SLOW,4405.50,4406.54,4403.14,4406.23,0.00,0.00,0.0,BEARISH,340.0,4406.19,4406.19,4406.19,4406.19,36,CLEARED_>=20s,1.0,0.0,0.0,0.0,0.0,0.0,0.0,PASS_<20%,0.00,0.0,NO,STANDBY_VEL_LOW,1,1321.86,3268.14,132.45,FALSE,M1_DIRECTION_MISMATCH
2026-09-07 19:21:36.645,1788808896.646,5665,24,63,4406.19,4406.27,8.0,PASS_<=10c,+0.0,FLAT,+0.0,+69.0,4.8,+0.00,0.00,SLOW,4405.50,4406.54,4403.14,4406.23,0.00,0.00,0.0,BEARISH,340.0,4406.19,4406.19,4406.19,4406.19,36,CLEARED_>=20s,1.0,0.0,0.0,0.0,0.0,0.0,0.0,PASS_<20%,0.00,0.0,NO,STANDBY_VEL_LOW,1,1321.86,3268.14,132.45,FALSE,M1_DIRECTION_MISMATCH
2026-09-07 19:21:37.148,1788808897.148,5666,25,64,4406.19,4406.27,8.0,PASS_<=10c,+0.0,FLAT,+0.0,+69.0,4.7,+0.00,0.00,SLOW,4405.50,4406.54,4403.14,4406.23,0.00,0.00,0.0,BEARISH,340.0,4406.19,4406.19,4406.19,4406.19,37,CLEARED_>=20s,1.0,0.0,0.0,0.0,0.0,0.0,0.0,PASS_<20%,0.00,0.0,NO,STANDBY_VEL_LOW,1,1321.86,3268.14,132.45,FALSE,M1_DIRECTION_MISMATCH
2026-09-07 19:21:37.650,1788808897.650,5667,26,65,4406.19,4406.27,8.0,PASS_<=10c,+0.0,FLAT,+0.0,+69.0,4.5,+0.00,0.00,SLOW,4405.50,4406.54,4403.14,4406.23,0.00,0.00,0.0,BEARISH,340.0,4406.19,4406.19,4406.19,4406.19,37,CLEARED_>=20s,1.0,0.0,0.0,0.0,0.0,0.0,0.0,PASS_<20%,0.00,0.0,NO,STANDBY_VEL_LOW,1,1321.86,3268.14,132.45,FALSE,M1_DIRECTION_MISMATCH
2026-09-07 19:21:38.152,1788808898.152,5668,27,66,4406.19,4406.27,8.0,PASS_<=10c,+0.0,FLAT,+0.0,+69.0,4.5,+0.00,0.00,SLOW,4405.50,4406.54,4403.14,4406.23,0.00,0.00,0.0,BEARISH,340.0,4406.19,4406.19,4406.19,4406.19,38,CLEARED_>=20s,1.0,0.0,0.0,0.0,0.0,0.0,0.0,PASS_<20%,0.00,0.0,NO,STANDBY_VEL_LOW,1,1321.86,3268.14,132.45,FALSE,M1_DIRECTION_MISMATCH
2026-09-07 19:21:38.653,1788808898.654,5669,28,67,4406.19,4406.27,8.0,PASS_<=10c,+0.0,FLAT,+0.0,+69.0,4.4,+0.00,0.00,SLOW,4405.50,4406.54,4403.14,4406.23,0.00,0.00,0.0,BEARISH,340.0,4406.19,4406.19,4406.19,4406.19,38,CLEARED_>=20s,1.0,0.0,0.0,0.0,0.0,0.0,0.0,PASS_<20%,0.00,0.0,NO,STANDBY_VEL_LOW,1,1321.86,3268.14,132.45,FALSE,M1_DIRECTION_MISMATCH
2026-09-07 19:21:39.155,1788808899.155,5670,29,68,4406.19,4406.27,8.0,PASS_<=10c,+0.0,FLAT,+0.0,+69.0,4.3,+0.00,0.00,SLOW,4405.50,4406.54,4403.14,4406.23,0.00,0.00,0.0,BEARISH,340.0,4406.19,4406.19,4406.19,4406.19,39,CLEARED_>=20s,1.0,0.0,0.0,0.0,0.0,0.0,0.0,PASS_<20%,0.00,0.0,NO,STANDBY_VEL_LOW,1,1321.86,3268.14,132.45,FALSE,M1_DIRECTION_MISMATCH
2026-09-07 19:21:39.657,1788808899.658,5671,30,69,4406.19,4406.27,8.0,PASS_<=10c,+0.0,FLAT,+0.0,+69.0,4.3,+0.00,0.00,SLOW,4405.50,4406.54,4403.14,4406.23,0.00,0.00,0.0,BEARISH,340.0,4406.19,4406.19,4406.19,4406.19,39,CLEARED_>=20s,1.0,0.0,0.0,0.0,0.0,0.0,0.0,PASS_<20%,0.00,0.0,NO,STANDBY_VEL_LOW,1,1321.86,3268.14,132.45,FALSE,M1_DIRECTION_MISMATCH
2026-09-07 19:21:40.158,1788808900.159,5672,31,70,4406.19,4406.27,8.0,PASS_<=10c,+0.0,FLAT,+0.0,+69.0,4.2,+0.00,0.00,SLOW,4405.50,4406.54,4403.14,4406.23,0.00,0.00,0.0,BEARISH,340.0,4406.19,4406.19,4406.19,4406.19,40,CLEARED_>=20s,1.0,0.0,0.0,0.0,0.0,0.0,0.0,PASS_<20%,0.00,0.0,NO,STANDBY_VEL_LOW,1,1321.86,3268.14,132.45,FALSE,M1_DIRECTION_MISMATCH
2026-09-07 19:21:40.659,1788808900.660,5673,32,71,4406.19,4406.27,8.0,PASS_<=10c,+0.0,FLAT,+0.0,+69.0,4.2,+0.00,0.00,SLOW,4405.50,4406.54,4403.14,4406.23,0.00,0.00,0.0,BEARISH,340.0,4406.19,4406.19,4406.19,4406.19,40,CLEARED_>=20s,1.0,0.0,0.0,0.0,0.0,0.0,0.0,PASS_<20%,0.00,0.0,NO,STANDBY_VEL_LOW,1,1321.86,3268.14,132.45,FALSE,M1_DIRECTION_MISMATCH
2026-09-07 19:21:41.163,1788808901.164,5674,33,72,4406.19,4406.27,8.0,PASS_<=10c,+0.0,FLAT,+0.0,+69.0,4.2,+0.00,0.00,SLOW,4405.50,4406.54,4403.14,4406.23,0.00,0.00,0.0,BEARISH,340.0,4406.19,4406.19,4406.19,4406.19,41,CLEARED_>=20s,1.0,0.0,0.0,0.0,0.0,0.0,0.0,PASS_<20%,0.00,0.0,NO,STANDBY_VEL_LOW,1,1321.86,3268.14,132.45,FALSE,M1_DIRECTION_MISMATCH
2026-09-07 19:21:41.664,1788808901.664,5675,34,73,4406.19,4406.27,8.0,PASS_<=10c,+0.0,FLAT,+0.0,+69.0,4.2,+0.00,0.00,SLOW,4405.50,4406.54,4403.14,4406.23,0.00,0.00,0.0,BEARISH,340.0,4406.19,4406.19,4406.19,4406.19,41,CLEARED_>=20s,1.0,0.0,0.0,0.0,0.0,0.0,0.0,PASS_<20%,0.00,0.0,NO,STANDBY_VEL_LOW,1,1321.86,3268.14,132.45,FALSE,M1_DIRECTION_MISMATCH
2026-09-07 19:21:42.166,1788808902.167,5676,35,74,4406.19,4406.27,8.0,PASS_<=10c,+0.0,FLAT,+0.0,+69.0,4.2,+0.00,0.00,SLOW,4405.50,4406.54,4403.14,4406.23,0.00,0.00,0.0,BEARISH,340.0,4406.19,4406.19,4406.19,4406.19,42,CLEARED_>=20s,1.0,0.0,0.0,0.0,0.0,0.0,0.0,PASS_<20%,0.00,0.0,NO,STANDBY_VEL_LOW,1,1321.86,3268.14,132.45,FALSE,M1_DIRECTION_MISMATCH
2026-09-07 19:21:42.667,1788808902.668,5677,36,75,4406.19,4406.27,8.0,PASS_<=10c,+0.0,FLAT,+0.0,+69.0,4.2,+0.00,0.00,SLOW,4405.50,4406.54,4403.14,4406.23,0.00,0.00,0.0,BEARISH,340.0,4406.19,4406.19,4406.19,4406.19,42,CLEARED_>=20s,1.0,0.0,0.0,0.0,0.0,0.0,0.0,PASS_<20%,0.00,0.0,NO,STANDBY_VEL_LOW,1,1321.86,3268.14,132.45,FALSE,M1_DIRECTION_MISMATCH
2026-09-07 19:21:53.049,1788808913.050,5678,37,76,4406.19,4406.27,8.0,PASS_<=10c,+0.0,FLAT,+0.0,+69.0,1.3,+0.00,0.00,SLOW,4405.50,4406.54,4403.14,4406.23,0.00,0.00,0.0,BEARISH,340.0,4406.19,4406.19,4406.19,4406.19,53,CLEARED_>=20s,1.0,0.0,0.0,0.0,0.0,0.0,0.0,PASS_<20%,0.00,0.0,NO,STANDBY_VEL_LOW,1,1321.86,3268.14,132.45,FALSE,M1_DIRECTION_MISMATCH
2026-09-07 19:21:59.872,1788808919.872,5679,38,77,4406.19,4406.27,8.0,PASS_<=10c,+0.0,FLAT,+0.0,+69.0,1.3,+0.00,0.00,SLOW,4405.50,4406.54,4403.14,4406.23,0.00,0.00,0.0,BEARISH,340.0,4406.19,4406.19,4406.19,4406.19,59,CLEARED_>=20s,1.0,0.0,0.0,0.0,0.0,0.0,0.0,PASS_<20%,0.00,0.0,NO,STANDBY_VEL_LOW,1,1321.86,3268.14,132.45,FALSE,M1_DIRECTION_MISMATCH
2026-09-07 19:22:00.227,1788808920.227,5680,1,78,4406.19,4406.27,8.0,PASS_<=10c,+0.0,FLAT,+0.0,+69.0,1.9,+0.00,0.00,SLOW,4405.50,4406.54,4403.14,4406.23,0.00,0.00,0.0,BEARISH,340.0,4406.19,4406.19,4406.19,4406.19,0,ACTIVE_0s,1.0,0.0,0.0,0.0,0.0,0.0,0.0,PASS_<20%,0.00,0.0,NO,STANDBY_VEL_LOW,1,1321.86,3268.14,132.45,FALSE,M1_DIRECTION_MISMATCH|OPENING_SHIELD_ACTIVE_0s
2026-09-07 19:22:00.729,1788808920.730,5681,2,79,4406.19,4406.27,8.0,PASS_<=10c,+0.0,FLAT,+0.0,+69.0,2.3,+0.00,0.00,SLOW,4405.50,4406.54,4403.14,4406.23,0.00,0.00,0.0,BEARISH,340.0,4406.19,4406.19,4406.19,4406.19,0,ACTIVE_0s,1.0,0.0,0.0,0.0,0.0,0.0,0.0,PASS_<20%,0.00,0.0,NO,STANDBY_VEL_LOW,1,1321.86,3268.14,132.45,FALSE,M1_DIRECTION_MISMATCH|OPENING_SHIELD_ACTIVE_0s
2026-09-07 19:22:01.231,1788808921.231,5682,3,80,4406.19,4406.27,8.0,PASS_<=10c,+0.0,FLAT,+0.0,+69.0,2.6,+0.00,0.00,SLOW,4405.50,4406.54,4403.14,4406.23,0.00,0.00,0.0,BEARISH,340.0,4406.19,4406.19,4406.19,4406.19,1,ACTIVE_1s,1.0,0.0,0.0,0.0,0.0,0.0,0.0,PASS_<20%,0.00,0.0,NO,STANDBY_VEL_LOW,1,1321.86,3268.14,132.45,FALSE,M1_DIRECTION_MISMATCH|OPENING_SHIELD_ACTIVE_1s
2026-09-07 19:22:01.733,1788808921.733,5683,4,81,4406.19,4406.27,8.0,PASS_<=10c,+0.0,FLAT,+0.0,+69.0,2.8,+0.00,0.00,SLOW,4405.50,4406.54,4403.14,4406.23,0.00,0.00,0.0,BEARISH,340.0,4406.19,4406.19,4406.19,4406.19,1,ACTIVE_1s,1.0,0.0,0.0,0.0,0.0,0.0,0.0,PASS_<20%,0.00,0.0,NO,STANDBY_VEL_LOW,1,1321.86,3268.14,132.45,FALSE,M1_DIRECTION_MISMATCH|OPENING_SHIELD_ACTIVE_1s
2026-09-07 19:22:02.234,1788808922.235,5684,5,82,4406.19,4406.27,8.0,PASS_<=10c,+0.0,FLAT,+0.0,+69.0,3.0,+0.00,0.00,SLOW,4405.50,4406.54,4403.14,4406.23,0.00,0.00,0.0,BEARISH,340.0,4406.19,4406.19,4406.19,4406.19,2,ACTIVE_2s,1.0,0.0,0.0,0.0,0.0,0.0,0.0,PASS_<20%,0.00,0.0,NO,STANDBY_VEL_LOW,1,1321.86,3268.14,132.45,FALSE,M1_DIRECTION_MISMATCH|OPENING_SHIELD_ACTIVE_2s
2026-09-07 19:22:02.736,1788808922.737,5685,6,83,4406.19,4406.27,8.0,PASS_<=10c,+0.0,FLAT,+0.0,+69.0,3.1,+0.00,0.00,SLOW,4405.50,4406.54,4403.14,4406.23,0.00,0.00,0.0,BEARISH,340.0,4406.19,4406.19,4406.19,4406.19,2,ACTIVE_2s,1.0,0.0,0.0,0.0,0.0,0.0,0.0,PASS_<20%,0.00,0.0,NO,STANDBY_VEL_LOW,1,1321.86,3268.14,132.45,FALSE,M1_DIRECTION_MISMATCH|OPENING_SHIELD_ACTIVE_2s
2026-09-07 19:22:03.238,1788808923.238,5686,7,84,4406.19,4406.27,8.0,PASS_<=10c,+0.0,FLAT,+0.0,+69.0,4.5,+0.00,0.00,SLOW,4405.50,4406.54,4403.14,4406.23,0.00,0.00,0.0,BEARISH,340.0,4406.19,4406.19,4406.19,4406.19,3,ACTIVE_3s,1.0,0.0,0.0,0.0,0.0,0.0,0.0,PASS_<20%,0.00,0.0,NO,STANDBY_VEL_LOW,1,1321.86,3268.14,132.45,FALSE,M1_DIRECTION_MISMATCH|OPENING_SHIELD_ACTIVE_3s
2026-09-07 19:22:03.738,1788808923.739,5687,8,85,4406.19,4406.27,8.0,PASS_<=10c,+0.0,FLAT,+0.0,+69.0,4.4,+0.00,0.00,SLOW,4405.50,4406.54,4403.14,4406.23,0.00,0.00,0.0,BEARISH,340.0,4406.19,4406.19,4406.19,4406.19,3,ACTIVE_3s,1.0,0.0,0.0,0.0,0.0,0.0,0.0,PASS_<20%,0.00,0.0,NO,STANDBY_VEL_LOW,1,1321.86,3268.14,132.45,FALSE,M1_DIRECTION_MISMATCH|OPENING_SHIELD_ACTIVE_3s
2026-09-07 19:22:04.240,1788808924.241,5688,9,86,4406.19,4406.27,8.0,PASS_<=10c,+0.0,FLAT,+0.0,+69.0,4.3,+0.00,0.00,SLOW,4405.50,4406.54,4403.14,4406.23,0.00,0.00,0.0,BEARISH,340.0,4406.19,4406.19,4406.19,4406.19,4,ACTIVE_4s,1.0,0.0,0.0,0.0,0.0,0.0,0.0,PASS_<20%,0.00,0.0,NO,STANDBY_VEL_LOW,1,1321.86,3268.14,132.45,FALSE,M1_DIRECTION_MISMATCH|OPENING_SHIELD_ACTIVE_4s
2026-09-07 19:22:04.742,1788808924.743,5689,10,87,4406.19,4406.27,8.0,PASS_<=10c,+0.0,FLAT,+0.0,+69.0,4.3,+0.00,0.00,SLOW,4405.50,4406.54,4403.14,4406.23,0.00,0.00,0.0,BEARISH,340.0,4406.19,4406.19,4406.19,4406.19,4,ACTIVE_4s,1.0,0.0,0.0,0.0,0.0,0.0,0.0,PASS_<20%,0.00,0.0,NO,STANDBY_VEL_LOW,1,1321.86,3268.14,132.45,FALSE,M1_DIRECTION_MISMATCH|OPENING_SHIELD_ACTIVE_4s
2026-09-07 19:22:05.243,1788808925.243,5690,11,88,4406.19,4406.27,8.0,PASS_<=10c,+0.0,FLAT,+0.0,+69.0,4.2,+0.00,0.00,SLOW,4405.50,4406.54,4403.14,4406.23,0.00,0.00,0.0,BEARISH,340.0,4406.19,4406.19,4406.19,4406.19,5,ACTIVE_5s,1.0,0.0,0.0,0.0,0.0,0.0,0.0,PASS_<20%,0.00,0.0,NO,STANDBY_VEL_LOW,1,1321.86,3268.14,132.45,FALSE,M1_DIRECTION_MISMATCH|OPENING_SHIELD_ACTIVE_5s
2026-09-07 19:22:05.744,1788808925.745,5691,12,89,4406.19,4406.27,8.0,PASS_<=10c,+0.0,FLAT,+0.0,+69.0,4.2,+0.00,0.00,SLOW,4405.50,4406.54,4403.14,4406.23,0.00,0.00,0.0,BEARISH,340.0,4406.19,4406.19,4406.19,4406.19,5,ACTIVE_5s,1.0,0.0,0.0,0.0,0.0,0.0,0.0,PASS_<20%,0.00,0.0,NO,STANDBY_VEL_LOW,1,1321.86,3268.14,132.45,FALSE,M1_DIRECTION_MISMATCH|OPENING_SHIELD_ACTIVE_5s
2026-09-07 19:22:06.246,1788808926.247,5692,13,90,4406.19,4406.27,8.0,PASS_<=10c,+0.0,FLAT,+0.0,+69.0,4.2,+0.00,0.00,SLOW,4405.50,4406.54,4403.14,4406.23,0.00,0.00,0.0,BEARISH,340.0,4406.19,4406.19,4406.19,4406.19,6,ACTIVE_6s,1.0,0.0,0.0,0.0,0.0,0.0,0.0,PASS_<20%,0.00,0.0,NO,STANDBY_VEL_LOW,1,1321.86,3268.14,132.45,FALSE,M1_DIRECTION_MISMATCH|OPENING_SHIELD_ACTIVE_6s
2026-09-07 19:22:06.748,1788808926.748,5693,14,91,4406.19,4406.27,8.0,PASS_<=10c,+0.0,FLAT,+0.0,+69.0,4.2,+0.00,0.00,SLOW,4405.50,4406.54,4403.14,4406.23,0.00,0.00,0.0,BEARISH,340.0,4406.19,4406.19,4406.19,4406.19,6,ACTIVE_6s,1.0,0.0,0.0,0.0,0.0,0.0,0.0,PASS_<20%,0.00,0.0,NO,STANDBY_VEL_LOW,1,1321.86,3268.14,132.45,FALSE,M1_DIRECTION_MISMATCH|OPENING_SHIELD_ACTIVE_6s
2026-09-07 19:22:07.249,1788808927.250,5694,15,92,4406.19,4406.27,8.0,PASS_<=10c,+0.0,FLAT,+0.0,+69.0,4.2,+0.00,0.00,SLOW,4405.50,4406.54,4403.14,4406.23,0.00,0.00,0.0,BEARISH,340.0,4406.19,4406.19,4406.19,4406.19,7,ACTIVE_7s,1.0,0.0,0.0,0.0,0.0,0.0,0.0,PASS_<20%,0.00,0.0,NO,STANDBY_VEL_LOW,1,1321.86,3268.14,132.45,FALSE,M1_DIRECTION_MISMATCH|OPENING_SHIELD_ACTIVE_7s
2026-09-07 19:22:07.752,1788808927.752,5695,16,93,4406.19,4406.27,8.0,PASS_<=10c,+0.0,FLAT,+0.0,+69.0,4.2,+0.00,0.00,SLOW,4405.50,4406.54,4403.14,4406.23,0.00,0.00,0.0,BEARISH,340.0,4406.19,4406.19,4406.19,4406.19,7,ACTIVE_7s,1.0,0.0,0.0,0.0,0.0,0.0,0.0,PASS_<20%,0.00,0.0,NO,STANDBY_VEL_LOW,1,1321.86,3268.14,132.45,FALSE,M1_DIRECTION_MISMATCH|OPENING_SHIELD_ACTIVE_7s
2026-09-07 19:22:18.128,1788808938.129,5696,17,94,4406.19,4406.27,8.0,PASS_<=10c,+0.0,FLAT,+0.0,+69.0,1.3,+0.00,0.00,SLOW,4405.50,4406.54,4403.14,4406.23,0.00,0.00,0.0,BEARISH,340.0,4406.19,4406.19,4406.19,4406.19,18,ACTIVE_18s,1.0,0.0,0.0,0.0,0.0,0.0,0.0,PASS_<20%,0.00,0.0,NO,STANDBY_VEL_LOW,1,1321.86,3268.14,132.45,FALSE,M1_DIRECTION_MISMATCH|OPENING_SHIELD_ACTIVE_18s
2026-09-07 19:22:24.350,1788808944.350,5697,18,95,4406.19,4406.27,8.0,PASS_<=10c,+0.0,FLAT,+0.0,+69.0,1.8,+0.00,0.00,SLOW,4405.50,4406.54,4403.14,4406.23,0.00,0.00,0.0,BEARISH,340.0,4406.19,4406.19,4406.19,4406.19,24,CLEARED_>=20s,1.0,0.0,0.0,0.0,0.0,0.0,0.0,PASS_<20%,0.00,0.0,NO,STANDBY_VEL_LOW,1,1321.86,3268.14,132.45,FALSE,M1_DIRECTION_MISMATCH
2026-09-07 19:22:24.707,1788808944.707,5698,19,96,4406.19,4406.27,8.0,PASS_<=10c,+0.0,FLAT,+0.0,+69.0,2.7,+0.00,0.00,SLOW,4405.50,4406.54,4403.14,4406.23,0.00,0.00,0.0,BEARISH,340.0,4406.19,4406.19,4406.19,4406.19,24,CLEARED_>=20s,1.0,0.0,0.0,0.0,0.0,0.0,0.0,PASS_<20%,0.00,0.0,NO,STANDBY_VEL_LOW,1,1321.86,3268.14,132.45,FALSE,M1_DIRECTION_MISMATCH
2026-09-07 19:22:25.207,1788808945.208,5699,20,97,4406.19,4406.27,8.0,PASS_<=10c,+0.0,FLAT,+0.0,+69.0,3.1,+0.00,0.00,SLOW,4405.50,4406.54,4403.14,4406.23,0.00,0.00,0.0,BEARISH,340.0,4406.19,4406.19,4406.19,4406.19,25,CLEARED_>=20s,1.0,0.0,0.0,0.0,0.0,0.0,0.0,PASS_<20%,0.00,0.0,NO,STANDBY_VEL_LOW,1,1321.86,3268.14,132.45,FALSE,M1_DIRECTION_MISMATCH
2026-09-07 19:22:25.713,1788808945.713,5700,21,98,4406.19,4406.27,8.0,PASS_<=10c,+0.0,FLAT,+0.0,+69.0,3.2,+0.00,0.00,SLOW,4405.50,4406.54,4403.14,4406.23,0.00,0.00,0.0,BEARISH,340.0,4406.19,4406.19,4406.19,4406.19,25,CLEARED_>=20s,1.0,0.0,0.0,0.0,0.0,0.0,0.0,PASS_<20%,0.00,0.0,NO,STANDBY_VEL_LOW,1,1321.86,3268.14,132.45,FALSE,M1_DIRECTION_MISMATCH
2026-09-07 19:22:26.210,1788808946.210,5701,22,99,4406.19,4406.27,8.0,PASS_<=10c,+0.0,FLAT,+0.0,+69.0,3.4,+0.00,0.00,SLOW,4405.50,4406.54,4403.14,4406.23,0.00,0.00,0.0,BEARISH,340.0,4406.19,4406.19,4406.19,4406.19,26,CLEARED_>=20s,1.0,0.0,0.0,0.0,0.0,0.0,0.0,PASS_<20%,0.00,0.0,NO,STANDBY_VEL_LOW,1,1321.86,3268.14,132.45,FALSE,M1_DIRECTION_MISMATCH
2026-09-07 19:22:26.712,1788808946.712,5702,23,100,4406.19,4406.27,8.0,PASS_<=10c,+0.0,FLAT,+0.0,+69.0,3.5,+0.00,0.00,SLOW,4405.50,4406.54,4403.14,4406.23,0.00,0.00,0.0,BEARISH,340.0,4406.19,4406.19,4406.19,4406.19,26,CLEARED_>=20s,1.0,0.0,0.0,0.0,0.0,0.0,0.0,PASS_<20%,0.00,0.0,NO,STANDBY_VEL_LOW,1,1321.86,3268.14,132.45,FALSE,M1_DIRECTION_MISMATCH
2026-09-07 19:22:27.213,1788808947.214,5703,24,101,4406.19,4406.27,8.0,PASS_<=10c,+0.0,FLAT,+0.0,+69.0,3.5,+0.00,0.00,SLOW,4405.50,4406.54,4403.14,4406.23,0.00,0.00,0.0,BEARISH,340.0,4406.19,4406.19,4406.19,4406.19,27,CLEARED_>=20s,1.0,0.0,0.0,0.0,0.0,0.0,0.0,PASS_<20%,0.00,0.0,NO,STANDBY_VEL_LOW,1,1321.86,3268.14,132.45,FALSE,M1_DIRECTION_MISMATCH
2026-09-07 19:22:27.715,1788808947.716,5704,25,102,4406.19,4406.27,8.0,PASS_<=10c,+0.0,FLAT,+0.0,+69.0,3.6,+0.00,0.00,SLOW,4405.50,4406.54,4403.14,4406.23,0.00,0.00,0.0,BEARISH,340.0,4406.19,4406.19,4406.19,4406.19,27,CLEARED_>=20s,1.0,0.0,0.0,0.0,0.0,0.0,0.0,PASS_<20%,0.00,0.0,NO,STANDBY_VEL_LOW,1,1321.86,3268.14,132.45,FALSE,M1_DIRECTION_MISMATCH
2026-09-07 19:22:28.216,1788808948.217,5705,26,103,4406.19,4406.27,8.0,PASS_<=10c,+0.0,FLAT,+0.0,+69.0,3.6,+0.00,0.00,SLOW,4405.50,4406.54,4403.14,4406.23,0.00,0.00,0.0,BEARISH,340.0,4406.19,4406.19,4406.19,4406.19,28,CLEARED_>=20s,1.0,0.0,0.0,0.0,0.0,0.0,0.0,PASS_<20%,0.00,0.0,NO,STANDBY_VEL_LOW,1,1321.86,3268.14,132.45,FALSE,M1_DIRECTION_MISMATCH
2026-09-07 19:22:28.718,1788808948.719,5706,27,104,4406.19,4406.27,8.0,PASS_<=10c,+0.0,FLAT,+0.0,+69.0,4.3,+0.00,0.00,SLOW,4405.50,4406.54,4403.14,4406.23,0.00,0.00,0.0,BEARISH,340.0,4406.19,4406.19,4406.19,4406.19,28,CLEARED_>=20s,1.0,0.0,0.0,0.0,0.0,0.0,0.0,PASS_<20%,0.00,0.0,NO,STANDBY_VEL_LOW,1,1321.86,3268.14,132.45,FALSE,M1_DIRECTION_MISMATCH
2026-09-07 19:22:29.220,1788808949.220,5707,28,105,4406.19,4406.27,8.0,PASS_<=10c,+0.0,FLAT,+0.0,+69.0,4.3,+0.00,0.00,SLOW,4405.50,4406.54,4403.14,4406.23,0.00,0.00,0.0,BEARISH,340.0,4406.19,4406.19,4406.19,4406.19,29,CLEARED_>=20s,1.0,0.0,0.0,0.0,0.0,0.0,0.0,PASS_<20%,0.00,0.0,NO,STANDBY_VEL_LOW,1,1321.86,3268.14,132.45,FALSE,M1_DIRECTION_MISMATCH
2026-09-07 19:22:29.721,1788808949.721,5708,29,106,4406.19,4406.27,8.0,PASS_<=10c,+0.0,FLAT,+0.0,+69.0,4.2,+0.00,0.00,SLOW,4405.50,4406.54,4403.14,4406.23,0.00,0.00,0.0,BEARISH,340.0,4406.19,4406.19,4406.19,4406.19,29,CLEARED_>=20s,1.0,0.0,0.0,0.0,0.0,0.0,0.0,PASS_<20%,0.00,0.0,NO,STANDBY_VEL_LOW,1,1321.86,3268.14,132.45,FALSE,M1_DIRECTION_MISMATCH
2026-09-07 19:22:30.223,1788808950.223,5709,30,107,4406.19,4406.27,8.0,PASS_<=10c,+0.0,FLAT,+0.0,+69.0,4.2,+0.00,0.00,SLOW,4405.50,4406.54,4403.14,4406.23,0.00,0.00,0.0,BEARISH,340.0,4406.19,4406.19,4406.19,4406.19,30,CLEARED_>=20s,1.0,0.0,0.0,0.0,0.0,0.0,0.0,PASS_<20%,0.00,0.0,NO,STANDBY_VEL_LOW,1,1321.86,3268.14,132.45,FALSE,M1_DIRECTION_MISMATCH
2026-09-07 19:22:30.724,1788808950.725,5710,31,108,4406.19,4406.27,8.0,PASS_<=10c,+0.0,FLAT,+0.0,+69.0,4.2,+0.00,0.00,SLOW,4405.50,4406.54,4403.14,4406.23,0.00,0.00,0.0,BEARISH,340.0,4406.19,4406.19,4406.19,4406.19,30,CLEARED_>=20s,1.0,0.0,0.0,0.0,0.0,0.0,0.0,PASS_<20%,0.00,0.0,NO,STANDBY_VEL_LOW,1,1321.86,3268.14,132.45,FALSE,M1_DIRECTION_MISMATCH
2026-09-07 19:22:31.225,1788808951.226,5711,32,109,4406.19,4406.27,8.0,PASS_<=10c,+0.0,FLAT,+0.0,+69.0,4.2,+0.00,0.00,SLOW,4405.50,4406.54,4403.14,4406.23,0.00,0.00,0.0,BEARISH,340.0,4406.19,4406.19,4406.19,4406.19,31,CLEARED_>=20s,1.0,0.0,0.0,0.0,0.0,0.0,0.0,PASS_<20%,0.00,0.0,NO,STANDBY_VEL_LOW,1,1321.86,3268.14,132.45,FALSE,M1_DIRECTION_MISMATCH
2026-09-07 19:22:31.726,1788808951.726,5712,33,110,4406.19,4406.27,8.0,PASS_<=10c,+0.0,FLAT,+0.0,+69.0,4.2,+0.00,0.00,SLOW,4405.50,4406.54,4403.14,4406.23,0.00,0.00,0.0,BEARISH,340.0,4406.19,4406.19,4406.19,4406.19,31,CLEARED_>=20s,1.0,0.0,0.0,0.0,0.0,0.0,0.0,PASS_<20%,0.00,0.0,NO,STANDBY_VEL_LOW,1,1321.86,3268.14,132.45,FALSE,M1_DIRECTION_MISMATCH
2026-09-07 19:22:32.227,1788808952.228,5713,34,111,4406.19,4406.27,8.0,PASS_<=10c,+0.0,FLAT,+0.0,+69.0,4.2,+0.00,0.00,SLOW,4405.50,4406.54,4403.14,4406.23,0.00,0.00,0.0,BEARISH,340.0,4406.19,4406.19,4406.19,4406.19,32,CLEARED_>=20s,1.0,0.0,0.0,0.0,0.0,0.0,0.0,PASS_<20%,0.00,0.0,NO,STANDBY_VEL_LOW,1,1321.86,3268.14,132.45,FALSE,M1_DIRECTION_MISMATCH
2026-09-07 19:22:42.607,1788808962.607,5714,35,112,4406.19,4406.27,8.0,PASS_<=10c,+0.0,FLAT,+0.0,+69.0,1.3,+0.00,0.00,SLOW,4405.50,4406.54,4403.14,4406.23,0.00,0.00,0.0,BEARISH,340.0,4406.19,4406.19,4406.19,4406.19,42,CLEARED_>=20s,1.0,0.0,0.0,0.0,0.0,0.0,0.0,PASS_<20%,0.00,0.0,NO,STANDBY_VEL_LOW,1,1321.86,3268.14,132.45,FALSE,M1_DIRECTION_MISMATCH
2026-09-07 19:22:48.835,1788808968.836,5715,36,113,4406.19,4406.27,8.0,PASS_<=10c,+0.0,FLAT,+0.0,+69.0,1.8,+0.00,0.00,SLOW,4405.50,4406.54,4403.14,4406.23,0.00,0.00,0.0,BEARISH,340.0,4406.19,4406.19,4406.19,4406.19,48,CLEARED_>=20s,1.0,0.0,0.0,0.0,0.0,0.0,0.0,PASS_<20%,0.00,0.0,NO,STANDBY_VEL_LOW,1,1321.86,3268.14,132.45,FALSE,M1_DIRECTION_MISMATCH
2026-09-07 19:22:49.195,1788808969.195,5716,37,114,4406.19,4406.27,8.0,PASS_<=10c,+0.0,FLAT,+0.0,+69.0,2.7,+0.00,0.00,SLOW,4405.50,4406.54,4403.14,4406.23,0.00,0.00,0.0,BEARISH,340.0,4406.19,4406.19,4406.19,4406.19,49,CLEARED_>=20s,1.0,0.0,0.0,0.0,0.0,0.0,0.0,PASS_<20%,0.00,0.0,NO,STANDBY_VEL_LOW,1,1321.86,3268.14,132.45,FALSE,M1_DIRECTION_MISMATCH
2026-09-07 19:22:49.692,1788808969.692,5717,38,115,4406.19,4406.27,8.0,PASS_<=10c,+0.0,FLAT,+0.0,+69.0,3.1,+0.00,0.00,SLOW,4405.50,4406.54,4403.14,4406.23,0.00,0.00,0.0,BEARISH,340.0,4406.19,4406.19,4406.19,4406.19,49,CLEARED_>=20s,1.0,0.0,0.0,0.0,0.0,0.0,0.0,PASS_<20%,0.00,0.0,NO,STANDBY_VEL_LOW,1,1321.86,3268.14,132.45,FALSE,M1_DIRECTION_MISMATCH
2026-09-07 19:22:50.193,1788808970.193,5718,39,116,4406.19,4406.27,8.0,PASS_<=10c,+0.0,FLAT,+0.0,+69.0,3.2,+0.00,0.00,SLOW,4405.50,4406.54,4403.14,4406.23,0.00,0.00,0.0,BEARISH,340.0,4406.19,4406.19,4406.19,4406.19,50,CLEARED_>=20s,1.0,0.0,0.0,0.0,0.0,0.0,0.0,PASS_<20%,0.00,0.0,NO,STANDBY_VEL_LOW,1,1321.86,3268.14,132.45,FALSE,M1_DIRECTION_MISMATCH
2026-09-07 19:22:50.695,1788808970.695,5719,40,117,4406.19,4406.27,8.0,PASS_<=10c,+0.0,FLAT,+0.0,+69.0,3.4,+0.00,0.00,SLOW,4405.50,4406.54,4403.14,4406.23,0.00,0.00,0.0,BEARISH,340.0,4406.19,4406.19,4406.19,4406.19,50,CLEARED_>=20s,1.0,0.0,0.0,0.0,0.0,0.0,0.0,PASS_<20%,0.00,0.0,NO,STANDBY_VEL_LOW,1,1321.86,3268.14,132.45,FALSE,M1_DIRECTION_MISMATCH
2026-09-07 19:22:51.197,1788808971.197,5720,41,118,4406.19,4406.27,8.0,PASS_<=10c,+0.0,FLAT,+0.0,+69.0,3.5,+0.00,0.00,SLOW,4405.50,4406.54,4403.14,4406.23,0.00,0.00,0.0,BEARISH,340.0,4406.19,4406.19,4406.19,4406.19,51,CLEARED_>=20s,1.0,0.0,0.0,0.0,0.0,0.0,0.0,PASS_<20%,0.00,0.0,NO,STANDBY_VEL_LOW,1,1321.86,3268.14,132.45,FALSE,M1_DIRECTION_MISMATCH
2026-09-07 19:22:51.699,1788808971.700,5721,42,119,4406.19,4406.27,8.0,PASS_<=10c,+0.0,FLAT,+0.0,+69.0,3.5,+0.00,0.00,SLOW,4405.50,4406.54,4403.14,4406.23,0.00,0.00,0.0,BEARISH,340.0,4406.19,4406.19,4406.19,4406.19,51,CLEARED_>=20s,1.0,0.0,0.0,0.0,0.0,0.0,0.0,PASS_<20%,0.00,0.0,NO,STANDBY_VEL_LOW,1,1321.86,3268.14,132.45,FALSE,M1_DIRECTION_MISMATCH
2026-09-07 19:22:52.199,1788808972.200,5722,43,120,4406.19,4406.27,8.0,PASS_<=10c,+0.0,FLAT,+0.0,+69.0,3.6,+0.00,0.00,SLOW,4405.50,4406.54,4403.14,4406.23,0.00,0.00,0.0,BEARISH,340.0,4406.19,4406.19,4406.19,4406.19,52,CLEARED_>=20s,1.0,0.0,0.0,0.0,0.0,0.0,0.0,PASS_<20%,0.00,0.0,NO,STANDBY_VEL_LOW,1,1321.86,3268.14,132.45,FALSE,M1_DIRECTION_MISMATCH
2026-09-07 19:22:52.701,1788808972.701,5723,44,121,4406.19,4406.27,8.0,PASS_<=10c,+0.0,FLAT,+0.0,+69.0,3.6,+0.00,0.00,SLOW,4405.50,4406.54,4403.14,4406.23,0.00,0.00,0.0,BEARISH,340.0,4406.19,4406.19,4406.19,4406.19,52,CLEARED_>=20s,1.0,0.0,0.0,0.0,0.0,0.0,0.0,PASS_<20%,0.00,0.0,NO,STANDBY_VEL_LOW,1,1321.86,3268.14,132.45,FALSE,M1_DIRECTION_MISMATCH
2026-09-07 19:22:53.203,1788808973.203,5724,45,122,4406.19,4406.27,8.0,PASS_<=10c,+0.0,FLAT,+0.0,+69.0,4.4,+0.00,0.00,SLOW,4405.50,4406.54,4403.14,4406.23,0.00,0.00,0.0,BEARISH,340.0,4406.19,4406.19,4406.19,4406.19,53,CLEARED_>=20s,1.0,0.0,0.0,0.0,0.0,0.0,0.0,PASS_<20%,0.00,0.0,NO,STANDBY_VEL_LOW,1,1321.86,3268.14,132.45,FALSE,M1_DIRECTION_MISMATCH
2026-09-07 19:22:53.703,1788808973.704,5725,46,123,4406.19,4406.27,8.0,PASS_<=10c,+0.0,FLAT,+0.0,+69.0,4.3,+0.00,0.00,SLOW,4405.50,4406.54,4403.14,4406.23,0.00,0.00,0.0,BEARISH,340.0,4406.19,4406.19,4406.19,4406.19,53,CLEARED_>=20s,1.0,0.0,0.0,0.0,0.0,0.0,0.0,PASS_<20%,0.00,0.0,NO,STANDBY_VEL_LOW,1,1321.86,3268.14,132.45,FALSE,M1_DIRECTION_MISMATCH
2026-09-07 19:22:54.205,1788808974.205,5726,47,124,4406.19,4406.27,8.0,PASS_<=10c,+0.0,FLAT,+0.0,+69.0,4.2,+0.00,0.00,SLOW,4405.50,4406.54,4403.14,4406.23,0.00,0.00,0.0,BEARISH,340.0,4406.19,4406.19,4406.19,4406.19,54,CLEARED_>=20s,1.0,0.0,0.0,0.0,0.0,0.0,0.0,PASS_<20%,0.00,0.0,NO,STANDBY_VEL_LOW,1,1321.86,3268.14,132.45,FALSE,M1_DIRECTION_MISMATCH
2026-09-07 19:22:54.708,1788808974.708,5727,48,125,4406.19,4406.27,8.0,PASS_<=10c,+0.0,FLAT,+0.0,+69.0,4.2,+0.00,0.00,SLOW,4405.50,4406.54,4403.14,4406.23,0.00,0.00,0.0,BEARISH,340.0,4406.19,4406.19,4406.19,4406.19,54,CLEARED_>=20s,1.0,0.0,0.0,0.0,0.0,0.0,0.0,PASS_<20%,0.00,0.0,NO,STANDBY_VEL_LOW,1,1321.86,3268.14,132.45,FALSE,M1_DIRECTION_MISMATCH
2026-09-07 19:22:55.215,1788808975.215,5728,49,126,4406.19,4406.27,8.0,PASS_<=10c,+0.0,FLAT,+0.0,+69.0,4.2,+0.00,0.00,SLOW,4405.50,4406.54,4403.14,4406.23,0.00,0.00,0.0,BEARISH,340.0,4406.19,4406.19,4406.19,4406.19,55,CLEARED_>=20s,1.0,0.0,0.0,0.0,0.0,0.0,0.0,PASS_<20%,0.00,0.0,NO,STANDBY_VEL_LOW,1,1321.86,3268.14,132.45,FALSE,M1_DIRECTION_MISMATCH
2026-09-07 19:22:55.713,1788808975.713,5729,50,127,4406.19,4406.27,8.0,PASS_<=10c,+0.0,FLAT,+0.0,+69.0,4.2,+0.00,0.00,SLOW,4405.50,4406.54,4403.14,4406.23,0.00,0.00,0.0,BEARISH,340.0,4406.19,4406.19,4406.19,4406.19,55,CLEARED_>=20s,1.0,0.0,0.0,0.0,0.0,0.0,0.0,PASS_<20%,0.00,0.0,NO,STANDBY_VEL_LOW,1,1321.86,3268.14,132.45,FALSE,M1_DIRECTION_MISMATCH
2026-09-07 19:22:56.214,1788808976.215,5730,51,128,4406.19,4406.27,8.0,PASS_<=10c,+0.0,FLAT,+0.0,+69.0,4.2,+0.00,0.00,SLOW,4405.50,4406.54,4403.14,4406.23,0.00,0.00,0.0,BEARISH,340.0,4406.19,4406.19,4406.19,4406.19,56,CLEARED_>=20s,1.0,0.0,0.0,0.0,0.0,0.0,0.0,PASS_<20%,0.00,0.0,NO,STANDBY_VEL_LOW,1,1321.86,3268.14,132.45,FALSE,M1_DIRECTION_MISMATCH
2026-09-07 19:22:56.717,1788808976.717,5731,52,129,4406.19,4406.27,8.0,PASS_<=10c,+0.0,FLAT,+0.0,+69.0,4.2,+0.00,0.00,SLOW,4405.50,4406.54,4403.14,4406.23,0.00,0.00,0.0,BEARISH,340.0,4406.19,4406.19,4406.19,4406.19,56,CLEARED_>=20s,1.0,0.0,0.0,0.0,0.0,0.0,0.0,PASS_<20%,0.00,0.0,NO,STANDBY_VEL_LOW,1,1321.86,3268.14,132.45,FALSE,M1_DIRECTION_MISMATCH
2026-09-07 19:23:07.121,1788808987.121,5732,1,130,4406.19,4406.27,8.0,PASS_<=10c,+0.0,FLAT,+0.0,+69.0,1.3,+0.00,0.00,SLOW,4405.50,4406.54,4403.14,4406.23,0.00,0.00,0.0,BEARISH,340.0,4406.19,4406.19,4406.19,4406.19,7,ACTIVE_7s,1.0,0.0,0.0,0.0,0.0,0.0,0.0,PASS_<20%,0.00,0.0,NO,STANDBY_VEL_LOW,1,1321.86,3268.14,132.45,FALSE,M1_DIRECTION_MISMATCH|OPENING_SHIELD_ACTIVE_7s
2026-09-07 19:23:12.940,1788808992.940,5733,2,131,4406.19,4406.27,8.0,PASS_<=10c,+0.0,FLAT,+0.0,+69.0,2.0,+0.00,0.00,SLOW,4405.50,4406.54,4403.14,4406.23,0.00,0.00,0.0,BEARISH,340.0,4406.19,4406.19,4406.19,4406.19,12,ACTIVE_12s,1.0,0.0,0.0,0.0,0.0,0.0,0.0,PASS_<20%,0.00,0.0,NO,STANDBY_VEL_LOW,1,1321.86,3268.14,132.45,FALSE,M1_DIRECTION_MISMATCH|OPENING_SHIELD_ACTIVE_12s
2026-09-07 19:23:13.294,1788808993.294,5734,3,132,4406.19,4406.27,8.0,PASS_<=10c,+0.0,FLAT,+0.0,+69.0,3.8,+0.00,0.00,SLOW,4405.50,4406.54,4403.14,4406.23,0.00,0.00,0.0,BEARISH,340.0,4406.19,4406.19,4406.19,4406.19,13,ACTIVE_13s,1.0,0.0,0.0,0.0,0.0,0.0,0.0,PASS_<20%,0.00,0.0,NO,STANDBY_VEL_LOW,1,1321.86,3268.14,132.45,FALSE,M1_DIRECTION_MISMATCH|OPENING_SHIELD_ACTIVE_13s
2026-09-07 19:23:13.795,1788808993.796,5735,4,133,4406.19,4406.27,8.0,PASS_<=10c,+0.0,FLAT,+0.0,+69.0,3.9,+0.00,0.00,SLOW,4405.50,4406.54,4403.14,4406.23,0.00,0.00,0.0,BEARISH,340.0,4406.19,4406.19,4406.19,4406.19,13,ACTIVE_13s,1.0,0.0,0.0,0.0,0.0,0.0,0.0,PASS_<20%,0.00,0.0,NO,STANDBY_VEL_LOW,1,1321.86,3268.14,132.45,FALSE,M1_DIRECTION_MISMATCH|OPENING_SHIELD_ACTIVE_13s
2026-09-07 19:23:14.297,1788808994.297,5736,5,134,4406.19,4406.27,8.0,PASS_<=10c,+0.0,FLAT,+0.0,+69.0,3.9,+0.00,0.00,SLOW,4405.50,4406.54,4403.14,4406.23,0.00,0.00,0.0,BEARISH,340.0,4406.19,4406.19,4406.19,4406.19,14,ACTIVE_14s,1.0,0.0,0.0,0.0,0.0,0.0,0.0,PASS_<20%,0.00,0.0,NO,STANDBY_VEL_LOW,1,1321.86,3268.14,132.45,FALSE,M1_DIRECTION_MISMATCH|OPENING_SHIELD_ACTIVE_14s
2026-09-07 19:23:14.799,1788808994.799,5737,6,135,4406.19,4406.27,8.0,PASS_<=10c,+0.0,FLAT,+0.0,+69.0,3.9,+0.00,0.00,SLOW,4405.50,4406.54,4403.14,4406.23,0.00,0.00,0.0,BEARISH,340.0,4406.19,4406.19,4406.19,4406.19,14,ACTIVE_14s,1.0,0.0,0.0,0.0,0.0,0.0,0.0,PASS_<20%,0.00,0.0,NO,STANDBY_VEL_LOW,1,1321.86,3268.14,132.45,FALSE,M1_DIRECTION_MISMATCH|OPENING_SHIELD_ACTIVE_14s
2026-09-07 19:23:15.300,1788808995.301,5738,7,136,4406.19,4406.27,8.0,PASS_<=10c,+0.0,FLAT,+0.0,+69.0,3.9,+0.00,0.00,SLOW,4405.50,4406.54,4403.14,4406.23,0.00,0.00,0.0,BEARISH,340.0,4406.19,4406.19,4406.19,4406.19,15,ACTIVE_15s,1.0,0.0,0.0,0.0,0.0,0.0,0.0,PASS_<20%,0.00,0.0,NO,STANDBY_VEL_LOW,1,1321.86,3268.14,132.45,FALSE,M1_DIRECTION_MISMATCH|OPENING_SHIELD_ACTIVE_15s
2026-09-07 19:23:15.802,1788808995.802,5739,8,137,4406.19,4406.27,8.0,PASS_<=10c,+0.0,FLAT,+0.0,+69.0,3.9,+0.00,0.00,SLOW,4405.50,4406.54,4403.14,4406.23,0.00,0.00,0.0,BEARISH,340.0,4406.19,4406.19,4406.19,4406.19,15,ACTIVE_15s,1.0,0.0,0.0,0.0,0.0,0.0,0.0,PASS_<20%,0.00,0.0,NO,STANDBY_VEL_LOW,1,1321.86,3268.14,132.45,FALSE,M1_DIRECTION_MISMATCH|OPENING_SHIELD_ACTIVE_15s
2026-09-07 19:23:16.304,1788808996.304,5740,9,138,4406.19,4406.27,8.0,PASS_<=10c,+0.0,FLAT,+0.0,+69.0,3.9,+0.00,0.00,SLOW,4405.50,4406.54,4403.14,4406.23,0.00,0.00,0.0,BEARISH,340.0,4406.19,4406.19,4406.19,4406.19,16,ACTIVE_16s,1.0,0.0,0.0,0.0,0.0,0.0,0.0,PASS_<20%,0.00,0.0,NO,STANDBY_VEL_LOW,1,1321.86,3268.14,132.45,FALSE,M1_DIRECTION_MISMATCH|OPENING_SHIELD_ACTIVE_16s
2026-09-07 19:23:16.805,1788808996.806,5741,10,139,4406.19,4406.27,8.0,PASS_<=10c,+0.0,FLAT,+0.0,+69.0,3.9,+0.00,0.00,SLOW,4405.50,4406.54,4403.14,4406.23,0.00,0.00,0.0,BEARISH,340.0,4406.19,4406.19,4406.19,4406.19,16,ACTIVE_16s,1.0,0.0,0.0,0.0,0.0,0.0,0.0,PASS_<20%,0.00,0.0,NO,STANDBY_VEL_LOW,1,1321.86,3268.14,132.45,FALSE,M1_DIRECTION_MISMATCH|OPENING_SHIELD_ACTIVE_16s
2026-09-07 19:23:17.307,1788808997.307,5742,11,140,4406.19,4406.27,8.0,PASS_<=10c,+0.0,FLAT,+0.0,+69.0,4.4,+0.00,0.00,SLOW,4405.50,4406.54,4403.14,4406.23,0.00,0.00,0.0,BEARISH,340.0,4406.19,4406.19,4406.19,4406.19,17,ACTIVE_17s,1.0,0.0,0.0,0.0,0.0,0.0,0.0,PASS_<20%,0.00,0.0,NO,STANDBY_VEL_LOW,1,1321.86,3268.14,132.45,FALSE,M1_DIRECTION_MISMATCH|OPENING_SHIELD_ACTIVE_17s
2026-09-07 19:23:17.809,1788808997.809,5743,12,141,4406.19,4406.27,8.0,PASS_<=10c,+0.0,FLAT,+0.0,+69.0,4.3,+0.00,0.00,SLOW,4405.50,4406.54,4403.14,4406.23,0.00,0.00,0.0,BEARISH,340.0,4406.19,4406.19,4406.19,4406.19,17,ACTIVE_17s,1.0,0.0,0.0,0.0,0.0,0.0,0.0,PASS_<20%,0.00,0.0,NO,STANDBY_VEL_LOW,1,1321.86,3268.14,132.45,FALSE,M1_DIRECTION_MISMATCH|OPENING_SHIELD_ACTIVE_17s
2026-09-07 19:23:18.311,1788808998.311,5744,13,142,4406.19,4406.27,8.0,PASS_<=10c,+0.0,FLAT,+0.0,+69.0,4.2,+0.00,0.00,SLOW,4405.50,4406.54,4403.14,4406.23,0.00,0.00,0.0,BEARISH,340.0,4406.19,4406.19,4406.19,4406.19,18,ACTIVE_18s,1.0,0.0,0.0,0.0,0.0,0.0,0.0,PASS_<20%,0.00,0.0,NO,STANDBY_VEL_LOW,1,1321.86,3268.14,132.45,FALSE,M1_DIRECTION_MISMATCH|OPENING_SHIELD_ACTIVE_18s
2026-09-07 19:23:18.813,1788808998.813,5745,14,143,4406.19,4406.27,8.0,PASS_<=10c,+0.0,FLAT,+0.0,+69.0,4.2,+0.00,0.00,SLOW,4405.50,4406.54,4403.14,4406.23,0.00,0.00,0.0,BEARISH,340.0,4406.19,4406.19,4406.19,4406.19,18,ACTIVE_18s,1.0,0.0,0.0,0.0,0.0,0.0,0.0,PASS_<20%,0.00,0.0,NO,STANDBY_VEL_LOW,1,1321.86,3268.14,132.45,FALSE,M1_DIRECTION_MISMATCH|OPENING_SHIELD_ACTIVE_18s
2026-09-07 19:23:19.315,1788808999.316,5746,15,144,4406.19,4406.27,8.0,PASS_<=10c,+0.0,FLAT,+0.0,+69.0,4.2,+0.00,0.00,SLOW,4405.50,4406.54,4403.14,4406.23,0.00,0.00,0.0,BEARISH,340.0,4406.19,4406.19,4406.19,4406.19,19,ACTIVE_19s,1.0,0.0,0.0,0.0,0.0,0.0,0.0,PASS_<20%,0.00,0.0,NO,STANDBY_VEL_LOW,1,1321.86,3268.14,132.45,FALSE,M1_DIRECTION_MISMATCH|OPENING_SHIELD_ACTIVE_19s
2026-09-07 19:23:19.816,1788808999.816,5747,16,145,4406.19,4406.27,8.0,PASS_<=10c,+0.0,FLAT,+0.0,+69.0,4.2,+0.00,0.00,SLOW,4405.50,4406.54,4403.14,4406.23,0.00,0.00,0.0,BEARISH,340.0,4406.19,4406.19,4406.19,4406.19,19,ACTIVE_19s,1.0,0.0,0.0,0.0,0.0,0.0,0.0,PASS_<20%,0.00,0.0,NO,STANDBY_VEL_LOW,1,1321.86,3268.14,132.45,FALSE,M1_DIRECTION_MISMATCH|OPENING_SHIELD_ACTIVE_19s
2026-09-07 19:23:20.317,1788809000.318,5748,17,146,4406.19,4406.27,8.0,PASS_<=10c,+0.0,FLAT,+0.0,+69.0,4.2,+0.00,0.00,SLOW,4405.50,4406.54,4403.14,4406.23,0.00,0.00,0.0,BEARISH,340.0,4406.19,4406.19,4406.19,4406.19,20,CLEARED_>=20s,1.0,0.0,0.0,0.0,0.0,0.0,0.0,PASS_<20%,0.00,0.0,NO,STANDBY_VEL_LOW,1,1321.86,3268.14,132.45,FALSE,M1_DIRECTION_MISMATCH
2026-09-07 19:23:20.818,1788809000.819,5749,18,147,4406.19,4406.27,8.0,PASS_<=10c,+0.0,FLAT,+0.0,+69.0,4.2,+0.00,0.00,SLOW,4405.50,4406.54,4403.14,4406.23,0.00,0.00,0.0,BEARISH,340.0,4406.19,4406.19,4406.19,4406.19,20,CLEARED_>=20s,1.0,0.0,0.0,0.0,0.0,0.0,0.0,PASS_<20%,0.00,0.0,NO,STANDBY_VEL_LOW,1,1321.86,3268.14,132.45,FALSE,M1_DIRECTION_MISMATCH
2026-09-07 19:23:31.215,1788809011.216,5750,19,148,4406.19,4406.27,8.0,PASS_<=10c,+0.0,FLAT,+0.0,+69.0,1.3,+0.00,0.00,SLOW,4405.50,4406.54,4403.14,4406.23,0.00,0.00,0.0,BEARISH,340.0,4406.19,4406.19,4406.19,4406.19,31,CLEARED_>=20s,1.0,0.0,0.0,0.0,0.0,0.0,0.0,PASS_<20%,0.00,0.0,NO,STANDBY_VEL_LOW,1,1321.86,3268.14,132.45,FALSE,M1_DIRECTION_MISMATCH
2026-09-07 19:23:38.239,1788809018.240,5751,20,149,4406.19,4406.27,8.0,PASS_<=10c,+0.0,FLAT,+0.0,+69.0,1.3,+0.00,0.00,SLOW,4405.50,4406.54,4403.14,4406.23,0.00,0.00,0.0,BEARISH,340.0,4406.19,4406.19,4406.19,4406.19,38,CLEARED_>=20s,1.0,0.0,0.0,0.0,0.0,0.0,0.0,PASS_<20%,0.00,0.0,NO,STANDBY_VEL_LOW,1,1321.86,3268.14,132.45,FALSE,M1_DIRECTION_MISMATCH
2026-09-07 19:23:38.594,1788809018.595,5752,21,150,4406.19,4406.27,8.0,PASS_<=10c,+0.0,FLAT,+0.0,+69.0,1.8,+0.00,0.00,SLOW,4405.50,4406.54,4403.14,4406.23,0.00,0.00,0.0,BEARISH,340.0,4406.19,4406.19,4406.19,4406.19,38,CLEARED_>=20s,1.0,0.0,0.0,0.0,0.0,0.0,0.0,PASS_<20%,0.00,0.0,NO,STANDBY_VEL_LOW,1,1321.86,3268.14,132.45,FALSE,M1_DIRECTION_MISMATCH
2026-09-07 19:23:39.096,1788809019.097,5753,22,151,4406.19,4406.27,8.0,PASS_<=10c,+0.0,FLAT,+0.0,+69.0,2.2,+0.00,0.00,SLOW,4405.50,4406.54,4403.14,4406.23,0.00,0.00,0.0,BEARISH,340.0,4406.19,4406.19,4406.19,4406.19,39,CLEARED_>=20s,1.0,0.0,0.0,0.0,0.0,0.0,0.0,PASS_<20%,0.00,0.0,NO,STANDBY_VEL_LOW,1,1321.86,3268.14,132.45,FALSE,M1_DIRECTION_MISMATCH
2026-09-07 19:23:39.598,1788809019.599,5754,23,152,4406.19,4406.27,8.0,PASS_<=10c,+0.0,FLAT,+0.0,+69.0,2.5,+0.00,0.00,SLOW,4405.50,4406.54,4403.14,4406.23,0.00,0.00,0.0,BEARISH,340.0,4406.19,4406.19,4406.19,4406.19,39,CLEARED_>=20s,1.0,0.0,0.0,0.0,0.0,0.0,0.0,PASS_<20%,0.00,0.0,NO,STANDBY_VEL_LOW,1,1321.86,3268.14,132.45,FALSE,M1_DIRECTION_MISMATCH
2026-09-07 19:23:40.100,1788809020.100,5755,24,153,4406.19,4406.27,8.0,PASS_<=10c,+0.0,FLAT,+0.0,+69.0,2.7,+0.00,0.00,SLOW,4405.50,4406.54,4403.14,4406.23,0.00,0.00,0.0,BEARISH,340.0,4406.19,4406.19,4406.19,4406.19,40,CLEARED_>=20s,1.0,0.0,0.0,0.0,0.0,0.0,0.0,PASS_<20%,0.00,0.0,NO,STANDBY_VEL_LOW,1,1321.86,3268.14,132.45,FALSE,M1_DIRECTION_MISMATCH
2026-09-07 19:23:40.601,1788809020.601,5756,25,154,4406.19,4406.27,8.0,PASS_<=10c,+0.0,FLAT,+0.0,+69.0,2.8,+0.00,0.00,SLOW,4405.50,4406.54,4403.14,4406.23,0.00,0.00,0.0,BEARISH,340.0,4406.19,4406.19,4406.19,4406.19,40,CLEARED_>=20s,1.0,0.0,0.0,0.0,0.0,0.0,0.0,PASS_<20%,0.00,0.0,NO,STANDBY_VEL_LOW,1,1321.86,3268.14,132.45,FALSE,M1_DIRECTION_MISMATCH
2026-09-07 19:23:41.103,1788809021.104,5757,26,155,4406.19,4406.27,8.0,PASS_<=10c,+0.0,FLAT,+0.0,+69.0,2.9,+0.00,0.00,SLOW,4405.50,4406.54,4403.14,4406.23,0.00,0.00,0.0,BEARISH,340.0,4406.19,4406.19,4406.19,4406.19,41,CLEARED_>=20s,1.0,0.0,0.0,0.0,0.0,0.0,0.0,PASS_<20%,0.00,0.0,NO,STANDBY_VEL_LOW,1,1321.86,3268.14,132.45,FALSE,M1_DIRECTION_MISMATCH
2026-09-07 19:23:41.604,1788809021.605,5758,27,156,4406.19,4406.27,8.0,PASS_<=10c,+0.0,FLAT,+0.0,+69.0,4.5,+0.00,0.00,SLOW,4405.50,4406.54,4403.14,4406.23,0.00,0.00,0.0,BEARISH,340.0,4406.19,4406.19,4406.19,4406.19,41,CLEARED_>=20s,1.0,0.0,0.0,0.0,0.0,0.0,0.0,PASS_<20%,0.00,0.0,NO,STANDBY_VEL_LOW,1,1321.86,3268.14,132.45,FALSE,M1_DIRECTION_MISMATCH
2026-09-07 19:23:42.106,1788809022.106,5759,28,157,4406.19,4406.27,8.0,PASS_<=10c,+0.0,FLAT,+0.0,+69.0,4.4,+0.00,0.00,SLOW,4405.50,4406.54,4403.14,4406.23,0.00,0.00,0.0,BEARISH,340.0,4406.19,4406.19,4406.19,4406.19,42,CLEARED_>=20s,1.0,0.0,0.0,0.0,0.0,0.0,0.0,PASS_<20%,0.00,0.0,NO,STANDBY_VEL_LOW,1,1321.86,3268.14,132.45,FALSE,M1_DIRECTION_MISMATCH
2026-09-07 19:23:42.608,1788809022.608,5760,29,158,4406.19,4406.27,8.0,PASS_<=10c,+0.0,FLAT,+0.0,+69.0,4.4,+0.00,0.00,SLOW,4405.50,4406.54,4403.14,4406.23,0.00,0.00,0.0,BEARISH,340.0,4406.19,4406.19,4406.19,4406.19,42,CLEARED_>=20s,1.0,0.0,0.0,0.0,0.0,0.0,0.0,PASS_<20%,0.00,0.0,NO,STANDBY_VEL_LOW,1,1321.86,3268.14,132.45,FALSE,M1_DIRECTION_MISMATCH
2026-09-07 19:23:43.109,1788809023.109,5761,30,159,4406.19,4406.27,8.0,PASS_<=10c,+0.0,FLAT,+0.0,+69.0,4.3,+0.00,0.00,SLOW,4405.50,4406.54,4403.14,4406.23,0.00,0.00,0.0,BEARISH,340.0,4406.19,4406.19,4406.19,4406.19,43,CLEARED_>=20s,1.0,0.0,0.0,0.0,0.0,0.0,0.0,PASS_<20%,0.00,0.0,NO,STANDBY_VEL_LOW,1,1321.86,3268.14,132.45,FALSE,M1_DIRECTION_MISMATCH
2026-09-07 19:23:43.611,1788809023.611,5762,31,160,4406.19,4406.27,8.0,PASS_<=10c,+0.0,FLAT,+0.0,+69.0,4.2,+0.00,0.00,SLOW,4405.50,4406.54,4403.14,4406.23,0.00,0.00,0.0,BEARISH,340.0,4406.19,4406.19,4406.19,4406.19,43,CLEARED_>=20s,1.0,0.0,0.0,0.0,0.0,0.0,0.0,PASS_<20%,0.00,0.0,NO,STANDBY_VEL_LOW,1,1321.86,3268.14,132.45,FALSE,M1_DIRECTION_MISMATCH
2026-09-07 19:23:44.112,1788809024.113,5763,32,161,4406.19,4406.27,8.0,PASS_<=10c,+0.0,FLAT,+0.0,+69.0,4.2,+0.00,0.00,SLOW,4405.50,4406.54,4403.14,4406.23,0.00,0.00,0.0,BEARISH,340.0,4406.19,4406.19,4406.19,4406.19,44,CLEARED_>=20s,1.0,0.0,0.0,0.0,0.0,0.0,0.0,PASS_<20%,0.00,0.0,NO,STANDBY_VEL_LOW,1,1321.86,3268.14,132.45,FALSE,M1_DIRECTION_MISMATCH
2026-09-07 19:23:44.614,1788809024.614,5764,33,162,4406.19,4406.27,8.0,PASS_<=10c,+0.0,FLAT,+0.0,+69.0,4.2,+0.00,0.00,SLOW,4405.50,4406.54,4403.14,4406.23,0.00,0.00,0.0,BEARISH,340.0,4406.19,4406.19,4406.19,4406.19,44,CLEARED_>=20s,1.0,0.0,0.0,0.0,0.0,0.0,0.0,PASS_<20%,0.00,0.0,NO,STANDBY_VEL_LOW,1,1321.86,3268.14,132.45,FALSE,M1_DIRECTION_MISMATCH
2026-09-07 19:23:45.115,1788809025.116,5765,34,163,4406.19,4406.27,8.0,PASS_<=10c,+0.0,FLAT,+0.0,+69.0,4.2,+0.00,0.00,SLOW,4405.50,4406.54,4403.14,4406.23,0.00,0.00,0.0,BEARISH,340.0,4406.19,4406.19,4406.19,4406.19,45,CLEARED_>=20s,1.0,0.0,0.0,0.0,0.0,0.0,0.0,PASS_<20%,0.00,0.0,NO,STANDBY_VEL_LOW,1,1321.86,3268.14,132.45,FALSE,M1_DIRECTION_MISMATCH
2026-09-07 19:23:45.617,1788809025.617,5766,35,164,4406.19,4406.27,8.0,PASS_<=10c,+0.0,FLAT,+0.0,+69.0,4.2,+0.00,0.00,SLOW,4405.50,4406.54,4403.14,4406.23,0.00,0.00,0.0,BEARISH,340.0,4406.19,4406.19,4406.19,4406.19,45,CLEARED_>=20s,1.0,0.0,0.0,0.0,0.0,0.0,0.0,PASS_<20%,0.00,0.0,NO,STANDBY_VEL_LOW,1,1321.86,3268.14,132.45,FALSE,M1_DIRECTION_MISMATCH
2026-09-07 19:23:46.118,1788809026.118,5767,36,165,4406.19,4406.27,8.0,PASS_<=10c,+0.0,FLAT,+0.0,+69.0,4.2,+0.00,0.00,SLOW,4405.50,4406.54,4403.14,4406.23,0.00,0.00,0.0,BEARISH,340.0,4406.19,4406.19,4406.19,4406.19,46,CLEARED_>=20s,1.0,0.0,0.0,0.0,0.0,0.0,0.0,PASS_<20%,0.00,0.0,NO,STANDBY_VEL_LOW,1,1321.86,3268.14,132.45,FALSE,M1_DIRECTION_MISMATCH
2026-09-07 19:23:56.498,1788809036.498,5768,37,166,4406.19,4406.27,8.0,PASS_<=10c,+0.0,FLAT,+0.0,+69.0,1.3,+0.00,0.00,SLOW,4405.50,4406.54,4403.14,4406.23,0.00,0.00,0.0,BEARISH,340.0,4406.19,4406.19,4406.19,4406.19,56,CLEARED_>=20s,1.0,0.0,0.0,0.0,0.0,0.0,0.0,PASS_<20%,0.00,0.0,NO,STANDBY_VEL_LOW,1,1321.86,3268.14,132.45,FALSE,M1_DIRECTION_MISMATCH
2026-09-07 19:24:01.725,1788809041.726,5769,1,167,4406.19,4406.27,8.0,PASS_<=10c,+0.0,FLAT,+0.0,+69.0,2.0,+0.00,0.00,SLOW,4405.50,4406.54,4403.14,4406.23,0.00,0.00,0.0,BEARISH,340.0,4406.19,4406.19,4406.19,4406.19,1,ACTIVE_1s,1.0,0.0,0.0,0.0,0.0,0.0,0.0,PASS_<20%,0.00,0.0,NO,STANDBY_VEL_LOW,1,1321.86,3268.14,132.45,FALSE,M1_DIRECTION_MISMATCH|OPENING_SHIELD_ACTIVE_1s
2026-09-07 19:24:02.227,1788809042.227,5770,2,168,4406.19,4406.27,8.0,PASS_<=10c,+0.0,FLAT,+0.0,+69.0,4.0,+0.00,0.00,SLOW,4405.50,4406.54,4403.14,4406.23,0.00,0.00,0.0,BEARISH,340.0,4406.19,4406.19,4406.19,4406.19,2,ACTIVE_2s,1.0,0.0,0.0,0.0,0.0,0.0,0.0,PASS_<20%,0.00,0.0,NO,STANDBY_VEL_LOW,1,1321.86,3268.14,132.45,FALSE,M1_DIRECTION_MISMATCH|OPENING_SHIELD_ACTIVE_2s
2026-09-07 19:24:02.728,1788809042.729,5771,3,169,4406.19,4406.27,8.0,PASS_<=10c,+0.0,FLAT,+0.0,+69.0,5.4,+0.00,0.00,SLOW,4405.50,4406.54,4403.14,4406.23,0.00,0.00,0.0,BEARISH,340.0,4406.19,4406.19,4406.19,4406.19,2,ACTIVE_2s,1.0,0.0,0.0,0.0,0.0,0.0,0.0,PASS_<20%,0.00,0.0,NO,STANDBY_VEL_LOW,1,1321.86,3268.14,132.45,FALSE,M1_DIRECTION_MISMATCH|OPENING_SHIELD_ACTIVE_2s
2026-09-07 19:24:03.230,1788809043.230,5772,4,170,4406.19,4406.27,8.0,PASS_<=10c,+0.0,FLAT,+0.0,+69.0,5.0,+0.00,0.00,SLOW,4405.50,4406.54,4403.14,4406.23,0.00,0.00,0.0,BEARISH,340.0,4406.19,4406.19,4406.19,4406.19,3,ACTIVE_3s,1.0,0.0,0.0,0.0,0.0,0.0,0.0,PASS_<20%,0.00,0.0,NO,STANDBY_VEL_LOW,1,1321.86,3268.14,132.45,FALSE,M1_DIRECTION_MISMATCH|OPENING_SHIELD_ACTIVE_3s
2026-09-07 19:24:03.732,1788809043.732,5773,5,171,4406.19,4406.27,8.0,PASS_<=10c,+0.0,FLAT,+0.0,+69.0,4.7,+0.00,0.00,SLOW,4405.50,4406.54,4403.14,4406.23,0.00,0.00,0.0,BEARISH,340.0,4406.19,4406.19,4406.19,4406.19,3,ACTIVE_3s,1.0,0.0,0.0,0.0,0.0,0.0,0.0,PASS_<20%,0.00,0.0,NO,STANDBY_VEL_LOW,1,1321.86,3268.14,132.45,FALSE,M1_DIRECTION_MISMATCH|OPENING_SHIELD_ACTIVE_3s
2026-09-07 19:24:04.234,1788809044.235,5774,6,172,4406.19,4406.27,8.0,PASS_<=10c,+0.0,FLAT,+0.0,+69.0,4.6,+0.00,0.00,SLOW,4405.50,4406.54,4403.14,4406.23,0.00,0.00,0.0,BEARISH,340.0,4406.19,4406.19,4406.19,4406.19,4,ACTIVE_4s,1.0,0.0,0.0,0.0,0.0,0.0,0.0,PASS_<20%,0.00,0.0,NO,STANDBY_VEL_LOW,1,1321.86,3268.14,132.45,FALSE,M1_DIRECTION_MISMATCH|OPENING_SHIELD_ACTIVE_4s
2026-09-07 19:24:04.734,1788809044.735,5775,7,173,4406.19,4406.27,8.0,PASS_<=10c,+0.0,FLAT,+0.0,+69.0,4.5,+0.00,0.00,SLOW,4405.50,4406.54,4403.14,4406.23,0.00,0.00,0.0,BEARISH,340.0,4406.19,4406.19,4406.19,4406.19,4,ACTIVE_4s,1.0,0.0,0.0,0.0,0.0,0.0,0.0,PASS_<20%,0.00,0.0,NO,STANDBY_VEL_LOW,1,1321.86,3268.14,132.45,FALSE,M1_DIRECTION_MISMATCH|OPENING_SHIELD_ACTIVE_4s
2026-09-07 19:24:05.236,1788809045.236,5776,8,174,4406.19,4406.27,8.0,PASS_<=10c,+0.0,FLAT,+0.0,+69.0,4.4,+0.00,0.00,SLOW,4405.50,4406.54,4403.14,4406.23,0.00,0.00,0.0,BEARISH,340.0,4406.19,4406.19,4406.19,4406.19,5,ACTIVE_5s,1.0,0.0,0.0,0.0,0.0,0.0,0.0,PASS_<20%,0.00,0.0,NO,STANDBY_VEL_LOW,1,1321.86,3268.14,132.45,FALSE,M1_DIRECTION_MISMATCH|OPENING_SHIELD_ACTIVE_5s
2026-09-07 19:24:05.737,1788809045.738,5777,9,175,4406.19,4406.27,8.0,PASS_<=10c,+0.0,FLAT,+0.0,+69.0,4.4,+0.00,0.00,SLOW,4405.50,4406.54,4403.14,4406.23,0.00,0.00,0.0,BEARISH,340.0,4406.19,4406.19,4406.19,4406.19,5,ACTIVE_5s,1.0,0.0,0.0,0.0,0.0,0.0,0.0,PASS_<20%,0.00,0.0,NO,STANDBY_VEL_LOW,1,1321.86,3268.14,132.45,FALSE,M1_DIRECTION_MISMATCH|OPENING_SHIELD_ACTIVE_5s
2026-09-07 19:24:06.239,1788809046.239,5778,10,176,4406.19,4406.27,8.0,PASS_<=10c,+0.0,FLAT,+0.0,+69.0,4.3,+0.00,0.00,SLOW,4405.50,4406.54,4403.14,4406.23,0.00,0.00,0.0,BEARISH,340.0,4406.19,4406.19,4406.19,4406.19,6,ACTIVE_6s,1.0,0.0,0.0,0.0,0.0,0.0,0.0,PASS_<20%,0.00,0.0,NO,STANDBY_VEL_LOW,1,1321.86,3268.14,132.45,FALSE,M1_DIRECTION_MISMATCH|OPENING_SHIELD_ACTIVE_6s
2026-09-07 19:24:06.741,1788809046.741,5779,11,177,4406.19,4406.27,8.0,PASS_<=10c,+0.0,FLAT,+0.0,+69.0,4.2,+0.00,0.00,SLOW,4405.50,4406.54,4403.14,4406.23,0.00,0.00,0.0,BEARISH,340.0,4406.19,4406.19,4406.19,4406.19,6,ACTIVE_6s,1.0,0.0,0.0,0.0,0.0,0.0,0.0,PASS_<20%,0.00,0.0,NO,STANDBY_VEL_LOW,1,1321.86,3268.14,132.45,FALSE,M1_DIRECTION_MISMATCH|OPENING_SHIELD_ACTIVE_6s
2026-09-07 19:24:07.242,1788809047.243,5780,12,178,4406.19,4406.27,8.0,PASS_<=10c,+0.0,FLAT,+0.0,+69.0,4.2,+0.00,0.00,SLOW,4405.50,4406.54,4403.14,4406.23,0.00,0.00,0.0,BEARISH,340.0,4406.19,4406.19,4406.19,4406.19,7,ACTIVE_7s,1.0,0.0,0.0,0.0,0.0,0.0,0.0,PASS_<20%,0.00,0.0,NO,STANDBY_VEL_LOW,1,1321.86,3268.14,132.45,FALSE,M1_DIRECTION_MISMATCH|OPENING_SHIELD_ACTIVE_7s
2026-09-07 19:24:07.745,1788809047.745,5781,13,179,4406.19,4406.27,8.0,PASS_<=10c,+0.0,FLAT,+0.0,+69.0,4.2,+0.00,0.00,SLOW,4405.50,4406.54,4403.14,4406.23,0.00,0.00,0.0,BEARISH,340.0,4406.19,4406.19,4406.19,4406.19,7,ACTIVE_7s,1.0,0.0,0.0,0.0,0.0,0.0,0.0,PASS_<20%,0.00,0.0,NO,STANDBY_VEL_LOW,1,1321.86,3268.14,132.45,FALSE,M1_DIRECTION_MISMATCH|OPENING_SHIELD_ACTIVE_7s
2026-09-07 19:24:08.247,1788809048.248,5782,14,180,4406.19,4406.27,8.0,PASS_<=10c,+0.0,FLAT,+0.0,+69.0,4.2,+0.00,0.00,SLOW,4405.50,4406.54,4403.14,4406.23,0.00,0.00,0.0,BEARISH,340.0,4406.19,4406.19,4406.19,4406.19,8,ACTIVE_8s,1.0,0.0,0.0,0.0,0.0,0.0,0.0,PASS_<20%,0.00,0.0,NO,STANDBY_VEL_LOW,1,1321.86,3268.14,132.45,FALSE,M1_DIRECTION_MISMATCH|OPENING_SHIELD_ACTIVE_8s
2026-09-07 19:24:08.748,1788809048.749,5783,15,181,4406.19,4406.27,8.0,PASS_<=10c,+0.0,FLAT,+0.0,+69.0,4.2,+0.00,0.00,SLOW,4405.50,4406.54,4403.14,4406.23,0.00,0.00,0.0,BEARISH,340.0,4406.19,4406.19,4406.19,4406.19,8,ACTIVE_8s,1.0,0.0,0.0,0.0,0.0,0.0,0.0,PASS_<20%,0.00,0.0,NO,STANDBY_VEL_LOW,1,1321.86,3268.14,132.45,FALSE,M1_DIRECTION_MISMATCH|OPENING_SHIELD_ACTIVE_8s
2026-09-07 19:24:09.250,1788809049.250,5784,16,182,4406.19,4406.27,8.0,PASS_<=10c,+0.0,FLAT,+0.0,+69.0,4.2,+0.00,0.00,SLOW,4405.50,4406.54,4403.14,4406.23,0.00,0.00,0.0,BEARISH,340.0,4406.19,4406.19,4406.19,4406.19,9,ACTIVE_9s,1.0,0.0,0.0,0.0,0.0,0.0,0.0,PASS_<20%,0.00,0.0,NO,STANDBY_VEL_LOW,1,1321.86,3268.14,132.45,FALSE,M1_DIRECTION_MISMATCH|OPENING_SHIELD_ACTIVE_9s
2026-09-07 19:24:14.763,1788809054.764,5785,17,183,4406.19,4406.27,8.0,PASS_<=10c,+0.0,FLAT,+0.0,+69.0,1.6,+0.00,0.00,SLOW,4405.50,4406.54,4403.14,4406.23,0.00,0.00,0.0,BEARISH,340.0,4406.19,4406.19,4406.19,4406.19,14,ACTIVE_14s,1.0,0.0,0.0,0.0,0.0,0.0,0.0,PASS_<20%,0.00,0.0,NO,STANDBY_VEL_LOW,1,1321.86,3268.14,132.45,FALSE,M1_DIRECTION_MISMATCH|OPENING_SHIELD_ACTIVE_14s
2026-09-07 19:24:24.992,1788809064.992,5786,18,184,4406.19,4406.27,8.0,PASS_<=10c,+0.0,FLAT,+0.0,+69.0,1.3,+0.00,0.00,SLOW,4405.50,4406.54,4403.14,4406.23,0.00,0.00,0.0,BEARISH,340.0,4406.19,4406.19,4406.19,4406.19,24,CLEARED_>=20s,1.0,0.0,0.0,0.0,0.0,0.0,0.0,PASS_<20%,0.00,0.0,NO,STANDBY_VEL_LOW,1,1321.86,3268.14,132.45,FALSE,M1_DIRECTION_MISMATCH
2026-09-07 19:24:25.396,1788809065.397,5787,19,185,4406.19,4406.27,8.0,PASS_<=10c,+0.0,FLAT,+0.0,+69.0,3.0,+0.00,0.00,SLOW,4405.50,4406.54,4403.14,4406.23,0.00,0.00,0.0,BEARISH,340.0,4406.19,4406.19,4406.19,4406.19,25,CLEARED_>=20s,1.0,0.0,0.0,0.0,0.0,0.0,0.0,PASS_<20%,0.00,0.0,NO,STANDBY_VEL_LOW,1,1321.86,3268.14,132.45,FALSE,M1_DIRECTION_MISMATCH
2026-09-07 19:24:25.898,1788809065.899,5788,20,186,4406.19,4406.27,8.0,PASS_<=10c,+0.0,FLAT,+0.0,+69.0,5.0,+0.00,0.00,SLOW,4405.50,4406.54,4403.14,4406.23,0.00,0.00,0.0,BEARISH,340.0,4406.19,4406.19,4406.19,4406.19,25,CLEARED_>=20s,1.0,0.0,0.0,0.0,0.0,0.0,0.0,PASS_<20%,0.00,0.0,NO,STANDBY_VEL_LOW,1,1321.86,3268.14,132.45,FALSE,M1_DIRECTION_MISMATCH
2026-09-07 19:24:26.439,1788809066.440,5789,21,187,4406.19,4406.27,8.0,PASS_<=10c,+0.0,FLAT,+0.0,+69.0,4.8,+0.00,0.00,SLOW,4405.50,4406.54,4403.14,4406.23,0.00,0.00,0.0,BEARISH,340.0,4406.19,4406.19,4406.19,4406.19,26,CLEARED_>=20s,1.0,0.0,0.0,0.0,0.0,0.0,0.0,PASS_<20%,0.00,0.0,NO,STANDBY_VEL_LOW,1,1321.86,3268.14,132.45,FALSE,M1_DIRECTION_MISMATCH
2026-09-07 19:24:26.939,1788809066.940,5790,22,188,4406.19,4406.27,8.0,PASS_<=10c,+0.0,FLAT,+0.0,+69.0,4.6,+0.00,0.00,SLOW,4405.50,4406.54,4403.14,4406.23,0.00,0.00,0.0,BEARISH,340.0,4406.19,4406.19,4406.19,4406.19,26,CLEARED_>=20s,1.0,0.0,0.0,0.0,0.0,0.0,0.0,PASS_<20%,0.00,0.0,NO,STANDBY_VEL_LOW,1,1321.86,3268.14,132.45,FALSE,M1_DIRECTION_MISMATCH
2026-09-07 19:24:27.441,1788809067.441,5791,23,189,4406.19,4406.27,8.0,PASS_<=10c,+0.0,FLAT,+0.0,+69.0,4.5,+0.00,0.00,SLOW,4405.50,4406.54,4403.14,4406.23,0.00,0.00,0.0,BEARISH,340.0,4406.19,4406.19,4406.19,4406.19,27,CLEARED_>=20s,1.0,0.0,0.0,0.0,0.0,0.0,0.0,PASS_<20%,0.00,0.0,NO,STANDBY_VEL_LOW,1,1321.86,3268.14,132.45,FALSE,M1_DIRECTION_MISMATCH
2026-09-07 19:24:27.942,1788809067.943,5792,24,190,4406.19,4406.27,8.0,PASS_<=10c,+0.0,FLAT,+0.0,+69.0,4.4,+0.00,0.00,SLOW,4405.50,4406.54,4403.14,4406.23,0.00,0.00,0.0,BEARISH,340.0,4406.19,4406.19,4406.19,4406.19,27,CLEARED_>=20s,1.0,0.0,0.0,0.0,0.0,0.0,0.0,PASS_<20%,0.00,0.0,NO,STANDBY_VEL_LOW,1,1321.86,3268.14,132.45,FALSE,M1_DIRECTION_MISMATCH
2026-09-07 19:24:28.443,1788809068.444,5793,25,191,4406.19,4406.27,8.0,PASS_<=10c,+0.0,FLAT,+0.0,+69.0,4.3,+0.00,0.00,SLOW,4405.50,4406.54,4403.14,4406.23,0.00,0.00,0.0,BEARISH,340.0,4406.19,4406.19,4406.19,4406.19,28,CLEARED_>=20s,1.0,0.0,0.0,0.0,0.0,0.0,0.0,PASS_<20%,0.00,0.0,NO,STANDBY_VEL_LOW,1,1321.86,3268.14,132.45,FALSE,M1_DIRECTION_MISMATCH
2026-09-07 19:24:28.945,1788809068.945,5794,26,192,4406.19,4406.27,8.0,PASS_<=10c,+0.0,FLAT,+0.0,+69.0,4.3,+0.00,0.00,SLOW,4405.50,4406.54,4403.14,4406.23,0.00,0.00,0.0,BEARISH,340.0,4406.19,4406.19,4406.19,4406.19,28,CLEARED_>=20s,1.0,0.0,0.0,0.0,0.0,0.0,0.0,PASS_<20%,0.00,0.0,NO,STANDBY_VEL_LOW,1,1321.86,3268.14,132.45,FALSE,M1_DIRECTION_MISMATCH
2026-09-07 19:24:29.446,1788809069.447,5795,27,193,4406.19,4406.27,8.0,PASS_<=10c,+0.0,FLAT,+0.0,+69.0,4.3,+0.00,0.00,SLOW,4405.50,4406.54,4403.14,4406.23,0.00,0.00,0.0,BEARISH,340.0,4406.19,4406.19,4406.19,4406.19,29,CLEARED_>=20s,1.0,0.0,0.0,0.0,0.0,0.0,0.0,PASS_<20%,0.00,0.0,NO,STANDBY_VEL_LOW,1,1321.86,3268.14,132.45,FALSE,M1_DIRECTION_MISMATCH
2026-09-07 19:24:29.947,1788809069.948,5796,28,194,4406.19,4406.27,8.0,PASS_<=10c,+0.0,FLAT,+0.0,+69.0,4.2,+0.00,0.00,SLOW,4405.50,4406.54,4403.14,4406.23,0.00,0.00,0.0,BEARISH,340.0,4406.19,4406.19,4406.19,4406.19,29,CLEARED_>=20s,1.0,0.0,0.0,0.0,0.0,0.0,0.0,PASS_<20%,0.00,0.0,NO,STANDBY_VEL_LOW,1,1321.86,3268.14,132.45,FALSE,M1_DIRECTION_MISMATCH
2026-09-07 19:24:30.450,1788809070.450,5797,29,195,4406.19,4406.27,8.0,PASS_<=10c,+0.0,FLAT,+0.0,+69.0,4.2,+0.00,0.00,SLOW,4405.50,4406.54,4403.14,4406.23,0.00,0.00,0.0,BEARISH,340.0,4406.19,4406.19,4406.19,4406.19,30,CLEARED_>=20s,1.0,0.0,0.0,0.0,0.0,0.0,0.0,PASS_<20%,0.00,0.0,NO,STANDBY_VEL_LOW,1,1321.86,3268.14,132.45,FALSE,M1_DIRECTION_MISMATCH
2026-09-07 19:24:30.953,1788809070.953,5798,30,196,4406.19,4406.27,8.0,PASS_<=10c,+0.0,FLAT,+0.0,+69.0,4.2,+0.00,0.00,SLOW,4405.50,4406.54,4403.14,4406.23,0.00,0.00,0.0,BEARISH,340.0,4406.19,4406.19,4406.19,4406.19,30,CLEARED_>=20s,1.0,0.0,0.0,0.0,0.0,0.0,0.0,PASS_<20%,0.00,0.0,NO,STANDBY_VEL_LOW,1,1321.86,3268.14,132.45,FALSE,M1_DIRECTION_MISMATCH
2026-09-07 19:24:31.454,1788809071.454,5799,31,197,4406.19,4406.27,8.0,PASS_<=10c,+0.0,FLAT,+0.0,+69.0,4.2,+0.00,0.00,SLOW,4405.50,4406.54,4403.14,4406.23,0.00,0.00,0.0,BEARISH,340.0,4406.19,4406.19,4406.19,4406.19,31,CLEARED_>=20s,1.0,0.0,0.0,0.0,0.0,0.0,0.0,PASS_<20%,0.00,0.0,NO,STANDBY_VEL_LOW,1,1321.86,3268.14,132.45,FALSE,M1_DIRECTION_MISMATCH
2026-09-07 19:24:31.956,1788809071.956,5800,32,198,4406.19,4406.27,8.0,PASS_<=10c,+0.0,FLAT,+0.0,+69.0,4.2,+0.00,0.00,SLOW,4405.50,4406.54,4403.14,4406.23,0.00,0.00,0.0,BEARISH,340.0,4406.19,4406.19,4406.19,4406.19,31,CLEARED_>=20s,1.0,0.0,0.0,0.0,0.0,0.0,0.0,PASS_<20%,0.00,0.0,NO,STANDBY_VEL_LOW,1,1321.86,3268.14,132.45,FALSE,M1_DIRECTION_MISMATCH
2026-09-07 19:24:32.457,1788809072.458,5801,33,199,4406.19,4406.27,8.0,PASS_<=10c,+0.0,FLAT,+0.0,+69.0,4.2,+0.00,0.00,SLOW,4405.50,4406.54,4403.14,4406.23,0.00,0.00,0.0,BEARISH,340.0,4406.19,4406.19,4406.19,4406.19,32,CLEARED_>=20s,1.0,0.0,0.0,0.0,0.0,0.0,0.0,PASS_<20%,0.00,0.0,NO,STANDBY_VEL_LOW,1,1321.86,3268.14,132.45,FALSE,M1_DIRECTION_MISMATCH
2026-09-07 19:24:32.959,1788809072.959,5802,34,200,4406.19,4406.27,8.0,PASS_<=10c,+0.0,FLAT,+0.0,+69.0,4.2,+0.00,0.00,SLOW,4405.50,4406.54,4403.14,4406.23,0.00,0.00,0.0,BEARISH,340.0,4406.19,4406.19,4406.19,4406.19,32,CLEARED_>=20s,1.0,0.0,0.0,0.0,0.0,0.0,0.0,PASS_<20%,0.00,0.0,NO,STANDBY_VEL_LOW,1,1321.86,3268.14,132.45,FALSE,M1_DIRECTION_MISMATCH
2026-09-07 19:24:38.474,1788809078.475,5803,35,201,4406.19,4406.27,8.0,PASS_<=10c,+0.0,FLAT,+0.0,+69.0,1.7,+0.00,0.00,SLOW,4405.50,4406.54,4403.14,4406.23,0.00,0.00,0.0,BEARISH,340.0,4406.19,4406.19,4406.19,4406.19,38,CLEARED_>=20s,1.0,0.0,0.0,0.0,0.0,0.0,0.0,PASS_<20%,0.00,0.0,NO,STANDBY_VEL_LOW,1,1321.86,3268.14,132.45,FALSE,M1_DIRECTION_MISMATCH
2026-09-07 19:24:48.704,1788809088.705,5804,36,202,4406.19,4406.27,8.0,PASS_<=10c,+0.0,FLAT,+0.0,+69.0,1.3,+0.00,0.00,SLOW,4405.50,4406.54,4403.14,4406.23,0.00,0.00,0.0,BEARISH,340.0,4406.19,4406.19,4406.19,4406.19,48,CLEARED_>=20s,1.0,0.0,0.0,0.0,0.0,0.0,0.0,PASS_<20%,0.00,0.0,NO,STANDBY_VEL_LOW,1,1321.86,3268.14,132.45,FALSE,M1_DIRECTION_MISMATCH
2026-09-07 19:24:50.714,1788809090.715,5805,37,203,4406.19,4406.27,8.0,PASS_<=10c,+0.0,FLAT,+0.0,+69.0,1.5,+0.00,0.00,SLOW,4405.50,4406.54,4403.14,4406.23,0.00,0.00,0.0,BEARISH,340.0,4406.19,4406.19,4406.19,4406.19,50,CLEARED_>=20s,1.0,0.0,0.0,0.0,0.0,0.0,0.0,PASS_<20%,0.00,0.0,NO,STANDBY_VEL_LOW,1,1321.86,3268.14,132.45,FALSE,M1_DIRECTION_MISMATCH
2026-09-07 19:24:51.216,1788809091.217,5806,38,204,4406.19,4406.27,8.0,PASS_<=10c,+0.0,FLAT,+0.0,+69.0,2.0,+0.00,0.00,SLOW,4405.50,4406.54,4403.14,4406.23,0.00,0.00,0.0,BEARISH,340.0,4406.19,4406.19,4406.19,4406.19,51,CLEARED_>=20s,1.0,0.0,0.0,0.0,0.0,0.0,0.0,PASS_<20%,0.00,0.0,NO,STANDBY_VEL_LOW,1,1321.86,3268.14,132.45,FALSE,M1_DIRECTION_MISMATCH
2026-09-07 19:24:51.718,1788809091.719,5807,39,205,4406.19,4406.27,8.0,PASS_<=10c,+0.0,FLAT,+0.0,+69.0,2.3,+0.00,0.00,SLOW,4405.50,4406.54,4403.14,4406.23,0.00,0.00,0.0,BEARISH,340.0,4406.19,4406.19,4406.19,4406.19,51,CLEARED_>=20s,1.0,0.0,0.0,0.0,0.0,0.0,0.0,PASS_<20%,0.00,0.0,NO,STANDBY_VEL_LOW,1,1321.86,3268.14,132.45,FALSE,M1_DIRECTION_MISMATCH
2026-09-07 19:24:52.220,1788809092.220,5808,40,206,4406.19,4406.27,8.0,PASS_<=10c,+0.0,FLAT,+0.0,+69.0,2.6,+0.00,0.00,SLOW,4405.50,4406.54,4403.14,4406.23,0.00,0.00,0.0,BEARISH,340.0,4406.19,4406.19,4406.19,4406.19,52,CLEARED_>=20s,1.0,0.0,0.0,0.0,0.0,0.0,0.0,PASS_<20%,0.00,0.0,NO,STANDBY_VEL_LOW,1,1321.86,3268.14,132.45,FALSE,M1_DIRECTION_MISMATCH
2026-09-07 19:24:52.721,1788809092.722,5809,41,207,4406.19,4406.27,8.0,PASS_<=10c,+0.0,FLAT,+0.0,+69.0,2.7,+0.00,0.00,SLOW,4405.50,4406.54,4403.14,4406.23,0.00,0.00,0.0,BEARISH,340.0,4406.19,4406.19,4406.19,4406.19,52,CLEARED_>=20s,1.0,0.0,0.0,0.0,0.0,0.0,0.0,PASS_<20%,0.00,0.0,NO,STANDBY_VEL_LOW,1,1321.86,3268.14,132.45,FALSE,M1_DIRECTION_MISMATCH
2026-09-07 19:24:53.222,1788809093.223,5810,42,208,4406.19,4406.27,8.0,PASS_<=10c,+0.0,FLAT,+0.0,+69.0,2.9,+0.00,0.00,SLOW,4405.50,4406.54,4403.14,4406.23,0.00,0.00,0.0,BEARISH,340.0,4406.19,4406.19,4406.19,4406.19,53,CLEARED_>=20s,1.0,0.0,0.0,0.0,0.0,0.0,0.0,PASS_<20%,0.00,0.0,NO,STANDBY_VEL_LOW,1,1321.86,3268.14,132.45,FALSE,M1_DIRECTION_MISMATCH
2026-09-07 19:24:53.724,1788809093.725,5811,43,209,4406.19,4406.27,8.0,PASS_<=10c,+0.0,FLAT,+0.0,+69.0,4.5,+0.00,0.00,SLOW,4405.50,4406.54,4403.14,4406.23,0.00,0.00,0.0,BEARISH,340.0,4406.19,4406.19,4406.19,4406.19,53,CLEARED_>=20s,1.0,0.0,0.0,0.0,0.0,0.0,0.0,PASS_<20%,0.00,0.0,NO,STANDBY_VEL_LOW,1,1321.86,3268.14,132.45,FALSE,M1_DIRECTION_MISMATCH
2026-09-07 19:24:54.226,1788809094.226,5812,44,210,4406.19,4406.27,8.0,PASS_<=10c,+0.0,FLAT,+0.0,+69.0,4.4,+0.00,0.00,SLOW,4405.50,4406.54,4403.14,4406.23,0.00,0.00,0.0,BEARISH,340.0,4406.19,4406.19,4406.19,4406.19,54,CLEARED_>=20s,1.0,0.0,0.0,0.0,0.0,0.0,0.0,PASS_<20%,0.00,0.0,NO,STANDBY_VEL_LOW,1,1321.86,3268.14,132.45,FALSE,M1_DIRECTION_MISMATCH
2026-09-07 19:24:54.726,1788809094.727,5813,45,211,4406.19,4406.27,8.0,PASS_<=10c,+0.0,FLAT,+0.0,+69.0,4.4,+0.00,0.00,SLOW,4405.50,4406.54,4403.14,4406.23,0.00,0.00,0.0,BEARISH,340.0,4406.19,4406.19,4406.19,4406.19,54,CLEARED_>=20s,1.0,0.0,0.0,0.0,0.0,0.0,0.0,PASS_<20%,0.00,0.0,NO,STANDBY_VEL_LOW,1,1321.86,3268.14,132.45,FALSE,M1_DIRECTION_MISMATCH
2026-09-07 19:24:55.229,1788809095.229,5814,46,212,4406.19,4406.27,8.0,PASS_<=10c,+0.0,FLAT,+0.0,+69.0,4.3,+0.00,0.00,SLOW,4405.50,4406.54,4403.14,4406.23,0.00,0.00,0.0,BEARISH,340.0,4406.19,4406.19,4406.19,4406.19,55,CLEARED_>=20s,1.0,0.0,0.0,0.0,0.0,0.0,0.0,PASS_<20%,0.00,0.0,NO,STANDBY_VEL_LOW,1,1321.86,3268.14,132.45,FALSE,M1_DIRECTION_MISMATCH
2026-09-07 19:24:55.730,1788809095.730,5815,47,213,4406.19,4406.27,8.0,PASS_<=10c,+0.0,FLAT,+0.0,+69.0,4.2,+0.00,0.00,SLOW,4405.50,4406.54,4403.14,4406.23,0.00,0.00,0.0,BEARISH,340.0,4406.19,4406.19,4406.19,4406.19,55,CLEARED_>=20s,1.0,0.0,0.0,0.0,0.0,0.0,0.0,PASS_<20%,0.00,0.0,NO,STANDBY_VEL_LOW,1,1321.86,3268.14,132.45,FALSE,M1_DIRECTION_MISMATCH
2026-09-07 19:24:56.233,1788809096.233,5816,48,214,4406.19,4406.27,8.0,PASS_<=10c,+0.0,FLAT,+0.0,+69.0,4.2,+0.00,0.00,SLOW,4405.50,4406.54,4403.14,4406.23,0.00,0.00,0.0,BEARISH,340.0,4406.19,4406.19,4406.19,4406.19,56,CLEARED_>=20s,1.0,0.0,0.0,0.0,0.0,0.0,0.0,PASS_<20%,0.00,0.0,NO,STANDBY_VEL_LOW,1,1321.86,3268.14,132.45,FALSE,M1_DIRECTION_MISMATCH
2026-09-07 19:24:56.734,1788809096.734,5817,49,215,4406.19,4406.27,8.0,PASS_<=10c,+0.0,FLAT,+0.0,+69.0,4.2,+0.00,0.00,SLOW,4405.50,4406.54,4403.14,4406.23,0.00,0.00,0.0,BEARISH,340.0,4406.19,4406.19,4406.19,4406.19,56,CLEARED_>=20s,1.0,0.0,0.0,0.0,0.0,0.0,0.0,PASS_<20%,0.00,0.0,NO,STANDBY_VEL_LOW,1,1321.86,3268.14,132.45,FALSE,M1_DIRECTION_MISMATCH
2026-09-07 19:24:57.235,1788809097.235,5818,50,216,4406.19,4406.27,8.0,PASS_<=10c,+0.0,FLAT,+0.0,+69.0,4.2,+0.00,0.00,SLOW,4405.50,4406.54,4403.14,4406.23,0.00,0.00,0.0,BEARISH,340.0,4406.19,4406.19,4406.19,4406.19,57,CLEARED_>=20s,1.0,0.0,0.0,0.0,0.0,0.0,0.0,PASS_<20%,0.00,0.0,NO,STANDBY_VEL_LOW,1,1321.86,3268.14,132.45,FALSE,M1_DIRECTION_MISMATCH
2026-09-07 19:24:57.737,1788809097.737,5819,51,217,4406.19,4406.27,8.0,PASS_<=10c,+0.0,FLAT,+0.0,+69.0,4.2,+0.00,0.00,SLOW,4405.50,4406.54,4403.14,4406.23,0.00,0.00,0.0,BEARISH,340.0,4406.19,4406.19,4406.19,4406.19,57,CLEARED_>=20s,1.0,0.0,0.0,0.0,0.0,0.0,0.0,PASS_<20%,0.00,0.0,NO,STANDBY_VEL_LOW,1,1321.86,3268.14,132.45,FALSE,M1_DIRECTION_MISMATCH
2026-09-07 19:24:58.240,1788809098.240,5820,52,218,4406.19,4406.27,8.0,PASS_<=10c,+0.0,FLAT,+0.0,+69.0,4.2,+0.00,0.00,SLOW,4405.50,4406.54,4403.14,4406.23,0.00,0.00,0.0,BEARISH,340.0,4406.19,4406.19,4406.19,4406.19,58,CLEARED_>=20s,1.0,0.0,0.0,0.0,0.0,0.0,0.0,PASS_<20%,0.00,0.0,NO,STANDBY_VEL_LOW,1,1321.86,3268.14,132.45,FALSE,M1_DIRECTION_MISMATCH
2026-09-07 19:25:03.765,1788809103.766,5821,1,1,4406.19,4406.27,8.0,PASS_<=10c,+0.0,FLAT,+0.0,+0.0,1.6,+0.00,0.00,SLOW,4406.19,4406.19,4406.19,4406.19,0.00,0.00,0.0,BEARISH,0.0,4406.19,4406.19,4406.19,4406.19,3,ACTIVE_3s,1.0,0.0,0.0,0.0,0.0,0.0,0.0,PASS_<20%,0.00,0.0,NO,STANDBY_VEL_LOW,1,1321.86,3268.14,132.45,FALSE,M1_DIRECTION_MISMATCH|OPENING_SHIELD_ACTIVE_3s
2026-09-07 19:25:13.995,1788809113.995,5822,2,2,4406.19,4406.27,8.0,PASS_<=10c,+0.0,FLAT,+0.0,+0.0,1.3,+0.00,0.00,SLOW,4406.19,4406.19,4406.19,4406.19,0.00,0.00,0.0,BEARISH,0.0,4406.19,4406.19,4406.19,4406.19,13,ACTIVE_13s,1.0,0.0,0.0,0.0,0.0,0.0,0.0,PASS_<20%,0.00,0.0,NO,STANDBY_VEL_LOW,1,1321.86,3268.14,132.45,FALSE,M1_DIRECTION_MISMATCH|OPENING_SHIELD_ACTIVE_13s
2026-09-07 19:25:15.604,1788809115.605,5823,3,3,4406.19,4406.27,8.0,PASS_<=10c,+0.0,FLAT,+0.0,+0.0,1.9,+0.00,0.00,SLOW,4406.19,4406.19,4406.19,4406.19,0.00,0.00,0.0,BEARISH,0.0,4406.19,4406.19,4406.19,4406.19,15,ACTIVE_15s,1.0,0.0,0.0,0.0,0.0,0.0,0.0,PASS_<20%,0.00,0.0,NO,STANDBY_VEL_LOW,1,1321.86,3268.14,132.45,FALSE,M1_DIRECTION_MISMATCH|OPENING_SHIELD_ACTIVE_15s
2026-09-07 19:25:16.105,1788809116.106,5824,4,4,4406.19,4406.27,8.0,PASS_<=10c,+0.0,FLAT,+0.0,+0.0,2.4,+0.00,0.00,SLOW,4406.19,4406.19,4406.19,4406.19,0.00,0.00,0.0,BEARISH,0.0,4406.19,4406.19,4406.19,4406.19,16,ACTIVE_16s,1.0,0.0,0.0,0.0,0.0,0.0,0.0,PASS_<20%,0.00,0.0,NO,STANDBY_VEL_LOW,1,1321.86,3268.14,132.45,FALSE,M1_DIRECTION_MISMATCH|OPENING_SHIELD_ACTIVE_16s
2026-09-07 19:25:16.607,1788809116.607,5825,5,5,4406.19,4406.27,8.0,PASS_<=10c,+0.0,FLAT,+0.0,+0.0,2.7,+0.00,0.00,SLOW,4406.19,4406.19,4406.19,4406.19,0.00,0.00,0.0,BEARISH,0.0,4406.19,4406.19,4406.19,4406.19,16,ACTIVE_16s,1.0,0.0,0.0,0.0,0.0,0.0,0.0,PASS_<20%,0.00,0.0,NO,STANDBY_VEL_LOW,1,1321.86,3268.14,132.45,FALSE,M1_DIRECTION_MISMATCH|OPENING_SHIELD_ACTIVE_16s
2026-09-07 19:25:17.108,1788809117.108,5826,6,6,4406.19,4406.27,8.0,PASS_<=10c,+0.0,FLAT,+0.0,+0.0,2.9,+0.00,0.00,SLOW,4406.19,4406.19,4406.19,4406.19,0.00,0.00,0.0,BEARISH,0.0,4406.19,4406.19,4406.19,4406.19,17,ACTIVE_17s,1.0,0.0,0.0,0.0,0.0,0.0,0.0,PASS_<20%,0.00,0.0,NO,STANDBY_VEL_LOW,1,1321.86,3268.14,132.45,FALSE,M1_DIRECTION_MISMATCH|OPENING_SHIELD_ACTIVE_17s
2026-09-07 19:25:17.611,1788809117.611,5827,7,7,4406.19,4406.27,8.0,PASS_<=10c,+0.0,FLAT,+0.0,+0.0,3.0,+0.00,0.00,SLOW,4406.19,4406.19,4406.19,4406.19,0.00,0.00,0.0,BEARISH,0.0,4406.19,4406.19,4406.19,4406.19,17,ACTIVE_17s,1.0,0.0,0.0,0.0,0.0,0.0,0.0,PASS_<20%,0.00,0.0,NO,STANDBY_VEL_LOW,1,1321.86,3268.14,132.45,FALSE,M1_DIRECTION_MISMATCH|OPENING_SHIELD_ACTIVE_17s
2026-09-07 19:25:18.112,1788809118.113,5828,8,8,4406.19,4406.27,8.0,PASS_<=10c,+0.0,FLAT,+0.0,+0.0,3.2,+0.00,0.00,SLOW,4406.19,4406.19,4406.19,4406.19,0.00,0.00,0.0,BEARISH,0.0,4406.19,4406.19,4406.19,4406.19,18,ACTIVE_18s,1.0,0.0,0.0,0.0,0.0,0.0,0.0,PASS_<20%,0.00,0.0,NO,STANDBY_VEL_LOW,1,1321.86,3268.14,132.45,FALSE,M1_DIRECTION_MISMATCH|OPENING_SHIELD_ACTIVE_18s
2026-09-07 19:25:18.614,1788809118.615,5829,9,9,4406.19,4406.27,8.0,PASS_<=10c,+0.0,FLAT,+0.0,+0.0,3.2,+0.00,0.00,SLOW,4406.19,4406.19,4406.19,4406.19,0.00,0.00,0.0,BEARISH,0.0,4406.19,4406.19,4406.19,4406.19,18,ACTIVE_18s,1.0,0.0,0.0,0.0,0.0,0.0,0.0,PASS_<20%,0.00,0.0,NO,STANDBY_VEL_LOW,1,1321.86,3268.14,132.45,FALSE,M1_DIRECTION_MISMATCH|OPENING_SHIELD_ACTIVE_18s
2026-09-07 19:25:19.117,1788809119.117,5830,10,10,4406.19,4406.27,8.0,PASS_<=10c,+0.0,FLAT,+0.0,+0.0,4.4,+0.00,0.00,SLOW,4406.19,4406.19,4406.19,4406.19,0.00,0.00,0.0,BEARISH,0.0,4406.19,4406.19,4406.19,4406.19,19,ACTIVE_19s,1.0,0.0,0.0,0.0,0.0,0.0,0.0,PASS_<20%,0.00,0.0,NO,STANDBY_VEL_LOW,1,1321.86,3268.14,132.45,FALSE,M1_DIRECTION_MISMATCH|OPENING_SHIELD_ACTIVE_19s
2026-09-07 19:25:19.617,1788809119.617,5831,11,11,4406.19,4406.27,8.0,PASS_<=10c,+0.0,FLAT,+0.0,+0.0,4.4,+0.00,0.00,SLOW,4406.19,4406.19,4406.19,4406.19,0.00,0.00,0.0,BEARISH,0.0,4406.19,4406.19,4406.19,4406.19,19,ACTIVE_19s,1.0,0.0,0.0,0.0,0.0,0.0,0.0,PASS_<20%,0.00,0.0,NO,STANDBY_VEL_LOW,1,1321.86,3268.14,132.45,FALSE,M1_DIRECTION_MISMATCH|OPENING_SHIELD_ACTIVE_19s
2026-09-07 19:25:20.132,1788809120.133,5832,12,12,4406.19,4406.27,8.0,PASS_<=10c,+0.0,FLAT,+0.0,+0.0,4.3,+0.00,0.00,SLOW,4406.19,4406.19,4406.19,4406.19,0.00,0.00,0.0,BEARISH,0.0,4406.19,4406.19,4406.19,4406.19,20,CLEARED_>=20s,1.0,0.0,0.0,0.0,0.0,0.0,0.0,PASS_<20%,0.00,0.0,NO,STANDBY_VEL_LOW,1,1321.86,3268.14,132.45,FALSE,M1_DIRECTION_MISMATCH
2026-09-07 19:25:20.634,1788809120.635,5833,13,13,4406.19,4406.27,8.0,PASS_<=10c,+0.0,FLAT,+0.0,+0.0,4.2,+0.00,0.00,SLOW,4406.19,4406.19,4406.19,4406.19,0.00,0.00,0.0,BEARISH,0.0,4406.19,4406.19,4406.19,4406.19,20,CLEARED_>=20s,1.0,0.0,0.0,0.0,0.0,0.0,0.0,PASS_<20%,0.00,0.0,NO,STANDBY_VEL_LOW,1,1321.86,3268.14,132.45,FALSE,M1_DIRECTION_MISMATCH
2026-09-07 19:25:21.136,1788809121.137,5834,14,14,4406.19,4406.27,8.0,PASS_<=10c,+0.0,FLAT,+0.0,+69.0,4.2,+0.00,0.00,SLOW,4405.50,4406.54,4403.14,4406.23,0.00,0.00,0.0,BEARISH,340.0,4406.19,4406.19,4406.19,4406.19,21,CLEARED_>=20s,1.0,0.0,0.0,0.0,0.0,0.0,0.0,PASS_<20%,0.00,0.0,NO,STANDBY_VEL_LOW,1,1321.86,3268.14,132.45,FALSE,M1_DIRECTION_MISMATCH
2026-09-07 19:25:21.638,1788809121.639,5835,15,15,4406.19,4406.27,8.0,PASS_<=10c,+0.0,FLAT,+0.0,+69.0,4.2,+0.00,0.00,SLOW,4405.50,4406.54,4403.14,4406.23,0.00,0.00,0.0,BEARISH,340.0,4406.19,4406.19,4406.19,4406.19,21,CLEARED_>=20s,1.0,0.0,0.0,0.0,0.0,0.0,0.0,PASS_<20%,0.00,0.0,NO,STANDBY_VEL_LOW,1,1321.86,3268.14,132.45,FALSE,M1_DIRECTION_MISMATCH
2026-09-07 19:25:22.140,1788809122.141,5836,16,16,4406.19,4406.27,8.0,PASS_<=10c,+0.0,FLAT,+0.0,+69.0,4.2,+0.00,0.00,SLOW,4405.50,4406.54,4403.14,4406.23,0.00,0.00,0.0,BEARISH,340.0,4406.19,4406.19,4406.19,4406.19,22,CLEARED_>=20s,1.0,0.0,0.0,0.0,0.0,0.0,0.0,PASS_<20%,0.00,0.0,NO,STANDBY_VEL_LOW,1,1321.86,3268.14,132.45,FALSE,M1_DIRECTION_MISMATCH
2026-09-07 19:25:22.642,1788809122.643,5837,17,17,4406.19,4406.27,8.0,PASS_<=10c,+0.0,FLAT,+0.0,+69.0,4.2,+0.00,0.00,SLOW,4405.50,4406.54,4403.14,4406.23,0.00,0.00,0.0,BEARISH,340.0,4406.19,4406.19,4406.19,4406.19,22,CLEARED_>=20s,1.0,0.0,0.0,0.0,0.0,0.0,0.0,PASS_<20%,0.00,0.0,NO,STANDBY_VEL_LOW,1,1321.86,3268.14,132.45,FALSE,M1_DIRECTION_MISMATCH
2026-09-07 19:25:23.143,1788809123.144,5838,18,18,4406.19,4406.27,8.0,PASS_<=10c,+0.0,FLAT,+0.0,+69.0,4.2,+0.00,0.00,SLOW,4405.50,4406.54,4403.14,4406.23,0.00,0.00,0.0,BEARISH,340.0,4406.19,4406.19,4406.19,4406.19,23,CLEARED_>=20s,1.0,0.0,0.0,0.0,0.0,0.0,0.0,PASS_<20%,0.00,0.0,NO,STANDBY_VEL_LOW,1,1321.86,3268.14,132.45,FALSE,M1_DIRECTION_MISMATCH
2026-09-07 19:25:28.658,1788809128.658,5839,19,19,4406.19,4406.27,8.0,PASS_<=10c,+0.0,FLAT,+0.0,+69.0,1.5,+0.00,0.00,SLOW,4405.50,4406.54,4403.14,4406.23,0.00,0.00,0.0,BEARISH,340.0,4406.19,4406.19,4406.19,4406.19,28,CLEARED_>=20s,1.0,0.0,0.0,0.0,0.0,0.0,0.0,PASS_<20%,0.00,0.0,NO,STANDBY_VEL_LOW,1,1321.86,3268.14,132.45,FALSE,M1_DIRECTION_MISMATCH
2026-09-07 19:25:38.890,1788809138.890,5840,20,20,4406.19,4406.27,8.0,PASS_<=10c,+0.0,FLAT,+0.0,+69.0,1.3,+0.00,0.00,SLOW,4405.50,4406.54,4403.14,4406.23,0.00,0.00,0.0,BEARISH,340.0,4406.19,4406.19,4406.19,4406.19,38,CLEARED_>=20s,1.0,0.0,0.0,0.0,0.0,0.0,0.0,PASS_<20%,0.00,0.0,NO,STANDBY_VEL_LOW,1,1321.86,3268.14,132.45,FALSE,M1_DIRECTION_MISMATCH
2026-09-07 19:25:40.497,1788809140.497,5841,21,21,4406.19,4406.27,8.0,PASS_<=10c,+0.0,FLAT,+0.0,+69.0,1.9,+0.00,0.00,SLOW,4405.50,4406.54,4403.14,4406.23,0.00,0.00,0.0,BEARISH,340.0,4406.19,4406.19,4406.19,4406.19,40,CLEARED_>=20s,1.0,0.0,0.0,0.0,0.0,0.0,0.0,PASS_<20%,0.00,0.0,NO,STANDBY_VEL_LOW,1,1321.86,3268.14,132.45,FALSE,M1_DIRECTION_MISMATCH
2026-09-07 19:25:40.998,1788809140.999,5842,22,22,4406.19,4406.27,8.0,PASS_<=10c,+0.0,FLAT,+0.0,+69.0,2.4,+0.00,0.00,SLOW,4405.50,4406.54,4403.14,4406.23,0.00,0.00,0.0,BEARISH,340.0,4406.19,4406.19,4406.19,4406.19,40,CLEARED_>=20s,1.0,0.0,0.0,0.0,0.0,0.0,0.0,PASS_<20%,0.00,0.0,NO,STANDBY_VEL_LOW,1,1321.86,3268.14,132.45,FALSE,M1_DIRECTION_MISMATCH
2026-09-07 19:25:41.500,1788809141.501,5843,23,23,4406.19,4406.27,8.0,PASS_<=10c,+0.0,FLAT,+0.0,+69.0,2.7,+0.00,0.00,SLOW,4405.50,4406.54,4403.14,4406.23,0.00,0.00,0.0,BEARISH,340.0,4406.19,4406.19,4406.19,4406.19,41,CLEARED_>=20s,1.0,0.0,0.0,0.0,0.0,0.0,0.0,PASS_<20%,0.00,0.0,NO,STANDBY_VEL_LOW,1,1321.86,3268.14,132.45,FALSE,M1_DIRECTION_MISMATCH
2026-09-07 19:25:42.002,1788809142.002,5844,24,24,4406.19,4406.27,8.0,PASS_<=10c,+0.0,FLAT,+0.0,+69.0,2.9,+0.00,0.00,SLOW,4405.50,4406.54,4403.14,4406.23,0.00,0.00,0.0,BEARISH,340.0,4406.19,4406.19,4406.19,4406.19,42,CLEARED_>=20s,1.0,0.0,0.0,0.0,0.0,0.0,0.0,PASS_<20%,0.00,0.0,NO,STANDBY_VEL_LOW,1,1321.86,3268.14,132.45,FALSE,M1_DIRECTION_MISMATCH
2026-09-07 19:25:42.503,1788809142.504,5845,25,25,4406.19,4406.27,8.0,PASS_<=10c,+0.0,FLAT,+0.0,+69.0,3.0,+0.00,0.00,SLOW,4405.50,4406.54,4403.14,4406.23,0.00,0.00,0.0,BEARISH,340.0,4406.19,4406.19,4406.19,4406.19,42,CLEARED_>=20s,1.0,0.0,0.0,0.0,0.0,0.0,0.0,PASS_<20%,0.00,0.0,NO,STANDBY_VEL_LOW,1,1321.86,3268.14,132.45,FALSE,M1_DIRECTION_MISMATCH
2026-09-07 19:25:43.005,1788809143.006,5846,26,26,4406.19,4406.27,8.0,PASS_<=10c,+0.0,FLAT,+0.0,+69.0,3.2,+0.00,0.00,SLOW,4405.50,4406.54,4403.14,4406.23,0.00,0.00,0.0,BEARISH,340.0,4406.19,4406.19,4406.19,4406.19,43,CLEARED_>=20s,1.0,0.0,0.0,0.0,0.0,0.0,0.0,PASS_<20%,0.00,0.0,NO,STANDBY_VEL_LOW,1,1321.86,3268.14,132.45,FALSE,M1_DIRECTION_MISMATCH
2026-09-07 19:25:43.509,1788809143.510,5847,27,27,4406.19,4406.27,8.0,PASS_<=10c,+0.0,FLAT,+0.0,+69.0,3.2,+0.00,0.00,SLOW,4405.50,4406.54,4403.14,4406.23,0.00,0.00,0.0,BEARISH,340.0,4406.19,4406.19,4406.19,4406.19,43,CLEARED_>=20s,1.0,0.0,0.0,0.0,0.0,0.0,0.0,PASS_<20%,0.00,0.0,NO,STANDBY_VEL_LOW,1,1321.86,3268.14,132.45,FALSE,M1_DIRECTION_MISMATCH
2026-09-07 19:25:44.009,1788809144.010,5848,28,28,4406.19,4406.27,8.0,PASS_<=10c,+0.0,FLAT,+0.0,+69.0,4.4,+0.00,0.00,SLOW,4405.50,4406.54,4403.14,4406.23,0.00,0.00,0.0,BEARISH,340.0,4406.19,4406.19,4406.19,4406.19,44,CLEARED_>=20s,1.0,0.0,0.0,0.0,0.0,0.0,0.0,PASS_<20%,0.00,0.0,NO,STANDBY_VEL_LOW,1,1321.86,3268.14,132.45,FALSE,M1_DIRECTION_MISMATCH
2026-09-07 19:25:44.510,1788809144.510,5849,29,29,4406.19,4406.27,8.0,PASS_<=10c,+0.0,FLAT,+0.0,+69.0,4.4,+0.00,0.00,SLOW,4405.50,4406.54,4403.14,4406.23,0.00,0.00,0.0,BEARISH,340.0,4406.19,4406.19,4406.19,4406.19,44,CLEARED_>=20s,1.0,0.0,0.0,0.0,0.0,0.0,0.0,PASS_<20%,0.00,0.0,NO,STANDBY_VEL_LOW,1,1321.86,3268.14,132.45,FALSE,M1_DIRECTION_MISMATCH
2026-09-07 19:25:45.017,1788809145.017,5850,30,30,4406.19,4406.27,8.0,PASS_<=10c,+0.0,FLAT,+0.0,+69.0,4.3,+0.00,0.00,SLOW,4405.50,4406.54,4403.14,4406.23,0.00,0.00,0.0,BEARISH,340.0,4406.19,4406.19,4406.19,4406.19,45,CLEARED_>=20s,1.0,0.0,0.0,0.0,0.0,0.0,0.0,PASS_<20%,0.00,0.0,NO,STANDBY_VEL_LOW,1,1321.86,3268.14,132.45,FALSE,M1_DIRECTION_MISMATCH
2026-09-07 19:25:45.514,1788809145.514,5851,31,31,4406.19,4406.27,8.0,PASS_<=10c,+0.0,FLAT,+0.0,+69.0,4.2,+0.00,0.00,SLOW,4405.50,4406.54,4403.14,4406.23,0.00,0.00,0.0,BEARISH,340.0,4406.19,4406.19,4406.19,4406.19,45,CLEARED_>=20s,1.0,0.0,0.0,0.0,0.0,0.0,0.0,PASS_<20%,0.00,0.0,NO,STANDBY_VEL_LOW,1,1321.86,3268.14,132.45,FALSE,M1_DIRECTION_MISMATCH
2026-09-07 19:25:46.017,1788809146.017,5852,32,32,4406.19,4406.27,8.0,PASS_<=10c,+0.0,FLAT,+0.0,+69.0,4.2,+0.00,0.00,SLOW,4405.50,4406.54,4403.14,4406.23,0.00,0.00,0.0,BEARISH,340.0,4406.19,4406.19,4406.19,4406.19,46,CLEARED_>=20s,1.0,0.0,0.0,0.0,0.0,0.0,0.0,PASS_<20%,0.00,0.0,NO,STANDBY_VEL_LOW,1,1321.86,3268.14,132.45,FALSE,M1_DIRECTION_MISMATCH
2026-09-07 19:25:46.518,1788809146.518,5853,33,33,4406.19,4406.27,8.0,PASS_<=10c,+0.0,FLAT,+0.0,+69.0,4.2,+0.00,0.00,SLOW,4405.50,4406.54,4403.14,4406.23,0.00,0.00,0.0,BEARISH,340.0,4406.19,4406.19,4406.19,4406.19,46,CLEARED_>=20s,1.0,0.0,0.0,0.0,0.0,0.0,0.0,PASS_<20%,0.00,0.0,NO,STANDBY_VEL_LOW,1,1321.86,3268.14,132.45,FALSE,M1_DIRECTION_MISMATCH
2026-09-07 19:25:47.018,1788809147.018,5854,34,34,4406.19,4406.27,8.0,PASS_<=10c,+0.0,FLAT,+0.0,+69.0,4.2,+0.00,0.00,SLOW,4405.50,4406.54,4403.14,4406.23,0.00,0.00,0.0,BEARISH,340.0,4406.19,4406.19,4406.19,4406.19,47,CLEARED_>=20s,1.0,0.0,0.0,0.0,0.0,0.0,0.0,PASS_<20%,0.00,0.0,NO,STANDBY_VEL_LOW,1,1321.86,3268.14,132.45,FALSE,M1_DIRECTION_MISMATCH
2026-09-07 19:25:47.520,1788809147.521,5855,35,35,4406.19,4406.27,8.0,PASS_<=10c,+0.0,FLAT,+0.0,+69.0,4.2,+0.00,0.00,SLOW,4405.50,4406.54,4403.14,4406.23,0.00,0.00,0.0,BEARISH,340.0,4406.19,4406.19,4406.19,4406.19,47,CLEARED_>=20s,1.0,0.0,0.0,0.0,0.0,0.0,0.0,PASS_<20%,0.00,0.0,NO,STANDBY_VEL_LOW,1,1321.86,3268.14,132.45,FALSE,M1_DIRECTION_MISMATCH
2026-09-07 19:25:48.022,1788809148.023,5856,36,36,4406.19,4406.27,8.0,PASS_<=10c,+0.0,FLAT,+0.0,+69.0,4.2,+0.00,0.00,SLOW,4405.50,4406.54,4403.14,4406.23,0.00,0.00,0.0,BEARISH,340.0,4406.19,4406.19,4406.19,4406.19,48,CLEARED_>=20s,1.0,0.0,0.0,0.0,0.0,0.0,0.0,PASS_<20%,0.00,0.0,NO,STANDBY_VEL_LOW,1,1321.86,3268.14,132.45,FALSE,M1_DIRECTION_MISMATCH
2026-09-07 19:25:53.538,1788809153.539,5857,37,37,4406.19,4406.27,8.0,PASS_<=10c,+0.0,FLAT,+0.0,+69.0,1.6,+0.00,0.00,SLOW,4405.50,4406.54,4403.14,4406.23,0.00,0.00,0.0,BEARISH,340.0,4406.19,4406.19,4406.19,4406.19,53,CLEARED_>=20s,1.0,0.0,0.0,0.0,0.0,0.0,0.0,PASS_<20%,0.00,0.0,NO,STANDBY_VEL_LOW,1,1321.86,3268.14,132.45,FALSE,M1_DIRECTION_MISMATCH
2026-09-07 19:26:03.766,1788809163.767,5858,1,38,4406.19,4406.27,8.0,PASS_<=10c,+0.0,FLAT,+0.0,+69.0,1.3,+0.00,0.00,SLOW,4405.50,4406.54,4403.14,4406.23,0.00,0.00,0.0,BEARISH,340.0,4406.19,4406.19,4406.19,4406.19,3,ACTIVE_3s,1.0,0.0,0.0,0.0,0.0,0.0,0.0,PASS_<20%,0.00,0.0,NO,STANDBY_VEL_LOW,1,1321.86,3268.14,132.45,FALSE,M1_DIRECTION_MISMATCH|OPENING_SHIELD_ACTIVE_3s
2026-09-07 19:26:05.376,1788809165.377,5859,2,39,4406.19,4406.27,8.0,PASS_<=10c,+0.0,FLAT,+0.0,+69.0,1.9,+0.00,0.00,SLOW,4405.50,4406.54,4403.14,4406.23,0.00,0.00,0.0,BEARISH,340.0,4406.19,4406.19,4406.19,4406.19,5,ACTIVE_5s,1.0,0.0,0.0,0.0,0.0,0.0,0.0,PASS_<20%,0.00,0.0,NO,STANDBY_VEL_LOW,1,1321.86,3268.14,132.45,FALSE,M1_DIRECTION_MISMATCH|OPENING_SHIELD_ACTIVE_5s
2026-09-07 19:26:05.878,1788809165.878,5860,3,40,4406.19,4406.27,8.0,PASS_<=10c,+0.0,FLAT,+0.0,+69.0,2.4,+0.00,0.00,SLOW,4405.50,4406.54,4403.14,4406.23,0.00,0.00,0.0,BEARISH,340.0,4406.19,4406.19,4406.19,4406.19,5,ACTIVE_5s,1.0,0.0,0.0,0.0,0.0,0.0,0.0,PASS_<20%,0.00,0.0,NO,STANDBY_VEL_LOW,1,1321.86,3268.14,132.45,FALSE,M1_DIRECTION_MISMATCH|OPENING_SHIELD_ACTIVE_5s
2026-09-07 19:26:06.378,1788809166.379,5861,4,41,4406.19,4406.27,8.0,PASS_<=10c,+0.0,FLAT,+0.0,+69.0,2.7,+0.00,0.00,SLOW,4405.50,4406.54,4403.14,4406.23,0.00,0.00,0.0,BEARISH,340.0,4406.19,4406.19,4406.19,4406.19,6,ACTIVE_6s,1.0,0.0,0.0,0.0,0.0,0.0,0.0,PASS_<20%,0.00,0.0,NO,STANDBY_VEL_LOW,1,1321.86,3268.14,132.45,FALSE,M1_DIRECTION_MISMATCH|OPENING_SHIELD_ACTIVE_6s
2026-09-07 19:26:06.879,1788809166.880,5862,5,42,4406.19,4406.27,8.0,PASS_<=10c,+0.0,FLAT,+0.0,+69.0,2.9,+0.00,0.00,SLOW,4405.50,4406.54,4403.14,4406.23,0.00,0.00,0.0,BEARISH,340.0,4406.19,4406.19,4406.19,4406.19,6,ACTIVE_6s,1.0,0.0,0.0,0.0,0.0,0.0,0.0,PASS_<20%,0.00,0.0,NO,STANDBY_VEL_LOW,1,1321.86,3268.14,132.45,FALSE,M1_DIRECTION_MISMATCH|OPENING_SHIELD_ACTIVE_6s
2026-09-07 19:26:07.381,1788809167.381,5863,6,43,4406.19,4406.27,8.0,PASS_<=10c,+0.0,FLAT,+0.0,+69.0,3.0,+0.00,0.00,SLOW,4405.50,4406.54,4403.14,4406.23,0.00,0.00,0.0,BEARISH,340.0,4406.19,4406.19,4406.19,4406.19,7,ACTIVE_7s,1.0,0.0,0.0,0.0,0.0,0.0,0.0,PASS_<20%,0.00,0.0,NO,STANDBY_VEL_LOW,1,1321.86,3268.14,132.45,FALSE,M1_DIRECTION_MISMATCH|OPENING_SHIELD_ACTIVE_7s
2026-09-07 19:26:07.881,1788809167.881,5864,7,44,4406.19,4406.27,8.0,PASS_<=10c,+0.0,FLAT,+0.0,+69.0,3.2,+0.00,0.00,SLOW,4405.50,4406.54,4403.14,4406.23,0.00,0.00,0.0,BEARISH,340.0,4406.19,4406.19,4406.19,4406.19,7,ACTIVE_7s,1.0,0.0,0.0,0.0,0.0,0.0,0.0,PASS_<20%,0.00,0.0,NO,STANDBY_VEL_LOW,1,1321.86,3268.14,132.45,FALSE,M1_DIRECTION_MISMATCH|OPENING_SHIELD_ACTIVE_7s
2026-09-07 19:26:08.383,1788809168.384,5865,8,45,4406.19,4406.27,8.0,PASS_<=10c,+0.0,FLAT,+0.0,+69.0,3.2,+0.00,0.00,SLOW,4405.50,4406.54,4403.14,4406.23,0.00,0.00,0.0,BEARISH,340.0,4406.19,4406.19,4406.19,4406.19,8,ACTIVE_8s,1.0,0.0,0.0,0.0,0.0,0.0,0.0,PASS_<20%,0.00,0.0,NO,STANDBY_VEL_LOW,1,1321.86,3268.14,132.45,FALSE,M1_DIRECTION_MISMATCH|OPENING_SHIELD_ACTIVE_8s
2026-09-07 19:26:08.885,1788809168.886,5866,9,46,4406.19,4406.27,8.0,PASS_<=10c,+0.0,FLAT,+0.0,+69.0,4.4,+0.00,0.00,SLOW,4405.50,4406.54,4403.14,4406.23,0.00,0.00,0.0,BEARISH,340.0,4406.19,4406.19,4406.19,4406.19,8,ACTIVE_8s,1.0,0.0,0.0,0.0,0.0,0.0,0.0,PASS_<20%,0.00,0.0,NO,STANDBY_VEL_LOW,1,1321.86,3268.14,132.45,FALSE,M1_DIRECTION_MISMATCH|OPENING_SHIELD_ACTIVE_8s
2026-09-07 19:26:09.388,1788809169.388,5867,10,47,4406.19,4406.27,8.0,PASS_<=10c,+0.0,FLAT,+0.0,+69.0,4.4,+0.00,0.00,SLOW,4405.50,4406.54,4403.14,4406.23,0.00,0.00,0.0,BEARISH,340.0,4406.19,4406.19,4406.19,4406.19,9,ACTIVE_9s,1.0,0.0,0.0,0.0,0.0,0.0,0.0,PASS_<20%,0.00,0.0,NO,STANDBY_VEL_LOW,1,1321.86,3268.14,132.45,FALSE,M1_DIRECTION_MISMATCH|OPENING_SHIELD_ACTIVE_9s
2026-09-07 19:26:09.889,1788809169.889,5868,11,48,4406.19,4406.27,8.0,PASS_<=10c,+0.0,FLAT,+0.0,+69.0,4.3,+0.00,0.00,SLOW,4405.50,4406.54,4403.14,4406.23,0.00,0.00,0.0,BEARISH,340.0,4406.19,4406.19,4406.19,4406.19,9,ACTIVE_9s,1.0,0.0,0.0,0.0,0.0,0.0,0.0,PASS_<20%,0.00,0.0,NO,STANDBY_VEL_LOW,1,1321.86,3268.14,132.45,FALSE,M1_DIRECTION_MISMATCH|OPENING_SHIELD_ACTIVE_9s
2026-09-07 19:26:10.391,1788809170.391,5869,12,49,4406.19,4406.27,8.0,PASS_<=10c,+0.0,FLAT,+0.0,+69.0,4.2,+0.00,0.00,SLOW,4405.50,4406.54,4403.14,4406.23,0.00,0.00,0.0,BEARISH,340.0,4406.19,4406.19,4406.19,4406.19,10,ACTIVE_10s,1.0,0.0,0.0,0.0,0.0,0.0,0.0,PASS_<20%,0.00,0.0,NO,STANDBY_VEL_LOW,1,1321.86,3268.14,132.45,FALSE,M1_DIRECTION_MISMATCH|OPENING_SHIELD_ACTIVE_10s
2026-09-07 19:26:10.891,1788809170.892,5870,13,50,4406.19,4406.27,8.0,PASS_<=10c,+0.0,FLAT,+0.0,+69.0,4.2,+0.00,0.00,SLOW,4405.50,4406.54,4403.14,4406.23,0.00,0.00,0.0,BEARISH,340.0,4406.19,4406.19,4406.19,4406.19,10,ACTIVE_10s,1.0,0.0,0.0,0.0,0.0,0.0,0.0,PASS_<20%,0.00,0.0,NO,STANDBY_VEL_LOW,1,1321.86,3268.14,132.45,FALSE,M1_DIRECTION_MISMATCH|OPENING_SHIELD_ACTIVE_10s
2026-09-07 19:26:11.394,1788809171.394,5871,14,51,4406.19,4406.27,8.0,PASS_<=10c,+0.0,FLAT,+0.0,+69.0,4.2,+0.00,0.00,SLOW,4405.50,4406.54,4403.14,4406.23,0.00,0.00,0.0,BEARISH,340.0,4406.19,4406.19,4406.19,4406.19,11,ACTIVE_11s,1.0,0.0,0.0,0.0,0.0,0.0,0.0,PASS_<20%,0.00,0.0,NO,STANDBY_VEL_LOW,1,1321.86,3268.14,132.45,FALSE,M1_DIRECTION_MISMATCH|OPENING_SHIELD_ACTIVE_11s
2026-09-07 19:26:11.895,1788809171.896,5872,15,52,4406.19,4406.27,8.0,PASS_<=10c,+0.0,FLAT,+0.0,+69.0,4.2,+0.00,0.00,SLOW,4405.50,4406.54,4403.14,4406.23,0.00,0.00,0.0,BEARISH,340.0,4406.19,4406.19,4406.19,4406.19,11,ACTIVE_11s,1.0,0.0,0.0,0.0,0.0,0.0,0.0,PASS_<20%,0.00,0.0,NO,STANDBY_VEL_LOW,1,1321.86,3268.14,132.45,FALSE,M1_DIRECTION_MISMATCH|OPENING_SHIELD_ACTIVE_11s
2026-09-07 19:26:12.397,1788809172.397,5873,16,53,4406.19,4406.27,8.0,PASS_<=10c,+0.0,FLAT,+0.0,+69.0,4.2,+0.00,0.00,SLOW,4405.50,4406.54,4403.14,4406.23,0.00,0.00,0.0,BEARISH,340.0,4406.19,4406.19,4406.19,4406.19,12,ACTIVE_12s,1.0,0.0,0.0,0.0,0.0,0.0,0.0,PASS_<20%,0.00,0.0,NO,STANDBY_VEL_LOW,1,1321.86,3268.14,132.45,FALSE,M1_DIRECTION_MISMATCH|OPENING_SHIELD_ACTIVE_12s
2026-09-07 19:26:12.898,1788809172.899,5874,17,54,4406.19,4406.27,8.0,PASS_<=10c,+0.0,FLAT,+0.0,+69.0,4.2,+0.00,0.00,SLOW,4405.50,4406.54,4403.14,4406.23,0.00,0.00,0.0,BEARISH,340.0,4406.19,4406.19,4406.19,4406.19,12,ACTIVE_12s,1.0,0.0,0.0,0.0,0.0,0.0,0.0,PASS_<20%,0.00,0.0,NO,STANDBY_VEL_LOW,1,1321.86,3268.14,132.45,FALSE,M1_DIRECTION_MISMATCH|OPENING_SHIELD_ACTIVE_12s
2026-09-07 19:26:18.411,1788809178.412,5875,18,55,4406.19,4406.27,8.0,PASS_<=10c,+0.0,FLAT,+0.0,+69.0,1.6,+0.00,0.00,SLOW,4405.50,4406.54,4403.14,4406.23,0.00,0.00,0.0,BEARISH,340.0,4406.19,4406.19,4406.19,4406.19,18,ACTIVE_18s,1.0,0.0,0.0,0.0,0.0,0.0,0.0,PASS_<20%,0.00,0.0,NO,STANDBY_VEL_LOW,1,1321.86,3268.14,132.45,FALSE,M1_DIRECTION_MISMATCH|OPENING_SHIELD_ACTIVE_18s
2026-09-07 19:26:28.645,1788809188.646,5876,19,56,4406.19,4406.27,8.0,PASS_<=10c,+0.0,FLAT,+0.0,+69.0,1.3,+0.00,0.00,SLOW,4405.50,4406.54,4403.14,4406.23,0.00,0.00,0.0,BEARISH,340.0,4406.19,4406.19,4406.19,4406.19,28,CLEARED_>=20s,1.0,0.0,0.0,0.0,0.0,0.0,0.0,PASS_<20%,0.00,0.0,NO,STANDBY_VEL_LOW,1,1321.86,3268.14,132.45,FALSE,M1_DIRECTION_MISMATCH
2026-09-07 19:26:31.657,1788809191.658,5877,20,57,4406.19,4406.27,8.0,PASS_<=10c,+0.0,FLAT,+0.0,+69.0,1.3,+0.00,0.00,SLOW,4405.50,4406.54,4403.14,4406.23,0.00,0.00,0.0,BEARISH,340.0,4406.19,4406.19,4406.19,4406.19,31,CLEARED_>=20s,1.0,0.0,0.0,0.0,0.0,0.0,0.0,PASS_<20%,0.00,0.0,NO,STANDBY_VEL_LOW,1,1321.86,3268.14,132.45,FALSE,M1_DIRECTION_MISMATCH
2026-09-07 19:26:32.157,1788809192.158,5878,21,58,4406.19,4406.27,8.0,PASS_<=10c,+0.0,FLAT,+0.0,+69.0,1.4,+0.00,0.00,SLOW,4405.50,4406.54,4403.14,4406.23,0.00,0.00,0.0,BEARISH,340.0,4406.19,4406.19,4406.19,4406.19,32,CLEARED_>=20s,1.0,0.0,0.0,0.0,0.0,0.0,0.0,PASS_<20%,0.00,0.0,NO,STANDBY_VEL_LOW,1,1321.86,3268.14,132.45,FALSE,M1_DIRECTION_MISMATCH
2026-09-07 19:26:32.659,1788809192.660,5879,22,59,4406.19,4406.27,8.0,PASS_<=10c,+0.0,FLAT,+0.0,+69.0,1.7,+0.00,0.00,SLOW,4405.50,4406.54,4403.14,4406.23,0.00,0.00,0.0,BEARISH,340.0,4406.19,4406.19,4406.19,4406.19,32,CLEARED_>=20s,1.0,0.0,0.0,0.0,0.0,0.0,0.0,PASS_<20%,0.00,0.0,NO,STANDBY_VEL_LOW,1,1321.86,3268.14,132.45,FALSE,M1_DIRECTION_MISMATCH
2026-09-07 19:26:33.161,1788809193.161,5880,23,60,4406.19,4406.27,8.0,PASS_<=10c,+0.0,FLAT,+0.0,+69.0,2.0,+0.00,0.00,SLOW,4405.50,4406.54,4403.14,4406.23,0.00,0.00,0.0,BEARISH,340.0,4406.19,4406.19,4406.19,4406.19,33,CLEARED_>=20s,1.0,0.0,0.0,0.0,0.0,0.0,0.0,PASS_<20%,0.00,0.0,NO,STANDBY_VEL_LOW,1,1321.86,3268.14,132.45,FALSE,M1_DIRECTION_MISMATCH
2026-09-07 19:26:33.663,1788809193.664,5881,24,61,4406.19,4406.27,8.0,PASS_<=10c,+0.0,FLAT,+0.0,+69.0,4.7,+0.00,0.00,SLOW,4405.50,4406.54,4403.14,4406.23,0.00,0.00,0.0,BEARISH,340.0,4406.19,4406.19,4406.19,4406.19,33,CLEARED_>=20s,1.0,0.0,0.0,0.0,0.0,0.0,0.0,PASS_<20%,0.00,0.0,NO,STANDBY_VEL_LOW,1,1321.86,3268.14,132.45,FALSE,M1_DIRECTION_MISMATCH
2026-09-07 19:26:34.165,1788809194.165,5882,25,62,4406.19,4406.27,8.0,PASS_<=10c,+0.0,FLAT,+0.0,+69.0,4.6,+0.00,0.00,SLOW,4405.50,4406.54,4403.14,4406.23,0.00,0.00,0.0,BEARISH,340.0,4406.19,4406.19,4406.19,4406.19,34,CLEARED_>=20s,1.0,0.0,0.0,0.0,0.0,0.0,0.0,PASS_<20%,0.00,0.0,NO,STANDBY_VEL_LOW,1,1321.86,3268.14,132.45,FALSE,M1_DIRECTION_MISMATCH
2026-09-07 19:26:34.666,1788809194.667,5883,26,63,4406.19,4406.27,8.0,PASS_<=10c,+0.0,FLAT,+0.0,+69.0,4.5,+0.00,0.00,SLOW,4405.50,4406.54,4403.14,4406.23,0.00,0.00,0.0,BEARISH,340.0,4406.19,4406.19,4406.19,4406.19,34,CLEARED_>=20s,1.0,0.0,0.0,0.0,0.0,0.0,0.0,PASS_<20%,0.00,0.0,NO,STANDBY_VEL_LOW,1,1321.86,3268.14,132.45,FALSE,M1_DIRECTION_MISMATCH
2026-09-07 19:26:35.168,1788809195.168,5884,27,64,4406.19,4406.27,8.0,PASS_<=10c,+0.0,FLAT,+0.0,+69.0,4.4,+0.00,0.00,SLOW,4405.50,4406.54,4403.14,4406.23,0.00,0.00,0.0,BEARISH,340.0,4406.19,4406.19,4406.19,4406.19,35,CLEARED_>=20s,1.0,0.0,0.0,0.0,0.0,0.0,0.0,PASS_<20%,0.00,0.0,NO,STANDBY_VEL_LOW,1,1321.86,3268.14,132.45,FALSE,M1_DIRECTION_MISMATCH
2026-09-07 19:26:35.669,1788809195.670,5885,28,65,4406.19,4406.27,8.0,PASS_<=10c,+0.0,FLAT,+0.0,+69.0,4.4,+0.00,0.00,SLOW,4405.50,4406.54,4403.14,4406.23,0.00,0.00,0.0,BEARISH,340.0,4406.19,4406.19,4406.19,4406.19,35,CLEARED_>=20s,1.0,0.0,0.0,0.0,0.0,0.0,0.0,PASS_<20%,0.00,0.0,NO,STANDBY_VEL_LOW,1,1321.86,3268.14,132.45,FALSE,M1_DIRECTION_MISMATCH
2026-09-07 19:26:36.170,1788809196.170,5886,29,66,4406.19,4406.27,8.0,PASS_<=10c,+0.0,FLAT,+0.0,+69.0,4.3,+0.00,0.00,SLOW,4405.50,4406.54,4403.14,4406.23,0.00,0.00,0.0,BEARISH,340.0,4406.19,4406.19,4406.19,4406.19,36,CLEARED_>=20s,1.0,0.0,0.0,0.0,0.0,0.0,0.0,PASS_<20%,0.00,0.0,NO,STANDBY_VEL_LOW,1,1321.86,3268.14,132.45,FALSE,M1_DIRECTION_MISMATCH
2026-09-07 19:26:36.670,1788809196.671,5887,30,67,4406.19,4406.27,8.0,PASS_<=10c,+0.0,FLAT,+0.0,+69.0,4.2,+0.00,0.00,SLOW,4405.50,4406.54,4403.14,4406.23,0.00,0.00,0.0,BEARISH,340.0,4406.19,4406.19,4406.19,4406.19,36,CLEARED_>=20s,1.0,0.0,0.0,0.0,0.0,0.0,0.0,PASS_<20%,0.00,0.0,NO,STANDBY_VEL_LOW,1,1321.86,3268.14,132.45,FALSE,M1_DIRECTION_MISMATCH
2026-09-07 19:26:37.172,1788809197.172,5888,31,68,4406.19,4406.27,8.0,PASS_<=10c,+0.0,FLAT,+0.0,+69.0,4.2,+0.00,0.00,SLOW,4405.50,4406.54,4403.14,4406.23,0.00,0.00,0.0,BEARISH,340.0,4406.19,4406.19,4406.19,4406.19,37,CLEARED_>=20s,1.0,0.0,0.0,0.0,0.0,0.0,0.0,PASS_<20%,0.00,0.0,NO,STANDBY_VEL_LOW,1,1321.86,3268.14,132.45,FALSE,M1_DIRECTION_MISMATCH
2026-09-07 19:26:37.674,1788809197.674,5889,32,69,4406.19,4406.27,8.0,PASS_<=10c,+0.0,FLAT,+0.0,+69.0,4.2,+0.00,0.00,SLOW,4405.50,4406.54,4403.14,4406.23,0.00,0.00,0.0,BEARISH,340.0,4406.19,4406.19,4406.19,4406.19,37,CLEARED_>=20s,1.0,0.0,0.0,0.0,0.0,0.0,0.0,PASS_<20%,0.00,0.0,NO,STANDBY_VEL_LOW,1,1321.86,3268.14,132.45,FALSE,M1_DIRECTION_MISMATCH
2026-09-07 19:26:38.176,1788809198.176,5890,33,70,4406.19,4406.27,8.0,PASS_<=10c,+0.0,FLAT,+0.0,+69.0,4.2,+0.00,0.00,SLOW,4405.50,4406.54,4403.14,4406.23,0.00,0.00,0.0,BEARISH,340.0,4406.19,4406.19,4406.19,4406.19,38,CLEARED_>=20s,1.0,0.0,0.0,0.0,0.0,0.0,0.0,PASS_<20%,0.00,0.0,NO,STANDBY_VEL_LOW,1,1321.86,3268.14,132.45,FALSE,M1_DIRECTION_MISMATCH
2026-09-07 19:26:38.677,1788809198.677,5891,34,71,4406.19,4406.27,8.0,PASS_<=10c,+0.0,FLAT,+0.0,+69.0,4.2,+0.00,0.00,SLOW,4405.50,4406.54,4403.14,4406.23,0.00,0.00,0.0,BEARISH,340.0,4406.19,4406.19,4406.19,4406.19,38,CLEARED_>=20s,1.0,0.0,0.0,0.0,0.0,0.0,0.0,PASS_<20%,0.00,0.0,NO,STANDBY_VEL_LOW,1,1321.86,3268.14,132.45,FALSE,M1_DIRECTION_MISMATCH
2026-09-07 19:26:39.178,1788809199.179,5892,35,72,4406.19,4406.27,8.0,PASS_<=10c,+0.0,FLAT,+0.0,+69.0,4.2,+0.00,0.00,SLOW,4405.50,4406.54,4403.14,4406.23,0.00,0.00,0.0,BEARISH,340.0,4406.19,4406.19,4406.19,4406.19,39,CLEARED_>=20s,1.0,0.0,0.0,0.0,0.0,0.0,0.0,PASS_<20%,0.00,0.0,NO,STANDBY_VEL_LOW,1,1321.86,3268.14,132.45,FALSE,M1_DIRECTION_MISMATCH
2026-09-07 19:26:44.693,1788809204.694,5893,36,73,4406.19,4406.27,8.0,PASS_<=10c,+0.0,FLAT,+0.0,+69.0,1.5,+0.00,0.00,SLOW,4405.50,4406.54,4403.14,4406.23,0.00,0.00,0.0,BEARISH,340.0,4406.19,4406.19,4406.19,4406.19,44,CLEARED_>=20s,1.0,0.0,0.0,0.0,0.0,0.0,0.0,PASS_<20%,0.00,0.0,NO,STANDBY_VEL_LOW,1,1321.86,3268.14,132.45,FALSE,M1_DIRECTION_MISMATCH
2026-09-07 19:26:54.921,1788809214.922,5894,37,74,4406.19,4406.27,8.0,PASS_<=10c,+0.0,FLAT,+0.0,+69.0,1.3,+0.00,0.00,SLOW,4405.50,4406.54,4403.14,4406.23,0.00,0.00,0.0,BEARISH,340.0,4406.19,4406.19,4406.19,4406.19,54,CLEARED_>=20s,1.0,0.0,0.0,0.0,0.0,0.0,0.0,PASS_<20%,0.00,0.0,NO,STANDBY_VEL_LOW,1,1321.86,3268.14,132.45,FALSE,M1_DIRECTION_MISMATCH
2026-09-07 19:26:56.128,1788809216.129,5895,38,75,4406.19,4406.27,8.0,PASS_<=10c,+0.0,FLAT,+0.0,+69.0,2.5,+0.00,0.00,SLOW,4405.50,4406.54,4403.14,4406.23,0.00,0.00,0.0,BEARISH,340.0,4406.19,4406.19,4406.19,4406.19,56,CLEARED_>=20s,1.0,0.0,0.0,0.0,0.0,0.0,0.0,PASS_<20%,0.00,0.0,NO,STANDBY_VEL_LOW,1,1321.86,3268.14,132.45,FALSE,M1_DIRECTION_MISMATCH
2026-09-07 19:26:56.629,1788809216.630,5896,39,76,4406.19,4406.27,8.0,PASS_<=10c,+0.0,FLAT,+0.0,+69.0,2.9,+0.00,0.00,SLOW,4405.50,4406.54,4403.14,4406.23,0.00,0.00,0.0,BEARISH,340.0,4406.19,4406.19,4406.19,4406.19,56,CLEARED_>=20s,1.0,0.0,0.0,0.0,0.0,0.0,0.0,PASS_<20%,0.00,0.0,NO,STANDBY_VEL_LOW,1,1321.86,3268.14,132.45,FALSE,M1_DIRECTION_MISMATCH
2026-09-07 19:26:57.133,1788809217.133,5897,40,77,4406.19,4406.27,8.0,PASS_<=10c,+0.0,FLAT,+0.0,+69.0,3.2,+0.00,0.00,SLOW,4405.50,4406.54,4403.14,4406.23,0.00,0.00,0.0,BEARISH,340.0,4406.19,4406.19,4406.19,4406.19,57,CLEARED_>=20s,1.0,0.0,0.0,0.0,0.0,0.0,0.0,PASS_<20%,0.00,0.0,NO,STANDBY_VEL_LOW,1,1321.86,3268.14,132.45,FALSE,M1_DIRECTION_MISMATCH
2026-09-07 19:26:57.633,1788809217.634,5898,41,78,4406.19,4406.27,8.0,PASS_<=10c,+0.0,FLAT,+0.0,+69.0,3.3,+0.00,0.00,SLOW,4405.50,4406.54,4403.14,4406.23,0.00,0.00,0.0,BEARISH,340.0,4406.19,4406.19,4406.19,4406.19,57,CLEARED_>=20s,1.0,0.0,0.0,0.0,0.0,0.0,0.0,PASS_<20%,0.00,0.0,NO,STANDBY_VEL_LOW,1,1321.86,3268.14,132.45,FALSE,M1_DIRECTION_MISMATCH
2026-09-07 19:26:58.134,1788809218.135,5899,42,79,4406.19,4406.27,8.0,PASS_<=10c,+0.0,FLAT,+0.0,+69.0,3.4,+0.00,0.00,SLOW,4405.50,4406.54,4403.14,4406.23,0.00,0.00,0.0,BEARISH,340.0,4406.19,4406.19,4406.19,4406.19,58,CLEARED_>=20s,1.0,0.0,0.0,0.0,0.0,0.0,0.0,PASS_<20%,0.00,0.0,NO,STANDBY_VEL_LOW,1,1321.86,3268.14,132.45,FALSE,M1_DIRECTION_MISMATCH
2026-09-07 19:26:58.636,1788809218.636,5900,43,80,4406.19,4406.27,8.0,PASS_<=10c,+0.0,FLAT,+0.0,+69.0,3.5,+0.00,0.00,SLOW,4405.50,4406.54,4403.14,4406.23,0.00,0.00,0.0,BEARISH,340.0,4406.19,4406.19,4406.19,4406.19,58,CLEARED_>=20s,1.0,0.0,0.0,0.0,0.0,0.0,0.0,PASS_<20%,0.00,0.0,NO,STANDBY_VEL_LOW,1,1321.86,3268.14,132.45,FALSE,M1_DIRECTION_MISMATCH
2026-09-07 19:26:59.138,1788809219.139,5901,44,81,4406.19,4406.27,8.0,PASS_<=10c,+0.0,FLAT,+0.0,+69.0,3.6,+0.00,0.00,SLOW,4405.50,4406.54,4403.14,4406.23,0.00,0.00,0.0,BEARISH,340.0,4406.19,4406.19,4406.19,4406.19,59,CLEARED_>=20s,1.0,0.0,0.0,0.0,0.0,0.0,0.0,PASS_<20%,0.00,0.0,NO,STANDBY_VEL_LOW,1,1321.86,3268.14,132.45,FALSE,M1_DIRECTION_MISMATCH
2026-09-07 19:26:59.640,1788809219.640,5902,45,82,4406.19,4406.27,8.0,PASS_<=10c,+0.0,FLAT,+0.0,+69.0,3.6,+0.00,0.00,SLOW,4405.50,4406.54,4403.14,4406.23,0.00,0.00,0.0,BEARISH,340.0,4406.19,4406.19,4406.19,4406.19,59,CLEARED_>=20s,1.0,0.0,0.0,0.0,0.0,0.0,0.0,PASS_<20%,0.00,0.0,NO,STANDBY_VEL_LOW,1,1321.86,3268.14,132.45,FALSE,M1_DIRECTION_MISMATCH
2026-09-07 19:27:00.142,1788809220.143,5903,1,83,4406.19,4406.27,8.0,PASS_<=10c,+0.0,FLAT,+0.0,+69.0,4.4,+0.00,0.00,SLOW,4405.50,4406.54,4403.14,4406.23,0.00,0.00,0.0,BEARISH,340.0,4406.19,4406.19,4406.19,4406.19,0,ACTIVE_0s,1.0,0.0,0.0,0.0,0.0,0.0,0.0,PASS_<20%,0.00,0.0,NO,STANDBY_VEL_LOW,1,1321.86,3268.14,132.45,FALSE,M1_DIRECTION_MISMATCH|OPENING_SHIELD_ACTIVE_0s
2026-09-07 19:27:00.644,1788809220.645,5904,2,84,4406.19,4406.27,8.0,PASS_<=10c,+0.0,FLAT,+0.0,+69.0,4.3,+0.00,0.00,SLOW,4405.50,4406.54,4403.14,4406.23,0.00,0.00,0.0,BEARISH,340.0,4406.19,4406.19,4406.19,4406.19,0,ACTIVE_0s,1.0,0.0,0.0,0.0,0.0,0.0,0.0,PASS_<20%,0.00,0.0,NO,STANDBY_VEL_LOW,1,1321.86,3268.14,132.45,FALSE,M1_DIRECTION_MISMATCH|OPENING_SHIELD_ACTIVE_0s
2026-09-07 19:27:01.146,1788809221.147,5905,3,85,4406.19,4406.27,8.0,PASS_<=10c,+0.0,FLAT,+0.0,+69.0,4.2,+0.00,0.00,SLOW,4405.50,4406.54,4403.14,4406.23,0.00,0.00,0.0,BEARISH,340.0,4406.19,4406.19,4406.19,4406.19,1,ACTIVE_1s,1.0,0.0,0.0,0.0,0.0,0.0,0.0,PASS_<20%,0.00,0.0,NO,STANDBY_VEL_LOW,1,1321.86,3268.14,132.45,FALSE,M1_DIRECTION_MISMATCH|OPENING_SHIELD_ACTIVE_1s
2026-09-07 19:27:01.664,1788809221.664,5906,4,86,4406.19,4406.27,8.0,PASS_<=10c,+0.0,FLAT,+0.0,+69.0,4.2,+0.00,0.00,SLOW,4405.50,4406.54,4403.14,4406.23,0.00,0.00,0.0,BEARISH,340.0,4406.19,4406.19,4406.19,4406.19,1,ACTIVE_1s,1.0,0.0,0.0,0.0,0.0,0.0,0.0,PASS_<20%,0.00,0.0,NO,STANDBY_VEL_LOW,1,1321.86,3268.14,132.45,FALSE,M1_DIRECTION_MISMATCH|OPENING_SHIELD_ACTIVE_1s
2026-09-07 19:27:02.155,1788809222.155,5907,5,87,4406.19,4406.27,8.0,PASS_<=10c,+0.0,FLAT,+0.0,+69.0,4.2,+0.00,0.00,SLOW,4405.50,4406.54,4403.14,4406.23,0.00,0.00,0.0,BEARISH,340.0,4406.19,4406.19,4406.19,4406.19,2,ACTIVE_2s,1.0,0.0,0.0,0.0,0.0,0.0,0.0,PASS_<20%,0.00,0.0,NO,STANDBY_VEL_LOW,1,1321.86,3268.14,132.45,FALSE,M1_DIRECTION_MISMATCH|OPENING_SHIELD_ACTIVE_2s
2026-09-07 19:27:02.656,1788809222.656,5908,6,88,4406.19,4406.27,8.0,PASS_<=10c,+0.0,FLAT,+0.0,+69.0,4.2,+0.00,0.00,SLOW,4405.50,4406.54,4403.14,4406.23,0.00,0.00,0.0,BEARISH,340.0,4406.19,4406.19,4406.19,4406.19,2,ACTIVE_2s,1.0,0.0,0.0,0.0,0.0,0.0,0.0,PASS_<20%,0.00,0.0,NO,STANDBY_VEL_LOW,1,1321.86,3268.14,132.45,FALSE,M1_DIRECTION_MISMATCH|OPENING_SHIELD_ACTIVE_2s
2026-09-07 19:27:03.158,1788809223.159,5909,7,89,4406.19,4406.27,8.0,PASS_<=10c,+0.0,FLAT,+0.0,+69.0,4.2,+0.00,0.00,SLOW,4405.50,4406.54,4403.14,4406.23,0.00,0.00,0.0,BEARISH,340.0,4406.19,4406.19,4406.19,4406.19,3,ACTIVE_3s,1.0,0.0,0.0,0.0,0.0,0.0,0.0,PASS_<20%,0.00,0.0,NO,STANDBY_VEL_LOW,1,1321.86,3268.14,132.45,FALSE,M1_DIRECTION_MISMATCH|OPENING_SHIELD_ACTIVE_3s
2026-09-07 19:27:03.660,1788809223.661,5910,8,90,4406.19,4406.27,8.0,PASS_<=10c,+0.0,FLAT,+0.0,+69.0,4.2,+0.00,0.00,SLOW,4405.50,4406.54,4403.14,4406.23,0.00,0.00,0.0,BEARISH,340.0,4406.19,4406.19,4406.19,4406.19,3,ACTIVE_3s,1.0,0.0,0.0,0.0,0.0,0.0,0.0,PASS_<20%,0.00,0.0,NO,STANDBY_VEL_LOW,1,1321.86,3268.14,132.45,FALSE,M1_DIRECTION_MISMATCH|OPENING_SHIELD_ACTIVE_3s
2026-09-07 19:27:09.174,1788809229.174,5911,9,91,4406.19,4406.27,8.0,PASS_<=10c,+0.0,FLAT,+0.0,+69.0,1.5,+0.00,0.00,SLOW,4405.50,4406.54,4403.14,4406.23,0.00,0.00,0.0,BEARISH,340.0,4406.19,4406.19,4406.19,4406.19,9,ACTIVE_9s,1.0,0.0,0.0,0.0,0.0,0.0,0.0,PASS_<20%,0.00,0.0,NO,STANDBY_VEL_LOW,1,1321.86,3268.14,132.45,FALSE,M1_DIRECTION_MISMATCH|OPENING_SHIELD_ACTIVE_9s
2026-09-07 19:27:19.405,1788809239.405,5912,10,92,4406.19,4406.27,8.0,PASS_<=10c,+0.0,FLAT,+0.0,+69.0,1.3,+0.00,0.00,SLOW,4405.50,4406.54,4403.14,4406.23,0.00,0.00,0.0,BEARISH,340.0,4406.19,4406.19,4406.19,4406.19,19,ACTIVE_19s,1.0,0.0,0.0,0.0,0.0,0.0,0.0,PASS_<20%,0.00,0.0,NO,STANDBY_VEL_LOW,1,1321.86,3268.14,132.45,FALSE,M1_DIRECTION_MISMATCH|OPENING_SHIELD_ACTIVE_19s
2026-09-07 19:27:20.812,1788809240.813,5913,11,93,4406.19,4406.27,8.0,PASS_<=10c,+0.0,FLAT,+0.0,+69.0,2.1,+0.00,0.00,SLOW,4405.50,4406.54,4403.14,4406.23,0.00,0.00,0.0,BEARISH,340.0,4406.19,4406.19,4406.19,4406.19,20,CLEARED_>=20s,1.0,0.0,0.0,0.0,0.0,0.0,0.0,PASS_<20%,0.00,0.0,NO,STANDBY_VEL_LOW,1,1321.86,3268.14,132.45,FALSE,M1_DIRECTION_MISMATCH
2026-09-07 19:27:21.315,1788809241.315,5914,12,94,4406.19,4406.27,8.0,PASS_<=10c,+0.0,FLAT,+0.0,+69.0,2.6,+0.00,0.00,SLOW,4405.50,4406.54,4403.14,4406.23,0.00,0.00,0.0,BEARISH,340.0,4406.19,4406.19,4406.19,4406.19,21,CLEARED_>=20s,1.0,0.0,0.0,0.0,0.0,0.0,0.0,PASS_<20%,0.00,0.0,NO,STANDBY_VEL_LOW,1,1321.86,3268.14,132.45,FALSE,M1_DIRECTION_MISMATCH
2026-09-07 19:27:21.818,1788809241.818,5915,13,95,4406.19,4406.27,8.0,PASS_<=10c,+0.0,FLAT,+0.0,+69.0,2.9,+0.00,0.00,SLOW,4405.50,4406.54,4403.14,4406.23,0.00,0.00,0.0,BEARISH,340.0,4406.19,4406.19,4406.19,4406.19,21,CLEARED_>=20s,1.0,0.0,0.0,0.0,0.0,0.0,0.0,PASS_<20%,0.00,0.0,NO,STANDBY_VEL_LOW,1,1321.86,3268.14,132.45,FALSE,M1_DIRECTION_MISMATCH
2026-09-07 19:27:22.318,1788809242.319,5916,14,96,4406.19,4406.27,8.0,PASS_<=10c,+0.0,FLAT,+0.0,+69.0,3.1,+0.00,0.00,SLOW,4405.50,4406.54,4403.14,4406.23,0.00,0.00,0.0,BEARISH,340.0,4406.19,4406.19,4406.19,4406.19,22,CLEARED_>=20s,1.0,0.0,0.0,0.0,0.0,0.0,0.0,PASS_<20%,0.00,0.0,NO,STANDBY_VEL_LOW,1,1321.86,3268.14,132.45,FALSE,M1_DIRECTION_MISMATCH
2026-09-07 19:27:22.820,1788809242.820,5917,15,97,4406.19,4406.27,8.0,PASS_<=10c,+0.0,FLAT,+0.0,+69.0,3.2,+0.00,0.00,SLOW,4405.50,4406.54,4403.14,4406.23,0.00,0.00,0.0,BEARISH,340.0,4406.19,4406.19,4406.19,4406.19,22,CLEARED_>=20s,1.0,0.0,0.0,0.0,0.0,0.0,0.0,PASS_<20%,0.00,0.0,NO,STANDBY_VEL_LOW,1,1321.86,3268.14,132.45,FALSE,M1_DIRECTION_MISMATCH
2026-09-07 19:27:23.323,1788809243.323,5918,16,98,4406.19,4406.27,8.0,PASS_<=10c,+0.0,FLAT,+0.0,+69.0,3.3,+0.00,0.00,SLOW,4405.50,4406.54,4403.14,4406.23,0.00,0.00,0.0,BEARISH,340.0,4406.19,4406.19,4406.19,4406.19,23,CLEARED_>=20s,1.0,0.0,0.0,0.0,0.0,0.0,0.0,PASS_<20%,0.00,0.0,NO,STANDBY_VEL_LOW,1,1321.86,3268.14,132.45,FALSE,M1_DIRECTION_MISMATCH
2026-09-07 19:27:23.823,1788809243.824,5919,17,99,4406.19,4406.27,8.0,PASS_<=10c,+0.0,FLAT,+0.0,+69.0,3.4,+0.00,0.00,SLOW,4405.50,4406.54,4403.14,4406.23,0.00,0.00,0.0,BEARISH,340.0,4406.19,4406.19,4406.19,4406.19,23,CLEARED_>=20s,1.0,0.0,0.0,0.0,0.0,0.0,0.0,PASS_<20%,0.00,0.0,NO,STANDBY_VEL_LOW,1,1321.86,3268.14,132.45,FALSE,M1_DIRECTION_MISMATCH
2026-09-07 19:27:24.326,1788809244.326,5920,18,100,4406.19,4406.27,8.0,PASS_<=10c,+0.0,FLAT,+0.0,+69.0,3.5,+0.00,0.00,SLOW,4405.50,4406.54,4403.14,4406.23,0.00,0.00,0.0,BEARISH,340.0,4406.19,4406.19,4406.19,4406.19,24,CLEARED_>=20s,1.0,0.0,0.0,0.0,0.0,0.0,0.0,PASS_<20%,0.00,0.0,NO,STANDBY_VEL_LOW,1,1321.86,3268.14,132.45,FALSE,M1_DIRECTION_MISMATCH
2026-09-07 19:27:24.827,1788809244.828,5921,19,101,4406.19,4406.27,8.0,PASS_<=10c,+0.0,FLAT,+0.0,+69.0,4.4,+0.00,0.00,SLOW,4405.50,4406.54,4403.14,4406.23,0.00,0.00,0.0,BEARISH,340.0,4406.19,4406.19,4406.19,4406.19,24,CLEARED_>=20s,1.0,0.0,0.0,0.0,0.0,0.0,0.0,PASS_<20%,0.00,0.0,NO,STANDBY_VEL_LOW,1,1321.86,3268.14,132.45,FALSE,M1_DIRECTION_MISMATCH
2026-09-07 19:27:25.329,1788809245.329,5922,20,102,4406.19,4406.27,8.0,PASS_<=10c,+0.0,FLAT,+0.0,+69.0,4.3,+0.00,0.00,SLOW,4405.50,4406.54,4403.14,4406.23,0.00,0.00,0.0,BEARISH,340.0,4406.19,4406.19,4406.19,4406.19,25,CLEARED_>=20s,1.0,0.0,0.0,0.0,0.0,0.0,0.0,PASS_<20%,0.00,0.0,NO,STANDBY_VEL_LOW,1,1321.86,3268.14,132.45,FALSE,M1_DIRECTION_MISMATCH
2026-09-07 19:27:25.830,1788809245.831,5923,21,103,4406.19,4406.27,8.0,PASS_<=10c,+0.0,FLAT,+0.0,+69.0,4.2,+0.00,0.00,SLOW,4405.50,4406.54,4403.14,4406.23,0.00,0.00,0.0,BEARISH,340.0,4406.19,4406.19,4406.19,4406.19,25,CLEARED_>=20s,1.0,0.0,0.0,0.0,0.0,0.0,0.0,PASS_<20%,0.00,0.0,NO,STANDBY_VEL_LOW,1,1321.86,3268.14,132.45,FALSE,M1_DIRECTION_MISMATCH
2026-09-07 19:27:26.332,1788809246.333,5924,22,104,4406.19,4406.27,8.0,PASS_<=10c,+0.0,FLAT,+0.0,+69.0,4.2,+0.00,0.00,SLOW,4405.50,4406.54,4403.14,4406.23,0.00,0.00,0.0,BEARISH,340.0,4406.19,4406.19,4406.19,4406.19,26,CLEARED_>=20s,1.0,0.0,0.0,0.0,0.0,0.0,0.0,PASS_<20%,0.00,0.0,NO,STANDBY_VEL_LOW,1,1321.86,3268.14,132.45,FALSE,M1_DIRECTION_MISMATCH
2026-09-07 19:27:26.834,1788809246.834,5925,23,105,4406.19,4406.27,8.0,PASS_<=10c,+0.0,FLAT,+0.0,+69.0,4.2,+0.00,0.00,SLOW,4405.50,4406.54,4403.14,4406.23,0.00,0.00,0.0,BEARISH,340.0,4406.19,4406.19,4406.19,4406.19,26,CLEARED_>=20s,1.0,0.0,0.0,0.0,0.0,0.0,0.0,PASS_<20%,0.00,0.0,NO,STANDBY_VEL_LOW,1,1321.86,3268.14,132.45,FALSE,M1_DIRECTION_MISMATCH
2026-09-07 19:27:27.337,1788809247.337,5926,24,106,4406.19,4406.27,8.0,PASS_<=10c,+0.0,FLAT,+0.0,+69.0,4.2,+0.00,0.00,SLOW,4405.50,4406.54,4403.14,4406.23,0.00,0.00,0.0,BEARISH,340.0,4406.19,4406.19,4406.19,4406.19,27,CLEARED_>=20s,1.0,0.0,0.0,0.0,0.0,0.0,0.0,PASS_<20%,0.00,0.0,NO,STANDBY_VEL_LOW,1,1321.86,3268.14,132.45,FALSE,M1_DIRECTION_MISMATCH
2026-09-07 19:27:27.838,1788809247.838,5927,25,107,4406.19,4406.27,8.0,PASS_<=10c,+0.0,FLAT,+0.0,+69.0,4.2,+0.00,0.00,SLOW,4405.50,4406.54,4403.14,4406.23,0.00,0.00,0.0,BEARISH,340.0,4406.19,4406.19,4406.19,4406.19,27,CLEARED_>=20s,1.0,0.0,0.0,0.0,0.0,0.0,0.0,PASS_<20%,0.00,0.0,NO,STANDBY_VEL_LOW,1,1321.86,3268.14,132.45,FALSE,M1_DIRECTION_MISMATCH
2026-09-07 19:27:28.339,1788809248.340,5928,26,108,4406.19,4406.27,8.0,PASS_<=10c,+0.0,FLAT,+0.0,+69.0,4.2,+0.00,0.00,SLOW,4405.50,4406.54,4403.14,4406.23,0.00,0.00,0.0,BEARISH,340.0,4406.19,4406.19,4406.19,4406.19,28,CLEARED_>=20s,1.0,0.0,0.0,0.0,0.0,0.0,0.0,PASS_<20%,0.00,0.0,NO,STANDBY_VEL_LOW,1,1321.86,3268.14,132.45,FALSE,M1_DIRECTION_MISMATCH
2026-09-07 19:27:33.854,1788809253.855,5929,27,109,4406.19,4406.27,8.0,PASS_<=10c,+0.0,FLAT,+0.0,+69.0,1.6,+0.00,0.00,SLOW,4405.50,4406.54,4403.14,4406.23,0.00,0.00,0.0,BEARISH,340.0,4406.19,4406.19,4406.19,4406.19,33,CLEARED_>=20s,1.0,0.0,0.0,0.0,0.0,0.0,0.0,PASS_<20%,0.00,0.0,NO,STANDBY_VEL_LOW,1,1321.86,3268.14,132.45,FALSE,M1_DIRECTION_MISMATCH
2026-09-07 19:27:44.090,1788809264.090,5930,28,110,4406.19,4406.27,8.0,PASS_<=10c,+0.0,FLAT,+0.0,+69.0,1.3,+0.00,0.00,SLOW,4405.50,4406.54,4403.14,4406.23,0.00,0.00,0.0,BEARISH,340.0,4406.19,4406.19,4406.19,4406.19,44,CLEARED_>=20s,1.0,0.0,0.0,0.0,0.0,0.0,0.0,PASS_<20%,0.00,0.0,NO,STANDBY_VEL_LOW,1,1321.86,3268.14,132.45,FALSE,M1_DIRECTION_MISMATCH
2026-09-07 19:27:44.445,1788809264.446,5931,29,111,4406.19,4406.27,8.0,PASS_<=10c,+0.0,FLAT,+0.0,+69.0,3.0,+0.00,0.00,SLOW,4405.50,4406.54,4403.14,4406.23,0.00,0.00,0.0,BEARISH,340.0,4406.19,4406.19,4406.19,4406.19,44,CLEARED_>=20s,1.0,0.0,0.0,0.0,0.0,0.0,0.0,PASS_<20%,0.00,0.0,NO,STANDBY_VEL_LOW,1,1321.86,3268.14,132.45,FALSE,M1_DIRECTION_MISMATCH
2026-09-07 19:27:44.947,1788809264.947,5932,30,112,4406.19,4406.27,8.0,PASS_<=10c,+0.0,FLAT,+0.0,+69.0,5.0,+0.00,0.00,SLOW,4405.50,4406.54,4403.14,4406.23,0.00,0.00,0.0,BEARISH,340.0,4406.19,4406.19,4406.19,4406.19,44,CLEARED_>=20s,1.0,0.0,0.0,0.0,0.0,0.0,0.0,PASS_<20%,0.00,0.0,NO,STANDBY_VEL_LOW,1,1321.86,3268.14,132.45,FALSE,M1_DIRECTION_MISMATCH
2026-09-07 19:27:45.449,1788809265.449,5933,31,113,4406.19,4406.27,8.0,PASS_<=10c,+0.0,FLAT,+0.0,+69.0,5.2,+0.00,0.00,SLOW,4405.50,4406.54,4403.14,4406.23,0.00,0.00,0.0,BEARISH,340.0,4406.19,4406.19,4406.19,4406.19,45,CLEARED_>=20s,1.0,0.0,0.0,0.0,0.0,0.0,0.0,PASS_<20%,0.00,0.0,NO,STANDBY_VEL_LOW,1,1321.86,3268.14,132.45,FALSE,M1_DIRECTION_MISMATCH
2026-09-07 19:27:45.949,1788809265.949,5934,32,114,4406.19,4406.27,8.0,PASS_<=10c,+0.0,FLAT,+0.0,+69.0,4.8,+0.00,0.00,SLOW,4405.50,4406.54,4403.14,4406.23,0.00,0.00,0.0,BEARISH,340.0,4406.19,4406.19,4406.19,4406.19,45,CLEARED_>=20s,1.0,0.0,0.0,0.0,0.0,0.0,0.0,PASS_<20%,0.00,0.0,NO,STANDBY_VEL_LOW,1,1321.86,3268.14,132.45,FALSE,M1_DIRECTION_MISMATCH
2026-09-07 19:27:46.450,1788809266.450,5935,33,115,4406.19,4406.27,8.0,PASS_<=10c,+0.0,FLAT,+0.0,+69.0,4.7,+0.00,0.00,SLOW,4405.50,4406.54,4403.14,4406.23,0.00,0.00,0.0,BEARISH,340.0,4406.19,4406.19,4406.19,4406.19,46,CLEARED_>=20s,1.0,0.0,0.0,0.0,0.0,0.0,0.0,PASS_<20%,0.00,0.0,NO,STANDBY_VEL_LOW,1,1321.86,3268.14,132.45,FALSE,M1_DIRECTION_MISMATCH
2026-09-07 19:27:46.952,1788809266.952,5936,34,116,4406.19,4406.27,8.0,PASS_<=10c,+0.0,FLAT,+0.0,+69.0,4.5,+0.00,0.00,SLOW,4405.50,4406.54,4403.14,4406.23,0.00,0.00,0.0,BEARISH,340.0,4406.19,4406.19,4406.19,4406.19,46,CLEARED_>=20s,1.0,0.0,0.0,0.0,0.0,0.0,0.0,PASS_<20%,0.00,0.0,NO,STANDBY_VEL_LOW,1,1321.86,3268.14,132.45,FALSE,M1_DIRECTION_MISMATCH
2026-09-07 19:27:47.454,1788809267.454,5937,35,117,4406.19,4406.27,8.0,PASS_<=10c,+0.0,FLAT,+0.0,+69.0,4.5,+0.00,0.00,SLOW,4405.50,4406.54,4403.14,4406.23,0.00,0.00,0.0,BEARISH,340.0,4406.19,4406.19,4406.19,4406.19,47,CLEARED_>=20s,1.0,0.0,0.0,0.0,0.0,0.0,0.0,PASS_<20%,0.00,0.0,NO,STANDBY_VEL_LOW,1,1321.86,3268.14,132.45,FALSE,M1_DIRECTION_MISMATCH
2026-09-07 19:27:47.955,1788809267.955,5938,36,118,4406.19,4406.27,8.0,PASS_<=10c,+0.0,FLAT,+0.0,+69.0,4.4,+0.00,0.00,SLOW,4405.50,4406.54,4403.14,4406.23,0.00,0.00,0.0,BEARISH,340.0,4406.19,4406.19,4406.19,4406.19,47,CLEARED_>=20s,1.0,0.0,0.0,0.0,0.0,0.0,0.0,PASS_<20%,0.00,0.0,NO,STANDBY_VEL_LOW,1,1321.86,3268.14,132.45,FALSE,M1_DIRECTION_MISMATCH
2026-09-07 19:27:48.456,1788809268.456,5939,37,119,4406.19,4406.27,8.0,PASS_<=10c,+0.0,FLAT,+0.0,+69.0,4.4,+0.00,0.00,SLOW,4405.50,4406.54,4403.14,4406.23,0.00,0.00,0.0,BEARISH,340.0,4406.19,4406.19,4406.19,4406.19,48,CLEARED_>=20s,1.0,0.0,0.0,0.0,0.0,0.0,0.0,PASS_<20%,0.00,0.0,NO,STANDBY_VEL_LOW,1,1321.86,3268.14,132.45,FALSE,M1_DIRECTION_MISMATCH
2026-09-07 19:27:48.957,1788809268.958,5940,38,120,4406.19,4406.27,8.0,PASS_<=10c,+0.0,FLAT,+0.0,+69.0,4.3,+0.00,0.00,SLOW,4405.50,4406.54,4403.14,4406.23,0.00,0.00,0.0,BEARISH,340.0,4406.19,4406.19,4406.19,4406.19,48,CLEARED_>=20s,1.0,0.0,0.0,0.0,0.0,0.0,0.0,PASS_<20%,0.00,0.0,NO,STANDBY_VEL_LOW,1,1321.86,3268.14,132.45,FALSE,M1_DIRECTION_MISMATCH
2026-09-07 19:27:49.459,1788809269.460,5941,39,121,4406.19,4406.27,8.0,PASS_<=10c,+0.0,FLAT,+0.0,+69.0,4.2,+0.00,0.00,SLOW,4405.50,4406.54,4403.14,4406.23,0.00,0.00,0.0,BEARISH,340.0,4406.19,4406.19,4406.19,4406.19,49,CLEARED_>=20s,1.0,0.0,0.0,0.0,0.0,0.0,0.0,PASS_<20%,0.00,0.0,NO,STANDBY_VEL_LOW,1,1321.86,3268.14,132.45,FALSE,M1_DIRECTION_MISMATCH
2026-09-07 19:27:49.963,1788809269.963,5942,40,122,4406.19,4406.27,8.0,PASS_<=10c,+0.0,FLAT,+0.0,+69.0,4.2,+0.00,0.00,SLOW,4405.50,4406.54,4403.14,4406.23,0.00,0.00,0.0,BEARISH,340.0,4406.19,4406.19,4406.19,4406.19,49,CLEARED_>=20s,1.0,0.0,0.0,0.0,0.0,0.0,0.0,PASS_<20%,0.00,0.0,NO,STANDBY_VEL_LOW,1,1321.86,3268.14,132.45,FALSE,M1_DIRECTION_MISMATCH
2026-09-07 19:27:50.463,1788809270.464,5943,41,123,4406.19,4406.27,8.0,PASS_<=10c,+0.0,FLAT,+0.0,+69.0,4.2,+0.00,0.00,SLOW,4405.50,4406.54,4403.14,4406.23,0.00,0.00,0.0,BEARISH,340.0,4406.19,4406.19,4406.19,4406.19,50,CLEARED_>=20s,1.0,0.0,0.0,0.0,0.0,0.0,0.0,PASS_<20%,0.00,0.0,NO,STANDBY_VEL_LOW,1,1321.86,3268.14,132.45,FALSE,M1_DIRECTION_MISMATCH
2026-09-07 19:27:50.964,1788809270.964,5944,42,124,4406.19,4406.27,8.0,PASS_<=10c,+0.0,FLAT,+0.0,+69.0,4.2,+0.00,0.00,SLOW,4405.50,4406.54,4403.14,4406.23,0.00,0.00,0.0,BEARISH,340.0,4406.19,4406.19,4406.19,4406.19,50,CLEARED_>=20s,1.0,0.0,0.0,0.0,0.0,0.0,0.0,PASS_<20%,0.00,0.0,NO,STANDBY_VEL_LOW,1,1321.86,3268.14,132.45,FALSE,M1_DIRECTION_MISMATCH
2026-09-07 19:27:51.466,1788809271.466,5945,43,125,4406.19,4406.27,8.0,PASS_<=10c,+0.0,FLAT,+0.0,+69.0,4.2,+0.00,0.00,SLOW,4405.50,4406.54,4403.14,4406.23,0.00,0.00,0.0,BEARISH,340.0,4406.19,4406.19,4406.19,4406.19,51,CLEARED_>=20s,1.0,0.0,0.0,0.0,0.0,0.0,0.0,PASS_<20%,0.00,0.0,NO,STANDBY_VEL_LOW,1,1321.86,3268.14,132.45,FALSE,M1_DIRECTION_MISMATCH
2026-09-07 19:27:51.969,1788809271.969,5946,44,126,4406.19,4406.27,8.0,PASS_<=10c,+0.0,FLAT,+0.0,+69.0,4.2,+0.00,0.00,SLOW,4405.50,4406.54,4403.14,4406.23,0.00,0.00,0.0,BEARISH,340.0,4406.19,4406.19,4406.19,4406.19,51,CLEARED_>=20s,1.0,0.0,0.0,0.0,0.0,0.0,0.0,PASS_<20%,0.00,0.0,NO,STANDBY_VEL_LOW,1,1321.86,3268.14,132.45,FALSE,M1_DIRECTION_MISMATCH
2026-09-07 19:28:02.351,1788809282.352,5947,1,127,4406.19,4406.27,8.0,PASS_<=10c,+0.0,FLAT,+0.0,+69.0,1.3,+0.00,0.00,SLOW,4405.50,4406.54,4403.14,4406.23,0.00,0.00,0.0,BEARISH,340.0,4406.19,4406.19,4406.19,4406.19,2,ACTIVE_2s,1.0,0.0,0.0,0.0,0.0,0.0,0.0,PASS_<20%,0.00,0.0,NO,STANDBY_VEL_LOW,1,1321.86,3268.14,132.45,FALSE,M1_DIRECTION_MISMATCH|OPENING_SHIELD_ACTIVE_2s
2026-09-07 19:28:09.374,1788809289.375,5948,2,128,4406.19,4406.27,8.0,PASS_<=10c,+0.0,FLAT,+0.0,+69.0,1.3,+0.00,0.00,SLOW,4405.50,4406.54,4403.14,4406.23,0.00,0.00,0.0,BEARISH,340.0,4406.19,4406.19,4406.19,4406.19,9,ACTIVE_9s,1.0,0.0,0.0,0.0,0.0,0.0,0.0,PASS_<20%,0.00,0.0,NO,STANDBY_VEL_LOW,1,1321.86,3268.14,132.45,FALSE,M1_DIRECTION_MISMATCH|OPENING_SHIELD_ACTIVE_9s
2026-09-07 19:28:09.728,1788809289.729,5949,3,129,4406.19,4406.27,8.0,PASS_<=10c,+0.0,FLAT,+0.0,+69.0,1.8,+0.00,0.00,SLOW,4405.50,4406.54,4403.14,4406.23,0.00,0.00,0.0,BEARISH,340.0,4406.19,4406.19,4406.19,4406.19,9,ACTIVE_9s,1.0,0.0,0.0,0.0,0.0,0.0,0.0,PASS_<20%,0.00,0.0,NO,STANDBY_VEL_LOW,1,1321.86,3268.14,132.45,FALSE,M1_DIRECTION_MISMATCH|OPENING_SHIELD_ACTIVE_9s
2026-09-07 19:28:10.230,1788809290.230,5950,4,130,4406.19,4406.27,8.0,PASS_<=10c,+0.0,FLAT,+0.0,+69.0,2.2,+0.00,0.00,SLOW,4405.50,4406.54,4403.14,4406.23,0.00,0.00,0.0,BEARISH,340.0,4406.19,4406.19,4406.19,4406.19,10,ACTIVE_10s,1.0,0.0,0.0,0.0,0.0,0.0,0.0,PASS_<20%,0.00,0.0,NO,STANDBY_VEL_LOW,1,1321.86,3268.14,132.45,FALSE,M1_DIRECTION_MISMATCH|OPENING_SHIELD_ACTIVE_10s
2026-09-07 19:28:10.734,1788809290.734,5951,5,131,4406.19,4406.27,8.0,PASS_<=10c,+0.0,FLAT,+0.0,+69.0,2.5,+0.00,0.00,SLOW,4405.50,4406.54,4403.14,4406.23,0.00,0.00,0.0,BEARISH,340.0,4406.19,4406.19,4406.19,4406.19,10,ACTIVE_10s,1.0,0.0,0.0,0.0,0.0,0.0,0.0,PASS_<20%,0.00,0.0,NO,STANDBY_VEL_LOW,1,1321.86,3268.14,132.45,FALSE,M1_DIRECTION_MISMATCH|OPENING_SHIELD_ACTIVE_10s
2026-09-07 19:28:11.234,1788809291.235,5952,6,132,4406.19,4406.27,8.0,PASS_<=10c,+0.0,FLAT,+0.0,+69.0,2.7,+0.00,0.00,SLOW,4405.50,4406.54,4403.14,4406.23,0.00,0.00,0.0,BEARISH,340.0,4406.19,4406.19,4406.19,4406.19,11,ACTIVE_11s,1.0,0.0,0.0,0.0,0.0,0.0,0.0,PASS_<20%,0.00,0.0,NO,STANDBY_VEL_LOW,1,1321.86,3268.14,132.45,FALSE,M1_DIRECTION_MISMATCH|OPENING_SHIELD_ACTIVE_11s
2026-09-07 19:28:11.737,1788809291.738,5953,7,133,4406.19,4406.27,8.0,PASS_<=10c,+0.0,FLAT,+0.0,+69.0,2.8,+0.00,0.00,SLOW,4405.50,4406.54,4403.14,4406.23,0.00,0.00,0.0,BEARISH,340.0,4406.19,4406.19,4406.19,4406.19,11,ACTIVE_11s,1.0,0.0,0.0,0.0,0.0,0.0,0.0,PASS_<20%,0.00,0.0,NO,STANDBY_VEL_LOW,1,1321.86,3268.14,132.45,FALSE,M1_DIRECTION_MISMATCH|OPENING_SHIELD_ACTIVE_11s
2026-09-07 19:28:12.238,1788809292.239,5954,8,134,4406.19,4406.27,8.0,PASS_<=10c,+0.0,FLAT,+0.0,+69.0,2.9,+0.00,0.00,SLOW,4405.50,4406.54,4403.14,4406.23,0.00,0.00,0.0,BEARISH,340.0,4406.19,4406.19,4406.19,4406.19,12,ACTIVE_12s,1.0,0.0,0.0,0.0,0.0,0.0,0.0,PASS_<20%,0.00,0.0,NO,STANDBY_VEL_LOW,1,1321.86,3268.14,132.45,FALSE,M1_DIRECTION_MISMATCH|OPENING_SHIELD_ACTIVE_12s
2026-09-07 19:28:12.741,1788809292.741,5955,9,135,4406.19,4406.27,8.0,PASS_<=10c,+0.0,FLAT,+0.0,+69.0,4.5,+0.00,0.00,SLOW,4405.50,4406.54,4403.14,4406.23,0.00,0.00,0.0,BEARISH,340.0,4406.19,4406.19,4406.19,4406.19,12,ACTIVE_12s,1.0,0.0,0.0,0.0,0.0,0.0,0.0,PASS_<20%,0.00,0.0,NO,STANDBY_VEL_LOW,1,1321.86,3268.14,132.45,FALSE,M1_DIRECTION_MISMATCH|OPENING_SHIELD_ACTIVE_12s
2026-09-07 19:28:13.241,1788809293.241,5956,10,136,4406.19,4406.27,8.0,PASS_<=10c,+0.0,FLAT,+0.0,+69.0,4.4,+0.00,0.00,SLOW,4405.50,4406.54,4403.14,4406.23,0.00,0.00,0.0,BEARISH,340.0,4406.19,4406.19,4406.19,4406.19,13,ACTIVE_13s,1.0,0.0,0.0,0.0,0.0,0.0,0.0,PASS_<20%,0.00,0.0,NO,STANDBY_VEL_LOW,1,1321.86,3268.14,132.45,FALSE,M1_DIRECTION_MISMATCH|OPENING_SHIELD_ACTIVE_13s
2026-09-07 19:28:13.742,1788809293.743,5957,11,137,4406.19,4406.27,8.0,PASS_<=10c,+0.0,FLAT,+0.0,+69.0,4.3,+0.00,0.00,SLOW,4405.50,4406.54,4403.14,4406.23,0.00,0.00,0.0,BEARISH,340.0,4406.19,4406.19,4406.19,4406.19,13,ACTIVE_13s,1.0,0.0,0.0,0.0,0.0,0.0,0.0,PASS_<20%,0.00,0.0,NO,STANDBY_VEL_LOW,1,1321.86,3268.14,132.45,FALSE,M1_DIRECTION_MISMATCH|OPENING_SHIELD_ACTIVE_13s
2026-09-07 19:28:14.244,1788809294.244,5958,12,138,4406.19,4406.27,8.0,PASS_<=10c,+0.0,FLAT,+0.0,+69.0,4.3,+0.00,0.00,SLOW,4405.50,4406.54,4403.14,4406.23,0.00,0.00,0.0,BEARISH,340.0,4406.19,4406.19,4406.19,4406.19,14,ACTIVE_14s,1.0,0.0,0.0,0.0,0.0,0.0,0.0,PASS_<20%,0.00,0.0,NO,STANDBY_VEL_LOW,1,1321.86,3268.14,132.45,FALSE,M1_DIRECTION_MISMATCH|OPENING_SHIELD_ACTIVE_14s
2026-09-07 19:28:14.747,1788809294.748,5959,13,139,4406.19,4406.27,8.0,PASS_<=10c,+0.0,FLAT,+0.0,+69.0,4.2,+0.00,0.00,SLOW,4405.50,4406.54,4403.14,4406.23,0.00,0.00,0.0,BEARISH,340.0,4406.19,4406.19,4406.19,4406.19,14,ACTIVE_14s,1.0,0.0,0.0,0.0,0.0,0.0,0.0,PASS_<20%,0.00,0.0,NO,STANDBY_VEL_LOW,1,1321.86,3268.14,132.45,FALSE,M1_DIRECTION_MISMATCH|OPENING_SHIELD_ACTIVE_14s
2026-09-07 19:28:15.248,1788809295.249,5960,14,140,4406.19,4406.27,8.0,PASS_<=10c,+0.0,FLAT,+0.0,+69.0,4.2,+0.00,0.00,SLOW,4405.50,4406.54,4403.14,4406.23,0.00,0.00,0.0,BEARISH,340.0,4406.19,4406.19,4406.19,4406.19,15,ACTIVE_15s,1.0,0.0,0.0,0.0,0.0,0.0,0.0,PASS_<20%,0.00,0.0,NO,STANDBY_VEL_LOW,1,1321.86,3268.14,132.45,FALSE,M1_DIRECTION_MISMATCH|OPENING_SHIELD_ACTIVE_15s
2026-09-07 19:28:15.753,1788809295.753,5961,15,141,4406.19,4406.27,8.0,PASS_<=10c,+0.0,FLAT,+0.0,+69.0,4.2,+0.00,0.00,SLOW,4405.50,4406.54,4403.14,4406.23,0.00,0.00,0.0,BEARISH,340.0,4406.19,4406.19,4406.19,4406.19,15,ACTIVE_15s,1.0,0.0,0.0,0.0,0.0,0.0,0.0,PASS_<20%,0.00,0.0,NO,STANDBY_VEL_LOW,1,1321.86,3268.14,132.45,FALSE,M1_DIRECTION_MISMATCH|OPENING_SHIELD_ACTIVE_15s
2026-09-07 19:28:16.252,1788809296.253,5962,16,142,4406.19,4406.27,8.0,PASS_<=10c,+0.0,FLAT,+0.0,+69.0,4.2,+0.00,0.00,SLOW,4405.50,4406.54,4403.14,4406.23,0.00,0.00,0.0,BEARISH,340.0,4406.19,4406.19,4406.19,4406.19,16,ACTIVE_16s,1.0,0.0,0.0,0.0,0.0,0.0,0.0,PASS_<20%,0.00,0.0,NO,STANDBY_VEL_LOW,1,1321.86,3268.14,132.45,FALSE,M1_DIRECTION_MISMATCH|OPENING_SHIELD_ACTIVE_16s
2026-09-07 19:28:16.754,1788809296.755,5963,17,143,4406.19,4406.27,8.0,PASS_<=10c,+0.0,FLAT,+0.0,+69.0,4.2,+0.00,0.00,SLOW,4405.50,4406.54,4403.14,4406.23,0.00,0.00,0.0,BEARISH,340.0,4406.19,4406.19,4406.19,4406.19,16,ACTIVE_16s,1.0,0.0,0.0,0.0,0.0,0.0,0.0,PASS_<20%,0.00,0.0,NO,STANDBY_VEL_LOW,1,1321.86,3268.14,132.45,FALSE,M1_DIRECTION_MISMATCH|OPENING_SHIELD_ACTIVE_16s
2026-09-07 19:28:17.255,1788809297.255,5964,18,144,4406.19,4406.27,8.0,PASS_<=10c,+0.0,FLAT,+0.0,+69.0,4.2,+0.00,0.00,SLOW,4405.50,4406.54,4403.14,4406.23,0.00,0.00,0.0,BEARISH,340.0,4406.19,4406.19,4406.19,4406.19,17,ACTIVE_17s,1.0,0.0,0.0,0.0,0.0,0.0,0.0,PASS_<20%,0.00,0.0,NO,STANDBY_VEL_LOW,1,1321.86,3268.14,132.45,FALSE,M1_DIRECTION_MISMATCH|OPENING_SHIELD_ACTIVE_17s
2026-09-07 19:28:27.631,1788809307.631,5965,19,145,4406.19,4406.27,8.0,PASS_<=10c,+0.0,FLAT,+0.0,+69.0,1.3,+0.00,0.00,SLOW,4405.50,4406.54,4403.14,4406.23,0.00,0.00,0.0,BEARISH,340.0,4406.19,4406.19,4406.19,4406.19,27,CLEARED_>=20s,1.0,0.0,0.0,0.0,0.0,0.0,0.0,PASS_<20%,0.00,0.0,NO,STANDBY_VEL_LOW,1,1321.86,3268.14,132.45,FALSE,M1_DIRECTION_MISMATCH
2026-09-07 19:28:34.251,1788809314.251,5966,20,146,4406.19,4406.27,8.0,PASS_<=10c,+0.0,FLAT,+0.0,+69.0,1.3,+0.00,0.00,SLOW,4405.50,4406.54,4403.14,4406.23,0.00,0.00,0.0,BEARISH,340.0,4406.19,4406.19,4406.19,4406.19,34,CLEARED_>=20s,1.0,0.0,0.0,0.0,0.0,0.0,0.0,PASS_<20%,0.00,0.0,NO,STANDBY_VEL_LOW,1,1321.86,3268.14,132.45,FALSE,M1_DIRECTION_MISMATCH
2026-09-07 19:28:34.605,1788809314.606,5967,21,147,4406.19,4406.27,8.0,PASS_<=10c,+0.0,FLAT,+0.0,+69.0,2.2,+0.00,0.00,SLOW,4405.50,4406.54,4403.14,4406.23,0.00,0.00,0.0,BEARISH,340.0,4406.19,4406.19,4406.19,4406.19,34,CLEARED_>=20s,1.0,0.0,0.0,0.0,0.0,0.0,0.0,PASS_<20%,0.00,0.0,NO,STANDBY_VEL_LOW,1,1321.86,3268.14,132.45,FALSE,M1_DIRECTION_MISMATCH
2026-09-07 19:28:35.107,1788809315.108,5968,22,148,4406.19,4406.27,8.0,PASS_<=10c,+0.0,FLAT,+0.0,+69.0,2.5,+0.00,0.00,SLOW,4405.50,4406.54,4403.14,4406.23,0.00,0.00,0.0,BEARISH,340.0,4406.19,4406.19,4406.19,4406.19,35,CLEARED_>=20s,1.0,0.0,0.0,0.0,0.0,0.0,0.0,PASS_<20%,0.00,0.0,NO,STANDBY_VEL_LOW,1,1321.86,3268.14,132.45,FALSE,M1_DIRECTION_MISMATCH
2026-09-07 19:28:35.608,1788809315.609,5969,23,149,4406.19,4406.27,8.0,PASS_<=10c,+0.0,FLAT,+0.0,+69.0,2.8,+0.00,0.00,SLOW,4405.50,4406.54,4403.14,4406.23,0.00,0.00,0.0,BEARISH,340.0,4406.19,4406.19,4406.19,4406.19,35,CLEARED_>=20s,1.0,0.0,0.0,0.0,0.0,0.0,0.0,PASS_<20%,0.00,0.0,NO,STANDBY_VEL_LOW,1,1321.86,3268.14,132.45,FALSE,M1_DIRECTION_MISMATCH
2026-09-07 19:28:36.110,1788809316.110,5970,24,150,4406.19,4406.27,8.0,PASS_<=10c,+0.0,FLAT,+0.0,+69.0,3.0,+0.00,0.00,SLOW,4405.50,4406.54,4403.14,4406.23,0.00,0.00,0.0,BEARISH,340.0,4406.19,4406.19,4406.19,4406.19,36,CLEARED_>=20s,1.0,0.0,0.0,0.0,0.0,0.0,0.0,PASS_<20%,0.00,0.0,NO,STANDBY_VEL_LOW,1,1321.86,3268.14,132.45,FALSE,M1_DIRECTION_MISMATCH
2026-09-07 19:28:36.610,1788809316.611,5971,25,151,4406.19,4406.27,8.0,PASS_<=10c,+0.0,FLAT,+0.0,+69.0,3.1,+0.00,0.00,SLOW,4405.50,4406.54,4403.14,4406.23,0.00,0.00,0.0,BEARISH,340.0,4406.19,4406.19,4406.19,4406.19,36,CLEARED_>=20s,1.0,0.0,0.0,0.0,0.0,0.0,0.0,PASS_<20%,0.00,0.0,NO,STANDBY_VEL_LOW,1,1321.86,3268.14,132.45,FALSE,M1_DIRECTION_MISMATCH
2026-09-07 19:28:37.113,1788809317.113,5972,26,152,4406.19,4406.27,8.0,PASS_<=10c,+0.0,FLAT,+0.0,+69.0,3.2,+0.00,0.00,SLOW,4405.50,4406.54,4403.14,4406.23,0.00,0.00,0.0,BEARISH,340.0,4406.19,4406.19,4406.19,4406.19,37,CLEARED_>=20s,1.0,0.0,0.0,0.0,0.0,0.0,0.0,PASS_<20%,0.00,0.0,NO,STANDBY_VEL_LOW,1,1321.86,3268.14,132.45,FALSE,M1_DIRECTION_MISMATCH
2026-09-07 19:28:37.614,1788809317.615,5973,27,153,4406.19,4406.27,8.0,PASS_<=10c,+0.0,FLAT,+0.0,+69.0,3.3,+0.00,0.00,SLOW,4405.50,4406.54,4403.14,4406.23,0.00,0.00,0.0,BEARISH,340.0,4406.19,4406.19,4406.19,4406.19,37,CLEARED_>=20s,1.0,0.0,0.0,0.0,0.0,0.0,0.0,PASS_<20%,0.00,0.0,NO,STANDBY_VEL_LOW,1,1321.86,3268.14,132.45,FALSE,M1_DIRECTION_MISMATCH
2026-09-07 19:28:38.116,1788809318.116,5974,28,154,4406.19,4406.27,8.0,PASS_<=10c,+0.0,FLAT,+0.0,+69.0,4.4,+0.00,0.00,SLOW,4405.50,4406.54,4403.14,4406.23,0.00,0.00,0.0,BEARISH,340.0,4406.19,4406.19,4406.19,4406.19,38,CLEARED_>=20s,1.0,0.0,0.0,0.0,0.0,0.0,0.0,PASS_<20%,0.00,0.0,NO,STANDBY_VEL_LOW,1,1321.86,3268.14,132.45,FALSE,M1_DIRECTION_MISMATCH
2026-09-07 19:28:38.618,1788809318.618,5975,29,155,4406.19,4406.27,8.0,PASS_<=10c,+0.0,FLAT,+0.0,+69.0,4.4,+0.00,0.00,SLOW,4405.50,4406.54,4403.14,4406.23,0.00,0.00,0.0,BEARISH,340.0,4406.19,4406.19,4406.19,4406.19,38,CLEARED_>=20s,1.0,0.0,0.0,0.0,0.0,0.0,0.0,PASS_<20%,0.00,0.0,NO,STANDBY_VEL_LOW,1,1321.86,3268.14,132.45,FALSE,M1_DIRECTION_MISMATCH
2026-09-07 19:28:39.119,1788809319.120,5976,30,156,4406.19,4406.27,8.0,PASS_<=10c,+0.0,FLAT,+0.0,+69.0,4.3,+0.00,0.00,SLOW,4405.50,4406.54,4403.14,4406.23,0.00,0.00,0.0,BEARISH,340.0,4406.19,4406.19,4406.19,4406.19,39,CLEARED_>=20s,1.0,0.0,0.0,0.0,0.0,0.0,0.0,PASS_<20%,0.00,0.0,NO,STANDBY_VEL_LOW,1,1321.86,3268.14,132.45,FALSE,M1_DIRECTION_MISMATCH
2026-09-07 19:28:39.621,1788809319.621,5977,31,157,4406.19,4406.27,8.0,PASS_<=10c,+0.0,FLAT,+0.0,+69.0,4.2,+0.00,0.00,SLOW,4405.50,4406.54,4403.14,4406.23,0.00,0.00,0.0,BEARISH,340.0,4406.19,4406.19,4406.19,4406.19,39,CLEARED_>=20s,1.0,0.0,0.0,0.0,0.0,0.0,0.0,PASS_<20%,0.00,0.0,NO,STANDBY_VEL_LOW,1,1321.86,3268.14,132.45,FALSE,M1_DIRECTION_MISMATCH
2026-09-07 19:28:40.124,1788809320.125,5978,32,158,4406.19,4406.27,8.0,PASS_<=10c,+0.0,FLAT,+0.0,+69.0,4.2,+0.00,0.00,SLOW,4405.50,4406.54,4403.14,4406.23,0.00,0.00,0.0,BEARISH,340.0,4406.19,4406.19,4406.19,4406.19,40,CLEARED_>=20s,1.0,0.0,0.0,0.0,0.0,0.0,0.0,PASS_<20%,0.00,0.0,NO,STANDBY_VEL_LOW,1,1321.86,3268.14,132.45,FALSE,M1_DIRECTION_MISMATCH
2026-09-07 19:28:40.625,1788809320.625,5979,33,159,4406.19,4406.27,8.0,PASS_<=10c,+0.0,FLAT,+0.0,+69.0,4.2,+0.00,0.00,SLOW,4405.50,4406.54,4403.14,4406.23,0.00,0.00,0.0,BEARISH,340.0,4406.19,4406.19,4406.19,4406.19,40,CLEARED_>=20s,1.0,0.0,0.0,0.0,0.0,0.0,0.0,PASS_<20%,0.00,0.0,NO,STANDBY_VEL_LOW,1,1321.86,3268.14,132.45,FALSE,M1_DIRECTION_MISMATCH
2026-09-07 19:28:41.127,1788809321.127,5980,34,160,4406.19,4406.27,8.0,PASS_<=10c,+0.0,FLAT,+0.0,+69.0,4.2,+0.00,0.00,SLOW,4405.50,4406.54,4403.14,4406.23,0.00,0.00,0.0,BEARISH,340.0,4406.19,4406.19,4406.19,4406.19,41,CLEARED_>=20s,1.0,0.0,0.0,0.0,0.0,0.0,0.0,PASS_<20%,0.00,0.0,NO,STANDBY_VEL_LOW,1,1321.86,3268.14,132.45,FALSE,M1_DIRECTION_MISMATCH
2026-09-07 19:28:41.628,1788809321.629,5981,35,161,4406.19,4406.27,8.0,PASS_<=10c,+0.0,FLAT,+0.0,+69.0,4.2,+0.00,0.00,SLOW,4405.50,4406.54,4403.14,4406.23,0.00,0.00,0.0,BEARISH,340.0,4406.19,4406.19,4406.19,4406.19,41,CLEARED_>=20s,1.0,0.0,0.0,0.0,0.0,0.0,0.0,PASS_<20%,0.00,0.0,NO,STANDBY_VEL_LOW,1,1321.86,3268.14,132.45,FALSE,M1_DIRECTION_MISMATCH
2026-09-07 19:28:42.130,1788809322.130,5982,36,162,4406.19,4406.27,8.0,PASS_<=10c,+0.0,FLAT,+0.0,+69.0,4.2,+0.00,0.00,SLOW,4405.50,4406.54,4403.14,4406.23,0.00,0.00,0.0,BEARISH,340.0,4406.19,4406.19,4406.19,4406.19,42,CLEARED_>=20s,1.0,0.0,0.0,0.0,0.0,0.0,0.0,PASS_<20%,0.00,0.0,NO,STANDBY_VEL_LOW,1,1321.86,3268.14,132.45,FALSE,M1_DIRECTION_MISMATCH
2026-09-07 19:28:52.550,1788809332.551,5983,37,163,4406.19,4406.27,8.0,PASS_<=10c,+0.0,FLAT,+0.0,+69.0,1.3,+0.00,0.00,SLOW,4405.50,4406.54,4403.14,4406.23,0.00,0.00,0.0,BEARISH,340.0,4406.19,4406.19,4406.19,4406.19,52,CLEARED_>=20s,1.0,0.0,0.0,0.0,0.0,0.0,0.0,PASS_<20%,0.00,0.0,NO,STANDBY_VEL_LOW,1,1321.86,3268.14,132.45,FALSE,M1_DIRECTION_MISMATCH
2026-09-07 19:28:59.381,1788809339.381,5984,38,164,4406.19,4406.27,8.0,PASS_<=10c,+0.0,FLAT,+0.0,+69.0,1.3,+0.00,0.00,SLOW,4405.50,4406.54,4403.14,4406.23,0.00,0.00,0.0,BEARISH,340.0,4406.19,4406.19,4406.19,4406.19,59,CLEARED_>=20s,1.0,0.0,0.0,0.0,0.0,0.0,0.0,PASS_<20%,0.00,0.0,NO,STANDBY_VEL_LOW,1,1321.86,3268.14,132.45,FALSE,M1_DIRECTION_MISMATCH
2026-09-07 19:28:59.735,1788809339.736,5985,39,165,4406.19,4406.27,8.0,PASS_<=10c,+0.0,FLAT,+0.0,+69.0,1.9,+0.00,0.00,SLOW,4405.50,4406.54,4403.14,4406.23,0.00,0.00,0.0,BEARISH,340.0,4406.19,4406.19,4406.19,4406.19,59,CLEARED_>=20s,1.0,0.0,0.0,0.0,0.0,0.0,0.0,PASS_<20%,0.00,0.0,NO,STANDBY_VEL_LOW,1,1321.86,3268.14,132.45,FALSE,M1_DIRECTION_MISMATCH
2026-09-07 19:29:00.237,1788809340.237,5986,1,166,4406.19,4406.27,8.0,PASS_<=10c,+0.0,FLAT,+0.0,+69.0,2.3,+0.00,0.00,SLOW,4405.50,4406.54,4403.14,4406.23,0.00,0.00,0.0,BEARISH,340.0,4406.19,4406.19,4406.19,4406.19,0,ACTIVE_0s,1.0,0.0,0.0,0.0,0.0,0.0,0.0,PASS_<20%,0.00,0.0,NO,STANDBY_VEL_LOW,1,1321.86,3268.14,132.45,FALSE,M1_DIRECTION_MISMATCH|OPENING_SHIELD_ACTIVE_0s
2026-09-07 19:29:00.739,1788809340.740,5987,2,167,4406.19,4406.27,8.0,PASS_<=10c,+0.0,FLAT,+0.0,+69.0,2.6,+0.00,0.00,SLOW,4405.50,4406.54,4403.14,4406.23,0.00,0.00,0.0,BEARISH,340.0,4406.19,4406.19,4406.19,4406.19,0,ACTIVE_0s,1.0,0.0,0.0,0.0,0.0,0.0,0.0,PASS_<20%,0.00,0.0,NO,STANDBY_VEL_LOW,1,1321.86,3268.14,132.45,FALSE,M1_DIRECTION_MISMATCH|OPENING_SHIELD_ACTIVE_0s
2026-09-07 19:29:01.241,1788809341.241,5988,3,168,4406.19,4406.27,8.0,PASS_<=10c,+0.0,FLAT,+0.0,+69.0,2.8,+0.00,0.00,SLOW,4405.50,4406.54,4403.14,4406.23,0.00,0.00,0.0,BEARISH,340.0,4406.19,4406.19,4406.19,4406.19,1,ACTIVE_1s,1.0,0.0,0.0,0.0,0.0,0.0,0.0,PASS_<20%,0.00,0.0,NO,STANDBY_VEL_LOW,1,1321.86,3268.14,132.45,FALSE,M1_DIRECTION_MISMATCH|OPENING_SHIELD_ACTIVE_1s
2026-09-07 19:29:01.742,1788809341.743,5989,4,169,4406.19,4406.27,8.0,PASS_<=10c,+0.0,FLAT,+0.0,+69.0,2.9,+0.00,0.00,SLOW,4405.50,4406.54,4403.14,4406.23,0.00,0.00,0.0,BEARISH,340.0,4406.19,4406.19,4406.19,4406.19,1,ACTIVE_1s,1.0,0.0,0.0,0.0,0.0,0.0,0.0,PASS_<20%,0.00,0.0,NO,STANDBY_VEL_LOW,1,1321.86,3268.14,132.45,FALSE,M1_DIRECTION_MISMATCH|OPENING_SHIELD_ACTIVE_1s
2026-09-07 19:29:02.244,1788809342.244,5990,5,170,4406.19,4406.27,8.0,PASS_<=10c,+0.0,FLAT,+0.0,+69.0,3.1,+0.00,0.00,SLOW,4405.50,4406.54,4403.14,4406.23,0.00,0.00,0.0,BEARISH,340.0,4406.19,4406.19,4406.19,4406.19,2,ACTIVE_2s,1.0,0.0,0.0,0.0,0.0,0.0,0.0,PASS_<20%,0.00,0.0,NO,STANDBY_VEL_LOW,1,1321.86,3268.14,132.45,FALSE,M1_DIRECTION_MISMATCH|OPENING_SHIELD_ACTIVE_2s
2026-09-07 19:29:02.745,1788809342.746,5991,6,171,4406.19,4406.27,8.0,PASS_<=10c,+0.0,FLAT,+0.0,+69.0,4.5,+0.00,0.00,SLOW,4405.50,4406.54,4403.14,4406.23,0.00,0.00,0.0,BEARISH,340.0,4406.19,4406.19,4406.19,4406.19,2,ACTIVE_2s,1.0,0.0,0.0,0.0,0.0,0.0,0.0,PASS_<20%,0.00,0.0,NO,STANDBY_VEL_LOW,1,1321.86,3268.14,132.45,FALSE,M1_DIRECTION_MISMATCH|OPENING_SHIELD_ACTIVE_2s
2026-09-07 19:29:03.248,1788809343.248,5992,7,172,4406.19,4406.27,8.0,PASS_<=10c,+0.0,FLAT,+0.0,+69.0,4.4,+0.00,0.00,SLOW,4405.50,4406.54,4403.14,4406.23,0.00,0.00,0.0,BEARISH,340.0,4406.19,4406.19,4406.19,4406.19,3,ACTIVE_3s,1.0,0.0,0.0,0.0,0.0,0.0,0.0,PASS_<20%,0.00,0.0,NO,STANDBY_VEL_LOW,1,1321.86,3268.14,132.45,FALSE,M1_DIRECTION_MISMATCH|OPENING_SHIELD_ACTIVE_3s
2026-09-07 19:29:03.749,1788809343.750,5993,8,173,4406.19,4406.27,8.0,PASS_<=10c,+0.0,FLAT,+0.0,+69.0,4.3,+0.00,0.00,SLOW,4405.50,4406.54,4403.14,4406.23,0.00,0.00,0.0,BEARISH,340.0,4406.19,4406.19,4406.19,4406.19,3,ACTIVE_3s,1.0,0.0,0.0,0.0,0.0,0.0,0.0,PASS_<20%,0.00,0.0,NO,STANDBY_VEL_LOW,1,1321.86,3268.14,132.45,FALSE,M1_DIRECTION_MISMATCH|OPENING_SHIELD_ACTIVE_3s
2026-09-07 19:29:04.252,1788809344.252,5994,9,174,4406.19,4406.27,8.0,PASS_<=10c,+0.0,FLAT,+0.0,+69.0,4.3,+0.00,0.00,SLOW,4405.50,4406.54,4403.14,4406.23,0.00,0.00,0.0,BEARISH,340.0,4406.19,4406.19,4406.19,4406.19,4,ACTIVE_4s,1.0,0.0,0.0,0.0,0.0,0.0,0.0,PASS_<20%,0.00,0.0,NO,STANDBY_VEL_LOW,1,1321.86,3268.14,132.45,FALSE,M1_DIRECTION_MISMATCH|OPENING_SHIELD_ACTIVE_4s
2026-09-07 19:29:04.753,1788809344.753,5995,10,175,4406.19,4406.27,8.0,PASS_<=10c,+0.0,FLAT,+0.0,+69.0,4.2,+0.00,0.00,SLOW,4405.50,4406.54,4403.14,4406.23,0.00,0.00,0.0,BEARISH,340.0,4406.19,4406.19,4406.19,4406.19,4,ACTIVE_4s,1.0,0.0,0.0,0.0,0.0,0.0,0.0,PASS_<20%,0.00,0.0,NO,STANDBY_VEL_LOW,1,1321.86,3268.14,132.45,FALSE,M1_DIRECTION_MISMATCH|OPENING_SHIELD_ACTIVE_4s
2026-09-07 19:29:05.260,1788809345.261,5996,11,176,4406.19,4406.27,8.0,PASS_<=10c,+0.0,FLAT,+0.0,+69.0,4.2,+0.00,0.00,SLOW,4405.50,4406.54,4403.14,4406.23,0.00,0.00,0.0,BEARISH,340.0,4406.19,4406.19,4406.19,4406.19,5,ACTIVE_5s,1.0,0.0,0.0,0.0,0.0,0.0,0.0,PASS_<20%,0.00,0.0,NO,STANDBY_VEL_LOW,1,1321.86,3268.14,132.45,FALSE,M1_DIRECTION_MISMATCH|OPENING_SHIELD_ACTIVE_5s
2026-09-07 19:29:05.761,1788809345.762,5997,12,177,4406.19,4406.27,8.0,PASS_<=10c,+0.0,FLAT,+0.0,+69.0,4.2,+0.00,0.00,SLOW,4405.50,4406.54,4403.14,4406.23,0.00,0.00,0.0,BEARISH,340.0,4406.19,4406.19,4406.19,4406.19,5,ACTIVE_5s,1.0,0.0,0.0,0.0,0.0,0.0,0.0,PASS_<20%,0.00,0.0,NO,STANDBY_VEL_LOW,1,1321.86,3268.14,132.45,FALSE,M1_DIRECTION_MISMATCH|OPENING_SHIELD_ACTIVE_5s
2026-09-07 19:29:06.263,1788809346.263,5998,13,178,4406.19,4406.27,8.0,PASS_<=10c,+0.0,FLAT,+0.0,+69.0,4.2,+0.00,0.00,SLOW,4405.50,4406.54,4403.14,4406.23,0.00,0.00,0.0,BEARISH,340.0,4406.19,4406.19,4406.19,4406.19,6,ACTIVE_6s,1.0,0.0,0.0,0.0,0.0,0.0,0.0,PASS_<20%,0.00,0.0,NO,STANDBY_VEL_LOW,1,1321.86,3268.14,132.45,FALSE,M1_DIRECTION_MISMATCH|OPENING_SHIELD_ACTIVE_6s
2026-09-07 19:29:06.765,1788809346.765,5999,14,179,4406.19,4406.27,8.0,PASS_<=10c,+0.0,FLAT,+0.0,+69.0,4.2,+0.00,0.00,SLOW,4405.50,4406.54,4403.14,4406.23,0.00,0.00,0.0,BEARISH,340.0,4406.19,4406.19,4406.19,4406.19,6,ACTIVE_6s,1.0,0.0,0.0,0.0,0.0,0.0,0.0,PASS_<20%,0.00,0.0,NO,STANDBY_VEL_LOW,1,1321.86,3268.14,132.45,FALSE,M1_DIRECTION_MISMATCH|OPENING_SHIELD_ACTIVE_6s
2026-09-07 19:29:07.268,1788809347.269,6000,15,180,4406.19,4406.27,8.0,PASS_<=10c,+0.0,FLAT,+0.0,+69.0,4.2,+0.00,0.00,SLOW,4405.50,4406.54,4403.14,4406.23,0.00,0.00,0.0,BEARISH,340.0,4406.19,4406.19,4406.19,4406.19,7,ACTIVE_7s,1.0,0.0,0.0,0.0,0.0,0.0,0.0,PASS_<20%,0.00,0.0,NO,STANDBY_VEL_LOW,1,1321.86,3268.14,132.45,FALSE,M1_DIRECTION_MISMATCH|OPENING_SHIELD_ACTIVE_7s
2026-09-07 19:29:17.642,1788809357.643,6001,16,181,4406.19,4406.27,8.0,PASS_<=10c,+0.0,FLAT,+0.0,+69.0,1.3,+0.00,0.00,SLOW,4405.50,4406.54,4403.14,4406.23,0.00,0.00,0.0,BEARISH,340.0,4406.19,4406.19,4406.19,4406.19,17,ACTIVE_17s,1.0,0.0,0.0,0.0,0.0,0.0,0.0,PASS_<20%,0.00,0.0,NO,STANDBY_VEL_LOW,1,1321.86,3268.14,132.45,FALSE,M1_DIRECTION_MISMATCH|OPENING_SHIELD_ACTIVE_17s
2026-09-07 19:29:24.466,1788809364.466,6002,17,182,4406.19,4406.27,8.0,PASS_<=10c,+0.0,FLAT,+0.0,+69.0,1.3,+0.00,0.00,SLOW,4405.50,4406.54,4403.14,4406.23,0.00,0.00,0.0,BEARISH,340.0,4406.19,4406.19,4406.19,4406.19,24,CLEARED_>=20s,1.0,0.0,0.0,0.0,0.0,0.0,0.0,PASS_<20%,0.00,0.0,NO,STANDBY_VEL_LOW,1,1321.86,3268.14,132.45,FALSE,M1_DIRECTION_MISMATCH
2026-09-07 19:29:24.822,1788809364.823,6003,18,183,4406.19,4406.27,8.0,PASS_<=10c,+0.0,FLAT,+0.0,+69.0,1.9,+0.00,0.00,SLOW,4405.50,4406.54,4403.14,4406.23,0.00,0.00,0.0,BEARISH,340.0,4406.19,4406.19,4406.19,4406.19,24,CLEARED_>=20s,1.0,0.0,0.0,0.0,0.0,0.0,0.0,PASS_<20%,0.00,0.0,NO,STANDBY_VEL_LOW,1,1321.86,3268.14,132.45,FALSE,M1_DIRECTION_MISMATCH
2026-09-07 19:29:25.323,1788809365.323,6004,19,184,4406.19,4406.27,8.0,PASS_<=10c,+0.0,FLAT,+0.0,+69.0,2.3,+0.00,0.00,SLOW,4405.50,4406.54,4403.14,4406.23,0.00,0.00,0.0,BEARISH,340.0,4406.19,4406.19,4406.19,4406.19,25,CLEARED_>=20s,1.0,0.0,0.0,0.0,0.0,0.0,0.0,PASS_<20%,0.00,0.0,NO,STANDBY_VEL_LOW,1,1321.86,3268.14,132.45,FALSE,M1_DIRECTION_MISMATCH
2026-09-07 19:29:25.824,1788809365.824,6005,20,185,4406.19,4406.27,8.0,PASS_<=10c,+0.0,FLAT,+0.0,+69.0,2.6,+0.00,0.00,SLOW,4405.50,4406.54,4403.14,4406.23,0.00,0.00,0.0,BEARISH,340.0,4406.19,4406.19,4406.19,4406.19,25,CLEARED_>=20s,1.0,0.0,0.0,0.0,0.0,0.0,0.0,PASS_<20%,0.00,0.0,NO,STANDBY_VEL_LOW,1,1321.86,3268.14,132.45,FALSE,M1_DIRECTION_MISMATCH
2026-09-07 19:29:26.326,1788809366.327,6006,21,186,4406.19,4406.27,8.0,PASS_<=10c,+0.0,FLAT,+0.0,+69.0,2.8,+0.00,0.00,SLOW,4405.50,4406.54,4403.14,4406.23,0.00,0.00,0.0,BEARISH,340.0,4406.19,4406.19,4406.19,4406.19,26,CLEARED_>=20s,1.0,0.0,0.0,0.0,0.0,0.0,0.0,PASS_<20%,0.00,0.0,NO,STANDBY_VEL_LOW,1,1321.86,3268.14,132.45,FALSE,M1_DIRECTION_MISMATCH
2026-09-07 19:29:26.829,1788809366.830,6007,22,187,4406.19,4406.27,8.0,PASS_<=10c,+0.0,FLAT,+0.0,+69.0,2.9,+0.00,0.00,SLOW,4405.50,4406.54,4403.14,4406.23,0.00,0.00,0.0,BEARISH,340.0,4406.19,4406.19,4406.19,4406.19,26,CLEARED_>=20s,1.0,0.0,0.0,0.0,0.0,0.0,0.0,PASS_<20%,0.00,0.0,NO,STANDBY_VEL_LOW,1,1321.86,3268.14,132.45,FALSE,M1_DIRECTION_MISMATCH
2026-09-07 19:29:27.330,1788809367.330,6008,23,188,4406.19,4406.27,8.0,PASS_<=10c,+0.0,FLAT,+0.0,+69.0,3.1,+0.00,0.00,SLOW,4405.50,4406.54,4403.14,4406.23,0.00,0.00,0.0,BEARISH,340.0,4406.19,4406.19,4406.19,4406.19,27,CLEARED_>=20s,1.0,0.0,0.0,0.0,0.0,0.0,0.0,PASS_<20%,0.00,0.0,NO,STANDBY_VEL_LOW,1,1321.86,3268.14,132.45,FALSE,M1_DIRECTION_MISMATCH
2026-09-07 19:29:27.831,1788809367.831,6009,24,189,4406.19,4406.27,8.0,PASS_<=10c,+0.0,FLAT,+0.0,+69.0,4.5,+0.00,0.00,SLOW,4405.50,4406.54,4403.14,4406.23,0.00,0.00,0.0,BEARISH,340.0,4406.19,4406.19,4406.19,4406.19,27,CLEARED_>=20s,1.0,0.0,0.0,0.0,0.0,0.0,0.0,PASS_<20%,0.00,0.0,NO,STANDBY_VEL_LOW,1,1321.86,3268.14,132.45,FALSE,M1_DIRECTION_MISMATCH
2026-09-07 19:29:28.332,1788809368.332,6010,25,190,4406.19,4406.27,8.0,PASS_<=10c,+0.0,FLAT,+0.0,+69.0,4.4,+0.00,0.00,SLOW,4405.50,4406.54,4403.14,4406.23,0.00,0.00,0.0,BEARISH,340.0,4406.19,4406.19,4406.19,4406.19,28,CLEARED_>=20s,1.0,0.0,0.0,0.0,0.0,0.0,0.0,PASS_<20%,0.00,0.0,NO,STANDBY_VEL_LOW,1,1321.86,3268.14,132.45,FALSE,M1_DIRECTION_MISMATCH
2026-09-07 19:29:28.834,1788809368.835,6011,26,191,4406.19,4406.27,8.0,PASS_<=10c,+0.0,FLAT,+0.0,+69.0,4.4,+0.00,0.00,SLOW,4405.50,4406.54,4403.14,4406.23,0.00,0.00,0.0,BEARISH,340.0,4406.19,4406.19,4406.19,4406.19,28,CLEARED_>=20s,1.0,0.0,0.0,0.0,0.0,0.0,0.0,PASS_<20%,0.00,0.0,NO,STANDBY_VEL_LOW,1,1321.86,3268.14,132.45,FALSE,M1_DIRECTION_MISMATCH
2026-09-07 19:29:29.335,1788809369.335,6012,27,192,4406.19,4406.27,8.0,PASS_<=10c,+0.0,FLAT,+0.0,+69.0,4.3,+0.00,0.00,SLOW,4405.50,4406.54,4403.14,4406.23,0.00,0.00,0.0,BEARISH,340.0,4406.19,4406.19,4406.19,4406.19,29,CLEARED_>=20s,1.0,0.0,0.0,0.0,0.0,0.0,0.0,PASS_<20%,0.00,0.0,NO,STANDBY_VEL_LOW,1,1321.86,3268.14,132.45,FALSE,M1_DIRECTION_MISMATCH
2026-09-07 19:29:29.836,1788809369.836,6013,28,193,4406.19,4406.27,8.0,PASS_<=10c,+0.0,FLAT,+0.0,+69.0,4.2,+0.00,0.00,SLOW,4405.50,4406.54,4403.14,4406.23,0.00,0.00,0.0,BEARISH,340.0,4406.19,4406.19,4406.19,4406.19,29,CLEARED_>=20s,1.0,0.0,0.0,0.0,0.0,0.0,0.0,PASS_<20%,0.00,0.0,NO,STANDBY_VEL_LOW,1,1321.86,3268.14,132.45,FALSE,M1_DIRECTION_MISMATCH
2026-09-07 19:29:30.338,1788809370.339,6014,29,194,4406.19,4406.27,8.0,PASS_<=10c,+0.0,FLAT,+0.0,+69.0,4.2,+0.00,0.00,SLOW,4405.50,4406.54,4403.14,4406.23,0.00,0.00,0.0,BEARISH,340.0,4406.19,4406.19,4406.19,4406.19,30,CLEARED_>=20s,1.0,0.0,0.0,0.0,0.0,0.0,0.0,PASS_<20%,0.00,0.0,NO,STANDBY_VEL_LOW,1,1321.86,3268.14,132.45,FALSE,M1_DIRECTION_MISMATCH
2026-09-07 19:29:30.839,1788809370.840,6015,30,195,4406.19,4406.27,8.0,PASS_<=10c,+0.0,FLAT,+0.0,+69.0,4.2,+0.00,0.00,SLOW,4405.50,4406.54,4403.14,4406.23,0.00,0.00,0.0,BEARISH,340.0,4406.19,4406.19,4406.19,4406.19,30,CLEARED_>=20s,1.0,0.0,0.0,0.0,0.0,0.0,0.0,PASS_<20%,0.00,0.0,NO,STANDBY_VEL_LOW,1,1321.86,3268.14,132.45,FALSE,M1_DIRECTION_MISMATCH
2026-09-07 19:29:31.341,1788809371.342,6016,31,196,4406.19,4406.27,8.0,PASS_<=10c,+0.0,FLAT,+0.0,+69.0,4.2,+0.00,0.00,SLOW,4405.50,4406.54,4403.14,4406.23,0.00,0.00,0.0,BEARISH,340.0,4406.19,4406.19,4406.19,4406.19,31,CLEARED_>=20s,1.0,0.0,0.0,0.0,0.0,0.0,0.0,PASS_<20%,0.00,0.0,NO,STANDBY_VEL_LOW,1,1321.86,3268.14,132.45,FALSE,M1_DIRECTION_MISMATCH
2026-09-07 19:29:31.843,1788809371.843,6017,32,197,4406.19,4406.27,8.0,PASS_<=10c,+0.0,FLAT,+0.0,+69.0,4.2,+0.00,0.00,SLOW,4405.50,4406.54,4403.14,4406.23,0.00,0.00,0.0,BEARISH,340.0,4406.19,4406.19,4406.19,4406.19,31,CLEARED_>=20s,1.0,0.0,0.0,0.0,0.0,0.0,0.0,PASS_<20%,0.00,0.0,NO,STANDBY_VEL_LOW,1,1321.86,3268.14,132.45,FALSE,M1_DIRECTION_MISMATCH
2026-09-07 19:29:32.345,1788809372.345,6018,33,198,4406.19,4406.27,8.0,PASS_<=10c,+0.0,FLAT,+0.0,+69.0,4.2,+0.00,0.00,SLOW,4405.50,4406.54,4403.14,4406.23,0.00,0.00,0.0,BEARISH,340.0,4406.19,4406.19,4406.19,4406.19,32,CLEARED_>=20s,1.0,0.0,0.0,0.0,0.0,0.0,0.0,PASS_<20%,0.00,0.0,NO,STANDBY_VEL_LOW,1,1321.86,3268.14,132.45,FALSE,M1_DIRECTION_MISMATCH
2026-09-07 19:29:42.726,1788809382.726,6019,34,199,4406.19,4406.27,8.0,PASS_<=10c,+0.0,FLAT,+0.0,+69.0,1.3,+0.00,0.00,SLOW,4405.50,4406.54,4403.14,4406.23,0.00,0.00,0.0,BEARISH,340.0,4406.19,4406.19,4406.19,4406.19,42,CLEARED_>=20s,1.0,0.0,0.0,0.0,0.0,0.0,0.0,PASS_<20%,0.00,0.0,NO,STANDBY_VEL_LOW,1,1321.86,3268.14,132.45,FALSE,M1_DIRECTION_MISMATCH
2026-09-07 19:29:49.350,1788809389.351,6020,35,200,4406.19,4406.27,8.0,PASS_<=10c,+0.0,FLAT,+0.0,+69.0,1.3,+0.00,0.00,SLOW,4405.50,4406.54,4403.14,4406.23,0.00,0.00,0.0,BEARISH,340.0,4406.19,4406.19,4406.19,4406.19,49,CLEARED_>=20s,1.0,0.0,0.0,0.0,0.0,0.0,0.0,PASS_<20%,0.00,0.0,NO,STANDBY_VEL_LOW,1,1321.86,3268.14,132.45,FALSE,M1_DIRECTION_MISMATCH
2026-09-07 19:29:49.705,1788809389.706,6021,36,201,4406.19,4406.27,8.0,PASS_<=10c,+0.0,FLAT,+0.0,+69.0,2.2,+0.00,0.00,SLOW,4405.50,4406.54,4403.14,4406.23,0.00,0.00,0.0,BEARISH,340.0,4406.19,4406.19,4406.19,4406.19,49,CLEARED_>=20s,1.0,0.0,0.0,0.0,0.0,0.0,0.0,PASS_<20%,0.00,0.0,NO,STANDBY_VEL_LOW,1,1321.86,3268.14,132.45,FALSE,M1_DIRECTION_MISMATCH
2026-09-07 19:29:50.207,1788809390.208,6022,37,202,4406.19,4406.27,8.0,PASS_<=10c,+0.0,FLAT,+0.0,+69.0,2.5,+0.00,0.00,SLOW,4405.50,4406.54,4403.14,4406.23,0.00,0.00,0.0,BEARISH,340.0,4406.19,4406.19,4406.19,4406.19,50,CLEARED_>=20s,1.0,0.0,0.0,0.0,0.0,0.0,0.0,PASS_<20%,0.00,0.0,NO,STANDBY_VEL_LOW,1,1321.86,3268.14,132.45,FALSE,M1_DIRECTION_MISMATCH
2026-09-07 19:29:50.708,1788809390.709,6023,38,203,4406.19,4406.27,8.0,PASS_<=10c,+0.0,FLAT,+0.0,+69.0,2.8,+0.00,0.00,SLOW,4405.50,4406.54,4403.14,4406.23,0.00,0.00,0.0,BEARISH,340.0,4406.19,4406.19,4406.19,4406.19,50,CLEARED_>=20s,1.0,0.0,0.0,0.0,0.0,0.0,0.0,PASS_<20%,0.00,0.0,NO,STANDBY_VEL_LOW,1,1321.86,3268.14,132.45,FALSE,M1_DIRECTION_MISMATCH
2026-09-07 19:29:51.209,1788809391.210,6024,39,204,4406.19,4406.27,8.0,PASS_<=10c,+0.0,FLAT,+0.0,+69.0,3.0,+0.00,0.00,SLOW,4405.50,4406.54,4403.14,4406.23,0.00,0.00,0.0,BEARISH,340.0,4406.19,4406.19,4406.19,4406.19,51,CLEARED_>=20s,1.0,0.0,0.0,0.0,0.0,0.0,0.0,PASS_<20%,0.00,0.0,NO,STANDBY_VEL_LOW,1,1321.86,3268.14,132.45,FALSE,M1_DIRECTION_MISMATCH
2026-09-07 19:29:51.711,1788809391.711,6025,40,205,4406.19,4406.27,8.0,PASS_<=10c,+0.0,FLAT,+0.0,+69.0,3.1,+0.00,0.00,SLOW,4405.50,4406.54,4403.14,4406.23,0.00,0.00,0.0,BEARISH,340.0,4406.19,4406.19,4406.19,4406.19,51,CLEARED_>=20s,1.0,0.0,0.0,0.0,0.0,0.0,0.0,PASS_<20%,0.00,0.0,NO,STANDBY_VEL_LOW,1,1321.86,3268.14,132.45,FALSE,M1_DIRECTION_MISMATCH
2026-09-07 19:29:52.212,1788809392.213,6026,41,206,4406.19,4406.27,8.0,PASS_<=10c,+0.0,FLAT,+0.0,+69.0,3.2,+0.00,0.00,SLOW,4405.50,4406.54,4403.14,4406.23,0.00,0.00,0.0,BEARISH,340.0,4406.19,4406.19,4406.19,4406.19,52,CLEARED_>=20s,1.0,0.0,0.0,0.0,0.0,0.0,0.0,PASS_<20%,0.00,0.0,NO,STANDBY_VEL_LOW,1,1321.86,3268.14,132.45,FALSE,M1_DIRECTION_MISMATCH
2026-09-07 19:29:52.714,1788809392.715,6027,42,207,4406.19,4406.27,8.0,PASS_<=10c,+0.0,FLAT,+0.0,+69.0,3.3,+0.00,0.00,SLOW,4405.50,4406.54,4403.14,4406.23,0.00,0.00,0.0,BEARISH,340.0,4406.19,4406.19,4406.19,4406.19,52,CLEARED_>=20s,1.0,0.0,0.0,0.0,0.0,0.0,0.0,PASS_<20%,0.00,0.0,NO,STANDBY_VEL_LOW,1,1321.86,3268.14,132.45,FALSE,M1_DIRECTION_MISMATCH
2026-09-07 19:29:53.216,1788809393.217,6028,43,208,4406.19,4406.27,8.0,PASS_<=10c,+0.0,FLAT,+0.0,+69.0,4.4,+0.00,0.00,SLOW,4405.50,4406.54,4403.14,4406.23,0.00,0.00,0.0,BEARISH,340.0,4406.19,4406.19,4406.19,4406.19,53,CLEARED_>=20s,1.0,0.0,0.0,0.0,0.0,0.0,0.0,PASS_<20%,0.00,0.0,NO,STANDBY_VEL_LOW,1,1321.86,3268.14,132.45,FALSE,M1_DIRECTION_MISMATCH
2026-09-07 19:29:53.718,1788809393.719,6029,44,209,4406.19,4406.27,8.0,PASS_<=10c,+0.0,FLAT,+0.0,+69.0,4.4,+0.00,0.00,SLOW,4405.50,4406.54,4403.14,4406.23,0.00,0.00,0.0,BEARISH,340.0,4406.19,4406.19,4406.19,4406.19,53,CLEARED_>=20s,1.0,0.0,0.0,0.0,0.0,0.0,0.0,PASS_<20%,0.00,0.0,NO,STANDBY_VEL_LOW,1,1321.86,3268.14,132.45,FALSE,M1_DIRECTION_MISMATCH
2026-09-07 19:29:54.220,1788809394.221,6030,45,210,4406.19,4406.27,8.0,PASS_<=10c,+0.0,FLAT,+0.0,+69.0,4.3,+0.00,0.00,SLOW,4405.50,4406.54,4403.14,4406.23,0.00,0.00,0.0,BEARISH,340.0,4406.19,4406.19,4406.19,4406.19,54,CLEARED_>=20s,1.0,0.0,0.0,0.0,0.0,0.0,0.0,PASS_<20%,0.00,0.0,NO,STANDBY_VEL_LOW,1,1321.86,3268.14,132.45,FALSE,M1_DIRECTION_MISMATCH
2026-09-07 19:29:54.721,1788809394.722,6031,46,211,4406.19,4406.27,8.0,PASS_<=10c,+0.0,FLAT,+0.0,+69.0,4.2,+0.00,0.00,SLOW,4405.50,4406.54,4403.14,4406.23,0.00,0.00,0.0,BEARISH,340.0,4406.19,4406.19,4406.19,4406.19,54,CLEARED_>=20s,1.0,0.0,0.0,0.0,0.0,0.0,0.0,PASS_<20%,0.00,0.0,NO,STANDBY_VEL_LOW,1,1321.86,3268.14,132.45,FALSE,M1_DIRECTION_MISMATCH
2026-09-07 19:29:55.232,1788809395.233,6032,47,212,4406.19,4406.27,8.0,PASS_<=10c,+0.0,FLAT,+0.0,+69.0,4.2,+0.00,0.00,SLOW,4405.50,4406.54,4403.14,4406.23,0.00,0.00,0.0,BEARISH,340.0,4406.19,4406.19,4406.19,4406.19,55,CLEARED_>=20s,1.0,0.0,0.0,0.0,0.0,0.0,0.0,PASS_<20%,0.00,0.0,NO,STANDBY_VEL_LOW,1,1321.86,3268.14,132.45,FALSE,M1_DIRECTION_MISMATCH
2026-09-07 19:29:55.729,1788809395.730,6033,48,213,4406.19,4406.27,8.0,PASS_<=10c,+0.0,FLAT,+0.0,+69.0,4.2,+0.00,0.00,SLOW,4405.50,4406.54,4403.14,4406.23,0.00,0.00,0.0,BEARISH,340.0,4406.19,4406.19,4406.19,4406.19,55,CLEARED_>=20s,1.0,0.0,0.0,0.0,0.0,0.0,0.0,PASS_<20%,0.00,0.0,NO,STANDBY_VEL_LOW,1,1321.86,3268.14,132.45,FALSE,M1_DIRECTION_MISMATCH
2026-09-07 19:29:56.230,1788809396.231,6034,49,214,4406.19,4406.27,8.0,PASS_<=10c,+0.0,FLAT,+0.0,+69.0,4.2,+0.00,0.00,SLOW,4405.50,4406.54,4403.14,4406.23,0.00,0.00,0.0,BEARISH,340.0,4406.19,4406.19,4406.19,4406.19,56,CLEARED_>=20s,1.0,0.0,0.0,0.0,0.0,0.0,0.0,PASS_<20%,0.00,0.0,NO,STANDBY_VEL_LOW,1,1321.86,3268.14,132.45,FALSE,M1_DIRECTION_MISMATCH
2026-09-07 19:29:56.733,1788809396.733,6035,50,215,4406.19,4406.27,8.0,PASS_<=10c,+0.0,FLAT,+0.0,+69.0,4.2,+0.00,0.00,SLOW,4405.50,4406.54,4403.14,4406.23,0.00,0.00,0.0,BEARISH,340.0,4406.19,4406.19,4406.19,4406.19,56,CLEARED_>=20s,1.0,0.0,0.0,0.0,0.0,0.0,0.0,PASS_<20%,0.00,0.0,NO,STANDBY_VEL_LOW,1,1321.86,3268.14,132.45,FALSE,M1_DIRECTION_MISMATCH
2026-09-07 19:29:57.234,1788809397.234,6036,51,216,4406.19,4406.27,8.0,PASS_<=10c,+0.0,FLAT,+0.0,+69.0,4.2,+0.00,0.00,SLOW,4405.50,4406.54,4403.14,4406.23,0.00,0.00,0.0,BEARISH,340.0,4406.19,4406.19,4406.19,4406.19,57,CLEARED_>=20s,1.0,0.0,0.0,0.0,0.0,0.0,0.0,PASS_<20%,0.00,0.0,NO,STANDBY_VEL_LOW,1,1321.86,3268.14,132.45,FALSE,M1_DIRECTION_MISMATCH
2026-09-07 19:30:07.626,1788809407.627,6037,1,1,4406.19,4406.27,8.0,PASS_<=10c,+0.0,FLAT,+0.0,+0.0,1.3,+0.00,0.00,SLOW,4406.19,4406.19,4406.19,4406.19,0.00,0.00,0.0,BEARISH,0.0,4406.19,4406.19,4406.19,4406.19,7,ACTIVE_7s,1.0,0.0,0.0,0.0,0.0,0.0,0.0,PASS_<20%,0.00,0.0,NO,STANDBY_VEL_LOW,1,1321.86,3268.14,132.45,FALSE,M1_DIRECTION_MISMATCH|OPENING_SHIELD_ACTIVE_7s
2026-09-07 19:30:12.847,1788809412.848,6038,2,2,4406.19,4406.27,8.0,PASS_<=10c,+0.0,FLAT,+0.0,+0.0,2.0,+0.00,0.00,SLOW,4406.19,4406.19,4406.19,4406.19,0.00,0.00,0.0,BEARISH,0.0,4406.19,4406.19,4406.19,4406.19,12,ACTIVE_12s,1.0,0.0,0.0,0.0,0.0,0.0,0.0,PASS_<20%,0.00,0.0,NO,STANDBY_VEL_LOW,1,1321.86,3268.14,132.45,FALSE,M1_DIRECTION_MISMATCH|OPENING_SHIELD_ACTIVE_12s
2026-09-07 19:30:13.349,1788809413.349,6039,3,3,4406.19,4406.27,8.0,PASS_<=10c,+0.0,FLAT,+0.0,+0.0,4.0,+0.00,0.00,SLOW,4406.19,4406.19,4406.19,4406.19,0.00,0.00,0.0,BEARISH,0.0,4406.19,4406.19,4406.19,4406.19,13,ACTIVE_13s,1.0,0.0,0.0,0.0,0.0,0.0,0.0,PASS_<20%,0.00,0.0,NO,STANDBY_VEL_LOW,1,1321.86,3268.14,132.45,FALSE,M1_DIRECTION_MISMATCH|OPENING_SHIELD_ACTIVE_13s
2026-09-07 19:30:13.850,1788809413.850,6040,4,4,4406.19,4406.27,8.0,PASS_<=10c,+0.0,FLAT,+0.0,+0.0,5.4,+0.00,0.00,SLOW,4406.19,4406.19,4406.19,4406.19,0.00,0.00,0.0,BEARISH,0.0,4406.19,4406.19,4406.19,4406.19,13,ACTIVE_13s,1.0,0.0,0.0,0.0,0.0,0.0,0.0,PASS_<20%,0.00,0.0,NO,STANDBY_VEL_LOW,1,1321.86,3268.14,132.45,FALSE,M1_DIRECTION_MISMATCH|OPENING_SHIELD_ACTIVE_13s
2026-09-07 19:30:14.351,1788809414.352,6041,5,5,4406.19,4406.27,8.0,PASS_<=10c,+0.0,FLAT,+0.0,+0.0,5.0,+0.00,0.00,SLOW,4406.19,4406.19,4406.19,4406.19,0.00,0.00,0.0,BEARISH,0.0,4406.19,4406.19,4406.19,4406.19,14,ACTIVE_14s,1.0,0.0,0.0,0.0,0.0,0.0,0.0,PASS_<20%,0.00,0.0,NO,STANDBY_VEL_LOW,1,1321.86,3268.14,132.45,FALSE,M1_DIRECTION_MISMATCH|OPENING_SHIELD_ACTIVE_14s
2026-09-07 19:30:14.852,1788809414.853,6042,6,6,4406.19,4406.27,8.0,PASS_<=10c,+0.0,FLAT,+0.0,+0.0,4.7,+0.00,0.00,SLOW,4406.19,4406.19,4406.19,4406.19,0.00,0.00,0.0,BEARISH,0.0,4406.19,4406.19,4406.19,4406.19,14,ACTIVE_14s,1.0,0.0,0.0,0.0,0.0,0.0,0.0,PASS_<20%,0.00,0.0,NO,STANDBY_VEL_LOW,1,1321.86,3268.14,132.45,FALSE,M1_DIRECTION_MISMATCH|OPENING_SHIELD_ACTIVE_14s
2026-09-07 19:30:15.355,1788809415.355,6043,7,7,4406.19,4406.27,8.0,PASS_<=10c,+0.0,FLAT,+0.0,+0.0,4.6,+0.00,0.00,SLOW,4406.19,4406.19,4406.19,4406.19,0.00,0.00,0.0,BEARISH,0.0,4406.19,4406.19,4406.19,4406.19,15,ACTIVE_15s,1.0,0.0,0.0,0.0,0.0,0.0,0.0,PASS_<20%,0.00,0.0,NO,STANDBY_VEL_LOW,1,1321.86,3268.14,132.45,FALSE,M1_DIRECTION_MISMATCH|OPENING_SHIELD_ACTIVE_15s
2026-09-07 19:30:15.857,1788809415.857,6044,8,8,4406.19,4406.27,8.0,PASS_<=10c,+0.0,FLAT,+0.0,+0.0,4.5,+0.00,0.00,SLOW,4406.19,4406.19,4406.19,4406.19,0.00,0.00,0.0,BEARISH,0.0,4406.19,4406.19,4406.19,4406.19,15,ACTIVE_15s,1.0,0.0,0.0,0.0,0.0,0.0,0.0,PASS_<20%,0.00,0.0,NO,STANDBY_VEL_LOW,1,1321.86,3268.14,132.45,FALSE,M1_DIRECTION_MISMATCH|OPENING_SHIELD_ACTIVE_15s
2026-09-07 19:30:16.359,1788809416.359,6045,9,9,4406.19,4406.27,8.0,PASS_<=10c,+0.0,FLAT,+0.0,+0.0,4.4,+0.00,0.00,SLOW,4406.19,4406.19,4406.19,4406.19,0.00,0.00,0.0,BEARISH,0.0,4406.19,4406.19,4406.19,4406.19,16,ACTIVE_16s,1.0,0.0,0.0,0.0,0.0,0.0,0.0,PASS_<20%,0.00,0.0,NO,STANDBY_VEL_LOW,1,1321.86,3268.14,132.45,FALSE,M1_DIRECTION_MISMATCH|OPENING_SHIELD_ACTIVE_16s
2026-09-07 19:30:16.861,1788809416.861,6046,10,10,4406.19,4406.27,8.0,PASS_<=10c,+0.0,FLAT,+0.0,+0.0,4.4,+0.00,0.00,SLOW,4406.19,4406.19,4406.19,4406.19,0.00,0.00,0.0,BEARISH,0.0,4406.19,4406.19,4406.19,4406.19,16,ACTIVE_16s,1.0,0.0,0.0,0.0,0.0,0.0,0.0,PASS_<20%,0.00,0.0,NO,STANDBY_VEL_LOW,1,1321.86,3268.14,132.45,FALSE,M1_DIRECTION_MISMATCH|OPENING_SHIELD_ACTIVE_16s
2026-09-07 19:30:17.362,1788809417.363,6047,11,11,4406.19,4406.27,8.0,PASS_<=10c,+0.0,FLAT,+0.0,+0.0,4.3,+0.00,0.00,SLOW,4406.19,4406.19,4406.19,4406.19,0.00,0.00,0.0,BEARISH,0.0,4406.19,4406.19,4406.19,4406.19,17,ACTIVE_17s,1.0,0.0,0.0,0.0,0.0,0.0,0.0,PASS_<20%,0.00,0.0,NO,STANDBY_VEL_LOW,1,1321.86,3268.14,132.45,FALSE,M1_DIRECTION_MISMATCH|OPENING_SHIELD_ACTIVE_17s
2026-09-07 19:30:17.865,1788809417.865,6048,12,12,4406.19,4406.27,8.0,PASS_<=10c,+0.0,FLAT,+0.0,+0.0,4.2,+0.00,0.00,SLOW,4406.19,4406.19,4406.19,4406.19,0.00,0.00,0.0,BEARISH,0.0,4406.19,4406.19,4406.19,4406.19,17,ACTIVE_17s,1.0,0.0,0.0,0.0,0.0,0.0,0.0,PASS_<20%,0.00,0.0,NO,STANDBY_VEL_LOW,1,1321.86,3268.14,132.45,FALSE,M1_DIRECTION_MISMATCH|OPENING_SHIELD_ACTIVE_17s
2026-09-07 19:30:18.367,1788809418.367,6049,13,13,4406.19,4406.27,8.0,PASS_<=10c,+0.0,FLAT,+0.0,+0.0,4.2,+0.00,0.00,SLOW,4406.19,4406.19,4406.19,4406.19,0.00,0.00,0.0,BEARISH,0.0,4406.19,4406.19,4406.19,4406.19,18,ACTIVE_18s,1.0,0.0,0.0,0.0,0.0,0.0,0.0,PASS_<20%,0.00,0.0,NO,STANDBY_VEL_LOW,1,1321.86,3268.14,132.45,FALSE,M1_DIRECTION_MISMATCH|OPENING_SHIELD_ACTIVE_18s
2026-09-07 19:30:18.867,1788809418.868,6050,14,14,4406.19,4406.27,8.0,PASS_<=10c,+0.0,FLAT,+0.0,+69.0,4.2,+0.00,0.00,SLOW,4405.50,4406.54,4403.14,4406.23,0.00,0.00,0.0,BEARISH,340.0,4406.19,4406.19,4406.19,4406.19,18,ACTIVE_18s,1.0,0.0,0.0,0.0,0.0,0.0,0.0,PASS_<20%,0.00,0.0,NO,STANDBY_VEL_LOW,1,1321.86,3268.14,132.45,FALSE,M1_DIRECTION_MISMATCH|OPENING_SHIELD_ACTIVE_18s
2026-09-07 19:30:19.370,1788809419.370,6051,15,15,4406.19,4406.27,8.0,PASS_<=10c,+0.0,FLAT,+0.0,+69.0,4.2,+0.00,0.00,SLOW,4405.50,4406.54,4403.14,4406.23,0.00,0.00,0.0,BEARISH,340.0,4406.19,4406.19,4406.19,4406.19,19,ACTIVE_19s,1.0,0.0,0.0,0.0,0.0,0.0,0.0,PASS_<20%,0.00,0.0,NO,STANDBY_VEL_LOW,1,1321.86,3268.14,132.45,FALSE,M1_DIRECTION_MISMATCH|OPENING_SHIELD_ACTIVE_19s
2026-09-07 19:30:19.871,1788809419.872,6052,16,16,4406.19,4406.27,8.0,PASS_<=10c,+0.0,FLAT,+0.0,+69.0,4.2,+0.00,0.00,SLOW,4405.50,4406.54,4403.14,4406.23,0.00,0.00,0.0,BEARISH,340.0,4406.19,4406.19,4406.19,4406.19,19,ACTIVE_19s,1.0,0.0,0.0,0.0,0.0,0.0,0.0,PASS_<20%,0.00,0.0,NO,STANDBY_VEL_LOW,1,1321.86,3268.14,132.45,FALSE,M1_DIRECTION_MISMATCH|OPENING_SHIELD_ACTIVE_19s
2026-09-07 19:30:20.372,1788809420.372,6053,17,17,4406.19,4406.27,8.0,PASS_<=10c,+0.0,FLAT,+0.0,+69.0,4.2,+0.00,0.00,SLOW,4405.50,4406.54,4403.14,4406.23,0.00,0.00,0.0,BEARISH,340.0,4406.19,4406.19,4406.19,4406.19,20,CLEARED_>=20s,1.0,0.0,0.0,0.0,0.0,0.0,0.0,PASS_<20%,0.00,0.0,NO,STANDBY_VEL_LOW,1,1321.86,3268.14,132.45,FALSE,M1_DIRECTION_MISMATCH
2026-09-07 19:30:25.900,1788809425.901,6054,18,18,4406.19,4406.27,8.0,PASS_<=10c,+0.0,FLAT,+0.0,+69.0,1.6,+0.00,0.00,SLOW,4405.50,4406.54,4403.14,4406.23,0.00,0.00,0.0,BEARISH,340.0,4406.19,4406.19,4406.19,4406.19,25,CLEARED_>=20s,1.0,0.0,0.0,0.0,0.0,0.0,0.0,PASS_<20%,0.00,0.0,NO,STANDBY_VEL_LOW,1,1321.86,3268.14,132.45,FALSE,M1_DIRECTION_MISMATCH
2026-09-07 19:30:36.135,1788809436.135,6055,19,19,4406.19,4406.27,8.0,PASS_<=10c,+0.0,FLAT,+0.0,+69.0,1.3,+0.00,0.00,SLOW,4405.50,4406.54,4403.14,4406.23,0.00,0.00,0.0,BEARISH,340.0,4406.19,4406.19,4406.19,4406.19,36,CLEARED_>=20s,1.0,0.0,0.0,0.0,0.0,0.0,0.0,PASS_<20%,0.00,0.0,NO,STANDBY_VEL_LOW,1,1321.86,3268.14,132.45,FALSE,M1_DIRECTION_MISMATCH
2026-09-07 19:30:38.148,1788809438.148,6056,20,20,4406.19,4406.27,8.0,PASS_<=10c,+0.0,FLAT,+0.0,+69.0,1.5,+0.00,0.00,SLOW,4405.50,4406.54,4403.14,4406.23,0.00,0.00,0.0,BEARISH,340.0,4406.19,4406.19,4406.19,4406.19,38,CLEARED_>=20s,1.0,0.0,0.0,0.0,0.0,0.0,0.0,PASS_<20%,0.00,0.0,NO,STANDBY_VEL_LOW,1,1321.86,3268.14,132.45,FALSE,M1_DIRECTION_MISMATCH
2026-09-07 19:30:38.650,1788809438.650,6057,21,21,4406.19,4406.27,8.0,PASS_<=10c,+0.0,FLAT,+0.0,+69.0,2.0,+0.00,0.00,SLOW,4405.50,4406.54,4403.14,4406.23,0.00,0.00,0.0,BEARISH,340.0,4406.19,4406.19,4406.19,4406.19,38,CLEARED_>=20s,1.0,0.0,0.0,0.0,0.0,0.0,0.0,PASS_<20%,0.00,0.0,NO,STANDBY_VEL_LOW,1,1321.86,3268.14,132.45,FALSE,M1_DIRECTION_MISMATCH
2026-09-07 19:30:39.152,1788809439.152,6058,22,22,4406.19,4406.27,8.0,PASS_<=10c,+0.0,FLAT,+0.0,+69.0,2.3,+0.00,0.00,SLOW,4405.50,4406.54,4403.14,4406.23,0.00,0.00,0.0,BEARISH,340.0,4406.19,4406.19,4406.19,4406.19,39,CLEARED_>=20s,1.0,0.0,0.0,0.0,0.0,0.0,0.0,PASS_<20%,0.00,0.0,NO,STANDBY_VEL_LOW,1,1321.86,3268.14,132.45,FALSE,M1_DIRECTION_MISMATCH
2026-09-07 19:30:39.654,1788809439.654,6059,23,23,4406.19,4406.27,8.0,PASS_<=10c,+0.0,FLAT,+0.0,+69.0,2.6,+0.00,0.00,SLOW,4405.50,4406.54,4403.14,4406.23,0.00,0.00,0.0,BEARISH,340.0,4406.19,4406.19,4406.19,4406.19,39,CLEARED_>=20s,1.0,0.0,0.0,0.0,0.0,0.0,0.0,PASS_<20%,0.00,0.0,NO,STANDBY_VEL_LOW,1,1321.86,3268.14,132.45,FALSE,M1_DIRECTION_MISMATCH
2026-09-07 19:30:40.156,1788809440.156,6060,24,24,4406.19,4406.27,8.0,PASS_<=10c,+0.0,FLAT,+0.0,+69.0,2.7,+0.00,0.00,SLOW,4405.50,4406.54,4403.14,4406.23,0.00,0.00,0.0,BEARISH,340.0,4406.19,4406.19,4406.19,4406.19,40,CLEARED_>=20s,1.0,0.0,0.0,0.0,0.0,0.0,0.0,PASS_<20%,0.00,0.0,NO,STANDBY_VEL_LOW,1,1321.86,3268.14,132.45,FALSE,M1_DIRECTION_MISMATCH
2026-09-07 19:30:40.657,1788809440.658,6061,25,25,4406.19,4406.27,8.0,PASS_<=10c,+0.0,FLAT,+0.0,+69.0,2.9,+0.00,0.00,SLOW,4405.50,4406.54,4403.14,4406.23,0.00,0.00,0.0,BEARISH,340.0,4406.19,4406.19,4406.19,4406.19,40,CLEARED_>=20s,1.0,0.0,0.0,0.0,0.0,0.0,0.0,PASS_<20%,0.00,0.0,NO,STANDBY_VEL_LOW,1,1321.86,3268.14,132.45,FALSE,M1_DIRECTION_MISMATCH
2026-09-07 19:30:41.160,1788809441.160,6062,26,26,4406.19,4406.27,8.0,PASS_<=10c,+0.0,FLAT,+0.0,+69.0,4.5,+0.00,0.00,SLOW,4405.50,4406.54,4403.14,4406.23,0.00,0.00,0.0,BEARISH,340.0,4406.19,4406.19,4406.19,4406.19,41,CLEARED_>=20s,1.0,0.0,0.0,0.0,0.0,0.0,0.0,PASS_<20%,0.00,0.0,NO,STANDBY_VEL_LOW,1,1321.86,3268.14,132.45,FALSE,M1_DIRECTION_MISMATCH
2026-09-07 19:30:41.661,1788809441.661,6063,27,27,4406.19,4406.27,8.0,PASS_<=10c,+0.0,FLAT,+0.0,+69.0,4.4,+0.00,0.00,SLOW,4405.50,4406.54,4403.14,4406.23,0.00,0.00,0.0,BEARISH,340.0,4406.19,4406.19,4406.19,4406.19,41,CLEARED_>=20s,1.0,0.0,0.0,0.0,0.0,0.0,0.0,PASS_<20%,0.00,0.0,NO,STANDBY_VEL_LOW,1,1321.86,3268.14,132.45,FALSE,M1_DIRECTION_MISMATCH
2026-09-07 19:30:42.163,1788809442.164,6064,28,28,4406.19,4406.27,8.0,PASS_<=10c,+0.0,FLAT,+0.0,+69.0,4.4,+0.00,0.00,SLOW,4405.50,4406.54,4403.14,4406.23,0.00,0.00,0.0,BEARISH,340.0,4406.19,4406.19,4406.19,4406.19,42,CLEARED_>=20s,1.0,0.0,0.0,0.0,0.0,0.0,0.0,PASS_<20%,0.00,0.0,NO,STANDBY_VEL_LOW,1,1321.86,3268.14,132.45,FALSE,M1_DIRECTION_MISMATCH
2026-09-07 19:30:42.665,1788809442.665,6065,29,29,4406.19,4406.27,8.0,PASS_<=10c,+0.0,FLAT,+0.0,+69.0,4.3,+0.00,0.00,SLOW,4405.50,4406.54,4403.14,4406.23,0.00,0.00,0.0,BEARISH,340.0,4406.19,4406.19,4406.19,4406.19,42,CLEARED_>=20s,1.0,0.0,0.0,0.0,0.0,0.0,0.0,PASS_<20%,0.00,0.0,NO,STANDBY_VEL_LOW,1,1321.86,3268.14,132.45,FALSE,M1_DIRECTION_MISMATCH
2026-09-07 19:30:43.166,1788809443.167,6066,30,30,4406.19,4406.27,8.0,PASS_<=10c,+0.0,FLAT,+0.0,+69.0,4.2,+0.00,0.00,SLOW,4405.50,4406.54,4403.14,4406.23,0.00,0.00,0.0,BEARISH,340.0,4406.19,4406.19,4406.19,4406.19,43,CLEARED_>=20s,1.0,0.0,0.0,0.0,0.0,0.0,0.0,PASS_<20%,0.00,0.0,NO,STANDBY_VEL_LOW,1,1321.86,3268.14,132.45,FALSE,M1_DIRECTION_MISMATCH
2026-09-07 19:30:43.669,1788809443.670,6067,31,31,4406.19,4406.27,8.0,PASS_<=10c,+0.0,FLAT,+0.0,+69.0,4.2,+0.00,0.00,SLOW,4405.50,4406.54,4403.14,4406.23,0.00,0.00,0.0,BEARISH,340.0,4406.19,4406.19,4406.19,4406.19,43,CLEARED_>=20s,1.0,0.0,0.0,0.0,0.0,0.0,0.0,PASS_<20%,0.00,0.0,NO,STANDBY_VEL_LOW,1,1321.86,3268.14,132.45,FALSE,M1_DIRECTION_MISMATCH
2026-09-07 19:30:44.170,1788809444.171,6068,32,32,4406.19,4406.27,8.0,PASS_<=10c,+0.0,FLAT,+0.0,+69.0,4.2,+0.00,0.00,SLOW,4405.50,4406.54,4403.14,4406.23,0.00,0.00,0.0,BEARISH,340.0,4406.19,4406.19,4406.19,4406.19,44,CLEARED_>=20s,1.0,0.0,0.0,0.0,0.0,0.0,0.0,PASS_<20%,0.00,0.0,NO,STANDBY_VEL_LOW,1,1321.86,3268.14,132.45,FALSE,M1_DIRECTION_MISMATCH
2026-09-07 19:30:44.672,1788809444.672,6069,33,33,4406.19,4406.27,8.0,PASS_<=10c,+0.0,FLAT,+0.0,+69.0,4.2,+0.00,0.00,SLOW,4405.50,4406.54,4403.14,4406.23,0.00,0.00,0.0,BEARISH,340.0,4406.19,4406.19,4406.19,4406.19,44,CLEARED_>=20s,1.0,0.0,0.0,0.0,0.0,0.0,0.0,PASS_<20%,0.00,0.0,NO,STANDBY_VEL_LOW,1,1321.86,3268.14,132.45,FALSE,M1_DIRECTION_MISMATCH
2026-09-07 19:30:45.173,1788809445.174,6070,34,34,4406.19,4406.27,8.0,PASS_<=10c,+0.0,FLAT,+0.0,+69.0,4.2,+0.00,0.00,SLOW,4405.50,4406.54,4403.14,4406.23,0.00,0.00,0.0,BEARISH,340.0,4406.19,4406.19,4406.19,4406.19,45,CLEARED_>=20s,1.0,0.0,0.0,0.0,0.0,0.0,0.0,PASS_<20%,0.00,0.0,NO,STANDBY_VEL_LOW,1,1321.86,3268.14,132.45,FALSE,M1_DIRECTION_MISMATCH
2026-09-07 19:30:45.676,1788809445.676,6071,35,35,4406.19,4406.27,8.0,PASS_<=10c,+0.0,FLAT,+0.0,+69.0,4.2,+0.00,0.00,SLOW,4405.50,4406.54,4403.14,4406.23,0.00,0.00,0.0,BEARISH,340.0,4406.19,4406.19,4406.19,4406.19,45,CLEARED_>=20s,1.0,0.0,0.0,0.0,0.0,0.0,0.0,PASS_<20%,0.00,0.0,NO,STANDBY_VEL_LOW,1,1321.86,3268.14,132.45,FALSE,M1_DIRECTION_MISMATCH
2026-09-07 19:30:51.196,1788809451.196,6072,36,36,4406.19,4406.27,8.0,PASS_<=10c,+0.0,FLAT,+0.0,+69.0,1.6,+0.00,0.00,SLOW,4405.50,4406.54,4403.14,4406.23,0.00,0.00,0.0,BEARISH,340.0,4406.19,4406.19,4406.19,4406.19,51,CLEARED_>=20s,1.0,0.0,0.0,0.0,0.0,0.0,0.0,PASS_<20%,0.00,0.0,NO,STANDBY_VEL_LOW,1,1321.86,3268.14,132.45,FALSE,M1_DIRECTION_MISMATCH
2026-09-07 19:31:01.477,1788809461.478,6073,1,37,4406.19,4406.27,8.0,PASS_<=10c,+0.0,FLAT,+0.0,+69.0,1.3,+0.00,0.00,SLOW,4405.50,4406.54,4403.14,4406.23,0.00,0.00,0.0,BEARISH,340.0,4406.19,4406.19,4406.19,4406.19,1,ACTIVE_1s,1.0,0.0,0.0,0.0,0.0,0.0,0.0,PASS_<20%,0.00,0.0,NO,STANDBY_VEL_LOW,1,1321.86,3268.14,132.45,FALSE,M1_DIRECTION_MISMATCH|OPENING_SHIELD_ACTIVE_1s
2026-09-07 19:31:02.084,1788809462.084,6074,2,38,4406.19,4406.27,8.0,PASS_<=10c,+0.0,FLAT,+0.0,+69.0,3.0,+0.00,0.00,SLOW,4405.50,4406.54,4403.14,4406.23,0.00,0.00,0.0,BEARISH,340.0,4406.19,4406.19,4406.19,4406.19,2,ACTIVE_2s,1.0,0.0,0.0,0.0,0.0,0.0,0.0,PASS_<20%,0.00,0.0,NO,STANDBY_VEL_LOW,1,1321.86,3268.14,132.45,FALSE,M1_DIRECTION_MISMATCH|OPENING_SHIELD_ACTIVE_2s
2026-09-07 19:31:02.586,1788809462.586,6075,3,39,4406.19,4406.27,8.0,PASS_<=10c,+0.0,FLAT,+0.0,+69.0,4.5,+0.00,0.00,SLOW,4405.50,4406.54,4403.14,4406.23,0.00,0.00,0.0,BEARISH,340.0,4406.19,4406.19,4406.19,4406.19,2,ACTIVE_2s,1.0,0.0,0.0,0.0,0.0,0.0,0.0,PASS_<20%,0.00,0.0,NO,STANDBY_VEL_LOW,1,1321.86,3268.14,132.45,FALSE,M1_DIRECTION_MISMATCH|OPENING_SHIELD_ACTIVE_2s
2026-09-07 19:31:03.087,1788809463.088,6076,4,40,4406.19,4406.27,8.0,PASS_<=10c,+0.0,FLAT,+0.0,+69.0,4.3,+0.00,0.00,SLOW,4405.50,4406.54,4403.14,4406.23,0.00,0.00,0.0,BEARISH,340.0,4406.19,4406.19,4406.19,4406.19,3,ACTIVE_3s,1.0,0.0,0.0,0.0,0.0,0.0,0.0,PASS_<20%,0.00,0.0,NO,STANDBY_VEL_LOW,1,1321.86,3268.14,132.45,FALSE,M1_DIRECTION_MISMATCH|OPENING_SHIELD_ACTIVE_3s
2026-09-07 19:31:03.589,1788809463.590,6077,5,41,4406.19,4406.27,8.0,PASS_<=10c,+0.0,FLAT,+0.0,+69.0,4.3,+0.00,0.00,SLOW,4405.50,4406.54,4403.14,4406.23,0.00,0.00,0.0,BEARISH,340.0,4406.19,4406.19,4406.19,4406.19,3,ACTIVE_3s,1.0,0.0,0.0,0.0,0.0,0.0,0.0,PASS_<20%,0.00,0.0,NO,STANDBY_VEL_LOW,1,1321.86,3268.14,132.45,FALSE,M1_DIRECTION_MISMATCH|OPENING_SHIELD_ACTIVE_3s
2026-09-07 19:31:04.092,1788809464.093,6078,6,42,4406.19,4406.27,8.0,PASS_<=10c,+0.0,FLAT,+0.0,+69.0,4.2,+0.00,0.00,SLOW,4405.50,4406.54,4403.14,4406.23,0.00,0.00,0.0,BEARISH,340.0,4406.19,4406.19,4406.19,4406.19,4,ACTIVE_4s,1.0,0.0,0.0,0.0,0.0,0.0,0.0,PASS_<20%,0.00,0.0,NO,STANDBY_VEL_LOW,1,1321.86,3268.14,132.45,FALSE,M1_DIRECTION_MISMATCH|OPENING_SHIELD_ACTIVE_4s
2026-09-07 19:31:04.593,1788809464.593,6079,7,43,4406.19,4406.27,8.0,PASS_<=10c,+0.0,FLAT,+0.0,+69.0,4.2,+0.00,0.00,SLOW,4405.50,4406.54,4403.14,4406.23,0.00,0.00,0.0,BEARISH,340.0,4406.19,4406.19,4406.19,4406.19,4,ACTIVE_4s,1.0,0.0,0.0,0.0,0.0,0.0,0.0,PASS_<20%,0.00,0.0,NO,STANDBY_VEL_LOW,1,1321.86,3268.14,132.45,FALSE,M1_DIRECTION_MISMATCH|OPENING_SHIELD_ACTIVE_4s
2026-09-07 19:31:05.095,1788809465.096,6080,8,44,4406.19,4406.27,8.0,PASS_<=10c,+0.0,FLAT,+0.0,+69.0,4.1,+0.00,0.00,SLOW,4405.50,4406.54,4403.14,4406.23,0.00,0.00,0.0,BEARISH,340.0,4406.19,4406.19,4406.19,4406.19,5,ACTIVE_5s,1.0,0.0,0.0,0.0,0.0,0.0,0.0,PASS_<20%,0.00,0.0,NO,STANDBY_VEL_LOW,1,1321.86,3268.14,132.45,FALSE,M1_DIRECTION_MISMATCH|OPENING_SHIELD_ACTIVE_5s
2026-09-07 19:31:05.597,1788809465.598,6081,9,45,4406.19,4406.27,8.0,PASS_<=10c,+0.0,FLAT,+0.0,+69.0,4.1,+0.00,0.00,SLOW,4405.50,4406.54,4403.14,4406.23,0.00,0.00,0.0,BEARISH,340.0,4406.19,4406.19,4406.19,4406.19,5,ACTIVE_5s,1.0,0.0,0.0,0.0,0.0,0.0,0.0,PASS_<20%,0.00,0.0,NO,STANDBY_VEL_LOW,1,1321.86,3268.14,132.45,FALSE,M1_DIRECTION_MISMATCH|OPENING_SHIELD_ACTIVE_5s
2026-09-07 19:31:06.099,1788809466.099,6082,10,46,4406.19,4406.27,8.0,PASS_<=10c,+0.0,FLAT,+0.0,+69.0,4.1,+0.00,0.00,SLOW,4405.50,4406.54,4403.14,4406.23,0.00,0.00,0.0,BEARISH,340.0,4406.19,4406.19,4406.19,4406.19,6,ACTIVE_6s,1.0,0.0,0.0,0.0,0.0,0.0,0.0,PASS_<20%,0.00,0.0,NO,STANDBY_VEL_LOW,1,1321.86,3268.14,132.45,FALSE,M1_DIRECTION_MISMATCH|OPENING_SHIELD_ACTIVE_6s
2026-09-07 19:31:06.600,1788809466.601,6083,11,47,4406.19,4406.27,8.0,PASS_<=10c,+0.0,FLAT,+0.0,+69.0,4.3,+0.00,0.00,SLOW,4405.50,4406.54,4403.14,4406.23,0.00,0.00,0.0,BEARISH,340.0,4406.19,4406.19,4406.19,4406.19,6,ACTIVE_6s,1.0,0.0,0.0,0.0,0.0,0.0,0.0,PASS_<20%,0.00,0.0,NO,STANDBY_VEL_LOW,1,1321.86,3268.14,132.45,FALSE,M1_DIRECTION_MISMATCH|OPENING_SHIELD_ACTIVE_6s
2026-09-07 19:31:07.102,1788809467.103,6084,12,48,4406.19,4406.27,8.0,PASS_<=10c,+0.0,FLAT,+0.0,+69.0,4.2,+0.00,0.00,SLOW,4405.50,4406.54,4403.14,4406.23,0.00,0.00,0.0,BEARISH,340.0,4406.19,4406.19,4406.19,4406.19,7,ACTIVE_7s,1.0,0.0,0.0,0.0,0.0,0.0,0.0,PASS_<20%,0.00,0.0,NO,STANDBY_VEL_LOW,1,1321.86,3268.14,132.45,FALSE,M1_DIRECTION_MISMATCH|OPENING_SHIELD_ACTIVE_7s
2026-09-07 19:31:07.604,1788809467.604,6085,13,49,4406.19,4406.27,8.0,PASS_<=10c,+0.0,FLAT,+0.0,+69.0,4.2,+0.00,0.00,SLOW,4405.50,4406.54,4403.14,4406.23,0.00,0.00,0.0,BEARISH,340.0,4406.19,4406.19,4406.19,4406.19,7,ACTIVE_7s,1.0,0.0,0.0,0.0,0.0,0.0,0.0,PASS_<20%,0.00,0.0,NO,STANDBY_VEL_LOW,1,1321.86,3268.14,132.45,FALSE,M1_DIRECTION_MISMATCH|OPENING_SHIELD_ACTIVE_7s
2026-09-07 19:31:08.106,1788809468.106,6086,14,50,4406.19,4406.27,8.0,PASS_<=10c,+0.0,FLAT,+0.0,+69.0,4.2,+0.00,0.00,SLOW,4405.50,4406.54,4403.14,4406.23,0.00,0.00,0.0,BEARISH,340.0,4406.19,4406.19,4406.19,4406.19,8,ACTIVE_8s,1.0,0.0,0.0,0.0,0.0,0.0,0.0,PASS_<20%,0.00,0.0,NO,STANDBY_VEL_LOW,1,1321.86,3268.14,132.45,FALSE,M1_DIRECTION_MISMATCH|OPENING_SHIELD_ACTIVE_8s
2026-09-07 19:31:08.608,1788809468.608,6087,15,51,4406.19,4406.27,8.0,PASS_<=10c,+0.0,FLAT,+0.0,+69.0,4.2,+0.00,0.00,SLOW,4405.50,4406.54,4403.14,4406.23,0.00,0.00,0.0,BEARISH,340.0,4406.19,4406.19,4406.19,4406.19,8,ACTIVE_8s,1.0,0.0,0.0,0.0,0.0,0.0,0.0,PASS_<20%,0.00,0.0,NO,STANDBY_VEL_LOW,1,1321.86,3268.14,132.45,FALSE,M1_DIRECTION_MISMATCH|OPENING_SHIELD_ACTIVE_8s
2026-09-07 19:31:09.109,1788809469.109,6088,16,52,4406.19,4406.27,8.0,PASS_<=10c,+0.0,FLAT,+0.0,+69.0,4.2,+0.00,0.00,SLOW,4405.50,4406.54,4403.14,4406.23,0.00,0.00,0.0,BEARISH,340.0,4406.19,4406.19,4406.19,4406.19,9,ACTIVE_9s,1.0,0.0,0.0,0.0,0.0,0.0,0.0,PASS_<20%,0.00,0.0,NO,STANDBY_VEL_LOW,1,1321.86,3268.14,132.45,FALSE,M1_DIRECTION_MISMATCH|OPENING_SHIELD_ACTIVE_9s
2026-09-07 19:31:09.610,1788809469.610,6089,17,53,4406.19,4406.27,8.0,PASS_<=10c,+0.0,FLAT,+0.0,+69.0,4.2,+0.00,0.00,SLOW,4405.50,4406.54,4403.14,4406.23,0.00,0.00,0.0,BEARISH,340.0,4406.19,4406.19,4406.19,4406.19,9,ACTIVE_9s,1.0,0.0,0.0,0.0,0.0,0.0,0.0,PASS_<20%,0.00,0.0,NO,STANDBY_VEL_LOW,1,1321.86,3268.14,132.45,FALSE,M1_DIRECTION_MISMATCH|OPENING_SHIELD_ACTIVE_9s
2026-09-07 19:31:15.123,1788809475.123,6090,18,54,4406.19,4406.27,8.0,PASS_<=10c,+0.0,FLAT,+0.0,+69.0,1.6,+0.00,0.00,SLOW,4405.50,4406.54,4403.14,4406.23,0.00,0.00,0.0,BEARISH,340.0,4406.19,4406.19,4406.19,4406.19,15,ACTIVE_15s,1.0,0.0,0.0,0.0,0.0,0.0,0.0,PASS_<20%,0.00,0.0,NO,STANDBY_VEL_LOW,1,1321.86,3268.14,132.45,FALSE,M1_DIRECTION_MISMATCH|OPENING_SHIELD_ACTIVE_15s
2026-09-07 19:31:25.357,1788809485.357,6091,19,55,4406.19,4406.27,8.0,PASS_<=10c,+0.0,FLAT,+0.0,+69.0,1.3,+0.00,0.00,SLOW,4405.50,4406.54,4403.14,4406.23,0.00,0.00,0.0,BEARISH,340.0,4406.19,4406.19,4406.19,4406.19,25,CLEARED_>=20s,1.0,0.0,0.0,0.0,0.0,0.0,0.0,PASS_<20%,0.00,0.0,NO,STANDBY_VEL_LOW,1,1321.86,3268.14,132.45,FALSE,M1_DIRECTION_MISMATCH
2026-09-07 19:31:26.564,1788809486.565,6092,20,56,4406.19,4406.27,8.0,PASS_<=10c,+0.0,FLAT,+0.0,+69.0,2.5,+0.00,0.00,SLOW,4405.50,4406.54,4403.14,4406.23,0.00,0.00,0.0,BEARISH,340.0,4406.19,4406.19,4406.19,4406.19,26,CLEARED_>=20s,1.0,0.0,0.0,0.0,0.0,0.0,0.0,PASS_<20%,0.00,0.0,NO,STANDBY_VEL_LOW,1,1321.86,3268.14,132.45,FALSE,M1_DIRECTION_MISMATCH
2026-09-07 19:31:27.067,1788809487.067,6093,21,57,4406.19,4406.27,8.0,PASS_<=10c,+0.0,FLAT,+0.0,+69.0,2.9,+0.00,0.00,SLOW,4405.50,4406.54,4403.14,4406.23,0.00,0.00,0.0,BEARISH,340.0,4406.19,4406.19,4406.19,4406.19,27,CLEARED_>=20s,1.0,0.0,0.0,0.0,0.0,0.0,0.0,PASS_<20%,0.00,0.0,NO,STANDBY_VEL_LOW,1,1321.86,3268.14,132.45,FALSE,M1_DIRECTION_MISMATCH
2026-09-07 19:31:27.569,1788809487.569,6094,22,58,4406.19,4406.27,8.0,PASS_<=10c,+0.0,FLAT,+0.0,+69.0,3.2,+0.00,0.00,SLOW,4405.50,4406.54,4403.14,4406.23,0.00,0.00,0.0,BEARISH,340.0,4406.19,4406.19,4406.19,4406.19,27,CLEARED_>=20s,1.0,0.0,0.0,0.0,0.0,0.0,0.0,PASS_<20%,0.00,0.0,NO,STANDBY_VEL_LOW,1,1321.86,3268.14,132.45,FALSE,M1_DIRECTION_MISMATCH
2026-09-07 19:31:28.070,1788809488.071,6095,23,59,4406.19,4406.27,8.0,PASS_<=10c,+0.0,FLAT,+0.0,+69.0,3.3,+0.00,0.00,SLOW,4405.50,4406.54,4403.14,4406.23,0.00,0.00,0.0,BEARISH,340.0,4406.19,4406.19,4406.19,4406.19,28,CLEARED_>=20s,1.0,0.0,0.0,0.0,0.0,0.0,0.0,PASS_<20%,0.00,0.0,NO,STANDBY_VEL_LOW,1,1321.86,3268.14,132.45,FALSE,M1_DIRECTION_MISMATCH
2026-09-07 19:31:28.572,1788809488.572,6096,24,60,4406.19,4406.27,8.0,PASS_<=10c,+0.0,FLAT,+0.0,+69.0,3.4,+0.00,0.00,SLOW,4405.50,4406.54,4403.14,4406.23,0.00,0.00,0.0,BEARISH,340.0,4406.19,4406.19,4406.19,4406.19,28,CLEARED_>=20s,1.0,0.0,0.0,0.0,0.0,0.0,0.0,PASS_<20%,0.00,0.0,NO,STANDBY_VEL_LOW,1,1321.86,3268.14,132.45,FALSE,M1_DIRECTION_MISMATCH
2026-09-07 19:31:29.074,1788809489.075,6097,25,61,4406.19,4406.27,8.0,PASS_<=10c,+0.0,FLAT,+0.0,+69.0,3.5,+0.00,0.00,SLOW,4405.50,4406.54,4403.14,4406.23,0.00,0.00,0.0,BEARISH,340.0,4406.19,4406.19,4406.19,4406.19,29,CLEARED_>=20s,1.0,0.0,0.0,0.0,0.0,0.0,0.0,PASS_<20%,0.00,0.0,NO,STANDBY_VEL_LOW,1,1321.86,3268.14,132.45,FALSE,M1_DIRECTION_MISMATCH
2026-09-07 19:31:29.577,1788809489.577,6098,26,62,4406.19,4406.27,8.0,PASS_<=10c,+0.0,FLAT,+0.0,+69.0,3.6,+0.00,0.00,SLOW,4405.50,4406.54,4403.14,4406.23,0.00,0.00,0.0,BEARISH,340.0,4406.19,4406.19,4406.19,4406.19,29,CLEARED_>=20s,1.0,0.0,0.0,0.0,0.0,0.0,0.0,PASS_<20%,0.00,0.0,NO,STANDBY_VEL_LOW,1,1321.86,3268.14,132.45,FALSE,M1_DIRECTION_MISMATCH
2026-09-07 19:31:30.078,1788809490.079,6099,27,63,4406.19,4406.27,8.0,PASS_<=10c,+0.0,FLAT,+0.0,+69.0,3.6,+0.00,0.00,SLOW,4405.50,4406.54,4403.14,4406.23,0.00,0.00,0.0,BEARISH,340.0,4406.19,4406.19,4406.19,4406.19,30,CLEARED_>=20s,1.0,0.0,0.0,0.0,0.0,0.0,0.0,PASS_<20%,0.00,0.0,NO,STANDBY_VEL_LOW,1,1321.86,3268.14,132.45,FALSE,M1_DIRECTION_MISMATCH
2026-09-07 19:31:30.581,1788809490.582,6100,28,64,4406.19,4406.27,8.0,PASS_<=10c,+0.0,FLAT,+0.0,+69.0,4.4,+0.00,0.00,SLOW,4405.50,4406.54,4403.14,4406.23,0.00,0.00,0.0,BEARISH,340.0,4406.19,4406.19,4406.19,4406.19,30,CLEARED_>=20s,1.0,0.0,0.0,0.0,0.0,0.0,0.0,PASS_<20%,0.00,0.0,NO,STANDBY_VEL_LOW,1,1321.86,3268.14,132.45,FALSE,M1_DIRECTION_MISMATCH
2026-09-07 19:31:31.082,1788809491.083,6101,29,65,4406.19,4406.27,8.0,PASS_<=10c,+0.0,FLAT,+0.0,+69.0,4.3,+0.00,0.00,SLOW,4405.50,4406.54,4403.14,4406.23,0.00,0.00,0.0,BEARISH,340.0,4406.19,4406.19,4406.19,4406.19,31,CLEARED_>=20s,1.0,0.0,0.0,0.0,0.0,0.0,0.0,PASS_<20%,0.00,0.0,NO,STANDBY_VEL_LOW,1,1321.86,3268.14,132.45,FALSE,M1_DIRECTION_MISMATCH
2026-09-07 19:31:31.584,1788809491.584,6102,30,66,4406.19,4406.27,8.0,PASS_<=10c,+0.0,FLAT,+0.0,+69.0,4.2,+0.00,0.00,SLOW,4405.50,4406.54,4403.14,4406.23,0.00,0.00,0.0,BEARISH,340.0,4406.19,4406.19,4406.19,4406.19,31,CLEARED_>=20s,1.0,0.0,0.0,0.0,0.0,0.0,0.0,PASS_<20%,0.00,0.0,NO,STANDBY_VEL_LOW,1,1321.86,3268.14,132.45,FALSE,M1_DIRECTION_MISMATCH
2026-09-07 19:31:32.085,1788809492.086,6103,31,67,4406.19,4406.27,8.0,PASS_<=10c,+0.0,FLAT,+0.0,+69.0,4.2,+0.00,0.00,SLOW,4405.50,4406.54,4403.14,4406.23,0.00,0.00,0.0,BEARISH,340.0,4406.19,4406.19,4406.19,4406.19,32,CLEARED_>=20s,1.0,0.0,0.0,0.0,0.0,0.0,0.0,PASS_<20%,0.00,0.0,NO,STANDBY_VEL_LOW,1,1321.86,3268.14,132.45,FALSE,M1_DIRECTION_MISMATCH
2026-09-07 19:31:32.587,1788809492.587,6104,32,68,4406.19,4406.27,8.0,PASS_<=10c,+0.0,FLAT,+0.0,+69.0,4.2,+0.00,0.00,SLOW,4405.50,4406.54,4403.14,4406.23,0.00,0.00,0.0,BEARISH,340.0,4406.19,4406.19,4406.19,4406.19,32,CLEARED_>=20s,1.0,0.0,0.0,0.0,0.0,0.0,0.0,PASS_<20%,0.00,0.0,NO,STANDBY_VEL_LOW,1,1321.86,3268.14,132.45,FALSE,M1_DIRECTION_MISMATCH
2026-09-07 19:31:33.089,1788809493.089,6105,33,69,4406.19,4406.27,8.0,PASS_<=10c,+0.0,FLAT,+0.0,+69.0,4.2,+0.00,0.00,SLOW,4405.50,4406.54,4403.14,4406.23,0.00,0.00,0.0,BEARISH,340.0,4406.19,4406.19,4406.19,4406.19,33,CLEARED_>=20s,1.0,0.0,0.0,0.0,0.0,0.0,0.0,PASS_<20%,0.00,0.0,NO,STANDBY_VEL_LOW,1,1321.86,3268.14,132.45,FALSE,M1_DIRECTION_MISMATCH
2026-09-07 19:31:33.591,1788809493.591,6106,34,70,4406.19,4406.27,8.0,PASS_<=10c,+0.0,FLAT,+0.0,+69.0,4.2,+0.00,0.00,SLOW,4405.50,4406.54,4403.14,4406.23,0.00,0.00,0.0,BEARISH,340.0,4406.19,4406.19,4406.19,4406.19,33,CLEARED_>=20s,1.0,0.0,0.0,0.0,0.0,0.0,0.0,PASS_<20%,0.00,0.0,NO,STANDBY_VEL_LOW,1,1321.86,3268.14,132.45,FALSE,M1_DIRECTION_MISMATCH
2026-09-07 19:31:34.092,1788809494.092,6107,35,71,4406.19,4406.27,8.0,PASS_<=10c,+0.0,FLAT,+0.0,+69.0,4.2,+0.00,0.00,SLOW,4405.50,4406.54,4403.14,4406.23,0.00,0.00,0.0,BEARISH,340.0,4406.19,4406.19,4406.19,4406.19,34,CLEARED_>=20s,1.0,0.0,0.0,0.0,0.0,0.0,0.0,PASS_<20%,0.00,0.0,NO,STANDBY_VEL_LOW,1,1321.86,3268.14,132.45,FALSE,M1_DIRECTION_MISMATCH
2026-09-07 19:31:39.609,1788809499.610,6108,36,72,4406.19,4406.27,8.0,PASS_<=10c,+0.0,FLAT,+0.0,+69.0,1.7,+0.00,0.00,SLOW,4405.50,4406.54,4403.14,4406.23,0.00,0.00,0.0,BEARISH,340.0,4406.19,4406.19,4406.19,4406.19,39,CLEARED_>=20s,1.0,0.0,0.0,0.0,0.0,0.0,0.0,PASS_<20%,0.00,0.0,NO,STANDBY_VEL_LOW,1,1321.86,3268.14,132.45,FALSE,M1_DIRECTION_MISMATCH
2026-09-07 19:31:49.845,1788809509.845,6109,37,73,4406.19,4406.27,8.0,PASS_<=10c,+0.0,FLAT,+0.0,+69.0,1.3,+0.00,0.00,SLOW,4405.50,4406.54,4403.14,4406.23,0.00,0.00,0.0,BEARISH,340.0,4406.19,4406.19,4406.19,4406.19,49,CLEARED_>=20s,1.0,0.0,0.0,0.0,0.0,0.0,0.0,PASS_<20%,0.00,0.0,NO,STANDBY_VEL_LOW,1,1321.86,3268.14,132.45,FALSE,M1_DIRECTION_MISMATCH
2026-09-07 19:31:50.655,1788809510.655,6110,38,74,4406.19,4406.27,8.0,PASS_<=10c,+0.0,FLAT,+0.0,+69.0,3.0,+0.00,0.00,SLOW,4405.50,4406.54,4403.14,4406.23,0.00,0.00,0.0,BEARISH,340.0,4406.19,4406.19,4406.19,4406.19,50,CLEARED_>=20s,1.0,0.0,0.0,0.0,0.0,0.0,0.0,PASS_<20%,0.00,0.0,NO,STANDBY_VEL_LOW,1,1321.86,3268.14,132.45,FALSE,M1_DIRECTION_MISMATCH
2026-09-07 19:31:51.157,1788809511.157,6111,39,75,4406.19,4406.27,8.0,PASS_<=10c,+0.0,FLAT,+0.0,+69.0,3.8,+0.00,0.00,SLOW,4405.50,4406.54,4403.14,4406.23,0.00,0.00,0.0,BEARISH,340.0,4406.19,4406.19,4406.19,4406.19,51,CLEARED_>=20s,1.0,0.0,0.0,0.0,0.0,0.0,0.0,PASS_<20%,0.00,0.0,NO,STANDBY_VEL_LOW,1,1321.86,3268.14,132.45,FALSE,M1_DIRECTION_MISMATCH
2026-09-07 19:31:51.659,1788809511.659,6112,40,76,4406.19,4406.27,8.0,PASS_<=10c,+0.0,FLAT,+0.0,+69.0,3.9,+0.00,0.00,SLOW,4405.50,4406.54,4403.14,4406.23,0.00,0.00,0.0,BEARISH,340.0,4406.19,4406.19,4406.19,4406.19,51,CLEARED_>=20s,1.0,0.0,0.0,0.0,0.0,0.0,0.0,PASS_<20%,0.00,0.0,NO,STANDBY_VEL_LOW,1,1321.86,3268.14,132.45,FALSE,M1_DIRECTION_MISMATCH
2026-09-07 19:31:52.161,1788809512.161,6113,41,77,4406.19,4406.27,8.0,PASS_<=10c,+0.0,FLAT,+0.0,+69.0,3.9,+0.00,0.00,SLOW,4405.50,4406.54,4403.14,4406.23,0.00,0.00,0.0,BEARISH,340.0,4406.19,4406.19,4406.19,4406.19,52,CLEARED_>=20s,1.0,0.0,0.0,0.0,0.0,0.0,0.0,PASS_<20%,0.00,0.0,NO,STANDBY_VEL_LOW,1,1321.86,3268.14,132.45,FALSE,M1_DIRECTION_MISMATCH
2026-09-07 19:31:52.662,1788809512.663,6114,42,78,4406.19,4406.27,8.0,PASS_<=10c,+0.0,FLAT,+0.0,+69.0,3.9,+0.00,0.00,SLOW,4405.50,4406.54,4403.14,4406.23,0.00,0.00,0.0,BEARISH,340.0,4406.19,4406.19,4406.19,4406.19,52,CLEARED_>=20s,1.0,0.0,0.0,0.0,0.0,0.0,0.0,PASS_<20%,0.00,0.0,NO,STANDBY_VEL_LOW,1,1321.86,3268.14,132.45,FALSE,M1_DIRECTION_MISMATCH
2026-09-07 19:31:53.164,1788809513.165,6115,43,79,4406.19,4406.27,8.0,PASS_<=10c,+0.0,FLAT,+0.0,+69.0,3.9,+0.00,0.00,SLOW,4405.50,4406.54,4403.14,4406.23,0.00,0.00,0.0,BEARISH,340.0,4406.19,4406.19,4406.19,4406.19,53,CLEARED_>=20s,1.0,0.0,0.0,0.0,0.0,0.0,0.0,PASS_<20%,0.00,0.0,NO,STANDBY_VEL_LOW,1,1321.86,3268.14,132.45,FALSE,M1_DIRECTION_MISMATCH
2026-09-07 19:31:53.666,1788809513.666,6116,44,80,4406.19,4406.27,8.0,PASS_<=10c,+0.0,FLAT,+0.0,+69.0,3.9,+0.00,0.00,SLOW,4405.50,4406.54,4403.14,4406.23,0.00,0.00,0.0,BEARISH,340.0,4406.19,4406.19,4406.19,4406.19,53,CLEARED_>=20s,1.0,0.0,0.0,0.0,0.0,0.0,0.0,PASS_<20%,0.00,0.0,NO,STANDBY_VEL_LOW,1,1321.86,3268.14,132.45,FALSE,M1_DIRECTION_MISMATCH
2026-09-07 19:31:54.168,1788809514.168,6117,45,81,4406.19,4406.27,8.0,PASS_<=10c,+0.0,FLAT,+0.0,+69.0,3.9,+0.00,0.00,SLOW,4405.50,4406.54,4403.14,4406.23,0.00,0.00,0.0,BEARISH,340.0,4406.19,4406.19,4406.19,4406.19,54,CLEARED_>=20s,1.0,0.0,0.0,0.0,0.0,0.0,0.0,PASS_<20%,0.00,0.0,NO,STANDBY_VEL_LOW,1,1321.86,3268.14,132.45,FALSE,M1_DIRECTION_MISMATCH
2026-09-07 19:31:54.670,1788809514.671,6118,46,82,4406.19,4406.27,8.0,PASS_<=10c,+0.0,FLAT,+0.0,+69.0,3.9,+0.00,0.00,SLOW,4405.50,4406.54,4403.14,4406.23,0.00,0.00,0.0,BEARISH,340.0,4406.19,4406.19,4406.19,4406.19,54,CLEARED_>=20s,1.0,0.0,0.0,0.0,0.0,0.0,0.0,PASS_<20%,0.00,0.0,NO,STANDBY_VEL_LOW,1,1321.86,3268.14,132.45,FALSE,M1_DIRECTION_MISMATCH
2026-09-07 19:31:55.173,1788809515.173,6119,47,83,4406.19,4406.27,8.0,PASS_<=10c,+0.0,FLAT,+0.0,+69.0,4.3,+0.00,0.00,SLOW,4405.50,4406.54,4403.14,4406.23,0.00,0.00,0.0,BEARISH,340.0,4406.19,4406.19,4406.19,4406.19,55,CLEARED_>=20s,1.0,0.0,0.0,0.0,0.0,0.0,0.0,PASS_<20%,0.00,0.0,NO,STANDBY_VEL_LOW,1,1321.86,3268.14,132.45,FALSE,M1_DIRECTION_MISMATCH
2026-09-07 19:31:55.675,1788809515.675,6120,48,84,4406.19,4406.27,8.0,PASS_<=10c,+0.0,FLAT,+0.0,+69.0,4.2,+0.00,0.00,SLOW,4405.50,4406.54,4403.14,4406.23,0.00,0.00,0.0,BEARISH,340.0,4406.19,4406.19,4406.19,4406.19,55,CLEARED_>=20s,1.0,0.0,0.0,0.0,0.0,0.0,0.0,PASS_<20%,0.00,0.0,NO,STANDBY_VEL_LOW,1,1321.86,3268.14,132.45,FALSE,M1_DIRECTION_MISMATCH
2026-09-07 19:31:56.177,1788809516.177,6121,49,85,4406.19,4406.27,8.0,PASS_<=10c,+0.0,FLAT,+0.0,+69.0,4.2,+0.00,0.00,SLOW,4405.50,4406.54,4403.14,4406.23,0.00,0.00,0.0,BEARISH,340.0,4406.19,4406.19,4406.19,4406.19,56,CLEARED_>=20s,1.0,0.0,0.0,0.0,0.0,0.0,0.0,PASS_<20%,0.00,0.0,NO,STANDBY_VEL_LOW,1,1321.86,3268.14,132.45,FALSE,M1_DIRECTION_MISMATCH
2026-09-07 19:31:56.677,1788809516.678,6122,50,86,4406.19,4406.27,8.0,PASS_<=10c,+0.0,FLAT,+0.0,+69.0,4.2,+0.00,0.00,SLOW,4405.50,4406.54,4403.14,4406.23,0.00,0.00,0.0,BEARISH,340.0,4406.19,4406.19,4406.19,4406.19,56,CLEARED_>=20s,1.0,0.0,0.0,0.0,0.0,0.0,0.0,PASS_<20%,0.00,0.0,NO,STANDBY_VEL_LOW,1,1321.86,3268.14,132.45,FALSE,M1_DIRECTION_MISMATCH
2026-09-07 19:31:57.179,1788809517.180,6123,51,87,4406.19,4406.27,8.0,PASS_<=10c,+0.0,FLAT,+0.0,+69.0,4.2,+0.00,0.00,SLOW,4405.50,4406.54,4403.14,4406.23,0.00,0.00,0.0,BEARISH,340.0,4406.19,4406.19,4406.19,4406.19,57,CLEARED_>=20s,1.0,0.0,0.0,0.0,0.0,0.0,0.0,PASS_<20%,0.00,0.0,NO,STANDBY_VEL_LOW,1,1321.86,3268.14,132.45,FALSE,M1_DIRECTION_MISMATCH
2026-09-07 19:31:57.681,1788809517.681,6124,52,88,4406.19,4406.27,8.0,PASS_<=10c,+0.0,FLAT,+0.0,+69.0,4.2,+0.00,0.00,SLOW,4405.50,4406.54,4403.14,4406.23,0.00,0.00,0.0,BEARISH,340.0,4406.19,4406.19,4406.19,4406.19,57,CLEARED_>=20s,1.0,0.0,0.0,0.0,0.0,0.0,0.0,PASS_<20%,0.00,0.0,NO,STANDBY_VEL_LOW,1,1321.86,3268.14,132.45,FALSE,M1_DIRECTION_MISMATCH
2026-09-07 19:31:58.182,1788809518.183,6125,53,89,4406.19,4406.27,8.0,PASS_<=10c,+0.0,FLAT,+0.0,+69.0,4.2,+0.00,0.00,SLOW,4405.50,4406.54,4403.14,4406.23,0.00,0.00,0.0,BEARISH,340.0,4406.19,4406.19,4406.19,4406.19,58,CLEARED_>=20s,1.0,0.0,0.0,0.0,0.0,0.0,0.0,PASS_<20%,0.00,0.0,NO,STANDBY_VEL_LOW,1,1321.86,3268.14,132.45,FALSE,M1_DIRECTION_MISMATCH
2026-09-07 19:32:03.696,1788809523.696,6126,1,90,4406.19,4406.27,8.0,PASS_<=10c,+0.0,FLAT,+0.0,+69.0,1.6,+0.00,0.00,SLOW,4405.50,4406.54,4403.14,4406.23,0.00,0.00,0.0,BEARISH,340.0,4406.19,4406.19,4406.19,4406.19,3,ACTIVE_3s,1.0,0.0,0.0,0.0,0.0,0.0,0.0,PASS_<20%,0.00,0.0,NO,STANDBY_VEL_LOW,1,1321.86,3268.14,132.45,FALSE,M1_DIRECTION_MISMATCH|OPENING_SHIELD_ACTIVE_3s
2026-09-07 19:32:13.965,1788809533.966,6127,2,91,4406.19,4406.27,8.0,PASS_<=10c,+0.0,FLAT,+0.0,+69.0,1.3,+0.00,0.00,SLOW,4405.50,4406.54,4403.14,4406.23,0.00,0.00,0.0,BEARISH,340.0,4406.19,4406.19,4406.19,4406.19,13,ACTIVE_13s,1.0,0.0,0.0,0.0,0.0,0.0,0.0,PASS_<20%,0.00,0.0,NO,STANDBY_VEL_LOW,1,1321.86,3268.14,132.45,FALSE,M1_DIRECTION_MISMATCH|OPENING_SHIELD_ACTIVE_13s
2026-09-07 19:32:17.379,1788809537.379,6128,3,92,4406.19,4406.27,8.0,PASS_<=10c,+0.0,FLAT,+0.0,+69.0,1.3,+0.00,0.00,SLOW,4405.50,4406.54,4403.14,4406.23,0.00,0.00,0.0,BEARISH,340.0,4406.19,4406.19,4406.19,4406.19,17,ACTIVE_17s,1.0,0.0,0.0,0.0,0.0,0.0,0.0,PASS_<20%,0.00,0.0,NO,STANDBY_VEL_LOW,1,1321.86,3268.14,132.45,FALSE,M1_DIRECTION_MISMATCH|OPENING_SHIELD_ACTIVE_17s
2026-09-07 19:32:17.881,1788809537.881,6129,4,93,4406.19,4406.27,8.0,PASS_<=10c,+0.0,FLAT,+0.0,+69.0,1.4,+0.00,0.00,SLOW,4405.50,4406.54,4403.14,4406.23,0.00,0.00,0.0,BEARISH,340.0,4406.19,4406.19,4406.19,4406.19,17,ACTIVE_17s,1.0,0.0,0.0,0.0,0.0,0.0,0.0,PASS_<20%,0.00,0.0,NO,STANDBY_VEL_LOW,1,1321.86,3268.14,132.45,FALSE,M1_DIRECTION_MISMATCH|OPENING_SHIELD_ACTIVE_17s
2026-09-07 19:32:18.382,1788809538.383,6130,5,94,4406.19,4406.27,8.0,PASS_<=10c,+0.0,FLAT,+0.0,+69.0,1.6,+0.00,0.00,SLOW,4405.50,4406.54,4403.14,4406.23,0.00,0.00,0.0,BEARISH,340.0,4406.19,4406.19,4406.19,4406.19,18,ACTIVE_18s,1.0,0.0,0.0,0.0,0.0,0.0,0.0,PASS_<20%,0.00,0.0,NO,STANDBY_VEL_LOW,1,1321.86,3268.14,132.45,FALSE,M1_DIRECTION_MISMATCH|OPENING_SHIELD_ACTIVE_18s
2026-09-07 19:32:18.884,1788809538.885,6131,6,95,4406.19,4406.27,8.0,PASS_<=10c,+0.0,FLAT,+0.0,+69.0,1.8,+0.00,0.00,SLOW,4405.50,4406.54,4403.14,4406.23,0.00,0.00,0.0,BEARISH,340.0,4406.19,4406.19,4406.19,4406.19,18,ACTIVE_18s,1.0,0.0,0.0,0.0,0.0,0.0,0.0,PASS_<20%,0.00,0.0,NO,STANDBY_VEL_LOW,1,1321.86,3268.14,132.45,FALSE,M1_DIRECTION_MISMATCH|OPENING_SHIELD_ACTIVE_18s
2026-09-07 19:32:19.386,1788809539.387,6132,7,96,4406.19,4406.27,8.0,PASS_<=10c,+0.0,FLAT,+0.0,+69.0,4.7,+0.00,0.00,SLOW,4405.50,4406.54,4403.14,4406.23,0.00,0.00,0.0,BEARISH,340.0,4406.19,4406.19,4406.19,4406.19,19,ACTIVE_19s,1.0,0.0,0.0,0.0,0.0,0.0,0.0,PASS_<20%,0.00,0.0,NO,STANDBY_VEL_LOW,1,1321.86,3268.14,132.45,FALSE,M1_DIRECTION_MISMATCH|OPENING_SHIELD_ACTIVE_19s
2026-09-07 19:32:19.888,1788809539.888,6133,8,97,4406.19,4406.27,8.0,PASS_<=10c,+0.0,FLAT,+0.0,+69.0,4.6,+0.00,0.00,SLOW,4405.50,4406.54,4403.14,4406.23,0.00,0.00,0.0,BEARISH,340.0,4406.19,4406.19,4406.19,4406.19,19,ACTIVE_19s,1.0,0.0,0.0,0.0,0.0,0.0,0.0,PASS_<20%,0.00,0.0,NO,STANDBY_VEL_LOW,1,1321.86,3268.14,132.45,FALSE,M1_DIRECTION_MISMATCH|OPENING_SHIELD_ACTIVE_19s
2026-09-07 19:32:20.389,1788809540.390,6134,9,98,4406.19,4406.27,8.0,PASS_<=10c,+0.0,FLAT,+0.0,+69.0,4.5,+0.00,0.00,SLOW,4405.50,4406.54,4403.14,4406.23,0.00,0.00,0.0,BEARISH,340.0,4406.19,4406.19,4406.19,4406.19,20,CLEARED_>=20s,1.0,0.0,0.0,0.0,0.0,0.0,0.0,PASS_<20%,0.00,0.0,NO,STANDBY_VEL_LOW,1,1321.86,3268.14,132.45,FALSE,M1_DIRECTION_MISMATCH
2026-09-07 19:32:20.892,1788809540.892,6135,10,99,4406.19,4406.27,8.0,PASS_<=10c,+0.0,FLAT,+0.0,+69.0,4.4,+0.00,0.00,SLOW,4405.50,4406.54,4403.14,4406.23,0.00,0.00,0.0,BEARISH,340.0,4406.19,4406.19,4406.19,4406.19,20,CLEARED_>=20s,1.0,0.0,0.0,0.0,0.0,0.0,0.0,PASS_<20%,0.00,0.0,NO,STANDBY_VEL_LOW,1,1321.86,3268.14,132.45,FALSE,M1_DIRECTION_MISMATCH
2026-09-07 19:32:21.393,1788809541.394,6136,11,100,4406.19,4406.27,8.0,PASS_<=10c,+0.0,FLAT,+0.0,+69.0,4.4,+0.00,0.00,SLOW,4405.50,4406.54,4403.14,4406.23,0.00,0.00,0.0,BEARISH,340.0,4406.19,4406.19,4406.19,4406.19,21,CLEARED_>=20s,1.0,0.0,0.0,0.0,0.0,0.0,0.0,PASS_<20%,0.00,0.0,NO,STANDBY_VEL_LOW,1,1321.86,3268.14,132.45,FALSE,M1_DIRECTION_MISMATCH
2026-09-07 19:32:21.894,1788809541.895,6137,12,101,4406.19,4406.27,8.0,PASS_<=10c,+0.0,FLAT,+0.0,+69.0,4.3,+0.00,0.00,SLOW,4405.50,4406.54,4403.14,4406.23,0.00,0.00,0.0,BEARISH,340.0,4406.19,4406.19,4406.19,4406.19,21,CLEARED_>=20s,1.0,0.0,0.0,0.0,0.0,0.0,0.0,PASS_<20%,0.00,0.0,NO,STANDBY_VEL_LOW,1,1321.86,3268.14,132.45,FALSE,M1_DIRECTION_MISMATCH
2026-09-07 19:32:22.396,1788809542.396,6138,13,102,4406.19,4406.27,8.0,PASS_<=10c,+0.0,FLAT,+0.0,+69.0,4.2,+0.00,0.00,SLOW,4405.50,4406.54,4403.14,4406.23,0.00,0.00,0.0,BEARISH,340.0,4406.19,4406.19,4406.19,4406.19,22,CLEARED_>=20s,1.0,0.0,0.0,0.0,0.0,0.0,0.0,PASS_<20%,0.00,0.0,NO,STANDBY_VEL_LOW,1,1321.86,3268.14,132.45,FALSE,M1_DIRECTION_MISMATCH
2026-09-07 19:32:22.898,1788809542.899,6139,14,103,4406.19,4406.27,8.0,PASS_<=10c,+0.0,FLAT,+0.0,+69.0,4.2,+0.00,0.00,SLOW,4405.50,4406.54,4403.14,4406.23,0.00,0.00,0.0,BEARISH,340.0,4406.19,4406.19,4406.19,4406.19,22,CLEARED_>=20s,1.0,0.0,0.0,0.0,0.0,0.0,0.0,PASS_<20%,0.00,0.0,NO,STANDBY_VEL_LOW,1,1321.86,3268.14,132.45,FALSE,M1_DIRECTION_MISMATCH
2026-09-07 19:32:23.400,1788809543.400,6140,15,104,4406.19,4406.27,8.0,PASS_<=10c,+0.0,FLAT,+0.0,+69.0,4.2,+0.00,0.00,SLOW,4405.50,4406.54,4403.14,4406.23,0.00,0.00,0.0,BEARISH,340.0,4406.19,4406.19,4406.19,4406.19,23,CLEARED_>=20s,1.0,0.0,0.0,0.0,0.0,0.0,0.0,PASS_<20%,0.00,0.0,NO,STANDBY_VEL_LOW,1,1321.86,3268.14,132.45,FALSE,M1_DIRECTION_MISMATCH
2026-09-07 19:32:23.902,1788809543.902,6141,16,105,4406.19,4406.27,8.0,PASS_<=10c,+0.0,FLAT,+0.0,+69.0,4.2,+0.00,0.00,SLOW,4405.50,4406.54,4403.14,4406.23,0.00,0.00,0.0,BEARISH,340.0,4406.19,4406.19,4406.19,4406.19,23,CLEARED_>=20s,1.0,0.0,0.0,0.0,0.0,0.0,0.0,PASS_<20%,0.00,0.0,NO,STANDBY_VEL_LOW,1,1321.86,3268.14,132.45,FALSE,M1_DIRECTION_MISMATCH
2026-09-07 19:32:24.403,1788809544.404,6142,17,106,4406.19,4406.27,8.0,PASS_<=10c,+0.0,FLAT,+0.0,+69.0,4.2,+0.00,0.00,SLOW,4405.50,4406.54,4403.14,4406.23,0.00,0.00,0.0,BEARISH,340.0,4406.19,4406.19,4406.19,4406.19,24,CLEARED_>=20s,1.0,0.0,0.0,0.0,0.0,0.0,0.0,PASS_<20%,0.00,0.0,NO,STANDBY_VEL_LOW,1,1321.86,3268.14,132.45,FALSE,M1_DIRECTION_MISMATCH
2026-09-07 19:32:24.905,1788809544.906,6143,18,107,4406.19,4406.27,8.0,PASS_<=10c,+0.0,FLAT,+0.0,+69.0,4.2,+0.00,0.00,SLOW,4405.50,4406.54,4403.14,4406.23,0.00,0.00,0.0,BEARISH,340.0,4406.19,4406.19,4406.19,4406.19,24,CLEARED_>=20s,1.0,0.0,0.0,0.0,0.0,0.0,0.0,PASS_<20%,0.00,0.0,NO,STANDBY_VEL_LOW,1,1321.86,3268.14,132.45,FALSE,M1_DIRECTION_MISMATCH
2026-09-07 19:32:30.422,1788809550.423,6144,19,108,4406.19,4406.27,8.0,PASS_<=10c,+0.0,FLAT,+0.0,+69.0,1.5,+0.00,0.00,SLOW,4405.50,4406.54,4403.14,4406.23,0.00,0.00,0.0,BEARISH,340.0,4406.19,4406.19,4406.19,4406.19,30,CLEARED_>=20s,1.0,0.0,0.0,0.0,0.0,0.0,0.0,PASS_<20%,0.00,0.0,NO,STANDBY_VEL_LOW,1,1321.86,3268.14,132.45,FALSE,M1_DIRECTION_MISMATCH
2026-09-07 19:32:40.657,1788809560.657,6145,20,109,4406.19,4406.27,8.0,PASS_<=10c,+0.0,FLAT,+0.0,+69.0,1.3,+0.00,0.00,SLOW,4405.50,4406.54,4403.14,4406.23,0.00,0.00,0.0,BEARISH,340.0,4406.19,4406.19,4406.19,4406.19,40,CLEARED_>=20s,1.0,0.0,0.0,0.0,0.0,0.0,0.0,PASS_<20%,0.00,0.0,NO,STANDBY_VEL_LOW,1,1321.86,3268.14,132.45,FALSE,M1_DIRECTION_MISMATCH
2026-09-07 19:32:42.266,1788809562.266,6146,21,110,4406.19,4406.27,8.0,PASS_<=10c,+0.0,FLAT,+0.0,+69.0,1.9,+0.00,0.00,SLOW,4405.50,4406.54,4403.14,4406.23,0.00,0.00,0.0,BEARISH,340.0,4406.19,4406.19,4406.19,4406.19,42,CLEARED_>=20s,1.0,0.0,0.0,0.0,0.0,0.0,0.0,PASS_<20%,0.00,0.0,NO,STANDBY_VEL_LOW,1,1321.86,3268.14,132.45,FALSE,M1_DIRECTION_MISMATCH
2026-09-07 19:32:42.768,1788809562.769,6147,22,111,4406.19,4406.27,8.0,PASS_<=10c,+0.0,FLAT,+0.0,+69.0,2.4,+0.00,0.00,SLOW,4405.50,4406.54,4403.14,4406.23,0.00,0.00,0.0,BEARISH,340.0,4406.19,4406.19,4406.19,4406.19,42,CLEARED_>=20s,1.0,0.0,0.0,0.0,0.0,0.0,0.0,PASS_<20%,0.00,0.0,NO,STANDBY_VEL_LOW,1,1321.86,3268.14,132.45,FALSE,M1_DIRECTION_MISMATCH
2026-09-07 19:32:43.270,1788809563.270,6148,23,112,4406.19,4406.27,8.0,PASS_<=10c,+0.0,FLAT,+0.0,+69.0,2.7,+0.00,0.00,SLOW,4405.50,4406.54,4403.14,4406.23,0.00,0.00,0.0,BEARISH,340.0,4406.19,4406.19,4406.19,4406.19,43,CLEARED_>=20s,1.0,0.0,0.0,0.0,0.0,0.0,0.0,PASS_<20%,0.00,0.0,NO,STANDBY_VEL_LOW,1,1321.86,3268.14,132.45,FALSE,M1_DIRECTION_MISMATCH
2026-09-07 19:32:43.772,1788809563.772,6149,24,113,4406.19,4406.27,8.0,PASS_<=10c,+0.0,FLAT,+0.0,+69.0,2.9,+0.00,0.00,SLOW,4405.50,4406.54,4403.14,4406.23,0.00,0.00,0.0,BEARISH,340.0,4406.19,4406.19,4406.19,4406.19,43,CLEARED_>=20s,1.0,0.0,0.0,0.0,0.0,0.0,0.0,PASS_<20%,0.00,0.0,NO,STANDBY_VEL_LOW,1,1321.86,3268.14,132.45,FALSE,M1_DIRECTION_MISMATCH
2026-09-07 19:32:44.277,1788809564.278,6150,25,114,4406.19,4406.27,8.0,PASS_<=10c,+0.0,FLAT,+0.0,+69.0,3.0,+0.00,0.00,SLOW,4405.50,4406.54,4403.14,4406.23,0.00,0.00,0.0,BEARISH,340.0,4406.19,4406.19,4406.19,4406.19,44,CLEARED_>=20s,1.0,0.0,0.0,0.0,0.0,0.0,0.0,PASS_<20%,0.00,0.0,NO,STANDBY_VEL_LOW,1,1321.86,3268.14,132.45,FALSE,M1_DIRECTION_MISMATCH
2026-09-07 19:32:44.775,1788809564.776,6151,26,115,4406.19,4406.27,8.0,PASS_<=10c,+0.0,FLAT,+0.0,+69.0,3.2,+0.00,0.00,SLOW,4405.50,4406.54,4403.14,4406.23,0.00,0.00,0.0,BEARISH,340.0,4406.19,4406.19,4406.19,4406.19,44,CLEARED_>=20s,1.0,0.0,0.0,0.0,0.0,0.0,0.0,PASS_<20%,0.00,0.0,NO,STANDBY_VEL_LOW,1,1321.86,3268.14,132.45,FALSE,M1_DIRECTION_MISMATCH
2026-09-07 19:32:45.276,1788809565.277,6152,27,116,4406.19,4406.27,8.0,PASS_<=10c,+0.0,FLAT,+0.0,+69.0,3.2,+0.00,0.00,SLOW,4405.50,4406.54,4403.14,4406.23,0.00,0.00,0.0,BEARISH,340.0,4406.19,4406.19,4406.19,4406.19,45,CLEARED_>=20s,1.0,0.0,0.0,0.0,0.0,0.0,0.0,PASS_<20%,0.00,0.0,NO,STANDBY_VEL_LOW,1,1321.86,3268.14,132.45,FALSE,M1_DIRECTION_MISMATCH
2026-09-07 19:32:45.778,1788809565.778,6153,28,117,4406.19,4406.27,8.0,PASS_<=10c,+0.0,FLAT,+0.0,+69.0,4.4,+0.00,0.00,SLOW,4405.50,4406.54,4403.14,4406.23,0.00,0.00,0.0,BEARISH,340.0,4406.19,4406.19,4406.19,4406.19,45,CLEARED_>=20s,1.0,0.0,0.0,0.0,0.0,0.0,0.0,PASS_<20%,0.00,0.0,NO,STANDBY_VEL_LOW,1,1321.86,3268.14,132.45,FALSE,M1_DIRECTION_MISMATCH
2026-09-07 19:32:46.280,1788809566.280,6154,29,118,4406.19,4406.27,8.0,PASS_<=10c,+0.0,FLAT,+0.0,+69.0,4.4,+0.00,0.00,SLOW,4405.50,4406.54,4403.14,4406.23,0.00,0.00,0.0,BEARISH,340.0,4406.19,4406.19,4406.19,4406.19,46,CLEARED_>=20s,1.0,0.0,0.0,0.0,0.0,0.0,0.0,PASS_<20%,0.00,0.0,NO,STANDBY_VEL_LOW,1,1321.86,3268.14,132.45,FALSE,M1_DIRECTION_MISMATCH
2026-09-07 19:32:46.781,1788809566.782,6155,30,119,4406.19,4406.27,8.0,PASS_<=10c,+0.0,FLAT,+0.0,+69.0,4.3,+0.00,0.00,SLOW,4405.50,4406.54,4403.14,4406.23,0.00,0.00,0.0,BEARISH,340.0,4406.19,4406.19,4406.19,4406.19,46,CLEARED_>=20s,1.0,0.0,0.0,0.0,0.0,0.0,0.0,PASS_<20%,0.00,0.0,NO,STANDBY_VEL_LOW,1,1321.86,3268.14,132.45,FALSE,M1_DIRECTION_MISMATCH
2026-09-07 19:32:47.282,1788809567.283,6156,31,120,4406.19,4406.27,8.0,PASS_<=10c,+0.0,FLAT,+0.0,+69.0,4.2,+0.00,0.00,SLOW,4405.50,4406.54,4403.14,4406.23,0.00,0.00,0.0,BEARISH,340.0,4406.19,4406.19,4406.19,4406.19,47,CLEARED_>=20s,1.0,0.0,0.0,0.0,0.0,0.0,0.0,PASS_<20%,0.00,0.0,NO,STANDBY_VEL_LOW,1,1321.86,3268.14,132.45,FALSE,M1_DIRECTION_MISMATCH
2026-09-07 19:32:47.786,1788809567.787,6157,32,121,4406.19,4406.27,8.0,PASS_<=10c,+0.0,FLAT,+0.0,+69.0,4.2,+0.00,0.00,SLOW,4405.50,4406.54,4403.14,4406.23,0.00,0.00,0.0,BEARISH,340.0,4406.19,4406.19,4406.19,4406.19,47,CLEARED_>=20s,1.0,0.0,0.0,0.0,0.0,0.0,0.0,PASS_<20%,0.00,0.0,NO,STANDBY_VEL_LOW,1,1321.86,3268.14,132.45,FALSE,M1_DIRECTION_MISMATCH
2026-09-07 19:32:48.287,1788809568.288,6158,33,122,4406.19,4406.27,8.0,PASS_<=10c,+0.0,FLAT,+0.0,+69.0,4.2,+0.00,0.00,SLOW,4405.50,4406.54,4403.14,4406.23,0.00,0.00,0.0,BEARISH,340.0,4406.19,4406.19,4406.19,4406.19,48,CLEARED_>=20s,1.0,0.0,0.0,0.0,0.0,0.0,0.0,PASS_<20%,0.00,0.0,NO,STANDBY_VEL_LOW,1,1321.86,3268.14,132.45,FALSE,M1_DIRECTION_MISMATCH
2026-09-07 19:32:48.788,1788809568.788,6159,34,123,4406.19,4406.27,8.0,PASS_<=10c,+0.0,FLAT,+0.0,+69.0,4.2,+0.00,0.00,SLOW,4405.50,4406.54,4403.14,4406.23,0.00,0.00,0.0,BEARISH,340.0,4406.19,4406.19,4406.19,4406.19,48,CLEARED_>=20s,1.0,0.0,0.0,0.0,0.0,0.0,0.0,PASS_<20%,0.00,0.0,NO,STANDBY_VEL_LOW,1,1321.86,3268.14,132.45,FALSE,M1_DIRECTION_MISMATCH
2026-09-07 19:32:49.290,1788809569.291,6160,35,124,4406.19,4406.27,8.0,PASS_<=10c,+0.0,FLAT,+0.0,+69.0,4.2,+0.00,0.00,SLOW,4405.50,4406.54,4403.14,4406.23,0.00,0.00,0.0,BEARISH,340.0,4406.19,4406.19,4406.19,4406.19,49,CLEARED_>=20s,1.0,0.0,0.0,0.0,0.0,0.0,0.0,PASS_<20%,0.00,0.0,NO,STANDBY_VEL_LOW,1,1321.86,3268.14,132.45,FALSE,M1_DIRECTION_MISMATCH
2026-09-07 19:32:49.792,1788809569.792,6161,36,125,4406.19,4406.27,8.0,PASS_<=10c,+0.0,FLAT,+0.0,+69.0,4.2,+0.00,0.00,SLOW,4405.50,4406.54,4403.14,4406.23,0.00,0.00,0.0,BEARISH,340.0,4406.19,4406.19,4406.19,4406.19,49,CLEARED_>=20s,1.0,0.0,0.0,0.0,0.0,0.0,0.0,PASS_<20%,0.00,0.0,NO,STANDBY_VEL_LOW,1,1321.86,3268.14,132.45,FALSE,M1_DIRECTION_MISMATCH
2026-09-07 19:32:55.307,1788809575.307,6162,37,126,4406.19,4406.27,8.0,PASS_<=10c,+0.0,FLAT,+0.0,+69.0,1.4,+0.00,0.00,SLOW,4405.50,4406.54,4403.14,4406.23,0.00,0.00,0.0,BEARISH,340.0,4406.19,4406.19,4406.19,4406.19,55,CLEARED_>=20s,1.0,0.0,0.0,0.0,0.0,0.0,0.0,PASS_<20%,0.00,0.0,NO,STANDBY_VEL_LOW,1,1321.86,3268.14,132.45,FALSE,M1_DIRECTION_MISMATCH
2026-09-07 19:33:05.561,1788809585.562,6163,1,127,4406.19,4406.27,8.0,PASS_<=10c,+0.0,FLAT,+0.0,+69.0,1.3,+0.00,0.00,SLOW,4405.50,4406.54,4403.14,4406.23,0.00,0.00,0.0,BEARISH,340.0,4406.19,4406.19,4406.19,4406.19,5,ACTIVE_5s,1.0,0.0,0.0,0.0,0.0,0.0,0.0,PASS_<20%,0.00,0.0,NO,STANDBY_VEL_LOW,1,1321.86,3268.14,132.45,FALSE,M1_DIRECTION_MISMATCH|OPENING_SHIELD_ACTIVE_5s
2026-09-07 19:33:06.569,1788809586.570,6164,2,128,4406.19,4406.27,8.0,PASS_<=10c,+0.0,FLAT,+0.0,+69.0,3.0,+0.00,0.00,SLOW,4405.50,4406.54,4403.14,4406.23,0.00,0.00,0.0,BEARISH,340.0,4406.19,4406.19,4406.19,4406.19,6,ACTIVE_6s,1.0,0.0,0.0,0.0,0.0,0.0,0.0,PASS_<20%,0.00,0.0,NO,STANDBY_VEL_LOW,1,1321.86,3268.14,132.45,FALSE,M1_DIRECTION_MISMATCH|OPENING_SHIELD_ACTIVE_6s
2026-09-07 19:33:07.070,1788809587.071,6165,3,129,4406.19,4406.27,8.0,PASS_<=10c,+0.0,FLAT,+0.0,+69.0,3.3,+0.00,0.00,SLOW,4405.50,4406.54,4403.14,4406.23,0.00,0.00,0.0,BEARISH,340.0,4406.19,4406.19,4406.19,4406.19,7,ACTIVE_7s,1.0,0.0,0.0,0.0,0.0,0.0,0.0,PASS_<20%,0.00,0.0,NO,STANDBY_VEL_LOW,1,1321.86,3268.14,132.45,FALSE,M1_DIRECTION_MISMATCH|OPENING_SHIELD_ACTIVE_7s
2026-09-07 19:33:07.571,1788809587.572,6166,4,130,4406.19,4406.27,8.0,PASS_<=10c,+0.0,FLAT,+0.0,+69.0,3.5,+0.00,0.00,SLOW,4405.50,4406.54,4403.14,4406.23,0.00,0.00,0.0,BEARISH,340.0,4406.19,4406.19,4406.19,4406.19,7,ACTIVE_7s,1.0,0.0,0.0,0.0,0.0,0.0,0.0,PASS_<20%,0.00,0.0,NO,STANDBY_VEL_LOW,1,1321.86,3268.14,132.45,FALSE,M1_DIRECTION_MISMATCH|OPENING_SHIELD_ACTIVE_7s
2026-09-07 19:33:08.072,1788809588.073,6167,5,131,4406.19,4406.27,8.0,PASS_<=10c,+0.0,FLAT,+0.0,+69.0,3.6,+0.00,0.00,SLOW,4405.50,4406.54,4403.14,4406.23,0.00,0.00,0.0,BEARISH,340.0,4406.19,4406.19,4406.19,4406.19,8,ACTIVE_8s,1.0,0.0,0.0,0.0,0.0,0.0,0.0,PASS_<20%,0.00,0.0,NO,STANDBY_VEL_LOW,1,1321.86,3268.14,132.45,FALSE,M1_DIRECTION_MISMATCH|OPENING_SHIELD_ACTIVE_8s
2026-09-07 19:33:08.574,1788809588.574,6168,6,132,4406.19,4406.27,8.0,PASS_<=10c,+0.0,FLAT,+0.0,+69.0,3.7,+0.00,0.00,SLOW,4405.50,4406.54,4403.14,4406.23,0.00,0.00,0.0,BEARISH,340.0,4406.19,4406.19,4406.19,4406.19,8,ACTIVE_8s,1.0,0.0,0.0,0.0,0.0,0.0,0.0,PASS_<20%,0.00,0.0,NO,STANDBY_VEL_LOW,1,1321.86,3268.14,132.45,FALSE,M1_DIRECTION_MISMATCH|OPENING_SHIELD_ACTIVE_8s
2026-09-07 19:33:09.075,1788809589.076,6169,7,133,4406.19,4406.27,8.0,PASS_<=10c,+0.0,FLAT,+0.0,+69.0,3.7,+0.00,0.00,SLOW,4405.50,4406.54,4403.14,4406.23,0.00,0.00,0.0,BEARISH,340.0,4406.19,4406.19,4406.19,4406.19,9,ACTIVE_9s,1.0,0.0,0.0,0.0,0.0,0.0,0.0,PASS_<20%,0.00,0.0,NO,STANDBY_VEL_LOW,1,1321.86,3268.14,132.45,FALSE,M1_DIRECTION_MISMATCH|OPENING_SHIELD_ACTIVE_9s
2026-09-07 19:33:09.577,1788809589.578,6170,8,134,4406.19,4406.27,8.0,PASS_<=10c,+0.0,FLAT,+0.0,+69.0,3.7,+0.00,0.00,SLOW,4405.50,4406.54,4403.14,4406.23,0.00,0.00,0.0,BEARISH,340.0,4406.19,4406.19,4406.19,4406.19,9,ACTIVE_9s,1.0,0.0,0.0,0.0,0.0,0.0,0.0,PASS_<20%,0.00,0.0,NO,STANDBY_VEL_LOW,1,1321.86,3268.14,132.45,FALSE,M1_DIRECTION_MISMATCH|OPENING_SHIELD_ACTIVE_9s
2026-09-07 19:33:10.079,1788809590.079,6171,9,135,4406.19,4406.27,8.0,PASS_<=10c,+0.0,FLAT,+0.0,+69.0,3.8,+0.00,0.00,SLOW,4405.50,4406.54,4403.14,4406.23,0.00,0.00,0.0,BEARISH,340.0,4406.19,4406.19,4406.19,4406.19,10,ACTIVE_10s,1.0,0.0,0.0,0.0,0.0,0.0,0.0,PASS_<20%,0.00,0.0,NO,STANDBY_VEL_LOW,1,1321.86,3268.14,132.45,FALSE,M1_DIRECTION_MISMATCH|OPENING_SHIELD_ACTIVE_10s
2026-09-07 19:33:10.581,1788809590.581,6172,10,136,4406.19,4406.27,8.0,PASS_<=10c,+0.0,FLAT,+0.0,+69.0,4.4,+0.00,0.00,SLOW,4405.50,4406.54,4403.14,4406.23,0.00,0.00,0.0,BEARISH,340.0,4406.19,4406.19,4406.19,4406.19,10,ACTIVE_10s,1.0,0.0,0.0,0.0,0.0,0.0,0.0,PASS_<20%,0.00,0.0,NO,STANDBY_VEL_LOW,1,1321.86,3268.14,132.45,FALSE,M1_DIRECTION_MISMATCH|OPENING_SHIELD_ACTIVE_10s
2026-09-07 19:33:11.083,1788809591.083,6173,11,137,4406.19,4406.27,8.0,PASS_<=10c,+0.0,FLAT,+0.0,+69.0,4.3,+0.00,0.00,SLOW,4405.50,4406.54,4403.14,4406.23,0.00,0.00,0.0,BEARISH,340.0,4406.19,4406.19,4406.19,4406.19,11,ACTIVE_11s,1.0,0.0,0.0,0.0,0.0,0.0,0.0,PASS_<20%,0.00,0.0,NO,STANDBY_VEL_LOW,1,1321.86,3268.14,132.45,FALSE,M1_DIRECTION_MISMATCH|OPENING_SHIELD_ACTIVE_11s
2026-09-07 19:33:11.585,1788809591.586,6174,12,138,4406.19,4406.27,8.0,PASS_<=10c,+0.0,FLAT,+0.0,+69.0,4.2,+0.00,0.00,SLOW,4405.50,4406.54,4403.14,4406.23,0.00,0.00,0.0,BEARISH,340.0,4406.19,4406.19,4406.19,4406.19,11,ACTIVE_11s,1.0,0.0,0.0,0.0,0.0,0.0,0.0,PASS_<20%,0.00,0.0,NO,STANDBY_VEL_LOW,1,1321.86,3268.14,132.45,FALSE,M1_DIRECTION_MISMATCH|OPENING_SHIELD_ACTIVE_11s
2026-09-07 19:33:12.087,1788809592.087,6175,13,139,4406.19,4406.27,8.0,PASS_<=10c,+0.0,FLAT,+0.0,+69.0,4.2,+0.00,0.00,SLOW,4405.50,4406.54,4403.14,4406.23,0.00,0.00,0.0,BEARISH,340.0,4406.19,4406.19,4406.19,4406.19,12,ACTIVE_12s,1.0,0.0,0.0,0.0,0.0,0.0,0.0,PASS_<20%,0.00,0.0,NO,STANDBY_VEL_LOW,1,1321.86,3268.14,132.45,FALSE,M1_DIRECTION_MISMATCH|OPENING_SHIELD_ACTIVE_12s
2026-09-07 19:33:12.587,1788809592.588,6176,14,140,4406.19,4406.27,8.0,PASS_<=10c,+0.0,FLAT,+0.0,+69.0,4.2,+0.00,0.00,SLOW,4405.50,4406.54,4403.14,4406.23,0.00,0.00,0.0,BEARISH,340.0,4406.19,4406.19,4406.19,4406.19,12,ACTIVE_12s,1.0,0.0,0.0,0.0,0.0,0.0,0.0,PASS_<20%,0.00,0.0,NO,STANDBY_VEL_LOW,1,1321.86,3268.14,132.45,FALSE,M1_DIRECTION_MISMATCH|OPENING_SHIELD_ACTIVE_12s
2026-09-07 19:33:13.089,1788809593.090,6177,15,141,4406.19,4406.27,8.0,PASS_<=10c,+0.0,FLAT,+0.0,+69.0,4.2,+0.00,0.00,SLOW,4405.50,4406.54,4403.14,4406.23,0.00,0.00,0.0,BEARISH,340.0,4406.19,4406.19,4406.19,4406.19,13,ACTIVE_13s,1.0,0.0,0.0,0.0,0.0,0.0,0.0,PASS_<20%,0.00,0.0,NO,STANDBY_VEL_LOW,1,1321.86,3268.14,132.45,FALSE,M1_DIRECTION_MISMATCH|OPENING_SHIELD_ACTIVE_13s
2026-09-07 19:33:13.591,1788809593.592,6178,16,142,4406.19,4406.27,8.0,PASS_<=10c,+0.0,FLAT,+0.0,+69.0,4.2,+0.00,0.00,SLOW,4405.50,4406.54,4403.14,4406.23,0.00,0.00,0.0,BEARISH,340.0,4406.19,4406.19,4406.19,4406.19,13,ACTIVE_13s,1.0,0.0,0.0,0.0,0.0,0.0,0.0,PASS_<20%,0.00,0.0,NO,STANDBY_VEL_LOW,1,1321.86,3268.14,132.45,FALSE,M1_DIRECTION_MISMATCH|OPENING_SHIELD_ACTIVE_13s
2026-09-07 19:33:14.093,1788809594.094,6179,17,143,4406.19,4406.27,8.0,PASS_<=10c,+0.0,FLAT,+0.0,+69.0,4.2,+0.00,0.00,SLOW,4405.50,4406.54,4403.14,4406.23,0.00,0.00,0.0,BEARISH,340.0,4406.19,4406.19,4406.19,4406.19,14,ACTIVE_14s,1.0,0.0,0.0,0.0,0.0,0.0,0.0,PASS_<20%,0.00,0.0,NO,STANDBY_VEL_LOW,1,1321.86,3268.14,132.45,FALSE,M1_DIRECTION_MISMATCH|OPENING_SHIELD_ACTIVE_14s
2026-09-07 19:33:19.605,1788809599.606,6180,18,144,4406.19,4406.27,8.0,PASS_<=10c,+0.0,FLAT,+0.0,+69.0,1.6,+0.00,0.00,SLOW,4405.50,4406.54,4403.14,4406.23,0.00,0.00,0.0,BEARISH,340.0,4406.19,4406.19,4406.19,4406.19,19,ACTIVE_19s,1.0,0.0,0.0,0.0,0.0,0.0,0.0,PASS_<20%,0.00,0.0,NO,STANDBY_VEL_LOW,1,1321.86,3268.14,132.45,FALSE,M1_DIRECTION_MISMATCH|OPENING_SHIELD_ACTIVE_19s
2026-09-07 19:33:29.838,1788809609.839,6181,19,145,4406.19,4406.27,8.0,PASS_<=10c,+0.0,FLAT,+0.0,+69.0,1.3,+0.00,0.00,SLOW,4405.50,4406.54,4403.14,4406.23,0.00,0.00,0.0,BEARISH,340.0,4406.19,4406.19,4406.19,4406.19,29,CLEARED_>=20s,1.0,0.0,0.0,0.0,0.0,0.0,0.0,PASS_<20%,0.00,0.0,NO,STANDBY_VEL_LOW,1,1321.86,3268.14,132.45,FALSE,M1_DIRECTION_MISMATCH
2026-09-07 19:33:31.447,1788809611.447,6182,20,146,4406.19,4406.27,8.0,PASS_<=10c,+0.0,FLAT,+0.0,+69.0,1.9,+0.00,0.00,SLOW,4405.50,4406.54,4403.14,4406.23,0.00,0.00,0.0,BEARISH,340.0,4406.19,4406.19,4406.19,4406.19,31,CLEARED_>=20s,1.0,0.0,0.0,0.0,0.0,0.0,0.0,PASS_<20%,0.00,0.0,NO,STANDBY_VEL_LOW,1,1321.86,3268.14,132.45,FALSE,M1_DIRECTION_MISMATCH
2026-09-07 19:33:31.948,1788809611.949,6183,21,147,4406.19,4406.27,8.0,PASS_<=10c,+0.0,FLAT,+0.0,+69.0,2.4,+0.00,0.00,SLOW,4405.50,4406.54,4403.14,4406.23,0.00,0.00,0.0,BEARISH,340.0,4406.19,4406.19,4406.19,4406.19,31,CLEARED_>=20s,1.0,0.0,0.0,0.0,0.0,0.0,0.0,PASS_<20%,0.00,0.0,NO,STANDBY_VEL_LOW,1,1321.86,3268.14,132.45,FALSE,M1_DIRECTION_MISMATCH
2026-09-07 19:33:32.465,1788809612.465,6184,22,148,4406.19,4406.27,8.0,PASS_<=10c,+0.0,FLAT,+0.0,+69.0,2.7,+0.00,0.00,SLOW,4405.50,4406.54,4403.14,4406.23,0.00,0.00,0.0,BEARISH,340.0,4406.19,4406.19,4406.19,4406.19,32,CLEARED_>=20s,1.0,0.0,0.0,0.0,0.0,0.0,0.0,PASS_<20%,0.00,0.0,NO,STANDBY_VEL_LOW,1,1321.86,3268.14,132.45,FALSE,M1_DIRECTION_MISMATCH
2026-09-07 19:33:32.967,1788809612.967,6185,23,149,4406.19,4406.27,8.0,PASS_<=10c,+0.0,FLAT,+0.0,+69.0,2.9,+0.00,0.00,SLOW,4405.50,4406.54,4403.14,4406.23,0.00,0.00,0.0,BEARISH,340.0,4406.19,4406.19,4406.19,4406.19,32,CLEARED_>=20s,1.0,0.0,0.0,0.0,0.0,0.0,0.0,PASS_<20%,0.00,0.0,NO,STANDBY_VEL_LOW,1,1321.86,3268.14,132.45,FALSE,M1_DIRECTION_MISMATCH
2026-09-07 19:33:33.469,1788809613.470,6186,24,150,4406.19,4406.27,8.0,PASS_<=10c,+0.0,FLAT,+0.0,+69.0,3.0,+0.00,0.00,SLOW,4405.50,4406.54,4403.14,4406.23,0.00,0.00,0.0,BEARISH,340.0,4406.19,4406.19,4406.19,4406.19,33,CLEARED_>=20s,1.0,0.0,0.0,0.0,0.0,0.0,0.0,PASS_<20%,0.00,0.0,NO,STANDBY_VEL_LOW,1,1321.86,3268.14,132.45,FALSE,M1_DIRECTION_MISMATCH
2026-09-07 19:33:33.971,1788809613.972,6187,25,151,4406.19,4406.27,8.0,PASS_<=10c,+0.0,FLAT,+0.0,+69.0,3.1,+0.00,0.00,SLOW,4405.50,4406.54,4403.14,4406.23,0.00,0.00,0.0,BEARISH,340.0,4406.19,4406.19,4406.19,4406.19,33,CLEARED_>=20s,1.0,0.0,0.0,0.0,0.0,0.0,0.0,PASS_<20%,0.00,0.0,NO,STANDBY_VEL_LOW,1,1321.86,3268.14,132.45,FALSE,M1_DIRECTION_MISMATCH
2026-09-07 19:33:34.470,1788809614.471,6188,26,152,4406.19,4406.27,8.0,PASS_<=10c,+0.0,FLAT,+0.0,+69.0,3.2,+0.00,0.00,SLOW,4405.50,4406.54,4403.14,4406.23,0.00,0.00,0.0,BEARISH,340.0,4406.19,4406.19,4406.19,4406.19,34,CLEARED_>=20s,1.0,0.0,0.0,0.0,0.0,0.0,0.0,PASS_<20%,0.00,0.0,NO,STANDBY_VEL_LOW,1,1321.86,3268.14,132.45,FALSE,M1_DIRECTION_MISMATCH
2026-09-07 19:33:34.973,1788809614.973,6189,27,153,4406.19,4406.27,8.0,PASS_<=10c,+0.0,FLAT,+0.0,+69.0,4.4,+0.00,0.00,SLOW,4405.50,4406.54,4403.14,4406.23,0.00,0.00,0.0,BEARISH,340.0,4406.19,4406.19,4406.19,4406.19,34,CLEARED_>=20s,1.0,0.0,0.0,0.0,0.0,0.0,0.0,PASS_<20%,0.00,0.0,NO,STANDBY_VEL_LOW,1,1321.86,3268.14,132.45,FALSE,M1_DIRECTION_MISMATCH
2026-09-07 19:33:35.479,1788809615.479,6190,28,154,4406.19,4406.27,8.0,PASS_<=10c,+0.0,FLAT,+0.0,+69.0,4.4,+0.00,0.00,SLOW,4405.50,4406.54,4403.14,4406.23,0.00,0.00,0.0,BEARISH,340.0,4406.19,4406.19,4406.19,4406.19,35,CLEARED_>=20s,1.0,0.0,0.0,0.0,0.0,0.0,0.0,PASS_<20%,0.00,0.0,NO,STANDBY_VEL_LOW,1,1321.86,3268.14,132.45,FALSE,M1_DIRECTION_MISMATCH
2026-09-07 19:33:35.979,1788809615.980,6191,29,155,4406.19,4406.27,8.0,PASS_<=10c,+0.0,FLAT,+0.0,+69.0,4.3,+0.00,0.00,SLOW,4405.50,4406.54,4403.14,4406.23,0.00,0.00,0.0,BEARISH,340.0,4406.19,4406.19,4406.19,4406.19,35,CLEARED_>=20s,1.0,0.0,0.0,0.0,0.0,0.0,0.0,PASS_<20%,0.00,0.0,NO,STANDBY_VEL_LOW,1,1321.86,3268.14,132.45,FALSE,M1_DIRECTION_MISMATCH
2026-09-07 19:33:36.480,1788809616.480,6192,30,156,4406.19,4406.27,8.0,PASS_<=10c,+0.0,FLAT,+0.0,+69.0,4.2,+0.00,0.00,SLOW,4405.50,4406.54,4403.14,4406.23,0.00,0.00,0.0,BEARISH,340.0,4406.19,4406.19,4406.19,4406.19,36,CLEARED_>=20s,1.0,0.0,0.0,0.0,0.0,0.0,0.0,PASS_<20%,0.00,0.0,NO,STANDBY_VEL_LOW,1,1321.86,3268.14,132.45,FALSE,M1_DIRECTION_MISMATCH
2026-09-07 19:33:36.986,1788809616.987,6193,31,157,4406.19,4406.27,8.0,PASS_<=10c,+0.0,FLAT,+0.0,+69.0,4.2,+0.00,0.00,SLOW,4405.50,4406.54,4403.14,4406.23,0.00,0.00,0.0,BEARISH,340.0,4406.19,4406.19,4406.19,4406.19,36,CLEARED_>=20s,1.0,0.0,0.0,0.0,0.0,0.0,0.0,PASS_<20%,0.00,0.0,NO,STANDBY_VEL_LOW,1,1321.86,3268.14,132.45,FALSE,M1_DIRECTION_MISMATCH
2026-09-07 19:33:37.484,1788809617.485,6194,32,158,4406.19,4406.27,8.0,PASS_<=10c,+0.0,FLAT,+0.0,+69.0,4.2,+0.00,0.00,SLOW,4405.50,4406.54,4403.14,4406.23,0.00,0.00,0.0,BEARISH,340.0,4406.19,4406.19,4406.19,4406.19,37,CLEARED_>=20s,1.0,0.0,0.0,0.0,0.0,0.0,0.0,PASS_<20%,0.00,0.0,NO,STANDBY_VEL_LOW,1,1321.86,3268.14,132.45,FALSE,M1_DIRECTION_MISMATCH
2026-09-07 19:33:37.986,1788809617.987,6195,33,159,4406.19,4406.27,8.0,PASS_<=10c,+0.0,FLAT,+0.0,+69.0,4.2,+0.00,0.00,SLOW,4405.50,4406.54,4403.14,4406.23,0.00,0.00,0.0,BEARISH,340.0,4406.19,4406.19,4406.19,4406.19,37,CLEARED_>=20s,1.0,0.0,0.0,0.0,0.0,0.0,0.0,PASS_<20%,0.00,0.0,NO,STANDBY_VEL_LOW,1,1321.86,3268.14,132.45,FALSE,M1_DIRECTION_MISMATCH
2026-09-07 19:33:38.488,1788809618.488,6196,34,160,4406.19,4406.27,8.0,PASS_<=10c,+0.0,FLAT,+0.0,+69.0,4.2,+0.00,0.00,SLOW,4405.50,4406.54,4403.14,4406.23,0.00,0.00,0.0,BEARISH,340.0,4406.19,4406.19,4406.19,4406.19,38,CLEARED_>=20s,1.0,0.0,0.0,0.0,0.0,0.0,0.0,PASS_<20%,0.00,0.0,NO,STANDBY_VEL_LOW,1,1321.86,3268.14,132.45,FALSE,M1_DIRECTION_MISMATCH
2026-09-07 19:33:38.988,1788809618.989,6197,35,161,4406.19,4406.27,8.0,PASS_<=10c,+0.0,FLAT,+0.0,+69.0,4.2,+0.00,0.00,SLOW,4405.50,4406.54,4403.14,4406.23,0.00,0.00,0.0,BEARISH,340.0,4406.19,4406.19,4406.19,4406.19,38,CLEARED_>=20s,1.0,0.0,0.0,0.0,0.0,0.0,0.0,PASS_<20%,0.00,0.0,NO,STANDBY_VEL_LOW,1,1321.86,3268.14,132.45,FALSE,M1_DIRECTION_MISMATCH
2026-09-07 19:33:44.505,1788809624.506,6198,36,162,4406.19,4406.27,8.0,PASS_<=10c,+0.0,FLAT,+0.0,+69.0,1.6,+0.00,0.00,SLOW,4405.50,4406.54,4403.14,4406.23,0.00,0.00,0.0,BEARISH,340.0,4406.19,4406.19,4406.19,4406.19,44,CLEARED_>=20s,1.0,0.0,0.0,0.0,0.0,0.0,0.0,PASS_<20%,0.00,0.0,NO,STANDBY_VEL_LOW,1,1321.86,3268.14,132.45,FALSE,M1_DIRECTION_MISMATCH
2026-09-07 19:33:54.731,1788809634.731,6199,37,163,4406.19,4406.27,8.0,PASS_<=10c,+0.0,FLAT,+0.0,+69.0,1.3,+0.00,0.00,SLOW,4405.50,4406.54,4403.14,4406.23,0.00,0.00,0.0,BEARISH,340.0,4406.19,4406.19,4406.19,4406.19,54,CLEARED_>=20s,1.0,0.0,0.0,0.0,0.0,0.0,0.0,PASS_<20%,0.00,0.0,NO,STANDBY_VEL_LOW,1,1321.86,3268.14,132.45,FALSE,M1_DIRECTION_MISMATCH
2026-09-07 19:33:56.539,1788809636.539,6200,38,164,4406.19,4406.27,8.0,PASS_<=10c,+0.0,FLAT,+0.0,+69.0,1.7,+0.00,0.00,SLOW,4405.50,4406.54,4403.14,4406.23,0.00,0.00,0.0,BEARISH,340.0,4406.19,4406.19,4406.19,4406.19,56,CLEARED_>=20s,1.0,0.0,0.0,0.0,0.0,0.0,0.0,PASS_<20%,0.00,0.0,NO,STANDBY_VEL_LOW,1,1321.86,3268.14,132.45,FALSE,M1_DIRECTION_MISMATCH
2026-09-07 19:33:57.040,1788809637.041,6201,39,165,4406.19,4406.27,8.0,PASS_<=10c,+0.0,FLAT,+0.0,+69.0,2.2,+0.00,0.00,SLOW,4405.50,4406.54,4403.14,4406.23,0.00,0.00,0.0,BEARISH,340.0,4406.19,4406.19,4406.19,4406.19,57,CLEARED_>=20s,1.0,0.0,0.0,0.0,0.0,0.0,0.0,PASS_<20%,0.00,0.0,NO,STANDBY_VEL_LOW,1,1321.86,3268.14,132.45,FALSE,M1_DIRECTION_MISMATCH
2026-09-07 19:33:57.542,1788809637.543,6202,40,166,4406.19,4406.27,8.0,PASS_<=10c,+0.0,FLAT,+0.0,+69.0,2.5,+0.00,0.00,SLOW,4405.50,4406.54,4403.14,4406.23,0.00,0.00,0.0,BEARISH,340.0,4406.19,4406.19,4406.19,4406.19,57,CLEARED_>=20s,1.0,0.0,0.0,0.0,0.0,0.0,0.0,PASS_<20%,0.00,0.0,NO,STANDBY_VEL_LOW,1,1321.86,3268.14,132.45,FALSE,M1_DIRECTION_MISMATCH
2026-09-07 19:33:58.046,1788809638.046,6203,41,167,4406.19,4406.27,8.0,PASS_<=10c,+0.0,FLAT,+0.0,+69.0,2.7,+0.00,0.00,SLOW,4405.50,4406.54,4403.14,4406.23,0.00,0.00,0.0,BEARISH,340.0,4406.19,4406.19,4406.19,4406.19,58,CLEARED_>=20s,1.0,0.0,0.0,0.0,0.0,0.0,0.0,PASS_<20%,0.00,0.0,NO,STANDBY_VEL_LOW,1,1321.86,3268.14,132.45,FALSE,M1_DIRECTION_MISMATCH
2026-09-07 19:33:58.547,1788809638.548,6204,42,168,4406.19,4406.27,8.0,PASS_<=10c,+0.0,FLAT,+0.0,+69.0,2.9,+0.00,0.00,SLOW,4405.50,4406.54,4403.14,4406.23,0.00,0.00,0.0,BEARISH,340.0,4406.19,4406.19,4406.19,4406.19,58,CLEARED_>=20s,1.0,0.0,0.0,0.0,0.0,0.0,0.0,PASS_<20%,0.00,0.0,NO,STANDBY_VEL_LOW,1,1321.86,3268.14,132.45,FALSE,M1_DIRECTION_MISMATCH
2026-09-07 19:33:59.048,1788809639.048,6205,43,169,4406.19,4406.27,8.0,PASS_<=10c,+0.0,FLAT,+0.0,+69.0,3.0,+0.00,0.00,SLOW,4405.50,4406.54,4403.14,4406.23,0.00,0.00,0.0,BEARISH,340.0,4406.19,4406.19,4406.19,4406.19,59,CLEARED_>=20s,1.0,0.0,0.0,0.0,0.0,0.0,0.0,PASS_<20%,0.00,0.0,NO,STANDBY_VEL_LOW,1,1321.86,3268.14,132.45,FALSE,M1_DIRECTION_MISMATCH
2026-09-07 19:33:59.550,1788809639.550,6206,44,170,4406.19,4406.27,8.0,PASS_<=10c,+0.0,FLAT,+0.0,+69.0,3.1,+0.00,0.00,SLOW,4405.50,4406.54,4403.14,4406.23,0.00,0.00,0.0,BEARISH,340.0,4406.19,4406.19,4406.19,4406.19,59,CLEARED_>=20s,1.0,0.0,0.0,0.0,0.0,0.0,0.0,PASS_<20%,0.00,0.0,NO,STANDBY_VEL_LOW,1,1321.86,3268.14,132.45,FALSE,M1_DIRECTION_MISMATCH
2026-09-07 19:34:00.052,1788809640.053,6207,1,171,4406.19,4406.27,8.0,PASS_<=10c,+0.0,FLAT,+0.0,+69.0,4.4,+0.00,0.00,SLOW,4405.50,4406.54,4403.14,4406.23,0.00,0.00,0.0,BEARISH,340.0,4406.19,4406.19,4406.19,4406.19,0,ACTIVE_0s,1.0,0.0,0.0,0.0,0.0,0.0,0.0,PASS_<20%,0.00,0.0,NO,STANDBY_VEL_LOW,1,1321.86,3268.14,132.45,FALSE,M1_DIRECTION_MISMATCH|OPENING_SHIELD_ACTIVE_0s
2026-09-07 19:34:00.554,1788809640.554,6208,2,172,4406.19,4406.27,8.0,PASS_<=10c,+0.0,FLAT,+0.0,+69.0,4.4,+0.00,0.00,SLOW,4405.50,4406.54,4403.14,4406.23,0.00,0.00,0.0,BEARISH,340.0,4406.19,4406.19,4406.19,4406.19,0,ACTIVE_0s,1.0,0.0,0.0,0.0,0.0,0.0,0.0,PASS_<20%,0.00,0.0,NO,STANDBY_VEL_LOW,1,1321.86,3268.14,132.45,FALSE,M1_DIRECTION_MISMATCH|OPENING_SHIELD_ACTIVE_0s
2026-09-07 19:34:01.056,1788809641.056,6209,3,173,4406.19,4406.27,8.0,PASS_<=10c,+0.0,FLAT,+0.0,+69.0,4.3,+0.00,0.00,SLOW,4405.50,4406.54,4403.14,4406.23,0.00,0.00,0.0,BEARISH,340.0,4406.19,4406.19,4406.19,4406.19,1,ACTIVE_1s,1.0,0.0,0.0,0.0,0.0,0.0,0.0,PASS_<20%,0.00,0.0,NO,STANDBY_VEL_LOW,1,1321.86,3268.14,132.45,FALSE,M1_DIRECTION_MISMATCH|OPENING_SHIELD_ACTIVE_1s
2026-09-07 19:34:01.558,1788809641.559,6210,4,174,4406.19,4406.27,8.0,PASS_<=10c,+0.0,FLAT,+0.0,+69.0,4.2,+0.00,0.00,SLOW,4405.50,4406.54,4403.14,4406.23,0.00,0.00,0.0,BEARISH,340.0,4406.19,4406.19,4406.19,4406.19,1,ACTIVE_1s,1.0,0.0,0.0,0.0,0.0,0.0,0.0,PASS_<20%,0.00,0.0,NO,STANDBY_VEL_LOW,1,1321.86,3268.14,132.45,FALSE,M1_DIRECTION_MISMATCH|OPENING_SHIELD_ACTIVE_1s
2026-09-07 19:34:02.065,1788809642.065,6211,5,175,4406.19,4406.27,8.0,PASS_<=10c,+0.0,FLAT,+0.0,+69.0,4.2,+0.00,0.00,SLOW,4405.50,4406.54,4403.14,4406.23,0.00,0.00,0.0,BEARISH,340.0,4406.19,4406.19,4406.19,4406.19,2,ACTIVE_2s,1.0,0.0,0.0,0.0,0.0,0.0,0.0,PASS_<20%,0.00,0.0,NO,STANDBY_VEL_LOW,1,1321.86,3268.14,132.45,FALSE,M1_DIRECTION_MISMATCH|OPENING_SHIELD_ACTIVE_2s
2026-09-07 19:34:02.577,1788809642.578,6212,6,176,4406.19,4406.27,8.0,PASS_<=10c,+0.0,FLAT,+0.0,+69.0,4.2,+0.00,0.00,SLOW,4405.50,4406.54,4403.14,4406.23,0.00,0.00,0.0,BEARISH,340.0,4406.19,4406.19,4406.19,4406.19,2,ACTIVE_2s,1.0,0.0,0.0,0.0,0.0,0.0,0.0,PASS_<20%,0.00,0.0,NO,STANDBY_VEL_LOW,1,1321.86,3268.14,132.45,FALSE,M1_DIRECTION_MISMATCH|OPENING_SHIELD_ACTIVE_2s
2026-09-07 19:34:03.079,1788809643.080,6213,7,177,4406.19,4406.27,8.0,PASS_<=10c,+0.0,FLAT,+0.0,+69.0,4.2,+0.00,0.00,SLOW,4405.50,4406.54,4403.14,4406.23,0.00,0.00,0.0,BEARISH,340.0,4406.19,4406.19,4406.19,4406.19,3,ACTIVE_3s,1.0,0.0,0.0,0.0,0.0,0.0,0.0,PASS_<20%,0.00,0.0,NO,STANDBY_VEL_LOW,1,1321.86,3268.14,132.45,FALSE,M1_DIRECTION_MISMATCH|OPENING_SHIELD_ACTIVE_3s
2026-09-07 19:34:03.580,1788809643.581,6214,8,178,4406.19,4406.27,8.0,PASS_<=10c,+0.0,FLAT,+0.0,+69.0,4.2,+0.00,0.00,SLOW,4405.50,4406.54,4403.14,4406.23,0.00,0.00,0.0,BEARISH,340.0,4406.19,4406.19,4406.19,4406.19,3,ACTIVE_3s,1.0,0.0,0.0,0.0,0.0,0.0,0.0,PASS_<20%,0.00,0.0,NO,STANDBY_VEL_LOW,1,1321.86,3268.14,132.45,FALSE,M1_DIRECTION_MISMATCH|OPENING_SHIELD_ACTIVE_3s
2026-09-07 19:34:04.082,1788809644.083,6215,9,179,4406.19,4406.27,8.0,PASS_<=10c,+0.0,FLAT,+0.0,+69.0,4.2,+0.00,0.00,SLOW,4405.50,4406.54,4403.14,4406.23,0.00,0.00,0.0,BEARISH,340.0,4406.19,4406.19,4406.19,4406.19,4,ACTIVE_4s,1.0,0.0,0.0,0.0,0.0,0.0,0.0,PASS_<20%,0.00,0.0,NO,STANDBY_VEL_LOW,1,1321.86,3268.14,132.45,FALSE,M1_DIRECTION_MISMATCH|OPENING_SHIELD_ACTIVE_4s
2026-09-07 19:34:09.597,1788809649.597,6216,10,180,4406.19,4406.27,8.0,PASS_<=10c,+0.0,FLAT,+0.0,+69.0,1.5,+0.00,0.00,SLOW,4405.50,4406.54,4403.14,4406.23,0.00,0.00,0.0,BEARISH,340.0,4406.19,4406.19,4406.19,4406.19,9,ACTIVE_9s,1.0,0.0,0.0,0.0,0.0,0.0,0.0,PASS_<20%,0.00,0.0,NO,STANDBY_VEL_LOW,1,1321.86,3268.14,132.45,FALSE,M1_DIRECTION_MISMATCH|OPENING_SHIELD_ACTIVE_9s
2026-09-07 19:34:19.848,1788809659.848,6217,11,181,4406.19,4406.27,8.0,PASS_<=10c,+0.0,FLAT,+0.0,+69.0,1.3,+0.00,0.00,SLOW,4405.50,4406.54,4403.14,4406.23,0.00,0.00,0.0,BEARISH,340.0,4406.19,4406.19,4406.19,4406.19,19,ACTIVE_19s,1.0,0.0,0.0,0.0,0.0,0.0,0.0,PASS_<20%,0.00,0.0,NO,STANDBY_VEL_LOW,1,1321.86,3268.14,132.45,FALSE,M1_DIRECTION_MISMATCH|OPENING_SHIELD_ACTIVE_19s
2026-09-07 19:34:21.059,1788809661.059,6218,12,182,4406.19,4406.27,8.0,PASS_<=10c,+0.0,FLAT,+0.0,+69.0,2.5,+0.00,0.00,SLOW,4405.50,4406.54,4403.14,4406.23,0.00,0.00,0.0,BEARISH,340.0,4406.19,4406.19,4406.19,4406.19,21,CLEARED_>=20s,1.0,0.0,0.0,0.0,0.0,0.0,0.0,PASS_<20%,0.00,0.0,NO,STANDBY_VEL_LOW,1,1321.86,3268.14,132.45,FALSE,M1_DIRECTION_MISMATCH
2026-09-07 19:34:21.560,1788809661.560,6219,13,183,4406.19,4406.27,8.0,PASS_<=10c,+0.0,FLAT,+0.0,+69.0,2.9,+0.00,0.00,SLOW,4405.50,4406.54,4403.14,4406.23,0.00,0.00,0.0,BEARISH,340.0,4406.19,4406.19,4406.19,4406.19,21,CLEARED_>=20s,1.0,0.0,0.0,0.0,0.0,0.0,0.0,PASS_<20%,0.00,0.0,NO,STANDBY_VEL_LOW,1,1321.86,3268.14,132.45,FALSE,M1_DIRECTION_MISMATCH
2026-09-07 19:34:22.062,1788809662.062,6220,14,184,4406.19,4406.27,8.0,PASS_<=10c,+0.0,FLAT,+0.0,+69.0,3.2,+0.00,0.00,SLOW,4405.50,4406.54,4403.14,4406.23,0.00,0.00,0.0,BEARISH,340.0,4406.19,4406.19,4406.19,4406.19,22,CLEARED_>=20s,1.0,0.0,0.0,0.0,0.0,0.0,0.0,PASS_<20%,0.00,0.0,NO,STANDBY_VEL_LOW,1,1321.86,3268.14,132.45,FALSE,M1_DIRECTION_MISMATCH
2026-09-07 19:34:22.563,1788809662.564,6221,15,185,4406.19,4406.27,8.0,PASS_<=10c,+0.0,FLAT,+0.0,+69.0,3.3,+0.00,0.00,SLOW,4405.50,4406.54,4403.14,4406.23,0.00,0.00,0.0,BEARISH,340.0,4406.19,4406.19,4406.19,4406.19,22,CLEARED_>=20s,1.0,0.0,0.0,0.0,0.0,0.0,0.0,PASS_<20%,0.00,0.0,NO,STANDBY_VEL_LOW,1,1321.86,3268.14,132.45,FALSE,M1_DIRECTION_MISMATCH
2026-09-07 19:34:23.066,1788809663.066,6222,16,186,4406.19,4406.27,8.0,PASS_<=10c,+0.0,FLAT,+0.0,+69.0,3.4,+0.00,0.00,SLOW,4405.50,4406.54,4403.14,4406.23,0.00,0.00,0.0,BEARISH,340.0,4406.19,4406.19,4406.19,4406.19,23,CLEARED_>=20s,1.0,0.0,0.0,0.0,0.0,0.0,0.0,PASS_<20%,0.00,0.0,NO,STANDBY_VEL_LOW,1,1321.86,3268.14,132.45,FALSE,M1_DIRECTION_MISMATCH
2026-09-07 19:34:23.566,1788809663.567,6223,17,187,4406.19,4406.27,8.0,PASS_<=10c,+0.0,FLAT,+0.0,+69.0,3.5,+0.00,0.00,SLOW,4405.50,4406.54,4403.14,4406.23,0.00,0.00,0.0,BEARISH,340.0,4406.19,4406.19,4406.19,4406.19,23,CLEARED_>=20s,1.0,0.0,0.0,0.0,0.0,0.0,0.0,PASS_<20%,0.00,0.0,NO,STANDBY_VEL_LOW,1,1321.86,3268.14,132.45,FALSE,M1_DIRECTION_MISMATCH
2026-09-07 19:34:24.067,1788809664.068,6224,18,188,4406.19,4406.27,8.0,PASS_<=10c,+0.0,FLAT,+0.0,+69.0,3.6,+0.00,0.00,SLOW,4405.50,4406.54,4403.14,4406.23,0.00,0.00,0.0,BEARISH,340.0,4406.19,4406.19,4406.19,4406.19,24,CLEARED_>=20s,1.0,0.0,0.0,0.0,0.0,0.0,0.0,PASS_<20%,0.00,0.0,NO,STANDBY_VEL_LOW,1,1321.86,3268.14,132.45,FALSE,M1_DIRECTION_MISMATCH
2026-09-07 19:34:24.570,1788809664.570,6225,19,189,4406.19,4406.27,8.0,PASS_<=10c,+0.0,FLAT,+0.0,+69.0,3.6,+0.00,0.00,SLOW,4405.50,4406.54,4403.14,4406.23,0.00,0.00,0.0,BEARISH,340.0,4406.19,4406.19,4406.19,4406.19,24,CLEARED_>=20s,1.0,0.0,0.0,0.0,0.0,0.0,0.0,PASS_<20%,0.00,0.0,NO,STANDBY_VEL_LOW,1,1321.86,3268.14,132.45,FALSE,M1_DIRECTION_MISMATCH
2026-09-07 19:34:25.072,1788809665.072,6226,20,190,4406.19,4406.27,8.0,PASS_<=10c,+0.0,FLAT,+0.0,+69.0,4.4,+0.00,0.00,SLOW,4405.50,4406.54,4403.14,4406.23,0.00,0.00,0.0,BEARISH,340.0,4406.19,4406.19,4406.19,4406.19,25,CLEARED_>=20s,1.0,0.0,0.0,0.0,0.0,0.0,0.0,PASS_<20%,0.00,0.0,NO,STANDBY_VEL_LOW,1,1321.86,3268.14,132.45,FALSE,M1_DIRECTION_MISMATCH
2026-09-07 19:34:25.574,1788809665.574,6227,21,191,4406.19,4406.27,8.0,PASS_<=10c,+0.0,FLAT,+0.0,+69.0,4.3,+0.00,0.00,SLOW,4405.50,4406.54,4403.14,4406.23,0.00,0.00,0.0,BEARISH,340.0,4406.19,4406.19,4406.19,4406.19,25,CLEARED_>=20s,1.0,0.0,0.0,0.0,0.0,0.0,0.0,PASS_<20%,0.00,0.0,NO,STANDBY_VEL_LOW,1,1321.86,3268.14,132.45,FALSE,M1_DIRECTION_MISMATCH
2026-09-07 19:34:26.076,1788809666.076,6228,22,192,4406.19,4406.27,8.0,PASS_<=10c,+0.0,FLAT,+0.0,+69.0,4.2,+0.00,0.00,SLOW,4405.50,4406.54,4403.14,4406.23,0.00,0.00,0.0,BEARISH,340.0,4406.19,4406.19,4406.19,4406.19,26,CLEARED_>=20s,1.0,0.0,0.0,0.0,0.0,0.0,0.0,PASS_<20%,0.00,0.0,NO,STANDBY_VEL_LOW,1,1321.86,3268.14,132.45,FALSE,M1_DIRECTION_MISMATCH
2026-09-07 19:34:26.578,1788809666.578,6229,23,193,4406.19,4406.27,8.0,PASS_<=10c,+0.0,FLAT,+0.0,+69.0,4.2,+0.00,0.00,SLOW,4405.50,4406.54,4403.14,4406.23,0.00,0.00,0.0,BEARISH,340.0,4406.19,4406.19,4406.19,4406.19,26,CLEARED_>=20s,1.0,0.0,0.0,0.0,0.0,0.0,0.0,PASS_<20%,0.00,0.0,NO,STANDBY_VEL_LOW,1,1321.86,3268.14,132.45,FALSE,M1_DIRECTION_MISMATCH
2026-09-07 19:34:27.079,1788809667.080,6230,24,194,4406.19,4406.27,8.0,PASS_<=10c,+0.0,FLAT,+0.0,+69.0,4.2,+0.00,0.00,SLOW,4405.50,4406.54,4403.14,4406.23,0.00,0.00,0.0,BEARISH,340.0,4406.19,4406.19,4406.19,4406.19,27,CLEARED_>=20s,1.0,0.0,0.0,0.0,0.0,0.0,0.0,PASS_<20%,0.00,0.0,NO,STANDBY_VEL_LOW,1,1321.86,3268.14,132.45,FALSE,M1_DIRECTION_MISMATCH
2026-09-07 19:34:27.581,1788809667.581,6231,25,195,4406.19,4406.27,8.0,PASS_<=10c,+0.0,FLAT,+0.0,+69.0,4.2,+0.00,0.00,SLOW,4405.50,4406.54,4403.14,4406.23,0.00,0.00,0.0,BEARISH,340.0,4406.19,4406.19,4406.19,4406.19,27,CLEARED_>=20s,1.0,0.0,0.0,0.0,0.0,0.0,0.0,PASS_<20%,0.00,0.0,NO,STANDBY_VEL_LOW,1,1321.86,3268.14,132.45,FALSE,M1_DIRECTION_MISMATCH
2026-09-07 19:34:28.082,1788809668.082,6232,26,196,4406.19,4406.27,8.0,PASS_<=10c,+0.0,FLAT,+0.0,+69.0,4.2,+0.00,0.00,SLOW,4405.50,4406.54,4403.14,4406.23,0.00,0.00,0.0,BEARISH,340.0,4406.19,4406.19,4406.19,4406.19,28,CLEARED_>=20s,1.0,0.0,0.0,0.0,0.0,0.0,0.0,PASS_<20%,0.00,0.0,NO,STANDBY_VEL_LOW,1,1321.86,3268.14,132.45,FALSE,M1_DIRECTION_MISMATCH
2026-09-07 19:34:28.583,1788809668.583,6233,27,197,4406.19,4406.27,8.0,PASS_<=10c,+0.0,FLAT,+0.0,+69.0,4.2,+0.00,0.00,SLOW,4405.50,4406.54,4403.14,4406.23,0.00,0.00,0.0,BEARISH,340.0,4406.19,4406.19,4406.19,4406.19,28,CLEARED_>=20s,1.0,0.0,0.0,0.0,0.0,0.0,0.0,PASS_<20%,0.00,0.0,NO,STANDBY_VEL_LOW,1,1321.86,3268.14,132.45,FALSE,M1_DIRECTION_MISMATCH
2026-09-07 19:34:34.096,1788809674.096,6234,28,198,4406.19,4406.27,8.0,PASS_<=10c,+0.0,FLAT,+0.0,+69.0,1.6,+0.00,0.00,SLOW,4405.50,4406.54,4403.14,4406.23,0.00,0.00,0.0,BEARISH,340.0,4406.19,4406.19,4406.19,4406.19,34,CLEARED_>=20s,1.0,0.0,0.0,0.0,0.0,0.0,0.0,PASS_<20%,0.00,0.0,NO,STANDBY_VEL_LOW,1,1321.86,3268.14,132.45,FALSE,M1_DIRECTION_MISMATCH
2026-09-07 19:34:44.343,1788809684.343,6235,29,199,4406.19,4406.27,8.0,PASS_<=10c,+0.0,FLAT,+0.0,+69.0,1.3,+0.00,0.00,SLOW,4405.50,4406.54,4403.14,4406.23,0.00,0.00,0.0,BEARISH,340.0,4406.19,4406.19,4406.19,4406.19,44,CLEARED_>=20s,1.0,0.0,0.0,0.0,0.0,0.0,0.0,PASS_<20%,0.00,0.0,NO,STANDBY_VEL_LOW,1,1321.86,3268.14,132.45,FALSE,M1_DIRECTION_MISMATCH
2026-09-07 19:34:46.151,1788809686.151,6236,30,200,4406.19,4406.27,8.0,PASS_<=10c,+0.0,FLAT,+0.0,+69.0,1.7,+0.00,0.00,SLOW,4405.50,4406.54,4403.14,4406.23,0.00,0.00,0.0,BEARISH,340.0,4406.19,4406.19,4406.19,4406.19,46,CLEARED_>=20s,1.0,0.0,0.0,0.0,0.0,0.0,0.0,PASS_<20%,0.00,0.0,NO,STANDBY_VEL_LOW,1,1321.86,3268.14,132.45,FALSE,M1_DIRECTION_MISMATCH
2026-09-07 19:34:46.653,1788809686.654,6237,31,201,4406.19,4406.27,8.0,PASS_<=10c,+0.0,FLAT,+0.0,+69.0,2.2,+0.00,0.00,SLOW,4405.50,4406.54,4403.14,4406.23,0.00,0.00,0.0,BEARISH,340.0,4406.19,4406.19,4406.19,4406.19,46,CLEARED_>=20s,1.0,0.0,0.0,0.0,0.0,0.0,0.0,PASS_<20%,0.00,0.0,NO,STANDBY_VEL_LOW,1,1321.86,3268.14,132.45,FALSE,M1_DIRECTION_MISMATCH
2026-09-07 19:34:47.156,1788809687.156,6238,32,202,4406.19,4406.27,8.0,PASS_<=10c,+0.0,FLAT,+0.0,+69.0,2.5,+0.00,0.00,SLOW,4405.50,4406.54,4403.14,4406.23,0.00,0.00,0.0,BEARISH,340.0,4406.19,4406.19,4406.19,4406.19,47,CLEARED_>=20s,1.0,0.0,0.0,0.0,0.0,0.0,0.0,PASS_<20%,0.00,0.0,NO,STANDBY_VEL_LOW,1,1321.86,3268.14,132.45,FALSE,M1_DIRECTION_MISMATCH
2026-09-07 19:34:47.657,1788809687.658,6239,33,203,4406.19,4406.27,8.0,PASS_<=10c,+0.0,FLAT,+0.0,+69.0,2.7,+0.00,0.00,SLOW,4405.50,4406.54,4403.14,4406.23,0.00,0.00,0.0,BEARISH,340.0,4406.19,4406.19,4406.19,4406.19,47,CLEARED_>=20s,1.0,0.0,0.0,0.0,0.0,0.0,0.0,PASS_<20%,0.00,0.0,NO,STANDBY_VEL_LOW,1,1321.86,3268.14,132.45,FALSE,M1_DIRECTION_MISMATCH
2026-09-07 19:34:48.159,1788809688.159,6240,34,204,4406.19,4406.27,8.0,PASS_<=10c,+0.0,FLAT,+0.0,+69.0,2.9,+0.00,0.00,SLOW,4405.50,4406.54,4403.14,4406.23,0.00,0.00,0.0,BEARISH,340.0,4406.19,4406.19,4406.19,4406.19,48,CLEARED_>=20s,1.0,0.0,0.0,0.0,0.0,0.0,0.0,PASS_<20%,0.00,0.0,NO,STANDBY_VEL_LOW,1,1321.86,3268.14,132.45,FALSE,M1_DIRECTION_MISMATCH
2026-09-07 19:34:48.663,1788809688.663,6241,35,205,4406.19,4406.27,8.0,PASS_<=10c,+0.0,FLAT,+0.0,+69.0,3.0,+0.00,0.00,SLOW,4405.50,4406.54,4403.14,4406.23,0.00,0.00,0.0,BEARISH,340.0,4406.19,4406.19,4406.19,4406.19,48,CLEARED_>=20s,1.0,0.0,0.0,0.0,0.0,0.0,0.0,PASS_<20%,0.00,0.0,NO,STANDBY_VEL_LOW,1,1321.86,3268.14,132.45,FALSE,M1_DIRECTION_MISMATCH
2026-09-07 19:34:49.164,1788809689.164,6242,36,206,4406.19,4406.27,8.0,PASS_<=10c,+0.0,FLAT,+0.0,+69.0,3.1,+0.00,0.00,SLOW,4405.50,4406.54,4403.14,4406.23,0.00,0.00,0.0,BEARISH,340.0,4406.19,4406.19,4406.19,4406.19,49,CLEARED_>=20s,1.0,0.0,0.0,0.0,0.0,0.0,0.0,PASS_<20%,0.00,0.0,NO,STANDBY_VEL_LOW,1,1321.86,3268.14,132.45,FALSE,M1_DIRECTION_MISMATCH
2026-09-07 19:34:49.667,1788809689.667,6243,37,207,4406.19,4406.27,8.0,PASS_<=10c,+0.0,FLAT,+0.0,+69.0,4.4,+0.00,0.00,SLOW,4405.50,4406.54,4403.14,4406.23,0.00,0.00,0.0,BEARISH,340.0,4406.19,4406.19,4406.19,4406.19,49,CLEARED_>=20s,1.0,0.0,0.0,0.0,0.0,0.0,0.0,PASS_<20%,0.00,0.0,NO,STANDBY_VEL_LOW,1,1321.86,3268.14,132.45,FALSE,M1_DIRECTION_MISMATCH
2026-09-07 19:34:50.167,1788809690.168,6244,38,208,4406.19,4406.27,8.0,PASS_<=10c,+0.0,FLAT,+0.0,+69.0,4.4,+0.00,0.00,SLOW,4405.50,4406.54,4403.14,4406.23,0.00,0.00,0.0,BEARISH,340.0,4406.19,4406.19,4406.19,4406.19,50,CLEARED_>=20s,1.0,0.0,0.0,0.0,0.0,0.0,0.0,PASS_<20%,0.00,0.0,NO,STANDBY_VEL_LOW,1,1321.86,3268.14,132.45,FALSE,M1_DIRECTION_MISMATCH
2026-09-07 19:34:50.669,1788809690.669,6245,39,209,4406.19,4406.27,8.0,PASS_<=10c,+0.0,FLAT,+0.0,+69.0,4.3,+0.00,0.00,SLOW,4405.50,4406.54,4403.14,4406.23,0.00,0.00,0.0,BEARISH,340.0,4406.19,4406.19,4406.19,4406.19,50,CLEARED_>=20s,1.0,0.0,0.0,0.0,0.0,0.0,0.0,PASS_<20%,0.00,0.0,NO,STANDBY_VEL_LOW,1,1321.86,3268.14,132.45,FALSE,M1_DIRECTION_MISMATCH
2026-09-07 19:34:51.170,1788809691.171,6246,40,210,4406.19,4406.27,8.0,PASS_<=10c,+0.0,FLAT,+0.0,+69.0,4.2,+0.00,0.00,SLOW,4405.50,4406.54,4403.14,4406.23,0.00,0.00,0.0,BEARISH,340.0,4406.19,4406.19,4406.19,4406.19,51,CLEARED_>=20s,1.0,0.0,0.0,0.0,0.0,0.0,0.0,PASS_<20%,0.00,0.0,NO,STANDBY_VEL_LOW,1,1321.86,3268.14,132.45,FALSE,M1_DIRECTION_MISMATCH
2026-09-07 19:34:51.686,1788809691.686,6247,41,211,4406.19,4406.27,8.0,PASS_<=10c,+0.0,FLAT,+0.0,+69.0,4.2,+0.00,0.00,SLOW,4405.50,4406.54,4403.14,4406.23,0.00,0.00,0.0,BEARISH,340.0,4406.19,4406.19,4406.19,4406.19,51,CLEARED_>=20s,1.0,0.0,0.0,0.0,0.0,0.0,0.0,PASS_<20%,0.00,0.0,NO,STANDBY_VEL_LOW,1,1321.86,3268.14,132.45,FALSE,M1_DIRECTION_MISMATCH
2026-09-07 19:34:52.184,1788809692.184,6248,42,212,4406.19,4406.27,8.0,PASS_<=10c,+0.0,FLAT,+0.0,+69.0,4.2,+0.00,0.00,SLOW,4405.50,4406.54,4403.14,4406.23,0.00,0.00,0.0,BEARISH,340.0,4406.19,4406.19,4406.19,4406.19,52,CLEARED_>=20s,1.0,0.0,0.0,0.0,0.0,0.0,0.0,PASS_<20%,0.00,0.0,NO,STANDBY_VEL_LOW,1,1321.86,3268.14,132.45,FALSE,M1_DIRECTION_MISMATCH
2026-09-07 19:34:52.685,1788809692.685,6249,43,213,4406.19,4406.27,8.0,PASS_<=10c,+0.0,FLAT,+0.0,+69.0,4.2,+0.00,0.00,SLOW,4405.50,4406.54,4403.14,4406.23,0.00,0.00,0.0,BEARISH,340.0,4406.19,4406.19,4406.19,4406.19,52,CLEARED_>=20s,1.0,0.0,0.0,0.0,0.0,0.0,0.0,PASS_<20%,0.00,0.0,NO,STANDBY_VEL_LOW,1,1321.86,3268.14,132.45,FALSE,M1_DIRECTION_MISMATCH
2026-09-07 19:34:53.187,1788809693.187,6250,44,214,4406.19,4406.27,8.0,PASS_<=10c,+0.0,FLAT,+0.0,+69.0,4.2,+0.00,0.00,SLOW,4405.50,4406.54,4403.14,4406.23,0.00,0.00,0.0,BEARISH,340.0,4406.19,4406.19,4406.19,4406.19,53,CLEARED_>=20s,1.0,0.0,0.0,0.0,0.0,0.0,0.0,PASS_<20%,0.00,0.0,NO,STANDBY_VEL_LOW,1,1321.86,3268.14,132.45,FALSE,M1_DIRECTION_MISMATCH
2026-09-07 19:34:53.689,1788809693.689,6251,45,215,4406.19,4406.27,8.0,PASS_<=10c,+0.0,FLAT,+0.0,+69.0,4.2,+0.00,0.00,SLOW,4405.50,4406.54,4403.14,4406.23,0.00,0.00,0.0,BEARISH,340.0,4406.19,4406.19,4406.19,4406.19,53,CLEARED_>=20s,1.0,0.0,0.0,0.0,0.0,0.0,0.0,PASS_<20%,0.00,0.0,NO,STANDBY_VEL_LOW,1,1321.86,3268.14,132.45,FALSE,M1_DIRECTION_MISMATCH
2026-09-07 19:34:59.202,1788809699.202,6252,46,216,4406.19,4406.27,8.0,PASS_<=10c,+0.0,FLAT,+0.0,+69.0,1.6,+0.00,0.00,SLOW,4405.50,4406.54,4403.14,4406.23,0.00,0.00,0.0,BEARISH,340.0,4406.19,4406.19,4406.19,4406.19,59,CLEARED_>=20s,1.0,0.0,0.0,0.0,0.0,0.0,0.0,PASS_<20%,0.00,0.0,NO,STANDBY_VEL_LOW,1,1321.86,3268.14,132.45,FALSE,M1_DIRECTION_MISMATCH
2026-09-07 19:35:09.437,1788809709.437,6253,1,1,4406.19,4406.27,8.0,PASS_<=10c,+0.0,FLAT,+0.0,+0.0,1.3,+0.00,0.00,SLOW,4406.19,4406.19,4406.19,4406.19,0.00,0.00,0.0,BEARISH,0.0,4406.19,4406.19,4406.19,4406.19,9,ACTIVE_9s,1.0,0.0,0.0,0.0,0.0,0.0,0.0,PASS_<20%,0.00,0.0,NO,STANDBY_VEL_LOW,1,1321.86,3268.14,132.45,FALSE,M1_DIRECTION_MISMATCH|OPENING_SHIELD_ACTIVE_9s
2026-09-07 19:35:10.843,1788809710.843,6254,2,2,4406.19,4406.27,8.0,PASS_<=10c,+0.0,FLAT,+0.0,+0.0,2.1,+0.00,0.00,SLOW,4406.19,4406.19,4406.19,4406.19,0.00,0.00,0.0,BEARISH,0.0,4406.19,4406.19,4406.19,4406.19,10,ACTIVE_10s,1.0,0.0,0.0,0.0,0.0,0.0,0.0,PASS_<20%,0.00,0.0,NO,STANDBY_VEL_LOW,1,1321.86,3268.14,132.45,FALSE,M1_DIRECTION_MISMATCH|OPENING_SHIELD_ACTIVE_10s
2026-09-07 19:35:11.346,1788809711.346,6255,3,3,4406.19,4406.27,8.0,PASS_<=10c,+0.0,FLAT,+0.0,+0.0,2.6,+0.00,0.00,SLOW,4406.19,4406.19,4406.19,4406.19,0.00,0.00,0.0,BEARISH,0.0,4406.19,4406.19,4406.19,4406.19,11,ACTIVE_11s,1.0,0.0,0.0,0.0,0.0,0.0,0.0,PASS_<20%,0.00,0.0,NO,STANDBY_VEL_LOW,1,1321.86,3268.14,132.45,FALSE,M1_DIRECTION_MISMATCH|OPENING_SHIELD_ACTIVE_11s
2026-09-07 19:35:11.846,1788809711.847,6256,4,4,4406.19,4406.27,8.0,PASS_<=10c,+0.0,FLAT,+0.0,+0.0,2.9,+0.00,0.00,SLOW,4406.19,4406.19,4406.19,4406.19,0.00,0.00,0.0,BEARISH,0.0,4406.19,4406.19,4406.19,4406.19,11,ACTIVE_11s,1.0,0.0,0.0,0.0,0.0,0.0,0.0,PASS_<20%,0.00,0.0,NO,STANDBY_VEL_LOW,1,1321.86,3268.14,132.45,FALSE,M1_DIRECTION_MISMATCH|OPENING_SHIELD_ACTIVE_11s
2026-09-07 19:35:12.347,1788809712.348,6257,5,5,4406.19,4406.27,8.0,PASS_<=10c,+0.0,FLAT,+0.0,+0.0,3.1,+0.00,0.00,SLOW,4406.19,4406.19,4406.19,4406.19,0.00,0.00,0.0,BEARISH,0.0,4406.19,4406.19,4406.19,4406.19,12,ACTIVE_12s,1.0,0.0,0.0,0.0,0.0,0.0,0.0,PASS_<20%,0.00,0.0,NO,STANDBY_VEL_LOW,1,1321.86,3268.14,132.45,FALSE,M1_DIRECTION_MISMATCH|OPENING_SHIELD_ACTIVE_12s
2026-09-07 19:35:12.849,1788809712.850,6258,6,6,4406.19,4406.27,8.0,PASS_<=10c,+0.0,FLAT,+0.0,+0.0,3.2,+0.00,0.00,SLOW,4406.19,4406.19,4406.19,4406.19,0.00,0.00,0.0,BEARISH,0.0,4406.19,4406.19,4406.19,4406.19,12,ACTIVE_12s,1.0,0.0,0.0,0.0,0.0,0.0,0.0,PASS_<20%,0.00,0.0,NO,STANDBY_VEL_LOW,1,1321.86,3268.14,132.45,FALSE,M1_DIRECTION_MISMATCH|OPENING_SHIELD_ACTIVE_12s
2026-09-07 19:35:13.352,1788809713.352,6259,7,7,4406.19,4406.27,8.0,PASS_<=10c,+0.0,FLAT,+0.0,+0.0,3.3,+0.00,0.00,SLOW,4406.19,4406.19,4406.19,4406.19,0.00,0.00,0.0,BEARISH,0.0,4406.19,4406.19,4406.19,4406.19,13,ACTIVE_13s,1.0,0.0,0.0,0.0,0.0,0.0,0.0,PASS_<20%,0.00,0.0,NO,STANDBY_VEL_LOW,1,1321.86,3268.14,132.45,FALSE,M1_DIRECTION_MISMATCH|OPENING_SHIELD_ACTIVE_13s
2026-09-07 19:35:13.853,1788809713.854,6260,8,8,4406.19,4406.27,8.0,PASS_<=10c,+0.0,FLAT,+0.0,+0.0,3.4,+0.00,0.00,SLOW,4406.19,4406.19,4406.19,4406.19,0.00,0.00,0.0,BEARISH,0.0,4406.19,4406.19,4406.19,4406.19,13,ACTIVE_13s,1.0,0.0,0.0,0.0,0.0,0.0,0.0,PASS_<20%,0.00,0.0,NO,STANDBY_VEL_LOW,1,1321.86,3268.14,132.45,FALSE,M1_DIRECTION_MISMATCH|OPENING_SHIELD_ACTIVE_13s
2026-09-07 19:35:14.354,1788809714.354,6261,9,9,4406.19,4406.27,8.0,PASS_<=10c,+0.0,FLAT,+0.0,+0.0,3.5,+0.00,0.00,SLOW,4406.19,4406.19,4406.19,4406.19,0.00,0.00,0.0,BEARISH,0.0,4406.19,4406.19,4406.19,4406.19,14,ACTIVE_14s,1.0,0.0,0.0,0.0,0.0,0.0,0.0,PASS_<20%,0.00,0.0,NO,STANDBY_VEL_LOW,1,1321.86,3268.14,132.45,FALSE,M1_DIRECTION_MISMATCH|OPENING_SHIELD_ACTIVE_14s
2026-09-07 19:35:14.856,1788809714.856,6262,10,10,4406.19,4406.27,8.0,PASS_<=10c,+0.0,FLAT,+0.0,+0.0,4.4,+0.00,0.00,SLOW,4406.19,4406.19,4406.19,4406.19,0.00,0.00,0.0,BEARISH,0.0,4406.19,4406.19,4406.19,4406.19,14,ACTIVE_14s,1.0,0.0,0.0,0.0,0.0,0.0,0.0,PASS_<20%,0.00,0.0,NO,STANDBY_VEL_LOW,1,1321.86,3268.14,132.45,FALSE,M1_DIRECTION_MISMATCH|OPENING_SHIELD_ACTIVE_14s
2026-09-07 19:35:15.356,1788809715.357,6263,11,11,4406.19,4406.27,8.0,PASS_<=10c,+0.0,FLAT,+0.0,+0.0,4.3,+0.00,0.00,SLOW,4406.19,4406.19,4406.19,4406.19,0.00,0.00,0.0,BEARISH,0.0,4406.19,4406.19,4406.19,4406.19,15,ACTIVE_15s,1.0,0.0,0.0,0.0,0.0,0.0,0.0,PASS_<20%,0.00,0.0,NO,STANDBY_VEL_LOW,1,1321.86,3268.14,132.45,FALSE,M1_DIRECTION_MISMATCH|OPENING_SHIELD_ACTIVE_15s
2026-09-07 19:35:15.858,1788809715.859,6264,12,12,4406.19,4406.27,8.0,PASS_<=10c,+0.0,FLAT,+0.0,+0.0,4.2,+0.00,0.00,SLOW,4406.19,4406.19,4406.19,4406.19,0.00,0.00,0.0,BEARISH,0.0,4406.19,4406.19,4406.19,4406.19,15,ACTIVE_15s,1.0,0.0,0.0,0.0,0.0,0.0,0.0,PASS_<20%,0.00,0.0,NO,STANDBY_VEL_LOW,1,1321.86,3268.14,132.45,FALSE,M1_DIRECTION_MISMATCH|OPENING_SHIELD_ACTIVE_15s
2026-09-07 19:35:16.366,1788809716.367,6265,13,13,4406.19,4406.27,8.0,PASS_<=10c,+0.0,FLAT,+0.0,+69.0,4.2,+0.00,0.00,SLOW,4405.50,4406.54,4403.14,4406.23,0.00,0.00,0.0,BEARISH,340.0,4406.19,4406.19,4406.19,4406.19,16,ACTIVE_16s,1.0,0.0,0.0,0.0,0.0,0.0,0.0,PASS_<20%,0.00,0.0,NO,STANDBY_VEL_LOW,1,1321.86,3268.14,132.45,FALSE,M1_DIRECTION_MISMATCH|OPENING_SHIELD_ACTIVE_16s
2026-09-07 19:35:16.887,1788809716.888,6266,14,14,4406.19,4406.27,8.0,PASS_<=10c,+0.0,FLAT,+0.0,+69.0,4.2,+0.00,0.00,SLOW,4405.50,4406.54,4403.14,4406.23,0.00,0.00,0.0,BEARISH,340.0,4406.19,4406.19,4406.19,4406.19,16,ACTIVE_16s,1.0,0.0,0.0,0.0,0.0,0.0,0.0,PASS_<20%,0.00,0.0,NO,STANDBY_VEL_LOW,1,1321.86,3268.14,132.45,FALSE,M1_DIRECTION_MISMATCH|OPENING_SHIELD_ACTIVE_16s
2026-09-07 19:35:17.389,1788809717.390,6267,15,15,4406.19,4406.27,8.0,PASS_<=10c,+0.0,FLAT,+0.0,+69.0,4.2,+0.00,0.00,SLOW,4405.50,4406.54,4403.14,4406.23,0.00,0.00,0.0,BEARISH,340.0,4406.19,4406.19,4406.19,4406.19,17,ACTIVE_17s,1.0,0.0,0.0,0.0,0.0,0.0,0.0,PASS_<20%,0.00,0.0,NO,STANDBY_VEL_LOW,1,1321.86,3268.14,132.45,FALSE,M1_DIRECTION_MISMATCH|OPENING_SHIELD_ACTIVE_17s
2026-09-07 19:35:17.891,1788809717.891,6268,16,16,4406.19,4406.27,8.0,PASS_<=10c,+0.0,FLAT,+0.0,+69.0,4.2,+0.00,0.00,SLOW,4405.50,4406.54,4403.14,4406.23,0.00,0.00,0.0,BEARISH,340.0,4406.19,4406.19,4406.19,4406.19,17,ACTIVE_17s,1.0,0.0,0.0,0.0,0.0,0.0,0.0,PASS_<20%,0.00,0.0,NO,STANDBY_VEL_LOW,1,1321.86,3268.14,132.45,FALSE,M1_DIRECTION_MISMATCH|OPENING_SHIELD_ACTIVE_17s
2026-09-07 19:35:18.393,1788809718.394,6269,17,17,4406.19,4406.27,8.0,PASS_<=10c,+0.0,FLAT,+0.0,+69.0,4.2,+0.00,0.00,SLOW,4405.50,4406.54,4403.14,4406.23,0.00,0.00,0.0,BEARISH,340.0,4406.19,4406.19,4406.19,4406.19,18,ACTIVE_18s,1.0,0.0,0.0,0.0,0.0,0.0,0.0,PASS_<20%,0.00,0.0,NO,STANDBY_VEL_LOW,1,1321.86,3268.14,132.45,FALSE,M1_DIRECTION_MISMATCH|OPENING_SHIELD_ACTIVE_18s
2026-09-07 19:35:23.908,1788809723.908,6270,18,18,4406.19,4406.27,8.0,PASS_<=10c,+0.0,FLAT,+0.0,+69.0,1.6,+0.00,0.00,SLOW,4405.50,4406.54,4403.14,4406.23,0.00,0.00,0.0,BEARISH,340.0,4406.19,4406.19,4406.19,4406.19,23,CLEARED_>=20s,1.0,0.0,0.0,0.0,0.0,0.0,0.0,PASS_<20%,0.00,0.0,NO,STANDBY_VEL_LOW,1,1321.86,3268.14,132.45,FALSE,M1_DIRECTION_MISMATCH
2026-09-07 19:35:34.141,1788809734.141,6271,19,19,4406.19,4406.27,8.0,PASS_<=10c,+0.0,FLAT,+0.0,+69.0,1.3,+0.00,0.00,SLOW,4405.50,4406.54,4403.14,4406.23,0.00,0.00,0.0,BEARISH,340.0,4406.19,4406.19,4406.19,4406.19,34,CLEARED_>=20s,1.0,0.0,0.0,0.0,0.0,0.0,0.0,PASS_<20%,0.00,0.0,NO,STANDBY_VEL_LOW,1,1321.86,3268.14,132.45,FALSE,M1_DIRECTION_MISMATCH
2026-09-07 19:35:35.347,1788809735.348,6272,20,20,4406.19,4406.27,8.0,PASS_<=10c,+0.0,FLAT,+0.0,+69.0,2.5,+0.00,0.00,SLOW,4405.50,4406.54,4403.14,4406.23,0.00,0.00,0.0,BEARISH,340.0,4406.19,4406.19,4406.19,4406.19,35,CLEARED_>=20s,1.0,0.0,0.0,0.0,0.0,0.0,0.0,PASS_<20%,0.00,0.0,NO,STANDBY_VEL_LOW,1,1321.86,3268.14,132.45,FALSE,M1_DIRECTION_MISMATCH
2026-09-07 19:35:35.849,1788809735.850,6273,21,21,4406.19,4406.27,8.0,PASS_<=10c,+0.0,FLAT,+0.0,+69.0,2.9,+0.00,0.00,SLOW,4405.50,4406.54,4403.14,4406.23,0.00,0.00,0.0,BEARISH,340.0,4406.19,4406.19,4406.19,4406.19,35,CLEARED_>=20s,1.0,0.0,0.0,0.0,0.0,0.0,0.0,PASS_<20%,0.00,0.0,NO,STANDBY_VEL_LOW,1,1321.86,3268.14,132.45,FALSE,M1_DIRECTION_MISMATCH
2026-09-07 19:35:36.350,1788809736.350,6274,22,22,4406.19,4406.27,8.0,PASS_<=10c,+0.0,FLAT,+0.0,+69.0,3.2,+0.00,0.00,SLOW,4405.50,4406.54,4403.14,4406.23,0.00,0.00,0.0,BEARISH,340.0,4406.19,4406.19,4406.19,4406.19,36,CLEARED_>=20s,1.0,0.0,0.0,0.0,0.0,0.0,0.0,PASS_<20%,0.00,0.0,NO,STANDBY_VEL_LOW,1,1321.86,3268.14,132.45,FALSE,M1_DIRECTION_MISMATCH
2026-09-07 19:35:36.852,1788809736.853,6275,23,23,4406.19,4406.27,8.0,PASS_<=10c,+0.0,FLAT,+0.0,+69.0,3.3,+0.00,0.00,SLOW,4405.50,4406.54,4403.14,4406.23,0.00,0.00,0.0,BEARISH,340.0,4406.19,4406.19,4406.19,4406.19,36,CLEARED_>=20s,1.0,0.0,0.0,0.0,0.0,0.0,0.0,PASS_<20%,0.00,0.0,NO,STANDBY_VEL_LOW,1,1321.86,3268.14,132.45,FALSE,M1_DIRECTION_MISMATCH
2026-09-07 19:35:37.354,1788809737.354,6276,24,24,4406.19,4406.27,8.0,PASS_<=10c,+0.0,FLAT,+0.0,+69.0,3.4,+0.00,0.00,SLOW,4405.50,4406.54,4403.14,4406.23,0.00,0.00,0.0,BEARISH,340.0,4406.19,4406.19,4406.19,4406.19,37,CLEARED_>=20s,1.0,0.0,0.0,0.0,0.0,0.0,0.0,PASS_<20%,0.00,0.0,NO,STANDBY_VEL_LOW,1,1321.86,3268.14,132.45,FALSE,M1_DIRECTION_MISMATCH
2026-09-07 19:35:37.856,1788809737.856,6277,25,25,4406.19,4406.27,8.0,PASS_<=10c,+0.0,FLAT,+0.0,+69.0,3.5,+0.00,0.00,SLOW,4405.50,4406.54,4403.14,4406.23,0.00,0.00,0.0,BEARISH,340.0,4406.19,4406.19,4406.19,4406.19,37,CLEARED_>=20s,1.0,0.0,0.0,0.0,0.0,0.0,0.0,PASS_<20%,0.00,0.0,NO,STANDBY_VEL_LOW,1,1321.86,3268.14,132.45,FALSE,M1_DIRECTION_MISMATCH
2026-09-07 19:35:38.358,1788809738.359,6278,26,26,4406.19,4406.27,8.0,PASS_<=10c,+0.0,FLAT,+0.0,+69.0,3.6,+0.00,0.00,SLOW,4405.50,4406.54,4403.14,4406.23,0.00,0.00,0.0,BEARISH,340.0,4406.19,4406.19,4406.19,4406.19,38,CLEARED_>=20s,1.0,0.0,0.0,0.0,0.0,0.0,0.0,PASS_<20%,0.00,0.0,NO,STANDBY_VEL_LOW,1,1321.86,3268.14,132.45,FALSE,M1_DIRECTION_MISMATCH
2026-09-07 19:35:38.860,1788809738.860,6279,27,27,4406.19,4406.27,8.0,PASS_<=10c,+0.0,FLAT,+0.0,+69.0,3.6,+0.00,0.00,SLOW,4405.50,4406.54,4403.14,4406.23,0.00,0.00,0.0,BEARISH,340.0,4406.19,4406.19,4406.19,4406.19,38,CLEARED_>=20s,1.0,0.0,0.0,0.0,0.0,0.0,0.0,PASS_<20%,0.00,0.0,NO,STANDBY_VEL_LOW,1,1321.86,3268.14,132.45,FALSE,M1_DIRECTION_MISMATCH
2026-09-07 19:35:39.361,1788809739.361,6280,28,28,4406.19,4406.27,8.0,PASS_<=10c,+0.0,FLAT,+0.0,+69.0,4.4,+0.00,0.00,SLOW,4405.50,4406.54,4403.14,4406.23,0.00,0.00,0.0,BEARISH,340.0,4406.19,4406.19,4406.19,4406.19,39,CLEARED_>=20s,1.0,0.0,0.0,0.0,0.0,0.0,0.0,PASS_<20%,0.00,0.0,NO,STANDBY_VEL_LOW,1,1321.86,3268.14,132.45,FALSE,M1_DIRECTION_MISMATCH
2026-09-07 19:35:39.863,1788809739.863,6281,29,29,4406.19,4406.27,8.0,PASS_<=10c,+0.0,FLAT,+0.0,+69.0,4.3,+0.00,0.00,SLOW,4405.50,4406.54,4403.14,4406.23,0.00,0.00,0.0,BEARISH,340.0,4406.19,4406.19,4406.19,4406.19,39,CLEARED_>=20s,1.0,0.0,0.0,0.0,0.0,0.0,0.0,PASS_<20%,0.00,0.0,NO,STANDBY_VEL_LOW,1,1321.86,3268.14,132.45,FALSE,M1_DIRECTION_MISMATCH
2026-09-07 19:35:40.365,1788809740.366,6282,30,30,4406.19,4406.27,8.0,PASS_<=10c,+0.0,FLAT,+0.0,+69.0,4.2,+0.00,0.00,SLOW,4405.50,4406.54,4403.14,4406.23,0.00,0.00,0.0,BEARISH,340.0,4406.19,4406.19,4406.19,4406.19,40,CLEARED_>=20s,1.0,0.0,0.0,0.0,0.0,0.0,0.0,PASS_<20%,0.00,0.0,NO,STANDBY_VEL_LOW,1,1321.86,3268.14,132.45,FALSE,M1_DIRECTION_MISMATCH
2026-09-07 19:35:40.867,1788809740.867,6283,31,31,4406.19,4406.27,8.0,PASS_<=10c,+0.0,FLAT,+0.0,+69.0,4.2,+0.00,0.00,SLOW,4405.50,4406.54,4403.14,4406.23,0.00,0.00,0.0,BEARISH,340.0,4406.19,4406.19,4406.19,4406.19,40,CLEARED_>=20s,1.0,0.0,0.0,0.0,0.0,0.0,0.0,PASS_<20%,0.00,0.0,NO,STANDBY_VEL_LOW,1,1321.86,3268.14,132.45,FALSE,M1_DIRECTION_MISMATCH
2026-09-07 19:35:41.369,1788809741.370,6284,32,32,4406.19,4406.27,8.0,PASS_<=10c,+0.0,FLAT,+0.0,+69.0,4.2,+0.00,0.00,SLOW,4405.50,4406.54,4403.14,4406.23,0.00,0.00,0.0,BEARISH,340.0,4406.19,4406.19,4406.19,4406.19,41,CLEARED_>=20s,1.0,0.0,0.0,0.0,0.0,0.0,0.0,PASS_<20%,0.00,0.0,NO,STANDBY_VEL_LOW,1,1321.86,3268.14,132.45,FALSE,M1_DIRECTION_MISMATCH
2026-09-07 19:35:41.872,1788809741.872,6285,33,33,4406.19,4406.27,8.0,PASS_<=10c,+0.0,FLAT,+0.0,+69.0,4.2,+0.00,0.00,SLOW,4405.50,4406.54,4403.14,4406.23,0.00,0.00,0.0,BEARISH,340.0,4406.19,4406.19,4406.19,4406.19,41,CLEARED_>=20s,1.0,0.0,0.0,0.0,0.0,0.0,0.0,PASS_<20%,0.00,0.0,NO,STANDBY_VEL_LOW,1,1321.86,3268.14,132.45,FALSE,M1_DIRECTION_MISMATCH
2026-09-07 19:35:42.372,1788809742.373,6286,34,34,4406.19,4406.27,8.0,PASS_<=10c,+0.0,FLAT,+0.0,+69.0,4.2,+0.00,0.00,SLOW,4405.50,4406.54,4403.14,4406.23,0.00,0.00,0.0,BEARISH,340.0,4406.19,4406.19,4406.19,4406.19,42,CLEARED_>=20s,1.0,0.0,0.0,0.0,0.0,0.0,0.0,PASS_<20%,0.00,0.0,NO,STANDBY_VEL_LOW,1,1321.86,3268.14,132.45,FALSE,M1_DIRECTION_MISMATCH
2026-09-07 19:35:42.874,1788809742.875,6287,35,35,4406.19,4406.27,8.0,PASS_<=10c,+0.0,FLAT,+0.0,+69.0,4.2,+0.00,0.00,SLOW,4405.50,4406.54,4403.14,4406.23,0.00,0.00,0.0,BEARISH,340.0,4406.19,4406.19,4406.19,4406.19,42,CLEARED_>=20s,1.0,0.0,0.0,0.0,0.0,0.0,0.0,PASS_<20%,0.00,0.0,NO,STANDBY_VEL_LOW,1,1321.86,3268.14,132.45,FALSE,M1_DIRECTION_MISMATCH
2026-09-07 19:35:48.389,1788809748.389,6288,36,36,4406.19,4406.27,8.0,PASS_<=10c,+0.0,FLAT,+0.0,+69.0,1.6,+0.00,0.00,SLOW,4405.50,4406.54,4403.14,4406.23,0.00,0.00,0.0,BEARISH,340.0,4406.19,4406.19,4406.19,4406.19,48,CLEARED_>=20s,1.0,0.0,0.0,0.0,0.0,0.0,0.0,PASS_<20%,0.00,0.0,NO,STANDBY_VEL_LOW,1,1321.86,3268.14,132.45,FALSE,M1_DIRECTION_MISMATCH
2026-09-07 19:35:58.621,1788809758.621,6289,37,37,4406.19,4406.27,8.0,PASS_<=10c,+0.0,FLAT,+0.0,+69.0,1.3,+0.00,0.00,SLOW,4405.50,4406.54,4403.14,4406.23,0.00,0.00,0.0,BEARISH,340.0,4406.19,4406.19,4406.19,4406.19,58,CLEARED_>=20s,1.0,0.0,0.0,0.0,0.0,0.0,0.0,PASS_<20%,0.00,0.0,NO,STANDBY_VEL_LOW,1,1321.86,3268.14,132.45,FALSE,M1_DIRECTION_MISMATCH
2026-09-07 19:36:01.031,1788809761.031,6290,1,38,4406.19,4406.27,8.0,PASS_<=10c,+0.0,FLAT,+0.0,+69.0,1.3,+0.00,0.00,SLOW,4405.50,4406.54,4403.14,4406.23,0.00,0.00,0.0,BEARISH,340.0,4406.19,4406.19,4406.19,4406.19,1,ACTIVE_1s,1.0,0.0,0.0,0.0,0.0,0.0,0.0,PASS_<20%,0.00,0.0,NO,STANDBY_VEL_LOW,1,1321.86,3268.14,132.45,FALSE,M1_DIRECTION_MISMATCH|OPENING_SHIELD_ACTIVE_1s
2026-09-07 19:36:01.532,1788809761.533,6291,2,39,4406.19,4406.27,8.0,PASS_<=10c,+0.0,FLAT,+0.0,+69.0,1.7,+0.00,0.00,SLOW,4405.50,4406.54,4403.14,4406.23,0.00,0.00,0.0,BEARISH,340.0,4406.19,4406.19,4406.19,4406.19,1,ACTIVE_1s,1.0,0.0,0.0,0.0,0.0,0.0,0.0,PASS_<20%,0.00,0.0,NO,STANDBY_VEL_LOW,1,1321.86,3268.14,132.45,FALSE,M1_DIRECTION_MISMATCH|OPENING_SHIELD_ACTIVE_1s
2026-09-07 19:36:02.035,1788809762.035,6292,3,40,4406.19,4406.27,8.0,PASS_<=10c,+0.0,FLAT,+0.0,+69.0,2.1,+0.00,0.00,SLOW,4405.50,4406.54,4403.14,4406.23,0.00,0.00,0.0,BEARISH,340.0,4406.19,4406.19,4406.19,4406.19,2,ACTIVE_2s,1.0,0.0,0.0,0.0,0.0,0.0,0.0,PASS_<20%,0.00,0.0,NO,STANDBY_VEL_LOW,1,1321.86,3268.14,132.45,FALSE,M1_DIRECTION_MISMATCH|OPENING_SHIELD_ACTIVE_2s
2026-09-07 19:36:02.536,1788809762.536,6293,4,41,4406.19,4406.27,8.0,PASS_<=10c,+0.0,FLAT,+0.0,+69.0,2.3,+0.00,0.00,SLOW,4405.50,4406.54,4403.14,4406.23,0.00,0.00,0.0,BEARISH,340.0,4406.19,4406.19,4406.19,4406.19,2,ACTIVE_2s,1.0,0.0,0.0,0.0,0.0,0.0,0.0,PASS_<20%,0.00,0.0,NO,STANDBY_VEL_LOW,1,1321.86,3268.14,132.45,FALSE,M1_DIRECTION_MISMATCH|OPENING_SHIELD_ACTIVE_2s
2026-09-07 19:36:03.037,1788809763.038,6294,5,42,4406.19,4406.27,8.0,PASS_<=10c,+0.0,FLAT,+0.0,+69.0,2.5,+0.00,0.00,SLOW,4405.50,4406.54,4403.14,4406.23,0.00,0.00,0.0,BEARISH,340.0,4406.19,4406.19,4406.19,4406.19,3,ACTIVE_3s,1.0,0.0,0.0,0.0,0.0,0.0,0.0,PASS_<20%,0.00,0.0,NO,STANDBY_VEL_LOW,1,1321.86,3268.14,132.45,FALSE,M1_DIRECTION_MISMATCH|OPENING_SHIELD_ACTIVE_3s
2026-09-07 19:36:03.539,1788809763.540,6295,6,43,4406.19,4406.27,8.0,PASS_<=10c,+0.0,FLAT,+0.0,+69.0,2.6,+0.00,0.00,SLOW,4405.50,4406.54,4403.14,4406.23,0.00,0.00,0.0,BEARISH,340.0,4406.19,4406.19,4406.19,4406.19,3,ACTIVE_3s,1.0,0.0,0.0,0.0,0.0,0.0,0.0,PASS_<20%,0.00,0.0,NO,STANDBY_VEL_LOW,1,1321.86,3268.14,132.45,FALSE,M1_DIRECTION_MISMATCH|OPENING_SHIELD_ACTIVE_3s
2026-09-07 19:36:04.041,1788809764.042,6296,7,44,4406.19,4406.27,8.0,PASS_<=10c,+0.0,FLAT,+0.0,+69.0,4.5,+0.00,0.00,SLOW,4405.50,4406.54,4403.14,4406.23,0.00,0.00,0.0,BEARISH,340.0,4406.19,4406.19,4406.19,4406.19,4,ACTIVE_4s,1.0,0.0,0.0,0.0,0.0,0.0,0.0,PASS_<20%,0.00,0.0,NO,STANDBY_VEL_LOW,1,1321.86,3268.14,132.45,FALSE,M1_DIRECTION_MISMATCH|OPENING_SHIELD_ACTIVE_4s
2026-09-07 19:36:04.543,1788809764.543,6297,8,45,4406.19,4406.27,8.0,PASS_<=10c,+0.0,FLAT,+0.0,+69.0,4.4,+0.00,0.00,SLOW,4405.50,4406.54,4403.14,4406.23,0.00,0.00,0.0,BEARISH,340.0,4406.19,4406.19,4406.19,4406.19,4,ACTIVE_4s,1.0,0.0,0.0,0.0,0.0,0.0,0.0,PASS_<20%,0.00,0.0,NO,STANDBY_VEL_LOW,1,1321.86,3268.14,132.45,FALSE,M1_DIRECTION_MISMATCH|OPENING_SHIELD_ACTIVE_4s
2026-09-07 19:36:05.045,1788809765.046,6298,9,46,4406.19,4406.27,8.0,PASS_<=10c,+0.0,FLAT,+0.0,+69.0,4.4,+0.00,0.00,SLOW,4405.50,4406.54,4403.14,4406.23,0.00,0.00,0.0,BEARISH,340.0,4406.19,4406.19,4406.19,4406.19,5,ACTIVE_5s,1.0,0.0,0.0,0.0,0.0,0.0,0.0,PASS_<20%,0.00,0.0,NO,STANDBY_VEL_LOW,1,1321.86,3268.14,132.45,FALSE,M1_DIRECTION_MISMATCH|OPENING_SHIELD_ACTIVE_5s
2026-09-07 19:36:05.546,1788809765.547,6299,10,47,4406.19,4406.27,8.0,PASS_<=10c,+0.0,FLAT,+0.0,+69.0,4.3,+0.00,0.00,SLOW,4405.50,4406.54,4403.14,4406.23,0.00,0.00,0.0,BEARISH,340.0,4406.19,4406.19,4406.19,4406.19,5,ACTIVE_5s,1.0,0.0,0.0,0.0,0.0,0.0,0.0,PASS_<20%,0.00,0.0,NO,STANDBY_VEL_LOW,1,1321.86,3268.14,132.45,FALSE,M1_DIRECTION_MISMATCH|OPENING_SHIELD_ACTIVE_5s
2026-09-07 19:36:06.052,1788809766.052,6300,11,48,4406.19,4406.27,8.0,PASS_<=10c,+0.0,FLAT,+0.0,+69.0,4.2,+0.00,0.00,SLOW,4405.50,4406.54,4403.14,4406.23,0.00,0.00,0.0,BEARISH,340.0,4406.19,4406.19,4406.19,4406.19,6,ACTIVE_6s,1.0,0.0,0.0,0.0,0.0,0.0,0.0,PASS_<20%,0.00,0.0,NO,STANDBY_VEL_LOW,1,1321.86,3268.14,132.45,FALSE,M1_DIRECTION_MISMATCH|OPENING_SHIELD_ACTIVE_6s
2026-09-07 19:36:06.550,1788809766.551,6301,12,49,4406.19,4406.27,8.0,PASS_<=10c,+0.0,FLAT,+0.0,+69.0,4.2,+0.00,0.00,SLOW,4405.50,4406.54,4403.14,4406.23,0.00,0.00,0.0,BEARISH,340.0,4406.19,4406.19,4406.19,4406.19,6,ACTIVE_6s,1.0,0.0,0.0,0.0,0.0,0.0,0.0,PASS_<20%,0.00,0.0,NO,STANDBY_VEL_LOW,1,1321.86,3268.14,132.45,FALSE,M1_DIRECTION_MISMATCH|OPENING_SHIELD_ACTIVE_6s
2026-09-07 19:36:07.050,1788809767.051,6302,13,50,4406.19,4406.27,8.0,PASS_<=10c,+0.0,FLAT,+0.0,+69.0,4.2,+0.00,0.00,SLOW,4405.50,4406.54,4403.14,4406.23,0.00,0.00,0.0,BEARISH,340.0,4406.19,4406.19,4406.19,4406.19,7,ACTIVE_7s,1.0,0.0,0.0,0.0,0.0,0.0,0.0,PASS_<20%,0.00,0.0,NO,STANDBY_VEL_LOW,1,1321.86,3268.14,132.45,FALSE,M1_DIRECTION_MISMATCH|OPENING_SHIELD_ACTIVE_7s
2026-09-07 19:36:07.552,1788809767.552,6303,14,51,4406.19,4406.27,8.0,PASS_<=10c,+0.0,FLAT,+0.0,+69.0,4.2,+0.00,0.00,SLOW,4405.50,4406.54,4403.14,4406.23,0.00,0.00,0.0,BEARISH,340.0,4406.19,4406.19,4406.19,4406.19,7,ACTIVE_7s,1.0,0.0,0.0,0.0,0.0,0.0,0.0,PASS_<20%,0.00,0.0,NO,STANDBY_VEL_LOW,1,1321.86,3268.14,132.45,FALSE,M1_DIRECTION_MISMATCH|OPENING_SHIELD_ACTIVE_7s
2026-09-07 19:36:08.053,1788809768.054,6304,15,52,4406.19,4406.27,8.0,PASS_<=10c,+0.0,FLAT,+0.0,+69.0,4.2,+0.00,0.00,SLOW,4405.50,4406.54,4403.14,4406.23,0.00,0.00,0.0,BEARISH,340.0,4406.19,4406.19,4406.19,4406.19,8,ACTIVE_8s,1.0,0.0,0.0,0.0,0.0,0.0,0.0,PASS_<20%,0.00,0.0,NO,STANDBY_VEL_LOW,1,1321.86,3268.14,132.45,FALSE,M1_DIRECTION_MISMATCH|OPENING_SHIELD_ACTIVE_8s
2026-09-07 19:36:08.554,1788809768.554,6305,16,53,4406.19,4406.27,8.0,PASS_<=10c,+0.0,FLAT,+0.0,+69.0,4.2,+0.00,0.00,SLOW,4405.50,4406.54,4403.14,4406.23,0.00,0.00,0.0,BEARISH,340.0,4406.19,4406.19,4406.19,4406.19,8,ACTIVE_8s,1.0,0.0,0.0,0.0,0.0,0.0,0.0,PASS_<20%,0.00,0.0,NO,STANDBY_VEL_LOW,1,1321.86,3268.14,132.45,FALSE,M1_DIRECTION_MISMATCH|OPENING_SHIELD_ACTIVE_8s
2026-09-07 19:36:14.068,1788809774.068,6306,17,54,4406.19,4406.27,8.0,PASS_<=10c,+0.0,FLAT,+0.0,+69.0,1.5,+0.00,0.00,SLOW,4405.50,4406.54,4403.14,4406.23,0.00,0.00,0.0,BEARISH,340.0,4406.19,4406.19,4406.19,4406.19,14,ACTIVE_14s,1.0,0.0,0.0,0.0,0.0,0.0,0.0,PASS_<20%,0.00,0.0,NO,STANDBY_VEL_LOW,1,1321.86,3268.14,132.45,FALSE,M1_DIRECTION_MISMATCH|OPENING_SHIELD_ACTIVE_14s
2026-09-07 19:36:24.312,1788809784.312,6307,18,55,4406.19,4406.27,8.0,PASS_<=10c,+0.0,FLAT,+0.0,+69.0,1.3,+0.00,0.00,SLOW,4405.50,4406.54,4403.14,4406.23,0.00,0.00,0.0,BEARISH,340.0,4406.19,4406.19,4406.19,4406.19,24,CLEARED_>=20s,1.0,0.0,0.0,0.0,0.0,0.0,0.0,PASS_<20%,0.00,0.0,NO,STANDBY_VEL_LOW,1,1321.86,3268.14,132.45,FALSE,M1_DIRECTION_MISMATCH
2026-09-07 19:36:27.725,1788809787.726,6308,19,56,4406.19,4406.27,8.0,PASS_<=10c,+0.0,FLAT,+0.0,+69.0,1.3,+0.00,0.00,SLOW,4405.50,4406.54,4403.14,4406.23,0.00,0.00,0.0,BEARISH,340.0,4406.19,4406.19,4406.19,4406.19,27,CLEARED_>=20s,1.0,0.0,0.0,0.0,0.0,0.0,0.0,PASS_<20%,0.00,0.0,NO,STANDBY_VEL_LOW,1,1321.86,3268.14,132.45,FALSE,M1_DIRECTION_MISMATCH
2026-09-07 19:36:28.226,1788809788.227,6309,20,57,4406.19,4406.27,8.0,PASS_<=10c,+0.0,FLAT,+0.0,+69.0,1.3,+0.00,0.00,SLOW,4405.50,4406.54,4403.14,4406.23,0.00,0.00,0.0,BEARISH,340.0,4406.19,4406.19,4406.19,4406.19,28,CLEARED_>=20s,1.0,0.0,0.0,0.0,0.0,0.0,0.0,PASS_<20%,0.00,0.0,NO,STANDBY_VEL_LOW,1,1321.86,3268.14,132.45,FALSE,M1_DIRECTION_MISMATCH
2026-09-07 19:36:28.730,1788809788.730,6310,21,58,4406.19,4406.27,8.0,PASS_<=10c,+0.0,FLAT,+0.0,+69.0,1.6,+0.00,0.00,SLOW,4405.50,4406.54,4403.14,4406.23,0.00,0.00,0.0,BEARISH,340.0,4406.19,4406.19,4406.19,4406.19,28,CLEARED_>=20s,1.0,0.0,0.0,0.0,0.0,0.0,0.0,PASS_<20%,0.00,0.0,NO,STANDBY_VEL_LOW,1,1321.86,3268.14,132.45,FALSE,M1_DIRECTION_MISMATCH
2026-09-07 19:36:29.230,1788809789.230,6311,22,59,4406.19,4406.27,8.0,PASS_<=10c,+0.0,FLAT,+0.0,+69.0,1.8,+0.00,0.00,SLOW,4405.50,4406.54,4403.14,4406.23,0.00,0.00,0.0,BEARISH,340.0,4406.19,4406.19,4406.19,4406.19,29,CLEARED_>=20s,1.0,0.0,0.0,0.0,0.0,0.0,0.0,PASS_<20%,0.00,0.0,NO,STANDBY_VEL_LOW,1,1321.86,3268.14,132.45,FALSE,M1_DIRECTION_MISMATCH
2026-09-07 19:36:29.731,1788809789.732,6312,23,60,4406.19,4406.27,8.0,PASS_<=10c,+0.0,FLAT,+0.0,+69.0,4.7,+0.00,0.00,SLOW,4405.50,4406.54,4403.14,4406.23,0.00,0.00,0.0,BEARISH,340.0,4406.19,4406.19,4406.19,4406.19,29,CLEARED_>=20s,1.0,0.0,0.0,0.0,0.0,0.0,0.0,PASS_<20%,0.00,0.0,NO,STANDBY_VEL_LOW,1,1321.86,3268.14,132.45,FALSE,M1_DIRECTION_MISMATCH
2026-09-07 19:36:30.233,1788809790.234,6313,24,61,4406.19,4406.27,8.0,PASS_<=10c,+0.0,FLAT,+0.0,+69.0,4.6,+0.00,0.00,SLOW,4405.50,4406.54,4403.14,4406.23,0.00,0.00,0.0,BEARISH,340.0,4406.19,4406.19,4406.19,4406.19,30,CLEARED_>=20s,1.0,0.0,0.0,0.0,0.0,0.0,0.0,PASS_<20%,0.00,0.0,NO,STANDBY_VEL_LOW,1,1321.86,3268.14,132.45,FALSE,M1_DIRECTION_MISMATCH
2026-09-07 19:36:30.734,1788809790.735,6314,25,62,4406.19,4406.27,8.0,PASS_<=10c,+0.0,FLAT,+0.0,+69.0,4.5,+0.00,0.00,SLOW,4405.50,4406.54,4403.14,4406.23,0.00,0.00,0.0,BEARISH,340.0,4406.19,4406.19,4406.19,4406.19,30,CLEARED_>=20s,1.0,0.0,0.0,0.0,0.0,0.0,0.0,PASS_<20%,0.00,0.0,NO,STANDBY_VEL_LOW,1,1321.86,3268.14,132.45,FALSE,M1_DIRECTION_MISMATCH
2026-09-07 19:36:31.235,1788809791.236,6315,26,63,4406.19,4406.27,8.0,PASS_<=10c,+0.0,FLAT,+0.0,+69.0,4.4,+0.00,0.00,SLOW,4405.50,4406.54,4403.14,4406.23,0.00,0.00,0.0,BEARISH,340.0,4406.19,4406.19,4406.19,4406.19,31,CLEARED_>=20s,1.0,0.0,0.0,0.0,0.0,0.0,0.0,PASS_<20%,0.00,0.0,NO,STANDBY_VEL_LOW,1,1321.86,3268.14,132.45,FALSE,M1_DIRECTION_MISMATCH
2026-09-07 19:36:31.736,1788809791.737,6316,27,64,4406.19,4406.27,8.0,PASS_<=10c,+0.0,FLAT,+0.0,+69.0,4.4,+0.00,0.00,SLOW,4405.50,4406.54,4403.14,4406.23,0.00,0.00,0.0,BEARISH,340.0,4406.19,4406.19,4406.19,4406.19,31,CLEARED_>=20s,1.0,0.0,0.0,0.0,0.0,0.0,0.0,PASS_<20%,0.00,0.0,NO,STANDBY_VEL_LOW,1,1321.86,3268.14,132.45,FALSE,M1_DIRECTION_MISMATCH
2026-09-07 19:36:32.238,1788809792.239,6317,28,65,4406.19,4406.27,8.0,PASS_<=10c,+0.0,FLAT,+0.0,+69.0,4.3,+0.00,0.00,SLOW,4405.50,4406.54,4403.14,4406.23,0.00,0.00,0.0,BEARISH,340.0,4406.19,4406.19,4406.19,4406.19,32,CLEARED_>=20s,1.0,0.0,0.0,0.0,0.0,0.0,0.0,PASS_<20%,0.00,0.0,NO,STANDBY_VEL_LOW,1,1321.86,3268.14,132.45,FALSE,M1_DIRECTION_MISMATCH
2026-09-07 19:36:32.740,1788809792.741,6318,29,66,4406.19,4406.27,8.0,PASS_<=10c,+0.0,FLAT,+0.0,+69.0,4.2,+0.00,0.00,SLOW,4405.50,4406.54,4403.14,4406.23,0.00,0.00,0.0,BEARISH,340.0,4406.19,4406.19,4406.19,4406.19,32,CLEARED_>=20s,1.0,0.0,0.0,0.0,0.0,0.0,0.0,PASS_<20%,0.00,0.0,NO,STANDBY_VEL_LOW,1,1321.86,3268.14,132.45,FALSE,M1_DIRECTION_MISMATCH
2026-09-07 19:36:33.242,1788809793.243,6319,30,67,4406.19,4406.27,8.0,PASS_<=10c,+0.0,FLAT,+0.0,+69.0,4.2,+0.00,0.00,SLOW,4405.50,4406.54,4403.14,4406.23,0.00,0.00,0.0,BEARISH,340.0,4406.19,4406.19,4406.19,4406.19,33,CLEARED_>=20s,1.0,0.0,0.0,0.0,0.0,0.0,0.0,PASS_<20%,0.00,0.0,NO,STANDBY_VEL_LOW,1,1321.86,3268.14,132.45,FALSE,M1_DIRECTION_MISMATCH
2026-09-07 19:36:33.746,1788809793.746,6320,31,68,4406.19,4406.27,8.0,PASS_<=10c,+0.0,FLAT,+0.0,+69.0,4.2,+0.00,0.00,SLOW,4405.50,4406.54,4403.14,4406.23,0.00,0.00,0.0,BEARISH,340.0,4406.19,4406.19,4406.19,4406.19,33,CLEARED_>=20s,1.0,0.0,0.0,0.0,0.0,0.0,0.0,PASS_<20%,0.00,0.0,NO,STANDBY_VEL_LOW,1,1321.86,3268.14,132.45,FALSE,M1_DIRECTION_MISMATCH
2026-09-07 19:36:34.247,1788809794.247,6321,32,69,4406.19,4406.27,8.0,PASS_<=10c,+0.0,FLAT,+0.0,+69.0,4.2,+0.00,0.00,SLOW,4405.50,4406.54,4403.14,4406.23,0.00,0.00,0.0,BEARISH,340.0,4406.19,4406.19,4406.19,4406.19,34,CLEARED_>=20s,1.0,0.0,0.0,0.0,0.0,0.0,0.0,PASS_<20%,0.00,0.0,NO,STANDBY_VEL_LOW,1,1321.86,3268.14,132.45,FALSE,M1_DIRECTION_MISMATCH
2026-09-07 19:36:34.748,1788809794.748,6322,33,70,4406.19,4406.27,8.0,PASS_<=10c,+0.0,FLAT,+0.0,+69.0,4.2,+0.00,0.00,SLOW,4405.50,4406.54,4403.14,4406.23,0.00,0.00,0.0,BEARISH,340.0,4406.19,4406.19,4406.19,4406.19,34,CLEARED_>=20s,1.0,0.0,0.0,0.0,0.0,0.0,0.0,PASS_<20%,0.00,0.0,NO,STANDBY_VEL_LOW,1,1321.86,3268.14,132.45,FALSE,M1_DIRECTION_MISMATCH
2026-09-07 19:36:35.249,1788809795.250,6323,34,71,4406.19,4406.27,8.0,PASS_<=10c,+0.0,FLAT,+0.0,+69.0,4.2,+0.00,0.00,SLOW,4405.50,4406.54,4403.14,4406.23,0.00,0.00,0.0,BEARISH,340.0,4406.19,4406.19,4406.19,4406.19,35,CLEARED_>=20s,1.0,0.0,0.0,0.0,0.0,0.0,0.0,PASS_<20%,0.00,0.0,NO,STANDBY_VEL_LOW,1,1321.86,3268.14,132.45,FALSE,M1_DIRECTION_MISMATCH
2026-09-07 19:36:40.767,1788809800.767,6324,35,72,4406.19,4406.27,8.0,PASS_<=10c,+0.0,FLAT,+0.0,+69.0,1.4,+0.00,0.00,SLOW,4405.50,4406.54,4403.14,4406.23,0.00,0.00,0.0,BEARISH,340.0,4406.19,4406.19,4406.19,4406.19,40,CLEARED_>=20s,1.0,0.0,0.0,0.0,0.0,0.0,0.0,PASS_<20%,0.00,0.0,NO,STANDBY_VEL_LOW,1,1321.86,3268.14,132.45,FALSE,M1_DIRECTION_MISMATCH
2026-09-07 19:36:51.002,1788809811.003,6325,36,73,4406.19,4406.27,8.0,PASS_<=10c,+0.0,FLAT,+0.0,+69.0,1.3,+0.00,0.00,SLOW,4405.50,4406.54,4403.14,4406.23,0.00,0.00,0.0,BEARISH,340.0,4406.19,4406.19,4406.19,4406.19,51,CLEARED_>=20s,1.0,0.0,0.0,0.0,0.0,0.0,0.0,PASS_<20%,0.00,0.0,NO,STANDBY_VEL_LOW,1,1321.86,3268.14,132.45,FALSE,M1_DIRECTION_MISMATCH
2026-09-07 19:36:52.613,1788809812.613,6326,37,74,4406.19,4406.27,8.0,PASS_<=10c,+0.0,FLAT,+0.0,+69.0,1.9,+0.00,0.00,SLOW,4405.50,4406.54,4403.14,4406.23,0.00,0.00,0.0,BEARISH,340.0,4406.19,4406.19,4406.19,4406.19,52,CLEARED_>=20s,1.0,0.0,0.0,0.0,0.0,0.0,0.0,PASS_<20%,0.00,0.0,NO,STANDBY_VEL_LOW,1,1321.86,3268.14,132.45,FALSE,M1_DIRECTION_MISMATCH
2026-09-07 19:36:53.114,1788809813.115,6327,38,75,4406.19,4406.27,8.0,PASS_<=10c,+0.0,FLAT,+0.0,+69.0,2.4,+0.00,0.00,SLOW,4405.50,4406.54,4403.14,4406.23,0.00,0.00,0.0,BEARISH,340.0,4406.19,4406.19,4406.19,4406.19,53,CLEARED_>=20s,1.0,0.0,0.0,0.0,0.0,0.0,0.0,PASS_<20%,0.00,0.0,NO,STANDBY_VEL_LOW,1,1321.86,3268.14,132.45,FALSE,M1_DIRECTION_MISMATCH
2026-09-07 19:36:53.616,1788809813.616,6328,39,76,4406.19,4406.27,8.0,PASS_<=10c,+0.0,FLAT,+0.0,+69.0,2.7,+0.00,0.00,SLOW,4405.50,4406.54,4403.14,4406.23,0.00,0.00,0.0,BEARISH,340.0,4406.19,4406.19,4406.19,4406.19,53,CLEARED_>=20s,1.0,0.0,0.0,0.0,0.0,0.0,0.0,PASS_<20%,0.00,0.0,NO,STANDBY_VEL_LOW,1,1321.86,3268.14,132.45,FALSE,M1_DIRECTION_MISMATCH
2026-09-07 19:36:54.118,1788809814.118,6329,40,77,4406.19,4406.27,8.0,PASS_<=10c,+0.0,FLAT,+0.0,+69.0,2.9,+0.00,0.00,SLOW,4405.50,4406.54,4403.14,4406.23,0.00,0.00,0.0,BEARISH,340.0,4406.19,4406.19,4406.19,4406.19,54,CLEARED_>=20s,1.0,0.0,0.0,0.0,0.0,0.0,0.0,PASS_<20%,0.00,0.0,NO,STANDBY_VEL_LOW,1,1321.86,3268.14,132.45,FALSE,M1_DIRECTION_MISMATCH
2026-09-07 19:36:54.620,1788809814.620,6330,41,78,4406.19,4406.27,8.0,PASS_<=10c,+0.0,FLAT,+0.0,+69.0,3.0,+0.00,0.00,SLOW,4405.50,4406.54,4403.14,4406.23,0.00,0.00,0.0,BEARISH,340.0,4406.19,4406.19,4406.19,4406.19,54,CLEARED_>=20s,1.0,0.0,0.0,0.0,0.0,0.0,0.0,PASS_<20%,0.00,0.0,NO,STANDBY_VEL_LOW,1,1321.86,3268.14,132.45,FALSE,M1_DIRECTION_MISMATCH
2026-09-07 19:36:55.121,1788809815.122,6331,42,79,4406.19,4406.27,8.0,PASS_<=10c,+0.0,FLAT,+0.0,+69.0,3.2,+0.00,0.00,SLOW,4405.50,4406.54,4403.14,4406.23,0.00,0.00,0.0,BEARISH,340.0,4406.19,4406.19,4406.19,4406.19,55,CLEARED_>=20s,1.0,0.0,0.0,0.0,0.0,0.0,0.0,PASS_<20%,0.00,0.0,NO,STANDBY_VEL_LOW,1,1321.86,3268.14,132.45,FALSE,M1_DIRECTION_MISMATCH
2026-09-07 19:36:55.622,1788809815.623,6332,43,80,4406.19,4406.27,8.0,PASS_<=10c,+0.0,FLAT,+0.0,+69.0,3.2,+0.00,0.00,SLOW,4405.50,4406.54,4403.14,4406.23,0.00,0.00,0.0,BEARISH,340.0,4406.19,4406.19,4406.19,4406.19,55,CLEARED_>=20s,1.0,0.0,0.0,0.0,0.0,0.0,0.0,PASS_<20%,0.00,0.0,NO,STANDBY_VEL_LOW,1,1321.86,3268.14,132.45,FALSE,M1_DIRECTION_MISMATCH
2026-09-07 19:36:56.124,1788809816.124,6333,44,81,4406.19,4406.27,8.0,PASS_<=10c,+0.0,FLAT,+0.0,+69.0,4.4,+0.00,0.00,SLOW,4405.50,4406.54,4403.14,4406.23,0.00,0.00,0.0,BEARISH,340.0,4406.19,4406.19,4406.19,4406.19,56,CLEARED_>=20s,1.0,0.0,0.0,0.0,0.0,0.0,0.0,PASS_<20%,0.00,0.0,NO,STANDBY_VEL_LOW,1,1321.86,3268.14,132.45,FALSE,M1_DIRECTION_MISMATCH
2026-09-07 19:36:56.626,1788809816.626,6334,45,82,4406.19,4406.27,8.0,PASS_<=10c,+0.0,FLAT,+0.0,+69.0,4.4,+0.00,0.00,SLOW,4405.50,4406.54,4403.14,4406.23,0.00,0.00,0.0,BEARISH,340.0,4406.19,4406.19,4406.19,4406.19,56,CLEARED_>=20s,1.0,0.0,0.0,0.0,0.0,0.0,0.0,PASS_<20%,0.00,0.0,NO,STANDBY_VEL_LOW,1,1321.86,3268.14,132.45,FALSE,M1_DIRECTION_MISMATCH
2026-09-07 19:36:57.127,1788809817.128,6335,46,83,4406.19,4406.27,8.0,PASS_<=10c,+0.0,FLAT,+0.0,+69.0,4.3,+0.00,0.00,SLOW,4405.50,4406.54,4403.14,4406.23,0.00,0.00,0.0,BEARISH,340.0,4406.19,4406.19,4406.19,4406.19,57,CLEARED_>=20s,1.0,0.0,0.0,0.0,0.0,0.0,0.0,PASS_<20%,0.00,0.0,NO,STANDBY_VEL_LOW,1,1321.86,3268.14,132.45,FALSE,M1_DIRECTION_MISMATCH
2026-09-07 19:36:57.629,1788809817.630,6336,47,84,4406.19,4406.27,8.0,PASS_<=10c,+0.0,FLAT,+0.0,+69.0,4.2,+0.00,0.00,SLOW,4405.50,4406.54,4403.14,4406.23,0.00,0.00,0.0,BEARISH,340.0,4406.19,4406.19,4406.19,4406.19,57,CLEARED_>=20s,1.0,0.0,0.0,0.0,0.0,0.0,0.0,PASS_<20%,0.00,0.0,NO,STANDBY_VEL_LOW,1,1321.86,3268.14,132.45,FALSE,M1_DIRECTION_MISMATCH
2026-09-07 19:36:58.131,1788809818.131,6337,48,85,4406.19,4406.27,8.0,PASS_<=10c,+0.0,FLAT,+0.0,+69.0,4.2,+0.00,0.00,SLOW,4405.50,4406.54,4403.14,4406.23,0.00,0.00,0.0,BEARISH,340.0,4406.19,4406.19,4406.19,4406.19,58,CLEARED_>=20s,1.0,0.0,0.0,0.0,0.0,0.0,0.0,PASS_<20%,0.00,0.0,NO,STANDBY_VEL_LOW,1,1321.86,3268.14,132.45,FALSE,M1_DIRECTION_MISMATCH
2026-09-07 19:36:58.632,1788809818.632,6338,49,86,4406.19,4406.27,8.0,PASS_<=10c,+0.0,FLAT,+0.0,+69.0,4.2,+0.00,0.00,SLOW,4405.50,4406.54,4403.14,4406.23,0.00,0.00,0.0,BEARISH,340.0,4406.19,4406.19,4406.19,4406.19,58,CLEARED_>=20s,1.0,0.0,0.0,0.0,0.0,0.0,0.0,PASS_<20%,0.00,0.0,NO,STANDBY_VEL_LOW,1,1321.86,3268.14,132.45,FALSE,M1_DIRECTION_MISMATCH
2026-09-07 19:36:59.133,1788809819.134,6339,50,87,4406.19,4406.27,8.0,PASS_<=10c,+0.0,FLAT,+0.0,+69.0,4.2,+0.00,0.00,SLOW,4405.50,4406.54,4403.14,4406.23,0.00,0.00,0.0,BEARISH,340.0,4406.19,4406.19,4406.19,4406.19,59,CLEARED_>=20s,1.0,0.0,0.0,0.0,0.0,0.0,0.0,PASS_<20%,0.00,0.0,NO,STANDBY_VEL_LOW,1,1321.86,3268.14,132.45,FALSE,M1_DIRECTION_MISMATCH
2026-09-07 19:36:59.635,1788809819.635,6340,51,88,4406.19,4406.27,8.0,PASS_<=10c,+0.0,FLAT,+0.0,+69.0,4.2,+0.00,0.00,SLOW,4405.50,4406.54,4403.14,4406.23,0.00,0.00,0.0,BEARISH,340.0,4406.19,4406.19,4406.19,4406.19,59,CLEARED_>=20s,1.0,0.0,0.0,0.0,0.0,0.0,0.0,PASS_<20%,0.00,0.0,NO,STANDBY_VEL_LOW,1,1321.86,3268.14,132.45,FALSE,M1_DIRECTION_MISMATCH
2026-09-07 19:37:00.136,1788809820.137,6341,1,89,4406.19,4406.27,8.0,PASS_<=10c,+0.0,FLAT,+0.0,+69.0,4.2,+0.00,0.00,SLOW,4405.50,4406.54,4403.14,4406.23,0.00,0.00,0.0,BEARISH,340.0,4406.19,4406.19,4406.19,4406.19,0,ACTIVE_0s,1.0,0.0,0.0,0.0,0.0,0.0,0.0,PASS_<20%,0.00,0.0,NO,STANDBY_VEL_LOW,1,1321.86,3268.14,132.45,FALSE,M1_DIRECTION_MISMATCH|OPENING_SHIELD_ACTIVE_0s
2026-09-07 19:37:00.638,1788809820.638,6342,2,90,4406.19,4406.27,8.0,PASS_<=10c,+0.0,FLAT,+0.0,+69.0,4.2,+0.00,0.00,SLOW,4405.50,4406.54,4403.14,4406.23,0.00,0.00,0.0,BEARISH,340.0,4406.19,4406.19,4406.19,4406.19,0,ACTIVE_0s,1.0,0.0,0.0,0.0,0.0,0.0,0.0,PASS_<20%,0.00,0.0,NO,STANDBY_VEL_LOW,1,1321.86,3268.14,132.45,FALSE,M1_DIRECTION_MISMATCH|OPENING_SHIELD_ACTIVE_0s
2026-09-07 19:37:11.013,1788809831.013,6343,3,91,4406.19,4406.27,8.0,PASS_<=10c,+0.0,FLAT,+0.0,+69.0,1.3,+0.00,0.00,SLOW,4405.50,4406.54,4403.14,4406.23,0.00,0.00,0.0,BEARISH,340.0,4406.19,4406.19,4406.19,4406.19,11,ACTIVE_11s,1.0,0.0,0.0,0.0,0.0,0.0,0.0,PASS_<20%,0.00,0.0,NO,STANDBY_VEL_LOW,1,1321.86,3268.14,132.45,FALSE,M1_DIRECTION_MISMATCH|OPENING_SHIELD_ACTIVE_11s
2026-09-07 19:37:17.031,1788809837.032,6344,4,92,4406.19,4406.27,8.0,PASS_<=10c,+0.0,FLAT,+0.0,+69.0,2.0,+0.00,0.00,SLOW,4405.50,4406.54,4403.14,4406.23,0.00,0.00,0.0,BEARISH,340.0,4406.19,4406.19,4406.19,4406.19,17,ACTIVE_17s,1.0,0.0,0.0,0.0,0.0,0.0,0.0,PASS_<20%,0.00,0.0,NO,STANDBY_VEL_LOW,1,1321.86,3268.14,132.45,FALSE,M1_DIRECTION_MISMATCH|OPENING_SHIELD_ACTIVE_17s
2026-09-07 19:37:17.386,1788809837.387,6345,5,93,4406.19,4406.27,8.0,PASS_<=10c,+0.0,FLAT,+0.0,+69.0,3.2,+0.00,0.00,SLOW,4405.50,4406.54,4403.14,4406.23,0.00,0.00,0.0,BEARISH,340.0,4406.19,4406.19,4406.19,4406.19,17,ACTIVE_17s,1.0,0.0,0.0,0.0,0.0,0.0,0.0,PASS_<20%,0.00,0.0,NO,STANDBY_VEL_LOW,1,1321.86,3268.14,132.45,FALSE,M1_DIRECTION_MISMATCH|OPENING_SHIELD_ACTIVE_17s
2026-09-07 19:37:17.887,1788809837.888,6346,6,94,4406.19,4406.27,8.0,PASS_<=10c,+0.0,FLAT,+0.0,+69.0,3.4,+0.00,0.00,SLOW,4405.50,4406.54,4403.14,4406.23,0.00,0.00,0.0,BEARISH,340.0,4406.19,4406.19,4406.19,4406.19,17,ACTIVE_17s,1.0,0.0,0.0,0.0,0.0,0.0,0.0,PASS_<20%,0.00,0.0,NO,STANDBY_VEL_LOW,1,1321.86,3268.14,132.45,FALSE,M1_DIRECTION_MISMATCH|OPENING_SHIELD_ACTIVE_17s
2026-09-07 19:37:18.389,1788809838.389,6347,7,95,4406.19,4406.27,8.0,PASS_<=10c,+0.0,FLAT,+0.0,+69.0,3.5,+0.00,0.00,SLOW,4405.50,4406.54,4403.14,4406.23,0.00,0.00,0.0,BEARISH,340.0,4406.19,4406.19,4406.19,4406.19,18,ACTIVE_18s,1.0,0.0,0.0,0.0,0.0,0.0,0.0,PASS_<20%,0.00,0.0,NO,STANDBY_VEL_LOW,1,1321.86,3268.14,132.45,FALSE,M1_DIRECTION_MISMATCH|OPENING_SHIELD_ACTIVE_18s
2026-09-07 19:37:18.890,1788809838.890,6348,8,96,4406.19,4406.27,8.0,PASS_<=10c,+0.0,FLAT,+0.0,+69.0,3.6,+0.00,0.00,SLOW,4405.50,4406.54,4403.14,4406.23,0.00,0.00,0.0,BEARISH,340.0,4406.19,4406.19,4406.19,4406.19,18,ACTIVE_18s,1.0,0.0,0.0,0.0,0.0,0.0,0.0,PASS_<20%,0.00,0.0,NO,STANDBY_VEL_LOW,1,1321.86,3268.14,132.45,FALSE,M1_DIRECTION_MISMATCH|OPENING_SHIELD_ACTIVE_18s
2026-09-07 19:37:19.392,1788809839.392,6349,9,97,4406.19,4406.27,8.0,PASS_<=10c,+0.0,FLAT,+0.0,+69.0,3.7,+0.00,0.00,SLOW,4405.50,4406.54,4403.14,4406.23,0.00,0.00,0.0,BEARISH,340.0,4406.19,4406.19,4406.19,4406.19,19,ACTIVE_19s,1.0,0.0,0.0,0.0,0.0,0.0,0.0,PASS_<20%,0.00,0.0,NO,STANDBY_VEL_LOW,1,1321.86,3268.14,132.45,FALSE,M1_DIRECTION_MISMATCH|OPENING_SHIELD_ACTIVE_19s
2026-09-07 19:37:19.894,1788809839.894,6350,10,98,4406.19,4406.27,8.0,PASS_<=10c,+0.0,FLAT,+0.0,+69.0,3.7,+0.00,0.00,SLOW,4405.50,4406.54,4403.14,4406.23,0.00,0.00,0.0,BEARISH,340.0,4406.19,4406.19,4406.19,4406.19,19,ACTIVE_19s,1.0,0.0,0.0,0.0,0.0,0.0,0.0,PASS_<20%,0.00,0.0,NO,STANDBY_VEL_LOW,1,1321.86,3268.14,132.45,FALSE,M1_DIRECTION_MISMATCH|OPENING_SHIELD_ACTIVE_19s
2026-09-07 19:37:20.394,1788809840.395,6351,11,99,4406.19,4406.27,8.0,PASS_<=10c,+0.0,FLAT,+0.0,+69.0,3.8,+0.00,0.00,SLOW,4405.50,4406.54,4403.14,4406.23,0.00,0.00,0.0,BEARISH,340.0,4406.19,4406.19,4406.19,4406.19,20,CLEARED_>=20s,1.0,0.0,0.0,0.0,0.0,0.0,0.0,PASS_<20%,0.00,0.0,NO,STANDBY_VEL_LOW,1,1321.86,3268.14,132.45,FALSE,M1_DIRECTION_MISMATCH
2026-09-07 19:37:20.897,1788809840.897,6352,12,100,4406.19,4406.27,8.0,PASS_<=10c,+0.0,FLAT,+0.0,+69.0,3.8,+0.00,0.00,SLOW,4405.50,4406.54,4403.14,4406.23,0.00,0.00,0.0,BEARISH,340.0,4406.19,4406.19,4406.19,4406.19,20,CLEARED_>=20s,1.0,0.0,0.0,0.0,0.0,0.0,0.0,PASS_<20%,0.00,0.0,NO,STANDBY_VEL_LOW,1,1321.86,3268.14,132.45,FALSE,M1_DIRECTION_MISMATCH
2026-09-07 19:37:21.398,1788809841.398,6353,13,101,4406.19,4406.27,8.0,PASS_<=10c,+0.0,FLAT,+0.0,+69.0,4.4,+0.00,0.00,SLOW,4405.50,4406.54,4403.14,4406.23,0.00,0.00,0.0,BEARISH,340.0,4406.19,4406.19,4406.19,4406.19,21,CLEARED_>=20s,1.0,0.0,0.0,0.0,0.0,0.0,0.0,PASS_<20%,0.00,0.0,NO,STANDBY_VEL_LOW,1,1321.86,3268.14,132.45,FALSE,M1_DIRECTION_MISMATCH
2026-09-07 19:37:21.899,1788809841.900,6354,14,102,4406.19,4406.27,8.0,PASS_<=10c,+0.0,FLAT,+0.0,+69.0,4.3,+0.00,0.00,SLOW,4405.50,4406.54,4403.14,4406.23,0.00,0.00,0.0,BEARISH,340.0,4406.19,4406.19,4406.19,4406.19,21,CLEARED_>=20s,1.0,0.0,0.0,0.0,0.0,0.0,0.0,PASS_<20%,0.00,0.0,NO,STANDBY_VEL_LOW,1,1321.86,3268.14,132.45,FALSE,M1_DIRECTION_MISMATCH
2026-09-07 19:37:22.402,1788809842.402,6355,15,103,4406.19,4406.27,8.0,PASS_<=10c,+0.0,FLAT,+0.0,+69.0,4.2,+0.00,0.00,SLOW,4405.50,4406.54,4403.14,4406.23,0.00,0.00,0.0,BEARISH,340.0,4406.19,4406.19,4406.19,4406.19,22,CLEARED_>=20s,1.0,0.0,0.0,0.0,0.0,0.0,0.0,PASS_<20%,0.00,0.0,NO,STANDBY_VEL_LOW,1,1321.86,3268.14,132.45,FALSE,M1_DIRECTION_MISMATCH
2026-09-07 19:37:22.904,1788809842.904,6356,16,104,4406.19,4406.27,8.0,PASS_<=10c,+0.0,FLAT,+0.0,+69.0,4.2,+0.00,0.00,SLOW,4405.50,4406.54,4403.14,4406.23,0.00,0.00,0.0,BEARISH,340.0,4406.19,4406.19,4406.19,4406.19,22,CLEARED_>=20s,1.0,0.0,0.0,0.0,0.0,0.0,0.0,PASS_<20%,0.00,0.0,NO,STANDBY_VEL_LOW,1,1321.86,3268.14,132.45,FALSE,M1_DIRECTION_MISMATCH
2026-09-07 19:37:23.405,1788809843.405,6357,17,105,4406.19,4406.27,8.0,PASS_<=10c,+0.0,FLAT,+0.0,+69.0,4.2,+0.00,0.00,SLOW,4405.50,4406.54,4403.14,4406.23,0.00,0.00,0.0,BEARISH,340.0,4406.19,4406.19,4406.19,4406.19,23,CLEARED_>=20s,1.0,0.0,0.0,0.0,0.0,0.0,0.0,PASS_<20%,0.00,0.0,NO,STANDBY_VEL_LOW,1,1321.86,3268.14,132.45,FALSE,M1_DIRECTION_MISMATCH
2026-09-07 19:37:23.907,1788809843.907,6358,18,106,4406.19,4406.27,8.0,PASS_<=10c,+0.0,FLAT,+0.0,+69.0,4.2,+0.00,0.00,SLOW,4405.50,4406.54,4403.14,4406.23,0.00,0.00,0.0,BEARISH,340.0,4406.19,4406.19,4406.19,4406.19,23,CLEARED_>=20s,1.0,0.0,0.0,0.0,0.0,0.0,0.0,PASS_<20%,0.00,0.0,NO,STANDBY_VEL_LOW,1,1321.86,3268.14,132.45,FALSE,M1_DIRECTION_MISMATCH
2026-09-07 19:37:24.408,1788809844.409,6359,19,107,4406.19,4406.27,8.0,PASS_<=10c,+0.0,FLAT,+0.0,+69.0,4.2,+0.00,0.00,SLOW,4405.50,4406.54,4403.14,4406.23,0.00,0.00,0.0,BEARISH,340.0,4406.19,4406.19,4406.19,4406.19,24,CLEARED_>=20s,1.0,0.0,0.0,0.0,0.0,0.0,0.0,PASS_<20%,0.00,0.0,NO,STANDBY_VEL_LOW,1,1321.86,3268.14,132.45,FALSE,M1_DIRECTION_MISMATCH
2026-09-07 19:37:24.911,1788809844.911,6360,20,108,4406.19,4406.27,8.0,PASS_<=10c,+0.0,FLAT,+0.0,+69.0,4.2,+0.00,0.00,SLOW,4405.50,4406.54,4403.14,4406.23,0.00,0.00,0.0,BEARISH,340.0,4406.19,4406.19,4406.19,4406.19,24,CLEARED_>=20s,1.0,0.0,0.0,0.0,0.0,0.0,0.0,PASS_<20%,0.00,0.0,NO,STANDBY_VEL_LOW,1,1321.86,3268.14,132.45,FALSE,M1_DIRECTION_MISMATCH
2026-09-07 19:37:35.324,1788809855.325,6361,21,109,4406.19,4406.27,8.0,PASS_<=10c,+0.0,FLAT,+0.0,+69.0,1.3,+0.00,0.00,SLOW,4405.50,4406.54,4403.14,4406.23,0.00,0.00,0.0,BEARISH,340.0,4406.19,4406.19,4406.19,4406.19,35,CLEARED_>=20s,1.0,0.0,0.0,0.0,0.0,0.0,0.0,PASS_<20%,0.00,0.0,NO,STANDBY_VEL_LOW,1,1321.86,3268.14,132.45,FALSE,M1_DIRECTION_MISMATCH
2026-09-07 19:37:41.746,1788809861.747,6362,22,110,4406.19,4406.27,8.0,PASS_<=10c,+0.0,FLAT,+0.0,+69.0,1.5,+0.00,0.00,SLOW,4405.50,4406.54,4403.14,4406.23,0.00,0.00,0.0,BEARISH,340.0,4406.19,4406.19,4406.19,4406.19,41,CLEARED_>=20s,1.0,0.0,0.0,0.0,0.0,0.0,0.0,PASS_<20%,0.00,0.0,NO,STANDBY_VEL_LOW,1,1321.86,3268.14,132.45,FALSE,M1_DIRECTION_MISMATCH
2026-09-07 19:37:42.101,1788809862.101,6363,23,111,4406.19,4406.27,8.0,PASS_<=10c,+0.0,FLAT,+0.0,+69.0,2.4,+0.00,0.00,SLOW,4405.50,4406.54,4403.14,4406.23,0.00,0.00,0.0,BEARISH,340.0,4406.19,4406.19,4406.19,4406.19,42,CLEARED_>=20s,1.0,0.0,0.0,0.0,0.0,0.0,0.0,PASS_<20%,0.00,0.0,NO,STANDBY_VEL_LOW,1,1321.86,3268.14,132.45,FALSE,M1_DIRECTION_MISMATCH
2026-09-07 19:37:42.602,1788809862.603,6364,24,112,4406.19,4406.27,8.0,PASS_<=10c,+0.0,FLAT,+0.0,+69.0,2.8,+0.00,0.00,SLOW,4405.50,4406.54,4403.14,4406.23,0.00,0.00,0.0,BEARISH,340.0,4406.19,4406.19,4406.19,4406.19,42,CLEARED_>=20s,1.0,0.0,0.0,0.0,0.0,0.0,0.0,PASS_<20%,0.00,0.0,NO,STANDBY_VEL_LOW,1,1321.86,3268.14,132.45,FALSE,M1_DIRECTION_MISMATCH
2026-09-07 19:37:43.104,1788809863.104,6365,25,113,4406.19,4406.27,8.0,PASS_<=10c,+0.0,FLAT,+0.0,+69.0,3.0,+0.00,0.00,SLOW,4405.50,4406.54,4403.14,4406.23,0.00,0.00,0.0,BEARISH,340.0,4406.19,4406.19,4406.19,4406.19,43,CLEARED_>=20s,1.0,0.0,0.0,0.0,0.0,0.0,0.0,PASS_<20%,0.00,0.0,NO,STANDBY_VEL_LOW,1,1321.86,3268.14,132.45,FALSE,M1_DIRECTION_MISMATCH
2026-09-07 19:37:43.605,1788809863.605,6366,26,114,4406.19,4406.27,8.0,PASS_<=10c,+0.0,FLAT,+0.0,+69.0,3.2,+0.00,0.00,SLOW,4405.50,4406.54,4403.14,4406.23,0.00,0.00,0.0,BEARISH,340.0,4406.19,4406.19,4406.19,4406.19,43,CLEARED_>=20s,1.0,0.0,0.0,0.0,0.0,0.0,0.0,PASS_<20%,0.00,0.0,NO,STANDBY_VEL_LOW,1,1321.86,3268.14,132.45,FALSE,M1_DIRECTION_MISMATCH
2026-09-07 19:37:44.106,1788809864.107,6367,27,115,4406.19,4406.27,8.0,PASS_<=10c,+0.0,FLAT,+0.0,+69.0,3.3,+0.00,0.00,SLOW,4405.50,4406.54,4403.14,4406.23,0.00,0.00,0.0,BEARISH,340.0,4406.19,4406.19,4406.19,4406.19,44,CLEARED_>=20s,1.0,0.0,0.0,0.0,0.0,0.0,0.0,PASS_<20%,0.00,0.0,NO,STANDBY_VEL_LOW,1,1321.86,3268.14,132.45,FALSE,M1_DIRECTION_MISMATCH
2026-09-07 19:37:44.607,1788809864.607,6368,28,116,4406.19,4406.27,8.0,PASS_<=10c,+0.0,FLAT,+0.0,+69.0,3.4,+0.00,0.00,SLOW,4405.50,4406.54,4403.14,4406.23,0.00,0.00,0.0,BEARISH,340.0,4406.19,4406.19,4406.19,4406.19,44,CLEARED_>=20s,1.0,0.0,0.0,0.0,0.0,0.0,0.0,PASS_<20%,0.00,0.0,NO,STANDBY_VEL_LOW,1,1321.86,3268.14,132.45,FALSE,M1_DIRECTION_MISMATCH
2026-09-07 19:37:45.108,1788809865.109,6369,29,117,4406.19,4406.27,8.0,PASS_<=10c,+0.0,FLAT,+0.0,+69.0,3.4,+0.00,0.00,SLOW,4405.50,4406.54,4403.14,4406.23,0.00,0.00,0.0,BEARISH,340.0,4406.19,4406.19,4406.19,4406.19,45,CLEARED_>=20s,1.0,0.0,0.0,0.0,0.0,0.0,0.0,PASS_<20%,0.00,0.0,NO,STANDBY_VEL_LOW,1,1321.86,3268.14,132.45,FALSE,M1_DIRECTION_MISMATCH
2026-09-07 19:37:45.610,1788809865.610,6370,30,118,4406.19,4406.27,8.0,PASS_<=10c,+0.0,FLAT,+0.0,+69.0,4.4,+0.00,0.00,SLOW,4405.50,4406.54,4403.14,4406.23,0.00,0.00,0.0,BEARISH,340.0,4406.19,4406.19,4406.19,4406.19,45,CLEARED_>=20s,1.0,0.0,0.0,0.0,0.0,0.0,0.0,PASS_<20%,0.00,0.0,NO,STANDBY_VEL_LOW,1,1321.86,3268.14,132.45,FALSE,M1_DIRECTION_MISMATCH
2026-09-07 19:37:46.111,1788809866.111,6371,31,119,4406.19,4406.27,8.0,PASS_<=10c,+0.0,FLAT,+0.0,+69.0,4.4,+0.00,0.00,SLOW,4405.50,4406.54,4403.14,4406.23,0.00,0.00,0.0,BEARISH,340.0,4406.19,4406.19,4406.19,4406.19,46,CLEARED_>=20s,1.0,0.0,0.0,0.0,0.0,0.0,0.0,PASS_<20%,0.00,0.0,NO,STANDBY_VEL_LOW,1,1321.86,3268.14,132.45,FALSE,M1_DIRECTION_MISMATCH
2026-09-07 19:37:46.613,1788809866.613,6372,32,120,4406.19,4406.27,8.0,PASS_<=10c,+0.0,FLAT,+0.0,+69.0,4.3,+0.00,0.00,SLOW,4405.50,4406.54,4403.14,4406.23,0.00,0.00,0.0,BEARISH,340.0,4406.19,4406.19,4406.19,4406.19,46,CLEARED_>=20s,1.0,0.0,0.0,0.0,0.0,0.0,0.0,PASS_<20%,0.00,0.0,NO,STANDBY_VEL_LOW,1,1321.86,3268.14,132.45,FALSE,M1_DIRECTION_MISMATCH
2026-09-07 19:37:47.115,1788809867.115,6373,33,121,4406.19,4406.27,8.0,PASS_<=10c,+0.0,FLAT,+0.0,+69.0,4.2,+0.00,0.00,SLOW,4405.50,4406.54,4403.14,4406.23,0.00,0.00,0.0,BEARISH,340.0,4406.19,4406.19,4406.19,4406.19,47,CLEARED_>=20s,1.0,0.0,0.0,0.0,0.0,0.0,0.0,PASS_<20%,0.00,0.0,NO,STANDBY_VEL_LOW,1,1321.86,3268.14,132.45,FALSE,M1_DIRECTION_MISMATCH
2026-09-07 19:37:47.618,1788809867.618,6374,34,122,4406.19,4406.27,8.0,PASS_<=10c,+0.0,FLAT,+0.0,+69.0,4.2,+0.00,0.00,SLOW,4405.50,4406.54,4403.14,4406.23,0.00,0.00,0.0,BEARISH,340.0,4406.19,4406.19,4406.19,4406.19,47,CLEARED_>=20s,1.0,0.0,0.0,0.0,0.0,0.0,0.0,PASS_<20%,0.00,0.0,NO,STANDBY_VEL_LOW,1,1321.86,3268.14,132.45,FALSE,M1_DIRECTION_MISMATCH
2026-09-07 19:37:48.118,1788809868.118,6375,35,123,4406.19,4406.27,8.0,PASS_<=10c,+0.0,FLAT,+0.0,+69.0,4.2,+0.00,0.00,SLOW,4405.50,4406.54,4403.14,4406.23,0.00,0.00,0.0,BEARISH,340.0,4406.19,4406.19,4406.19,4406.19,48,CLEARED_>=20s,1.0,0.0,0.0,0.0,0.0,0.0,0.0,PASS_<20%,0.00,0.0,NO,STANDBY_VEL_LOW,1,1321.86,3268.14,132.45,FALSE,M1_DIRECTION_MISMATCH
2026-09-07 19:37:48.619,1788809868.619,6376,36,124,4406.19,4406.27,8.0,PASS_<=10c,+0.0,FLAT,+0.0,+69.0,4.2,+0.00,0.00,SLOW,4405.50,4406.54,4403.14,4406.23,0.00,0.00,0.0,BEARISH,340.0,4406.19,4406.19,4406.19,4406.19,48,CLEARED_>=20s,1.0,0.0,0.0,0.0,0.0,0.0,0.0,PASS_<20%,0.00,0.0,NO,STANDBY_VEL_LOW,1,1321.86,3268.14,132.45,FALSE,M1_DIRECTION_MISMATCH
2026-09-07 19:37:49.121,1788809869.121,6377,37,125,4406.19,4406.27,8.0,PASS_<=10c,+0.0,FLAT,+0.0,+69.0,4.2,+0.00,0.00,SLOW,4405.50,4406.54,4403.14,4406.23,0.00,0.00,0.0,BEARISH,340.0,4406.19,4406.19,4406.19,4406.19,49,CLEARED_>=20s,1.0,0.0,0.0,0.0,0.0,0.0,0.0,PASS_<20%,0.00,0.0,NO,STANDBY_VEL_LOW,1,1321.86,3268.14,132.45,FALSE,M1_DIRECTION_MISMATCH
2026-09-07 19:37:49.623,1788809869.623,6378,38,126,4406.19,4406.27,8.0,PASS_<=10c,+0.0,FLAT,+0.0,+69.0,4.2,+0.00,0.00,SLOW,4405.50,4406.54,4403.14,4406.23,0.00,0.00,0.0,BEARISH,340.0,4406.19,4406.19,4406.19,4406.19,49,CLEARED_>=20s,1.0,0.0,0.0,0.0,0.0,0.0,0.0,PASS_<20%,0.00,0.0,NO,STANDBY_VEL_LOW,1,1321.86,3268.14,132.45,FALSE,M1_DIRECTION_MISMATCH
2026-09-07 19:37:55.137,1788809875.138,6379,39,127,4406.19,4406.27,8.0,PASS_<=10c,+0.0,FLAT,+0.0,+69.0,1.6,+0.00,0.00,SLOW,4405.50,4406.54,4403.14,4406.23,0.00,0.00,0.0,BEARISH,340.0,4406.19,4406.19,4406.19,4406.19,55,CLEARED_>=20s,1.0,0.0,0.0,0.0,0.0,0.0,0.0,PASS_<20%,0.00,0.0,NO,STANDBY_VEL_LOW,1,1321.86,3268.14,132.45,FALSE,M1_DIRECTION_MISMATCH
2026-09-07 19:38:05.380,1788809885.380,6380,1,128,4406.19,4406.27,8.0,PASS_<=10c,+0.0,FLAT,+0.0,+69.0,1.3,+0.00,0.00,SLOW,4405.50,4406.54,4403.14,4406.23,0.00,0.00,0.0,BEARISH,340.0,4406.19,4406.19,4406.19,4406.19,5,ACTIVE_5s,1.0,0.0,0.0,0.0,0.0,0.0,0.0,PASS_<20%,0.00,0.0,NO,STANDBY_VEL_LOW,1,1321.86,3268.14,132.45,FALSE,M1_DIRECTION_MISMATCH|OPENING_SHIELD_ACTIVE_5s
2026-09-07 19:38:06.788,1788809886.789,6381,2,129,4406.19,4406.27,8.0,PASS_<=10c,+0.0,FLAT,+0.0,+69.0,2.1,+0.00,0.00,SLOW,4405.50,4406.54,4403.14,4406.23,0.00,0.00,0.0,BEARISH,340.0,4406.19,4406.19,4406.19,4406.19,6,ACTIVE_6s,1.0,0.0,0.0,0.0,0.0,0.0,0.0,PASS_<20%,0.00,0.0,NO,STANDBY_VEL_LOW,1,1321.86,3268.14,132.45,FALSE,M1_DIRECTION_MISMATCH|OPENING_SHIELD_ACTIVE_6s
2026-09-07 19:38:07.290,1788809887.291,6382,3,130,4406.19,4406.27,8.0,PASS_<=10c,+0.0,FLAT,+0.0,+69.0,2.6,+0.00,0.00,SLOW,4405.50,4406.54,4403.14,4406.23,0.00,0.00,0.0,BEARISH,340.0,4406.19,4406.19,4406.19,4406.19,7,ACTIVE_7s,1.0,0.0,0.0,0.0,0.0,0.0,0.0,PASS_<20%,0.00,0.0,NO,STANDBY_VEL_LOW,1,1321.86,3268.14,132.45,FALSE,M1_DIRECTION_MISMATCH|OPENING_SHIELD_ACTIVE_7s
2026-09-07 19:38:07.792,1788809887.793,6383,4,131,4406.19,4406.27,8.0,PASS_<=10c,+0.0,FLAT,+0.0,+69.0,2.9,+0.00,0.00,SLOW,4405.50,4406.54,4403.14,4406.23,0.00,0.00,0.0,BEARISH,340.0,4406.19,4406.19,4406.19,4406.19,7,ACTIVE_7s,1.0,0.0,0.0,0.0,0.0,0.0,0.0,PASS_<20%,0.00,0.0,NO,STANDBY_VEL_LOW,1,1321.86,3268.14,132.45,FALSE,M1_DIRECTION_MISMATCH|OPENING_SHIELD_ACTIVE_7s
2026-09-07 19:38:08.296,1788809888.296,6384,5,132,4406.19,4406.27,8.0,PASS_<=10c,+0.0,FLAT,+0.0,+69.0,3.1,+0.00,0.00,SLOW,4405.50,4406.54,4403.14,4406.23,0.00,0.00,0.0,BEARISH,340.0,4406.19,4406.19,4406.19,4406.19,8,ACTIVE_8s,1.0,0.0,0.0,0.0,0.0,0.0,0.0,PASS_<20%,0.00,0.0,NO,STANDBY_VEL_LOW,1,1321.86,3268.14,132.45,FALSE,M1_DIRECTION_MISMATCH|OPENING_SHIELD_ACTIVE_8s
2026-09-07 19:38:08.796,1788809888.796,6385,6,133,4406.19,4406.27,8.0,PASS_<=10c,+0.0,FLAT,+0.0,+69.0,3.2,+0.00,0.00,SLOW,4405.50,4406.54,4403.14,4406.23,0.00,0.00,0.0,BEARISH,340.0,4406.19,4406.19,4406.19,4406.19,8,ACTIVE_8s,1.0,0.0,0.0,0.0,0.0,0.0,0.0,PASS_<20%,0.00,0.0,NO,STANDBY_VEL_LOW,1,1321.86,3268.14,132.45,FALSE,M1_DIRECTION_MISMATCH|OPENING_SHIELD_ACTIVE_8s
2026-09-07 19:38:09.298,1788809889.298,6386,7,134,4406.19,4406.27,8.0,PASS_<=10c,+0.0,FLAT,+0.0,+69.0,3.3,+0.00,0.00,SLOW,4405.50,4406.54,4403.14,4406.23,0.00,0.00,0.0,BEARISH,340.0,4406.19,4406.19,4406.19,4406.19,9,ACTIVE_9s,1.0,0.0,0.0,0.0,0.0,0.0,0.0,PASS_<20%,0.00,0.0,NO,STANDBY_VEL_LOW,1,1321.86,3268.14,132.45,FALSE,M1_DIRECTION_MISMATCH|OPENING_SHIELD_ACTIVE_9s
2026-09-07 19:38:09.800,1788809889.800,6387,8,135,4406.19,4406.27,8.0,PASS_<=10c,+0.0,FLAT,+0.0,+69.0,3.4,+0.00,0.00,SLOW,4405.50,4406.54,4403.14,4406.23,0.00,0.00,0.0,BEARISH,340.0,4406.19,4406.19,4406.19,4406.19,9,ACTIVE_9s,1.0,0.0,0.0,0.0,0.0,0.0,0.0,PASS_<20%,0.00,0.0,NO,STANDBY_VEL_LOW,1,1321.86,3268.14,132.45,FALSE,M1_DIRECTION_MISMATCH|OPENING_SHIELD_ACTIVE_9s
2026-09-07 19:38:10.300,1788809890.301,6388,9,136,4406.19,4406.27,8.0,PASS_<=10c,+0.0,FLAT,+0.0,+69.0,3.5,+0.00,0.00,SLOW,4405.50,4406.54,4403.14,4406.23,0.00,0.00,0.0,BEARISH,340.0,4406.19,4406.19,4406.19,4406.19,10,ACTIVE_10s,1.0,0.0,0.0,0.0,0.0,0.0,0.0,PASS_<20%,0.00,0.0,NO,STANDBY_VEL_LOW,1,1321.86,3268.14,132.45,FALSE,M1_DIRECTION_MISMATCH|OPENING_SHIELD_ACTIVE_10s
2026-09-07 19:38:10.802,1788809890.802,6389,10,137,4406.19,4406.27,8.0,PASS_<=10c,+0.0,FLAT,+0.0,+69.0,4.4,+0.00,0.00,SLOW,4405.50,4406.54,4403.14,4406.23,0.00,0.00,0.0,BEARISH,340.0,4406.19,4406.19,4406.19,4406.19,10,ACTIVE_10s,1.0,0.0,0.0,0.0,0.0,0.0,0.0,PASS_<20%,0.00,0.0,NO,STANDBY_VEL_LOW,1,1321.86,3268.14,132.45,FALSE,M1_DIRECTION_MISMATCH|OPENING_SHIELD_ACTIVE_10s
2026-09-07 19:38:11.304,1788809891.304,6390,11,138,4406.19,4406.27,8.0,PASS_<=10c,+0.0,FLAT,+0.0,+69.0,4.3,+0.00,0.00,SLOW,4405.50,4406.54,4403.14,4406.23,0.00,0.00,0.0,BEARISH,340.0,4406.19,4406.19,4406.19,4406.19,11,ACTIVE_11s,1.0,0.0,0.0,0.0,0.0,0.0,0.0,PASS_<20%,0.00,0.0,NO,STANDBY_VEL_LOW,1,1321.86,3268.14,132.45,FALSE,M1_DIRECTION_MISMATCH|OPENING_SHIELD_ACTIVE_11s
2026-09-07 19:38:11.806,1788809891.806,6391,12,139,4406.19,4406.27,8.0,PASS_<=10c,+0.0,FLAT,+0.0,+69.0,4.2,+0.00,0.00,SLOW,4405.50,4406.54,4403.14,4406.23,0.00,0.00,0.0,BEARISH,340.0,4406.19,4406.19,4406.19,4406.19,11,ACTIVE_11s,1.0,0.0,0.0,0.0,0.0,0.0,0.0,PASS_<20%,0.00,0.0,NO,STANDBY_VEL_LOW,1,1321.86,3268.14,132.45,FALSE,M1_DIRECTION_MISMATCH|OPENING_SHIELD_ACTIVE_11s
2026-09-07 19:38:12.307,1788809892.308,6392,13,140,4406.19,4406.27,8.0,PASS_<=10c,+0.0,FLAT,+0.0,+69.0,4.2,+0.00,0.00,SLOW,4405.50,4406.54,4403.14,4406.23,0.00,0.00,0.0,BEARISH,340.0,4406.19,4406.19,4406.19,4406.19,12,ACTIVE_12s,1.0,0.0,0.0,0.0,0.0,0.0,0.0,PASS_<20%,0.00,0.0,NO,STANDBY_VEL_LOW,1,1321.86,3268.14,132.45,FALSE,M1_DIRECTION_MISMATCH|OPENING_SHIELD_ACTIVE_12s
2026-09-07 19:38:12.809,1788809892.810,6393,14,141,4406.19,4406.27,8.0,PASS_<=10c,+0.0,FLAT,+0.0,+69.0,4.2,+0.00,0.00,SLOW,4405.50,4406.54,4403.14,4406.23,0.00,0.00,0.0,BEARISH,340.0,4406.19,4406.19,4406.19,4406.19,12,ACTIVE_12s,1.0,0.0,0.0,0.0,0.0,0.0,0.0,PASS_<20%,0.00,0.0,NO,STANDBY_VEL_LOW,1,1321.86,3268.14,132.45,FALSE,M1_DIRECTION_MISMATCH|OPENING_SHIELD_ACTIVE_12s
2026-09-07 19:38:13.309,1788809893.310,6394,15,142,4406.19,4406.27,8.0,PASS_<=10c,+0.0,FLAT,+0.0,+69.0,4.2,+0.00,0.00,SLOW,4405.50,4406.54,4403.14,4406.23,0.00,0.00,0.0,BEARISH,340.0,4406.19,4406.19,4406.19,4406.19,13,ACTIVE_13s,1.0,0.0,0.0,0.0,0.0,0.0,0.0,PASS_<20%,0.00,0.0,NO,STANDBY_VEL_LOW,1,1321.86,3268.14,132.45,FALSE,M1_DIRECTION_MISMATCH|OPENING_SHIELD_ACTIVE_13s
2026-09-07 19:38:13.811,1788809893.811,6395,16,143,4406.19,4406.27,8.0,PASS_<=10c,+0.0,FLAT,+0.0,+69.0,4.2,+0.00,0.00,SLOW,4405.50,4406.54,4403.14,4406.23,0.00,0.00,0.0,BEARISH,340.0,4406.19,4406.19,4406.19,4406.19,13,ACTIVE_13s,1.0,0.0,0.0,0.0,0.0,0.0,0.0,PASS_<20%,0.00,0.0,NO,STANDBY_VEL_LOW,1,1321.86,3268.14,132.45,FALSE,M1_DIRECTION_MISMATCH|OPENING_SHIELD_ACTIVE_13s
2026-09-07 19:38:14.313,1788809894.313,6396,17,144,4406.19,4406.27,8.0,PASS_<=10c,+0.0,FLAT,+0.0,+69.0,4.2,+0.00,0.00,SLOW,4405.50,4406.54,4403.14,4406.23,0.00,0.00,0.0,BEARISH,340.0,4406.19,4406.19,4406.19,4406.19,14,ACTIVE_14s,1.0,0.0,0.0,0.0,0.0,0.0,0.0,PASS_<20%,0.00,0.0,NO,STANDBY_VEL_LOW,1,1321.86,3268.14,132.45,FALSE,M1_DIRECTION_MISMATCH|OPENING_SHIELD_ACTIVE_14s
2026-09-07 19:38:19.829,1788809899.830,6397,18,145,4406.19,4406.27,8.0,PASS_<=10c,+0.0,FLAT,+0.0,+69.0,1.6,+0.00,0.00,SLOW,4405.50,4406.54,4403.14,4406.23,0.00,0.00,0.0,BEARISH,340.0,4406.19,4406.19,4406.19,4406.19,19,ACTIVE_19s,1.0,0.0,0.0,0.0,0.0,0.0,0.0,PASS_<20%,0.00,0.0,NO,STANDBY_VEL_LOW,1,1321.86,3268.14,132.45,FALSE,M1_DIRECTION_MISMATCH|OPENING_SHIELD_ACTIVE_19s
2026-09-07 19:38:29.860,1788809909.861,6398,19,146,4406.19,4406.27,8.0,PASS_<=10c,+0.0,FLAT,+0.0,+69.0,1.3,+0.00,0.00,SLOW,4405.50,4406.54,4403.14,4406.23,0.00,0.00,0.0,BEARISH,340.0,4406.19,4406.19,4406.19,4406.19,29,CLEARED_>=20s,1.0,0.0,0.0,0.0,0.0,0.0,0.0,PASS_<20%,0.00,0.0,NO,STANDBY_VEL_LOW,1,1321.86,3268.14,132.45,FALSE,M1_DIRECTION_MISMATCH
2026-09-07 19:38:30.215,1788809910.216,6399,20,147,4406.19,4406.27,8.0,PASS_<=10c,+0.0,FLAT,+0.0,+69.0,3.0,+0.00,0.00,SLOW,4405.50,4406.54,4403.14,4406.23,0.00,0.00,0.0,BEARISH,340.0,4406.19,4406.19,4406.19,4406.19,30,CLEARED_>=20s,1.0,0.0,0.0,0.0,0.0,0.0,0.0,PASS_<20%,0.00,0.0,NO,STANDBY_VEL_LOW,1,1321.86,3268.14,132.45,FALSE,M1_DIRECTION_MISMATCH
2026-09-07 19:38:30.717,1788809910.718,6400,21,148,4406.19,4406.27,8.0,PASS_<=10c,+0.0,FLAT,+0.0,+69.0,5.0,+0.00,0.00,SLOW,4405.50,4406.54,4403.14,4406.23,0.00,0.00,0.0,BEARISH,340.0,4406.19,4406.19,4406.19,4406.19,30,CLEARED_>=20s,1.0,0.0,0.0,0.0,0.0,0.0,0.0,PASS_<20%,0.00,0.0,NO,STANDBY_VEL_LOW,1,1321.86,3268.14,132.45,FALSE,M1_DIRECTION_MISMATCH
2026-09-07 19:38:31.220,1788809911.221,6401,22,149,4406.19,4406.27,8.0,PASS_<=10c,+0.0,FLAT,+0.0,+69.0,5.2,+0.00,0.00,SLOW,4405.50,4406.54,4403.14,4406.23,0.00,0.00,0.0,BEARISH,340.0,4406.19,4406.19,4406.19,4406.19,31,CLEARED_>=20s,1.0,0.0,0.0,0.0,0.0,0.0,0.0,PASS_<20%,0.00,0.0,NO,STANDBY_VEL_LOW,1,1321.86,3268.14,132.45,FALSE,M1_DIRECTION_MISMATCH
2026-09-07 19:38:31.721,1788809911.721,6402,23,150,4406.19,4406.27,8.0,PASS_<=10c,+0.0,FLAT,+0.0,+69.0,4.8,+0.00,0.00,SLOW,4405.50,4406.54,4403.14,4406.23,0.00,0.00,0.0,BEARISH,340.0,4406.19,4406.19,4406.19,4406.19,31,CLEARED_>=20s,1.0,0.0,0.0,0.0,0.0,0.0,0.0,PASS_<20%,0.00,0.0,NO,STANDBY_VEL_LOW,1,1321.86,3268.14,132.45,FALSE,M1_DIRECTION_MISMATCH
2026-09-07 19:38:32.222,1788809912.223,6403,24,151,4406.19,4406.27,8.0,PASS_<=10c,+0.0,FLAT,+0.0,+69.0,4.7,+0.00,0.00,SLOW,4405.50,4406.54,4403.14,4406.23,0.00,0.00,0.0,BEARISH,340.0,4406.19,4406.19,4406.19,4406.19,32,CLEARED_>=20s,1.0,0.0,0.0,0.0,0.0,0.0,0.0,PASS_<20%,0.00,0.0,NO,STANDBY_VEL_LOW,1,1321.86,3268.14,132.45,FALSE,M1_DIRECTION_MISMATCH
2026-09-07 19:38:32.723,1788809912.724,6404,25,152,4406.19,4406.27,8.0,PASS_<=10c,+0.0,FLAT,+0.0,+69.0,4.5,+0.00,0.00,SLOW,4405.50,4406.54,4403.14,4406.23,0.00,0.00,0.0,BEARISH,340.0,4406.19,4406.19,4406.19,4406.19,32,CLEARED_>=20s,1.0,0.0,0.0,0.0,0.0,0.0,0.0,PASS_<20%,0.00,0.0,NO,STANDBY_VEL_LOW,1,1321.86,3268.14,132.45,FALSE,M1_DIRECTION_MISMATCH
2026-09-07 19:38:33.224,1788809913.225,6405,26,153,4406.19,4406.27,8.0,PASS_<=10c,+0.0,FLAT,+0.0,+69.0,4.5,+0.00,0.00,SLOW,4405.50,4406.54,4403.14,4406.23,0.00,0.00,0.0,BEARISH,340.0,4406.19,4406.19,4406.19,4406.19,33,CLEARED_>=20s,1.0,0.0,0.0,0.0,0.0,0.0,0.0,PASS_<20%,0.00,0.0,NO,STANDBY_VEL_LOW,1,1321.86,3268.14,132.45,FALSE,M1_DIRECTION_MISMATCH
2026-09-07 19:38:33.726,1788809913.726,6406,27,154,4406.19,4406.27,8.0,PASS_<=10c,+0.0,FLAT,+0.0,+69.0,4.4,+0.00,0.00,SLOW,4405.50,4406.54,4403.14,4406.23,0.00,0.00,0.0,BEARISH,340.0,4406.19,4406.19,4406.19,4406.19,33,CLEARED_>=20s,1.0,0.0,0.0,0.0,0.0,0.0,0.0,PASS_<20%,0.00,0.0,NO,STANDBY_VEL_LOW,1,1321.86,3268.14,132.45,FALSE,M1_DIRECTION_MISMATCH
2026-09-07 19:38:34.227,1788809914.227,6407,28,155,4406.19,4406.27,8.0,PASS_<=10c,+0.0,FLAT,+0.0,+69.0,4.4,+0.00,0.00,SLOW,4405.50,4406.54,4403.14,4406.23,0.00,0.00,0.0,BEARISH,340.0,4406.19,4406.19,4406.19,4406.19,34,CLEARED_>=20s,1.0,0.0,0.0,0.0,0.0,0.0,0.0,PASS_<20%,0.00,0.0,NO,STANDBY_VEL_LOW,1,1321.86,3268.14,132.45,FALSE,M1_DIRECTION_MISMATCH
2026-09-07 19:38:34.728,1788809914.728,6408,29,156,4406.19,4406.27,8.0,PASS_<=10c,+0.0,FLAT,+0.0,+69.0,4.3,+0.00,0.00,SLOW,4405.50,4406.54,4403.14,4406.23,0.00,0.00,0.0,BEARISH,340.0,4406.19,4406.19,4406.19,4406.19,34,CLEARED_>=20s,1.0,0.0,0.0,0.0,0.0,0.0,0.0,PASS_<20%,0.00,0.0,NO,STANDBY_VEL_LOW,1,1321.86,3268.14,132.45,FALSE,M1_DIRECTION_MISMATCH
2026-09-07 19:38:35.230,1788809915.231,6409,30,157,4406.19,4406.27,8.0,PASS_<=10c,+0.0,FLAT,+0.0,+69.0,4.2,+0.00,0.00,SLOW,4405.50,4406.54,4403.14,4406.23,0.00,0.00,0.0,BEARISH,340.0,4406.19,4406.19,4406.19,4406.19,35,CLEARED_>=20s,1.0,0.0,0.0,0.0,0.0,0.0,0.0,PASS_<20%,0.00,0.0,NO,STANDBY_VEL_LOW,1,1321.86,3268.14,132.45,FALSE,M1_DIRECTION_MISMATCH
2026-09-07 19:38:35.737,1788809915.738,6410,31,158,4406.19,4406.27,8.0,PASS_<=10c,+0.0,FLAT,+0.0,+69.0,4.2,+0.00,0.00,SLOW,4405.50,4406.54,4403.14,4406.23,0.00,0.00,0.0,BEARISH,340.0,4406.19,4406.19,4406.19,4406.19,35,CLEARED_>=20s,1.0,0.0,0.0,0.0,0.0,0.0,0.0,PASS_<20%,0.00,0.0,NO,STANDBY_VEL_LOW,1,1321.86,3268.14,132.45,FALSE,M1_DIRECTION_MISMATCH
2026-09-07 19:38:36.239,1788809916.240,6411,32,159,4406.19,4406.27,8.0,PASS_<=10c,+0.0,FLAT,+0.0,+69.0,4.2,+0.00,0.00,SLOW,4405.50,4406.54,4403.14,4406.23,0.00,0.00,0.0,BEARISH,340.0,4406.19,4406.19,4406.19,4406.19,36,CLEARED_>=20s,1.0,0.0,0.0,0.0,0.0,0.0,0.0,PASS_<20%,0.00,0.0,NO,STANDBY_VEL_LOW,1,1321.86,3268.14,132.45,FALSE,M1_DIRECTION_MISMATCH
2026-09-07 19:38:36.741,1788809916.741,6412,33,160,4406.19,4406.27,8.0,PASS_<=10c,+0.0,FLAT,+0.0,+69.0,4.2,+0.00,0.00,SLOW,4405.50,4406.54,4403.14,4406.23,0.00,0.00,0.0,BEARISH,340.0,4406.19,4406.19,4406.19,4406.19,36,CLEARED_>=20s,1.0,0.0,0.0,0.0,0.0,0.0,0.0,PASS_<20%,0.00,0.0,NO,STANDBY_VEL_LOW,1,1321.86,3268.14,132.45,FALSE,M1_DIRECTION_MISMATCH
2026-09-07 19:38:37.242,1788809917.242,6413,34,161,4406.19,4406.27,8.0,PASS_<=10c,+0.0,FLAT,+0.0,+69.0,4.2,+0.00,0.00,SLOW,4405.50,4406.54,4403.14,4406.23,0.00,0.00,0.0,BEARISH,340.0,4406.19,4406.19,4406.19,4406.19,37,CLEARED_>=20s,1.0,0.0,0.0,0.0,0.0,0.0,0.0,PASS_<20%,0.00,0.0,NO,STANDBY_VEL_LOW,1,1321.86,3268.14,132.45,FALSE,M1_DIRECTION_MISMATCH
2026-09-07 19:38:37.743,1788809917.743,6414,35,162,4406.19,4406.27,8.0,PASS_<=10c,+0.0,FLAT,+0.0,+69.0,4.2,+0.00,0.00,SLOW,4405.50,4406.54,4403.14,4406.23,0.00,0.00,0.0,BEARISH,340.0,4406.19,4406.19,4406.19,4406.19,37,CLEARED_>=20s,1.0,0.0,0.0,0.0,0.0,0.0,0.0,PASS_<20%,0.00,0.0,NO,STANDBY_VEL_LOW,1,1321.86,3268.14,132.45,FALSE,M1_DIRECTION_MISMATCH
2026-09-07 19:38:48.120,1788809928.121,6415,36,163,4406.19,4406.27,8.0,PASS_<=10c,+0.0,FLAT,+0.0,+69.0,1.3,+0.00,0.00,SLOW,4405.50,4406.54,4403.14,4406.23,0.00,0.00,0.0,BEARISH,340.0,4406.19,4406.19,4406.19,4406.19,48,CLEARED_>=20s,1.0,0.0,0.0,0.0,0.0,0.0,0.0,PASS_<20%,0.00,0.0,NO,STANDBY_VEL_LOW,1,1321.86,3268.14,132.45,FALSE,M1_DIRECTION_MISMATCH
2026-09-07 19:38:54.341,1788809934.341,6416,37,164,4406.19,4406.27,8.0,PASS_<=10c,+0.0,FLAT,+0.0,+69.0,1.8,+0.00,0.00,SLOW,4405.50,4406.54,4403.14,4406.23,0.00,0.00,0.0,BEARISH,340.0,4406.19,4406.19,4406.19,4406.19,54,CLEARED_>=20s,1.0,0.0,0.0,0.0,0.0,0.0,0.0,PASS_<20%,0.00,0.0,NO,STANDBY_VEL_LOW,1,1321.86,3268.14,132.45,FALSE,M1_DIRECTION_MISMATCH
2026-09-07 19:38:54.695,1788809934.695,6417,38,165,4406.19,4406.27,8.0,PASS_<=10c,+0.0,FLAT,+0.0,+69.0,2.7,+0.00,0.00,SLOW,4405.50,4406.54,4403.14,4406.23,0.00,0.00,0.0,BEARISH,340.0,4406.19,4406.19,4406.19,4406.19,54,CLEARED_>=20s,1.0,0.0,0.0,0.0,0.0,0.0,0.0,PASS_<20%,0.00,0.0,NO,STANDBY_VEL_LOW,1,1321.86,3268.14,132.45,FALSE,M1_DIRECTION_MISMATCH
2026-09-07 19:38:55.197,1788809935.197,6418,39,166,4406.19,4406.27,8.0,PASS_<=10c,+0.0,FLAT,+0.0,+69.0,3.1,+0.00,0.00,SLOW,4405.50,4406.54,4403.14,4406.23,0.00,0.00,0.0,BEARISH,340.0,4406.19,4406.19,4406.19,4406.19,55,CLEARED_>=20s,1.0,0.0,0.0,0.0,0.0,0.0,0.0,PASS_<20%,0.00,0.0,NO,STANDBY_VEL_LOW,1,1321.86,3268.14,132.45,FALSE,M1_DIRECTION_MISMATCH
2026-09-07 19:38:55.698,1788809935.699,6419,40,167,4406.19,4406.27,8.0,PASS_<=10c,+0.0,FLAT,+0.0,+69.0,3.3,+0.00,0.00,SLOW,4405.50,4406.54,4403.14,4406.23,0.00,0.00,0.0,BEARISH,340.0,4406.19,4406.19,4406.19,4406.19,55,CLEARED_>=20s,1.0,0.0,0.0,0.0,0.0,0.0,0.0,PASS_<20%,0.00,0.0,NO,STANDBY_VEL_LOW,1,1321.86,3268.14,132.45,FALSE,M1_DIRECTION_MISMATCH
2026-09-07 19:38:56.200,1788809936.201,6420,41,168,4406.19,4406.27,8.0,PASS_<=10c,+0.0,FLAT,+0.0,+69.0,3.4,+0.00,0.00,SLOW,4405.50,4406.54,4403.14,4406.23,0.00,0.00,0.0,BEARISH,340.0,4406.19,4406.19,4406.19,4406.19,56,CLEARED_>=20s,1.0,0.0,0.0,0.0,0.0,0.0,0.0,PASS_<20%,0.00,0.0,NO,STANDBY_VEL_LOW,1,1321.86,3268.14,132.45,FALSE,M1_DIRECTION_MISMATCH
2026-09-07 19:38:56.701,1788809936.702,6421,42,169,4406.19,4406.27,8.0,PASS_<=10c,+0.0,FLAT,+0.0,+69.0,3.5,+0.00,0.00,SLOW,4405.50,4406.54,4403.14,4406.23,0.00,0.00,0.0,BEARISH,340.0,4406.19,4406.19,4406.19,4406.19,56,CLEARED_>=20s,1.0,0.0,0.0,0.0,0.0,0.0,0.0,PASS_<20%,0.00,0.0,NO,STANDBY_VEL_LOW,1,1321.86,3268.14,132.45,FALSE,M1_DIRECTION_MISMATCH
2026-09-07 19:38:57.203,1788809937.203,6422,43,170,4406.19,4406.27,8.0,PASS_<=10c,+0.0,FLAT,+0.0,+69.0,3.5,+0.00,0.00,SLOW,4405.50,4406.54,4403.14,4406.23,0.00,0.00,0.0,BEARISH,340.0,4406.19,4406.19,4406.19,4406.19,57,CLEARED_>=20s,1.0,0.0,0.0,0.0,0.0,0.0,0.0,PASS_<20%,0.00,0.0,NO,STANDBY_VEL_LOW,1,1321.86,3268.14,132.45,FALSE,M1_DIRECTION_MISMATCH
2026-09-07 19:38:57.705,1788809937.706,6423,44,171,4406.19,4406.27,8.0,PASS_<=10c,+0.0,FLAT,+0.0,+69.0,3.6,+0.00,0.00,SLOW,4405.50,4406.54,4403.14,4406.23,0.00,0.00,0.0,BEARISH,340.0,4406.19,4406.19,4406.19,4406.19,57,CLEARED_>=20s,1.0,0.0,0.0,0.0,0.0,0.0,0.0,PASS_<20%,0.00,0.0,NO,STANDBY_VEL_LOW,1,1321.86,3268.14,132.45,FALSE,M1_DIRECTION_MISMATCH
2026-09-07 19:38:58.207,1788809938.208,6424,45,172,4406.19,4406.27,8.0,PASS_<=10c,+0.0,FLAT,+0.0,+69.0,3.6,+0.00,0.00,SLOW,4405.50,4406.54,4403.14,4406.23,0.00,0.00,0.0,BEARISH,340.0,4406.19,4406.19,4406.19,4406.19,58,CLEARED_>=20s,1.0,0.0,0.0,0.0,0.0,0.0,0.0,PASS_<20%,0.00,0.0,NO,STANDBY_VEL_LOW,1,1321.86,3268.14,132.45,FALSE,M1_DIRECTION_MISMATCH
2026-09-07 19:38:58.710,1788809938.710,6425,46,173,4406.19,4406.27,8.0,PASS_<=10c,+0.0,FLAT,+0.0,+69.0,4.3,+0.00,0.00,SLOW,4405.50,4406.54,4403.14,4406.23,0.00,0.00,0.0,BEARISH,340.0,4406.19,4406.19,4406.19,4406.19,58,CLEARED_>=20s,1.0,0.0,0.0,0.0,0.0,0.0,0.0,PASS_<20%,0.00,0.0,NO,STANDBY_VEL_LOW,1,1321.86,3268.14,132.45,FALSE,M1_DIRECTION_MISMATCH
2026-09-07 19:38:59.213,1788809939.213,6426,47,174,4406.19,4406.27,8.0,PASS_<=10c,+0.0,FLAT,+0.0,+69.0,4.3,+0.00,0.00,SLOW,4405.50,4406.54,4403.14,4406.23,0.00,0.00,0.0,BEARISH,340.0,4406.19,4406.19,4406.19,4406.19,59,CLEARED_>=20s,1.0,0.0,0.0,0.0,0.0,0.0,0.0,PASS_<20%,0.00,0.0,NO,STANDBY_VEL_LOW,1,1321.86,3268.14,132.45,FALSE,M1_DIRECTION_MISMATCH
2026-09-07 19:38:59.714,1788809939.715,6427,48,175,4406.19,4406.27,8.0,PASS_<=10c,+0.0,FLAT,+0.0,+69.0,4.2,+0.00,0.00,SLOW,4405.50,4406.54,4403.14,4406.23,0.00,0.00,0.0,BEARISH,340.0,4406.19,4406.19,4406.19,4406.19,59,CLEARED_>=20s,1.0,0.0,0.0,0.0,0.0,0.0,0.0,PASS_<20%,0.00,0.0,NO,STANDBY_VEL_LOW,1,1321.86,3268.14,132.45,FALSE,M1_DIRECTION_MISMATCH
2026-09-07 19:39:00.216,1788809940.216,6428,1,176,4406.19,4406.27,8.0,PASS_<=10c,+0.0,FLAT,+0.0,+69.0,4.2,+0.00,0.00,SLOW,4405.50,4406.54,4403.14,4406.23,0.00,0.00,0.0,BEARISH,340.0,4406.19,4406.19,4406.19,4406.19,0,ACTIVE_0s,1.0,0.0,0.0,0.0,0.0,0.0,0.0,PASS_<20%,0.00,0.0,NO,STANDBY_VEL_LOW,1,1321.86,3268.14,132.45,FALSE,M1_DIRECTION_MISMATCH|OPENING_SHIELD_ACTIVE_0s
2026-09-07 19:39:00.719,1788809940.719,6429,2,177,4406.19,4406.27,8.0,PASS_<=10c,+0.0,FLAT,+0.0,+69.0,4.2,+0.00,0.00,SLOW,4405.50,4406.54,4403.14,4406.23,0.00,0.00,0.0,BEARISH,340.0,4406.19,4406.19,4406.19,4406.19,0,ACTIVE_0s,1.0,0.0,0.0,0.0,0.0,0.0,0.0,PASS_<20%,0.00,0.0,NO,STANDBY_VEL_LOW,1,1321.86,3268.14,132.45,FALSE,M1_DIRECTION_MISMATCH|OPENING_SHIELD_ACTIVE_0s
2026-09-07 19:39:01.220,1788809941.221,6430,3,178,4406.19,4406.27,8.0,PASS_<=10c,+0.0,FLAT,+0.0,+69.0,4.2,+0.00,0.00,SLOW,4405.50,4406.54,4403.14,4406.23,0.00,0.00,0.0,BEARISH,340.0,4406.19,4406.19,4406.19,4406.19,1,ACTIVE_1s,1.0,0.0,0.0,0.0,0.0,0.0,0.0,PASS_<20%,0.00,0.0,NO,STANDBY_VEL_LOW,1,1321.86,3268.14,132.45,FALSE,M1_DIRECTION_MISMATCH|OPENING_SHIELD_ACTIVE_1s
2026-09-07 19:39:01.722,1788809941.722,6431,4,179,4406.19,4406.27,8.0,PASS_<=10c,+0.0,FLAT,+0.0,+69.0,4.2,+0.00,0.00,SLOW,4405.50,4406.54,4403.14,4406.23,0.00,0.00,0.0,BEARISH,340.0,4406.19,4406.19,4406.19,4406.19,1,ACTIVE_1s,1.0,0.0,0.0,0.0,0.0,0.0,0.0,PASS_<20%,0.00,0.0,NO,STANDBY_VEL_LOW,1,1321.86,3268.14,132.45,FALSE,M1_DIRECTION_MISMATCH|OPENING_SHIELD_ACTIVE_1s
2026-09-07 19:39:02.222,1788809942.223,6432,5,180,4406.19,4406.27,8.0,PASS_<=10c,+0.0,FLAT,+0.0,+69.0,4.2,+0.00,0.00,SLOW,4405.50,4406.54,4403.14,4406.23,0.00,0.00,0.0,BEARISH,340.0,4406.19,4406.19,4406.19,4406.19,2,ACTIVE_2s,1.0,0.0,0.0,0.0,0.0,0.0,0.0,PASS_<20%,0.00,0.0,NO,STANDBY_VEL_LOW,1,1321.86,3268.14,132.45,FALSE,M1_DIRECTION_MISMATCH|OPENING_SHIELD_ACTIVE_2s
2026-09-07 19:39:12.602,1788809952.603,6433,6,181,4406.19,4406.27,8.0,PASS_<=10c,+0.0,FLAT,+0.0,+69.0,1.4,+0.00,0.00,SLOW,4405.50,4406.54,4403.14,4406.23,0.00,0.00,0.0,BEARISH,340.0,4406.19,4406.19,4406.19,4406.19,12,ACTIVE_12s,1.0,0.0,0.0,0.0,0.0,0.0,0.0,PASS_<20%,0.00,0.0,NO,STANDBY_VEL_LOW,1,1321.86,3268.14,132.45,FALSE,M1_DIRECTION_MISMATCH|OPENING_SHIELD_ACTIVE_12s
2026-09-07 19:39:17.820,1788809957.821,6434,7,182,4406.19,4406.27,8.0,PASS_<=10c,+0.0,FLAT,+0.0,+69.0,2.0,+0.00,0.00,SLOW,4405.50,4406.54,4403.14,4406.23,0.00,0.00,0.0,BEARISH,340.0,4406.19,4406.19,4406.19,4406.19,17,ACTIVE_17s,1.0,0.0,0.0,0.0,0.0,0.0,0.0,PASS_<20%,0.00,0.0,NO,STANDBY_VEL_LOW,1,1321.86,3268.14,132.45,FALSE,M1_DIRECTION_MISMATCH|OPENING_SHIELD_ACTIVE_17s
2026-09-07 19:39:18.322,1788809958.323,6435,8,183,4406.19,4406.27,8.0,PASS_<=10c,+0.0,FLAT,+0.0,+69.0,4.0,+0.00,0.00,SLOW,4405.50,4406.54,4403.14,4406.23,0.00,0.00,0.0,BEARISH,340.0,4406.19,4406.19,4406.19,4406.19,18,ACTIVE_18s,1.0,0.0,0.0,0.0,0.0,0.0,0.0,PASS_<20%,0.00,0.0,NO,STANDBY_VEL_LOW,1,1321.86,3268.14,132.45,FALSE,M1_DIRECTION_MISMATCH|OPENING_SHIELD_ACTIVE_18s
2026-09-07 19:39:18.826,1788809958.827,6436,9,184,4406.19,4406.27,8.0,PASS_<=10c,+0.0,FLAT,+0.0,+69.0,5.4,+0.00,0.00,SLOW,4405.50,4406.54,4403.14,4406.23,0.00,0.00,0.0,BEARISH,340.0,4406.19,4406.19,4406.19,4406.19,18,ACTIVE_18s,1.0,0.0,0.0,0.0,0.0,0.0,0.0,PASS_<20%,0.00,0.0,NO,STANDBY_VEL_LOW,1,1321.86,3268.14,132.45,FALSE,M1_DIRECTION_MISMATCH|OPENING_SHIELD_ACTIVE_18s
2026-09-07 19:39:19.328,1788809959.328,6437,10,185,4406.19,4406.27,8.0,PASS_<=10c,+0.0,FLAT,+0.0,+69.0,5.0,+0.00,0.00,SLOW,4405.50,4406.54,4403.14,4406.23,0.00,0.00,0.0,BEARISH,340.0,4406.19,4406.19,4406.19,4406.19,19,ACTIVE_19s,1.0,0.0,0.0,0.0,0.0,0.0,0.0,PASS_<20%,0.00,0.0,NO,STANDBY_VEL_LOW,1,1321.86,3268.14,132.45,FALSE,M1_DIRECTION_MISMATCH|OPENING_SHIELD_ACTIVE_19s
2026-09-07 19:39:19.829,1788809959.830,6438,11,186,4406.19,4406.27,8.0,PASS_<=10c,+0.0,FLAT,+0.0,+69.0,4.7,+0.00,0.00,SLOW,4405.50,4406.54,4403.14,4406.23,0.00,0.00,0.0,BEARISH,340.0,4406.19,4406.19,4406.19,4406.19,19,ACTIVE_19s,1.0,0.0,0.0,0.0,0.0,0.0,0.0,PASS_<20%,0.00,0.0,NO,STANDBY_VEL_LOW,1,1321.86,3268.14,132.45,FALSE,M1_DIRECTION_MISMATCH|OPENING_SHIELD_ACTIVE_19s
2026-09-07 19:39:20.330,1788809960.330,6439,12,187,4406.19,4406.27,8.0,PASS_<=10c,+0.0,FLAT,+0.0,+69.0,4.6,+0.00,0.00,SLOW,4405.50,4406.54,4403.14,4406.23,0.00,0.00,0.0,BEARISH,340.0,4406.19,4406.19,4406.19,4406.19,20,CLEARED_>=20s,1.0,0.0,0.0,0.0,0.0,0.0,0.0,PASS_<20%,0.00,0.0,NO,STANDBY_VEL_LOW,1,1321.86,3268.14,132.45,FALSE,M1_DIRECTION_MISMATCH
2026-09-07 19:39:20.831,1788809960.832,6440,13,188,4406.19,4406.27,8.0,PASS_<=10c,+0.0,FLAT,+0.0,+69.0,4.5,+0.00,0.00,SLOW,4405.50,4406.54,4403.14,4406.23,0.00,0.00,0.0,BEARISH,340.0,4406.19,4406.19,4406.19,4406.19,20,CLEARED_>=20s,1.0,0.0,0.0,0.0,0.0,0.0,0.0,PASS_<20%,0.00,0.0,NO,STANDBY_VEL_LOW,1,1321.86,3268.14,132.45,FALSE,M1_DIRECTION_MISMATCH
2026-09-07 19:39:21.333,1788809961.334,6441,14,189,4406.19,4406.27,8.0,PASS_<=10c,+0.0,FLAT,+0.0,+69.0,4.4,+0.00,0.00,SLOW,4405.50,4406.54,4403.14,4406.23,0.00,0.00,0.0,BEARISH,340.0,4406.19,4406.19,4406.19,4406.19,21,CLEARED_>=20s,1.0,0.0,0.0,0.0,0.0,0.0,0.0,PASS_<20%,0.00,0.0,NO,STANDBY_VEL_LOW,1,1321.86,3268.14,132.45,FALSE,M1_DIRECTION_MISMATCH
2026-09-07 19:39:21.835,1788809961.835,6442,15,190,4406.19,4406.27,8.0,PASS_<=10c,+0.0,FLAT,+0.0,+69.0,4.4,+0.00,0.00,SLOW,4405.50,4406.54,4403.14,4406.23,0.00,0.00,0.0,BEARISH,340.0,4406.19,4406.19,4406.19,4406.19,21,CLEARED_>=20s,1.0,0.0,0.0,0.0,0.0,0.0,0.0,PASS_<20%,0.00,0.0,NO,STANDBY_VEL_LOW,1,1321.86,3268.14,132.45,FALSE,M1_DIRECTION_MISMATCH
2026-09-07 19:39:22.337,1788809962.338,6443,16,191,4406.19,4406.27,8.0,PASS_<=10c,+0.0,FLAT,+0.0,+69.0,4.3,+0.00,0.00,SLOW,4405.50,4406.54,4403.14,4406.23,0.00,0.00,0.0,BEARISH,340.0,4406.19,4406.19,4406.19,4406.19,22,CLEARED_>=20s,1.0,0.0,0.0,0.0,0.0,0.0,0.0,PASS_<20%,0.00,0.0,NO,STANDBY_VEL_LOW,1,1321.86,3268.14,132.45,FALSE,M1_DIRECTION_MISMATCH
2026-09-07 19:39:22.838,1788809962.839,6444,17,192,4406.19,4406.27,8.0,PASS_<=10c,+0.0,FLAT,+0.0,+69.0,4.2,+0.00,0.00,SLOW,4405.50,4406.54,4403.14,4406.23,0.00,0.00,0.0,BEARISH,340.0,4406.19,4406.19,4406.19,4406.19,22,CLEARED_>=20s,1.0,0.0,0.0,0.0,0.0,0.0,0.0,PASS_<20%,0.00,0.0,NO,STANDBY_VEL_LOW,1,1321.86,3268.14,132.45,FALSE,M1_DIRECTION_MISMATCH
2026-09-07 19:39:23.340,1788809963.340,6445,18,193,4406.19,4406.27,8.0,PASS_<=10c,+0.0,FLAT,+0.0,+69.0,4.2,+0.00,0.00,SLOW,4405.50,4406.54,4403.14,4406.23,0.00,0.00,0.0,BEARISH,340.0,4406.19,4406.19,4406.19,4406.19,23,CLEARED_>=20s,1.0,0.0,0.0,0.0,0.0,0.0,0.0,PASS_<20%,0.00,0.0,NO,STANDBY_VEL_LOW,1,1321.86,3268.14,132.45,FALSE,M1_DIRECTION_MISMATCH
2026-09-07 19:39:23.841,1788809963.842,6446,19,194,4406.19,4406.27,8.0,PASS_<=10c,+0.0,FLAT,+0.0,+69.0,4.2,+0.00,0.00,SLOW,4405.50,4406.54,4403.14,4406.23,0.00,0.00,0.0,BEARISH,340.0,4406.19,4406.19,4406.19,4406.19,23,CLEARED_>=20s,1.0,0.0,0.0,0.0,0.0,0.0,0.0,PASS_<20%,0.00,0.0,NO,STANDBY_VEL_LOW,1,1321.86,3268.14,132.45,FALSE,M1_DIRECTION_MISMATCH
2026-09-07 19:39:24.344,1788809964.344,6447,20,195,4406.19,4406.27,8.0,PASS_<=10c,+0.0,FLAT,+0.0,+69.0,4.2,+0.00,0.00,SLOW,4405.50,4406.54,4403.14,4406.23,0.00,0.00,0.0,BEARISH,340.0,4406.19,4406.19,4406.19,4406.19,24,CLEARED_>=20s,1.0,0.0,0.0,0.0,0.0,0.0,0.0,PASS_<20%,0.00,0.0,NO,STANDBY_VEL_LOW,1,1321.86,3268.14,132.45,FALSE,M1_DIRECTION_MISMATCH
2026-09-07 19:39:24.846,1788809964.846,6448,21,196,4406.19,4406.27,8.0,PASS_<=10c,+0.0,FLAT,+0.0,+69.0,4.2,+0.00,0.00,SLOW,4405.50,4406.54,4403.14,4406.23,0.00,0.00,0.0,BEARISH,340.0,4406.19,4406.19,4406.19,4406.19,24,CLEARED_>=20s,1.0,0.0,0.0,0.0,0.0,0.0,0.0,PASS_<20%,0.00,0.0,NO,STANDBY_VEL_LOW,1,1321.86,3268.14,132.45,FALSE,M1_DIRECTION_MISMATCH
2026-09-07 19:39:25.347,1788809965.347,6449,22,197,4406.19,4406.27,8.0,PASS_<=10c,+0.0,FLAT,+0.0,+69.0,4.2,+0.00,0.00,SLOW,4405.50,4406.54,4403.14,4406.23,0.00,0.00,0.0,BEARISH,340.0,4406.19,4406.19,4406.19,4406.19,25,CLEARED_>=20s,1.0,0.0,0.0,0.0,0.0,0.0,0.0,PASS_<20%,0.00,0.0,NO,STANDBY_VEL_LOW,1,1321.86,3268.14,132.45,FALSE,M1_DIRECTION_MISMATCH
2026-09-07 19:39:25.851,1788809965.852,6450,23,198,4406.19,4406.27,8.0,PASS_<=10c,+0.0,FLAT,+0.0,+69.0,4.2,+0.00,0.00,SLOW,4405.50,4406.54,4403.14,4406.23,0.00,0.00,0.0,BEARISH,340.0,4406.19,4406.19,4406.19,4406.19,25,CLEARED_>=20s,1.0,0.0,0.0,0.0,0.0,0.0,0.0,PASS_<20%,0.00,0.0,NO,STANDBY_VEL_LOW,1,1321.86,3268.14,132.45,FALSE,M1_DIRECTION_MISMATCH
2026-09-07 19:39:36.224,1788809976.225,6451,24,199,4406.19,4406.27,8.0,PASS_<=10c,+0.0,FLAT,+0.0,+69.0,1.4,+0.00,0.00,SLOW,4405.50,4406.54,4403.14,4406.23,0.00,0.00,0.0,BEARISH,340.0,4406.19,4406.19,4406.19,4406.19,36,CLEARED_>=20s,1.0,0.0,0.0,0.0,0.0,0.0,0.0,PASS_<20%,0.00,0.0,NO,STANDBY_VEL_LOW,1,1321.86,3268.14,132.45,FALSE,M1_DIRECTION_MISMATCH
2026-09-07 19:39:42.845,1788809982.845,6452,25,200,4406.19,4406.27,8.0,PASS_<=10c,+0.0,FLAT,+0.0,+69.0,1.3,+0.00,0.00,SLOW,4405.50,4406.54,4403.14,4406.23,0.00,0.00,0.0,BEARISH,340.0,4406.19,4406.19,4406.19,4406.19,42,CLEARED_>=20s,1.0,0.0,0.0,0.0,0.0,0.0,0.0,PASS_<20%,0.00,0.0,NO,STANDBY_VEL_LOW,1,1321.86,3268.14,132.45,FALSE,M1_DIRECTION_MISMATCH
2026-09-07 19:39:43.199,1788809983.200,6453,26,201,4406.19,4406.27,8.0,PASS_<=10c,+0.0,FLAT,+0.0,+69.0,2.2,+0.00,0.00,SLOW,4405.50,4406.54,4403.14,4406.23,0.00,0.00,0.0,BEARISH,340.0,4406.19,4406.19,4406.19,4406.19,43,CLEARED_>=20s,1.0,0.0,0.0,0.0,0.0,0.0,0.0,PASS_<20%,0.00,0.0,NO,STANDBY_VEL_LOW,1,1321.86,3268.14,132.45,FALSE,M1_DIRECTION_MISMATCH
2026-09-07 19:39:43.701,1788809983.702,6454,27,202,4406.19,4406.27,8.0,PASS_<=10c,+0.0,FLAT,+0.0,+69.0,2.5,+0.00,0.00,SLOW,4405.50,4406.54,4403.14,4406.23,0.00,0.00,0.0,BEARISH,340.0,4406.19,4406.19,4406.19,4406.19,43,CLEARED_>=20s,1.0,0.0,0.0,0.0,0.0,0.0,0.0,PASS_<20%,0.00,0.0,NO,STANDBY_VEL_LOW,1,1321.86,3268.14,132.45,FALSE,M1_DIRECTION_MISMATCH
2026-09-07 19:39:44.203,1788809984.203,6455,28,203,4406.19,4406.27,8.0,PASS_<=10c,+0.0,FLAT,+0.0,+69.0,2.8,+0.00,0.00,SLOW,4405.50,4406.54,4403.14,4406.23,0.00,0.00,0.0,BEARISH,340.0,4406.19,4406.19,4406.19,4406.19,44,CLEARED_>=20s,1.0,0.0,0.0,0.0,0.0,0.0,0.0,PASS_<20%,0.00,0.0,NO,STANDBY_VEL_LOW,1,1321.86,3268.14,132.45,FALSE,M1_DIRECTION_MISMATCH
2026-09-07 19:39:44.705,1788809984.705,6456,29,204,4406.19,4406.27,8.0,PASS_<=10c,+0.0,FLAT,+0.0,+69.0,3.0,+0.00,0.00,SLOW,4405.50,4406.54,4403.14,4406.23,0.00,0.00,0.0,BEARISH,340.0,4406.19,4406.19,4406.19,4406.19,44,CLEARED_>=20s,1.0,0.0,0.0,0.0,0.0,0.0,0.0,PASS_<20%,0.00,0.0,NO,STANDBY_VEL_LOW,1,1321.86,3268.14,132.45,FALSE,M1_DIRECTION_MISMATCH
2026-09-07 19:39:45.206,1788809985.207,6457,30,205,4406.19,4406.27,8.0,PASS_<=10c,+0.0,FLAT,+0.0,+69.0,3.1,+0.00,0.00,SLOW,4405.50,4406.54,4403.14,4406.23,0.00,0.00,0.0,BEARISH,340.0,4406.19,4406.19,4406.19,4406.19,45,CLEARED_>=20s,1.0,0.0,0.0,0.0,0.0,0.0,0.0,PASS_<20%,0.00,0.0,NO,STANDBY_VEL_LOW,1,1321.86,3268.14,132.45,FALSE,M1_DIRECTION_MISMATCH
2026-09-07 19:39:45.708,1788809985.708,6458,31,206,4406.19,4406.27,8.0,PASS_<=10c,+0.0,FLAT,+0.0,+69.0,3.2,+0.00,0.00,SLOW,4405.50,4406.54,4403.14,4406.23,0.00,0.00,0.0,BEARISH,340.0,4406.19,4406.19,4406.19,4406.19,45,CLEARED_>=20s,1.0,0.0,0.0,0.0,0.0,0.0,0.0,PASS_<20%,0.00,0.0,NO,STANDBY_VEL_LOW,1,1321.86,3268.14,132.45,FALSE,M1_DIRECTION_MISMATCH
2026-09-07 19:39:46.209,1788809986.210,6459,32,207,4406.19,4406.27,8.0,PASS_<=10c,+0.0,FLAT,+0.0,+69.0,3.3,+0.00,0.00,SLOW,4405.50,4406.54,4403.14,4406.23,0.00,0.00,0.0,BEARISH,340.0,4406.19,4406.19,4406.19,4406.19,46,CLEARED_>=20s,1.0,0.0,0.0,0.0,0.0,0.0,0.0,PASS_<20%,0.00,0.0,NO,STANDBY_VEL_LOW,1,1321.86,3268.14,132.45,FALSE,M1_DIRECTION_MISMATCH
2026-09-07 19:39:46.710,1788809986.711,6460,33,208,4406.19,4406.27,8.0,PASS_<=10c,+0.0,FLAT,+0.0,+69.0,4.4,+0.00,0.00,SLOW,4405.50,4406.54,4403.14,4406.23,0.00,0.00,0.0,BEARISH,340.0,4406.19,4406.19,4406.19,4406.19,46,CLEARED_>=20s,1.0,0.0,0.0,0.0,0.0,0.0,0.0,PASS_<20%,0.00,0.0,NO,STANDBY_VEL_LOW,1,1321.86,3268.14,132.45,FALSE,M1_DIRECTION_MISMATCH
2026-09-07 19:39:47.213,1788809987.214,6461,34,209,4406.19,4406.27,8.0,PASS_<=10c,+0.0,FLAT,+0.0,+69.0,4.3,+0.00,0.00,SLOW,4405.50,4406.54,4403.14,4406.23,0.00,0.00,0.0,BEARISH,340.0,4406.19,4406.19,4406.19,4406.19,47,CLEARED_>=20s,1.0,0.0,0.0,0.0,0.0,0.0,0.0,PASS_<20%,0.00,0.0,NO,STANDBY_VEL_LOW,1,1321.86,3268.14,132.45,FALSE,M1_DIRECTION_MISMATCH
2026-09-07 19:39:47.715,1788809987.715,6462,35,210,4406.19,4406.27,8.0,PASS_<=10c,+0.0,FLAT,+0.0,+69.0,4.3,+0.00,0.00,SLOW,4405.50,4406.54,4403.14,4406.23,0.00,0.00,0.0,BEARISH,340.0,4406.19,4406.19,4406.19,4406.19,47,CLEARED_>=20s,1.0,0.0,0.0,0.0,0.0,0.0,0.0,PASS_<20%,0.00,0.0,NO,STANDBY_VEL_LOW,1,1321.86,3268.14,132.45,FALSE,M1_DIRECTION_MISMATCH
2026-09-07 19:39:48.216,1788809988.217,6463,36,211,4406.19,4406.27,8.0,PASS_<=10c,+0.0,FLAT,+0.0,+69.0,4.2,+0.00,0.00,SLOW,4405.50,4406.54,4403.14,4406.23,0.00,0.00,0.0,BEARISH,340.0,4406.19,4406.19,4406.19,4406.19,48,CLEARED_>=20s,1.0,0.0,0.0,0.0,0.0,0.0,0.0,PASS_<20%,0.00,0.0,NO,STANDBY_VEL_LOW,1,1321.86,3268.14,132.45,FALSE,M1_DIRECTION_MISMATCH
2026-09-07 19:39:48.718,1788809988.719,6464,37,212,4406.19,4406.27,8.0,PASS_<=10c,+0.0,FLAT,+0.0,+69.0,4.2,+0.00,0.00,SLOW,4405.50,4406.54,4403.14,4406.23,0.00,0.00,0.0,BEARISH,340.0,4406.19,4406.19,4406.19,4406.19,48,CLEARED_>=20s,1.0,0.0,0.0,0.0,0.0,0.0,0.0,PASS_<20%,0.00,0.0,NO,STANDBY_VEL_LOW,1,1321.86,3268.14,132.45,FALSE,M1_DIRECTION_MISMATCH
2026-09-07 19:39:49.220,1788809989.221,6465,38,213,4406.19,4406.27,8.0,PASS_<=10c,+0.0,FLAT,+0.0,+69.0,4.2,+0.00,0.00,SLOW,4405.50,4406.54,4403.14,4406.23,0.00,0.00,0.0,BEARISH,340.0,4406.19,4406.19,4406.19,4406.19,49,CLEARED_>=20s,1.0,0.0,0.0,0.0,0.0,0.0,0.0,PASS_<20%,0.00,0.0,NO,STANDBY_VEL_LOW,1,1321.86,3268.14,132.45,FALSE,M1_DIRECTION_MISMATCH
2026-09-07 19:39:49.722,1788809989.723,6466,39,214,4406.19,4406.27,8.0,PASS_<=10c,+0.0,FLAT,+0.0,+69.0,4.2,+0.00,0.00,SLOW,4405.50,4406.54,4403.14,4406.23,0.00,0.00,0.0,BEARISH,340.0,4406.19,4406.19,4406.19,4406.19,49,CLEARED_>=20s,1.0,0.0,0.0,0.0,0.0,0.0,0.0,PASS_<20%,0.00,0.0,NO,STANDBY_VEL_LOW,1,1321.86,3268.14,132.45,FALSE,M1_DIRECTION_MISMATCH
2026-09-07 19:39:50.224,1788809990.224,6467,40,215,4406.19,4406.27,8.0,PASS_<=10c,+0.0,FLAT,+0.0,+69.0,4.2,+0.00,0.00,SLOW,4405.50,4406.54,4403.14,4406.23,0.00,0.00,0.0,BEARISH,340.0,4406.19,4406.19,4406.19,4406.19,50,CLEARED_>=20s,1.0,0.0,0.0,0.0,0.0,0.0,0.0,PASS_<20%,0.00,0.0,NO,STANDBY_VEL_LOW,1,1321.86,3268.14,132.45,FALSE,M1_DIRECTION_MISMATCH
2026-09-07 19:39:50.726,1788809990.727,6468,41,216,4406.19,4406.27,8.0,PASS_<=10c,+0.0,FLAT,+0.0,+69.0,4.2,+0.00,0.00,SLOW,4405.50,4406.54,4403.14,4406.23,0.00,0.00,0.0,BEARISH,340.0,4406.19,4406.19,4406.19,4406.19,50,CLEARED_>=20s,1.0,0.0,0.0,0.0,0.0,0.0,0.0,PASS_<20%,0.00,0.0,NO,STANDBY_VEL_LOW,1,1321.86,3268.14,132.45,FALSE,M1_DIRECTION_MISMATCH
2026-09-07 19:39:56.242,1788809996.243,6469,42,217,4406.19,4406.27,8.0,PASS_<=10c,+0.0,FLAT,+0.0,+69.0,1.6,+0.00,0.00,SLOW,4405.50,4406.54,4403.14,4406.23,0.00,0.00,0.0,BEARISH,340.0,4406.19,4406.19,4406.19,4406.19,56,CLEARED_>=20s,1.0,0.0,0.0,0.0,0.0,0.0,0.0,PASS_<20%,0.00,0.0,NO,STANDBY_VEL_LOW,1,1321.86,3268.14,132.45,FALSE,M1_DIRECTION_MISMATCH
2026-09-07 19:40:06.481,1788810006.481,6470,1,1,4406.19,4406.27,8.0,PASS_<=10c,+0.0,FLAT,+0.0,+0.0,1.3,+0.00,0.00,SLOW,4406.19,4406.19,4406.19,4406.19,0.00,0.00,0.0,BEARISH,0.0,4406.19,4406.19,4406.19,4406.19,6,ACTIVE_6s,1.0,0.0,0.0,0.0,0.0,0.0,0.0,PASS_<20%,0.00,0.0,NO,STANDBY_VEL_LOW,1,1321.86,3268.14,132.45,FALSE,M1_DIRECTION_MISMATCH|OPENING_SHIELD_ACTIVE_6s
2026-09-07 19:40:08.692,1788810008.693,6471,2,2,4406.19,4406.27,8.0,PASS_<=10c,+0.0,FLAT,+0.0,+0.0,1.4,+0.00,0.00,SLOW,4406.19,4406.19,4406.19,4406.19,0.00,0.00,0.0,BEARISH,0.0,4406.19,4406.19,4406.19,4406.19,8,ACTIVE_8s,1.0,0.0,0.0,0.0,0.0,0.0,0.0,PASS_<20%,0.00,0.0,NO,STANDBY_VEL_LOW,1,1321.86,3268.14,132.45,FALSE,M1_DIRECTION_MISMATCH|OPENING_SHIELD_ACTIVE_8s
2026-09-07 19:40:09.194,1788810009.194,6472,3,3,4406.19,4406.27,8.0,PASS_<=10c,+0.0,FLAT,+0.0,+0.0,1.8,+0.00,0.00,SLOW,4406.19,4406.19,4406.19,4406.19,0.00,0.00,0.0,BEARISH,0.0,4406.19,4406.19,4406.19,4406.19,9,ACTIVE_9s,1.0,0.0,0.0,0.0,0.0,0.0,0.0,PASS_<20%,0.00,0.0,NO,STANDBY_VEL_LOW,1,1321.86,3268.14,132.45,FALSE,M1_DIRECTION_MISMATCH|OPENING_SHIELD_ACTIVE_9s
2026-09-07 19:40:09.695,1788810009.696,6473,4,4,4406.19,4406.27,8.0,PASS_<=10c,+0.0,FLAT,+0.0,+0.0,2.2,+0.00,0.00,SLOW,4406.19,4406.19,4406.19,4406.19,0.00,0.00,0.0,BEARISH,0.0,4406.19,4406.19,4406.19,4406.19,9,ACTIVE_9s,1.0,0.0,0.0,0.0,0.0,0.0,0.0,PASS_<20%,0.00,0.0,NO,STANDBY_VEL_LOW,1,1321.86,3268.14,132.45,FALSE,M1_DIRECTION_MISMATCH|OPENING_SHIELD_ACTIVE_9s
2026-09-07 19:40:10.197,1788810010.197,6474,5,5,4406.19,4406.27,8.0,PASS_<=10c,+0.0,FLAT,+0.0,+0.0,2.4,+0.00,0.00,SLOW,4406.19,4406.19,4406.19,4406.19,0.00,0.00,0.0,BEARISH,0.0,4406.19,4406.19,4406.19,4406.19,10,ACTIVE_10s,1.0,0.0,0.0,0.0,0.0,0.0,0.0,PASS_<20%,0.00,0.0,NO,STANDBY_VEL_LOW,1,1321.86,3268.14,132.45,FALSE,M1_DIRECTION_MISMATCH|OPENING_SHIELD_ACTIVE_10s
2026-09-07 19:40:10.699,1788810010.700,6475,6,6,4406.19,4406.27,8.0,PASS_<=10c,+0.0,FLAT,+0.0,+0.0,2.6,+0.00,0.00,SLOW,4406.19,4406.19,4406.19,4406.19,0.00,0.00,0.0,BEARISH,0.0,4406.19,4406.19,4406.19,4406.19,10,ACTIVE_10s,1.0,0.0,0.0,0.0,0.0,0.0,0.0,PASS_<20%,0.00,0.0,NO,STANDBY_VEL_LOW,1,1321.86,3268.14,132.45,FALSE,M1_DIRECTION_MISMATCH|OPENING_SHIELD_ACTIVE_10s
2026-09-07 19:40:11.200,1788810011.201,6476,7,7,4406.19,4406.27,8.0,PASS_<=10c,+0.0,FLAT,+0.0,+0.0,2.8,+0.00,0.00,SLOW,4406.19,4406.19,4406.19,4406.19,0.00,0.00,0.0,BEARISH,0.0,4406.19,4406.19,4406.19,4406.19,11,ACTIVE_11s,1.0,0.0,0.0,0.0,0.0,0.0,0.0,PASS_<20%,0.00,0.0,NO,STANDBY_VEL_LOW,1,1321.86,3268.14,132.45,FALSE,M1_DIRECTION_MISMATCH|OPENING_SHIELD_ACTIVE_11s
2026-09-07 19:40:11.703,1788810011.703,6477,8,8,4406.19,4406.27,8.0,PASS_<=10c,+0.0,FLAT,+0.0,+0.0,4.5,+0.00,0.00,SLOW,4406.19,4406.19,4406.19,4406.19,0.00,0.00,0.0,BEARISH,0.0,4406.19,4406.19,4406.19,4406.19,11,ACTIVE_11s,1.0,0.0,0.0,0.0,0.0,0.0,0.0,PASS_<20%,0.00,0.0,NO,STANDBY_VEL_LOW,1,1321.86,3268.14,132.45,FALSE,M1_DIRECTION_MISMATCH|OPENING_SHIELD_ACTIVE_11s
2026-09-07 19:40:12.205,1788810012.205,6478,9,9,4406.19,4406.27,8.0,PASS_<=10c,+0.0,FLAT,+0.0,+0.0,4.4,+0.00,0.00,SLOW,4406.19,4406.19,4406.19,4406.19,0.00,0.00,0.0,BEARISH,0.0,4406.19,4406.19,4406.19,4406.19,12,ACTIVE_12s,1.0,0.0,0.0,0.0,0.0,0.0,0.0,PASS_<20%,0.00,0.0,NO,STANDBY_VEL_LOW,1,1321.86,3268.14,132.45,FALSE,M1_DIRECTION_MISMATCH|OPENING_SHIELD_ACTIVE_12s
2026-09-07 19:40:12.706,1788810012.707,6479,10,10,4406.19,4406.27,8.0,PASS_<=10c,+0.0,FLAT,+0.0,+0.0,4.4,+0.00,0.00,SLOW,4406.19,4406.19,4406.19,4406.19,0.00,0.00,0.0,BEARISH,0.0,4406.19,4406.19,4406.19,4406.19,12,ACTIVE_12s,1.0,0.0,0.0,0.0,0.0,0.0,0.0,PASS_<20%,0.00,0.0,NO,STANDBY_VEL_LOW,1,1321.86,3268.14,132.45,FALSE,M1_DIRECTION_MISMATCH|OPENING_SHIELD_ACTIVE_12s
2026-09-07 19:40:13.209,1788810013.209,6480,11,11,4406.19,4406.27,8.0,PASS_<=10c,+0.0,FLAT,+0.0,+0.0,4.3,+0.00,0.00,SLOW,4406.19,4406.19,4406.19,4406.19,0.00,0.00,0.0,BEARISH,0.0,4406.19,4406.19,4406.19,4406.19,13,ACTIVE_13s,1.0,0.0,0.0,0.0,0.0,0.0,0.0,PASS_<20%,0.00,0.0,NO,STANDBY_VEL_LOW,1,1321.86,3268.14,132.45,FALSE,M1_DIRECTION_MISMATCH|OPENING_SHIELD_ACTIVE_13s
2026-09-07 19:40:13.710,1788810013.710,6481,12,12,4406.19,4406.27,8.0,PASS_<=10c,+0.0,FLAT,+0.0,+0.0,4.2,+0.00,0.00,SLOW,4406.19,4406.19,4406.19,4406.19,0.00,0.00,0.0,BEARISH,0.0,4406.19,4406.19,4406.19,4406.19,13,ACTIVE_13s,1.0,0.0,0.0,0.0,0.0,0.0,0.0,PASS_<20%,0.00,0.0,NO,STANDBY_VEL_LOW,1,1321.86,3268.14,132.45,FALSE,M1_DIRECTION_MISMATCH|OPENING_SHIELD_ACTIVE_13s
2026-09-07 19:40:14.212,1788810014.213,6482,13,13,4406.19,4406.27,8.0,PASS_<=10c,+0.0,FLAT,+0.0,+69.0,4.2,+0.00,0.00,SLOW,4405.50,4406.54,4403.14,4406.23,0.00,0.00,0.0,BEARISH,340.0,4406.19,4406.19,4406.19,4406.19,14,ACTIVE_14s,1.0,0.0,0.0,0.0,0.0,0.0,0.0,PASS_<20%,0.00,0.0,NO,STANDBY_VEL_LOW,1,1321.86,3268.14,132.45,FALSE,M1_DIRECTION_MISMATCH|OPENING_SHIELD_ACTIVE_14s
2026-09-07 19:40:14.715,1788810014.715,6483,14,14,4406.19,4406.27,8.0,PASS_<=10c,+0.0,FLAT,+0.0,+69.0,4.2,+0.00,0.00,SLOW,4405.50,4406.54,4403.14,4406.23,0.00,0.00,0.0,BEARISH,340.0,4406.19,4406.19,4406.19,4406.19,14,ACTIVE_14s,1.0,0.0,0.0,0.0,0.0,0.0,0.0,PASS_<20%,0.00,0.0,NO,STANDBY_VEL_LOW,1,1321.86,3268.14,132.45,FALSE,M1_DIRECTION_MISMATCH|OPENING_SHIELD_ACTIVE_14s
2026-09-07 19:40:15.216,1788810015.217,6484,15,15,4406.19,4406.27,8.0,PASS_<=10c,+0.0,FLAT,+0.0,+69.0,4.2,+0.00,0.00,SLOW,4405.50,4406.54,4403.14,4406.23,0.00,0.00,0.0,BEARISH,340.0,4406.19,4406.19,4406.19,4406.19,15,ACTIVE_15s,1.0,0.0,0.0,0.0,0.0,0.0,0.0,PASS_<20%,0.00,0.0,NO,STANDBY_VEL_LOW,1,1321.86,3268.14,132.45,FALSE,M1_DIRECTION_MISMATCH|OPENING_SHIELD_ACTIVE_15s
2026-09-07 19:40:15.718,1788810015.718,6485,16,16,4406.19,4406.27,8.0,PASS_<=10c,+0.0,FLAT,+0.0,+69.0,4.2,+0.00,0.00,SLOW,4405.50,4406.54,4403.14,4406.23,0.00,0.00,0.0,BEARISH,340.0,4406.19,4406.19,4406.19,4406.19,15,ACTIVE_15s,1.0,0.0,0.0,0.0,0.0,0.0,0.0,PASS_<20%,0.00,0.0,NO,STANDBY_VEL_LOW,1,1321.86,3268.14,132.45,FALSE,M1_DIRECTION_MISMATCH|OPENING_SHIELD_ACTIVE_15s
2026-09-07 19:40:16.220,1788810016.221,6486,17,17,4406.19,4406.27,8.0,PASS_<=10c,+0.0,FLAT,+0.0,+69.0,4.2,+0.00,0.00,SLOW,4405.50,4406.54,4403.14,4406.23,0.00,0.00,0.0,BEARISH,340.0,4406.19,4406.19,4406.19,4406.19,16,ACTIVE_16s,1.0,0.0,0.0,0.0,0.0,0.0,0.0,PASS_<20%,0.00,0.0,NO,STANDBY_VEL_LOW,1,1321.86,3268.14,132.45,FALSE,M1_DIRECTION_MISMATCH|OPENING_SHIELD_ACTIVE_16s
2026-09-07 19:40:21.737,1788810021.737,6487,18,18,4406.19,4406.27,8.0,PASS_<=10c,+0.0,FLAT,+0.0,+69.0,1.5,+0.00,0.00,SLOW,4405.50,4406.54,4403.14,4406.23,0.00,0.00,0.0,BEARISH,340.0,4406.19,4406.19,4406.19,4406.19,21,CLEARED_>=20s,1.0,0.0,0.0,0.0,0.0,0.0,0.0,PASS_<20%,0.00,0.0,NO,STANDBY_VEL_LOW,1,1321.86,3268.14,132.45,FALSE,M1_DIRECTION_MISMATCH
2026-09-07 19:40:31.968,1788810031.969,6488,19,19,4406.19,4406.27,8.0,PASS_<=10c,+0.0,FLAT,+0.0,+69.0,1.3,+0.00,0.00,SLOW,4405.50,4406.54,4403.14,4406.23,0.00,0.00,0.0,BEARISH,340.0,4406.19,4406.19,4406.19,4406.19,31,CLEARED_>=20s,1.0,0.0,0.0,0.0,0.0,0.0,0.0,PASS_<20%,0.00,0.0,NO,STANDBY_VEL_LOW,1,1321.86,3268.14,132.45,FALSE,M1_DIRECTION_MISMATCH
2026-09-07 19:40:32.573,1788810032.574,6489,20,20,4406.19,4406.27,8.0,PASS_<=10c,+0.0,FLAT,+0.0,+69.0,3.0,+0.00,0.00,SLOW,4405.50,4406.54,4403.14,4406.23,0.00,0.00,0.0,BEARISH,340.0,4406.19,4406.19,4406.19,4406.19,32,CLEARED_>=20s,1.0,0.0,0.0,0.0,0.0,0.0,0.0,PASS_<20%,0.00,0.0,NO,STANDBY_VEL_LOW,1,1321.86,3268.14,132.45,FALSE,M1_DIRECTION_MISMATCH
2026-09-07 19:40:33.075,1788810033.076,6490,21,21,4406.19,4406.27,8.0,PASS_<=10c,+0.0,FLAT,+0.0,+69.0,4.5,+0.00,0.00,SLOW,4405.50,4406.54,4403.14,4406.23,0.00,0.00,0.0,BEARISH,340.0,4406.19,4406.19,4406.19,4406.19,33,CLEARED_>=20s,1.0,0.0,0.0,0.0,0.0,0.0,0.0,PASS_<20%,0.00,0.0,NO,STANDBY_VEL_LOW,1,1321.86,3268.14,132.45,FALSE,M1_DIRECTION_MISMATCH
2026-09-07 19:40:33.577,1788810033.577,6491,22,22,4406.19,4406.27,8.0,PASS_<=10c,+0.0,FLAT,+0.0,+69.0,4.4,+0.00,0.00,SLOW,4405.50,4406.54,4403.14,4406.23,0.00,0.00,0.0,BEARISH,340.0,4406.19,4406.19,4406.19,4406.19,33,CLEARED_>=20s,1.0,0.0,0.0,0.0,0.0,0.0,0.0,PASS_<20%,0.00,0.0,NO,STANDBY_VEL_LOW,1,1321.86,3268.14,132.45,FALSE,M1_DIRECTION_MISMATCH
2026-09-07 19:40:34.078,1788810034.078,6492,23,23,4406.19,4406.27,8.0,PASS_<=10c,+0.0,FLAT,+0.0,+69.0,4.3,+0.00,0.00,SLOW,4405.50,4406.54,4403.14,4406.23,0.00,0.00,0.0,BEARISH,340.0,4406.19,4406.19,4406.19,4406.19,34,CLEARED_>=20s,1.0,0.0,0.0,0.0,0.0,0.0,0.0,PASS_<20%,0.00,0.0,NO,STANDBY_VEL_LOW,1,1321.86,3268.14,132.45,FALSE,M1_DIRECTION_MISMATCH
2026-09-07 19:40:34.580,1788810034.581,6493,24,24,4406.19,4406.27,8.0,PASS_<=10c,+0.0,FLAT,+0.0,+69.0,4.2,+0.00,0.00,SLOW,4405.50,4406.54,4403.14,4406.23,0.00,0.00,0.0,BEARISH,340.0,4406.19,4406.19,4406.19,4406.19,34,CLEARED_>=20s,1.0,0.0,0.0,0.0,0.0,0.0,0.0,PASS_<20%,0.00,0.0,NO,STANDBY_VEL_LOW,1,1321.86,3268.14,132.45,FALSE,M1_DIRECTION_MISMATCH
2026-09-07 19:40:35.082,1788810035.083,6494,25,25,4406.19,4406.27,8.0,PASS_<=10c,+0.0,FLAT,+0.0,+69.0,4.2,+0.00,0.00,SLOW,4405.50,4406.54,4403.14,4406.23,0.00,0.00,0.0,BEARISH,340.0,4406.19,4406.19,4406.19,4406.19,35,CLEARED_>=20s,1.0,0.0,0.0,0.0,0.0,0.0,0.0,PASS_<20%,0.00,0.0,NO,STANDBY_VEL_LOW,1,1321.86,3268.14,132.45,FALSE,M1_DIRECTION_MISMATCH
2026-09-07 19:40:35.584,1788810035.585,6495,26,26,4406.19,4406.27,8.0,PASS_<=10c,+0.0,FLAT,+0.0,+69.0,4.1,+0.00,0.00,SLOW,4405.50,4406.54,4403.14,4406.23,0.00,0.00,0.0,BEARISH,340.0,4406.19,4406.19,4406.19,4406.19,35,CLEARED_>=20s,1.0,0.0,0.0,0.0,0.0,0.0,0.0,PASS_<20%,0.00,0.0,NO,STANDBY_VEL_LOW,1,1321.86,3268.14,132.45,FALSE,M1_DIRECTION_MISMATCH
2026-09-07 19:40:36.086,1788810036.086,6496,27,27,4406.19,4406.27,8.0,PASS_<=10c,+0.0,FLAT,+0.0,+69.0,4.1,+0.00,0.00,SLOW,4405.50,4406.54,4403.14,4406.23,0.00,0.00,0.0,BEARISH,340.0,4406.19,4406.19,4406.19,4406.19,36,CLEARED_>=20s,1.0,0.0,0.0,0.0,0.0,0.0,0.0,PASS_<20%,0.00,0.0,NO,STANDBY_VEL_LOW,1,1321.86,3268.14,132.45,FALSE,M1_DIRECTION_MISMATCH
2026-09-07 19:40:36.588,1788810036.588,6497,28,28,4406.19,4406.27,8.0,PASS_<=10c,+0.0,FLAT,+0.0,+69.0,4.1,+0.00,0.00,SLOW,4405.50,4406.54,4403.14,4406.23,0.00,0.00,0.0,BEARISH,340.0,4406.19,4406.19,4406.19,4406.19,36,CLEARED_>=20s,1.0,0.0,0.0,0.0,0.0,0.0,0.0,PASS_<20%,0.00,0.0,NO,STANDBY_VEL_LOW,1,1321.86,3268.14,132.45,FALSE,M1_DIRECTION_MISMATCH
2026-09-07 19:40:37.090,1788810037.091,6498,29,29,4406.19,4406.27,8.0,PASS_<=10c,+0.0,FLAT,+0.0,+69.0,4.3,+0.00,0.00,SLOW,4405.50,4406.54,4403.14,4406.23,0.00,0.00,0.0,BEARISH,340.0,4406.19,4406.19,4406.19,4406.19,37,CLEARED_>=20s,1.0,0.0,0.0,0.0,0.0,0.0,0.0,PASS_<20%,0.00,0.0,NO,STANDBY_VEL_LOW,1,1321.86,3268.14,132.45,FALSE,M1_DIRECTION_MISMATCH
2026-09-07 19:40:37.591,1788810037.592,6499,30,30,4406.19,4406.27,8.0,PASS_<=10c,+0.0,FLAT,+0.0,+69.0,4.2,+0.00,0.00,SLOW,4405.50,4406.54,4403.14,4406.23,0.00,0.00,0.0,BEARISH,340.0,4406.19,4406.19,4406.19,4406.19,37,CLEARED_>=20s,1.0,0.0,0.0,0.0,0.0,0.0,0.0,PASS_<20%,0.00,0.0,NO,STANDBY_VEL_LOW,1,1321.86,3268.14,132.45,FALSE,M1_DIRECTION_MISMATCH
2026-09-07 19:40:38.093,1788810038.094,6500,31,31,4406.19,4406.27,8.0,PASS_<=10c,+0.0,FLAT,+0.0,+69.0,4.2,+0.00,0.00,SLOW,4405.50,4406.54,4403.14,4406.23,0.00,0.00,0.0,BEARISH,340.0,4406.19,4406.19,4406.19,4406.19,38,CLEARED_>=20s,1.0,0.0,0.0,0.0,0.0,0.0,0.0,PASS_<20%,0.00,0.0,NO,STANDBY_VEL_LOW,1,1321.86,3268.14,132.45,FALSE,M1_DIRECTION_MISMATCH
2026-09-07 19:40:38.595,1788810038.595,6501,32,32,4406.19,4406.27,8.0,PASS_<=10c,+0.0,FLAT,+0.0,+69.0,4.2,+0.00,0.00,SLOW,4405.50,4406.54,4403.14,4406.23,0.00,0.00,0.0,BEARISH,340.0,4406.19,4406.19,4406.19,4406.19,38,CLEARED_>=20s,1.0,0.0,0.0,0.0,0.0,0.0,0.0,PASS_<20%,0.00,0.0,NO,STANDBY_VEL_LOW,1,1321.86,3268.14,132.45,FALSE,M1_DIRECTION_MISMATCH
2026-09-07 19:40:39.097,1788810039.098,6502,33,33,4406.19,4406.27,8.0,PASS_<=10c,+0.0,FLAT,+0.0,+69.0,4.2,+0.00,0.00,SLOW,4405.50,4406.54,4403.14,4406.23,0.00,0.00,0.0,BEARISH,340.0,4406.19,4406.19,4406.19,4406.19,39,CLEARED_>=20s,1.0,0.0,0.0,0.0,0.0,0.0,0.0,PASS_<20%,0.00,0.0,NO,STANDBY_VEL_LOW,1,1321.86,3268.14,132.45,FALSE,M1_DIRECTION_MISMATCH
2026-09-07 19:40:39.598,1788810039.599,6503,34,34,4406.19,4406.27,8.0,PASS_<=10c,+0.0,FLAT,+0.0,+69.0,4.2,+0.00,0.00,SLOW,4405.50,4406.54,4403.14,4406.23,0.00,0.00,0.0,BEARISH,340.0,4406.19,4406.19,4406.19,4406.19,39,CLEARED_>=20s,1.0,0.0,0.0,0.0,0.0,0.0,0.0,PASS_<20%,0.00,0.0,NO,STANDBY_VEL_LOW,1,1321.86,3268.14,132.45,FALSE,M1_DIRECTION_MISMATCH
2026-09-07 19:40:40.101,1788810040.101,6504,35,35,4406.19,4406.27,8.0,PASS_<=10c,+0.0,FLAT,+0.0,+69.0,4.2,+0.00,0.00,SLOW,4405.50,4406.54,4403.14,4406.23,0.00,0.00,0.0,BEARISH,340.0,4406.19,4406.19,4406.19,4406.19,40,CLEARED_>=20s,1.0,0.0,0.0,0.0,0.0,0.0,0.0,PASS_<20%,0.00,0.0,NO,STANDBY_VEL_LOW,1,1321.86,3268.14,132.45,FALSE,M1_DIRECTION_MISMATCH
2026-09-07 19:40:45.616,1788810045.617,6505,36,36,4406.19,4406.27,8.0,PASS_<=10c,+0.0,FLAT,+0.0,+69.0,1.6,+0.00,0.00,SLOW,4405.50,4406.54,4403.14,4406.23,0.00,0.00,0.0,BEARISH,340.0,4406.19,4406.19,4406.19,4406.19,45,CLEARED_>=20s,1.0,0.0,0.0,0.0,0.0,0.0,0.0,PASS_<20%,0.00,0.0,NO,STANDBY_VEL_LOW,1,1321.86,3268.14,132.45,FALSE,M1_DIRECTION_MISMATCH
2026-09-07 19:40:55.849,1788810055.850,6506,37,37,4406.19,4406.27,8.0,PASS_<=10c,+0.0,FLAT,+0.0,+69.0,1.3,+0.00,0.00,SLOW,4405.50,4406.54,4403.14,4406.23,0.00,0.00,0.0,BEARISH,340.0,4406.19,4406.19,4406.19,4406.19,55,CLEARED_>=20s,1.0,0.0,0.0,0.0,0.0,0.0,0.0,PASS_<20%,0.00,0.0,NO,STANDBY_VEL_LOW,1,1321.86,3268.14,132.45,FALSE,M1_DIRECTION_MISMATCH
2026-09-07 19:40:57.457,1788810057.458,6507,38,38,4406.19,4406.27,8.0,PASS_<=10c,+0.0,FLAT,+0.0,+69.0,1.9,+0.00,0.00,SLOW,4405.50,4406.54,4403.14,4406.23,0.00,0.00,0.0,BEARISH,340.0,4406.19,4406.19,4406.19,4406.19,57,CLEARED_>=20s,1.0,0.0,0.0,0.0,0.0,0.0,0.0,PASS_<20%,0.00,0.0,NO,STANDBY_VEL_LOW,1,1321.86,3268.14,132.45,FALSE,M1_DIRECTION_MISMATCH
2026-09-07 19:40:57.959,1788810057.960,6508,39,39,4406.19,4406.27,8.0,PASS_<=10c,+0.0,FLAT,+0.0,+69.0,2.4,+0.00,0.00,SLOW,4405.50,4406.54,4403.14,4406.23,0.00,0.00,0.0,BEARISH,340.0,4406.19,4406.19,4406.19,4406.19,57,CLEARED_>=20s,1.0,0.0,0.0,0.0,0.0,0.0,0.0,PASS_<20%,0.00,0.0,NO,STANDBY_VEL_LOW,1,1321.86,3268.14,132.45,FALSE,M1_DIRECTION_MISMATCH
2026-09-07 19:40:58.460,1788810058.461,6509,40,40,4406.19,4406.27,8.0,PASS_<=10c,+0.0,FLAT,+0.0,+69.0,2.7,+0.00,0.00,SLOW,4405.50,4406.54,4403.14,4406.23,0.00,0.00,0.0,BEARISH,340.0,4406.19,4406.19,4406.19,4406.19,58,CLEARED_>=20s,1.0,0.0,0.0,0.0,0.0,0.0,0.0,PASS_<20%,0.00,0.0,NO,STANDBY_VEL_LOW,1,1321.86,3268.14,132.45,FALSE,M1_DIRECTION_MISMATCH
2026-09-07 19:40:58.962,1788810058.963,6510,41,41,4406.19,4406.27,8.0,PASS_<=10c,+0.0,FLAT,+0.0,+69.0,2.9,+0.00,0.00,SLOW,4405.50,4406.54,4403.14,4406.23,0.00,0.00,0.0,BEARISH,340.0,4406.19,4406.19,4406.19,4406.19,58,CLEARED_>=20s,1.0,0.0,0.0,0.0,0.0,0.0,0.0,PASS_<20%,0.00,0.0,NO,STANDBY_VEL_LOW,1,1321.86,3268.14,132.45,FALSE,M1_DIRECTION_MISMATCH
2026-09-07 19:40:59.463,1788810059.464,6511,42,42,4406.19,4406.27,8.0,PASS_<=10c,+0.0,FLAT,+0.0,+69.0,3.0,+0.00,0.00,SLOW,4405.50,4406.54,4403.14,4406.23,0.00,0.00,0.0,BEARISH,340.0,4406.19,4406.19,4406.19,4406.19,59,CLEARED_>=20s,1.0,0.0,0.0,0.0,0.0,0.0,0.0,PASS_<20%,0.00,0.0,NO,STANDBY_VEL_LOW,1,1321.86,3268.14,132.45,FALSE,M1_DIRECTION_MISMATCH
2026-09-07 19:40:59.965,1788810059.966,6512,43,43,4406.19,4406.27,8.0,PASS_<=10c,+0.0,FLAT,+0.0,+69.0,3.2,+0.00,0.00,SLOW,4405.50,4406.54,4403.14,4406.23,0.00,0.00,0.0,BEARISH,340.0,4406.19,4406.19,4406.19,4406.19,59,CLEARED_>=20s,1.0,0.0,0.0,0.0,0.0,0.0,0.0,PASS_<20%,0.00,0.0,NO,STANDBY_VEL_LOW,1,1321.86,3268.14,132.45,FALSE,M1_DIRECTION_MISMATCH
2026-09-07 19:41:00.468,1788810060.468,6513,1,44,4406.19,4406.27,8.0,PASS_<=10c,+0.0,FLAT,+0.0,+69.0,3.2,+0.00,0.00,SLOW,4405.50,4406.54,4403.14,4406.23,0.00,0.00,0.0,BEARISH,340.0,4406.19,4406.19,4406.19,4406.19,0,ACTIVE_0s,1.0,0.0,0.0,0.0,0.0,0.0,0.0,PASS_<20%,0.00,0.0,NO,STANDBY_VEL_LOW,1,1321.86,3268.14,132.45,FALSE,M1_DIRECTION_MISMATCH|OPENING_SHIELD_ACTIVE_0s
2026-09-07 19:41:00.969,1788810060.969,6514,2,45,4406.19,4406.27,8.0,PASS_<=10c,+0.0,FLAT,+0.0,+69.0,4.4,+0.00,0.00,SLOW,4405.50,4406.54,4403.14,4406.23,0.00,0.00,0.0,BEARISH,340.0,4406.19,4406.19,4406.19,4406.19,0,ACTIVE_0s,1.0,0.0,0.0,0.0,0.0,0.0,0.0,PASS_<20%,0.00,0.0,NO,STANDBY_VEL_LOW,1,1321.86,3268.14,132.45,FALSE,M1_DIRECTION_MISMATCH|OPENING_SHIELD_ACTIVE_0s
2026-09-07 19:41:01.470,1788810061.470,6515,3,46,4406.19,4406.27,8.0,PASS_<=10c,+0.0,FLAT,+0.0,+69.0,4.4,+0.00,0.00,SLOW,4405.50,4406.54,4403.14,4406.23,0.00,0.00,0.0,BEARISH,340.0,4406.19,4406.19,4406.19,4406.19,1,ACTIVE_1s,1.0,0.0,0.0,0.0,0.0,0.0,0.0,PASS_<20%,0.00,0.0,NO,STANDBY_VEL_LOW,1,1321.86,3268.14,132.45,FALSE,M1_DIRECTION_MISMATCH|OPENING_SHIELD_ACTIVE_1s
2026-09-07 19:41:01.971,1788810061.972,6516,4,47,4406.19,4406.27,8.0,PASS_<=10c,+0.0,FLAT,+0.0,+69.0,4.3,+0.00,0.00,SLOW,4405.50,4406.54,4403.14,4406.23,0.00,0.00,0.0,BEARISH,340.0,4406.19,4406.19,4406.19,4406.19,1,ACTIVE_1s,1.0,0.0,0.0,0.0,0.0,0.0,0.0,PASS_<20%,0.00,0.0,NO,STANDBY_VEL_LOW,1,1321.86,3268.14,132.45,FALSE,M1_DIRECTION_MISMATCH|OPENING_SHIELD_ACTIVE_1s
2026-09-07 19:41:02.473,1788810062.474,6517,5,48,4406.19,4406.27,8.0,PASS_<=10c,+0.0,FLAT,+0.0,+69.0,4.2,+0.00,0.00,SLOW,4405.50,4406.54,4403.14,4406.23,0.00,0.00,0.0,BEARISH,340.0,4406.19,4406.19,4406.19,4406.19,2,ACTIVE_2s,1.0,0.0,0.0,0.0,0.0,0.0,0.0,PASS_<20%,0.00,0.0,NO,STANDBY_VEL_LOW,1,1321.86,3268.14,132.45,FALSE,M1_DIRECTION_MISMATCH|OPENING_SHIELD_ACTIVE_2s
2026-09-07 19:41:02.975,1788810062.976,6518,6,49,4406.19,4406.27,8.0,PASS_<=10c,+0.0,FLAT,+0.0,+69.0,4.2,+0.00,0.00,SLOW,4405.50,4406.54,4403.14,4406.23,0.00,0.00,0.0,BEARISH,340.0,4406.19,4406.19,4406.19,4406.19,2,ACTIVE_2s,1.0,0.0,0.0,0.0,0.0,0.0,0.0,PASS_<20%,0.00,0.0,NO,STANDBY_VEL_LOW,1,1321.86,3268.14,132.45,FALSE,M1_DIRECTION_MISMATCH|OPENING_SHIELD_ACTIVE_2s
2026-09-07 19:41:03.478,1788810063.479,6519,7,50,4406.19,4406.27,8.0,PASS_<=10c,+0.0,FLAT,+0.0,+69.0,4.2,+0.00,0.00,SLOW,4405.50,4406.54,4403.14,4406.23,0.00,0.00,0.0,BEARISH,340.0,4406.19,4406.19,4406.19,4406.19,3,ACTIVE_3s,1.0,0.0,0.0,0.0,0.0,0.0,0.0,PASS_<20%,0.00,0.0,NO,STANDBY_VEL_LOW,1,1321.86,3268.14,132.45,FALSE,M1_DIRECTION_MISMATCH|OPENING_SHIELD_ACTIVE_3s
2026-09-07 19:41:03.980,1788810063.980,6520,8,51,4406.19,4406.27,8.0,PASS_<=10c,+0.0,FLAT,+0.0,+69.0,4.2,+0.00,0.00,SLOW,4405.50,4406.54,4403.14,4406.23,0.00,0.00,0.0,BEARISH,340.0,4406.19,4406.19,4406.19,4406.19,3,ACTIVE_3s,1.0,0.0,0.0,0.0,0.0,0.0,0.0,PASS_<20%,0.00,0.0,NO,STANDBY_VEL_LOW,1,1321.86,3268.14,132.45,FALSE,M1_DIRECTION_MISMATCH|OPENING_SHIELD_ACTIVE_3s
2026-09-07 19:41:04.480,1788810064.481,6521,9,52,4406.19,4406.27,8.0,PASS_<=10c,+0.0,FLAT,+0.0,+69.0,4.2,+0.00,0.00,SLOW,4405.50,4406.54,4403.14,4406.23,0.00,0.00,0.0,BEARISH,340.0,4406.19,4406.19,4406.19,4406.19,4,ACTIVE_4s,1.0,0.0,0.0,0.0,0.0,0.0,0.0,PASS_<20%,0.00,0.0,NO,STANDBY_VEL_LOW,1,1321.86,3268.14,132.45,FALSE,M1_DIRECTION_MISMATCH|OPENING_SHIELD_ACTIVE_4s
2026-09-07 19:41:04.982,1788810064.983,6522,10,53,4406.19,4406.27,8.0,PASS_<=10c,+0.0,FLAT,+0.0,+69.0,4.2,+0.00,0.00,SLOW,4405.50,4406.54,4403.14,4406.23,0.00,0.00,0.0,BEARISH,340.0,4406.19,4406.19,4406.19,4406.19,4,ACTIVE_4s,1.0,0.0,0.0,0.0,0.0,0.0,0.0,PASS_<20%,0.00,0.0,NO,STANDBY_VEL_LOW,1,1321.86,3268.14,132.45,FALSE,M1_DIRECTION_MISMATCH|OPENING_SHIELD_ACTIVE_4s
2026-09-07 19:41:05.484,1788810065.485,6523,11,54,4406.19,4406.27,8.0,PASS_<=10c,+0.0,FLAT,+0.0,+69.0,4.2,+0.00,0.00,SLOW,4405.50,4406.54,4403.14,4406.23,0.00,0.00,0.0,BEARISH,340.0,4406.19,4406.19,4406.19,4406.19,5,ACTIVE_5s,1.0,0.0,0.0,0.0,0.0,0.0,0.0,PASS_<20%,0.00,0.0,NO,STANDBY_VEL_LOW,1,1321.86,3268.14,132.45,FALSE,M1_DIRECTION_MISMATCH|OPENING_SHIELD_ACTIVE_5s
2026-09-07 19:41:15.860,1788810075.861,6524,12,55,4406.19,4406.27,8.0,PASS_<=10c,+0.0,FLAT,+0.0,+69.0,1.3,+0.00,0.00,SLOW,4405.50,4406.54,4403.14,4406.23,0.00,0.00,0.0,BEARISH,340.0,4406.19,4406.19,4406.19,4406.19,15,ACTIVE_15s,1.0,0.0,0.0,0.0,0.0,0.0,0.0,PASS_<20%,0.00,0.0,NO,STANDBY_VEL_LOW,1,1321.86,3268.14,132.45,FALSE,M1_DIRECTION_MISMATCH|OPENING_SHIELD_ACTIVE_15s
2026-09-07 19:41:22.281,1788810082.281,6525,13,56,4406.19,4406.27,8.0,PASS_<=10c,+0.0,FLAT,+0.0,+69.0,1.5,+0.00,0.00,SLOW,4405.50,4406.54,4403.14,4406.23,0.00,0.00,0.0,BEARISH,340.0,4406.19,4406.19,4406.19,4406.19,22,CLEARED_>=20s,1.0,0.0,0.0,0.0,0.0,0.0,0.0,PASS_<20%,0.00,0.0,NO,STANDBY_VEL_LOW,1,1321.86,3268.14,132.45,FALSE,M1_DIRECTION_MISMATCH
2026-09-07 19:41:22.636,1788810082.636,6526,14,57,4406.19,4406.27,8.0,PASS_<=10c,+0.0,FLAT,+0.0,+69.0,2.4,+0.00,0.00,SLOW,4405.50,4406.54,4403.14,4406.23,0.00,0.00,0.0,BEARISH,340.0,4406.19,4406.19,4406.19,4406.19,22,CLEARED_>=20s,1.0,0.0,0.0,0.0,0.0,0.0,0.0,PASS_<20%,0.00,0.0,NO,STANDBY_VEL_LOW,1,1321.86,3268.14,132.45,FALSE,M1_DIRECTION_MISMATCH
2026-09-07 19:41:23.137,1788810083.138,6527,15,58,4406.19,4406.27,8.0,PASS_<=10c,+0.0,FLAT,+0.0,+69.0,2.8,+0.00,0.00,SLOW,4405.50,4406.54,4403.14,4406.23,0.00,0.00,0.0,BEARISH,340.0,4406.19,4406.19,4406.19,4406.19,23,CLEARED_>=20s,1.0,0.0,0.0,0.0,0.0,0.0,0.0,PASS_<20%,0.00,0.0,NO,STANDBY_VEL_LOW,1,1321.86,3268.14,132.45,FALSE,M1_DIRECTION_MISMATCH
2026-09-07 19:41:23.639,1788810083.639,6528,16,59,4406.19,4406.27,8.0,PASS_<=10c,+0.0,FLAT,+0.0,+69.0,3.0,+0.00,0.00,SLOW,4405.50,4406.54,4403.14,4406.23,0.00,0.00,0.0,BEARISH,340.0,4406.19,4406.19,4406.19,4406.19,23,CLEARED_>=20s,1.0,0.0,0.0,0.0,0.0,0.0,0.0,PASS_<20%,0.00,0.0,NO,STANDBY_VEL_LOW,1,1321.86,3268.14,132.45,FALSE,M1_DIRECTION_MISMATCH
2026-09-07 19:41:24.141,1788810084.141,6529,17,60,4406.19,4406.27,8.0,PASS_<=10c,+0.0,FLAT,+0.0,+69.0,3.2,+0.00,0.00,SLOW,4405.50,4406.54,4403.14,4406.23,0.00,0.00,0.0,BEARISH,340.0,4406.19,4406.19,4406.19,4406.19,24,CLEARED_>=20s,1.0,0.0,0.0,0.0,0.0,0.0,0.0,PASS_<20%,0.00,0.0,NO,STANDBY_VEL_LOW,1,1321.86,3268.14,132.45,FALSE,M1_DIRECTION_MISMATCH
2026-09-07 19:41:24.643,1788810084.644,6530,18,61,4406.19,4406.27,8.0,PASS_<=10c,+0.0,FLAT,+0.0,+69.0,3.3,+0.00,0.00,SLOW,4405.50,4406.54,4403.14,4406.23,0.00,0.00,0.0,BEARISH,340.0,4406.19,4406.19,4406.19,4406.19,24,CLEARED_>=20s,1.0,0.0,0.0,0.0,0.0,0.0,0.0,PASS_<20%,0.00,0.0,NO,STANDBY_VEL_LOW,1,1321.86,3268.14,132.45,FALSE,M1_DIRECTION_MISMATCH
2026-09-07 19:41:25.144,1788810085.145,6531,19,62,4406.19,4406.27,8.0,PASS_<=10c,+0.0,FLAT,+0.0,+69.0,3.4,+0.00,0.00,SLOW,4405.50,4406.54,4403.14,4406.23,0.00,0.00,0.0,BEARISH,340.0,4406.19,4406.19,4406.19,4406.19,25,CLEARED_>=20s,1.0,0.0,0.0,0.0,0.0,0.0,0.0,PASS_<20%,0.00,0.0,NO,STANDBY_VEL_LOW,1,1321.86,3268.14,132.45,FALSE,M1_DIRECTION_MISMATCH
2026-09-07 19:41:25.646,1788810085.646,6532,20,63,4406.19,4406.27,8.0,PASS_<=10c,+0.0,FLAT,+0.0,+69.0,3.4,+0.00,0.00,SLOW,4405.50,4406.54,4403.14,4406.23,0.00,0.00,0.0,BEARISH,340.0,4406.19,4406.19,4406.19,4406.19,25,CLEARED_>=20s,1.0,0.0,0.0,0.0,0.0,0.0,0.0,PASS_<20%,0.00,0.0,NO,STANDBY_VEL_LOW,1,1321.86,3268.14,132.45,FALSE,M1_DIRECTION_MISMATCH
2026-09-07 19:41:26.148,1788810086.148,6533,21,64,4406.19,4406.27,8.0,PASS_<=10c,+0.0,FLAT,+0.0,+69.0,4.4,+0.00,0.00,SLOW,4405.50,4406.54,4403.14,4406.23,0.00,0.00,0.0,BEARISH,340.0,4406.19,4406.19,4406.19,4406.19,26,CLEARED_>=20s,1.0,0.0,0.0,0.0,0.0,0.0,0.0,PASS_<20%,0.00,0.0,NO,STANDBY_VEL_LOW,1,1321.86,3268.14,132.45,FALSE,M1_DIRECTION_MISMATCH
2026-09-07 19:41:26.650,1788810086.650,6534,22,65,4406.19,4406.27,8.0,PASS_<=10c,+0.0,FLAT,+0.0,+69.0,4.3,+0.00,0.00,SLOW,4405.50,4406.54,4403.14,4406.23,0.00,0.00,0.0,BEARISH,340.0,4406.19,4406.19,4406.19,4406.19,26,CLEARED_>=20s,1.0,0.0,0.0,0.0,0.0,0.0,0.0,PASS_<20%,0.00,0.0,NO,STANDBY_VEL_LOW,1,1321.86,3268.14,132.45,FALSE,M1_DIRECTION_MISMATCH
2026-09-07 19:41:27.151,1788810087.152,6535,23,66,4406.19,4406.27,8.0,PASS_<=10c,+0.0,FLAT,+0.0,+69.0,4.3,+0.00,0.00,SLOW,4405.50,4406.54,4403.14,4406.23,0.00,0.00,0.0,BEARISH,340.0,4406.19,4406.19,4406.19,4406.19,27,CLEARED_>=20s,1.0,0.0,0.0,0.0,0.0,0.0,0.0,PASS_<20%,0.00,0.0,NO,STANDBY_VEL_LOW,1,1321.86,3268.14,132.45,FALSE,M1_DIRECTION_MISMATCH
2026-09-07 19:41:27.653,1788810087.653,6536,24,67,4406.19,4406.27,8.0,PASS_<=10c,+0.0,FLAT,+0.0,+69.0,4.2,+0.00,0.00,SLOW,4405.50,4406.54,4403.14,4406.23,0.00,0.00,0.0,BEARISH,340.0,4406.19,4406.19,4406.19,4406.19,27,CLEARED_>=20s,1.0,0.0,0.0,0.0,0.0,0.0,0.0,PASS_<20%,0.00,0.0,NO,STANDBY_VEL_LOW,1,1321.86,3268.14,132.45,FALSE,M1_DIRECTION_MISMATCH
2026-09-07 19:41:28.154,1788810088.155,6537,25,68,4406.19,4406.27,8.0,PASS_<=10c,+0.0,FLAT,+0.0,+69.0,4.2,+0.00,0.00,SLOW,4405.50,4406.54,4403.14,4406.23,0.00,0.00,0.0,BEARISH,340.0,4406.19,4406.19,4406.19,4406.19,28,CLEARED_>=20s,1.0,0.0,0.0,0.0,0.0,0.0,0.0,PASS_<20%,0.00,0.0,NO,STANDBY_VEL_LOW,1,1321.86,3268.14,132.45,FALSE,M1_DIRECTION_MISMATCH
2026-09-07 19:41:28.656,1788810088.657,6538,26,69,4406.19,4406.27,8.0,PASS_<=10c,+0.0,FLAT,+0.0,+69.0,4.2,+0.00,0.00,SLOW,4405.50,4406.54,4403.14,4406.23,0.00,0.00,0.0,BEARISH,340.0,4406.19,4406.19,4406.19,4406.19,28,CLEARED_>=20s,1.0,0.0,0.0,0.0,0.0,0.0,0.0,PASS_<20%,0.00,0.0,NO,STANDBY_VEL_LOW,1,1321.86,3268.14,132.45,FALSE,M1_DIRECTION_MISMATCH
2026-09-07 19:41:29.158,1788810089.159,6539,27,70,4406.19,4406.27,8.0,PASS_<=10c,+0.0,FLAT,+0.0,+69.0,4.2,+0.00,0.00,SLOW,4405.50,4406.54,4403.14,4406.23,0.00,0.00,0.0,BEARISH,340.0,4406.19,4406.19,4406.19,4406.19,29,CLEARED_>=20s,1.0,0.0,0.0,0.0,0.0,0.0,0.0,PASS_<20%,0.00,0.0,NO,STANDBY_VEL_LOW,1,1321.86,3268.14,132.45,FALSE,M1_DIRECTION_MISMATCH
2026-09-07 19:41:29.660,1788810089.660,6540,28,71,4406.19,4406.27,8.0,PASS_<=10c,+0.0,FLAT,+0.0,+69.0,4.2,+0.00,0.00,SLOW,4405.50,4406.54,4403.14,4406.23,0.00,0.00,0.0,BEARISH,340.0,4406.19,4406.19,4406.19,4406.19,29,CLEARED_>=20s,1.0,0.0,0.0,0.0,0.0,0.0,0.0,PASS_<20%,0.00,0.0,NO,STANDBY_VEL_LOW,1,1321.86,3268.14,132.45,FALSE,M1_DIRECTION_MISMATCH
2026-09-07 19:41:30.161,1788810090.162,6541,29,72,4406.19,4406.27,8.0,PASS_<=10c,+0.0,FLAT,+0.0,+69.0,4.2,+0.00,0.00,SLOW,4405.50,4406.54,4403.14,4406.23,0.00,0.00,0.0,BEARISH,340.0,4406.19,4406.19,4406.19,4406.19,30,CLEARED_>=20s,1.0,0.0,0.0,0.0,0.0,0.0,0.0,PASS_<20%,0.00,0.0,NO,STANDBY_VEL_LOW,1,1321.86,3268.14,132.45,FALSE,M1_DIRECTION_MISMATCH
2026-09-07 19:41:40.547,1788810100.548,6542,30,73,4406.19,4406.27,8.0,PASS_<=10c,+0.0,FLAT,+0.0,+69.0,1.4,+0.00,0.00,SLOW,4405.50,4406.54,4403.14,4406.23,0.00,0.00,0.0,BEARISH,340.0,4406.19,4406.19,4406.19,4406.19,40,CLEARED_>=20s,1.0,0.0,0.0,0.0,0.0,0.0,0.0,PASS_<20%,0.00,0.0,NO,STANDBY_VEL_LOW,1,1321.86,3268.14,132.45,FALSE,M1_DIRECTION_MISMATCH
2026-09-07 19:41:47.383,1788810107.384,6543,31,74,4406.19,4406.27,8.0,PASS_<=10c,+0.0,FLAT,+0.0,+69.0,1.3,+0.00,0.00,SLOW,4405.50,4406.54,4403.14,4406.23,0.00,0.00,0.0,BEARISH,340.0,4406.19,4406.19,4406.19,4406.19,47,CLEARED_>=20s,1.0,0.0,0.0,0.0,0.0,0.0,0.0,PASS_<20%,0.00,0.0,NO,STANDBY_VEL_LOW,1,1321.86,3268.14,132.45,FALSE,M1_DIRECTION_MISMATCH
2026-09-07 19:41:47.738,1788810107.739,6544,32,75,4406.19,4406.27,8.0,PASS_<=10c,+0.0,FLAT,+0.0,+69.0,1.9,+0.00,0.00,SLOW,4405.50,4406.54,4403.14,4406.23,0.00,0.00,0.0,BEARISH,340.0,4406.19,4406.19,4406.19,4406.19,47,CLEARED_>=20s,1.0,0.0,0.0,0.0,0.0,0.0,0.0,PASS_<20%,0.00,0.0,NO,STANDBY_VEL_LOW,1,1321.86,3268.14,132.45,FALSE,M1_DIRECTION_MISMATCH
2026-09-07 19:41:48.240,1788810108.241,6545,33,76,4406.19,4406.27,8.0,PASS_<=10c,+0.0,FLAT,+0.0,+69.0,2.3,+0.00,0.00,SLOW,4405.50,4406.54,4403.14,4406.23,0.00,0.00,0.0,BEARISH,340.0,4406.19,4406.19,4406.19,4406.19,48,CLEARED_>=20s,1.0,0.0,0.0,0.0,0.0,0.0,0.0,PASS_<20%,0.00,0.0,NO,STANDBY_VEL_LOW,1,1321.86,3268.14,132.45,FALSE,M1_DIRECTION_MISMATCH
2026-09-07 19:41:48.742,1788810108.742,6546,34,77,4406.19,4406.27,8.0,PASS_<=10c,+0.0,FLAT,+0.0,+69.0,2.6,+0.00,0.00,SLOW,4405.50,4406.54,4403.14,4406.23,0.00,0.00,0.0,BEARISH,340.0,4406.19,4406.19,4406.19,4406.19,48,CLEARED_>=20s,1.0,0.0,0.0,0.0,0.0,0.0,0.0,PASS_<20%,0.00,0.0,NO,STANDBY_VEL_LOW,1,1321.86,3268.14,132.45,FALSE,M1_DIRECTION_MISMATCH
2026-09-07 19:41:49.244,1788810109.244,6547,35,78,4406.19,4406.27,8.0,PASS_<=10c,+0.0,FLAT,+0.0,+69.0,2.8,+0.00,0.00,SLOW,4405.50,4406.54,4403.14,4406.23,0.00,0.00,0.0,BEARISH,340.0,4406.19,4406.19,4406.19,4406.19,49,CLEARED_>=20s,1.0,0.0,0.0,0.0,0.0,0.0,0.0,PASS_<20%,0.00,0.0,NO,STANDBY_VEL_LOW,1,1321.86,3268.14,132.45,FALSE,M1_DIRECTION_MISMATCH
2026-09-07 19:41:49.745,1788810109.745,6548,36,79,4406.19,4406.27,8.0,PASS_<=10c,+0.0,FLAT,+0.0,+69.0,2.9,+0.00,0.00,SLOW,4405.50,4406.54,4403.14,4406.23,0.00,0.00,0.0,BEARISH,340.0,4406.19,4406.19,4406.19,4406.19,49,CLEARED_>=20s,1.0,0.0,0.0,0.0,0.0,0.0,0.0,PASS_<20%,0.00,0.0,NO,STANDBY_VEL_LOW,1,1321.86,3268.14,132.45,FALSE,M1_DIRECTION_MISMATCH
2026-09-07 19:41:50.246,1788810110.246,6549,37,80,4406.19,4406.27,8.0,PASS_<=10c,+0.0,FLAT,+0.0,+69.0,3.1,+0.00,0.00,SLOW,4405.50,4406.54,4403.14,4406.23,0.00,0.00,0.0,BEARISH,340.0,4406.19,4406.19,4406.19,4406.19,50,CLEARED_>=20s,1.0,0.0,0.0,0.0,0.0,0.0,0.0,PASS_<20%,0.00,0.0,NO,STANDBY_VEL_LOW,1,1321.86,3268.14,132.45,FALSE,M1_DIRECTION_MISMATCH
2026-09-07 19:41:50.748,1788810110.748,6550,38,81,4406.19,4406.27,8.0,PASS_<=10c,+0.0,FLAT,+0.0,+69.0,4.5,+0.00,0.00,SLOW,4405.50,4406.54,4403.14,4406.23,0.00,0.00,0.0,BEARISH,340.0,4406.19,4406.19,4406.19,4406.19,50,CLEARED_>=20s,1.0,0.0,0.0,0.0,0.0,0.0,0.0,PASS_<20%,0.00,0.0,NO,STANDBY_VEL_LOW,1,1321.86,3268.14,132.45,FALSE,M1_DIRECTION_MISMATCH
2026-09-07 19:41:51.249,1788810111.250,6551,39,82,4406.19,4406.27,8.0,PASS_<=10c,+0.0,FLAT,+0.0,+69.0,4.4,+0.00,0.00,SLOW,4405.50,4406.54,4403.14,4406.23,0.00,0.00,0.0,BEARISH,340.0,4406.19,4406.19,4406.19,4406.19,51,CLEARED_>=20s,1.0,0.0,0.0,0.0,0.0,0.0,0.0,PASS_<20%,0.00,0.0,NO,STANDBY_VEL_LOW,1,1321.86,3268.14,132.45,FALSE,M1_DIRECTION_MISMATCH
2026-09-07 19:41:51.751,1788810111.752,6552,40,83,4406.19,4406.27,8.0,PASS_<=10c,+0.0,FLAT,+0.0,+69.0,4.3,+0.00,0.00,SLOW,4405.50,4406.54,4403.14,4406.23,0.00,0.00,0.0,BEARISH,340.0,4406.19,4406.19,4406.19,4406.19,51,CLEARED_>=20s,1.0,0.0,0.0,0.0,0.0,0.0,0.0,PASS_<20%,0.00,0.0,NO,STANDBY_VEL_LOW,1,1321.86,3268.14,132.45,FALSE,M1_DIRECTION_MISMATCH
2026-09-07 19:41:52.252,1788810112.253,6553,41,84,4406.19,4406.27,8.0,PASS_<=10c,+0.0,FLAT,+0.0,+69.0,4.3,+0.00,0.00,SLOW,4405.50,4406.54,4403.14,4406.23,0.00,0.00,0.0,BEARISH,340.0,4406.19,4406.19,4406.19,4406.19,52,CLEARED_>=20s,1.0,0.0,0.0,0.0,0.0,0.0,0.0,PASS_<20%,0.00,0.0,NO,STANDBY_VEL_LOW,1,1321.86,3268.14,132.45,FALSE,M1_DIRECTION_MISMATCH
2026-09-07 19:41:52.754,1788810112.755,6554,42,85,4406.19,4406.27,8.0,PASS_<=10c,+0.0,FLAT,+0.0,+69.0,4.2,+0.00,0.00,SLOW,4405.50,4406.54,4403.14,4406.23,0.00,0.00,0.0,BEARISH,340.0,4406.19,4406.19,4406.19,4406.19,52,CLEARED_>=20s,1.0,0.0,0.0,0.0,0.0,0.0,0.0,PASS_<20%,0.00,0.0,NO,STANDBY_VEL_LOW,1,1321.86,3268.14,132.45,FALSE,M1_DIRECTION_MISMATCH
2026-09-07 19:41:53.264,1788810113.264,6555,43,86,4406.19,4406.27,8.0,PASS_<=10c,+0.0,FLAT,+0.0,+69.0,4.2,+0.00,0.00,SLOW,4405.50,4406.54,4403.14,4406.23,0.00,0.00,0.0,BEARISH,340.0,4406.19,4406.19,4406.19,4406.19,53,CLEARED_>=20s,1.0,0.0,0.0,0.0,0.0,0.0,0.0,PASS_<20%,0.00,0.0,NO,STANDBY_VEL_LOW,1,1321.86,3268.14,132.45,FALSE,M1_DIRECTION_MISMATCH
2026-09-07 19:41:53.765,1788810113.765,6556,44,87,4406.19,4406.27,8.0,PASS_<=10c,+0.0,FLAT,+0.0,+69.0,4.2,+0.00,0.00,SLOW,4405.50,4406.54,4403.14,4406.23,0.00,0.00,0.0,BEARISH,340.0,4406.19,4406.19,4406.19,4406.19,53,CLEARED_>=20s,1.0,0.0,0.0,0.0,0.0,0.0,0.0,PASS_<20%,0.00,0.0,NO,STANDBY_VEL_LOW,1,1321.86,3268.14,132.45,FALSE,M1_DIRECTION_MISMATCH
2026-09-07 19:41:54.267,1788810114.267,6557,45,88,4406.19,4406.27,8.0,PASS_<=10c,+0.0,FLAT,+0.0,+69.0,4.2,+0.00,0.00,SLOW,4405.50,4406.54,4403.14,4406.23,0.00,0.00,0.0,BEARISH,340.0,4406.19,4406.19,4406.19,4406.19,54,CLEARED_>=20s,1.0,0.0,0.0,0.0,0.0,0.0,0.0,PASS_<20%,0.00,0.0,NO,STANDBY_VEL_LOW,1,1321.86,3268.14,132.45,FALSE,M1_DIRECTION_MISMATCH
2026-09-07 19:41:54.768,1788810114.769,6558,46,89,4406.19,4406.27,8.0,PASS_<=10c,+0.0,FLAT,+0.0,+69.0,4.2,+0.00,0.00,SLOW,4405.50,4406.54,4403.14,4406.23,0.00,0.00,0.0,BEARISH,340.0,4406.19,4406.19,4406.19,4406.19,54,CLEARED_>=20s,1.0,0.0,0.0,0.0,0.0,0.0,0.0,PASS_<20%,0.00,0.0,NO,STANDBY_VEL_LOW,1,1321.86,3268.14,132.45,FALSE,M1_DIRECTION_MISMATCH
2026-09-07 19:41:55.271,1788810115.271,6559,47,90,4406.19,4406.27,8.0,PASS_<=10c,+0.0,FLAT,+0.0,+69.0,4.2,+0.00,0.00,SLOW,4405.50,4406.54,4403.14,4406.23,0.00,0.00,0.0,BEARISH,340.0,4406.19,4406.19,4406.19,4406.19,55,CLEARED_>=20s,1.0,0.0,0.0,0.0,0.0,0.0,0.0,PASS_<20%,0.00,0.0,NO,STANDBY_VEL_LOW,1,1321.86,3268.14,132.45,FALSE,M1_DIRECTION_MISMATCH
2026-09-07 19:42:05.647,1788810125.648,6560,1,91,4406.19,4406.27,8.0,PASS_<=10c,+0.0,FLAT,+0.0,+69.0,1.3,+0.00,0.00,SLOW,4405.50,4406.54,4403.14,4406.23,0.00,0.00,0.0,BEARISH,340.0,4406.19,4406.19,4406.19,4406.19,5,ACTIVE_5s,1.0,0.0,0.0,0.0,0.0,0.0,0.0,PASS_<20%,0.00,0.0,NO,STANDBY_VEL_LOW,1,1321.86,3268.14,132.45,FALSE,M1_DIRECTION_MISMATCH|OPENING_SHIELD_ACTIVE_5s
2026-09-07 19:42:12.472,1788810132.473,6561,2,92,4406.19,4406.27,8.0,PASS_<=10c,+0.0,FLAT,+0.0,+69.0,1.3,+0.00,0.00,SLOW,4405.50,4406.54,4403.14,4406.23,0.00,0.00,0.0,BEARISH,340.0,4406.19,4406.19,4406.19,4406.19,12,ACTIVE_12s,1.0,0.0,0.0,0.0,0.0,0.0,0.0,PASS_<20%,0.00,0.0,NO,STANDBY_VEL_LOW,1,1321.86,3268.14,132.45,FALSE,M1_DIRECTION_MISMATCH|OPENING_SHIELD_ACTIVE_12s
2026-09-07 19:42:12.827,1788810132.828,6562,3,93,4406.19,4406.27,8.0,PASS_<=10c,+0.0,FLAT,+0.0,+69.0,1.9,+0.00,0.00,SLOW,4405.50,4406.54,4403.14,4406.23,0.00,0.00,0.0,BEARISH,340.0,4406.19,4406.19,4406.19,4406.19,12,ACTIVE_12s,1.0,0.0,0.0,0.0,0.0,0.0,0.0,PASS_<20%,0.00,0.0,NO,STANDBY_VEL_LOW,1,1321.86,3268.14,132.45,FALSE,M1_DIRECTION_MISMATCH|OPENING_SHIELD_ACTIVE_12s
2026-09-07 19:42:13.329,1788810133.329,6563,4,94,4406.19,4406.27,8.0,PASS_<=10c,+0.0,FLAT,+0.0,+69.0,2.3,+0.00,0.00,SLOW,4405.50,4406.54,4403.14,4406.23,0.00,0.00,0.0,BEARISH,340.0,4406.19,4406.19,4406.19,4406.19,13,ACTIVE_13s,1.0,0.0,0.0,0.0,0.0,0.0,0.0,PASS_<20%,0.00,0.0,NO,STANDBY_VEL_LOW,1,1321.86,3268.14,132.45,FALSE,M1_DIRECTION_MISMATCH|OPENING_SHIELD_ACTIVE_13s
2026-09-07 19:42:13.830,1788810133.830,6564,5,95,4406.19,4406.27,8.0,PASS_<=10c,+0.0,FLAT,+0.0,+69.0,2.6,+0.00,0.00,SLOW,4405.50,4406.54,4403.14,4406.23,0.00,0.00,0.0,BEARISH,340.0,4406.19,4406.19,4406.19,4406.19,13,ACTIVE_13s,1.0,0.0,0.0,0.0,0.0,0.0,0.0,PASS_<20%,0.00,0.0,NO,STANDBY_VEL_LOW,1,1321.86,3268.14,132.45,FALSE,M1_DIRECTION_MISMATCH|OPENING_SHIELD_ACTIVE_13s
2026-09-07 19:42:14.331,1788810134.331,6565,6,96,4406.19,4406.27,8.0,PASS_<=10c,+0.0,FLAT,+0.0,+69.0,2.8,+0.00,0.00,SLOW,4405.50,4406.54,4403.14,4406.23,0.00,0.00,0.0,BEARISH,340.0,4406.19,4406.19,4406.19,4406.19,14,ACTIVE_14s,1.0,0.0,0.0,0.0,0.0,0.0,0.0,PASS_<20%,0.00,0.0,NO,STANDBY_VEL_LOW,1,1321.86,3268.14,132.45,FALSE,M1_DIRECTION_MISMATCH|OPENING_SHIELD_ACTIVE_14s
2026-09-07 19:42:14.832,1788810134.832,6566,7,97,4406.19,4406.27,8.0,PASS_<=10c,+0.0,FLAT,+0.0,+69.0,3.0,+0.00,0.00,SLOW,4405.50,4406.54,4403.14,4406.23,0.00,0.00,0.0,BEARISH,340.0,4406.19,4406.19,4406.19,4406.19,14,ACTIVE_14s,1.0,0.0,0.0,0.0,0.0,0.0,0.0,PASS_<20%,0.00,0.0,NO,STANDBY_VEL_LOW,1,1321.86,3268.14,132.45,FALSE,M1_DIRECTION_MISMATCH|OPENING_SHIELD_ACTIVE_14s
2026-09-07 19:42:15.333,1788810135.333,6567,8,98,4406.19,4406.27,8.0,PASS_<=10c,+0.0,FLAT,+0.0,+69.0,3.1,+0.00,0.00,SLOW,4405.50,4406.54,4403.14,4406.23,0.00,0.00,0.0,BEARISH,340.0,4406.19,4406.19,4406.19,4406.19,15,ACTIVE_15s,1.0,0.0,0.0,0.0,0.0,0.0,0.0,PASS_<20%,0.00,0.0,NO,STANDBY_VEL_LOW,1,1321.86,3268.14,132.45,FALSE,M1_DIRECTION_MISMATCH|OPENING_SHIELD_ACTIVE_15s
2026-09-07 19:42:15.835,1788810135.836,6568,9,99,4406.19,4406.27,8.0,PASS_<=10c,+0.0,FLAT,+0.0,+69.0,4.5,+0.00,0.00,SLOW,4405.50,4406.54,4403.14,4406.23,0.00,0.00,0.0,BEARISH,340.0,4406.19,4406.19,4406.19,4406.19,15,ACTIVE_15s,1.0,0.0,0.0,0.0,0.0,0.0,0.0,PASS_<20%,0.00,0.0,NO,STANDBY_VEL_LOW,1,1321.86,3268.14,132.45,FALSE,M1_DIRECTION_MISMATCH|OPENING_SHIELD_ACTIVE_15s
2026-09-07 19:42:16.336,1788810136.337,6569,10,100,4406.19,4406.27,8.0,PASS_<=10c,+0.0,FLAT,+0.0,+69.0,4.4,+0.00,0.00,SLOW,4405.50,4406.54,4403.14,4406.23,0.00,0.00,0.0,BEARISH,340.0,4406.19,4406.19,4406.19,4406.19,16,ACTIVE_16s,1.0,0.0,0.0,0.0,0.0,0.0,0.0,PASS_<20%,0.00,0.0,NO,STANDBY_VEL_LOW,1,1321.86,3268.14,132.45,FALSE,M1_DIRECTION_MISMATCH|OPENING_SHIELD_ACTIVE_16s
2026-09-07 19:42:16.838,1788810136.838,6570,11,101,4406.19,4406.27,8.0,PASS_<=10c,+0.0,FLAT,+0.0,+69.0,4.4,+0.00,0.00,SLOW,4405.50,4406.54,4403.14,4406.23,0.00,0.00,0.0,BEARISH,340.0,4406.19,4406.19,4406.19,4406.19,16,ACTIVE_16s,1.0,0.0,0.0,0.0,0.0,0.0,0.0,PASS_<20%,0.00,0.0,NO,STANDBY_VEL_LOW,1,1321.86,3268.14,132.45,FALSE,M1_DIRECTION_MISMATCH|OPENING_SHIELD_ACTIVE_16s
2026-09-07 19:42:17.339,1788810137.340,6571,12,102,4406.19,4406.27,8.0,PASS_<=10c,+0.0,FLAT,+0.0,+69.0,4.3,+0.00,0.00,SLOW,4405.50,4406.54,4403.14,4406.23,0.00,0.00,0.0,BEARISH,340.0,4406.19,4406.19,4406.19,4406.19,17,ACTIVE_17s,1.0,0.0,0.0,0.0,0.0,0.0,0.0,PASS_<20%,0.00,0.0,NO,STANDBY_VEL_LOW,1,1321.86,3268.14,132.45,FALSE,M1_DIRECTION_MISMATCH|OPENING_SHIELD_ACTIVE_17s
2026-09-07 19:42:17.841,1788810137.841,6572,13,103,4406.19,4406.27,8.0,PASS_<=10c,+0.0,FLAT,+0.0,+69.0,4.2,+0.00,0.00,SLOW,4405.50,4406.54,4403.14,4406.23,0.00,0.00,0.0,BEARISH,340.0,4406.19,4406.19,4406.19,4406.19,17,ACTIVE_17s,1.0,0.0,0.0,0.0,0.0,0.0,0.0,PASS_<20%,0.00,0.0,NO,STANDBY_VEL_LOW,1,1321.86,3268.14,132.45,FALSE,M1_DIRECTION_MISMATCH|OPENING_SHIELD_ACTIVE_17s
2026-09-07 19:42:18.343,1788810138.343,6573,14,104,4406.19,4406.27,8.0,PASS_<=10c,+0.0,FLAT,+0.0,+69.0,4.2,+0.00,0.00,SLOW,4405.50,4406.54,4403.14,4406.23,0.00,0.00,0.0,BEARISH,340.0,4406.19,4406.19,4406.19,4406.19,18,ACTIVE_18s,1.0,0.0,0.0,0.0,0.0,0.0,0.0,PASS_<20%,0.00,0.0,NO,STANDBY_VEL_LOW,1,1321.86,3268.14,132.45,FALSE,M1_DIRECTION_MISMATCH|OPENING_SHIELD_ACTIVE_18s
2026-09-07 19:42:18.845,1788810138.846,6574,15,105,4406.19,4406.27,8.0,PASS_<=10c,+0.0,FLAT,+0.0,+69.0,4.2,+0.00,0.00,SLOW,4405.50,4406.54,4403.14,4406.23,0.00,0.00,0.0,BEARISH,340.0,4406.19,4406.19,4406.19,4406.19,18,ACTIVE_18s,1.0,0.0,0.0,0.0,0.0,0.0,0.0,PASS_<20%,0.00,0.0,NO,STANDBY_VEL_LOW,1,1321.86,3268.14,132.45,FALSE,M1_DIRECTION_MISMATCH|OPENING_SHIELD_ACTIVE_18s
2026-09-07 19:42:19.347,1788810139.348,6575,16,106,4406.19,4406.27,8.0,PASS_<=10c,+0.0,FLAT,+0.0,+69.0,4.2,+0.00,0.00,SLOW,4405.50,4406.54,4403.14,4406.23,0.00,0.00,0.0,BEARISH,340.0,4406.19,4406.19,4406.19,4406.19,19,ACTIVE_19s,1.0,0.0,0.0,0.0,0.0,0.0,0.0,PASS_<20%,0.00,0.0,NO,STANDBY_VEL_LOW,1,1321.86,3268.14,132.45,FALSE,M1_DIRECTION_MISMATCH|OPENING_SHIELD_ACTIVE_19s
2026-09-07 19:42:19.848,1788810139.848,6576,17,107,4406.19,4406.27,8.0,PASS_<=10c,+0.0,FLAT,+0.0,+69.0,4.2,+0.00,0.00,SLOW,4405.50,4406.54,4403.14,4406.23,0.00,0.00,0.0,BEARISH,340.0,4406.19,4406.19,4406.19,4406.19,19,ACTIVE_19s,1.0,0.0,0.0,0.0,0.0,0.0,0.0,PASS_<20%,0.00,0.0,NO,STANDBY_VEL_LOW,1,1321.86,3268.14,132.45,FALSE,M1_DIRECTION_MISMATCH|OPENING_SHIELD_ACTIVE_19s
2026-09-07 19:42:20.350,1788810140.350,6577,18,108,4406.19,4406.27,8.0,PASS_<=10c,+0.0,FLAT,+0.0,+69.0,4.2,+0.00,0.00,SLOW,4405.50,4406.54,4403.14,4406.23,0.00,0.00,0.0,BEARISH,340.0,4406.19,4406.19,4406.19,4406.19,20,CLEARED_>=20s,1.0,0.0,0.0,0.0,0.0,0.0,0.0,PASS_<20%,0.00,0.0,NO,STANDBY_VEL_LOW,1,1321.86,3268.14,132.45,FALSE,M1_DIRECTION_MISMATCH
2026-09-07 19:42:30.724,1788810150.725,6578,19,109,4406.19,4406.27,8.0,PASS_<=10c,+0.0,FLAT,+0.0,+69.0,1.3,+0.00,0.00,SLOW,4405.50,4406.54,4403.14,4406.23,0.00,0.00,0.0,BEARISH,340.0,4406.19,4406.19,4406.19,4406.19,30,CLEARED_>=20s,1.0,0.0,0.0,0.0,0.0,0.0,0.0,PASS_<20%,0.00,0.0,NO,STANDBY_VEL_LOW,1,1321.86,3268.14,132.45,FALSE,M1_DIRECTION_MISMATCH
2026-09-07 19:42:36.742,1788810156.743,6579,20,110,4406.19,4406.27,8.0,PASS_<=10c,+0.0,FLAT,+0.0,+69.0,2.0,+0.00,0.00,SLOW,4405.50,4406.54,4403.14,4406.23,0.00,0.00,0.0,BEARISH,340.0,4406.19,4406.19,4406.19,4406.19,36,CLEARED_>=20s,1.0,0.0,0.0,0.0,0.0,0.0,0.0,PASS_<20%,0.00,0.0,NO,STANDBY_VEL_LOW,1,1321.86,3268.14,132.45,FALSE,M1_DIRECTION_MISMATCH
2026-09-07 19:42:37.097,1788810157.098,6580,21,111,4406.19,4406.27,8.0,PASS_<=10c,+0.0,FLAT,+0.0,+69.0,3.2,+0.00,0.00,SLOW,4405.50,4406.54,4403.14,4406.23,0.00,0.00,0.0,BEARISH,340.0,4406.19,4406.19,4406.19,4406.19,37,CLEARED_>=20s,1.0,0.0,0.0,0.0,0.0,0.0,0.0,PASS_<20%,0.00,0.0,NO,STANDBY_VEL_LOW,1,1321.86,3268.14,132.45,FALSE,M1_DIRECTION_MISMATCH
2026-09-07 19:42:37.599,1788810157.599,6581,22,112,4406.19,4406.27,8.0,PASS_<=10c,+0.0,FLAT,+0.0,+69.0,3.4,+0.00,0.00,SLOW,4405.50,4406.54,4403.14,4406.23,0.00,0.00,0.0,BEARISH,340.0,4406.19,4406.19,4406.19,4406.19,37,CLEARED_>=20s,1.0,0.0,0.0,0.0,0.0,0.0,0.0,PASS_<20%,0.00,0.0,NO,STANDBY_VEL_LOW,1,1321.86,3268.14,132.45,FALSE,M1_DIRECTION_MISMATCH
2026-09-07 19:42:38.100,1788810158.101,6582,23,113,4406.19,4406.27,8.0,PASS_<=10c,+0.0,FLAT,+0.0,+69.0,3.5,+0.00,0.00,SLOW,4405.50,4406.54,4403.14,4406.23,0.00,0.00,0.0,BEARISH,340.0,4406.19,4406.19,4406.19,4406.19,38,CLEARED_>=20s,1.0,0.0,0.0,0.0,0.0,0.0,0.0,PASS_<20%,0.00,0.0,NO,STANDBY_VEL_LOW,1,1321.86,3268.14,132.45,FALSE,M1_DIRECTION_MISMATCH
2026-09-07 19:42:38.601,1788810158.602,6583,24,114,4406.19,4406.27,8.0,PASS_<=10c,+0.0,FLAT,+0.0,+69.0,3.6,+0.00,0.00,SLOW,4405.50,4406.54,4403.14,4406.23,0.00,0.00,0.0,BEARISH,340.0,4406.19,4406.19,4406.19,4406.19,38,CLEARED_>=20s,1.0,0.0,0.0,0.0,0.0,0.0,0.0,PASS_<20%,0.00,0.0,NO,STANDBY_VEL_LOW,1,1321.86,3268.14,132.45,FALSE,M1_DIRECTION_MISMATCH
2026-09-07 19:42:39.105,1788810159.105,6584,25,115,4406.19,4406.27,8.0,PASS_<=10c,+0.0,FLAT,+0.0,+69.0,3.7,+0.00,0.00,SLOW,4405.50,4406.54,4403.14,4406.23,0.00,0.00,0.0,BEARISH,340.0,4406.19,4406.19,4406.19,4406.19,39,CLEARED_>=20s,1.0,0.0,0.0,0.0,0.0,0.0,0.0,PASS_<20%,0.00,0.0,NO,STANDBY_VEL_LOW,1,1321.86,3268.14,132.45,FALSE,M1_DIRECTION_MISMATCH
2026-09-07 19:42:39.606,1788810159.606,6585,26,116,4406.19,4406.27,8.0,PASS_<=10c,+0.0,FLAT,+0.0,+69.0,3.7,+0.00,0.00,SLOW,4405.50,4406.54,4403.14,4406.23,0.00,0.00,0.0,BEARISH,340.0,4406.19,4406.19,4406.19,4406.19,39,CLEARED_>=20s,1.0,0.0,0.0,0.0,0.0,0.0,0.0,PASS_<20%,0.00,0.0,NO,STANDBY_VEL_LOW,1,1321.86,3268.14,132.45,FALSE,M1_DIRECTION_MISMATCH
2026-09-07 19:42:40.109,1788810160.109,6586,27,117,4406.19,4406.27,8.0,PASS_<=10c,+0.0,FLAT,+0.0,+69.0,3.7,+0.00,0.00,SLOW,4405.50,4406.54,4403.14,4406.23,0.00,0.00,0.0,BEARISH,340.0,4406.19,4406.19,4406.19,4406.19,40,CLEARED_>=20s,1.0,0.0,0.0,0.0,0.0,0.0,0.0,PASS_<20%,0.00,0.0,NO,STANDBY_VEL_LOW,1,1321.86,3268.14,132.45,FALSE,M1_DIRECTION_MISMATCH
2026-09-07 19:42:40.610,1788810160.611,6587,28,118,4406.19,4406.27,8.0,PASS_<=10c,+0.0,FLAT,+0.0,+69.0,3.8,+0.00,0.00,SLOW,4405.50,4406.54,4403.14,4406.23,0.00,0.00,0.0,BEARISH,340.0,4406.19,4406.19,4406.19,4406.19,40,CLEARED_>=20s,1.0,0.0,0.0,0.0,0.0,0.0,0.0,PASS_<20%,0.00,0.0,NO,STANDBY_VEL_LOW,1,1321.86,3268.14,132.45,FALSE,M1_DIRECTION_MISMATCH
2026-09-07 19:42:41.112,1788810161.113,6588,29,119,4406.19,4406.27,8.0,PASS_<=10c,+0.0,FLAT,+0.0,+69.0,4.3,+0.00,0.00,SLOW,4405.50,4406.54,4403.14,4406.23,0.00,0.00,0.0,BEARISH,340.0,4406.19,4406.19,4406.19,4406.19,41,CLEARED_>=20s,1.0,0.0,0.0,0.0,0.0,0.0,0.0,PASS_<20%,0.00,0.0,NO,STANDBY_VEL_LOW,1,1321.86,3268.14,132.45,FALSE,M1_DIRECTION_MISMATCH
2026-09-07 19:42:41.614,1788810161.614,6589,30,120,4406.19,4406.27,8.0,PASS_<=10c,+0.0,FLAT,+0.0,+69.0,4.3,+0.00,0.00,SLOW,4405.50,4406.54,4403.14,4406.23,0.00,0.00,0.0,BEARISH,340.0,4406.19,4406.19,4406.19,4406.19,41,CLEARED_>=20s,1.0,0.0,0.0,0.0,0.0,0.0,0.0,PASS_<20%,0.00,0.0,NO,STANDBY_VEL_LOW,1,1321.86,3268.14,132.45,FALSE,M1_DIRECTION_MISMATCH
2026-09-07 19:42:42.116,1788810162.116,6590,31,121,4406.19,4406.27,8.0,PASS_<=10c,+0.0,FLAT,+0.0,+69.0,4.2,+0.00,0.00,SLOW,4405.50,4406.54,4403.14,4406.23,0.00,0.00,0.0,BEARISH,340.0,4406.19,4406.19,4406.19,4406.19,42,CLEARED_>=20s,1.0,0.0,0.0,0.0,0.0,0.0,0.0,PASS_<20%,0.00,0.0,NO,STANDBY_VEL_LOW,1,1321.86,3268.14,132.45,FALSE,M1_DIRECTION_MISMATCH
2026-09-07 19:42:42.617,1788810162.618,6591,32,122,4406.19,4406.27,8.0,PASS_<=10c,+0.0,FLAT,+0.0,+69.0,4.2,+0.00,0.00,SLOW,4405.50,4406.54,4403.14,4406.23,0.00,0.00,0.0,BEARISH,340.0,4406.19,4406.19,4406.19,4406.19,42,CLEARED_>=20s,1.0,0.0,0.0,0.0,0.0,0.0,0.0,PASS_<20%,0.00,0.0,NO,STANDBY_VEL_LOW,1,1321.86,3268.14,132.45,FALSE,M1_DIRECTION_MISMATCH
2026-09-07 19:42:43.118,1788810163.119,6592,33,123,4406.19,4406.27,8.0,PASS_<=10c,+0.0,FLAT,+0.0,+69.0,4.2,+0.00,0.00,SLOW,4405.50,4406.54,4403.14,4406.23,0.00,0.00,0.0,BEARISH,340.0,4406.19,4406.19,4406.19,4406.19,43,CLEARED_>=20s,1.0,0.0,0.0,0.0,0.0,0.0,0.0,PASS_<20%,0.00,0.0,NO,STANDBY_VEL_LOW,1,1321.86,3268.14,132.45,FALSE,M1_DIRECTION_MISMATCH
2026-09-07 19:42:43.620,1788810163.620,6593,34,124,4406.19,4406.27,8.0,PASS_<=10c,+0.0,FLAT,+0.0,+69.0,4.2,+0.00,0.00,SLOW,4405.50,4406.54,4403.14,4406.23,0.00,0.00,0.0,BEARISH,340.0,4406.19,4406.19,4406.19,4406.19,43,CLEARED_>=20s,1.0,0.0,0.0,0.0,0.0,0.0,0.0,PASS_<20%,0.00,0.0,NO,STANDBY_VEL_LOW,1,1321.86,3268.14,132.45,FALSE,M1_DIRECTION_MISMATCH
2026-09-07 19:42:44.121,1788810164.122,6594,35,125,4406.19,4406.27,8.0,PASS_<=10c,+0.0,FLAT,+0.0,+69.0,4.2,+0.00,0.00,SLOW,4405.50,4406.54,4403.14,4406.23,0.00,0.00,0.0,BEARISH,340.0,4406.19,4406.19,4406.19,4406.19,44,CLEARED_>=20s,1.0,0.0,0.0,0.0,0.0,0.0,0.0,PASS_<20%,0.00,0.0,NO,STANDBY_VEL_LOW,1,1321.86,3268.14,132.45,FALSE,M1_DIRECTION_MISMATCH
2026-09-07 19:42:44.622,1788810164.623,6595,36,126,4406.19,4406.27,8.0,PASS_<=10c,+0.0,FLAT,+0.0,+69.0,4.2,+0.00,0.00,SLOW,4405.50,4406.54,4403.14,4406.23,0.00,0.00,0.0,BEARISH,340.0,4406.19,4406.19,4406.19,4406.19,44,CLEARED_>=20s,1.0,0.0,0.0,0.0,0.0,0.0,0.0,PASS_<20%,0.00,0.0,NO,STANDBY_VEL_LOW,1,1321.86,3268.14,132.45,FALSE,M1_DIRECTION_MISMATCH
2026-09-07 19:42:50.141,1788810170.142,6596,37,127,4406.19,4406.27,8.0,PASS_<=10c,+0.0,FLAT,+0.0,+69.0,1.6,+0.00,0.00,SLOW,4405.50,4406.54,4403.14,4406.23,0.00,0.00,0.0,BEARISH,340.0,4406.19,4406.19,4406.19,4406.19,50,CLEARED_>=20s,1.0,0.0,0.0,0.0,0.0,0.0,0.0,PASS_<20%,0.00,0.0,NO,STANDBY_VEL_LOW,1,1321.86,3268.14,132.45,FALSE,M1_DIRECTION_MISMATCH
2026-09-07 19:43:00.369,1788810180.370,6597,1,128,4406.19,4406.27,8.0,PASS_<=10c,+0.0,FLAT,+0.0,+69.0,1.3,+0.00,0.00,SLOW,4405.50,4406.54,4403.14,4406.23,0.00,0.00,0.0,BEARISH,340.0,4406.19,4406.19,4406.19,4406.19,0,ACTIVE_0s,1.0,0.0,0.0,0.0,0.0,0.0,0.0,PASS_<20%,0.00,0.0,NO,STANDBY_VEL_LOW,1,1321.86,3268.14,132.45,FALSE,M1_DIRECTION_MISMATCH|OPENING_SHIELD_ACTIVE_0s
2026-09-07 19:43:01.779,1788810181.779,6598,2,129,4406.19,4406.27,8.0,PASS_<=10c,+0.0,FLAT,+0.0,+69.0,2.1,+0.00,0.00,SLOW,4405.50,4406.54,4403.14,4406.23,0.00,0.00,0.0,BEARISH,340.0,4406.19,4406.19,4406.19,4406.19,1,ACTIVE_1s,1.0,0.0,0.0,0.0,0.0,0.0,0.0,PASS_<20%,0.00,0.0,NO,STANDBY_VEL_LOW,1,1321.86,3268.14,132.45,FALSE,M1_DIRECTION_MISMATCH|OPENING_SHIELD_ACTIVE_1s
2026-09-07 19:43:02.280,1788810182.280,6599,3,130,4406.19,4406.27,8.0,PASS_<=10c,+0.0,FLAT,+0.0,+69.0,2.6,+0.00,0.00,SLOW,4405.50,4406.54,4403.14,4406.23,0.00,0.00,0.0,BEARISH,340.0,4406.19,4406.19,4406.19,4406.19,2,ACTIVE_2s,1.0,0.0,0.0,0.0,0.0,0.0,0.0,PASS_<20%,0.00,0.0,NO,STANDBY_VEL_LOW,1,1321.86,3268.14,132.45,FALSE,M1_DIRECTION_MISMATCH|OPENING_SHIELD_ACTIVE_2s
2026-09-07 19:43:02.796,1788810182.797,6600,4,131,4406.19,4406.27,8.0,PASS_<=10c,+0.0,FLAT,+0.0,+69.0,2.9,+0.00,0.00,SLOW,4405.50,4406.54,4403.14,4406.23,0.00,0.00,0.0,BEARISH,340.0,4406.19,4406.19,4406.19,4406.19,2,ACTIVE_2s,1.0,0.0,0.0,0.0,0.0,0.0,0.0,PASS_<20%,0.00,0.0,NO,STANDBY_VEL_LOW,1,1321.86,3268.14,132.45,FALSE,M1_DIRECTION_MISMATCH|OPENING_SHIELD_ACTIVE_2s
2026-09-07 19:43:03.286,1788810183.286,6601,5,132,4406.19,4406.27,8.0,PASS_<=10c,+0.0,FLAT,+0.0,+69.0,3.1,+0.00,0.00,SLOW,4405.50,4406.54,4403.14,4406.23,0.00,0.00,0.0,BEARISH,340.0,4406.19,4406.19,4406.19,4406.19,3,ACTIVE_3s,1.0,0.0,0.0,0.0,0.0,0.0,0.0,PASS_<20%,0.00,0.0,NO,STANDBY_VEL_LOW,1,1321.86,3268.14,132.45,FALSE,M1_DIRECTION_MISMATCH|OPENING_SHIELD_ACTIVE_3s
2026-09-07 19:43:03.787,1788810183.787,6602,6,133,4406.19,4406.27,8.0,PASS_<=10c,+0.0,FLAT,+0.0,+69.0,3.2,+0.00,0.00,SLOW,4405.50,4406.54,4403.14,4406.23,0.00,0.00,0.0,BEARISH,340.0,4406.19,4406.19,4406.19,4406.19,3,ACTIVE_3s,1.0,0.0,0.0,0.0,0.0,0.0,0.0,PASS_<20%,0.00,0.0,NO,STANDBY_VEL_LOW,1,1321.86,3268.14,132.45,FALSE,M1_DIRECTION_MISMATCH|OPENING_SHIELD_ACTIVE_3s
2026-09-07 19:43:04.289,1788810184.289,6603,7,134,4406.19,4406.27,8.0,PASS_<=10c,+0.0,FLAT,+0.0,+69.0,3.3,+0.00,0.00,SLOW,4405.50,4406.54,4403.14,4406.23,0.00,0.00,0.0,BEARISH,340.0,4406.19,4406.19,4406.19,4406.19,4,ACTIVE_4s,1.0,0.0,0.0,0.0,0.0,0.0,0.0,PASS_<20%,0.00,0.0,NO,STANDBY_VEL_LOW,1,1321.86,3268.14,132.45,FALSE,M1_DIRECTION_MISMATCH|OPENING_SHIELD_ACTIVE_4s
2026-09-07 19:43:04.790,1788810184.791,6604,8,135,4406.19,4406.27,8.0,PASS_<=10c,+0.0,FLAT,+0.0,+69.0,3.4,+0.00,0.00,SLOW,4405.50,4406.54,4403.14,4406.23,0.00,0.00,0.0,BEARISH,340.0,4406.19,4406.19,4406.19,4406.19,4,ACTIVE_4s,1.0,0.0,0.0,0.0,0.0,0.0,0.0,PASS_<20%,0.00,0.0,NO,STANDBY_VEL_LOW,1,1321.86,3268.14,132.45,FALSE,M1_DIRECTION_MISMATCH|OPENING_SHIELD_ACTIVE_4s
2026-09-07 19:43:05.291,1788810185.292,6605,9,136,4406.19,4406.27,8.0,PASS_<=10c,+0.0,FLAT,+0.0,+69.0,3.5,+0.00,0.00,SLOW,4405.50,4406.54,4403.14,4406.23,0.00,0.00,0.0,BEARISH,340.0,4406.19,4406.19,4406.19,4406.19,5,ACTIVE_5s,1.0,0.0,0.0,0.0,0.0,0.0,0.0,PASS_<20%,0.00,0.0,NO,STANDBY_VEL_LOW,1,1321.86,3268.14,132.45,FALSE,M1_DIRECTION_MISMATCH|OPENING_SHIELD_ACTIVE_5s
2026-09-07 19:43:05.792,1788810185.792,6606,10,137,4406.19,4406.27,8.0,PASS_<=10c,+0.0,FLAT,+0.0,+69.0,4.4,+0.00,0.00,SLOW,4405.50,4406.54,4403.14,4406.23,0.00,0.00,0.0,BEARISH,340.0,4406.19,4406.19,4406.19,4406.19,5,ACTIVE_5s,1.0,0.0,0.0,0.0,0.0,0.0,0.0,PASS_<20%,0.00,0.0,NO,STANDBY_VEL_LOW,1,1321.86,3268.14,132.45,FALSE,M1_DIRECTION_MISMATCH|OPENING_SHIELD_ACTIVE_5s
2026-09-07 19:43:06.293,1788810186.293,6607,11,138,4406.19,4406.27,8.0,PASS_<=10c,+0.0,FLAT,+0.0,+69.0,4.3,+0.00,0.00,SLOW,4405.50,4406.54,4403.14,4406.23,0.00,0.00,0.0,BEARISH,340.0,4406.19,4406.19,4406.19,4406.19,6,ACTIVE_6s,1.0,0.0,0.0,0.0,0.0,0.0,0.0,PASS_<20%,0.00,0.0,NO,STANDBY_VEL_LOW,1,1321.86,3268.14,132.45,FALSE,M1_DIRECTION_MISMATCH|OPENING_SHIELD_ACTIVE_6s
2026-09-07 19:43:06.794,1788810186.795,6608,12,139,4406.19,4406.27,8.0,PASS_<=10c,+0.0,FLAT,+0.0,+69.0,4.2,+0.00,0.00,SLOW,4405.50,4406.54,4403.14,4406.23,0.00,0.00,0.0,BEARISH,340.0,4406.19,4406.19,4406.19,4406.19,6,ACTIVE_6s,1.0,0.0,0.0,0.0,0.0,0.0,0.0,PASS_<20%,0.00,0.0,NO,STANDBY_VEL_LOW,1,1321.86,3268.14,132.45,FALSE,M1_DIRECTION_MISMATCH|OPENING_SHIELD_ACTIVE_6s
2026-09-07 19:43:07.325,1788810187.325,6609,13,140,4406.19,4406.27,8.0,PASS_<=10c,+0.0,FLAT,+0.0,+69.0,4.2,+0.00,0.00,SLOW,4405.50,4406.54,4403.14,4406.23,0.00,0.00,0.0,BEARISH,340.0,4406.19,4406.19,4406.19,4406.19,7,ACTIVE_7s,1.0,0.0,0.0,0.0,0.0,0.0,0.0,PASS_<20%,0.00,0.0,NO,STANDBY_VEL_LOW,1,1321.86,3268.14,132.45,FALSE,M1_DIRECTION_MISMATCH|OPENING_SHIELD_ACTIVE_7s
2026-09-07 19:43:07.816,1788810187.816,6610,14,141,4406.19,4406.27,8.0,PASS_<=10c,+0.0,FLAT,+0.0,+69.0,4.2,+0.00,0.00,SLOW,4405.50,4406.54,4403.14,4406.23,0.00,0.00,0.0,BEARISH,340.0,4406.19,4406.19,4406.19,4406.19,7,ACTIVE_7s,1.0,0.0,0.0,0.0,0.0,0.0,0.0,PASS_<20%,0.00,0.0,NO,STANDBY_VEL_LOW,1,1321.86,3268.14,132.45,FALSE,M1_DIRECTION_MISMATCH|OPENING_SHIELD_ACTIVE_7s
2026-09-07 19:43:08.318,1788810188.318,6611,15,142,4406.19,4406.27,8.0,PASS_<=10c,+0.0,FLAT,+0.0,+69.0,4.2,+0.00,0.00,SLOW,4405.50,4406.54,4403.14,4406.23,0.00,0.00,0.0,BEARISH,340.0,4406.19,4406.19,4406.19,4406.19,8,ACTIVE_8s,1.0,0.0,0.0,0.0,0.0,0.0,0.0,PASS_<20%,0.00,0.0,NO,STANDBY_VEL_LOW,1,1321.86,3268.14,132.45,FALSE,M1_DIRECTION_MISMATCH|OPENING_SHIELD_ACTIVE_8s
2026-09-07 19:43:08.820,1788810188.821,6612,16,143,4406.19,4406.27,8.0,PASS_<=10c,+0.0,FLAT,+0.0,+69.0,4.2,+0.00,0.00,SLOW,4405.50,4406.54,4403.14,4406.23,0.00,0.00,0.0,BEARISH,340.0,4406.19,4406.19,4406.19,4406.19,8,ACTIVE_8s,1.0,0.0,0.0,0.0,0.0,0.0,0.0,PASS_<20%,0.00,0.0,NO,STANDBY_VEL_LOW,1,1321.86,3268.14,132.45,FALSE,M1_DIRECTION_MISMATCH|OPENING_SHIELD_ACTIVE_8s
2026-09-07 19:43:09.322,1788810189.322,6613,17,144,4406.19,4406.27,8.0,PASS_<=10c,+0.0,FLAT,+0.0,+69.0,4.2,+0.00,0.00,SLOW,4405.50,4406.54,4403.14,4406.23,0.00,0.00,0.0,BEARISH,340.0,4406.19,4406.19,4406.19,4406.19,9,ACTIVE_9s,1.0,0.0,0.0,0.0,0.0,0.0,0.0,PASS_<20%,0.00,0.0,NO,STANDBY_VEL_LOW,1,1321.86,3268.14,132.45,FALSE,M1_DIRECTION_MISMATCH|OPENING_SHIELD_ACTIVE_9s
2026-09-07 19:43:14.836,1788810194.836,6614,18,145,4406.19,4406.27,8.0,PASS_<=10c,+0.0,FLAT,+0.0,+69.0,1.6,+0.00,0.00,SLOW,4405.50,4406.54,4403.14,4406.23,0.00,0.00,0.0,BEARISH,340.0,4406.19,4406.19,4406.19,4406.19,14,ACTIVE_14s,1.0,0.0,0.0,0.0,0.0,0.0,0.0,PASS_<20%,0.00,0.0,NO,STANDBY_VEL_LOW,1,1321.86,3268.14,132.45,FALSE,M1_DIRECTION_MISMATCH|OPENING_SHIELD_ACTIVE_14s
2026-09-07 19:43:25.076,1788810205.076,6615,19,146,4406.19,4406.27,8.0,PASS_<=10c,+0.0,FLAT,+0.0,+69.0,1.3,+0.00,0.00,SLOW,4405.50,4406.54,4403.14,4406.23,0.00,0.00,0.0,BEARISH,340.0,4406.19,4406.19,4406.19,4406.19,25,CLEARED_>=20s,1.0,0.0,0.0,0.0,0.0,0.0,0.0,PASS_<20%,0.00,0.0,NO,STANDBY_VEL_LOW,1,1321.86,3268.14,132.45,FALSE,M1_DIRECTION_MISMATCH
2026-09-07 19:43:26.884,1788810206.885,6616,20,147,4406.19,4406.27,8.0,PASS_<=10c,+0.0,FLAT,+0.0,+69.0,1.7,+0.00,0.00,SLOW,4405.50,4406.54,4403.14,4406.23,0.00,0.00,0.0,BEARISH,340.0,4406.19,4406.19,4406.19,4406.19,26,CLEARED_>=20s,1.0,0.0,0.0,0.0,0.0,0.0,0.0,PASS_<20%,0.00,0.0,NO,STANDBY_VEL_LOW,1,1321.86,3268.14,132.45,FALSE,M1_DIRECTION_MISMATCH
2026-09-07 19:43:27.385,1788810207.386,6617,21,148,4406.19,4406.27,8.0,PASS_<=10c,+0.0,FLAT,+0.0,+69.0,2.2,+0.00,0.00,SLOW,4405.50,4406.54,4403.14,4406.23,0.00,0.00,0.0,BEARISH,340.0,4406.19,4406.19,4406.19,4406.19,27,CLEARED_>=20s,1.0,0.0,0.0,0.0,0.0,0.0,0.0,PASS_<20%,0.00,0.0,NO,STANDBY_VEL_LOW,1,1321.86,3268.14,132.45,FALSE,M1_DIRECTION_MISMATCH
2026-09-07 19:43:27.887,1788810207.887,6618,22,149,4406.19,4406.27,8.0,PASS_<=10c,+0.0,FLAT,+0.0,+69.0,2.5,+0.00,0.00,SLOW,4405.50,4406.54,4403.14,4406.23,0.00,0.00,0.0,BEARISH,340.0,4406.19,4406.19,4406.19,4406.19,27,CLEARED_>=20s,1.0,0.0,0.0,0.0,0.0,0.0,0.0,PASS_<20%,0.00,0.0,NO,STANDBY_VEL_LOW,1,1321.86,3268.14,132.45,FALSE,M1_DIRECTION_MISMATCH
2026-09-07 19:43:28.388,1788810208.389,6619,23,150,4406.19,4406.27,8.0,PASS_<=10c,+0.0,FLAT,+0.0,+69.0,2.7,+0.00,0.00,SLOW,4405.50,4406.54,4403.14,4406.23,0.00,0.00,0.0,BEARISH,340.0,4406.19,4406.19,4406.19,4406.19,28,CLEARED_>=20s,1.0,0.0,0.0,0.0,0.0,0.0,0.0,PASS_<20%,0.00,0.0,NO,STANDBY_VEL_LOW,1,1321.86,3268.14,132.45,FALSE,M1_DIRECTION_MISMATCH
2026-09-07 19:43:28.890,1788810208.891,6620,24,151,4406.19,4406.27,8.0,PASS_<=10c,+0.0,FLAT,+0.0,+69.0,2.9,+0.00,0.00,SLOW,4405.50,4406.54,4403.14,4406.23,0.00,0.00,0.0,BEARISH,340.0,4406.19,4406.19,4406.19,4406.19,28,CLEARED_>=20s,1.0,0.0,0.0,0.0,0.0,0.0,0.0,PASS_<20%,0.00,0.0,NO,STANDBY_VEL_LOW,1,1321.86,3268.14,132.45,FALSE,M1_DIRECTION_MISMATCH
2026-09-07 19:43:29.391,1788810209.392,6621,25,152,4406.19,4406.27,8.0,PASS_<=10c,+0.0,FLAT,+0.0,+69.0,3.0,+0.00,0.00,SLOW,4405.50,4406.54,4403.14,4406.23,0.00,0.00,0.0,BEARISH,340.0,4406.19,4406.19,4406.19,4406.19,29,CLEARED_>=20s,1.0,0.0,0.0,0.0,0.0,0.0,0.0,PASS_<20%,0.00,0.0,NO,STANDBY_VEL_LOW,1,1321.86,3268.14,132.45,FALSE,M1_DIRECTION_MISMATCH
2026-09-07 19:43:29.893,1788810209.893,6622,26,153,4406.19,4406.27,8.0,PASS_<=10c,+0.0,FLAT,+0.0,+69.0,3.1,+0.00,0.00,SLOW,4405.50,4406.54,4403.14,4406.23,0.00,0.00,0.0,BEARISH,340.0,4406.19,4406.19,4406.19,4406.19,29,CLEARED_>=20s,1.0,0.0,0.0,0.0,0.0,0.0,0.0,PASS_<20%,0.00,0.0,NO,STANDBY_VEL_LOW,1,1321.86,3268.14,132.45,FALSE,M1_DIRECTION_MISMATCH
2026-09-07 19:43:30.395,1788810210.395,6623,27,154,4406.19,4406.27,8.0,PASS_<=10c,+0.0,FLAT,+0.0,+69.0,4.4,+0.00,0.00,SLOW,4405.50,4406.54,4403.14,4406.23,0.00,0.00,0.0,BEARISH,340.0,4406.19,4406.19,4406.19,4406.19,30,CLEARED_>=20s,1.0,0.0,0.0,0.0,0.0,0.0,0.0,PASS_<20%,0.00,0.0,NO,STANDBY_VEL_LOW,1,1321.86,3268.14,132.45,FALSE,M1_DIRECTION_MISMATCH
2026-09-07 19:43:30.896,1788810210.896,6624,28,155,4406.19,4406.27,8.0,PASS_<=10c,+0.0,FLAT,+0.0,+69.0,4.4,+0.00,0.00,SLOW,4405.50,4406.54,4403.14,4406.23,0.00,0.00,0.0,BEARISH,340.0,4406.19,4406.19,4406.19,4406.19,30,CLEARED_>=20s,1.0,0.0,0.0,0.0,0.0,0.0,0.0,PASS_<20%,0.00,0.0,NO,STANDBY_VEL_LOW,1,1321.86,3268.14,132.45,FALSE,M1_DIRECTION_MISMATCH
2026-09-07 19:43:31.399,1788810211.399,6625,29,156,4406.19,4406.27,8.0,PASS_<=10c,+0.0,FLAT,+0.0,+69.0,4.3,+0.00,0.00,SLOW,4405.50,4406.54,4403.14,4406.23,0.00,0.00,0.0,BEARISH,340.0,4406.19,4406.19,4406.19,4406.19,31,CLEARED_>=20s,1.0,0.0,0.0,0.0,0.0,0.0,0.0,PASS_<20%,0.00,0.0,NO,STANDBY_VEL_LOW,1,1321.86,3268.14,132.45,FALSE,M1_DIRECTION_MISMATCH
2026-09-07 19:43:31.902,1788810211.902,6626,30,157,4406.19,4406.27,8.0,PASS_<=10c,+0.0,FLAT,+0.0,+69.0,4.2,+0.00,0.00,SLOW,4405.50,4406.54,4403.14,4406.23,0.00,0.00,0.0,BEARISH,340.0,4406.19,4406.19,4406.19,4406.19,31,CLEARED_>=20s,1.0,0.0,0.0,0.0,0.0,0.0,0.0,PASS_<20%,0.00,0.0,NO,STANDBY_VEL_LOW,1,1321.86,3268.14,132.45,FALSE,M1_DIRECTION_MISMATCH
2026-09-07 19:43:32.403,1788810212.403,6627,31,158,4406.19,4406.27,8.0,PASS_<=10c,+0.0,FLAT,+0.0,+69.0,4.2,+0.00,0.00,SLOW,4405.50,4406.54,4403.14,4406.23,0.00,0.00,0.0,BEARISH,340.0,4406.19,4406.19,4406.19,4406.19,32,CLEARED_>=20s,1.0,0.0,0.0,0.0,0.0,0.0,0.0,PASS_<20%,0.00,0.0,NO,STANDBY_VEL_LOW,1,1321.86,3268.14,132.45,FALSE,M1_DIRECTION_MISMATCH
2026-09-07 19:43:32.905,1788810212.906,6628,32,159,4406.19,4406.27,8.0,PASS_<=10c,+0.0,FLAT,+0.0,+69.0,4.2,+0.00,0.00,SLOW,4405.50,4406.54,4403.14,4406.23,0.00,0.00,0.0,BEARISH,340.0,4406.19,4406.19,4406.19,4406.19,32,CLEARED_>=20s,1.0,0.0,0.0,0.0,0.0,0.0,0.0,PASS_<20%,0.00,0.0,NO,STANDBY_VEL_LOW,1,1321.86,3268.14,132.45,FALSE,M1_DIRECTION_MISMATCH
2026-09-07 19:43:33.408,1788810213.409,6629,33,160,4406.19,4406.27,8.0,PASS_<=10c,+0.0,FLAT,+0.0,+69.0,4.2,+0.00,0.00,SLOW,4405.50,4406.54,4403.14,4406.23,0.00,0.00,0.0,BEARISH,340.0,4406.19,4406.19,4406.19,4406.19,33,CLEARED_>=20s,1.0,0.0,0.0,0.0,0.0,0.0,0.0,PASS_<20%,0.00,0.0,NO,STANDBY_VEL_LOW,1,1321.86,3268.14,132.45,FALSE,M1_DIRECTION_MISMATCH
2026-09-07 19:43:33.910,1788810213.910,6630,34,161,4406.19,4406.27,8.0,PASS_<=10c,+0.0,FLAT,+0.0,+69.0,4.2,+0.00,0.00,SLOW,4405.50,4406.54,4403.14,4406.23,0.00,0.00,0.0,BEARISH,340.0,4406.19,4406.19,4406.19,4406.19,33,CLEARED_>=20s,1.0,0.0,0.0,0.0,0.0,0.0,0.0,PASS_<20%,0.00,0.0,NO,STANDBY_VEL_LOW,1,1321.86,3268.14,132.45,FALSE,M1_DIRECTION_MISMATCH
2026-09-07 19:43:34.411,1788810214.411,6631,35,162,4406.19,4406.27,8.0,PASS_<=10c,+0.0,FLAT,+0.0,+69.0,4.2,+0.00,0.00,SLOW,4405.50,4406.54,4403.14,4406.23,0.00,0.00,0.0,BEARISH,340.0,4406.19,4406.19,4406.19,4406.19,34,CLEARED_>=20s,1.0,0.0,0.0,0.0,0.0,0.0,0.0,PASS_<20%,0.00,0.0,NO,STANDBY_VEL_LOW,1,1321.86,3268.14,132.45,FALSE,M1_DIRECTION_MISMATCH
2026-09-07 19:43:39.924,1788810219.924,6632,36,163,4406.19,4406.27,8.0,PASS_<=10c,+0.0,FLAT,+0.0,+69.0,1.6,+0.00,0.00,SLOW,4405.50,4406.54,4403.14,4406.23,0.00,0.00,0.0,BEARISH,340.0,4406.19,4406.19,4406.19,4406.19,39,CLEARED_>=20s,1.0,0.0,0.0,0.0,0.0,0.0,0.0,PASS_<20%,0.00,0.0,NO,STANDBY_VEL_LOW,1,1321.86,3268.14,132.45,FALSE,M1_DIRECTION_MISMATCH
2026-09-07 19:43:50.153,1788810230.153,6633,37,164,4406.19,4406.27,8.0,PASS_<=10c,+0.0,FLAT,+0.0,+69.0,1.3,+0.00,0.00,SLOW,4405.50,4406.54,4403.14,4406.23,0.00,0.00,0.0,BEARISH,340.0,4406.19,4406.19,4406.19,4406.19,50,CLEARED_>=20s,1.0,0.0,0.0,0.0,0.0,0.0,0.0,PASS_<20%,0.00,0.0,NO,STANDBY_VEL_LOW,1,1321.86,3268.14,132.45,FALSE,M1_DIRECTION_MISMATCH
2026-09-07 19:43:52.162,1788810232.163,6634,38,165,4406.19,4406.27,8.0,PASS_<=10c,+0.0,FLAT,+0.0,+69.0,1.5,+0.00,0.00,SLOW,4405.50,4406.54,4403.14,4406.23,0.00,0.00,0.0,BEARISH,340.0,4406.19,4406.19,4406.19,4406.19,52,CLEARED_>=20s,1.0,0.0,0.0,0.0,0.0,0.0,0.0,PASS_<20%,0.00,0.0,NO,STANDBY_VEL_LOW,1,1321.86,3268.14,132.45,FALSE,M1_DIRECTION_MISMATCH
2026-09-07 19:43:52.664,1788810232.664,6635,39,166,4406.19,4406.27,8.0,PASS_<=10c,+0.0,FLAT,+0.0,+69.0,2.0,+0.00,0.00,SLOW,4405.50,4406.54,4403.14,4406.23,0.00,0.00,0.0,BEARISH,340.0,4406.19,4406.19,4406.19,4406.19,52,CLEARED_>=20s,1.0,0.0,0.0,0.0,0.0,0.0,0.0,PASS_<20%,0.00,0.0,NO,STANDBY_VEL_LOW,1,1321.86,3268.14,132.45,FALSE,M1_DIRECTION_MISMATCH
2026-09-07 19:43:53.165,1788810233.166,6636,40,167,4406.19,4406.27,8.0,PASS_<=10c,+0.0,FLAT,+0.0,+69.0,2.3,+0.00,0.00,SLOW,4405.50,4406.54,4403.14,4406.23,0.00,0.00,0.0,BEARISH,340.0,4406.19,4406.19,4406.19,4406.19,53,CLEARED_>=20s,1.0,0.0,0.0,0.0,0.0,0.0,0.0,PASS_<20%,0.00,0.0,NO,STANDBY_VEL_LOW,1,1321.86,3268.14,132.45,FALSE,M1_DIRECTION_MISMATCH
2026-09-07 19:43:53.666,1788810233.666,6637,41,168,4406.19,4406.27,8.0,PASS_<=10c,+0.0,FLAT,+0.0,+69.0,2.6,+0.00,0.00,SLOW,4405.50,4406.54,4403.14,4406.23,0.00,0.00,0.0,BEARISH,340.0,4406.19,4406.19,4406.19,4406.19,53,CLEARED_>=20s,1.0,0.0,0.0,0.0,0.0,0.0,0.0,PASS_<20%,0.00,0.0,NO,STANDBY_VEL_LOW,1,1321.86,3268.14,132.45,FALSE,M1_DIRECTION_MISMATCH
2026-09-07 19:43:54.167,1788810234.168,6638,42,169,4406.19,4406.27,8.0,PASS_<=10c,+0.0,FLAT,+0.0,+69.0,2.7,+0.00,0.00,SLOW,4405.50,4406.54,4403.14,4406.23,0.00,0.00,0.0,BEARISH,340.0,4406.19,4406.19,4406.19,4406.19,54,CLEARED_>=20s,1.0,0.0,0.0,0.0,0.0,0.0,0.0,PASS_<20%,0.00,0.0,NO,STANDBY_VEL_LOW,1,1321.86,3268.14,132.45,FALSE,M1_DIRECTION_MISMATCH
2026-09-07 19:43:54.671,1788810234.671,6639,43,170,4406.19,4406.27,8.0,PASS_<=10c,+0.0,FLAT,+0.0,+69.0,2.9,+0.00,0.00,SLOW,4405.50,4406.54,4403.14,4406.23,0.00,0.00,0.0,BEARISH,340.0,4406.19,4406.19,4406.19,4406.19,54,CLEARED_>=20s,1.0,0.0,0.0,0.0,0.0,0.0,0.0,PASS_<20%,0.00,0.0,NO,STANDBY_VEL_LOW,1,1321.86,3268.14,132.45,FALSE,M1_DIRECTION_MISMATCH
2026-09-07 19:43:55.171,1788810235.171,6640,44,171,4406.19,4406.27,8.0,PASS_<=10c,+0.0,FLAT,+0.0,+69.0,4.5,+0.00,0.00,SLOW,4405.50,4406.54,4403.14,4406.23,0.00,0.00,0.0,BEARISH,340.0,4406.19,4406.19,4406.19,4406.19,55,CLEARED_>=20s,1.0,0.0,0.0,0.0,0.0,0.0,0.0,PASS_<20%,0.00,0.0,NO,STANDBY_VEL_LOW,1,1321.86,3268.14,132.45,FALSE,M1_DIRECTION_MISMATCH
2026-09-07 19:43:55.673,1788810235.673,6641,45,172,4406.19,4406.27,8.0,PASS_<=10c,+0.0,FLAT,+0.0,+69.0,4.4,+0.00,0.00,SLOW,4405.50,4406.54,4403.14,4406.23,0.00,0.00,0.0,BEARISH,340.0,4406.19,4406.19,4406.19,4406.19,55,CLEARED_>=20s,1.0,0.0,0.0,0.0,0.0,0.0,0.0,PASS_<20%,0.00,0.0,NO,STANDBY_VEL_LOW,1,1321.86,3268.14,132.45,FALSE,M1_DIRECTION_MISMATCH
2026-09-07 19:43:56.174,1788810236.175,6642,46,173,4406.19,4406.27,8.0,PASS_<=10c,+0.0,FLAT,+0.0,+69.0,4.4,+0.00,0.00,SLOW,4405.50,4406.54,4403.14,4406.23,0.00,0.00,0.0,BEARISH,340.0,4406.19,4406.19,4406.19,4406.19,56,CLEARED_>=20s,1.0,0.0,0.0,0.0,0.0,0.0,0.0,PASS_<20%,0.00,0.0,NO,STANDBY_VEL_LOW,1,1321.86,3268.14,132.45,FALSE,M1_DIRECTION_MISMATCH
2026-09-07 19:43:56.676,1788810236.677,6643,47,174,4406.19,4406.27,8.0,PASS_<=10c,+0.0,FLAT,+0.0,+69.0,4.3,+0.00,0.00,SLOW,4405.50,4406.54,4403.14,4406.23,0.00,0.00,0.0,BEARISH,340.0,4406.19,4406.19,4406.19,4406.19,56,CLEARED_>=20s,1.0,0.0,0.0,0.0,0.0,0.0,0.0,PASS_<20%,0.00,0.0,NO,STANDBY_VEL_LOW,1,1321.86,3268.14,132.45,FALSE,M1_DIRECTION_MISMATCH
2026-09-07 19:43:57.178,1788810237.179,6644,48,175,4406.19,4406.27,8.0,PASS_<=10c,+0.0,FLAT,+0.0,+69.0,4.2,+0.00,0.00,SLOW,4405.50,4406.54,4403.14,4406.23,0.00,0.00,0.0,BEARISH,340.0,4406.19,4406.19,4406.19,4406.19,57,CLEARED_>=20s,1.0,0.0,0.0,0.0,0.0,0.0,0.0,PASS_<20%,0.00,0.0,NO,STANDBY_VEL_LOW,1,1321.86,3268.14,132.45,FALSE,M1_DIRECTION_MISMATCH
2026-09-07 19:43:57.695,1788810237.696,6645,49,176,4406.19,4406.27,8.0,PASS_<=10c,+0.0,FLAT,+0.0,+69.0,4.2,+0.00,0.00,SLOW,4405.50,4406.54,4403.14,4406.23,0.00,0.00,0.0,BEARISH,340.0,4406.19,4406.19,4406.19,4406.19,57,CLEARED_>=20s,1.0,0.0,0.0,0.0,0.0,0.0,0.0,PASS_<20%,0.00,0.0,NO,STANDBY_VEL_LOW,1,1321.86,3268.14,132.45,FALSE,M1_DIRECTION_MISMATCH
2026-09-07 19:43:58.188,1788810238.188,6646,50,177,4406.19,4406.27,8.0,PASS_<=10c,+0.0,FLAT,+0.0,+69.0,4.2,+0.00,0.00,SLOW,4405.50,4406.54,4403.14,4406.23,0.00,0.00,0.0,BEARISH,340.0,4406.19,4406.19,4406.19,4406.19,58,CLEARED_>=20s,1.0,0.0,0.0,0.0,0.0,0.0,0.0,PASS_<20%,0.00,0.0,NO,STANDBY_VEL_LOW,1,1321.86,3268.14,132.45,FALSE,M1_DIRECTION_MISMATCH
2026-09-07 19:43:58.690,1788810238.691,6647,51,178,4406.19,4406.27,8.0,PASS_<=10c,+0.0,FLAT,+0.0,+69.0,4.2,+0.00,0.00,SLOW,4405.50,4406.54,4403.14,4406.23,0.00,0.00,0.0,BEARISH,340.0,4406.19,4406.19,4406.19,4406.19,58,CLEARED_>=20s,1.0,0.0,0.0,0.0,0.0,0.0,0.0,PASS_<20%,0.00,0.0,NO,STANDBY_VEL_LOW,1,1321.86,3268.14,132.45,FALSE,M1_DIRECTION_MISMATCH
2026-09-07 19:43:59.191,1788810239.192,6648,52,179,4406.19,4406.27,8.0,PASS_<=10c,+0.0,FLAT,+0.0,+69.0,4.2,+0.00,0.00,SLOW,4405.50,4406.54,4403.14,4406.23,0.00,0.00,0.0,BEARISH,340.0,4406.19,4406.19,4406.19,4406.19,59,CLEARED_>=20s,1.0,0.0,0.0,0.0,0.0,0.0,0.0,PASS_<20%,0.00,0.0,NO,STANDBY_VEL_LOW,1,1321.86,3268.14,132.45,FALSE,M1_DIRECTION_MISMATCH
2026-09-07 19:43:59.692,1788810239.693,6649,53,180,4406.19,4406.27,8.0,PASS_<=10c,+0.0,FLAT,+0.0,+69.0,4.2,+0.00,0.00,SLOW,4405.50,4406.54,4403.14,4406.23,0.00,0.00,0.0,BEARISH,340.0,4406.19,4406.19,4406.19,4406.19,59,CLEARED_>=20s,1.0,0.0,0.0,0.0,0.0,0.0,0.0,PASS_<20%,0.00,0.0,NO,STANDBY_VEL_LOW,1,1321.86,3268.14,132.45,FALSE,M1_DIRECTION_MISMATCH
2026-09-07 19:44:05.210,1788810245.211,6650,1,181,4406.19,4406.27,8.0,PASS_<=10c,+0.0,FLAT,+0.0,+69.0,1.5,+0.00,0.00,SLOW,4405.50,4406.54,4403.14,4406.23,0.00,0.00,0.0,BEARISH,340.0,4406.19,4406.19,4406.19,4406.19,5,ACTIVE_5s,1.0,0.0,0.0,0.0,0.0,0.0,0.0,PASS_<20%,0.00,0.0,NO,STANDBY_VEL_LOW,1,1321.86,3268.14,132.45,FALSE,M1_DIRECTION_MISMATCH|OPENING_SHIELD_ACTIVE_5s
2026-09-07 19:44:15.437,1788810255.438,6651,2,182,4406.19,4406.27,8.0,PASS_<=10c,+0.0,FLAT,+0.0,+69.0,1.3,+0.00,0.00,SLOW,4405.50,4406.54,4403.14,4406.23,0.00,0.00,0.0,BEARISH,340.0,4406.19,4406.19,4406.19,4406.19,15,ACTIVE_15s,1.0,0.0,0.0,0.0,0.0,0.0,0.0,PASS_<20%,0.00,0.0,NO,STANDBY_VEL_LOW,1,1321.86,3268.14,132.45,FALSE,M1_DIRECTION_MISMATCH|OPENING_SHIELD_ACTIVE_15s
2026-09-07 19:44:17.045,1788810257.046,6652,3,183,4406.19,4406.27,8.0,PASS_<=10c,+0.0,FLAT,+0.0,+69.0,1.9,+0.00,0.00,SLOW,4405.50,4406.54,4403.14,4406.23,0.00,0.00,0.0,BEARISH,340.0,4406.19,4406.19,4406.19,4406.19,17,ACTIVE_17s,1.0,0.0,0.0,0.0,0.0,0.0,0.0,PASS_<20%,0.00,0.0,NO,STANDBY_VEL_LOW,1,1321.86,3268.14,132.45,FALSE,M1_DIRECTION_MISMATCH|OPENING_SHIELD_ACTIVE_17s
2026-09-07 19:44:17.547,1788810257.548,6653,4,184,4406.19,4406.27,8.0,PASS_<=10c,+0.0,FLAT,+0.0,+69.0,2.4,+0.00,0.00,SLOW,4405.50,4406.54,4403.14,4406.23,0.00,0.00,0.0,BEARISH,340.0,4406.19,4406.19,4406.19,4406.19,17,ACTIVE_17s,1.0,0.0,0.0,0.0,0.0,0.0,0.0,PASS_<20%,0.00,0.0,NO,STANDBY_VEL_LOW,1,1321.86,3268.14,132.45,FALSE,M1_DIRECTION_MISMATCH|OPENING_SHIELD_ACTIVE_17s
2026-09-07 19:44:18.050,1788810258.050,6654,5,185,4406.19,4406.27,8.0,PASS_<=10c,+0.0,FLAT,+0.0,+69.0,2.7,+0.00,0.00,SLOW,4405.50,4406.54,4403.14,4406.23,0.00,0.00,0.0,BEARISH,340.0,4406.19,4406.19,4406.19,4406.19,18,ACTIVE_18s,1.0,0.0,0.0,0.0,0.0,0.0,0.0,PASS_<20%,0.00,0.0,NO,STANDBY_VEL_LOW,1,1321.86,3268.14,132.45,FALSE,M1_DIRECTION_MISMATCH|OPENING_SHIELD_ACTIVE_18s
2026-09-07 19:44:18.552,1788810258.553,6655,6,186,4406.19,4406.27,8.0,PASS_<=10c,+0.0,FLAT,+0.0,+69.0,2.9,+0.00,0.00,SLOW,4405.50,4406.54,4403.14,4406.23,0.00,0.00,0.0,BEARISH,340.0,4406.19,4406.19,4406.19,4406.19,18,ACTIVE_18s,1.0,0.0,0.0,0.0,0.0,0.0,0.0,PASS_<20%,0.00,0.0,NO,STANDBY_VEL_LOW,1,1321.86,3268.14,132.45,FALSE,M1_DIRECTION_MISMATCH|OPENING_SHIELD_ACTIVE_18s
2026-09-07 19:44:19.054,1788810259.054,6656,7,187,4406.19,4406.27,8.0,PASS_<=10c,+0.0,FLAT,+0.0,+69.0,3.0,+0.00,0.00,SLOW,4405.50,4406.54,4403.14,4406.23,0.00,0.00,0.0,BEARISH,340.0,4406.19,4406.19,4406.19,4406.19,19,ACTIVE_19s,1.0,0.0,0.0,0.0,0.0,0.0,0.0,PASS_<20%,0.00,0.0,NO,STANDBY_VEL_LOW,1,1321.86,3268.14,132.45,FALSE,M1_DIRECTION_MISMATCH|OPENING_SHIELD_ACTIVE_19s
2026-09-07 19:44:19.555,1788810259.555,6657,8,188,4406.19,4406.27,8.0,PASS_<=10c,+0.0,FLAT,+0.0,+69.0,3.2,+0.00,0.00,SLOW,4405.50,4406.54,4403.14,4406.23,0.00,0.00,0.0,BEARISH,340.0,4406.19,4406.19,4406.19,4406.19,19,ACTIVE_19s,1.0,0.0,0.0,0.0,0.0,0.0,0.0,PASS_<20%,0.00,0.0,NO,STANDBY_VEL_LOW,1,1321.86,3268.14,132.45,FALSE,M1_DIRECTION_MISMATCH|OPENING_SHIELD_ACTIVE_19s
2026-09-07 19:44:20.057,1788810260.058,6658,9,189,4406.19,4406.27,8.0,PASS_<=10c,+0.0,FLAT,+0.0,+69.0,3.2,+0.00,0.00,SLOW,4405.50,4406.54,4403.14,4406.23,0.00,0.00,0.0,BEARISH,340.0,4406.19,4406.19,4406.19,4406.19,20,CLEARED_>=20s,1.0,0.0,0.0,0.0,0.0,0.0,0.0,PASS_<20%,0.00,0.0,NO,STANDBY_VEL_LOW,1,1321.86,3268.14,132.45,FALSE,M1_DIRECTION_MISMATCH
2026-09-07 19:44:20.558,1788810260.558,6659,10,190,4406.19,4406.27,8.0,PASS_<=10c,+0.0,FLAT,+0.0,+69.0,4.4,+0.00,0.00,SLOW,4405.50,4406.54,4403.14,4406.23,0.00,0.00,0.0,BEARISH,340.0,4406.19,4406.19,4406.19,4406.19,20,CLEARED_>=20s,1.0,0.0,0.0,0.0,0.0,0.0,0.0,PASS_<20%,0.00,0.0,NO,STANDBY_VEL_LOW,1,1321.86,3268.14,132.45,FALSE,M1_DIRECTION_MISMATCH
2026-09-07 19:44:21.060,1788810261.061,6660,11,191,4406.19,4406.27,8.0,PASS_<=10c,+0.0,FLAT,+0.0,+69.0,4.4,+0.00,0.00,SLOW,4405.50,4406.54,4403.14,4406.23,0.00,0.00,0.0,BEARISH,340.0,4406.19,4406.19,4406.19,4406.19,21,CLEARED_>=20s,1.0,0.0,0.0,0.0,0.0,0.0,0.0,PASS_<20%,0.00,0.0,NO,STANDBY_VEL_LOW,1,1321.86,3268.14,132.45,FALSE,M1_DIRECTION_MISMATCH
2026-09-07 19:44:21.562,1788810261.563,6661,12,192,4406.19,4406.27,8.0,PASS_<=10c,+0.0,FLAT,+0.0,+69.0,4.3,+0.00,0.00,SLOW,4405.50,4406.54,4403.14,4406.23,0.00,0.00,0.0,BEARISH,340.0,4406.19,4406.19,4406.19,4406.19,21,CLEARED_>=20s,1.0,0.0,0.0,0.0,0.0,0.0,0.0,PASS_<20%,0.00,0.0,NO,STANDBY_VEL_LOW,1,1321.86,3268.14,132.45,FALSE,M1_DIRECTION_MISMATCH
2026-09-07 19:44:22.064,1788810262.065,6662,13,193,4406.19,4406.27,8.0,PASS_<=10c,+0.0,FLAT,+0.0,+69.0,4.2,+0.00,0.00,SLOW,4405.50,4406.54,4403.14,4406.23,0.00,0.00,0.0,BEARISH,340.0,4406.19,4406.19,4406.19,4406.19,22,CLEARED_>=20s,1.0,0.0,0.0,0.0,0.0,0.0,0.0,PASS_<20%,0.00,0.0,NO,STANDBY_VEL_LOW,1,1321.86,3268.14,132.45,FALSE,M1_DIRECTION_MISMATCH
2026-09-07 19:44:22.567,1788810262.567,6663,14,194,4406.19,4406.27,8.0,PASS_<=10c,+0.0,FLAT,+0.0,+69.0,4.2,+0.00,0.00,SLOW,4405.50,4406.54,4403.14,4406.23,0.00,0.00,0.0,BEARISH,340.0,4406.19,4406.19,4406.19,4406.19,22,CLEARED_>=20s,1.0,0.0,0.0,0.0,0.0,0.0,0.0,PASS_<20%,0.00,0.0,NO,STANDBY_VEL_LOW,1,1321.86,3268.14,132.45,FALSE,M1_DIRECTION_MISMATCH
2026-09-07 19:44:23.067,1788810263.068,6664,15,195,4406.19,4406.27,8.0,PASS_<=10c,+0.0,FLAT,+0.0,+69.0,4.2,+0.00,0.00,SLOW,4405.50,4406.54,4403.14,4406.23,0.00,0.00,0.0,BEARISH,340.0,4406.19,4406.19,4406.19,4406.19,23,CLEARED_>=20s,1.0,0.0,0.0,0.0,0.0,0.0,0.0,PASS_<20%,0.00,0.0,NO,STANDBY_VEL_LOW,1,1321.86,3268.14,132.45,FALSE,M1_DIRECTION_MISMATCH
2026-09-07 19:44:23.568,1788810263.569,6665,16,196,4406.19,4406.27,8.0,PASS_<=10c,+0.0,FLAT,+0.0,+69.0,4.2,+0.00,0.00,SLOW,4405.50,4406.54,4403.14,4406.23,0.00,0.00,0.0,BEARISH,340.0,4406.19,4406.19,4406.19,4406.19,23,CLEARED_>=20s,1.0,0.0,0.0,0.0,0.0,0.0,0.0,PASS_<20%,0.00,0.0,NO,STANDBY_VEL_LOW,1,1321.86,3268.14,132.45,FALSE,M1_DIRECTION_MISMATCH
2026-09-07 19:44:24.070,1788810264.071,6666,17,197,4406.19,4406.27,8.0,PASS_<=10c,+0.0,FLAT,+0.0,+69.0,4.2,+0.00,0.00,SLOW,4405.50,4406.54,4403.14,4406.23,0.00,0.00,0.0,BEARISH,340.0,4406.19,4406.19,4406.19,4406.19,24,CLEARED_>=20s,1.0,0.0,0.0,0.0,0.0,0.0,0.0,PASS_<20%,0.00,0.0,NO,STANDBY_VEL_LOW,1,1321.86,3268.14,132.45,FALSE,M1_DIRECTION_MISMATCH
2026-09-07 19:44:24.570,1788810264.570,6667,18,198,4406.19,4406.27,8.0,PASS_<=10c,+0.0,FLAT,+0.0,+69.0,4.2,+0.00,0.00,SLOW,4405.50,4406.54,4403.14,4406.23,0.00,0.00,0.0,BEARISH,340.0,4406.19,4406.19,4406.19,4406.19,24,CLEARED_>=20s,1.0,0.0,0.0,0.0,0.0,0.0,0.0,PASS_<20%,0.00,0.0,NO,STANDBY_VEL_LOW,1,1321.86,3268.14,132.45,FALSE,M1_DIRECTION_MISMATCH
2026-09-07 19:44:30.082,1788810270.082,6668,19,199,4406.19,4406.27,8.0,PASS_<=10c,+0.0,FLAT,+0.0,+69.0,1.5,+0.00,0.00,SLOW,4405.50,4406.54,4403.14,4406.23,0.00,0.00,0.0,BEARISH,340.0,4406.19,4406.19,4406.19,4406.19,30,CLEARED_>=20s,1.0,0.0,0.0,0.0,0.0,0.0,0.0,PASS_<20%,0.00,0.0,NO,STANDBY_VEL_LOW,1,1321.86,3268.14,132.45,FALSE,M1_DIRECTION_MISMATCH
2026-09-07 19:44:40.360,1788810280.361,6669,20,200,4406.19,4406.27,8.0,PASS_<=10c,+0.0,FLAT,+0.0,+69.0,1.3,+0.00,0.00,SLOW,4405.50,4406.54,4403.14,4406.23,0.00,0.00,0.0,BEARISH,340.0,4406.19,4406.19,4406.19,4406.19,40,CLEARED_>=20s,1.0,0.0,0.0,0.0,0.0,0.0,0.0,PASS_<20%,0.00,0.0,NO,STANDBY_VEL_LOW,1,1321.86,3268.14,132.45,FALSE,M1_DIRECTION_MISMATCH
2026-09-07 19:44:41.969,1788810281.970,6670,21,201,4406.19,4406.27,8.0,PASS_<=10c,+0.0,FLAT,+0.0,+69.0,1.9,+0.00,0.00,SLOW,4405.50,4406.54,4403.14,4406.23,0.00,0.00,0.0,BEARISH,340.0,4406.19,4406.19,4406.19,4406.19,41,CLEARED_>=20s,1.0,0.0,0.0,0.0,0.0,0.0,0.0,PASS_<20%,0.00,0.0,NO,STANDBY_VEL_LOW,1,1321.86,3268.14,132.45,FALSE,M1_DIRECTION_MISMATCH
2026-09-07 19:44:42.471,1788810282.472,6671,22,202,4406.19,4406.27,8.0,PASS_<=10c,+0.0,FLAT,+0.0,+69.0,2.4,+0.00,0.00,SLOW,4405.50,4406.54,4403.14,4406.23,0.00,0.00,0.0,BEARISH,340.0,4406.19,4406.19,4406.19,4406.19,42,CLEARED_>=20s,1.0,0.0,0.0,0.0,0.0,0.0,0.0,PASS_<20%,0.00,0.0,NO,STANDBY_VEL_LOW,1,1321.86,3268.14,132.45,FALSE,M1_DIRECTION_MISMATCH
2026-09-07 19:44:42.973,1788810282.974,6672,23,203,4406.19,4406.27,8.0,PASS_<=10c,+0.0,FLAT,+0.0,+69.0,2.7,+0.00,0.00,SLOW,4405.50,4406.54,4403.14,4406.23,0.00,0.00,0.0,BEARISH,340.0,4406.19,4406.19,4406.19,4406.19,42,CLEARED_>=20s,1.0,0.0,0.0,0.0,0.0,0.0,0.0,PASS_<20%,0.00,0.0,NO,STANDBY_VEL_LOW,1,1321.86,3268.14,132.45,FALSE,M1_DIRECTION_MISMATCH
2026-09-07 19:44:43.474,1788810283.474,6673,24,204,4406.19,4406.27,8.0,PASS_<=10c,+0.0,FLAT,+0.0,+69.0,2.9,+0.00,0.00,SLOW,4405.50,4406.54,4403.14,4406.23,0.00,0.00,0.0,BEARISH,340.0,4406.19,4406.19,4406.19,4406.19,43,CLEARED_>=20s,1.0,0.0,0.0,0.0,0.0,0.0,0.0,PASS_<20%,0.00,0.0,NO,STANDBY_VEL_LOW,1,1321.86,3268.14,132.45,FALSE,M1_DIRECTION_MISMATCH
2026-09-07 19:44:43.975,1788810283.976,6674,25,205,4406.19,4406.27,8.0,PASS_<=10c,+0.0,FLAT,+0.0,+69.0,3.0,+0.00,0.00,SLOW,4405.50,4406.54,4403.14,4406.23,0.00,0.00,0.0,BEARISH,340.0,4406.19,4406.19,4406.19,4406.19,43,CLEARED_>=20s,1.0,0.0,0.0,0.0,0.0,0.0,0.0,PASS_<20%,0.00,0.0,NO,STANDBY_VEL_LOW,1,1321.86,3268.14,132.45,FALSE,M1_DIRECTION_MISMATCH
2026-09-07 19:44:44.475,1788810284.476,6675,26,206,4406.19,4406.27,8.0,PASS_<=10c,+0.0,FLAT,+0.0,+69.0,3.2,+0.00,0.00,SLOW,4405.50,4406.54,4403.14,4406.23,0.00,0.00,0.0,BEARISH,340.0,4406.19,4406.19,4406.19,4406.19,44,CLEARED_>=20s,1.0,0.0,0.0,0.0,0.0,0.0,0.0,PASS_<20%,0.00,0.0,NO,STANDBY_VEL_LOW,1,1321.86,3268.14,132.45,FALSE,M1_DIRECTION_MISMATCH
2026-09-07 19:44:44.978,1788810284.978,6676,27,207,4406.19,4406.27,8.0,PASS_<=10c,+0.0,FLAT,+0.0,+69.0,3.2,+0.00,0.00,SLOW,4405.50,4406.54,4403.14,4406.23,0.00,0.00,0.0,BEARISH,340.0,4406.19,4406.19,4406.19,4406.19,44,CLEARED_>=20s,1.0,0.0,0.0,0.0,0.0,0.0,0.0,PASS_<20%,0.00,0.0,NO,STANDBY_VEL_LOW,1,1321.86,3268.14,132.45,FALSE,M1_DIRECTION_MISMATCH
2026-09-07 19:44:45.479,1788810285.479,6677,28,208,4406.19,4406.27,8.0,PASS_<=10c,+0.0,FLAT,+0.0,+69.0,4.4,+0.00,0.00,SLOW,4405.50,4406.54,4403.14,4406.23,0.00,0.00,0.0,BEARISH,340.0,4406.19,4406.19,4406.19,4406.19,45,CLEARED_>=20s,1.0,0.0,0.0,0.0,0.0,0.0,0.0,PASS_<20%,0.00,0.0,NO,STANDBY_VEL_LOW,1,1321.86,3268.14,132.45,FALSE,M1_DIRECTION_MISMATCH
2026-09-07 19:44:45.980,1788810285.981,6678,29,209,4406.19,4406.27,8.0,PASS_<=10c,+0.0,FLAT,+0.0,+69.0,4.4,+0.00,0.00,SLOW,4405.50,4406.54,4403.14,4406.23,0.00,0.00,0.0,BEARISH,340.0,4406.19,4406.19,4406.19,4406.19,45,CLEARED_>=20s,1.0,0.0,0.0,0.0,0.0,0.0,0.0,PASS_<20%,0.00,0.0,NO,STANDBY_VEL_LOW,1,1321.86,3268.14,132.45,FALSE,M1_DIRECTION_MISMATCH
2026-09-07 19:44:46.482,1788810286.482,6679,30,210,4406.19,4406.27,8.0,PASS_<=10c,+0.0,FLAT,+0.0,+69.0,4.3,+0.00,0.00,SLOW,4405.50,4406.54,4403.14,4406.23,0.00,0.00,0.0,BEARISH,340.0,4406.19,4406.19,4406.19,4406.19,46,CLEARED_>=20s,1.0,0.0,0.0,0.0,0.0,0.0,0.0,PASS_<20%,0.00,0.0,NO,STANDBY_VEL_LOW,1,1321.86,3268.14,132.45,FALSE,M1_DIRECTION_MISMATCH
2026-09-07 19:44:46.984,1788810286.984,6680,31,211,4406.19,4406.27,8.0,PASS_<=10c,+0.0,FLAT,+0.0,+69.0,4.2,+0.00,0.00,SLOW,4405.50,4406.54,4403.14,4406.23,0.00,0.00,0.0,BEARISH,340.0,4406.19,4406.19,4406.19,4406.19,46,CLEARED_>=20s,1.0,0.0,0.0,0.0,0.0,0.0,0.0,PASS_<20%,0.00,0.0,NO,STANDBY_VEL_LOW,1,1321.86,3268.14,132.45,FALSE,M1_DIRECTION_MISMATCH
2026-09-07 19:44:47.486,1788810287.486,6681,32,212,4406.19,4406.27,8.0,PASS_<=10c,+0.0,FLAT,+0.0,+69.0,4.2,+0.00,0.00,SLOW,4405.50,4406.54,4403.14,4406.23,0.00,0.00,0.0,BEARISH,340.0,4406.19,4406.19,4406.19,4406.19,47,CLEARED_>=20s,1.0,0.0,0.0,0.0,0.0,0.0,0.0,PASS_<20%,0.00,0.0,NO,STANDBY_VEL_LOW,1,1321.86,3268.14,132.45,FALSE,M1_DIRECTION_MISMATCH
2026-09-07 19:44:47.989,1788810287.989,6682,33,213,4406.19,4406.27,8.0,PASS_<=10c,+0.0,FLAT,+0.0,+69.0,4.2,+0.00,0.00,SLOW,4405.50,4406.54,4403.14,4406.23,0.00,0.00,0.0,BEARISH,340.0,4406.19,4406.19,4406.19,4406.19,47,CLEARED_>=20s,1.0,0.0,0.0,0.0,0.0,0.0,0.0,PASS_<20%,0.00,0.0,NO,STANDBY_VEL_LOW,1,1321.86,3268.14,132.45,FALSE,M1_DIRECTION_MISMATCH
2026-09-07 19:44:48.500,1788810288.500,6683,34,214,4406.19,4406.27,8.0,PASS_<=10c,+0.0,FLAT,+0.0,+69.0,4.2,+0.00,0.00,SLOW,4405.50,4406.54,4403.14,4406.23,0.00,0.00,0.0,BEARISH,340.0,4406.19,4406.19,4406.19,4406.19,48,CLEARED_>=20s,1.0,0.0,0.0,0.0,0.0,0.0,0.0,PASS_<20%,0.00,0.0,NO,STANDBY_VEL_LOW,1,1321.86,3268.14,132.45,FALSE,M1_DIRECTION_MISMATCH
2026-09-07 19:44:48.992,1788810288.993,6684,35,215,4406.19,4406.27,8.0,PASS_<=10c,+0.0,FLAT,+0.0,+69.0,4.2,+0.00,0.00,SLOW,4405.50,4406.54,4403.14,4406.23,0.00,0.00,0.0,BEARISH,340.0,4406.19,4406.19,4406.19,4406.19,48,CLEARED_>=20s,1.0,0.0,0.0,0.0,0.0,0.0,0.0,PASS_<20%,0.00,0.0,NO,STANDBY_VEL_LOW,1,1321.86,3268.14,132.45,FALSE,M1_DIRECTION_MISMATCH
2026-09-07 19:44:49.494,1788810289.495,6685,36,216,4406.19,4406.27,8.0,PASS_<=10c,+0.0,FLAT,+0.0,+69.0,4.2,+0.00,0.00,SLOW,4405.50,4406.54,4403.14,4406.23,0.00,0.00,0.0,BEARISH,340.0,4406.19,4406.19,4406.19,4406.19,49,CLEARED_>=20s,1.0,0.0,0.0,0.0,0.0,0.0,0.0,PASS_<20%,0.00,0.0,NO,STANDBY_VEL_LOW,1,1321.86,3268.14,132.45,FALSE,M1_DIRECTION_MISMATCH
2026-09-07 19:44:55.007,1788810295.007,6686,37,217,4406.19,4406.27,8.0,PASS_<=10c,+0.0,FLAT,+0.0,+69.0,1.6,+0.00,0.00,SLOW,4405.50,4406.54,4403.14,4406.23,0.00,0.00,0.0,BEARISH,340.0,4406.19,4406.19,4406.19,4406.19,55,CLEARED_>=20s,1.0,0.0,0.0,0.0,0.0,0.0,0.0,PASS_<20%,0.00,0.0,NO,STANDBY_VEL_LOW,1,1321.86,3268.14,132.45,FALSE,M1_DIRECTION_MISMATCH
2026-09-07 19:45:05.260,1788810305.260,6687,1,1,4406.19,4406.27,8.0,PASS_<=10c,+0.0,FLAT,+0.0,+0.0,1.3,+0.00,0.00,SLOW,4406.19,4406.19,4406.19,4406.19,0.00,0.00,0.0,BEARISH,0.0,4406.19,4406.19,4406.19,4406.19,5,ACTIVE_5s,1.0,0.0,0.0,0.0,0.0,0.0,0.0,PASS_<20%,0.00,0.0,NO,STANDBY_VEL_LOW,1,1321.86,3268.14,132.45,FALSE,M1_DIRECTION_MISMATCH|OPENING_SHIELD_ACTIVE_5s
2026-09-07 19:45:07.672,1788810307.672,6688,2,2,4406.19,4406.27,8.0,PASS_<=10c,+0.0,FLAT,+0.0,+0.0,1.3,+0.00,0.00,SLOW,4406.19,4406.19,4406.19,4406.19,0.00,0.00,0.0,BEARISH,0.0,4406.19,4406.19,4406.19,4406.19,7,ACTIVE_7s,1.0,0.0,0.0,0.0,0.0,0.0,0.0,PASS_<20%,0.00,0.0,NO,STANDBY_VEL_LOW,1,1321.86,3268.14,132.45,FALSE,M1_DIRECTION_MISMATCH|OPENING_SHIELD_ACTIVE_7s
2026-09-07 19:45:08.173,1788810308.173,6689,3,3,4406.19,4406.27,8.0,PASS_<=10c,+0.0,FLAT,+0.0,+0.0,1.7,+0.00,0.00,SLOW,4406.19,4406.19,4406.19,4406.19,0.00,0.00,0.0,BEARISH,0.0,4406.19,4406.19,4406.19,4406.19,8,ACTIVE_8s,1.0,0.0,0.0,0.0,0.0,0.0,0.0,PASS_<20%,0.00,0.0,NO,STANDBY_VEL_LOW,1,1321.86,3268.14,132.45,FALSE,M1_DIRECTION_MISMATCH|OPENING_SHIELD_ACTIVE_8s
2026-09-07 19:45:08.675,1788810308.676,6690,4,4,4406.19,4406.27,8.0,PASS_<=10c,+0.0,FLAT,+0.0,+0.0,2.1,+0.00,0.00,SLOW,4406.19,4406.19,4406.19,4406.19,0.00,0.00,0.0,BEARISH,0.0,4406.19,4406.19,4406.19,4406.19,8,ACTIVE_8s,1.0,0.0,0.0,0.0,0.0,0.0,0.0,PASS_<20%,0.00,0.0,NO,STANDBY_VEL_LOW,1,1321.86,3268.14,132.45,FALSE,M1_DIRECTION_MISMATCH|OPENING_SHIELD_ACTIVE_8s
2026-09-07 19:45:09.175,1788810309.176,6691,5,5,4406.19,4406.27,8.0,PASS_<=10c,+0.0,FLAT,+0.0,+0.0,2.3,+0.00,0.00,SLOW,4406.19,4406.19,4406.19,4406.19,0.00,0.00,0.0,BEARISH,0.0,4406.19,4406.19,4406.19,4406.19,9,ACTIVE_9s,1.0,0.0,0.0,0.0,0.0,0.0,0.0,PASS_<20%,0.00,0.0,NO,STANDBY_VEL_LOW,1,1321.86,3268.14,132.45,FALSE,M1_DIRECTION_MISMATCH|OPENING_SHIELD_ACTIVE_9s
2026-09-07 19:45:09.677,1788810309.678,6692,6,6,4406.19,4406.27,8.0,PASS_<=10c,+0.0,FLAT,+0.0,+0.0,2.5,+0.00,0.00,SLOW,4406.19,4406.19,4406.19,4406.19,0.00,0.00,0.0,BEARISH,0.0,4406.19,4406.19,4406.19,4406.19,9,ACTIVE_9s,1.0,0.0,0.0,0.0,0.0,0.0,0.0,PASS_<20%,0.00,0.0,NO,STANDBY_VEL_LOW,1,1321.86,3268.14,132.45,FALSE,M1_DIRECTION_MISMATCH|OPENING_SHIELD_ACTIVE_9s
2026-09-07 19:45:10.178,1788810310.179,6693,7,7,4406.19,4406.27,8.0,PASS_<=10c,+0.0,FLAT,+0.0,+0.0,2.6,+0.00,0.00,SLOW,4406.19,4406.19,4406.19,4406.19,0.00,0.00,0.0,BEARISH,0.0,4406.19,4406.19,4406.19,4406.19,10,ACTIVE_10s,1.0,0.0,0.0,0.0,0.0,0.0,0.0,PASS_<20%,0.00,0.0,NO,STANDBY_VEL_LOW,1,1321.86,3268.14,132.45,FALSE,M1_DIRECTION_MISMATCH|OPENING_SHIELD_ACTIVE_10s
2026-09-07 19:45:10.682,1788810310.682,6694,8,8,4406.19,4406.27,8.0,PASS_<=10c,+0.0,FLAT,+0.0,+0.0,4.5,+0.00,0.00,SLOW,4406.19,4406.19,4406.19,4406.19,0.00,0.00,0.0,BEARISH,0.0,4406.19,4406.19,4406.19,4406.19,10,ACTIVE_10s,1.0,0.0,0.0,0.0,0.0,0.0,0.0,PASS_<20%,0.00,0.0,NO,STANDBY_VEL_LOW,1,1321.86,3268.14,132.45,FALSE,M1_DIRECTION_MISMATCH|OPENING_SHIELD_ACTIVE_10s
2026-09-07 19:45:11.182,1788810311.183,6695,9,9,4406.19,4406.27,8.0,PASS_<=10c,+0.0,FLAT,+0.0,+0.0,4.4,+0.00,0.00,SLOW,4406.19,4406.19,4406.19,4406.19,0.00,0.00,0.0,BEARISH,0.0,4406.19,4406.19,4406.19,4406.19,11,ACTIVE_11s,1.0,0.0,0.0,0.0,0.0,0.0,0.0,PASS_<20%,0.00,0.0,NO,STANDBY_VEL_LOW,1,1321.86,3268.14,132.45,FALSE,M1_DIRECTION_MISMATCH|OPENING_SHIELD_ACTIVE_11s
2026-09-07 19:45:11.684,1788810311.685,6696,10,10,4406.19,4406.27,8.0,PASS_<=10c,+0.0,FLAT,+0.0,+0.0,4.4,+0.00,0.00,SLOW,4406.19,4406.19,4406.19,4406.19,0.00,0.00,0.0,BEARISH,0.0,4406.19,4406.19,4406.19,4406.19,11,ACTIVE_11s,1.0,0.0,0.0,0.0,0.0,0.0,0.0,PASS_<20%,0.00,0.0,NO,STANDBY_VEL_LOW,1,1321.86,3268.14,132.45,FALSE,M1_DIRECTION_MISMATCH|OPENING_SHIELD_ACTIVE_11s
2026-09-07 19:45:12.185,1788810312.185,6697,11,11,4406.19,4406.27,8.0,PASS_<=10c,+0.0,FLAT,+0.0,+0.0,4.3,+0.00,0.00,SLOW,4406.19,4406.19,4406.19,4406.19,0.00,0.00,0.0,BEARISH,0.0,4406.19,4406.19,4406.19,4406.19,12,ACTIVE_12s,1.0,0.0,0.0,0.0,0.0,0.0,0.0,PASS_<20%,0.00,0.0,NO,STANDBY_VEL_LOW,1,1321.86,3268.14,132.45,FALSE,M1_DIRECTION_MISMATCH|OPENING_SHIELD_ACTIVE_12s
2026-09-07 19:45:12.687,1788810312.688,6698,12,12,4406.19,4406.27,8.0,PASS_<=10c,+0.0,FLAT,+0.0,+0.0,4.2,+0.00,0.00,SLOW,4406.19,4406.19,4406.19,4406.19,0.00,0.00,0.0,BEARISH,0.0,4406.19,4406.19,4406.19,4406.19,12,ACTIVE_12s,1.0,0.0,0.0,0.0,0.0,0.0,0.0,PASS_<20%,0.00,0.0,NO,STANDBY_VEL_LOW,1,1321.86,3268.14,132.45,FALSE,M1_DIRECTION_MISMATCH|OPENING_SHIELD_ACTIVE_12s
2026-09-07 19:45:13.189,1788810313.190,6699,13,13,4406.19,4406.27,8.0,PASS_<=10c,+0.0,FLAT,+0.0,+0.0,4.2,+0.00,0.00,SLOW,4406.19,4406.19,4406.19,4406.19,0.00,0.00,0.0,BEARISH,0.0,4406.19,4406.19,4406.19,4406.19,13,ACTIVE_13s,1.0,0.0,0.0,0.0,0.0,0.0,0.0,PASS_<20%,0.00,0.0,NO,STANDBY_VEL_LOW,1,1321.86,3268.14,132.45,FALSE,M1_DIRECTION_MISMATCH|OPENING_SHIELD_ACTIVE_13s
2026-09-07 19:45:13.691,1788810313.691,6700,14,14,4406.19,4406.27,8.0,PASS_<=10c,+0.0,FLAT,+0.0,+69.0,4.2,+0.00,0.00,SLOW,4405.50,4406.54,4403.14,4406.23,0.00,0.00,0.0,BEARISH,340.0,4406.19,4406.19,4406.19,4406.19,13,ACTIVE_13s,1.0,0.0,0.0,0.0,0.0,0.0,0.0,PASS_<20%,0.00,0.0,NO,STANDBY_VEL_LOW,1,1321.86,3268.14,132.45,FALSE,M1_DIRECTION_MISMATCH|OPENING_SHIELD_ACTIVE_13s
2026-09-07 19:45:14.192,1788810314.193,6701,15,15,4406.19,4406.27,8.0,PASS_<=10c,+0.0,FLAT,+0.0,+69.0,4.2,+0.00,0.00,SLOW,4405.50,4406.54,4403.14,4406.23,0.00,0.00,0.0,BEARISH,340.0,4406.19,4406.19,4406.19,4406.19,14,ACTIVE_14s,1.0,0.0,0.0,0.0,0.0,0.0,0.0,PASS_<20%,0.00,0.0,NO,STANDBY_VEL_LOW,1,1321.86,3268.14,132.45,FALSE,M1_DIRECTION_MISMATCH|OPENING_SHIELD_ACTIVE_14s
2026-09-07 19:45:14.694,1788810314.695,6702,16,16,4406.19,4406.27,8.0,PASS_<=10c,+0.0,FLAT,+0.0,+69.0,4.2,+0.00,0.00,SLOW,4405.50,4406.54,4403.14,4406.23,0.00,0.00,0.0,BEARISH,340.0,4406.19,4406.19,4406.19,4406.19,14,ACTIVE_14s,1.0,0.0,0.0,0.0,0.0,0.0,0.0,PASS_<20%,0.00,0.0,NO,STANDBY_VEL_LOW,1,1321.86,3268.14,132.45,FALSE,M1_DIRECTION_MISMATCH|OPENING_SHIELD_ACTIVE_14s
2026-09-07 19:45:15.195,1788810315.195,6703,17,17,4406.19,4406.27,8.0,PASS_<=10c,+0.0,FLAT,+0.0,+69.0,4.2,+0.00,0.00,SLOW,4405.50,4406.54,4403.14,4406.23,0.00,0.00,0.0,BEARISH,340.0,4406.19,4406.19,4406.19,4406.19,15,ACTIVE_15s,1.0,0.0,0.0,0.0,0.0,0.0,0.0,PASS_<20%,0.00,0.0,NO,STANDBY_VEL_LOW,1,1321.86,3268.14,132.45,FALSE,M1_DIRECTION_MISMATCH|OPENING_SHIELD_ACTIVE_15s
2026-09-07 19:45:20.708,1788810320.709,6704,18,18,4406.19,4406.27,8.0,PASS_<=10c,+0.0,FLAT,+0.0,+69.0,1.5,+0.00,0.00,SLOW,4405.50,4406.54,4403.14,4406.23,0.00,0.00,0.0,BEARISH,340.0,4406.19,4406.19,4406.19,4406.19,20,CLEARED_>=20s,1.0,0.0,0.0,0.0,0.0,0.0,0.0,PASS_<20%,0.00,0.0,NO,STANDBY_VEL_LOW,1,1321.86,3268.14,132.45,FALSE,M1_DIRECTION_MISMATCH
2026-09-07 19:45:30.937,1788810330.937,6705,19,19,4406.19,4406.27,8.0,PASS_<=10c,+0.0,FLAT,+0.0,+69.0,1.3,+0.00,0.00,SLOW,4405.50,4406.54,4403.14,4406.23,0.00,0.00,0.0,BEARISH,340.0,4406.19,4406.19,4406.19,4406.19,30,CLEARED_>=20s,1.0,0.0,0.0,0.0,0.0,0.0,0.0,PASS_<20%,0.00,0.0,NO,STANDBY_VEL_LOW,1,1321.86,3268.14,132.45,FALSE,M1_DIRECTION_MISMATCH
2026-09-07 19:45:32.747,1788810332.747,6706,20,20,4406.19,4406.27,8.0,PASS_<=10c,+0.0,FLAT,+0.0,+69.0,1.7,+0.00,0.00,SLOW,4405.50,4406.54,4403.14,4406.23,0.00,0.00,0.0,BEARISH,340.0,4406.19,4406.19,4406.19,4406.19,32,CLEARED_>=20s,1.0,0.0,0.0,0.0,0.0,0.0,0.0,PASS_<20%,0.00,0.0,NO,STANDBY_VEL_LOW,1,1321.86,3268.14,132.45,FALSE,M1_DIRECTION_MISMATCH
2026-09-07 19:45:33.249,1788810333.250,6707,21,21,4406.19,4406.27,8.0,PASS_<=10c,+0.0,FLAT,+0.0,+69.0,2.2,+0.00,0.00,SLOW,4405.50,4406.54,4403.14,4406.23,0.00,0.00,0.0,BEARISH,340.0,4406.19,4406.19,4406.19,4406.19,33,CLEARED_>=20s,1.0,0.0,0.0,0.0,0.0,0.0,0.0,PASS_<20%,0.00,0.0,NO,STANDBY_VEL_LOW,1,1321.86,3268.14,132.45,FALSE,M1_DIRECTION_MISMATCH
2026-09-07 19:45:33.751,1788810333.751,6708,22,22,4406.19,4406.27,8.0,PASS_<=10c,+0.0,FLAT,+0.0,+69.0,2.5,+0.00,0.00,SLOW,4405.50,4406.54,4403.14,4406.23,0.00,0.00,0.0,BEARISH,340.0,4406.19,4406.19,4406.19,4406.19,33,CLEARED_>=20s,1.0,0.0,0.0,0.0,0.0,0.0,0.0,PASS_<20%,0.00,0.0,NO,STANDBY_VEL_LOW,1,1321.86,3268.14,132.45,FALSE,M1_DIRECTION_MISMATCH
2026-09-07 19:45:34.252,1788810334.253,6709,23,23,4406.19,4406.27,8.0,PASS_<=10c,+0.0,FLAT,+0.0,+69.0,2.7,+0.00,0.00,SLOW,4405.50,4406.54,4403.14,4406.23,0.00,0.00,0.0,BEARISH,340.0,4406.19,4406.19,4406.19,4406.19,34,CLEARED_>=20s,1.0,0.0,0.0,0.0,0.0,0.0,0.0,PASS_<20%,0.00,0.0,NO,STANDBY_VEL_LOW,1,1321.86,3268.14,132.45,FALSE,M1_DIRECTION_MISMATCH
2026-09-07 19:45:34.753,1788810334.754,6710,24,24,4406.19,4406.27,8.0,PASS_<=10c,+0.0,FLAT,+0.0,+69.0,2.9,+0.00,0.00,SLOW,4405.50,4406.54,4403.14,4406.23,0.00,0.00,0.0,BEARISH,340.0,4406.19,4406.19,4406.19,4406.19,34,CLEARED_>=20s,1.0,0.0,0.0,0.0,0.0,0.0,0.0,PASS_<20%,0.00,0.0,NO,STANDBY_VEL_LOW,1,1321.86,3268.14,132.45,FALSE,M1_DIRECTION_MISMATCH
2026-09-07 19:45:35.317,1788810335.317,6711,25,25,4406.19,4406.27,8.0,PASS_<=10c,+0.0,FLAT,+0.0,+69.0,3.0,+0.00,0.00,SLOW,4405.50,4406.54,4403.14,4406.23,0.00,0.00,0.0,BEARISH,340.0,4406.19,4406.19,4406.19,4406.19,35,CLEARED_>=20s,1.0,0.0,0.0,0.0,0.0,0.0,0.0,PASS_<20%,0.00,0.0,NO,STANDBY_VEL_LOW,1,1321.86,3268.14,132.45,FALSE,M1_DIRECTION_MISMATCH
2026-09-07 19:45:35.818,1788810335.819,6712,26,26,4406.19,4406.27,8.0,PASS_<=10c,+0.0,FLAT,+0.0,+69.0,3.1,+0.00,0.00,SLOW,4405.50,4406.54,4403.14,4406.23,0.00,0.00,0.0,BEARISH,340.0,4406.19,4406.19,4406.19,4406.19,35,CLEARED_>=20s,1.0,0.0,0.0,0.0,0.0,0.0,0.0,PASS_<20%,0.00,0.0,NO,STANDBY_VEL_LOW,1,1321.86,3268.14,132.45,FALSE,M1_DIRECTION_MISMATCH
2026-09-07 19:45:36.319,1788810336.319,6713,27,27,4406.19,4406.27,8.0,PASS_<=10c,+0.0,FLAT,+0.0,+69.0,4.4,+0.00,0.00,SLOW,4405.50,4406.54,4403.14,4406.23,0.00,0.00,0.0,BEARISH,340.0,4406.19,4406.19,4406.19,4406.19,36,CLEARED_>=20s,1.0,0.0,0.0,0.0,0.0,0.0,0.0,PASS_<20%,0.00,0.0,NO,STANDBY_VEL_LOW,1,1321.86,3268.14,132.45,FALSE,M1_DIRECTION_MISMATCH
2026-09-07 19:45:36.820,1788810336.821,6714,28,28,4406.19,4406.27,8.0,PASS_<=10c,+0.0,FLAT,+0.0,+69.0,4.3,+0.00,0.00,SLOW,4405.50,4406.54,4403.14,4406.23,0.00,0.00,0.0,BEARISH,340.0,4406.19,4406.19,4406.19,4406.19,36,CLEARED_>=20s,1.0,0.0,0.0,0.0,0.0,0.0,0.0,PASS_<20%,0.00,0.0,NO,STANDBY_VEL_LOW,1,1321.86,3268.14,132.45,FALSE,M1_DIRECTION_MISMATCH
2026-09-07 19:45:37.322,1788810337.322,6715,29,29,4406.19,4406.27,8.0,PASS_<=10c,+0.0,FLAT,+0.0,+69.0,4.3,+0.00,0.00,SLOW,4405.50,4406.54,4403.14,4406.23,0.00,0.00,0.0,BEARISH,340.0,4406.19,4406.19,4406.19,4406.19,37,CLEARED_>=20s,1.0,0.0,0.0,0.0,0.0,0.0,0.0,PASS_<20%,0.00,0.0,NO,STANDBY_VEL_LOW,1,1321.86,3268.14,132.45,FALSE,M1_DIRECTION_MISMATCH
2026-09-07 19:45:37.823,1788810337.824,6716,30,30,4406.19,4406.27,8.0,PASS_<=10c,+0.0,FLAT,+0.0,+69.0,4.1,+0.00,0.00,SLOW,4405.50,4406.54,4403.14,4406.23,0.00,0.00,0.0,BEARISH,340.0,4406.19,4406.19,4406.19,4406.19,37,CLEARED_>=20s,1.0,0.0,0.0,0.0,0.0,0.0,0.0,PASS_<20%,0.00,0.0,NO,STANDBY_VEL_LOW,1,1321.86,3268.14,132.45,FALSE,M1_DIRECTION_MISMATCH
2026-09-07 19:45:38.325,1788810338.325,6717,31,31,4406.19,4406.27,8.0,PASS_<=10c,+0.0,FLAT,+0.0,+69.0,4.1,+0.00,0.00,SLOW,4405.50,4406.54,4403.14,4406.23,0.00,0.00,0.0,BEARISH,340.0,4406.19,4406.19,4406.19,4406.19,38,CLEARED_>=20s,1.0,0.0,0.0,0.0,0.0,0.0,0.0,PASS_<20%,0.00,0.0,NO,STANDBY_VEL_LOW,1,1321.86,3268.14,132.45,FALSE,M1_DIRECTION_MISMATCH
2026-09-07 19:45:38.827,1788810338.827,6718,32,32,4406.19,4406.27,8.0,PASS_<=10c,+0.0,FLAT,+0.0,+69.0,4.1,+0.00,0.00,SLOW,4405.50,4406.54,4403.14,4406.23,0.00,0.00,0.0,BEARISH,340.0,4406.19,4406.19,4406.19,4406.19,38,CLEARED_>=20s,1.0,0.0,0.0,0.0,0.0,0.0,0.0,PASS_<20%,0.00,0.0,NO,STANDBY_VEL_LOW,1,1321.86,3268.14,132.45,FALSE,M1_DIRECTION_MISMATCH
2026-09-07 19:45:39.329,1788810339.330,6719,33,33,4406.19,4406.27,8.0,PASS_<=10c,+0.0,FLAT,+0.0,+69.0,4.1,+0.00,0.00,SLOW,4405.50,4406.54,4403.14,4406.23,0.00,0.00,0.0,BEARISH,340.0,4406.19,4406.19,4406.19,4406.19,39,CLEARED_>=20s,1.0,0.0,0.0,0.0,0.0,0.0,0.0,PASS_<20%,0.00,0.0,NO,STANDBY_VEL_LOW,1,1321.86,3268.14,132.45,FALSE,M1_DIRECTION_MISMATCH
2026-09-07 19:45:39.830,1788810339.831,6720,34,34,4406.19,4406.27,8.0,PASS_<=10c,+0.0,FLAT,+0.0,+69.0,4.2,+0.00,0.00,SLOW,4405.50,4406.54,4403.14,4406.23,0.00,0.00,0.0,BEARISH,340.0,4406.19,4406.19,4406.19,4406.19,39,CLEARED_>=20s,1.0,0.0,0.0,0.0,0.0,0.0,0.0,PASS_<20%,0.00,0.0,NO,STANDBY_VEL_LOW,1,1321.86,3268.14,132.45,FALSE,M1_DIRECTION_MISMATCH
2026-09-07 19:45:40.332,1788810340.332,6721,35,35,4406.19,4406.27,8.0,PASS_<=10c,+0.0,FLAT,+0.0,+69.0,4.2,+0.00,0.00,SLOW,4405.50,4406.54,4403.14,4406.23,0.00,0.00,0.0,BEARISH,340.0,4406.19,4406.19,4406.19,4406.19,40,CLEARED_>=20s,1.0,0.0,0.0,0.0,0.0,0.0,0.0,PASS_<20%,0.00,0.0,NO,STANDBY_VEL_LOW,1,1321.86,3268.14,132.45,FALSE,M1_DIRECTION_MISMATCH
2026-09-07 19:45:45.846,1788810345.847,6722,36,36,4406.19,4406.27,8.0,PASS_<=10c,+0.0,FLAT,+0.0,+69.0,1.5,+0.00,0.00,SLOW,4405.50,4406.54,4403.14,4406.23,0.00,0.00,0.0,BEARISH,340.0,4406.19,4406.19,4406.19,4406.19,45,CLEARED_>=20s,1.0,0.0,0.0,0.0,0.0,0.0,0.0,PASS_<20%,0.00,0.0,NO,STANDBY_VEL_LOW,1,1321.86,3268.14,132.45,FALSE,M1_DIRECTION_MISMATCH
2026-09-07 19:45:56.083,1788810356.084,6723,37,37,4406.19,4406.27,8.0,PASS_<=10c,+0.0,FLAT,+0.0,+69.0,1.3,+0.00,0.00,SLOW,4405.50,4406.54,4403.14,4406.23,0.00,0.00,0.0,BEARISH,340.0,4406.19,4406.19,4406.19,4406.19,56,CLEARED_>=20s,1.0,0.0,0.0,0.0,0.0,0.0,0.0,PASS_<20%,0.00,0.0,NO,STANDBY_VEL_LOW,1,1321.86,3268.14,132.45,FALSE,M1_DIRECTION_MISMATCH
2026-09-07 19:45:57.694,1788810357.694,6724,38,38,4406.19,4406.27,8.0,PASS_<=10c,+0.0,FLAT,+0.0,+69.0,1.9,+0.00,0.00,SLOW,4405.50,4406.54,4403.14,4406.23,0.00,0.00,0.0,BEARISH,340.0,4406.19,4406.19,4406.19,4406.19,57,CLEARED_>=20s,1.0,0.0,0.0,0.0,0.0,0.0,0.0,PASS_<20%,0.00,0.0,NO,STANDBY_VEL_LOW,1,1321.86,3268.14,132.45,FALSE,M1_DIRECTION_MISMATCH
2026-09-07 19:45:58.195,1788810358.196,6725,39,39,4406.19,4406.27,8.0,PASS_<=10c,+0.0,FLAT,+0.0,+69.0,2.4,+0.00,0.00,SLOW,4405.50,4406.54,4403.14,4406.23,0.00,0.00,0.0,BEARISH,340.0,4406.19,4406.19,4406.19,4406.19,58,CLEARED_>=20s,1.0,0.0,0.0,0.0,0.0,0.0,0.0,PASS_<20%,0.00,0.0,NO,STANDBY_VEL_LOW,1,1321.86,3268.14,132.45,FALSE,M1_DIRECTION_MISMATCH
2026-09-07 19:45:58.697,1788810358.698,6726,40,40,4406.19,4406.27,8.0,PASS_<=10c,+0.0,FLAT,+0.0,+69.0,2.7,+0.00,0.00,SLOW,4405.50,4406.54,4403.14,4406.23,0.00,0.00,0.0,BEARISH,340.0,4406.19,4406.19,4406.19,4406.19,58,CLEARED_>=20s,1.0,0.0,0.0,0.0,0.0,0.0,0.0,PASS_<20%,0.00,0.0,NO,STANDBY_VEL_LOW,1,1321.86,3268.14,132.45,FALSE,M1_DIRECTION_MISMATCH
2026-09-07 19:45:59.200,1788810359.201,6727,41,41,4406.19,4406.27,8.0,PASS_<=10c,+0.0,FLAT,+0.0,+69.0,2.9,+0.00,0.00,SLOW,4405.50,4406.54,4403.14,4406.23,0.00,0.00,0.0,BEARISH,340.0,4406.19,4406.19,4406.19,4406.19,59,CLEARED_>=20s,1.0,0.0,0.0,0.0,0.0,0.0,0.0,PASS_<20%,0.00,0.0,NO,STANDBY_VEL_LOW,1,1321.86,3268.14,132.45,FALSE,M1_DIRECTION_MISMATCH
2026-09-07 19:45:59.701,1788810359.702,6728,42,42,4406.19,4406.27,8.0,PASS_<=10c,+0.0,FLAT,+0.0,+69.0,3.0,+0.00,0.00,SLOW,4405.50,4406.54,4403.14,4406.23,0.00,0.00,0.0,BEARISH,340.0,4406.19,4406.19,4406.19,4406.19,59,CLEARED_>=20s,1.0,0.0,0.0,0.0,0.0,0.0,0.0,PASS_<20%,0.00,0.0,NO,STANDBY_VEL_LOW,1,1321.86,3268.14,132.45,FALSE,M1_DIRECTION_MISMATCH
2026-09-07 19:46:00.203,1788810360.203,6729,1,43,4406.19,4406.27,8.0,PASS_<=10c,+0.0,FLAT,+0.0,+69.0,3.2,+0.00,0.00,SLOW,4405.50,4406.54,4403.14,4406.23,0.00,0.00,0.0,BEARISH,340.0,4406.19,4406.19,4406.19,4406.19,0,ACTIVE_0s,1.0,0.0,0.0,0.0,0.0,0.0,0.0,PASS_<20%,0.00,0.0,NO,STANDBY_VEL_LOW,1,1321.86,3268.14,132.45,FALSE,M1_DIRECTION_MISMATCH|OPENING_SHIELD_ACTIVE_0s
2026-09-07 19:46:00.705,1788810360.705,6730,2,44,4406.19,4406.27,8.0,PASS_<=10c,+0.0,FLAT,+0.0,+69.0,3.2,+0.00,0.00,SLOW,4405.50,4406.54,4403.14,4406.23,0.00,0.00,0.0,BEARISH,340.0,4406.19,4406.19,4406.19,4406.19,0,ACTIVE_0s,1.0,0.0,0.0,0.0,0.0,0.0,0.0,PASS_<20%,0.00,0.0,NO,STANDBY_VEL_LOW,1,1321.86,3268.14,132.45,FALSE,M1_DIRECTION_MISMATCH|OPENING_SHIELD_ACTIVE_0s
2026-09-07 19:46:01.208,1788810361.209,6731,3,45,4406.19,4406.27,8.0,PASS_<=10c,+0.0,FLAT,+0.0,+69.0,4.4,+0.00,0.00,SLOW,4405.50,4406.54,4403.14,4406.23,0.00,0.00,0.0,BEARISH,340.0,4406.19,4406.19,4406.19,4406.19,1,ACTIVE_1s,1.0,0.0,0.0,0.0,0.0,0.0,0.0,PASS_<20%,0.00,0.0,NO,STANDBY_VEL_LOW,1,1321.86,3268.14,132.45,FALSE,M1_DIRECTION_MISMATCH|OPENING_SHIELD_ACTIVE_1s
2026-09-07 19:46:01.709,1788810361.710,6732,4,46,4406.19,4406.27,8.0,PASS_<=10c,+0.0,FLAT,+0.0,+69.0,4.4,+0.00,0.00,SLOW,4405.50,4406.54,4403.14,4406.23,0.00,0.00,0.0,BEARISH,340.0,4406.19,4406.19,4406.19,4406.19,1,ACTIVE_1s,1.0,0.0,0.0,0.0,0.0,0.0,0.0,PASS_<20%,0.00,0.0,NO,STANDBY_VEL_LOW,1,1321.86,3268.14,132.45,FALSE,M1_DIRECTION_MISMATCH|OPENING_SHIELD_ACTIVE_1s
2026-09-07 19:46:02.211,1788810362.212,6733,5,47,4406.19,4406.27,8.0,PASS_<=10c,+0.0,FLAT,+0.0,+69.0,4.3,+0.00,0.00,SLOW,4405.50,4406.54,4403.14,4406.23,0.00,0.00,0.0,BEARISH,340.0,4406.19,4406.19,4406.19,4406.19,2,ACTIVE_2s,1.0,0.0,0.0,0.0,0.0,0.0,0.0,PASS_<20%,0.00,0.0,NO,STANDBY_VEL_LOW,1,1321.86,3268.14,132.45,FALSE,M1_DIRECTION_MISMATCH|OPENING_SHIELD_ACTIVE_2s
2026-09-07 19:46:02.713,1788810362.713,6734,6,48,4406.19,4406.27,8.0,PASS_<=10c,+0.0,FLAT,+0.0,+69.0,4.2,+0.00,0.00,SLOW,4405.50,4406.54,4403.14,4406.23,0.00,0.00,0.0,BEARISH,340.0,4406.19,4406.19,4406.19,4406.19,2,ACTIVE_2s,1.0,0.0,0.0,0.0,0.0,0.0,0.0,PASS_<20%,0.00,0.0,NO,STANDBY_VEL_LOW,1,1321.86,3268.14,132.45,FALSE,M1_DIRECTION_MISMATCH|OPENING_SHIELD_ACTIVE_2s
2026-09-07 19:46:03.215,1788810363.215,6735,7,49,4406.19,4406.27,8.0,PASS_<=10c,+0.0,FLAT,+0.0,+69.0,4.2,+0.00,0.00,SLOW,4405.50,4406.54,4403.14,4406.23,0.00,0.00,0.0,BEARISH,340.0,4406.19,4406.19,4406.19,4406.19,3,ACTIVE_3s,1.0,0.0,0.0,0.0,0.0,0.0,0.0,PASS_<20%,0.00,0.0,NO,STANDBY_VEL_LOW,1,1321.86,3268.14,132.45,FALSE,M1_DIRECTION_MISMATCH|OPENING_SHIELD_ACTIVE_3s
2026-09-07 19:46:03.716,1788810363.717,6736,8,50,4406.19,4406.27,8.0,PASS_<=10c,+0.0,FLAT,+0.0,+69.0,4.2,+0.00,0.00,SLOW,4405.50,4406.54,4403.14,4406.23,0.00,0.00,0.0,BEARISH,340.0,4406.19,4406.19,4406.19,4406.19,3,ACTIVE_3s,1.0,0.0,0.0,0.0,0.0,0.0,0.0,PASS_<20%,0.00,0.0,NO,STANDBY_VEL_LOW,1,1321.86,3268.14,132.45,FALSE,M1_DIRECTION_MISMATCH|OPENING_SHIELD_ACTIVE_3s
2026-09-07 19:46:04.218,1788810364.218,6737,9,51,4406.19,4406.27,8.0,PASS_<=10c,+0.0,FLAT,+0.0,+69.0,4.2,+0.00,0.00,SLOW,4405.50,4406.54,4403.14,4406.23,0.00,0.00,0.0,BEARISH,340.0,4406.19,4406.19,4406.19,4406.19,4,ACTIVE_4s,1.0,0.0,0.0,0.0,0.0,0.0,0.0,PASS_<20%,0.00,0.0,NO,STANDBY_VEL_LOW,1,1321.86,3268.14,132.45,FALSE,M1_DIRECTION_MISMATCH|OPENING_SHIELD_ACTIVE_4s
2026-09-07 19:46:04.720,1788810364.720,6738,10,52,4406.19,4406.27,8.0,PASS_<=10c,+0.0,FLAT,+0.0,+69.0,4.2,+0.00,0.00,SLOW,4405.50,4406.54,4403.14,4406.23,0.00,0.00,0.0,BEARISH,340.0,4406.19,4406.19,4406.19,4406.19,4,ACTIVE_4s,1.0,0.0,0.0,0.0,0.0,0.0,0.0,PASS_<20%,0.00,0.0,NO,STANDBY_VEL_LOW,1,1321.86,3268.14,132.45,FALSE,M1_DIRECTION_MISMATCH|OPENING_SHIELD_ACTIVE_4s
2026-09-07 19:46:05.221,1788810365.222,6739,11,53,4406.19,4406.27,8.0,PASS_<=10c,+0.0,FLAT,+0.0,+69.0,4.2,+0.00,0.00,SLOW,4405.50,4406.54,4403.14,4406.23,0.00,0.00,0.0,BEARISH,340.0,4406.19,4406.19,4406.19,4406.19,5,ACTIVE_5s,1.0,0.0,0.0,0.0,0.0,0.0,0.0,PASS_<20%,0.00,0.0,NO,STANDBY_VEL_LOW,1,1321.86,3268.14,132.45,FALSE,M1_DIRECTION_MISMATCH|OPENING_SHIELD_ACTIVE_5s
2026-09-07 19:46:10.737,1788810370.738,6740,12,54,4406.19,4406.27,8.0,PASS_<=10c,+0.0,FLAT,+0.0,+69.0,1.5,+0.00,0.00,SLOW,4405.50,4406.54,4403.14,4406.23,0.00,0.00,0.0,BEARISH,340.0,4406.19,4406.19,4406.19,4406.19,10,ACTIVE_10s,1.0,0.0,0.0,0.0,0.0,0.0,0.0,PASS_<20%,0.00,0.0,NO,STANDBY_VEL_LOW,1,1321.86,3268.14,132.45,FALSE,M1_DIRECTION_MISMATCH|OPENING_SHIELD_ACTIVE_10s
2026-09-07 19:46:20.971,1788810380.972,6741,13,55,4406.19,4406.27,8.0,PASS_<=10c,+0.0,FLAT,+0.0,+69.0,1.3,+0.00,0.00,SLOW,4405.50,4406.54,4403.14,4406.23,0.00,0.00,0.0,BEARISH,340.0,4406.19,4406.19,4406.19,4406.19,20,CLEARED_>=20s,1.0,0.0,0.0,0.0,0.0,0.0,0.0,PASS_<20%,0.00,0.0,NO,STANDBY_VEL_LOW,1,1321.86,3268.14,132.45,FALSE,M1_DIRECTION_MISMATCH
2026-09-07 19:46:22.982,1788810382.983,6742,14,56,4406.19,4406.27,8.0,PASS_<=10c,+0.0,FLAT,+0.0,+69.0,1.5,+0.00,0.00,SLOW,4405.50,4406.54,4403.14,4406.23,0.00,0.00,0.0,BEARISH,340.0,4406.19,4406.19,4406.19,4406.19,22,CLEARED_>=20s,1.0,0.0,0.0,0.0,0.0,0.0,0.0,PASS_<20%,0.00,0.0,NO,STANDBY_VEL_LOW,1,1321.86,3268.14,132.45,FALSE,M1_DIRECTION_MISMATCH
2026-09-07 19:46:23.484,1788810383.484,6743,15,57,4406.19,4406.27,8.0,PASS_<=10c,+0.0,FLAT,+0.0,+69.0,2.0,+0.00,0.00,SLOW,4405.50,4406.54,4403.14,4406.23,0.00,0.00,0.0,BEARISH,340.0,4406.19,4406.19,4406.19,4406.19,23,CLEARED_>=20s,1.0,0.0,0.0,0.0,0.0,0.0,0.0,PASS_<20%,0.00,0.0,NO,STANDBY_VEL_LOW,1,1321.86,3268.14,132.45,FALSE,M1_DIRECTION_MISMATCH
2026-09-07 19:46:23.985,1788810383.985,6744,16,58,4406.19,4406.27,8.0,PASS_<=10c,+0.0,FLAT,+0.0,+69.0,2.3,+0.00,0.00,SLOW,4405.50,4406.54,4403.14,4406.23,0.00,0.00,0.0,BEARISH,340.0,4406.19,4406.19,4406.19,4406.19,23,CLEARED_>=20s,1.0,0.0,0.0,0.0,0.0,0.0,0.0,PASS_<20%,0.00,0.0,NO,STANDBY_VEL_LOW,1,1321.86,3268.14,132.45,FALSE,M1_DIRECTION_MISMATCH
2026-09-07 19:46:24.487,1788810384.488,6745,17,59,4406.19,4406.27,8.0,PASS_<=10c,+0.0,FLAT,+0.0,+69.0,2.6,+0.00,0.00,SLOW,4405.50,4406.54,4403.14,4406.23,0.00,0.00,0.0,BEARISH,340.0,4406.19,4406.19,4406.19,4406.19,24,CLEARED_>=20s,1.0,0.0,0.0,0.0,0.0,0.0,0.0,PASS_<20%,0.00,0.0,NO,STANDBY_VEL_LOW,1,1321.86,3268.14,132.45,FALSE,M1_DIRECTION_MISMATCH
2026-09-07 19:46:24.989,1788810384.989,6746,18,60,4406.19,4406.27,8.0,PASS_<=10c,+0.0,FLAT,+0.0,+69.0,2.7,+0.00,0.00,SLOW,4405.50,4406.54,4403.14,4406.23,0.00,0.00,0.0,BEARISH,340.0,4406.19,4406.19,4406.19,4406.19,24,CLEARED_>=20s,1.0,0.0,0.0,0.0,0.0,0.0,0.0,PASS_<20%,0.00,0.0,NO,STANDBY_VEL_LOW,1,1321.86,3268.14,132.45,FALSE,M1_DIRECTION_MISMATCH
2026-09-07 19:46:25.490,1788810385.491,6747,19,61,4406.19,4406.27,8.0,PASS_<=10c,+0.0,FLAT,+0.0,+69.0,2.9,+0.00,0.00,SLOW,4405.50,4406.54,4403.14,4406.23,0.00,0.00,0.0,BEARISH,340.0,4406.19,4406.19,4406.19,4406.19,25,CLEARED_>=20s,1.0,0.0,0.0,0.0,0.0,0.0,0.0,PASS_<20%,0.00,0.0,NO,STANDBY_VEL_LOW,1,1321.86,3268.14,132.45,FALSE,M1_DIRECTION_MISMATCH
2026-09-07 19:46:25.992,1788810385.993,6748,20,62,4406.19,4406.27,8.0,PASS_<=10c,+0.0,FLAT,+0.0,+69.0,4.5,+0.00,0.00,SLOW,4405.50,4406.54,4403.14,4406.23,0.00,0.00,0.0,BEARISH,340.0,4406.19,4406.19,4406.19,4406.19,25,CLEARED_>=20s,1.0,0.0,0.0,0.0,0.0,0.0,0.0,PASS_<20%,0.00,0.0,NO,STANDBY_VEL_LOW,1,1321.86,3268.14,132.45,FALSE,M1_DIRECTION_MISMATCH
2026-09-07 19:46:26.494,1788810386.494,6749,21,63,4406.19,4406.27,8.0,PASS_<=10c,+0.0,FLAT,+0.0,+69.0,4.4,+0.00,0.00,SLOW,4405.50,4406.54,4403.14,4406.23,0.00,0.00,0.0,BEARISH,340.0,4406.19,4406.19,4406.19,4406.19,26,CLEARED_>=20s,1.0,0.0,0.0,0.0,0.0,0.0,0.0,PASS_<20%,0.00,0.0,NO,STANDBY_VEL_LOW,1,1321.86,3268.14,132.45,FALSE,M1_DIRECTION_MISMATCH
2026-09-07 19:46:26.999,1788810386.999,6750,22,64,4406.19,4406.27,8.0,PASS_<=10c,+0.0,FLAT,+0.0,+69.0,4.4,+0.00,0.00,SLOW,4405.50,4406.54,4403.14,4406.23,0.00,0.00,0.0,BEARISH,340.0,4406.19,4406.19,4406.19,4406.19,26,CLEARED_>=20s,1.0,0.0,0.0,0.0,0.0,0.0,0.0,PASS_<20%,0.00,0.0,NO,STANDBY_VEL_LOW,1,1321.86,3268.14,132.45,FALSE,M1_DIRECTION_MISMATCH
2026-09-07 19:46:27.497,1788810387.498,6751,23,65,4406.19,4406.27,8.0,PASS_<=10c,+0.0,FLAT,+0.0,+69.0,4.3,+0.00,0.00,SLOW,4405.50,4406.54,4403.14,4406.23,0.00,0.00,0.0,BEARISH,340.0,4406.19,4406.19,4406.19,4406.19,27,CLEARED_>=20s,1.0,0.0,0.0,0.0,0.0,0.0,0.0,PASS_<20%,0.00,0.0,NO,STANDBY_VEL_LOW,1,1321.86,3268.14,132.45,FALSE,M1_DIRECTION_MISMATCH
2026-09-07 19:46:28.000,1788810388.000,6752,24,66,4406.19,4406.27,8.0,PASS_<=10c,+0.0,FLAT,+0.0,+69.0,4.2,+0.00,0.00,SLOW,4405.50,4406.54,4403.14,4406.23,0.00,0.00,0.0,BEARISH,340.0,4406.19,4406.19,4406.19,4406.19,28,CLEARED_>=20s,1.0,0.0,0.0,0.0,0.0,0.0,0.0,PASS_<20%,0.00,0.0,NO,STANDBY_VEL_LOW,1,1321.86,3268.14,132.45,FALSE,M1_DIRECTION_MISMATCH
2026-09-07 19:46:28.502,1788810388.502,6753,25,67,4406.19,4406.27,8.0,PASS_<=10c,+0.0,FLAT,+0.0,+69.0,4.2,+0.00,0.00,SLOW,4405.50,4406.54,4403.14,4406.23,0.00,0.00,0.0,BEARISH,340.0,4406.19,4406.19,4406.19,4406.19,28,CLEARED_>=20s,1.0,0.0,0.0,0.0,0.0,0.0,0.0,PASS_<20%,0.00,0.0,NO,STANDBY_VEL_LOW,1,1321.86,3268.14,132.45,FALSE,M1_DIRECTION_MISMATCH
2026-09-07 19:46:29.003,1788810389.004,6754,26,68,4406.19,4406.27,8.0,PASS_<=10c,+0.0,FLAT,+0.0,+69.0,4.2,+0.00,0.00,SLOW,4405.50,4406.54,4403.14,4406.23,0.00,0.00,0.0,BEARISH,340.0,4406.19,4406.19,4406.19,4406.19,29,CLEARED_>=20s,1.0,0.0,0.0,0.0,0.0,0.0,0.0,PASS_<20%,0.00,0.0,NO,STANDBY_VEL_LOW,1,1321.86,3268.14,132.45,FALSE,M1_DIRECTION_MISMATCH
2026-09-07 19:46:29.505,1788810389.506,6755,27,69,4406.19,4406.27,8.0,PASS_<=10c,+0.0,FLAT,+0.0,+69.0,4.2,+0.00,0.00,SLOW,4405.50,4406.54,4403.14,4406.23,0.00,0.00,0.0,BEARISH,340.0,4406.19,4406.19,4406.19,4406.19,29,CLEARED_>=20s,1.0,0.0,0.0,0.0,0.0,0.0,0.0,PASS_<20%,0.00,0.0,NO,STANDBY_VEL_LOW,1,1321.86,3268.14,132.45,FALSE,M1_DIRECTION_MISMATCH
2026-09-07 19:46:30.006,1788810390.007,6756,28,70,4406.19,4406.27,8.0,PASS_<=10c,+0.0,FLAT,+0.0,+69.0,4.2,+0.00,0.00,SLOW,4405.50,4406.54,4403.14,4406.23,0.00,0.00,0.0,BEARISH,340.0,4406.19,4406.19,4406.19,4406.19,30,CLEARED_>=20s,1.0,0.0,0.0,0.0,0.0,0.0,0.0,PASS_<20%,0.00,0.0,NO,STANDBY_VEL_LOW,1,1321.86,3268.14,132.45,FALSE,M1_DIRECTION_MISMATCH
2026-09-07 19:46:30.508,1788810390.508,6757,29,71,4406.19,4406.27,8.0,PASS_<=10c,+0.0,FLAT,+0.0,+69.0,4.2,+0.00,0.00,SLOW,4405.50,4406.54,4403.14,4406.23,0.00,0.00,0.0,BEARISH,340.0,4406.19,4406.19,4406.19,4406.19,30,CLEARED_>=20s,1.0,0.0,0.0,0.0,0.0,0.0,0.0,PASS_<20%,0.00,0.0,NO,STANDBY_VEL_LOW,1,1321.86,3268.14,132.45,FALSE,M1_DIRECTION_MISMATCH
2026-09-07 19:46:36.044,1788810396.044,6758,30,72,4406.19,4406.27,8.0,PASS_<=10c,+0.0,FLAT,+0.0,+69.0,1.5,+0.00,0.00,SLOW,4405.50,4406.54,4403.14,4406.23,0.00,0.00,0.0,BEARISH,340.0,4406.19,4406.19,4406.19,4406.19,36,CLEARED_>=20s,1.0,0.0,0.0,0.0,0.0,0.0,0.0,PASS_<20%,0.00,0.0,NO,STANDBY_VEL_LOW,1,1321.86,3268.14,132.45,FALSE,M1_DIRECTION_MISMATCH
2026-09-07 19:46:46.275,1788810406.276,6759,31,73,4406.19,4406.27,8.0,PASS_<=10c,+0.0,FLAT,+0.0,+69.0,1.3,+0.00,0.00,SLOW,4405.50,4406.54,4403.14,4406.23,0.00,0.00,0.0,BEARISH,340.0,4406.19,4406.19,4406.19,4406.19,46,CLEARED_>=20s,1.0,0.0,0.0,0.0,0.0,0.0,0.0,PASS_<20%,0.00,0.0,NO,STANDBY_VEL_LOW,1,1321.86,3268.14,132.45,FALSE,M1_DIRECTION_MISMATCH
2026-09-07 19:46:48.289,1788810408.289,6760,32,74,4406.19,4406.27,8.0,PASS_<=10c,+0.0,FLAT,+0.0,+69.0,1.5,+0.00,0.00,SLOW,4405.50,4406.54,4403.14,4406.23,0.00,0.00,0.0,BEARISH,340.0,4406.19,4406.19,4406.19,4406.19,48,CLEARED_>=20s,1.0,0.0,0.0,0.0,0.0,0.0,0.0,PASS_<20%,0.00,0.0,NO,STANDBY_VEL_LOW,1,1321.86,3268.14,132.45,FALSE,M1_DIRECTION_MISMATCH
2026-09-07 19:46:48.790,1788810408.790,6761,33,75,4406.19,4406.27,8.0,PASS_<=10c,+0.0,FLAT,+0.0,+69.0,2.0,+0.00,0.00,SLOW,4405.50,4406.54,4403.14,4406.23,0.00,0.00,0.0,BEARISH,340.0,4406.19,4406.19,4406.19,4406.19,48,CLEARED_>=20s,1.0,0.0,0.0,0.0,0.0,0.0,0.0,PASS_<20%,0.00,0.0,NO,STANDBY_VEL_LOW,1,1321.86,3268.14,132.45,FALSE,M1_DIRECTION_MISMATCH
2026-09-07 19:46:49.292,1788810409.292,6762,34,76,4406.19,4406.27,8.0,PASS_<=10c,+0.0,FLAT,+0.0,+69.0,2.3,+0.00,0.00,SLOW,4405.50,4406.54,4403.14,4406.23,0.00,0.00,0.0,BEARISH,340.0,4406.19,4406.19,4406.19,4406.19,49,CLEARED_>=20s,1.0,0.0,0.0,0.0,0.0,0.0,0.0,PASS_<20%,0.00,0.0,NO,STANDBY_VEL_LOW,1,1321.86,3268.14,132.45,FALSE,M1_DIRECTION_MISMATCH
2026-09-07 19:46:49.794,1788810409.794,6763,35,77,4406.19,4406.27,8.0,PASS_<=10c,+0.0,FLAT,+0.0,+69.0,2.6,+0.00,0.00,SLOW,4405.50,4406.54,4403.14,4406.23,0.00,0.00,0.0,BEARISH,340.0,4406.19,4406.19,4406.19,4406.19,49,CLEARED_>=20s,1.0,0.0,0.0,0.0,0.0,0.0,0.0,PASS_<20%,0.00,0.0,NO,STANDBY_VEL_LOW,1,1321.86,3268.14,132.45,FALSE,M1_DIRECTION_MISMATCH
2026-09-07 19:46:50.296,1788810410.296,6764,36,78,4406.19,4406.27,8.0,PASS_<=10c,+0.0,FLAT,+0.0,+69.0,2.7,+0.00,0.00,SLOW,4405.50,4406.54,4403.14,4406.23,0.00,0.00,0.0,BEARISH,340.0,4406.19,4406.19,4406.19,4406.19,50,CLEARED_>=20s,1.0,0.0,0.0,0.0,0.0,0.0,0.0,PASS_<20%,0.00,0.0,NO,STANDBY_VEL_LOW,1,1321.86,3268.14,132.45,FALSE,M1_DIRECTION_MISMATCH
2026-09-07 19:46:50.797,1788810410.797,6765,37,79,4406.19,4406.27,8.0,PASS_<=10c,+0.0,FLAT,+0.0,+69.0,2.9,+0.00,0.00,SLOW,4405.50,4406.54,4403.14,4406.23,0.00,0.00,0.0,BEARISH,340.0,4406.19,4406.19,4406.19,4406.19,50,CLEARED_>=20s,1.0,0.0,0.0,0.0,0.0,0.0,0.0,PASS_<20%,0.00,0.0,NO,STANDBY_VEL_LOW,1,1321.86,3268.14,132.45,FALSE,M1_DIRECTION_MISMATCH
2026-09-07 19:46:51.298,1788810411.298,6766,38,80,4406.19,4406.27,8.0,PASS_<=10c,+0.0,FLAT,+0.0,+69.0,4.5,+0.00,0.00,SLOW,4405.50,4406.54,4403.14,4406.23,0.00,0.00,0.0,BEARISH,340.0,4406.19,4406.19,4406.19,4406.19,51,CLEARED_>=20s,1.0,0.0,0.0,0.0,0.0,0.0,0.0,PASS_<20%,0.00,0.0,NO,STANDBY_VEL_LOW,1,1321.86,3268.14,132.45,FALSE,M1_DIRECTION_MISMATCH
2026-09-07 19:46:51.799,1788810411.800,6767,39,81,4406.19,4406.27,8.0,PASS_<=10c,+0.0,FLAT,+0.0,+69.0,4.4,+0.00,0.00,SLOW,4405.50,4406.54,4403.14,4406.23,0.00,0.00,0.0,BEARISH,340.0,4406.19,4406.19,4406.19,4406.19,51,CLEARED_>=20s,1.0,0.0,0.0,0.0,0.0,0.0,0.0,PASS_<20%,0.00,0.0,NO,STANDBY_VEL_LOW,1,1321.86,3268.14,132.45,FALSE,M1_DIRECTION_MISMATCH
2026-09-07 19:46:52.301,1788810412.301,6768,40,82,4406.19,4406.27,8.0,PASS_<=10c,+0.0,FLAT,+0.0,+69.0,4.4,+0.00,0.00,SLOW,4405.50,4406.54,4403.14,4406.23,0.00,0.00,0.0,BEARISH,340.0,4406.19,4406.19,4406.19,4406.19,52,CLEARED_>=20s,1.0,0.0,0.0,0.0,0.0,0.0,0.0,PASS_<20%,0.00,0.0,NO,STANDBY_VEL_LOW,1,1321.86,3268.14,132.45,FALSE,M1_DIRECTION_MISMATCH
2026-09-07 19:46:52.803,1788810412.803,6769,41,83,4406.19,4406.27,8.0,PASS_<=10c,+0.0,FLAT,+0.0,+69.0,4.3,+0.00,0.00,SLOW,4405.50,4406.54,4403.14,4406.23,0.00,0.00,0.0,BEARISH,340.0,4406.19,4406.19,4406.19,4406.19,52,CLEARED_>=20s,1.0,0.0,0.0,0.0,0.0,0.0,0.0,PASS_<20%,0.00,0.0,NO,STANDBY_VEL_LOW,1,1321.86,3268.14,132.45,FALSE,M1_DIRECTION_MISMATCH
2026-09-07 19:46:53.304,1788810413.304,6770,42,84,4406.19,4406.27,8.0,PASS_<=10c,+0.0,FLAT,+0.0,+69.0,4.2,+0.00,0.00,SLOW,4405.50,4406.54,4403.14,4406.23,0.00,0.00,0.0,BEARISH,340.0,4406.19,4406.19,4406.19,4406.19,53,CLEARED_>=20s,1.0,0.0,0.0,0.0,0.0,0.0,0.0,PASS_<20%,0.00,0.0,NO,STANDBY_VEL_LOW,1,1321.86,3268.14,132.45,FALSE,M1_DIRECTION_MISMATCH
2026-09-07 19:46:53.806,1788810413.806,6771,43,85,4406.19,4406.27,8.0,PASS_<=10c,+0.0,FLAT,+0.0,+69.0,4.2,+0.00,0.00,SLOW,4405.50,4406.54,4403.14,4406.23,0.00,0.00,0.0,BEARISH,340.0,4406.19,4406.19,4406.19,4406.19,53,CLEARED_>=20s,1.0,0.0,0.0,0.0,0.0,0.0,0.0,PASS_<20%,0.00,0.0,NO,STANDBY_VEL_LOW,1,1321.86,3268.14,132.45,FALSE,M1_DIRECTION_MISMATCH
2026-09-07 19:46:54.309,1788810414.309,6772,44,86,4406.19,4406.27,8.0,PASS_<=10c,+0.0,FLAT,+0.0,+69.0,4.2,+0.00,0.00,SLOW,4405.50,4406.54,4403.14,4406.23,0.00,0.00,0.0,BEARISH,340.0,4406.19,4406.19,4406.19,4406.19,54,CLEARED_>=20s,1.0,0.0,0.0,0.0,0.0,0.0,0.0,PASS_<20%,0.00,0.0,NO,STANDBY_VEL_LOW,1,1321.86,3268.14,132.45,FALSE,M1_DIRECTION_MISMATCH
2026-09-07 19:46:54.811,1788810414.811,6773,45,87,4406.19,4406.27,8.0,PASS_<=10c,+0.0,FLAT,+0.0,+69.0,4.2,+0.00,0.00,SLOW,4405.50,4406.54,4403.14,4406.23,0.00,0.00,0.0,BEARISH,340.0,4406.19,4406.19,4406.19,4406.19,54,CLEARED_>=20s,1.0,0.0,0.0,0.0,0.0,0.0,0.0,PASS_<20%,0.00,0.0,NO,STANDBY_VEL_LOW,1,1321.86,3268.14,132.45,FALSE,M1_DIRECTION_MISMATCH
2026-09-07 19:46:55.313,1788810415.314,6774,46,88,4406.19,4406.27,8.0,PASS_<=10c,+0.0,FLAT,+0.0,+69.0,4.2,+0.00,0.00,SLOW,4405.50,4406.54,4403.14,4406.23,0.00,0.00,0.0,BEARISH,340.0,4406.19,4406.19,4406.19,4406.19,55,CLEARED_>=20s,1.0,0.0,0.0,0.0,0.0,0.0,0.0,PASS_<20%,0.00,0.0,NO,STANDBY_VEL_LOW,1,1321.86,3268.14,132.45,FALSE,M1_DIRECTION_MISMATCH
2026-09-07 19:46:55.814,1788810415.815,6775,47,89,4406.19,4406.27,8.0,PASS_<=10c,+0.0,FLAT,+0.0,+69.0,4.2,+0.00,0.00,SLOW,4405.50,4406.54,4403.14,4406.23,0.00,0.00,0.0,BEARISH,340.0,4406.19,4406.19,4406.19,4406.19,55,CLEARED_>=20s,1.0,0.0,0.0,0.0,0.0,0.0,0.0,PASS_<20%,0.00,0.0,NO,STANDBY_VEL_LOW,1,1321.86,3268.14,132.45,FALSE,M1_DIRECTION_MISMATCH
2026-09-07 19:47:01.329,1788810421.330,6776,1,90,4406.19,4406.27,8.0,PASS_<=10c,+0.0,FLAT,+0.0,+69.0,1.5,+0.00,0.00,SLOW,4405.50,4406.54,4403.14,4406.23,0.00,0.00,0.0,BEARISH,340.0,4406.19,4406.19,4406.19,4406.19,1,ACTIVE_1s,1.0,0.0,0.0,0.0,0.0,0.0,0.0,PASS_<20%,0.00,0.0,NO,STANDBY_VEL_LOW,1,1321.86,3268.14,132.45,FALSE,M1_DIRECTION_MISMATCH|OPENING_SHIELD_ACTIVE_1s
2026-09-07 19:47:11.556,1788810431.556,6777,2,91,4406.19,4406.27,8.0,PASS_<=10c,+0.0,FLAT,+0.0,+69.0,1.3,+0.00,0.00,SLOW,4405.50,4406.54,4403.14,4406.23,0.00,0.00,0.0,BEARISH,340.0,4406.19,4406.19,4406.19,4406.19,11,ACTIVE_11s,1.0,0.0,0.0,0.0,0.0,0.0,0.0,PASS_<20%,0.00,0.0,NO,STANDBY_VEL_LOW,1,1321.86,3268.14,132.45,FALSE,M1_DIRECTION_MISMATCH|OPENING_SHIELD_ACTIVE_11s
2026-09-07 19:47:13.165,1788810433.165,6778,3,92,4406.19,4406.27,8.0,PASS_<=10c,+0.0,FLAT,+0.0,+69.0,1.9,+0.00,0.00,SLOW,4405.50,4406.54,4403.14,4406.23,0.00,0.00,0.0,BEARISH,340.0,4406.19,4406.19,4406.19,4406.19,13,ACTIVE_13s,1.0,0.0,0.0,0.0,0.0,0.0,0.0,PASS_<20%,0.00,0.0,NO,STANDBY_VEL_LOW,1,1321.86,3268.14,132.45,FALSE,M1_DIRECTION_MISMATCH|OPENING_SHIELD_ACTIVE_13s
2026-09-07 19:47:13.667,1788810433.667,6779,4,93,4406.19,4406.27,8.0,PASS_<=10c,+0.0,FLAT,+0.0,+69.0,2.4,+0.00,0.00,SLOW,4405.50,4406.54,4403.14,4406.23,0.00,0.00,0.0,BEARISH,340.0,4406.19,4406.19,4406.19,4406.19,13,ACTIVE_13s,1.0,0.0,0.0,0.0,0.0,0.0,0.0,PASS_<20%,0.00,0.0,NO,STANDBY_VEL_LOW,1,1321.86,3268.14,132.45,FALSE,M1_DIRECTION_MISMATCH|OPENING_SHIELD_ACTIVE_13s
2026-09-07 19:47:14.170,1788810434.170,6780,5,94,4406.19,4406.27,8.0,PASS_<=10c,+0.0,FLAT,+0.0,+69.0,2.7,+0.00,0.00,SLOW,4405.50,4406.54,4403.14,4406.23,0.00,0.00,0.0,BEARISH,340.0,4406.19,4406.19,4406.19,4406.19,14,ACTIVE_14s,1.0,0.0,0.0,0.0,0.0,0.0,0.0,PASS_<20%,0.00,0.0,NO,STANDBY_VEL_LOW,1,1321.86,3268.14,132.45,FALSE,M1_DIRECTION_MISMATCH|OPENING_SHIELD_ACTIVE_14s
2026-09-07 19:47:14.670,1788810434.671,6781,6,95,4406.19,4406.27,8.0,PASS_<=10c,+0.0,FLAT,+0.0,+69.0,2.9,+0.00,0.00,SLOW,4405.50,4406.54,4403.14,4406.23,0.00,0.00,0.0,BEARISH,340.0,4406.19,4406.19,4406.19,4406.19,14,ACTIVE_14s,1.0,0.0,0.0,0.0,0.0,0.0,0.0,PASS_<20%,0.00,0.0,NO,STANDBY_VEL_LOW,1,1321.86,3268.14,132.45,FALSE,M1_DIRECTION_MISMATCH|OPENING_SHIELD_ACTIVE_14s
2026-09-07 19:47:15.172,1788810435.172,6782,7,96,4406.19,4406.27,8.0,PASS_<=10c,+0.0,FLAT,+0.0,+69.0,3.0,+0.00,0.00,SLOW,4405.50,4406.54,4403.14,4406.23,0.00,0.00,0.0,BEARISH,340.0,4406.19,4406.19,4406.19,4406.19,15,ACTIVE_15s,1.0,0.0,0.0,0.0,0.0,0.0,0.0,PASS_<20%,0.00,0.0,NO,STANDBY_VEL_LOW,1,1321.86,3268.14,132.45,FALSE,M1_DIRECTION_MISMATCH|OPENING_SHIELD_ACTIVE_15s
2026-09-07 19:47:15.674,1788810435.674,6783,8,97,4406.19,4406.27,8.0,PASS_<=10c,+0.0,FLAT,+0.0,+69.0,3.2,+0.00,0.00,SLOW,4405.50,4406.54,4403.14,4406.23,0.00,0.00,0.0,BEARISH,340.0,4406.19,4406.19,4406.19,4406.19,15,ACTIVE_15s,1.0,0.0,0.0,0.0,0.0,0.0,0.0,PASS_<20%,0.00,0.0,NO,STANDBY_VEL_LOW,1,1321.86,3268.14,132.45,FALSE,M1_DIRECTION_MISMATCH|OPENING_SHIELD_ACTIVE_15s
2026-09-07 19:47:16.176,1788810436.176,6784,9,98,4406.19,4406.27,8.0,PASS_<=10c,+0.0,FLAT,+0.0,+69.0,3.2,+0.00,0.00,SLOW,4405.50,4406.54,4403.14,4406.23,0.00,0.00,0.0,BEARISH,340.0,4406.19,4406.19,4406.19,4406.19,16,ACTIVE_16s,1.0,0.0,0.0,0.0,0.0,0.0,0.0,PASS_<20%,0.00,0.0,NO,STANDBY_VEL_LOW,1,1321.86,3268.14,132.45,FALSE,M1_DIRECTION_MISMATCH|OPENING_SHIELD_ACTIVE_16s
2026-09-07 19:47:16.679,1788810436.679,6785,10,99,4406.19,4406.27,8.0,PASS_<=10c,+0.0,FLAT,+0.0,+69.0,4.4,+0.00,0.00,SLOW,4405.50,4406.54,4403.14,4406.23,0.00,0.00,0.0,BEARISH,340.0,4406.19,4406.19,4406.19,4406.19,16,ACTIVE_16s,1.0,0.0,0.0,0.0,0.0,0.0,0.0,PASS_<20%,0.00,0.0,NO,STANDBY_VEL_LOW,1,1321.86,3268.14,132.45,FALSE,M1_DIRECTION_MISMATCH|OPENING_SHIELD_ACTIVE_16s
2026-09-07 19:47:17.180,1788810437.181,6786,11,100,4406.19,4406.27,8.0,PASS_<=10c,+0.0,FLAT,+0.0,+69.0,4.4,+0.00,0.00,SLOW,4405.50,4406.54,4403.14,4406.23,0.00,0.00,0.0,BEARISH,340.0,4406.19,4406.19,4406.19,4406.19,17,ACTIVE_17s,1.0,0.0,0.0,0.0,0.0,0.0,0.0,PASS_<20%,0.00,0.0,NO,STANDBY_VEL_LOW,1,1321.86,3268.14,132.45,FALSE,M1_DIRECTION_MISMATCH|OPENING_SHIELD_ACTIVE_17s
2026-09-07 19:47:17.682,1788810437.682,6787,12,101,4406.19,4406.27,8.0,PASS_<=10c,+0.0,FLAT,+0.0,+69.0,4.3,+0.00,0.00,SLOW,4405.50,4406.54,4403.14,4406.23,0.00,0.00,0.0,BEARISH,340.0,4406.19,4406.19,4406.19,4406.19,17,ACTIVE_17s,1.0,0.0,0.0,0.0,0.0,0.0,0.0,PASS_<20%,0.00,0.0,NO,STANDBY_VEL_LOW,1,1321.86,3268.14,132.45,FALSE,M1_DIRECTION_MISMATCH|OPENING_SHIELD_ACTIVE_17s
2026-09-07 19:47:18.183,1788810438.184,6788,13,102,4406.19,4406.27,8.0,PASS_<=10c,+0.0,FLAT,+0.0,+69.0,4.2,+0.00,0.00,SLOW,4405.50,4406.54,4403.14,4406.23,0.00,0.00,0.0,BEARISH,340.0,4406.19,4406.19,4406.19,4406.19,18,ACTIVE_18s,1.0,0.0,0.0,0.0,0.0,0.0,0.0,PASS_<20%,0.00,0.0,NO,STANDBY_VEL_LOW,1,1321.86,3268.14,132.45,FALSE,M1_DIRECTION_MISMATCH|OPENING_SHIELD_ACTIVE_18s
2026-09-07 19:47:18.685,1788810438.686,6789,14,103,4406.19,4406.27,8.0,PASS_<=10c,+0.0,FLAT,+0.0,+69.0,4.2,+0.00,0.00,SLOW,4405.50,4406.54,4403.14,4406.23,0.00,0.00,0.0,BEARISH,340.0,4406.19,4406.19,4406.19,4406.19,18,ACTIVE_18s,1.0,0.0,0.0,0.0,0.0,0.0,0.0,PASS_<20%,0.00,0.0,NO,STANDBY_VEL_LOW,1,1321.86,3268.14,132.45,FALSE,M1_DIRECTION_MISMATCH|OPENING_SHIELD_ACTIVE_18s
2026-09-07 19:47:19.188,1788810439.189,6790,15,104,4406.19,4406.27,8.0,PASS_<=10c,+0.0,FLAT,+0.0,+69.0,4.2,+0.00,0.00,SLOW,4405.50,4406.54,4403.14,4406.23,0.00,0.00,0.0,BEARISH,340.0,4406.19,4406.19,4406.19,4406.19,19,ACTIVE_19s,1.0,0.0,0.0,0.0,0.0,0.0,0.0,PASS_<20%,0.00,0.0,NO,STANDBY_VEL_LOW,1,1321.86,3268.14,132.45,FALSE,M1_DIRECTION_MISMATCH|OPENING_SHIELD_ACTIVE_19s
2026-09-07 19:47:19.689,1788810439.689,6791,16,105,4406.19,4406.27,8.0,PASS_<=10c,+0.0,FLAT,+0.0,+69.0,4.2,+0.00,0.00,SLOW,4405.50,4406.54,4403.14,4406.23,0.00,0.00,0.0,BEARISH,340.0,4406.19,4406.19,4406.19,4406.19,19,ACTIVE_19s,1.0,0.0,0.0,0.0,0.0,0.0,0.0,PASS_<20%,0.00,0.0,NO,STANDBY_VEL_LOW,1,1321.86,3268.14,132.45,FALSE,M1_DIRECTION_MISMATCH|OPENING_SHIELD_ACTIVE_19s
2026-09-07 19:47:20.190,1788810440.190,6792,17,106,4406.19,4406.27,8.0,PASS_<=10c,+0.0,FLAT,+0.0,+69.0,4.2,+0.00,0.00,SLOW,4405.50,4406.54,4403.14,4406.23,0.00,0.00,0.0,BEARISH,340.0,4406.19,4406.19,4406.19,4406.19,20,CLEARED_>=20s,1.0,0.0,0.0,0.0,0.0,0.0,0.0,PASS_<20%,0.00,0.0,NO,STANDBY_VEL_LOW,1,1321.86,3268.14,132.45,FALSE,M1_DIRECTION_MISMATCH
2026-09-07 19:47:20.692,1788810440.692,6793,18,107,4406.19,4406.27,8.0,PASS_<=10c,+0.0,FLAT,+0.0,+69.0,4.2,+0.00,0.00,SLOW,4405.50,4406.54,4403.14,4406.23,0.00,0.00,0.0,BEARISH,340.0,4406.19,4406.19,4406.19,4406.19,20,CLEARED_>=20s,1.0,0.0,0.0,0.0,0.0,0.0,0.0,PASS_<20%,0.00,0.0,NO,STANDBY_VEL_LOW,1,1321.86,3268.14,132.45,FALSE,M1_DIRECTION_MISMATCH
2026-09-07 19:47:26.211,1788810446.211,6794,19,108,4406.19,4406.27,8.0,PASS_<=10c,+0.0,FLAT,+0.0,+69.0,1.5,+0.00,0.00,SLOW,4405.50,4406.54,4403.14,4406.23,0.00,0.00,0.0,BEARISH,340.0,4406.19,4406.19,4406.19,4406.19,26,CLEARED_>=20s,1.0,0.0,0.0,0.0,0.0,0.0,0.0,PASS_<20%,0.00,0.0,NO,STANDBY_VEL_LOW,1,1321.86,3268.14,132.45,FALSE,M1_DIRECTION_MISMATCH
2026-09-07 19:47:36.443,1788810456.443,6795,20,109,4406.19,4406.27,8.0,PASS_<=10c,+0.0,FLAT,+0.0,+69.0,1.3,+0.00,0.00,SLOW,4405.50,4406.54,4403.14,4406.23,0.00,0.00,0.0,BEARISH,340.0,4406.19,4406.19,4406.19,4406.19,36,CLEARED_>=20s,1.0,0.0,0.0,0.0,0.0,0.0,0.0,PASS_<20%,0.00,0.0,NO,STANDBY_VEL_LOW,1,1321.86,3268.14,132.45,FALSE,M1_DIRECTION_MISMATCH
2026-09-07 19:47:37.248,1788810457.249,6796,21,110,4406.19,4406.27,8.0,PASS_<=10c,+0.0,FLAT,+0.0,+69.0,3.0,+0.00,0.00,SLOW,4405.50,4406.54,4403.14,4406.23,0.00,0.00,0.0,BEARISH,340.0,4406.19,4406.19,4406.19,4406.19,37,CLEARED_>=20s,1.0,0.0,0.0,0.0,0.0,0.0,0.0,PASS_<20%,0.00,0.0,NO,STANDBY_VEL_LOW,1,1321.86,3268.14,132.45,FALSE,M1_DIRECTION_MISMATCH
2026-09-07 19:47:37.750,1788810457.750,6797,22,111,4406.19,4406.27,8.0,PASS_<=10c,+0.0,FLAT,+0.0,+69.0,3.8,+0.00,0.00,SLOW,4405.50,4406.54,4403.14,4406.23,0.00,0.00,0.0,BEARISH,340.0,4406.19,4406.19,4406.19,4406.19,37,CLEARED_>=20s,1.0,0.0,0.0,0.0,0.0,0.0,0.0,PASS_<20%,0.00,0.0,NO,STANDBY_VEL_LOW,1,1321.86,3268.14,132.45,FALSE,M1_DIRECTION_MISMATCH
2026-09-07 19:47:38.252,1788810458.253,6798,23,112,4406.19,4406.27,8.0,PASS_<=10c,+0.0,FLAT,+0.0,+69.0,3.9,+0.00,0.00,SLOW,4405.50,4406.54,4403.14,4406.23,0.00,0.00,0.0,BEARISH,340.0,4406.19,4406.19,4406.19,4406.19,38,CLEARED_>=20s,1.0,0.0,0.0,0.0,0.0,0.0,0.0,PASS_<20%,0.00,0.0,NO,STANDBY_VEL_LOW,1,1321.86,3268.14,132.45,FALSE,M1_DIRECTION_MISMATCH
2026-09-07 19:47:38.754,1788810458.755,6799,24,113,4406.19,4406.27,8.0,PASS_<=10c,+0.0,FLAT,+0.0,+69.0,3.9,+0.00,0.00,SLOW,4405.50,4406.54,4403.14,4406.23,0.00,0.00,0.0,BEARISH,340.0,4406.19,4406.19,4406.19,4406.19,38,CLEARED_>=20s,1.0,0.0,0.0,0.0,0.0,0.0,0.0,PASS_<20%,0.00,0.0,NO,STANDBY_VEL_LOW,1,1321.86,3268.14,132.45,FALSE,M1_DIRECTION_MISMATCH
2026-09-07 19:47:39.256,1788810459.256,6800,25,114,4406.19,4406.27,8.0,PASS_<=10c,+0.0,FLAT,+0.0,+69.0,3.9,+0.00,0.00,SLOW,4405.50,4406.54,4403.14,4406.23,0.00,0.00,0.0,BEARISH,340.0,4406.19,4406.19,4406.19,4406.19,39,CLEARED_>=20s,1.0,0.0,0.0,0.0,0.0,0.0,0.0,PASS_<20%,0.00,0.0,NO,STANDBY_VEL_LOW,1,1321.86,3268.14,132.45,FALSE,M1_DIRECTION_MISMATCH
2026-09-07 19:47:39.758,1788810459.758,6801,26,115,4406.19,4406.27,8.0,PASS_<=10c,+0.0,FLAT,+0.0,+69.0,3.9,+0.00,0.00,SLOW,4405.50,4406.54,4403.14,4406.23,0.00,0.00,0.0,BEARISH,340.0,4406.19,4406.19,4406.19,4406.19,39,CLEARED_>=20s,1.0,0.0,0.0,0.0,0.0,0.0,0.0,PASS_<20%,0.00,0.0,NO,STANDBY_VEL_LOW,1,1321.86,3268.14,132.45,FALSE,M1_DIRECTION_MISMATCH
2026-09-07 19:47:40.260,1788810460.261,6802,27,116,4406.19,4406.27,8.0,PASS_<=10c,+0.0,FLAT,+0.0,+69.0,3.9,+0.00,0.00,SLOW,4405.50,4406.54,4403.14,4406.23,0.00,0.00,0.0,BEARISH,340.0,4406.19,4406.19,4406.19,4406.19,40,CLEARED_>=20s,1.0,0.0,0.0,0.0,0.0,0.0,0.0,PASS_<20%,0.00,0.0,NO,STANDBY_VEL_LOW,1,1321.86,3268.14,132.45,FALSE,M1_DIRECTION_MISMATCH
2026-09-07 19:47:40.761,1788810460.762,6803,28,117,4406.19,4406.27,8.0,PASS_<=10c,+0.0,FLAT,+0.0,+69.0,3.9,+0.00,0.00,SLOW,4405.50,4406.54,4403.14,4406.23,0.00,0.00,0.0,BEARISH,340.0,4406.19,4406.19,4406.19,4406.19,40,CLEARED_>=20s,1.0,0.0,0.0,0.0,0.0,0.0,0.0,PASS_<20%,0.00,0.0,NO,STANDBY_VEL_LOW,1,1321.86,3268.14,132.45,FALSE,M1_DIRECTION_MISMATCH
2026-09-07 19:47:41.263,1788810461.263,6804,29,118,4406.19,4406.27,8.0,PASS_<=10c,+0.0,FLAT,+0.0,+69.0,3.9,+0.00,0.00,SLOW,4405.50,4406.54,4403.14,4406.23,0.00,0.00,0.0,BEARISH,340.0,4406.19,4406.19,4406.19,4406.19,41,CLEARED_>=20s,1.0,0.0,0.0,0.0,0.0,0.0,0.0,PASS_<20%,0.00,0.0,NO,STANDBY_VEL_LOW,1,1321.86,3268.14,132.45,FALSE,M1_DIRECTION_MISMATCH
2026-09-07 19:47:41.765,1788810461.765,6805,30,119,4406.19,4406.27,8.0,PASS_<=10c,+0.0,FLAT,+0.0,+69.0,4.3,+0.00,0.00,SLOW,4405.50,4406.54,4403.14,4406.23,0.00,0.00,0.0,BEARISH,340.0,4406.19,4406.19,4406.19,4406.19,41,CLEARED_>=20s,1.0,0.0,0.0,0.0,0.0,0.0,0.0,PASS_<20%,0.00,0.0,NO,STANDBY_VEL_LOW,1,1321.86,3268.14,132.45,FALSE,M1_DIRECTION_MISMATCH
2026-09-07 19:47:42.267,1788810462.267,6806,31,120,4406.19,4406.27,8.0,PASS_<=10c,+0.0,FLAT,+0.0,+69.0,4.2,+0.00,0.00,SLOW,4405.50,4406.54,4403.14,4406.23,0.00,0.00,0.0,BEARISH,340.0,4406.19,4406.19,4406.19,4406.19,42,CLEARED_>=20s,1.0,0.0,0.0,0.0,0.0,0.0,0.0,PASS_<20%,0.00,0.0,NO,STANDBY_VEL_LOW,1,1321.86,3268.14,132.45,FALSE,M1_DIRECTION_MISMATCH
2026-09-07 19:47:42.768,1788810462.769,6807,32,121,4406.19,4406.27,8.0,PASS_<=10c,+0.0,FLAT,+0.0,+69.0,4.2,+0.00,0.00,SLOW,4405.50,4406.54,4403.14,4406.23,0.00,0.00,0.0,BEARISH,340.0,4406.19,4406.19,4406.19,4406.19,42,CLEARED_>=20s,1.0,0.0,0.0,0.0,0.0,0.0,0.0,PASS_<20%,0.00,0.0,NO,STANDBY_VEL_LOW,1,1321.86,3268.14,132.45,FALSE,M1_DIRECTION_MISMATCH
2026-09-07 19:47:43.277,1788810463.277,6808,33,122,4406.19,4406.27,8.0,PASS_<=10c,+0.0,FLAT,+0.0,+69.0,4.2,+0.00,0.00,SLOW,4405.50,4406.54,4403.14,4406.23,0.00,0.00,0.0,BEARISH,340.0,4406.19,4406.19,4406.19,4406.19,43,CLEARED_>=20s,1.0,0.0,0.0,0.0,0.0,0.0,0.0,PASS_<20%,0.00,0.0,NO,STANDBY_VEL_LOW,1,1321.86,3268.14,132.45,FALSE,M1_DIRECTION_MISMATCH
2026-09-07 19:47:43.771,1788810463.772,6809,34,123,4406.19,4406.27,8.0,PASS_<=10c,+0.0,FLAT,+0.0,+69.0,4.2,+0.00,0.00,SLOW,4405.50,4406.54,4403.14,4406.23,0.00,0.00,0.0,BEARISH,340.0,4406.19,4406.19,4406.19,4406.19,43,CLEARED_>=20s,1.0,0.0,0.0,0.0,0.0,0.0,0.0,PASS_<20%,0.00,0.0,NO,STANDBY_VEL_LOW,1,1321.86,3268.14,132.45,FALSE,M1_DIRECTION_MISMATCH
2026-09-07 19:47:44.273,1788810464.274,6810,35,124,4406.19,4406.27,8.0,PASS_<=10c,+0.0,FLAT,+0.0,+69.0,4.2,+0.00,0.00,SLOW,4405.50,4406.54,4403.14,4406.23,0.00,0.00,0.0,BEARISH,340.0,4406.19,4406.19,4406.19,4406.19,44,CLEARED_>=20s,1.0,0.0,0.0,0.0,0.0,0.0,0.0,PASS_<20%,0.00,0.0,NO,STANDBY_VEL_LOW,1,1321.86,3268.14,132.45,FALSE,M1_DIRECTION_MISMATCH
2026-09-07 19:47:44.775,1788810464.775,6811,36,125,4406.19,4406.27,8.0,PASS_<=10c,+0.0,FLAT,+0.0,+69.0,4.2,+0.00,0.00,SLOW,4405.50,4406.54,4403.14,4406.23,0.00,0.00,0.0,BEARISH,340.0,4406.19,4406.19,4406.19,4406.19,44,CLEARED_>=20s,1.0,0.0,0.0,0.0,0.0,0.0,0.0,PASS_<20%,0.00,0.0,NO,STANDBY_VEL_LOW,1,1321.86,3268.14,132.45,FALSE,M1_DIRECTION_MISMATCH
2026-09-07 19:47:50.289,1788810470.290,6812,37,126,4406.19,4406.27,8.0,PASS_<=10c,+0.0,FLAT,+0.0,+69.0,1.6,+0.00,0.00,SLOW,4405.50,4406.54,4403.14,4406.23,0.00,0.00,0.0,BEARISH,340.0,4406.19,4406.19,4406.19,4406.19,50,CLEARED_>=20s,1.0,0.0,0.0,0.0,0.0,0.0,0.0,PASS_<20%,0.00,0.0,NO,STANDBY_VEL_LOW,1,1321.86,3268.14,132.45,FALSE,M1_DIRECTION_MISMATCH
2026-09-07 19:48:00.524,1788810480.524,6813,1,127,4406.19,4406.27,8.0,PASS_<=10c,+0.0,FLAT,+0.0,+69.0,1.3,+0.00,0.00,SLOW,4405.50,4406.54,4403.14,4406.23,0.00,0.00,0.0,BEARISH,340.0,4406.19,4406.19,4406.19,4406.19,0,ACTIVE_0s,1.0,0.0,0.0,0.0,0.0,0.0,0.0,PASS_<20%,0.00,0.0,NO,STANDBY_VEL_LOW,1,1321.86,3268.14,132.45,FALSE,M1_DIRECTION_MISMATCH|OPENING_SHIELD_ACTIVE_0s
2026-09-07 19:48:00.879,1788810480.880,6814,2,128,4406.19,4406.27,8.0,PASS_<=10c,+0.0,FLAT,+0.0,+69.0,3.0,+0.00,0.00,SLOW,4405.50,4406.54,4403.14,4406.23,0.00,0.00,0.0,BEARISH,340.0,4406.19,4406.19,4406.19,4406.19,0,ACTIVE_0s,1.0,0.0,0.0,0.0,0.0,0.0,0.0,PASS_<20%,0.00,0.0,NO,STANDBY_VEL_LOW,1,1321.86,3268.14,132.45,FALSE,M1_DIRECTION_MISMATCH|OPENING_SHIELD_ACTIVE_0s
2026-09-07 19:48:01.381,1788810481.382,6815,3,129,4406.19,4406.27,8.0,PASS_<=10c,+0.0,FLAT,+0.0,+69.0,5.0,+0.00,0.00,SLOW,4405.50,4406.54,4403.14,4406.23,0.00,0.00,0.0,BEARISH,340.0,4406.19,4406.19,4406.19,4406.19,1,ACTIVE_1s,1.0,0.0,0.0,0.0,0.0,0.0,0.0,PASS_<20%,0.00,0.0,NO,STANDBY_VEL_LOW,1,1321.86,3268.14,132.45,FALSE,M1_DIRECTION_MISMATCH|OPENING_SHIELD_ACTIVE_1s
2026-09-07 19:48:01.883,1788810481.884,6816,4,130,4406.19,4406.27,8.0,PASS_<=10c,+0.0,FLAT,+0.0,+69.0,5.1,+0.00,0.00,SLOW,4405.50,4406.54,4403.14,4406.23,0.00,0.00,0.0,BEARISH,340.0,4406.19,4406.19,4406.19,4406.19,1,ACTIVE_1s,1.0,0.0,0.0,0.0,0.0,0.0,0.0,PASS_<20%,0.00,0.0,NO,STANDBY_VEL_LOW,1,1321.86,3268.14,132.45,FALSE,M1_DIRECTION_MISMATCH|OPENING_SHIELD_ACTIVE_1s
2026-09-07 19:48:02.386,1788810482.387,6817,5,131,4406.19,4406.27,8.0,PASS_<=10c,+0.0,FLAT,+0.0,+69.0,4.8,+0.00,0.00,SLOW,4405.50,4406.54,4403.14,4406.23,0.00,0.00,0.0,BEARISH,340.0,4406.19,4406.19,4406.19,4406.19,2,ACTIVE_2s,1.0,0.0,0.0,0.0,0.0,0.0,0.0,PASS_<20%,0.00,0.0,NO,STANDBY_VEL_LOW,1,1321.86,3268.14,132.45,FALSE,M1_DIRECTION_MISMATCH|OPENING_SHIELD_ACTIVE_2s
2026-09-07 19:48:02.886,1788810482.887,6818,6,132,4406.19,4406.27,8.0,PASS_<=10c,+0.0,FLAT,+0.0,+69.0,4.7,+0.00,0.00,SLOW,4405.50,4406.54,4403.14,4406.23,0.00,0.00,0.0,BEARISH,340.0,4406.19,4406.19,4406.19,4406.19,2,ACTIVE_2s,1.0,0.0,0.0,0.0,0.0,0.0,0.0,PASS_<20%,0.00,0.0,NO,STANDBY_VEL_LOW,1,1321.86,3268.14,132.45,FALSE,M1_DIRECTION_MISMATCH|OPENING_SHIELD_ACTIVE_2s
2026-09-07 19:48:03.389,1788810483.390,6819,7,133,4406.19,4406.27,8.0,PASS_<=10c,+0.0,FLAT,+0.0,+69.0,4.5,+0.00,0.00,SLOW,4405.50,4406.54,4403.14,4406.23,0.00,0.00,0.0,BEARISH,340.0,4406.19,4406.19,4406.19,4406.19,3,ACTIVE_3s,1.0,0.0,0.0,0.0,0.0,0.0,0.0,PASS_<20%,0.00,0.0,NO,STANDBY_VEL_LOW,1,1321.86,3268.14,132.45,FALSE,M1_DIRECTION_MISMATCH|OPENING_SHIELD_ACTIVE_3s
2026-09-07 19:48:03.893,1788810483.893,6820,8,134,4406.19,4406.27,8.0,PASS_<=10c,+0.0,FLAT,+0.0,+69.0,4.5,+0.00,0.00,SLOW,4405.50,4406.54,4403.14,4406.23,0.00,0.00,0.0,BEARISH,340.0,4406.19,4406.19,4406.19,4406.19,3,ACTIVE_3s,1.0,0.0,0.0,0.0,0.0,0.0,0.0,PASS_<20%,0.00,0.0,NO,STANDBY_VEL_LOW,1,1321.86,3268.14,132.45,FALSE,M1_DIRECTION_MISMATCH|OPENING_SHIELD_ACTIVE_3s
2026-09-07 19:48:04.394,1788810484.394,6821,9,135,4406.19,4406.27,8.0,PASS_<=10c,+0.0,FLAT,+0.0,+69.0,4.4,+0.00,0.00,SLOW,4405.50,4406.54,4403.14,4406.23,0.00,0.00,0.0,BEARISH,340.0,4406.19,4406.19,4406.19,4406.19,4,ACTIVE_4s,1.0,0.0,0.0,0.0,0.0,0.0,0.0,PASS_<20%,0.00,0.0,NO,STANDBY_VEL_LOW,1,1321.86,3268.14,132.45,FALSE,M1_DIRECTION_MISMATCH|OPENING_SHIELD_ACTIVE_4s
2026-09-07 19:48:04.895,1788810484.896,6822,10,136,4406.19,4406.27,8.0,PASS_<=10c,+0.0,FLAT,+0.0,+69.0,4.3,+0.00,0.00,SLOW,4405.50,4406.54,4403.14,4406.23,0.00,0.00,0.0,BEARISH,340.0,4406.19,4406.19,4406.19,4406.19,4,ACTIVE_4s,1.0,0.0,0.0,0.0,0.0,0.0,0.0,PASS_<20%,0.00,0.0,NO,STANDBY_VEL_LOW,1,1321.86,3268.14,132.45,FALSE,M1_DIRECTION_MISMATCH|OPENING_SHIELD_ACTIVE_4s
2026-09-07 19:48:05.396,1788810485.397,6823,11,137,4406.19,4406.27,8.0,PASS_<=10c,+0.0,FLAT,+0.0,+69.0,4.3,+0.00,0.00,SLOW,4405.50,4406.54,4403.14,4406.23,0.00,0.00,0.0,BEARISH,340.0,4406.19,4406.19,4406.19,4406.19,5,ACTIVE_5s,1.0,0.0,0.0,0.0,0.0,0.0,0.0,PASS_<20%,0.00,0.0,NO,STANDBY_VEL_LOW,1,1321.86,3268.14,132.45,FALSE,M1_DIRECTION_MISMATCH|OPENING_SHIELD_ACTIVE_5s
2026-09-07 19:48:05.899,1788810485.899,6824,12,138,4406.19,4406.27,8.0,PASS_<=10c,+0.0,FLAT,+0.0,+69.0,4.2,+0.00,0.00,SLOW,4405.50,4406.54,4403.14,4406.23,0.00,0.00,0.0,BEARISH,340.0,4406.19,4406.19,4406.19,4406.19,5,ACTIVE_5s,1.0,0.0,0.0,0.0,0.0,0.0,0.0,PASS_<20%,0.00,0.0,NO,STANDBY_VEL_LOW,1,1321.86,3268.14,132.45,FALSE,M1_DIRECTION_MISMATCH|OPENING_SHIELD_ACTIVE_5s
2026-09-07 19:48:06.402,1788810486.402,6825,13,139,4406.19,4406.27,8.0,PASS_<=10c,+0.0,FLAT,+0.0,+69.0,4.2,+0.00,0.00,SLOW,4405.50,4406.54,4403.14,4406.23,0.00,0.00,0.0,BEARISH,340.0,4406.19,4406.19,4406.19,4406.19,6,ACTIVE_6s,1.0,0.0,0.0,0.0,0.0,0.0,0.0,PASS_<20%,0.00,0.0,NO,STANDBY_VEL_LOW,1,1321.86,3268.14,132.45,FALSE,M1_DIRECTION_MISMATCH|OPENING_SHIELD_ACTIVE_6s
2026-09-07 19:48:06.905,1788810486.905,6826,14,140,4406.19,4406.27,8.0,PASS_<=10c,+0.0,FLAT,+0.0,+69.0,4.2,+0.00,0.00,SLOW,4405.50,4406.54,4403.14,4406.23,0.00,0.00,0.0,BEARISH,340.0,4406.19,4406.19,4406.19,4406.19,6,ACTIVE_6s,1.0,0.0,0.0,0.0,0.0,0.0,0.0,PASS_<20%,0.00,0.0,NO,STANDBY_VEL_LOW,1,1321.86,3268.14,132.45,FALSE,M1_DIRECTION_MISMATCH|OPENING_SHIELD_ACTIVE_6s
2026-09-07 19:48:07.405,1788810487.406,6827,15,141,4406.19,4406.27,8.0,PASS_<=10c,+0.0,FLAT,+0.0,+69.0,4.2,+0.00,0.00,SLOW,4405.50,4406.54,4403.14,4406.23,0.00,0.00,0.0,BEARISH,340.0,4406.19,4406.19,4406.19,4406.19,7,ACTIVE_7s,1.0,0.0,0.0,0.0,0.0,0.0,0.0,PASS_<20%,0.00,0.0,NO,STANDBY_VEL_LOW,1,1321.86,3268.14,132.45,FALSE,M1_DIRECTION_MISMATCH|OPENING_SHIELD_ACTIVE_7s
2026-09-07 19:48:07.907,1788810487.907,6828,16,142,4406.19,4406.27,8.0,PASS_<=10c,+0.0,FLAT,+0.0,+69.0,4.2,+0.00,0.00,SLOW,4405.50,4406.54,4403.14,4406.23,0.00,0.00,0.0,BEARISH,340.0,4406.19,4406.19,4406.19,4406.19,7,ACTIVE_7s,1.0,0.0,0.0,0.0,0.0,0.0,0.0,PASS_<20%,0.00,0.0,NO,STANDBY_VEL_LOW,1,1321.86,3268.14,132.45,FALSE,M1_DIRECTION_MISMATCH|OPENING_SHIELD_ACTIVE_7s
2026-09-07 19:48:08.409,1788810488.409,6829,17,143,4406.19,4406.27,8.0,PASS_<=10c,+0.0,FLAT,+0.0,+69.0,4.2,+0.00,0.00,SLOW,4405.50,4406.54,4403.14,4406.23,0.00,0.00,0.0,BEARISH,340.0,4406.19,4406.19,4406.19,4406.19,8,ACTIVE_8s,1.0,0.0,0.0,0.0,0.0,0.0,0.0,PASS_<20%,0.00,0.0,NO,STANDBY_VEL_LOW,1,1321.86,3268.14,132.45,FALSE,M1_DIRECTION_MISMATCH|OPENING_SHIELD_ACTIVE_8s
2026-09-07 19:48:13.924,1788810493.924,6830,18,144,4406.19,4406.27,8.0,PASS_<=10c,+0.0,FLAT,+0.0,+69.0,1.7,+0.00,0.00,SLOW,4405.50,4406.54,4403.14,4406.23,0.00,0.00,0.0,BEARISH,340.0,4406.19,4406.19,4406.19,4406.19,13,ACTIVE_13s,1.0,0.0,0.0,0.0,0.0,0.0,0.0,PASS_<20%,0.00,0.0,NO,STANDBY_VEL_LOW,1,1321.86,3268.14,132.45,FALSE,M1_DIRECTION_MISMATCH|OPENING_SHIELD_ACTIVE_13s
2026-09-07 19:48:24.187,1788810504.187,6831,19,145,4406.19,4406.27,8.0,PASS_<=10c,+0.0,FLAT,+0.0,+69.0,1.3,+0.00,0.00,SLOW,4405.50,4406.54,4403.14,4406.23,0.00,0.00,0.0,BEARISH,340.0,4406.19,4406.19,4406.19,4406.19,24,CLEARED_>=20s,1.0,0.0,0.0,0.0,0.0,0.0,0.0,PASS_<20%,0.00,0.0,NO,STANDBY_VEL_LOW,1,1321.86,3268.14,132.45,FALSE,M1_DIRECTION_MISMATCH
2026-09-07 19:48:25.595,1788810505.596,6832,20,146,4406.19,4406.27,8.0,PASS_<=10c,+0.0,FLAT,+0.0,+69.0,2.1,+0.00,0.00,SLOW,4405.50,4406.54,4403.14,4406.23,0.00,0.00,0.0,BEARISH,340.0,4406.19,4406.19,4406.19,4406.19,25,CLEARED_>=20s,1.0,0.0,0.0,0.0,0.0,0.0,0.0,PASS_<20%,0.00,0.0,NO,STANDBY_VEL_LOW,1,1321.86,3268.14,132.45,FALSE,M1_DIRECTION_MISMATCH
2026-09-07 19:48:26.097,1788810506.097,6833,21,147,4406.19,4406.27,8.0,PASS_<=10c,+0.0,FLAT,+0.0,+69.0,2.6,+0.00,0.00,SLOW,4405.50,4406.54,4403.14,4406.23,0.00,0.00,0.0,BEARISH,340.0,4406.19,4406.19,4406.19,4406.19,26,CLEARED_>=20s,1.0,0.0,0.0,0.0,0.0,0.0,0.0,PASS_<20%,0.00,0.0,NO,STANDBY_VEL_LOW,1,1321.86,3268.14,132.45,FALSE,M1_DIRECTION_MISMATCH
2026-09-07 19:48:26.599,1788810506.600,6834,22,148,4406.19,4406.27,8.0,PASS_<=10c,+0.0,FLAT,+0.0,+69.0,2.9,+0.00,0.00,SLOW,4405.50,4406.54,4403.14,4406.23,0.00,0.00,0.0,BEARISH,340.0,4406.19,4406.19,4406.19,4406.19,26,CLEARED_>=20s,1.0,0.0,0.0,0.0,0.0,0.0,0.0,PASS_<20%,0.00,0.0,NO,STANDBY_VEL_LOW,1,1321.86,3268.14,132.45,FALSE,M1_DIRECTION_MISMATCH
2026-09-07 19:48:27.102,1788810507.102,6835,23,149,4406.19,4406.27,8.0,PASS_<=10c,+0.0,FLAT,+0.0,+69.0,3.1,+0.00,0.00,SLOW,4405.50,4406.54,4403.14,4406.23,0.00,0.00,0.0,BEARISH,340.0,4406.19,4406.19,4406.19,4406.19,27,CLEARED_>=20s,1.0,0.0,0.0,0.0,0.0,0.0,0.0,PASS_<20%,0.00,0.0,NO,STANDBY_VEL_LOW,1,1321.86,3268.14,132.45,FALSE,M1_DIRECTION_MISMATCH
2026-09-07 19:48:27.604,1788810507.604,6836,24,150,4406.19,4406.27,8.0,PASS_<=10c,+0.0,FLAT,+0.0,+69.0,3.2,+0.00,0.00,SLOW,4405.50,4406.54,4403.14,4406.23,0.00,0.00,0.0,BEARISH,340.0,4406.19,4406.19,4406.19,4406.19,27,CLEARED_>=20s,1.0,0.0,0.0,0.0,0.0,0.0,0.0,PASS_<20%,0.00,0.0,NO,STANDBY_VEL_LOW,1,1321.86,3268.14,132.45,FALSE,M1_DIRECTION_MISMATCH
2026-09-07 19:48:28.105,1788810508.106,6837,25,151,4406.19,4406.27,8.0,PASS_<=10c,+0.0,FLAT,+0.0,+69.0,3.3,+0.00,0.00,SLOW,4405.50,4406.54,4403.14,4406.23,0.00,0.00,0.0,BEARISH,340.0,4406.19,4406.19,4406.19,4406.19,28,CLEARED_>=20s,1.0,0.0,0.0,0.0,0.0,0.0,0.0,PASS_<20%,0.00,0.0,NO,STANDBY_VEL_LOW,1,1321.86,3268.14,132.45,FALSE,M1_DIRECTION_MISMATCH
2026-09-07 19:48:28.607,1788810508.607,6838,26,152,4406.19,4406.27,8.0,PASS_<=10c,+0.0,FLAT,+0.0,+69.0,3.4,+0.00,0.00,SLOW,4405.50,4406.54,4403.14,4406.23,0.00,0.00,0.0,BEARISH,340.0,4406.19,4406.19,4406.19,4406.19,28,CLEARED_>=20s,1.0,0.0,0.0,0.0,0.0,0.0,0.0,PASS_<20%,0.00,0.0,NO,STANDBY_VEL_LOW,1,1321.86,3268.14,132.45,FALSE,M1_DIRECTION_MISMATCH
2026-09-07 19:48:29.109,1788810509.109,6839,27,153,4406.19,4406.27,8.0,PASS_<=10c,+0.0,FLAT,+0.0,+69.0,3.5,+0.00,0.00,SLOW,4405.50,4406.54,4403.14,4406.23,0.00,0.00,0.0,BEARISH,340.0,4406.19,4406.19,4406.19,4406.19,29,CLEARED_>=20s,1.0,0.0,0.0,0.0,0.0,0.0,0.0,PASS_<20%,0.00,0.0,NO,STANDBY_VEL_LOW,1,1321.86,3268.14,132.45,FALSE,M1_DIRECTION_MISMATCH
2026-09-07 19:48:29.610,1788810509.611,6840,28,154,4406.19,4406.27,8.0,PASS_<=10c,+0.0,FLAT,+0.0,+69.0,4.4,+0.00,0.00,SLOW,4405.50,4406.54,4403.14,4406.23,0.00,0.00,0.0,BEARISH,340.0,4406.19,4406.19,4406.19,4406.19,29,CLEARED_>=20s,1.0,0.0,0.0,0.0,0.0,0.0,0.0,PASS_<20%,0.00,0.0,NO,STANDBY_VEL_LOW,1,1321.86,3268.14,132.45,FALSE,M1_DIRECTION_MISMATCH
2026-09-07 19:48:30.111,1788810510.112,6841,29,155,4406.19,4406.27,8.0,PASS_<=10c,+0.0,FLAT,+0.0,+69.0,4.3,+0.00,0.00,SLOW,4405.50,4406.54,4403.14,4406.23,0.00,0.00,0.0,BEARISH,340.0,4406.19,4406.19,4406.19,4406.19,30,CLEARED_>=20s,1.0,0.0,0.0,0.0,0.0,0.0,0.0,PASS_<20%,0.00,0.0,NO,STANDBY_VEL_LOW,1,1321.86,3268.14,132.45,FALSE,M1_DIRECTION_MISMATCH
2026-09-07 19:48:30.613,1788810510.614,6842,30,156,4406.19,4406.27,8.0,PASS_<=10c,+0.0,FLAT,+0.0,+69.0,4.2,+0.00,0.00,SLOW,4405.50,4406.54,4403.14,4406.23,0.00,0.00,0.0,BEARISH,340.0,4406.19,4406.19,4406.19,4406.19,30,CLEARED_>=20s,1.0,0.0,0.0,0.0,0.0,0.0,0.0,PASS_<20%,0.00,0.0,NO,STANDBY_VEL_LOW,1,1321.86,3268.14,132.45,FALSE,M1_DIRECTION_MISMATCH
2026-09-07 19:48:31.115,1788810511.115,6843,31,157,4406.19,4406.27,8.0,PASS_<=10c,+0.0,FLAT,+0.0,+69.0,4.2,+0.00,0.00,SLOW,4405.50,4406.54,4403.14,4406.23,0.00,0.00,0.0,BEARISH,340.0,4406.19,4406.19,4406.19,4406.19,31,CLEARED_>=20s,1.0,0.0,0.0,0.0,0.0,0.0,0.0,PASS_<20%,0.00,0.0,NO,STANDBY_VEL_LOW,1,1321.86,3268.14,132.45,FALSE,M1_DIRECTION_MISMATCH
2026-09-07 19:48:31.617,1788810511.618,6844,32,158,4406.19,4406.27,8.0,PASS_<=10c,+0.0,FLAT,+0.0,+69.0,4.2,+0.00,0.00,SLOW,4405.50,4406.54,4403.14,4406.23,0.00,0.00,0.0,BEARISH,340.0,4406.19,4406.19,4406.19,4406.19,31,CLEARED_>=20s,1.0,0.0,0.0,0.0,0.0,0.0,0.0,PASS_<20%,0.00,0.0,NO,STANDBY_VEL_LOW,1,1321.86,3268.14,132.45,FALSE,M1_DIRECTION_MISMATCH
2026-09-07 19:48:32.118,1788810512.119,6845,33,159,4406.19,4406.27,8.0,PASS_<=10c,+0.0,FLAT,+0.0,+69.0,4.2,+0.00,0.00,SLOW,4405.50,4406.54,4403.14,4406.23,0.00,0.00,0.0,BEARISH,340.0,4406.19,4406.19,4406.19,4406.19,32,CLEARED_>=20s,1.0,0.0,0.0,0.0,0.0,0.0,0.0,PASS_<20%,0.00,0.0,NO,STANDBY_VEL_LOW,1,1321.86,3268.14,132.45,FALSE,M1_DIRECTION_MISMATCH
2026-09-07 19:48:32.620,1788810512.620,6846,34,160,4406.19,4406.27,8.0,PASS_<=10c,+0.0,FLAT,+0.0,+69.0,4.2,+0.00,0.00,SLOW,4405.50,4406.54,4403.14,4406.23,0.00,0.00,0.0,BEARISH,340.0,4406.19,4406.19,4406.19,4406.19,32,CLEARED_>=20s,1.0,0.0,0.0,0.0,0.0,0.0,0.0,PASS_<20%,0.00,0.0,NO,STANDBY_VEL_LOW,1,1321.86,3268.14,132.45,FALSE,M1_DIRECTION_MISMATCH
2026-09-07 19:48:33.121,1788810513.122,6847,35,161,4406.19,4406.27,8.0,PASS_<=10c,+0.0,FLAT,+0.0,+69.0,4.2,+0.00,0.00,SLOW,4405.50,4406.54,4403.14,4406.23,0.00,0.00,0.0,BEARISH,340.0,4406.19,4406.19,4406.19,4406.19,33,CLEARED_>=20s,1.0,0.0,0.0,0.0,0.0,0.0,0.0,PASS_<20%,0.00,0.0,NO,STANDBY_VEL_LOW,1,1321.86,3268.14,132.45,FALSE,M1_DIRECTION_MISMATCH
2026-09-07 19:48:33.623,1788810513.623,6848,36,162,4406.19,4406.27,8.0,PASS_<=10c,+0.0,FLAT,+0.0,+69.0,4.2,+0.00,0.00,SLOW,4405.50,4406.54,4403.14,4406.23,0.00,0.00,0.0,BEARISH,340.0,4406.19,4406.19,4406.19,4406.19,33,CLEARED_>=20s,1.0,0.0,0.0,0.0,0.0,0.0,0.0,PASS_<20%,0.00,0.0,NO,STANDBY_VEL_LOW,1,1321.86,3268.14,132.45,FALSE,M1_DIRECTION_MISMATCH
2026-09-07 19:48:44.009,1788810524.009,6849,37,163,4406.19,4406.27,8.0,PASS_<=10c,+0.0,FLAT,+0.0,+69.0,1.3,+0.00,0.00,SLOW,4405.50,4406.54,4403.14,4406.23,0.00,0.00,0.0,BEARISH,340.0,4406.19,4406.19,4406.19,4406.19,44,CLEARED_>=20s,1.0,0.0,0.0,0.0,0.0,0.0,0.0,PASS_<20%,0.00,0.0,NO,STANDBY_VEL_LOW,1,1321.86,3268.14,132.45,FALSE,M1_DIRECTION_MISMATCH
2026-09-07 19:48:50.431,1788810530.431,6850,38,164,4406.19,4406.27,8.0,PASS_<=10c,+0.0,FLAT,+0.0,+69.0,1.5,+0.00,0.00,SLOW,4405.50,4406.54,4403.14,4406.23,0.00,0.00,0.0,BEARISH,340.0,4406.19,4406.19,4406.19,4406.19,50,CLEARED_>=20s,1.0,0.0,0.0,0.0,0.0,0.0,0.0,PASS_<20%,0.00,0.0,NO,STANDBY_VEL_LOW,1,1321.86,3268.14,132.45,FALSE,M1_DIRECTION_MISMATCH
2026-09-07 19:48:50.785,1788810530.786,6851,39,165,4406.19,4406.27,8.0,PASS_<=10c,+0.0,FLAT,+0.0,+69.0,2.4,+0.00,0.00,SLOW,4405.50,4406.54,4403.14,4406.23,0.00,0.00,0.0,BEARISH,340.0,4406.19,4406.19,4406.19,4406.19,50,CLEARED_>=20s,1.0,0.0,0.0,0.0,0.0,0.0,0.0,PASS_<20%,0.00,0.0,NO,STANDBY_VEL_LOW,1,1321.86,3268.14,132.45,FALSE,M1_DIRECTION_MISMATCH
2026-09-07 19:48:51.287,1788810531.287,6852,40,166,4406.19,4406.27,8.0,PASS_<=10c,+0.0,FLAT,+0.0,+69.0,2.8,+0.00,0.00,SLOW,4405.50,4406.54,4403.14,4406.23,0.00,0.00,0.0,BEARISH,340.0,4406.19,4406.19,4406.19,4406.19,51,CLEARED_>=20s,1.0,0.0,0.0,0.0,0.0,0.0,0.0,PASS_<20%,0.00,0.0,NO,STANDBY_VEL_LOW,1,1321.86,3268.14,132.45,FALSE,M1_DIRECTION_MISMATCH
2026-09-07 19:48:51.788,1788810531.789,6853,41,167,4406.19,4406.27,8.0,PASS_<=10c,+0.0,FLAT,+0.0,+69.0,3.0,+0.00,0.00,SLOW,4405.50,4406.54,4403.14,4406.23,0.00,0.00,0.0,BEARISH,340.0,4406.19,4406.19,4406.19,4406.19,51,CLEARED_>=20s,1.0,0.0,0.0,0.0,0.0,0.0,0.0,PASS_<20%,0.00,0.0,NO,STANDBY_VEL_LOW,1,1321.86,3268.14,132.45,FALSE,M1_DIRECTION_MISMATCH
2026-09-07 19:48:52.289,1788810532.290,6854,42,168,4406.19,4406.27,8.0,PASS_<=10c,+0.0,FLAT,+0.0,+69.0,3.2,+0.00,0.00,SLOW,4405.50,4406.54,4403.14,4406.23,0.00,0.00,0.0,BEARISH,340.0,4406.19,4406.19,4406.19,4406.19,52,CLEARED_>=20s,1.0,0.0,0.0,0.0,0.0,0.0,0.0,PASS_<20%,0.00,0.0,NO,STANDBY_VEL_LOW,1,1321.86,3268.14,132.45,FALSE,M1_DIRECTION_MISMATCH
2026-09-07 19:48:52.791,1788810532.791,6855,43,169,4406.19,4406.27,8.0,PASS_<=10c,+0.0,FLAT,+0.0,+69.0,3.3,+0.00,0.00,SLOW,4405.50,4406.54,4403.14,4406.23,0.00,0.00,0.0,BEARISH,340.0,4406.19,4406.19,4406.19,4406.19,52,CLEARED_>=20s,1.0,0.0,0.0,0.0,0.0,0.0,0.0,PASS_<20%,0.00,0.0,NO,STANDBY_VEL_LOW,1,1321.86,3268.14,132.45,FALSE,M1_DIRECTION_MISMATCH
2026-09-07 19:48:53.294,1788810533.294,6856,44,170,4406.19,4406.27,8.0,PASS_<=10c,+0.0,FLAT,+0.0,+69.0,3.4,+0.00,0.00,SLOW,4405.50,4406.54,4403.14,4406.23,0.00,0.00,0.0,BEARISH,340.0,4406.19,4406.19,4406.19,4406.19,53,CLEARED_>=20s,1.0,0.0,0.0,0.0,0.0,0.0,0.0,PASS_<20%,0.00,0.0,NO,STANDBY_VEL_LOW,1,1321.86,3268.14,132.45,FALSE,M1_DIRECTION_MISMATCH
2026-09-07 19:48:53.795,1788810533.795,6857,45,171,4406.19,4406.27,8.0,PASS_<=10c,+0.0,FLAT,+0.0,+69.0,3.4,+0.00,0.00,SLOW,4405.50,4406.54,4403.14,4406.23,0.00,0.00,0.0,BEARISH,340.0,4406.19,4406.19,4406.19,4406.19,53,CLEARED_>=20s,1.0,0.0,0.0,0.0,0.0,0.0,0.0,PASS_<20%,0.00,0.0,NO,STANDBY_VEL_LOW,1,1321.86,3268.14,132.45,FALSE,M1_DIRECTION_MISMATCH
2026-09-07 19:48:54.297,1788810534.298,6858,46,172,4406.19,4406.27,8.0,PASS_<=10c,+0.0,FLAT,+0.0,+69.0,4.4,+0.00,0.00,SLOW,4405.50,4406.54,4403.14,4406.23,0.00,0.00,0.0,BEARISH,340.0,4406.19,4406.19,4406.19,4406.19,54,CLEARED_>=20s,1.0,0.0,0.0,0.0,0.0,0.0,0.0,PASS_<20%,0.00,0.0,NO,STANDBY_VEL_LOW,1,1321.86,3268.14,132.45,FALSE,M1_DIRECTION_MISMATCH
2026-09-07 19:48:54.798,1788810534.799,6859,47,173,4406.19,4406.27,8.0,PASS_<=10c,+0.0,FLAT,+0.0,+69.0,4.4,+0.00,0.00,SLOW,4405.50,4406.54,4403.14,4406.23,0.00,0.00,0.0,BEARISH,340.0,4406.19,4406.19,4406.19,4406.19,54,CLEARED_>=20s,1.0,0.0,0.0,0.0,0.0,0.0,0.0,PASS_<20%,0.00,0.0,NO,STANDBY_VEL_LOW,1,1321.86,3268.14,132.45,FALSE,M1_DIRECTION_MISMATCH
2026-09-07 19:48:55.300,1788810535.301,6860,48,174,4406.19,4406.27,8.0,PASS_<=10c,+0.0,FLAT,+0.0,+69.0,4.3,+0.00,0.00,SLOW,4405.50,4406.54,4403.14,4406.23,0.00,0.00,0.0,BEARISH,340.0,4406.19,4406.19,4406.19,4406.19,55,CLEARED_>=20s,1.0,0.0,0.0,0.0,0.0,0.0,0.0,PASS_<20%,0.00,0.0,NO,STANDBY_VEL_LOW,1,1321.86,3268.14,132.45,FALSE,M1_DIRECTION_MISMATCH
2026-09-07 19:48:55.801,1788810535.802,6861,49,175,4406.19,4406.27,8.0,PASS_<=10c,+0.0,FLAT,+0.0,+69.0,4.2,+0.00,0.00,SLOW,4405.50,4406.54,4403.14,4406.23,0.00,0.00,0.0,BEARISH,340.0,4406.19,4406.19,4406.19,4406.19,55,CLEARED_>=20s,1.0,0.0,0.0,0.0,0.0,0.0,0.0,PASS_<20%,0.00,0.0,NO,STANDBY_VEL_LOW,1,1321.86,3268.14,132.45,FALSE,M1_DIRECTION_MISMATCH
2026-09-07 19:48:56.304,1788810536.304,6862,50,176,4406.19,4406.27,8.0,PASS_<=10c,+0.0,FLAT,+0.0,+69.0,4.2,+0.00,0.00,SLOW,4405.50,4406.54,4403.14,4406.23,0.00,0.00,0.0,BEARISH,340.0,4406.19,4406.19,4406.19,4406.19,56,CLEARED_>=20s,1.0,0.0,0.0,0.0,0.0,0.0,0.0,PASS_<20%,0.00,0.0,NO,STANDBY_VEL_LOW,1,1321.86,3268.14,132.45,FALSE,M1_DIRECTION_MISMATCH
2026-09-07 19:48:56.807,1788810536.807,6863,51,177,4406.19,4406.27,8.0,PASS_<=10c,+0.0,FLAT,+0.0,+69.0,4.2,+0.00,0.00,SLOW,4405.50,4406.54,4403.14,4406.23,0.00,0.00,0.0,BEARISH,340.0,4406.19,4406.19,4406.19,4406.19,56,CLEARED_>=20s,1.0,0.0,0.0,0.0,0.0,0.0,0.0,PASS_<20%,0.00,0.0,NO,STANDBY_VEL_LOW,1,1321.86,3268.14,132.45,FALSE,M1_DIRECTION_MISMATCH
2026-09-07 19:48:57.308,1788810537.308,6864,52,178,4406.19,4406.27,8.0,PASS_<=10c,+0.0,FLAT,+0.0,+69.0,4.2,+0.00,0.00,SLOW,4405.50,4406.54,4403.14,4406.23,0.00,0.00,0.0,BEARISH,340.0,4406.19,4406.19,4406.19,4406.19,57,CLEARED_>=20s,1.0,0.0,0.0,0.0,0.0,0.0,0.0,PASS_<20%,0.00,0.0,NO,STANDBY_VEL_LOW,1,1321.86,3268.14,132.45,FALSE,M1_DIRECTION_MISMATCH
2026-09-07 19:48:57.809,1788810537.810,6865,53,179,4406.19,4406.27,8.0,PASS_<=10c,+0.0,FLAT,+0.0,+69.0,4.2,+0.00,0.00,SLOW,4405.50,4406.54,4403.14,4406.23,0.00,0.00,0.0,BEARISH,340.0,4406.19,4406.19,4406.19,4406.19,57,CLEARED_>=20s,1.0,0.0,0.0,0.0,0.0,0.0,0.0,PASS_<20%,0.00,0.0,NO,STANDBY_VEL_LOW,1,1321.86,3268.14,132.45,FALSE,M1_DIRECTION_MISMATCH
2026-09-07 19:48:58.311,1788810538.311,6866,54,180,4406.19,4406.27,8.0,PASS_<=10c,+0.0,FLAT,+0.0,+69.0,4.2,+0.00,0.00,SLOW,4405.50,4406.54,4403.14,4406.23,0.00,0.00,0.0,BEARISH,340.0,4406.19,4406.19,4406.19,4406.19,58,CLEARED_>=20s,1.0,0.0,0.0,0.0,0.0,0.0,0.0,PASS_<20%,0.00,0.0,NO,STANDBY_VEL_LOW,1,1321.86,3268.14,132.45,FALSE,M1_DIRECTION_MISMATCH
2026-09-07 19:49:03.824,1788810543.825,6867,1,181,4406.19,4406.27,8.0,PASS_<=10c,+0.0,FLAT,+0.0,+69.0,1.6,+0.00,0.00,SLOW,4405.50,4406.54,4403.14,4406.23,0.00,0.00,0.0,BEARISH,340.0,4406.19,4406.19,4406.19,4406.19,3,ACTIVE_3s,1.0,0.0,0.0,0.0,0.0,0.0,0.0,PASS_<20%,0.00,0.0,NO,STANDBY_VEL_LOW,1,1321.86,3268.14,132.45,FALSE,M1_DIRECTION_MISMATCH|OPENING_SHIELD_ACTIVE_3s
2026-09-07 19:49:14.059,1788810554.060,6868,2,182,4406.19,4406.27,8.0,PASS_<=10c,+0.0,FLAT,+0.0,+69.0,1.4,+0.00,0.00,SLOW,4405.50,4406.54,4403.14,4406.23,0.00,0.00,0.0,BEARISH,340.0,4406.19,4406.19,4406.19,4406.19,14,ACTIVE_14s,1.0,0.0,0.0,0.0,0.0,0.0,0.0,PASS_<20%,0.00,0.0,NO,STANDBY_VEL_LOW,1,1321.86,3268.14,132.45,FALSE,M1_DIRECTION_MISMATCH|OPENING_SHIELD_ACTIVE_14s
2026-09-07 19:49:14.464,1788810554.464,6869,3,183,4406.19,4406.27,8.0,PASS_<=10c,+0.0,FLAT,+0.0,+69.0,3.0,+0.00,0.00,SLOW,4405.50,4406.54,4403.14,4406.23,0.00,0.00,0.0,BEARISH,340.0,4406.19,4406.19,4406.19,4406.19,14,ACTIVE_14s,1.0,0.0,0.0,0.0,0.0,0.0,0.0,PASS_<20%,0.00,0.0,NO,STANDBY_VEL_LOW,1,1321.86,3268.14,132.45,FALSE,M1_DIRECTION_MISMATCH|OPENING_SHIELD_ACTIVE_14s
2026-09-07 19:49:14.965,1788810554.966,6870,4,184,4406.19,4406.27,8.0,PASS_<=10c,+0.0,FLAT,+0.0,+69.0,5.0,+0.00,0.00,SLOW,4405.50,4406.54,4403.14,4406.23,0.00,0.00,0.0,BEARISH,340.0,4406.19,4406.19,4406.19,4406.19,14,ACTIVE_14s,1.0,0.0,0.0,0.0,0.0,0.0,0.0,PASS_<20%,0.00,0.0,NO,STANDBY_VEL_LOW,1,1321.86,3268.14,132.45,FALSE,M1_DIRECTION_MISMATCH|OPENING_SHIELD_ACTIVE_14s
2026-09-07 19:49:15.467,1788810555.467,6871,5,185,4406.19,4406.27,8.0,PASS_<=10c,+0.0,FLAT,+0.0,+69.0,5.0,+0.00,0.00,SLOW,4405.50,4406.54,4403.14,4406.23,0.00,0.00,0.0,BEARISH,340.0,4406.19,4406.19,4406.19,4406.19,15,ACTIVE_15s,1.0,0.0,0.0,0.0,0.0,0.0,0.0,PASS_<20%,0.00,0.0,NO,STANDBY_VEL_LOW,1,1321.86,3268.14,132.45,FALSE,M1_DIRECTION_MISMATCH|OPENING_SHIELD_ACTIVE_15s
2026-09-07 19:49:15.969,1788810555.970,6872,6,186,4406.19,4406.27,8.0,PASS_<=10c,+0.0,FLAT,+0.0,+69.0,4.7,+0.00,0.00,SLOW,4405.50,4406.54,4403.14,4406.23,0.00,0.00,0.0,BEARISH,340.0,4406.19,4406.19,4406.19,4406.19,15,ACTIVE_15s,1.0,0.0,0.0,0.0,0.0,0.0,0.0,PASS_<20%,0.00,0.0,NO,STANDBY_VEL_LOW,1,1321.86,3268.14,132.45,FALSE,M1_DIRECTION_MISMATCH|OPENING_SHIELD_ACTIVE_15s
2026-09-07 19:49:16.471,1788810556.472,6873,7,187,4406.19,4406.27,8.0,PASS_<=10c,+0.0,FLAT,+0.0,+69.0,4.6,+0.00,0.00,SLOW,4405.50,4406.54,4403.14,4406.23,0.00,0.00,0.0,BEARISH,340.0,4406.19,4406.19,4406.19,4406.19,16,ACTIVE_16s,1.0,0.0,0.0,0.0,0.0,0.0,0.0,PASS_<20%,0.00,0.0,NO,STANDBY_VEL_LOW,1,1321.86,3268.14,132.45,FALSE,M1_DIRECTION_MISMATCH|OPENING_SHIELD_ACTIVE_16s
2026-09-07 19:49:16.972,1788810556.972,6874,8,188,4406.19,4406.27,8.0,PASS_<=10c,+0.0,FLAT,+0.0,+69.0,4.5,+0.00,0.00,SLOW,4405.50,4406.54,4403.14,4406.23,0.00,0.00,0.0,BEARISH,340.0,4406.19,4406.19,4406.19,4406.19,16,ACTIVE_16s,1.0,0.0,0.0,0.0,0.0,0.0,0.0,PASS_<20%,0.00,0.0,NO,STANDBY_VEL_LOW,1,1321.86,3268.14,132.45,FALSE,M1_DIRECTION_MISMATCH|OPENING_SHIELD_ACTIVE_16s
2026-09-07 19:49:17.475,1788810557.475,6875,9,189,4406.19,4406.27,8.0,PASS_<=10c,+0.0,FLAT,+0.0,+69.0,4.4,+0.00,0.00,SLOW,4405.50,4406.54,4403.14,4406.23,0.00,0.00,0.0,BEARISH,340.0,4406.19,4406.19,4406.19,4406.19,17,ACTIVE_17s,1.0,0.0,0.0,0.0,0.0,0.0,0.0,PASS_<20%,0.00,0.0,NO,STANDBY_VEL_LOW,1,1321.86,3268.14,132.45,FALSE,M1_DIRECTION_MISMATCH|OPENING_SHIELD_ACTIVE_17s
2026-09-07 19:49:17.976,1788810557.976,6876,10,190,4406.19,4406.27,8.0,PASS_<=10c,+0.0,FLAT,+0.0,+69.0,4.3,+0.00,0.00,SLOW,4405.50,4406.54,4403.14,4406.23,0.00,0.00,0.0,BEARISH,340.0,4406.19,4406.19,4406.19,4406.19,17,ACTIVE_17s,1.0,0.0,0.0,0.0,0.0,0.0,0.0,PASS_<20%,0.00,0.0,NO,STANDBY_VEL_LOW,1,1321.86,3268.14,132.45,FALSE,M1_DIRECTION_MISMATCH|OPENING_SHIELD_ACTIVE_17s
2026-09-07 19:49:18.478,1788810558.479,6877,11,191,4406.19,4406.27,8.0,PASS_<=10c,+0.0,FLAT,+0.0,+69.0,4.3,+0.00,0.00,SLOW,4405.50,4406.54,4403.14,4406.23,0.00,0.00,0.0,BEARISH,340.0,4406.19,4406.19,4406.19,4406.19,18,ACTIVE_18s,1.0,0.0,0.0,0.0,0.0,0.0,0.0,PASS_<20%,0.00,0.0,NO,STANDBY_VEL_LOW,1,1321.86,3268.14,132.45,FALSE,M1_DIRECTION_MISMATCH|OPENING_SHIELD_ACTIVE_18s
2026-09-07 19:49:18.979,1788810558.980,6878,12,192,4406.19,4406.27,8.0,PASS_<=10c,+0.0,FLAT,+0.0,+69.0,4.3,+0.00,0.00,SLOW,4405.50,4406.54,4403.14,4406.23,0.00,0.00,0.0,BEARISH,340.0,4406.19,4406.19,4406.19,4406.19,18,ACTIVE_18s,1.0,0.0,0.0,0.0,0.0,0.0,0.0,PASS_<20%,0.00,0.0,NO,STANDBY_VEL_LOW,1,1321.86,3268.14,132.45,FALSE,M1_DIRECTION_MISMATCH|OPENING_SHIELD_ACTIVE_18s
2026-09-07 19:49:19.482,1788810559.483,6879,13,193,4406.19,4406.27,8.0,PASS_<=10c,+0.0,FLAT,+0.0,+69.0,4.2,+0.00,0.00,SLOW,4405.50,4406.54,4403.14,4406.23,0.00,0.00,0.0,BEARISH,340.0,4406.19,4406.19,4406.19,4406.19,19,ACTIVE_19s,1.0,0.0,0.0,0.0,0.0,0.0,0.0,PASS_<20%,0.00,0.0,NO,STANDBY_VEL_LOW,1,1321.86,3268.14,132.45,FALSE,M1_DIRECTION_MISMATCH|OPENING_SHIELD_ACTIVE_19s
2026-09-07 19:49:19.995,1788810559.995,6880,14,194,4406.19,4406.27,8.0,PASS_<=10c,+0.0,FLAT,+0.0,+69.0,4.2,+0.00,0.00,SLOW,4405.50,4406.54,4403.14,4406.23,0.00,0.00,0.0,BEARISH,340.0,4406.19,4406.19,4406.19,4406.19,19,ACTIVE_19s,1.0,0.0,0.0,0.0,0.0,0.0,0.0,PASS_<20%,0.00,0.0,NO,STANDBY_VEL_LOW,1,1321.86,3268.14,132.45,FALSE,M1_DIRECTION_MISMATCH|OPENING_SHIELD_ACTIVE_19s
2026-09-07 19:49:20.490,1788810560.491,6881,15,195,4406.19,4406.27,8.0,PASS_<=10c,+0.0,FLAT,+0.0,+69.0,4.2,+0.00,0.00,SLOW,4405.50,4406.54,4403.14,4406.23,0.00,0.00,0.0,BEARISH,340.0,4406.19,4406.19,4406.19,4406.19,20,CLEARED_>=20s,1.0,0.0,0.0,0.0,0.0,0.0,0.0,PASS_<20%,0.00,0.0,NO,STANDBY_VEL_LOW,1,1321.86,3268.14,132.45,FALSE,M1_DIRECTION_MISMATCH
2026-09-07 19:49:20.992,1788810560.992,6882,16,196,4406.19,4406.27,8.0,PASS_<=10c,+0.0,FLAT,+0.0,+69.0,4.2,+0.00,0.00,SLOW,4405.50,4406.54,4403.14,4406.23,0.00,0.00,0.0,BEARISH,340.0,4406.19,4406.19,4406.19,4406.19,20,CLEARED_>=20s,1.0,0.0,0.0,0.0,0.0,0.0,0.0,PASS_<20%,0.00,0.0,NO,STANDBY_VEL_LOW,1,1321.86,3268.14,132.45,FALSE,M1_DIRECTION_MISMATCH
2026-09-07 19:49:21.493,1788810561.494,6883,17,197,4406.19,4406.27,8.0,PASS_<=10c,+0.0,FLAT,+0.0,+69.0,4.2,+0.00,0.00,SLOW,4405.50,4406.54,4403.14,4406.23,0.00,0.00,0.0,BEARISH,340.0,4406.19,4406.19,4406.19,4406.19,21,CLEARED_>=20s,1.0,0.0,0.0,0.0,0.0,0.0,0.0,PASS_<20%,0.00,0.0,NO,STANDBY_VEL_LOW,1,1321.86,3268.14,132.45,FALSE,M1_DIRECTION_MISMATCH
2026-09-07 19:49:21.995,1788810561.995,6884,18,198,4406.19,4406.27,8.0,PASS_<=10c,+0.0,FLAT,+0.0,+69.0,4.2,+0.00,0.00,SLOW,4405.50,4406.54,4403.14,4406.23,0.00,0.00,0.0,BEARISH,340.0,4406.19,4406.19,4406.19,4406.19,21,CLEARED_>=20s,1.0,0.0,0.0,0.0,0.0,0.0,0.0,PASS_<20%,0.00,0.0,NO,STANDBY_VEL_LOW,1,1321.86,3268.14,132.45,FALSE,M1_DIRECTION_MISMATCH
2026-09-07 19:49:27.512,1788810567.512,6885,19,199,4406.19,4406.27,8.0,PASS_<=10c,+0.0,FLAT,+0.0,+69.0,1.7,+0.00,0.00,SLOW,4405.50,4406.54,4403.14,4406.23,0.00,0.00,0.0,BEARISH,340.0,4406.19,4406.19,4406.19,4406.19,27,CLEARED_>=20s,1.0,0.0,0.0,0.0,0.0,0.0,0.0,PASS_<20%,0.00,0.0,NO,STANDBY_VEL_LOW,1,1321.86,3268.14,132.45,FALSE,M1_DIRECTION_MISMATCH
2026-09-07 19:49:37.748,1788810577.749,6886,20,200,4406.19,4406.27,8.0,PASS_<=10c,+0.0,FLAT,+0.0,+69.0,1.3,+0.00,0.00,SLOW,4405.50,4406.54,4403.14,4406.23,0.00,0.00,0.0,BEARISH,340.0,4406.19,4406.19,4406.19,4406.19,37,CLEARED_>=20s,1.0,0.0,0.0,0.0,0.0,0.0,0.0,PASS_<20%,0.00,0.0,NO,STANDBY_VEL_LOW,1,1321.86,3268.14,132.45,FALSE,M1_DIRECTION_MISMATCH
2026-09-07 19:49:39.958,1788810579.958,6887,21,201,4406.19,4406.27,8.0,PASS_<=10c,+0.0,FLAT,+0.0,+69.0,1.4,+0.00,0.00,SLOW,4405.50,4406.54,4403.14,4406.23,0.00,0.00,0.0,BEARISH,340.0,4406.19,4406.19,4406.19,4406.19,39,CLEARED_>=20s,1.0,0.0,0.0,0.0,0.0,0.0,0.0,PASS_<20%,0.00,0.0,NO,STANDBY_VEL_LOW,1,1321.86,3268.14,132.45,FALSE,M1_DIRECTION_MISMATCH
2026-09-07 19:49:40.459,1788810580.460,6888,22,202,4406.19,4406.27,8.0,PASS_<=10c,+0.0,FLAT,+0.0,+69.0,1.8,+0.00,0.00,SLOW,4405.50,4406.54,4403.14,4406.23,0.00,0.00,0.0,BEARISH,340.0,4406.19,4406.19,4406.19,4406.19,40,CLEARED_>=20s,1.0,0.0,0.0,0.0,0.0,0.0,0.0,PASS_<20%,0.00,0.0,NO,STANDBY_VEL_LOW,1,1321.86,3268.14,132.45,FALSE,M1_DIRECTION_MISMATCH
2026-09-07 19:49:40.961,1788810580.961,6889,23,203,4406.19,4406.27,8.0,PASS_<=10c,+0.0,FLAT,+0.0,+69.0,2.2,+0.00,0.00,SLOW,4405.50,4406.54,4403.14,4406.23,0.00,0.00,0.0,BEARISH,340.0,4406.19,4406.19,4406.19,4406.19,40,CLEARED_>=20s,1.0,0.0,0.0,0.0,0.0,0.0,0.0,PASS_<20%,0.00,0.0,NO,STANDBY_VEL_LOW,1,1321.86,3268.14,132.45,FALSE,M1_DIRECTION_MISMATCH
2026-09-07 19:49:41.463,1788810581.463,6890,24,204,4406.19,4406.27,8.0,PASS_<=10c,+0.0,FLAT,+0.0,+69.0,2.4,+0.00,0.00,SLOW,4405.50,4406.54,4403.14,4406.23,0.00,0.00,0.0,BEARISH,340.0,4406.19,4406.19,4406.19,4406.19,41,CLEARED_>=20s,1.0,0.0,0.0,0.0,0.0,0.0,0.0,PASS_<20%,0.00,0.0,NO,STANDBY_VEL_LOW,1,1321.86,3268.14,132.45,FALSE,M1_DIRECTION_MISMATCH
2026-09-07 19:49:41.965,1788810581.966,6891,25,205,4406.19,4406.27,8.0,PASS_<=10c,+0.0,FLAT,+0.0,+69.0,2.6,+0.00,0.00,SLOW,4405.50,4406.54,4403.14,4406.23,0.00,0.00,0.0,BEARISH,340.0,4406.19,4406.19,4406.19,4406.19,41,CLEARED_>=20s,1.0,0.0,0.0,0.0,0.0,0.0,0.0,PASS_<20%,0.00,0.0,NO,STANDBY_VEL_LOW,1,1321.86,3268.14,132.45,FALSE,M1_DIRECTION_MISMATCH
2026-09-07 19:49:42.466,1788810582.467,6892,26,206,4406.19,4406.27,8.0,PASS_<=10c,+0.0,FLAT,+0.0,+69.0,2.8,+0.00,0.00,SLOW,4405.50,4406.54,4403.14,4406.23,0.00,0.00,0.0,BEARISH,340.0,4406.19,4406.19,4406.19,4406.19,42,CLEARED_>=20s,1.0,0.0,0.0,0.0,0.0,0.0,0.0,PASS_<20%,0.00,0.0,NO,STANDBY_VEL_LOW,1,1321.86,3268.14,132.45,FALSE,M1_DIRECTION_MISMATCH
2026-09-07 19:49:42.968,1788810582.969,6893,27,207,4406.19,4406.27,8.0,PASS_<=10c,+0.0,FLAT,+0.0,+69.0,4.5,+0.00,0.00,SLOW,4405.50,4406.54,4403.14,4406.23,0.00,0.00,0.0,BEARISH,340.0,4406.19,4406.19,4406.19,4406.19,42,CLEARED_>=20s,1.0,0.0,0.0,0.0,0.0,0.0,0.0,PASS_<20%,0.00,0.0,NO,STANDBY_VEL_LOW,1,1321.86,3268.14,132.45,FALSE,M1_DIRECTION_MISMATCH
2026-09-07 19:49:43.469,1788810583.470,6894,28,208,4406.19,4406.27,8.0,PASS_<=10c,+0.0,FLAT,+0.0,+69.0,4.4,+0.00,0.00,SLOW,4405.50,4406.54,4403.14,4406.23,0.00,0.00,0.0,BEARISH,340.0,4406.19,4406.19,4406.19,4406.19,43,CLEARED_>=20s,1.0,0.0,0.0,0.0,0.0,0.0,0.0,PASS_<20%,0.00,0.0,NO,STANDBY_VEL_LOW,1,1321.86,3268.14,132.45,FALSE,M1_DIRECTION_MISMATCH
2026-09-07 19:49:43.971,1788810583.972,6895,29,209,4406.19,4406.27,8.0,PASS_<=10c,+0.0,FLAT,+0.0,+69.0,4.4,+0.00,0.00,SLOW,4405.50,4406.54,4403.14,4406.23,0.00,0.00,0.0,BEARISH,340.0,4406.19,4406.19,4406.19,4406.19,43,CLEARED_>=20s,1.0,0.0,0.0,0.0,0.0,0.0,0.0,PASS_<20%,0.00,0.0,NO,STANDBY_VEL_LOW,1,1321.86,3268.14,132.45,FALSE,M1_DIRECTION_MISMATCH
2026-09-07 19:49:44.472,1788810584.472,6896,30,210,4406.19,4406.27,8.0,PASS_<=10c,+0.0,FLAT,+0.0,+69.0,4.3,+0.00,0.00,SLOW,4405.50,4406.54,4403.14,4406.23,0.00,0.00,0.0,BEARISH,340.0,4406.19,4406.19,4406.19,4406.19,44,CLEARED_>=20s,1.0,0.0,0.0,0.0,0.0,0.0,0.0,PASS_<20%,0.00,0.0,NO,STANDBY_VEL_LOW,1,1321.86,3268.14,132.45,FALSE,M1_DIRECTION_MISMATCH
2026-09-07 19:49:44.975,1788810584.976,6897,31,211,4406.19,4406.27,8.0,PASS_<=10c,+0.0,FLAT,+0.0,+69.0,4.2,+0.00,0.00,SLOW,4405.50,4406.54,4403.14,4406.23,0.00,0.00,0.0,BEARISH,340.0,4406.19,4406.19,4406.19,4406.19,44,CLEARED_>=20s,1.0,0.0,0.0,0.0,0.0,0.0,0.0,PASS_<20%,0.00,0.0,NO,STANDBY_VEL_LOW,1,1321.86,3268.14,132.45,FALSE,M1_DIRECTION_MISMATCH
2026-09-07 19:49:45.476,1788810585.477,6898,32,212,4406.19,4406.27,8.0,PASS_<=10c,+0.0,FLAT,+0.0,+69.0,4.2,+0.00,0.00,SLOW,4405.50,4406.54,4403.14,4406.23,0.00,0.00,0.0,BEARISH,340.0,4406.19,4406.19,4406.19,4406.19,45,CLEARED_>=20s,1.0,0.0,0.0,0.0,0.0,0.0,0.0,PASS_<20%,0.00,0.0,NO,STANDBY_VEL_LOW,1,1321.86,3268.14,132.45,FALSE,M1_DIRECTION_MISMATCH
2026-09-07 19:49:45.978,1788810585.979,6899,33,213,4406.19,4406.27,8.0,PASS_<=10c,+0.0,FLAT,+0.0,+69.0,4.2,+0.00,0.00,SLOW,4405.50,4406.54,4403.14,4406.23,0.00,0.00,0.0,BEARISH,340.0,4406.19,4406.19,4406.19,4406.19,45,CLEARED_>=20s,1.0,0.0,0.0,0.0,0.0,0.0,0.0,PASS_<20%,0.00,0.0,NO,STANDBY_VEL_LOW,1,1321.86,3268.14,132.45,FALSE,M1_DIRECTION_MISMATCH
2026-09-07 19:49:46.483,1788810586.484,6900,34,214,4406.19,4406.27,8.0,PASS_<=10c,+0.0,FLAT,+0.0,+69.0,4.2,+0.00,0.00,SLOW,4405.50,4406.54,4403.14,4406.23,0.00,0.00,0.0,BEARISH,340.0,4406.19,4406.19,4406.19,4406.19,46,CLEARED_>=20s,1.0,0.0,0.0,0.0,0.0,0.0,0.0,PASS_<20%,0.00,0.0,NO,STANDBY_VEL_LOW,1,1321.86,3268.14,132.45,FALSE,M1_DIRECTION_MISMATCH
2026-09-07 19:49:46.982,1788810586.982,6901,35,215,4406.19,4406.27,8.0,PASS_<=10c,+0.0,FLAT,+0.0,+69.0,4.2,+0.00,0.00,SLOW,4405.50,4406.54,4403.14,4406.23,0.00,0.00,0.0,BEARISH,340.0,4406.19,4406.19,4406.19,4406.19,46,CLEARED_>=20s,1.0,0.0,0.0,0.0,0.0,0.0,0.0,PASS_<20%,0.00,0.0,NO,STANDBY_VEL_LOW,1,1321.86,3268.14,132.45,FALSE,M1_DIRECTION_MISMATCH
2026-09-07 19:49:47.483,1788810587.483,6902,36,216,4406.19,4406.27,8.0,PASS_<=10c,+0.0,FLAT,+0.0,+69.0,4.2,+0.00,0.00,SLOW,4405.50,4406.54,4403.14,4406.23,0.00,0.00,0.0,BEARISH,340.0,4406.19,4406.19,4406.19,4406.19,47,CLEARED_>=20s,1.0,0.0,0.0,0.0,0.0,0.0,0.0,PASS_<20%,0.00,0.0,NO,STANDBY_VEL_LOW,1,1321.86,3268.14,132.45,FALSE,M1_DIRECTION_MISMATCH
2026-09-07 19:49:53.003,1788810593.004,6903,37,217,4406.19,4406.27,8.0,PASS_<=10c,+0.0,FLAT,+0.0,+69.0,1.6,+0.00,0.00,SLOW,4405.50,4406.54,4403.14,4406.23,0.00,0.00,0.0,BEARISH,340.0,4406.19,4406.19,4406.19,4406.19,53,CLEARED_>=20s,1.0,0.0,0.0,0.0,0.0,0.0,0.0,PASS_<20%,0.00,0.0,NO,STANDBY_VEL_LOW,1,1321.86,3268.14,132.45,FALSE,M1_DIRECTION_MISMATCH
2026-09-07 19:50:03.243,1788810603.244,6904,1,1,4406.19,4406.27,8.0,PASS_<=10c,+0.0,FLAT,+0.0,+0.0,1.3,+0.00,0.00,SLOW,4406.19,4406.19,4406.19,4406.19,0.00,0.00,0.0,BEARISH,0.0,4406.19,4406.19,4406.19,4406.19,3,ACTIVE_3s,1.0,0.0,0.0,0.0,0.0,0.0,0.0,PASS_<20%,0.00,0.0,NO,STANDBY_VEL_LOW,1,1321.86,3268.14,132.45,FALSE,M1_DIRECTION_MISMATCH|OPENING_SHIELD_ACTIVE_3s
2026-09-07 19:50:04.852,1788810604.853,6905,2,2,4406.19,4406.27,8.0,PASS_<=10c,+0.0,FLAT,+0.0,+0.0,1.9,+0.00,0.00,SLOW,4406.19,4406.19,4406.19,4406.19,0.00,0.00,0.0,BEARISH,0.0,4406.19,4406.19,4406.19,4406.19,4,ACTIVE_4s,1.0,0.0,0.0,0.0,0.0,0.0,0.0,PASS_<20%,0.00,0.0,NO,STANDBY_VEL_LOW,1,1321.86,3268.14,132.45,FALSE,M1_DIRECTION_MISMATCH|OPENING_SHIELD_ACTIVE_4s
2026-09-07 19:50:05.354,1788810605.354,6906,3,3,4406.19,4406.27,8.0,PASS_<=10c,+0.0,FLAT,+0.0,+0.0,2.4,+0.00,0.00,SLOW,4406.19,4406.19,4406.19,4406.19,0.00,0.00,0.0,BEARISH,0.0,4406.19,4406.19,4406.19,4406.19,5,ACTIVE_5s,1.0,0.0,0.0,0.0,0.0,0.0,0.0,PASS_<20%,0.00,0.0,NO,STANDBY_VEL_LOW,1,1321.86,3268.14,132.45,FALSE,M1_DIRECTION_MISMATCH|OPENING_SHIELD_ACTIVE_5s
2026-09-07 19:50:05.856,1788810605.857,6907,4,4,4406.19,4406.27,8.0,PASS_<=10c,+0.0,FLAT,+0.0,+0.0,2.7,+0.00,0.00,SLOW,4406.19,4406.19,4406.19,4406.19,0.00,0.00,0.0,BEARISH,0.0,4406.19,4406.19,4406.19,4406.19,5,ACTIVE_5s,1.0,0.0,0.0,0.0,0.0,0.0,0.0,PASS_<20%,0.00,0.0,NO,STANDBY_VEL_LOW,1,1321.86,3268.14,132.45,FALSE,M1_DIRECTION_MISMATCH|OPENING_SHIELD_ACTIVE_5s
2026-09-07 19:50:06.358,1788810606.358,6908,5,5,4406.19,4406.27,8.0,PASS_<=10c,+0.0,FLAT,+0.0,+0.0,2.9,+0.00,0.00,SLOW,4406.19,4406.19,4406.19,4406.19,0.00,0.00,0.0,BEARISH,0.0,4406.19,4406.19,4406.19,4406.19,6,ACTIVE_6s,1.0,0.0,0.0,0.0,0.0,0.0,0.0,PASS_<20%,0.00,0.0,NO,STANDBY_VEL_LOW,1,1321.86,3268.14,132.45,FALSE,M1_DIRECTION_MISMATCH|OPENING_SHIELD_ACTIVE_6s
2026-09-07 19:50:06.860,1788810606.860,6909,6,6,4406.19,4406.27,8.0,PASS_<=10c,+0.0,FLAT,+0.0,+0.0,3.0,+0.00,0.00,SLOW,4406.19,4406.19,4406.19,4406.19,0.00,0.00,0.0,BEARISH,0.0,4406.19,4406.19,4406.19,4406.19,6,ACTIVE_6s,1.0,0.0,0.0,0.0,0.0,0.0,0.0,PASS_<20%,0.00,0.0,NO,STANDBY_VEL_LOW,1,1321.86,3268.14,132.45,FALSE,M1_DIRECTION_MISMATCH|OPENING_SHIELD_ACTIVE_6s
2026-09-07 19:50:07.361,1788810607.362,6910,7,7,4406.19,4406.27,8.0,PASS_<=10c,+0.0,FLAT,+0.0,+0.0,3.2,+0.00,0.00,SLOW,4406.19,4406.19,4406.19,4406.19,0.00,0.00,0.0,BEARISH,0.0,4406.19,4406.19,4406.19,4406.19,7,ACTIVE_7s,1.0,0.0,0.0,0.0,0.0,0.0,0.0,PASS_<20%,0.00,0.0,NO,STANDBY_VEL_LOW,1,1321.86,3268.14,132.45,FALSE,M1_DIRECTION_MISMATCH|OPENING_SHIELD_ACTIVE_7s
2026-09-07 19:50:07.863,1788810607.863,6911,8,8,4406.19,4406.27,8.0,PASS_<=10c,+0.0,FLAT,+0.0,+0.0,3.2,+0.00,0.00,SLOW,4406.19,4406.19,4406.19,4406.19,0.00,0.00,0.0,BEARISH,0.0,4406.19,4406.19,4406.19,4406.19,7,ACTIVE_7s,1.0,0.0,0.0,0.0,0.0,0.0,0.0,PASS_<20%,0.00,0.0,NO,STANDBY_VEL_LOW,1,1321.86,3268.14,132.45,FALSE,M1_DIRECTION_MISMATCH|OPENING_SHIELD_ACTIVE_7s
2026-09-07 19:50:08.365,1788810608.365,6912,9,9,4406.19,4406.27,8.0,PASS_<=10c,+0.0,FLAT,+0.0,+0.0,4.4,+0.00,0.00,SLOW,4406.19,4406.19,4406.19,4406.19,0.00,0.00,0.0,BEARISH,0.0,4406.19,4406.19,4406.19,4406.19,8,ACTIVE_8s,1.0,0.0,0.0,0.0,0.0,0.0,0.0,PASS_<20%,0.00,0.0,NO,STANDBY_VEL_LOW,1,1321.86,3268.14,132.45,FALSE,M1_DIRECTION_MISMATCH|OPENING_SHIELD_ACTIVE_8s
2026-09-07 19:50:08.867,1788810608.867,6913,10,10,4406.19,4406.27,8.0,PASS_<=10c,+0.0,FLAT,+0.0,+0.0,4.4,+0.00,0.00,SLOW,4406.19,4406.19,4406.19,4406.19,0.00,0.00,0.0,BEARISH,0.0,4406.19,4406.19,4406.19,4406.19,8,ACTIVE_8s,1.0,0.0,0.0,0.0,0.0,0.0,0.0,PASS_<20%,0.00,0.0,NO,STANDBY_VEL_LOW,1,1321.86,3268.14,132.45,FALSE,M1_DIRECTION_MISMATCH|OPENING_SHIELD_ACTIVE_8s
2026-09-07 19:50:09.370,1788810609.370,6914,11,11,4406.19,4406.27,8.0,PASS_<=10c,+0.0,FLAT,+0.0,+0.0,4.3,+0.00,0.00,SLOW,4406.19,4406.19,4406.19,4406.19,0.00,0.00,0.0,BEARISH,0.0,4406.19,4406.19,4406.19,4406.19,9,ACTIVE_9s,1.0,0.0,0.0,0.0,0.0,0.0,0.0,PASS_<20%,0.00,0.0,NO,STANDBY_VEL_LOW,1,1321.86,3268.14,132.45,FALSE,M1_DIRECTION_MISMATCH|OPENING_SHIELD_ACTIVE_9s
2026-09-07 19:50:09.870,1788810609.871,6915,12,12,4406.19,4406.27,8.0,PASS_<=10c,+0.0,FLAT,+0.0,+0.0,4.2,+0.00,0.00,SLOW,4406.19,4406.19,4406.19,4406.19,0.00,0.00,0.0,BEARISH,0.0,4406.19,4406.19,4406.19,4406.19,9,ACTIVE_9s,1.0,0.0,0.0,0.0,0.0,0.0,0.0,PASS_<20%,0.00,0.0,NO,STANDBY_VEL_LOW,1,1321.86,3268.14,132.45,FALSE,M1_DIRECTION_MISMATCH|OPENING_SHIELD_ACTIVE_9s
2026-09-07 19:50:10.391,1788810610.391,6916,13,13,4406.19,4406.27,8.0,PASS_<=10c,+0.0,FLAT,+0.0,+69.0,4.2,+0.00,0.00,SLOW,4405.50,4406.54,4403.14,4406.23,0.00,0.00,0.0,BEARISH,340.0,4406.19,4406.19,4406.19,4406.19,10,ACTIVE_10s,1.0,0.0,0.0,0.0,0.0,0.0,0.0,PASS_<20%,0.00,0.0,NO,STANDBY_VEL_LOW,1,1321.86,3268.14,132.45,FALSE,M1_DIRECTION_MISMATCH|OPENING_SHIELD_ACTIVE_10s
2026-09-07 19:50:10.881,1788810610.882,6917,14,14,4406.19,4406.27,8.0,PASS_<=10c,+0.0,FLAT,+0.0,+69.0,4.2,+0.00,0.00,SLOW,4405.50,4406.54,4403.14,4406.23,0.00,0.00,0.0,BEARISH,340.0,4406.19,4406.19,4406.19,4406.19,10,ACTIVE_10s,1.0,0.0,0.0,0.0,0.0,0.0,0.0,PASS_<20%,0.00,0.0,NO,STANDBY_VEL_LOW,1,1321.86,3268.14,132.45,FALSE,M1_DIRECTION_MISMATCH|OPENING_SHIELD_ACTIVE_10s
2026-09-07 19:50:11.382,1788810611.383,6918,15,15,4406.19,4406.27,8.0,PASS_<=10c,+0.0,FLAT,+0.0,+69.0,4.2,+0.00,0.00,SLOW,4405.50,4406.54,4403.14,4406.23,0.00,0.00,0.0,BEARISH,340.0,4406.19,4406.19,4406.19,4406.19,11,ACTIVE_11s,1.0,0.0,0.0,0.0,0.0,0.0,0.0,PASS_<20%,0.00,0.0,NO,STANDBY_VEL_LOW,1,1321.86,3268.14,132.45,FALSE,M1_DIRECTION_MISMATCH|OPENING_SHIELD_ACTIVE_11s
2026-09-07 19:50:11.884,1788810611.884,6919,16,16,4406.19,4406.27,8.0,PASS_<=10c,+0.0,FLAT,+0.0,+69.0,4.2,+0.00,0.00,SLOW,4405.50,4406.54,4403.14,4406.23,0.00,0.00,0.0,BEARISH,340.0,4406.19,4406.19,4406.19,4406.19,11,ACTIVE_11s,1.0,0.0,0.0,0.0,0.0,0.0,0.0,PASS_<20%,0.00,0.0,NO,STANDBY_VEL_LOW,1,1321.86,3268.14,132.45,FALSE,M1_DIRECTION_MISMATCH|OPENING_SHIELD_ACTIVE_11s
2026-09-07 19:50:12.385,1788810612.385,6920,17,17,4406.19,4406.27,8.0,PASS_<=10c,+0.0,FLAT,+0.0,+69.0,4.2,+0.00,0.00,SLOW,4405.50,4406.54,4403.14,4406.23,0.00,0.00,0.0,BEARISH,340.0,4406.19,4406.19,4406.19,4406.19,12,ACTIVE_12s,1.0,0.0,0.0,0.0,0.0,0.0,0.0,PASS_<20%,0.00,0.0,NO,STANDBY_VEL_LOW,1,1321.86,3268.14,132.45,FALSE,M1_DIRECTION_MISMATCH|OPENING_SHIELD_ACTIVE_12s
2026-09-07 19:50:17.900,1788810617.901,6921,18,18,4406.19,4406.27,8.0,PASS_<=10c,+0.0,FLAT,+0.0,+69.0,1.5,+0.00,0.00,SLOW,4405.50,4406.54,4403.14,4406.23,0.00,0.00,0.0,BEARISH,340.0,4406.19,4406.19,4406.19,4406.19,17,ACTIVE_17s,1.0,0.0,0.0,0.0,0.0,0.0,0.0,PASS_<20%,0.00,0.0,NO,STANDBY_VEL_LOW,1,1321.86,3268.14,132.45,FALSE,M1_DIRECTION_MISMATCH|OPENING_SHIELD_ACTIVE_17s
2026-09-07 19:50:28.138,1788810628.139,6922,19,19,4406.19,4406.27,8.0,PASS_<=10c,+0.0,FLAT,+0.0,+69.0,1.3,+0.00,0.00,SLOW,4405.50,4406.54,4403.14,4406.23,0.00,0.00,0.0,BEARISH,340.0,4406.19,4406.19,4406.19,4406.19,28,CLEARED_>=20s,1.0,0.0,0.0,0.0,0.0,0.0,0.0,PASS_<20%,0.00,0.0,NO,STANDBY_VEL_LOW,1,1321.86,3268.14,132.45,FALSE,M1_DIRECTION_MISMATCH
2026-09-07 19:50:28.744,1788810628.744,6923,20,20,4406.19,4406.27,8.0,PASS_<=10c,+0.0,FLAT,+0.0,+69.0,3.0,+0.00,0.00,SLOW,4405.50,4406.54,4403.14,4406.23,0.00,0.00,0.0,BEARISH,340.0,4406.19,4406.19,4406.19,4406.19,28,CLEARED_>=20s,1.0,0.0,0.0,0.0,0.0,0.0,0.0,PASS_<20%,0.00,0.0,NO,STANDBY_VEL_LOW,1,1321.86,3268.14,132.45,FALSE,M1_DIRECTION_MISMATCH
2026-09-07 19:50:29.245,1788810629.246,6924,21,21,4406.19,4406.27,8.0,PASS_<=10c,+0.0,FLAT,+0.0,+69.0,4.5,+0.00,0.00,SLOW,4405.50,4406.54,4403.14,4406.23,0.00,0.00,0.0,BEARISH,340.0,4406.19,4406.19,4406.19,4406.19,29,CLEARED_>=20s,1.0,0.0,0.0,0.0,0.0,0.0,0.0,PASS_<20%,0.00,0.0,NO,STANDBY_VEL_LOW,1,1321.86,3268.14,132.45,FALSE,M1_DIRECTION_MISMATCH
2026-09-07 19:50:29.747,1788810629.748,6925,22,22,4406.19,4406.27,8.0,PASS_<=10c,+0.0,FLAT,+0.0,+69.0,4.4,+0.00,0.00,SLOW,4405.50,4406.54,4403.14,4406.23,0.00,0.00,0.0,BEARISH,340.0,4406.19,4406.19,4406.19,4406.19,29,CLEARED_>=20s,1.0,0.0,0.0,0.0,0.0,0.0,0.0,PASS_<20%,0.00,0.0,NO,STANDBY_VEL_LOW,1,1321.86,3268.14,132.45,FALSE,M1_DIRECTION_MISMATCH
2026-09-07 19:50:30.249,1788810630.250,6926,23,23,4406.19,4406.27,8.0,PASS_<=10c,+0.0,FLAT,+0.0,+69.0,4.3,+0.00,0.00,SLOW,4405.50,4406.54,4403.14,4406.23,0.00,0.00,0.0,BEARISH,340.0,4406.19,4406.19,4406.19,4406.19,30,CLEARED_>=20s,1.0,0.0,0.0,0.0,0.0,0.0,0.0,PASS_<20%,0.00,0.0,NO,STANDBY_VEL_LOW,1,1321.86,3268.14,132.45,FALSE,M1_DIRECTION_MISMATCH
2026-09-07 19:50:30.751,1788810630.751,6927,24,24,4406.19,4406.27,8.0,PASS_<=10c,+0.0,FLAT,+0.0,+69.0,4.2,+0.00,0.00,SLOW,4405.50,4406.54,4403.14,4406.23,0.00,0.00,0.0,BEARISH,340.0,4406.19,4406.19,4406.19,4406.19,30,CLEARED_>=20s,1.0,0.0,0.0,0.0,0.0,0.0,0.0,PASS_<20%,0.00,0.0,NO,STANDBY_VEL_LOW,1,1321.86,3268.14,132.45,FALSE,M1_DIRECTION_MISMATCH
2026-09-07 19:50:31.253,1788810631.254,6928,25,25,4406.19,4406.27,8.0,PASS_<=10c,+0.0,FLAT,+0.0,+69.0,4.2,+0.00,0.00,SLOW,4405.50,4406.54,4403.14,4406.23,0.00,0.00,0.0,BEARISH,340.0,4406.19,4406.19,4406.19,4406.19,31,CLEARED_>=20s,1.0,0.0,0.0,0.0,0.0,0.0,0.0,PASS_<20%,0.00,0.0,NO,STANDBY_VEL_LOW,1,1321.86,3268.14,132.45,FALSE,M1_DIRECTION_MISMATCH
2026-09-07 19:50:31.754,1788810631.755,6929,26,26,4406.19,4406.27,8.0,PASS_<=10c,+0.0,FLAT,+0.0,+69.0,4.1,+0.00,0.00,SLOW,4405.50,4406.54,4403.14,4406.23,0.00,0.00,0.0,BEARISH,340.0,4406.19,4406.19,4406.19,4406.19,31,CLEARED_>=20s,1.0,0.0,0.0,0.0,0.0,0.0,0.0,PASS_<20%,0.00,0.0,NO,STANDBY_VEL_LOW,1,1321.86,3268.14,132.45,FALSE,M1_DIRECTION_MISMATCH
2026-09-07 19:50:32.256,1788810632.256,6930,27,27,4406.19,4406.27,8.0,PASS_<=10c,+0.0,FLAT,+0.0,+69.0,4.1,+0.00,0.00,SLOW,4405.50,4406.54,4403.14,4406.23,0.00,0.00,0.0,BEARISH,340.0,4406.19,4406.19,4406.19,4406.19,32,CLEARED_>=20s,1.0,0.0,0.0,0.0,0.0,0.0,0.0,PASS_<20%,0.00,0.0,NO,STANDBY_VEL_LOW,1,1321.86,3268.14,132.45,FALSE,M1_DIRECTION_MISMATCH
2026-09-07 19:50:32.757,1788810632.758,6931,28,28,4406.19,4406.27,8.0,PASS_<=10c,+0.0,FLAT,+0.0,+69.0,4.1,+0.00,0.00,SLOW,4405.50,4406.54,4403.14,4406.23,0.00,0.00,0.0,BEARISH,340.0,4406.19,4406.19,4406.19,4406.19,32,CLEARED_>=20s,1.0,0.0,0.0,0.0,0.0,0.0,0.0,PASS_<20%,0.00,0.0,NO,STANDBY_VEL_LOW,1,1321.86,3268.14,132.45,FALSE,M1_DIRECTION_MISMATCH
2026-09-07 19:50:33.259,1788810633.259,6932,29,29,4406.19,4406.27,8.0,PASS_<=10c,+0.0,FLAT,+0.0,+69.0,4.3,+0.00,0.00,SLOW,4405.50,4406.54,4403.14,4406.23,0.00,0.00,0.0,BEARISH,340.0,4406.19,4406.19,4406.19,4406.19,33,CLEARED_>=20s,1.0,0.0,0.0,0.0,0.0,0.0,0.0,PASS_<20%,0.00,0.0,NO,STANDBY_VEL_LOW,1,1321.86,3268.14,132.45,FALSE,M1_DIRECTION_MISMATCH
2026-09-07 19:50:33.761,1788810633.761,6933,30,30,4406.19,4406.27,8.0,PASS_<=10c,+0.0,FLAT,+0.0,+69.0,4.2,+0.00,0.00,SLOW,4405.50,4406.54,4403.14,4406.23,0.00,0.00,0.0,BEARISH,340.0,4406.19,4406.19,4406.19,4406.19,33,CLEARED_>=20s,1.0,0.0,0.0,0.0,0.0,0.0,0.0,PASS_<20%,0.00,0.0,NO,STANDBY_VEL_LOW,1,1321.86,3268.14,132.45,FALSE,M1_DIRECTION_MISMATCH
2026-09-07 19:50:34.263,1788810634.263,6934,31,31,4406.19,4406.27,8.0,PASS_<=10c,+0.0,FLAT,+0.0,+69.0,4.2,+0.00,0.00,SLOW,4405.50,4406.54,4403.14,4406.23,0.00,0.00,0.0,BEARISH,340.0,4406.19,4406.19,4406.19,4406.19,34,CLEARED_>=20s,1.0,0.0,0.0,0.0,0.0,0.0,0.0,PASS_<20%,0.00,0.0,NO,STANDBY_VEL_LOW,1,1321.86,3268.14,132.45,FALSE,M1_DIRECTION_MISMATCH
2026-09-07 19:50:34.765,1788810634.766,6935,32,32,4406.19,4406.27,8.0,PASS_<=10c,+0.0,FLAT,+0.0,+69.0,4.2,+0.00,0.00,SLOW,4405.50,4406.54,4403.14,4406.23,0.00,0.00,0.0,BEARISH,340.0,4406.19,4406.19,4406.19,4406.19,34,CLEARED_>=20s,1.0,0.0,0.0,0.0,0.0,0.0,0.0,PASS_<20%,0.00,0.0,NO,STANDBY_VEL_LOW,1,1321.86,3268.14,132.45,FALSE,M1_DIRECTION_MISMATCH
2026-09-07 19:50:35.266,1788810635.267,6936,33,33,4406.19,4406.27,8.0,PASS_<=10c,+0.0,FLAT,+0.0,+69.0,4.2,+0.00,0.00,SLOW,4405.50,4406.54,4403.14,4406.23,0.00,0.00,0.0,BEARISH,340.0,4406.19,4406.19,4406.19,4406.19,35,CLEARED_>=20s,1.0,0.0,0.0,0.0,0.0,0.0,0.0,PASS_<20%,0.00,0.0,NO,STANDBY_VEL_LOW,1,1321.86,3268.14,132.45,FALSE,M1_DIRECTION_MISMATCH
2026-09-07 19:50:35.768,1788810635.769,6937,34,34,4406.19,4406.27,8.0,PASS_<=10c,+0.0,FLAT,+0.0,+69.0,4.2,+0.00,0.00,SLOW,4405.50,4406.54,4403.14,4406.23,0.00,0.00,0.0,BEARISH,340.0,4406.19,4406.19,4406.19,4406.19,35,CLEARED_>=20s,1.0,0.0,0.0,0.0,0.0,0.0,0.0,PASS_<20%,0.00,0.0,NO,STANDBY_VEL_LOW,1,1321.86,3268.14,132.45,FALSE,M1_DIRECTION_MISMATCH
2026-09-07 19:50:36.269,1788810636.269,6938,35,35,4406.19,4406.27,8.0,PASS_<=10c,+0.0,FLAT,+0.0,+69.0,4.2,+0.00,0.00,SLOW,4405.50,4406.54,4403.14,4406.23,0.00,0.00,0.0,BEARISH,340.0,4406.19,4406.19,4406.19,4406.19,36,CLEARED_>=20s,1.0,0.0,0.0,0.0,0.0,0.0,0.0,PASS_<20%,0.00,0.0,NO,STANDBY_VEL_LOW,1,1321.86,3268.14,132.45,FALSE,M1_DIRECTION_MISMATCH
2026-09-07 19:50:41.783,1788810641.784,6939,36,36,4406.19,4406.27,8.0,PASS_<=10c,+0.0,FLAT,+0.0,+69.0,1.6,+0.00,0.00,SLOW,4405.50,4406.54,4403.14,4406.23,0.00,0.00,0.0,BEARISH,340.0,4406.19,4406.19,4406.19,4406.19,41,CLEARED_>=20s,1.0,0.0,0.0,0.0,0.0,0.0,0.0,PASS_<20%,0.00,0.0,NO,STANDBY_VEL_LOW,1,1321.86,3268.14,132.45,FALSE,M1_DIRECTION_MISMATCH
2026-09-07 19:50:52.020,1788810652.020,6940,37,37,4406.19,4406.27,8.0,PASS_<=10c,+0.0,FLAT,+0.0,+69.0,1.3,+0.00,0.00,SLOW,4405.50,4406.54,4403.14,4406.23,0.00,0.00,0.0,BEARISH,340.0,4406.19,4406.19,4406.19,4406.19,52,CLEARED_>=20s,1.0,0.0,0.0,0.0,0.0,0.0,0.0,PASS_<20%,0.00,0.0,NO,STANDBY_VEL_LOW,1,1321.86,3268.14,132.45,FALSE,M1_DIRECTION_MISMATCH
2026-09-07 19:50:54.632,1788810654.633,6941,38,38,4406.19,4406.27,8.0,PASS_<=10c,+0.0,FLAT,+0.0,+69.0,1.3,+0.00,0.00,SLOW,4405.50,4406.54,4403.14,4406.23,0.00,0.00,0.0,BEARISH,340.0,4406.19,4406.19,4406.19,4406.19,54,CLEARED_>=20s,1.0,0.0,0.0,0.0,0.0,0.0,0.0,PASS_<20%,0.00,0.0,NO,STANDBY_VEL_LOW,1,1321.86,3268.14,132.45,FALSE,M1_DIRECTION_MISMATCH
2026-09-07 19:50:55.134,1788810655.134,6942,39,39,4406.19,4406.27,8.0,PASS_<=10c,+0.0,FLAT,+0.0,+69.0,1.6,+0.00,0.00,SLOW,4405.50,4406.54,4403.14,4406.23,0.00,0.00,0.0,BEARISH,340.0,4406.19,4406.19,4406.19,4406.19,55,CLEARED_>=20s,1.0,0.0,0.0,0.0,0.0,0.0,0.0,PASS_<20%,0.00,0.0,NO,STANDBY_VEL_LOW,1,1321.86,3268.14,132.45,FALSE,M1_DIRECTION_MISMATCH
2026-09-07 19:50:55.635,1788810655.636,6943,40,40,4406.19,4406.27,8.0,PASS_<=10c,+0.0,FLAT,+0.0,+69.0,1.9,+0.00,0.00,SLOW,4405.50,4406.54,4403.14,4406.23,0.00,0.00,0.0,BEARISH,340.0,4406.19,4406.19,4406.19,4406.19,55,CLEARED_>=20s,1.0,0.0,0.0,0.0,0.0,0.0,0.0,PASS_<20%,0.00,0.0,NO,STANDBY_VEL_LOW,1,1321.86,3268.14,132.45,FALSE,M1_DIRECTION_MISMATCH
2026-09-07 19:50:56.137,1788810656.137,6944,41,41,4406.19,4406.27,8.0,PASS_<=10c,+0.0,FLAT,+0.0,+69.0,2.2,+0.00,0.00,SLOW,4405.50,4406.54,4403.14,4406.23,0.00,0.00,0.0,BEARISH,340.0,4406.19,4406.19,4406.19,4406.19,56,CLEARED_>=20s,1.0,0.0,0.0,0.0,0.0,0.0,0.0,PASS_<20%,0.00,0.0,NO,STANDBY_VEL_LOW,1,1321.86,3268.14,132.45,FALSE,M1_DIRECTION_MISMATCH
2026-09-07 19:50:56.639,1788810656.640,6945,42,42,4406.19,4406.27,8.0,PASS_<=10c,+0.0,FLAT,+0.0,+69.0,2.4,+0.00,0.00,SLOW,4405.50,4406.54,4403.14,4406.23,0.00,0.00,0.0,BEARISH,340.0,4406.19,4406.19,4406.19,4406.19,56,CLEARED_>=20s,1.0,0.0,0.0,0.0,0.0,0.0,0.0,PASS_<20%,0.00,0.0,NO,STANDBY_VEL_LOW,1,1321.86,3268.14,132.45,FALSE,M1_DIRECTION_MISMATCH
2026-09-07 19:50:57.140,1788810657.141,6946,43,43,4406.19,4406.27,8.0,PASS_<=10c,+0.0,FLAT,+0.0,+69.0,4.6,+0.00,0.00,SLOW,4405.50,4406.54,4403.14,4406.23,0.00,0.00,0.0,BEARISH,340.0,4406.19,4406.19,4406.19,4406.19,57,CLEARED_>=20s,1.0,0.0,0.0,0.0,0.0,0.0,0.0,PASS_<20%,0.00,0.0,NO,STANDBY_VEL_LOW,1,1321.86,3268.14,132.45,FALSE,M1_DIRECTION_MISMATCH
2026-09-07 19:50:57.641,1788810657.642,6947,44,44,4406.19,4406.27,8.0,PASS_<=10c,+0.0,FLAT,+0.0,+69.0,4.5,+0.00,0.00,SLOW,4405.50,4406.54,4403.14,4406.23,0.00,0.00,0.0,BEARISH,340.0,4406.19,4406.19,4406.19,4406.19,57,CLEARED_>=20s,1.0,0.0,0.0,0.0,0.0,0.0,0.0,PASS_<20%,0.00,0.0,NO,STANDBY_VEL_LOW,1,1321.86,3268.14,132.45,FALSE,M1_DIRECTION_MISMATCH
2026-09-07 19:50:58.143,1788810658.144,6948,45,45,4406.19,4406.27,8.0,PASS_<=10c,+0.0,FLAT,+0.0,+69.0,4.4,+0.00,0.00,SLOW,4405.50,4406.54,4403.14,4406.23,0.00,0.00,0.0,BEARISH,340.0,4406.19,4406.19,4406.19,4406.19,58,CLEARED_>=20s,1.0,0.0,0.0,0.0,0.0,0.0,0.0,PASS_<20%,0.00,0.0,NO,STANDBY_VEL_LOW,1,1321.86,3268.14,132.45,FALSE,M1_DIRECTION_MISMATCH
2026-09-07 19:50:58.645,1788810658.645,6949,46,46,4406.19,4406.27,8.0,PASS_<=10c,+0.0,FLAT,+0.0,+69.0,4.4,+0.00,0.00,SLOW,4405.50,4406.54,4403.14,4406.23,0.00,0.00,0.0,BEARISH,340.0,4406.19,4406.19,4406.19,4406.19,58,CLEARED_>=20s,1.0,0.0,0.0,0.0,0.0,0.0,0.0,PASS_<20%,0.00,0.0,NO,STANDBY_VEL_LOW,1,1321.86,3268.14,132.45,FALSE,M1_DIRECTION_MISMATCH
2026-09-07 19:50:59.146,1788810659.146,6950,47,47,4406.19,4406.27,8.0,PASS_<=10c,+0.0,FLAT,+0.0,+69.0,4.3,+0.00,0.00,SLOW,4405.50,4406.54,4403.14,4406.23,0.00,0.00,0.0,BEARISH,340.0,4406.19,4406.19,4406.19,4406.19,59,CLEARED_>=20s,1.0,0.0,0.0,0.0,0.0,0.0,0.0,PASS_<20%,0.00,0.0,NO,STANDBY_VEL_LOW,1,1321.86,3268.14,132.45,FALSE,M1_DIRECTION_MISMATCH
2026-09-07 19:50:59.648,1788810659.649,6951,48,48,4406.19,4406.27,8.0,PASS_<=10c,+0.0,FLAT,+0.0,+69.0,4.2,+0.00,0.00,SLOW,4405.50,4406.54,4403.14,4406.23,0.00,0.00,0.0,BEARISH,340.0,4406.19,4406.19,4406.19,4406.19,59,CLEARED_>=20s,1.0,0.0,0.0,0.0,0.0,0.0,0.0,PASS_<20%,0.00,0.0,NO,STANDBY_VEL_LOW,1,1321.86,3268.14,132.45,FALSE,M1_DIRECTION_MISMATCH
2026-09-07 19:51:00.150,1788810660.150,6952,1,49,4406.19,4406.27,8.0,PASS_<=10c,+0.0,FLAT,+0.0,+69.0,4.2,+0.00,0.00,SLOW,4405.50,4406.54,4403.14,4406.23,0.00,0.00,0.0,BEARISH,340.0,4406.19,4406.19,4406.19,4406.19,0,ACTIVE_0s,1.0,0.0,0.0,0.0,0.0,0.0,0.0,PASS_<20%,0.00,0.0,NO,STANDBY_VEL_LOW,1,1321.86,3268.14,132.45,FALSE,M1_DIRECTION_MISMATCH|OPENING_SHIELD_ACTIVE_0s
2026-09-07 19:51:00.651,1788810660.652,6953,2,50,4406.19,4406.27,8.0,PASS_<=10c,+0.0,FLAT,+0.0,+69.0,4.2,+0.00,0.00,SLOW,4405.50,4406.54,4403.14,4406.23,0.00,0.00,0.0,BEARISH,340.0,4406.19,4406.19,4406.19,4406.19,0,ACTIVE_0s,1.0,0.0,0.0,0.0,0.0,0.0,0.0,PASS_<20%,0.00,0.0,NO,STANDBY_VEL_LOW,1,1321.86,3268.14,132.45,FALSE,M1_DIRECTION_MISMATCH|OPENING_SHIELD_ACTIVE_0s
2026-09-07 19:51:01.154,1788810661.154,6954,3,51,4406.19,4406.27,8.0,PASS_<=10c,+0.0,FLAT,+0.0,+69.0,4.2,+0.00,0.00,SLOW,4405.50,4406.54,4403.14,4406.23,0.00,0.00,0.0,BEARISH,340.0,4406.19,4406.19,4406.19,4406.19,1,ACTIVE_1s,1.0,0.0,0.0,0.0,0.0,0.0,0.0,PASS_<20%,0.00,0.0,NO,STANDBY_VEL_LOW,1,1321.86,3268.14,132.45,FALSE,M1_DIRECTION_MISMATCH|OPENING_SHIELD_ACTIVE_1s
2026-09-07 19:51:01.655,1788810661.655,6955,4,52,4406.19,4406.27,8.0,PASS_<=10c,+0.0,FLAT,+0.0,+69.0,4.2,+0.00,0.00,SLOW,4405.50,4406.54,4403.14,4406.23,0.00,0.00,0.0,BEARISH,340.0,4406.19,4406.19,4406.19,4406.19,1,ACTIVE_1s,1.0,0.0,0.0,0.0,0.0,0.0,0.0,PASS_<20%,0.00,0.0,NO,STANDBY_VEL_LOW,1,1321.86,3268.14,132.45,FALSE,M1_DIRECTION_MISMATCH|OPENING_SHIELD_ACTIVE_1s
2026-09-07 19:51:02.157,1788810662.158,6956,5,53,4406.19,4406.27,8.0,PASS_<=10c,+0.0,FLAT,+0.0,+69.0,4.2,+0.00,0.00,SLOW,4405.50,4406.54,4403.14,4406.23,0.00,0.00,0.0,BEARISH,340.0,4406.19,4406.19,4406.19,4406.19,2,ACTIVE_2s,1.0,0.0,0.0,0.0,0.0,0.0,0.0,PASS_<20%,0.00,0.0,NO,STANDBY_VEL_LOW,1,1321.86,3268.14,132.45,FALSE,M1_DIRECTION_MISMATCH|OPENING_SHIELD_ACTIVE_2s
2026-09-07 19:51:07.673,1788810667.674,6957,6,54,4406.19,4406.27,8.0,PASS_<=10c,+0.0,FLAT,+0.0,+69.0,1.6,+0.00,0.00,SLOW,4405.50,4406.54,4403.14,4406.23,0.00,0.00,0.0,BEARISH,340.0,4406.19,4406.19,4406.19,4406.19,7,ACTIVE_7s,1.0,0.0,0.0,0.0,0.0,0.0,0.0,PASS_<20%,0.00,0.0,NO,STANDBY_VEL_LOW,1,1321.86,3268.14,132.45,FALSE,M1_DIRECTION_MISMATCH|OPENING_SHIELD_ACTIVE_7s
2026-09-07 19:51:17.906,1788810677.907,6958,7,55,4406.19,4406.27,8.0,PASS_<=10c,+0.0,FLAT,+0.0,+69.0,1.3,+0.00,0.00,SLOW,4405.50,4406.54,4403.14,4406.23,0.00,0.00,0.0,BEARISH,340.0,4406.19,4406.19,4406.19,4406.19,17,ACTIVE_17s,1.0,0.0,0.0,0.0,0.0,0.0,0.0,PASS_<20%,0.00,0.0,NO,STANDBY_VEL_LOW,1,1321.86,3268.14,132.45,FALSE,M1_DIRECTION_MISMATCH|OPENING_SHIELD_ACTIVE_17s
2026-09-07 19:51:19.714,1788810679.714,6959,8,56,4406.19,4406.27,8.0,PASS_<=10c,+0.0,FLAT,+0.0,+69.0,1.7,+0.00,0.00,SLOW,4405.50,4406.54,4403.14,4406.23,0.00,0.00,0.0,BEARISH,340.0,4406.19,4406.19,4406.19,4406.19,19,ACTIVE_19s,1.0,0.0,0.0,0.0,0.0,0.0,0.0,PASS_<20%,0.00,0.0,NO,STANDBY_VEL_LOW,1,1321.86,3268.14,132.45,FALSE,M1_DIRECTION_MISMATCH|OPENING_SHIELD_ACTIVE_19s
2026-09-07 19:51:20.216,1788810680.216,6960,9,57,4406.19,4406.27,8.0,PASS_<=10c,+0.0,FLAT,+0.0,+69.0,2.2,+0.00,0.00,SLOW,4405.50,4406.54,4403.14,4406.23,0.00,0.00,0.0,BEARISH,340.0,4406.19,4406.19,4406.19,4406.19,20,CLEARED_>=20s,1.0,0.0,0.0,0.0,0.0,0.0,0.0,PASS_<20%,0.00,0.0,NO,STANDBY_VEL_LOW,1,1321.86,3268.14,132.45,FALSE,M1_DIRECTION_MISMATCH
2026-09-07 19:51:20.717,1788810680.717,6961,10,58,4406.19,4406.27,8.0,PASS_<=10c,+0.0,FLAT,+0.0,+69.0,2.5,+0.00,0.00,SLOW,4405.50,4406.54,4403.14,4406.23,0.00,0.00,0.0,BEARISH,340.0,4406.19,4406.19,4406.19,4406.19,20,CLEARED_>=20s,1.0,0.0,0.0,0.0,0.0,0.0,0.0,PASS_<20%,0.00,0.0,NO,STANDBY_VEL_LOW,1,1321.86,3268.14,132.45,FALSE,M1_DIRECTION_MISMATCH
2026-09-07 19:51:21.218,1788810681.218,6962,11,59,4406.19,4406.27,8.0,PASS_<=10c,+0.0,FLAT,+0.0,+69.0,2.7,+0.00,0.00,SLOW,4405.50,4406.54,4403.14,4406.23,0.00,0.00,0.0,BEARISH,340.0,4406.19,4406.19,4406.19,4406.19,21,CLEARED_>=20s,1.0,0.0,0.0,0.0,0.0,0.0,0.0,PASS_<20%,0.00,0.0,NO,STANDBY_VEL_LOW,1,1321.86,3268.14,132.45,FALSE,M1_DIRECTION_MISMATCH
2026-09-07 19:51:21.719,1788810681.720,6963,12,60,4406.19,4406.27,8.0,PASS_<=10c,+0.0,FLAT,+0.0,+69.0,2.9,+0.00,0.00,SLOW,4405.50,4406.54,4403.14,4406.23,0.00,0.00,0.0,BEARISH,340.0,4406.19,4406.19,4406.19,4406.19,21,CLEARED_>=20s,1.0,0.0,0.0,0.0,0.0,0.0,0.0,PASS_<20%,0.00,0.0,NO,STANDBY_VEL_LOW,1,1321.86,3268.14,132.45,FALSE,M1_DIRECTION_MISMATCH
2026-09-07 19:51:22.222,1788810682.222,6964,13,61,4406.19,4406.27,8.0,PASS_<=10c,+0.0,FLAT,+0.0,+69.0,3.0,+0.00,0.00,SLOW,4405.50,4406.54,4403.14,4406.23,0.00,0.00,0.0,BEARISH,340.0,4406.19,4406.19,4406.19,4406.19,22,CLEARED_>=20s,1.0,0.0,0.0,0.0,0.0,0.0,0.0,PASS_<20%,0.00,0.0,NO,STANDBY_VEL_LOW,1,1321.86,3268.14,132.45,FALSE,M1_DIRECTION_MISMATCH
2026-09-07 19:51:22.724,1788810682.725,6965,14,62,4406.19,4406.27,8.0,PASS_<=10c,+0.0,FLAT,+0.0,+69.0,3.1,+0.00,0.00,SLOW,4405.50,4406.54,4403.14,4406.23,0.00,0.00,0.0,BEARISH,340.0,4406.19,4406.19,4406.19,4406.19,22,CLEARED_>=20s,1.0,0.0,0.0,0.0,0.0,0.0,0.0,PASS_<20%,0.00,0.0,NO,STANDBY_VEL_LOW,1,1321.86,3268.14,132.45,FALSE,M1_DIRECTION_MISMATCH
2026-09-07 19:51:23.226,1788810683.227,6966,15,63,4406.19,4406.27,8.0,PASS_<=10c,+0.0,FLAT,+0.0,+69.0,4.4,+0.00,0.00,SLOW,4405.50,4406.54,4403.14,4406.23,0.00,0.00,0.0,BEARISH,340.0,4406.19,4406.19,4406.19,4406.19,23,CLEARED_>=20s,1.0,0.0,0.0,0.0,0.0,0.0,0.0,PASS_<20%,0.00,0.0,NO,STANDBY_VEL_LOW,1,1321.86,3268.14,132.45,FALSE,M1_DIRECTION_MISMATCH
2026-09-07 19:51:23.736,1788810683.737,6967,16,64,4406.19,4406.27,8.0,PASS_<=10c,+0.0,FLAT,+0.0,+69.0,4.4,+0.00,0.00,SLOW,4405.50,4406.54,4403.14,4406.23,0.00,0.00,0.0,BEARISH,340.0,4406.19,4406.19,4406.19,4406.19,23,CLEARED_>=20s,1.0,0.0,0.0,0.0,0.0,0.0,0.0,PASS_<20%,0.00,0.0,NO,STANDBY_VEL_LOW,1,1321.86,3268.14,132.45,FALSE,M1_DIRECTION_MISMATCH
2026-09-07 19:51:24.238,1788810684.238,6968,17,65,4406.19,4406.27,8.0,PASS_<=10c,+0.0,FLAT,+0.0,+69.0,4.3,+0.00,0.00,SLOW,4405.50,4406.54,4403.14,4406.23,0.00,0.00,0.0,BEARISH,340.0,4406.19,4406.19,4406.19,4406.19,24,CLEARED_>=20s,1.0,0.0,0.0,0.0,0.0,0.0,0.0,PASS_<20%,0.00,0.0,NO,STANDBY_VEL_LOW,1,1321.86,3268.14,132.45,FALSE,M1_DIRECTION_MISMATCH
2026-09-07 19:51:24.739,1788810684.740,6969,18,66,4406.19,4406.27,8.0,PASS_<=10c,+0.0,FLAT,+0.0,+69.0,4.2,+0.00,0.00,SLOW,4405.50,4406.54,4403.14,4406.23,0.00,0.00,0.0,BEARISH,340.0,4406.19,4406.19,4406.19,4406.19,24,CLEARED_>=20s,1.0,0.0,0.0,0.0,0.0,0.0,0.0,PASS_<20%,0.00,0.0,NO,STANDBY_VEL_LOW,1,1321.86,3268.14,132.45,FALSE,M1_DIRECTION_MISMATCH
2026-09-07 19:51:25.242,1788810685.242,6970,19,67,4406.19,4406.27,8.0,PASS_<=10c,+0.0,FLAT,+0.0,+69.0,4.2,+0.00,0.00,SLOW,4405.50,4406.54,4403.14,4406.23,0.00,0.00,0.0,BEARISH,340.0,4406.19,4406.19,4406.19,4406.19,25,CLEARED_>=20s,1.0,0.0,0.0,0.0,0.0,0.0,0.0,PASS_<20%,0.00,0.0,NO,STANDBY_VEL_LOW,1,1321.86,3268.14,132.45,FALSE,M1_DIRECTION_MISMATCH
2026-09-07 19:51:25.742,1788810685.743,6971,20,68,4406.19,4406.27,8.0,PASS_<=10c,+0.0,FLAT,+0.0,+69.0,4.2,+0.00,0.00,SLOW,4405.50,4406.54,4403.14,4406.23,0.00,0.00,0.0,BEARISH,340.0,4406.19,4406.19,4406.19,4406.19,25,CLEARED_>=20s,1.0,0.0,0.0,0.0,0.0,0.0,0.0,PASS_<20%,0.00,0.0,NO,STANDBY_VEL_LOW,1,1321.86,3268.14,132.45,FALSE,M1_DIRECTION_MISMATCH
2026-09-07 19:51:26.244,1788810686.245,6972,21,69,4406.19,4406.27,8.0,PASS_<=10c,+0.0,FLAT,+0.0,+69.0,4.2,+0.00,0.00,SLOW,4405.50,4406.54,4403.14,4406.23,0.00,0.00,0.0,BEARISH,340.0,4406.19,4406.19,4406.19,4406.19,26,CLEARED_>=20s,1.0,0.0,0.0,0.0,0.0,0.0,0.0,PASS_<20%,0.00,0.0,NO,STANDBY_VEL_LOW,1,1321.86,3268.14,132.45,FALSE,M1_DIRECTION_MISMATCH
2026-09-07 19:51:26.746,1788810686.746,6973,22,70,4406.19,4406.27,8.0,PASS_<=10c,+0.0,FLAT,+0.0,+69.0,4.2,+0.00,0.00,SLOW,4405.50,4406.54,4403.14,4406.23,0.00,0.00,0.0,BEARISH,340.0,4406.19,4406.19,4406.19,4406.19,26,CLEARED_>=20s,1.0,0.0,0.0,0.0,0.0,0.0,0.0,PASS_<20%,0.00,0.0,NO,STANDBY_VEL_LOW,1,1321.86,3268.14,132.45,FALSE,M1_DIRECTION_MISMATCH
2026-09-07 19:51:27.247,1788810687.248,6974,23,71,4406.19,4406.27,8.0,PASS_<=10c,+0.0,FLAT,+0.0,+69.0,4.2,+0.00,0.00,SLOW,4405.50,4406.54,4403.14,4406.23,0.00,0.00,0.0,BEARISH,340.0,4406.19,4406.19,4406.19,4406.19,27,CLEARED_>=20s,1.0,0.0,0.0,0.0,0.0,0.0,0.0,PASS_<20%,0.00,0.0,NO,STANDBY_VEL_LOW,1,1321.86,3268.14,132.45,FALSE,M1_DIRECTION_MISMATCH
2026-09-07 19:51:32.766,1788810692.766,6975,24,72,4406.19,4406.27,8.0,PASS_<=10c,+0.0,FLAT,+0.0,+69.0,1.5,+0.00,0.00,SLOW,4405.50,4406.54,4403.14,4406.23,0.00,0.00,0.0,BEARISH,340.0,4406.19,4406.19,4406.19,4406.19,32,CLEARED_>=20s,1.0,0.0,0.0,0.0,0.0,0.0,0.0,PASS_<20%,0.00,0.0,NO,STANDBY_VEL_LOW,1,1321.86,3268.14,132.45,FALSE,M1_DIRECTION_MISMATCH
2026-09-07 19:51:43.010,1788810703.011,6976,25,73,4406.19,4406.27,8.0,PASS_<=10c,+0.0,FLAT,+0.0,+69.0,1.3,+0.00,0.00,SLOW,4405.50,4406.54,4403.14,4406.23,0.00,0.00,0.0,BEARISH,340.0,4406.19,4406.19,4406.19,4406.19,43,CLEARED_>=20s,1.0,0.0,0.0,0.0,0.0,0.0,0.0,PASS_<20%,0.00,0.0,NO,STANDBY_VEL_LOW,1,1321.86,3268.14,132.45,FALSE,M1_DIRECTION_MISMATCH
2026-09-07 19:51:44.818,1788810704.818,6977,26,74,4406.19,4406.27,8.0,PASS_<=10c,+0.0,FLAT,+0.0,+69.0,1.7,+0.00,0.00,SLOW,4405.50,4406.54,4403.14,4406.23,0.00,0.00,0.0,BEARISH,340.0,4406.19,4406.19,4406.19,4406.19,44,CLEARED_>=20s,1.0,0.0,0.0,0.0,0.0,0.0,0.0,PASS_<20%,0.00,0.0,NO,STANDBY_VEL_LOW,1,1321.86,3268.14,132.45,FALSE,M1_DIRECTION_MISMATCH
2026-09-07 19:51:45.319,1788810705.319,6978,27,75,4406.19,4406.27,8.0,PASS_<=10c,+0.0,FLAT,+0.0,+69.0,2.2,+0.00,0.00,SLOW,4405.50,4406.54,4403.14,4406.23,0.00,0.00,0.0,BEARISH,340.0,4406.19,4406.19,4406.19,4406.19,45,CLEARED_>=20s,1.0,0.0,0.0,0.0,0.0,0.0,0.0,PASS_<20%,0.00,0.0,NO,STANDBY_VEL_LOW,1,1321.86,3268.14,132.45,FALSE,M1_DIRECTION_MISMATCH
2026-09-07 19:51:45.820,1788810705.820,6979,28,76,4406.19,4406.27,8.0,PASS_<=10c,+0.0,FLAT,+0.0,+69.0,2.5,+0.00,0.00,SLOW,4405.50,4406.54,4403.14,4406.23,0.00,0.00,0.0,BEARISH,340.0,4406.19,4406.19,4406.19,4406.19,45,CLEARED_>=20s,1.0,0.0,0.0,0.0,0.0,0.0,0.0,PASS_<20%,0.00,0.0,NO,STANDBY_VEL_LOW,1,1321.86,3268.14,132.45,FALSE,M1_DIRECTION_MISMATCH
2026-09-07 19:51:46.321,1788810706.322,6980,29,77,4406.19,4406.27,8.0,PASS_<=10c,+0.0,FLAT,+0.0,+69.0,2.7,+0.00,0.00,SLOW,4405.50,4406.54,4403.14,4406.23,0.00,0.00,0.0,BEARISH,340.0,4406.19,4406.19,4406.19,4406.19,46,CLEARED_>=20s,1.0,0.0,0.0,0.0,0.0,0.0,0.0,PASS_<20%,0.00,0.0,NO,STANDBY_VEL_LOW,1,1321.86,3268.14,132.45,FALSE,M1_DIRECTION_MISMATCH
2026-09-07 19:51:46.823,1788810706.824,6981,30,78,4406.19,4406.27,8.0,PASS_<=10c,+0.0,FLAT,+0.0,+69.0,2.9,+0.00,0.00,SLOW,4405.50,4406.54,4403.14,4406.23,0.00,0.00,0.0,BEARISH,340.0,4406.19,4406.19,4406.19,4406.19,46,CLEARED_>=20s,1.0,0.0,0.0,0.0,0.0,0.0,0.0,PASS_<20%,0.00,0.0,NO,STANDBY_VEL_LOW,1,1321.86,3268.14,132.45,FALSE,M1_DIRECTION_MISMATCH
2026-09-07 19:51:47.325,1788810707.325,6982,31,79,4406.19,4406.27,8.0,PASS_<=10c,+0.0,FLAT,+0.0,+69.0,3.0,+0.00,0.00,SLOW,4405.50,4406.54,4403.14,4406.23,0.00,0.00,0.0,BEARISH,340.0,4406.19,4406.19,4406.19,4406.19,47,CLEARED_>=20s,1.0,0.0,0.0,0.0,0.0,0.0,0.0,PASS_<20%,0.00,0.0,NO,STANDBY_VEL_LOW,1,1321.86,3268.14,132.45,FALSE,M1_DIRECTION_MISMATCH
2026-09-07 19:51:47.827,1788810707.827,6983,32,80,4406.19,4406.27,8.0,PASS_<=10c,+0.0,FLAT,+0.0,+69.0,3.1,+0.00,0.00,SLOW,4405.50,4406.54,4403.14,4406.23,0.00,0.00,0.0,BEARISH,340.0,4406.19,4406.19,4406.19,4406.19,47,CLEARED_>=20s,1.0,0.0,0.0,0.0,0.0,0.0,0.0,PASS_<20%,0.00,0.0,NO,STANDBY_VEL_LOW,1,1321.86,3268.14,132.45,FALSE,M1_DIRECTION_MISMATCH
2026-09-07 19:51:48.328,1788810708.328,6984,33,81,4406.19,4406.27,8.0,PASS_<=10c,+0.0,FLAT,+0.0,+69.0,4.4,+0.00,0.00,SLOW,4405.50,4406.54,4403.14,4406.23,0.00,0.00,0.0,BEARISH,340.0,4406.19,4406.19,4406.19,4406.19,48,CLEARED_>=20s,1.0,0.0,0.0,0.0,0.0,0.0,0.0,PASS_<20%,0.00,0.0,NO,STANDBY_VEL_LOW,1,1321.86,3268.14,132.45,FALSE,M1_DIRECTION_MISMATCH
2026-09-07 19:51:48.829,1788810708.830,6985,34,82,4406.19,4406.27,8.0,PASS_<=10c,+0.0,FLAT,+0.0,+69.0,4.4,+0.00,0.00,SLOW,4405.50,4406.54,4403.14,4406.23,0.00,0.00,0.0,BEARISH,340.0,4406.19,4406.19,4406.19,4406.19,48,CLEARED_>=20s,1.0,0.0,0.0,0.0,0.0,0.0,0.0,PASS_<20%,0.00,0.0,NO,STANDBY_VEL_LOW,1,1321.86,3268.14,132.45,FALSE,M1_DIRECTION_MISMATCH
2026-09-07 19:51:49.332,1788810709.332,6986,35,83,4406.19,4406.27,8.0,PASS_<=10c,+0.0,FLAT,+0.0,+69.0,4.3,+0.00,0.00,SLOW,4405.50,4406.54,4403.14,4406.23,0.00,0.00,0.0,BEARISH,340.0,4406.19,4406.19,4406.19,4406.19,49,CLEARED_>=20s,1.0,0.0,0.0,0.0,0.0,0.0,0.0,PASS_<20%,0.00,0.0,NO,STANDBY_VEL_LOW,1,1321.86,3268.14,132.45,FALSE,M1_DIRECTION_MISMATCH
2026-09-07 19:51:49.834,1788810709.834,6987,36,84,4406.19,4406.27,8.0,PASS_<=10c,+0.0,FLAT,+0.0,+69.0,4.2,+0.00,0.00,SLOW,4405.50,4406.54,4403.14,4406.23,0.00,0.00,0.0,BEARISH,340.0,4406.19,4406.19,4406.19,4406.19,49,CLEARED_>=20s,1.0,0.0,0.0,0.0,0.0,0.0,0.0,PASS_<20%,0.00,0.0,NO,STANDBY_VEL_LOW,1,1321.86,3268.14,132.45,FALSE,M1_DIRECTION_MISMATCH
2026-09-07 19:51:50.345,1788810710.346,6988,37,85,4406.19,4406.27,8.0,PASS_<=10c,+0.0,FLAT,+0.0,+69.0,4.2,+0.00,0.00,SLOW,4405.50,4406.54,4403.14,4406.23,0.00,0.00,0.0,BEARISH,340.0,4406.19,4406.19,4406.19,4406.19,50,CLEARED_>=20s,1.0,0.0,0.0,0.0,0.0,0.0,0.0,PASS_<20%,0.00,0.0,NO,STANDBY_VEL_LOW,1,1321.86,3268.14,132.45,FALSE,M1_DIRECTION_MISMATCH
2026-09-07 19:51:50.846,1788810710.847,6989,38,86,4406.19,4406.27,8.0,PASS_<=10c,+0.0,FLAT,+0.0,+69.0,4.2,+0.00,0.00,SLOW,4405.50,4406.54,4403.14,4406.23,0.00,0.00,0.0,BEARISH,340.0,4406.19,4406.19,4406.19,4406.19,50,CLEARED_>=20s,1.0,0.0,0.0,0.0,0.0,0.0,0.0,PASS_<20%,0.00,0.0,NO,STANDBY_VEL_LOW,1,1321.86,3268.14,132.45,FALSE,M1_DIRECTION_MISMATCH
2026-09-07 19:51:51.348,1788810711.349,6990,39,87,4406.19,4406.27,8.0,PASS_<=10c,+0.0,FLAT,+0.0,+69.0,4.2,+0.00,0.00,SLOW,4405.50,4406.54,4403.14,4406.23,0.00,0.00,0.0,BEARISH,340.0,4406.19,4406.19,4406.19,4406.19,51,CLEARED_>=20s,1.0,0.0,0.0,0.0,0.0,0.0,0.0,PASS_<20%,0.00,0.0,NO,STANDBY_VEL_LOW,1,1321.86,3268.14,132.45,FALSE,M1_DIRECTION_MISMATCH
2026-09-07 19:51:51.850,1788810711.851,6991,40,88,4406.19,4406.27,8.0,PASS_<=10c,+0.0,FLAT,+0.0,+69.0,4.2,+0.00,0.00,SLOW,4405.50,4406.54,4403.14,4406.23,0.00,0.00,0.0,BEARISH,340.0,4406.19,4406.19,4406.19,4406.19,51,CLEARED_>=20s,1.0,0.0,0.0,0.0,0.0,0.0,0.0,PASS_<20%,0.00,0.0,NO,STANDBY_VEL_LOW,1,1321.86,3268.14,132.45,FALSE,M1_DIRECTION_MISMATCH
2026-09-07 19:51:52.351,1788810712.351,6992,41,89,4406.19,4406.27,8.0,PASS_<=10c,+0.0,FLAT,+0.0,+69.0,4.2,+0.00,0.00,SLOW,4405.50,4406.54,4403.14,4406.23,0.00,0.00,0.0,BEARISH,340.0,4406.19,4406.19,4406.19,4406.19,52,CLEARED_>=20s,1.0,0.0,0.0,0.0,0.0,0.0,0.0,PASS_<20%,0.00,0.0,NO,STANDBY_VEL_LOW,1,1321.86,3268.14,132.45,FALSE,M1_DIRECTION_MISMATCH
2026-09-07 19:51:57.864,1788810717.864,6993,42,90,4406.19,4406.27,8.0,PASS_<=10c,+0.0,FLAT,+0.0,+69.0,1.5,+0.00,0.00,SLOW,4405.50,4406.54,4403.14,4406.23,0.00,0.00,0.0,BEARISH,340.0,4406.19,4406.19,4406.19,4406.19,57,CLEARED_>=20s,1.0,0.0,0.0,0.0,0.0,0.0,0.0,PASS_<20%,0.00,0.0,NO,STANDBY_VEL_LOW,1,1321.86,3268.14,132.45,FALSE,M1_DIRECTION_MISMATCH
2026-09-07 19:52:08.091,1788810728.091,6994,1,91,4406.19,4406.27,8.0,PASS_<=10c,+0.0,FLAT,+0.0,+69.0,1.3,+0.00,0.00,SLOW,4405.50,4406.54,4403.14,4406.23,0.00,0.00,0.0,BEARISH,340.0,4406.19,4406.19,4406.19,4406.19,8,ACTIVE_8s,1.0,0.0,0.0,0.0,0.0,0.0,0.0,PASS_<20%,0.00,0.0,NO,STANDBY_VEL_LOW,1,1321.86,3268.14,132.45,FALSE,M1_DIRECTION_MISMATCH|OPENING_SHIELD_ACTIVE_8s
2026-09-07 19:52:09.901,1788810729.901,6995,2,92,4406.19,4406.27,8.0,PASS_<=10c,+0.0,FLAT,+0.0,+69.0,1.7,+0.00,0.00,SLOW,4405.50,4406.54,4403.14,4406.23,0.00,0.00,0.0,BEARISH,340.0,4406.19,4406.19,4406.19,4406.19,9,ACTIVE_9s,1.0,0.0,0.0,0.0,0.0,0.0,0.0,PASS_<20%,0.00,0.0,NO,STANDBY_VEL_LOW,1,1321.86,3268.14,132.45,FALSE,M1_DIRECTION_MISMATCH|OPENING_SHIELD_ACTIVE_9s
2026-09-07 19:52:10.403,1788810730.403,6996,3,93,4406.19,4406.27,8.0,PASS_<=10c,+0.0,FLAT,+0.0,+69.0,2.2,+0.00,0.00,SLOW,4405.50,4406.54,4403.14,4406.23,0.00,0.00,0.0,BEARISH,340.0,4406.19,4406.19,4406.19,4406.19,10,ACTIVE_10s,1.0,0.0,0.0,0.0,0.0,0.0,0.0,PASS_<20%,0.00,0.0,NO,STANDBY_VEL_LOW,1,1321.86,3268.14,132.45,FALSE,M1_DIRECTION_MISMATCH|OPENING_SHIELD_ACTIVE_10s
2026-09-07 19:52:10.904,1788810730.904,6997,4,94,4406.19,4406.27,8.0,PASS_<=10c,+0.0,FLAT,+0.0,+69.0,2.5,+0.00,0.00,SLOW,4405.50,4406.54,4403.14,4406.23,0.00,0.00,0.0,BEARISH,340.0,4406.19,4406.19,4406.19,4406.19,10,ACTIVE_10s,1.0,0.0,0.0,0.0,0.0,0.0,0.0,PASS_<20%,0.00,0.0,NO,STANDBY_VEL_LOW,1,1321.86,3268.14,132.45,FALSE,M1_DIRECTION_MISMATCH|OPENING_SHIELD_ACTIVE_10s
2026-09-07 19:52:11.406,1788810731.406,6998,5,95,4406.19,4406.27,8.0,PASS_<=10c,+0.0,FLAT,+0.0,+69.0,2.7,+0.00,0.00,SLOW,4405.50,4406.54,4403.14,4406.23,0.00,0.00,0.0,BEARISH,340.0,4406.19,4406.19,4406.19,4406.19,11,ACTIVE_11s,1.0,0.0,0.0,0.0,0.0,0.0,0.0,PASS_<20%,0.00,0.0,NO,STANDBY_VEL_LOW,1,1321.86,3268.14,132.45,FALSE,M1_DIRECTION_MISMATCH|OPENING_SHIELD_ACTIVE_11s
2026-09-07 19:52:11.907,1788810731.908,6999,6,96,4406.19,4406.27,8.0,PASS_<=10c,+0.0,FLAT,+0.0,+69.0,2.9,+0.00,0.00,SLOW,4405.50,4406.54,4403.14,4406.23,0.00,0.00,0.0,BEARISH,340.0,4406.19,4406.19,4406.19,4406.19,11,ACTIVE_11s,1.0,0.0,0.0,0.0,0.0,0.0,0.0,PASS_<20%,0.00,0.0,NO,STANDBY_VEL_LOW,1,1321.86,3268.14,132.45,FALSE,M1_DIRECTION_MISMATCH|OPENING_SHIELD_ACTIVE_11s
2026-09-07 19:52:12.409,1788810732.410,7000,7,97,4406.19,4406.27,8.0,PASS_<=10c,+0.0,FLAT,+0.0,+69.0,3.0,+0.00,0.00,SLOW,4405.50,4406.54,4403.14,4406.23,0.00,0.00,0.0,BEARISH,340.0,4406.19,4406.19,4406.19,4406.19,12,ACTIVE_12s,1.0,0.0,0.0,0.0,0.0,0.0,0.0,PASS_<20%,0.00,0.0,NO,STANDBY_VEL_LOW,1,1321.86,3268.14,132.45,FALSE,M1_DIRECTION_MISMATCH|OPENING_SHIELD_ACTIVE_12s
2026-09-07 19:52:12.911,1788810732.912,7001,8,98,4406.19,4406.27,8.0,PASS_<=10c,+0.0,FLAT,+0.0,+69.0,3.1,+0.00,0.00,SLOW,4405.50,4406.54,4403.14,4406.23,0.00,0.00,0.0,BEARISH,340.0,4406.19,4406.19,4406.19,4406.19,12,ACTIVE_12s,1.0,0.0,0.0,0.0,0.0,0.0,0.0,PASS_<20%,0.00,0.0,NO,STANDBY_VEL_LOW,1,1321.86,3268.14,132.45,FALSE,M1_DIRECTION_MISMATCH|OPENING_SHIELD_ACTIVE_12s
2026-09-07 19:52:13.413,1788810733.413,7002,9,99,4406.19,4406.27,8.0,PASS_<=10c,+0.0,FLAT,+0.0,+69.0,4.4,+0.00,0.00,SLOW,4405.50,4406.54,4403.14,4406.23,0.00,0.00,0.0,BEARISH,340.0,4406.19,4406.19,4406.19,4406.19,13,ACTIVE_13s,1.0,0.0,0.0,0.0,0.0,0.0,0.0,PASS_<20%,0.00,0.0,NO,STANDBY_VEL_LOW,1,1321.86,3268.14,132.45,FALSE,M1_DIRECTION_MISMATCH|OPENING_SHIELD_ACTIVE_13s
2026-09-07 19:52:13.914,1788810733.914,7003,10,100,4406.19,4406.27,8.0,PASS_<=10c,+0.0,FLAT,+0.0,+69.0,4.4,+0.00,0.00,SLOW,4405.50,4406.54,4403.14,4406.23,0.00,0.00,0.0,BEARISH,340.0,4406.19,4406.19,4406.19,4406.19,13,ACTIVE_13s,1.0,0.0,0.0,0.0,0.0,0.0,0.0,PASS_<20%,0.00,0.0,NO,STANDBY_VEL_LOW,1,1321.86,3268.14,132.45,FALSE,M1_DIRECTION_MISMATCH|OPENING_SHIELD_ACTIVE_13s
2026-09-07 19:52:14.415,1788810734.416,7004,11,101,4406.19,4406.27,8.0,PASS_<=10c,+0.0,FLAT,+0.0,+69.0,4.3,+0.00,0.00,SLOW,4405.50,4406.54,4403.14,4406.23,0.00,0.00,0.0,BEARISH,340.0,4406.19,4406.19,4406.19,4406.19,14,ACTIVE_14s,1.0,0.0,0.0,0.0,0.0,0.0,0.0,PASS_<20%,0.00,0.0,NO,STANDBY_VEL_LOW,1,1321.86,3268.14,132.45,FALSE,M1_DIRECTION_MISMATCH|OPENING_SHIELD_ACTIVE_14s
2026-09-07 19:52:14.917,1788810734.918,7005,12,102,4406.19,4406.27,8.0,PASS_<=10c,+0.0,FLAT,+0.0,+69.0,4.2,+0.00,0.00,SLOW,4405.50,4406.54,4403.14,4406.23,0.00,0.00,0.0,BEARISH,340.0,4406.19,4406.19,4406.19,4406.19,14,ACTIVE_14s,1.0,0.0,0.0,0.0,0.0,0.0,0.0,PASS_<20%,0.00,0.0,NO,STANDBY_VEL_LOW,1,1321.86,3268.14,132.45,FALSE,M1_DIRECTION_MISMATCH|OPENING_SHIELD_ACTIVE_14s
2026-09-07 19:52:15.420,1788810735.420,7006,13,103,4406.19,4406.27,8.0,PASS_<=10c,+0.0,FLAT,+0.0,+69.0,4.2,+0.00,0.00,SLOW,4405.50,4406.54,4403.14,4406.23,0.00,0.00,0.0,BEARISH,340.0,4406.19,4406.19,4406.19,4406.19,15,ACTIVE_15s,1.0,0.0,0.0,0.0,0.0,0.0,0.0,PASS_<20%,0.00,0.0,NO,STANDBY_VEL_LOW,1,1321.86,3268.14,132.45,FALSE,M1_DIRECTION_MISMATCH|OPENING_SHIELD_ACTIVE_15s
2026-09-07 19:52:15.920,1788810735.920,7007,14,104,4406.19,4406.27,8.0,PASS_<=10c,+0.0,FLAT,+0.0,+69.0,4.2,+0.00,0.00,SLOW,4405.50,4406.54,4403.14,4406.23,0.00,0.00,0.0,BEARISH,340.0,4406.19,4406.19,4406.19,4406.19,15,ACTIVE_15s,1.0,0.0,0.0,0.0,0.0,0.0,0.0,PASS_<20%,0.00,0.0,NO,STANDBY_VEL_LOW,1,1321.86,3268.14,132.45,FALSE,M1_DIRECTION_MISMATCH|OPENING_SHIELD_ACTIVE_15s
2026-09-07 19:52:16.421,1788810736.421,7008,15,105,4406.19,4406.27,8.0,PASS_<=10c,+0.0,FLAT,+0.0,+69.0,4.2,+0.00,0.00,SLOW,4405.50,4406.54,4403.14,4406.23,0.00,0.00,0.0,BEARISH,340.0,4406.19,4406.19,4406.19,4406.19,16,ACTIVE_16s,1.0,0.0,0.0,0.0,0.0,0.0,0.0,PASS_<20%,0.00,0.0,NO,STANDBY_VEL_LOW,1,1321.86,3268.14,132.45,FALSE,M1_DIRECTION_MISMATCH|OPENING_SHIELD_ACTIVE_16s
2026-09-07 19:52:16.922,1788810736.923,7009,16,106,4406.19,4406.27,8.0,PASS_<=10c,+0.0,FLAT,+0.0,+69.0,4.2,+0.00,0.00,SLOW,4405.50,4406.54,4403.14,4406.23,0.00,0.00,0.0,BEARISH,340.0,4406.19,4406.19,4406.19,4406.19,16,ACTIVE_16s,1.0,0.0,0.0,0.0,0.0,0.0,0.0,PASS_<20%,0.00,0.0,NO,STANDBY_VEL_LOW,1,1321.86,3268.14,132.45,FALSE,M1_DIRECTION_MISMATCH|OPENING_SHIELD_ACTIVE_16s
2026-09-07 19:52:17.424,1788810737.424,7010,17,107,4406.19,4406.27,8.0,PASS_<=10c,+0.0,FLAT,+0.0,+69.0,4.2,+0.00,0.00,SLOW,4405.50,4406.54,4403.14,4406.23,0.00,0.00,0.0,BEARISH,340.0,4406.19,4406.19,4406.19,4406.19,17,ACTIVE_17s,1.0,0.0,0.0,0.0,0.0,0.0,0.0,PASS_<20%,0.00,0.0,NO,STANDBY_VEL_LOW,1,1321.86,3268.14,132.45,FALSE,M1_DIRECTION_MISMATCH|OPENING_SHIELD_ACTIVE_17s
2026-09-07 19:52:22.937,1788810742.937,7011,18,108,4406.19,4406.27,8.0,PASS_<=10c,+0.0,FLAT,+0.0,+69.0,1.5,+0.00,0.00,SLOW,4405.50,4406.54,4403.14,4406.23,0.00,0.00,0.0,BEARISH,340.0,4406.19,4406.19,4406.19,4406.19,22,CLEARED_>=20s,1.0,0.0,0.0,0.0,0.0,0.0,0.0,PASS_<20%,0.00,0.0,NO,STANDBY_VEL_LOW,1,1321.86,3268.14,132.45,FALSE,M1_DIRECTION_MISMATCH
2026-09-07 19:52:33.167,1788810753.167,7012,19,109,4406.19,4406.27,8.0,PASS_<=10c,+0.0,FLAT,+0.0,+69.0,1.3,+0.00,0.00,SLOW,4405.50,4406.54,4403.14,4406.23,0.00,0.00,0.0,BEARISH,340.0,4406.19,4406.19,4406.19,4406.19,33,CLEARED_>=20s,1.0,0.0,0.0,0.0,0.0,0.0,0.0,PASS_<20%,0.00,0.0,NO,STANDBY_VEL_LOW,1,1321.86,3268.14,132.45,FALSE,M1_DIRECTION_MISMATCH
2026-09-07 19:52:33.975,1788810753.976,7013,20,110,4406.19,4406.27,8.0,PASS_<=10c,+0.0,FLAT,+0.0,+69.0,3.0,+0.00,0.00,SLOW,4405.50,4406.54,4403.14,4406.23,0.00,0.00,0.0,BEARISH,340.0,4406.19,4406.19,4406.19,4406.19,33,CLEARED_>=20s,1.0,0.0,0.0,0.0,0.0,0.0,0.0,PASS_<20%,0.00,0.0,NO,STANDBY_VEL_LOW,1,1321.86,3268.14,132.45,FALSE,M1_DIRECTION_MISMATCH
2026-09-07 19:52:34.474,1788810754.475,7014,21,111,4406.19,4406.27,8.0,PASS_<=10c,+0.0,FLAT,+0.0,+69.0,3.8,+0.00,0.00,SLOW,4405.50,4406.54,4403.14,4406.23,0.00,0.00,0.0,BEARISH,340.0,4406.19,4406.19,4406.19,4406.19,34,CLEARED_>=20s,1.0,0.0,0.0,0.0,0.0,0.0,0.0,PASS_<20%,0.00,0.0,NO,STANDBY_VEL_LOW,1,1321.86,3268.14,132.45,FALSE,M1_DIRECTION_MISMATCH
2026-09-07 19:52:34.978,1788810754.979,7015,22,112,4406.19,4406.27,8.0,PASS_<=10c,+0.0,FLAT,+0.0,+69.0,3.9,+0.00,0.00,SLOW,4405.50,4406.54,4403.14,4406.23,0.00,0.00,0.0,BEARISH,340.0,4406.19,4406.19,4406.19,4406.19,34,CLEARED_>=20s,1.0,0.0,0.0,0.0,0.0,0.0,0.0,PASS_<20%,0.00,0.0,NO,STANDBY_VEL_LOW,1,1321.86,3268.14,132.45,FALSE,M1_DIRECTION_MISMATCH
2026-09-07 19:52:35.479,1788810755.479,7016,23,113,4406.19,4406.27,8.0,PASS_<=10c,+0.0,FLAT,+0.0,+69.0,3.9,+0.00,0.00,SLOW,4405.50,4406.54,4403.14,4406.23,0.00,0.00,0.0,BEARISH,340.0,4406.19,4406.19,4406.19,4406.19,35,CLEARED_>=20s,1.0,0.0,0.0,0.0,0.0,0.0,0.0,PASS_<20%,0.00,0.0,NO,STANDBY_VEL_LOW,1,1321.86,3268.14,132.45,FALSE,M1_DIRECTION_MISMATCH
2026-09-07 19:52:35.980,1788810755.980,7017,24,114,4406.19,4406.27,8.0,PASS_<=10c,+0.0,FLAT,+0.0,+69.0,3.9,+0.00,0.00,SLOW,4405.50,4406.54,4403.14,4406.23,0.00,0.00,0.0,BEARISH,340.0,4406.19,4406.19,4406.19,4406.19,35,CLEARED_>=20s,1.0,0.0,0.0,0.0,0.0,0.0,0.0,PASS_<20%,0.00,0.0,NO,STANDBY_VEL_LOW,1,1321.86,3268.14,132.45,FALSE,M1_DIRECTION_MISMATCH
2026-09-07 19:52:36.482,1788810756.483,7018,25,115,4406.19,4406.27,8.0,PASS_<=10c,+0.0,FLAT,+0.0,+69.0,3.9,+0.00,0.00,SLOW,4405.50,4406.54,4403.14,4406.23,0.00,0.00,0.0,BEARISH,340.0,4406.19,4406.19,4406.19,4406.19,36,CLEARED_>=20s,1.0,0.0,0.0,0.0,0.0,0.0,0.0,PASS_<20%,0.00,0.0,NO,STANDBY_VEL_LOW,1,1321.86,3268.14,132.45,FALSE,M1_DIRECTION_MISMATCH
2026-09-07 19:52:36.984,1788810756.985,7019,26,116,4406.19,4406.27,8.0,PASS_<=10c,+0.0,FLAT,+0.0,+69.0,3.9,+0.00,0.00,SLOW,4405.50,4406.54,4403.14,4406.23,0.00,0.00,0.0,BEARISH,340.0,4406.19,4406.19,4406.19,4406.19,36,CLEARED_>=20s,1.0,0.0,0.0,0.0,0.0,0.0,0.0,PASS_<20%,0.00,0.0,NO,STANDBY_VEL_LOW,1,1321.86,3268.14,132.45,FALSE,M1_DIRECTION_MISMATCH
2026-09-07 19:52:37.486,1788810757.487,7020,27,117,4406.19,4406.27,8.0,PASS_<=10c,+0.0,FLAT,+0.0,+69.0,3.9,+0.00,0.00,SLOW,4405.50,4406.54,4403.14,4406.23,0.00,0.00,0.0,BEARISH,340.0,4406.19,4406.19,4406.19,4406.19,37,CLEARED_>=20s,1.0,0.0,0.0,0.0,0.0,0.0,0.0,PASS_<20%,0.00,0.0,NO,STANDBY_VEL_LOW,1,1321.86,3268.14,132.45,FALSE,M1_DIRECTION_MISMATCH
2026-09-07 19:52:37.988,1788810757.989,7021,28,118,4406.19,4406.27,8.0,PASS_<=10c,+0.0,FLAT,+0.0,+69.0,3.9,+0.00,0.00,SLOW,4405.50,4406.54,4403.14,4406.23,0.00,0.00,0.0,BEARISH,340.0,4406.19,4406.19,4406.19,4406.19,37,CLEARED_>=20s,1.0,0.0,0.0,0.0,0.0,0.0,0.0,PASS_<20%,0.00,0.0,NO,STANDBY_VEL_LOW,1,1321.86,3268.14,132.45,FALSE,M1_DIRECTION_MISMATCH
2026-09-07 19:52:38.490,1788810758.491,7022,29,119,4406.19,4406.27,8.0,PASS_<=10c,+0.0,FLAT,+0.0,+69.0,4.3,+0.00,0.00,SLOW,4405.50,4406.54,4403.14,4406.23,0.00,0.00,0.0,BEARISH,340.0,4406.19,4406.19,4406.19,4406.19,38,CLEARED_>=20s,1.0,0.0,0.0,0.0,0.0,0.0,0.0,PASS_<20%,0.00,0.0,NO,STANDBY_VEL_LOW,1,1321.86,3268.14,132.45,FALSE,M1_DIRECTION_MISMATCH
2026-09-07 19:52:38.992,1788810758.993,7023,30,120,4406.19,4406.27,8.0,PASS_<=10c,+0.0,FLAT,+0.0,+69.0,4.2,+0.00,0.00,SLOW,4405.50,4406.54,4403.14,4406.23,0.00,0.00,0.0,BEARISH,340.0,4406.19,4406.19,4406.19,4406.19,38,CLEARED_>=20s,1.0,0.0,0.0,0.0,0.0,0.0,0.0,PASS_<20%,0.00,0.0,NO,STANDBY_VEL_LOW,1,1321.86,3268.14,132.45,FALSE,M1_DIRECTION_MISMATCH
2026-09-07 19:52:39.524,1788810759.524,7024,31,121,4406.19,4406.27,8.0,PASS_<=10c,+0.0,FLAT,+0.0,+503.0,4.2,+0.00,0.00,SLOW,4401.16,4402.62,4398.42,4402.62,0.00,0.00,0.0,NEUTRAL,420.0,4406.19,4406.19,4406.19,4406.19,39,CLEARED_>=20s,1.0,0.0,0.0,0.0,0.0,0.0,0.0,PASS_<20%,0.00,0.0,NO,STANDBY_VEL_LOW,1,1321.86,3268.14,132.45,FALSE,M5_TREND_NEUTRAL|M1_DIRECTION_MISMATCH
2026-09-07 19:52:40.008,1788810760.009,7025,32,122,4406.19,4406.27,8.0,PASS_<=10c,+0.0,FLAT,+0.0,+69.0,4.2,+0.00,0.00,SLOW,4405.50,4406.54,4403.14,4406.23,0.00,0.00,0.0,BEARISH,340.0,4406.19,4406.19,4406.19,4406.19,40,CLEARED_>=20s,1.0,0.0,0.0,0.0,0.0,0.0,0.0,PASS_<20%,0.00,0.0,NO,STANDBY_VEL_LOW,1,1321.86,3268.14,132.45,FALSE,M1_DIRECTION_MISMATCH
2026-09-07 19:52:40.510,1788810760.510,7026,33,123,4406.19,4406.27,8.0,PASS_<=10c,+0.0,FLAT,+0.0,+69.0,4.2,+0.00,0.00,SLOW,4405.50,4406.54,4403.14,4406.23,0.00,0.00,0.0,BEARISH,340.0,4406.19,4406.19,4406.19,4406.19,40,CLEARED_>=20s,1.0,0.0,0.0,0.0,0.0,0.0,0.0,PASS_<20%,0.00,0.0,NO,STANDBY_VEL_LOW,1,1321.86,3268.14,132.45,FALSE,M1_DIRECTION_MISMATCH
2026-09-07 19:52:41.010,1788810761.011,7027,34,124,4406.19,4406.27,8.0,PASS_<=10c,+0.0,FLAT,+0.0,+69.0,4.2,+0.00,0.00,SLOW,4405.50,4406.54,4403.14,4406.23,0.00,0.00,0.0,BEARISH,340.0,4406.19,4406.19,4406.19,4406.19,41,CLEARED_>=20s,1.0,0.0,0.0,0.0,0.0,0.0,0.0,PASS_<20%,0.00,0.0,NO,STANDBY_VEL_LOW,1,1321.86,3268.14,132.45,FALSE,M1_DIRECTION_MISMATCH
2026-09-07 19:52:41.512,1788810761.513,7028,35,125,4406.19,4406.27,8.0,PASS_<=10c,+0.0,FLAT,+0.0,+69.0,4.2,+0.00,0.00,SLOW,4405.50,4406.54,4403.14,4406.23,0.00,0.00,0.0,BEARISH,340.0,4406.19,4406.19,4406.19,4406.19,41,CLEARED_>=20s,1.0,0.0,0.0,0.0,0.0,0.0,0.0,PASS_<20%,0.00,0.0,NO,STANDBY_VEL_LOW,1,1321.86,3268.14,132.45,FALSE,M1_DIRECTION_MISMATCH
2026-09-07 19:52:47.025,1788810767.025,7029,36,126,4406.19,4406.27,8.0,PASS_<=10c,+0.0,FLAT,+0.0,+69.0,1.6,+0.00,0.00,SLOW,4405.50,4406.54,4403.14,4406.23,0.00,0.00,0.0,BEARISH,340.0,4406.19,4406.19,4406.19,4406.19,47,CLEARED_>=20s,1.0,0.0,0.0,0.0,0.0,0.0,0.0,PASS_<20%,0.00,0.0,NO,STANDBY_VEL_LOW,1,1321.86,3268.14,132.45,FALSE,M1_DIRECTION_MISMATCH
2026-09-07 19:52:57.264,1788810777.264,7030,37,127,4406.19,4406.27,8.0,PASS_<=10c,+0.0,FLAT,+0.0,+69.0,1.3,+0.00,0.00,SLOW,4405.50,4406.54,4403.14,4406.23,0.00,0.00,0.0,BEARISH,340.0,4406.19,4406.19,4406.19,4406.19,57,CLEARED_>=20s,1.0,0.0,0.0,0.0,0.0,0.0,0.0,PASS_<20%,0.00,0.0,NO,STANDBY_VEL_LOW,1,1321.86,3268.14,132.45,FALSE,M1_DIRECTION_MISMATCH
2026-09-07 19:52:59.072,1788810779.073,7031,38,128,4406.19,4406.27,8.0,PASS_<=10c,+0.0,FLAT,+0.0,+69.0,1.7,+0.00,0.00,SLOW,4405.50,4406.54,4403.14,4406.23,0.00,0.00,0.0,BEARISH,340.0,4406.19,4406.19,4406.19,4406.19,59,CLEARED_>=20s,1.0,0.0,0.0,0.0,0.0,0.0,0.0,PASS_<20%,0.00,0.0,NO,STANDBY_VEL_LOW,1,1321.86,3268.14,132.45,FALSE,M1_DIRECTION_MISMATCH
2026-09-07 19:52:59.573,1788810779.574,7032,39,129,4406.19,4406.27,8.0,PASS_<=10c,+0.0,FLAT,+0.0,+69.0,2.2,+0.00,0.00,SLOW,4405.50,4406.54,4403.14,4406.23,0.00,0.00,0.0,BEARISH,340.0,4406.19,4406.19,4406.19,4406.19,59,CLEARED_>=20s,1.0,0.0,0.0,0.0,0.0,0.0,0.0,PASS_<20%,0.00,0.0,NO,STANDBY_VEL_LOW,1,1321.86,3268.14,132.45,FALSE,M1_DIRECTION_MISMATCH
2026-09-07 19:53:00.075,1788810780.075,7033,1,130,4406.19,4406.27,8.0,PASS_<=10c,+0.0,FLAT,+0.0,+69.0,2.5,+0.00,0.00,SLOW,4405.50,4406.54,4403.14,4406.23,0.00,0.00,0.0,BEARISH,340.0,4406.19,4406.19,4406.19,4406.19,0,ACTIVE_0s,1.0,0.0,0.0,0.0,0.0,0.0,0.0,PASS_<20%,0.00,0.0,NO,STANDBY_VEL_LOW,1,1321.86,3268.14,132.45,FALSE,M1_DIRECTION_MISMATCH|OPENING_SHIELD_ACTIVE_0s
2026-09-07 19:53:00.577,1788810780.577,7034,2,131,4406.19,4406.27,8.0,PASS_<=10c,+0.0,FLAT,+0.0,+69.0,2.7,+0.00,0.00,SLOW,4405.50,4406.54,4403.14,4406.23,0.00,0.00,0.0,BEARISH,340.0,4406.19,4406.19,4406.19,4406.19,0,ACTIVE_0s,1.0,0.0,0.0,0.0,0.0,0.0,0.0,PASS_<20%,0.00,0.0,NO,STANDBY_VEL_LOW,1,1321.86,3268.14,132.45,FALSE,M1_DIRECTION_MISMATCH|OPENING_SHIELD_ACTIVE_0s
2026-09-07 19:53:01.079,1788810781.079,7035,3,132,4406.19,4406.27,8.0,PASS_<=10c,+0.0,FLAT,+0.0,+69.0,2.9,+0.00,0.00,SLOW,4405.50,4406.54,4403.14,4406.23,0.00,0.00,0.0,BEARISH,340.0,4406.19,4406.19,4406.19,4406.19,1,ACTIVE_1s,1.0,0.0,0.0,0.0,0.0,0.0,0.0,PASS_<20%,0.00,0.0,NO,STANDBY_VEL_LOW,1,1321.86,3268.14,132.45,FALSE,M1_DIRECTION_MISMATCH|OPENING_SHIELD_ACTIVE_1s
2026-09-07 19:53:01.580,1788810781.580,7036,4,133,4406.19,4406.27,8.0,PASS_<=10c,+0.0,FLAT,+0.0,+69.0,3.0,+0.00,0.00,SLOW,4405.50,4406.54,4403.14,4406.23,0.00,0.00,0.0,BEARISH,340.0,4406.19,4406.19,4406.19,4406.19,1,ACTIVE_1s,1.0,0.0,0.0,0.0,0.0,0.0,0.0,PASS_<20%,0.00,0.0,NO,STANDBY_VEL_LOW,1,1321.86,3268.14,132.45,FALSE,M1_DIRECTION_MISMATCH|OPENING_SHIELD_ACTIVE_1s
2026-09-07 19:53:02.082,1788810782.082,7037,5,134,4406.19,4406.27,8.0,PASS_<=10c,+0.0,FLAT,+0.0,+69.0,3.1,+0.00,0.00,SLOW,4405.50,4406.54,4403.14,4406.23,0.00,0.00,0.0,BEARISH,340.0,4406.19,4406.19,4406.19,4406.19,2,ACTIVE_2s,1.0,0.0,0.0,0.0,0.0,0.0,0.0,PASS_<20%,0.00,0.0,NO,STANDBY_VEL_LOW,1,1321.86,3268.14,132.45,FALSE,M1_DIRECTION_MISMATCH|OPENING_SHIELD_ACTIVE_2s
2026-09-07 19:53:02.584,1788810782.584,7038,6,135,4406.19,4406.27,8.0,PASS_<=10c,+0.0,FLAT,+0.0,+69.0,4.4,+0.00,0.00,SLOW,4405.50,4406.54,4403.14,4406.23,0.00,0.00,0.0,BEARISH,340.0,4406.19,4406.19,4406.19,4406.19,2,ACTIVE_2s,1.0,0.0,0.0,0.0,0.0,0.0,0.0,PASS_<20%,0.00,0.0,NO,STANDBY_VEL_LOW,1,1321.86,3268.14,132.45,FALSE,M1_DIRECTION_MISMATCH|OPENING_SHIELD_ACTIVE_2s
2026-09-07 19:53:03.085,1788810783.085,7039,7,136,4406.19,4406.27,8.0,PASS_<=10c,+0.0,FLAT,+0.0,+69.0,4.4,+0.00,0.00,SLOW,4405.50,4406.54,4403.14,4406.23,0.00,0.00,0.0,BEARISH,340.0,4406.19,4406.19,4406.19,4406.19,3,ACTIVE_3s,1.0,0.0,0.0,0.0,0.0,0.0,0.0,PASS_<20%,0.00,0.0,NO,STANDBY_VEL_LOW,1,1321.86,3268.14,132.45,FALSE,M1_DIRECTION_MISMATCH|OPENING_SHIELD_ACTIVE_3s
2026-09-07 19:53:03.586,1788810783.586,7040,8,137,4406.19,4406.27,8.0,PASS_<=10c,+0.0,FLAT,+0.0,+69.0,4.3,+0.00,0.00,SLOW,4405.50,4406.54,4403.14,4406.23,0.00,0.00,0.0,BEARISH,340.0,4406.19,4406.19,4406.19,4406.19,3,ACTIVE_3s,1.0,0.0,0.0,0.0,0.0,0.0,0.0,PASS_<20%,0.00,0.0,NO,STANDBY_VEL_LOW,1,1321.86,3268.14,132.45,FALSE,M1_DIRECTION_MISMATCH|OPENING_SHIELD_ACTIVE_3s
2026-09-07 19:53:04.088,1788810784.088,7041,9,138,4406.19,4406.27,8.0,PASS_<=10c,+0.0,FLAT,+0.0,+69.0,4.2,+0.00,0.00,SLOW,4405.50,4406.54,4403.14,4406.23,0.00,0.00,0.0,BEARISH,340.0,4406.19,4406.19,4406.19,4406.19,4,ACTIVE_4s,1.0,0.0,0.0,0.0,0.0,0.0,0.0,PASS_<20%,0.00,0.0,NO,STANDBY_VEL_LOW,1,1321.86,3268.14,132.45,FALSE,M1_DIRECTION_MISMATCH|OPENING_SHIELD_ACTIVE_4s
2026-09-07 19:53:04.590,1788810784.591,7042,10,139,4406.19,4406.27,8.0,PASS_<=10c,+0.0,FLAT,+0.0,+69.0,4.2,+0.00,0.00,SLOW,4405.50,4406.54,4403.14,4406.23,0.00,0.00,0.0,BEARISH,340.0,4406.19,4406.19,4406.19,4406.19,4,ACTIVE_4s,1.0,0.0,0.0,0.0,0.0,0.0,0.0,PASS_<20%,0.00,0.0,NO,STANDBY_VEL_LOW,1,1321.86,3268.14,132.45,FALSE,M1_DIRECTION_MISMATCH|OPENING_SHIELD_ACTIVE_4s
2026-09-07 19:53:05.091,1788810785.092,7043,11,140,4406.19,4406.27,8.0,PASS_<=10c,+0.0,FLAT,+0.0,+69.0,4.2,+0.00,0.00,SLOW,4405.50,4406.54,4403.14,4406.23,0.00,0.00,0.0,BEARISH,340.0,4406.19,4406.19,4406.19,4406.19,5,ACTIVE_5s,1.0,0.0,0.0,0.0,0.0,0.0,0.0,PASS_<20%,0.00,0.0,NO,STANDBY_VEL_LOW,1,1321.86,3268.14,132.45,FALSE,M1_DIRECTION_MISMATCH|OPENING_SHIELD_ACTIVE_5s
2026-09-07 19:53:05.592,1788810785.593,7044,12,141,4406.19,4406.27,8.0,PASS_<=10c,+0.0,FLAT,+0.0,+69.0,4.2,+0.00,0.00,SLOW,4405.50,4406.54,4403.14,4406.23,0.00,0.00,0.0,BEARISH,340.0,4406.19,4406.19,4406.19,4406.19,5,ACTIVE_5s,1.0,0.0,0.0,0.0,0.0,0.0,0.0,PASS_<20%,0.00,0.0,NO,STANDBY_VEL_LOW,1,1321.86,3268.14,132.45,FALSE,M1_DIRECTION_MISMATCH|OPENING_SHIELD_ACTIVE_5s
2026-09-07 19:53:06.095,1788810786.095,7045,13,142,4406.19,4406.27,8.0,PASS_<=10c,+0.0,FLAT,+0.0,+69.0,4.2,+0.00,0.00,SLOW,4405.50,4406.54,4403.14,4406.23,0.00,0.00,0.0,BEARISH,340.0,4406.19,4406.19,4406.19,4406.19,6,ACTIVE_6s,1.0,0.0,0.0,0.0,0.0,0.0,0.0,PASS_<20%,0.00,0.0,NO,STANDBY_VEL_LOW,1,1321.86,3268.14,132.45,FALSE,M1_DIRECTION_MISMATCH|OPENING_SHIELD_ACTIVE_6s
2026-09-07 19:53:06.596,1788810786.596,7046,14,143,4406.19,4406.27,8.0,PASS_<=10c,+0.0,FLAT,+0.0,+69.0,4.2,+0.00,0.00,SLOW,4405.50,4406.54,4403.14,4406.23,0.00,0.00,0.0,BEARISH,340.0,4406.19,4406.19,4406.19,4406.19,6,ACTIVE_6s,1.0,0.0,0.0,0.0,0.0,0.0,0.0,PASS_<20%,0.00,0.0,NO,STANDBY_VEL_LOW,1,1321.86,3268.14,132.45,FALSE,M1_DIRECTION_MISMATCH|OPENING_SHIELD_ACTIVE_6s
2026-09-07 19:53:12.108,1788810792.109,7047,15,144,4406.19,4406.27,8.0,PASS_<=10c,+0.0,FLAT,+0.0,+69.0,1.6,+0.00,0.00,SLOW,4405.50,4406.54,4403.14,4406.23,0.00,0.00,0.0,BEARISH,340.0,4406.19,4406.19,4406.19,4406.19,12,ACTIVE_12s,1.0,0.0,0.0,0.0,0.0,0.0,0.0,PASS_<20%,0.00,0.0,NO,STANDBY_VEL_LOW,1,1321.86,3268.14,132.45,FALSE,M1_DIRECTION_MISMATCH|OPENING_SHIELD_ACTIVE_12s
2026-09-07 19:53:22.358,1788810802.359,7048,16,145,4406.19,4406.27,8.0,PASS_<=10c,+0.0,FLAT,+0.0,+69.0,1.3,+0.00,0.00,SLOW,4405.50,4406.54,4403.14,4406.23,0.00,0.00,0.0,BEARISH,340.0,4406.19,4406.19,4406.19,4406.19,22,CLEARED_>=20s,1.0,0.0,0.0,0.0,0.0,0.0,0.0,PASS_<20%,0.00,0.0,NO,STANDBY_VEL_LOW,1,1321.86,3268.14,132.45,FALSE,M1_DIRECTION_MISMATCH
2026-09-07 19:53:24.371,1788810804.372,7049,17,146,4406.19,4406.27,8.0,PASS_<=10c,+0.0,FLAT,+0.0,+69.0,1.5,+0.00,0.00,SLOW,4405.50,4406.54,4403.14,4406.23,0.00,0.00,0.0,BEARISH,340.0,4406.19,4406.19,4406.19,4406.19,24,CLEARED_>=20s,1.0,0.0,0.0,0.0,0.0,0.0,0.0,PASS_<20%,0.00,0.0,NO,STANDBY_VEL_LOW,1,1321.86,3268.14,132.45,FALSE,M1_DIRECTION_MISMATCH
2026-09-07 19:53:24.878,1788810804.879,7050,18,147,4406.19,4406.27,8.0,PASS_<=10c,+0.0,FLAT,+0.0,+69.0,2.0,+0.00,0.00,SLOW,4405.50,4406.54,4403.14,4406.23,0.00,0.00,0.0,BEARISH,340.0,4406.19,4406.19,4406.19,4406.19,24,CLEARED_>=20s,1.0,0.0,0.0,0.0,0.0,0.0,0.0,PASS_<20%,0.00,0.0,NO,STANDBY_VEL_LOW,1,1321.86,3268.14,132.45,FALSE,M1_DIRECTION_MISMATCH
2026-09-07 19:53:25.375,1788810805.376,7051,19,148,4406.19,4406.27,8.0,PASS_<=10c,+0.0,FLAT,+0.0,+69.0,2.3,+0.00,0.00,SLOW,4405.50,4406.54,4403.14,4406.23,0.00,0.00,0.0,BEARISH,340.0,4406.19,4406.19,4406.19,4406.19,25,CLEARED_>=20s,1.0,0.0,0.0,0.0,0.0,0.0,0.0,PASS_<20%,0.00,0.0,NO,STANDBY_VEL_LOW,1,1321.86,3268.14,132.45,FALSE,M1_DIRECTION_MISMATCH
2026-09-07 19:53:25.877,1788810805.877,7052,20,149,4406.19,4406.27,8.0,PASS_<=10c,+0.0,FLAT,+0.0,+69.0,2.6,+0.00,0.00,SLOW,4405.50,4406.54,4403.14,4406.23,0.00,0.00,0.0,BEARISH,340.0,4406.19,4406.19,4406.19,4406.19,25,CLEARED_>=20s,1.0,0.0,0.0,0.0,0.0,0.0,0.0,PASS_<20%,0.00,0.0,NO,STANDBY_VEL_LOW,1,1321.86,3268.14,132.45,FALSE,M1_DIRECTION_MISMATCH
2026-09-07 19:53:26.378,1788810806.379,7053,21,150,4406.19,4406.27,8.0,PASS_<=10c,+0.0,FLAT,+0.0,+69.0,2.7,+0.00,0.00,SLOW,4405.50,4406.54,4403.14,4406.23,0.00,0.00,0.0,BEARISH,340.0,4406.19,4406.19,4406.19,4406.19,26,CLEARED_>=20s,1.0,0.0,0.0,0.0,0.0,0.0,0.0,PASS_<20%,0.00,0.0,NO,STANDBY_VEL_LOW,1,1321.86,3268.14,132.45,FALSE,M1_DIRECTION_MISMATCH
2026-09-07 19:53:26.880,1788810806.880,7054,22,151,4406.19,4406.27,8.0,PASS_<=10c,+0.0,FLAT,+0.0,+69.0,2.9,+0.00,0.00,SLOW,4405.50,4406.54,4403.14,4406.23,0.00,0.00,0.0,BEARISH,340.0,4406.19,4406.19,4406.19,4406.19,26,CLEARED_>=20s,1.0,0.0,0.0,0.0,0.0,0.0,0.0,PASS_<20%,0.00,0.0,NO,STANDBY_VEL_LOW,1,1321.86,3268.14,132.45,FALSE,M1_DIRECTION_MISMATCH
2026-09-07 19:53:27.381,1788810807.381,7055,23,152,4406.19,4406.27,8.0,PASS_<=10c,+0.0,FLAT,+0.0,+69.0,4.5,+0.00,0.00,SLOW,4405.50,4406.54,4403.14,4406.23,0.00,0.00,0.0,BEARISH,340.0,4406.19,4406.19,4406.19,4406.19,27,CLEARED_>=20s,1.0,0.0,0.0,0.0,0.0,0.0,0.0,PASS_<20%,0.00,0.0,NO,STANDBY_VEL_LOW,1,1321.86,3268.14,132.45,FALSE,M1_DIRECTION_MISMATCH
2026-09-07 19:53:27.883,1788810807.883,7056,24,153,4406.19,4406.27,8.0,PASS_<=10c,+0.0,FLAT,+0.0,+69.0,4.4,+0.00,0.00,SLOW,4405.50,4406.54,4403.14,4406.23,0.00,0.00,0.0,BEARISH,340.0,4406.19,4406.19,4406.19,4406.19,27,CLEARED_>=20s,1.0,0.0,0.0,0.0,0.0,0.0,0.0,PASS_<20%,0.00,0.0,NO,STANDBY_VEL_LOW,1,1321.86,3268.14,132.45,FALSE,M1_DIRECTION_MISMATCH
2026-09-07 19:53:28.383,1788810808.384,7057,25,154,4406.19,4406.27,8.0,PASS_<=10c,+0.0,FLAT,+0.0,+69.0,4.4,+0.00,0.00,SLOW,4405.50,4406.54,4403.14,4406.23,0.00,0.00,0.0,BEARISH,340.0,4406.19,4406.19,4406.19,4406.19,28,CLEARED_>=20s,1.0,0.0,0.0,0.0,0.0,0.0,0.0,PASS_<20%,0.00,0.0,NO,STANDBY_VEL_LOW,1,1321.86,3268.14,132.45,FALSE,M1_DIRECTION_MISMATCH
2026-09-07 19:53:28.889,1788810808.890,7058,26,155,4406.19,4406.27,8.0,PASS_<=10c,+0.0,FLAT,+0.0,+69.0,4.3,+0.00,0.00,SLOW,4405.50,4406.54,4403.14,4406.23,0.00,0.00,0.0,BEARISH,340.0,4406.19,4406.19,4406.19,4406.19,28,CLEARED_>=20s,1.0,0.0,0.0,0.0,0.0,0.0,0.0,PASS_<20%,0.00,0.0,NO,STANDBY_VEL_LOW,1,1321.86,3268.14,132.45,FALSE,M1_DIRECTION_MISMATCH
2026-09-07 19:53:29.388,1788810809.388,7059,27,156,4406.19,4406.27,8.0,PASS_<=10c,+0.0,FLAT,+0.0,+69.0,4.2,+0.00,0.00,SLOW,4405.50,4406.54,4403.14,4406.23,0.00,0.00,0.0,BEARISH,340.0,4406.19,4406.19,4406.19,4406.19,29,CLEARED_>=20s,1.0,0.0,0.0,0.0,0.0,0.0,0.0,PASS_<20%,0.00,0.0,NO,STANDBY_VEL_LOW,1,1321.86,3268.14,132.45,FALSE,M1_DIRECTION_MISMATCH
2026-09-07 19:53:29.890,1788810809.890,7060,28,157,4406.19,4406.27,8.0,PASS_<=10c,+0.0,FLAT,+0.0,+69.0,4.2,+0.00,0.00,SLOW,4405.50,4406.54,4403.14,4406.23,0.00,0.00,0.0,BEARISH,340.0,4406.19,4406.19,4406.19,4406.19,29,CLEARED_>=20s,1.0,0.0,0.0,0.0,0.0,0.0,0.0,PASS_<20%,0.00,0.0,NO,STANDBY_VEL_LOW,1,1321.86,3268.14,132.45,FALSE,M1_DIRECTION_MISMATCH
2026-09-07 19:53:30.392,1788810810.393,7061,29,158,4406.19,4406.27,8.0,PASS_<=10c,+0.0,FLAT,+0.0,+69.0,4.2,+0.00,0.00,SLOW,4405.50,4406.54,4403.14,4406.23,0.00,0.00,0.0,BEARISH,340.0,4406.19,4406.19,4406.19,4406.19,30,CLEARED_>=20s,1.0,0.0,0.0,0.0,0.0,0.0,0.0,PASS_<20%,0.00,0.0,NO,STANDBY_VEL_LOW,1,1321.86,3268.14,132.45,FALSE,M1_DIRECTION_MISMATCH
2026-09-07 19:53:30.893,1788810810.893,7062,30,159,4406.19,4406.27,8.0,PASS_<=10c,+0.0,FLAT,+0.0,+69.0,4.2,+0.00,0.00,SLOW,4405.50,4406.54,4403.14,4406.23,0.00,0.00,0.0,BEARISH,340.0,4406.19,4406.19,4406.19,4406.19,30,CLEARED_>=20s,1.0,0.0,0.0,0.0,0.0,0.0,0.0,PASS_<20%,0.00,0.0,NO,STANDBY_VEL_LOW,1,1321.86,3268.14,132.45,FALSE,M1_DIRECTION_MISMATCH
2026-09-07 19:53:31.394,1788810811.394,7063,31,160,4406.19,4406.27,8.0,PASS_<=10c,+0.0,FLAT,+0.0,+69.0,4.2,+0.00,0.00,SLOW,4405.50,4406.54,4403.14,4406.23,0.00,0.00,0.0,BEARISH,340.0,4406.19,4406.19,4406.19,4406.19,31,CLEARED_>=20s,1.0,0.0,0.0,0.0,0.0,0.0,0.0,PASS_<20%,0.00,0.0,NO,STANDBY_VEL_LOW,1,1321.86,3268.14,132.45,FALSE,M1_DIRECTION_MISMATCH
2026-09-07 19:53:31.896,1788810811.896,7064,32,161,4406.19,4406.27,8.0,PASS_<=10c,+0.0,FLAT,+0.0,+69.0,4.2,+0.00,0.00,SLOW,4405.50,4406.54,4403.14,4406.23,0.00,0.00,0.0,BEARISH,340.0,4406.19,4406.19,4406.19,4406.19,31,CLEARED_>=20s,1.0,0.0,0.0,0.0,0.0,0.0,0.0,PASS_<20%,0.00,0.0,NO,STANDBY_VEL_LOW,1,1321.86,3268.14,132.45,FALSE,M1_DIRECTION_MISMATCH
2026-09-07 19:53:37.412,1788810817.412,7065,33,162,4406.19,4406.27,8.0,PASS_<=10c,+0.0,FLAT,+0.0,+69.0,1.5,+0.00,0.00,SLOW,4405.50,4406.54,4403.14,4406.23,0.00,0.00,0.0,BEARISH,340.0,4406.19,4406.19,4406.19,4406.19,37,CLEARED_>=20s,1.0,0.0,0.0,0.0,0.0,0.0,0.0,PASS_<20%,0.00,0.0,NO,STANDBY_VEL_LOW,1,1321.86,3268.14,132.45,FALSE,M1_DIRECTION_MISMATCH
2026-09-07 19:53:47.644,1788810827.644,7066,34,163,4406.19,4406.27,8.0,PASS_<=10c,+0.0,FLAT,+0.0,+69.0,1.3,+0.00,0.00,SLOW,4405.50,4406.54,4403.14,4406.23,0.00,0.00,0.0,BEARISH,340.0,4406.19,4406.19,4406.19,4406.19,47,CLEARED_>=20s,1.0,0.0,0.0,0.0,0.0,0.0,0.0,PASS_<20%,0.00,0.0,NO,STANDBY_VEL_LOW,1,1321.86,3268.14,132.45,FALSE,M1_DIRECTION_MISMATCH
2026-09-07 19:53:48.449,1788810828.449,7067,35,164,4406.19,4406.27,8.0,PASS_<=10c,+0.0,FLAT,+0.0,+69.0,3.0,+0.00,0.00,SLOW,4405.50,4406.54,4403.14,4406.23,0.00,0.00,0.0,BEARISH,340.0,4406.19,4406.19,4406.19,4406.19,48,CLEARED_>=20s,1.0,0.0,0.0,0.0,0.0,0.0,0.0,PASS_<20%,0.00,0.0,NO,STANDBY_VEL_LOW,1,1321.86,3268.14,132.45,FALSE,M1_DIRECTION_MISMATCH
2026-09-07 19:53:48.950,1788810828.951,7068,36,165,4406.19,4406.27,8.0,PASS_<=10c,+0.0,FLAT,+0.0,+69.0,3.8,+0.00,0.00,SLOW,4405.50,4406.54,4403.14,4406.23,0.00,0.00,0.0,BEARISH,340.0,4406.19,4406.19,4406.19,4406.19,48,CLEARED_>=20s,1.0,0.0,0.0,0.0,0.0,0.0,0.0,PASS_<20%,0.00,0.0,NO,STANDBY_VEL_LOW,1,1321.86,3268.14,132.45,FALSE,M1_DIRECTION_MISMATCH
2026-09-07 19:53:49.453,1788810829.453,7069,37,166,4406.19,4406.27,8.0,PASS_<=10c,+0.0,FLAT,+0.0,+69.0,3.9,+0.00,0.00,SLOW,4405.50,4406.54,4403.14,4406.23,0.00,0.00,0.0,BEARISH,340.0,4406.19,4406.19,4406.19,4406.19,49,CLEARED_>=20s,1.0,0.0,0.0,0.0,0.0,0.0,0.0,PASS_<20%,0.00,0.0,NO,STANDBY_VEL_LOW,1,1321.86,3268.14,132.45,FALSE,M1_DIRECTION_MISMATCH
2026-09-07 19:53:49.954,1788810829.954,7070,38,167,4406.19,4406.27,8.0,PASS_<=10c,+0.0,FLAT,+0.0,+69.0,3.9,+0.00,0.00,SLOW,4405.50,4406.54,4403.14,4406.23,0.00,0.00,0.0,BEARISH,340.0,4406.19,4406.19,4406.19,4406.19,49,CLEARED_>=20s,1.0,0.0,0.0,0.0,0.0,0.0,0.0,PASS_<20%,0.00,0.0,NO,STANDBY_VEL_LOW,1,1321.86,3268.14,132.45,FALSE,M1_DIRECTION_MISMATCH
2026-09-07 19:53:50.456,1788810830.456,7071,39,168,4406.19,4406.27,8.0,PASS_<=10c,+0.0,FLAT,+0.0,+69.0,3.9,+0.00,0.00,SLOW,4405.50,4406.54,4403.14,4406.23,0.00,0.00,0.0,BEARISH,340.0,4406.19,4406.19,4406.19,4406.19,50,CLEARED_>=20s,1.0,0.0,0.0,0.0,0.0,0.0,0.0,PASS_<20%,0.00,0.0,NO,STANDBY_VEL_LOW,1,1321.86,3268.14,132.45,FALSE,M1_DIRECTION_MISMATCH
2026-09-07 19:53:50.957,1788810830.958,7072,40,169,4406.19,4406.27,8.0,PASS_<=10c,+0.0,FLAT,+0.0,+69.0,3.9,+0.00,0.00,SLOW,4405.50,4406.54,4403.14,4406.23,0.00,0.00,0.0,BEARISH,340.0,4406.19,4406.19,4406.19,4406.19,50,CLEARED_>=20s,1.0,0.0,0.0,0.0,0.0,0.0,0.0,PASS_<20%,0.00,0.0,NO,STANDBY_VEL_LOW,1,1321.86,3268.14,132.45,FALSE,M1_DIRECTION_MISMATCH
2026-09-07 19:53:51.460,1788810831.460,7073,41,170,4406.19,4406.27,8.0,PASS_<=10c,+0.0,FLAT,+0.0,+69.0,3.9,+0.00,0.00,SLOW,4405.50,4406.54,4403.14,4406.23,0.00,0.00,0.0,BEARISH,340.0,4406.19,4406.19,4406.19,4406.19,51,CLEARED_>=20s,1.0,0.0,0.0,0.0,0.0,0.0,0.0,PASS_<20%,0.00,0.0,NO,STANDBY_VEL_LOW,1,1321.86,3268.14,132.45,FALSE,M1_DIRECTION_MISMATCH
2026-09-07 19:53:51.961,1788810831.961,7074,42,171,4406.19,4406.27,8.0,PASS_<=10c,+0.0,FLAT,+0.0,+69.0,3.9,+0.00,0.00,SLOW,4405.50,4406.54,4403.14,4406.23,0.00,0.00,0.0,BEARISH,340.0,4406.19,4406.19,4406.19,4406.19,51,CLEARED_>=20s,1.0,0.0,0.0,0.0,0.0,0.0,0.0,PASS_<20%,0.00,0.0,NO,STANDBY_VEL_LOW,1,1321.86,3268.14,132.45,FALSE,M1_DIRECTION_MISMATCH
2026-09-07 19:53:52.463,1788810832.463,7075,43,172,4406.19,4406.27,8.0,PASS_<=10c,+0.0,FLAT,+0.0,+69.0,3.9,+0.00,0.00,SLOW,4405.50,4406.54,4403.14,4406.23,0.00,0.00,0.0,BEARISH,340.0,4406.19,4406.19,4406.19,4406.19,52,CLEARED_>=20s,1.0,0.0,0.0,0.0,0.0,0.0,0.0,PASS_<20%,0.00,0.0,NO,STANDBY_VEL_LOW,1,1321.86,3268.14,132.45,FALSE,M1_DIRECTION_MISMATCH
2026-09-07 19:53:52.964,1788810832.965,7076,44,173,4406.19,4406.27,8.0,PASS_<=10c,+0.0,FLAT,+0.0,+69.0,4.3,+0.00,0.00,SLOW,4405.50,4406.54,4403.14,4406.23,0.00,0.00,0.0,BEARISH,340.0,4406.19,4406.19,4406.19,4406.19,52,CLEARED_>=20s,1.0,0.0,0.0,0.0,0.0,0.0,0.0,PASS_<20%,0.00,0.0,NO,STANDBY_VEL_LOW,1,1321.86,3268.14,132.45,FALSE,M1_DIRECTION_MISMATCH
2026-09-07 19:53:53.466,1788810833.466,7077,45,174,4406.19,4406.27,8.0,PASS_<=10c,+0.0,FLAT,+0.0,+69.0,4.2,+0.00,0.00,SLOW,4405.50,4406.54,4403.14,4406.23,0.00,0.00,0.0,BEARISH,340.0,4406.19,4406.19,4406.19,4406.19,53,CLEARED_>=20s,1.0,0.0,0.0,0.0,0.0,0.0,0.0,PASS_<20%,0.00,0.0,NO,STANDBY_VEL_LOW,1,1321.86,3268.14,132.45,FALSE,M1_DIRECTION_MISMATCH
2026-09-07 19:53:53.991,1788810833.991,7078,46,175,4406.19,4406.27,8.0,PASS_<=10c,+0.0,FLAT,+0.0,+69.0,4.2,+0.00,0.00,SLOW,4405.50,4406.54,4403.14,4406.23,0.00,0.00,0.0,BEARISH,340.0,4406.19,4406.19,4406.19,4406.19,53,CLEARED_>=20s,1.0,0.0,0.0,0.0,0.0,0.0,0.0,PASS_<20%,0.00,0.0,NO,STANDBY_VEL_LOW,1,1321.86,3268.14,132.45,FALSE,M1_DIRECTION_MISMATCH
2026-09-07 19:53:54.484,1788810834.484,7079,47,176,4406.19,4406.27,8.0,PASS_<=10c,+0.0,FLAT,+0.0,+69.0,4.2,+0.00,0.00,SLOW,4405.50,4406.54,4403.14,4406.23,0.00,0.00,0.0,BEARISH,340.0,4406.19,4406.19,4406.19,4406.19,54,CLEARED_>=20s,1.0,0.0,0.0,0.0,0.0,0.0,0.0,PASS_<20%,0.00,0.0,NO,STANDBY_VEL_LOW,1,1321.86,3268.14,132.45,FALSE,M1_DIRECTION_MISMATCH
2026-09-07 19:53:54.985,1788810834.986,7080,48,177,4406.19,4406.27,8.0,PASS_<=10c,+0.0,FLAT,+0.0,+69.0,4.2,+0.00,0.00,SLOW,4405.50,4406.54,4403.14,4406.23,0.00,0.00,0.0,BEARISH,340.0,4406.19,4406.19,4406.19,4406.19,54,CLEARED_>=20s,1.0,0.0,0.0,0.0,0.0,0.0,0.0,PASS_<20%,0.00,0.0,NO,STANDBY_VEL_LOW,1,1321.86,3268.14,132.45,FALSE,M1_DIRECTION_MISMATCH
2026-09-07 19:53:55.487,1788810835.488,7081,49,178,4406.19,4406.27,8.0,PASS_<=10c,+0.0,FLAT,+0.0,+69.0,4.2,+0.00,0.00,SLOW,4405.50,4406.54,4403.14,4406.23,0.00,0.00,0.0,BEARISH,340.0,4406.19,4406.19,4406.19,4406.19,55,CLEARED_>=20s,1.0,0.0,0.0,0.0,0.0,0.0,0.0,PASS_<20%,0.00,0.0,NO,STANDBY_VEL_LOW,1,1321.86,3268.14,132.45,FALSE,M1_DIRECTION_MISMATCH
2026-09-07 19:53:55.989,1788810835.989,7082,50,179,4406.19,4406.27,8.0,PASS_<=10c,+0.0,FLAT,+0.0,+69.0,4.2,+0.00,0.00,SLOW,4405.50,4406.54,4403.14,4406.23,0.00,0.00,0.0,BEARISH,340.0,4406.19,4406.19,4406.19,4406.19,55,CLEARED_>=20s,1.0,0.0,0.0,0.0,0.0,0.0,0.0,PASS_<20%,0.00,0.0,NO,STANDBY_VEL_LOW,1,1321.86,3268.14,132.45,FALSE,M1_DIRECTION_MISMATCH
2026-09-07 19:54:01.503,1788810841.503,7083,1,180,4406.19,4406.27,8.0,PASS_<=10c,+0.0,FLAT,+0.0,+69.0,1.6,+0.00,0.00,SLOW,4405.50,4406.54,4403.14,4406.23,0.00,0.00,0.0,BEARISH,340.0,4406.19,4406.19,4406.19,4406.19,1,ACTIVE_1s,1.0,0.0,0.0,0.0,0.0,0.0,0.0,PASS_<20%,0.00,0.0,NO,STANDBY_VEL_LOW,1,1321.86,3268.14,132.45,FALSE,M1_DIRECTION_MISMATCH|OPENING_SHIELD_ACTIVE_1s
2026-09-07 19:54:11.748,1788810851.749,7084,2,181,4406.19,4406.27,8.0,PASS_<=10c,+0.0,FLAT,+0.0,+69.0,1.3,+0.00,0.00,SLOW,4405.50,4406.54,4403.14,4406.23,0.00,0.00,0.0,BEARISH,340.0,4406.19,4406.19,4406.19,4406.19,11,ACTIVE_11s,1.0,0.0,0.0,0.0,0.0,0.0,0.0,PASS_<20%,0.00,0.0,NO,STANDBY_VEL_LOW,1,1321.86,3268.14,132.45,FALSE,M1_DIRECTION_MISMATCH|OPENING_SHIELD_ACTIVE_11s
2026-09-07 19:54:13.559,1788810853.560,7085,3,182,4406.19,4406.27,8.0,PASS_<=10c,+0.0,FLAT,+0.0,+69.0,1.7,+0.00,0.00,SLOW,4405.50,4406.54,4403.14,4406.23,0.00,0.00,0.0,BEARISH,340.0,4406.19,4406.19,4406.19,4406.19,13,ACTIVE_13s,1.0,0.0,0.0,0.0,0.0,0.0,0.0,PASS_<20%,0.00,0.0,NO,STANDBY_VEL_LOW,1,1321.86,3268.14,132.45,FALSE,M1_DIRECTION_MISMATCH|OPENING_SHIELD_ACTIVE_13s
2026-09-07 19:54:14.061,1788810854.061,7086,4,183,4406.19,4406.27,8.0,PASS_<=10c,+0.0,FLAT,+0.0,+69.0,2.2,+0.00,0.00,SLOW,4405.50,4406.54,4403.14,4406.23,0.00,0.00,0.0,BEARISH,340.0,4406.19,4406.19,4406.19,4406.19,14,ACTIVE_14s,1.0,0.0,0.0,0.0,0.0,0.0,0.0,PASS_<20%,0.00,0.0,NO,STANDBY_VEL_LOW,1,1321.86,3268.14,132.45,FALSE,M1_DIRECTION_MISMATCH|OPENING_SHIELD_ACTIVE_14s
2026-09-07 19:54:14.563,1788810854.563,7087,5,184,4406.19,4406.27,8.0,PASS_<=10c,+0.0,FLAT,+0.0,+69.0,2.5,+0.00,0.00,SLOW,4405.50,4406.54,4403.14,4406.23,0.00,0.00,0.0,BEARISH,340.0,4406.19,4406.19,4406.19,4406.19,14,ACTIVE_14s,1.0,0.0,0.0,0.0,0.0,0.0,0.0,PASS_<20%,0.00,0.0,NO,STANDBY_VEL_LOW,1,1321.86,3268.14,132.45,FALSE,M1_DIRECTION_MISMATCH|OPENING_SHIELD_ACTIVE_14s
2026-09-07 19:54:15.064,1788810855.065,7088,6,185,4406.19,4406.27,8.0,PASS_<=10c,+0.0,FLAT,+0.0,+69.0,2.7,+0.00,0.00,SLOW,4405.50,4406.54,4403.14,4406.23,0.00,0.00,0.0,BEARISH,340.0,4406.19,4406.19,4406.19,4406.19,15,ACTIVE_15s,1.0,0.0,0.0,0.0,0.0,0.0,0.0,PASS_<20%,0.00,0.0,NO,STANDBY_VEL_LOW,1,1321.86,3268.14,132.45,FALSE,M1_DIRECTION_MISMATCH|OPENING_SHIELD_ACTIVE_15s
2026-09-07 19:54:15.566,1788810855.566,7089,7,186,4406.19,4406.27,8.0,PASS_<=10c,+0.0,FLAT,+0.0,+69.0,2.9,+0.00,0.00,SLOW,4405.50,4406.54,4403.14,4406.23,0.00,0.00,0.0,BEARISH,340.0,4406.19,4406.19,4406.19,4406.19,15,ACTIVE_15s,1.0,0.0,0.0,0.0,0.0,0.0,0.0,PASS_<20%,0.00,0.0,NO,STANDBY_VEL_LOW,1,1321.86,3268.14,132.45,FALSE,M1_DIRECTION_MISMATCH|OPENING_SHIELD_ACTIVE_15s
2026-09-07 19:54:16.067,1788810856.068,7090,8,187,4406.19,4406.27,8.0,PASS_<=10c,+0.0,FLAT,+0.0,+69.0,3.0,+0.00,0.00,SLOW,4405.50,4406.54,4403.14,4406.23,0.00,0.00,0.0,BEARISH,340.0,4406.19,4406.19,4406.19,4406.19,16,ACTIVE_16s,1.0,0.0,0.0,0.0,0.0,0.0,0.0,PASS_<20%,0.00,0.0,NO,STANDBY_VEL_LOW,1,1321.86,3268.14,132.45,FALSE,M1_DIRECTION_MISMATCH|OPENING_SHIELD_ACTIVE_16s
2026-09-07 19:54:16.569,1788810856.570,7091,9,188,4406.19,4406.27,8.0,PASS_<=10c,+0.0,FLAT,+0.0,+69.0,3.1,+0.00,0.00,SLOW,4405.50,4406.54,4403.14,4406.23,0.00,0.00,0.0,BEARISH,340.0,4406.19,4406.19,4406.19,4406.19,16,ACTIVE_16s,1.0,0.0,0.0,0.0,0.0,0.0,0.0,PASS_<20%,0.00,0.0,NO,STANDBY_VEL_LOW,1,1321.86,3268.14,132.45,FALSE,M1_DIRECTION_MISMATCH|OPENING_SHIELD_ACTIVE_16s
2026-09-07 19:54:17.070,1788810857.071,7092,10,189,4406.19,4406.27,8.0,PASS_<=10c,+0.0,FLAT,+0.0,+69.0,4.4,+0.00,0.00,SLOW,4405.50,4406.54,4403.14,4406.23,0.00,0.00,0.0,BEARISH,340.0,4406.19,4406.19,4406.19,4406.19,17,ACTIVE_17s,1.0,0.0,0.0,0.0,0.0,0.0,0.0,PASS_<20%,0.00,0.0,NO,STANDBY_VEL_LOW,1,1321.86,3268.14,132.45,FALSE,M1_DIRECTION_MISMATCH|OPENING_SHIELD_ACTIVE_17s
2026-09-07 19:54:17.594,1788810857.594,7093,11,190,4406.19,4406.27,8.0,PASS_<=10c,+0.0,FLAT,+0.0,+69.0,4.4,+0.00,0.00,SLOW,4405.50,4406.54,4403.14,4406.23,0.00,0.00,0.0,BEARISH,340.0,4406.19,4406.19,4406.19,4406.19,17,ACTIVE_17s,1.0,0.0,0.0,0.0,0.0,0.0,0.0,PASS_<20%,0.00,0.0,NO,STANDBY_VEL_LOW,1,1321.86,3268.14,132.45,FALSE,M1_DIRECTION_MISMATCH|OPENING_SHIELD_ACTIVE_17s
2026-09-07 19:54:18.095,1788810858.096,7094,12,191,4406.19,4406.27,8.0,PASS_<=10c,+0.0,FLAT,+0.0,+69.0,4.3,+0.00,0.00,SLOW,4405.50,4406.54,4403.14,4406.23,0.00,0.00,0.0,BEARISH,340.0,4406.19,4406.19,4406.19,4406.19,18,ACTIVE_18s,1.0,0.0,0.0,0.0,0.0,0.0,0.0,PASS_<20%,0.00,0.0,NO,STANDBY_VEL_LOW,1,1321.86,3268.14,132.45,FALSE,M1_DIRECTION_MISMATCH|OPENING_SHIELD_ACTIVE_18s
2026-09-07 19:54:18.596,1788810858.597,7095,13,192,4406.19,4406.27,8.0,PASS_<=10c,+0.0,FLAT,+0.0,+69.0,4.2,+0.00,0.00,SLOW,4405.50,4406.54,4403.14,4406.23,0.00,0.00,0.0,BEARISH,340.0,4406.19,4406.19,4406.19,4406.19,18,ACTIVE_18s,1.0,0.0,0.0,0.0,0.0,0.0,0.0,PASS_<20%,0.00,0.0,NO,STANDBY_VEL_LOW,1,1321.86,3268.14,132.45,FALSE,M1_DIRECTION_MISMATCH|OPENING_SHIELD_ACTIVE_18s
2026-09-07 19:54:19.099,1788810859.099,7096,14,193,4406.19,4406.27,8.0,PASS_<=10c,+0.0,FLAT,+0.0,+69.0,4.2,+0.00,0.00,SLOW,4405.50,4406.54,4403.14,4406.23,0.00,0.00,0.0,BEARISH,340.0,4406.19,4406.19,4406.19,4406.19,19,ACTIVE_19s,1.0,0.0,0.0,0.0,0.0,0.0,0.0,PASS_<20%,0.00,0.0,NO,STANDBY_VEL_LOW,1,1321.86,3268.14,132.45,FALSE,M1_DIRECTION_MISMATCH|OPENING_SHIELD_ACTIVE_19s
2026-09-07 19:54:19.601,1788810859.601,7097,15,194,4406.19,4406.27,8.0,PASS_<=10c,+0.0,FLAT,+0.0,+69.0,4.2,+0.00,0.00,SLOW,4405.50,4406.54,4403.14,4406.23,0.00,0.00,0.0,BEARISH,340.0,4406.19,4406.19,4406.19,4406.19,19,ACTIVE_19s,1.0,0.0,0.0,0.0,0.0,0.0,0.0,PASS_<20%,0.00,0.0,NO,STANDBY_VEL_LOW,1,1321.86,3268.14,132.45,FALSE,M1_DIRECTION_MISMATCH|OPENING_SHIELD_ACTIVE_19s
2026-09-07 19:54:20.102,1788810860.103,7098,16,195,4406.19,4406.27,8.0,PASS_<=10c,+0.0,FLAT,+0.0,+69.0,4.2,+0.00,0.00,SLOW,4405.50,4406.54,4403.14,4406.23,0.00,0.00,0.0,BEARISH,340.0,4406.19,4406.19,4406.19,4406.19,20,CLEARED_>=20s,1.0,0.0,0.0,0.0,0.0,0.0,0.0,PASS_<20%,0.00,0.0,NO,STANDBY_VEL_LOW,1,1321.86,3268.14,132.45,FALSE,M1_DIRECTION_MISMATCH
2026-09-07 19:54:20.604,1788810860.604,7099,17,196,4406.19,4406.27,8.0,PASS_<=10c,+0.0,FLAT,+0.0,+69.0,4.2,+0.00,0.00,SLOW,4405.50,4406.54,4403.14,4406.23,0.00,0.00,0.0,BEARISH,340.0,4406.19,4406.19,4406.19,4406.19,20,CLEARED_>=20s,1.0,0.0,0.0,0.0,0.0,0.0,0.0,PASS_<20%,0.00,0.0,NO,STANDBY_VEL_LOW,1,1321.86,3268.14,132.45,FALSE,M1_DIRECTION_MISMATCH
2026-09-07 19:54:21.106,1788810861.106,7100,18,197,4406.19,4406.27,8.0,PASS_<=10c,+0.0,FLAT,+0.0,+69.0,4.2,+0.00,0.00,SLOW,4405.50,4406.54,4403.14,4406.23,0.00,0.00,0.0,BEARISH,340.0,4406.19,4406.19,4406.19,4406.19,21,CLEARED_>=20s,1.0,0.0,0.0,0.0,0.0,0.0,0.0,PASS_<20%,0.00,0.0,NO,STANDBY_VEL_LOW,1,1321.86,3268.14,132.45,FALSE,M1_DIRECTION_MISMATCH
2026-09-07 19:54:26.621,1788810866.622,7101,19,198,4406.19,4406.27,8.0,PASS_<=10c,+0.0,FLAT,+0.0,+69.0,1.6,+0.00,0.00,SLOW,4405.50,4406.54,4403.14,4406.23,0.00,0.00,0.0,BEARISH,340.0,4406.19,4406.19,4406.19,4406.19,26,CLEARED_>=20s,1.0,0.0,0.0,0.0,0.0,0.0,0.0,PASS_<20%,0.00,0.0,NO,STANDBY_VEL_LOW,1,1321.86,3268.14,132.45,FALSE,M1_DIRECTION_MISMATCH
2026-09-07 19:54:36.852,1788810876.853,7102,20,199,4406.19,4406.27,8.0,PASS_<=10c,+0.0,FLAT,+0.0,+69.0,1.3,+0.00,0.00,SLOW,4405.50,4406.54,4403.14,4406.23,0.00,0.00,0.0,BEARISH,340.0,4406.19,4406.19,4406.19,4406.19,36,CLEARED_>=20s,1.0,0.0,0.0,0.0,0.0,0.0,0.0,PASS_<20%,0.00,0.0,NO,STANDBY_VEL_LOW,1,1321.86,3268.14,132.45,FALSE,M1_DIRECTION_MISMATCH
2026-09-07 19:54:38.661,1788810878.661,7103,21,200,4406.19,4406.27,8.0,PASS_<=10c,+0.0,FLAT,+0.0,+69.0,1.7,+0.00,0.00,SLOW,4405.50,4406.54,4403.14,4406.23,0.00,0.00,0.0,BEARISH,340.0,4406.19,4406.19,4406.19,4406.19,38,CLEARED_>=20s,1.0,0.0,0.0,0.0,0.0,0.0,0.0,PASS_<20%,0.00,0.0,NO,STANDBY_VEL_LOW,1,1321.86,3268.14,132.45,FALSE,M1_DIRECTION_MISMATCH
2026-09-07 19:54:39.163,1788810879.163,7104,22,201,4406.19,4406.27,8.0,PASS_<=10c,+0.0,FLAT,+0.0,+69.0,2.2,+0.00,0.00,SLOW,4405.50,4406.54,4403.14,4406.23,0.00,0.00,0.0,BEARISH,340.0,4406.19,4406.19,4406.19,4406.19,39,CLEARED_>=20s,1.0,0.0,0.0,0.0,0.0,0.0,0.0,PASS_<20%,0.00,0.0,NO,STANDBY_VEL_LOW,1,1321.86,3268.14,132.45,FALSE,M1_DIRECTION_MISMATCH
2026-09-07 19:54:39.665,1788810879.665,7105,23,202,4406.19,4406.27,8.0,PASS_<=10c,+0.0,FLAT,+0.0,+69.0,2.5,+0.00,0.00,SLOW,4405.50,4406.54,4403.14,4406.23,0.00,0.00,0.0,BEARISH,340.0,4406.19,4406.19,4406.19,4406.19,39,CLEARED_>=20s,1.0,0.0,0.0,0.0,0.0,0.0,0.0,PASS_<20%,0.00,0.0,NO,STANDBY_VEL_LOW,1,1321.86,3268.14,132.45,FALSE,M1_DIRECTION_MISMATCH
2026-09-07 19:54:40.167,1788810880.167,7106,24,203,4406.19,4406.27,8.0,PASS_<=10c,+0.0,FLAT,+0.0,+69.0,2.7,+0.00,0.00,SLOW,4405.50,4406.54,4403.14,4406.23,0.00,0.00,0.0,BEARISH,340.0,4406.19,4406.19,4406.19,4406.19,40,CLEARED_>=20s,1.0,0.0,0.0,0.0,0.0,0.0,0.0,PASS_<20%,0.00,0.0,NO,STANDBY_VEL_LOW,1,1321.86,3268.14,132.45,FALSE,M1_DIRECTION_MISMATCH
2026-09-07 19:54:40.668,1788810880.668,7107,25,204,4406.19,4406.27,8.0,PASS_<=10c,+0.0,FLAT,+0.0,+69.0,2.9,+0.00,0.00,SLOW,4405.50,4406.54,4403.14,4406.23,0.00,0.00,0.0,BEARISH,340.0,4406.19,4406.19,4406.19,4406.19,40,CLEARED_>=20s,1.0,0.0,0.0,0.0,0.0,0.0,0.0,PASS_<20%,0.00,0.0,NO,STANDBY_VEL_LOW,1,1321.86,3268.14,132.45,FALSE,M1_DIRECTION_MISMATCH
2026-09-07 19:54:41.170,1788810881.170,7108,26,205,4406.19,4406.27,8.0,PASS_<=10c,+0.0,FLAT,+0.0,+69.0,3.0,+0.00,0.00,SLOW,4405.50,4406.54,4403.14,4406.23,0.00,0.00,0.0,BEARISH,340.0,4406.19,4406.19,4406.19,4406.19,41,CLEARED_>=20s,1.0,0.0,0.0,0.0,0.0,0.0,0.0,PASS_<20%,0.00,0.0,NO,STANDBY_VEL_LOW,1,1321.86,3268.14,132.45,FALSE,M1_DIRECTION_MISMATCH
2026-09-07 19:54:41.672,1788810881.672,7109,27,206,4406.19,4406.27,8.0,PASS_<=10c,+0.0,FLAT,+0.0,+69.0,3.1,+0.00,0.00,SLOW,4405.50,4406.54,4403.14,4406.23,0.00,0.00,0.0,BEARISH,340.0,4406.19,4406.19,4406.19,4406.19,41,CLEARED_>=20s,1.0,0.0,0.0,0.0,0.0,0.0,0.0,PASS_<20%,0.00,0.0,NO,STANDBY_VEL_LOW,1,1321.86,3268.14,132.45,FALSE,M1_DIRECTION_MISMATCH
2026-09-07 19:54:42.174,1788810882.174,7110,28,207,4406.19,4406.27,8.0,PASS_<=10c,+0.0,FLAT,+0.0,+69.0,4.4,+0.00,0.00,SLOW,4405.50,4406.54,4403.14,4406.23,0.00,0.00,0.0,BEARISH,340.0,4406.19,4406.19,4406.19,4406.19,42,CLEARED_>=20s,1.0,0.0,0.0,0.0,0.0,0.0,0.0,PASS_<20%,0.00,0.0,NO,STANDBY_VEL_LOW,1,1321.86,3268.14,132.45,FALSE,M1_DIRECTION_MISMATCH
2026-09-07 19:54:42.675,1788810882.676,7111,29,208,4406.19,4406.27,8.0,PASS_<=10c,+0.0,FLAT,+0.0,+69.0,4.4,+0.00,0.00,SLOW,4405.50,4406.54,4403.14,4406.23,0.00,0.00,0.0,BEARISH,340.0,4406.19,4406.19,4406.19,4406.19,42,CLEARED_>=20s,1.0,0.0,0.0,0.0,0.0,0.0,0.0,PASS_<20%,0.00,0.0,NO,STANDBY_VEL_LOW,1,1321.86,3268.14,132.45,FALSE,M1_DIRECTION_MISMATCH
2026-09-07 19:54:43.177,1788810883.177,7112,30,209,4406.19,4406.27,8.0,PASS_<=10c,+0.0,FLAT,+0.0,+69.0,4.3,+0.00,0.00,SLOW,4405.50,4406.54,4403.14,4406.23,0.00,0.00,0.0,BEARISH,340.0,4406.19,4406.19,4406.19,4406.19,43,CLEARED_>=20s,1.0,0.0,0.0,0.0,0.0,0.0,0.0,PASS_<20%,0.00,0.0,NO,STANDBY_VEL_LOW,1,1321.86,3268.14,132.45,FALSE,M1_DIRECTION_MISMATCH
2026-09-07 19:54:43.679,1788810883.679,7113,31,210,4406.19,4406.27,8.0,PASS_<=10c,+0.0,FLAT,+0.0,+69.0,4.2,+0.00,0.00,SLOW,4405.50,4406.54,4403.14,4406.23,0.00,0.00,0.0,BEARISH,340.0,4406.19,4406.19,4406.19,4406.19,43,CLEARED_>=20s,1.0,0.0,0.0,0.0,0.0,0.0,0.0,PASS_<20%,0.00,0.0,NO,STANDBY_VEL_LOW,1,1321.86,3268.14,132.45,FALSE,M1_DIRECTION_MISMATCH
2026-09-07 19:54:44.180,1788810884.181,7114,32,211,4406.19,4406.27,8.0,PASS_<=10c,+0.0,FLAT,+0.0,+69.0,4.2,+0.00,0.00,SLOW,4405.50,4406.54,4403.14,4406.23,0.00,0.00,0.0,BEARISH,340.0,4406.19,4406.19,4406.19,4406.19,44,CLEARED_>=20s,1.0,0.0,0.0,0.0,0.0,0.0,0.0,PASS_<20%,0.00,0.0,NO,STANDBY_VEL_LOW,1,1321.86,3268.14,132.45,FALSE,M1_DIRECTION_MISMATCH
2026-09-07 19:54:44.684,1788810884.684,7115,33,212,4406.19,4406.27,8.0,PASS_<=10c,+0.0,FLAT,+0.0,+69.0,4.2,+0.00,0.00,SLOW,4405.50,4406.54,4403.14,4406.23,0.00,0.00,0.0,BEARISH,340.0,4406.19,4406.19,4406.19,4406.19,44,CLEARED_>=20s,1.0,0.0,0.0,0.0,0.0,0.0,0.0,PASS_<20%,0.00,0.0,NO,STANDBY_VEL_LOW,1,1321.86,3268.14,132.45,FALSE,M1_DIRECTION_MISMATCH
2026-09-07 19:54:45.183,1788810885.184,7116,34,213,4406.19,4406.27,8.0,PASS_<=10c,+0.0,FLAT,+0.0,+69.0,4.2,+0.00,0.00,SLOW,4405.50,4406.54,4403.14,4406.23,0.00,0.00,0.0,BEARISH,340.0,4406.19,4406.19,4406.19,4406.19,45,CLEARED_>=20s,1.0,0.0,0.0,0.0,0.0,0.0,0.0,PASS_<20%,0.00,0.0,NO,STANDBY_VEL_LOW,1,1321.86,3268.14,132.45,FALSE,M1_DIRECTION_MISMATCH
2026-09-07 19:54:45.684,1788810885.684,7117,35,214,4406.19,4406.27,8.0,PASS_<=10c,+0.0,FLAT,+0.0,+69.0,4.2,+0.00,0.00,SLOW,4405.50,4406.54,4403.14,4406.23,0.00,0.00,0.0,BEARISH,340.0,4406.19,4406.19,4406.19,4406.19,45,CLEARED_>=20s,1.0,0.0,0.0,0.0,0.0,0.0,0.0,PASS_<20%,0.00,0.0,NO,STANDBY_VEL_LOW,1,1321.86,3268.14,132.45,FALSE,M1_DIRECTION_MISMATCH
2026-09-07 19:54:46.186,1788810886.186,7118,36,215,4406.19,4406.27,8.0,PASS_<=10c,+0.0,FLAT,+0.0,+69.0,4.2,+0.00,0.00,SLOW,4405.50,4406.54,4403.14,4406.23,0.00,0.00,0.0,BEARISH,340.0,4406.19,4406.19,4406.19,4406.19,46,CLEARED_>=20s,1.0,0.0,0.0,0.0,0.0,0.0,0.0,PASS_<20%,0.00,0.0,NO,STANDBY_VEL_LOW,1,1321.86,3268.14,132.45,FALSE,M1_DIRECTION_MISMATCH
2026-09-07 19:54:51.699,1788810891.700,7119,37,216,4406.19,4406.27,8.0,PASS_<=10c,+0.0,FLAT,+0.0,+69.0,1.5,+0.00,0.00,SLOW,4405.50,4406.54,4403.14,4406.23,0.00,0.00,0.0,BEARISH,340.0,4406.19,4406.19,4406.19,4406.19,51,CLEARED_>=20s,1.0,0.0,0.0,0.0,0.0,0.0,0.0,PASS_<20%,0.00,0.0,NO,STANDBY_VEL_LOW,1,1321.86,3268.14,132.45,FALSE,M1_DIRECTION_MISMATCH
2026-09-07 19:55:01.941,1788810901.941,7120,1,1,4406.19,4406.27,8.0,PASS_<=10c,+0.0,FLAT,+0.0,+0.0,1.3,+0.00,0.00,SLOW,4406.19,4406.19,4406.19,4406.19,0.00,0.00,0.0,BEARISH,0.0,4406.19,4406.19,4406.19,4406.19,1,ACTIVE_1s,1.0,0.0,0.0,0.0,0.0,0.0,0.0,PASS_<20%,0.00,0.0,NO,STANDBY_VEL_LOW,1,1321.86,3268.14,132.45,FALSE,M1_DIRECTION_MISMATCH|OPENING_SHIELD_ACTIVE_1s
2026-09-07 19:55:05.154,1788810905.154,7121,2,2,4406.19,4406.27,8.0,PASS_<=10c,+0.0,FLAT,+0.0,+0.0,1.3,+0.00,0.00,SLOW,4406.19,4406.19,4406.19,4406.19,0.00,0.00,0.0,BEARISH,0.0,4406.19,4406.19,4406.19,4406.19,5,ACTIVE_5s,1.0,0.0,0.0,0.0,0.0,0.0,0.0,PASS_<20%,0.00,0.0,NO,STANDBY_VEL_LOW,1,1321.86,3268.14,132.45,FALSE,M1_DIRECTION_MISMATCH|OPENING_SHIELD_ACTIVE_5s
2026-09-07 19:55:05.655,1788810905.655,7122,3,3,4406.19,4406.27,8.0,PASS_<=10c,+0.0,FLAT,+0.0,+0.0,1.3,+0.00,0.00,SLOW,4406.19,4406.19,4406.19,4406.19,0.00,0.00,0.0,BEARISH,0.0,4406.19,4406.19,4406.19,4406.19,5,ACTIVE_5s,1.0,0.0,0.0,0.0,0.0,0.0,0.0,PASS_<20%,0.00,0.0,NO,STANDBY_VEL_LOW,1,1321.86,3268.14,132.45,FALSE,M1_DIRECTION_MISMATCH|OPENING_SHIELD_ACTIVE_5s
2026-09-07 19:55:06.194,1788810906.194,7123,4,4,4406.19,4406.27,8.0,PASS_<=10c,+0.0,FLAT,+0.0,+0.0,1.6,+0.00,0.00,SLOW,4406.19,4406.19,4406.19,4406.19,0.00,0.00,0.0,BEARISH,0.0,4406.19,4406.19,4406.19,4406.19,6,ACTIVE_6s,1.0,0.0,0.0,0.0,0.0,0.0,0.0,PASS_<20%,0.00,0.0,NO,STANDBY_VEL_LOW,1,1321.86,3268.14,132.45,FALSE,M1_DIRECTION_MISMATCH|OPENING_SHIELD_ACTIVE_6s
2026-09-07 19:55:06.694,1788810906.694,7124,5,5,4406.19,4406.27,8.0,PASS_<=10c,+0.0,FLAT,+0.0,+0.0,1.9,+0.00,0.00,SLOW,4406.19,4406.19,4406.19,4406.19,0.00,0.00,0.0,BEARISH,0.0,4406.19,4406.19,4406.19,4406.19,6,ACTIVE_6s,1.0,0.0,0.0,0.0,0.0,0.0,0.0,PASS_<20%,0.00,0.0,NO,STANDBY_VEL_LOW,1,1321.86,3268.14,132.45,FALSE,M1_DIRECTION_MISMATCH|OPENING_SHIELD_ACTIVE_6s
2026-09-07 19:55:07.197,1788810907.197,7125,6,6,4406.19,4406.27,8.0,PASS_<=10c,+0.0,FLAT,+0.0,+0.0,4.7,+0.00,0.00,SLOW,4406.19,4406.19,4406.19,4406.19,0.00,0.00,0.0,BEARISH,0.0,4406.19,4406.19,4406.19,4406.19,7,ACTIVE_7s,1.0,0.0,0.0,0.0,0.0,0.0,0.0,PASS_<20%,0.00,0.0,NO,STANDBY_VEL_LOW,1,1321.86,3268.14,132.45,FALSE,M1_DIRECTION_MISMATCH|OPENING_SHIELD_ACTIVE_7s
2026-09-07 19:55:07.697,1788810907.698,7126,7,7,4406.19,4406.27,8.0,PASS_<=10c,+0.0,FLAT,+0.0,+0.0,4.5,+0.00,0.00,SLOW,4406.19,4406.19,4406.19,4406.19,0.00,0.00,0.0,BEARISH,0.0,4406.19,4406.19,4406.19,4406.19,7,ACTIVE_7s,1.0,0.0,0.0,0.0,0.0,0.0,0.0,PASS_<20%,0.00,0.0,NO,STANDBY_VEL_LOW,1,1321.86,3268.14,132.45,FALSE,M1_DIRECTION_MISMATCH|OPENING_SHIELD_ACTIVE_7s
2026-09-07 19:55:08.200,1788810908.200,7127,8,8,4406.19,4406.27,8.0,PASS_<=10c,+0.0,FLAT,+0.0,+0.0,4.5,+0.00,0.00,SLOW,4406.19,4406.19,4406.19,4406.19,0.00,0.00,0.0,BEARISH,0.0,4406.19,4406.19,4406.19,4406.19,8,ACTIVE_8s,1.0,0.0,0.0,0.0,0.0,0.0,0.0,PASS_<20%,0.00,0.0,NO,STANDBY_VEL_LOW,1,1321.86,3268.14,132.45,FALSE,M1_DIRECTION_MISMATCH|OPENING_SHIELD_ACTIVE_8s
2026-09-07 19:55:08.700,1788810908.701,7128,9,9,4406.19,4406.27,8.0,PASS_<=10c,+0.0,FLAT,+0.0,+0.0,4.4,+0.00,0.00,SLOW,4406.19,4406.19,4406.19,4406.19,0.00,0.00,0.0,BEARISH,0.0,4406.19,4406.19,4406.19,4406.19,8,ACTIVE_8s,1.0,0.0,0.0,0.0,0.0,0.0,0.0,PASS_<20%,0.00,0.0,NO,STANDBY_VEL_LOW,1,1321.86,3268.14,132.45,FALSE,M1_DIRECTION_MISMATCH|OPENING_SHIELD_ACTIVE_8s
2026-09-07 19:55:09.202,1788810909.202,7129,10,10,4406.19,4406.27,8.0,PASS_<=10c,+0.0,FLAT,+0.0,+0.0,4.3,+0.00,0.00,SLOW,4406.19,4406.19,4406.19,4406.19,0.00,0.00,0.0,BEARISH,0.0,4406.19,4406.19,4406.19,4406.19,9,ACTIVE_9s,1.0,0.0,0.0,0.0,0.0,0.0,0.0,PASS_<20%,0.00,0.0,NO,STANDBY_VEL_LOW,1,1321.86,3268.14,132.45,FALSE,M1_DIRECTION_MISMATCH|OPENING_SHIELD_ACTIVE_9s
2026-09-07 19:55:09.703,1788810909.703,7130,11,11,4406.19,4406.27,8.0,PASS_<=10c,+0.0,FLAT,+0.0,+0.0,4.3,+0.00,0.00,SLOW,4406.19,4406.19,4406.19,4406.19,0.00,0.00,0.0,BEARISH,0.0,4406.19,4406.19,4406.19,4406.19,9,ACTIVE_9s,1.0,0.0,0.0,0.0,0.0,0.0,0.0,PASS_<20%,0.00,0.0,NO,STANDBY_VEL_LOW,1,1321.86,3268.14,132.45,FALSE,M1_DIRECTION_MISMATCH|OPENING_SHIELD_ACTIVE_9s
2026-09-07 19:55:10.205,1788810910.206,7131,12,12,4406.19,4406.27,8.0,PASS_<=10c,+0.0,FLAT,+0.0,+0.0,4.2,+0.00,0.00,SLOW,4406.19,4406.19,4406.19,4406.19,0.00,0.00,0.0,BEARISH,0.0,4406.19,4406.19,4406.19,4406.19,10,ACTIVE_10s,1.0,0.0,0.0,0.0,0.0,0.0,0.0,PASS_<20%,0.00,0.0,NO,STANDBY_VEL_LOW,1,1321.86,3268.14,132.45,FALSE,M1_DIRECTION_MISMATCH|OPENING_SHIELD_ACTIVE_10s
2026-09-07 19:55:10.709,1788810910.709,7132,13,13,4406.19,4406.27,8.0,PASS_<=10c,+0.0,FLAT,+0.0,+69.0,4.2,+0.00,0.00,SLOW,4405.50,4406.54,4403.14,4406.23,0.00,0.00,0.0,BEARISH,340.0,4406.19,4406.19,4406.19,4406.19,10,ACTIVE_10s,1.0,0.0,0.0,0.0,0.0,0.0,0.0,PASS_<20%,0.00,0.0,NO,STANDBY_VEL_LOW,1,1321.86,3268.14,132.45,FALSE,M1_DIRECTION_MISMATCH|OPENING_SHIELD_ACTIVE_10s
2026-09-07 19:55:11.209,1788810911.209,7133,14,14,4406.19,4406.27,8.0,PASS_<=10c,+0.0,FLAT,+0.0,+69.0,4.2,+0.00,0.00,SLOW,4405.50,4406.54,4403.14,4406.23,0.00,0.00,0.0,BEARISH,340.0,4406.19,4406.19,4406.19,4406.19,11,ACTIVE_11s,1.0,0.0,0.0,0.0,0.0,0.0,0.0,PASS_<20%,0.00,0.0,NO,STANDBY_VEL_LOW,1,1321.86,3268.14,132.45,FALSE,M1_DIRECTION_MISMATCH|OPENING_SHIELD_ACTIVE_11s
2026-09-07 19:55:11.709,1788810911.710,7134,15,15,4406.19,4406.27,8.0,PASS_<=10c,+0.0,FLAT,+0.0,+69.0,4.2,+0.00,0.00,SLOW,4405.50,4406.54,4403.14,4406.23,0.00,0.00,0.0,BEARISH,340.0,4406.19,4406.19,4406.19,4406.19,11,ACTIVE_11s,1.0,0.0,0.0,0.0,0.0,0.0,0.0,PASS_<20%,0.00,0.0,NO,STANDBY_VEL_LOW,1,1321.86,3268.14,132.45,FALSE,M1_DIRECTION_MISMATCH|OPENING_SHIELD_ACTIVE_11s
2026-09-07 19:55:12.210,1788810912.211,7135,16,16,4406.19,4406.27,8.0,PASS_<=10c,+0.0,FLAT,+0.0,+69.0,4.2,+0.00,0.00,SLOW,4405.50,4406.54,4403.14,4406.23,0.00,0.00,0.0,BEARISH,340.0,4406.19,4406.19,4406.19,4406.19,12,ACTIVE_12s,1.0,0.0,0.0,0.0,0.0,0.0,0.0,PASS_<20%,0.00,0.0,NO,STANDBY_VEL_LOW,1,1321.86,3268.14,132.45,FALSE,M1_DIRECTION_MISMATCH|OPENING_SHIELD_ACTIVE_12s
2026-09-07 19:55:12.712,1788810912.712,7136,17,17,4406.19,4406.27,8.0,PASS_<=10c,+0.0,FLAT,+0.0,+69.0,4.2,+0.00,0.00,SLOW,4405.50,4406.54,4403.14,4406.23,0.00,0.00,0.0,BEARISH,340.0,4406.19,4406.19,4406.19,4406.19,12,ACTIVE_12s,1.0,0.0,0.0,0.0,0.0,0.0,0.0,PASS_<20%,0.00,0.0,NO,STANDBY_VEL_LOW,1,1321.86,3268.14,132.45,FALSE,M1_DIRECTION_MISMATCH|OPENING_SHIELD_ACTIVE_12s
2026-09-07 19:55:18.228,1788810918.228,7137,18,18,4406.19,4406.27,8.0,PASS_<=10c,+0.0,FLAT,+0.0,+69.0,1.4,+0.00,0.00,SLOW,4405.50,4406.54,4403.14,4406.23,0.00,0.00,0.0,BEARISH,340.0,4406.19,4406.19,4406.19,4406.19,18,ACTIVE_18s,1.0,0.0,0.0,0.0,0.0,0.0,0.0,PASS_<20%,0.00,0.0,NO,STANDBY_VEL_LOW,1,1321.86,3268.14,132.45,FALSE,M1_DIRECTION_MISMATCH|OPENING_SHIELD_ACTIVE_18s
2026-09-07 19:55:28.453,1788810928.454,7138,19,19,4406.19,4406.27,8.0,PASS_<=10c,+0.0,FLAT,+0.0,+69.0,1.3,+0.00,0.00,SLOW,4405.50,4406.54,4403.14,4406.23,0.00,0.00,0.0,BEARISH,340.0,4406.19,4406.19,4406.19,4406.19,28,CLEARED_>=20s,1.0,0.0,0.0,0.0,0.0,0.0,0.0,PASS_<20%,0.00,0.0,NO,STANDBY_VEL_LOW,1,1321.86,3268.14,132.45,FALSE,M1_DIRECTION_MISMATCH
2026-09-07 19:55:30.262,1788810930.263,7139,20,20,4406.19,4406.27,8.0,PASS_<=10c,+0.0,FLAT,+0.0,+69.0,1.7,+0.00,0.00,SLOW,4405.50,4406.54,4403.14,4406.23,0.00,0.00,0.0,BEARISH,340.0,4406.19,4406.19,4406.19,4406.19,30,CLEARED_>=20s,1.0,0.0,0.0,0.0,0.0,0.0,0.0,PASS_<20%,0.00,0.0,NO,STANDBY_VEL_LOW,1,1321.86,3268.14,132.45,FALSE,M1_DIRECTION_MISMATCH
2026-09-07 19:55:30.764,1788810930.764,7140,21,21,4406.19,4406.27,8.0,PASS_<=10c,+0.0,FLAT,+0.0,+69.0,2.2,+0.00,0.00,SLOW,4405.50,4406.54,4403.14,4406.23,0.00,0.00,0.0,BEARISH,340.0,4406.19,4406.19,4406.19,4406.19,30,CLEARED_>=20s,1.0,0.0,0.0,0.0,0.0,0.0,0.0,PASS_<20%,0.00,0.0,NO,STANDBY_VEL_LOW,1,1321.86,3268.14,132.45,FALSE,M1_DIRECTION_MISMATCH
2026-09-07 19:55:31.266,1788810931.266,7141,22,22,4406.19,4406.27,8.0,PASS_<=10c,+0.0,FLAT,+0.0,+69.0,2.5,+0.00,0.00,SLOW,4405.50,4406.54,4403.14,4406.23,0.00,0.00,0.0,BEARISH,340.0,4406.19,4406.19,4406.19,4406.19,31,CLEARED_>=20s,1.0,0.0,0.0,0.0,0.0,0.0,0.0,PASS_<20%,0.00,0.0,NO,STANDBY_VEL_LOW,1,1321.86,3268.14,132.45,FALSE,M1_DIRECTION_MISMATCH
2026-09-07 19:55:31.768,1788810931.769,7142,23,23,4406.19,4406.27,8.0,PASS_<=10c,+0.0,FLAT,+0.0,+69.0,2.7,+0.00,0.00,SLOW,4405.50,4406.54,4403.14,4406.23,0.00,0.00,0.0,BEARISH,340.0,4406.19,4406.19,4406.19,4406.19,31,CLEARED_>=20s,1.0,0.0,0.0,0.0,0.0,0.0,0.0,PASS_<20%,0.00,0.0,NO,STANDBY_VEL_LOW,1,1321.86,3268.14,132.45,FALSE,M1_DIRECTION_MISMATCH
2026-09-07 19:55:32.270,1788810932.271,7143,24,24,4406.19,4406.27,8.0,PASS_<=10c,+0.0,FLAT,+0.0,+69.0,2.9,+0.00,0.00,SLOW,4405.50,4406.54,4403.14,4406.23,0.00,0.00,0.0,BEARISH,340.0,4406.19,4406.19,4406.19,4406.19,32,CLEARED_>=20s,1.0,0.0,0.0,0.0,0.0,0.0,0.0,PASS_<20%,0.00,0.0,NO,STANDBY_VEL_LOW,1,1321.86,3268.14,132.45,FALSE,M1_DIRECTION_MISMATCH
2026-09-07 19:55:32.771,1788810932.771,7144,25,25,4406.19,4406.27,8.0,PASS_<=10c,+0.0,FLAT,+0.0,+69.0,3.0,+0.00,0.00,SLOW,4405.50,4406.54,4403.14,4406.23,0.00,0.00,0.0,BEARISH,340.0,4406.19,4406.19,4406.19,4406.19,32,CLEARED_>=20s,1.0,0.0,0.0,0.0,0.0,0.0,0.0,PASS_<20%,0.00,0.0,NO,STANDBY_VEL_LOW,1,1321.86,3268.14,132.45,FALSE,M1_DIRECTION_MISMATCH
2026-09-07 19:55:33.272,1788810933.272,7145,26,26,4406.19,4406.27,8.0,PASS_<=10c,+0.0,FLAT,+0.0,+69.0,3.1,+0.00,0.00,SLOW,4405.50,4406.54,4403.14,4406.23,0.00,0.00,0.0,BEARISH,340.0,4406.19,4406.19,4406.19,4406.19,33,CLEARED_>=20s,1.0,0.0,0.0,0.0,0.0,0.0,0.0,PASS_<20%,0.00,0.0,NO,STANDBY_VEL_LOW,1,1321.86,3268.14,132.45,FALSE,M1_DIRECTION_MISMATCH
2026-09-07 19:55:33.774,1788810933.775,7146,27,27,4406.19,4406.27,8.0,PASS_<=10c,+0.0,FLAT,+0.0,+69.0,4.4,+0.00,0.00,SLOW,4405.50,4406.54,4403.14,4406.23,0.00,0.00,0.0,BEARISH,340.0,4406.19,4406.19,4406.19,4406.19,33,CLEARED_>=20s,1.0,0.0,0.0,0.0,0.0,0.0,0.0,PASS_<20%,0.00,0.0,NO,STANDBY_VEL_LOW,1,1321.86,3268.14,132.45,FALSE,M1_DIRECTION_MISMATCH
2026-09-07 19:55:34.276,1788810934.276,7147,28,28,4406.19,4406.27,8.0,PASS_<=10c,+0.0,FLAT,+0.0,+69.0,4.4,+0.00,0.00,SLOW,4405.50,4406.54,4403.14,4406.23,0.00,0.00,0.0,BEARISH,340.0,4406.19,4406.19,4406.19,4406.19,34,CLEARED_>=20s,1.0,0.0,0.0,0.0,0.0,0.0,0.0,PASS_<20%,0.00,0.0,NO,STANDBY_VEL_LOW,1,1321.86,3268.14,132.45,FALSE,M1_DIRECTION_MISMATCH
2026-09-07 19:55:34.778,1788810934.779,7148,29,29,4406.19,4406.27,8.0,PASS_<=10c,+0.0,FLAT,+0.0,+69.0,4.3,+0.00,0.00,SLOW,4405.50,4406.54,4403.14,4406.23,0.00,0.00,0.0,BEARISH,340.0,4406.19,4406.19,4406.19,4406.19,34,CLEARED_>=20s,1.0,0.0,0.0,0.0,0.0,0.0,0.0,PASS_<20%,0.00,0.0,NO,STANDBY_VEL_LOW,1,1321.86,3268.14,132.45,FALSE,M1_DIRECTION_MISMATCH
2026-09-07 19:55:35.279,1788810935.279,7149,30,30,4406.19,4406.27,8.0,PASS_<=10c,+0.0,FLAT,+0.0,+69.0,4.2,+0.00,0.00,SLOW,4405.50,4406.54,4403.14,4406.23,0.00,0.00,0.0,BEARISH,340.0,4406.19,4406.19,4406.19,4406.19,35,CLEARED_>=20s,1.0,0.0,0.0,0.0,0.0,0.0,0.0,PASS_<20%,0.00,0.0,NO,STANDBY_VEL_LOW,1,1321.86,3268.14,132.45,FALSE,M1_DIRECTION_MISMATCH
2026-09-07 19:55:35.780,1788810935.781,7150,31,31,4406.19,4406.27,8.0,PASS_<=10c,+0.0,FLAT,+0.0,+69.0,4.2,+0.00,0.00,SLOW,4405.50,4406.54,4403.14,4406.23,0.00,0.00,0.0,BEARISH,340.0,4406.19,4406.19,4406.19,4406.19,35,CLEARED_>=20s,1.0,0.0,0.0,0.0,0.0,0.0,0.0,PASS_<20%,0.00,0.0,NO,STANDBY_VEL_LOW,1,1321.86,3268.14,132.45,FALSE,M1_DIRECTION_MISMATCH
2026-09-07 19:55:36.282,1788810936.282,7151,32,32,4406.19,4406.27,8.0,PASS_<=10c,+0.0,FLAT,+0.0,+69.0,4.2,+0.00,0.00,SLOW,4405.50,4406.54,4403.14,4406.23,0.00,0.00,0.0,BEARISH,340.0,4406.19,4406.19,4406.19,4406.19,36,CLEARED_>=20s,1.0,0.0,0.0,0.0,0.0,0.0,0.0,PASS_<20%,0.00,0.0,NO,STANDBY_VEL_LOW,1,1321.86,3268.14,132.45,FALSE,M1_DIRECTION_MISMATCH
2026-09-07 19:55:36.784,1788810936.784,7152,33,33,4406.19,4406.27,8.0,PASS_<=10c,+0.0,FLAT,+0.0,+69.0,4.2,+0.00,0.00,SLOW,4405.50,4406.54,4403.14,4406.23,0.00,0.00,0.0,BEARISH,340.0,4406.19,4406.19,4406.19,4406.19,36,CLEARED_>=20s,1.0,0.0,0.0,0.0,0.0,0.0,0.0,PASS_<20%,0.00,0.0,NO,STANDBY_VEL_LOW,1,1321.86,3268.14,132.45,FALSE,M1_DIRECTION_MISMATCH
2026-09-07 19:55:37.285,1788810937.285,7153,34,34,4406.19,4406.27,8.0,PASS_<=10c,+0.0,FLAT,+0.0,+69.0,4.2,+0.00,0.00,SLOW,4405.50,4406.54,4403.14,4406.23,0.00,0.00,0.0,BEARISH,340.0,4406.19,4406.19,4406.19,4406.19,37,CLEARED_>=20s,1.0,0.0,0.0,0.0,0.0,0.0,0.0,PASS_<20%,0.00,0.0,NO,STANDBY_VEL_LOW,1,1321.86,3268.14,132.45,FALSE,M1_DIRECTION_MISMATCH
2026-09-07 19:55:37.786,1788810937.787,7154,35,35,4406.19,4406.27,8.0,PASS_<=10c,+0.0,FLAT,+0.0,+69.0,4.2,+0.00,0.00,SLOW,4405.50,4406.54,4403.14,4406.23,0.00,0.00,0.0,BEARISH,340.0,4406.19,4406.19,4406.19,4406.19,37,CLEARED_>=20s,1.0,0.0,0.0,0.0,0.0,0.0,0.0,PASS_<20%,0.00,0.0,NO,STANDBY_VEL_LOW,1,1321.86,3268.14,132.45,FALSE,M1_DIRECTION_MISMATCH
2026-09-07 19:55:43.298,1788810943.299,7155,36,36,4406.19,4406.27,8.0,PASS_<=10c,+0.0,FLAT,+0.0,+69.0,1.4,+0.00,0.00,SLOW,4405.50,4406.54,4403.14,4406.23,0.00,0.00,0.0,BEARISH,340.0,4406.19,4406.19,4406.19,4406.19,43,CLEARED_>=20s,1.0,0.0,0.0,0.0,0.0,0.0,0.0,PASS_<20%,0.00,0.0,NO,STANDBY_VEL_LOW,1,1321.86,3268.14,132.45,FALSE,M1_DIRECTION_MISMATCH
2026-09-07 19:55:53.531,1788810953.532,7156,37,37,4406.19,4406.27,8.0,PASS_<=10c,+0.0,FLAT,+0.0,+69.0,1.3,+0.00,0.00,SLOW,4405.50,4406.54,4403.14,4406.23,0.00,0.00,0.0,BEARISH,340.0,4406.19,4406.19,4406.19,4406.19,53,CLEARED_>=20s,1.0,0.0,0.0,0.0,0.0,0.0,0.0,PASS_<20%,0.00,0.0,NO,STANDBY_VEL_LOW,1,1321.86,3268.14,132.45,FALSE,M1_DIRECTION_MISMATCH
2026-09-07 19:55:55.140,1788810955.140,7157,38,38,4406.19,4406.27,8.0,PASS_<=10c,+0.0,FLAT,+0.0,+69.0,1.9,+0.00,0.00,SLOW,4405.50,4406.54,4403.14,4406.23,0.00,0.00,0.0,BEARISH,340.0,4406.19,4406.19,4406.19,4406.19,55,CLEARED_>=20s,1.0,0.0,0.0,0.0,0.0,0.0,0.0,PASS_<20%,0.00,0.0,NO,STANDBY_VEL_LOW,1,1321.86,3268.14,132.45,FALSE,M1_DIRECTION_MISMATCH
2026-09-07 19:55:55.640,1788810955.641,7158,39,39,4406.19,4406.27,8.0,PASS_<=10c,+0.0,FLAT,+0.0,+69.0,2.4,+0.00,0.00,SLOW,4405.50,4406.54,4403.14,4406.23,0.00,0.00,0.0,BEARISH,340.0,4406.19,4406.19,4406.19,4406.19,55,CLEARED_>=20s,1.0,0.0,0.0,0.0,0.0,0.0,0.0,PASS_<20%,0.00,0.0,NO,STANDBY_VEL_LOW,1,1321.86,3268.14,132.45,FALSE,M1_DIRECTION_MISMATCH
2026-09-07 19:55:56.142,1788810956.143,7159,40,40,4406.19,4406.27,8.0,PASS_<=10c,+0.0,FLAT,+0.0,+69.0,2.7,+0.00,0.00,SLOW,4405.50,4406.54,4403.14,4406.23,0.00,0.00,0.0,BEARISH,340.0,4406.19,4406.19,4406.19,4406.19,56,CLEARED_>=20s,1.0,0.0,0.0,0.0,0.0,0.0,0.0,PASS_<20%,0.00,0.0,NO,STANDBY_VEL_LOW,1,1321.86,3268.14,132.45,FALSE,M1_DIRECTION_MISMATCH
2026-09-07 19:55:56.644,1788810956.644,7160,41,41,4406.19,4406.27,8.0,PASS_<=10c,+0.0,FLAT,+0.0,+69.0,2.9,+0.00,0.00,SLOW,4405.50,4406.54,4403.14,4406.23,0.00,0.00,0.0,BEARISH,340.0,4406.19,4406.19,4406.19,4406.19,56,CLEARED_>=20s,1.0,0.0,0.0,0.0,0.0,0.0,0.0,PASS_<20%,0.00,0.0,NO,STANDBY_VEL_LOW,1,1321.86,3268.14,132.45,FALSE,M1_DIRECTION_MISMATCH
2026-09-07 19:55:57.147,1788810957.148,7161,42,42,4406.19,4406.27,8.0,PASS_<=10c,+0.0,FLAT,+0.0,+69.0,3.0,+0.00,0.00,SLOW,4405.50,4406.54,4403.14,4406.23,0.00,0.00,0.0,BEARISH,340.0,4406.19,4406.19,4406.19,4406.19,57,CLEARED_>=20s,1.0,0.0,0.0,0.0,0.0,0.0,0.0,PASS_<20%,0.00,0.0,NO,STANDBY_VEL_LOW,1,1321.86,3268.14,132.45,FALSE,M1_DIRECTION_MISMATCH
2026-09-07 19:55:57.648,1788810957.649,7162,43,43,4406.19,4406.27,8.0,PASS_<=10c,+0.0,FLAT,+0.0,+69.0,3.2,+0.00,0.00,SLOW,4405.50,4406.54,4403.14,4406.23,0.00,0.00,0.0,BEARISH,340.0,4406.19,4406.19,4406.19,4406.19,57,CLEARED_>=20s,1.0,0.0,0.0,0.0,0.0,0.0,0.0,PASS_<20%,0.00,0.0,NO,STANDBY_VEL_LOW,1,1321.86,3268.14,132.45,FALSE,M1_DIRECTION_MISMATCH
2026-09-07 19:55:58.150,1788810958.150,7163,44,44,4406.19,4406.27,8.0,PASS_<=10c,+0.0,FLAT,+0.0,+69.0,3.2,+0.00,0.00,SLOW,4405.50,4406.54,4403.14,4406.23,0.00,0.00,0.0,BEARISH,340.0,4406.19,4406.19,4406.19,4406.19,58,CLEARED_>=20s,1.0,0.0,0.0,0.0,0.0,0.0,0.0,PASS_<20%,0.00,0.0,NO,STANDBY_VEL_LOW,1,1321.86,3268.14,132.45,FALSE,M1_DIRECTION_MISMATCH
2026-09-07 19:55:58.650,1788810958.651,7164,45,45,4406.19,4406.27,8.0,PASS_<=10c,+0.0,FLAT,+0.0,+69.0,4.4,+0.00,0.00,SLOW,4405.50,4406.54,4403.14,4406.23,0.00,0.00,0.0,BEARISH,340.0,4406.19,4406.19,4406.19,4406.19,58,CLEARED_>=20s,1.0,0.0,0.0,0.0,0.0,0.0,0.0,PASS_<20%,0.00,0.0,NO,STANDBY_VEL_LOW,1,1321.86,3268.14,132.45,FALSE,M1_DIRECTION_MISMATCH
2026-09-07 19:55:59.152,1788810959.153,7165,46,46,4406.19,4406.27,8.0,PASS_<=10c,+0.0,FLAT,+0.0,+69.0,4.4,+0.00,0.00,SLOW,4405.50,4406.54,4403.14,4406.23,0.00,0.00,0.0,BEARISH,340.0,4406.19,4406.19,4406.19,4406.19,59,CLEARED_>=20s,1.0,0.0,0.0,0.0,0.0,0.0,0.0,PASS_<20%,0.00,0.0,NO,STANDBY_VEL_LOW,1,1321.86,3268.14,132.45,FALSE,M1_DIRECTION_MISMATCH
2026-09-07 19:55:59.654,1788810959.655,7166,47,47,4406.19,4406.27,8.0,PASS_<=10c,+0.0,FLAT,+0.0,+69.0,4.3,+0.00,0.00,SLOW,4405.50,4406.54,4403.14,4406.23,0.00,0.00,0.0,BEARISH,340.0,4406.19,4406.19,4406.19,4406.19,59,CLEARED_>=20s,1.0,0.0,0.0,0.0,0.0,0.0,0.0,PASS_<20%,0.00,0.0,NO,STANDBY_VEL_LOW,1,1321.86,3268.14,132.45,FALSE,M1_DIRECTION_MISMATCH
2026-09-07 19:56:00.157,1788810960.157,7167,1,48,4406.19,4406.27,8.0,PASS_<=10c,+0.0,FLAT,+0.0,+69.0,4.2,+0.00,0.00,SLOW,4405.50,4406.54,4403.14,4406.23,0.00,0.00,0.0,BEARISH,340.0,4406.19,4406.19,4406.19,4406.19,0,ACTIVE_0s,1.0,0.0,0.0,0.0,0.0,0.0,0.0,PASS_<20%,0.00,0.0,NO,STANDBY_VEL_LOW,1,1321.86,3268.14,132.45,FALSE,M1_DIRECTION_MISMATCH|OPENING_SHIELD_ACTIVE_0s
2026-09-07 19:56:00.658,1788810960.658,7168,2,49,4406.19,4406.27,8.0,PASS_<=10c,+0.0,FLAT,+0.0,+69.0,4.2,+0.00,0.00,SLOW,4405.50,4406.54,4403.14,4406.23,0.00,0.00,0.0,BEARISH,340.0,4406.19,4406.19,4406.19,4406.19,0,ACTIVE_0s,1.0,0.0,0.0,0.0,0.0,0.0,0.0,PASS_<20%,0.00,0.0,NO,STANDBY_VEL_LOW,1,1321.86,3268.14,132.45,FALSE,M1_DIRECTION_MISMATCH|OPENING_SHIELD_ACTIVE_0s
2026-09-07 19:56:01.159,1788810961.160,7169,3,50,4406.19,4406.27,8.0,PASS_<=10c,+0.0,FLAT,+0.0,+69.0,4.2,+0.00,0.00,SLOW,4405.50,4406.54,4403.14,4406.23,0.00,0.00,0.0,BEARISH,340.0,4406.19,4406.19,4406.19,4406.19,1,ACTIVE_1s,1.0,0.0,0.0,0.0,0.0,0.0,0.0,PASS_<20%,0.00,0.0,NO,STANDBY_VEL_LOW,1,1321.86,3268.14,132.45,FALSE,M1_DIRECTION_MISMATCH|OPENING_SHIELD_ACTIVE_1s
2026-09-07 19:56:01.660,1788810961.661,7170,4,51,4406.19,4406.27,8.0,PASS_<=10c,+0.0,FLAT,+0.0,+69.0,4.2,+0.00,0.00,SLOW,4405.50,4406.54,4403.14,4406.23,0.00,0.00,0.0,BEARISH,340.0,4406.19,4406.19,4406.19,4406.19,1,ACTIVE_1s,1.0,0.0,0.0,0.0,0.0,0.0,0.0,PASS_<20%,0.00,0.0,NO,STANDBY_VEL_LOW,1,1321.86,3268.14,132.45,FALSE,M1_DIRECTION_MISMATCH|OPENING_SHIELD_ACTIVE_1s
2026-09-07 19:56:02.164,1788810962.164,7171,5,52,4406.19,4406.27,8.0,PASS_<=10c,+0.0,FLAT,+0.0,+69.0,4.2,+0.00,0.00,SLOW,4405.50,4406.54,4403.14,4406.23,0.00,0.00,0.0,BEARISH,340.0,4406.19,4406.19,4406.19,4406.19,2,ACTIVE_2s,1.0,0.0,0.0,0.0,0.0,0.0,0.0,PASS_<20%,0.00,0.0,NO,STANDBY_VEL_LOW,1,1321.86,3268.14,132.45,FALSE,M1_DIRECTION_MISMATCH|OPENING_SHIELD_ACTIVE_2s
2026-09-07 19:56:02.663,1788810962.664,7172,6,53,4406.19,4406.27,8.0,PASS_<=10c,+0.0,FLAT,+0.0,+69.0,4.2,+0.00,0.00,SLOW,4405.50,4406.54,4403.14,4406.23,0.00,0.00,0.0,BEARISH,340.0,4406.19,4406.19,4406.19,4406.19,2,ACTIVE_2s,1.0,0.0,0.0,0.0,0.0,0.0,0.0,PASS_<20%,0.00,0.0,NO,STANDBY_VEL_LOW,1,1321.86,3268.14,132.45,FALSE,M1_DIRECTION_MISMATCH|OPENING_SHIELD_ACTIVE_2s
2026-09-07 19:56:03.164,1788810963.165,7173,7,54,4406.19,4406.27,8.0,PASS_<=10c,+0.0,FLAT,+0.0,+69.0,4.2,+0.00,0.00,SLOW,4405.50,4406.54,4403.14,4406.23,0.00,0.00,0.0,BEARISH,340.0,4406.19,4406.19,4406.19,4406.19,3,ACTIVE_3s,1.0,0.0,0.0,0.0,0.0,0.0,0.0,PASS_<20%,0.00,0.0,NO,STANDBY_VEL_LOW,1,1321.86,3268.14,132.45,FALSE,M1_DIRECTION_MISMATCH|OPENING_SHIELD_ACTIVE_3s
2026-09-07 19:56:13.541,1788810973.541,7174,8,55,4406.19,4406.27,8.0,PASS_<=10c,+0.0,FLAT,+0.0,+69.0,1.4,+0.00,0.00,SLOW,4405.50,4406.54,4403.14,4406.23,0.00,0.00,0.0,BEARISH,340.0,4406.19,4406.19,4406.19,4406.19,13,ACTIVE_13s,1.0,0.0,0.0,0.0,0.0,0.0,0.0,PASS_<20%,0.00,0.0,NO,STANDBY_VEL_LOW,1,1321.86,3268.14,132.45,FALSE,M1_DIRECTION_MISMATCH|OPENING_SHIELD_ACTIVE_13s
2026-09-07 19:56:20.400,1788810980.401,7175,9,56,4406.19,4406.27,8.0,PASS_<=10c,+0.0,FLAT,+0.0,+69.0,1.3,+0.00,0.00,SLOW,4405.50,4406.54,4403.14,4406.23,0.00,0.00,0.0,BEARISH,340.0,4406.19,4406.19,4406.19,4406.19,20,CLEARED_>=20s,1.0,0.0,0.0,0.0,0.0,0.0,0.0,PASS_<20%,0.00,0.0,NO,STANDBY_VEL_LOW,1,1321.86,3268.14,132.45,FALSE,M1_DIRECTION_MISMATCH
2026-09-07 19:56:20.756,1788810980.756,7176,10,57,4406.19,4406.27,8.0,PASS_<=10c,+0.0,FLAT,+0.0,+69.0,1.9,+0.00,0.00,SLOW,4405.50,4406.54,4403.14,4406.23,0.00,0.00,0.0,BEARISH,340.0,4406.19,4406.19,4406.19,4406.19,20,CLEARED_>=20s,1.0,0.0,0.0,0.0,0.0,0.0,0.0,PASS_<20%,0.00,0.0,NO,STANDBY_VEL_LOW,1,1321.86,3268.14,132.45,FALSE,M1_DIRECTION_MISMATCH
2026-09-07 19:56:21.257,1788810981.258,7177,11,58,4406.19,4406.27,8.0,PASS_<=10c,+0.0,FLAT,+0.0,+69.0,2.3,+0.00,0.00,SLOW,4405.50,4406.54,4403.14,4406.23,0.00,0.00,0.0,BEARISH,340.0,4406.19,4406.19,4406.19,4406.19,21,CLEARED_>=20s,1.0,0.0,0.0,0.0,0.0,0.0,0.0,PASS_<20%,0.00,0.0,NO,STANDBY_VEL_LOW,1,1321.86,3268.14,132.45,FALSE,M1_DIRECTION_MISMATCH
2026-09-07 19:56:21.758,1788810981.758,7178,12,59,4406.19,4406.27,8.0,PASS_<=10c,+0.0,FLAT,+0.0,+69.0,2.6,+0.00,0.00,SLOW,4405.50,4406.54,4403.14,4406.23,0.00,0.00,0.0,BEARISH,340.0,4406.19,4406.19,4406.19,4406.19,21,CLEARED_>=20s,1.0,0.0,0.0,0.0,0.0,0.0,0.0,PASS_<20%,0.00,0.0,NO,STANDBY_VEL_LOW,1,1321.86,3268.14,132.45,FALSE,M1_DIRECTION_MISMATCH
2026-09-07 19:56:22.260,1788810982.261,7179,13,60,4406.19,4406.27,8.0,PASS_<=10c,+0.0,FLAT,+0.0,+69.0,2.8,+0.00,0.00,SLOW,4405.50,4406.54,4403.14,4406.23,0.00,0.00,0.0,BEARISH,340.0,4406.19,4406.19,4406.19,4406.19,22,CLEARED_>=20s,1.0,0.0,0.0,0.0,0.0,0.0,0.0,PASS_<20%,0.00,0.0,NO,STANDBY_VEL_LOW,1,1321.86,3268.14,132.45,FALSE,M1_DIRECTION_MISMATCH
2026-09-07 19:56:22.760,1788810982.761,7180,14,61,4406.19,4406.27,8.0,PASS_<=10c,+0.0,FLAT,+0.0,+69.0,3.0,+0.00,0.00,SLOW,4405.50,4406.54,4403.14,4406.23,0.00,0.00,0.0,BEARISH,340.0,4406.19,4406.19,4406.19,4406.19,22,CLEARED_>=20s,1.0,0.0,0.0,0.0,0.0,0.0,0.0,PASS_<20%,0.00,0.0,NO,STANDBY_VEL_LOW,1,1321.86,3268.14,132.45,FALSE,M1_DIRECTION_MISMATCH
2026-09-07 19:56:23.262,1788810983.262,7181,15,62,4406.19,4406.27,8.0,PASS_<=10c,+0.0,FLAT,+0.0,+69.0,3.1,+0.00,0.00,SLOW,4405.50,4406.54,4403.14,4406.23,0.00,0.00,0.0,BEARISH,340.0,4406.19,4406.19,4406.19,4406.19,23,CLEARED_>=20s,1.0,0.0,0.0,0.0,0.0,0.0,0.0,PASS_<20%,0.00,0.0,NO,STANDBY_VEL_LOW,1,1321.86,3268.14,132.45,FALSE,M1_DIRECTION_MISMATCH
2026-09-07 19:56:23.765,1788810983.765,7182,16,63,4406.19,4406.27,8.0,PASS_<=10c,+0.0,FLAT,+0.0,+69.0,4.5,+0.00,0.00,SLOW,4405.50,4406.54,4403.14,4406.23,0.00,0.00,0.0,BEARISH,340.0,4406.19,4406.19,4406.19,4406.19,23,CLEARED_>=20s,1.0,0.0,0.0,0.0,0.0,0.0,0.0,PASS_<20%,0.00,0.0,NO,STANDBY_VEL_LOW,1,1321.86,3268.14,132.45,FALSE,M1_DIRECTION_MISMATCH
2026-09-07 19:56:24.265,1788810984.265,7183,17,64,4406.19,4406.27,8.0,PASS_<=10c,+0.0,FLAT,+0.0,+69.0,4.4,+0.00,0.00,SLOW,4405.50,4406.54,4403.14,4406.23,0.00,0.00,0.0,BEARISH,340.0,4406.19,4406.19,4406.19,4406.19,24,CLEARED_>=20s,1.0,0.0,0.0,0.0,0.0,0.0,0.0,PASS_<20%,0.00,0.0,NO,STANDBY_VEL_LOW,1,1321.86,3268.14,132.45,FALSE,M1_DIRECTION_MISMATCH
2026-09-07 19:56:24.766,1788810984.767,7184,18,65,4406.19,4406.27,8.0,PASS_<=10c,+0.0,FLAT,+0.0,+69.0,4.4,+0.00,0.00,SLOW,4405.50,4406.54,4403.14,4406.23,0.00,0.00,0.0,BEARISH,340.0,4406.19,4406.19,4406.19,4406.19,24,CLEARED_>=20s,1.0,0.0,0.0,0.0,0.0,0.0,0.0,PASS_<20%,0.00,0.0,NO,STANDBY_VEL_LOW,1,1321.86,3268.14,132.45,FALSE,M1_DIRECTION_MISMATCH
2026-09-07 19:56:25.268,1788810985.269,7185,19,66,4406.19,4406.27,8.0,PASS_<=10c,+0.0,FLAT,+0.0,+69.0,4.3,+0.00,0.00,SLOW,4405.50,4406.54,4403.14,4406.23,0.00,0.00,0.0,BEARISH,340.0,4406.19,4406.19,4406.19,4406.19,25,CLEARED_>=20s,1.0,0.0,0.0,0.0,0.0,0.0,0.0,PASS_<20%,0.00,0.0,NO,STANDBY_VEL_LOW,1,1321.86,3268.14,132.45,FALSE,M1_DIRECTION_MISMATCH
2026-09-07 19:56:25.770,1788810985.771,7186,20,67,4406.19,4406.27,8.0,PASS_<=10c,+0.0,FLAT,+0.0,+69.0,4.2,+0.00,0.00,SLOW,4405.50,4406.54,4403.14,4406.23,0.00,0.00,0.0,BEARISH,340.0,4406.19,4406.19,4406.19,4406.19,25,CLEARED_>=20s,1.0,0.0,0.0,0.0,0.0,0.0,0.0,PASS_<20%,0.00,0.0,NO,STANDBY_VEL_LOW,1,1321.86,3268.14,132.45,FALSE,M1_DIRECTION_MISMATCH
2026-09-07 19:56:26.271,1788810986.271,7187,21,68,4406.19,4406.27,8.0,PASS_<=10c,+0.0,FLAT,+0.0,+69.0,4.2,+0.00,0.00,SLOW,4405.50,4406.54,4403.14,4406.23,0.00,0.00,0.0,BEARISH,340.0,4406.19,4406.19,4406.19,4406.19,26,CLEARED_>=20s,1.0,0.0,0.0,0.0,0.0,0.0,0.0,PASS_<20%,0.00,0.0,NO,STANDBY_VEL_LOW,1,1321.86,3268.14,132.45,FALSE,M1_DIRECTION_MISMATCH
2026-09-07 19:56:26.772,1788810986.772,7188,22,69,4406.19,4406.27,8.0,PASS_<=10c,+0.0,FLAT,+0.0,+69.0,4.2,+0.00,0.00,SLOW,4405.50,4406.54,4403.14,4406.23,0.00,0.00,0.0,BEARISH,340.0,4406.19,4406.19,4406.19,4406.19,26,CLEARED_>=20s,1.0,0.0,0.0,0.0,0.0,0.0,0.0,PASS_<20%,0.00,0.0,NO,STANDBY_VEL_LOW,1,1321.86,3268.14,132.45,FALSE,M1_DIRECTION_MISMATCH
2026-09-07 19:56:27.273,1788810987.274,7189,23,70,4406.19,4406.27,8.0,PASS_<=10c,+0.0,FLAT,+0.0,+69.0,4.2,+0.00,0.00,SLOW,4405.50,4406.54,4403.14,4406.23,0.00,0.00,0.0,BEARISH,340.0,4406.19,4406.19,4406.19,4406.19,27,CLEARED_>=20s,1.0,0.0,0.0,0.0,0.0,0.0,0.0,PASS_<20%,0.00,0.0,NO,STANDBY_VEL_LOW,1,1321.86,3268.14,132.45,FALSE,M1_DIRECTION_MISMATCH
2026-09-07 19:56:27.775,1788810987.775,7190,24,71,4406.19,4406.27,8.0,PASS_<=10c,+0.0,FLAT,+0.0,+69.0,4.2,+0.00,0.00,SLOW,4405.50,4406.54,4403.14,4406.23,0.00,0.00,0.0,BEARISH,340.0,4406.19,4406.19,4406.19,4406.19,27,CLEARED_>=20s,1.0,0.0,0.0,0.0,0.0,0.0,0.0,PASS_<20%,0.00,0.0,NO,STANDBY_VEL_LOW,1,1321.86,3268.14,132.45,FALSE,M1_DIRECTION_MISMATCH
2026-09-07 19:56:28.277,1788810988.278,7191,25,72,4406.19,4406.27,8.0,PASS_<=10c,+0.0,FLAT,+0.0,+69.0,4.2,+0.00,0.00,SLOW,4405.50,4406.54,4403.14,4406.23,0.00,0.00,0.0,BEARISH,340.0,4406.19,4406.19,4406.19,4406.19,28,CLEARED_>=20s,1.0,0.0,0.0,0.0,0.0,0.0,0.0,PASS_<20%,0.00,0.0,NO,STANDBY_VEL_LOW,1,1321.86,3268.14,132.45,FALSE,M1_DIRECTION_MISMATCH
2026-09-07 19:56:38.653,1788810998.653,7192,26,73,4406.19,4406.27,8.0,PASS_<=10c,+0.0,FLAT,+0.0,+69.0,1.4,+0.00,0.00,SLOW,4405.50,4406.54,4403.14,4406.23,0.00,0.00,0.0,BEARISH,340.0,4406.19,4406.19,4406.19,4406.19,38,CLEARED_>=20s,1.0,0.0,0.0,0.0,0.0,0.0,0.0,PASS_<20%,0.00,0.0,NO,STANDBY_VEL_LOW,1,1321.86,3268.14,132.45,FALSE,M1_DIRECTION_MISMATCH
2026-09-07 19:56:47.281,1788811007.282,7193,27,74,4406.19,4406.27,8.0,PASS_<=10c,+0.0,FLAT,+0.0,+69.0,1.3,+0.00,0.00,SLOW,4405.50,4406.54,4403.14,4406.23,0.00,0.00,0.0,BEARISH,340.0,4406.19,4406.19,4406.19,4406.19,47,CLEARED_>=20s,1.0,0.0,0.0,0.0,0.0,0.0,0.0,PASS_<20%,0.00,0.0,NO,STANDBY_VEL_LOW,1,1321.86,3268.14,132.45,FALSE,M1_DIRECTION_MISMATCH
2026-09-07 19:56:47.636,1788811007.636,7194,28,75,4406.19,4406.27,8.0,PASS_<=10c,+0.0,FLAT,+0.0,+69.0,1.3,+0.00,0.00,SLOW,4405.50,4406.54,4403.14,4406.23,0.00,0.00,0.0,BEARISH,340.0,4406.19,4406.19,4406.19,4406.19,47,CLEARED_>=20s,1.0,0.0,0.0,0.0,0.0,0.0,0.0,PASS_<20%,0.00,0.0,NO,STANDBY_VEL_LOW,1,1321.86,3268.14,132.45,FALSE,M1_DIRECTION_MISMATCH
2026-09-07 19:56:48.138,1788811008.138,7195,29,76,4406.19,4406.27,8.0,PASS_<=10c,+0.0,FLAT,+0.0,+69.0,1.4,+0.00,0.00,SLOW,4405.50,4406.54,4403.14,4406.23,0.00,0.00,0.0,BEARISH,340.0,4406.19,4406.19,4406.19,4406.19,48,CLEARED_>=20s,1.0,0.0,0.0,0.0,0.0,0.0,0.0,PASS_<20%,0.00,0.0,NO,STANDBY_VEL_LOW,1,1321.86,3268.14,132.45,FALSE,M1_DIRECTION_MISMATCH
2026-09-07 19:56:48.638,1788811008.639,7196,30,77,4406.19,4406.27,8.0,PASS_<=10c,+0.0,FLAT,+0.0,+69.0,1.6,+0.00,0.00,SLOW,4405.50,4406.54,4403.14,4406.23,0.00,0.00,0.0,BEARISH,340.0,4406.19,4406.19,4406.19,4406.19,48,CLEARED_>=20s,1.0,0.0,0.0,0.0,0.0,0.0,0.0,PASS_<20%,0.00,0.0,NO,STANDBY_VEL_LOW,1,1321.86,3268.14,132.45,FALSE,M1_DIRECTION_MISMATCH
2026-09-07 19:56:49.141,1788811009.141,7197,31,78,4406.19,4406.27,8.0,PASS_<=10c,+0.0,FLAT,+0.0,+69.0,4.8,+0.00,0.00,SLOW,4405.50,4406.54,4403.14,4406.23,0.00,0.00,0.0,BEARISH,340.0,4406.19,4406.19,4406.19,4406.19,49,CLEARED_>=20s,1.0,0.0,0.0,0.0,0.0,0.0,0.0,PASS_<20%,0.00,0.0,NO,STANDBY_VEL_LOW,1,1321.86,3268.14,132.45,FALSE,M1_DIRECTION_MISMATCH
2026-09-07 19:56:49.642,1788811009.643,7198,32,79,4406.19,4406.27,8.0,PASS_<=10c,+0.0,FLAT,+0.0,+69.0,4.7,+0.00,0.00,SLOW,4405.50,4406.54,4403.14,4406.23,0.00,0.00,0.0,BEARISH,340.0,4406.19,4406.19,4406.19,4406.19,49,CLEARED_>=20s,1.0,0.0,0.0,0.0,0.0,0.0,0.0,PASS_<20%,0.00,0.0,NO,STANDBY_VEL_LOW,1,1321.86,3268.14,132.45,FALSE,M1_DIRECTION_MISMATCH
2026-09-07 19:56:50.143,1788811010.144,7199,33,80,4406.19,4406.27,8.0,PASS_<=10c,+0.0,FLAT,+0.0,+69.0,4.5,+0.00,0.00,SLOW,4405.50,4406.54,4403.14,4406.23,0.00,0.00,0.0,BEARISH,340.0,4406.19,4406.19,4406.19,4406.19,50,CLEARED_>=20s,1.0,0.0,0.0,0.0,0.0,0.0,0.0,PASS_<20%,0.00,0.0,NO,STANDBY_VEL_LOW,1,1321.86,3268.14,132.45,FALSE,M1_DIRECTION_MISMATCH
2026-09-07 19:56:50.652,1788811010.652,7200,34,81,4406.19,4406.27,8.0,PASS_<=10c,+0.0,FLAT,+0.0,+69.0,4.5,+0.00,0.00,SLOW,4405.50,4406.54,4403.14,4406.23,0.00,0.00,0.0,BEARISH,340.0,4406.19,4406.19,4406.19,4406.19,50,CLEARED_>=20s,1.0,0.0,0.0,0.0,0.0,0.0,0.0,PASS_<20%,0.00,0.0,NO,STANDBY_VEL_LOW,1,1321.86,3268.14,132.45,FALSE,M1_DIRECTION_MISMATCH
2026-09-07 19:56:51.147,1788811011.148,7201,35,82,4406.19,4406.27,8.0,PASS_<=10c,+0.0,FLAT,+0.0,+69.0,4.4,+0.00,0.00,SLOW,4405.50,4406.54,4403.14,4406.23,0.00,0.00,0.0,BEARISH,340.0,4406.19,4406.19,4406.19,4406.19,51,CLEARED_>=20s,1.0,0.0,0.0,0.0,0.0,0.0,0.0,PASS_<20%,0.00,0.0,NO,STANDBY_VEL_LOW,1,1321.86,3268.14,132.45,FALSE,M1_DIRECTION_MISMATCH
2026-09-07 19:56:51.649,1788811011.649,7202,36,83,4406.19,4406.27,8.0,PASS_<=10c,+0.0,FLAT,+0.0,+69.0,4.3,+0.00,0.00,SLOW,4405.50,4406.54,4403.14,4406.23,0.00,0.00,0.0,BEARISH,340.0,4406.19,4406.19,4406.19,4406.19,51,CLEARED_>=20s,1.0,0.0,0.0,0.0,0.0,0.0,0.0,PASS_<20%,0.00,0.0,NO,STANDBY_VEL_LOW,1,1321.86,3268.14,132.45,FALSE,M1_DIRECTION_MISMATCH
2026-09-07 19:56:52.151,1788811012.151,7203,37,84,4406.19,4406.27,8.0,PASS_<=10c,+0.0,FLAT,+0.0,+69.0,4.3,+0.00,0.00,SLOW,4405.50,4406.54,4403.14,4406.23,0.00,0.00,0.0,BEARISH,340.0,4406.19,4406.19,4406.19,4406.19,52,CLEARED_>=20s,1.0,0.0,0.0,0.0,0.0,0.0,0.0,PASS_<20%,0.00,0.0,NO,STANDBY_VEL_LOW,1,1321.86,3268.14,132.45,FALSE,M1_DIRECTION_MISMATCH
2026-09-07 19:56:52.652,1788811012.653,7204,38,85,4406.19,4406.27,8.0,PASS_<=10c,+0.0,FLAT,+0.0,+69.0,4.2,+0.00,0.00,SLOW,4405.50,4406.54,4403.14,4406.23,0.00,0.00,0.0,BEARISH,340.0,4406.19,4406.19,4406.19,4406.19,52,CLEARED_>=20s,1.0,0.0,0.0,0.0,0.0,0.0,0.0,PASS_<20%,0.00,0.0,NO,STANDBY_VEL_LOW,1,1321.86,3268.14,132.45,FALSE,M1_DIRECTION_MISMATCH
2026-09-07 19:56:53.155,1788811013.156,7205,39,86,4406.19,4406.27,8.0,PASS_<=10c,+0.0,FLAT,+0.0,+69.0,4.2,+0.00,0.00,SLOW,4405.50,4406.54,4403.14,4406.23,0.00,0.00,0.0,BEARISH,340.0,4406.19,4406.19,4406.19,4406.19,53,CLEARED_>=20s,1.0,0.0,0.0,0.0,0.0,0.0,0.0,PASS_<20%,0.00,0.0,NO,STANDBY_VEL_LOW,1,1321.86,3268.14,132.45,FALSE,M1_DIRECTION_MISMATCH
2026-09-07 19:56:53.657,1788811013.658,7206,40,87,4406.19,4406.27,8.0,PASS_<=10c,+0.0,FLAT,+0.0,+69.0,4.2,+0.00,0.00,SLOW,4405.50,4406.54,4403.14,4406.23,0.00,0.00,0.0,BEARISH,340.0,4406.19,4406.19,4406.19,4406.19,53,CLEARED_>=20s,1.0,0.0,0.0,0.0,0.0,0.0,0.0,PASS_<20%,0.00,0.0,NO,STANDBY_VEL_LOW,1,1321.86,3268.14,132.45,FALSE,M1_DIRECTION_MISMATCH
2026-09-07 19:56:54.158,1788811014.158,7207,41,88,4406.19,4406.27,8.0,PASS_<=10c,+0.0,FLAT,+0.0,+69.0,4.2,+0.00,0.00,SLOW,4405.50,4406.54,4403.14,4406.23,0.00,0.00,0.0,BEARISH,340.0,4406.19,4406.19,4406.19,4406.19,54,CLEARED_>=20s,1.0,0.0,0.0,0.0,0.0,0.0,0.0,PASS_<20%,0.00,0.0,NO,STANDBY_VEL_LOW,1,1321.86,3268.14,132.45,FALSE,M1_DIRECTION_MISMATCH
2026-09-07 19:56:54.659,1788811014.660,7208,42,89,4406.19,4406.27,8.0,PASS_<=10c,+0.0,FLAT,+0.0,+69.0,4.2,+0.00,0.00,SLOW,4405.50,4406.54,4403.14,4406.23,0.00,0.00,0.0,BEARISH,340.0,4406.19,4406.19,4406.19,4406.19,54,CLEARED_>=20s,1.0,0.0,0.0,0.0,0.0,0.0,0.0,PASS_<20%,0.00,0.0,NO,STANDBY_VEL_LOW,1,1321.86,3268.14,132.45,FALSE,M1_DIRECTION_MISMATCH
2026-09-07 19:56:55.161,1788811015.162,7209,43,90,4406.19,4406.27,8.0,PASS_<=10c,+0.0,FLAT,+0.0,+69.0,4.2,+0.00,0.00,SLOW,4405.50,4406.54,4403.14,4406.23,0.00,0.00,0.0,BEARISH,340.0,4406.19,4406.19,4406.19,4406.19,55,CLEARED_>=20s,1.0,0.0,0.0,0.0,0.0,0.0,0.0,PASS_<20%,0.00,0.0,NO,STANDBY_VEL_LOW,1,1321.86,3268.14,132.45,FALSE,M1_DIRECTION_MISMATCH
2026-09-07 19:57:05.537,1788811025.537,7210,1,91,4406.19,4406.27,8.0,PASS_<=10c,+0.0,FLAT,+0.0,+69.0,1.3,+0.00,0.00,SLOW,4405.50,4406.54,4403.14,4406.23,0.00,0.00,0.0,BEARISH,340.0,4406.19,4406.19,4406.19,4406.19,5,ACTIVE_5s,1.0,0.0,0.0,0.0,0.0,0.0,0.0,PASS_<20%,0.00,0.0,NO,STANDBY_VEL_LOW,1,1321.86,3268.14,132.45,FALSE,M1_DIRECTION_MISMATCH|OPENING_SHIELD_ACTIVE_5s
2026-09-07 19:57:10.957,1788811030.958,7211,2,92,4406.19,4406.27,8.0,PASS_<=10c,+0.0,FLAT,+0.0,+69.0,2.0,+0.00,0.00,SLOW,4405.50,4406.54,4403.14,4406.23,0.00,0.00,0.0,BEARISH,340.0,4406.19,4406.19,4406.19,4406.19,10,ACTIVE_10s,1.0,0.0,0.0,0.0,0.0,0.0,0.0,PASS_<20%,0.00,0.0,NO,STANDBY_VEL_LOW,1,1321.86,3268.14,132.45,FALSE,M1_DIRECTION_MISMATCH|OPENING_SHIELD_ACTIVE_10s
2026-09-07 19:57:11.312,1788811031.312,7212,3,93,4406.19,4406.27,8.0,PASS_<=10c,+0.0,FLAT,+0.0,+69.0,4.0,+0.00,0.00,SLOW,4405.50,4406.54,4403.14,4406.23,0.00,0.00,0.0,BEARISH,340.0,4406.19,4406.19,4406.19,4406.19,11,ACTIVE_11s,1.0,0.0,0.0,0.0,0.0,0.0,0.0,PASS_<20%,0.00,0.0,NO,STANDBY_VEL_LOW,1,1321.86,3268.14,132.45,FALSE,M1_DIRECTION_MISMATCH|OPENING_SHIELD_ACTIVE_11s
2026-09-07 19:57:11.815,1788811031.815,7213,4,94,4406.19,4406.27,8.0,PASS_<=10c,+0.0,FLAT,+0.0,+69.0,5.2,+0.00,0.00,SLOW,4405.50,4406.54,4403.14,4406.23,0.00,0.00,0.0,BEARISH,340.0,4406.19,4406.19,4406.19,4406.19,11,ACTIVE_11s,1.0,0.0,0.0,0.0,0.0,0.0,0.0,PASS_<20%,0.00,0.0,NO,STANDBY_VEL_LOW,1,1321.86,3268.14,132.45,FALSE,M1_DIRECTION_MISMATCH|OPENING_SHIELD_ACTIVE_11s
2026-09-07 19:57:12.315,1788811032.316,7214,5,95,4406.19,4406.27,8.0,PASS_<=10c,+0.0,FLAT,+0.0,+69.0,4.8,+0.00,0.00,SLOW,4405.50,4406.54,4403.14,4406.23,0.00,0.00,0.0,BEARISH,340.0,4406.19,4406.19,4406.19,4406.19,12,ACTIVE_12s,1.0,0.0,0.0,0.0,0.0,0.0,0.0,PASS_<20%,0.00,0.0,NO,STANDBY_VEL_LOW,1,1321.86,3268.14,132.45,FALSE,M1_DIRECTION_MISMATCH|OPENING_SHIELD_ACTIVE_12s
2026-09-07 19:57:12.818,1788811032.819,7215,6,96,4406.19,4406.27,8.0,PASS_<=10c,+0.0,FLAT,+0.0,+69.0,4.6,+0.00,0.00,SLOW,4405.50,4406.54,4403.14,4406.23,0.00,0.00,0.0,BEARISH,340.0,4406.19,4406.19,4406.19,4406.19,12,ACTIVE_12s,1.0,0.0,0.0,0.0,0.0,0.0,0.0,PASS_<20%,0.00,0.0,NO,STANDBY_VEL_LOW,1,1321.86,3268.14,132.45,FALSE,M1_DIRECTION_MISMATCH|OPENING_SHIELD_ACTIVE_12s
2026-09-07 19:57:13.319,1788811033.320,7216,7,97,4406.19,4406.27,8.0,PASS_<=10c,+0.0,FLAT,+0.0,+69.0,4.5,+0.00,0.00,SLOW,4405.50,4406.54,4403.14,4406.23,0.00,0.00,0.0,BEARISH,340.0,4406.19,4406.19,4406.19,4406.19,13,ACTIVE_13s,1.0,0.0,0.0,0.0,0.0,0.0,0.0,PASS_<20%,0.00,0.0,NO,STANDBY_VEL_LOW,1,1321.86,3268.14,132.45,FALSE,M1_DIRECTION_MISMATCH|OPENING_SHIELD_ACTIVE_13s
2026-09-07 19:57:13.820,1788811033.821,7217,8,98,4406.19,4406.27,8.0,PASS_<=10c,+0.0,FLAT,+0.0,+69.0,4.4,+0.00,0.00,SLOW,4405.50,4406.54,4403.14,4406.23,0.00,0.00,0.0,BEARISH,340.0,4406.19,4406.19,4406.19,4406.19,13,ACTIVE_13s,1.0,0.0,0.0,0.0,0.0,0.0,0.0,PASS_<20%,0.00,0.0,NO,STANDBY_VEL_LOW,1,1321.86,3268.14,132.45,FALSE,M1_DIRECTION_MISMATCH|OPENING_SHIELD_ACTIVE_13s
2026-09-07 19:57:14.322,1788811034.323,7218,9,99,4406.19,4406.27,8.0,PASS_<=10c,+0.0,FLAT,+0.0,+69.0,4.4,+0.00,0.00,SLOW,4405.50,4406.54,4403.14,4406.23,0.00,0.00,0.0,BEARISH,340.0,4406.19,4406.19,4406.19,4406.19,14,ACTIVE_14s,1.0,0.0,0.0,0.0,0.0,0.0,0.0,PASS_<20%,0.00,0.0,NO,STANDBY_VEL_LOW,1,1321.86,3268.14,132.45,FALSE,M1_DIRECTION_MISMATCH|OPENING_SHIELD_ACTIVE_14s
2026-09-07 19:57:14.823,1788811034.824,7219,10,100,4406.19,4406.27,8.0,PASS_<=10c,+0.0,FLAT,+0.0,+69.0,4.3,+0.00,0.00,SLOW,4405.50,4406.54,4403.14,4406.23,0.00,0.00,0.0,BEARISH,340.0,4406.19,4406.19,4406.19,4406.19,14,ACTIVE_14s,1.0,0.0,0.0,0.0,0.0,0.0,0.0,PASS_<20%,0.00,0.0,NO,STANDBY_VEL_LOW,1,1321.86,3268.14,132.45,FALSE,M1_DIRECTION_MISMATCH|OPENING_SHIELD_ACTIVE_14s
2026-09-07 19:57:15.325,1788811035.326,7220,11,101,4406.19,4406.27,8.0,PASS_<=10c,+0.0,FLAT,+0.0,+69.0,4.3,+0.00,0.00,SLOW,4405.50,4406.54,4403.14,4406.23,0.00,0.00,0.0,BEARISH,340.0,4406.19,4406.19,4406.19,4406.19,15,ACTIVE_15s,1.0,0.0,0.0,0.0,0.0,0.0,0.0,PASS_<20%,0.00,0.0,NO,STANDBY_VEL_LOW,1,1321.86,3268.14,132.45,FALSE,M1_DIRECTION_MISMATCH|OPENING_SHIELD_ACTIVE_15s
2026-09-07 19:57:15.827,1788811035.828,7221,12,102,4406.19,4406.27,8.0,PASS_<=10c,+0.0,FLAT,+0.0,+69.0,4.3,+0.00,0.00,SLOW,4405.50,4406.54,4403.14,4406.23,0.00,0.00,0.0,BEARISH,340.0,4406.19,4406.19,4406.19,4406.19,15,ACTIVE_15s,1.0,0.0,0.0,0.0,0.0,0.0,0.0,PASS_<20%,0.00,0.0,NO,STANDBY_VEL_LOW,1,1321.86,3268.14,132.45,FALSE,M1_DIRECTION_MISMATCH|OPENING_SHIELD_ACTIVE_15s
2026-09-07 19:57:16.330,1788811036.331,7222,13,103,4406.19,4406.27,8.0,PASS_<=10c,+0.0,FLAT,+0.0,+69.0,4.2,+0.00,0.00,SLOW,4405.50,4406.54,4403.14,4406.23,0.00,0.00,0.0,BEARISH,340.0,4406.19,4406.19,4406.19,4406.19,16,ACTIVE_16s,1.0,0.0,0.0,0.0,0.0,0.0,0.0,PASS_<20%,0.00,0.0,NO,STANDBY_VEL_LOW,1,1321.86,3268.14,132.45,FALSE,M1_DIRECTION_MISMATCH|OPENING_SHIELD_ACTIVE_16s
2026-09-07 19:57:16.830,1788811036.831,7223,14,104,4406.19,4406.27,8.0,PASS_<=10c,+0.0,FLAT,+0.0,+69.0,4.2,+0.00,0.00,SLOW,4405.50,4406.54,4403.14,4406.23,0.00,0.00,0.0,BEARISH,340.0,4406.19,4406.19,4406.19,4406.19,16,ACTIVE_16s,1.0,0.0,0.0,0.0,0.0,0.0,0.0,PASS_<20%,0.00,0.0,NO,STANDBY_VEL_LOW,1,1321.86,3268.14,132.45,FALSE,M1_DIRECTION_MISMATCH|OPENING_SHIELD_ACTIVE_16s
2026-09-07 19:57:17.333,1788811037.334,7224,15,105,4406.19,4406.27,8.0,PASS_<=10c,+0.0,FLAT,+0.0,+69.0,4.2,+0.00,0.00,SLOW,4405.50,4406.54,4403.14,4406.23,0.00,0.00,0.0,BEARISH,340.0,4406.19,4406.19,4406.19,4406.19,17,ACTIVE_17s,1.0,0.0,0.0,0.0,0.0,0.0,0.0,PASS_<20%,0.00,0.0,NO,STANDBY_VEL_LOW,1,1321.86,3268.14,132.45,FALSE,M1_DIRECTION_MISMATCH|OPENING_SHIELD_ACTIVE_17s
2026-09-07 19:57:17.835,1788811037.835,7225,16,106,4406.19,4406.27,8.0,PASS_<=10c,+0.0,FLAT,+0.0,+69.0,4.2,+0.00,0.00,SLOW,4405.50,4406.54,4403.14,4406.23,0.00,0.00,0.0,BEARISH,340.0,4406.19,4406.19,4406.19,4406.19,17,ACTIVE_17s,1.0,0.0,0.0,0.0,0.0,0.0,0.0,PASS_<20%,0.00,0.0,NO,STANDBY_VEL_LOW,1,1321.86,3268.14,132.45,FALSE,M1_DIRECTION_MISMATCH|OPENING_SHIELD_ACTIVE_17s
2026-09-07 19:57:18.336,1788811038.336,7226,17,107,4406.19,4406.27,8.0,PASS_<=10c,+0.0,FLAT,+0.0,+69.0,4.2,+0.00,0.00,SLOW,4405.50,4406.54,4403.14,4406.23,0.00,0.00,0.0,BEARISH,340.0,4406.19,4406.19,4406.19,4406.19,18,ACTIVE_18s,1.0,0.0,0.0,0.0,0.0,0.0,0.0,PASS_<20%,0.00,0.0,NO,STANDBY_VEL_LOW,1,1321.86,3268.14,132.45,FALSE,M1_DIRECTION_MISMATCH|OPENING_SHIELD_ACTIVE_18s
2026-09-07 19:57:18.839,1788811038.839,7227,18,108,4406.19,4406.27,8.0,PASS_<=10c,+0.0,FLAT,+0.0,+69.0,4.2,+0.00,0.00,SLOW,4405.50,4406.54,4403.14,4406.23,0.00,0.00,0.0,BEARISH,340.0,4406.19,4406.19,4406.19,4406.19,18,ACTIVE_18s,1.0,0.0,0.0,0.0,0.0,0.0,0.0,PASS_<20%,0.00,0.0,NO,STANDBY_VEL_LOW,1,1321.86,3268.14,132.45,FALSE,M1_DIRECTION_MISMATCH|OPENING_SHIELD_ACTIVE_18s
2026-09-07 19:57:29.229,1788811049.229,7228,19,109,4406.19,4406.27,8.0,PASS_<=10c,+0.0,FLAT,+0.0,+69.0,1.3,+0.00,0.00,SLOW,4405.50,4406.54,4403.14,4406.23,0.00,0.00,0.0,BEARISH,340.0,4406.19,4406.19,4406.19,4406.19,29,CLEARED_>=20s,1.0,0.0,0.0,0.0,0.0,0.0,0.0,PASS_<20%,0.00,0.0,NO,STANDBY_VEL_LOW,1,1321.86,3268.14,132.45,FALSE,M1_DIRECTION_MISMATCH
2026-09-07 19:57:35.057,1788811055.058,7229,20,110,4406.19,4406.27,8.0,PASS_<=10c,+0.0,FLAT,+0.0,+69.0,2.0,+0.00,0.00,SLOW,4405.50,4406.54,4403.14,4406.23,0.00,0.00,0.0,BEARISH,340.0,4406.19,4406.19,4406.19,4406.19,35,CLEARED_>=20s,1.0,0.0,0.0,0.0,0.0,0.0,0.0,PASS_<20%,0.00,0.0,NO,STANDBY_VEL_LOW,1,1321.86,3268.14,132.45,FALSE,M1_DIRECTION_MISMATCH
2026-09-07 19:57:35.412,1788811055.412,7230,21,111,4406.19,4406.27,8.0,PASS_<=10c,+0.0,FLAT,+0.0,+69.0,3.8,+0.00,0.00,SLOW,4405.50,4406.54,4403.14,4406.23,0.00,0.00,0.0,BEARISH,340.0,4406.19,4406.19,4406.19,4406.19,35,CLEARED_>=20s,1.0,0.0,0.0,0.0,0.0,0.0,0.0,PASS_<20%,0.00,0.0,NO,STANDBY_VEL_LOW,1,1321.86,3268.14,132.45,FALSE,M1_DIRECTION_MISMATCH
2026-09-07 19:57:35.913,1788811055.914,7231,22,112,4406.19,4406.27,8.0,PASS_<=10c,+0.0,FLAT,+0.0,+69.0,3.9,+0.00,0.00,SLOW,4405.50,4406.54,4403.14,4406.23,0.00,0.00,0.0,BEARISH,340.0,4406.19,4406.19,4406.19,4406.19,35,CLEARED_>=20s,1.0,0.0,0.0,0.0,0.0,0.0,0.0,PASS_<20%,0.00,0.0,NO,STANDBY_VEL_LOW,1,1321.86,3268.14,132.45,FALSE,M1_DIRECTION_MISMATCH
2026-09-07 19:57:36.415,1788811056.415,7232,23,113,4406.19,4406.27,8.0,PASS_<=10c,+0.0,FLAT,+0.0,+69.0,3.9,+0.00,0.00,SLOW,4405.50,4406.54,4403.14,4406.23,0.00,0.00,0.0,BEARISH,340.0,4406.19,4406.19,4406.19,4406.19,36,CLEARED_>=20s,1.0,0.0,0.0,0.0,0.0,0.0,0.0,PASS_<20%,0.00,0.0,NO,STANDBY_VEL_LOW,1,1321.86,3268.14,132.45,FALSE,M1_DIRECTION_MISMATCH
2026-09-07 19:57:36.917,1788811056.918,7233,24,114,4406.19,4406.27,8.0,PASS_<=10c,+0.0,FLAT,+0.0,+69.0,3.9,+0.00,0.00,SLOW,4405.50,4406.54,4403.14,4406.23,0.00,0.00,0.0,BEARISH,340.0,4406.19,4406.19,4406.19,4406.19,36,CLEARED_>=20s,1.0,0.0,0.0,0.0,0.0,0.0,0.0,PASS_<20%,0.00,0.0,NO,STANDBY_VEL_LOW,1,1321.86,3268.14,132.45,FALSE,M1_DIRECTION_MISMATCH
2026-09-07 19:57:37.418,1788811057.418,7234,25,115,4406.19,4406.27,8.0,PASS_<=10c,+0.0,FLAT,+0.0,+69.0,3.9,+0.00,0.00,SLOW,4405.50,4406.54,4403.14,4406.23,0.00,0.00,0.0,BEARISH,340.0,4406.19,4406.19,4406.19,4406.19,37,CLEARED_>=20s,1.0,0.0,0.0,0.0,0.0,0.0,0.0,PASS_<20%,0.00,0.0,NO,STANDBY_VEL_LOW,1,1321.86,3268.14,132.45,FALSE,M1_DIRECTION_MISMATCH
2026-09-07 19:57:37.920,1788811057.921,7235,26,116,4406.19,4406.27,8.0,PASS_<=10c,+0.0,FLAT,+0.0,+69.0,3.9,+0.00,0.00,SLOW,4405.50,4406.54,4403.14,4406.23,0.00,0.00,0.0,BEARISH,340.0,4406.19,4406.19,4406.19,4406.19,37,CLEARED_>=20s,1.0,0.0,0.0,0.0,0.0,0.0,0.0,PASS_<20%,0.00,0.0,NO,STANDBY_VEL_LOW,1,1321.86,3268.14,132.45,FALSE,M1_DIRECTION_MISMATCH
2026-09-07 19:57:38.420,1788811058.420,7236,27,117,4406.19,4406.27,8.0,PASS_<=10c,+0.0,FLAT,+0.0,+69.0,3.9,+0.00,0.00,SLOW,4405.50,4406.54,4403.14,4406.23,0.00,0.00,0.0,BEARISH,340.0,4406.19,4406.19,4406.19,4406.19,38,CLEARED_>=20s,1.0,0.0,0.0,0.0,0.0,0.0,0.0,PASS_<20%,0.00,0.0,NO,STANDBY_VEL_LOW,1,1321.86,3268.14,132.45,FALSE,M1_DIRECTION_MISMATCH
2026-09-07 19:57:38.921,1788811058.921,7237,28,118,4406.19,4406.27,8.0,PASS_<=10c,+0.0,FLAT,+0.0,+69.0,3.9,+0.00,0.00,SLOW,4405.50,4406.54,4403.14,4406.23,0.00,0.00,0.0,BEARISH,340.0,4406.19,4406.19,4406.19,4406.19,38,CLEARED_>=20s,1.0,0.0,0.0,0.0,0.0,0.0,0.0,PASS_<20%,0.00,0.0,NO,STANDBY_VEL_LOW,1,1321.86,3268.14,132.45,FALSE,M1_DIRECTION_MISMATCH
2026-09-07 19:57:39.422,1788811059.422,7238,29,119,4406.19,4406.27,8.0,PASS_<=10c,+0.0,FLAT,+0.0,+69.0,4.4,+0.00,0.00,SLOW,4405.50,4406.54,4403.14,4406.23,0.00,0.00,0.0,BEARISH,340.0,4406.19,4406.19,4406.19,4406.19,39,CLEARED_>=20s,1.0,0.0,0.0,0.0,0.0,0.0,0.0,PASS_<20%,0.00,0.0,NO,STANDBY_VEL_LOW,1,1321.86,3268.14,132.45,FALSE,M1_DIRECTION_MISMATCH
2026-09-07 19:57:39.923,1788811059.924,7239,30,120,4406.19,4406.27,8.0,PASS_<=10c,+0.0,FLAT,+0.0,+69.0,4.3,+0.00,0.00,SLOW,4405.50,4406.54,4403.14,4406.23,0.00,0.00,0.0,BEARISH,340.0,4406.19,4406.19,4406.19,4406.19,39,CLEARED_>=20s,1.0,0.0,0.0,0.0,0.0,0.0,0.0,PASS_<20%,0.00,0.0,NO,STANDBY_VEL_LOW,1,1321.86,3268.14,132.45,FALSE,M1_DIRECTION_MISMATCH
2026-09-07 19:57:40.426,1788811060.426,7240,31,121,4406.19,4406.27,8.0,PASS_<=10c,+0.0,FLAT,+0.0,+69.0,4.2,+0.00,0.00,SLOW,4405.50,4406.54,4403.14,4406.23,0.00,0.00,0.0,BEARISH,340.0,4406.19,4406.19,4406.19,4406.19,40,CLEARED_>=20s,1.0,0.0,0.0,0.0,0.0,0.0,0.0,PASS_<20%,0.00,0.0,NO,STANDBY_VEL_LOW,1,1321.86,3268.14,132.45,FALSE,M1_DIRECTION_MISMATCH
2026-09-07 19:57:40.926,1788811060.927,7241,32,122,4406.19,4406.27,8.0,PASS_<=10c,+0.0,FLAT,+0.0,+69.0,4.2,+0.00,0.00,SLOW,4405.50,4406.54,4403.14,4406.23,0.00,0.00,0.0,BEARISH,340.0,4406.19,4406.19,4406.19,4406.19,40,CLEARED_>=20s,1.0,0.0,0.0,0.0,0.0,0.0,0.0,PASS_<20%,0.00,0.0,NO,STANDBY_VEL_LOW,1,1321.86,3268.14,132.45,FALSE,M1_DIRECTION_MISMATCH
2026-09-07 19:57:41.429,1788811061.429,7242,33,123,4406.19,4406.27,8.0,PASS_<=10c,+0.0,FLAT,+0.0,+69.0,4.2,+0.00,0.00,SLOW,4405.50,4406.54,4403.14,4406.23,0.00,0.00,0.0,BEARISH,340.0,4406.19,4406.19,4406.19,4406.19,41,CLEARED_>=20s,1.0,0.0,0.0,0.0,0.0,0.0,0.0,PASS_<20%,0.00,0.0,NO,STANDBY_VEL_LOW,1,1321.86,3268.14,132.45,FALSE,M1_DIRECTION_MISMATCH
2026-09-07 19:57:41.930,1788811061.930,7243,34,124,4406.19,4406.27,8.0,PASS_<=10c,+0.0,FLAT,+0.0,+69.0,4.2,+0.00,0.00,SLOW,4405.50,4406.54,4403.14,4406.23,0.00,0.00,0.0,BEARISH,340.0,4406.19,4406.19,4406.19,4406.19,41,CLEARED_>=20s,1.0,0.0,0.0,0.0,0.0,0.0,0.0,PASS_<20%,0.00,0.0,NO,STANDBY_VEL_LOW,1,1321.86,3268.14,132.45,FALSE,M1_DIRECTION_MISMATCH
2026-09-07 19:57:42.432,1788811062.433,7244,35,125,4406.19,4406.27,8.0,PASS_<=10c,+0.0,FLAT,+0.0,+69.0,4.2,+0.00,0.00,SLOW,4405.50,4406.54,4403.14,4406.23,0.00,0.00,0.0,BEARISH,340.0,4406.19,4406.19,4406.19,4406.19,42,CLEARED_>=20s,1.0,0.0,0.0,0.0,0.0,0.0,0.0,PASS_<20%,0.00,0.0,NO,STANDBY_VEL_LOW,1,1321.86,3268.14,132.45,FALSE,M1_DIRECTION_MISMATCH
2026-09-07 19:57:42.935,1788811062.935,7245,36,126,4406.19,4406.27,8.0,PASS_<=10c,+0.0,FLAT,+0.0,+69.0,4.2,+0.00,0.00,SLOW,4405.50,4406.54,4403.14,4406.23,0.00,0.00,0.0,BEARISH,340.0,4406.19,4406.19,4406.19,4406.19,42,CLEARED_>=20s,1.0,0.0,0.0,0.0,0.0,0.0,0.0,PASS_<20%,0.00,0.0,NO,STANDBY_VEL_LOW,1,1321.86,3268.14,132.45,FALSE,M1_DIRECTION_MISMATCH
2026-09-07 19:57:53.310,1788811073.310,7246,37,127,4406.19,4406.27,8.0,PASS_<=10c,+0.0,FLAT,+0.0,+69.0,1.4,+0.00,0.00,SLOW,4405.50,4406.54,4403.14,4406.23,0.00,0.00,0.0,BEARISH,340.0,4406.19,4406.19,4406.19,4406.19,53,CLEARED_>=20s,1.0,0.0,0.0,0.0,0.0,0.0,0.0,PASS_<20%,0.00,0.0,NO,STANDBY_VEL_LOW,1,1321.86,3268.14,132.45,FALSE,M1_DIRECTION_MISMATCH
2026-09-07 19:58:00.534,1788811080.535,7247,1,128,4406.19,4406.27,8.0,PASS_<=10c,+0.0,FLAT,+0.0,+69.0,1.4,+0.00,0.00,SLOW,4405.50,4406.54,4403.14,4406.23,0.00,0.00,0.0,BEARISH,340.0,4406.19,4406.19,4406.19,4406.19,0,ACTIVE_0s,1.0,0.0,0.0,0.0,0.0,0.0,0.0,PASS_<20%,0.00,0.0,NO,STANDBY_VEL_LOW,1,1321.86,3268.14,132.45,FALSE,M1_DIRECTION_MISMATCH|OPENING_SHIELD_ACTIVE_0s
2026-09-07 19:58:00.889,1788811080.890,7248,2,129,4406.19,4406.27,8.0,PASS_<=10c,+0.0,FLAT,+0.0,+69.0,1.6,+0.00,0.00,SLOW,4405.50,4406.54,4403.14,4406.23,0.00,0.00,0.0,BEARISH,340.0,4406.19,4406.19,4406.19,4406.19,0,ACTIVE_0s,1.0,0.0,0.0,0.0,0.0,0.0,0.0,PASS_<20%,0.00,0.0,NO,STANDBY_VEL_LOW,1,1321.86,3268.14,132.45,FALSE,M1_DIRECTION_MISMATCH|OPENING_SHIELD_ACTIVE_0s
2026-09-07 19:58:01.391,1788811081.392,7249,3,130,4406.19,4406.27,8.0,PASS_<=10c,+0.0,FLAT,+0.0,+69.0,2.0,+0.00,0.00,SLOW,4405.50,4406.54,4403.14,4406.23,0.00,0.00,0.0,BEARISH,340.0,4406.19,4406.19,4406.19,4406.19,1,ACTIVE_1s,1.0,0.0,0.0,0.0,0.0,0.0,0.0,PASS_<20%,0.00,0.0,NO,STANDBY_VEL_LOW,1,1321.86,3268.14,132.45,FALSE,M1_DIRECTION_MISMATCH|OPENING_SHIELD_ACTIVE_1s
2026-09-07 19:58:01.893,1788811081.893,7250,4,131,4406.19,4406.27,8.0,PASS_<=10c,+0.0,FLAT,+0.0,+69.0,2.3,+0.00,0.00,SLOW,4405.50,4406.54,4403.14,4406.23,0.00,0.00,0.0,BEARISH,340.0,4406.19,4406.19,4406.19,4406.19,1,ACTIVE_1s,1.0,0.0,0.0,0.0,0.0,0.0,0.0,PASS_<20%,0.00,0.0,NO,STANDBY_VEL_LOW,1,1321.86,3268.14,132.45,FALSE,M1_DIRECTION_MISMATCH|OPENING_SHIELD_ACTIVE_1s
2026-09-07 19:58:02.394,1788811082.395,7251,5,132,4406.19,4406.27,8.0,PASS_<=10c,+0.0,FLAT,+0.0,+69.0,2.5,+0.00,0.00,SLOW,4405.50,4406.54,4403.14,4406.23,0.00,0.00,0.0,BEARISH,340.0,4406.19,4406.19,4406.19,4406.19,2,ACTIVE_2s,1.0,0.0,0.0,0.0,0.0,0.0,0.0,PASS_<20%,0.00,0.0,NO,STANDBY_VEL_LOW,1,1321.86,3268.14,132.45,FALSE,M1_DIRECTION_MISMATCH|OPENING_SHIELD_ACTIVE_2s
2026-09-07 19:58:02.928,1788811082.929,7252,6,133,4406.19,4406.27,8.0,PASS_<=10c,+0.0,FLAT,+0.0,+69.0,2.7,+0.00,0.00,SLOW,4405.50,4406.54,4403.14,4406.23,0.00,0.00,0.0,BEARISH,340.0,4406.19,4406.19,4406.19,4406.19,2,ACTIVE_2s,1.0,0.0,0.0,0.0,0.0,0.0,0.0,PASS_<20%,0.00,0.0,NO,STANDBY_VEL_LOW,1,1321.86,3268.14,132.45,FALSE,M1_DIRECTION_MISMATCH|OPENING_SHIELD_ACTIVE_2s
2026-09-07 19:58:03.429,1788811083.430,7253,7,134,4406.19,4406.27,8.0,PASS_<=10c,+0.0,FLAT,+0.0,+69.0,4.5,+0.00,0.00,SLOW,4405.50,4406.54,4403.14,4406.23,0.00,0.00,0.0,BEARISH,340.0,4406.19,4406.19,4406.19,4406.19,3,ACTIVE_3s,1.0,0.0,0.0,0.0,0.0,0.0,0.0,PASS_<20%,0.00,0.0,NO,STANDBY_VEL_LOW,1,1321.86,3268.14,132.45,FALSE,M1_DIRECTION_MISMATCH|OPENING_SHIELD_ACTIVE_3s
2026-09-07 19:58:03.931,1788811083.931,7254,8,135,4406.19,4406.27,8.0,PASS_<=10c,+0.0,FLAT,+0.0,+69.0,4.4,+0.00,0.00,SLOW,4405.50,4406.54,4403.14,4406.23,0.00,0.00,0.0,BEARISH,340.0,4406.19,4406.19,4406.19,4406.19,3,ACTIVE_3s,1.0,0.0,0.0,0.0,0.0,0.0,0.0,PASS_<20%,0.00,0.0,NO,STANDBY_VEL_LOW,1,1321.86,3268.14,132.45,FALSE,M1_DIRECTION_MISMATCH|OPENING_SHIELD_ACTIVE_3s
2026-09-07 19:58:04.432,1788811084.433,7255,9,136,4406.19,4406.27,8.0,PASS_<=10c,+0.0,FLAT,+0.0,+69.0,4.4,+0.00,0.00,SLOW,4405.50,4406.54,4403.14,4406.23,0.00,0.00,0.0,BEARISH,340.0,4406.19,4406.19,4406.19,4406.19,4,ACTIVE_4s,1.0,0.0,0.0,0.0,0.0,0.0,0.0,PASS_<20%,0.00,0.0,NO,STANDBY_VEL_LOW,1,1321.86,3268.14,132.45,FALSE,M1_DIRECTION_MISMATCH|OPENING_SHIELD_ACTIVE_4s
2026-09-07 19:58:04.934,1788811084.935,7256,10,137,4406.19,4406.27,8.0,PASS_<=10c,+0.0,FLAT,+0.0,+69.0,4.3,+0.00,0.00,SLOW,4405.50,4406.54,4403.14,4406.23,0.00,0.00,0.0,BEARISH,340.0,4406.19,4406.19,4406.19,4406.19,4,ACTIVE_4s,1.0,0.0,0.0,0.0,0.0,0.0,0.0,PASS_<20%,0.00,0.0,NO,STANDBY_VEL_LOW,1,1321.86,3268.14,132.45,FALSE,M1_DIRECTION_MISMATCH|OPENING_SHIELD_ACTIVE_4s
2026-09-07 19:58:05.436,1788811085.436,7257,11,138,4406.19,4406.27,8.0,PASS_<=10c,+0.0,FLAT,+0.0,+69.0,4.3,+0.00,0.00,SLOW,4405.50,4406.54,4403.14,4406.23,0.00,0.00,0.0,BEARISH,340.0,4406.19,4406.19,4406.19,4406.19,5,ACTIVE_5s,1.0,0.0,0.0,0.0,0.0,0.0,0.0,PASS_<20%,0.00,0.0,NO,STANDBY_VEL_LOW,1,1321.86,3268.14,132.45,FALSE,M1_DIRECTION_MISMATCH|OPENING_SHIELD_ACTIVE_5s
2026-09-07 19:58:05.937,1788811085.938,7258,12,139,4406.19,4406.27,8.0,PASS_<=10c,+0.0,FLAT,+0.0,+69.0,4.2,+0.00,0.00,SLOW,4405.50,4406.54,4403.14,4406.23,0.00,0.00,0.0,BEARISH,340.0,4406.19,4406.19,4406.19,4406.19,5,ACTIVE_5s,1.0,0.0,0.0,0.0,0.0,0.0,0.0,PASS_<20%,0.00,0.0,NO,STANDBY_VEL_LOW,1,1321.86,3268.14,132.45,FALSE,M1_DIRECTION_MISMATCH|OPENING_SHIELD_ACTIVE_5s
2026-09-07 19:58:06.444,1788811086.444,7259,13,140,4406.19,4406.27,8.0,PASS_<=10c,+0.0,FLAT,+0.0,+69.0,4.2,+0.00,0.00,SLOW,4405.50,4406.54,4403.14,4406.23,0.00,0.00,0.0,BEARISH,340.0,4406.19,4406.19,4406.19,4406.19,6,ACTIVE_6s,1.0,0.0,0.0,0.0,0.0,0.0,0.0,PASS_<20%,0.00,0.0,NO,STANDBY_VEL_LOW,1,1321.86,3268.14,132.45,FALSE,M1_DIRECTION_MISMATCH|OPENING_SHIELD_ACTIVE_6s
2026-09-07 19:58:06.945,1788811086.946,7260,14,141,4406.19,4406.27,8.0,PASS_<=10c,+0.0,FLAT,+0.0,+69.0,4.2,+0.00,0.00,SLOW,4405.50,4406.54,4403.14,4406.23,0.00,0.00,0.0,BEARISH,340.0,4406.19,4406.19,4406.19,4406.19,6,ACTIVE_6s,1.0,0.0,0.0,0.0,0.0,0.0,0.0,PASS_<20%,0.00,0.0,NO,STANDBY_VEL_LOW,1,1321.86,3268.14,132.45,FALSE,M1_DIRECTION_MISMATCH|OPENING_SHIELD_ACTIVE_6s
2026-09-07 19:58:07.447,1788811087.447,7261,15,142,4406.19,4406.27,8.0,PASS_<=10c,+0.0,FLAT,+0.0,+69.0,4.2,+0.00,0.00,SLOW,4405.50,4406.54,4403.14,4406.23,0.00,0.00,0.0,BEARISH,340.0,4406.19,4406.19,4406.19,4406.19,7,ACTIVE_7s,1.0,0.0,0.0,0.0,0.0,0.0,0.0,PASS_<20%,0.00,0.0,NO,STANDBY_VEL_LOW,1,1321.86,3268.14,132.45,FALSE,M1_DIRECTION_MISMATCH|OPENING_SHIELD_ACTIVE_7s
2026-09-07 19:58:07.948,1788811087.949,7262,16,143,4406.19,4406.27,8.0,PASS_<=10c,+0.0,FLAT,+0.0,+69.0,4.2,+0.00,0.00,SLOW,4405.50,4406.54,4403.14,4406.23,0.00,0.00,0.0,BEARISH,340.0,4406.19,4406.19,4406.19,4406.19,7,ACTIVE_7s,1.0,0.0,0.0,0.0,0.0,0.0,0.0,PASS_<20%,0.00,0.0,NO,STANDBY_VEL_LOW,1,1321.86,3268.14,132.45,FALSE,M1_DIRECTION_MISMATCH|OPENING_SHIELD_ACTIVE_7s
2026-09-07 19:58:08.449,1788811088.450,7263,17,144,4406.19,4406.27,8.0,PASS_<=10c,+0.0,FLAT,+0.0,+69.0,4.2,+0.00,0.00,SLOW,4405.50,4406.54,4403.14,4406.23,0.00,0.00,0.0,BEARISH,340.0,4406.19,4406.19,4406.19,4406.19,8,ACTIVE_8s,1.0,0.0,0.0,0.0,0.0,0.0,0.0,PASS_<20%,0.00,0.0,NO,STANDBY_VEL_LOW,1,1321.86,3268.14,132.45,FALSE,M1_DIRECTION_MISMATCH|OPENING_SHIELD_ACTIVE_8s
2026-09-07 19:58:18.837,1788811098.837,7264,18,145,4406.19,4406.27,8.0,PASS_<=10c,+0.0,FLAT,+0.0,+69.0,1.3,+0.00,0.00,SLOW,4405.50,4406.54,4403.14,4406.23,0.00,0.00,0.0,BEARISH,340.0,4406.19,4406.19,4406.19,4406.19,18,ACTIVE_18s,1.0,0.0,0.0,0.0,0.0,0.0,0.0,PASS_<20%,0.00,0.0,NO,STANDBY_VEL_LOW,1,1321.86,3268.14,132.45,FALSE,M1_DIRECTION_MISMATCH|OPENING_SHIELD_ACTIVE_18s
2026-09-07 19:58:24.478,1788811104.478,7265,19,146,4406.19,4406.27,8.0,PASS_<=10c,+0.0,FLAT,+0.0,+69.0,2.0,+0.00,0.00,SLOW,4405.50,4406.54,4403.14,4406.23,0.00,0.00,0.0,BEARISH,340.0,4406.19,4406.19,4406.19,4406.19,24,CLEARED_>=20s,1.0,0.0,0.0,0.0,0.0,0.0,0.0,PASS_<20%,0.00,0.0,NO,STANDBY_VEL_LOW,1,1321.86,3268.14,132.45,FALSE,M1_DIRECTION_MISMATCH
2026-09-07 19:58:24.833,1788811104.834,7266,20,147,4406.19,4406.27,8.0,PASS_<=10c,+0.0,FLAT,+0.0,+69.0,4.0,+0.00,0.00,SLOW,4405.50,4406.54,4403.14,4406.23,0.00,0.00,0.0,BEARISH,340.0,4406.19,4406.19,4406.19,4406.19,24,CLEARED_>=20s,1.0,0.0,0.0,0.0,0.0,0.0,0.0,PASS_<20%,0.00,0.0,NO,STANDBY_VEL_LOW,1,1321.86,3268.14,132.45,FALSE,M1_DIRECTION_MISMATCH
2026-09-07 19:58:25.335,1788811105.336,7267,21,148,4406.19,4406.27,8.0,PASS_<=10c,+0.0,FLAT,+0.0,+69.0,4.4,+0.00,0.00,SLOW,4405.50,4406.54,4403.14,4406.23,0.00,0.00,0.0,BEARISH,340.0,4406.19,4406.19,4406.19,4406.19,25,CLEARED_>=20s,1.0,0.0,0.0,0.0,0.0,0.0,0.0,PASS_<20%,0.00,0.0,NO,STANDBY_VEL_LOW,1,1321.86,3268.14,132.45,FALSE,M1_DIRECTION_MISMATCH
2026-09-07 19:58:25.837,1788811105.837,7268,22,149,4406.19,4406.27,8.0,PASS_<=10c,+0.0,FLAT,+0.0,+69.0,4.3,+0.00,0.00,SLOW,4405.50,4406.54,4403.14,4406.23,0.00,0.00,0.0,BEARISH,340.0,4406.19,4406.19,4406.19,4406.19,25,CLEARED_>=20s,1.0,0.0,0.0,0.0,0.0,0.0,0.0,PASS_<20%,0.00,0.0,NO,STANDBY_VEL_LOW,1,1321.86,3268.14,132.45,FALSE,M1_DIRECTION_MISMATCH
2026-09-07 19:58:26.337,1788811106.337,7269,23,150,4406.19,4406.27,8.0,PASS_<=10c,+0.0,FLAT,+0.0,+69.0,4.2,+0.00,0.00,SLOW,4405.50,4406.54,4403.14,4406.23,0.00,0.00,0.0,BEARISH,340.0,4406.19,4406.19,4406.19,4406.19,26,CLEARED_>=20s,1.0,0.0,0.0,0.0,0.0,0.0,0.0,PASS_<20%,0.00,0.0,NO,STANDBY_VEL_LOW,1,1321.86,3268.14,132.45,FALSE,M1_DIRECTION_MISMATCH
2026-09-07 19:58:26.839,1788811106.839,7270,24,151,4406.19,4406.27,8.0,PASS_<=10c,+0.0,FLAT,+0.0,+69.0,4.2,+0.00,0.00,SLOW,4405.50,4406.54,4403.14,4406.23,0.00,0.00,0.0,BEARISH,340.0,4406.19,4406.19,4406.19,4406.19,26,CLEARED_>=20s,1.0,0.0,0.0,0.0,0.0,0.0,0.0,PASS_<20%,0.00,0.0,NO,STANDBY_VEL_LOW,1,1321.86,3268.14,132.45,FALSE,M1_DIRECTION_MISMATCH
2026-09-07 19:58:27.340,1788811107.340,7271,25,152,4406.19,4406.27,8.0,PASS_<=10c,+0.0,FLAT,+0.0,+69.0,4.2,+0.00,0.00,SLOW,4405.50,4406.54,4403.14,4406.23,0.00,0.00,0.0,BEARISH,340.0,4406.19,4406.19,4406.19,4406.19,27,CLEARED_>=20s,1.0,0.0,0.0,0.0,0.0,0.0,0.0,PASS_<20%,0.00,0.0,NO,STANDBY_VEL_LOW,1,1321.86,3268.14,132.45,FALSE,M1_DIRECTION_MISMATCH
2026-09-07 19:58:27.842,1788811107.843,7272,26,153,4406.19,4406.27,8.0,PASS_<=10c,+0.0,FLAT,+0.0,+69.0,4.1,+0.00,0.00,SLOW,4405.50,4406.54,4403.14,4406.23,0.00,0.00,0.0,BEARISH,340.0,4406.19,4406.19,4406.19,4406.19,27,CLEARED_>=20s,1.0,0.0,0.0,0.0,0.0,0.0,0.0,PASS_<20%,0.00,0.0,NO,STANDBY_VEL_LOW,1,1321.86,3268.14,132.45,FALSE,M1_DIRECTION_MISMATCH
2026-09-07 19:58:28.344,1788811108.345,7273,27,154,4406.19,4406.27,8.0,PASS_<=10c,+0.0,FLAT,+0.0,+69.0,4.1,+0.00,0.00,SLOW,4405.50,4406.54,4403.14,4406.23,0.00,0.00,0.0,BEARISH,340.0,4406.19,4406.19,4406.19,4406.19,28,CLEARED_>=20s,1.0,0.0,0.0,0.0,0.0,0.0,0.0,PASS_<20%,0.00,0.0,NO,STANDBY_VEL_LOW,1,1321.86,3268.14,132.45,FALSE,M1_DIRECTION_MISMATCH
2026-09-07 19:58:28.855,1788811108.856,7274,28,155,4406.19,4406.27,8.0,PASS_<=10c,+0.0,FLAT,+0.0,+69.0,4.1,+0.00,0.00,SLOW,4405.50,4406.54,4403.14,4406.23,0.00,0.00,0.0,BEARISH,340.0,4406.19,4406.19,4406.19,4406.19,28,CLEARED_>=20s,1.0,0.0,0.0,0.0,0.0,0.0,0.0,PASS_<20%,0.00,0.0,NO,STANDBY_VEL_LOW,1,1321.86,3268.14,132.45,FALSE,M1_DIRECTION_MISMATCH
2026-09-07 19:58:29.357,1788811109.357,7275,29,156,4406.19,4406.27,8.0,PASS_<=10c,+0.0,FLAT,+0.0,+69.0,4.3,+0.00,0.00,SLOW,4405.50,4406.54,4403.14,4406.23,0.00,0.00,0.0,BEARISH,340.0,4406.19,4406.19,4406.19,4406.19,29,CLEARED_>=20s,1.0,0.0,0.0,0.0,0.0,0.0,0.0,PASS_<20%,0.00,0.0,NO,STANDBY_VEL_LOW,1,1321.86,3268.14,132.45,FALSE,M1_DIRECTION_MISMATCH
2026-09-07 19:58:29.858,1788811109.859,7276,30,157,4406.19,4406.27,8.0,PASS_<=10c,+0.0,FLAT,+0.0,+69.0,4.2,+0.00,0.00,SLOW,4405.50,4406.54,4403.14,4406.23,0.00,0.00,0.0,BEARISH,340.0,4406.19,4406.19,4406.19,4406.19,29,CLEARED_>=20s,1.0,0.0,0.0,0.0,0.0,0.0,0.0,PASS_<20%,0.00,0.0,NO,STANDBY_VEL_LOW,1,1321.86,3268.14,132.45,FALSE,M1_DIRECTION_MISMATCH
2026-09-07 19:58:30.359,1788811110.360,7277,31,158,4406.19,4406.27,8.0,PASS_<=10c,+0.0,FLAT,+0.0,+69.0,4.2,+0.00,0.00,SLOW,4405.50,4406.54,4403.14,4406.23,0.00,0.00,0.0,BEARISH,340.0,4406.19,4406.19,4406.19,4406.19,30,CLEARED_>=20s,1.0,0.0,0.0,0.0,0.0,0.0,0.0,PASS_<20%,0.00,0.0,NO,STANDBY_VEL_LOW,1,1321.86,3268.14,132.45,FALSE,M1_DIRECTION_MISMATCH
2026-09-07 19:58:30.862,1788811110.862,7278,32,159,4406.19,4406.27,8.0,PASS_<=10c,+0.0,FLAT,+0.0,+69.0,4.2,+0.00,0.00,SLOW,4405.50,4406.54,4403.14,4406.23,0.00,0.00,0.0,BEARISH,340.0,4406.19,4406.19,4406.19,4406.19,30,CLEARED_>=20s,1.0,0.0,0.0,0.0,0.0,0.0,0.0,PASS_<20%,0.00,0.0,NO,STANDBY_VEL_LOW,1,1321.86,3268.14,132.45,FALSE,M1_DIRECTION_MISMATCH
2026-09-07 19:58:31.363,1788811111.363,7279,33,160,4406.19,4406.27,8.0,PASS_<=10c,+0.0,FLAT,+0.0,+69.0,4.2,+0.00,0.00,SLOW,4405.50,4406.54,4403.14,4406.23,0.00,0.00,0.0,BEARISH,340.0,4406.19,4406.19,4406.19,4406.19,31,CLEARED_>=20s,1.0,0.0,0.0,0.0,0.0,0.0,0.0,PASS_<20%,0.00,0.0,NO,STANDBY_VEL_LOW,1,1321.86,3268.14,132.45,FALSE,M1_DIRECTION_MISMATCH
2026-09-07 19:58:31.863,1788811111.864,7280,34,161,4406.19,4406.27,8.0,PASS_<=10c,+0.0,FLAT,+0.0,+69.0,4.2,+0.00,0.00,SLOW,4405.50,4406.54,4403.14,4406.23,0.00,0.00,0.0,BEARISH,340.0,4406.19,4406.19,4406.19,4406.19,31,CLEARED_>=20s,1.0,0.0,0.0,0.0,0.0,0.0,0.0,PASS_<20%,0.00,0.0,NO,STANDBY_VEL_LOW,1,1321.86,3268.14,132.45,FALSE,M1_DIRECTION_MISMATCH
2026-09-07 19:58:32.365,1788811112.366,7281,35,162,4406.19,4406.27,8.0,PASS_<=10c,+0.0,FLAT,+0.0,+69.0,4.2,+0.00,0.00,SLOW,4405.50,4406.54,4403.14,4406.23,0.00,0.00,0.0,BEARISH,340.0,4406.19,4406.19,4406.19,4406.19,32,CLEARED_>=20s,1.0,0.0,0.0,0.0,0.0,0.0,0.0,PASS_<20%,0.00,0.0,NO,STANDBY_VEL_LOW,1,1321.86,3268.14,132.45,FALSE,M1_DIRECTION_MISMATCH
2026-09-07 19:58:42.738,1788811122.739,7282,36,163,4406.19,4406.27,8.0,PASS_<=10c,+0.0,FLAT,+0.0,+69.0,1.3,+0.00,0.00,SLOW,4405.50,4406.54,4403.14,4406.23,0.00,0.00,0.0,BEARISH,340.0,4406.19,4406.19,4406.19,4406.19,42,CLEARED_>=20s,1.0,0.0,0.0,0.0,0.0,0.0,0.0,PASS_<20%,0.00,0.0,NO,STANDBY_VEL_LOW,1,1321.86,3268.14,132.45,FALSE,M1_DIRECTION_MISMATCH
2026-09-07 19:58:48.957,1788811128.957,7283,37,164,4406.19,4406.27,8.0,PASS_<=10c,+0.0,FLAT,+0.0,+69.0,1.8,+0.00,0.00,SLOW,4405.50,4406.54,4403.14,4406.23,0.00,0.00,0.0,BEARISH,340.0,4406.19,4406.19,4406.19,4406.19,48,CLEARED_>=20s,1.0,0.0,0.0,0.0,0.0,0.0,0.0,PASS_<20%,0.00,0.0,NO,STANDBY_VEL_LOW,1,1321.86,3268.14,132.45,FALSE,M1_DIRECTION_MISMATCH
2026-09-07 19:58:49.312,1788811129.312,7284,38,165,4406.19,4406.27,8.0,PASS_<=10c,+0.0,FLAT,+0.0,+69.0,2.7,+0.00,0.00,SLOW,4405.50,4406.54,4403.14,4406.23,0.00,0.00,0.0,BEARISH,340.0,4406.19,4406.19,4406.19,4406.19,49,CLEARED_>=20s,1.0,0.0,0.0,0.0,0.0,0.0,0.0,PASS_<20%,0.00,0.0,NO,STANDBY_VEL_LOW,1,1321.86,3268.14,132.45,FALSE,M1_DIRECTION_MISMATCH
2026-09-07 19:58:49.813,1788811129.814,7285,39,166,4406.19,4406.27,8.0,PASS_<=10c,+0.0,FLAT,+0.0,+69.0,3.1,+0.00,0.00,SLOW,4405.50,4406.54,4403.14,4406.23,0.00,0.00,0.0,BEARISH,340.0,4406.19,4406.19,4406.19,4406.19,49,CLEARED_>=20s,1.0,0.0,0.0,0.0,0.0,0.0,0.0,PASS_<20%,0.00,0.0,NO,STANDBY_VEL_LOW,1,1321.86,3268.14,132.45,FALSE,M1_DIRECTION_MISMATCH
2026-09-07 19:58:50.315,1788811130.315,7286,40,167,4406.19,4406.27,8.0,PASS_<=10c,+0.0,FLAT,+0.0,+69.0,3.3,+0.00,0.00,SLOW,4405.50,4406.54,4403.14,4406.23,0.00,0.00,0.0,BEARISH,340.0,4406.19,4406.19,4406.19,4406.19,50,CLEARED_>=20s,1.0,0.0,0.0,0.0,0.0,0.0,0.0,PASS_<20%,0.00,0.0,NO,STANDBY_VEL_LOW,1,1321.86,3268.14,132.45,FALSE,M1_DIRECTION_MISMATCH
2026-09-07 19:58:50.817,1788811130.817,7287,41,168,4406.19,4406.27,8.0,PASS_<=10c,+0.0,FLAT,+0.0,+69.0,3.4,+0.00,0.00,SLOW,4405.50,4406.54,4403.14,4406.23,0.00,0.00,0.0,BEARISH,340.0,4406.19,4406.19,4406.19,4406.19,50,CLEARED_>=20s,1.0,0.0,0.0,0.0,0.0,0.0,0.0,PASS_<20%,0.00,0.0,NO,STANDBY_VEL_LOW,1,1321.86,3268.14,132.45,FALSE,M1_DIRECTION_MISMATCH
2026-09-07 19:58:51.320,1788811131.321,7288,42,169,4406.19,4406.27,8.0,PASS_<=10c,+0.0,FLAT,+0.0,+69.0,3.5,+0.00,0.00,SLOW,4405.50,4406.54,4403.14,4406.23,0.00,0.00,0.0,BEARISH,340.0,4406.19,4406.19,4406.19,4406.19,51,CLEARED_>=20s,1.0,0.0,0.0,0.0,0.0,0.0,0.0,PASS_<20%,0.00,0.0,NO,STANDBY_VEL_LOW,1,1321.86,3268.14,132.45,FALSE,M1_DIRECTION_MISMATCH
2026-09-07 19:58:51.818,1788811131.819,7289,43,170,4406.19,4406.27,8.0,PASS_<=10c,+0.0,FLAT,+0.0,+69.0,3.5,+0.00,0.00,SLOW,4405.50,4406.54,4403.14,4406.23,0.00,0.00,0.0,BEARISH,340.0,4406.19,4406.19,4406.19,4406.19,51,CLEARED_>=20s,1.0,0.0,0.0,0.0,0.0,0.0,0.0,PASS_<20%,0.00,0.0,NO,STANDBY_VEL_LOW,1,1321.86,3268.14,132.45,FALSE,M1_DIRECTION_MISMATCH
2026-09-07 19:58:52.320,1788811132.321,7290,44,171,4406.19,4406.27,8.0,PASS_<=10c,+0.0,FLAT,+0.0,+69.0,3.6,+0.00,0.00,SLOW,4405.50,4406.54,4403.14,4406.23,0.00,0.00,0.0,BEARISH,340.0,4406.19,4406.19,4406.19,4406.19,52,CLEARED_>=20s,1.0,0.0,0.0,0.0,0.0,0.0,0.0,PASS_<20%,0.00,0.0,NO,STANDBY_VEL_LOW,1,1321.86,3268.14,132.45,FALSE,M1_DIRECTION_MISMATCH
2026-09-07 19:58:52.822,1788811132.823,7291,45,172,4406.19,4406.27,8.0,PASS_<=10c,+0.0,FLAT,+0.0,+69.0,3.6,+0.00,0.00,SLOW,4405.50,4406.54,4403.14,4406.23,0.00,0.00,0.0,BEARISH,340.0,4406.19,4406.19,4406.19,4406.19,52,CLEARED_>=20s,1.0,0.0,0.0,0.0,0.0,0.0,0.0,PASS_<20%,0.00,0.0,NO,STANDBY_VEL_LOW,1,1321.86,3268.14,132.45,FALSE,M1_DIRECTION_MISMATCH
2026-09-07 19:58:53.323,1788811133.324,7292,46,173,4406.19,4406.27,8.0,PASS_<=10c,+0.0,FLAT,+0.0,+69.0,4.4,+0.00,0.00,SLOW,4405.50,4406.54,4403.14,4406.23,0.00,0.00,0.0,BEARISH,340.0,4406.19,4406.19,4406.19,4406.19,53,CLEARED_>=20s,1.0,0.0,0.0,0.0,0.0,0.0,0.0,PASS_<20%,0.00,0.0,NO,STANDBY_VEL_LOW,1,1321.86,3268.14,132.45,FALSE,M1_DIRECTION_MISMATCH
2026-09-07 19:58:53.825,1788811133.826,7293,47,174,4406.19,4406.27,8.0,PASS_<=10c,+0.0,FLAT,+0.0,+69.0,4.3,+0.00,0.00,SLOW,4405.50,4406.54,4403.14,4406.23,0.00,0.00,0.0,BEARISH,340.0,4406.19,4406.19,4406.19,4406.19,53,CLEARED_>=20s,1.0,0.0,0.0,0.0,0.0,0.0,0.0,PASS_<20%,0.00,0.0,NO,STANDBY_VEL_LOW,1,1321.86,3268.14,132.45,FALSE,M1_DIRECTION_MISMATCH
2026-09-07 19:58:54.328,1788811134.328,7294,48,175,4406.19,4406.27,8.0,PASS_<=10c,+0.0,FLAT,+0.0,+69.0,4.2,+0.00,0.00,SLOW,4405.50,4406.54,4403.14,4406.23,0.00,0.00,0.0,BEARISH,340.0,4406.19,4406.19,4406.19,4406.19,54,CLEARED_>=20s,1.0,0.0,0.0,0.0,0.0,0.0,0.0,PASS_<20%,0.00,0.0,NO,STANDBY_VEL_LOW,1,1321.86,3268.14,132.45,FALSE,M1_DIRECTION_MISMATCH
2026-09-07 19:58:54.829,1788811134.829,7295,49,176,4406.19,4406.27,8.0,PASS_<=10c,+0.0,FLAT,+0.0,+69.0,4.2,+0.00,0.00,SLOW,4405.50,4406.54,4403.14,4406.23,0.00,0.00,0.0,BEARISH,340.0,4406.19,4406.19,4406.19,4406.19,54,CLEARED_>=20s,1.0,0.0,0.0,0.0,0.0,0.0,0.0,PASS_<20%,0.00,0.0,NO,STANDBY_VEL_LOW,1,1321.86,3268.14,132.45,FALSE,M1_DIRECTION_MISMATCH
2026-09-07 19:58:55.331,1788811135.331,7296,50,177,4406.19,4406.27,8.0,PASS_<=10c,+0.0,FLAT,+0.0,+69.0,4.2,+0.00,0.00,SLOW,4405.50,4406.54,4403.14,4406.23,0.00,0.00,0.0,BEARISH,340.0,4406.19,4406.19,4406.19,4406.19,55,CLEARED_>=20s,1.0,0.0,0.0,0.0,0.0,0.0,0.0,PASS_<20%,0.00,0.0,NO,STANDBY_VEL_LOW,1,1321.86,3268.14,132.45,FALSE,M1_DIRECTION_MISMATCH
2026-09-07 19:58:55.831,1788811135.831,7297,51,178,4406.19,4406.27,8.0,PASS_<=10c,+0.0,FLAT,+0.0,+69.0,4.2,+0.00,0.00,SLOW,4405.50,4406.54,4403.14,4406.23,0.00,0.00,0.0,BEARISH,340.0,4406.19,4406.19,4406.19,4406.19,55,CLEARED_>=20s,1.0,0.0,0.0,0.0,0.0,0.0,0.0,PASS_<20%,0.00,0.0,NO,STANDBY_VEL_LOW,1,1321.86,3268.14,132.45,FALSE,M1_DIRECTION_MISMATCH
2026-09-07 19:58:56.332,1788811136.332,7298,52,179,4406.19,4406.27,8.0,PASS_<=10c,+0.0,FLAT,+0.0,+69.0,4.2,+0.00,0.00,SLOW,4405.50,4406.54,4403.14,4406.23,0.00,0.00,0.0,BEARISH,340.0,4406.19,4406.19,4406.19,4406.19,56,CLEARED_>=20s,1.0,0.0,0.0,0.0,0.0,0.0,0.0,PASS_<20%,0.00,0.0,NO,STANDBY_VEL_LOW,1,1321.86,3268.14,132.45,FALSE,M1_DIRECTION_MISMATCH
2026-09-07 19:58:56.834,1788811136.834,7299,53,180,4406.19,4406.27,8.0,PASS_<=10c,+0.0,FLAT,+0.0,+69.0,4.2,+0.00,0.00,SLOW,4405.50,4406.54,4403.14,4406.23,0.00,0.00,0.0,BEARISH,340.0,4406.19,4406.19,4406.19,4406.19,56,CLEARED_>=20s,1.0,0.0,0.0,0.0,0.0,0.0,0.0,PASS_<20%,0.00,0.0,NO,STANDBY_VEL_LOW,1,1321.86,3268.14,132.45,FALSE,M1_DIRECTION_MISMATCH
2026-09-07 19:59:02.346,1788811142.346,7300,1,181,4406.19,4406.27,8.0,PASS_<=10c,+0.0,FLAT,+0.0,+69.0,1.7,+0.00,0.00,SLOW,4405.50,4406.54,4403.14,4406.23,0.00,0.00,0.0,BEARISH,340.0,4406.19,4406.19,4406.19,4406.19,2,ACTIVE_2s,1.0,0.0,0.0,0.0,0.0,0.0,0.0,PASS_<20%,0.00,0.0,NO,STANDBY_VEL_LOW,1,1321.86,3268.14,132.45,FALSE,M1_DIRECTION_MISMATCH|OPENING_SHIELD_ACTIVE_2s
2026-09-07 19:59:12.604,1788811152.604,7301,2,182,4406.19,4406.27,8.0,PASS_<=10c,+0.0,FLAT,+0.0,+69.0,1.3,+0.00,0.00,SLOW,4405.50,4406.54,4403.14,4406.23,0.00,0.00,0.0,BEARISH,340.0,4406.19,4406.19,4406.19,4406.19,12,ACTIVE_12s,1.0,0.0,0.0,0.0,0.0,0.0,0.0,PASS_<20%,0.00,0.0,NO,STANDBY_VEL_LOW,1,1321.86,3268.14,132.45,FALSE,M1_DIRECTION_MISMATCH|OPENING_SHIELD_ACTIVE_12s
2026-09-07 19:59:14.015,1788811154.015,7302,3,183,4406.19,4406.27,8.0,PASS_<=10c,+0.0,FLAT,+0.0,+69.0,2.1,+0.00,0.00,SLOW,4405.50,4406.54,4403.14,4406.23,0.00,0.00,0.0,BEARISH,340.0,4406.19,4406.19,4406.19,4406.19,14,ACTIVE_14s,1.0,0.0,0.0,0.0,0.0,0.0,0.0,PASS_<20%,0.00,0.0,NO,STANDBY_VEL_LOW,1,1321.86,3268.14,132.45,FALSE,M1_DIRECTION_MISMATCH|OPENING_SHIELD_ACTIVE_14s
2026-09-07 19:59:14.517,1788811154.517,7303,4,184,4406.19,4406.27,8.0,PASS_<=10c,+0.0,FLAT,+0.0,+69.0,2.6,+0.00,0.00,SLOW,4405.50,4406.54,4403.14,4406.23,0.00,0.00,0.0,BEARISH,340.0,4406.19,4406.19,4406.19,4406.19,14,ACTIVE_14s,1.0,0.0,0.0,0.0,0.0,0.0,0.0,PASS_<20%,0.00,0.0,NO,STANDBY_VEL_LOW,1,1321.86,3268.14,132.45,FALSE,M1_DIRECTION_MISMATCH|OPENING_SHIELD_ACTIVE_14s
2026-09-07 19:59:15.018,1788811155.019,7304,5,185,4406.19,4406.27,8.0,PASS_<=10c,+0.0,FLAT,+0.0,+69.0,2.9,+0.00,0.00,SLOW,4405.50,4406.54,4403.14,4406.23,0.00,0.00,0.0,BEARISH,340.0,4406.19,4406.19,4406.19,4406.19,15,ACTIVE_15s,1.0,0.0,0.0,0.0,0.0,0.0,0.0,PASS_<20%,0.00,0.0,NO,STANDBY_VEL_LOW,1,1321.86,3268.14,132.45,FALSE,M1_DIRECTION_MISMATCH|OPENING_SHIELD_ACTIVE_15s
2026-09-07 19:59:15.519,1788811155.520,7305,6,186,4406.19,4406.27,8.0,PASS_<=10c,+0.0,FLAT,+0.0,+69.0,3.1,+0.00,0.00,SLOW,4405.50,4406.54,4403.14,4406.23,0.00,0.00,0.0,BEARISH,340.0,4406.19,4406.19,4406.19,4406.19,15,ACTIVE_15s,1.0,0.0,0.0,0.0,0.0,0.0,0.0,PASS_<20%,0.00,0.0,NO,STANDBY_VEL_LOW,1,1321.86,3268.14,132.45,FALSE,M1_DIRECTION_MISMATCH|OPENING_SHIELD_ACTIVE_15s
2026-09-07 19:59:16.019,1788811156.020,7306,7,187,4406.19,4406.27,8.0,PASS_<=10c,+0.0,FLAT,+0.0,+69.0,3.2,+0.00,0.00,SLOW,4405.50,4406.54,4403.14,4406.23,0.00,0.00,0.0,BEARISH,340.0,4406.19,4406.19,4406.19,4406.19,16,ACTIVE_16s,1.0,0.0,0.0,0.0,0.0,0.0,0.0,PASS_<20%,0.00,0.0,NO,STANDBY_VEL_LOW,1,1321.86,3268.14,132.45,FALSE,M1_DIRECTION_MISMATCH|OPENING_SHIELD_ACTIVE_16s
2026-09-07 19:59:16.521,1788811156.521,7307,8,188,4406.19,4406.27,8.0,PASS_<=10c,+0.0,FLAT,+0.0,+69.0,3.3,+0.00,0.00,SLOW,4405.50,4406.54,4403.14,4406.23,0.00,0.00,0.0,BEARISH,340.0,4406.19,4406.19,4406.19,4406.19,16,ACTIVE_16s,1.0,0.0,0.0,0.0,0.0,0.0,0.0,PASS_<20%,0.00,0.0,NO,STANDBY_VEL_LOW,1,1321.86,3268.14,132.45,FALSE,M1_DIRECTION_MISMATCH|OPENING_SHIELD_ACTIVE_16s
2026-09-07 19:59:17.021,1788811157.021,7308,9,189,4406.19,4406.27,8.0,PASS_<=10c,+0.0,FLAT,+0.0,+69.0,3.4,+0.00,0.00,SLOW,4405.50,4406.54,4403.14,4406.23,0.00,0.00,0.0,BEARISH,340.0,4406.19,4406.19,4406.19,4406.19,17,ACTIVE_17s,1.0,0.0,0.0,0.0,0.0,0.0,0.0,PASS_<20%,0.00,0.0,NO,STANDBY_VEL_LOW,1,1321.86,3268.14,132.45,FALSE,M1_DIRECTION_MISMATCH|OPENING_SHIELD_ACTIVE_17s
2026-09-07 19:59:17.523,1788811157.523,7309,10,190,4406.19,4406.27,8.0,PASS_<=10c,+0.0,FLAT,+0.0,+69.0,3.5,+0.00,0.00,SLOW,4405.50,4406.54,4403.14,4406.23,0.00,0.00,0.0,BEARISH,340.0,4406.19,4406.19,4406.19,4406.19,17,ACTIVE_17s,1.0,0.0,0.0,0.0,0.0,0.0,0.0,PASS_<20%,0.00,0.0,NO,STANDBY_VEL_LOW,1,1321.86,3268.14,132.45,FALSE,M1_DIRECTION_MISMATCH|OPENING_SHIELD_ACTIVE_17s
2026-09-07 19:59:18.025,1788811158.026,7310,11,191,4406.19,4406.27,8.0,PASS_<=10c,+0.0,FLAT,+0.0,+69.0,4.4,+0.00,0.00,SLOW,4405.50,4406.54,4403.14,4406.23,0.00,0.00,0.0,BEARISH,340.0,4406.19,4406.19,4406.19,4406.19,18,ACTIVE_18s,1.0,0.0,0.0,0.0,0.0,0.0,0.0,PASS_<20%,0.00,0.0,NO,STANDBY_VEL_LOW,1,1321.86,3268.14,132.45,FALSE,M1_DIRECTION_MISMATCH|OPENING_SHIELD_ACTIVE_18s
2026-09-07 19:59:18.526,1788811158.527,7311,12,192,4406.19,4406.27,8.0,PASS_<=10c,+0.0,FLAT,+0.0,+69.0,4.3,+0.00,0.00,SLOW,4405.50,4406.54,4403.14,4406.23,0.00,0.00,0.0,BEARISH,340.0,4406.19,4406.19,4406.19,4406.19,18,ACTIVE_18s,1.0,0.0,0.0,0.0,0.0,0.0,0.0,PASS_<20%,0.00,0.0,NO,STANDBY_VEL_LOW,1,1321.86,3268.14,132.45,FALSE,M1_DIRECTION_MISMATCH|OPENING_SHIELD_ACTIVE_18s
2026-09-07 19:59:19.027,1788811159.028,7312,13,193,4406.19,4406.27,8.0,PASS_<=10c,+0.0,FLAT,+0.0,+69.0,4.2,+0.00,0.00,SLOW,4405.50,4406.54,4403.14,4406.23,0.00,0.00,0.0,BEARISH,340.0,4406.19,4406.19,4406.19,4406.19,19,ACTIVE_19s,1.0,0.0,0.0,0.0,0.0,0.0,0.0,PASS_<20%,0.00,0.0,NO,STANDBY_VEL_LOW,1,1321.86,3268.14,132.45,FALSE,M1_DIRECTION_MISMATCH|OPENING_SHIELD_ACTIVE_19s
2026-09-07 19:59:19.538,1788811159.538,7313,14,194,4406.19,4406.27,8.0,PASS_<=10c,+0.0,FLAT,+0.0,+69.0,4.2,+0.00,0.00,SLOW,4405.50,4406.54,4403.14,4406.23,0.00,0.00,0.0,BEARISH,340.0,4406.19,4406.19,4406.19,4406.19,19,ACTIVE_19s,1.0,0.0,0.0,0.0,0.0,0.0,0.0,PASS_<20%,0.00,0.0,NO,STANDBY_VEL_LOW,1,1321.86,3268.14,132.45,FALSE,M1_DIRECTION_MISMATCH|OPENING_SHIELD_ACTIVE_19s
2026-09-07 19:59:20.034,1788811160.034,7314,15,195,4406.19,4406.27,8.0,PASS_<=10c,+0.0,FLAT,+0.0,+69.0,4.2,+0.00,0.00,SLOW,4405.50,4406.54,4403.14,4406.23,0.00,0.00,0.0,BEARISH,340.0,4406.19,4406.19,4406.19,4406.19,20,CLEARED_>=20s,1.0,0.0,0.0,0.0,0.0,0.0,0.0,PASS_<20%,0.00,0.0,NO,STANDBY_VEL_LOW,1,1321.86,3268.14,132.45,FALSE,M1_DIRECTION_MISMATCH
2026-09-07 19:59:20.538,1788811160.538,7315,16,196,4406.19,4406.27,8.0,PASS_<=10c,+0.0,FLAT,+0.0,+69.0,4.2,+0.00,0.00,SLOW,4405.50,4406.54,4403.14,4406.23,0.00,0.00,0.0,BEARISH,340.0,4406.19,4406.19,4406.19,4406.19,20,CLEARED_>=20s,1.0,0.0,0.0,0.0,0.0,0.0,0.0,PASS_<20%,0.00,0.0,NO,STANDBY_VEL_LOW,1,1321.86,3268.14,132.45,FALSE,M1_DIRECTION_MISMATCH
2026-09-07 19:59:21.037,1788811161.037,7316,17,197,4406.19,4406.27,8.0,PASS_<=10c,+0.0,FLAT,+0.0,+69.0,4.2,+0.00,0.00,SLOW,4405.50,4406.54,4403.14,4406.23,0.00,0.00,0.0,BEARISH,340.0,4406.19,4406.19,4406.19,4406.19,21,CLEARED_>=20s,1.0,0.0,0.0,0.0,0.0,0.0,0.0,PASS_<20%,0.00,0.0,NO,STANDBY_VEL_LOW,1,1321.86,3268.14,132.45,FALSE,M1_DIRECTION_MISMATCH
2026-09-07 19:59:21.538,1788811161.539,7317,18,198,4406.19,4406.27,8.0,PASS_<=10c,+0.0,FLAT,+0.0,+69.0,4.2,+0.00,0.00,SLOW,4405.50,4406.54,4403.14,4406.23,0.00,0.00,0.0,BEARISH,340.0,4406.19,4406.19,4406.19,4406.19,21,CLEARED_>=20s,1.0,0.0,0.0,0.0,0.0,0.0,0.0,PASS_<20%,0.00,0.0,NO,STANDBY_VEL_LOW,1,1321.86,3268.14,132.45,FALSE,M1_DIRECTION_MISMATCH
2026-09-07 19:59:27.050,1788811167.050,7318,19,199,4406.19,4406.27,8.0,PASS_<=10c,+0.0,FLAT,+0.0,+69.0,1.6,+0.00,0.00,SLOW,4405.50,4406.54,4403.14,4406.23,0.00,0.00,0.0,BEARISH,340.0,4406.19,4406.19,4406.19,4406.19,27,CLEARED_>=20s,1.0,0.0,0.0,0.0,0.0,0.0,0.0,PASS_<20%,0.00,0.0,NO,STANDBY_VEL_LOW,1,1321.86,3268.14,132.45,FALSE,M1_DIRECTION_MISMATCH
2026-09-07 19:59:37.312,1788811177.313,7319,20,200,4406.19,4406.27,8.0,PASS_<=10c,+0.0,FLAT,+0.0,+69.0,1.3,+0.00,0.00,SLOW,4405.50,4406.54,4403.14,4406.23,0.00,0.00,0.0,BEARISH,340.0,4406.19,4406.19,4406.19,4406.19,37,CLEARED_>=20s,1.0,0.0,0.0,0.0,0.0,0.0,0.0,PASS_<20%,0.00,0.0,NO,STANDBY_VEL_LOW,1,1321.86,3268.14,132.45,FALSE,M1_DIRECTION_MISMATCH
2026-09-07 19:59:39.324,1788811179.325,7320,21,201,4406.19,4406.27,8.0,PASS_<=10c,+0.0,FLAT,+0.0,+69.0,1.5,+0.00,0.00,SLOW,4405.50,4406.54,4403.14,4406.23,0.00,0.00,0.0,BEARISH,340.0,4406.19,4406.19,4406.19,4406.19,39,CLEARED_>=20s,1.0,0.0,0.0,0.0,0.0,0.0,0.0,PASS_<20%,0.00,0.0,NO,STANDBY_VEL_LOW,1,1321.86,3268.14,132.45,FALSE,M1_DIRECTION_MISMATCH
2026-09-07 19:59:39.826,1788811179.826,7321,22,202,4406.19,4406.27,8.0,PASS_<=10c,+0.0,FLAT,+0.0,+69.0,2.0,+0.00,0.00,SLOW,4405.50,4406.54,4403.14,4406.23,0.00,0.00,0.0,BEARISH,340.0,4406.19,4406.19,4406.19,4406.19,39,CLEARED_>=20s,1.0,0.0,0.0,0.0,0.0,0.0,0.0,PASS_<20%,0.00,0.0,NO,STANDBY_VEL_LOW,1,1321.86,3268.14,132.45,FALSE,M1_DIRECTION_MISMATCH
2026-09-07 19:59:40.329,1788811180.330,7322,23,203,4406.19,4406.27,8.0,PASS_<=10c,+0.0,FLAT,+0.0,+69.0,2.3,+0.00,0.00,SLOW,4405.50,4406.54,4403.14,4406.23,0.00,0.00,0.0,BEARISH,340.0,4406.19,4406.19,4406.19,4406.19,40,CLEARED_>=20s,1.0,0.0,0.0,0.0,0.0,0.0,0.0,PASS_<20%,0.00,0.0,NO,STANDBY_VEL_LOW,1,1321.86,3268.14,132.45,FALSE,M1_DIRECTION_MISMATCH
2026-09-07 19:59:40.830,1788811180.831,7323,24,204,4406.19,4406.27,8.0,PASS_<=10c,+0.0,FLAT,+0.0,+69.0,2.6,+0.00,0.00,SLOW,4405.50,4406.54,4403.14,4406.23,0.00,0.00,0.0,BEARISH,340.0,4406.19,4406.19,4406.19,4406.19,40,CLEARED_>=20s,1.0,0.0,0.0,0.0,0.0,0.0,0.0,PASS_<20%,0.00,0.0,NO,STANDBY_VEL_LOW,1,1321.86,3268.14,132.45,FALSE,M1_DIRECTION_MISMATCH
2026-09-07 19:59:41.332,1788811181.332,7324,25,205,4406.19,4406.27,8.0,PASS_<=10c,+0.0,FLAT,+0.0,+69.0,2.7,+0.00,0.00,SLOW,4405.50,4406.54,4403.14,4406.23,0.00,0.00,0.0,BEARISH,340.0,4406.19,4406.19,4406.19,4406.19,41,CLEARED_>=20s,1.0,0.0,0.0,0.0,0.0,0.0,0.0,PASS_<20%,0.00,0.0,NO,STANDBY_VEL_LOW,1,1321.86,3268.14,132.45,FALSE,M1_DIRECTION_MISMATCH
2026-09-07 19:59:41.834,1788811181.835,7325,26,206,4406.19,4406.27,8.0,PASS_<=10c,+0.0,FLAT,+0.0,+69.0,2.9,+0.00,0.00,SLOW,4405.50,4406.54,4403.14,4406.23,0.00,0.00,0.0,BEARISH,340.0,4406.19,4406.19,4406.19,4406.19,41,CLEARED_>=20s,1.0,0.0,0.0,0.0,0.0,0.0,0.0,PASS_<20%,0.00,0.0,NO,STANDBY_VEL_LOW,1,1321.86,3268.14,132.45,FALSE,M1_DIRECTION_MISMATCH
2026-09-07 19:59:42.336,1788811182.337,7326,27,207,4406.19,4406.27,8.0,PASS_<=10c,+0.0,FLAT,+0.0,+69.0,4.5,+0.00,0.00,SLOW,4405.50,4406.54,4403.14,4406.23,0.00,0.00,0.0,BEARISH,340.0,4406.19,4406.19,4406.19,4406.19,42,CLEARED_>=20s,1.0,0.0,0.0,0.0,0.0,0.0,0.0,PASS_<20%,0.00,0.0,NO,STANDBY_VEL_LOW,1,1321.86,3268.14,132.45,FALSE,M1_DIRECTION_MISMATCH
2026-09-07 19:59:42.838,1788811182.838,7327,28,208,4406.19,4406.27,8.0,PASS_<=10c,+0.0,FLAT,+0.0,+69.0,4.4,+0.00,0.00,SLOW,4405.50,4406.54,4403.14,4406.23,0.00,0.00,0.0,BEARISH,340.0,4406.19,4406.19,4406.19,4406.19,42,CLEARED_>=20s,1.0,0.0,0.0,0.0,0.0,0.0,0.0,PASS_<20%,0.00,0.0,NO,STANDBY_VEL_LOW,1,1321.86,3268.14,132.45,FALSE,M1_DIRECTION_MISMATCH
2026-09-07 19:59:43.340,1788811183.341,7328,29,209,4406.19,4406.27,8.0,PASS_<=10c,+0.0,FLAT,+0.0,+69.0,4.4,+0.00,0.00,SLOW,4405.50,4406.54,4403.14,4406.23,0.00,0.00,0.0,BEARISH,340.0,4406.19,4406.19,4406.19,4406.19,43,CLEARED_>=20s,1.0,0.0,0.0,0.0,0.0,0.0,0.0,PASS_<20%,0.00,0.0,NO,STANDBY_VEL_LOW,1,1321.86,3268.14,132.45,FALSE,M1_DIRECTION_MISMATCH
2026-09-07 19:59:43.842,1788811183.843,7329,30,210,4406.19,4406.27,8.0,PASS_<=10c,+0.0,FLAT,+0.0,+69.0,4.3,+0.00,0.00,SLOW,4405.50,4406.54,4403.14,4406.23,0.00,0.00,0.0,BEARISH,340.0,4406.19,4406.19,4406.19,4406.19,43,CLEARED_>=20s,1.0,0.0,0.0,0.0,0.0,0.0,0.0,PASS_<20%,0.00,0.0,NO,STANDBY_VEL_LOW,1,1321.86,3268.14,132.45,FALSE,M1_DIRECTION_MISMATCH
2026-09-07 19:59:44.344,1788811184.345,7330,31,211,4406.19,4406.27,8.0,PASS_<=10c,+0.0,FLAT,+0.0,+69.0,4.2,+0.00,0.00,SLOW,4405.50,4406.54,4403.14,4406.23,0.00,0.00,0.0,BEARISH,340.0,4406.19,4406.19,4406.19,4406.19,44,CLEARED_>=20s,1.0,0.0,0.0,0.0,0.0,0.0,0.0,PASS_<20%,0.00,0.0,NO,STANDBY_VEL_LOW,1,1321.86,3268.14,132.45,FALSE,M1_DIRECTION_MISMATCH
2026-09-07 19:59:44.851,1788811184.852,7331,32,212,4406.19,4406.27,8.0,PASS_<=10c,+0.0,FLAT,+0.0,+69.0,4.2,+0.00,0.00,SLOW,4405.50,4406.54,4403.14,4406.23,0.00,0.00,0.0,BEARISH,340.0,4406.19,4406.19,4406.19,4406.19,44,CLEARED_>=20s,1.0,0.0,0.0,0.0,0.0,0.0,0.0,PASS_<20%,0.00,0.0,NO,STANDBY_VEL_LOW,1,1321.86,3268.14,132.45,FALSE,M1_DIRECTION_MISMATCH
2026-09-07 19:59:45.351,1788811185.352,7332,33,213,4406.19,4406.27,8.0,PASS_<=10c,+0.0,FLAT,+0.0,+69.0,4.2,+0.00,0.00,SLOW,4405.50,4406.54,4403.14,4406.23,0.00,0.00,0.0,BEARISH,340.0,4406.19,4406.19,4406.19,4406.19,45,CLEARED_>=20s,1.0,0.0,0.0,0.0,0.0,0.0,0.0,PASS_<20%,0.00,0.0,NO,STANDBY_VEL_LOW,1,1321.86,3268.14,132.45,FALSE,M1_DIRECTION_MISMATCH
2026-09-07 19:59:45.853,1788811185.853,7333,34,214,4406.19,4406.27,8.0,PASS_<=10c,+0.0,FLAT,+0.0,+69.0,4.2,+0.00,0.00,SLOW,4405.50,4406.54,4403.14,4406.23,0.00,0.00,0.0,BEARISH,340.0,4406.19,4406.19,4406.19,4406.19,45,CLEARED_>=20s,1.0,0.0,0.0,0.0,0.0,0.0,0.0,PASS_<20%,0.00,0.0,NO,STANDBY_VEL_LOW,1,1321.86,3268.14,132.45,FALSE,M1_DIRECTION_MISMATCH
2026-09-07 19:59:46.355,1788811186.356,7334,35,215,4406.19,4406.27,8.0,PASS_<=10c,+0.0,FLAT,+0.0,+69.0,4.2,+0.00,0.00,SLOW,4405.50,4406.54,4403.14,4406.23,0.00,0.00,0.0,BEARISH,340.0,4406.19,4406.19,4406.19,4406.19,46,CLEARED_>=20s,1.0,0.0,0.0,0.0,0.0,0.0,0.0,PASS_<20%,0.00,0.0,NO,STANDBY_VEL_LOW,1,1321.86,3268.14,132.45,FALSE,M1_DIRECTION_MISMATCH
2026-09-07 19:59:46.857,1788811186.857,7335,36,216,4406.19,4406.27,8.0,PASS_<=10c,+0.0,FLAT,+0.0,+69.0,4.2,+0.00,0.00,SLOW,4405.50,4406.54,4403.14,4406.23,0.00,0.00,0.0,BEARISH,340.0,4406.19,4406.19,4406.19,4406.19,46,CLEARED_>=20s,1.0,0.0,0.0,0.0,0.0,0.0,0.0,PASS_<20%,0.00,0.0,NO,STANDBY_VEL_LOW,1,1321.86,3268.14,132.45,FALSE,M1_DIRECTION_MISMATCH
2026-09-07 19:59:52.375,1788811192.375,7336,37,217,4406.19,4406.27,8.0,PASS_<=10c,+0.0,FLAT,+0.0,+69.0,1.5,+0.00,0.00,SLOW,4405.50,4406.54,4403.14,4406.23,0.00,0.00,0.0,BEARISH,340.0,4406.19,4406.19,4406.19,4406.19,52,CLEARED_>=20s,1.0,0.0,0.0,0.0,0.0,0.0,0.0,PASS_<20%,0.00,0.0,NO,STANDBY_VEL_LOW,1,1321.86,3268.14,132.45,FALSE,M1_DIRECTION_MISMATCH
2026-09-07 20:00:02.622,1788811202.623,7337,1,1,4406.19,4406.27,8.0,PASS_<=10c,+0.0,FLAT,+0.0,+0.0,1.3,+0.00,0.00,SLOW,4406.19,4406.19,4406.19,4406.19,0.00,0.00,0.0,BEARISH,0.0,4406.19,4406.19,4406.19,4406.19,2,ACTIVE_2s,1.0,0.0,0.0,0.0,0.0,0.0,0.0,PASS_<20%,0.00,0.0,NO,STANDBY_VEL_LOW,1,1321.86,3268.14,132.45,FALSE,M1_DIRECTION_MISMATCH|OPENING_SHIELD_ACTIVE_2s
2026-09-07 20:00:04.231,1788811204.231,7338,2,2,4406.19,4406.27,8.0,PASS_<=10c,+0.0,FLAT,+0.0,+0.0,1.8,+0.00,0.00,SLOW,4406.19,4406.19,4406.19,4406.19,0.00,0.00,0.0,BEARISH,0.0,4406.19,4406.19,4406.19,4406.19,4,ACTIVE_4s,1.0,0.0,0.0,0.0,0.0,0.0,0.0,PASS_<20%,0.00,0.0,NO,STANDBY_VEL_LOW,1,1321.86,3268.14,132.45,FALSE,M1_DIRECTION_MISMATCH|OPENING_SHIELD_ACTIVE_4s
2026-09-07 20:00:04.733,1788811204.733,7339,3,3,4406.19,4406.27,8.0,PASS_<=10c,+0.0,FLAT,+0.0,+0.0,2.4,+0.00,0.00,SLOW,4406.19,4406.19,4406.19,4406.19,0.00,0.00,0.0,BEARISH,0.0,4406.19,4406.19,4406.19,4406.19,4,ACTIVE_4s,1.0,0.0,0.0,0.0,0.0,0.0,0.0,PASS_<20%,0.00,0.0,NO,STANDBY_VEL_LOW,1,1321.86,3268.14,132.45,FALSE,M1_DIRECTION_MISMATCH|OPENING_SHIELD_ACTIVE_4s
2026-09-07 20:00:05.234,1788811205.235,7340,4,4,4406.19,4406.27,8.0,PASS_<=10c,+0.0,FLAT,+0.0,+0.0,2.7,+0.00,0.00,SLOW,4406.19,4406.19,4406.19,4406.19,0.00,0.00,0.0,BEARISH,0.0,4406.19,4406.19,4406.19,4406.19,5,ACTIVE_5s,1.0,0.0,0.0,0.0,0.0,0.0,0.0,PASS_<20%,0.00,0.0,NO,STANDBY_VEL_LOW,1,1321.86,3268.14,132.45,FALSE,M1_DIRECTION_MISMATCH|OPENING_SHIELD_ACTIVE_5s
2026-09-07 20:00:05.734,1788811205.735,7341,5,5,4406.19,4406.27,8.0,PASS_<=10c,+0.0,FLAT,+0.0,+0.0,2.9,+0.00,0.00,SLOW,4406.19,4406.19,4406.19,4406.19,0.00,0.00,0.0,BEARISH,0.0,4406.19,4406.19,4406.19,4406.19,5,ACTIVE_5s,1.0,0.0,0.0,0.0,0.0,0.0,0.0,PASS_<20%,0.00,0.0,NO,STANDBY_VEL_LOW,1,1321.86,3268.14,132.45,FALSE,M1_DIRECTION_MISMATCH|OPENING_SHIELD_ACTIVE_5s
2026-09-07 20:00:06.236,1788811206.236,7342,6,6,4406.19,4406.27,8.0,PASS_<=10c,+0.0,FLAT,+0.0,+0.0,3.0,+0.00,0.00,SLOW,4406.19,4406.19,4406.19,4406.19,0.00,0.00,0.0,BEARISH,0.0,4406.19,4406.19,4406.19,4406.19,6,ACTIVE_6s,1.0,0.0,0.0,0.0,0.0,0.0,0.0,PASS_<20%,0.00,0.0,NO,STANDBY_VEL_LOW,1,1321.86,3268.14,132.45,FALSE,M1_DIRECTION_MISMATCH|OPENING_SHIELD_ACTIVE_6s
2026-09-07 20:00:06.739,1788811206.739,7343,7,7,4406.19,4406.27,8.0,PASS_<=10c,+0.0,FLAT,+0.0,+0.0,3.1,+0.00,0.00,SLOW,4406.19,4406.19,4406.19,4406.19,0.00,0.00,0.0,BEARISH,0.0,4406.19,4406.19,4406.19,4406.19,6,ACTIVE_6s,1.0,0.0,0.0,0.0,0.0,0.0,0.0,PASS_<20%,0.00,0.0,NO,STANDBY_VEL_LOW,1,1321.86,3268.14,132.45,FALSE,M1_DIRECTION_MISMATCH|OPENING_SHIELD_ACTIVE_6s
2026-09-07 20:00:07.241,1788811207.241,7344,8,8,4406.19,4406.27,8.0,PASS_<=10c,+0.0,FLAT,+0.0,+0.0,3.2,+0.00,0.00,SLOW,4406.19,4406.19,4406.19,4406.19,0.00,0.00,0.0,BEARISH,0.0,4406.19,4406.19,4406.19,4406.19,7,ACTIVE_7s,1.0,0.0,0.0,0.0,0.0,0.0,0.0,PASS_<20%,0.00,0.0,NO,STANDBY_VEL_LOW,1,1321.86,3268.14,132.45,FALSE,M1_DIRECTION_MISMATCH|OPENING_SHIELD_ACTIVE_7s
2026-09-07 20:00:07.743,1788811207.744,7345,9,9,4406.19,4406.27,8.0,PASS_<=10c,+0.0,FLAT,+0.0,+0.0,4.4,+0.00,0.00,SLOW,4406.19,4406.19,4406.19,4406.19,0.00,0.00,0.0,BEARISH,0.0,4406.19,4406.19,4406.19,4406.19,7,ACTIVE_7s,1.0,0.0,0.0,0.0,0.0,0.0,0.0,PASS_<20%,0.00,0.0,NO,STANDBY_VEL_LOW,1,1321.86,3268.14,132.45,FALSE,M1_DIRECTION_MISMATCH|OPENING_SHIELD_ACTIVE_7s
2026-09-07 20:00:08.245,1788811208.246,7346,10,10,4406.19,4406.27,8.0,PASS_<=10c,+0.0,FLAT,+0.0,+0.0,4.4,+0.00,0.00,SLOW,4406.19,4406.19,4406.19,4406.19,0.00,0.00,0.0,BEARISH,0.0,4406.19,4406.19,4406.19,4406.19,8,ACTIVE_8s,1.0,0.0,0.0,0.0,0.0,0.0,0.0,PASS_<20%,0.00,0.0,NO,STANDBY_VEL_LOW,1,1321.86,3268.14,132.45,FALSE,M1_DIRECTION_MISMATCH|OPENING_SHIELD_ACTIVE_8s
2026-09-07 20:00:08.747,1788811208.747,7347,11,11,4406.19,4406.27,8.0,PASS_<=10c,+0.0,FLAT,+0.0,+0.0,4.3,+0.00,0.00,SLOW,4406.19,4406.19,4406.19,4406.19,0.00,0.00,0.0,BEARISH,0.0,4406.19,4406.19,4406.19,4406.19,8,ACTIVE_8s,1.0,0.0,0.0,0.0,0.0,0.0,0.0,PASS_<20%,0.00,0.0,NO,STANDBY_VEL_LOW,1,1321.86,3268.14,132.45,FALSE,M1_DIRECTION_MISMATCH|OPENING_SHIELD_ACTIVE_8s
2026-09-07 20:00:09.248,1788811209.249,7348,12,12,4406.19,4406.27,8.0,PASS_<=10c,+0.0,FLAT,+0.0,+0.0,4.2,+0.00,0.00,SLOW,4406.19,4406.19,4406.19,4406.19,0.00,0.00,0.0,BEARISH,0.0,4406.19,4406.19,4406.19,4406.19,9,ACTIVE_9s,1.0,0.0,0.0,0.0,0.0,0.0,0.0,PASS_<20%,0.00,0.0,NO,STANDBY_VEL_LOW,1,1321.86,3268.14,132.45,FALSE,M1_DIRECTION_MISMATCH|OPENING_SHIELD_ACTIVE_9s
2026-09-07 20:00:09.750,1788811209.751,7349,13,13,4406.19,4406.27,8.0,PASS_<=10c,+0.0,FLAT,+0.0,+69.0,4.2,+0.00,0.00,SLOW,4405.50,4406.54,4403.14,4406.23,0.00,0.00,0.0,BEARISH,340.0,4406.19,4406.19,4406.19,4406.19,9,ACTIVE_9s,1.0,0.0,0.0,0.0,0.0,0.0,0.0,PASS_<20%,0.00,0.0,NO,STANDBY_VEL_LOW,1,1321.86,3268.14,132.45,FALSE,M1_DIRECTION_MISMATCH|OPENING_SHIELD_ACTIVE_9s
2026-09-07 20:00:10.255,1788811210.256,7350,14,14,4406.19,4406.27,8.0,PASS_<=10c,+0.0,FLAT,+0.0,+69.0,4.2,+0.00,0.00,SLOW,4405.50,4406.54,4403.14,4406.23,0.00,0.00,0.0,BEARISH,340.0,4406.19,4406.19,4406.19,4406.19,10,ACTIVE_10s,1.0,0.0,0.0,0.0,0.0,0.0,0.0,PASS_<20%,0.00,0.0,NO,STANDBY_VEL_LOW,1,1321.86,3268.14,132.45,FALSE,M1_DIRECTION_MISMATCH|OPENING_SHIELD_ACTIVE_10s
2026-09-07 20:00:10.753,1788811210.754,7351,15,15,4406.19,4406.27,8.0,PASS_<=10c,+0.0,FLAT,+0.0,+69.0,4.2,+0.00,0.00,SLOW,4405.50,4406.54,4403.14,4406.23,0.00,0.00,0.0,BEARISH,340.0,4406.19,4406.19,4406.19,4406.19,10,ACTIVE_10s,1.0,0.0,0.0,0.0,0.0,0.0,0.0,PASS_<20%,0.00,0.0,NO,STANDBY_VEL_LOW,1,1321.86,3268.14,132.45,FALSE,M1_DIRECTION_MISMATCH|OPENING_SHIELD_ACTIVE_10s
2026-09-07 20:00:11.255,1788811211.255,7352,16,16,4406.19,4406.27,8.0,PASS_<=10c,+0.0,FLAT,+0.0,+69.0,4.2,+0.00,0.00,SLOW,4405.50,4406.54,4403.14,4406.23,0.00,0.00,0.0,BEARISH,340.0,4406.19,4406.19,4406.19,4406.19,11,ACTIVE_11s,1.0,0.0,0.0,0.0,0.0,0.0,0.0,PASS_<20%,0.00,0.0,NO,STANDBY_VEL_LOW,1,1321.86,3268.14,132.45,FALSE,M1_DIRECTION_MISMATCH|OPENING_SHIELD_ACTIVE_11s
2026-09-07 20:00:11.757,1788811211.758,7353,17,17,4406.19,4406.27,8.0,PASS_<=10c,+0.0,FLAT,+0.0,+69.0,4.2,+0.00,0.00,SLOW,4405.50,4406.54,4403.14,4406.23,0.00,0.00,0.0,BEARISH,340.0,4406.19,4406.19,4406.19,4406.19,11,ACTIVE_11s,1.0,0.0,0.0,0.0,0.0,0.0,0.0,PASS_<20%,0.00,0.0,NO,STANDBY_VEL_LOW,1,1321.86,3268.14,132.45,FALSE,M1_DIRECTION_MISMATCH|OPENING_SHIELD_ACTIVE_11s
2026-09-07 20:00:17.276,1788811217.276,7354,18,18,4406.19,4406.27,8.0,PASS_<=10c,+0.0,FLAT,+0.0,+69.0,1.5,+0.00,0.00,SLOW,4405.50,4406.54,4403.14,4406.23,0.00,0.00,0.0,BEARISH,340.0,4406.19,4406.19,4406.19,4406.19,17,ACTIVE_17s,1.0,0.0,0.0,0.0,0.0,0.0,0.0,PASS_<20%,0.00,0.0,NO,STANDBY_VEL_LOW,1,1321.86,3268.14,132.45,FALSE,M1_DIRECTION_MISMATCH|OPENING_SHIELD_ACTIVE_17s
2026-09-07 20:00:27.511,1788811227.511,7355,19,19,4406.19,4406.27,8.0,PASS_<=10c,+0.0,FLAT,+0.0,+69.0,1.3,+0.00,0.00,SLOW,4405.50,4406.54,4403.14,4406.23,0.00,0.00,0.0,BEARISH,340.0,4406.19,4406.19,4406.19,4406.19,27,CLEARED_>=20s,1.0,0.0,0.0,0.0,0.0,0.0,0.0,PASS_<20%,0.00,0.0,NO,STANDBY_VEL_LOW,1,1321.86,3268.14,132.45,FALSE,M1_DIRECTION_MISMATCH
2026-09-07 20:00:30.125,1788811230.125,7356,20,20,4406.19,4406.27,8.0,PASS_<=10c,+0.0,FLAT,+0.0,+69.0,1.3,+0.00,0.00,SLOW,4405.50,4406.54,4403.14,4406.23,0.00,0.00,0.0,BEARISH,340.0,4406.19,4406.19,4406.19,4406.19,30,CLEARED_>=20s,1.0,0.0,0.0,0.0,0.0,0.0,0.0,PASS_<20%,0.00,0.0,NO,STANDBY_VEL_LOW,1,1321.86,3268.14,132.45,FALSE,M1_DIRECTION_MISMATCH
2026-09-07 20:00:30.627,1788811230.628,7357,21,21,4406.19,4406.27,8.0,PASS_<=10c,+0.0,FLAT,+0.0,+69.0,1.6,+0.00,0.00,SLOW,4405.50,4406.54,4403.14,4406.23,0.00,0.00,0.0,BEARISH,340.0,4406.19,4406.19,4406.19,4406.19,30,CLEARED_>=20s,1.0,0.0,0.0,0.0,0.0,0.0,0.0,PASS_<20%,0.00,0.0,NO,STANDBY_VEL_LOW,1,1321.86,3268.14,132.45,FALSE,M1_DIRECTION_MISMATCH
2026-09-07 20:00:31.129,1788811231.129,7358,22,22,4406.19,4406.27,8.0,PASS_<=10c,+0.0,FLAT,+0.0,+69.0,1.9,+0.00,0.00,SLOW,4405.50,4406.54,4403.14,4406.23,0.00,0.00,0.0,BEARISH,340.0,4406.19,4406.19,4406.19,4406.19,31,CLEARED_>=20s,1.0,0.0,0.0,0.0,0.0,0.0,0.0,PASS_<20%,0.00,0.0,NO,STANDBY_VEL_LOW,1,1321.86,3268.14,132.45,FALSE,M1_DIRECTION_MISMATCH
2026-09-07 20:00:31.630,1788811231.631,7359,23,23,4406.19,4406.27,8.0,PASS_<=10c,+0.0,FLAT,+0.0,+69.0,2.2,+0.00,0.00,SLOW,4405.50,4406.54,4403.14,4406.23,0.00,0.00,0.0,BEARISH,340.0,4406.19,4406.19,4406.19,4406.19,31,CLEARED_>=20s,1.0,0.0,0.0,0.0,0.0,0.0,0.0,PASS_<20%,0.00,0.0,NO,STANDBY_VEL_LOW,1,1321.86,3268.14,132.45,FALSE,M1_DIRECTION_MISMATCH
2026-09-07 20:00:32.132,1788811232.132,7360,24,24,4406.19,4406.27,8.0,PASS_<=10c,+0.0,FLAT,+0.0,+69.0,2.4,+0.00,0.00,SLOW,4405.50,4406.54,4403.14,4406.23,0.00,0.00,0.0,BEARISH,340.0,4406.19,4406.19,4406.19,4406.19,32,CLEARED_>=20s,1.0,0.0,0.0,0.0,0.0,0.0,0.0,PASS_<20%,0.00,0.0,NO,STANDBY_VEL_LOW,1,1321.86,3268.14,132.45,FALSE,M1_DIRECTION_MISMATCH
2026-09-07 20:00:32.634,1788811232.634,7361,25,25,4406.19,4406.27,8.0,PASS_<=10c,+0.0,FLAT,+0.0,+69.0,4.6,+0.00,0.00,SLOW,4405.50,4406.54,4403.14,4406.23,0.00,0.00,0.0,BEARISH,340.0,4406.19,4406.19,4406.19,4406.19,32,CLEARED_>=20s,1.0,0.0,0.0,0.0,0.0,0.0,0.0,PASS_<20%,0.00,0.0,NO,STANDBY_VEL_LOW,1,1321.86,3268.14,132.45,FALSE,M1_DIRECTION_MISMATCH
2026-09-07 20:00:33.136,1788811233.137,7362,26,26,4406.19,4406.27,8.0,PASS_<=10c,+0.0,FLAT,+0.0,+69.0,4.5,+0.00,0.00,SLOW,4405.50,4406.54,4403.14,4406.23,0.00,0.00,0.0,BEARISH,340.0,4406.19,4406.19,4406.19,4406.19,33,CLEARED_>=20s,1.0,0.0,0.0,0.0,0.0,0.0,0.0,PASS_<20%,0.00,0.0,NO,STANDBY_VEL_LOW,1,1321.86,3268.14,132.45,FALSE,M1_DIRECTION_MISMATCH
2026-09-07 20:00:33.638,1788811233.639,7363,27,27,4406.19,4406.27,8.0,PASS_<=10c,+0.0,FLAT,+0.0,+69.0,4.4,+0.00,0.00,SLOW,4405.50,4406.54,4403.14,4406.23,0.00,0.00,0.0,BEARISH,340.0,4406.19,4406.19,4406.19,4406.19,33,CLEARED_>=20s,1.0,0.0,0.0,0.0,0.0,0.0,0.0,PASS_<20%,0.00,0.0,NO,STANDBY_VEL_LOW,1,1321.86,3268.14,132.45,FALSE,M1_DIRECTION_MISMATCH
2026-09-07 20:00:34.140,1788811234.141,7364,28,28,4406.19,4406.27,8.0,PASS_<=10c,+0.0,FLAT,+0.0,+69.0,4.4,+0.00,0.00,SLOW,4405.50,4406.54,4403.14,4406.23,0.00,0.00,0.0,BEARISH,340.0,4406.19,4406.19,4406.19,4406.19,34,CLEARED_>=20s,1.0,0.0,0.0,0.0,0.0,0.0,0.0,PASS_<20%,0.00,0.0,NO,STANDBY_VEL_LOW,1,1321.86,3268.14,132.45,FALSE,M1_DIRECTION_MISMATCH
2026-09-07 20:00:34.642,1788811234.642,7365,29,29,4406.19,4406.27,8.0,PASS_<=10c,+0.0,FLAT,+0.0,+69.0,4.3,+0.00,0.00,SLOW,4405.50,4406.54,4403.14,4406.23,0.00,0.00,0.0,BEARISH,340.0,4406.19,4406.19,4406.19,4406.19,34,CLEARED_>=20s,1.0,0.0,0.0,0.0,0.0,0.0,0.0,PASS_<20%,0.00,0.0,NO,STANDBY_VEL_LOW,1,1321.86,3268.14,132.45,FALSE,M1_DIRECTION_MISMATCH
2026-09-07 20:00:35.143,1788811235.144,7366,30,30,4406.19,4406.27,8.0,PASS_<=10c,+0.0,FLAT,+0.0,+69.0,4.2,+0.00,0.00,SLOW,4405.50,4406.54,4403.14,4406.23,0.00,0.00,0.0,BEARISH,340.0,4406.19,4406.19,4406.19,4406.19,35,CLEARED_>=20s,1.0,0.0,0.0,0.0,0.0,0.0,0.0,PASS_<20%,0.00,0.0,NO,STANDBY_VEL_LOW,1,1321.86,3268.14,132.45,FALSE,M1_DIRECTION_MISMATCH
2026-09-07 20:00:35.645,1788811235.646,7367,31,31,4406.19,4406.27,8.0,PASS_<=10c,+0.0,FLAT,+0.0,+69.0,4.2,+0.00,0.00,SLOW,4405.50,4406.54,4403.14,4406.23,0.00,0.00,0.0,BEARISH,340.0,4406.19,4406.19,4406.19,4406.19,35,CLEARED_>=20s,1.0,0.0,0.0,0.0,0.0,0.0,0.0,PASS_<20%,0.00,0.0,NO,STANDBY_VEL_LOW,1,1321.86,3268.14,132.45,FALSE,M1_DIRECTION_MISMATCH
2026-09-07 20:00:36.147,1788811236.147,7368,32,32,4406.19,4406.27,8.0,PASS_<=10c,+0.0,FLAT,+0.0,+69.0,4.2,+0.00,0.00,SLOW,4405.50,4406.54,4403.14,4406.23,0.00,0.00,0.0,BEARISH,340.0,4406.19,4406.19,4406.19,4406.19,36,CLEARED_>=20s,1.0,0.0,0.0,0.0,0.0,0.0,0.0,PASS_<20%,0.00,0.0,NO,STANDBY_VEL_LOW,1,1321.86,3268.14,132.45,FALSE,M1_DIRECTION_MISMATCH
2026-09-07 20:00:36.649,1788811236.649,7369,33,33,4406.19,4406.27,8.0,PASS_<=10c,+0.0,FLAT,+0.0,+69.0,4.2,+0.00,0.00,SLOW,4405.50,4406.54,4403.14,4406.23,0.00,0.00,0.0,BEARISH,340.0,4406.19,4406.19,4406.19,4406.19,36,CLEARED_>=20s,1.0,0.0,0.0,0.0,0.0,0.0,0.0,PASS_<20%,0.00,0.0,NO,STANDBY_VEL_LOW,1,1321.86,3268.14,132.45,FALSE,M1_DIRECTION_MISMATCH
2026-09-07 20:00:37.150,1788811237.151,7370,34,34,4406.19,4406.27,8.0,PASS_<=10c,+0.0,FLAT,+0.0,+69.0,4.2,+0.00,0.00,SLOW,4405.50,4406.54,4403.14,4406.23,0.00,0.00,0.0,BEARISH,340.0,4406.19,4406.19,4406.19,4406.19,37,CLEARED_>=20s,1.0,0.0,0.0,0.0,0.0,0.0,0.0,PASS_<20%,0.00,0.0,NO,STANDBY_VEL_LOW,1,1321.86,3268.14,132.45,FALSE,M1_DIRECTION_MISMATCH
2026-09-07 20:00:37.654,1788811237.654,7371,35,35,4406.19,4406.27,8.0,PASS_<=10c,+0.0,FLAT,+0.0,+69.0,4.2,+0.00,0.00,SLOW,4405.50,4406.54,4403.14,4406.23,0.00,0.00,0.0,BEARISH,340.0,4406.19,4406.19,4406.19,4406.19,37,CLEARED_>=20s,1.0,0.0,0.0,0.0,0.0,0.0,0.0,PASS_<20%,0.00,0.0,NO,STANDBY_VEL_LOW,1,1321.86,3268.14,132.45,FALSE,M1_DIRECTION_MISMATCH
2026-09-07 20:00:38.154,1788811238.155,7372,36,36,4406.19,4406.27,8.0,PASS_<=10c,+0.0,FLAT,+0.0,+69.0,4.2,+0.00,0.00,SLOW,4405.50,4406.54,4403.14,4406.23,0.00,0.00,0.0,BEARISH,340.0,4406.19,4406.19,4406.19,4406.19,38,CLEARED_>=20s,1.0,0.0,0.0,0.0,0.0,0.0,0.0,PASS_<20%,0.00,0.0,NO,STANDBY_VEL_LOW,1,1321.86,3268.14,132.45,FALSE,M1_DIRECTION_MISMATCH
2026-09-07 20:00:48.536,1788811248.536,7373,37,37,4406.19,4406.27,8.0,PASS_<=10c,+0.0,FLAT,+0.0,+69.0,1.3,+0.00,0.00,SLOW,4405.50,4406.54,4403.14,4406.23,0.00,0.00,0.0,BEARISH,340.0,4406.19,4406.19,4406.19,4406.19,48,CLEARED_>=20s,1.0,0.0,0.0,0.0,0.0,0.0,0.0,PASS_<20%,0.00,0.0,NO,STANDBY_VEL_LOW,1,1321.86,3268.14,132.45,FALSE,M1_DIRECTION_MISMATCH
2026-09-07 20:00:53.555,1788811253.556,7374,38,38,4406.19,4406.27,8.0,PASS_<=10c,+0.0,FLAT,+0.0,+69.0,2.0,+0.00,0.00,SLOW,4405.50,4406.54,4403.14,4406.23,0.00,0.00,0.0,BEARISH,340.0,4406.19,4406.19,4406.19,4406.19,53,CLEARED_>=20s,1.0,0.0,0.0,0.0,0.0,0.0,0.0,PASS_<20%,0.00,0.0,NO,STANDBY_VEL_LOW,1,1321.86,3268.14,132.45,FALSE,M1_DIRECTION_MISMATCH
2026-09-07 20:00:54.057,1788811254.058,7375,39,39,4406.19,4406.27,8.0,PASS_<=10c,+0.0,FLAT,+0.0,+69.0,4.0,+0.00,0.00,SLOW,4405.50,4406.54,4403.14,4406.23,0.00,0.00,0.0,BEARISH,340.0,4406.19,4406.19,4406.19,4406.19,54,CLEARED_>=20s,1.0,0.0,0.0,0.0,0.0,0.0,0.0,PASS_<20%,0.00,0.0,NO,STANDBY_VEL_LOW,1,1321.86,3268.14,132.45,FALSE,M1_DIRECTION_MISMATCH
2026-09-07 20:00:54.559,1788811254.559,7376,40,40,4406.19,4406.27,8.0,PASS_<=10c,+0.0,FLAT,+0.0,+69.0,5.4,+0.00,0.00,SLOW,4405.50,4406.54,4403.14,4406.23,0.00,0.00,0.0,BEARISH,340.0,4406.19,4406.19,4406.19,4406.19,54,CLEARED_>=20s,1.0,0.0,0.0,0.0,0.0,0.0,0.0,PASS_<20%,0.00,0.0,NO,STANDBY_VEL_LOW,1,1321.86,3268.14,132.45,FALSE,M1_DIRECTION_MISMATCH
2026-09-07 20:00:55.060,1788811255.061,7377,41,41,4406.19,4406.27,8.0,PASS_<=10c,+0.0,FLAT,+0.0,+69.0,5.0,+0.00,0.00,SLOW,4405.50,4406.54,4403.14,4406.23,0.00,0.00,0.0,BEARISH,340.0,4406.19,4406.19,4406.19,4406.19,55,CLEARED_>=20s,1.0,0.0,0.0,0.0,0.0,0.0,0.0,PASS_<20%,0.00,0.0,NO,STANDBY_VEL_LOW,1,1321.86,3268.14,132.45,FALSE,M1_DIRECTION_MISMATCH
2026-09-07 20:00:55.563,1788811255.563,7378,42,42,4406.19,4406.27,8.0,PASS_<=10c,+0.0,FLAT,+0.0,+69.0,4.7,+0.00,0.00,SLOW,4405.50,4406.54,4403.14,4406.23,0.00,0.00,0.0,BEARISH,340.0,4406.19,4406.19,4406.19,4406.19,55,CLEARED_>=20s,1.0,0.0,0.0,0.0,0.0,0.0,0.0,PASS_<20%,0.00,0.0,NO,STANDBY_VEL_LOW,1,1321.86,3268.14,132.45,FALSE,M1_DIRECTION_MISMATCH
2026-09-07 20:00:56.064,1788811256.065,7379,43,43,4406.19,4406.27,8.0,PASS_<=10c,+0.0,FLAT,+0.0,+69.0,4.6,+0.00,0.00,SLOW,4405.50,4406.54,4403.14,4406.23,0.00,0.00,0.0,BEARISH,340.0,4406.19,4406.19,4406.19,4406.19,56,CLEARED_>=20s,1.0,0.0,0.0,0.0,0.0,0.0,0.0,PASS_<20%,0.00,0.0,NO,STANDBY_VEL_LOW,1,1321.86,3268.14,132.45,FALSE,M1_DIRECTION_MISMATCH
2026-09-07 20:00:56.566,1788811256.567,7380,44,44,4406.19,4406.27,8.0,PASS_<=10c,+0.0,FLAT,+0.0,+69.0,4.5,+0.00,0.00,SLOW,4405.50,4406.54,4403.14,4406.23,0.00,0.00,0.0,BEARISH,340.0,4406.19,4406.19,4406.19,4406.19,56,CLEARED_>=20s,1.0,0.0,0.0,0.0,0.0,0.0,0.0,PASS_<20%,0.00,0.0,NO,STANDBY_VEL_LOW,1,1321.86,3268.14,132.45,FALSE,M1_DIRECTION_MISMATCH
2026-09-07 20:00:57.068,1788811257.069,7381,45,45,4406.19,4406.27,8.0,PASS_<=10c,+0.0,FLAT,+0.0,+69.0,4.4,+0.00,0.00,SLOW,4405.50,4406.54,4403.14,4406.23,0.00,0.00,0.0,BEARISH,340.0,4406.19,4406.19,4406.19,4406.19,57,CLEARED_>=20s,1.0,0.0,0.0,0.0,0.0,0.0,0.0,PASS_<20%,0.00,0.0,NO,STANDBY_VEL_LOW,1,1321.86,3268.14,132.45,FALSE,M1_DIRECTION_MISMATCH
2026-09-07 20:00:57.572,1788811257.572,7382,46,46,4406.19,4406.27,8.0,PASS_<=10c,+0.0,FLAT,+0.0,+69.0,4.4,+0.00,0.00,SLOW,4405.50,4406.54,4403.14,4406.23,0.00,0.00,0.0,BEARISH,340.0,4406.19,4406.19,4406.19,4406.19,57,CLEARED_>=20s,1.0,0.0,0.0,0.0,0.0,0.0,0.0,PASS_<20%,0.00,0.0,NO,STANDBY_VEL_LOW,1,1321.86,3268.14,132.45,FALSE,M1_DIRECTION_MISMATCH
2026-09-07 20:00:58.073,1788811258.074,7383,47,47,4406.19,4406.27,8.0,PASS_<=10c,+0.0,FLAT,+0.0,+69.0,4.3,+0.00,0.00,SLOW,4405.50,4406.54,4403.14,4406.23,0.00,0.00,0.0,BEARISH,340.0,4406.19,4406.19,4406.19,4406.19,58,CLEARED_>=20s,1.0,0.0,0.0,0.0,0.0,0.0,0.0,PASS_<20%,0.00,0.0,NO,STANDBY_VEL_LOW,1,1321.86,3268.14,132.45,FALSE,M1_DIRECTION_MISMATCH
2026-09-07 20:00:58.575,1788811258.575,7384,48,48,4406.19,4406.27,8.0,PASS_<=10c,+0.0,FLAT,+0.0,+69.0,4.2,+0.00,0.00,SLOW,4405.50,4406.54,4403.14,4406.23,0.00,0.00,0.0,BEARISH,340.0,4406.19,4406.19,4406.19,4406.19,58,CLEARED_>=20s,1.0,0.0,0.0,0.0,0.0,0.0,0.0,PASS_<20%,0.00,0.0,NO,STANDBY_VEL_LOW,1,1321.86,3268.14,132.45,FALSE,M1_DIRECTION_MISMATCH
2026-09-07 20:00:59.078,1788811259.079,7385,49,49,4406.19,4406.27,8.0,PASS_<=10c,+0.0,FLAT,+0.0,+69.0,4.2,+0.00,0.00,SLOW,4405.50,4406.54,4403.14,4406.23,0.00,0.00,0.0,BEARISH,340.0,4406.19,4406.19,4406.19,4406.19,59,CLEARED_>=20s,1.0,0.0,0.0,0.0,0.0,0.0,0.0,PASS_<20%,0.00,0.0,NO,STANDBY_VEL_LOW,1,1321.86,3268.14,132.45,FALSE,M1_DIRECTION_MISMATCH
2026-09-07 20:00:59.579,1788811259.579,7386,50,50,4406.19,4406.27,8.0,PASS_<=10c,+0.0,FLAT,+0.0,+69.0,4.2,+0.00,0.00,SLOW,4405.50,4406.54,4403.14,4406.23,0.00,0.00,0.0,BEARISH,340.0,4406.19,4406.19,4406.19,4406.19,59,CLEARED_>=20s,1.0,0.0,0.0,0.0,0.0,0.0,0.0,PASS_<20%,0.00,0.0,NO,STANDBY_VEL_LOW,1,1321.86,3268.14,132.45,FALSE,M1_DIRECTION_MISMATCH
2026-09-07 20:01:00.080,1788811260.081,7387,1,51,4406.19,4406.27,8.0,PASS_<=10c,+0.0,FLAT,+0.0,+69.0,4.2,+0.00,0.00,SLOW,4405.50,4406.54,4403.14,4406.23,0.00,0.00,0.0,BEARISH,340.0,4406.19,4406.19,4406.19,4406.19,0,ACTIVE_0s,1.0,0.0,0.0,0.0,0.0,0.0,0.0,PASS_<20%,0.00,0.0,NO,STANDBY_VEL_LOW,1,1321.86,3268.14,132.45,FALSE,M1_DIRECTION_MISMATCH|OPENING_SHIELD_ACTIVE_0s
2026-09-07 20:01:00.582,1788811260.583,7388,2,52,4406.19,4406.27,8.0,PASS_<=10c,+0.0,FLAT,+0.0,+69.0,4.2,+0.00,0.00,SLOW,4405.50,4406.54,4403.14,4406.23,0.00,0.00,0.0,BEARISH,340.0,4406.19,4406.19,4406.19,4406.19,0,ACTIVE_0s,1.0,0.0,0.0,0.0,0.0,0.0,0.0,PASS_<20%,0.00,0.0,NO,STANDBY_VEL_LOW,1,1321.86,3268.14,132.45,FALSE,M1_DIRECTION_MISMATCH|OPENING_SHIELD_ACTIVE_0s
2026-09-07 20:01:01.084,1788811261.085,7389,3,53,4406.19,4406.27,8.0,PASS_<=10c,+0.0,FLAT,+0.0,+69.0,4.2,+0.00,0.00,SLOW,4405.50,4406.54,4403.14,4406.23,0.00,0.00,0.0,BEARISH,340.0,4406.19,4406.19,4406.19,4406.19,1,ACTIVE_1s,1.0,0.0,0.0,0.0,0.0,0.0,0.0,PASS_<20%,0.00,0.0,NO,STANDBY_VEL_LOW,1,1321.86,3268.14,132.45,FALSE,M1_DIRECTION_MISMATCH|OPENING_SHIELD_ACTIVE_1s
2026-09-07 20:01:06.605,1788811266.606,7390,4,54,4406.19,4406.27,8.0,PASS_<=10c,+0.0,FLAT,+0.0,+69.0,1.6,+0.00,0.00,SLOW,4405.50,4406.54,4403.14,4406.23,0.00,0.00,0.0,BEARISH,340.0,4406.19,4406.19,4406.19,4406.19,6,ACTIVE_6s,1.0,0.0,0.0,0.0,0.0,0.0,0.0,PASS_<20%,0.00,0.0,NO,STANDBY_VEL_LOW,1,1321.86,3268.14,132.45,FALSE,M1_DIRECTION_MISMATCH|OPENING_SHIELD_ACTIVE_6s
2026-09-07 20:01:16.843,1788811276.844,7391,5,55,4406.19,4406.27,8.0,PASS_<=10c,+0.0,FLAT,+0.0,+69.0,1.3,+0.00,0.00,SLOW,4405.50,4406.54,4403.14,4406.23,0.00,0.00,0.0,BEARISH,340.0,4406.19,4406.19,4406.19,4406.19,16,ACTIVE_16s,1.0,0.0,0.0,0.0,0.0,0.0,0.0,PASS_<20%,0.00,0.0,NO,STANDBY_VEL_LOW,1,1321.86,3268.14,132.45,FALSE,M1_DIRECTION_MISMATCH|OPENING_SHIELD_ACTIVE_16s
2026-09-07 20:01:17.851,1788811277.852,7392,6,56,4406.19,4406.27,8.0,PASS_<=10c,+0.0,FLAT,+0.0,+69.0,3.0,+0.00,0.00,SLOW,4405.50,4406.54,4403.14,4406.23,0.00,0.00,0.0,BEARISH,340.0,4406.19,4406.19,4406.19,4406.19,17,ACTIVE_17s,1.0,0.0,0.0,0.0,0.0,0.0,0.0,PASS_<20%,0.00,0.0,NO,STANDBY_VEL_LOW,1,1321.86,3268.14,132.45,FALSE,M1_DIRECTION_MISMATCH|OPENING_SHIELD_ACTIVE_17s
2026-09-07 20:01:18.353,1788811278.353,7393,7,57,4406.19,4406.27,8.0,PASS_<=10c,+0.0,FLAT,+0.0,+69.0,3.3,+0.00,0.00,SLOW,4405.50,4406.54,4403.14,4406.23,0.00,0.00,0.0,BEARISH,340.0,4406.19,4406.19,4406.19,4406.19,18,ACTIVE_18s,1.0,0.0,0.0,0.0,0.0,0.0,0.0,PASS_<20%,0.00,0.0,NO,STANDBY_VEL_LOW,1,1321.86,3268.14,132.45,FALSE,M1_DIRECTION_MISMATCH|OPENING_SHIELD_ACTIVE_18s
2026-09-07 20:01:18.855,1788811278.855,7394,8,58,4406.19,4406.27,8.0,PASS_<=10c,+0.0,FLAT,+0.0,+69.0,3.5,+0.00,0.00,SLOW,4405.50,4406.54,4403.14,4406.23,0.00,0.00,0.0,BEARISH,340.0,4406.19,4406.19,4406.19,4406.19,18,ACTIVE_18s,1.0,0.0,0.0,0.0,0.0,0.0,0.0,PASS_<20%,0.00,0.0,NO,STANDBY_VEL_LOW,1,1321.86,3268.14,132.45,FALSE,M1_DIRECTION_MISMATCH|OPENING_SHIELD_ACTIVE_18s
2026-09-07 20:01:19.356,1788811279.357,7395,9,59,4406.19,4406.27,8.0,PASS_<=10c,+0.0,FLAT,+0.0,+69.0,3.6,+0.00,0.00,SLOW,4405.50,4406.54,4403.14,4406.23,0.00,0.00,0.0,BEARISH,340.0,4406.19,4406.19,4406.19,4406.19,19,ACTIVE_19s,1.0,0.0,0.0,0.0,0.0,0.0,0.0,PASS_<20%,0.00,0.0,NO,STANDBY_VEL_LOW,1,1321.86,3268.14,132.45,FALSE,M1_DIRECTION_MISMATCH|OPENING_SHIELD_ACTIVE_19s
2026-09-07 20:01:19.858,1788811279.859,7396,10,60,4406.19,4406.27,8.0,PASS_<=10c,+0.0,FLAT,+0.0,+69.0,3.6,+0.00,0.00,SLOW,4405.50,4406.54,4403.14,4406.23,0.00,0.00,0.0,BEARISH,340.0,4406.19,4406.19,4406.19,4406.19,19,ACTIVE_19s,1.0,0.0,0.0,0.0,0.0,0.0,0.0,PASS_<20%,0.00,0.0,NO,STANDBY_VEL_LOW,1,1321.86,3268.14,132.45,FALSE,M1_DIRECTION_MISMATCH|OPENING_SHIELD_ACTIVE_19s
2026-09-07 20:01:20.358,1788811280.359,7397,11,61,4406.19,4406.27,8.0,PASS_<=10c,+0.0,FLAT,+0.0,+69.0,3.7,+0.00,0.00,SLOW,4405.50,4406.54,4403.14,4406.23,0.00,0.00,0.0,BEARISH,340.0,4406.19,4406.19,4406.19,4406.19,20,CLEARED_>=20s,1.0,0.0,0.0,0.0,0.0,0.0,0.0,PASS_<20%,0.00,0.0,NO,STANDBY_VEL_LOW,1,1321.86,3268.14,132.45,FALSE,M1_DIRECTION_MISMATCH
2026-09-07 20:01:20.862,1788811280.862,7398,12,62,4406.19,4406.27,8.0,PASS_<=10c,+0.0,FLAT,+0.0,+69.0,3.7,+0.00,0.00,SLOW,4405.50,4406.54,4403.14,4406.23,0.00,0.00,0.0,BEARISH,340.0,4406.19,4406.19,4406.19,4406.19,20,CLEARED_>=20s,1.0,0.0,0.0,0.0,0.0,0.0,0.0,PASS_<20%,0.00,0.0,NO,STANDBY_VEL_LOW,1,1321.86,3268.14,132.45,FALSE,M1_DIRECTION_MISMATCH
2026-09-07 20:01:21.362,1788811281.362,7399,13,63,4406.19,4406.27,8.0,PASS_<=10c,+0.0,FLAT,+0.0,+69.0,3.8,+0.00,0.00,SLOW,4405.50,4406.54,4403.14,4406.23,0.00,0.00,0.0,BEARISH,340.0,4406.19,4406.19,4406.19,4406.19,21,CLEARED_>=20s,1.0,0.0,0.0,0.0,0.0,0.0,0.0,PASS_<20%,0.00,0.0,NO,STANDBY_VEL_LOW,1,1321.86,3268.14,132.45,FALSE,M1_DIRECTION_MISMATCH
2026-09-07 20:01:21.864,1788811281.864,7400,14,64,4406.19,4406.27,8.0,PASS_<=10c,+0.0,FLAT,+0.0,+69.0,4.4,+0.00,0.00,SLOW,4405.50,4406.54,4403.14,4406.23,0.00,0.00,0.0,BEARISH,340.0,4406.19,4406.19,4406.19,4406.19,21,CLEARED_>=20s,1.0,0.0,0.0,0.0,0.0,0.0,0.0,PASS_<20%,0.00,0.0,NO,STANDBY_VEL_LOW,1,1321.86,3268.14,132.45,FALSE,M1_DIRECTION_MISMATCH
2026-09-07 20:01:22.366,1788811282.366,7401,15,65,4406.19,4406.27,8.0,PASS_<=10c,+0.0,FLAT,+0.0,+69.0,4.3,+0.00,0.00,SLOW,4405.50,4406.54,4403.14,4406.23,0.00,0.00,0.0,BEARISH,340.0,4406.19,4406.19,4406.19,4406.19,22,CLEARED_>=20s,1.0,0.0,0.0,0.0,0.0,0.0,0.0,PASS_<20%,0.00,0.0,NO,STANDBY_VEL_LOW,1,1321.86,3268.14,132.45,FALSE,M1_DIRECTION_MISMATCH
2026-09-07 20:01:22.868,1788811282.868,7402,16,66,4406.19,4406.27,8.0,PASS_<=10c,+0.0,FLAT,+0.0,+69.0,4.2,+0.00,0.00,SLOW,4405.50,4406.54,4403.14,4406.23,0.00,0.00,0.0,BEARISH,340.0,4406.19,4406.19,4406.19,4406.19,22,CLEARED_>=20s,1.0,0.0,0.0,0.0,0.0,0.0,0.0,PASS_<20%,0.00,0.0,NO,STANDBY_VEL_LOW,1,1321.86,3268.14,132.45,FALSE,M1_DIRECTION_MISMATCH
2026-09-07 20:01:23.397,1788811283.398,7403,17,67,4406.19,4406.27,8.0,PASS_<=10c,+0.0,FLAT,+0.0,+69.0,4.2,+0.00,0.00,SLOW,4405.50,4405.50,4401.59,4404.35,0.00,0.00,0.0,BULLISH,391.0,4406.19,4406.19,4406.19,4406.19,23,CLEARED_>=20s,1.0,0.0,0.0,0.0,0.0,0.0,0.0,PASS_<20%,0.00,0.0,NO,STANDBY_VEL_LOW,1,1321.86,3268.14,132.45,FALSE,M1_DIRECTION_MISMATCH
2026-09-07 20:01:23.878,1788811283.879,7404,18,68,4406.19,4406.27,8.0,PASS_<=10c,+0.0,FLAT,+0.0,+69.0,4.2,+0.00,0.00,SLOW,4405.50,4406.54,4403.14,4406.23,0.00,0.00,0.0,BEARISH,340.0,4406.19,4406.19,4406.19,4406.19,23,CLEARED_>=20s,1.0,0.0,0.0,0.0,0.0,0.0,0.0,PASS_<20%,0.00,0.0,NO,STANDBY_VEL_LOW,1,1321.86,3268.14,132.45,FALSE,M1_DIRECTION_MISMATCH
2026-09-07 20:01:24.379,1788811284.380,7405,19,69,4406.19,4406.27,8.0,PASS_<=10c,+0.0,FLAT,+0.0,+69.0,4.2,+0.00,0.00,SLOW,4405.50,4406.54,4403.14,4406.23,0.00,0.00,0.0,BEARISH,340.0,4406.19,4406.19,4406.19,4406.19,24,CLEARED_>=20s,1.0,0.0,0.0,0.0,0.0,0.0,0.0,PASS_<20%,0.00,0.0,NO,STANDBY_VEL_LOW,1,1321.86,3268.14,132.45,FALSE,M1_DIRECTION_MISMATCH
2026-09-07 20:01:24.881,1788811284.882,7406,20,70,4406.19,4406.27,8.0,PASS_<=10c,+0.0,FLAT,+0.0,+69.0,4.2,+0.00,0.00,SLOW,4405.50,4406.54,4403.14,4406.23,0.00,0.00,0.0,BEARISH,340.0,4406.19,4406.19,4406.19,4406.19,24,CLEARED_>=20s,1.0,0.0,0.0,0.0,0.0,0.0,0.0,PASS_<20%,0.00,0.0,NO,STANDBY_VEL_LOW,1,1321.86,3268.14,132.45,FALSE,M1_DIRECTION_MISMATCH
2026-09-07 20:01:25.382,1788811285.382,7407,21,71,4406.19,4406.27,8.0,PASS_<=10c,+0.0,FLAT,+0.0,+69.0,4.2,+0.00,0.00,SLOW,4405.50,4406.54,4403.14,4406.23,0.00,0.00,0.0,BEARISH,340.0,4406.19,4406.19,4406.19,4406.19,25,CLEARED_>=20s,1.0,0.0,0.0,0.0,0.0,0.0,0.0,PASS_<20%,0.00,0.0,NO,STANDBY_VEL_LOW,1,1321.86,3268.14,132.45,FALSE,M1_DIRECTION_MISMATCH
2026-09-07 20:01:30.899,1788811290.900,7408,22,72,4406.19,4406.27,8.0,PASS_<=10c,+0.0,FLAT,+0.0,+69.0,1.7,+0.00,0.00,SLOW,4405.50,4406.54,4403.14,4406.23,0.00,0.00,0.0,BEARISH,340.0,4406.19,4406.19,4406.19,4406.19,30,CLEARED_>=20s,1.0,0.0,0.0,0.0,0.0,0.0,0.0,PASS_<20%,0.00,0.0,NO,STANDBY_VEL_LOW,1,1321.86,3268.14,132.45,FALSE,M1_DIRECTION_MISMATCH
2026-09-07 20:01:41.137,1788811301.138,7409,23,73,4406.19,4406.27,8.0,PASS_<=10c,+0.0,FLAT,+0.0,+69.0,1.3,+0.00,0.00,SLOW,4405.50,4406.54,4403.14,4406.23,0.00,0.00,0.0,BEARISH,340.0,4406.19,4406.19,4406.19,4406.19,41,CLEARED_>=20s,1.0,0.0,0.0,0.0,0.0,0.0,0.0,PASS_<20%,0.00,0.0,NO,STANDBY_VEL_LOW,1,1321.86,3268.14,132.45,FALSE,M1_DIRECTION_MISMATCH
2026-09-07 20:01:42.949,1788811302.949,7410,24,74,4406.19,4406.27,8.0,PASS_<=10c,+0.0,FLAT,+0.0,+69.0,1.7,+0.00,0.00,SLOW,4405.50,4406.54,4403.14,4406.23,0.00,0.00,0.0,BEARISH,340.0,4406.19,4406.19,4406.19,4406.19,42,CLEARED_>=20s,1.0,0.0,0.0,0.0,0.0,0.0,0.0,PASS_<20%,0.00,0.0,NO,STANDBY_VEL_LOW,1,1321.86,3268.14,132.45,FALSE,M1_DIRECTION_MISMATCH
2026-09-07 20:01:43.451,1788811303.452,7411,25,75,4406.19,4406.27,8.0,PASS_<=10c,+0.0,FLAT,+0.0,+69.0,2.2,+0.00,0.00,SLOW,4405.50,4406.54,4403.14,4406.23,0.00,0.00,0.0,BEARISH,340.0,4406.19,4406.19,4406.19,4406.19,43,CLEARED_>=20s,1.0,0.0,0.0,0.0,0.0,0.0,0.0,PASS_<20%,0.00,0.0,NO,STANDBY_VEL_LOW,1,1321.86,3268.14,132.45,FALSE,M1_DIRECTION_MISMATCH
2026-09-07 20:01:43.953,1788811303.953,7412,26,76,4406.19,4406.27,8.0,PASS_<=10c,+0.0,FLAT,+0.0,+69.0,2.5,+0.00,0.00,SLOW,4405.50,4406.54,4403.14,4406.23,0.00,0.00,0.0,BEARISH,340.0,4406.19,4406.19,4406.19,4406.19,43,CLEARED_>=20s,1.0,0.0,0.0,0.0,0.0,0.0,0.0,PASS_<20%,0.00,0.0,NO,STANDBY_VEL_LOW,1,1321.86,3268.14,132.45,FALSE,M1_DIRECTION_MISMATCH
2026-09-07 20:01:44.454,1788811304.455,7413,27,77,4406.19,4406.27,8.0,PASS_<=10c,+0.0,FLAT,+0.0,+69.0,2.7,+0.00,0.00,SLOW,4405.50,4406.54,4403.14,4406.23,0.00,0.00,0.0,BEARISH,340.0,4406.19,4406.19,4406.19,4406.19,44,CLEARED_>=20s,1.0,0.0,0.0,0.0,0.0,0.0,0.0,PASS_<20%,0.00,0.0,NO,STANDBY_VEL_LOW,1,1321.86,3268.14,132.45,FALSE,M1_DIRECTION_MISMATCH
2026-09-07 20:01:44.956,1788811304.956,7414,28,78,4406.19,4406.27,8.0,PASS_<=10c,+0.0,FLAT,+0.0,+69.0,2.9,+0.00,0.00,SLOW,4405.50,4406.54,4403.14,4406.23,0.00,0.00,0.0,BEARISH,340.0,4406.19,4406.19,4406.19,4406.19,44,CLEARED_>=20s,1.0,0.0,0.0,0.0,0.0,0.0,0.0,PASS_<20%,0.00,0.0,NO,STANDBY_VEL_LOW,1,1321.86,3268.14,132.45,FALSE,M1_DIRECTION_MISMATCH
2026-09-07 20:01:45.457,1788811305.458,7415,29,79,4406.19,4406.27,8.0,PASS_<=10c,+0.0,FLAT,+0.0,+69.0,3.0,+0.00,0.00,SLOW,4405.50,4406.54,4403.14,4406.23,0.00,0.00,0.0,BEARISH,340.0,4406.19,4406.19,4406.19,4406.19,45,CLEARED_>=20s,1.0,0.0,0.0,0.0,0.0,0.0,0.0,PASS_<20%,0.00,0.0,NO,STANDBY_VEL_LOW,1,1321.86,3268.14,132.45,FALSE,M1_DIRECTION_MISMATCH
2026-09-07 20:01:45.959,1788811305.959,7416,30,80,4406.19,4406.27,8.0,PASS_<=10c,+0.0,FLAT,+0.0,+69.0,3.1,+0.00,0.00,SLOW,4405.50,4406.54,4403.14,4406.23,0.00,0.00,0.0,BEARISH,340.0,4406.19,4406.19,4406.19,4406.19,45,CLEARED_>=20s,1.0,0.0,0.0,0.0,0.0,0.0,0.0,PASS_<20%,0.00,0.0,NO,STANDBY_VEL_LOW,1,1321.86,3268.14,132.45,FALSE,M1_DIRECTION_MISMATCH
2026-09-07 20:01:46.460,1788811306.461,7417,31,81,4406.19,4406.27,8.0,PASS_<=10c,+0.0,FLAT,+0.0,+69.0,4.4,+0.00,0.00,SLOW,4405.50,4406.54,4403.14,4406.23,0.00,0.00,0.0,BEARISH,340.0,4406.19,4406.19,4406.19,4406.19,46,CLEARED_>=20s,1.0,0.0,0.0,0.0,0.0,0.0,0.0,PASS_<20%,0.00,0.0,NO,STANDBY_VEL_LOW,1,1321.86,3268.14,132.45,FALSE,M1_DIRECTION_MISMATCH
2026-09-07 20:01:46.966,1788811306.967,7418,32,82,4406.19,4406.27,8.0,PASS_<=10c,+0.0,FLAT,+0.0,+69.0,4.4,+0.00,0.00,SLOW,4405.50,4406.54,4403.14,4406.23,0.00,0.00,0.0,BEARISH,340.0,4406.19,4406.19,4406.19,4406.19,46,CLEARED_>=20s,1.0,0.0,0.0,0.0,0.0,0.0,0.0,PASS_<20%,0.00,0.0,NO,STANDBY_VEL_LOW,1,1321.86,3268.14,132.45,FALSE,M1_DIRECTION_MISMATCH
2026-09-07 20:01:47.464,1788811307.464,7419,33,83,4406.19,4406.27,8.0,PASS_<=10c,+0.0,FLAT,+0.0,+69.0,4.3,+0.00,0.00,SLOW,4405.50,4406.54,4403.14,4406.23,0.00,0.00,0.0,BEARISH,340.0,4406.19,4406.19,4406.19,4406.19,47,CLEARED_>=20s,1.0,0.0,0.0,0.0,0.0,0.0,0.0,PASS_<20%,0.00,0.0,NO,STANDBY_VEL_LOW,1,1321.86,3268.14,132.45,FALSE,M1_DIRECTION_MISMATCH
2026-09-07 20:01:47.966,1788811307.966,7420,34,84,4406.19,4406.27,8.0,PASS_<=10c,+0.0,FLAT,+0.0,+69.0,4.2,+0.00,0.00,SLOW,4405.50,4406.54,4403.14,4406.23,0.00,0.00,0.0,BEARISH,340.0,4406.19,4406.19,4406.19,4406.19,47,CLEARED_>=20s,1.0,0.0,0.0,0.0,0.0,0.0,0.0,PASS_<20%,0.00,0.0,NO,STANDBY_VEL_LOW,1,1321.86,3268.14,132.45,FALSE,M1_DIRECTION_MISMATCH
2026-09-07 20:01:48.467,1788811308.467,7421,35,85,4406.19,4406.27,8.0,PASS_<=10c,+0.0,FLAT,+0.0,+69.0,4.2,+0.00,0.00,SLOW,4405.50,4406.54,4403.14,4406.23,0.00,0.00,0.0,BEARISH,340.0,4406.19,4406.19,4406.19,4406.19,48,CLEARED_>=20s,1.0,0.0,0.0,0.0,0.0,0.0,0.0,PASS_<20%,0.00,0.0,NO,STANDBY_VEL_LOW,1,1321.86,3268.14,132.45,FALSE,M1_DIRECTION_MISMATCH
2026-09-07 20:01:48.968,1788811308.969,7422,36,86,4406.19,4406.27,8.0,PASS_<=10c,+0.0,FLAT,+0.0,+69.0,4.2,+0.00,0.00,SLOW,4405.50,4406.54,4403.14,4406.23,0.00,0.00,0.0,BEARISH,340.0,4406.19,4406.19,4406.19,4406.19,48,CLEARED_>=20s,1.0,0.0,0.0,0.0,0.0,0.0,0.0,PASS_<20%,0.00,0.0,NO,STANDBY_VEL_LOW,1,1321.86,3268.14,132.45,FALSE,M1_DIRECTION_MISMATCH
2026-09-07 20:01:49.470,1788811309.470,7423,37,87,4406.19,4406.27,8.0,PASS_<=10c,+0.0,FLAT,+0.0,+69.0,4.2,+0.00,0.00,SLOW,4405.50,4406.54,4403.14,4406.23,0.00,0.00,0.0,BEARISH,340.0,4406.19,4406.19,4406.19,4406.19,49,CLEARED_>=20s,1.0,0.0,0.0,0.0,0.0,0.0,0.0,PASS_<20%,0.00,0.0,NO,STANDBY_VEL_LOW,1,1321.86,3268.14,132.45,FALSE,M1_DIRECTION_MISMATCH
2026-09-07 20:01:49.970,1788811309.971,7424,38,88,4406.19,4406.27,8.0,PASS_<=10c,+0.0,FLAT,+0.0,+69.0,4.2,+0.00,0.00,SLOW,4405.50,4406.54,4403.14,4406.23,0.00,0.00,0.0,BEARISH,340.0,4406.19,4406.19,4406.19,4406.19,49,CLEARED_>=20s,1.0,0.0,0.0,0.0,0.0,0.0,0.0,PASS_<20%,0.00,0.0,NO,STANDBY_VEL_LOW,1,1321.86,3268.14,132.45,FALSE,M1_DIRECTION_MISMATCH
2026-09-07 20:01:50.472,1788811310.472,7425,39,89,4406.19,4406.27,8.0,PASS_<=10c,+0.0,FLAT,+0.0,+69.0,4.2,+0.00,0.00,SLOW,4405.50,4406.54,4403.14,4406.23,0.00,0.00,0.0,BEARISH,340.0,4406.19,4406.19,4406.19,4406.19,50,CLEARED_>=20s,1.0,0.0,0.0,0.0,0.0,0.0,0.0,PASS_<20%,0.00,0.0,NO,STANDBY_VEL_LOW,1,1321.86,3268.14,132.45,FALSE,M1_DIRECTION_MISMATCH
2026-09-07 20:01:55.987,1788811315.987,7426,40,90,4406.19,4406.27,8.0,PASS_<=10c,+0.0,FLAT,+0.0,+69.0,1.6,+0.00,0.00,SLOW,4405.50,4406.54,4403.14,4406.23,0.00,0.00,0.0,BEARISH,340.0,4406.19,4406.19,4406.19,4406.19,55,CLEARED_>=20s,1.0,0.0,0.0,0.0,0.0,0.0,0.0,PASS_<20%,0.00,0.0,NO,STANDBY_VEL_LOW,1,1321.86,3268.14,132.45,FALSE,M1_DIRECTION_MISMATCH
2026-09-07 20:02:06.221,1788811326.221,7427,1,91,4406.19,4406.27,8.0,PASS_<=10c,+0.0,FLAT,+0.0,+69.0,1.3,+0.00,0.00,SLOW,4405.50,4406.54,4403.14,4406.23,0.00,0.00,0.0,BEARISH,340.0,4406.19,4406.19,4406.19,4406.19,6,ACTIVE_6s,1.0,0.0,0.0,0.0,0.0,0.0,0.0,PASS_<20%,0.00,0.0,NO,STANDBY_VEL_LOW,1,1321.86,3268.14,132.45,FALSE,M1_DIRECTION_MISMATCH|OPENING_SHIELD_ACTIVE_6s
2026-09-07 20:02:07.630,1788811327.630,7428,2,92,4406.19,4406.27,8.0,PASS_<=10c,+0.0,FLAT,+0.0,+69.0,2.1,+0.00,0.00,SLOW,4405.50,4406.54,4403.14,4406.23,0.00,0.00,0.0,BEARISH,340.0,4406.19,4406.19,4406.19,4406.19,7,ACTIVE_7s,1.0,0.0,0.0,0.0,0.0,0.0,0.0,PASS_<20%,0.00,0.0,NO,STANDBY_VEL_LOW,1,1321.86,3268.14,132.45,FALSE,M1_DIRECTION_MISMATCH|OPENING_SHIELD_ACTIVE_7s
2026-09-07 20:02:08.131,1788811328.132,7429,3,93,4406.19,4406.27,8.0,PASS_<=10c,+0.0,FLAT,+0.0,+69.0,2.6,+0.00,0.00,SLOW,4405.50,4406.54,4403.14,4406.23,0.00,0.00,0.0,BEARISH,340.0,4406.19,4406.19,4406.19,4406.19,8,ACTIVE_8s,1.0,0.0,0.0,0.0,0.0,0.0,0.0,PASS_<20%,0.00,0.0,NO,STANDBY_VEL_LOW,1,1321.86,3268.14,132.45,FALSE,M1_DIRECTION_MISMATCH|OPENING_SHIELD_ACTIVE_8s
2026-09-07 20:02:08.633,1788811328.634,7430,4,94,4406.19,4406.27,8.0,PASS_<=10c,+0.0,FLAT,+0.0,+69.0,2.9,+0.00,0.00,SLOW,4405.50,4406.54,4403.14,4406.23,0.00,0.00,0.0,BEARISH,340.0,4406.19,4406.19,4406.19,4406.19,8,ACTIVE_8s,1.0,0.0,0.0,0.0,0.0,0.0,0.0,PASS_<20%,0.00,0.0,NO,STANDBY_VEL_LOW,1,1321.86,3268.14,132.45,FALSE,M1_DIRECTION_MISMATCH|OPENING_SHIELD_ACTIVE_8s
2026-09-07 20:02:09.136,1788811329.136,7431,5,95,4406.19,4406.27,8.0,PASS_<=10c,+0.0,FLAT,+0.0,+69.0,3.1,+0.00,0.00,SLOW,4405.50,4406.54,4403.14,4406.23,0.00,0.00,0.0,BEARISH,340.0,4406.19,4406.19,4406.19,4406.19,9,ACTIVE_9s,1.0,0.0,0.0,0.0,0.0,0.0,0.0,PASS_<20%,0.00,0.0,NO,STANDBY_VEL_LOW,1,1321.86,3268.14,132.45,FALSE,M1_DIRECTION_MISMATCH|OPENING_SHIELD_ACTIVE_9s
2026-09-07 20:02:09.637,1788811329.638,7432,6,96,4406.19,4406.27,8.0,PASS_<=10c,+0.0,FLAT,+0.0,+69.0,3.2,+0.00,0.00,SLOW,4405.50,4406.54,4403.14,4406.23,0.00,0.00,0.0,BEARISH,340.0,4406.19,4406.19,4406.19,4406.19,9,ACTIVE_9s,1.0,0.0,0.0,0.0,0.0,0.0,0.0,PASS_<20%,0.00,0.0,NO,STANDBY_VEL_LOW,1,1321.86,3268.14,132.45,FALSE,M1_DIRECTION_MISMATCH|OPENING_SHIELD_ACTIVE_9s
2026-09-07 20:02:10.140,1788811330.140,7433,7,97,4406.19,4406.27,8.0,PASS_<=10c,+0.0,FLAT,+0.0,+69.0,3.3,+0.00,0.00,SLOW,4405.50,4406.54,4403.14,4406.23,0.00,0.00,0.0,BEARISH,340.0,4406.19,4406.19,4406.19,4406.19,10,ACTIVE_10s,1.0,0.0,0.0,0.0,0.0,0.0,0.0,PASS_<20%,0.00,0.0,NO,STANDBY_VEL_LOW,1,1321.86,3268.14,132.45,FALSE,M1_DIRECTION_MISMATCH|OPENING_SHIELD_ACTIVE_10s
2026-09-07 20:02:10.641,1788811330.642,7434,8,98,4406.19,4406.27,8.0,PASS_<=10c,+0.0,FLAT,+0.0,+69.0,3.4,+0.00,0.00,SLOW,4405.50,4406.54,4403.14,4406.23,0.00,0.00,0.0,BEARISH,340.0,4406.19,4406.19,4406.19,4406.19,10,ACTIVE_10s,1.0,0.0,0.0,0.0,0.0,0.0,0.0,PASS_<20%,0.00,0.0,NO,STANDBY_VEL_LOW,1,1321.86,3268.14,132.45,FALSE,M1_DIRECTION_MISMATCH|OPENING_SHIELD_ACTIVE_10s
2026-09-07 20:02:11.143,1788811331.144,7435,9,99,4406.19,4406.27,8.0,PASS_<=10c,+0.0,FLAT,+0.0,+69.0,3.5,+0.00,0.00,SLOW,4405.50,4406.54,4403.14,4406.23,0.00,0.00,0.0,BEARISH,340.0,4406.19,4406.19,4406.19,4406.19,11,ACTIVE_11s,1.0,0.0,0.0,0.0,0.0,0.0,0.0,PASS_<20%,0.00,0.0,NO,STANDBY_VEL_LOW,1,1321.86,3268.14,132.45,FALSE,M1_DIRECTION_MISMATCH|OPENING_SHIELD_ACTIVE_11s
2026-09-07 20:02:11.645,1788811331.645,7436,10,100,4406.19,4406.27,8.0,PASS_<=10c,+0.0,FLAT,+0.0,+69.0,4.4,+0.00,0.00,SLOW,4405.50,4406.54,4403.14,4406.23,0.00,0.00,0.0,BEARISH,340.0,4406.19,4406.19,4406.19,4406.19,11,ACTIVE_11s,1.0,0.0,0.0,0.0,0.0,0.0,0.0,PASS_<20%,0.00,0.0,NO,STANDBY_VEL_LOW,1,1321.86,3268.14,132.45,FALSE,M1_DIRECTION_MISMATCH|OPENING_SHIELD_ACTIVE_11s
2026-09-07 20:02:12.148,1788811332.148,7437,11,101,4406.19,4406.27,8.0,PASS_<=10c,+0.0,FLAT,+0.0,+69.0,4.3,+0.00,0.00,SLOW,4405.50,4406.54,4403.14,4406.23,0.00,0.00,0.0,BEARISH,340.0,4406.19,4406.19,4406.19,4406.19,12,ACTIVE_12s,1.0,0.0,0.0,0.0,0.0,0.0,0.0,PASS_<20%,0.00,0.0,NO,STANDBY_VEL_LOW,1,1321.86,3268.14,132.45,FALSE,M1_DIRECTION_MISMATCH|OPENING_SHIELD_ACTIVE_12s
2026-09-07 20:02:12.649,1788811332.650,7438,12,102,4406.19,4406.27,8.0,PASS_<=10c,+0.0,FLAT,+0.0,+69.0,4.2,+0.00,0.00,SLOW,4405.50,4406.54,4403.14,4406.23,0.00,0.00,0.0,BEARISH,340.0,4406.19,4406.19,4406.19,4406.19,12,ACTIVE_12s,1.0,0.0,0.0,0.0,0.0,0.0,0.0,PASS_<20%,0.00,0.0,NO,STANDBY_VEL_LOW,1,1321.86,3268.14,132.45,FALSE,M1_DIRECTION_MISMATCH|OPENING_SHIELD_ACTIVE_12s
2026-09-07 20:02:13.151,1788811333.152,7439,13,103,4406.19,4406.27,8.0,PASS_<=10c,+0.0,FLAT,+0.0,+69.0,4.2,+0.00,0.00,SLOW,4405.50,4406.54,4403.14,4406.23,0.00,0.00,0.0,BEARISH,340.0,4406.19,4406.19,4406.19,4406.19,13,ACTIVE_13s,1.0,0.0,0.0,0.0,0.0,0.0,0.0,PASS_<20%,0.00,0.0,NO,STANDBY_VEL_LOW,1,1321.86,3268.14,132.45,FALSE,M1_DIRECTION_MISMATCH|OPENING_SHIELD_ACTIVE_13s
2026-09-07 20:02:13.653,1788811333.654,7440,14,104,4406.19,4406.27,8.0,PASS_<=10c,+0.0,FLAT,+0.0,+69.0,4.2,+0.00,0.00,SLOW,4405.50,4406.54,4403.14,4406.23,0.00,0.00,0.0,BEARISH,340.0,4406.19,4406.19,4406.19,4406.19,13,ACTIVE_13s,1.0,0.0,0.0,0.0,0.0,0.0,0.0,PASS_<20%,0.00,0.0,NO,STANDBY_VEL_LOW,1,1321.86,3268.14,132.45,FALSE,M1_DIRECTION_MISMATCH|OPENING_SHIELD_ACTIVE_13s
2026-09-07 20:02:14.154,1788811334.155,7441,15,105,4406.19,4406.27,8.0,PASS_<=10c,+0.0,FLAT,+0.0,+69.0,4.2,+0.00,0.00,SLOW,4405.50,4406.54,4403.14,4406.23,0.00,0.00,0.0,BEARISH,340.0,4406.19,4406.19,4406.19,4406.19,14,ACTIVE_14s,1.0,0.0,0.0,0.0,0.0,0.0,0.0,PASS_<20%,0.00,0.0,NO,STANDBY_VEL_LOW,1,1321.86,3268.14,132.45,FALSE,M1_DIRECTION_MISMATCH|OPENING_SHIELD_ACTIVE_14s
2026-09-07 20:02:14.656,1788811334.656,7442,16,106,4406.19,4406.27,8.0,PASS_<=10c,+0.0,FLAT,+0.0,+69.0,4.2,+0.00,0.00,SLOW,4405.50,4406.54,4403.14,4406.23,0.00,0.00,0.0,BEARISH,340.0,4406.19,4406.19,4406.19,4406.19,14,ACTIVE_14s,1.0,0.0,0.0,0.0,0.0,0.0,0.0,PASS_<20%,0.00,0.0,NO,STANDBY_VEL_LOW,1,1321.86,3268.14,132.45,FALSE,M1_DIRECTION_MISMATCH|OPENING_SHIELD_ACTIVE_14s
2026-09-07 20:02:15.158,1788811335.158,7443,17,107,4406.19,4406.27,8.0,PASS_<=10c,+0.0,FLAT,+0.0,+69.0,4.2,+0.00,0.00,SLOW,4405.50,4406.54,4403.14,4406.23,0.00,0.00,0.0,BEARISH,340.0,4406.19,4406.19,4406.19,4406.19,15,ACTIVE_15s,1.0,0.0,0.0,0.0,0.0,0.0,0.0,PASS_<20%,0.00,0.0,NO,STANDBY_VEL_LOW,1,1321.86,3268.14,132.45,FALSE,M1_DIRECTION_MISMATCH|OPENING_SHIELD_ACTIVE_15s
2026-09-07 20:02:20.675,1788811340.675,7444,18,108,4406.19,4406.27,8.0,PASS_<=10c,+0.0,FLAT,+0.0,+69.0,1.6,+0.00,0.00,SLOW,4405.50,4406.54,4403.14,4406.23,0.00,0.00,0.0,BEARISH,340.0,4406.19,4406.19,4406.19,4406.19,20,CLEARED_>=20s,1.0,0.0,0.0,0.0,0.0,0.0,0.0,PASS_<20%,0.00,0.0,NO,STANDBY_VEL_LOW,1,1321.86,3268.14,132.45,FALSE,M1_DIRECTION_MISMATCH
2026-09-07 20:02:30.911,1788811350.912,7445,19,109,4406.19,4406.27,8.0,PASS_<=10c,+0.0,FLAT,+0.0,+69.0,1.3,+0.00,0.00,SLOW,4405.50,4406.54,4403.14,4406.23,0.00,0.00,0.0,BEARISH,340.0,4406.19,4406.19,4406.19,4406.19,30,CLEARED_>=20s,1.0,0.0,0.0,0.0,0.0,0.0,0.0,PASS_<20%,0.00,0.0,NO,STANDBY_VEL_LOW,1,1321.86,3268.14,132.45,FALSE,M1_DIRECTION_MISMATCH
2026-09-07 20:02:32.721,1788811352.722,7446,20,110,4406.19,4406.27,8.0,PASS_<=10c,+0.0,FLAT,+0.0,+69.0,1.7,+0.00,0.00,SLOW,4405.50,4406.54,4403.14,4406.23,0.00,0.00,0.0,BEARISH,340.0,4406.19,4406.19,4406.19,4406.19,32,CLEARED_>=20s,1.0,0.0,0.0,0.0,0.0,0.0,0.0,PASS_<20%,0.00,0.0,NO,STANDBY_VEL_LOW,1,1321.86,3268.14,132.45,FALSE,M1_DIRECTION_MISMATCH
2026-09-07 20:02:33.222,1788811353.223,7447,21,111,4406.19,4406.27,8.0,PASS_<=10c,+0.0,FLAT,+0.0,+69.0,2.2,+0.00,0.00,SLOW,4405.50,4406.54,4403.14,4406.23,0.00,0.00,0.0,BEARISH,340.0,4406.19,4406.19,4406.19,4406.19,33,CLEARED_>=20s,1.0,0.0,0.0,0.0,0.0,0.0,0.0,PASS_<20%,0.00,0.0,NO,STANDBY_VEL_LOW,1,1321.86,3268.14,132.45,FALSE,M1_DIRECTION_MISMATCH
2026-09-07 20:02:33.724,1788811353.725,7448,22,112,4406.19,4406.27,8.0,PASS_<=10c,+0.0,FLAT,+0.0,+69.0,2.5,+0.00,0.00,SLOW,4405.50,4406.54,4403.14,4406.23,0.00,0.00,0.0,BEARISH,340.0,4406.19,4406.19,4406.19,4406.19,33,CLEARED_>=20s,1.0,0.0,0.0,0.0,0.0,0.0,0.0,PASS_<20%,0.00,0.0,NO,STANDBY_VEL_LOW,1,1321.86,3268.14,132.45,FALSE,M1_DIRECTION_MISMATCH
2026-09-07 20:02:34.227,1788811354.228,7449,23,113,4406.19,4406.27,8.0,PASS_<=10c,+0.0,FLAT,+0.0,+69.0,2.7,+0.00,0.00,SLOW,4405.50,4406.54,4403.14,4406.23,0.00,0.00,0.0,BEARISH,340.0,4406.19,4406.19,4406.19,4406.19,34,CLEARED_>=20s,1.0,0.0,0.0,0.0,0.0,0.0,0.0,PASS_<20%,0.00,0.0,NO,STANDBY_VEL_LOW,1,1321.86,3268.14,132.45,FALSE,M1_DIRECTION_MISMATCH
2026-09-07 20:02:34.728,1788811354.729,7450,24,114,4406.19,4406.27,8.0,PASS_<=10c,+0.0,FLAT,+0.0,+69.0,2.9,+0.00,0.00,SLOW,4405.50,4406.54,4403.14,4406.23,0.00,0.00,0.0,BEARISH,340.0,4406.19,4406.19,4406.19,4406.19,34,CLEARED_>=20s,1.0,0.0,0.0,0.0,0.0,0.0,0.0,PASS_<20%,0.00,0.0,NO,STANDBY_VEL_LOW,1,1321.86,3268.14,132.45,FALSE,M1_DIRECTION_MISMATCH
2026-09-07 20:02:35.230,1788811355.231,7451,25,115,4406.19,4406.27,8.0,PASS_<=10c,+0.0,FLAT,+0.0,+69.0,3.0,+0.00,0.00,SLOW,4405.50,4406.54,4403.14,4406.23,0.00,0.00,0.0,BEARISH,340.0,4406.19,4406.19,4406.19,4406.19,35,CLEARED_>=20s,1.0,0.0,0.0,0.0,0.0,0.0,0.0,PASS_<20%,0.00,0.0,NO,STANDBY_VEL_LOW,1,1321.86,3268.14,132.45,FALSE,M1_DIRECTION_MISMATCH
2026-09-07 20:02:35.732,1788811355.732,7452,26,116,4406.19,4406.27,8.0,PASS_<=10c,+0.0,FLAT,+0.0,+69.0,3.1,+0.00,0.00,SLOW,4405.50,4406.54,4403.14,4406.23,0.00,0.00,0.0,BEARISH,340.0,4406.19,4406.19,4406.19,4406.19,35,CLEARED_>=20s,1.0,0.0,0.0,0.0,0.0,0.0,0.0,PASS_<20%,0.00,0.0,NO,STANDBY_VEL_LOW,1,1321.86,3268.14,132.45,FALSE,M1_DIRECTION_MISMATCH
2026-09-07 20:02:36.233,1788811356.234,7453,27,117,4406.19,4406.27,8.0,PASS_<=10c,+0.0,FLAT,+0.0,+69.0,4.4,+0.00,0.00,SLOW,4405.50,4406.54,4403.14,4406.23,0.00,0.00,0.0,BEARISH,340.0,4406.19,4406.19,4406.19,4406.19,36,CLEARED_>=20s,1.0,0.0,0.0,0.0,0.0,0.0,0.0,PASS_<20%,0.00,0.0,NO,STANDBY_VEL_LOW,1,1321.86,3268.14,132.45,FALSE,M1_DIRECTION_MISMATCH
2026-09-07 20:02:36.735,1788811356.735,7454,28,118,4406.19,4406.27,8.0,PASS_<=10c,+0.0,FLAT,+0.0,+69.0,4.4,+0.00,0.00,SLOW,4405.50,4406.54,4403.14,4406.23,0.00,0.00,0.0,BEARISH,340.0,4406.19,4406.19,4406.19,4406.19,36,CLEARED_>=20s,1.0,0.0,0.0,0.0,0.0,0.0,0.0,PASS_<20%,0.00,0.0,NO,STANDBY_VEL_LOW,1,1321.86,3268.14,132.45,FALSE,M1_DIRECTION_MISMATCH
2026-09-07 20:02:37.237,1788811357.237,7455,29,119,4406.19,4406.27,8.0,PASS_<=10c,+0.0,FLAT,+0.0,+69.0,4.3,+0.00,0.00,SLOW,4405.50,4406.54,4403.14,4406.23,0.00,0.00,0.0,BEARISH,340.0,4406.19,4406.19,4406.19,4406.19,37,CLEARED_>=20s,1.0,0.0,0.0,0.0,0.0,0.0,0.0,PASS_<20%,0.00,0.0,NO,STANDBY_VEL_LOW,1,1321.86,3268.14,132.45,FALSE,M1_DIRECTION_MISMATCH
2026-09-07 20:02:37.738,1788811357.739,7456,30,120,4406.19,4406.27,8.0,PASS_<=10c,+0.0,FLAT,+0.0,+69.0,4.2,+0.00,0.00,SLOW,4405.50,4406.54,4403.14,4406.23,0.00,0.00,0.0,BEARISH,340.0,4406.19,4406.19,4406.19,4406.19,37,CLEARED_>=20s,1.0,0.0,0.0,0.0,0.0,0.0,0.0,PASS_<20%,0.00,0.0,NO,STANDBY_VEL_LOW,1,1321.86,3268.14,132.45,FALSE,M1_DIRECTION_MISMATCH
2026-09-07 20:02:38.241,1788811358.242,7457,31,121,4406.19,4406.27,8.0,PASS_<=10c,+0.0,FLAT,+0.0,+69.0,4.2,+0.00,0.00,SLOW,4405.50,4406.54,4403.14,4406.23,0.00,0.00,0.0,BEARISH,340.0,4406.19,4406.19,4406.19,4406.19,38,CLEARED_>=20s,1.0,0.0,0.0,0.0,0.0,0.0,0.0,PASS_<20%,0.00,0.0,NO,STANDBY_VEL_LOW,1,1321.86,3268.14,132.45,FALSE,M1_DIRECTION_MISMATCH
2026-09-07 20:02:38.742,1788811358.742,7458,32,122,4406.19,4406.27,8.0,PASS_<=10c,+0.0,FLAT,+0.0,+69.0,4.2,+0.00,0.00,SLOW,4405.50,4406.54,4403.14,4406.23,0.00,0.00,0.0,BEARISH,340.0,4406.19,4406.19,4406.19,4406.19,38,CLEARED_>=20s,1.0,0.0,0.0,0.0,0.0,0.0,0.0,PASS_<20%,0.00,0.0,NO,STANDBY_VEL_LOW,1,1321.86,3268.14,132.45,FALSE,M1_DIRECTION_MISMATCH
2026-09-07 20:02:39.243,1788811359.244,7459,33,123,4406.19,4406.27,8.0,PASS_<=10c,+0.0,FLAT,+0.0,+69.0,4.2,+0.00,0.00,SLOW,4405.50,4406.54,4403.14,4406.23,0.00,0.00,0.0,BEARISH,340.0,4406.19,4406.19,4406.19,4406.19,39,CLEARED_>=20s,1.0,0.0,0.0,0.0,0.0,0.0,0.0,PASS_<20%,0.00,0.0,NO,STANDBY_VEL_LOW,1,1321.86,3268.14,132.45,FALSE,M1_DIRECTION_MISMATCH
2026-09-07 20:02:39.746,1788811359.746,7460,34,124,4406.19,4406.27,8.0,PASS_<=10c,+0.0,FLAT,+0.0,+69.0,4.2,+0.00,0.00,SLOW,4405.50,4406.54,4403.14,4406.23,0.00,0.00,0.0,BEARISH,340.0,4406.19,4406.19,4406.19,4406.19,39,CLEARED_>=20s,1.0,0.0,0.0,0.0,0.0,0.0,0.0,PASS_<20%,0.00,0.0,NO,STANDBY_VEL_LOW,1,1321.86,3268.14,132.45,FALSE,M1_DIRECTION_MISMATCH
2026-09-07 20:02:40.247,1788811360.248,7461,35,125,4406.19,4406.27,8.0,PASS_<=10c,+0.0,FLAT,+0.0,+69.0,4.2,+0.00,0.00,SLOW,4405.50,4406.54,4403.14,4406.23,0.00,0.00,0.0,BEARISH,340.0,4406.19,4406.19,4406.19,4406.19,40,CLEARED_>=20s,1.0,0.0,0.0,0.0,0.0,0.0,0.0,PASS_<20%,0.00,0.0,NO,STANDBY_VEL_LOW,1,1321.86,3268.14,132.45,FALSE,M1_DIRECTION_MISMATCH
2026-09-07 20:02:45.765,1788811365.765,7462,36,126,4406.19,4406.27,8.0,PASS_<=10c,+0.0,FLAT,+0.0,+69.0,1.6,+0.00,0.00,SLOW,4405.50,4406.54,4403.14,4406.23,0.00,0.00,0.0,BEARISH,340.0,4406.19,4406.19,4406.19,4406.19,45,CLEARED_>=20s,1.0,0.0,0.0,0.0,0.0,0.0,0.0,PASS_<20%,0.00,0.0,NO,STANDBY_VEL_LOW,1,1321.86,3268.14,132.45,FALSE,M1_DIRECTION_MISMATCH
2026-09-07 20:02:55.998,1788811375.999,7463,37,127,4406.19,4406.27,8.0,PASS_<=10c,+0.0,FLAT,+0.0,+69.0,1.3,+0.00,0.00,SLOW,4405.50,4406.54,4403.14,4406.23,0.00,0.00,0.0,BEARISH,340.0,4406.19,4406.19,4406.19,4406.19,55,CLEARED_>=20s,1.0,0.0,0.0,0.0,0.0,0.0,0.0,PASS_<20%,0.00,0.0,NO,STANDBY_VEL_LOW,1,1321.86,3268.14,132.45,FALSE,M1_DIRECTION_MISMATCH
2026-09-07 20:02:57.608,1788811377.608,7464,38,128,4406.19,4406.27,8.0,PASS_<=10c,+0.0,FLAT,+0.0,+69.0,1.9,+0.00,0.00,SLOW,4405.50,4406.54,4403.14,4406.23,0.00,0.00,0.0,BEARISH,340.0,4406.19,4406.19,4406.19,4406.19,57,CLEARED_>=20s,1.0,0.0,0.0,0.0,0.0,0.0,0.0,PASS_<20%,0.00,0.0,NO,STANDBY_VEL_LOW,1,1321.86,3268.14,132.45,FALSE,M1_DIRECTION_MISMATCH
2026-09-07 20:02:58.110,1788811378.110,7465,39,129,4406.19,4406.27,8.0,PASS_<=10c,+0.0,FLAT,+0.0,+69.0,2.4,+0.00,0.00,SLOW,4405.50,4406.54,4403.14,4406.23,0.00,0.00,0.0,BEARISH,340.0,4406.19,4406.19,4406.19,4406.19,58,CLEARED_>=20s,1.0,0.0,0.0,0.0,0.0,0.0,0.0,PASS_<20%,0.00,0.0,NO,STANDBY_VEL_LOW,1,1321.86,3268.14,132.45,FALSE,M1_DIRECTION_MISMATCH
2026-09-07 20:02:58.612,1788811378.613,7466,40,130,4406.19,4406.27,8.0,PASS_<=10c,+0.0,FLAT,+0.0,+69.0,2.7,+0.00,0.00,SLOW,4405.50,4406.54,4403.14,4406.23,0.00,0.00,0.0,BEARISH,340.0,4406.19,4406.19,4406.19,4406.19,58,CLEARED_>=20s,1.0,0.0,0.0,0.0,0.0,0.0,0.0,PASS_<20%,0.00,0.0,NO,STANDBY_VEL_LOW,1,1321.86,3268.14,132.45,FALSE,M1_DIRECTION_MISMATCH
2026-09-07 20:02:59.114,1788811379.115,7467,41,131,4406.19,4406.27,8.0,PASS_<=10c,+0.0,FLAT,+0.0,+69.0,2.9,+0.00,0.00,SLOW,4405.50,4406.54,4403.14,4406.23,0.00,0.00,0.0,BEARISH,340.0,4406.19,4406.19,4406.19,4406.19,59,CLEARED_>=20s,1.0,0.0,0.0,0.0,0.0,0.0,0.0,PASS_<20%,0.00,0.0,NO,STANDBY_VEL_LOW,1,1321.86,3268.14,132.45,FALSE,M1_DIRECTION_MISMATCH
2026-09-07 20:02:59.616,1788811379.617,7468,42,132,4406.19,4406.27,8.0,PASS_<=10c,+0.0,FLAT,+0.0,+69.0,3.0,+0.00,0.00,SLOW,4405.50,4406.54,4403.14,4406.23,0.00,0.00,0.0,BEARISH,340.0,4406.19,4406.19,4406.19,4406.19,59,CLEARED_>=20s,1.0,0.0,0.0,0.0,0.0,0.0,0.0,PASS_<20%,0.00,0.0,NO,STANDBY_VEL_LOW,1,1321.86,3268.14,132.45,FALSE,M1_DIRECTION_MISMATCH
2026-09-07 20:03:00.119,1788811380.119,7469,1,133,4406.19,4406.27,8.0,PASS_<=10c,+0.0,FLAT,+0.0,+69.0,3.2,+0.00,0.00,SLOW,4405.50,4406.54,4403.14,4406.23,0.00,0.00,0.0,BEARISH,340.0,4406.19,4406.19,4406.19,4406.19,0,ACTIVE_0s,1.0,0.0,0.0,0.0,0.0,0.0,0.0,PASS_<20%,0.00,0.0,NO,STANDBY_VEL_LOW,1,1321.86,3268.14,132.45,FALSE,M1_DIRECTION_MISMATCH|OPENING_SHIELD_ACTIVE_0s
2026-09-07 20:03:00.620,1788811380.620,7470,2,134,4406.19,4406.27,8.0,PASS_<=10c,+0.0,FLAT,+0.0,+69.0,3.2,+0.00,0.00,SLOW,4405.50,4406.54,4403.14,4406.23,0.00,0.00,0.0,BEARISH,340.0,4406.19,4406.19,4406.19,4406.19,0,ACTIVE_0s,1.0,0.0,0.0,0.0,0.0,0.0,0.0,PASS_<20%,0.00,0.0,NO,STANDBY_VEL_LOW,1,1321.86,3268.14,132.45,FALSE,M1_DIRECTION_MISMATCH|OPENING_SHIELD_ACTIVE_0s
2026-09-07 20:03:01.122,1788811381.123,7471,3,135,4406.19,4406.27,8.0,PASS_<=10c,+0.0,FLAT,+0.0,+69.0,4.4,+0.00,0.00,SLOW,4405.50,4406.54,4403.14,4406.23,0.00,0.00,0.0,BEARISH,340.0,4406.19,4406.19,4406.19,4406.19,1,ACTIVE_1s,1.0,0.0,0.0,0.0,0.0,0.0,0.0,PASS_<20%,0.00,0.0,NO,STANDBY_VEL_LOW,1,1321.86,3268.14,132.45,FALSE,M1_DIRECTION_MISMATCH|OPENING_SHIELD_ACTIVE_1s
2026-09-07 20:03:01.625,1788811381.626,7472,4,136,4406.19,4406.27,8.0,PASS_<=10c,+0.0,FLAT,+0.0,+69.0,4.4,+0.00,0.00,SLOW,4405.50,4406.54,4403.14,4406.23,0.00,0.00,0.0,BEARISH,340.0,4406.19,4406.19,4406.19,4406.19,1,ACTIVE_1s,1.0,0.0,0.0,0.0,0.0,0.0,0.0,PASS_<20%,0.00,0.0,NO,STANDBY_VEL_LOW,1,1321.86,3268.14,132.45,FALSE,M1_DIRECTION_MISMATCH|OPENING_SHIELD_ACTIVE_1s
2026-09-07 20:03:02.127,1788811382.127,7473,5,137,4406.19,4406.27,8.0,PASS_<=10c,+0.0,FLAT,+0.0,+69.0,4.3,+0.00,0.00,SLOW,4405.50,4406.54,4403.14,4406.23,0.00,0.00,0.0,BEARISH,340.0,4406.19,4406.19,4406.19,4406.19,2,ACTIVE_2s,1.0,0.0,0.0,0.0,0.0,0.0,0.0,PASS_<20%,0.00,0.0,NO,STANDBY_VEL_LOW,1,1321.86,3268.14,132.45,FALSE,M1_DIRECTION_MISMATCH|OPENING_SHIELD_ACTIVE_2s
2026-09-07 20:03:02.628,1788811382.629,7474,6,138,4406.19,4406.27,8.0,PASS_<=10c,+0.0,FLAT,+0.0,+69.0,4.2,+0.00,0.00,SLOW,4405.50,4406.54,4403.14,4406.23,0.00,0.00,0.0,BEARISH,340.0,4406.19,4406.19,4406.19,4406.19,2,ACTIVE_2s,1.0,0.0,0.0,0.0,0.0,0.0,0.0,PASS_<20%,0.00,0.0,NO,STANDBY_VEL_LOW,1,1321.86,3268.14,132.45,FALSE,M1_DIRECTION_MISMATCH|OPENING_SHIELD_ACTIVE_2s
2026-09-07 20:03:03.130,1788811383.131,7475,7,139,4406.19,4406.27,8.0,PASS_<=10c,+0.0,FLAT,+0.0,+69.0,4.2,+0.00,0.00,SLOW,4405.50,4406.54,4403.14,4406.23,0.00,0.00,0.0,BEARISH,340.0,4406.19,4406.19,4406.19,4406.19,3,ACTIVE_3s,1.0,0.0,0.0,0.0,0.0,0.0,0.0,PASS_<20%,0.00,0.0,NO,STANDBY_VEL_LOW,1,1321.86,3268.14,132.45,FALSE,M1_DIRECTION_MISMATCH|OPENING_SHIELD_ACTIVE_3s
2026-09-07 20:03:03.634,1788811383.634,7476,8,140,4406.19,4406.27,8.0,PASS_<=10c,+0.0,FLAT,+0.0,+69.0,4.2,+0.00,0.00,SLOW,4405.50,4406.54,4403.14,4406.23,0.00,0.00,0.0,BEARISH,340.0,4406.19,4406.19,4406.19,4406.19,3,ACTIVE_3s,1.0,0.0,0.0,0.0,0.0,0.0,0.0,PASS_<20%,0.00,0.0,NO,STANDBY_VEL_LOW,1,1321.86,3268.14,132.45,FALSE,M1_DIRECTION_MISMATCH|OPENING_SHIELD_ACTIVE_3s
2026-09-07 20:03:04.134,1788811384.135,7477,9,141,4406.19,4406.27,8.0,PASS_<=10c,+0.0,FLAT,+0.0,+69.0,4.2,+0.00,0.00,SLOW,4405.50,4406.54,4403.14,4406.23,0.00,0.00,0.0,BEARISH,340.0,4406.19,4406.19,4406.19,4406.19,4,ACTIVE_4s,1.0,0.0,0.0,0.0,0.0,0.0,0.0,PASS_<20%,0.00,0.0,NO,STANDBY_VEL_LOW,1,1321.86,3268.14,132.45,FALSE,M1_DIRECTION_MISMATCH|OPENING_SHIELD_ACTIVE_4s
2026-09-07 20:03:04.637,1788811384.637,7478,10,142,4406.19,4406.27,8.0,PASS_<=10c,+0.0,FLAT,+0.0,+69.0,4.2,+0.00,0.00,SLOW,4405.50,4406.54,4403.14,4406.23,0.00,0.00,0.0,BEARISH,340.0,4406.19,4406.19,4406.19,4406.19,4,ACTIVE_4s,1.0,0.0,0.0,0.0,0.0,0.0,0.0,PASS_<20%,0.00,0.0,NO,STANDBY_VEL_LOW,1,1321.86,3268.14,132.45,FALSE,M1_DIRECTION_MISMATCH|OPENING_SHIELD_ACTIVE_4s
2026-09-07 20:03:05.141,1788811385.141,7479,11,143,4406.19,4406.27,8.0,PASS_<=10c,+0.0,FLAT,+0.0,+69.0,4.2,+0.00,0.00,SLOW,4405.50,4406.54,4403.14,4406.23,0.00,0.00,0.0,BEARISH,340.0,4406.19,4406.19,4406.19,4406.19,5,ACTIVE_5s,1.0,0.0,0.0,0.0,0.0,0.0,0.0,PASS_<20%,0.00,0.0,NO,STANDBY_VEL_LOW,1,1321.86,3268.14,132.45,FALSE,M1_DIRECTION_MISMATCH|OPENING_SHIELD_ACTIVE_5s
2026-09-07 20:03:05.642,1788811385.642,7480,12,144,4406.19,4406.27,8.0,PASS_<=10c,+0.0,FLAT,+0.0,+69.0,4.2,+0.00,0.00,SLOW,4405.50,4406.54,4403.14,4406.23,0.00,0.00,0.0,BEARISH,340.0,4406.19,4406.19,4406.19,4406.19,5,ACTIVE_5s,1.0,0.0,0.0,0.0,0.0,0.0,0.0,PASS_<20%,0.00,0.0,NO,STANDBY_VEL_LOW,1,1321.86,3268.14,132.45,FALSE,M1_DIRECTION_MISMATCH|OPENING_SHIELD_ACTIVE_5s
2026-09-07 20:03:16.023,1788811396.024,7481,13,145,4406.19,4406.27,8.0,PASS_<=10c,+0.0,FLAT,+0.0,+69.0,1.4,+0.00,0.00,SLOW,4405.50,4406.54,4403.14,4406.23,0.00,0.00,0.0,BEARISH,340.0,4406.19,4406.19,4406.19,4406.19,16,ACTIVE_16s,1.0,0.0,0.0,0.0,0.0,0.0,0.0,PASS_<20%,0.00,0.0,NO,STANDBY_VEL_LOW,1,1321.86,3268.14,132.45,FALSE,M1_DIRECTION_MISMATCH|OPENING_SHIELD_ACTIVE_16s
2026-09-07 20:03:22.446,1788811402.446,7482,14,146,4406.19,4406.27,8.0,PASS_<=10c,+0.0,FLAT,+0.0,+69.0,1.5,+0.00,0.00,SLOW,4405.50,4406.54,4403.14,4406.23,0.00,0.00,0.0,BEARISH,340.0,4406.19,4406.19,4406.19,4406.19,22,CLEARED_>=20s,1.0,0.0,0.0,0.0,0.0,0.0,0.0,PASS_<20%,0.00,0.0,NO,STANDBY_VEL_LOW,1,1321.86,3268.14,132.45,FALSE,M1_DIRECTION_MISMATCH
2026-09-07 20:03:22.802,1788811402.803,7483,15,147,4406.19,4406.27,8.0,PASS_<=10c,+0.0,FLAT,+0.0,+69.0,2.4,+0.00,0.00,SLOW,4405.50,4406.54,4403.14,4406.23,0.00,0.00,0.0,BEARISH,340.0,4406.19,4406.19,4406.19,4406.19,22,CLEARED_>=20s,1.0,0.0,0.0,0.0,0.0,0.0,0.0,PASS_<20%,0.00,0.0,NO,STANDBY_VEL_LOW,1,1321.86,3268.14,132.45,FALSE,M1_DIRECTION_MISMATCH
2026-09-07 20:03:23.303,1788811403.304,7484,16,148,4406.19,4406.27,8.0,PASS_<=10c,+0.0,FLAT,+0.0,+69.0,2.8,+0.00,0.00,SLOW,4405.50,4406.54,4403.14,4406.23,0.00,0.00,0.0,BEARISH,340.0,4406.19,4406.19,4406.19,4406.19,23,CLEARED_>=20s,1.0,0.0,0.0,0.0,0.0,0.0,0.0,PASS_<20%,0.00,0.0,NO,STANDBY_VEL_LOW,1,1321.86,3268.14,132.45,FALSE,M1_DIRECTION_MISMATCH
2026-09-07 20:03:23.806,1788811403.806,7485,17,149,4406.19,4406.27,8.0,PASS_<=10c,+0.0,FLAT,+0.0,+69.0,3.0,+0.00,0.00,SLOW,4405.50,4406.54,4403.14,4406.23,0.00,0.00,0.0,BEARISH,340.0,4406.19,4406.19,4406.19,4406.19,23,CLEARED_>=20s,1.0,0.0,0.0,0.0,0.0,0.0,0.0,PASS_<20%,0.00,0.0,NO,STANDBY_VEL_LOW,1,1321.86,3268.14,132.45,FALSE,M1_DIRECTION_MISMATCH
2026-09-07 20:03:24.307,1788811404.307,7486,18,150,4406.19,4406.27,8.0,PASS_<=10c,+0.0,FLAT,+0.0,+69.0,3.2,+0.00,0.00,SLOW,4405.50,4406.54,4403.14,4406.23,0.00,0.00,0.0,BEARISH,340.0,4406.19,4406.19,4406.19,4406.19,24,CLEARED_>=20s,1.0,0.0,0.0,0.0,0.0,0.0,0.0,PASS_<20%,0.00,0.0,NO,STANDBY_VEL_LOW,1,1321.86,3268.14,132.45,FALSE,M1_DIRECTION_MISMATCH
2026-09-07 20:03:24.809,1788811404.809,7487,19,151,4406.19,4406.27,8.0,PASS_<=10c,+0.0,FLAT,+0.0,+69.0,3.3,+0.00,0.00,SLOW,4405.50,4406.54,4403.14,4406.23,0.00,0.00,0.0,BEARISH,340.0,4406.19,4406.19,4406.19,4406.19,24,CLEARED_>=20s,1.0,0.0,0.0,0.0,0.0,0.0,0.0,PASS_<20%,0.00,0.0,NO,STANDBY_VEL_LOW,1,1321.86,3268.14,132.45,FALSE,M1_DIRECTION_MISMATCH
2026-09-07 20:03:25.311,1788811405.311,7488,20,152,4406.19,4406.27,8.0,PASS_<=10c,+0.0,FLAT,+0.0,+69.0,3.4,+0.00,0.00,SLOW,4405.50,4406.54,4403.14,4406.23,0.00,0.00,0.0,BEARISH,340.0,4406.19,4406.19,4406.19,4406.19,25,CLEARED_>=20s,1.0,0.0,0.0,0.0,0.0,0.0,0.0,PASS_<20%,0.00,0.0,NO,STANDBY_VEL_LOW,1,1321.86,3268.14,132.45,FALSE,M1_DIRECTION_MISMATCH
2026-09-07 20:03:25.812,1788811405.812,7489,21,153,4406.19,4406.27,8.0,PASS_<=10c,+0.0,FLAT,+0.0,+69.0,3.4,+0.00,0.00,SLOW,4405.50,4406.54,4403.14,4406.23,0.00,0.00,0.0,BEARISH,340.0,4406.19,4406.19,4406.19,4406.19,25,CLEARED_>=20s,1.0,0.0,0.0,0.0,0.0,0.0,0.0,PASS_<20%,0.00,0.0,NO,STANDBY_VEL_LOW,1,1321.86,3268.14,132.45,FALSE,M1_DIRECTION_MISMATCH
2026-09-07 20:03:26.314,1788811406.314,7490,22,154,4406.19,4406.27,8.0,PASS_<=10c,+0.0,FLAT,+0.0,+69.0,4.4,+0.00,0.00,SLOW,4405.50,4406.54,4403.14,4406.23,0.00,0.00,0.0,BEARISH,340.0,4406.19,4406.19,4406.19,4406.19,26,CLEARED_>=20s,1.0,0.0,0.0,0.0,0.0,0.0,0.0,PASS_<20%,0.00,0.0,NO,STANDBY_VEL_LOW,1,1321.86,3268.14,132.45,FALSE,M1_DIRECTION_MISMATCH
2026-09-07 20:03:26.816,1788811406.817,7491,23,155,4406.19,4406.27,8.0,PASS_<=10c,+0.0,FLAT,+0.0,+69.0,4.3,+0.00,0.00,SLOW,4405.50,4406.54,4403.14,4406.23,0.00,0.00,0.0,BEARISH,340.0,4406.19,4406.19,4406.19,4406.19,26,CLEARED_>=20s,1.0,0.0,0.0,0.0,0.0,0.0,0.0,PASS_<20%,0.00,0.0,NO,STANDBY_VEL_LOW,1,1321.86,3268.14,132.45,FALSE,M1_DIRECTION_MISMATCH
2026-09-07 20:03:27.318,1788811407.318,7492,24,156,4406.19,4406.27,8.0,PASS_<=10c,+0.0,FLAT,+0.0,+69.0,4.3,+0.00,0.00,SLOW,4405.50,4406.54,4403.14,4406.23,0.00,0.00,0.0,BEARISH,340.0,4406.19,4406.19,4406.19,4406.19,27,CLEARED_>=20s,1.0,0.0,0.0,0.0,0.0,0.0,0.0,PASS_<20%,0.00,0.0,NO,STANDBY_VEL_LOW,1,1321.86,3268.14,132.45,FALSE,M1_DIRECTION_MISMATCH
2026-09-07 20:03:27.819,1788811407.820,7493,25,157,4406.19,4406.27,8.0,PASS_<=10c,+0.0,FLAT,+0.0,+69.0,4.2,+0.00,0.00,SLOW,4405.50,4406.54,4403.14,4406.23,0.00,0.00,0.0,BEARISH,340.0,4406.19,4406.19,4406.19,4406.19,27,CLEARED_>=20s,1.0,0.0,0.0,0.0,0.0,0.0,0.0,PASS_<20%,0.00,0.0,NO,STANDBY_VEL_LOW,1,1321.86,3268.14,132.45,FALSE,M1_DIRECTION_MISMATCH
2026-09-07 20:03:28.340,1788811408.341,7494,26,158,4406.19,4406.27,8.0,PASS_<=10c,+0.0,FLAT,+0.0,+69.0,4.2,+0.00,0.00,SLOW,4405.50,4406.54,4403.14,4406.23,0.00,0.00,0.0,BEARISH,340.0,4406.19,4406.19,4406.19,4406.19,28,CLEARED_>=20s,1.0,0.0,0.0,0.0,0.0,0.0,0.0,PASS_<20%,0.00,0.0,NO,STANDBY_VEL_LOW,1,1321.86,3268.14,132.45,FALSE,M1_DIRECTION_MISMATCH
2026-09-07 20:03:28.848,1788811408.848,7495,27,159,4406.19,4406.27,8.0,PASS_<=10c,+0.0,FLAT,+0.0,+69.0,4.2,+0.00,0.00,SLOW,4405.50,4406.54,4403.14,4406.23,0.00,0.00,0.0,BEARISH,340.0,4406.19,4406.19,4406.19,4406.19,28,CLEARED_>=20s,1.0,0.0,0.0,0.0,0.0,0.0,0.0,PASS_<20%,0.00,0.0,NO,STANDBY_VEL_LOW,1,1321.86,3268.14,132.45,FALSE,M1_DIRECTION_MISMATCH
2026-09-07 20:03:29.345,1788811409.345,7496,28,160,4406.19,4406.27,8.0,PASS_<=10c,+0.0,FLAT,+0.0,+69.0,4.2,+0.00,0.00,SLOW,4405.50,4406.54,4403.14,4406.23,0.00,0.00,0.0,BEARISH,340.0,4406.19,4406.19,4406.19,4406.19,29,CLEARED_>=20s,1.0,0.0,0.0,0.0,0.0,0.0,0.0,PASS_<20%,0.00,0.0,NO,STANDBY_VEL_LOW,1,1321.86,3268.14,132.45,FALSE,M1_DIRECTION_MISMATCH
2026-09-07 20:03:29.846,1788811409.847,7497,29,161,4406.19,4406.27,8.0,PASS_<=10c,+0.0,FLAT,+0.0,+69.0,4.2,+0.00,0.00,SLOW,4405.50,4406.54,4403.14,4406.23,0.00,0.00,0.0,BEARISH,340.0,4406.19,4406.19,4406.19,4406.19,29,CLEARED_>=20s,1.0,0.0,0.0,0.0,0.0,0.0,0.0,PASS_<20%,0.00,0.0,NO,STANDBY_VEL_LOW,1,1321.86,3268.14,132.45,FALSE,M1_DIRECTION_MISMATCH
2026-09-07 20:03:30.348,1788811410.348,7498,30,162,4406.19,4406.27,8.0,PASS_<=10c,+0.0,FLAT,+0.0,+69.0,4.2,+0.00,0.00,SLOW,4405.50,4406.54,4403.14,4406.23,0.00,0.00,0.0,BEARISH,340.0,4406.19,4406.19,4406.19,4406.19,30,CLEARED_>=20s,1.0,0.0,0.0,0.0,0.0,0.0,0.0,PASS_<20%,0.00,0.0,NO,STANDBY_VEL_LOW,1,1321.86,3268.14,132.45,FALSE,M1_DIRECTION_MISMATCH
2026-09-07 20:03:40.738,1788811420.739,7499,31,163,4406.19,4406.27,8.0,PASS_<=10c,+0.0,FLAT,+0.0,+69.0,1.4,+0.00,0.00,SLOW,4405.50,4406.54,4403.14,4406.23,0.00,0.00,0.0,BEARISH,340.0,4406.19,4406.19,4406.19,4406.19,40,CLEARED_>=20s,1.0,0.0,0.0,0.0,0.0,0.0,0.0,PASS_<20%,0.00,0.0,NO,STANDBY_VEL_LOW,1,1321.86,3268.14,132.45,FALSE,M1_DIRECTION_MISMATCH
2026-09-07 20:03:45.963,1788811425.963,7500,32,164,4406.19,4406.27,8.0,PASS_<=10c,+0.0,FLAT,+0.0,+69.0,2.0,+0.00,0.00,SLOW,4405.50,4406.54,4403.14,4406.23,0.00,0.00,0.0,BEARISH,340.0,4406.19,4406.19,4406.19,4406.19,45,CLEARED_>=20s,1.0,0.0,0.0,0.0,0.0,0.0,0.0,PASS_<20%,0.00,0.0,NO,STANDBY_VEL_LOW,1,1321.86,3268.14,132.45,FALSE,M1_DIRECTION_MISMATCH
2026-09-07 20:03:46.458,1788811426.459,7501,33,165,4406.19,4406.27,8.0,PASS_<=10c,+0.0,FLAT,+0.0,+69.0,4.0,+0.00,0.00,SLOW,4405.50,4406.54,4403.14,4406.23,0.00,0.00,0.0,BEARISH,340.0,4406.19,4406.19,4406.19,4406.19,46,CLEARED_>=20s,1.0,0.0,0.0,0.0,0.0,0.0,0.0,PASS_<20%,0.00,0.0,NO,STANDBY_VEL_LOW,1,1321.86,3268.14,132.45,FALSE,M1_DIRECTION_MISMATCH
2026-09-07 20:03:46.960,1788811426.960,7502,34,166,4406.19,4406.27,8.0,PASS_<=10c,+0.0,FLAT,+0.0,+69.0,5.4,+0.00,0.00,SLOW,4405.50,4406.54,4403.14,4406.23,0.00,0.00,0.0,BEARISH,340.0,4406.19,4406.19,4406.19,4406.19,46,CLEARED_>=20s,1.0,0.0,0.0,0.0,0.0,0.0,0.0,PASS_<20%,0.00,0.0,NO,STANDBY_VEL_LOW,1,1321.86,3268.14,132.45,FALSE,M1_DIRECTION_MISMATCH
2026-09-07 20:03:47.462,1788811427.463,7503,35,167,4406.19,4406.27,8.0,PASS_<=10c,+0.0,FLAT,+0.0,+69.0,5.0,+0.00,0.00,SLOW,4405.50,4406.54,4403.14,4406.23,0.00,0.00,0.0,BEARISH,340.0,4406.19,4406.19,4406.19,4406.19,47,CLEARED_>=20s,1.0,0.0,0.0,0.0,0.0,0.0,0.0,PASS_<20%,0.00,0.0,NO,STANDBY_VEL_LOW,1,1321.86,3268.14,132.45,FALSE,M1_DIRECTION_MISMATCH
2026-09-07 20:03:47.964,1788811427.964,7504,36,168,4406.19,4406.27,8.0,PASS_<=10c,+0.0,FLAT,+0.0,+69.0,4.7,+0.00,0.00,SLOW,4405.50,4406.54,4403.14,4406.23,0.00,0.00,0.0,BEARISH,340.0,4406.19,4406.19,4406.19,4406.19,47,CLEARED_>=20s,1.0,0.0,0.0,0.0,0.0,0.0,0.0,PASS_<20%,0.00,0.0,NO,STANDBY_VEL_LOW,1,1321.86,3268.14,132.45,FALSE,M1_DIRECTION_MISMATCH
2026-09-07 20:03:48.466,1788811428.467,7505,37,169,4406.19,4406.27,8.0,PASS_<=10c,+0.0,FLAT,+0.0,+69.0,4.6,+0.00,0.00,SLOW,4405.50,4406.54,4403.14,4406.23,0.00,0.00,0.0,BEARISH,340.0,4406.19,4406.19,4406.19,4406.19,48,CLEARED_>=20s,1.0,0.0,0.0,0.0,0.0,0.0,0.0,PASS_<20%,0.00,0.0,NO,STANDBY_VEL_LOW,1,1321.86,3268.14,132.45,FALSE,M1_DIRECTION_MISMATCH
2026-09-07 20:03:48.975,1788811428.976,7506,38,170,4406.19,4406.27,8.0,PASS_<=10c,+0.0,FLAT,+0.0,+69.0,4.5,+0.00,0.00,SLOW,4405.50,4406.54,4403.14,4406.23,0.00,0.00,0.0,BEARISH,340.0,4406.19,4406.19,4406.19,4406.19,48,CLEARED_>=20s,1.0,0.0,0.0,0.0,0.0,0.0,0.0,PASS_<20%,0.00,0.0,NO,STANDBY_VEL_LOW,1,1321.86,3268.14,132.45,FALSE,M1_DIRECTION_MISMATCH
2026-09-07 20:03:49.477,1788811429.478,7507,39,171,4406.19,4406.27,8.0,PASS_<=10c,+0.0,FLAT,+0.0,+69.0,4.4,+0.00,0.00,SLOW,4405.50,4406.54,4403.14,4406.23,0.00,0.00,0.0,BEARISH,340.0,4406.19,4406.19,4406.19,4406.19,49,CLEARED_>=20s,1.0,0.0,0.0,0.0,0.0,0.0,0.0,PASS_<20%,0.00,0.0,NO,STANDBY_VEL_LOW,1,1321.86,3268.14,132.45,FALSE,M1_DIRECTION_MISMATCH
2026-09-07 20:03:49.979,1788811429.980,7508,40,172,4406.19,4406.27,8.0,PASS_<=10c,+0.0,FLAT,+0.0,+69.0,4.4,+0.00,0.00,SLOW,4405.50,4406.54,4403.14,4406.23,0.00,0.00,0.0,BEARISH,340.0,4406.19,4406.19,4406.19,4406.19,49,CLEARED_>=20s,1.0,0.0,0.0,0.0,0.0,0.0,0.0,PASS_<20%,0.00,0.0,NO,STANDBY_VEL_LOW,1,1321.86,3268.14,132.45,FALSE,M1_DIRECTION_MISMATCH
2026-09-07 20:03:50.480,1788811430.481,7509,41,173,4406.19,4406.27,8.0,PASS_<=10c,+0.0,FLAT,+0.0,+69.0,4.3,+0.00,0.00,SLOW,4405.50,4406.54,4403.14,4406.23,0.00,0.00,0.0,BEARISH,340.0,4406.19,4406.19,4406.19,4406.19,50,CLEARED_>=20s,1.0,0.0,0.0,0.0,0.0,0.0,0.0,PASS_<20%,0.00,0.0,NO,STANDBY_VEL_LOW,1,1321.86,3268.14,132.45,FALSE,M1_DIRECTION_MISMATCH
2026-09-07 20:03:50.983,1788811430.984,7510,42,174,4406.19,4406.27,8.0,PASS_<=10c,+0.0,FLAT,+0.0,+69.0,4.2,+0.00,0.00,SLOW,4405.50,4406.54,4403.14,4406.23,0.00,0.00,0.0,BEARISH,340.0,4406.19,4406.19,4406.19,4406.19,50,CLEARED_>=20s,1.0,0.0,0.0,0.0,0.0,0.0,0.0,PASS_<20%,0.00,0.0,NO,STANDBY_VEL_LOW,1,1321.86,3268.14,132.45,FALSE,M1_DIRECTION_MISMATCH
2026-09-07 20:03:51.485,1788811431.486,7511,43,175,4406.19,4406.27,8.0,PASS_<=10c,+0.0,FLAT,+0.0,+69.0,4.2,+0.00,0.00,SLOW,4405.50,4406.54,4403.14,4406.23,0.00,0.00,0.0,BEARISH,340.0,4406.19,4406.19,4406.19,4406.19,51,CLEARED_>=20s,1.0,0.0,0.0,0.0,0.0,0.0,0.0,PASS_<20%,0.00,0.0,NO,STANDBY_VEL_LOW,1,1321.86,3268.14,132.45,FALSE,M1_DIRECTION_MISMATCH
2026-09-07 20:03:51.988,1788811431.989,7512,44,176,4406.19,4406.27,8.0,PASS_<=10c,+0.0,FLAT,+0.0,+69.0,4.2,+0.00,0.00,SLOW,4405.50,4406.54,4403.14,4406.23,0.00,0.00,0.0,BEARISH,340.0,4406.19,4406.19,4406.19,4406.19,51,CLEARED_>=20s,1.0,0.0,0.0,0.0,0.0,0.0,0.0,PASS_<20%,0.00,0.0,NO,STANDBY_VEL_LOW,1,1321.86,3268.14,132.45,FALSE,M1_DIRECTION_MISMATCH
2026-09-07 20:03:52.490,1788811432.491,7513,45,177,4406.19,4406.27,8.0,PASS_<=10c,+0.0,FLAT,+0.0,+69.0,4.2,+0.00,0.00,SLOW,4405.50,4406.54,4403.14,4406.23,0.00,0.00,0.0,BEARISH,340.0,4406.19,4406.19,4406.19,4406.19,52,CLEARED_>=20s,1.0,0.0,0.0,0.0,0.0,0.0,0.0,PASS_<20%,0.00,0.0,NO,STANDBY_VEL_LOW,1,1321.86,3268.14,132.45,FALSE,M1_DIRECTION_MISMATCH
2026-09-07 20:03:52.992,1788811432.992,7514,46,178,4406.19,4406.27,8.0,PASS_<=10c,+0.0,FLAT,+0.0,+69.0,4.2,+0.00,0.00,SLOW,4405.50,4406.54,4403.14,4406.23,0.00,0.00,0.0,BEARISH,340.0,4406.19,4406.19,4406.19,4406.19,52,CLEARED_>=20s,1.0,0.0,0.0,0.0,0.0,0.0,0.0,PASS_<20%,0.00,0.0,NO,STANDBY_VEL_LOW,1,1321.86,3268.14,132.45,FALSE,M1_DIRECTION_MISMATCH
2026-09-07 20:03:53.494,1788811433.494,7515,47,179,4406.19,4406.27,8.0,PASS_<=10c,+0.0,FLAT,+0.0,+69.0,4.2,+0.00,0.00,SLOW,4405.50,4406.54,4403.14,4406.23,0.00,0.00,0.0,BEARISH,340.0,4406.19,4406.19,4406.19,4406.19,53,CLEARED_>=20s,1.0,0.0,0.0,0.0,0.0,0.0,0.0,PASS_<20%,0.00,0.0,NO,STANDBY_VEL_LOW,1,1321.86,3268.14,132.45,FALSE,M1_DIRECTION_MISMATCH
2026-09-07 20:03:53.995,1788811433.996,7516,48,180,4406.19,4406.27,8.0,PASS_<=10c,+0.0,FLAT,+0.0,+69.0,4.2,+0.00,0.00,SLOW,4405.50,4406.54,4403.14,4406.23,0.00,0.00,0.0,BEARISH,340.0,4406.19,4406.19,4406.19,4406.19,53,CLEARED_>=20s,1.0,0.0,0.0,0.0,0.0,0.0,0.0,PASS_<20%,0.00,0.0,NO,STANDBY_VEL_LOW,1,1321.86,3268.14,132.45,FALSE,M1_DIRECTION_MISMATCH
2026-09-07 20:04:04.379,1788811444.379,7517,1,181,4406.19,4406.27,8.0,PASS_<=10c,+0.0,FLAT,+0.0,+69.0,1.3,+0.00,0.00,SLOW,4405.50,4406.54,4403.14,4406.23,0.00,0.00,0.0,BEARISH,340.0,4406.19,4406.19,4406.19,4406.19,4,ACTIVE_4s,1.0,0.0,0.0,0.0,0.0,0.0,0.0,PASS_<20%,0.00,0.0,NO,STANDBY_VEL_LOW,1,1321.86,3268.14,132.45,FALSE,M1_DIRECTION_MISMATCH|OPENING_SHIELD_ACTIVE_4s
2026-09-07 20:04:11.005,1788811451.005,7518,2,182,4406.19,4406.27,8.0,PASS_<=10c,+0.0,FLAT,+0.0,+69.0,1.4,+0.00,0.00,SLOW,4405.50,4406.54,4403.14,4406.23,0.00,0.00,0.0,BEARISH,340.0,4406.19,4406.19,4406.19,4406.19,11,ACTIVE_11s,1.0,0.0,0.0,0.0,0.0,0.0,0.0,PASS_<20%,0.00,0.0,NO,STANDBY_VEL_LOW,1,1321.86,3268.14,132.45,FALSE,M1_DIRECTION_MISMATCH|OPENING_SHIELD_ACTIVE_11s
2026-09-07 20:04:11.363,1788811451.363,7519,3,183,4406.19,4406.27,8.0,PASS_<=10c,+0.0,FLAT,+0.0,+69.0,2.1,+0.00,0.00,SLOW,4405.50,4406.54,4403.14,4406.23,0.00,0.00,0.0,BEARISH,340.0,4406.19,4406.19,4406.19,4406.19,11,ACTIVE_11s,1.0,0.0,0.0,0.0,0.0,0.0,0.0,PASS_<20%,0.00,0.0,NO,STANDBY_VEL_LOW,1,1321.86,3268.14,132.45,FALSE,M1_DIRECTION_MISMATCH|OPENING_SHIELD_ACTIVE_11s
2026-09-07 20:04:11.865,1788811451.865,7520,4,184,4406.19,4406.27,8.0,PASS_<=10c,+0.0,FLAT,+0.0,+69.0,2.5,+0.00,0.00,SLOW,4405.50,4406.54,4403.14,4406.23,0.00,0.00,0.0,BEARISH,340.0,4406.19,4406.19,4406.19,4406.19,11,ACTIVE_11s,1.0,0.0,0.0,0.0,0.0,0.0,0.0,PASS_<20%,0.00,0.0,NO,STANDBY_VEL_LOW,1,1321.86,3268.14,132.45,FALSE,M1_DIRECTION_MISMATCH|OPENING_SHIELD_ACTIVE_11s
2026-09-07 20:04:12.368,1788811452.368,7521,5,185,4406.19,4406.27,8.0,PASS_<=10c,+0.0,FLAT,+0.0,+69.0,2.8,+0.00,0.00,SLOW,4405.50,4406.54,4403.14,4406.23,0.00,0.00,0.0,BEARISH,340.0,4406.19,4406.19,4406.19,4406.19,12,ACTIVE_12s,1.0,0.0,0.0,0.0,0.0,0.0,0.0,PASS_<20%,0.00,0.0,NO,STANDBY_VEL_LOW,1,1321.86,3268.14,132.45,FALSE,M1_DIRECTION_MISMATCH|OPENING_SHIELD_ACTIVE_12s
2026-09-07 20:04:12.868,1788811452.869,7522,6,186,4406.19,4406.27,8.0,PASS_<=10c,+0.0,FLAT,+0.0,+69.0,3.0,+0.00,0.00,SLOW,4405.50,4406.54,4403.14,4406.23,0.00,0.00,0.0,BEARISH,340.0,4406.19,4406.19,4406.19,4406.19,12,ACTIVE_12s,1.0,0.0,0.0,0.0,0.0,0.0,0.0,PASS_<20%,0.00,0.0,NO,STANDBY_VEL_LOW,1,1321.86,3268.14,132.45,FALSE,M1_DIRECTION_MISMATCH|OPENING_SHIELD_ACTIVE_12s
2026-09-07 20:04:13.370,1788811453.371,7523,7,187,4406.19,4406.27,8.0,PASS_<=10c,+0.0,FLAT,+0.0,+69.0,3.1,+0.00,0.00,SLOW,4405.50,4406.54,4403.14,4406.23,0.00,0.00,0.0,BEARISH,340.0,4406.19,4406.19,4406.19,4406.19,13,ACTIVE_13s,1.0,0.0,0.0,0.0,0.0,0.0,0.0,PASS_<20%,0.00,0.0,NO,STANDBY_VEL_LOW,1,1321.86,3268.14,132.45,FALSE,M1_DIRECTION_MISMATCH|OPENING_SHIELD_ACTIVE_13s
2026-09-07 20:04:13.871,1788811453.872,7524,8,188,4406.19,4406.27,8.0,PASS_<=10c,+0.0,FLAT,+0.0,+69.0,3.2,+0.00,0.00,SLOW,4405.50,4406.54,4403.14,4406.23,0.00,0.00,0.0,BEARISH,340.0,4406.19,4406.19,4406.19,4406.19,13,ACTIVE_13s,1.0,0.0,0.0,0.0,0.0,0.0,0.0,PASS_<20%,0.00,0.0,NO,STANDBY_VEL_LOW,1,1321.86,3268.14,132.45,FALSE,M1_DIRECTION_MISMATCH|OPENING_SHIELD_ACTIVE_13s
2026-09-07 20:04:14.373,1788811454.374,7525,9,189,4406.19,4406.27,8.0,PASS_<=10c,+0.0,FLAT,+0.0,+69.0,3.3,+0.00,0.00,SLOW,4405.50,4406.54,4403.14,4406.23,0.00,0.00,0.0,BEARISH,340.0,4406.19,4406.19,4406.19,4406.19,14,ACTIVE_14s,1.0,0.0,0.0,0.0,0.0,0.0,0.0,PASS_<20%,0.00,0.0,NO,STANDBY_VEL_LOW,1,1321.86,3268.14,132.45,FALSE,M1_DIRECTION_MISMATCH|OPENING_SHIELD_ACTIVE_14s
2026-09-07 20:04:14.875,1788811454.875,7526,10,190,4406.19,4406.27,8.0,PASS_<=10c,+0.0,FLAT,+0.0,+69.0,4.4,+0.00,0.00,SLOW,4405.50,4406.54,4403.14,4406.23,0.00,0.00,0.0,BEARISH,340.0,4406.19,4406.19,4406.19,4406.19,14,ACTIVE_14s,1.0,0.0,0.0,0.0,0.0,0.0,0.0,PASS_<20%,0.00,0.0,NO,STANDBY_VEL_LOW,1,1321.86,3268.14,132.45,FALSE,M1_DIRECTION_MISMATCH|OPENING_SHIELD_ACTIVE_14s
2026-09-07 20:04:15.377,1788811455.377,7527,11,191,4406.19,4406.27,8.0,PASS_<=10c,+0.0,FLAT,+0.0,+69.0,4.3,+0.00,0.00,SLOW,4405.50,4406.54,4403.14,4406.23,0.00,0.00,0.0,BEARISH,340.0,4406.19,4406.19,4406.19,4406.19,15,ACTIVE_15s,1.0,0.0,0.0,0.0,0.0,0.0,0.0,PASS_<20%,0.00,0.0,NO,STANDBY_VEL_LOW,1,1321.86,3268.14,132.45,FALSE,M1_DIRECTION_MISMATCH|OPENING_SHIELD_ACTIVE_15s
2026-09-07 20:04:15.886,1788811455.886,7528,12,192,4406.19,4406.27,8.0,PASS_<=10c,+0.0,FLAT,+0.0,+69.0,4.3,+0.00,0.00,SLOW,4405.50,4406.54,4403.14,4406.23,0.00,0.00,0.0,BEARISH,340.0,4406.19,4406.19,4406.19,4406.19,15,ACTIVE_15s,1.0,0.0,0.0,0.0,0.0,0.0,0.0,PASS_<20%,0.00,0.0,NO,STANDBY_VEL_LOW,1,1321.86,3268.14,132.45,FALSE,M1_DIRECTION_MISMATCH|OPENING_SHIELD_ACTIVE_15s
2026-09-07 20:04:16.381,1788811456.382,7529,13,193,4406.19,4406.27,8.0,PASS_<=10c,+0.0,FLAT,+0.0,+69.0,4.2,+0.00,0.00,SLOW,4405.50,4406.54,4403.14,4406.23,0.00,0.00,0.0,BEARISH,340.0,4406.19,4406.19,4406.19,4406.19,16,ACTIVE_16s,1.0,0.0,0.0,0.0,0.0,0.0,0.0,PASS_<20%,0.00,0.0,NO,STANDBY_VEL_LOW,1,1321.86,3268.14,132.45,FALSE,M1_DIRECTION_MISMATCH|OPENING_SHIELD_ACTIVE_16s
2026-09-07 20:04:16.887,1788811456.888,7530,14,194,4406.19,4406.27,8.0,PASS_<=10c,+0.0,FLAT,+0.0,+69.0,4.2,+0.00,0.00,SLOW,4405.50,4406.54,4403.14,4406.23,0.00,0.00,0.0,BEARISH,340.0,4406.19,4406.19,4406.19,4406.19,16,ACTIVE_16s,1.0,0.0,0.0,0.0,0.0,0.0,0.0,PASS_<20%,0.00,0.0,NO,STANDBY_VEL_LOW,1,1321.86,3268.14,132.45,FALSE,M1_DIRECTION_MISMATCH|OPENING_SHIELD_ACTIVE_16s
2026-09-07 20:04:17.389,1788811457.390,7531,15,195,4406.19,4406.27,8.0,PASS_<=10c,+0.0,FLAT,+0.0,+69.0,4.2,+0.00,0.00,SLOW,4405.50,4406.54,4403.14,4406.23,0.00,0.00,0.0,BEARISH,340.0,4406.19,4406.19,4406.19,4406.19,17,ACTIVE_17s,1.0,0.0,0.0,0.0,0.0,0.0,0.0,PASS_<20%,0.00,0.0,NO,STANDBY_VEL_LOW,1,1321.86,3268.14,132.45,FALSE,M1_DIRECTION_MISMATCH|OPENING_SHIELD_ACTIVE_17s
2026-09-07 20:04:17.891,1788811457.891,7532,16,196,4406.19,4406.27,8.0,PASS_<=10c,+0.0,FLAT,+0.0,+69.0,4.2,+0.00,0.00,SLOW,4405.50,4406.54,4403.14,4406.23,0.00,0.00,0.0,BEARISH,340.0,4406.19,4406.19,4406.19,4406.19,17,ACTIVE_17s,1.0,0.0,0.0,0.0,0.0,0.0,0.0,PASS_<20%,0.00,0.0,NO,STANDBY_VEL_LOW,1,1321.86,3268.14,132.45,FALSE,M1_DIRECTION_MISMATCH|OPENING_SHIELD_ACTIVE_17s
2026-09-07 20:04:18.393,1788811458.393,7533,17,197,4406.19,4406.27,8.0,PASS_<=10c,+0.0,FLAT,+0.0,+69.0,4.2,+0.00,0.00,SLOW,4405.50,4406.54,4403.14,4406.23,0.00,0.00,0.0,BEARISH,340.0,4406.19,4406.19,4406.19,4406.19,18,ACTIVE_18s,1.0,0.0,0.0,0.0,0.0,0.0,0.0,PASS_<20%,0.00,0.0,NO,STANDBY_VEL_LOW,1,1321.86,3268.14,132.45,FALSE,M1_DIRECTION_MISMATCH|OPENING_SHIELD_ACTIVE_18s
2026-09-07 20:04:18.895,1788811458.895,7534,18,198,4406.19,4406.27,8.0,PASS_<=10c,+0.0,FLAT,+0.0,+69.0,4.2,+0.00,0.00,SLOW,4405.50,4406.54,4403.14,4406.23,0.00,0.00,0.0,BEARISH,340.0,4406.19,4406.19,4406.19,4406.19,18,ACTIVE_18s,1.0,0.0,0.0,0.0,0.0,0.0,0.0,PASS_<20%,0.00,0.0,NO,STANDBY_VEL_LOW,1,1321.86,3268.14,132.45,FALSE,M1_DIRECTION_MISMATCH|OPENING_SHIELD_ACTIVE_18s
2026-09-07 20:04:29.270,1788811469.271,7535,19,199,4406.19,4406.27,8.0,PASS_<=10c,+0.0,FLAT,+0.0,+69.0,1.3,+0.00,0.00,SLOW,4405.50,4406.54,4403.14,4406.23,0.00,0.00,0.0,BEARISH,340.0,4406.19,4406.19,4406.19,4406.19,29,CLEARED_>=20s,1.0,0.0,0.0,0.0,0.0,0.0,0.0,PASS_<20%,0.00,0.0,NO,STANDBY_VEL_LOW,1,1321.86,3268.14,132.45,FALSE,M1_DIRECTION_MISMATCH
2026-09-07 20:04:36.101,1788811476.102,7536,20,200,4406.19,4406.27,8.0,PASS_<=10c,+0.0,FLAT,+0.0,+69.0,1.4,+0.00,0.00,SLOW,4405.50,4406.54,4403.14,4406.23,0.00,0.00,0.0,BEARISH,340.0,4406.19,4406.19,4406.19,4406.19,36,CLEARED_>=20s,1.0,0.0,0.0,0.0,0.0,0.0,0.0,PASS_<20%,0.00,0.0,NO,STANDBY_VEL_LOW,1,1321.86,3268.14,132.45,FALSE,M1_DIRECTION_MISMATCH
2026-09-07 20:04:36.466,1788811476.467,7537,21,201,4406.19,4406.27,8.0,PASS_<=10c,+0.0,FLAT,+0.0,+69.0,1.9,+0.00,0.00,SLOW,4405.50,4406.54,4403.14,4406.23,0.00,0.00,0.0,BEARISH,340.0,4406.19,4406.19,4406.19,4406.19,36,CLEARED_>=20s,1.0,0.0,0.0,0.0,0.0,0.0,0.0,PASS_<20%,0.00,0.0,NO,STANDBY_VEL_LOW,1,1321.86,3268.14,132.45,FALSE,M1_DIRECTION_MISMATCH
2026-09-07 20:04:36.969,1788811476.970,7538,22,202,4406.19,4406.27,8.0,PASS_<=10c,+0.0,FLAT,+0.0,+69.0,2.3,+0.00,0.00,SLOW,4405.50,4406.54,4403.14,4406.23,0.00,0.00,0.0,BEARISH,340.0,4406.19,4406.19,4406.19,4406.19,36,CLEARED_>=20s,1.0,0.0,0.0,0.0,0.0,0.0,0.0,PASS_<20%,0.00,0.0,NO,STANDBY_VEL_LOW,1,1321.86,3268.14,132.45,FALSE,M1_DIRECTION_MISMATCH
2026-09-07 20:04:37.471,1788811477.472,7539,23,203,4406.19,4406.27,8.0,PASS_<=10c,+0.0,FLAT,+0.0,+69.0,2.6,+0.00,0.00,SLOW,4405.50,4406.54,4403.14,4406.23,0.00,0.00,0.0,BEARISH,340.0,4406.19,4406.19,4406.19,4406.19,37,CLEARED_>=20s,1.0,0.0,0.0,0.0,0.0,0.0,0.0,PASS_<20%,0.00,0.0,NO,STANDBY_VEL_LOW,1,1321.86,3268.14,132.45,FALSE,M1_DIRECTION_MISMATCH
2026-09-07 20:04:37.973,1788811477.974,7540,24,204,4406.19,4406.27,8.0,PASS_<=10c,+0.0,FLAT,+0.0,+69.0,2.8,+0.00,0.00,SLOW,4405.50,4406.54,4403.14,4406.23,0.00,0.00,0.0,BEARISH,340.0,4406.19,4406.19,4406.19,4406.19,37,CLEARED_>=20s,1.0,0.0,0.0,0.0,0.0,0.0,0.0,PASS_<20%,0.00,0.0,NO,STANDBY_VEL_LOW,1,1321.86,3268.14,132.45,FALSE,M1_DIRECTION_MISMATCH
2026-09-07 20:04:38.475,1788811478.476,7541,25,205,4406.19,4406.27,8.0,PASS_<=10c,+0.0,FLAT,+0.0,+69.0,2.9,+0.00,0.00,SLOW,4405.50,4406.54,4403.14,4406.23,0.00,0.00,0.0,BEARISH,340.0,4406.19,4406.19,4406.19,4406.19,38,CLEARED_>=20s,1.0,0.0,0.0,0.0,0.0,0.0,0.0,PASS_<20%,0.00,0.0,NO,STANDBY_VEL_LOW,1,1321.86,3268.14,132.45,FALSE,M1_DIRECTION_MISMATCH
2026-09-07 20:04:38.975,1788811478.976,7542,26,206,4406.19,4406.27,8.0,PASS_<=10c,+0.0,FLAT,+0.0,+69.0,3.1,+0.00,0.00,SLOW,4405.50,4406.54,4403.14,4406.23,0.00,0.00,0.0,BEARISH,340.0,4406.19,4406.19,4406.19,4406.19,38,CLEARED_>=20s,1.0,0.0,0.0,0.0,0.0,0.0,0.0,PASS_<20%,0.00,0.0,NO,STANDBY_VEL_LOW,1,1321.86,3268.14,132.45,FALSE,M1_DIRECTION_MISMATCH
2026-09-07 20:04:39.477,1788811479.478,7543,27,207,4406.19,4406.27,8.0,PASS_<=10c,+0.0,FLAT,+0.0,+69.0,4.4,+0.00,0.00,SLOW,4405.50,4406.54,4403.14,4406.23,0.00,0.00,0.0,BEARISH,340.0,4406.19,4406.19,4406.19,4406.19,39,CLEARED_>=20s,1.0,0.0,0.0,0.0,0.0,0.0,0.0,PASS_<20%,0.00,0.0,NO,STANDBY_VEL_LOW,1,1321.86,3268.14,132.45,FALSE,M1_DIRECTION_MISMATCH
2026-09-07 20:04:39.979,1788811479.980,7544,28,208,4406.19,4406.27,8.0,PASS_<=10c,+0.0,FLAT,+0.0,+69.0,4.4,+0.00,0.00,SLOW,4405.50,4406.54,4403.14,4406.23,0.00,0.00,0.0,BEARISH,340.0,4406.19,4406.19,4406.19,4406.19,39,CLEARED_>=20s,1.0,0.0,0.0,0.0,0.0,0.0,0.0,PASS_<20%,0.00,0.0,NO,STANDBY_VEL_LOW,1,1321.86,3268.14,132.45,FALSE,M1_DIRECTION_MISMATCH
2026-09-07 20:04:40.482,1788811480.482,7545,29,209,4406.19,4406.27,8.0,PASS_<=10c,+0.0,FLAT,+0.0,+69.0,4.3,+0.00,0.00,SLOW,4405.50,4406.54,4403.14,4406.23,0.00,0.00,0.0,BEARISH,340.0,4406.19,4406.19,4406.19,4406.19,40,CLEARED_>=20s,1.0,0.0,0.0,0.0,0.0,0.0,0.0,PASS_<20%,0.00,0.0,NO,STANDBY_VEL_LOW,1,1321.86,3268.14,132.45,FALSE,M1_DIRECTION_MISMATCH
2026-09-07 20:04:40.984,1788811480.984,7546,30,210,4406.19,4406.27,8.0,PASS_<=10c,+0.0,FLAT,+0.0,+69.0,4.3,+0.00,0.00,SLOW,4405.50,4406.54,4403.14,4406.23,0.00,0.00,0.0,BEARISH,340.0,4406.19,4406.19,4406.19,4406.19,40,CLEARED_>=20s,1.0,0.0,0.0,0.0,0.0,0.0,0.0,PASS_<20%,0.00,0.0,NO,STANDBY_VEL_LOW,1,1321.86,3268.14,132.45,FALSE,M1_DIRECTION_MISMATCH
2026-09-07 20:04:41.485,1788811481.486,7547,31,211,4406.19,4406.27,8.0,PASS_<=10c,+0.0,FLAT,+0.0,+69.0,4.2,+0.00,0.00,SLOW,4405.50,4406.54,4403.14,4406.23,0.00,0.00,0.0,BEARISH,340.0,4406.19,4406.19,4406.19,4406.19,41,CLEARED_>=20s,1.0,0.0,0.0,0.0,0.0,0.0,0.0,PASS_<20%,0.00,0.0,NO,STANDBY_VEL_LOW,1,1321.86,3268.14,132.45,FALSE,M1_DIRECTION_MISMATCH
2026-09-07 20:04:41.987,1788811481.988,7548,32,212,4406.19,4406.27,8.0,PASS_<=10c,+0.0,FLAT,+0.0,+69.0,4.2,+0.00,0.00,SLOW,4405.50,4406.54,4403.14,4406.23,0.00,0.00,0.0,BEARISH,340.0,4406.19,4406.19,4406.19,4406.19,41,CLEARED_>=20s,1.0,0.0,0.0,0.0,0.0,0.0,0.0,PASS_<20%,0.00,0.0,NO,STANDBY_VEL_LOW,1,1321.86,3268.14,132.45,FALSE,M1_DIRECTION_MISMATCH
2026-09-07 20:04:42.488,1788811482.488,7549,33,213,4406.19,4406.27,8.0,PASS_<=10c,+0.0,FLAT,+0.0,+69.0,4.2,+0.00,0.00,SLOW,4405.50,4406.54,4403.14,4406.23,0.00,0.00,0.0,BEARISH,340.0,4406.19,4406.19,4406.19,4406.19,42,CLEARED_>=20s,1.0,0.0,0.0,0.0,0.0,0.0,0.0,PASS_<20%,0.00,0.0,NO,STANDBY_VEL_LOW,1,1321.86,3268.14,132.45,FALSE,M1_DIRECTION_MISMATCH
2026-09-07 20:04:42.990,1788811482.990,7550,34,214,4406.19,4406.27,8.0,PASS_<=10c,+0.0,FLAT,+0.0,+69.0,4.2,+0.00,0.00,SLOW,4405.50,4406.54,4403.14,4406.23,0.00,0.00,0.0,BEARISH,340.0,4406.19,4406.19,4406.19,4406.19,42,CLEARED_>=20s,1.0,0.0,0.0,0.0,0.0,0.0,0.0,PASS_<20%,0.00,0.0,NO,STANDBY_VEL_LOW,1,1321.86,3268.14,132.45,FALSE,M1_DIRECTION_MISMATCH
2026-09-07 20:04:43.490,1788811483.491,7551,35,215,4406.19,4406.27,8.0,PASS_<=10c,+0.0,FLAT,+0.0,+69.0,4.2,+0.00,0.00,SLOW,4405.50,4406.54,4403.14,4406.23,0.00,0.00,0.0,BEARISH,340.0,4406.19,4406.19,4406.19,4406.19,43,CLEARED_>=20s,1.0,0.0,0.0,0.0,0.0,0.0,0.0,PASS_<20%,0.00,0.0,NO,STANDBY_VEL_LOW,1,1321.86,3268.14,132.45,FALSE,M1_DIRECTION_MISMATCH
2026-09-07 20:04:43.991,1788811483.992,7552,36,216,4406.19,4406.27,8.0,PASS_<=10c,+0.0,FLAT,+0.0,+69.0,4.2,+0.00,0.00,SLOW,4405.50,4406.54,4403.14,4406.23,0.00,0.00,0.0,BEARISH,340.0,4406.19,4406.19,4406.19,4406.19,43,CLEARED_>=20s,1.0,0.0,0.0,0.0,0.0,0.0,0.0,PASS_<20%,0.00,0.0,NO,STANDBY_VEL_LOW,1,1321.86,3268.14,132.45,FALSE,M1_DIRECTION_MISMATCH
2026-09-07 20:04:54.374,1788811494.375,7553,37,217,4406.19,4406.27,8.0,PASS_<=10c,+0.0,FLAT,+0.0,+69.0,1.3,+0.00,0.00,SLOW,4405.50,4406.54,4403.14,4406.23,0.00,0.00,0.0,BEARISH,340.0,4406.19,4406.19,4406.19,4406.19,54,CLEARED_>=20s,1.0,0.0,0.0,0.0,0.0,0.0,0.0,PASS_<20%,0.00,0.0,NO,STANDBY_VEL_LOW,1,1321.86,3268.14,132.45,FALSE,M1_DIRECTION_MISMATCH
2026-09-07 20:05:01.006,1788811501.006,7554,1,1,4406.19,4406.27,8.0,PASS_<=10c,+0.0,FLAT,+0.0,+0.0,1.3,+0.00,0.00,SLOW,4406.19,4406.19,4406.19,4406.19,0.00,0.00,0.0,BEARISH,0.0,4406.19,4406.19,4406.19,4406.19,1,ACTIVE_1s,1.0,0.0,0.0,0.0,0.0,0.0,0.0,PASS_<20%,0.00,0.0,NO,STANDBY_VEL_LOW,1,1321.86,3268.14,132.45,FALSE,M1_DIRECTION_MISMATCH|OPENING_SHIELD_ACTIVE_0s
2026-09-07 20:05:01.360,1788811501.360,7555,2,2,4406.19,4406.27,8.0,PASS_<=10c,+0.0,FLAT,+0.0,+0.0,2.1,+0.00,0.00,SLOW,4406.19,4406.19,4406.19,4406.19,0.00,0.00,0.0,BEARISH,0.0,4406.19,4406.19,4406.19,4406.19,1,ACTIVE_1s,1.0,0.0,0.0,0.0,0.0,0.0,0.0,PASS_<20%,0.00,0.0,NO,STANDBY_VEL_LOW,1,1321.86,3268.14,132.45,FALSE,M1_DIRECTION_MISMATCH|OPENING_SHIELD_ACTIVE_1s
2026-09-07 20:05:01.863,1788811501.863,7556,3,3,4406.19,4406.27,8.0,PASS_<=10c,+0.0,FLAT,+0.0,+0.0,2.5,+0.00,0.00,SLOW,4406.19,4406.19,4406.19,4406.19,0.00,0.00,0.0,BEARISH,0.0,4406.19,4406.19,4406.19,4406.19,1,ACTIVE_1s,1.0,0.0,0.0,0.0,0.0,0.0,0.0,PASS_<20%,0.00,0.0,NO,STANDBY_VEL_LOW,1,1321.86,3268.14,132.45,FALSE,M1_DIRECTION_MISMATCH|OPENING_SHIELD_ACTIVE_1s
2026-09-07 20:05:02.364,1788811502.364,7557,4,4,4406.19,4406.27,8.0,PASS_<=10c,+0.0,FLAT,+0.0,+0.0,2.8,+0.00,0.00,SLOW,4406.19,4406.19,4406.19,4406.19,0.00,0.00,0.0,BEARISH,0.0,4406.19,4406.19,4406.19,4406.19,2,ACTIVE_2s,1.0,0.0,0.0,0.0,0.0,0.0,0.0,PASS_<20%,0.00,0.0,NO,STANDBY_VEL_LOW,1,1321.86,3268.14,132.45,FALSE,M1_DIRECTION_MISMATCH|OPENING_SHIELD_ACTIVE_2s
2026-09-07 20:05:02.865,1788811502.866,7558,5,5,4406.19,4406.27,8.0,PASS_<=10c,+0.0,FLAT,+0.0,+0.0,3.0,+0.00,0.00,SLOW,4406.19,4406.19,4406.19,4406.19,0.00,0.00,0.0,BEARISH,0.0,4406.19,4406.19,4406.19,4406.19,2,ACTIVE_2s,1.0,0.0,0.0,0.0,0.0,0.0,0.0,PASS_<20%,0.00,0.0,NO,STANDBY_VEL_LOW,1,1321.86,3268.14,132.45,FALSE,M1_DIRECTION_MISMATCH|OPENING_SHIELD_ACTIVE_2s
2026-09-07 20:05:03.367,1788811503.368,7559,6,6,4406.19,4406.27,8.0,PASS_<=10c,+0.0,FLAT,+0.0,+0.0,3.1,+0.00,0.00,SLOW,4406.19,4406.19,4406.19,4406.19,0.00,0.00,0.0,BEARISH,0.0,4406.19,4406.19,4406.19,4406.19,3,ACTIVE_3s,1.0,0.0,0.0,0.0,0.0,0.0,0.0,PASS_<20%,0.00,0.0,NO,STANDBY_VEL_LOW,1,1321.86,3268.14,132.45,FALSE,M1_DIRECTION_MISMATCH|OPENING_SHIELD_ACTIVE_3s
2026-09-07 20:05:03.870,1788811503.871,7560,7,7,4406.19,4406.27,8.0,PASS_<=10c,+0.0,FLAT,+0.0,+0.0,3.2,+0.00,0.00,SLOW,4406.19,4406.19,4406.19,4406.19,0.00,0.00,0.0,BEARISH,0.0,4406.19,4406.19,4406.19,4406.19,3,ACTIVE_3s,1.0,0.0,0.0,0.0,0.0,0.0,0.0,PASS_<20%,0.00,0.0,NO,STANDBY_VEL_LOW,1,1321.86,3268.14,132.45,FALSE,M1_DIRECTION_MISMATCH|OPENING_SHIELD_ACTIVE_3s
2026-09-07 20:05:04.372,1788811504.373,7561,8,8,4406.19,4406.27,8.0,PASS_<=10c,+0.0,FLAT,+0.0,+0.0,3.3,+0.00,0.00,SLOW,4406.19,4406.19,4406.19,4406.19,0.00,0.00,0.0,BEARISH,0.0,4406.19,4406.19,4406.19,4406.19,4,ACTIVE_4s,1.0,0.0,0.0,0.0,0.0,0.0,0.0,PASS_<20%,0.00,0.0,NO,STANDBY_VEL_LOW,1,1321.86,3268.14,132.45,FALSE,M1_DIRECTION_MISMATCH|OPENING_SHIELD_ACTIVE_4s
2026-09-07 20:05:04.873,1788811504.874,7562,9,9,4406.19,4406.27,8.0,PASS_<=10c,+0.0,FLAT,+0.0,+0.0,4.4,+0.00,0.00,SLOW,4406.19,4406.19,4406.19,4406.19,0.00,0.00,0.0,BEARISH,0.0,4406.19,4406.19,4406.19,4406.19,4,ACTIVE_4s,1.0,0.0,0.0,0.0,0.0,0.0,0.0,PASS_<20%,0.00,0.0,NO,STANDBY_VEL_LOW,1,1321.86,3268.14,132.45,FALSE,M1_DIRECTION_MISMATCH|OPENING_SHIELD_ACTIVE_4s
2026-09-07 20:05:05.376,1788811505.376,7563,10,10,4406.19,4406.27,8.0,PASS_<=10c,+0.0,FLAT,+0.0,+0.0,4.3,+0.00,0.00,SLOW,4406.19,4406.19,4406.19,4406.19,0.00,0.00,0.0,BEARISH,0.0,4406.19,4406.19,4406.19,4406.19,5,ACTIVE_5s,1.0,0.0,0.0,0.0,0.0,0.0,0.0,PASS_<20%,0.00,0.0,NO,STANDBY_VEL_LOW,1,1321.86,3268.14,132.45,FALSE,M1_DIRECTION_MISMATCH|OPENING_SHIELD_ACTIVE_5s
2026-09-07 20:05:05.878,1788811505.878,7564,11,11,4406.19,4406.27,8.0,PASS_<=10c,+0.0,FLAT,+0.0,+0.0,4.3,+0.00,0.00,SLOW,4406.19,4406.19,4406.19,4406.19,0.00,0.00,0.0,BEARISH,0.0,4406.19,4406.19,4406.19,4406.19,5,ACTIVE_5s,1.0,0.0,0.0,0.0,0.0,0.0,0.0,PASS_<20%,0.00,0.0,NO,STANDBY_VEL_LOW,1,1321.86,3268.14,132.45,FALSE,M1_DIRECTION_MISMATCH|OPENING_SHIELD_ACTIVE_5s
2026-09-07 20:05:06.378,1788811506.379,7565,12,12,4406.19,4406.27,8.0,PASS_<=10c,+0.0,FLAT,+0.0,+0.0,4.2,+0.00,0.00,SLOW,4406.19,4406.19,4406.19,4406.19,0.00,0.00,0.0,BEARISH,0.0,4406.19,4406.19,4406.19,4406.19,6,ACTIVE_6s,1.0,0.0,0.0,0.0,0.0,0.0,0.0,PASS_<20%,0.00,0.0,NO,STANDBY_VEL_LOW,1,1321.86,3268.14,132.45,FALSE,M1_DIRECTION_MISMATCH|OPENING_SHIELD_ACTIVE_6s
2026-09-07 20:05:06.881,1788811506.881,7566,13,13,4406.19,4406.27,8.0,PASS_<=10c,+0.0,FLAT,+0.0,+69.0,4.2,+0.00,0.00,SLOW,4405.50,4406.54,4403.14,4406.23,0.00,0.00,0.0,BEARISH,340.0,4406.19,4406.19,4406.19,4406.19,6,ACTIVE_6s,1.0,0.0,0.0,0.0,0.0,0.0,0.0,PASS_<20%,0.00,0.0,NO,STANDBY_VEL_LOW,1,1321.86,3268.14,132.45,FALSE,M1_DIRECTION_MISMATCH|OPENING_SHIELD_ACTIVE_6s
2026-09-07 20:05:07.383,1788811507.384,7567,14,14,4406.19,4406.27,8.0,PASS_<=10c,+0.0,FLAT,+0.0,+69.0,4.2,+0.00,0.00,SLOW,4405.50,4406.54,4403.14,4406.23,0.00,0.00,0.0,BEARISH,340.0,4406.19,4406.19,4406.19,4406.19,7,ACTIVE_7s,1.0,0.0,0.0,0.0,0.0,0.0,0.0,PASS_<20%,0.00,0.0,NO,STANDBY_VEL_LOW,1,1321.86,3268.14,132.45,FALSE,M1_DIRECTION_MISMATCH|OPENING_SHIELD_ACTIVE_7s
2026-09-07 20:05:07.884,1788811507.885,7568,15,15,4406.19,4406.27,8.0,PASS_<=10c,+0.0,FLAT,+0.0,+69.0,4.2,+0.00,0.00,SLOW,4405.50,4406.54,4403.14,4406.23,0.00,0.00,0.0,BEARISH,340.0,4406.19,4406.19,4406.19,4406.19,7,ACTIVE_7s,1.0,0.0,0.0,0.0,0.0,0.0,0.0,PASS_<20%,0.00,0.0,NO,STANDBY_VEL_LOW,1,1321.86,3268.14,132.45,FALSE,M1_DIRECTION_MISMATCH|OPENING_SHIELD_ACTIVE_7s
2026-09-07 20:05:08.386,1788811508.386,7569,16,16,4406.19,4406.27,8.0,PASS_<=10c,+0.0,FLAT,+0.0,+69.0,4.2,+0.00,0.00,SLOW,4405.50,4406.54,4403.14,4406.23,0.00,0.00,0.0,BEARISH,340.0,4406.19,4406.19,4406.19,4406.19,8,ACTIVE_8s,1.0,0.0,0.0,0.0,0.0,0.0,0.0,PASS_<20%,0.00,0.0,NO,STANDBY_VEL_LOW,1,1321.86,3268.14,132.45,FALSE,M1_DIRECTION_MISMATCH|OPENING_SHIELD_ACTIVE_8s
2026-09-07 20:05:08.887,1788811508.888,7570,17,17,4406.19,4406.27,8.0,PASS_<=10c,+0.0,FLAT,+0.0,+69.0,4.2,+0.00,0.00,SLOW,4405.50,4406.54,4403.14,4406.23,0.00,0.00,0.0,BEARISH,340.0,4406.19,4406.19,4406.19,4406.19,8,ACTIVE_8s,1.0,0.0,0.0,0.0,0.0,0.0,0.0,PASS_<20%,0.00,0.0,NO,STANDBY_VEL_LOW,1,1321.86,3268.14,132.45,FALSE,M1_DIRECTION_MISMATCH|OPENING_SHIELD_ACTIVE_8s
2026-09-07 20:05:19.266,1788811519.267,7571,18,18,4406.19,4406.27,8.0,PASS_<=10c,+0.0,FLAT,+0.0,+69.0,1.3,+0.00,0.00,SLOW,4405.50,4406.54,4403.14,4406.23,0.00,0.00,0.0,BEARISH,340.0,4406.19,4406.19,4406.19,4406.19,19,ACTIVE_19s,1.0,0.0,0.0,0.0,0.0,0.0,0.0,PASS_<20%,0.00,0.0,NO,STANDBY_VEL_LOW,1,1321.86,3268.14,132.45,FALSE,M1_DIRECTION_MISMATCH|OPENING_SHIELD_ACTIVE_19s
2026-09-07 20:05:25.090,1788811525.090,7572,19,19,4406.19,4406.27,8.0,PASS_<=10c,+0.0,FLAT,+0.0,+69.0,2.0,+0.00,0.00,SLOW,4405.50,4406.54,4403.14,4406.23,0.00,0.00,0.0,BEARISH,340.0,4406.19,4406.19,4406.19,4406.19,25,CLEARED_>=20s,1.0,0.0,0.0,0.0,0.0,0.0,0.0,PASS_<20%,0.00,0.0,NO,STANDBY_VEL_LOW,1,1321.86,3268.14,132.45,FALSE,M1_DIRECTION_MISMATCH
2026-09-07 20:05:25.445,1788811525.446,7573,20,20,4406.19,4406.27,8.0,PASS_<=10c,+0.0,FLAT,+0.0,+69.0,3.8,+0.00,0.00,SLOW,4405.50,4406.54,4403.14,4406.23,0.00,0.00,0.0,BEARISH,340.0,4406.19,4406.19,4406.19,4406.19,25,CLEARED_>=20s,1.0,0.0,0.0,0.0,0.0,0.0,0.0,PASS_<20%,0.00,0.0,NO,STANDBY_VEL_LOW,1,1321.86,3268.14,132.45,FALSE,M1_DIRECTION_MISMATCH
2026-09-07 20:05:25.947,1788811525.947,7574,21,21,4406.19,4406.27,8.0,PASS_<=10c,+0.0,FLAT,+0.0,+69.0,3.8,+0.00,0.00,SLOW,4405.50,4406.54,4403.14,4406.23,0.00,0.00,0.0,BEARISH,340.0,4406.19,4406.19,4406.19,4406.19,25,CLEARED_>=20s,1.0,0.0,0.0,0.0,0.0,0.0,0.0,PASS_<20%,0.00,0.0,NO,STANDBY_VEL_LOW,1,1321.86,3268.14,132.45,FALSE,M1_DIRECTION_MISMATCH
2026-09-07 20:05:26.449,1788811526.449,7575,22,22,4406.19,4406.27,8.0,PASS_<=10c,+0.0,FLAT,+0.0,+69.0,3.9,+0.00,0.00,SLOW,4405.50,4406.54,4403.14,4406.23,0.00,0.00,0.0,BEARISH,340.0,4406.19,4406.19,4406.19,4406.19,26,CLEARED_>=20s,1.0,0.0,0.0,0.0,0.0,0.0,0.0,PASS_<20%,0.00,0.0,NO,STANDBY_VEL_LOW,1,1321.86,3268.14,132.45,FALSE,M1_DIRECTION_MISMATCH
2026-09-07 20:05:26.951,1788811526.951,7576,23,23,4406.19,4406.27,8.0,PASS_<=10c,+0.0,FLAT,+0.0,+69.0,3.9,+0.00,0.00,SLOW,4405.50,4406.54,4403.14,4406.23,0.00,0.00,0.0,BEARISH,340.0,4406.19,4406.19,4406.19,4406.19,26,CLEARED_>=20s,1.0,0.0,0.0,0.0,0.0,0.0,0.0,PASS_<20%,0.00,0.0,NO,STANDBY_VEL_LOW,1,1321.86,3268.14,132.45,FALSE,M1_DIRECTION_MISMATCH
2026-09-07 20:05:27.453,1788811527.453,7577,24,24,4406.19,4406.27,8.0,PASS_<=10c,+0.0,FLAT,+0.0,+69.0,3.9,+0.00,0.00,SLOW,4405.50,4406.54,4403.14,4406.23,0.00,0.00,0.0,BEARISH,340.0,4406.19,4406.19,4406.19,4406.19,27,CLEARED_>=20s,1.0,0.0,0.0,0.0,0.0,0.0,0.0,PASS_<20%,0.00,0.0,NO,STANDBY_VEL_LOW,1,1321.86,3268.14,132.45,FALSE,M1_DIRECTION_MISMATCH
2026-09-07 20:05:27.954,1788811527.955,7578,25,25,4406.19,4406.27,8.0,PASS_<=10c,+0.0,FLAT,+0.0,+69.0,3.9,+0.00,0.00,SLOW,4405.50,4406.54,4403.14,4406.23,0.00,0.00,0.0,BEARISH,340.0,4406.19,4406.19,4406.19,4406.19,27,CLEARED_>=20s,1.0,0.0,0.0,0.0,0.0,0.0,0.0,PASS_<20%,0.00,0.0,NO,STANDBY_VEL_LOW,1,1321.86,3268.14,132.45,FALSE,M1_DIRECTION_MISMATCH
2026-09-07 20:05:28.457,1788811528.457,7579,26,26,4406.19,4406.27,8.0,PASS_<=10c,+0.0,FLAT,+0.0,+69.0,3.9,+0.00,0.00,SLOW,4405.50,4406.54,4403.14,4406.23,0.00,0.00,0.0,BEARISH,340.0,4406.19,4406.19,4406.19,4406.19,28,CLEARED_>=20s,1.0,0.0,0.0,0.0,0.0,0.0,0.0,PASS_<20%,0.00,0.0,NO,STANDBY_VEL_LOW,1,1321.86,3268.14,132.45,FALSE,M1_DIRECTION_MISMATCH
2026-09-07 20:05:28.959,1788811528.959,7580,27,27,4406.19,4406.27,8.0,PASS_<=10c,+0.0,FLAT,+0.0,+69.0,3.9,+0.00,0.00,SLOW,4405.50,4406.54,4403.14,4406.23,0.00,0.00,0.0,BEARISH,340.0,4406.19,4406.19,4406.19,4406.19,28,CLEARED_>=20s,1.0,0.0,0.0,0.0,0.0,0.0,0.0,PASS_<20%,0.00,0.0,NO,STANDBY_VEL_LOW,1,1321.86,3268.14,132.45,FALSE,M1_DIRECTION_MISMATCH
2026-09-07 20:05:29.460,1788811529.461,7581,28,28,4406.19,4406.27,8.0,PASS_<=10c,+0.0,FLAT,+0.0,+69.0,4.3,+0.00,0.00,SLOW,4405.50,4406.54,4403.14,4406.23,0.00,0.00,0.0,BEARISH,340.0,4406.19,4406.19,4406.19,4406.19,29,CLEARED_>=20s,1.0,0.0,0.0,0.0,0.0,0.0,0.0,PASS_<20%,0.00,0.0,NO,STANDBY_VEL_LOW,1,1321.86,3268.14,132.45,FALSE,M1_DIRECTION_MISMATCH
2026-09-07 20:05:29.961,1788811529.962,7582,29,29,4406.19,4406.27,8.0,PASS_<=10c,+0.0,FLAT,+0.0,+69.0,4.3,+0.00,0.00,SLOW,4405.50,4406.54,4403.14,4406.23,0.00,0.00,0.0,BEARISH,340.0,4406.19,4406.19,4406.19,4406.19,29,CLEARED_>=20s,1.0,0.0,0.0,0.0,0.0,0.0,0.0,PASS_<20%,0.00,0.0,NO,STANDBY_VEL_LOW,1,1321.86,3268.14,132.45,FALSE,M1_DIRECTION_MISMATCH
2026-09-07 20:05:30.464,1788811530.464,7583,30,30,4406.19,4406.27,8.0,PASS_<=10c,+0.0,FLAT,+0.0,+69.0,4.2,+0.00,0.00,SLOW,4405.50,4406.54,4403.14,4406.23,0.00,0.00,0.0,BEARISH,340.0,4406.19,4406.19,4406.19,4406.19,30,CLEARED_>=20s,1.0,0.0,0.0,0.0,0.0,0.0,0.0,PASS_<20%,0.00,0.0,NO,STANDBY_VEL_LOW,1,1321.86,3268.14,132.45,FALSE,M1_DIRECTION_MISMATCH
2026-09-07 20:05:30.965,1788811530.965,7584,31,31,4406.19,4406.27,8.0,PASS_<=10c,+0.0,FLAT,+0.0,+69.0,4.2,+0.00,0.00,SLOW,4405.50,4406.54,4403.14,4406.23,0.00,0.00,0.0,BEARISH,340.0,4406.19,4406.19,4406.19,4406.19,30,CLEARED_>=20s,1.0,0.0,0.0,0.0,0.0,0.0,0.0,PASS_<20%,0.00,0.0,NO,STANDBY_VEL_LOW,1,1321.86,3268.14,132.45,FALSE,M1_DIRECTION_MISMATCH
2026-09-07 20:05:31.467,1788811531.468,7585,32,32,4406.19,4406.27,8.0,PASS_<=10c,+0.0,FLAT,+0.0,+69.0,4.2,+0.00,0.00,SLOW,4405.50,4406.54,4403.14,4406.23,0.00,0.00,0.0,BEARISH,340.0,4406.19,4406.19,4406.19,4406.19,31,CLEARED_>=20s,1.0,0.0,0.0,0.0,0.0,0.0,0.0,PASS_<20%,0.00,0.0,NO,STANDBY_VEL_LOW,1,1321.86,3268.14,132.45,FALSE,M1_DIRECTION_MISMATCH
2026-09-07 20:05:31.967,1788811531.968,7586,33,33,4406.19,4406.27,8.0,PASS_<=10c,+0.0,FLAT,+0.0,+69.0,4.2,+0.00,0.00,SLOW,4405.50,4406.54,4403.14,4406.23,0.00,0.00,0.0,BEARISH,340.0,4406.19,4406.19,4406.19,4406.19,31,CLEARED_>=20s,1.0,0.0,0.0,0.0,0.0,0.0,0.0,PASS_<20%,0.00,0.0,NO,STANDBY_VEL_LOW,1,1321.86,3268.14,132.45,FALSE,M1_DIRECTION_MISMATCH
2026-09-07 20:05:32.469,1788811532.469,7587,34,34,4406.19,4406.27,8.0,PASS_<=10c,+0.0,FLAT,+0.0,+69.0,4.2,+0.00,0.00,SLOW,4405.50,4406.54,4403.14,4406.23,0.00,0.00,0.0,BEARISH,340.0,4406.19,4406.19,4406.19,4406.19,32,CLEARED_>=20s,1.0,0.0,0.0,0.0,0.0,0.0,0.0,PASS_<20%,0.00,0.0,NO,STANDBY_VEL_LOW,1,1321.86,3268.14,132.45,FALSE,M1_DIRECTION_MISMATCH
2026-09-07 20:05:32.970,1788811532.971,7588,35,35,4406.19,4406.27,8.0,PASS_<=10c,+0.0,FLAT,+0.0,+69.0,4.2,+0.00,0.00,SLOW,4405.50,4406.54,4403.14,4406.23,0.00,0.00,0.0,BEARISH,340.0,4406.19,4406.19,4406.19,4406.19,32,CLEARED_>=20s,1.0,0.0,0.0,0.0,0.0,0.0,0.0,PASS_<20%,0.00,0.0,NO,STANDBY_VEL_LOW,1,1321.86,3268.14,132.45,FALSE,M1_DIRECTION_MISMATCH
2026-09-07 20:05:43.349,1788811543.349,7589,36,36,4406.19,4406.27,8.0,PASS_<=10c,+0.0,FLAT,+0.0,+69.0,1.3,+0.00,0.00,SLOW,4405.50,4406.54,4403.14,4406.23,0.00,0.00,0.0,BEARISH,340.0,4406.19,4406.19,4406.19,4406.19,43,CLEARED_>=20s,1.0,0.0,0.0,0.0,0.0,0.0,0.0,PASS_<20%,0.00,0.0,NO,STANDBY_VEL_LOW,1,1321.86,3268.14,132.45,FALSE,M1_DIRECTION_MISMATCH
2026-09-07 20:05:50.182,1788811550.183,7590,37,37,4406.19,4406.27,8.0,PASS_<=10c,+0.0,FLAT,+0.0,+69.0,1.3,+0.00,0.00,SLOW,4405.50,4406.54,4403.14,4406.23,0.00,0.00,0.0,BEARISH,340.0,4406.19,4406.19,4406.19,4406.19,50,CLEARED_>=20s,1.0,0.0,0.0,0.0,0.0,0.0,0.0,PASS_<20%,0.00,0.0,NO,STANDBY_VEL_LOW,1,1321.86,3268.14,132.45,FALSE,M1_DIRECTION_MISMATCH
2026-09-07 20:05:50.537,1788811550.538,7591,38,38,4406.19,4406.27,8.0,PASS_<=10c,+0.0,FLAT,+0.0,+69.0,1.9,+0.00,0.00,SLOW,4405.50,4406.54,4403.14,4406.23,0.00,0.00,0.0,BEARISH,340.0,4406.19,4406.19,4406.19,4406.19,50,CLEARED_>=20s,1.0,0.0,0.0,0.0,0.0,0.0,0.0,PASS_<20%,0.00,0.0,NO,STANDBY_VEL_LOW,1,1321.86,3268.14,132.45,FALSE,M1_DIRECTION_MISMATCH
2026-09-07 20:05:51.039,1788811551.039,7592,39,39,4406.19,4406.27,8.0,PASS_<=10c,+0.0,FLAT,+0.0,+69.0,2.3,+0.00,0.00,SLOW,4405.50,4406.54,4403.14,4406.23,0.00,0.00,0.0,BEARISH,340.0,4406.19,4406.19,4406.19,4406.19,51,CLEARED_>=20s,1.0,0.0,0.0,0.0,0.0,0.0,0.0,PASS_<20%,0.00,0.0,NO,STANDBY_VEL_LOW,1,1321.86,3268.14,132.45,FALSE,M1_DIRECTION_MISMATCH
2026-09-07 20:05:51.540,1788811551.541,7593,40,40,4406.19,4406.27,8.0,PASS_<=10c,+0.0,FLAT,+0.0,+69.0,2.6,+0.00,0.00,SLOW,4405.50,4406.54,4403.14,4406.23,0.00,0.00,0.0,BEARISH,340.0,4406.19,4406.19,4406.19,4406.19,51,CLEARED_>=20s,1.0,0.0,0.0,0.0,0.0,0.0,0.0,PASS_<20%,0.00,0.0,NO,STANDBY_VEL_LOW,1,1321.86,3268.14,132.45,FALSE,M1_DIRECTION_MISMATCH
2026-09-07 20:05:52.044,1788811552.044,7594,41,41,4406.19,4406.27,8.0,PASS_<=10c,+0.0,FLAT,+0.0,+69.0,2.8,+0.00,0.00,SLOW,4405.50,4406.54,4403.14,4406.23,0.00,0.00,0.0,BEARISH,340.0,4406.19,4406.19,4406.19,4406.19,52,CLEARED_>=20s,1.0,0.0,0.0,0.0,0.0,0.0,0.0,PASS_<20%,0.00,0.0,NO,STANDBY_VEL_LOW,1,1321.86,3268.14,132.45,FALSE,M1_DIRECTION_MISMATCH
2026-09-07 20:05:52.544,1788811552.545,7595,42,42,4406.19,4406.27,8.0,PASS_<=10c,+0.0,FLAT,+0.0,+69.0,2.9,+0.00,0.00,SLOW,4405.50,4406.54,4403.14,4406.23,0.00,0.00,0.0,BEARISH,340.0,4406.19,4406.19,4406.19,4406.19,52,CLEARED_>=20s,1.0,0.0,0.0,0.0,0.0,0.0,0.0,PASS_<20%,0.00,0.0,NO,STANDBY_VEL_LOW,1,1321.86,3268.14,132.45,FALSE,M1_DIRECTION_MISMATCH
2026-09-07 20:05:53.046,1788811553.047,7596,43,43,4406.19,4406.27,8.0,PASS_<=10c,+0.0,FLAT,+0.0,+69.0,3.1,+0.00,0.00,SLOW,4405.50,4406.54,4403.14,4406.23,0.00,0.00,0.0,BEARISH,340.0,4406.19,4406.19,4406.19,4406.19,53,CLEARED_>=20s,1.0,0.0,0.0,0.0,0.0,0.0,0.0,PASS_<20%,0.00,0.0,NO,STANDBY_VEL_LOW,1,1321.86,3268.14,132.45,FALSE,M1_DIRECTION_MISMATCH
2026-09-07 20:05:53.548,1788811553.549,7597,44,44,4406.19,4406.27,8.0,PASS_<=10c,+0.0,FLAT,+0.0,+69.0,4.5,+0.00,0.00,SLOW,4405.50,4406.54,4403.14,4406.23,0.00,0.00,0.0,BEARISH,340.0,4406.19,4406.19,4406.19,4406.19,53,CLEARED_>=20s,1.0,0.0,0.0,0.0,0.0,0.0,0.0,PASS_<20%,0.00,0.0,NO,STANDBY_VEL_LOW,1,1321.86,3268.14,132.45,FALSE,M1_DIRECTION_MISMATCH
2026-09-07 20:05:54.051,1788811554.051,7598,45,45,4406.19,4406.27,8.0,PASS_<=10c,+0.0,FLAT,+0.0,+69.0,4.4,+0.00,0.00,SLOW,4405.50,4406.54,4403.14,4406.23,0.00,0.00,0.0,BEARISH,340.0,4406.19,4406.19,4406.19,4406.19,54,CLEARED_>=20s,1.0,0.0,0.0,0.0,0.0,0.0,0.0,PASS_<20%,0.00,0.0,NO,STANDBY_VEL_LOW,1,1321.86,3268.14,132.45,FALSE,M1_DIRECTION_MISMATCH
2026-09-07 20:05:54.552,1788811554.553,7599,46,46,4406.19,4406.27,8.0,PASS_<=10c,+0.0,FLAT,+0.0,+69.0,4.3,+0.00,0.00,SLOW,4405.50,4406.54,4403.14,4406.23,0.00,0.00,0.0,BEARISH,340.0,4406.19,4406.19,4406.19,4406.19,54,CLEARED_>=20s,1.0,0.0,0.0,0.0,0.0,0.0,0.0,PASS_<20%,0.00,0.0,NO,STANDBY_VEL_LOW,1,1321.86,3268.14,132.45,FALSE,M1_DIRECTION_MISMATCH
2026-09-07 20:05:55.055,1788811555.055,7600,47,47,4406.19,4406.27,8.0,PASS_<=10c,+0.0,FLAT,+0.0,+69.0,4.3,+0.00,0.00,SLOW,4405.50,4406.54,4403.14,4406.23,0.00,0.00,0.0,BEARISH,340.0,4406.19,4406.19,4406.19,4406.19,55,CLEARED_>=20s,1.0,0.0,0.0,0.0,0.0,0.0,0.0,PASS_<20%,0.00,0.0,NO,STANDBY_VEL_LOW,1,1321.86,3268.14,132.45,FALSE,M1_DIRECTION_MISMATCH
2026-09-07 20:05:55.556,1788811555.557,7601,48,48,4406.19,4406.27,8.0,PASS_<=10c,+0.0,FLAT,+0.0,+69.0,4.2,+0.00,0.00,SLOW,4405.50,4406.54,4403.14,4406.23,0.00,0.00,0.0,BEARISH,340.0,4406.19,4406.19,4406.19,4406.19,55,CLEARED_>=20s,1.0,0.0,0.0,0.0,0.0,0.0,0.0,PASS_<20%,0.00,0.0,NO,STANDBY_VEL_LOW,1,1321.86,3268.14,132.45,FALSE,M1_DIRECTION_MISMATCH
2026-09-07 20:05:56.058,1788811556.059,7602,49,49,4406.19,4406.27,8.0,PASS_<=10c,+0.0,FLAT,+0.0,+69.0,4.2,+0.00,0.00,SLOW,4405.50,4406.54,4403.14,4406.23,0.00,0.00,0.0,BEARISH,340.0,4406.19,4406.19,4406.19,4406.19,56,CLEARED_>=20s,1.0,0.0,0.0,0.0,0.0,0.0,0.0,PASS_<20%,0.00,0.0,NO,STANDBY_VEL_LOW,1,1321.86,3268.14,132.45,FALSE,M1_DIRECTION_MISMATCH
2026-09-07 20:05:56.560,1788811556.560,7603,50,50,4406.19,4406.27,8.0,PASS_<=10c,+0.0,FLAT,+0.0,+69.0,4.2,+0.00,0.00,SLOW,4405.50,4406.54,4403.14,4406.23,0.00,0.00,0.0,BEARISH,340.0,4406.19,4406.19,4406.19,4406.19,56,CLEARED_>=20s,1.0,0.0,0.0,0.0,0.0,0.0,0.0,PASS_<20%,0.00,0.0,NO,STANDBY_VEL_LOW,1,1321.86,3268.14,132.45,FALSE,M1_DIRECTION_MISMATCH
2026-09-07 20:05:57.062,1788811557.063,7604,51,51,4406.19,4406.27,8.0,PASS_<=10c,+0.0,FLAT,+0.0,+69.0,4.2,+0.00,0.00,SLOW,4405.50,4406.54,4403.14,4406.23,0.00,0.00,0.0,BEARISH,340.0,4406.19,4406.19,4406.19,4406.19,57,CLEARED_>=20s,1.0,0.0,0.0,0.0,0.0,0.0,0.0,PASS_<20%,0.00,0.0,NO,STANDBY_VEL_LOW,1,1321.86,3268.14,132.45,FALSE,M1_DIRECTION_MISMATCH
2026-09-07 20:05:57.563,1788811557.564,7605,52,52,4406.19,4406.27,8.0,PASS_<=10c,+0.0,FLAT,+0.0,+69.0,4.2,+0.00,0.00,SLOW,4405.50,4406.54,4403.14,4406.23,0.00,0.00,0.0,BEARISH,340.0,4406.19,4406.19,4406.19,4406.19,57,CLEARED_>=20s,1.0,0.0,0.0,0.0,0.0,0.0,0.0,PASS_<20%,0.00,0.0,NO,STANDBY_VEL_LOW,1,1321.86,3268.14,132.45,FALSE,M1_DIRECTION_MISMATCH
2026-09-07 20:05:58.065,1788811558.066,7606,53,53,4406.19,4406.27,8.0,PASS_<=10c,+0.0,FLAT,+0.0,+69.0,4.2,+0.00,0.00,SLOW,4405.50,4406.54,4403.14,4406.23,0.00,0.00,0.0,BEARISH,340.0,4406.19,4406.19,4406.19,4406.19,58,CLEARED_>=20s,1.0,0.0,0.0,0.0,0.0,0.0,0.0,PASS_<20%,0.00,0.0,NO,STANDBY_VEL_LOW,1,1321.86,3268.14,132.45,FALSE,M1_DIRECTION_MISMATCH
2026-09-07 20:06:08.461,1788811568.461,7607,1,54,4406.19,4406.27,8.0,PASS_<=10c,+0.0,FLAT,+0.0,+69.0,1.3,+0.00,0.00,SLOW,4405.50,4406.54,4403.14,4406.23,0.00,0.00,0.0,BEARISH,340.0,4406.19,4406.19,4406.19,4406.19,8,ACTIVE_8s,1.0,0.0,0.0,0.0,0.0,0.0,0.0,PASS_<20%,0.00,0.0,NO,STANDBY_VEL_LOW,1,1321.86,3268.14,132.45,FALSE,M1_DIRECTION_MISMATCH|OPENING_SHIELD_ACTIVE_8s
2026-09-07 20:06:16.086,1788811576.087,7608,2,55,4406.19,4406.27,8.0,PASS_<=10c,+0.0,FLAT,+0.0,+69.0,1.3,+0.00,0.00,SLOW,4405.50,4406.54,4403.14,4406.23,0.00,0.00,0.0,BEARISH,340.0,4406.19,4406.19,4406.19,4406.19,16,ACTIVE_16s,1.0,0.0,0.0,0.0,0.0,0.0,0.0,PASS_<20%,0.00,0.0,NO,STANDBY_VEL_LOW,1,1321.86,3268.14,132.45,FALSE,M1_DIRECTION_MISMATCH|OPENING_SHIELD_ACTIVE_16s
2026-09-07 20:06:16.441,1788811576.442,7609,3,56,4406.19,4406.27,8.0,PASS_<=10c,+0.0,FLAT,+0.0,+69.0,1.4,+0.00,0.00,SLOW,4405.50,4406.54,4403.14,4406.23,0.00,0.00,0.0,BEARISH,340.0,4406.19,4406.19,4406.19,4406.19,16,ACTIVE_16s,1.0,0.0,0.0,0.0,0.0,0.0,0.0,PASS_<20%,0.00,0.0,NO,STANDBY_VEL_LOW,1,1321.86,3268.14,132.45,FALSE,M1_DIRECTION_MISMATCH|OPENING_SHIELD_ACTIVE_16s
2026-09-07 20:06:16.943,1788811576.944,7610,4,57,4406.19,4406.27,8.0,PASS_<=10c,+0.0,FLAT,+0.0,+69.0,1.8,+0.00,0.00,SLOW,4405.50,4406.54,4403.14,4406.23,0.00,0.00,0.0,BEARISH,340.0,4406.19,4406.19,4406.19,4406.19,16,ACTIVE_16s,1.0,0.0,0.0,0.0,0.0,0.0,0.0,PASS_<20%,0.00,0.0,NO,STANDBY_VEL_LOW,1,1321.86,3268.14,132.45,FALSE,M1_DIRECTION_MISMATCH|OPENING_SHIELD_ACTIVE_16s
2026-09-07 20:06:17.445,1788811577.445,7611,5,58,4406.19,4406.27,8.0,PASS_<=10c,+0.0,FLAT,+0.0,+69.0,2.1,+0.00,0.00,SLOW,4405.50,4406.54,4403.14,4406.23,0.00,0.00,0.0,BEARISH,340.0,4406.19,4406.19,4406.19,4406.19,17,ACTIVE_17s,1.0,0.0,0.0,0.0,0.0,0.0,0.0,PASS_<20%,0.00,0.0,NO,STANDBY_VEL_LOW,1,1321.86,3268.14,132.45,FALSE,M1_DIRECTION_MISMATCH|OPENING_SHIELD_ACTIVE_17s
2026-09-07 20:06:17.946,1788811577.947,7612,6,59,4406.19,4406.27,8.0,PASS_<=10c,+0.0,FLAT,+0.0,+69.0,2.3,+0.00,0.00,SLOW,4405.50,4406.54,4403.14,4406.23,0.00,0.00,0.0,BEARISH,340.0,4406.19,4406.19,4406.19,4406.19,17,ACTIVE_17s,1.0,0.0,0.0,0.0,0.0,0.0,0.0,PASS_<20%,0.00,0.0,NO,STANDBY_VEL_LOW,1,1321.86,3268.14,132.45,FALSE,M1_DIRECTION_MISMATCH|OPENING_SHIELD_ACTIVE_17s
2026-09-07 20:06:18.448,1788811578.448,7613,7,60,4406.19,4406.27,8.0,PASS_<=10c,+0.0,FLAT,+0.0,+69.0,2.5,+0.00,0.00,SLOW,4405.50,4406.54,4403.14,4406.23,0.00,0.00,0.0,BEARISH,340.0,4406.19,4406.19,4406.19,4406.19,18,ACTIVE_18s,1.0,0.0,0.0,0.0,0.0,0.0,0.0,PASS_<20%,0.00,0.0,NO,STANDBY_VEL_LOW,1,1321.86,3268.14,132.45,FALSE,M1_DIRECTION_MISMATCH|OPENING_SHIELD_ACTIVE_18s
2026-09-07 20:06:18.949,1788811578.950,7614,8,61,4406.19,4406.27,8.0,PASS_<=10c,+0.0,FLAT,+0.0,+69.0,4.5,+0.00,0.00,SLOW,4405.50,4406.54,4403.14,4406.23,0.00,0.00,0.0,BEARISH,340.0,4406.19,4406.19,4406.19,4406.19,18,ACTIVE_18s,1.0,0.0,0.0,0.0,0.0,0.0,0.0,PASS_<20%,0.00,0.0,NO,STANDBY_VEL_LOW,1,1321.86,3268.14,132.45,FALSE,M1_DIRECTION_MISMATCH|OPENING_SHIELD_ACTIVE_18s
2026-09-07 20:06:19.450,1788811579.450,7615,9,62,4406.19,4406.27,8.0,PASS_<=10c,+0.0,FLAT,+0.0,+69.0,4.5,+0.00,0.00,SLOW,4405.50,4406.54,4403.14,4406.23,0.00,0.00,0.0,BEARISH,340.0,4406.19,4406.19,4406.19,4406.19,19,ACTIVE_19s,1.0,0.0,0.0,0.0,0.0,0.0,0.0,PASS_<20%,0.00,0.0,NO,STANDBY_VEL_LOW,1,1321.86,3268.14,132.45,FALSE,M1_DIRECTION_MISMATCH|OPENING_SHIELD_ACTIVE_19s
2026-09-07 20:06:19.952,1788811579.952,7616,10,63,4406.19,4406.27,8.0,PASS_<=10c,+0.0,FLAT,+0.0,+69.0,4.4,+0.00,0.00,SLOW,4405.50,4406.54,4403.14,4406.23,0.00,0.00,0.0,BEARISH,340.0,4406.19,4406.19,4406.19,4406.19,19,ACTIVE_19s,1.0,0.0,0.0,0.0,0.0,0.0,0.0,PASS_<20%,0.00,0.0,NO,STANDBY_VEL_LOW,1,1321.86,3268.14,132.45,FALSE,M1_DIRECTION_MISMATCH|OPENING_SHIELD_ACTIVE_19s
2026-09-07 20:06:20.453,1788811580.454,7617,11,64,4406.19,4406.27,8.0,PASS_<=10c,+0.0,FLAT,+0.0,+69.0,4.4,+0.00,0.00,SLOW,4405.50,4406.54,4403.14,4406.23,0.00,0.00,0.0,BEARISH,340.0,4406.19,4406.19,4406.19,4406.19,20,CLEARED_>=20s,1.0,0.0,0.0,0.0,0.0,0.0,0.0,PASS_<20%,0.00,0.0,NO,STANDBY_VEL_LOW,1,1321.86,3268.14,132.45,FALSE,M1_DIRECTION_MISMATCH
2026-09-07 20:06:20.955,1788811580.956,7618,12,65,4406.19,4406.27,8.0,PASS_<=10c,+0.0,FLAT,+0.0,+69.0,4.3,+0.00,0.00,SLOW,4405.50,4406.54,4403.14,4406.23,0.00,0.00,0.0,BEARISH,340.0,4406.19,4406.19,4406.19,4406.19,20,CLEARED_>=20s,1.0,0.0,0.0,0.0,0.0,0.0,0.0,PASS_<20%,0.00,0.0,NO,STANDBY_VEL_LOW,1,1321.86,3268.14,132.45,FALSE,M1_DIRECTION_MISMATCH
2026-09-07 20:06:21.458,1788811581.459,7619,13,66,4406.19,4406.27,8.0,PASS_<=10c,+0.0,FLAT,+0.0,+69.0,4.2,+0.00,0.00,SLOW,4405.50,4406.54,4403.14,4406.23,0.00,0.00,0.0,BEARISH,340.0,4406.19,4406.19,4406.19,4406.19,21,CLEARED_>=20s,1.0,0.0,0.0,0.0,0.0,0.0,0.0,PASS_<20%,0.00,0.0,NO,STANDBY_VEL_LOW,1,1321.86,3268.14,132.45,FALSE,M1_DIRECTION_MISMATCH
2026-09-07 20:06:21.959,1788811581.960,7620,14,67,4406.19,4406.27,8.0,PASS_<=10c,+0.0,FLAT,+0.0,+69.0,4.2,+0.00,0.00,SLOW,4405.50,4406.54,4403.14,4406.23,0.00,0.00,0.0,BEARISH,340.0,4406.19,4406.19,4406.19,4406.19,21,CLEARED_>=20s,1.0,0.0,0.0,0.0,0.0,0.0,0.0,PASS_<20%,0.00,0.0,NO,STANDBY_VEL_LOW,1,1321.86,3268.14,132.45,FALSE,M1_DIRECTION_MISMATCH
2026-09-07 20:06:22.460,1788811582.461,7621,15,68,4406.19,4406.27,8.0,PASS_<=10c,+0.0,FLAT,+0.0,+69.0,4.2,+0.00,0.00,SLOW,4405.50,4406.54,4403.14,4406.23,0.00,0.00,0.0,BEARISH,340.0,4406.19,4406.19,4406.19,4406.19,22,CLEARED_>=20s,1.0,0.0,0.0,0.0,0.0,0.0,0.0,PASS_<20%,0.00,0.0,NO,STANDBY_VEL_LOW,1,1321.86,3268.14,132.45,FALSE,M1_DIRECTION_MISMATCH
2026-09-07 20:06:22.962,1788811582.963,7622,16,69,4406.19,4406.27,8.0,PASS_<=10c,+0.0,FLAT,+0.0,+69.0,4.2,+0.00,0.00,SLOW,4405.50,4406.54,4403.14,4406.23,0.00,0.00,0.0,BEARISH,340.0,4406.19,4406.19,4406.19,4406.19,22,CLEARED_>=20s,1.0,0.0,0.0,0.0,0.0,0.0,0.0,PASS_<20%,0.00,0.0,NO,STANDBY_VEL_LOW,1,1321.86,3268.14,132.45,FALSE,M1_DIRECTION_MISMATCH
2026-09-07 20:06:23.464,1788811583.464,7623,17,70,4406.19,4406.27,8.0,PASS_<=10c,+0.0,FLAT,+0.0,+69.0,4.2,+0.00,0.00,SLOW,4405.50,4406.54,4403.14,4406.23,0.00,0.00,0.0,BEARISH,340.0,4406.19,4406.19,4406.19,4406.19,23,CLEARED_>=20s,1.0,0.0,0.0,0.0,0.0,0.0,0.0,PASS_<20%,0.00,0.0,NO,STANDBY_VEL_LOW,1,1321.86,3268.14,132.45,FALSE,M1_DIRECTION_MISMATCH
2026-09-07 20:06:23.965,1788811583.965,7624,18,71,4406.19,4406.27,8.0,PASS_<=10c,+0.0,FLAT,+0.0,+69.0,4.2,+0.00,0.00,SLOW,4405.50,4406.54,4403.14,4406.23,0.00,0.00,0.0,BEARISH,340.0,4406.19,4406.19,4406.19,4406.19,23,CLEARED_>=20s,1.0,0.0,0.0,0.0,0.0,0.0,0.0,PASS_<20%,0.00,0.0,NO,STANDBY_VEL_LOW,1,1321.86,3268.14,132.45,FALSE,M1_DIRECTION_MISMATCH
2026-09-07 20:06:34.341,1788811594.342,7625,19,72,4406.19,4406.27,8.0,PASS_<=10c,+0.0,FLAT,+0.0,+69.0,1.3,+0.00,0.00,SLOW,4405.50,4406.54,4403.14,4406.23,0.00,0.00,0.0,BEARISH,340.0,4406.19,4406.19,4406.19,4406.19,34,CLEARED_>=20s,1.0,0.0,0.0,0.0,0.0,0.0,0.0,PASS_<20%,0.00,0.0,NO,STANDBY_VEL_LOW,1,1321.86,3268.14,132.45,FALSE,M1_DIRECTION_MISMATCH
2026-09-07 20:06:40.959,1788811600.960,7626,20,73,4406.19,4406.27,8.0,PASS_<=10c,+0.0,FLAT,+0.0,+69.0,1.3,+0.00,0.00,SLOW,4405.50,4406.54,4403.14,4406.23,0.00,0.00,0.0,BEARISH,340.0,4406.19,4406.19,4406.19,4406.19,40,CLEARED_>=20s,1.0,0.0,0.0,0.0,0.0,0.0,0.0,PASS_<20%,0.00,0.0,NO,STANDBY_VEL_LOW,1,1321.86,3268.14,132.45,FALSE,M1_DIRECTION_MISMATCH
2026-09-07 20:06:41.314,1788811601.314,7627,21,74,4406.19,4406.27,8.0,PASS_<=10c,+0.0,FLAT,+0.0,+69.0,2.2,+0.00,0.00,SLOW,4405.50,4406.54,4403.14,4406.23,0.00,0.00,0.0,BEARISH,340.0,4406.19,4406.19,4406.19,4406.19,41,CLEARED_>=20s,1.0,0.0,0.0,0.0,0.0,0.0,0.0,PASS_<20%,0.00,0.0,NO,STANDBY_VEL_LOW,1,1321.86,3268.14,132.45,FALSE,M1_DIRECTION_MISMATCH
2026-09-07 20:06:41.815,1788811601.816,7628,22,75,4406.19,4406.27,8.0,PASS_<=10c,+0.0,FLAT,+0.0,+69.0,2.5,+0.00,0.00,SLOW,4405.50,4406.54,4403.14,4406.23,0.00,0.00,0.0,BEARISH,340.0,4406.19,4406.19,4406.19,4406.19,41,CLEARED_>=20s,1.0,0.0,0.0,0.0,0.0,0.0,0.0,PASS_<20%,0.00,0.0,NO,STANDBY_VEL_LOW,1,1321.86,3268.14,132.45,FALSE,M1_DIRECTION_MISMATCH
2026-09-07 20:06:42.316,1788811602.317,7629,23,76,4406.19,4406.27,8.0,PASS_<=10c,+0.0,FLAT,+0.0,+69.0,2.8,+0.00,0.00,SLOW,4405.50,4406.54,4403.14,4406.23,0.00,0.00,0.0,BEARISH,340.0,4406.19,4406.19,4406.19,4406.19,42,CLEARED_>=20s,1.0,0.0,0.0,0.0,0.0,0.0,0.0,PASS_<20%,0.00,0.0,NO,STANDBY_VEL_LOW,1,1321.86,3268.14,132.45,FALSE,M1_DIRECTION_MISMATCH
2026-09-07 20:06:42.818,1788811602.818,7630,24,77,4406.19,4406.27,8.0,PASS_<=10c,+0.0,FLAT,+0.0,+69.0,3.0,+0.00,0.00,SLOW,4405.50,4406.54,4403.14,4406.23,0.00,0.00,0.0,BEARISH,340.0,4406.19,4406.19,4406.19,4406.19,42,CLEARED_>=20s,1.0,0.0,0.0,0.0,0.0,0.0,0.0,PASS_<20%,0.00,0.0,NO,STANDBY_VEL_LOW,1,1321.86,3268.14,132.45,FALSE,M1_DIRECTION_MISMATCH
2026-09-07 20:06:43.319,1788811603.320,7631,25,78,4406.19,4406.27,8.0,PASS_<=10c,+0.0,FLAT,+0.0,+69.0,3.1,+0.00,0.00,SLOW,4405.50,4406.54,4403.14,4406.23,0.00,0.00,0.0,BEARISH,340.0,4406.19,4406.19,4406.19,4406.19,43,CLEARED_>=20s,1.0,0.0,0.0,0.0,0.0,0.0,0.0,PASS_<20%,0.00,0.0,NO,STANDBY_VEL_LOW,1,1321.86,3268.14,132.45,FALSE,M1_DIRECTION_MISMATCH
2026-09-07 20:06:43.823,1788811603.823,7632,26,79,4406.19,4406.27,8.0,PASS_<=10c,+0.0,FLAT,+0.0,+69.0,3.2,+0.00,0.00,SLOW,4405.50,4406.54,4403.14,4406.23,0.00,0.00,0.0,BEARISH,340.0,4406.19,4406.19,4406.19,4406.19,43,CLEARED_>=20s,1.0,0.0,0.0,0.0,0.0,0.0,0.0,PASS_<20%,0.00,0.0,NO,STANDBY_VEL_LOW,1,1321.86,3268.14,132.45,FALSE,M1_DIRECTION_MISMATCH
2026-09-07 20:06:44.323,1788811604.324,7633,27,80,4406.19,4406.27,8.0,PASS_<=10c,+0.0,FLAT,+0.0,+69.0,3.3,+0.00,0.00,SLOW,4405.50,4406.54,4403.14,4406.23,0.00,0.00,0.0,BEARISH,340.0,4406.19,4406.19,4406.19,4406.19,44,CLEARED_>=20s,1.0,0.0,0.0,0.0,0.0,0.0,0.0,PASS_<20%,0.00,0.0,NO,STANDBY_VEL_LOW,1,1321.86,3268.14,132.45,FALSE,M1_DIRECTION_MISMATCH
2026-09-07 20:06:44.825,1788811604.826,7634,28,81,4406.19,4406.27,8.0,PASS_<=10c,+0.0,FLAT,+0.0,+69.0,4.4,+0.00,0.00,SLOW,4405.50,4406.54,4403.14,4406.23,0.00,0.00,0.0,BEARISH,340.0,4406.19,4406.19,4406.19,4406.19,44,CLEARED_>=20s,1.0,0.0,0.0,0.0,0.0,0.0,0.0,PASS_<20%,0.00,0.0,NO,STANDBY_VEL_LOW,1,1321.86,3268.14,132.45,FALSE,M1_DIRECTION_MISMATCH
2026-09-07 20:06:45.327,1788811605.328,7635,29,82,4406.19,4406.27,8.0,PASS_<=10c,+0.0,FLAT,+0.0,+69.0,4.3,+0.00,0.00,SLOW,4405.50,4406.54,4403.14,4406.23,0.00,0.00,0.0,BEARISH,340.0,4406.19,4406.19,4406.19,4406.19,45,CLEARED_>=20s,1.0,0.0,0.0,0.0,0.0,0.0,0.0,PASS_<20%,0.00,0.0,NO,STANDBY_VEL_LOW,1,1321.86,3268.14,132.45,FALSE,M1_DIRECTION_MISMATCH
2026-09-07 20:06:45.829,1788811605.830,7636,30,83,4406.19,4406.27,8.0,PASS_<=10c,+0.0,FLAT,+0.0,+69.0,4.3,+0.00,0.00,SLOW,4405.50,4406.54,4403.14,4406.23,0.00,0.00,0.0,BEARISH,340.0,4406.19,4406.19,4406.19,4406.19,45,CLEARED_>=20s,1.0,0.0,0.0,0.0,0.0,0.0,0.0,PASS_<20%,0.00,0.0,NO,STANDBY_VEL_LOW,1,1321.86,3268.14,132.45,FALSE,M1_DIRECTION_MISMATCH
2026-09-07 20:06:46.332,1788811606.332,7637,31,84,4406.19,4406.27,8.0,PASS_<=10c,+0.0,FLAT,+0.0,+69.0,4.2,+0.00,0.00,SLOW,4405.50,4406.54,4403.14,4406.23,0.00,0.00,0.0,BEARISH,340.0,4406.19,4406.19,4406.19,4406.19,46,CLEARED_>=20s,1.0,0.0,0.0,0.0,0.0,0.0,0.0,PASS_<20%,0.00,0.0,NO,STANDBY_VEL_LOW,1,1321.86,3268.14,132.45,FALSE,M1_DIRECTION_MISMATCH
2026-09-07 20:06:46.838,1788811606.839,7638,32,85,4406.19,4406.27,8.0,PASS_<=10c,+0.0,FLAT,+0.0,+69.0,4.2,+0.00,0.00,SLOW,4405.50,4406.54,4403.14,4406.23,0.00,0.00,0.0,BEARISH,340.0,4406.19,4406.19,4406.19,4406.19,46,CLEARED_>=20s,1.0,0.0,0.0,0.0,0.0,0.0,0.0,PASS_<20%,0.00,0.0,NO,STANDBY_VEL_LOW,1,1321.86,3268.14,132.45,FALSE,M1_DIRECTION_MISMATCH
2026-09-07 20:06:47.338,1788811607.339,7639,33,86,4406.19,4406.27,8.0,PASS_<=10c,+0.0,FLAT,+0.0,+69.0,4.2,+0.00,0.00,SLOW,4405.50,4406.54,4403.14,4406.23,0.00,0.00,0.0,BEARISH,340.0,4406.19,4406.19,4406.19,4406.19,47,CLEARED_>=20s,1.0,0.0,0.0,0.0,0.0,0.0,0.0,PASS_<20%,0.00,0.0,NO,STANDBY_VEL_LOW,1,1321.86,3268.14,132.45,FALSE,M1_DIRECTION_MISMATCH
2026-09-07 20:06:47.842,1788811607.842,7640,34,87,4406.19,4406.27,8.0,PASS_<=10c,+0.0,FLAT,+0.0,+69.0,4.2,+0.00,0.00,SLOW,4405.50,4406.54,4403.14,4406.23,0.00,0.00,0.0,BEARISH,340.0,4406.19,4406.19,4406.19,4406.19,47,CLEARED_>=20s,1.0,0.0,0.0,0.0,0.0,0.0,0.0,PASS_<20%,0.00,0.0,NO,STANDBY_VEL_LOW,1,1321.86,3268.14,132.45,FALSE,M1_DIRECTION_MISMATCH
2026-09-07 20:06:48.342,1788811608.343,7641,35,88,4406.19,4406.27,8.0,PASS_<=10c,+0.0,FLAT,+0.0,+69.0,4.2,+0.00,0.00,SLOW,4405.50,4406.54,4403.14,4406.23,0.00,0.00,0.0,BEARISH,340.0,4406.19,4406.19,4406.19,4406.19,48,CLEARED_>=20s,1.0,0.0,0.0,0.0,0.0,0.0,0.0,PASS_<20%,0.00,0.0,NO,STANDBY_VEL_LOW,1,1321.86,3268.14,132.45,FALSE,M1_DIRECTION_MISMATCH
2026-09-07 20:06:48.844,1788811608.844,7642,36,89,4406.19,4406.27,8.0,PASS_<=10c,+0.0,FLAT,+0.0,+69.0,4.2,+0.00,0.00,SLOW,4405.50,4406.54,4403.14,4406.23,0.00,0.00,0.0,BEARISH,340.0,4406.19,4406.19,4406.19,4406.19,48,CLEARED_>=20s,1.0,0.0,0.0,0.0,0.0,0.0,0.0,PASS_<20%,0.00,0.0,NO,STANDBY_VEL_LOW,1,1321.86,3268.14,132.45,FALSE,M1_DIRECTION_MISMATCH
2026-09-07 20:06:54.354,1788811614.355,7643,37,90,4406.19,4406.27,8.0,PASS_<=10c,+0.0,FLAT,+0.0,+69.0,1.5,+0.00,0.00,SLOW,4405.50,4406.54,4403.14,4406.23,0.00,0.00,0.0,BEARISH,340.0,4406.19,4406.19,4406.19,4406.19,54,CLEARED_>=20s,1.0,0.0,0.0,0.0,0.0,0.0,0.0,PASS_<20%,0.00,0.0,NO,STANDBY_VEL_LOW,1,1321.86,3268.14,132.45,FALSE,M1_DIRECTION_MISMATCH
2026-09-07 20:07:04.587,1788811624.588,7644,1,91,4406.19,4406.27,8.0,PASS_<=10c,+0.0,FLAT,+0.0,+69.0,1.3,+0.00,0.00,SLOW,4405.50,4406.54,4403.14,4406.23,0.00,0.00,0.0,BEARISH,340.0,4406.19,4406.19,4406.19,4406.19,4,ACTIVE_4s,1.0,0.0,0.0,0.0,0.0,0.0,0.0,PASS_<20%,0.00,0.0,NO,STANDBY_VEL_LOW,1,1321.86,3268.14,132.45,FALSE,M1_DIRECTION_MISMATCH|OPENING_SHIELD_ACTIVE_4s
2026-09-07 20:07:07.802,1788811627.803,7645,2,92,4406.19,4406.27,8.0,PASS_<=10c,+0.0,FLAT,+0.0,+69.0,1.3,+0.00,0.00,SLOW,4405.50,4406.54,4403.14,4406.23,0.00,0.00,0.0,BEARISH,340.0,4406.19,4406.19,4406.19,4406.19,7,ACTIVE_7s,1.0,0.0,0.0,0.0,0.0,0.0,0.0,PASS_<20%,0.00,0.0,NO,STANDBY_VEL_LOW,1,1321.86,3268.14,132.45,FALSE,M1_DIRECTION_MISMATCH|OPENING_SHIELD_ACTIVE_7s
2026-09-07 20:07:08.304,1788811628.304,7646,3,93,4406.19,4406.27,8.0,PASS_<=10c,+0.0,FLAT,+0.0,+69.0,1.3,+0.00,0.00,SLOW,4405.50,4406.54,4403.14,4406.23,0.00,0.00,0.0,BEARISH,340.0,4406.19,4406.19,4406.19,4406.19,8,ACTIVE_8s,1.0,0.0,0.0,0.0,0.0,0.0,0.0,PASS_<20%,0.00,0.0,NO,STANDBY_VEL_LOW,1,1321.86,3268.14,132.45,FALSE,M1_DIRECTION_MISMATCH|OPENING_SHIELD_ACTIVE_8s
2026-09-07 20:07:08.805,1788811628.806,7647,4,94,4406.19,4406.27,8.0,PASS_<=10c,+0.0,FLAT,+0.0,+69.0,1.7,+0.00,0.00,SLOW,4405.50,4406.54,4403.14,4406.23,0.00,0.00,0.0,BEARISH,340.0,4406.19,4406.19,4406.19,4406.19,8,ACTIVE_8s,1.0,0.0,0.0,0.0,0.0,0.0,0.0,PASS_<20%,0.00,0.0,NO,STANDBY_VEL_LOW,1,1321.86,3268.14,132.45,FALSE,M1_DIRECTION_MISMATCH|OPENING_SHIELD_ACTIVE_8s
2026-09-07 20:07:09.306,1788811629.307,7648,5,95,4406.19,4406.27,8.0,PASS_<=10c,+0.0,FLAT,+0.0,+69.0,1.9,+0.00,0.00,SLOW,4405.50,4406.54,4403.14,4406.23,0.00,0.00,0.0,BEARISH,340.0,4406.19,4406.19,4406.19,4406.19,9,ACTIVE_9s,1.0,0.0,0.0,0.0,0.0,0.0,0.0,PASS_<20%,0.00,0.0,NO,STANDBY_VEL_LOW,1,1321.86,3268.14,132.45,FALSE,M1_DIRECTION_MISMATCH|OPENING_SHIELD_ACTIVE_9s
2026-09-07 20:07:09.809,1788811629.810,7649,6,96,4406.19,4406.27,8.0,PASS_<=10c,+0.0,FLAT,+0.0,+69.0,4.7,+0.00,0.00,SLOW,4405.50,4406.54,4403.14,4406.23,0.00,0.00,0.0,BEARISH,340.0,4406.19,4406.19,4406.19,4406.19,9,ACTIVE_9s,1.0,0.0,0.0,0.0,0.0,0.0,0.0,PASS_<20%,0.00,0.0,NO,STANDBY_VEL_LOW,1,1321.86,3268.14,132.45,FALSE,M1_DIRECTION_MISMATCH|OPENING_SHIELD_ACTIVE_9s
2026-09-07 20:07:10.313,1788811630.314,7650,7,97,4406.19,4406.27,8.0,PASS_<=10c,+0.0,FLAT,+0.0,+69.0,4.6,+0.00,0.00,SLOW,4405.50,4406.54,4403.14,4406.23,0.00,0.00,0.0,BEARISH,340.0,4406.19,4406.19,4406.19,4406.19,10,ACTIVE_10s,1.0,0.0,0.0,0.0,0.0,0.0,0.0,PASS_<20%,0.00,0.0,NO,STANDBY_VEL_LOW,1,1321.86,3268.14,132.45,FALSE,M1_DIRECTION_MISMATCH|OPENING_SHIELD_ACTIVE_10s
2026-09-07 20:07:10.812,1788811630.813,7651,8,98,4406.19,4406.27,8.0,PASS_<=10c,+0.0,FLAT,+0.0,+69.0,4.5,+0.00,0.00,SLOW,4405.50,4406.54,4403.14,4406.23,0.00,0.00,0.0,BEARISH,340.0,4406.19,4406.19,4406.19,4406.19,10,ACTIVE_10s,1.0,0.0,0.0,0.0,0.0,0.0,0.0,PASS_<20%,0.00,0.0,NO,STANDBY_VEL_LOW,1,1321.86,3268.14,132.45,FALSE,M1_DIRECTION_MISMATCH|OPENING_SHIELD_ACTIVE_10s
2026-09-07 20:07:11.313,1788811631.314,7652,9,99,4406.19,4406.27,8.0,PASS_<=10c,+0.0,FLAT,+0.0,+69.0,4.4,+0.00,0.00,SLOW,4405.50,4406.54,4403.14,4406.23,0.00,0.00,0.0,BEARISH,340.0,4406.19,4406.19,4406.19,4406.19,11,ACTIVE_11s,1.0,0.0,0.0,0.0,0.0,0.0,0.0,PASS_<20%,0.00,0.0,NO,STANDBY_VEL_LOW,1,1321.86,3268.14,132.45,FALSE,M1_DIRECTION_MISMATCH|OPENING_SHIELD_ACTIVE_11s
2026-09-07 20:07:11.820,1788811631.820,7653,10,100,4406.19,4406.27,8.0,PASS_<=10c,+0.0,FLAT,+0.0,+69.0,4.4,+0.00,0.00,SLOW,4405.50,4406.54,4403.14,4406.23,0.00,0.00,0.0,BEARISH,340.0,4406.19,4406.19,4406.19,4406.19,11,ACTIVE_11s,1.0,0.0,0.0,0.0,0.0,0.0,0.0,PASS_<20%,0.00,0.0,NO,STANDBY_VEL_LOW,1,1321.86,3268.14,132.45,FALSE,M1_DIRECTION_MISMATCH|OPENING_SHIELD_ACTIVE_11s
2026-09-07 20:07:12.322,1788811632.323,7654,11,101,4406.19,4406.27,8.0,PASS_<=10c,+0.0,FLAT,+0.0,+69.0,4.3,+0.00,0.00,SLOW,4405.50,4406.54,4403.14,4406.23,0.00,0.00,0.0,BEARISH,340.0,4406.19,4406.19,4406.19,4406.19,12,ACTIVE_12s,1.0,0.0,0.0,0.0,0.0,0.0,0.0,PASS_<20%,0.00,0.0,NO,STANDBY_VEL_LOW,1,1321.86,3268.14,132.45,FALSE,M1_DIRECTION_MISMATCH|OPENING_SHIELD_ACTIVE_12s
2026-09-07 20:07:12.823,1788811632.824,7655,12,102,4406.19,4406.27,8.0,PASS_<=10c,+0.0,FLAT,+0.0,+69.0,4.2,+0.00,0.00,SLOW,4405.50,4406.54,4403.14,4406.23,0.00,0.00,0.0,BEARISH,340.0,4406.19,4406.19,4406.19,4406.19,12,ACTIVE_12s,1.0,0.0,0.0,0.0,0.0,0.0,0.0,PASS_<20%,0.00,0.0,NO,STANDBY_VEL_LOW,1,1321.86,3268.14,132.45,FALSE,M1_DIRECTION_MISMATCH|OPENING_SHIELD_ACTIVE_12s
2026-09-07 20:07:13.324,1788811633.325,7656,13,103,4406.19,4406.27,8.0,PASS_<=10c,+0.0,FLAT,+0.0,+69.0,4.2,+0.00,0.00,SLOW,4405.50,4406.54,4403.14,4406.23,0.00,0.00,0.0,BEARISH,340.0,4406.19,4406.19,4406.19,4406.19,13,ACTIVE_13s,1.0,0.0,0.0,0.0,0.0,0.0,0.0,PASS_<20%,0.00,0.0,NO,STANDBY_VEL_LOW,1,1321.86,3268.14,132.45,FALSE,M1_DIRECTION_MISMATCH|OPENING_SHIELD_ACTIVE_13s
2026-09-07 20:07:13.826,1788811633.826,7657,14,104,4406.19,4406.27,8.0,PASS_<=10c,+0.0,FLAT,+0.0,+69.0,4.2,+0.00,0.00,SLOW,4405.50,4406.54,4403.14,4406.23,0.00,0.00,0.0,BEARISH,340.0,4406.19,4406.19,4406.19,4406.19,13,ACTIVE_13s,1.0,0.0,0.0,0.0,0.0,0.0,0.0,PASS_<20%,0.00,0.0,NO,STANDBY_VEL_LOW,1,1321.86,3268.14,132.45,FALSE,M1_DIRECTION_MISMATCH|OPENING_SHIELD_ACTIVE_13s
2026-09-07 20:07:14.327,1788811634.328,7658,15,105,4406.19,4406.27,8.0,PASS_<=10c,+0.0,FLAT,+0.0,+69.0,4.2,+0.00,0.00,SLOW,4405.50,4406.54,4403.14,4406.23,0.00,0.00,0.0,BEARISH,340.0,4406.19,4406.19,4406.19,4406.19,14,ACTIVE_14s,1.0,0.0,0.0,0.0,0.0,0.0,0.0,PASS_<20%,0.00,0.0,NO,STANDBY_VEL_LOW,1,1321.86,3268.14,132.45,FALSE,M1_DIRECTION_MISMATCH|OPENING_SHIELD_ACTIVE_14s
2026-09-07 20:07:14.829,1788811634.829,7659,16,106,4406.19,4406.27,8.0,PASS_<=10c,+0.0,FLAT,+0.0,+69.0,4.2,+0.00,0.00,SLOW,4405.50,4406.54,4403.14,4406.23,0.00,0.00,0.0,BEARISH,340.0,4406.19,4406.19,4406.19,4406.19,14,ACTIVE_14s,1.0,0.0,0.0,0.0,0.0,0.0,0.0,PASS_<20%,0.00,0.0,NO,STANDBY_VEL_LOW,1,1321.86,3268.14,132.45,FALSE,M1_DIRECTION_MISMATCH|OPENING_SHIELD_ACTIVE_14s
2026-09-07 20:07:15.330,1788811635.331,7660,17,107,4406.19,4406.27,8.0,PASS_<=10c,+0.0,FLAT,+0.0,+69.0,4.2,+0.00,0.00,SLOW,4405.50,4406.54,4403.14,4406.23,0.00,0.00,0.0,BEARISH,340.0,4406.19,4406.19,4406.19,4406.19,15,ACTIVE_15s,1.0,0.0,0.0,0.0,0.0,0.0,0.0,PASS_<20%,0.00,0.0,NO,STANDBY_VEL_LOW,1,1321.86,3268.14,132.45,FALSE,M1_DIRECTION_MISMATCH|OPENING_SHIELD_ACTIVE_15s
2026-09-07 20:07:20.846,1788811640.847,7661,18,108,4406.19,4406.27,8.0,PASS_<=10c,+0.0,FLAT,+0.0,+69.0,1.5,+0.00,0.00,SLOW,4405.50,4406.54,4403.14,4406.23,0.00,0.00,0.0,BEARISH,340.0,4406.19,4406.19,4406.19,4406.19,20,CLEARED_>=20s,1.0,0.0,0.0,0.0,0.0,0.0,0.0,PASS_<20%,0.00,0.0,NO,STANDBY_VEL_LOW,1,1321.86,3268.14,132.45,FALSE,M1_DIRECTION_MISMATCH
2026-09-07 20:07:31.081,1788811651.081,7662,19,109,4406.19,4406.27,8.0,PASS_<=10c,+0.0,FLAT,+0.0,+69.0,1.3,+0.00,0.00,SLOW,4405.50,4406.54,4403.14,4406.23,0.00,0.00,0.0,BEARISH,340.0,4406.19,4406.19,4406.19,4406.19,31,CLEARED_>=20s,1.0,0.0,0.0,0.0,0.0,0.0,0.0,PASS_<20%,0.00,0.0,NO,STANDBY_VEL_LOW,1,1321.86,3268.14,132.45,FALSE,M1_DIRECTION_MISMATCH
2026-09-07 20:07:32.287,1788811652.288,7663,20,110,4406.19,4406.27,8.0,PASS_<=10c,+0.0,FLAT,+0.0,+69.0,2.5,+0.00,0.00,SLOW,4405.50,4406.54,4403.14,4406.23,0.00,0.00,0.0,BEARISH,340.0,4406.19,4406.19,4406.19,4406.19,32,CLEARED_>=20s,1.0,0.0,0.0,0.0,0.0,0.0,0.0,PASS_<20%,0.00,0.0,NO,STANDBY_VEL_LOW,1,1321.86,3268.14,132.45,FALSE,M1_DIRECTION_MISMATCH
2026-09-07 20:07:32.789,1788811652.790,7664,21,111,4406.19,4406.27,8.0,PASS_<=10c,+0.0,FLAT,+0.0,+69.0,2.9,+0.00,0.00,SLOW,4405.50,4406.54,4403.14,4406.23,0.00,0.00,0.0,BEARISH,340.0,4406.19,4406.19,4406.19,4406.19,32,CLEARED_>=20s,1.0,0.0,0.0,0.0,0.0,0.0,0.0,PASS_<20%,0.00,0.0,NO,STANDBY_VEL_LOW,1,1321.86,3268.14,132.45,FALSE,M1_DIRECTION_MISMATCH
2026-09-07 20:07:33.291,1788811653.291,7665,22,112,4406.19,4406.27,8.0,PASS_<=10c,+0.0,FLAT,+0.0,+69.0,3.2,+0.00,0.00,SLOW,4405.50,4406.54,4403.14,4406.23,0.00,0.00,0.0,BEARISH,340.0,4406.19,4406.19,4406.19,4406.19,33,CLEARED_>=20s,1.0,0.0,0.0,0.0,0.0,0.0,0.0,PASS_<20%,0.00,0.0,NO,STANDBY_VEL_LOW,1,1321.86,3268.14,132.45,FALSE,M1_DIRECTION_MISMATCH
2026-09-07 20:07:33.792,1788811653.793,7666,23,113,4406.19,4406.27,8.0,PASS_<=10c,+0.0,FLAT,+0.0,+69.0,3.3,+0.00,0.00,SLOW,4405.50,4406.54,4403.14,4406.23,0.00,0.00,0.0,BEARISH,340.0,4406.19,4406.19,4406.19,4406.19,33,CLEARED_>=20s,1.0,0.0,0.0,0.0,0.0,0.0,0.0,PASS_<20%,0.00,0.0,NO,STANDBY_VEL_LOW,1,1321.86,3268.14,132.45,FALSE,M1_DIRECTION_MISMATCH
2026-09-07 20:07:34.294,1788811654.294,7667,24,114,4406.19,4406.27,8.0,PASS_<=10c,+0.0,FLAT,+0.0,+69.0,3.4,+0.00,0.00,SLOW,4405.50,4406.54,4403.14,4406.23,0.00,0.00,0.0,BEARISH,340.0,4406.19,4406.19,4406.19,4406.19,34,CLEARED_>=20s,1.0,0.0,0.0,0.0,0.0,0.0,0.0,PASS_<20%,0.00,0.0,NO,STANDBY_VEL_LOW,1,1321.86,3268.14,132.45,FALSE,M1_DIRECTION_MISMATCH
2026-09-07 20:07:34.797,1788811654.797,7668,25,115,4406.19,4406.27,8.0,PASS_<=10c,+0.0,FLAT,+0.0,+69.0,3.5,+0.00,0.00,SLOW,4405.50,4406.54,4403.14,4406.23,0.00,0.00,0.0,BEARISH,340.0,4406.19,4406.19,4406.19,4406.19,34,CLEARED_>=20s,1.0,0.0,0.0,0.0,0.0,0.0,0.0,PASS_<20%,0.00,0.0,NO,STANDBY_VEL_LOW,1,1321.86,3268.14,132.45,FALSE,M1_DIRECTION_MISMATCH
2026-09-07 20:07:35.297,1788811655.298,7669,26,116,4406.19,4406.27,8.0,PASS_<=10c,+0.0,FLAT,+0.0,+69.0,3.6,+0.00,0.00,SLOW,4405.50,4406.54,4403.14,4406.23,0.00,0.00,0.0,BEARISH,340.0,4406.19,4406.19,4406.19,4406.19,35,CLEARED_>=20s,1.0,0.0,0.0,0.0,0.0,0.0,0.0,PASS_<20%,0.00,0.0,NO,STANDBY_VEL_LOW,1,1321.86,3268.14,132.45,FALSE,M1_DIRECTION_MISMATCH
2026-09-07 20:07:35.799,1788811655.799,7670,27,117,4406.19,4406.27,8.0,PASS_<=10c,+0.0,FLAT,+0.0,+69.0,3.6,+0.00,0.00,SLOW,4405.50,4406.54,4403.14,4406.23,0.00,0.00,0.0,BEARISH,340.0,4406.19,4406.19,4406.19,4406.19,35,CLEARED_>=20s,1.0,0.0,0.0,0.0,0.0,0.0,0.0,PASS_<20%,0.00,0.0,NO,STANDBY_VEL_LOW,1,1321.86,3268.14,132.45,FALSE,M1_DIRECTION_MISMATCH
2026-09-07 20:07:36.301,1788811656.301,7671,28,118,4406.19,4406.27,8.0,PASS_<=10c,+0.0,FLAT,+0.0,+69.0,4.4,+0.00,0.00,SLOW,4405.50,4406.54,4403.14,4406.23,0.00,0.00,0.0,BEARISH,340.0,4406.19,4406.19,4406.19,4406.19,36,CLEARED_>=20s,1.0,0.0,0.0,0.0,0.0,0.0,0.0,PASS_<20%,0.00,0.0,NO,STANDBY_VEL_LOW,1,1321.86,3268.14,132.45,FALSE,M1_DIRECTION_MISMATCH
2026-09-07 20:07:36.802,1788811656.802,7672,29,119,4406.19,4406.27,8.0,PASS_<=10c,+0.0,FLAT,+0.0,+69.0,4.3,+0.00,0.00,SLOW,4405.50,4406.54,4403.14,4406.23,0.00,0.00,0.0,BEARISH,340.0,4406.19,4406.19,4406.19,4406.19,36,CLEARED_>=20s,1.0,0.0,0.0,0.0,0.0,0.0,0.0,PASS_<20%,0.00,0.0,NO,STANDBY_VEL_LOW,1,1321.86,3268.14,132.45,FALSE,M1_DIRECTION_MISMATCH
2026-09-07 20:07:37.303,1788811657.304,7673,30,120,4406.19,4406.27,8.0,PASS_<=10c,+0.0,FLAT,+0.0,+69.0,4.2,+0.00,0.00,SLOW,4405.50,4406.54,4403.14,4406.23,0.00,0.00,0.0,BEARISH,340.0,4406.19,4406.19,4406.19,4406.19,37,CLEARED_>=20s,1.0,0.0,0.0,0.0,0.0,0.0,0.0,PASS_<20%,0.00,0.0,NO,STANDBY_VEL_LOW,1,1321.86,3268.14,132.45,FALSE,M1_DIRECTION_MISMATCH
2026-09-07 20:07:37.806,1788811657.806,7674,31,121,4406.19,4406.27,8.0,PASS_<=10c,+0.0,FLAT,+0.0,+69.0,4.2,+0.00,0.00,SLOW,4405.50,4406.54,4403.14,4406.23,0.00,0.00,0.0,BEARISH,340.0,4406.19,4406.19,4406.19,4406.19,37,CLEARED_>=20s,1.0,0.0,0.0,0.0,0.0,0.0,0.0,PASS_<20%,0.00,0.0,NO,STANDBY_VEL_LOW,1,1321.86,3268.14,132.45,FALSE,M1_DIRECTION_MISMATCH
2026-09-07 20:07:38.332,1788811658.333,7675,32,122,4406.19,4406.27,8.0,PASS_<=10c,+0.0,FLAT,+0.0,+69.0,4.2,+0.00,0.00,SLOW,4405.50,4406.54,4403.14,4406.23,0.00,0.00,0.0,BEARISH,340.0,4406.19,4406.19,4406.19,4406.19,38,CLEARED_>=20s,1.0,0.0,0.0,0.0,0.0,0.0,0.0,PASS_<20%,0.00,0.0,NO,STANDBY_VEL_LOW,1,1321.86,3268.14,132.45,FALSE,M1_DIRECTION_MISMATCH
2026-09-07 20:07:38.822,1788811658.823,7676,33,123,4406.19,4406.27,8.0,PASS_<=10c,+0.0,FLAT,+0.0,+69.0,4.2,+0.00,0.00,SLOW,4405.50,4406.54,4403.14,4406.23,0.00,0.00,0.0,BEARISH,340.0,4406.19,4406.19,4406.19,4406.19,38,CLEARED_>=20s,1.0,0.0,0.0,0.0,0.0,0.0,0.0,PASS_<20%,0.00,0.0,NO,STANDBY_VEL_LOW,1,1321.86,3268.14,132.45,FALSE,M1_DIRECTION_MISMATCH
2026-09-07 20:07:39.323,1788811659.324,7677,34,124,4406.19,4406.27,8.0,PASS_<=10c,+0.0,FLAT,+0.0,+69.0,4.2,+0.00,0.00,SLOW,4405.50,4406.54,4403.14,4406.23,0.00,0.00,0.0,BEARISH,340.0,4406.19,4406.19,4406.19,4406.19,39,CLEARED_>=20s,1.0,0.0,0.0,0.0,0.0,0.0,0.0,PASS_<20%,0.00,0.0,NO,STANDBY_VEL_LOW,1,1321.86,3268.14,132.45,FALSE,M1_DIRECTION_MISMATCH
2026-09-07 20:07:39.825,1788811659.825,7678,35,125,4406.19,4406.27,8.0,PASS_<=10c,+0.0,FLAT,+0.0,+69.0,4.2,+0.00,0.00,SLOW,4405.50,4406.54,4403.14,4406.23,0.00,0.00,0.0,BEARISH,340.0,4406.19,4406.19,4406.19,4406.19,39,CLEARED_>=20s,1.0,0.0,0.0,0.0,0.0,0.0,0.0,PASS_<20%,0.00,0.0,NO,STANDBY_VEL_LOW,1,1321.86,3268.14,132.45,FALSE,M1_DIRECTION_MISMATCH
2026-09-07 20:07:45.336,1788811665.337,7679,36,126,4406.19,4406.27,8.0,PASS_<=10c,+0.0,FLAT,+0.0,+69.0,1.5,+0.00,0.00,SLOW,4405.50,4406.54,4403.14,4406.23,0.00,0.00,0.0,BEARISH,340.0,4406.19,4406.19,4406.19,4406.19,45,CLEARED_>=20s,1.0,0.0,0.0,0.0,0.0,0.0,0.0,PASS_<20%,0.00,0.0,NO,STANDBY_VEL_LOW,1,1321.86,3268.14,132.45,FALSE,M1_DIRECTION_MISMATCH
2026-09-07 20:07:55.579,1788811675.579,7680,37,127,4406.19,4406.27,8.0,PASS_<=10c,+0.0,FLAT,+0.0,+69.0,1.3,+0.00,0.00,SLOW,4405.50,4406.54,4403.14,4406.23,0.00,0.00,0.0,BEARISH,340.0,4406.19,4406.19,4406.19,4406.19,55,CLEARED_>=20s,1.0,0.0,0.0,0.0,0.0,0.0,0.0,PASS_<20%,0.00,0.0,NO,STANDBY_VEL_LOW,1,1321.86,3268.14,132.45,FALSE,M1_DIRECTION_MISMATCH
2026-09-07 20:07:57.587,1788811677.588,7681,38,128,4406.19,4406.27,8.0,PASS_<=10c,+0.0,FLAT,+0.0,+69.0,1.5,+0.00,0.00,SLOW,4405.50,4406.54,4403.14,4406.23,0.00,0.00,0.0,BEARISH,340.0,4406.19,4406.19,4406.19,4406.19,57,CLEARED_>=20s,1.0,0.0,0.0,0.0,0.0,0.0,0.0,PASS_<20%,0.00,0.0,NO,STANDBY_VEL_LOW,1,1321.86,3268.14,132.45,FALSE,M1_DIRECTION_MISMATCH
2026-09-07 20:07:58.088,1788811678.088,7682,39,129,4406.19,4406.27,8.0,PASS_<=10c,+0.0,FLAT,+0.0,+69.0,2.0,+0.00,0.00,SLOW,4405.50,4406.54,4403.14,4406.23,0.00,0.00,0.0,BEARISH,340.0,4406.19,4406.19,4406.19,4406.19,58,CLEARED_>=20s,1.0,0.0,0.0,0.0,0.0,0.0,0.0,PASS_<20%,0.00,0.0,NO,STANDBY_VEL_LOW,1,1321.86,3268.14,132.45,FALSE,M1_DIRECTION_MISMATCH
2026-09-07 20:07:58.589,1788811678.590,7683,40,130,4406.19,4406.27,8.0,PASS_<=10c,+0.0,FLAT,+0.0,+69.0,2.3,+0.00,0.00,SLOW,4405.50,4406.54,4403.14,4406.23,0.00,0.00,0.0,BEARISH,340.0,4406.19,4406.19,4406.19,4406.19,58,CLEARED_>=20s,1.0,0.0,0.0,0.0,0.0,0.0,0.0,PASS_<20%,0.00,0.0,NO,STANDBY_VEL_LOW,1,1321.86,3268.14,132.45,FALSE,M1_DIRECTION_MISMATCH
2026-09-07 20:07:59.092,1788811679.092,7684,41,131,4406.19,4406.27,8.0,PASS_<=10c,+0.0,FLAT,+0.0,+69.0,2.6,+0.00,0.00,SLOW,4405.50,4406.54,4403.14,4406.23,0.00,0.00,0.0,BEARISH,340.0,4406.19,4406.19,4406.19,4406.19,59,CLEARED_>=20s,1.0,0.0,0.0,0.0,0.0,0.0,0.0,PASS_<20%,0.00,0.0,NO,STANDBY_VEL_LOW,1,1321.86,3268.14,132.45,FALSE,M1_DIRECTION_MISMATCH
2026-09-07 20:07:59.595,1788811679.595,7685,42,132,4406.19,4406.27,8.0,PASS_<=10c,+0.0,FLAT,+0.0,+69.0,2.7,+0.00,0.00,SLOW,4405.50,4406.54,4403.14,4406.23,0.00,0.00,0.0,BEARISH,340.0,4406.19,4406.19,4406.19,4406.19,59,CLEARED_>=20s,1.0,0.0,0.0,0.0,0.0,0.0,0.0,PASS_<20%,0.00,0.0,NO,STANDBY_VEL_LOW,1,1321.86,3268.14,132.45,FALSE,M1_DIRECTION_MISMATCH
2026-09-07 20:08:00.094,1788811680.095,7686,1,133,4406.19,4406.27,8.0,PASS_<=10c,+0.0,FLAT,+0.0,+69.0,2.9,+0.00,0.00,SLOW,4405.50,4406.54,4403.14,4406.23,0.00,0.00,0.0,BEARISH,340.0,4406.19,4406.19,4406.19,4406.19,0,ACTIVE_0s,1.0,0.0,0.0,0.0,0.0,0.0,0.0,PASS_<20%,0.00,0.0,NO,STANDBY_VEL_LOW,1,1321.86,3268.14,132.45,FALSE,M1_DIRECTION_MISMATCH|OPENING_SHIELD_ACTIVE_0s
2026-09-07 20:08:00.596,1788811680.596,7687,2,134,4406.19,4406.27,8.0,PASS_<=10c,+0.0,FLAT,+0.0,+69.0,4.5,+0.00,0.00,SLOW,4405.50,4406.54,4403.14,4406.23,0.00,0.00,0.0,BEARISH,340.0,4406.19,4406.19,4406.19,4406.19,0,ACTIVE_0s,1.0,0.0,0.0,0.0,0.0,0.0,0.0,PASS_<20%,0.00,0.0,NO,STANDBY_VEL_LOW,1,1321.86,3268.14,132.45,FALSE,M1_DIRECTION_MISMATCH|OPENING_SHIELD_ACTIVE_0s
2026-09-07 20:08:01.098,1788811681.099,7688,3,135,4406.19,4406.27,8.0,PASS_<=10c,+0.0,FLAT,+0.0,+69.0,4.4,+0.00,0.00,SLOW,4405.50,4406.54,4403.14,4406.23,0.00,0.00,0.0,BEARISH,340.0,4406.19,4406.19,4406.19,4406.19,1,ACTIVE_1s,1.0,0.0,0.0,0.0,0.0,0.0,0.0,PASS_<20%,0.00,0.0,NO,STANDBY_VEL_LOW,1,1321.86,3268.14,132.45,FALSE,M1_DIRECTION_MISMATCH|OPENING_SHIELD_ACTIVE_1s
2026-09-07 20:08:01.599,1788811681.599,7689,4,136,4406.19,4406.27,8.0,PASS_<=10c,+0.0,FLAT,+0.0,+69.0,4.4,+0.00,0.00,SLOW,4405.50,4406.54,4403.14,4406.23,0.00,0.00,0.0,BEARISH,340.0,4406.19,4406.19,4406.19,4406.19,1,ACTIVE_1s,1.0,0.0,0.0,0.0,0.0,0.0,0.0,PASS_<20%,0.00,0.0,NO,STANDBY_VEL_LOW,1,1321.86,3268.14,132.45,FALSE,M1_DIRECTION_MISMATCH|OPENING_SHIELD_ACTIVE_1s
2026-09-07 20:08:02.101,1788811682.101,7690,5,137,4406.19,4406.27,8.0,PASS_<=10c,+0.0,FLAT,+0.0,+69.0,4.3,+0.00,0.00,SLOW,4405.50,4406.54,4403.14,4406.23,0.00,0.00,0.0,BEARISH,340.0,4406.19,4406.19,4406.19,4406.19,2,ACTIVE_2s,1.0,0.0,0.0,0.0,0.0,0.0,0.0,PASS_<20%,0.00,0.0,NO,STANDBY_VEL_LOW,1,1321.86,3268.14,132.45,FALSE,M1_DIRECTION_MISMATCH|OPENING_SHIELD_ACTIVE_2s
2026-09-07 20:08:02.602,1788811682.602,7691,6,138,4406.19,4406.27,8.0,PASS_<=10c,+0.0,FLAT,+0.0,+69.0,4.2,+0.00,0.00,SLOW,4405.50,4406.54,4403.14,4406.23,0.00,0.00,0.0,BEARISH,340.0,4406.19,4406.19,4406.19,4406.19,2,ACTIVE_2s,1.0,0.0,0.0,0.0,0.0,0.0,0.0,PASS_<20%,0.00,0.0,NO,STANDBY_VEL_LOW,1,1321.86,3268.14,132.45,FALSE,M1_DIRECTION_MISMATCH|OPENING_SHIELD_ACTIVE_2s
2026-09-07 20:08:03.104,1788811683.105,7692,7,139,4406.19,4406.27,8.0,PASS_<=10c,+0.0,FLAT,+0.0,+69.0,4.2,+0.00,0.00,SLOW,4405.50,4406.54,4403.14,4406.23,0.00,0.00,0.0,BEARISH,340.0,4406.19,4406.19,4406.19,4406.19,3,ACTIVE_3s,1.0,0.0,0.0,0.0,0.0,0.0,0.0,PASS_<20%,0.00,0.0,NO,STANDBY_VEL_LOW,1,1321.86,3268.14,132.45,FALSE,M1_DIRECTION_MISMATCH|OPENING_SHIELD_ACTIVE_3s
2026-09-07 20:08:03.604,1788811683.605,7693,8,140,4406.19,4406.27,8.0,PASS_<=10c,+0.0,FLAT,+0.0,+69.0,4.2,+0.00,0.00,SLOW,4405.50,4406.54,4403.14,4406.23,0.00,0.00,0.0,BEARISH,340.0,4406.19,4406.19,4406.19,4406.19,3,ACTIVE_3s,1.0,0.0,0.0,0.0,0.0,0.0,0.0,PASS_<20%,0.00,0.0,NO,STANDBY_VEL_LOW,1,1321.86,3268.14,132.45,FALSE,M1_DIRECTION_MISMATCH|OPENING_SHIELD_ACTIVE_3s
2026-09-07 20:08:04.107,1788811684.107,7694,9,141,4406.19,4406.27,8.0,PASS_<=10c,+0.0,FLAT,+0.0,+69.0,4.2,+0.00,0.00,SLOW,4405.50,4406.54,4403.14,4406.23,0.00,0.00,0.0,BEARISH,340.0,4406.19,4406.19,4406.19,4406.19,4,ACTIVE_4s,1.0,0.0,0.0,0.0,0.0,0.0,0.0,PASS_<20%,0.00,0.0,NO,STANDBY_VEL_LOW,1,1321.86,3268.14,132.45,FALSE,M1_DIRECTION_MISMATCH|OPENING_SHIELD_ACTIVE_4s
2026-09-07 20:08:04.609,1788811684.609,7695,10,142,4406.19,4406.27,8.0,PASS_<=10c,+0.0,FLAT,+0.0,+69.0,4.2,+0.00,0.00,SLOW,4405.50,4406.54,4403.14,4406.23,0.00,0.00,0.0,BEARISH,340.0,4406.19,4406.19,4406.19,4406.19,4,ACTIVE_4s,1.0,0.0,0.0,0.0,0.0,0.0,0.0,PASS_<20%,0.00,0.0,NO,STANDBY_VEL_LOW,1,1321.86,3268.14,132.45,FALSE,M1_DIRECTION_MISMATCH|OPENING_SHIELD_ACTIVE_4s
2026-09-07 20:08:05.110,1788811685.111,7696,11,143,4406.19,4406.27,8.0,PASS_<=10c,+0.0,FLAT,+0.0,+69.0,4.2,+0.00,0.00,SLOW,4405.50,4406.54,4403.14,4406.23,0.00,0.00,0.0,BEARISH,340.0,4406.19,4406.19,4406.19,4406.19,5,ACTIVE_5s,1.0,0.0,0.0,0.0,0.0,0.0,0.0,PASS_<20%,0.00,0.0,NO,STANDBY_VEL_LOW,1,1321.86,3268.14,132.45,FALSE,M1_DIRECTION_MISMATCH|OPENING_SHIELD_ACTIVE_5s
2026-09-07 20:08:10.624,1788811690.625,7697,12,144,4406.19,4406.27,8.0,PASS_<=10c,+0.0,FLAT,+0.0,+69.0,1.6,+0.00,0.00,SLOW,4405.50,4406.54,4403.14,4406.23,0.00,0.00,0.0,BEARISH,340.0,4406.19,4406.19,4406.19,4406.19,10,ACTIVE_10s,1.0,0.0,0.0,0.0,0.0,0.0,0.0,PASS_<20%,0.00,0.0,NO,STANDBY_VEL_LOW,1,1321.86,3268.14,132.45,FALSE,M1_DIRECTION_MISMATCH|OPENING_SHIELD_ACTIVE_10s
2026-09-07 20:08:20.870,1788811700.870,7698,13,145,4406.19,4406.27,8.0,PASS_<=10c,+0.0,FLAT,+0.0,+69.0,1.3,+0.00,0.00,SLOW,4405.50,4406.54,4403.14,4406.23,0.00,0.00,0.0,BEARISH,340.0,4406.19,4406.19,4406.19,4406.19,20,CLEARED_>=20s,1.0,0.0,0.0,0.0,0.0,0.0,0.0,PASS_<20%,0.00,0.0,NO,STANDBY_VEL_LOW,1,1321.86,3268.14,132.45,FALSE,M1_DIRECTION_MISMATCH
2026-09-07 20:08:21.677,1788811701.677,7699,14,146,4406.19,4406.27,8.0,PASS_<=10c,+0.0,FLAT,+0.0,+69.0,3.0,+0.00,0.00,SLOW,4405.50,4406.54,4403.14,4406.23,0.00,0.00,0.0,BEARISH,340.0,4406.19,4406.19,4406.19,4406.19,21,CLEARED_>=20s,1.0,0.0,0.0,0.0,0.0,0.0,0.0,PASS_<20%,0.00,0.0,NO,STANDBY_VEL_LOW,1,1321.86,3268.14,132.45,FALSE,M1_DIRECTION_MISMATCH
2026-09-07 20:08:22.179,1788811702.179,7700,15,147,4406.19,4406.27,8.0,PASS_<=10c,+0.0,FLAT,+0.0,+69.0,3.8,+0.00,0.00,SLOW,4405.50,4406.54,4403.14,4406.23,0.00,0.00,0.0,BEARISH,340.0,4406.19,4406.19,4406.19,4406.19,22,CLEARED_>=20s,1.0,0.0,0.0,0.0,0.0,0.0,0.0,PASS_<20%,0.00,0.0,NO,STANDBY_VEL_LOW,1,1321.86,3268.14,132.45,FALSE,M1_DIRECTION_MISMATCH
2026-09-07 20:08:22.680,1788811702.681,7701,16,148,4406.19,4406.27,8.0,PASS_<=10c,+0.0,FLAT,+0.0,+69.0,3.9,+0.00,0.00,SLOW,4405.50,4406.54,4403.14,4406.23,0.00,0.00,0.0,BEARISH,340.0,4406.19,4406.19,4406.19,4406.19,22,CLEARED_>=20s,1.0,0.0,0.0,0.0,0.0,0.0,0.0,PASS_<20%,0.00,0.0,NO,STANDBY_VEL_LOW,1,1321.86,3268.14,132.45,FALSE,M1_DIRECTION_MISMATCH
2026-09-07 20:08:23.183,1788811703.183,7702,17,149,4406.19,4406.27,8.0,PASS_<=10c,+0.0,FLAT,+0.0,+69.0,3.9,+0.00,0.00,SLOW,4405.50,4406.54,4403.14,4406.23,0.00,0.00,0.0,BEARISH,340.0,4406.19,4406.19,4406.19,4406.19,23,CLEARED_>=20s,1.0,0.0,0.0,0.0,0.0,0.0,0.0,PASS_<20%,0.00,0.0,NO,STANDBY_VEL_LOW,1,1321.86,3268.14,132.45,FALSE,M1_DIRECTION_MISMATCH
2026-09-07 20:08:23.685,1788811703.685,7703,18,150,4406.19,4406.27,8.0,PASS_<=10c,+0.0,FLAT,+0.0,+69.0,3.9,+0.00,0.00,SLOW,4405.50,4406.54,4403.14,4406.23,0.00,0.00,0.0,BEARISH,340.0,4406.19,4406.19,4406.19,4406.19,23,CLEARED_>=20s,1.0,0.0,0.0,0.0,0.0,0.0,0.0,PASS_<20%,0.00,0.0,NO,STANDBY_VEL_LOW,1,1321.86,3268.14,132.45,FALSE,M1_DIRECTION_MISMATCH
2026-09-07 20:08:24.186,1788811704.187,7704,19,151,4406.19,4406.27,8.0,PASS_<=10c,+0.0,FLAT,+0.0,+69.0,3.9,+0.00,0.00,SLOW,4405.50,4406.54,4403.14,4406.23,0.00,0.00,0.0,BEARISH,340.0,4406.19,4406.19,4406.19,4406.19,24,CLEARED_>=20s,1.0,0.0,0.0,0.0,0.0,0.0,0.0,PASS_<20%,0.00,0.0,NO,STANDBY_VEL_LOW,1,1321.86,3268.14,132.45,FALSE,M1_DIRECTION_MISMATCH
2026-09-07 20:08:24.688,1788811704.688,7705,20,152,4406.19,4406.27,8.0,PASS_<=10c,+0.0,FLAT,+0.0,+69.0,3.9,+0.00,0.00,SLOW,4405.50,4406.54,4403.14,4406.23,0.00,0.00,0.0,BEARISH,340.0,4406.19,4406.19,4406.19,4406.19,24,CLEARED_>=20s,1.0,0.0,0.0,0.0,0.0,0.0,0.0,PASS_<20%,0.00,0.0,NO,STANDBY_VEL_LOW,1,1321.86,3268.14,132.45,FALSE,M1_DIRECTION_MISMATCH
2026-09-07 20:08:25.189,1788811705.190,7706,21,153,4406.19,4406.27,8.0,PASS_<=10c,+0.0,FLAT,+0.0,+69.0,3.9,+0.00,0.00,SLOW,4405.50,4406.54,4403.14,4406.23,0.00,0.00,0.0,BEARISH,340.0,4406.19,4406.19,4406.19,4406.19,25,CLEARED_>=20s,1.0,0.0,0.0,0.0,0.0,0.0,0.0,PASS_<20%,0.00,0.0,NO,STANDBY_VEL_LOW,1,1321.86,3268.14,132.45,FALSE,M1_DIRECTION_MISMATCH
2026-09-07 20:08:25.692,1788811705.692,7707,22,154,4406.19,4406.27,8.0,PASS_<=10c,+0.0,FLAT,+0.0,+69.0,3.9,+0.00,0.00,SLOW,4405.50,4406.54,4403.14,4406.23,0.00,0.00,0.0,BEARISH,340.0,4406.19,4406.19,4406.19,4406.19,25,CLEARED_>=20s,1.0,0.0,0.0,0.0,0.0,0.0,0.0,PASS_<20%,0.00,0.0,NO,STANDBY_VEL_LOW,1,1321.86,3268.14,132.45,FALSE,M1_DIRECTION_MISMATCH
2026-09-07 20:08:26.193,1788811706.193,7708,23,155,4406.19,4406.27,8.0,PASS_<=10c,+0.0,FLAT,+0.0,+69.0,4.3,+0.00,0.00,SLOW,4405.50,4406.54,4403.14,4406.23,0.00,0.00,0.0,BEARISH,340.0,4406.19,4406.19,4406.19,4406.19,26,CLEARED_>=20s,1.0,0.0,0.0,0.0,0.0,0.0,0.0,PASS_<20%,0.00,0.0,NO,STANDBY_VEL_LOW,1,1321.86,3268.14,132.45,FALSE,M1_DIRECTION_MISMATCH
2026-09-07 20:08:26.695,1788811706.696,7709,24,156,4406.19,4406.27,8.0,PASS_<=10c,+0.0,FLAT,+0.0,+69.0,4.2,+0.00,0.00,SLOW,4405.50,4406.54,4403.14,4406.23,0.00,0.00,0.0,BEARISH,340.0,4406.19,4406.19,4406.19,4406.19,26,CLEARED_>=20s,1.0,0.0,0.0,0.0,0.0,0.0,0.0,PASS_<20%,0.00,0.0,NO,STANDBY_VEL_LOW,1,1321.86,3268.14,132.45,FALSE,M1_DIRECTION_MISMATCH
2026-09-07 20:08:27.196,1788811707.197,7710,25,157,4406.19,4406.27,8.0,PASS_<=10c,+0.0,FLAT,+0.0,+69.0,4.2,+0.00,0.00,SLOW,4405.50,4406.54,4403.14,4406.23,0.00,0.00,0.0,BEARISH,340.0,4406.19,4406.19,4406.19,4406.19,27,CLEARED_>=20s,1.0,0.0,0.0,0.0,0.0,0.0,0.0,PASS_<20%,0.00,0.0,NO,STANDBY_VEL_LOW,1,1321.86,3268.14,132.45,FALSE,M1_DIRECTION_MISMATCH
2026-09-07 20:08:27.699,1788811707.699,7711,26,158,4406.19,4406.27,8.0,PASS_<=10c,+0.0,FLAT,+0.0,+69.0,4.2,+0.00,0.00,SLOW,4405.50,4406.54,4403.14,4406.23,0.00,0.00,0.0,BEARISH,340.0,4406.19,4406.19,4406.19,4406.19,27,CLEARED_>=20s,1.0,0.0,0.0,0.0,0.0,0.0,0.0,PASS_<20%,0.00,0.0,NO,STANDBY_VEL_LOW,1,1321.86,3268.14,132.45,FALSE,M1_DIRECTION_MISMATCH
2026-09-07 20:08:28.200,1788811708.201,7712,27,159,4406.19,4406.27,8.0,PASS_<=10c,+0.0,FLAT,+0.0,+69.0,4.2,+0.00,0.00,SLOW,4405.50,4406.54,4403.14,4406.23,0.00,0.00,0.0,BEARISH,340.0,4406.19,4406.19,4406.19,4406.19,28,CLEARED_>=20s,1.0,0.0,0.0,0.0,0.0,0.0,0.0,PASS_<20%,0.00,0.0,NO,STANDBY_VEL_LOW,1,1321.86,3268.14,132.45,FALSE,M1_DIRECTION_MISMATCH
2026-09-07 20:08:28.702,1788811708.703,7713,28,160,4406.19,4406.27,8.0,PASS_<=10c,+0.0,FLAT,+0.0,+69.0,4.2,+0.00,0.00,SLOW,4405.50,4406.54,4403.14,4406.23,0.00,0.00,0.0,BEARISH,340.0,4406.19,4406.19,4406.19,4406.19,28,CLEARED_>=20s,1.0,0.0,0.0,0.0,0.0,0.0,0.0,PASS_<20%,0.00,0.0,NO,STANDBY_VEL_LOW,1,1321.86,3268.14,132.45,FALSE,M1_DIRECTION_MISMATCH
2026-09-07 20:08:29.204,1788811709.204,7714,29,161,4406.19,4406.27,8.0,PASS_<=10c,+0.0,FLAT,+0.0,+69.0,4.2,+0.00,0.00,SLOW,4405.50,4406.54,4403.14,4406.23,0.00,0.00,0.0,BEARISH,340.0,4406.19,4406.19,4406.19,4406.19,29,CLEARED_>=20s,1.0,0.0,0.0,0.0,0.0,0.0,0.0,PASS_<20%,0.00,0.0,NO,STANDBY_VEL_LOW,1,1321.86,3268.14,132.45,FALSE,M1_DIRECTION_MISMATCH
2026-09-07 20:08:34.721,1788811714.722,7715,30,162,4406.19,4406.27,8.0,PASS_<=10c,+0.0,FLAT,+0.0,+69.0,1.6,+0.00,0.00,SLOW,4405.50,4406.54,4403.14,4406.23,0.00,0.00,0.0,BEARISH,340.0,4406.19,4406.19,4406.19,4406.19,34,CLEARED_>=20s,1.0,0.0,0.0,0.0,0.0,0.0,0.0,PASS_<20%,0.00,0.0,NO,STANDBY_VEL_LOW,1,1321.86,3268.14,132.45,FALSE,M1_DIRECTION_MISMATCH
2026-09-07 20:08:44.953,1788811724.953,7716,31,163,4406.19,4406.27,8.0,PASS_<=10c,+0.0,FLAT,+0.0,+69.0,1.3,+0.00,0.00,SLOW,4405.50,4406.54,4403.14,4406.23,0.00,0.00,0.0,BEARISH,340.0,4406.19,4406.19,4406.19,4406.19,44,CLEARED_>=20s,1.0,0.0,0.0,0.0,0.0,0.0,0.0,PASS_<20%,0.00,0.0,NO,STANDBY_VEL_LOW,1,1321.86,3268.14,132.45,FALSE,M1_DIRECTION_MISMATCH
2026-09-07 20:08:47.364,1788811727.364,7717,32,164,4406.19,4406.27,8.0,PASS_<=10c,+0.0,FLAT,+0.0,+69.0,1.3,+0.00,0.00,SLOW,4405.50,4406.54,4403.14,4406.23,0.00,0.00,0.0,BEARISH,340.0,4406.19,4406.19,4406.19,4406.19,47,CLEARED_>=20s,1.0,0.0,0.0,0.0,0.0,0.0,0.0,PASS_<20%,0.00,0.0,NO,STANDBY_VEL_LOW,1,1321.86,3268.14,132.45,FALSE,M1_DIRECTION_MISMATCH
2026-09-07 20:08:47.866,1788811727.866,7718,33,165,4406.19,4406.27,8.0,PASS_<=10c,+0.0,FLAT,+0.0,+69.0,1.7,+0.00,0.00,SLOW,4405.50,4406.54,4403.14,4406.23,0.00,0.00,0.0,BEARISH,340.0,4406.19,4406.19,4406.19,4406.19,47,CLEARED_>=20s,1.0,0.0,0.0,0.0,0.0,0.0,0.0,PASS_<20%,0.00,0.0,NO,STANDBY_VEL_LOW,1,1321.86,3268.14,132.45,FALSE,M1_DIRECTION_MISMATCH
2026-09-07 20:08:48.367,1788811728.367,7719,34,166,4406.19,4406.27,8.0,PASS_<=10c,+0.0,FLAT,+0.0,+69.0,2.1,+0.00,0.00,SLOW,4405.50,4406.54,4403.14,4406.23,0.00,0.00,0.0,BEARISH,340.0,4406.19,4406.19,4406.19,4406.19,48,CLEARED_>=20s,1.0,0.0,0.0,0.0,0.0,0.0,0.0,PASS_<20%,0.00,0.0,NO,STANDBY_VEL_LOW,1,1321.86,3268.14,132.45,FALSE,M1_DIRECTION_MISMATCH
2026-09-07 20:08:48.869,1788811728.869,7720,35,167,4406.19,4406.27,8.0,PASS_<=10c,+0.0,FLAT,+0.0,+69.0,2.3,+0.00,0.00,SLOW,4405.50,4406.54,4403.14,4406.23,0.00,0.00,0.0,BEARISH,340.0,4406.19,4406.19,4406.19,4406.19,48,CLEARED_>=20s,1.0,0.0,0.0,0.0,0.0,0.0,0.0,PASS_<20%,0.00,0.0,NO,STANDBY_VEL_LOW,1,1321.86,3268.14,132.45,FALSE,M1_DIRECTION_MISMATCH
2026-09-07 20:08:49.369,1788811729.370,7721,36,168,4406.19,4406.27,8.0,PASS_<=10c,+0.0,FLAT,+0.0,+69.0,2.5,+0.00,0.00,SLOW,4405.50,4406.54,4403.14,4406.23,0.00,0.00,0.0,BEARISH,340.0,4406.19,4406.19,4406.19,4406.19,49,CLEARED_>=20s,1.0,0.0,0.0,0.0,0.0,0.0,0.0,PASS_<20%,0.00,0.0,NO,STANDBY_VEL_LOW,1,1321.86,3268.14,132.45,FALSE,M1_DIRECTION_MISMATCH
2026-09-07 20:08:49.871,1788811729.871,7722,37,169,4406.19,4406.27,8.0,PASS_<=10c,+0.0,FLAT,+0.0,+69.0,2.6,+0.00,0.00,SLOW,4405.50,4406.54,4403.14,4406.23,0.00,0.00,0.0,BEARISH,340.0,4406.19,4406.19,4406.19,4406.19,49,CLEARED_>=20s,1.0,0.0,0.0,0.0,0.0,0.0,0.0,PASS_<20%,0.00,0.0,NO,STANDBY_VEL_LOW,1,1321.86,3268.14,132.45,FALSE,M1_DIRECTION_MISMATCH
2026-09-07 20:08:50.371,1788811730.372,7723,38,170,4406.19,4406.27,8.0,PASS_<=10c,+0.0,FLAT,+0.0,+69.0,4.5,+0.00,0.00,SLOW,4405.50,4406.54,4403.14,4406.23,0.00,0.00,0.0,BEARISH,340.0,4406.19,4406.19,4406.19,4406.19,50,CLEARED_>=20s,1.0,0.0,0.0,0.0,0.0,0.0,0.0,PASS_<20%,0.00,0.0,NO,STANDBY_VEL_LOW,1,1321.86,3268.14,132.45,FALSE,M1_DIRECTION_MISMATCH
2026-09-07 20:08:50.873,1788811730.874,7724,39,171,4406.19,4406.27,8.0,PASS_<=10c,+0.0,FLAT,+0.0,+69.0,4.4,+0.00,0.00,SLOW,4405.50,4406.54,4403.14,4406.23,0.00,0.00,0.0,BEARISH,340.0,4406.19,4406.19,4406.19,4406.19,50,CLEARED_>=20s,1.0,0.0,0.0,0.0,0.0,0.0,0.0,PASS_<20%,0.00,0.0,NO,STANDBY_VEL_LOW,1,1321.86,3268.14,132.45,FALSE,M1_DIRECTION_MISMATCH
2026-09-07 20:08:51.374,1788811731.375,7725,40,172,4406.19,4406.27,8.0,PASS_<=10c,+0.0,FLAT,+0.0,+69.0,4.4,+0.00,0.00,SLOW,4405.50,4406.54,4403.14,4406.23,0.00,0.00,0.0,BEARISH,340.0,4406.19,4406.19,4406.19,4406.19,51,CLEARED_>=20s,1.0,0.0,0.0,0.0,0.0,0.0,0.0,PASS_<20%,0.00,0.0,NO,STANDBY_VEL_LOW,1,1321.86,3268.14,132.45,FALSE,M1_DIRECTION_MISMATCH
2026-09-07 20:08:51.877,1788811731.877,7726,41,173,4406.19,4406.27,8.0,PASS_<=10c,+0.0,FLAT,+0.0,+69.0,4.3,+0.00,0.00,SLOW,4405.50,4406.54,4403.14,4406.23,0.00,0.00,0.0,BEARISH,340.0,4406.19,4406.19,4406.19,4406.19,51,CLEARED_>=20s,1.0,0.0,0.0,0.0,0.0,0.0,0.0,PASS_<20%,0.00,0.0,NO,STANDBY_VEL_LOW,1,1321.86,3268.14,132.45,FALSE,M1_DIRECTION_MISMATCH
2026-09-07 20:08:52.384,1788811732.385,7727,42,174,4406.19,4406.27,8.0,PASS_<=10c,+0.0,FLAT,+0.0,+69.0,4.2,+0.00,0.00,SLOW,4405.50,4406.54,4403.14,4406.23,0.00,0.00,0.0,BEARISH,340.0,4406.19,4406.19,4406.19,4406.19,52,CLEARED_>=20s,1.0,0.0,0.0,0.0,0.0,0.0,0.0,PASS_<20%,0.00,0.0,NO,STANDBY_VEL_LOW,1,1321.86,3268.14,132.45,FALSE,M1_DIRECTION_MISMATCH
2026-09-07 20:08:52.931,1788811732.932,7728,43,175,4406.19,4406.27,8.0,PASS_<=10c,+0.0,FLAT,+0.0,+69.0,4.2,+0.00,0.00,SLOW,4405.50,4406.54,4403.14,4406.23,0.00,0.00,0.0,BEARISH,340.0,4406.19,4406.19,4406.19,4406.19,52,CLEARED_>=20s,1.0,0.0,0.0,0.0,0.0,0.0,0.0,PASS_<20%,0.00,0.0,NO,STANDBY_VEL_LOW,1,1321.86,3268.14,132.45,FALSE,M1_DIRECTION_MISMATCH
2026-09-07 20:08:53.380,1788811733.381,7729,44,176,4406.19,4406.27,8.0,PASS_<=10c,+0.0,FLAT,+0.0,+69.0,4.2,+0.00,0.00,SLOW,4405.50,4406.54,4403.14,4406.23,0.00,0.00,0.0,BEARISH,340.0,4406.19,4406.19,4406.19,4406.19,53,CLEARED_>=20s,1.0,0.0,0.0,0.0,0.0,0.0,0.0,PASS_<20%,0.00,0.0,NO,STANDBY_VEL_LOW,1,1321.86,3268.14,132.45,FALSE,M1_DIRECTION_MISMATCH
2026-09-07 20:08:53.881,1788811733.882,7730,45,177,4406.19,4406.27,8.0,PASS_<=10c,+0.0,FLAT,+0.0,+69.0,4.2,+0.00,0.00,SLOW,4405.50,4406.54,4403.14,4406.23,0.00,0.00,0.0,BEARISH,340.0,4406.19,4406.19,4406.19,4406.19,53,CLEARED_>=20s,1.0,0.0,0.0,0.0,0.0,0.0,0.0,PASS_<20%,0.00,0.0,NO,STANDBY_VEL_LOW,1,1321.86,3268.14,132.45,FALSE,M1_DIRECTION_MISMATCH
2026-09-07 20:08:54.383,1788811734.384,7731,46,178,4406.19,4406.27,8.0,PASS_<=10c,+0.0,FLAT,+0.0,+69.0,4.2,+0.00,0.00,SLOW,4405.50,4406.54,4403.14,4406.23,0.00,0.00,0.0,BEARISH,340.0,4406.19,4406.19,4406.19,4406.19,54,CLEARED_>=20s,1.0,0.0,0.0,0.0,0.0,0.0,0.0,PASS_<20%,0.00,0.0,NO,STANDBY_VEL_LOW,1,1321.86,3268.14,132.45,FALSE,M1_DIRECTION_MISMATCH
2026-09-07 20:08:54.905,1788811734.906,7732,47,179,4406.19,4406.27,8.0,PASS_<=10c,+0.0,FLAT,+0.0,+69.0,4.2,+0.00,0.00,SLOW,4405.50,4406.54,4403.14,4406.23,0.00,0.00,0.0,BEARISH,340.0,4406.19,4406.19,4406.19,4406.19,54,CLEARED_>=20s,1.0,0.0,0.0,0.0,0.0,0.0,0.0,PASS_<20%,0.00,0.0,NO,STANDBY_VEL_LOW,1,1321.86,3268.14,132.45,FALSE,M1_DIRECTION_MISMATCH
2026-09-07 20:09:00.404,1788811740.404,7733,1,180,4406.19,4406.27,8.0,PASS_<=10c,+0.0,FLAT,+0.0,+69.0,1.6,+0.00,0.00,SLOW,4405.50,4406.54,4403.14,4406.23,0.00,0.00,0.0,BEARISH,340.0,4406.19,4406.19,4406.19,4406.19,0,ACTIVE_0s,1.0,0.0,0.0,0.0,0.0,0.0,0.0,PASS_<20%,0.00,0.0,NO,STANDBY_VEL_LOW,1,1321.86,3268.14,132.45,FALSE,M1_DIRECTION_MISMATCH|OPENING_SHIELD_ACTIVE_0s
2026-09-07 20:09:10.631,1788811750.632,7734,2,181,4406.19,4406.27,8.0,PASS_<=10c,+0.0,FLAT,+0.0,+69.0,1.3,+0.00,0.00,SLOW,4405.50,4406.54,4403.14,4406.23,0.00,0.00,0.0,BEARISH,340.0,4406.19,4406.19,4406.19,4406.19,10,ACTIVE_10s,1.0,0.0,0.0,0.0,0.0,0.0,0.0,PASS_<20%,0.00,0.0,NO,STANDBY_VEL_LOW,1,1321.86,3268.14,132.45,FALSE,M1_DIRECTION_MISMATCH|OPENING_SHIELD_ACTIVE_10s
2026-09-07 20:09:12.441,1788811752.441,7735,3,182,4406.19,4406.27,8.0,PASS_<=10c,+0.0,FLAT,+0.0,+69.0,1.7,+0.00,0.00,SLOW,4405.50,4406.54,4403.14,4406.23,0.00,0.00,0.0,BEARISH,340.0,4406.19,4406.19,4406.19,4406.19,12,ACTIVE_12s,1.0,0.0,0.0,0.0,0.0,0.0,0.0,PASS_<20%,0.00,0.0,NO,STANDBY_VEL_LOW,1,1321.86,3268.14,132.45,FALSE,M1_DIRECTION_MISMATCH|OPENING_SHIELD_ACTIVE_12s
2026-09-07 20:09:12.945,1788811752.945,7736,4,183,4406.19,4406.27,8.0,PASS_<=10c,+0.0,FLAT,+0.0,+69.0,2.2,+0.00,0.00,SLOW,4405.50,4406.54,4403.14,4406.23,0.00,0.00,0.0,BEARISH,340.0,4406.19,4406.19,4406.19,4406.19,12,ACTIVE_12s,1.0,0.0,0.0,0.0,0.0,0.0,0.0,PASS_<20%,0.00,0.0,NO,STANDBY_VEL_LOW,1,1321.86,3268.14,132.45,FALSE,M1_DIRECTION_MISMATCH|OPENING_SHIELD_ACTIVE_12s
2026-09-07 20:09:13.446,1788811753.446,7737,5,184,4406.19,4406.27,8.0,PASS_<=10c,+0.0,FLAT,+0.0,+69.0,2.5,+0.00,0.00,SLOW,4405.50,4406.54,4403.14,4406.23,0.00,0.00,0.0,BEARISH,340.0,4406.19,4406.19,4406.19,4406.19,13,ACTIVE_13s,1.0,0.0,0.0,0.0,0.0,0.0,0.0,PASS_<20%,0.00,0.0,NO,STANDBY_VEL_LOW,1,1321.86,3268.14,132.45,FALSE,M1_DIRECTION_MISMATCH|OPENING_SHIELD_ACTIVE_13s
2026-09-07 20:09:13.947,1788811753.947,7738,6,185,4406.19,4406.27,8.0,PASS_<=10c,+0.0,FLAT,+0.0,+69.0,2.7,+0.00,0.00,SLOW,4405.50,4406.54,4403.14,4406.23,0.00,0.00,0.0,BEARISH,340.0,4406.19,4406.19,4406.19,4406.19,13,ACTIVE_13s,1.0,0.0,0.0,0.0,0.0,0.0,0.0,PASS_<20%,0.00,0.0,NO,STANDBY_VEL_LOW,1,1321.86,3268.14,132.45,FALSE,M1_DIRECTION_MISMATCH|OPENING_SHIELD_ACTIVE_13s
2026-09-07 20:09:14.449,1788811754.450,7739,7,186,4406.19,4406.27,8.0,PASS_<=10c,+0.0,FLAT,+0.0,+69.0,2.9,+0.00,0.00,SLOW,4405.50,4406.54,4403.14,4406.23,0.00,0.00,0.0,BEARISH,340.0,4406.19,4406.19,4406.19,4406.19,14,ACTIVE_14s,1.0,0.0,0.0,0.0,0.0,0.0,0.0,PASS_<20%,0.00,0.0,NO,STANDBY_VEL_LOW,1,1321.86,3268.14,132.45,FALSE,M1_DIRECTION_MISMATCH|OPENING_SHIELD_ACTIVE_14s
2026-09-07 20:09:14.950,1788811754.950,7740,8,187,4406.19,4406.27,8.0,PASS_<=10c,+0.0,FLAT,+0.0,+69.0,3.0,+0.00,0.00,SLOW,4405.50,4406.54,4403.14,4406.23,0.00,0.00,0.0,BEARISH,340.0,4406.19,4406.19,4406.19,4406.19,14,ACTIVE_14s,1.0,0.0,0.0,0.0,0.0,0.0,0.0,PASS_<20%,0.00,0.0,NO,STANDBY_VEL_LOW,1,1321.86,3268.14,132.45,FALSE,M1_DIRECTION_MISMATCH|OPENING_SHIELD_ACTIVE_14s
2026-09-07 20:09:15.452,1788811755.452,7741,9,188,4406.19,4406.27,8.0,PASS_<=10c,+0.0,FLAT,+0.0,+69.0,3.1,+0.00,0.00,SLOW,4405.50,4406.54,4403.14,4406.23,0.00,0.00,0.0,BEARISH,340.0,4406.19,4406.19,4406.19,4406.19,15,ACTIVE_15s,1.0,0.0,0.0,0.0,0.0,0.0,0.0,PASS_<20%,0.00,0.0,NO,STANDBY_VEL_LOW,1,1321.86,3268.14,132.45,FALSE,M1_DIRECTION_MISMATCH|OPENING_SHIELD_ACTIVE_15s
2026-09-07 20:09:15.952,1788811755.953,7742,10,189,4406.19,4406.27,8.0,PASS_<=10c,+0.0,FLAT,+0.0,+69.0,4.4,+0.00,0.00,SLOW,4405.50,4406.54,4403.14,4406.23,0.00,0.00,0.0,BEARISH,340.0,4406.19,4406.19,4406.19,4406.19,15,ACTIVE_15s,1.0,0.0,0.0,0.0,0.0,0.0,0.0,PASS_<20%,0.00,0.0,NO,STANDBY_VEL_LOW,1,1321.86,3268.14,132.45,FALSE,M1_DIRECTION_MISMATCH|OPENING_SHIELD_ACTIVE_15s
2026-09-07 20:09:16.454,1788811756.454,7743,11,190,4406.19,4406.27,8.0,PASS_<=10c,+0.0,FLAT,+0.0,+69.0,4.4,+0.00,0.00,SLOW,4405.50,4406.54,4403.14,4406.23,0.00,0.00,0.0,BEARISH,340.0,4406.19,4406.19,4406.19,4406.19,16,ACTIVE_16s,1.0,0.0,0.0,0.0,0.0,0.0,0.0,PASS_<20%,0.00,0.0,NO,STANDBY_VEL_LOW,1,1321.86,3268.14,132.45,FALSE,M1_DIRECTION_MISMATCH|OPENING_SHIELD_ACTIVE_16s
2026-09-07 20:09:16.955,1788811756.955,7744,12,191,4406.19,4406.27,8.0,PASS_<=10c,+0.0,FLAT,+0.0,+69.0,4.3,+0.00,0.00,SLOW,4405.50,4406.54,4403.14,4406.23,0.00,0.00,0.0,BEARISH,340.0,4406.19,4406.19,4406.19,4406.19,16,ACTIVE_16s,1.0,0.0,0.0,0.0,0.0,0.0,0.0,PASS_<20%,0.00,0.0,NO,STANDBY_VEL_LOW,1,1321.86,3268.14,132.45,FALSE,M1_DIRECTION_MISMATCH|OPENING_SHIELD_ACTIVE_16s
2026-09-07 20:09:17.457,1788811757.457,7745,13,192,4406.19,4406.27,8.0,PASS_<=10c,+0.0,FLAT,+0.0,+69.0,4.2,+0.00,0.00,SLOW,4405.50,4406.54,4403.14,4406.23,0.00,0.00,0.0,BEARISH,340.0,4406.19,4406.19,4406.19,4406.19,17,ACTIVE_17s,1.0,0.0,0.0,0.0,0.0,0.0,0.0,PASS_<20%,0.00,0.0,NO,STANDBY_VEL_LOW,1,1321.86,3268.14,132.45,FALSE,M1_DIRECTION_MISMATCH|OPENING_SHIELD_ACTIVE_17s
2026-09-07 20:09:17.958,1788811757.959,7746,14,193,4406.19,4406.27,8.0,PASS_<=10c,+0.0,FLAT,+0.0,+69.0,4.2,+0.00,0.00,SLOW,4405.50,4406.54,4403.14,4406.23,0.00,0.00,0.0,BEARISH,340.0,4406.19,4406.19,4406.19,4406.19,17,ACTIVE_17s,1.0,0.0,0.0,0.0,0.0,0.0,0.0,PASS_<20%,0.00,0.0,NO,STANDBY_VEL_LOW,1,1321.86,3268.14,132.45,FALSE,M1_DIRECTION_MISMATCH|OPENING_SHIELD_ACTIVE_17s
2026-09-07 20:09:18.460,1788811758.461,7747,15,194,4406.19,4406.27,8.0,PASS_<=10c,+0.0,FLAT,+0.0,+69.0,4.2,+0.00,0.00,SLOW,4405.50,4406.54,4403.14,4406.23,0.00,0.00,0.0,BEARISH,340.0,4406.19,4406.19,4406.19,4406.19,18,ACTIVE_18s,1.0,0.0,0.0,0.0,0.0,0.0,0.0,PASS_<20%,0.00,0.0,NO,STANDBY_VEL_LOW,1,1321.86,3268.14,132.45,FALSE,M1_DIRECTION_MISMATCH|OPENING_SHIELD_ACTIVE_18s
2026-09-07 20:09:18.961,1788811758.961,7748,16,195,4406.19,4406.27,8.0,PASS_<=10c,+0.0,FLAT,+0.0,+69.0,4.2,+0.00,0.00,SLOW,4405.50,4406.54,4403.14,4406.23,0.00,0.00,0.0,BEARISH,340.0,4406.19,4406.19,4406.19,4406.19,18,ACTIVE_18s,1.0,0.0,0.0,0.0,0.0,0.0,0.0,PASS_<20%,0.00,0.0,NO,STANDBY_VEL_LOW,1,1321.86,3268.14,132.45,FALSE,M1_DIRECTION_MISMATCH|OPENING_SHIELD_ACTIVE_18s
2026-09-07 20:09:19.463,1788811759.464,7749,17,196,4406.19,4406.27,8.0,PASS_<=10c,+0.0,FLAT,+0.0,+69.0,4.2,+0.00,0.00,SLOW,4405.50,4406.54,4403.14,4406.23,0.00,0.00,0.0,BEARISH,340.0,4406.19,4406.19,4406.19,4406.19,19,ACTIVE_19s,1.0,0.0,0.0,0.0,0.0,0.0,0.0,PASS_<20%,0.00,0.0,NO,STANDBY_VEL_LOW,1,1321.86,3268.14,132.45,FALSE,M1_DIRECTION_MISMATCH|OPENING_SHIELD_ACTIVE_19s
2026-09-07 20:09:19.965,1788811759.965,7750,18,197,4406.19,4406.27,8.0,PASS_<=10c,+0.0,FLAT,+0.0,+69.0,4.2,+0.00,0.00,SLOW,4405.50,4406.54,4403.14,4406.23,0.00,0.00,0.0,BEARISH,340.0,4406.19,4406.19,4406.19,4406.19,19,ACTIVE_19s,1.0,0.0,0.0,0.0,0.0,0.0,0.0,PASS_<20%,0.00,0.0,NO,STANDBY_VEL_LOW,1,1321.86,3268.14,132.45,FALSE,M1_DIRECTION_MISMATCH|OPENING_SHIELD_ACTIVE_19s
2026-09-07 20:09:25.478,1788811765.478,7751,19,198,4406.19,4406.27,8.0,PASS_<=10c,+0.0,FLAT,+0.0,+69.0,1.5,+0.00,0.00,SLOW,4405.50,4406.54,4403.14,4406.23,0.00,0.00,0.0,BEARISH,340.0,4406.19,4406.19,4406.19,4406.19,25,CLEARED_>=20s,1.0,0.0,0.0,0.0,0.0,0.0,0.0,PASS_<20%,0.00,0.0,NO,STANDBY_VEL_LOW,1,1321.86,3268.14,132.45,FALSE,M1_DIRECTION_MISMATCH
2026-09-07 20:09:35.740,1788811775.740,7752,20,199,4406.19,4406.27,8.0,PASS_<=10c,+0.0,FLAT,+0.0,+69.0,1.3,+0.00,0.00,SLOW,4405.50,4406.54,4403.14,4406.23,0.00,0.00,0.0,BEARISH,340.0,4406.19,4406.19,4406.19,4406.19,35,CLEARED_>=20s,1.0,0.0,0.0,0.0,0.0,0.0,0.0,PASS_<20%,0.00,0.0,NO,STANDBY_VEL_LOW,1,1321.86,3268.14,132.45,FALSE,M1_DIRECTION_MISMATCH
2026-09-07 20:09:38.352,1788811778.352,7753,21,200,4406.19,4406.27,8.0,PASS_<=10c,+0.0,FLAT,+0.0,+69.0,1.3,+0.00,0.00,SLOW,4405.50,4406.54,4403.14,4406.23,0.00,0.00,0.0,BEARISH,340.0,4406.19,4406.19,4406.19,4406.19,38,CLEARED_>=20s,1.0,0.0,0.0,0.0,0.0,0.0,0.0,PASS_<20%,0.00,0.0,NO,STANDBY_VEL_LOW,1,1321.86,3268.14,132.45,FALSE,M1_DIRECTION_MISMATCH
2026-09-07 20:09:38.854,1788811778.855,7754,22,201,4406.19,4406.27,8.0,PASS_<=10c,+0.0,FLAT,+0.0,+69.0,1.6,+0.00,0.00,SLOW,4405.50,4406.54,4403.14,4406.23,0.00,0.00,0.0,BEARISH,340.0,4406.19,4406.19,4406.19,4406.19,38,CLEARED_>=20s,1.0,0.0,0.0,0.0,0.0,0.0,0.0,PASS_<20%,0.00,0.0,NO,STANDBY_VEL_LOW,1,1321.86,3268.14,132.45,FALSE,M1_DIRECTION_MISMATCH
2026-09-07 20:09:39.356,1788811779.357,7755,23,202,4406.19,4406.27,8.0,PASS_<=10c,+0.0,FLAT,+0.0,+69.0,1.9,+0.00,0.00,SLOW,4405.50,4406.54,4403.14,4406.23,0.00,0.00,0.0,BEARISH,340.0,4406.19,4406.19,4406.19,4406.19,39,CLEARED_>=20s,1.0,0.0,0.0,0.0,0.0,0.0,0.0,PASS_<20%,0.00,0.0,NO,STANDBY_VEL_LOW,1,1321.86,3268.14,132.45,FALSE,M1_DIRECTION_MISMATCH
2026-09-07 20:09:39.858,1788811779.858,7756,24,203,4406.19,4406.27,8.0,PASS_<=10c,+0.0,FLAT,+0.0,+69.0,2.2,+0.00,0.00,SLOW,4405.50,4406.54,4403.14,4406.23,0.00,0.00,0.0,BEARISH,340.0,4406.19,4406.19,4406.19,4406.19,39,CLEARED_>=20s,1.0,0.0,0.0,0.0,0.0,0.0,0.0,PASS_<20%,0.00,0.0,NO,STANDBY_VEL_LOW,1,1321.86,3268.14,132.45,FALSE,M1_DIRECTION_MISMATCH
2026-09-07 20:09:40.361,1788811780.361,7757,25,204,4406.19,4406.27,8.0,PASS_<=10c,+0.0,FLAT,+0.0,+69.0,2.4,+0.00,0.00,SLOW,4405.50,4406.54,4403.14,4406.23,0.00,0.00,0.0,BEARISH,340.0,4406.19,4406.19,4406.19,4406.19,40,CLEARED_>=20s,1.0,0.0,0.0,0.0,0.0,0.0,0.0,PASS_<20%,0.00,0.0,NO,STANDBY_VEL_LOW,1,1321.86,3268.14,132.45,FALSE,M1_DIRECTION_MISMATCH
2026-09-07 20:09:40.863,1788811780.863,7758,26,205,4406.19,4406.27,8.0,PASS_<=10c,+0.0,FLAT,+0.0,+69.0,4.6,+0.00,0.00,SLOW,4405.50,4406.54,4403.14,4406.23,0.00,0.00,0.0,BEARISH,340.0,4406.19,4406.19,4406.19,4406.19,40,CLEARED_>=20s,1.0,0.0,0.0,0.0,0.0,0.0,0.0,PASS_<20%,0.00,0.0,NO,STANDBY_VEL_LOW,1,1321.86,3268.14,132.45,FALSE,M1_DIRECTION_MISMATCH
2026-09-07 20:09:41.364,1788811781.365,7759,27,206,4406.19,4406.27,8.0,PASS_<=10c,+0.0,FLAT,+0.0,+69.0,4.5,+0.00,0.00,SLOW,4405.50,4406.54,4403.14,4406.23,0.00,0.00,0.0,BEARISH,340.0,4406.19,4406.19,4406.19,4406.19,41,CLEARED_>=20s,1.0,0.0,0.0,0.0,0.0,0.0,0.0,PASS_<20%,0.00,0.0,NO,STANDBY_VEL_LOW,1,1321.86,3268.14,132.45,FALSE,M1_DIRECTION_MISMATCH
2026-09-07 20:09:41.866,1788811781.867,7760,28,207,4406.19,4406.27,8.0,PASS_<=10c,+0.0,FLAT,+0.0,+69.0,4.4,+0.00,0.00,SLOW,4405.50,4406.54,4403.14,4406.23,0.00,0.00,0.0,BEARISH,340.0,4406.19,4406.19,4406.19,4406.19,41,CLEARED_>=20s,1.0,0.0,0.0,0.0,0.0,0.0,0.0,PASS_<20%,0.00,0.0,NO,STANDBY_VEL_LOW,1,1321.86,3268.14,132.45,FALSE,M1_DIRECTION_MISMATCH
2026-09-07 20:09:42.369,1788811782.369,7761,29,208,4406.19,4406.27,8.0,PASS_<=10c,+0.0,FLAT,+0.0,+69.0,4.4,+0.00,0.00,SLOW,4405.50,4406.54,4403.14,4406.23,0.00,0.00,0.0,BEARISH,340.0,4406.19,4406.19,4406.19,4406.19,42,CLEARED_>=20s,1.0,0.0,0.0,0.0,0.0,0.0,0.0,PASS_<20%,0.00,0.0,NO,STANDBY_VEL_LOW,1,1321.86,3268.14,132.45,FALSE,M1_DIRECTION_MISMATCH
2026-09-07 20:09:42.870,1788811782.871,7762,30,209,4406.19,4406.27,8.0,PASS_<=10c,+0.0,FLAT,+0.0,+69.0,4.3,+0.00,0.00,SLOW,4405.50,4406.54,4403.14,4406.23,0.00,0.00,0.0,BEARISH,340.0,4406.19,4406.19,4406.19,4406.19,42,CLEARED_>=20s,1.0,0.0,0.0,0.0,0.0,0.0,0.0,PASS_<20%,0.00,0.0,NO,STANDBY_VEL_LOW,1,1321.86,3268.14,132.45,FALSE,M1_DIRECTION_MISMATCH
2026-09-07 20:09:43.372,1788811783.372,7763,31,210,4406.19,4406.27,8.0,PASS_<=10c,+0.0,FLAT,+0.0,+69.0,4.2,+0.00,0.00,SLOW,4405.50,4406.54,4403.14,4406.23,0.00,0.00,0.0,BEARISH,340.0,4406.19,4406.19,4406.19,4406.19,43,CLEARED_>=20s,1.0,0.0,0.0,0.0,0.0,0.0,0.0,PASS_<20%,0.00,0.0,NO,STANDBY_VEL_LOW,1,1321.86,3268.14,132.45,FALSE,M1_DIRECTION_MISMATCH
2026-09-07 20:09:43.890,1788811783.891,7764,32,211,4406.19,4406.27,8.0,PASS_<=10c,+0.0,FLAT,+0.0,+69.0,4.2,+0.00,0.00,SLOW,4405.50,4406.54,4403.14,4406.23,0.00,0.00,0.0,BEARISH,340.0,4406.19,4406.19,4406.19,4406.19,43,CLEARED_>=20s,1.0,0.0,0.0,0.0,0.0,0.0,0.0,PASS_<20%,0.00,0.0,NO,STANDBY_VEL_LOW,1,1321.86,3268.14,132.45,FALSE,M1_DIRECTION_MISMATCH
2026-09-07 20:09:44.381,1788811784.381,7765,33,212,4406.19,4406.27,8.0,PASS_<=10c,+0.0,FLAT,+0.0,+69.0,4.2,+0.00,0.00,SLOW,4405.50,4406.54,4403.14,4406.23,0.00,0.00,0.0,BEARISH,340.0,4406.19,4406.19,4406.19,4406.19,44,CLEARED_>=20s,1.0,0.0,0.0,0.0,0.0,0.0,0.0,PASS_<20%,0.00,0.0,NO,STANDBY_VEL_LOW,1,1321.86,3268.14,132.45,FALSE,M1_DIRECTION_MISMATCH
2026-09-07 20:09:44.882,1788811784.883,7766,34,213,4406.19,4406.27,8.0,PASS_<=10c,+0.0,FLAT,+0.0,+69.0,4.2,+0.00,0.00,SLOW,4405.50,4406.54,4403.14,4406.23,0.00,0.00,0.0,BEARISH,340.0,4406.19,4406.19,4406.19,4406.19,44,CLEARED_>=20s,1.0,0.0,0.0,0.0,0.0,0.0,0.0,PASS_<20%,0.00,0.0,NO,STANDBY_VEL_LOW,1,1321.86,3268.14,132.45,FALSE,M1_DIRECTION_MISMATCH
2026-09-07 20:09:45.384,1788811785.385,7767,35,214,4406.19,4406.27,8.0,PASS_<=10c,+0.0,FLAT,+0.0,+69.0,4.2,+0.00,0.00,SLOW,4405.50,4406.54,4403.14,4406.23,0.00,0.00,0.0,BEARISH,340.0,4406.19,4406.19,4406.19,4406.19,45,CLEARED_>=20s,1.0,0.0,0.0,0.0,0.0,0.0,0.0,PASS_<20%,0.00,0.0,NO,STANDBY_VEL_LOW,1,1321.86,3268.14,132.45,FALSE,M1_DIRECTION_MISMATCH
2026-09-07 20:09:45.886,1788811785.886,7768,36,215,4406.19,4406.27,8.0,PASS_<=10c,+0.0,FLAT,+0.0,+69.0,4.2,+0.00,0.00,SLOW,4405.50,4406.54,4403.14,4406.23,0.00,0.00,0.0,BEARISH,340.0,4406.19,4406.19,4406.19,4406.19,45,CLEARED_>=20s,1.0,0.0,0.0,0.0,0.0,0.0,0.0,PASS_<20%,0.00,0.0,NO,STANDBY_VEL_LOW,1,1321.86,3268.14,132.45,FALSE,M1_DIRECTION_MISMATCH
2026-09-07 20:09:51.401,1788811791.402,7769,37,216,4406.19,4406.27,8.0,PASS_<=10c,+0.0,FLAT,+0.0,+69.0,1.5,+0.00,0.00,SLOW,4405.50,4406.54,4403.14,4406.23,0.00,0.00,0.0,BEARISH,340.0,4406.19,4406.19,4406.19,4406.19,51,CLEARED_>=20s,1.0,0.0,0.0,0.0,0.0,0.0,0.0,PASS_<20%,0.00,0.0,NO,STANDBY_VEL_LOW,1,1321.86,3268.14,132.45,FALSE,M1_DIRECTION_MISMATCH
2026-09-07 20:10:01.644,1788811801.644,7770,1,1,4406.19,4406.27,8.0,PASS_<=10c,+0.0,FLAT,+0.0,+0.0,1.3,+0.00,0.00,SLOW,4406.19,4406.19,4406.19,4406.19,0.00,0.00,0.0,BEARISH,0.0,4406.19,4406.19,4406.19,4406.19,1,ACTIVE_1s,1.0,0.0,0.0,0.0,0.0,0.0,0.0,PASS_<20%,0.00,0.0,NO,STANDBY_VEL_LOW,1,1321.86,3268.14,132.45,FALSE,M1_DIRECTION_MISMATCH|OPENING_SHIELD_ACTIVE_1s
2026-09-07 20:10:03.250,1788811803.251,7771,2,2,4406.19,4406.27,8.0,PASS_<=10c,+0.0,FLAT,+0.0,+0.0,1.9,+0.00,0.00,SLOW,4406.19,4406.19,4406.19,4406.19,0.00,0.00,0.0,BEARISH,0.0,4406.19,4406.19,4406.19,4406.19,3,ACTIVE_3s,1.0,0.0,0.0,0.0,0.0,0.0,0.0,PASS_<20%,0.00,0.0,NO,STANDBY_VEL_LOW,1,1321.86,3268.14,132.45,FALSE,M1_DIRECTION_MISMATCH|OPENING_SHIELD_ACTIVE_3s
2026-09-07 20:10:03.752,1788811803.752,7772,3,3,4406.19,4406.27,8.0,PASS_<=10c,+0.0,FLAT,+0.0,+0.0,2.4,+0.00,0.00,SLOW,4406.19,4406.19,4406.19,4406.19,0.00,0.00,0.0,BEARISH,0.0,4406.19,4406.19,4406.19,4406.19,3,ACTIVE_3s,1.0,0.0,0.0,0.0,0.0,0.0,0.0,PASS_<20%,0.00,0.0,NO,STANDBY_VEL_LOW,1,1321.86,3268.14,132.45,FALSE,M1_DIRECTION_MISMATCH|OPENING_SHIELD_ACTIVE_3s
2026-09-07 20:10:04.253,1788811804.254,7773,4,4,4406.19,4406.27,8.0,PASS_<=10c,+0.0,FLAT,+0.0,+0.0,2.7,+0.00,0.00,SLOW,4406.19,4406.19,4406.19,4406.19,0.00,0.00,0.0,BEARISH,0.0,4406.19,4406.19,4406.19,4406.19,4,ACTIVE_4s,1.0,0.0,0.0,0.0,0.0,0.0,0.0,PASS_<20%,0.00,0.0,NO,STANDBY_VEL_LOW,1,1321.86,3268.14,132.45,FALSE,M1_DIRECTION_MISMATCH|OPENING_SHIELD_ACTIVE_4s
2026-09-07 20:10:04.756,1788811804.757,7774,5,5,4406.19,4406.27,8.0,PASS_<=10c,+0.0,FLAT,+0.0,+0.0,2.9,+0.00,0.00,SLOW,4406.19,4406.19,4406.19,4406.19,0.00,0.00,0.0,BEARISH,0.0,4406.19,4406.19,4406.19,4406.19,4,ACTIVE_4s,1.0,0.0,0.0,0.0,0.0,0.0,0.0,PASS_<20%,0.00,0.0,NO,STANDBY_VEL_LOW,1,1321.86,3268.14,132.45,FALSE,M1_DIRECTION_MISMATCH|OPENING_SHIELD_ACTIVE_4s
2026-09-07 20:10:05.257,1788811805.257,7775,6,6,4406.19,4406.27,8.0,PASS_<=10c,+0.0,FLAT,+0.0,+0.0,3.0,+0.00,0.00,SLOW,4406.19,4406.19,4406.19,4406.19,0.00,0.00,0.0,BEARISH,0.0,4406.19,4406.19,4406.19,4406.19,5,ACTIVE_5s,1.0,0.0,0.0,0.0,0.0,0.0,0.0,PASS_<20%,0.00,0.0,NO,STANDBY_VEL_LOW,1,1321.86,3268.14,132.45,FALSE,M1_DIRECTION_MISMATCH|OPENING_SHIELD_ACTIVE_5s
2026-09-07 20:10:05.760,1788811805.761,7776,7,7,4406.19,4406.27,8.0,PASS_<=10c,+0.0,FLAT,+0.0,+0.0,3.1,+0.00,0.00,SLOW,4406.19,4406.19,4406.19,4406.19,0.00,0.00,0.0,BEARISH,0.0,4406.19,4406.19,4406.19,4406.19,5,ACTIVE_5s,1.0,0.0,0.0,0.0,0.0,0.0,0.0,PASS_<20%,0.00,0.0,NO,STANDBY_VEL_LOW,1,1321.86,3268.14,132.45,FALSE,M1_DIRECTION_MISMATCH|OPENING_SHIELD_ACTIVE_5s
2026-09-07 20:10:06.262,1788811806.262,7777,8,8,4406.19,4406.27,8.0,PASS_<=10c,+0.0,FLAT,+0.0,+0.0,3.2,+0.00,0.00,SLOW,4406.19,4406.19,4406.19,4406.19,0.00,0.00,0.0,BEARISH,0.0,4406.19,4406.19,4406.19,4406.19,6,ACTIVE_6s,1.0,0.0,0.0,0.0,0.0,0.0,0.0,PASS_<20%,0.00,0.0,NO,STANDBY_VEL_LOW,1,1321.86,3268.14,132.45,FALSE,M1_DIRECTION_MISMATCH|OPENING_SHIELD_ACTIVE_6s
2026-09-07 20:10:06.766,1788811806.766,7778,9,9,4406.19,4406.27,8.0,PASS_<=10c,+0.0,FLAT,+0.0,+0.0,4.4,+0.00,0.00,SLOW,4406.19,4406.19,4406.19,4406.19,0.00,0.00,0.0,BEARISH,0.0,4406.19,4406.19,4406.19,4406.19,6,ACTIVE_6s,1.0,0.0,0.0,0.0,0.0,0.0,0.0,PASS_<20%,0.00,0.0,NO,STANDBY_VEL_LOW,1,1321.86,3268.14,132.45,FALSE,M1_DIRECTION_MISMATCH|OPENING_SHIELD_ACTIVE_6s
2026-09-07 20:10:07.267,1788811807.267,7779,10,10,4406.19,4406.27,8.0,PASS_<=10c,+0.0,FLAT,+0.0,+0.0,4.4,+0.00,0.00,SLOW,4406.19,4406.19,4406.19,4406.19,0.00,0.00,0.0,BEARISH,0.0,4406.19,4406.19,4406.19,4406.19,7,ACTIVE_7s,1.0,0.0,0.0,0.0,0.0,0.0,0.0,PASS_<20%,0.00,0.0,NO,STANDBY_VEL_LOW,1,1321.86,3268.14,132.45,FALSE,M1_DIRECTION_MISMATCH|OPENING_SHIELD_ACTIVE_7s
2026-09-07 20:10:07.768,1788811807.769,7780,11,11,4406.19,4406.27,8.0,PASS_<=10c,+0.0,FLAT,+0.0,+0.0,4.3,+0.00,0.00,SLOW,4406.19,4406.19,4406.19,4406.19,0.00,0.00,0.0,BEARISH,0.0,4406.19,4406.19,4406.19,4406.19,7,ACTIVE_7s,1.0,0.0,0.0,0.0,0.0,0.0,0.0,PASS_<20%,0.00,0.0,NO,STANDBY_VEL_LOW,1,1321.86,3268.14,132.45,FALSE,M1_DIRECTION_MISMATCH|OPENING_SHIELD_ACTIVE_7s
2026-09-07 20:10:08.270,1788811808.271,7781,12,12,4406.19,4406.27,8.0,PASS_<=10c,+0.0,FLAT,+0.0,+0.0,4.2,+0.00,0.00,SLOW,4406.19,4406.19,4406.19,4406.19,0.00,0.00,0.0,BEARISH,0.0,4406.19,4406.19,4406.19,4406.19,8,ACTIVE_8s,1.0,0.0,0.0,0.0,0.0,0.0,0.0,PASS_<20%,0.00,0.0,NO,STANDBY_VEL_LOW,1,1321.86,3268.14,132.45,FALSE,M1_DIRECTION_MISMATCH|OPENING_SHIELD_ACTIVE_8s
2026-09-07 20:10:08.773,1788811808.773,7782,13,13,4406.19,4406.27,8.0,PASS_<=10c,+0.0,FLAT,+0.0,+69.0,4.2,+0.00,0.00,SLOW,4405.50,4406.54,4403.14,4406.23,0.00,0.00,0.0,BEARISH,340.0,4406.19,4406.19,4406.19,4406.19,8,ACTIVE_8s,1.0,0.0,0.0,0.0,0.0,0.0,0.0,PASS_<20%,0.00,0.0,NO,STANDBY_VEL_LOW,1,1321.86,3268.14,132.45,FALSE,M1_DIRECTION_MISMATCH|OPENING_SHIELD_ACTIVE_8s
2026-09-07 20:10:09.272,1788811809.273,7783,14,14,4406.19,4406.27,8.0,PASS_<=10c,+0.0,FLAT,+0.0,+69.0,4.2,+0.00,0.00,SLOW,4405.50,4406.54,4403.14,4406.23,0.00,0.00,0.0,BEARISH,340.0,4406.19,4406.19,4406.19,4406.19,9,ACTIVE_9s,1.0,0.0,0.0,0.0,0.0,0.0,0.0,PASS_<20%,0.00,0.0,NO,STANDBY_VEL_LOW,1,1321.86,3268.14,132.45,FALSE,M1_DIRECTION_MISMATCH|OPENING_SHIELD_ACTIVE_9s
2026-09-07 20:10:09.775,1788811809.776,7784,15,15,4406.19,4406.27,8.0,PASS_<=10c,+0.0,FLAT,+0.0,+69.0,4.2,+0.00,0.00,SLOW,4405.50,4406.54,4403.14,4406.23,0.00,0.00,0.0,BEARISH,340.0,4406.19,4406.19,4406.19,4406.19,9,ACTIVE_9s,1.0,0.0,0.0,0.0,0.0,0.0,0.0,PASS_<20%,0.00,0.0,NO,STANDBY_VEL_LOW,1,1321.86,3268.14,132.45,FALSE,M1_DIRECTION_MISMATCH|OPENING_SHIELD_ACTIVE_9s
2026-09-07 20:10:10.277,1788811810.277,7785,16,16,4406.19,4406.27,8.0,PASS_<=10c,+0.0,FLAT,+0.0,+69.0,4.2,+0.00,0.00,SLOW,4405.50,4406.54,4403.14,4406.23,0.00,0.00,0.0,BEARISH,340.0,4406.19,4406.19,4406.19,4406.19,10,ACTIVE_10s,1.0,0.0,0.0,0.0,0.0,0.0,0.0,PASS_<20%,0.00,0.0,NO,STANDBY_VEL_LOW,1,1321.86,3268.14,132.45,FALSE,M1_DIRECTION_MISMATCH|OPENING_SHIELD_ACTIVE_10s
2026-09-07 20:10:10.778,1788811810.779,7786,17,17,4406.19,4406.27,8.0,PASS_<=10c,+0.0,FLAT,+0.0,+69.0,4.2,+0.00,0.00,SLOW,4405.50,4406.54,4403.14,4406.23,0.00,0.00,0.0,BEARISH,340.0,4406.19,4406.19,4406.19,4406.19,10,ACTIVE_10s,1.0,0.0,0.0,0.0,0.0,0.0,0.0,PASS_<20%,0.00,0.0,NO,STANDBY_VEL_LOW,1,1321.86,3268.14,132.45,FALSE,M1_DIRECTION_MISMATCH|OPENING_SHIELD_ACTIVE_10s
2026-09-07 20:10:16.294,1788811816.295,7787,18,18,4406.19,4406.27,8.0,PASS_<=10c,+0.0,FLAT,+0.0,+69.0,1.5,+0.00,0.00,SLOW,4405.50,4406.54,4403.14,4406.23,0.00,0.00,0.0,BEARISH,340.0,4406.19,4406.19,4406.19,4406.19,16,ACTIVE_16s,1.0,0.0,0.0,0.0,0.0,0.0,0.0,PASS_<20%,0.00,0.0,NO,STANDBY_VEL_LOW,1,1321.86,3268.14,132.45,FALSE,M1_DIRECTION_MISMATCH|OPENING_SHIELD_ACTIVE_16s
2026-09-07 20:10:26.524,1788811826.524,7788,19,19,4406.19,4406.27,8.0,PASS_<=10c,+0.0,FLAT,+0.0,+69.0,1.3,+0.00,0.00,SLOW,4405.50,4406.54,4403.14,4406.23,0.00,0.00,0.0,BEARISH,340.0,4406.19,4406.19,4406.19,4406.19,26,CLEARED_>=20s,1.0,0.0,0.0,0.0,0.0,0.0,0.0,PASS_<20%,0.00,0.0,NO,STANDBY_VEL_LOW,1,1321.86,3268.14,132.45,FALSE,M1_DIRECTION_MISMATCH
2026-09-07 20:10:27.532,1788811827.533,7789,20,20,4406.19,4406.27,8.0,PASS_<=10c,+0.0,FLAT,+0.0,+69.0,3.0,+0.00,0.00,SLOW,4405.50,4406.54,4403.14,4406.23,0.00,0.00,0.0,BEARISH,340.0,4406.19,4406.19,4406.19,4406.19,27,CLEARED_>=20s,1.0,0.0,0.0,0.0,0.0,0.0,0.0,PASS_<20%,0.00,0.0,NO,STANDBY_VEL_LOW,1,1321.86,3268.14,132.45,FALSE,M1_DIRECTION_MISMATCH
2026-09-07 20:10:28.034,1788811828.035,7790,21,21,4406.19,4406.27,8.0,PASS_<=10c,+0.0,FLAT,+0.0,+69.0,3.3,+0.00,0.00,SLOW,4405.50,4406.54,4403.14,4406.23,0.00,0.00,0.0,BEARISH,340.0,4406.19,4406.19,4406.19,4406.19,28,CLEARED_>=20s,1.0,0.0,0.0,0.0,0.0,0.0,0.0,PASS_<20%,0.00,0.0,NO,STANDBY_VEL_LOW,1,1321.86,3268.14,132.45,FALSE,M1_DIRECTION_MISMATCH
2026-09-07 20:10:28.536,1788811828.537,7791,22,22,4406.19,4406.27,8.0,PASS_<=10c,+0.0,FLAT,+0.0,+69.0,3.5,+0.00,0.00,SLOW,4405.50,4406.54,4403.14,4406.23,0.00,0.00,0.0,BEARISH,340.0,4406.19,4406.19,4406.19,4406.19,28,CLEARED_>=20s,1.0,0.0,0.0,0.0,0.0,0.0,0.0,PASS_<20%,0.00,0.0,NO,STANDBY_VEL_LOW,1,1321.86,3268.14,132.45,FALSE,M1_DIRECTION_MISMATCH
2026-09-07 20:10:29.039,1788811829.039,7792,23,23,4406.19,4406.27,8.0,PASS_<=10c,+0.0,FLAT,+0.0,+69.0,3.6,+0.00,0.00,SLOW,4405.50,4406.54,4403.14,4406.23,0.00,0.00,0.0,BEARISH,340.0,4406.19,4406.19,4406.19,4406.19,29,CLEARED_>=20s,1.0,0.0,0.0,0.0,0.0,0.0,0.0,PASS_<20%,0.00,0.0,NO,STANDBY_VEL_LOW,1,1321.86,3268.14,132.45,FALSE,M1_DIRECTION_MISMATCH
2026-09-07 20:10:29.540,1788811829.541,7793,24,24,4406.19,4406.27,8.0,PASS_<=10c,+0.0,FLAT,+0.0,+69.0,3.6,+0.00,0.00,SLOW,4405.50,4406.54,4403.14,4406.23,0.00,0.00,0.0,BEARISH,340.0,4406.19,4406.19,4406.19,4406.19,29,CLEARED_>=20s,1.0,0.0,0.0,0.0,0.0,0.0,0.0,PASS_<20%,0.00,0.0,NO,STANDBY_VEL_LOW,1,1321.86,3268.14,132.45,FALSE,M1_DIRECTION_MISMATCH
2026-09-07 20:10:30.043,1788811830.043,7794,25,25,4406.19,4406.27,8.0,PASS_<=10c,+0.0,FLAT,+0.0,+69.0,3.7,+0.00,0.00,SLOW,4405.50,4406.54,4403.14,4406.23,0.00,0.00,0.0,BEARISH,340.0,4406.19,4406.19,4406.19,4406.19,30,CLEARED_>=20s,1.0,0.0,0.0,0.0,0.0,0.0,0.0,PASS_<20%,0.00,0.0,NO,STANDBY_VEL_LOW,1,1321.86,3268.14,132.45,FALSE,M1_DIRECTION_MISMATCH
2026-09-07 20:10:30.544,1788811830.545,7795,26,26,4406.19,4406.27,8.0,PASS_<=10c,+0.0,FLAT,+0.0,+69.0,3.7,+0.00,0.00,SLOW,4405.50,4406.54,4403.14,4406.23,0.00,0.00,0.0,BEARISH,340.0,4406.19,4406.19,4406.19,4406.19,30,CLEARED_>=20s,1.0,0.0,0.0,0.0,0.0,0.0,0.0,PASS_<20%,0.00,0.0,NO,STANDBY_VEL_LOW,1,1321.86,3268.14,132.45,FALSE,M1_DIRECTION_MISMATCH
2026-09-07 20:10:31.046,1788811831.046,7796,27,27,4406.19,4406.27,8.0,PASS_<=10c,+0.0,FLAT,+0.0,+69.0,3.8,+0.00,0.00,SLOW,4405.50,4406.54,4403.14,4406.23,0.00,0.00,0.0,BEARISH,340.0,4406.19,4406.19,4406.19,4406.19,31,CLEARED_>=20s,1.0,0.0,0.0,0.0,0.0,0.0,0.0,PASS_<20%,0.00,0.0,NO,STANDBY_VEL_LOW,1,1321.86,3268.14,132.45,FALSE,M1_DIRECTION_MISMATCH
2026-09-07 20:10:31.547,1788811831.547,7797,28,28,4406.19,4406.27,8.0,PASS_<=10c,+0.0,FLAT,+0.0,+69.0,4.4,+0.00,0.00,SLOW,4405.50,4406.54,4403.14,4406.23,0.00,0.00,0.0,BEARISH,340.0,4406.19,4406.19,4406.19,4406.19,31,CLEARED_>=20s,1.0,0.0,0.0,0.0,0.0,0.0,0.0,PASS_<20%,0.00,0.0,NO,STANDBY_VEL_LOW,1,1321.86,3268.14,132.45,FALSE,M1_DIRECTION_MISMATCH
2026-09-07 20:10:32.048,1788811832.049,7798,29,29,4406.19,4406.27,8.0,PASS_<=10c,+0.0,FLAT,+0.0,+69.0,4.3,+0.00,0.00,SLOW,4405.50,4406.54,4403.14,4406.23,0.00,0.00,0.0,BEARISH,340.0,4406.19,4406.19,4406.19,4406.19,32,CLEARED_>=20s,1.0,0.0,0.0,0.0,0.0,0.0,0.0,PASS_<20%,0.00,0.0,NO,STANDBY_VEL_LOW,1,1321.86,3268.14,132.45,FALSE,M1_DIRECTION_MISMATCH
2026-09-07 20:10:32.550,1788811832.551,7799,30,30,4406.19,4406.27,8.0,PASS_<=10c,+0.0,FLAT,+0.0,+69.0,4.2,+0.00,0.00,SLOW,4405.50,4406.54,4403.14,4406.23,0.00,0.00,0.0,BEARISH,340.0,4406.19,4406.19,4406.19,4406.19,32,CLEARED_>=20s,1.0,0.0,0.0,0.0,0.0,0.0,0.0,PASS_<20%,0.00,0.0,NO,STANDBY_VEL_LOW,1,1321.86,3268.14,132.45,FALSE,M1_DIRECTION_MISMATCH
2026-09-07 20:10:33.055,1788811833.056,7800,31,31,4406.19,4406.27,8.0,PASS_<=10c,+0.0,FLAT,+0.0,+69.0,4.2,+0.00,0.00,SLOW,4405.50,4406.54,4403.14,4406.23,0.00,0.00,0.0,BEARISH,340.0,4406.19,4406.19,4406.19,4406.19,33,CLEARED_>=20s,1.0,0.0,0.0,0.0,0.0,0.0,0.0,PASS_<20%,0.00,0.0,NO,STANDBY_VEL_LOW,1,1321.86,3268.14,132.45,FALSE,M1_DIRECTION_MISMATCH
2026-09-07 20:10:33.556,1788811833.556,7801,32,32,4406.19,4406.27,8.0,PASS_<=10c,+0.0,FLAT,+0.0,+69.0,4.2,+0.00,0.00,SLOW,4405.50,4406.54,4403.14,4406.23,0.00,0.00,0.0,BEARISH,340.0,4406.19,4406.19,4406.19,4406.19,33,CLEARED_>=20s,1.0,0.0,0.0,0.0,0.0,0.0,0.0,PASS_<20%,0.00,0.0,NO,STANDBY_VEL_LOW,1,1321.86,3268.14,132.45,FALSE,M1_DIRECTION_MISMATCH
2026-09-07 20:10:34.056,1788811834.056,7802,33,33,4406.19,4406.27,8.0,PASS_<=10c,+0.0,FLAT,+0.0,+69.0,4.2,+0.00,0.00,SLOW,4405.50,4406.54,4403.14,4406.23,0.00,0.00,0.0,BEARISH,340.0,4406.19,4406.19,4406.19,4406.19,34,CLEARED_>=20s,1.0,0.0,0.0,0.0,0.0,0.0,0.0,PASS_<20%,0.00,0.0,NO,STANDBY_VEL_LOW,1,1321.86,3268.14,132.45,FALSE,M1_DIRECTION_MISMATCH
2026-09-07 20:10:34.557,1788811834.558,7803,34,34,4406.19,4406.27,8.0,PASS_<=10c,+0.0,FLAT,+0.0,+69.0,4.2,+0.00,0.00,SLOW,4405.50,4406.54,4403.14,4406.23,0.00,0.00,0.0,BEARISH,340.0,4406.19,4406.19,4406.19,4406.19,34,CLEARED_>=20s,1.0,0.0,0.0,0.0,0.0,0.0,0.0,PASS_<20%,0.00,0.0,NO,STANDBY_VEL_LOW,1,1321.86,3268.14,132.45,FALSE,M1_DIRECTION_MISMATCH
2026-09-07 20:10:35.059,1788811835.060,7804,35,35,4406.19,4406.27,8.0,PASS_<=10c,+0.0,FLAT,+0.0,+69.0,4.2,+0.00,0.00,SLOW,4405.50,4406.54,4403.14,4406.23,0.00,0.00,0.0,BEARISH,340.0,4406.19,4406.19,4406.19,4406.19,35,CLEARED_>=20s,1.0,0.0,0.0,0.0,0.0,0.0,0.0,PASS_<20%,0.00,0.0,NO,STANDBY_VEL_LOW,1,1321.86,3268.14,132.45,FALSE,M1_DIRECTION_MISMATCH
2026-09-07 20:10:40.574,1788811840.574,7805,36,36,4406.19,4406.27,8.0,PASS_<=10c,+0.0,FLAT,+0.0,+69.0,1.6,+0.00,0.00,SLOW,4405.50,4406.54,4403.14,4406.23,0.00,0.00,0.0,BEARISH,340.0,4406.19,4406.19,4406.19,4406.19,40,CLEARED_>=20s,1.0,0.0,0.0,0.0,0.0,0.0,0.0,PASS_<20%,0.00,0.0,NO,STANDBY_VEL_LOW,1,1321.86,3268.14,132.45,FALSE,M1_DIRECTION_MISMATCH
2026-09-07 20:10:50.808,1788811850.808,7806,37,37,4406.19,4406.27,8.0,PASS_<=10c,+0.0,FLAT,+0.0,+69.0,1.3,+0.00,0.00,SLOW,4405.50,4406.54,4403.14,4406.23,0.00,0.00,0.0,BEARISH,340.0,4406.19,4406.19,4406.19,4406.19,50,CLEARED_>=20s,1.0,0.0,0.0,0.0,0.0,0.0,0.0,PASS_<20%,0.00,0.0,NO,STANDBY_VEL_LOW,1,1321.86,3268.14,132.45,FALSE,M1_DIRECTION_MISMATCH
2026-09-07 20:10:53.822,1788811853.822,7807,38,38,4406.19,4406.27,8.0,PASS_<=10c,+0.0,FLAT,+0.0,+69.0,1.3,+0.00,0.00,SLOW,4405.50,4406.54,4403.14,4406.23,0.00,0.00,0.0,BEARISH,340.0,4406.19,4406.19,4406.19,4406.19,53,CLEARED_>=20s,1.0,0.0,0.0,0.0,0.0,0.0,0.0,PASS_<20%,0.00,0.0,NO,STANDBY_VEL_LOW,1,1321.86,3268.14,132.45,FALSE,M1_DIRECTION_MISMATCH
2026-09-07 20:10:54.324,1788811854.324,7808,39,39,4406.19,4406.27,8.0,PASS_<=10c,+0.0,FLAT,+0.0,+69.0,1.4,+0.00,0.00,SLOW,4405.50,4406.54,4403.14,4406.23,0.00,0.00,0.0,BEARISH,340.0,4406.19,4406.19,4406.19,4406.19,54,CLEARED_>=20s,1.0,0.0,0.0,0.0,0.0,0.0,0.0,PASS_<20%,0.00,0.0,NO,STANDBY_VEL_LOW,1,1321.86,3268.14,132.45,FALSE,M1_DIRECTION_MISMATCH
2026-09-07 20:10:54.826,1788811854.826,7809,40,40,4406.19,4406.27,8.0,PASS_<=10c,+0.0,FLAT,+0.0,+69.0,1.7,+0.00,0.00,SLOW,4405.50,4406.54,4403.14,4406.23,0.00,0.00,0.0,BEARISH,340.0,4406.19,4406.19,4406.19,4406.19,54,CLEARED_>=20s,1.0,0.0,0.0,0.0,0.0,0.0,0.0,PASS_<20%,0.00,0.0,NO,STANDBY_VEL_LOW,1,1321.86,3268.14,132.45,FALSE,M1_DIRECTION_MISMATCH
2026-09-07 20:10:55.328,1788811855.328,7810,41,41,4406.19,4406.27,8.0,PASS_<=10c,+0.0,FLAT,+0.0,+69.0,2.0,+0.00,0.00,SLOW,4405.50,4406.54,4403.14,4406.23,0.00,0.00,0.0,BEARISH,340.0,4406.19,4406.19,4406.19,4406.19,55,CLEARED_>=20s,1.0,0.0,0.0,0.0,0.0,0.0,0.0,PASS_<20%,0.00,0.0,NO,STANDBY_VEL_LOW,1,1321.86,3268.14,132.45,FALSE,M1_DIRECTION_MISMATCH
2026-09-07 20:10:55.829,1788811855.830,7811,42,42,4406.19,4406.27,8.0,PASS_<=10c,+0.0,FLAT,+0.0,+69.0,4.7,+0.00,0.00,SLOW,4405.50,4406.54,4403.14,4406.23,0.00,0.00,0.0,BEARISH,340.0,4406.19,4406.19,4406.19,4406.19,55,CLEARED_>=20s,1.0,0.0,0.0,0.0,0.0,0.0,0.0,PASS_<20%,0.00,0.0,NO,STANDBY_VEL_LOW,1,1321.86,3268.14,132.45,FALSE,M1_DIRECTION_MISMATCH
2026-09-07 20:10:56.332,1788811856.332,7812,43,43,4406.19,4406.27,8.0,PASS_<=10c,+0.0,FLAT,+0.0,+69.0,4.6,+0.00,0.00,SLOW,4405.50,4406.54,4403.14,4406.23,0.00,0.00,0.0,BEARISH,340.0,4406.19,4406.19,4406.19,4406.19,56,CLEARED_>=20s,1.0,0.0,0.0,0.0,0.0,0.0,0.0,PASS_<20%,0.00,0.0,NO,STANDBY_VEL_LOW,1,1321.86,3268.14,132.45,FALSE,M1_DIRECTION_MISMATCH
2026-09-07 20:10:56.833,1788811856.834,7813,44,44,4406.19,4406.27,8.0,PASS_<=10c,+0.0,FLAT,+0.0,+69.0,4.5,+0.00,0.00,SLOW,4405.50,4406.54,4403.14,4406.23,0.00,0.00,0.0,BEARISH,340.0,4406.19,4406.19,4406.19,4406.19,56,CLEARED_>=20s,1.0,0.0,0.0,0.0,0.0,0.0,0.0,PASS_<20%,0.00,0.0,NO,STANDBY_VEL_LOW,1,1321.86,3268.14,132.45,FALSE,M1_DIRECTION_MISMATCH
2026-09-07 20:10:57.335,1788811857.335,7814,45,45,4406.19,4406.27,8.0,PASS_<=10c,+0.0,FLAT,+0.0,+69.0,4.4,+0.00,0.00,SLOW,4405.50,4406.54,4403.14,4406.23,0.00,0.00,0.0,BEARISH,340.0,4406.19,4406.19,4406.19,4406.19,57,CLEARED_>=20s,1.0,0.0,0.0,0.0,0.0,0.0,0.0,PASS_<20%,0.00,0.0,NO,STANDBY_VEL_LOW,1,1321.86,3268.14,132.45,FALSE,M1_DIRECTION_MISMATCH
2026-09-07 20:10:57.837,1788811857.838,7815,46,46,4406.19,4406.27,8.0,PASS_<=10c,+0.0,FLAT,+0.0,+69.0,4.4,+0.00,0.00,SLOW,4405.50,4406.54,4403.14,4406.23,0.00,0.00,0.0,BEARISH,340.0,4406.19,4406.19,4406.19,4406.19,57,CLEARED_>=20s,1.0,0.0,0.0,0.0,0.0,0.0,0.0,PASS_<20%,0.00,0.0,NO,STANDBY_VEL_LOW,1,1321.86,3268.14,132.45,FALSE,M1_DIRECTION_MISMATCH
2026-09-07 20:10:58.337,1788811858.338,7816,47,47,4406.19,4406.27,8.0,PASS_<=10c,+0.0,FLAT,+0.0,+69.0,4.3,+0.00,0.00,SLOW,4405.50,4406.54,4403.14,4406.23,0.00,0.00,0.0,BEARISH,340.0,4406.19,4406.19,4406.19,4406.19,58,CLEARED_>=20s,1.0,0.0,0.0,0.0,0.0,0.0,0.0,PASS_<20%,0.00,0.0,NO,STANDBY_VEL_LOW,1,1321.86,3268.14,132.45,FALSE,M1_DIRECTION_MISMATCH
2026-09-07 20:10:58.839,1788811858.840,7817,48,48,4406.19,4406.27,8.0,PASS_<=10c,+0.0,FLAT,+0.0,+69.0,4.2,+0.00,0.00,SLOW,4405.50,4406.54,4403.14,4406.23,0.00,0.00,0.0,BEARISH,340.0,4406.19,4406.19,4406.19,4406.19,58,CLEARED_>=20s,1.0,0.0,0.0,0.0,0.0,0.0,0.0,PASS_<20%,0.00,0.0,NO,STANDBY_VEL_LOW,1,1321.86,3268.14,132.45,FALSE,M1_DIRECTION_MISMATCH
2026-09-07 20:10:59.344,1788811859.344,7818,49,49,4406.19,4406.27,8.0,PASS_<=10c,+0.0,FLAT,+0.0,+69.0,4.2,+0.00,0.00,SLOW,4405.50,4406.54,4403.14,4406.23,0.00,0.00,0.0,BEARISH,340.0,4406.19,4406.19,4406.19,4406.19,59,CLEARED_>=20s,1.0,0.0,0.0,0.0,0.0,0.0,0.0,PASS_<20%,0.00,0.0,NO,STANDBY_VEL_LOW,1,1321.86,3268.14,132.45,FALSE,M1_DIRECTION_MISMATCH
2026-09-07 20:10:59.842,1788811859.843,7819,50,50,4406.19,4406.27,8.0,PASS_<=10c,+0.0,FLAT,+0.0,+69.0,4.2,+0.00,0.00,SLOW,4405.50,4406.54,4403.14,4406.23,0.00,0.00,0.0,BEARISH,340.0,4406.19,4406.19,4406.19,4406.19,59,CLEARED_>=20s,1.0,0.0,0.0,0.0,0.0,0.0,0.0,PASS_<20%,0.00,0.0,NO,STANDBY_VEL_LOW,1,1321.86,3268.14,132.45,FALSE,M1_DIRECTION_MISMATCH
2026-09-07 20:11:00.343,1788811860.344,7820,1,51,4406.19,4406.27,8.0,PASS_<=10c,+0.0,FLAT,+0.0,+69.0,4.2,+0.00,0.00,SLOW,4405.50,4406.54,4403.14,4406.23,0.00,0.00,0.0,BEARISH,340.0,4406.19,4406.19,4406.19,4406.19,0,ACTIVE_0s,1.0,0.0,0.0,0.0,0.0,0.0,0.0,PASS_<20%,0.00,0.0,NO,STANDBY_VEL_LOW,1,1321.86,3268.14,132.45,FALSE,M1_DIRECTION_MISMATCH|OPENING_SHIELD_ACTIVE_0s
2026-09-07 20:11:00.844,1788811860.844,7821,2,52,4406.19,4406.27,8.0,PASS_<=10c,+0.0,FLAT,+0.0,+69.0,4.2,+0.00,0.00,SLOW,4405.50,4406.54,4403.14,4406.23,0.00,0.00,0.0,BEARISH,340.0,4406.19,4406.19,4406.19,4406.19,0,ACTIVE_0s,1.0,0.0,0.0,0.0,0.0,0.0,0.0,PASS_<20%,0.00,0.0,NO,STANDBY_VEL_LOW,1,1321.86,3268.14,132.45,FALSE,M1_DIRECTION_MISMATCH|OPENING_SHIELD_ACTIVE_0s
2026-09-07 20:11:01.346,1788811861.346,7822,3,53,4406.19,4406.27,8.0,PASS_<=10c,+0.0,FLAT,+0.0,+69.0,4.2,+0.00,0.00,SLOW,4405.50,4406.54,4403.14,4406.23,0.00,0.00,0.0,BEARISH,340.0,4406.19,4406.19,4406.19,4406.19,1,ACTIVE_1s,1.0,0.0,0.0,0.0,0.0,0.0,0.0,PASS_<20%,0.00,0.0,NO,STANDBY_VEL_LOW,1,1321.86,3268.14,132.45,FALSE,M1_DIRECTION_MISMATCH|OPENING_SHIELD_ACTIVE_1s
2026-09-07 20:11:06.862,1788811866.863,7823,4,54,4406.19,4406.27,8.0,PASS_<=10c,+0.0,FLAT,+0.0,+69.0,1.5,+0.00,0.00,SLOW,4405.50,4406.54,4403.14,4406.23,0.00,0.00,0.0,BEARISH,340.0,4406.19,4406.19,4406.19,4406.19,6,ACTIVE_6s,1.0,0.0,0.0,0.0,0.0,0.0,0.0,PASS_<20%,0.00,0.0,NO,STANDBY_VEL_LOW,1,1321.86,3268.14,132.45,FALSE,M1_DIRECTION_MISMATCH|OPENING_SHIELD_ACTIVE_6s
2026-09-07 20:11:17.095,1788811877.096,7824,5,55,4406.19,4406.27,8.0,PASS_<=10c,+0.0,FLAT,+0.0,+69.0,1.3,+0.00,0.00,SLOW,4405.50,4406.54,4403.14,4406.23,0.00,0.00,0.0,BEARISH,340.0,4406.19,4406.19,4406.19,4406.19,17,ACTIVE_17s,1.0,0.0,0.0,0.0,0.0,0.0,0.0,PASS_<20%,0.00,0.0,NO,STANDBY_VEL_LOW,1,1321.86,3268.14,132.45,FALSE,M1_DIRECTION_MISMATCH|OPENING_SHIELD_ACTIVE_17s
2026-09-07 20:11:17.703,1788811877.704,7825,6,56,4406.19,4406.27,8.0,PASS_<=10c,+0.0,FLAT,+0.0,+69.0,3.0,+0.00,0.00,SLOW,4405.50,4406.54,4403.14,4406.23,0.00,0.00,0.0,BEARISH,340.0,4406.19,4406.19,4406.19,4406.19,17,ACTIVE_17s,1.0,0.0,0.0,0.0,0.0,0.0,0.0,PASS_<20%,0.00,0.0,NO,STANDBY_VEL_LOW,1,1321.86,3268.14,132.45,FALSE,M1_DIRECTION_MISMATCH|OPENING_SHIELD_ACTIVE_17s
2026-09-07 20:11:18.204,1788811878.204,7826,7,57,4406.19,4406.27,8.0,PASS_<=10c,+0.0,FLAT,+0.0,+69.0,4.5,+0.00,0.00,SLOW,4405.50,4406.54,4403.14,4406.23,0.00,0.00,0.0,BEARISH,340.0,4406.19,4406.19,4406.19,4406.19,18,ACTIVE_18s,1.0,0.0,0.0,0.0,0.0,0.0,0.0,PASS_<20%,0.00,0.0,NO,STANDBY_VEL_LOW,1,1321.86,3268.14,132.45,FALSE,M1_DIRECTION_MISMATCH|OPENING_SHIELD_ACTIVE_18s
2026-09-07 20:11:18.704,1788811878.705,7827,8,58,4406.19,4406.27,8.0,PASS_<=10c,+0.0,FLAT,+0.0,+69.0,4.3,+0.00,0.00,SLOW,4405.50,4406.54,4403.14,4406.23,0.00,0.00,0.0,BEARISH,340.0,4406.19,4406.19,4406.19,4406.19,18,ACTIVE_18s,1.0,0.0,0.0,0.0,0.0,0.0,0.0,PASS_<20%,0.00,0.0,NO,STANDBY_VEL_LOW,1,1321.86,3268.14,132.45,FALSE,M1_DIRECTION_MISMATCH|OPENING_SHIELD_ACTIVE_18s
2026-09-07 20:11:19.208,1788811879.208,7828,9,59,4406.19,4406.27,8.0,PASS_<=10c,+0.0,FLAT,+0.0,+69.0,4.3,+0.00,0.00,SLOW,4405.50,4406.54,4403.14,4406.23,0.00,0.00,0.0,BEARISH,340.0,4406.19,4406.19,4406.19,4406.19,19,ACTIVE_19s,1.0,0.0,0.0,0.0,0.0,0.0,0.0,PASS_<20%,0.00,0.0,NO,STANDBY_VEL_LOW,1,1321.86,3268.14,132.45,FALSE,M1_DIRECTION_MISMATCH|OPENING_SHIELD_ACTIVE_19s
2026-09-07 20:11:19.709,1788811879.709,7829,10,60,4406.19,4406.27,8.0,PASS_<=10c,+0.0,FLAT,+0.0,+69.0,4.2,+0.00,0.00,SLOW,4405.50,4406.54,4403.14,4406.23,0.00,0.00,0.0,BEARISH,340.0,4406.19,4406.19,4406.19,4406.19,19,ACTIVE_19s,1.0,0.0,0.0,0.0,0.0,0.0,0.0,PASS_<20%,0.00,0.0,NO,STANDBY_VEL_LOW,1,1321.86,3268.14,132.45,FALSE,M1_DIRECTION_MISMATCH|OPENING_SHIELD_ACTIVE_19s
2026-09-07 20:11:20.211,1788811880.212,7830,11,61,4406.19,4406.27,8.0,PASS_<=10c,+0.0,FLAT,+0.0,+69.0,4.2,+0.00,0.00,SLOW,4405.50,4406.54,4403.14,4406.23,0.00,0.00,0.0,BEARISH,340.0,4406.19,4406.19,4406.19,4406.19,20,CLEARED_>=20s,1.0,0.0,0.0,0.0,0.0,0.0,0.0,PASS_<20%,0.00,0.0,NO,STANDBY_VEL_LOW,1,1321.86,3268.14,132.45,FALSE,M1_DIRECTION_MISMATCH
2026-09-07 20:11:20.713,1788811880.713,7831,12,62,4406.19,4406.27,8.0,PASS_<=10c,+0.0,FLAT,+0.0,+69.0,4.1,+0.00,0.00,SLOW,4405.50,4406.54,4403.14,4406.23,0.00,0.00,0.0,BEARISH,340.0,4406.19,4406.19,4406.19,4406.19,20,CLEARED_>=20s,1.0,0.0,0.0,0.0,0.0,0.0,0.0,PASS_<20%,0.00,0.0,NO,STANDBY_VEL_LOW,1,1321.86,3268.14,132.45,FALSE,M1_DIRECTION_MISMATCH
2026-09-07 20:11:21.215,1788811881.216,7832,13,63,4406.19,4406.27,8.0,PASS_<=10c,+0.0,FLAT,+0.0,+69.0,4.1,+0.00,0.00,SLOW,4405.50,4406.54,4403.14,4406.23,0.00,0.00,0.0,BEARISH,340.0,4406.19,4406.19,4406.19,4406.19,21,CLEARED_>=20s,1.0,0.0,0.0,0.0,0.0,0.0,0.0,PASS_<20%,0.00,0.0,NO,STANDBY_VEL_LOW,1,1321.86,3268.14,132.45,FALSE,M1_DIRECTION_MISMATCH
2026-09-07 20:11:21.716,1788811881.716,7833,14,64,4406.19,4406.27,8.0,PASS_<=10c,+0.0,FLAT,+0.0,+69.0,4.1,+0.00,0.00,SLOW,4405.50,4406.54,4403.14,4406.23,0.00,0.00,0.0,BEARISH,340.0,4406.19,4406.19,4406.19,4406.19,21,CLEARED_>=20s,1.0,0.0,0.0,0.0,0.0,0.0,0.0,PASS_<20%,0.00,0.0,NO,STANDBY_VEL_LOW,1,1321.86,3268.14,132.45,FALSE,M1_DIRECTION_MISMATCH
2026-09-07 20:11:22.217,1788811882.218,7834,15,65,4406.19,4406.27,8.0,PASS_<=10c,+0.0,FLAT,+0.0,+69.0,4.3,+0.00,0.00,SLOW,4405.50,4406.54,4403.14,4406.23,0.00,0.00,0.0,BEARISH,340.0,4406.19,4406.19,4406.19,4406.19,22,CLEARED_>=20s,1.0,0.0,0.0,0.0,0.0,0.0,0.0,PASS_<20%,0.00,0.0,NO,STANDBY_VEL_LOW,1,1321.86,3268.14,132.45,FALSE,M1_DIRECTION_MISMATCH
2026-09-07 20:11:22.719,1788811882.719,7835,16,66,4406.19,4406.27,8.0,PASS_<=10c,+0.0,FLAT,+0.0,+69.0,4.2,+0.00,0.00,SLOW,4405.50,4406.54,4403.14,4406.23,0.00,0.00,0.0,BEARISH,340.0,4406.19,4406.19,4406.19,4406.19,22,CLEARED_>=20s,1.0,0.0,0.0,0.0,0.0,0.0,0.0,PASS_<20%,0.00,0.0,NO,STANDBY_VEL_LOW,1,1321.86,3268.14,132.45,FALSE,M1_DIRECTION_MISMATCH
2026-09-07 20:11:23.223,1788811883.223,7836,17,67,4406.19,4406.27,8.0,PASS_<=10c,+0.0,FLAT,+0.0,+69.0,4.2,+0.00,0.00,SLOW,4405.50,4406.54,4403.14,4406.23,0.00,0.00,0.0,BEARISH,340.0,4406.19,4406.19,4406.19,4406.19,23,CLEARED_>=20s,1.0,0.0,0.0,0.0,0.0,0.0,0.0,PASS_<20%,0.00,0.0,NO,STANDBY_VEL_LOW,1,1321.86,3268.14,132.45,FALSE,M1_DIRECTION_MISMATCH
2026-09-07 20:11:23.723,1788811883.723,7837,18,68,4406.19,4406.27,8.0,PASS_<=10c,+0.0,FLAT,+0.0,+69.0,4.2,+0.00,0.00,SLOW,4405.50,4406.54,4403.14,4406.23,0.00,0.00,0.0,BEARISH,340.0,4406.19,4406.19,4406.19,4406.19,23,CLEARED_>=20s,1.0,0.0,0.0,0.0,0.0,0.0,0.0,PASS_<20%,0.00,0.0,NO,STANDBY_VEL_LOW,1,1321.86,3268.14,132.45,FALSE,M1_DIRECTION_MISMATCH
2026-09-07 20:11:24.228,1788811884.228,7838,19,69,4406.19,4406.27,8.0,PASS_<=10c,+0.0,FLAT,+0.0,+69.0,4.2,+0.00,0.00,SLOW,4405.50,4406.54,4403.14,4406.23,0.00,0.00,0.0,BEARISH,340.0,4406.19,4406.19,4406.19,4406.19,24,CLEARED_>=20s,1.0,0.0,0.0,0.0,0.0,0.0,0.0,PASS_<20%,0.00,0.0,NO,STANDBY_VEL_LOW,1,1321.86,3268.14,132.45,FALSE,M1_DIRECTION_MISMATCH
2026-09-07 20:11:24.729,1788811884.730,7839,20,70,4406.19,4406.27,8.0,PASS_<=10c,+0.0,FLAT,+0.0,+69.0,4.2,+0.00,0.00,SLOW,4405.50,4406.54,4403.14,4406.23,0.00,0.00,0.0,BEARISH,340.0,4406.19,4406.19,4406.19,4406.19,24,CLEARED_>=20s,1.0,0.0,0.0,0.0,0.0,0.0,0.0,PASS_<20%,0.00,0.0,NO,STANDBY_VEL_LOW,1,1321.86,3268.14,132.45,FALSE,M1_DIRECTION_MISMATCH
2026-09-07 20:11:25.231,1788811885.231,7840,21,71,4406.19,4406.27,8.0,PASS_<=10c,+0.0,FLAT,+0.0,+69.0,4.2,+0.00,0.00,SLOW,4405.50,4406.54,4403.14,4406.23,0.00,0.00,0.0,BEARISH,340.0,4406.19,4406.19,4406.19,4406.19,25,CLEARED_>=20s,1.0,0.0,0.0,0.0,0.0,0.0,0.0,PASS_<20%,0.00,0.0,NO,STANDBY_VEL_LOW,1,1321.86,3268.14,132.45,FALSE,M1_DIRECTION_MISMATCH
2026-09-07 20:11:30.759,1788811890.760,7841,22,72,4406.19,4406.27,8.0,PASS_<=10c,+0.0,FLAT,+0.0,+69.0,1.5,+0.00,0.00,SLOW,4405.50,4406.54,4403.14,4406.23,0.00,0.00,0.0,BEARISH,340.0,4406.19,4406.19,4406.19,4406.19,30,CLEARED_>=20s,1.0,0.0,0.0,0.0,0.0,0.0,0.0,PASS_<20%,0.00,0.0,NO,STANDBY_VEL_LOW,1,1321.86,3268.14,132.45,FALSE,M1_DIRECTION_MISMATCH
2026-09-07 20:11:40.994,1788811900.994,7842,23,73,4406.19,4406.27,8.0,PASS_<=10c,+0.0,FLAT,+0.0,+69.0,1.3,+0.00,0.00,SLOW,4405.50,4406.54,4403.14,4406.23,0.00,0.00,0.0,BEARISH,340.0,4406.19,4406.19,4406.19,4406.19,40,CLEARED_>=20s,1.0,0.0,0.0,0.0,0.0,0.0,0.0,PASS_<20%,0.00,0.0,NO,STANDBY_VEL_LOW,1,1321.86,3268.14,132.45,FALSE,M1_DIRECTION_MISMATCH
2026-09-07 20:11:42.805,1788811902.805,7843,24,74,4406.19,4406.27,8.0,PASS_<=10c,+0.0,FLAT,+0.0,+69.0,1.7,+0.00,0.00,SLOW,4405.50,4406.54,4403.14,4406.23,0.00,0.00,0.0,BEARISH,340.0,4406.19,4406.19,4406.19,4406.19,42,CLEARED_>=20s,1.0,0.0,0.0,0.0,0.0,0.0,0.0,PASS_<20%,0.00,0.0,NO,STANDBY_VEL_LOW,1,1321.86,3268.14,132.45,FALSE,M1_DIRECTION_MISMATCH
2026-09-07 20:11:43.306,1788811903.306,7844,25,75,4406.19,4406.27,8.0,PASS_<=10c,+0.0,FLAT,+0.0,+69.0,2.2,+0.00,0.00,SLOW,4405.50,4406.54,4403.14,4406.23,0.00,0.00,0.0,BEARISH,340.0,4406.19,4406.19,4406.19,4406.19,43,CLEARED_>=20s,1.0,0.0,0.0,0.0,0.0,0.0,0.0,PASS_<20%,0.00,0.0,NO,STANDBY_VEL_LOW,1,1321.86,3268.14,132.45,FALSE,M1_DIRECTION_MISMATCH
2026-09-07 20:11:43.807,1788811903.808,7845,26,76,4406.19,4406.27,8.0,PASS_<=10c,+0.0,FLAT,+0.0,+69.0,2.5,+0.00,0.00,SLOW,4405.50,4406.54,4403.14,4406.23,0.00,0.00,0.0,BEARISH,340.0,4406.19,4406.19,4406.19,4406.19,43,CLEARED_>=20s,1.0,0.0,0.0,0.0,0.0,0.0,0.0,PASS_<20%,0.00,0.0,NO,STANDBY_VEL_LOW,1,1321.86,3268.14,132.45,FALSE,M1_DIRECTION_MISMATCH
2026-09-07 20:11:44.310,1788811904.310,7846,27,77,4406.19,4406.27,8.0,PASS_<=10c,+0.0,FLAT,+0.0,+69.0,2.7,+0.00,0.00,SLOW,4405.50,4406.54,4403.14,4406.23,0.00,0.00,0.0,BEARISH,340.0,4406.19,4406.19,4406.19,4406.19,44,CLEARED_>=20s,1.0,0.0,0.0,0.0,0.0,0.0,0.0,PASS_<20%,0.00,0.0,NO,STANDBY_VEL_LOW,1,1321.86,3268.14,132.45,FALSE,M1_DIRECTION_MISMATCH
2026-09-07 20:11:44.811,1788811904.812,7847,28,78,4406.19,4406.27,8.0,PASS_<=10c,+0.0,FLAT,+0.0,+69.0,2.9,+0.00,0.00,SLOW,4405.50,4406.54,4403.14,4406.23,0.00,0.00,0.0,BEARISH,340.0,4406.19,4406.19,4406.19,4406.19,44,CLEARED_>=20s,1.0,0.0,0.0,0.0,0.0,0.0,0.0,PASS_<20%,0.00,0.0,NO,STANDBY_VEL_LOW,1,1321.86,3268.14,132.45,FALSE,M1_DIRECTION_MISMATCH
2026-09-07 20:11:45.314,1788811905.314,7848,29,79,4406.19,4406.27,8.0,PASS_<=10c,+0.0,FLAT,+0.0,+69.0,3.0,+0.00,0.00,SLOW,4405.50,4406.54,4403.14,4406.23,0.00,0.00,0.0,BEARISH,340.0,4406.19,4406.19,4406.19,4406.19,45,CLEARED_>=20s,1.0,0.0,0.0,0.0,0.0,0.0,0.0,PASS_<20%,0.00,0.0,NO,STANDBY_VEL_LOW,1,1321.86,3268.14,132.45,FALSE,M1_DIRECTION_MISMATCH
2026-09-07 20:11:45.815,1788811905.815,7849,30,80,4406.19,4406.27,8.0,PASS_<=10c,+0.0,FLAT,+0.0,+69.0,3.1,+0.00,0.00,SLOW,4405.50,4406.54,4403.14,4406.23,0.00,0.00,0.0,BEARISH,340.0,4406.19,4406.19,4406.19,4406.19,45,CLEARED_>=20s,1.0,0.0,0.0,0.0,0.0,0.0,0.0,PASS_<20%,0.00,0.0,NO,STANDBY_VEL_LOW,1,1321.86,3268.14,132.45,FALSE,M1_DIRECTION_MISMATCH
2026-09-07 20:11:46.318,1788811906.318,7850,31,81,4406.19,4406.27,8.0,PASS_<=10c,+0.0,FLAT,+0.0,+69.0,4.4,+0.00,0.00,SLOW,4405.50,4406.54,4403.14,4406.23,0.00,0.00,0.0,BEARISH,340.0,4406.19,4406.19,4406.19,4406.19,46,CLEARED_>=20s,1.0,0.0,0.0,0.0,0.0,0.0,0.0,PASS_<20%,0.00,0.0,NO,STANDBY_VEL_LOW,1,1321.86,3268.14,132.45,FALSE,M1_DIRECTION_MISMATCH
2026-09-07 20:11:46.819,1788811906.820,7851,32,82,4406.19,4406.27,8.0,PASS_<=10c,+0.0,FLAT,+0.0,+69.0,4.4,+0.00,0.00,SLOW,4405.50,4406.54,4403.14,4406.23,0.00,0.00,0.0,BEARISH,340.0,4406.19,4406.19,4406.19,4406.19,46,CLEARED_>=20s,1.0,0.0,0.0,0.0,0.0,0.0,0.0,PASS_<20%,0.00,0.0,NO,STANDBY_VEL_LOW,1,1321.86,3268.14,132.45,FALSE,M1_DIRECTION_MISMATCH
2026-09-07 20:11:47.321,1788811907.321,7852,33,83,4406.19,4406.27,8.0,PASS_<=10c,+0.0,FLAT,+0.0,+69.0,4.3,+0.00,0.00,SLOW,4405.50,4406.54,4403.14,4406.23,0.00,0.00,0.0,BEARISH,340.0,4406.19,4406.19,4406.19,4406.19,47,CLEARED_>=20s,1.0,0.0,0.0,0.0,0.0,0.0,0.0,PASS_<20%,0.00,0.0,NO,STANDBY_VEL_LOW,1,1321.86,3268.14,132.45,FALSE,M1_DIRECTION_MISMATCH
2026-09-07 20:11:47.822,1788811907.823,7853,34,84,4406.19,4406.27,8.0,PASS_<=10c,+0.0,FLAT,+0.0,+69.0,4.2,+0.00,0.00,SLOW,4405.50,4406.54,4403.14,4406.23,0.00,0.00,0.0,BEARISH,340.0,4406.19,4406.19,4406.19,4406.19,47,CLEARED_>=20s,1.0,0.0,0.0,0.0,0.0,0.0,0.0,PASS_<20%,0.00,0.0,NO,STANDBY_VEL_LOW,1,1321.86,3268.14,132.45,FALSE,M1_DIRECTION_MISMATCH
2026-09-07 20:11:48.324,1788811908.325,7854,35,85,4406.19,4406.27,8.0,PASS_<=10c,+0.0,FLAT,+0.0,+69.0,4.2,+0.00,0.00,SLOW,4405.50,4406.54,4403.14,4406.23,0.00,0.00,0.0,BEARISH,340.0,4406.19,4406.19,4406.19,4406.19,48,CLEARED_>=20s,1.0,0.0,0.0,0.0,0.0,0.0,0.0,PASS_<20%,0.00,0.0,NO,STANDBY_VEL_LOW,1,1321.86,3268.14,132.45,FALSE,M1_DIRECTION_MISMATCH
2026-09-07 20:11:48.825,1788811908.826,7855,36,86,4406.19,4406.27,8.0,PASS_<=10c,+0.0,FLAT,+0.0,+69.0,4.2,+0.00,0.00,SLOW,4405.50,4406.54,4403.14,4406.23,0.00,0.00,0.0,BEARISH,340.0,4406.19,4406.19,4406.19,4406.19,48,CLEARED_>=20s,1.0,0.0,0.0,0.0,0.0,0.0,0.0,PASS_<20%,0.00,0.0,NO,STANDBY_VEL_LOW,1,1321.86,3268.14,132.45,FALSE,M1_DIRECTION_MISMATCH
2026-09-07 20:11:49.326,1788811909.327,7856,37,87,4406.19,4406.27,8.0,PASS_<=10c,+0.0,FLAT,+0.0,+69.0,4.2,+0.00,0.00,SLOW,4405.50,4406.54,4403.14,4406.23,0.00,0.00,0.0,BEARISH,340.0,4406.19,4406.19,4406.19,4406.19,49,CLEARED_>=20s,1.0,0.0,0.0,0.0,0.0,0.0,0.0,PASS_<20%,0.00,0.0,NO,STANDBY_VEL_LOW,1,1321.86,3268.14,132.45,FALSE,M1_DIRECTION_MISMATCH
2026-09-07 20:11:49.828,1788811909.828,7857,38,88,4406.19,4406.27,8.0,PASS_<=10c,+0.0,FLAT,+0.0,+69.0,4.2,+0.00,0.00,SLOW,4405.50,4406.54,4403.14,4406.23,0.00,0.00,0.0,BEARISH,340.0,4406.19,4406.19,4406.19,4406.19,49,CLEARED_>=20s,1.0,0.0,0.0,0.0,0.0,0.0,0.0,PASS_<20%,0.00,0.0,NO,STANDBY_VEL_LOW,1,1321.86,3268.14,132.45,FALSE,M1_DIRECTION_MISMATCH
2026-09-07 20:11:50.330,1788811910.331,7858,39,89,4406.19,4406.27,8.0,PASS_<=10c,+0.0,FLAT,+0.0,+69.0,4.2,+0.00,0.00,SLOW,4405.50,4406.54,4403.14,4406.23,0.00,0.00,0.0,BEARISH,340.0,4406.19,4406.19,4406.19,4406.19,50,CLEARED_>=20s,1.0,0.0,0.0,0.0,0.0,0.0,0.0,PASS_<20%,0.00,0.0,NO,STANDBY_VEL_LOW,1,1321.86,3268.14,132.45,FALSE,M1_DIRECTION_MISMATCH
2026-09-07 20:11:55.848,1788811915.849,7859,40,90,4406.19,4406.27,8.0,PASS_<=10c,+0.0,FLAT,+0.0,+69.0,1.6,+0.00,0.00,SLOW,4405.50,4406.54,4403.14,4406.23,0.00,0.00,0.0,BEARISH,340.0,4406.19,4406.19,4406.19,4406.19,55,CLEARED_>=20s,1.0,0.0,0.0,0.0,0.0,0.0,0.0,PASS_<20%,0.00,0.0,NO,STANDBY_VEL_LOW,1,1321.86,3268.14,132.45,FALSE,M1_DIRECTION_MISMATCH
2026-09-07 20:12:06.083,1788811926.084,7860,1,91,4406.19,4406.27,8.0,PASS_<=10c,+0.0,FLAT,+0.0,+69.0,1.3,+0.00,0.00,SLOW,4405.50,4406.54,4403.14,4406.23,0.00,0.00,0.0,BEARISH,340.0,4406.19,4406.19,4406.19,4406.19,6,ACTIVE_6s,1.0,0.0,0.0,0.0,0.0,0.0,0.0,PASS_<20%,0.00,0.0,NO,STANDBY_VEL_LOW,1,1321.86,3268.14,132.45,FALSE,M1_DIRECTION_MISMATCH|OPENING_SHIELD_ACTIVE_6s
2026-09-07 20:12:07.490,1788811927.490,7861,2,92,4406.19,4406.27,8.0,PASS_<=10c,+0.0,FLAT,+0.0,+69.0,2.1,+0.00,0.00,SLOW,4405.50,4406.54,4403.14,4406.23,0.00,0.00,0.0,BEARISH,340.0,4406.19,4406.19,4406.19,4406.19,7,ACTIVE_7s,1.0,0.0,0.0,0.0,0.0,0.0,0.0,PASS_<20%,0.00,0.0,NO,STANDBY_VEL_LOW,1,1321.86,3268.14,132.45,FALSE,M1_DIRECTION_MISMATCH|OPENING_SHIELD_ACTIVE_7s
2026-09-07 20:12:07.991,1788811927.992,7862,3,93,4406.19,4406.27,8.0,PASS_<=10c,+0.0,FLAT,+0.0,+69.0,2.6,+0.00,0.00,SLOW,4405.50,4406.54,4403.14,4406.23,0.00,0.00,0.0,BEARISH,340.0,4406.19,4406.19,4406.19,4406.19,7,ACTIVE_7s,1.0,0.0,0.0,0.0,0.0,0.0,0.0,PASS_<20%,0.00,0.0,NO,STANDBY_VEL_LOW,1,1321.86,3268.14,132.45,FALSE,M1_DIRECTION_MISMATCH|OPENING_SHIELD_ACTIVE_7s
2026-09-07 20:12:08.493,1788811928.494,7863,4,94,4406.19,4406.27,8.0,PASS_<=10c,+0.0,FLAT,+0.0,+69.0,2.9,+0.00,0.00,SLOW,4405.50,4406.54,4403.14,4406.23,0.00,0.00,0.0,BEARISH,340.0,4406.19,4406.19,4406.19,4406.19,8,ACTIVE_8s,1.0,0.0,0.0,0.0,0.0,0.0,0.0,PASS_<20%,0.00,0.0,NO,STANDBY_VEL_LOW,1,1321.86,3268.14,132.45,FALSE,M1_DIRECTION_MISMATCH|OPENING_SHIELD_ACTIVE_8s
2026-09-07 20:12:08.994,1788811928.994,7864,5,95,4406.19,4406.27,8.0,PASS_<=10c,+0.0,FLAT,+0.0,+69.0,3.1,+0.00,0.00,SLOW,4405.50,4406.54,4403.14,4406.23,0.00,0.00,0.0,BEARISH,340.0,4406.19,4406.19,4406.19,4406.19,8,ACTIVE_8s,1.0,0.0,0.0,0.0,0.0,0.0,0.0,PASS_<20%,0.00,0.0,NO,STANDBY_VEL_LOW,1,1321.86,3268.14,132.45,FALSE,M1_DIRECTION_MISMATCH|OPENING_SHIELD_ACTIVE_8s
2026-09-07 20:12:09.495,1788811929.496,7865,6,96,4406.19,4406.27,8.0,PASS_<=10c,+0.0,FLAT,+0.0,+69.0,3.2,+0.00,0.00,SLOW,4405.50,4406.54,4403.14,4406.23,0.00,0.00,0.0,BEARISH,340.0,4406.19,4406.19,4406.19,4406.19,9,ACTIVE_9s,1.0,0.0,0.0,0.0,0.0,0.0,0.0,PASS_<20%,0.00,0.0,NO,STANDBY_VEL_LOW,1,1321.86,3268.14,132.45,FALSE,M1_DIRECTION_MISMATCH|OPENING_SHIELD_ACTIVE_9s
2026-09-07 20:12:09.997,1788811929.997,7866,7,97,4406.19,4406.27,8.0,PASS_<=10c,+0.0,FLAT,+0.0,+69.0,3.3,+0.00,0.00,SLOW,4405.50,4406.54,4403.14,4406.23,0.00,0.00,0.0,BEARISH,340.0,4406.19,4406.19,4406.19,4406.19,9,ACTIVE_9s,1.0,0.0,0.0,0.0,0.0,0.0,0.0,PASS_<20%,0.00,0.0,NO,STANDBY_VEL_LOW,1,1321.86,3268.14,132.45,FALSE,M1_DIRECTION_MISMATCH|OPENING_SHIELD_ACTIVE_9s
2026-09-07 20:12:10.498,1788811930.499,7867,8,98,4406.19,4406.27,8.0,PASS_<=10c,+0.0,FLAT,+0.0,+69.0,3.4,+0.00,0.00,SLOW,4405.50,4406.54,4403.14,4406.23,0.00,0.00,0.0,BEARISH,340.0,4406.19,4406.19,4406.19,4406.19,10,ACTIVE_10s,1.0,0.0,0.0,0.0,0.0,0.0,0.0,PASS_<20%,0.00,0.0,NO,STANDBY_VEL_LOW,1,1321.86,3268.14,132.45,FALSE,M1_DIRECTION_MISMATCH|OPENING_SHIELD_ACTIVE_10s
2026-09-07 20:12:11.000,1788811931.000,7868,9,99,4406.19,4406.27,8.0,PASS_<=10c,+0.0,FLAT,+0.0,+69.0,3.5,+0.00,0.00,SLOW,4405.50,4406.54,4403.14,4406.23,0.00,0.00,0.0,BEARISH,340.0,4406.19,4406.19,4406.19,4406.19,11,ACTIVE_11s,1.0,0.0,0.0,0.0,0.0,0.0,0.0,PASS_<20%,0.00,0.0,NO,STANDBY_VEL_LOW,1,1321.86,3268.14,132.45,FALSE,M1_DIRECTION_MISMATCH|OPENING_SHIELD_ACTIVE_10s
2026-09-07 20:12:11.503,1788811931.503,7869,10,100,4406.19,4406.27,8.0,PASS_<=10c,+0.0,FLAT,+0.0,+69.0,4.4,+0.00,0.00,SLOW,4405.50,4406.54,4403.14,4406.23,0.00,0.00,0.0,BEARISH,340.0,4406.19,4406.19,4406.19,4406.19,11,ACTIVE_11s,1.0,0.0,0.0,0.0,0.0,0.0,0.0,PASS_<20%,0.00,0.0,NO,STANDBY_VEL_LOW,1,1321.86,3268.14,132.45,FALSE,M1_DIRECTION_MISMATCH|OPENING_SHIELD_ACTIVE_11s
2026-09-07 20:12:12.006,1788811932.006,7870,11,101,4406.19,4406.27,8.0,PASS_<=10c,+0.0,FLAT,+0.0,+69.0,4.3,+0.00,0.00,SLOW,4405.50,4406.54,4403.14,4406.23,0.00,0.00,0.0,BEARISH,340.0,4406.19,4406.19,4406.19,4406.19,12,ACTIVE_12s,1.0,0.0,0.0,0.0,0.0,0.0,0.0,PASS_<20%,0.00,0.0,NO,STANDBY_VEL_LOW,1,1321.86,3268.14,132.45,FALSE,M1_DIRECTION_MISMATCH|OPENING_SHIELD_ACTIVE_12s
2026-09-07 20:12:12.507,1788811932.507,7871,12,102,4406.19,4406.27,8.0,PASS_<=10c,+0.0,FLAT,+0.0,+69.0,4.2,+0.00,0.00,SLOW,4405.50,4406.54,4403.14,4406.23,0.00,0.00,0.0,BEARISH,340.0,4406.19,4406.19,4406.19,4406.19,12,ACTIVE_12s,1.0,0.0,0.0,0.0,0.0,0.0,0.0,PASS_<20%,0.00,0.0,NO,STANDBY_VEL_LOW,1,1321.86,3268.14,132.45,FALSE,M1_DIRECTION_MISMATCH|OPENING_SHIELD_ACTIVE_12s
2026-09-07 20:12:13.010,1788811933.010,7872,13,103,4406.19,4406.27,8.0,PASS_<=10c,+0.0,FLAT,+0.0,+69.0,4.2,+0.00,0.00,SLOW,4405.50,4406.54,4403.14,4406.23,0.00,0.00,0.0,BEARISH,340.0,4406.19,4406.19,4406.19,4406.19,13,ACTIVE_13s,1.0,0.0,0.0,0.0,0.0,0.0,0.0,PASS_<20%,0.00,0.0,NO,STANDBY_VEL_LOW,1,1321.86,3268.14,132.45,FALSE,M1_DIRECTION_MISMATCH|OPENING_SHIELD_ACTIVE_13s
2026-09-07 20:12:13.511,1788811933.511,7873,14,104,4406.19,4406.27,8.0,PASS_<=10c,+0.0,FLAT,+0.0,+69.0,4.2,+0.00,0.00,SLOW,4405.50,4406.54,4403.14,4406.23,0.00,0.00,0.0,BEARISH,340.0,4406.19,4406.19,4406.19,4406.19,13,ACTIVE_13s,1.0,0.0,0.0,0.0,0.0,0.0,0.0,PASS_<20%,0.00,0.0,NO,STANDBY_VEL_LOW,1,1321.86,3268.14,132.45,FALSE,M1_DIRECTION_MISMATCH|OPENING_SHIELD_ACTIVE_13s
2026-09-07 20:12:14.012,1788811934.013,7874,15,105,4406.19,4406.27,8.0,PASS_<=10c,+0.0,FLAT,+0.0,+69.0,4.2,+0.00,0.00,SLOW,4405.50,4406.54,4403.14,4406.23,0.00,0.00,0.0,BEARISH,340.0,4406.19,4406.19,4406.19,4406.19,14,ACTIVE_14s,1.0,0.0,0.0,0.0,0.0,0.0,0.0,PASS_<20%,0.00,0.0,NO,STANDBY_VEL_LOW,1,1321.86,3268.14,132.45,FALSE,M1_DIRECTION_MISMATCH|OPENING_SHIELD_ACTIVE_14s
2026-09-07 20:12:14.514,1788811934.514,7875,16,106,4406.19,4406.27,8.0,PASS_<=10c,+0.0,FLAT,+0.0,+69.0,4.2,+0.00,0.00,SLOW,4405.50,4406.54,4403.14,4406.23,0.00,0.00,0.0,BEARISH,340.0,4406.19,4406.19,4406.19,4406.19,14,ACTIVE_14s,1.0,0.0,0.0,0.0,0.0,0.0,0.0,PASS_<20%,0.00,0.0,NO,STANDBY_VEL_LOW,1,1321.86,3268.14,132.45,FALSE,M1_DIRECTION_MISMATCH|OPENING_SHIELD_ACTIVE_14s
2026-09-07 20:12:15.015,1788811935.016,7876,17,107,4406.19,4406.27,8.0,PASS_<=10c,+0.0,FLAT,+0.0,+69.0,4.2,+0.00,0.00,SLOW,4405.50,4406.54,4403.14,4406.23,0.00,0.00,0.0,BEARISH,340.0,4406.19,4406.19,4406.19,4406.19,15,ACTIVE_15s,1.0,0.0,0.0,0.0,0.0,0.0,0.0,PASS_<20%,0.00,0.0,NO,STANDBY_VEL_LOW,1,1321.86,3268.14,132.45,FALSE,M1_DIRECTION_MISMATCH|OPENING_SHIELD_ACTIVE_15s
2026-09-07 20:12:20.531,1788811940.532,7877,18,108,4406.19,4406.27,8.0,PASS_<=10c,+0.0,FLAT,+0.0,+69.0,1.6,+0.00,0.00,SLOW,4405.50,4406.54,4403.14,4406.23,0.00,0.00,0.0,BEARISH,340.0,4406.19,4406.19,4406.19,4406.19,20,CLEARED_>=20s,1.0,0.0,0.0,0.0,0.0,0.0,0.0,PASS_<20%,0.00,0.0,NO,STANDBY_VEL_LOW,1,1321.86,3268.14,132.45,FALSE,M1_DIRECTION_MISMATCH
2026-09-07 20:12:30.759,1788811950.760,7878,19,109,4406.19,4406.27,8.0,PASS_<=10c,+0.0,FLAT,+0.0,+69.0,1.3,+0.00,0.00,SLOW,4405.50,4406.54,4403.14,4406.23,0.00,0.00,0.0,BEARISH,340.0,4406.19,4406.19,4406.19,4406.19,30,CLEARED_>=20s,1.0,0.0,0.0,0.0,0.0,0.0,0.0,PASS_<20%,0.00,0.0,NO,STANDBY_VEL_LOW,1,1321.86,3268.14,132.45,FALSE,M1_DIRECTION_MISMATCH
2026-09-07 20:12:31.565,1788811951.566,7879,20,110,4406.19,4406.27,8.0,PASS_<=10c,+0.0,FLAT,+0.0,+69.0,3.0,+0.00,0.00,SLOW,4405.50,4406.54,4403.14,4406.23,0.00,0.00,0.0,BEARISH,340.0,4406.19,4406.19,4406.19,4406.19,31,CLEARED_>=20s,1.0,0.0,0.0,0.0,0.0,0.0,0.0,PASS_<20%,0.00,0.0,NO,STANDBY_VEL_LOW,1,1321.86,3268.14,132.45,FALSE,M1_DIRECTION_MISMATCH
2026-09-07 20:12:32.067,1788811952.068,7880,21,111,4406.19,4406.27,8.0,PASS_<=10c,+0.0,FLAT,+0.0,+69.0,3.8,+0.00,0.00,SLOW,4405.50,4406.54,4403.14,4406.23,0.00,0.00,0.0,BEARISH,340.0,4406.19,4406.19,4406.19,4406.19,32,CLEARED_>=20s,1.0,0.0,0.0,0.0,0.0,0.0,0.0,PASS_<20%,0.00,0.0,NO,STANDBY_VEL_LOW,1,1321.86,3268.14,132.45,FALSE,M1_DIRECTION_MISMATCH
2026-09-07 20:12:32.569,1788811952.570,7881,22,112,4406.19,4406.27,8.0,PASS_<=10c,+0.0,FLAT,+0.0,+69.0,3.9,+0.00,0.00,SLOW,4405.50,4406.54,4403.14,4406.23,0.00,0.00,0.0,BEARISH,340.0,4406.19,4406.19,4406.19,4406.19,32,CLEARED_>=20s,1.0,0.0,0.0,0.0,0.0,0.0,0.0,PASS_<20%,0.00,0.0,NO,STANDBY_VEL_LOW,1,1321.86,3268.14,132.45,FALSE,M1_DIRECTION_MISMATCH
2026-09-07 20:12:33.071,1788811953.071,7882,23,113,4406.19,4406.27,8.0,PASS_<=10c,+0.0,FLAT,+0.0,+69.0,3.9,+0.00,0.00,SLOW,4405.50,4406.54,4403.14,4406.23,0.00,0.00,0.0,BEARISH,340.0,4406.19,4406.19,4406.19,4406.19,33,CLEARED_>=20s,1.0,0.0,0.0,0.0,0.0,0.0,0.0,PASS_<20%,0.00,0.0,NO,STANDBY_VEL_LOW,1,1321.86,3268.14,132.45,FALSE,M1_DIRECTION_MISMATCH
2026-09-07 20:12:33.572,1788811953.573,7883,24,114,4406.19,4406.27,8.0,PASS_<=10c,+0.0,FLAT,+0.0,+69.0,3.9,+0.00,0.00,SLOW,4405.50,4406.54,4403.14,4406.23,0.00,0.00,0.0,BEARISH,340.0,4406.19,4406.19,4406.19,4406.19,33,CLEARED_>=20s,1.0,0.0,0.0,0.0,0.0,0.0,0.0,PASS_<20%,0.00,0.0,NO,STANDBY_VEL_LOW,1,1321.86,3268.14,132.45,FALSE,M1_DIRECTION_MISMATCH
2026-09-07 20:12:34.074,1788811954.075,7884,25,115,4406.19,4406.27,8.0,PASS_<=10c,+0.0,FLAT,+0.0,+69.0,3.9,+0.00,0.00,SLOW,4405.50,4406.54,4403.14,4406.23,0.00,0.00,0.0,BEARISH,340.0,4406.19,4406.19,4406.19,4406.19,34,CLEARED_>=20s,1.0,0.0,0.0,0.0,0.0,0.0,0.0,PASS_<20%,0.00,0.0,NO,STANDBY_VEL_LOW,1,1321.86,3268.14,132.45,FALSE,M1_DIRECTION_MISMATCH
2026-09-07 20:12:34.575,1788811954.576,7885,26,116,4406.19,4406.27,8.0,PASS_<=10c,+0.0,FLAT,+0.0,+69.0,3.9,+0.00,0.00,SLOW,4405.50,4406.54,4403.14,4406.23,0.00,0.00,0.0,BEARISH,340.0,4406.19,4406.19,4406.19,4406.19,34,CLEARED_>=20s,1.0,0.0,0.0,0.0,0.0,0.0,0.0,PASS_<20%,0.00,0.0,NO,STANDBY_VEL_LOW,1,1321.86,3268.14,132.45,FALSE,M1_DIRECTION_MISMATCH
2026-09-07 20:12:35.077,1788811955.077,7886,27,117,4406.19,4406.27,8.0,PASS_<=10c,+0.0,FLAT,+0.0,+69.0,3.9,+0.00,0.00,SLOW,4405.50,4406.54,4403.14,4406.23,0.00,0.00,0.0,BEARISH,340.0,4406.19,4406.19,4406.19,4406.19,35,CLEARED_>=20s,1.0,0.0,0.0,0.0,0.0,0.0,0.0,PASS_<20%,0.00,0.0,NO,STANDBY_VEL_LOW,1,1321.86,3268.14,132.45,FALSE,M1_DIRECTION_MISMATCH
2026-09-07 20:12:35.579,1788811955.579,7887,28,118,4406.19,4406.27,8.0,PASS_<=10c,+0.0,FLAT,+0.0,+69.0,3.9,+0.00,0.00,SLOW,4405.50,4406.54,4403.14,4406.23,0.00,0.00,0.0,BEARISH,340.0,4406.19,4406.19,4406.19,4406.19,35,CLEARED_>=20s,1.0,0.0,0.0,0.0,0.0,0.0,0.0,PASS_<20%,0.00,0.0,NO,STANDBY_VEL_LOW,1,1321.86,3268.14,132.45,FALSE,M1_DIRECTION_MISMATCH
2026-09-07 20:12:36.080,1788811956.081,7888,29,119,4406.19,4406.27,8.0,PASS_<=10c,+0.0,FLAT,+0.0,+69.0,4.3,+0.00,0.00,SLOW,4405.50,4406.54,4403.14,4406.23,0.00,0.00,0.0,BEARISH,340.0,4406.19,4406.19,4406.19,4406.19,36,CLEARED_>=20s,1.0,0.0,0.0,0.0,0.0,0.0,0.0,PASS_<20%,0.00,0.0,NO,STANDBY_VEL_LOW,1,1321.86,3268.14,132.45,FALSE,M1_DIRECTION_MISMATCH
2026-09-07 20:12:36.582,1788811956.583,7889,30,120,4406.19,4406.27,8.0,PASS_<=10c,+0.0,FLAT,+0.0,+69.0,4.2,+0.00,0.00,SLOW,4405.50,4406.54,4403.14,4406.23,0.00,0.00,0.0,BEARISH,340.0,4406.19,4406.19,4406.19,4406.19,36,CLEARED_>=20s,1.0,0.0,0.0,0.0,0.0,0.0,0.0,PASS_<20%,0.00,0.0,NO,STANDBY_VEL_LOW,1,1321.86,3268.14,132.45,FALSE,M1_DIRECTION_MISMATCH
2026-09-07 20:12:37.085,1788811957.086,7890,31,121,4406.19,4406.27,8.0,PASS_<=10c,+0.0,FLAT,+0.0,+69.0,4.2,+0.00,0.00,SLOW,4405.50,4406.54,4403.14,4406.23,0.00,0.00,0.0,BEARISH,340.0,4406.19,4406.19,4406.19,4406.19,37,CLEARED_>=20s,1.0,0.0,0.0,0.0,0.0,0.0,0.0,PASS_<20%,0.00,0.0,NO,STANDBY_VEL_LOW,1,1321.86,3268.14,132.45,FALSE,M1_DIRECTION_MISMATCH
2026-09-07 20:12:37.585,1788811957.586,7891,32,122,4406.19,4406.27,8.0,PASS_<=10c,+0.0,FLAT,+0.0,+69.0,4.2,+0.00,0.00,SLOW,4405.50,4406.54,4403.14,4406.23,0.00,0.00,0.0,BEARISH,340.0,4406.19,4406.19,4406.19,4406.19,37,CLEARED_>=20s,1.0,0.0,0.0,0.0,0.0,0.0,0.0,PASS_<20%,0.00,0.0,NO,STANDBY_VEL_LOW,1,1321.86,3268.14,132.45,FALSE,M1_DIRECTION_MISMATCH
2026-09-07 20:12:38.087,1788811958.087,7892,33,123,4406.19,4406.27,8.0,PASS_<=10c,+0.0,FLAT,+0.0,+69.0,4.2,+0.00,0.00,SLOW,4405.50,4406.54,4403.14,4406.23,0.00,0.00,0.0,BEARISH,340.0,4406.19,4406.19,4406.19,4406.19,38,CLEARED_>=20s,1.0,0.0,0.0,0.0,0.0,0.0,0.0,PASS_<20%,0.00,0.0,NO,STANDBY_VEL_LOW,1,1321.86,3268.14,132.45,FALSE,M1_DIRECTION_MISMATCH
2026-09-07 20:12:38.589,1788811958.590,7893,34,124,4406.19,4406.27,8.0,PASS_<=10c,+0.0,FLAT,+0.0,+69.0,4.2,+0.00,0.00,SLOW,4405.50,4406.54,4403.14,4406.23,0.00,0.00,0.0,BEARISH,340.0,4406.19,4406.19,4406.19,4406.19,38,CLEARED_>=20s,1.0,0.0,0.0,0.0,0.0,0.0,0.0,PASS_<20%,0.00,0.0,NO,STANDBY_VEL_LOW,1,1321.86,3268.14,132.45,FALSE,M1_DIRECTION_MISMATCH
2026-09-07 20:12:39.091,1788811959.092,7894,35,125,4406.19,4406.27,8.0,PASS_<=10c,+0.0,FLAT,+0.0,+69.0,4.2,+0.00,0.00,SLOW,4405.50,4406.54,4403.14,4406.23,0.00,0.00,0.0,BEARISH,340.0,4406.19,4406.19,4406.19,4406.19,39,CLEARED_>=20s,1.0,0.0,0.0,0.0,0.0,0.0,0.0,PASS_<20%,0.00,0.0,NO,STANDBY_VEL_LOW,1,1321.86,3268.14,132.45,FALSE,M1_DIRECTION_MISMATCH
2026-09-07 20:12:44.610,1788811964.611,7895,36,126,4406.19,4406.27,8.0,PASS_<=10c,+0.0,FLAT,+0.0,+69.0,1.6,+0.00,0.00,SLOW,4405.50,4406.54,4403.14,4406.23,0.00,0.00,0.0,BEARISH,340.0,4406.19,4406.19,4406.19,4406.19,44,CLEARED_>=20s,1.0,0.0,0.0,0.0,0.0,0.0,0.0,PASS_<20%,0.00,0.0,NO,STANDBY_VEL_LOW,1,1321.86,3268.14,132.45,FALSE,M1_DIRECTION_MISMATCH
2026-09-07 20:12:54.844,1788811974.844,7896,37,127,4406.19,4406.27,8.0,PASS_<=10c,+0.0,FLAT,+0.0,+69.0,1.3,+0.00,0.00,SLOW,4405.50,4406.54,4403.14,4406.23,0.00,0.00,0.0,BEARISH,340.0,4406.19,4406.19,4406.19,4406.19,54,CLEARED_>=20s,1.0,0.0,0.0,0.0,0.0,0.0,0.0,PASS_<20%,0.00,0.0,NO,STANDBY_VEL_LOW,1,1321.86,3268.14,132.45,FALSE,M1_DIRECTION_MISMATCH
2026-09-07 20:12:57.456,1788811977.456,7897,38,128,4406.19,4406.27,8.0,PASS_<=10c,+0.0,FLAT,+0.0,+69.0,1.3,+0.00,0.00,SLOW,4405.50,4406.54,4403.14,4406.23,0.00,0.00,0.0,BEARISH,340.0,4406.19,4406.19,4406.19,4406.19,57,CLEARED_>=20s,1.0,0.0,0.0,0.0,0.0,0.0,0.0,PASS_<20%,0.00,0.0,NO,STANDBY_VEL_LOW,1,1321.86,3268.14,132.45,FALSE,M1_DIRECTION_MISMATCH
2026-09-07 20:12:57.958,1788811977.958,7898,39,129,4406.19,4406.27,8.0,PASS_<=10c,+0.0,FLAT,+0.0,+69.0,1.6,+0.00,0.00,SLOW,4405.50,4406.54,4403.14,4406.23,0.00,0.00,0.0,BEARISH,340.0,4406.19,4406.19,4406.19,4406.19,57,CLEARED_>=20s,1.0,0.0,0.0,0.0,0.0,0.0,0.0,PASS_<20%,0.00,0.0,NO,STANDBY_VEL_LOW,1,1321.86,3268.14,132.45,FALSE,M1_DIRECTION_MISMATCH
2026-09-07 20:12:58.460,1788811978.460,7899,40,130,4406.19,4406.27,8.0,PASS_<=10c,+0.0,FLAT,+0.0,+69.0,1.9,+0.00,0.00,SLOW,4405.50,4406.54,4403.14,4406.23,0.00,0.00,0.0,BEARISH,340.0,4406.19,4406.19,4406.19,4406.19,58,CLEARED_>=20s,1.0,0.0,0.0,0.0,0.0,0.0,0.0,PASS_<20%,0.00,0.0,NO,STANDBY_VEL_LOW,1,1321.86,3268.14,132.45,FALSE,M1_DIRECTION_MISMATCH
2026-09-07 20:12:58.962,1788811978.962,7900,41,131,4406.19,4406.27,8.0,PASS_<=10c,+0.0,FLAT,+0.0,+69.0,2.2,+0.00,0.00,SLOW,4405.50,4406.54,4403.14,4406.23,0.00,0.00,0.0,BEARISH,340.0,4406.19,4406.19,4406.19,4406.19,58,CLEARED_>=20s,1.0,0.0,0.0,0.0,0.0,0.0,0.0,PASS_<20%,0.00,0.0,NO,STANDBY_VEL_LOW,1,1321.86,3268.14,132.45,FALSE,M1_DIRECTION_MISMATCH
2026-09-07 20:12:59.464,1788811979.464,7901,42,132,4406.19,4406.27,8.0,PASS_<=10c,+0.0,FLAT,+0.0,+69.0,2.4,+0.00,0.00,SLOW,4405.50,4406.54,4403.14,4406.23,0.00,0.00,0.0,BEARISH,340.0,4406.19,4406.19,4406.19,4406.19,59,CLEARED_>=20s,1.0,0.0,0.0,0.0,0.0,0.0,0.0,PASS_<20%,0.00,0.0,NO,STANDBY_VEL_LOW,1,1321.86,3268.14,132.45,FALSE,M1_DIRECTION_MISMATCH
2026-09-07 20:12:59.965,1788811979.965,7902,43,133,4406.19,4406.27,8.0,PASS_<=10c,+0.0,FLAT,+0.0,+69.0,4.6,+0.00,0.00,SLOW,4405.50,4406.54,4403.14,4406.23,0.00,0.00,0.0,BEARISH,340.0,4406.19,4406.19,4406.19,4406.19,59,CLEARED_>=20s,1.0,0.0,0.0,0.0,0.0,0.0,0.0,PASS_<20%,0.00,0.0,NO,STANDBY_VEL_LOW,1,1321.86,3268.14,132.45,FALSE,M1_DIRECTION_MISMATCH
2026-09-07 20:13:00.467,1788811980.467,7903,1,134,4406.19,4406.27,8.0,PASS_<=10c,+0.0,FLAT,+0.0,+69.0,4.5,+0.00,0.00,SLOW,4405.50,4406.54,4403.14,4406.23,0.00,0.00,0.0,BEARISH,340.0,4406.19,4406.19,4406.19,4406.19,0,ACTIVE_0s,1.0,0.0,0.0,0.0,0.0,0.0,0.0,PASS_<20%,0.00,0.0,NO,STANDBY_VEL_LOW,1,1321.86,3268.14,132.45,FALSE,M1_DIRECTION_MISMATCH|OPENING_SHIELD_ACTIVE_0s
2026-09-07 20:13:00.968,1788811980.969,7904,2,135,4406.19,4406.27,8.0,PASS_<=10c,+0.0,FLAT,+0.0,+69.0,4.4,+0.00,0.00,SLOW,4405.50,4406.54,4403.14,4406.23,0.00,0.00,0.0,BEARISH,340.0,4406.19,4406.19,4406.19,4406.19,0,ACTIVE_0s,1.0,0.0,0.0,0.0,0.0,0.0,0.0,PASS_<20%,0.00,0.0,NO,STANDBY_VEL_LOW,1,1321.86,3268.14,132.45,FALSE,M1_DIRECTION_MISMATCH|OPENING_SHIELD_ACTIVE_0s
2026-09-07 20:13:01.470,1788811981.471,7905,3,136,4406.19,4406.27,8.0,PASS_<=10c,+0.0,FLAT,+0.0,+69.0,4.4,+0.00,0.00,SLOW,4405.50,4406.54,4403.14,4406.23,0.00,0.00,0.0,BEARISH,340.0,4406.19,4406.19,4406.19,4406.19,1,ACTIVE_1s,1.0,0.0,0.0,0.0,0.0,0.0,0.0,PASS_<20%,0.00,0.0,NO,STANDBY_VEL_LOW,1,1321.86,3268.14,132.45,FALSE,M1_DIRECTION_MISMATCH|OPENING_SHIELD_ACTIVE_1s
2026-09-07 20:13:01.972,1788811981.973,7906,4,137,4406.19,4406.27,8.0,PASS_<=10c,+0.0,FLAT,+0.0,+69.0,4.3,+0.00,0.00,SLOW,4405.50,4406.54,4403.14,4406.23,0.00,0.00,0.0,BEARISH,340.0,4406.19,4406.19,4406.19,4406.19,1,ACTIVE_1s,1.0,0.0,0.0,0.0,0.0,0.0,0.0,PASS_<20%,0.00,0.0,NO,STANDBY_VEL_LOW,1,1321.86,3268.14,132.45,FALSE,M1_DIRECTION_MISMATCH|OPENING_SHIELD_ACTIVE_1s
2026-09-07 20:13:02.474,1788811982.474,7907,5,138,4406.19,4406.27,8.0,PASS_<=10c,+0.0,FLAT,+0.0,+69.0,4.2,+0.00,0.00,SLOW,4405.50,4406.54,4403.14,4406.23,0.00,0.00,0.0,BEARISH,340.0,4406.19,4406.19,4406.19,4406.19,2,ACTIVE_2s,1.0,0.0,0.0,0.0,0.0,0.0,0.0,PASS_<20%,0.00,0.0,NO,STANDBY_VEL_LOW,1,1321.86,3268.14,132.45,FALSE,M1_DIRECTION_MISMATCH|OPENING_SHIELD_ACTIVE_2s
2026-09-07 20:13:02.976,1788811982.976,7908,6,139,4406.19,4406.27,8.0,PASS_<=10c,+0.0,FLAT,+0.0,+69.0,4.2,+0.00,0.00,SLOW,4405.50,4406.54,4403.14,4406.23,0.00,0.00,0.0,BEARISH,340.0,4406.19,4406.19,4406.19,4406.19,2,ACTIVE_2s,1.0,0.0,0.0,0.0,0.0,0.0,0.0,PASS_<20%,0.00,0.0,NO,STANDBY_VEL_LOW,1,1321.86,3268.14,132.45,FALSE,M1_DIRECTION_MISMATCH|OPENING_SHIELD_ACTIVE_2s
2026-09-07 20:13:03.478,1788811983.478,7909,7,140,4406.19,4406.27,8.0,PASS_<=10c,+0.0,FLAT,+0.0,+69.0,4.2,+0.00,0.00,SLOW,4405.50,4406.54,4403.14,4406.23,0.00,0.00,0.0,BEARISH,340.0,4406.19,4406.19,4406.19,4406.19,3,ACTIVE_3s,1.0,0.0,0.0,0.0,0.0,0.0,0.0,PASS_<20%,0.00,0.0,NO,STANDBY_VEL_LOW,1,1321.86,3268.14,132.45,FALSE,M1_DIRECTION_MISMATCH|OPENING_SHIELD_ACTIVE_3s
2026-09-07 20:13:03.979,1788811983.980,7910,8,141,4406.19,4406.27,8.0,PASS_<=10c,+0.0,FLAT,+0.0,+69.0,4.2,+0.00,0.00,SLOW,4405.50,4406.54,4403.14,4406.23,0.00,0.00,0.0,BEARISH,340.0,4406.19,4406.19,4406.19,4406.19,3,ACTIVE_3s,1.0,0.0,0.0,0.0,0.0,0.0,0.0,PASS_<20%,0.00,0.0,NO,STANDBY_VEL_LOW,1,1321.86,3268.14,132.45,FALSE,M1_DIRECTION_MISMATCH|OPENING_SHIELD_ACTIVE_3s
2026-09-07 20:13:04.481,1788811984.482,7911,9,142,4406.19,4406.27,8.0,PASS_<=10c,+0.0,FLAT,+0.0,+69.0,4.2,+0.00,0.00,SLOW,4405.50,4406.54,4403.14,4406.23,0.00,0.00,0.0,BEARISH,340.0,4406.19,4406.19,4406.19,4406.19,4,ACTIVE_4s,1.0,0.0,0.0,0.0,0.0,0.0,0.0,PASS_<20%,0.00,0.0,NO,STANDBY_VEL_LOW,1,1321.86,3268.14,132.45,FALSE,M1_DIRECTION_MISMATCH|OPENING_SHIELD_ACTIVE_4s
2026-09-07 20:13:04.983,1788811984.984,7912,10,143,4406.19,4406.27,8.0,PASS_<=10c,+0.0,FLAT,+0.0,+69.0,4.2,+0.00,0.00,SLOW,4405.50,4406.54,4403.14,4406.23,0.00,0.00,0.0,BEARISH,340.0,4406.19,4406.19,4406.19,4406.19,4,ACTIVE_4s,1.0,0.0,0.0,0.0,0.0,0.0,0.0,PASS_<20%,0.00,0.0,NO,STANDBY_VEL_LOW,1,1321.86,3268.14,132.45,FALSE,M1_DIRECTION_MISMATCH|OPENING_SHIELD_ACTIVE_4s
2026-09-07 20:13:05.485,1788811985.486,7913,11,144,4406.19,4406.27,8.0,PASS_<=10c,+0.0,FLAT,+0.0,+69.0,4.2,+0.00,0.00,SLOW,4405.50,4406.54,4403.14,4406.23,0.00,0.00,0.0,BEARISH,340.0,4406.19,4406.19,4406.19,4406.19,5,ACTIVE_5s,1.0,0.0,0.0,0.0,0.0,0.0,0.0,PASS_<20%,0.00,0.0,NO,STANDBY_VEL_LOW,1,1321.86,3268.14,132.45,FALSE,M1_DIRECTION_MISMATCH|OPENING_SHIELD_ACTIVE_5s
2026-09-07 20:13:15.862,1788811995.862,7914,12,145,4406.19,4406.27,8.0,PASS_<=10c,+0.0,FLAT,+0.0,+69.0,1.4,+0.00,0.00,SLOW,4405.50,4406.54,4403.14,4406.23,0.00,0.00,0.0,BEARISH,340.0,4406.19,4406.19,4406.19,4406.19,15,ACTIVE_15s,1.0,0.0,0.0,0.0,0.0,0.0,0.0,PASS_<20%,0.00,0.0,NO,STANDBY_VEL_LOW,1,1321.86,3268.14,132.45,FALSE,M1_DIRECTION_MISMATCH|OPENING_SHIELD_ACTIVE_15s
2026-09-07 20:13:23.687,1788812003.688,7915,13,146,4406.19,4406.27,8.0,PASS_<=10c,+0.0,FLAT,+0.0,+69.0,1.3,+0.00,0.00,SLOW,4405.50,4406.54,4403.14,4406.23,0.00,0.00,0.0,BEARISH,340.0,4406.19,4406.19,4406.19,4406.19,23,CLEARED_>=20s,1.0,0.0,0.0,0.0,0.0,0.0,0.0,PASS_<20%,0.00,0.0,NO,STANDBY_VEL_LOW,1,1321.86,3268.14,132.45,FALSE,M1_DIRECTION_MISMATCH
2026-09-07 20:13:24.042,1788812004.043,7916,14,147,4406.19,4406.27,8.0,PASS_<=10c,+0.0,FLAT,+0.0,+69.0,1.3,+0.00,0.00,SLOW,4405.50,4406.54,4403.14,4406.23,0.00,0.00,0.0,BEARISH,340.0,4406.19,4406.19,4406.19,4406.19,24,CLEARED_>=20s,1.0,0.0,0.0,0.0,0.0,0.0,0.0,PASS_<20%,0.00,0.0,NO,STANDBY_VEL_LOW,1,1321.86,3268.14,132.45,FALSE,M1_DIRECTION_MISMATCH
2026-09-07 20:13:24.543,1788812004.544,7917,15,148,4406.19,4406.27,8.0,PASS_<=10c,+0.0,FLAT,+0.0,+69.0,1.7,+0.00,0.00,SLOW,4405.50,4406.54,4403.14,4406.23,0.00,0.00,0.0,BEARISH,340.0,4406.19,4406.19,4406.19,4406.19,24,CLEARED_>=20s,1.0,0.0,0.0,0.0,0.0,0.0,0.0,PASS_<20%,0.00,0.0,NO,STANDBY_VEL_LOW,1,1321.86,3268.14,132.45,FALSE,M1_DIRECTION_MISMATCH
2026-09-07 20:13:25.045,1788812005.046,7918,16,149,4406.19,4406.27,8.0,PASS_<=10c,+0.0,FLAT,+0.0,+69.0,2.0,+0.00,0.00,SLOW,4405.50,4406.54,4403.14,4406.23,0.00,0.00,0.0,BEARISH,340.0,4406.19,4406.19,4406.19,4406.19,25,CLEARED_>=20s,1.0,0.0,0.0,0.0,0.0,0.0,0.0,PASS_<20%,0.00,0.0,NO,STANDBY_VEL_LOW,1,1321.86,3268.14,132.45,FALSE,M1_DIRECTION_MISMATCH
2026-09-07 20:13:25.547,1788812005.548,7919,17,150,4406.19,4406.27,8.0,PASS_<=10c,+0.0,FLAT,+0.0,+69.0,2.2,+0.00,0.00,SLOW,4405.50,4406.54,4403.14,4406.23,0.00,0.00,0.0,BEARISH,340.0,4406.19,4406.19,4406.19,4406.19,25,CLEARED_>=20s,1.0,0.0,0.0,0.0,0.0,0.0,0.0,PASS_<20%,0.00,0.0,NO,STANDBY_VEL_LOW,1,1321.86,3268.14,132.45,FALSE,M1_DIRECTION_MISMATCH
2026-09-07 20:13:26.049,1788812006.050,7920,18,151,4406.19,4406.27,8.0,PASS_<=10c,+0.0,FLAT,+0.0,+69.0,4.7,+0.00,0.00,SLOW,4405.50,4406.54,4403.14,4406.23,0.00,0.00,0.0,BEARISH,340.0,4406.19,4406.19,4406.19,4406.19,26,CLEARED_>=20s,1.0,0.0,0.0,0.0,0.0,0.0,0.0,PASS_<20%,0.00,0.0,NO,STANDBY_VEL_LOW,1,1321.86,3268.14,132.45,FALSE,M1_DIRECTION_MISMATCH
2026-09-07 20:13:26.552,1788812006.552,7921,19,152,4406.19,4406.27,8.0,PASS_<=10c,+0.0,FLAT,+0.0,+69.0,4.5,+0.00,0.00,SLOW,4405.50,4406.54,4403.14,4406.23,0.00,0.00,0.0,BEARISH,340.0,4406.19,4406.19,4406.19,4406.19,26,CLEARED_>=20s,1.0,0.0,0.0,0.0,0.0,0.0,0.0,PASS_<20%,0.00,0.0,NO,STANDBY_VEL_LOW,1,1321.86,3268.14,132.45,FALSE,M1_DIRECTION_MISMATCH
2026-09-07 20:13:27.054,1788812007.055,7922,20,153,4406.19,4406.27,8.0,PASS_<=10c,+0.0,FLAT,+0.0,+69.0,4.5,+0.00,0.00,SLOW,4405.50,4406.54,4403.14,4406.23,0.00,0.00,0.0,BEARISH,340.0,4406.19,4406.19,4406.19,4406.19,27,CLEARED_>=20s,1.0,0.0,0.0,0.0,0.0,0.0,0.0,PASS_<20%,0.00,0.0,NO,STANDBY_VEL_LOW,1,1321.86,3268.14,132.45,FALSE,M1_DIRECTION_MISMATCH
2026-09-07 20:13:27.555,1788812007.555,7923,21,154,4406.19,4406.27,8.0,PASS_<=10c,+0.0,FLAT,+0.0,+69.0,4.4,+0.00,0.00,SLOW,4405.50,4406.54,4403.14,4406.23,0.00,0.00,0.0,BEARISH,340.0,4406.19,4406.19,4406.19,4406.19,27,CLEARED_>=20s,1.0,0.0,0.0,0.0,0.0,0.0,0.0,PASS_<20%,0.00,0.0,NO,STANDBY_VEL_LOW,1,1321.86,3268.14,132.45,FALSE,M1_DIRECTION_MISMATCH
2026-09-07 20:13:28.058,1788812008.059,7924,22,155,4406.19,4406.27,8.0,PASS_<=10c,+0.0,FLAT,+0.0,+69.0,4.3,+0.00,0.00,SLOW,4405.50,4406.54,4403.14,4406.23,0.00,0.00,0.0,BEARISH,340.0,4406.19,4406.19,4406.19,4406.19,28,CLEARED_>=20s,1.0,0.0,0.0,0.0,0.0,0.0,0.0,PASS_<20%,0.00,0.0,NO,STANDBY_VEL_LOW,1,1321.86,3268.14,132.45,FALSE,M1_DIRECTION_MISMATCH
2026-09-07 20:13:28.561,1788812008.562,7925,23,156,4406.19,4406.27,8.0,PASS_<=10c,+0.0,FLAT,+0.0,+69.0,4.3,+0.00,0.00,SLOW,4405.50,4406.54,4403.14,4406.23,0.00,0.00,0.0,BEARISH,340.0,4406.19,4406.19,4406.19,4406.19,28,CLEARED_>=20s,1.0,0.0,0.0,0.0,0.0,0.0,0.0,PASS_<20%,0.00,0.0,NO,STANDBY_VEL_LOW,1,1321.86,3268.14,132.45,FALSE,M1_DIRECTION_MISMATCH
2026-09-07 20:13:29.062,1788812009.063,7926,24,157,4406.19,4406.27,8.0,PASS_<=10c,+0.0,FLAT,+0.0,+69.0,4.2,+0.00,0.00,SLOW,4405.50,4406.54,4403.14,4406.23,0.00,0.00,0.0,BEARISH,340.0,4406.19,4406.19,4406.19,4406.19,29,CLEARED_>=20s,1.0,0.0,0.0,0.0,0.0,0.0,0.0,PASS_<20%,0.00,0.0,NO,STANDBY_VEL_LOW,1,1321.86,3268.14,132.45,FALSE,M1_DIRECTION_MISMATCH
2026-09-07 20:13:29.564,1788812009.565,7927,25,158,4406.19,4406.27,8.0,PASS_<=10c,+0.0,FLAT,+0.0,+69.0,4.2,+0.00,0.00,SLOW,4405.50,4406.54,4403.14,4406.23,0.00,0.00,0.0,BEARISH,340.0,4406.19,4406.19,4406.19,4406.19,29,CLEARED_>=20s,1.0,0.0,0.0,0.0,0.0,0.0,0.0,PASS_<20%,0.00,0.0,NO,STANDBY_VEL_LOW,1,1321.86,3268.14,132.45,FALSE,M1_DIRECTION_MISMATCH
2026-09-07 20:13:30.066,1788812010.067,7928,26,159,4406.19,4406.27,8.0,PASS_<=10c,+0.0,FLAT,+0.0,+69.0,4.2,+0.00,0.00,SLOW,4405.50,4406.54,4403.14,4406.23,0.00,0.00,0.0,BEARISH,340.0,4406.19,4406.19,4406.19,4406.19,30,CLEARED_>=20s,1.0,0.0,0.0,0.0,0.0,0.0,0.0,PASS_<20%,0.00,0.0,NO,STANDBY_VEL_LOW,1,1321.86,3268.14,132.45,FALSE,M1_DIRECTION_MISMATCH
2026-09-07 20:13:30.567,1788812010.567,7929,27,160,4406.19,4406.27,8.0,PASS_<=10c,+0.0,FLAT,+0.0,+69.0,4.2,+0.00,0.00,SLOW,4405.50,4406.54,4403.14,4406.23,0.00,0.00,0.0,BEARISH,340.0,4406.19,4406.19,4406.19,4406.19,30,CLEARED_>=20s,1.0,0.0,0.0,0.0,0.0,0.0,0.0,PASS_<20%,0.00,0.0,NO,STANDBY_VEL_LOW,1,1321.86,3268.14,132.45,FALSE,M1_DIRECTION_MISMATCH
2026-09-07 20:13:31.069,1788812011.070,7930,28,161,4406.19,4406.27,8.0,PASS_<=10c,+0.0,FLAT,+0.0,+69.0,4.2,+0.00,0.00,SLOW,4405.50,4406.54,4403.14,4406.23,0.00,0.00,0.0,BEARISH,340.0,4406.19,4406.19,4406.19,4406.19,31,CLEARED_>=20s,1.0,0.0,0.0,0.0,0.0,0.0,0.0,PASS_<20%,0.00,0.0,NO,STANDBY_VEL_LOW,1,1321.86,3268.14,132.45,FALSE,M1_DIRECTION_MISMATCH
2026-09-07 20:13:31.570,1788812011.571,7931,29,162,4406.19,4406.27,8.0,PASS_<=10c,+0.0,FLAT,+0.0,+69.0,4.2,+0.00,0.00,SLOW,4405.50,4406.54,4403.14,4406.23,0.00,0.00,0.0,BEARISH,340.0,4406.19,4406.19,4406.19,4406.19,31,CLEARED_>=20s,1.0,0.0,0.0,0.0,0.0,0.0,0.0,PASS_<20%,0.00,0.0,NO,STANDBY_VEL_LOW,1,1321.86,3268.14,132.45,FALSE,M1_DIRECTION_MISMATCH
2026-09-07 20:13:41.948,1788812021.949,7932,30,163,4406.19,4406.27,8.0,PASS_<=10c,+0.0,FLAT,+0.0,+69.0,1.3,+0.00,0.00,SLOW,4405.50,4406.54,4403.14,4406.23,0.00,0.00,0.0,BEARISH,340.0,4406.19,4406.19,4406.19,4406.19,41,CLEARED_>=20s,1.0,0.0,0.0,0.0,0.0,0.0,0.0,PASS_<20%,0.00,0.0,NO,STANDBY_VEL_LOW,1,1321.86,3268.14,132.45,FALSE,M1_DIRECTION_MISMATCH
2026-09-07 20:13:48.576,1788812028.576,7933,31,164,4406.19,4406.27,8.0,PASS_<=10c,+0.0,FLAT,+0.0,+69.0,1.3,+0.00,0.00,SLOW,4405.50,4406.54,4403.14,4406.23,0.00,0.00,0.0,BEARISH,340.0,4406.19,4406.19,4406.19,4406.19,48,CLEARED_>=20s,1.0,0.0,0.0,0.0,0.0,0.0,0.0,PASS_<20%,0.00,0.0,NO,STANDBY_VEL_LOW,1,1321.86,3268.14,132.45,FALSE,M1_DIRECTION_MISMATCH
2026-09-07 20:13:48.931,1788812028.932,7934,32,165,4406.19,4406.27,8.0,PASS_<=10c,+0.0,FLAT,+0.0,+69.0,2.1,+0.00,0.00,SLOW,4405.50,4406.54,4403.14,4406.23,0.00,0.00,0.0,BEARISH,340.0,4406.19,4406.19,4406.19,4406.19,48,CLEARED_>=20s,1.0,0.0,0.0,0.0,0.0,0.0,0.0,PASS_<20%,0.00,0.0,NO,STANDBY_VEL_LOW,1,1321.86,3268.14,132.45,FALSE,M1_DIRECTION_MISMATCH
2026-09-07 20:13:49.432,1788812029.432,7935,33,166,4406.19,4406.27,8.0,PASS_<=10c,+0.0,FLAT,+0.0,+69.0,2.5,+0.00,0.00,SLOW,4405.50,4406.54,4403.14,4406.23,0.00,0.00,0.0,BEARISH,340.0,4406.19,4406.19,4406.19,4406.19,49,CLEARED_>=20s,1.0,0.0,0.0,0.0,0.0,0.0,0.0,PASS_<20%,0.00,0.0,NO,STANDBY_VEL_LOW,1,1321.86,3268.14,132.45,FALSE,M1_DIRECTION_MISMATCH
2026-09-07 20:13:49.933,1788812029.933,7936,34,167,4406.19,4406.27,8.0,PASS_<=10c,+0.0,FLAT,+0.0,+69.0,2.8,+0.00,0.00,SLOW,4405.50,4406.54,4403.14,4406.23,0.00,0.00,0.0,BEARISH,340.0,4406.19,4406.19,4406.19,4406.19,49,CLEARED_>=20s,1.0,0.0,0.0,0.0,0.0,0.0,0.0,PASS_<20%,0.00,0.0,NO,STANDBY_VEL_LOW,1,1321.86,3268.14,132.45,FALSE,M1_DIRECTION_MISMATCH
2026-09-07 20:13:50.435,1788812030.435,7937,35,168,4406.19,4406.27,8.0,PASS_<=10c,+0.0,FLAT,+0.0,+69.0,3.0,+0.00,0.00,SLOW,4405.50,4406.54,4403.14,4406.23,0.00,0.00,0.0,BEARISH,340.0,4406.19,4406.19,4406.19,4406.19,50,CLEARED_>=20s,1.0,0.0,0.0,0.0,0.0,0.0,0.0,PASS_<20%,0.00,0.0,NO,STANDBY_VEL_LOW,1,1321.86,3268.14,132.45,FALSE,M1_DIRECTION_MISMATCH
2026-09-07 20:13:50.936,1788812030.937,7938,36,169,4406.19,4406.27,8.0,PASS_<=10c,+0.0,FLAT,+0.0,+69.0,3.1,+0.00,0.00,SLOW,4405.50,4406.54,4403.14,4406.23,0.00,0.00,0.0,BEARISH,340.0,4406.19,4406.19,4406.19,4406.19,50,CLEARED_>=20s,1.0,0.0,0.0,0.0,0.0,0.0,0.0,PASS_<20%,0.00,0.0,NO,STANDBY_VEL_LOW,1,1321.86,3268.14,132.45,FALSE,M1_DIRECTION_MISMATCH
2026-09-07 20:13:51.438,1788812031.438,7939,37,170,4406.19,4406.27,8.0,PASS_<=10c,+0.0,FLAT,+0.0,+69.0,3.2,+0.00,0.00,SLOW,4405.50,4406.54,4403.14,4406.23,0.00,0.00,0.0,BEARISH,340.0,4406.19,4406.19,4406.19,4406.19,51,CLEARED_>=20s,1.0,0.0,0.0,0.0,0.0,0.0,0.0,PASS_<20%,0.00,0.0,NO,STANDBY_VEL_LOW,1,1321.86,3268.14,132.45,FALSE,M1_DIRECTION_MISMATCH
2026-09-07 20:13:51.940,1788812031.940,7940,38,171,4406.19,4406.27,8.0,PASS_<=10c,+0.0,FLAT,+0.0,+69.0,3.3,+0.00,0.00,SLOW,4405.50,4406.54,4403.14,4406.23,0.00,0.00,0.0,BEARISH,340.0,4406.19,4406.19,4406.19,4406.19,51,CLEARED_>=20s,1.0,0.0,0.0,0.0,0.0,0.0,0.0,PASS_<20%,0.00,0.0,NO,STANDBY_VEL_LOW,1,1321.86,3268.14,132.45,FALSE,M1_DIRECTION_MISMATCH
2026-09-07 20:13:52.441,1788812032.442,7941,39,172,4406.19,4406.27,8.0,PASS_<=10c,+0.0,FLAT,+0.0,+69.0,4.4,+0.00,0.00,SLOW,4405.50,4406.54,4403.14,4406.23,0.00,0.00,0.0,BEARISH,340.0,4406.19,4406.19,4406.19,4406.19,52,CLEARED_>=20s,1.0,0.0,0.0,0.0,0.0,0.0,0.0,PASS_<20%,0.00,0.0,NO,STANDBY_VEL_LOW,1,1321.86,3268.14,132.45,FALSE,M1_DIRECTION_MISMATCH
2026-09-07 20:13:52.944,1788812032.944,7942,40,173,4406.19,4406.27,8.0,PASS_<=10c,+0.0,FLAT,+0.0,+69.0,4.3,+0.00,0.00,SLOW,4405.50,4406.54,4403.14,4406.23,0.00,0.00,0.0,BEARISH,340.0,4406.19,4406.19,4406.19,4406.19,52,CLEARED_>=20s,1.0,0.0,0.0,0.0,0.0,0.0,0.0,PASS_<20%,0.00,0.0,NO,STANDBY_VEL_LOW,1,1321.86,3268.14,132.45,FALSE,M1_DIRECTION_MISMATCH
2026-09-07 20:13:53.445,1788812033.445,7943,41,174,4406.19,4406.27,8.0,PASS_<=10c,+0.0,FLAT,+0.0,+69.0,4.3,+0.00,0.00,SLOW,4405.50,4406.54,4403.14,4406.23,0.00,0.00,0.0,BEARISH,340.0,4406.19,4406.19,4406.19,4406.19,53,CLEARED_>=20s,1.0,0.0,0.0,0.0,0.0,0.0,0.0,PASS_<20%,0.00,0.0,NO,STANDBY_VEL_LOW,1,1321.86,3268.14,132.45,FALSE,M1_DIRECTION_MISMATCH
2026-09-07 20:13:53.947,1788812033.947,7944,42,175,4406.19,4406.27,8.0,PASS_<=10c,+0.0,FLAT,+0.0,+69.0,4.2,+0.00,0.00,SLOW,4405.50,4406.54,4403.14,4406.23,0.00,0.00,0.0,BEARISH,340.0,4406.19,4406.19,4406.19,4406.19,53,CLEARED_>=20s,1.0,0.0,0.0,0.0,0.0,0.0,0.0,PASS_<20%,0.00,0.0,NO,STANDBY_VEL_LOW,1,1321.86,3268.14,132.45,FALSE,M1_DIRECTION_MISMATCH
2026-09-07 20:13:54.450,1788812034.451,7945,43,176,4406.19,4406.27,8.0,PASS_<=10c,+0.0,FLAT,+0.0,+69.0,4.2,+0.00,0.00,SLOW,4405.50,4406.54,4403.14,4406.23,0.00,0.00,0.0,BEARISH,340.0,4406.19,4406.19,4406.19,4406.19,54,CLEARED_>=20s,1.0,0.0,0.0,0.0,0.0,0.0,0.0,PASS_<20%,0.00,0.0,NO,STANDBY_VEL_LOW,1,1321.86,3268.14,132.45,FALSE,M1_DIRECTION_MISMATCH
2026-09-07 20:13:54.952,1788812034.952,7946,44,177,4406.19,4406.27,8.0,PASS_<=10c,+0.0,FLAT,+0.0,+69.0,4.2,+0.00,0.00,SLOW,4405.50,4406.54,4403.14,4406.23,0.00,0.00,0.0,BEARISH,340.0,4406.19,4406.19,4406.19,4406.19,54,CLEARED_>=20s,1.0,0.0,0.0,0.0,0.0,0.0,0.0,PASS_<20%,0.00,0.0,NO,STANDBY_VEL_LOW,1,1321.86,3268.14,132.45,FALSE,M1_DIRECTION_MISMATCH
2026-09-07 20:13:55.453,1788812035.454,7947,45,178,4406.19,4406.27,8.0,PASS_<=10c,+0.0,FLAT,+0.0,+69.0,4.2,+0.00,0.00,SLOW,4405.50,4406.54,4403.14,4406.23,0.00,0.00,0.0,BEARISH,340.0,4406.19,4406.19,4406.19,4406.19,55,CLEARED_>=20s,1.0,0.0,0.0,0.0,0.0,0.0,0.0,PASS_<20%,0.00,0.0,NO,STANDBY_VEL_LOW,1,1321.86,3268.14,132.45,FALSE,M1_DIRECTION_MISMATCH
2026-09-07 20:13:55.955,1788812035.956,7948,46,179,4406.19,4406.27,8.0,PASS_<=10c,+0.0,FLAT,+0.0,+69.0,4.2,+0.00,0.00,SLOW,4405.50,4406.54,4403.14,4406.23,0.00,0.00,0.0,BEARISH,340.0,4406.19,4406.19,4406.19,4406.19,55,CLEARED_>=20s,1.0,0.0,0.0,0.0,0.0,0.0,0.0,PASS_<20%,0.00,0.0,NO,STANDBY_VEL_LOW,1,1321.86,3268.14,132.45,FALSE,M1_DIRECTION_MISMATCH
2026-09-07 20:13:56.457,1788812036.457,7949,47,180,4406.19,4406.27,8.0,PASS_<=10c,+0.0,FLAT,+0.0,+69.0,4.2,+0.00,0.00,SLOW,4405.50,4406.54,4403.14,4406.23,0.00,0.00,0.0,BEARISH,340.0,4406.19,4406.19,4406.19,4406.19,56,CLEARED_>=20s,1.0,0.0,0.0,0.0,0.0,0.0,0.0,PASS_<20%,0.00,0.0,NO,STANDBY_VEL_LOW,1,1321.86,3268.14,132.45,FALSE,M1_DIRECTION_MISMATCH
2026-09-07 20:14:06.836,1788812046.836,7950,1,181,4406.19,4406.27,8.0,PASS_<=10c,+0.0,FLAT,+0.0,+69.0,1.3,+0.00,0.00,SLOW,4405.50,4406.54,4403.14,4406.23,0.00,0.00,0.0,BEARISH,340.0,4406.19,4406.19,4406.19,4406.19,6,ACTIVE_6s,1.0,0.0,0.0,0.0,0.0,0.0,0.0,PASS_<20%,0.00,0.0,NO,STANDBY_VEL_LOW,1,1321.86,3268.14,132.45,FALSE,M1_DIRECTION_MISMATCH|OPENING_SHIELD_ACTIVE_6s
2026-09-07 20:14:12.664,1788812052.664,7951,2,182,4406.19,4406.27,8.0,PASS_<=10c,+0.0,FLAT,+0.0,+69.0,2.0,+0.00,0.00,SLOW,4405.50,4406.54,4403.14,4406.23,0.00,0.00,0.0,BEARISH,340.0,4406.19,4406.19,4406.19,4406.19,12,ACTIVE_12s,1.0,0.0,0.0,0.0,0.0,0.0,0.0,PASS_<20%,0.00,0.0,NO,STANDBY_VEL_LOW,1,1321.86,3268.14,132.45,FALSE,M1_DIRECTION_MISMATCH|OPENING_SHIELD_ACTIVE_12s
2026-09-07 20:14:13.019,1788812053.019,7952,3,183,4406.19,4406.27,8.0,PASS_<=10c,+0.0,FLAT,+0.0,+69.0,3.8,+0.00,0.00,SLOW,4405.50,4406.54,4403.14,4406.23,0.00,0.00,0.0,BEARISH,340.0,4406.19,4406.19,4406.19,4406.19,13,ACTIVE_13s,1.0,0.0,0.0,0.0,0.0,0.0,0.0,PASS_<20%,0.00,0.0,NO,STANDBY_VEL_LOW,1,1321.86,3268.14,132.45,FALSE,M1_DIRECTION_MISMATCH|OPENING_SHIELD_ACTIVE_13s
2026-09-07 20:14:13.521,1788812053.521,7953,4,184,4406.19,4406.27,8.0,PASS_<=10c,+0.0,FLAT,+0.0,+69.0,3.8,+0.00,0.00,SLOW,4405.50,4406.54,4403.14,4406.23,0.00,0.00,0.0,BEARISH,340.0,4406.19,4406.19,4406.19,4406.19,13,ACTIVE_13s,1.0,0.0,0.0,0.0,0.0,0.0,0.0,PASS_<20%,0.00,0.0,NO,STANDBY_VEL_LOW,1,1321.86,3268.14,132.45,FALSE,M1_DIRECTION_MISMATCH|OPENING_SHIELD_ACTIVE_13s
2026-09-07 20:14:14.022,1788812054.022,7954,5,185,4406.19,4406.27,8.0,PASS_<=10c,+0.0,FLAT,+0.0,+69.0,3.9,+0.00,0.00,SLOW,4405.50,4406.54,4403.14,4406.23,0.00,0.00,0.0,BEARISH,340.0,4406.19,4406.19,4406.19,4406.19,14,ACTIVE_14s,1.0,0.0,0.0,0.0,0.0,0.0,0.0,PASS_<20%,0.00,0.0,NO,STANDBY_VEL_LOW,1,1321.86,3268.14,132.45,FALSE,M1_DIRECTION_MISMATCH|OPENING_SHIELD_ACTIVE_14s
2026-09-07 20:14:14.523,1788812054.524,7955,6,186,4406.19,4406.27,8.0,PASS_<=10c,+0.0,FLAT,+0.0,+69.0,3.9,+0.00,0.00,SLOW,4405.50,4406.54,4403.14,4406.23,0.00,0.00,0.0,BEARISH,340.0,4406.19,4406.19,4406.19,4406.19,14,ACTIVE_14s,1.0,0.0,0.0,0.0,0.0,0.0,0.0,PASS_<20%,0.00,0.0,NO,STANDBY_VEL_LOW,1,1321.86,3268.14,132.45,FALSE,M1_DIRECTION_MISMATCH|OPENING_SHIELD_ACTIVE_14s
2026-09-07 20:14:15.024,1788812055.025,7956,7,187,4406.19,4406.27,8.0,PASS_<=10c,+0.0,FLAT,+0.0,+69.0,3.9,+0.00,0.00,SLOW,4405.50,4406.54,4403.14,4406.23,0.00,0.00,0.0,BEARISH,340.0,4406.19,4406.19,4406.19,4406.19,15,ACTIVE_15s,1.0,0.0,0.0,0.0,0.0,0.0,0.0,PASS_<20%,0.00,0.0,NO,STANDBY_VEL_LOW,1,1321.86,3268.14,132.45,FALSE,M1_DIRECTION_MISMATCH|OPENING_SHIELD_ACTIVE_15s
2026-09-07 20:14:15.526,1788812055.527,7957,8,188,4406.19,4406.27,8.0,PASS_<=10c,+0.0,FLAT,+0.0,+69.0,3.9,+0.00,0.00,SLOW,4405.50,4406.54,4403.14,4406.23,0.00,0.00,0.0,BEARISH,340.0,4406.19,4406.19,4406.19,4406.19,15,ACTIVE_15s,1.0,0.0,0.0,0.0,0.0,0.0,0.0,PASS_<20%,0.00,0.0,NO,STANDBY_VEL_LOW,1,1321.86,3268.14,132.45,FALSE,M1_DIRECTION_MISMATCH|OPENING_SHIELD_ACTIVE_15s
2026-09-07 20:14:16.029,1788812056.029,7958,9,189,4406.19,4406.27,8.0,PASS_<=10c,+0.0,FLAT,+0.0,+69.0,3.9,+0.00,0.00,SLOW,4405.50,4406.54,4403.14,4406.23,0.00,0.00,0.0,BEARISH,340.0,4406.19,4406.19,4406.19,4406.19,16,ACTIVE_16s,1.0,0.0,0.0,0.0,0.0,0.0,0.0,PASS_<20%,0.00,0.0,NO,STANDBY_VEL_LOW,1,1321.86,3268.14,132.45,FALSE,M1_DIRECTION_MISMATCH|OPENING_SHIELD_ACTIVE_16s
2026-09-07 20:14:16.547,1788812056.548,7959,10,190,4406.19,4406.27,8.0,PASS_<=10c,+0.0,FLAT,+0.0,+69.0,3.9,+0.00,0.00,SLOW,4405.50,4406.54,4403.14,4406.23,0.00,0.00,0.0,BEARISH,340.0,4406.19,4406.19,4406.19,4406.19,16,ACTIVE_16s,1.0,0.0,0.0,0.0,0.0,0.0,0.0,PASS_<20%,0.00,0.0,NO,STANDBY_VEL_LOW,1,1321.86,3268.14,132.45,FALSE,M1_DIRECTION_MISMATCH|OPENING_SHIELD_ACTIVE_16s
2026-09-07 20:14:17.045,1788812057.046,7960,11,191,4406.19,4406.27,8.0,PASS_<=10c,+0.0,FLAT,+0.0,+69.0,4.3,+0.00,0.00,SLOW,4405.50,4406.54,4403.14,4406.23,0.00,0.00,0.0,BEARISH,340.0,4406.19,4406.19,4406.19,4406.19,17,ACTIVE_17s,1.0,0.0,0.0,0.0,0.0,0.0,0.0,PASS_<20%,0.00,0.0,NO,STANDBY_VEL_LOW,1,1321.86,3268.14,132.45,FALSE,M1_DIRECTION_MISMATCH|OPENING_SHIELD_ACTIVE_17s
2026-09-07 20:14:17.546,1788812057.547,7961,12,192,4406.19,4406.27,8.0,PASS_<=10c,+0.0,FLAT,+0.0,+69.0,4.3,+0.00,0.00,SLOW,4405.50,4406.54,4403.14,4406.23,0.00,0.00,0.0,BEARISH,340.0,4406.19,4406.19,4406.19,4406.19,17,ACTIVE_17s,1.0,0.0,0.0,0.0,0.0,0.0,0.0,PASS_<20%,0.00,0.0,NO,STANDBY_VEL_LOW,1,1321.86,3268.14,132.45,FALSE,M1_DIRECTION_MISMATCH|OPENING_SHIELD_ACTIVE_17s
2026-09-07 20:14:18.049,1788812058.050,7962,13,193,4406.19,4406.27,8.0,PASS_<=10c,+0.0,FLAT,+0.0,+69.0,4.2,+0.00,0.00,SLOW,4405.50,4406.54,4403.14,4406.23,0.00,0.00,0.0,BEARISH,340.0,4406.19,4406.19,4406.19,4406.19,18,ACTIVE_18s,1.0,0.0,0.0,0.0,0.0,0.0,0.0,PASS_<20%,0.00,0.0,NO,STANDBY_VEL_LOW,1,1321.86,3268.14,132.45,FALSE,M1_DIRECTION_MISMATCH|OPENING_SHIELD_ACTIVE_18s
2026-09-07 20:14:18.550,1788812058.551,7963,14,194,4406.19,4406.27,8.0,PASS_<=10c,+0.0,FLAT,+0.0,+69.0,4.2,+0.00,0.00,SLOW,4405.50,4406.54,4403.14,4406.23,0.00,0.00,0.0,BEARISH,340.0,4406.19,4406.19,4406.19,4406.19,18,ACTIVE_18s,1.0,0.0,0.0,0.0,0.0,0.0,0.0,PASS_<20%,0.00,0.0,NO,STANDBY_VEL_LOW,1,1321.86,3268.14,132.45,FALSE,M1_DIRECTION_MISMATCH|OPENING_SHIELD_ACTIVE_18s
2026-09-07 20:14:19.052,1788812059.053,7964,15,195,4406.19,4406.27,8.0,PASS_<=10c,+0.0,FLAT,+0.0,+69.0,4.2,+0.00,0.00,SLOW,4405.50,4406.54,4403.14,4406.23,0.00,0.00,0.0,BEARISH,340.0,4406.19,4406.19,4406.19,4406.19,19,ACTIVE_19s,1.0,0.0,0.0,0.0,0.0,0.0,0.0,PASS_<20%,0.00,0.0,NO,STANDBY_VEL_LOW,1,1321.86,3268.14,132.45,FALSE,M1_DIRECTION_MISMATCH|OPENING_SHIELD_ACTIVE_19s
2026-09-07 20:14:19.553,1788812059.554,7965,16,196,4406.19,4406.27,8.0,PASS_<=10c,+0.0,FLAT,+0.0,+69.0,4.2,+0.00,0.00,SLOW,4405.50,4406.54,4403.14,4406.23,0.00,0.00,0.0,BEARISH,340.0,4406.19,4406.19,4406.19,4406.19,19,ACTIVE_19s,1.0,0.0,0.0,0.0,0.0,0.0,0.0,PASS_<20%,0.00,0.0,NO,STANDBY_VEL_LOW,1,1321.86,3268.14,132.45,FALSE,M1_DIRECTION_MISMATCH|OPENING_SHIELD_ACTIVE_19s
2026-09-07 20:14:20.055,1788812060.056,7966,17,197,4406.19,4406.27,8.0,PASS_<=10c,+0.0,FLAT,+0.0,+69.0,4.2,+0.00,0.00,SLOW,4405.50,4406.54,4403.14,4406.23,0.00,0.00,0.0,BEARISH,340.0,4406.19,4406.19,4406.19,4406.19,20,CLEARED_>=20s,1.0,0.0,0.0,0.0,0.0,0.0,0.0,PASS_<20%,0.00,0.0,NO,STANDBY_VEL_LOW,1,1321.86,3268.14,132.45,FALSE,M1_DIRECTION_MISMATCH
2026-09-07 20:14:20.557,1788812060.557,7967,18,198,4406.19,4406.27,8.0,PASS_<=10c,+0.0,FLAT,+0.0,+69.0,4.2,+0.00,0.00,SLOW,4405.50,4406.54,4403.14,4406.23,0.00,0.00,0.0,BEARISH,340.0,4406.19,4406.19,4406.19,4406.19,20,CLEARED_>=20s,1.0,0.0,0.0,0.0,0.0,0.0,0.0,PASS_<20%,0.00,0.0,NO,STANDBY_VEL_LOW,1,1321.86,3268.14,132.45,FALSE,M1_DIRECTION_MISMATCH
2026-09-07 20:14:30.944,1788812070.945,7968,19,199,4406.19,4406.27,8.0,PASS_<=10c,+0.0,FLAT,+0.0,+69.0,1.3,+0.00,0.00,SLOW,4405.50,4406.54,4403.14,4406.23,0.00,0.00,0.0,BEARISH,340.0,4406.19,4406.19,4406.19,4406.19,30,CLEARED_>=20s,1.0,0.0,0.0,0.0,0.0,0.0,0.0,PASS_<20%,0.00,0.0,NO,STANDBY_VEL_LOW,1,1321.86,3268.14,132.45,FALSE,M1_DIRECTION_MISMATCH
2026-09-07 20:14:37.364,1788812077.364,7969,20,200,4406.19,4406.27,8.0,PASS_<=10c,+0.0,FLAT,+0.0,+69.0,1.5,+0.00,0.00,SLOW,4405.50,4406.54,4403.14,4406.23,0.00,0.00,0.0,BEARISH,340.0,4406.19,4406.19,4406.19,4406.19,37,CLEARED_>=20s,1.0,0.0,0.0,0.0,0.0,0.0,0.0,PASS_<20%,0.00,0.0,NO,STANDBY_VEL_LOW,1,1321.86,3268.14,132.45,FALSE,M1_DIRECTION_MISMATCH
2026-09-07 20:14:37.719,1788812077.719,7970,21,201,4406.19,4406.27,8.0,PASS_<=10c,+0.0,FLAT,+0.0,+69.0,2.4,+0.00,0.00,SLOW,4405.50,4406.54,4403.14,4406.23,0.00,0.00,0.0,BEARISH,340.0,4406.19,4406.19,4406.19,4406.19,37,CLEARED_>=20s,1.0,0.0,0.0,0.0,0.0,0.0,0.0,PASS_<20%,0.00,0.0,NO,STANDBY_VEL_LOW,1,1321.86,3268.14,132.45,FALSE,M1_DIRECTION_MISMATCH
2026-09-07 20:14:38.221,1788812078.222,7971,22,202,4406.19,4406.27,8.0,PASS_<=10c,+0.0,FLAT,+0.0,+69.0,2.8,+0.00,0.00,SLOW,4405.50,4406.54,4403.14,4406.23,0.00,0.00,0.0,BEARISH,340.0,4406.19,4406.19,4406.19,4406.19,38,CLEARED_>=20s,1.0,0.0,0.0,0.0,0.0,0.0,0.0,PASS_<20%,0.00,0.0,NO,STANDBY_VEL_LOW,1,1321.86,3268.14,132.45,FALSE,M1_DIRECTION_MISMATCH
2026-09-07 20:14:38.723,1788812078.724,7972,23,203,4406.19,4406.27,8.0,PASS_<=10c,+0.0,FLAT,+0.0,+69.0,3.0,+0.00,0.00,SLOW,4405.50,4406.54,4403.14,4406.23,0.00,0.00,0.0,BEARISH,340.0,4406.19,4406.19,4406.19,4406.19,38,CLEARED_>=20s,1.0,0.0,0.0,0.0,0.0,0.0,0.0,PASS_<20%,0.00,0.0,NO,STANDBY_VEL_LOW,1,1321.86,3268.14,132.45,FALSE,M1_DIRECTION_MISMATCH
2026-09-07 20:14:39.226,1788812079.227,7973,24,204,4406.19,4406.27,8.0,PASS_<=10c,+0.0,FLAT,+0.0,+69.0,3.2,+0.00,0.00,SLOW,4405.50,4406.54,4403.14,4406.23,0.00,0.00,0.0,BEARISH,340.0,4406.19,4406.19,4406.19,4406.19,39,CLEARED_>=20s,1.0,0.0,0.0,0.0,0.0,0.0,0.0,PASS_<20%,0.00,0.0,NO,STANDBY_VEL_LOW,1,1321.86,3268.14,132.45,FALSE,M1_DIRECTION_MISMATCH
2026-09-07 20:14:39.727,1788812079.727,7974,25,205,4406.19,4406.27,8.0,PASS_<=10c,+0.0,FLAT,+0.0,+69.0,3.3,+0.00,0.00,SLOW,4405.50,4406.54,4403.14,4406.23,0.00,0.00,0.0,BEARISH,340.0,4406.19,4406.19,4406.19,4406.19,39,CLEARED_>=20s,1.0,0.0,0.0,0.0,0.0,0.0,0.0,PASS_<20%,0.00,0.0,NO,STANDBY_VEL_LOW,1,1321.86,3268.14,132.45,FALSE,M1_DIRECTION_MISMATCH
2026-09-07 20:14:40.235,1788812080.236,7975,26,206,4406.19,4406.27,8.0,PASS_<=10c,+0.0,FLAT,+0.0,+69.0,3.4,+0.00,0.00,SLOW,4405.50,4406.54,4403.14,4406.23,0.00,0.00,0.0,BEARISH,340.0,4406.19,4406.19,4406.19,4406.19,40,CLEARED_>=20s,1.0,0.0,0.0,0.0,0.0,0.0,0.0,PASS_<20%,0.00,0.0,NO,STANDBY_VEL_LOW,1,1321.86,3268.14,132.45,FALSE,M1_DIRECTION_MISMATCH
2026-09-07 20:14:40.733,1788812080.734,7976,27,207,4406.19,4406.27,8.0,PASS_<=10c,+0.0,FLAT,+0.0,+69.0,3.4,+0.00,0.00,SLOW,4405.50,4406.54,4403.14,4406.23,0.00,0.00,0.0,BEARISH,340.0,4406.19,4406.19,4406.19,4406.19,40,CLEARED_>=20s,1.0,0.0,0.0,0.0,0.0,0.0,0.0,PASS_<20%,0.00,0.0,NO,STANDBY_VEL_LOW,1,1321.86,3268.14,132.45,FALSE,M1_DIRECTION_MISMATCH
2026-09-07 20:14:41.235,1788812081.236,7977,28,208,4406.19,4406.27,8.0,PASS_<=10c,+0.0,FLAT,+0.0,+69.0,4.4,+0.00,0.00,SLOW,4405.50,4406.54,4403.14,4406.23,0.00,0.00,0.0,BEARISH,340.0,4406.19,4406.19,4406.19,4406.19,41,CLEARED_>=20s,1.0,0.0,0.0,0.0,0.0,0.0,0.0,PASS_<20%,0.00,0.0,NO,STANDBY_VEL_LOW,1,1321.86,3268.14,132.45,FALSE,M1_DIRECTION_MISMATCH
2026-09-07 20:14:41.736,1788812081.737,7978,29,209,4406.19,4406.27,8.0,PASS_<=10c,+0.0,FLAT,+0.0,+69.0,4.3,+0.00,0.00,SLOW,4405.50,4406.54,4403.14,4406.23,0.00,0.00,0.0,BEARISH,340.0,4406.19,4406.19,4406.19,4406.19,41,CLEARED_>=20s,1.0,0.0,0.0,0.0,0.0,0.0,0.0,PASS_<20%,0.00,0.0,NO,STANDBY_VEL_LOW,1,1321.86,3268.14,132.45,FALSE,M1_DIRECTION_MISMATCH
2026-09-07 20:14:42.238,1788812082.239,7979,30,210,4406.19,4406.27,8.0,PASS_<=10c,+0.0,FLAT,+0.0,+69.0,4.3,+0.00,0.00,SLOW,4405.50,4406.54,4403.14,4406.23,0.00,0.00,0.0,BEARISH,340.0,4406.19,4406.19,4406.19,4406.19,42,CLEARED_>=20s,1.0,0.0,0.0,0.0,0.0,0.0,0.0,PASS_<20%,0.00,0.0,NO,STANDBY_VEL_LOW,1,1321.86,3268.14,132.45,FALSE,M1_DIRECTION_MISMATCH
2026-09-07 20:14:42.740,1788812082.741,7980,31,211,4406.19,4406.27,8.0,PASS_<=10c,+0.0,FLAT,+0.0,+69.0,4.2,+0.00,0.00,SLOW,4405.50,4406.54,4403.14,4406.23,0.00,0.00,0.0,BEARISH,340.0,4406.19,4406.19,4406.19,4406.19,42,CLEARED_>=20s,1.0,0.0,0.0,0.0,0.0,0.0,0.0,PASS_<20%,0.00,0.0,NO,STANDBY_VEL_LOW,1,1321.86,3268.14,132.45,FALSE,M1_DIRECTION_MISMATCH
2026-09-07 20:14:43.245,1788812083.246,7981,32,212,4406.19,4406.27,8.0,PASS_<=10c,+0.0,FLAT,+0.0,+69.0,4.2,+0.00,0.00,SLOW,4405.50,4406.54,4403.14,4406.23,0.00,0.00,0.0,BEARISH,340.0,4406.19,4406.19,4406.19,4406.19,43,CLEARED_>=20s,1.0,0.0,0.0,0.0,0.0,0.0,0.0,PASS_<20%,0.00,0.0,NO,STANDBY_VEL_LOW,1,1321.86,3268.14,132.45,FALSE,M1_DIRECTION_MISMATCH
2026-09-07 20:14:43.746,1788812083.747,7982,33,213,4406.19,4406.27,8.0,PASS_<=10c,+0.0,FLAT,+0.0,+69.0,4.2,+0.00,0.00,SLOW,4405.50,4406.54,4403.14,4406.23,0.00,0.00,0.0,BEARISH,340.0,4406.19,4406.19,4406.19,4406.19,43,CLEARED_>=20s,1.0,0.0,0.0,0.0,0.0,0.0,0.0,PASS_<20%,0.00,0.0,NO,STANDBY_VEL_LOW,1,1321.86,3268.14,132.45,FALSE,M1_DIRECTION_MISMATCH
2026-09-07 20:14:44.247,1788812084.248,7983,34,214,4406.19,4406.27,8.0,PASS_<=10c,+0.0,FLAT,+0.0,+69.0,4.2,+0.00,0.00,SLOW,4405.50,4406.54,4403.14,4406.23,0.00,0.00,0.0,BEARISH,340.0,4406.19,4406.19,4406.19,4406.19,44,CLEARED_>=20s,1.0,0.0,0.0,0.0,0.0,0.0,0.0,PASS_<20%,0.00,0.0,NO,STANDBY_VEL_LOW,1,1321.86,3268.14,132.45,FALSE,M1_DIRECTION_MISMATCH
2026-09-07 20:14:44.749,1788812084.749,7984,35,215,4406.19,4406.27,8.0,PASS_<=10c,+0.0,FLAT,+0.0,+69.0,4.2,+0.00,0.00,SLOW,4405.50,4406.54,4403.14,4406.23,0.00,0.00,0.0,BEARISH,340.0,4406.19,4406.19,4406.19,4406.19,44,CLEARED_>=20s,1.0,0.0,0.0,0.0,0.0,0.0,0.0,PASS_<20%,0.00,0.0,NO,STANDBY_VEL_LOW,1,1321.86,3268.14,132.45,FALSE,M1_DIRECTION_MISMATCH
2026-09-07 20:14:45.251,1788812085.251,7985,36,216,4406.19,4406.27,8.0,PASS_<=10c,+0.0,FLAT,+0.0,+69.0,4.2,+0.00,0.00,SLOW,4405.50,4406.54,4403.14,4406.23,0.00,0.00,0.0,BEARISH,340.0,4406.19,4406.19,4406.19,4406.19,45,CLEARED_>=20s,1.0,0.0,0.0,0.0,0.0,0.0,0.0,PASS_<20%,0.00,0.0,NO,STANDBY_VEL_LOW,1,1321.86,3268.14,132.45,FALSE,M1_DIRECTION_MISMATCH
2026-09-07 20:14:55.629,1788812095.629,7986,37,217,4406.19,4406.27,8.0,PASS_<=10c,+0.0,FLAT,+0.0,+69.0,1.3,+0.00,0.00,SLOW,4405.50,4406.54,4403.14,4406.23,0.00,0.00,0.0,BEARISH,340.0,4406.19,4406.19,4406.19,4406.19,55,CLEARED_>=20s,1.0,0.0,0.0,0.0,0.0,0.0,0.0,PASS_<20%,0.00,0.0,NO,STANDBY_VEL_LOW,1,1321.86,3268.14,132.45,FALSE,M1_DIRECTION_MISMATCH
2026-09-07 20:15:01.668,1788812101.668,7987,1,1,4406.19,4406.27,8.0,PASS_<=10c,+0.0,FLAT,+0.0,+0.0,2.0,+0.00,0.00,SLOW,4406.19,4406.19,4406.19,4406.19,0.00,0.00,0.0,BEARISH,0.0,4406.19,4406.19,4406.19,4406.19,1,ACTIVE_1s,1.0,0.0,0.0,0.0,0.0,0.0,0.0,PASS_<20%,0.00,0.0,NO,STANDBY_VEL_LOW,1,1321.86,3268.14,132.45,FALSE,M1_DIRECTION_MISMATCH|OPENING_SHIELD_ACTIVE_1s
2026-09-07 20:15:02.023,1788812102.023,7988,2,2,4406.19,4406.27,8.0,PASS_<=10c,+0.0,FLAT,+0.0,+0.0,3.2,+0.00,0.00,SLOW,4406.19,4406.19,4406.19,4406.19,0.00,0.00,0.0,BEARISH,0.0,4406.19,4406.19,4406.19,4406.19,2,ACTIVE_2s,1.0,0.0,0.0,0.0,0.0,0.0,0.0,PASS_<20%,0.00,0.0,NO,STANDBY_VEL_LOW,1,1321.86,3268.14,132.45,FALSE,M1_DIRECTION_MISMATCH|OPENING_SHIELD_ACTIVE_2s
2026-09-07 20:15:02.525,1788812102.525,7989,3,3,4406.19,4406.27,8.0,PASS_<=10c,+0.0,FLAT,+0.0,+0.0,3.4,+0.00,0.00,SLOW,4406.19,4406.19,4406.19,4406.19,0.00,0.00,0.0,BEARISH,0.0,4406.19,4406.19,4406.19,4406.19,2,ACTIVE_2s,1.0,0.0,0.0,0.0,0.0,0.0,0.0,PASS_<20%,0.00,0.0,NO,STANDBY_VEL_LOW,1,1321.86,3268.14,132.45,FALSE,M1_DIRECTION_MISMATCH|OPENING_SHIELD_ACTIVE_2s
2026-09-07 20:15:03.027,1788812103.027,7990,4,4,4406.19,4406.27,8.0,PASS_<=10c,+0.0,FLAT,+0.0,+0.0,3.5,+0.00,0.00,SLOW,4406.19,4406.19,4406.19,4406.19,0.00,0.00,0.0,BEARISH,0.0,4406.19,4406.19,4406.19,4406.19,3,ACTIVE_3s,1.0,0.0,0.0,0.0,0.0,0.0,0.0,PASS_<20%,0.00,0.0,NO,STANDBY_VEL_LOW,1,1321.86,3268.14,132.45,FALSE,M1_DIRECTION_MISMATCH|OPENING_SHIELD_ACTIVE_3s
2026-09-07 20:15:03.529,1788812103.529,7991,5,5,4406.19,4406.27,8.0,PASS_<=10c,+0.0,FLAT,+0.0,+0.0,3.6,+0.00,0.00,SLOW,4406.19,4406.19,4406.19,4406.19,0.00,0.00,0.0,BEARISH,0.0,4406.19,4406.19,4406.19,4406.19,3,ACTIVE_3s,1.0,0.0,0.0,0.0,0.0,0.0,0.0,PASS_<20%,0.00,0.0,NO,STANDBY_VEL_LOW,1,1321.86,3268.14,132.45,FALSE,M1_DIRECTION_MISMATCH|OPENING_SHIELD_ACTIVE_3s
2026-09-07 20:15:04.030,1788812104.031,7992,6,6,4406.19,4406.27,8.0,PASS_<=10c,+0.0,FLAT,+0.0,+0.0,3.7,+0.00,0.00,SLOW,4406.19,4406.19,4406.19,4406.19,0.00,0.00,0.0,BEARISH,0.0,4406.19,4406.19,4406.19,4406.19,4,ACTIVE_4s,1.0,0.0,0.0,0.0,0.0,0.0,0.0,PASS_<20%,0.00,0.0,NO,STANDBY_VEL_LOW,1,1321.86,3268.14,132.45,FALSE,M1_DIRECTION_MISMATCH|OPENING_SHIELD_ACTIVE_4s
2026-09-07 20:15:04.531,1788812104.532,7993,7,7,4406.19,4406.27,8.0,PASS_<=10c,+0.0,FLAT,+0.0,+0.0,3.7,+0.00,0.00,SLOW,4406.19,4406.19,4406.19,4406.19,0.00,0.00,0.0,BEARISH,0.0,4406.19,4406.19,4406.19,4406.19,4,ACTIVE_4s,1.0,0.0,0.0,0.0,0.0,0.0,0.0,PASS_<20%,0.00,0.0,NO,STANDBY_VEL_LOW,1,1321.86,3268.14,132.45,FALSE,M1_DIRECTION_MISMATCH|OPENING_SHIELD_ACTIVE_4s
2026-09-07 20:15:05.033,1788812105.034,7994,8,8,4406.19,4406.27,8.0,PASS_<=10c,+0.0,FLAT,+0.0,+0.0,3.7,+0.00,0.00,SLOW,4406.19,4406.19,4406.19,4406.19,0.00,0.00,0.0,BEARISH,0.0,4406.19,4406.19,4406.19,4406.19,5,ACTIVE_5s,1.0,0.0,0.0,0.0,0.0,0.0,0.0,PASS_<20%,0.00,0.0,NO,STANDBY_VEL_LOW,1,1321.86,3268.14,132.45,FALSE,M1_DIRECTION_MISMATCH|OPENING_SHIELD_ACTIVE_5s
2026-09-07 20:15:05.535,1788812105.535,7995,9,9,4406.19,4406.27,8.0,PASS_<=10c,+0.0,FLAT,+0.0,+0.0,3.8,+0.00,0.00,SLOW,4406.19,4406.19,4406.19,4406.19,0.00,0.00,0.0,BEARISH,0.0,4406.19,4406.19,4406.19,4406.19,5,ACTIVE_5s,1.0,0.0,0.0,0.0,0.0,0.0,0.0,PASS_<20%,0.00,0.0,NO,STANDBY_VEL_LOW,1,1321.86,3268.14,132.45,FALSE,M1_DIRECTION_MISMATCH|OPENING_SHIELD_ACTIVE_5s
2026-09-07 20:15:06.036,1788812106.037,7996,10,10,4406.19,4406.27,8.0,PASS_<=10c,+0.0,FLAT,+0.0,+0.0,4.3,+0.00,0.00,SLOW,4406.19,4406.19,4406.19,4406.19,0.00,0.00,0.0,BEARISH,0.0,4406.19,4406.19,4406.19,4406.19,6,ACTIVE_6s,1.0,0.0,0.0,0.0,0.0,0.0,0.0,PASS_<20%,0.00,0.0,NO,STANDBY_VEL_LOW,1,1321.86,3268.14,132.45,FALSE,M1_DIRECTION_MISMATCH|OPENING_SHIELD_ACTIVE_6s
2026-09-07 20:15:06.538,1788812106.538,7997,11,11,4406.19,4406.27,8.0,PASS_<=10c,+0.0,FLAT,+0.0,+0.0,4.3,+0.00,0.00,SLOW,4406.19,4406.19,4406.19,4406.19,0.00,0.00,0.0,BEARISH,0.0,4406.19,4406.19,4406.19,4406.19,6,ACTIVE_6s,1.0,0.0,0.0,0.0,0.0,0.0,0.0,PASS_<20%,0.00,0.0,NO,STANDBY_VEL_LOW,1,1321.86,3268.14,132.45,FALSE,M1_DIRECTION_MISMATCH|OPENING_SHIELD_ACTIVE_6s
2026-09-07 20:15:07.040,1788812107.040,7998,12,12,4406.19,4406.27,8.0,PASS_<=10c,+0.0,FLAT,+0.0,+0.0,4.2,+0.00,0.00,SLOW,4406.19,4406.19,4406.19,4406.19,0.00,0.00,0.0,BEARISH,0.0,4406.19,4406.19,4406.19,4406.19,7,ACTIVE_7s,1.0,0.0,0.0,0.0,0.0,0.0,0.0,PASS_<20%,0.00,0.0,NO,STANDBY_VEL_LOW,1,1321.86,3268.14,132.45,FALSE,M1_DIRECTION_MISMATCH|OPENING_SHIELD_ACTIVE_7s
2026-09-07 20:15:07.541,1788812107.542,7999,13,13,4406.19,4406.27,8.0,PASS_<=10c,+0.0,FLAT,+0.0,+69.0,4.2,+0.00,0.00,SLOW,4405.50,4406.54,4403.14,4406.23,0.00,0.00,0.0,BEARISH,340.0,4406.19,4406.19,4406.19,4406.19,7,ACTIVE_7s,1.0,0.0,0.0,0.0,0.0,0.0,0.0,PASS_<20%,0.00,0.0,NO,STANDBY_VEL_LOW,1,1321.86,3268.14,132.45,FALSE,M1_DIRECTION_MISMATCH|OPENING_SHIELD_ACTIVE_7s
2026-09-07 20:15:08.042,1788812108.043,8000,14,14,4406.19,4406.27,8.0,PASS_<=10c,+0.0,FLAT,+0.0,+69.0,4.2,+0.00,0.00,SLOW,4405.50,4406.54,4403.14,4406.23,0.00,0.00,0.0,BEARISH,340.0,4406.19,4406.19,4406.19,4406.19,8,ACTIVE_8s,1.0,0.0,0.0,0.0,0.0,0.0,0.0,PASS_<20%,0.00,0.0,NO,STANDBY_VEL_LOW,1,1321.86,3268.14,132.45,FALSE,M1_DIRECTION_MISMATCH|OPENING_SHIELD_ACTIVE_8s
2026-09-07 20:15:08.544,1788812108.545,8001,15,15,4406.19,4406.27,8.0,PASS_<=10c,+0.0,FLAT,+0.0,+69.0,4.2,+0.00,0.00,SLOW,4405.50,4406.54,4403.14,4406.23,0.00,0.00,0.0,BEARISH,340.0,4406.19,4406.19,4406.19,4406.19,8,ACTIVE_8s,1.0,0.0,0.0,0.0,0.0,0.0,0.0,PASS_<20%,0.00,0.0,NO,STANDBY_VEL_LOW,1,1321.86,3268.14,132.45,FALSE,M1_DIRECTION_MISMATCH|OPENING_SHIELD_ACTIVE_8s
2026-09-07 20:15:09.046,1788812109.046,8002,16,16,4406.19,4406.27,8.0,PASS_<=10c,+0.0,FLAT,+0.0,+69.0,4.2,+0.00,0.00,SLOW,4405.50,4406.54,4403.14,4406.23,0.00,0.00,0.0,BEARISH,340.0,4406.19,4406.19,4406.19,4406.19,9,ACTIVE_9s,1.0,0.0,0.0,0.0,0.0,0.0,0.0,PASS_<20%,0.00,0.0,NO,STANDBY_VEL_LOW,1,1321.86,3268.14,132.45,FALSE,M1_DIRECTION_MISMATCH|OPENING_SHIELD_ACTIVE_9s
2026-09-07 20:15:09.548,1788812109.548,8003,17,17,4406.19,4406.27,8.0,PASS_<=10c,+0.0,FLAT,+0.0,+69.0,4.2,+0.00,0.00,SLOW,4405.50,4406.54,4403.14,4406.23,0.00,0.00,0.0,BEARISH,340.0,4406.19,4406.19,4406.19,4406.19,9,ACTIVE_9s,1.0,0.0,0.0,0.0,0.0,0.0,0.0,PASS_<20%,0.00,0.0,NO,STANDBY_VEL_LOW,1,1321.86,3268.14,132.45,FALSE,M1_DIRECTION_MISMATCH|OPENING_SHIELD_ACTIVE_9s
2026-09-07 20:15:19.925,1788812119.926,8004,18,18,4406.19,4406.27,8.0,PASS_<=10c,+0.0,FLAT,+0.0,+69.0,1.3,+0.00,0.00,SLOW,4405.50,4406.54,4403.14,4406.23,0.00,0.00,0.0,BEARISH,340.0,4406.19,4406.19,4406.19,4406.19,19,ACTIVE_19s,1.0,0.0,0.0,0.0,0.0,0.0,0.0,PASS_<20%,0.00,0.0,NO,STANDBY_VEL_LOW,1,1321.86,3268.14,132.45,FALSE,M1_DIRECTION_MISMATCH|OPENING_SHIELD_ACTIVE_19s
2026-09-07 20:15:26.749,1788812126.750,8005,19,19,4406.19,4406.27,8.0,PASS_<=10c,+0.0,FLAT,+0.0,+69.0,1.3,+0.00,0.00,SLOW,4405.50,4406.54,4403.14,4406.23,0.00,0.00,0.0,BEARISH,340.0,4406.19,4406.19,4406.19,4406.19,26,CLEARED_>=20s,1.0,0.0,0.0,0.0,0.0,0.0,0.0,PASS_<20%,0.00,0.0,NO,STANDBY_VEL_LOW,1,1321.86,3268.14,132.45,FALSE,M1_DIRECTION_MISMATCH
2026-09-07 20:15:27.104,1788812127.105,8006,20,20,4406.19,4406.27,8.0,PASS_<=10c,+0.0,FLAT,+0.0,+69.0,1.9,+0.00,0.00,SLOW,4405.50,4406.54,4403.14,4406.23,0.00,0.00,0.0,BEARISH,340.0,4406.19,4406.19,4406.19,4406.19,27,CLEARED_>=20s,1.0,0.0,0.0,0.0,0.0,0.0,0.0,PASS_<20%,0.00,0.0,NO,STANDBY_VEL_LOW,1,1321.86,3268.14,132.45,FALSE,M1_DIRECTION_MISMATCH
2026-09-07 20:15:27.606,1788812127.607,8007,21,21,4406.19,4406.27,8.0,PASS_<=10c,+0.0,FLAT,+0.0,+69.0,2.3,+0.00,0.00,SLOW,4405.50,4406.54,4403.14,4406.23,0.00,0.00,0.0,BEARISH,340.0,4406.19,4406.19,4406.19,4406.19,27,CLEARED_>=20s,1.0,0.0,0.0,0.0,0.0,0.0,0.0,PASS_<20%,0.00,0.0,NO,STANDBY_VEL_LOW,1,1321.86,3268.14,132.45,FALSE,M1_DIRECTION_MISMATCH
2026-09-07 20:15:28.108,1788812128.108,8008,22,22,4406.19,4406.27,8.0,PASS_<=10c,+0.0,FLAT,+0.0,+69.0,2.6,+0.00,0.00,SLOW,4405.50,4406.54,4403.14,4406.23,0.00,0.00,0.0,BEARISH,340.0,4406.19,4406.19,4406.19,4406.19,28,CLEARED_>=20s,1.0,0.0,0.0,0.0,0.0,0.0,0.0,PASS_<20%,0.00,0.0,NO,STANDBY_VEL_LOW,1,1321.86,3268.14,132.45,FALSE,M1_DIRECTION_MISMATCH
2026-09-07 20:15:28.611,1788812128.611,8009,23,23,4406.19,4406.27,8.0,PASS_<=10c,+0.0,FLAT,+0.0,+69.0,2.8,+0.00,0.00,SLOW,4405.50,4406.54,4403.14,4406.23,0.00,0.00,0.0,BEARISH,340.0,4406.19,4406.19,4406.19,4406.19,28,CLEARED_>=20s,1.0,0.0,0.0,0.0,0.0,0.0,0.0,PASS_<20%,0.00,0.0,NO,STANDBY_VEL_LOW,1,1321.86,3268.14,132.45,FALSE,M1_DIRECTION_MISMATCH
2026-09-07 20:15:29.112,1788812129.113,8010,24,24,4406.19,4406.27,8.0,PASS_<=10c,+0.0,FLAT,+0.0,+69.0,2.9,+0.00,0.00,SLOW,4405.50,4406.54,4403.14,4406.23,0.00,0.00,0.0,BEARISH,340.0,4406.19,4406.19,4406.19,4406.19,29,CLEARED_>=20s,1.0,0.0,0.0,0.0,0.0,0.0,0.0,PASS_<20%,0.00,0.0,NO,STANDBY_VEL_LOW,1,1321.86,3268.14,132.45,FALSE,M1_DIRECTION_MISMATCH
2026-09-07 20:15:29.614,1788812129.614,8011,25,25,4406.19,4406.27,8.0,PASS_<=10c,+0.0,FLAT,+0.0,+69.0,3.1,+0.00,0.00,SLOW,4405.50,4406.54,4403.14,4406.23,0.00,0.00,0.0,BEARISH,340.0,4406.19,4406.19,4406.19,4406.19,29,CLEARED_>=20s,1.0,0.0,0.0,0.0,0.0,0.0,0.0,PASS_<20%,0.00,0.0,NO,STANDBY_VEL_LOW,1,1321.86,3268.14,132.45,FALSE,M1_DIRECTION_MISMATCH
2026-09-07 20:15:30.115,1788812130.116,8012,26,26,4406.19,4406.27,8.0,PASS_<=10c,+0.0,FLAT,+0.0,+69.0,4.5,+0.00,0.00,SLOW,4405.50,4406.54,4403.14,4406.23,0.00,0.00,0.0,BEARISH,340.0,4406.19,4406.19,4406.19,4406.19,30,CLEARED_>=20s,1.0,0.0,0.0,0.0,0.0,0.0,0.0,PASS_<20%,0.00,0.0,NO,STANDBY_VEL_LOW,1,1321.86,3268.14,132.45,FALSE,M1_DIRECTION_MISMATCH
2026-09-07 20:15:30.618,1788812130.618,8013,27,27,4406.19,4406.27,8.0,PASS_<=10c,+0.0,FLAT,+0.0,+69.0,4.4,+0.00,0.00,SLOW,4405.50,4406.54,4403.14,4406.23,0.00,0.00,0.0,BEARISH,340.0,4406.19,4406.19,4406.19,4406.19,30,CLEARED_>=20s,1.0,0.0,0.0,0.0,0.0,0.0,0.0,PASS_<20%,0.00,0.0,NO,STANDBY_VEL_LOW,1,1321.86,3268.14,132.45,FALSE,M1_DIRECTION_MISMATCH
2026-09-07 20:15:31.120,1788812131.120,8014,28,28,4406.19,4406.27,8.0,PASS_<=10c,+0.0,FLAT,+0.0,+69.0,4.3,+0.00,0.00,SLOW,4405.50,4406.54,4403.14,4406.23,0.00,0.00,0.0,BEARISH,340.0,4406.19,4406.19,4406.19,4406.19,31,CLEARED_>=20s,1.0,0.0,0.0,0.0,0.0,0.0,0.0,PASS_<20%,0.00,0.0,NO,STANDBY_VEL_LOW,1,1321.86,3268.14,132.45,FALSE,M1_DIRECTION_MISMATCH
2026-09-07 20:15:31.621,1788812131.621,8015,29,29,4406.19,4406.27,8.0,PASS_<=10c,+0.0,FLAT,+0.0,+69.0,4.3,+0.00,0.00,SLOW,4405.50,4406.54,4403.14,4406.23,0.00,0.00,0.0,BEARISH,340.0,4406.19,4406.19,4406.19,4406.19,31,CLEARED_>=20s,1.0,0.0,0.0,0.0,0.0,0.0,0.0,PASS_<20%,0.00,0.0,NO,STANDBY_VEL_LOW,1,1321.86,3268.14,132.45,FALSE,M1_DIRECTION_MISMATCH
2026-09-07 20:15:32.123,1788812132.123,8016,30,30,4406.19,4406.27,8.0,PASS_<=10c,+0.0,FLAT,+0.0,+69.0,4.2,+0.00,0.00,SLOW,4405.50,4406.54,4403.14,4406.23,0.00,0.00,0.0,BEARISH,340.0,4406.19,4406.19,4406.19,4406.19,32,CLEARED_>=20s,1.0,0.0,0.0,0.0,0.0,0.0,0.0,PASS_<20%,0.00,0.0,NO,STANDBY_VEL_LOW,1,1321.86,3268.14,132.45,FALSE,M1_DIRECTION_MISMATCH
2026-09-07 20:15:32.624,1788812132.624,8017,31,31,4406.19,4406.27,8.0,PASS_<=10c,+0.0,FLAT,+0.0,+69.0,4.2,+0.00,0.00,SLOW,4405.50,4406.54,4403.14,4406.23,0.00,0.00,0.0,BEARISH,340.0,4406.19,4406.19,4406.19,4406.19,32,CLEARED_>=20s,1.0,0.0,0.0,0.0,0.0,0.0,0.0,PASS_<20%,0.00,0.0,NO,STANDBY_VEL_LOW,1,1321.86,3268.14,132.45,FALSE,M1_DIRECTION_MISMATCH
2026-09-07 20:15:33.127,1788812133.127,8018,32,32,4406.19,4406.27,8.0,PASS_<=10c,+0.0,FLAT,+0.0,+69.0,4.2,+0.00,0.00,SLOW,4405.50,4406.54,4403.14,4406.23,0.00,0.00,0.0,BEARISH,340.0,4406.19,4406.19,4406.19,4406.19,33,CLEARED_>=20s,1.0,0.0,0.0,0.0,0.0,0.0,0.0,PASS_<20%,0.00,0.0,NO,STANDBY_VEL_LOW,1,1321.86,3268.14,132.45,FALSE,M1_DIRECTION_MISMATCH
2026-09-07 20:15:33.628,1788812133.628,8019,33,33,4406.19,4406.27,8.0,PASS_<=10c,+0.0,FLAT,+0.0,+69.0,4.2,+0.00,0.00,SLOW,4405.50,4406.54,4403.14,4406.23,0.00,0.00,0.0,BEARISH,340.0,4406.19,4406.19,4406.19,4406.19,33,CLEARED_>=20s,1.0,0.0,0.0,0.0,0.0,0.0,0.0,PASS_<20%,0.00,0.0,NO,STANDBY_VEL_LOW,1,1321.86,3268.14,132.45,FALSE,M1_DIRECTION_MISMATCH
2026-09-07 20:15:34.129,1788812134.130,8020,34,34,4406.19,4406.27,8.0,PASS_<=10c,+0.0,FLAT,+0.0,+69.0,4.2,+0.00,0.00,SLOW,4405.50,4406.54,4403.14,4406.23,0.00,0.00,0.0,BEARISH,340.0,4406.19,4406.19,4406.19,4406.19,34,CLEARED_>=20s,1.0,0.0,0.0,0.0,0.0,0.0,0.0,PASS_<20%,0.00,0.0,NO,STANDBY_VEL_LOW,1,1321.86,3268.14,132.45,FALSE,M1_DIRECTION_MISMATCH
2026-09-07 20:15:34.631,1788812134.631,8021,35,35,4406.19,4406.27,8.0,PASS_<=10c,+0.0,FLAT,+0.0,+69.0,4.2,+0.00,0.00,SLOW,4405.50,4406.54,4403.14,4406.23,0.00,0.00,0.0,BEARISH,340.0,4406.19,4406.19,4406.19,4406.19,34,CLEARED_>=20s,1.0,0.0,0.0,0.0,0.0,0.0,0.0,PASS_<20%,0.00,0.0,NO,STANDBY_VEL_LOW,1,1321.86,3268.14,132.45,FALSE,M1_DIRECTION_MISMATCH
2026-09-07 20:15:40.147,1788812140.148,8022,36,36,4406.19,4406.27,8.0,PASS_<=10c,+0.0,FLAT,+0.0,+69.0,1.6,+0.00,0.00,SLOW,4405.50,4406.54,4403.14,4406.23,0.00,0.00,0.0,BEARISH,340.0,4406.19,4406.19,4406.19,4406.19,40,CLEARED_>=20s,1.0,0.0,0.0,0.0,0.0,0.0,0.0,PASS_<20%,0.00,0.0,NO,STANDBY_VEL_LOW,1,1321.86,3268.14,132.45,FALSE,M1_DIRECTION_MISMATCH
2026-09-07 20:15:50.379,1788812150.380,8023,37,37,4406.19,4406.27,8.0,PASS_<=10c,+0.0,FLAT,+0.0,+69.0,1.3,+0.00,0.00,SLOW,4405.50,4406.54,4403.14,4406.23,0.00,0.00,0.0,BEARISH,340.0,4406.19,4406.19,4406.19,4406.19,50,CLEARED_>=20s,1.0,0.0,0.0,0.0,0.0,0.0,0.0,PASS_<20%,0.00,0.0,NO,STANDBY_VEL_LOW,1,1321.86,3268.14,132.45,FALSE,M1_DIRECTION_MISMATCH
2026-09-07 20:15:51.986,1788812151.987,8024,38,38,4406.19,4406.27,8.0,PASS_<=10c,+0.0,FLAT,+0.0,+69.0,1.9,+0.00,0.00,SLOW,4405.50,4406.54,4403.14,4406.23,0.00,0.00,0.0,BEARISH,340.0,4406.19,4406.19,4406.19,4406.19,51,CLEARED_>=20s,1.0,0.0,0.0,0.0,0.0,0.0,0.0,PASS_<20%,0.00,0.0,NO,STANDBY_VEL_LOW,1,1321.86,3268.14,132.45,FALSE,M1_DIRECTION_MISMATCH
2026-09-07 20:15:52.488,1788812152.488,8025,39,39,4406.19,4406.27,8.0,PASS_<=10c,+0.0,FLAT,+0.0,+69.0,2.4,+0.00,0.00,SLOW,4405.50,4406.54,4403.14,4406.23,0.00,0.00,0.0,BEARISH,340.0,4406.19,4406.19,4406.19,4406.19,52,CLEARED_>=20s,1.0,0.0,0.0,0.0,0.0,0.0,0.0,PASS_<20%,0.00,0.0,NO,STANDBY_VEL_LOW,1,1321.86,3268.14,132.45,FALSE,M1_DIRECTION_MISMATCH
2026-09-07 20:15:52.990,1788812152.990,8026,40,40,4406.19,4406.27,8.0,PASS_<=10c,+0.0,FLAT,+0.0,+69.0,2.7,+0.00,0.00,SLOW,4405.50,4406.54,4403.14,4406.23,0.00,0.00,0.0,BEARISH,340.0,4406.19,4406.19,4406.19,4406.19,52,CLEARED_>=20s,1.0,0.0,0.0,0.0,0.0,0.0,0.0,PASS_<20%,0.00,0.0,NO,STANDBY_VEL_LOW,1,1321.86,3268.14,132.45,FALSE,M1_DIRECTION_MISMATCH
2026-09-07 20:15:53.491,1788812153.491,8027,41,41,4406.19,4406.27,8.0,PASS_<=10c,+0.0,FLAT,+0.0,+69.0,2.9,+0.00,0.00,SLOW,4405.50,4406.54,4403.14,4406.23,0.00,0.00,0.0,BEARISH,340.0,4406.19,4406.19,4406.19,4406.19,53,CLEARED_>=20s,1.0,0.0,0.0,0.0,0.0,0.0,0.0,PASS_<20%,0.00,0.0,NO,STANDBY_VEL_LOW,1,1321.86,3268.14,132.45,FALSE,M1_DIRECTION_MISMATCH
2026-09-07 20:15:53.993,1788812153.993,8028,42,42,4406.19,4406.27,8.0,PASS_<=10c,+0.0,FLAT,+0.0,+69.0,3.0,+0.00,0.00,SLOW,4405.50,4406.54,4403.14,4406.23,0.00,0.00,0.0,BEARISH,340.0,4406.19,4406.19,4406.19,4406.19,53,CLEARED_>=20s,1.0,0.0,0.0,0.0,0.0,0.0,0.0,PASS_<20%,0.00,0.0,NO,STANDBY_VEL_LOW,1,1321.86,3268.14,132.45,FALSE,M1_DIRECTION_MISMATCH
2026-09-07 20:15:54.494,1788812154.494,8029,43,43,4406.19,4406.27,8.0,PASS_<=10c,+0.0,FLAT,+0.0,+69.0,3.2,+0.00,0.00,SLOW,4405.50,4406.54,4403.14,4406.23,0.00,0.00,0.0,BEARISH,340.0,4406.19,4406.19,4406.19,4406.19,54,CLEARED_>=20s,1.0,0.0,0.0,0.0,0.0,0.0,0.0,PASS_<20%,0.00,0.0,NO,STANDBY_VEL_LOW,1,1321.86,3268.14,132.45,FALSE,M1_DIRECTION_MISMATCH
2026-09-07 20:15:54.996,1788812154.996,8030,44,44,4406.19,4406.27,8.0,PASS_<=10c,+0.0,FLAT,+0.0,+69.0,3.2,+0.00,0.00,SLOW,4405.50,4406.54,4403.14,4406.23,0.00,0.00,0.0,BEARISH,340.0,4406.19,4406.19,4406.19,4406.19,54,CLEARED_>=20s,1.0,0.0,0.0,0.0,0.0,0.0,0.0,PASS_<20%,0.00,0.0,NO,STANDBY_VEL_LOW,1,1321.86,3268.14,132.45,FALSE,M1_DIRECTION_MISMATCH
2026-09-07 20:15:55.498,1788812155.498,8031,45,45,4406.19,4406.27,8.0,PASS_<=10c,+0.0,FLAT,+0.0,+69.0,4.4,+0.00,0.00,SLOW,4405.50,4406.54,4403.14,4406.23,0.00,0.00,0.0,BEARISH,340.0,4406.19,4406.19,4406.19,4406.19,55,CLEARED_>=20s,1.0,0.0,0.0,0.0,0.0,0.0,0.0,PASS_<20%,0.00,0.0,NO,STANDBY_VEL_LOW,1,1321.86,3268.14,132.45,FALSE,M1_DIRECTION_MISMATCH
2026-09-07 20:15:56.000,1788812156.000,8032,46,46,4406.19,4406.27,8.0,PASS_<=10c,+0.0,FLAT,+0.0,+69.0,4.4,+0.00,0.00,SLOW,4405.50,4406.54,4403.14,4406.23,0.00,0.00,0.0,BEARISH,340.0,4406.19,4406.19,4406.19,4406.19,56,CLEARED_>=20s,1.0,0.0,0.0,0.0,0.0,0.0,0.0,PASS_<20%,0.00,0.0,NO,STANDBY_VEL_LOW,1,1321.86,3268.14,132.45,FALSE,M1_DIRECTION_MISMATCH
2026-09-07 20:15:56.502,1788812156.502,8033,47,47,4406.19,4406.27,8.0,PASS_<=10c,+0.0,FLAT,+0.0,+69.0,4.3,+0.00,0.00,SLOW,4405.50,4406.54,4403.14,4406.23,0.00,0.00,0.0,BEARISH,340.0,4406.19,4406.19,4406.19,4406.19,56,CLEARED_>=20s,1.0,0.0,0.0,0.0,0.0,0.0,0.0,PASS_<20%,0.00,0.0,NO,STANDBY_VEL_LOW,1,1321.86,3268.14,132.45,FALSE,M1_DIRECTION_MISMATCH
2026-09-07 20:15:57.003,1788812157.004,8034,48,48,4406.19,4406.27,8.0,PASS_<=10c,+0.0,FLAT,+0.0,+69.0,4.2,+0.00,0.00,SLOW,4405.50,4406.54,4403.14,4406.23,0.00,0.00,0.0,BEARISH,340.0,4406.19,4406.19,4406.19,4406.19,57,CLEARED_>=20s,1.0,0.0,0.0,0.0,0.0,0.0,0.0,PASS_<20%,0.00,0.0,NO,STANDBY_VEL_LOW,1,1321.86,3268.14,132.45,FALSE,M1_DIRECTION_MISMATCH
2026-09-07 20:15:57.505,1788812157.506,8035,49,49,4406.19,4406.27,8.0,PASS_<=10c,+0.0,FLAT,+0.0,+69.0,4.2,+0.00,0.00,SLOW,4405.50,4406.54,4403.14,4406.23,0.00,0.00,0.0,BEARISH,340.0,4406.19,4406.19,4406.19,4406.19,57,CLEARED_>=20s,1.0,0.0,0.0,0.0,0.0,0.0,0.0,PASS_<20%,0.00,0.0,NO,STANDBY_VEL_LOW,1,1321.86,3268.14,132.45,FALSE,M1_DIRECTION_MISMATCH
2026-09-07 20:15:58.006,1788812158.007,8036,50,50,4406.19,4406.27,8.0,PASS_<=10c,+0.0,FLAT,+0.0,+69.0,4.2,+0.00,0.00,SLOW,4405.50,4406.54,4403.14,4406.23,0.00,0.00,0.0,BEARISH,340.0,4406.19,4406.19,4406.19,4406.19,58,CLEARED_>=20s,1.0,0.0,0.0,0.0,0.0,0.0,0.0,PASS_<20%,0.00,0.0,NO,STANDBY_VEL_LOW,1,1321.86,3268.14,132.45,FALSE,M1_DIRECTION_MISMATCH
2026-09-07 20:15:58.509,1788812158.510,8037,51,51,4406.19,4406.27,8.0,PASS_<=10c,+0.0,FLAT,+0.0,+69.0,4.2,+0.00,0.00,SLOW,4405.50,4406.54,4403.14,4406.23,0.00,0.00,0.0,BEARISH,340.0,4406.19,4406.19,4406.19,4406.19,58,CLEARED_>=20s,1.0,0.0,0.0,0.0,0.0,0.0,0.0,PASS_<20%,0.00,0.0,NO,STANDBY_VEL_LOW,1,1321.86,3268.14,132.45,FALSE,M1_DIRECTION_MISMATCH
2026-09-07 20:15:59.010,1788812159.011,8038,52,52,4406.19,4406.27,8.0,PASS_<=10c,+0.0,FLAT,+0.0,+69.0,4.2,+0.00,0.00,SLOW,4405.50,4406.54,4403.14,4406.23,0.00,0.00,0.0,BEARISH,340.0,4406.19,4406.19,4406.19,4406.19,59,CLEARED_>=20s,1.0,0.0,0.0,0.0,0.0,0.0,0.0,PASS_<20%,0.00,0.0,NO,STANDBY_VEL_LOW,1,1321.86,3268.14,132.45,FALSE,M1_DIRECTION_MISMATCH
2026-09-07 20:15:59.513,1788812159.513,8039,53,53,4406.19,4406.27,8.0,PASS_<=10c,+0.0,FLAT,+0.0,+69.0,4.2,+0.00,0.00,SLOW,4405.50,4406.54,4403.14,4406.23,0.00,0.00,0.0,BEARISH,340.0,4406.19,4406.19,4406.19,4406.19,59,CLEARED_>=20s,1.0,0.0,0.0,0.0,0.0,0.0,0.0,PASS_<20%,0.00,0.0,NO,STANDBY_VEL_LOW,1,1321.86,3268.14,132.45,FALSE,M1_DIRECTION_MISMATCH
2026-09-07 20:16:05.029,1788812165.029,8040,1,54,4406.19,4406.27,8.0,PASS_<=10c,+0.0,FLAT,+0.0,+69.0,1.6,+0.00,0.00,SLOW,4405.50,4406.54,4403.14,4406.23,0.00,0.00,0.0,BEARISH,340.0,4406.19,4406.19,4406.19,4406.19,5,ACTIVE_5s,1.0,0.0,0.0,0.0,0.0,0.0,0.0,PASS_<20%,0.00,0.0,NO,STANDBY_VEL_LOW,1,1321.86,3268.14,132.45,FALSE,M1_DIRECTION_MISMATCH|OPENING_SHIELD_ACTIVE_5s
2026-09-07 20:16:15.256,1788812175.256,8041,2,55,4406.19,4406.27,8.0,PASS_<=10c,+0.0,FLAT,+0.0,+69.0,1.4,+0.00,0.00,SLOW,4405.50,4406.54,4403.14,4406.23,0.00,0.00,0.0,BEARISH,340.0,4406.19,4406.19,4406.19,4406.19,15,ACTIVE_15s,1.0,0.0,0.0,0.0,0.0,0.0,0.0,PASS_<20%,0.00,0.0,NO,STANDBY_VEL_LOW,1,1321.86,3268.14,132.45,FALSE,M1_DIRECTION_MISMATCH|OPENING_SHIELD_ACTIVE_15s
2026-09-07 20:16:16.664,1788812176.665,8042,3,56,4406.19,4406.27,8.0,PASS_<=10c,+0.0,FLAT,+0.0,+69.0,2.1,+0.00,0.00,SLOW,4405.50,4406.54,4403.14,4406.23,0.00,0.00,0.0,BEARISH,340.0,4406.19,4406.19,4406.19,4406.19,16,ACTIVE_16s,1.0,0.0,0.0,0.0,0.0,0.0,0.0,PASS_<20%,0.00,0.0,NO,STANDBY_VEL_LOW,1,1321.86,3268.14,132.45,FALSE,M1_DIRECTION_MISMATCH|OPENING_SHIELD_ACTIVE_16s
2026-09-07 20:16:17.166,1788812177.166,8043,4,57,4406.19,4406.27,8.0,PASS_<=10c,+0.0,FLAT,+0.0,+69.0,2.6,+0.00,0.00,SLOW,4405.50,4406.54,4403.14,4406.23,0.00,0.00,0.0,BEARISH,340.0,4406.19,4406.19,4406.19,4406.19,17,ACTIVE_17s,1.0,0.0,0.0,0.0,0.0,0.0,0.0,PASS_<20%,0.00,0.0,NO,STANDBY_VEL_LOW,1,1321.86,3268.14,132.45,FALSE,M1_DIRECTION_MISMATCH|OPENING_SHIELD_ACTIVE_17s
2026-09-07 20:16:17.667,1788812177.668,8044,5,58,4406.19,4406.27,8.0,PASS_<=10c,+0.0,FLAT,+0.0,+69.0,2.9,+0.00,0.00,SLOW,4405.50,4406.54,4403.14,4406.23,0.00,0.00,0.0,BEARISH,340.0,4406.19,4406.19,4406.19,4406.19,17,ACTIVE_17s,1.0,0.0,0.0,0.0,0.0,0.0,0.0,PASS_<20%,0.00,0.0,NO,STANDBY_VEL_LOW,1,1321.86,3268.14,132.45,FALSE,M1_DIRECTION_MISMATCH|OPENING_SHIELD_ACTIVE_17s
2026-09-07 20:16:18.169,1788812178.170,8045,6,59,4406.19,4406.27,8.0,PASS_<=10c,+0.0,FLAT,+0.0,+69.0,3.1,+0.00,0.00,SLOW,4405.50,4406.54,4403.14,4406.23,0.00,0.00,0.0,BEARISH,340.0,4406.19,4406.19,4406.19,4406.19,18,ACTIVE_18s,1.0,0.0,0.0,0.0,0.0,0.0,0.0,PASS_<20%,0.00,0.0,NO,STANDBY_VEL_LOW,1,1321.86,3268.14,132.45,FALSE,M1_DIRECTION_MISMATCH|OPENING_SHIELD_ACTIVE_18s
2026-09-07 20:16:18.671,1788812178.672,8046,7,60,4406.19,4406.27,8.0,PASS_<=10c,+0.0,FLAT,+0.0,+69.0,3.2,+0.00,0.00,SLOW,4405.50,4406.54,4403.14,4406.23,0.00,0.00,0.0,BEARISH,340.0,4406.19,4406.19,4406.19,4406.19,18,ACTIVE_18s,1.0,0.0,0.0,0.0,0.0,0.0,0.0,PASS_<20%,0.00,0.0,NO,STANDBY_VEL_LOW,1,1321.86,3268.14,132.45,FALSE,M1_DIRECTION_MISMATCH|OPENING_SHIELD_ACTIVE_18s
2026-09-07 20:16:19.174,1788812179.174,8047,8,61,4406.19,4406.27,8.0,PASS_<=10c,+0.0,FLAT,+0.0,+69.0,3.3,+0.00,0.00,SLOW,4405.50,4406.54,4403.14,4406.23,0.00,0.00,0.0,BEARISH,340.0,4406.19,4406.19,4406.19,4406.19,19,ACTIVE_19s,1.0,0.0,0.0,0.0,0.0,0.0,0.0,PASS_<20%,0.00,0.0,NO,STANDBY_VEL_LOW,1,1321.86,3268.14,132.45,FALSE,M1_DIRECTION_MISMATCH|OPENING_SHIELD_ACTIVE_19s
2026-09-07 20:16:19.675,1788812179.675,8048,9,62,4406.19,4406.27,8.0,PASS_<=10c,+0.0,FLAT,+0.0,+69.0,3.4,+0.00,0.00,SLOW,4405.50,4406.54,4403.14,4406.23,0.00,0.00,0.0,BEARISH,340.0,4406.19,4406.19,4406.19,4406.19,19,ACTIVE_19s,1.0,0.0,0.0,0.0,0.0,0.0,0.0,PASS_<20%,0.00,0.0,NO,STANDBY_VEL_LOW,1,1321.86,3268.14,132.45,FALSE,M1_DIRECTION_MISMATCH|OPENING_SHIELD_ACTIVE_19s
2026-09-07 20:16:20.177,1788812180.177,8049,10,63,4406.19,4406.27,8.0,PASS_<=10c,+0.0,FLAT,+0.0,+69.0,3.5,+0.00,0.00,SLOW,4405.50,4406.54,4403.14,4406.23,0.00,0.00,0.0,BEARISH,340.0,4406.19,4406.19,4406.19,4406.19,20,CLEARED_>=20s,1.0,0.0,0.0,0.0,0.0,0.0,0.0,PASS_<20%,0.00,0.0,NO,STANDBY_VEL_LOW,1,1321.86,3268.14,132.45,FALSE,M1_DIRECTION_MISMATCH
2026-09-07 20:16:20.679,1788812180.679,8050,11,64,4406.19,4406.27,8.0,PASS_<=10c,+0.0,FLAT,+0.0,+69.0,4.4,+0.00,0.00,SLOW,4405.50,4406.54,4403.14,4406.23,0.00,0.00,0.0,BEARISH,340.0,4406.19,4406.19,4406.19,4406.19,20,CLEARED_>=20s,1.0,0.0,0.0,0.0,0.0,0.0,0.0,PASS_<20%,0.00,0.0,NO,STANDBY_VEL_LOW,1,1321.86,3268.14,132.45,FALSE,M1_DIRECTION_MISMATCH
2026-09-07 20:16:21.181,1788812181.181,8051,12,65,4406.19,4406.27,8.0,PASS_<=10c,+0.0,FLAT,+0.0,+69.0,4.3,+0.00,0.00,SLOW,4405.50,4406.54,4403.14,4406.23,0.00,0.00,0.0,BEARISH,340.0,4406.19,4406.19,4406.19,4406.19,21,CLEARED_>=20s,1.0,0.0,0.0,0.0,0.0,0.0,0.0,PASS_<20%,0.00,0.0,NO,STANDBY_VEL_LOW,1,1321.86,3268.14,132.45,FALSE,M1_DIRECTION_MISMATCH
2026-09-07 20:16:21.683,1788812181.683,8052,13,66,4406.19,4406.27,8.0,PASS_<=10c,+0.0,FLAT,+0.0,+69.0,4.2,+0.00,0.00,SLOW,4405.50,4406.54,4403.14,4406.23,0.00,0.00,0.0,BEARISH,340.0,4406.19,4406.19,4406.19,4406.19,21,CLEARED_>=20s,1.0,0.0,0.0,0.0,0.0,0.0,0.0,PASS_<20%,0.00,0.0,NO,STANDBY_VEL_LOW,1,1321.86,3268.14,132.45,FALSE,M1_DIRECTION_MISMATCH
2026-09-07 20:16:22.184,1788812182.184,8053,14,67,4406.19,4406.27,8.0,PASS_<=10c,+0.0,FLAT,+0.0,+69.0,4.2,+0.00,0.00,SLOW,4405.50,4406.54,4403.14,4406.23,0.00,0.00,0.0,BEARISH,340.0,4406.19,4406.19,4406.19,4406.19,22,CLEARED_>=20s,1.0,0.0,0.0,0.0,0.0,0.0,0.0,PASS_<20%,0.00,0.0,NO,STANDBY_VEL_LOW,1,1321.86,3268.14,132.45,FALSE,M1_DIRECTION_MISMATCH
2026-09-07 20:16:22.686,1788812182.686,8054,15,68,4406.19,4406.27,8.0,PASS_<=10c,+0.0,FLAT,+0.0,+69.0,4.2,+0.00,0.00,SLOW,4405.50,4406.54,4403.14,4406.23,0.00,0.00,0.0,BEARISH,340.0,4406.19,4406.19,4406.19,4406.19,22,CLEARED_>=20s,1.0,0.0,0.0,0.0,0.0,0.0,0.0,PASS_<20%,0.00,0.0,NO,STANDBY_VEL_LOW,1,1321.86,3268.14,132.45,FALSE,M1_DIRECTION_MISMATCH
2026-09-07 20:16:23.187,1788812183.188,8055,16,69,4406.19,4406.27,8.0,PASS_<=10c,+0.0,FLAT,+0.0,+69.0,4.2,+0.00,0.00,SLOW,4405.50,4406.54,4403.14,4406.23,0.00,0.00,0.0,BEARISH,340.0,4406.19,4406.19,4406.19,4406.19,23,CLEARED_>=20s,1.0,0.0,0.0,0.0,0.0,0.0,0.0,PASS_<20%,0.00,0.0,NO,STANDBY_VEL_LOW,1,1321.86,3268.14,132.45,FALSE,M1_DIRECTION_MISMATCH
2026-09-07 20:16:23.689,1788812183.689,8056,17,70,4406.19,4406.27,8.0,PASS_<=10c,+0.0,FLAT,+0.0,+69.0,4.2,+0.00,0.00,SLOW,4405.50,4406.54,4403.14,4406.23,0.00,0.00,0.0,BEARISH,340.0,4406.19,4406.19,4406.19,4406.19,23,CLEARED_>=20s,1.0,0.0,0.0,0.0,0.0,0.0,0.0,PASS_<20%,0.00,0.0,NO,STANDBY_VEL_LOW,1,1321.86,3268.14,132.45,FALSE,M1_DIRECTION_MISMATCH
2026-09-07 20:16:24.190,1788812184.190,8057,18,71,4406.19,4406.27,8.0,PASS_<=10c,+0.0,FLAT,+0.0,+69.0,4.2,+0.00,0.00,SLOW,4405.50,4406.54,4403.14,4406.23,0.00,0.00,0.0,BEARISH,340.0,4406.19,4406.19,4406.19,4406.19,24,CLEARED_>=20s,1.0,0.0,0.0,0.0,0.0,0.0,0.0,PASS_<20%,0.00,0.0,NO,STANDBY_VEL_LOW,1,1321.86,3268.14,132.45,FALSE,M1_DIRECTION_MISMATCH
2026-09-07 20:16:29.704,1788812189.705,8058,19,72,4406.19,4406.27,8.0,PASS_<=10c,+0.0,FLAT,+0.0,+69.0,1.6,+0.00,0.00,SLOW,4405.50,4406.54,4403.14,4406.23,0.00,0.00,0.0,BEARISH,340.0,4406.19,4406.19,4406.19,4406.19,29,CLEARED_>=20s,1.0,0.0,0.0,0.0,0.0,0.0,0.0,PASS_<20%,0.00,0.0,NO,STANDBY_VEL_LOW,1,1321.86,3268.14,132.45,FALSE,M1_DIRECTION_MISMATCH
2026-09-07 20:16:39.942,1788812199.942,8059,20,73,4406.19,4406.27,8.0,PASS_<=10c,+0.0,FLAT,+0.0,+69.0,1.3,+0.00,0.00,SLOW,4405.50,4406.54,4403.14,4406.23,0.00,0.00,0.0,BEARISH,340.0,4406.19,4406.19,4406.19,4406.19,39,CLEARED_>=20s,1.0,0.0,0.0,0.0,0.0,0.0,0.0,PASS_<20%,0.00,0.0,NO,STANDBY_VEL_LOW,1,1321.86,3268.14,132.45,FALSE,M1_DIRECTION_MISMATCH
2026-09-07 20:16:41.551,1788812201.552,8060,21,74,4406.19,4406.27,8.0,PASS_<=10c,+0.0,FLAT,+0.0,+69.0,1.9,+0.00,0.00,SLOW,4405.50,4406.54,4403.14,4406.23,0.00,0.00,0.0,BEARISH,340.0,4406.19,4406.19,4406.19,4406.19,41,CLEARED_>=20s,1.0,0.0,0.0,0.0,0.0,0.0,0.0,PASS_<20%,0.00,0.0,NO,STANDBY_VEL_LOW,1,1321.86,3268.14,132.45,FALSE,M1_DIRECTION_MISMATCH
2026-09-07 20:16:42.053,1788812202.054,8061,22,75,4406.19,4406.27,8.0,PASS_<=10c,+0.0,FLAT,+0.0,+69.0,2.4,+0.00,0.00,SLOW,4405.50,4406.54,4403.14,4406.23,0.00,0.00,0.0,BEARISH,340.0,4406.19,4406.19,4406.19,4406.19,42,CLEARED_>=20s,1.0,0.0,0.0,0.0,0.0,0.0,0.0,PASS_<20%,0.00,0.0,NO,STANDBY_VEL_LOW,1,1321.86,3268.14,132.45,FALSE,M1_DIRECTION_MISMATCH
2026-09-07 20:16:42.554,1788812202.555,8062,23,76,4406.19,4406.27,8.0,PASS_<=10c,+0.0,FLAT,+0.0,+69.0,2.7,+0.00,0.00,SLOW,4405.50,4406.54,4403.14,4406.23,0.00,0.00,0.0,BEARISH,340.0,4406.19,4406.19,4406.19,4406.19,42,CLEARED_>=20s,1.0,0.0,0.0,0.0,0.0,0.0,0.0,PASS_<20%,0.00,0.0,NO,STANDBY_VEL_LOW,1,1321.86,3268.14,132.45,FALSE,M1_DIRECTION_MISMATCH
2026-09-07 20:16:43.058,1788812203.058,8063,24,77,4406.19,4406.27,8.0,PASS_<=10c,+0.0,FLAT,+0.0,+69.0,2.9,+0.00,0.00,SLOW,4405.50,4406.54,4403.14,4406.23,0.00,0.00,0.0,BEARISH,340.0,4406.19,4406.19,4406.19,4406.19,43,CLEARED_>=20s,1.0,0.0,0.0,0.0,0.0,0.0,0.0,PASS_<20%,0.00,0.0,NO,STANDBY_VEL_LOW,1,1321.86,3268.14,132.45,FALSE,M1_DIRECTION_MISMATCH
2026-09-07 20:16:43.559,1788812203.560,8064,25,78,4406.19,4406.27,8.0,PASS_<=10c,+0.0,FLAT,+0.0,+69.0,3.0,+0.00,0.00,SLOW,4405.50,4406.54,4403.14,4406.23,0.00,0.00,0.0,BEARISH,340.0,4406.19,4406.19,4406.19,4406.19,43,CLEARED_>=20s,1.0,0.0,0.0,0.0,0.0,0.0,0.0,PASS_<20%,0.00,0.0,NO,STANDBY_VEL_LOW,1,1321.86,3268.14,132.45,FALSE,M1_DIRECTION_MISMATCH
2026-09-07 20:16:44.061,1788812204.061,8065,26,79,4406.19,4406.27,8.0,PASS_<=10c,+0.0,FLAT,+0.0,+69.0,3.2,+0.00,0.00,SLOW,4405.50,4406.54,4403.14,4406.23,0.00,0.00,0.0,BEARISH,340.0,4406.19,4406.19,4406.19,4406.19,44,CLEARED_>=20s,1.0,0.0,0.0,0.0,0.0,0.0,0.0,PASS_<20%,0.00,0.0,NO,STANDBY_VEL_LOW,1,1321.86,3268.14,132.45,FALSE,M1_DIRECTION_MISMATCH
2026-09-07 20:16:44.563,1788812204.564,8066,27,80,4406.19,4406.27,8.0,PASS_<=10c,+0.0,FLAT,+0.0,+69.0,3.2,+0.00,0.00,SLOW,4405.50,4406.54,4403.14,4406.23,0.00,0.00,0.0,BEARISH,340.0,4406.19,4406.19,4406.19,4406.19,44,CLEARED_>=20s,1.0,0.0,0.0,0.0,0.0,0.0,0.0,PASS_<20%,0.00,0.0,NO,STANDBY_VEL_LOW,1,1321.86,3268.14,132.45,FALSE,M1_DIRECTION_MISMATCH
2026-09-07 20:16:45.064,1788812205.064,8067,28,81,4406.19,4406.27,8.0,PASS_<=10c,+0.0,FLAT,+0.0,+69.0,4.4,+0.00,0.00,SLOW,4405.50,4406.54,4403.14,4406.23,0.00,0.00,0.0,BEARISH,340.0,4406.19,4406.19,4406.19,4406.19,45,CLEARED_>=20s,1.0,0.0,0.0,0.0,0.0,0.0,0.0,PASS_<20%,0.00,0.0,NO,STANDBY_VEL_LOW,1,1321.86,3268.14,132.45,FALSE,M1_DIRECTION_MISMATCH
2026-09-07 20:16:45.567,1788812205.567,8068,29,82,4406.19,4406.27,8.0,PASS_<=10c,+0.0,FLAT,+0.0,+69.0,4.4,+0.00,0.00,SLOW,4405.50,4406.54,4403.14,4406.23,0.00,0.00,0.0,BEARISH,340.0,4406.19,4406.19,4406.19,4406.19,45,CLEARED_>=20s,1.0,0.0,0.0,0.0,0.0,0.0,0.0,PASS_<20%,0.00,0.0,NO,STANDBY_VEL_LOW,1,1321.86,3268.14,132.45,FALSE,M1_DIRECTION_MISMATCH
2026-09-07 20:16:46.067,1788812206.067,8069,30,83,4406.19,4406.27,8.0,PASS_<=10c,+0.0,FLAT,+0.0,+69.0,4.3,+0.00,0.00,SLOW,4405.50,4406.54,4403.14,4406.23,0.00,0.00,0.0,BEARISH,340.0,4406.19,4406.19,4406.19,4406.19,46,CLEARED_>=20s,1.0,0.0,0.0,0.0,0.0,0.0,0.0,PASS_<20%,0.00,0.0,NO,STANDBY_VEL_LOW,1,1321.86,3268.14,132.45,FALSE,M1_DIRECTION_MISMATCH
2026-09-07 20:16:46.569,1788812206.569,8070,31,84,4406.19,4406.27,8.0,PASS_<=10c,+0.0,FLAT,+0.0,+69.0,4.2,+0.00,0.00,SLOW,4405.50,4406.54,4403.14,4406.23,0.00,0.00,0.0,BEARISH,340.0,4406.19,4406.19,4406.19,4406.19,46,CLEARED_>=20s,1.0,0.0,0.0,0.0,0.0,0.0,0.0,PASS_<20%,0.00,0.0,NO,STANDBY_VEL_LOW,1,1321.86,3268.14,132.45,FALSE,M1_DIRECTION_MISMATCH
2026-09-07 20:16:47.073,1788812207.073,8071,32,85,4406.19,4406.27,8.0,PASS_<=10c,+0.0,FLAT,+0.0,+69.0,4.2,+0.00,0.00,SLOW,4405.50,4406.54,4403.14,4406.23,0.00,0.00,0.0,BEARISH,340.0,4406.19,4406.19,4406.19,4406.19,47,CLEARED_>=20s,1.0,0.0,0.0,0.0,0.0,0.0,0.0,PASS_<20%,0.00,0.0,NO,STANDBY_VEL_LOW,1,1321.86,3268.14,132.45,FALSE,M1_DIRECTION_MISMATCH
2026-09-07 20:16:47.573,1788812207.573,8072,33,86,4406.19,4406.27,8.0,PASS_<=10c,+0.0,FLAT,+0.0,+69.0,4.2,+0.00,0.00,SLOW,4405.50,4406.54,4403.14,4406.23,0.00,0.00,0.0,BEARISH,340.0,4406.19,4406.19,4406.19,4406.19,47,CLEARED_>=20s,1.0,0.0,0.0,0.0,0.0,0.0,0.0,PASS_<20%,0.00,0.0,NO,STANDBY_VEL_LOW,1,1321.86,3268.14,132.45,FALSE,M1_DIRECTION_MISMATCH
2026-09-07 20:16:48.075,1788812208.075,8073,34,87,4406.19,4406.27,8.0,PASS_<=10c,+0.0,FLAT,+0.0,+69.0,4.2,+0.00,0.00,SLOW,4405.50,4406.54,4403.14,4406.23,0.00,0.00,0.0,BEARISH,340.0,4406.19,4406.19,4406.19,4406.19,48,CLEARED_>=20s,1.0,0.0,0.0,0.0,0.0,0.0,0.0,PASS_<20%,0.00,0.0,NO,STANDBY_VEL_LOW,1,1321.86,3268.14,132.45,FALSE,M1_DIRECTION_MISMATCH
2026-09-07 20:16:48.577,1788812208.577,8074,35,88,4406.19,4406.27,8.0,PASS_<=10c,+0.0,FLAT,+0.0,+69.0,4.2,+0.00,0.00,SLOW,4405.50,4406.54,4403.14,4406.23,0.00,0.00,0.0,BEARISH,340.0,4406.19,4406.19,4406.19,4406.19,48,CLEARED_>=20s,1.0,0.0,0.0,0.0,0.0,0.0,0.0,PASS_<20%,0.00,0.0,NO,STANDBY_VEL_LOW,1,1321.86,3268.14,132.45,FALSE,M1_DIRECTION_MISMATCH
2026-09-07 20:16:49.079,1788812209.079,8075,36,89,4406.19,4406.27,8.0,PASS_<=10c,+0.0,FLAT,+0.0,+69.0,4.2,+0.00,0.00,SLOW,4405.50,4406.54,4403.14,4406.23,0.00,0.00,0.0,BEARISH,340.0,4406.19,4406.19,4406.19,4406.19,49,CLEARED_>=20s,1.0,0.0,0.0,0.0,0.0,0.0,0.0,PASS_<20%,0.00,0.0,NO,STANDBY_VEL_LOW,1,1321.86,3268.14,132.45,FALSE,M1_DIRECTION_MISMATCH
2026-09-07 20:16:54.593,1788812214.594,8076,37,90,4406.19,4406.27,8.0,PASS_<=10c,+0.0,FLAT,+0.0,+69.0,1.6,+0.00,0.00,SLOW,4405.50,4406.54,4403.14,4406.23,0.00,0.00,0.0,BEARISH,340.0,4406.19,4406.19,4406.19,4406.19,54,CLEARED_>=20s,1.0,0.0,0.0,0.0,0.0,0.0,0.0,PASS_<20%,0.00,0.0,NO,STANDBY_VEL_LOW,1,1321.86,3268.14,132.45,FALSE,M1_DIRECTION_MISMATCH
2026-09-07 20:17:04.838,1788812224.839,8077,1,91,4406.19,4406.27,8.0,PASS_<=10c,+0.0,FLAT,+0.0,+69.0,1.3,+0.00,0.00,SLOW,4405.50,4406.54,4403.14,4406.23,0.00,0.00,0.0,BEARISH,340.0,4406.19,4406.19,4406.19,4406.19,4,ACTIVE_4s,1.0,0.0,0.0,0.0,0.0,0.0,0.0,PASS_<20%,0.00,0.0,NO,STANDBY_VEL_LOW,1,1321.86,3268.14,132.45,FALSE,M1_DIRECTION_MISMATCH|OPENING_SHIELD_ACTIVE_4s
2026-09-07 20:17:06.848,1788812226.848,8078,2,92,4406.19,4406.27,8.0,PASS_<=10c,+0.0,FLAT,+0.0,+69.0,1.5,+0.00,0.00,SLOW,4405.50,4406.54,4403.14,4406.23,0.00,0.00,0.0,BEARISH,340.0,4406.19,4406.19,4406.19,4406.19,6,ACTIVE_6s,1.0,0.0,0.0,0.0,0.0,0.0,0.0,PASS_<20%,0.00,0.0,NO,STANDBY_VEL_LOW,1,1321.86,3268.14,132.45,FALSE,M1_DIRECTION_MISMATCH|OPENING_SHIELD_ACTIVE_6s
2026-09-07 20:17:07.348,1788812227.349,8079,3,93,4406.19,4406.27,8.0,PASS_<=10c,+0.0,FLAT,+0.0,+69.0,2.0,+0.00,0.00,SLOW,4405.50,4406.54,4403.14,4406.23,0.00,0.00,0.0,BEARISH,340.0,4406.19,4406.19,4406.19,4406.19,7,ACTIVE_7s,1.0,0.0,0.0,0.0,0.0,0.0,0.0,PASS_<20%,0.00,0.0,NO,STANDBY_VEL_LOW,1,1321.86,3268.14,132.45,FALSE,M1_DIRECTION_MISMATCH|OPENING_SHIELD_ACTIVE_7s
2026-09-07 20:17:07.849,1788812227.850,8080,4,94,4406.19,4406.27,8.0,PASS_<=10c,+0.0,FLAT,+0.0,+69.0,2.3,+0.00,0.00,SLOW,4405.50,4406.54,4403.14,4406.23,0.00,0.00,0.0,BEARISH,340.0,4406.19,4406.19,4406.19,4406.19,7,ACTIVE_7s,1.0,0.0,0.0,0.0,0.0,0.0,0.0,PASS_<20%,0.00,0.0,NO,STANDBY_VEL_LOW,1,1321.86,3268.14,132.45,FALSE,M1_DIRECTION_MISMATCH|OPENING_SHIELD_ACTIVE_7s
2026-09-07 20:17:08.351,1788812228.352,8081,5,95,4406.19,4406.27,8.0,PASS_<=10c,+0.0,FLAT,+0.0,+69.0,2.6,+0.00,0.00,SLOW,4405.50,4406.54,4403.14,4406.23,0.00,0.00,0.0,BEARISH,340.0,4406.19,4406.19,4406.19,4406.19,8,ACTIVE_8s,1.0,0.0,0.0,0.0,0.0,0.0,0.0,PASS_<20%,0.00,0.0,NO,STANDBY_VEL_LOW,1,1321.86,3268.14,132.45,FALSE,M1_DIRECTION_MISMATCH|OPENING_SHIELD_ACTIVE_8s
2026-09-07 20:17:08.853,1788812228.854,8082,6,96,4406.19,4406.27,8.0,PASS_<=10c,+0.0,FLAT,+0.0,+69.0,2.7,+0.00,0.00,SLOW,4405.50,4406.54,4403.14,4406.23,0.00,0.00,0.0,BEARISH,340.0,4406.19,4406.19,4406.19,4406.19,8,ACTIVE_8s,1.0,0.0,0.0,0.0,0.0,0.0,0.0,PASS_<20%,0.00,0.0,NO,STANDBY_VEL_LOW,1,1321.86,3268.14,132.45,FALSE,M1_DIRECTION_MISMATCH|OPENING_SHIELD_ACTIVE_8s
2026-09-07 20:17:09.355,1788812229.356,8083,7,97,4406.19,4406.27,8.0,PASS_<=10c,+0.0,FLAT,+0.0,+69.0,2.9,+0.00,0.00,SLOW,4405.50,4406.54,4403.14,4406.23,0.00,0.00,0.0,BEARISH,340.0,4406.19,4406.19,4406.19,4406.19,9,ACTIVE_9s,1.0,0.0,0.0,0.0,0.0,0.0,0.0,PASS_<20%,0.00,0.0,NO,STANDBY_VEL_LOW,1,1321.86,3268.14,132.45,FALSE,M1_DIRECTION_MISMATCH|OPENING_SHIELD_ACTIVE_9s
2026-09-07 20:17:09.857,1788812229.857,8084,8,98,4406.19,4406.27,8.0,PASS_<=10c,+0.0,FLAT,+0.0,+69.0,4.5,+0.00,0.00,SLOW,4405.50,4406.54,4403.14,4406.23,0.00,0.00,0.0,BEARISH,340.0,4406.19,4406.19,4406.19,4406.19,9,ACTIVE_9s,1.0,0.0,0.0,0.0,0.0,0.0,0.0,PASS_<20%,0.00,0.0,NO,STANDBY_VEL_LOW,1,1321.86,3268.14,132.45,FALSE,M1_DIRECTION_MISMATCH|OPENING_SHIELD_ACTIVE_9s
2026-09-07 20:17:10.358,1788812230.359,8085,9,99,4406.19,4406.27,8.0,PASS_<=10c,+0.0,FLAT,+0.0,+69.0,4.4,+0.00,0.00,SLOW,4405.50,4406.54,4403.14,4406.23,0.00,0.00,0.0,BEARISH,340.0,4406.19,4406.19,4406.19,4406.19,10,ACTIVE_10s,1.0,0.0,0.0,0.0,0.0,0.0,0.0,PASS_<20%,0.00,0.0,NO,STANDBY_VEL_LOW,1,1321.86,3268.14,132.45,FALSE,M1_DIRECTION_MISMATCH|OPENING_SHIELD_ACTIVE_10s
2026-09-07 20:17:10.861,1788812230.862,8086,10,100,4406.19,4406.27,8.0,PASS_<=10c,+0.0,FLAT,+0.0,+69.0,4.4,+0.00,0.00,SLOW,4405.50,4406.54,4403.14,4406.23,0.00,0.00,0.0,BEARISH,340.0,4406.19,4406.19,4406.19,4406.19,10,ACTIVE_10s,1.0,0.0,0.0,0.0,0.0,0.0,0.0,PASS_<20%,0.00,0.0,NO,STANDBY_VEL_LOW,1,1321.86,3268.14,132.45,FALSE,M1_DIRECTION_MISMATCH|OPENING_SHIELD_ACTIVE_10s
2026-09-07 20:17:11.363,1788812231.364,8087,11,101,4406.19,4406.27,8.0,PASS_<=10c,+0.0,FLAT,+0.0,+69.0,4.3,+0.00,0.00,SLOW,4405.50,4406.54,4403.14,4406.23,0.00,0.00,0.0,BEARISH,340.0,4406.19,4406.19,4406.19,4406.19,11,ACTIVE_11s,1.0,0.0,0.0,0.0,0.0,0.0,0.0,PASS_<20%,0.00,0.0,NO,STANDBY_VEL_LOW,1,1321.86,3268.14,132.45,FALSE,M1_DIRECTION_MISMATCH|OPENING_SHIELD_ACTIVE_11s
2026-09-07 20:17:11.865,1788812231.866,8088,12,102,4406.19,4406.27,8.0,PASS_<=10c,+0.0,FLAT,+0.0,+69.0,4.2,+0.00,0.00,SLOW,4405.50,4406.54,4403.14,4406.23,0.00,0.00,0.0,BEARISH,340.0,4406.19,4406.19,4406.19,4406.19,11,ACTIVE_11s,1.0,0.0,0.0,0.0,0.0,0.0,0.0,PASS_<20%,0.00,0.0,NO,STANDBY_VEL_LOW,1,1321.86,3268.14,132.45,FALSE,M1_DIRECTION_MISMATCH|OPENING_SHIELD_ACTIVE_11s
2026-09-07 20:17:12.368,1788812232.369,8089,13,103,4406.19,4406.27,8.0,PASS_<=10c,+0.0,FLAT,+0.0,+69.0,4.2,+0.00,0.00,SLOW,4405.50,4406.54,4403.14,4406.23,0.00,0.00,0.0,BEARISH,340.0,4406.19,4406.19,4406.19,4406.19,12,ACTIVE_12s,1.0,0.0,0.0,0.0,0.0,0.0,0.0,PASS_<20%,0.00,0.0,NO,STANDBY_VEL_LOW,1,1321.86,3268.14,132.45,FALSE,M1_DIRECTION_MISMATCH|OPENING_SHIELD_ACTIVE_12s
2026-09-07 20:17:12.869,1788812232.870,8090,14,104,4406.19,4406.27,8.0,PASS_<=10c,+0.0,FLAT,+0.0,+69.0,4.2,+0.00,0.00,SLOW,4405.50,4406.54,4403.14,4406.23,0.00,0.00,0.0,BEARISH,340.0,4406.19,4406.19,4406.19,4406.19,12,ACTIVE_12s,1.0,0.0,0.0,0.0,0.0,0.0,0.0,PASS_<20%,0.00,0.0,NO,STANDBY_VEL_LOW,1,1321.86,3268.14,132.45,FALSE,M1_DIRECTION_MISMATCH|OPENING_SHIELD_ACTIVE_12s
2026-09-07 20:17:13.370,1788812233.371,8091,15,105,4406.19,4406.27,8.0,PASS_<=10c,+0.0,FLAT,+0.0,+69.0,4.2,+0.00,0.00,SLOW,4405.50,4406.54,4403.14,4406.23,0.00,0.00,0.0,BEARISH,340.0,4406.19,4406.19,4406.19,4406.19,13,ACTIVE_13s,1.0,0.0,0.0,0.0,0.0,0.0,0.0,PASS_<20%,0.00,0.0,NO,STANDBY_VEL_LOW,1,1321.86,3268.14,132.45,FALSE,M1_DIRECTION_MISMATCH|OPENING_SHIELD_ACTIVE_13s
2026-09-07 20:17:13.872,1788812233.872,8092,16,106,4406.19,4406.27,8.0,PASS_<=10c,+0.0,FLAT,+0.0,+69.0,4.2,+0.00,0.00,SLOW,4405.50,4406.54,4403.14,4406.23,0.00,0.00,0.0,BEARISH,340.0,4406.19,4406.19,4406.19,4406.19,13,ACTIVE_13s,1.0,0.0,0.0,0.0,0.0,0.0,0.0,PASS_<20%,0.00,0.0,NO,STANDBY_VEL_LOW,1,1321.86,3268.14,132.45,FALSE,M1_DIRECTION_MISMATCH|OPENING_SHIELD_ACTIVE_13s
2026-09-07 20:17:14.374,1788812234.374,8093,17,107,4406.19,4406.27,8.0,PASS_<=10c,+0.0,FLAT,+0.0,+69.0,4.2,+0.00,0.00,SLOW,4405.50,4406.54,4403.14,4406.23,0.00,0.00,0.0,BEARISH,340.0,4406.19,4406.19,4406.19,4406.19,14,ACTIVE_14s,1.0,0.0,0.0,0.0,0.0,0.0,0.0,PASS_<20%,0.00,0.0,NO,STANDBY_VEL_LOW,1,1321.86,3268.14,132.45,FALSE,M1_DIRECTION_MISMATCH|OPENING_SHIELD_ACTIVE_14s
2026-09-07 20:17:19.889,1788812239.889,8094,18,108,4406.19,4406.27,8.0,PASS_<=10c,+0.0,FLAT,+0.0,+69.0,1.5,+0.00,0.00,SLOW,4405.50,4406.54,4403.14,4406.23,0.00,0.00,0.0,BEARISH,340.0,4406.19,4406.19,4406.19,4406.19,19,ACTIVE_19s,1.0,0.0,0.0,0.0,0.0,0.0,0.0,PASS_<20%,0.00,0.0,NO,STANDBY_VEL_LOW,1,1321.86,3268.14,132.45,FALSE,M1_DIRECTION_MISMATCH|OPENING_SHIELD_ACTIVE_19s
2026-09-07 20:17:30.125,1788812250.126,8095,19,109,4406.19,4406.27,8.0,PASS_<=10c,+0.0,FLAT,+0.0,+69.0,1.3,+0.00,0.00,SLOW,4405.50,4406.54,4403.14,4406.23,0.00,0.00,0.0,BEARISH,340.0,4406.19,4406.19,4406.19,4406.19,30,CLEARED_>=20s,1.0,0.0,0.0,0.0,0.0,0.0,0.0,PASS_<20%,0.00,0.0,NO,STANDBY_VEL_LOW,1,1321.86,3268.14,132.45,FALSE,M1_DIRECTION_MISMATCH
2026-09-07 20:17:31.133,1788812251.133,8096,20,110,4406.19,4406.27,8.0,PASS_<=10c,+0.0,FLAT,+0.0,+69.0,3.0,+0.00,0.00,SLOW,4405.50,4406.54,4403.14,4406.23,0.00,0.00,0.0,BEARISH,340.0,4406.19,4406.19,4406.19,4406.19,31,CLEARED_>=20s,1.0,0.0,0.0,0.0,0.0,0.0,0.0,PASS_<20%,0.00,0.0,NO,STANDBY_VEL_LOW,1,1321.86,3268.14,132.45,FALSE,M1_DIRECTION_MISMATCH
2026-09-07 20:17:31.634,1788812251.635,8097,21,111,4406.19,4406.27,8.0,PASS_<=10c,+0.0,FLAT,+0.0,+69.0,3.3,+0.00,0.00,SLOW,4405.50,4406.54,4403.14,4406.23,0.00,0.00,0.0,BEARISH,340.0,4406.19,4406.19,4406.19,4406.19,31,CLEARED_>=20s,1.0,0.0,0.0,0.0,0.0,0.0,0.0,PASS_<20%,0.00,0.0,NO,STANDBY_VEL_LOW,1,1321.86,3268.14,132.45,FALSE,M1_DIRECTION_MISMATCH
2026-09-07 20:17:32.136,1788812252.136,8098,22,112,4406.19,4406.27,8.0,PASS_<=10c,+0.0,FLAT,+0.0,+69.0,3.5,+0.00,0.00,SLOW,4405.50,4406.54,4403.14,4406.23,0.00,0.00,0.0,BEARISH,340.0,4406.19,4406.19,4406.19,4406.19,32,CLEARED_>=20s,1.0,0.0,0.0,0.0,0.0,0.0,0.0,PASS_<20%,0.00,0.0,NO,STANDBY_VEL_LOW,1,1321.86,3268.14,132.45,FALSE,M1_DIRECTION_MISMATCH
2026-09-07 20:17:32.639,1788812252.639,8099,23,113,4406.19,4406.27,8.0,PASS_<=10c,+0.0,FLAT,+0.0,+69.0,3.6,+0.00,0.00,SLOW,4405.50,4406.54,4403.14,4406.23,0.00,0.00,0.0,BEARISH,340.0,4406.19,4406.19,4406.19,4406.19,32,CLEARED_>=20s,1.0,0.0,0.0,0.0,0.0,0.0,0.0,PASS_<20%,0.00,0.0,NO,STANDBY_VEL_LOW,1,1321.86,3268.14,132.45,FALSE,M1_DIRECTION_MISMATCH
2026-09-07 20:17:33.143,1788812253.144,8100,24,114,4406.19,4406.27,8.0,PASS_<=10c,+0.0,FLAT,+0.0,+69.0,3.6,+0.00,0.00,SLOW,4405.50,4406.54,4403.14,4406.23,0.00,0.00,0.0,BEARISH,340.0,4406.19,4406.19,4406.19,4406.19,33,CLEARED_>=20s,1.0,0.0,0.0,0.0,0.0,0.0,0.0,PASS_<20%,0.00,0.0,NO,STANDBY_VEL_LOW,1,1321.86,3268.14,132.45,FALSE,M1_DIRECTION_MISMATCH
2026-09-07 20:17:33.643,1788812253.643,8101,25,115,4406.19,4406.27,8.0,PASS_<=10c,+0.0,FLAT,+0.0,+69.0,3.7,+0.00,0.00,SLOW,4405.50,4406.54,4403.14,4406.23,0.00,0.00,0.0,BEARISH,340.0,4406.19,4406.19,4406.19,4406.19,33,CLEARED_>=20s,1.0,0.0,0.0,0.0,0.0,0.0,0.0,PASS_<20%,0.00,0.0,NO,STANDBY_VEL_LOW,1,1321.86,3268.14,132.45,FALSE,M1_DIRECTION_MISMATCH
2026-09-07 20:17:34.144,1788812254.144,8102,26,116,4406.19,4406.27,8.0,PASS_<=10c,+0.0,FLAT,+0.0,+69.0,3.7,+0.00,0.00,SLOW,4405.50,4406.54,4403.14,4406.23,0.00,0.00,0.0,BEARISH,340.0,4406.19,4406.19,4406.19,4406.19,34,CLEARED_>=20s,1.0,0.0,0.0,0.0,0.0,0.0,0.0,PASS_<20%,0.00,0.0,NO,STANDBY_VEL_LOW,1,1321.86,3268.14,132.45,FALSE,M1_DIRECTION_MISMATCH
2026-09-07 20:17:34.645,1788812254.645,8103,27,117,4406.19,4406.27,8.0,PASS_<=10c,+0.0,FLAT,+0.0,+69.0,3.8,+0.00,0.00,SLOW,4405.50,4406.54,4403.14,4406.23,0.00,0.00,0.0,BEARISH,340.0,4406.19,4406.19,4406.19,4406.19,34,CLEARED_>=20s,1.0,0.0,0.0,0.0,0.0,0.0,0.0,PASS_<20%,0.00,0.0,NO,STANDBY_VEL_LOW,1,1321.86,3268.14,132.45,FALSE,M1_DIRECTION_MISMATCH
2026-09-07 20:17:35.147,1788812255.147,8104,28,118,4406.19,4406.27,8.0,PASS_<=10c,+0.0,FLAT,+0.0,+69.0,4.4,+0.00,0.00,SLOW,4405.50,4406.54,4403.14,4406.23,0.00,0.00,0.0,BEARISH,340.0,4406.19,4406.19,4406.19,4406.19,35,CLEARED_>=20s,1.0,0.0,0.0,0.0,0.0,0.0,0.0,PASS_<20%,0.00,0.0,NO,STANDBY_VEL_LOW,1,1321.86,3268.14,132.45,FALSE,M1_DIRECTION_MISMATCH
2026-09-07 20:17:35.648,1788812255.649,8105,29,119,4406.19,4406.27,8.0,PASS_<=10c,+0.0,FLAT,+0.0,+69.0,4.3,+0.00,0.00,SLOW,4405.50,4406.54,4403.14,4406.23,0.00,0.00,0.0,BEARISH,340.0,4406.19,4406.19,4406.19,4406.19,35,CLEARED_>=20s,1.0,0.0,0.0,0.0,0.0,0.0,0.0,PASS_<20%,0.00,0.0,NO,STANDBY_VEL_LOW,1,1321.86,3268.14,132.45,FALSE,M1_DIRECTION_MISMATCH
2026-09-07 20:17:36.150,1788812256.150,8106,30,120,4406.19,4406.27,8.0,PASS_<=10c,+0.0,FLAT,+0.0,+69.0,4.2,+0.00,0.00,SLOW,4405.50,4406.54,4403.14,4406.23,0.00,0.00,0.0,BEARISH,340.0,4406.19,4406.19,4406.19,4406.19,36,CLEARED_>=20s,1.0,0.0,0.0,0.0,0.0,0.0,0.0,PASS_<20%,0.00,0.0,NO,STANDBY_VEL_LOW,1,1321.86,3268.14,132.45,FALSE,M1_DIRECTION_MISMATCH
2026-09-07 20:17:36.677,1788812256.678,8107,31,121,4406.19,4406.27,8.0,PASS_<=10c,+0.0,FLAT,+0.0,-833.0,4.2,+0.00,0.00,SLOW,4414.52,4415.20,4413.17,4414.34,0.00,0.00,0.0,NEUTRAL,203.0,4406.19,4406.19,4406.19,4406.19,36,CLEARED_>=20s,1.0,0.0,0.0,0.0,0.0,0.0,0.0,PASS_<20%,0.00,0.0,NO,STANDBY_VEL_LOW,1,1321.86,3268.14,132.45,FALSE,M5_TREND_NEUTRAL|M1_DIRECTION_MISMATCH
2026-09-07 20:17:37.157,1788812257.158,8108,32,122,4406.19,4406.27,8.0,PASS_<=10c,+0.0,FLAT,+0.0,+69.0,4.2,+0.00,0.00,SLOW,4405.50,4406.54,4403.14,4406.23,0.00,0.00,0.0,BEARISH,340.0,4406.19,4406.19,4406.19,4406.19,37,CLEARED_>=20s,1.0,0.0,0.0,0.0,0.0,0.0,0.0,PASS_<20%,0.00,0.0,NO,STANDBY_VEL_LOW,1,1321.86,3268.14,132.45,FALSE,M1_DIRECTION_MISMATCH
2026-09-07 20:17:37.658,1788812257.659,8109,33,123,4406.19,4406.27,8.0,PASS_<=10c,+0.0,FLAT,+0.0,+69.0,4.2,+0.00,0.00,SLOW,4405.50,4406.54,4403.14,4406.23,0.00,0.00,0.0,BEARISH,340.0,4406.19,4406.19,4406.19,4406.19,37,CLEARED_>=20s,1.0,0.0,0.0,0.0,0.0,0.0,0.0,PASS_<20%,0.00,0.0,NO,STANDBY_VEL_LOW,1,1321.86,3268.14,132.45,FALSE,M1_DIRECTION_MISMATCH
2026-09-07 20:17:38.161,1788812258.161,8110,34,124,4406.19,4406.27,8.0,PASS_<=10c,+0.0,FLAT,+0.0,+69.0,4.2,+0.00,0.00,SLOW,4405.50,4406.54,4403.14,4406.23,0.00,0.00,0.0,BEARISH,340.0,4406.19,4406.19,4406.19,4406.19,38,CLEARED_>=20s,1.0,0.0,0.0,0.0,0.0,0.0,0.0,PASS_<20%,0.00,0.0,NO,STANDBY_VEL_LOW,1,1321.86,3268.14,132.45,FALSE,M1_DIRECTION_MISMATCH
2026-09-07 20:17:38.663,1788812258.663,8111,35,125,4406.19,4406.27,8.0,PASS_<=10c,+0.0,FLAT,+0.0,+69.0,4.2,+0.00,0.00,SLOW,4405.50,4406.54,4403.14,4406.23,0.00,0.00,0.0,BEARISH,340.0,4406.19,4406.19,4406.19,4406.19,38,CLEARED_>=20s,1.0,0.0,0.0,0.0,0.0,0.0,0.0,PASS_<20%,0.00,0.0,NO,STANDBY_VEL_LOW,1,1321.86,3268.14,132.45,FALSE,M1_DIRECTION_MISMATCH
2026-09-07 20:17:44.177,1788812264.177,8112,36,126,4406.19,4406.27,8.0,PASS_<=10c,+0.0,FLAT,+0.0,+69.0,1.6,+0.00,0.00,SLOW,4405.50,4406.54,4403.14,4406.23,0.00,0.00,0.0,BEARISH,340.0,4406.19,4406.19,4406.19,4406.19,44,CLEARED_>=20s,1.0,0.0,0.0,0.0,0.0,0.0,0.0,PASS_<20%,0.00,0.0,NO,STANDBY_VEL_LOW,1,1321.86,3268.14,132.45,FALSE,M1_DIRECTION_MISMATCH
2026-09-07 20:17:54.412,1788812274.413,8113,37,127,4406.19,4406.27,8.0,PASS_<=10c,+0.0,FLAT,+0.0,+69.0,1.3,+0.00,0.00,SLOW,4405.50,4406.54,4403.14,4406.23,0.00,0.00,0.0,BEARISH,340.0,4406.19,4406.19,4406.19,4406.19,54,CLEARED_>=20s,1.0,0.0,0.0,0.0,0.0,0.0,0.0,PASS_<20%,0.00,0.0,NO,STANDBY_VEL_LOW,1,1321.86,3268.14,132.45,FALSE,M1_DIRECTION_MISMATCH
2026-09-07 20:17:56.024,1788812276.024,8114,38,128,4406.19,4406.27,8.0,PASS_<=10c,+0.0,FLAT,+0.0,+69.0,1.9,+0.00,0.00,SLOW,4405.50,4406.54,4403.14,4406.23,0.00,0.00,0.0,BEARISH,340.0,4406.19,4406.19,4406.19,4406.19,56,CLEARED_>=20s,1.0,0.0,0.0,0.0,0.0,0.0,0.0,PASS_<20%,0.00,0.0,NO,STANDBY_VEL_LOW,1,1321.86,3268.14,132.45,FALSE,M1_DIRECTION_MISMATCH
2026-09-07 20:17:56.525,1788812276.526,8115,39,129,4406.19,4406.27,8.0,PASS_<=10c,+0.0,FLAT,+0.0,+69.0,2.4,+0.00,0.00,SLOW,4405.50,4406.54,4403.14,4406.23,0.00,0.00,0.0,BEARISH,340.0,4406.19,4406.19,4406.19,4406.19,56,CLEARED_>=20s,1.0,0.0,0.0,0.0,0.0,0.0,0.0,PASS_<20%,0.00,0.0,NO,STANDBY_VEL_LOW,1,1321.86,3268.14,132.45,FALSE,M1_DIRECTION_MISMATCH
2026-09-07 20:17:57.027,1788812277.028,8116,40,130,4406.19,4406.27,8.0,PASS_<=10c,+0.0,FLAT,+0.0,+69.0,2.7,+0.00,0.00,SLOW,4405.50,4406.54,4403.14,4406.23,0.00,0.00,0.0,BEARISH,340.0,4406.19,4406.19,4406.19,4406.19,57,CLEARED_>=20s,1.0,0.0,0.0,0.0,0.0,0.0,0.0,PASS_<20%,0.00,0.0,NO,STANDBY_VEL_LOW,1,1321.86,3268.14,132.45,FALSE,M1_DIRECTION_MISMATCH
2026-09-07 20:17:57.528,1788812277.529,8117,41,131,4406.19,4406.27,8.0,PASS_<=10c,+0.0,FLAT,+0.0,+69.0,2.9,+0.00,0.00,SLOW,4405.50,4406.54,4403.14,4406.23,0.00,0.00,0.0,BEARISH,340.0,4406.19,4406.19,4406.19,4406.19,57,CLEARED_>=20s,1.0,0.0,0.0,0.0,0.0,0.0,0.0,PASS_<20%,0.00,0.0,NO,STANDBY_VEL_LOW,1,1321.86,3268.14,132.45,FALSE,M1_DIRECTION_MISMATCH
2026-09-07 20:17:58.031,1788812278.031,8118,42,132,4406.19,4406.27,8.0,PASS_<=10c,+0.0,FLAT,+0.0,+69.0,3.0,+0.00,0.00,SLOW,4405.50,4406.54,4403.14,4406.23,0.00,0.00,0.0,BEARISH,340.0,4406.19,4406.19,4406.19,4406.19,58,CLEARED_>=20s,1.0,0.0,0.0,0.0,0.0,0.0,0.0,PASS_<20%,0.00,0.0,NO,STANDBY_VEL_LOW,1,1321.86,3268.14,132.45,FALSE,M1_DIRECTION_MISMATCH
2026-09-07 20:17:58.533,1788812278.533,8119,43,133,4406.19,4406.27,8.0,PASS_<=10c,+0.0,FLAT,+0.0,+69.0,3.2,+0.00,0.00,SLOW,4405.50,4406.54,4403.14,4406.23,0.00,0.00,0.0,BEARISH,340.0,4406.19,4406.19,4406.19,4406.19,58,CLEARED_>=20s,1.0,0.0,0.0,0.0,0.0,0.0,0.0,PASS_<20%,0.00,0.0,NO,STANDBY_VEL_LOW,1,1321.86,3268.14,132.45,FALSE,M1_DIRECTION_MISMATCH
2026-09-07 20:17:59.034,1788812279.035,8120,44,134,4406.19,4406.27,8.0,PASS_<=10c,+0.0,FLAT,+0.0,+69.0,3.2,+0.00,0.00,SLOW,4405.50,4406.54,4403.14,4406.23,0.00,0.00,0.0,BEARISH,340.0,4406.19,4406.19,4406.19,4406.19,59,CLEARED_>=20s,1.0,0.0,0.0,0.0,0.0,0.0,0.0,PASS_<20%,0.00,0.0,NO,STANDBY_VEL_LOW,1,1321.86,3268.14,132.45,FALSE,M1_DIRECTION_MISMATCH
2026-09-07 20:17:59.536,1788812279.536,8121,45,135,4406.19,4406.27,8.0,PASS_<=10c,+0.0,FLAT,+0.0,+69.0,4.4,+0.00,0.00,SLOW,4405.50,4406.54,4403.14,4406.23,0.00,0.00,0.0,BEARISH,340.0,4406.19,4406.19,4406.19,4406.19,59,CLEARED_>=20s,1.0,0.0,0.0,0.0,0.0,0.0,0.0,PASS_<20%,0.00,0.0,NO,STANDBY_VEL_LOW,1,1321.86,3268.14,132.45,FALSE,M1_DIRECTION_MISMATCH
2026-09-07 20:18:00.037,1788812280.038,8122,1,136,4406.19,4406.27,8.0,PASS_<=10c,+0.0,FLAT,+0.0,+69.0,4.4,+0.00,0.00,SLOW,4405.50,4406.54,4403.14,4406.23,0.00,0.00,0.0,BEARISH,340.0,4406.19,4406.19,4406.19,4406.19,0,ACTIVE_0s,1.0,0.0,0.0,0.0,0.0,0.0,0.0,PASS_<20%,0.00,0.0,NO,STANDBY_VEL_LOW,1,1321.86,3268.14,132.45,FALSE,M1_DIRECTION_MISMATCH|OPENING_SHIELD_ACTIVE_0s
2026-09-07 20:18:00.539,1788812280.539,8123,2,137,4406.19,4406.27,8.0,PASS_<=10c,+0.0,FLAT,+0.0,+69.0,4.3,+0.00,0.00,SLOW,4405.50,4406.54,4403.14,4406.23,0.00,0.00,0.0,BEARISH,340.0,4406.19,4406.19,4406.19,4406.19,0,ACTIVE_0s,1.0,0.0,0.0,0.0,0.0,0.0,0.0,PASS_<20%,0.00,0.0,NO,STANDBY_VEL_LOW,1,1321.86,3268.14,132.45,FALSE,M1_DIRECTION_MISMATCH|OPENING_SHIELD_ACTIVE_0s
2026-09-07 20:18:01.042,1788812281.043,8124,3,138,4406.19,4406.27,8.0,PASS_<=10c,+0.0,FLAT,+0.0,+69.0,4.2,+0.00,0.00,SLOW,4405.50,4406.54,4403.14,4406.23,0.00,0.00,0.0,BEARISH,340.0,4406.19,4406.19,4406.19,4406.19,1,ACTIVE_1s,1.0,0.0,0.0,0.0,0.0,0.0,0.0,PASS_<20%,0.00,0.0,NO,STANDBY_VEL_LOW,1,1321.86,3268.14,132.45,FALSE,M1_DIRECTION_MISMATCH|OPENING_SHIELD_ACTIVE_1s
2026-09-07 20:18:01.543,1788812281.544,8125,4,139,4406.19,4406.27,8.0,PASS_<=10c,+0.0,FLAT,+0.0,+69.0,4.2,+0.00,0.00,SLOW,4405.50,4406.54,4403.14,4406.23,0.00,0.00,0.0,BEARISH,340.0,4406.19,4406.19,4406.19,4406.19,1,ACTIVE_1s,1.0,0.0,0.0,0.0,0.0,0.0,0.0,PASS_<20%,0.00,0.0,NO,STANDBY_VEL_LOW,1,1321.86,3268.14,132.45,FALSE,M1_DIRECTION_MISMATCH|OPENING_SHIELD_ACTIVE_1s
2026-09-07 20:18:02.043,1788812282.044,8126,5,140,4406.19,4406.27,8.0,PASS_<=10c,+0.0,FLAT,+0.0,+69.0,4.2,+0.00,0.00,SLOW,4405.50,4406.54,4403.14,4406.23,0.00,0.00,0.0,BEARISH,340.0,4406.19,4406.19,4406.19,4406.19,2,ACTIVE_2s,1.0,0.0,0.0,0.0,0.0,0.0,0.0,PASS_<20%,0.00,0.0,NO,STANDBY_VEL_LOW,1,1321.86,3268.14,132.45,FALSE,M1_DIRECTION_MISMATCH|OPENING_SHIELD_ACTIVE_2s
2026-09-07 20:18:02.544,1788812282.545,8127,6,141,4406.19,4406.27,8.0,PASS_<=10c,+0.0,FLAT,+0.0,+69.0,4.2,+0.00,0.00,SLOW,4405.50,4406.54,4403.14,4406.23,0.00,0.00,0.0,BEARISH,340.0,4406.19,4406.19,4406.19,4406.19,2,ACTIVE_2s,1.0,0.0,0.0,0.0,0.0,0.0,0.0,PASS_<20%,0.00,0.0,NO,STANDBY_VEL_LOW,1,1321.86,3268.14,132.45,FALSE,M1_DIRECTION_MISMATCH|OPENING_SHIELD_ACTIVE_2s
2026-09-07 20:18:03.046,1788812283.046,8128,7,142,4406.19,4406.27,8.0,PASS_<=10c,+0.0,FLAT,+0.0,+69.0,4.2,+0.00,0.00,SLOW,4405.50,4406.54,4403.14,4406.23,0.00,0.00,0.0,BEARISH,340.0,4406.19,4406.19,4406.19,4406.19,3,ACTIVE_3s,1.0,0.0,0.0,0.0,0.0,0.0,0.0,PASS_<20%,0.00,0.0,NO,STANDBY_VEL_LOW,1,1321.86,3268.14,132.45,FALSE,M1_DIRECTION_MISMATCH|OPENING_SHIELD_ACTIVE_3s
2026-09-07 20:18:03.548,1788812283.549,8129,8,143,4406.19,4406.27,8.0,PASS_<=10c,+0.0,FLAT,+0.0,+69.0,4.2,+0.00,0.00,SLOW,4405.50,4406.54,4403.14,4406.23,0.00,0.00,0.0,BEARISH,340.0,4406.19,4406.19,4406.19,4406.19,3,ACTIVE_3s,1.0,0.0,0.0,0.0,0.0,0.0,0.0,PASS_<20%,0.00,0.0,NO,STANDBY_VEL_LOW,1,1321.86,3268.14,132.45,FALSE,M1_DIRECTION_MISMATCH|OPENING_SHIELD_ACTIVE_3s
2026-09-07 20:18:09.064,1788812289.065,8130,9,144,4406.19,4406.27,8.0,PASS_<=10c,+0.0,FLAT,+0.0,+69.0,1.6,+0.00,0.00,SLOW,4405.50,4406.54,4403.14,4406.23,0.00,0.00,0.0,BEARISH,340.0,4406.19,4406.19,4406.19,4406.19,9,ACTIVE_9s,1.0,0.0,0.0,0.0,0.0,0.0,0.0,PASS_<20%,0.00,0.0,NO,STANDBY_VEL_LOW,1,1321.86,3268.14,132.45,FALSE,M1_DIRECTION_MISMATCH|OPENING_SHIELD_ACTIVE_9s
2026-09-07 20:18:19.301,1788812299.302,8131,10,145,4406.19,4406.27,8.0,PASS_<=10c,+0.0,FLAT,+0.0,+69.0,1.3,+0.00,0.00,SLOW,4405.50,4406.54,4403.14,4406.23,0.00,0.00,0.0,BEARISH,340.0,4406.19,4406.19,4406.19,4406.19,19,ACTIVE_19s,1.0,0.0,0.0,0.0,0.0,0.0,0.0,PASS_<20%,0.00,0.0,NO,STANDBY_VEL_LOW,1,1321.86,3268.14,132.45,FALSE,M1_DIRECTION_MISMATCH|OPENING_SHIELD_ACTIVE_19s
2026-09-07 20:18:20.912,1788812300.912,8132,11,146,4406.19,4406.27,8.0,PASS_<=10c,+0.0,FLAT,+0.0,+69.0,1.9,+0.00,0.00,SLOW,4405.50,4406.54,4403.14,4406.23,0.00,0.00,0.0,BEARISH,340.0,4406.19,4406.19,4406.19,4406.19,20,CLEARED_>=20s,1.0,0.0,0.0,0.0,0.0,0.0,0.0,PASS_<20%,0.00,0.0,NO,STANDBY_VEL_LOW,1,1321.86,3268.14,132.45,FALSE,M1_DIRECTION_MISMATCH
2026-09-07 20:18:21.415,1788812301.415,8133,12,147,4406.19,4406.27,8.0,PASS_<=10c,+0.0,FLAT,+0.0,+69.0,2.4,+0.00,0.00,SLOW,4405.50,4406.54,4403.14,4406.23,0.00,0.00,0.0,BEARISH,340.0,4406.19,4406.19,4406.19,4406.19,21,CLEARED_>=20s,1.0,0.0,0.0,0.0,0.0,0.0,0.0,PASS_<20%,0.00,0.0,NO,STANDBY_VEL_LOW,1,1321.86,3268.14,132.45,FALSE,M1_DIRECTION_MISMATCH
2026-09-07 20:18:21.915,1788812301.916,8134,13,148,4406.19,4406.27,8.0,PASS_<=10c,+0.0,FLAT,+0.0,+69.0,2.7,+0.00,0.00,SLOW,4405.50,4406.54,4403.14,4406.23,0.00,0.00,0.0,BEARISH,340.0,4406.19,4406.19,4406.19,4406.19,21,CLEARED_>=20s,1.0,0.0,0.0,0.0,0.0,0.0,0.0,PASS_<20%,0.00,0.0,NO,STANDBY_VEL_LOW,1,1321.86,3268.14,132.45,FALSE,M1_DIRECTION_MISMATCH
2026-09-07 20:18:22.417,1788812302.417,8135,14,149,4406.19,4406.27,8.0,PASS_<=10c,+0.0,FLAT,+0.0,+69.0,2.9,+0.00,0.00,SLOW,4405.50,4406.54,4403.14,4406.23,0.00,0.00,0.0,BEARISH,340.0,4406.19,4406.19,4406.19,4406.19,22,CLEARED_>=20s,1.0,0.0,0.0,0.0,0.0,0.0,0.0,PASS_<20%,0.00,0.0,NO,STANDBY_VEL_LOW,1,1321.86,3268.14,132.45,FALSE,M1_DIRECTION_MISMATCH
2026-09-07 20:18:22.919,1788812302.919,8136,15,150,4406.19,4406.27,8.0,PASS_<=10c,+0.0,FLAT,+0.0,+69.0,3.0,+0.00,0.00,SLOW,4405.50,4406.54,4403.14,4406.23,0.00,0.00,0.0,BEARISH,340.0,4406.19,4406.19,4406.19,4406.19,22,CLEARED_>=20s,1.0,0.0,0.0,0.0,0.0,0.0,0.0,PASS_<20%,0.00,0.0,NO,STANDBY_VEL_LOW,1,1321.86,3268.14,132.45,FALSE,M1_DIRECTION_MISMATCH
2026-09-07 20:18:23.421,1788812303.421,8137,16,151,4406.19,4406.27,8.0,PASS_<=10c,+0.0,FLAT,+0.0,+69.0,3.2,+0.00,0.00,SLOW,4405.50,4406.54,4403.14,4406.23,0.00,0.00,0.0,BEARISH,340.0,4406.19,4406.19,4406.19,4406.19,23,CLEARED_>=20s,1.0,0.0,0.0,0.0,0.0,0.0,0.0,PASS_<20%,0.00,0.0,NO,STANDBY_VEL_LOW,1,1321.86,3268.14,132.45,FALSE,M1_DIRECTION_MISMATCH
2026-09-07 20:18:23.923,1788812303.923,8138,17,152,4406.19,4406.27,8.0,PASS_<=10c,+0.0,FLAT,+0.0,+69.0,3.2,+0.00,0.00,SLOW,4405.50,4406.54,4403.14,4406.23,0.00,0.00,0.0,BEARISH,340.0,4406.19,4406.19,4406.19,4406.19,23,CLEARED_>=20s,1.0,0.0,0.0,0.0,0.0,0.0,0.0,PASS_<20%,0.00,0.0,NO,STANDBY_VEL_LOW,1,1321.86,3268.14,132.45,FALSE,M1_DIRECTION_MISMATCH
2026-09-07 20:18:24.424,1788812304.424,8139,18,153,4406.19,4406.27,8.0,PASS_<=10c,+0.0,FLAT,+0.0,+69.0,4.4,+0.00,0.00,SLOW,4405.50,4406.54,4403.14,4406.23,0.00,0.00,0.0,BEARISH,340.0,4406.19,4406.19,4406.19,4406.19,24,CLEARED_>=20s,1.0,0.0,0.0,0.0,0.0,0.0,0.0,PASS_<20%,0.00,0.0,NO,STANDBY_VEL_LOW,1,1321.86,3268.14,132.45,FALSE,M1_DIRECTION_MISMATCH
2026-09-07 20:18:24.925,1788812304.926,8140,19,154,4406.19,4406.27,8.0,PASS_<=10c,+0.0,FLAT,+0.0,+69.0,4.4,+0.00,0.00,SLOW,4405.50,4406.54,4403.14,4406.23,0.00,0.00,0.0,BEARISH,340.0,4406.19,4406.19,4406.19,4406.19,24,CLEARED_>=20s,1.0,0.0,0.0,0.0,0.0,0.0,0.0,PASS_<20%,0.00,0.0,NO,STANDBY_VEL_LOW,1,1321.86,3268.14,132.45,FALSE,M1_DIRECTION_MISMATCH
2026-09-07 20:18:25.427,1788812305.428,8141,20,155,4406.19,4406.27,8.0,PASS_<=10c,+0.0,FLAT,+0.0,+69.0,4.3,+0.00,0.00,SLOW,4405.50,4406.54,4403.14,4406.23,0.00,0.00,0.0,BEARISH,340.0,4406.19,4406.19,4406.19,4406.19,25,CLEARED_>=20s,1.0,0.0,0.0,0.0,0.0,0.0,0.0,PASS_<20%,0.00,0.0,NO,STANDBY_VEL_LOW,1,1321.86,3268.14,132.45,FALSE,M1_DIRECTION_MISMATCH
2026-09-07 20:18:25.929,1788812305.930,8142,21,156,4406.19,4406.27,8.0,PASS_<=10c,+0.0,FLAT,+0.0,+69.0,4.2,+0.00,0.00,SLOW,4405.50,4406.54,4403.14,4406.23,0.00,0.00,0.0,BEARISH,340.0,4406.19,4406.19,4406.19,4406.19,25,CLEARED_>=20s,1.0,0.0,0.0,0.0,0.0,0.0,0.0,PASS_<20%,0.00,0.0,NO,STANDBY_VEL_LOW,1,1321.86,3268.14,132.45,FALSE,M1_DIRECTION_MISMATCH
2026-09-07 20:18:26.431,1788812306.431,8143,22,157,4406.19,4406.27,8.0,PASS_<=10c,+0.0,FLAT,+0.0,+69.0,4.2,+0.00,0.00,SLOW,4405.50,4406.54,4403.14,4406.23,0.00,0.00,0.0,BEARISH,340.0,4406.19,4406.19,4406.19,4406.19,26,CLEARED_>=20s,1.0,0.0,0.0,0.0,0.0,0.0,0.0,PASS_<20%,0.00,0.0,NO,STANDBY_VEL_LOW,1,1321.86,3268.14,132.45,FALSE,M1_DIRECTION_MISMATCH
2026-09-07 20:18:26.933,1788812306.933,8144,23,158,4406.19,4406.27,8.0,PASS_<=10c,+0.0,FLAT,+0.0,+69.0,4.2,+0.00,0.00,SLOW,4405.50,4406.54,4403.14,4406.23,0.00,0.00,0.0,BEARISH,340.0,4406.19,4406.19,4406.19,4406.19,26,CLEARED_>=20s,1.0,0.0,0.0,0.0,0.0,0.0,0.0,PASS_<20%,0.00,0.0,NO,STANDBY_VEL_LOW,1,1321.86,3268.14,132.45,FALSE,M1_DIRECTION_MISMATCH
2026-09-07 20:18:27.435,1788812307.436,8145,24,159,4406.19,4406.27,8.0,PASS_<=10c,+0.0,FLAT,+0.0,+69.0,4.2,+0.00,0.00,SLOW,4405.50,4406.54,4403.14,4406.23,0.00,0.00,0.0,BEARISH,340.0,4406.19,4406.19,4406.19,4406.19,27,CLEARED_>=20s,1.0,0.0,0.0,0.0,0.0,0.0,0.0,PASS_<20%,0.00,0.0,NO,STANDBY_VEL_LOW,1,1321.86,3268.14,132.45,FALSE,M1_DIRECTION_MISMATCH
2026-09-07 20:18:27.937,1788812307.937,8146,25,160,4406.19,4406.27,8.0,PASS_<=10c,+0.0,FLAT,+0.0,+69.0,4.2,+0.00,0.00,SLOW,4405.50,4406.54,4403.14,4406.23,0.00,0.00,0.0,BEARISH,340.0,4406.19,4406.19,4406.19,4406.19,27,CLEARED_>=20s,1.0,0.0,0.0,0.0,0.0,0.0,0.0,PASS_<20%,0.00,0.0,NO,STANDBY_VEL_LOW,1,1321.86,3268.14,132.45,FALSE,M1_DIRECTION_MISMATCH
2026-09-07 20:18:28.438,1788812308.438,8147,26,161,4406.19,4406.27,8.0,PASS_<=10c,+0.0,FLAT,+0.0,+69.0,4.2,+0.00,0.00,SLOW,4405.50,4406.54,4403.14,4406.23,0.00,0.00,0.0,BEARISH,340.0,4406.19,4406.19,4406.19,4406.19,28,CLEARED_>=20s,1.0,0.0,0.0,0.0,0.0,0.0,0.0,PASS_<20%,0.00,0.0,NO,STANDBY_VEL_LOW,1,1321.86,3268.14,132.45,FALSE,M1_DIRECTION_MISMATCH
2026-09-07 20:18:33.953,1788812313.953,8148,27,162,4406.19,4406.27,8.0,PASS_<=10c,+0.0,FLAT,+0.0,+69.0,1.6,+0.00,0.00,SLOW,4405.50,4406.54,4403.14,4406.23,0.00,0.00,0.0,BEARISH,340.0,4406.19,4406.19,4406.19,4406.19,33,CLEARED_>=20s,1.0,0.0,0.0,0.0,0.0,0.0,0.0,PASS_<20%,0.00,0.0,NO,STANDBY_VEL_LOW,1,1321.86,3268.14,132.45,FALSE,M1_DIRECTION_MISMATCH
2026-09-07 20:18:44.192,1788812324.192,8149,28,163,4406.19,4406.27,8.0,PASS_<=10c,+0.0,FLAT,+0.0,+69.0,1.3,+0.00,0.00,SLOW,4405.50,4406.54,4403.14,4406.23,0.00,0.00,0.0,BEARISH,340.0,4406.19,4406.19,4406.19,4406.19,44,CLEARED_>=20s,1.0,0.0,0.0,0.0,0.0,0.0,0.0,PASS_<20%,0.00,0.0,NO,STANDBY_VEL_LOW,1,1321.86,3268.14,132.45,FALSE,M1_DIRECTION_MISMATCH
2026-09-07 20:18:45.801,1788812325.801,8150,29,164,4406.19,4406.27,8.0,PASS_<=10c,+0.0,FLAT,+0.0,+69.0,1.9,+0.00,0.00,SLOW,4405.50,4406.54,4403.14,4406.23,0.00,0.00,0.0,BEARISH,340.0,4406.19,4406.19,4406.19,4406.19,45,CLEARED_>=20s,1.0,0.0,0.0,0.0,0.0,0.0,0.0,PASS_<20%,0.00,0.0,NO,STANDBY_VEL_LOW,1,1321.86,3268.14,132.45,FALSE,M1_DIRECTION_MISMATCH
2026-09-07 20:18:46.306,1788812326.307,8151,30,165,4406.19,4406.27,8.0,PASS_<=10c,+0.0,FLAT,+0.0,+69.0,2.4,+0.00,0.00,SLOW,4405.50,4406.54,4403.14,4406.23,0.00,0.00,0.0,BEARISH,340.0,4406.19,4406.19,4406.19,4406.19,46,CLEARED_>=20s,1.0,0.0,0.0,0.0,0.0,0.0,0.0,PASS_<20%,0.00,0.0,NO,STANDBY_VEL_LOW,1,1321.86,3268.14,132.45,FALSE,M1_DIRECTION_MISMATCH
2026-09-07 20:18:46.811,1788812326.812,8152,31,166,4406.19,4406.27,8.0,PASS_<=10c,+0.0,FLAT,+0.0,+69.0,2.7,+0.00,0.00,SLOW,4405.50,4406.54,4403.14,4406.23,0.00,0.00,0.0,BEARISH,340.0,4406.19,4406.19,4406.19,4406.19,46,CLEARED_>=20s,1.0,0.0,0.0,0.0,0.0,0.0,0.0,PASS_<20%,0.00,0.0,NO,STANDBY_VEL_LOW,1,1321.86,3268.14,132.45,FALSE,M1_DIRECTION_MISMATCH
2026-09-07 20:18:47.312,1788812327.313,8153,32,167,4406.19,4406.27,8.0,PASS_<=10c,+0.0,FLAT,+0.0,+69.0,2.9,+0.00,0.00,SLOW,4405.50,4406.54,4403.14,4406.23,0.00,0.00,0.0,BEARISH,340.0,4406.19,4406.19,4406.19,4406.19,47,CLEARED_>=20s,1.0,0.0,0.0,0.0,0.0,0.0,0.0,PASS_<20%,0.00,0.0,NO,STANDBY_VEL_LOW,1,1321.86,3268.14,132.45,FALSE,M1_DIRECTION_MISMATCH
2026-09-07 20:18:47.814,1788812327.815,8154,33,168,4406.19,4406.27,8.0,PASS_<=10c,+0.0,FLAT,+0.0,+69.0,3.0,+0.00,0.00,SLOW,4405.50,4406.54,4403.14,4406.23,0.00,0.00,0.0,BEARISH,340.0,4406.19,4406.19,4406.19,4406.19,47,CLEARED_>=20s,1.0,0.0,0.0,0.0,0.0,0.0,0.0,PASS_<20%,0.00,0.0,NO,STANDBY_VEL_LOW,1,1321.86,3268.14,132.45,FALSE,M1_DIRECTION_MISMATCH
2026-09-07 20:18:48.315,1788812328.316,8155,34,169,4406.19,4406.27,8.0,PASS_<=10c,+0.0,FLAT,+0.0,+69.0,3.2,+0.00,0.00,SLOW,4405.50,4406.54,4403.14,4406.23,0.00,0.00,0.0,BEARISH,340.0,4406.19,4406.19,4406.19,4406.19,48,CLEARED_>=20s,1.0,0.0,0.0,0.0,0.0,0.0,0.0,PASS_<20%,0.00,0.0,NO,STANDBY_VEL_LOW,1,1321.86,3268.14,132.45,FALSE,M1_DIRECTION_MISMATCH
2026-09-07 20:18:48.816,1788812328.817,8156,35,170,4406.19,4406.27,8.0,PASS_<=10c,+0.0,FLAT,+0.0,+69.0,3.2,+0.00,0.00,SLOW,4405.50,4406.54,4403.14,4406.23,0.00,0.00,0.0,BEARISH,340.0,4406.19,4406.19,4406.19,4406.19,48,CLEARED_>=20s,1.0,0.0,0.0,0.0,0.0,0.0,0.0,PASS_<20%,0.00,0.0,NO,STANDBY_VEL_LOW,1,1321.86,3268.14,132.45,FALSE,M1_DIRECTION_MISMATCH
2026-09-07 20:18:49.318,1788812329.319,8157,36,171,4406.19,4406.27,8.0,PASS_<=10c,+0.0,FLAT,+0.0,+69.0,4.4,+0.00,0.00,SLOW,4405.50,4406.54,4403.14,4406.23,0.00,0.00,0.0,BEARISH,340.0,4406.19,4406.19,4406.19,4406.19,49,CLEARED_>=20s,1.0,0.0,0.0,0.0,0.0,0.0,0.0,PASS_<20%,0.00,0.0,NO,STANDBY_VEL_LOW,1,1321.86,3268.14,132.45,FALSE,M1_DIRECTION_MISMATCH
2026-09-07 20:18:49.820,1788812329.820,8158,37,172,4406.19,4406.27,8.0,PASS_<=10c,+0.0,FLAT,+0.0,+69.0,4.4,+0.00,0.00,SLOW,4405.50,4406.54,4403.14,4406.23,0.00,0.00,0.0,BEARISH,340.0,4406.19,4406.19,4406.19,4406.19,49,CLEARED_>=20s,1.0,0.0,0.0,0.0,0.0,0.0,0.0,PASS_<20%,0.00,0.0,NO,STANDBY_VEL_LOW,1,1321.86,3268.14,132.45,FALSE,M1_DIRECTION_MISMATCH
2026-09-07 20:18:50.322,1788812330.322,8159,38,173,4406.19,4406.27,8.0,PASS_<=10c,+0.0,FLAT,+0.0,+69.0,4.3,+0.00,0.00,SLOW,4405.50,4406.54,4403.14,4406.23,0.00,0.00,0.0,BEARISH,340.0,4406.19,4406.19,4406.19,4406.19,50,CLEARED_>=20s,1.0,0.0,0.0,0.0,0.0,0.0,0.0,PASS_<20%,0.00,0.0,NO,STANDBY_VEL_LOW,1,1321.86,3268.14,132.45,FALSE,M1_DIRECTION_MISMATCH
2026-09-07 20:18:50.825,1788812330.825,8160,39,174,4406.19,4406.27,8.0,PASS_<=10c,+0.0,FLAT,+0.0,+69.0,4.2,+0.00,0.00,SLOW,4405.50,4406.54,4403.14,4406.23,0.00,0.00,0.0,BEARISH,340.0,4406.19,4406.19,4406.19,4406.19,50,CLEARED_>=20s,1.0,0.0,0.0,0.0,0.0,0.0,0.0,PASS_<20%,0.00,0.0,NO,STANDBY_VEL_LOW,1,1321.86,3268.14,132.45,FALSE,M1_DIRECTION_MISMATCH
2026-09-07 20:18:51.326,1788812331.326,8161,40,175,4406.19,4406.27,8.0,PASS_<=10c,+0.0,FLAT,+0.0,+69.0,4.2,+0.00,0.00,SLOW,4405.50,4406.54,4403.14,4406.23,0.00,0.00,0.0,BEARISH,340.0,4406.19,4406.19,4406.19,4406.19,51,CLEARED_>=20s,1.0,0.0,0.0,0.0,0.0,0.0,0.0,PASS_<20%,0.00,0.0,NO,STANDBY_VEL_LOW,1,1321.86,3268.14,132.45,FALSE,M1_DIRECTION_MISMATCH
2026-09-07 20:18:51.831,1788812331.832,8162,41,176,4406.19,4406.27,8.0,PASS_<=10c,+0.0,FLAT,+0.0,+69.0,4.2,+0.00,0.00,SLOW,4405.50,4406.54,4403.14,4406.23,0.00,0.00,0.0,BEARISH,340.0,4406.19,4406.19,4406.19,4406.19,51,CLEARED_>=20s,1.0,0.0,0.0,0.0,0.0,0.0,0.0,PASS_<20%,0.00,0.0,NO,STANDBY_VEL_LOW,1,1321.86,3268.14,132.45,FALSE,M1_DIRECTION_MISMATCH
2026-09-07 20:18:52.329,1788812332.329,8163,42,177,4406.19,4406.27,8.0,PASS_<=10c,+0.0,FLAT,+0.0,+69.0,4.2,+0.00,0.00,SLOW,4405.50,4406.54,4403.14,4406.23,0.00,0.00,0.0,BEARISH,340.0,4406.19,4406.19,4406.19,4406.19,52,CLEARED_>=20s,1.0,0.0,0.0,0.0,0.0,0.0,0.0,PASS_<20%,0.00,0.0,NO,STANDBY_VEL_LOW,1,1321.86,3268.14,132.45,FALSE,M1_DIRECTION_MISMATCH
2026-09-07 20:18:52.831,1788812332.832,8164,43,178,4406.19,4406.27,8.0,PASS_<=10c,+0.0,FLAT,+0.0,+69.0,4.2,+0.00,0.00,SLOW,4405.50,4406.54,4403.14,4406.23,0.00,0.00,0.0,BEARISH,340.0,4406.19,4406.19,4406.19,4406.19,52,CLEARED_>=20s,1.0,0.0,0.0,0.0,0.0,0.0,0.0,PASS_<20%,0.00,0.0,NO,STANDBY_VEL_LOW,1,1321.86,3268.14,132.45,FALSE,M1_DIRECTION_MISMATCH
2026-09-07 20:18:53.333,1788812333.333,8165,44,179,4406.19,4406.27,8.0,PASS_<=10c,+0.0,FLAT,+0.0,+69.0,4.2,+0.00,0.00,SLOW,4405.50,4406.54,4403.14,4406.23,0.00,0.00,0.0,BEARISH,340.0,4406.19,4406.19,4406.19,4406.19,53,CLEARED_>=20s,1.0,0.0,0.0,0.0,0.0,0.0,0.0,PASS_<20%,0.00,0.0,NO,STANDBY_VEL_LOW,1,1321.86,3268.14,132.45,FALSE,M1_DIRECTION_MISMATCH
2026-09-07 20:18:58.849,1788812338.849,8166,45,180,4406.19,4406.27,8.0,PASS_<=10c,+0.0,FLAT,+0.0,+69.0,1.6,+0.00,0.00,SLOW,4405.50,4406.54,4403.14,4406.23,0.00,0.00,0.0,BEARISH,340.0,4406.19,4406.19,4406.19,4406.19,58,CLEARED_>=20s,1.0,0.0,0.0,0.0,0.0,0.0,0.0,PASS_<20%,0.00,0.0,NO,STANDBY_VEL_LOW,1,1321.86,3268.14,132.45,FALSE,M1_DIRECTION_MISMATCH
2026-09-07 20:19:09.084,1788812349.085,8167,1,181,4406.19,4406.27,8.0,PASS_<=10c,+0.0,FLAT,+0.0,+69.0,1.3,+0.00,0.00,SLOW,4405.50,4406.54,4403.14,4406.23,0.00,0.00,0.0,BEARISH,340.0,4406.19,4406.19,4406.19,4406.19,9,ACTIVE_9s,1.0,0.0,0.0,0.0,0.0,0.0,0.0,PASS_<20%,0.00,0.0,NO,STANDBY_VEL_LOW,1,1321.86,3268.14,132.45,FALSE,M1_DIRECTION_MISMATCH|OPENING_SHIELD_ACTIVE_9s
2026-09-07 20:19:10.696,1788812350.697,8168,2,182,4406.19,4406.27,8.0,PASS_<=10c,+0.0,FLAT,+0.0,+69.0,1.9,+0.00,0.00,SLOW,4405.50,4406.54,4403.14,4406.23,0.00,0.00,0.0,BEARISH,340.0,4406.19,4406.19,4406.19,4406.19,10,ACTIVE_10s,1.0,0.0,0.0,0.0,0.0,0.0,0.0,PASS_<20%,0.00,0.0,NO,STANDBY_VEL_LOW,1,1321.86,3268.14,132.45,FALSE,M1_DIRECTION_MISMATCH|OPENING_SHIELD_ACTIVE_10s
2026-09-07 20:19:11.198,1788812351.198,8169,3,183,4406.19,4406.27,8.0,PASS_<=10c,+0.0,FLAT,+0.0,+69.0,2.4,+0.00,0.00,SLOW,4405.50,4406.54,4403.14,4406.23,0.00,0.00,0.0,BEARISH,340.0,4406.19,4406.19,4406.19,4406.19,11,ACTIVE_11s,1.0,0.0,0.0,0.0,0.0,0.0,0.0,PASS_<20%,0.00,0.0,NO,STANDBY_VEL_LOW,1,1321.86,3268.14,132.45,FALSE,M1_DIRECTION_MISMATCH|OPENING_SHIELD_ACTIVE_11s
2026-09-07 20:19:11.699,1788812351.700,8170,4,184,4406.19,4406.27,8.0,PASS_<=10c,+0.0,FLAT,+0.0,+69.0,2.7,+0.00,0.00,SLOW,4405.50,4406.54,4403.14,4406.23,0.00,0.00,0.0,BEARISH,340.0,4406.19,4406.19,4406.19,4406.19,11,ACTIVE_11s,1.0,0.0,0.0,0.0,0.0,0.0,0.0,PASS_<20%,0.00,0.0,NO,STANDBY_VEL_LOW,1,1321.86,3268.14,132.45,FALSE,M1_DIRECTION_MISMATCH|OPENING_SHIELD_ACTIVE_11s
2026-09-07 20:19:12.202,1788812352.202,8171,5,185,4406.19,4406.27,8.0,PASS_<=10c,+0.0,FLAT,+0.0,+69.0,2.9,+0.00,0.00,SLOW,4405.50,4406.54,4403.14,4406.23,0.00,0.00,0.0,BEARISH,340.0,4406.19,4406.19,4406.19,4406.19,12,ACTIVE_12s,1.0,0.0,0.0,0.0,0.0,0.0,0.0,PASS_<20%,0.00,0.0,NO,STANDBY_VEL_LOW,1,1321.86,3268.14,132.45,FALSE,M1_DIRECTION_MISMATCH|OPENING_SHIELD_ACTIVE_12s
2026-09-07 20:19:12.705,1788812352.705,8172,6,186,4406.19,4406.27,8.0,PASS_<=10c,+0.0,FLAT,+0.0,+69.0,3.0,+0.00,0.00,SLOW,4405.50,4406.54,4403.14,4406.23,0.00,0.00,0.0,BEARISH,340.0,4406.19,4406.19,4406.19,4406.19,12,ACTIVE_12s,1.0,0.0,0.0,0.0,0.0,0.0,0.0,PASS_<20%,0.00,0.0,NO,STANDBY_VEL_LOW,1,1321.86,3268.14,132.45,FALSE,M1_DIRECTION_MISMATCH|OPENING_SHIELD_ACTIVE_12s
2026-09-07 20:19:13.206,1788812353.206,8173,7,187,4406.19,4406.27,8.0,PASS_<=10c,+0.0,FLAT,+0.0,+69.0,3.2,+0.00,0.00,SLOW,4405.50,4406.54,4403.14,4406.23,0.00,0.00,0.0,BEARISH,340.0,4406.19,4406.19,4406.19,4406.19,13,ACTIVE_13s,1.0,0.0,0.0,0.0,0.0,0.0,0.0,PASS_<20%,0.00,0.0,NO,STANDBY_VEL_LOW,1,1321.86,3268.14,132.45,FALSE,M1_DIRECTION_MISMATCH|OPENING_SHIELD_ACTIVE_13s
2026-09-07 20:19:13.707,1788812353.708,8174,8,188,4406.19,4406.27,8.0,PASS_<=10c,+0.0,FLAT,+0.0,+69.0,3.2,+0.00,0.00,SLOW,4405.50,4406.54,4403.14,4406.23,0.00,0.00,0.0,BEARISH,340.0,4406.19,4406.19,4406.19,4406.19,13,ACTIVE_13s,1.0,0.0,0.0,0.0,0.0,0.0,0.0,PASS_<20%,0.00,0.0,NO,STANDBY_VEL_LOW,1,1321.86,3268.14,132.45,FALSE,M1_DIRECTION_MISMATCH|OPENING_SHIELD_ACTIVE_13s
2026-09-07 20:19:14.209,1788812354.210,8175,9,189,4406.19,4406.27,8.0,PASS_<=10c,+0.0,FLAT,+0.0,+69.0,4.4,+0.00,0.00,SLOW,4405.50,4406.54,4403.14,4406.23,0.00,0.00,0.0,BEARISH,340.0,4406.19,4406.19,4406.19,4406.19,14,ACTIVE_14s,1.0,0.0,0.0,0.0,0.0,0.0,0.0,PASS_<20%,0.00,0.0,NO,STANDBY_VEL_LOW,1,1321.86,3268.14,132.45,FALSE,M1_DIRECTION_MISMATCH|OPENING_SHIELD_ACTIVE_14s
2026-09-07 20:19:14.711,1788812354.712,8176,10,190,4406.19,4406.27,8.0,PASS_<=10c,+0.0,FLAT,+0.0,+69.0,4.4,+0.00,0.00,SLOW,4405.50,4406.54,4403.14,4406.23,0.00,0.00,0.0,BEARISH,340.0,4406.19,4406.19,4406.19,4406.19,14,ACTIVE_14s,1.0,0.0,0.0,0.0,0.0,0.0,0.0,PASS_<20%,0.00,0.0,NO,STANDBY_VEL_LOW,1,1321.86,3268.14,132.45,FALSE,M1_DIRECTION_MISMATCH|OPENING_SHIELD_ACTIVE_14s
2026-09-07 20:19:15.213,1788812355.214,8177,11,191,4406.19,4406.27,8.0,PASS_<=10c,+0.0,FLAT,+0.0,+69.0,4.3,+0.00,0.00,SLOW,4405.50,4406.54,4403.14,4406.23,0.00,0.00,0.0,BEARISH,340.0,4406.19,4406.19,4406.19,4406.19,15,ACTIVE_15s,1.0,0.0,0.0,0.0,0.0,0.0,0.0,PASS_<20%,0.00,0.0,NO,STANDBY_VEL_LOW,1,1321.86,3268.14,132.45,FALSE,M1_DIRECTION_MISMATCH|OPENING_SHIELD_ACTIVE_15s
2026-09-07 20:19:15.715,1788812355.715,8178,12,192,4406.19,4406.27,8.0,PASS_<=10c,+0.0,FLAT,+0.0,+69.0,4.2,+0.00,0.00,SLOW,4405.50,4406.54,4403.14,4406.23,0.00,0.00,0.0,BEARISH,340.0,4406.19,4406.19,4406.19,4406.19,15,ACTIVE_15s,1.0,0.0,0.0,0.0,0.0,0.0,0.0,PASS_<20%,0.00,0.0,NO,STANDBY_VEL_LOW,1,1321.86,3268.14,132.45,FALSE,M1_DIRECTION_MISMATCH|OPENING_SHIELD_ACTIVE_15s
2026-09-07 20:19:16.216,1788812356.216,8179,13,193,4406.19,4406.27,8.0,PASS_<=10c,+0.0,FLAT,+0.0,+69.0,4.2,+0.00,0.00,SLOW,4405.50,4406.54,4403.14,4406.23,0.00,0.00,0.0,BEARISH,340.0,4406.19,4406.19,4406.19,4406.19,16,ACTIVE_16s,1.0,0.0,0.0,0.0,0.0,0.0,0.0,PASS_<20%,0.00,0.0,NO,STANDBY_VEL_LOW,1,1321.86,3268.14,132.45,FALSE,M1_DIRECTION_MISMATCH|OPENING_SHIELD_ACTIVE_16s
2026-09-07 20:19:16.719,1788812356.719,8180,14,194,4406.19,4406.27,8.0,PASS_<=10c,+0.0,FLAT,+0.0,+69.0,4.2,+0.00,0.00,SLOW,4405.50,4406.54,4403.14,4406.23,0.00,0.00,0.0,BEARISH,340.0,4406.19,4406.19,4406.19,4406.19,16,ACTIVE_16s,1.0,0.0,0.0,0.0,0.0,0.0,0.0,PASS_<20%,0.00,0.0,NO,STANDBY_VEL_LOW,1,1321.86,3268.14,132.45,FALSE,M1_DIRECTION_MISMATCH|OPENING_SHIELD_ACTIVE_16s
2026-09-07 20:19:17.219,1788812357.220,8181,15,195,4406.19,4406.27,8.0,PASS_<=10c,+0.0,FLAT,+0.0,+69.0,4.2,+0.00,0.00,SLOW,4405.50,4406.54,4403.14,4406.23,0.00,0.00,0.0,BEARISH,340.0,4406.19,4406.19,4406.19,4406.19,17,ACTIVE_17s,1.0,0.0,0.0,0.0,0.0,0.0,0.0,PASS_<20%,0.00,0.0,NO,STANDBY_VEL_LOW,1,1321.86,3268.14,132.45,FALSE,M1_DIRECTION_MISMATCH|OPENING_SHIELD_ACTIVE_17s
2026-09-07 20:19:17.722,1788812357.722,8182,16,196,4406.19,4406.27,8.0,PASS_<=10c,+0.0,FLAT,+0.0,+69.0,4.2,+0.00,0.00,SLOW,4405.50,4406.54,4403.14,4406.23,0.00,0.00,0.0,BEARISH,340.0,4406.19,4406.19,4406.19,4406.19,17,ACTIVE_17s,1.0,0.0,0.0,0.0,0.0,0.0,0.0,PASS_<20%,0.00,0.0,NO,STANDBY_VEL_LOW,1,1321.86,3268.14,132.45,FALSE,M1_DIRECTION_MISMATCH|OPENING_SHIELD_ACTIVE_17s
2026-09-07 20:19:18.222,1788812358.223,8183,17,197,4406.19,4406.27,8.0,PASS_<=10c,+0.0,FLAT,+0.0,+69.0,4.2,+0.00,0.00,SLOW,4405.50,4406.54,4403.14,4406.23,0.00,0.00,0.0,BEARISH,340.0,4406.19,4406.19,4406.19,4406.19,18,ACTIVE_18s,1.0,0.0,0.0,0.0,0.0,0.0,0.0,PASS_<20%,0.00,0.0,NO,STANDBY_VEL_LOW,1,1321.86,3268.14,132.45,FALSE,M1_DIRECTION_MISMATCH|OPENING_SHIELD_ACTIVE_18s
2026-09-07 20:19:23.739,1788812363.739,8184,18,198,4406.19,4406.27,8.0,PASS_<=10c,+0.0,FLAT,+0.0,+69.0,1.6,+0.00,0.00,SLOW,4405.50,4406.54,4403.14,4406.23,0.00,0.00,0.0,BEARISH,340.0,4406.19,4406.19,4406.19,4406.19,23,CLEARED_>=20s,1.0,0.0,0.0,0.0,0.0,0.0,0.0,PASS_<20%,0.00,0.0,NO,STANDBY_VEL_LOW,1,1321.86,3268.14,132.45,FALSE,M1_DIRECTION_MISMATCH
2026-09-07 20:19:33.976,1788812373.976,8185,19,199,4406.19,4406.27,8.0,PASS_<=10c,+0.0,FLAT,+0.0,+69.0,1.3,+0.00,0.00,SLOW,4405.50,4406.54,4403.14,4406.23,0.00,0.00,0.0,BEARISH,340.0,4406.19,4406.19,4406.19,4406.19,33,CLEARED_>=20s,1.0,0.0,0.0,0.0,0.0,0.0,0.0,PASS_<20%,0.00,0.0,NO,STANDBY_VEL_LOW,1,1321.86,3268.14,132.45,FALSE,M1_DIRECTION_MISMATCH
2026-09-07 20:19:35.385,1788812375.385,8186,20,200,4406.19,4406.27,8.0,PASS_<=10c,+0.0,FLAT,+0.0,+69.0,2.1,+0.00,0.00,SLOW,4405.50,4406.54,4403.14,4406.23,0.00,0.00,0.0,BEARISH,340.0,4406.19,4406.19,4406.19,4406.19,35,CLEARED_>=20s,1.0,0.0,0.0,0.0,0.0,0.0,0.0,PASS_<20%,0.00,0.0,NO,STANDBY_VEL_LOW,1,1321.86,3268.14,132.45,FALSE,M1_DIRECTION_MISMATCH
2026-09-07 20:19:35.886,1788812375.886,8187,21,201,4406.19,4406.27,8.0,PASS_<=10c,+0.0,FLAT,+0.0,+69.0,2.6,+0.00,0.00,SLOW,4405.50,4406.54,4403.14,4406.23,0.00,0.00,0.0,BEARISH,340.0,4406.19,4406.19,4406.19,4406.19,35,CLEARED_>=20s,1.0,0.0,0.0,0.0,0.0,0.0,0.0,PASS_<20%,0.00,0.0,NO,STANDBY_VEL_LOW,1,1321.86,3268.14,132.45,FALSE,M1_DIRECTION_MISMATCH
2026-09-07 20:19:36.387,1788812376.387,8188,22,202,4406.19,4406.27,8.0,PASS_<=10c,+0.0,FLAT,+0.0,+69.0,2.9,+0.00,0.00,SLOW,4405.50,4406.54,4403.14,4406.23,0.00,0.00,0.0,BEARISH,340.0,4406.19,4406.19,4406.19,4406.19,36,CLEARED_>=20s,1.0,0.0,0.0,0.0,0.0,0.0,0.0,PASS_<20%,0.00,0.0,NO,STANDBY_VEL_LOW,1,1321.86,3268.14,132.45,FALSE,M1_DIRECTION_MISMATCH
2026-09-07 20:19:36.889,1788812376.889,8189,23,203,4406.19,4406.27,8.0,PASS_<=10c,+0.0,FLAT,+0.0,+69.0,3.1,+0.00,0.00,SLOW,4405.50,4406.54,4403.14,4406.23,0.00,0.00,0.0,BEARISH,340.0,4406.19,4406.19,4406.19,4406.19,36,CLEARED_>=20s,1.0,0.0,0.0,0.0,0.0,0.0,0.0,PASS_<20%,0.00,0.0,NO,STANDBY_VEL_LOW,1,1321.86,3268.14,132.45,FALSE,M1_DIRECTION_MISMATCH
2026-09-07 20:19:37.391,1788812377.392,8190,24,204,4406.19,4406.27,8.0,PASS_<=10c,+0.0,FLAT,+0.0,+69.0,3.2,+0.00,0.00,SLOW,4405.50,4406.54,4403.14,4406.23,0.00,0.00,0.0,BEARISH,340.0,4406.19,4406.19,4406.19,4406.19,37,CLEARED_>=20s,1.0,0.0,0.0,0.0,0.0,0.0,0.0,PASS_<20%,0.00,0.0,NO,STANDBY_VEL_LOW,1,1321.86,3268.14,132.45,FALSE,M1_DIRECTION_MISMATCH
2026-09-07 20:19:37.893,1788812377.893,8191,25,205,4406.19,4406.27,8.0,PASS_<=10c,+0.0,FLAT,+0.0,+69.0,3.3,+0.00,0.00,SLOW,4405.50,4406.54,4403.14,4406.23,0.00,0.00,0.0,BEARISH,340.0,4406.19,4406.19,4406.19,4406.19,37,CLEARED_>=20s,1.0,0.0,0.0,0.0,0.0,0.0,0.0,PASS_<20%,0.00,0.0,NO,STANDBY_VEL_LOW,1,1321.86,3268.14,132.45,FALSE,M1_DIRECTION_MISMATCH
2026-09-07 20:19:38.395,1788812378.396,8192,26,206,4406.19,4406.27,8.0,PASS_<=10c,+0.0,FLAT,+0.0,+69.0,3.4,+0.00,0.00,SLOW,4405.50,4406.54,4403.14,4406.23,0.00,0.00,0.0,BEARISH,340.0,4406.19,4406.19,4406.19,4406.19,38,CLEARED_>=20s,1.0,0.0,0.0,0.0,0.0,0.0,0.0,PASS_<20%,0.00,0.0,NO,STANDBY_VEL_LOW,1,1321.86,3268.14,132.45,FALSE,M1_DIRECTION_MISMATCH
2026-09-07 20:19:38.897,1788812378.898,8193,27,207,4406.19,4406.27,8.0,PASS_<=10c,+0.0,FLAT,+0.0,+69.0,3.5,+0.00,0.00,SLOW,4405.50,4406.54,4403.14,4406.23,0.00,0.00,0.0,BEARISH,340.0,4406.19,4406.19,4406.19,4406.19,38,CLEARED_>=20s,1.0,0.0,0.0,0.0,0.0,0.0,0.0,PASS_<20%,0.00,0.0,NO,STANDBY_VEL_LOW,1,1321.86,3268.14,132.45,FALSE,M1_DIRECTION_MISMATCH
2026-09-07 20:19:39.398,1788812379.399,8194,28,208,4406.19,4406.27,8.0,PASS_<=10c,+0.0,FLAT,+0.0,+69.0,4.4,+0.00,0.00,SLOW,4405.50,4406.54,4403.14,4406.23,0.00,0.00,0.0,BEARISH,340.0,4406.19,4406.19,4406.19,4406.19,39,CLEARED_>=20s,1.0,0.0,0.0,0.0,0.0,0.0,0.0,PASS_<20%,0.00,0.0,NO,STANDBY_VEL_LOW,1,1321.86,3268.14,132.45,FALSE,M1_DIRECTION_MISMATCH
2026-09-07 20:19:39.900,1788812379.900,8195,29,209,4406.19,4406.27,8.0,PASS_<=10c,+0.0,FLAT,+0.0,+69.0,4.3,+0.00,0.00,SLOW,4405.50,4406.54,4403.14,4406.23,0.00,0.00,0.0,BEARISH,340.0,4406.19,4406.19,4406.19,4406.19,39,CLEARED_>=20s,1.0,0.0,0.0,0.0,0.0,0.0,0.0,PASS_<20%,0.00,0.0,NO,STANDBY_VEL_LOW,1,1321.86,3268.14,132.45,FALSE,M1_DIRECTION_MISMATCH
2026-09-07 20:19:40.402,1788812380.402,8196,30,210,4406.19,4406.27,8.0,PASS_<=10c,+0.0,FLAT,+0.0,+69.0,4.2,+0.00,0.00,SLOW,4405.50,4406.54,4403.14,4406.23,0.00,0.00,0.0,BEARISH,340.0,4406.19,4406.19,4406.19,4406.19,40,CLEARED_>=20s,1.0,0.0,0.0,0.0,0.0,0.0,0.0,PASS_<20%,0.00,0.0,NO,STANDBY_VEL_LOW,1,1321.86,3268.14,132.45,FALSE,M1_DIRECTION_MISMATCH
2026-09-07 20:19:40.904,1788812380.904,8197,31,211,4406.19,4406.27,8.0,PASS_<=10c,+0.0,FLAT,+0.0,+69.0,4.2,+0.00,0.00,SLOW,4405.50,4406.54,4403.14,4406.23,0.00,0.00,0.0,BEARISH,340.0,4406.19,4406.19,4406.19,4406.19,40,CLEARED_>=20s,1.0,0.0,0.0,0.0,0.0,0.0,0.0,PASS_<20%,0.00,0.0,NO,STANDBY_VEL_LOW,1,1321.86,3268.14,132.45,FALSE,M1_DIRECTION_MISMATCH
2026-09-07 20:19:41.406,1788812381.407,8198,32,212,4406.19,4406.27,8.0,PASS_<=10c,+0.0,FLAT,+0.0,+69.0,4.2,+0.00,0.00,SLOW,4405.50,4406.54,4403.14,4406.23,0.00,0.00,0.0,BEARISH,340.0,4406.19,4406.19,4406.19,4406.19,41,CLEARED_>=20s,1.0,0.0,0.0,0.0,0.0,0.0,0.0,PASS_<20%,0.00,0.0,NO,STANDBY_VEL_LOW,1,1321.86,3268.14,132.45,FALSE,M1_DIRECTION_MISMATCH
2026-09-07 20:19:41.907,1788812381.907,8199,33,213,4406.19,4406.27,8.0,PASS_<=10c,+0.0,FLAT,+0.0,+69.0,4.2,+0.00,0.00,SLOW,4405.50,4406.54,4403.14,4406.23,0.00,0.00,0.0,BEARISH,340.0,4406.19,4406.19,4406.19,4406.19,41,CLEARED_>=20s,1.0,0.0,0.0,0.0,0.0,0.0,0.0,PASS_<20%,0.00,0.0,NO,STANDBY_VEL_LOW,1,1321.86,3268.14,132.45,FALSE,M1_DIRECTION_MISMATCH
2026-09-07 20:19:42.409,1788812382.409,8200,34,214,4406.19,4406.27,8.0,PASS_<=10c,+0.0,FLAT,+0.0,+69.0,4.2,+0.00,0.00,SLOW,4405.50,4406.54,4403.14,4406.23,0.00,0.00,0.0,BEARISH,340.0,4406.19,4406.19,4406.19,4406.19,42,CLEARED_>=20s,1.0,0.0,0.0,0.0,0.0,0.0,0.0,PASS_<20%,0.00,0.0,NO,STANDBY_VEL_LOW,1,1321.86,3268.14,132.45,FALSE,M1_DIRECTION_MISMATCH
2026-09-07 20:19:42.911,1788812382.911,8201,35,215,4406.19,4406.27,8.0,PASS_<=10c,+0.0,FLAT,+0.0,+69.0,4.2,+0.00,0.00,SLOW,4405.50,4406.54,4403.14,4406.23,0.00,0.00,0.0,BEARISH,340.0,4406.19,4406.19,4406.19,4406.19,42,CLEARED_>=20s,1.0,0.0,0.0,0.0,0.0,0.0,0.0,PASS_<20%,0.00,0.0,NO,STANDBY_VEL_LOW,1,1321.86,3268.14,132.45,FALSE,M1_DIRECTION_MISMATCH
2026-09-07 20:19:43.413,1788812383.413,8202,36,216,4406.19,4406.27,8.0,PASS_<=10c,+0.0,FLAT,+0.0,+69.0,4.2,+0.00,0.00,SLOW,4405.50,4406.54,4403.14,4406.23,0.00,0.00,0.0,BEARISH,340.0,4406.19,4406.19,4406.19,4406.19,43,CLEARED_>=20s,1.0,0.0,0.0,0.0,0.0,0.0,0.0,PASS_<20%,0.00,0.0,NO,STANDBY_VEL_LOW,1,1321.86,3268.14,132.45,FALSE,M1_DIRECTION_MISMATCH
2026-09-07 20:19:53.791,1788812393.791,8203,37,217,4406.19,4406.27,8.0,PASS_<=10c,+0.0,FLAT,+0.0,+69.0,1.4,+0.00,0.00,SLOW,4405.50,4406.54,4403.14,4406.23,0.00,0.00,0.0,BEARISH,340.0,4406.19,4406.19,4406.19,4406.19,53,CLEARED_>=20s,1.0,0.0,0.0,0.0,0.0,0.0,0.0,PASS_<20%,0.00,0.0,NO,STANDBY_VEL_LOW,1,1321.86,3268.14,132.45,FALSE,M1_DIRECTION_MISMATCH
2026-09-07 20:19:59.613,1788812399.614,8204,38,218,4406.19,4406.27,8.0,PASS_<=10c,+0.0,FLAT,+0.0,+69.0,2.0,+0.00,0.00,SLOW,4405.50,4406.54,4403.14,4406.23,0.00,0.00,0.0,BEARISH,340.0,4406.19,4406.19,4406.19,4406.19,59,CLEARED_>=20s,1.0,0.0,0.0,0.0,0.0,0.0,0.0,PASS_<20%,0.00,0.0,NO,STANDBY_VEL_LOW,1,1321.86,3268.14,132.45,FALSE,M1_DIRECTION_MISMATCH
2026-09-07 20:19:59.969,1788812399.970,8205,39,219,4406.19,4406.27,8.0,PASS_<=10c,+0.0,FLAT,+0.0,+69.0,3.8,+0.00,0.00,SLOW,4405.50,4406.54,4403.14,4406.23,0.00,0.00,0.0,BEARISH,340.0,4406.19,4406.19,4406.19,4406.19,59,CLEARED_>=20s,1.0,0.0,0.0,0.0,0.0,0.0,0.0,PASS_<20%,0.00,0.0,NO,STANDBY_VEL_LOW,1,1321.86,3268.14,132.45,FALSE,M1_DIRECTION_MISMATCH
2026-09-07 20:20:00.471,1788812400.472,8206,1,1,4406.19,4406.27,8.0,PASS_<=10c,+0.0,FLAT,+0.0,+0.0,3.8,+0.00,0.00,SLOW,4406.19,4406.19,4406.19,4406.19,0.00,0.00,0.0,BEARISH,0.0,4406.19,4406.19,4406.19,4406.19,0,ACTIVE_0s,1.0,0.0,0.0,0.0,0.0,0.0,0.0,PASS_<20%,0.00,0.0,NO,STANDBY_VEL_LOW,1,1321.86,3268.14,132.45,FALSE,M1_DIRECTION_MISMATCH|OPENING_SHIELD_ACTIVE_0s
2026-09-07 20:20:00.972,1788812400.973,8207,2,2,4406.19,4406.27,8.0,PASS_<=10c,+0.0,FLAT,+0.0,+0.0,3.9,+0.00,0.00,SLOW,4406.19,4406.19,4406.19,4406.19,0.00,0.00,0.0,BEARISH,0.0,4406.19,4406.19,4406.19,4406.19,0,ACTIVE_0s,1.0,0.0,0.0,0.0,0.0,0.0,0.0,PASS_<20%,0.00,0.0,NO,STANDBY_VEL_LOW,1,1321.86,3268.14,132.45,FALSE,M1_DIRECTION_MISMATCH|OPENING_SHIELD_ACTIVE_0s
2026-09-07 20:20:01.474,1788812401.475,8208,3,3,4406.19,4406.27,8.0,PASS_<=10c,+0.0,FLAT,+0.0,+0.0,3.9,+0.00,0.00,SLOW,4406.19,4406.19,4406.19,4406.19,0.00,0.00,0.0,BEARISH,0.0,4406.19,4406.19,4406.19,4406.19,1,ACTIVE_1s,1.0,0.0,0.0,0.0,0.0,0.0,0.0,PASS_<20%,0.00,0.0,NO,STANDBY_VEL_LOW,1,1321.86,3268.14,132.45,FALSE,M1_DIRECTION_MISMATCH|OPENING_SHIELD_ACTIVE_1s
2026-09-07 20:20:01.976,1788812401.976,8209,4,4,4406.19,4406.27,8.0,PASS_<=10c,+0.0,FLAT,+0.0,+0.0,3.9,+0.00,0.00,SLOW,4406.19,4406.19,4406.19,4406.19,0.00,0.00,0.0,BEARISH,0.0,4406.19,4406.19,4406.19,4406.19,1,ACTIVE_1s,1.0,0.0,0.0,0.0,0.0,0.0,0.0,PASS_<20%,0.00,0.0,NO,STANDBY_VEL_LOW,1,1321.86,3268.14,132.45,FALSE,M1_DIRECTION_MISMATCH|OPENING_SHIELD_ACTIVE_1s
2026-09-07 20:20:02.478,1788812402.478,8210,5,5,4406.19,4406.27,8.0,PASS_<=10c,+0.0,FLAT,+0.0,+0.0,3.9,+0.00,0.00,SLOW,4406.19,4406.19,4406.19,4406.19,0.00,0.00,0.0,BEARISH,0.0,4406.19,4406.19,4406.19,4406.19,2,ACTIVE_2s,1.0,0.0,0.0,0.0,0.0,0.0,0.0,PASS_<20%,0.00,0.0,NO,STANDBY_VEL_LOW,1,1321.86,3268.14,132.45,FALSE,M1_DIRECTION_MISMATCH|OPENING_SHIELD_ACTIVE_2s
2026-09-07 20:20:02.979,1788812402.980,8211,6,6,4406.19,4406.27,8.0,PASS_<=10c,+0.0,FLAT,+0.0,+0.0,3.9,+0.00,0.00,SLOW,4406.19,4406.19,4406.19,4406.19,0.00,0.00,0.0,BEARISH,0.0,4406.19,4406.19,4406.19,4406.19,2,ACTIVE_2s,1.0,0.0,0.0,0.0,0.0,0.0,0.0,PASS_<20%,0.00,0.0,NO,STANDBY_VEL_LOW,1,1321.86,3268.14,132.45,FALSE,M1_DIRECTION_MISMATCH|OPENING_SHIELD_ACTIVE_2s
2026-09-07 20:20:03.481,1788812403.482,8212,7,7,4406.19,4406.27,8.0,PASS_<=10c,+0.0,FLAT,+0.0,+0.0,3.9,+0.00,0.00,SLOW,4406.19,4406.19,4406.19,4406.19,0.00,0.00,0.0,BEARISH,0.0,4406.19,4406.19,4406.19,4406.19,3,ACTIVE_3s,1.0,0.0,0.0,0.0,0.0,0.0,0.0,PASS_<20%,0.00,0.0,NO,STANDBY_VEL_LOW,1,1321.86,3268.14,132.45,FALSE,M1_DIRECTION_MISMATCH|OPENING_SHIELD_ACTIVE_3s
2026-09-07 20:20:03.982,1788812403.983,8213,8,8,4406.19,4406.27,8.0,PASS_<=10c,+0.0,FLAT,+0.0,+0.0,4.3,+0.00,0.00,SLOW,4406.19,4406.19,4406.19,4406.19,0.00,0.00,0.0,BEARISH,0.0,4406.19,4406.19,4406.19,4406.19,3,ACTIVE_3s,1.0,0.0,0.0,0.0,0.0,0.0,0.0,PASS_<20%,0.00,0.0,NO,STANDBY_VEL_LOW,1,1321.86,3268.14,132.45,FALSE,M1_DIRECTION_MISMATCH|OPENING_SHIELD_ACTIVE_3s
2026-09-07 20:20:04.483,1788812404.484,8214,9,9,4406.19,4406.27,8.0,PASS_<=10c,+0.0,FLAT,+0.0,+0.0,4.3,+0.00,0.00,SLOW,4406.19,4406.19,4406.19,4406.19,0.00,0.00,0.0,BEARISH,0.0,4406.19,4406.19,4406.19,4406.19,4,ACTIVE_4s,1.0,0.0,0.0,0.0,0.0,0.0,0.0,PASS_<20%,0.00,0.0,NO,STANDBY_VEL_LOW,1,1321.86,3268.14,132.45,FALSE,M1_DIRECTION_MISMATCH|OPENING_SHIELD_ACTIVE_4s
2026-09-07 20:20:04.984,1788812404.985,8215,10,10,4406.19,4406.27,8.0,PASS_<=10c,+0.0,FLAT,+0.0,+0.0,4.2,+0.00,0.00,SLOW,4406.19,4406.19,4406.19,4406.19,0.00,0.00,0.0,BEARISH,0.0,4406.19,4406.19,4406.19,4406.19,4,ACTIVE_4s,1.0,0.0,0.0,0.0,0.0,0.0,0.0,PASS_<20%,0.00,0.0,NO,STANDBY_VEL_LOW,1,1321.86,3268.14,132.45,FALSE,M1_DIRECTION_MISMATCH|OPENING_SHIELD_ACTIVE_4s
2026-09-07 20:20:05.486,1788812405.486,8216,11,11,4406.19,4406.27,8.0,PASS_<=10c,+0.0,FLAT,+0.0,+69.0,4.2,+0.00,0.00,SLOW,4405.50,4406.54,4403.14,4406.23,0.00,0.00,0.0,BEARISH,340.0,4406.19,4406.19,4406.19,4406.19,5,ACTIVE_5s,1.0,0.0,0.0,0.0,0.0,0.0,0.0,PASS_<20%,0.00,0.0,NO,STANDBY_VEL_LOW,1,1321.86,3268.14,132.45,FALSE,M1_DIRECTION_MISMATCH|OPENING_SHIELD_ACTIVE_5s
2026-09-07 20:20:05.987,1788812405.988,8217,12,12,4406.19,4406.27,8.0,PASS_<=10c,+0.0,FLAT,+0.0,+69.0,4.2,+0.00,0.00,SLOW,4405.50,4406.54,4403.14,4406.23,0.00,0.00,0.0,BEARISH,340.0,4406.19,4406.19,4406.19,4406.19,5,ACTIVE_5s,1.0,0.0,0.0,0.0,0.0,0.0,0.0,PASS_<20%,0.00,0.0,NO,STANDBY_VEL_LOW,1,1321.86,3268.14,132.45,FALSE,M1_DIRECTION_MISMATCH|OPENING_SHIELD_ACTIVE_5s
2026-09-07 20:20:06.490,1788812406.491,8218,13,13,4406.19,4406.27,8.0,PASS_<=10c,+0.0,FLAT,+0.0,+69.0,4.2,+0.00,0.00,SLOW,4405.50,4406.54,4403.14,4406.23,0.00,0.00,0.0,BEARISH,340.0,4406.19,4406.19,4406.19,4406.19,6,ACTIVE_6s,1.0,0.0,0.0,0.0,0.0,0.0,0.0,PASS_<20%,0.00,0.0,NO,STANDBY_VEL_LOW,1,1321.86,3268.14,132.45,FALSE,M1_DIRECTION_MISMATCH|OPENING_SHIELD_ACTIVE_6s
2026-09-07 20:20:06.991,1788812406.992,8219,14,14,4406.19,4406.27,8.0,PASS_<=10c,+0.0,FLAT,+0.0,+69.0,4.2,+0.00,0.00,SLOW,4405.50,4406.54,4403.14,4406.23,0.00,0.00,0.0,BEARISH,340.0,4406.19,4406.19,4406.19,4406.19,6,ACTIVE_6s,1.0,0.0,0.0,0.0,0.0,0.0,0.0,PASS_<20%,0.00,0.0,NO,STANDBY_VEL_LOW,1,1321.86,3268.14,132.45,FALSE,M1_DIRECTION_MISMATCH|OPENING_SHIELD_ACTIVE_6s
2026-09-07 20:20:07.494,1788812407.494,8220,15,15,4406.19,4406.27,8.0,PASS_<=10c,+0.0,FLAT,+0.0,+69.0,4.2,+0.00,0.00,SLOW,4405.50,4406.54,4403.14,4406.23,0.00,0.00,0.0,BEARISH,340.0,4406.19,4406.19,4406.19,4406.19,7,ACTIVE_7s,1.0,0.0,0.0,0.0,0.0,0.0,0.0,PASS_<20%,0.00,0.0,NO,STANDBY_VEL_LOW,1,1321.86,3268.14,132.45,FALSE,M1_DIRECTION_MISMATCH|OPENING_SHIELD_ACTIVE_7s
2026-09-07 20:20:17.889,1788812417.889,8221,16,16,4406.19,4406.27,8.0,PASS_<=10c,+0.0,FLAT,+0.0,+69.0,1.3,+0.00,0.00,SLOW,4405.50,4406.54,4403.14,4406.23,0.00,0.00,0.0,BEARISH,340.0,4406.19,4406.19,4406.19,4406.19,17,ACTIVE_17s,1.0,0.0,0.0,0.0,0.0,0.0,0.0,PASS_<20%,0.00,0.0,NO,STANDBY_VEL_LOW,1,1321.86,3268.14,132.45,FALSE,M1_DIRECTION_MISMATCH|OPENING_SHIELD_ACTIVE_17s
2026-09-07 20:20:23.920,1788812423.920,8222,17,17,4406.19,4406.27,8.0,PASS_<=10c,+0.0,FLAT,+0.0,+69.0,2.0,+0.00,0.00,SLOW,4405.50,4406.54,4403.14,4406.23,0.00,0.00,0.0,BEARISH,340.0,4406.19,4406.19,4406.19,4406.19,23,CLEARED_>=20s,1.0,0.0,0.0,0.0,0.0,0.0,0.0,PASS_<20%,0.00,0.0,NO,STANDBY_VEL_LOW,1,1321.86,3268.14,132.45,FALSE,M1_DIRECTION_MISMATCH
2026-09-07 20:20:24.275,1788812424.276,8223,18,18,4406.19,4406.27,8.0,PASS_<=10c,+0.0,FLAT,+0.0,+69.0,3.2,+0.00,0.00,SLOW,4405.50,4406.54,4403.14,4406.23,0.00,0.00,0.0,BEARISH,340.0,4406.19,4406.19,4406.19,4406.19,24,CLEARED_>=20s,1.0,0.0,0.0,0.0,0.0,0.0,0.0,PASS_<20%,0.00,0.0,NO,STANDBY_VEL_LOW,1,1321.86,3268.14,132.45,FALSE,M1_DIRECTION_MISMATCH
2026-09-07 20:20:24.777,1788812424.778,8224,19,19,4406.19,4406.27,8.0,PASS_<=10c,+0.0,FLAT,+0.0,+69.0,3.4,+0.00,0.00,SLOW,4405.50,4406.54,4403.14,4406.23,0.00,0.00,0.0,BEARISH,340.0,4406.19,4406.19,4406.19,4406.19,24,CLEARED_>=20s,1.0,0.0,0.0,0.0,0.0,0.0,0.0,PASS_<20%,0.00,0.0,NO,STANDBY_VEL_LOW,1,1321.86,3268.14,132.45,FALSE,M1_DIRECTION_MISMATCH
2026-09-07 20:20:25.279,1788812425.280,8225,20,20,4406.19,4406.27,8.0,PASS_<=10c,+0.0,FLAT,+0.0,+69.0,3.5,+0.00,0.00,SLOW,4405.50,4406.54,4403.14,4406.23,0.00,0.00,0.0,BEARISH,340.0,4406.19,4406.19,4406.19,4406.19,25,CLEARED_>=20s,1.0,0.0,0.0,0.0,0.0,0.0,0.0,PASS_<20%,0.00,0.0,NO,STANDBY_VEL_LOW,1,1321.86,3268.14,132.45,FALSE,M1_DIRECTION_MISMATCH
2026-09-07 20:20:25.781,1788812425.782,8226,21,21,4406.19,4406.27,8.0,PASS_<=10c,+0.0,FLAT,+0.0,+69.0,3.6,+0.00,0.00,SLOW,4405.50,4406.54,4403.14,4406.23,0.00,0.00,0.0,BEARISH,340.0,4406.19,4406.19,4406.19,4406.19,25,CLEARED_>=20s,1.0,0.0,0.0,0.0,0.0,0.0,0.0,PASS_<20%,0.00,0.0,NO,STANDBY_VEL_LOW,1,1321.86,3268.14,132.45,FALSE,M1_DIRECTION_MISMATCH
2026-09-07 20:20:26.282,1788812426.283,8227,22,22,4406.19,4406.27,8.0,PASS_<=10c,+0.0,FLAT,+0.0,+69.0,3.7,+0.00,0.00,SLOW,4405.50,4406.54,4403.14,4406.23,0.00,0.00,0.0,BEARISH,340.0,4406.19,4406.19,4406.19,4406.19,26,CLEARED_>=20s,1.0,0.0,0.0,0.0,0.0,0.0,0.0,PASS_<20%,0.00,0.0,NO,STANDBY_VEL_LOW,1,1321.86,3268.14,132.45,FALSE,M1_DIRECTION_MISMATCH
2026-09-07 20:20:26.784,1788812426.785,8228,23,23,4406.19,4406.27,8.0,PASS_<=10c,+0.0,FLAT,+0.0,+69.0,3.7,+0.00,0.00,SLOW,4405.50,4406.54,4403.14,4406.23,0.00,0.00,0.0,BEARISH,340.0,4406.19,4406.19,4406.19,4406.19,26,CLEARED_>=20s,1.0,0.0,0.0,0.0,0.0,0.0,0.0,PASS_<20%,0.00,0.0,NO,STANDBY_VEL_LOW,1,1321.86,3268.14,132.45,FALSE,M1_DIRECTION_MISMATCH
2026-09-07 20:20:27.287,1788812427.287,8229,24,24,4406.19,4406.27,8.0,PASS_<=10c,+0.0,FLAT,+0.0,+69.0,3.7,+0.00,0.00,SLOW,4405.50,4406.54,4403.14,4406.23,0.00,0.00,0.0,BEARISH,340.0,4406.19,4406.19,4406.19,4406.19,27,CLEARED_>=20s,1.0,0.0,0.0,0.0,0.0,0.0,0.0,PASS_<20%,0.00,0.0,NO,STANDBY_VEL_LOW,1,1321.86,3268.14,132.45,FALSE,M1_DIRECTION_MISMATCH
2026-09-07 20:20:27.802,1788812427.802,8230,25,25,4406.19,4406.27,8.0,PASS_<=10c,+0.0,FLAT,+0.0,+69.0,3.8,+0.00,0.00,SLOW,4405.50,4406.54,4403.14,4406.23,0.00,0.00,0.0,BEARISH,340.0,4406.19,4406.19,4406.19,4406.19,27,CLEARED_>=20s,1.0,0.0,0.0,0.0,0.0,0.0,0.0,PASS_<20%,0.00,0.0,NO,STANDBY_VEL_LOW,1,1321.86,3268.14,132.45,FALSE,M1_DIRECTION_MISMATCH
2026-09-07 20:20:28.290,1788812428.291,8231,26,26,4406.19,4406.27,8.0,PASS_<=10c,+0.0,FLAT,+0.0,+69.0,4.3,+0.00,0.00,SLOW,4405.50,4406.54,4403.14,4406.23,0.00,0.00,0.0,BEARISH,340.0,4406.19,4406.19,4406.19,4406.19,28,CLEARED_>=20s,1.0,0.0,0.0,0.0,0.0,0.0,0.0,PASS_<20%,0.00,0.0,NO,STANDBY_VEL_LOW,1,1321.86,3268.14,132.45,FALSE,M1_DIRECTION_MISMATCH
2026-09-07 20:20:28.793,1788812428.793,8232,27,27,4406.19,4406.27,8.0,PASS_<=10c,+0.0,FLAT,+0.0,+69.0,4.3,+0.00,0.00,SLOW,4405.50,4406.54,4403.14,4406.23,0.00,0.00,0.0,BEARISH,340.0,4406.19,4406.19,4406.19,4406.19,28,CLEARED_>=20s,1.0,0.0,0.0,0.0,0.0,0.0,0.0,PASS_<20%,0.00,0.0,NO,STANDBY_VEL_LOW,1,1321.86,3268.14,132.45,FALSE,M1_DIRECTION_MISMATCH
2026-09-07 20:20:29.295,1788812429.296,8233,28,28,4406.19,4406.27,8.0,PASS_<=10c,+0.0,FLAT,+0.0,+69.0,4.2,+0.00,0.00,SLOW,4405.50,4406.54,4403.14,4406.23,0.00,0.00,0.0,BEARISH,340.0,4406.19,4406.19,4406.19,4406.19,29,CLEARED_>=20s,1.0,0.0,0.0,0.0,0.0,0.0,0.0,PASS_<20%,0.00,0.0,NO,STANDBY_VEL_LOW,1,1321.86,3268.14,132.45,FALSE,M1_DIRECTION_MISMATCH
2026-09-07 20:20:29.806,1788812429.806,8234,29,29,4406.19,4406.27,8.0,PASS_<=10c,+0.0,FLAT,+0.0,+69.0,4.2,+0.00,0.00,SLOW,4405.50,4406.54,4403.14,4406.23,0.00,0.00,0.0,BEARISH,340.0,4406.19,4406.19,4406.19,4406.19,29,CLEARED_>=20s,1.0,0.0,0.0,0.0,0.0,0.0,0.0,PASS_<20%,0.00,0.0,NO,STANDBY_VEL_LOW,1,1321.86,3268.14,132.45,FALSE,M1_DIRECTION_MISMATCH
2026-09-07 20:20:30.299,1788812430.300,8235,30,30,4406.19,4406.27,8.0,PASS_<=10c,+0.0,FLAT,+0.0,+69.0,4.2,+0.00,0.00,SLOW,4405.50,4406.54,4403.14,4406.23,0.00,0.00,0.0,BEARISH,340.0,4406.19,4406.19,4406.19,4406.19,30,CLEARED_>=20s,1.0,0.0,0.0,0.0,0.0,0.0,0.0,PASS_<20%,0.00,0.0,NO,STANDBY_VEL_LOW,1,1321.86,3268.14,132.45,FALSE,M1_DIRECTION_MISMATCH
2026-09-07 20:20:30.801,1788812430.802,8236,31,31,4406.19,4406.27,8.0,PASS_<=10c,+0.0,FLAT,+0.0,+69.0,4.2,+0.00,0.00,SLOW,4405.50,4406.54,4403.14,4406.23,0.00,0.00,0.0,BEARISH,340.0,4406.19,4406.19,4406.19,4406.19,30,CLEARED_>=20s,1.0,0.0,0.0,0.0,0.0,0.0,0.0,PASS_<20%,0.00,0.0,NO,STANDBY_VEL_LOW,1,1321.86,3268.14,132.45,FALSE,M1_DIRECTION_MISMATCH
2026-09-07 20:20:31.304,1788812431.304,8237,32,32,4406.19,4406.27,8.0,PASS_<=10c,+0.0,FLAT,+0.0,+69.0,4.2,+0.00,0.00,SLOW,4405.50,4406.54,4403.14,4406.23,0.00,0.00,0.0,BEARISH,340.0,4406.19,4406.19,4406.19,4406.19,31,CLEARED_>=20s,1.0,0.0,0.0,0.0,0.0,0.0,0.0,PASS_<20%,0.00,0.0,NO,STANDBY_VEL_LOW,1,1321.86,3268.14,132.45,FALSE,M1_DIRECTION_MISMATCH
2026-09-07 20:20:31.805,1788812431.805,8238,33,33,4406.19,4406.27,8.0,PASS_<=10c,+0.0,FLAT,+0.0,+69.0,4.2,+0.00,0.00,SLOW,4405.50,4406.54,4403.14,4406.23,0.00,0.00,0.0,BEARISH,340.0,4406.19,4406.19,4406.19,4406.19,31,CLEARED_>=20s,1.0,0.0,0.0,0.0,0.0,0.0,0.0,PASS_<20%,0.00,0.0,NO,STANDBY_VEL_LOW,1,1321.86,3268.14,132.45,FALSE,M1_DIRECTION_MISMATCH
2026-09-07 20:20:42.197,1788812442.197,8239,34,34,4406.19,4406.27,8.0,PASS_<=10c,+0.0,FLAT,+0.0,+69.0,1.3,+0.00,0.00,SLOW,4405.50,4406.54,4403.14,4406.23,0.00,0.00,0.0,BEARISH,340.0,4406.19,4406.19,4406.19,4406.19,42,CLEARED_>=20s,1.0,0.0,0.0,0.0,0.0,0.0,0.0,PASS_<20%,0.00,0.0,NO,STANDBY_VEL_LOW,1,1321.86,3268.14,132.45,FALSE,M1_DIRECTION_MISMATCH
2026-09-07 20:20:50.427,1788812450.428,8240,35,35,4406.19,4406.27,8.0,PASS_<=10c,+0.0,FLAT,+0.0,+69.0,1.3,+0.00,0.00,SLOW,4405.50,4406.54,4403.14,4406.23,0.00,0.00,0.0,BEARISH,340.0,4406.19,4406.19,4406.19,4406.19,50,CLEARED_>=20s,1.0,0.0,0.0,0.0,0.0,0.0,0.0,PASS_<20%,0.00,0.0,NO,STANDBY_VEL_LOW,1,1321.86,3268.14,132.45,FALSE,M1_DIRECTION_MISMATCH
2026-09-07 20:20:50.782,1788812450.782,8241,36,36,4406.19,4406.27,8.0,PASS_<=10c,+0.0,FLAT,+0.0,+69.0,1.4,+0.00,0.00,SLOW,4405.50,4406.54,4403.14,4406.23,0.00,0.00,0.0,BEARISH,340.0,4406.19,4406.19,4406.19,4406.19,50,CLEARED_>=20s,1.0,0.0,0.0,0.0,0.0,0.0,0.0,PASS_<20%,0.00,0.0,NO,STANDBY_VEL_LOW,1,1321.86,3268.14,132.45,FALSE,M1_DIRECTION_MISMATCH
2026-09-07 20:20:51.283,1788812451.284,8242,37,37,4406.19,4406.27,8.0,PASS_<=10c,+0.0,FLAT,+0.0,+69.0,1.5,+0.00,0.00,SLOW,4405.50,4406.54,4403.14,4406.23,0.00,0.00,0.0,BEARISH,340.0,4406.19,4406.19,4406.19,4406.19,51,CLEARED_>=20s,1.0,0.0,0.0,0.0,0.0,0.0,0.0,PASS_<20%,0.00,0.0,NO,STANDBY_VEL_LOW,1,1321.86,3268.14,132.45,FALSE,M1_DIRECTION_MISMATCH
2026-09-07 20:20:51.786,1788812451.786,8243,38,38,4406.19,4406.27,8.0,PASS_<=10c,+0.0,FLAT,+0.0,+69.0,1.8,+0.00,0.00,SLOW,4405.50,4406.54,4403.14,4406.23,0.00,0.00,0.0,BEARISH,340.0,4406.19,4406.19,4406.19,4406.19,51,CLEARED_>=20s,1.0,0.0,0.0,0.0,0.0,0.0,0.0,PASS_<20%,0.00,0.0,NO,STANDBY_VEL_LOW,1,1321.86,3268.14,132.45,FALSE,M1_DIRECTION_MISMATCH
2026-09-07 20:20:52.288,1788812452.289,8244,39,39,4406.19,4406.27,8.0,PASS_<=10c,+0.0,FLAT,+0.0,+69.0,2.0,+0.00,0.00,SLOW,4405.50,4406.54,4403.14,4406.23,0.00,0.00,0.0,BEARISH,340.0,4406.19,4406.19,4406.19,4406.19,52,CLEARED_>=20s,1.0,0.0,0.0,0.0,0.0,0.0,0.0,PASS_<20%,0.00,0.0,NO,STANDBY_VEL_LOW,1,1321.86,3268.14,132.45,FALSE,M1_DIRECTION_MISMATCH
2026-09-07 20:20:52.790,1788812452.791,8245,40,40,4406.19,4406.27,8.0,PASS_<=10c,+0.0,FLAT,+0.0,+69.0,4.7,+0.00,0.00,SLOW,4405.50,4406.54,4403.14,4406.23,0.00,0.00,0.0,BEARISH,340.0,4406.19,4406.19,4406.19,4406.19,52,CLEARED_>=20s,1.0,0.0,0.0,0.0,0.0,0.0,0.0,PASS_<20%,0.00,0.0,NO,STANDBY_VEL_LOW,1,1321.86,3268.14,132.45,FALSE,M1_DIRECTION_MISMATCH
2026-09-07 20:20:53.292,1788812453.292,8246,41,41,4406.19,4406.27,8.0,PASS_<=10c,+0.0,FLAT,+0.0,+69.0,4.5,+0.00,0.00,SLOW,4405.50,4406.54,4403.14,4406.23,0.00,0.00,0.0,BEARISH,340.0,4406.19,4406.19,4406.19,4406.19,53,CLEARED_>=20s,1.0,0.0,0.0,0.0,0.0,0.0,0.0,PASS_<20%,0.00,0.0,NO,STANDBY_VEL_LOW,1,1321.86,3268.14,132.45,FALSE,M1_DIRECTION_MISMATCH
2026-09-07 20:20:53.793,1788812453.794,8247,42,42,4406.19,4406.27,8.0,PASS_<=10c,+0.0,FLAT,+0.0,+69.0,4.5,+0.00,0.00,SLOW,4405.50,4406.54,4403.14,4406.23,0.00,0.00,0.0,BEARISH,340.0,4406.19,4406.19,4406.19,4406.19,53,CLEARED_>=20s,1.0,0.0,0.0,0.0,0.0,0.0,0.0,PASS_<20%,0.00,0.0,NO,STANDBY_VEL_LOW,1,1321.86,3268.14,132.45,FALSE,M1_DIRECTION_MISMATCH
2026-09-07 20:20:54.296,1788812454.296,8248,43,43,4406.19,4406.27,8.0,PASS_<=10c,+0.0,FLAT,+0.0,+69.0,4.4,+0.00,0.00,SLOW,4405.50,4406.54,4403.14,4406.23,0.00,0.00,0.0,BEARISH,340.0,4406.19,4406.19,4406.19,4406.19,54,CLEARED_>=20s,1.0,0.0,0.0,0.0,0.0,0.0,0.0,PASS_<20%,0.00,0.0,NO,STANDBY_VEL_LOW,1,1321.86,3268.14,132.45,FALSE,M1_DIRECTION_MISMATCH
2026-09-07 20:20:54.798,1788812454.798,8249,44,44,4406.19,4406.27,8.0,PASS_<=10c,+0.0,FLAT,+0.0,+69.0,4.3,+0.00,0.00,SLOW,4405.50,4406.54,4403.14,4406.23,0.00,0.00,0.0,BEARISH,340.0,4406.19,4406.19,4406.19,4406.19,54,CLEARED_>=20s,1.0,0.0,0.0,0.0,0.0,0.0,0.0,PASS_<20%,0.00,0.0,NO,STANDBY_VEL_LOW,1,1321.86,3268.14,132.45,FALSE,M1_DIRECTION_MISMATCH
2026-09-07 20:20:55.303,1788812455.303,8250,45,45,4406.19,4406.27,8.0,PASS_<=10c,+0.0,FLAT,+0.0,+69.0,4.3,+0.00,0.00,SLOW,4405.50,4406.54,4403.14,4406.23,0.00,0.00,0.0,BEARISH,340.0,4406.19,4406.19,4406.19,4406.19,55,CLEARED_>=20s,1.0,0.0,0.0,0.0,0.0,0.0,0.0,PASS_<20%,0.00,0.0,NO,STANDBY_VEL_LOW,1,1321.86,3268.14,132.45,FALSE,M1_DIRECTION_MISMATCH
2026-09-07 20:20:55.802,1788812455.802,8251,46,46,4406.19,4406.27,8.0,PASS_<=10c,+0.0,FLAT,+0.0,+69.0,4.2,+0.00,0.00,SLOW,4405.50,4406.54,4403.14,4406.23,0.00,0.00,0.0,BEARISH,340.0,4406.19,4406.19,4406.19,4406.19,55,CLEARED_>=20s,1.0,0.0,0.0,0.0,0.0,0.0,0.0,PASS_<20%,0.00,0.0,NO,STANDBY_VEL_LOW,1,1321.86,3268.14,132.45,FALSE,M1_DIRECTION_MISMATCH
2026-09-07 20:20:56.304,1788812456.304,8252,47,47,4406.19,4406.27,8.0,PASS_<=10c,+0.0,FLAT,+0.0,+69.0,4.2,+0.00,0.00,SLOW,4405.50,4406.54,4403.14,4406.23,0.00,0.00,0.0,BEARISH,340.0,4406.19,4406.19,4406.19,4406.19,56,CLEARED_>=20s,1.0,0.0,0.0,0.0,0.0,0.0,0.0,PASS_<20%,0.00,0.0,NO,STANDBY_VEL_LOW,1,1321.86,3268.14,132.45,FALSE,M1_DIRECTION_MISMATCH
2026-09-07 20:20:56.807,1788812456.807,8253,48,48,4406.19,4406.27,8.0,PASS_<=10c,+0.0,FLAT,+0.0,+69.0,4.2,+0.00,0.00,SLOW,4405.50,4406.54,4403.14,4406.23,0.00,0.00,0.0,BEARISH,340.0,4406.19,4406.19,4406.19,4406.19,56,CLEARED_>=20s,1.0,0.0,0.0,0.0,0.0,0.0,0.0,PASS_<20%,0.00,0.0,NO,STANDBY_VEL_LOW,1,1321.86,3268.14,132.45,FALSE,M1_DIRECTION_MISMATCH
2026-09-07 20:20:57.308,1788812457.309,8254,49,49,4406.19,4406.27,8.0,PASS_<=10c,+0.0,FLAT,+0.0,+69.0,4.2,+0.00,0.00,SLOW,4405.50,4406.54,4403.14,4406.23,0.00,0.00,0.0,BEARISH,340.0,4406.19,4406.19,4406.19,4406.19,57,CLEARED_>=20s,1.0,0.0,0.0,0.0,0.0,0.0,0.0,PASS_<20%,0.00,0.0,NO,STANDBY_VEL_LOW,1,1321.86,3268.14,132.45,FALSE,M1_DIRECTION_MISMATCH
2026-09-07 20:20:57.811,1788812457.811,8255,50,50,4406.19,4406.27,8.0,PASS_<=10c,+0.0,FLAT,+0.0,+69.0,4.2,+0.00,0.00,SLOW,4405.50,4406.54,4403.14,4406.23,0.00,0.00,0.0,BEARISH,340.0,4406.19,4406.19,4406.19,4406.19,57,CLEARED_>=20s,1.0,0.0,0.0,0.0,0.0,0.0,0.0,PASS_<20%,0.00,0.0,NO,STANDBY_VEL_LOW,1,1321.86,3268.14,132.45,FALSE,M1_DIRECTION_MISMATCH
2026-09-07 20:20:58.319,1788812458.320,8256,51,51,4406.19,4406.27,8.0,PASS_<=10c,+0.0,FLAT,+0.0,+69.0,4.2,+0.00,0.00,SLOW,4405.50,4406.54,4403.14,4406.23,0.00,0.00,0.0,BEARISH,340.0,4406.19,4406.19,4406.19,4406.19,58,CLEARED_>=20s,1.0,0.0,0.0,0.0,0.0,0.0,0.0,PASS_<20%,0.00,0.0,NO,STANDBY_VEL_LOW,1,1321.86,3268.14,132.45,FALSE,M1_DIRECTION_MISMATCH
2026-09-07 20:21:08.699,1788812468.700,8257,1,52,4406.19,4406.27,8.0,PASS_<=10c,+0.0,FLAT,+0.0,+69.0,1.3,+0.00,0.00,SLOW,4405.50,4406.54,4403.14,4406.23,0.00,0.00,0.0,BEARISH,340.0,4406.19,4406.19,4406.19,4406.19,8,ACTIVE_8s,1.0,0.0,0.0,0.0,0.0,0.0,0.0,PASS_<20%,0.00,0.0,NO,STANDBY_VEL_LOW,1,1321.86,3268.14,132.45,FALSE,M1_DIRECTION_MISMATCH|OPENING_SHIELD_ACTIVE_8s
2026-09-07 20:21:15.944,1788812475.944,8258,2,53,4406.19,4406.27,8.0,PASS_<=10c,+0.0,FLAT,+0.0,+69.0,1.3,+0.00,0.00,SLOW,4405.50,4406.54,4403.14,4406.23,0.00,0.00,0.0,BEARISH,340.0,4406.19,4406.19,4406.19,4406.19,15,ACTIVE_15s,1.0,0.0,0.0,0.0,0.0,0.0,0.0,PASS_<20%,0.00,0.0,NO,STANDBY_VEL_LOW,1,1321.86,3268.14,132.45,FALSE,M1_DIRECTION_MISMATCH|OPENING_SHIELD_ACTIVE_15s
2026-09-07 20:21:16.298,1788812476.298,8259,3,54,4406.19,4406.27,8.0,PASS_<=10c,+0.0,FLAT,+0.0,+69.0,1.6,+0.00,0.00,SLOW,4405.50,4406.54,4403.14,4406.23,0.00,0.00,0.0,BEARISH,340.0,4406.19,4406.19,4406.19,4406.19,16,ACTIVE_16s,1.0,0.0,0.0,0.0,0.0,0.0,0.0,PASS_<20%,0.00,0.0,NO,STANDBY_VEL_LOW,1,1321.86,3268.14,132.45,FALSE,M1_DIRECTION_MISMATCH|OPENING_SHIELD_ACTIVE_16s
2026-09-07 20:21:16.801,1788812476.801,8260,4,55,4406.19,4406.27,8.0,PASS_<=10c,+0.0,FLAT,+0.0,+69.0,2.0,+0.00,0.00,SLOW,4405.50,4406.54,4403.14,4406.23,0.00,0.00,0.0,BEARISH,340.0,4406.19,4406.19,4406.19,4406.19,16,ACTIVE_16s,1.0,0.0,0.0,0.0,0.0,0.0,0.0,PASS_<20%,0.00,0.0,NO,STANDBY_VEL_LOW,1,1321.86,3268.14,132.45,FALSE,M1_DIRECTION_MISMATCH|OPENING_SHIELD_ACTIVE_16s
2026-09-07 20:21:17.302,1788812477.303,8261,5,56,4406.19,4406.27,8.0,PASS_<=10c,+0.0,FLAT,+0.0,+69.0,2.3,+0.00,0.00,SLOW,4405.50,4406.54,4403.14,4406.23,0.00,0.00,0.0,BEARISH,340.0,4406.19,4406.19,4406.19,4406.19,17,ACTIVE_17s,1.0,0.0,0.0,0.0,0.0,0.0,0.0,PASS_<20%,0.00,0.0,NO,STANDBY_VEL_LOW,1,1321.86,3268.14,132.45,FALSE,M1_DIRECTION_MISMATCH|OPENING_SHIELD_ACTIVE_17s
2026-09-07 20:21:17.804,1788812477.805,8262,6,57,4406.19,4406.27,8.0,PASS_<=10c,+0.0,FLAT,+0.0,+69.0,2.5,+0.00,0.00,SLOW,4405.50,4406.54,4403.14,4406.23,0.00,0.00,0.0,BEARISH,340.0,4406.19,4406.19,4406.19,4406.19,17,ACTIVE_17s,1.0,0.0,0.0,0.0,0.0,0.0,0.0,PASS_<20%,0.00,0.0,NO,STANDBY_VEL_LOW,1,1321.86,3268.14,132.45,FALSE,M1_DIRECTION_MISMATCH|OPENING_SHIELD_ACTIVE_17s
2026-09-07 20:21:18.307,1788812478.307,8263,7,58,4406.19,4406.27,8.0,PASS_<=10c,+0.0,FLAT,+0.0,+69.0,2.7,+0.00,0.00,SLOW,4405.50,4406.54,4403.14,4406.23,0.00,0.00,0.0,BEARISH,340.0,4406.19,4406.19,4406.19,4406.19,18,ACTIVE_18s,1.0,0.0,0.0,0.0,0.0,0.0,0.0,PASS_<20%,0.00,0.0,NO,STANDBY_VEL_LOW,1,1321.86,3268.14,132.45,FALSE,M1_DIRECTION_MISMATCH|OPENING_SHIELD_ACTIVE_18s
2026-09-07 20:21:18.809,1788812478.809,8264,8,59,4406.19,4406.27,8.0,PASS_<=10c,+0.0,FLAT,+0.0,+69.0,2.8,+0.00,0.00,SLOW,4405.50,4406.54,4403.14,4406.23,0.00,0.00,0.0,BEARISH,340.0,4406.19,4406.19,4406.19,4406.19,18,ACTIVE_18s,1.0,0.0,0.0,0.0,0.0,0.0,0.0,PASS_<20%,0.00,0.0,NO,STANDBY_VEL_LOW,1,1321.86,3268.14,132.45,FALSE,M1_DIRECTION_MISMATCH|OPENING_SHIELD_ACTIVE_18s
2026-09-07 20:21:19.310,1788812479.311,8265,9,60,4406.19,4406.27,8.0,PASS_<=10c,+0.0,FLAT,+0.0,+69.0,4.5,+0.00,0.00,SLOW,4405.50,4406.54,4403.14,4406.23,0.00,0.00,0.0,BEARISH,340.0,4406.19,4406.19,4406.19,4406.19,19,ACTIVE_19s,1.0,0.0,0.0,0.0,0.0,0.0,0.0,PASS_<20%,0.00,0.0,NO,STANDBY_VEL_LOW,1,1321.86,3268.14,132.45,FALSE,M1_DIRECTION_MISMATCH|OPENING_SHIELD_ACTIVE_19s
2026-09-07 20:21:19.812,1788812479.813,8266,10,61,4406.19,4406.27,8.0,PASS_<=10c,+0.0,FLAT,+0.0,+69.0,4.4,+0.00,0.00,SLOW,4405.50,4406.54,4403.14,4406.23,0.00,0.00,0.0,BEARISH,340.0,4406.19,4406.19,4406.19,4406.19,19,ACTIVE_19s,1.0,0.0,0.0,0.0,0.0,0.0,0.0,PASS_<20%,0.00,0.0,NO,STANDBY_VEL_LOW,1,1321.86,3268.14,132.45,FALSE,M1_DIRECTION_MISMATCH|OPENING_SHIELD_ACTIVE_19s
2026-09-07 20:21:20.314,1788812480.315,8267,11,62,4406.19,4406.27,8.0,PASS_<=10c,+0.0,FLAT,+0.0,+69.0,4.3,+0.00,0.00,SLOW,4405.50,4406.54,4403.14,4406.23,0.00,0.00,0.0,BEARISH,340.0,4406.19,4406.19,4406.19,4406.19,20,CLEARED_>=20s,1.0,0.0,0.0,0.0,0.0,0.0,0.0,PASS_<20%,0.00,0.0,NO,STANDBY_VEL_LOW,1,1321.86,3268.14,132.45,FALSE,M1_DIRECTION_MISMATCH
2026-09-07 20:21:20.816,1788812480.817,8268,12,63,4406.19,4406.27,8.0,PASS_<=10c,+0.0,FLAT,+0.0,+69.0,4.3,+0.00,0.00,SLOW,4405.50,4406.54,4403.14,4406.23,0.00,0.00,0.0,BEARISH,340.0,4406.19,4406.19,4406.19,4406.19,20,CLEARED_>=20s,1.0,0.0,0.0,0.0,0.0,0.0,0.0,PASS_<20%,0.00,0.0,NO,STANDBY_VEL_LOW,1,1321.86,3268.14,132.45,FALSE,M1_DIRECTION_MISMATCH
2026-09-07 20:21:21.318,1788812481.318,8269,13,64,4406.19,4406.27,8.0,PASS_<=10c,+0.0,FLAT,+0.0,+69.0,4.2,+0.00,0.00,SLOW,4405.50,4406.54,4403.14,4406.23,0.00,0.00,0.0,BEARISH,340.0,4406.19,4406.19,4406.19,4406.19,21,CLEARED_>=20s,1.0,0.0,0.0,0.0,0.0,0.0,0.0,PASS_<20%,0.00,0.0,NO,STANDBY_VEL_LOW,1,1321.86,3268.14,132.45,FALSE,M1_DIRECTION_MISMATCH
2026-09-07 20:21:21.832,1788812481.832,8270,14,65,4406.19,4406.27,8.0,PASS_<=10c,+0.0,FLAT,+0.0,+69.0,4.2,+0.00,0.00,SLOW,4405.50,4406.54,4403.14,4406.23,0.00,0.00,0.0,BEARISH,340.0,4406.19,4406.19,4406.19,4406.19,21,CLEARED_>=20s,1.0,0.0,0.0,0.0,0.0,0.0,0.0,PASS_<20%,0.00,0.0,NO,STANDBY_VEL_LOW,1,1321.86,3268.14,132.45,FALSE,M1_DIRECTION_MISMATCH
2026-09-07 20:21:22.333,1788812482.333,8271,15,66,4406.19,4406.27,8.0,PASS_<=10c,+0.0,FLAT,+0.0,+69.0,4.2,+0.00,0.00,SLOW,4405.50,4406.54,4403.14,4406.23,0.00,0.00,0.0,BEARISH,340.0,4406.19,4406.19,4406.19,4406.19,22,CLEARED_>=20s,1.0,0.0,0.0,0.0,0.0,0.0,0.0,PASS_<20%,0.00,0.0,NO,STANDBY_VEL_LOW,1,1321.86,3268.14,132.45,FALSE,M1_DIRECTION_MISMATCH
2026-09-07 20:21:22.833,1788812482.834,8272,16,67,4406.19,4406.27,8.0,PASS_<=10c,+0.0,FLAT,+0.0,+69.0,4.2,+0.00,0.00,SLOW,4405.50,4406.54,4403.14,4406.23,0.00,0.00,0.0,BEARISH,340.0,4406.19,4406.19,4406.19,4406.19,22,CLEARED_>=20s,1.0,0.0,0.0,0.0,0.0,0.0,0.0,PASS_<20%,0.00,0.0,NO,STANDBY_VEL_LOW,1,1321.86,3268.14,132.45,FALSE,M1_DIRECTION_MISMATCH
2026-09-07 20:21:23.335,1788812483.336,8273,17,68,4406.19,4406.27,8.0,PASS_<=10c,+0.0,FLAT,+0.0,+69.0,4.2,+0.00,0.00,SLOW,4405.50,4406.54,4403.14,4406.23,0.00,0.00,0.0,BEARISH,340.0,4406.19,4406.19,4406.19,4406.19,23,CLEARED_>=20s,1.0,0.0,0.0,0.0,0.0,0.0,0.0,PASS_<20%,0.00,0.0,NO,STANDBY_VEL_LOW,1,1321.86,3268.14,132.45,FALSE,M1_DIRECTION_MISMATCH
2026-09-07 20:21:23.837,1788812483.837,8274,18,69,4406.19,4406.27,8.0,PASS_<=10c,+0.0,FLAT,+0.0,+69.0,4.2,+0.00,0.00,SLOW,4405.50,4406.54,4403.14,4406.23,0.00,0.00,0.0,BEARISH,340.0,4406.19,4406.19,4406.19,4406.19,23,CLEARED_>=20s,1.0,0.0,0.0,0.0,0.0,0.0,0.0,PASS_<20%,0.00,0.0,NO,STANDBY_VEL_LOW,1,1321.86,3268.14,132.45,FALSE,M1_DIRECTION_MISMATCH
2026-09-07 20:21:34.216,1788812494.217,8275,19,70,4406.19,4406.27,8.0,PASS_<=10c,+0.0,FLAT,+0.0,+69.0,1.3,+0.00,0.00,SLOW,4405.50,4406.54,4403.14,4406.23,0.00,0.00,0.0,BEARISH,340.0,4406.19,4406.19,4406.19,4406.19,34,CLEARED_>=20s,1.0,0.0,0.0,0.0,0.0,0.0,0.0,PASS_<20%,0.00,0.0,NO,STANDBY_VEL_LOW,1,1321.86,3268.14,132.45,FALSE,M1_DIRECTION_MISMATCH
2026-09-07 20:21:40.440,1788812500.440,8276,20,71,4406.19,4406.27,8.0,PASS_<=10c,+0.0,FLAT,+0.0,+69.0,1.8,+0.00,0.00,SLOW,4405.50,4406.54,4403.14,4406.23,0.00,0.00,0.0,BEARISH,340.0,4406.19,4406.19,4406.19,4406.19,40,CLEARED_>=20s,1.0,0.0,0.0,0.0,0.0,0.0,0.0,PASS_<20%,0.00,0.0,NO,STANDBY_VEL_LOW,1,1321.86,3268.14,132.45,FALSE,M1_DIRECTION_MISMATCH
2026-09-07 20:21:40.795,1788812500.796,8277,21,72,4406.19,4406.27,8.0,PASS_<=10c,+0.0,FLAT,+0.0,+69.0,2.7,+0.00,0.00,SLOW,4405.50,4406.54,4403.14,4406.23,0.00,0.00,0.0,BEARISH,340.0,4406.19,4406.19,4406.19,4406.19,40,CLEARED_>=20s,1.0,0.0,0.0,0.0,0.0,0.0,0.0,PASS_<20%,0.00,0.0,NO,STANDBY_VEL_LOW,1,1321.86,3268.14,132.45,FALSE,M1_DIRECTION_MISMATCH
2026-09-07 20:21:41.298,1788812501.298,8278,22,73,4406.19,4406.27,8.0,PASS_<=10c,+0.0,FLAT,+0.0,+69.0,3.1,+0.00,0.00,SLOW,4405.50,4406.54,4403.14,4406.23,0.00,0.00,0.0,BEARISH,340.0,4406.19,4406.19,4406.19,4406.19,41,CLEARED_>=20s,1.0,0.0,0.0,0.0,0.0,0.0,0.0,PASS_<20%,0.00,0.0,NO,STANDBY_VEL_LOW,1,1321.86,3268.14,132.45,FALSE,M1_DIRECTION_MISMATCH
2026-09-07 20:21:41.799,1788812501.800,8279,23,74,4406.19,4406.27,8.0,PASS_<=10c,+0.0,FLAT,+0.0,+69.0,3.2,+0.00,0.00,SLOW,4405.50,4406.54,4403.14,4406.23,0.00,0.00,0.0,BEARISH,340.0,4406.19,4406.19,4406.19,4406.19,41,CLEARED_>=20s,1.0,0.0,0.0,0.0,0.0,0.0,0.0,PASS_<20%,0.00,0.0,NO,STANDBY_VEL_LOW,1,1321.86,3268.14,132.45,FALSE,M1_DIRECTION_MISMATCH
2026-09-07 20:21:42.301,1788812502.301,8280,24,75,4406.19,4406.27,8.0,PASS_<=10c,+0.0,FLAT,+0.0,+69.0,3.4,+0.00,0.00,SLOW,4405.50,4406.54,4403.14,4406.23,0.00,0.00,0.0,BEARISH,340.0,4406.19,4406.19,4406.19,4406.19,42,CLEARED_>=20s,1.0,0.0,0.0,0.0,0.0,0.0,0.0,PASS_<20%,0.00,0.0,NO,STANDBY_VEL_LOW,1,1321.86,3268.14,132.45,FALSE,M1_DIRECTION_MISMATCH
2026-09-07 20:21:42.804,1788812502.804,8281,25,76,4406.19,4406.27,8.0,PASS_<=10c,+0.0,FLAT,+0.0,+69.0,3.5,+0.00,0.00,SLOW,4405.50,4406.54,4403.14,4406.23,0.00,0.00,0.0,BEARISH,340.0,4406.19,4406.19,4406.19,4406.19,42,CLEARED_>=20s,1.0,0.0,0.0,0.0,0.0,0.0,0.0,PASS_<20%,0.00,0.0,NO,STANDBY_VEL_LOW,1,1321.86,3268.14,132.45,FALSE,M1_DIRECTION_MISMATCH
2026-09-07 20:21:43.304,1788812503.304,8282,26,77,4406.19,4406.27,8.0,PASS_<=10c,+0.0,FLAT,+0.0,+69.0,3.5,+0.00,0.00,SLOW,4405.50,4406.54,4403.14,4406.23,0.00,0.00,0.0,BEARISH,340.0,4406.19,4406.19,4406.19,4406.19,43,CLEARED_>=20s,1.0,0.0,0.0,0.0,0.0,0.0,0.0,PASS_<20%,0.00,0.0,NO,STANDBY_VEL_LOW,1,1321.86,3268.14,132.45,FALSE,M1_DIRECTION_MISMATCH
2026-09-07 20:21:43.805,1788812503.806,8283,27,78,4406.19,4406.27,8.0,PASS_<=10c,+0.0,FLAT,+0.0,+69.0,3.6,+0.00,0.00,SLOW,4405.50,4406.54,4403.14,4406.23,0.00,0.00,0.0,BEARISH,340.0,4406.19,4406.19,4406.19,4406.19,43,CLEARED_>=20s,1.0,0.0,0.0,0.0,0.0,0.0,0.0,PASS_<20%,0.00,0.0,NO,STANDBY_VEL_LOW,1,1321.86,3268.14,132.45,FALSE,M1_DIRECTION_MISMATCH
2026-09-07 20:21:44.306,1788812504.307,8284,28,79,4406.19,4406.27,8.0,PASS_<=10c,+0.0,FLAT,+0.0,+69.0,3.6,+0.00,0.00,SLOW,4405.50,4406.54,4403.14,4406.23,0.00,0.00,0.0,BEARISH,340.0,4406.19,4406.19,4406.19,4406.19,44,CLEARED_>=20s,1.0,0.0,0.0,0.0,0.0,0.0,0.0,PASS_<20%,0.00,0.0,NO,STANDBY_VEL_LOW,1,1321.86,3268.14,132.45,FALSE,M1_DIRECTION_MISMATCH
2026-09-07 20:21:44.808,1788812504.808,8285,29,80,4406.19,4406.27,8.0,PASS_<=10c,+0.0,FLAT,+0.0,+69.0,4.4,+0.00,0.00,SLOW,4405.50,4406.54,4403.14,4406.23,0.00,0.00,0.0,BEARISH,340.0,4406.19,4406.19,4406.19,4406.19,44,CLEARED_>=20s,1.0,0.0,0.0,0.0,0.0,0.0,0.0,PASS_<20%,0.00,0.0,NO,STANDBY_VEL_LOW,1,1321.86,3268.14,132.45,FALSE,M1_DIRECTION_MISMATCH
2026-09-07 20:21:45.309,1788812505.310,8286,30,81,4406.19,4406.27,8.0,PASS_<=10c,+0.0,FLAT,+0.0,+69.0,4.3,+0.00,0.00,SLOW,4405.50,4406.54,4403.14,4406.23,0.00,0.00,0.0,BEARISH,340.0,4406.19,4406.19,4406.19,4406.19,45,CLEARED_>=20s,1.0,0.0,0.0,0.0,0.0,0.0,0.0,PASS_<20%,0.00,0.0,NO,STANDBY_VEL_LOW,1,1321.86,3268.14,132.45,FALSE,M1_DIRECTION_MISMATCH
2026-09-07 20:21:45.810,1788812505.811,8287,31,82,4406.19,4406.27,8.0,PASS_<=10c,+0.0,FLAT,+0.0,+69.0,4.2,+0.00,0.00,SLOW,4405.50,4406.54,4403.14,4406.23,0.00,0.00,0.0,BEARISH,340.0,4406.19,4406.19,4406.19,4406.19,45,CLEARED_>=20s,1.0,0.0,0.0,0.0,0.0,0.0,0.0,PASS_<20%,0.00,0.0,NO,STANDBY_VEL_LOW,1,1321.86,3268.14,132.45,FALSE,M1_DIRECTION_MISMATCH
2026-09-07 20:21:46.312,1788812506.313,8288,32,83,4406.19,4406.27,8.0,PASS_<=10c,+0.0,FLAT,+0.0,+69.0,4.2,+0.00,0.00,SLOW,4405.50,4406.54,4403.14,4406.23,0.00,0.00,0.0,BEARISH,340.0,4406.19,4406.19,4406.19,4406.19,46,CLEARED_>=20s,1.0,0.0,0.0,0.0,0.0,0.0,0.0,PASS_<20%,0.00,0.0,NO,STANDBY_VEL_LOW,1,1321.86,3268.14,132.45,FALSE,M1_DIRECTION_MISMATCH
2026-09-07 20:21:46.815,1788812506.816,8289,33,84,4406.19,4406.27,8.0,PASS_<=10c,+0.0,FLAT,+0.0,+69.0,4.2,+0.00,0.00,SLOW,4405.50,4406.54,4403.14,4406.23,0.00,0.00,0.0,BEARISH,340.0,4406.19,4406.19,4406.19,4406.19,46,CLEARED_>=20s,1.0,0.0,0.0,0.0,0.0,0.0,0.0,PASS_<20%,0.00,0.0,NO,STANDBY_VEL_LOW,1,1321.86,3268.14,132.45,FALSE,M1_DIRECTION_MISMATCH
2026-09-07 20:21:47.316,1788812507.316,8290,34,85,4406.19,4406.27,8.0,PASS_<=10c,+0.0,FLAT,+0.0,+69.0,4.2,+0.00,0.00,SLOW,4405.50,4406.54,4403.14,4406.23,0.00,0.00,0.0,BEARISH,340.0,4406.19,4406.19,4406.19,4406.19,47,CLEARED_>=20s,1.0,0.0,0.0,0.0,0.0,0.0,0.0,PASS_<20%,0.00,0.0,NO,STANDBY_VEL_LOW,1,1321.86,3268.14,132.45,FALSE,M1_DIRECTION_MISMATCH
2026-09-07 20:21:47.818,1788812507.819,8291,35,86,4406.19,4406.27,8.0,PASS_<=10c,+0.0,FLAT,+0.0,+69.0,4.2,+0.00,0.00,SLOW,4405.50,4406.54,4403.14,4406.23,0.00,0.00,0.0,BEARISH,340.0,4406.19,4406.19,4406.19,4406.19,47,CLEARED_>=20s,1.0,0.0,0.0,0.0,0.0,0.0,0.0,PASS_<20%,0.00,0.0,NO,STANDBY_VEL_LOW,1,1321.86,3268.14,132.45,FALSE,M1_DIRECTION_MISMATCH
2026-09-07 20:21:48.319,1788812508.319,8292,36,87,4406.19,4406.27,8.0,PASS_<=10c,+0.0,FLAT,+0.0,+69.0,4.2,+0.00,0.00,SLOW,4405.50,4406.54,4403.14,4406.23,0.00,0.00,0.0,BEARISH,340.0,4406.19,4406.19,4406.19,4406.19,48,CLEARED_>=20s,1.0,0.0,0.0,0.0,0.0,0.0,0.0,PASS_<20%,0.00,0.0,NO,STANDBY_VEL_LOW,1,1321.86,3268.14,132.45,FALSE,M1_DIRECTION_MISMATCH
2026-09-07 20:21:58.699,1788812518.700,8293,37,88,4406.19,4406.27,8.0,PASS_<=10c,+0.0,FLAT,+0.0,+69.0,1.3,+0.00,0.00,SLOW,4405.50,4406.54,4403.14,4406.23,0.00,0.00,0.0,BEARISH,340.0,4406.19,4406.19,4406.19,4406.19,58,CLEARED_>=20s,1.0,0.0,0.0,0.0,0.0,0.0,0.0,PASS_<20%,0.00,0.0,NO,STANDBY_VEL_LOW,1,1321.86,3268.14,132.45,FALSE,M1_DIRECTION_MISMATCH
2026-09-07 20:22:05.325,1788812525.325,8294,1,89,4406.19,4406.27,8.0,PASS_<=10c,+0.0,FLAT,+0.0,+69.0,1.3,+0.00,0.00,SLOW,4405.50,4406.54,4403.14,4406.23,0.00,0.00,0.0,BEARISH,340.0,4406.19,4406.19,4406.19,4406.19,5,ACTIVE_5s,1.0,0.0,0.0,0.0,0.0,0.0,0.0,PASS_<20%,0.00,0.0,NO,STANDBY_VEL_LOW,1,1321.86,3268.14,132.45,FALSE,M1_DIRECTION_MISMATCH|OPENING_SHIELD_ACTIVE_5s
2026-09-07 20:22:05.682,1788812525.682,8295,2,90,4406.19,4406.27,8.0,PASS_<=10c,+0.0,FLAT,+0.0,+69.0,2.1,+0.00,0.00,SLOW,4405.50,4406.54,4403.14,4406.23,0.00,0.00,0.0,BEARISH,340.0,4406.19,4406.19,4406.19,4406.19,5,ACTIVE_5s,1.0,0.0,0.0,0.0,0.0,0.0,0.0,PASS_<20%,0.00,0.0,NO,STANDBY_VEL_LOW,1,1321.86,3268.14,132.45,FALSE,M1_DIRECTION_MISMATCH|OPENING_SHIELD_ACTIVE_5s
2026-09-07 20:22:06.185,1788812526.185,8296,3,91,4406.19,4406.27,8.0,PASS_<=10c,+0.0,FLAT,+0.0,+69.0,2.5,+0.00,0.00,SLOW,4405.50,4406.54,4403.14,4406.23,0.00,0.00,0.0,BEARISH,340.0,4406.19,4406.19,4406.19,4406.19,6,ACTIVE_6s,1.0,0.0,0.0,0.0,0.0,0.0,0.0,PASS_<20%,0.00,0.0,NO,STANDBY_VEL_LOW,1,1321.86,3268.14,132.45,FALSE,M1_DIRECTION_MISMATCH|OPENING_SHIELD_ACTIVE_6s
2026-09-07 20:22:06.685,1788812526.686,8297,4,92,4406.19,4406.27,8.0,PASS_<=10c,+0.0,FLAT,+0.0,+69.0,2.8,+0.00,0.00,SLOW,4405.50,4406.54,4403.14,4406.23,0.00,0.00,0.0,BEARISH,340.0,4406.19,4406.19,4406.19,4406.19,6,ACTIVE_6s,1.0,0.0,0.0,0.0,0.0,0.0,0.0,PASS_<20%,0.00,0.0,NO,STANDBY_VEL_LOW,1,1321.86,3268.14,132.45,FALSE,M1_DIRECTION_MISMATCH|OPENING_SHIELD_ACTIVE_6s
2026-09-07 20:22:07.187,1788812527.188,8298,5,93,4406.19,4406.27,8.0,PASS_<=10c,+0.0,FLAT,+0.0,+69.0,3.0,+0.00,0.00,SLOW,4405.50,4406.54,4403.14,4406.23,0.00,0.00,0.0,BEARISH,340.0,4406.19,4406.19,4406.19,4406.19,7,ACTIVE_7s,1.0,0.0,0.0,0.0,0.0,0.0,0.0,PASS_<20%,0.00,0.0,NO,STANDBY_VEL_LOW,1,1321.86,3268.14,132.45,FALSE,M1_DIRECTION_MISMATCH|OPENING_SHIELD_ACTIVE_7s
2026-09-07 20:22:07.689,1788812527.689,8299,6,94,4406.19,4406.27,8.0,PASS_<=10c,+0.0,FLAT,+0.0,+69.0,3.1,+0.00,0.00,SLOW,4405.50,4406.54,4403.14,4406.23,0.00,0.00,0.0,BEARISH,340.0,4406.19,4406.19,4406.19,4406.19,7,ACTIVE_7s,1.0,0.0,0.0,0.0,0.0,0.0,0.0,PASS_<20%,0.00,0.0,NO,STANDBY_VEL_LOW,1,1321.86,3268.14,132.45,FALSE,M1_DIRECTION_MISMATCH|OPENING_SHIELD_ACTIVE_7s
2026-09-07 20:22:08.190,1788812528.191,8300,7,95,4406.19,4406.27,8.0,PASS_<=10c,+0.0,FLAT,+0.0,+69.0,3.2,+0.00,0.00,SLOW,4405.50,4406.54,4403.14,4406.23,0.00,0.00,0.0,BEARISH,340.0,4406.19,4406.19,4406.19,4406.19,8,ACTIVE_8s,1.0,0.0,0.0,0.0,0.0,0.0,0.0,PASS_<20%,0.00,0.0,NO,STANDBY_VEL_LOW,1,1321.86,3268.14,132.45,FALSE,M1_DIRECTION_MISMATCH|OPENING_SHIELD_ACTIVE_8s
2026-09-07 20:22:08.692,1788812528.692,8301,8,96,4406.19,4406.27,8.0,PASS_<=10c,+0.0,FLAT,+0.0,+69.0,3.3,+0.00,0.00,SLOW,4405.50,4406.54,4403.14,4406.23,0.00,0.00,0.0,BEARISH,340.0,4406.19,4406.19,4406.19,4406.19,8,ACTIVE_8s,1.0,0.0,0.0,0.0,0.0,0.0,0.0,PASS_<20%,0.00,0.0,NO,STANDBY_VEL_LOW,1,1321.86,3268.14,132.45,FALSE,M1_DIRECTION_MISMATCH|OPENING_SHIELD_ACTIVE_8s
2026-09-07 20:22:09.195,1788812529.196,8302,9,97,4406.19,4406.27,8.0,PASS_<=10c,+0.0,FLAT,+0.0,+69.0,4.4,+0.00,0.00,SLOW,4405.50,4406.54,4403.14,4406.23,0.00,0.00,0.0,BEARISH,340.0,4406.19,4406.19,4406.19,4406.19,9,ACTIVE_9s,1.0,0.0,0.0,0.0,0.0,0.0,0.0,PASS_<20%,0.00,0.0,NO,STANDBY_VEL_LOW,1,1321.86,3268.14,132.45,FALSE,M1_DIRECTION_MISMATCH|OPENING_SHIELD_ACTIVE_9s
2026-09-07 20:22:09.695,1788812529.696,8303,10,98,4406.19,4406.27,8.0,PASS_<=10c,+0.0,FLAT,+0.0,+69.0,4.3,+0.00,0.00,SLOW,4405.50,4406.54,4403.14,4406.23,0.00,0.00,0.0,BEARISH,340.0,4406.19,4406.19,4406.19,4406.19,9,ACTIVE_9s,1.0,0.0,0.0,0.0,0.0,0.0,0.0,PASS_<20%,0.00,0.0,NO,STANDBY_VEL_LOW,1,1321.86,3268.14,132.45,FALSE,M1_DIRECTION_MISMATCH|OPENING_SHIELD_ACTIVE_9s
2026-09-07 20:22:10.198,1788812530.198,8304,11,99,4406.19,4406.27,8.0,PASS_<=10c,+0.0,FLAT,+0.0,+69.0,4.3,+0.00,0.00,SLOW,4405.50,4406.54,4403.14,4406.23,0.00,0.00,0.0,BEARISH,340.0,4406.19,4406.19,4406.19,4406.19,10,ACTIVE_10s,1.0,0.0,0.0,0.0,0.0,0.0,0.0,PASS_<20%,0.00,0.0,NO,STANDBY_VEL_LOW,1,1321.86,3268.14,132.45,FALSE,M1_DIRECTION_MISMATCH|OPENING_SHIELD_ACTIVE_10s
2026-09-07 20:22:10.700,1788812530.700,8305,12,100,4406.19,4406.27,8.0,PASS_<=10c,+0.0,FLAT,+0.0,+69.0,4.2,+0.00,0.00,SLOW,4405.50,4406.54,4403.14,4406.23,0.00,0.00,0.0,BEARISH,340.0,4406.19,4406.19,4406.19,4406.19,10,ACTIVE_10s,1.0,0.0,0.0,0.0,0.0,0.0,0.0,PASS_<20%,0.00,0.0,NO,STANDBY_VEL_LOW,1,1321.86,3268.14,132.45,FALSE,M1_DIRECTION_MISMATCH|OPENING_SHIELD_ACTIVE_10s
2026-09-07 20:22:11.201,1788812531.202,8306,13,101,4406.19,4406.27,8.0,PASS_<=10c,+0.0,FLAT,+0.0,+69.0,4.2,+0.00,0.00,SLOW,4405.50,4406.54,4403.14,4406.23,0.00,0.00,0.0,BEARISH,340.0,4406.19,4406.19,4406.19,4406.19,11,ACTIVE_11s,1.0,0.0,0.0,0.0,0.0,0.0,0.0,PASS_<20%,0.00,0.0,NO,STANDBY_VEL_LOW,1,1321.86,3268.14,132.45,FALSE,M1_DIRECTION_MISMATCH|OPENING_SHIELD_ACTIVE_11s
2026-09-07 20:22:11.704,1788812531.704,8307,14,102,4406.19,4406.27,8.0,PASS_<=10c,+0.0,FLAT,+0.0,+69.0,4.2,+0.00,0.00,SLOW,4405.50,4406.54,4403.14,4406.23,0.00,0.00,0.0,BEARISH,340.0,4406.19,4406.19,4406.19,4406.19,11,ACTIVE_11s,1.0,0.0,0.0,0.0,0.0,0.0,0.0,PASS_<20%,0.00,0.0,NO,STANDBY_VEL_LOW,1,1321.86,3268.14,132.45,FALSE,M1_DIRECTION_MISMATCH|OPENING_SHIELD_ACTIVE_11s
2026-09-07 20:22:12.206,1788812532.207,8308,15,103,4406.19,4406.27,8.0,PASS_<=10c,+0.0,FLAT,+0.0,+69.0,4.2,+0.00,0.00,SLOW,4405.50,4406.54,4403.14,4406.23,0.00,0.00,0.0,BEARISH,340.0,4406.19,4406.19,4406.19,4406.19,12,ACTIVE_12s,1.0,0.0,0.0,0.0,0.0,0.0,0.0,PASS_<20%,0.00,0.0,NO,STANDBY_VEL_LOW,1,1321.86,3268.14,132.45,FALSE,M1_DIRECTION_MISMATCH|OPENING_SHIELD_ACTIVE_12s
2026-09-07 20:22:12.707,1788812532.707,8309,16,104,4406.19,4406.27,8.0,PASS_<=10c,+0.0,FLAT,+0.0,+69.0,4.2,+0.00,0.00,SLOW,4405.50,4406.54,4403.14,4406.23,0.00,0.00,0.0,BEARISH,340.0,4406.19,4406.19,4406.19,4406.19,12,ACTIVE_12s,1.0,0.0,0.0,0.0,0.0,0.0,0.0,PASS_<20%,0.00,0.0,NO,STANDBY_VEL_LOW,1,1321.86,3268.14,132.45,FALSE,M1_DIRECTION_MISMATCH|OPENING_SHIELD_ACTIVE_12s
2026-09-07 20:22:13.209,1788812533.210,8310,17,105,4406.19,4406.27,8.0,PASS_<=10c,+0.0,FLAT,+0.0,+69.0,4.2,+0.00,0.00,SLOW,4405.50,4406.54,4403.14,4406.23,0.00,0.00,0.0,BEARISH,340.0,4406.19,4406.19,4406.19,4406.19,13,ACTIVE_13s,1.0,0.0,0.0,0.0,0.0,0.0,0.0,PASS_<20%,0.00,0.0,NO,STANDBY_VEL_LOW,1,1321.86,3268.14,132.45,FALSE,M1_DIRECTION_MISMATCH|OPENING_SHIELD_ACTIVE_13s
2026-09-07 20:22:23.597,1788812543.598,8311,18,106,4406.19,4406.27,8.0,PASS_<=10c,+0.0,FLAT,+0.0,+69.0,1.3,+0.00,0.00,SLOW,4405.50,4406.54,4403.14,4406.23,0.00,0.00,0.0,BEARISH,340.0,4406.19,4406.19,4406.19,4406.19,23,CLEARED_>=20s,1.0,0.0,0.0,0.0,0.0,0.0,0.0,PASS_<20%,0.00,0.0,NO,STANDBY_VEL_LOW,1,1321.86,3268.14,132.45,FALSE,M1_DIRECTION_MISMATCH
2026-09-07 20:22:29.623,1788812549.623,8312,19,107,4406.19,4406.27,8.0,PASS_<=10c,+0.0,FLAT,+0.0,+69.0,2.0,+0.00,0.00,SLOW,4405.50,4406.54,4403.14,4406.23,0.00,0.00,0.0,BEARISH,340.0,4406.19,4406.19,4406.19,4406.19,29,CLEARED_>=20s,1.0,0.0,0.0,0.0,0.0,0.0,0.0,PASS_<20%,0.00,0.0,NO,STANDBY_VEL_LOW,1,1321.86,3268.14,132.45,FALSE,M1_DIRECTION_MISMATCH
2026-09-07 20:22:29.979,1788812549.980,8313,20,108,4406.19,4406.27,8.0,PASS_<=10c,+0.0,FLAT,+0.0,+69.0,3.2,+0.00,0.00,SLOW,4405.50,4406.54,4403.14,4406.23,0.00,0.00,0.0,BEARISH,340.0,4406.19,4406.19,4406.19,4406.19,29,CLEARED_>=20s,1.0,0.0,0.0,0.0,0.0,0.0,0.0,PASS_<20%,0.00,0.0,NO,STANDBY_VEL_LOW,1,1321.86,3268.14,132.45,FALSE,M1_DIRECTION_MISMATCH
2026-09-07 20:22:30.482,1788812550.483,8314,21,109,4406.19,4406.27,8.0,PASS_<=10c,+0.0,FLAT,+0.0,+69.0,3.4,+0.00,0.00,SLOW,4405.50,4406.54,4403.14,4406.23,0.00,0.00,0.0,BEARISH,340.0,4406.19,4406.19,4406.19,4406.19,30,CLEARED_>=20s,1.0,0.0,0.0,0.0,0.0,0.0,0.0,PASS_<20%,0.00,0.0,NO,STANDBY_VEL_LOW,1,1321.86,3268.14,132.45,FALSE,M1_DIRECTION_MISMATCH
2026-09-07 20:22:30.984,1788812550.985,8315,22,110,4406.19,4406.27,8.0,PASS_<=10c,+0.0,FLAT,+0.0,+69.0,3.5,+0.00,0.00,SLOW,4405.50,4406.54,4403.14,4406.23,0.00,0.00,0.0,BEARISH,340.0,4406.19,4406.19,4406.19,4406.19,30,CLEARED_>=20s,1.0,0.0,0.0,0.0,0.0,0.0,0.0,PASS_<20%,0.00,0.0,NO,STANDBY_VEL_LOW,1,1321.86,3268.14,132.45,FALSE,M1_DIRECTION_MISMATCH
2026-09-07 20:22:31.486,1788812551.487,8316,23,111,4406.19,4406.27,8.0,PASS_<=10c,+0.0,FLAT,+0.0,+69.0,3.6,+0.00,0.00,SLOW,4405.50,4406.54,4403.14,4406.23,0.00,0.00,0.0,BEARISH,340.0,4406.19,4406.19,4406.19,4406.19,31,CLEARED_>=20s,1.0,0.0,0.0,0.0,0.0,0.0,0.0,PASS_<20%,0.00,0.0,NO,STANDBY_VEL_LOW,1,1321.86,3268.14,132.45,FALSE,M1_DIRECTION_MISMATCH
2026-09-07 20:22:31.987,1788812551.988,8317,24,112,4406.19,4406.27,8.0,PASS_<=10c,+0.0,FLAT,+0.0,+69.0,3.7,+0.00,0.00,SLOW,4405.50,4406.54,4403.14,4406.23,0.00,0.00,0.0,BEARISH,340.0,4406.19,4406.19,4406.19,4406.19,31,CLEARED_>=20s,1.0,0.0,0.0,0.0,0.0,0.0,0.0,PASS_<20%,0.00,0.0,NO,STANDBY_VEL_LOW,1,1321.86,3268.14,132.45,FALSE,M1_DIRECTION_MISMATCH
2026-09-07 20:22:32.490,1788812552.491,8318,25,113,4406.19,4406.27,8.0,PASS_<=10c,+0.0,FLAT,+0.0,+69.0,3.7,+0.00,0.00,SLOW,4405.50,4406.54,4403.14,4406.23,0.00,0.00,0.0,BEARISH,340.0,4406.19,4406.19,4406.19,4406.19,32,CLEARED_>=20s,1.0,0.0,0.0,0.0,0.0,0.0,0.0,PASS_<20%,0.00,0.0,NO,STANDBY_VEL_LOW,1,1321.86,3268.14,132.45,FALSE,M1_DIRECTION_MISMATCH
2026-09-07 20:22:32.991,1788812552.992,8319,26,114,4406.19,4406.27,8.0,PASS_<=10c,+0.0,FLAT,+0.0,+69.0,3.7,+0.00,0.00,SLOW,4405.50,4406.54,4403.14,4406.23,0.00,0.00,0.0,BEARISH,340.0,4406.19,4406.19,4406.19,4406.19,32,CLEARED_>=20s,1.0,0.0,0.0,0.0,0.0,0.0,0.0,PASS_<20%,0.00,0.0,NO,STANDBY_VEL_LOW,1,1321.86,3268.14,132.45,FALSE,M1_DIRECTION_MISMATCH
2026-09-07 20:22:33.493,1788812553.493,8320,27,115,4406.19,4406.27,8.0,PASS_<=10c,+0.0,FLAT,+0.0,+69.0,3.8,+0.00,0.00,SLOW,4405.50,4406.54,4403.14,4406.23,0.00,0.00,0.0,BEARISH,340.0,4406.19,4406.19,4406.19,4406.19,33,CLEARED_>=20s,1.0,0.0,0.0,0.0,0.0,0.0,0.0,PASS_<20%,0.00,0.0,NO,STANDBY_VEL_LOW,1,1321.86,3268.14,132.45,FALSE,M1_DIRECTION_MISMATCH
2026-09-07 20:22:33.994,1788812553.995,8321,28,116,4406.19,4406.27,8.0,PASS_<=10c,+0.0,FLAT,+0.0,+69.0,4.3,+0.00,0.00,SLOW,4405.50,4406.54,4403.14,4406.23,0.00,0.00,0.0,BEARISH,340.0,4406.19,4406.19,4406.19,4406.19,33,CLEARED_>=20s,1.0,0.0,0.0,0.0,0.0,0.0,0.0,PASS_<20%,0.00,0.0,NO,STANDBY_VEL_LOW,1,1321.86,3268.14,132.45,FALSE,M1_DIRECTION_MISMATCH
2026-09-07 20:22:34.496,1788812554.496,8322,29,117,4406.19,4406.27,8.0,PASS_<=10c,+0.0,FLAT,+0.0,+69.0,4.3,+0.00,0.00,SLOW,4405.50,4406.54,4403.14,4406.23,0.00,0.00,0.0,BEARISH,340.0,4406.19,4406.19,4406.19,4406.19,34,CLEARED_>=20s,1.0,0.0,0.0,0.0,0.0,0.0,0.0,PASS_<20%,0.00,0.0,NO,STANDBY_VEL_LOW,1,1321.86,3268.14,132.45,FALSE,M1_DIRECTION_MISMATCH
2026-09-07 20:22:34.998,1788812554.999,8323,30,118,4406.19,4406.27,8.0,PASS_<=10c,+0.0,FLAT,+0.0,+69.0,4.2,+0.00,0.00,SLOW,4405.50,4406.54,4403.14,4406.23,0.00,0.00,0.0,BEARISH,340.0,4406.19,4406.19,4406.19,4406.19,34,CLEARED_>=20s,1.0,0.0,0.0,0.0,0.0,0.0,0.0,PASS_<20%,0.00,0.0,NO,STANDBY_VEL_LOW,1,1321.86,3268.14,132.45,FALSE,M1_DIRECTION_MISMATCH
2026-09-07 20:22:35.500,1788812555.501,8324,31,119,4406.19,4406.27,8.0,PASS_<=10c,+0.0,FLAT,+0.0,+69.0,4.2,+0.00,0.00,SLOW,4405.50,4406.54,4403.14,4406.23,0.00,0.00,0.0,BEARISH,340.0,4406.19,4406.19,4406.19,4406.19,35,CLEARED_>=20s,1.0,0.0,0.0,0.0,0.0,0.0,0.0,PASS_<20%,0.00,0.0,NO,STANDBY_VEL_LOW,1,1321.86,3268.14,132.45,FALSE,M1_DIRECTION_MISMATCH
2026-09-07 20:22:36.005,1788812556.006,8325,32,120,4406.19,4406.27,8.0,PASS_<=10c,+0.0,FLAT,+0.0,+69.0,4.2,+0.00,0.00,SLOW,4405.50,4406.54,4403.14,4406.23,0.00,0.00,0.0,BEARISH,340.0,4406.19,4406.19,4406.19,4406.19,36,CLEARED_>=20s,1.0,0.0,0.0,0.0,0.0,0.0,0.0,PASS_<20%,0.00,0.0,NO,STANDBY_VEL_LOW,1,1321.86,3268.14,132.45,FALSE,M1_DIRECTION_MISMATCH
2026-09-07 20:22:36.505,1788812556.506,8326,33,121,4406.19,4406.27,8.0,PASS_<=10c,+0.0,FLAT,+0.0,+69.0,4.2,+0.00,0.00,SLOW,4405.50,4406.54,4403.14,4406.23,0.00,0.00,0.0,BEARISH,340.0,4406.19,4406.19,4406.19,4406.19,36,CLEARED_>=20s,1.0,0.0,0.0,0.0,0.0,0.0,0.0,PASS_<20%,0.00,0.0,NO,STANDBY_VEL_LOW,1,1321.86,3268.14,132.45,FALSE,M1_DIRECTION_MISMATCH
2026-09-07 20:22:37.007,1788812557.007,8327,34,122,4406.19,4406.27,8.0,PASS_<=10c,+0.0,FLAT,+0.0,+69.0,4.2,+0.00,0.00,SLOW,4405.50,4406.54,4403.14,4406.23,0.00,0.00,0.0,BEARISH,340.0,4406.19,4406.19,4406.19,4406.19,37,CLEARED_>=20s,1.0,0.0,0.0,0.0,0.0,0.0,0.0,PASS_<20%,0.00,0.0,NO,STANDBY_VEL_LOW,1,1321.86,3268.14,132.45,FALSE,M1_DIRECTION_MISMATCH
2026-09-07 20:22:37.508,1788812557.508,8328,35,123,4406.19,4406.27,8.0,PASS_<=10c,+0.0,FLAT,+0.0,+69.0,4.2,+0.00,0.00,SLOW,4405.50,4406.54,4403.14,4406.23,0.00,0.00,0.0,BEARISH,340.0,4406.19,4406.19,4406.19,4406.19,37,CLEARED_>=20s,1.0,0.0,0.0,0.0,0.0,0.0,0.0,PASS_<20%,0.00,0.0,NO,STANDBY_VEL_LOW,1,1321.86,3268.14,132.45,FALSE,M1_DIRECTION_MISMATCH
2026-09-07 20:22:43.024,1788812563.024,8329,36,124,4406.19,4406.27,8.0,PASS_<=10c,+0.0,FLAT,+0.0,+69.0,1.6,+0.00,0.00,SLOW,4405.50,4406.54,4403.14,4406.23,0.00,0.00,0.0,BEARISH,340.0,4406.19,4406.19,4406.19,4406.19,43,CLEARED_>=20s,1.0,0.0,0.0,0.0,0.0,0.0,0.0,PASS_<20%,0.00,0.0,NO,STANDBY_VEL_LOW,1,1321.86,3268.14,132.45,FALSE,M1_DIRECTION_MISMATCH
2026-09-07 20:22:53.263,1788812573.263,8330,37,125,4406.19,4406.27,8.0,PASS_<=10c,+0.0,FLAT,+0.0,+69.0,1.3,+0.00,0.00,SLOW,4405.50,4406.54,4403.14,4406.23,0.00,0.00,0.0,BEARISH,340.0,4406.19,4406.19,4406.19,4406.19,53,CLEARED_>=20s,1.0,0.0,0.0,0.0,0.0,0.0,0.0,PASS_<20%,0.00,0.0,NO,STANDBY_VEL_LOW,1,1321.86,3268.14,132.45,FALSE,M1_DIRECTION_MISMATCH
2026-09-07 20:22:55.072,1788812575.072,8331,38,126,4406.19,4406.27,8.0,PASS_<=10c,+0.0,FLAT,+0.0,+69.0,1.7,+0.00,0.00,SLOW,4405.50,4406.54,4403.14,4406.23,0.00,0.00,0.0,BEARISH,340.0,4406.19,4406.19,4406.19,4406.19,55,CLEARED_>=20s,1.0,0.0,0.0,0.0,0.0,0.0,0.0,PASS_<20%,0.00,0.0,NO,STANDBY_VEL_LOW,1,1321.86,3268.14,132.45,FALSE,M1_DIRECTION_MISMATCH
2026-09-07 20:22:55.573,1788812575.574,8332,39,127,4406.19,4406.27,8.0,PASS_<=10c,+0.0,FLAT,+0.0,+69.0,2.2,+0.00,0.00,SLOW,4405.50,4406.54,4403.14,4406.23,0.00,0.00,0.0,BEARISH,340.0,4406.19,4406.19,4406.19,4406.19,55,CLEARED_>=20s,1.0,0.0,0.0,0.0,0.0,0.0,0.0,PASS_<20%,0.00,0.0,NO,STANDBY_VEL_LOW,1,1321.86,3268.14,132.45,FALSE,M1_DIRECTION_MISMATCH
2026-09-07 20:22:56.073,1788812576.074,8333,40,128,4406.19,4406.27,8.0,PASS_<=10c,+0.0,FLAT,+0.0,+69.0,2.5,+0.00,0.00,SLOW,4405.50,4406.54,4403.14,4406.23,0.00,0.00,0.0,BEARISH,340.0,4406.19,4406.19,4406.19,4406.19,56,CLEARED_>=20s,1.0,0.0,0.0,0.0,0.0,0.0,0.0,PASS_<20%,0.00,0.0,NO,STANDBY_VEL_LOW,1,1321.86,3268.14,132.45,FALSE,M1_DIRECTION_MISMATCH
2026-09-07 20:22:56.575,1788812576.576,8334,41,129,4406.19,4406.27,8.0,PASS_<=10c,+0.0,FLAT,+0.0,+69.0,2.7,+0.00,0.00,SLOW,4405.50,4406.54,4403.14,4406.23,0.00,0.00,0.0,BEARISH,340.0,4406.19,4406.19,4406.19,4406.19,56,CLEARED_>=20s,1.0,0.0,0.0,0.0,0.0,0.0,0.0,PASS_<20%,0.00,0.0,NO,STANDBY_VEL_LOW,1,1321.86,3268.14,132.45,FALSE,M1_DIRECTION_MISMATCH
2026-09-07 20:22:57.077,1788812577.078,8335,42,130,4406.19,4406.27,8.0,PASS_<=10c,+0.0,FLAT,+0.0,+69.0,2.9,+0.00,0.00,SLOW,4405.50,4406.54,4403.14,4406.23,0.00,0.00,0.0,BEARISH,340.0,4406.19,4406.19,4406.19,4406.19,57,CLEARED_>=20s,1.0,0.0,0.0,0.0,0.0,0.0,0.0,PASS_<20%,0.00,0.0,NO,STANDBY_VEL_LOW,1,1321.86,3268.14,132.45,FALSE,M1_DIRECTION_MISMATCH
2026-09-07 20:22:57.578,1788812577.579,8336,43,131,4406.19,4406.27,8.0,PASS_<=10c,+0.0,FLAT,+0.0,+69.0,3.0,+0.00,0.00,SLOW,4405.50,4406.54,4403.14,4406.23,0.00,0.00,0.0,BEARISH,340.0,4406.19,4406.19,4406.19,4406.19,57,CLEARED_>=20s,1.0,0.0,0.0,0.0,0.0,0.0,0.0,PASS_<20%,0.00,0.0,NO,STANDBY_VEL_LOW,1,1321.86,3268.14,132.45,FALSE,M1_DIRECTION_MISMATCH
2026-09-07 20:22:58.080,1788812578.080,8337,44,132,4406.19,4406.27,8.0,PASS_<=10c,+0.0,FLAT,+0.0,+69.0,3.1,+0.00,0.00,SLOW,4405.50,4406.54,4403.14,4406.23,0.00,0.00,0.0,BEARISH,340.0,4406.19,4406.19,4406.19,4406.19,58,CLEARED_>=20s,1.0,0.0,0.0,0.0,0.0,0.0,0.0,PASS_<20%,0.00,0.0,NO,STANDBY_VEL_LOW,1,1321.86,3268.14,132.45,FALSE,M1_DIRECTION_MISMATCH
2026-09-07 20:22:58.583,1788812578.583,8338,45,133,4406.19,4406.27,8.0,PASS_<=10c,+0.0,FLAT,+0.0,+69.0,4.4,+0.00,0.00,SLOW,4405.50,4406.54,4403.14,4406.23,0.00,0.00,0.0,BEARISH,340.0,4406.19,4406.19,4406.19,4406.19,58,CLEARED_>=20s,1.0,0.0,0.0,0.0,0.0,0.0,0.0,PASS_<20%,0.00,0.0,NO,STANDBY_VEL_LOW,1,1321.86,3268.14,132.45,FALSE,M1_DIRECTION_MISMATCH
2026-09-07 20:22:59.084,1788812579.084,8339,46,134,4406.19,4406.27,8.0,PASS_<=10c,+0.0,FLAT,+0.0,+69.0,4.4,+0.00,0.00,SLOW,4405.50,4406.54,4403.14,4406.23,0.00,0.00,0.0,BEARISH,340.0,4406.19,4406.19,4406.19,4406.19,59,CLEARED_>=20s,1.0,0.0,0.0,0.0,0.0,0.0,0.0,PASS_<20%,0.00,0.0,NO,STANDBY_VEL_LOW,1,1321.86,3268.14,132.45,FALSE,M1_DIRECTION_MISMATCH
2026-09-07 20:22:59.585,1788812579.586,8340,47,135,4406.19,4406.27,8.0,PASS_<=10c,+0.0,FLAT,+0.0,+69.0,4.3,+0.00,0.00,SLOW,4405.50,4406.54,4403.14,4406.23,0.00,0.00,0.0,BEARISH,340.0,4406.19,4406.19,4406.19,4406.19,59,CLEARED_>=20s,1.0,0.0,0.0,0.0,0.0,0.0,0.0,PASS_<20%,0.00,0.0,NO,STANDBY_VEL_LOW,1,1321.86,3268.14,132.45,FALSE,M1_DIRECTION_MISMATCH
2026-09-07 20:23:00.087,1788812580.087,8341,1,136,4406.19,4406.27,8.0,PASS_<=10c,+0.0,FLAT,+0.0,+69.0,4.2,+0.00,0.00,SLOW,4405.50,4406.54,4403.14,4406.23,0.00,0.00,0.0,BEARISH,340.0,4406.19,4406.19,4406.19,4406.19,0,ACTIVE_0s,1.0,0.0,0.0,0.0,0.0,0.0,0.0,PASS_<20%,0.00,0.0,NO,STANDBY_VEL_LOW,1,1321.86,3268.14,132.45,FALSE,M1_DIRECTION_MISMATCH|OPENING_SHIELD_ACTIVE_0s
2026-09-07 20:23:00.589,1788812580.589,8342,2,137,4406.19,4406.27,8.0,PASS_<=10c,+0.0,FLAT,+0.0,+69.0,4.2,+0.00,0.00,SLOW,4405.50,4406.54,4403.14,4406.23,0.00,0.00,0.0,BEARISH,340.0,4406.19,4406.19,4406.19,4406.19,0,ACTIVE_0s,1.0,0.0,0.0,0.0,0.0,0.0,0.0,PASS_<20%,0.00,0.0,NO,STANDBY_VEL_LOW,1,1321.86,3268.14,132.45,FALSE,M1_DIRECTION_MISMATCH|OPENING_SHIELD_ACTIVE_0s
2026-09-07 20:23:01.092,1788812581.092,8343,3,138,4406.19,4406.27,8.0,PASS_<=10c,+0.0,FLAT,+0.0,+69.0,4.2,+0.00,0.00,SLOW,4405.50,4406.54,4403.14,4406.23,0.00,0.00,0.0,BEARISH,340.0,4406.19,4406.19,4406.19,4406.19,1,ACTIVE_1s,1.0,0.0,0.0,0.0,0.0,0.0,0.0,PASS_<20%,0.00,0.0,NO,STANDBY_VEL_LOW,1,1321.86,3268.14,132.45,FALSE,M1_DIRECTION_MISMATCH|OPENING_SHIELD_ACTIVE_1s
2026-09-07 20:23:01.592,1788812581.592,8344,4,139,4406.19,4406.27,8.0,PASS_<=10c,+0.0,FLAT,+0.0,+69.0,4.2,+0.00,0.00,SLOW,4405.50,4406.54,4403.14,4406.23,0.00,0.00,0.0,BEARISH,340.0,4406.19,4406.19,4406.19,4406.19,1,ACTIVE_1s,1.0,0.0,0.0,0.0,0.0,0.0,0.0,PASS_<20%,0.00,0.0,NO,STANDBY_VEL_LOW,1,1321.86,3268.14,132.45,FALSE,M1_DIRECTION_MISMATCH|OPENING_SHIELD_ACTIVE_1s
2026-09-07 20:23:02.093,1788812582.093,8345,5,140,4406.19,4406.27,8.0,PASS_<=10c,+0.0,FLAT,+0.0,+69.0,4.2,+0.00,0.00,SLOW,4405.50,4406.54,4403.14,4406.23,0.00,0.00,0.0,BEARISH,340.0,4406.19,4406.19,4406.19,4406.19,2,ACTIVE_2s,1.0,0.0,0.0,0.0,0.0,0.0,0.0,PASS_<20%,0.00,0.0,NO,STANDBY_VEL_LOW,1,1321.86,3268.14,132.45,FALSE,M1_DIRECTION_MISMATCH|OPENING_SHIELD_ACTIVE_2s
2026-09-07 20:23:02.594,1788812582.594,8346,6,141,4406.19,4406.27,8.0,PASS_<=10c,+0.0,FLAT,+0.0,+69.0,4.2,+0.00,0.00,SLOW,4405.50,4406.54,4403.14,4406.23,0.00,0.00,0.0,BEARISH,340.0,4406.19,4406.19,4406.19,4406.19,2,ACTIVE_2s,1.0,0.0,0.0,0.0,0.0,0.0,0.0,PASS_<20%,0.00,0.0,NO,STANDBY_VEL_LOW,1,1321.86,3268.14,132.45,FALSE,M1_DIRECTION_MISMATCH|OPENING_SHIELD_ACTIVE_2s
2026-09-07 20:23:08.109,1788812588.110,8347,7,142,4406.19,4406.27,8.0,PASS_<=10c,+0.0,FLAT,+0.0,+69.0,1.6,+0.00,0.00,SLOW,4405.50,4406.54,4403.14,4406.23,0.00,0.00,0.0,BEARISH,340.0,4406.19,4406.19,4406.19,4406.19,8,ACTIVE_8s,1.0,0.0,0.0,0.0,0.0,0.0,0.0,PASS_<20%,0.00,0.0,NO,STANDBY_VEL_LOW,1,1321.86,3268.14,132.45,FALSE,M1_DIRECTION_MISMATCH|OPENING_SHIELD_ACTIVE_8s
